{
"metadata": {
    "version": {
        "essentia": "2.1-beta5",
        "essentia_git_sha": "Undefined",
        "extractor": "music 2.0"
    },
    "audio_properties": {
        "analysis": {
            "equal_loudness": 0,
            "length": 12.7477550507,
            "sample_rate": 44100,
            "start_time": 0,
            "downmix": "mix"
        },
        "bit_rate": 192000,
        "length": 164.408889771,
        "lossless": 0,
        "number_channels": 2,
        "replay_gain": -3.25304412842,
        "sample_rate": 48000,
        "codec": "mp3",
        "md5_encoded": "38d8a92b79e1c319a820d23591988776"
    },
    "tags": {
        "file_name": "Finland_Kun Kello Käy_Kristina Hautala.mp3",
        "encoding": ["Lavf58.29.100"]
    }
},
"lowlevel": {
    "average_loudness": 0.680214107037,
    "barkbands_crest": {
        "max": 23.7811717987,
        "mean": 10.0731868744,
        "min": 2.95673584938,
        "stdev": 4.78997755051
    },
    "barkbands_flatness_db": {
        "max": 0.397801876068,
        "mean": 0.218455657363,
        "min": 0.111202254891,
        "stdev": 0.0496717356145
    },
    "barkbands_kurtosis": {
        "max": 39.449131012,
        "mean": 3.96329402924,
        "min": -1.03028011322,
        "stdev": 5.88196611404
    },
    "barkbands_skewness": {
        "max": 5.17153215408,
        "mean": 0.442139923573,
        "min": -1.53376340866,
        "stdev": 1.08453655243
    },
    "barkbands_spread": {
        "max": 25.3314533234,
        "mean": 8.87258243561,
        "min": 0.902584552765,
        "stdev": 4.18386697769
    },
    "dissonance": {
        "max": 0.49998369813,
        "mean": 0.415830492973,
        "min": 0.238799288869,
        "stdev": 0.0696519762278
    },
    "dynamic_complexity": 4.50774288177,
    "erbbands_crest": {
        "max": 29.013299942,
        "mean": 12.5855741501,
        "min": 4.13289070129,
        "stdev": 6.11567735672
    },
    "erbbands_flatness_db": {
        "max": 0.360178411007,
        "mean": 0.277539223433,
        "min": 0.153921708465,
        "stdev": 0.0306126922369
    },
    "erbbands_kurtosis": {
        "max": 35.8712654114,
        "mean": 4.22629594803,
        "min": -1.67653822899,
        "stdev": 6.46703529358
    },
    "erbbands_skewness": {
        "max": 5.04316759109,
        "mean": 1.05390322208,
        "min": -0.841119110584,
        "stdev": 1.23744010925
    },
    "erbbands_spread": {
        "max": 56.9885406494,
        "mean": 13.5030832291,
        "min": 2.44601821899,
        "stdev": 7.9627623558
    },
    "hfc": {
        "max": 58.4263381958,
        "mean": 13.6032047272,
        "min": 0.0186721533537,
        "stdev": 13.6698217392
    },
    "loudness_ebu128": {
        "integrated": -22.1153125763,
        "loudness_range": 10.6457424164,
        "momentary": {
            "max": -17.7642822266,
            "mean": -24.2128810883,
            "min": -31.0090847015,
            "stdev": 4.69135475159
        },
        "short_term": {
            "max": -19.0745010376,
            "mean": -24.3224525452,
            "min": -29.9276580811,
            "stdev": 3.85643339157
        }
    },
    "melbands_crest": {
        "max": 31.124332428,
        "mean": 11.4679536819,
        "min": 3.27162241936,
        "stdev": 5.61150312424
    },
    "melbands_flatness_db": {
        "max": 0.488990157843,
        "mean": 0.247871622443,
        "min": 0.103778198361,
        "stdev": 0.0840988233685
    },
    "melbands_kurtosis": {
        "max": 72.3947525024,
        "mean": 4.86849355698,
        "min": -1.06977701187,
        "stdev": 8.07482624054
    },
    "melbands_skewness": {
        "max": 6.91923427582,
        "mean": 0.638311684132,
        "min": -1.42102468014,
        "stdev": 1.16092813015
    },
    "melbands_spread": {
        "max": 43.6343727112,
        "mean": 15.5163421631,
        "min": 1.11818277836,
        "stdev": 9.0692358017
    },
    "pitch_salience": {
        "max": 0.871478676796,
        "mean": 0.621100366116,
        "min": 0.206819072366,
        "stdev": 0.145051032305
    },
    "silence_rate_20dB": {
        "max": 1,
        "mean": 1,
        "min": 1,
        "stdev": 0
    },
    "silence_rate_30dB": {
        "max": 1,
        "mean": 1,
        "min": 1,
        "stdev": 0
    },
    "silence_rate_60dB": {
        "max": 1,
        "mean": 0.218181818724,
        "min": 0,
        "stdev": 0.413009792566
    },
    "spectral_centroid": {
        "max": 2131.63842773,
        "mean": 1047.44055176,
        "min": 192.925201416,
        "stdev": 559.611877441
    },
    "spectral_complexity": {
        "max": 42,
        "mean": 14.779999733,
        "min": 0,
        "stdev": 10.8842144012
    },
    "spectral_decrease": {
        "max": -3.44091422022e-12,
        "mean": -4.54105597569e-09,
        "min": -2.9426891146e-08,
        "stdev": 5.34274180453e-09
    },
    "spectral_energy": {
        "max": 0.114076383412,
        "mean": 0.0183728542179,
        "min": 1.46803995449e-05,
        "stdev": 0.0210441276431
    },
    "spectral_energyband_high": {
        "max": 0.000677180243656,
        "mean": 6.90180095262e-05,
        "min": 2.73271439255e-07,
        "stdev": 0.000104004677269
    },
    "spectral_energyband_low": {
        "max": 0.0427979528904,
        "mean": 0.0028226620052,
        "min": 2.08843999872e-07,
        "stdev": 0.00651098275557
    },
    "spectral_energyband_middle_high": {
        "max": 0.0335659906268,
        "mean": 0.00561057776213,
        "min": 8.52381617733e-06,
        "stdev": 0.007573380135
    },
    "spectral_energyband_middle_low": {
        "max": 0.0996559336782,
        "mean": 0.0104055861011,
        "min": 6.23269488642e-06,
        "stdev": 0.0159486532211
    },
    "spectral_entropy": {
        "max": 7.91885566711,
        "mean": 6.92125988007,
        "min": 5.31979417801,
        "stdev": 0.62406116724
    },
    "spectral_flux": {
        "max": 0.231942132115,
        "mean": 0.062064230442,
        "min": 0.00383150088601,
        "stdev": 0.042255051434
    },
    "spectral_kurtosis": {
        "max": 47.2698745728,
        "mean": 12.0449838638,
        "min": 2.01485204697,
        "stdev": 7.23995447159
    },
    "spectral_rms": {
        "max": 0.0105495983735,
        "mean": 0.00364030315541,
        "min": 0.000119675984024,
        "stdev": 0.0021616932936
    },
    "spectral_rolloff": {
        "max": 2691.65039062,
        "mean": 1164.75170898,
        "min": 172.265625,
        "stdev": 710.391174316
    },
    "spectral_skewness": {
        "max": 5.59662151337,
        "mean": 2.39065098763,
        "min": 0.889462172985,
        "stdev": 0.79367852211
    },
    "spectral_spread": {
        "max": 16794102,
        "mean": 2384799.25,
        "min": 1399482.625,
        "stdev": 775829.5625
    },
    "spectral_strongpeak": {
        "max": 7.31705904007,
        "mean": 1.13307642937,
        "min": 0.00532925175503,
        "stdev": 0.889602065086
    },
    "zerocrossingrate": {
        "max": 0.17431640625,
        "mean": 0.0438751764596,
        "min": 0.00732421875,
        "stdev": 0.023227058351
    },
    "barkbands": {
        "max": [0.00025724968873, 0.0266326293349, 0.0210878495127, 0.0356565266848, 0.0298754088581, 0.0921471267939, 0.0609843283892, 0.0586972236633, 0.0381053797901, 0.0153717491776, 0.029401788488, 0.00658405432478, 0.00826605688781, 0.00693604303524, 0.010695871897, 0.00537768937647, 0.00255781086162, 0.00496059609577, 0.00115312181879, 0.000404822290875, 0.000403660000302, 0.000271024473477, 4.54826804344e-05, 6.66366249789e-05, 1.708619493e-05, 1.43230809044e-05, 1.5067476852e-05],
        "mean": [2.84416237264e-05, 0.00137550977524, 0.000985735096037, 0.000954287708737, 0.00171113025863, 0.00254304916598, 0.00125139474403, 0.00153268582653, 0.00222052284516, 0.000650392554235, 0.00122223200742, 0.000592428084929, 0.000642245053314, 0.000660099671222, 0.000730983214453, 0.000567788782064, 0.000332119059749, 0.000196915294509, 8.51252843859e-05, 3.99525852117e-05, 2.70778109552e-05, 1.13307460197e-05, 5.00259830005e-06, 5.51499670109e-06, 8.27574467621e-07, 2.66765862733e-08, 2.80576575307e-08],
        "min": [3.42398571718e-08, 7.71148620515e-08, 7.66996350876e-08, 6.83418619474e-08, 4.24505088858e-08, 3.39430421548e-08, 4.24960489909e-07, 8.09998539353e-07, 3.69878580386e-06, 5.5557734413e-07, 3.96943732994e-07, 3.63595177078e-07, 4.8628572813e-07, 5.03285832565e-07, 5.68888253838e-07, 1.42657299307e-07, 1.91825634488e-07, 9.02921541979e-08, 8.28551378618e-08, 8.04782374075e-08, 8.94841605259e-08, 9.051207428e-08, 6.60068000258e-09, 4.8891277693e-09, 1.08159492473e-09, 5.40680243633e-11, 7.35979055477e-11],
        "stdev": [3.43919637089e-05, 0.00331428600475, 0.0026377402246, 0.00355178606696, 0.00389985414222, 0.00779636530206, 0.00452283909544, 0.00452276272699, 0.00394135247916, 0.00174948584754, 0.00332049932331, 0.00105195585638, 0.00117802957539, 0.00116789340973, 0.00124697724823, 0.000880173174664, 0.000520187488291, 0.000449668819783, 0.000135949609103, 6.03624357609e-05, 4.56265770481e-05, 2.29887500609e-05, 7.13040617484e-06, 8.40865322971e-06, 1.21381810914e-06, 6.10156916991e-07, 6.41868041384e-07]
    },
    "erbbands": {
        "max": [0.635480582714, 7.63908815384, 28.6288871765, 64.9757385254, 127.365661621, 105.242446899, 719.674072266, 539.792541504, 214.245666504, 1369.85595703, 689.893676758, 998.251159668, 615.150390625, 650.347229004, 1398.54931641, 330.956970215, 402.069244385, 336.883544922, 348.807891846, 562.215454102, 344.349700928, 164.597122192, 250.700332642, 123.658752441, 30.0906429291, 17.8805732727, 21.157661438, 11.5142621994, 9.16070079803, 3.83522558212, 1.34675455093, 1.50093507767, 0.809629261494, 0.209851861, 0.108151130378, 0.0576439388096, 0.0264348257333, 0.00936965923756, 0.00214139418676, 0.000228945369599],
        "mean": [0.0268181134015, 0.355291306973, 1.20360195637, 2.14949655533, 4.31803512573, 4.85078048706, 17.4791927338, 18.6606578827, 10.9820928574, 41.3399124146, 26.3412399292, 59.2347869873, 22.4372558594, 27.5323677063, 49.8609275818, 26.0102348328, 29.7664794922, 32.9873466492, 36.2324180603, 38.4163513184, 27.1764335632, 18.517080307, 12.246178627, 6.58359336853, 3.01086115837, 1.80158758163, 1.37526869774, 0.849566400051, 0.448373645544, 0.208896994591, 0.138340905309, 0.13210593164, 0.0741445124149, 0.0199958067387, 0.00126925692894, 0.00015607662499, 5.96346835664e-05, 2.02280207304e-05, 1.36920098157e-05, 2.18956429308e-05],
        "min": [2.35753941524e-06, 1.75263921847e-05, 7.56774534239e-05, 0.000180179427844, 0.000219903231482, 0.000107465493784, 4.01802026317e-05, 0.00046053956612, 0.00371599174105, 0.0114257028326, 0.0251370947808, 0.0797148197889, 0.0738633498549, 0.0257043018937, 0.0310608968139, 0.014614449814, 0.022326502949, 0.027023088187, 0.0212771426886, 0.0224552229047, 0.0230070669204, 0.0111759472638, 0.0106533505023, 0.00509798433632, 0.00497797550634, 0.00382155459374, 0.00363162788562, 0.00223371339962, 0.00260533532128, 0.00109035731293, 0.000148008737597, 0.00013050698908, 4.80318376503e-05, 2.0173163648e-05, 4.93444213134e-06, 4.48184181323e-07, 1.70160035395e-07, 7.44966044408e-08, 2.355485762e-08, 1.95843679052e-08],
        "stdev": [0.0557607747614, 0.920466661453, 3.40906214714, 7.20120477676, 13.6693019867, 10.9472370148, 62.1577835083, 52.1229705811, 22.4192752838, 126.30103302, 60.3485031128, 111.103637695, 52.3270797729, 69.8345870972, 136.942321777, 43.688495636, 53.7088851929, 58.0192642212, 62.0453605652, 60.4381523132, 44.1051673889, 28.7871170044, 25.1451301575, 11.8212156296, 4.15487003326, 2.76550197601, 2.26782774925, 1.50850772858, 0.900393366814, 0.370696514845, 0.195912107825, 0.20135191083, 0.110718332231, 0.0262978132814, 0.00469752820209, 0.002454044763, 0.00112572219223, 0.000399037351599, 9.14027550607e-05, 2.53887592407e-05]
    },
    "gfcc": {
        "mean": [-107.604515076, 155.234954834, -167.364196777, 17.1509552002, -63.999042511, 4.72939395905, -30.6034870148, 8.73621177673, 8.32100582123, -13.7986927032, 10.8558187485, -21.9699707031, 8.47199058533],
        "cov": [[5889.91845703, -646.264282227, -1595.10180664, 482.664154053, 463.822296143, 64.5138168335, 127.991546631, -545.027770996, -513.972229004, -652.454528809, -117.577148438, 138.938812256, 250.971908569], [-646.264282227, 1033.29077148, 1227.14221191, -48.7061653137, -4.63463306427, -264.910339355, -45.910068512, 192.902069092, -41.0073165894, -116.354820251, 57.3338928223, -63.5333557129, -17.921163559], [-1595.10180664, 1227.14221191, 2155.84765625, 59.9721374512, -233.895599365, -367.411437988, -178.694412231, 382.171875, 2.54388999939, -94.0767745972, 144.617507935, -70.0266494751, -82.9705429077], [482.664154053, -48.7061653137, 59.9721374512, 256.125213623, 18.1701755524, -41.2737617493, -42.3792648315, -24.9445953369, -66.2139511108, -97.8038711548, 22.6878318787, 30.6705265045, 1.44675445557], [463.822296143, -4.63463306427, -233.895599365, 18.1701755524, 163.643936157, 46.7697143555, 57.4133644104, -63.9129524231, -38.6509857178, -41.4047927856, -36.7923316956, 4.06321954727, 15.8890790939], [64.5138168335, -264.910339355, -367.411437988, -41.2737617493, 46.7697143555, 286.12689209, 67.4951324463, -123.243995667, 8.16244602203, 50.9587593079, -39.8492431641, 37.4526748657, 28.2337322235], [127.991546631, -45.910068512, -178.694412231, -42.3792648315, 57.4133644104, 67.4951324463, 107.468032837, 3.7659163475, 9.8909034729, 19.1502799988, -24.2319374084, -11.4869003296, -1.23826122284], [-545.027770996, 192.902069092, 382.171875, -24.9445953369, -63.9129524231, -123.243995667, 3.7659163475, 237.376556396, 89.1520767212, 48.1172485352, 40.8851089478, -71.2341918945, -57.3201751709], [-513.972229004, -41.0073165894, 2.54388999939, -66.2139511108, -38.6509857178, 8.16244602203, 9.8909034729, 89.1520767212, 121.86038208, 112.717689514, 12.2751121521, -28.6525707245, -37.8442497253], [-652.454528809, -116.354820251, -94.0767745972, -97.8038711548, -41.4047927856, 50.9587593079, 19.1502799988, 48.1172485352, 112.717689514, 171.472259521, 15.1390991211, -10.9222517014, -22.8664531708], [-117.577148438, 57.3338928223, 144.617507935, 22.6878318787, -36.7923316956, -39.8492431641, -24.2319374084, 40.8851089478, 12.2751121521, 15.1390991211, 65.1563491821, 22.3021068573, 2.82860517502], [138.938812256, -63.5333557129, -70.0266494751, 30.6705265045, 4.06321954727, 37.4526748657, -11.4869003296, -71.2341918945, -28.6525707245, -10.9222517014, 22.3021068573, 87.7687301636, 49.346622467], [250.971908569, -17.921163559, -82.9705429077, 1.44675445557, 15.8890790939, 28.2337322235, -1.23826122284, -57.3201751709, -37.8442497253, -22.8664531708, 2.82860517502, 49.346622467, 77.7377090454]],
        "icov": [[0.000911856361199, 0.000849993783049, 0.000204103591386, -0.000246377690928, -0.00107620540075, 0.00075846305117, -0.00132580637001, 0.000960246950854, -0.000489174912218, 0.00374423875473, -0.00198481907137, 0.00171407032758, -0.00204669311643], [0.000849993783049, 0.0108326002955, -0.00667953910306, 0.0046125901863, -0.00901202950627, 0.0052704801783, -0.00601020269096, 0.00640475749969, -0.00470639392734, 0.00779379485175, -0.00595360342413, 0.00714155565947, -0.00722259096801], [0.000204103591386, -0.00667953910306, 0.0058095776476, -0.00290444702841, 0.00567257637158, -0.00314510962926, 0.00442076381296, -0.00574585003778, 0.00428044144064, -0.00147998589091, 0.00160406564828, -0.00393425021321, 0.00395993562415], [-0.000246377690928, 0.0046125901863, -0.00290444702841, 0.00867006927729, -0.00456292089075, 0.00139957328793, 0.000715370173566, 0.000787145923823, -0.000324294320308, 0.00440971646458, -0.00385463540442, -0.000546372320969, 0.00123990303837], [-0.00107620540075, -0.00901202950627, 0.00567257637158, -0.00456292089075, 0.0178213045001, -0.00382563378662, -0.000124657337437, -0.00355876213871, 0.00344233983196, -0.00571292592213, 0.00721433479339, -0.0055368389003, 0.00590460235253], [0.00075846305117, 0.0052704801783, -0.00314510962926, 0.00139957328793, -0.00382563378662, 0.00972479302436, -0.0079079028219, 0.00806599762291, -0.00506127718836, 0.00335527560674, -0.00167176348623, 0.00312523986213, -0.00494500529021], [-0.00132580637001, -0.00601020269096, 0.00442076381296, 0.000715370173566, -0.000124657337437, -0.0079079028219, 0.0231001749635, -0.01272601448, 0.00854908488691, -0.00869208108634, 0.00702619226649, -0.007102613803, 0.00733978208154], [0.000960246950854, 0.00640475749969, -0.00574585003778, 0.000787145923823, -0.00355876213871, 0.00806599762291, -0.01272601448, 0.0229893438518, -0.0167224165052, 0.00891415029764, -0.0113325342536, 0.0148712750524, -0.00777082750574], [-0.000489174912218, -0.00470639392734, 0.00428044144064, -0.000324294320308, 0.00344233983196, -0.00506127718836, 0.00854908488691, -0.0167224165052, 0.0380047746003, -0.0214015189558, 0.00628187321126, -0.00742586329579, 0.0107008526102], [0.00374423875473, 0.00779379485175, -0.00147998589091, 0.00440971646458, -0.00571292592213, 0.00335527560674, -0.00869208108634, 0.00891415029764, -0.0214015189558, 0.0378688126802, -0.0159158129245, 0.00947528518736, -0.0102847637609], [-0.00198481907137, -0.00595360342413, 0.00160406564828, -0.00385463540442, 0.00721433479339, -0.00167176348623, 0.00702619226649, -0.0113325342536, 0.00628187321126, -0.0159158129245, 0.0365199521184, -0.0197486113757, 0.00729137659073], [0.00171407032758, 0.00714155565947, -0.00393425021321, -0.000546372320969, -0.0055368389003, 0.00312523986213, -0.007102613803, 0.0148712750524, -0.00742586329579, 0.00947528518736, -0.0197486113757, 0.0361377820373, -0.0202764421701], [-0.00204669311643, -0.00722259096801, 0.00395993562415, 0.00123990303837, 0.00590460235253, -0.00494500529021, 0.00733978208154, -0.00777082750574, 0.0107008526102, -0.0102847637609, 0.00729137659073, -0.0202764421701, 0.0317759476602]]
    },
    "melbands": {
        "max": [0.00697850994766, 0.0121156768873, 0.0114381229505, 0.00643375189975, 0.0190209858119, 0.0133888805285, 0.00560638029128, 0.0122403781861, 0.00629764935002, 0.00705581204966, 0.00303659425117, 0.00253593130037, 0.00413982803002, 0.00125319266226, 0.00103919708636, 0.00082450278569, 0.000619134807494, 0.000601393228862, 0.000893597607501, 0.000455655215774, 0.000396695599193, 0.000158170500072, 0.000310195289785, 0.000142531600432, 9.95222653728e-05, 2.76556747849e-05, 2.04046100407e-05, 1.01612085928e-05, 1.11537729026e-05, 1.2770320609e-05, 7.0398441494e-06, 7.55598239266e-06, 2.48861579166e-06, 1.70034024904e-06, 8.92870446023e-07, 9.70439714365e-07, 1.33644061862e-06, 7.89539456036e-07, 2.47937549602e-07, 1.64657393498e-07],
        "mean": [0.000311704265187, 0.00057518860558, 0.000449690967798, 0.000298999075312, 0.000540964654647, 0.00042761961231, 0.000187468293007, 0.000450144609204, 0.000234820108744, 0.000353848532541, 0.000100574659882, 0.000103518068499, 0.000166518846527, 8.6034553533e-05, 6.36957702227e-05, 6.37337288936e-05, 6.09843009443e-05, 5.73766446905e-05, 5.41516019439e-05, 4.77499743283e-05, 2.83055287582e-05, 1.99516780413e-05, 1.44928726513e-05, 8.05404670245e-06, 5.15404053658e-06, 2.63959577751e-06, 1.53835514993e-06, 1.09870495635e-06, 9.14744077818e-07, 6.4445237058e-07, 4.43586884558e-07, 2.80012073972e-07, 1.52748228288e-07, 9.93646409597e-08, 7.9456135893e-08, 7.38596526162e-08, 8.57225685991e-08, 5.83048667124e-08, 3.20622461913e-08, 1.07593001175e-08],
        "min": [2.283447742e-08, 3.48220297042e-08, 3.24489484171e-08, 1.18537055727e-08, 1.48475209905e-09, 1.05141939599e-08, 6.53063878531e-08, 1.33739746389e-07, 2.36012638766e-07, 5.48064122086e-07, 1.0047919119e-07, 4.63389397964e-08, 9.49561425045e-08, 6.25104945584e-08, 1.52308405887e-08, 4.15971150858e-08, 3.92418790796e-08, 1.60404809435e-08, 4.77536516996e-08, 2.37230342037e-08, 8.81371864381e-09, 8.73913919008e-09, 9.06740105222e-09, 3.93269727894e-09, 3.40157080281e-09, 3.70657216031e-09, 2.42268138884e-09, 2.42305286946e-09, 1.92964000334e-09, 1.95400318148e-09, 8.64970928216e-10, 1.3522750697e-09, 1.34195532464e-09, 2.45186287939e-10, 8.02030455938e-11, 7.65671623326e-11, 6.65621099905e-11, 2.86067662614e-11, 2.46845374002e-11, 1.49254601733e-11],
        "stdev": [0.000695455761161, 0.00152257014997, 0.00133741099853, 0.000716823153198, 0.0017288721865, 0.00119703251403, 0.000480527989566, 0.00132197816856, 0.000475702312542, 0.000723548117094, 0.000260040716967, 0.000283362547634, 0.000443383760285, 0.000163733682712, 0.000120848329971, 0.000117471565318, 0.000108909618575, 9.98850518954e-05, 9.48366941884e-05, 7.02698380337e-05, 5.01192662341e-05, 3.21097031701e-05, 2.92117929348e-05, 1.65326946444e-05, 9.6618250609e-06, 3.88998842027e-06, 2.30959562941e-06, 1.76675507646e-06, 1.53417533966e-06, 1.13733995022e-06, 8.42031226966e-07, 6.03323542236e-07, 2.88376895696e-07, 1.70000390654e-07, 1.19978807334e-07, 1.08508977803e-07, 1.43292183452e-07, 9.32090316041e-08, 4.27401722902e-08, 1.56385269179e-08]
    },
    "melbands128": {
        "max": [0.000217650318518, 0.00334483222105, 0.0120792808011, 0.0167509540915, 0.0184293687344, 0.00816801376641, 0.0168395414948, 0.0184994246811, 0.0179254971445, 0.00594878336415, 0.0062235975638, 0.0137208942324, 0.0357221402228, 0.0389948002994, 0.0173458326608, 0.00867347978055, 0.00599350081757, 0.00380373699591, 0.0188378915191, 0.0237359311432, 0.0220654774457, 0.00978729035705, 0.0118783088401, 0.00493107363582, 0.00832529831678, 0.0140762571245, 0.00257600098848, 0.00583703815937, 0.00291554094292, 0.00436587119475, 0.00343152112328, 0.0057051377371, 0.00531398085877, 0.00859961193055, 0.00187934341375, 0.00100825203117, 0.000999361160211, 0.000972353387624, 0.00134854251519, 0.00109054159839, 0.00117888790555, 0.00101590028498, 0.000981170218438, 0.00092462397879, 0.000883540662471, 0.000989412772469, 0.000862379209138, 0.000866273068823, 0.00176901964005, 0.000598466547672, 0.000712407520041, 0.000627913919743, 0.000446421676315, 0.000404305581469, 0.000409269327065, 0.000222446164116, 0.000236957988818, 0.000234652150539, 0.000641835446004, 0.000281853863271, 0.000173107808223, 0.000157200571266, 0.000235060244449, 0.000131079068524, 5.48604475625e-05, 3.537333032e-05, 1.6682102796e-05, 2.95490463031e-05, 2.69815027423e-05, 2.21129830607e-05, 1.21351158668e-05, 1.43035695146e-05, 1.82692074304e-05, 1.2446223991e-05, 2.03008366952e-05, 2.08289347938e-05, 9.13854364626e-06, 8.34415186546e-06, 1.2250101463e-05, 9.99797339318e-06, 1.3541242879e-05, 6.72603164276e-06, 3.69871349903e-06, 2.32958564084e-06, 3.77005903829e-06, 3.05467460748e-06, 9.79007381829e-07, 1.09218535727e-06, 1.73646230905e-06, 8.12096516256e-07, 8.63872458012e-07, 1.28160218082e-06, 1.183618906e-06, 1.07096536794e-06, 2.76853666037e-06, 1.1829883988e-06, 7.85912448009e-07, 4.82249163269e-07, 3.48471786538e-07, 2.24954334271e-07, 2.16687610077e-07, 1.67960536146e-07, 1.34882114367e-07, 1.24631384324e-07, 1.21309241763e-07, 1.15126333355e-07, 1.08766933238e-07, 1.03480864766e-07, 9.90236230791e-08, 9.48589828909e-08, 9.07430859343e-08, 8.7068293908e-08, 8.36860607478e-08, 8.05870001841e-08, 7.78285524916e-08, 7.52603526166e-08, 7.27528970401e-08, 7.04926250705e-08, 6.85046259719e-08, 6.67484272299e-08, 6.51382734418e-08, 6.3662099592e-08, 6.23824050194e-08, 6.13303470232e-08, 6.03732956961e-08, 5.97000848757e-08, 5.91597952848e-08, 5.88396389389e-08],
        "mean": [2.55489612755e-05, 0.000165864941664, 0.000396150659071, 0.000654414645396, 0.000689052045345, 0.000419502641307, 0.000403950980399, 0.000501004105899, 0.000493430241477, 0.00019767046615, 0.000218933855649, 0.000424165220466, 0.000629331567325, 0.000716497539543, 0.000472548184916, 0.000265287293587, 0.000148636245285, 0.000103191479866, 0.000290333409794, 0.000601599924266, 0.000490192032885, 0.000154612396727, 0.000127247534692, 0.000374230236048, 0.000532640435267, 0.000303817738313, 7.70931583247e-05, 9.29882371565e-05, 9.4233029813e-05, 9.65249346336e-05, 0.000101177858596, 0.00013126306294, 0.000180392380571, 0.000213936305954, 7.54193388275e-05, 6.5234140493e-05, 5.85704910918e-05, 6.29767673672e-05, 6.6123859142e-05, 6.94220798323e-05, 6.0928905441e-05, 5.94401972194e-05, 6.17971963948e-05, 6.16460820311e-05, 5.85176785535e-05, 5.586646148e-05, 5.77433602302e-05, 5.37363957847e-05, 5.37637060916e-05, 5.20024404977e-05, 5.22078880749e-05, 3.77834694518e-05, 2.82827750198e-05, 2.48085671046e-05, 2.47644657065e-05, 1.97795652639e-05, 1.55395937327e-05, 1.61075149663e-05, 1.44930017996e-05, 1.10164519356e-05, 7.34113427825e-06, 6.03138278166e-06, 6.23794358035e-06, 4.76096829516e-06, 3.64829202226e-06, 2.8702054351e-06, 1.71139174654e-06, 1.77797016931e-06, 1.52887571403e-06, 1.14465797196e-06, 1.16374064874e-06, 1.02518833955e-06, 9.7503118468e-07, 9.23140589748e-07, 8.27035023576e-07, 6.56540066757e-07, 5.84799181524e-07, 4.87979264108e-07, 4.37604228409e-07, 3.80968401714e-07, 3.26219890212e-07, 2.2637121333e-07, 1.86968691196e-07, 1.49507414449e-07, 1.21413307852e-07, 1.05572560472e-07, 9.07064574562e-08, 8.76092443036e-08, 8.0722386997e-08, 7.23761814925e-08, 7.01380784562e-08, 7.49769810682e-08, 7.76434134764e-08, 8.90660984965e-08, 9.29563483965e-08, 6.91617785264e-08, 4.97049619241e-08, 4.29716102701e-08, 3.54987079731e-08, 2.36177886137e-08, 2.17333884223e-08, 6.06332273279e-09, 1.7210564085e-09, 1.33888911069e-09, 4.37602148962e-10, 2.19926674094e-10, 2.10735526252e-10, 1.9327958678e-10, 1.84302892392e-10, 1.7657919571e-10, 1.689401119e-10, 1.62144964122e-10, 1.55871232588e-10, 1.5009951615e-10, 1.44993766993e-10, 1.40229119983e-10, 1.35593619666e-10, 1.31298569239e-10, 1.27594754207e-10, 1.24307134031e-10, 1.21306936718e-10, 1.18576953811e-10, 1.16209833423e-10, 1.14244266824e-10, 1.12357526061e-10, 1.10911356488e-10, 1.09807316018e-10, 1.09198469711e-10],
        "min": [1.75891070597e-08, 2.00646326221e-08, 2.41561668446e-08, 2.97000379845e-08, 3.54138727232e-08, 3.88534893148e-08, 3.80020637181e-08, 3.22809157183e-08, 2.23989360393e-08, 1.18787388814e-08, 4.57232607332e-09, 1.28207611194e-09, 5.16246767557e-10, 1.50210233141e-09, 5.28988719495e-09, 1.45034526611e-08, 3.6262232328e-08, 6.9425482252e-08, 1.06104977249e-07, 1.31544481974e-07, 1.4310028007e-07, 1.56648411576e-07, 2.13753679645e-07, 3.42961811839e-07, 5.0023413678e-07, 1.63838890899e-07, 3.55988767353e-08, 6.02734644417e-08, 5.29859498499e-08, 2.0297360237e-08, 8.57160387113e-09, 2.54173571079e-08, 4.63603093692e-08, 9.28540373479e-08, 4.40318395079e-08, 1.79468315764e-08, 9.40026367857e-09, 5.20950171889e-09, 2.01955128176e-08, 1.34371873628e-08, 7.21505388768e-09, 7.71441754921e-09, 3.05864418237e-08, 4.20968859771e-08, 3.13761261417e-09, 5.31762589517e-09, 3.95950472409e-09, 4.49994619345e-09, 1.14253504435e-08, 6.64297461483e-09, 8.38005576043e-09, 6.01595395722e-09, 3.73936881459e-09, 1.13240916644e-09, 2.40755282377e-09, 3.3844294034e-09, 5.50173950842e-09, 3.80209952411e-09, 4.39190772639e-09, 2.49724863011e-09, 5.53392442981e-10, 2.03284522549e-09, 3.45735262641e-09, 1.61485758099e-09, 2.1990875787e-09, 2.70510458478e-09, 2.2322148574e-09, 1.77442793792e-09, 2.05786743201e-09, 1.65856417489e-09, 1.84922344104e-09, 9.16303311005e-10, 1.57173674076e-09, 1.22930199353e-09, 1.07859865484e-09, 5.3285642565e-10, 7.71102404151e-10, 2.05369721229e-10, 3.87911675004e-10, 1.10514419838e-09, 1.22312870943e-09, 4.53149101576e-10, 9.21360099326e-10, 7.30444482677e-10, 4.33127783639e-10, 8.55933171562e-11, 3.46024930931e-10, 1.9434077958e-10, 3.49579809544e-11, 7.81881677459e-12, 2.72905933962e-11, 9.55022311233e-11, 1.80540013495e-10, 3.99122609962e-11, 3.0386998473e-11, 9.38523998101e-12, 2.44949980438e-11, 6.68854138741e-11, 1.19075175067e-11, 1.28105651087e-11, 2.58166977379e-11, 1.13115844816e-11, 7.96128267477e-12, 1.33559101279e-11, 9.62567915999e-13, 3.25411843739e-13, 2.67268601998e-13, 2.39176029242e-13, 1.7280244618e-13, 2.220232868e-13, 2.43238968464e-13, 2.41762149579e-13, 2.37243764131e-13, 1.93023033538e-13, 2.5691875385e-13, 3.01962719152e-13, 2.32090063314e-13, 2.56461789739e-13, 2.18703161592e-13, 2.189665143e-13, 2.24087621289e-13, 1.73162035383e-13, 2.38605766005e-13, 2.43978177505e-13, 1.67315231223e-13, 5.95860776627e-14, 9.98860807841e-15, 3.92726905404e-16],
        "stdev": [3.23850945279e-05, 0.000317278667353, 0.00104526709765, 0.00185439945199, 0.00215052021667, 0.00106826086994, 0.00157330313232, 0.00185389525723, 0.00177256856114, 0.000573986151721, 0.000641673686914, 0.00129402906168, 0.00266495975666, 0.00294570741244, 0.00155169994105, 0.000739702489227, 0.000358589401003, 0.000339722988429, 0.00138864910696, 0.00205180491321, 0.0016650413163, 0.000598280399572, 0.000662346777972, 0.000552956887987, 0.000972486799583, 0.00115549471229, 0.000219187990297, 0.000410396460211, 0.000313386670314, 0.000326840498019, 0.000336371391313, 0.000500228896271, 0.000552062469069, 0.000813652994111, 0.0001661862334, 0.000143216515426, 0.000127640480059, 0.00013774530089, 0.000139999741805, 0.000143575874972, 0.000125833699713, 0.000126393366372, 0.000126583079691, 0.000119085139886, 0.000118100746477, 0.000110686138214, 0.000116298695502, 0.000111236942757, 0.00011908714805, 9.19458616409e-05, 8.76711274032e-05, 6.6862681706e-05, 5.80786618229e-05, 4.91962164233e-05, 5.10415047756e-05, 3.57960670954e-05, 2.89744657493e-05, 2.94543042401e-05, 4.73395084555e-05, 2.57513602264e-05, 1.54026311066e-05, 1.50266196215e-05, 1.47648661368e-05, 1.03579277493e-05, 6.47469460091e-06, 4.92945173391e-06, 2.6836376037e-06, 2.8585761811e-06, 2.66602364718e-06, 2.16507805817e-06, 2.00906856662e-06, 1.75142974967e-06, 1.8027412807e-06, 1.67521397998e-06, 1.56824171427e-06, 1.36511459914e-06, 1.08621088657e-06, 1.00287195437e-06, 9.4453616839e-07, 8.46993884807e-07, 8.30488090742e-07, 5.1790436828e-07, 3.82056612125e-07, 2.94623248465e-07, 2.67411024879e-07, 2.20569447151e-07, 1.5207605486e-07, 1.4268128723e-07, 1.43100919558e-07, 1.14074993007e-07, 1.06037362002e-07, 1.32654179197e-07, 1.28927126752e-07, 1.51765334522e-07, 1.95283703874e-07, 1.26192645666e-07, 8.07961200167e-08, 6.43141291334e-08, 5.21698311218e-08, 3.23563220661e-08, 3.35840830701e-08, 1.10319424707e-08, 5.9436131572e-09, 5.47625766956e-09, 5.16719733668e-09, 4.90412332965e-09, 4.63313343246e-09, 4.40821601444e-09, 4.21836743314e-09, 4.04095423789e-09, 3.86561804788e-09, 3.70907127234e-09, 3.56498874865e-09, 3.43296990835e-09, 3.31545990662e-09, 3.2060551991e-09, 3.09923731123e-09, 3.0029541076e-09, 2.91826651733e-09, 2.84345391677e-09, 2.77486211786e-09, 2.71197708734e-09, 2.65746180617e-09, 2.61264498924e-09, 2.57187937613e-09, 2.54320919879e-09, 2.52019716207e-09, 2.50655918244e-09]
    },
    "mfcc": {
        "mean": [-727.904663086, 166.153823853, -31.2326641083, 4.156873703, -0.185133978724, -12.6995868683, -9.73417377472, 1.49299168587, 2.66752696037, 10.4602098465, 2.64607024193, 10.2390155792, 1.97939789295],
        "cov": [[7500.40722656, -1446.59729004, -2221.75268555, 67.4022598267, -50.7768630981, 604.583984375, 352.278594971, 295.735229492, -91.1766815186, -509.431976318, -734.838867188, -360.981140137, -537.103759766], [-1446.59729004, 1272.41711426, 1089.18847656, 256.883331299, 175.346069336, -375.155609131, 41.60389328, 20.5757961273, -26.1317768097, 54.756111145, 13.1697835922, -2.16005015373, 74.1817245483], [-2221.75268555, 1089.18847656, 1832.31445312, 400.761505127, 238.87260437, -541.133666992, -21.8613948822, 35.1381263733, -108.196601868, 47.9528274536, 95.219543457, 114.803489685, 14.3661441803], [67.4022598267, 256.883331299, 400.761505127, 358.787261963, 118.721038818, -237.722106934, 29.2308292389, 53.8584823608, -69.1416320801, -36.9749641418, -36.2353973389, 33.9435348511, -68.8827896118], [-50.7768630981, 175.346069336, 238.87260437, 118.721038818, 120.983932495, -67.2924194336, 15.6187067032, 31.7812576294, -30.8330554962, -15.3906211853, -17.3298931122, -2.26103854179, -27.565864563], [604.583984375, -375.155609131, -541.133666992, -237.722106934, -67.2924194336, 399.739959717, 31.8569660187, 4.29771375656, 48.3216972351, -72.6041030884, -49.5864143372, -73.1811141968, -1.50030219555], [352.278594971, 41.60389328, -21.8613948822, 29.2308292389, 15.6187067032, 31.8569660187, 96.4600753784, 48.989528656, -0.591054916382, -22.0790805817, -47.0427780151, -33.5397720337, -35.7307891846], [295.735229492, 20.5757961273, 35.1381263733, 53.8584823608, 31.7812576294, 4.29771375656, 48.989528656, 84.0060043335, -5.70403909683, -33.4712524414, -37.953918457, -15.5223150253, -44.5842247009], [-91.1766815186, -26.1317768097, -108.196601868, -69.1416320801, -30.8330554962, 48.3216972351, -0.591054916382, -5.70403909683, 78.0240097046, 42.6598167419, 21.3543548584, 2.31764912605, 39.389465332], [-509.431976318, 54.756111145, 47.9528274536, -36.9749641418, -15.3906211853, -72.6041030884, -22.0790805817, -33.4712524414, 42.6598167419, 156.242385864, 105.055831909, 45.2413520813, 76.3563613892], [-734.838867188, 13.1697835922, 95.219543457, -36.2353973389, -17.3298931122, -49.5864143372, -47.0427780151, -37.953918457, 21.3543548584, 105.055831909, 176.285736084, 70.2778549194, 64.4825897217], [-360.981140137, -2.16005015373, 114.803489685, 33.9435348511, -2.26103854179, -73.1811141968, -33.5397720337, -15.5223150253, 2.31764912605, 45.2413520813, 70.2778549194, 87.9831390381, 36.8321456909], [-537.103759766, 74.1817245483, 14.3661441803, -68.8827896118, -27.565864563, -1.50030219555, -35.7307891846, -44.5842247009, 39.389465332, 76.3563613892, 64.4825897217, 36.8321456909, 126.125785828]],
        "icov": [[0.000781772017945, 0.000256411527516, 0.00095206865808, -0.000314166885801, -0.000435005262261, 0.000303883687593, -0.000973464048002, -0.00083509698743, 0.000537547573913, -6.54191171634e-05, 0.00185913254973, -0.000152754946612, 0.00120173115283], [0.000256411527516, 0.0028383010067, -0.000967367610428, -0.000145922589581, -0.00143942073919, 0.00182930019218, -0.00229493272491, 0.000330818322254, -0.00125862821005, 0.00101787317544, 0.000352835981175, 0.00350891984999, -0.00280122528784], [0.00095206865808, -0.000967367610428, 0.00299930456094, -4.98636582051e-05, -0.00176565418951, 0.00117426924407, -0.000723171106074, -0.00153879681602, 0.00164774700534, 0.000491936807521, 0.00161512068007, -0.00209659361281, 0.00210781977512], [-0.000314166885801, -0.000145922589581, -4.98636582051e-05, 0.00903206784278, -0.00488131027669, 0.00477135367692, -0.00223830272444, -0.000705231737811, 0.000619751866907, 0.00286494055763, 8.93255346455e-05, -0.00379574275576, 0.000927761255298], [-0.000435005262261, -0.00143942073919, -0.00176565418951, -0.00488131027669, 0.0169949568808, -0.00400563841686, 0.00341152469628, -0.00290700630285, 0.0026071134489, -0.00335590145551, -0.000301496416796, 0.0017393277958, 0.000998635659926], [0.000303883687593, 0.00182930019218, 0.00117426924407, 0.00477135367692, -0.00400563841686, 0.00984078366309, -0.00457272492349, -0.000481198978378, -0.00286212330684, 0.00675955135375, -0.00128101825248, 0.00303649972193, -0.00296386261471], [-0.000973464048002, -0.00229493272491, -0.000723171106074, -0.00223830272444, 0.00341152469628, -0.00457272492349, 0.0209060776979, -0.00789216626436, 0.000514486571774, -0.00527118425816, 0.0004661953717, 0.00207428634167, 0.00207464629784], [-0.00083509698743, 0.000330818322254, -0.00153879681602, -0.000705231737811, -0.00290700630285, -0.000481198978378, -0.00789216626436, 0.0225038025528, -0.00492650130764, 0.00227252300829, -0.00159614649601, -0.00147285987623, 0.00252622365952], [0.000537547573913, -0.00125862821005, 0.00164774700534, 0.000619751866907, 0.0026071134489, -0.00286212330684, 0.000514486571774, -0.00492650130764, 0.022112455219, -0.00686654867604, 0.00281286658719, -0.00186218856834, -0.00152283743955], [-6.54191171634e-05, 0.00101787317544, 0.000491936807521, 0.00286494055763, -0.00335590145551, 0.00675955135375, -0.00527118425816, 0.00227252300829, -0.00686654867604, 0.0188519153744, -0.00807343516499, 0.00150722858962, -0.00629269331694], [0.00185913254973, 0.000352835981175, 0.00161512068007, 8.93255346455e-05, -0.000301496416796, -0.00128101825248, 0.0004661953717, -0.00159614649601, 0.00281286658719, -0.00807343516499, 0.0179504845291, -0.00767420604825, 0.00413404172286], [-0.000152754946612, 0.00350891984999, -0.00209659361281, -0.00379574275576, 0.0017393277958, 0.00303649972193, 0.00207428634167, -0.00147285987623, -0.00186218856834, 0.00150722858962, -0.00767420604825, 0.0270331613719, -0.00836708862334], [0.00120173115283, -0.00280122528784, 0.00210781977512, 0.000927761255298, 0.000998635659926, -0.00296386261471, 0.00207464629784, 0.00252622365952, -0.00152283743955, -0.00629269331694, 0.00413404172286, -0.00836708862334, 0.0212390720844]]
    },
    "spectral_contrast_coeffs": {
        "max": [-0.463583528996, -0.488854944706, -0.509420454502, -0.622561097145, -0.641149044037, -0.676848649979],
        "mean": [-0.757814466953, -0.733716309071, -0.78667396307, -0.800578951836, -0.787157952785, -0.794055938721],
        "min": [-0.907931268215, -0.90743291378, -0.910949885845, -0.887262046337, -0.900926113129, -0.908130764961],
        "stdev": [0.0893077403307, 0.0882958248258, 0.0721613168716, 0.0521320328116, 0.0434735603631, 0.0561258867383]
    },
    "spectral_contrast_valleys": {
        "max": [-5.2847700119, -5.33726501465, -5.48171710968, -5.30116462708, -6.36092805862, -9.63742446899],
        "mean": [-7.58122968674, -6.69952821732, -7.60306835175, -7.89702415466, -8.55543804169, -11.6994524002],
        "min": [-11.5895700455, -9.50171089172, -9.75417423248, -10.4847745895, -10.5981645584, -14.6592578888],
        "stdev": [0.884815871716, 0.557570099831, 1.1604796648, 1.440351367, 1.19681549072, 0.653474211693]
    }
},
"rhythm": {
    "beats_count": 33,
    "beats_loudness": {
        "max": 0.0989458486438,
        "mean": 0.0285263899714,
        "min": 0.00421529449522,
        "stdev": 0.0283280294389
    },
    "bpm": 161.499023438,
    "bpm_histogram_first_peak_bpm": 161,
    "bpm_histogram_first_peak_weight": 0.392857134342,
    "bpm_histogram_second_peak_bpm": 152,
    "bpm_histogram_second_peak_spread": 0.333333313465,
    "bpm_histogram_second_peak_weight": 0.0625,
    "danceability": 0.849279999733,
    "onset_rate": 2.19446659088,
    "beats_loudness_band_ratio": {
        "max": [0.69708186388, 0.593470275402, 0.907659888268, 0.594442725182, 0.505074501038, 0.0372248478234],
        "mean": [0.120275460184, 0.103338949382, 0.504561960697, 0.152579963207, 0.137452125549, 0.0107926847413],
        "min": [0.00446246378124, 0.00458811316639, 0.0862825661898, 0.00404080981389, 0.00302101811394, 0.00036775006447],
        "stdev": [0.184745326638, 0.124655939639, 0.29304009676, 0.159161448479, 0.152637168765, 0.0117840990424]
    },
    "beats_position": [0.406349211931, 0.812698423862, 1.23065757751, 1.6137868166, 1.98530614376, 2.35682535172, 2.73995471001, 3.11147379875, 3.48299312592, 3.86612248421, 4.2492518425, 4.62077093124, 4.99229001999, 5.36380958557, 5.73532867432, 6.10684776306, 6.47836732864, 6.84988641739, 7.22140598297, 7.59292507172, 7.97605419159, 8.35918331146, 8.74231243134, 9.12544155121, 9.50857162476, 9.8800907135, 10.2632198334, 10.6347389221, 11.0294780731, 11.4242172241, 11.7957363129, 12.1672563553, 12.5503854752],
