{
"metadata": {
    "version": {
        "essentia": "2.1-beta5",
        "essentia_git_sha": "Undefined",
        "extractor": "music 2.0"
    },
    "audio_properties": {
        "analysis": {
            "equal_loudness": 0,
            "length": 12.7477550507,
            "sample_rate": 44100,
            "start_time": 0,
            "downmix": "mix"
        },
        "bit_rate": 192000,
        "length": 189.161376953,
        "lossless": 0,
        "number_channels": 2,
        "replay_gain": -4.69178009033,
        "sample_rate": 48000,
        "codec": "mp3",
        "md5_encoded": "f77734b6a6125a1060c98ad7a2838b0b"
    },
    "tags": {
        "file_name": "Ireland_Chance Of A Lifetime_Pat McGeegan.mp3",
        "encoding": ["Lavf58.29.100"]
    }
},
"lowlevel": {
    "average_loudness": 0.780906915665,
    "barkbands_crest": {
        "max": 20.8567123413,
        "mean": 10.0324773788,
        "min": 3.07831859589,
        "stdev": 3.71522879601
    },
    "barkbands_flatness_db": {
        "max": 0.3865634799,
        "mean": 0.217899188399,
        "min": 0.0924993380904,
        "stdev": 0.0552363470197
    },
    "barkbands_kurtosis": {
        "max": 26.6183815002,
        "mean": 2.29787397385,
        "min": -1.36075675488,
        "stdev": 3.07228851318
    },
    "barkbands_skewness": {
        "max": 4.25588035583,
        "mean": 0.867212414742,
        "min": -1.39604711533,
        "stdev": 0.779695749283
    },
    "barkbands_spread": {
        "max": 41.5798835754,
        "mean": 10.3857536316,
        "min": 1.9769923687,
        "stdev": 5.91119670868
    },
    "dissonance": {
        "max": 0.499999076128,
        "mean": 0.431253761053,
        "min": 0.182695269585,
        "stdev": 0.0536950752139
    },
    "dynamic_complexity": 4.42976045609,
    "erbbands_crest": {
        "max": 28.6963443756,
        "mean": 10.4115352631,
        "min": 3.81700611115,
        "stdev": 4.07115411758
    },
    "erbbands_flatness_db": {
        "max": 0.391362845898,
        "mean": 0.266256213188,
        "min": 0.163917839527,
        "stdev": 0.0403474569321
    },
    "erbbands_kurtosis": {
        "max": 12.2418813705,
        "mean": 1.3718495369,
        "min": -1.34140908718,
        "stdev": 1.90360152721
    },
    "erbbands_skewness": {
        "max": 2.56680893898,
        "mean": 0.691506505013,
        "min": -1.56548440456,
        "stdev": 0.674849152565
    },
    "erbbands_spread": {
        "max": 56.1293258667,
        "mean": 17.4691810608,
        "min": 4.41402387619,
        "stdev": 7.60525608063
    },
    "hfc": {
        "max": 57.4364814758,
        "mean": 12.4369544983,
        "min": 0.00397242698818,
        "stdev": 12.7432765961
    },
    "loudness_ebu128": {
        "integrated": -20.140958786,
        "loudness_range": 6.59806442261,
        "momentary": {
            "max": -15.5529088974,
            "mean": -22.4041118622,
            "min": -39.6228561401,
            "stdev": 4.79579877853
        },
        "short_term": {
            "max": -17.3965339661,
            "mean": -20.8748512268,
            "min": -24.8082695007,
            "stdev": 2.38864469528
        }
    },
    "melbands_crest": {
        "max": 26.2374153137,
        "mean": 11.7167463303,
        "min": 3.02408909798,
        "stdev": 4.40347528458
    },
    "melbands_flatness_db": {
        "max": 0.430168241262,
        "mean": 0.251350194216,
        "min": 0.108481243253,
        "stdev": 0.0736908093095
    },
    "melbands_kurtosis": {
        "max": 28.3111553192,
        "mean": 3.62147450447,
        "min": -1.37356114388,
        "stdev": 4.21357774734
    },
    "melbands_skewness": {
        "max": 4.67998838425,
        "mean": 1.14645826817,
        "min": -0.872865855694,
        "stdev": 0.811309158802
    },
    "melbands_spread": {
        "max": 75.0125427246,
        "mean": 16.0632266998,
        "min": 2.88497424126,
        "stdev": 10.6212205887
    },
    "pitch_salience": {
        "max": 0.940398335457,
        "mean": 0.627375304699,
        "min": 0.358663320541,
        "stdev": 0.105166867375
    },
    "silence_rate_20dB": {
        "max": 1,
        "mean": 1,
        "min": 1,
        "stdev": 0
    },
    "silence_rate_30dB": {
        "max": 1,
        "mean": 1,
        "min": 1,
        "stdev": 0
    },
    "silence_rate_60dB": {
        "max": 1,
        "mean": 0.192727267742,
        "min": 0,
        "stdev": 0.394443631172
    },
    "spectral_centroid": {
        "max": 3041.35668945,
        "mean": 928.342651367,
        "min": 259.217651367,
        "stdev": 475.986572266
    },
    "spectral_complexity": {
        "max": 29,
        "mean": 11.4690904617,
        "min": 0,
        "stdev": 6.9847869873
    },
    "spectral_decrease": {
        "max": -6.49952693662e-13,
        "mean": -4.94454477362e-09,
        "min": -2.70849263018e-08,
        "stdev": 4.62678384494e-09
    },
    "spectral_energy": {
        "max": 0.105430148542,
        "mean": 0.0197899229825,
        "min": 2.81338247987e-06,
        "stdev": 0.0184640735388
    },
    "spectral_energyband_high": {
        "max": 0.00136211316567,
        "mean": 9.17707293411e-05,
        "min": 2.2952516332e-08,
        "stdev": 0.000236827429035
    },
    "spectral_energyband_low": {
        "max": 0.0431121066213,
        "mean": 0.00208257464692,
        "min": 5.82597721177e-08,
        "stdev": 0.00376606639475
    },
    "spectral_energyband_middle_high": {
        "max": 0.0309372730553,
        "mean": 0.00406541209668,
        "min": 2.38882626036e-06,
        "stdev": 0.0055365874432
    },
    "spectral_energyband_middle_low": {
        "max": 0.0819710493088,
        "mean": 0.0144657371566,
        "min": 3.7839771494e-07,
        "stdev": 0.0141162760556
    },
    "spectral_entropy": {
        "max": 7.92121219635,
        "mean": 6.89338731766,
        "min": 5.33960914612,
        "stdev": 0.504242539406
    },
    "spectral_flux": {
        "max": 0.209569871426,
        "mean": 0.0536628104746,
        "min": 0.00167731405236,
        "stdev": 0.0348059274256
    },
    "spectral_kurtosis": {
        "max": 60.5444030762,
        "mean": 12.3696937561,
        "min": 0.928220510483,
        "stdev": 10.0616903305
    },
    "spectral_rms": {
        "max": 0.0101419268176,
        "mean": 0.00384389446117,
        "min": 5.23904891452e-05,
        "stdev": 0.00212878012098
    },
    "spectral_rolloff": {
        "max": 3596.04492188,
        "mean": 1069.41699219,
        "min": 236.865234375,
        "stdev": 579.416931152
    },
    "spectral_skewness": {
        "max": 5.86411190033,
        "mean": 2.26315307617,
        "min": 0.305391818285,
        "stdev": 0.971552073956
    },
    "spectral_spread": {
        "max": 7408446,
        "mean": 2377703.75,
        "min": 932816.625,
        "stdev": 605364.4375
    },
    "spectral_strongpeak": {
        "max": 7.19023895264,
        "mean": 1.25921940804,
        "min": 0,
        "stdev": 1.09953558445
    },
    "zerocrossingrate": {
        "max": 0.1689453125,
        "mean": 0.0398979038,
        "min": 0.005859375,
        "stdev": 0.0184157341719
    },
    "barkbands": {
        "max": [0.000293436693028, 0.0104858996347, 0.014274187386, 0.031660951674, 0.0328609123826, 0.0489976480603, 0.0379443094134, 0.0219566430897, 0.042277213186, 0.0197151489556, 0.0168931689113, 0.0101806661114, 0.0173109006137, 0.003933459986, 0.0109192952514, 0.000973587331828, 0.00538678281009, 0.00159023038577, 0.000759439193644, 0.00161032041069, 0.000677077798173, 0.000362157355994, 0.000275633647107, 0.000239466069615, 2.19336452574e-05, 9.85888391369e-07, 1.04403500245e-06],
        "mean": [1.79211983777e-05, 0.000565615075175, 0.0008723626961, 0.00107283960097, 0.00203364691697, 0.0025536569301, 0.00379857374355, 0.00172238051891, 0.0028247598093, 0.000792555802036, 0.00115741638001, 0.000408861000324, 0.000794226303697, 0.000160700175911, 0.000432822998846, 7.49717510189e-05, 0.000221325652092, 7.39154274925e-05, 7.74701475166e-05, 7.72763742134e-05, 2.44496804953e-05, 1.33713783725e-05, 1.20679151223e-05, 5.99837085247e-06, 7.4501411973e-07, 2.47565856704e-09, 2.62761812309e-09],
        "min": [6.07871264435e-09, 2.06993036045e-08, 2.20341753732e-08, 2.43876385753e-08, 5.05028125986e-08, 3.98869488549e-08, 4.68805758658e-08, 1.25768249148e-08, 1.50712608615e-07, 2.35226522705e-07, 3.79908414061e-07, 6.45058378268e-07, 2.2587474291e-07, 1.20383290891e-07, 1.14036403431e-07, 3.81423319595e-07, 2.24433478024e-07, 3.75474122905e-08, 4.65896157209e-08, 1.84872206432e-08, 5.83486281514e-09, 1.8893242526e-09, 1.6021477478e-09, 7.77161446308e-10, 4.89491780442e-10, 3.32221472554e-11, 2.9278076491e-11],
        "stdev": [2.59362277575e-05, 0.00108148506843, 0.00192211254034, 0.00256483466364, 0.00377851049416, 0.00471017928794, 0.00603370787576, 0.00360488472506, 0.00441610906273, 0.00167056533974, 0.00233506294899, 0.00079587707296, 0.00211109407246, 0.000291383010335, 0.00108904961962, 0.000113585076178, 0.000591080461163, 0.00014469679445, 0.000122249039123, 0.000188021294889, 6.16705001448e-05, 3.96499162889e-05, 3.98550873797e-05, 2.08617639146e-05, 2.32858519666e-06, 4.19855687994e-08, 4.44617107576e-08]
    },
    "erbbands": {
        "max": [0.27020791173, 2.8424115181, 12.8318605423, 77.6956863403, 65.4474105835, 142.851821899, 359.745727539, 244.426971436, 513.28729248, 552.755249023, 637.770874023, 962.885925293, 724.600524902, 603.718505859, 281.276245117, 414.57208252, 658.448425293, 292.161315918, 178.5599823, 462.112609863, 174.525131226, 142.472473145, 115.918754578, 43.6760940552, 37.8029823303, 49.9172477722, 24.2001609802, 23.1511917114, 13.9930620193, 9.40411472321, 7.92564201355, 6.16285848618, 3.03250026703, 0.74964594841, 0.0245904158801, 0.00401308760047, 0.00182188290637, 0.0006491880049, 0.000151835818542, 0.000116861221613],
        "mean": [0.0154510485008, 0.139682769775, 0.782537639141, 2.76218056679, 4.1075720787, 8.83608055115, 15.6149091721, 18.3989200592, 42.0120887756, 46.8931350708, 65.6656494141, 54.7758331299, 32.1427154541, 38.2407531738, 23.5288715363, 19.2944488525, 30.5151386261, 18.1702022552, 12.0740423203, 18.8003025055, 9.25542259216, 8.08198928833, 4.61304664612, 4.92297363281, 3.37891817093, 2.66358852386, 1.47238588333, 0.870640277863, 0.58250772953, 0.45784586668, 0.316000044346, 0.146993711591, 0.0851359590888, 0.0233237240463, 0.00105195853394, 6.01573701715e-05, 1.54206554726e-05, 4.23936853622e-06, 1.05190911199e-05, 2.28556673392e-05],
        "min": [5.86890450904e-07, 4.86252201881e-06, 2.16998705582e-05, 5.9744445025e-05, 0.000117879309983, 0.000176264598849, 0.000241464658757, 0.000356356904376, 0.000605462351814, 0.00061300204834, 0.000387789768865, 0.00317925680429, 0.00590853113681, 0.0109574627131, 0.0179920941591, 0.0270627774298, 0.0129102142528, 0.00450844923034, 0.00688527850434, 0.0135005712509, 0.0177868623286, 0.01232383959, 0.00282664853148, 0.00291154300794, 0.00128796149511, 0.000807353586424, 0.00033460726263, 0.000301117019262, 8.34282909636e-05, 4.36302434537e-05, 4.21009281126e-05, 1.7813861632e-05, 1.17699200928e-05, 7.15561509423e-06, 2.87426087198e-06, 2.04104139812e-07, 6.77510456626e-08, 2.33451729059e-08, 6.77727607368e-09, 3.8952503445e-09],
        "stdev": [0.0303196720779, 0.26319411397, 1.59609770775, 6.24410676956, 7.93111371994, 17.0975532532, 35.5221862793, 27.7165794373, 70.5683135986, 79.778755188, 106.834716797, 86.8474960327, 59.6941719055, 72.7054443359, 40.2312660217, 36.8722915649, 74.8225097656, 37.1740875244, 21.1511096954, 45.6934089661, 19.8567581177, 16.7976341248, 10.1758642197, 7.5168094635, 5.84090614319, 5.7378950119, 3.53130030632, 2.42064118385, 1.75627601147, 1.42350947857, 1.04529392719, 0.491901695728, 0.318311154842, 0.0819191783667, 0.00272995047271, 0.000208173107239, 7.91225902503e-05, 2.78691895801e-05, 1.14102822408e-05, 2.13016319321e-05]
    },
    "gfcc": {
        "mean": [-103.451766968, 167.90246582, -168.841766357, 15.8853855133, -67.8144302368, -4.34998655319, -26.6401500702, -5.80304765701, -3.87259554863, -16.5645503998, 7.84023952484, -21.2189674377, 8.0044298172],
        "cov": [[5483.28173828, 440.803222656, 196.615997314, 120.123352051, -318.850830078, -173.113922119, 58.3764381409, -208.772155762, 278.300109863, -151.522781372, 60.8486671448, -152.466812134, -311.046936035], [440.803222656, 884.401184082, 640.726501465, -262.310394287, 111.481170654, -161.580276489, 65.2177429199, -20.8093318939, -17.8730297089, -165.537948608, -70.8894729614, -72.3965072632, -83.360534668], [196.615997314, 640.726501465, 933.520080566, -24.9706268311, -53.7942123413, -11.0157213211, 10.9475717545, -6.75591611862, -25.1854686737, -151.698898315, -31.4895935059, -34.8015480042, -80.9271240234], [120.123352051, -262.310394287, -24.9706268311, 475.587371826, -12.2831315994, 162.389862061, -11.3182382584, 35.2620582581, 39.5124435425, 61.7340278625, 9.57781505585, -57.6008872986, -35.2713050842], [-318.850830078, 111.481170654, -53.7942123413, -12.2831315994, 207.903167725, 7.06244516373, -18.2240524292, -0.693971633911, -31.1014099121, -2.33816313744, -61.3504180908, -45.8551254272, -13.5065956116], [-173.113922119, -161.580276489, -11.0157213211, 162.389862061, 7.06244516373, 221.527587891, 19.483745575, 20.5644168854, 0.705085337162, 4.84586048126, 7.81234169006, -17.5933799744, -26.1265945435], [58.3764381409, 65.2177429199, 10.9475717545, -11.3182382584, -18.2240524292, 19.483745575, 134.139312744, 70.3604888916, 34.7391548157, -4.35447359085, 14.4901790619, 7.85916137695, -1.94170975685], [-208.772155762, -20.8093318939, -6.75591611862, 35.2620582581, -0.693971633911, 20.5644168854, 70.3604888916, 108.826667786, 42.7152938843, 17.0907344818, 0.118764489889, 0.472942084074, 11.2022447586], [278.300109863, -17.8730297089, -25.1854686737, 39.5124435425, -31.1014099121, 0.705085337162, 34.7391548157, 42.7152938843, 95.5152053833, 29.8683300018, 11.2020273209, -3.71812534332, -10.4719762802], [-151.522781372, -165.537948608, -151.698898315, 61.7340278625, -2.33816313744, 4.84586048126, -4.35447359085, 17.0907344818, 29.8683300018, 97.7106018066, 31.2234325409, 12.9202098846, 28.0638751984], [60.8486671448, -70.8894729614, -31.4895935059, 9.57781505585, -61.3504180908, 7.81234169006, 14.4901790619, 0.118764489889, 11.2020273209, 31.2234325409, 88.669342041, 56.9338760376, 5.75756502151], [-152.466812134, -72.3965072632, -34.8015480042, -57.6008872986, -45.8551254272, -17.5933799744, 7.85916137695, 0.472942084074, -3.71812534332, 12.9202098846, 56.9338760376, 95.7498321533, 40.6007461548], [-311.046936035, -83.360534668, -80.9271240234, -35.2713050842, -13.5065956116, -26.1265945435, -1.94170975685, 11.2022447586, -10.4719762802, 28.0638751984, 5.75756502151, 40.6007461548, 105.054443359]],
        "icov": [[0.000569601368625, -0.000273896264844, 0.000380726356525, -0.000455235713162, 0.000752920284867, 0.000599008111749, -0.00058639672352, 0.00200881832279, -0.00212469114922, 0.00148036680184, -0.00077774527017, 0.000958696182352, 0.000695183232892], [-0.000273896264844, 0.0155258215964, -0.00964179262519, 0.00485287234187, -0.0132385184988, 0.0087164491415, -0.010466302745, 0.00623453781009, -0.00572173949331, 0.00928994454443, -0.00955897755921, 0.011760044843, -0.00175498239696], [0.000380726356525, -0.00964179262519, 0.0076130121015, -0.00336385588162, 0.00887390505522, -0.00483936676756, 0.0064372564666, -0.00361493858509, 0.00285217398778, -0.00266789086163, 0.00529219582677, -0.00657235458493, 0.00190050702076], [-0.000455235713162, 0.00485287234187, -0.00336385588162, 0.00552506558597, -0.00385579606518, -0.000240206791204, -0.00140547705814, -0.000604322704021, -0.00072108535096, -0.000527768104803, -0.00323357642628, 0.00550726475194, -0.000632508192211], [0.000752920284867, -0.0132385184988, 0.00887390505522, -0.00385579606518, 0.0189394745976, -0.00717255519703, 0.00850811414421, -0.00463934103027, 0.00590916117653, -0.0088858185336, 0.0124189527705, -0.00854532141238, 0.00415368983522], [0.000599008111749, 0.0087164491415, -0.00483936676756, -0.000240206791204, -0.00717255519703, 0.0124814929441, -0.00806837808341, 0.00582258822396, -0.00485188420862, 0.00874114967883, -0.00742587866262, 0.0078151980415, 0.000861281063408], [-0.00058639672352, -0.010466302745, 0.0064372564666, -0.00140547705814, 0.00850811414421, -0.00806837808341, 0.0211991611868, -0.0155446557328, 0.00503906933591, -0.00538027007133, 0.00405502598733, -0.00809546280652, 0.000428455852671], [0.00200881832279, 0.00623453781009, -0.00361493858509, -0.000604322704021, -0.00463934103027, 0.00582258822396, -0.0155446557328, 0.0280665177852, -0.0155824758112, 0.00786897912621, -0.00442473357543, 0.00754514336586, -0.000850180513225], [-0.00212469114922, -0.00572173949331, 0.00285217398778, -0.00072108535096, 0.00590916117653, -0.00485188420862, 0.00503906933591, -0.0155824758112, 0.0274280644953, -0.0155572015792, 0.00915059819818, -0.00870838202536, 0.00218586018309], [0.00148036680184, 0.00928994454443, -0.00266789086163, -0.000527768104803, -0.0088858185336, 0.00874114967883, -0.00538027007133, 0.00786897912621, -0.0155572015792, 0.032545786351, -0.0188036933541, 0.0141878342256, -0.00508239353076], [-0.00077774527017, -0.00955897755921, 0.00529219582677, -0.00323357642628, 0.0124189527705, -0.00742587866262, 0.00405502598733, -0.00442473357543, 0.00915059819818, -0.0188036933541, 0.0369949117303, -0.0265259388834, 0.00755931949243], [0.000958696182352, 0.011760044843, -0.00657235458493, 0.00550726475194, -0.00854532141238, 0.0078151980415, -0.00809546280652, 0.00754514336586, -0.00870838202536, 0.0141878342256, -0.0265259388834, 0.0369378514588, -0.00863289926201], [0.000695183232892, -0.00175498239696, 0.00190050702076, -0.000632508192211, 0.00415368983522, 0.000861281063408, 0.000428455852671, -0.000850180513225, 0.00218586018309, -0.00508239353076, 0.00755931949243, -0.00863289926201, 0.0167807545513]]
    },
    "melbands": {
        "max": [0.00260231690481, 0.00561465788633, 0.0109783569351, 0.00806895177811, 0.00988166593015, 0.0069058877416, 0.00764522887766, 0.00489138392732, 0.00712905172259, 0.0061715953052, 0.00366899021901, 0.00222721113823, 0.00120136246551, 0.0011413822649, 0.000958514166996, 0.0023680194281, 0.000293217774015, 0.000307087611873, 0.00122554344125, 8.5597326688e-05, 0.00031811351073, 0.000237770131207, 6.45489199087e-05, 7.81229100539e-05, 4.03564699809e-05, 2.36481810134e-05, 5.39411485079e-05, 3.42962812283e-05, 2.44756447501e-05, 1.80590868695e-05, 1.44349796756e-05, 8.01205897005e-06, 7.9592482507e-06, 5.67743472857e-06, 6.20438004262e-06, 3.74052979168e-06, 3.60706167157e-06, 2.33740956901e-06, 1.58465991262e-06, 3.11350277116e-07],
        "mean": [0.00014780840138, 0.000352632225258, 0.000494135427289, 0.000455378292827, 0.000499657704495, 0.000461575167719, 0.000702932011336, 0.000447279744549, 0.000616204866674, 0.000313801225275, 0.000153268716531, 0.000144260324305, 0.000108324697067, 4.46734266006e-05, 4.28984458267e-05, 9.45545107243e-05, 2.41190482484e-05, 1.23228492157e-05, 4.44439501734e-05, 8.17609634396e-06, 1.29857608044e-05, 1.12224815894e-05, 3.45850889971e-06, 3.51894118467e-06, 4.23008623329e-06, 2.23372785513e-06, 2.93090579362e-06, 1.6097930029e-06, 1.16462217647e-06, 5.93004813254e-07, 4.93588913741e-07, 3.23642154854e-07, 2.58544645249e-07, 2.51152840747e-07, 2.19039094418e-07, 9.20392793091e-08, 8.19544823116e-08, 6.48045386242e-08, 4.24969996971e-08, 1.05046904508e-08],
        "min": [5.77231373811e-09, 9.9715284918e-09, 1.19387246755e-08, 1.06337703087e-08, 8.4671203382e-09, 8.06948996512e-09, 9.47333855805e-09, 5.86445292328e-09, 3.79329678779e-09, 2.28277556857e-08, 2.95760322899e-08, 4.2018989177e-08, 5.56322170553e-08, 6.5820309203e-08, 6.36747543581e-08, 1.24648158462e-08, 8.49146353232e-09, 1.1782944398e-08, 1.02517097034e-08, 2.739616356e-08, 1.91327025334e-08, 1.51655790148e-08, 3.28207638844e-09, 2.13646589309e-09, 2.46393683234e-09, 1.45160850007e-09, 4.68342531423e-10, 5.89282456165e-10, 2.83531226275e-10, 1.33410810177e-10, 1.60015140027e-10, 4.95108815057e-11, 1.78511094795e-11, 2.96425974045e-11, 3.04142024066e-11, 1.4493823676e-11, 8.82118683654e-12, 7.87123664858e-12, 9.03081168874e-12, 4.40964539189e-12],
        "stdev": [0.000281158980215, 0.000654235656839, 0.000981524470262, 0.000847909774166, 0.000998858595267, 0.000737291120458, 0.00110383122228, 0.000741917465348, 0.000968563079368, 0.000518650689628, 0.000302845059196, 0.000270617281785, 0.000197862376808, 9.88951214822e-05, 7.06037899363e-05, 0.000281981454464, 4.02491750719e-05, 2.10107355088e-05, 0.000122012839711, 1.12178731797e-05, 3.46981723851e-05, 2.6545358196e-05, 6.88750242261e-06, 6.8341273618e-06, 6.87557121637e-06, 3.95274491893e-06, 6.73705062582e-06, 3.98114025302e-06, 3.08701919494e-06, 1.58857289989e-06, 1.56802707352e-06, 1.00102602119e-06, 8.47189653541e-07, 8.4008166823e-07, 7.73277974986e-07, 3.28358822799e-07, 2.77090236978e-07, 2.43095172436e-07, 1.61699233558e-07, 3.43619674936e-08]
    },
    "melbands128": {
        "max": [0.00027983050677, 0.00226236297749, 0.00373712251894, 0.00540794618428, 0.0055903554894, 0.00768934050575, 0.0192943941802, 0.0113325640559, 0.00889836531132, 0.0117316571996, 0.00890919193625, 0.00565440533683, 0.0160762798041, 0.0162056051195, 0.00297337537631, 0.00557560659945, 0.0153377112001, 0.00891225412488, 0.0103895552456, 0.00950012262911, 0.00497532496229, 0.00915961153805, 0.00945204123855, 0.0177543237805, 0.00786556303501, 0.00818536709994, 0.00204539787956, 0.00694634299725, 0.0026106054429, 0.00108644017018, 0.00440164236352, 0.00426495680586, 0.0014390074648, 0.00217085075565, 0.000819915207103, 0.00206617987715, 0.00117854576092, 0.00102970330045, 0.00124748877715, 0.00129993923474, 0.00492032058537, 0.00055634760065, 0.000294646422844, 0.000398820877308, 0.000374104623916, 0.000357100798283, 0.000162693555467, 0.00197381759062, 0.00138713431079, 8.0215439084e-05, 0.0001500419894, 0.000116475341201, 4.14742899011e-05, 0.000596670783125, 0.000816725194454, 6.81499222992e-05, 8.74187244335e-05, 8.79609433468e-05, 4.13857742387e-05, 0.000308217917336, 2.38213106059e-05, 2.66428342002e-05, 6.71178204357e-05, 7.77795285103e-05, 7.80774862505e-05, 3.20295730489e-05, 6.325403956e-05, 4.46589074272e-05, 0.000107414423837, 9.83118025033e-06, 5.12972246725e-06, 9.36753422138e-05, 5.1328453992e-05, 6.95623975844e-06, 1.66020417964e-05, 4.27236736869e-05, 4.55746112493e-06, 1.15855073091e-05, 2.99474013445e-05, 2.63806055045e-06, 6.89815306032e-06, 1.61683892657e-05, 1.13879104902e-06, 1.24493471958e-05, 8.24924245535e-06, 4.44303123004e-06, 1.15509956231e-05, 7.23367406863e-07, 1.18556008601e-05, 2.84470252154e-06, 6.70159352012e-06, 3.65609025721e-06, 5.52446135771e-06, 5.30650413566e-06, 2.7235005291e-06, 2.71041426458e-06, 3.32237732437e-06, 1.31971671635e-06, 2.44806869887e-06, 6.96456197602e-07, 9.4594707889e-07, 3.1727044103e-08, 1.32035964384e-08, 1.28215775774e-08, 1.04608863793e-08, 7.99014276964e-09, 7.62795338005e-09, 7.15345871427e-09, 6.79041001206e-09, 6.53445075827e-09, 6.24118623449e-09, 5.98974292387e-09, 5.74478598026e-09, 5.53474110987e-09, 5.39082467554e-09, 5.20086418376e-09, 5.06477659812e-09, 4.88454654501e-09, 4.74634020975e-09, 4.60123850132e-09, 4.49830306337e-09, 4.40119896084e-09, 4.33282076884e-09, 4.24257384779e-09, 4.19652845807e-09, 4.13835721247e-09, 4.09374489863e-09, 4.07288647253e-09],
        "mean": [1.61022580869e-05, 0.000109994361992, 0.000205961507163, 0.000216446511331, 0.000308052869514, 0.000471819919767, 0.000600645784289, 0.000483193609398, 0.000357739627361, 0.000467848731205, 0.000562464818358, 0.000301639112877, 0.000546064926311, 0.000695127178915, 0.000305492867483, 0.000390415603761, 0.000645430875011, 0.00061284203548, 0.00107997539453, 0.000429263047408, 0.000182442716323, 0.000320553022902, 0.000762327341363, 0.000898076978046, 0.000221962225623, 0.000224990770221, 0.000105471553979, 0.000212615006603, 0.000110496672278, 4.63706528535e-05, 0.000200201218831, 0.000265530572506, 4.80884518765e-05, 6.79227159708e-05, 2.29461347772e-05, 4.87215984322e-05, 5.78346989641e-05, 5.5807409808e-05, 2.05380129046e-05, 4.05086830142e-05, 0.00019793692627, 2.69011197815e-05, 1.5207719116e-05, 2.12475097214e-05, 1.29500285766e-05, 8.93489959708e-06, 9.72785437625e-06, 6.81858218741e-05, 4.84123665956e-05, 4.69969427286e-06, 7.56126155466e-06, 7.30199462851e-06, 2.79578080153e-06, 2.03185118153e-05, 2.71825447271e-05, 5.44685553905e-06, 4.18056515628e-06, 1.84682392046e-06, 2.52612585427e-06, 7.95846062829e-06, 1.74871502168e-06, 2.10758958019e-06, 4.93434163218e-06, 4.64203276351e-06, 4.05353284805e-06, 1.46588536154e-06, 1.83392614872e-06, 2.56859402725e-06, 4.42978125648e-06, 8.51470758789e-07, 5.07012146045e-07, 3.35651157002e-06, 1.93960704564e-06, 3.34662928481e-07, 4.9826439863e-07, 1.15476018436e-06, 2.16120795926e-07, 3.63784209867e-07, 8.95218363439e-07, 1.06839429748e-07, 2.87176845859e-07, 5.43067301351e-07, 7.29113338593e-08, 3.77400482421e-07, 2.44967907292e-07, 1.53050663698e-07, 4.29706943805e-07, 4.74651429272e-08, 3.9667597207e-07, 8.72152554621e-08, 1.13976405203e-07, 6.51933333984e-08, 1.09598431663e-07, 7.639798838e-08, 8.80959873939e-08, 5.92320290593e-08, 8.0887538445e-08, 3.17022923468e-08, 6.51035563237e-08, 2.21969234104e-08, 2.79087437605e-08, 2.23739426986e-09, 1.20764165334e-09, 9.54892609428e-10, 1.78655840122e-10, 2.14483777961e-11, 2.11211759887e-11, 1.80331097277e-11, 1.69851823578e-11, 1.63361980193e-11, 1.56551768077e-11, 1.50522823372e-11, 1.4447777176e-11, 1.39312207603e-11, 1.35456038747e-11, 1.31044532864e-11, 1.27740908129e-11, 1.23105163216e-11, 1.1967385416e-11, 1.16138591799e-11, 1.1351354752e-11, 1.11124156751e-11, 1.09347565724e-11, 1.07114265374e-11, 1.0510843064e-11, 1.02356057657e-11, 1.0057539003e-11, 9.99517395933e-12],
        "min": [3.38251915366e-09, 4.76215555878e-09, 6.45058628734e-09, 8.29451973772e-09, 9.98555105269e-09, 1.1239507991e-08, 1.19893410755e-08, 1.22227490351e-08, 1.18757572665e-08, 1.08911102359e-08, 9.69591695821e-09, 8.84706530258e-09, 8.25930968062e-09, 7.79617082003e-09, 7.72923236525e-09, 8.23200441147e-09, 9.23466991765e-09, 1.00443129369e-08, 9.50557677015e-09, 7.37720817767e-09, 3.97492039284e-09, 1.29380239855e-09, 1.62698088335e-09, 7.88623655268e-09, 1.84312494156e-08, 3.01739717656e-08, 3.19573913998e-08, 2.66483208833e-08, 2.90883406251e-08, 3.9497692228e-08, 3.58868206263e-08, 4.76333141819e-08, 5.59482487006e-08, 1.45673491048e-08, 4.4598021276e-08, 4.06724005586e-08, 8.39318801127e-08, 7.67141159486e-08, 4.26058335279e-08, 1.9035917731e-08, 5.50745804517e-09, 1.69653024962e-09, 5.78204684132e-09, 1.31341169052e-08, 1.66476041841e-08, 9.80674386142e-09, 8.43238012749e-09, 9.54519752128e-09, 7.6003185967e-09, 2.16231690331e-08, 3.68549599727e-08, 2.695803758e-08, 1.53671866343e-08, 1.96024139143e-08, 1.74809393627e-08, 1.78453731792e-08, 1.05788027227e-08, 3.11604342329e-09, 1.00898178701e-09, 2.05451278212e-09, 2.73140843277e-09, 1.86887660902e-09, 1.37658850985e-09, 3.4676137517e-09, 2.78921130636e-09, 1.52913415263e-09, 4.4429340762e-10, 4.60845889227e-10, 6.19264417523e-10, 2.01109670583e-10, 6.30039076466e-10, 7.69217634033e-10, 5.74801928277e-10, 1.40329525777e-10, 2.4176820268e-11, 1.7403580313e-11, 2.54508469855e-10, 3.15107273607e-10, 9.57831244874e-11, 8.42712358229e-11, 3.36384080313e-11, 6.33937694006e-11, 1.74944832926e-11, 1.06857899265e-11, 2.01056254978e-11, 9.3924104605e-12, 4.15245234031e-11, 5.36051446287e-11, 3.05244197973e-11, 1.33272238731e-11, 1.20915092175e-11, 1.92141771244e-11, 1.08799514537e-11, 8.44605028277e-12, 3.84577916387e-12, 1.41582709098e-11, 3.89471007528e-12, 7.95198976111e-12, 1.14213968144e-11, 7.98145664144e-12, 7.7396743528e-12, 2.33974970475e-12, 2.73510966479e-12, 7.79472753704e-12, 4.3508326282e-12, 2.24268777919e-13, 1.77998864563e-13, 1.73771872e-13, 1.47061494384e-13, 1.41206477392e-13, 1.16731440052e-13, 1.97430477999e-13, 1.63043122297e-13, 1.30004486993e-13, 1.93446156988e-13, 1.73111470905e-13, 1.78932931839e-13, 1.32686925141e-13, 1.29986123319e-13, 2.02041196815e-13, 1.15039068224e-13, 1.39782784414e-13, 1.21040601587e-13, 7.92296255187e-14, 7.4747953866e-14, 3.44935092587e-14, 4.84997936587e-15, 2.68756460263e-16],
        "stdev": [2.4966948331e-05, 0.000231713624089, 0.000424475612817, 0.000458551803604, 0.000642435625196, 0.00105784158222, 0.00149280659389, 0.00107829715125, 0.000885184272192, 0.00102924229577, 0.00121053482872, 0.000643831153866, 0.00148365308996, 0.00160211825278, 0.000507951364852, 0.000766321434639, 0.00146864412818, 0.00126403628383, 0.00207157270052, 0.000886378518771, 0.000499014568049, 0.000977278570645, 0.00139741250314, 0.00161344639491, 0.000520632020198, 0.000665477244183, 0.000208972211112, 0.000557535793632, 0.000258044077782, 0.000101580102637, 0.000465823803097, 0.000635059957858, 0.000138210278237, 0.000198875655769, 5.76011334488e-05, 0.000167813981534, 0.000130682761665, 0.000104492995888, 5.9779464209e-05, 0.000113450158096, 0.000627859961241, 6.58854842186e-05, 3.1620322261e-05, 4.04083912144e-05, 3.14316421282e-05, 2.25737803703e-05, 2.21507598326e-05, 0.000201232614927, 0.00013579824008, 7.36751462682e-06, 1.52119773702e-05, 1.36528597068e-05, 4.90325737701e-06, 6.52735252515e-05, 8.89210277819e-05, 9.9220451375e-06, 9.39354504226e-06, 5.7311940509e-06, 5.17635544384e-06, 2.46505296673e-05, 2.94654000754e-06, 3.09795245812e-06, 9.69669872575e-06, 9.77146919467e-06, 1.11536583063e-05, 3.16234627462e-06, 5.21301899425e-06, 6.1081250351e-06, 1.22807914522e-05, 1.39851772474e-06, 6.72337364449e-07, 1.09672027975e-05, 6.06035928286e-06, 7.00624923411e-07, 1.30666387577e-06, 3.80790038434e-06, 4.2121192223e-07, 1.12203861136e-06, 3.30633770318e-06, 2.05940438036e-07, 8.44595774652e-07, 1.93222808775e-06, 1.40383704661e-07, 1.360052579e-06, 8.39512097173e-07, 5.01042961787e-07, 1.63577021794e-06, 1.0018258223e-07, 1.52566985889e-06, 2.90828978677e-07, 4.50930571105e-07, 2.56193970927e-07, 4.0480529151e-07, 3.20270885368e-07, 3.03433665749e-07, 2.17882274001e-07, 3.50884874933e-07, 1.23505287775e-07, 2.59533749158e-07, 7.27504740894e-08, 1.02781513078e-07, 3.28575566755e-09, 1.23911070293e-09, 9.85523995745e-10, 4.65923799542e-10, 3.40356631767e-10, 3.25043519878e-10, 3.04642755466e-10, 2.89181456559e-10, 2.78280731791e-10, 2.65790695009e-10, 2.5508206658e-10, 2.44650633086e-10, 2.35705066576e-10, 2.29575872202e-10, 2.21484969254e-10, 2.15688078509e-10, 2.08014272474e-10, 2.02128633275e-10, 1.95949395598e-10, 1.91565971419e-10, 1.87430390652e-10, 1.84517817692e-10, 1.80674974981e-10, 1.78717374233e-10, 1.76245698591e-10, 1.7434884092e-10, 1.73460953934e-10]
    },
    "mfcc": {
        "mean": [-724.531677246, 178.589447021, -33.4632263184, 11.3368253708, -13.3301296234, -8.12084007263, -6.31354951859, -2.30758023262, -4.64462280273, 3.76655268669, -4.70344734192, -0.112044841051, -2.04498338699],
        "cov": [[5540.11181641, -56.7699623108, 265.095550537, 178.908218384, -268.88760376, -26.6695957184, -315.475280762, 11.5637340546, -115.478500366, 129.158309937, 36.0970344543, 106.570381165, 116.653236389], [-56.7699623108, 1369.51599121, 364.187286377, -78.4480514526, 39.4147224426, -144.777175903, 16.7527122498, 86.7437286377, -12.2575340271, -86.5699462891, -18.4888534546, -35.9769439697, -80.6165161133], [265.095550537, 364.187286377, 896.709899902, 86.25, 20.526222229, -1.6246663332, 5.08543872833, 121.334197998, -46.2165374756, -6.73644304276, -9.72543334961, 8.97437381744, 46.7576599121], [178.908218384, -78.4480514526, 86.25, 203.176361084, 37.2894592285, 11.2867269516, -6.34629487991, -24.9692516327, 28.814907074, 44.630279541, 12.5043306351, 27.2998256683, 13.8486709595], [-268.88760376, 39.4147224426, 20.526222229, 37.2894592285, 165.136962891, 61.0298919678, 18.4042072296, -19.6182518005, 15.3816919327, -2.79967784882, -3.13300943375, 0.399294763803, -25.4994621277], [-26.6695957184, -144.777175903, -1.6246663332, 11.2867269516, 61.0298919678, 117.230056763, 33.7791748047, -5.0345788002, 8.10715484619, 18.8291683197, -1.48069429398, 9.39273834229, 9.8179807663], [-315.475280762, 16.7527122498, 5.08543872833, -6.34629487991, 18.4042072296, 33.7791748047, 98.0136032104, 36.8377304077, 16.211938858, 11.6582632065, 0.689737677574, -5.06616544724, -5.43046092987], [11.5637340546, 86.7437286377, 121.334197998, -24.9692516327, -19.6182518005, -5.0345788002, 36.8377304077, 128.313812256, 16.9402885437, 4.86038541794, 18.6179542542, 10.1248273849, 14.811542511], [-115.478500366, -12.2575340271, -46.2165374756, 28.814907074, 15.3816919327, 8.10715484619, 16.211938858, 16.9402885437, 112.669395447, 52.5865936279, 9.28936386108, 11.1638708115, -16.9165458679], [129.158309937, -86.5699462891, -6.73644304276, 44.630279541, -2.79967784882, 18.8291683197, 11.6582632065, 4.86038541794, 52.5865936279, 87.7755279541, 30.6617507935, 18.80950737, 9.80894374847], [36.0970344543, -18.4888534546, -9.72543334961, 12.5043306351, -3.13300943375, -1.48069429398, 0.689737677574, 18.6179542542, 9.28936386108, 30.6617507935, 68.4640655518, 36.9190673828, 8.69711971283], [106.570381165, -35.9769439697, 8.97437381744, 27.2998256683, 0.399294763803, 9.39273834229, -5.06616544724, 10.1248273849, 11.1638708115, 18.80950737, 36.9190673828, 78.8612670898, 35.7719841003], [116.653236389, -80.6165161133, 46.7576599121, 13.8486709595, -25.4994621277, 9.8179807663, -5.43046092987, 14.811542511, -16.9165458679, 9.80894374847, 8.69711971283, 35.7719841003, 78.0622177124]],
        "icov": [[0.000338121084496, -0.000150034131366, 7.85918600741e-05, -0.000379919802072, 0.00067011808278, -0.000716292357538, 0.00139702460729, -0.000564001034945, 0.000855632068124, -0.00108384282794, 0.000583722488955, -0.00044627848547, 0.000334375945386], [-0.000150034131366, 0.00132505851798, -0.00062359025469, 0.000796010659542, -0.00113143830094, 0.00226806895807, -0.00122572667897, 0.000123183141113, -0.000674330047332, 0.0011415554909, -0.000227653683396, -0.000237555985223, 0.000906082044821], [7.85918600741e-05, -0.00062359025469, 0.00190435454715, -0.0013572901953, 1.99504083866e-05, -0.000914805044886, 0.00115837762132, -0.00229398347437, 0.00167019851506, -0.00108576426283, 0.00117883330677, 0.000137427457958, -0.000719839415979], [-0.000379919802072, 0.000796010659542, -0.0013572901953, 0.00770512456074, -0.00280714803375, 0.00287466240115, -0.00199965224601, 0.00309831346385, -0.00204303860664, -0.00160276319366, -0.000250142504228, -0.00135674991179, -0.000761394039728], [0.00067011808278, -0.00113143830094, 1.99504083866e-05, -0.00280714803375, 0.0113046709448, -0.00794523395598, 0.00262622069567, 0.000445856887382, 0.000169827457285, 0.000822330242954, -0.000116000192065, -0.00126531731803, 0.0036325356923], [-0.000716292357538, 0.00226806895807, -0.000914805044886, 0.00287466240115, -0.00794523395598, 0.0178025737405, -0.00776963261887, 0.00196040212177, -0.000887070724275, -0.000831685203593, 0.00121288455557, -0.00103582872543, -0.00204441300593], [0.00139702460729, -0.00122572667897, 0.00115837762132, -0.00199965224601, 0.00262622069567, -0.00776963261887, 0.0198876876384, -0.00740001443774, 0.00379282212816, -0.00629311846569, 0.00349756563082, -0.000500987516716, 0.00238265562803], [-0.000564001034945, 0.000123183141113, -0.00229398347437, 0.00309831346385, 0.000445856887382, 0.00196040212177, -0.00740001443774, 0.0145954368636, -0.00605744402856, 0.00479269819334, -0.00614356528968, 0.0016310501378, -0.00356849329546], [0.000855632068124, -0.000674330047332, 0.00167019851506, -0.00204303860664, 0.000169827457285, -0.000887070724275, 0.00379282212816, -0.00605744402856, 0.0188320260495, -0.0141853084788, 0.0075724539347, -0.0056262081489, 0.00656526116654], [-0.00108384282794, 0.0011415554909, -0.00108576426283, -0.00160276319366, 0.000822330242954, -0.000831685203593, -0.00629311846569, 0.00479269819334, -0.0141853084788, 0.0280999895185, -0.0131627153605, 0.00541116110981, -0.00485880766064], [0.000583722488955, -0.000227653683396, 0.00117883330677, -0.000250142504228, -0.000116000192065, 0.00121288455557, 0.00349756563082, -0.00614356528968, 0.0075724539347, -0.0131627153605, 0.0275436379015, -0.01357174851, 0.00589493988082], [-0.00044627848547, -0.000237555985223, 0.000137427457958, -0.00135674991179, -0.00126531731803, -0.00103582872543, -0.000500987516716, 0.0016310501378, -0.0056262081489, 0.00541116110981, -0.01357174851, 0.0247104428709, -0.0117580834776], [0.000334375945386, 0.000906082044821, -0.000719839415979, -0.000761394039728, 0.0036325356923, -0.00204441300593, 0.00238265562803, -0.00356849329546, 0.00656526116654, -0.00485880766064, 0.00589493988082, -0.0117580834776, 0.022863779217]]
    },
    "spectral_contrast_coeffs": {
        "max": [-0.332602620125, -0.430958509445, -0.521834671497, -0.58792746067, -0.589908599854, -0.6617218256],
        "mean": [-0.689901649952, -0.709518671036, -0.734206616879, -0.78213006258, -0.783167362213, -0.771254599094],
        "min": [-0.900590658188, -0.93229919672, -0.961451947689, -0.912009656429, -0.886607766151, -0.914238452911],
        "stdev": [0.100583568215, 0.0921501591802, 0.0813837945461, 0.0636799111962, 0.0526090860367, 0.0410353280604]
    },
    "spectral_contrast_valleys": {
        "max": [-5.04010915756, -4.61825942993, -5.18701839447, -6.44165229797, -7.42700767517, -10.3127155304],
        "mean": [-7.51247406006, -6.79841852188, -7.60890102386, -8.11706924438, -8.56886196136, -12.0633821487],
        "min": [-11.5017538071, -10.7814788818, -9.63116359711, -10.3070926666, -11.3161582947, -15.0837001801],
        "stdev": [1.05888903141, 0.987377583981, 0.681734681129, 0.650586545467, 0.579286038876, 0.545827448368]
    }
},
"rhythm": {
    "beats_count": 23,
    "beats_loudness": {
        "max": 0.065908588469,
        "mean": 0.0250336267054,
        "min": 9.40121608437e-05,
        "stdev": 0.0187317803502
    },
    "bpm": 111.937973022,
    "bpm_histogram_first_peak_bpm": 112,
    "bpm_histogram_first_peak_weight": 0.5625,
    "bpm_histogram_second_peak_bpm": 105,
    "bpm_histogram_second_peak_spread": 0,
    "bpm_histogram_second_peak_weight": 0.136363640428,
    "danceability": 0.845190405846,
    "onset_rate": 2.03771901131,
    "beats_loudness_band_ratio": {
        "max": [0.409586310387, 0.542660057545, 0.818103730679, 0.41037607193, 0.39153778553, 0.0709565654397],
        "mean": [0.12465685606, 0.24670855701, 0.477130323648, 0.166274115443, 0.0619859322906, 0.0116716120392],
        "min": [0.000909284572117, 0.0448084361851, 0.147214114666, 0.0376917906106, 0.000789192446973, 0.000320624676533],
        "stdev": [0.117578715086, 0.139555260539, 0.182623788714, 0.117508009076, 0.0797114744782, 0.0187524612993]
    },
    "beats_position": [0.510838985443, 1.04489791393, 1.53251695633, 2.02013611794, 2.50775504112, 3.04181408882, 3.5758728981, 4.1099319458, 4.6439909935, 5.16644001007, 5.6888885498, 6.21133756638, 6.73378658295, 7.26784563065, 7.83673477173, 8.40562343597, 8.96290206909, 9.53179073334, 10.0890703201, 10.6347389221, 11.1804075241, 11.7260770798, 12.2601356506],
