{
"metadata": {
    "version": {
        "essentia": "2.1-beta5",
        "essentia_git_sha": "Undefined",
        "extractor": "music 2.0"
    },
    "audio_properties": {
        "analysis": {
            "equal_loudness": 0,
            "length": 81.2466201782,
            "sample_rate": 44100,
            "start_time": 12.7477550507,
            "downmix": "mix"
        },
        "bit_rate": 192000,
        "length": 156.641830444,
        "lossless": 0,
        "number_channels": 2,
        "replay_gain": -7.57835388184,
        "sample_rate": 48000,
        "codec": "mp3",
        "md5_encoded": "956deac8e55e96894264f5131ebec631"
    },
    "tags": {
        "file_name": "Belgium_Quand Tu Reviendras_Claude Lombard.mp3",
        "encoding": ["Lavf58.29.100"]
    }
},
"lowlevel": {
    "average_loudness": 0.769352138042,
    "barkbands_crest": {
        "max": 25.8547439575,
        "mean": 12.6173648834,
        "min": 4.06749153137,
        "stdev": 4.65747690201
    },
    "barkbands_flatness_db": {
        "max": 0.461901158094,
        "mean": 0.257880359888,
        "min": 0.10939566046,
        "stdev": 0.0462395064533
    },
    "barkbands_kurtosis": {
        "max": 123.683120728,
        "mean": 7.13312959671,
        "min": -1.76556241512,
        "stdev": 9.50528049469
    },
    "barkbands_skewness": {
        "max": 9.04876422882,
        "mean": 1.50181043148,
        "min": -2.52658748627,
        "stdev": 1.1746391058
    },
    "barkbands_spread": {
        "max": 63.5785369873,
        "mean": 7.07040548325,
        "min": 0.417241990566,
        "stdev": 5.82117891312
    },
    "dissonance": {
        "max": 0.499456703663,
        "mean": 0.410463213921,
        "min": 0.177795469761,
        "stdev": 0.0477171242237
    },
    "dynamic_complexity": 3.76555013657,
    "erbbands_crest": {
        "max": 32.4501419067,
        "mean": 13.8095645905,
        "min": 3.93591141701,
        "stdev": 5.23190450668
    },
    "erbbands_flatness_db": {
        "max": 0.412735193968,
        "mean": 0.276037544012,
        "min": 0.136898383498,
        "stdev": 0.04214540869
    },
    "erbbands_kurtosis": {
        "max": 73.4967498779,
        "mean": 3.35099434853,
        "min": -1.81268119812,
        "stdev": 4.86725711823
    },
    "erbbands_skewness": {
        "max": 6.65457963943,
        "mean": 1.06606733799,
        "min": -2.80631613731,
        "stdev": 0.982289850712
    },
    "erbbands_spread": {
        "max": 100.057807922,
        "mean": 16.190486908,
        "min": 1.58943033218,
        "stdev": 11.2798614502
    },
    "hfc": {
        "max": 88.8092956543,
        "mean": 11.6813116074,
        "min": 0.0879390761256,
        "stdev": 12.4844455719
    },
    "loudness_ebu128": {
        "integrated": -17.5631694794,
        "loudness_range": 6.20787811279,
        "momentary": {
            "max": -12.6726636887,
            "mean": -18.8500995636,
            "min": -30.4709339142,
            "stdev": 3.53871846199
        },
        "short_term": {
            "max": -14.414068222,
            "mean": -18.104347229,
            "min": -24.2563304901,
            "stdev": 2.20980095863
        }
    },
    "melbands_crest": {
        "max": 32.0310058594,
        "mean": 15.4493017197,
        "min": 4.91287136078,
        "stdev": 5.53903150558
    },
    "melbands_flatness_db": {
        "max": 0.56093031168,
        "mean": 0.304442793131,
        "min": 0.0825047045946,
        "stdev": 0.0614303462207
    },
    "melbands_kurtosis": {
        "max": 160.528167725,
        "mean": 9.12503623962,
        "min": -1.76668190956,
        "stdev": 12.3313875198
    },
    "melbands_skewness": {
        "max": 8.96145153046,
        "mean": 1.65200066566,
        "min": -1.84508085251,
        "stdev": 1.27824854851
    },
    "melbands_spread": {
        "max": 179.917816162,
        "mean": 9.93925380707,
        "min": 0.434515416622,
        "stdev": 9.1809053421
    },
    "pitch_salience": {
        "max": 0.808134019375,
        "mean": 0.52471601963,
        "min": 0.109017595649,
        "stdev": 0.117706738412
    },
    "silence_rate_20dB": {
        "max": 1,
        "mean": 1,
        "min": 1,
        "stdev": 0
    },
    "silence_rate_30dB": {
        "max": 1,
        "mean": 0.999714314938,
        "min": 0,
        "stdev": 0.016900466755
    },
    "silence_rate_60dB": {
        "max": 1,
        "mean": 0.0794285684824,
        "min": 0,
        "stdev": 0.270398974419
    },
    "spectral_centroid": {
        "max": 4136.98828125,
        "mean": 626.686767578,
        "min": 155.633010864,
        "stdev": 334.738067627
    },
    "spectral_complexity": {
        "max": 36,
        "mean": 10.389714241,
        "min": 1,
        "stdev": 3.81904816628
    },
    "spectral_decrease": {
        "max": -1.58243904091e-10,
        "mean": -5.21167820011e-09,
        "min": -2.78020220179e-08,
        "stdev": 4.45690817585e-09
    },
    "spectral_energy": {
        "max": 0.10941594094,
        "mean": 0.0207296013832,
        "min": 0.000621345592663,
        "stdev": 0.017769286409
    },
    "spectral_energyband_high": {
        "max": 0.00870382040739,
        "mean": 7.84765288699e-05,
        "min": 4.63836016706e-07,
        "stdev": 0.000335089425789
    },
    "spectral_energyband_low": {
        "max": 0.0478854477406,
        "mean": 0.00261971238069,
        "min": 2.20305573748e-05,
        "stdev": 0.00449794344604
    },
    "spectral_energyband_middle_high": {
        "max": 0.0801556184888,
        "mean": 0.0041795768775,
        "min": 3.77274568564e-06,
        "stdev": 0.00796142406762
    },
    "spectral_energyband_middle_low": {
        "max": 0.105026587844,
        "mean": 0.0148606672883,
        "min": 6.85006743879e-05,
        "stdev": 0.0149035956711
    },
    "spectral_entropy": {
        "max": 8.21569538116,
        "mean": 6.5402097702,
        "min": 4.80176496506,
        "stdev": 0.442998409271
    },
    "spectral_flux": {
        "max": 0.226511657238,
        "mean": 0.0575284324586,
        "min": 0.00467268005013,
        "stdev": 0.0336078293622
    },
    "spectral_kurtosis": {
        "max": 60.6000099182,
        "mean": 14.4201984406,
        "min": -1.17426848412,
        "stdev": 9.16338253021
    },
    "spectral_rms": {
        "max": 0.0103318570182,
        "mean": 0.0041006389074,
        "min": 0.000778582587373,
        "stdev": 0.00184628274292
    },
    "spectral_rolloff": {
        "max": 8462.54882812,
        "mean": 757.160095215,
        "min": 107.666015625,
        "stdev": 601.443847656
    },
    "spectral_skewness": {
        "max": 6.16883277893,
        "mean": 2.73251509666,
        "min": -0.0120865348727,
        "stdev": 0.925294518471
    },
    "spectral_spread": {
        "max": 19687608,
        "mean": 2527195.75,
        "min": 1193622.875,
        "stdev": 964053.75
    },
    "spectral_strongpeak": {
        "max": 12.2799358368,
        "mean": 1.44708848,
        "min": 0.0207494590431,
        "stdev": 1.47234427929
    },
    "zerocrossingrate": {
        "max": 0.20703125,
        "mean": 0.0296360217035,
        "min": 0.00341796875,
        "stdev": 0.017109785229
    },
    "barkbands": {
        "max": [0.000259064690908, 0.0141969341785, 0.0301158577204, 0.0397834815085, 0.033152885735, 0.0792874991894, 0.100820951164, 0.0792644768953, 0.0296281836927, 0.0492315962911, 0.0512078143656, 0.0544127598405, 0.0324982777238, 0.013081564568, 0.0306798238307, 0.00671037239954, 0.0112742893398, 0.00445784581825, 0.00299638090655, 0.00352903665043, 0.00296120462008, 0.00328708114102, 0.00197264296003, 0.0021269780118, 0.000267017399892, 3.89046272176e-06, 4.17543151343e-06],
        "mean": [1.03101037894e-05, 0.000555559236091, 0.00124434707686, 0.00107011769433, 0.00162671797443, 0.00514710508287, 0.00395806645975, 0.00166831747629, 0.00104648480192, 0.00133714720141, 0.000809323217254, 0.00100439949892, 0.000389180291677, 0.00021331255266, 0.000258906715317, 9.12988762138e-05, 7.98234323156e-05, 6.85680788592e-05, 5.99036247877e-05, 3.03085962514e-05, 2.5541323339e-05, 1.2110618627e-05, 1.0748841305e-05, 1.07272344394e-05, 1.28601914184e-06, 1.71410852179e-09, 1.83605175508e-09],
        "min": [9.55224077615e-09, 1.50970848267e-07, 6.65383424803e-07, 2.89858661517e-07, 1.39628082252e-06, 1.57689510161e-06, 1.46065690387e-06, 2.49858260304e-07, 7.28019415419e-07, 5.46882006347e-07, 3.70104743297e-07, 1.48171864112e-07, 1.37210761864e-07, 1.53238772782e-07, 8.80782877744e-08, 1.35839286486e-07, 1.64351064313e-07, 1.00941676351e-07, 1.16603217748e-07, 5.14392048956e-08, 6.8347425497e-08, 5.3456229665e-08, 5.69995997068e-08, 8.14192731013e-08, 3.56121674372e-08, 2.19095713794e-11, 2.5070737153e-11],
        "stdev": [1.48552117025e-05, 0.00122141465545, 0.00267664599232, 0.00234732660465, 0.00232394831255, 0.0086174281314, 0.00969748012722, 0.00555312028155, 0.00240989914164, 0.0040193432942, 0.00326051865704, 0.00359891564585, 0.00179449887946, 0.000871767639183, 0.00129312928766, 0.000370150228264, 0.000417938659666, 0.000247448129812, 0.000174364846316, 0.000121432123706, 0.00010263590957, 0.000104293700133, 7.50500767026e-05, 7.12937762728e-05, 8.3051099864e-06, 6.57519194647e-08, 7.05680207602e-08]
    },
    "erbbands": {
        "max": [0.424730449915, 3.45103430748, 31.0823955536, 109.054504395, 36.5807037354, 140.178817749, 475.549346924, 1028.39257812, 1591.66906738, 1255.8013916, 2041.11193848, 619.350524902, 1031.73864746, 1942.37353516, 2636.71655273, 1664.3951416, 1749.27355957, 424.194915771, 1757.31958008, 828.345092773, 436.781951904, 527.414978027, 294.355529785, 279.357910156, 150.240280151, 218.200881958, 132.414871216, 122.298309326, 133.121444702, 58.532989502, 53.2747306824, 42.2551383972, 32.621723175, 6.95804643631, 0.242518439889, 0.0154327787459, 0.00721397250891, 0.00258196122013, 0.000600083149038, 0.000122787256259],
        "mean": [0.0133799882606, 0.152223080397, 1.1022465229, 3.2888917923, 2.53016853333, 6.11712503433, 20.0517024994, 50.752368927, 58.2852363586, 39.0980834961, 38.3351707458, 28.6912231445, 28.7671966553, 47.7819747925, 40.9102668762, 34.5992240906, 22.1078052521, 9.49223327637, 14.5837163925, 8.95079040527, 5.56692457199, 3.96226239204, 3.90142130852, 3.99023103714, 1.89409589767, 1.3913359642, 1.38258290291, 0.731625676155, 0.415751695633, 0.349366098642, 0.311683118343, 0.248937994242, 0.158815205097, 0.0344140306115, 0.00140422047116, 7.30995598133e-05, 1.57759968715e-05, 3.86392321161e-06, 1.07457062768e-05, 2.37403673964e-05],
        "min": [3.12613046844e-05, 0.000165670571732, 0.00226789526641, 0.00297294859774, 0.00217250175774, 0.0103212967515, 0.00970985926688, 0.0252167694271, 0.0256600379944, 0.0206949990243, 0.0365880951285, 0.0262933447957, 0.0170392282307, 0.0147343808785, 0.012585228309, 0.0095979925245, 0.00637805601582, 0.00794896204025, 0.0075442334637, 0.00901625491679, 0.0108010955155, 0.0109558105469, 0.00636434974149, 0.00566715747118, 0.00447085220367, 0.0030162257608, 0.00307838665321, 0.00244590989314, 0.0020216780249, 0.00149732909631, 0.00144634826574, 0.00155666831415, 0.00127732218243, 0.000701754761394, 7.09984669811e-05, 3.49294691659e-06, 4.58661418179e-07, 7.25707565152e-08, 3.07167567826e-07, 6.98518988429e-07],
        "stdev": [0.0295113772154, 0.329969197512, 2.50375509262, 6.75408744812, 3.69313693047, 9.04283237457, 31.5080680847, 98.2963790894, 118.801795959, 96.0625686646, 133.827606201, 61.5980148315, 77.8423080444, 147.400436401, 142.936141968, 113.03188324, 92.4562149048, 29.9372673035, 63.3391685486, 40.623298645, 21.8317813873, 19.3185596466, 14.9375095367, 12.6004104614, 5.64394617081, 6.17504358292, 4.81671714783, 3.87509727478, 3.68093442917, 2.67612314224, 2.17892026901, 1.71250724792, 1.06117892265, 0.219990581274, 0.00771143473685, 0.000412102177506, 0.000126736995298, 4.41538868472e-05, 1.34959127536e-05, 2.03640138352e-05]
    },
    "gfcc": {
        "mean": [-108.413017273, 177.277770996, -138.138931274, 15.764339447, -75.1916885376, -3.79794192314, -31.9102840424, -9.40818214417, -10.4171848297, -20.6679420471, 12.5416631699, -22.7669658661, 11.529296875],
        "cov": [[3034.61425781, -620.348754883, -1016.08642578, -42.3459472656, -161.416366577, -198.14553833, 3.8217022419, -136.966964722, -26.2663669586, 80.3710784912, 105.773147583, -27.9526634216, -46.1045227051], [-620.348754883, 623.033203125, 348.529388428, -135.207550049, 243.804321289, -36.9039649963, 60.663192749, -20.6034297943, -2.82885193825, -27.8072490692, -3.06904196739, -7.81105661392, 7.46737146378], [-1016.08642578, 348.529388428, 848.450683594, 111.455825806, 59.8239593506, 129.687988281, -44.429649353, 48.6044273376, 45.6512794495, -59.2237243652, -38.798915863, 30.1995830536, 8.02768611908], [-42.3459472656, -135.207550049, 111.455825806, 330.534759521, 29.9109840393, 32.5048332214, -36.0005569458, 47.6429977417, 58.3686180115, -10.702123642, -55.3732757568, 2.63592219353, -3.54087305069], [-161.416366577, 243.804321289, 59.8239593506, 29.9109840393, 278.273925781, -4.01223754883, 48.0111427307, 10.5255899429, 8.40155982971, -4.26193714142, -24.4952545166, -17.4822940826, -7.17820501328], [-198.14553833, -36.9039649963, 129.687988281, 32.5048332214, -4.01223754883, 234.759017944, 44.6863746643, 1.82281863689, -17.1547603607, -2.80188345909, -12.2678785324, -15.4110603333, -18.6203327179], [3.8217022419, 60.663192749, -44.429649353, -36.0005569458, 48.0111427307, 44.6863746643, 178.131088257, 6.95695829391, -28.8837833405, 31.9086723328, 34.1747512817, 6.11509656906, -17.8351192474], [-136.966964722, -20.6034297943, 48.6044273376, 47.6429977417, 10.5255899429, 1.82281863689, 6.95695829391, 123.023284912, 55.4272117615, -1.34327697754, 1.01952767372, 11.3555994034, 35.4749984741], [-26.2663669586, -2.82885193825, 45.6512794495, 58.3686180115, 8.40155982971, -17.1547603607, -28.8837833405, 55.4272117615, 132.440826416, 39.0554618835, -10.8047447205, 14.1680755615, -4.37771081924], [80.3710784912, -27.8072490692, -59.2237243652, -10.702123642, -4.26193714142, -2.80188345909, 31.9086723328, -1.34327697754, 39.0554618835, 99.7434005737, 46.103225708, 2.96256947517, -1.78158056736], [105.773147583, -3.06904196739, -38.798915863, -55.3732757568, -24.4952545166, -12.2678785324, 34.1747512817, 1.01952767372, -10.8047447205, 46.103225708, 109.631385803, 37.7411384583, 13.1640253067], [-27.9526634216, -7.81105661392, 30.1995830536, 2.63592219353, -17.4822940826, -15.4110603333, 6.11509656906, 11.3555994034, 14.1680755615, 2.96256947517, 37.7411384583, 89.3731613159, 41.4503517151], [-46.1045227051, 7.46737146378, 8.02768611908, -3.54087305069, -7.17820501328, -18.6203327179, -17.8351192474, 35.4749984741, -4.37771081924, -1.78158056736, 13.1640253067, 41.4503517151, 122.256141663]],
        "icov": [[0.000705865561031, 0.000711847562343, 0.000461677816929, -3.09881397698e-06, -0.000302896602079, 0.000414058828028, -0.000389454246033, 0.00126689870376, -0.00100344023667, 0.000926399312448, -0.00112232472748, 0.000769164122175, -0.00034920842154], [0.000711847562343, 0.0087347459048, -0.00362600432709, 0.00434328429401, -0.00626182183623, 0.0035734931007, -0.00384319364093, 0.00529649294913, -0.00450080307201, 0.00410225521773, -0.00261762714945, 0.00416347337887, -0.00305324792862], [0.000461677816929, -0.00362600432709, 0.00393513357267, -0.00240224879235, 0.00241115735844, -0.00235029030591, 0.00201817578636, -0.00141945516225, 0.000524293573108, 1.10106757347e-05, -0.000149127838085, -0.00191992393229, 0.00124345265795], [-3.09881397698e-06, 0.00434328429401, -0.00240224879235, 0.00623327307403, -0.00356947002001, 0.00117657950614, -0.00106820394285, 0.000784742820542, -0.00225270935334, 0.000907222623937, 0.00136873358861, 0.00058367830934, -0.000754821579903], [-0.000302896602079, -0.00626182183623, 0.00241115735844, -0.00356947002001, 0.00875786226243, -0.00177015177906, 0.000808161799796, -0.00315494625829, 0.00235831737518, -0.00232655997388, 0.00227339682169, -0.00161426863633, 0.00163757591508], [0.000414058828028, 0.0035734931007, -0.00235029030591, 0.00117657950614, -0.00177015177906, 0.00692394701764, -0.00335281156003, 0.00220802333206, -0.000892511394341, 0.00110726512503, -0.000524282746483, 0.00276438705623, -0.000949534703977], [-0.000389454246033, -0.00384319364093, 0.00201817578636, -0.00106820394285, 0.000808161799796, -0.00335281156003, 0.0105752395466, -0.00590791506693, 0.00653045764193, -0.00619270186871, 0.0014402915258, -0.00497736455873, 0.00439432356507], [0.00126689870376, 0.00529649294913, -0.00141945516225, 0.000784742820542, -0.00315494625829, 0.00220802333206, -0.00590791506693, 0.0186193231493, -0.0124323088676, 0.00936674233526, -0.00668599735945, 0.00726294610649, -0.00789460167289], [-0.00100344023667, -0.00450080307201, 0.000524293573108, -0.00225270935334, 0.00235831737518, -0.000892511394341, 0.00653045764193, -0.0124323088676, 0.0205355789512, -0.014216857031, 0.00868458859622, -0.00909213814884, 0.00703520001844], [0.000926399312448, 0.00410225521773, 1.10106757347e-05, 0.000907222623937, -0.00232655997388, 0.00110726512503, -0.00619270186871, 0.00936674233526, -0.014216857031, 0.023600269109, -0.0125997243449, 0.00882080662996, -0.00526409083977], [-0.00112232472748, -0.00261762714945, -0.000149127838085, 0.00136873358861, 0.00227339682169, -0.000524282746483, 0.0014402915258, -0.00668599735945, 0.00868458859622, -0.0125997243449, 0.0202103182673, -0.0105972038582, 0.00353402434848], [0.000769164122175, 0.00416347337887, -0.00191992393229, 0.00058367830934, -0.00161426863633, 0.00276438705623, -0.00497736455873, 0.00726294610649, -0.00909213814884, 0.00882080662996, -0.0105972038582, 0.021678738296, -0.00873465277255], [-0.00034920842154, -0.00305324792862, 0.00124345265795, -0.000754821579903, 0.00163757591508, -0.000949534703977, 0.00439432356507, -0.00789460167289, 0.00703520001844, -0.00526409083977, 0.00353402434848, -0.00873465277255, 0.0137703139335]]
    },
    "melbands": {
        "max": [0.00405132444575, 0.0107974410057, 0.0146526033059, 0.00485178269446, 0.0137249659747, 0.0196114424616, 0.0231977794319, 0.0136360833421, 0.0182736050338, 0.00429050903767, 0.00503827864304, 0.00836089160293, 0.00696583744138, 0.007615883369, 0.00370428594761, 0.0032581561245, 0.00105103640817, 0.00245981873013, 0.0015293166507, 0.00053851067787, 0.000674501934554, 0.000801496091299, 0.00026132320636, 0.00022228450689, 0.000259212625679, 0.00014577517868, 7.39716851967e-05, 0.000166869431268, 9.24465421122e-05, 7.68568279454e-05, 6.94145055604e-05, 7.86775490269e-05, 6.14927848801e-05, 2.52982590609e-05, 2.72834367934e-05, 3.93867339881e-05, 2.69557258434e-05, 2.67446957878e-05, 1.39209387271e-05, 3.33695606969e-06],
        "mean": [0.000138343762956, 0.000471672712592, 0.000501449976582, 0.000294866651529, 0.000616289791651, 0.00108772574458, 0.000906493456569, 0.000398489879444, 0.000298355414998, 0.00017010627198, 0.000140395015478, 0.00019555290055, 0.000123061225167, 0.000121700584714, 6.12364383414e-05, 3.28805726895e-05, 1.74735960172e-05, 2.40941008087e-05, 1.84748969332e-05, 7.27984843252e-06, 6.49063667879e-06, 4.5600336307e-06, 3.55154566023e-06, 2.99715020446e-06, 3.44924092133e-06, 1.53449855134e-06, 9.88890860754e-07, 9.10257654141e-07, 9.21097921491e-07, 7.13178110345e-07, 3.33703809474e-07, 2.31043287613e-07, 2.24568267981e-07, 1.7815193587e-07, 1.78175639576e-07, 1.70774697494e-07, 1.47775949699e-07, 1.25827853026e-07, 6.46596731713e-08, 1.56647921301e-08],
        "min": [1.2002431049e-07, 1.8857640498e-06, 5.90408149037e-07, 3.17550870932e-07, 2.52965406844e-07, 3.39285520568e-07, 4.07436800742e-07, 9.19369824715e-08, 2.11085421142e-07, 9.30872019467e-08, 8.26421100442e-08, 5.89391326855e-08, 4.77960249157e-08, 1.551797979e-08, 2.00906562497e-08, 1.19340199944e-08, 1.43767593386e-08, 1.09284306049e-08, 1.01786890028e-08, 9.83561143642e-09, 1.17192868743e-08, 8.70683258825e-09, 6.62827437381e-09, 4.21860812949e-09, 3.54183904427e-09, 2.392465559e-09, 2.88595347619e-09, 1.76389969297e-09, 1.78298553699e-09, 1.56516721805e-09, 1.05256015015e-09, 9.63569335433e-10, 7.98903776467e-10, 7.12073455755e-10, 7.6309364383e-10, 6.91582346946e-10, 9.09223418777e-10, 8.25952695127e-10, 7.01631641675e-10, 3.98982069605e-10],
        "stdev": [0.000311214709654, 0.000942667247728, 0.000932115653995, 0.000421914446633, 0.000931311573368, 0.00197057798505, 0.00194550922606, 0.000989821041003, 0.00108302931767, 0.000396167131839, 0.000399845128413, 0.000632160285022, 0.000442584627308, 0.000446696620202, 0.000214068262721, 0.000145456084283, 7.01371754985e-05, 9.90651533357e-05, 9.69501998043e-05, 2.8249607567e-05, 2.98343929899e-05, 2.77599501715e-05, 1.37396773425e-05, 1.12526231533e-05, 1.17024665087e-05, 4.73322415928e-06, 3.54865346708e-06, 4.60008186565e-06, 3.24324469148e-06, 2.93239668281e-06, 2.21362006414e-06, 2.04391585612e-06, 2.15386103264e-06, 1.29722332076e-06, 1.27977830289e-06, 1.24623545616e-06, 1.01765556337e-06, 8.53874553286e-07, 4.32450917742e-07, 1.04913276289e-07]
    },
    "melbands128": {
        "max": [0.000199199392227, 0.00272109266371, 0.0069264206104, 0.00629543699324, 0.0163021683693, 0.0151343047619, 0.0280785020441, 0.0123566845432, 0.00482272449881, 0.00847824476659, 0.00880951248109, 0.0145407831296, 0.0214096158743, 0.025645442307, 0.0341114476323, 0.0272120274603, 0.0313025861979, 0.040277313441, 0.03026917018, 0.0221636667848, 0.0245860442519, 0.0328300148249, 0.0368363112211, 0.0123533224687, 0.00647738296539, 0.00847632903606, 0.0056809457019, 0.00921009574085, 0.0103951757774, 0.0175358075649, 0.00991970300674, 0.0175036154687, 0.00829285103828, 0.01986521855, 0.0175414364785, 0.00706116715446, 0.0102301510051, 0.00438742153347, 0.00965443067253, 0.00835570693016, 0.00236874911934, 0.000514761079103, 0.00139628385659, 0.00290670408867, 0.0025505584199, 0.00254555069841, 0.0070207756944, 0.00372846191749, 0.00358088547364, 0.00114829838276, 0.000938567623962, 0.000974424299784, 0.000834389531519, 0.00173229060601, 0.00177577242721, 0.00159454648383, 0.000385259423638, 0.000570697826333, 0.00055941141909, 0.000669058586936, 0.000241193090915, 0.000360580394045, 0.000685894454364, 0.000299994309898, 0.000117004048661, 0.000186944555026, 0.000162162192282, 0.000146110585774, 9.78261959972e-05, 0.000134092304506, 0.000321122613968, 0.000120929224067, 0.000157181450049, 5.80273554078e-05, 7.70603510318e-05, 8.46572147566e-05, 9.35897041927e-05, 5.70840056753e-05, 7.35046633054e-05, 9.94616057142e-05, 9.40851314226e-05, 6.00424209551e-05, 9.23194966163e-05, 8.34201928228e-05, 3.17276790156e-05, 4.2100011342e-05, 2.10557336686e-05, 3.03276792692e-05, 4.49742292403e-05, 3.11739495373e-05, 4.44358083769e-05, 5.36324332643e-05, 3.31518313033e-05, 2.75272832369e-05, 3.42556631949e-05, 1.94183012354e-05, 3.55721967935e-05, 3.0112796594e-05, 1.18745274449e-05, 1.13904143291e-05, 7.55877999836e-06, 1.91705430552e-06, 6.40417709974e-08, 3.24771818327e-08, 3.13108046157e-08, 3.01304652339e-08, 2.88793593484e-08, 2.76990039794e-08, 2.65998032489e-08, 2.55436258811e-08, 2.46025848583e-08, 2.37276029935e-08, 2.28675567371e-08, 2.20879829982e-08, 2.13796358395e-08, 2.06899741784e-08, 2.00795184924e-08, 1.9512812699e-08, 1.89586693011e-08, 1.84773050194e-08, 1.80538162198e-08, 1.76440124733e-08, 1.73014846894e-08, 1.70164788926e-08, 1.67913558613e-08, 1.65855258416e-08, 1.64484870169e-08, 1.6359301469e-08],
        "mean": [8.75836940395e-06, 8.39623317006e-05, 0.000200243026484, 0.000229599012528, 0.00043624592945, 0.000662085250951, 0.000786839285865, 0.00037551499554, 0.000176381858182, 0.000327535643009, 0.000320787454257, 0.000387944601243, 0.000653672148474, 0.000900975370314, 0.00134039716795, 0.00106036860961, 0.000778109184466, 0.00105203618295, 0.00092460034648, 0.000251318037044, 0.000282098539174, 0.000300318613881, 0.000407483341405, 0.000126335798996, 0.000174128901563, 0.000213030099985, 8.78037390066e-05, 0.000162451862707, 0.00011440266826, 0.000244165654294, 0.000208873272641, 0.000131811393658, 7.09443193045e-05, 0.00016750539362, 0.000161827148986, 8.46543262014e-05, 0.00010522701632, 3.46897613781e-05, 5.89936644246e-05, 6.64412946207e-05, 1.59369119501e-05, 5.71428563489e-06, 7.63149000704e-06, 3.45630251104e-05, 2.48879241553e-05, 1.91357394215e-05, 2.7927735573e-05, 1.88089070434e-05, 1.65577876032e-05, 7.68263998907e-06, 5.04048284711e-06, 8.61845546751e-06, 5.00350734001e-06, 5.83569044466e-06, 9.10594462766e-06, 3.54424059879e-06, 1.79783125986e-06, 3.44469867741e-06, 3.94418975702e-06, 4.37859125668e-06, 2.4618225325e-06, 2.24503719437e-06, 4.09636641052e-06, 4.12695180785e-06, 1.93511550606e-06, 1.22768892652e-06, 1.56841235821e-06, 9.93847834252e-07, 8.5965729113e-07, 8.61350656578e-07, 9.1591743967e-07, 8.32987666399e-07, 1.23205882119e-06, 8.19016406695e-07, 7.27861163341e-07, 9.50217781792e-07, 6.12087205809e-07, 2.97839363839e-07, 3.20555756161e-07, 3.49752639295e-07, 2.15498559442e-07, 1.84613341503e-07, 2.34298724422e-07, 2.38795621499e-07, 2.11422445773e-07, 1.86127692814e-07, 1.59500515906e-07, 1.76128878593e-07, 1.77559570602e-07, 1.82578617114e-07, 1.82887518463e-07, 1.72493045625e-07, 1.4011966698e-07, 1.51132397264e-07, 1.50983467506e-07, 1.32857024937e-07, 1.27881421008e-07, 1.04972038173e-07, 6.76472922123e-08, 4.27690309834e-08, 3.26768798686e-08, 7.20250215025e-09, 1.00224550881e-09, 6.86970758057e-10, 1.29535923654e-10, 1.34436394308e-11, 1.28018576642e-11, 1.22030007627e-11, 1.1718365861e-11, 1.12554661771e-11, 1.08398351059e-11, 1.04551523689e-11, 1.00885454504e-11, 9.73133986587e-12, 9.4142020568e-12, 9.11752270905e-12, 8.84700212395e-12, 8.58885879085e-12, 8.353859271e-12, 8.13952898138e-12, 7.94879093102e-12, 7.77263583357e-12, 7.63008493193e-12, 7.49773593905e-12, 7.3564730696e-12, 7.19641230287e-12, 7.09790863238e-12, 7.05394987213e-12],
        "min": [2.2255440546e-11, 7.23002386849e-08, 7.14938934721e-08, 2.23268763477e-08, 7.21183965879e-08, 3.8814113168e-07, 3.20672654652e-07, 1.71495926793e-07, 1.02735960184e-07, 8.90621763006e-08, 1.31426446615e-07, 7.12207679499e-08, 1.40814137239e-07, 3.54176194151e-07, 3.83922156288e-07, 2.05610490411e-07, 2.09474649182e-07, 2.13199285781e-07, 1.93601632503e-08, 6.90010821813e-08, 3.67896930697e-08, 2.80882783699e-08, 2.74116125354e-08, 8.12380989146e-08, 3.85434901773e-08, 3.28063123334e-08, 2.32569092873e-08, 2.71843560995e-08, 4.87005813454e-08, 5.48906413655e-08, 2.94112982857e-08, 2.87110388797e-08, 2.16413749143e-08, 8.24576318337e-09, 6.74755806784e-09, 1.1008930656e-08, 1.12668798735e-08, 8.70955219057e-09, 1.29693642492e-08, 7.53887796634e-09, 6.99470259491e-09, 4.21185930577e-09, 2.94840818427e-09, 7.60075025141e-09, 6.64834454156e-09, 5.87921178408e-09, 1.98836280774e-09, 4.93002394464e-09, 5.89577853205e-09, 6.74329259098e-09, 3.60090623985e-09, 4.00469435391e-09, 4.7978376827e-09, 6.07111116935e-09, 4.36645519741e-09, 4.58467352971e-09, 3.3822828982e-09, 3.70963415541e-09, 3.09521164255e-09, 1.35411648561e-09, 1.00391739366e-09, 2.23062568416e-09, 2.03529326726e-09, 1.95817939641e-09, 1.76288861287e-09, 1.73114234059e-09, 1.89713866838e-09, 1.09600262199e-09, 1.30474764326e-09, 1.03229969017e-09, 1.5031152989e-09, 6.39203689978e-10, 9.85873049864e-10, 1.16740839218e-09, 8.58318693897e-10, 8.3027518194e-10, 4.9879939068e-10, 5.78337322477e-10, 7.61361418355e-10, 7.59148632845e-10, 5.01482799731e-10, 5.65730684521e-10, 5.49310819054e-10, 5.02552777171e-10, 5.3492599239e-10, 4.31740337925e-10, 4.03594990761e-10, 4.13462042381e-10, 5.43566525124e-10, 4.25119245362e-10, 5.51909962176e-10, 4.71975292182e-10, 6.20715423505e-10, 6.20922868677e-10, 5.62504653967e-10, 4.04173250423e-10, 6.22539353401e-10, 3.7822669996e-10, 5.09015718464e-10, 4.16166434647e-10, 3.63181734686e-10, 1.78317291488e-10, 1.25084220759e-10, 8.98719015874e-11, 4.93645597489e-13, 8.67453624123e-14, 6.08568371478e-14, 7.91490828498e-14, 6.84662152277e-14, 7.35899920645e-14, 6.81527927084e-14, 7.9583204176e-14, 6.63863427663e-14, 7.35748674442e-14, 6.6985682951e-14, 8.35506658433e-14, 8.23234641806e-14, 6.42528700601e-14, 7.38804701553e-14, 8.27900031516e-14, 6.13703288492e-14, 8.17461061949e-14, 7.70910841674e-14, 8.27398452486e-14, 6.27770608392e-14, 2.00342011454e-14, 3.34044044595e-15, 1.0052861642e-16],
        "stdev": [1.33794383146e-05, 0.000177604873898, 0.000536307110451, 0.000528969627339, 0.00125508219935, 0.00136287766509, 0.00171856931411, 0.000775098626036, 0.000383395148674, 0.000587939110119, 0.000558626023121, 0.000735763111152, 0.00124658364803, 0.00185779831372, 0.00308102206327, 0.00239751208574, 0.00195781956427, 0.00300112506375, 0.00299236713909, 0.000920445716474, 0.00123621092644, 0.0013288926566, 0.00186718499754, 0.000526143296156, 0.000441863579908, 0.000716240436304, 0.000322225532727, 0.000661123543978, 0.000510062731337, 0.00110562657937, 0.000685598759446, 0.000858902465552, 0.000398778123781, 0.000835216138512, 0.00087333744159, 0.000413669709815, 0.000477411842439, 0.000197626184672, 0.00035429772106, 0.000353094743332, 8.6451844254e-05, 2.43660215347e-05, 4.03775375162e-05, 0.000180577044375, 0.000126049242681, 0.000110661509098, 0.000222935210331, 0.000138539253385, 0.000130545973661, 5.2417814004e-05, 3.00184310618e-05, 4.67837780889e-05, 3.22769592458e-05, 4.71861494589e-05, 6.26294422545e-05, 3.95765127905e-05, 9.84504004009e-06, 1.83917054528e-05, 2.07354441955e-05, 2.58607688011e-05, 1.21306366054e-05, 1.2571363186e-05, 2.00980157388e-05, 1.70927978616e-05, 6.93114543537e-06, 5.25149425812e-06, 6.3591082835e-06, 4.70517761642e-06, 4.27723261964e-06, 4.2908013711e-06, 7.60988950788e-06, 4.27462327934e-06, 5.55342830921e-06, 3.0414187222e-06, 3.19781452163e-06, 4.28017847298e-06, 3.30101647705e-06, 1.89783668247e-06, 2.32114257415e-06, 2.66832694251e-06, 2.07688390219e-06, 1.74883609816e-06, 2.61419222625e-06, 2.62299658971e-06, 1.68521728483e-06, 1.59515559517e-06, 1.14565739295e-06, 1.35456434691e-06, 1.46281490743e-06, 1.28330361804e-06, 1.41090606576e-06, 1.42023407079e-06, 1.01649743556e-06, 1.06456843696e-06, 1.11087786081e-06, 8.81152629972e-07, 9.55423956839e-07, 8.69087898536e-07, 4.07440893468e-07, 3.00409851661e-07, 2.2683127554e-07, 5.23273939734e-08, 2.19803553136e-09, 1.19646936803e-09, 5.65012481246e-10, 5.09227771062e-10, 4.88086127071e-10, 4.68136140963e-10, 4.49558223981e-10, 4.31707614101e-10, 4.15803280696e-10, 4.0101547083e-10, 3.86479792613e-10, 3.73304082091e-10, 3.6133246395e-10, 3.49676676503e-10, 3.39359318424e-10, 3.29781396635e-10, 3.20415860511e-10, 3.12280756809e-10, 3.0512320448e-10, 2.98197244675e-10, 2.92407875691e-10, 2.87591200854e-10, 2.83787326971e-10, 2.80309997436e-10, 2.77994544051e-10, 2.76487305273e-10]
    },
    "mfcc": {
        "mean": [-738.779724121, 188.939529419, -0.585666835308, 10.7346715927, -9.33483028412, -11.7832174301, -2.01112937927, -7.3168258667, -8.63301944733, -1.39401805401, -11.8986673355, 2.33611679077, -4.51250123978],
        "cov": [[3622.21264648, -871.998291016, -913.239013672, -14.3185443878, -332.896636963, -155.990661621, -81.7865829468, -209.373931885, -149.136016846, 0.545733034611, -92.9711380005, 142.204208374, -151.791976929], [-871.998291016, 906.767089844, 94.3658752441, -17.2880916595, 110.612976074, 24.1290168762, 82.709854126, 11.6489191055, 10.2941226959, -20.1430454254, 1.49617195129, -24.716255188, 52.5791244507], [-913.239013672, 94.3658752441, 699.347229004, -12.7192716599, 129.820770264, 90.4015426636, -33.8727798462, 102.554664612, 18.8820533752, 7.65748977661, 12.9854688644, -35.3030052185, 51.6275672913], [-14.3185443878, -17.2880916595, -12.7192716599, 262.31652832, 82.2699890137, -9.3612947464, -31.0360565186, 24.6122131348, 51.0326271057, 6.03580713272, 0.667730748653, 19.7477340698, 10.7165975571], [-332.896636963, 110.612976074, 129.820770264, 82.2699890137, 233.680709839, 18.4822101593, -33.3502349854, 41.3035697937, 58.9549293518, 12.6995000839, -2.98072361946, -19.9983253479, -12.7516279221], [-155.990661621, 24.1290168762, 90.4015426636, -9.3612947464, 18.4822101593, 186.232437134, 53.0194511414, 27.7229270935, 6.26613140106, 5.3056139946, 46.4160652161, -19.0882854462, 20.9487361908], [-81.7865829468, 82.709854126, -33.8727798462, -31.0360565186, -33.3502349854, 53.0194511414, 188.441802979, 13.3121004105, -9.99252319336, 7.55246686935, -8.35627841949, -17.3594894409, 4.27013397217], [-209.373931885, 11.6489191055, 102.554664612, 24.6122131348, 41.3035697937, 27.7229270935, 13.3121004105, 123.225753784, 27.5356025696, 7.69371700287, 3.44386267662, -10.7416305542, 24.1080093384], [-149.136016846, 10.2941226959, 18.8820533752, 51.0326271057, 58.9549293518, 6.26613140106, -9.99252319336, 27.5356025696, 124.623657227, 22.4163227081, 4.64255285263, -1.67438340187, 4.38159751892], [0.545733034611, -20.1430454254, 7.65748977661, 6.03580713272, 12.6995000839, 5.3056139946, 7.55246686935, 7.69371700287, 22.4163227081, 99.7524108887, 14.4255514145, 7.34243774414, 1.11331117153], [-92.9711380005, 1.49617195129, 12.9854688644, 0.667730748653, -2.98072361946, 46.4160652161, -8.35627841949, 3.44386267662, 4.64255285263, 14.4255514145, 109.640525818, 25.3195285797, 19.4804935455], [142.204208374, -24.716255188, -35.3030052185, 19.7477340698, -19.9983253479, -19.0882854462, -17.3594894409, -10.7416305542, -1.67438340187, 7.34243774414, 25.3195285797, 109.531509399, 27.4975318909], [-151.791976929, 52.5791244507, 51.6275672913, 10.7165975571, -12.7516279221, 20.9487361908, 4.27013397217, 24.1080093384, 4.38159751892, 1.11331117153, 19.4804935455, 27.4975318909, 111.295021057]],
        "icov": [[0.000690643792041, 0.000476527726278, 0.000718932133168, -3.1609342841e-05, 0.000245020433795, -0.000306208094116, 0.000320447812555, 0.000202280600206, 0.000553339370526, -0.000197223344003, 0.000744803110138, -0.000753677566536, 0.000451998173958], [0.000476527726278, 0.00169407983776, 0.000442390883109, 0.000249477045145, -0.000817943422589, 9.53711787588e-05, -0.000608557951637, 0.000520689296536, 0.000435363413999, 0.000277857121546, 0.000310162256937, -0.000251752091572, -0.000592766096815], [0.000718932133168, 0.000442390883109, 0.00276205618866, 0.000474682630738, -0.000736882386263, -0.00110990274698, 0.00102495553438, -0.00101134751458, 0.000950017478317, -0.000325813336531, 0.000991498003714, -0.00039578563883, -0.000361109909136], [-3.1609342841e-05, 0.000249477045145, 0.000474682630738, 0.00482518365607, -0.00182477512863, 0.000119805372378, 0.000318345642881, -0.000579189683776, -0.0011347818654, 0.000269214593573, 0.000161851305165, -0.000823518028483, -0.00074704393046], [0.000245020433795, -0.000817943422589, -0.000736882386263, -0.00182477512863, 0.00713544152677, -0.000745132449083, 0.00149960187264, -0.000916422752198, -0.00178034685086, -0.00065023341449, 0.000685014238115, 0.000204447700526, 0.00224308203906], [-0.000306208094116, 9.53711787588e-05, -0.00110990274698, 0.000119805372378, -0.000745132449083, 0.00784629024565, -0.00267794635147, -0.000309583760099, -0.000321827887092, 0.000517263484653, -0.00397643586621, 0.00198156409897, -0.00113788212184], [0.000320447812555, -0.000608557951637, 0.00102495553438, 0.000318345642881, 0.00149960187264, -0.00267794635147, 0.00720579922199, -0.00118969846517, 0.00052851869259, -0.00113425590098, 0.00193995959125, 5.92271571804e-05, 0.000511899357662], [0.000202280600206, 0.000520689296536, -0.00101134751458, -0.000579189683776, -0.000916422752198, -0.000309583760099, -0.00118969846517, 0.0105964364484, -0.00130464113317, -0.000145382044138, 0.000225325216888, 0.000676210562233, -0.00189529662021], [0.000553339370526, 0.000435363413999, 0.000950017478317, -0.0011347818654, -0.00178034685086, -0.000321827887092, 0.00052851869259, -0.00130464113317, 0.0105036506429, -0.00201318785548, 0.000431354594184, -0.000325854634866, -5.18790911883e-05], [-0.000197223344003, 0.000277857121546, -0.000325813336531, 0.000269214593573, -0.00065023341449, 0.000517263484653, -0.00113425590098, -0.000145382044138, -0.00201318785548, 0.0109747219831, -0.0017129186308, -0.000428734812886, 3.32964305017e-06], [0.000744803110138, 0.000310162256937, 0.000991498003714, 0.000161851305165, 0.000685014238115, -0.00397643586621, 0.00193995959125, 0.000225325216888, 0.000431354594184, -0.0017129186308, 0.0125420205295, -0.00356854847632, -0.000215977386688], [-0.000753677566536, -0.000251752091572, -0.00039578563883, -0.000823518028483, 0.000204447700526, 0.00198156409897, 5.92271571804e-05, 0.000676210562233, -0.000325854634866, -0.000428734812886, -0.00356854847632, 0.0122664505616, -0.00353331817314], [0.000451998173958, -0.000592766096815, -0.000361109909136, -0.00074704393046, 0.00224308203906, -0.00113788212184, 0.000511899357662, -0.00189529662021, -5.18790911883e-05, 3.32964305017e-06, -0.000215977386688, -0.00353331817314, 0.0118959536776]]
    },
    "spectral_contrast_coeffs": {
        "max": [-0.427960455418, -0.410522371531, -0.473368555307, -0.527766406536, -0.597176373005, -0.55332005024],
        "mean": [-0.659018278122, -0.67987215519, -0.715322315693, -0.787703633308, -0.806125223637, -0.7951182127],
        "min": [-0.887721955776, -0.893159806728, -0.90632468462, -0.91371679306, -0.896656453609, -0.949286043644],
        "stdev": [0.072334676981, 0.0829077959061, 0.0718547999859, 0.0581730119884, 0.0426003746688, 0.044515222311]
    },
    "spectral_contrast_valleys": {
        "max": [-5.45934534073, -5.20639276505, -6.1736779213, -6.8536233902, -6.31644010544, -8.48313140869],
        "mean": [-7.25413322449, -6.81060218811, -7.85897397995, -8.56846809387, -8.89662837982, -11.9167547226],
        "min": [-9.08102893829, -9.42814731598, -10.1477489471, -10.7021484375, -10.7200984955, -12.9342508316],
        "stdev": [0.602324724197, 0.588186204433, 0.628980696201, 0.600497066975, 0.714599311352, 0.60368013382]
    }
},
"rhythm": {
    "beats_count": 149,
    "beats_loudness": {
        "max": 0.0839381068945,
        "mean": 0.0235792715102,
        "min": 0.0014377097832,
        "stdev": 0.0178687274456
    },
    "bpm": 109.821365356,
    "bpm_histogram_first_peak_bpm": 110,
    "bpm_histogram_first_peak_weight": 0.476190507412,
    "bpm_histogram_second_peak_bpm": 133,
    "bpm_histogram_second_peak_spread": 0.272727251053,
    "bpm_histogram_second_peak_weight": 0.108108110726,
    "danceability": 0.979696154594,
    "onset_rate": 2.01825714111,
    "beats_loudness_band_ratio": {
        "max": [0.971998810768, 0.917403280735, 0.925782680511, 0.859333157539, 0.419079065323, 0.888654112816],
        "mean": [0.195321083069, 0.371830940247, 0.298463821411, 0.141954228282, 0.0291173625737, 0.0167143903673],
        "min": [0.00593755254522, 0.0125215118751, 0.00102401641198, 0.000552419922315, 0.000168894490344, 2.67770083155e-05],
        "stdev": [0.229913443327, 0.255211889744, 0.214431285858, 0.17826628685, 0.0587041936815, 0.0848819166422]
    },
