{
"metadata": {
    "version": {
        "essentia": "2.1-beta5",
        "essentia_git_sha": "Undefined",
        "extractor": "music 2.0"
    },
    "audio_properties": {
        "analysis": {
            "equal_loudness": 0,
            "length": 97.5005874634,
            "sample_rate": 44100,
            "start_time": 61.4980506897,
            "downmix": "mix"
        },
        "bit_rate": 192000,
        "length": 189.161376953,
        "lossless": 0,
        "number_channels": 2,
        "replay_gain": -6.9642791748,
        "sample_rate": 48000,
        "codec": "mp3",
        "md5_encoded": "f77734b6a6125a1060c98ad7a2838b0b"
    },
    "tags": {
        "file_name": "Ireland_Chance Of A Lifetime_Pat McGeegan.mp3",
        "encoding": ["Lavf58.29.100"]
    }
},
"lowlevel": {
    "average_loudness": 0.886118650436,
    "barkbands_crest": {
        "max": 25.18227005,
        "mean": 10.0203132629,
        "min": 2.75347399712,
        "stdev": 3.82458853722
    },
    "barkbands_flatness_db": {
        "max": 0.359764695168,
        "mean": 0.220058768988,
        "min": 0.09865347296,
        "stdev": 0.0385700389743
    },
    "barkbands_kurtosis": {
        "max": 32.0335388184,
        "mean": 2.7951002121,
        "min": -1.57550311089,
        "stdev": 3.19615006447
    },
    "barkbands_skewness": {
        "max": 5.33064603806,
        "mean": 1.07736670971,
        "min": -1.79350340366,
        "stdev": 0.818687260151
    },
    "barkbands_spread": {
        "max": 54.9876556396,
        "mean": 10.659029007,
        "min": 1.21965432167,
        "stdev": 6.19799900055
    },
    "dissonance": {
        "max": 0.499401122332,
        "mean": 0.427197128534,
        "min": 0.181568935513,
        "stdev": 0.0467893108726
    },
    "dynamic_complexity": 2.61695194244,
    "erbbands_crest": {
        "max": 29.2925758362,
        "mean": 11.2706756592,
        "min": 2.78455114365,
        "stdev": 4.83533477783
    },
    "erbbands_flatness_db": {
        "max": 0.406612664461,
        "mean": 0.260868370533,
        "min": 0.119282461703,
        "stdev": 0.0408973805606
    },
    "erbbands_kurtosis": {
        "max": 25.0759544373,
        "mean": 1.23953199387,
        "min": -1.66409254074,
        "stdev": 2.53674006462
    },
    "erbbands_skewness": {
        "max": 3.43144273758,
        "mean": 0.644919037819,
        "min": -1.76715540886,
        "stdev": 0.644877254963
    },
    "erbbands_spread": {
        "max": 90.8657226562,
        "mean": 20.6516265869,
        "min": 1.76734387875,
        "stdev": 11.6134500504
    },
    "hfc": {
        "max": 83.2283554077,
        "mean": 16.4858207703,
        "min": 0.452819675207,
        "stdev": 11.5378093719
    },
    "loudness_ebu128": {
        "integrated": -17.0065917969,
        "loudness_range": 3.42725944519,
        "momentary": {
            "max": -12.4085683823,
            "mean": -17.5836982727,
            "min": -26.0337696075,
            "stdev": 2.38340044022
        },
        "short_term": {
            "max": -14.4929447174,
            "mean": -17.1149711609,
            "min": -21.2824840546,
            "stdev": 1.17371344566
        }
    },
    "melbands_crest": {
        "max": 30.7908630371,
        "mean": 12.496515274,
        "min": 4.39718532562,
        "stdev": 4.35304164886
    },
    "melbands_flatness_db": {
        "max": 0.435456633568,
        "mean": 0.257244855165,
        "min": 0.0708667337894,
        "stdev": 0.0489895902574
    },
    "melbands_kurtosis": {
        "max": 70.6361694336,
        "mean": 4.85153579712,
        "min": -1.45266902447,
        "stdev": 5.17790746689
    },
    "melbands_skewness": {
        "max": 7.37192296982,
        "mean": 1.40355849266,
        "min": -1.67791378498,
        "stdev": 1.01400482655
    },
    "melbands_spread": {
        "max": 73.2460708618,
        "mean": 14.3807067871,
        "min": 2.19011259079,
        "stdev": 7.44509935379
    },
    "pitch_salience": {
        "max": 0.847747087479,
        "mean": 0.601767659187,
        "min": 0.172503739595,
        "stdev": 0.0998285934329
    },
    "silence_rate_20dB": {
        "max": 1,
        "mean": 1,
        "min": 1,
        "stdev": 0
    },
    "silence_rate_30dB": {
        "max": 1,
        "mean": 0.999285697937,
        "min": 0,
        "stdev": 0.026715984568
    },
    "silence_rate_60dB": {
        "max": 1,
        "mean": 0.010714286007,
        "min": 0,
        "stdev": 0.102952465415
    },
    "spectral_centroid": {
        "max": 2950.0793457,
        "mean": 822.370117188,
        "min": 272.706542969,
        "stdev": 320.8387146
    },
    "spectral_complexity": {
        "max": 39,
        "mean": 15.5435714722,
        "min": 4,
        "stdev": 4.76480722427
    },
    "spectral_decrease": {
        "max": -2.84847090359e-10,
        "mean": -6.79739864395e-09,
        "min": -2.94744477713e-08,
        "stdev": 4.20212398211e-09
    },
    "spectral_energy": {
        "max": 0.117462918162,
        "mean": 0.0271502956748,
        "min": 0.00117375515401,
        "stdev": 0.0167722441256
    },
    "spectral_energyband_high": {
        "max": 0.00348194595426,
        "mean": 7.36734800739e-05,
        "min": 9.92530090116e-07,
        "stdev": 0.000190769816982
    },
    "spectral_energyband_low": {
        "max": 0.0417002849281,
        "mean": 0.00291277049109,
        "min": 2.20062811422e-05,
        "stdev": 0.00361416745
    },
    "spectral_energyband_middle_high": {
        "max": 0.0858294963837,
        "mean": 0.00602104561403,
        "min": 0.000108908090624,
        "stdev": 0.0070031452924
    },
    "spectral_energyband_middle_low": {
        "max": 0.0931941643357,
        "mean": 0.0193081665784,
        "min": 0.00043477647705,
        "stdev": 0.0138900447637
    },
    "spectral_entropy": {
        "max": 8.12607002258,
        "mean": 6.90261602402,
        "min": 5.34050750732,
        "stdev": 0.370337039232
    },
    "spectral_flux": {
        "max": 0.216036573052,
        "mean": 0.0782055705786,
        "min": 0.0130674950778,
        "stdev": 0.0342066138983
    },
    "spectral_kurtosis": {
        "max": 67.1098098755,
        "mean": 11.0361871719,
        "min": -0.603573560715,
        "stdev": 8.27089595795
    },
    "spectral_rms": {
        "max": 0.0107050444931,
        "mean": 0.00488720042631,
        "min": 0.00107010605279,
        "stdev": 0.00161349715199
    },
    "spectral_rolloff": {
        "max": 5038.76953125,
        "mean": 951.295471191,
        "min": 129.19921875,
        "stdev": 487.459228516
    },
    "spectral_skewness": {
        "max": 6.22918081284,
        "mean": 2.18371200562,
        "min": 0.0979551300406,
        "stdev": 0.828118622303
    },
    "spectral_spread": {
        "max": 14635601,
        "mean": 2372001.25,
        "min": 1107736.75,
        "stdev": 618709.5
    },
    "spectral_strongpeak": {
        "max": 9.92161846161,
        "mean": 1.5387597084,
        "min": 0.0326558202505,
        "stdev": 1.29034507275
    },
    "zerocrossingrate": {
        "max": 0.130859375,
        "mean": 0.0365361087024,
        "min": 0.009765625,
        "stdev": 0.0131343882531
    },
    "barkbands": {
        "max": [0.000416046532337, 0.0171224288642, 0.0209409147501, 0.0277244076133, 0.0392214395106, 0.0622688010335, 0.0816978290677, 0.0469172149897, 0.0577423498034, 0.0788097009063, 0.0336860604584, 0.0301849711686, 0.0273747183383, 0.0150836631656, 0.00780100794509, 0.00515129277483, 0.00303673907183, 0.000951613998041, 0.00317877926864, 0.0018206667155, 0.000883574655745, 0.000725259422325, 0.00149476970546, 0.000257258478086, 0.000102961435914, 3.78692197955e-06, 4.01765146307e-06],
        "mean": [1.87118093891e-05, 0.000875634257682, 0.00118842336815, 0.00166332290974, 0.00323025300168, 0.00357230310328, 0.00449121277779, 0.00294223171659, 0.00276081520133, 0.00160309008788, 0.00169145292602, 0.000927941349801, 0.000604151806328, 0.000442498421762, 0.000416789291194, 0.000192650870304, 0.000195272572455, 8.86038542376e-05, 0.000137615614221, 5.35229119123e-05, 2.53218659054e-05, 1.2972708646e-05, 1.08878239189e-05, 4.03686544814e-06, 5.81873791816e-07, 1.8685299974e-09, 1.98994376532e-09],
        "min": [1.27831576435e-08, 3.47039076587e-06, 2.11528600857e-07, 2.60539604824e-06, 2.61178611254e-05, 9.7025940704e-06, 5.46994215256e-06, 8.27231815492e-06, 4.58680779047e-06, 6.22949983153e-06, 2.03957415579e-06, 3.3001203974e-06, 1.07986772946e-06, 4.05910384416e-07, 7.34283332804e-07, 7.5281940326e-07, 1.04211346752e-06, 6.01636259034e-07, 3.86649560369e-07, 2.39119657408e-07, 1.57725509098e-07, 9.5880729134e-08, 9.23942877762e-08, 1.07672619265e-07, 4.33181774895e-08, 2.33338418032e-11, 2.92859625439e-11],
        "stdev": [2.30837540585e-05, 0.00135965633672, 0.00199357653037, 0.00238790153526, 0.00405913777649, 0.00508536538109, 0.00820677448064, 0.00495283771306, 0.00619642995298, 0.00403020624071, 0.00292789353989, 0.00179313262925, 0.00141797983088, 0.0010999199003, 0.000722275872249, 0.000358640303602, 0.000259357766481, 0.000105377090222, 0.000240735476837, 9.70062392298e-05, 6.14189557382e-05, 4.09879321523e-05, 5.29395547346e-05, 1.30670123326e-05, 2.67132804765e-06, 5.92666538068e-08, 6.29080361136e-08]
    },
    "erbbands": {
        "max": [0.445885211229, 4.23155832291, 25.5693073273, 63.0821723938, 80.2738342285, 197.225479126, 577.883789062, 507.707275391, 916.008605957, 1029.83105469, 1250.23071289, 1684.09631348, 1783.93334961, 2949.87475586, 1066.41552734, 1180.82324219, 1070.89587402, 591.723022461, 515.929992676, 389.064208984, 172.810760498, 165.279586792, 54.9425354004, 161.162902832, 168.523513794, 67.0031433105, 41.1541290283, 30.0552692413, 25.5370616913, 37.6048049927, 47.2196502686, 9.41152477264, 5.00028276443, 2.10264229774, 0.0749154165387, 0.0151444263756, 0.00700119649991, 0.00249278219417, 0.000571716635022, 0.000133963767439],
        "mean": [0.0186596810818, 0.231384992599, 1.16590201855, 3.85438919067, 7.19367265701, 11.5939798355, 21.1099720001, 30.3153820038, 56.3608932495, 70.8834152222, 60.0389328003, 68.1558761597, 51.9103813171, 67.1753082275, 51.2453842163, 39.6602249146, 29.1217498779, 23.7990779877, 19.5284385681, 18.7637233734, 10.4983625412, 10.1947116852, 5.40440034866, 7.34835195541, 5.37723493576, 2.23985981941, 1.26630437374, 0.814493358135, 0.464125216007, 0.43173661828, 0.2860673666, 0.116667553782, 0.0570890717208, 0.0141691835597, 0.000727469101548, 4.93152110721e-05, 1.55417619681e-05, 4.19524712925e-06, 1.39789017339e-05, 3.11938310915e-05],
        "min": [0.000155401183292, 0.000480848975712, 0.00341231655329, 0.0213674269617, 0.0431653186679, 0.121511690319, 0.109310306609, 0.213210135698, 0.256414502859, 0.340074390173, 0.297360152006, 0.287970542908, 0.300770878792, 0.217715203762, 0.208538636565, 0.22029709816, 0.183240503073, 0.0696080848575, 0.0776362493634, 0.0852878764272, 0.0600399933755, 0.0618501342833, 0.0468212887645, 0.0384976007044, 0.0316132828593, 0.0112503366545, 0.00812971498817, 0.00436836201698, 0.00319572840817, 0.00307201081887, 0.00222170050256, 0.00214957888238, 0.0017111862544, 0.000826496689115, 7.792240649e-05, 3.30366492562e-06, 7.18612739092e-07, 1.35213824137e-07, 5.97449684392e-07, 1.37844779147e-06],
        "stdev": [0.0319476574659, 0.364031076431, 1.93593990803, 5.25247478485, 8.85355186462, 17.1853961945, 33.7774429321, 47.1237678528, 101.677085876, 112.702964783, 100.200332642, 162.05027771, 106.00592804, 152.803359985, 79.2671203613, 75.6502456665, 61.4790382385, 50.7847709656, 36.4649124146, 29.7973060608, 13.8033409119, 13.899682045, 6.10489463806, 10.7779722214, 11.3402471542, 4.01053857803, 2.83897995949, 2.03701329231, 1.31777334213, 1.87128984928, 1.46594667435, 0.397939175367, 0.210116907954, 0.0597154982388, 0.00221206992865, 0.000252722325968, 0.000109995817184, 3.90796340071e-05, 1.20913964565e-05, 1.9171700842e-05]
    },
    "gfcc": {
        "mean": [-60.0935173035, 178.25743103, -162.881439209, 21.5625019073, -67.4604568481, -4.89656400681, -26.7864627838, -11.4936008453, -4.17979478836, -25.7069702148, 8.17917442322, -21.4088401794, 3.16899085045],
        "cov": [[1362.0291748, -250.858322144, -355.442626953, 62.3867683411, -55.58070755, -61.7062454224, -10.5694665909, -59.1711349487, 19.0076408386, 6.22845220566, -2.6702246666, -9.13831233978, -6.3422460556], [-250.858322144, 386.823547363, 215.233505249, -168.203323364, 118.228515625, -45.3742523193, 36.61353302, 27.5604038239, 21.961019516, -15.5169086456, 21.6466197968, 5.78635072708, -24.0643577576], [-355.442626953, 215.233505249, 431.551727295, 27.2196979523, -29.5449008942, 27.1040992737, 3.16268014908, 18.8625659943, 15.7031860352, -1.4741743803, 13.494852066, 32.5379867554, -1.41475665569], [62.3867683411, -168.203323364, 27.2196979523, 451.036712646, 42.7381286621, 22.0953063965, -75.0516662598, -48.9503593445, 11.583946228, 55.897731781, -31.4779338837, 6.03828144073, 63.5441322327], [-55.58070755, 118.228515625, -29.5449008942, 42.7381286621, 224.807098389, 28.3935413361, 6.49917650223, 3.03538894653, 7.83213567734, 21.4831790924, 1.54967582226, -19.5760917664, -1.61603212357], [-61.7062454224, -45.3742523193, 27.1040992737, 22.0953063965, 28.3935413361, 192.170196533, 85.9976730347, 36.9746437073, -11.9832773209, -0.280468583107, 9.40820026398, -8.47998332977, -9.39047431946], [-10.5694665909, 36.61353302, 3.16268014908, -75.0516662598, 6.49917650223, 85.9976730347, 163.063873291, 78.3166275024, -12.0839643478, -25.5828514099, 5.77224588394, 3.29581570625, -22.207775116], [-59.1711349487, 27.5604038239, 18.8625659943, -48.9503593445, 3.03538894653, 36.9746437073, 78.3166275024, 100.132377625, 18.8549098969, -12.6366558075, 5.8065867424, -5.39637899399, -11.8889780045], [19.0076408386, 21.961019516, 15.7031860352, 11.583946228, 7.83213567734, -11.9832773209, -12.0839643478, 18.8549098969, 71.4685440063, 35.8969154358, 0.695900917053, -5.24282264709, -11.1652326584], [6.22845220566, -15.5169086456, -1.4741743803, 55.897731781, 21.4831790924, -0.280468583107, -25.5828514099, -12.6366558075, 35.8969154358, 74.6329650879, 21.5570812225, -3.36356925964, 4.0767660141], [-2.6702246666, 21.6466197968, 13.494852066, -31.4779338837, 1.54967582226, 9.40820026398, 5.77224588394, 5.8065867424, 0.695900917053, 21.5570812225, 64.502243042, 27.0114402771, -9.28231239319], [-9.13831233978, 5.78635072708, 32.5379867554, 6.03828144073, -19.5760917664, -8.47998332977, 3.29581570625, -5.39637899399, -5.24282264709, -3.36356925964, 27.0114402771, 68.1136245728, 33.3388900757], [-6.3422460556, -24.0643577576, -1.41475665569, 63.5441322327, -1.61603212357, -9.39047431946, -22.207775116, -11.8889780045, -11.1652326584, 4.0767660141, -9.28231239319, 33.3388900757, 81.6620407104]],
        "icov": [[0.00110418663826, 0.000412477442296, 0.000694323971402, -0.000260120199528, 0.000140055199154, 0.000538135878742, -0.00106489972677, 0.00142297451384, -0.00157761923037, 0.00116079219151, -0.00112187152263, 0.000569135125261, -0.0002295543527], [0.000412477442296, 0.0176631715149, -0.0105644734576, 0.00682503869757, -0.0126497875899, 0.00918549858034, -0.00848486367613, 0.00696353800595, -0.00862667988986, 0.0071881422773, -0.00738103268668, 0.00701431045309, -0.00598541181535], [0.000694323971402, -0.0105644734576, 0.00970597285777, -0.00466838246211, 0.00821989774704, -0.00584176136181, 0.00507631059736, -0.00394739303738, 0.00358151854016, -0.00325784040615, 0.00395899638534, -0.00582151906565, 0.00451724650338], [-0.000260120199528, 0.00682503869757, -0.00466838246211, 0.00616421317682, -0.00548592628911, 0.00223871553317, -0.00140999315772, 0.00215302198194, -0.00183906999882, -0.000887319562025, 0.000739830487873, 0.0012065381743, -0.0034232030157], [0.000140055199154, -0.0126497875899, 0.00821989774704, -0.00548592628911, 0.0141109740362, -0.00691235205159, 0.00526525499299, -0.004283180926, 0.00525731453672, -0.00537115801126, 0.00392549624667, -0.00293429521844, 0.00361817074008], [0.000538135878742, 0.00918549858034, -0.00584176136181, 0.00223871553317, -0.00691235205159, 0.0127634238452, -0.00967275816947, 0.00459958985448, -0.00407407060266, 0.0040099513717, -0.00673979707062, 0.00685704126954, -0.0040472955443], [-0.00106489972677, -0.00848486367613, 0.00507631059736, -0.00140999315772, 0.00526525499299, -0.00967275816947, 0.0204346589744, -0.0157417412847, 0.011401922442, -0.00713301356882, 0.010171928443, -0.0113490559161, 0.00856386497617], [0.00142297451384, 0.00696353800595, -0.00394739303738, 0.00215302198194, -0.004283180926, 0.00459958985448, -0.0157417412847, 0.0266852639616, -0.0173841230571, 0.0130193913355, -0.0125015564263, 0.0121505502611, -0.00894124805927], [-0.00157761923037, -0.00862667988986, 0.00358151854016, -0.00183906999882, 0.00525731453672, -0.00407407060266, 0.011401922442, -0.0173841230571, 0.0343930348754, -0.0234688799828, 0.0169299170375, -0.0131488908082, 0.0122002819553], [0.00116079219151, 0.0071881422773, -0.00325784040615, -0.000887319562025, -0.00537115801126, 0.0040099513717, -0.00713301356882, 0.0130193913355, -0.0234688799828, 0.0360543727875, -0.0232530664653, 0.016133422032, -0.0110854944214], [-0.00112187152263, -0.00738103268668, 0.00395899638534, 0.000739830487873, 0.00392549624667, -0.00673979707062, 0.010171928443, -0.0125015564263, 0.0169299170375, -0.0232530664653, 0.0393380783498, -0.0259632207453, 0.0160261765122], [0.000569135125261, 0.00701431045309, -0.00582151906565, 0.0012065381743, -0.00293429521844, 0.00685704126954, -0.0113490559161, 0.0121505502611, -0.0131488908082, 0.016133422032, -0.0259632207453, 0.0386416763067, -0.0208454579115], [-0.0002295543527, -0.00598541181535, 0.00451724650338, -0.0034232030157, 0.00361817074008, -0.0040472955443, 0.00856386497617, -0.00894124805927, 0.0122002819553, -0.0110854944214, 0.0160261765122, -0.0208454579115, 0.026392724365]]
    },
    "melbands": {
        "max": [0.00464393151924, 0.0097508020699, 0.00934789143503, 0.00789056625217, 0.0150815248489, 0.010499865748, 0.0130942612886, 0.00989126227796, 0.0104603217915, 0.011397681199, 0.00886460207403, 0.0130537608638, 0.00301494612359, 0.0022125786636, 0.00389755656943, 0.00114721886348, 0.00134589895606, 0.000948496104684, 0.000874303164892, 0.000465727091068, 0.00016949273413, 0.000224145289394, 7.42644115235e-05, 4.55050430901e-05, 0.000151321612066, 0.000193413725356, 8.53089222801e-05, 4.39778305008e-05, 3.37208948622e-05, 2.23604856728e-05, 1.64887405845e-05, 1.40319516504e-05, 1.47416221807e-05, 2.22297057917e-05, 2.9901149901e-05, 1.55526413437e-05, 3.01739760289e-06, 3.56596660822e-06, 3.11048688673e-06, 1.16435080599e-06],
        "mean": [0.000206337703275, 0.000528543605469, 0.00075947487494, 0.000655537121929, 0.000702856748831, 0.000703406636603, 0.000891953881364, 0.000753604166675, 0.00048160852748, 0.000419419811806, 0.000246069714194, 0.000260871602222, 0.000187094992725, 0.000109339889605, 9.45441133808e-05, 5.08302655362e-05, 4.50004845334e-05, 2.95492736768e-05, 3.53356699634e-05, 1.78937971214e-05, 1.10424234663e-05, 1.20748945847e-05, 5.49185097043e-06, 4.1554380914e-06, 6.36166032564e-06, 4.28118391937e-06, 2.91773449135e-06, 1.18230695989e-06, 8.03933687621e-07, 7.0158341714e-07, 3.83274709748e-07, 2.6357682259e-07, 2.36303563383e-07, 2.34880218386e-07, 1.75927567625e-07, 1.11686667026e-07, 5.72201912519e-08, 4.5416090444e-08, 2.45506850405e-08, 6.79026346262e-09],
        "min": [1.05513083781e-06, 2.23664983423e-06, 4.72224610348e-06, 4.87223678647e-06, 4.45528348791e-06, 1.78951211183e-06, 9.46036607274e-07, 3.89830211134e-06, 2.30912382904e-06, 7.64184790114e-07, 5.58104318316e-07, 8.09617063169e-07, 3.51017177991e-07, 2.47856775104e-07, 5.76775846639e-07, 1.16721913912e-07, 7.39330232591e-08, 6.16126243358e-08, 5.17778069309e-08, 6.03962533319e-08, 5.12292857024e-08, 5.52740360149e-08, 3.73430566469e-08, 3.04131759776e-08, 2.48246276868e-08, 1.24835839443e-08, 1.14375415805e-08, 5.48471534856e-09, 4.75942352196e-09, 3.35412519981e-09, 1.93383953295e-09, 1.2807258587e-09, 1.40027289763e-09, 1.53163037808e-09, 1.25356447445e-09, 1.12088227588e-09, 1.08604147897e-09, 1.12682052578e-09, 8.38682845394e-10, 4.64648652887e-10],
        "stdev": [0.000329220638378, 0.000780472881161, 0.000883828965016, 0.000803145347163, 0.00104008754715, 0.00102196354419, 0.00158016721252, 0.00116959994193, 0.00083510047989, 0.00105129147414, 0.000532102712896, 0.000633803196251, 0.000289830903057, 0.000188440768397, 0.00022249558242, 0.000106347455585, 0.00011028341396, 6.62729362375e-05, 6.52557064313e-05, 3.2699728763e-05, 1.47813316289e-05, 1.72698964889e-05, 6.74685998092e-06, 4.75542037748e-06, 9.91102569969e-06, 9.5435680123e-06, 6.30806471236e-06, 2.43566137215e-06, 1.90217906493e-06, 1.59763214924e-06, 1.07372477487e-06, 7.1094791565e-07, 8.84687096914e-07, 1.10062160275e-06, 9.67002847574e-07, 4.76225665125e-07, 1.76500577709e-07, 1.67963861486e-07, 1.00667286063e-07, 3.09102112794e-08]
    },
    "melbands128": {
        "max": [0.000412125664297, 0.00353609677404, 0.00814367551357, 0.0075209136121, 0.0153653863817, 0.0109920622781, 0.0151225095615, 0.0166892074049, 0.0106521584094, 0.0115239527076, 0.0140144266188, 0.0155175244436, 0.0257160868496, 0.0230417959392, 0.0146979913116, 0.0210182443261, 0.0156203638762, 0.0235180445015, 0.0349745824933, 0.016228729859, 0.0163162536919, 0.0183751322329, 0.0197343416512, 0.0177893415093, 0.018384963274, 0.0204534903169, 0.0121222967282, 0.0179950483143, 0.00912316143513, 0.0263024419546, 0.0107644442469, 0.0093612158671, 0.0049660098739, 0.00682674907148, 0.00395344756544, 0.00391055690125, 0.00693763839081, 0.00751995528117, 0.00760063854977, 0.0033501109574, 0.00192436447833, 0.00201964052394, 0.00190801522695, 0.00377862993628, 0.00253219599836, 0.00213210866787, 0.00155463733245, 0.00157491851132, 0.000813467311673, 0.00108957546763, 0.00104345334694, 0.000531973841134, 0.000268290023087, 0.000263093970716, 0.000501140835695, 0.000386879924918, 0.000329828995746, 0.0001376728178, 0.000166626574355, 0.000112751004053, 5.83730943617e-05, 0.000119158787129, 0.000165723249665, 0.000294897938147, 0.000180071787327, 0.000332265917677, 0.000287523813313, 0.000265876675257, 8.60101426952e-05, 6.04552042205e-05, 5.44752110727e-05, 4.4705804612e-05, 3.68349137716e-05, 4.57850183011e-05, 3.91930334445e-05, 3.59494806617e-05, 2.41741327045e-05, 3.21872539644e-05, 1.5321702449e-05, 1.50243386088e-05, 1.5247542251e-05, 1.69662853295e-05, 1.60186918947e-05, 1.94875065063e-05, 2.75225265796e-05, 3.22128034895e-05, 2.28623157454e-05, 2.00209124159e-05, 3.91771791328e-05, 3.99968812417e-05, 3.07537738991e-05, 9.44422572502e-06, 4.48852142654e-06, 3.72576141672e-06, 4.1211151256e-06, 6.11819405094e-06, 4.5057290663e-06, 3.09867664328e-06, 2.89017702926e-06, 3.05091134578e-06, 2.87004922939e-06, 3.77273011054e-07, 4.83696140918e-08, 8.5192667143e-08, 3.16778532294e-08, 2.9891594977e-08, 2.84909926762e-08, 2.72111062571e-08, 2.60332377877e-08, 2.50041338745e-08, 2.40056596823e-08, 2.30388170763e-08, 2.21702212144e-08, 2.14066151472e-08, 2.06517825063e-08, 1.99860661354e-08, 1.93736475751e-08, 1.88206357166e-08, 1.82507591262e-08, 1.77678334268e-08, 1.73808771819e-08, 1.69762124358e-08, 1.6642839995e-08, 1.63544751075e-08, 1.61122954978e-08, 1.59265756139e-08, 1.57911728138e-08, 1.57029784731e-08],
        "mean": [1.66828704096e-05, 0.000116074261314, 0.00027704029344, 0.000395274721086, 0.000519728346262, 0.000608055095654, 0.000778260349762, 0.000831446901429, 0.000714548863471, 0.000609269947745, 0.000649099296425, 0.000647159875371, 0.000733979512006, 0.000772488710936, 0.00062393466942, 0.00068335753167, 0.000852038327139, 0.000912128714845, 0.00102870515548, 0.000746458361391, 0.000718988478184, 0.000447112834081, 0.000495556392707, 0.000433940062067, 0.000456063222373, 0.000456498237327, 0.000220496149268, 0.000291714939522, 0.000162886324688, 0.000211212362046, 0.000349293171894, 0.000273012527032, 0.00012305873679, 0.000203616771614, 9.28078588913e-05, 8.66237824084e-05, 0.000117383628094, 0.000107978921733, 7.59825998102e-05, 4.9714686611e-05, 5.8804082073e-05, 2.54928545473e-05, 4.15981630795e-05, 6.44858009764e-05, 3.08765302179e-05, 2.08794845094e-05, 2.63959918811e-05, 4.99003836012e-05, 3.13416130666e-05, 1.49999968926e-05, 2.09355566767e-05, 1.669411904e-05, 6.1334367274e-06, 1.06830248114e-05, 1.62951546372e-05, 1.22675273815e-05, 9.70913788478e-06, 4.61735407953e-06, 4.59442208012e-06, 5.73027045903e-06, 2.9743991945e-06, 3.18048728332e-06, 8.35776791064e-06, 6.4443734118e-06, 4.93481229569e-06, 4.113579962e-06, 4.01831812269e-06, 3.97933899876e-06, 2.77485992228e-06, 1.20609638543e-06, 9.71516328718e-07, 1.49658353621e-06, 8.96871199529e-07, 5.8090586208e-07, 6.92100059041e-07, 9.45727833823e-07, 5.31518651314e-07, 5.24967958881e-07, 3.47141451584e-07, 2.82338447732e-07, 2.70266639291e-07, 2.61070255192e-07, 2.14541529431e-07, 2.21930903876e-07, 2.68409252158e-07, 2.66778783953e-07, 2.15393711755e-07, 1.88582717442e-07, 1.85985854273e-07, 1.51731597953e-07, 1.48749450091e-07, 9.47320302203e-08, 6.06623231647e-08, 5.18134228855e-08, 6.12328108218e-08, 5.21464613712e-08, 4.50173445188e-08, 2.84584853461e-08, 2.94806561385e-08, 1.86326047924e-08, 1.35929711931e-08, 3.34325722662e-09, 9.24734788743e-10, 6.8224642602e-10, 1.29668206728e-10, 1.73956959948e-11, 1.82511644686e-11, 1.37319452684e-11, 1.27859762708e-11, 1.22799175342e-11, 1.18100590071e-11, 1.13636895033e-11, 1.09451649133e-11, 1.05675962772e-11, 1.02059229123e-11, 9.88766533927e-12, 9.5907370587e-12, 9.31653192093e-12, 9.05673713109e-12, 8.8224141534e-12, 8.62028070453e-12, 8.42570457849e-12, 8.27100627571e-12, 8.12696090979e-12, 7.96215610804e-12, 7.78510676064e-12, 7.67500993315e-12, 7.62655650438e-12],
        "min": [6.24732310328e-09, 1.04400335488e-07, 7.6974011165e-08, 9.51520178205e-08, 1.4617035049e-07, 1.44080431141e-07, 2.67560238854e-07, 7.32976332074e-07, 2.09748509405e-06, 1.50598918935e-06, 7.81283802098e-07, 2.6258672392e-07, 8.08605378211e-08, 9.56342773861e-07, 2.98232578189e-07, 1.47471126866e-07, 2.79700657302e-07, 1.81949729949e-07, 9.84398411674e-07, 1.06386278276e-06, 3.73028456124e-07, 4.24504463581e-07, 2.7949030823e-07, 4.07015761539e-07, 2.0243847132e-07, 1.44498315535e-07, 4.48113411267e-07, 2.18974349764e-07, 2.84933378225e-07, 1.13448848538e-07, 1.53251249913e-07, 9.03210661818e-08, 1.48183943338e-07, 8.54182147236e-08, 4.76690829032e-08, 1.06571270919e-07, 1.05339388767e-07, 1.41398288633e-07, 9.81778072173e-08, 6.1736628254e-08, 7.28088735968e-08, 4.58318467622e-08, 4.21130756934e-08, 2.57217003252e-08, 1.83669488507e-08, 1.42905882683e-08, 3.82943738941e-08, 1.27613652978e-08, 3.54806672931e-08, 3.29459943771e-08, 2.34663612986e-08, 3.36313306093e-08, 1.19568017709e-08, 2.12446735759e-08, 2.49645086825e-08, 2.12966533297e-08, 2.24551808259e-08, 1.4130632664e-08, 1.39814444466e-08, 1.37832181224e-08, 1.76439982624e-08, 9.12428177458e-09, 2.44867344179e-08, 6.96857194171e-09, 5.41592370951e-09, 6.57186038922e-09, 8.51430304039e-09, 8.49140047166e-09, 5.06049646631e-09, 2.87079848782e-09, 2.8014972564e-09, 2.8638789118e-09, 2.21824802971e-09, 2.84445134113e-09, 2.99226221578e-09, 2.09220640812e-09, 1.1003823408e-09, 1.56907209448e-09, 9.57099288712e-10, 6.48308295936e-10, 5.58515955706e-10, 9.79264891399e-10, 8.75994665694e-10, 7.69257713085e-10, 7.16319059624e-10, 1.01224351123e-09, 1.02666009028e-09, 1.11101650102e-09, 1.00509178758e-09, 5.67404401242e-10, 9.24819776316e-10, 8.39688152343e-10, 7.79855957589e-10, 8.34983138187e-10, 5.5856336223e-10, 7.65562779836e-10, 8.11524070166e-10, 4.84604800732e-10, 6.44449382747e-10, 6.53467668865e-10, 4.17283263499e-10, 2.09455869316e-10, 2.70731284613e-11, 2.08076893389e-12, 2.91183499838e-13, 1.06396005016e-13, 8.86522910745e-14, 7.24765435384e-14, 8.58450883621e-14, 9.63510412948e-14, 8.874611522e-14, 8.69861975961e-14, 8.99540993993e-14, 7.98016302562e-14, 9.19056090997e-14, 9.68304483904e-14, 9.07139828207e-14, 9.07085482573e-14, 8.3411494942e-14, 9.30480735864e-14, 9.78335183591e-14, 8.51145122807e-14, 8.69496193253e-14, 8.99033180801e-14, 6.63869119725e-14, 2.97233890062e-14, 3.33343760106e-15, 1.26279271667e-16],
        "stdev": [2.19111334445e-05, 0.000210887999856, 0.000542477180716, 0.000670426525176, 0.00104186881799, 0.00102777418215, 0.00123178528156, 0.00121684884652, 0.00106743094511, 0.0010230980115, 0.00117439613678, 0.00132447609212, 0.00144622079097, 0.00141616223846, 0.00131249742117, 0.00151209894102, 0.0018875246169, 0.00219212775119, 0.00272337417118, 0.001495386241, 0.00156312121544, 0.00113921426237, 0.00120066932868, 0.00121944700368, 0.00141309364699, 0.00166934495792, 0.000684872560669, 0.00087469589198, 0.000484552030684, 0.00102387007792, 0.000914454518352, 0.000649600813631, 0.00029801207711, 0.000463022384793, 0.000269407930318, 0.00022928416729, 0.000356667325832, 0.000324881490087, 0.000311169918859, 0.000149883955601, 0.000146364996908, 7.92508362792e-05, 0.000136215545353, 0.00020925028366, 0.000125422244309, 7.24902929505e-05, 8.03714501671e-05, 0.0001178961611, 6.69406508678e-05, 5.12277729285e-05, 5.3127449064e-05, 3.40072292602e-05, 1.30645721583e-05, 2.02265964617e-05, 3.16691948683e-05, 2.49320255534e-05, 1.94677541003e-05, 8.40856046125e-06, 8.69519408297e-06, 9.65469371295e-06, 4.43451563115e-06, 5.73152237848e-06, 1.33014700623e-05, 1.30522494146e-05, 1.18174984891e-05, 1.20708564282e-05, 1.28296196635e-05, 1.33447701955e-05, 6.14680493527e-06, 2.92312779493e-06, 2.82521523332e-06, 2.91737205771e-06, 2.25686039812e-06, 2.09945392271e-06, 1.91012577488e-06, 2.20702531806e-06, 1.46592981309e-06, 1.54433007538e-06, 1.07527830551e-06, 8.96146502782e-07, 7.74057070885e-07, 7.10895108114e-07, 7.47480441987e-07, 8.96056974398e-07, 1.1714290622e-06, 1.35140226121e-06, 1.07352263967e-06, 9.60094439506e-07, 1.15684701996e-06, 9.94502102003e-07, 7.16492479569e-07, 3.56306344429e-07, 2.13387409076e-07, 1.77174484861e-07, 1.790216686e-07, 2.14290523104e-07, 1.82096670187e-07, 1.30561829792e-07, 1.17687896761e-07, 8.65336673428e-08, 7.31458129621e-08, 1.17698810698e-08, 1.46062828499e-09, 1.55166191007e-09, 5.58068424805e-10, 4.6811526877e-10, 4.47566955719e-10, 4.25693563733e-10, 4.0735478879e-10, 3.91220389417e-10, 3.7565758837e-10, 3.6059641384e-10, 3.47011058777e-10, 3.35118682804e-10, 3.23325977103e-10, 3.12889852916e-10, 3.03308600458e-10, 2.946505262e-10, 2.85761081464e-10, 2.78205569693e-10, 2.72145611602e-10, 2.65808625111e-10, 2.60594823498e-10, 2.56118626307e-10, 2.52316278981e-10, 2.49391285401e-10, 2.47280335097e-10, 2.45900966256e-10]
    },
    "mfcc": {
        "mean": [-680.707397461, 186.220504761, -25.9271125793, 15.125500679, -10.8512277603, -5.12392044067, -8.40074729919, 3.57314300537, -10.0460834503, 1.11917042732, -7.7637090683, -0.725860476494, -1.57023692131],
        "cov": [[1688.71435547, -472.510131836, -352.60534668, 53.2495994568, -90.0686950684, 18.8898124695, -80.5893096924, -60.6726150513, -44.8251647949, 37.1250152588, -23.8186912537, -58.7319450378, -42.4467544556], [-472.510131836, 683.200500488, 44.3922576904, -137.820068359, 24.966714859, -102.215209961, 34.2314682007, 58.274936676, -14.1267089844, -3.17576551437, 48.8647880554, 17.5651798248, 6.58497047424], [-352.60534668, 44.3922576904, 440.529907227, 39.2247695923, -23.4209270477, 12.4478912354, -13.3162975311, 16.9103088379, 24.6341724396, -53.7583351135, -15.3767347336, 50.9019203186, 51.9282989502], [53.2495994568, -137.820068359, 39.2247695923, 289.289459229, 109.216239929, 49.9521408081, -59.516002655, -73.0100784302, 29.4470863342, -19.4721088409, -30.2535247803, -21.3404350281, 29.4849205017], [-90.0686950684, 24.966714859, -23.4209270477, 109.216239929, 189.060150146, 65.5653839111, -17.7660388947, -49.6251564026, 2.45432710648, 18.0855331421, 5.79301834106, -15.8808851242, 1.2102496624], [18.8898124695, -102.215209961, 12.4478912354, 49.9521408081, 65.5653839111, 141.104644775, 38.8433609009, -9.37467098236, 12.6295537949, 11.5428323746, 6.23089742661, 5.07101488113, -0.106217190623], [-80.5893096924, 34.2314682007, -13.3162975311, -59.516002655, -17.7660388947, 38.8433609009, 156.145675659, 84.3658828735, 21.6175498962, 15.9966402054, 9.68208122253, 28.1220855713, -5.66657876968], [-60.6726150513, 58.274936676, 16.9103088379, -73.0100784302, -49.6251564026, -9.37467098236, 84.3658828735, 134.91267395, 28.4322624207, 8.77327251434, 13.4273471832, 20.3194580078, 3.17461204529], [-44.8251647949, -14.1267089844, 24.6341724396, 29.4470863342, 2.45432710648, 12.6295537949, 21.6175498962, 28.4322624207, 91.3576431274, 17.0376739502, -7.32782363892, 6.67606878281, 1.35123622417], [37.1250152588, -3.17576551437, -53.7583351135, -19.4721088409, 18.0855331421, 11.5428323746, 15.9966402054, 8.77327251434, 17.0376739502, 93.9552841187, 39.7496643066, -0.773385047913, -25.3281517029], [-23.8186912537, 48.8647880554, -15.3767347336, -30.2535247803, 5.79301834106, 6.23089742661, 9.68208122253, 13.4273471832, -7.32782363892, 39.7496643066, 82.2556838989, 31.7000179291, -10.2780218124], [-58.7319450378, 17.5651798248, 50.9019203186, -21.3404350281, -15.8808851242, 5.07101488113, 28.1220855713, 20.3194580078, 6.67606878281, -0.773385047913, 31.7000179291, 94.3331451416, 29.7833442688], [-42.4467544556, 6.58497047424, 51.9282989502, 29.4849205017, 1.2102496624, -0.106217190623, -5.66657876968, 3.17461204529, 1.35123622417, -25.3281517029, -10.2780218124, 29.7833442688, 82.9900054932]],
        "icov": [[0.000991794746369, 0.000474010914331, 0.000794848485384, -0.000301419146126, 0.000812375801615, -0.000343125837389, 0.00063947099261, -0.00023593530932, 0.000480015820358, -0.000352339731762, 0.000229828205192, -8.67810013006e-05, 6.40605285298e-05], [0.000474010914331, 0.00264525716193, -0.000138854826218, 0.00125205656514, -0.00179602659773, 0.00239846389741, -0.000633528397884, -0.000293389079161, -0.000115131682833, 0.000878698832821, -0.00172197527718, 0.000745687517338, -0.000538996595424], [0.000794848485384, -0.000138854826218, 0.00358426035382, -0.000804623705335, 0.0015060758451, -0.00145741261076, 0.00160960562062, -0.000838705513161, -0.000260581145994, 0.000829564465676, 0.00079339480726, -0.00165517069399, -0.000471462873975], [-0.000301419146126, 0.00125205656514, -0.000804623705335, 0.00692226644605, -0.0040506599471, 0.000529467011802, 0.000504294061102, 0.00181954272557, -0.0030629588291, 0.00179044145625, -0.000495256623253, 0.00140463223215, -0.0021539516747], [0.000812375801615, -0.00179602659773, 0.0015060758451, -0.0040506599471, 0.0110617307946, -0.00541350059211, 0.00121065159328, 0.0015051291557, 0.00124493718613, -0.00264705251902, 0.000650753790978, 0.000224446077482, 8.35168320918e-05], [-0.000343125837389, 0.00239846389741, -0.00145741261076, 0.000529467011802, -0.00541350059211, 0.0130794169381, -0.00553185679018, 0.00194802938495, -0.00102615880314, 0.00100225175265, -0.00291048549116, 0.0010504219681, -0.000413375877542], [0.00063947099261, -0.000633528397884, 0.00160960562062, 0.000504294061102, 0.00121065159328, -0.00553185679018, 0.013399714604, -0.00745912827551, 0.00031398201827, -0.00147883500904, 0.00347343250178, -0.00387295009568, 0.00173019256908], [-0.00023593530932, -0.000293389079161, -0.000838705513161, 0.00181954272557, 0.0015051291557, 0.00194802938495, -0.00745912827551, 0.0147505383939, -0.00414294190705, 0.000785643525887, -0.00289422133937, 0.0018829893088, -0.00203904672526], [0.000480015820358, -0.000115131682833, -0.000260581145994, -0.0030629588291, 0.00124493718613, -0.00102615880314, 0.00031398201827, -0.00414294190705, 0.014971582219, -0.00502575840801, 0.00439080735669, -0.00212170323357, 0.0011939817341], [-0.000352339731762, 0.000878698832821, 0.000829564465676, 0.00179044145625, -0.00264705251902, 0.00100225175265, -0.00147883500904, 0.000785643525887, -0.00502575840801, 0.0176040064543, -0.00926285516471, 0.00233650021255, 0.00197253283113], [0.000229828205192, -0.00172197527718, 0.00079339480726, -0.000495256623253, 0.000650753790978, -0.00291048549116, 0.00347343250178, -0.00289422133937, 0.00439080735669, -0.00926285516471, 0.0222834330052, -0.00917823798954, 0.00342349149287], [-8.67810013006e-05, 0.000745687517338, -0.00165517069399, 0.00140463223215, 0.000224446077482, 0.0010504219681, -0.00387295009568, 0.0018829893088, -0.00212170323357, 0.00233650021255, -0.00917823798954, 0.0177012570202, -0.00664699310437], [6.40605285298e-05, -0.000538996595424, -0.000471462873975, -0.0021539516747, 8.35168320918e-05, -0.000413375877542, 0.00173019256908, -0.00203904672526, 0.0011939817341, 0.00197253283113, 0.00342349149287, -0.00664699310437, 0.0167718492448]]
    },
    "spectral_contrast_coeffs": {
        "max": [-0.394230812788, -0.467650860548, -0.504254281521, -0.568336904049, -0.624150276184, -0.615400016308],
        "mean": [-0.659371674061, -0.691640734673, -0.718643963337, -0.766409933567, -0.765582203865, -0.756996750832],
        "min": [-0.859089374542, -0.910641849041, -0.904790043831, -0.897380948067, -0.875780165195, -0.906284987926],
        "stdev": [0.0765434429049, 0.0799225270748, 0.0654519349337, 0.0494161359966, 0.0378801971674, 0.0344324298203]
    },
    "spectral_contrast_valleys": {
        "max": [-5.11110258102, -4.58698558807, -5.06597614288, -5.9417963028, -6.28076219559, -9.02958869934],
        "mean": [-6.88383340836, -6.42060804367, -7.17571973801, -7.84933853149, -8.29077720642, -11.7783641815],
        "min": [-9.10119056702, -8.24667739868, -8.88286685944, -9.64963912964, -10.0284519196, -12.8224830627],
        "stdev": [0.550435960293, 0.537205338478, 0.527463674545, 0.549666941166, 0.54320961237, 0.462890893221]
    }
},
"rhythm": {
    "beats_count": 171,
    "beats_loudness": {
        "max": 0.0786642283201,
        "mean": 0.0306731779128,
        "min": 0.00209987605922,
        "stdev": 0.0163220688701
    },
    "bpm": 103.356262207,
    "bpm_histogram_first_peak_bpm": 103,
    "bpm_histogram_first_peak_weight": 0.384000003338,
    "bpm_histogram_second_peak_bpm": 108,
    "bpm_histogram_second_peak_spread": 0.400000035763,
    "bpm_histogram_second_peak_weight": 0.0352941192687,
    "danceability": 1.03277003765,
    "onset_rate": 2.21510744095,
    "beats_loudness_band_ratio": {
        "max": [0.72344571352, 0.655829668045, 0.871323943138, 0.773485541344, 0.235923781991, 0.124564014375],
        "mean": [0.201329275966, 0.252189517021, 0.3867623806, 0.167962700129, 0.0441337302327, 0.00976879149675],
        "min": [0.00445720274001, 0.0170897878706, 0.0175168886781, 0.0123576652259, 0.00153571588453, 0.000449829560239],
        "stdev": [0.162378668785, 0.160552635789, 0.195254713297, 0.143369749188, 0.0429156981409, 0.0173821784556]
    },
