{
"metadata": {
    "version": {
        "essentia": "2.1-beta5",
        "essentia_git_sha": "Undefined",
        "extractor": "music 2.0"
    },
    "audio_properties": {
        "analysis": {
            "equal_loudness": 0,
            "length": 32.4963264465,
            "sample_rate": 44100,
            "start_time": 45.2440834045,
            "downmix": "mix"
        },
        "bit_rate": 192000,
        "length": 191.970977783,
        "lossless": 0,
        "number_channels": 2,
        "replay_gain": 2.43516349792,
        "sample_rate": 48000,
        "codec": "mp3",
        "md5_encoded": "df30ae68ba337556cf63d5a67bce6272"
    },
    "tags": {
        "file_name": "Armenia_Qami_Sevak Khanagyan.mp3",
        "encoding": ["Lavf58.29.100"]
    }
},
"lowlevel": {
    "average_loudness": 0.96168589592,
    "barkbands_crest": {
        "max": 25.1276283264,
        "mean": 9.80224323273,
        "min": 2.68092179298,
        "stdev": 4.26465415955
    },
    "barkbands_flatness_db": {
        "max": 0.456655561924,
        "mean": 0.15896268189,
        "min": 0.0423051901162,
        "stdev": 0.0603361874819
    },
    "barkbands_kurtosis": {
        "max": 21.4949474335,
        "mean": 2.19955873489,
        "min": -1.7905755043,
        "stdev": 3.71859312057
    },
    "barkbands_skewness": {
        "max": 4.04628801346,
        "mean": 1.1237039566,
        "min": -1.46709275246,
        "stdev": 0.829674184322
    },
    "barkbands_spread": {
        "max": 70.8312606812,
        "mean": 19.3998737335,
        "min": 1.01554179192,
        "stdev": 10.7626571655
    },
    "dissonance": {
        "max": 0.500000059605,
        "mean": 0.454991728067,
        "min": 0.227994218469,
        "stdev": 0.0410442054272
    },
    "dynamic_complexity": 1.72155857086,
    "erbbands_crest": {
        "max": 29.528093338,
        "mean": 10.2320537567,
        "min": 3.28256487846,
        "stdev": 5.04126548767
    },
    "erbbands_flatness_db": {
        "max": 0.459875673056,
        "mean": 0.202185735106,
        "min": 0.086462803185,
        "stdev": 0.0514885596931
    },
    "erbbands_kurtosis": {
        "max": 35.7217254639,
        "mean": 0.834960341454,
        "min": -1.60239553452,
        "stdev": 2.6432299614
    },
    "erbbands_skewness": {
        "max": 3.83100795746,
        "mean": 0.407624840736,
        "min": -1.67612218857,
        "stdev": 0.925852298737
    },
    "erbbands_spread": {
        "max": 87.5009078979,
        "mean": 31.8229389191,
        "min": 1.58512604237,
        "stdev": 14.1054897308
    },
    "hfc": {
        "max": 102.316833496,
        "mean": 22.1865730286,
        "min": 0.132993370295,
        "stdev": 14.3627233505
    },
    "loudness_ebu128": {
        "integrated": -26.1074295044,
        "loudness_range": 2.72492218018,
        "momentary": {
            "max": -23.0649662018,
            "mean": -26.3851566315,
            "min": -31.7089233398,
            "stdev": 1.62750792503
        },
        "short_term": {
            "max": -24.8654251099,
            "mean": -26.1692886353,
            "min": -28.9762401581,
            "stdev": 1.01378440857
        }
    },
    "melbands_crest": {
        "max": 31.3549613953,
        "mean": 12.9456291199,
        "min": 4.10285186768,
        "stdev": 5.04245710373
    },
    "melbands_flatness_db": {
        "max": 0.541744828224,
        "mean": 0.191941231489,
        "min": 0.0559711977839,
        "stdev": 0.075501576066
    },
    "melbands_kurtosis": {
        "max": 40.5483589172,
        "mean": 5.88044023514,
        "min": -1.51492357254,
        "stdev": 6.21330547333
    },
    "melbands_skewness": {
        "max": 5.53483057022,
        "mean": 1.79336726665,
        "min": -1.43573820591,
        "stdev": 0.938353300095
    },
    "melbands_spread": {
        "max": 99.7166671753,
        "mean": 25.760969162,
        "min": 1.89917373657,
        "stdev": 17.7041511536
    },
    "pitch_salience": {
        "max": 0.799760639668,
        "mean": 0.560077130795,
        "min": 0.198434844613,
        "stdev": 0.0934957787395
    },
    "silence_rate_20dB": {
        "max": 1,
        "mean": 1,
        "min": 1,
        "stdev": 0
    },
    "silence_rate_30dB": {
        "max": 1,
        "mean": 1,
        "min": 1,
        "stdev": 0
    },
    "silence_rate_60dB": {
        "max": 1,
        "mean": 0.0021413275972,
        "min": 0,
        "stdev": 0.0462243892252
    },
    "spectral_centroid": {
        "max": 3617.08666992,
        "mean": 1368.11682129,
        "min": 324.214019775,
        "stdev": 676.270019531
    },
    "spectral_complexity": {
        "max": 38,
        "mean": 19.3069229126,
        "min": 0,
        "stdev": 6.11991214752
    },
    "spectral_decrease": {
        "max": -2.49525972801e-11,
        "mean": -5.60866642019e-09,
        "min": -1.94705567225e-08,
        "stdev": 2.79204104281e-09
    },
    "spectral_energy": {
        "max": 0.0789174437523,
        "mean": 0.0231808014214,
        "min": 0.000106239895103,
        "stdev": 0.0113780526444
    },
    "spectral_energyband_high": {
        "max": 0.0141781102866,
        "mean": 0.000558942498174,
        "min": 7.70062769107e-08,
        "stdev": 0.000965139479376
    },
    "spectral_energyband_low": {
        "max": 0.0318028777838,
        "mean": 0.00167046126444,
        "min": 1.40034089782e-05,
        "stdev": 0.00195515714586
    },
    "spectral_energyband_middle_high": {
        "max": 0.0389148779213,
        "mean": 0.00652270903811,
        "min": 4.52553067589e-05,
        "stdev": 0.00588111858815
    },
    "spectral_energyband_middle_low": {
        "max": 0.0726379081607,
        "mean": 0.0148782012984,
        "min": 3.98241536459e-05,
        "stdev": 0.00929649919271
    },
    "spectral_entropy": {
        "max": 8.55341720581,
        "mean": 7.25004720688,
        "min": 5.00672626495,
        "stdev": 0.483775317669
    },
    "spectral_flux": {
        "max": 0.223674401641,
        "mean": 0.0642899423838,
        "min": 0.0127610675991,
        "stdev": 0.0284018181264
    },
    "spectral_kurtosis": {
        "max": 98.3963241577,
        "mean": 6.83448648453,
        "min": -0.543277263641,
        "stdev": 10.004119873
    },
    "spectral_rms": {
        "max": 0.00877454411238,
        "mean": 0.00461687380448,
        "min": 0.000321945146425,
        "stdev": 0.00114010483958
    },
    "spectral_rolloff": {
        "max": 8161.08398438,
        "mean": 1671.7487793,
        "min": 258.3984375,
        "stdev": 1136.41162109
    },
    "spectral_skewness": {
        "max": 7.86615753174,
        "mean": 1.72820401192,
        "min": 0.203054413199,
        "stdev": 0.883369863033
    },
    "spectral_spread": {
        "max": 19212220,
        "mean": 3810708.25,
        "min": 659919.25,
        "stdev": 1288790.875
    },
    "spectral_strongpeak": {
        "max": 9.71816444397,
        "mean": 1.67238152027,
        "min": 0.00958667974919,
        "stdev": 1.53133285046
    },
    "zerocrossingrate": {
        "max": 0.22412109375,
        "mean": 0.05909980461,
        "min": 0.009765625,
        "stdev": 0.026965783909
    },
    "barkbands": {
        "max": [0.00018843167345, 0.00623088562861, 0.0159508064389, 0.0201433971524, 0.0294469259679, 0.0430340059102, 0.0252684354782, 0.0431871414185, 0.0705143362284, 0.028964471072, 0.0261404681951, 0.0186229012907, 0.0209635198116, 0.00797273684293, 0.00985866319388, 0.00638880068436, 0.00767652131617, 0.00540005089715, 0.00412400905043, 0.00595464278013, 0.0035165771842, 0.00555772008374, 0.00427961163223, 0.0025153986644, 0.00170338025782, 0.000490773993079, 4.52516178484e-05],
        "mean": [8.62869728735e-06, 0.000157685499289, 0.00127265509218, 0.000584960274864, 0.0033300134819, 0.00337243336253, 0.00205940520391, 0.00300046056509, 0.00222362950444, 0.000971545523498, 0.000895957637113, 0.000412432156736, 0.000612670381088, 0.00036614947021, 0.000568322080653, 0.00067408720497, 0.00090017344337, 0.000379393604817, 0.000451131723821, 0.000555684848223, 7.52921405365e-05, 9.06703862711e-05, 0.000110667242552, 5.35101935384e-05, 4.20505893999e-05, 1.08726235339e-05, 3.25207224705e-07],
        "min": [1.53513539658e-08, 2.91402812991e-07, 6.22600600764e-06, 4.67888730782e-06, 9.31694739847e-06, 1.63163713296e-06, 5.75117428525e-06, 5.72859448766e-07, 1.5553580397e-06, 5.43738906345e-07, 2.77271419691e-06, 6.59694251226e-06, 1.11374606604e-06, 1.52360178163e-06, 2.26740121434e-06, 1.00894874322e-06, 9.74425802269e-07, 5.4743804867e-07, 2.69093504812e-07, 8.58179518559e-08, 3.17888465551e-10, 4.04967059886e-10, 7.18080150897e-10, 7.5493888918e-10, 4.07746530984e-10, 2.40356901049e-10, 2.80269335518e-10],
        "stdev": [1.45515059558e-05, 0.00027459996636, 0.00165056367405, 0.000923317100387, 0.0034171435982, 0.00361104053445, 0.00325047946535, 0.00529660889879, 0.0063667842187, 0.00185289070942, 0.00228019244969, 0.0011631041998, 0.00170614151284, 0.000623186235316, 0.000750572944526, 0.000974401948042, 0.00129807111807, 0.00062102539232, 0.000598961662035, 0.000760555500165, 0.000192486899323, 0.000324206193909, 0.000259072316112, 0.000148597406223, 0.000109252650873, 3.43555147992e-05, 1.82676240001e-06]
    },
    "erbbands": {
        "max": [0.0490684881806, 1.97899866104, 13.1657209396, 57.5861167908, 45.0854797363, 117.495529175, 351.630859375, 233.700195312, 376.730743408, 736.640563965, 959.991271973, 2097.02124023, 518.113586426, 746.381408691, 1336.53747559, 910.097595215, 745.614685059, 453.129852295, 619.051574707, 466.729644775, 328.315917969, 441.371704102, 331.898712158, 75.6301574707, 302.979278564, 232.766601562, 119.071052551, 160.712753296, 220.70223999, 154.820327759, 141.608413696, 58.3980102539, 42.2069244385, 21.7015705109, 12.0185661316, 2.88856291771, 0.853671967983, 0.150155454874, 0.00367183890194, 0.000180654562428],
        "mean": [0.00168532528915, 0.0699579194188, 1.13051092625, 1.8616963625, 6.02457523346, 12.012591362, 20.6621456146, 29.4456920624, 31.9434528351, 41.2890319824, 59.2628974915, 62.7699737549, 25.7281627655, 30.2209587097, 41.421962738, 17.7210159302, 27.6656265259, 21.051700592, 27.5922527313, 41.1845321655, 30.1705036163, 37.0913734436, 32.0091133118, 11.782834053, 32.1468696594, 28.4746780396, 5.16887998581, 3.42265152931, 3.0522711277, 3.36151528358, 3.26730060577, 1.39386308193, 0.776423215866, 0.532902896404, 0.263474613428, 0.0684000626206, 0.0170231834054, 0.00232447939925, 6.53577444609e-05, 3.08492126351e-05],
        "min": [1.51918175106e-05, 0.000254688871792, 0.00784656684846, 0.0201201029122, 0.012555455789, 0.0297175087035, 0.0693178549409, 0.109684444964, 0.103176362813, 0.0299546271563, 0.0226187221706, 0.036619219929, 0.0104681607336, 0.0398037545383, 0.228624925017, 0.223964765668, 0.0600091330707, 0.0706009715796, 0.121694080532, 0.0735024362803, 0.0630610063672, 0.0499392561615, 0.0378236062825, 0.010666994378, 0.00611377647147, 0.0059281992726, 0.000925477652345, 9.15595737752e-05, 3.03106135107e-05, 2.84833804471e-05, 2.70648761216e-05, 2.29056058743e-05, 1.89312286238e-05, 1.51718813868e-05, 8.9891409516e-06, 5.16888349011e-06, 3.02267017105e-06, 7.15714463695e-07, 1.26844724946e-06, 2.28256976698e-06],
        "stdev": [0.0021122423932, 0.0974538102746, 1.47272229195, 2.12186121941, 6.46047115326, 14.5313987732, 29.9542675018, 30.4502105713, 48.1173171997, 70.7121505737, 102.603424072, 174.59828186, 46.6091079712, 61.2860107422, 100.649208069, 45.1958351135, 72.2459335327, 39.7951316833, 37.6876525879, 63.1875839233, 36.8467292786, 49.5701446533, 41.312171936, 11.1219835281, 43.3607063293, 40.2908439636, 7.16909790039, 9.69113826752, 11.8475656509, 8.85536193848, 7.87537145615, 3.30789589882, 2.4729745388, 1.3966203928, 0.699442923069, 0.222140237689, 0.052554178983, 0.00763186113909, 0.000176731875399, 1.62412216014e-05]
    },
    "gfcc": {
        "mean": [-8.82617855072, 109.571731567, -149.564620972, 25.1123161316, -77.1616973877, -3.01476097107, -52.3398857117, 0.699407160282, -22.7184314728, -13.640162468, -9.95838451385, -13.4855470657, -9.52047252655],
        "cov": [[2940.23510742, -1867.70361328, -279.669006348, 507.950317383, -271.211303711, 84.6592330933, -353.25680542, 243.881744385, -417.17098999, 335.43637085, -436.691436768, 170.261230469, 192.433898926], [-1867.70361328, 1748.56896973, -38.4818344116, -315.473236084, 106.309745789, -21.6989650726, 403.951293945, -205.564727783, 424.016326904, -378.657592773, 427.607940674, -268.017089844, -80.8353500366], [-279.669006348, -38.4818344116, 732.81652832, -231.199081421, 72.9706268311, 130.492462158, -57.7977523804, 40.805644989, -41.2753753662, 78.6405181885, -105.421829224, 141.910217285, -201.226516724], [507.950317383, -315.473236084, -231.199081421, 384.787597656, -41.2158660889, -47.4800987244, -78.2468109131, 11.3607501984, -13.1385660172, 31.2552566528, -47.7328720093, -9.12366867065, 129.669692993], [-271.211303711, 106.309745789, 72.9706268311, -41.2158660889, 205.185714722, -56.5374221802, -14.983464241, 47.5471878052, -2.95831847191, 4.09119319916, 20.0218276978, 1.45575618744, -40.190284729], [84.6592330933, -21.6989650726, 130.492462158, -47.4800987244, -56.5374221802, 210.390060425, 61.2953834534, 0.13698489964, 2.22995209694, 11.1649942398, -24.9799613953, -0.0786542966962, -49.8380508423], [-353.25680542, 403.951293945, -57.7977523804, -78.2468109131, -14.983464241, 61.2953834534, 281.701812744, -55.7072257996, 105.083595276, -68.5678482056, 93.8268432617, -74.3914260864, -40.142578125], [243.881744385, -205.564727783, 40.805644989, 11.3607501984, 47.5471878052, 0.13698489964, -55.7072257996, 179.262069702, -34.0711555481, 45.1656303406, -41.6591148376, -9.78516674042, -9.48890113831], [-417.17098999, 424.016326904, -41.2753753662, -13.1385660172, -2.95831847191, 2.22995209694, 105.083595276, -34.0711555481, 222.262832642, -85.499458313, 117.75629425, -93.9327697754, -25.5513496399], [335.43637085, -378.657592773, 78.6405181885, 31.2552566528, 4.09119319916, 11.1649942398, -68.5678482056, 45.1656303406, -85.499458313, 229.057144165, -115.683082581, 70.8343582153, -6.05651283264], [-436.691436768, 427.607940674, -105.421829224, -47.7328720093, 20.0218276978, -24.9799613953, 93.8268432617, -41.6591148376, 117.75629425, -115.683082581, 191.832717896, -86.6239700317, -2.83916163445], [170.261230469, -268.017089844, 141.910217285, -9.12366867065, 1.45575618744, -0.0786542966962, -74.3914260864, -9.78516674042, -93.9327697754, 70.8343582153, -86.6239700317, 151.749435425, -11.1655931473], [192.433898926, -80.8353500366, -201.226516724, 129.669692993, -40.190284729, -49.8380508423, -40.142578125, -9.48890113831, -25.5513496399, -6.05651283264, -2.83916163445, -11.1655931473, 140.310623169]],
        "icov": [[0.0016513277078, 0.00139060325455, 0.000565001217183, -0.000594830722548, 0.0011287239613, -0.000605606124736, -0.000144076358993, -0.000918000994716, 0.000424999190727, 0.000235945248278, 0.00054182682652, 0.000362532038707, 2.86851336568e-05], [0.00139060325455, 0.00632561650127, -0.00162809027825, 0.00224469532259, -0.00177518022247, 0.000625979038887, -0.00298938853666, 0.00307006388903, -0.00368210650049, 0.00282840919681, -0.00295830238611, 0.00444704387337, -0.00386047037318], [0.000565001217183, -0.00162809027825, 0.00484875123948, -0.000253748614341, 0.000609147420619, -0.00239581661299, 0.00231896620244, -0.00216042273678, 0.000623448635451, -0.000806546770036, 0.0027839501854, -0.00434136530384, 0.00510589778423], [-0.000594830722548, 0.00224469532259, -0.000253748614341, 0.00618726667017, -0.00209333514795, 0.000402889709221, -0.000532076926902, 0.00224306434393, -0.00379338720813, 0.00100124580786, -0.000258653773926, 0.00181886297651, -0.00493804784492], [0.0011287239613, -0.00177518022247, 0.000609147420619, -0.00209333514795, 0.00897354539484, 0.0016139310319, 0.00111945613753, -0.00437319744378, 0.00332159688696, -0.00144377036486, 0.000544505601283, -0.00159286730923, 0.003832424758], [-0.000605606124736, 0.000625979038887, -0.00239581661299, 0.000402889709221, 0.0016139310319, 0.00779899023473, -0.00261048646644, 0.000750305305701, -0.000125999460579, 0.000422311451985, -0.000301138119539, 0.00236709206365, 9.68423773884e-05], [-0.000144076358993, -0.00298938853666, 0.00231896620244, -0.000532076926902, 0.00111945613753, -0.00261048646644, 0.00754853105173, -0.000778393470682, 0.000780752743594, -0.00148449989501, 0.0011254401179, -0.00158463756088, 0.00376799725927], [-0.000918000994716, 0.00307006388903, -0.00216042273678, 0.00224306434393, -0.00437319744378, 0.000750305305701, -0.000778393470682, 0.0107157537714, -0.00253333942965, 0.000925503321923, -0.00157664355356, 0.00586671475321, -0.00261417008005], [0.000424999190727, -0.00368210650049, 0.000623448635451, -0.00379338720813, 0.00332159688696, -0.000125999460579, 0.000780752743594, -0.00253333942965, 0.0120741715655, -0.0016767012421, -0.000833273108583, 0.000530778139364, 0.00480611808598], [0.000235945248278, 0.00282840919681, -0.000806546770036, 0.00100124580786, -0.00144377036486, 0.000422311451985, -0.00148449989501, 0.000925503321923, -0.0016767012421, 0.00799623783678, 0.00136872101575, 0.000808689394034, -0.00126992096193], [0.00054182682652, -0.00295830238611, 0.0027839501854, -0.000258653773926, 0.000544505601283, -0.000301138119539, 0.0011254401179, -0.00157664355356, -0.000833273108583, 0.00136872101575, 0.0145810134709, -0.000676816736814, 0.00219709146768], [0.000362532038707, 0.00444704387337, -0.00434136530384, 0.00181886297651, -0.00159286730923, 0.00236709206365, -0.00158463756088, 0.00586671475321, 0.000530778139364, 0.000808689394034, -0.000676816736814, 0.0170922782272, -0.00403632922098], [2.86851336568e-05, -0.00386047037318, 0.00510589778423, -0.00493804784492, 0.003832424758, 9.68423773884e-05, 0.00376799725927, -0.00261417008005, 0.00480611808598, -0.00126992096193, 0.00219709146768, -0.00403632922098, 0.0193268358707]]
    },
    "melbands": {
        "max": [0.00101865478791, 0.00532620958984, 0.00841371901333, 0.00750470347703, 0.0092751365155, 0.00541841238737, 0.00584154715762, 0.00950253102928, 0.00820276234299, 0.0115846730769, 0.00308536086231, 0.00323271681555, 0.00371930282563, 0.00225281133316, 0.000986847211607, 0.00269756326452, 0.000670590205118, 0.000967185071204, 0.000524882576428, 0.000647619424853, 0.00047570784227, 0.000391738809412, 0.000574515084736, 0.000141672426253, 6.11809446127e-05, 0.000197725370526, 0.000287395319901, 0.000147702885442, 6.09299495409e-05, 0.000100138873677, 0.000107749619929, 0.000140788863064, 0.000123385543702, 7.87959070294e-05, 9.62494086707e-05, 5.2863615565e-05, 3.03312044707e-05, 3.32639428962e-05, 2.65636081167e-05, 1.6037864043e-05],
        "mean": [2.6710153179e-05, 0.000409588566981, 0.000430121552199, 0.000703982659616, 0.000678542186506, 0.000632230367046, 0.000474933942314, 0.000500374124385, 0.000491127371788, 0.00035710845259, 0.000116395254736, 0.000120695047372, 0.000131676191813, 6.82227837387e-05, 3.80472374673e-05, 6.62730017211e-05, 3.55363408744e-05, 4.23531855631e-05, 4.21060904046e-05, 6.08171321801e-05, 3.29224130837e-05, 3.1468745874e-05, 6.14164891886e-05, 1.07357491288e-05, 8.1203161244e-06, 1.7470882085e-05, 2.88910268864e-05, 1.58728653332e-05, 3.3452374737e-06, 1.71773513102e-06, 1.97866802409e-06, 1.67468033396e-06, 1.81218433681e-06, 1.8880244852e-06, 2.199010396e-06, 1.10291364308e-06, 7.41704354823e-07, 5.34361447535e-07, 5.01651982177e-07, 4.26705327072e-07],
        "min": [1.66897166309e-07, 3.01751902043e-06, 3.21535299008e-06, 1.13262524337e-06, 1.91746903511e-06, 2.60567730948e-06, 1.45067804169e-06, 2.38795593077e-07, 2.34023318058e-07, 2.04694387662e-07, 3.98147435021e-08, 1.25815674323e-07, 5.4583591691e-07, 7.86627367688e-07, 2.04745674637e-07, 1.1237648323e-07, 1.25412086049e-07, 1.74146194354e-07, 1.24458352957e-07, 5.72413547673e-08, 6.8625602978e-08, 5.17988318904e-08, 4.19692405274e-08, 2.44553550743e-08, 4.95185137339e-09, 5.8902451805e-09, 2.50396725576e-09, 6.06158012673e-10, 2.65316605491e-11, 6.3607391923e-12, 4.59155153135e-12, 3.60900935872e-12, 7.10333181164e-12, 6.7240167427e-12, 1.2783224132e-11, 1.01504221695e-11, 9.29466312943e-12, 7.66951519654e-12, 5.47334486761e-12, 3.82152426023e-12],
        "stdev": [4.45429468527e-05, 0.000512577651534, 0.000406549894251, 0.000858416082337, 0.000844956666697, 0.00064032030059, 0.000743795942981, 0.000933420727961, 0.000892584270332, 0.00102670688648, 0.000232973165112, 0.000262310786638, 0.000315664743539, 0.000175752225914, 7.98393884907e-05, 0.00020608108025, 6.48361456115e-05, 6.12253061263e-05, 5.75587073399e-05, 9.64893115452e-05, 4.26735023211e-05, 4.08872874686e-05, 8.8265784143e-05, 1.46270949699e-05, 7.88691886555e-06, 2.22607104661e-05, 4.05406171922e-05, 2.35408497247e-05, 4.68876760351e-06, 4.73267891721e-06, 6.3444231273e-06, 6.98644453223e-06, 6.65524430588e-06, 4.57114856545e-06, 5.34166474608e-06, 2.77756771538e-06, 1.80091342372e-06, 1.74667650299e-06, 1.61291416134e-06, 1.05349704427e-06]
    },
    "melbands128": {
        "max": [9.78208045126e-05, 0.000165095596458, 0.000619826838374, 0.00403412384912, 0.0070859878324, 0.00937975756824, 0.0139766745269, 0.00727903749794, 0.00469940900803, 0.0137320905924, 0.00720971496776, 0.0108286878094, 0.014774184674, 0.0154802622274, 0.0080816783011, 0.0035680742003, 0.0032563151326, 0.011322144419, 0.00426938617602, 0.00906732771546, 0.0164952259511, 0.0152731826529, 0.0164434183389, 0.0178558062762, 0.0264821462333, 0.0153198968619, 0.00370030617341, 0.00491797365248, 0.00897144712508, 0.00588012021035, 0.00347517523915, 0.00637424644083, 0.00638216547668, 0.0104654049501, 0.00453921360895, 0.00458442699164, 0.0036184808705, 0.000741754600313, 0.00218335096724, 0.00389108201489, 0.00605922425166, 0.00272936536931, 0.000976025883574, 0.000994278816506, 0.00212954683229, 0.00163101486396, 0.00155883072875, 0.00103990070056, 0.000364037696272, 0.00174220988993, 0.00143432442565, 0.000878088059835, 0.000823174661491, 0.00064248254057, 0.000669246714097, 0.000291146541713, 0.00139086053241, 0.00118465290871, 0.000829409982543, 0.000427929218858, 0.000141810436617, 8.79877625266e-05, 5.72849858145e-05, 0.000125430728076, 0.000103493992356, 0.000180144765181, 0.000509947887622, 0.000750336912461, 0.000418139476096, 0.000393439346226, 0.000272956007393, 0.000208232595469, 0.000113007074106, 4.11294749938e-05, 0.000120958997286, 0.000113068206701, 0.000127926570713, 9.79216274573e-05, 0.000143903816934, 0.00019837426953, 0.000117304800369, 0.000127894047182, 0.000149268293171, 0.000212920756894, 0.000138028059155, 6.71545931255e-05, 8.38385603856e-05, 0.00010525721882, 0.000108869746327, 0.000125760707306, 5.74427940592e-05, 5.9636298829e-05, 4.75337037642e-05, 3.42555613315e-05, 3.79958000849e-05, 3.99328346248e-05, 3.95015231334e-05, 4.0537899622e-05, 2.64103109657e-05, 2.61925015366e-05, 3.44109394064e-05, 1.22505789477e-05, 2.28566004807e-05, 1.85731787496e-05, 1.60910731211e-05, 1.18402485896e-05, 1.079005051e-05, 6.430906069e-06, 4.26525593866e-06, 6.56442125546e-06, 4.34974299424e-06, 3.89494289266e-06, 2.73962245956e-06, 2.03734975912e-06, 1.59594310389e-06, 1.78285256425e-06, 1.76941489372e-06, 1.38983054399e-07, 5.18577465414e-08, 5.06304012049e-08, 4.95040808346e-08, 4.84630469089e-08, 4.75430255165e-08, 4.67101131107e-08, 4.60233948729e-08, 4.54951347706e-08, 4.5121446135e-08, 4.48842136791e-08],
        "mean": [4.28337216363e-06, 5.75548165216e-06, 1.70220537257e-05, 0.000100416858913, 0.00048757440527, 0.000634569965769, 0.000340178696206, 0.00032522471156, 0.000562958884984, 0.000931383343413, 0.00061937602004, 0.000525773677509, 0.000718814088032, 0.000798730470706, 0.000855493766721, 0.000387719715945, 0.000316068384564, 0.000718989176676, 0.000353279931005, 0.00036935848766, 0.000718787661754, 0.000441561714979, 0.00051730661653, 0.000397434720071, 0.000540441949852, 0.000288046750939, 6.38408673694e-05, 0.000137289520353, 8.5003390268e-05, 0.00018024383462, 9.30747919483e-05, 8.42496374389e-05, 0.000137398063089, 0.00019657179655, 6.38206765871e-05, 4.17874543928e-05, 4.49395083706e-05, 1.40891197589e-05, 5.44413087482e-05, 7.45171419112e-05, 7.73049760028e-05, 4.00999670092e-05, 2.77358649328e-05, 3.63708750228e-05, 4.05750943173e-05, 3.73947186745e-05, 5.82899228903e-05, 3.11295043502e-05, 2.25644798775e-05, 9.44857602008e-05, 7.17852817615e-05, 2.83276149275e-05, 1.62662508956e-05, 4.69713995699e-05, 4.54866785731e-05, 1.15468947115e-05, 1.79562484846e-05, 0.000120138021884, 4.72589417768e-05, 1.25370270325e-05, 1.09546044769e-05, 7.98686323833e-06, 5.80909545533e-06, 8.84134260559e-06, 1.1082727724e-05, 9.24091909837e-06, 2.66145561909e-05, 3.53061950591e-05, 2.35471798078e-05, 3.28927453666e-05, 1.77058136615e-05, 6.27152348898e-06, 5.91360003455e-06, 2.04181606023e-06, 1.57639726694e-06, 1.41899613482e-06, 1.91888102563e-06, 2.24817540584e-06, 1.91438994079e-06, 1.89144418528e-06, 1.6485115566e-06, 1.56425335263e-06, 1.66221764175e-06, 1.92130642063e-06, 1.90242496956e-06, 1.65283768183e-06, 1.94212816496e-06, 2.19235084842e-06, 2.72139959634e-06, 1.76864898549e-06, 1.18609170841e-06, 9.35245111577e-07, 9.05141746443e-07, 7.16531928902e-07, 6.9778860734e-07, 5.40974951946e-07, 4.88489547479e-07, 5.34408115982e-07, 4.94180198984e-07, 4.62276972257e-07, 5.46229898646e-07, 3.68871241108e-07, 3.86028261801e-07, 3.77685580588e-07, 3.27244777054e-07, 2.38267205077e-07, 1.82213511835e-07, 1.24724635953e-07, 9.90013546698e-08, 9.40359825563e-08, 7.66165157984e-08, 5.67054705414e-08, 4.8662691654e-08, 4.29780726563e-08, 3.5925264541e-08, 2.63354618113e-08, 1.25481651736e-08, 7.94794119408e-10, 5.40852605757e-11, 4.48840374589e-11, 4.29123542256e-11, 4.70149683074e-11, 4.15415930821e-11, 3.95127403019e-11, 3.85504614342e-11, 3.73994134273e-11, 3.67071442686e-11, 3.6459866376e-11],
        "min": [9.33169541639e-10, 1.10941265064e-08, 1.99497947051e-08, 8.50773602679e-08, 7.75205194259e-07, 3.49551237377e-06, 3.02886928694e-06, 1.70727912518e-06, 1.01762782379e-06, 2.36193528735e-07, 1.36583707899e-06, 4.80500148115e-07, 3.0604343948e-08, 1.72986460711e-07, 1.66371179944e-07, 2.97741394206e-07, 1.85374415196e-06, 1.22290362015e-06, 5.92618562223e-07, 1.55720499606e-07, 1.05554306629e-07, 8.09755960063e-08, 2.20688008312e-07, 4.37351133087e-07, 3.14304401172e-07, 7.48161141928e-08, 3.15585104715e-08, 5.03442834088e-08, 1.97204581553e-08, 1.02171625826e-07, 1.36024226549e-07, 1.22617279885e-07, 1.15583986826e-07, 5.17764817687e-07, 2.99910340118e-07, 2.62869093604e-07, 1.29514845071e-07, 9.63706483503e-08, 1.02457136109e-07, 1.18701564134e-07, 5.41128173381e-08, 8.65688178919e-08, 7.68292807152e-08, 5.89090909386e-08, 3.78209961127e-08, 1.43440729516e-07, 1.40232430113e-07, 2.27029968158e-08, 2.09725641298e-08, 2.40883952785e-08, 2.42808937401e-08, 4.66737475335e-08, 5.85504018602e-08, 2.28647962786e-08, 3.07859870929e-08, 4.06151734467e-08, 1.5584934232e-08, 4.30540119112e-08, 2.39091360044e-08, 2.67399595799e-08, 1.09922124736e-08, 5.61537261135e-09, 3.00435032408e-09, 1.77250725208e-09, 4.76081263301e-09, 2.06886241472e-09, 1.44156034332e-10, 4.75333883365e-10, 2.10221684505e-09, 6.82754186521e-10, 5.37593192185e-10, 1.1233915187e-10, 6.70017036644e-12, 6.51842815835e-12, 6.5389109058e-12, 4.989790265e-12, 5.22538306028e-12, 3.22751938023e-12, 3.47050535011e-12, 2.78333042378e-12, 1.95651936492e-12, 3.06977078306e-12, 3.36874256789e-12, 8.59452439772e-12, 6.59874412057e-12, 4.04562841561e-12, 5.48325924596e-12, 7.00014915825e-12, 2.20012940158e-12, 8.45017718992e-12, 1.08795568041e-11, 7.57455643347e-12, 1.37163006647e-11, 9.90681928853e-12, 6.35160457216e-12, 7.17078783505e-12, 4.46235886783e-12, 1.82309440981e-12, 1.93034108663e-12, 1.46902856633e-12, 3.08211550899e-12, 1.99976233489e-12, 1.57225567201e-12, 1.45788025749e-12, 1.28930264902e-12, 1.51441120928e-12, 9.19446051413e-13, 1.15186657955e-12, 1.07454475005e-12, 7.72652937724e-13, 8.49527154352e-13, 8.50319164039e-13, 1.08879984022e-12, 8.53170507333e-13, 5.40117863629e-13, 7.76966761328e-13, 7.79729145833e-13, 9.22575817824e-13, 7.04975845495e-13, 8.56367602699e-13, 8.6292079168e-13, 7.02177194428e-13, 8.72530563426e-13, 7.34834556485e-13, 5.77452419648e-13, 2.22185659628e-13, 2.76683091992e-14, 1.10626240444e-15],
        "stdev": [6.53182178212e-06, 8.33074136608e-06, 3.48462381226e-05, 0.00017957619275, 0.000673773756716, 0.000808916171081, 0.000467094068881, 0.000549906282686, 0.000671942951158, 0.00153166335076, 0.000863220833708, 0.000752042047679, 0.00141227932181, 0.00114746962208, 0.00104391248897, 0.000466555735329, 0.000421315111453, 0.00145306030754, 0.000557279738132, 0.000867008580826, 0.00179578235839, 0.00100449926686, 0.00134894449729, 0.00149052811321, 0.0018899718998, 0.00111285911407, 0.000182684001629, 0.000344286847394, 0.000372706737835, 0.000429295992944, 0.000254343118286, 0.000426172045991, 0.000380070297979, 0.000667144951876, 0.000220181740588, 0.000198007081053, 0.000183503609151, 4.67082354589e-05, 0.000144754900248, 0.000287730945274, 0.000351170427166, 0.000187944460777, 6.607612886e-05, 6.85505146976e-05, 0.000106911247713, 7.83681825851e-05, 0.000118737385492, 8.1699443399e-05, 4.40829608124e-05, 0.00022984026873, 0.000162515425473, 6.33593517705e-05, 4.90281090606e-05, 8.77124693943e-05, 7.45714714867e-05, 2.18002187466e-05, 7.82650167821e-05, 0.000197768647922, 9.49074601522e-05, 3.56136806658e-05, 1.70026305568e-05, 1.12235111374e-05, 6.83703819959e-06, 1.12035640996e-05, 1.71018309629e-05, 1.56980331667e-05, 4.24518002546e-05, 8.1243510067e-05, 4.55874615e-05, 5.57162857149e-05, 3.80183482775e-05, 1.25165151985e-05, 1.15058328447e-05, 3.37473261425e-06, 5.09873098054e-06, 4.47321372121e-06, 6.12613666817e-06, 5.73473062104e-06, 6.88833051754e-06, 8.47449518915e-06, 7.34429750082e-06, 7.01289127392e-06, 7.79957372288e-06, 8.84693054104e-06, 6.00840576226e-06, 3.68871360479e-06, 5.28446435055e-06, 6.03248827247e-06, 6.50476340525e-06, 5.29083217771e-06, 3.2511320569e-06, 2.69971087619e-06, 2.23901975005e-06, 1.6887873926e-06, 1.97001327251e-06, 1.79912876774e-06, 1.72599538928e-06, 2.10361667996e-06, 1.6707318764e-06, 1.51992003339e-06, 1.78188543032e-06, 8.51390211665e-07, 1.11002725589e-06, 1.08051142433e-06, 8.56294207097e-07, 7.21438311757e-07, 7.07097626673e-07, 4.60045953332e-07, 3.44712816513e-07, 3.45902122945e-07, 2.74881699625e-07, 2.05606269787e-07, 1.58995817401e-07, 1.38944244554e-07, 1.13623279674e-07, 9.25392811268e-08, 7.03617857312e-08, 6.88161883033e-09, 1.41947609222e-09, 1.35369238041e-09, 1.3226010287e-09, 1.30230737305e-09, 1.27039534448e-09, 1.24788546163e-09, 1.22955157167e-09, 1.21544285747e-09, 1.205469502e-09, 1.19913579066e-09]
    },
    "mfcc": {
        "mean": [-638.714538574, 131.524765015, -17.4475708008, 15.0714902878, -4.36618900299, -12.488483429, -16.7844047546, -0.782362639904, -16.400970459, 3.72674679756, -13.6139364243, -6.11126327515, -0.32176849246],
        "cov": [[3539.92602539, -2152.64868164, -276.927612305, 334.975860596, -138.750686646, -40.9591140747, 39.2734146118, -383.333557129, 346.72366333, -176.85144043, -87.3087921143, -283.875213623, -31.3874588013], [-2152.64868164, 1750.70715332, 75.3837356567, -284.542358398, -10.7241916656, 18.4009647369, -0.936669051647, 352.785461426, -277.715393066, 212.84526062, 74.8756256104, 211.124893188, -20.5865421295], [-276.927612305, 75.3837356567, 483.694274902, -180.578659058, 48.4767951965, 88.875038147, -23.7877120972, 65.8076095581, 3.3462767601, -45.5485229492, 69.0528259277, -6.20005083084, 3.52339673042], [334.975860596, -284.542358398, -180.578659058, 314.859039307, 12.2846431732, -27.4056606293, -35.1453208923, -92.5217208862, 58.0883255005, -24.443944931, -60.3108253479, -37.2179031372, 43.6290931702], [-138.750686646, -10.7241916656, 48.4767951965, 12.2846431732, 285.668151855, -128.318572998, -19.6240997314, 1.07993471622, -15.3206691742, 7.82672643661, -25.0797786713, -6.06278657913, 52.3595657349], [-40.9591140747, 18.4009647369, 88.875038147, -27.4056606293, -128.318572998, 233.388305664, 4.34482145309, -0.280594646931, 24.6291694641, -36.3821258545, 46.7008209229, 16.8995838165, -53.4661102295], [39.2734146118, -0.936669051647, -23.7877120972, -35.1453208923, -19.6240997314, 4.34482145309, 153.518630981, -2.60267186165, 20.7373256683, 4.64323997498, 16.1251869202, 13.2623176575, -12.3882141113], [-383.333557129, 352.785461426, 65.8076095581, -92.5217208862, 1.07993471622, -0.280594646931, -2.60267186165, 241.420684814, -93.9447021484, 86.9481887817, -3.14552569389, 33.638710022, 10.2904844284], [346.72366333, -277.715393066, 3.3462767601, 58.0883255005, -15.3206691742, 24.6291694641, 20.7373256683, -93.9447021484, 161.370681763, -30.9001083374, 26.8810100555, -29.4378795624, -15.7785110474], [-176.85144043, 212.84526062, -45.5485229492, -24.443944931, 7.82672643661, -36.3821258545, 4.64323997498, 86.9481887817, -30.9001083374, 182.830978394, 23.3600463867, 37.7034988403, 12.9391975403], [-87.3087921143, 74.8756256104, 69.0528259277, -60.3108253479, -25.0797786713, 46.7008209229, 16.1251869202, -3.14552569389, 26.8810100555, 23.3600463867, 118.954612732, 42.0790977478, -26.7096843719], [-283.875213623, 211.124893188, -6.20005083084, -37.2179031372, -6.06278657913, 16.8995838165, 13.2623176575, 33.638710022, -29.4378795624, 37.7034988403, 42.0790977478, 107.010177612, -8.46415901184], [-31.3874588013, -20.5865421295, 3.52339673042, 43.6290931702, 52.3595657349, -53.4661102295, -12.3882141113, 10.2904844284, -15.7785110474, 12.9391975403, -26.7096843719, -8.46415901184, 104.834777832]],
        "icov": [[0.00152984808665, 0.00197662366554, 0.000573027762584, 0.000252180587268, 0.000783711962868, 0.000440682488261, -0.00010372944962, -0.000516521453392, -0.000111824949272, -0.00051919039106, -0.000337825767929, 0.000763313262723, 0.000616556208115], [0.00197662366554, 0.00379254808649, 0.000803588307463, 0.000740740040783, 0.000990249682218, 0.000475371256471, -1.94429903786e-05, -0.00150998088066, 0.0010510487482, -0.00114836182911, -0.000677868607454, -0.000438265240518, 0.000986885395832], [0.000573027762584, 0.000803588307463, 0.00433883350343, 0.00245511904359, -0.00119594100397, -0.00176432204898, 0.00100650417153, -0.00151230790652, -0.000955375202466, 0.00131168833468, -0.00203977664933, 0.00155416876078, -0.00157321873121], [0.000252180587268, 0.000740740040783, 0.00245511904359, 0.00617553433403, -0.000455255300039, -0.0011765101226, 0.00160309032071, 0.000426261423854, -0.00182722648606, 4.54209075542e-05, 0.00138977973256, 5.58346800972e-05, -0.00257870205678], [0.000783711962868, 0.000990249682218, -0.00119594100397, -0.000455255300039, 0.00581161212176, 0.00347251933999, 0.000132664354169, 0.000142949371366, 5.91238713241e-05, -0.000305650697555, 0.000383505917853, -0.000438325863797, -0.000362257793313], [0.000440682488261, 0.000475371256471, -0.00176432204898, -0.0011765101226, 0.00347251933999, 0.00783628877252, -1.41121427077e-05, -0.000457991671283, -0.000356991833542, 0.00101053086109, -0.00109706260264, -0.000997198629193, 0.00254121888429], [-0.00010372944962, -1.94429903786e-05, 0.00100650417153, 0.00160309032071, 0.000132664354169, -1.41121427077e-05, 0.00736345117912, -0.000326296983985, -0.00162366591394, 0.000315223151119, -0.000257947074715, -0.000903544307221, -0.000329107919242], [-0.000516521453392, -0.00150998088066, -0.00151230790652, 0.000426261423854, 0.000142949371366, -0.000457991671283, -0.000326296983985, 0.00804476533085, 0.00227390299551, -0.00282665411942, 0.00204891897738, 3.81573554478e-05, -0.000494708889164], [-0.000111824949272, 0.0010510487482, -0.000955375202466, -0.00182722648606, 5.91238713241e-05, -0.000356991833542, -0.00162366591394, 0.00227390299551, 0.0112252365798, -0.000994191505015, -0.00314970314503, 0.0012766342843, 0.00145158916712], [-0.00051919039106, -0.00114836182911, 0.00131168833468, 4.54209075542e-05, -0.000305650697555, 0.00101053086109, 0.000315223151119, -0.00282665411942, -0.000994191505015, 0.00859322398901, -0.00246598105878, -0.000786603952292, -0.0013632341288], [-0.000337825767929, -0.000677868607454, -0.00203977664933, 0.00138977973256, 0.000383505917853, -0.00109706260264, -0.000257947074715, 0.00204891897738, -0.00314970314503, -0.00246598105878, 0.0144020328298, -0.00516433641315, 0.00135594373569], [0.000763313262723, -0.000438265240518, 0.00155416876078, 5.58346800972e-05, -0.000438325863797, -0.000997198629193, -0.000903544307221, 3.81573554478e-05, 0.0012766342843, -0.000786603952292, -0.00516433641315, 0.0152253592387, -0.000130435000756], [0.000616556208115, 0.000986885395832, -0.00157321873121, -0.00257870205678, -0.000362257793313, 0.00254121888429, -0.000329107919242, -0.000494708889164, 0.00145158916712, -0.0013632341288, 0.00135594373569, -0.000130435000756, 0.0132515616715]]
    },
    "spectral_contrast_coeffs": {
        "max": [-0.369079738855, -0.44310644269, -0.530253589153, -0.596799612045, -0.559144496918, -0.565816998482],
        "mean": [-0.627562701702, -0.706178545952, -0.739952087402, -0.751575529575, -0.73574668169, -0.755389988422],
        "min": [-0.896967053413, -0.869303047657, -0.900857210159, -0.869252860546, -0.874085724354, -0.959774851799],
        "stdev": [0.0729259476066, 0.0737828537822, 0.057484228164, 0.0454217791557, 0.063227981329, 0.0493397861719]
    },
    "spectral_contrast_valleys": {
        "max": [-5.42116308212, -5.31369590759, -5.8950304985, -6.43699169159, -6.39472436905, -7.76906347275],
        "mean": [-7.17951393127, -6.36932468414, -7.39149332047, -7.66486501694, -7.82278966904, -10.684504509],
        "min": [-9.42617225647, -9.29030418396, -9.03477668762, -9.38167858124, -11.222240448, -15.1798582077],
        "stdev": [0.619850933552, 0.476067572832, 0.444581031799, 0.479073554277, 0.86723780632, 1.22425997257]
    }
},
"rhythm": {
    "beats_count": 54,
    "beats_loudness": {
        "max": 0.0598422586918,
        "mean": 0.0263799652457,
        "min": 0.00655372627079,
        "stdev": 0.0117764929309
    },
    "bpm": 98.9667663574,
    "bpm_histogram_first_peak_bpm": 99,
    "bpm_histogram_first_peak_weight": 0.162790715694,
    "bpm_histogram_second_peak_bpm": 105,
    "bpm_histogram_second_peak_spread": 0.5,
    "bpm_histogram_second_peak_weight": 0.0377358496189,
    "danceability": 1.11228430271,
    "onset_rate": 2.46093726158,
    "beats_loudness_band_ratio": {
        "max": [0.558212339878, 0.747977018356, 0.812188982964, 0.639532089233, 0.459376305342, 0.49750444293],
        "mean": [0.124463841319, 0.291925638914, 0.318901509047, 0.128613397479, 0.118246749043, 0.0638525933027],
        "min": [0.00836014095694, 0.01175804995, 0.0547753423452, 0.0192279163748, 0.00138161738869, 0.00017192933592],
        "stdev": [0.113308735192, 0.193605512381, 0.215708807111, 0.148935213685, 0.107728287578, 0.0857613831758]
    },
    "beats_position": [0.522448956966, 1.05650794506, 1.57895684242, 2.10140585899, 2.63546490669, 3.23918366432, 3.84290242195, 4.43501138687, 5.0387301445, 5.64244890213, 6.25777769089, 6.87310647964, 7.4884352684, 8.09215450287, 8.70748329163, 9.31120204926, 9.91492080688, 10.5186395645, 11.1223583221, 11.7376871109, 12.3530158997, 12.9567346573, 13.5604534149, 14.1641721725, 14.7678909302, 15.3716096878, 15.9753284454, 16.5558280945, 17.1363258362, 17.7284355164, 18.3321533203, 18.9358730316, 19.5279808044, 20.1317005157, 20.7470283508, 21.3739681244, 21.9892959595, 22.5465755463, 23.1154651642, 23.6843528748, 24.2300224304, 24.7873020172, 25.4258499146, 26.0411777496, 26.6565074921, 27.2834453583, 27.8987751007, 28.5141029358, 29.1178226471, 29.7215423584, 30.3252601624, 30.9289798737, 31.5326976776, 32.1480255127],
