{
"metadata": {
    "version": {
        "essentia": "2.1-beta5",
        "essentia_git_sha": "Undefined",
        "extractor": "music 2.0"
    },
    "audio_properties": {
        "analysis": {
            "equal_loudness": 0,
            "length": 32.4963264465,
            "sample_rate": 44100,
            "start_time": 12.7477550507,
            "downmix": "mix"
        },
        "bit_rate": 192000,
        "length": 190.624221802,
        "lossless": 0,
        "number_channels": 2,
        "replay_gain": 0.344636917114,
        "sample_rate": 48000,
        "codec": "mp3",
        "md5_encoded": "73b9fe144615e0e4387046d973a4cafb"
    },
    "tags": {
        "file_name": "Germany_You Let Me Walk Alone_Michael Schulte.mp3",
        "encoding": ["Lavf58.29.100"]
    }
},
"lowlevel": {
    "average_loudness": 0.925646841526,
    "barkbands_crest": {
        "max": 25.5179538727,
        "mean": 14.110710144,
        "min": 3.49502825737,
        "stdev": 4.95099973679
    },
    "barkbands_flatness_db": {
        "max": 0.59966146946,
        "mean": 0.323402494192,
        "min": 0.0816907435656,
        "stdev": 0.100068315864
    },
    "barkbands_kurtosis": {
        "max": 370.999328613,
        "mean": 14.5243339539,
        "min": -1.90026128292,
        "stdev": 26.9169807434
    },
    "barkbands_skewness": {
        "max": 14.8440351486,
        "mean": 2.28517627716,
        "min": -1.04775702953,
        "stdev": 1.72316873074
    },
    "barkbands_spread": {
        "max": 81.6712417603,
        "mean": 7.37976789474,
        "min": 0.301898539066,
        "stdev": 13.1064596176
    },
    "dissonance": {
        "max": 0.499951720238,
        "mean": 0.385352760553,
        "min": 0.162518650293,
        "stdev": 0.0602825395763
    },
    "dynamic_complexity": 3.77100515366,
    "erbbands_crest": {
        "max": 28.5455188751,
        "mean": 13.2946100235,
        "min": 3.66243219376,
        "stdev": 4.81595087051
    },
    "erbbands_flatness_db": {
        "max": 0.519149541855,
        "mean": 0.319002360106,
        "min": 0.0948696509004,
        "stdev": 0.086528852582
    },
    "erbbands_kurtosis": {
        "max": 53.5619544983,
        "mean": 4.09270143509,
        "min": -1.8089812994,
        "stdev": 5.90714502335
    },
    "erbbands_skewness": {
        "max": 5.88278722763,
        "mean": 1.26511859894,
        "min": -3.2578599453,
        "stdev": 1.07861208916
    },
    "erbbands_spread": {
        "max": 121.796188354,
        "mean": 18.3260536194,
        "min": 2.7452378273,
        "stdev": 19.9953289032
    },
    "hfc": {
        "max": 102.566116333,
        "mean": 12.9047164917,
        "min": 0.374826133251,
        "stdev": 13.2402534485
    },
    "loudness_ebu128": {
        "integrated": -24.5578289032,
        "loudness_range": 5.02356910706,
        "momentary": {
            "max": -21.443151474,
            "mean": -25.5731430054,
            "min": -32.7298736572,
            "stdev": 3.22771668434
        },
        "short_term": {
            "max": -22.559173584,
            "mean": -24.8370990753,
            "min": -29.4591846466,
            "stdev": 1.84026277065
        }
    },
    "melbands_crest": {
        "max": 30.662563324,
        "mean": 16.2666683197,
        "min": 5.27186584473,
        "stdev": 5.36598443985
    },
    "melbands_flatness_db": {
        "max": 0.761141240597,
        "mean": 0.41162610054,
        "min": 0.0883126929402,
        "stdev": 0.142938002944
    },
    "melbands_kurtosis": {
        "max": 162.108169556,
        "mean": 15.467256546,
        "min": -1.32270658016,
        "stdev": 21.1611652374
    },
    "melbands_skewness": {
        "max": 9.59402084351,
        "mean": 2.39456391335,
        "min": -0.573082089424,
        "stdev": 1.55662095547
    },
    "melbands_spread": {
        "max": 164.624313354,
        "mean": 8.93883514404,
        "min": 0.628791868687,
        "stdev": 15.6944122314
    },
    "pitch_salience": {
        "max": 0.81660926342,
        "mean": 0.52492171526,
        "min": 0.134442284703,
        "stdev": 0.138319447637
    },
    "silence_rate_20dB": {
        "max": 1,
        "mean": 1,
        "min": 1,
        "stdev": 0
    },
    "silence_rate_30dB": {
        "max": 1,
        "mean": 1,
        "min": 1,
        "stdev": 0
    },
    "silence_rate_60dB": {
        "max": 1,
        "mean": 0.0228408277035,
        "min": 0,
        "stdev": 0.149398520589
    },
    "spectral_centroid": {
        "max": 4210.82714844,
        "mean": 548.671569824,
        "min": 213.544387817,
        "stdev": 533.738952637
    },
    "spectral_complexity": {
        "max": 31,
        "mean": 9.65381908417,
        "min": 1,
        "stdev": 3.64260435104
    },
    "spectral_decrease": {
        "max": -1.81334017246e-10,
        "mean": -6.47999076619e-09,
        "min": -2.24639968849e-08,
        "stdev": 5.0064579149e-09
    },
    "spectral_energy": {
        "max": 0.0871427431703,
        "mean": 0.0256274603307,
        "min": 0.000731652544346,
        "stdev": 0.0195814240724
    },
    "spectral_energyband_high": {
        "max": 0.0140425199643,
        "mean": 0.000399496610044,
        "min": 1.4662878689e-09,
        "stdev": 0.00148693588562
    },
    "spectral_energyband_low": {
        "max": 0.0145865753293,
        "mean": 0.000997313298285,
        "min": 2.02427763725e-05,
        "stdev": 0.00108211976476
    },
    "spectral_energyband_middle_high": {
        "max": 0.0313950665295,
        "mean": 0.00175852188841,
        "min": 1.19187234304e-05,
        "stdev": 0.00352560076863
    },
    "spectral_energyband_middle_low": {
        "max": 0.0861182063818,
        "mean": 0.0228595770895,
        "min": 0.000609936832916,
        "stdev": 0.0187622793019
    },
    "spectral_entropy": {
        "max": 8.39074516296,
        "mean": 6.04108333588,
        "min": 4.15275287628,
        "stdev": 0.836458146572
    },
    "spectral_flux": {
        "max": 0.242375776172,
        "mean": 0.0632493942976,
        "min": 0.00501380534843,
        "stdev": 0.0426911227405
    },
    "spectral_kurtosis": {
        "max": 619.57635498,
        "mean": 79.7159805298,
        "min": -0.73410320282,
        "stdev": 108.752510071
    },
    "spectral_rms": {
        "max": 0.00922048278153,
        "mean": 0.00459292437881,
        "min": 0.000844871217851,
        "stdev": 0.00197672587819
    },
    "spectral_rolloff": {
        "max": 9022.41210938,
        "mean": 802.673828125,
        "min": 215.33203125,
        "stdev": 1260.14489746
    },
    "spectral_skewness": {
        "max": 19.630147934,
        "mean": 5.42162656784,
        "min": 0.0457570925355,
        "stdev": 4.34719419479
    },
    "spectral_spread": {
        "max": 10477150,
        "mean": 2486976.75,
        "min": 185890.609375,
        "stdev": 2009063.125
    },
    "spectral_strongpeak": {
        "max": 8.02653121948,
        "mean": 1.27025544643,
        "min": 0.0548873655498,
        "stdev": 1.15404653549
    },
    "zerocrossingrate": {
        "max": 0.244140625,
        "mean": 0.0293620489538,
        "min": 0.0068359375,
        "stdev": 0.0350752025843
    },
    "barkbands": {
        "max": [0.000154260342242, 0.0036222403869, 0.00441624689847, 0.0148998890072, 0.0659347251058, 0.0736376345158, 0.0296828970313, 0.041810233146, 0.0362469889224, 0.0115521484986, 0.0162999294698, 0.0130846323445, 0.0194744318724, 0.0213976278901, 0.0028912848793, 0.00447261473164, 0.00207472941838, 0.000659865210764, 0.00132761325222, 0.00227782083675, 0.00288852420636, 0.00861921999604, 0.00389865017496, 0.00264906906523, 0.00160049728584, 0.000164576907991, 3.78918821298e-06],
        "mean": [7.30771580493e-06, 0.000162941592862, 0.000485845928779, 0.00118284719065, 0.0106394374743, 0.00516858929768, 0.00143948674668, 0.00227651186287, 0.00207290705293, 0.00041074611363, 0.000259457126958, 0.000373241433408, 0.00028320090496, 0.000229491430218, 5.88448092458e-05, 4.11072796851e-05, 4.86752433062e-05, 2.79762807622e-05, 3.08404814859e-05, 5.69804979023e-05, 7.25907957531e-05, 0.000131686436362, 8.25225070002e-05, 5.08252378495e-05, 2.99181701848e-05, 3.49521837961e-06, 1.7048220613e-08],
        "min": [3.44169350797e-08, 2.13587145481e-06, 3.71428063772e-06, 2.54128212873e-06, 0.00019852265541, 6.60782825435e-06, 2.97904284707e-06, 8.4653365775e-06, 1.13856265216e-06, 1.75112427314e-06, 1.4204862282e-06, 1.56779390181e-06, 4.08926780437e-07, 2.1832997632e-08, 5.96082835869e-11, 3.29887783757e-11, 3.13105930072e-11, 4.87810694616e-11, 3.6387497182e-11, 4.68259320208e-11, 7.14712039551e-11, 7.92411553041e-11, 9.20891071732e-11, 1.21006912823e-10, 1.03615685476e-10, 1.45619946657e-10, 1.81752918271e-10],
        "stdev": [1.07327332444e-05, 0.000263100198936, 0.000572962104343, 0.00146013894118, 0.0131121752784, 0.00998316891491, 0.00238699652255, 0.00484036235139, 0.00445579504594, 0.00116816430818, 0.000868421280757, 0.00112187268678, 0.00130499294028, 0.00123485759832, 0.000196072796825, 0.000247167481575, 0.000171485546161, 7.29588864488e-05, 0.00010583223775, 0.000195151966182, 0.000285849557258, 0.000561455730349, 0.000341417093296, 0.000219948924496, 0.000128008337924, 1.5093987713e-05, 1.51025517425e-07]
    },
    "erbbands": {
        "max": [0.0419638752937, 0.98687762022, 3.90127563477, 35.5762290955, 238.444396973, 367.257263184, 708.784423828, 826.0703125, 320.66784668, 751.919067383, 1177.40783691, 545.376037598, 332.116882324, 355.581237793, 593.612670898, 499.349639893, 452.715606689, 1280.24475098, 287.491394043, 102.965682983, 284.982635498, 103.293212891, 42.3834457397, 36.3831100464, 90.7869873047, 111.871246338, 79.9371109009, 177.86328125, 191.723907471, 302.180999756, 100.962539673, 51.6428527832, 55.2738380432, 19.6275901794, 11.1776609421, 1.60146641731, 0.194133549929, 0.031710524112, 0.000603172229603, 9.75966686383e-05],
        "mean": [0.0029840352945, 0.0504645183682, 0.466401010752, 2.27869462967, 14.1021537781, 42.4335975647, 55.8021125793, 34.7986412048, 14.1419200897, 36.6750717163, 64.3656311035, 36.9012794495, 22.131772995, 13.6314096451, 10.8871774673, 12.7335119247, 11.6807126999, 15.785525322, 4.87177228928, 2.12406539917, 2.55142593384, 2.87505173683, 1.96659004688, 0.922142505646, 2.34940314293, 2.68648433685, 2.24357151985, 3.80662155151, 4.29019975662, 4.17396211624, 2.05038952827, 1.07680904865, 0.85290145874, 0.424137860537, 0.165084481239, 0.0295683611184, 0.00481414888054, 0.00035205038148, 2.31495632761e-05, 3.03472206724e-05],
        "min": [7.22917175153e-05, 0.00128064129967, 0.00541879795492, 0.0119228623807, 0.135304793715, 0.295236617327, 0.165635064244, 0.139151722193, 0.341338902712, 0.245991110802, 0.254539430141, 0.090627014637, 0.035818696022, 0.0820015147328, 0.0952187031507, 0.123097702861, 0.0464354977012, 0.00604306627065, 0.000931369839236, 7.34122731956e-05, 1.79643539013e-05, 8.37308380142e-06, 4.65154062113e-06, 5.16841100762e-06, 3.74137539438e-06, 2.78578750113e-06, 3.62189712177e-06, 4.38570805272e-06, 3.61814500138e-06, 3.29991212311e-06, 3.45620946973e-06, 3.55603060598e-06, 3.46817478203e-06, 3.55768111149e-06, 2.65625249085e-06, 1.89284787666e-06, 1.22993151308e-06, 2.65076664618e-07, 6.93821561981e-07, 1.52719701418e-06],
        "stdev": [0.00336141022854, 0.0739259123802, 0.506893455982, 2.61722636223, 22.5785560608, 61.8076057434, 90.9128799438, 78.7816314697, 23.1883125305, 57.0053825378, 145.097427368, 76.4270095825, 43.5828895569, 32.1417350769, 33.8529624939, 37.5382270813, 38.1552581787, 81.875541687, 17.7773113251, 6.63715648651, 15.0827026367, 9.52134895325, 5.16914701462, 2.5012357235, 7.79061508179, 9.13035964966, 8.59745311737, 15.3381195068, 16.2630233765, 19.4639492035, 8.44757938385, 4.49904441833, 3.97702217102, 1.7680990696, 0.753194749355, 0.126705661416, 0.021113820374, 0.0020056294743, 4.93194638693e-05, 2.25241983571e-05]
    },
    "gfcc": {
        "mean": [-142.37310791, 196.547058105, -100.836174011, -15.1012659073, -67.9818572998, -11.7329750061, -37.1007385254, -22.6488685608, -16.9260406494, -20.2776145935, -9.62232685089, -13.3826303482, -5.91748523712],
        "cov": [[12732.0546875, -7684.68261719, -2463.42163086, 4301.62890625, -3859.0456543, 1151.42565918, -609.685791016, 346.346282959, -220.063751221, 347.191101074, -228.45274353, 105.667076111, 245.014770508], [-7684.68261719, 5494.00878906, 926.922607422, -2804.57910156, 2698.45141602, -924.840148926, 523.988037109, -260.575500488, 269.701599121, -347.695220947, 237.982589722, -127.437789917, -108.355209351], [-2463.42163086, 926.922607422, 1389.23425293, -840.180786133, 299.032562256, 145.184738159, -41.2821731567, -83.8342056274, -55.722278595, 0.485943615437, -41.6867408752, 33.9005737305, -97.6623916626], [4301.62890625, -2804.57910156, -840.180786133, 2082.67919922, -1372.37365723, 174.989303589, -37.3317756653, 31.4880714417, -40.6294403076, 106.656097412, -61.5439605713, 51.8663063049, 63.2062225342], [-3859.0456543, 2698.45141602, 299.032562256, -1372.37365723, 1840.50317383, -629.076477051, 156.478805542, 100.401443481, 14.6244573593, -103.462265015, 74.2728424072, -65.5932693481, -97.0251083374], [1151.42565918, -924.840148926, 145.184738159, 174.989303589, -629.076477051, 572.391967773, -146.890350342, -2.74919342995, -26.6381034851, 62.8404922485, -71.6408004761, 2.02070140839, 2.94926476479], [-609.685791016, 523.988037109, -41.2821731567, -37.3317756653, 156.478805542, -146.890350342, 369.355957031, -123.870567322, 19.5936145782, 20.348487854, 14.9516239166, -16.1262702942, -29.554441452], [346.346282959, -260.575500488, -83.8342056274, 31.4880714417, 100.401443481, -2.74919342995, -123.870567322, 295.124359131, -99.2316207886, 45.1034431458, 5.1156001091, -31.4970531464, 12.5791387558], [-220.063751221, 269.701599121, -55.722278595, -40.6294403076, 14.6244573593, -26.6381034851, 19.5936145782, -99.2316207886, 193.684524536, -86.1147537231, 9.70791053772, 35.6383247375, 5.14282417297], [347.191101074, -347.695220947, 0.485943615437, 106.656097412, -103.462265015, 62.8404922485, 20.348487854, 45.1034431458, -86.1147537231, 196.735046387, -57.1284942627, -9.18884944916, 11.9218244553], [-228.45274353, 237.982589722, -41.6867408752, -61.5439605713, 74.2728424072, -71.6408004761, 14.9516239166, 5.1156001091, 9.70791053772, -57.1284942627, 131.630950928, -38.1476516724, 10.6414089203], [105.667076111, -127.437789917, 33.9005737305, 51.8663063049, -65.5932693481, 2.02070140839, -16.1262702942, -31.4970531464, 35.6383247375, -9.18884944916, -38.1476516724, 138.028381348, -9.14485931396], [245.014770508, -108.355209351, -97.6623916626, 63.2062225342, -97.0251083374, 2.94926476479, -29.554441452, 12.5791387558, 5.14282417297, 11.9218244553, 10.6414089203, -9.14485931396, 103.607589722]],
        "icov": [[0.00147529295646, 0.000605698209256, 0.00166355806869, -0.000729718070943, 0.00111527193803, -0.000709778338205, 0.000694280373864, -0.000582883600146, 0.000675844028592, 0.000140885269502, 0.000496992492117, -0.000219238558202, 0.000371176924091], [0.000605698209256, 0.00892413966358, -0.00119850225747, 0.00564631214365, -0.00581492763013, 0.00249136984348, -0.00653799716383, 0.00337131670676, -0.00622054748237, 0.00425728037953, -0.00387482438236, 0.0037129628472, -0.00391970062628], [0.00166355806869, -0.00119850225747, 0.00349922035821, -0.00149206619244, 0.00278856023215, -0.00160286889877, 0.00247389450669, -0.000980190467089, 0.00285013322718, -0.000785067910329, 0.0016274433583, -0.00146038760431, 0.00215573376045], [-0.000729718070943, 0.00564631214365, -0.00149206619244, 0.00616314169019, -0.00318925245665, 0.00345406122506, -0.00515042804182, 0.00216948590241, -0.00460120895877, 0.00271098758094, -0.00242420728318, 0.00271890615113, -0.00194770598318], [0.00111527193803, -0.00581492763013, 0.00278856023215, -0.00318925245665, 0.00818462576717, -3.32385061483e-05, 0.00515853893012, -0.00436117546633, 0.00495143886656, -0.00276148179546, 0.00418870802969, -0.00218687835149, 0.00497065111995], [-0.000709778338205, 0.00249136984348, -0.00160286889877, 0.00345406122506, -3.32385061483e-05, 0.00585781270638, -0.00170540995896, 0.00077834475087, -0.00275608920492, 0.000813758175354, 3.98261145165e-05, 0.00260327546857, 0.000155990026542], [0.000694280373864, -0.00653799716383, 0.00247389450669, -0.00515042804182, 0.00515853893012, -0.00170540995896, 0.00980585068464, -0.000918862584513, 0.00556134153157, -0.0046243336983, 0.0029929347802, -0.00244517927058, 0.00451542856172], [-0.000582883600146, 0.00337131670676, -0.000980190467089, 0.00216948590241, -0.00436117546633, 0.00077834475087, -0.000918862584513, 0.00769147370011, -0.000479915470351, 0.000871687661856, -0.00257280305959, 0.00186725368258, -0.00229283957742], [0.000675844028592, -0.00622054748237, 0.00285013322718, -0.00460120895877, 0.00495143886656, -0.00275608920492, 0.00556134153157, -0.000479915470351, 0.0134563595057, -6.14278615103e-05, 0.00372740719467, -0.00459398003295, 0.00230050156824], [0.000140885269502, 0.00425728037953, -0.000785067910329, 0.00271098758094, -0.00276148179546, 0.000813758175354, -0.0046243336983, 0.000871687661856, -6.14278615103e-05, 0.0101363928989, 0.00136919389479, 0.00217374879867, -0.00342089822516], [0.000496992492117, -0.00387482438236, 0.0016274433583, -0.00242420728318, 0.00418870802969, 3.98261145165e-05, 0.0029929347802, -0.00257280305959, 0.00372740719467, 0.00136919389479, 0.0127842826769, 0.00105459406041, 0.00131029286422], [-0.000219238558202, 0.0037129628472, -0.00146038760431, 0.00271890615113, -0.00218687835149, 0.00260327546857, -0.00244517927058, 0.00186725368258, -0.00459398003295, 0.00217374879867, 0.00105459406041, 0.0108064459637, -0.000856533530168], [0.000371176924091, -0.00391970062628, 0.00215573376045, -0.00194770598318, 0.00497065111995, 0.000155990026542, 0.00451542856172, -0.00229283957742, 0.00230050156824, -0.00342089822516, 0.00131029286422, -0.000856533530168, 0.0141810486093]]
    },
    "melbands": {
        "max": [0.000731432111934, 0.00170784513466, 0.0102084735408, 0.0161823984236, 0.0196472462267, 0.0169516168535, 0.00475727207959, 0.00803472381085, 0.0102217672393, 0.00341439549811, 0.0016425603535, 0.00131071789656, 0.00262614060193, 0.00202025496401, 0.00119969923981, 0.00198855530471, 0.00216552708298, 0.000695334223565, 0.000265249604126, 0.000164791970747, 0.000445411540568, 8.61094304128e-05, 0.000124024649267, 4.01255019824e-05, 2.94601995847e-05, 7.03673576936e-05, 0.000116544477351, 8.57206687215e-05, 5.05711177539e-05, 6.26644177828e-05, 0.000138342918945, 0.000110830063932, 0.000220586895011, 0.000124531099573, 6.67640051688e-05, 5.80465784878e-05, 2.75872735074e-05, 4.04097809223e-05, 2.90294829028e-05, 1.43480765473e-05],
        "mean": [3.49540277966e-05, 0.00018717032799, 0.000708850915544, 0.00198047608137, 0.00203776685521, 0.00079740548972, 0.000241163492319, 0.000402817589929, 0.000549304531887, 0.000223095339607, 0.000109689055535, 5.58025312785e-05, 3.59144287359e-05, 4.06632861996e-05, 2.51553465205e-05, 3.4349028283e-05, 2.6632560548e-05, 7.87507451605e-06, 4.22879293183e-06, 2.04196453524e-06, 3.0016456094e-06, 2.80624180959e-06, 2.76261175713e-06, 1.11329347874e-06, 6.0883326114e-07, 1.40046449815e-06, 2.05108494811e-06, 1.71435760876e-06, 1.32102184125e-06, 1.48701451508e-06, 2.53531106864e-06, 2.45274077315e-06, 2.48104674938e-06, 2.2039068881e-06, 1.26333225126e-06, 7.46552416331e-07, 6.25548580047e-07, 6.007162483e-07, 5.29702219865e-07, 3.00304606071e-07],
        "min": [5.82810002925e-07, 2.91773608296e-06, 4.03650756198e-06, 4.17699957325e-05, 6.82826066623e-06, 1.20522076941e-06, 4.7763674047e-06, 7.58138412493e-07, 9.3569190085e-07, 1.73852413354e-07, 1.57398133638e-07, 1.73857941377e-07, 2.73764612757e-07, 3.00364234818e-07, 1.88377768495e-07, 3.42114319096e-08, 5.07942443662e-09, 7.04656428693e-12, 4.58425268232e-12, 2.48301704718e-12, 2.34631151314e-12, 1.89635590217e-12, 2.71097185499e-12, 1.86238069237e-12, 1.57102586149e-12, 1.37514272972e-12, 1.26575312731e-12, 1.21571177604e-12, 1.46444098167e-12, 1.6054671698e-12, 1.3281079795e-12, 1.39399223501e-12, 1.59071909291e-12, 1.09879878633e-12, 1.39108744055e-12, 1.31574937577e-12, 1.32920291527e-12, 1.2551058283e-12, 9.45214826548e-13, 8.62127752001e-13],
        "stdev": [5.08238299517e-05, 0.000196943175979, 0.000869198120199, 0.0027090574149, 0.00285942223854, 0.0016889119288, 0.000388838816434, 0.000651037844364, 0.0013365347404, 0.000455004104879, 0.000227505574003, 0.000138359842822, 0.000125309205032, 0.000141882905154, 8.44000896905e-05, 0.000157329515787, 0.000138727016747, 3.75357194571e-05, 1.49924690049e-05, 1.06829393189e-05, 1.89845632121e-05, 9.02036663319e-06, 9.42840779317e-06, 3.17368130709e-06, 1.79327639671e-06, 5.17194030181e-06, 7.24968549548e-06, 6.32549699731e-06, 5.18124397786e-06, 6.19097954768e-06, 1.05047874968e-05, 9.19967806112e-06, 1.1952793102e-05, 1.01525401988e-05, 5.3445710364e-06, 3.29747740579e-06, 2.64937739303e-06, 2.87153670797e-06, 2.36802998188e-06, 1.25600331558e-06]
    },
    "melbands128": {
        "max": [6.50926376693e-05, 0.000162220894708, 0.00103734061122, 0.00196756748483, 0.00160670652986, 0.00280259852298, 0.00819455366582, 0.00858076289296, 0.0301661100239, 0.0284770298749, 0.0297557320446, 0.0275174956769, 0.0350400321186, 0.0250394567847, 0.0226092487574, 0.0327679179609, 0.00693269073963, 0.00529010873288, 0.01163755171, 0.0127698518336, 0.0170302540064, 0.010345691815, 0.0195693224669, 0.0148451719433, 0.00555093726143, 0.00667863059789, 0.00506394542754, 0.00208252202719, 0.00360975204967, 0.00242284033448, 0.00282759778202, 0.00249902508222, 0.00547470105812, 0.00106966879684, 0.00299329217523, 0.00373523449525, 0.00282865390182, 0.00271766074002, 0.00209909654222, 0.001278066542, 0.00369128910825, 0.00715822679922, 0.00248651066795, 0.000997971394099, 0.00228739157319, 0.000652777962387, 0.000428271741839, 0.000667992571834, 0.000107242536615, 0.000389511929825, 0.000263082882157, 0.000571777636651, 0.000594448065385, 0.000603435793892, 0.000235563828028, 0.000155682253535, 0.000238022010308, 0.000313865341013, 0.000100777062471, 6.62839302095e-05, 9.07865542104e-05, 6.0103724536e-05, 1.21308412417e-05, 3.58130782843e-05, 7.18570445315e-05, 0.000105833743874, 0.000129492618726, 0.00020374802989, 0.000180711547728, 8.77004276845e-05, 0.000117581228551, 8.40842258185e-05, 7.38174712751e-05, 7.23604171071e-05, 8.65727779455e-05, 7.67053643358e-05, 9.51304391492e-05, 0.000129719614051, 0.000162572308909, 0.000294354278594, 0.000113922207674, 0.000101438417914, 0.000176066809217, 0.000236669671722, 0.000365117972251, 0.00017815962201, 0.00012863909069, 0.000144539168105, 7.21888791304e-05, 8.1595411757e-05, 8.56913829921e-05, 4.4985950808e-05, 3.2758256566e-05, 3.11413677991e-05, 4.36443806393e-05, 3.06579313474e-05, 5.77446662646e-05, 6.3451276219e-05, 3.00177598547e-05, 2.74381436611e-05, 1.64545199368e-05, 1.24765319924e-05, 1.80730567081e-05, 2.40645913436e-05, 1.69157683558e-05, 9.22835079109e-06, 5.64804531678e-06, 3.92404399463e-06, 2.03681133826e-06, 1.67897553638e-06, 9.60247234616e-07, 1.00203442344e-06, 6.87549857048e-07, 7.20492437267e-07, 7.62028491863e-07, 5.13981433414e-07, 1.32328779046e-07, 4.15307743751e-09, 1.5666499209e-08, 3.94495192069e-09, 3.85359166799e-09, 3.77268261076e-09, 3.71504205177e-09, 3.63864027797e-09, 3.6108211976e-09, 3.56349838526e-09, 3.53601348202e-09, 3.51760509609e-09],
        "mean": [4.74312400911e-06, 1.79548733286e-05, 3.85422317777e-05, 8.36222898215e-05, 0.000191481536604, 0.000247737800237, 0.000320301245665, 0.000734581262805, 0.00144976994488, 0.00179852510337, 0.00263743661344, 0.00241709104739, 0.00208062352613, 0.00135436374694, 0.00075061689131, 0.0006006679032, 0.000191358092707, 0.000101262136013, 0.000352340575773, 0.000496149470564, 0.000339347316185, 0.000446766178356, 0.000726737780496, 0.000502275768667, 0.000109555403469, 0.000202146940865, 0.000204656796996, 5.76358470425e-05, 8.72313758009e-05, 4.75330998597e-05, 5.69274088775e-05, 4.44320685347e-05, 3.35644617735e-05, 1.94547337742e-05, 6.13398660789e-05, 3.48081375705e-05, 2.95379977615e-05, 3.1943905924e-05, 1.63035529113e-05, 1.83269730769e-05, 3.34405012836e-05, 7.0165762736e-05, 2.36150426645e-05, 8.56079896039e-06, 1.18398820632e-05, 6.76980653225e-06, 5.04730132889e-06, 6.07973106526e-06, 2.51048595601e-06, 2.00339104595e-06, 1.2465089867e-06, 2.83570375359e-06, 4.42493228547e-06, 2.07790185414e-06, 2.05845367418e-06, 2.85519604404e-06, 3.40872679772e-06, 3.61912589142e-06, 2.44489569923e-06, 1.49569211771e-06, 1.13356861675e-06, 7.22235029116e-07, 4.05262170489e-07, 5.84787869684e-07, 8.90183173397e-07, 1.24965447412e-06, 1.86076840691e-06, 1.9977426291e-06, 2.25464282266e-06, 1.84534439995e-06, 1.94968765754e-06, 1.42501664868e-06, 1.35733330353e-06, 1.31162073558e-06, 1.27612236156e-06, 1.31836475248e-06, 1.52499455908e-06, 2.14325518755e-06, 2.65491962637e-06, 3.09050619762e-06, 2.47351090366e-06, 2.24917221203e-06, 2.18391528506e-06, 2.44627926804e-06, 2.84838256448e-06, 2.49140907727e-06, 1.96434666577e-06, 1.65768369698e-06, 1.20522850011e-06, 1.02534727375e-06, 8.36666288251e-07, 6.56431893731e-07, 6.0470807739e-07, 6.06120465818e-07, 6.85597058236e-07, 5.66220137443e-07, 5.74271609821e-07, 6.55914902836e-07, 5.7460295011e-07, 4.59665386643e-07, 3.43353434573e-07, 2.65095621899e-07, 2.53532078887e-07, 2.52719615901e-07, 2.00327633593e-07, 1.40423622952e-07, 9.19665126276e-08, 6.02072489642e-08, 3.76150985915e-08, 2.69298894295e-08, 1.97428260407e-08, 1.81386798914e-08, 1.50201682203e-08, 8.22562995495e-09, 4.75667727429e-09, 3.18630855034e-09, 6.33359698021e-10, 1.49052124809e-11, 4.02890325268e-11, 1.42546070434e-11, 1.06611863435e-11, 1.04840624029e-11, 1.01747846259e-11, 9.74281245958e-12, 9.3910842644e-12, 8.83506635907e-12, 8.53170051968e-12, 8.45311928094e-12],
        "min": [1.30200350501e-09, 1.09201288012e-08, 1.90487469354e-07, 1.51922705527e-07, 8.61372711825e-07, 1.19951721445e-06, 1.66565132531e-06, 7.6826052009e-07, 3.3491423892e-06, 8.46425973577e-06, 4.16777857026e-06, 3.00324302316e-07, 4.01028472652e-07, 3.78493069775e-07, 1.89945524198e-07, 1.06250865883e-07, 1.47083937918e-07, 1.52476644644e-07, 2.64327184141e-07, 1.47313258481e-07, 4.37320522906e-07, 5.89851367749e-08, 4.71001442293e-07, 5.25472074742e-08, 5.50741319216e-08, 1.00022035099e-07, 5.17691880475e-08, 7.81064546373e-09, 6.00324625566e-08, 7.76210740128e-08, 5.53731922537e-08, 5.40952953543e-08, 3.21174589146e-08, 3.38027703606e-08, 4.15617193994e-08, 1.31450983432e-08, 2.34211192662e-08, 4.97798708921e-08, 4.7054250274e-08, 1.2054117704e-08, 1.50117096531e-09, 3.79499454084e-09, 2.61868415841e-09, 9.49842288156e-11, 5.59607091569e-12, 3.37088321666e-12, 5.39245167616e-12, 4.08617714318e-12, 5.45746867836e-12, 2.80731818e-12, 1.43174231151e-12, 3.01595011985e-12, 1.76234569473e-12, 1.9996953312e-12, 1.73649256866e-12, 1.2755401119e-12, 2.61550134849e-12, 1.34712640348e-12, 2.04902999949e-12, 1.55464313298e-12, 6.959299673e-13, 7.54237275934e-13, 1.23781356259e-12, 1.12755020164e-12, 9.23651888481e-13, 8.15417449274e-13, 7.14355820591e-13, 1.30621641975e-12, 9.66099379315e-13, 8.77023443018e-13, 1.20175939512e-12, 6.97313355062e-13, 8.08227562567e-13, 8.87631710755e-13, 1.65502323218e-12, 8.36977676836e-13, 6.00774746791e-13, 8.60901681974e-13, 8.16103044518e-13, 1.11627514957e-12, 1.08658622464e-12, 1.09741946433e-12, 1.04204871728e-12, 7.88256883811e-13, 9.44216601607e-13, 9.18396760551e-13, 4.79473069321e-13, 1.13668839966e-12, 9.95500340148e-13, 7.23167999008e-13, 9.88402610626e-13, 8.1101873264e-13, 7.93918750186e-13, 7.40625713969e-13, 1.09623204611e-12, 1.06832609165e-12, 6.47199145404e-13, 6.91755517885e-13, 7.74273277871e-13, 5.15009150777e-13, 6.95437902144e-13, 6.68985049648e-13, 5.52589224379e-13, 7.40586682691e-13, 7.86152718445e-13, 4.22855571088e-13, 5.32282713999e-13, 7.49272443135e-13, 4.95406938129e-13, 6.29801441034e-13, 5.55683645799e-13, 5.41078737804e-13, 5.43220741826e-13, 4.97625215774e-13, 4.22164256678e-13, 3.75396626761e-13, 5.33985507721e-13, 5.19127438519e-13, 6.19115490211e-13, 6.21960870393e-13, 5.71954809903e-13, 4.75410834831e-13, 4.31014382171e-13, 5.52820051021e-13, 3.47177229456e-13, 1.66125739467e-13, 2.03863533991e-14, 7.95975654078e-16],
        "stdev": [6.31602688372e-06, 2.17815395445e-05, 6.59431534586e-05, 0.000153422472067, 0.000227911456022, 0.000294421537546, 0.000520538422279, 0.000894205935765, 0.00272726616822, 0.00351556064561, 0.00463850935921, 0.00412547774613, 0.00406880257651, 0.00341121479869, 0.00222461204976, 0.00202510482632, 0.000464633572847, 0.00026966619771, 0.000807578384411, 0.000879573228303, 0.00094654224813, 0.00122859620024, 0.00223976420239, 0.0016231329646, 0.000441190815764, 0.000595002667978, 0.000551739067305, 0.000188447535038, 0.000323397573084, 0.000184634031029, 0.000192905179574, 0.000146104284795, 0.000230903882766, 8.40717475512e-05, 0.000260047003394, 0.000178629838047, 0.000140408868901, 0.000134152680403, 9.84991565929e-05, 9.06520144781e-05, 0.000197885179659, 0.000474904169096, 0.000145770754898, 6.15406097495e-05, 0.000100714503787, 3.06416623062e-05, 2.62178473349e-05, 3.05626454065e-05, 7.98728615337e-06, 1.40957781696e-05, 9.15169221116e-06, 2.69120992016e-05, 3.33498428517e-05, 2.04414518521e-05, 1.08495441964e-05, 1.05402341433e-05, 1.66775607795e-05, 1.93094037968e-05, 8.25369170343e-06, 4.43450062448e-06, 5.21405672771e-06, 2.8630736324e-06, 1.23481106584e-06, 2.11270116779e-06, 3.48753997059e-06, 6.14787632003e-06, 7.92705850472e-06, 8.4470893853e-06, 1.05438102764e-05, 7.02979104972e-06, 7.98330256657e-06, 6.54522955301e-06, 5.86764690524e-06, 5.62659852221e-06, 5.87473687119e-06, 6.12164421909e-06, 6.83835060045e-06, 9.54366259975e-06, 1.08895737867e-05, 1.53650726133e-05, 9.77409308689e-06, 8.02595695859e-06, 8.76885951584e-06, 1.29284790091e-05, 1.67288835655e-05, 1.24415173559e-05, 8.701112165e-06, 8.39873609948e-06, 5.04539775648e-06, 4.7625744628e-06, 4.02539217248e-06, 3.04530931317e-06, 2.67689779321e-06, 2.69342422143e-06, 3.13331133839e-06, 2.50774337474e-06, 3.12682595904e-06, 3.65207415598e-06, 2.55913005276e-06, 2.06573622563e-06, 1.48408059886e-06, 1.11595795715e-06, 1.15803300105e-06, 1.25912174553e-06, 1.02931005586e-06, 6.31693978903e-07, 4.20772607868e-07, 2.73766687542e-07, 1.67662520312e-07, 1.27219863089e-07, 8.99499426055e-08, 8.67334932764e-08, 6.97144244555e-08, 4.58642759327e-08, 3.80601008487e-08, 2.69157069965e-08, 5.64446445139e-09, 1.72547864885e-10, 5.90948956436e-10, 1.77733300299e-10, 1.45347942015e-10, 1.42337364117e-10, 1.40090439249e-10, 1.37309011383e-10, 1.36182828903e-10, 1.34472627478e-10, 1.33430516636e-10, 1.32741595493e-10]
    },
    "mfcc": {
        "mean": [-784.539611816, 220.461654663, 24.6907615662, -2.56774663925, -14.2776250839, 0.323585212231, -18.1097335815, -4.05114173889, -13.9089393616, -13.3933801651, -2.33712863922, -11.7538070679, -9.40680599213],
        "cov": [[13117.1367188, -8107.12548828, -469.568878174, 1349.4744873, -1318.9987793, 57.5976333618, -649.394042969, 61.414150238, -100.324104309, 47.3842010498, 150.75302124, -336.848602295, 84.9161071777], [-8107.12548828, 6116.62158203, -534.731323242, -944.34588623, 972.886169434, -105.691703796, 338.540344238, 69.4759902954, 70.1008987427, -84.8887786865, 47.767539978, 125.685310364, -56.3790359497], [-469.568878174, -534.731323242, 1269.09936523, -317.680664062, -237.999694824, 195.758377075, 16.086025238, -66.2551956177, -17.935382843, -42.1206321716, -60.1040496826, 46.7177886963, 6.35365629196], [1349.4744873, -944.34588623, -317.680664062, 905.545898438, -216.108520508, -53.5550041199, -24.7303733826, 18.6873207092, -54.8659477234, 74.1416854858, -73.6066970825, 26.9558563232, 13.8623161316], [-1318.9987793, 972.886169434, -237.999694824, -216.108520508, 621.998779297, -207.825469971, 61.166519165, 24.4978885651, 30.1553077698, 22.4084815979, -18.8053092957, 30.626001358, -50.7080078125], [57.5976333618, -105.691703796, 195.758377075, -53.5550041199, -207.825469971, 308.646392822, -77.7117385864, 6.64959955215, 13.7497138977, -29.0159130096, 26.738817215, 3.39445757866, 6.43894052505], [-649.394042969, 338.540344238, 16.086025238, -24.7303733826, 61.166519165, -77.7117385864, 340.152374268, -85.7176589966, 20.2752342224, 67.6985855103, 3.14131975174, 28.2362194061, 2.68505620956], [61.414150238, 69.4759902954, -66.2551956177, 18.6873207092, 24.4978885651, 6.64959955215, -85.7176589966, 194.656646729, -41.011680603, -30.4529438019, 36.637752533, -3.22322010994, -15.7342414856], [-100.324104309, 70.1008987427, -17.935382843, -54.8659477234, 30.1553077698, 13.7497138977, 20.2752342224, -41.011680603, 168.993545532, -32.152431488, 5.28652667999, 23.3816509247, 3.62993717194], [47.3842010498, -84.8887786865, -42.1206321716, 74.1416854858, 22.4084815979, -29.0159130096, 67.6985855103, -30.4529438019, -32.152431488, 188.033432007, -46.9554367065, -1.35283648968, 15.5055646896], [150.75302124, 47.767539978, -60.1040496826, -73.6066970825, -18.8053092957, 26.738817215, 3.14131975174, 36.637752533, 5.28652667999, -46.9554367065, 140.78755188, -36.3253669739, -17.3290729523], [-336.848602295, 125.685310364, 46.7177886963, 26.9558563232, 30.626001358, 3.39445757866, 28.2362194061, -3.22322010994, 23.3816509247, -1.35283648968, -36.3253669739, 144.414718628, -25.6348991394], [84.9161071777, -56.3790359497, 6.35365629196, 13.8623161316, -50.7080078125, 6.43894052505, 2.68505620956, -15.7342414856, 3.62993717194, 15.5055646896, -17.3290729523, -25.6348991394, 122.076202393]],
        "icov": [[0.00122840621043, 0.00170670764055, 0.00130483065732, 0.000489542842843, 0.000581535685342, 0.000196299675736, 0.00042921261047, -0.00029645379982, 6.95486814948e-05, 0.000130528118461, -0.000831154873595, 0.000419108691858, -5.48319076188e-05], [0.00170670764055, 0.00267811398953, 0.00202150689438, 0.000973119982518, 0.000439470808487, -4.08807500207e-05, 0.000212809536606, -0.0005649413215, 0.000264052447164, 0.000447843660368, -0.000945987121668, 0.000359189725714, -0.00018243843806], [0.00130483065732, 0.00202150689438, 0.00272326171398, 0.00133275485132, 0.000956580566708, -0.000394560396671, -3.9322538214e-05, -0.00028221894172, 0.00057244929485, 0.000612300005741, 0.000225262381718, -6.0937822127e-05, 3.99184864364e-05], [0.000489542842843, 0.000973119982518, 0.00133275485132, 0.00224863993935, 0.00100063788705, 0.000329065776896, -0.000152642955072, -0.000556577229872, 0.000470203842269, -7.68389436416e-05, 0.000931653776206, -0.000579562154599, 0.000120421689644], [0.000581535685342, 0.000439470808487, 0.000956580566708, 0.00100063788705, 0.00372560392134, 0.00218473165296, 0.000537903630175, -0.000617064186372, -0.000607147580013, -0.000648589630146, 0.000301026040688, -0.00012054014951, 0.00109383021481], [0.000196299675736, -4.08807500207e-05, -0.000394560396671, 0.000329065776896, 0.00218473165296, 0.00543601345271, 0.00154935172759, -4.40065268776e-05, -0.000875393510796, -0.00076350744348, -0.00126994028687, -0.000475522421766, 0.000251642544754], [0.00042921261047, 0.000212809536606, -3.9322538214e-05, -0.000152642955072, 0.000537903630175, 0.00154935172759, 0.00470357947052, 0.0017598537961, -0.000422487326432, -0.00180937233381, -0.002197814174, -0.000698543153703, -0.000132106331876], [-0.00029645379982, -0.0005649413215, -0.00028221894172, -0.000556577229872, -0.000617064186372, -4.40065268776e-05, 0.0017598537961, 0.00701997429132, 0.00168894568924, 0.000322523643263, -0.00199837307446, -0.000817471300252, 8.87636488187e-05], [6.95486814948e-05, 0.000264052447164, 0.00057244929485, 0.000470203842269, -0.000607147580013, -0.000875393510796, -0.000422487326432, 0.00168894568924, 0.0072322753258, 0.00164602953009, -0.000194682201254, -0.00140598928556, -0.000735666486435], [0.000130528118461, 0.000447843660368, 0.000612300005741, -7.68389436416e-05, -0.000648589630146, -0.00076350744348, -0.00180937233381, 0.000322523643263, 0.00164602953009, 0.00724188797176, 0.00236713909544, 0.000542333757039, -0.000573750236072], [-0.000831154873595, -0.000945987121668, 0.000225262381718, 0.000931653776206, 0.000301026040688, -0.00126994028687, -0.002197814174, -0.00199837307446, -0.000194682201254, 0.00236713909544, 0.0113344164565, 0.00221050041728, 0.00178480392788], [0.000419108691858, 0.000359189725714, -6.0937822127e-05, -0.000579562154599, -0.00012054014951, -0.000475522421766, -0.000698543153703, -0.000817471300252, -0.00140598928556, 0.000542333757039, 0.00221050041728, 0.00901773851365, 0.00200870423578], [-5.48319076188e-05, -0.00018243843806, 3.99184864364e-05, 0.000120421689644, 0.00109383021481, 0.000251642544754, -0.000132106331876, 8.87636488187e-05, -0.000735666486435, -0.000573750236072, 0.00178480392788, 0.00200870423578, 0.00935508403927]]
    },
    "spectral_contrast_coeffs": {
        "max": [-0.350293666124, -0.425360143185, -0.495204091072, -0.555914282799, -0.568402886391, -0.466469615698],
        "mean": [-0.573632657528, -0.690371930599, -0.732054769993, -0.75963896513, -0.752174079418, -0.780363440514],
        "min": [-0.789341330528, -0.935423374176, -0.910999178886, -0.939002394676, -0.953098833561, -0.960495471954],
        "stdev": [0.0847325026989, 0.0774721056223, 0.0686214715242, 0.0544510819018, 0.072119385004, 0.116292916238]
    },
    "spectral_contrast_valleys": {
        "max": [-5.64929056168, -4.93924617767, -5.82249593735, -6.41703557968, -6.46205615997, -7.75778102875],
        "mean": [-7.16637229919, -6.8760099411, -8.01002597809, -9.38977146149, -10.6551427841, -12.916185379],
        "min": [-9.29544067383, -8.76743412018, -9.77659797668, -13.7947854996, -14.6412134171, -15.9019994736],
        "stdev": [0.524000704288, 0.554529905319, 0.576079726219, 1.14589118958, 2.06263995171, 2.09393811226]
    }
},
"rhythm": {
    "beats_count": 82,
    "beats_loudness": {
        "max": 0.0762113109231,
        "mean": 0.0285802092403,
        "min": 0.00375609612092,
        "stdev": 0.0196373034269
    },
    "bpm": 150.784561157,
    "bpm_histogram_first_peak_bpm": 152,
    "bpm_histogram_first_peak_weight": 0.428571462631,
    "bpm_histogram_second_peak_bpm": 157,
    "bpm_histogram_second_peak_spread": 0.363636374474,
    "bpm_histogram_second_peak_weight": 0.0864197537303,
    "danceability": 0.905517995358,
    "onset_rate": 3.16845679283,
    "beats_loudness_band_ratio": {
        "max": [0.840184092522, 0.93692702055, 0.775618135929, 0.604937493801, 0.175305664539, 0.623846769333],
        "mean": [0.273637443781, 0.530523180962, 0.204089164734, 0.0524460859597, 0.0103965383023, 0.0271901395172],
        "min": [0.0086323292926, 0.059378568083, 0.0259780213237, 0.00111920107156, 4.78699848827e-06, 8.00615225671e-07],
        "stdev": [0.238726139069, 0.229454293847, 0.159925580025, 0.0887806266546, 0.0276738051325, 0.0938826575875]
    },
