{
"metadata": {
    "version": {
        "essentia": "2.1-beta5",
        "essentia_git_sha": "Undefined",
        "extractor": "music 2.0"
    },
    "audio_properties": {
        "analysis": {
            "equal_loudness": 0,
            "length": 12.7477550507,
            "sample_rate": 44100,
            "start_time": 0,
            "downmix": "mix"
        },
        "bit_rate": 192000,
        "length": 192.284454346,
        "lossless": 0,
        "number_channels": 2,
        "replay_gain": 1.39898872375,
        "sample_rate": 48000,
        "codec": "mp3",
        "md5_encoded": "2ee10a7feb79391f4480943229a287fe"
    },
    "tags": {
        "file_name": "Switzerland_Stones_Zibbz.mp3",
        "encoding": ["Lavf58.29.100"]
    }
},
"lowlevel": {
    "average_loudness": 0.560579836369,
    "barkbands_crest": {
        "max": 24.9040431976,
        "mean": 10.6998138428,
        "min": 2.34324932098,
        "stdev": 4.66647195816
    },
    "barkbands_flatness_db": {
        "max": 0.431755810976,
        "mean": 0.164891123772,
        "min": 0.0274165906012,
        "stdev": 0.0686609223485
    },
    "barkbands_kurtosis": {
        "max": 181.141525269,
        "mean": 10.593287468,
        "min": -1.57140421867,
        "stdev": 28.3468437195
    },
    "barkbands_skewness": {
        "max": 11.0425806046,
        "mean": 1.77908825874,
        "min": -0.816571414471,
        "stdev": 2.4358484745
    },
    "barkbands_spread": {
        "max": 64.7124404907,
        "mean": 15.8071327209,
        "min": 0.838935911655,
        "stdev": 8.79993438721
    },
    "dissonance": {
        "max": 0.500000059605,
        "mean": 0.481653213501,
        "min": 0.296784371138,
        "stdev": 0.0188846476376
    },
    "dynamic_complexity": 4.38145637512,
    "erbbands_crest": {
        "max": 23.0868759155,
        "mean": 9.78396224976,
        "min": 2.7769408226,
        "stdev": 3.61781573296
    },
    "erbbands_flatness_db": {
        "max": 0.324713975191,
        "mean": 0.203116491437,
        "min": 0.069132424891,
        "stdev": 0.0454136282206
    },
    "erbbands_kurtosis": {
        "max": 10.3693780899,
        "mean": 1.46127021313,
        "min": -1.35712873936,
        "stdev": 1.92832100391
    },
    "erbbands_skewness": {
        "max": 2.91707849503,
        "mean": 0.702840209007,
        "min": -1.37976181507,
        "stdev": 0.847355544567
    },
    "erbbands_spread": {
        "max": 89.8580932617,
        "mean": 25.4905319214,
        "min": 7.81395864487,
        "stdev": 15.8331880569
    },
    "hfc": {
        "max": 84.3464050293,
        "mean": 24.0225582123,
        "min": 0.00714083528146,
        "stdev": 18.0573196411
    },
    "loudness_ebu128": {
        "integrated": -23.4743766785,
        "loudness_range": 5.21536636353,
        "momentary": {
            "max": -20.9100170135,
            "mean": -26.2322616577,
            "min": -43.1480407715,
            "stdev": 5.85592937469
        },
        "short_term": {
            "max": -22.1993503571,
            "mean": -24.1397342682,
            "min": -30.2870121002,
            "stdev": 1.99792289734
        }
    },
    "melbands_crest": {
        "max": 38.4653091431,
        "mean": 15.2628555298,
        "min": 3.84800076485,
        "stdev": 8.26260566711
    },
    "melbands_flatness_db": {
        "max": 0.501660466194,
        "mean": 0.193345248699,
        "min": 0.0446824170649,
        "stdev": 0.0912997946143
    },
    "melbands_kurtosis": {
        "max": 662.91204834,
        "mean": 31.7774105072,
        "min": -1.42125797272,
        "stdev": 89.2413101196
    },
    "melbands_skewness": {
        "max": 23.3124351501,
        "mean": 2.94822192192,
        "min": -0.245520800352,
        "stdev": 4.12621116638
    },
    "melbands_spread": {
        "max": 79.0791702271,
        "mean": 21.9083194733,
        "min": 0.462670862675,
        "stdev": 14.6425428391
    },
    "pitch_salience": {
        "max": 0.916915714741,
        "mean": 0.578247308731,
        "min": 0.0306145492941,
        "stdev": 0.205196931958
    },
    "silence_rate_20dB": {
        "max": 1,
        "mean": 1,
        "min": 1,
        "stdev": 0
    },
    "silence_rate_30dB": {
        "max": 1,
        "mean": 0.9072727561,
        "min": 0,
        "stdev": 0.290049761534
    },
    "silence_rate_60dB": {
        "max": 1,
        "mean": 0.165454551578,
        "min": 0,
        "stdev": 0.371590018272
    },
    "spectral_centroid": {
        "max": 3165.85107422,
        "mean": 1509.56005859,
        "min": 364.937530518,
        "stdev": 550.877441406
    },
    "spectral_complexity": {
        "max": 52,
        "mean": 21.5236358643,
        "min": 0,
        "stdev": 11.4889011383
    },
    "spectral_decrease": {
        "max": -1.49445776934e-12,
        "mean": -1.07844808639e-08,
        "min": -6.97459228149e-08,
        "stdev": 1.27778294612e-08
    },
    "spectral_energy": {
        "max": 0.264503747225,
        "mean": 0.0428820103407,
        "min": 6.28811994829e-06,
        "stdev": 0.0484067350626
    },
    "spectral_energyband_high": {
        "max": 0.00714810565114,
        "mean": 0.000574940408114,
        "min": 6.31976107002e-08,
        "stdev": 0.000766865094192
    },
    "spectral_energyband_low": {
        "max": 0.261303186417,
        "mean": 0.0224881134927,
        "min": 1.05703193753e-07,
        "stdev": 0.0503255799413
    },
    "spectral_energyband_middle_high": {
        "max": 0.057382363826,
        "mean": 0.00982155930251,
        "min": 3.27751945406e-06,
        "stdev": 0.00926495809108
    },
    "spectral_energyband_middle_low": {
        "max": 0.0602343678474,
        "mean": 0.0106537882239,
        "min": 2.8272227155e-06,
        "stdev": 0.0107494983822
    },
    "spectral_entropy": {
        "max": 8.56068515778,
        "mean": 7.74864625931,
        "min": 6.82604408264,
        "stdev": 0.251465469599
    },
    "spectral_flux": {
        "max": 0.237598001957,
        "mean": 0.0925530940294,
        "min": 0.00250761234201,
        "stdev": 0.0449282377958
    },
    "spectral_kurtosis": {
        "max": 17.7054405212,
        "mean": 4.34078598022,
        "min": 0.522020101547,
        "stdev": 1.91848385334
    },
    "spectral_rms": {
        "max": 0.0160640105605,
        "mean": 0.00559168076143,
        "min": 7.83246505307e-05,
        "stdev": 0.00325103034265
    },
    "spectral_rolloff": {
        "max": 7278.22265625,
        "mean": 1513.04040527,
        "min": 43.06640625,
        "stdev": 1085.51074219
    },
    "spectral_skewness": {
        "max": 3.29734802246,
        "mean": 1.5985378027,
        "min": 0.692717134953,
        "stdev": 0.284265935421
    },
    "spectral_spread": {
        "max": 10918467,
        "mean": 3929945,
        "min": 2104731,
        "stdev": 969369.375
    },
    "spectral_strongpeak": {
        "max": 6.53815078735,
        "mean": 1.1356818676,
        "min": 0,
        "stdev": 1.14522707462
    },
    "zerocrossingrate": {
        "max": 0.212890625,
        "mean": 0.0593821033835,
        "min": 0.00244140625,
        "stdev": 0.0333954952657
    },
    "barkbands": {
        "max": [0.0859956741333, 0.217927053571, 0.0313569158316, 0.00982705224305, 0.024880727753, 0.0114045143127, 0.00960890110582, 0.00826155394316, 0.0484087243676, 0.0557085238397, 0.0195604264736, 0.00384060805663, 0.00911890342832, 0.00606050388888, 0.003530820366, 0.00277756340802, 0.00282442755997, 0.00243223807774, 0.00167715840507, 0.00245104869828, 0.00230940012261, 0.0029869005084, 0.00158713012934, 0.00127974885982, 0.00138094183058, 0.000527689873707, 2.86376944132e-05],
        "mean": [0.00459775095806, 0.0170781705528, 0.00104502611794, 0.000276295497315, 0.000731290027034, 0.000354516814696, 0.000367217784515, 0.000951693509705, 0.00629659369588, 0.00398782454431, 0.00216594128869, 0.000706297636498, 0.00115127931349, 0.000747352896724, 0.000509273086209, 0.000349073467078, 0.000330598093569, 0.000320119288517, 0.000251963414485, 0.000154866880621, 0.000132927802042, 0.000124564467114, 0.000103447768197, 7.65555523685e-05, 4.98761473864e-05, 2.08964629564e-05, 6.30116687717e-07],
        "min": [1.11094811128e-09, 1.09136655269e-08, 1.67981273336e-08, 7.84229126083e-09, 1.33424336468e-07, 1.39605177196e-07, 1.64979908845e-07, 4.11125370192e-07, 1.31149681692e-06, 5.7546969856e-07, 8.44528642574e-08, 2.29102809612e-07, 2.05896824923e-07, 1.20069194054e-06, 6.87140754962e-07, 8.5841080022e-08, 1.83413092714e-07, 7.09719998326e-08, 7.56666338475e-08, 3.22622852877e-08, 6.43631947739e-09, 1.43271341457e-08, 1.28666837185e-08, 2.42565234565e-09, 1.35631075815e-10, 2.16834342148e-10, 2.14790518704e-10],
        "stdev": [0.0130706094205, 0.0386432372034, 0.00277723860927, 0.000913423951715, 0.0026881378144, 0.000908339279704, 0.000693873502314, 0.00120495061856, 0.00767882401124, 0.00568541092798, 0.00300611951388, 0.000697694427799, 0.00129123730585, 0.000803169619758, 0.000541008426808, 0.000338366051437, 0.000360440433724, 0.000380540615879, 0.000260401255218, 0.000199386166059, 0.000189873448107, 0.000189312093426, 0.000144585806993, 0.000126204671687, 0.00011438439833, 4.58096874354e-05, 2.77720505437e-06]
    },
    "erbbands": {
        "max": [12.97768116, 48.7730255127, 49.7750740051, 30.4872341156, 93.1486282349, 79.6432952881, 128.814758301, 100.878074646, 150.497360229, 131.302062988, 256.939300537, 1251.99841309, 1680.46069336, 1599.19030762, 266.223999023, 164.768692017, 430.909881592, 286.095947266, 198.376205444, 152.411453247, 191.752105713, 163.926345825, 161.164550781, 73.2365341187, 113.313865662, 118.415184021, 118.235084534, 92.0032653809, 108.977607727, 65.0667724609, 46.7318344116, 22.5834274292, 21.5992584229, 15.0066671371, 10.7855978012, 1.93853497505, 1.19869530201, 0.193694934249, 0.00380338844843, 0.000285204092506],
        "mean": [0.809408843517, 2.46741199493, 2.2211830616, 0.946468174458, 2.07964944839, 2.02185344696, 2.58290934563, 2.69452428818, 4.65713024139, 9.08922958374, 39.265411377, 149.219543457, 144.501556396, 128.970199585, 50.6740188599, 30.5883922577, 52.7471656799, 43.8111991882, 30.2744216919, 22.6205196381, 18.8815975189, 19.3155822754, 19.52202034, 12.8848676682, 11.6336526871, 6.8950304985, 5.41343545914, 5.22536897659, 4.52690649033, 3.66915845871, 2.85744833946, 1.79080629349, 1.17719018459, 0.660829246044, 0.306309342384, 0.109506256878, 0.0359925106168, 0.00490150833502, 0.000134969304781, 5.40905675734e-05],
        "min": [2.23202420102e-07, 2.75111119663e-06, 2.60414544755e-05, 7.07608778612e-05, 0.000792772974819, 0.000696586212143, 0.000543888367247, 0.00139553938061, 0.00205470644869, 0.00397784588858, 0.0139420889318, 0.0299117304385, 0.024169491604, 0.0103880735114, 0.00464014336467, 0.0094158211723, 0.00990541279316, 0.0459984727204, 0.053455684334, 0.0196313392371, 0.00615488225594, 0.00979417096823, 0.00465604057536, 0.00561835151166, 0.00152182357851, 0.00144198257476, 0.00072178436676, 0.000187210433069, 0.000519022229128, 0.000675714574754, 0.000228845266975, 0.000112941328553, 1.81999093911e-05, 4.67633799417e-06, 2.24635959967e-06, 1.10394023523e-06, 4.98791848713e-07, 1.76396795837e-07, 4.28490558591e-08, 1.15932463629e-08],
        "stdev": [2.09787583351, 6.1870508194, 5.8841547966, 2.69853234291, 9.13760948181, 6.85486030579, 8.100522995, 7.05526638031, 11.1081867218, 11.7804431915, 46.9822616577, 196.478103638, 184.008148193, 194.789627075, 52.6948394775, 28.2271118164, 59.4788322449, 41.5202293396, 31.004825592, 20.1323852539, 18.8114948273, 20.437046051, 23.5487232208, 13.1000032425, 12.7731332779, 8.832903862, 8.44556045532, 7.08050298691, 7.1057305336, 5.05559492111, 4.06604576111, 2.53587293625, 2.18072867393, 1.3953653574, 0.82573390007, 0.213680073619, 0.0932458266616, 0.015201240778, 0.000373074959498, 5.3856841987e-05]
    },
    "gfcc": {
        "mean": [-24.8296833038, 74.6348800659, -167.698669434, 12.2137145996, -70.7158126831, 27.6843986511, -20.3096694946, 19.5214939117, -9.79573631287, -2.26696562767, -11.7817459106, -4.5345621109, -3.93681073189],
        "cov": [[6289.57324219, -552.491638184, 385.906768799, -436.859375, -95.8591308594, 394.966278076, 129.863739014, 411.243865967, 5.18332672119, 256.345703125, -192.447311401, 104.863723755, -32.6344261169], [-552.491638184, 3254.40405273, 960.784362793, 1368.05297852, 973.013061523, 545.847595215, 837.224914551, -394.860015869, 611.58770752, -289.710845947, 675.254272461, -359.280883789, 407.02947998], [385.906768799, 960.784362793, 1109.00073242, 793.354309082, 653.31262207, 334.448944092, 236.982437134, -62.2258720398, 194.992111206, 56.5547676086, 177.670074463, -8.09573841095, 112.114059448], [-436.859375, 1368.05297852, 793.354309082, 975.393127441, 667.54888916, 334.421905518, 363.634155273, -127.756958008, 307.815216064, -53.9804382324, 332.598266602, -103.989990234, 198.466949463], [-95.8591308594, 973.013061523, 653.31262207, 667.54888916, 616.167297363, 301.469696045, 339.288452148, -51.8978614807, 281.983154297, 11.8674983978, 245.634872437, -41.1739692688, 157.510009766], [394.966278076, 545.847595215, 334.448944092, 334.421905518, 301.469696045, 289.247436523, 234.486801147, 51.0199508667, 166.616912842, 14.2713356018, 138.771240234, -41.9340782166, 115.10471344], [129.863739014, 837.224914551, 236.982437134, 363.634155273, 339.288452148, 234.486801147, 379.265350342, -19.1278305054, 256.417572021, -51.4512557983, 220.837768555, -82.3316955566, 136.174514771], [411.243865967, -394.860015869, -62.2258720398, -127.756958008, -51.8978614807, 51.0199508667, -19.1278305054, 201.733901978, -27.8320655823, 78.6632003784, -65.3323516846, 63.5624160767, -16.6938991547], [5.18332672119, 611.58770752, 194.992111206, 307.815216064, 281.983154297, 166.616912842, 256.417572021, -27.8320655823, 253.337890625, -18.8319988251, 182.251098633, -56.5646247864, 124.363571167], [256.345703125, -289.710845947, 56.5547676086, -53.9804382324, 11.8674983978, 14.2713356018, -51.4512557983, 78.6632003784, -18.8319988251, 126.188369751, -46.5068893433, 74.4128189087, -25.0506362915], [-192.447311401, 675.254272461, 177.670074463, 332.598266602, 245.634872437, 138.771240234, 220.837768555, -65.3323516846, 182.251098633, -46.5068893433, 223.187866211, -67.7445297241, 108.893920898], [104.863723755, -359.280883789, -8.09573841095, -103.989990234, -41.1739692688, -41.9340782166, -82.3316955566, 63.5624160767, -56.5646247864, 74.4128189087, -67.7445297241, 103.531677246, -37.5967559814], [-32.6344261169, 407.02947998, 112.114059448, 198.466949463, 157.510009766, 115.10471344, 136.174514771, -16.6938991547, 124.363571167, -25.0506362915, 108.893920898, -37.5967559814, 134.597229004]],
        "icov": [[0.000308008602588, 1.8136009885e-06, -0.000574622419663, 0.00049156579189, 0.000722857366782, -0.000622622785158, -0.000430795626016, -8.21764915599e-05, -0.000239390865318, -0.000294420926366, 0.000119059841381, 5.223104381e-05, 1.98604775505e-05], [1.8136009885e-06, 0.002652349649, -0.000808498589322, -0.000872006523423, 0.000444131874247, -0.000402418401791, -0.00293880514801, 0.00261087412946, 0.000879942264874, 0.00103452231269, -0.00166257785168, 0.00242830137722, -0.0015368234599], [-0.000574622419663, -0.000808498589322, 0.00578280538321, -0.00292699527927, -0.00470314966515, -0.00156631984282, 0.00270530045964, 0.00110675371252, 0.00128180067986, -0.000715522153769, 0.00274818995968, -0.00202663429081, 0.00194124109112], [0.00049156579189, -0.000872006523423, -0.00292699527927, 0.00841641426086, -0.00365825276822, -0.001011765562, 0.00284902798012, -0.00133934232872, -0.000267013470875, 0.00174385751598, -0.00440607219934, 0.00143009063322, -0.000582843727898], [0.000722857366782, 0.000444131874247, -0.00470314966515, -0.00365825276822, 0.0167263392359, -0.00266070314683, -0.00659525580704, 0.00213929568417, -0.00451414659619, -0.00337001052685, 0.00094011152396, -0.00382857746445, -0.000502839800902], [-0.000622622785158, -0.000402418401791, -0.00156631984282, -0.001011765562, -0.00266070314683, 0.0176565125585, -0.00439331214875, -0.00736236432567, 0.00280801765621, -0.00312898284756, -0.000794799707364, 0.00655559031293, -0.00529434764758], [-0.000430795626016, -0.00293880514801, 0.00270530045964, 0.00284902798012, -0.00659525580704, -0.00439331214875, 0.019433690235, -0.00431773019955, -0.00807344261557, 0.00541228475049, -0.00329398550093, -0.00191615044605, 0.00420302478597], [-8.21764915599e-05, 0.00261087412946, 0.00110675371252, -0.00133934232872, 0.00213929568417, -0.00736236432567, -0.00431773019955, 0.0143868206069, 0.000904247688595, -0.00233314163052, 0.00196385453455, -0.00331095349975, -0.000700369942933], [-0.000239390865318, 0.000879942264874, 0.00128180067986, -0.000267013470875, -0.00451414659619, 0.00280801765621, -0.00807344261557, 0.000904247688595, 0.0196211058646, -0.00431917328387, -0.00466558709741, 0.00398712232709, -0.00627636583522], [-0.000294420926366, 0.00103452231269, -0.000715522153769, 0.00174385751598, -0.00337001052685, -0.00312898284756, 0.00541228475049, -0.00233314163052, -0.00431917328387, 0.0206505637616, -0.00190199317876, -0.00879113562405, 0.00259659206495], [0.000119059841381, -0.00166257785168, 0.00274818995968, -0.00440607219934, 0.00094011152396, -0.000794799707364, -0.00329398550093, 0.00196385453455, -0.00466558709741, -0.00190199317876, 0.0204641502351, -0.00192611664534, -0.000717342656571], [5.223104381e-05, 0.00242830137722, -0.00202663429081, 0.00143009063322, -0.00382857746445, 0.00655559031293, -0.00191615044605, -0.00331095349975, 0.00398712232709, -0.00879113562405, -0.00192611664534, 0.0268807392567, -0.00360248540528], [1.98604775505e-05, -0.0015368234599, 0.00194124109112, -0.000582843727898, -0.000502839800902, -0.00529434764758, 0.00420302478597, -0.000700369942933, -0.00627636583522, 0.00259659206495, -0.000717342656571, -0.00360248540528, 0.0179576892406]]
    },
    "melbands": {
        "max": [0.0812128707767, 0.0354291275144, 0.00558691984043, 0.00626614922658, 0.00487324548885, 0.00247253896669, 0.00233839801513, 0.00115716888104, 0.00300361053087, 0.00753973098472, 0.00828380230814, 0.0064383726567, 0.00142466300167, 0.000517819251399, 0.000399150885642, 0.00103934458457, 0.000655260868371, 0.000332904543029, 0.000249966455158, 0.000163926262758, 0.000239688961301, 0.000188862686628, 0.000302959204419, 0.000121941724501, 6.19317797828e-05, 7.40620234865e-05, 8.4696628619e-05, 7.35272406018e-05, 8.51128352224e-05, 4.71089479106e-05, 6.42143422738e-05, 6.13134470768e-05, 5.58067913516e-05, 2.94861911243e-05, 3.0499379136e-05, 2.23775077757e-05, 9.24604955799e-06, 1.43513734656e-05, 1.79108137672e-05, 1.24389925986e-05],
        "mean": [0.00596667313948, 0.00183867651504, 0.000195427695871, 0.000155674948473, 8.80412262632e-05, 6.49513531243e-05, 7.24793571862e-05, 0.000111507615657, 0.000410312437452, 0.000968161271885, 0.000692355213687, 0.00051253446145, 0.000218631772441, 8.31750585348e-05, 8.29600612633e-05, 0.000126131955767, 7.5145282608e-05, 4.92720319016e-05, 3.81456666219e-05, 2.48646265391e-05, 2.12364884646e-05, 1.89073107322e-05, 2.28395820159e-05, 1.23413747133e-05, 1.03681368273e-05, 8.70582971402e-06, 7.43879445508e-06, 3.94563676309e-06, 3.30762441081e-06, 3.19691503137e-06, 2.99348016597e-06, 2.61242166744e-06, 2.26719521379e-06, 1.95506368073e-06, 1.72455531811e-06, 1.31595095354e-06, 1.00391469005e-06, 8.47005424021e-07, 6.88089983214e-07, 5.20540993421e-07],
        "min": [3.70040464936e-09, 1.05782875792e-08, 4.62664111467e-08, 6.06199463959e-08, 2.08171346827e-08, 3.06372847092e-08, 3.21465556397e-08, 4.88547620137e-08, 1.34203020252e-07, 1.91010215644e-07, 1.18103173463e-07, 4.4717548775e-08, 1.20565593065e-08, 2.52580427684e-08, 2.02862029397e-08, 2.62724810796e-08, 9.67121067674e-08, 9.61893675822e-08, 4.90109606233e-08, 8.50911163752e-09, 7.13505787786e-09, 1.16629674807e-08, 4.51832304904e-09, 3.98669941504e-09, 4.90296736544e-09, 1.59140856049e-09, 5.26727661487e-10, 1.18868037635e-09, 6.13982142905e-10, 1.81987078185e-10, 7.9712778045e-11, 2.36446334734e-10, 3.7185288182e-10, 3.85232762357e-10, 8.81856879187e-11, 1.44212849995e-10, 4.36671844517e-11, 1.44820778633e-11, 3.39405153288e-12, 8.83329108643e-13],
        "stdev": [0.0142275216058, 0.00483078230172, 0.000593514472712, 0.000609090609942, 0.00028931570705, 0.000175691544428, 0.0001653926156, 0.000140480668051, 0.000513779639732, 0.00124409748241, 0.000899463775568, 0.000776878558099, 0.000260275235632, 8.22236324893e-05, 7.66661396483e-05, 0.00015530262317, 8.11448553577e-05, 5.24061179021e-05, 3.93914888264e-05, 2.34715880651e-05, 2.24895720748e-05, 2.12001159525e-05, 3.01937943732e-05, 1.46180918819e-05, 1.10959654194e-05, 8.60772343003e-06, 9.55690393312e-06, 5.6243684412e-06, 5.6638073147e-06, 4.35124638898e-06, 4.36674281445e-06, 4.16719876739e-06, 3.50487607648e-06, 2.74217200058e-06, 2.57739202425e-06, 1.91999038179e-06, 1.45638796312e-06, 1.5851576336e-06, 1.40168867802e-06, 1.18844729968e-06]
    },
    "melbands128": {
        "max": [0.0791385173798, 0.143502637744, 0.0840922668576, 0.0836073532701, 0.0406086966395, 0.0150707308203, 0.00703527126461, 0.00554509833455, 0.0129787083715, 0.00974013470113, 0.00473225023597, 0.00763622950763, 0.00523978797719, 0.00152175454423, 0.000939357560128, 0.00540891196579, 0.00397874135524, 0.00111511675641, 0.00173278735019, 0.00210506748408, 0.00150931091048, 0.00219308468513, 0.003534599673, 0.0069887409918, 0.0134571650997, 0.0111236395314, 0.00880538020283, 0.0157230105251, 0.00480832066387, 0.00508975563571, 0.0116841206327, 0.00306736095808, 0.0015870789066, 0.000861184962559, 0.00103259622119, 0.000721142976545, 0.000603264197707, 0.0007518188213, 0.000734968460165, 0.00182089640293, 0.00134699547198, 0.00126726971939, 0.000423662451794, 0.00169804086909, 0.00053453136934, 0.000412149092881, 0.000710117572453, 0.000448408769444, 0.000270907883532, 0.000272744655376, 0.000195259533939, 0.000307682261337, 0.000266261980869, 0.000291153643047, 0.000246994110057, 0.000270021264441, 0.000200691516511, 0.00057867023861, 0.000258083106019, 0.000310013914714, 0.000129469452077, 9.53295093495e-05, 0.000138501723995, 0.000129665393615, 8.85789413587e-05, 8.2330290752e-05, 0.000116007409815, 0.000138006915222, 5.90868039581e-05, 0.000108322841697, 6.89043299644e-05, 5.68395626033e-05, 8.7640262791e-05, 0.000108374180854, 5.38828571734e-05, 5.95552155573e-05, 3.45305452356e-05, 4.73714426334e-05, 7.65025542933e-05, 7.75600346969e-05, 5.24657807546e-05, 5.94541961618e-05, 6.78733995301e-05, 6.35294636595e-05, 3.66076965292e-05, 2.95069385174e-05, 2.92382428597e-05, 4.93820953125e-05, 2.81622615148e-05, 2.16297958104e-05, 2.48344440479e-05, 2.14421470446e-05, 2.28958433581e-05, 9.80088861979e-06, 1.26059785543e-05, 1.76478570211e-05, 1.70299445017e-05, 2.54128644883e-05, 2.72934939858e-05, 1.38358009281e-05, 1.492732099e-05, 1.44309333336e-05, 1.87276291399e-05, 1.53133642016e-05, 1.91378676391e-05, 1.4072867998e-05, 8.32980549603e-06, 4.63676315121e-06, 3.31689761879e-06, 2.28875342145e-06, 2.80721656054e-06, 5.03756700709e-06, 4.92921071782e-06, 3.24590450873e-06, 5.04924673805e-06, 2.20594779421e-06, 1.0479576531e-06, 2.98638838103e-07, 1.48310903114e-07, 8.71999716878e-08, 5.98086558057e-08, 6.89860328862e-08, 8.05457531783e-08, 1.11115583401e-09, 1.08825215506e-09, 1.08277031785e-09, 1.07196318488e-09, 1.06715525305e-09],
        "mean": [0.00422316743061, 0.0081471549347, 0.00557133974507, 0.00394649384543, 0.00168315088376, 0.000397404044634, 0.000161991105415, 0.000136068236316, 0.000245036586421, 0.000171717154444, 8.98233120097e-05, 9.64176724665e-05, 9.86738305073e-05, 6.53363022138e-05, 4.448162872e-05, 7.9056218965e-05, 8.37641928229e-05, 5.95227138547e-05, 7.40585310268e-05, 8.89336370165e-05, 0.000123607780552, 0.000198251611437, 0.000334031123202, 0.000708072504494, 0.00118329899851, 0.000948658736888, 0.000813727441709, 0.000797331565991, 0.000460131210275, 0.000403739628382, 0.000697356299497, 0.000397377734771, 0.000154712353833, 0.000111712113721, 8.79303843249e-05, 7.3798953963e-05, 7.77764798841e-05, 7.03210534994e-05, 8.56600308907e-05, 0.000147873637616, 0.000137729293783, 9.126279474e-05, 6.74343245919e-05, 8.26686591608e-05, 5.17766129633e-05, 3.98470001528e-05, 4.7944347898e-05, 4.46497433586e-05, 3.04598725052e-05, 2.66457536782e-05, 2.46682939178e-05, 2.24283103307e-05, 2.21160917135e-05, 2.13183866435e-05, 1.79376820597e-05, 1.98646521312e-05, 1.69034083228e-05, 2.442175537e-05, 2.52226564044e-05, 1.88881404029e-05, 1.0941702385e-05, 8.51606546348e-06, 8.48185936775e-06, 1.25655724332e-05, 1.0685937923e-05, 7.65993445384e-06, 6.71792349749e-06, 1.20865852296e-05, 5.92506876274e-06, 4.41211432189e-06, 4.00895578423e-06, 3.79591460842e-06, 3.26505301018e-06, 3.23890481013e-06, 3.26241433868e-06, 3.37568212672e-06, 3.01370710076e-06, 3.0625897125e-06, 3.05690241476e-06, 2.82225664705e-06, 2.81160055238e-06, 2.43455906457e-06, 2.38072516368e-06, 2.35172160501e-06, 2.05002561415e-06, 1.98228758563e-06, 1.93866799236e-06, 1.87698196896e-06, 1.74280592091e-06, 1.5829127733e-06, 1.49902768953e-06, 1.16289174912e-06, 1.16097032787e-06, 9.9848989521e-07, 9.31774877699e-07, 8.79962328781e-07, 8.32066689327e-07, 7.82621384587e-07, 7.68798486206e-07, 5.72112753616e-07, 5.49348953882e-07, 5.36751258551e-07, 4.58827287275e-07, 3.9478072722e-07, 3.4893537304e-07, 2.88457187025e-07, 2.55486753531e-07, 2.35407810578e-07, 1.87102656923e-07, 1.33056971663e-07, 1.12583038003e-07, 1.22178178685e-07, 1.27374477188e-07, 1.05814592644e-07, 7.88995322409e-08, 5.46611325092e-08, 2.24577512142e-08, 2.28128671509e-09, 7.17414627704e-10, 4.15403128562e-10, 3.316855679e-10, 3.87113979761e-10, 2.61076049668e-10, 1.08215918865e-11, 8.00182576449e-12, 7.37517512339e-12, 7.0083995031e-12, 6.92930868934e-12],
        "min": [2.96434043978e-10, 2.69673394726e-10, 2.51755216674e-09, 1.18152188033e-09, 3.49384521314e-09, 9.91300375119e-09, 1.86637372224e-09, 5.85549297938e-09, 6.95982080856e-08, 2.25785932173e-08, 1.99959142577e-08, 4.30830393583e-09, 1.3802505805e-08, 2.33423822493e-08, 3.25679145874e-08, 3.41664190273e-08, 3.15773505122e-08, 3.07183789516e-08, 3.37241559123e-08, 3.97050357037e-08, 5.40041682484e-08, 8.26762232009e-08, 1.3721867731e-07, 1.67176096966e-07, 2.12621273477e-07, 1.21194290159e-07, 1.47962595065e-07, 1.1744413797e-07, 8.91215421461e-08, 5.7352323779e-08, 3.05884597651e-08, 1.34206104008e-08, 6.71027500232e-09, 1.25388428529e-08, 2.44138487204e-08, 3.00962774702e-08, 2.60519197326e-08, 2.0061735384e-08, 1.71795058179e-08, 1.45493928017e-08, 2.20116547212e-08, 5.00147727678e-08, 8.97062122363e-08, 1.25276955032e-07, 1.23354439552e-07, 8.58600586184e-08, 6.05579728585e-08, 6.97443596209e-08, 3.50126363458e-08, 8.209839919e-09, 8.00906629905e-09, 3.91521703946e-09, 4.17016732257e-09, 8.21790013816e-09, 1.45608733959e-08, 1.16392717686e-08, 1.1455599136e-08, 4.38053415763e-09, 1.7295399557e-09, 4.47273551529e-09, 5.3502953179e-09, 1.67959013364e-09, 5.47589129596e-09, 6.47142472943e-09, 3.39379990777e-09, 1.31618471677e-09, 3.63011232185e-10, 7.22400139708e-10, 5.87051018908e-10, 1.71160849383e-10, 8.64161853187e-10, 2.41084019414e-09, 9.50301837221e-10, 1.25434135301e-10, 2.57299570539e-10, 3.40010908317e-10, 4.64196424355e-11, 3.47354402186e-11, 1.26046548199e-10, 6.96076737916e-11, 8.68181568303e-11, 3.0713562249e-10, 5.90500981446e-10, 2.23607618532e-10, 3.59601709521e-10, 5.68855074157e-10, 3.86210896597e-10, 4.09755909758e-11, 3.98767165122e-11, 1.03661731976e-10, 2.49356396642e-10, 1.13052074646e-10, 7.27799140399e-11, 2.82798662959e-11, 4.23042746667e-11, 2.16555089833e-11, 6.13934163923e-12, 5.91718644569e-12, 2.64799965809e-12, 6.42780804711e-13, 1.15323592689e-12, 8.12609907749e-13, 6.77000068419e-13, 1.39892166861e-12, 1.08227793047e-12, 1.33339704295e-12, 7.63804980635e-13, 1.18040093759e-12, 8.65774357588e-13, 8.37488281849e-13, 8.37052107315e-13, 6.9145356758e-13, 5.22607944333e-13, 6.9876499335e-13, 5.82651765377e-13, 6.0677314952e-13, 6.86209498512e-13, 6.96996605397e-13, 7.17418312257e-13, 8.04831841363e-13, 7.39788005161e-13, 7.06212865964e-13, 7.27358440405e-13, 6.23818759236e-13, 5.21864506903e-13, 1.86577505832e-13, 2.1621295249e-14, 8.27914619541e-16],
        "stdev": [0.0122039522976, 0.0226308964193, 0.0127410981804, 0.0110155250877, 0.00479398528114, 0.00111058307812, 0.000539813132491, 0.000490295817144, 0.00119003653526, 0.000792734092101, 0.000321140745655, 0.000413284142269, 0.000335916265612, 0.00015397122479, 9.54489223659e-05, 0.000331461516907, 0.000299520179396, 0.000109375483589, 0.000127201681607, 0.000160595256602, 0.000183154392289, 0.000310294097289, 0.000486644188641, 0.00107957643922, 0.00188349559903, 0.00138135789894, 0.00113382120617, 0.00133393320721, 0.000701887649484, 0.000649716239423, 0.00130838062614, 0.00060429261066, 0.000208075609407, 0.000134626345243, 0.000116148061352, 9.70026449068e-05, 9.5278963272e-05, 8.77453639987e-05, 0.000107136867882, 0.000233564744121, 0.000218218061491, 0.000139704468893, 7.37022637622e-05, 0.000156431793584, 6.85284467181e-05, 4.9190944992e-05, 7.33951674192e-05, 5.58937717869e-05, 3.46097367583e-05, 2.99335770251e-05, 2.77843701042e-05, 2.87542279693e-05, 2.7886721e-05, 2.61916375166e-05, 2.06317035918e-05, 2.87641978503e-05, 2.21005466301e-05, 4.29191277362e-05, 3.77393334929e-05, 3.43252140738e-05, 1.67006164702e-05, 1.06339539343e-05, 1.10909031719e-05, 1.80977713171e-05, 1.21392695291e-05, 8.72533473739e-06, 9.0156454462e-06, 2.07215562114e-05, 7.96186213847e-06, 7.63055686548e-06, 5.86335681874e-06, 5.9663339016e-06, 5.80927189731e-06, 6.65519337417e-06, 5.32337526238e-06, 5.16739646628e-06, 4.11673454437e-06, 4.15741169491e-06, 5.2384339142e-06, 4.71134853797e-06, 4.49637082056e-06, 4.36434447693e-06, 4.37162361777e-06, 3.88648231819e-06, 2.96543203149e-06, 2.82660994344e-06, 3.0683102068e-06, 3.42639123119e-06, 2.76318610304e-06, 2.26815541282e-06, 2.28783869716e-06, 1.94036374523e-06, 1.88753517705e-06, 1.43008071518e-06, 1.59600836014e-06, 1.68837732417e-06, 1.68016856605e-06, 1.77098650056e-06, 1.8048461925e-06, 1.06943775791e-06, 1.15028558412e-06, 1.3700589534e-06, 1.30344267291e-06, 1.09297945983e-06, 1.13916826194e-06, 8.98819735085e-07, 6.13747488387e-07, 4.83861072098e-07, 3.67742984508e-07, 2.69935611641e-07, 2.68257366542e-07, 3.49132534438e-07, 4.07140561265e-07, 3.16114238785e-07, 2.79397653458e-07, 2.0371022913e-07, 9.645103205e-08, 1.89674782547e-08, 7.6740800381e-09, 4.5802575066e-09, 3.38246031184e-09, 4.34218927481e-09, 4.05691347183e-09, 5.81937033284e-11, 4.71878716657e-11, 4.69623992472e-11, 4.65076206713e-11, 4.62986732286e-11]
    },
    "mfcc": {
        "mean": [-648.143859863, 103.039093018, -35.9220962524, -9.97548007965, -18.0429553986, 2.20084166527, 0.332503318787, 16.4557533264, 8.51625537872, 12.6674413681, 5.13065671921, -0.54958230257, -3.54530501366],
        "cov": [[6019.27490234, -301.662536621, 112.104850769, -621.107727051, -225.652130127, -108.761917114, 113.57610321, 104.490859985, 273.863372803, 92.4967880249, 184.697738647, 149.126480103, -235.461196899], [-301.662536621, 1640.59960938, 605.096862793, 763.593139648, 433.804504395, 716.961791992, 378.779937744, 273.939819336, 101.419281006, 186.206436157, 69.4205169678, 212.585067749, 81.2199630737], [112.104850769, 605.096862793, 672.973693848, 525.112121582, 456.283233643, 428.00189209, 234.713439941, 113.711029053, 92.4268417358, 79.4407958984, 58.1130981445, 111.117614746, 69.3976669312], [-621.107727051, 763.593139648, 525.112121582, 722.521911621, 463.966583252, 501.964141846, 233.327606201, 154.333007812, 64.2706985474, 103.93157196, 55.156337738, 146.206390381, 122.974601746], [-225.652130127, 433.804504395, 456.283233643, 463.966583252, 449.296142578, 368.778594971, 200.937820435, 111.704795837, 107.189750671, 84.6797790527, 64.6629180908, 114.537384033, 97.4647750854], [-108.761917114, 716.961791992, 428.00189209, 501.964141846, 368.778594971, 495.013427734, 238.135162354, 164.571304321, 111.912223816, 126.587432861, 60.4033126831, 170.643157959, 90.197265625], [113.57610321, 378.779937744, 234.713439941, 233.327606201, 200.937820435, 238.135162354, 212.822525024, 133.888412476, 91.1036911011, 85.4028625488, 67.3643417358, 83.3129425049, 44.9791297913], [104.490859985, 273.939819336, 113.711029053, 154.333007812, 111.704795837, 164.571304321, 133.888412476, 158.265472412, 81.5550231934, 76.6925964355, 62.2788658142, 72.6301193237, 33.327003479], [273.863372803, 101.419281006, 92.4268417358, 64.2706985474, 107.189750671, 111.912223816, 91.1036911011, 81.5550231934, 153.730575562, 54.8232688904, 47.8257446289, 79.6100006104, 27.6419334412], [92.4967880249, 186.206436157, 79.4407958984, 103.93157196, 84.6797790527, 126.587432861, 85.4028625488, 76.6925964355, 54.8232688904, 94.477973938, 48.9078063965, 59.659450531, 25.3089008331], [184.697738647, 69.4205169678, 58.1130981445, 55.156337738, 64.6629180908, 60.4033126831, 67.3643417358, 62.2788658142, 47.8257446289, 48.9078063965, 90.0557327271, 40.274684906, 16.6446094513], [149.126480103, 212.585067749, 111.117614746, 146.206390381, 114.537384033, 170.643157959, 83.3129425049, 72.6301193237, 79.6100006104, 59.659450531, 40.274684906, 132.490783691, 43.176235199], [-235.461196899, 81.2199630737, 69.3976669312, 122.974601746, 97.4647750854, 90.197265625, 44.9791297913, 33.327003479, 27.6419334412, 25.3089008331, 16.6446094513, 43.176235199, 81.6763534546]],
        "icov": [[0.000339841120876, 0.000113057583803, -0.000675976392813, 0.000584938330576, 0.000478334142826, -0.000135733265779, -0.000142782271723, -9.51203255681e-05, -0.000237067419221, -8.07656324469e-05, -0.000460246170405, -0.000687783875037, 0.000820108281914], [0.000113057583803, 0.0024331077002, -0.000531456898898, -0.00107192329597, 0.00222124764696, -0.00312793324701, -0.00146209448576, -0.000636434822809, 0.000486928038299, -0.000285637273919, 0.000464106997242, 0.000150956795551, 0.00158973434009], [-0.000675976392813, -0.000531456898898, 0.00773775298148, -0.00198301835917, -0.00564205972478, -0.00136167218443, -0.00165446195751, 0.00190313928761, 0.000391003442928, 0.00203562714159, 0.000336097873515, 0.00225005974062, 0.00134088029154], [0.000584938330576, -0.00107192329597, -0.00198301835917, 0.00978646427393, -0.00404273252934, -0.00383260496892, 0.0019559126813, -0.00246822275221, 0.00332135497592, 0.0012512098765, -0.000930633454118, -0.00113410281483, -0.00203362642787], [0.000478334142826, 0.00222124764696, -0.00564205972478, -0.00404273252934, 0.0158568229526, -0.00414043106139, -0.00269229453988, 0.00252363830805, -0.00438688881695, -0.000237449770793, -0.00261194189079, 0.00136967177968, -0.00247937766835], [-0.000135733265779, -0.00312793324701, -0.00136167218443, -0.00383260496892, -0.00414043106139, 0.0198792293668, -0.00242489716038, -0.000656069838442, -0.000206110053114, -0.00550198415294, 0.00471249967813, -0.00823389645666, -0.000595683697611], [-0.000142782271723, -0.00146209448576, -0.00165446195751, 0.0019559126813, -0.00269229453988, -0.00242489716038, 0.0186058245599, -0.00754218874499, -0.00160710292403, -0.00154654576909, -0.00309234275483, 0.00273403944448, -0.0015669449931], [-9.51203255681e-05, -0.000636434822809, 0.00190313928761, -0.00246822275221, 0.00252363830805, -0.000656069838442, -0.00754218874499, 0.0189368315041, -0.00422540307045, -0.00319347647019, -0.00408198358491, 0.000661918777041, -0.000501025642734], [-0.000237067419221, 0.000486928038299, 0.000391003442928, 0.00332135497592, -0.00438688881695, -0.000206110053114, -0.00160710292403, -0.00422540307045, 0.0143794519827, -0.000644762476441, 0.000472719519166, -0.00552854314446, -0.000269427400781], [-8.07656324469e-05, -0.000285637273919, 0.00203562714159, 0.0012512098765, -0.000237449770793, -0.00550198415294, -0.00154654576909, -0.00319347647019, -0.000644762476441, 0.0242964290082, -0.00685575325042, -0.000821143563371, -0.000527478987351], [-0.000460246170405, 0.000464106997242, 0.000336097873515, -0.000930633454118, -0.00261194189079, 0.00471249967813, -0.00309234275483, -0.00408198358491, 0.000472719519166, -0.00685575325042, 0.0205168053508, -0.00244094873779, -0.000317774247378], [-0.000687783875037, 0.000150956795551, 0.00225005974062, -0.00113410281483, 0.00136967177968, -0.00823389645666, 0.00273403944448, 0.000661918777041, -0.00552854314446, -0.000821143563371, -0.00244094873779, 0.0208661109209, -0.00506185833365], [0.000820108281914, 0.00158973434009, 0.00134088029154, -0.00203362642787, -0.00247937766835, -0.000595683697611, -0.0015669449931, -0.000501025642734, -0.000269427400781, -0.000527478987351, -0.000317774247378, -0.00506185833365, 0.0226284973323]]
    },
    "spectral_contrast_coeffs": {
        "max": [-0.563543319702, -0.53563606739, -0.545240044594, -0.701064944267, -0.714540958405, -0.594856441021],
        "mean": [-0.761366903782, -0.770131230354, -0.762194573879, -0.820532381535, -0.806695282459, -0.757297337055],
        "min": [-0.914961993694, -0.932944893837, -0.911051511765, -0.905783653259, -0.879463553429, -0.896209478378],
        "stdev": [0.0686110258102, 0.0828106105328, 0.0655967593193, 0.0361109599471, 0.0302782356739, 0.0377404130995]
    },
    "spectral_contrast_valleys": {
        "max": [-5.25819063187, -4.96247339249, -5.19234418869, -5.58508491516, -5.68948316574, -7.78638029099],
        "mean": [-7.86228513718, -6.62245178223, -6.58972358704, -6.99932813644, -7.40647649765, -10.2664432526],
        "min": [-11.5532131195, -9.52212715149, -9.96008586884, -10.0985479355, -11.2605695724, -14.4423294067],
        "stdev": [1.49584579468, 0.730516135693, 0.847148180008, 0.733029782772, 0.735311388969, 1.1510052681]
    }
},
"rhythm": {
    "beats_count": 38,
    "beats_loudness": {
        "max": 0.188229605556,
        "mean": 0.039648026228,
        "min": 0.000363142113201,
        "stdev": 0.0379919856787
    },
    "bpm": 184.570343018,
    "bpm_histogram_first_peak_bpm": 185,
    "bpm_histogram_first_peak_weight": 0,
    "bpm_histogram_second_peak_bpm": 178,
    "bpm_histogram_second_peak_spread": 0,
    "bpm_histogram_second_peak_weight": 0.270270258188,
    "danceability": 0.844587683678,
    "onset_rate": 2.27284026146,
    "beats_loudness_band_ratio": {
        "max": [0.988689422607, 0.308047384024, 0.757613897324, 0.747244238853, 0.444955676794, 0.532694578171],
        "mean": [0.296793878078, 0.0334126800299, 0.282842427492, 0.27581474185, 0.086358949542, 0.0680742189288],
        "min": [0.000286739435978, 0.00057502760319, 0.0017978658434, 0.00292373332195, 0.00192269543186, 0.00125635205768],
        "stdev": [0.344287216663, 0.066184669733, 0.19520150125, 0.178144618869, 0.0898458063602, 0.116427212954]
    },
    "beats_position": [0.348299324512, 0.696598649025, 1.04489791393, 1.39319729805, 1.74149656296, 2.07818579674, 2.41487526894, 2.73995471001, 3.05342388153, 3.36689329147, 3.69197273254, 4.01705217361, 4.34213161469, 4.66721057892, 4.99229001999, 5.31736946106, 5.64244890213, 5.9675283432, 6.29260778427, 6.6176867485, 6.94276618958, 7.26784563065, 7.58131504059, 7.89478445053, 8.2198638916, 8.54494285583, 8.87002277374, 9.19510173798, 9.53179073334, 9.86848068237, 10.2051696777, 10.5418596268, 10.8785486221, 11.2152376175, 11.5519275665, 11.900226593, 12.2369155884, 12.5852155685],
