{
"metadata": {
    "version": {
        "essentia": "2.1-beta5",
        "essentia_git_sha": "Undefined",
        "extractor": "music 2.0"
    },
    "audio_properties": {
        "analysis": {
            "equal_loudness": 0,
            "length": 29.0017242432,
            "sample_rate": 44100,
            "start_time": 0,
            "downmix": "mix"
        },
        "bit_rate": 192000,
        "length": 192.690811157,
        "lossless": 0,
        "number_channels": 2,
        "replay_gain": -0.0385570526123,
        "sample_rate": 48000,
        "codec": "mp3",
        "md5_encoded": "5a51efc77fb2503eb99909f42e2995ca"
    },
    "tags": {
        "file_name": "Finland_Monsters_Saara Aalto.mp3",
        "encoding": ["Lavf58.29.100"]
    }
},
"lowlevel": {
    "average_loudness": 0.593497872353,
    "barkbands_crest": {
        "max": 25.0693855286,
        "mean": 13.0887746811,
        "min": 3.29293084145,
        "stdev": 4.44809532166
    },
    "barkbands_flatness_db": {
        "max": 0.438857138157,
        "mean": 0.221621587873,
        "min": 0.0684024021029,
        "stdev": 0.0650011152029
    },
    "barkbands_kurtosis": {
        "max": 85.9700622559,
        "mean": 7.71165943146,
        "min": -1.83842468262,
        "stdev": 10.6100111008
    },
    "barkbands_skewness": {
        "max": 6.96324634552,
        "mean": 1.68374180794,
        "min": -1.84939348698,
        "stdev": 1.29835128784
    },
    "barkbands_spread": {
        "max": 108.999137878,
        "mean": 11.8165903091,
        "min": 0.660619318485,
        "stdev": 13.4284572601
    },
    "dissonance": {
        "max": 0.500000059605,
        "mean": 0.446995079517,
        "min": 0.285481989384,
        "stdev": 0.0453807488084
    },
    "dynamic_complexity": 5.02057266235,
    "erbbands_crest": {
        "max": 30.5154247284,
        "mean": 12.712603569,
        "min": 3.55397558212,
        "stdev": 5.21686697006
    },
    "erbbands_flatness_db": {
        "max": 0.390248000622,
        "mean": 0.24267873168,
        "min": 0.0692279040813,
        "stdev": 0.0569741465151
    },
    "erbbands_kurtosis": {
        "max": 69.8094711304,
        "mean": 4.1053185463,
        "min": -1.89230072498,
        "stdev": 6.14562559128
    },
    "erbbands_skewness": {
        "max": 7.69250583649,
        "mean": 1.27831816673,
        "min": -2.27520012856,
        "stdev": 1.10514438152
    },
    "erbbands_spread": {
        "max": 133.686569214,
        "mean": 21.3990402222,
        "min": 3.2023601532,
        "stdev": 18.1916828156
    },
    "hfc": {
        "max": 90.7893753052,
        "mean": 15.0010356903,
        "min": 3.93039081246e-05,
        "stdev": 16.9825210571
    },
    "loudness_ebu128": {
        "integrated": -23.4108638763,
        "loudness_range": 10.7472686768,
        "momentary": {
            "max": -18.6401901245,
            "mean": -26.7120685577,
            "min": -42.6049041748,
            "stdev": 5.82767629623
        },
        "short_term": {
            "max": -19.3481254578,
            "mean": -25.8220367432,
            "min": -36.8731536865,
            "stdev": 3.90490269661
        }
    },
    "melbands_crest": {
        "max": 38.3604469299,
        "mean": 17.2403564453,
        "min": 4.70061779022,
        "stdev": 7.10141944885
    },
    "melbands_flatness_db": {
        "max": 0.598828315735,
        "mean": 0.272201865911,
        "min": 0.112822540104,
        "stdev": 0.0934050157666
    },
    "melbands_kurtosis": {
        "max": 145.239532471,
        "mean": 13.1785612106,
        "min": -0.760128498077,
        "stdev": 18.6107902527
    },
    "melbands_skewness": {
        "max": 10.712433815,
        "mean": 2.09019184113,
        "min": -1.33168637753,
        "stdev": 1.67536914349
    },
    "melbands_spread": {
        "max": 179.600570679,
        "mean": 13.5390987396,
        "min": 0.968440771103,
        "stdev": 13.2058286667
    },
    "pitch_salience": {
        "max": 0.844711840153,
        "mean": 0.524805784225,
        "min": 0.0685642063618,
        "stdev": 0.159495249391
    },
    "silence_rate_20dB": {
        "max": 1,
        "mean": 1,
        "min": 1,
        "stdev": 0
    },
    "silence_rate_30dB": {
        "max": 1,
        "mean": 0.982400000095,
        "min": 0,
        "stdev": 0.131490334868
    },
    "silence_rate_60dB": {
        "max": 1,
        "mean": 0.117600001395,
        "min": 0,
        "stdev": 0.322134971619
    },
    "spectral_centroid": {
        "max": 4208.48681641,
        "mean": 921.120910645,
        "min": 271.123840332,
        "stdev": 462.130706787
    },
    "spectral_complexity": {
        "max": 38,
        "mean": 12.8064002991,
        "min": 0,
        "stdev": 9.4958190918
    },
    "spectral_decrease": {
        "max": -3.41621974036e-14,
        "mean": -6.52711662497e-09,
        "min": -4.73761190278e-08,
        "stdev": 6.9638188549e-09
    },
    "spectral_energy": {
        "max": 0.179753914475,
        "mean": 0.0259954705834,
        "min": 1.32500858285e-07,
        "stdev": 0.0271704643965
    },
    "spectral_energyband_high": {
        "max": 0.0059867282398,
        "mean": 0.000232420439715,
        "min": 6.09991557265e-10,
        "stdev": 0.000578673847485
    },
    "spectral_energyband_low": {
        "max": 0.168841928244,
        "mean": 0.00866991188377,
        "min": 6.001780406e-08,
        "stdev": 0.0221616718918
    },
    "spectral_energyband_middle_high": {
        "max": 0.0526471324265,
        "mean": 0.00633402680978,
        "min": 2.0082966401e-08,
        "stdev": 0.00970716867596
    },
    "spectral_energyband_middle_low": {
        "max": 0.0833241343498,
        "mean": 0.0111344717443,
        "min": 2.24909548763e-08,
        "stdev": 0.012629003264
    },
    "spectral_entropy": {
        "max": 8.61041545868,
        "mean": 7.17362833023,
        "min": 5.27700948715,
        "stdev": 0.571088552475
    },
    "spectral_flux": {
        "max": 0.258172988892,
        "mean": 0.0690249577165,
        "min": 0.000364006671589,
        "stdev": 0.0498876981437
    },
    "spectral_kurtosis": {
        "max": 84.5225830078,
        "mean": 8.91637706757,
        "min": -1.39377331734,
        "stdev": 11.5594959259
    },
    "spectral_rms": {
        "max": 0.0132427215576,
        "mean": 0.00438623223454,
        "min": 1.1369657841e-05,
        "stdev": 0.00247434736229
    },
    "spectral_rolloff": {
        "max": 10357.4707031,
        "mean": 986.860229492,
        "min": 43.06640625,
        "stdev": 1255.55371094
    },
    "spectral_skewness": {
        "max": 6.88960695267,
        "mean": 2.025816679,
        "min": -0.106152512133,
        "stdev": 0.844568371773
    },
    "spectral_spread": {
        "max": 15695693,
        "mean": 3656430.75,
        "min": 687999.375,
        "stdev": 1973039.125
    },
    "spectral_strongpeak": {
        "max": 7.02267169952,
        "mean": 1.09697079659,
        "min": 0,
        "stdev": 1.25503790379
    },
    "zerocrossingrate": {
        "max": 0.31298828125,
        "mean": 0.0410230457783,
        "min": 0.00341796875,
        "stdev": 0.0343114770949
    },
    "barkbands": {
        "max": [0.0586645528674, 0.117140956223, 0.0105173839256, 0.00361313973553, 0.0304799973965, 0.0507800765336, 0.0279853474349, 0.0262910407037, 0.0671805739403, 0.0460093989968, 0.0227260179818, 0.0220738518983, 0.00456341402605, 0.00355011201464, 0.00260021584108, 0.00156276929192, 0.00230845226906, 0.00280802184716, 0.00121898564976, 0.000328973517753, 0.0010619785171, 0.00268531683832, 0.00273138191551, 0.00230479403399, 0.00189083663281, 0.000185902681551, 1.82489184226e-05],
        "mean": [0.00165791879408, 0.00666558695957, 0.000444942474132, 0.000113558635348, 0.0012695195619, 0.00255143339746, 0.000681294826791, 0.00118544755969, 0.00432556169108, 0.00328919757158, 0.00146450835746, 0.00059643475106, 0.000411479762988, 0.000403111742344, 0.000205822652788, 0.00015566861839, 0.000126681668917, 0.000121832432342, 7.23670091247e-05, 3.84631202905e-05, 3.76894495275e-05, 5.98409824306e-05, 4.51408559456e-05, 4.55468580185e-05, 2.37491512962e-05, 2.64389450422e-06, 4.35234781548e-08],
        "min": [9.26076881846e-10, 4.54847670639e-09, 3.44399175845e-09, 8.99291308087e-09, 5.23651566553e-09, 4.11970402237e-10, 1.08332531834e-09, 5.86322990159e-10, 3.4012068717e-09, 1.16175264964e-08, 5.58331203493e-09, 3.38758576746e-10, 1.90905002917e-09, 4.69909833267e-10, 1.16894230406e-10, 1.97737590191e-10, 4.19867807189e-10, 3.3492680851e-10, 2.91759061355e-10, 1.2317204201e-10, 9.12690062416e-11, 6.91023349653e-11, 8.65769678171e-11, 6.66358426771e-11, 6.46037875973e-11, 6.4457113258e-11, 6.6699944179e-11],
        "stdev": [0.0057417107746, 0.0170509554446, 0.00110419502016, 0.000244655791903, 0.00397200929001, 0.00552226044238, 0.00213334872387, 0.00228248490021, 0.0085868453607, 0.00697713531554, 0.00297074229456, 0.00144739332609, 0.00075739325257, 0.000620082952082, 0.000330361537635, 0.000260628381511, 0.00021842874412, 0.000284846231807, 0.000124500482343, 5.26927105966e-05, 6.28069101367e-05, 0.000161452247994, 0.000157092581503, 0.000196396897081, 0.000123734949739, 1.14246067824e-05, 7.29404234789e-07]
    },
    "erbbands": {
        "max": [8.19805335999, 25.5385093689, 26.4250183105, 8.7914276123, 14.4840288162, 125.065238953, 486.757537842, 288.249481201, 462.399536133, 617.437133789, 544.21295166, 1847.96203613, 1591.44238281, 1145.58349609, 1108.58581543, 414.810516357, 201.586242676, 222.089523315, 112.999313354, 158.843429565, 88.9523849487, 125.754676819, 193.636016846, 112.69393158, 24.9411964417, 17.1319828033, 23.6662960052, 48.0180282593, 77.770401001, 112.818916321, 57.0690498352, 47.5013275146, 40.4516448975, 27.5451831818, 14.4454193115, 2.00069284439, 0.243793651462, 0.0581558160484, 0.00305167376064, 0.000193849380594],
        "mean": [0.321752429008, 0.951165139675, 0.829301297665, 0.424245983362, 0.683732688427, 4.76122331619, 18.4107913971, 17.8235721588, 11.8513154984, 16.8152370453, 32.0031929016, 95.9690475464, 113.877677917, 76.4538497925, 60.0241127014, 21.8332767487, 18.7264614105, 22.6797199249, 12.9551229477, 9.69346523285, 8.31704139709, 7.51221179962, 7.13356733322, 4.75508880615, 2.98441767693, 1.81063735485, 1.48078238964, 1.59351742268, 2.17362093925, 1.82549905777, 1.23144483566, 1.03539085388, 0.666280031204, 0.318668544292, 0.14150133729, 0.0244241859764, 0.00330629455857, 0.000301557622151, 2.43771501118e-05, 3.07453847199e-05],
        "min": [1.81281805567e-07, 1.9895251171e-06, 8.39317272039e-06, 2.73862788163e-05, 2.56461662502e-05, 1.45149406308e-05, 4.42851842308e-06, 4.13417637901e-06, 1.28898927869e-05, 1.64812263392e-05, 1.47869923239e-05, 6.8998124334e-05, 0.000268334202701, 0.000373601069441, 0.000134928064654, 2.30603618547e-05, 8.72473465279e-05, 3.67909851775e-05, 1.2535478163e-05, 9.65661092778e-06, 1.46086977111e-05, 2.01103903237e-05, 1.71657211467e-05, 1.58586062753e-05, 1.28493757074e-05, 4.43904855274e-06, 5.61235356145e-06, 4.81319648316e-06, 3.31729188474e-06, 2.93891480396e-06, 2.28315889217e-06, 1.55216855546e-06, 1.06367815533e-06, 7.34598756935e-07, 4.57359533357e-07, 2.57877388776e-07, 1.179025233e-07, 4.23452526377e-08, 9.44154443516e-09, 1.08206743565e-09],
        "stdev": [0.920441329479, 2.63329672813, 2.40257906914, 0.792628347874, 1.25591206551, 15.8274478912, 44.4260482788, 39.5685272217, 37.6103668213, 41.8040847778, 54.7827186584, 191.571456909, 233.267379761, 147.957168579, 135.153945923, 39.059513092, 33.2928123474, 35.318775177, 19.0830955505, 16.0940437317, 13.7631254196, 13.0145673752, 17.5460758209, 9.41405391693, 4.04175329208, 2.53163218498, 2.15258264542, 2.79818320274, 5.49881887436, 6.80984544754, 4.00096464157, 4.08719491959, 3.08861684799, 1.67931246758, 0.787645995617, 0.11281555146, 0.0144249433652, 0.00239749602042, 0.000105125909613, 3.06822912535e-05]
    },
    "gfcc": {
        "mean": [-88.5176467896, 132.418762207, -145.249145508, 14.4791355133, -71.7577972412, 14.8581924438, -22.623008728, 7.27762651443, -1.99853694439, -5.42206859589, 0.676542460918, -3.36989140511, 7.97354507446],
        "cov": [[7722.16992188, -2738.90405273, -448.210266113, 290.091583252, -1139.96679688, 1249.29467773, 204.091278076, 710.086364746, -127.595924377, 168.250778198, -230.582687378, -3.05113005638, -228.454345703], [-2738.90405273, 3484.98999023, 738.279296875, 259.706176758, 1590.5892334, -802.647216797, 434.419128418, -444.681091309, 494.78503418, -255.796630859, 434.911529541, 23.8160533905, 353.81652832], [-448.210266113, 738.279296875, 1974.52319336, 718.358642578, 142.260314941, 125.992256165, -332.688476562, -78.9015808105, 2.37984538078, 244.059799194, 229.443847656, 260.977752686, 190.40536499], [290.091583252, 259.706176758, 718.358642578, 789.268371582, -83.1192550659, 166.788787842, 27.2881469727, -100.408828735, 149.00088501, -9.5435962677, 103.409355164, 64.3589401245, 122.717384338], [-1139.96679688, 1590.5892334, 142.260314941, -83.1192550659, 1210.65893555, -285.387268066, 328.265197754, -32.6658363342, 232.895645142, -51.2695960999, 141.530395508, 39.3436393738, 92.3233184814], [1249.29467773, -802.647216797, 125.992256165, 166.788787842, -285.387268066, 574.622009277, -4.43964290619, 179.739624023, -46.7920837402, 133.49446106, -25.4930057526, -4.96284008026, -78.8084945679], [204.091278076, 434.419128418, -332.688476562, 27.2881469727, 328.265197754, -4.43964290619, 453.186309814, -10.9298915863, 199.779083252, -64.36743927, 10.6463127136, -29.5967655182, 15.5637712479], [710.086364746, -444.681091309, -78.9015808105, -100.408828735, -32.6658363342, 179.739624023, -10.9298915863, 273.449645996, -44.2234153748, 79.0467758179, -38.5886802673, 16.6954345703, -50.9920005798], [-127.595924377, 494.78503418, 2.37984538078, 149.00088501, 232.895645142, -46.7920837402, 199.779083252, -44.2234153748, 266.492706299, -85.2416992188, 79.8896636963, 16.7958545685, 87.3853378296], [168.250778198, -255.796630859, 244.059799194, -9.5435962677, -51.2695960999, 133.49446106, -64.36743927, 79.0467758179, -85.2416992188, 217.361694336, -9.40648460388, 77.4374389648, -31.8628692627], [-230.582687378, 434.911529541, 229.443847656, 103.409355164, 141.530395508, -25.4930057526, 10.6463127136, -38.5886802673, 79.8896636963, -9.40648460388, 195.295639038, 16.826385498, 82.5084228516], [-3.05113005638, 23.8160533905, 260.977752686, 64.3589401245, 39.3436393738, -4.96284008026, -29.5967655182, 16.6954345703, 16.7958545685, 77.4374389648, 16.826385498, 171.314590454, 44.9330749512], [-228.454345703, 353.81652832, 190.40536499, 122.717384338, 92.3233184814, -78.8084945679, 15.5637712479, -50.9920005798, 87.3853378296, -31.8628692627, 82.5084228516, 44.9330749512, 146.034317017]],
        "icov": [[0.000285714428173, 6.26970504527e-05, -2.47282478085e-05, -8.22097717901e-05, 0.000195268250536, -0.00030652989517, -0.000402867299272, -0.000524406612385, 0.00017664898769, 0.000306546280626, -3.56655582436e-05, -0.00015904555039, -2.38948882725e-06], [6.26970504527e-05, 0.00414671981707, -0.00191197905224, 0.000360100792022, -0.00319064431824, 0.00294327316806, -0.00214527221397, 0.00239631347358, -0.000939793128055, 0.00132857682183, -0.00303885294124, 0.00254752021283, -0.00130221189465], [-2.47282478085e-05, -0.00191197905224, 0.0028484009672, -0.00180596671999, 0.000658846227452, -0.00156815780792, 0.00273383758031, -0.000678645563312, 0.000738820235711, -0.00224879337475, 0.000664144521579, -0.00216558319516, -3.53231371264e-05], [-8.22097717901e-05, 0.000360100792022, -0.00180596671999, 0.00355633674189, 0.000491006765515, -0.000666647683829, -0.00130313704722, 0.00119503622409, -0.00136048777495, 0.00153242773376, 0.00014663420734, 0.000538954511285, -0.000849118514452], [0.000195268250536, -0.00319064431824, 0.000658846227452, 0.000491006765515, 0.00444318260998, -0.00166136026382, -0.000283799919998, -0.00289501389489, 0.000262782763457, -0.000523062306456, 0.00174564251211, -0.00190633593593, 0.00140695087612], [-0.00030652989517, 0.00294327316806, -0.00156815780792, -0.000666647683829, -0.00166136026382, 0.00632943445817, -0.00192309566773, 0.000127567225718, -0.00115334929433, -0.00101887376513, -0.00272944523022, 0.00308452080935, 0.000770681363065], [-0.000402867299272, -0.00214527221397, 0.00273383758031, -0.00130313704722, -0.000283799919998, -0.00192309566773, 0.00743693672121, 0.000205055403057, -0.00279439636506, -0.00261989515275, 0.00217571528628, -0.00105242314748, 0.00071364257019], [-0.000524406612385, 0.00239631347358, -0.000678645563312, 0.00119503622409, -0.00289501389489, 0.000127567225718, 0.000205055403057, 0.00832454301417, -0.00115168618504, -0.000673126021866, -0.00126534164883, 0.000936971278861, -0.000992744695395], [0.00017664898769, -0.000939793128055, 0.000738820235711, -0.00136048777495, 0.000262782763457, -0.00115334929433, -0.00279439636506, -0.00115168618504, 0.00979035813361, 0.00256825913675, -0.00103540974669, -0.00240455078892, -0.00213283556513], [0.000306546280626, 0.00132857682183, -0.00224879337475, 0.00153242773376, -0.000523062306456, -0.00101887376513, -0.00261989515275, -0.000673126021866, 0.00256825913675, 0.0106157679111, -0.00126987276599, -0.00283985165879, 0.00110064295586], [-3.56655582436e-05, -0.00303885294124, 0.000664144521579, 0.00014663420734, 0.00174564251211, -0.00272944523022, 0.00217571528628, -0.00126534164883, -0.00103540974669, -0.00126987276599, 0.0103822378442, -0.000354435673216, -0.00234693288803], [-0.00015904555039, 0.00254752021283, -0.00216558319516, 0.000538954511285, -0.00190633593593, 0.00308452080935, -0.00105242314748, 0.000936971278861, -0.00240455078892, -0.00283985165879, -0.000354435673216, 0.0112172933295, -0.00317318062298], [-2.38948882725e-06, -0.00130221189465, -3.53231371264e-05, -0.000849118514452, 0.00140695087612, 0.000770681363065, 0.00071364257019, -0.000992744695395, -0.00213283556513, 0.00110064295586, -0.00234693288803, -0.00317318062298, 0.0136810932308]]
    },
    "melbands": {
        "max": [0.0519516132772, 0.0204142536968, 0.00152996159159, 0.00407866248861, 0.0141037171707, 0.00679219514132, 0.00612577004358, 0.00715649267659, 0.00557613605633, 0.0111251119524, 0.00811127200723, 0.00473537901416, 0.00305905519053, 0.00281984033063, 0.000776394677814, 0.000514046172611, 0.000426779413829, 0.000207285644137, 0.000198342997464, 0.000157267408213, 0.000110398315883, 0.000118798860058, 0.000147545782966, 0.000116249801067, 9.1504502052e-05, 2.77527451544e-05, 1.48525032273e-05, 9.57323754847e-06, 1.07619762275e-05, 3.09329516313e-05, 2.35703537328e-05, 3.74897099391e-05, 0.000101022873423, 7.32293483452e-05, 3.87208237953e-05, 3.3809501474e-05, 3.83846709155e-05, 3.34359501721e-05, 4.23606797995e-05, 2.23042497964e-05],
        "mean": [0.00234229932539, 0.000685558770783, 7.6792362961e-05, 0.000158766430104, 0.000575491110794, 0.000425784935942, 0.000164833414601, 0.000199441186851, 0.000302466272842, 0.000644478772301, 0.000574302568566, 0.000327683839714, 0.000195326429093, 9.36313444981e-05, 4.32493943663e-05, 4.08550367865e-05, 4.23653618782e-05, 2.12251725316e-05, 1.5245141185e-05, 1.11273557195e-05, 9.2621312433e-06, 7.57371026339e-06, 7.41630810808e-06, 5.1978367992e-06, 3.79894413527e-06, 2.43017416324e-06, 1.66002087099e-06, 1.07992491394e-06, 9.09945185867e-07, 9.11499114409e-07, 8.84044197846e-07, 1.25379438032e-06, 1.1639439208e-06, 9.47211844959e-07, 7.27132942302e-07, 5.89952037444e-07, 6.64698006858e-07, 5.07221955104e-07, 3.58169245374e-07, 2.31808357398e-07],
        "min": [2.041798286e-09, 6.18809536945e-09, 4.68454786073e-09, 1.41750822191e-09, 2.19662940615e-10, 9.39809410849e-11, 2.05821193422e-10, 1.70520930709e-10, 1.24800961232e-10, 5.01031771627e-10, 1.39221667528e-09, 1.58120139204e-09, 6.17553896909e-10, 5.49196278732e-11, 1.2140610739e-10, 1.82895337764e-10, 5.42957311056e-11, 2.24631233753e-11, 7.41494626116e-12, 1.39487015688e-11, 2.09142460295e-11, 2.53279029694e-11, 1.11914852385e-11, 1.80574808578e-11, 1.18533698482e-11, 1.32926482321e-11, 6.21280717844e-12, 1.97724193789e-12, 1.95430997774e-12, 1.80620394943e-12, 1.68580850234e-12, 1.41192580631e-12, 1.28668093975e-12, 1.03551401395e-12, 1.28294792325e-12, 1.2204323923e-12, 8.65477503033e-13, 7.54381041142e-13, 6.63489283046e-13, 6.05263723256e-13],
        "stdev": [0.00628442084417, 0.00197608023882, 0.000136319358717, 0.000486636301503, 0.00134415866341, 0.000905488734134, 0.000513065839186, 0.00049456988927, 0.000567000824958, 0.00128201569896, 0.00118720252067, 0.000662749167532, 0.000400992605137, 0.000223325201659, 8.96271012607e-05, 7.41142284824e-05, 6.67002677801e-05, 3.25162836816e-05, 2.53074940701e-05, 1.86012875929e-05, 1.60533036251e-05, 1.3096476323e-05, 1.67756952578e-05, 1.16577130029e-05, 8.13885435491e-06, 3.56704913429e-06, 2.28528460866e-06, 1.60790341397e-06, 1.3095648228e-06, 1.73739783804e-06, 1.52751010773e-06, 3.23554149873e-06, 4.39475661551e-06, 3.94313747165e-06, 2.37803055825e-06, 2.08337223739e-06, 2.87579632641e-06, 2.38421262111e-06, 1.96240239347e-06, 1.28964256874e-06]
    },
    "melbands128": {
        "max": [0.0521317124367, 0.0909352079034, 0.0447574928403, 0.0451522395015, 0.0217064749449, 0.00378360971808, 0.00187636923511, 0.00163413991686, 0.0015111763496, 0.00317900790833, 0.0088721178472, 0.0144255142659, 0.0239656455815, 0.0223267804831, 0.00958986114711, 0.0087428316474, 0.0121176866814, 0.0111401230097, 0.00611213129014, 0.00971589609981, 0.00971811637282, 0.00459262309596, 0.00584495253861, 0.0143728982657, 0.019619975239, 0.0160984359682, 0.0148566644639, 0.0120343277231, 0.0118970023468, 0.00806387141347, 0.00656098453328, 0.00434164237231, 0.00505356956273, 0.00819441210479, 0.00744038494304, 0.00164115126245, 0.00106213765685, 0.00137831072789, 0.00104250782169, 0.000740514486097, 0.000934815325309, 0.00072852766607, 0.00071475864388, 0.000751243671402, 0.000445669546025, 0.000284345005639, 0.000244795315666, 0.00033342311508, 0.000370922585716, 0.000318879989209, 0.000217480512219, 0.000138453731779, 0.000200422422495, 0.000131696477183, 0.000109826236439, 0.000174315893673, 0.000298627739539, 0.000214596642763, 0.000294178404147, 0.000426840997534, 0.000102600970422, 0.000279233179754, 0.000176004949026, 0.000157073067385, 7.89352925494e-05, 3.89848792111e-05, 2.28916687774e-05, 3.91240901081e-05, 1.78771406354e-05, 3.56641903636e-05, 1.48721892401e-05, 1.13465121103e-05, 9.27816836338e-06, 1.82893072633e-05, 1.56439637067e-05, 2.18917284656e-05, 4.90247984999e-05, 3.71621354134e-05, 2.04219140869e-05, 1.92962597794e-05, 3.30466646119e-05, 7.64454671298e-05, 8.00171110313e-05, 0.000179716575076, 0.000118223266327, 0.000108340776933, 7.50591279939e-05, 7.08755178493e-05, 3.26503395627e-05, 2.61775694526e-05, 3.6204168282e-05, 4.02508012485e-05, 3.25675136992e-05, 6.09824164712e-05, 5.68127761653e-05, 4.48014070571e-05, 4.57504793303e-05, 3.38350182574e-05, 7.51300176489e-05, 3.74027913495e-05, 2.93606881314e-05, 3.30605289491e-05, 1.42491398947e-05, 2.01110651687e-05, 2.56463026744e-05, 1.35018590299e-05, 7.85352676758e-06, 4.57978148916e-06, 1.87707337318e-06, 8.04261503617e-07, 1.78334312295e-06, 9.14805582397e-07, 9.2313513278e-07, 7.89574301052e-07, 4.4760852802e-07, 8.84296298409e-07, 5.80836797326e-07, 2.63647052634e-07, 1.79018698532e-07, 4.93895377929e-08, 7.30943412464e-08, 2.30209664664e-08, 2.58834269573e-08, 4.60916949052e-09, 4.79742190418e-10, 4.72613892466e-10, 4.65588484433e-10, 4.64315225157e-10],
        "mean": [0.00149287981912, 0.00320173264481, 0.00232442445122, 0.00142544170376, 0.000591913820244, 0.000179077222128, 7.98217442934e-05, 5.1156108384e-05, 6.16045435891e-05, 7.26418875274e-05, 0.000249102624366, 0.000505431147758, 0.000684290542267, 0.000689900072757, 0.000386849103961, 0.00031830984517, 0.000267859577434, 9.71689078142e-05, 9.23584375414e-05, 0.000191860453924, 0.000272161996691, 0.000170186161995, 0.000272587960353, 0.000455643312307, 0.000627484114375, 0.00074972998118, 0.000640816404484, 0.000520500238054, 0.000587674090639, 0.000407175597502, 0.000226200034376, 0.000175480134203, 0.000166995276231, 0.000275818660157, 0.000110453926027, 4.37428534497e-05, 4.01285506086e-05, 4.83499934489e-05, 4.14014757553e-05, 3.7164256355e-05, 4.14373171225e-05, 4.39769246441e-05, 4.83347648697e-05, 4.1194845835e-05, 2.33581758948e-05, 1.86366760317e-05, 1.63473432622e-05, 1.6726737158e-05, 1.43562238009e-05, 1.11405115604e-05, 1.12440093289e-05, 1.02498006527e-05, 1.05972976598e-05, 8.23519349069e-06, 7.19773606761e-06, 7.49427454139e-06, 8.20660170575e-06, 6.83750749886e-06, 7.48969523556e-06, 8.11696372693e-06, 3.81623522117e-06, 4.55327972304e-06, 4.40454005002e-06, 3.5806510823e-06, 2.7175606192e-06, 2.57048168351e-06, 2.0548663997e-06, 2.03614649763e-06, 1.50525340814e-06, 1.28071110339e-06, 1.09273560156e-06, 9.7508223007e-07, 9.23272523323e-07, 9.46025522808e-07, 8.17308034584e-07, 8.82239476141e-07, 9.66111088019e-07, 9.52413302002e-07, 8.16611930077e-07, 8.61599971813e-07, 1.23138079289e-06, 1.52152074406e-06, 1.0845185443e-06, 1.19963056022e-06, 1.15478246698e-06, 9.92448804027e-07, 8.76733110999e-07, 8.20842274152e-07, 7.2358682246e-07, 6.60311286538e-07, 6.25725760983e-07, 5.15173098847e-07, 6.20016294306e-07, 6.9949197723e-07, 6.7838607265e-07, 6.31192278888e-07, 4.54064831956e-07, 3.43387597468e-07, 4.10570123677e-07, 3.37323569966e-07, 2.61640906274e-07, 2.15153164618e-07, 1.8587972761e-07, 2.10933478684e-07, 1.81451298431e-07, 1.2862814458e-07, 8.48305958812e-08, 5.40930997772e-08, 2.97269497906e-08, 1.50270924593e-08, 1.35591919914e-08, 1.30081083682e-08, 9.11142006288e-09, 5.2924531424e-09, 3.64311669721e-09, 2.97777580371e-09, 1.12145726039e-09, 3.03792990763e-10, 2.30450047933e-10, 8.73073280339e-11, 7.03234623312e-11, 2.51321134043e-11, 3.77908086768e-11, 1.03730123449e-11, 4.26321998537e-12, 3.81320235804e-12, 3.5620657899e-12, 3.51326823536e-12],
        "min": [1.45558606834e-10, 2.77067563337e-10, 1.34063560253e-09, 1.56565316267e-09, 2.48157006055e-09, 2.17672280201e-09, 5.84024295591e-09, 4.01274435902e-09, 2.50748199981e-09, 1.37365263608e-09, 6.89668377962e-10, 3.10728665021e-10, 1.1959863655e-10, 4.91379575918e-11, 6.8274885745e-11, 1.20927601266e-10, 1.87493964798e-10, 2.25820404043e-10, 2.28128543833e-10, 1.9231123638e-10, 1.4198064946e-10, 1.01838509847e-10, 9.52013606836e-11, 1.66916203082e-10, 3.18878978778e-10, 6.073648251e-10, 1.00909969269e-09, 1.43676337494e-09, 1.75492265164e-09, 1.8071399932e-09, 1.54697121779e-09, 1.09967401851e-09, 6.17696005456e-10, 2.47264125841e-10, 5.33731565888e-11, 9.22874103526e-12, 2.52371977483e-11, 8.28894036742e-11, 2.04865041598e-10, 2.67194599779e-10, 1.72518860309e-10, 7.74247332913e-11, 5.73787649338e-11, 3.91926005539e-11, 2.91831940558e-11, 2.50299347221e-11, 7.14334277493e-12, 1.69183189593e-12, 6.94432011894e-12, 2.19181756078e-11, 1.71175747188e-11, 4.11381866072e-12, 5.44173820588e-12, 3.43943484804e-11, 4.46961946621e-11, 2.11564689379e-11, 1.48563383817e-11, 7.78779644939e-12, 9.49555191421e-12, 1.6238982381e-11, 2.33374933961e-11, 1.6803976613e-11, 6.81508148526e-12, 8.28794758517e-12, 2.382518835e-11, 1.65379602374e-11, 3.37806735709e-12, 8.88194118948e-12, 6.41676295432e-12, 1.03227040631e-12, 1.40411120231e-12, 1.85700261592e-12, 1.26278067863e-12, 1.7115506061e-12, 1.09648087051e-12, 9.96000807871e-13, 1.93678254858e-12, 7.93949107847e-13, 1.1490187057e-12, 1.19531359637e-12, 8.98623135539e-13, 1.15276700945e-12, 1.05228412789e-12, 1.22138139446e-12, 7.882965114e-13, 9.66092548842e-13, 8.74393385388e-13, 8.56124849832e-13, 8.84853063217e-13, 1.24329658981e-12, 9.95117616781e-13, 6.93349240868e-13, 7.07368408639e-13, 8.44233374615e-13, 8.79047214793e-13, 7.7627390193e-13, 7.23948787203e-13, 4.22715194012e-13, 4.48887726035e-13, 6.22115586043e-13, 6.47160059916e-13, 6.02136992611e-13, 5.69000901084e-13, 5.11315273975e-13, 5.04625963411e-13, 5.27390034855e-13, 4.83133281645e-13, 4.45266436569e-13, 4.41318233043e-13, 4.45111016188e-13, 4.15208747375e-13, 3.79167888493e-13, 3.71971550783e-13, 3.57076185026e-13, 3.51565320909e-13, 3.40808517475e-13, 3.2833718383e-13, 3.24083235291e-13, 3.09185104819e-13, 2.97877933257e-13, 2.73522442759e-13, 2.77190027658e-13, 2.75895978155e-13, 2.77966370624e-13, 2.77012462448e-13, 1.46674434208e-13, 1.5176418065e-14, 3.75892549094e-16],
        "stdev": [0.00525249820203, 0.00981041323394, 0.00589345861226, 0.00446345610544, 0.00193162856158, 0.000398445787141, 0.00016016481095, 0.000112352623546, 0.000133133682539, 0.000177345747943, 0.000979111646302, 0.00176251668017, 0.00186629092786, 0.00193332636263, 0.00111737067346, 0.00089500087779, 0.00103380880319, 0.00051142211305, 0.000404838705435, 0.000603067863267, 0.000765804958064, 0.000364744832041, 0.000573403725866, 0.00114132720046, 0.00149036664516, 0.00157656904776, 0.00156226975378, 0.00125452585053, 0.00142389954999, 0.00094292423455, 0.000543985108379, 0.000452711159596, 0.000425947422627, 0.000892030482646, 0.000400016113417, 0.000109050051833, 9.52242335188e-05, 0.000125623904751, 9.21434548218e-05, 7.8827913967e-05, 8.76340272953e-05, 8.96864949027e-05, 9.36583601288e-05, 7.72685161792e-05, 4.4581702241e-05, 3.53274845111e-05, 3.04591758322e-05, 3.23994063365e-05, 3.16757541441e-05, 2.5376362828e-05, 2.08727578865e-05, 1.88181256817e-05, 2.22405778914e-05, 1.5873756638e-05, 1.23257423184e-05, 1.44467157952e-05, 2.04957286769e-05, 1.51794674821e-05, 2.49317654379e-05, 3.19199280057e-05, 7.87695807958e-06, 1.24481593957e-05, 1.14106587716e-05, 1.0135411685e-05, 5.3807234508e-06, 4.30738646173e-06, 3.11366761707e-06, 3.69797248823e-06, 2.35114180214e-06, 2.39481755671e-06, 1.99217083718e-06, 1.57062834205e-06, 1.39889607453e-06, 1.58138720963e-06, 1.37832535074e-06, 1.66114432432e-06, 2.36578102886e-06, 2.01269563149e-06, 1.48929984789e-06, 1.62468245435e-06, 3.09236634166e-06, 5.5766213336e-06, 3.72664612769e-06, 6.22058860245e-06, 5.21313768331e-06, 4.88479281557e-06, 3.83951646654e-06, 3.29472140947e-06, 2.2854103463e-06, 2.25389339903e-06, 2.3400250484e-06, 1.93433857021e-06, 2.38007692133e-06, 3.26507347381e-06, 3.35735353474e-06, 3.17752460433e-06, 2.34709955294e-06, 1.63972083556e-06, 2.8226854738e-06, 1.8709000642e-06, 1.45680564856e-06, 1.44630996601e-06, 1.00415331872e-06, 1.26018687752e-06, 1.1695728972e-06, 7.14736358987e-07, 4.14001306126e-07, 2.66773213298e-07, 1.30467014969e-07, 6.28895051591e-08, 7.50888844436e-08, 6.15792430381e-08, 4.48664287944e-08, 3.26775726478e-08, 2.60489692039e-08, 3.4281210759e-08, 1.78788663874e-08, 7.72644170866e-09, 5.27859800314e-09, 1.58191904021e-09, 2.0765613673e-09, 6.53709197884e-10, 8.52843962118e-10, 1.51272952498e-10, 1.49909112901e-11, 1.47862191241e-11, 1.45904538451e-11, 1.45437993246e-11]
    },
    "mfcc": {
        "mean": [-716.992797852, 151.447601318, -11.7546014786, 1.17439818382, -14.4603815079, 1.89966070652, -7.70102882385, 10.2113189697, 2.3739387989, 7.50457572937, 0.267773121595, 0.840994238853, -1.47721159458],
        "cov": [[7884.52197266, -2674.28051758, -400.772674561, -804.356506348, -870.815063477, 49.2283325195, 312.594726562, 543.02355957, 342.232116699, 347.318969727, 264.307128906, 88.2466888428, -100.357383728], [-2674.28051758, 2917.90063477, -210.421691895, 848.396728516, 776.574584961, 158.095458984, 67.4504623413, 53.0056343079, -23.0314788818, 25.0960140228, -75.7182617188, 23.8554840088, 93.3968276978], [-400.772674561, -210.421691895, 1967.53662109, 428.667724609, 391.02230835, 224.061355591, -83.5002212524, -198.313262939, -147.156845093, -171.603088379, -50.4378547668, 55.4824867249, 202.098236084], [-804.356506348, 848.396728516, 428.667724609, 741.388305664, 293.936889648, 213.408981323, -20.7492752075, 43.3426094055, 5.92317771912, -39.0133934021, -42.2930717468, 21.8782711029, 43.2382698059], [-870.815063477, 776.574584961, 391.02230835, 293.936889648, 602.365722656, 90.1016159058, 57.9904174805, 12.6247777939, -10.2766771317, -5.05121850967, -14.8715782166, 39.6309547424, 124.668312073], [49.2283325195, 158.095458984, 224.061355591, 213.408981323, 90.1016159058, 327.884796143, 63.8277053833, 80.3823699951, 64.8038635254, 68.3248977661, 31.9777908325, 51.0197906494, 56.7746810913], [312.594726562, 67.4504623413, -83.5002212524, -20.7492752075, 57.9904174805, 63.8277053833, 198.273757935, 46.1735572815, 46.5409011841, 92.7728652954, 40.9526062012, 43.3685722351, 40.7286376953], [543.02355957, 53.0056343079, -198.313262939, 43.3426094055, 12.6247777939, 80.3823699951, 46.1735572815, 240.660705566, 107.954589844, 79.5703659058, 54.5983734131, 35.2648620605, -14.9712505341], [342.232116699, -23.0314788818, -147.156845093, 5.92317771912, -10.2766771317, 64.8038635254, 46.5409011841, 107.954589844, 173.642730713, 38.6710510254, 76.9766769409, 18.3088760376, -17.9091472626], [347.318969727, 25.0960140228, -171.603088379, -39.0133934021, -5.05121850967, 68.3248977661, 92.7728652954, 79.5703659058, 38.6710510254, 176.375411987, 11.7948417664, 34.7854957581, 10.1432666779], [264.307128906, -75.7182617188, -50.4378547668, -42.2930717468, -14.8715782166, 31.9777908325, 40.9526062012, 54.5983734131, 76.9766769409, 11.7948417664, 118.277275085, 30.1223201752, 5.46722078323], [88.2466888428, 23.8554840088, 55.4824867249, 21.8782711029, 39.6309547424, 51.0197906494, 43.3685722351, 35.2648620605, 18.3088760376, 34.7854957581, 30.1223201752, 98.6605072021, 55.6143417358], [-100.357383728, 93.3968276978, 202.098236084, 43.2382698059, 124.668312073, 56.7746810913, 40.7286376953, -14.9712505341, -17.9091472626, 10.1432666779, 5.46722078323, 55.6143417358, 141.460662842]],
        "icov": [[0.000298908009427, 0.000214187850361, -9.65240615187e-05, 1.04193259176e-06, 0.000248761323746, 0.000162448894116, -0.000417218718212, -0.000675619754475, -9.09266382223e-05, -0.000243415532168, -7.79064575909e-05, 0.000144975041621, -7.56285226089e-05], [0.000214187850361, 0.00119876337703, 0.000631523900665, -0.00111282826401, -0.00104742636904, 2.12536542676e-05, -0.000240100533119, -4.07817606174e-05, 0.0004059173516, -0.000202949886443, -0.000130954242195, 7.90325138951e-05, -0.000182291027158], [-9.65240615187e-05, 0.000631523900665, 0.00142180442344, -0.000912136456463, -0.00120003661141, -0.000833074795082, 0.00052285642596, 0.00109579367563, 0.0008163973107, 0.000740835210308, -0.000200526643312, -0.000334204174578, -0.000691150140483], [1.04193259176e-06, -0.00111282826401, -0.000912136456463, 0.00355898030102, 0.000350126327248, -0.00137812294997, 0.000228598801186, -0.000983507256024, -0.000624126405455, 0.00098862987943, 0.00131630001124, -0.000365522049833, 0.000968328968156], [0.000248761323746, -0.00104742636904, -0.00120003661141, 0.000350126327248, 0.0043342099525, 0.000866071786731, -0.00126003322657, -0.00153261830565, -0.000787312572356, -0.000167661593878, 0.000274581456324, 0.000717101909686, -0.00187146989629], [0.000162448894116, 2.12536542676e-05, -0.000833074795082, -0.00137812294997, 0.000866071786731, 0.00571570871398, -0.000810054130852, -0.00114029378165, -0.00151081953663, -0.00225351937115, -0.000571400043555, 4.09130370826e-05, -0.00125576101709], [-0.000417218718212, -0.000240100533119, 0.00052285642596, 0.000228598801186, -0.00126003322657, -0.000810054130852, 0.00867541879416, 0.00182120886166, -0.000553265388589, -0.00318415090442, -0.00170428946149, -0.00103484943975, -0.00119280489162], [-0.000675619754475, -4.07817606174e-05, 0.00109579367563, -0.000983507256024, -0.00153261830565, -0.00114029378165, 0.00182120886166, 0.00903988163918, -0.00240978901275, -0.00153795536608, -0.000913703173865, -0.0019876093138, 0.00114535028115], [-9.09266382223e-05, 0.0004059173516, 0.0008163973107, -0.000624126405455, -0.000787312572356, -0.00151081953663, -0.000553265388589, -0.00240978901275, 0.0112117575482, 0.000437423645053, -0.00533495051786, 0.000537375512067, 0.00127936794888], [-0.000243415532168, -0.000202949886443, 0.000740835210308, 0.00098862987943, -0.000167661593878, -0.00225351937115, -0.00318415090442, -0.00153795536608, 0.000437423645053, 0.010449456051, 0.00264325970784, -0.00197852659039, 0.000388726883102], [-7.79064575909e-05, -0.000130954242195, -0.000200526643312, 0.00131630001124, 0.000274581456324, -0.000571400043555, -0.00170428946149, -0.000913703173865, -0.00533495051786, 0.00264325970784, 0.0141341509297, -0.00314219272695, 0.000120797354612], [0.000144975041621, 7.90325138951e-05, -0.000334204174578, -0.000365522049833, 0.000717101909686, 4.09130370826e-05, -0.00103484943975, -0.0019876093138, 0.000537375512067, -0.00197852659039, -0.00314219272695, 0.0159791745245, -0.00587171502411], [-7.56285226089e-05, -0.000182291027158, -0.000691150140483, 0.000968328968156, -0.00187146989629, -0.00125576101709, -0.00119280489162, 0.00114535028115, 0.00127936794888, 0.000388726883102, 0.000120797354612, -0.00587171502411, 0.0128830485046]]
    },
    "spectral_contrast_coeffs": {
        "max": [-0.437204778194, -0.437615156174, -0.518030941486, -0.660654425621, -0.543852448463, -0.475037455559],
        "mean": [-0.735781550407, -0.73683744669, -0.742232859135, -0.822874486446, -0.801307499409, -0.754289865494],
        "min": [-0.983637332916, -0.916945636272, -0.902168810368, -0.92216950655, -0.902651846409, -0.95168197155],
        "stdev": [0.0877945944667, 0.0850006639957, 0.0757578760386, 0.0388601236045, 0.0475867725909, 0.0682316347957]
    },
    "spectral_contrast_valleys": {
        "max": [-5.49699497223, -5.36786031723, -5.07287931442, -5.82779932022, -6.66650342941, -7.9768447876],
        "mean": [-7.51985311508, -6.84346628189, -7.33195257187, -7.94428920746, -8.60131835938, -11.5868492126],
        "min": [-11.9303455353, -12.8426027298, -12.6654205322, -13.7141647339, -14.3164768219, -16.4831581116],
        "stdev": [1.21813774109, 0.676612317562, 0.988271713257, 0.99816596508, 1.21328306198, 1.74556779861]
    }
},
"rhythm": {
    "beats_count": 64,
    "beats_loudness": {
        "max": 0.131358280778,
        "mean": 0.0272391159087,
        "min": 0.000256720377365,
        "stdev": 0.025934131816
    },
    "bpm": 133.528259277,
    "bpm_histogram_first_peak_bpm": 133,
    "bpm_histogram_first_peak_weight": 0.514285683632,
    "bpm_histogram_second_peak_bpm": 144,
    "bpm_histogram_second_peak_spread": 0.388888895512,
    "bpm_histogram_second_peak_weight": 0.174603179097,
    "danceability": 0.7890406847,
    "onset_rate": 1.58547794819,
    "beats_loudness_band_ratio": {
        "max": [0.981165826321, 0.943953037262, 0.814629912376, 0.785939633846, 0.147236302495, 0.531631588936],
        "mean": [0.263448476791, 0.250409603119, 0.290214598179, 0.185302361846, 0.0335438773036, 0.0325934030116],
        "min": [0.000162047814229, 0.00106332497671, 0.00733095780015, 0.00180099112913, 0.000751473824494, 2.74893754977e-05],
        "stdev": [0.289864987135, 0.289327800274, 0.202348440886, 0.213595896959, 0.0329589694738, 0.0892935171723]
    },
