{
"metadata": {
    "version": {
        "essentia": "2.1-beta5",
        "essentia_git_sha": "Undefined",
        "extractor": "music 2.0"
    },
    "audio_properties": {
        "analysis": {
            "equal_loudness": 0,
            "length": 48.7502937317,
            "sample_rate": 44100,
            "start_time": 29.0017242432,
            "downmix": "mix"
        },
        "bit_rate": 192000,
        "length": 190.008972168,
        "lossless": 0,
        "number_channels": 2,
        "replay_gain": -0.225202560425,
        "sample_rate": 48000,
        "codec": "mp3",
        "md5_encoded": "239d7a47ba5c25289b739df36c89f456"
    },
    "tags": {
        "file_name": "Azerbaijan_X My Heart_Aisel.mp3",
        "encoding": ["Lavf58.29.100"]
    }
},
"lowlevel": {
    "average_loudness": 0.951722145081,
    "barkbands_crest": {
        "max": 24.3695526123,
        "mean": 10.1469526291,
        "min": 2.69907546043,
        "stdev": 4.04483938217
    },
    "barkbands_flatness_db": {
        "max": 0.336610227823,
        "mean": 0.117554798722,
        "min": 0.021887967363,
        "stdev": 0.0543239042163
    },
    "barkbands_kurtosis": {
        "max": 41.9327354431,
        "mean": 2.36539101601,
        "min": -1.82237815857,
        "stdev": 4.57982110977
    },
    "barkbands_skewness": {
        "max": 6.0630736351,
        "mean": 1.15156173706,
        "min": -1.52887320518,
        "stdev": 1.02619874477
    },
    "barkbands_spread": {
        "max": 105.360916138,
        "mean": 27.2383785248,
        "min": 2.35606265068,
        "stdev": 15.3741598129
    },
    "dissonance": {
        "max": 0.499983489513,
        "mean": 0.464336454868,
        "min": 0.256593495607,
        "stdev": 0.0308985691518
    },
    "dynamic_complexity": 2.41921973228,
    "erbbands_crest": {
        "max": 27.6756038666,
        "mean": 9.35335922241,
        "min": 2.25339174271,
        "stdev": 4.80309200287
    },
    "erbbands_flatness_db": {
        "max": 0.397546261549,
        "mean": 0.144716054201,
        "min": 0.0473551079631,
        "stdev": 0.0543762668967
    },
    "erbbands_kurtosis": {
        "max": 20.7103805542,
        "mean": 1.1758749485,
        "min": -1.7423440218,
        "stdev": 2.40090298653
    },
    "erbbands_skewness": {
        "max": 4.11586618423,
        "mean": 0.413589447737,
        "min": -1.74938762188,
        "stdev": 0.733105003834
    },
    "erbbands_spread": {
        "max": 123.61139679,
        "mean": 36.0904159546,
        "min": 3.84291553497,
        "stdev": 19.1473255157
    },
    "hfc": {
        "max": 192.777618408,
        "mean": 34.3474884033,
        "min": 0.7702293396,
        "stdev": 24.4133033752
    },
    "loudness_ebu128": {
        "integrated": -22.073884964,
        "loudness_range": 4.51115226746,
        "momentary": {
            "max": -19.5431346893,
            "mean": -22.476108551,
            "min": -28.1548938751,
            "stdev": 2.01099038124
        },
        "short_term": {
            "max": -20.3670005798,
            "mean": -22.3781013489,
            "min": -26.49376297,
            "stdev": 1.64179027081
        }
    },
    "melbands_crest": {
        "max": 28.8003616333,
        "mean": 14.0726566315,
        "min": 3.80867409706,
        "stdev": 5.02634143829
    },
    "melbands_flatness_db": {
        "max": 0.368945598602,
        "mean": 0.1774238199,
        "min": 0.0462768189609,
        "stdev": 0.0568895339966
    },
    "melbands_kurtosis": {
        "max": 123.482841492,
        "mean": 9.35667133331,
        "min": -1.48167335987,
        "stdev": 13.1449213028
    },
    "melbands_skewness": {
        "max": 9.77284526825,
        "mean": 2.16826415062,
        "min": -0.916885972023,
        "stdev": 1.59044384956
    },
    "melbands_spread": {
        "max": 150.500167847,
        "mean": 27.9649677277,
        "min": 2.21152734756,
        "stdev": 16.0809726715
    },
    "pitch_salience": {
        "max": 0.83218985796,
        "mean": 0.534104824066,
        "min": 0.169273152947,
        "stdev": 0.102195009589
    },
    "silence_rate_20dB": {
        "max": 1,
        "mean": 1,
        "min": 1,
        "stdev": 0
    },
    "silence_rate_30dB": {
        "max": 1,
        "mean": 0.994764387608,
        "min": 0,
        "stdev": 0.0721676126122
    },
    "silence_rate_60dB": {
        "max": 0,
        "mean": 0,
        "min": 0,
        "stdev": 0
    },
    "spectral_centroid": {
        "max": 4039.68066406,
        "mean": 1411.92956543,
        "min": 299.625457764,
        "stdev": 527.861022949
    },
    "spectral_complexity": {
        "max": 58,
        "mean": 22.6806278229,
        "min": 3,
        "stdev": 8.68823337555
    },
    "spectral_decrease": {
        "max": -3.73106184837e-10,
        "mean": -9.3624024089e-09,
        "min": -4.64811336087e-08,
        "stdev": 5.49799317184e-09
    },
    "spectral_energy": {
        "max": 0.183303847909,
        "mean": 0.0384513176978,
        "min": 0.00162218045443,
        "stdev": 0.0219854433089
    },
    "spectral_energyband_high": {
        "max": 0.0130553692579,
        "mean": 0.00157879677135,
        "min": 1.02413805507e-05,
        "stdev": 0.00184476596769
    },
    "spectral_energyband_low": {
        "max": 0.126697555184,
        "mean": 0.0140750762075,
        "min": 4.66633736096e-07,
        "stdev": 0.0152659574524
    },
    "spectral_energyband_middle_high": {
        "max": 0.0716398060322,
        "mean": 0.0119398934767,
        "min": 0.000123456731671,
        "stdev": 0.0112221166492
    },
    "spectral_energyband_middle_low": {
        "max": 0.0785164013505,
        "mean": 0.012779195793,
        "min": 0.000248265772825,
        "stdev": 0.010127116926
    },
    "spectral_entropy": {
        "max": 8.78047847748,
        "mean": 7.77968406677,
        "min": 6.13415670395,
        "stdev": 0.436907142401
    },
    "spectral_flux": {
        "max": 0.361098140478,
        "mean": 0.114871948957,
        "min": 0.0296427719295,
        "stdev": 0.0458647161722
    },
    "spectral_kurtosis": {
        "max": 31.1111068726,
        "mean": 3.67216157913,
        "min": -0.949798107147,
        "stdev": 2.70573019981
    },
    "spectral_rms": {
        "max": 0.0133728468791,
        "mean": 0.00586939696223,
        "min": 0.00125802028924,
        "stdev": 0.00175031926483
    },
    "spectral_rolloff": {
        "max": 10680.46875,
        "mean": 1618.52124023,
        "min": 86.1328125,
        "stdev": 1541.3223877
    },
    "spectral_skewness": {
        "max": 4.05689620972,
        "mean": 1.52317345142,
        "min": 0.282156139612,
        "stdev": 0.386363655329
    },
    "spectral_spread": {
        "max": 13073847,
        "mean": 5296153,
        "min": 1786930.5,
        "stdev": 1712580.25
    },
    "spectral_strongpeak": {
        "max": 14.2972631454,
        "mean": 1.30710196495,
        "min": 0,
        "stdev": 1.71810853481
    },
    "zerocrossingrate": {
        "max": 0.298828125,
        "mean": 0.07104062289,
        "min": 0.00830078125,
        "stdev": 0.038403019309
    },
    "barkbands": {
        "max": [0.00574575504288, 0.0893958061934, 0.068958774209, 0.0243270397186, 0.0656430870295, 0.0543731674552, 0.0353085920215, 0.012876957655, 0.0479649417102, 0.0639832168818, 0.0366641394794, 0.0287724323571, 0.0430580787361, 0.019077481702, 0.0220998693258, 0.0180394090712, 0.0174591504037, 0.00710083870217, 0.00338937481865, 0.00359866954386, 0.00247098738328, 0.00308198668063, 0.00365484715439, 0.00366482464597, 0.00416248803958, 0.00218037911691, 0.000948914675973],
        "mean": [0.000423582678195, 0.00942975189537, 0.003374354681, 0.00157563167159, 0.00326857855543, 0.00211730785668, 0.00154058309272, 0.000520538189448, 0.0019170261221, 0.00396630866453, 0.00164292473346, 0.00191760074813, 0.0013098649215, 0.00128373096231, 0.000771365535911, 0.000643769919407, 0.000427786260843, 0.000326492299791, 0.000269064272288, 0.000288226117846, 0.000252720579738, 0.000254271464655, 0.000273990182905, 0.000254189566476, 0.000248121970799, 0.000141510608955, 1.2022566807e-05],
        "min": [5.094696931e-08, 4.1350041613e-08, 8.72305250255e-09, 4.2787009491e-09, 3.97163205434e-07, 2.33821374422e-05, 8.19822707854e-06, 1.33440278205e-06, 1.80468705366e-05, 7.66425910115e-06, 4.2897199819e-06, 1.13624118967e-05, 7.05712864146e-06, 4.76624472867e-06, 5.61786509934e-06, 3.97532267016e-06, 2.21404684453e-06, 1.65655262663e-06, 1.61064770055e-06, 2.7487301395e-06, 3.01009599468e-08, 1.35260359002e-06, 1.59598050686e-06, 1.35795815481e-07, 1.18419538064e-10, 1.34035837984e-10, 1.51389678571e-10],
        "stdev": [0.000604056345765, 0.0108702527359, 0.00645988481119, 0.00243824953213, 0.00453536305577, 0.00408172234893, 0.00308544747531, 0.000917145807762, 0.00344694871455, 0.00659678783268, 0.00312040466815, 0.00306966877542, 0.00288082240149, 0.00217612669803, 0.00175483804196, 0.00158180983271, 0.000984859303571, 0.000489532249048, 0.000333080010023, 0.000308266084176, 0.000281136308331, 0.000309059163556, 0.000344334868714, 0.000404305319535, 0.000457094574813, 0.000255419116002, 5.52490892005e-05]
    },
    "erbbands": {
        "max": [2.86528587341, 21.4899921417, 72.1914520264, 85.5218505859, 117.740310669, 273.347015381, 343.167236328, 377.749603271, 615.745666504, 435.84085083, 597.235168457, 786.869018555, 2348.69287109, 1251.60449219, 1174.77502441, 958.943603516, 1661.83483887, 976.830383301, 773.27142334, 944.448913574, 1137.02502441, 682.369506836, 470.207336426, 147.963928223, 229.273895264, 175.068481445, 113.029945374, 100.422340393, 105.452888489, 165.005020142, 75.053565979, 102.580444336, 64.8037185669, 53.8536109924, 34.0522384644, 10.0333013535, 5.35690307617, 1.75060081482, 0.0562166981399, 0.001789287664],
        "mean": [0.295644909143, 2.0017926693, 3.98330545425, 5.00686073303, 9.19809627533, 10.1876878738, 14.9776945114, 14.4936695099, 23.4010887146, 14.0068712234, 23.0732097626, 38.4507408142, 125.46446991, 84.3176269531, 47.8176498413, 84.8687667847, 64.4629440308, 58.3910827637, 48.5867576599, 42.7083816528, 35.1918754578, 23.5540275574, 18.8680267334, 15.012137413, 14.0088577271, 12.3171758652, 10.4503507614, 10.2510623932, 9.17365550995, 8.66503429413, 7.60242128372, 5.77460336685, 4.05740451813, 2.82211256027, 1.71693408489, 0.691414117813, 0.246834531426, 0.048967231065, 0.00142410025001, 9.15509153856e-05],
        "min": [4.52392760053e-06, 9.60919987847e-06, 1.08262138383e-05, 4.8494526709e-05, 0.000439935014583, 0.00466086436063, 0.0421792156994, 0.224040210247, 0.0978910699487, 0.129866480827, 0.137139365077, 0.523001253605, 0.396066218615, 0.592566311359, 0.405418127775, 0.577462553978, 0.574746847153, 0.324529856443, 0.255961954594, 0.377540171146, 0.377452850342, 0.186140626669, 0.0872473493218, 0.110792472959, 0.114589311182, 0.141899347305, 0.0296333432198, 0.00543840741739, 0.0360282249749, 0.0795114263892, 0.03015322797, 0.00813883729279, 0.00213771709241, 0.000113145222713, 2.18123623199e-05, 9.59502631304e-06, 4.35226183981e-06, 8.64246146648e-07, 2.81623147202e-06, 2.45833916779e-06],
        "stdev": [0.343967169523, 2.51802873611, 6.86097669601, 8.50808429718, 13.3979024887, 15.641617775, 32.1713638306, 27.0487957001, 45.6841430664, 30.4830608368, 43.0428581238, 66.4401016235, 217.762145996, 124.315124512, 77.3393859863, 130.526412964, 122.388664246, 87.311416626, 83.8673782349, 82.4862747192, 86.689994812, 43.815448761, 30.2669029236, 16.2358283997, 18.0261898041, 13.329117775, 11.5991811752, 11.6131706238, 11.149438858, 11.4454269409, 9.38717079163, 8.68665790558, 6.68206930161, 5.33250999451, 3.34282684326, 1.24522840977, 0.499193996191, 0.140344306827, 0.0041006593965, 0.00011770157289]
    },
    "gfcc": {
        "mean": [43.6019058228, 81.4701080322, -116.300033569, 31.2246742249, -56.12840271, 32.6460571289, -32.7680702209, 11.4031734467, -22.9328231812, 3.66983914375, -14.2208919525, 3.00221776962, -6.67267227173],
        "cov": [[2763.03466797, -1424.05053711, 674.461853027, -310.930206299, -37.8166313171, 202.218307495, 135.084564209, 292.751281738, -340.29486084, 342.167907715, -298.758178711, 300.145599365, -323.059997559], [-1424.05053711, 1562.1673584, -448.602294922, 240.404907227, 52.9112129211, -145.496795654, 60.2946434021, -220.680175781, 268.600097656, -331.797607422, 239.248535156, -265.097595215, 237.916152954], [674.461853027, -448.602294922, 722.029602051, 110.593063354, 77.2434616089, 41.1927566528, -32.3993263245, 100.0364151, -121.776176453, 129.70451355, -138.289505005, 108.545387268, -139.528793335], [-310.930206299, 240.404907227, 110.593063354, 423.069061279, 108.554039001, -63.8257369995, -79.5297546387, -21.1777877808, 98.3318862915, -54.9072952271, -4.07918739319, -45.2025032043, 43.3685760498], [-37.8166313171, 52.9112129211, 77.2434616089, 108.554039001, 206.846908569, 14.2953720093, 20.157459259, 13.7581863403, 22.4753684998, 13.3525629044, -39.3158836365, -5.52750062943, -14.01151371], [202.218307495, -145.496795654, 41.1927566528, -63.8257369995, 14.2953720093, 204.73008728, 98.5521316528, 42.0454063416, -80.0997238159, 46.7323875427, -12.2680425644, 1.36543941498, -29.1511058807], [135.084564209, 60.2946434021, -32.3993263245, -79.5297546387, 20.157459259, 98.5521316528, 210.58241272, 20.3931674957, -18.8640003204, -5.74110889435, 32.0229110718, 0.576490342617, -8.13723278046], [292.751281738, -220.680175781, 100.0364151, -21.1777877808, 13.7581863403, 42.0454063416, 20.3931674957, 137.355484009, -8.12261199951, 78.7658615112, -54.6112289429, 58.4384384155, -37.2973670959], [-340.29486084, 268.600097656, -121.776176453, 98.3318862915, 22.4753684998, -80.0997238159, -18.8640003204, -8.12261199951, 177.078292847, -45.7290382385, 61.7766113281, -31.4558887482, 68.0070114136], [342.167907715, -331.797607422, 129.70451355, -54.9072952271, 13.3525629044, 46.7323875427, -5.74110889435, 78.7658615112, -45.7290382385, 155.840942383, -47.4678268433, 80.1516952515, -64.6173324585], [-298.758178711, 239.248535156, -138.289505005, -4.07918739319, -39.3158836365, -12.2680425644, 32.0229110718, -54.6112289429, 61.7766113281, -47.4678268433, 145.849090576, -28.6843318939, 55.0178031921], [300.145599365, -265.097595215, 108.545387268, -45.2025032043, -5.52750062943, 1.36543941498, 0.576490342617, 58.4384384155, -31.4558887482, 80.1516952515, -28.6843318939, 124.816131592, -29.4547100067], [-323.059997559, 237.916152954, -139.528793335, 43.3685760498, -14.01151371, -29.1511058807, -8.13723278046, -37.2973670959, 68.0070114136, -64.6173324585, 55.0178031921, -29.4547100067, 108.841537476]],
        "icov": [[0.00102762342431, 0.000396295654355, -0.000303191249259, 0.000123162215459, 0.00039273314178, 0.000136472750455, -0.000880949548446, -0.000441748590674, 0.000279996253084, 1.42982971738e-05, 0.000733798660804, -0.000651409325656, 0.000902351283003], [0.000396295654355, 0.00250611966476, -0.000196069857338, -0.000234583232668, -0.000613360956777, 0.00106326350942, -0.00147793674842, 0.000380396813853, -0.000775196473114, 0.00155019632075, -0.00120194547344, 0.0024076665286, -0.00157023128122], [-0.000303191249259, -0.000196069857338, 0.00279187434353, -0.00140874576755, -0.000263039488345, -4.75505294162e-05, 0.000366713560652, -0.000415191811044, 0.00123245222494, -0.000296384241665, 0.000347622786649, -0.00138875260018, 0.00200999015942], [0.000123162215459, -0.000234583232668, -0.00140874576755, 0.00436890637502, -0.00167156127281, -0.000385403138353, 0.0015443660086, -4.08344203606e-05, -0.00191419466864, 0.00105249823537, 0.000245780422119, 0.000611852447037, -0.00102312199306], [0.00039273314178, -0.000613360956777, -0.000263039488345, -0.00167156127281, 0.00720552960411, -0.000876099220477, -0.00174432317726, 0.000967608299106, -0.00143210997339, -0.00171875476371, 0.00338322203606, -0.00082557706628, 0.0016702307621], [0.000136472750455, 0.00106326350942, -4.75505294162e-05, -0.000385403138353, -0.000876099220477, 0.0100628212094, -0.0044028237462, -0.00265959487297, 0.0047932555899, -0.00269099138677, -0.00182504183613, 0.00479064136744, -0.00285826274194], [-0.000880949548446, -0.00147793674842, 0.000366713560652, 0.0015443660086, -0.00174432317726, -0.0044028237462, 0.00921478029341, -0.00145537417848, -0.000423618825153, 0.00241517904215, -0.00244925310835, -0.00200113165192, 0.00165203702636], [-0.000441748590674, 0.000380396813853, -0.000415191811044, -4.08344203606e-05, 0.000967608299106, -0.00265959487297, -0.00145537417848, 0.0147041678429, -0.00546827726066, -0.00350216636434, 0.00460040615872, -0.00266740191728, -2.62199591816e-05], [0.000279996253084, -0.000775196473114, 0.00123245222494, -0.00191419466864, -0.00143210997339, 0.0047932555899, -0.000423618825153, -0.00546827726066, 0.0136904064566, -0.00164255662821, -0.00387009861879, 0.00122700969223, -0.00317881070077], [1.42982971738e-05, 0.00155019632075, -0.000296384241665, 0.00105249823537, -0.00171875476371, -0.00269099138677, 0.00241517904215, -0.00350216636434, -0.00164255662821, 0.0163145754486, -0.00183569639921, -0.00483668316156, 0.00422402285039], [0.000733798660804, -0.00120194547344, 0.000347622786649, 0.000245780422119, 0.00338322203606, -0.00182504183613, -0.00244925310835, 0.00460040615872, -0.00387009861879, -0.00183569639921, 0.0141925020143, -0.00308246980421, -0.000186831486644], [-0.000651409325656, 0.0024076665286, -0.00138875260018, 0.000611852447037, -0.00082557706628, 0.00479064136744, -0.00200113165192, -0.00266740191728, 0.00122700969223, -0.00483668316156, -0.00308246980421, 0.0185411162674, -0.00616973917931], [0.000902351283003, -0.00157023128122, 0.00200999015942, -0.00102312199306, 0.0016702307621, -0.00285826274194, 0.00165203702636, -2.62199591816e-05, -0.00317881070077, 0.00422402285039, -0.000186831486644, -0.00616973917931, 0.0207654498518]]
    },
    "melbands": {
        "max": [0.0247537568212, 0.030286476016, 0.0128078805283, 0.0122471274808, 0.0104764010757, 0.00898636132479, 0.0082790972665, 0.0039113140665, 0.00609290832654, 0.00636802893132, 0.0118725551292, 0.00463575171307, 0.00376489548944, 0.00387297011912, 0.00427634268999, 0.00571259343997, 0.00221390766092, 0.00176737632137, 0.00243298057467, 0.00136644020677, 0.00153062748723, 0.00107033655513, 0.000407949293731, 0.000238793800236, 0.000135698108352, 0.000182734453119, 0.000162342155818, 0.000109777778562, 8.36960462038e-05, 8.00246853032e-05, 5.41161098226e-05, 5.74754485569e-05, 6.21253202553e-05, 0.000121807548567, 4.96914290125e-05, 5.32366757398e-05, 6.73444446875e-05, 4.30655272794e-05, 5.00333517266e-05, 5.78122853767e-05],
        "mean": [0.00263977935538, 0.00224420358427, 0.000978260417469, 0.000726330035832, 0.000489577068947, 0.000367912958609, 0.000346174405422, 0.000126690516481, 0.000237157742959, 0.000243552887696, 0.000640569371171, 0.000353080889909, 0.000178373782546, 0.000166619443917, 0.000240916619077, 0.000109525950393, 0.000112455054477, 8.51092336234e-05, 6.71214802423e-05, 4.75573979202e-05, 4.03327831009e-05, 2.68685198535e-05, 1.66914524016e-05, 1.48929539137e-05, 1.1913133676e-05, 9.80695040198e-06, 1.02931226138e-05, 7.75279386289e-06, 6.87932424626e-06, 5.8143887145e-06, 5.83290875511e-06, 5.30512988917e-06, 4.67177642349e-06, 4.8846077334e-06, 4.41767906523e-06, 3.99879536417e-06, 3.36734979101e-06, 2.84722182187e-06, 2.60787646766e-06, 2.2855174393e-06],
        "min": [4.61509017669e-08, 4.78671413617e-09, 5.58283952401e-09, 3.42126078579e-08, 6.77931438986e-07, 5.65818481846e-06, 1.35175309879e-06, 3.42416342392e-07, 7.55785947604e-07, 2.98667464449e-06, 1.65579012901e-06, 1.53415601289e-06, 1.29825980366e-06, 1.34533684104e-06, 1.86027375548e-06, 5.13706254424e-07, 5.26456403804e-07, 3.58516643928e-07, 3.98338698915e-07, 2.87092433382e-07, 2.52132139167e-07, 1.45323923562e-07, 8.74145200669e-08, 6.10557151504e-08, 9.53978442908e-08, 5.24198284779e-08, 1.19968859735e-07, 2.77650435976e-08, 1.16211129608e-09, 5.47131340234e-10, 6.47012776689e-10, 2.33390151649e-09, 2.77378369162e-08, 2.26114789115e-08, 1.34937740981e-08, 4.52471393686e-09, 7.39277083994e-10, 8.82166908966e-11, 2.49524203383e-11, 9.47661762431e-13],
        "stdev": [0.00299756764434, 0.00314091099426, 0.00135411182418, 0.00103881291579, 0.000933863397222, 0.000659375393298, 0.00066294107819, 0.000273493002169, 0.000468640762847, 0.00045076556853, 0.00111794425175, 0.000539245724212, 0.000322364037856, 0.000294605677482, 0.000407405692386, 0.000306651956635, 0.000177671987331, 0.000176245637704, 0.000174618224264, 0.00010690199997, 0.000114892522106, 6.12227086094e-05, 2.76954560832e-05, 2.21331938519e-05, 1.38134682857e-05, 1.38763125506e-05, 1.27841594804e-05, 8.90217597771e-06, 7.80824939284e-06, 6.98981875757e-06, 6.87628289597e-06, 6.58944691168e-06, 6.01439660386e-06, 6.98067378835e-06, 5.5445216276e-06, 5.48149046153e-06, 5.58280407859e-06, 4.66871460958e-06, 4.83200619783e-06, 4.57038640889e-06]
    },
    "melbands128": {
        "max": [0.00564213050529, 0.024491449818, 0.0400273315609, 0.0386713258922, 0.0382222719491, 0.0310793425888, 0.0206766910851, 0.0106629077345, 0.0159524157643, 0.0168887116015, 0.0171923283488, 0.0199577994645, 0.0175001360476, 0.0241414699703, 0.0112281683832, 0.0123204551637, 0.0150197781622, 0.0131037328392, 0.00926133710891, 0.0060067391023, 0.00203715101816, 0.00283954036422, 0.0102290241048, 0.0124281663448, 0.00853011570871, 0.0120262084529, 0.012902113609, 0.0227248445153, 0.0144766336307, 0.0084994873032, 0.00862607546151, 0.00924027804285, 0.00722518237308, 0.00677685812116, 0.00589012401178, 0.00420354166999, 0.00527112325653, 0.00942852254957, 0.00610030582175, 0.0055321874097, 0.0114311855286, 0.00425351411104, 0.00357706309296, 0.00356267648749, 0.00534882675856, 0.00236006150953, 0.00189164711628, 0.00470518693328, 0.00326304882765, 0.00100918335374, 0.00225633941591, 0.00345198996365, 0.00265428936109, 0.00278137228452, 0.00376406754367, 0.00119958654977, 0.000366328313248, 0.000369692919776, 0.000805771152955, 0.000778573914431, 0.000489581492729, 0.000383131031413, 0.00030675434391, 0.000243052869337, 0.000229436467635, 0.000268471310847, 0.000278162566246, 0.000236940497416, 0.000163552467711, 0.000200080656214, 0.000153768327436, 0.000141294673085, 9.56003350439e-05, 0.00010350257071, 0.00010767600179, 9.35614443733e-05, 0.00012257778144, 8.00243651611e-05, 0.000100675271824, 6.68527718517e-05, 0.000102967132989, 7.825884677e-05, 7.38323506084e-05, 6.78051947034e-05, 7.8438402852e-05, 0.000170765648363, 0.000184409640497, 0.000107104322524, 6.81714518578e-05, 6.46204134682e-05, 7.05552738509e-05, 8.93308679224e-05, 7.99895424279e-05, 9.5278614026e-05, 6.79953300278e-05, 7.55068322178e-05, 4.53705906693e-05, 6.9770423579e-05, 7.17681105016e-05, 5.33980819455e-05, 6.90790693625e-05, 0.000105321829324, 6.20278806309e-05, 7.48250167817e-05, 5.56359664188e-05, 5.29793505848e-05, 3.49142828782e-05, 2.55772138189e-05, 2.61226996372e-05, 2.74824833468e-05, 2.29736069741e-05, 2.97117385344e-05, 2.74962276308e-05, 3.67386201106e-05, 3.17365593219e-05, 3.72460781364e-05, 3.7034478737e-05, 9.96009839582e-06, 1.05581830212e-06, 1.31883894028e-06, 9.67039682109e-07, 1.57810234214e-06, 1.81967197932e-06, 3.952187555e-08, 1.57911745902e-08, 1.54709436373e-08, 1.52129491227e-08, 1.5067099568e-08],
        "mean": [0.00039149125223, 0.00228592590429, 0.00369015987962, 0.0031641353853, 0.00224419683218, 0.0015624325024, 0.00101238279603, 0.000734830857255, 0.00102082965896, 0.00080827268539, 0.000503373856191, 0.000405909086112, 0.000542593654245, 0.000557892257348, 0.000223647293751, 0.000338785001077, 0.000473984720884, 0.000308602117002, 0.000274777819868, 0.000129395033582, 6.93900146871e-05, 5.32284939254e-05, 0.000283986068098, 0.00042332339217, 0.000172935498995, 0.000166077268659, 0.000379540433642, 0.000900279032066, 0.000697287730873, 0.000259306340013, 0.00031850868254, 0.000334139214829, 0.000114496491733, 0.000137324954267, 0.000101459481812, 0.000168891448993, 0.000268995092483, 0.000347980123479, 0.000128023602883, 0.00010939558706, 0.000127916515339, 7.29319071979e-05, 9.78494354058e-05, 0.000141894575791, 0.000135808542836, 6.35093965684e-05, 3.53917639586e-05, 8.65795809659e-05, 7.59839895181e-05, 3.6577701394e-05, 5.45562761545e-05, 4.36720329162e-05, 3.50110385625e-05, 4.52465137641e-05, 3.75085364794e-05, 2.57614719885e-05, 1.75627137651e-05, 1.19328251458e-05, 1.90208302229e-05, 2.08382080018e-05, 1.40531765283e-05, 1.02669055195e-05, 1.42539320223e-05, 1.19492869999e-05, 9.21070386539e-06, 1.03218653749e-05, 8.93153810466e-06, 1.14828426376e-05, 1.12835823529e-05, 7.45510214983e-06, 7.2222169365e-06, 8.31046236272e-06, 8.08226832305e-06, 6.43343901174e-06, 5.72438830204e-06, 5.20849880559e-06, 6.3141769715e-06, 6.63666151013e-06, 5.64431456951e-06, 5.14484190717e-06, 5.53080099053e-06, 5.27843712916e-06, 4.80613880427e-06, 4.33564991908e-06, 5.00705073136e-06, 4.72140072816e-06, 5.08344419359e-06, 4.72226156489e-06, 4.31237504017e-06, 4.15794784203e-06, 4.43666431238e-06, 3.8502435018e-06, 3.44631075677e-06, 3.59234445568e-06, 3.14094927489e-06, 2.89863851322e-06, 2.81910024569e-06, 2.71242811323e-06, 2.58875184045e-06, 2.59296734839e-06, 2.4916826078e-06, 2.24517089009e-06, 2.02220235224e-06, 1.96832957045e-06, 2.06801632885e-06, 1.92100765162e-06, 1.72129955445e-06, 1.39740109262e-06, 1.07547350581e-06, 9.29021894081e-07, 9.0497144356e-07, 8.63310219756e-07, 7.86281361798e-07, 6.97579821463e-07, 6.28929171853e-07, 5.4757072121e-07, 3.91992188042e-07, 8.18048988549e-08, 1.18131504578e-08, 9.33157195959e-09, 8.28022361787e-09, 1.11506031075e-08, 7.24259319185e-09, 2.68532335257e-10, 1.81974470215e-11, 1.75211442577e-11, 1.70969505914e-11, 1.69367176533e-11],
        "min": [1.83919333097e-08, 2.8827820131e-08, 5.50502488039e-09, 5.93975402197e-09, 4.50052484169e-09, 4.88784301922e-09, 3.39957439977e-09, 3.25001336954e-09, 6.50960441106e-09, 1.78139885065e-08, 5.05775723525e-08, 8.1207346625e-08, 6.75601370403e-08, 5.10277800458e-07, 7.50815502215e-07, 4.27055397267e-07, 4.35536151144e-07, 3.79409328843e-07, 1.84397279668e-07, 2.66917027147e-07, 1.20715512253e-07, 2.53642241432e-07, 2.42918019921e-07, 6.19951549652e-07, 6.66619484946e-07, 5.04348861341e-07, 2.34176411595e-07, 4.41021256847e-07, 7.94887228039e-07, 4.43211519041e-07, 8.83281472852e-07, 2.84457712496e-07, 1.69504630776e-07, 1.16857400201e-07, 3.9160624965e-07, 3.53631691041e-07, 1.8003154878e-07, 3.92814285988e-07, 5.14382350048e-07, 2.41981155114e-07, 1.44452187101e-07, 2.30641802546e-07, 1.82898659773e-07, 2.19513083266e-07, 2.3728230758e-07, 2.86000357619e-07, 2.59843460526e-07, 1.43222180782e-07, 1.16542167916e-07, 1.05292556896e-07, 8.81964012933e-08, 9.59283852353e-08, 4.98698078388e-08, 5.07808657346e-08, 5.07575421693e-08, 1.19363363638e-07, 7.93046552872e-08, 3.0752993041e-08, 2.17652669221e-08, 2.46146463212e-08, 3.01522504742e-08, 1.24549430325e-07, 5.53854491159e-08, 7.70596741972e-08, 4.0875715257e-08, 6.03429484158e-08, 2.36604744686e-08, 8.373847038e-08, 4.07543900849e-08, 1.7759914428e-08, 9.37932842504e-10, 1.82277215544e-09, 5.01431118849e-10, 5.23958931797e-10, 8.07186206764e-10, 4.2514422538e-10, 4.43504150072e-10, 8.01149424579e-10, 3.72413738736e-10, 5.3885534923e-10, 1.87390059025e-09, 1.66475344621e-09, 2.32470176442e-09, 5.07953401563e-10, 3.39510641822e-08, 6.49490550231e-09, 9.11114206303e-09, 1.29436887875e-08, 9.44125333469e-10, 9.80049263966e-10, 3.81407438965e-09, 2.44623238332e-10, 4.19177831334e-10, 5.12750397696e-10, 1.81346340722e-10, 3.70456894327e-11, 3.07892114582e-11, 2.99489218147e-11, 1.99172102422e-12, 1.73423070609e-12, 8.015763075e-13, 8.00043462468e-13, 9.06616307635e-13, 7.96104501766e-13, 5.66433293499e-13, 5.26521588915e-13, 4.43746493543e-13, 5.91606841641e-13, 5.44175327629e-13, 4.60341888307e-13, 5.33234264036e-13, 6.71463915285e-13, 5.03938362394e-13, 4.85821398302e-13, 4.73053833518e-13, 4.99025137619e-13, 4.15743801148e-13, 3.64821887977e-13, 4.35883832283e-13, 4.63548524652e-13, 4.84201274995e-13, 4.30352747795e-13, 4.36456372346e-13, 4.9636098183e-13, 3.12618827309e-13, 1.19216458537e-13, 1.59276600562e-14, 7.36572545273e-16],
        "stdev": [0.00057384284446, 0.00280437828042, 0.00468731066212, 0.00443096132949, 0.00390469189733, 0.00306288874708, 0.00199653604068, 0.00104837841354, 0.00168999703601, 0.00146317656618, 0.000958741875365, 0.000903655949514, 0.00134190067183, 0.00150956469588, 0.000615322729573, 0.00081708637299, 0.00106964400038, 0.000771846622229, 0.000797473767307, 0.000363881117664, 0.00013290521747, 0.000136512229801, 0.00065054820152, 0.00093012128491, 0.000464567390736, 0.00062630046159, 0.0010224764701, 0.00186263024807, 0.00151059543714, 0.000641903490759, 0.000698269053828, 0.000794821477029, 0.000330719922204, 0.000324160559103, 0.000323168962495, 0.000430268206401, 0.000554741709493, 0.000753995904233, 0.000339079822879, 0.000404087710194, 0.000492555089295, 0.00024836458033, 0.000227593031013, 0.000276971928542, 0.00040558053297, 0.000191191240447, 9.15842101676e-05, 0.000291495613055, 0.000251028162893, 7.91363927419e-05, 0.000174164859345, 0.000180294024176, 0.000141057680594, 0.000175166671397, 0.000168402577401, 6.15061217104e-05, 2.83703029709e-05, 2.34716644627e-05, 4.71872990602e-05, 4.88919613417e-05, 2.90180214506e-05, 1.81491923286e-05, 2.05270371225e-05, 1.83652191481e-05, 1.3351051166e-05, 1.71163337654e-05, 1.74818451342e-05, 1.69955910678e-05, 1.58922175615e-05, 1.06216020868e-05, 1.00771776488e-05, 1.17092522487e-05, 1.06656170829e-05, 8.57916256791e-06, 8.02901195129e-06, 7.39074494049e-06, 9.75415787252e-06, 8.63725017552e-06, 7.9843612184e-06, 7.27338920115e-06, 7.61119827075e-06, 7.39397137295e-06, 7.22986897017e-06, 6.09633207205e-06, 7.07693652657e-06, 7.89244313637e-06, 8.95824723557e-06, 6.69937844577e-06, 5.95764640821e-06, 5.90025774727e-06, 6.30093381915e-06, 6.20860191702e-06, 5.83181008551e-06, 6.67752601657e-06, 5.78326898903e-06, 5.23629250893e-06, 4.85781356474e-06, 4.89713511342e-06, 5.45711782252e-06, 5.17759235663e-06, 5.21076481164e-06, 5.26662370248e-06, 4.11447899751e-06, 4.1911957851e-06, 4.54878227174e-06, 4.49576964456e-06, 3.78141839974e-06, 2.95879226542e-06, 2.18412628783e-06, 1.92649349628e-06, 2.06702770811e-06, 2.02235287361e-06, 1.99937539946e-06, 2.01472516892e-06, 1.94629365069e-06, 1.80276515493e-06, 1.97794884116e-06, 4.89628575906e-07, 5.3929042565e-08, 4.95408016832e-08, 4.081458016e-08, 6.77059475152e-08, 5.5320267478e-08, 2.15974593765e-09, 3.83283627059e-10, 3.76152498038e-10, 3.70478703271e-10, 3.67181396399e-10]
    },
    "mfcc": {
        "mean": [-598.679077148, 110.267906189, 3.04932332039, 10.0683069229, 5.18551111221, 15.2329940796, 6.23446846008, 9.53321647644, 1.92426729202, 4.37418699265, -1.28456044197, -1.51968050003, -1.5932469368],
        "cov": [[2144.39819336, -778.097290039, 255.012466431, -221.891204834, -195.731140137, -20.5426464081, 217.638504028, 40.0972480774, 90.3546524048, 0.211506471038, 35.1916618347, 32.0910148621, 67.5472640991], [-778.097290039, 870.043823242, -174.493286133, 107.051765442, 3.69968938828, 23.8271102905, -51.9677047729, 50.7443580627, -54.299041748, 37.9512290955, -20.0793647766, -66.5323944092, -59.4239044189], [255.012466431, -174.493286133, 440.030944824, 83.4119033813, 63.7268447876, 12.6088991165, 41.6099243164, -3.14144873619, 12.0625276566, -23.9657077789, 12.4995832443, 31.7797985077, 6.71211433411], [-221.891204834, 107.051765442, 83.4119033813, 385.815155029, 179.931030273, 17.3424530029, -115.728431702, 4.61526012421, 50.5547790527, -13.4798870087, -34.0986099243, 58.8301544189, 10.1757955551], [-195.731140137, 3.69968938828, 63.7268447876, 179.931030273, 230.532608032, 15.3457193375, -67.3957366943, -23.5074234009, 42.9492530823, -4.83374595642, -7.74668693542, 25.4510192871, 9.88573455811], [-20.5426464081, 23.8271102905, 12.6088991165, 17.3424530029, 15.3457193375, 126.445045471, 80.4133224487, 20.4757976532, 5.33235311508, 17.8775215149, 8.0873298645, -7.22583532333, -20.8371524811], [217.638504028, -51.9677047729, 41.6099243164, -115.728431702, -67.3957366943, 80.4133224487, 219.244598389, 43.2050247192, -0.856064796448, 19.4867744446, 41.7538108826, -27.8453292847, -16.9947814941], [40.0972480774, 50.7443580627, -3.14144873619, 4.61526012421, -23.5074234009, 20.4757976532, 43.2050247192, 93.4187088013, 23.1949577332, 18.4434890747, 1.65589594841, 2.04832553864, -2.45918416977], [90.3546524048, -54.299041748, 12.0625276566, 50.5547790527, 42.9492530823, 5.33235311508, -0.856064796448, 23.1949577332, 110.575942993, 25.8080463409, -3.89243507385, 19.5816802979, 15.8455352783], [0.211506471038, 37.9512290955, -23.9657077789, -13.4798870087, -4.83374595642, 17.8775215149, 19.4867744446, 18.4434890747, 25.8080463409, 69.7356262207, 22.0856456757, -8.44097614288, -2.96585893631], [35.1916618347, -20.0793647766, 12.4995832443, -34.0986099243, -7.74668693542, 8.0873298645, 41.7538108826, 1.65589594841, -3.89243507385, 22.0856456757, 65.801399231, 11.2261219025, 5.68826055527], [32.0910148621, -66.5323944092, 31.7797985077, 58.8301544189, 25.4510192871, -7.22583532333, -27.8453292847, 2.04832553864, 19.5816802979, -8.44097614288, 11.2261219025, 95.8949203491, 42.9640922546], [67.5472640991, -59.4239044189, 6.71211433411, 10.1757955551, 9.88573455811, -20.8371524811, -16.9947814941, -2.45918416977, 15.8455352783, -2.96585893631, 5.68826055527, 42.9640922546, 76.9177017212]],
        "icov": [[0.000923146551941, 0.000709923275281, -0.000314668752253, -0.000130109110614, 0.000826413568575, 0.000374474533601, -0.000615393568296, -0.000226026808377, -0.000550163211301, -0.000167277510627, 0.000176954519702, 0.000268597505055, -0.000421745557105], [0.000709923275281, 0.00227314163931, 0.0003876973351, -0.00103432522155, 0.000737769412808, 0.000197394692805, -0.000103063255665, -0.00132434430998, 0.000967024883721, -0.00114555086475, 7.43649361539e-05, 0.00128256005701, 0.000163969918503], [-0.000314668752253, 0.0003876973351, 0.00304953195155, -0.00097900792025, -0.000811084057204, 0.000482202129206, -0.00110138370655, 1.49187289935e-05, 0.000668502412736, 0.000632368493825, -0.000411280576373, -0.000390831934055, 0.000566652684938], [-0.000130109110614, -0.00103432522155, -0.00097900792025, 0.0061285411939, -0.00328551209532, -0.00179445534013, 0.00253235013224, -0.00113966490608, -0.00127479445655, 0.000970008899458, 0.00137657439336, -0.00278918724507, 0.000805237970781], [0.000826413568575, 0.000737769412808, -0.000811084057204, -0.00328551209532, 0.00874231755733, -0.00142559665255, 0.00100326596294, 0.00196953699924, -0.00280373566784, 0.000619004829787, -0.00181141297799, 0.00165805593133, -0.0010662098648], [0.000374474533601, 0.000197394692805, 0.000482202129206, -0.00179445534013, -0.00142559665255, 0.0132616907358, -0.00692641641945, 0.000193614789168, 0.00115650112275, -0.0032680737786, 0.00265827053227, -0.0017153644003, 0.00266792811453], [-0.000615393568296, -0.000103063255665, -0.00110138370655, 0.00253235013224, 0.00100326596294, -0.00692641641945, 0.0114322537556, -0.00351494411007, -0.00097925728187, 0.00220834859647, -0.00561908865348, 0.00267761549912, -0.000163088043337], [-0.000226026808377, -0.00132434430998, 1.49187289935e-05, -0.00113966490608, 0.00196953699924, 0.000193614789168, -0.00351494411007, 0.014829066582, -0.00299615110271, -0.00209959666245, 0.00202100700699, -0.00193327374291, 0.000288311421173], [-0.000550163211301, 0.000967024883721, 0.000668502412736, -0.00127479445655, -0.00280373566784, 0.00115650112275, -0.00097925728187, -0.00299615110271, 0.0141428429633, -0.00647294288501, 0.0033559075091, -0.0014115688391, -0.000920789665543], [-0.000167277510627, -0.00114555086475, 0.000632368493825, 0.000970008899458, 0.000619004829787, -0.0032680737786, 0.00220834859647, -0.00209959666245, -0.00647294288501, 0.021791215986, -0.00895955692977, 0.00321015832014, -0.00042251648847], [0.000176954519702, 7.43649361539e-05, -0.000411280576373, 0.00137657439336, -0.00181141297799, 0.00265827053227, -0.00561908865348, 0.00202100700699, 0.0033559075091, -0.00895955692977, 0.0231007002294, -0.00593292154372, 0.000100662269688], [0.000268597505055, 0.00128256005701, -0.000390831934055, -0.00278918724507, 0.00165805593133, -0.0017153644003, 0.00267761549912, -0.00193327374291, -0.0014115688391, 0.00321015832014, -0.00593292154372, 0.0183378849179, -0.00837961304933], [-0.000421745557105, 0.000163969918503, 0.000566652684938, 0.000805237970781, -0.0010662098648, 0.00266792811453, -0.000163088043337, 0.000288311421173, -0.000920789665543, -0.00042251648847, 0.000100662269688, -0.00837961304933, 0.0190215110779]]
    },
    "spectral_contrast_coeffs": {
        "max": [-0.373723685741, -0.487551242113, -0.45027923584, -0.520484805107, -0.587339043617, -0.537834703922],
        "mean": [-0.734015703201, -0.756663203239, -0.731935918331, -0.775999009609, -0.797631382942, -0.763180911541],
        "min": [-0.925781846046, -0.921134471893, -0.92049652338, -0.898329377174, -0.882006466389, -0.87281870842],
        "stdev": [0.0708309337497, 0.0717795565724, 0.0883924141526, 0.0613535866141, 0.0362875759602, 0.0369355715811]
    },
    "spectral_contrast_valleys": {
        "max": [-4.51620340347, -4.83125686646, -5.1044678688, -5.14395618439, -5.60619354248, -7.52594184875],
        "mean": [-6.31206178665, -6.59694766998, -6.85040473938, -7.11616611481, -7.23464679718, -9.61178588867],
        "min": [-11.4581766129, -8.40809726715, -8.43686294556, -9.07858943939, -10.2730093002, -14.2881240845],
        "stdev": [0.645304441452, 0.490668714046, 0.520979404449, 0.452456921339, 0.582029759884, 0.983714699745]
    }
},
"rhythm": {
    "beats_count": 97,
    "beats_loudness": {
        "max": 0.135018274188,
        "mean": 0.0556766949594,
        "min": 0.00909332279116,
        "stdev": 0.0267675984651
    },
    "bpm": 119.957359314,
    "bpm_histogram_first_peak_bpm": 120,
    "bpm_histogram_first_peak_weight": 0.193548381329,
    "bpm_histogram_second_peak_bpm": 112,
    "bpm_histogram_second_peak_spread": 0.5,
    "bpm_histogram_second_peak_weight": 0.0104166669771,
    "danceability": 1.1972464323,
    "onset_rate": 4.3681640625,
    "beats_loudness_band_ratio": {
        "max": [0.946395754814, 0.555847644806, 0.711016952991, 0.778875470161, 0.598027169704, 0.325429141521],
        "mean": [0.560246706009, 0.0722153112292, 0.131563410163, 0.17251162231, 0.0665246397257, 0.0472624823451],
        "min": [0.000411535933381, 0.00505977030843, 0.00584562821314, 0.00482263043523, 0.00353602832183, 0.00163234595675],
        "stdev": [0.247397318482, 0.0940933227539, 0.131362512708, 0.179585576057, 0.0920279622078, 0.0595574565232]
    },
