{
"metadata": {
    "version": {
        "essentia": "2.1-beta5",
        "essentia_git_sha": "Undefined",
        "extractor": "music 2.0"
    },
    "audio_properties": {
        "analysis": {
            "equal_loudness": 0,
            "length": 32.4963264465,
            "sample_rate": 44100,
            "start_time": 93.9943771362,
            "downmix": "mix"
        },
        "bit_rate": 192000,
        "length": 189.370361328,
        "lossless": 0,
        "number_channels": 2,
        "replay_gain": 1.99870872498,
        "sample_rate": 48000,
        "codec": "mp3",
        "md5_encoded": "3194928a67b617b11924b999137dc807"
    },
    "tags": {
        "file_name": "Belgium_A Matter of Time_Sennek.mp3",
        "encoding": ["Lavf58.29.100"]
    }
},
"lowlevel": {
    "average_loudness": 0.873970150948,
    "barkbands_crest": {
        "max": 26.3763999939,
        "mean": 13.6486930847,
        "min": 4.6276512146,
        "stdev": 4.84457159042
    },
    "barkbands_flatness_db": {
        "max": 0.508706629276,
        "mean": 0.227443769574,
        "min": 0.0589189045131,
        "stdev": 0.0780715122819
    },
    "barkbands_kurtosis": {
        "max": 420.067504883,
        "mean": 22.9210109711,
        "min": -1.94210314751,
        "stdev": 37.5743942261
    },
    "barkbands_skewness": {
        "max": 16.4672145844,
        "mean": 3.11554479599,
        "min": -3.38027715683,
        "stdev": 2.38195323944
    },
    "barkbands_spread": {
        "max": 82.9316635132,
        "mean": 13.3503770828,
        "min": 0.2607858181,
        "stdev": 15.4685821533
    },
    "dissonance": {
        "max": 0.498714923859,
        "mean": 0.42779314518,
        "min": 0.198795706034,
        "stdev": 0.0529290661216
    },
    "dynamic_complexity": 3.02501726151,
    "erbbands_crest": {
        "max": 31.6189842224,
        "mean": 13.6098613739,
        "min": 2.92968440056,
        "stdev": 6.75915241241
    },
    "erbbands_flatness_db": {
        "max": 0.473620146513,
        "mean": 0.205015063286,
        "min": 0.0629840791225,
        "stdev": 0.0743653923273
    },
    "erbbands_kurtosis": {
        "max": 116.445236206,
        "mean": 6.38045501709,
        "min": -1.92089748383,
        "stdev": 13.2216959
    },
    "erbbands_skewness": {
        "max": 8.80786991119,
        "mean": 1.40899848938,
        "min": -5.23677253723,
        "stdev": 1.78306746483
    },
    "erbbands_spread": {
        "max": 147.239364624,
        "mean": 39.706237793,
        "min": 1.16914308071,
        "stdev": 31.0339221954
    },
    "hfc": {
        "max": 117.531990051,
        "mean": 14.9226350784,
        "min": 0.197185009718,
        "stdev": 13.2786359787
    },
    "loudness_ebu128": {
        "integrated": -25.3062648773,
        "loudness_range": 4.96765136719,
        "momentary": {
            "max": -21.5399055481,
            "mean": -26.1296577454,
            "min": -37.5505218506,
            "stdev": 2.8980846405
        },
        "short_term": {
            "max": -22.7121315002,
            "mean": -25.9645195007,
            "min": -28.8953609467,
            "stdev": 1.74975585938
        }
    },
    "melbands_crest": {
        "max": 31.5006504059,
        "mean": 17.9134597778,
        "min": 5.38584136963,
        "stdev": 5.28264427185
    },
    "melbands_flatness_db": {
        "max": 0.630161345005,
        "mean": 0.291753739119,
        "min": 0.0962649434805,
        "stdev": 0.0891152396798
    },
    "melbands_kurtosis": {
        "max": 463.751220703,
        "mean": 45.0017433167,
        "min": -1.8920981884,
        "stdev": 56.5685577393
    },
    "melbands_skewness": {
        "max": 15.5816469193,
        "mean": 4.26059436798,
        "min": -0.866432964802,
        "stdev": 2.7563829422
    },
    "melbands_spread": {
        "max": 195.022567749,
        "mean": 13.0376653671,
        "min": 0.430519253016,
        "stdev": 23.7515411377
    },
    "pitch_salience": {
        "max": 0.824255108833,
        "mean": 0.475371629,
        "min": 0.0952327623963,
        "stdev": 0.141101390123
    },
    "silence_rate_20dB": {
        "max": 1,
        "mean": 1,
        "min": 1,
        "stdev": 0
    },
    "silence_rate_30dB": {
        "max": 1,
        "mean": 0.97787296772,
        "min": 0,
        "stdev": 0.147096455097
    },
    "silence_rate_60dB": {
        "max": 1,
        "mean": 0.0713775902987,
        "min": 0,
        "stdev": 0.257456690073
    },
    "spectral_centroid": {
        "max": 4859.75244141,
        "mean": 768.580322266,
        "min": 165.558959961,
        "stdev": 685.218261719
    },
    "spectral_complexity": {
        "max": 45,
        "mean": 10.7109203339,
        "min": 1,
        "stdev": 7.17971849442
    },
    "spectral_decrease": {
        "max": -9.80109743365e-11,
        "mean": -9.44696409988e-09,
        "min": -5.97744573838e-08,
        "stdev": 7.8786008828e-09
    },
    "spectral_energy": {
        "max": 0.232532277703,
        "mean": 0.0370085649192,
        "min": 0.000407132232795,
        "stdev": 0.0304327551275
    },
    "spectral_energyband_high": {
        "max": 0.0134430630133,
        "mean": 0.000657412107103,
        "min": 1.28964039448e-08,
        "stdev": 0.00135932303965
    },
    "spectral_energyband_low": {
        "max": 0.169456541538,
        "mean": 0.0163945313543,
        "min": 8.75581008586e-06,
        "stdev": 0.0233894493431
    },
    "spectral_energyband_middle_high": {
        "max": 0.0263040326536,
        "mean": 0.00229771598242,
        "min": 5.34911760042e-06,
        "stdev": 0.0035448516719
    },
    "spectral_energyband_middle_low": {
        "max": 0.131807461381,
        "mean": 0.0199745744467,
        "min": 0.000324317865307,
        "stdev": 0.017571657896
    },
    "spectral_entropy": {
        "max": 8.56000900269,
        "mean": 7.01859235764,
        "min": 4.26468372345,
        "stdev": 0.797387599945
    },
    "spectral_flux": {
        "max": 0.369810849428,
        "mean": 0.0877067893744,
        "min": 0.0112792793661,
        "stdev": 0.0581839196384
    },
    "spectral_kurtosis": {
        "max": 167.746002197,
        "mean": 6.092877388,
        "min": -0.919770240784,
        "stdev": 10.5646839142
    },
    "spectral_rms": {
        "max": 0.015061898157,
        "mean": 0.00544316275045,
        "min": 0.000630239781458,
        "stdev": 0.00254517584108
    },
    "spectral_rolloff": {
        "max": 9819.140625,
        "mean": 897.495422363,
        "min": 86.1328125,
        "stdev": 1531.90258789
    },
    "spectral_skewness": {
        "max": 10.2057828903,
        "mean": 1.74327993393,
        "min": -0.376434743404,
        "stdev": 0.99831366539
    },
    "spectral_spread": {
        "max": 11997226,
        "mean": 4801270.5,
        "min": 769820,
        "stdev": 1971867.625
    },
    "spectral_strongpeak": {
        "max": 6.53539562225,
        "mean": 0.998461008072,
        "min": 0.0215846691281,
        "stdev": 0.936031579971
    },
    "zerocrossingrate": {
        "max": 0.25732421875,
        "mean": 0.0415464267135,
        "min": 0.00439453125,
        "stdev": 0.0414217710495
    },
    "barkbands": {
        "max": [0.00497267767787, 0.113021552563, 0.102116242051, 0.0534309670329, 0.090257614851, 0.0641237199306, 0.0152297765017, 0.0138830877841, 0.0291721336544, 0.047832954675, 0.0107323667035, 0.0087593914941, 0.00227546691895, 0.00745249446481, 0.00455631641671, 0.00247732107528, 0.00116807140876, 0.00335439038463, 0.00158971175551, 0.00215126993135, 0.00400754436851, 0.00402319617569, 0.00504416879267, 0.00242486828938, 0.00131274922751, 0.00113222480286, 0.000117987889098],
        "mean": [0.000197856934392, 0.00852788984776, 0.0059068496339, 0.00350376777351, 0.00653246976435, 0.00687291845679, 0.000491402985062, 0.000710318272468, 0.000724914250895, 0.00142428756226, 0.000310249684844, 0.000335969874868, 8.38855048642e-05, 0.000174728891579, 0.000165117133292, 0.000101957870356, 6.89842781867e-05, 8.38856212795e-05, 8.97308564163e-05, 9.10017770366e-05, 0.000120573960885, 0.000171562496689, 0.000154574256158, 8.1185149611e-05, 5.54144135094e-05, 2.60685956164e-05, 1.01505281691e-06],
        "min": [6.00842797738e-09, 8.12056441646e-07, 5.39441543879e-07, 3.54565099769e-06, 5.70828051423e-05, 2.38435350184e-05, 9.06305672288e-07, 2.06411664294e-06, 6.45749139494e-07, 2.681901492e-07, 1.195175372e-07, 2.4847105351e-07, 1.22970703842e-07, 2.75472814337e-07, 1.09310924756e-07, 1.22121434742e-07, 1.44808126379e-07, 3.74324358177e-08, 4.7221970334e-08, 3.13115116057e-08, 2.58591453806e-10, 2.20679274854e-09, 1.35836941695e-09, 2.70397981783e-10, 1.57054563799e-10, 1.96317101464e-10, 2.52723592054e-10],
        "stdev": [0.000447112484835, 0.0146009614691, 0.0105440830812, 0.00668582972139, 0.00987170543522, 0.0106024183333, 0.000920640886761, 0.00143889756873, 0.00178821268491, 0.0042416639626, 0.000862091779709, 0.000800968031399, 0.000177107052878, 0.00042600533925, 0.00036281454959, 0.000214872765355, 0.000130493150209, 0.00016767323541, 0.000161235235282, 0.000189014375792, 0.000298157334328, 0.000409285130445, 0.000376031821361, 0.00019336839614, 0.000133469642606, 8.64060421009e-05, 5.79062952966e-06]
    },
    "erbbands": {
        "max": [2.01088070869, 28.7277050018, 114.953956604, 115.981033325, 295.95703125, 444.41696167, 565.996398926, 451.505432129, 168.433029175, 161.518600464, 419.426757812, 621.961242676, 1860.46789551, 475.868835449, 470.898101807, 458.113952637, 126.476646423, 327.764984131, 270.574371338, 147.31036377, 127.408378601, 83.735206604, 194.429016113, 99.4891281128, 88.6659164429, 111.784790039, 131.601913452, 238.356933594, 144.921951294, 167.48500061, 123.455467224, 60.2629737854, 35.9969520569, 15.0226488113, 10.429561615, 5.37687063217, 1.92236685753, 0.465992182493, 0.0121321314946, 0.000399750308134],
        "mean": [0.163833752275, 2.18451809883, 6.96130561829, 9.59509277344, 15.3185796738, 18.7686691284, 64.9713134766, 37.3514137268, 12.2666931152, 7.42763948441, 19.5138721466, 16.6387481689, 54.1739006042, 15.3210763931, 13.0554876328, 14.8979940414, 4.94899368286, 9.28896999359, 7.7784485817, 7.52258634567, 5.52620983124, 3.91599726677, 4.16434812546, 4.72194194794, 4.81600141525, 4.22445583344, 4.43417024612, 5.32596158981, 6.0712351799, 5.61392498016, 4.14730596542, 2.12211298943, 1.17408704758, 0.732647955418, 0.323145180941, 0.135184884071, 0.044478520751, 0.00639967201278, 0.000187393408851, 4.82655086671e-05],
        "min": [3.61385318683e-05, 0.000346965971403, 0.00164431205485, 0.00818344112486, 0.037583488971, 0.227355703712, 0.189034819603, 0.227833151817, 0.0323648229241, 0.0337765477598, 0.0546106621623, 0.0273728296161, 0.0227601341903, 0.0115252090618, 0.0106852110475, 0.0125168906525, 0.00833557453007, 0.0133039718494, 0.0132035855204, 0.00726457266137, 0.00856372900307, 0.00952979363501, 0.0033875675872, 0.00486702658236, 0.00451647676528, 0.00144790054765, 0.000230774676311, 8.37052357383e-05, 8.06761818239e-05, 8.8692868303e-05, 3.72699942091e-05, 2.4071907319e-05, 1.69046634255e-05, 1.02561816675e-05, 4.97492692375e-06, 2.39042606154e-06, 7.69432290326e-07, 2.45991373049e-07, 3.03820200998e-07, 5.8172787476e-07],
        "stdev": [0.285187393427, 3.89596152306, 12.081366539, 16.0161876678, 29.1358299255, 35.7842140198, 101.633560181, 55.5407905579, 18.7952823639, 15.770450592, 40.8190574646, 37.722782135, 166.233444214, 34.9870910645, 38.4085464478, 35.6564254761, 9.28718280792, 21.1889476776, 19.4676971436, 14.4383068085, 11.1673698425, 7.82947778702, 8.54955768585, 8.54590606689, 8.61312675476, 8.77480888367, 10.3898677826, 13.7114219666, 15.044049263, 13.3017864227, 10.1947870255, 5.06939697266, 2.8083319664, 1.71566879749, 0.854631364346, 0.419393241405, 0.152642935514, 0.025921009481, 0.00073128513759, 4.44667093689e-05]
    },
    "gfcc": {
        "mean": [-54.3348884583, 120.455123901, -101.535652161, 45.9406967163, -77.0862503052, 4.93896484375, -38.1565513611, -14.8776865005, -19.1215190887, -14.0499811172, -11.2867450714, -4.73130512238, -2.30735898018],
        "cov": [[6388.50634766, -1742.69567871, 172.673370361, 116.076339722, 594.788635254, 960.848999023, 110.87840271, 1068.85791016, -295.687591553, 605.785766602, -379.693664551, 206.358566284, -344.62097168], [-1742.69567871, 3149.41845703, -764.680358887, -315.992156982, 608.696777344, -349.633758545, 788.578369141, -460.953735352, 809.132873535, -467.900177002, 566.18963623, -200.014663696, 338.509368896], [172.673370361, -764.680358887, 960.517150879, 207.675003052, -20.2366695404, 128.598114014, -231.034729004, 230.483322144, -168.404907227, 240.756225586, -151.245040894, 122.244018555, -104.665405273], [116.076339722, -315.992156982, 207.675003052, 635.029296875, -13.140247345, 115.595108032, 18.7131385803, 71.5552978516, 70.6687850952, 10.5511398315, 13.0184459686, -66.7676544189, 24.8167800903], [594.788635254, 608.696777344, -20.2366695404, -13.140247345, 659.811645508, 113.811302185, 279.215301514, 148.419647217, 162.484512329, 48.4050216675, 72.5172348022, 42.9179153442, -12.3974761963], [960.848999023, -349.633758545, 128.598114014, 115.595108032, 113.811302185, 444.802276611, 70.2178878784, 246.849197388, -25.1349277496, 127.839141846, -53.7522773743, 26.5544395447, -33.3112373352], [110.87840271, 788.578369141, -231.034729004, 18.7131385803, 279.215301514, 70.2178878784, 470.471954346, -8.78568458557, 262.602233887, -69.2725143433, 124.444824219, -38.941078186, 60.65625], [1068.85791016, -460.953735352, 230.483322144, 71.5552978516, 148.419647217, 246.849197388, -8.78568458557, 408.873168945, -60.9966812134, 192.898956299, -103.17124939, 55.9066200256, -84.6571731567], [-295.687591553, 809.132873535, -168.404907227, 70.6687850952, 162.484512329, -25.1349277496, 262.602233887, -60.9966812134, 371.226867676, -121.457458496, 176.197540283, -75.363899231, 92.3653869629], [605.785766602, -467.900177002, 240.756225586, 10.5511398315, 48.4050216675, 127.839141846, -69.2725143433, 192.898956299, -121.457458496, 226.995498657, -87.0563659668, 82.1144866943, -72.0450439453], [-379.693664551, 566.18963623, -151.245040894, 13.0184459686, 72.5172348022, -53.7522773743, 124.444824219, -103.17124939, 176.197540283, -87.0563659668, 211.005203247, -35.2002563477, 94.8906021118], [206.358566284, -200.014663696, 122.244018555, -66.7676544189, 42.9179153442, 26.5544395447, -38.941078186, 55.9066200256, -75.363899231, 82.1144866943, -35.2002563477, 134.222595215, -13.3849067688], [-344.62097168, 338.509368896, -104.665405273, 24.8167800903, -12.3974761963, -33.3112373352, 60.65625, -84.6571731567, 92.3653869629, -72.0450439453, 94.8906021118, -13.3849067688, 164.270874023]],
        "icov": [[0.000426454673288, 0.000350810209056, 0.000300633022562, 0.000130289161461, -0.000371293863282, -0.000292217824608, -0.00023336445156, -0.000525930372532, -0.000170417042682, -0.000191380560864, -6.90429851602e-06, 1.4431386262e-05, 8.85131012183e-05], [0.000350810209056, 0.00395277235657, -0.000461704912595, 0.0025515970774, -0.00258426042274, 0.00115992571227, -0.00254367012531, 0.000701873213984, -0.00280355964787, 0.00161396875046, -0.00273303780705, 0.00306616933085, -0.00263517280109], [0.000300633022562, -0.000461704912595, 0.00222947378643, -0.00108745577745, 0.000141014694236, -0.000438601069618, 0.00110859004781, -0.000660856661852, -0.000151754691615, -0.00170530215837, 0.0010097026825, -0.00176560832188, 0.000949011940975], [0.000130289161461, 0.0025515970774, -0.00108745577745, 0.00379643775523, -0.00151322432794, 0.000378613622161, -0.00168068474159, 0.000422749493737, -0.00212749186903, 0.00124336837325, -0.00188153272029, 0.00354488263838, -0.00233282917179], [-0.000371293863282, -0.00258426042274, 0.000141014694236, -0.00151322432794, 0.00428252620623, -0.000548695679754, 0.000355294003384, -0.00115743803326, 0.00135765224695, -0.00101176067255, 0.000977167743258, -0.00296646100469, 0.00233583524823], [-0.000292217824608, 0.00115992571227, -0.000438601069618, 0.000378613622161, -0.000548695679754, 0.00450761057436, -0.00172231497709, -0.00117604702245, -0.000286518275971, 0.000161343501532, -0.000975665112492, 0.00137133465614, -0.0015302010579], [-0.00023336445156, -0.00254367012531, 0.00110859004781, -0.00168068474159, 0.000355294003384, -0.00172231497709, 0.00648791762069, 0.000119084419566, -0.000959008350037, -0.00132662744727, 0.00213950569741, -0.00222421181388, 0.001595945796], [-0.000525930372532, 0.000701873213984, -0.000660856661852, 0.000422749493737, -0.00115743803326, -0.00117604702245, 0.000119084419566, 0.00700942473486, -0.00179007800762, -0.00264171743765, 0.000892764597666, 0.00119341164827, -0.000362633378245], [-0.000170417042682, -0.00280355964787, -0.000151754691615, -0.00212749186903, 0.00135765224695, -0.000286518275971, -0.000959008350037, -0.00179007800762, 0.00959174521267, 0.000956022122409, -0.00179772020783, -0.000300915795378, 0.00116040313151], [-0.000191380560864, 0.00161396875046, -0.00170530215837, 0.00124336837325, -0.00101176067255, 0.000161343501532, -0.00132662744727, -0.00264171743765, 0.000956022122409, 0.0122536262497, -0.00211338256486, -0.00163525645621, 7.19211129763e-06], [-6.90429851602e-06, -0.00273303780705, 0.0010097026825, -0.00188153272029, 0.000977167743258, -0.000975665112492, 0.00213950569741, 0.000892764597666, -0.00179772020783, -0.00211338256486, 0.0121973017231, -0.00241231638938, -0.00106736621819], [1.4431386262e-05, 0.00306616933085, -0.00176560832188, 0.00354488263838, -0.00296646100469, 0.00137133465614, -0.00222421181388, 0.00119341164827, -0.000300915795378, -0.00163525645621, -0.00241231638938, 0.0146617470309, -0.00441796286032], [8.85131012183e-05, -0.00263517280109, 0.000949011940975, -0.00233282917179, 0.00233583524823, -0.0015302010579, 0.001595945796, -0.000362633378245, 0.00116040313151, 7.19211129763e-06, -0.00106736621819, -0.00441796286032, 0.0113576082513]]
    },
    "melbands": {
        "max": [0.0264606885612, 0.0462717935443, 0.0244348794222, 0.022887205705, 0.0159212369472, 0.00911913439631, 0.00299925683066, 0.00204352894798, 0.00471179978922, 0.00346673582681, 0.00924860034138, 0.00177266122773, 0.00118569191545, 0.000983024481684, 0.000712487963028, 0.000212374943658, 0.000751020968892, 0.00040029513184, 0.000345606415067, 0.000171844294528, 0.000131101085572, 9.67280939221e-05, 0.000126281403936, 0.00016197829973, 7.19746676623e-05, 7.94700536062e-05, 6.64577455609e-05, 7.75721346145e-05, 9.13781914278e-05, 7.4348950875e-05, 0.000176399291377, 9.84691287158e-05, 8.08769473224e-05, 0.000115467853902, 9.52513364609e-05, 5.32367012056e-05, 3.87820218748e-05, 2.89713825623e-05, 1.55545676535e-05, 1.22947767522e-05],
        "mean": [0.0019176765345, 0.00341255543754, 0.00186102103908, 0.00112325465307, 0.00198035291396, 0.000943004037254, 0.000160718846018, 8.47102855914e-05, 0.000165077100974, 0.000106128689367, 0.000266901537543, 5.49586802663e-05, 4.02969562856e-05, 4.09302774642e-05, 2.37063759414e-05, 8.31651323097e-06, 1.87175355677e-05, 1.1659419215e-05, 1.18185753308e-05, 8.36827439343e-06, 5.90901754549e-06, 4.23113624493e-06, 3.24933057527e-06, 4.03306466978e-06, 3.69723738913e-06, 3.64040261047e-06, 3.10259815706e-06, 2.67375958174e-06, 2.67200175585e-06, 2.87775515062e-06, 3.17322701449e-06, 3.48641310666e-06, 3.25065457218e-06, 3.11217718263e-06, 2.60913702732e-06, 1.66130314483e-06, 1.157386464e-06, 8.23688765195e-07, 7.42165809697e-07, 5.70112547393e-07],
        "min": [2.45625983553e-07, 1.35199354645e-06, 3.01586169371e-06, 8.58795829117e-06, 3.64785410056e-06, 2.27356372307e-06, 2.51019542929e-07, 3.13931678875e-07, 4.53430004654e-07, 1.10313202129e-07, 7.80352564789e-08, 3.89007475121e-08, 1.37107036835e-08, 3.03705292026e-08, 2.3183178044e-08, 1.21379644114e-08, 2.65076476325e-08, 1.09833422357e-08, 7.57420703934e-09, 9.99953364555e-09, 8.09393885248e-09, 6.80075196158e-09, 6.70245148271e-09, 1.36119782113e-09, 2.93231972037e-09, 1.59416191359e-09, 1.17664844534e-09, 2.11559922358e-10, 4.98528735654e-12, 4.99405161322e-12, 3.11896619642e-11, 4.70829313037e-11, 3.63274722803e-11, 4.88207529958e-11, 1.92970917023e-11, 5.822778891e-12, 4.70814966874e-12, 2.23978171079e-12, 1.47129162152e-12, 1.70647296207e-12],
        "stdev": [0.00319226784632, 0.0055477777496, 0.00284449011087, 0.00188179768156, 0.00293398299254, 0.00138218072243, 0.000267267838353, 0.000181634255568, 0.000365205312846, 0.000239997883909, 0.000827656476758, 0.000137390758027, 0.000114011250844, 0.000100758501503, 5.54092257516e-05, 1.72545842361e-05, 4.57188980363e-05, 3.15082434099e-05, 2.50580542343e-05, 1.71828851308e-05, 1.20057084132e-05, 8.89333477971e-06, 6.5422791522e-06, 8.07549986348e-06, 6.99318661646e-06, 6.92295043336e-06, 6.20082300884e-06, 5.85924408369e-06, 6.49324874757e-06, 7.08604193278e-06, 8.80648349266e-06, 9.01380644791e-06, 7.75227272243e-06, 7.72193470766e-06, 6.62706270305e-06, 4.2418441808e-06, 2.88936939796e-06, 2.06272284231e-06, 1.7429813397e-06, 1.37117410759e-06]
    },
    "melbands128": {
        "max": [0.00472185434774, 0.018182720989, 0.0429847836494, 0.0576105192304, 0.0648344755173, 0.0427982322872, 0.0293841864914, 0.0313361659646, 0.0339166484773, 0.0305313654244, 0.0328284613788, 0.0324566699564, 0.0268100462854, 0.0291795972735, 0.0174184609205, 0.00950249843299, 0.00530056050047, 0.00447313347831, 0.00503407465294, 0.00219177710824, 0.00347398384474, 0.00526071153581, 0.00701998639852, 0.0120884375647, 0.00737578189, 0.0034924284555, 0.0069222045131, 0.0185228697956, 0.00464260252193, 0.00199458166026, 0.00396880460903, 0.00195957347751, 0.0021781262476, 0.0037059711758, 0.00144111295231, 0.00172007340007, 0.00200759666041, 0.000961112556979, 0.000416915747337, 0.00030755426269, 0.000437408190919, 0.000315914745443, 0.000700407428667, 0.00204338482581, 0.000409501837566, 0.000624567153864, 0.000896639365237, 0.000525599520188, 0.000404128106311, 0.000396663846914, 0.000255540275248, 0.000281340122456, 0.00032816969906, 0.000122609577375, 8.44465976115e-05, 0.000191305851331, 8.50510114105e-05, 8.13725710032e-05, 0.000172564396053, 0.000287189497612, 0.000159551374963, 8.69647410582e-05, 0.000152996944962, 6.81805904605e-05, 8.06033131084e-05, 0.000130438362248, 8.04025112302e-05, 5.63498470001e-05, 0.000103241531178, 0.000116732087918, 7.2724869824e-05, 6.59499200992e-05, 7.96522508608e-05, 0.000116979739687, 9.09342561499e-05, 0.00010596714128, 7.8870143625e-05, 0.000143528435729, 0.000241783316596, 0.000125298756757, 0.000176507222932, 0.000140676886076, 0.000146038699313, 0.00010117587226, 7.55342989578e-05, 0.000122878947877, 0.000185106997378, 0.000110648681584, 0.000138941060868, 6.4246407419e-05, 8.11375139165e-05, 6.43070088699e-05, 5.42999296158e-05, 4.47481761512e-05, 4.35312285845e-05, 4.2440064135e-05, 2.20254660235e-05, 1.98700599867e-05, 1.93740179384e-05, 1.53721211973e-05, 1.59580140462e-05, 1.16555993372e-05, 1.6239919205e-05, 1.01158730104e-05, 1.16854980661e-05, 1.86668203241e-05, 1.28323108584e-05, 1.01616687971e-05, 1.19249652926e-05, 1.05320541479e-05, 8.73347107699e-06, 8.2181295511e-06, 5.64097763345e-06, 7.25445215721e-06, 5.0300050134e-06, 5.87177601119e-06, 3.75532613361e-06, 9.44744442677e-07, 3.53582692014e-07, 3.04625615399e-07, 1.5207771753e-07, 2.29371266869e-07, 8.30551769582e-08, 4.18200230001e-08, 4.12372180847e-08, 4.08206339841e-08, 4.04745996718e-08, 4.02782518449e-08],
        "mean": [0.000185103839613, 0.00102908781264, 0.00236993003637, 0.00410831952468, 0.00396752823144, 0.00265577132814, 0.00189470592886, 0.00173870055005, 0.0017029712908, 0.000834736216348, 0.000829739205074, 0.00164791429415, 0.00265143834986, 0.0020942799747, 0.000726440630388, 0.000493347120937, 0.000294955592835, 5.60772859899e-05, 4.76649256598e-05, 8.49744028528e-05, 8.68499919306e-05, 0.00012927633361, 0.000227639480727, 0.000138330826303, 6.77506977809e-05, 7.26394137018e-05, 0.000214953339309, 0.000473035441246, 0.000101607030956, 4.45454279543e-05, 5.52762467123e-05, 3.29800350301e-05, 3.57401040674e-05, 5.64140827919e-05, 2.25105777645e-05, 4.84771408082e-05, 4.98583976878e-05, 2.24453360715e-05, 8.10695564724e-06, 6.59708894091e-06, 8.96613255463e-06, 8.83497887116e-06, 2.24391951633e-05, 2.51922610914e-05, 6.05777677265e-06, 1.22302371892e-05, 1.3083345948e-05, 1.15977436508e-05, 1.16312085083e-05, 9.81691209745e-06, 7.3449195952e-06, 8.04564206192e-06, 6.46461330689e-06, 4.97833707414e-06, 4.6613727136e-06, 4.74624539493e-06, 3.2307350466e-06, 2.62933144768e-06, 3.37986693921e-06, 4.25055077358e-06, 3.60792910215e-06, 3.85341400033e-06, 5.77026730753e-06, 2.78493689621e-06, 2.07997777579e-06, 4.36027448814e-06, 4.26288352173e-06, 2.48549986281e-06, 3.30785701408e-06, 3.1319707432e-06, 2.55605027633e-06, 2.4236869649e-06, 2.81018446913e-06, 2.64864502242e-06, 2.56084126704e-06, 3.0082971989e-06, 2.83491476694e-06, 3.09090705741e-06, 3.06382594317e-06, 3.42004886988e-06, 3.71252008335e-06, 3.29999329551e-06, 3.49497940988e-06, 3.16799901157e-06, 3.20554704558e-06, 3.03435854221e-06, 3.13647410621e-06, 3.16316891258e-06, 2.62453454525e-06, 2.26775659939e-06, 1.78758659786e-06, 1.55556165282e-06, 1.2897111219e-06, 1.16636954317e-06, 1.08226709017e-06, 9.14981228561e-07, 7.36148933811e-07, 7.32305466045e-07, 7.64347589666e-07, 7.46090904613e-07, 6.70093186272e-07, 5.37251992228e-07, 4.59447562662e-07, 3.95956590182e-07, 3.49843872982e-07, 3.41607432119e-07, 2.7832280125e-07, 2.32012041579e-07, 2.43166027758e-07, 2.12941827726e-07, 1.74668471686e-07, 1.73511537582e-07, 1.28685925915e-07, 1.22884088682e-07, 8.65239968562e-08, 7.79320785682e-08, 3.49874333949e-08, 4.98865482257e-09, 1.61769209139e-09, 1.41606049109e-09, 9.53162881956e-10, 9.29122834226e-10, 4.04193872816e-10, 4.14280831862e-11, 3.49921897014e-11, 3.39863102938e-11, 3.33547356401e-11, 3.31395570707e-11],
        "min": [3.14298231885e-09, 1.54108228401e-08, 8.13331411109e-08, 2.03346701255e-07, 6.31756392977e-07, 2.98873629845e-07, 2.78607188875e-07, 1.38813675221e-06, 1.62777394053e-06, 3.9721990106e-06, 6.07560309618e-07, 4.48985383628e-06, 3.38686533041e-07, 1.71037049768e-06, 1.79700961667e-07, 7.06233649339e-08, 7.74612232135e-08, 5.61631807727e-08, 1.05250926197e-07, 5.94385056729e-08, 6.19070092966e-08, 1.13287633496e-07, 1.92709237012e-07, 1.14189973033e-07, 3.51326612247e-08, 2.66546411609e-08, 1.05610640233e-08, 2.68345949905e-08, 1.32529898167e-08, 1.12882450054e-08, 2.97365172486e-08, 1.01526556051e-08, 7.84535547638e-09, 2.98436120261e-09, 1.32564350608e-08, 4.08905043159e-09, 9.18233400427e-09, 1.23040129196e-08, 8.23317947152e-09, 3.62606256132e-09, 3.50359719015e-09, 7.53740714288e-09, 1.52001504716e-08, 1.62327147279e-08, 1.3855875336e-09, 4.39451408596e-09, 9.30675092548e-09, 7.98595856111e-09, 3.37513461623e-09, 1.98429050968e-09, 3.21638626843e-09, 4.02211508543e-09, 2.88660206849e-09, 1.197206001e-09, 2.54981635806e-09, 4.70154271071e-09, 1.95802529745e-09, 1.7077317338e-09, 2.73187961142e-09, 7.64606877812e-10, 4.05255717872e-10, 1.14360410031e-09, 1.71436054242e-09, 5.22561882654e-10, 6.62148946784e-10, 6.67286836897e-10, 5.24840615412e-10, 5.44013389892e-10, 7.01144031723e-10, 9.64442414819e-11, 2.29717925238e-10, 1.5214248264e-11, 4.87808057836e-12, 6.04851238539e-12, 2.87991852588e-12, 3.89834475464e-12, 6.37782058069e-12, 7.42390871e-12, 1.11348274351e-11, 1.86152621096e-11, 4.59216449589e-11, 4.44721377779e-11, 2.4603161522e-11, 2.46306378071e-11, 4.846521795e-11, 1.12652690995e-11, 2.54443670994e-11, 1.56828109527e-11, 7.5547589018e-12, 4.16241867363e-12, 7.16873088669e-12, 3.81816930503e-12, 5.18710378469e-12, 3.60784687715e-12, 3.00434416928e-12, 3.04254364758e-12, 1.34010695336e-12, 1.37714427535e-12, 1.16261243254e-12, 9.67875302474e-13, 1.53673373939e-12, 1.37827780872e-12, 1.14058339596e-12, 8.43333269971e-13, 6.00820554333e-13, 7.52043989149e-13, 1.28233307219e-12, 7.11079144785e-13, 6.62498755941e-13, 8.53354550651e-13, 9.84366342778e-13, 5.60325820031e-13, 7.79764436614e-13, 7.71011672476e-13, 8.54050445816e-13, 8.09929001037e-13, 6.72297124655e-13, 8.54451383779e-13, 8.32758178821e-13, 7.34258303031e-13, 7.59094881137e-13, 6.64896035365e-13, 7.52750834755e-13, 6.18275287738e-13, 4.28574954388e-13, 2.23184399564e-13, 2.31875980819e-14, 7.61508348207e-16],
        "stdev": [0.000432224769611, 0.00216470984742, 0.00450872769579, 0.00781688001007, 0.00735289650038, 0.00480679050088, 0.00365302804857, 0.00350792752579, 0.00354482559487, 0.00194118823856, 0.00230479962192, 0.0034382881131, 0.00456154486164, 0.00430028745905, 0.00152611057274, 0.000903086038306, 0.000545932503883, 0.000164535769727, 0.000206168275326, 0.0002314006706, 0.000255669321632, 0.000352702569216, 0.000551635806914, 0.000553142104764, 0.000296338403132, 0.000265024718828, 0.000654348579701, 0.00160496437456, 0.000357013544999, 0.000156676178449, 0.000226807271247, 0.000119292024465, 0.000131414562929, 0.000257499050349, 9.5878742286e-05, 0.000154107241542, 0.000146367339767, 6.85947452439e-05, 2.46299860009e-05, 1.7721684344e-05, 2.66939332505e-05, 2.27773562074e-05, 5.83359105804e-05, 8.9040659077e-05, 2.18202749238e-05, 4.56186753581e-05, 5.22797054145e-05, 3.35968943546e-05, 2.75326146948e-05, 2.66361057584e-05, 1.92584484466e-05, 2.06038857868e-05, 1.86707347893e-05, 1.024417179e-05, 9.317972399e-06, 1.41045547934e-05, 7.3360879469e-06, 5.91233538216e-06, 7.93173512648e-06, 1.11257340905e-05, 8.46570674184e-06, 8.04184765002e-06, 1.30767175506e-05, 6.433866929e-06, 5.22217305843e-06, 9.19204740057e-06, 8.60016461957e-06, 5.51656285097e-06, 8.07541255199e-06, 8.409891052e-06, 5.86910846323e-06, 5.92942842559e-06, 7.32489843358e-06, 7.21253582014e-06, 6.30151726e-06, 8.10871733847e-06, 7.66182347434e-06, 8.44918668008e-06, 1.03705478978e-05, 9.73222176981e-06, 1.0947033843e-05, 9.09027858143e-06, 9.66823336057e-06, 7.91076035966e-06, 7.61699584473e-06, 8.25882398203e-06, 8.94371169124e-06, 8.33652939036e-06, 7.47779859012e-06, 6.21847675575e-06, 5.09501069246e-06, 4.22037373937e-06, 3.41321583619e-06, 3.1003883123e-06, 2.85446844828e-06, 2.64369964498e-06, 1.86412626135e-06, 1.90456205473e-06, 1.88276567314e-06, 1.82149540251e-06, 1.715014605e-06, 1.32829256927e-06, 1.23501217786e-06, 1.06866832539e-06, 9.52832294843e-07, 1.12731015633e-06, 8.01391479399e-07, 7.28428403818e-07, 8.47271167004e-07, 7.31878003535e-07, 5.88934256029e-07, 6.37505081613e-07, 4.47741768994e-07, 4.81105530525e-07, 3.41087940114e-07, 3.17440139952e-07, 2.01337073236e-07, 4.51774617716e-08, 1.55333328422e-08, 1.26938166645e-08, 8.25619661526e-09, 9.51623224665e-09, 4.11631617681e-09, 1.12535925023e-09, 1.1012056822e-09, 1.09009845595e-09, 1.08085840278e-09, 1.07561803908e-09]
    },
    "mfcc": {
        "mean": [-695.37310791, 135.061401367, 28.0705223083, 34.3141288757, -7.54006004333, 13.3541126251, -13.412405014, 2.58487653732, -11.1713275909, -5.55141592026, -9.26563644409, -10.5545358658, -7.01580047607],
        "cov": [[6153.80126953, -1346.85595703, -366.275665283, -236.222671509, 413.607727051, 128.028625488, 609.866943359, 324.854766846, 481.597808838, 424.882629395, 191.120697021, 160.691497803, 209.487594604], [-1346.85595703, 2826.62475586, -918.763916016, 63.4143600464, -119.431777954, 202.247207642, -80.496055603, 309.453033447, -18.5086612701, 137.034622192, 87.3349380493, 41.4832649231, 94.4997634888], [-366.275665283, -918.763916016, 956.914550781, 45.9133415222, 117.062713623, -84.0046234131, -21.1316833496, -140.472198486, 21.3445625305, -61.0934867859, -13.8409919739, 57.3641700745, -20.1662254333], [-236.222671509, 63.4143600464, 45.9133415222, 456.635894775, 33.4608917236, 74.3094787598, -19.4073810577, 52.0927124023, 32.829334259, 65.609413147, -8.54492378235, 63.4962158203, 23.0092697144], [413.607727051, -119.431777954, 117.062713623, 33.4608917236, 400.978515625, -12.418923378, 128.760604858, 41.2756958008, 99.9890518188, 44.6831512451, 44.9053611755, 70.5671386719, 90.2120666504], [128.028625488, 202.247207642, -84.0046234131, 74.3094787598, -12.418923378, 264.450622559, 62.7999267578, 116.170036316, 57.1009101868, 66.6523284912, 24.5778942108, 30.0322208405, 27.0719337463], [609.866943359, -80.496055603, -21.1316833496, -19.4073810577, 128.760604858, 62.7999267578, 257.123291016, 61.1774101257, 118.135398865, 53.9880561829, 63.010307312, 42.8774681091, 69.5068969727], [324.854766846, 309.453033447, -140.472198486, 52.0927124023, 41.2756958008, 116.170036316, 61.1774101257, 229.650177002, 94.8793334961, 116.765571594, 52.5677070618, 54.8111991882, 55.4242897034], [481.597808838, -18.5086612701, 21.3445625305, 32.829334259, 99.9890518188, 57.1009101868, 118.135398865, 94.8793334961, 202.723007202, 89.9668273926, 60.8974571228, 46.0201339722, 51.9301300049], [424.882629395, 137.034622192, -61.0934867859, 65.609413147, 44.6831512451, 66.6523284912, 53.9880561829, 116.765571594, 89.9668273926, 201.929336548, 55.537979126, 65.1056060791, 45.8460617065], [191.120697021, 87.3349380493, -13.8409919739, -8.54492378235, 44.9053611755, 24.5778942108, 63.010307312, 52.5677070618, 60.8974571228, 55.537979126, 104.959907532, 39.5254058838, 41.3886260986], [160.691497803, 41.4832649231, 57.3641700745, 63.4962158203, 70.5671386719, 30.0322208405, 42.8774681091, 54.8111991882, 46.0201339722, 65.1056060791, 39.5254058838, 137.586578369, 52.4410552979], [209.487594604, 94.4997634888, -20.1662254333, 23.0092697144, 90.2120666504, 27.0719337463, 69.5068969727, 55.4242897034, 51.9301300049, 45.8460617065, 41.3886260986, 52.4410552979, 124.901069641]],
        "icov": [[0.000423510442488, 0.000399823184125, 0.000481185794342, 0.000286629016045, -0.000121647113701, 2.20317688218e-05, -0.000346890010405, -0.000286663474981, -0.000337738980306, -0.00058171217097, 2.96805737889e-05, -0.000234321021708, -0.000142114047776], [0.000399823184125, 0.001008706633, 0.000988982152194, 0.000239800923737, -0.000105401762994, -0.000172903542989, 0.000185671029612, -0.000734578934498, -0.000131100299768, -0.000433052162407, -0.000434496498201, -0.000423674820922, -0.000446703459602], [0.000481185794342, 0.000988982152194, 0.0023654368706, 0.000190191858565, -0.000534265243914, -0.000113237343612, 0.000363595434465, 0.000340975326253, -0.000887501577381, -0.000232886246522, -0.000347631372279, -0.00137605005875, -4.23344636147e-06], [0.000286629016045, 0.000239800923737, 0.000190191858565, 0.00281577394344, -0.000272277509794, -0.000676722498611, 0.000423995952588, -0.000152621840243, -0.000524903647602, -0.000982325989753, 0.000972198846284, -0.00111297727562, -0.000251132849371], [-0.000121647113701, -0.000105401762994, -0.000534265243914, -0.000272277509794, 0.00373151013628, 0.000830798060633, -0.00115277955774, -0.000175358421984, -0.000614228833001, 0.000313570053549, 0.00023740643519, -0.000537085521501, -0.00162110757083], [2.20317688218e-05, -0.000172903542989, -0.000113237343612, -0.000676722498611, 0.000830798060633, 0.00543073797598, -0.0014592341613, -0.00225558644161, -0.000102990896266, -0.000160459050676, 0.000478092784761, 3.85677121812e-05, 0.00016315652465], [-0.000346890010405, 0.000185671029612, 0.000363595434465, 0.000423995952588, -0.00115277955774, -0.0014592341613, 0.00736845331267, 0.000683755497448, -0.00231317477301, 0.000888914102688, -0.00182887306437, -0.000204676034627, -0.00150565605145], [-0.000286663474981, -0.000734578934498, 0.000340975326253, -0.000152621840243, -0.000175358421984, -0.00225558644161, 0.000683755497448, 0.00935540627688, -0.00201569357887, -0.00211336836219, -0.000464387208922, -0.000801660236903, -0.000692363653798], [-0.000337738980306, -0.000131100299768, -0.000887501577381, -0.000524903647602, -0.000614228833001, -0.000102990896266, -0.00231317477301, -0.00201569357887, 0.00947082228959, -0.00134723749943, -0.00189987500198, 0.000893389631528, 7.80425398261e-05], [-0.00058171217097, -0.000433052162407, -0.000232886246522, -0.000982325989753, 0.000313570053549, -0.000160459050676, 0.000888914102688, -0.00211336836219, -0.00134723749943, 0.00929704587907, -0.00182899937499, -0.0016843653284, 0.000158944298164], [2.96805737889e-05, -0.000434496498201, -0.000347631372279, 0.000972198846284, 0.00023740643519, 0.000478092784761, -0.00182887306437, -0.000464387208922, -0.00189987500198, -0.00182899937499, 0.0143141448498, -0.00168704066891, -0.00158124777954], [-0.000234321021708, -0.000423674820922, -0.00137605005875, -0.00111297727562, -0.000537085521501, 3.85677121812e-05, -0.000204676034627, -0.000801660236903, 0.000893389631528, -0.0016843653284, -0.00168704066891, 0.0113024441525, -0.00239398446865], [-0.000142114047776, -0.000446703459602, -4.23344636147e-06, -0.000251132849371, -0.00162110757083, 0.00016315652465, -0.00150565605145, -0.000692363653798, 7.80425398261e-05, 0.000158944298164, -0.00158124777954, -0.00239398446865, 0.0123472139239]]
    },
    "spectral_contrast_coeffs": {
        "max": [-0.372223943472, -0.487496048212, -0.503326237202, -0.579287648201, -0.618383526802, -0.431475669146],
        "mean": [-0.621316254139, -0.732099592686, -0.765790462494, -0.812139630318, -0.810355782509, -0.72630661726],
        "min": [-0.898120582104, -0.928396880627, -0.91951996088, -0.92202693224, -0.924872457981, -0.926385700703],
        "stdev": [0.0971398204565, 0.0781808495522, 0.0821897089481, 0.0515029020607, 0.0427641421556, 0.0698254108429]
    },
    "spectral_contrast_valleys": {
        "max": [-4.690366745, -5.31455898285, -5.99727106094, -6.23115539551, -5.45313072205, -7.89292001724],
        "mean": [-6.69740629196, -7.13708877563, -7.95537805557, -8.42918872833, -8.32164764404, -11.0541057587],
        "min": [-9.13366127014, -9.06871986389, -10.3804988861, -10.4895401001, -12.1331825256, -15.4888839722],
        "stdev": [0.901468813419, 0.695359528065, 0.834199786186, 0.871956944466, 0.988631129265, 1.66194176674]
    }
},
"rhythm": {
    "beats_count": 47,
    "beats_loudness": {
        "max": 0.143492490053,
        "mean": 0.0530565194786,
        "min": 0.00423592841253,
        "stdev": 0.0323966890574
    },
    "bpm": 88.0972824097,
    "bpm_histogram_first_peak_bpm": 88,
    "bpm_histogram_first_peak_weight": 0.0222222208977,
    "bpm_histogram_second_peak_bpm": 94,
    "bpm_histogram_second_peak_spread": 0,
    "bpm_histogram_second_peak_weight": 0.0217391308397,
    "danceability": 1.04199373722,
    "onset_rate": 4.58349561691,
    "beats_loudness_band_ratio": {
        "max": [0.903935849667, 0.974060475826, 0.35613784194, 0.51101320982, 0.0708850175142, 0.322401642799],
        "mean": [0.532944560051, 0.323055177927, 0.0763558968902, 0.0460076369345, 0.017254229635, 0.0577615946531],
        "min": [0.0123785529286, 0.0299710389227, 0.0025670749601, 0.000905206659809, 0.000356197095243, 0.000763831252698],
        "stdev": [0.276149243116, 0.256106942892, 0.0877985060215, 0.0843549966812, 0.0167270693928, 0.0721710622311]
    },
    "beats_position": [0.626938760281, 1.26548755169, 1.92725622654, 2.60063481331, 3.28562355042, 3.97061228752, 4.6439909935, 5.32897949219, 6.01396799088, 6.6989569664, 7.38394546509, 8.05732440948, 8.74231243134, 9.42730140686, 10.1006803513, 10.7856683731, 11.4590473175, 12.144036293, 12.8290243149, 13.5140132904, 14.1990022659, 14.8839902878, 15.5573692322, 16.2307472229, 16.9157371521, 17.600725174, 18.2857131958, 18.970703125, 19.6556911469, 20.3406791687, 21.0140590668, 21.6874370575, 22.3724250793, 23.0574150085, 23.7424030304, 24.4273910522, 25.1007709503, 25.7857589722, 26.470746994, 27.1441268921, 27.8291149139, 28.5141029358, 29.199092865, 29.8840808868, 30.5574588776, 31.2424488068, 31.9158267975],
