{
"metadata": {
    "version": {
        "essentia": "2.1-beta5",
        "essentia_git_sha": "Undefined",
        "extractor": "music 2.0"
    },
    "audio_properties": {
        "analysis": {
            "equal_loudness": 0,
            "length": 51.7921104431,
            "sample_rate": 44100,
            "start_time": 142.744674683,
            "downmix": "mix"
        },
        "bit_rate": 192000,
        "length": 194.559997559,
        "lossless": 0,
        "number_channels": 2,
        "replay_gain": -0.677196502686,
        "sample_rate": 48000,
        "codec": "mp3",
        "md5_encoded": "771896ae614ca154ed43e0cee1f1f266"
    },
    "tags": {
        "file_name": "Croatia_Crazy_Franka.mp3",
        "encoding": ["Lavf58.29.100"]
    }
},
"lowlevel": {
    "average_loudness": 0.869509458542,
    "barkbands_crest": {
        "max": 25.4972896576,
        "mean": 13.7953872681,
        "min": 3.26078748703,
        "stdev": 5.22162723541
    },
    "barkbands_flatness_db": {
        "max": 0.465815752745,
        "mean": 0.193818092346,
        "min": 0.0360143780708,
        "stdev": 0.0662569850683
    },
    "barkbands_kurtosis": {
        "max": 224.524703979,
        "mean": 10.4658155441,
        "min": -1.9019100666,
        "stdev": 22.1685810089
    },
    "barkbands_skewness": {
        "max": 12.8179826736,
        "mean": 2.1857779026,
        "min": -1.76236975193,
        "stdev": 1.92653632164
    },
    "barkbands_spread": {
        "max": 127.712692261,
        "mean": 17.7890510559,
        "min": 0.914977133274,
        "stdev": 13.6215620041
    },
    "dissonance": {
        "max": 0.500000238419,
        "mean": 0.456992745399,
        "min": 0.21992918849,
        "stdev": 0.0326730236411
    },
    "dynamic_complexity": 3.05882811546,
    "erbbands_crest": {
        "max": 31.0259056091,
        "mean": 11.3637733459,
        "min": 2.43967461586,
        "stdev": 5.38462400436
    },
    "erbbands_flatness_db": {
        "max": 0.424652427435,
        "mean": 0.191268965602,
        "min": 0.0652874559164,
        "stdev": 0.0629762113094
    },
    "erbbands_kurtosis": {
        "max": 37.1160774231,
        "mean": 1.92561340332,
        "min": -1.83674681187,
        "stdev": 3.452688694
    },
    "erbbands_skewness": {
        "max": 4.59610080719,
        "mean": 0.717988193035,
        "min": -3.01626372337,
        "stdev": 0.888250410557
    },
    "erbbands_spread": {
        "max": 134.371414185,
        "mean": 33.7377548218,
        "min": 2.71007490158,
        "stdev": 20.1698322296
    },
    "hfc": {
        "max": 256.449554443,
        "mean": 21.3787708282,
        "min": 0.622744262218,
        "stdev": 22.9889335632
    },
    "loudness_ebu128": {
        "integrated": -22.9063816071,
        "loudness_range": 6.83160018921,
        "momentary": {
            "max": -17.6405906677,
            "mean": -23.9920768738,
            "min": -36.5646362305,
            "stdev": 3.29455494881
        },
        "short_term": {
            "max": -20.0084552765,
            "mean": -23.7109184265,
            "min": -28.7584152222,
            "stdev": 2.33383178711
        }
    },
    "melbands_crest": {
        "max": 37.1504402161,
        "mean": 19.5921230316,
        "min": 4.08079576492,
        "stdev": 7.81774520874
    },
    "melbands_flatness_db": {
        "max": 0.627750575542,
        "mean": 0.240057557821,
        "min": 0.0451910868287,
        "stdev": 0.0885672941804
    },
    "melbands_kurtosis": {
        "max": 418.403930664,
        "mean": 23.3059959412,
        "min": -1.81264972687,
        "stdev": 39.4368591309
    },
    "melbands_skewness": {
        "max": 15.2561330795,
        "mean": 3.17160820961,
        "min": -1.0470610857,
        "stdev": 2.2500667572
    },
    "melbands_spread": {
        "max": 191.791259766,
        "mean": 19.5003833771,
        "min": 0.717898726463,
        "stdev": 19.0633678436
    },
    "pitch_salience": {
        "max": 0.877863585949,
        "mean": 0.458143204451,
        "min": 0.0698694437742,
        "stdev": 0.1738499403
    },
    "silence_rate_20dB": {
        "max": 1,
        "mean": 1,
        "min": 1,
        "stdev": 0
    },
    "silence_rate_30dB": {
        "max": 1,
        "mean": 0.995519697666,
        "min": 0,
        "stdev": 0.0667847171426
    },
    "silence_rate_60dB": {
        "max": 1,
        "mean": 0.0564516112208,
        "min": 0,
        "stdev": 0.230793848634
    },
    "spectral_centroid": {
        "max": 4384.16113281,
        "mean": 1285.10205078,
        "min": 173.289764404,
        "stdev": 691.935424805
    },
    "spectral_complexity": {
        "max": 56,
        "mean": 15.0698928833,
        "min": 0,
        "stdev": 7.72004318237
    },
    "spectral_decrease": {
        "max": -6.67453453618e-11,
        "mean": -9.19461307092e-09,
        "min": -3.23324798046e-08,
        "stdev": 6.56640519736e-09
    },
    "spectral_energy": {
        "max": 0.124696016312,
        "mean": 0.0366417504847,
        "min": 0.000308397255139,
        "stdev": 0.025633957237
    },
    "spectral_energyband_high": {
        "max": 0.013611019589,
        "mean": 0.000783925526775,
        "min": 1.19909785212e-07,
        "stdev": 0.00131667521782
    },
    "spectral_energyband_low": {
        "max": 0.110169164836,
        "mean": 0.0208794753999,
        "min": 5.83359351936e-08,
        "stdev": 0.0211912114173
    },
    "spectral_energyband_middle_high": {
        "max": 0.0759896636009,
        "mean": 0.00780508667231,
        "min": 2.8554122764e-05,
        "stdev": 0.0102718565613
    },
    "spectral_energyband_middle_low": {
        "max": 0.0769108980894,
        "mean": 0.00780020374805,
        "min": 7.48890015529e-05,
        "stdev": 0.00840668659657
    },
    "spectral_entropy": {
        "max": 8.9682598114,
        "mean": 7.42180252075,
        "min": 5.89471197128,
        "stdev": 0.451658070087
    },
    "spectral_flux": {
        "max": 0.370970308781,
        "mean": 0.0782081633806,
        "min": 0.00757349235937,
        "stdev": 0.0474032387137
    },
    "spectral_kurtosis": {
        "max": 70.090637207,
        "mean": 4.26141023636,
        "min": -1.23318529129,
        "stdev": 4.64574384689
    },
    "spectral_rms": {
        "max": 0.0110297165811,
        "mean": 0.00549757527187,
        "min": 0.000548521056771,
        "stdev": 0.00235044839792
    },
    "spectral_rolloff": {
        "max": 14061.1816406,
        "mean": 1295.44165039,
        "min": 64.599609375,
        "stdev": 1594.01452637
    },
    "spectral_skewness": {
        "max": 5.75375699997,
        "mean": 1.56431317329,
        "min": -0.128198891878,
        "stdev": 0.521076440811
    },
    "spectral_spread": {
        "max": 25764576,
        "mean": 4741658.5,
        "min": 945257.8125,
        "stdev": 1888357.375
    },
    "spectral_strongpeak": {
        "max": 30.6527748108,
        "mean": 1.29859888554,
        "min": 0,
        "stdev": 2.65950417519
    },
    "zerocrossingrate": {
        "max": 0.30712890625,
        "mean": 0.0528323799372,
        "min": 0.00244140625,
        "stdev": 0.0425755642354
    },
    "barkbands": {
        "max": [0.0134588312358, 0.103403933346, 0.0447728633881, 0.0339824408293, 0.0434736162424, 0.0348282642663, 0.0355319678783, 0.0315371751785, 0.0393555946648, 0.0401539988816, 0.039514940232, 0.0284663941711, 0.0245239771903, 0.0105332620442, 0.011968024075, 0.0137702077627, 0.0112422350794, 0.040112093091, 0.0348497107625, 0.00374369160272, 0.00478243688121, 0.00527808954939, 0.00317401345819, 0.00413853675127, 0.00307774427347, 0.00306229456328, 0.000116446324682],
        "mean": [0.00133264309261, 0.0164440441877, 0.00265458482318, 0.000862877990585, 0.00172634643968, 0.00155471265316, 0.00100296165328, 0.000910530390684, 0.00143236084841, 0.00129624316469, 0.00227454793639, 0.000733970664442, 0.0011267629452, 0.000431837164797, 0.000484543037601, 0.000318514677929, 0.000218320026761, 0.000364412146155, 0.000599265971687, 0.000222051457968, 0.000147070328239, 0.000148009421537, 0.000178660600795, 8.49574789754e-05, 6.23103551334e-05, 2.8637725336e-05, 5.36931338502e-07],
        "min": [3.10912878776e-10, 1.42407308168e-09, 5.48612311135e-09, 1.10561915179e-08, 1.42856538332e-06, 1.34373431138e-06, 8.71023587479e-07, 6.74453303873e-07, 8.8221158876e-06, 2.90844513984e-06, 1.39256985676e-06, 1.25251722238e-06, 6.32176238469e-07, 3.71440023628e-07, 1.06442666947e-06, 4.22914922638e-07, 7.78180492489e-07, 3.46663171058e-07, 6.56393552845e-08, 4.47763159883e-09, 1.17253557974e-08, 1.09279774119e-09, 1.64605967745e-10, 1.8038427696e-10, 9.96656854269e-11, 1.05943233353e-10, 1.29027649676e-10],
        "stdev": [0.00283912639134, 0.0184925924987, 0.0066372891888, 0.0027727780398, 0.00340974796563, 0.00315235299058, 0.00183670490514, 0.00209424039349, 0.00352432648651, 0.00282685947604, 0.00521211931482, 0.00202787132002, 0.00303613697179, 0.000847206625622, 0.00120030343533, 0.0011005923152, 0.000619920610916, 0.00227907719091, 0.00277963746339, 0.000372306996724, 0.000329527072608, 0.000390800327295, 0.000357299461029, 0.000202231109142, 0.000163513846928, 0.000113005531603, 4.01786564908e-06]
    },
    "erbbands": {
        "max": [4.38147974014, 20.9375724792, 41.9550056458, 110.891822815, 126.806365967, 171.222045898, 268.030273438, 254.792190552, 664.015197754, 472.241088867, 858.296081543, 1217.73828125, 1050.16931152, 1466.48596191, 1649.0489502, 867.100280762, 1255.89355469, 374.535003662, 784.796142578, 1045.50195312, 387.42300415, 697.907287598, 1749.59057617, 3997.37817383, 674.087341309, 258.854705811, 233.843414307, 230.319824219, 184.25239563, 221.978027344, 90.2940063477, 76.2750244141, 94.9160079956, 51.6264343262, 13.201125145, 12.7128791809, 7.32958030701, 0.775509059429, 0.0263705346733, 0.0012533479603],
        "mean": [0.675130546093, 2.84460568428, 3.60399532318, 2.96814584732, 3.31609272957, 6.41271829605, 11.2862901688, 11.9284172058, 13.9536075592, 16.0338058472, 22.6617717743, 35.5614738464, 31.7960147858, 62.4951210022, 80.2275009155, 38.3056564331, 54.0047225952, 24.9863414764, 20.3845481873, 31.3488769531, 11.9648971558, 11.9351511002, 15.068529129, 37.39503479, 16.6064376831, 12.1232481003, 7.54742002487, 5.20766162872, 4.84416389465, 6.63437843323, 4.41996049881, 2.08575439453, 1.30434560776, 0.812859833241, 0.358038544655, 0.161203384399, 0.0480523295701, 0.00467594666407, 0.000147941187606, 4.86607023049e-05],
        "min": [3.59309325404e-07, 2.40572262555e-06, 1.75616150955e-05, 0.000108729815111, 0.00156944664195, 0.00469652330503, 0.00840638205409, 0.018809819594, 0.0189308803529, 0.0245836228132, 0.0573375970125, 0.242875561118, 0.165543332696, 0.140892997384, 0.1186696738, 0.0954530015588, 0.036726500839, 0.0261046141386, 0.0385761596262, 0.0399040058255, 0.0302981548011, 0.0474038124084, 0.0283355470747, 0.0337944366038, 0.0021767152939, 0.000299435661873, 0.000245539587922, 0.000473885622341, 0.000143868237501, 5.9016259911e-05, 3.05996145471e-05, 2.28286262427e-05, 2.16256812564e-05, 1.99037476705e-05, 5.4047895901e-06, 2.66998313236e-06, 1.23363224702e-06, 3.16540024414e-07, 6.33763306723e-07, 7.48477589241e-07],
        "stdev": [0.867980718613, 3.51356744766, 7.35336446762, 9.32079219818, 8.30098819733, 13.1283311844, 24.5106563568, 23.4286460876, 26.128320694, 29.154335022, 51.6422119141, 90.2648391724, 68.5443878174, 135.859939575, 179.454681396, 85.0988998413, 142.060699463, 45.1362915039, 45.7373580933, 94.0128555298, 26.8190765381, 34.0611610413, 70.1470794678, 192.061782837, 61.8076667786, 21.849105835, 15.0099916458, 12.3544340134, 12.1040782928, 16.4357967377, 7.97218704224, 4.41491174698, 3.70980405807, 2.30875587463, 0.889203906059, 0.523814678192, 0.225310564041, 0.0232327617705, 0.000850500538945, 4.83375151816e-05]
    },
    "gfcc": {
        "mean": [-25.6553249359, 96.0007629395, -133.98374939, 25.7543430328, -75.8660125732, 18.5900325775, -30.9758167267, 6.79095697403, -17.6628723145, -2.46290659904, -2.53288078308, -1.61883282661, -3.73824882507],
        "cov": [[4307.33251953, -1194.22631836, 599.323730469, 501.363739014, 519.553955078, 911.840698242, 78.8840866089, 558.358520508, -104.085952759, 536.034851074, -184.101898193, 305.917205811, -112.295944214], [-1194.22631836, 2632.10839844, 441.715332031, 481.221588135, 757.621154785, -142.201705933, 639.868041992, -243.990219116, 482.826141357, -110.521110535, 398.53338623, -155.030807495, 299.088775635], [599.323730469, 441.715332031, 1996.98364258, 559.930419922, 526.089294434, 381.512817383, 22.7899360657, 303.413696289, 96.0513763428, 374.545288086, -217.941314697, 224.829879761, -29.4039325714], [501.363739014, 481.221588135, 559.930419922, 762.863708496, 349.661102295, 266.63369751, 181.038757324, 26.0714492798, 202.894104004, 106.007865906, 81.6941757202, -10.5009803772, 101.292648315], [519.553955078, 757.621154785, 526.089294434, 349.661102295, 868.990478516, 313.084106445, 465.184417725, 139.743560791, 220.29196167, 262.175689697, 48.5948677063, 113.554885864, 50.7278251648], [911.840698242, -142.201705933, 381.512817383, 266.63369751, 313.084106445, 628.967285156, 207.553924561, 155.201583862, 4.66750144958, 207.425064087, 6.84030532837, 56.2129592896, 9.32492828369], [78.8840866089, 639.868041992, 22.7899360657, 181.038757324, 465.184417725, 207.553924561, 599.690246582, 35.064540863, 171.830001831, 93.7410812378, 171.112991333, 25.7028598785, 54.9688529968], [558.358520508, -243.990219116, 303.413696289, 26.0714492798, 139.743560791, 155.201583862, 35.064540863, 321.620819092, 23.5923309326, 136.488891602, -77.328704834, 96.9431152344, -24.0263881683], [-104.085952759, 482.826141357, 96.0513763428, 202.894104004, 220.29196167, 4.66750144958, 171.830001831, 23.5923309326, 282.398651123, 34.5461578369, 100.926956177, 3.3819038868, 86.3416137695], [536.034851074, -110.521110535, 374.545288086, 106.007865906, 262.175689697, 207.425064087, 93.7410812378, 136.488891602, 34.5461578369, 286.252075195, -58.2916908264, 120.094856262, -31.7385101318], [-184.101898193, 398.53338623, -217.941314697, 81.6941757202, 48.5948677063, 6.84030532837, 171.112991333, -77.328704834, 100.926956177, -58.2916908264, 273.045593262, -50.7700958252, 93.8672714233], [305.917205811, -155.030807495, 224.829879761, -10.5009803772, 113.554885864, 56.2129592896, 25.7028598785, 96.9431152344, 3.3819038868, 120.094856262, -50.7700958252, 176.885986328, -7.07716369629], [-112.295944214, 299.088775635, -29.4039325714, 101.292648315, 50.7278251648, 9.32492828369, 54.9688529968, -24.0263881683, 86.3416137695, -31.7385101318, 93.8672714233, -7.07716369629, 157.01133728]],
        "icov": [[0.000551545468625, 5.63612156839e-05, 0.000294250523439, -0.000513689708896, -0.000203454910661, -0.000466116704047, 0.000313955388265, -0.00059608562151, 0.000363778002793, -0.000281875982182, -4.62279604108e-05, -0.000565575726796, 0.000311017822241], [5.63612156839e-05, 0.00266010430641, -0.00153405556921, 0.000734869099688, -0.00211126334034, 0.00155451195315, -0.00138503499329, 0.00167558412068, -0.00112142879516, 0.00146761746146, -0.00147787120659, 0.00287130940706, -0.00253087305464], [0.000294250523439, -0.00153405556921, 0.00211249571294, -0.00145517918281, 0.000784379080869, -0.00123210716993, 0.00138226465788, -0.00167160888668, 0.000919402227737, -0.00137121416628, 0.00135535828304, -0.00264576589689, 0.00183477555402], [-0.000513689708896, 0.000734869099688, -0.00145517918281, 0.00340069201775, -0.000734960485715, 5.73669603909e-05, -0.00053445296362, 0.00167626177426, -0.0019616256468, 0.000769903417677, -0.000699392694514, 0.00243881181814, -0.00179358525202], [-0.000203454910661, -0.00211126334034, 0.000784379080869, -0.000734960485715, 0.00503697944805, -0.00125162466429, -0.00107693241443, -0.001057399204, -0.000174280299689, -0.00247814296745, 0.00187279644888, -0.00235443585552, 0.00152858090587], [-0.000466116704047, 0.00155451195315, -0.00123210716993, 5.73669603909e-05, -0.00125162466429, 0.00434462167323, -0.00184963224456, 0.000587942835409, 0.000657310360111, -0.000422635348514, -0.00112995912787, 0.00296478369273, -0.00231614569202], [0.000313955388265, -0.00138503499329, 0.00138226465788, -0.00053445296362, -0.00107693241443, -0.00184963224456, 0.00501652620733, -0.00127056415658, 7.96665990492e-05, -0.000498026784044, -0.00114242453128, -0.00219371519051, 0.00241325702518], [-0.00059608562151, 0.00167558412068, -0.00167160888668, 0.00167626177426, -0.001057399204, 0.000587942835409, -0.00127056415658, 0.00649247365072, -0.00220011617057, 0.000687467050739, -3.52342540282e-05, 0.00133371388074, -0.00183754309546], [0.000363778002793, -0.00112142879516, 0.000919402227737, -0.0019616256468, -0.000174280299689, 0.000657310360111, 7.96665990492e-05, -0.00220011617057, 0.00755638442934, -0.00152641057502, -0.000534159480594, -0.00108959130011, -0.000706867489498], [-0.000281875982182, 0.00146761746146, -0.00137121416628, 0.000769903417677, -0.00247814296745, -0.000422635348514, -0.000498026784044, 0.000687467050739, -0.00152641057502, 0.0091927787289, -0.00053267495241, -0.00136953324545, 0.000308928429149], [-4.62279604108e-05, -0.00147787120659, 0.00135535828304, -0.000699392694514, 0.00187279644888, -0.00112995912787, -0.00114242453128, -3.52342540282e-05, -0.000534159480594, -0.00053267495241, 0.00776079623029, -0.00108441035263, -0.00115877378266], [-0.000565575726796, 0.00287130940706, -0.00264576589689, 0.00243881181814, -0.00235443585552, 0.00296478369273, -0.00219371519051, 0.00133371388074, -0.00108959130011, -0.00136953324545, -0.00108441035263, 0.0132594630122, -0.00481785833836], [0.000311017822241, -0.00253087305464, 0.00183477555402, -0.00179358525202, 0.00152858090587, -0.00231614569202, 0.00241325702518, -0.00183754309546, -0.000706867489498, 0.000308928429149, -0.00115877378266, -0.00481785833836, 0.0123575301841]]
    },
    "melbands": {
        "max": [0.0334267914295, 0.0211158450693, 0.016774751246, 0.0106653962284, 0.00877471454442, 0.00550925405696, 0.00865975767374, 0.00480008078739, 0.00630623893812, 0.00769327115268, 0.00574053358287, 0.00600779801607, 0.00584182888269, 0.00361894792877, 0.00307878898457, 0.00215643551201, 0.000851913297083, 0.00148803903721, 0.0009086173377, 0.00122518627904, 0.00052550813416, 0.000729063875042, 0.00183633016422, 0.00170629413333, 0.00362753728405, 0.00119006598834, 0.000166590267327, 0.000217144261114, 0.000162541604368, 0.000111490015115, 0.000140978911077, 0.000119402982818, 0.000220002781134, 0.000103294943983, 5.6800821767e-05, 6.09180024185e-05, 4.02945406677e-05, 6.77389543853e-05, 6.24476160738e-05, 3.70219895558e-05],
        "mean": [0.00517535582185, 0.00240498455241, 0.000520741974469, 0.000338943355018, 0.000389177381294, 0.000277570623439, 0.000209745601751, 0.000175030378159, 0.000196375389351, 0.000217497377889, 0.000154006091179, 0.000241488960455, 0.000304156215861, 0.000105863095087, 0.000131521184812, 7.95862288214e-05, 4.4580323447e-05, 3.06399997498e-05, 3.79131051886e-05, 3.30469738401e-05, 1.13381747724e-05, 1.20812665045e-05, 1.2775804862e-05, 1.6078724002e-05, 3.32484378305e-05, 1.94782369363e-05, 5.93396225668e-06, 8.36328854348e-06, 4.97650762554e-06, 3.11885037263e-06, 3.20513368024e-06, 2.61054583461e-06, 3.05132471112e-06, 4.06955268772e-06, 2.77363437817e-06, 1.58664647643e-06, 1.15111026844e-06, 9.3138299917e-07, 8.22724132377e-07, 6.35013861938e-07],
        "min": [4.62008847846e-10, 7.33556682064e-09, 5.70613423179e-08, 1.51733487996e-07, 3.39612228117e-07, 4.07218607279e-07, 2.72139715207e-07, 2.53984069332e-07, 3.81235281566e-07, 1.35544007662e-06, 6.94473726526e-07, 4.69745998544e-07, 3.5195805026e-07, 3.1177182791e-07, 1.38736623967e-07, 5.90968767256e-08, 3.5242766927e-08, 5.38770699166e-08, 6.41673949531e-08, 2.75275926498e-08, 2.76907972108e-08, 4.60923814671e-08, 1.65182036937e-08, 2.11312727316e-08, 2.43771367536e-08, 1.50216872274e-09, 2.78748690796e-10, 1.12373867156e-10, 2.3083562839e-11, 8.1851747602e-11, 2.72929370077e-11, 2.22768869323e-11, 4.0853921808e-12, 1.66362236487e-12, 2.67411028217e-12, 2.7760430673e-12, 1.57976583204e-12, 1.21441572076e-12, 1.15621488078e-12, 9.18681255201e-13],
        "stdev": [0.00610206183046, 0.00347592285834, 0.00143382209353, 0.00073365640128, 0.000766603741795, 0.00053984276019, 0.000384238694096, 0.000332960509695, 0.000437001493992, 0.00057766167447, 0.000350325193722, 0.000544032489415, 0.000682869926095, 0.000273250305327, 0.000344812782714, 0.000193523112102, 8.80630686879e-05, 7.49345854274e-05, 9.86363520497e-05, 0.000108298983832, 3.26933259203e-05, 3.77751748601e-05, 6.54800751363e-05, 9.61665355135e-05, 0.00017709597887, 0.000102064535895, 1.21656185001e-05, 1.63409513334e-05, 9.96444850898e-06, 7.97718166723e-06, 7.90325611888e-06, 6.71144653097e-06, 9.9181479527e-06, 1.02030408016e-05, 5.00602209286e-06, 3.46035608345e-06, 2.5140282105e-06, 2.76150399259e-06, 2.53785788118e-06, 1.77669585355e-06]
    },
    "melbands128": {
        "max": [0.0122982580215, 0.036730889231, 0.0503723025322, 0.0359585806727, 0.0284025147557, 0.0251793731004, 0.0263263508677, 0.0151658887044, 0.013843998313, 0.0176011882722, 0.0116989808157, 0.0139248520136, 0.012702986598, 0.015123847872, 0.00893223285675, 0.00724772363901, 0.0175481215119, 0.00792721658945, 0.0098372688517, 0.00759013928473, 0.00922238640487, 0.00909203197807, 0.010243169032, 0.00909859407693, 0.0140122165903, 0.00978711806238, 0.00903820060194, 0.00655278563499, 0.0136324679479, 0.00736991455778, 0.0113631663844, 0.011992986314, 0.0106329675764, 0.0084314616397, 0.00938155408949, 0.00571559043601, 0.00512486463413, 0.00534335058182, 0.00754609564319, 0.00600302452222, 0.00293393712491, 0.0024927391205, 0.0017310482217, 0.00162455462851, 0.00295462482609, 0.00312636280432, 0.002219094662, 0.00179531017784, 0.00233820895664, 0.00380060262978, 0.0010713400552, 0.000856204307638, 0.000996798626147, 0.000576849095523, 0.00139324902557, 0.000793987303041, 0.00145151664037, 0.00177698058542, 0.00380917824805, 0.00305936695077, 0.00268731755204, 0.00418162345886, 0.0110827758908, 0.00425055203959, 0.00446139276028, 0.00144035485573, 0.000811677949969, 0.000400573277147, 0.000176537258085, 0.000293093064101, 0.000531261961441, 0.000302318105241, 0.000169165985426, 0.000307611597236, 0.000317186670145, 0.000169676990481, 9.74562353804e-05, 0.000168145052157, 0.000140873089549, 0.000143068551552, 0.000127361403429, 0.000155233472469, 0.000150591265992, 0.00048424580018, 0.000472011015518, 0.000251646182733, 0.000238294960582, 0.000101980243926, 7.19250674592e-05, 6.71073430567e-05, 5.42379057151e-05, 8.26852556202e-05, 3.92648216803e-05, 3.72639551642e-05, 3.27044872392e-05, 9.75003422354e-05, 8.46264665597e-05, 9.76164010353e-05, 5.04306444782e-05, 7.6574702689e-05, 4.30490217695e-05, 3.79736957257e-05, 1.77696474566e-05, 1.52078318933e-05, 1.74155175046e-05, 2.26974625548e-05, 2.3985732696e-05, 2.55443210335e-05, 3.07229638565e-05, 2.11004808079e-05, 1.09782567961e-05, 2.21474983846e-05, 3.39060316037e-05, 3.69721601601e-05, 7.85318297858e-06, 6.74769262332e-06, 2.48316882789e-06, 7.45335739794e-07, 7.65939319081e-07, 6.17180489826e-07, 3.70837767605e-07, 9.99913140731e-07, 6.2104453491e-07, 2.51745202462e-08, 9.11677933146e-09, 9.02441499306e-09, 8.93938700841e-09, 8.89119800007e-09],
        "mean": [0.00127399107441, 0.00601929426193, 0.00658830348402, 0.0040934914723, 0.00220205495134, 0.00113427301403, 0.000599428080022, 0.000387856125599, 0.000300751184113, 0.000331976334564, 0.000359030091204, 0.000382906786399, 0.000361947517376, 0.000464486598503, 0.000277949642623, 0.00017571655917, 0.000207938923268, 0.000244988856139, 0.000165690187714, 0.000189778380445, 0.00016286886239, 0.00016861432232, 0.000197497603949, 0.00021630275296, 0.000278812192846, 0.000195451531908, 0.000137418595841, 0.000153017754201, 0.0001474890596, 0.000226285425015, 0.000227942480706, 0.000365047104424, 0.000352801172994, 0.000270218792139, 8.10868223198e-05, 8.40299835545e-05, 8.78552964423e-05, 8.98683210835e-05, 0.000224783958402, 0.000120187782159, 3.11360527121e-05, 3.79941957362e-05, 5.22748341609e-05, 4.66130732093e-05, 2.59892349277e-05, 2.864579983e-05, 3.60380727216e-05, 2.32615184359e-05, 4.09644562751e-05, 7.11341854185e-05, 2.19306984945e-05, 1.16159935715e-05, 1.02705280369e-05, 1.02014428194e-05, 1.59903811436e-05, 1.05955159597e-05, 1.03916354419e-05, 1.50660789586e-05, 1.30163361973e-05, 9.42009228311e-06, 1.3291227333e-05, 1.95145712496e-05, 3.46257656929e-05, 3.06698275381e-05, 4.9143218348e-05, 1.40118481795e-05, 8.68832921697e-06, 4.47427646577e-06, 3.76092043552e-06, 9.93382218439e-06, 9.88381543721e-06, 7.16990780347e-06, 5.214135399e-06, 4.45440855401e-06, 4.848714525e-06, 3.59187674803e-06, 2.0274057988e-06, 2.28411954595e-06, 3.87288082493e-06, 3.72239082935e-06, 2.34123217524e-06, 2.29578199651e-06, 2.58160207522e-06, 3.15331089951e-06, 3.42097928296e-06, 3.74440446649e-06, 5.08655148224e-06, 3.23970311911e-06, 2.51928076977e-06, 2.62496018877e-06, 1.65227470461e-06, 1.33816399739e-06, 1.30902105866e-06, 1.12818565867e-06, 1.0917929103e-06, 1.01252510376e-06, 9.0529448471e-07, 7.90446506471e-07, 8.18799378521e-07, 8.98873679489e-07, 6.84935685058e-07, 6.01182023274e-07, 5.31306909579e-07, 4.84513293486e-07, 3.52869534481e-07, 3.4779296243e-07, 3.53858894186e-07, 2.75570215535e-07, 3.05810118562e-07, 2.4777656904e-07, 1.97471209162e-07, 1.99001789269e-07, 1.47945598883e-07, 1.13446525063e-07, 7.13301275823e-08, 4.71269387958e-08, 1.56888049219e-08, 2.11759543234e-09, 1.09526754333e-09, 1.29261601423e-09, 9.28680798928e-10, 1.10801468001e-09, 6.40393904572e-10, 3.69103116127e-11, 1.41491245803e-11, 1.36186721622e-11, 1.32936240141e-11, 1.3185321758e-11],
        "min": [2.86944751814e-12, 2.02335898036e-10, 8.28588142543e-10, 4.40471520369e-10, 9.3674501489e-10, 2.23689333723e-09, 6.4553664636e-09, 2.56906229623e-09, 7.7467483095e-08, 9.33528276903e-09, 8.56560973261e-08, 3.93784276298e-08, 7.38817647061e-08, 1.04653778976e-07, 1.7021098131e-07, 1.10939197384e-07, 1.51739044441e-07, 7.74158337435e-08, 7.57808464869e-08, 6.89462993364e-08, 1.02685234538e-07, 6.03682579481e-08, 1.07849423614e-07, 2.30497363418e-07, 4.79377433749e-07, 2.13292082663e-07, 1.53026888938e-07, 2.43948534262e-07, 1.40605692422e-07, 2.15903042999e-07, 2.53587188581e-07, 2.65930761856e-08, 1.70141532863e-07, 9.06789665578e-08, 1.13382760958e-07, 1.94455065383e-08, 2.8269205643e-08, 5.04821890956e-08, 6.25253804287e-08, 5.36750732749e-08, 3.48738922185e-08, 3.22752669035e-08, 2.51464147283e-08, 1.9435484333e-08, 2.50478109365e-08, 1.45144554153e-08, 8.60988169649e-09, 1.17068577055e-08, 4.86043427728e-09, 2.36456454417e-09, 3.84540266296e-09, 2.67890465366e-09, 4.31829416669e-09, 7.483087483e-10, 1.25260679606e-09, 3.11106385098e-09, 1.8079976627e-08, 7.23232407296e-09, 1.14776277371e-09, 2.13688244877e-09, 2.58889221172e-09, 4.29698543414e-09, 1.02530250956e-08, 4.04897937401e-09, 2.37869324238e-09, 1.08499154106e-09, 4.22304996528e-10, 3.62150143207e-10, 2.09791323202e-10, 1.87627274828e-10, 9.17060732908e-11, 4.59970082856e-11, 1.83003317361e-11, 1.62305065221e-11, 1.32357189445e-11, 2.56772172968e-11, 3.83160170259e-11, 2.57099497941e-11, 2.72722174705e-11, 2.6035083811e-11, 2.23932608567e-11, 2.119403264e-11, 3.30540499485e-12, 1.70893789571e-12, 1.46303704828e-12, 9.96288555127e-13, 1.67367389479e-12, 1.97870561082e-12, 1.63374869189e-12, 2.02355146528e-12, 3.37102633134e-12, 1.95968350054e-12, 1.33993326417e-12, 1.70433621643e-12, 1.32909406137e-12, 8.28933926708e-13, 9.35368536098e-13, 1.0484187303e-12, 8.32390688495e-13, 1.00848561273e-12, 9.27761990496e-13, 6.87525232058e-13, 5.66152430926e-13, 4.83488086806e-13, 5.13293455049e-13, 3.38318836921e-13, 3.8350548323e-13, 6.29661470533e-13, 3.18643196681e-13, 4.34662993532e-13, 4.19820672367e-13, 4.64192649163e-13, 4.41966829887e-13, 3.24690036142e-13, 3.56512806473e-13, 3.5180777562e-13, 4.27119358761e-13, 4.49417169061e-13, 3.84975119274e-13, 4.25521109234e-13, 3.83630085164e-13, 4.63728827473e-13, 3.79514887398e-13, 4.06537867606e-13, 2.37115286173e-13, 1.1418283311e-13, 1.24539525285e-14, 4.1104978977e-16],
        "stdev": [0.00271146185696, 0.00834904052317, 0.00850358977914, 0.00589464837685, 0.00453221611679, 0.00312996702269, 0.0022132138256, 0.00112269353122, 0.000864381843712, 0.000964761595242, 0.000815513427369, 0.00092641543597, 0.00099954509642, 0.00121467874851, 0.00067687506089, 0.000437861395767, 0.000563856272493, 0.000497551751323, 0.000423225428676, 0.000403307087254, 0.000450945168268, 0.000530474120751, 0.000632286421023, 0.000599893101025, 0.000857606704812, 0.000745558703784, 0.000439270515926, 0.000415997114033, 0.000477823079564, 0.000629603222478, 0.000742720381822, 0.00126507261302, 0.000947822467424, 0.000912932213396, 0.000350841379259, 0.000352337519871, 0.000317840662319, 0.00037878807052, 0.0007597199874, 0.000405238854, 0.000106143590529, 0.000110309803858, 0.000137003895361, 0.00012467954366, 0.000105464016087, 0.000107671556179, 0.000136050002766, 0.000108165455458, 0.00015538482694, 0.000309777009534, 8.55980615597e-05, 4.11699875258e-05, 4.15981448896e-05, 3.60961130355e-05, 8.44249661895e-05, 4.33978930232e-05, 4.69006918138e-05, 6.30880604149e-05, 0.000116213122965, 7.99354747869e-05, 0.000104248210846, 0.000168188518728, 0.000387143663829, 0.000216839529458, 0.000340304512065, 9.5678755315e-05, 3.39100770361e-05, 1.73857606569e-05, 1.00061861303e-05, 2.46222116402e-05, 2.77973467746e-05, 2.14722094825e-05, 1.27263920149e-05, 1.24201760627e-05, 1.523148876e-05, 1.12669140435e-05, 6.79944969306e-06, 8.12340931589e-06, 1.07979594759e-05, 1.01647074189e-05, 7.10633321432e-06, 7.95285632194e-06, 8.23536720418e-06, 1.45305511978e-05, 1.65119236044e-05, 1.31580145535e-05, 1.60227154993e-05, 7.84555959399e-06, 5.3805688367e-06, 5.39490338269e-06, 3.9692813516e-06, 3.70101224689e-06, 2.82615656033e-06, 2.66249799097e-06, 2.49303570854e-06, 3.17971034747e-06, 3.20874755744e-06, 2.67796167464e-06, 2.539776915e-06, 3.19347464028e-06, 2.03130957743e-06, 1.80029132935e-06, 1.356802386e-06, 1.19834339785e-06, 9.50177081904e-07, 1.0198457403e-06, 1.03951322217e-06, 9.36141361763e-07, 1.15400132472e-06, 8.94990819233e-07, 6.06092783073e-07, 8.19890999537e-07, 9.36821777486e-07, 8.68735241966e-07, 3.15145797458e-07, 2.20098158366e-07, 9.63227577699e-08, 2.15128075354e-08, 1.82534343196e-08, 1.77828365366e-08, 1.1369235331e-08, 2.3030880314e-08, 1.6000116787e-08, 7.56210094544e-10, 2.72793870826e-10, 2.69984756773e-10, 2.67478927896e-10, 2.66027089246e-10]
    },
    "mfcc": {
        "mean": [-660.738098145, 120.607650757, -1.36872386932, 7.92748069763, -12.1135854721, 3.50901222229, -1.6304397583, 8.2735490799, -8.63307857513, 5.78021764755, -1.62495601177, -0.95442378521, 2.88803005219],
        "cov": [[4128.09228516, -1321.2479248, 27.2394142151, -123.398521423, 359.065704346, 387.036956787, 408.248901367, 152.585296631, 281.646118164, 155.776992798, 139.213851929, 162.246780396, 187.758758545], [-1321.2479248, 2143.94775391, 50.2996749878, 649.655761719, 216.599700928, 273.801300049, 199.169662476, 147.996414185, 162.844436646, 93.1578826904, 143.635116577, 187.629638672, 83.4813079834], [27.2394142151, 50.2996749878, 1312.22363281, 331.258453369, 455.110687256, 199.073760986, 40.9047088623, 5.63558912277, 245.586196899, -29.3475418091, 58.6064605713, 120.14981842, 33.00258255], [-123.398521423, 649.655761719, 331.258453369, 716.393310547, 268.389038086, 277.499328613, 71.9114990234, 86.1683654785, 188.681640625, 53.7387504578, 94.938911438, 187.395629883, 84.7300186157], [359.065704346, 216.599700928, 455.110687256, 268.389038086, 495.115264893, 215.142181396, 137.072143555, 54.7350120544, 246.85508728, 53.0444946289, 82.6948852539, 136.754501343, 96.2699050903], [387.036956787, 273.801300049, 199.073760986, 277.499328613, 215.142181396, 604.155273438, 310.04876709, 109.851150513, 196.046768188, 87.3890914917, 166.479324341, 150.404205322, 118.241256714], [408.248901367, 199.169662476, 40.9047088623, 71.9114990234, 137.072143555, 310.04876709, 434.130706787, 130.712142944, 135.466522217, 98.9395980835, 146.901031494, 81.8768844604, 93.381477356], [152.585296631, 147.996414185, 5.63558912277, 86.1683654785, 54.7350120544, 109.851150513, 130.712142944, 200.681137085, 91.3265762329, 63.7251853943, 80.2595062256, 47.0793571472, 37.7058143616], [281.646118164, 162.844436646, 245.586196899, 188.681640625, 246.85508728, 196.046768188, 135.466522217, 91.3265762329, 368.408538818, 25.058801651, 144.419830322, 117.672737122, 57.4539985657], [155.776992798, 93.1578826904, -29.3475418091, 53.7387504578, 53.0444946289, 87.3890914917, 98.9395980835, 63.7251853943, 25.058801651, 160.500839233, 54.8039054871, 44.5671653748, 47.2400741577], [139.213851929, 143.635116577, 58.6064605713, 94.938911438, 82.6948852539, 166.479324341, 146.901031494, 80.2595062256, 144.419830322, 54.8039054871, 211.060577393, 72.4333953857, 53.0579910278], [162.246780396, 187.629638672, 120.14981842, 187.395629883, 136.754501343, 150.404205322, 81.8768844604, 47.0793571472, 117.672737122, 44.5671653748, 72.4333953857, 173.757141113, 76.3381576538], [187.758758545, 83.4813079834, 33.00258255, 84.7300186157, 96.2699050903, 118.241256714, 93.381477356, 37.7058143616, 57.4539985657, 47.2400741577, 53.0579910278, 76.3381576538, 132.707000732]],
        "icov": [[0.000488169986056, 0.000443103024736, 0.000188911057194, -5.10515164933e-05, -0.000381331628887, -9.37529694056e-05, -0.000318046892062, -0.000169670180185, -0.000121097233205, -0.000137316455948, 0.000110461827717, -0.000310728093609, -0.000115748334792], [0.000443103024736, 0.00110078300349, 0.000330909097102, -0.000733354652766, -0.000438062706962, 3.56568671123e-05, -0.00054917804664, -0.000264844857156, 8.8035931185e-06, -9.64492355706e-05, -4.40730509581e-05, -0.000399137526983, 9.19976009754e-05], [0.000188911057194, 0.000330909097102, 0.00134188099764, -0.000362421589671, -0.00129575980827, -0.00016333363601, -1.55597717821e-05, 5.22672089573e-05, -8.4580591647e-05, 0.000426601007348, -5.44629510841e-05, -0.000168756872881, 0.000507469812874], [-5.10515164933e-05, -0.000733354652766, -0.000362421589671, 0.00305720907636, -0.000391364621464, -0.00087314308621, 0.00109786051326, -0.000476900255308, -7.82223505666e-05, -0.000104343271232, 0.000114795606351, -0.00149012671318, -2.1125018975e-05], [-0.000381331628887, -0.000438062706962, -0.00129575980827, -0.000391364621464, 0.00514857145026, 0.000101467463537, -0.000302160624415, 0.000684383150656, -0.00205735210329, -0.000848863855936, 0.00101096159779, -0.000173402760993, -0.00153153820429], [-9.37529694056e-05, 3.56568671123e-05, -0.00016333363601, -0.00087314308621, 0.000101467463537, 0.00353897432797, -0.00189760897774, 0.000286131922621, -0.000170726081706, 2.31446556427e-05, -0.000688935804646, -0.000562474189792, -0.000599839433562], [-0.000318046892062, -0.00054917804664, -1.55597717821e-05, 0.00109786051326, -0.000302160624415, -0.00189760897774, 0.00516740418971, -0.00134404876735, 5.29976277903e-05, -0.000770298705902, -0.00119192979764, 0.000552018929739, -0.000835656246636], [-0.000169670180185, -0.000264844857156, 5.22672089573e-05, -0.000476900255308, 0.000684383150656, 0.000286131922621, -0.00134404876735, 0.00731098977849, -0.00117470440455, -0.00162551319227, -0.000727374514099, 0.000293736666208, 2.42966707447e-05], [-0.000121097233205, 8.8035931185e-06, -8.4580591647e-05, -7.82223505666e-05, -0.00205735210329, -0.000170726081706, 5.29976277903e-05, -0.00117470440455, 0.00587534764782, 0.00141603022348, -0.00268953037448, -0.00134417286608, 0.000978626543656], [-0.000137316455948, -9.64492355706e-05, 0.000426601007348, -0.000104343271232, -0.000848863855936, 2.31446556427e-05, -0.000770298705902, -0.00162551319227, 0.00141603022348, 0.00858355406672, -0.00114186503924, -0.00076172495028, -0.000959317258094], [0.000110461827717, -4.40730509581e-05, -5.44629510841e-05, 0.000114795606351, 0.00101096159779, -0.000688935804646, -0.00119192979764, -0.000727374514099, -0.00268953037448, -0.00114186503924, 0.00845744088292, -0.000698814168572, -0.000671003072057], [-0.000310728093609, -0.000399137526983, -0.000168756872881, -0.00149012671318, -0.000173402760993, -0.000562474189792, 0.000552018929739, 0.000293736666208, -0.00134417286608, -0.00076172495028, -0.000698814168572, 0.0114752491936, -0.0036293650046], [-0.000115748334792, 9.19976009754e-05, 0.000507469812874, -2.1125018975e-05, -0.00153153820429, -0.000599839433562, -0.000835656246636, 2.42966707447e-05, 0.000978626543656, -0.000959317258094, -0.000671003072057, -0.0036293650046, 0.0120290080085]]
    },
    "spectral_contrast_coeffs": {
        "max": [-0.345428824425, -0.461744576693, -0.478673160076, -0.471320420504, -0.573203027248, -0.485581666231],
        "mean": [-0.68873924017, -0.762100875378, -0.742198288441, -0.777953326702, -0.774163424969, -0.755084872246],
        "min": [-0.917439937592, -0.924840986729, -0.890987992287, -0.906544387341, -0.884963274002, -0.905232965946],
        "stdev": [0.104119561613, 0.0665965527296, 0.0738134309649, 0.0703803300858, 0.0600330457091, 0.0626830905676]
    },
    "spectral_contrast_valleys": {
        "max": [-4.84693384171, -4.81771183014, -5.35668087006, -5.81326198578, -5.7764582634, -7.81269598007],
        "mean": [-7.33025741577, -6.61629390717, -7.31285953522, -7.90089893341, -7.99501037598, -10.5950574875],
        "min": [-11.4539613724, -8.75013160706, -9.40239143372, -9.94053077698, -12.605928421, -16.0298671722],
        "stdev": [1.33261239529, 0.57636064291, 0.689324319363, 0.7064281106, 0.760034322739, 1.41615009308]
    }
},
"rhythm": {
    "beats_count": 108,
    "beats_loudness": {
        "max": 0.116032853723,
        "mean": 0.0433645397425,
        "min": 0.00082742178347,
        "stdev": 0.028195573017
    },
    "bpm": 130.416610718,
    "bpm_histogram_first_peak_bpm": 129,
    "bpm_histogram_first_peak_weight": 0.522727251053,
    "bpm_histogram_second_peak_bpm": 105,
    "bpm_histogram_second_peak_spread": 0.399999976158,
    "bpm_histogram_second_peak_weight": 0.0560747645795,
    "danceability": 0.952332019806,
    "onset_rate": 3.43604683876,
    "beats_loudness_band_ratio": {
        "max": [0.972811460495, 0.775004923344, 0.894100606441, 0.908020615578, 0.302769899368, 0.737596929073],
        "mean": [0.450033783913, 0.132211402059, 0.16493357718, 0.167560070753, 0.044456616044, 0.0719187855721],
        "min": [0.000117126393889, 0.00155979057308, 0.00345466798171, 0.00144633091986, 0.000443948403699, 0.000144284582348],
        "stdev": [0.353910803795, 0.147603958845, 0.179907441139, 0.194422245026, 0.0531691461802, 0.130092933774]
    },
