{
"metadata": {
    "version": {
        "essentia": "2.1-beta5",
        "essentia_git_sha": "Undefined",
        "extractor": "music 2.0"
    },
    "audio_properties": {
        "analysis": {
            "equal_loudness": 0,
            "length": 32.4963264465,
            "sample_rate": 44100,
            "start_time": 12.7477550507,
            "downmix": "mix"
        },
        "bit_rate": 192000,
        "length": 184.761184692,
        "lossless": 0,
        "number_channels": 2,
        "replay_gain": 1.63248252869,
        "sample_rate": 48000,
        "codec": "mp3",
        "md5_encoded": "8f8f414dd59d24b40f21d605083f2dda"
    },
    "tags": {
        "file_name": "Netherlands_Outlaw In _Em_Waylon.mp3",
        "encoding": ["Lavf58.29.100"]
    }
},
"lowlevel": {
    "average_loudness": 0.938576340675,
    "barkbands_crest": {
        "max": 25.1545391083,
        "mean": 10.5306415558,
        "min": 2.96769070625,
        "stdev": 4.74347829819
    },
    "barkbands_flatness_db": {
        "max": 0.444139510393,
        "mean": 0.185984075069,
        "min": 0.0405394844711,
        "stdev": 0.0649035423994
    },
    "barkbands_kurtosis": {
        "max": 231.433425903,
        "mean": 8.64810657501,
        "min": -1.82647252083,
        "stdev": 17.8550357819
    },
    "barkbands_skewness": {
        "max": 12.1323671341,
        "mean": 1.94998669624,
        "min": -1.28557467461,
        "stdev": 1.68310785294
    },
    "barkbands_spread": {
        "max": 92.4532089233,
        "mean": 15.7327384949,
        "min": 0.419169396162,
        "stdev": 11.2955474854
    },
    "dissonance": {
        "max": 0.49975040555,
        "mean": 0.451540052891,
        "min": 0.238527595997,
        "stdev": 0.0352779962122
    },
    "dynamic_complexity": 2.82252693176,
    "erbbands_crest": {
        "max": 25.9177150726,
        "mean": 9.13935565948,
        "min": 2.7560441494,
        "stdev": 4.56202936172
    },
    "erbbands_flatness_db": {
        "max": 0.359084933996,
        "mean": 0.190619364381,
        "min": 0.0696753337979,
        "stdev": 0.0505928471684
    },
    "erbbands_kurtosis": {
        "max": 25.7970294952,
        "mean": 1.05375814438,
        "min": -1.8516087532,
        "stdev": 3.54018235207
    },
    "erbbands_skewness": {
        "max": 4.28331708908,
        "mean": 0.45022636652,
        "min": -2.3220603466,
        "stdev": 0.732864916325
    },
    "erbbands_spread": {
        "max": 140.425582886,
        "mean": 34.091053009,
        "min": 3.65799975395,
        "stdev": 17.5105838776
    },
    "hfc": {
        "max": 78.1529693604,
        "mean": 17.4010848999,
        "min": 0.458313256502,
        "stdev": 14.2881422043
    },
    "loudness_ebu128": {
        "integrated": -24.7833328247,
        "loudness_range": 3.327917099,
        "momentary": {
            "max": -21.7092914581,
            "mean": -25.2571220398,
            "min": -31.3801898956,
            "stdev": 2.14972162247
        },
        "short_term": {
            "max": -22.3861656189,
            "mean": -24.8617019653,
            "min": -26.7532672882,
            "stdev": 1.08375382423
        }
    },
    "melbands_crest": {
        "max": 35.594783783,
        "mean": 14.6033143997,
        "min": 3.90578842163,
        "stdev": 6.01651382446
    },
    "melbands_flatness_db": {
        "max": 0.57902443409,
        "mean": 0.25306135416,
        "min": 0.0592247098684,
        "stdev": 0.083215162158
    },
    "melbands_kurtosis": {
        "max": 330.451965332,
        "mean": 18.5649776459,
        "min": -1.41446316242,
        "stdev": 30.6815986633
    },
    "melbands_skewness": {
        "max": 15.5965747833,
        "mean": 2.86972379684,
        "min": -0.803764760494,
        "stdev": 2.07533216476
    },
    "melbands_spread": {
        "max": 154.159988403,
        "mean": 17.2479019165,
        "min": 0.446485072374,
        "stdev": 13.9236936569
    },
    "pitch_salience": {
        "max": 0.873749375343,
        "mean": 0.551077365875,
        "min": 0.0991647318006,
        "stdev": 0.130004405975
    },
    "silence_rate_20dB": {
        "max": 1,
        "mean": 1,
        "min": 1,
        "stdev": 0
    },
    "silence_rate_30dB": {
        "max": 1,
        "mean": 0.915774464607,
        "min": 0,
        "stdev": 0.277727484703
    },
    "silence_rate_60dB": {
        "max": 1,
        "mean": 0.00356887932867,
        "min": 0,
        "stdev": 0.0596338622272
    },
    "spectral_centroid": {
        "max": 4286.95019531,
        "mean": 1013.72241211,
        "min": 164.852371216,
        "stdev": 524.21887207
    },
    "spectral_complexity": {
        "max": 47,
        "mean": 16.4489650726,
        "min": 0,
        "stdev": 6.87196159363
    },
    "spectral_decrease": {
        "max": -1.39319861203e-10,
        "mean": -1.03745021462e-08,
        "min": -9.11943018878e-08,
        "stdev": 1.2965370999e-08
    },
    "spectral_energy": {
        "max": 0.348838537931,
        "mean": 0.0407341234386,
        "min": 0.00056861230405,
        "stdev": 0.0495948679745
    },
    "spectral_energyband_high": {
        "max": 0.00925426930189,
        "mean": 0.000394239032175,
        "min": 1.98953760133e-08,
        "stdev": 0.000721788208466
    },
    "spectral_energyband_low": {
        "max": 0.308466047049,
        "mean": 0.0214408431202,
        "min": 4.72489336971e-05,
        "stdev": 0.0454946868122
    },
    "spectral_energyband_middle_high": {
        "max": 0.0536640621722,
        "mean": 0.00558493752033,
        "min": 4.76425084344e-05,
        "stdev": 0.00768248317763
    },
    "spectral_energyband_middle_low": {
        "max": 0.123127549887,
        "mean": 0.0148768415675,
        "min": 0.00029192987131,
        "stdev": 0.0143610145897
    },
    "spectral_entropy": {
        "max": 8.72074890137,
        "mean": 7.24995946884,
        "min": 5.58515787125,
        "stdev": 0.463934004307
    },
    "spectral_flux": {
        "max": 0.45988419652,
        "mean": 0.100723885,
        "min": 0.0145284887403,
        "stdev": 0.0776407346129
    },
    "spectral_kurtosis": {
        "max": 81.835723877,
        "mean": 6.4741153717,
        "min": -0.557394742966,
        "stdev": 6.58887481689
    },
    "spectral_rms": {
        "max": 0.018448041752,
        "mean": 0.00561047205701,
        "min": 0.000744811201002,
        "stdev": 0.00287458091043
    },
    "spectral_rolloff": {
        "max": 9776.07421875,
        "mean": 949.211730957,
        "min": 64.599609375,
        "stdev": 931.69708252
    },
    "spectral_skewness": {
        "max": 6.94744300842,
        "mean": 1.73355078697,
        "min": 0.108606003225,
        "stdev": 0.718629777431
    },
    "spectral_spread": {
        "max": 12207107,
        "mean": 3569369,
        "min": 840878.75,
        "stdev": 1212009.625
    },
    "spectral_strongpeak": {
        "max": 8.9561920166,
        "mean": 0.996907711029,
        "min": 0,
        "stdev": 1.36214649677
    },
    "zerocrossingrate": {
        "max": 0.25537109375,
        "mean": 0.0384292341769,
        "min": 0.001953125,
        "stdev": 0.0226822476834
    },
    "barkbands": {
        "max": [0.020501466468, 0.287240535021, 0.123955279589, 0.0550763309002, 0.102531649172, 0.0681347921491, 0.0383774116635, 0.0356542207301, 0.0243706777692, 0.0269643142819, 0.04685774073, 0.0187267549336, 0.00664826342836, 0.00776100950316, 0.013417031616, 0.00743348570541, 0.00427977880463, 0.00321781821549, 0.00462316535413, 0.0024674681481, 0.00182498444337, 0.00246447068639, 0.00220180512406, 0.00284817093052, 0.00153649784625, 0.000374699593522, 1.24177549878e-05],
        "mean": [0.000974595313892, 0.0140954367816, 0.00491739995778, 0.00310056493618, 0.00496894167736, 0.00177733099554, 0.00185677118134, 0.00132348504849, 0.00163943110965, 0.00100410869345, 0.00167693314143, 0.000508492870722, 0.000325462751789, 0.000391678127926, 0.000570158823393, 0.000394669448724, 0.000288386334432, 0.000220254762098, 0.000203086950933, 0.000174164146301, 7.47071972e-05, 0.000110641645733, 6.07599249633e-05, 4.4706499466e-05, 2.50075463555e-05, 6.81632081978e-06, 1.36661924444e-07],
        "min": [2.93091879655e-08, 3.03809110846e-06, 1.54159788508e-05, 8.50382457429e-06, 1.16617793537e-05, 1.12259986054e-05, 1.91655453818e-05, 3.30436546392e-06, 2.47128718911e-06, 3.26237773152e-06, 5.39134725841e-06, 6.92669459568e-07, 4.25552173056e-07, 7.29056523596e-07, 2.0146942461e-06, 6.31052330391e-07, 7.51330560433e-07, 2.44742437872e-07, 3.61232139312e-07, 8.729943346e-08, 4.67442573537e-09, 2.52532794676e-09, 6.30147489744e-10, 1.58018584329e-10, 1.59497817731e-10, 1.53456913843e-10, 2.08015771275e-10],
        "stdev": [0.00232520955615, 0.037179172039, 0.0103257372975, 0.00498722679913, 0.00743033736944, 0.00394060509279, 0.00361574487761, 0.00338073866442, 0.00281444052234, 0.00201545795426, 0.00568410893902, 0.00140133942477, 0.000729092804249, 0.000870868971106, 0.00121570785996, 0.000736071146093, 0.000419113610405, 0.00032548600575, 0.000411716493545, 0.000276864506304, 0.000154838999151, 0.000262009503786, 0.000143911354826, 0.000148305669427, 0.000102251695353, 2.43696867983e-05, 7.02370073213e-07]
    },
    "erbbands": {
        "max": [9.64599990845, 61.5422859192, 113.829902649, 175.340698242, 285.558135986, 401.36038208, 504.947601318, 582.50579834, 486.200500488, 733.59185791, 954.647521973, 685.807189941, 301.587036133, 1285.79467773, 1853.31982422, 895.625854492, 376.468658447, 410.919799805, 559.858520508, 939.880065918, 467.644165039, 219.534011841, 138.085021973, 135.710159302, 218.176010132, 135.542037964, 76.5107498169, 76.5539016724, 81.1336898804, 58.6379051208, 53.8778610229, 52.157459259, 55.8331871033, 23.8774204254, 10.5950164795, 3.10335111618, 0.488750994205, 0.0570215657353, 0.00146271148697, 0.000380516285077],
        "mean": [0.549152553082, 2.57864189148, 5.54803752899, 8.44496154785, 13.6688556671, 17.9132404327, 14.9164447784, 14.0858097076, 19.8614253998, 30.7330875397, 36.1033287048, 39.6763305664, 29.0044441223, 46.7692642212, 51.98462677, 22.2838802338, 16.6895332336, 16.1098747253, 24.6838951111, 34.1054611206, 19.4707374573, 16.5838890076, 13.2400350571, 9.72810268402, 10.5149888992, 8.38281154633, 3.73255753517, 2.89637589455, 3.51981878281, 3.29622769356, 1.70749926567, 0.971134185791, 0.754312217236, 0.360594630241, 0.132300645113, 0.0442159175873, 0.0100298924372, 0.00118434790056, 4.96664251841e-05, 4.77607791254e-05],
        "min": [2.38844349951e-05, 0.00123752991203, 0.0190935917199, 0.0952641814947, 0.100936956704, 0.0287432428449, 0.0956379473209, 0.162166938186, 0.164879769087, 0.582538306713, 0.0936363488436, 0.0621941275895, 0.0977454259992, 0.166384235024, 0.181408837438, 0.0628612861037, 0.0226136595011, 0.039048589766, 0.0888937935233, 0.132870584726, 0.0572486035526, 0.0434354580939, 0.0146244820207, 0.0141281737015, 0.0121792014688, 0.0022013343405, 0.000213238949073, 0.000242261463427, 0.000128796164063, 5.11346115672e-05, 4.19743373641e-05, 2.35252373386e-05, 1.80719816854e-05, 9.42638780543e-06, 5.39718212167e-06, 2.37710378315e-06, 1.2522009456e-06, 3.26637291437e-07, 7.01494855093e-07, 7.13514566542e-07],
        "stdev": [1.48623168468, 6.90175676346, 11.4655618668, 14.4296340942, 22.2310504913, 28.4547920227, 29.1936359406, 36.7457580566, 41.1124572754, 57.5829696655, 86.5470657349, 71.186668396, 41.7966766357, 118.472503662, 173.933059692, 61.6591835022, 35.3768386841, 33.5624923706, 50.0404853821, 71.4092712402, 36.6443443298, 23.9283351898, 17.9865036011, 15.1008634567, 20.6913509369, 13.5851554871, 6.63660097122, 6.40446710587, 8.33662033081, 7.14031028748, 4.13656997681, 3.34405755997, 2.5931892395, 1.44590890408, 0.562925815582, 0.181437253952, 0.034005574882, 0.00467102555558, 0.000117670424515, 5.49633332412e-05]
    },
    "gfcc": {
        "mean": [-25.8678474426, 142.669113159, -128.872695923, 41.421333313, -54.4200668335, 7.92466592789, -27.57970047, 4.91357374191, -13.9269256592, -11.3223762512, -11.4182710648, -9.5137090683, -1.93738269806],
        "cov": [[3849.7902832, -1857.82556152, 93.2852249146, 239.405395508, -591.675476074, 782.260253906, -553.234313965, 510.950256348, -150.147415161, 160.019622803, -16.0356254578, -15.4178218842, -117.691741943], [-1857.82556152, 1743.97558594, -367.05670166, -63.4010543823, 390.343841553, -606.073730469, 575.253662109, -398.775146484, 282.865386963, -248.131896973, 176.124328613, -132.061660767, 120.094955444], [93.2852249146, -367.05670166, 982.876159668, -30.2466468811, -36.0633811951, 157.976638794, -209.717437744, 159.257843018, -187.795578003, 124.055801392, -72.3733062744, 133.584182739, -61.2436676025], [239.405395508, -63.4010543823, -30.2466468811, 431.650360107, 70.1556015015, 40.6397666931, 41.3752861023, -24.4669456482, 137.816436768, -20.1566123962, 38.3622970581, -67.3342208862, 80.1369552612], [-591.675476074, 390.343841553, -36.0633811951, 70.1556015015, 446.845184326, -137.493377686, 242.341964722, -75.5252075195, 90.8878097534, 82.1469802856, -45.6196136475, 50.0146942139, 21.3804206848], [782.260253906, -606.073730469, 157.976638794, 40.6397666931, -137.493377686, 539.214538574, -108.372543335, 159.326828003, -55.8314170837, 55.8294258118, 23.297328949, 30.270647049, -8.70086956024], [-553.234313965, 575.253662109, -209.717437744, 41.3752861023, 242.341964722, -108.372543335, 508.370391846, -117.548194885, 128.757659912, -41.1014251709, 54.8408584595, 50.6890411377, 37.0989570618], [510.950256348, -398.775146484, 159.257843018, -24.4669456482, -75.5252075195, 159.326828003, -117.548194885, 250.382873535, -59.6390113831, 63.8036346436, -18.4440536499, 47.6276664734, -14.9462795258], [-150.147415161, 282.865386963, -187.795578003, 137.816436768, 90.8878097534, -55.8314170837, 128.757659912, -59.6390113831, 246.416137695, -46.7329788208, 53.7077560425, -70.5060501099, 53.7165222168], [160.019622803, -248.131896973, 124.055801392, -20.1566123962, 82.1469802856, 55.8294258118, -41.1014251709, 63.8036346436, -46.7329788208, 196.524993896, -71.7505950928, 79.5154266357, -32.6661567688], [-16.0356254578, 176.124328613, -72.3733062744, 38.3622970581, -45.6196136475, 23.297328949, 54.8408584595, -18.4440536499, 53.7077560425, -71.7505950928, 175.644424438, -54.1482925415, 50.9554901123], [-15.4178218842, -132.061660767, 133.584182739, -67.3342208862, 50.0146942139, 30.270647049, 50.6890411377, 47.6276664734, -70.5060501099, 79.5154266357, -54.1482925415, 171.4269104, -31.4124279022], [-117.691741943, 120.094955444, -61.2436676025, 80.1369552612, 21.3804206848, -8.70086956024, 37.0989570618, -14.9462795258, 53.7165222168, -32.6661567688, 50.9554901123, -31.4124279022, 99.9874191284]],
        "icov": [[0.000762638752349, 0.00052677851636, 0.000246379437158, -0.000472932850244, 0.000458069669548, -0.000226240299526, -0.000113298716315, -0.000690478540491, -7.06558348611e-05, -0.00023268944642, -0.000359464407666, 0.000353457930032, 0.000872273405548], [0.00052677851636, 0.00641197804362, -0.00130218360573, 0.00352575047873, -0.00276476121508, 0.00352236558683, -0.00362290651537, 0.00292189302854, -0.00258266483434, 0.00359096680768, -0.00330652925186, 0.00357124069706, -0.00265836715698], [0.000246379437158, -0.00130218360573, 0.00190727494191, -0.00142292724922, 0.00057891162578, -0.00108792178798, 0.00141798774712, -0.00140164571349, 0.00128651876003, -0.00102131429594, 0.000387071049772, -0.00163795996923, 0.00147194694728], [-0.000472932850244, 0.00352575047873, -0.00142292724922, 0.00611368753016, -0.00262051378377, 0.0019408025546, -0.0020796074532, 0.00281935767271, -0.00311196967959, 0.00243977201171, -0.00135748833418, 0.00275107310154, -0.00461564678699], [0.000458069669548, -0.00276476121508, 0.00057891162578, -0.00262051378377, 0.00631947908551, -0.0012067053467, -0.000282846245682, -0.00164662837051, 0.000423205376137, -0.00452528847381, 0.00258170790039, -0.00133625732269, 0.00127601239365], [-0.000226240299526, 0.00352236558683, -0.00108792178798, 0.0019408025546, -0.0012067053467, 0.00491046858951, -0.00228574732319, 0.00104156811722, -0.00132285314612, 0.00156863150187, -0.00238325423561, 0.00177760445513, -0.00203358242288], [-0.000113298716315, -0.00362290651537, 0.00141798774712, -0.0020796074532, -0.000282846245682, -0.00228574732319, 0.00626656506211, -0.00100365991239, 0.000366055639461, -0.000662524835207, 0.000360748090316, -0.00487029179931, 0.00201280205511], [-0.000690478540491, 0.00292189302854, -0.00140164571349, 0.00281935767271, -0.00164662837051, 0.00104156811722, -0.00100365991239, 0.00852595362812, -0.00164049409796, 0.00124553730711, -0.00151387474034, 0.000296326645184, -0.00319793820381], [-7.06558348611e-05, -0.00258266483434, 0.00128651876003, -0.00311196967959, 0.000423205376137, -0.00132285314612, 0.000366055639461, -0.00164049409796, 0.00827661994845, -0.00146899675019, 0.00067417131504, 0.000654371688142, 0.000649995985441], [-0.00023268944642, 0.00359096680768, -0.00102131429594, 0.00243977201171, -0.00452528847381, 0.00156863150187, -0.000662524835207, 0.00124553730711, -0.00146899675019, 0.0111985895783, -0.000496544060297, -0.000778070127126, -0.00117541337386], [-0.000359464407666, -0.00330652925186, 0.000387071049772, -0.00135748833418, 0.00258170790039, -0.00238325423561, 0.000360748090316, -0.00151387474034, 0.00067417131504, -0.000496544060297, 0.0103179356083, -4.0223072574e-05, -0.00204141438007], [0.000353457930032, 0.00357124069706, -0.00163795996923, 0.00275107310154, -0.00133625732269, 0.00177760445513, -0.00487029179931, 0.000296326645184, 0.000654371688142, -0.000778070127126, -4.0223072574e-05, 0.0127748697996, -0.00136163050774], [0.000872273405548, -0.00265836715698, 0.00147194694728, -0.00461564678699, 0.00127601239365, -0.00203358242288, 0.00201280205511, -0.00319793820381, 0.000649995985441, -0.00117541337386, -0.00204141438007, -0.00136163050774, 0.0170265305787]]
    },
    "melbands": {
        "max": [0.0805433541536, 0.0551232993603, 0.0271508935839, 0.0255570430309, 0.0182607527822, 0.0128389848396, 0.00813918747008, 0.00694969901815, 0.0066807908006, 0.00424357876182, 0.00148960063234, 0.00517057348043, 0.00729350373149, 0.00183975673281, 0.00299900351092, 0.000640977057628, 0.000768132507801, 0.00084313005209, 0.00119400350377, 0.00078794057481, 0.000554080121219, 0.000212040162296, 0.0002593662648, 0.000197827030206, 0.000127529492602, 0.000211927603232, 0.000117670133477, 0.000106154097011, 4.82132891193e-05, 4.44858706032e-05, 5.25929972355e-05, 4.76739041915e-05, 5.04152994836e-05, 3.42885869031e-05, 3.39507096214e-05, 3.80644669349e-05, 3.17069134326e-05, 3.65058622265e-05, 3.98274241888e-05, 1.88976246136e-05],
        "mean": [0.00427641207352, 0.00299692293629, 0.00163191277534, 0.00113898643758, 0.000587303948123, 0.000320451159496, 0.000329889124259, 0.000316557183396, 0.000303112610709, 0.000232994891121, 0.000140525342431, 0.00018237142649, 0.000232252947171, 5.22956906934e-05, 5.19892419106e-05, 2.95215832011e-05, 3.03081396851e-05, 4.06819817727e-05, 4.15322319895e-05, 3.63553408533e-05, 2.12650429603e-05, 1.71574829437e-05, 1.42814906212e-05, 1.04106266008e-05, 7.40109226172e-06, 7.88480974734e-06, 7.4063991633e-06, 5.04476429342e-06, 2.41440056925e-06, 1.79026073965e-06, 1.60312606567e-06, 1.89621243862e-06, 2.32846969084e-06, 1.54853069034e-06, 1.03270258478e-06, 6.93606409641e-07, 5.56462794066e-07, 5.39513905551e-07, 4.44479184125e-07, 2.58335660419e-07],
        "min": [4.9509225164e-07, 7.93877188698e-06, 2.00588747248e-05, 3.43363808497e-06, 2.80126823782e-06, 2.77746948996e-06, 3.63249705515e-06, 2.90281377602e-06, 3.46609027702e-07, 2.98019273259e-07, 4.95272956869e-07, 6.02815816819e-07, 7.83357677392e-07, 1.24421134728e-07, 2.88433987805e-08, 5.8640946321e-08, 7.11714989166e-08, 7.65359615684e-08, 1.49346618628e-07, 1.54507191041e-07, 4.76346819767e-08, 4.30603535051e-08, 1.40436222651e-08, 1.15917329069e-08, 9.17433862213e-09, 8.91526674707e-09, 6.11710282428e-09, 3.36828231973e-10, 9.29575097453e-11, 9.60385937443e-11, 1.42273887116e-10, 5.09551290051e-11, 3.15822402952e-11, 2.27754100302e-11, 9.18101532299e-12, 1.63680852726e-12, 1.57717773303e-12, 1.93524514989e-12, 1.57553516674e-12, 1.36680976866e-12],
        "stdev": [0.0114537347108, 0.00618798611686, 0.00245676445775, 0.00171923206653, 0.00101988855749, 0.000776300556026, 0.000670553767122, 0.000579112092964, 0.000665756815579, 0.000424581841798, 0.00020715604478, 0.000456749781733, 0.000818184576929, 0.00012924784096, 0.000155363144586, 6.66371925035e-05, 6.64622348268e-05, 8.66559130372e-05, 9.48433298618e-05, 6.94296977599e-05, 4.63196920464e-05, 2.51005985774e-05, 2.30715413636e-05, 1.60603194672e-05, 1.24035759654e-05, 1.81862324098e-05, 1.25351298266e-05, 8.81757387106e-06, 4.52938502349e-06, 3.79192852051e-06, 3.98542852054e-06, 4.64386675958e-06, 5.78745539315e-06, 3.14098974741e-06, 2.3555601274e-06, 2.38355346482e-06, 1.99180590243e-06, 1.78244488325e-06, 1.83537622434e-06, 1.05280844309e-06]
    },
    "melbands128": {
        "max": [0.0189090985805, 0.0903571918607, 0.126098200679, 0.0980706512928, 0.0696667283773, 0.0621904507279, 0.0399733446538, 0.021819986403, 0.0359109528363, 0.035471059382, 0.0232302118093, 0.0275958627462, 0.0211810395122, 0.026957731694, 0.0190030355006, 0.0131724681705, 0.00764921773225, 0.0147798378021, 0.0137690361589, 0.0123820090666, 0.00831008516252, 0.0130804339424, 0.00897528324276, 0.00644506001845, 0.00735624320805, 0.00963266193867, 0.00400186888874, 0.00204862304963, 0.00374033884145, 0.00646790442988, 0.00952809490263, 0.0106652677059, 0.0147991366684, 0.00438915472478, 0.00367838982493, 0.00363046489656, 0.00567041663453, 0.00580938905478, 0.00145247508772, 0.00139963347465, 0.001180948806, 0.00145175668877, 0.00164333730936, 0.00101157580502, 0.00187309237663, 0.00124985317234, 0.0021352074109, 0.00281858094968, 0.00190751801711, 0.00224243709818, 0.000761030940339, 0.000672041962389, 0.00131524598692, 0.00123833096586, 0.000493774539791, 0.000426298531238, 0.000371979753254, 0.000716722279321, 0.000398404808948, 0.000175129287527, 0.000211338192457, 0.00046858121641, 0.000124257654534, 0.000199865055038, 0.000333748408593, 0.000306187430397, 0.000335902994266, 0.000210322410567, 0.000154480396304, 0.000110431588837, 0.000161564108566, 0.000134712870931, 6.31426009932e-05, 5.2969528042e-05, 5.59199761483e-05, 6.01666324656e-05, 5.21362017025e-05, 4.40025505668e-05, 5.71416421735e-05, 6.91572349751e-05, 5.13771628903e-05, 7.06286955392e-05, 7.11714819772e-05, 6.985951768e-05, 7.79648908065e-05, 3.29341928591e-05, 3.78334661946e-05, 3.84727936762e-05, 3.39271828125e-05, 3.53457362507e-05, 5.30759825779e-05, 4.03486701543e-05, 4.01660145144e-05, 5.10882236995e-05, 2.8659698728e-05, 3.27828165609e-05, 3.55725169356e-05, 4.83680632897e-05, 4.82563227706e-05, 3.45036896761e-05, 2.25971107284e-05, 2.1437441319e-05, 1.51820186147e-05, 1.35998352562e-05, 1.29711315822e-05, 1.66157205967e-05, 1.5082241589e-05, 1.01028244899e-05, 4.59051580037e-06, 2.36624646277e-06, 2.98131180898e-06, 3.65587061424e-06, 1.83026111245e-06, 1.10957785182e-06, 8.12771133951e-07, 1.24367784338e-06, 4.7503496603e-07, 8.88104239039e-08, 2.7742604658e-08, 1.3388926412e-08, 3.13298862409e-08, 3.75997259994e-08, 2.06944310577e-08, 3.35562710951e-09, 3.2837657038e-09, 3.243798119e-09, 3.21228355027e-09, 3.19554316341e-09],
        "mean": [0.00090664223535, 0.00485497713089, 0.00536206923425, 0.0038629588671, 0.0029800538905, 0.00229972205125, 0.00166652130429, 0.00156699388754, 0.00137296959292, 0.00113149243407, 0.00104751903564, 0.000693752139341, 0.000481864932226, 0.000427816237789, 0.000312814459903, 0.000274372956483, 0.000258909974946, 0.000330930517521, 0.000412482477259, 0.000409471482271, 0.000173562206328, 0.000312010495691, 0.000313802884193, 0.000305565336021, 0.000315024051815, 0.000164680663147, 0.000145458587212, 0.00012039559806, 0.00016413499543, 0.000145350131788, 0.000152655338752, 0.000310790550429, 0.000365431624232, 5.2464845794e-05, 4.63872602268e-05, 5.34322389285e-05, 6.40642974759e-05, 5.68325594941e-05, 4.3915664719e-05, 3.24585016642e-05, 2.29465549637e-05, 3.04934055748e-05, 2.54420392594e-05, 2.62556222879e-05, 5.5680895457e-05, 3.77567703254e-05, 3.52048846253e-05, 2.89349172817e-05, 4.59244947706e-05, 7.27143342374e-05, 2.27170985454e-05, 1.91729923245e-05, 2.15252239286e-05, 2.4585520805e-05, 1.5747926227e-05, 1.72557593032e-05, 1.6352696548e-05, 1.70254534169e-05, 1.24102125483e-05, 1.10419623525e-05, 1.2029696336e-05, 8.60757154442e-06, 6.08894333709e-06, 7.53165340939e-06, 8.61838088895e-06, 7.74462296249e-06, 7.69864345784e-06, 7.43047030483e-06, 7.43604550735e-06, 7.3616397458e-06, 5.41298868484e-06, 3.7465308651e-06, 2.92573054139e-06, 2.15103773371e-06, 1.88055628314e-06, 1.72762429429e-06, 1.94731342162e-06, 1.45665660511e-06, 1.59128694577e-06, 1.69193924648e-06, 1.78218078872e-06, 1.78072934887e-06, 2.39847167904e-06, 2.12470808947e-06, 2.9965478916e-06, 1.48119761434e-06, 1.18943228244e-06, 1.19690469091e-06, 1.03390220829e-06, 9.50701860347e-07, 7.73064527948e-07, 6.11950156326e-07, 5.45619855075e-07, 5.84299868933e-07, 5.38202300504e-07, 5.07584331899e-07, 5.75682065573e-07, 5.42821737781e-07, 4.73562892012e-07, 3.827249202e-07, 3.00942531339e-07, 2.48386129442e-07, 1.93978934249e-07, 1.50101371332e-07, 1.45513638472e-07, 1.26216946228e-07, 1.32604043301e-07, 9.7499160745e-08, 7.19402564187e-08, 4.41750849234e-08, 4.38687841608e-08, 3.95859700575e-08, 2.98295681489e-08, 2.11648636395e-08, 1.5263482922e-08, 1.57652717547e-08, 4.79560080535e-09, 4.19744128344e-10, 1.33708780159e-10, 1.04189462613e-10, 1.18014861772e-10, 1.76424846954e-10, 1.20580267993e-10, 1.32428772809e-11, 8.77108281838e-12, 8.08219376841e-12, 7.69779639337e-12, 7.6119232445e-12],
        "min": [8.84724027372e-09, 1.89981719245e-08, 3.05677673396e-07, 2.01349666895e-06, 5.00696478412e-06, 7.51280276745e-06, 4.52517087979e-06, 2.18778041017e-06, 2.40744475377e-06, 9.37381514632e-07, 4.16359625888e-07, 5.35087451681e-07, 1.08593120274e-07, 7.91719116933e-07, 4.54526883686e-07, 1.6601913444e-07, 2.87037494218e-07, 7.38194927408e-08, 9.78885054792e-07, 7.39457618693e-07, 7.07910430719e-07, 4.70231569238e-08, 1.26939454503e-07, 1.16343173318e-07, 9.21475447058e-08, 1.31206832066e-07, 4.07132461078e-08, 3.27835039116e-07, 5.67961990328e-07, 2.8419458431e-07, 8.53003001566e-08, 3.93194710568e-07, 1.26001083345e-07, 1.484139176e-07, 7.78065611939e-08, 9.52295664547e-08, 3.11899839289e-08, 6.323520374e-09, 2.65346749018e-08, 2.8220764392e-08, 2.60002366304e-08, 5.29730392884e-08, 3.42919577179e-08, 4.61529552354e-08, 4.76083812373e-08, 2.14907309726e-08, 3.02012210796e-08, 6.56467236126e-08, 4.48395844899e-08, 2.00077110435e-07, 2.8889358461e-08, 7.48168638154e-09, 1.1963637192e-08, 4.58694842109e-08, 4.55397604071e-08, 2.09533457252e-08, 8.95526319766e-09, 1.70064851091e-08, 1.28113910591e-08, 6.95565649522e-09, 8.05383137958e-09, 3.34406013991e-09, 1.98485872183e-09, 1.00865271691e-08, 1.40938096749e-08, 2.72137401502e-09, 2.86891488344e-09, 1.35884832275e-08, 4.16372669676e-09, 6.94267199286e-10, 2.34873287486e-10, 2.12258169374e-10, 1.06155681467e-10, 7.23736487407e-11, 7.42767375383e-11, 6.07952160836e-11, 8.35946867284e-11, 2.23606855254e-10, 1.2094840407e-10, 8.64310151227e-11, 3.71304410829e-11, 3.6681088722e-11, 3.44297715338e-11, 3.38232011843e-11, 2.30007801e-11, 5.73444200111e-12, 6.94943538479e-12, 4.86206908068e-12, 3.48608707006e-12, 1.25323536271e-12, 9.83228038917e-13, 1.23739354266e-12, 1.50800444181e-12, 1.3029792089e-12, 1.06495357238e-12, 1.77052946956e-12, 1.56133602141e-12, 1.3005037585e-12, 1.56526712165e-12, 1.04582412608e-12, 1.00281241644e-12, 8.02881036394e-13, 7.7367880982e-13, 1.20963363024e-12, 1.07479888704e-12, 1.26268201624e-12, 1.02758513504e-12, 1.11438744517e-12, 6.4437230508e-13, 8.15516491143e-13, 6.02764040937e-13, 8.02260384861e-13, 7.58457207629e-13, 6.30522110218e-13, 6.65479444554e-13, 7.11837652625e-13, 7.13136093147e-13, 7.01601049393e-13, 6.97023439401e-13, 5.15300530111e-13, 6.24292176114e-13, 6.75380270373e-13, 7.21008539331e-13, 7.22531897594e-13, 5.18600353633e-13, 1.9020802457e-13, 2.50271266385e-14, 6.20636392925e-16],
        "stdev": [0.002188681392, 0.013060092926, 0.0158935207874, 0.0101591711864, 0.00653171725571, 0.00476095406339, 0.00320652592927, 0.002369716065, 0.00270866113715, 0.00223515997641, 0.00188673881348, 0.00145937677007, 0.00120167969726, 0.00115825445391, 0.00112622254528, 0.00084353366401, 0.000590828596614, 0.00102346006315, 0.00104080000892, 0.000922959821764, 0.000478701374959, 0.00109683477785, 0.000949971145019, 0.000698149669915, 0.000724205747247, 0.000510169949848, 0.000384024257073, 0.000236562817008, 0.000334472948452, 0.000444132834673, 0.000649219669867, 0.00113717233762, 0.00152486888692, 0.000197725559701, 0.000163740609423, 0.000173947875737, 0.000289274408715, 0.000238858367084, 0.000119823853311, 9.71366171143e-05, 8.08161639725e-05, 0.000112098976388, 9.08985894057e-05, 8.29441123642e-05, 0.000180810951861, 0.000111498964543, 0.000127747014631, 0.00014150608331, 0.000146438222146, 0.000191261817235, 6.30755821476e-05, 4.69333535875e-05, 7.41100375308e-05, 6.97669674992e-05, 3.43894826074e-05, 3.33168645739e-05, 3.18154561683e-05, 3.8160062104e-05, 2.81770335278e-05, 2.06811382668e-05, 2.38341472141e-05, 2.30590922001e-05, 1.21804960145e-05, 1.49798433995e-05, 1.92043662537e-05, 2.40786448558e-05, 2.02871178772e-05, 1.50191017383e-05, 1.50647119881e-05, 1.45790554598e-05, 1.19298920254e-05, 8.34752336232e-06, 5.68743280382e-06, 5.3098870012e-06, 4.16306374973e-06, 3.93138361687e-06, 4.77423645862e-06, 3.41395752912e-06, 4.52656149719e-06, 4.98907365909e-06, 4.64359482066e-06, 4.79083428218e-06, 6.81646179146e-06, 5.6982253227e-06, 8.43129146233e-06, 3.13587429446e-06, 2.56556768363e-06, 2.75579964182e-06, 2.34553840528e-06, 2.56208431892e-06, 3.08359085466e-06, 2.38203824665e-06, 2.12952704715e-06, 2.39799078372e-06, 1.84108910162e-06, 1.85541830433e-06, 1.90244804799e-06, 1.97682243197e-06, 2.14941792365e-06, 1.78712184606e-06, 1.1883331581e-06, 1.08505105345e-06, 8.41916630634e-07, 6.73952001762e-07, 6.27208521564e-07, 6.41403858026e-07, 6.72933083479e-07, 5.05101581894e-07, 2.68890858024e-07, 1.54176547085e-07, 1.50027688051e-07, 1.53617691012e-07, 1.15232857922e-07, 8.27609625276e-08, 6.46775646373e-08, 7.59694884778e-08, 2.5281716276e-08, 3.78723186145e-09, 1.2394834048e-09, 7.86052889445e-10, 1.11812759052e-09, 1.70442771008e-09, 1.14682996433e-09, 1.26918142662e-10, 8.81727885149e-11, 8.71147529113e-11, 8.62774782173e-11, 8.58287468875e-11]
    },
    "mfcc": {
        "mean": [-660.860778809, 159.218688965, -7.97495174408, 33.2936782837, 1.854134202, 4.19658565521, -1.39088308811, 9.4957036972, 3.53360533714, 2.76282572746, -3.78390359879, -5.14353704453, 2.55079436302],
        "cov": [[4181.61914062, -2029.6496582, 341.876800537, -592.341064453, 198.141815186, -89.0751113892, -76.7585525513, 148.820480347, -149.051467896, 351.76965332, 124.125648499, -82.8045501709, -45.1756820679], [-2029.6496582, 1750.85766602, -532.303283691, 420.68182373, -286.930877686, 1.44646453857, 62.2173728943, -28.8244857788, 44.6895713806, -148.908706665, 5.92512226105, 15.2970085144, 51.8067474365], [341.876800537, -532.303283691, 946.126220703, -247.294769287, 195.706756592, -74.7666625977, 9.87999725342, 32.5319824219, -95.1345748901, 3.59774446487, -41.070980072, -13.0591487885, -1.13733327389], [-592.341064453, 420.68182373, -247.294769287, 580.914123535, -45.8001976013, 86.0911102295, -10.9014225006, -45.531047821, 130.358688354, -43.9733467102, -23.4955558777, 80.8890533447, -14.3838605881], [198.141815186, -286.930877686, 195.706756592, -45.8001976013, 327.561157227, -13.4881191254, -39.0465965271, -46.1129150391, 10.4085836411, 71.1111984253, -6.74550914764, 9.05018043518, -14.6273126602], [-89.0751113892, 1.44646453857, -74.7666625977, 86.0911102295, -13.4881191254, 329.704986572, 57.1125602722, 33.0177383423, 73.7187194824, 7.14352750778, 54.6880989075, 24.649805069, 8.04190063477], [-76.7585525513, 62.2173728943, 9.87999725342, -10.9014225006, -39.0465965271, 57.1125602722, 215.457626343, 46.9843139648, 31.0859718323, -44.1016654968, 20.0231666565, 44.7302017212, 12.5975246429], [148.820480347, -28.8244857788, 32.5319824219, -45.531047821, -46.1129150391, 33.0177383423, 46.9843139648, 195.448547363, 8.39407157898, 14.6980514526, 45.5167503357, -29.4249801636, 45.5812988281], [-149.051467896, 44.6895713806, -95.1345748901, 130.358688354, 10.4085836411, 73.7187194824, 31.0859718323, 8.39407157898, 201.523742676, -18.4803009033, 28.4841804504, 44.4354171753, -5.41414785385], [351.76965332, -148.908706665, 3.59774446487, -43.9733467102, 71.1111984253, 7.14352750778, -44.1016654968, 14.6980514526, -18.4803009033, 160.403625488, 16.9990730286, -1.04090213776, -1.48577642441], [124.125648499, 5.92512226105, -41.070980072, -23.4955558777, -6.74550914764, 54.6880989075, 20.0231666565, 45.5167503357, 28.4841804504, 16.9990730286, 115.08605957, -16.307636261, 32.7865257263], [-82.8045501709, 15.2970085144, -13.0591487885, 80.8890533447, 9.05018043518, 24.649805069, 44.7302017212, -29.4249801636, 44.4354171753, -1.04090213776, -16.307636261, 130.766387939, -13.5295114517], [-45.1756820679, 51.8067474365, -1.13733327389, -14.3838605881, -14.6273126602, 8.04190063477, 12.5975246429, 45.5812988281, -5.41414785385, -1.48577642441, 32.7865257263, -13.5295114517, 93.3928222656]],
        "icov": [[0.000832795980386, 0.00101347779855, 0.000223016468226, -7.01620156178e-05, 0.000389263761463, 0.000436248810729, -0.000226354823099, -0.000248617696343, 0.000433707376942, -0.000982589554042, -0.000982352881692, 0.000148771054228, 0.000383755483199], [0.00101347779855, 0.00217597559094, 0.000591609219555, -0.000695618509781, 0.00088952423539, 0.000753410567995, -0.000575602985919, -8.43521920615e-05, 0.000793291721493, -0.000752008811105, -0.00131682201754, 0.000404043996241, -6.8653265771e-05], [0.000223016468226, 0.000591609219555, 0.00166383653414, 0.000271405267995, -0.000796083942987, 0.000236583175138, -0.000204992145882, -0.000618666002993, 0.000711713219061, 0.000495763262734, 0.000231564001297, -0.000200940601644, -3.49521978933e-05], [-7.01620156178e-05, -0.000695618509781, 0.000271405267995, 0.00292986026034, -0.000222822884098, -0.000660913879983, 0.000898543687072, 5.14528710482e-06, -0.00136510666925, 0.000407255050959, 0.00101670133881, -0.00131177133881, 8.51641088957e-05], [0.000389263761463, 0.00088952423539, -0.000796083942987, -0.000222822884098, 0.00476077990606, 0.000338025973178, 1.50201612996e-05, 0.00140548753552, -0.000760933384299, -0.00234279106371, -0.000621870509349, 0.000266037503025, -0.000145139914821], [0.000436248810729, 0.000753410567995, 0.000236583175138, -0.000660913879983, 0.000338025973178, 0.00402843020856, -0.00100044859573, -0.000299206061754, -0.000417661765823, -0.000849977368489, -0.00203134352341, 3.18945130857e-05, 0.000361229846021], [-0.000226354823099, -0.000575602985919, -0.000204992145882, 0.000898543687072, 1.50201612996e-05, -0.00100044859573, 0.00653168885037, -0.00159035343677, -0.000408354622778, 0.0021566406358, -0.000284633599222, -0.00293488730676, 1.47355340232e-05], [-0.000248617696343, -8.43521920615e-05, -0.000618666002993, 5.14528710482e-06, 0.00140548753552, -0.000299206061754, -0.00159035343677, 0.0074321734719, -0.000964263337664, -0.00127310596872, -0.000914165808354, 0.00188411283307, -0.00272942543961], [0.000433707376942, 0.000793291721493, 0.000711713219061, -0.00136510666925, -0.000760933384299, -0.000417661765823, -0.000408354622778, -0.000964263337664, 0.00740904454142, 0.000836063874885, -0.00241006538272, -0.00154887721874, 0.00107515882701], [-0.000982589554042, -0.000752008811105, 0.000495763262734, 0.000407255050959, -0.00234279106371, -0.000849977368489, 0.0021566406358, -0.00127310596872, 0.000836063874885, 0.00967790000141, -0.000133880777867, -0.0016563355457, 5.68111790926e-05], [-0.000982352881692, -0.00131682201754, 0.000231564001297, 0.00101670133881, -0.000621870509349, -0.00203134352341, -0.000284633599222, -0.000914165808354, -0.00241006538272, -0.000133880777867, 0.0132888955995, 0.00134277774487, -0.00363575667143], [0.000148771054228, 0.000404043996241, -0.000200940601644, -0.00131177133881, 0.000266037503025, 3.18945130857e-05, -0.00293488730676, 0.00188411283307, -0.00154887721874, -0.0016563355457, 0.00134277774487, 0.010580310598, 0.000103790625872], [0.000383755483199, -6.8653265771e-05, -3.49521978933e-05, 8.51641088957e-05, -0.000145139914821, 0.000361229846021, 1.47355340232e-05, -0.00272942543961, 0.00107515882701, 5.68111790926e-05, -0.00363575667143, 0.000103790625872, 0.0135748013854]]
    },
    "spectral_contrast_coeffs": {
        "max": [-0.398383915424, -0.523343026638, -0.480561375618, -0.540168583393, -0.562882840633, -0.49807831645],
        "mean": [-0.700477302074, -0.741493582726, -0.748896062374, -0.778463661671, -0.778281390667, -0.728319346905],
        "min": [-0.892508745193, -0.952487826347, -0.895805954933, -0.896438479424, -0.883088946342, -0.916156709194],
        "stdev": [0.073528110981, 0.0684339627624, 0.0745505318046, 0.063328102231, 0.0558227933943, 0.068883895874]
    },
    "spectral_contrast_valleys": {
        "max": [-4.22972679138, -4.96728372574, -5.44151639938, -6.01686525345, -6.01575994492, -7.75345945358],
        "mean": [-6.30884170532, -6.61786985397, -7.34564447403, -7.7742433548, -7.89483785629, -11.3187580109],
        "min": [-8.46025466919, -8.89012241364, -9.54649448395, -9.77444934845, -11.5660820007, -15.7563371658],
        "stdev": [0.579925000668, 0.596857011318, 0.58757776022, 0.650777757168, 0.778212845325, 1.50103521347]
    }
},
"rhythm": {
    "beats_count": 47,
    "beats_loudness": {
        "max": 0.312958657742,
        "mean": 0.165954202414,
        "min": 0.0469941534102,
        "stdev": 0.0694921240211
    },
    "bpm": 87.0803756714,
    "bpm_histogram_first_peak_bpm": 86,
    "bpm_histogram_first_peak_weight": 0.522727251053,
    "bpm_histogram_second_peak_bpm": 91,
    "bpm_histogram_second_peak_spread": 0,
    "bpm_histogram_second_peak_weight": 0.0434782616794,
    "danceability": 1.18350875378,
    "onset_rate": 4.33740186691,
    "beats_loudness_band_ratio": {
        "max": [0.992720484734, 0.131381869316, 0.168742507696, 0.138464868069, 0.0448028743267, 0.019812528044],
        "mean": [0.913867890835, 0.027424056083, 0.0291055012494, 0.0216900799423, 0.0100322337821, 0.00411410909146],
        "min": [0.736927568913, 0.00333546823822, 0.00114872015547, 0.000552815792616, 0.000246920564678, 0.000165815916262],
        "stdev": [0.0677904859185, 0.0292683523148, 0.0378100052476, 0.0286274552345, 0.0117753949016, 0.00424232101068]
    },
    "beats_position": [0.615328788757, 1.26548755169, 1.92725622654, 2.61224484444, 3.29723358154, 3.99383211136, 4.69043064117, 5.36380958557, 6.06040811539, 6.7570066452, 7.45360517502, 8.13859367371, 8.82358264923, 9.49696159363, 10.1935596466, 10.8901586533, 11.5867567062, 12.2717456818, 12.9567346573, 13.6417226791, 14.3267116547, 15.0233106613, 15.7082986832, 16.3932876587, 17.0898857117, 17.786485672, 18.483083725, 19.1680717468, 19.853061676, 20.549659729, 21.2346477509, 21.9196376801, 22.616235733, 23.312833786, 23.9978218079, 24.6828117371, 25.37940979, 26.0643978119, 26.7493877411, 27.4459857941, 28.1193637848, 28.8159637451, 29.500951767, 30.1859397888, 30.8825397491, 31.5791378021, 32.2757377625],
