{
"metadata": {
    "version": {
        "essentia": "2.1-beta5",
        "essentia_git_sha": "Undefined",
        "extractor": "music 2.0"
    },
    "audio_properties": {
        "analysis": {
            "equal_loudness": 0,
            "length": 48.7502937317,
            "sample_rate": 44100,
            "start_time": 64.9926528931,
            "downmix": "mix"
        },
        "bit_rate": 192000,
        "length": 194.606460571,
        "lossless": 0,
        "number_channels": 2,
        "replay_gain": -1.34449958801,
        "sample_rate": 48000,
        "codec": "mp3",
        "md5_encoded": "e193a474a910e07ca7ec2e03ee9f7158"
    },
    "tags": {
        "file_name": "Norway_That_s How You Write a Song_Alexander Rybak.mp3",
        "encoding": ["Lavf58.29.100"]
    }
},
"lowlevel": {
    "average_loudness": 0.89216530323,
    "barkbands_crest": {
        "max": 25.8466014862,
        "mean": 12.044216156,
        "min": 2.41868805885,
        "stdev": 5.4076833725
    },
    "barkbands_flatness_db": {
        "max": 0.406803548336,
        "mean": 0.143301784992,
        "min": 0.0199804827571,
        "stdev": 0.0647486522794
    },
    "barkbands_kurtosis": {
        "max": 78.5560379028,
        "mean": 3.67676281929,
        "min": -1.95656347275,
        "stdev": 7.27666091919
    },
    "barkbands_skewness": {
        "max": 8.3404417038,
        "mean": 1.28505730629,
        "min": -5.22518062592,
        "stdev": 1.42071044445
    },
    "barkbands_spread": {
        "max": 119.256896973,
        "mean": 26.059715271,
        "min": 0.787404954433,
        "stdev": 18.4277572632
    },
    "dissonance": {
        "max": 0.5,
        "mean": 0.462572723627,
        "min": 0.22418910265,
        "stdev": 0.0368862859905
    },
    "dynamic_complexity": 2.37328767776,
    "erbbands_crest": {
        "max": 33.4554595947,
        "mean": 10.1233406067,
        "min": 2.45786428452,
        "stdev": 5.77027750015
    },
    "erbbands_flatness_db": {
        "max": 0.4878924191,
        "mean": 0.172497719526,
        "min": 0.0526098012924,
        "stdev": 0.0723773986101
    },
    "erbbands_kurtosis": {
        "max": 81.1208114624,
        "mean": 1.48793268204,
        "min": -1.72587299347,
        "stdev": 4.99079179764
    },
    "erbbands_skewness": {
        "max": 6.14322376251,
        "mean": 0.338995724916,
        "min": -4.53844881058,
        "stdev": 1.14482414722
    },
    "erbbands_spread": {
        "max": 113.21799469,
        "mean": 37.0420341492,
        "min": 1.09011137486,
        "stdev": 19.7091159821
    },
    "hfc": {
        "max": 253.280883789,
        "mean": 29.1396789551,
        "min": 0.477637290955,
        "stdev": 28.6267967224
    },
    "loudness_ebu128": {
        "integrated": -22.5615596771,
        "loudness_range": 3.06237030029,
        "momentary": {
            "max": -19.0768661499,
            "mean": -22.85679245,
            "min": -29.6419849396,
            "stdev": 1.63747632504
        },
        "short_term": {
            "max": -20.149520874,
            "mean": -22.6641044617,
            "min": -24.7447490692,
            "stdev": 1.01643323898
        }
    },
    "melbands_crest": {
        "max": 35.1075973511,
        "mean": 16.4801387787,
        "min": 2.89955067635,
        "stdev": 6.88641643524
    },
    "melbands_flatness_db": {
        "max": 0.431519210339,
        "mean": 0.178387984633,
        "min": 0.0126287192106,
        "stdev": 0.0758733004332
    },
    "melbands_kurtosis": {
        "max": 205.249481201,
        "mean": 13.019525528,
        "min": -1.90847849846,
        "stdev": 21.0259952545
    },
    "melbands_skewness": {
        "max": 12.1051273346,
        "mean": 2.50669836998,
        "min": -2.30872416496,
        "stdev": 1.95022535324
    },
    "melbands_spread": {
        "max": 249.614395142,
        "mean": 32.8628234863,
        "min": 1.62551128864,
        "stdev": 34.634765625
    },
    "pitch_salience": {
        "max": 0.922535181046,
        "mean": 0.530649006367,
        "min": 0.0797193869948,
        "stdev": 0.159757316113
    },
    "silence_rate_20dB": {
        "max": 1,
        "mean": 1,
        "min": 1,
        "stdev": 0
    },
    "silence_rate_30dB": {
        "max": 1,
        "mean": 1,
        "min": 1,
        "stdev": 0
    },
    "silence_rate_60dB": {
        "max": 1,
        "mean": 0.0509281307459,
        "min": 0,
        "stdev": 0.219851449132
    },
    "spectral_centroid": {
        "max": 7046.55761719,
        "mean": 1808.33068848,
        "min": 377.050567627,
        "stdev": 893.061889648
    },
    "spectral_complexity": {
        "max": 62,
        "mean": 18.332698822,
        "min": 0,
        "stdev": 11.4495372772
    },
    "spectral_decrease": {
        "max": -1.20525506242e-10,
        "mean": -6.34970387381e-09,
        "min": -2.49985738776e-08,
        "stdev": 4.65702809649e-09
    },
    "spectral_energy": {
        "max": 0.101318523288,
        "mean": 0.0266082976013,
        "min": 0.000498212873936,
        "stdev": 0.0186256505549
    },
    "spectral_energyband_high": {
        "max": 0.0267428401858,
        "mean": 0.00178094673902,
        "min": 2.65381368081e-06,
        "stdev": 0.00304063316435
    },
    "spectral_energyband_low": {
        "max": 0.0834203287959,
        "mean": 0.00924584362656,
        "min": 9.41515168051e-08,
        "stdev": 0.0136473281309
    },
    "spectral_energyband_middle_high": {
        "max": 0.0475260987878,
        "mean": 0.0057866522111,
        "min": 7.6013187936e-05,
        "stdev": 0.00626181671396
    },
    "spectral_energyband_middle_low": {
        "max": 0.0574515871704,
        "mean": 0.0102775143459,
        "min": 6.74759940011e-05,
        "stdev": 0.0103393616155
    },
    "spectral_entropy": {
        "max": 8.89999961853,
        "mean": 7.74776268005,
        "min": 5.6915063858,
        "stdev": 0.550231695175
    },
    "spectral_flux": {
        "max": 0.265691936016,
        "mean": 0.0961755290627,
        "min": 0.0158392433077,
        "stdev": 0.0452961400151
    },
    "spectral_kurtosis": {
        "max": 33.2661056519,
        "mean": 3.81485748291,
        "min": -1.34125721455,
        "stdev": 2.97665166855
    },
    "spectral_rms": {
        "max": 0.00994220003486,
        "mean": 0.00474674720317,
        "min": 0.00069718103623,
        "stdev": 0.00185139186215
    },
    "spectral_rolloff": {
        "max": 12726.1230469,
        "mean": 2462.15820312,
        "min": 64.599609375,
        "stdev": 2641.78930664
    },
    "spectral_skewness": {
        "max": 4.56053495407,
        "mean": 1.41918826103,
        "min": -0.346306592226,
        "stdev": 0.464466363192
    },
    "spectral_spread": {
        "max": 14977124,
        "mean": 5196852,
        "min": 1500186.625,
        "stdev": 2042970.125
    },
    "spectral_strongpeak": {
        "max": 9.77885055542,
        "mean": 1.28270924091,
        "min": 0,
        "stdev": 1.41880345345
    },
    "zerocrossingrate": {
        "max": 0.43603515625,
        "mean": 0.0873886346817,
        "min": 0.0107421875,
        "stdev": 0.0683197453618
    },
    "barkbands": {
        "max": [0.0141315544024, 0.0788744390011, 0.042594704777, 0.0148478131741, 0.0302782859653, 0.0336756631732, 0.0255309976637, 0.0313228294253, 0.0552478395402, 0.0417890623212, 0.0262763276696, 0.0195881407708, 0.0201941765845, 0.00864377431571, 0.00927580147982, 0.0100409723818, 0.00755641143769, 0.00535919051617, 0.00843290984631, 0.0121840015054, 0.0060321087949, 0.00616472354159, 0.00738638825715, 0.00524461083114, 0.00711845699698, 0.00383018772118, 0.000421443925006],
        "mean": [0.000225411102292, 0.00660183886066, 0.00210505328141, 0.000599868013524, 0.00122404063586, 0.00221165898256, 0.000759121903684, 0.00102267065085, 0.00416976492852, 0.00117063592188, 0.000898780475836, 0.000550758908503, 0.000593342760112, 0.000356050120899, 0.000400643039029, 0.000418899144279, 0.00046256853966, 0.000420394324465, 0.000420674361521, 0.000443054828793, 0.0002513207437, 0.000255338673014, 0.000278230407275, 0.00033756319317, 0.000307002861518, 0.000117671195767, 5.92410742684e-06],
        "min": [2.51196152767e-09, 9.57032852966e-09, 2.3460569043e-09, 3.70511941128e-08, 8.70519670571e-07, 3.49615629602e-06, 9.19743854411e-07, 1.76776507033e-06, 1.84864336461e-06, 2.7109522307e-06, 1.0788921827e-06, 1.4876932255e-06, 2.14505598706e-06, 2.31204671763e-06, 1.8349921902e-06, 1.80962103968e-06, 2.18824447984e-06, 3.86385727325e-06, 2.71270278063e-06, 2.00728618438e-06, 1.74568466349e-08, 1.15905729459e-08, 2.30838193005e-09, 1.23192789303e-09, 1.12136511188e-09, 1.47324180633e-10, 1.13040826699e-10],
        "stdev": [0.000603141263127, 0.010694840923, 0.00487551325932, 0.00167789601255, 0.00316047458909, 0.00425786385313, 0.00206318870187, 0.00249705393799, 0.00782671850175, 0.00425764312968, 0.00210247025825, 0.0012306086719, 0.00121634162497, 0.00064372853376, 0.00071576150367, 0.000784820993431, 0.000705061189365, 0.000609887880273, 0.000802099180873, 0.000835570855998, 0.000474406930152, 0.00050115614431, 0.000569028779864, 0.000693845271599, 0.000759597925935, 0.00024737615604, 1.74834676727e-05]
    },
    "erbbands": {
        "max": [2.54117083549, 19.6772956848, 46.0191726685, 59.6661872864, 71.5536804199, 175.821075439, 266.596923828, 385.251495361, 292.786987305, 623.853637695, 867.492797852, 1522.95422363, 1538.9276123, 1031.95263672, 1218.25708008, 779.873413086, 1092.85168457, 565.569580078, 430.720916748, 366.311431885, 537.786865234, 420.25402832, 313.636901855, 442.778015137, 431.756835938, 561.627502441, 277.082641602, 299.062927246, 222.288894653, 241.90737915, 171.941055298, 132.682266235, 89.8080749512, 113.686645508, 36.8875999451, 19.8535900116, 6.10871171951, 1.17192852497, 0.0335893593729, 0.00109343719669],
        "mean": [0.17752198875, 1.4822101593, 2.81316971779, 2.15943622589, 2.26428246498, 4.51149129868, 11.4562520981, 20.5372314453, 11.5641593933, 14.0715827942, 35.7692985535, 98.2871856689, 50.1278762817, 34.1320610046, 37.7045631409, 21.931848526, 26.2143135071, 20.5337810516, 22.4608135223, 19.841884613, 21.7177009583, 26.6869888306, 28.1410102844, 17.7310848236, 23.6523609161, 19.9168376923, 11.8128089905, 10.3146896362, 9.34811210632, 8.62446689606, 7.72705698013, 7.89357089996, 4.98946142197, 4.12890863419, 1.72578191757, 0.605658113956, 0.198083177209, 0.0315745323896, 0.00102953007445, 7.04839039827e-05],
        "min": [6.42820225494e-07, 4.5771726036e-06, 9.66010429693e-06, 0.000213913212065, 0.000945398991462, 0.00248975655995, 0.00937191583216, 0.0338995307684, 0.0398032926023, 0.0769345536828, 0.0329005531967, 0.0471568256617, 0.134143397212, 0.0787857174873, 0.0563640929759, 0.0726222619414, 0.0996200069785, 0.176216453314, 0.0684321820736, 0.115863390267, 0.112382225692, 0.164765641093, 0.237645193934, 0.154534563422, 0.208665519953, 0.114146314561, 0.022421522066, 0.00217657582834, 0.00167572882492, 0.000937833392527, 0.00024173296697, 7.54081775085e-05, 4.670634371e-05, 3.53561299562e-05, 1.83572774404e-05, 7.68927111494e-06, 5.93036702412e-06, 1.17342187878e-06, 3.79906623493e-07, 6.12273538536e-07],
        "stdev": [0.326855242252, 2.53106856346, 5.5784072876, 5.62643623352, 5.60703611374, 12.7473058701, 25.3190994263, 45.0819473267, 27.3802452087, 37.2343788147, 80.8946990967, 192.386245728, 120.087417603, 97.9211425781, 85.4003219604, 46.603225708, 50.3172836304, 33.7536773682, 38.1576309204, 32.7256622314, 37.1779975891, 39.3406524658, 40.6568565369, 33.6530380249, 39.265422821, 38.9971427917, 22.356294632, 21.2129173279, 17.6684341431, 19.4985427856, 15.5780010223, 16.3182907104, 10.4561433792, 10.7678623199, 4.06705379486, 1.30832111835, 0.427630782127, 0.0743017941713, 0.00242866179906, 9.09664668143e-05]
    },
    "gfcc": {
        "mean": [2.09756398201, 52.445186615, -135.27947998, 18.7199287415, -71.7101821899, 13.2435770035, -38.4265480042, 18.4131088257, -24.1910381317, 5.08894538879, -11.9435939789, 2.72572684288, -6.88573265076],
        "cov": [[3563.51245117, -802.240844727, 1256.86889648, 826.664855957, 582.935791016, 395.341491699, 91.8885726929, 161.404891968, -34.4010009766, 99.9265975952, -340.088500977, 100.732078552, -405.590637207], [-802.240844727, 2004.66101074, -400.285827637, 79.2663192749, 295.455474854, -75.1223449707, 415.778564453, 78.6100311279, 197.103500366, -119.328971863, 279.987854004, -172.410690308, 190.200256348], [1256.86889648, -400.285827637, 1654.88586426, 758.308227539, 496.526153564, 484.109954834, 58.5608024597, 179.061065674, 0.261284321547, 165.146408081, -138.391204834, 164.712402344, -263.380218506], [826.664855957, 79.2663192749, 758.308227539, 809.062744141, 472.850708008, 315.612243652, 129.032791138, 133.978469849, 91.5365371704, 67.201171875, -39.621799469, 41.569355011, -95.7078781128], [582.935791016, 295.455474854, 496.526153564, 472.850708008, 559.175048828, 297.169281006, 257.119476318, 161.179214478, 90.2340621948, 68.5522537231, -16.6973800659, 41.8598899841, -83.784942627], [395.341491699, -75.1223449707, 484.109954834, 315.612243652, 297.169281006, 498.484954834, 243.030227661, 149.014068604, 74.7903747559, 85.9883346558, -28.4748287201, 23.0812225342, -57.6739196777], [91.8885726929, 415.778564453, 58.5608024597, 129.032791138, 257.119476318, 243.030227661, 498.498779297, 133.207748413, 85.5062332153, -3.10746026039, 61.2397041321, -20.0517101288, -2.32909679413], [161.404891968, 78.6100311279, 179.061065674, 133.978469849, 161.179214478, 149.014068604, 133.207748413, 215.458938599, 100.95451355, 48.6854705811, 12.3533554077, 13.7802400589, 4.66253423691], [-34.4010009766, 197.103500366, 0.261284321547, 91.5365371704, 90.2340621948, 74.7903747559, 85.5062332153, 100.95451355, 176.12059021, 34.6598930359, 49.2628707886, -2.47890472412, 58.8379516602], [99.9265975952, -119.328971863, 165.146408081, 67.201171875, 68.5522537231, 85.9883346558, -3.10746026039, 48.6854705811, 34.6598930359, 137.502227783, 13.0099697113, 59.7243080139, -7.3406329155], [-340.088500977, 279.987854004, -138.391204834, -39.621799469, -16.6973800659, -28.4748287201, 61.2397041321, 12.3533554077, 49.2628707886, 13.0099697113, 173.858398438, 10.0952701569, 83.8534011841], [100.732078552, -172.410690308, 164.712402344, 41.569355011, 41.8598899841, 23.0812225342, -20.0517101288, 13.7802400589, -2.47890472412, 59.7243080139, 10.0952701569, 167.952072144, 2.98104119301], [-405.590637207, 190.200256348, -263.380218506, -95.7078781128, -83.784942627, -57.6739196777, -2.32909679413, 4.66253423691, 58.8379516602, -7.3406329155, 83.8534011841, 2.98104119301, 175.465713501]],
        "icov": [[0.000557229097467, 0.000199438043637, -8.65885303938e-05, -0.000307730486384, -0.00026203962625, 0.000228404940572, -0.000171088177012, -8.15620660433e-05, -0.000108932676085, 4.83413350594e-05, 0.000478040339658, -5.21588344782e-06, 0.000534065125976], [0.000199438043637, 0.00143012613989, -0.000214768078877, 0.00014465660206, -0.00147718226071, 0.00100424501579, -0.000740283110645, 0.000410032691434, -0.00067396304803, 0.000870183052029, -0.00134361244272, 0.00140785810072, -0.000848097435664], [-8.65885303938e-05, -0.000214768078877, 0.00195103208534, -0.00118945923168, 0.000326329434756, -0.00111623597331, 0.000666258565616, -0.000791161030065, 0.000707667146344, -0.000540392356925, 0.0001770475792, -0.00141117919702, 0.00181068247184], [-0.000307730486384, 0.00014465660206, -0.00118945923168, 0.00380867952481, -0.00247535575181, -0.000238847467699, 0.000602054176852, 0.000790139194578, -0.00118291261606, 0.000941189355217, -0.000725637190044, 0.000924407620914, -0.00108248961624], [-0.00026203962625, -0.00147718226071, 0.000326329434756, -0.00247535575181, 0.00685901474208, -0.0012888283236, -0.000987517763861, -0.00143202359322, 0.000357644195901, -0.00159221864305, 0.00158826971892, -0.00216071959585, 0.00210282066837], [0.000228404940572, 0.00100424501579, -0.00111623597331, -0.000238847467699, -0.0012888283236, 0.00531529355794, -0.00242371391505, -0.000197838118766, -0.000655330368318, -0.00120961782522, 0.000279273779597, 0.00179134460632, -0.0012564008357], [-0.000171088177012, -0.000740283110645, 0.000666258565616, 0.000602054176852, -0.000987517763861, -0.00242371391505, 0.00453066872433, -0.00122564786579, 0.000193937928998, 0.00133576628286, -0.00112152728252, -0.000663271523081, 0.00109804526437], [-8.15620660433e-05, 0.000410032691434, -0.000791161030065, 0.000790139194578, -0.00143202359322, -0.000197838118766, -0.00122564786579, 0.00864660181105, -0.0039133601822, -0.000690753629897, 3.9421247493e-05, 0.000784120638855, -0.00113323656842], [-0.000108932676085, -0.00067396304803, 0.000707667146344, -0.00118291261606, 0.000357644195901, -0.000655330368318, 0.000193937928998, -0.0039133601822, 0.0106179108843, -0.00205126660876, -0.000349628680851, 0.000269408774329, -0.00252604507841], [4.83413350594e-05, 0.000870183052029, -0.000540392356925, 0.000941189355217, -0.00159221864305, -0.00120961782522, 0.00133576628286, -0.000690753629897, -0.00205126660876, 0.0116849625483, -0.00255414866842, -0.00209465436637, 0.0001817929151], [0.000478040339658, -0.00134361244272, 0.0001770475792, -0.000725637190044, 0.00158826971892, 0.000279273779597, -0.00112152728252, 3.9421247493e-05, -0.000349628680851, -0.00255414866842, 0.0106868380681, -0.00193874002434, -0.00179816456512], [-5.21588344782e-06, 0.00140785810072, -0.00141117919702, 0.000924407620914, -0.00216071959585, 0.00179134460632, -0.000663271523081, 0.000784120638855, 0.000269408774329, -0.00209465436637, -0.00193874002434, 0.00962575897574, -0.00303973443806], [0.000534065125976, -0.000848097435664, 0.00181068247184, -0.00108248961624, 0.00210282066837, -0.0012564008357, 0.00109804526437, -0.00113323656842, -0.00252604507841, 0.0001817929151, -0.00179816456512, -0.00303973443806, 0.0123818218708]]
    },
    "melbands": {
        "max": [0.0201956927776, 0.0179826952517, 0.00841468386352, 0.0061634243466, 0.0079858424142, 0.00774688646197, 0.00459873024374, 0.00764977606013, 0.00783349666744, 0.00906740408391, 0.00779542746022, 0.00496458122507, 0.00413798308, 0.00255173561163, 0.00171354645863, 0.00211715069599, 0.000891584029887, 0.000867770868354, 0.00070481892908, 0.000964826671407, 0.000520044122823, 0.000490256294142, 0.000343706196873, 0.000246921088547, 0.000393240770791, 0.000453728018329, 0.000345690932591, 0.000422820827225, 0.00021873798687, 0.000116681738291, 0.000229563724133, 0.000105161074316, 0.000145737954881, 0.000173496737261, 0.000126571801957, 8.19646229502e-05, 9.08045476535e-05, 5.98806072958e-05, 8.08386321296e-05, 0.0001143627087],
        "mean": [0.00171207892708, 0.00163118785713, 0.000381508725695, 0.000226550444495, 0.000373681046767, 0.000438785995357, 0.000169187405845, 0.000154645589646, 0.000350172864273, 0.000638329715002, 0.000242842404987, 0.000140360192745, 0.000123368168715, 6.98977164575e-05, 5.51724297111e-05, 6.09926246398e-05, 3.44418185705e-05, 3.56662822014e-05, 2.87775474135e-05, 3.03066317429e-05, 2.27268483286e-05, 2.62584435404e-05, 3.05385583488e-05, 1.82601215784e-05, 1.34870788315e-05, 1.73259486473e-05, 1.60403051268e-05, 1.29641930471e-05, 7.97315078671e-06, 5.99356553721e-06, 5.90920444665e-06, 5.34041419087e-06, 4.76487048218e-06, 4.90505044581e-06, 4.43537965111e-06, 4.49684057457e-06, 4.94097366754e-06, 3.39464281751e-06, 3.43493593391e-06, 3.53192467628e-06],
        "min": [9.35941280034e-09, 6.86060008803e-09, 4.66807605903e-08, 8.24945374234e-08, 3.40660363918e-07, 6.85236955178e-07, 3.63501811762e-07, 6.0250175693e-07, 1.64708239936e-07, 3.06200945488e-07, 6.63369633003e-07, 2.32706426573e-07, 1.4973953455e-07, 1.52508320639e-07, 2.75173505315e-07, 1.97374262711e-07, 2.66309797325e-07, 1.07410755845e-07, 1.45173572719e-07, 1.0811404394e-07, 1.01269911568e-07, 1.08417332001e-07, 1.56890948233e-07, 1.38211660783e-07, 6.7345418131e-08, 1.23319466638e-07, 9.3480821306e-08, 5.70456926141e-08, 1.77035741622e-09, 3.2197955413e-10, 3.56750157193e-10, 2.36136638021e-10, 2.5239577095e-10, 9.55895015919e-11, 4.41293460107e-11, 2.33218062917e-11, 1.60690610124e-11, 1.36024082623e-11, 1.23909268263e-11, 9.96417011401e-12],
        "stdev": [0.00284160580486, 0.00281117088161, 0.000888162234332, 0.000555799517315, 0.000809059478343, 0.000903282954823, 0.000410221400671, 0.000416832626797, 0.00083565962268, 0.00129021063913, 0.000630880473182, 0.000454767199699, 0.000292198266834, 0.000148301391164, 0.000133989902679, 0.000130464919494, 6.13560114289e-05, 6.64325852995e-05, 5.4562715377e-05, 6.1289392761e-05, 4.11806249758e-05, 4.28780476796e-05, 4.36333903053e-05, 2.74784651992e-05, 2.88117571472e-05, 3.2752424886e-05, 2.60218475887e-05, 2.93906377919e-05, 1.68738297361e-05, 9.90305670712e-06, 1.42400167533e-05, 9.63780257734e-06, 1.10032151497e-05, 1.16866976896e-05, 9.65689741861e-06, 9.17751185625e-06, 1.05934050225e-05, 7.23143875803e-06, 7.83665291237e-06, 9.85668793874e-06]
    },
    "melbands128": {
        "max": [0.0118182916194, 0.0230557378381, 0.035114068538, 0.033472083509, 0.0252108070999, 0.0183363649994, 0.0144828511402, 0.00721073430032, 0.00860434770584, 0.00848003011197, 0.013530254364, 0.0144683904946, 0.012673528865, 0.0122344559059, 0.0127570684999, 0.00804512016475, 0.00757695175707, 0.00823029037565, 0.0089678876102, 0.00863803829998, 0.0124047845602, 0.00684072915465, 0.014973975718, 0.0162352379411, 0.0168423559517, 0.0205228421837, 0.0130323516205, 0.015726601705, 0.0147260772064, 0.0116498172283, 0.00632782746106, 0.00807397812605, 0.00860137213022, 0.00891393050551, 0.00633005751297, 0.00269163586199, 0.00505984481424, 0.00304883113131, 0.00246528047137, 0.00550689920783, 0.0030108448118, 0.00344722392038, 0.00116422818974, 0.000787967583165, 0.00210253172554, 0.00150342239067, 0.00172670325264, 0.00150020816363, 0.000649866764434, 0.000851414573845, 0.00189223629422, 0.0019613748882, 0.00103017524816, 0.000781745475251, 0.00130191445351, 0.000855929334648, 0.000615945493337, 0.000633542484138, 0.000692176341545, 0.000567955139559, 0.000386915548006, 0.000287438131636, 0.000320262741297, 0.00064368720632, 0.000527016061824, 0.000752722611651, 0.000488189631142, 0.000627069501206, 0.000484084477648, 0.000514167128131, 0.000580954656471, 0.000467093370389, 0.000368020118913, 0.000272840785328, 0.000202935887501, 0.000123070334666, 0.000133828507387, 0.000177214315045, 0.000394073693315, 0.000190066028154, 8.79533763509e-05, 8.82858003024e-05, 0.000173316817381, 0.000196967681404, 0.000151738538989, 0.000196612178115, 0.000277916580671, 0.000186873381608, 0.000178128073458, 0.000100334546005, 0.000116553084808, 0.000113700814836, 0.000108190550236, 0.00019560722285, 0.000104414248199, 0.000122975849081, 6.82557292748e-05, 8.30026183394e-05, 0.00010359116277, 7.27468359401e-05, 0.000130956570501, 0.00016360214795, 0.000133232431835, 6.90138695063e-05, 5.83400105825e-05, 4.74756379845e-05, 3.82617872674e-05, 3.84372215194e-05, 4.06760191254e-05, 3.85978673876e-05, 5.15576721227e-05, 2.16845037357e-05, 1.75953700818e-05, 2.4421931812e-05, 1.53449254867e-05, 1.19622282e-05, 1.35260643219e-05, 5.3091830523e-06, 8.0459523133e-07, 5.3494977692e-07, 1.09549580429e-06, 7.34553225357e-07, 4.34817906125e-07, 2.13161399643e-08, 2.13594564258e-08, 2.13749284939e-08, 2.13300204166e-08, 2.13195523457e-08],
        "mean": [0.000207225079066, 0.0013093566522, 0.00230658031069, 0.00256624538451, 0.00176165730227, 0.000904230168089, 0.00042667897651, 0.00028156049666, 0.00020908890292, 0.000195939210244, 0.000247727934038, 0.000307212816551, 0.000363798579201, 0.000506978074554, 0.000594725948758, 0.000308747490635, 0.000174267537659, 0.000158392300364, 0.000140303440276, 0.000151989923324, 0.00016608434089, 0.000145166181028, 0.000375952688046, 0.000553188496269, 0.000615199736785, 0.000874880352058, 0.000252407917287, 0.000158115697559, 0.000221320035052, 0.000156898560817, 0.000112507368613, 0.000102198013337, 0.00011809184798, 0.00016536808107, 7.25282079657e-05, 4.25726575486e-05, 5.25680516148e-05, 6.710436719e-05, 4.51253727078e-05, 5.46545379621e-05, 8.33163940115e-05, 3.82195321436e-05, 3.14849894494e-05, 3.15652505378e-05, 3.50682712451e-05, 3.62376704288e-05, 3.79240409529e-05, 3.27186535287e-05, 2.25740805035e-05, 1.97485496756e-05, 3.64124971384e-05, 3.68072978745e-05, 2.18066306843e-05, 1.778915248e-05, 1.97293975361e-05, 2.87351413135e-05, 2.71369644906e-05, 3.4860931919e-05, 2.69240299531e-05, 3.54901167157e-05, 1.38517361847e-05, 1.03031588878e-05, 1.31363685796e-05, 1.42197823152e-05, 1.44332052514e-05, 1.82216390385e-05, 1.79811122507e-05, 1.81026989594e-05, 1.60994422913e-05, 1.25877058963e-05, 1.26373115563e-05, 1.42341377796e-05, 1.06057377707e-05, 6.06389357927e-06, 5.8529776652e-06, 5.62258719583e-06, 6.69487008054e-06, 5.68307223148e-06, 6.26348673904e-06, 5.34922628503e-06, 5.53962399863e-06, 5.03864930579e-06, 5.29206636202e-06, 4.84456813865e-06, 4.25257030656e-06, 4.64407094114e-06, 5.65463597013e-06, 4.38756887888e-06, 4.75850538351e-06, 3.93648315367e-06, 3.94283460992e-06, 4.81637880512e-06, 5.11250573254e-06, 5.52589926883e-06, 4.49161507277e-06, 3.52840061169e-06, 3.13710552291e-06, 3.1566250982e-06, 3.31200067194e-06, 3.53506516149e-06, 4.0055970203e-06, 3.56899136023e-06, 3.06817332785e-06, 2.35663560488e-06, 1.82335566024e-06, 1.53725045493e-06, 1.23295842513e-06, 1.05982769583e-06, 9.7956171885e-07, 9.93645357994e-07, 8.60602369812e-07, 7.04467367996e-07, 5.73951353999e-07, 5.20138428328e-07, 4.71785966738e-07, 3.76591174245e-07, 1.79703221193e-07, 3.34200791485e-08, 1.19538592358e-08, 1.25768302439e-08, 1.18970007179e-08, 1.29630706169e-08, 5.83047077285e-09, 1.61074667493e-10, 3.11939640785e-11, 2.96219229701e-11, 2.85153012314e-11, 2.79348037757e-11],
        "min": [4.26863183689e-10, 6.55750209688e-09, 4.36418545746e-09, 2.88207657739e-09, 1.95023419636e-09, 1.18584475572e-09, 6.55995702203e-09, 1.09508659918e-08, 1.2652720649e-08, 5.26794607936e-08, 1.90755784502e-08, 8.34801525684e-08, 9.39767090813e-08, 2.86811570049e-07, 1.63854863899e-07, 6.78026665923e-08, 9.94179103486e-08, 1.16617300705e-07, 9.76423848442e-08, 9.46482074937e-08, 8.53076329577e-08, 1.47965238284e-07, 1.81448868375e-07, 7.50895523538e-08, 1.58238236736e-07, 1.72319658986e-07, 1.14921924421e-07, 1.30078888105e-07, 1.85235762729e-07, 1.01351972148e-07, 2.99253279934e-08, 3.46941959606e-08, 4.89302465212e-08, 1.65074212077e-07, 7.12061734021e-08, 4.37512781559e-08, 3.49780009401e-08, 7.54156914695e-08, 9.39538651323e-08, 7.19314598996e-08, 1.6674304959e-07, 6.31199270629e-08, 5.01796115771e-08, 1.4025101791e-07, 9.83506112107e-08, 3.32363647715e-08, 4.00989641491e-08, 3.69013442025e-08, 5.46930678524e-08, 1.36717055454e-08, 3.79788929195e-08, 3.95616446269e-08, 5.67232234516e-08, 5.07376824999e-08, 5.50236549657e-08, 6.8708850165e-08, 2.38391315577e-08, 6.13749833178e-08, 1.07424014573e-07, 7.26285946939e-08, 9.55853849405e-08, 3.3483292583e-08, 6.88823718065e-08, 5.67081386293e-08, 3.57695881803e-08, 4.17102015149e-08, 4.57612898686e-08, 3.47712685311e-08, 5.99598308781e-08, 2.94704118886e-08, 5.35337925101e-08, 7.56840101701e-09, 2.87061285853e-09, 8.26087753758e-10, 3.86176757239e-10, 2.49460979651e-10, 2.69799516062e-10, 1.88700763348e-10, 1.83575363244e-10, 2.24468443832e-10, 2.62385085881e-10, 1.74003200737e-10, 2.3770271862e-10, 8.51620579612e-11, 7.16958228897e-11, 1.29495277348e-11, 5.67622268632e-11, 4.30003359309e-11, 3.94845198204e-11, 2.99682709204e-11, 2.94920511623e-11, 1.76871902541e-11, 1.91374555092e-11, 1.46157391745e-11, 1.38220806328e-11, 1.2873873842e-11, 9.45120197382e-12, 3.85905630368e-12, 1.265656243e-11, 1.26652768134e-11, 8.79356830408e-12, 5.32859737237e-12, 1.70184862296e-12, 2.43055207037e-12, 9.96926282845e-13, 7.90091841778e-13, 1.12184512981e-12, 7.03483929096e-13, 7.65912507028e-13, 5.03805764468e-13, 4.60119518441e-13, 5.2799117075e-13, 5.31202469164e-13, 4.4217540328e-13, 3.43935952852e-13, 4.38718587284e-13, 3.48243460978e-13, 3.99112383767e-13, 3.58272575019e-13, 3.3417352544e-13, 3.40928538655e-13, 3.67427713689e-13, 3.65841336175e-13, 3.20485120647e-13, 2.18125986566e-13, 9.04033453457e-14, 1.18854231673e-14, 5.21819358777e-16],
        "stdev": [0.000549677875824, 0.0027603446506, 0.00425965245813, 0.00471939379349, 0.00346461613663, 0.00226157507859, 0.00128304085229, 0.000776035420131, 0.000603861291893, 0.000598446698859, 0.000820409681182, 0.00114771944936, 0.00104148464743, 0.00114736892283, 0.00150819425471, 0.000843358284328, 0.000532006612048, 0.000538539025001, 0.000577167898882, 0.00051690149121, 0.000573344761506, 0.00044668460032, 0.00119344308041, 0.00162362528499, 0.00146564876195, 0.00240148790181, 0.000875660160091, 0.000783565279562, 0.00108512560837, 0.000760199094657, 0.000446286139777, 0.000376352312742, 0.000419912277721, 0.000475886219647, 0.000238995591644, 0.000126772662043, 0.000206228767638, 0.000210534431972, 0.000130167783936, 0.000172875035787, 0.000214465937461, 0.000129117193865, 7.69611797296e-05, 6.83467660565e-05, 0.00010296493565, 9.1818292276e-05, 0.000100137440313, 9.04536573216e-05, 5.30516590516e-05, 5.48493444512e-05, 9.57601369009e-05, 9.35234202188e-05, 5.47042909602e-05, 4.27286759077e-05, 4.98667359352e-05, 6.22161314823e-05, 5.09409510414e-05, 6.84710321366e-05, 4.78187357658e-05, 6.9265748607e-05, 2.79520154436e-05, 1.98349680431e-05, 2.46653216891e-05, 3.92902256863e-05, 3.95040769945e-05, 4.04362617701e-05, 3.6914327211e-05, 3.5473571188e-05, 3.1557487091e-05, 2.51652618317e-05, 3.53312389052e-05, 3.64088955394e-05, 2.86934937321e-05, 1.27250677906e-05, 1.24222578961e-05, 9.37227105169e-06, 1.27191842694e-05, 1.23452191474e-05, 2.12060913327e-05, 1.23880145111e-05, 1.02445455923e-05, 9.49546847551e-06, 1.28877081806e-05, 1.27298917505e-05, 1.03437332655e-05, 1.21828916235e-05, 1.46093570947e-05, 1.13581554615e-05, 1.16880746646e-05, 8.23960272101e-06, 8.86924863153e-06, 1.05733761302e-05, 1.1892708244e-05, 1.30862717924e-05, 1.02874355434e-05, 8.36241088109e-06, 7.11588882041e-06, 7.01006774761e-06, 7.78460798756e-06, 8.87894748303e-06, 1.19469013953e-05, 1.08433268906e-05, 9.05414344743e-06, 6.29329770163e-06, 4.54616974821e-06, 3.87166073779e-06, 3.10102086587e-06, 2.63116658061e-06, 2.35588049691e-06, 2.4868932087e-06, 2.35623861045e-06, 1.52587301727e-06, 1.32282320919e-06, 1.30829437239e-06, 1.15367379294e-06, 9.08941103717e-07, 5.71728378418e-07, 1.50697573531e-07, 4.76055888043e-08, 4.83870223889e-08, 5.03014128128e-08, 5.32893693617e-08, 2.65914525954e-08, 1.17772525066e-09, 6.60465293567e-10, 6.34027053081e-10, 6.1438210075e-10, 6.03239791452e-10]
    },
    "mfcc": {
        "mean": [-636.295776367, 87.7401657104, -11.7957639694, 5.9448184967, -7.16153335571, -7.68236303329, -0.648106992245, 3.20925545692, -2.09528470039, 3.89436984062, -1.64795637131, 0.68256098032, -1.33928847313],
        "cov": [[3034.17333984, -708.599121094, 523.099304199, 509.973449707, 428.857452393, 370.245483398, 136.544311523, 209.851257324, 213.627456665, 43.7116241455, 91.1880340576, 60.0614967346, 6.50226974487], [-708.599121094, 1511.98571777, -384.953643799, 135.218444824, -83.8700332642, -65.4231033325, 183.309387207, 104.881355286, 18.3556518555, 106.500114441, 45.7763977051, 41.9748954773, 53.3509674072], [523.099304199, -384.953643799, 1066.4942627, 321.403381348, 444.180297852, 322.20715332, 150.400772095, 150.676452637, 111.183837891, 32.5065193176, 116.261695862, 89.3673171997, 79.9951019287], [509.973449707, 135.218444824, 321.403381348, 569.609863281, 326.574737549, 208.475219727, 147.095245361, 160.97593689, 115.629371643, 44.8292732239, 66.578956604, 96.1002502441, 79.2932434082], [428.857452393, -83.8700332642, 444.180297852, 326.574737549, 492.974731445, 215.428955078, 95.2548446655, 123.078948975, 130.83190918, 66.0029678345, 84.1275482178, 80.2762298584, 75.421333313], [370.245483398, -65.4231033325, 322.20715332, 208.475219727, 215.428955078, 412.448425293, 220.772369385, 174.260620117, 148.993667603, 62.6746520996, 118.105964661, 60.4439544678, 36.5742988586], [136.544311523, 183.309387207, 150.400772095, 147.095245361, 95.2548446655, 220.772369385, 340.842773438, 190.253005981, 124.661132812, 84.6696395874, 111.888938904, 64.7182922363, 47.6300163269], [209.851257324, 104.881355286, 150.676452637, 160.97593689, 123.078948975, 174.260620117, 190.253005981, 260.172241211, 142.537322998, 68.8378372192, 96.4927139282, 68.8586959839, 46.9123573303], [213.627456665, 18.3556518555, 111.183837891, 115.629371643, 130.83190918, 148.993667603, 124.661132812, 142.537322998, 234.409317017, 94.01978302, 82.4041061401, 55.5327911377, 35.0125083923], [43.7116241455, 106.500114441, 32.5065193176, 44.8292732239, 66.0029678345, 62.6746520996, 84.6696395874, 68.8378372192, 94.01978302, 141.464675903, 64.6028671265, 34.3920478821, 23.980966568], [91.1880340576, 45.7763977051, 116.261695862, 66.578956604, 84.1275482178, 118.105964661, 111.888938904, 96.4927139282, 82.4041061401, 64.6028671265, 140.438354492, 60.1394195557, 20.7046775818], [60.0614967346, 41.9748954773, 89.3673171997, 96.1002502441, 80.2762298584, 60.4439544678, 64.7182922363, 68.8586959839, 55.5327911377, 34.3920478821, 60.1394195557, 112.47959137, 54.7083091736], [6.50226974487, 53.3509674072, 79.9951019287, 79.2932434082, 75.421333313, 36.5742988586, 47.6300163269, 46.9123573303, 35.0125083923, 23.980966568, 20.7046775818, 54.7083091736, 107.227272034]],
        "icov": [[0.000504642899614, 0.00029302953044, 6.88924992573e-05, -0.000454755412648, -8.45097820275e-05, -9.85915685305e-05, -1.54316803673e-05, -0.000168558370206, -0.000110864675662, -7.87643293734e-05, 4.99110183227e-06, 0.000124421858345, 0.00027153280098], [0.00029302953044, 0.00115700089373, 0.000505318341311, -0.000728997518308, 3.75048912247e-05, 0.000363125116564, -0.000630983326118, -0.000296957266983, 0.000346952554537, -0.000646136177238, -0.000223153590923, 0.000197989080334, -0.000198083245778], [6.88924992573e-05, 0.000505318341311, 0.00192637299187, -0.000261530658463, -0.00123676145449, -0.000533420650754, -0.00029116825317, -0.000153594883159, 0.000527732365299, 0.000253364647506, -0.000538696476724, 4.15883951064e-05, -0.000397131254431], [-0.000454755412648, -0.000728997518308, -0.000261530658463, 0.00394631968811, -0.00175599043723, -0.00047101432574, -0.00015549454838, -0.000586969661526, 4.80983144371e-05, 0.000751425337512, 0.00112517469097, -0.00140535109676, -0.000295196397929], [-8.45097820275e-05, 3.75048912247e-05, -0.00123676145449, -0.00175599043723, 0.00501432176679, -0.000685410806909, 0.00108146364801, 0.000230481338804, -0.000828050950076, -0.00102613377385, -0.000443102384452, 3.42297607858e-05, -0.00109876773786], [-9.85915685305e-05, 0.000363125116564, -0.000533420650754, -0.00047101432574, -0.000685410806909, 0.00564195262268, -0.00238803890534, -0.000477938272525, -0.00106955959927, 0.000668422377203, -0.001587498351, 0.000797249143943, 0.000498623063322], [-1.54316803673e-05, -0.000630983326118, -0.00029116825317, -0.00015549454838, 0.00108146364801, -0.00238803890534, 0.00694107916206, -0.00260341051035, 7.69395628595e-05, -0.00106873759069, -0.00133603450377, 0.000129935535369, -0.000837673374917], [-0.000168558370206, -0.000296957266983, -0.000153594883159, -0.000586969661526, 0.000230481338804, -0.000477938272525, -0.00260341051035, 0.00883923750371, -0.00276846555062, 0.000605893670581, -0.00134135968983, -0.000829005555715, -0.00055281171808], [-0.000110864675662, 0.000346952554537, 0.000527732365299, 4.80983144371e-05, -0.000828050950076, -0.00106955959927, 7.69395628595e-05, -0.00276846555062, 0.00857018586248, -0.00356086692773, -0.000380643381504, -0.000610551971477, -8.78959253896e-05], [-7.87643293734e-05, -0.000646136177238, 0.000253364647506, 0.000751425337512, -0.00102613377385, 0.000668422377203, -0.00106873759069, 0.000605893670581, -0.00356086692773, 0.0116439089179, -0.00308348727413, 0.000234532562899, -0.000680675148033], [4.99110183227e-06, -0.000223153590923, -0.000538696476724, 0.00112517469097, -0.000443102384452, -0.001587498351, -0.00133603450377, -0.00134135968983, -0.000380643381504, -0.00308348727413, 0.0142843564972, -0.00543752871454, 0.00254401075654], [0.000124421858345, 0.000197989080334, 4.15883951064e-05, -0.00140535109676, 3.42297607858e-05, 0.000797249143943, 0.000129935535369, -0.000829005555715, -0.000610551971477, 0.000234532562899, -0.00543752871454, 0.015973366797, -0.00604178011417], [0.00027153280098, -0.000198083245778, -0.000397131254431, -0.000295196397929, -0.00109876773786, 0.000498623063322, -0.000837673374917, -0.00055281171808, -8.78959253896e-05, -0.000680675148033, 0.00254401075654, -0.00604178011417, 0.0139116402715]]
    },
    "spectral_contrast_coeffs": {
        "max": [-0.297677874565, -0.382235467434, -0.465148180723, -0.562423825264, -0.592397332191, -0.569527506828],
        "mean": [-0.67815721035, -0.732747912407, -0.754318356514, -0.79734069109, -0.784224569798, -0.775701880455],
        "min": [-0.90702778101, -0.961407780647, -0.921332776546, -0.915762364864, -0.878057360649, -0.878712952137],
        "stdev": [0.103439472616, 0.0998818129301, 0.0863252058625, 0.0548794791102, 0.0464627332985, 0.0384867526591]
    },
    "spectral_contrast_valleys": {
        "max": [-5.21915960312, -4.90108537674, -5.57993888855, -5.64893245697, -5.13060808182, -7.45330047607],
        "mean": [-7.73637628555, -6.82714605331, -7.24961948395, -7.43925046921, -7.32163524628, -9.77263069153],
        "min": [-11.9060516357, -8.92649364471, -9.3726606369, -9.43422794342, -9.79052448273, -14.6747426987],
        "stdev": [1.23474168777, 0.5628079772, 0.553671419621, 0.590423882008, 0.684118270874, 1.08751261234]
    }
},
"rhythm": {
    "beats_count": 84,
    "beats_loudness": {
        "max": 0.0992748513818,
        "mean": 0.039436802268,
        "min": 0.00328545807861,
        "stdev": 0.0170605443418
    },
    "bpm": 103.943557739,
    "bpm_histogram_first_peak_bpm": 103,
    "bpm_histogram_first_peak_weight": 0.291139245033,
    "bpm_histogram_second_peak_bpm": 96,
    "bpm_histogram_second_peak_spread": 0,
    "bpm_histogram_second_peak_weight": 0.0361445769668,
    "danceability": 1.18701994419,
    "onset_rate": 4.4912109375,
    "beats_loudness_band_ratio": {
        "max": [0.831627845764, 0.580852270126, 0.869394123554, 0.636562764645, 0.370781332254, 0.952262043953],
        "mean": [0.355332672596, 0.0960985645652, 0.215477883816, 0.123101398349, 0.0884426906705, 0.146340563893],
        "min": [0.000291177129839, 0.00573845207691, 0.00732186809182, 0.00437908433378, 0.00278823869303, 0.017557663843],
        "stdev": [0.248178705573, 0.107983358204, 0.21175634861, 0.123862423003, 0.0650214627385, 0.134465441108]
    },
