{
"metadata": {
    "version": {
        "essentia": "2.1-beta5",
        "essentia_git_sha": "Undefined",
        "extractor": "music 2.0"
    },
    "audio_properties": {
        "analysis": {
            "equal_loudness": 0,
            "length": 51.9082069397,
            "sample_rate": 44100,
            "start_time": 142.744674683,
            "downmix": "mix"
        },
        "bit_rate": 192000,
        "length": 194.664978027,
        "lossless": 0,
        "number_channels": 2,
        "replay_gain": -2.36632156372,
        "sample_rate": 48000,
        "codec": "mp3",
        "md5_encoded": "d80c1fecdb2ebec2c7aef47aae6c7260"
    },
    "tags": {
        "file_name": "Spain_Tu Canción_Amaia _ Alfred.mp3",
        "encoding": ["Lavf58.29.100"]
    }
},
"lowlevel": {
    "average_loudness": 0.867745101452,
    "barkbands_crest": {
        "max": 25.0556774139,
        "mean": 9.89417266846,
        "min": 3.25391530991,
        "stdev": 3.57178044319
    },
    "barkbands_flatness_db": {
        "max": 0.384403824806,
        "mean": 0.183713316917,
        "min": 0.0593517199159,
        "stdev": 0.057642288506
    },
    "barkbands_kurtosis": {
        "max": 150.15977478,
        "mean": 4.22919225693,
        "min": -1.70890200138,
        "stdev": 7.47249555588
    },
    "barkbands_skewness": {
        "max": 9.72543907166,
        "mean": 1.44831979275,
        "min": -0.695641636848,
        "stdev": 0.88212031126
    },
    "barkbands_spread": {
        "max": 79.9114379883,
        "mean": 12.1142368317,
        "min": 0.601252138615,
        "stdev": 7.91231536865
    },
    "dissonance": {
        "max": 0.500000238419,
        "mean": 0.452741891146,
        "min": 0.30484226346,
        "stdev": 0.0335732474923
    },
    "dynamic_complexity": 2.91751694679,
    "erbbands_crest": {
        "max": 28.0471191406,
        "mean": 10.5781602859,
        "min": 2.53547596931,
        "stdev": 4.24187850952
    },
    "erbbands_flatness_db": {
        "max": 0.377030998468,
        "mean": 0.225448533893,
        "min": 0.0850105732679,
        "stdev": 0.0634413436055
    },
    "erbbands_kurtosis": {
        "max": 42.7076759338,
        "mean": 1.78262960911,
        "min": -1.78697633743,
        "stdev": 2.84564709663
    },
    "erbbands_skewness": {
        "max": 5.60131502151,
        "mean": 1.05751085281,
        "min": -1.32665729523,
        "stdev": 0.68039649725
    },
    "erbbands_spread": {
        "max": 112.865478516,
        "mean": 23.6286067963,
        "min": 4.31899499893,
        "stdev": 14.2445230484
    },
    "hfc": {
        "max": 94.3895721436,
        "mean": 21.0760707855,
        "min": 0.180034846067,
        "stdev": 15.6952180862
    },
    "loudness_ebu128": {
        "integrated": -20.4908237457,
        "loudness_range": 9.59675979614,
        "momentary": {
            "max": -16.5477180481,
            "mean": -21.9653568268,
            "min": -38.4851837158,
            "stdev": 4.19440937042
        },
        "short_term": {
            "max": -17.08842659,
            "mean": -21.7239646912,
            "min": -30.8138427734,
            "stdev": 3.24076533318
        }
    },
    "melbands_crest": {
        "max": 27.7257099152,
        "mean": 12.0216856003,
        "min": 4.87546348572,
        "stdev": 3.76463937759
    },
    "melbands_flatness_db": {
        "max": 0.488878726959,
        "mean": 0.227435350418,
        "min": 0.092141546309,
        "stdev": 0.0621152631938
    },
    "melbands_kurtosis": {
        "max": 164.254989624,
        "mean": 7.77748537064,
        "min": -1.28213942051,
        "stdev": 9.08916091919
    },
    "melbands_skewness": {
        "max": 7.37866592407,
        "mean": 1.82794070244,
        "min": -0.571170389652,
        "stdev": 0.992312371731
    },
    "melbands_spread": {
        "max": 81.3848419189,
        "mean": 14.467124939,
        "min": 0.780312597752,
        "stdev": 7.62076187134
    },
    "pitch_salience": {
        "max": 0.890557408333,
        "mean": 0.616999089718,
        "min": 0.133239790797,
        "stdev": 0.106679424644
    },
    "silence_rate_20dB": {
        "max": 1,
        "mean": 1,
        "min": 1,
        "stdev": 0
    },
    "silence_rate_30dB": {
        "max": 1,
        "mean": 1,
        "min": 1,
        "stdev": 0
    },
    "silence_rate_60dB": {
        "max": 1,
        "mean": 0.0639249011874,
        "min": 0,
        "stdev": 0.244620680809
    },
    "spectral_centroid": {
        "max": 2926.83862305,
        "mean": 979.114990234,
        "min": 279.861602783,
        "stdev": 385.256530762
    },
    "spectral_complexity": {
        "max": 44,
        "mean": 18.8645515442,
        "min": 0,
        "stdev": 8.17893028259
    },
    "spectral_decrease": {
        "max": -1.54378426709e-10,
        "mean": -7.03758207266e-09,
        "min": -2.45964173473e-08,
        "stdev": 3.9347569647e-09
    },
    "spectral_energy": {
        "max": 0.101393885911,
        "mean": 0.0284731052816,
        "min": 0.000608116562944,
        "stdev": 0.0160302259028
    },
    "spectral_energyband_high": {
        "max": 0.0077701555565,
        "mean": 0.000342380488291,
        "min": 9.95116096192e-08,
        "stdev": 0.000592181924731
    },
    "spectral_energyband_low": {
        "max": 0.0528067983687,
        "mean": 0.00323470681906,
        "min": 7.85696499861e-07,
        "stdev": 0.0040121730417
    },
    "spectral_energyband_middle_high": {
        "max": 0.0575661584735,
        "mean": 0.00771207455546,
        "min": 4.92545623274e-05,
        "stdev": 0.0094426413998
    },
    "spectral_energyband_middle_low": {
        "max": 0.0696596652269,
        "mean": 0.0183196663857,
        "min": 0.000140037882375,
        "stdev": 0.0111126964912
    },
    "spectral_entropy": {
        "max": 8.59224224091,
        "mean": 7.27520275116,
        "min": 5.43377876282,
        "stdev": 0.377267330885
    },
    "spectral_flux": {
        "max": 0.232684239745,
        "mean": 0.0778585374355,
        "min": 0.00666104443371,
        "stdev": 0.0404870510101
    },
    "spectral_kurtosis": {
        "max": 58.5235481262,
        "mean": 7.05597066879,
        "min": -0.738333702087,
        "stdev": 6.35849571228
    },
    "spectral_rms": {
        "max": 0.00994589645416,
        "mean": 0.00498901773244,
        "min": 0.000770249578636,
        "stdev": 0.00169951864518
    },
    "spectral_rolloff": {
        "max": 8656.34765625,
        "mean": 1020.56054688,
        "min": 279.931640625,
        "stdev": 713.954101562
    },
    "spectral_skewness": {
        "max": 5.21560049057,
        "mean": 1.8426053524,
        "min": 0.119210831821,
        "stdev": 0.561336994171
    },
    "spectral_spread": {
        "max": 11206920,
        "mean": 3340755.25,
        "min": 979927.125,
        "stdev": 1235173.125
    },
    "spectral_strongpeak": {
        "max": 6.6878900528,
        "mean": 1.44942998886,
        "min": 0.0329638533294,
        "stdev": 1.14760625362
    },
    "zerocrossingrate": {
        "max": 0.19970703125,
        "mean": 0.0438826680183,
        "min": 0.01171875,
        "stdev": 0.0188061371446
    },
    "barkbands": {
        "max": [0.00174875056837, 0.0364422053099, 0.0141457486898, 0.0231122039258, 0.0441115573049, 0.0279812961817, 0.02133750543, 0.0324251465499, 0.0548701584339, 0.0563735887408, 0.0207877084613, 0.0129381669685, 0.00855893455446, 0.00546887936071, 0.00617410987616, 0.00597532186657, 0.00650237454101, 0.00378121389076, 0.00198616855778, 0.00336589082144, 0.000793948711362, 0.00272420141846, 0.00410684011877, 0.00285557890311, 0.00179406674579, 0.000329082249664, 1.97674962692e-05],
        "mean": [4.04232996516e-05, 0.00162612367421, 0.00115913676564, 0.00099073513411, 0.00341577921063, 0.0028964059893, 0.00147827342153, 0.00289136474021, 0.00524618150666, 0.00352375069633, 0.00135760148987, 0.000790414400399, 0.000679416058119, 0.000440463132691, 0.000385689112591, 0.000321346771671, 0.000351872382453, 0.000227379059652, 0.000243121932726, 0.000143996454426, 7.32106054784e-05, 6.44426982035e-05, 5.54500984435e-05, 3.76125572075e-05, 2.40429708356e-05, 8.65429592523e-06, 2.34650542552e-07],
        "min": [9.82595160792e-09, 1.02192046825e-07, 3.1163789771e-08, 2.85031003244e-08, 7.79578726906e-07, 2.71930321105e-06, 3.42139037457e-06, 1.92155994228e-06, 8.55590678839e-06, 5.8414502746e-06, 2.83467988993e-06, 2.52221138908e-06, 1.8765981622e-06, 1.50417156419e-06, 6.3128658212e-07, 4.50994178891e-07, 8.95882294571e-07, 4.74365492664e-07, 3.59465161637e-07, 1.28376115072e-07, 3.29282592304e-08, 1.68101296771e-10, 5.18296204566e-11, 9.13620845644e-11, 7.26768714654e-11, 7.63576701868e-11, 8.7610259325e-11],
        "stdev": [0.000105220125988, 0.00245026359335, 0.00166447483934, 0.00185107730795, 0.00473184045404, 0.00328104989603, 0.00208669854328, 0.00399149628356, 0.00778228836134, 0.00651988387108, 0.00204496807419, 0.00126614025794, 0.00102593330666, 0.000695728347637, 0.000646746484563, 0.000488308782224, 0.000592592055909, 0.000341714447131, 0.000273095443845, 0.000209489124245, 8.27756666695e-05, 0.000140601536259, 0.000171381761902, 0.000151864951476, 0.000103521022538, 1.99521564355e-05, 8.55885048168e-07]
    },
    "erbbands": {
        "max": [0.929770588875, 8.77096557617, 16.3452777863, 46.0582809448, 92.9650650024, 191.762695312, 349.121124268, 193.742767334, 323.22869873, 502.771453857, 889.748291016, 1213.3260498, 2200.03979492, 1278.40966797, 792.620239258, 402.99798584, 458.438934326, 310.025085449, 362.973358154, 171.965576172, 404.866424561, 352.574981689, 238.675857544, 139.18888855, 78.537979126, 208.490249634, 46.0040283203, 38.7501029968, 72.5053710938, 194.942718506, 86.4446716309, 42.7931442261, 69.4902648926, 26.869720459, 9.781291008, 2.27120900154, 0.634668409824, 0.0857718586922, 0.0047770072706, 0.000197481800569],
        "mean": [0.0291687175632, 0.426037997007, 1.44131910801, 2.20708346367, 4.5199098587, 12.7635850906, 20.5833644867, 24.4529037476, 24.3867893219, 43.1727714539, 60.5909423828, 129.650863647, 119.706207275, 83.7162017822, 54.1215629578, 32.2482948303, 32.5245132446, 25.4497089386, 22.6015586853, 17.3438301086, 18.5197944641, 18.1149177551, 13.5604486465, 13.5401363373, 9.61504173279, 7.36410808563, 4.085978508, 2.43874621391, 2.16889333725, 2.2798166275, 1.38908696175, 0.865016937256, 0.586735367775, 0.322025924921, 0.14142999053, 0.0482866317034, 0.0132397217676, 0.00217501632869, 6.82992249494e-05, 3.55625270458e-05],
        "min": [4.84577230964e-06, 2.82652345049e-05, 8.08167533251e-05, 0.000262191839283, 0.00120373966638, 0.00351837603375, 0.0207404159009, 0.0673614814878, 0.0595456324518, 0.0312400888652, 0.103365145624, 0.221822291613, 0.140464246273, 0.131172254682, 0.149863883853, 0.12297231704, 0.0995072051883, 0.100120738149, 0.0606072619557, 0.0447644107044, 0.044265601784, 0.0485609136522, 0.0314504690468, 0.0232455804944, 0.0137243038043, 0.00707364920527, 0.00213844212703, 0.000455231813248, 4.9067351938e-05, 9.55567884375e-06, 4.94838877785e-06, 3.05686785396e-06, 2.22302151087e-06, 1.79022106295e-06, 1.45272133523e-06, 8.12177859189e-07, 4.44286911261e-07, 1.02500543164e-07, 3.28798876126e-07, 6.9795919444e-07],
        "stdev": [0.05875210464, 0.618723928928, 2.01859903336, 3.53559875488, 6.24428319931, 18.9568920135, 28.3438549042, 28.2764606476, 34.1548347473, 64.1943740845, 81.4342880249, 189.369354248, 214.649765015, 157.803848267, 70.2296447754, 46.5270614624, 47.3169898987, 38.6891975403, 37.6669998169, 21.6464576721, 28.9471149445, 30.8131732941, 19.8212852478, 16.1695919037, 10.7129230499, 12.0530376434, 4.55983448029, 3.06101965904, 4.44849967957, 7.65585422516, 3.78253054619, 2.63229060173, 2.98752593994, 1.45233309269, 0.569029569626, 0.133979320526, 0.0315345786512, 0.00515657663345, 0.000168794635101, 2.07004140975e-05]
    },
    "gfcc": {
        "mean": [-30.7808380127, 126.942695618, -154.647094727, 14.1796350479, -72.2392883301, -0.357879638672, -25.395280838, 4.84976291656, -14.5886554718, -6.57273387909, -6.57275104523, -5.13898992538, -2.22914838791],
        "cov": [[6458.09863281, -3194.05786133, 924.987426758, 111.723930359, -733.275817871, 784.105834961, -1163.92578125, 963.408996582, -451.471832275, 426.059661865, -542.683166504, 84.092300415, -588.609008789], [-3194.05786133, 3344.44897461, 684.615234375, 529.874511719, 793.41394043, -713.526245117, 599.511047363, -770.282653809, 208.596176147, -251.83605957, 410.064575195, -79.0620727539, 234.89012146], [924.987426758, 684.615234375, 1930.87341309, 707.477966309, 352.388336182, -123.669670105, -369.023864746, -23.671957016, -193.350784302, 238.917037964, -118.158233643, 161.490066528, -264.627593994], [111.723930359, 529.874511719, 707.477966309, 613.198120117, 153.673583984, -86.7018127441, -124.476852417, -92.8329391479, 32.7859268188, 13.4864864349, 57.3218612671, 44.4863548279, -40.9648780823], [-733.275817871, 793.41394043, 352.388336182, 153.673583984, 375.594573975, -183.051010132, 137.519866943, -134.444900513, -2.50895428658, 24.6524848938, 22.1564369202, 38.6197013855, 6.73796463013], [784.105834961, -713.526245117, -123.669670105, -86.7018127441, -183.051010132, 375.533569336, -47.4209403992, 211.535964966, -17.2727947235, 30.3711643219, -64.1008071899, -30.7633857727, -48.0781860352], [-1163.92578125, 599.511047363, -369.023864746, -124.476852417, 137.519866943, -47.4209403992, 447.262176514, -129.395874023, 133.391311646, -83.9567718506, 100.279907227, -44.8058815002, 85.5688858032], [963.408996582, -770.282653809, -23.671957016, -92.8329391479, -134.444900513, 211.535964966, -129.395874023, 330.066864014, -42.5937995911, 115.411529541, -114.772964478, 10.8649749756, -89.7415390015], [-451.471832275, 208.596176147, -193.350784302, 32.7859268188, -2.50895428658, -17.2727947235, 133.391311646, -42.5937995911, 184.798782349, -57.2465820312, 78.1671905518, -27.5137271881, 49.8497505188], [426.059661865, -251.83605957, 238.917037964, 13.4864864349, 24.6524848938, 30.3711643219, -83.9567718506, 115.411529541, -57.2465820312, 160.270019531, -80.0660324097, 57.877243042, -85.6097183228], [-542.683166504, 410.064575195, -118.158233643, 57.3218612671, 22.1564369202, -64.1008071899, 100.279907227, -114.772964478, 78.1671905518, -80.0660324097, 168.665481567, -32.8514060974, 89.6971054077], [84.092300415, -79.0620727539, 161.490066528, 44.4863548279, 38.6197013855, -30.7633857727, -44.8058815002, 10.8649749756, -27.5137271881, 57.877243042, -32.8514060974, 108.128074646, -30.0642356873], [-588.609008789, 234.89012146, -264.627593994, -40.9648780823, 6.73796463013, -48.0781860352, 85.5688858032, -89.7415390015, 49.8497505188, -85.6097183228, 89.6971054077, -30.0642356873, 167.776412964]],
        "icov": [[0.000779350521043, 2.94464352919e-05, -7.46904115658e-05, -0.0002609420917, 0.000684776285198, -0.000462766183773, 0.000920847989619, -0.000915372918826, 0.00057741580531, 0.000110203734948, 0.000228963777772, 0.000221118811169, 0.00119394878857], [2.94464352919e-05, 0.0055815493688, -0.00343530531973, 0.000141297743539, -0.00429295469075, 0.00430739624426, -0.00465656165034, 0.00262339878827, -0.00102385785431, 0.00327793089673, -0.00480090035126, 0.00556388543919, -0.00236947392114], [-7.46904115658e-05, -0.00343530531973, 0.00422317394987, -0.00173461798113, 0.00112664198969, -0.00299460836686, 0.00381270772777, -0.000738022266887, 0.00156640319619, -0.00343607668765, 0.00286661274731, -0.00366772408597, 0.00313380290754], [-0.0002609420917, 0.000141297743539, -0.00173461798113, 0.0043937433511, -0.00115258141886, -0.000186507822946, 0.000982558121905, 0.000643458159175, -0.00269050430506, 0.00134612619877, -0.00185868656263, -0.000323712389218, -0.000518572400324], [0.000684776285198, -0.00429295469075, 0.00112664198969, -0.00115258141886, 0.0109462821856, -0.00135484535713, 0.00054527039174, -0.00286029884592, 0.00260826805606, -0.00355167756788, 0.00530390255153, -0.00417951541021, 0.00110054272227], [-0.000462766183773, 0.00430739624426, -0.00299460836686, -0.000186507822946, -0.00135484535713, 0.00905925314873, -0.00586478877813, -0.000793011451606, -0.000289497111226, 0.00346436328255, -0.00320587237366, 0.00511057581753, -0.0027219154872], [0.000920847989619, -0.00465656165034, 0.00381270772777, 0.000982558121905, 0.00054527039174, -0.00586478877813, 0.0110450927168, -0.00154584052507, -0.00144997576717, -0.00277331168763, 0.00279897986911, -0.00409865798429, 0.00462572835386], [-0.000915372918826, 0.00262339878827, -0.000738022266887, 0.000643458159175, -0.00286029884592, -0.000793011451606, -0.00154584052507, 0.0108484299853, -0.00247794715688, -0.00372684956528, -0.000858308107127, 0.0032071294263, -0.00154428300448], [0.00057741580531, -0.00102385785431, 0.00156640319619, -0.00269050430506, 0.00260826805606, -0.000289497111226, -0.00144997576717, -0.00247794715688, 0.0103055108339, -7.02850084053e-05, -0.000787469267379, -0.000914169184398, 0.00165860215202], [0.000110203734948, 0.00327793089673, -0.00343607668765, 0.00134612619877, -0.00355167756788, 0.00346436328255, -0.00277331168763, -0.00372684956528, -7.02850084053e-05, 0.0170286782086, -0.00219269981608, -0.00117032346316, 0.000935422664043], [0.000228963777772, -0.00480090035126, 0.00286661274731, -0.00185868656263, 0.00530390255153, -0.00320587237366, 0.00279897986911, -0.000858308107127, -0.000787469267379, -0.00219269981608, 0.0163806937635, -0.0032756398432, -0.00165544718038], [0.000221118811169, 0.00556388543919, -0.00366772408597, -0.000323712389218, -0.00417951541021, 0.00511057581753, -0.00409865798429, 0.0032071294263, -0.000914169184398, -0.00117032346316, -0.0032756398432, 0.0183209571987, -0.00273096212186], [0.00119394878857, -0.00236947392114, 0.00313380290754, -0.000518572400324, 0.00110054272227, -0.0027219154872, 0.00462572835386, -0.00154428300448, 0.00165860215202, 0.000935422664043, -0.00165544718038, -0.00273096212186, 0.0146533260122]]
    },
    "melbands": {
        "max": [0.00911711156368, 0.00966311898082, 0.00957317464054, 0.00663712574169, 0.0111980047077, 0.00408294610679, 0.00481109321117, 0.00590490130708, 0.00750977639109, 0.00843392126262, 0.0112569713965, 0.00515636289492, 0.00335989752784, 0.00159807875752, 0.000841422821395, 0.000805460149422, 0.000597807927988, 0.00058765837457, 0.000380131881684, 0.000364123756299, 0.000565343303606, 0.000449749233667, 0.000276304112049, 0.000200428679818, 0.000143903132994, 8.44920505187e-05, 6.12012881902e-05, 0.000179766575457, 2.29790475714e-05, 2.4887631298e-05, 2.64577229245e-05, 3.93145783164e-05, 7.57151210564e-05, 0.000134237125167, 5.74092482566e-05, 2.61164950643e-05, 2.75802285614e-05, 6.1179009208e-05, 3.73336515622e-05, 1.89920610865e-05],
        "mean": [0.000355549243977, 0.000688056810759, 0.000462348834844, 0.000553361373022, 0.000783340714406, 0.000564654998016, 0.000347581459209, 0.000516780070029, 0.000539319764357, 0.000816667103209, 0.000585783214774, 0.000346213200828, 0.000186915814993, 0.000100981545984, 7.17467846698e-05, 6.60570949549e-05, 4.4979267841e-05, 3.60134072253e-05, 2.5624061891e-05, 2.33331466006e-05, 2.16347834794e-05, 1.9634664568e-05, 1.58368384291e-05, 9.94157926471e-06, 1.13439800771e-05, 7.79493711889e-06, 5.13926124768e-06, 4.85498230773e-06, 2.72386341749e-06, 1.81820564649e-06, 1.29148168071e-06, 1.21300422506e-06, 1.24841972138e-06, 1.28397209664e-06, 8.43040481868e-07, 5.90046965954e-07, 4.98332383359e-07, 4.36730431375e-07, 3.21749581644e-07, 2.5644956736e-07],
        "min": [3.27749098972e-08, 6.24425382512e-08, 8.69755112376e-08, 1.65173631217e-07, 6.67884705763e-07, 1.03448473965e-06, 6.26397763881e-07, 2.65988774117e-07, 7.5391176324e-07, 1.18918364933e-06, 5.02899752064e-07, 3.86835949939e-07, 4.28296885957e-07, 2.14252821706e-07, 1.20612028809e-07, 1.65282543207e-07, 1.45292261777e-07, 8.59435260736e-08, 6.56942731325e-08, 3.82229252693e-08, 3.93480306116e-08, 4.9904510746e-08, 2.98959470513e-08, 1.87582944733e-08, 1.80508408221e-08, 9.00006291715e-09, 7.6117272485e-09, 3.28651461601e-09, 1.00171981821e-09, 5.00222196997e-10, 2.43804911156e-12, 3.49192701664e-12, 1.58679764207e-12, 9.48758541348e-13, 7.77521276529e-13, 9.06121857235e-13, 7.92285995924e-13, 1.04023094392e-12, 5.85913316562e-13, 6.12136697668e-13],
        "stdev": [0.000588060822338, 0.000907213252503, 0.000684493512381, 0.000673682021443, 0.00108139927033, 0.000651921727695, 0.000488391669933, 0.000771188701037, 0.000730300962459, 0.00121067231521, 0.00108983181417, 0.000679808552377, 0.000258432788542, 0.000151196829393, 9.7330987046e-05, 0.000103416925413, 7.13770132279e-05, 5.92556425545e-05, 3.90515633626e-05, 3.40368278557e-05, 3.85292732972e-05, 3.88921507692e-05, 2.56053190242e-05, 1.49497336679e-05, 1.46220472743e-05, 9.46559066506e-06, 6.25461780146e-06, 9.23185416468e-06, 3.20792287312e-06, 2.19713365368e-06, 1.90557273072e-06, 2.36737150772e-06, 3.40951237376e-06, 4.9220816436e-06, 2.39443693317e-06, 1.44168416227e-06, 1.70534997324e-06, 2.40915733229e-06, 1.61325317549e-06, 1.10404141651e-06]
    },
    "melbands128": {
        "max": [0.00156653649174, 0.00693489937112, 0.0138073787093, 0.0149139259011, 0.00968668237329, 0.00640864903107, 0.00896222144365, 0.0121350931004, 0.0100558400154, 0.00574008561671, 0.0134608084336, 0.0207855179906, 0.0158177241683, 0.0116356452927, 0.00621505500749, 0.00853545125574, 0.00747800990939, 0.00821049604565, 0.00658875470981, 0.00899095647037, 0.0130850169808, 0.0111554283649, 0.0147664975375, 0.0134318452328, 0.0153744565323, 0.0143362227827, 0.0132953766733, 0.0177443344146, 0.00998997502029, 0.00955260172486, 0.00828064419329, 0.00436122901738, 0.00675604492426, 0.00500653265044, 0.00448451004922, 0.00118867051788, 0.00198328541592, 0.00133534427732, 0.00188541191164, 0.00177795183845, 0.00130761344917, 0.00128598453011, 0.00131140998565, 0.0010584066622, 0.000837558996864, 0.00113526871428, 0.00157219613902, 0.00070059200516, 0.000301033782307, 0.000552185811102, 0.000693232927006, 0.000462967611384, 0.0012832286302, 0.000964535167441, 0.00123544665985, 0.000928498455323, 0.000548707030248, 0.000509871169925, 0.000625115586445, 0.000427134364145, 0.000436930160504, 0.000174396118382, 0.000197401255718, 0.000225169802434, 0.000172206884599, 0.000137129201903, 0.000159873059602, 0.00016624845739, 8.50831856951e-05, 0.000132453758852, 0.000386818370316, 0.000105236496893, 7.09199521225e-05, 5.20329158462e-05, 7.765666669e-05, 5.08184857608e-05, 1.93856449187e-05, 2.96499601973e-05, 2.9539289244e-05, 4.59659531771e-05, 4.32425913459e-05, 4.04541606258e-05, 8.45959075377e-05, 0.000115559327241, 8.88805734576e-05, 0.000163673408679, 0.000168133468833, 5.89418850723e-05, 6.52523885947e-05, 6.65418556309e-05, 3.79240918846e-05, 2.7195432267e-05, 3.51150119968e-05, 3.96412615373e-05, 4.31255175499e-05, 6.41728474875e-05, 8.6061838374e-05, 5.17737207701e-05, 5.09215606144e-05, 5.44161957805e-05, 2.79295891232e-05, 1.69819613802e-05, 1.58524053404e-05, 1.73227035702e-05, 1.28911860884e-05, 9.916810086e-06, 1.15748689495e-05, 7.41293115425e-06, 2.94755363939e-06, 1.96018186216e-06, 2.16812486542e-06, 2.07503103411e-06, 1.92419543055e-06, 2.50577409133e-06, 1.45320984757e-06, 9.78417915576e-07, 3.73602773607e-07, 1.30335777726e-07, 1.84888321542e-07, 1.4299553186e-07, 1.72098594931e-07, 9.8747754862e-08, 5.79652912336e-08, 6.05063021908e-09, 5.93247140301e-09, 5.85516835017e-09, 5.78820591457e-09, 5.75203751296e-09],
        "mean": [3.29914364556e-05, 0.000176765184733, 0.000427276187111, 0.000810545636341, 0.000845671631396, 0.000485500699142, 0.000399241194827, 0.000540982815437, 0.000448820035672, 0.00032313662814, 0.000740668678191, 0.00111938361079, 0.00063299346948, 0.000625984393992, 0.000534049118869, 0.000584551307838, 0.000537109619472, 0.00023688863439, 0.000184877557331, 0.000524973089341, 0.000727879989427, 0.000387322274037, 0.000474397704238, 0.000642575439997, 0.0010206165025, 0.000813363061752, 0.000605065375566, 0.000660069170408, 0.000435464084148, 0.000437247363152, 0.000299550709315, 0.000183279247722, 0.000196395078092, 0.000189387617866, 0.000105168153823, 7.50556428102e-05, 9.21977043618e-05, 5.30851721123e-05, 7.88131073932e-05, 7.9129335063e-05, 6.23609084869e-05, 4.89310914418e-05, 4.46556514362e-05, 4.68528924102e-05, 3.1127656257e-05, 3.34864853357e-05, 4.46023914265e-05, 2.27173986787e-05, 1.84210493899e-05, 2.4220225896e-05, 2.48041978921e-05, 2.23600600293e-05, 1.92103343579e-05, 2.2271187845e-05, 2.55085542449e-05, 1.87485929928e-05, 1.38753885039e-05, 2.07161119761e-05, 1.49305942614e-05, 1.01379991975e-05, 9.42155111261e-06, 8.9547911557e-06, 1.3719762137e-05, 1.19263386296e-05, 7.47808917367e-06, 7.90584817878e-06, 8.35605351313e-06, 5.55883889319e-06, 3.52398797077e-06, 5.57320208827e-06, 5.80163941777e-06, 4.06806930187e-06, 3.30689067596e-06, 2.31510716731e-06, 2.25343865168e-06, 2.06125332625e-06, 1.56256987793e-06, 1.20514039281e-06, 1.22261758406e-06, 1.4554483414e-06, 1.18853370168e-06, 1.10261510144e-06, 1.22709343486e-06, 1.22338224173e-06, 1.33641924549e-06, 1.34203889957e-06, 1.3486115904e-06, 1.00040711004e-06, 8.38125231439e-07, 6.94889706665e-07, 6.25445579772e-07, 5.53875906917e-07, 5.42864142972e-07, 5.14465625656e-07, 4.48391062946e-07, 4.7168325068e-07, 4.48238012041e-07, 3.67758588027e-07, 3.20708494428e-07, 3.1068512385e-07, 2.64783579951e-07, 2.47718134005e-07, 2.47386708452e-07, 1.88173473248e-07, 1.50347034378e-07, 1.27617298062e-07, 1.18684404526e-07, 9.92613706785e-08, 8.36502280777e-08, 6.18897360027e-08, 4.81665693997e-08, 4.04710895907e-08, 4.3271789707e-08, 3.38302577063e-08, 3.64646908224e-08, 2.99766185208e-08, 8.76093864122e-09, 9.34001098685e-10, 3.90978860398e-10, 3.55399987217e-10, 3.6617991972e-10, 2.79535866676e-10, 1.98328214962e-10, 9.84612044674e-12, 6.66647986813e-12, 6.34545714584e-12, 6.15521045591e-12, 6.10089496283e-12],
        "min": [5.89547022312e-10, 9.54550483101e-09, 9.02679353487e-09, 6.3993392807e-09, 1.48785677112e-08, 1.79813834933e-08, 2.79765544065e-08, 7.00456315172e-09, 1.23892505144e-08, 9.86543113868e-08, 2.48178988471e-08, 1.74692743826e-07, 2.59960728499e-07, 2.71630682391e-07, 5.23160750276e-08, 1.14485423808e-07, 2.1225605451e-07, 2.80856852442e-07, 2.91224591109e-08, 1.21917253182e-07, 2.09446255894e-07, 2.47232463835e-07, 3.86026783872e-08, 3.10007180815e-07, 5.89262867834e-07, 2.49735364832e-07, 1.72309228219e-07, 4.25505447765e-07, 2.8927246376e-07, 9.74621698902e-08, 1.89225943359e-07, 1.95608905074e-07, 1.5523424679e-07, 2.87255431886e-07, 7.82149527367e-08, 5.56877850499e-08, 7.02642779515e-08, 5.96216551685e-08, 9.12338720127e-08, 7.48306732135e-08, 3.64822625443e-08, 2.87831340984e-08, 9.70668878608e-08, 4.14811367477e-08, 5.68739721984e-08, 2.93870296986e-08, 3.04058431766e-08, 1.75942940217e-08, 2.32284804724e-08, 1.46106708954e-08, 2.00883221169e-08, 1.23203074409e-08, 9.13932396429e-09, 7.09311276381e-09, 2.37252351099e-08, 1.31868898023e-08, 1.89650961602e-08, 2.37796431435e-08, 1.43810350295e-08, 1.14812737095e-08, 9.24671095248e-09, 1.11814637549e-08, 7.38810301826e-09, 6.02715566345e-09, 5.13388087597e-09, 7.86925724583e-09, 5.35692779025e-09, 5.27238830372e-09, 1.13425491222e-09, 3.69528230237e-09, 2.86182633147e-09, 8.18450363038e-10, 5.3541926448e-10, 5.66223123943e-10, 5.50672951682e-10, 1.15241732823e-10, 8.22375154086e-12, 2.37240478998e-12, 1.62739125561e-12, 2.56258404253e-12, 3.04527496969e-12, 2.24830353987e-12, 1.68547814594e-12, 8.53832521179e-13, 1.04620825891e-12, 5.4533347239e-13, 5.74721964897e-13, 5.2568577746e-13, 7.15654206902e-13, 6.01621562898e-13, 6.1217773472e-13, 7.37530587817e-13, 7.44775118314e-13, 5.23780075302e-13, 5.16469516893e-13, 6.52778016103e-13, 4.27100412329e-13, 3.94636526149e-13, 3.64546852991e-13, 3.09935535353e-13, 4.25761151595e-13, 3.58504892439e-13, 3.87545328944e-13, 2.09012765862e-13, 3.54748728223e-13, 4.18955885609e-13, 3.65225943022e-13, 2.71280692138e-13, 3.2749603268e-13, 2.83265977948e-13, 3.17742441516e-13, 3.10724156908e-13, 2.75783410865e-13, 2.6571990051e-13, 2.69537566095e-13, 2.8504593976e-13, 2.5601330951e-13, 2.58893465476e-13, 2.3392716258e-13, 2.72442035295e-13, 2.65096972152e-13, 2.71282779227e-13, 2.88312857746e-13, 2.13049982387e-13, 1.94729771045e-13, 8.35237234193e-14, 7.77668402764e-15, 3.87987650185e-16],
        "stdev": [8.9295223006e-05, 0.000428846105933, 0.00086173141608, 0.00120513816364, 0.00124480389059, 0.000697937328368, 0.000718855008017, 0.00102146505378, 0.000702102610376, 0.000496580207255, 0.00120395538397, 0.00202353228815, 0.00112775922753, 0.000967486004811, 0.000767587625887, 0.00104101048782, 0.000957781390753, 0.000525767973159, 0.000383041362511, 0.000936787924729, 0.00128567160573, 0.000695757800713, 0.00109529658221, 0.00130635232199, 0.0018606405938, 0.00162963173352, 0.00138691929169, 0.0013778017601, 0.00106002273969, 0.00099451164715, 0.000703923520632, 0.000392317830119, 0.00034087014501, 0.000310333329253, 0.000255800434388, 0.000140035146615, 0.000183850788744, 0.000104629645648, 0.000138362447615, 0.000149595885887, 0.000130439308123, 0.000101116158476, 8.82682652446e-05, 8.17062682472e-05, 6.4381332777e-05, 6.87166902935e-05, 0.000116132636322, 4.30155596405e-05, 3.33595562552e-05, 4.12761437474e-05, 5.03484807268e-05, 4.13087691413e-05, 6.66711493977e-05, 5.42869165656e-05, 6.05631284998e-05, 6.36415497866e-05, 3.28868045472e-05, 4.30183499702e-05, 3.73061811842e-05, 2.30928835663e-05, 2.09044737858e-05, 1.54625577125e-05, 2.08454475796e-05, 2.04311127163e-05, 1.33753610498e-05, 1.2705168956e-05, 1.34352094392e-05, 9.32023976929e-06, 5.65049231227e-06, 1.02818548839e-05, 1.78599548235e-05, 7.64382366469e-06, 4.90542288389e-06, 3.80774713449e-06, 3.99292366637e-06, 3.07023037749e-06, 2.01330522032e-06, 1.90095602193e-06, 2.00297517949e-06, 2.74927856481e-06, 2.53228631664e-06, 2.31253511629e-06, 3.57956650987e-06, 3.87678483094e-06, 3.85772955269e-06, 5.77998025619e-06, 6.11016093899e-06, 3.22272717312e-06, 2.53048733612e-06, 2.11498195313e-06, 1.49212667111e-06, 1.46823299474e-06, 1.6995684291e-06, 1.85187832358e-06, 1.78350444457e-06, 2.66795450443e-06, 2.95445420306e-06, 2.10428356695e-06, 1.58705972808e-06, 1.96322071133e-06, 1.3833966932e-06, 9.71141616901e-07, 9.14533586638e-07, 8.90261674158e-07, 7.0615368486e-07, 4.71631835808e-07, 4.98575388974e-07, 3.60873343652e-07, 2.07309241773e-07, 1.37082793117e-07, 1.20402518178e-07, 1.1168133085e-07, 1.22933215607e-07, 9.02526480218e-08, 8.96287630781e-08, 7.70813883832e-08, 2.64662691762e-08, 5.21751175597e-09, 5.00761609956e-09, 4.15628420569e-09, 4.55631532503e-09, 3.06901548619e-09, 2.42548336971e-09, 1.39729075532e-10, 1.25455076883e-10, 1.23825324994e-10, 1.22411830672e-10, 1.21647927842e-10]
    },
    "mfcc": {
        "mean": [-658.232666016, 150.234146118, -25.4680213928, 10.8735589981, -20.1959209442, -6.91947841644, -5.68466329575, 4.5984711647, -3.43423724174, 3.03655862808, -2.68981599808, -1.06269216537, -1.52189421654],
        "cov": [[5646.41357422, -2728.51708984, 398.804351807, -681.820068359, 110.340049744, -327.756164551, -312.459991455, 87.7918548584, 35.900428772, 207.690917969, 131.151245117, -65.8818435669, 77.1163253784], [-2728.51708984, 2477.1862793, 343.194641113, 928.495361328, 193.629104614, 270.193237305, 212.951919556, -131.047912598, -149.73651123, -138.522521973, -114.702262878, 84.2743682861, 52.0146751404], [398.804351807, 343.194641113, 1266.93334961, 668.677185059, 536.33013916, 116.092842102, -32.9916191101, -115.365898132, -94.5392074585, -54.6232337952, -6.31356430054, 74.7078552246, 132.451400757], [-681.820068359, 928.495361328, 668.677185059, 904.999816895, 353.446746826, 150.709625244, -36.3319206238, -106.28691864, -128.866455078, -94.6409072876, -50.2999992371, 67.5734786987, 108.374267578], [110.340049744, 193.629104614, 536.33013916, 353.446746826, 393.783630371, 21.602766037, -6.42271518707, -81.4655761719, -27.7831401825, -38.376373291, -23.9117546082, 27.7264900208, 58.7852592468], [-327.756164551, 270.193237305, 116.092842102, 150.709625244, 21.602766037, 186.233093262, 39.4855575562, 31.0053977966, -13.3015069962, -8.63727474213, 10.0220489502, 2.55467391014, -2.48487854004], [-312.459991455, 212.951919556, -32.9916191101, -36.3319206238, -6.42271518707, 39.4855575562, 181.464508057, 15.9793195724, 34.3490905762, 12.6404819489, 9.91818904877, 6.24366903305, -9.76474571228], [87.7918548584, -131.047912598, -115.365898132, -106.28691864, -81.4655761719, 31.0053977966, 15.9793195724, 133.741378784, 43.1484985352, 44.3373794556, 36.0171890259, 11.6924505234, -7.17677164078], [35.900428772, -149.73651123, -94.5392074585, -128.866455078, -27.7831401825, -13.3015069962, 34.3490905762, 43.1484985352, 140.990478516, 39.399936676, 41.7443275452, 4.49809932709, -1.60427772999], [207.690917969, -138.522521973, -54.6232337952, -94.6409072876, -38.376373291, -8.63727474213, 12.6404819489, 44.3373794556, 39.399936676, 116.88217926, 27.3305244446, 24.0490245819, 2.74611616135], [131.151245117, -114.702262878, -6.31356430054, -50.2999992371, -23.9117546082, 10.0220489502, 9.91818904877, 36.0171890259, 41.7443275452, 27.3305244446, 87.3970947266, 19.77917099, 18.9071407318], [-65.8818435669, 84.2743682861, 74.7078552246, 67.5734786987, 27.7264900208, 2.55467391014, 6.24366903305, 11.6924505234, 4.49809932709, 24.0490245819, 19.77917099, 90.3697738647, 40.4651794434], [77.1163253784, 52.0146751404, 132.451400757, 108.374267578, 58.7852592468, -2.48487854004, -9.76474571228, -7.17677164078, -1.60427772999, 2.74611616135, 18.9071407318, 40.4651794434, 94.0520629883]],
        "icov": [[0.000535427068826, 0.000551086792257, -0.000333086791215, 6.36781769572e-05, -7.39227616577e-05, 0.000326865381794, 7.7491531556e-05, -0.000186139819562, 0.000518687360454, -0.000574765959755, -0.00013891258277, 0.000500359048601, -0.000461123592686], [0.000551086792257, 0.00171847920865, 5.99221812081e-06, -0.00128574448172, 0.000362976716133, -0.000303605222143, -0.00143057212699, 0.000462584226625, 0.00062364077894, -0.000204738607863, 0.00068959366763, -0.000318146136124, -0.000262398039922], [-0.000333086791215, 5.99221812081e-06, 0.00270556984469, -0.0007664518198, -0.0025111574214, -0.00136871414725, -0.000183268435649, 0.000705287966412, 0.00052821735153, 0.000209386853385, -0.000526572985109, -0.000878469727468, -0.000602349522524], [6.36781769572e-05, -0.00128574448172, -0.0007664518198, 0.00458347750828, -0.00188669480849, -0.00145037902985, 0.00231383182108, -2.9287284633e-06, 0.00105825683568, 0.00049932685215, 4.74263833894e-05, -0.000387482956285, -0.0020016389899], [-7.39227616577e-05, 0.000362976716133, -0.0025111574214, -0.00188669480849, 0.00758677441627, 0.00139171967749, -0.00124307791702, 0.00130802427884, -0.00204822979867, 0.00038097059587, 0.00158090412151, 0.000107933956315, 0.000425538455602], [0.000326865381794, -0.000303605222143, -0.00136871414725, -0.00145037902985, 0.00139171967749, 0.00922797061503, -0.00120151066221, -0.00361843989231, 0.000512930098921, -0.000338134763297, -0.00193134730216, 0.00222821463831, 0.00191996153444], [7.7491531556e-05, -0.00143057212699, -0.000183268435649, 0.00231383182108, -0.00124307791702, -0.00120151066221, 0.00835618004203, -0.000361676356988, -0.00140233070124, -0.000666873878799, -0.000828798336443, 0.000118244955956, 1.60076306202e-05], [-0.000186139819562, 0.000462584226625, 0.000705287966412, -2.9287284633e-06, 0.00130802427884, -0.00361843989231, -0.000361676356988, 0.0120535120368, -0.00168620340992, -0.00183425098658, -0.00137355132028, -0.00215554656461, 0.000104308193841], [0.000518687360454, 0.00062364077894, 0.00052821735153, 0.00105825683568, -0.00204822979867, 0.000512930098921, -0.00140233070124, -0.00168620340992, 0.0110377417877, -0.00190478283912, -0.00369411287829, 0.000729953520931, -0.00104152434506], [-0.000574765959755, -0.000204738607863, 0.000209386853385, 0.00049932685215, 0.00038097059587, -0.000338134763297, -0.000666873878799, -0.00183425098658, -0.00190478283912, 0.0122148403898, -0.000276272156043, -0.00397867197171, 0.000636200478766], [-0.00013891258277, 0.00068959366763, -0.000526572985109, 4.74263833894e-05, 0.00158090412151, -0.00193134730216, -0.000828798336443, -0.00137355132028, -0.00369411287829, -0.000276272156043, 0.0169791392982, -0.00257986946963, -0.00316882506013], [0.000500359048601, -0.000318146136124, -0.000878469727468, -0.000387482956285, 0.000107933956315, 0.00222821463831, 0.000118244955956, -0.00215554656461, 0.000729953520931, -0.00397867197171, -0.00257986946963, 0.0168923586607, -0.00533205270767], [-0.000461123592686, -0.000262398039922, -0.000602349522524, -0.0020016389899, 0.000425538455602, 0.00191996153444, 1.60076306202e-05, 0.000104308193841, -0.00104152434506, 0.000636200478766, -0.00316882506013, -0.00533205270767, 0.01699947007]]
    },
    "spectral_contrast_coeffs": {
        "max": [-0.375526785851, -0.501839220524, -0.514165937901, -0.596853494644, -0.604906320572, -0.481615483761],
        "mean": [-0.692761898041, -0.713645637035, -0.738721311092, -0.796962916851, -0.78973287344, -0.738058924675],
        "min": [-0.890906870365, -0.924726307392, -0.907944858074, -0.909725308418, -0.889396071434, -0.91394931078],
        "stdev": [0.0849327370524, 0.0653025358915, 0.0658880472183, 0.0452228449285, 0.0384192168713, 0.0509013310075]
    },
    "spectral_contrast_valleys": {
        "max": [-5.16947555542, -4.69503688812, -4.89701128006, -5.7514090538, -6.02548646927, -7.79301261902],
        "mean": [-7.18346786499, -6.33714199066, -6.91931629181, -7.52534103394, -7.70947265625, -11.2516183853],
        "min": [-10.4653558731, -8.90948104858, -8.99101161957, -9.69882202148, -10.4022531509, -16.2138442993],
        "stdev": [1.20688617229, 0.618498504162, 0.754055976868, 0.757261514664, 0.772350609303, 1.77025806904]
    }
},
"rhythm": {
    "beats_count": 113,
    "beats_loudness": {
        "max": 0.0834766551852,
        "mean": 0.0308535266668,
        "min": 0.000702205754351,
        "stdev": 0.0169051829726
    },
    "bpm": 123.235038757,
    "bpm_histogram_first_peak_bpm": 123,
    "bpm_histogram_first_peak_weight": 0.260869562626,
    "bpm_histogram_second_peak_bpm": 152,
    "bpm_histogram_second_peak_spread": 0.0909091234207,
    "bpm_histogram_second_peak_weight": 0.0892857164145,
    "danceability": 0.831970334053,
    "onset_rate": 1.7334420681,
    "beats_loudness_band_ratio": {
        "max": [0.649721443653, 0.805358409882, 0.785670936108, 0.724293291569, 0.424852818251, 0.342582911253],
        "mean": [0.162728533149, 0.264085799456, 0.379088848829, 0.190568760037, 0.0512698926032, 0.0234232563525],
        "min": [4.30554100603e-05, 0.0008329997072, 0.0819508731365, 0.0100766457617, 0.00261654751375, 0.000579943880439],
        "stdev": [0.152555793524, 0.235078066587, 0.167627066374, 0.177325382829, 0.052989769727, 0.0359795503318]
    },
