{
"metadata": {
    "version": {
        "essentia": "2.1-beta5",
        "essentia_git_sha": "Undefined",
        "extractor": "music 2.0"
    },
    "audio_properties": {
        "analysis": {
            "equal_loudness": 0,
            "length": 21.5597286224,
            "sample_rate": 44100,
            "start_time": 175.240997314,
            "downmix": "mix"
        },
        "bit_rate": 192000,
        "length": 196.823959351,
        "lossless": 0,
        "number_channels": 2,
        "replay_gain": -2.19093132019,
        "sample_rate": 48000,
        "codec": "mp3",
        "md5_encoded": "697b14f5053af14d284b9647c32add66"
    },
    "tags": {
        "file_name": "Estonia_La Forza_Elina Nechayeva.mp3",
        "encoding": ["Lavf58.29.100"]
    }
},
"lowlevel": {
    "average_loudness": 0.940320849419,
    "barkbands_crest": {
        "max": 25.9043560028,
        "mean": 15.1165361404,
        "min": 4.3424949646,
        "stdev": 5.87663650513
    },
    "barkbands_flatness_db": {
        "max": 0.321824431419,
        "mean": 0.202117413282,
        "min": 0.078491166234,
        "stdev": 0.0475120060146
    },
    "barkbands_kurtosis": {
        "max": 43.855430603,
        "mean": 4.93032169342,
        "min": -1.73116397858,
        "stdev": 6.92371082306
    },
    "barkbands_skewness": {
        "max": 3.39514565468,
        "mean": -0.115343086421,
        "min": -4.95746183395,
        "stdev": 1.75294697285
    },
    "barkbands_spread": {
        "max": 37.9494819641,
        "mean": 12.3705768585,
        "min": 1.11649429798,
        "stdev": 8.11389923096
    },
    "dissonance": {
        "max": 0.499999701977,
        "mean": 0.465790331364,
        "min": 0.282700240612,
        "stdev": 0.0402655303478
    },
    "dynamic_complexity": 1.537114501,
    "erbbands_crest": {
        "max": 34.1578826904,
        "mean": 19.2340660095,
        "min": 4.9222369194,
        "stdev": 8.17732906342
    },
    "erbbands_flatness_db": {
        "max": 0.41295671463,
        "mean": 0.279662102461,
        "min": 0.1113922894,
        "stdev": 0.0572679340839
    },
    "erbbands_kurtosis": {
        "max": 86.5670700073,
        "mean": 10.4099979401,
        "min": -0.816958665848,
        "stdev": 11.2813262939
    },
    "erbbands_skewness": {
        "max": 5.15727472305,
        "mean": 1.03677296638,
        "min": -2.28043961525,
        "stdev": 1.14920568466
    },
    "erbbands_spread": {
        "max": 39.7556266785,
        "mean": 9.66495132446,
        "min": 0.953549563885,
        "stdev": 6.44739294052
    },
    "hfc": {
        "max": 77.8003921509,
        "mean": 32.4921989441,
        "min": 1.18703210354,
        "stdev": 13.4479894638
    },
    "loudness_ebu128": {
        "integrated": -20.0324115753,
        "loudness_range": 4.11830329895,
        "momentary": {
            "max": -17.1134757996,
            "mean": -20.3815307617,
            "min": -26.107585907,
            "stdev": 1.76641428471
        },
        "short_term": {
            "max": -17.6330013275,
            "mean": -20.2807674408,
            "min": -22.1580162048,
            "stdev": 1.38655138016
        }
    },
    "melbands_crest": {
        "max": 33.7326126099,
        "mean": 17.2741737366,
        "min": 5.69771528244,
        "stdev": 6.20641374588
    },
    "melbands_flatness_db": {
        "max": 0.312530636787,
        "mean": 0.216145634651,
        "min": 0.109191656113,
        "stdev": 0.0394314825535
    },
    "melbands_kurtosis": {
        "max": 26.1890506744,
        "mean": 4.47627067566,
        "min": -1.75545179844,
        "stdev": 5.56312322617
    },
    "melbands_skewness": {
        "max": 4.02867698669,
        "mean": 0.353186130524,
        "min": -3.98261404037,
        "stdev": 1.78783380985
    },
    "melbands_spread": {
        "max": 51.2251205444,
        "mean": 21.8664531708,
        "min": 3.40350866318,
        "stdev": 12.4063034058
    },
    "pitch_salience": {
        "max": 0.893260002136,
        "mean": 0.489973455667,
        "min": 0.125396370888,
        "stdev": 0.195661455393
    },
    "silence_rate_20dB": {
        "max": 1,
        "mean": 1,
        "min": 1,
        "stdev": 0
    },
    "silence_rate_30dB": {
        "max": 1,
        "mean": 1,
        "min": 1,
        "stdev": 0
    },
    "silence_rate_60dB": {
        "max": 0,
        "mean": 0,
        "min": 0,
        "stdev": 0
    },
    "spectral_centroid": {
        "max": 1959.73278809,
        "mean": 1372.23059082,
        "min": 861.370666504,
        "stdev": 181.231109619
    },
    "spectral_complexity": {
        "max": 40,
        "mean": 19.9043006897,
        "min": 0,
        "stdev": 8.83396625519
    },
    "spectral_decrease": {
        "max": -1.4943736526e-10,
        "mean": -7.5739947647e-09,
        "min": -1.98390406325e-08,
        "stdev": 3.14561932058e-09
    },
    "spectral_energy": {
        "max": 0.081701092422,
        "mean": 0.0315331369638,
        "min": 0.000671677815262,
        "stdev": 0.0128959110007
    },
    "spectral_energyband_high": {
        "max": 0.00205223495141,
        "mean": 0.00027403459535,
        "min": 2.03475519811e-05,
        "stdev": 0.000230996432947
    },
    "spectral_energyband_low": {
        "max": 0.0431234240532,
        "mean": 0.00351524492726,
        "min": 2.37621222254e-07,
        "stdev": 0.00568683678284
    },
    "spectral_energyband_middle_high": {
        "max": 0.0580305345356,
        "mean": 0.0199896544218,
        "min": 0.00058514327975,
        "stdev": 0.00867526046932
    },
    "spectral_energyband_middle_low": {
        "max": 0.0569424033165,
        "mean": 0.00872608926147,
        "min": 5.94439989072e-05,
        "stdev": 0.0100529100746
    },
    "spectral_entropy": {
        "max": 8.59687614441,
        "mean": 7.3243432045,
        "min": 6.33864927292,
        "stdev": 0.390376776457
    },
    "spectral_flux": {
        "max": 0.214772358537,
        "mean": 0.105520568788,
        "min": 0.0311252977699,
        "stdev": 0.034056160599
    },
    "spectral_kurtosis": {
        "max": 26.5655708313,
        "mean": 6.60150337219,
        "min": 1.54884815216,
        "stdev": 3.4231338501
    },
    "spectral_rms": {
        "max": 0.00892795529217,
        "mean": 0.00543405953795,
        "min": 0.000809503195342,
        "stdev": 0.00111134373583
    },
    "spectral_rolloff": {
        "max": 2519.38476562,
        "mean": 1301.99743652,
        "min": 129.19921875,
        "stdev": 218.647003174
    },
    "spectral_skewness": {
        "max": 3.46230196953,
        "mean": 1.84754383564,
        "min": 1.05825042725,
        "stdev": 0.345510393381
    },
    "spectral_spread": {
        "max": 19900084,
        "mean": 3210800.75,
        "min": 1750897.625,
        "stdev": 976030.8125
    },
    "spectral_strongpeak": {
        "max": 14.6117744446,
        "mean": 3.81422448158,
        "min": 0,
        "stdev": 2.65641927719
    },
    "zerocrossingrate": {
        "max": 0.09814453125,
        "mean": 0.0565077923238,
        "min": 0.015625,
        "stdev": 0.00878174137324
    },
    "barkbands": {
        "max": [0.0117806680501, 0.0327083170414, 0.0108336526901, 0.00634985091165, 0.00644605606794, 0.00551166385412, 0.00518439942971, 0.0168358758092, 0.04049295187, 0.0485892854631, 0.0311182867736, 0.0330132953823, 0.0371935516596, 0.00935572106391, 0.00483916513622, 0.00258863181807, 0.00209691608325, 0.00217237416655, 0.00117408006918, 0.000905648514163, 0.000461742834887, 0.000373783026589, 0.000276699109236, 0.000239826913457, 0.000555512146093, 0.000278823659755, 1.16273758977e-05],
        "mean": [0.000547575880773, 0.00235268380493, 0.000562734203413, 0.000186390519957, 0.000330764509272, 0.000332262687152, 0.000385341671063, 0.000989441410638, 0.00452402373776, 0.00491074705496, 0.002477546921, 0.00399635545909, 0.00739972526208, 0.000681726960465, 0.000345577369444, 0.000359211437171, 0.00029407031252, 0.000316507590469, 0.000184277698281, 0.000143412093166, 7.32865883037e-05, 5.64829279028e-05, 3.72609356418e-05, 2.68738131126e-05, 1.58057409863e-05, 3.04869081447e-06, 4.6575518553e-08],
        "min": [1.09729638709e-08, 2.95921633864e-08, 2.65302002589e-08, 5.29457580001e-08, 1.7234635834e-06, 3.1197178032e-06, 4.10292477682e-06, 5.80117421123e-06, 1.56246733241e-05, 5.59975796932e-06, 1.440032338e-05, 1.59268602147e-05, 1.8801598344e-05, 8.5814654085e-06, 1.05209837784e-05, 1.05821718535e-05, 1.16988721857e-05, 7.19034460417e-06, 1.21251077871e-05, 2.07944640351e-06, 2.05558740163e-06, 1.37621123031e-06, 6.71426164445e-07, 6.45743682526e-07, 7.57731033474e-09, 8.67915322944e-11, 9.86051865159e-11],
        "stdev": [0.00116002187133, 0.00420078542084, 0.00126529845875, 0.000457181944512, 0.000630912138149, 0.000591545423958, 0.000541906105354, 0.00171702622902, 0.00689313141629, 0.00789112225175, 0.00427060294896, 0.00636173877865, 0.009352712892, 0.000912848394364, 0.000423098739702, 0.000412455265177, 0.000309385417495, 0.000340488739312, 0.000162280237419, 0.000123111633002, 7.14040070307e-05, 5.44527611055e-05, 3.76658135792e-05, 2.91796804959e-05, 3.01595664496e-05, 1.30154576254e-05, 4.62259492906e-07]
    },
    "erbbands": {
        "max": [2.07726764679, 8.4453830719, 13.9572277069, 18.9659461975, 22.9857959747, 29.279958725, 29.7795066833, 49.2686729431, 64.1932525635, 180.214355469, 310.199157715, 977.326599121, 1890.5144043, 1002.13665771, 1397.65539551, 1653.64868164, 2059.00878906, 744.00378418, 265.753601074, 113.011978149, 151.865142822, 111.582305908, 131.795471191, 77.5143356323, 46.9326591492, 37.6259651184, 28.4576721191, 16.0133895874, 12.0883550644, 11.3581933975, 7.7107424736, 4.73926115036, 3.72529745102, 3.53643274307, 5.67651748657, 1.40116202831, 0.53829741478, 0.0414528734982, 0.000930816400796, 9.79401229415e-05],
        "mean": [0.10452118516, 0.37861686945, 0.689795196056, 0.668454706669, 0.798195779324, 1.26598465443, 1.10089731216, 3.23560714722, 5.04474115372, 13.9161434174, 26.0453968048, 98.5566711426, 170.374221802, 110.922393799, 123.36088562, 170.132049561, 310.006744385, 127.708114624, 25.1346492767, 19.2848453522, 18.6794166565, 16.36759758, 18.3150844574, 11.5628156662, 8.65636348724, 6.89010238647, 3.61758041382, 2.61581301689, 2.05623698235, 1.51130878925, 1.01504302025, 0.663993239403, 0.383863031864, 0.211325332522, 0.0928751900792, 0.023492788896, 0.00417963042855, 0.000369176908862, 2.78392599284e-05, 3.88656626455e-05],
        "min": [1.06450693238e-06, 9.85470978776e-06, 4.94503765367e-05, 0.000382427067962, 0.00165327975992, 0.00510621070862, 0.0216942559928, 0.0419172868133, 0.0677270889282, 0.0751116648316, 0.191917970777, 0.385898351669, 0.346285670996, 0.426437526941, 1.46972489357, 1.6702914238, 1.78449821472, 2.51856350899, 0.717602193356, 0.840329408646, 0.608549714088, 0.755811333656, 0.731141030788, 0.511083483696, 0.55383592844, 0.106458730996, 0.242169946432, 0.0767562687397, 0.0572656579316, 0.0393682122231, 0.0178209003061, 0.00934977270663, 0.00492068380117, 0.000838615407702, 7.60634138715e-05, 2.07104294532e-05, 8.35764785734e-06, 1.38403652272e-06, 4.09727726947e-06, 8.96977962839e-06],
        "stdev": [0.192794963717, 0.777886271477, 1.47188961506, 1.55444788933, 1.65684294701, 2.56281518936, 2.14867639542, 5.6112909317, 8.00439739227, 24.3746528625, 39.5754241943, 150.964904785, 271.16897583, 166.031677246, 195.951797485, 255.042648315, 379.569091797, 157.201644897, 27.5471630096, 19.2584705353, 20.7428436279, 17.1074542999, 19.3548469543, 11.4279165268, 7.40884113312, 5.66966676712, 3.4367415905, 2.5073633194, 1.96419453621, 1.51499938965, 1.03117346764, 0.691363453865, 0.432640552521, 0.294937223196, 0.261296838522, 0.080199316144, 0.0224651917815, 0.00229678372853, 5.2406820032e-05, 1.55314464791e-05]
    },
    "gfcc": {
        "mean": [-27.6449737549, 90.0197067261, -182.578170776, 9.2995634079, -64.679649353, 31.7986431122, -20.8786430359, 10.1033058167, -16.706111908, 0.49424007535, 5.20514392853, -9.01001262665, -4.63076496124],
        "cov": [[1232.25183105, -325.899353027, 151.103500366, 4.21300601959, -314.117889404, 14.4251737595, -21.7455120087, 283.925415039, -25.5474262238, -122.691352844, -368.242706299, 139.688018799, 53.2228927612], [-325.899353027, 1351.12744141, 1008.97595215, 832.542724609, 698.143554688, 210.858688354, 78.890625, -317.7862854, -23.6791667938, 145.077087402, 418.994354248, -40.3131752014, -76.3756637573], [151.103500366, 1008.97595215, 1560.75683594, 939.434143066, 733.273193359, 359.921386719, 41.1319541931, -118.782081604, -229.221847534, 250.017272949, 247.665084839, 158.783554077, -109.883987427], [4.21300601959, 832.542724609, 939.434143066, 763.976928711, 541.227539062, 249.219680786, 61.0724105835, -165.879974365, -100.855430603, 146.925537109, 264.167266846, 42.8698616028, -63.3190345764], [-314.117889404, 698.143554688, 733.273193359, 541.227539062, 591.537719727, 212.228744507, 40.2534065247, -198.14453125, -93.157875061, 192.962387085, 284.341400146, 12.6513872147, -103.668327332], [14.4251737595, 210.858688354, 359.921386719, 249.219680786, 212.228744507, 182.460739136, 76.753616333, 6.93179178238, -58.8333473206, 44.4326210022, 68.0987167358, 41.5584754944, -3.64565658569], [-21.7455120087, 78.890625, 41.1319541931, 61.0724105835, 40.2534065247, 76.753616333, 161.652038574, 48.4411125183, 17.6538715363, -44.0563201904, 6.08127593994, 26.0747909546, 43.6273384094], [283.925415039, -317.7862854, -118.782081604, -165.879974365, -198.14453125, 6.93179178238, 48.4411125183, 237.735687256, 24.1702442169, -63.5381202698, -189.79460144, 57.3224487305, 73.0737457275], [-25.5474262238, -23.6791667938, -229.221847534, -100.855430603, -93.157875061, -58.8333473206, 17.6538715363, 24.1702442169, 129.243118286, -30.5401306152, -16.6886386871, -52.2840156555, 29.3597888947], [-122.691352844, 145.077087402, 250.017272949, 146.925537109, 192.962387085, 44.4326210022, -44.0563201904, -63.5381202698, -30.5401306152, 179.378433228, 113.936561584, -2.47169089317, -76.2399520874], [-368.242706299, 418.994354248, 247.665084839, 264.167266846, 284.341400146, 68.0987167358, 6.08127593994, -189.79460144, -16.6886386871, 113.936561584, 288.03704834, -31.9902896881, -55.940700531], [139.688018799, -40.3131752014, 158.783554077, 42.8698616028, 12.6513872147, 41.5584754944, 26.0747909546, 57.3224487305, -52.2840156555, -2.47169089317, -31.9902896881, 109.731681824, 26.0863437653], [53.2228927612, -76.3756637573, -109.883987427, -63.3190345764, -103.668327332, -3.64565658569, 43.6273384094, 73.0737457275, 29.3597888947, -76.2399520874, -55.940700531, 26.0863437653, 106.114990234]],
        "icov": [[0.00329672312364, -0.00075336516602, 0.000419255433371, -0.00321341562085, 0.00407681148499, -0.00237320549786, 0.0017972617643, -0.000403611484217, -0.00126511242706, -0.000315963727189, 0.00437372177839, -0.00368288531899, 0.00309535558335], [-0.00075336516602, 0.00942036788911, -0.00652536004782, -0.000789705431089, -0.0057233767584, 0.00738250697032, -0.00291387084872, 0.00268498924561, -0.00651213945821, 0.00705464463681, -0.00570363365114, 0.00768895680085, -0.00408566836268], [0.000419255433371, -0.00652536004782, 0.0102366795763, -0.00481070252135, 0.00111874972936, -0.00500631006435, 0.00353410397656, -0.00401807855815, 0.00680306181312, -0.00610604835674, 0.00556637113914, -0.00904971174896, 0.00394765054807], [-0.00321341562085, -0.000789705431089, -0.00481070252135, 0.0130656659603, -0.00348024466075, -0.00183287844993, -0.00207821442746, 0.00299999862909, -0.000274833786534, 0.000980836339295, -0.00558641366661, 0.00493905879557, -0.00419479003176], [0.00407681148499, -0.0057233767584, 0.00111874972936, -0.00348024466075, 0.0197858456522, -0.0129582639784, 0.000894412805792, 0.00444061961025, 0.000695096154232, -0.00843338947743, 0.00616984721273, -0.00721767684445, 0.00715196179226], [-0.00237320549786, 0.00738250697032, -0.00500631006435, -0.00183287844993, -0.0129582639784, 0.0282213874161, -0.00809338875115, -0.00711067672819, 0.0026677113492, 0.00684066582471, -0.0087868142873, 0.0104922158644, -0.0062746219337], [0.0017972617643, -0.00291387084872, 0.00353410397656, -0.00207821442746, 0.000894412805792, -0.00809338875115, 0.0139973741025, -0.00432979734614, -0.0020540796686, 0.00273320591077, 0.00180073501542, -0.00671977782622, 0.00237671588548], [-0.000403611484217, 0.00268498924561, -0.00401807855815, 0.00299999862909, 0.00444061961025, -0.00711067672819, -0.00432979734614, 0.0205666255206, -0.00708274776116, -0.00425574788824, 0.00728040607646, -0.00144914712291, -0.00542813679203], [-0.00126511242706, -0.00651213945821, 0.00680306181312, -0.000274833786534, 0.000695096154232, 0.0026677113492, -0.0020540796686, -0.00708274776116, 0.0217890050262, -0.00650276662782, 0.000107798776298, 0.00335629447363, -0.00214807619341], [-0.000315963727189, 0.00705464463681, -0.00610604835674, 0.000980836339295, -0.00843338947743, 0.00684066582471, 0.00273320591077, -0.00425574788824, -0.00650276662782, 0.020506285131, -0.00971935410053, 0.00511057814583, 0.0034534886945], [0.00437372177839, -0.00570363365114, 0.00556637113914, -0.00558641366661, 0.00616984721273, -0.0087868142873, 0.00180073501542, 0.00728040607646, 0.000107798776298, -0.00971935410053, 0.0217949580401, -0.00966644566506, 0.00295682437718], [-0.00368288531899, 0.00768895680085, -0.00904971174896, 0.00493905879557, -0.00721767684445, 0.0104922158644, -0.00671977782622, -0.00144914712291, 0.00335629447363, 0.00511057814583, -0.00966644566506, 0.0285998824984, -0.0113563202322], [0.00309535558335, -0.00408566836268, 0.00394765054807, -0.00419479003176, 0.00715196179226, -0.0062746219337, 0.00237671588548, -0.00542813679203, -0.00214807619341, 0.0034534886945, 0.00295682437718, -0.0113563202322, 0.0234737619758]]
    },
    "melbands": {
        "max": [0.0134074669331, 0.00788362231106, 0.00266127870418, 0.00162617559545, 0.000865551119205, 0.00119805487338, 0.000920176506042, 0.00262837484479, 0.00296315574087, 0.00687948288396, 0.00939970742911, 0.00430228002369, 0.00510967150331, 0.00385579490103, 0.00348616903648, 0.00455007795244, 0.00107486196794, 0.000478593166918, 0.000281637563603, 0.000244887603913, 0.000175644061528, 0.000107839201519, 0.000167672493262, 0.000103352467704, 6.71959423926e-05, 4.89177873533e-05, 4.5831726311e-05, 2.97125079669e-05, 2.84597390419e-05, 9.03048658074e-06, 1.07206224129e-05, 7.13964072929e-06, 6.30465365248e-06, 5.48424304725e-06, 4.41295196651e-06, 4.32219894719e-06, 2.60288857135e-06, 2.8880156151e-06, 2.86679005512e-06, 2.96089160656e-06],
        "mean": [0.000793954764958, 0.000395511800889, 0.000118246716738, 7.69588441472e-05, 4.19253192376e-05, 7.31666586944e-05, 7.78641624493e-05, 0.000171162595507, 0.000245787960012, 0.000681475852616, 0.000853414763696, 0.000452720851172, 0.000372538954252, 0.000435265857959, 0.000441425479949, 0.000807762029581, 0.000154365043272, 3.78698205168e-05, 2.50228858931e-05, 2.70628643193e-05, 2.06913518923e-05, 1.66182635439e-05, 1.82072653843e-05, 1.40386782732e-05, 8.90614046511e-06, 6.45933050691e-06, 5.7841252783e-06, 4.23527990279e-06, 2.29438410315e-06, 1.83801853382e-06, 1.41735392845e-06, 1.2228479136e-06, 9.51722427089e-07, 7.80821267199e-07, 5.98995143264e-07, 4.83055373479e-07, 3.79432492537e-07, 2.79233603351e-07, 2.2041862735e-07, 1.64676862369e-07],
        "min": [1.09671578485e-08, 3.14432391235e-08, 1.18663571413e-07, 2.41726951344e-07, 6.47137767373e-07, 7.33444437628e-07, 9.79501237452e-07, 1.04254536382e-06, 2.23091296903e-06, 2.21199479711e-06, 8.72324847023e-07, 9.62710714703e-07, 2.341424306e-06, 2.74982858173e-06, 2.97494193546e-06, 2.25182111535e-06, 1.0356952771e-06, 6.84169663145e-07, 8.61778289618e-07, 7.93514743691e-07, 3.96151392579e-07, 5.55286419512e-07, 4.37113499174e-07, 2.45797792786e-07, 2.90106726197e-07, 3.35613862035e-07, 1.04613789631e-07, 5.06420043678e-08, 6.59709655793e-08, 4.1013755947e-08, 3.05033012182e-08, 2.85419954338e-08, 4.96068208733e-09, 9.51745793287e-09, 7.45854578099e-09, 2.73483813373e-09, 6.85170542525e-09, 4.93904309812e-12, 7.62547848216e-13, 6.78358896833e-11],
        "stdev": [0.0013985541882, 0.000787715776823, 0.000242410882493, 0.000154241657583, 7.59980030125e-05, 0.000132139291964, 0.000118255258712, 0.000318012491334, 0.000390696048271, 0.00104138522875, 0.00136672751978, 0.000714635301847, 0.000643264793325, 0.000702645047568, 0.000640952959657, 0.00110255938489, 0.00021028550691, 5.05979369336e-05, 2.97762380796e-05, 3.10569448629e-05, 2.44264992943e-05, 1.80392671609e-05, 2.09632926271e-05, 1.54745175678e-05, 9.28782264964e-06, 6.02986028753e-06, 5.91402158534e-06, 3.75247122975e-06, 2.59131934399e-06, 1.7868330815e-06, 1.43548936649e-06, 1.17546039746e-06, 1.01800446828e-06, 7.94417246652e-07, 6.04038916663e-07, 5.63071466786e-07, 3.97227239546e-07, 3.16485056828e-07, 2.78362847439e-07, 2.5353645583e-07]
    },
    "melbands128": {
        "max": [0.0101427994668, 0.0221133623272, 0.0134784523398, 0.0162896085531, 0.00963199883699, 0.00499416608363, 0.00468119187281, 0.00209875963628, 0.00286077824421, 0.00236872490495, 0.00195048726164, 0.00107981928159, 0.00141687062569, 0.00109220575541, 0.00171145866625, 0.00284072896466, 0.00210837065242, 0.00120418716688, 0.00195019145031, 0.00273304758593, 0.00605443352833, 0.00455603376031, 0.00310941133648, 0.00563641777262, 0.00812201295048, 0.0133989248425, 0.0118893962353, 0.0150963952765, 0.0118632679805, 0.00891159009188, 0.00574059132487, 0.0061476691626, 0.00952935311943, 0.00855892989784, 0.00851308181882, 0.0084524853155, 0.00770218810067, 0.00750586763024, 0.00743521098047, 0.010904381983, 0.0100671285763, 0.00474106799811, 0.00109879556112, 0.00128324877005, 0.00131937151309, 0.000360967416782, 0.000925869389903, 0.000295612204354, 0.000256819999777, 0.000287919334369, 0.000516949337907, 0.000375379750039, 0.000421318894951, 0.00025744503364, 0.000225843425142, 0.000137376540806, 0.000174827640876, 0.000363964238204, 0.000223818307859, 0.000208709272556, 0.000211624137592, 0.000234719293076, 0.000117281488201, 8.04804221843e-05, 0.000142647113535, 5.88844777667e-05, 5.24199240317e-05, 0.000114810951345, 5.20948779013e-05, 8.95450357348e-05, 4.23834462708e-05, 4.73341860925e-05, 8.97723803064e-05, 4.28473686043e-05, 1.85343360499e-05, 1.72483614733e-05, 1.43645020216e-05, 9.67256073636e-06, 1.48533881656e-05, 1.48104654727e-05, 9.40553127293e-06, 8.07792912383e-06, 8.67580183694e-06, 8.16159990791e-06, 1.32412533276e-05, 8.90226147021e-06, 5.61670412935e-06, 4.6777231546e-06, 6.28738007435e-06, 5.41391500519e-06, 5.81676158617e-06, 5.53621293875e-06, 4.21264076067e-06, 2.74742546935e-06, 3.50278696715e-06, 5.1282709137e-06, 2.60623414761e-06, 2.61560489889e-06, 3.90870854972e-06, 2.80933113572e-06, 4.59715283796e-06, 3.11211692861e-06, 4.36250866187e-06, 1.00026400105e-05, 9.03075215319e-06, 5.86071337239e-06, 2.86924637294e-06, 2.49670142694e-06, 2.61301306637e-06, 1.97049985218e-06, 2.16085254579e-06, 2.3634856916e-06, 2.4478922569e-06, 6.02657337367e-07, 3.61007352012e-07, 4.61049523892e-07, 3.85988556673e-07, 1.31166020267e-08, 1.03426023301e-08, 1.06800301936e-08, 1.03043698019e-08, 9.26029830595e-09, 9.03271590857e-09, 8.83409256858e-09, 8.69453842256e-09, 8.57260040732e-09, 8.47873948828e-09, 8.4257534283e-09],
        "mean": [0.000489953556098, 0.00101291446481, 0.000814471219201, 0.000583302346058, 0.00040198280476, 0.000253539998084, 0.000137235343573, 8.35539321997e-05, 7.28632076061e-05, 9.0069421276e-05, 7.33853594284e-05, 4.26251062891e-05, 3.05309440591e-05, 4.00499193347e-05, 6.81825113134e-05, 9.9085184047e-05, 8.96499695955e-05, 5.9124413383e-05, 8.48779309308e-05, 0.000149025989231, 0.000247845891863, 0.000146740028867, 0.000194010106497, 0.000374854833353, 0.000634638650808, 0.000755070243031, 0.000929326517507, 0.000956835283432, 0.000739500508644, 0.000492527440656, 0.000382890197216, 0.000276567181572, 0.000383967591915, 0.000420843629399, 0.000405855244026, 0.000438637944171, 0.000497509317938, 0.000374774303054, 0.00039777616621, 0.000785023730714, 0.00121409713756, 0.000373599992599, 7.68503596191e-05, 6.60992882331e-05, 4.69867518404e-05, 3.19781647704e-05, 2.84433408524e-05, 2.50476095971e-05, 2.31468566199e-05, 2.45851188083e-05, 3.2319327147e-05, 2.42184523813e-05, 1.94006406673e-05, 2.05043979804e-05, 1.96440360014e-05, 1.55431753228e-05, 1.36352064146e-05, 1.88722588064e-05, 1.93031482922e-05, 1.91608560272e-05, 1.26261702462e-05, 1.20217036965e-05, 9.99778512778e-06, 8.23887785373e-06, 6.58963335809e-06, 6.43561634206e-06, 6.0097718233e-06, 6.65387233312e-06, 4.92217532155e-06, 6.14997816228e-06, 4.35607898908e-06, 3.55184829459e-06, 2.5707745408e-06, 1.96126325136e-06, 2.02629803425e-06, 2.07511743611e-06, 1.67399514339e-06, 1.39290443713e-06, 1.42107717238e-06, 1.38309064823e-06, 1.30081321004e-06, 1.17455476811e-06, 9.80036247711e-07, 9.16713702281e-07, 9.58043074206e-07, 8.31380532418e-07, 7.30692306661e-07, 6.46064336252e-07, 6.02825821261e-07, 5.44044723938e-07, 5.41011900168e-07, 4.49752121767e-07, 4.28963630839e-07, 3.61079514732e-07, 3.72174099539e-07, 3.32198169417e-07, 2.3425397444e-07, 2.42309340592e-07, 2.39795440393e-07, 2.02365271207e-07, 1.70933390109e-07, 1.62876546028e-07, 1.50096610696e-07, 1.31892107902e-07, 1.04125987832e-07, 8.57695354739e-08, 6.65720705229e-08, 4.38735980879e-08, 3.83101124157e-08, 2.7454232665e-08, 2.01981347203e-08, 1.39503706365e-08, 1.31923920677e-08, 6.85535583855e-09, 4.48722836666e-09, 3.69261177191e-09, 1.5706691503e-09, 7.9837234046e-11, 3.35955777087e-11, 4.07882165543e-11, 4.98326310772e-11, 3.43288730775e-11, 2.54741106681e-11, 2.42133743611e-11, 2.3709112798e-11, 2.31335020584e-11, 2.27678310233e-11, 2.26104968082e-11],
        "min": [1.91197591093e-09, 1.52204793213e-09, 4.31868851791e-09, 8.30288193754e-09, 9.94157556278e-09, 1.66805289581e-08, 2.2487633089e-08, 2.48099016886e-08, 3.64417225285e-08, 9.49401197659e-08, 6.95126587402e-08, 1.20724564567e-07, 6.00443428311e-08, 2.11203143863e-07, 3.21111343737e-07, 3.23748878372e-07, 3.45838429894e-07, 6.58918509089e-07, 6.05492971317e-07, 2.64534236294e-07, 1.09561824502e-06, 8.29967063964e-07, 3.51892197159e-07, 8.63013042363e-07, 6.20231617177e-07, 1.31461035835e-06, 3.04273555685e-07, 1.82823114869e-07, 2.50319601491e-07, 1.73732502162e-07, 2.5323419095e-07, 3.70580295339e-07, 1.24502969356e-06, 1.92222069018e-06, 1.46097897868e-06, 3.94881880084e-07, 3.04069516233e-07, 2.89964020794e-07, 1.1269347624e-06, 1.04443802229e-06, 1.11503129574e-06, 1.85464244851e-07, 3.18894961993e-07, 5.16870670708e-07, 1.0116820448e-07, 3.84258754593e-07, 2.20155797592e-07, 8.10658491446e-08, 2.38076921732e-07, 3.6933931824e-07, 2.41774131382e-07, 1.73496147227e-07, 1.33008086323e-07, 9.70126379229e-08, 1.49836779428e-07, 8.49742107789e-08, 1.54403352326e-07, 1.32764157001e-07, 7.32672376103e-08, 1.26257418742e-07, 6.31699066389e-08, 6.16232824768e-08, 1.41613980986e-07, 1.37194703598e-07, 7.35265359708e-08, 5.51715508834e-08, 1.13307962124e-07, 1.20445093899e-07, 2.64094470737e-08, 4.45060948095e-08, 1.74646022089e-08, 5.25947463359e-08, 3.15795496419e-08, 2.5074072596e-08, 2.82541776642e-08, 3.80450124737e-08, 1.49241063951e-08, 8.04737343429e-09, 1.49655363657e-08, 1.17114042908e-08, 2.89608581561e-09, 3.06988590104e-09, 9.95338811371e-10, 9.82197656541e-10, 5.47693934649e-09, 3.00207170234e-09, 1.9025090392e-09, 5.5949316291e-09, 6.19100493093e-10, 5.25774868088e-10, 3.46383977057e-10, 4.63645996596e-11, 1.53281502074e-11, 4.67072103216e-10, 3.58689189461e-11, 3.09623442336e-12, 9.67162331125e-13, 7.01322572065e-13, 8.97861591933e-13, 6.08342749005e-13, 1.40731729655e-12, 8.19509911321e-12, 1.02079325895e-11, 3.66197350221e-12, 1.88994306316e-12, 1.42157477196e-12, 5.04898802888e-13, 3.94435975852e-13, 4.61368681974e-13, 4.83442170844e-13, 3.45126352627e-13, 3.18080983644e-13, 3.50644209848e-13, 2.75306334804e-13, 2.78332614118e-13, 4.17425154772e-13, 2.7296611152e-13, 2.64953857465e-13, 3.37140661525e-13, 2.46513313235e-13, 2.71548029288e-13, 2.54821256327e-13, 3.12979270322e-13, 3.06695966366e-13, 1.86788667758e-13, 1.01644163735e-13, 1.46064953345e-14, 4.43975575086e-16],
        "stdev": [0.00103232217953, 0.00194976024795, 0.00157980213407, 0.0013317548437, 0.000905434717424, 0.000586964131799, 0.000362065096851, 0.000190462364117, 0.000179761496838, 0.000214285915717, 0.000164588098414, 9.2773923825e-05, 8.72227901709e-05, 7.78568137321e-05, 0.000133303925395, 0.000258546118857, 0.000233956379816, 9.70826222328e-05, 0.000164085853612, 0.000293022952974, 0.000598770100623, 0.000313419906888, 0.000388734333683, 0.00071199197555, 0.00113641959615, 0.00134386110585, 0.00174182211049, 0.00185853196308, 0.00144238513894, 0.000950579706114, 0.000729405030143, 0.000547192757949, 0.000976273266133, 0.000960796140134, 0.00107758899685, 0.00111524644308, 0.00116033502854, 0.000925649772398, 0.00110354460776, 0.00157059158664, 0.00209079310298, 0.000795774627477, 0.000120264354337, 0.000107266365376, 8.97550926311e-05, 4.61448071292e-05, 5.65771879337e-05, 3.52804963768e-05, 2.96234193229e-05, 3.41890881828e-05, 5.06114156451e-05, 3.39928519679e-05, 3.21625775541e-05, 2.82172368316e-05, 2.61420518655e-05, 2.11511833186e-05, 1.76929424924e-05, 2.85442056338e-05, 2.6082730983e-05, 2.57399133261e-05, 1.88256599358e-05, 1.89368838619e-05, 1.19544874906e-05, 1.02181884358e-05, 1.05848803287e-05, 7.52355890654e-06, 7.06996752342e-06, 1.13316709758e-05, 6.79871754983e-06, 1.01068408185e-05, 5.37641835763e-06, 4.58107251688e-06, 4.4840130613e-06, 2.88630030809e-06, 2.29359488912e-06, 2.20214042201e-06, 1.99765577236e-06, 1.67521943695e-06, 1.64853929618e-06, 1.65333256064e-06, 1.3752274981e-06, 1.30049556901e-06, 1.16514979709e-06, 1.15960608582e-06, 1.20671143122e-06, 9.89188720268e-07, 8.26630866868e-07, 7.25373752175e-07, 6.72853730066e-07, 6.48949537663e-07, 7.40562654755e-07, 6.09020958109e-07, 5.54226517124e-07, 4.06807743047e-07, 4.46684282451e-07, 4.14298995111e-07, 2.97512741554e-07, 3.31711646595e-07, 3.54772026867e-07, 2.67341448534e-07, 2.75035404229e-07, 2.75355830581e-07, 3.39313146469e-07, 4.07564499483e-07, 3.81304403163e-07, 2.99205510146e-07, 2.0782411525e-07, 1.57084542707e-07, 1.48561284163e-07, 1.04366570497e-07, 9.69458824329e-08, 8.96619880564e-08, 9.65230384509e-08, 4.0689258185e-08, 2.79533463043e-08, 2.70373412548e-08, 1.59193120908e-08, 8.07104882927e-10, 4.99974506241e-10, 5.8100207978e-10, 6.3789123983e-10, 4.84877638041e-10, 4.19765527893e-10, 4.10075196022e-10, 4.03727329346e-10, 3.9797284912e-10, 3.9365724569e-10, 3.91199989069e-10]
    },
    "mfcc": {
        "mean": [-649.994140625, 114.860572815, -47.6784286499, -11.8952302933, -15.8455715179, 5.60762929916, 9.59797096252, 9.77260494232, -3.27768182755, 5.54876422882, 7.76363706589, 9.34019756317, 2.09878897667],
        "cov": [[1654.99377441, -658.071044922, -142.982635498, -444.685974121, -414.248016357, -383.717163086, -285.027038574, 214.710296631, 357.628051758, 41.2898902893, -187.622421265, -336.989135742, -237.354003906], [-658.071044922, 815.852355957, 556.793640137, 645.297302246, 503.885955811, 423.981231689, 255.522018433, -82.3221206665, -210.574081421, 3.9166867733, 89.6288757324, 202.82434082, 178.74508667], [-142.982635498, 556.793640137, 946.078796387, 689.456481934, 573.896850586, 417.795043945, 346.035583496, 10.8828659058, -95.3513031006, -18.1453552246, -11.7231731415, 115.568099976, 237.206283569], [-444.685974121, 645.297302246, 689.456481934, 737.488891602, 550.125488281, 458.211914062, 298.136901855, -66.4904022217, -197.352020264, -12.4634933472, 62.4352722168, 197.467437744, 217.434173584], [-414.248016357, 503.885955811, 573.896850586, 550.125488281, 539.653503418, 374.449310303, 265.606536865, -82.155456543, -166.827026367, -17.0317115784, 73.6619262695, 177.512145996, 168.338226318], [-383.717163086, 423.981231689, 417.795043945, 458.211914062, 374.449310303, 372.027069092, 247.534698486, -28.300775528, -138.747879028, -13.6621952057, 49.9366264343, 161.26550293, 167.538848877], [-285.027038574, 255.522018433, 346.035583496, 298.136901855, 265.606536865, 247.534698486, 268.39364624, 33.5537986755, -57.093006134, -22.5288066864, 11.257525444, 104.25630188, 169.943130493], [214.710296631, -82.3221206665, 10.8828659058, -66.4904022217, -82.155456543, -28.300775528, 33.5537986755, 163.890884399, 124.227333069, 9.76849460602, -71.4462051392, -75.7699050903, 5.38376045227], [357.628051758, -210.574081421, -95.3513031006, -197.352020264, -166.827026367, -138.747879028, -57.093006134, 124.227333069, 211.088546753, 42.6154975891, -57.4989585876, -137.663146973, -79.4277114868], [41.2898902893, 3.9166867733, -18.1453552246, -12.4634933472, -17.0317115784, -13.6621952057, -22.5288066864, 9.76849460602, 42.6154975891, 78.0086517334, 26.0723648071, -16.8729457855, -39.5532226562], [-187.622421265, 89.6288757324, -11.7231731415, 62.4352722168, 73.6619262695, 49.9366264343, 11.257525444, -71.4462051392, -57.4989585876, 26.0723648071, 103.508148193, 77.3135986328, -2.78944516182], [-336.989135742, 202.82434082, 115.568099976, 197.467437744, 177.512145996, 161.26550293, 104.25630188, -75.7699050903, -137.663146973, -16.8729457855, 77.3135986328, 178.924621582, 109.739944458], [-237.354003906, 178.74508667, 237.206283569, 217.434173584, 168.338226318, 167.538848877, 169.943130493, 5.38376045227, -79.4277114868, -39.5532226562, -2.78944516182, 109.739944458, 205.325592041]],
        "icov": [[0.00195296201855, 0.00155724480283, -0.00155988591723, -0.000386965228245, 0.000328130234266, -0.000445395562565, 0.00262249191292, -0.00137847289443, -0.00105059868656, 0.000135889233206, 0.000581119384151, -0.000245734059718, 0.000832798308693], [0.00155724480283, 0.00574214290828, -0.000879354425706, -0.00333041534759, -0.000607795023825, -0.00122273259331, 0.00252861622721, -0.00205709994771, 0.000677351956256, -0.00103967019822, -0.000324730586726, 9.63396378211e-05, 0.000806997995824], [-0.00155988591723, -0.000879354425706, 0.00794684607536, -0.00455392897129, -0.00485951453447, 0.00283948495053, -0.00375662767328, 0.00137160415761, -0.0012040407164, -0.000869810523, 0.00281108659692, 0.00227240030654, -0.00246510910802], [-0.000386965228245, -0.00333041534759, -0.00455392897129, 0.0144452918321, -0.00185001676437, -0.00776631897315, 0.00288452440873, 7.57839225116e-05, 0.00272999773733, -0.00118928554002, -0.000955556402914, 0.000645928434096, -0.00165107753128], [0.000328130234266, -0.000607795023825, -0.00485951453447, -0.00185001676437, 0.014399769716, -0.00352978613228, -0.00368223688565, 0.00433716597036, -0.000682523590513, 0.00206372980028, -0.0027482022997, -0.00202932278626, 0.00367075786926], [-0.000445395562565, -0.00122273259331, 0.00283948495053, -0.00776631897315, -0.00352978613228, 0.0209926217794, -0.00903280917555, -0.00260420213453, 0.00247148005292, -0.00154400197789, 0.00142194470391, -0.00373995909467, 0.00147953303531], [0.00262249191292, 0.00252861622721, -0.00375662767328, 0.00288452440873, -0.00368223688565, -0.00903280917555, 0.0226715151221, -0.00779351778328, -0.00280240201391, 0.00224023801275, -0.00274704303592, -3.15423712891e-05, -0.00672833994031], [-0.00137847289443, -0.00205709994771, 0.00137160415761, 7.57839225116e-05, 0.00433716597036, -0.00260420213453, -0.00779351778328, 0.0210782252252, -0.0101656466722, -0.000836575985886, 0.00806793570518, -0.000751215964556, -0.000583130749874], [-0.00105059868656, 0.000677351956256, -0.0012040407164, 0.00272999773733, -0.000682523590513, 0.00247148005292, -0.00280240201391, -0.0101656466722, 0.0210512913764, -0.00675367005169, -0.00424914574251, 0.00798065215349, 0.00034411548404], [0.000135889233206, -0.00103967019822, -0.000869810523, -0.00118928554002, 0.00206372980028, -0.00154400197789, 0.00224023801275, -0.000836575985886, -0.00675367005169, 0.0212846864015, -0.00911698210984, 0.000380797777325, 0.00222233170643], [0.000581119384151, -0.000324730586726, 0.00281108659692, -0.000955556402914, -0.0027482022997, 0.00142194470391, -0.00274704303592, 0.00806793570518, -0.00424914574251, -0.00911698210984, 0.0288052782416, -0.0129667278379, 0.00579544343054], [-0.000245734059718, 9.63396378211e-05, 0.00227240030654, 0.000645928434096, -0.00202932278626, -0.00373995909467, -3.15423712891e-05, -0.000751215964556, 0.00798065215349, 0.000380797777325, -0.0129667278379, 0.0255945008248, -0.00961096584797], [0.000832798308693, 0.000806997995824, -0.00246510910802, -0.00165107753128, 0.00367075786926, 0.00147953303531, -0.00672833994031, -0.000583130749874, 0.00034411548404, 0.00222233170643, 0.00579544343054, -0.00961096584797, 0.0168709270656]]
    },
    "spectral_contrast_coeffs": {
        "max": [-0.575241088867, -0.51196205616, -0.501059055328, -0.519616425037, -0.667076051235, -0.580418944359],
        "mean": [-0.7777146101, -0.746935844421, -0.724537014961, -0.748888134956, -0.785325944424, -0.753024399281],
        "min": [-0.924893915653, -0.915112137794, -0.890184044838, -0.890832960606, -0.865195989609, -0.874510526657],
        "stdev": [0.0554935522377, 0.0743145719171, 0.0792664065957, 0.0878167077899, 0.0287461578846, 0.0319615937769]
    },
    "spectral_contrast_valleys": {
        "max": [-5.75597715378, -5.42580366135, -4.85214662552, -5.7192864418, -6.41639661789, -8.85626220703],
        "mean": [-7.82230806351, -6.80091333389, -6.63919448853, -7.1735830307, -7.5181016922, -10.6839723587],
        "min": [-11.1118774414, -8.25665473938, -8.21486759186, -8.67810344696, -8.71486854553, -14.4035387039],
        "stdev": [1.18023681641, 0.480110198259, 0.838914632797, 0.677617788315, 0.593264997005, 0.925629913807]
    }
},
"rhythm": {
    "beats_count": 41,
    "beats_loudness": {
        "max": 0.059467099607,
        "mean": 0.0304525215179,
        "min": 0.0117045678198,
        "stdev": 0.00988539028913
    },
    "bpm": 128.772140503,
    "bpm_histogram_first_peak_bpm": 129,
    "bpm_histogram_first_peak_weight": 0.428571462631,
    "bpm_histogram_second_peak_bpm": 105,
    "bpm_histogram_second_peak_spread": 0.461538434029,
    "bpm_histogram_second_peak_weight": 0.17499999702,
    "danceability": 0.887803912163,
    "onset_rate": 1.15894520283,
    "beats_loudness_band_ratio": {
        "max": [0.699057102203, 0.248243704438, 0.707012832165, 0.954519510269, 0.171191960573, 0.0474869757891],
        "mean": [0.14552526176, 0.0309774819762, 0.203223928809, 0.579326331615, 0.0511799454689, 0.0170804858208],
        "min": [7.88303514128e-05, 0.000620236503892, 0.00497996760532, 0.200632721186, 0.0105794314295, 0.00141486676876],
        "stdev": [0.19648604095, 0.0469039753079, 0.210395857692, 0.228743210435, 0.0439444705844, 0.0111489091069]
    },
    "beats_position": [0.441179126501, 0.893968224525, 1.35836732388, 1.82276642323, 2.27555561066, 2.73995471001, 3.20435357094, 3.66875267029, 4.13315200806, 4.63238096237, 5.14321994781, 5.65405893326, 6.2229475975, 6.78022670746, 7.3491153717, 7.91800451279, 8.498503685, 9.06739234924, 9.63628101349, 10.1935596466, 10.7508392334, 11.3081178665, 11.8653964996, 12.4342851639, 13.0031747818, 13.4907932281, 13.9784126282, 14.4544210434, 14.9304304123, 15.4180498123, 15.8940582275, 16.3700675964, 16.8344669342, 17.298866272, 17.8329238892, 18.3553733826, 18.877822876, 19.4118824005, 19.9459400177, 20.4683895111, 20.9908390045],
