{
"metadata": {
    "version": {
        "essentia": "2.1-beta5",
        "essentia_git_sha": "Undefined",
        "extractor": "music 2.0"
    },
    "audio_properties": {
        "analysis": {
            "equal_loudness": 0,
            "length": 35.9909057617,
            "sample_rate": 44100,
            "start_time": 45.2440834045,
            "downmix": "mix"
        },
        "bit_rate": 192000,
        "length": 195.163726807,
        "lossless": 0,
        "number_channels": 2,
        "replay_gain": -0.10196685791,
        "sample_rate": 48000,
        "codec": "mp3",
        "md5_encoded": "692d5ce568fd221b7366c204c930fd7e"
    },
    "tags": {
        "file_name": "France_Mercy_Madame Monsieur.mp3",
        "encoding": ["Lavf58.29.100"]
    }
},
"lowlevel": {
    "average_loudness": 0.973647117615,
    "barkbands_crest": {
        "max": 25.235244751,
        "mean": 13.0540428162,
        "min": 2.23290467262,
        "stdev": 4.52248096466
    },
    "barkbands_flatness_db": {
        "max": 0.473361492157,
        "mean": 0.181601583958,
        "min": 0.0388442650437,
        "stdev": 0.0727368965745
    },
    "barkbands_kurtosis": {
        "max": 191.090270996,
        "mean": 10.8957500458,
        "min": -1.91298890114,
        "stdev": 17.4150485992
    },
    "barkbands_skewness": {
        "max": 12.0190839767,
        "mean": 2.35717058182,
        "min": -4.17039966583,
        "stdev": 1.66582715511
    },
    "barkbands_spread": {
        "max": 103.364776611,
        "mean": 20.2509441376,
        "min": 0.570340394974,
        "stdev": 17.2861347198
    },
    "dissonance": {
        "max": 0.499999970198,
        "mean": 0.456550449133,
        "min": 0.261578828096,
        "stdev": 0.0317803733051
    },
    "dynamic_complexity": 2.85202074051,
    "erbbands_crest": {
        "max": 30.7291679382,
        "mean": 9.91601467133,
        "min": 2.62118983269,
        "stdev": 5.16697597504
    },
    "erbbands_flatness_db": {
        "max": 0.382720321417,
        "mean": 0.156292170286,
        "min": 0.0482344888151,
        "stdev": 0.0601251348853
    },
    "erbbands_kurtosis": {
        "max": 80.2939682007,
        "mean": 1.37376403809,
        "min": -1.79549241066,
        "stdev": 4.86165380478
    },
    "erbbands_skewness": {
        "max": 8.42821884155,
        "mean": 0.613433003426,
        "min": -3.39548516273,
        "stdev": 1.08530199528
    },
    "erbbands_spread": {
        "max": 160.76234436,
        "mean": 45.4902496338,
        "min": 5.22677850723,
        "stdev": 25.7384414673
    },
    "hfc": {
        "max": 148.844329834,
        "mean": 21.6827449799,
        "min": 0.601427316666,
        "stdev": 21.4641342163
    },
    "loudness_ebu128": {
        "integrated": -23.1363449097,
        "loudness_range": 3.55305671692,
        "momentary": {
            "max": -20.1326789856,
            "mean": -23.6229763031,
            "min": -32.1158866882,
            "stdev": 2.32894134521
        },
        "short_term": {
            "max": -21.7545413971,
            "mean": -23.2197322845,
            "min": -27.4010753632,
            "stdev": 1.25614714622
        }
    },
    "melbands_crest": {
        "max": 33.8562965393,
        "mean": 17.345293045,
        "min": 3.56944966316,
        "stdev": 5.48170804977
    },
    "melbands_flatness_db": {
        "max": 0.646974563599,
        "mean": 0.255293697119,
        "min": 0.03324560076,
        "stdev": 0.0892238244414
    },
    "melbands_kurtosis": {
        "max": 418.450469971,
        "mean": 28.3664951324,
        "min": -1.26673567295,
        "stdev": 36.4551734924
    },
    "melbands_skewness": {
        "max": 16.4965686798,
        "mean": 3.6574242115,
        "min": -1.57969844341,
        "stdev": 2.19265770912
    },
    "melbands_spread": {
        "max": 171.595993042,
        "mean": 18.1076221466,
        "min": 0.597068727016,
        "stdev": 20.2316989899
    },
    "pitch_salience": {
        "max": 0.83923381567,
        "mean": 0.48646619916,
        "min": 0.102619722486,
        "stdev": 0.121690735221
    },
    "silence_rate_20dB": {
        "max": 1,
        "mean": 1,
        "min": 1,
        "stdev": 0
    },
    "silence_rate_30dB": {
        "max": 1,
        "mean": 0.951644122601,
        "min": 0,
        "stdev": 0.214516505599
    },
    "silence_rate_60dB": {
        "max": 1,
        "mean": 0.0128949061036,
        "min": 0,
        "stdev": 0.112819977105
    },
    "spectral_centroid": {
        "max": 5008.29931641,
        "mean": 1178.90930176,
        "min": 169.578887939,
        "stdev": 737.793334961
    },
    "spectral_complexity": {
        "max": 45,
        "mean": 13.8903932571,
        "min": 0,
        "stdev": 6.81823444366
    },
    "spectral_decrease": {
        "max": -1.18799303728e-10,
        "mean": -1.00857260321e-08,
        "min": -5.85874495584e-08,
        "stdev": 8.18036038908e-09
    },
    "spectral_energy": {
        "max": 0.228443279862,
        "mean": 0.0400325581431,
        "min": 0.00058064685436,
        "stdev": 0.031881891191
    },
    "spectral_energyband_high": {
        "max": 0.0158225167543,
        "mean": 0.00112630228978,
        "min": 1.82020953865e-09,
        "stdev": 0.00198036525398
    },
    "spectral_energyband_low": {
        "max": 0.165685594082,
        "mean": 0.0224942620844,
        "min": 3.10589393848e-06,
        "stdev": 0.0240917187184
    },
    "spectral_energyband_middle_high": {
        "max": 0.0637422427535,
        "mean": 0.00510718394071,
        "min": 2.22352464334e-05,
        "stdev": 0.00804126542062
    },
    "spectral_energyband_middle_low": {
        "max": 0.157148346305,
        "mean": 0.0129883084446,
        "min": 0.000135087713716,
        "stdev": 0.0152321718633
    },
    "spectral_entropy": {
        "max": 8.72408294678,
        "mean": 7.43561887741,
        "min": 5.35248422623,
        "stdev": 0.614270210266
    },
    "spectral_flux": {
        "max": 0.446003556252,
        "mean": 0.0953810065985,
        "min": 0.0126477647573,
        "stdev": 0.0748543664813
    },
    "spectral_kurtosis": {
        "max": 185.972976685,
        "mean": 5.26651239395,
        "min": -0.880486965179,
        "stdev": 10.710931778
    },
    "spectral_rms": {
        "max": 0.014928881079,
        "mean": 0.00581728108227,
        "min": 0.000752651831135,
        "stdev": 0.00228372286074
    },
    "spectral_rolloff": {
        "max": 10831.2011719,
        "mean": 1089.45812988,
        "min": 64.599609375,
        "stdev": 1787.37341309
    },
    "spectral_skewness": {
        "max": 10.6850891113,
        "mean": 1.58211529255,
        "min": -0.0992758274078,
        "stdev": 0.786970317364
    },
    "spectral_spread": {
        "max": 12897397,
        "mean": 5291483,
        "min": 461571.8125,
        "stdev": 2108414
    },
    "spectral_strongpeak": {
        "max": 9.18567371368,
        "mean": 0.814486443996,
        "min": 0,
        "stdev": 1.23407459259
    },
    "zerocrossingrate": {
        "max": 0.310546875,
        "mean": 0.0512056238949,
        "min": 0.00439453125,
        "stdev": 0.0465948395431
    },
    "barkbands": {
        "max": [0.009362032637, 0.0970946848392, 0.113471359015, 0.0763214081526, 0.0646052733064, 0.0476817302406, 0.0459403879941, 0.0331736691296, 0.0300566051155, 0.0378074422479, 0.0479623787105, 0.0158939193934, 0.0191968288273, 0.0191000066698, 0.00962073169649, 0.00724382326007, 0.00606477586553, 0.00942171551287, 0.00445459131151, 0.00395929673687, 0.00469631282613, 0.00371661316603, 0.00521194422618, 0.00549375964329, 0.00471628690138, 0.00157257390674, 8.12565849628e-05],
        "mean": [0.000812942103948, 0.0154001619667, 0.00470021227375, 0.00299317436293, 0.00380451558158, 0.0026771905832, 0.00194488989655, 0.000614475982729, 0.000783322262578, 0.00106001447421, 0.00144923350308, 0.000363664119504, 0.000482568662846, 0.000366746768123, 0.000247953139478, 0.000295431847917, 0.000203088085982, 0.000354749616235, 0.000286952301394, 0.000180399380042, 0.000204206749913, 0.000194945940166, 0.000188953214092, 0.000185862794751, 0.00015954542323, 7.40528848837e-05, 3.33215325554e-06],
        "min": [2.63458921346e-09, 1.92964421331e-07, 4.05415391924e-07, 2.97445467368e-06, 3.69039335055e-05, 1.10536011562e-05, 1.70853490999e-06, 2.20340211854e-06, 8.08952108855e-07, 1.93217556443e-06, 2.99578289287e-07, 3.88011329733e-07, 5.14314137945e-07, 3.79009435392e-07, 8.34682623463e-07, 4.8606477776e-07, 7.11589009939e-08, 5.02104740008e-07, 2.34561858825e-09, 2.35132135984e-10, 8.38520572422e-11, 8.82473469299e-11, 1.29706953511e-10, 1.28992622139e-10, 1.97886429465e-10, 1.34619773662e-10, 1.55475882169e-10],
        "stdev": [0.0013381264871, 0.0152177745476, 0.0128096966073, 0.00676481192932, 0.00583836995065, 0.005067801103, 0.00425311038271, 0.00157211115584, 0.00208482495509, 0.0030640733894, 0.00441815098748, 0.00122358009685, 0.00171476625837, 0.00132095639128, 0.000614561373368, 0.000759184884373, 0.000473943073303, 0.0010381268803, 0.000456050125649, 0.000351045659045, 0.00039436770021, 0.000414904061472, 0.000431007210864, 0.000435211375589, 0.000466181430966, 0.000171145802597, 9.13749317988e-06]
    },
    "erbbands": {
        "max": [2.69044494629, 22.3009872437, 99.2061004639, 216.688705444, 203.64201355, 241.657608032, 407.093811035, 364.411102295, 457.902404785, 798.124755859, 501.574523926, 802.941467285, 524.305725098, 2225.08813477, 1732.90209961, 816.211547852, 1068.47485352, 1111.76928711, 568.925231934, 365.628662109, 483.943969727, 247.918777466, 396.798400879, 313.068054199, 218.565505981, 198.779525757, 155.091598511, 208.17779541, 148.429733276, 208.733215332, 136.559570312, 88.9864959717, 130.300811768, 64.1912918091, 35.2850112915, 9.16768932343, 2.40887522697, 0.337241411209, 0.0115683367476, 0.000486646429636],
        "mean": [0.516258537769, 3.14127755165, 5.56804275513, 8.40128993988, 8.99511623383, 14.5562839508, 19.9089126587, 20.5194892883, 25.8677845001, 25.7705039978, 13.0404176712, 19.5314769745, 16.7980117798, 52.6756515503, 49.21692276, 20.0434684753, 26.6239337921, 21.5739936829, 11.9736728668, 12.1035890579, 18.7952671051, 12.6157960892, 16.9084529877, 16.3764648438, 12.776008606, 10.62520504, 8.73444843292, 7.51956701279, 6.73381519318, 6.2970495224, 5.19066095352, 4.2289223671, 2.95139360428, 1.90575182438, 1.03883612156, 0.39823704958, 0.120798759162, 0.0169700048864, 0.000574507052079, 6.70582885505e-05],
        "min": [8.30402132124e-06, 9.05515480554e-05, 0.000689660722855, 0.0121594658121, 0.0566213019192, 0.11536552757, 0.115655042231, 0.0981422066689, 0.0302580930293, 0.0466468222439, 0.0758281350136, 0.0365608483553, 0.0555786751211, 0.0507436916232, 0.0158086083829, 0.0161935575306, 0.0237162560225, 0.0180180557072, 0.0382642522454, 0.0563366599381, 0.016959970817, 0.00918925181031, 0.0348784998059, 0.0111681688577, 0.000438377726823, 3.67015927623e-05, 1.38247796713e-05, 7.60406737754e-06, 7.66633638705e-06, 5.7766496866e-06, 5.33309867023e-06, 4.93347806696e-06, 4.34026287621e-06, 4.29884312325e-06, 2.90776461043e-06, 2.4020280307e-06, 1.19101548535e-06, 3.2077187484e-07, 6.19985542016e-07, 8.82422739323e-07],
        "stdev": [0.519382476807, 3.56338572502, 11.8437166214, 21.1566371918, 15.5571889877, 23.9571151733, 35.6161575317, 40.3347702026, 55.6950950623, 59.393447876, 29.1432704926, 51.4014358521, 37.2430343628, 153.694671631, 152.832733154, 60.7139015198, 94.5221252441, 71.6833724976, 31.6592216492, 25.0645523071, 49.5202484131, 26.7395381927, 48.1107788086, 30.9795970917, 21.5665740967, 21.5798549652, 16.2160701752, 15.6245927811, 14.2197227478, 15.1960487366, 11.7452507019, 8.51380157471, 8.21914291382, 5.59317731857, 2.99049210548, 0.995717644691, 0.274924725294, 0.0395912267268, 0.00139537884388, 6.77398711559e-05]
    },
    "gfcc": {
        "mean": [-6.98339080811, 107.543792725, -95.5120697021, 47.378036499, -59.3195915222, 17.359380722, -31.4919700623, 11.937921524, -21.2125225067, 0.343494594097, -7.89904260635, 1.16308522224, -2.61572885513],
        "cov": [[5839.11035156, -3014.13330078, 300.518249512, 188.256454468, -676.821838379, 1005.2567749, -187.981063843, 698.934143066, -198.43447876, 688.204223633, -59.1891059875, 494.231414795, -186.897018433], [-3014.13330078, 3050.53417969, -669.898498535, -210.193069458, 714.869262695, -693.917724609, 346.846252441, -397.890319824, 329.942962646, -481.292755127, 292.469177246, -368.024017334, 242.462280273], [300.518249512, -669.898498535, 975.049133301, 90.3664627075, -231.683532715, 122.236602783, -158.876205444, 92.5867767334, -38.5770874023, 88.7479705811, -195.621353149, 94.6859207153, -112.923057556], [188.256454468, -210.193069458, 90.3664627075, 438.74307251, -134.438262939, 15.1301336288, -47.3659172058, 43.8008728027, 85.2975616455, -28.7665691376, 9.07139587402, 4.20282363892, 40.5102806091], [-676.821838379, 714.869262695, -231.683532715, -134.438262939, 533.498291016, -198.504013062, 165.27722168, -114.936912537, 75.2674713135, -77.5770492554, 37.9530601501, -42.0628356934, -5.33348751068], [1005.2567749, -693.917724609, 122.236602783, 15.1301336288, -198.504013062, 513.455932617, -1.98449230194, 116.100311279, -67.1364440918, 163.136184692, 17.9615859985, 78.9602890015, -6.5448474884], [-187.981063843, 346.846252441, -158.876205444, -47.3659172058, 165.27722168, -1.98449230194, 256.12399292, -54.8719100952, 39.3750190735, -11.2179117203, 68.2472457886, -23.4206142426, 6.40158414841], [698.934143066, -397.890319824, 92.5867767334, 43.8008728027, -114.936912537, 116.100311279, -54.8719100952, 241.266830444, 0.956701755524, 90.8151016235, 6.37737035751, 77.4351882935, 9.05135536194], [-198.43447876, 329.942962646, -38.5770874023, 85.2975616455, 75.2674713135, -67.1364440918, 39.3750190735, 0.956701755524, 205.493515015, -55.4157600403, 50.7293510437, 4.12940359116, 33.6823730469], [688.204223633, -481.292755127, 88.7479705811, -28.7665691376, -77.5770492554, 163.136184692, -11.2179117203, 90.8151016235, -55.4157600403, 210.70715332, 6.63106489182, 84.3043212891, -41.3916702271], [-59.1891059875, 292.469177246, -195.621353149, 9.07139587402, 37.9530601501, 17.9615859985, 68.2472457886, 6.37737035751, 50.7293510437, 6.63106489182, 191.771148682, -11.8405838013, 66.3707809448], [494.231414795, -368.024017334, 94.6859207153, 4.20282363892, -42.0628356934, 78.9602890015, -23.4206142426, 77.4351882935, 4.12940359116, 84.3043212891, -11.8405838013, 169.994659424, -28.5901794434], [-186.897018433, 242.462280273, -112.923057556, 40.5102806091, -5.33348751068, -6.5448474884, 6.40158414841, 9.05135536194, 33.6823730469, -41.3916702271, 66.3707809448, -28.5901794434, 142.17616272]],
        "icov": [[0.000564383284654, 0.000272896373644, 0.000271827942925, -0.000100549455965, 6.97109280736e-05, -0.000393770111259, -6.59723591525e-05, -0.000774819287471, -0.000136386195663, -0.000519971479662, 2.04804582609e-05, -0.00033138479921, 0.000362586783012], [0.000272896373644, 0.00241480977274, -0.000241637128056, 0.00127962778788, -0.000955762458034, 0.00117805483751, -0.00100323243532, 0.000652796123177, -0.00200349441729, 0.0016454072902, -0.00224067247473, 0.00207921722904, -0.00187616585754], [0.000271827942925, -0.000241637128056, 0.00178660661913, -0.000462199561298, 0.000544760376215, -0.000582848268095, 0.000478781556012, -0.000658401695546, -0.00012099200103, -0.00083265255671, 0.00170347152743, -0.000795237137936, 0.00116519979201], [-0.000100549455965, 0.00127962778788, -0.000462199561298, 0.0037412205711, 0.000259211432422, 0.000872567470651, -0.000462647702079, 0.000547646661289, -0.00251283799298, 0.00156216649339, -0.00130880693905, 0.00147332577035, -0.00175429170486], [6.97109280736e-05, -0.000955762458034, 0.000544760376215, 0.000259211432422, 0.003738011932, 0.000289691932267, -0.00116711691953, -2.60982033069e-05, -0.00017179378483, -0.000854794692714, 0.00123628787696, -0.00121431599837, 0.00125868339092], [-0.000393770111259, 0.00117805483751, -0.000582848268095, 0.000872567470651, 0.000289691932267, 0.00417933147401, -0.00140504492447, 0.000727041566279, -0.000568423827644, -0.000153087108629, -0.00163141905796, 0.00125827896409, -0.00191325333435], [-6.59723591525e-05, -0.00100323243532, 0.000478781556012, -0.000462647702079, -0.00116711691953, -0.00140504492447, 0.00621620938182, 0.000465607241495, 0.000208486351767, -0.000987199600786, -0.000405742815929, -0.000524473784026, 0.00146540324204], [-0.000774819287471, 0.000652796123177, -0.000658401695546, 0.000547646661289, -2.60982033069e-05, 0.000727041566279, 0.000465607241495, 0.00760673126206, -0.00138831429649, -0.000239222164964, -0.00118203100283, -7.42072006688e-05, -0.00248737842776], [-0.000136386195663, -0.00200349441729, -0.00012099200103, -0.00251283799298, -0.00017179378483, -0.000568423827644, 0.000208486351767, -0.00138831429649, 0.00873345322907, 0.000339217076544, 0.000120698990941, -0.00308947730809, 0.00125581782777], [-0.000519971479662, 0.0016454072902, -0.00083265255671, 0.00156216649339, -0.000854794692714, -0.000153087108629, -0.000987199600786, -0.000239222164964, 0.000339217076544, 0.0109948376194, -0.00359476357698, -0.00035402996582, 0.000152055799845], [2.04804582609e-05, -0.00224067247473, 0.00170347152743, -0.00130880693905, 0.00123628787696, -0.00163141905796, -0.000405742815929, -0.00118203100283, 0.000120698990941, -0.00359476357698, 0.0108026238158, -0.00189306237735, -0.000859918538481], [-0.00033138479921, 0.00207921722904, -0.000795237137936, 0.00147332577035, -0.00121431599837, 0.00125827896409, -0.000524473784026, -7.42072006688e-05, -0.00308947730809, -0.00035402996582, -0.00189306237735, 0.0107267899439, -0.0013225300936], [0.000362586783012, -0.00187616585754, 0.00116519979201, -0.00175429170486, 0.00125868339092, -0.00191325333435, 0.00146540324204, -0.00248737842776, 0.00125581782777, 0.000152055799845, -0.000859918538481, -0.0013225300936, 0.0120687745512]]
    },
    "melbands": {
        "max": [0.0257403962314, 0.0382001362741, 0.0351787470281, 0.0144101902843, 0.0136053906754, 0.00799550581723, 0.00849945750087, 0.00920777115971, 0.00394138367847, 0.00460188696161, 0.00273358589038, 0.00834720954299, 0.00487982667983, 0.00192861852702, 0.00158592069056, 0.0016882782802, 0.00206460733898, 0.000822924892418, 0.000492597173434, 0.000542522815522, 0.000737543101422, 0.000349876529071, 0.000705891521648, 0.000705472310074, 0.000294388213661, 0.000134141024319, 0.000197743516765, 0.000159654620802, 0.000149885876453, 0.000240162466071, 8.82981039467e-05, 9.53427443164e-05, 8.72871314641e-05, 0.000123977588373, 9.08651127247e-05, 5.25723771716e-05, 7.30385072529e-05, 0.000107598949398, 4.75249180454e-05, 6.1302773247e-05],
        "mean": [0.00445237569511, 0.00329440576024, 0.00146510847844, 0.000807964999694, 0.000722087628674, 0.00047937897034, 0.000403181125876, 0.000249243195867, 0.000111257490062, 0.000113528796646, 7.85212541814e-05, 0.000205664880923, 0.000198576031835, 4.89278318128e-05, 5.29473145434e-05, 4.90136080771e-05, 3.92468900827e-05, 1.75144396053e-05, 1.7054448108e-05, 1.4362465663e-05, 2.42309215537e-05, 1.13618616524e-05, 1.71200317709e-05, 1.49546531247e-05, 1.30876269395e-05, 9.60340639722e-06, 6.54586165183e-06, 7.051929515e-06, 5.63715911994e-06, 4.62288517156e-06, 4.19747311753e-06, 3.84070654036e-06, 3.68070277545e-06, 3.44066529578e-06, 3.04596096612e-06, 2.75647767012e-06, 2.49916115536e-06, 2.10570965464e-06, 1.76735602508e-06, 1.5773719042e-06],
        "min": [6.16806588027e-08, 3.71650514808e-07, 2.37431186179e-06, 6.87082319928e-06, 6.34718662695e-06, 1.9228682504e-06, 3.92983480424e-07, 5.58366309633e-07, 5.92926426179e-07, 1.83634114137e-07, 1.95896504351e-07, 1.59894653962e-07, 3.94126011827e-08, 4.23014334672e-08, 2.94186204286e-08, 5.64075826048e-08, 2.48549714144e-08, 5.21552827593e-08, 5.06953483637e-08, 3.85060872077e-08, 1.26238797193e-08, 2.97949243055e-09, 2.85446777326e-08, 2.25025509337e-08, 5.13068831864e-09, 8.07720348939e-11, 6.69837449396e-12, 8.58417503746e-12, 3.7924498611e-12, 1.71036091106e-12, 1.93303576271e-12, 1.50470662406e-12, 1.8757480378e-12, 2.02845986536e-12, 1.88463047252e-12, 1.00764633183e-12, 1.09820540248e-12, 1.37913855683e-12, 1.67477240843e-12, 1.59884507977e-12],
        "stdev": [0.00421490194276, 0.00498925382271, 0.00333092920482, 0.00120417808648, 0.00120282219723, 0.000924221763853, 0.000875912897754, 0.000584447872825, 0.000263916736003, 0.000297154329019, 0.000191905390238, 0.000627117988188, 0.000617166864686, 0.000152296765009, 0.000159504648764, 0.000156584515935, 0.000143649143865, 4.93079096486e-05, 3.97731128032e-05, 3.02614498651e-05, 7.00331802364e-05, 2.78200895991e-05, 6.23841406195e-05, 5.17240587214e-05, 2.57426090684e-05, 1.61809366546e-05, 1.20465438158e-05, 1.52945103764e-05, 1.26570303109e-05, 1.26365621327e-05, 8.49528896651e-06, 8.24351536721e-06, 8.54065183375e-06, 8.70693838806e-06, 7.16548311175e-06, 5.67849201616e-06, 5.3551889323e-06, 6.22336119704e-06, 4.7306025408e-06, 4.93444986205e-06]
    },
    "melbands128": {
        "max": [0.00862993393093, 0.0236752685159, 0.0421115197241, 0.0419985949993, 0.0476986542344, 0.0635299906135, 0.05152194947, 0.0343054533005, 0.0202307011932, 0.0139511879534, 0.0164585709572, 0.0233990438282, 0.0194678790867, 0.0222194734961, 0.0124749485403, 0.0163540821522, 0.0117268608883, 0.0135267656296, 0.0159632582217, 0.0126895317808, 0.0121461004019, 0.0044496813789, 0.00591112440452, 0.00885132700205, 0.00881233997643, 0.00293162721209, 0.00535695673898, 0.00455881329253, 0.0054844445549, 0.0112058483064, 0.0181695837528, 0.0111773712561, 0.00932989735156, 0.0124886473641, 0.00281242537312, 0.00242994609289, 0.00429020449519, 0.002080721315, 0.00463221874088, 0.00486937351525, 0.0011121815769, 0.00278553809039, 0.00439347047359, 0.00379649177194, 0.00120263244025, 0.000998780597001, 0.00205985433422, 0.00061597750755, 0.000924182066228, 0.000792407430708, 0.00101150188129, 0.000935379939619, 0.00135059386957, 0.00100866646972, 0.000420388620114, 0.00065259274561, 0.000425394799095, 0.00125231361017, 0.00138704071287, 0.0003948987287, 0.0012071338715, 0.000893216114491, 0.000626885914244, 0.000357997021638, 0.000133593624923, 0.000295998499496, 0.000396871619159, 0.000212270068005, 0.000356699019903, 0.000205477612326, 0.000318919948768, 0.000157235379447, 0.000254675367614, 0.000336184573825, 8.30685094115e-05, 0.000299096951494, 0.000447608093964, 0.000293283810606, 9.16722565307e-05, 0.00010552504682, 0.00014645117335, 0.000115202994493, 9.17476718314e-05, 9.9160548416e-05, 0.000146658843732, 0.000137151539093, 0.000132152243168, 0.000164132114151, 6.90791785019e-05, 0.000112262285256, 6.589313125e-05, 7.44820426917e-05, 3.5511169699e-05, 8.04176233942e-05, 9.58859309321e-05, 9.67705273069e-05, 0.000212415354326, 7.83172072261e-05, 3.75251038349e-05, 6.87564970576e-05, 6.07891015534e-05, 9.04518965399e-05, 9.2779409897e-05, 5.33239253855e-05, 3.9722341171e-05, 5.68358627788e-05, 3.23698259308e-05, 3.07234404318e-05, 1.59524479386e-05, 1.19627320601e-05, 8.5819447122e-06, 8.25269944471e-06, 1.1794434613e-05, 6.87709189151e-06, 4.36912159785e-06, 3.8037626382e-06, 2.78272182186e-06, 7.86815405718e-07, 2.19200913421e-07, 3.76941756031e-07, 3.19938976645e-07, 3.94988290964e-07, 2.98796351217e-07, 1.3232496876e-08, 1.87572457566e-10, 1.86500370702e-10, 1.86144419323e-10, 1.85249329765e-10],
        "mean": [0.000735840993002, 0.00410518562421, 0.00622661504894, 0.00480770971626, 0.0030973656103, 0.00221597845666, 0.00175450940151, 0.00140324828681, 0.000764308148064, 0.000745667086449, 0.000840183172841, 0.000808038457762, 0.000634722178802, 0.000727196398657, 0.000440487405285, 0.00038940878585, 0.000388857937651, 0.00043423162424, 0.000380613200832, 0.000329218019033, 0.000150843596202, 8.35919126985e-05, 8.81835803739e-05, 0.000154126042617, 0.000175968933036, 6.05517379881e-05, 6.77448697388e-05, 7.82126880949e-05, 6.48166314932e-05, 0.000224246643484, 0.000240233886871, 0.000195776388864, 0.000290182797471, 0.000123125340906, 1.99226997211e-05, 4.04797283409e-05, 7.23615085008e-05, 2.37292006204e-05, 6.29600326647e-05, 8.99632068467e-05, 1.64774664881e-05, 4.42346718046e-05, 4.89106605528e-05, 3.80254423362e-05, 1.0380200365e-05, 1.18670286611e-05, 2.8938649848e-05, 1.19870710478e-05, 1.43797678902e-05, 2.1825913791e-05, 8.28622341942e-06, 1.19219666885e-05, 3.5314282286e-05, 2.34418366745e-05, 1.30054686451e-05, 1.19980886666e-05, 6.09051949141e-06, 1.77302081283e-05, 2.52660738624e-05, 8.26833820611e-06, 1.50651403601e-05, 1.65565816133e-05, 1.91492999875e-05, 1.03464981294e-05, 6.76862691762e-06, 8.01542137197e-06, 1.45801541294e-05, 7.21849755791e-06, 2.76944979305e-06, 7.48198317524e-06, 1.01286177596e-05, 4.50293691756e-06, 4.71151543024e-06, 7.70290080254e-06, 3.95341430703e-06, 4.58081785837e-06, 4.88341402161e-06, 4.46053536507e-06, 3.82886219086e-06, 4.35697120338e-06, 3.89414299207e-06, 3.88389844375e-06, 3.16762543662e-06, 3.94778680857e-06, 3.79342304768e-06, 3.18423758472e-06, 3.4911995499e-06, 3.63552362614e-06, 2.85145870293e-06, 2.8239949188e-06, 2.73307364296e-06, 2.83806093648e-06, 2.58039381151e-06, 2.77396316051e-06, 2.22808739636e-06, 1.9206631805e-06, 2.41559496317e-06, 1.83494671546e-06, 1.73422836269e-06, 1.81735231308e-06, 1.44730631746e-06, 1.57237150233e-06, 1.68648284671e-06, 1.33078390263e-06, 1.08658684894e-06, 1.05443950815e-06, 1.00914951418e-06, 8.46728880788e-07, 5.80640517001e-07, 5.47352101421e-07, 5.46908381693e-07, 4.37365230255e-07, 3.71469354832e-07, 2.95172583265e-07, 2.54986957771e-07, 1.85391925811e-07, 9.64797166603e-08, 1.97858387452e-08, 4.52899717729e-09, 5.8881872711e-09, 8.58843396401e-09, 6.41837161197e-09, 3.04769542936e-09, 7.4886111201e-11, 5.82151297654e-12, 5.3524172941e-12, 5.09308003757e-12, 5.03306164107e-12],
        "min": [1.64246893863e-10, 2.41391724387e-08, 3.57473730617e-08, 3.92006924699e-08, 1.03349053759e-08, 2.62716184807e-07, 1.36875735279e-06, 1.50253458742e-06, 2.43418867285e-06, 1.19719095437e-06, 1.98005477614e-06, 6.70758936394e-07, 2.10963685277e-06, 8.39211679704e-07, 6.59567945149e-07, 1.519358932e-07, 8.59774900164e-08, 7.49152704316e-08, 1.41696745004e-07, 1.85898713312e-07, 1.737445956e-07, 1.40847021157e-07, 3.50698741158e-08, 8.81182202761e-08, 8.69123581992e-08, 5.8962218219e-08, 1.07541730188e-07, 1.71945842453e-07, 1.82040309937e-07, 7.41594448073e-08, 2.89141546261e-08, 4.76230539448e-08, 4.94830914022e-08, 1.52385357666e-08, 1.47004923789e-08, 1.82028720985e-08, 8.02991184656e-09, 1.41499709727e-08, 1.15406466605e-08, 2.57208370158e-08, 1.04296118408e-08, 2.08905834853e-08, 6.1672476015e-09, 1.33351081288e-08, 2.87857471193e-08, 3.60533647381e-08, 4.82280420044e-08, 3.74036872586e-08, 1.4630302303e-08, 1.64528479729e-08, 1.71578680153e-08, 1.0169968867e-08, 3.98395760826e-09, 1.39771638707e-09, 1.51959023142e-09, 2.75011613482e-09, 3.19985726804e-09, 4.15671408405e-09, 1.31724382513e-08, 1.05542188322e-08, 9.87487336346e-09, 1.02236894506e-08, 3.37948646845e-09, 9.8705640883e-11, 7.89668608281e-11, 9.35017202552e-11, 9.07071553286e-12, 6.73228573583e-12, 5.89227711761e-12, 6.58057853001e-12, 1.02727331849e-11, 8.65731531602e-12, 2.05237996737e-12, 2.16137025812e-12, 2.52195920397e-12, 1.39212578097e-12, 1.08574022169e-12, 2.04377487156e-12, 1.27447444959e-12, 1.28948284342e-12, 1.20464933601e-12, 1.13847061119e-12, 1.39245472791e-12, 1.38131639373e-12, 1.5137211146e-12, 1.27486888234e-12, 1.67768750281e-12, 1.46114695863e-12, 1.58132719159e-12, 7.64698417435e-13, 6.10923475437e-13, 7.51375036408e-13, 7.49089104548e-13, 8.58016077892e-13, 9.56266749813e-13, 1.24389300943e-12, 1.25908322397e-12, 1.1738385871e-12, 1.15540042811e-12, 8.82809938433e-13, 1.05523467568e-12, 1.12576690591e-12, 8.42932711478e-13, 9.4875420454e-13, 1.13413282671e-12, 7.33457782356e-13, 5.75969773178e-13, 7.01533557808e-13, 6.74210795699e-13, 6.34437001632e-13, 5.26055273561e-13, 5.90546437706e-13, 5.70312948343e-13, 5.34181802524e-13, 5.63091240302e-13, 5.05339639491e-13, 5.70383475694e-13, 2.74868262916e-13, 5.18043670027e-13, 4.74610856258e-13, 3.8526500783e-13, 4.88992527026e-13, 4.32555168984e-13, 4.73095412672e-13, 3.7071964964e-13, 1.33425510766e-13, 1.86215297603e-14, 5.80038844917e-16],
        "stdev": [0.00120288867038, 0.00480413157493, 0.00627182703465, 0.00634344061837, 0.00583775620908, 0.00649784877896, 0.00484755262733, 0.00291853724048, 0.00146171799861, 0.00134610233363, 0.00157659489196, 0.00175800395664, 0.00136606267188, 0.00185945560224, 0.00106841430534, 0.00110483763274, 0.000978738884442, 0.00137106876355, 0.00107268651482, 0.000936648342758, 0.000466430734377, 0.000250071199844, 0.000273698096862, 0.000512190628797, 0.00051565625472, 0.000200655355002, 0.000290735857561, 0.000237628875766, 0.000276866805507, 0.000793946383055, 0.000983206438832, 0.000777603359893, 0.00106522475835, 0.00063950906042, 0.000104804210423, 0.000166804529727, 0.000309979019221, 9.94531874312e-05, 0.000258497690083, 0.000408191292081, 6.19685015408e-05, 0.000191830506083, 0.000228855104069, 0.000206756478292, 4.75147171528e-05, 4.51293599326e-05, 0.000115719718451, 4.59828770545e-05, 4.18309318775e-05, 6.3951316406e-05, 3.15643192152e-05, 4.34778266936e-05, 0.000125771432067, 7.89634068497e-05, 3.40210972354e-05, 4.72787360195e-05, 1.96005821635e-05, 7.47884623706e-05, 0.00012440313003, 2.78609877569e-05, 8.31758225104e-05, 6.61921440042e-05, 4.98262415931e-05, 2.69227766694e-05, 1.17973568194e-05, 2.03177187359e-05, 3.54472467734e-05, 1.59211158461e-05, 1.03587744889e-05, 1.99447695195e-05, 2.96950311167e-05, 1.13125297503e-05, 1.13429950943e-05, 2.63781348622e-05, 8.09766333987e-06, 1.5246773728e-05, 2.19654139073e-05, 1.31741389851e-05, 8.17797354102e-06, 9.1325973699e-06, 9.31365502765e-06, 9.36447122513e-06, 8.28357769933e-06, 9.47194166656e-06, 9.55962241278e-06, 9.34054423851e-06, 9.41422695178e-06, 9.26656502998e-06, 6.67368612994e-06, 8.04174214863e-06, 6.23338883088e-06, 6.6415677793e-06, 4.91192940899e-06, 6.0768484218e-06, 6.22530023975e-06, 5.55744873054e-06, 8.62800970935e-06, 5.55776841793e-06, 4.38609049525e-06, 5.43662736163e-06, 4.80230391986e-06, 5.34202899871e-06, 5.71355622014e-06, 3.78457866645e-06, 3.03780780087e-06, 3.68742098544e-06, 3.22890491589e-06, 2.66953907158e-06, 1.57260365086e-06, 1.29657530579e-06, 1.20981405871e-06, 9.96672042675e-07, 1.00522913726e-06, 7.7044705904e-07, 6.05678337706e-07, 4.60476854869e-07, 2.88980686491e-07, 6.44549729145e-08, 2.02623873236e-08, 2.93362738546e-08, 3.73742352622e-08, 2.93988904332e-08, 1.64949636172e-08, 5.63465663017e-10, 9.36060604029e-12, 9.25568042348e-12, 9.1906812022e-12, 9.1412875533e-12]
    },
    "mfcc": {
        "mean": [-652.905822754, 127.959251404, 24.870513916, 33.2577629089, 5.69244623184, 6.85709428787, 4.7891535759, 8.42842006683, -0.326599270105, 2.4351708889, -0.726291596889, -0.682692348957, 1.53722774982],
        "cov": [[5379.50341797, -2412.08740234, 269.942108154, -475.24118042, -204.637466431, 81.0517272949, 229.119598389, 57.5827941895, 124.964347839, 142.830566406, 35.3743400574, 395.228179932, 318.729125977], [-2412.08740234, 2463.97290039, -770.089660645, 251.970016479, 129.010253906, -67.426361084, -16.6774616241, 38.0863075256, -53.2576408386, -23.2421665192, 22.9601631165, -118.741714478, -62.2477416992], [269.942108154, -770.089660645, 1005.86090088, -67.5985107422, -15.7890748978, 0.31548973918, -104.394065857, -7.82145547867, 45.8977661133, 2.58367395401, 32.0605201721, -36.7925643921, -43.2800292969], [-475.24118042, 251.970016479, -67.5985107422, 447.313476562, 52.7003936768, -75.3291549683, -103.348602295, 31.6862049103, 29.4280090332, -48.6450920105, 34.4267692566, -27.1416988373, -24.1756191254], [-204.637466431, 129.010253906, -15.7890748978, 52.7003936768, 207.292999268, -18.3403167725, -54.9944877625, 17.6090068817, 26.1508541107, -19.46717453, -7.70316267014, 16.8752555847, -17.161895752], [81.0517272949, -67.426361084, 0.31548973918, -75.3291549683, -18.3403167725, 256.190612793, 67.7085647583, 17.6678924561, -11.8039035797, 54.3759422302, 0.387552320957, -13.9514579773, 34.6028938293], [229.119598389, -16.6774616241, -104.394065857, -103.348602295, -54.9944877625, 67.7085647583, 234.714050293, -24.5266132355, -23.5493907928, 52.2591438293, 0.202709704638, 11.7506427765, 33.3471221924], [57.5827941895, 38.0863075256, -7.82145547867, 31.6862049103, 17.6090068817, 17.6678924561, -24.5266132355, 141.446090698, 32.2690010071, 10.6670398712, 14.7526760101, 13.5832929611, 21.1754264832], [124.964347839, -53.2576408386, 45.8977661133, 29.4280090332, 26.1508541107, -11.8039035797, -23.5493907928, 32.2690010071, 107.454902649, 10.806555748, -9.38430595398, 11.107585907, 7.53759765625], [142.830566406, -23.2421665192, 2.58367395401, -48.6450920105, -19.46717453, 54.3759422302, 52.2591438293, 10.6670398712, 10.806555748, 127.092285156, 5.80514621735, -1.14133429527, 9.38559436798], [35.3743400574, 22.9601631165, 32.0605201721, 34.4267692566, -7.70316267014, 0.387552320957, 0.202709704638, 14.7526760101, -9.38430595398, 5.80514621735, 96.4458999634, 16.1270465851, 28.954782486], [395.228179932, -118.741714478, -36.7925643921, -27.1416988373, 16.8752555847, -13.9514579773, 11.7506427765, 13.5832929611, 11.107585907, -1.14133429527, 16.1270465851, 150.546554565, 52.3041687012], [318.729125977, -62.2477416992, -43.2800292969, -24.1756191254, -17.161895752, 34.6028938293, 33.3471221924, 21.1754264832, 7.53759765625, 9.38559436798, 28.954782486, 52.3041687012, 102.924293518]],
        "icov": [[0.000554790545721, 0.000527931144461, 0.000221364927711, 0.000239231885644, 0.000160613068147, 0.000233556216699, -0.000168433674844, -0.000179837326868, -0.000399056531023, -0.000336174212862, -0.000123675214127, -0.000585744273849, -0.000817305000965], [0.000527931144461, 0.00115989800543, 0.000746223551687, 9.65860890574e-05, -0.00021405100415, 0.000342122133588, -0.000116444818559, -0.000344925792888, -0.000203453659196, -0.00038363202475, -0.000588139228057, 5.68884061067e-05, -0.000452479929663], [0.000221364927711, 0.000746223551687, 0.00171835534275, 0.00041562714614, -6.60632349536e-06, 2.74361646007e-05, 0.000634090451058, 1.48316285049e-05, -0.000778628746048, -0.000176017609192, -0.00129603745881, 0.000449437327916, 0.000576462014578], [0.000239231885644, 9.65860890574e-05, 0.00041562714614, 0.00309866969474, -0.000169675375219, 0.000492993858643, 0.000839684100356, -0.000368695298675, -0.00109991780482, 0.000533757091034, -0.00154956069309, 0.000350400427124, 0.000119688731502], [0.000160613068147, -0.00021405100415, -6.60632349536e-06, -0.000169675375219, 0.0058215316385, -0.000325967179378, 0.000905339373276, -0.000251299497904, -0.00132738996763, 0.000406256353017, 0.000392028508941, -0.00162220385391, 0.000943450257182], [0.000233556216699, 0.000342122133588, 2.74361646007e-05, 0.000492993858643, -0.000325967179378, 0.00509533239529, -0.000899808597751, -0.000892798008863, 0.000712856475729, -0.00170058396179, 0.000403534038924, 0.00108189112507, -0.00224163709208], [-0.000168433674844, -0.000116444818559, 0.000634090451058, 0.000839684100356, 0.000905339373276, -0.000899808597751, 0.00617381930351, 0.00114273722284, 0.000516304455232, -0.00161224626936, -0.000174667991814, 0.000123137142509, -0.000771120481659], [-0.000179837326868, -0.000344925792888, 1.48316285049e-05, -0.000368695298675, -0.000251299497904, -0.000892798008863, 0.00114273722284, 0.00844852812588, -0.0021219397895, -0.000541448476724, -0.000867769820616, -0.000157451911946, -0.00105332699604], [-0.000399056531023, -0.000203453659196, -0.000778628746048, -0.00109991780482, -0.00132738996763, 0.000712856475729, 0.000516304455232, -0.0021219397895, 0.0119191929698, -0.00158221146557, 0.00265682535246, 0.000103110753116, -0.00119319336955], [-0.000336174212862, -0.00038363202475, -0.000176017609192, 0.000533757091034, 0.000406256353017, -0.00170058396179, -0.00161224626936, -0.000541448476724, -0.00158221146557, 0.00996273104101, -0.00104218197521, 0.000413982139435, 0.00142380048055], [-0.000123675214127, -0.000588139228057, -0.00129603745881, -0.00154956069309, 0.000392028508941, 0.000403534038924, -0.000174667991814, -0.000867769820616, 0.00265682535246, -0.00104218197521, 0.0134120984003, -0.000845337053761, -0.00415990548208], [-0.000585744273849, 5.68884061067e-05, 0.000449437327916, 0.000350400427124, -0.00162220385391, 0.00108189112507, 0.000123137142509, -0.000157451911946, 0.000103110753116, 0.000413982139435, -0.000845337053761, 0.00994668994099, -0.00338433729485], [-0.000817305000965, -0.000452479929663, 0.000576462014578, 0.000119688731502, 0.000943450257182, -0.00224163709208, -0.000771120481659, -0.00105332699604, -0.00119319336955, 0.00142380048055, -0.00415990548208, -0.00338433729485, 0.016468886286]]
    },
    "spectral_contrast_coeffs": {
        "max": [-0.41637390852, -0.505913615227, -0.493461728096, -0.534185111523, -0.509170591831, -0.547725200653],
        "mean": [-0.735225856304, -0.756004869938, -0.751161038876, -0.795493960381, -0.78293377161, -0.769096434116],
        "min": [-0.895538628101, -0.934516489506, -0.920676827431, -0.923377871513, -0.885734558105, -0.954044997692],
        "stdev": [0.0717327669263, 0.0712560340762, 0.0757122933865, 0.0668740868568, 0.0580986589193, 0.0489302836359]
    },
    "spectral_contrast_valleys": {
        "max": [-4.37426710129, -4.30457115173, -5.56327581406, -5.91084432602, -5.65626049042, -7.51237344742],
        "mean": [-6.14316940308, -6.71475124359, -7.65428972244, -8.00649642944, -7.89548683167, -10.2848157883],
        "min": [-9.83574485779, -9.05522441864, -10.0328569412, -9.88692951202, -13.5291309357, -15.8834056854],
        "stdev": [0.602506458759, 0.672019600868, 0.636279046535, 0.597343564034, 0.854859232903, 1.62183845043]
    }
},
"rhythm": {
    "beats_count": 57,
    "beats_loudness": {
        "max": 0.132082045078,
        "mean": 0.0795262157917,
        "min": 0.00384581997059,
        "stdev": 0.0252353791147
    },
    "bpm": 96.994178772,
    "bpm_histogram_first_peak_bpm": 98,
    "bpm_histogram_first_peak_weight": 0.303571403027,
    "bpm_histogram_second_peak_bpm": 0,
    "bpm_histogram_second_peak_spread": 0,
    "bpm_histogram_second_peak_weight": 0,
    "danceability": 1.23110330105,
    "onset_rate": 4.47190666199,
    "beats_loudness_band_ratio": {
        "max": [0.984757483006, 0.844986796379, 0.159982904792, 0.196688517928, 0.0726309493184, 0.351551026106],
        "mean": [0.825947701931, 0.0924326181412, 0.0339006073773, 0.026018012315, 0.0125707425177, 0.03250997141],
        "min": [0.145939931273, 0.00637332722545, 0.0030715058092, 0.000354201154551, 0.000314646720653, 4.97504515806e-05],
        "stdev": [0.150822639465, 0.134991139174, 0.0375898741186, 0.0455871038139, 0.0147742498666, 0.0488681904972]
    },
    "beats_position": [0.626938760281, 1.25387752056, 1.88081634045, 2.49614500999, 3.11147379875, 3.73841261864, 4.35374164581, 4.96907043457, 5.58439922333, 6.19972801208, 6.82666635513, 7.44199514389, 8.05732440948, 8.68426322937, 9.29959201813, 9.91492080688, 10.5302495956, 11.1455783844, 11.7725172043, 12.387845993, 13.0031747818, 13.6301136017, 14.2454423904, 14.8607711792, 15.4877090454, 16.1030387878, 16.7183666229, 17.3453063965, 17.9606342316, 18.575963974, 19.2029018402, 19.8182315826, 20.4335594177, 21.0488891602, 21.6642169952, 22.2911567688, 22.918094635, 23.5218143463, 24.1487522125, 24.764081955, 25.37940979, 25.9947395325, 26.6100673676, 27.22539711, 27.8407249451, 28.4676647186, 29.0946025848, 29.7099323273, 30.3252601624, 30.9521980286, 31.567527771, 32.1828575134, 32.8097953796, 33.4251251221, 34.0404510498, 34.6557807922, 35.2711105347],
