{
"metadata": {
    "version": {
        "essentia": "2.1-beta5",
        "essentia_git_sha": "Undefined",
        "extractor": "music 2.0"
    },
    "audio_properties": {
        "analysis": {
            "equal_loudness": 0,
            "length": 32.4963264465,
            "sample_rate": 44100,
            "start_time": 12.7477550507,
            "downmix": "mix"
        },
        "bit_rate": 192000,
        "length": 199.018249512,
        "lossless": 0,
        "number_channels": 2,
        "replay_gain": 0.579389572144,
        "sample_rate": 48000,
        "codec": "mp3",
        "md5_encoded": "b0c7349f7dda451246527a27a8ad19db"
    },
    "tags": {
        "file_name": "Moldova_My Lucky Day_DoReDos.mp3",
        "encoding": ["Lavf58.29.100"]
    }
},
"lowlevel": {
    "average_loudness": 0.97220492363,
    "barkbands_crest": {
        "max": 26.4696407318,
        "mean": 12.956161499,
        "min": 2.37195158005,
        "stdev": 6.04700613022
    },
    "barkbands_flatness_db": {
        "max": 0.419279515743,
        "mean": 0.147603943944,
        "min": 0.021748336032,
        "stdev": 0.0695532560349
    },
    "barkbands_kurtosis": {
        "max": 523.72845459,
        "mean": 10.7810487747,
        "min": -1.69818735123,
        "stdev": 29.4636573792
    },
    "barkbands_skewness": {
        "max": 20.5281486511,
        "mean": 2.37575316429,
        "min": -0.570540249348,
        "stdev": 2.11426210403
    },
    "barkbands_spread": {
        "max": 86.1120834351,
        "mean": 24.652797699,
        "min": 0.333096474409,
        "stdev": 14.1116228104
    },
    "dissonance": {
        "max": 0.500000059605,
        "mean": 0.473723113537,
        "min": 0.317493468523,
        "stdev": 0.0217229481786
    },
    "dynamic_complexity": 1.82260644436,
    "erbbands_crest": {
        "max": 29.1342868805,
        "mean": 7.19287490845,
        "min": 2.13025951385,
        "stdev": 3.75795125961
    },
    "erbbands_flatness_db": {
        "max": 0.302762359381,
        "mean": 0.129042670131,
        "min": 0.0449236743152,
        "stdev": 0.0436001680791
    },
    "erbbands_kurtosis": {
        "max": 14.2228164673,
        "mean": -0.205377653241,
        "min": -1.82422089577,
        "stdev": 1.22013223171
    },
    "erbbands_skewness": {
        "max": 2.17693948746,
        "mean": 0.0542188733816,
        "min": -1.99896156788,
        "stdev": 0.605016827583
    },
    "erbbands_spread": {
        "max": 178.976211548,
        "mean": 52.6564788818,
        "min": 6.31339216232,
        "stdev": 24.4044723511
    },
    "hfc": {
        "max": 159.361495972,
        "mean": 27.3478679657,
        "min": 0.356566011906,
        "stdev": 22.6952514648
    },
    "loudness_ebu128": {
        "integrated": -23.1016330719,
        "loudness_range": 1.02103996277,
        "momentary": {
            "max": -21.4054279327,
            "mean": -23.1608333588,
            "min": -25.7536411285,
            "stdev": 0.724779367447
        },
        "short_term": {
            "max": -22.3522529602,
            "mean": -23.1450500488,
            "min": -23.6829833984,
            "stdev": 0.34410238266
        }
    },
    "melbands_crest": {
        "max": 36.5805969238,
        "mean": 18.3306865692,
        "min": 3.98229598999,
        "stdev": 7.63623332977
    },
    "melbands_flatness_db": {
        "max": 0.539284467697,
        "mean": 0.211364731193,
        "min": 0.027601365,
        "stdev": 0.0831056386232
    },
    "melbands_kurtosis": {
        "max": 841.472351074,
        "mean": 43.4376831055,
        "min": -0.883877277374,
        "stdev": 92.0991821289
    },
    "melbands_skewness": {
        "max": 25.2273769379,
        "mean": 4.43027162552,
        "min": -0.17952530086,
        "stdev": 3.77658033371
    },
    "melbands_spread": {
        "max": 92.3407211304,
        "mean": 19.9850578308,
        "min": 0.324353903532,
        "stdev": 13.9387493134
    },
    "pitch_salience": {
        "max": 0.853881001472,
        "mean": 0.481552094221,
        "min": 0.0356177017093,
        "stdev": 0.177286297083
    },
    "silence_rate_20dB": {
        "max": 1,
        "mean": 1,
        "min": 1,
        "stdev": 0
    },
    "silence_rate_30dB": {
        "max": 1,
        "mean": 0.928622424603,
        "min": 0,
        "stdev": 0.257455587387
    },
    "silence_rate_60dB": {
        "max": 0,
        "mean": 0,
        "min": 0,
        "stdev": 0
    },
    "spectral_centroid": {
        "max": 3828.36450195,
        "mean": 1487.83642578,
        "min": 249.901245117,
        "stdev": 575.550048828
    },
    "spectral_complexity": {
        "max": 53,
        "mean": 21.4089927673,
        "min": 1,
        "stdev": 10.5749969482
    },
    "spectral_decrease": {
        "max": -2.17625278909e-10,
        "mean": -1.18342766697e-08,
        "min": -5.81937769084e-08,
        "stdev": 9.02614516463e-09
    },
    "spectral_energy": {
        "max": 0.221312060952,
        "mean": 0.0471458286047,
        "min": 0.000853709760122,
        "stdev": 0.0345602780581
    },
    "spectral_energyband_high": {
        "max": 0.0125013161451,
        "mean": 0.00149867217988,
        "min": 9.36747255764e-06,
        "stdev": 0.00192267319653
    },
    "spectral_energyband_low": {
        "max": 0.218979656696,
        "mean": 0.0284175314009,
        "min": 0.000381580175599,
        "stdev": 0.0345897711813
    },
    "spectral_energyband_middle_high": {
        "max": 0.0448364764452,
        "mean": 0.00563272600994,
        "min": 8.30307471915e-05,
        "stdev": 0.00533139891922
    },
    "spectral_energyband_middle_low": {
        "max": 0.130148276687,
        "mean": 0.0128028485924,
        "min": 0.000148874416482,
        "stdev": 0.014763886109
    },
    "spectral_entropy": {
        "max": 8.7772436142,
        "mean": 7.8471493721,
        "min": 6.34447860718,
        "stdev": 0.40895652771
    },
    "spectral_flux": {
        "max": 0.330187499523,
        "mean": 0.118043996394,
        "min": 0.0303480047733,
        "stdev": 0.0575555339456
    },
    "spectral_kurtosis": {
        "max": 14.9096641541,
        "mean": 2.82113838196,
        "min": -1.11949217319,
        "stdev": 2.00454759598
    },
    "spectral_rms": {
        "max": 0.0146940192208,
        "mean": 0.00640176096931,
        "min": 0.000912626739591,
        "stdev": 0.00223905174062
    },
    "spectral_rolloff": {
        "max": 9797.60742188,
        "mean": 1215.46691895,
        "min": 64.599609375,
        "stdev": 1293.81860352
    },
    "spectral_skewness": {
        "max": 2.83998727798,
        "mean": 1.30864536762,
        "min": 0.146012470126,
        "stdev": 0.351907640696
    },
    "spectral_spread": {
        "max": 18599398,
        "mean": 5454692.5,
        "min": 2146860.75,
        "stdev": 1960177.25
    },
    "spectral_strongpeak": {
        "max": 6.27738618851,
        "mean": 0.611198365688,
        "min": 0.0102971829474,
        "stdev": 0.649389922619
    },
    "zerocrossingrate": {
        "max": 0.22412109375,
        "mean": 0.0544640980661,
        "min": 0.00341796875,
        "stdev": 0.0305364504457
    },
    "barkbands": {
        "max": [0.0175226200372, 0.20051664114, 0.0467545054853, 0.0526171699166, 0.0886925905943, 0.0319209434092, 0.0250740144402, 0.0184867456555, 0.0319076813757, 0.0359527803957, 0.0236896853894, 0.0198391098529, 0.0129619333893, 0.00942832138389, 0.00643948977813, 0.0080792400986, 0.00854000728577, 0.00515916198492, 0.00386128225364, 0.00176098523661, 0.00285305734724, 0.00201993761584, 0.00338717340492, 0.00380224571563, 0.00310915336013, 0.0024755820632, 0.000148310864461],
        "mean": [0.00134143640753, 0.0229810029268, 0.00299034104683, 0.00225876225159, 0.00455535715446, 0.00295473518781, 0.000958222488407, 0.000871070020366, 0.001046044752, 0.000875592173543, 0.000694145157468, 0.000530727440491, 0.000599159335252, 0.00045639986638, 0.000416043912992, 0.000502659648191, 0.000577325059567, 0.000533356622327, 0.000374085822841, 0.000251522549661, 0.000233731771004, 0.000245311210165, 0.0002692641865, 0.00028207511059, 0.000227794706007, 0.000115863505926, 3.81008612749e-06],
        "min": [9.57860379458e-07, 0.000153639703058, 2.07473794944e-06, 2.61157106252e-06, 4.97603105032e-06, 1.52550437633e-05, 8.11378868093e-07, 3.58638499165e-06, 2.02496039492e-06, 5.06047717863e-06, 3.92855099562e-06, 2.90242405754e-06, 6.52356902719e-06, 4.50333664048e-06, 3.01876320918e-06, 3.27946781908e-06, 2.32608908846e-06, 7.22889080862e-06, 3.49236893271e-06, 1.55098371124e-06, 3.136075577e-07, 1.69473537426e-07, 6.72904207022e-07, 2.14460584402e-07, 1.19878640348e-09, 1.39324940474e-10, 1.6898966948e-10],
        "stdev": [0.00275795231573, 0.0330216810107, 0.0052947611548, 0.00569537607953, 0.00894533935934, 0.00414711795747, 0.00154092872981, 0.0015325685963, 0.00181338039692, 0.00187547050882, 0.00166009925306, 0.00111462944187, 0.00101772800554, 0.000903875974473, 0.000588956463616, 0.000750755541958, 0.000979144824669, 0.000658946170006, 0.000420578318881, 0.000263343623374, 0.000304295943351, 0.000278964173049, 0.000364565377822, 0.000494432228152, 0.000414596666815, 0.000265236041741, 1.30370481202e-05]
    },
    "erbbands": {
        "max": [10.2846193314, 30.8710651398, 49.8940811157, 115.619186401, 264.972595215, 327.427154541, 292.833496094, 392.484100342, 513.19342041, 151.21434021, 587.289123535, 919.032531738, 1095.08410645, 820.542358398, 1154.20666504, 552.621398926, 692.718383789, 501.100585938, 669.637878418, 294.072845459, 526.671020508, 551.043945312, 249.766082764, 200.684310913, 118.245414734, 80.9510116577, 92.5454025269, 140.556091309, 76.4685745239, 91.2043457031, 114.304374695, 95.1704025269, 67.0761260986, 35.7423858643, 20.9842014313, 14.3855657578, 4.25103569031, 0.730468213558, 0.0212285425514, 0.00113277847413],
        "mean": [0.92418640852, 4.09246301651, 4.09803915024, 5.82371711731, 11.0691795349, 16.3012237549, 20.9348239899, 23.9427223206, 15.1744012833, 12.4935760498, 22.9756793976, 27.3755741119, 19.2229404449, 33.3804397583, 27.5175743103, 23.0567531586, 28.3994827271, 21.2949523926, 27.2061061859, 21.0268554688, 31.7369766235, 30.9602985382, 30.9645195007, 21.5216026306, 16.9899482727, 12.3120613098, 9.44343662262, 9.17096710205, 8.78584289551, 8.00903892517, 7.87923383713, 6.16770458221, 4.49873399734, 2.76707291603, 1.51668763161, 0.578556239605, 0.205654144287, 0.0259239822626, 0.000724039273337, 8.28132106108e-05],
        "min": [0.00218343106098, 0.0312692709267, 0.0376647785306, 0.034450609237, 0.0262324735522, 0.0158082675189, 0.0818207338452, 0.082249879837, 0.049029506743, 0.0476581379771, 0.106275685132, 0.0487999394536, 0.127946659923, 0.308947116137, 0.260619282722, 0.171894699335, 0.357479602098, 0.253558725119, 0.313441604376, 0.247326463461, 0.185990706086, 0.212236106396, 0.342978030443, 0.308634877205, 0.164702787995, 0.0747267976403, 0.0203698761761, 0.0385646931827, 0.00513067748398, 0.0646056011319, 0.0189842265099, 0.00688792765141, 0.0018218846526, 0.000363413768355, 4.15988797613e-05, 1.39988414958e-05, 4.55460303783e-06, 9.49530146954e-07, 3.42474709214e-06, 5.52291385247e-06],
        "stdev": [1.58614146709, 5.4617767334, 5.69960832596, 12.3765487671, 23.5879306793, 36.927646637, 32.2542304993, 39.3464851379, 24.4173126221, 15.6435480118, 43.1006469727, 50.3829498291, 39.7722511292, 65.9901885986, 66.4224700928, 45.5442085266, 47.9653625488, 35.5028190613, 47.2147331238, 26.8030090332, 43.6996955872, 54.3041572571, 38.2199058533, 23.9929103851, 18.1023731232, 12.7913856506, 11.3947896957, 12.5069885254, 10.1514434814, 9.59468650818, 11.3247232437, 10.442647934, 7.99841785431, 4.89365720749, 2.94460630417, 1.23780715466, 0.496694773436, 0.0718694403768, 0.00197273539379, 8.66918926477e-05]
    },
    "gfcc": {
        "mean": [30.6739082336, 88.1745223999, -110.818580627, 50.3876800537, -56.9400100708, 27.1760463715, -36.5167694092, 17.1263942719, -16.0220031738, 2.90800261497, -6.64834690094, 4.11904382706, -3.93070268631],
        "cov": [[2525.44946289, -1239.67785645, 163.12902832, -345.42880249, -192.573318481, -62.2595748901, -361.289123535, -19.6265697479, -431.573760986, 149.847381592, -397.49005127, 127.681373596, -291.002655029], [-1239.67785645, 1539.07446289, -674.500549316, 203.845336914, -64.7445678711, -211.446655273, 157.524246216, -177.881530762, 214.416809082, -360.983093262, 245.664871216, -233.927230835, 176.741470337], [163.12902832, -674.500549316, 871.802429199, -29.9038333893, 138.540374756, 185.422317505, -9.71613025665, 112.867904663, -102.331092834, 210.504394531, -122.719161987, 136.569946289, -83.1194381714], [-345.42880249, 203.845336914, -29.9038333893, 407.267852783, 40.1628456116, -8.45079421997, 12.8276491165, -31.1535606384, 113.08164978, -74.5592041016, 53.6293640137, -65.5813980103, 81.3982849121], [-192.573318481, -64.7445678711, 138.540374756, 40.1628456116, 213.489059448, 51.7980461121, 67.7068557739, 80.6133346558, 62.8362007141, 53.5335922241, 45.4377326965, 62.5096549988, 19.3469028473], [-62.2595748901, -211.446655273, 185.422317505, -8.45079421997, 51.7980461121, 235.166168213, 70.0948562622, 53.0105743408, -9.25720882416, 91.6538238525, -2.33086538315, 9.12262248993, -6.88759279251], [-361.289123535, 157.524246216, -9.71613025665, 12.8276491165, 67.7068557739, 70.0948562622, 218.441894531, 62.7765846252, 67.2054977417, -8.6310710907, 99.1881256104, 1.67654073238, 38.200958252], [-19.6265697479, -177.881530762, 112.867904663, -31.1535606384, 80.6133346558, 53.0105743408, 62.7765846252, 149.537002563, 36.3769798279, 81.0683059692, 31.964723587, 76.7800979614, 4.04520845413], [-431.573760986, 214.416809082, -102.331092834, 113.08164978, 62.8362007141, -9.25720882416, 67.2054977417, 36.3769798279, 195.85697937, -17.0110645294, 118.703079224, 2.06253290176, 89.5074615479], [149.847381592, -360.983093262, 210.504394531, -74.5592041016, 53.5335922241, 91.6538238525, -8.6310710907, 81.0683059692, -17.0110645294, 180.16192627, -24.3711681366, 79.8690261841, -21.4112434387], [-397.49005127, 245.664871216, -122.719161987, 53.6293640137, 45.4377326965, -2.33086538315, 99.1881256104, 31.964723587, 118.703079224, -24.3711681366, 179.586669922, 13.4838256836, 83.9793014526], [127.681373596, -233.927230835, 136.569946289, -65.5813980103, 62.5096549988, 9.12262248993, 1.67654073238, 76.7800979614, 2.06253290176, 79.8690261841, 13.4838256836, 140.039108276, 1.35217404366], [-291.002655029, 176.741470337, -83.1194381714, 81.3982849121, 19.3469028473, -6.88759279251, 38.200958252, 4.04520845413, 89.5074615479, -21.4112434387, 83.9793014526, 1.35217404366, 109.110961914]],
        "icov": [[0.00150836526882, 0.00122775440104, 0.000829465338029, 1.44417135743e-05, 0.000344643223798, 0.000518880900927, 0.00051259342581, 4.71533239761e-05, 0.00137533538509, 0.000534912978765, 0.000623809522949, -0.000740737945307, 0.00095142587088], [0.00122775440104, 0.00362672237679, 0.000868322793394, 0.000570887466893, -0.000255754624959, 0.00166719639674, -0.000756710302085, 0.001334773493, 0.000349332054611, 0.00290296482854, -0.00114727509208, 0.0021001000423, -0.000858508166857], [0.000829465338029, 0.000868322793394, 0.00284942914732, -0.000743135344237, -0.000690032844432, -0.00063324184157, -7.25615245756e-05, 0.000148026476381, 0.00151845416985, -0.000822081055958, 0.00151678640395, -0.00187366548926, 0.0010818579467], [1.44417135743e-05, 0.000570887466893, -0.000743135344237, 0.00410781893879, -0.000952257600147, 0.000101225465187, 0.000653797760606, 0.000351002207026, -0.00196850043721, 0.00213054427877, -0.000102800804598, 0.00265506189317, -0.00250437133946], [0.000344643223798, -0.000255754624959, -0.000690032844432, -0.000952257600147, 0.00773520348594, -0.000404860038543, -0.000908872985747, -0.0015975269489, -0.00145938294008, -0.000515594962053, 0.000140929987538, -0.00276680244133, 0.00152033369523], [0.000518880900927, 0.00166719639674, -0.00063324184157, 0.000101225465187, -0.000404860038543, 0.00807660724968, -0.00291257211939, 0.000354494259227, 0.00102582294494, -0.00246552750468, -0.000583668646868, 0.00393087090924, -0.00121123529971], [0.00051259342581, -0.000756710302085, -7.25615245756e-05, 0.000653797760606, -0.000908872985747, -0.00291257211939, 0.0093165691942, -0.00384647538885, 0.000799665111117, 0.00193335418589, -0.00312286359258, 0.000414677284425, 0.00102972937748], [4.71533239761e-05, 0.001334773493, 0.000148026476381, 0.000351002207026, -0.0015975269489, 0.000354494259227, -0.00384647538885, 0.0144547596574, -0.00263630598783, -0.0024282312952, -0.000620438251644, -0.00350998225622, 0.00113817933016], [0.00137533538509, 0.000349332054611, 0.00151845416985, -0.00196850043721, -0.00145938294008, 0.00102582294494, 0.000799665111117, -0.00263630598783, 0.0136318374425, -0.00133307336364, -0.00307881576009, -0.000165773148183, -0.00320376781747], [0.000534912978765, 0.00290296482854, -0.000822081055958, 0.00213054427877, -0.000515594962053, -0.00246552750468, 0.00193335418589, -0.0024282312952, -0.00133307336364, 0.0152768539265, -0.000871567928698, -0.000736165384296, -0.00137108925264], [0.000623809522949, -0.00114727509208, 0.00151678640395, -0.000102800804598, 0.000140929987538, -0.000583668646868, -0.00312286359258, -0.000620438251644, -0.00307881576009, -0.000871567928698, 0.0152990585193, -0.00455622700974, -0.00355532299727], [-0.000740737945307, 0.0021001000423, -0.00187366548926, 0.00265506189317, -0.00276680244133, 0.00393087090924, 0.000414677284425, -0.00350998225622, -0.000165773148183, -0.000736165384296, -0.00455622700974, 0.0182006396353, -0.00478899711743], [0.00095142587088, -0.000858508166857, 0.0010818579467, -0.00250437133946, 0.00152033369523, -0.00121123529971, 0.00102972937748, 0.00113817933016, -0.00320376781747, -0.00137108925264, -0.00355532299727, -0.00478899711743, 0.0201916731894]]
    },
    "melbands": {
        "max": [0.0703278332949, 0.0215557068586, 0.0188784617931, 0.0232752412558, 0.00855340715498, 0.00759735004976, 0.00665492750704, 0.00190966483206, 0.00517061864957, 0.00504950014874, 0.00576902227476, 0.00323979579844, 0.00328033557162, 0.00280893710442, 0.00152047339361, 0.00146131252404, 0.00109702395275, 0.00139359466266, 0.000381103687687, 0.000545274000615, 0.000804334355053, 0.0005889874883, 0.000515629013535, 0.000281489919871, 0.000185688360943, 0.000138580784551, 0.000101314544736, 4.86001517856e-05, 6.26814071438e-05, 7.0341717219e-05, 9.26365828491e-05, 4.40767507826e-05, 3.96696086682e-05, 6.17139958194e-05, 8.42515946715e-05, 8.56071565067e-05, 6.08592672506e-05, 5.0390684919e-05, 4.84367083118e-05, 3.05413559545e-05],
        "mean": [0.00722967274487, 0.00309243355878, 0.0011419855291, 0.00101836258546, 0.000719317875337, 0.000528627075255, 0.000225959447562, 0.000139707219205, 0.000194497275515, 0.000161382602528, 9.36268479563e-05, 0.000136668182677, 9.38513330766e-05, 6.45430845907e-05, 6.0039015807e-05, 5.72722674406e-05, 3.73813163606e-05, 4.67136196676e-05, 2.65935395873e-05, 3.25734872604e-05, 3.77931064577e-05, 3.28244677803e-05, 2.98284521705e-05, 2.45424198511e-05, 1.65389246831e-05, 1.37987190101e-05, 9.85820952337e-06, 7.6929682109e-06, 5.74028035771e-06, 5.76072125114e-06, 5.09545998284e-06, 4.91453465656e-06, 4.78832998851e-06, 4.30638783655e-06, 4.63171500087e-06, 4.16140892412e-06, 3.61863430953e-06, 3.25064593198e-06, 2.68719827545e-06, 2.22570361075e-06],
        "min": [3.54963704012e-05, 3.00200717902e-05, 2.85534451905e-06, 7.29074486117e-07, 3.50736991095e-06, 2.17235265154e-06, 4.98094209433e-07, 5.3081760143e-07, 7.49557273139e-07, 2.6436873668e-07, 6.38245865048e-07, 6.02113914283e-07, 7.13191184332e-07, 3.00635434769e-07, 3.90590969346e-07, 6.14819839484e-07, 4.39058794655e-07, 5.09557594341e-07, 2.88729722797e-07, 2.98485446137e-07, 1.67746776469e-07, 1.54644055783e-07, 1.78927308525e-07, 2.45724606884e-07, 2.19095142029e-07, 1.68173102111e-07, 7.39122043569e-08, 2.71355400372e-08, 2.09674788643e-09, 2.7738831232e-09, 7.948294245e-10, 1.85034029765e-10, 3.94552568395e-09, 2.06783887791e-08, 7.1724226558e-09, 5.40524647263e-09, 3.42644690399e-09, 4.79059882041e-11, 7.78984030059e-11, 1.0184128714e-11],
        "stdev": [0.0112038711086, 0.00328043173067, 0.00232491875067, 0.0021744761616, 0.00106534373481, 0.000811647973023, 0.000351903290721, 0.000175684210262, 0.000373170478269, 0.000292874668958, 0.000212261045817, 0.000278451188933, 0.000229741912335, 0.000132329470944, 0.000116956012789, 0.000105688464828, 6.96410352248e-05, 9.2461668828e-05, 3.35186159646e-05, 5.02814364154e-05, 5.52401179448e-05, 6.14670134382e-05, 4.5302673243e-05, 3.23003841913e-05, 1.99745954887e-05, 1.64514149219e-05, 1.09135335151e-05, 8.49218758958e-06, 6.99774182067e-06, 8.07516244095e-06, 7.38199105399e-06, 5.85376437812e-06, 5.58314195587e-06, 5.49882906853e-06, 6.82195241097e-06, 6.63418450131e-06, 6.49766343486e-06, 5.96262634645e-06, 4.9031468734e-06, 4.00236103815e-06]
    },
    "melbands128": {
        "max": [0.0167987253517, 0.0973863601685, 0.0943295434117, 0.0364335440099, 0.0270046908408, 0.0215166658163, 0.0263435468078, 0.0232738051564, 0.0274437814951, 0.0320133566856, 0.0247481241822, 0.0113095659763, 0.0139386253431, 0.0116371316835, 0.0136352963746, 0.0083330757916, 0.0156344007701, 0.00437494553626, 0.00376884872094, 0.00170289352536, 0.00293539604172, 0.0036804866977, 0.00907661393285, 0.00652425270528, 0.0110211465508, 0.00291144754738, 0.00275826780125, 0.00856126658618, 0.00916535872966, 0.0049453577958, 0.00679171551019, 0.00395958125591, 0.00472303712741, 0.00764686893672, 0.00579168600962, 0.0023470541928, 0.00330046261661, 0.00320438202471, 0.00234255427495, 0.0032477574423, 0.00270986510441, 0.00179759657476, 0.00165821670089, 0.00137116003316, 0.00221169251017, 0.00255938293412, 0.00110272527672, 0.000565138121601, 0.000629082904197, 0.000789837969933, 0.000797232030891, 0.00150034052785, 0.000943050952628, 0.00116272084415, 0.00107404484879, 0.00105924077798, 0.00159028288908, 0.00138285185676, 0.000770797312725, 0.000559238833375, 0.000632446666714, 0.000257958716247, 0.000430108309956, 0.000198466295842, 0.000528517586645, 0.000227987897233, 0.000190547216334, 0.000162500567967, 0.000160707597388, 0.000115839706268, 0.000106904190034, 8.71625743457e-05, 9.95444788714e-05, 0.000109077147499, 9.27418004721e-05, 0.000112201742013, 8.87406495167e-05, 9.79754477157e-05, 0.000120569464343, 7.63767238823e-05, 5.24432725797e-05, 5.59102809348e-05, 9.03816035134e-05, 5.54929938517e-05, 8.21184876258e-05, 5.48396310478e-05, 7.89295881987e-05, 9.94261936285e-05, 0.000115362534416, 9.02137107914e-05, 8.00245616119e-05, 0.000133774694405, 0.000102557780338, 8.09962803032e-05, 6.00579769525e-05, 8.35532991914e-05, 6.73540489515e-05, 6.27832996543e-05, 5.62366149097e-05, 5.10219942953e-05, 5.40300570719e-05, 3.26602203131e-05, 3.82510770578e-05, 4.52338608739e-05, 2.83592617052e-05, 2.53117414104e-05, 2.50131597568e-05, 2.95967183774e-05, 3.5207500332e-05, 2.6332496418e-05, 1.45899239214e-05, 1.94791955437e-05, 2.61335262621e-05, 1.50373616634e-05, 1.12175503091e-05, 1.10358523671e-05, 5.05875186718e-06, 1.62492801792e-06, 4.37308813162e-07, 2.95426161756e-07, 8.07783749224e-07, 6.70034751238e-07, 8.98494306512e-07, 2.08758432763e-08, 2.05641423889e-08, 2.03235259733e-08, 2.0220200625e-08, 2.01149710222e-08],
        "mean": [0.00127333891578, 0.00786919053644, 0.0100852875039, 0.00554472068325, 0.00241466145962, 0.00133560679387, 0.00115566316526, 0.00110425346065, 0.00107981811743, 0.00116012978833, 0.000905612891074, 0.000619885395281, 0.000744442804717, 0.0007159060915, 0.000644911197014, 0.000362617050996, 0.000217859342229, 0.000236000676523, 0.000194294872927, 0.000107091691461, 0.000121892029711, 0.000189972633962, 0.000221312729991, 0.000165095872944, 0.000219150853809, 0.000144673598697, 6.57267009956e-05, 8.27658659546e-05, 0.000108786167402, 0.000167973688804, 0.000140877004014, 9.03540712898e-05, 9.94193760562e-05, 9.09641530598e-05, 6.44236788503e-05, 5.75915510126e-05, 6.36373879388e-05, 4.64979239041e-05, 7.50124527258e-05, 6.66502746753e-05, 5.6840632169e-05, 3.40864316968e-05, 3.50791196979e-05, 3.49341753463e-05, 5.37747291673e-05, 5.22715381521e-05, 3.82303915103e-05, 2.07939992833e-05, 2.44578786806e-05, 2.79819159914e-05, 3.06104193442e-05, 4.1266244807e-05, 3.78589538741e-05, 3.59025143553e-05, 4.12291337852e-05, 3.01577692881e-05, 2.85931764665e-05, 2.80159965769e-05, 3.25146465912e-05, 3.00475348922e-05, 2.58694235526e-05, 1.81268878805e-05, 1.7557240426e-05, 1.61762091011e-05, 1.54740973812e-05, 1.31342258101e-05, 1.43083443618e-05, 9.64097125689e-06, 9.19055219128e-06, 9.40948666539e-06, 7.99644294602e-06, 6.88349564371e-06, 5.6336812122e-06, 5.71507871427e-06, 5.34356786375e-06, 5.98969563725e-06, 5.9768990468e-06, 5.37170217285e-06, 4.9509458222e-06, 4.73547697766e-06, 4.99066709381e-06, 4.78824995298e-06, 5.18779097547e-06, 4.89358444611e-06, 4.40934354629e-06, 4.17721958001e-06, 4.45805244453e-06, 4.1998382585e-06, 4.97042583447e-06, 4.60276305603e-06, 4.22025459557e-06, 4.09600170315e-06, 3.95173583456e-06, 3.52871870746e-06, 3.41049894814e-06, 3.62325226888e-06, 3.03887600239e-06, 3.1114743706e-06, 2.76416722045e-06, 2.42985083787e-06, 2.3252578103e-06, 2.13582870856e-06, 2.16107537199e-06, 2.25119765673e-06, 1.60710897035e-06, 1.50043479152e-06, 1.24942334878e-06, 1.17475383377e-06, 9.08493518637e-07, 8.24404708055e-07, 8.03397085747e-07, 7.28156805962e-07, 7.26312180177e-07, 5.45332000002e-07, 3.83725478059e-07, 2.8360051374e-07, 1.20709856333e-07, 2.51187479705e-08, 5.96421489973e-09, 3.89625887109e-09, 5.99885519037e-09, 4.9438173555e-09, 3.87434795357e-09, 1.08994951953e-10, 2.36179565488e-11, 2.28550425113e-11, 2.24596018866e-11, 2.2304918329e-11],
        "min": [1.11225709531e-07, 1.05323783828e-06, 3.22048617818e-06, 2.569273056e-05, 3.57169187737e-06, 1.0190761941e-06, 1.71712133579e-06, 1.39991107062e-06, 9.35059176754e-07, 1.81115723308e-07, 7.25649229594e-08, 2.39777961042e-07, 9.06932314138e-07, 2.03207719096e-06, 5.73884790356e-07, 2.15457845343e-07, 2.29889408843e-07, 2.10727471028e-08, 2.2986924364e-07, 1.84204893117e-07, 2.15286831917e-07, 5.18247475156e-07, 4.12731822053e-07, 4.7179531748e-07, 2.94523601951e-07, 1.15623834063e-07, 2.59562625615e-07, 2.88330966214e-07, 3.24999547274e-07, 4.93970446769e-08, 1.59438116043e-07, 1.28766259877e-07, 4.2891676344e-07, 4.2777620024e-07, 3.33097716521e-07, 1.90926414234e-07, 1.3682546296e-07, 4.63307117116e-08, 6.7601298781e-08, 1.48400644662e-07, 4.01612993528e-07, 1.9846875432e-07, 4.90879621395e-08, 1.81576297109e-07, 2.49639356298e-07, 1.79097952469e-07, 1.55791312295e-07, 1.21754794691e-07, 2.61294399451e-08, 4.66404621591e-08, 1.8239998667e-07, 1.31294086714e-07, 8.33635027675e-08, 5.22859053831e-08, 3.13303161192e-08, 1.16573360742e-07, 1.18798425319e-07, 7.41060546261e-08, 1.1458073601e-07, 1.98486162617e-07, 1.89850226207e-07, 3.801273607e-08, 1.67308755294e-07, 1.04443003579e-07, 7.02827946952e-08, 3.55657476803e-08, 7.92090588675e-08, 3.59708351994e-08, 8.86631390529e-09, 4.56562787576e-08, 7.43180850193e-09, 3.73673181286e-09, 4.64541960454e-10, 1.12282538822e-09, 1.07353637091e-09, 9.12936781727e-10, 1.67603475543e-09, 1.17470722039e-09, 1.26688146085e-10, 1.7383192108e-10, 2.33788238768e-10, 1.53324117291e-10, 5.60773927294e-11, 3.21172588524e-10, 6.11446315801e-09, 8.55576764991e-09, 1.01196961921e-08, 8.49264036873e-09, 3.38027383862e-09, 6.64219790281e-09, 3.18446824465e-09, 9.31433596918e-10, 6.90367096823e-10, 9.38837785291e-10, 3.17004721084e-11, 1.81217159334e-11, 5.91052467386e-12, 1.04936233314e-11, 2.38722084635e-12, 4.3082126408e-12, 1.90099954007e-12, 6.46043244942e-12, 1.47964748093e-11, 2.6015459318e-12, 1.6516024659e-12, 9.00790293051e-13, 8.33351996351e-13, 7.10320094844e-13, 7.87310104264e-13, 8.06562715921e-13, 5.29991469548e-13, 8.05348517909e-13, 5.94736011741e-13, 5.3865619647e-13, 5.9680667526e-13, 4.12072313121e-13, 6.38813058441e-13, 5.05394554332e-13, 4.74108491182e-13, 6.14768706862e-13, 4.62813272949e-13, 5.59003527061e-13, 6.14243573539e-13, 5.89327740254e-13, 3.58922635536e-13, 1.40691454255e-13, 2.14906929329e-14, 5.46458435482e-16],
        "stdev": [0.00267662946135, 0.0148265566677, 0.0157661251724, 0.00703183421865, 0.00330451736227, 0.00245305849239, 0.00262034707703, 0.00285533489659, 0.00249821483158, 0.00279311882332, 0.00238393316977, 0.00125524168834, 0.00142767676152, 0.00124120304827, 0.00129388063215, 0.000741177471355, 0.000576917838771, 0.000432245229604, 0.000377809512429, 0.000159394010552, 0.000204569543712, 0.000365375803085, 0.000627097557299, 0.000379676755983, 0.000562570232432, 0.000282058608718, 0.000132081404445, 0.000281929358607, 0.000384594226489, 0.000411530665588, 0.000418423791416, 0.000226531134103, 0.000355631287675, 0.00033535840339, 0.000197900386411, 0.000140252057463, 0.000201436851057, 0.000156651425641, 0.000158595634275, 0.000157438538736, 0.000151525557158, 9.14101838134e-05, 9.60024481174e-05, 8.3262406406e-05, 0.000158720198669, 0.000144806908793, 7.90702033555e-05, 3.76894786314e-05, 4.15305512433e-05, 5.83760775044e-05, 6.52182206977e-05, 9.53583585215e-05, 7.71380437072e-05, 8.01279529696e-05, 9.5965609944e-05, 8.89270013431e-05, 9.65567669482e-05, 7.17176008038e-05, 6.75096089253e-05, 5.13881605002e-05, 5.46306582692e-05, 2.66514289251e-05, 3.43800093106e-05, 2.32634029089e-05, 2.97598799079e-05, 2.16466251004e-05, 2.00802496693e-05, 1.49535444507e-05, 1.39542926263e-05, 1.30851203721e-05, 1.13870855785e-05, 9.30593432713e-06, 7.89056412032e-06, 8.16967531136e-06, 8.37499828776e-06, 9.8972750493e-06, 9.34226136451e-06, 8.74569741427e-06, 8.49114803714e-06, 7.22489721738e-06, 6.76160789226e-06, 6.30524345979e-06, 7.27519363863e-06, 6.36595905235e-06, 6.04490924161e-06, 5.84449799135e-06, 6.36754157313e-06, 6.44089777779e-06, 8.02410249889e-06, 7.67744404584e-06, 6.87086549078e-06, 7.40952100386e-06, 7.94188508735e-06, 6.84896667735e-06, 6.55316080156e-06, 7.23025777916e-06, 6.07997571933e-06, 5.86995247431e-06, 5.4110041674e-06, 4.69670703751e-06, 4.53770417153e-06, 3.93813070332e-06, 4.34917728853e-06, 5.05549360241e-06, 3.23632343679e-06, 3.07710411107e-06, 2.59347280007e-06, 2.65743688033e-06, 2.18713876166e-06, 2.04341017707e-06, 1.85656949725e-06, 1.75188597495e-06, 2.06889876608e-06, 1.39891858453e-06, 1.05548474494e-06, 8.73292833603e-07, 4.28896726135e-07, 1.26574931869e-07, 2.86936181482e-08, 2.00817051876e-08, 3.50128956939e-08, 2.89863599789e-08, 2.9291413739e-08, 9.98746196856e-10, 5.51226619905e-10, 5.44778389067e-10, 5.42005718085e-10, 5.39191025162e-10]
    },
    "mfcc": {
        "mean": [-608.586303711, 107.708816528, 10.8849744797, 26.3076877594, 12.421962738, 9.72529029846, 1.72905004025, 12.9526882172, 0.156861305237, 5.01172924042, 3.32420897484, 2.13890314102, 2.77909827232],
        "cov": [[2429.50585938, -745.510742188, -121.845756531, -240.831344604, -141.539657593, -158.417785645, -134.990539551, -268.172943115, -81.6577987671, -214.5650177, -158.901199341, -83.0180053711, -140.326431274], [-745.510742188, 908.346496582, -300.025238037, 83.9322738647, -119.327575684, -61.7538566589, -45.7174301147, 127.082176208, -112.732643127, 14.7298784256, 14.3114089966, -68.0549850464, 11.4775352478], [-121.845756531, -300.025238037, 519.895080566, -17.381975174, 100.270401001, 100.681007385, 90.9153289795, -54.1568183899, 79.7401809692, 0.895939350128, 11.7821960449, 23.0982513428, -18.5279254913], [-240.831344604, 83.9322738647, -17.381975174, 324.565063477, 65.0743331909, 2.00379419327, -53.6151046753, 62.3439064026, 6.12964820862, 9.97923374176, -24.2010440826, 12.4747667313, 23.634771347], [-141.539657593, -119.327575684, 100.270401001, 65.0743331909, 189.23866272, 39.0685424805, 6.13694763184, 9.23663330078, 41.4593162537, 22.8473777771, 15.6310033798, 32.9753875732, 25.6286525726], [-158.417785645, -61.7538566589, 100.681007385, 2.00379419327, 39.0685424805, 143.072174072, 62.522354126, 2.34644913673, 42.9174690247, 30.5022411346, 15.0112752914, 19.590927124, -2.63375043869], [-134.990539551, -45.7174301147, 90.9153289795, -53.6151046753, 6.13694763184, 62.522354126, 169.750839233, 38.0266036987, 27.2661571503, 40.4985198975, 42.0558624268, 8.53173351288, 16.616941452], [-268.172943115, 127.082176208, -54.1568183899, 62.3439064026, 9.23663330078, 2.34644913673, 38.0266036987, 165.231170654, -9.45029258728, 49.9509086609, 41.152759552, 0.989284932613, 42.6290168762], [-81.6577987671, -112.732643127, 79.7401809692, 6.12964820862, 41.4593162537, 42.9174690247, 27.2661571503, -9.45029258728, 104.266342163, 27.5192604065, 9.64673614502, 30.158908844, 9.71580886841], [-214.5650177, 14.7298784256, 0.895939350128, 9.97923374176, 22.8473777771, 30.5022411346, 40.4985198975, 49.9509086609, 27.5192604065, 97.3057785034, 43.9839019775, 15.4520587921, 28.0049533844], [-158.901199341, 14.3114089966, 11.7821960449, -24.2010440826, 15.6310033798, 15.0112752914, 42.0558624268, 41.152759552, 9.64673614502, 43.9839019775, 83.9070663452, 16.1906414032, 24.272321701], [-83.0180053711, -68.0549850464, 23.0982513428, 12.4747667313, 32.9753875732, 19.590927124, 8.53173351288, 0.989284932613, 30.158908844, 15.4520587921, 16.1906414032, 71.6331481934, 27.5541629791], [-140.326431274, 11.4775352478, -18.5279254913, 23.634771347, 25.6286525726, -2.63375043869, 16.616941452, 42.6290168762, 9.71580886841, 28.0049533844, 24.272321701, 27.5541629791, 74.5684280396]],
        "icov": [[0.0013822336914, 0.00162385427393, 0.000880741979927, 0.000360089645255, 0.000602140848059, 0.000657560362015, 0.000105476407043, 0.000388993648812, 0.00082085840404, 0.00121542974375, 0.000644270970952, 0.00126774667297, 0.000784721341915], [0.00162385427393, 0.00366045581177, 0.00163721409626, -2.63469391939e-05, 0.00142263097223, 0.000475513195852, 0.00036807145807, -0.000363646395272, 0.00191136158537, 0.00127579225227, 0.000239912798861, 0.00256827822886, 0.000806005496997], [0.000880741979927, 0.00163721409626, 0.00367098581046, -3.07537120534e-05, -0.000642460188828, -0.000558435334824, -0.00129748764448, 0.000905579538085, -0.000366032414604, 0.0016628667945, -0.000167878039065, 0.00132639321964, 0.00128752412274], [0.000360089645255, -2.63469391939e-05, -3.07537120534e-05, 0.00450228294358, -0.00128253968433, -0.000212534985621, 0.001722675981, -0.00200910447165, -0.000149275627336, 4.80430317111e-05, 0.0025164631661, -0.000330687384121, -0.000250520126428], [0.000602140848059, 0.00142263097223, -0.000642460188828, -0.00128253968433, 0.00789694767445, -0.000758224050514, 0.00119183643255, 1.01888845165e-05, -0.000299132865621, 5.95951678406e-05, -0.000847106159199, -0.000216641521547, -0.00147889798973], [0.000657560362015, 0.000475513195852, -0.000558435334824, -0.000212534985621, -0.000758224050514, 0.0107127046213, -0.00305063766427, 0.000556941668037, -0.00140269927215, -0.00150082551409, 0.000989104388282, -0.0012495162664, 0.00297940592282], [0.000105476407043, 0.00036807145807, -0.00129748764448, 0.001722675981, 0.00119183643255, -0.00305063766427, 0.00975416321307, -0.00235180254094, -0.00035830916022, -0.000990486005321, -0.00182172446512, 0.00108555238694, -0.00146257027518], [0.000388993648812, -0.000363646395272, 0.000905579538085, -0.00200910447165, 1.01888845165e-05, 0.000556941668037, -0.00235180254094, 0.0107146175578, 0.00125622714404, -0.00219017383642, -0.0025331324432, 0.00186223513447, -0.00313996034674], [0.00082085840404, 0.00191136158537, -0.000366032414604, -0.000149275627336, -0.000299132865621, -0.00140269927215, -0.00035830916022, 0.00125622714404, 0.0148634240031, -0.00293641700409, 0.00134853378404, -0.00258887861855, 0.000305723806378], [0.00121542974375, 0.00127579225227, 0.0016628667945, 4.80430317111e-05, 5.95951678406e-05, -0.00150082551409, -0.000990486005321, -0.00219017383642, -0.00293641700409, 0.0181454252452, -0.00539991352707, 0.00169306062162, -0.00141189654823], [0.000644270970952, 0.000239912798861, -0.000167878039065, 0.0025164631661, -0.000847106159199, 0.000989104388282, -0.00182172446512, -0.0025331324432, 0.00134853378404, -0.00539991352707, 0.0194332823157, -0.00242535374127, -0.00106077338569], [0.00126774667297, 0.00256827822886, 0.00132639321964, -0.000330687384121, -0.000216641521547, -0.0012495162664, 0.00108555238694, 0.00186223513447, -0.00258887861855, 0.00169306062162, -0.00242535374127, 0.0214811060578, -0.00629806192592], [0.000784721341915, 0.000806005496997, 0.00128752412274, -0.000250520126428, -0.00147889798973, 0.00297940592282, -0.00146257027518, -0.00313996034674, 0.000305723806378, -0.00141189654823, -0.00106077338569, -0.00629806192592, 0.0210598967969]]
    },
    "spectral_contrast_coeffs": {
        "max": [-0.467215061188, -0.541196405888, -0.546658098698, -0.6190315485, -0.535262405872, -0.561052203178],
        "mean": [-0.731904685497, -0.779302537441, -0.786295115948, -0.806148946285, -0.786081075668, -0.768785297871],
        "min": [-0.882661104202, -0.916155338287, -0.914303123951, -0.905270755291, -0.885574042797, -0.866783738136],
        "stdev": [0.0723766684532, 0.0685895830393, 0.0596342273057, 0.0474718548357, 0.0557234399021, 0.0411849170923]
    },
    "spectral_contrast_valleys": {
        "max": [-4.84652471542, -4.75238704681, -5.44124650955, -5.81213903427, -5.87914943695, -7.45731782913],
        "mean": [-6.20985507965, -6.44036149979, -7.11444664001, -7.24335098267, -7.24653911591, -9.60841941833],
        "min": [-8.21665382385, -8.50628566742, -8.73395633698, -8.69683933258, -9.74832439423, -13.8857584],
        "stdev": [0.517383754253, 0.614655971527, 0.56084471941, 0.525690853596, 0.642562747002, 1.03369700909]
    }
},
"rhythm": {
    "beats_count": 65,
    "beats_loudness": {
        "max": 0.114394724369,
        "mean": 0.0707861930132,
        "min": 0.0308916512877,
        "stdev": 0.0204929020256
    },
    "bpm": 122.077667236,
    "bpm_histogram_first_peak_bpm": 123,
    "bpm_histogram_first_peak_weight": 0.338709652424,
    "bpm_histogram_second_peak_bpm": 112,
    "bpm_histogram_second_peak_spread": 0,
    "bpm_histogram_second_peak_weight": 0.015625,
    "danceability": 1.56429946423,
    "onset_rate": 4.95263624191,
    "beats_loudness_band_ratio": {
        "max": [0.963011741638, 0.341165930033, 0.212968721986, 0.188704773784, 0.132931411266, 0.195872411132],
        "mean": [0.719585597515, 0.113821439445, 0.0508492365479, 0.0449072420597, 0.0425934232771, 0.0501076467335],
        "min": [0.355249494314, 0.00714080873877, 0.00258827814832, 0.00197599851526, 0.00173311727121, 0.0019895453006],
        "stdev": [0.142058670521, 0.0797682255507, 0.0450511798263, 0.0473069883883, 0.0346623845398, 0.0340253040195]
    },
    "beats_position": [0.53405892849, 1.06811785698, 1.57895684242, 2.06657600403, 2.55419492722, 3.04181408882, 3.52943301201, 4.02866220474, 4.52789115906, 5.01551008224, 5.50312900543, 6.00235795975, 6.5015873909, 6.98920631409, 7.47682523727, 7.96444416046, 8.46367359161, 8.96290206909, 9.45052146912, 9.93814086914, 10.4257593155, 10.9133787155, 11.4009971619, 11.900226593, 12.3994560242, 12.8870744705, 13.3746938705, 13.873922348, 14.3731517792, 14.8607711792, 15.3483896255, 15.8360090256, 16.3236274719, 16.8112468719, 17.298866272, 17.786485672, 18.2857131958, 18.784942627, 19.272562027, 19.760181427, 20.247800827, 20.7470283508, 21.246257782, 21.733877182, 22.221496582, 22.7091159821, 23.1967334747, 23.6843528748, 24.1835823059, 24.6828117371, 25.1704311371, 25.6580486298, 26.1456680298, 26.6448974609, 27.1441268921, 27.6317462921, 28.1193637848, 28.6069831848, 29.106212616, 29.6054420471, 30.0930614471, 30.5806789398, 31.0682983398, 31.5559177399, 32.0551452637],
