{
"metadata": {
    "version": {
        "essentia": "2.1-beta5",
        "essentia_git_sha": "Undefined",
        "extractor": "music 2.0"
    },
    "audio_properties": {
        "analysis": {
            "equal_loudness": 0,
            "length": 47.8563270569,
            "sample_rate": 44100,
            "start_time": 142.744674683,
            "downmix": "mix"
        },
        "bit_rate": 192000,
        "length": 190.624221802,
        "lossless": 0,
        "number_channels": 2,
        "replay_gain": -0.117448806763,
        "sample_rate": 48000,
        "codec": "mp3",
        "md5_encoded": "bea4230a3a9a025dfa7fa32992aff211"
    },
    "tags": {
        "file_name": "Iceland_Our Choice_Ari Ólafsson.mp3",
        "encoding": ["Lavf58.29.100"]
    }
},
"lowlevel": {
    "average_loudness": 0.965109586716,
    "barkbands_crest": {
        "max": 21.9602470398,
        "mean": 8.17505168915,
        "min": 2.7432487011,
        "stdev": 3.06558179855
    },
    "barkbands_flatness_db": {
        "max": 0.262966096401,
        "mean": 0.119331590831,
        "min": 0.045894023031,
        "stdev": 0.0377761013806
    },
    "barkbands_kurtosis": {
        "max": 30.9662780762,
        "mean": 1.21959590912,
        "min": -1.78164148331,
        "stdev": 2.75940442085
    },
    "barkbands_skewness": {
        "max": 5.16777324677,
        "mean": 0.914240241051,
        "min": -0.629124999046,
        "stdev": 0.723200500011
    },
    "barkbands_spread": {
        "max": 88.0006561279,
        "mean": 25.061422348,
        "min": 3.51076507568,
        "stdev": 11.0926370621
    },
    "dissonance": {
        "max": 0.49999755621,
        "mean": 0.47280216217,
        "min": 0.326888084412,
        "stdev": 0.0241997428238
    },
    "dynamic_complexity": 1.76843464375,
    "erbbands_crest": {
        "max": 24.0230789185,
        "mean": 8.55060386658,
        "min": 2.71882772446,
        "stdev": 3.62262034416
    },
    "erbbands_flatness_db": {
        "max": 0.294939875603,
        "mean": 0.169048666954,
        "min": 0.0786230638623,
        "stdev": 0.0371504426003
    },
    "erbbands_kurtosis": {
        "max": 11.312245369,
        "mean": 0.391447782516,
        "min": -1.55455160141,
        "stdev": 1.41014587879
    },
    "erbbands_skewness": {
        "max": 2.86081171036,
        "mean": 0.455956786871,
        "min": -1.73615658283,
        "stdev": 0.633539617062
    },
    "erbbands_spread": {
        "max": 103.340057373,
        "mean": 31.7106590271,
        "min": 7.3476858139,
        "stdev": 12.2364263535
    },
    "hfc": {
        "max": 114.96282196,
        "mean": 33.7579460144,
        "min": 1.59858369827,
        "stdev": 17.0926418304
    },
    "loudness_ebu128": {
        "integrated": -22.135187149,
        "loudness_range": 4.12795066833,
        "momentary": {
            "max": -19.7306747437,
            "mean": -22.5203361511,
            "min": -31.1166973114,
            "stdev": 2.06384205818
        },
        "short_term": {
            "max": -20.2281398773,
            "mean": -22.4211559296,
            "min": -27.003742218,
            "stdev": 1.58738327026
        }
    },
    "melbands_crest": {
        "max": 32.2137489319,
        "mean": 11.3280191422,
        "min": 3.82275128365,
        "stdev": 4.31346607208
    },
    "melbands_flatness_db": {
        "max": 0.315197855234,
        "mean": 0.153827100992,
        "min": 0.044209163636,
        "stdev": 0.0428411960602
    },
    "melbands_kurtosis": {
        "max": 88.2903137207,
        "mean": 5.17408275604,
        "min": -1.41648828983,
        "stdev": 6.99229764938
    },
    "melbands_skewness": {
        "max": 8.20220565796,
        "mean": 1.65374398232,
        "min": -0.363546699286,
        "stdev": 0.981959998608
    },
    "melbands_spread": {
        "max": 90.5400619507,
        "mean": 30.484582901,
        "min": 3.29088377953,
        "stdev": 14.4177494049
    },
    "pitch_salience": {
        "max": 0.852918386459,
        "mean": 0.592765986919,
        "min": 0.204154610634,
        "stdev": 0.0970759689808
    },
    "silence_rate_20dB": {
        "max": 1,
        "mean": 1,
        "min": 1,
        "stdev": 0
    },
    "silence_rate_30dB": {
        "max": 1,
        "mean": 0.995635330677,
        "min": 0,
        "stdev": 0.0659216344357
    },
    "silence_rate_60dB": {
        "max": 0,
        "mean": 0,
        "min": 0,
        "stdev": 0
    },
    "spectral_centroid": {
        "max": 3536.90869141,
        "mean": 1583.46459961,
        "min": 381.530303955,
        "stdev": 474.234527588
    },
    "spectral_complexity": {
        "max": 49,
        "mean": 28.2565479279,
        "min": 6,
        "stdev": 8.09016418457
    },
    "spectral_decrease": {
        "max": -9.8262675774e-10,
        "mean": -8.54423820584e-09,
        "min": -5.1935277412e-08,
        "stdev": 4.9361661425e-09
    },
    "spectral_energy": {
        "max": 0.198665812612,
        "mean": 0.0353099033237,
        "min": 0.00388440676033,
        "stdev": 0.0194516237825
    },
    "spectral_energyband_high": {
        "max": 0.0140486471355,
        "mean": 0.00122087018099,
        "min": 1.19197038657e-05,
        "stdev": 0.00118109874893
    },
    "spectral_energyband_low": {
        "max": 0.183262512088,
        "mean": 0.00896805431694,
        "min": 1.0034659681e-06,
        "stdev": 0.0150062181056
    },
    "spectral_energyband_middle_high": {
        "max": 0.0519070141017,
        "mean": 0.0122373355553,
        "min": 0.000297797698295,
        "stdev": 0.00842393841594
    },
    "spectral_energyband_middle_low": {
        "max": 0.0753036215901,
        "mean": 0.0137529782951,
        "min": 0.00101036508568,
        "stdev": 0.00928209442645
    },
    "spectral_entropy": {
        "max": 8.58208465576,
        "mean": 7.74653863907,
        "min": 6.59006357193,
        "stdev": 0.262052595615
    },
    "spectral_flux": {
        "max": 0.408279240131,
        "mean": 0.104920767248,
        "min": 0.0171624571085,
        "stdev": 0.0468732155859
    },
    "spectral_kurtosis": {
        "max": 12.2793579102,
        "mean": 3.2648832798,
        "min": -0.48098897934,
        "stdev": 1.65339004993
    },
    "spectral_rms": {
        "max": 0.0139219360426,
        "mean": 0.00568463979289,
        "min": 0.0019467062084,
        "stdev": 0.00146068225149
    },
    "spectral_rolloff": {
        "max": 7708.88671875,
        "mean": 1677.1373291,
        "min": 64.599609375,
        "stdev": 924.635192871
    },
    "spectral_skewness": {
        "max": 2.4961001873,
        "mean": 1.35803771019,
        "min": 0.179591849446,
        "stdev": 0.307478517294
    },
    "spectral_spread": {
        "max": 9541704,
        "mean": 4143192.75,
        "min": 2216666,
        "stdev": 760415.625
    },
    "spectral_strongpeak": {
        "max": 10.1212310791,
        "mean": 1.41990065575,
        "min": 0,
        "stdev": 1.61770713329
    },
    "zerocrossingrate": {
        "max": 0.19921875,
        "mean": 0.066162109375,
        "min": 0.01123046875,
        "stdev": 0.0212336238474
    },
    "barkbands": {
        "max": [0.0152610838413, 0.143194362521, 0.0536376982927, 0.0362656489015, 0.02790687792, 0.0368076339364, 0.0334683805704, 0.0239791534841, 0.0524090602994, 0.0412201322615, 0.0143158147112, 0.0343981273472, 0.0200162008405, 0.0212404578924, 0.0175906624645, 0.0142068024725, 0.0100936237723, 0.00477394228801, 0.00312544777989, 0.00556369964033, 0.00290323421359, 0.00506823603064, 0.00675664097071, 0.00163181917742, 0.00197924580425, 0.000721845310181, 3.27244088112e-05],
        "mean": [0.000496618973557, 0.00622550956905, 0.00175765028689, 0.00118910020683, 0.00216401042417, 0.0027826174628, 0.00127437501214, 0.00139879703056, 0.00413918448612, 0.00266577489674, 0.00162461528089, 0.00199041073211, 0.0012420109706, 0.00121530028991, 0.00114372035023, 0.000742904143408, 0.000651729002129, 0.000606026791502, 0.000505132600665, 0.000403655139962, 0.000205768301385, 0.00048250015243, 0.000234796723817, 9.91082124528e-05, 5.23473354406e-05, 1.60761010193e-05, 1.95667468006e-07],
        "min": [5.42791411817e-09, 1.81498123197e-08, 6.72429862902e-08, 3.40089520989e-08, 6.13115116721e-06, 1.10689752546e-05, 1.0306308468e-05, 1.60290837812e-05, 1.01081532193e-05, 1.70562816493e-05, 4.60681712866e-06, 1.38750865517e-05, 9.18168370845e-06, 6.9633192652e-06, 5.37292453373e-06, 7.86305463407e-06, 4.48236914963e-06, 3.21372885992e-06, 1.82521046099e-06, 2.28713929573e-06, 2.06174922823e-06, 2.67016253019e-06, 6.75188459809e-07, 1.43274760944e-07, 1.88432741632e-10, 1.27372418168e-10, 1.52208148863e-10],
        "stdev": [0.00119389628526, 0.0106447655708, 0.00437475461513, 0.00309031945653, 0.00295084249228, 0.00369291007519, 0.00188600784168, 0.00243493518792, 0.0056031094864, 0.00418485095724, 0.00197251536883, 0.00287952600047, 0.00165704172105, 0.00202937377617, 0.00169826927595, 0.00112251983956, 0.000854544341564, 0.000572524557356, 0.000440006493591, 0.00046405516332, 0.000165910663782, 0.000648571178317, 0.000363616563845, 0.000120473239804, 0.000105678394902, 3.56441705662e-05, 1.25090775782e-06]
    },
    "erbbands": {
        "max": [4.37378501892, 32.2387123108, 69.0299377441, 71.2404327393, 128.942123413, 87.5645904541, 297.082244873, 452.596282959, 574.59753418, 575.121704102, 650.463378906, 1363.88964844, 1406.05004883, 923.082580566, 635.732543945, 1545.21704102, 889.34765625, 1200.14111328, 657.130249023, 570.64074707, 982.702636719, 618.502990723, 233.51499939, 199.147293091, 206.12840271, 147.444763184, 61.8332138062, 133.309631348, 193.373962402, 173.984054565, 178.60206604, 52.524181366, 31.0541057587, 21.0019378662, 15.0075349808, 4.07432317734, 1.08833158016, 0.142531022429, 0.00304272538051, 0.000238522756263],
        "mean": [0.176617175341, 1.3743789196, 2.23382163048, 3.2982711792, 4.63136100769, 7.34248113632, 18.8688030243, 21.2231407166, 16.2922801971, 23.1302433014, 43.195892334, 82.5765533447, 102.903045654, 79.9069290161, 64.2071380615, 73.1459197998, 59.3050727844, 71.0998687744, 53.8347053528, 46.5448226929, 45.3758354187, 38.6303787231, 34.7160224915, 28.8214454651, 26.5721225739, 17.0469245911, 9.07327365875, 8.70722866058, 16.9640865326, 13.1657876968, 5.87509202957, 2.64508247375, 1.4034897089, 0.701010644436, 0.315167784691, 0.102285511792, 0.0242329854518, 0.00223306613043, 7.47067388147e-05, 4.66512719868e-05],
        "min": [1.01795649243e-06, 1.44263040056e-05, 0.000124731042888, 0.000142065517139, 0.00384185835719, 0.0320637449622, 0.060950987041, 0.166086658835, 0.203980609775, 0.56065672636, 0.386000335217, 0.403703331947, 0.425703018904, 0.793531954288, 0.675339400768, 0.589681863785, 0.570732176304, 0.440846502781, 0.423890024424, 0.342516034842, 0.397981405258, 0.390841245651, 0.659018933773, 0.29035410285, 0.123005978763, 0.149390980601, 0.0932412818074, 0.0925804898143, 0.0958179980516, 0.0544595085084, 0.00725406501442, 0.00484994752333, 0.0019072801806, 0.000124976373627, 1.74831002369e-05, 5.82400889471e-06, 2.64002960648e-06, 6.26638438916e-07, 1.98646625904e-06, 4.43850467491e-06],
        "stdev": [0.329395651817, 2.46297192574, 5.35793447495, 7.3041472435, 9.74757671356, 9.53456020355, 30.5522480011, 31.5393753052, 28.7677745819, 29.0102710724, 71.5943832397, 125.619033813, 138.281585693, 102.066375732, 72.0130615234, 103.936134338, 71.176322937, 111.785095215, 72.5195083618, 55.8386764526, 72.0658950806, 50.4841651917, 31.672164917, 24.378660202, 25.8459377289, 16.2332630157, 7.5243229866, 7.77544593811, 23.0543689728, 17.6550350189, 9.21889686584, 3.52656388283, 1.67747676373, 1.14555132389, 0.802656531334, 0.226621553302, 0.0525022558868, 0.00697076926008, 0.000168123049662, 2.44471175392e-05]
    },
    "gfcc": {
        "mean": [38.8955039978, 95.4192886353, -148.571029663, 36.4800109863, -69.4308242798, 25.1575908661, -31.2475605011, 11.7092571259, -14.7320232391, -1.22411954403, -9.01265907288, 2.55394744873, -5.84285068512],
        "cov": [[1895.95361328, -799.265991211, 115.320297241, -50.9808807373, 98.4439849854, 243.647018433, -97.116645813, 131.76739502, -326.795501709, 184.625900269, -226.017227173, 82.06590271, -154.609313965], [-799.265991211, 1042.57702637, 201.184249878, 434.946014404, 111.797821045, -113.129112244, 60.3603820801, -170.704650879, 218.529586792, -123.531745911, 258.997558594, -76.2222290039, 176.948410034], [115.320297241, 201.184249878, 513.504089355, 285.045135498, 134.681335449, 7.2800283432, -100.461402893, -19.2171764374, -14.3918685913, 84.0470733643, 29.2246360779, 100.128112793, 19.1080245972], [-50.9808807373, 434.946014404, 285.045135498, 501.901763916, 124.004234314, 20.0255241394, -4.79370260239, -110.72958374, 63.4997444153, 0.756529033184, 140.006591797, -4.65152311325, 67.2939605713], [98.4439849854, 111.797821045, 134.681335449, 124.004234314, 196.611526489, 36.4899787903, -14.278386116, 7.68286323547, -8.23431015015, 43.0934906006, -9.04767513275, 15.5481100082, 14.0199356079], [243.647018433, -113.129112244, 7.2800283432, 20.0255241394, 36.4899787903, 147.716156006, 52.0630989075, 22.6204109192, -50.4463996887, 28.8473434448, -28.0071544647, -13.4104423523, -18.1582164764], [-97.116645813, 60.3603820801, -100.461402893, -4.79370260239, -14.278386116, 52.0630989075, 160.085296631, 1.83108079433, 25.0498714447, -31.000213623, 31.4412384033, -44.5111541748, -12.9906644821], [131.76739502, -170.704650879, -19.2171764374, -110.72958374, 7.68286323547, 22.6204109192, 1.83108079433, 111.907745361, -23.4964561462, 32.6709442139, -58.2527999878, 19.0882759094, -17.1984806061], [-326.795501709, 218.529586792, -14.3918685913, 63.4997444153, -8.23431015015, -50.4463996887, 25.0498714447, -23.4964561462, 153.406494141, -23.5332489014, 67.1018371582, -13.47859478, 44.9235115051], [184.625900269, -123.531745911, 84.0470733643, 0.756529033184, 43.0934906006, 28.8473434448, -31.000213623, 32.6709442139, -23.5332489014, 112.972358704, -15.8720550537, 50.6220855713, -17.6110897064], [-226.017227173, 258.997558594, 29.2246360779, 140.006591797, -9.04767513275, -28.0071544647, 31.4412384033, -58.2527999878, 67.1018371582, -15.8720550537, 145.747344971, -0.83922713995, 50.4474334717], [82.06590271, -76.2222290039, 100.128112793, -4.65152311325, 15.5481100082, -13.4104423523, -44.5111541748, 19.0882759094, -13.47859478, 50.6220855713, -0.83922713995, 109.169525146, 8.82765388489], [-154.609313965, 176.948410034, 19.1080245972, 67.2939605713, 14.0199356079, -18.1582164764, -12.9906644821, -17.1984806061, 44.9235115051, -17.6110897064, 50.4474334717, 8.82765388489, 98.4014205933]],
        "icov": [[0.0013542015804, 0.000427968276199, 0.0003826340253, -0.000959678844083, -7.74563086452e-05, -0.00111782725435, 0.000703201221768, -0.000639665639028, 0.00156179326586, -0.000651253387332, 0.000538571504876, -0.000392795627704, 0.000655503128655], [0.000427968276199, 0.00789361819625, -0.00417224084958, 0.000243845031946, -0.0045326128602, 0.00406475458294, -0.00342083047144, 0.00349260400981, -0.00281572109088, 0.00451343972236, -0.00597602222115, 0.00622346904129, -0.00672532944009], [0.0003826340253, -0.00417224084958, 0.00745932897553, -0.00381065555848, 0.00164818228222, -0.00257602147758, 0.00391762983054, -0.00315809762105, 0.00262373057194, -0.00362295773812, 0.00425999658182, -0.00698304036632, 0.00511265499517], [-0.000959678844083, 0.000243845031946, -0.00381065555848, 0.00732975546271, -0.00250567123294, -0.000845376809593, -0.000495379033964, 0.00415246095508, -0.00229950458743, 0.00162557070144, -0.00487506343052, 0.00309401238337, -0.0017951617483], [-7.74563086452e-05, -0.0045326128602, 0.00164818228222, -0.00250567123294, 0.0104424292222, -0.0027922205627, 0.00131866207812, -0.00315746827982, 0.00195725099184, -0.0050260014832, 0.00632127001882, -0.00302890292369, 0.00227959360927], [-0.00111782725435, 0.00406475458294, -0.00257602147758, -0.000845376809593, -0.0027922205627, 0.0154019957408, -0.00821312796324, 0.0015491853701, 0.000984117621556, -0.000795835687313, -0.000793112558313, 0.00566522683948, -0.0062542129308], [0.000703201221768, -0.00342083047144, 0.00391762983054, -0.000495379033964, 0.00131866207812, -0.00821312796324, 0.0136631960049, -0.00406333338469, -9.26895882003e-05, 0.000701768731233, -0.00168995093554, -0.00240095355548, 0.00747416727245], [-0.000639665639028, 0.00349260400981, -0.00315809762105, 0.00415246095508, -0.00315746827982, 0.0015491853701, -0.00406333338469, 0.017116419971, -0.00328799546696, -0.000531986297574, 0.000615144032054, 0.00226820958778, -0.00543413450941], [0.00156179326586, -0.00281572109088, 0.00262373057194, -0.00229950458743, 0.00195725099184, 0.000984117621556, -9.26895882003e-05, -0.00328799546696, 0.0135306427255, -0.00369233428501, 0.00128428672906, -0.00191881426144, 0.000571840268094], [-0.000651253387332, 0.00451343972236, -0.00362295773812, 0.00162557070144, -0.0050260014832, -0.000795835687313, 0.000701768731233, -0.000531986297574, -0.00369233428501, 0.0187295153737, -0.0068477508612, -0.00113664998207, -0.000328387395712], [0.000538571504876, -0.00597602222115, 0.00425999658182, -0.00487506343052, 0.00632127001882, -0.000793112558313, -0.00168995093554, 0.000615144032054, 0.00128428672906, -0.0068477508612, 0.0213335826993, -0.00705500366166, 0.00082053989172], [-0.000392795627704, 0.00622346904129, -0.00698304036632, 0.00309401238337, -0.00302890292369, 0.00566522683948, -0.00240095355548, 0.00226820958778, -0.00191881426144, -0.00113664998207, -0.00705500366166, 0.0210208855569, -0.00860820803791], [0.000655503128655, -0.00672532944009, 0.00511265499517, -0.0017951617483, 0.00227959360927, -0.0062542129308, 0.00747416727245, -0.00543413450941, 0.000571840268094, -0.000328387395712, 0.00082053989172, -0.00860820803791, 0.0221107397228]]
    },
    "melbands": {
        "max": [0.0398737750947, 0.0364768877625, 0.0146472305059, 0.00647955527529, 0.00966671295464, 0.008758562617, 0.00819209963083, 0.00563165638596, 0.00580123485997, 0.00899482704699, 0.00712769338861, 0.0040779132396, 0.00180382234976, 0.00276725599542, 0.00374069437385, 0.0026384012308, 0.00206766859628, 0.00120943086222, 0.00155341241043, 0.000652017421089, 0.00126677344088, 0.000538224121556, 0.000513272767421, 0.000339821679518, 0.000205131582334, 0.000164576296811, 0.000361499929568, 7.0481793955e-05, 5.83848559472e-05, 7.06756036379e-05, 7.81359194661e-05, 0.000111796689453, 0.000153529268573, 0.000109949934995, 0.000135462149046, 4.42453347205e-05, 3.01772815874e-05, 2.59578173427e-05, 2.14972660615e-05, 2.03124036489e-05],
        "mean": [0.00169782678131, 0.00140690687113, 0.000608590897173, 0.000398674048483, 0.000600204977673, 0.000490171893034, 0.00025096067111, 0.000247953634243, 0.00038742122706, 0.000564315530937, 0.000516195956152, 0.00032787543023, 0.000222102593398, 0.000206970755244, 0.000171777704963, 0.000133570676553, 0.000124750004034, 7.947661652e-05, 8.7727457867e-05, 4.39763934992e-05, 5.2869974752e-05, 3.80534074793e-05, 3.4049822716e-05, 3.12345691782e-05, 2.23665410886e-05, 1.88474568859e-05, 1.99135392904e-05, 9.05976321519e-06, 5.8681353039e-06, 4.40006624558e-06, 5.11942016601e-06, 8.43560155772e-06, 1.15078164526e-05, 5.94510720475e-06, 3.69611871065e-06, 2.03702325052e-06, 1.43033309996e-06, 1.03545926322e-06, 7.36211063668e-07, 5.41123199582e-07],
        "min": [4.98410601679e-09, 7.75601236569e-08, 4.77086352646e-08, 1.25360224956e-06, 2.76755463346e-06, 3.1594711345e-06, 2.16454805013e-06, 5.39340362593e-06, 1.59999854077e-06, 1.35501522891e-06, 1.71021758888e-06, 2.50233188126e-06, 1.16310070553e-06, 8.91101137768e-07, 8.44548139867e-07, 8.36842900753e-07, 7.57972316023e-07, 3.13493302428e-07, 3.36136338319e-07, 4.54799959471e-07, 3.94282295701e-07, 2.86508736735e-07, 3.29300803514e-07, 1.00479319087e-07, 1.58122048788e-07, 4.09865776874e-08, 7.23090920474e-08, 4.03685938011e-08, 5.55292629656e-08, 2.38308288658e-08, 4.05680218307e-08, 3.57022642561e-08, 4.01106028391e-08, 2.63923816135e-08, 2.7661024582e-09, 1.7935798402e-09, 1.71989500419e-09, 4.45370823554e-11, 1.1649890037e-12, 2.09629275744e-12],
        "stdev": [0.00288527901284, 0.00285187945701, 0.00130835559685, 0.00056101026712, 0.000907691952307, 0.000684892875142, 0.000404834252549, 0.000307526672259, 0.000638416444417, 0.000837655970827, 0.000702927878592, 0.000442045740783, 0.000251039746217, 0.000311719806632, 0.000281768356217, 0.000195571701624, 0.000201819799258, 0.000120953794976, 0.000145108802826, 5.55757615075e-05, 9.02027459233e-05, 4.80965863972e-05, 4.32948509115e-05, 3.452360761e-05, 2.11027418118e-05, 1.72019354068e-05, 2.82976416202e-05, 9.45765623328e-06, 5.60407488592e-06, 3.82020198231e-06, 5.15519241162e-06, 1.14230069812e-05, 1.7964934159e-05, 8.70787334861e-06, 6.44313377052e-06, 3.00191709357e-06, 1.87626892512e-06, 1.2668239151e-06, 1.02230194443e-06, 9.89593786471e-07]
    },
    "melbands128": {
        "max": [0.0113738002256, 0.0322876796126, 0.0591144189239, 0.0566838607192, 0.0476794093847, 0.024293364957, 0.0136355943978, 0.01948675327, 0.014188086614, 0.00679342960939, 0.00630894117057, 0.0126563813537, 0.0139034874737, 0.0117989908904, 0.0134957013652, 0.0124804023653, 0.0110363280401, 0.010427816771, 0.00564677314833, 0.00970465689898, 0.006161571946, 0.00872097443789, 0.00870273634791, 0.0102307712659, 0.0132558345795, 0.0119745796546, 0.00889518018812, 0.0113503942266, 0.0116091156378, 0.00502813374624, 0.00568552222103, 0.00429705809802, 0.00286745466292, 0.00377295422368, 0.00668088300154, 0.00471894815564, 0.00887119490653, 0.0082820635289, 0.00231213262305, 0.00300447968766, 0.00408707512543, 0.00526274181902, 0.00367950159125, 0.00401233322918, 0.00314030889422, 0.00287730479613, 0.00255212746561, 0.00363980908878, 0.00197652797215, 0.00157647230662, 0.00136570981704, 0.00101018790156, 0.00314412894659, 0.00144007534254, 0.000582439941354, 0.00103850348387, 0.00186457810923, 0.00128785148263, 0.000400592107326, 0.00052704080008, 0.000678704120219, 0.000433181528933, 0.000419762625825, 0.000367193279089, 0.000332896946929, 0.000354078307282, 0.000228751159739, 0.000458136375528, 0.000762060517445, 0.000274742778856, 0.000156511363457, 0.000190654245671, 0.000196192151634, 0.00010476798343, 5.50593904336e-05, 4.25704201916e-05, 0.000117651921755, 9.07136127353e-05, 8.48697163747e-05, 0.000114765389299, 0.000176921661478, 0.000238276421442, 0.000422624725616, 0.000259754306171, 0.000184003714821, 0.000125710168504, 0.00019591129967, 0.000269848445896, 0.00020126295567, 8.06440875749e-05, 5.66303060623e-05, 5.46995943296e-05, 4.72628307762e-05, 4.05221217079e-05, 2.02715837077e-05, 2.85944388452e-05, 3.11195290124e-05, 1.81729683391e-05, 2.02568589884e-05, 2.9256210837e-05, 1.89489746845e-05, 1.89613783732e-05, 2.79217965726e-05, 3.13322561851e-05, 1.88828234968e-05, 1.37429669849e-05, 1.21615121316e-05, 1.25655415104e-05, 8.72235705174e-06, 5.05428442921e-06, 4.81245206174e-06, 4.19929938289e-06, 3.7822021568e-06, 2.48329820352e-06, 2.6004549909e-06, 2.10134794543e-06, 1.28447049974e-06, 1.01732752e-07, 7.85125209291e-08, 1.03210005875e-07, 1.48864188532e-07, 3.27958247226e-08, 3.02370146699e-08, 2.97098843305e-08, 2.91724848722e-08, 2.87747781158e-08, 2.85237309328e-08, 2.83684187252e-08],
        "mean": [0.000351991009666, 0.0012938445434, 0.00237855408341, 0.00227786810137, 0.00132039340679, 0.000840801862068, 0.000673354545143, 0.000572371704038, 0.000470885803225, 0.000319462909829, 0.00039593418478, 0.000505328469444, 0.0006883367314, 0.000706756021827, 0.000468435406219, 0.000415204674937, 0.000297501886962, 0.000175842855242, 0.000234831823036, 0.000305672787363, 0.000185665339814, 0.000291468139039, 0.000419837015215, 0.000482841453049, 0.000462375202915, 0.000626632303465, 0.000751079584006, 0.000428756553447, 0.000440727511887, 0.00032363581704, 0.000304640532704, 0.000289511837764, 0.000226220086915, 0.000136761998874, 0.00025826934143, 0.000201655129786, 0.000164359924383, 0.000231848738622, 0.000126907820231, 9.44161874941e-05, 0.000110649591079, 0.000232928490732, 0.000137089315103, 6.25462707831e-05, 8.11396239442e-05, 7.38158123568e-05, 8.5661013145e-05, 0.000123681762489, 6.61714439048e-05, 5.02100629092e-05, 3.3385847928e-05, 3.79797384085e-05, 8.44535097713e-05, 4.23862693424e-05, 2.56367002294e-05, 4.01037323172e-05, 4.44929246441e-05, 4.22879165853e-05, 2.54761653196e-05, 2.74325120699e-05, 3.87944746763e-05, 2.8426418794e-05, 1.8353568521e-05, 2.21788741328e-05, 2.61131553998e-05, 1.64371194842e-05, 1.35420714287e-05, 2.71068420261e-05, 2.02791925403e-05, 1.25337937789e-05, 9.92114928522e-06, 6.81015626469e-06, 5.52315759705e-06, 6.77629350321e-06, 4.69195128971e-06, 3.94228300138e-06, 4.55468716609e-06, 4.66179108116e-06, 4.81820688947e-06, 5.92349215367e-06, 6.70370400258e-06, 8.51127606438e-06, 1.481813797e-05, 1.31754231916e-05, 7.80193386163e-06, 5.95907476963e-06, 5.74981049795e-06, 4.91122136737e-06, 3.63359345101e-06, 2.79172149931e-06, 2.30543332691e-06, 1.77355263986e-06, 1.644386316e-06, 1.4912362758e-06, 1.28488363771e-06, 1.08840129087e-06, 1.0440880942e-06, 8.38620849208e-07, 7.55633664085e-07, 7.00195698755e-07, 5.58597093914e-07, 5.23185292423e-07, 4.96654934068e-07, 4.30549079056e-07, 3.58427939773e-07, 2.8495873039e-07, 2.47004294351e-07, 2.09822658803e-07, 1.66971787507e-07, 1.34842352395e-07, 1.09815744054e-07, 9.41476230309e-08, 6.90172825557e-08, 5.43988818436e-08, 3.86435665689e-08, 1.96725711277e-08, 7.28013915818e-09, 3.12524728319e-10, 1.49155160445e-10, 1.6619597365e-10, 1.80504458602e-10, 1.08593842252e-10, 5.93054494402e-11, 2.05822095478e-11, 1.91562685853e-11, 1.85032596883e-11, 1.81215476652e-11, 1.79892750002e-11],
        "min": [4.21649515303e-09, 2.8263973384e-09, 1.13521136935e-09, 6.51899645376e-09, 6.68711024332e-08, 2.14277484645e-08, 1.52612251725e-08, 1.56856803102e-08, 7.29361744334e-08, 2.71935192586e-07, 3.83922937885e-08, 8.67046594522e-07, 9.2387966788e-07, 1.14504962312e-06, 1.59727528626e-06, 2.76762307294e-07, 1.15784985155e-06, 1.37954600632e-07, 6.66118353365e-07, 8.52801122164e-07, 6.18354590642e-07, 1.56817588959e-06, 9.69263282968e-07, 1.13687133307e-06, 5.96874770054e-07, 5.17259934441e-07, 1.91149268858e-07, 5.98002202423e-07, 5.40396513315e-07, 1.18649586511e-06, 2.75500752878e-07, 3.90918671656e-07, 4.94044058996e-07, 1.8578495542e-07, 2.82272765162e-07, 4.18709362293e-07, 3.45091052623e-07, 6.09786980021e-07, 4.3761255597e-07, 2.64836558017e-07, 1.752133727e-07, 1.65791959716e-07, 2.95635004477e-07, 9.7460471693e-08, 8.9006235271e-08, 9.95727873487e-08, 1.64806252201e-07, 1.15222903219e-07, 1.05794228489e-07, 8.70198206826e-08, 5.7620042071e-08, 2.00299524522e-07, 1.46160104464e-07, 1.19948765587e-07, 9.10349839955e-08, 1.36574868748e-07, 1.3986493741e-07, 1.19120649344e-07, 2.10585653804e-07, 3.58812037859e-08, 6.43869526584e-08, 5.67375977312e-08, 4.17915373419e-08, 3.44776367456e-08, 2.49465443858e-08, 2.92222743781e-08, 2.2720310966e-08, 1.09836788553e-08, 2.44900686397e-08, 4.25349284683e-08, 1.66340221597e-08, 1.35828290837e-08, 4.02586977089e-08, 6.98744742067e-08, 9.38984889842e-09, 2.68393907099e-09, 1.51410546323e-08, 2.33039134656e-08, 1.7386547313e-08, 1.41159048894e-08, 1.39920679487e-08, 1.86550384029e-08, 4.96961156671e-08, 1.58659911875e-08, 2.30740830887e-08, 2.49127527496e-08, 2.1779941406e-08, 5.7713260837e-09, 1.57017687741e-09, 3.4021935269e-10, 1.06081010642e-09, 2.20311835442e-09, 4.43344277956e-10, 1.71670622162e-09, 1.17388307408e-10, 6.15706314058e-12, 1.01542906028e-12, 1.11341144637e-12, 1.01122550004e-12, 1.06904090615e-12, 1.45047353035e-12, 1.46175747288e-12, 1.58114851507e-12, 1.35881659657e-12, 1.10891753679e-12, 8.59116326257e-13, 6.80008241556e-13, 5.95066856034e-13, 6.05670786961e-13, 6.19774630922e-13, 4.75656894514e-13, 5.60263695246e-13, 5.70238138393e-13, 4.2547936745e-13, 4.59503041086e-13, 5.00626775278e-13, 4.95031478916e-13, 5.09996504663e-13, 3.92889496978e-13, 4.02033874941e-13, 4.35699599229e-13, 4.26495102256e-13, 5.18240073251e-13, 4.23303346585e-13, 3.64025812532e-13, 1.52637275107e-13, 2.01955372049e-14, 8.27033917034e-16],
        "stdev": [0.000959552067798, 0.002830369398, 0.00403108680621, 0.0043447073549, 0.0032872390002, 0.00197373586707, 0.00155870290473, 0.00155547040049, 0.00107275240589, 0.000502553710248, 0.000591551826801, 0.00094163097674, 0.00136911892332, 0.00119581795298, 0.000897187564988, 0.00084117858205, 0.000692068366334, 0.000411534041632, 0.000354123418219, 0.000485782511532, 0.000368584645912, 0.000664651452098, 0.00094578252174, 0.000958668300882, 0.00102586240973, 0.00112467177678, 0.00117774598766, 0.000804239185527, 0.000957851647399, 0.000578647537623, 0.000511229562107, 0.000434292771388, 0.000324927590555, 0.000267723458819, 0.000539207307156, 0.000404515682021, 0.000400933728088, 0.00052916072309, 0.000233313025092, 0.000221973416046, 0.000233332320931, 0.000502228853293, 0.000304451823467, 0.000168753715116, 0.000225531475735, 0.000159939183504, 0.000203112169402, 0.000293786812108, 0.000141696378705, 6.90542074153e-05, 8.71383672347e-05, 6.80928715155e-05, 0.000205849530175, 7.92152422946e-05, 3.65626474377e-05, 5.85366105952e-05, 0.000114879185276, 8.2842525444e-05, 3.68887813238e-05, 4.08811174566e-05, 6.12870135228e-05, 4.11964319937e-05, 2.85239439108e-05, 3.02249136439e-05, 3.58113793482e-05, 2.46515683102e-05, 1.72714608198e-05, 4.81299975945e-05, 4.28481434938e-05, 2.01485236175e-05, 1.45308858919e-05, 1.06584930109e-05, 7.50351728129e-06, 9.18198747968e-06, 5.3558919717e-06, 4.06604794989e-06, 5.26816302227e-06, 5.24181723449e-06, 5.8486693888e-06, 8.97787595022e-06, 1.17834315461e-05, 1.54372664838e-05, 3.2743497286e-05, 2.69892607321e-05, 1.43490697155e-05, 1.03610827864e-05, 1.04942928374e-05, 1.08487920443e-05, 6.99679958416e-06, 4.51090181741e-06, 3.57125577466e-06, 3.05225717057e-06, 2.48206742981e-06, 2.17699107452e-06, 1.72662805653e-06, 1.47422281316e-06, 1.42471265008e-06, 1.1269338529e-06, 1.09325856101e-06, 1.22059054775e-06, 1.05701690245e-06, 9.65286062637e-07, 1.14601448331e-06, 1.34981667088e-06, 1.03271247553e-06, 8.84076655439e-07, 5.91082198298e-07, 5.66697508475e-07, 4.01698429187e-07, 2.86094604007e-07, 2.40975396082e-07, 2.27393201158e-07, 1.65527126228e-07, 1.35931585987e-07, 1.22028652072e-07, 8.85203164103e-08, 4.59523015195e-08, 3.4033718066e-09, 2.4802944143e-09, 2.94081559105e-09, 3.63609586884e-09, 1.54449242284e-09, 9.78176872835e-10, 6.54599874306e-10, 6.42214725843e-10, 6.33466168409e-10, 6.27943752551e-10, 6.24525264836e-10]
    },
    "mfcc": {
        "mean": [-587.489562988, 112.677772522, -15.6021299362, 12.1875686646, -7.74652290344, 8.82922744751, -3.56712722778, 14.3598527908, -1.91386044025, 3.89330768585, 3.54808402061, -2.37034797668, 1.37596476078],
        "cov": [[1804.68310547, -654.131469727, -61.5498046875, -221.380157471, 70.6077575684, 21.4904251099, 248.592056274, -78.9018325806, 72.2306518555, -32.3310508728, -4.35339593887, -136.621063232, 59.0493736267], [-654.131469727, 579.310241699, 123.577613831, 269.413543701, 91.5219039917, 49.9747161865, -68.6659393311, 26.8475799561, -44.1366386414, 26.5992889404, -19.9708652496, 61.2809906006, -2.30394363403], [-61.5498046875, 123.577613831, 400.769958496, 273.920623779, 148.388870239, 98.3433761597, -8.69863510132, -15.4030828476, -64.7969970703, -22.8224029541, -6.91124105453, 29.8195514679, 73.7111358643], [-221.380157471, 269.413543701, 273.920623779, 431.903778076, 187.263153076, 122.805709839, -25.3067626953, -5.28826761246, -69.2735137939, 1.97341024876, -4.01216125488, 40.5038795471, 79.5043792725], [70.6077575684, 91.5219039917, 148.388870239, 187.263153076, 241.894821167, 60.3594169617, 7.23639392853, -39.901966095, 5.37802791595, -1.14041256905, -41.2849311829, 16.2622661591, 51.1537780762], [21.4904251099, 49.9747161865, 98.3433761597, 122.805709839, 60.3594169617, 160.113510132, 48.4367866516, 8.66635036469, -16.7548847198, 18.7581996918, 23.7064971924, -10.7469558716, 36.1776390076], [248.592056274, -68.6659393311, -8.69863510132, -25.3067626953, 7.23639392853, 48.4367866516, 175.173706055, 4.89500236511, 21.590341568, 5.48807859421, 10.9067878723, -17.0634975433, 11.2542457581], [-78.9018325806, 26.8475799561, -15.4030828476, -5.28826761246, -39.901966095, 8.66635036469, 4.89500236511, 83.326423645, 9.39217376709, 6.65355539322, 19.9859752655, 0.0798787027597, -14.9304037094], [72.2306518555, -44.1366386414, -64.7969970703, -69.2735137939, 5.37802791595, -16.7548847198, 21.590341568, 9.39217376709, 97.1176147461, 21.6501903534, -12.6738996506, -7.12063550949, -11.802233696], [-32.3310508728, 26.5992889404, -22.8224029541, 1.97341024876, -1.14041256905, 18.7581996918, 5.48807859421, 6.65355539322, 21.6501903534, 70.5900802612, 19.8532314301, 0.10086171329, -12.2016391754], [-4.35339593887, -19.9708652496, -6.91124105453, -4.01216125488, -41.2849311829, 23.7064971924, 10.9067878723, 19.9859752655, -12.6738996506, 19.8532314301, 91.7366943359, -5.97241353989, 9.05784225464], [-136.621063232, 61.2809906006, 29.8195514679, 40.5038795471, 16.2622661591, -10.7469558716, -17.0634975433, 0.0798787027597, -7.12063550949, 0.10086171329, -5.97241353989, 68.4832077026, 7.63427352905], [59.0493736267, -2.30394363403, 73.7111358643, 79.5043792725, 51.1537780762, 36.1776390076, 11.2542457581, -14.9304037094, -11.802233696, -12.2016391754, 9.05784225464, 7.63427352905, 95.5768280029]],
        "icov": [[0.00142731959932, 0.00135651126038, -2.64645877905e-05, 0.000105671861093, -0.000957364623901, 0.000258015672443, -0.00135566864628, 0.000409431784647, 4.90576749144e-05, 1.38099414926e-06, 8.89142756932e-05, 0.00157028844114, -0.000405922182836], [0.00135651126038, 0.00431185076013, 0.000374363095034, -0.00202721660025, -0.000855763733853, 0.000187795230886, -0.000652158865705, -0.000592061260249, 0.000495103362482, -0.00104281946551, 0.000922428560443, -9.54695406108e-06, 0.0008760416531], [-2.64645877905e-05, 0.000374363095034, 0.00505841476843, -0.00225526606664, -0.00106163159944, -0.00105748500209, 0.000190428181668, -0.000167655540281, 0.00139617593959, 0.00123381486628, 0.000107824089355, -0.000893164600711, -0.000688876898494], [0.000105671861093, -0.00202721660025, -0.00225526606664, 0.00817870534956, -0.00345774390735, -0.00214810110629, 0.000676596770063, -0.00125480291899, 0.00292066438124, -0.000806653988548, -0.000276423001196, -0.000621742510702, -0.00245662406087], [-0.000957364623901, -0.000855763733853, -0.00106163159944, -0.00345774390735, 0.00961676612496, -0.000954850809649, 0.000481452589156, 0.00324320257641, -0.00374335888773, -7.59789036238e-05, 0.00285343918949, -0.00101286056451, -0.000731205800548], [0.000258015672443, 0.000187795230886, -0.00105748500209, -0.00214810110629, -0.000954850809649, 0.0110634351149, -0.00314186513424, -0.00131677277386, 0.000952959584538, -0.00290923449211, -0.00162578839809, 0.00338073424064, -0.00143455457874], [-0.00135566864628, -0.000652158865705, 0.000190428181668, 0.000676596770063, 0.000481452589156, -0.00314186513424, 0.00839517544955, -0.000751434010454, -0.00126814609393, 0.000399690034101, -0.000309217401082, -0.00127406639513, -3.66861750081e-05], [0.000409431784647, -0.000592061260249, -0.000167655540281, -0.00125480291899, 0.00324320257641, -0.00131677277386, -0.000751434010454, 0.0155540062115, -0.00379546266049, 0.00171134388074, -0.00278141349554, 9.54503848334e-05, 0.00219248631038], [4.90576749144e-05, 0.000495103362482, 0.00139617593959, 0.00292066438124, -0.00374335888773, 0.000952959584538, -0.00126814609393, -0.00379546266049, 0.0160065535456, -0.00562900025398, 0.00296188751236, 0.000128743442474, -0.00135850091465], [1.38099414926e-06, -0.00104281946551, 0.00123381486628, -0.000806653988548, -7.59789036238e-05, -0.00290923449211, 0.000399690034101, 0.00171134388074, -0.00562900025398, 0.0193476062268, -0.00523198256269, -0.00091415818315, 0.00339934206568], [8.89142756932e-05, 0.000922428560443, 0.000107824089355, -0.000276423001196, 0.00285343918949, -0.00162578839809, -0.000309217401082, -0.00278141349554, 0.00296188751236, -0.00523198256269, 0.0153140816838, 0.000445939018391, -0.00298492400907], [0.00157028844114, -9.54695406108e-06, -0.000893164600711, -0.000621742510702, -0.00101286056451, 0.00338073424064, -0.00127406639513, 9.54503848334e-05, 0.000128743442474, -0.00091415818315, 0.000445939018391, 0.0192318297923, -0.0020162393339], [-0.000405922182836, 0.0008760416531, -0.000688876898494, -0.00245662406087, -0.000731205800548, -0.00143455457874, -3.66861750081e-05, 0.00219248631038, -0.00135850091465, 0.00339934206568, -0.00298492400907, -0.0020162393339, 0.0153008019552]]
    },
    "spectral_contrast_coeffs": {
        "max": [-0.461941570044, -0.511440575123, -0.539987564087, -0.633065223694, -0.64208483696, -0.470876216888],
        "mean": [-0.735801398754, -0.751293957233, -0.745920836926, -0.777423560619, -0.773512303829, -0.722882866859],
        "min": [-0.876406729221, -0.903539001942, -0.900286138058, -0.873315930367, -0.864104032516, -0.832809567451],
        "stdev": [0.0644930377603, 0.0684254616499, 0.0521449111402, 0.0426535196602, 0.0332442484796, 0.042431473732]
    },
    "spectral_contrast_valleys": {
        "max": [-4.5471868515, -4.77097988129, -4.88375711441, -5.79194021225, -6.03383636475, -7.86345815659],
        "mean": [-6.54019165039, -6.26067304611, -6.50318813324, -6.93459653854, -7.04583883286, -9.90948390961],
        "min": [-10.3951368332, -7.74540519714, -8.37058830261, -8.94267177582, -9.1598815918, -14.6976413727],
        "stdev": [0.779831767082, 0.422199547291, 0.632996737957, 0.554210543633, 0.546129524708, 0.859027445316]
    }
},
"rhythm": {
    "beats_count": 102,
    "beats_loudness": {
        "max": 0.109537780285,
        "mean": 0.0394012071192,
        "min": 0.00757081061602,
        "stdev": 0.0181320719421
    },
    "bpm": 130.040435791,
    "bpm_histogram_first_peak_bpm": 129,
    "bpm_histogram_first_peak_weight": 0.529411792755,
    "bpm_histogram_second_peak_bpm": 112,
    "bpm_histogram_second_peak_spread": 0.111111104488,
    "bpm_histogram_second_peak_weight": 0.079207919538,
    "danceability": 0.935820102692,
    "onset_rate": 1.81750059128,
    "beats_loudness_band_ratio": {
        "max": [0.911916673183, 0.834340691566, 0.648821592331, 0.631073653698, 0.419960588217, 0.196046486497],
        "mean": [0.362489372492, 0.1335516572, 0.215257778764, 0.177850916982, 0.0927546992898, 0.0483013987541],
        "min": [0.000817601277959, 0.00280982791446, 0.0123911146075, 0.00849341973662, 0.0104205943644, 0.00332312798128],
        "stdev": [0.241159066558, 0.127238690853, 0.157130852342, 0.14145489037, 0.0694857239723, 0.0397940650582]
    },
