{
"metadata": {
    "version": {
        "essentia": "2.1-beta5",
        "essentia_git_sha": "Undefined",
        "extractor": "music 2.0"
    },
    "audio_properties": {
        "analysis": {
            "equal_loudness": 0,
            "length": 12.7477550507,
            "sample_rate": 44100,
            "start_time": 0,
            "downmix": "mix"
        },
        "bit_rate": 192000,
        "length": 191.48336792,
        "lossless": 0,
        "number_channels": 2,
        "replay_gain": 2.06628990173,
        "sample_rate": 48000,
        "codec": "mp3",
        "md5_encoded": "b40f8669967fc666a17cdccc367cc57b"
    },
    "tags": {
        "file_name": "Ireland_Together_Ryan O_Shaughnessy.mp3",
        "encoding": ["Lavf58.29.100"]
    }
},
"lowlevel": {
    "average_loudness": 0.643118977547,
    "barkbands_crest": {
        "max": 22.8899593353,
        "mean": 11.1831941605,
        "min": 3.79519629478,
        "stdev": 3.861577034
    },
    "barkbands_flatness_db": {
        "max": 0.34770283103,
        "mean": 0.197138383985,
        "min": 0.0739041268826,
        "stdev": 0.0450719818473
    },
    "barkbands_kurtosis": {
        "max": 26.3272075653,
        "mean": 4.0511636734,
        "min": -1.2305945158,
        "stdev": 4.26418590546
    },
    "barkbands_skewness": {
        "max": 4.82013082504,
        "mean": 1.38552153111,
        "min": -0.874959468842,
        "stdev": 1.11225497723
    },
    "barkbands_spread": {
        "max": 31.2954673767,
        "mean": 10.3233118057,
        "min": 2.877140522,
        "stdev": 5.55473184586
    },
    "dissonance": {
        "max": 0.5,
        "mean": 0.476994305849,
        "min": 0.318364053965,
        "stdev": 0.0236280970275
    },
    "dynamic_complexity": 2.83323526382,
    "erbbands_crest": {
        "max": 25.9059429169,
        "mean": 11.1322603226,
        "min": 4.42774534225,
        "stdev": 3.42157912254
    },
    "erbbands_flatness_db": {
        "max": 0.357410788536,
        "mean": 0.25648277998,
        "min": 0.10134202987,
        "stdev": 0.0420923344791
    },
    "erbbands_kurtosis": {
        "max": 11.456193924,
        "mean": 2.47152471542,
        "min": -0.78778219223,
        "stdev": 1.72840642929
    },
    "erbbands_skewness": {
        "max": 3.02368736267,
        "mean": 1.07357609272,
        "min": -0.766015350819,
        "stdev": 0.686239540577
    },
    "erbbands_spread": {
        "max": 44.4912719727,
        "mean": 14.4444761276,
        "min": 6.13193225861,
        "stdev": 4.94750881195
    },
    "hfc": {
        "max": 93.054901123,
        "mean": 26.3625679016,
        "min": 0.000236865933402,
        "stdev": 16.6423358917
    },
    "loudness_ebu128": {
        "integrated": -22.8928508759,
        "loudness_range": 4.71055412292,
        "momentary": {
            "max": -20.9976806641,
            "mean": -24.7859535217,
            "min": -36.7867431641,
            "stdev": 4.48133230209
        },
        "short_term": {
            "max": -21.8556632996,
            "mean": -23.30286026,
            "min": -32.0032577515,
            "stdev": 2.29558444023
        }
    },
    "melbands_crest": {
        "max": 37.4570922852,
        "mean": 14.8067321777,
        "min": 4.60478258133,
        "stdev": 7.05897760391
    },
    "melbands_flatness_db": {
        "max": 0.407092124224,
        "mean": 0.219664484262,
        "min": 0.123842902482,
        "stdev": 0.0566653646529
    },
    "melbands_kurtosis": {
        "max": 67.1374130249,
        "mean": 7.64344835281,
        "min": -0.989852666855,
        "stdev": 8.57257175446
    },
    "melbands_skewness": {
        "max": 7.21404218674,
        "mean": 1.78472840786,
        "min": -0.508168160915,
        "stdev": 1.38824725151
    },
    "melbands_spread": {
        "max": 38.6942710876,
        "mean": 14.6537914276,
        "min": 3.50181174278,
        "stdev": 8.24586296082
    },
    "pitch_salience": {
        "max": 0.972068071365,
        "mean": 0.618069827557,
        "min": 0.125256821513,
        "stdev": 0.169682085514
    },
    "silence_rate_20dB": {
        "max": 1,
        "mean": 1,
        "min": 1,
        "stdev": 0
    },
    "silence_rate_30dB": {
        "max": 1,
        "mean": 0.905454516411,
        "min": 0,
        "stdev": 0.292585521936
    },
    "silence_rate_60dB": {
        "max": 1,
        "mean": 0.0599999986589,
        "min": 0,
        "stdev": 0.237486705184
    },
    "spectral_centroid": {
        "max": 2013.46557617,
        "mean": 1128.515625,
        "min": 498.422851562,
        "stdev": 202.112884521
    },
    "spectral_complexity": {
        "max": 37,
        "mean": 23.330909729,
        "min": 0,
        "stdev": 8.57032680511
    },
    "spectral_decrease": {
        "max": -3.94009809859e-14,
        "mean": -1.11458522412e-08,
        "min": -7.43569543715e-08,
        "stdev": 1.2160080054e-08
    },
    "spectral_energy": {
        "max": 0.282813817263,
        "mean": 0.0444582141936,
        "min": 1.70192805626e-07,
        "stdev": 0.0463803224266
    },
    "spectral_energyband_high": {
        "max": 0.00228267745115,
        "mean": 0.000230989127886,
        "min": 9.18627174329e-10,
        "stdev": 0.000219117413508
    },
    "spectral_energyband_low": {
        "max": 0.25968760252,
        "mean": 0.018526468426,
        "min": 3.07640224406e-09,
        "stdev": 0.0455032363534
    },
    "spectral_energyband_middle_high": {
        "max": 0.0644161105156,
        "mean": 0.012542755343,
        "min": 1.20466978615e-07,
        "stdev": 0.00894363969564
    },
    "spectral_energyband_middle_low": {
        "max": 0.0676435530186,
        "mean": 0.0144934961572,
        "min": 4.78981441177e-08,
        "stdev": 0.0117681818083
    },
    "spectral_entropy": {
        "max": 8.32392597198,
        "mean": 7.50416898727,
        "min": 6.79885959625,
        "stdev": 0.199323087931
    },
    "spectral_flux": {
        "max": 0.273554295301,
        "mean": 0.100850515068,
        "min": 0.000412544293795,
        "stdev": 0.0442873351276
    },
    "spectral_kurtosis": {
        "max": 30.9211006165,
        "mean": 6.07582807541,
        "min": 0.930081367493,
        "stdev": 2.74738645554
    },
    "spectral_rms": {
        "max": 0.0166107174009,
        "mean": 0.00586857320741,
        "min": 1.28857191157e-05,
        "stdev": 0.00298893591389
    },
    "spectral_rolloff": {
        "max": 2583.984375,
        "mean": 1112.56237793,
        "min": 43.06640625,
        "stdev": 422.23236084
    },
    "spectral_skewness": {
        "max": 4.41809606552,
        "mean": 1.80404877663,
        "min": 1.01094639301,
        "stdev": 0.301448643208
    },
    "spectral_spread": {
        "max": 17652796,
        "mean": 2949994.5,
        "min": 1911848.625,
        "stdev": 828052.0625
    },
    "spectral_strongpeak": {
        "max": 7.32030439377,
        "mean": 1.35935473442,
        "min": 0,
        "stdev": 1.20131039619
    },
    "zerocrossingrate": {
        "max": 0.21826171875,
        "mean": 0.0448783747852,
        "min": 0.00634765625,
        "stdev": 0.0168209355325
    },
    "barkbands": {
        "max": [0.0873435586691, 0.18282315135, 0.0174708534032, 0.00386002566665, 0.0114779742435, 0.00624313531443, 0.00323081971146, 0.0100240055472, 0.0467469878495, 0.0551906004548, 0.0101696969941, 0.00877677742392, 0.0117599330842, 0.0150839285925, 0.00239974237047, 0.00166219670791, 0.00266933511011, 0.00267257890664, 0.00160048436373, 0.000610379967839, 0.000365511659766, 0.000630165741313, 0.000375552481273, 0.000288294977508, 0.000261039444013, 0.000273855781415, 1.5537485524e-05],
        "mean": [0.00376944593154, 0.0138914799318, 0.000988972024061, 0.000209493678994, 0.000397878582589, 0.000449066399597, 0.000387979118386, 0.00130983092822, 0.00849721208215, 0.00699487933889, 0.00177731877193, 0.00084748538211, 0.00175588484854, 0.00128390139434, 0.00057200685842, 0.000357234355761, 0.00029084974085, 0.000233018188737, 0.000160546580446, 8.9877496066e-05, 6.80107114022e-05, 5.30436082045e-05, 3.68437031284e-05, 2.21589980356e-05, 1.06600737126e-05, 3.05385879074e-06, 8.74013323937e-08],
        "min": [1.05960107355e-09, 1.48216350304e-09, 7.52970463758e-10, 5.72621450257e-10, 1.65293845278e-09, 4.62875870966e-09, 8.16148215677e-09, 1.09220010813e-08, 1.71375678093e-08, 1.55625414777e-08, 7.93297427748e-09, 1.47030554398e-09, 4.57000393084e-09, 2.25968381784e-08, 4.44545271705e-08, 1.95126368396e-08, 4.35080727001e-09, 1.1488723306e-09, 1.21703991329e-09, 1.25164725806e-10, 1.12472198222e-10, 5.8720445173e-10, 4.66959734768e-11, 5.36229567694e-11, 2.54930642568e-11, 2.34217124861e-11, 2.59637415734e-11],
        "stdev": [0.012141383253, 0.0345248281956, 0.00223696813919, 0.000458892376628, 0.000915658718441, 0.000750387902372, 0.000397128431359, 0.00142171583138, 0.0081241633743, 0.0074010444805, 0.001747491071, 0.000906470115297, 0.00189843238331, 0.00145568407606, 0.000440251460532, 0.000305528141325, 0.000264471396804, 0.00022924154473, 0.000144604884554, 7.6107608038e-05, 5.72957214899e-05, 5.39043539902e-05, 4.06743347412e-05, 3.26352419506e-05, 2.14331812458e-05, 1.53945675265e-05, 8.97751704088e-07]
    },
    "erbbands": {
        "max": [12.9038562775, 34.6092796326, 41.4996833801, 9.72602653503, 15.1983366013, 45.2679862976, 56.6270904541, 76.5382232666, 33.0508499146, 64.7908859253, 279.477630615, 1359.18774414, 2041.7902832, 820.628356934, 267.720947266, 394.745819092, 628.619995117, 699.446350098, 201.25642395, 114.729743958, 100.758613586, 142.569061279, 173.566513062, 113.365333557, 44.0167922974, 32.2646408081, 18.9352073669, 15.6096439362, 22.1433353424, 13.2956514359, 10.462638855, 8.7657585144, 4.51993989944, 2.38679528236, 2.59120202065, 0.992419719696, 0.571188271046, 0.0936947613955, 0.00190066616051, 0.000305998459226],
        "mean": [0.651426196098, 2.01984763145, 2.03979492188, 0.800210654736, 0.713235557079, 1.46075975895, 2.86114668846, 4.05201721191, 4.40451860428, 11.7664833069, 49.5757637024, 190.088760376, 269.415557861, 127.333518982, 55.9889793396, 40.3658370972, 83.3454818726, 73.690536499, 40.8977470398, 24.1489524841, 19.1771888733, 16.5062923431, 13.0509309769, 10.0477056503, 6.77510070801, 4.24856901169, 2.95897603035, 2.54869794846, 1.90785980225, 1.42365550995, 0.999241292477, 0.58656257391, 0.311419159174, 0.149227514863, 0.0598172545433, 0.0180171784014, 0.00477940356359, 0.000659620913211, 3.71921742044e-05, 5.1792107115e-05],
        "min": [5.68723912409e-08, 2.87919220909e-07, 8.09901621324e-07, 1.55484542574e-06, 2.63871220341e-06, 5.96385780227e-06, 1.73573080247e-05, 4.55324552604e-05, 9.4652394182e-05, 0.000170318235178, 0.000272813544143, 0.000382823840482, 0.000473761640023, 0.000456727691926, 0.000236747873714, 5.4010481108e-05, 0.000184490185347, 0.000868812843692, 0.00216346583329, 0.00176185474265, 0.000863799825311, 0.000253081263509, 5.93535187363e-05, 8.52712910273e-05, 3.85326602554e-05, 6.13753127254e-06, 4.57711666968e-06, 7.87127009971e-06, 2.31689082284e-05, 7.26962616682e-06, 1.30855130465e-06, 1.68584210769e-06, 4.34666304727e-07, 3.31407449039e-07, 1.66470115914e-07, 9.60560555541e-08, 4.24379571484e-08, 1.65055276113e-08, 3.80642584119e-09, 5.63504132245e-10],
        "stdev": [1.92087209225, 5.32164669037, 5.18035125732, 1.44565618038, 1.48305940628, 3.54621315002, 5.61333274841, 8.340675354, 4.1140999794, 10.5723972321, 47.8527030945, 188.649307251, 282.697174072, 109.731704712, 49.8352813721, 40.4404525757, 95.1594619751, 74.8785476685, 31.0739707947, 18.0945911407, 16.6795692444, 14.4777412415, 12.9630861282, 9.28296089172, 5.29683017731, 3.71365308762, 2.44734311104, 2.18567824364, 1.96652495861, 1.41533899307, 1.1752743721, 0.84425753355, 0.479063391685, 0.252111792564, 0.159339949489, 0.0632857009768, 0.0308076124638, 0.00546526396647, 0.000113401314593, 5.075682202e-05]
    },
    "gfcc": {
        "mean": [-35.5894584656, 110.719306946, -191.481781006, 2.90631723404, -74.330368042, 18.3899555206, -14.360534668, 8.17898368835, -3.52398514748, -12.6184921265, -8.55165290833, -14.2171640396, 0.224495276809],
        "cov": [[5105.74316406, -919.938415527, 767.428161621, 251.571914673, 215.38230896, 1221.4855957, 53.5484046936, 971.459228516, 17.5548610687, 435.174835205, 50.6302833557, 27.9814319611, 44.5140266418], [-919.938415527, 2299.44458008, 762.596130371, 1039.78808594, 772.16809082, -151.693222046, 509.711914062, -518.51550293, 393.819458008, -270.141326904, 304.552856445, -131.650390625, 73.2981719971], [767.428161621, 762.596130371, 909.135986328, 628.587341309, 548.039550781, 314.040710449, 239.252212524, 114.248184204, 133.962417603, 76.9948654175, 103.43473053, 67.1376724243, 44.3241348267], [251.571914673, 1039.78808594, 628.587341309, 720.093139648, 519.740112305, 230.466003418, 327.261352539, -44.8264541626, 244.942245483, -67.0265808105, 193.333236694, -49.5767173767, 75.9046478271], [215.38230896, 772.16809082, 548.039550781, 519.740112305, 495.490661621, 182.3203125, 296.675933838, 5.57351446152, 207.717575073, 6.98697805405, 130.492416382, 16.4109802246, 40.1625099182], [1221.4855957, -151.693222046, 314.040710449, 230.466003418, 182.3203125, 522.264099121, 119.772224426, 346.59185791, 99.1038894653, 117.261917114, 77.987701416, -22.2596054077, 62.2760505676], [53.5484046936, 509.711914062, 239.252212524, 327.261352539, 296.675933838, 119.772224426, 291.901519775, 2.84829688072, 209.285293579, -32.7280960083, 126.584487915, -21.2586154938, 47.1715202332], [971.459228516, -518.51550293, 114.248184204, -44.8264541626, 5.57351446152, 346.59185791, 2.84829688072, 376.17199707, 5.67940759659, 161.876480103, -7.22091150284, 47.6355514526, 30.0835819244], [17.5548610687, 393.819458008, 133.962417603, 244.942245483, 207.717575073, 99.1038894653, 209.285293579, 5.67940759659, 225.49937439, -16.1172409058, 131.378952026, -33.0455932617, 56.9907226562], [435.174835205, -270.141326904, 76.9948654175, -67.0265808105, 6.98697805405, 117.261917114, -32.7280960083, 161.876480103, -16.1172409058, 147.590072632, -17.4265022278, 64.1652603149, -4.96618127823], [50.6302833557, 304.552856445, 103.43473053, 193.333236694, 130.492416382, 77.987701416, 126.584487915, -7.22091150284, 131.378952026, -17.4265022278, 124.35836792, -24.9234390259, 53.268787384], [27.9814319611, -131.650390625, 67.1376724243, -49.5767173767, 16.4109802246, -22.2596054077, -21.2586154938, 47.6355514526, -33.0455932617, 64.1652603149, -24.9234390259, 114.280227661, 1.34419858456], [44.5140266418, 73.2981719971, 44.3241348267, 75.9046478271, 40.1625099182, 62.2760505676, 47.1715202332, 30.0835819244, 56.9907226562, -4.96618127823, 53.268787384, 1.34419858456, 67.978302002]],
        "icov": [[0.000584671332035, -0.000125791950268, -0.000454697670648, 0.00017399895296, 0.000726889469661, -0.00121989229228, -0.00011097521201, -0.000339252204867, 0.000194909836864, -0.00034580056672, -0.000347152643371, -1.91849289877e-06, 0.000853621982969], [-0.000125791950268, 0.0083500193432, -0.00311539345421, -0.00467695388943, -0.00505951279774, 0.00636518746614, -0.000754643871915, 0.00554906576872, -0.000639881996904, -2.21131676881e-06, -0.00498297857121, 0.00771905947477, -0.00215316354297], [-0.000454697670648, -0.00311539345421, 0.00978944078088, -0.00510176690295, -0.00374953821301, -0.00150049827062, 0.00258047622629, -0.00323433196172, 0.00320096453652, -0.00288235442713, 0.00491022970527, -0.00574771780521, -0.000427074701292], [0.00017399895296, -0.00467695388943, -0.00510176690295, 0.020568838343, -0.00525538250804, -0.00721619650722, 0.00119237485342, 0.000222349131946, 0.000103821606899, 0.00816249474883, -0.00624171830714, 6.00009916525e-05, -0.000522433605511], [0.000726889469661, -0.00505951279774, -0.00374953821301, -0.00525538250804, 0.0277790464461, -0.00719182705507, -0.0107533009723, 0.00178874819539, -0.00450751883909, -0.00669337669387, 0.00871345214546, -0.00994443334639, 0.00679772393778], [-0.00121989229228, 0.00636518746614, -0.00150049827062, -0.00721619650722, -0.00719182705507, 0.0209923665971, 0.000279022118775, -0.00908235087991, 0.00203351560049, -0.000239470959059, -0.00619400199503, 0.0137760275975, -0.00532621145248], [-0.00011097521201, -0.000754643871915, 0.00258047622629, 0.00119237485342, -0.0107533009723, 0.000279022118775, 0.0203219056129, -0.00495375972241, -0.00945833045989, 0.00810900516808, -0.00234367907979, -0.00222522416152, 0.00246297148988], [-0.000339252204867, 0.00554906576872, -0.00323433196172, 0.000222349131946, 0.00178874819539, -0.00908235087991, -0.00495375972241, 0.0243952590972, -0.00285025476478, -0.00769534660503, 0.00291439914145, -0.000459604721982, -0.00444271881133], [0.000194909836864, -0.000639881996904, 0.00320096453652, 0.000103821606899, -0.00450751883909, 0.00203351560049, -0.00945833045989, -0.00285025476478, 0.0236595422029, -0.00480926036835, -0.0111146038398, 0.00502342125401, -0.00459234789014], [-0.00034580056672, -2.21131676881e-06, -0.00288235442713, 0.00816249474883, -0.00669337669387, -0.000239470959059, 0.00810900516808, -0.00769534660503, -0.00480926036835, 0.0253404229879, -0.00709279859439, -0.00629495130852, 0.00651210872456], [-0.000347152643371, -0.00498297857121, 0.00491022970527, -0.00624171830714, 0.00871345214546, -0.00619400199503, -0.00234367907979, 0.00291439914145, -0.0111146038398, -0.00709279859439, 0.0369670577347, -0.00641031004488, -0.00981011800468], [-1.91849289877e-06, 0.00771905947477, -0.00574771780521, 6.00009916525e-05, -0.00994443334639, 0.0137760275975, -0.00222522416152, -0.000459604721982, 0.00502342125401, -0.00629495130852, -0.00641031004488, 0.0286398269236, -0.00985324941576], [0.000853621982969, -0.00215316354297, -0.000427074701292, -0.000522433605511, 0.00679772393778, -0.00532621145248, 0.00246297148988, -0.00444271881133, -0.00459234789014, 0.00651210872456, -0.00981011800468, -0.00985324941576, 0.0306633356959]]
    },
    "melbands": {
        "max": [0.0804188549519, 0.0302190594375, 0.00166747032199, 0.00169144105166, 0.00230035791174, 0.00147942185868, 0.000569256604649, 0.00104051060043, 0.0033581724856, 0.00833249464631, 0.0104177035391, 0.0043395566754, 0.00124649342615, 0.000624092528597, 0.00109791452996, 0.0011279147584, 0.00160373875406, 0.000472352985526, 0.000166470141266, 0.000141139607877, 0.000142592718475, 0.000162019889103, 0.000196519045858, 0.000123553458252, 9.05056585907e-05, 5.3863703215e-05, 2.16035314224e-05, 1.90238370124e-05, 1.27211069412e-05, 9.88792453427e-06, 1.09236352728e-05, 1.64966295415e-05, 8.64782487042e-06, 7.41248959457e-06, 7.1474332799e-06, 4.34291541751e-06, 5.27003294337e-06, 3.96941914005e-06, 2.3956717996e-06, 2.22404696615e-06],
        "mean": [0.00481374468654, 0.00159413414076, 0.000133364475914, 7.26640937501e-05, 9.74688882707e-05, 8.78230566741e-05, 6.98902076692e-05, 0.000149048661115, 0.000496947031934, 0.00128944218159, 0.00134521955624, 0.000540021283086, 0.000222156959353, 9.13008261705e-05, 0.000146943799336, 0.000171617430169, 0.000134738133056, 6.94311893312e-05, 3.9373531763e-05, 2.61164786934e-05, 2.17173237615e-05, 1.76492267201e-05, 1.32694694912e-05, 1.08360200102e-05, 7.89723344496e-06, 5.50286540602e-06, 3.96149198423e-06, 2.48594324148e-06, 1.79758762897e-06, 1.75132652203e-06, 1.395051072e-06, 1.13629880616e-06, 8.93177798389e-07, 7.42755389638e-07, 6.06355115451e-07, 4.49075486131e-07, 3.19787176295e-07, 2.31827428365e-07, 1.61757313322e-07, 1.12609981784e-07],
        "min": [5.10570807855e-10, 4.10107059423e-10, 2.94652274802e-10, 2.90900581401e-10, 5.44353229159e-10, 1.02165453875e-09, 1.51688683836e-09, 1.97271443625e-09, 2.31979013776e-09, 2.45387199449e-09, 2.37017605542e-09, 1.89969040498e-09, 9.58883195068e-10, 2.46212633614e-10, 7.64383140117e-11, 6.64595656286e-10, 1.68749858531e-09, 3.32884542154e-09, 3.23833049265e-09, 1.71793490544e-09, 8.22592882699e-10, 2.90125701241e-10, 5.61682714229e-11, 5.91514962012e-11, 7.20644446894e-11, 3.86749868242e-11, 1.10623905869e-11, 2.41870954688e-12, 2.77461083623e-12, 2.31324334687e-12, 5.489510322e-12, 1.49068656724e-11, 9.25300374516e-12, 1.92380031176e-12, 5.31590559332e-13, 1.20484481766e-12, 8.32748204161e-13, 1.64048733365e-13, 4.27810808697e-13, 2.3301892642e-13],
        "stdev": [0.0129113942385, 0.00418378412724, 0.000237696658587, 0.00015520209854, 0.000198937326786, 0.000163331729709, 6.78629512549e-05, 0.000144668796565, 0.000487665383844, 0.00126376620028, 0.00141697109211, 0.000507145596202, 0.000216684333282, 9.12071409402e-05, 0.000166227458976, 0.000180568182259, 0.000156697889906, 5.88256807532e-05, 3.11870171572e-05, 2.15601376112e-05, 2.02088795049e-05, 1.62403266586e-05, 1.38539453474e-05, 1.09446600618e-05, 7.83579707786e-06, 5.21034826306e-06, 3.25287305714e-06, 2.26885299526e-06, 1.53073756337e-06, 1.55659859047e-06, 1.27218379475e-06, 1.29326429033e-06, 8.81105449935e-07, 7.57302473176e-07, 7.32932505798e-07, 5.80348000767e-07, 4.93158665904e-07, 3.74986797169e-07, 2.51553700537e-07, 2.046103873e-07]
    },
    "melbands128": {
        "max": [0.0781127437949, 0.144102647901, 0.0769663378596, 0.0648128241301, 0.0338967069983, 0.00576338777319, 0.00213922117837, 0.00198928895406, 0.0018342200201, 0.00137441174593, 0.00264084944502, 0.00401006592438, 0.00258607370779, 0.00127264054026, 0.00290465238504, 0.0010628598975, 0.000416787079303, 0.000713221088517, 0.00103227421641, 0.000882043910678, 0.00169728207402, 0.00262238318101, 0.00314303021878, 0.00918899942189, 0.0143496161327, 0.00943672563881, 0.0125684877858, 0.0166145842522, 0.0158672891557, 0.00612180028111, 0.00248275953345, 0.00256544328295, 0.00199944037013, 0.0012481828453, 0.00154170615133, 0.000784193223808, 0.00214584870264, 0.00126959185582, 0.00287847034633, 0.00212944368832, 0.00139763473999, 0.000888623995706, 0.00138284161221, 0.00402904069051, 0.000537984946277, 0.000367635191651, 0.000295509002171, 0.000308304151986, 0.000237467960687, 0.00017946002481, 0.000163260323461, 0.000172766114702, 0.000189865924767, 0.000259681924945, 0.000190362290596, 0.000183901007404, 0.000158339986228, 0.000184383883607, 0.000251469376963, 0.000159781353432, 0.000136534159537, 8.44185196911e-05, 0.000128427229356, 8.77950369613e-05, 0.00011312308925, 6.89740118105e-05, 3.9456092054e-05, 2.57955725829e-05, 2.86343947664e-05, 6.76096897223e-05, 2.2734326194e-05, 1.44876603372e-05, 2.33180398936e-05, 1.64316297742e-05, 1.33257890411e-05, 1.15883676699e-05, 1.42765493365e-05, 9.43869508774e-06, 1.25898332044e-05, 2.3074564524e-05, 2.74856320175e-05, 1.35990221679e-05, 7.39111919756e-06, 1.15537359306e-05, 8.49925254442e-06, 6.54735322314e-06, 9.85658607533e-06, 7.47326885175e-06, 1.0923418813e-05, 8.304748917e-06, 5.52424307898e-06, 6.4806795308e-06, 8.27518033475e-06, 5.88639568377e-06, 4.05776290791e-06, 4.93892912345e-06, 4.43284488938e-06, 2.80247945739e-06, 3.0189107747e-06, 2.26082488552e-06, 1.76397145424e-06, 2.73877139989e-06, 2.60445108324e-06, 3.65092796528e-06, 4.2374495024e-06, 2.46377817348e-06, 2.48766355071e-06, 1.93781033886e-06, 1.4648146589e-06, 7.83477389632e-07, 2.15386216951e-06, 2.82526843876e-06, 1.29966849727e-06, 1.56803139362e-06, 2.46046056418e-06, 1.04904609088e-06, 4.64323221649e-07, 9.49342151557e-08, 1.72886398531e-08, 7.95727128633e-09, 6.70006006231e-09, 1.60276944494e-10, 1.56684262786e-10, 1.54721305212e-10, 1.54451687551e-10, 1.53815613024e-10, 1.49816228867e-10, 1.48808895761e-10],
        "mean": [0.00351253454573, 0.00660818396136, 0.00431780843064, 0.00335212564096, 0.00154470442794, 0.000371058675228, 0.000149602739839, 8.81325395312e-05, 6.51836817269e-05, 6.26482651569e-05, 8.15277599031e-05, 0.000101455356344, 0.000101005090983, 9.16443532333e-05, 0.000111118766654, 6.7668792326e-05, 5.84973131481e-05, 6.68452339596e-05, 8.75207115314e-05, 0.000111281427962, 0.000177963374881, 0.000267563271336, 0.000432632572483, 0.00080801860895, 0.00127556174994, 0.00142930319998, 0.00152448820882, 0.0015141266631, 0.00106609275099, 0.000618025718722, 0.000351751979906, 0.00034440626041, 0.000241500893026, 0.000119490148791, 8.60870422912e-05, 7.94166116975e-05, 0.000105298546259, 0.000115410795843, 0.000188142934348, 0.000247030693572, 0.000131201173645, 0.000134032743517, 0.00014769640984, 0.000146216290887, 7.00890013832e-05, 6.40397483949e-05, 5.12549668201e-05, 4.0355771489e-05, 3.44199434039e-05, 2.90935731755e-05, 2.53286198131e-05, 2.28607805184e-05, 2.16364242078e-05, 2.21554855671e-05, 1.97448989638e-05, 1.74230590346e-05, 1.61766583915e-05, 1.33714365802e-05, 1.31701326609e-05, 1.05328263089e-05, 1.18330299301e-05, 9.81559151114e-06, 8.92594653124e-06, 7.15123996997e-06, 6.47328806735e-06, 5.6616790971e-06, 4.82271025248e-06, 4.398920737e-06, 3.63416666005e-06, 3.71354008166e-06, 2.3600489385e-06, 1.98694147002e-06, 1.93621667677e-06, 1.68249289345e-06, 1.7375933794e-06, 1.93781988855e-06, 1.66821121184e-06, 1.4542555391e-06, 1.30702267143e-06, 1.42490466715e-06, 1.243978204e-06, 9.99522285383e-07, 9.08175309178e-07, 9.07464823285e-07, 8.64207493123e-07, 7.62103127272e-07, 7.09980952251e-07, 6.79855304497e-07, 6.22278207629e-07, 5.39807103905e-07, 4.83023541165e-07, 4.25701699669e-07, 3.83440806218e-07, 3.23113027889e-07, 2.83480034113e-07, 2.51942708474e-07, 2.30422514846e-07, 1.85029207955e-07, 1.66437914118e-07, 1.48786753584e-07, 1.26678799006e-07, 1.11862938468e-07, 8.88762627937e-08, 7.70785106852e-08, 7.03533018509e-08, 5.24244967437e-08, 4.76900332558e-08, 4.22242365516e-08, 2.97915150327e-08, 1.59540931577e-08, 1.68540381651e-08, 1.93631422007e-08, 1.35544979685e-08, 1.20934817716e-08, 1.27191439603e-08, 6.64392540983e-09, 2.98635205453e-09, 3.10836523187e-10, 6.56375925834e-11, 3.22217807991e-11, 2.44580536379e-11, 7.31235558216e-12, 7.21554543545e-12, 7.01546069501e-12, 6.58396427655e-12, 5.86713273451e-12, 5.46640337162e-12, 5.38695477115e-12],
        "min": [5.33891375554e-10, 5.29301380503e-10, 5.05133157525e-10, 4.67286320749e-10, 4.16669004855e-10, 3.66772029414e-10, 3.19362869483e-10, 2.7413288306e-10, 2.52812576429e-10, 2.63164628977e-10, 3.20507398399e-10, 4.19814738528e-10, 5.57585810856e-10, 7.50695061669e-10, 9.70467040062e-10, 1.17234733032e-09, 1.36244926452e-09, 1.5484462601e-09, 1.73926795188e-09, 1.9086021652e-09, 2.07807460129e-09, 2.22337326328e-09, 2.34616326367e-09, 2.41978637128e-09, 2.45991871317e-09, 2.46889397815e-09, 2.44861686483e-09, 2.39948505509e-09, 2.28970620242e-09, 2.0927299893e-09, 1.81667114685e-09, 1.39585443204e-09, 9.85730053138e-10, 6.1441007837e-10, 3.29910931907e-10, 1.60451041342e-10, 5.64738290854e-11, 1.42757533225e-11, 8.90801460374e-11, 3.38986061443e-10, 7.54071249887e-10, 1.18521725767e-09, 1.5160865896e-09, 1.91539895056e-09, 2.63285127033e-09, 3.60933705146e-09, 4.17014334175e-09, 3.73865161052e-09, 2.69864086633e-09, 1.91091031887e-09, 1.67249558647e-09, 1.45071743507e-09, 9.66807189862e-10, 5.571997308e-10, 4.12766348878e-10, 3.06092345914e-10, 1.56315391187e-10, 5.62914923008e-11, 2.85522265553e-11, 2.74419775098e-11, 5.52029151557e-11, 8.84732287432e-11, 8.39653346851e-11, 6.66550009631e-11, 5.41115798003e-11, 4.07600724006e-11, 2.85925953053e-11, 1.76658410123e-11, 6.72373094701e-12, 1.75728062744e-12, 2.06847906858e-12, 3.07298522566e-12, 2.38720176439e-12, 2.75689020224e-12, 3.11195318646e-12, 2.67038452982e-12, 1.63727939626e-12, 1.98473355806e-12, 4.12410513725e-12, 1.01481045789e-11, 1.7781573089e-11, 1.5786236901e-11, 1.19127346876e-11, 1.00432544226e-11, 6.02301541974e-12, 1.54768407291e-12, 1.02762579262e-12, 1.10652893098e-12, 3.2349616692e-13, 2.57243662136e-13, 6.18886994604e-13, 1.35905479579e-12, 1.83390715808e-12, 8.18541089943e-13, 2.65228919556e-13, 3.84552043258e-14, 5.57917393654e-14, 4.28956458028e-13, 5.9629270922e-13, 3.12301589754e-13, 2.79248521008e-13, 2.11608345863e-13, 1.97506399256e-13, 1.94796693424e-13, 1.8494560538e-13, 1.80317932352e-13, 1.67847438964e-13, 1.663768949e-13, 1.71506594191e-13, 1.60804759807e-13, 1.61212907715e-13, 1.39356191517e-13, 1.2981693357e-13, 1.18645748066e-13, 1.31112053723e-13, 1.20128272564e-13, 1.44576896028e-13, 1.26952932216e-13, 1.22955709199e-13, 1.17537761208e-13, 1.10026096849e-13, 1.08894887736e-13, 1.01693704998e-13, 1.04423197519e-13, 9.86808155806e-14, 8.80365116744e-14, 3.30830638763e-14, 1.23572059076e-15],
        "stdev": [0.0113739147782, 0.0208516903222, 0.0112363463268, 0.00948674604297, 0.00424990290776, 0.000776381813921, 0.000298015453154, 0.000206467972021, 0.000156509369845, 0.000141543379868, 0.000214806132135, 0.000292031414574, 0.000232761100051, 0.000158068884048, 0.000307611655444, 0.000108654421638, 7.0282658271e-05, 8.03415678092e-05, 0.000115628521598, 0.000119543939945, 0.000223395356443, 0.000357813201845, 0.00051072583301, 0.000963401806075, 0.00162735092454, 0.00158443173859, 0.0019535899628, 0.00197668839246, 0.00150753173511, 0.000719065079466, 0.000373839429813, 0.000417568982812, 0.000290214404231, 0.000138139163028, 0.000120541910292, 9.51491238084e-05, 0.000162949887454, 0.000150232008309, 0.000319289858453, 0.000363262312021, 0.00014947965974, 0.000154144217959, 0.000180500952411, 0.000335353484843, 7.23183329683e-05, 6.51201335131e-05, 4.92015096825e-05, 4.21785443905e-05, 3.44616819348e-05, 2.67651121248e-05, 2.50200118899e-05, 2.62134708464e-05, 2.48207052209e-05, 2.63514248218e-05, 2.25152816711e-05, 1.89812872122e-05, 1.61110692716e-05, 1.47472555909e-05, 1.76277553692e-05, 1.28307310661e-05, 1.44538134919e-05, 1.14259255497e-05, 1.1437806279e-05, 7.65282857174e-06, 9.88635110843e-06, 6.77710522723e-06, 4.62871685158e-06, 4.12244571635e-06, 3.57596491085e-06, 5.41866438653e-06, 2.5621018267e-06, 1.80519907644e-06, 1.93119717551e-06, 1.74412116394e-06, 1.78163816145e-06, 1.935211003e-06, 1.78584980404e-06, 1.41683290167e-06, 1.41331565828e-06, 1.72472834947e-06, 1.82313578989e-06, 1.2179401665e-06, 9.23116999729e-07, 1.01438195088e-06, 9.77580725703e-07, 8.1508352423e-07, 8.18545913717e-07, 8.35254411413e-07, 8.81495395788e-07, 7.39842278108e-07, 6.13858844645e-07, 6.16712782175e-07, 6.53537142625e-07, 5.40745475064e-07, 4.55842723568e-07, 4.26654537478e-07, 4.29540506275e-07, 2.80758484905e-07, 2.83179559801e-07, 2.5036379725e-07, 2.18249695649e-07, 2.29602491686e-07, 1.88888520825e-07, 2.0792619182e-07, 2.34248389575e-07, 1.57314886451e-07, 1.55493793841e-07, 1.51813594584e-07, 1.13594182949e-07, 5.90811062295e-08, 1.05896845071e-07, 1.54902281224e-07, 8.36092510781e-08, 8.31678477198e-08, 1.27457497001e-07, 5.86693680305e-08, 2.93937745255e-08, 4.74413308638e-09, 8.89020190797e-10, 3.94681648475e-10, 3.06879355261e-10, 1.18960405762e-11, 1.1655868111e-11, 1.14766217363e-11, 1.13784441938e-11, 1.12678616437e-11, 1.11180413834e-11, 1.10533396672e-11]
    },
    "mfcc": {
        "mean": [-649.175537109, 132.62210083, -53.7909622192, -13.551823616, -28.9871063232, 0.933099150658, -5.01316356659, 14.9852256775, 6.17694091797, 12.9571504593, 3.49639749527, -3.83847737312, -10.746588707],
        "cov": [[4511.67919922, -805.382995605, 476.931793213, -504.341247559, 436.756896973, 144.271026611, 490.739471436, 363.82623291, 421.265930176, 406.289520264, 292.13168335, 356.027496338, 128.07901001], [-805.382995605, 1313.11743164, 364.621612549, 906.172119141, 283.727966309, 445.868408203, 69.6655883789, 111.666656494, -70.7258834839, 46.6025848389, -13.020606041, -8.26662635803, 20.5360984802], [476.931793213, 364.621612549, 517.76940918, 359.59475708, 366.862335205, 274.962890625, 220.920898438, 159.321929932, 116.619819641, 113.24961853, 69.0506210327, 73.1571273804, 70.9245986938], [-504.341247559, 906.172119141, 359.59475708, 745.256652832, 287.400726318, 383.481811523, 108.939476013, 152.754562378, -2.07709741592, 63.4139633179, 13.1205701828, 21.3062648773, 39.7162399292], [436.756896973, 283.727966309, 366.862335205, 287.400726318, 333.800292969, 247.931869507, 193.514266968, 155.883773804, 119.132720947, 121.8176651, 79.8345184326, 83.3281860352, 66.9379196167], [144.271026611, 445.868408203, 274.962890625, 383.481811523, 247.931869507, 322.844207764, 150.558074951, 176.027374268, 72.5381469727, 136.287216187, 54.5122184753, 81.1831741333, 39.6279830933], [490.739471436, 69.6655883789, 220.920898438, 108.939476013, 193.514266968, 150.558074951, 190.996063232, 136.266571045, 117.091423035, 100.522171021, 78.3841094971, 77.74949646, 53.9598617554], [363.82623291, 111.666656494, 159.321929932, 152.754562378, 155.883773804, 176.027374268, 136.266571045, 204.507675171, 111.457817078, 131.749023438, 63.2852859497, 91.7445678711, 41.6141090393], [421.265930176, -70.7258834839, 116.619819641, -2.07709741592, 119.132720947, 72.5381469727, 117.091423035, 111.457817078, 141.839172363, 98.9421310425, 76.8782577515, 69.5262298584, 47.8299598694], [406.289520264, 46.6025848389, 113.24961853, 63.4139633179, 121.8176651, 136.287216187, 100.522171021, 131.749023438, 98.9421310425, 169.13885498, 74.625541687, 95.9210891724, 29.0211791992], [292.13168335, -13.020606041, 69.0506210327, 13.1205701828, 79.8345184326, 54.5122184753, 78.3841094971, 63.2852859497, 76.8782577515, 74.625541687, 89.8388519287, 60.9032897949, 40.6835975647], [356.027496338, -8.26662635803, 73.1571273804, 21.3062648773, 83.3281860352, 81.1831741333, 77.74949646, 91.7445678711, 69.5262298584, 95.9210891724, 60.9032897949, 94.6041412354, 34.1130104065], [128.07901001, 20.5360984802, 70.9245986938, 39.7162399292, 66.9379196167, 39.6279830933, 53.9598617554, 41.6141090393, 47.8299598694, 29.0211791992, 40.6835975647, 34.1130104065, 56.7632484436]],
        "icov": [[0.000565278052818, -0.000138019022415, -0.000521265435964, 0.00112137850374, -0.000404079444706, 3.26654408127e-05, -0.000521625508554, -0.000438043061877, 0.000310277624521, -7.43588825571e-05, -0.000298026978271, -0.000935685064178, 0.00046435627155], [-0.000138019022415, 0.00642265798524, 0.000459505157778, -0.00788268074393, 0.000959773082286, -0.00218882784247, -4.23951241828e-05, 0.00313103897497, 0.00187947694212, -0.00166145106778, -0.000558992498554, 0.00118671695236, 2.34023373196e-05], [-0.000521265435964, 0.000459505157778, 0.0108536239713, -0.00323076103814, -0.00935213919729, 0.00170516013168, -0.00420027691871, 0.00221957080066, -0.000205305128475, -0.00104448571801, 0.00365599873476, 0.0016169565497, -0.000972343899775], [0.00112137850374, -0.00788268074393, -0.00323076103814, 0.018086919561, -0.00260180747136, -0.00614123046398, 0.00339118507691, -0.00725096231326, 0.00172463187482, 0.00498906616122, -0.00231365882792, 0.00117038714234, -0.00189816521015], [-0.000404079444706, 0.000959773082286, -0.00935213919729, -0.00260180747136, 0.0226947963238, -0.00603420613334, -0.00308845634572, 0.00315555022098, -0.00458319019526, -2.09794052353e-05, -0.00148663041182, -0.000653459806927, -0.00252648070455], [3.26654408127e-05, -0.00218882784247, 0.00170516013168, -0.00614123046398, -0.00603420613334, 0.0247932448983, -0.00635399948806, -0.00435891468078, 0.00318615534343, -0.008569361642, 0.00365217309445, -0.00399391911924, 0.00340642291121], [-0.000521625508554, -4.23951241828e-05, -0.00420027691871, 0.00339118507691, -0.00308845634572, -0.00635399948806, 0.0249376446009, -0.00588959595188, -0.00549330143258, 0.00596761424094, -0.00666157994419, 0.000548215233721, -0.00121979985852], [-0.000438043061877, 0.00313103897497, 0.00221957080066, -0.00725096231326, 0.00315555022098, -0.00435891468078, -0.00588959595188, 0.0216015186161, -0.00877750199288, -0.00509874662384, 0.00690193241462, -0.00612233951688, -2.46343261097e-05], [0.000310277624521, 0.00187947694212, -0.000205305128475, 0.00172463187482, -0.00458319019526, 0.00318615534343, -0.00549330143258, -0.00877750199288, 0.0293848849833, -0.00674741482362, -0.00852204114199, 0.00612866645679, -0.00637873681262], [-7.43588825571e-05, -0.00166145106778, -0.00104448571801, 0.00498906616122, -2.09794052353e-05, -0.008569361642, 0.00596761424094, -0.00509874662384, -0.00674741482362, 0.0247545652092, -0.00688227452338, -0.0111085996032, 0.00729346321896], [-0.000298026978271, -0.000558992498554, 0.00365599873476, -0.00231365882792, -0.00148663041182, 0.00365217309445, -0.00666157994419, 0.00690193241462, -0.00852204114199, -0.00688227452338, 0.0326729640365, -0.00881785620004, -0.00901719834656], [-0.000935685064178, 0.00118671695236, 0.0016169565497, 0.00117038714234, -0.000653459806927, -0.00399391911924, 0.000548215233721, -0.00612233951688, 0.00612866645679, -0.0111085996032, -0.00881785620004, 0.0381025448442, -0.0096944347024], [0.00046435627155, 2.34023373196e-05, -0.000972343899775, -0.00189816521015, -0.00252648070455, 0.00340642291121, -0.00121979985852, -2.46343261097e-05, -0.00637873681262, 0.00729346321896, -0.00901719834656, -0.0096944347024, 0.0348175540566]]
    },
    "spectral_contrast_coeffs": {
        "max": [-0.47924798727, -0.540161550045, -0.56854736805, -0.688968122005, -0.705955505371, -0.56314355135],
        "mean": [-0.732405543327, -0.742681205273, -0.718570649624, -0.81400257349, -0.807946324348, -0.728767812252],
        "min": [-0.975921213627, -0.978482484818, -0.898040831089, -0.92939299345, -0.867394924164, -0.942857801914],
        "stdev": [0.0778955221176, 0.0644892826676, 0.052661459893, 0.0338252112269, 0.0212436392903, 0.0502920523286]
    },
    "spectral_contrast_valleys": {
        "max": [-5.4020075798, -5.12070941925, -5.13422393799, -5.84515810013, -6.49226808548, -8.80681705475],
        "mean": [-7.91208648682, -6.3830947876, -6.32122135162, -6.77445316315, -7.44774150848, -11.0046453476],
        "min": [-11.8914165497, -11.1992683411, -12.1780261993, -11.4067335129, -13.6038017273, -15.394405365],
        "stdev": [1.39655423164, 0.593730092049, 0.672641158104, 0.624066889286, 0.606471657753, 1.39437329769]
    }
},
"rhythm": {
    "beats_count": 18,
    "beats_loudness": {
        "max": 0.271773189306,
        "mean": 0.0479692257941,
        "min": 0.00573668582365,
        "stdev": 0.0610577575862
    },
    "bpm": 90.5569915771,
    "bpm_histogram_first_peak_bpm": 89,
    "bpm_histogram_first_peak_weight": 0.461538493633,
    "bpm_histogram_second_peak_bpm": 94,
    "bpm_histogram_second_peak_spread": 0,
    "bpm_histogram_second_peak_weight": 0.235294118524,
    "danceability": 0.814933300018,
    "onset_rate": 0.54861664772,
    "beats_loudness_band_ratio": {
        "max": [0.927176773548, 0.648483097553, 0.741025865078, 0.561234354973, 0.142232194543, 0.0269976183772],
        "mean": [0.179215610027, 0.0571107268333, 0.451578080654, 0.284104585648, 0.0615192987025, 0.0134683391079],
        "min": [0.000220007510507, 0.000593097531237, 0.0317106172442, 0.0239052213728, 0.00441360892728, 0.000906295608729],
        "stdev": [0.291193187237, 0.145670592785, 0.207833826542, 0.148350283504, 0.033893276006, 0.00695468205959]
    },
    "beats_position": [0.684988677502, 1.38158726692, 2.06657600403, 2.76317453384, 3.41333317757, 4.05188179016, 4.69043064117, 5.32897949219, 5.97913837433, 6.62929677963, 7.26784563065, 7.91800451279, 8.59138298035, 9.26476192474, 9.93814086914, 10.6115188599, 11.2848978043, 11.9582767487],
