{
"metadata": {
    "version": {
        "essentia": "2.1-beta5",
        "essentia_git_sha": "Undefined",
        "extractor": "music 2.0"
    },
    "audio_properties": {
        "analysis": {
            "equal_loudness": 0,
            "length": 12.7477550507,
            "sample_rate": 44100,
            "start_time": 0,
            "downmix": "mix"
        },
        "bit_rate": 192000,
        "length": 196.522109985,
        "lossless": 0,
        "number_channels": 2,
        "replay_gain": 0.54994392395,
        "sample_rate": 48000,
        "codec": "mp3",
        "md5_encoded": "f832b57f586439f21b4848b73def0d60"
    },
    "tags": {
        "file_name": "Cyprus_Fuego_Eleni Foureira.mp3",
        "encoding": ["Lavf58.29.100"]
    }
},
"lowlevel": {
    "average_loudness": 0.871905982494,
    "barkbands_crest": {
        "max": 23.9791603088,
        "mean": 11.6478271484,
        "min": 4.06861925125,
        "stdev": 4.21523523331
    },
    "barkbands_flatness_db": {
        "max": 0.347540229559,
        "mean": 0.191497862339,
        "min": 0.0719456300139,
        "stdev": 0.0437992252409
    },
    "barkbands_kurtosis": {
        "max": 71.3784179688,
        "mean": 4.93139314651,
        "min": -1.57491111755,
        "stdev": 8.92468070984
    },
    "barkbands_skewness": {
        "max": 7.85726928711,
        "mean": 1.50636959076,
        "min": -0.766812980175,
        "stdev": 1.47007703781
    },
    "barkbands_spread": {
        "max": 47.396232605,
        "mean": 12.8971700668,
        "min": 2.73976755142,
        "stdev": 7.07896661758
    },
    "dissonance": {
        "max": 0.500000059605,
        "mean": 0.484039574862,
        "min": 0.312659829855,
        "stdev": 0.0178609192371
    },
    "dynamic_complexity": 3.51179671288,
    "erbbands_crest": {
        "max": 24.3658981323,
        "mean": 10.5644865036,
        "min": 3.93794226646,
        "stdev": 3.26047730446
    },
    "erbbands_flatness_db": {
        "max": 0.341982960701,
        "mean": 0.241869926453,
        "min": 0.101494170725,
        "stdev": 0.0458232983947
    },
    "erbbands_kurtosis": {
        "max": 11.7053985596,
        "mean": 2.05496382713,
        "min": -1.64378213882,
        "stdev": 2.09127306938
    },
    "erbbands_skewness": {
        "max": 2.84950780869,
        "mean": 1.00042319298,
        "min": -0.973825514317,
        "stdev": 0.744025051594
    },
    "erbbands_spread": {
        "max": 53.7808074951,
        "mean": 18.8479118347,
        "min": 5.48768949509,
        "stdev": 10.308713913
    },
    "hfc": {
        "max": 89.910697937,
        "mean": 25.4933986664,
        "min": 0.310944586992,
        "stdev": 16.6197223663
    },
    "loudness_ebu128": {
        "integrated": -21.5850467682,
        "loudness_range": 4.80043411255,
        "momentary": {
            "max": -19.2902317047,
            "mean": -23.527557373,
            "min": -35.1690979004,
            "stdev": 4.48224020004
        },
        "short_term": {
            "max": -19.8566455841,
            "mean": -22.1614513397,
            "min": -29.1782588959,
            "stdev": 2.05249714851
        }
    },
    "melbands_crest": {
        "max": 38.2373046875,
        "mean": 16.2104740143,
        "min": 4.70944166183,
        "stdev": 7.48877859116
    },
    "melbands_flatness_db": {
        "max": 0.430654197931,
        "mean": 0.218491137028,
        "min": 0.106709934771,
        "stdev": 0.0619119331241
    },
    "melbands_kurtosis": {
        "max": 207.000320435,
        "mean": 12.4744501114,
        "min": -1.20963990688,
        "stdev": 24.0894107819
    },
    "melbands_skewness": {
        "max": 13.3589859009,
        "mean": 2.24560713768,
        "min": -0.797528207302,
        "stdev": 2.17640781403
    },
    "melbands_spread": {
        "max": 63.2723731995,
        "mean": 16.8845729828,
        "min": 1.71784281731,
        "stdev": 10.1904640198
    },
    "pitch_salience": {
        "max": 0.849314630032,
        "mean": 0.582069218159,
        "min": 0.0564329326153,
        "stdev": 0.199945300817
    },
    "silence_rate_20dB": {
        "max": 1,
        "mean": 1,
        "min": 1,
        "stdev": 0
    },
    "silence_rate_30dB": {
        "max": 1,
        "mean": 0.936363637447,
        "min": 0,
        "stdev": 0.2441046983
    },
    "silence_rate_60dB": {
        "max": 1,
        "mean": 0.110909089446,
        "min": 0,
        "stdev": 0.314019590616
    },
    "spectral_centroid": {
        "max": 3112.69384766,
        "mean": 1402.62097168,
        "min": 391.116973877,
        "stdev": 425.641906738
    },
    "spectral_complexity": {
        "max": 40,
        "mean": 22.9690914154,
        "min": 0,
        "stdev": 9.01901626587
    },
    "spectral_decrease": {
        "max": -1.01088179494e-10,
        "mean": -1.04511999055e-08,
        "min": -5.02443491257e-08,
        "stdev": 9.19950693401e-09
    },
    "spectral_energy": {
        "max": 0.190807417035,
        "mean": 0.0417575277388,
        "min": 0.000409733940614,
        "stdev": 0.0352358594537
    },
    "spectral_energyband_high": {
        "max": 0.00167051830795,
        "mean": 0.000256680592429,
        "min": 2.39651330958e-06,
        "stdev": 0.000179602197022
    },
    "spectral_energyband_low": {
        "max": 0.186786755919,
        "mean": 0.0174333378673,
        "min": 1.01603916391e-07,
        "stdev": 0.0345399528742
    },
    "spectral_energyband_middle_high": {
        "max": 0.0526778250933,
        "mean": 0.0122183477506,
        "min": 0.00012133862765,
        "stdev": 0.0094787189737
    },
    "spectral_energyband_middle_low": {
        "max": 0.0776169970632,
        "mean": 0.0128948325291,
        "min": 7.32396219973e-05,
        "stdev": 0.0113309696317
    },
    "spectral_entropy": {
        "max": 8.20052909851,
        "mean": 7.57393217087,
        "min": 6.89884281158,
        "stdev": 0.164102017879
    },
    "spectral_flux": {
        "max": 0.2445294559,
        "mean": 0.102476753294,
        "min": 0.0135331694037,
        "stdev": 0.0452264547348
    },
    "spectral_kurtosis": {
        "max": 13.3836936951,
        "mean": 5.38855648041,
        "min": 0.987603664398,
        "stdev": 1.96931278706
    },
    "spectral_rms": {
        "max": 0.0136438105255,
        "mean": 0.00578646780923,
        "min": 0.000632250274066,
        "stdev": 0.00269366614521
    },
    "spectral_rolloff": {
        "max": 3639.11132812,
        "mean": 1208.8347168,
        "min": 43.06640625,
        "stdev": 704.713806152
    },
    "spectral_skewness": {
        "max": 3.26873874664,
        "mean": 1.68953371048,
        "min": 0.545949161053,
        "stdev": 0.309017002583
    },
    "spectral_spread": {
        "max": 9851603,
        "mean": 3129734,
        "min": 2108568.75,
        "stdev": 617704.75
    },
    "spectral_strongpeak": {
        "max": 5.99907064438,
        "mean": 1.08013832569,
        "min": 0,
        "stdev": 1.05685174465
    },
    "zerocrossingrate": {
        "max": 0.119140625,
        "mean": 0.0477698855102,
        "min": 0.00634765625,
        "stdev": 0.0194008946419
    },
    "barkbands": {
        "max": [0.0637553483248, 0.142746448517, 0.0160751771182, 0.00256617413834, 0.00806388445199, 0.0018915332621, 0.0019665947184, 0.00494849402457, 0.0583255663514, 0.0454280227423, 0.0100360028446, 0.0100750792772, 0.00576690677553, 0.00722440658137, 0.00186808453873, 0.00397072732449, 0.00176112586632, 0.0011854119366, 0.00177593377884, 0.000610424845945, 0.000287973874947, 0.000370736088371, 0.000320037332131, 0.000314218457788, 0.000217144333874, 0.000148242965224, 1.32893765112e-05],
        "mean": [0.00359644577838, 0.0133503824472, 0.00072666205233, 0.000123580713989, 0.000218729051994, 0.000165389341419, 0.000225382129429, 0.000881967949681, 0.00854614935815, 0.00654466403648, 0.00199433974922, 0.0012451732764, 0.00102571048774, 0.0011248504743, 0.000410490727518, 0.000382399972295, 0.000360643025488, 0.000257523613982, 0.000279898522422, 8.0891259131e-05, 7.54626453272e-05, 5.66771122976e-05, 4.92033213959e-05, 2.10193338717e-05, 1.06903789856e-05, 3.15818010677e-06, 6.62172254806e-08],
        "min": [3.71718034131e-09, 7.76854935935e-09, 1.33521478318e-08, 3.46251809447e-08, 1.25998462863e-06, 1.6135199985e-06, 1.36209609991e-06, 3.95697270505e-06, 1.4378600099e-05, 2.8529244446e-05, 5.43410260434e-06, 8.1160424088e-06, 4.88344130645e-06, 3.90714239984e-06, 1.16936007544e-06, 1.26990858007e-06, 2.81221946352e-06, 1.13493240406e-06, 7.21339176835e-07, 7.59353497415e-07, 3.65134525282e-07, 1.49938443883e-07, 2.89246145257e-07, 2.64858635024e-10, 2.564628232e-10, 1.62675622972e-10, 1.77366343834e-10],
        "stdev": [0.00899367313832, 0.0265620052814, 0.00162882986479, 0.000280346750515, 0.000629758054856, 0.000244019669481, 0.000221254464122, 0.0009020139114, 0.00903618335724, 0.00663188705221, 0.00200820853934, 0.0014367478434, 0.000896852405276, 0.00102802121546, 0.000317785074003, 0.000346985121723, 0.000305319175823, 0.000219247522182, 0.000248162221396, 6.28957277513e-05, 5.39209104318e-05, 4.31417829532e-05, 3.89455235563e-05, 2.4283388484e-05, 1.80107781489e-05, 9.78578555078e-06, 7.15146200037e-07]
    },
    "erbbands": {
        "max": [8.96904850006, 32.2398490906, 36.0744094849, 12.3004951477, 14.5206737518, 28.4307022095, 54.1819267273, 10.5092363358, 20.2292385101, 38.844745636, 238.916152954, 1633.23925781, 1447.98803711, 1364.5098877, 399.341064453, 426.876403809, 227.110916138, 371.210601807, 143.404983521, 89.8011474609, 235.545928955, 98.0051345825, 86.9846038818, 100.997955322, 116.930297852, 31.5296783447, 13.182674408, 9.78411197662, 13.239780426, 13.6489067078, 7.16326999664, 7.68822813034, 4.05645465851, 2.52025556564, 1.76164722443, 0.525410473347, 0.380057632923, 0.0604231655598, 0.00144968635868, 0.000206353899557],
        "mean": [0.642500042915, 1.89867782593, 1.59728777409, 0.518822491169, 0.415602564812, 0.778274953365, 1.40375363827, 1.24853754044, 2.44720602036, 6.90606069565, 40.2836837769, 190.919509888, 244.028869629, 140.746826172, 72.3022689819, 50.6851272583, 47.371219635, 60.2790412903, 33.5318717957, 20.3270339966, 20.8994750977, 19.874753952, 15.1762447357, 13.4964256287, 11.7469329834, 4.284907341, 3.32781362534, 2.69711732864, 2.05171108246, 1.82815694809, 1.3349801302, 0.567344844341, 0.299904167652, 0.14916229248, 0.0607905983925, 0.0197319444269, 0.00467999093235, 0.000553252059035, 3.49408292095e-05, 4.89638841827e-05],
        "min": [2.00207423973e-07, 3.93917116526e-06, 2.61638488155e-05, 0.000148106177221, 0.000812152691651, 0.00490112276748, 0.00697876745835, 0.0194908622652, 0.0159543827176, 0.0441035740077, 0.141608148813, 0.303347051144, 0.55169069767, 0.797107100487, 0.473418802023, 0.201748460531, 0.19001249969, 0.333779960871, 0.133098065853, 0.089445464313, 0.1072396487, 0.182914838195, 0.124611735344, 0.0302790589631, 0.0502811037004, 0.0425270721316, 0.0291531886905, 0.00969908479601, 0.00578176463023, 0.01061493624, 0.00519449356943, 0.00039179349551, 6.26853725407e-05, 1.17975578178e-05, 3.96496989197e-06, 2.06146091841e-06, 9.56044004852e-07, 2.29048637834e-07, 2.54413805578e-07, 4.86905207708e-07],
        "stdev": [1.4458489418, 4.21633958817, 3.93228912354, 1.02714788914, 0.959941983223, 2.34891009331, 3.95562005043, 1.41104257107, 2.37217092514, 6.00607872009, 38.0895233154, 208.519500732, 233.271392822, 154.575485229, 69.5624008179, 59.2918586731, 40.6566200256, 52.5961494446, 26.1612987518, 15.9064502716, 18.4556789398, 16.3139209747, 12.6184406281, 11.1816663742, 12.8010139465, 3.00931215286, 2.46858215332, 1.93418562412, 1.57078516483, 1.62026965618, 1.03279006481, 0.577917277813, 0.371197462082, 0.228432521224, 0.120881296694, 0.0432697758079, 0.0206373017281, 0.00360102951527, 8.9020068117e-05, 3.89057349821e-05]
    },
    "gfcc": {
        "mean": [-33.5780906677, 92.3656921387, -187.917648315, 8.274933815, -69.6681747437, 28.1319065094, -8.80169582367, 20.7880401611, -2.80759239197, -9.38119411469, -6.24791002274, -8.46726894379, -1.05420064926],
        "cov": [[4044.53271484, -253.014602661, 385.342437744, -214.79536438, 10.9268465042, 442.305633545, -1.15953123569, 310.266540527, 55.8415641785, 319.190002441, -229.517562866, 83.4760055542, 188.650238037], [-253.014602661, 2210.54614258, 1048.4609375, 1325.92468262, 962.25378418, 391.880401611, 821.767822266, -132.326751709, 518.361877441, -330.053070068, 444.137023926, -146.855453491, 140.623016357], [385.342437744, 1048.4609375, 1258.08618164, 932.813964844, 754.858337402, 366.737335205, 354.599121094, 115.033340454, 192.23046875, 9.89000034332, 161.582336426, 47.142250061, 33.4964561462], [-214.79536438, 1325.92468262, 932.813964844, 1065.4720459, 744.805541992, 326.104858398, 513.270202637, 3.4801003933, 323.787445068, -149.697189331, 327.449035645, -53.9683036804, 64.9826812744], [10.9268465042, 962.25378418, 754.858337402, 744.805541992, 631.654846191, 273.08026123, 412.675445557, 41.9234962463, 238.102996826, -80.1533660889, 197.816345215, -0.0886825844646, 29.1930847168], [442.305633545, 391.880401611, 366.737335205, 326.104858398, 273.08026123, 243.229415894, 191.073562622, 83.8130722046, 119.622909546, 12.1907749176, 80.46459198, -7.24974584579, 57.3625717163], [-1.15953123569, 821.767822266, 354.599121094, 513.270202637, 412.675445557, 191.073562622, 437.503723145, -3.47860479355, 247.254150391, -129.16116333, 203.31401062, -46.131072998, 47.8742027283], [310.266540527, -132.326751709, 115.033340454, 3.4801003933, 41.9234962463, 83.8130722046, -3.47860479355, 132.764419556, -10.5987615585, 90.2419662476, -21.5955905914, 40.4765663147, -0.113547928631], [55.8415641785, 518.361877441, 192.23046875, 323.787445068, 238.102996826, 119.622909546, 247.254150391, -10.5987615585, 215.554199219, -67.4774246216, 142.262145996, -42.7067298889, 55.3523368835], [319.190002441, -330.053070068, 9.89000034332, -149.697189331, -80.1533660889, 12.1907749176, -129.16116333, 90.2419662476, -67.4774246216, 145.243682861, -72.207359314, 56.6685752869, -7.70771169662], [-229.517562866, 444.137023926, 161.582336426, 327.449035645, 197.816345215, 80.46459198, 203.31401062, -21.5955905914, 142.262145996, -72.207359314, 190.666015625, -34.0947494507, 42.0895996094], [83.4760055542, -146.855453491, 47.142250061, -53.9683036804, -0.0886825844646, -7.24974584579, -46.131072998, 40.4765663147, -42.7067298889, 56.6685752869, -34.0947494507, 73.8804321289, -21.0044345856], [188.650238037, 140.623016357, 33.4964561462, 64.9826812744, 29.1930847168, 57.3625717163, 47.8742027283, -0.113547928631, 55.3523368835, -7.70771169662, 42.0895996094, -21.0044345856, 82.42628479]],
        "icov": [[0.000646725064144, 9.21459504752e-05, -0.000764241442084, 0.000715298112482, 0.00103318702895, -0.00151025946252, -0.000748336373363, 0.000276099483017, -0.000822467147373, -0.00040723051643, 0.000972925452515, -0.000249136734055, -0.000816654937807], [9.21459504752e-05, 0.00583135057241, -0.00238568242639, -0.00111447181553, -0.0013312806841, 3.1788256365e-06, -0.00446240510792, 0.00567566743121, -0.00158488482703, 0.0019224260468, 0.000477388035506, 0.00314994202927, -0.00343940663151], [-0.000764241442084, -0.00238568242639, 0.00956010073423, -0.0076325465925, -0.00538830179721, 0.00150056753773, 0.00346021028236, -0.00215696380474, 0.00449810735881, -0.00521674146876, 0.00474110152572, -0.00327029894106, 4.00761819037e-05], [0.000715298112482, -0.00111447181553, -0.0076325465925, 0.0193446408957, -0.00675861723721, -0.0039294087328, 0.00424112798646, -0.000802971189842, -0.00324911950156, 0.00671574473381, -0.0136722289026, 0.00592456711456, 0.00208016345277], [0.00103318702895, -0.0013312806841, -0.00538830179721, -0.00675861723721, 0.0260165389627, -0.00597881898284, -0.00915967486799, 0.000182903648238, -0.00435718428344, -0.000144034449477, 0.00618444336578, -0.00983741413802, 0.00493908207864], [-0.00151025946252, 3.1788256365e-06, 0.00150056753773, -0.0039294087328, -0.00597881898284, 0.0213407855481, -0.00227779452689, -0.00838764663786, 0.00279493979178, -0.00341061060317, 0.00157471571583, 0.006135919597, -0.00691982544959], [-0.000748336373363, -0.00446240510792, 0.00346021028236, 0.00424112798646, -0.00915967486799, -0.00227779452689, 0.0211683679372, -0.00849560182542, -0.00564978504553, 0.00969151500612, -0.00740683590993, -0.00218627625145, 0.00502411834896], [0.000276099483017, 0.00567566743121, -0.00215696380474, -0.000802971189842, 0.000182903648238, -0.00838764663786, -0.00849560182542, 0.0272970795631, 0.000842887384351, -0.011341012083, 0.000970025721472, 0.00027898667031, -0.000111685018055], [-0.000822467147373, -0.00158488482703, 0.00449810735881, -0.00324911950156, -0.00435718428344, 0.00279493979178, -0.00564978504553, 0.000842887384351, 0.0205467585474, -0.00702031049877, -0.00249538035132, 0.00378354988061, -0.00401541311294], [-0.00040723051643, 0.0019224260468, -0.00521674146876, 0.00671574473381, -0.000144034449477, -0.00341061060317, 0.00969151500612, -0.011341012083, -0.00702031049877, 0.0315279103816, -0.00619378499687, -0.00653474917635, 0.00041783816414], [0.000972925452515, 0.000477388035506, 0.00474110152572, -0.0136722289026, 0.00618444336578, 0.00157471571583, -0.00740683590993, 0.000970025721472, -0.00249538035132, -0.00619378499687, 0.0257796868682, -0.00478842807934, -0.00645961798728], [-0.000249136734055, 0.00314994202927, -0.00327029894106, 0.00592456711456, -0.00983741413802, 0.006135919597, -0.00218627625145, 0.00027898667031, 0.00378354988061, -0.00653474917635, -0.00478842807934, 0.0303763151169, -0.000627362867817], [-0.000816654937807, -0.00343940663151, 4.00761819037e-05, 0.00208016345277, 0.00493908207864, -0.00691982544959, 0.00502411834896, -0.000111685018055, -0.00401541311294, 0.00041783816414, -0.00645961798728, -0.000627362867817, 0.0242350716144]]
    },
    "melbands": {
        "max": [0.0569070205092, 0.0248131360859, 0.00173274218105, 0.00127266533673, 0.00203196075745, 0.00023116551165, 0.000361618265742, 0.000547121977434, 0.00295693986118, 0.0108729200438, 0.00703161908314, 0.00595852360129, 0.00145528721623, 0.00113348360173, 0.00154463632498, 0.000558239466045, 0.000771702965721, 0.000290171738015, 0.000157795861014, 0.000143851866596, 0.000307269627228, 8.97597565199e-05, 0.00011881282262, 4.81580318592e-05, 0.000101262572571, 6.28249399597e-05, 6.15838798694e-05, 1.85383942153e-05, 8.73316548677e-06, 1.04793052742e-05, 5.89056799072e-06, 8.56235783431e-06, 6.44975989417e-06, 8.85163626663e-06, 4.63002925244e-06, 3.4379581848e-06, 4.81467895952e-06, 3.68030919162e-06, 2.39391715695e-06, 2.43684917223e-06],
        "mean": [0.00470314873382, 0.00136436417233, 8.52307712194e-05, 4.02109908464e-05, 4.77247194794e-05, 2.96001162496e-05, 3.93937116314e-05, 8.5658779426e-05, 0.000417789415224, 0.00130765629001, 0.00121285906062, 0.000587934569921, 0.000259780703345, 0.000151051266585, 0.000108917505713, 0.000104846731119, 0.0001144451453, 5.96714780841e-05, 2.86528611468e-05, 2.65750113613e-05, 2.39526980295e-05, 2.05342294066e-05, 1.83834799827e-05, 1.05606213765e-05, 1.09332277134e-05, 1.03316169771e-05, 4.89087869937e-06, 2.40896656578e-06, 2.08701999327e-06, 1.84133477887e-06, 1.45719354805e-06, 1.15729164918e-06, 1.06117829546e-06, 1.00659099189e-06, 8.48064871661e-07, 4.76457017839e-07, 2.97439726182e-07, 2.17184492612e-07, 1.65518940776e-07, 1.11835412042e-07],
        "min": [2.86433765595e-09, 1.2158262841e-08, 7.46124158013e-08, 2.52107270171e-07, 2.8604443969e-07, 4.01568769348e-07, 2.00628832658e-07, 5.64749541354e-07, 1.3104173604e-06, 2.40017379838e-06, 2.52226891462e-06, 3.39096595781e-06, 1.58883528911e-06, 1.01544981135e-06, 2.73149538543e-07, 6.06181799867e-07, 4.81109282191e-07, 1.72104165586e-07, 9.24500014321e-08, 8.98063348131e-08, 1.33960654125e-07, 1.68972405845e-07, 1.42997279795e-07, 3.36088170627e-08, 2.09877253354e-08, 2.97041431452e-08, 5.00104810897e-08, 2.02074303957e-08, 1.27539356853e-08, 7.41599404108e-09, 4.73839012471e-09, 1.94291405187e-09, 2.14867701409e-09, 6.05507155527e-09, 2.01700767199e-09, 3.54733770136e-10, 3.68866525866e-12, 3.35150765647e-12, 2.23664858336e-12, 2.63016561655e-12],
        "stdev": [0.00979887973517, 0.0032635605894, 0.000159959381563, 0.000106351282739, 0.000140177682624, 3.39029393217e-05, 3.86716674257e-05, 7.94739171397e-05, 0.000418066192651, 0.00143128272612, 0.00116829189938, 0.000665409490466, 0.000259151303908, 0.000159960472956, 0.000137343071401, 9.11192764761e-05, 0.000105667386379, 5.05157731823e-05, 2.29024881264e-05, 2.4025566745e-05, 2.25781677727e-05, 1.70553685166e-05, 1.7849921278e-05, 8.64186222316e-06, 1.05037015601e-05, 1.043368502e-05, 6.39325753582e-06, 1.97091003429e-06, 1.63918093676e-06, 1.40629094858e-06, 1.10393216346e-06, 9.28343808937e-07, 8.77673357991e-07, 1.01119087503e-06, 6.95290395925e-07, 4.22427717695e-07, 3.47663501543e-07, 2.89641320705e-07, 2.12910521213e-07, 1.93901755097e-07]
    },
    "melbands128": {
        "max": [0.0607371367514, 0.100427053869, 0.0563873499632, 0.0559727624059, 0.0290444009006, 0.00512684136629, 0.00298792938702, 0.0010466928361, 0.00159516197164, 0.00144618726335, 0.00152924610302, 0.00334588438272, 0.00222434196621, 0.000682428420987, 0.000220618574531, 0.000321891246131, 0.000301007064991, 0.000412518100347, 0.000586902315263, 0.000375761534087, 0.000961896555964, 0.00156122515909, 0.00252696638927, 0.00734583707526, 0.0121243987232, 0.0167428404093, 0.0131188966334, 0.0098730828613, 0.00829574931413, 0.0093001537025, 0.00569071481004, 0.00230911839753, 0.00223324564286, 0.00158885435667, 0.00174972042441, 0.00166066130623, 0.0025085171219, 0.00299995392561, 0.000970712222625, 0.000694598478731, 0.000948447210249, 0.00073451193748, 0.000886715832166, 0.00113443960436, 0.000496467517223, 0.000353688519681, 0.000210325451917, 0.000241924528382, 0.00017450012092, 0.000138195915497, 0.000250804121606, 0.000270152842859, 0.000389046239434, 0.000323341257172, 0.000219703346374, 0.000129641484818, 0.000254419515841, 0.000190387363546, 0.000190224236576, 0.000147427475895, 6.4396605012e-05, 8.36872786749e-05, 0.000148790117237, 0.000134684072691, 9.88138563116e-05, 0.000121879915241, 0.000144211502629, 0.000174128712388, 1.74071374204e-05, 6.25129468972e-05, 1.19664073281e-05, 1.27835246531e-05, 1.41109503602e-05, 1.10753244371e-05, 1.60279887496e-05, 1.34759548018e-05, 1.08255571831e-05, 9.0584744612e-06, 8.47999763209e-06, 8.99371025298e-06, 1.27203029479e-05, 7.83866289567e-06, 9.97793995339e-06, 8.0383488239e-06, 7.72506609792e-06, 1.62520154845e-05, 1.30751095639e-05, 1.12480583994e-05, 7.5039110925e-06, 8.5330566435e-06, 4.5438368943e-06, 3.53643508788e-06, 8.14400937088e-06, 4.11740347772e-06, 4.56597081211e-06, 4.27565464634e-06, 4.97164637636e-06, 2.14030910684e-06, 3.01145473713e-06, 2.7168057386e-06, 2.61070977103e-06, 3.29755653183e-06, 2.48713217843e-06, 2.2859467208e-06, 2.50172411143e-06, 1.78145842256e-06, 1.73702460415e-06, 2.15114187085e-06, 9.44975681705e-07, 5.87033412103e-07, 6.46307171337e-07, 1.01461716895e-06, 2.19145931624e-06, 9.71087501966e-07, 8.69330676778e-07, 7.15447413313e-07, 3.93820272393e-07, 3.93583121649e-08, 4.97841980973e-08, 1.02141761715e-08, 5.09101982793e-10, 3.44424933019e-08, 9.71572973185e-08, 1.01937069896e-09, 4.80549378068e-10, 4.71354899556e-10, 4.70111560791e-10, 4.67883565225e-10],
        "mean": [0.0032773364801, 0.0064616589807, 0.00445564137772, 0.00296202581376, 0.00121749949176, 0.00026792587596, 9.28160079638e-05, 5.1868675655e-05, 3.76296229661e-05, 3.61364327546e-05, 4.24451427534e-05, 5.41360532225e-05, 5.51469711354e-05, 3.35238437401e-05, 2.26932570513e-05, 3.0300423532e-05, 3.64181505574e-05, 3.51272174157e-05, 5.0657446991e-05, 6.46596017759e-05, 9.41044927458e-05, 0.000172486834344, 0.0003595512826, 0.000742388656363, 0.00124528177548, 0.00158251228277, 0.00142428837717, 0.0012960821623, 0.000923955230974, 0.00067445798777, 0.000501966162119, 0.000313403899781, 0.000267349445494, 0.000201664603082, 0.000157795555424, 0.000139084848342, 0.000135070135002, 0.000102068304841, 9.76365699898e-05, 0.000103774407762, 0.000103765851236, 0.000112203699246, 0.000117021867482, 0.000129251333419, 7.24245910533e-05, 5.07772419951e-05, 3.51771595888e-05, 2.88597530016e-05, 2.57741958194e-05, 2.48348405876e-05, 2.90242205665e-05, 2.49915192398e-05, 2.40092049353e-05, 2.36933210545e-05, 2.33136524912e-05, 1.85508743016e-05, 1.98182842723e-05, 2.1849946279e-05, 1.75900913746e-05, 1.22785368148e-05, 9.26666780288e-06, 9.56841813604e-06, 1.21088869491e-05, 1.07521736936e-05, 9.92002605926e-06, 1.14801860036e-05, 1.00253419077e-05, 7.3674759733e-06, 2.8829808798e-06, 2.82111045635e-06, 2.43632484853e-06, 2.17560341298e-06, 2.16941703002e-06, 2.03311356017e-06, 2.07914376915e-06, 1.86456850315e-06, 1.76984553946e-06, 1.63278014043e-06, 1.43492763982e-06, 1.26899931274e-06, 1.14378508442e-06, 1.13976909688e-06, 1.10297537503e-06, 1.04113507859e-06, 1.03583977307e-06, 1.03232662241e-06, 9.64300625128e-07, 1.02300907656e-06, 8.11870165762e-07, 8.36851938857e-07, 5.25267637386e-07, 3.78199018769e-07, 3.51310205815e-07, 3.06554966301e-07, 2.61631299736e-07, 2.31460802524e-07, 2.12274855471e-07, 1.86515762834e-07, 1.78637350245e-07, 1.47481543422e-07, 1.25904350057e-07, 1.09120357195e-07, 9.10774744511e-08, 7.96218202481e-08, 6.9629422228e-08, 5.27009476059e-08, 5.12635516259e-08, 4.66809204624e-08, 3.15806225615e-08, 2.24451675024e-08, 1.66468989704e-08, 1.58744590806e-08, 1.59267727895e-08, 1.07452926557e-08, 9.88321069428e-09, 5.64815305637e-09, 2.14445905478e-09, 1.50303533508e-10, 1.41089431804e-10, 4.91626739318e-11, 7.26154639891e-12, 7.57342730195e-11, 2.12081338602e-10, 8.92788534074e-12, 6.19609398511e-12, 5.66383441883e-12, 5.37898284941e-12, 5.31592131425e-12],
        "min": [3.76413927805e-10, 1.33038335903e-09, 3.89270393697e-10, 2.06762096333e-09, 4.21178558696e-09, 6.7234871004e-09, 5.00304864204e-09, 1.77006818092e-08, 3.31026335232e-08, 1.48752945961e-07, 1.50182344782e-07, 1.00707751471e-07, 5.85939119446e-08, 1.15935179679e-07, 1.50007252842e-07, 8.13420228951e-08, 4.11530258759e-08, 9.177318816e-08, 9.47708969079e-08, 2.17523535184e-07, 2.59936257407e-07, 3.02926224549e-07, 1.85277272635e-07, 2.42143983087e-07, 8.97235850061e-07, 7.93181015979e-07, 1.51724088937e-06, 1.84823204563e-06, 2.55444547292e-06, 8.05561853667e-07, 4.27402909509e-07, 3.92674735394e-07, 4.80375319967e-07, 1.63908225659e-06, 1.07980065422e-06, 3.42486288218e-07, 3.06320828258e-07, 2.49827905918e-07, 1.86655711332e-07, 2.79449977825e-07, 4.3414877382e-07, 4.91440800943e-07, 2.48847328521e-07, 8.95367477938e-08, 6.1557877018e-08, 9.64922719504e-08, 3.7711540557e-08, 5.2403212436e-08, 9.02313672668e-08, 3.66648649219e-08, 7.84259412967e-08, 9.15838711535e-08, 7.52343822796e-08, 6.98367088603e-08, 5.96026588084e-08, 7.1777655819e-08, 1.11611214493e-07, 9.8561073969e-08, 6.70802364766e-08, 6.16738731196e-08, 2.97551530082e-08, 1.0644484405e-08, 1.30174724333e-08, 2.17245528233e-08, 3.69043569037e-08, 2.6076463655e-08, 3.14459853712e-08, 3.34212124642e-08, 1.57335691142e-08, 1.436021968e-08, 1.67450497912e-08, 8.93938967295e-09, 5.05272490514e-09, 1.05440109976e-08, 8.27150614668e-09, 4.61853932876e-09, 4.55511139918e-09, 2.81564394022e-09, 1.55966162207e-09, 7.14598158424e-10, 6.09538974849e-10, 1.6931634983e-09, 1.66150926351e-09, 1.470300659e-09, 2.37708319695e-09, 4.52874848733e-09, 1.82329951137e-09, 9.72601221783e-10, 6.38295694078e-10, 5.0042386901e-10, 4.55793458531e-10, 2.61517075356e-11, 1.37447475276e-12, 4.14695231279e-12, 2.12259962211e-12, 2.13775178115e-12, 1.993689068e-12, 1.82387156593e-12, 1.67526550358e-12, 2.52273852849e-12, 1.81179940842e-12, 1.52731028779e-12, 1.15254800061e-12, 9.86552419618e-13, 6.81957745483e-13, 1.25207504954e-12, 7.95867766221e-13, 7.34451507858e-13, 5.89264856528e-13, 6.65327330989e-13, 6.38564884563e-13, 6.43714411202e-13, 6.2975498297e-13, 4.94600833813e-13, 5.86450159268e-13, 5.50848917261e-13, 6.39883762296e-13, 6.85866185894e-13, 5.33557031022e-13, 5.14730619239e-13, 4.88935931672e-13, 6.09779045833e-13, 5.09494790107e-13, 5.37605767195e-13, 4.3907594032e-13, 1.56952630146e-13, 2.24108959743e-14, 6.57361623936e-16],
        "stdev": [0.00836950261146, 0.0155566195026, 0.00891921296716, 0.00744168413803, 0.00325098773465, 0.000571299984585, 0.000217332417378, 0.0001153947087, 0.000100282180938, 0.00010498737538, 0.000137874783832, 0.000205701697269, 0.000168197831954, 6.39438367216e-05, 2.87331931759e-05, 3.97693875129e-05, 4.37632370449e-05, 4.27774612035e-05, 6.53956594761e-05, 6.98478252161e-05, 0.000114545982797, 0.000217179811443, 0.000421961362008, 0.000929687055759, 0.00157265120652, 0.00217267824337, 0.00173723627813, 0.00150352879427, 0.00114665995352, 0.000914486125112, 0.000737642054446, 0.000375175906811, 0.000335138523951, 0.000242278183578, 0.000205684584216, 0.000189961137949, 0.000246401439654, 0.00020528526511, 0.000115156159154, 0.000109036634967, 0.000115290131362, 0.000124477155623, 0.000132941189804, 0.000166989877471, 8.01101778052e-05, 5.40242544957e-05, 3.50453519786e-05, 2.85420937871e-05, 2.6124102078e-05, 2.41410980379e-05, 3.36939374392e-05, 2.72094184766e-05, 2.82082601188e-05, 2.62618177658e-05, 2.48214328167e-05, 1.82173262147e-05, 2.4081180527e-05, 2.56301846093e-05, 2.17052620428e-05, 1.39343683259e-05, 9.3945682238e-06, 1.06286870505e-05, 1.54548633873e-05, 1.48298740896e-05, 1.32944132929e-05, 1.71234714799e-05, 1.53372620844e-05, 1.69816848938e-05, 2.6111445095e-06, 3.80182723347e-06, 2.2207980237e-06, 1.94244421436e-06, 2.12246254705e-06, 1.8025261852e-06, 1.97175631911e-06, 1.72087209194e-06, 1.50485016093e-06, 1.43496856708e-06, 1.37693416491e-06, 1.14223848868e-06, 1.11282020043e-06, 1.04162529624e-06, 1.09818768124e-06, 9.75417037807e-07, 1.09355153199e-06, 1.46424360992e-06, 1.31820172555e-06, 1.30077228278e-06, 9.18998296129e-07, 1.16420631002e-06, 5.35182664407e-07, 3.87242010902e-07, 4.86922829168e-07, 3.65950825199e-07, 3.49472884409e-07, 3.29387717102e-07, 3.28630505919e-07, 2.35515855707e-07, 2.42616494006e-07, 2.11707941844e-07, 2.17539295022e-07, 2.21658524424e-07, 1.82091028478e-07, 1.66724007045e-07, 1.62539436133e-07, 1.15523505428e-07, 1.19040635127e-07, 1.33088249754e-07, 6.8835760203e-08, 5.58744162049e-08, 4.81539395025e-08, 7.01069282627e-08, 1.05439539766e-07, 5.40632747459e-08, 6.00717839916e-08, 4.48752501825e-08, 2.30335963636e-08, 2.07785921802e-09, 2.23344365224e-09, 5.7502774764e-10, 2.35923936637e-11, 1.47367418268e-09, 4.16071310738e-09, 4.90506142647e-11, 2.15884064098e-11, 2.12072807232e-11, 2.11460206984e-11, 2.10457224564e-11]
    },
    "mfcc": {
        "mean": [-649.915405273, 117.151390076, -52.9295768738, -13.61784935, -25.2387561798, 1.97172164917, 2.17819809914, 25.1535072327, 9.13164138794, 17.4171600342, 7.34050130844, -1.92842614651, -4.82067489624],
        "cov": [[3940.10375977, -292.476806641, 113.799491882, -546.090515137, -71.9960784912, 10.0383939743, -6.9128947258, -111.063796997, 455.086029053, -52.7873764038, 3.49277305603, 325.061645508, -184.214447021], [-292.476806641, 1088.49133301, 559.416320801, 824.608215332, 425.363433838, 554.478820801, 342.025146484, 421.497711182, 113.812110901, 185.716003418, 106.530448914, 98.3538360596, 62.7383956909], [113.799491882, 559.416320801, 706.983520508, 603.268493652, 494.963867188, 378.730407715, 284.179534912, 232.127624512, 126.414009094, 145.255874634, 106.003753662, 62.1239318848, 85.78490448], [-546.090515137, 824.608215332, 603.268493652, 866.696411133, 493.875915527, 495.200134277, 331.57913208, 392.582977295, 47.9579048157, 209.360610962, 129.108520508, 45.7742385864, 124.153320312], [-71.9960784912, 425.363433838, 494.963867188, 493.875915527, 427.299743652, 308.568115234, 230.06036377, 207.5597229, 92.8127822876, 123.132339478, 100.658836365, 46.165977478, 85.1983642578], [10.0383939743, 554.478820801, 378.730407715, 495.200134277, 308.568115234, 381.399078369, 230.625732422, 271.99331665, 94.3777618408, 139.969299316, 82.1812896729, 78.5078048706, 55.8533668518], [-6.9128947258, 342.025146484, 284.179534912, 331.57913208, 230.06036377, 230.625732422, 229.721450806, 196.519714355, 71.421875, 101.807617188, 76.1126174927, 43.2589607239, 60.4982719421], [-111.063796997, 421.497711182, 232.127624512, 392.582977295, 207.5597229, 271.99331665, 196.519714355, 276.791900635, 56.4319343567, 124.761268616, 80.1643295288, 50.9666748047, 60.383354187], [455.086029053, 113.812110901, 126.414009094, 47.9579048157, 92.8127822876, 94.3777618408, 71.421875, 56.4319343567, 151.916152954, 21.8982543945, 39.7200088501, 70.6008529663, -11.7141685486], [-52.7873764038, 185.716003418, 145.255874634, 209.360610962, 123.132339478, 139.969299316, 101.807617188, 124.761268616, 21.8982543945, 125.777366638, 50.9363555908, 34.0984802246, 45.5875778198], [3.49277305603, 106.530448914, 106.003753662, 129.108520508, 100.658836365, 82.1812896729, 76.1126174927, 80.1643295288, 39.7200088501, 50.9363555908, 73.3906173706, 26.3694667816, 34.52602005], [325.061645508, 98.3538360596, 62.1239318848, 45.7742385864, 46.165977478, 78.5078048706, 43.2589607239, 50.9666748047, 70.6008529663, 34.0984802246, 26.3694667816, 86.7449417114, -6.04275846481], [-184.214447021, 62.7383956909, 85.78490448, 124.153320312, 85.1983642578, 55.8533668518, 60.4982719421, 60.383354187, -11.7141685486, 45.5875778198, 34.52602005, -6.04275846481, 73.776008606]],
        "icov": [[0.000779482710641, 0.000470844621304, -0.00119971961249, 0.00108436623123, 0.000788993784226, -0.000770990853198, -2.20585974375e-07, -0.000497254368383, -0.00101943337359, 0.000119676180475, 0.000225942145335, -0.00183467508759, 0.000703993602656], [0.000470844621304, 0.00651756674051, -0.00110881577712, -0.00511867087334, 0.00405604485422, -0.00448248581961, -0.0011958333198, -0.000582835986279, -0.00207252567634, 0.00218052649871, 0.0013254788937, -0.00217038346455, 0.00322904274799], [-0.00119971961249, -0.00110881577712, 0.0116736628115, -0.0047493041493, -0.00926866009831, 0.00116546475329, -0.00314374570735, 0.00601664884016, -0.00120135047473, -0.0013216069201, 0.00196535536088, 0.00269314064644, -0.000232638354646], [0.00108436623123, -0.00511867087334, -0.0047493041493, 0.0183369573206, -0.00530796125531, -0.00430044252425, 0.00274331355467, -0.00692358240485, 0.00619073724374, -0.00207267375663, -0.00276392698288, 0.00137294712476, -0.00180307833944], [0.000788993784226, 0.00405604485422, -0.00926866009831, -0.00530796125531, 0.0212986525148, -0.00615007337183, -0.00144400913268, 0.00232119346038, -0.0044928775169, 0.00243032118306, -0.00430054776371, -0.000707851664629, -0.00268572894856], [-0.000770990853198, -0.00448248581961, 0.00116546475329, -0.00430044252425, -0.00615007337183, 0.0258848108351, -0.00147100840695, -0.00734987482429, -0.00155124685261, -0.00343966111541, 0.00574768381193, -0.00473784422502, 0.00129740149714], [-2.20585974375e-07, -0.0011958333198, -0.00314374570735, 0.00274331355467, -0.00144400913268, -0.00147100840695, 0.0179576985538, -0.00775290792808, -0.00153960287571, -0.000737277558073, -0.00253590918146, 0.00189598742872, -0.00399058312178], [-0.000497254368383, -0.000582835986279, 0.00601664884016, -0.00692358240485, 0.00232119346038, -0.00734987482429, -0.00775290792808, 0.0234176944941, -0.00211661425419, -0.00339894415811, -0.00416955025867, 0.00156765780412, -0.00217210059054], [-0.00101943337359, -0.00207252567634, -0.00120135047473, 0.00619073724374, -0.0044928775169, -0.00155124685261, -0.00153960287571, -0.00211661425419, 0.0193626470864, 0.00238706497476, -0.00643177563325, -0.00491013098508, 0.00376083212905], [0.000119676180475, 0.00218052649871, -0.0013216069201, -0.00207267375663, 0.00243032118306, -0.00343966111541, -0.000737277558073, -0.00339894415811, 0.00238706497476, 0.0188155211508, -0.00351322186179, -0.0052024628967, -0.0033762154635], [0.000225942145335, 0.0013254788937, 0.00196535536088, -0.00276392698288, -0.00430054776371, 0.00574768381193, -0.00253590918146, -0.00416955025867, -0.00643177563325, -0.00351322186179, 0.0305624604225, -0.0045634037815, -0.00561674917117], [-0.00183467508759, -0.00217038346455, 0.00269314064644, 0.00137294712476, -0.000707851664629, -0.00473784422502, 0.00189598742872, 0.00156765780412, -0.00491013098508, -0.0052024628967, -0.0045634037815, 0.0284576825798, 0.000290644005872], [0.000703993602656, 0.00322904274799, -0.000232638354646, -0.00180307833944, -0.00268572894856, 0.00129740149714, -0.00399058312178, -0.00217210059054, 0.00376083212905, -0.0033762154635, -0.00561674917117, 0.000290644005872, 0.0283764638007]]
    },
    "spectral_contrast_coeffs": {
        "max": [-0.536705255508, -0.530361652374, -0.59096968174, -0.727012991905, -0.677647292614, -0.568966329098],
        "mean": [-0.770761966705, -0.742198646069, -0.740561962128, -0.824722468853, -0.790720283985, -0.73929387331],
        "min": [-0.951155543327, -0.899778604507, -0.887673020363, -0.899305343628, -0.851770401001, -0.895113587379],
        "stdev": [0.0660484433174, 0.0721808597445, 0.051945310086, 0.0284854955971, 0.0286809504032, 0.0441331341863]
    },
    "spectral_contrast_valleys": {
        "max": [-5.49262905121, -5.11146783829, -4.91807222366, -5.94806289673, -6.55737447739, -8.96991062164],
        "mean": [-7.97781229019, -6.65135526657, -6.25499725342, -6.83707141876, -7.42667007446, -10.7424783707],
        "min": [-11.1011743546, -8.77202415466, -8.41418933868, -9.13921165466, -9.63049602509, -15.4571380615],
        "stdev": [1.41969907284, 0.610896706581, 0.737707912922, 0.645947277546, 0.615956246853, 1.1185529232]
    }
},
"rhythm": {
    "beats_count": 23,
    "beats_loudness": {
        "max": 0.120879881084,
        "mean": 0.0429814048111,
        "min": 0.0015619044425,
        "stdev": 0.0328983366489
    },
    "bpm": 106.405174255,
    "bpm_histogram_first_peak_bpm": 108,
    "bpm_histogram_first_peak_weight": 0.461538493633,
    "bpm_histogram_second_peak_bpm": 103,
    "bpm_histogram_second_peak_spread": 0,
    "bpm_histogram_second_peak_weight": 0.181818187237,
    "danceability": 0.843811690807,
    "onset_rate": 0.705364227295,
    "beats_loudness_band_ratio": {
        "max": [0.975371778011, 0.0777649357915, 0.707918047905, 0.625165224075, 0.150589704514, 0.164155572653],
        "mean": [0.333739936352, 0.0111979935318, 0.314089596272, 0.285607635975, 0.0601131394506, 0.0280459523201],
        "min": [0.000156668262207, 0.000675958988722, 0.00570340966806, 0.00912955403328, 0.00467750476673, 0.00302009447478],
        "stdev": [0.353490561247, 0.015225562267, 0.193937316537, 0.182924509048, 0.0406696200371, 0.0343518555164]
    },
    "beats_position": [0.452789098024, 0.905578196049, 1.369977355, 1.83437633514, 2.32199549675, 2.80961441994, 3.39011335373, 3.94739222527, 4.51628112793, 5.08516979218, 5.66566896439, 6.24616765976, 6.82666635513, 7.39555549622, 7.96444416046, 8.52172279358, 9.06739234924, 9.61306095123, 10.1703395844, 10.7276191711, 11.2848978043, 11.8421764374, 12.3994560242],
