{
"metadata": {
    "version": {
        "essentia": "2.1-beta5",
        "essentia_git_sha": "Undefined",
        "extractor": "music 2.0"
    },
    "audio_properties": {
        "analysis": {
            "equal_loudness": 0,
            "length": 32.4963264465,
            "sample_rate": 44100,
            "start_time": 29.0017242432,
            "downmix": "mix"
        },
        "bit_rate": 192000,
        "length": 192.690811157,
        "lossless": 0,
        "number_channels": 2,
        "replay_gain": 0.113119125366,
        "sample_rate": 48000,
        "codec": "mp3",
        "md5_encoded": "5a51efc77fb2503eb99909f42e2995ca"
    },
    "tags": {
        "file_name": "Finland_Monsters_Saara Aalto.mp3",
        "encoding": ["Lavf58.29.100"]
    }
},
"lowlevel": {
    "average_loudness": 0.927241742611,
    "barkbands_crest": {
        "max": 25.293056488,
        "mean": 11.7778577805,
        "min": 2.19454097748,
        "stdev": 4.60360193253
    },
    "barkbands_flatness_db": {
        "max": 0.381494373083,
        "mean": 0.173249125481,
        "min": 0.0195674598217,
        "stdev": 0.0550957508385
    },
    "barkbands_kurtosis": {
        "max": 72.4074783325,
        "mean": 5.39186048508,
        "min": -1.82843375206,
        "stdev": 8.17129611969
    },
    "barkbands_skewness": {
        "max": 6.69901132584,
        "mean": 1.48571503162,
        "min": -1.07027447224,
        "stdev": 1.19021189213
    },
    "barkbands_spread": {
        "max": 78.8192672729,
        "mean": 16.787902832,
        "min": 1.54097235203,
        "stdev": 12.1550178528
    },
    "dissonance": {
        "max": 0.49994418025,
        "mean": 0.444439411163,
        "min": 0.293941557407,
        "stdev": 0.0376004651189
    },
    "dynamic_complexity": 2.08586788177,
    "erbbands_crest": {
        "max": 31.6278457642,
        "mean": 12.659201622,
        "min": 2.47122621536,
        "stdev": 6.0147690773
    },
    "erbbands_flatness_db": {
        "max": 0.360549330711,
        "mean": 0.197196558118,
        "min": 0.0650153383613,
        "stdev": 0.0561780408025
    },
    "erbbands_kurtosis": {
        "max": 26.4429149628,
        "mean": 1.78787648678,
        "min": -1.76599812508,
        "stdev": 3.41334581375
    },
    "erbbands_skewness": {
        "max": 4.20512914658,
        "mean": 0.94419836998,
        "min": -1.44808042049,
        "stdev": 0.841770172119
    },
    "erbbands_spread": {
        "max": 135.953353882,
        "mean": 30.4156398773,
        "min": 3.38600945473,
        "stdev": 18.1910533905
    },
    "hfc": {
        "max": 81.6809310913,
        "mean": 22.7833461761,
        "min": 1.00636208057,
        "stdev": 15.2976427078
    },
    "loudness_ebu128": {
        "integrated": -23.3262729645,
        "loudness_range": 2.71437263489,
        "momentary": {
            "max": -20.9850215912,
            "mean": -23.6603431702,
            "min": -31.0271587372,
            "stdev": 1.85765969753
        },
        "short_term": {
            "max": -21.736749649,
            "mean": -23.4474449158,
            "min": -25.6126861572,
            "stdev": 0.960523486137
        }
    },
    "melbands_crest": {
        "max": 35.8685760498,
        "mean": 15.2660093307,
        "min": 4.60356712341,
        "stdev": 5.78266811371
    },
    "melbands_flatness_db": {
        "max": 0.470264106989,
        "mean": 0.220550239086,
        "min": 0.0439836159348,
        "stdev": 0.0618165098131
    },
    "melbands_kurtosis": {
        "max": 128.221710205,
        "mean": 11.6834974289,
        "min": -1.5281598568,
        "stdev": 15.8665189743
    },
    "melbands_skewness": {
        "max": 9.35664558411,
        "mean": 2.08612036705,
        "min": -1.22234892845,
        "stdev": 1.54231035709
    },
    "melbands_spread": {
        "max": 106.32888031,
        "mean": 19.5258483887,
        "min": 1.26409888268,
        "stdev": 14.183971405
    },
    "pitch_salience": {
        "max": 0.833400189877,
        "mean": 0.521590292454,
        "min": 0.157678216696,
        "stdev": 0.120357945561
    },
    "silence_rate_20dB": {
        "max": 1,
        "mean": 1,
        "min": 1,
        "stdev": 0
    },
    "silence_rate_30dB": {
        "max": 1,
        "mean": 0.987865805626,
        "min": 0,
        "stdev": 0.109484679997
    },
    "silence_rate_60dB": {
        "max": 1,
        "mean": 0.00999286212027,
        "min": 0,
        "stdev": 0.0994640737772
    },
    "spectral_centroid": {
        "max": 3750.87109375,
        "mean": 1173.45874023,
        "min": 251.143295288,
        "stdev": 599.106628418
    },
    "spectral_complexity": {
        "max": 57,
        "mean": 16.0049972534,
        "min": 2,
        "stdev": 6.84199857712
    },
    "spectral_decrease": {
        "max": -2.46204251431e-10,
        "mean": -8.35726954307e-09,
        "min": -4.34246736347e-08,
        "stdev": 5.7950941823e-09
    },
    "spectral_energy": {
        "max": 0.1695818156,
        "mean": 0.0336087904871,
        "min": 0.00102051068097,
        "stdev": 0.0225286968052
    },
    "spectral_energyband_high": {
        "max": 0.0114514240995,
        "mean": 0.000637669290882,
        "min": 7.25065456209e-06,
        "stdev": 0.000984584330581
    },
    "spectral_energyband_low": {
        "max": 0.120472975075,
        "mean": 0.0089455191046,
        "min": 2.30434234254e-05,
        "stdev": 0.0151721974835
    },
    "spectral_energyband_middle_high": {
        "max": 0.0605350509286,
        "mean": 0.00863200891763,
        "min": 0.000270795775577,
        "stdev": 0.00991239957511
    },
    "spectral_energyband_middle_low": {
        "max": 0.132469117641,
        "mean": 0.0171909071505,
        "min": 0.000227052718401,
        "stdev": 0.0145131116733
    },
    "spectral_entropy": {
        "max": 8.48525714874,
        "mean": 7.23587226868,
        "min": 5.80603265762,
        "stdev": 0.498083293438
    },
    "spectral_flux": {
        "max": 0.359305858612,
        "mean": 0.0970174521208,
        "min": 0.0149078220129,
        "stdev": 0.0480591133237
    },
    "spectral_kurtosis": {
        "max": 29.8428573608,
        "mean": 5.06601762772,
        "min": -0.996731281281,
        "stdev": 3.32137799263
    },
    "spectral_rms": {
        "max": 0.0128625687212,
        "mean": 0.00542244454846,
        "min": 0.000997807714157,
        "stdev": 0.00184014241677
    },
    "spectral_rolloff": {
        "max": 11455.6640625,
        "mean": 1227.79272461,
        "min": 64.599609375,
        "stdev": 1260.80310059
    },
    "spectral_skewness": {
        "max": 3.95872330666,
        "mean": 1.66961610317,
        "min": 0.0647987350821,
        "stdev": 0.460041224957
    },
    "spectral_spread": {
        "max": 14771589,
        "mean": 4196760,
        "min": 1554204.375,
        "stdev": 1556459.25
    },
    "spectral_strongpeak": {
        "max": 15.1739225388,
        "mean": 1.74901163578,
        "min": 0,
        "stdev": 1.83352935314
    },
    "zerocrossingrate": {
        "max": 0.2802734375,
        "mean": 0.0503145754337,
        "min": 0.00537109375,
        "stdev": 0.0302675738931
    },
    "barkbands": {
        "max": [0.0178556703031, 0.0888327583671, 0.0865984112024, 0.0423233062029, 0.0690608099103, 0.0532360449433, 0.0194327551872, 0.031729478389, 0.0271127205342, 0.0588834360242, 0.043864287436, 0.0273107662797, 0.0163723882288, 0.0150150777772, 0.0101463980973, 0.0134196123108, 0.00433371542022, 0.00313814426772, 0.0185732673854, 0.00398169225082, 0.0109629388899, 0.00267583574168, 0.00177563575562, 0.00318875326775, 0.00230080680922, 0.000462690280983, 3.17238846037e-05],
        "mean": [0.00059689959744, 0.00534887053072, 0.00261458009481, 0.00101749948226, 0.00524567440152, 0.00403287773952, 0.000906892120838, 0.00154247449245, 0.00220635184087, 0.00414019823074, 0.00144309725147, 0.00097784481477, 0.000500082271174, 0.000657994765788, 0.000285801041173, 0.00038422839134, 0.000175844834303, 0.000218378045247, 0.000505024509039, 0.000327286164975, 0.000103087018942, 7.76662200224e-05, 0.000102564066765, 0.000109730928671, 6.87944775564e-05, 1.85706630873e-05, 4.87006786898e-07],
        "min": [7.89485454789e-08, 2.52780682786e-06, 3.23087692777e-06, 4.22643154252e-07, 7.23806351743e-06, 1.19043197628e-05, 1.22292613014e-06, 5.53679228688e-07, 8.32492878544e-06, 4.08595678891e-06, 2.20024026021e-06, 7.49141827328e-06, 3.82735015592e-06, 5.10147083332e-06, 1.28049623527e-06, 4.94962478115e-07, 2.24266159421e-07, 2.72474403573e-06, 4.47088496003e-06, 2.35949255512e-06, 6.55138663319e-08, 4.59079529946e-08, 4.07946117775e-07, 9.24975154248e-08, 9.01609120696e-10, 1.26549326573e-10, 1.63787566843e-10],
        "stdev": [0.001547332271, 0.0107657462358, 0.0067811277695, 0.00275874719955, 0.00748379575089, 0.00657963519916, 0.00189096527174, 0.00309703312814, 0.00435383571312, 0.00852480065078, 0.00403060019016, 0.00231240340509, 0.00136811879929, 0.00146952609066, 0.000659643497784, 0.001200454426, 0.000363289611414, 0.000318697653711, 0.000988333486021, 0.000470575789222, 0.000382943602744, 0.000178486778168, 0.000180518662091, 0.000229719444178, 0.000183075171662, 5.33109159733e-05, 2.28968906413e-06]
    },
    "erbbands": {
        "max": [3.83815121651, 20.0743713379, 90.2155303955, 114.633659363, 233.195892334, 213.233016968, 596.069396973, 427.019012451, 349.107635498, 431.374755859, 666.163391113, 824.778930664, 2139.89916992, 1235.34924316, 1666.89111328, 779.278686523, 871.862915039, 874.53515625, 650.946350098, 376.779754639, 572.425170898, 198.104736328, 168.708251953, 757.521362305, 401.694335938, 191.036804199, 171.982284546, 517.969360352, 102.749588013, 85.9022674561, 45.154296875, 76.8034362793, 36.8263511658, 16.607963562, 23.3949165344, 5.04282665253, 0.735642075539, 0.135748028755, 0.00367510551587, 0.000259269785602],
        "mean": [0.19075524807, 1.06495940685, 2.86533594131, 3.32009458542, 9.05243301392, 18.2127799988, 36.651309967, 25.3715877533, 16.2224674225, 19.6787014008, 37.9012298584, 50.3017044067, 140.397384644, 66.5659484863, 56.6340942383, 35.2756385803, 25.3891716003, 32.4563407898, 19.8198623657, 17.0982875824, 18.6079368591, 9.47199726105, 12.3492431641, 28.5164661407, 17.0754089355, 15.6697378159, 5.88489055634, 3.7362203598, 2.78855824471, 2.60908675194, 3.13378310204, 2.59740519524, 1.59197676182, 0.867337286472, 0.43339240551, 0.13113693893, 0.0262431018054, 0.0031893667765, 0.000105217521195, 4.34873327322e-05],
        "min": [3.98624251829e-05, 0.00184202683158, 0.0045405132696, 0.0146537553519, 0.0130875501782, 0.0144310882315, 0.0654412433505, 0.116624288261, 0.0455507598817, 0.0243922676891, 0.0440637469292, 0.286491036415, 0.415934979916, 0.312430083752, 0.329261094332, 0.674489319324, 0.526574015617, 0.590973854065, 0.355691105127, 0.132384285331, 0.0334294140339, 0.0467171147466, 0.196695432067, 0.278827488422, 0.170622363687, 0.122718080878, 0.0447054132819, 0.00672281160951, 0.00905727688223, 0.00246640131809, 0.0128814978525, 0.00560419308022, 0.00040318039828, 4.88284676976e-05, 2.29229517572e-05, 1.23507379612e-05, 4.70488566862e-06, 1.01195325897e-06, 1.59230251029e-06, 1.37820404689e-06],
        "stdev": [0.391938507557, 2.3842754364, 7.00934934616, 8.79183769226, 19.248462677, 27.480014801, 58.404510498, 42.5894317627, 32.4284057617, 41.4067153931, 67.3666610718, 93.5874557495, 287.715789795, 126.208396912, 159.833877563, 65.4102401733, 64.6666259766, 68.0797958374, 40.6758270264, 33.4111175537, 51.9822807312, 17.0116615295, 18.0998096466, 49.1615867615, 29.2350616455, 22.6640892029, 11.0244579315, 16.8463306427, 6.8653588295, 5.2730846405, 5.44498109818, 5.23736476898, 3.32941889763, 1.92138564587, 1.41269445419, 0.378065466881, 0.080926142633, 0.0118925329298, 0.000324045016896, 2.94963556371e-05]
    },
    "gfcc": {
        "mean": [-6.24831104279, 112.234428406, -130.137252808, 32.6518630981, -69.565826416, 18.8143310547, -34.5974807739, 11.9420070648, -25.572019577, -9.19126415253, 1.38108181953, -8.88061332703, 0.0522044822574],
        "cov": [[2189.13671875, -886.094177246, 172.719055176, 127.734565735, 7.87079334259, 143.474304199, -129.429382324, 144.494445801, -57.0594215393, 243.144622803, -157.345062256, 185.835037231, -41.415512085], [-886.094177246, 1443.31530762, -18.9120140076, 74.1661758423, -31.5797519684, -301.628753662, 126.882759094, -233.748886108, 190.412902832, -338.06161499, 205.74458313, -328.446807861, 168.154769897], [172.719055176, -18.9120140076, 811.490722656, 149.847503662, -9.17811012268, 58.3088607788, -153.143737793, -60.6755752563, -25.0683097839, 115.117340088, -205.835006714, 140.980377197, -88.1601409912], [127.734565735, 74.1661758423, 149.847503662, 298.444091797, 46.5429954529, 4.37809610367, -33.9748306274, -55.1977157593, 93.2335968018, -4.78465986252, -7.49282836914, 0.371743172407, 20.4305515289], [7.87079334259, -31.5797519684, -9.17811012268, 46.5429954529, 223.614151001, 99.5339813232, 71.1172866821, 11.5638494492, -54.8192367554, 35.0808105469, -4.36821126938, 32.7524871826, -24.5852203369], [143.474304199, -301.628753662, 58.3088607788, 4.37809610367, 99.5339813232, 284.252655029, 90.4501190186, 48.9071655273, -101.03188324, 96.5720977783, -15.5862512589, 68.4670028687, -40.1431770325], [-129.429382324, 126.882759094, -153.143737793, -33.9748306274, 71.1172866821, 90.4501190186, 302.34552002, 21.0309829712, -38.1198425293, -30.0153369904, 114.475364685, -67.0027313232, 1.81976532936], [144.494445801, -233.748886108, -60.6755752563, -55.1977157593, 11.5638494492, 48.9071655273, 21.0309829712, 189.261291504, 0.0101176183671, 39.4073753357, 7.14679813385, 28.3295669556, -15.5019264221], [-57.0594215393, 190.412902832, -25.0683097839, 93.2335968018, -54.8192367554, -101.03188324, -38.1198425293, 0.0101176183671, 234.222885132, -32.822353363, 26.8128929138, -29.4216175079, 44.1776885986], [243.144622803, -338.06161499, 115.117340088, -4.78465986252, 35.0808105469, 96.5720977783, -30.0153369904, 39.4073753357, -32.822353363, 221.139892578, -58.7742958069, 134.086074829, -54.3356742859], [-157.345062256, 205.74458313, -205.835006714, -7.49282836914, -4.36821126938, -15.5862512589, 114.475364685, 7.14679813385, 26.8128929138, -58.7742958069, 236.901382446, -107.010536194, 62.0084037781], [185.835037231, -328.446807861, 140.980377197, 0.371743172407, 32.7524871826, 68.4670028687, -67.0027313232, 28.3295669556, -29.4216175079, 134.086074829, -107.010536194, 238.73626709, -28.6905422211], [-41.415512085, 168.154769897, -88.1601409912, 20.4305515289, -24.5852203369, -40.1431770325, 1.81976532936, -15.5019264221, 44.1776885986, -54.3356742859, 62.0084037781, -28.6905422211, 133.722213745]],
        "icov": [[0.000700764532667, 0.00057318265317, -0.000181697439984, -0.000357705313945, -3.25220644299e-05, 0.000306479632854, -0.000138219271321, -0.000108314627141, 3.7273959606e-05, -0.000280177046079, 0.000153137574671, 0.000399459066102, -0.000604990695138], [0.00057318265317, 0.00380539754406, -0.00194557849318, 0.00121725047939, -0.00201780791394, 0.00245001958683, -0.00172645843122, 0.00270403269678, -0.00209252769127, 0.00192126422189, -0.0010947023984, 0.00253465631977, -0.00285149505362], [-0.000181697439984, -0.00194557849318, 0.00306556723081, -0.0018692194717, 0.0017123662401, -0.00157096784096, 0.00125329918228, -0.00100317259785, 0.0015236834297, -0.00144162343349, 0.00168255914468, -0.00164197583217, 0.00218512909487], [-0.000357705313945, 0.00121725047939, -0.0018692194717, 0.00632609147578, -0.00279863434844, -7.70833867136e-05, -2.78797724604e-05, 0.00266598560847, -0.00373109895736, 0.00143088819459, -0.00115058617666, 0.00117316655815, -0.00146926648449], [-3.25220644299e-05, -0.00201780791394, 0.0017123662401, -0.00279863434844, 0.0075049335137, -0.00240628561005, -0.000249245640589, -0.00181501510087, 0.00262012612075, -0.00136473297607, 0.00114696612582, -0.00209175120108, 0.00213344674557], [0.000306479632854, 0.00245001958683, -0.00157096784096, -7.70833867136e-05, -0.00240628561005, 0.00787882041186, -0.00299693527631, 0.000514462124556, 0.000795306696091, -0.000535310944542, -0.000586540438235, 0.001129428274, -0.00195261219051], [-0.000138219271321, -0.00172645843122, 0.00125329918228, -2.78797724604e-05, -0.000249245640589, -0.00299693527631, 0.00621078861877, -0.00118982896674, 0.000880892388523, -0.000263207708485, -0.00156017334666, -0.000429400446592, 0.00202415231615], [-0.000108314627141, 0.00270403269678, -0.00100317259785, 0.00266598560847, -0.00181501510087, 0.000514462124556, -0.00118982896674, 0.00876346696168, -0.00306644686498, 0.00129212392494, -0.00133549771272, 0.00127151014749, -0.00121950218454], [3.7273959606e-05, -0.00209252769127, 0.0015236834297, -0.00373109895736, 0.00262012612075, 0.000795306696091, 0.000880892388523, -0.00306644686498, 0.00811857543886, -0.00187409832142, 0.00068290863419, -0.00135666318238, 0.000519081426319], [-0.000280177046079, 0.00192126422189, -0.00144162343349, 0.00143088819459, -0.00136473297607, -0.000535310944542, -0.000263207708485, 0.00129212392494, -0.00187409832142, 0.0097825769335, -0.00181916879956, -0.00260272761807, 0.000949231849518], [0.000153137574671, -0.0010947023984, 0.00168255914468, -0.00115058617666, 0.00114696612582, -0.000586540438235, -0.00156017334666, -0.00133549771272, 0.00068290863419, -0.00181916879956, 0.00816710107028, 0.00166668265592, -0.00178409647197], [0.000399459066102, 0.00253465631977, -0.00164197583217, 0.00117316655815, -0.00209175120108, 0.001129428274, -0.000429400446592, 0.00127151014749, -0.00135666318238, -0.00260272761807, 0.00166668265592, 0.00964168738574, -0.00353120756336], [-0.000604990695138, -0.00285149505362, 0.00218512909487, -0.00146926648449, 0.00213344674557, -0.00195261219051, 0.00202415231615, -0.00121950218454, 0.000519081426319, 0.000949231849518, -0.00178409647197, -0.00353120756336, 0.0124626774341]]
    },
    "melbands": {
        "max": [0.0293777044863, 0.0338665023446, 0.0188413001597, 0.0149963060394, 0.0171694234014, 0.00850696675479, 0.00456176558509, 0.00552991079167, 0.00575741427019, 0.00489439908415, 0.0108448294923, 0.00455999001861, 0.00449175480753, 0.0032310129609, 0.00225588888861, 0.0019546856638, 0.00170030049048, 0.00131476635579, 0.00113150442485, 0.00118421646766, 0.000505258503836, 0.000183005846338, 0.000432796543464, 0.000106110535853, 0.000715182512067, 0.000726183468942, 0.000256265455391, 0.000172417348949, 8.75312325661e-05, 0.000333000061801, 0.000216757820453, 4.07300358347e-05, 8.14667801023e-05, 4.4898923079e-05, 3.76843599952e-05, 2.91902906611e-05, 6.58381395624e-05, 3.00417505059e-05, 1.92192037503e-05, 1.77140318556e-05],
        "mean": [0.0015951001551, 0.00142396904994, 0.000741015945096, 0.000967430707533, 0.00121050188318, 0.000621058396064, 0.000221943104407, 0.00024130102247, 0.000337194185704, 0.000312328076689, 0.000711972475983, 0.000275450351182, 0.000184604577953, 0.000122327284771, 7.13930567144e-05, 4.86301214551e-05, 6.52929229545e-05, 3.49888796336e-05, 2.35238840105e-05, 2.92537824862e-05, 1.8086982891e-05, 9.04254102352e-06, 1.15214334073e-05, 1.01695031844e-05, 2.61277709797e-05, 1.33500507218e-05, 1.17301988212e-05, 1.01853302112e-05, 3.91413595935e-06, 2.71358021564e-06, 1.84204338893e-06, 1.58141426709e-06, 1.45592571243e-06, 1.42203214182e-06, 1.8263963284e-06, 1.73650892066e-06, 1.54529129759e-06, 1.14494980608e-06, 9.23833908928e-07, 6.63152093239e-07],
        "min": [4.86208818984e-07, 2.39190990214e-06, 2.72203919849e-06, 1.01299690414e-06, 1.18185482734e-06, 2.762892791e-06, 4.35725894476e-07, 2.09236432624e-07, 2.49747188263e-07, 1.50689720613e-06, 8.50339688441e-07, 1.26758209262e-06, 5.26775920662e-07, 6.22921106697e-07, 8.65477318257e-07, 4.0944655666e-07, 6.6725169745e-07, 3.69652042309e-07, 8.43235241632e-08, 8.27174844176e-08, 9.96569848866e-09, 1.18543059813e-08, 1.34581426892e-07, 1.28082277229e-07, 1.90686265e-07, 1.07028725438e-07, 9.02254129187e-08, 6.07337966585e-08, 1.69300804487e-08, 2.69330086011e-10, 1.14249915084e-10, 1.56550300501e-10, 7.23477722175e-10, 6.20202167401e-10, 2.28857577333e-09, 3.28817889583e-10, 2.15968420925e-09, 1.06765020436e-10, 2.75938456112e-11, 6.33202735037e-12],
        "stdev": [0.00316028180532, 0.00305559323169, 0.00162578292657, 0.00153120676987, 0.0017451310996, 0.000992634566501, 0.000436389353126, 0.000536675623152, 0.000624202482868, 0.000611684343312, 0.00148121465463, 0.000553872901946, 0.000495683052577, 0.000321862986311, 0.000163796226843, 0.000151743050083, 0.000148580656969, 8.47471383167e-05, 6.08069058217e-05, 9.29868547246e-05, 4.61063318653e-05, 1.58175662364e-05, 3.04284349113e-05, 1.2824822079e-05, 4.74427324662e-05, 3.22816849803e-05, 2.11541519093e-05, 1.67374619195e-05, 7.56540248403e-06, 1.22212459246e-05, 7.28075110601e-06, 3.83494534617e-06, 3.8480211515e-06, 2.89694639832e-06, 3.29495287588e-06, 3.26187659994e-06, 3.53595714842e-06, 2.45580554292e-06, 1.97065060092e-06, 1.56753560532e-06]
    },
    "melbands128": {
        "max": [0.0147164314985, 0.0318276323378, 0.0452043935657, 0.0402492135763, 0.047785833478, 0.0405365787446, 0.0259848050773, 0.0188143439591, 0.0312305241823, 0.0178691260517, 0.0163251310587, 0.0200489126146, 0.0278294347227, 0.0202197972685, 0.0139276888222, 0.00967026501894, 0.00976398121566, 0.00546639366075, 0.00664116209373, 0.0055680917576, 0.0102398535237, 0.00954326428473, 0.00969010591507, 0.0106252487749, 0.0099379317835, 0.0108781270683, 0.0123793361709, 0.0221103951335, 0.0187393911183, 0.00863186083734, 0.00834957603365, 0.0135473003611, 0.00742122577503, 0.0130689721555, 0.00896170642227, 0.00551786459982, 0.00246875011362, 0.00508284987882, 0.00177652167622, 0.0046562529169, 0.00402815127745, 0.00200769747607, 0.0034688282758, 0.00342280510813, 0.00414425553754, 0.00282278284431, 0.00142321677413, 0.00226502027363, 0.00120310857892, 0.000468374142656, 0.00203429511748, 0.00279795797542, 0.00106947275344, 0.000338926911354, 0.000359171448508, 0.000229560275329, 0.000486002943944, 0.000921254686546, 0.000576418126002, 0.000245825824095, 0.000247596559348, 0.000198827096028, 0.000598604790866, 0.000619936618023, 0.00317072821781, 0.000221137946937, 0.000347121065715, 0.000778541958425, 0.000283876841422, 0.000190519218449, 0.000364081788575, 0.000238020758843, 0.000215853608097, 0.000138693518238, 0.000192226638319, 0.000248549331445, 0.000691468943842, 0.00061289628502, 4.73652653454e-05, 7.44898570701e-05, 3.68685141439e-05, 4.73868640256e-05, 0.000154556546477, 9.0659923444e-05, 3.53760442522e-05, 3.2602900319e-05, 6.57919590594e-05, 6.36289551039e-05, 8.54624740896e-05, 4.01706820412e-05, 3.89911911043e-05, 3.66927524738e-05, 3.62377177225e-05, 8.29694326967e-05, 8.66911941557e-05, 3.12769698212e-05, 2.28600656555e-05, 3.12589545501e-05, 2.88407190965e-05, 2.04199350264e-05, 1.59538176376e-05, 1.42693907037e-05, 3.57390708814e-05, 2.49633540079e-05, 4.15690301452e-05, 3.90623681596e-05, 2.90200787276e-05, 9.2251739261e-06, 5.07921777171e-06, 5.67310962651e-06, 5.33764887223e-06, 3.25747714669e-06, 3.36463654094e-06, 2.37876997744e-06, 1.79480775842e-06, 2.03658623832e-06, 1.05706010345e-06, 5.34181026524e-07, 1.129545808e-07, 7.83777736046e-08, 6.10344628171e-08, 6.79203608911e-08, 7.35120231354e-09, 5.69166325182e-10, 5.57325907646e-10, 5.52567214207e-10, 5.47370038184e-10, 5.44021938609e-10],
        "mean": [0.00054139533313, 0.00164005637635, 0.0019675353542, 0.00166091124993, 0.00153735920321, 0.00121030549053, 0.000606853165664, 0.000548104580957, 0.000994407804683, 0.0009349444299, 0.000975584669504, 0.00118398549967, 0.00138356140815, 0.00118697667494, 0.000519241613802, 0.000379257427994, 0.000356933887815, 0.000154268462211, 0.000113534464617, 0.000194230684428, 0.00035868777195, 0.000247057236265, 0.000347447843524, 0.000422858924139, 0.000257053674432, 0.000286528433207, 0.000379164033802, 0.00108921644278, 0.00067826884333, 0.000187459649169, 0.000229153782129, 0.00020589507767, 0.000123695892398, 0.000251027580816, 0.000147425249452, 7.18142400729e-05, 9.36352371355e-05, 8.19518536446e-05, 4.73434338346e-05, 5.5144984799e-05, 5.4855390772e-05, 2.76641221717e-05, 6.0797236074e-05, 0.000102000492916, 4.53713655588e-05, 2.16744065256e-05, 1.830945439e-05, 3.04121640511e-05, 2.28190328926e-05, 1.17074969239e-05, 3.26885383402e-05, 4.91473729198e-05, 1.4738138816e-05, 9.15223063203e-06, 1.2161786799e-05, 7.8638904597e-06, 6.39834024696e-06, 1.40784741234e-05, 1.12701900434e-05, 1.12397819976e-05, 8.47672890814e-06, 8.31323632156e-06, 2.42105361394e-05, 3.47264503944e-05, 2.54254682659e-05, 7.71589475335e-06, 9.20572165342e-06, 1.40942001963e-05, 1.05594663182e-05, 1.1195942534e-05, 1.28762421809e-05, 8.27046642371e-06, 5.27349720869e-06, 3.09212146021e-06, 2.16139392251e-06, 2.67950736088e-06, 3.40080487149e-06, 2.12080090023e-06, 1.48743311001e-06, 1.61425191436e-06, 1.61881700933e-06, 1.50843197844e-06, 1.57623719588e-06, 1.41499970141e-06, 1.42371357015e-06, 1.40379108871e-06, 1.3484630017e-06, 1.57503598075e-06, 2.01142120204e-06, 1.83874499271e-06, 1.83316501534e-06, 1.66038330462e-06, 1.6808669443e-06, 1.56875501034e-06, 1.50102687257e-06, 1.2407633676e-06, 1.0126198049e-06, 1.08495123641e-06, 9.75057901087e-07, 7.94979939656e-07, 7.97075244918e-07, 5.80633411573e-07, 6.12290136814e-07, 5.26984308635e-07, 4.71710364991e-07, 5.08035668645e-07, 3.9140124386e-07, 2.3838779839e-07, 1.9550792274e-07, 1.70825686041e-07, 1.35340485485e-07, 1.21056189073e-07, 6.51135678709e-08, 3.40510126762e-08, 2.90560322469e-08, 4.71054732998e-08, 1.8017104253e-08, 2.06506789446e-09, 6.98763380491e-10, 6.54950593759e-10, 3.72300079654e-10, 3.22999460511e-10, 3.27605685635e-11, 6.18617266787e-12, 5.75752423168e-12, 5.28554934195e-12, 5.01410458292e-12, 4.95491278216e-12],
        "min": [7.74029551565e-09, 1.4530012038e-07, 8.15145497768e-08, 8.47958347094e-07, 1.03091235815e-06, 1.30211878968e-06, 3.14817583558e-07, 2.15575980178e-07, 2.65223377482e-07, 6.65035202019e-07, 1.49648158754e-07, 3.28977080244e-07, 2.63483940444e-07, 6.12623239249e-07, 1.00341082998e-06, 7.26285691144e-07, 2.30553894198e-07, 1.30506947471e-07, 9.85735795211e-08, 7.71299966118e-08, 5.33214929987e-08, 5.82864529974e-08, 2.25516373575e-07, 1.62305326512e-07, 4.14851939468e-07, 8.06744822057e-08, 4.22675100253e-07, 6.86733585553e-07, 4.72677584185e-07, 1.57548171842e-07, 8.15304872503e-08, 2.02605008326e-07, 2.43327690441e-07, 2.38078186499e-07, 1.26627014652e-07, 1.14942068308e-07, 2.5458143682e-07, 2.98770203244e-07, 1.14316179634e-07, 2.52580832694e-07, 1.16987735055e-07, 1.46389353972e-07, 2.12923637832e-07, 3.21499840084e-07, 1.2604107269e-07, 2.88073334076e-08, 2.23542233613e-08, 1.9380491878e-08, 9.69102913473e-08, 7.86406175735e-08, 2.04364702938e-08, 1.301264696e-08, 4.02686906043e-09, 9.56432710808e-09, 1.29274759786e-08, 1.25351728997e-08, 3.097742729e-09, 3.9675422947e-09, 2.55674379446e-08, 3.27713713943e-08, 6.88524437464e-08, 5.54048114054e-08, 7.40693835155e-08, 8.16520326907e-08, 4.00110202747e-08, 6.77823308592e-08, 5.15077154262e-08, 3.51637510221e-08, 2.87070491822e-08, 1.64374647227e-08, 2.10037516268e-08, 2.4336348492e-09, 6.55604792676e-10, 6.23156248825e-10, 2.8372579286e-10, 4.22790275012e-11, 8.37185737401e-11, 7.52811701865e-11, 1.54704912075e-11, 6.62576677551e-12, 6.73872069257e-12, 9.11145603411e-11, 2.19932655421e-10, 3.09460485015e-10, 1.30794930442e-10, 1.07063012969e-11, 1.95851820872e-10, 9.34487487392e-10, 5.63001423259e-10, 5.8674348713e-10, 6.14026746115e-11, 2.42120104348e-12, 2.90391721086e-11, 1.4124081904e-09, 6.3102822967e-10, 5.03002361985e-11, 7.60757429275e-11, 3.8891286025e-11, 8.04764501566e-12, 7.13854799925e-12, 6.17540784134e-12, 7.47908896273e-13, 1.12818023153e-12, 1.13336466948e-12, 5.79237937996e-13, 6.71084986626e-13, 5.43194775184e-13, 6.21204802008e-13, 4.953676358e-13, 5.08579886104e-13, 5.81441362071e-13, 4.1050241548e-13, 4.95768844814e-13, 4.22535379081e-13, 5.15405914562e-13, 5.67288566383e-13, 3.66744801845e-13, 5.39455849782e-13, 4.84344931783e-13, 4.88715621791e-13, 5.4873233778e-13, 5.55493964629e-13, 4.64866860284e-13, 5.18034074838e-13, 3.35900713711e-13, 1.03024800334e-13, 1.93874440563e-14, 4.6978935414e-16],
        "stdev": [0.00140866497532, 0.00354432058521, 0.00464988593012, 0.00403067655861, 0.00386567576788, 0.00320508470759, 0.00193070550449, 0.00136545847636, 0.00242990930565, 0.00182634894736, 0.00176657759584, 0.00209685065784, 0.00253845052794, 0.00238596904092, 0.00117089308333, 0.000887943839189, 0.000857155246194, 0.000424500962254, 0.000367266591638, 0.000521969224792, 0.000985863618553, 0.000676743104123, 0.000810566765722, 0.00119908247143, 0.000766387442127, 0.000980483251624, 0.00106295978185, 0.00261561805382, 0.00187059096061, 0.00060015078634, 0.000747783225961, 0.000825655646622, 0.000503400224261, 0.0010403356282, 0.000623925938271, 0.000271177326795, 0.000212061990169, 0.000299832609016, 0.000147381171701, 0.000278256251477, 0.000223495866521, 9.79907345027e-05, 0.000221381575102, 0.00026652609813, 0.000172899483005, 0.000110438384581, 6.33866293356e-05, 0.000106065177533, 7.05140264472e-05, 3.21669394907e-05, 0.000132867353386, 0.000207252596738, 5.56567756576e-05, 2.16930675379e-05, 2.65407998086e-05, 1.9449782485e-05, 1.89387192222e-05, 6.32804949419e-05, 3.43698920915e-05, 2.27605341934e-05, 1.56862752192e-05, 1.7556898456e-05, 4.99684938404e-05, 7.14445341146e-05, 0.000129075473524, 1.69530740095e-05, 2.07363355003e-05, 4.65047742182e-05, 2.38277498283e-05, 2.27955406444e-05, 3.04671648337e-05, 1.8127484509e-05, 1.37806046041e-05, 8.23420396046e-06, 7.17149623597e-06, 1.00660536191e-05, 2.59775679297e-05, 1.71346455318e-05, 3.65430696547e-06, 4.23707024311e-06, 4.16649481849e-06, 4.12214967582e-06, 6.12842859482e-06, 4.16964439864e-06, 3.00377746498e-06, 3.04093396153e-06, 3.35803747475e-06, 3.40474980476e-06, 4.52360245617e-06, 3.61270394933e-06, 3.83214683097e-06, 3.58905208486e-06, 3.44232898897e-06, 4.00830640501e-06, 4.23228902946e-06, 2.80272888631e-06, 2.10339749174e-06, 2.59399394054e-06, 2.2248705136e-06, 1.83114298125e-06, 1.92775655705e-06, 1.39613450756e-06, 1.87949137853e-06, 1.70617693129e-06, 1.79242044851e-06, 2.02647993319e-06, 1.45515355143e-06, 7.42280064969e-07, 5.00759938404e-07, 4.89607259624e-07, 4.47681628657e-07, 3.82851567338e-07, 2.42968269504e-07, 1.63825163213e-07, 1.25452487509e-07, 1.82617355904e-07, 8.37763920458e-08, 2.01470662375e-08, 6.1533405038e-09, 5.26103338672e-09, 3.29567573232e-09, 3.21973936401e-09, 3.35464267476e-10, 2.5962345121e-11, 2.52670679518e-11, 2.51227077336e-11, 2.48573089195e-11, 2.47159844674e-11]
    },
    "mfcc": {
        "mean": [-643.112487793, 130.882965088, 1.22948980331, 13.4546976089, 0.806471586227, -4.02931451797, 9.14317035675, 9.07197856903, -13.7534446716, 11.0445461273, -7.53735351562, -6.86585521698, -3.9504942894],
        "cov": [[2202.58618164, -803.359436035, 33.3213195801, 19.7282848358, 56.3115119934, 17.220539093, -66.7364807129, -82.4304733276, 197.438217163, -70.5049743652, -21.9906826019, 117.153022766, 181.76864624], [-803.359436035, 1098.90014648, 38.645778656, 129.727920532, -53.0196647644, -89.0064315796, -18.1224212646, 8.73431301117, -106.314094543, 72.9106063843, -70.8884048462, -62.620716095, -117.077163696], [33.3213195801, 38.645778656, 612.491516113, 118.371620178, 72.5289459229, 113.545623779, -133.793014526, -58.0274200439, 65.9819335938, -100.674911499, 31.1794528961, 72.4466323853, -48.7443695068], [19.7282848358, 129.727920532, 118.371620178, 267.016265869, 50.7460365295, 48.9045715332, -119.381507874, -1.11332559586, 39.8414115906, -33.7615699768, -21.1043395996, 50.7744102478, 6.50889253616], [56.3115119934, -53.0196647644, 72.5289459229, 50.7460365295, 197.776229858, 11.5464992523, -24.0799274445, -4.77432060242, 21.2119159698, -17.9644107819, -24.1435432434, 26.7265701294, 39.5048789978], [17.220539093, -89.0064315796, 113.545623779, 48.9045715332, 11.5464992523, 309.888244629, 55.2540054321, -0.61517983675, 55.5069465637, -73.8933868408, 50.9454421997, 28.0307178497, 10.7920370102], [-66.7364807129, -18.1224212646, -133.793014526, -119.381507874, -24.0799274445, 55.2540054321, 431.682373047, 55.5758361816, -102.495323181, 112.034141541, 40.3441696167, -99.1385803223, -3.66182684898], [-82.4304733276, 8.73431301117, -58.0274200439, -1.11332559586, -4.77432060242, -0.61517983675, 55.5758361816, 157.524230957, -15.6535835266, 61.1890296936, 2.42773723602, -34.4248580933, -1.47829866409], [197.438217163, -106.314094543, 65.9819335938, 39.8414115906, 21.2119159698, 55.5069465637, -102.495323181, -15.6535835266, 194.146713257, -82.6298751831, 11.1276807785, 63.9949455261, 17.4663009644], [-70.5049743652, 72.9106063843, -100.674911499, -33.7615699768, -17.9644107819, -73.8933868408, 112.034141541, 61.1890296936, -82.6298751831, 211.688232422, 12.6952438354, -31.8781929016, -1.0614849329], [-21.9906826019, -70.8884048462, 31.1794528961, -21.1043395996, -24.1435432434, 50.9454421997, 40.3441696167, 2.42773723602, 11.1276807785, 12.6952438354, 115.415817261, 14.3922576904, -9.92660808563], [117.153022766, -62.620716095, 72.4466323853, 50.7744102478, 26.7265701294, 28.0307178497, -99.1385803223, -34.4248580933, 63.9949455261, -31.8781929016, 14.3922576904, 156.912963867, 56.6499824524], [181.76864624, -117.077163696, -48.7443695068, 6.50889253616, 39.5048789978, 10.7920370102, -3.66182684898, -1.47829866409, 17.4663009644, -1.0614849329, -9.92660808563, 56.6499824524, 147.676025391]],
        "icov": [[0.000756140274461, 0.000558432831895, -0.000129847278004, -0.00033526396146, 0.00024222144566, 0.000223354509217, -0.000179251888767, 0.000422154815169, -0.000608678965364, -0.00024474755628, 0.000499622896314, 6.48282803013e-05, -0.000518452899996], [0.000558432831895, 0.00165915780235, -0.000188883990631, -0.00103317736648, 0.000563020643312, 0.000356969190761, -0.000189832673641, 0.000424869416747, 2.72435554507e-05, -0.00052811979549, 0.00108876253944, 9.45737701841e-05, 0.000463947129901], [-0.000129847278004, -0.000188883990631, 0.00237342808396, -0.000380467041396, -0.000927376444452, -0.000680083117913, 0.000442957563791, 0.000331927818479, 0.000220988469664, 0.000474620814202, -0.000777147826739, -0.000719157862477, 0.00132325966842], [-0.00033526396146, -0.00103317736648, -0.000380467041396, 0.00567070394754, -0.00113098521251, -0.00130314310081, 0.00142017100006, -0.000848736788612, 6.71133966534e-05, -0.000205076168641, 0.000410660752095, -0.000776556611527, -4.13703673985e-05], [0.00024222144566, 0.000563020643312, -0.000927376444452, -0.00113098521251, 0.00625945441425, 0.000348398869392, -0.000478565809317, 7.37951995688e-05, -0.000424813799327, -0.000120837918075, 0.00166542711668, 2.07414068427e-05, -0.00166572653688], [0.000223354509217, 0.000356969190761, -0.000680083117913, -0.00130314310081, 0.000348398869392, 0.00496670138091, -0.00174833787605, -0.000408770050853, -0.000887532194611, 0.00190679566003, -0.00141303730197, -0.000371328991605, -0.000496422697324], [-0.000179251888767, -0.000189832673641, 0.000442957563791, 0.00142017100006, -0.000478565809317, -0.00174833787605, 0.00426027318463, -0.000292486569379, 0.00124269875232, -0.00155609252397, -0.00103642512113, 0.00183954136446, -0.000421247968916], [0.000422154815169, 0.000424869416747, 0.000331927818479, -0.000848736788612, 7.37951995688e-05, -0.000408770050853, -0.000292486569379, 0.00797704420984, -0.00113039615098, -0.00248076952994, 0.000357851502486, 0.00169265724253, -0.000462476251414], [-0.000608678965364, 2.72435554507e-05, 0.000220988469664, 6.71133966534e-05, -0.000424813799327, -0.000887532194611, 0.00124269875232, -0.00113039615098, 0.00810840539634, 0.00215971586294, -0.000963352387771, -0.00195144629106, 0.000779129040893], [-0.00024474755628, -0.00052811979549, 0.000474620814202, -0.000205076168641, -0.000120837918075, 0.00190679566003, -0.00155609252397, -0.00248076952994, 0.00215971586294, 0.00799270439893, -0.0017558040563, -0.0011213287944, -8.04088085715e-06], [0.000499622896314, 0.00108876253944, -0.000777147826739, 0.000410660752095, 0.00166542711668, -0.00141303730197, -0.00103642512113, 0.000357851502486, -0.000963352387771, -0.0017558040563, 0.0116487704217, -0.00177664635703, 0.00117508566473], [6.48282803013e-05, 9.45737701841e-05, -0.000719157862477, -0.000776556611527, 2.07414068427e-05, -0.000371328991605, 0.00183954136446, 0.00169265724253, -0.00195144629106, -0.0011213287944, -0.00177664635703, 0.0107723232359, -0.00415286794305], [-0.000518452899996, 0.000463947129901, 0.00132325966842, -4.13703673985e-05, -0.00166572653688, -0.000496422697324, -0.000421247968916, -0.000462476251414, 0.000779129040893, -8.04088085715e-06, 0.00117508566473, -0.00415286794305, 0.0102628022432]]
    },
    "spectral_contrast_coeffs": {
        "max": [-0.431535035372, -0.459829360247, -0.408213436604, -0.557458162308, -0.540197491646, -0.52838408947],
        "mean": [-0.692928373814, -0.729872226715, -0.703198432922, -0.770603656769, -0.750220775604, -0.77212280035],
        "min": [-0.881230115891, -0.914342343807, -0.908393502235, -0.911737680435, -0.884878516197, -0.880898714066],
        "stdev": [0.0868927836418, 0.0774688646197, 0.0946151092649, 0.0655166953802, 0.0710819512606, 0.0437415353954]
    },
    "spectral_contrast_valleys": {
        "max": [-4.55216932297, -4.76351213455, -5.37239980698, -6.00676965714, -5.83012580872, -8.04474544525],
        "mean": [-6.63987779617, -6.7662062645, -7.26994132996, -7.78956222534, -7.86178207397, -10.5656061172],
        "min": [-8.74458122253, -8.87518787384, -8.73311901093, -9.46124362946, -10.0336990356, -13.5895757675],
        "stdev": [0.667456328869, 0.6328779459, 0.492824494839, 0.576533555984, 0.636991620064, 1.0515639782]
    }
},
"rhythm": {
    "beats_count": 65,
    "beats_loudness": {
        "max": 0.135427221656,
        "mean": 0.0413492135704,
        "min": 0.00734174298123,
        "stdev": 0.0290318038315
    },
    "bpm": 122.075721741,
    "bpm_histogram_first_peak_bpm": 123,
    "bpm_histogram_first_peak_weight": 0.382978737354,
    "bpm_histogram_second_peak_bpm": 117,
    "bpm_histogram_second_peak_spread": 0,
    "bpm_histogram_second_peak_weight": 0.25,
    "danceability": 1.07369196415,
    "onset_rate": 3.35302710533,
    "beats_loudness_band_ratio": {
        "max": [0.963353812695, 0.933080196381, 0.804057955742, 0.937762260437, 0.427772462368, 0.479294002056],
        "mean": [0.265955716372, 0.233050256968, 0.219516471028, 0.224694564939, 0.0776212289929, 0.0644633620977],
        "min": [0.00168950541411, 0.00296041276306, 0.00395884923637, 0.0080438554287, 0.000676506548189, 0.00099106610287],
        "stdev": [0.279579222202, 0.214387238026, 0.202522113919, 0.209128752351, 0.0947724953294, 0.0854295194149]
    },
    "beats_position": [0.487619042397, 0.986848056316, 1.47446703911, 1.97369611263, 2.48453521729, 2.99537420273, 3.50621318817, 4.01705217361, 4.52789115906, 5.0387301445, 5.54956912994, 6.06040811539, 6.57124710083, 7.08208608627, 7.59292507172, 8.10376358032, 8.6146030426, 9.11383247375, 9.61306095123, 10.1006803513, 10.5882987976, 11.0759181976, 11.5751476288, 12.0743761063, 12.5619955063, 13.0496139526, 13.5372333527, 14.0248527527, 14.5240812302, 15.0233106613, 15.5109291077, 16.0101585388, 16.4977779388, 16.9737873077, 17.4846248627, 17.995464325, 18.483083725, 18.9474830627, 19.4351024628, 19.9227199554, 20.4219493866, 20.9211788177, 21.4204082489, 21.9196376801, 22.4072551727, 22.8948745728, 23.3824939728, 23.8701133728, 24.3577327728, 24.8453502655, 25.3445796967, 25.8438091278, 26.3314285278, 26.8190479279, 27.3066654205, 27.7942848206, 28.2935142517, 28.7927436829, 29.2803630829, 29.7679805756, 30.2555999756, 30.7432193756, 31.2540588379, 31.7416782379, 32.2292976379],
