{
"metadata": {
    "version": {
        "essentia": "2.1-beta5",
        "essentia_git_sha": "Undefined",
        "extractor": "music 2.0"
    },
    "audio_properties": {
        "analysis": {
            "equal_loudness": 0,
            "length": 31.6487979889,
            "sample_rate": 44100,
            "start_time": 162.493240356,
            "downmix": "mix"
        },
        "bit_rate": 192000,
        "length": 194.165267944,
        "lossless": 0,
        "number_channels": 2,
        "replay_gain": -1.94751739502,
        "sample_rate": 48000,
        "codec": "mp3",
        "md5_encoded": "99c41d8c4e5d8e12048bcdb25f0d5411"
    },
    "tags": {
        "file_name": "Russia_I Won_t Break_Julia Samoylova.mp3",
        "encoding": ["Lavf58.29.100"]
    }
},
"lowlevel": {
    "average_loudness": 0.817425906658,
    "barkbands_crest": {
        "max": 25.4272651672,
        "mean": 10.7815322876,
        "min": 3.1414911747,
        "stdev": 4.84110450745
    },
    "barkbands_flatness_db": {
        "max": 0.463525950909,
        "mean": 0.158409759402,
        "min": 0.0277852583677,
        "stdev": 0.0732795000076
    },
    "barkbands_kurtosis": {
        "max": 79.667427063,
        "mean": 3.23608398438,
        "min": -1.44263982773,
        "stdev": 6.64580821991
    },
    "barkbands_skewness": {
        "max": 7.61927509308,
        "mean": 1.11193156242,
        "min": -0.742695510387,
        "stdev": 1.14065063
    },
    "barkbands_spread": {
        "max": 62.3850326538,
        "mean": 17.752363205,
        "min": 0.89627045393,
        "stdev": 10.3806886673
    },
    "dissonance": {
        "max": 0.500000119209,
        "mean": 0.460183680058,
        "min": 0.258214116096,
        "stdev": 0.0320413894951
    },
    "dynamic_complexity": 4.29580402374,
    "erbbands_crest": {
        "max": 28.9640331268,
        "mean": 12.9006309509,
        "min": 3.3674519062,
        "stdev": 5.58387756348
    },
    "erbbands_flatness_db": {
        "max": 0.404845863581,
        "mean": 0.211126640439,
        "min": 0.0756184086204,
        "stdev": 0.059151019901
    },
    "erbbands_kurtosis": {
        "max": 15.3123645782,
        "mean": 1.60847294331,
        "min": -1.59240472317,
        "stdev": 1.92031383514
    },
    "erbbands_skewness": {
        "max": 3.44174671173,
        "mean": 0.910821259022,
        "min": -1.13480389118,
        "stdev": 0.665945529938
    },
    "erbbands_spread": {
        "max": 94.415397644,
        "mean": 22.0772571564,
        "min": 4.99853944778,
        "stdev": 10.5784254074
    },
    "hfc": {
        "max": 89.76222229,
        "mean": 22.6396331787,
        "min": 0.157819539309,
        "stdev": 18.0411815643
    },
    "loudness_ebu128": {
        "integrated": -21.3518390656,
        "loudness_range": 8.00417137146,
        "momentary": {
            "max": -17.1457691193,
            "mean": -23.7681922913,
            "min": -39.7685852051,
            "stdev": 5.10010385513
        },
        "short_term": {
            "max": -17.9567680359,
            "mean": -23.3630161285,
            "min": -30.4200496674,
            "stdev": 3.4725394249
        }
    },
    "melbands_crest": {
        "max": 35.9608154297,
        "mean": 14.2886228561,
        "min": 3.46980428696,
        "stdev": 6.11630868912
    },
    "melbands_flatness_db": {
        "max": 0.558310687542,
        "mean": 0.201114758849,
        "min": 0.0575879737735,
        "stdev": 0.0855744406581
    },
    "melbands_kurtosis": {
        "max": 77.9683227539,
        "mean": 6.01623296738,
        "min": -1.30747807026,
        "stdev": 9.07942581177
    },
    "melbands_skewness": {
        "max": 6.97435426712,
        "mean": 1.54554891586,
        "min": -0.50747436285,
        "stdev": 1.24010264874
    },
    "melbands_spread": {
        "max": 74.0640487671,
        "mean": 23.6535415649,
        "min": 1.35177540779,
        "stdev": 13.6235942841
    },
    "pitch_salience": {
        "max": 0.864863395691,
        "mean": 0.550052165985,
        "min": 0.146717339754,
        "stdev": 0.138569697738
    },
    "silence_rate_20dB": {
        "max": 1,
        "mean": 1,
        "min": 1,
        "stdev": 0
    },
    "silence_rate_30dB": {
        "max": 1,
        "mean": 1,
        "min": 1,
        "stdev": 0
    },
    "silence_rate_60dB": {
        "max": 1,
        "mean": 0.162756592035,
        "min": 0,
        "stdev": 0.369142651558
    },
    "spectral_centroid": {
        "max": 2897.62182617,
        "mean": 1333.72497559,
        "min": 260.421875,
        "stdev": 530.095214844
    },
    "spectral_complexity": {
        "max": 46,
        "mean": 19.3233146667,
        "min": 0,
        "stdev": 9.9597568512
    },
    "spectral_decrease": {
        "max": -4.42990574778e-11,
        "mean": -5.8984270801e-09,
        "min": -2.36330262027e-08,
        "stdev": 4.13975431712e-09
    },
    "spectral_energy": {
        "max": 0.0973382592201,
        "mean": 0.0243154875934,
        "min": 0.00018724797701,
        "stdev": 0.017067456618
    },
    "spectral_energyband_high": {
        "max": 0.00700658885762,
        "mean": 0.000618520833086,
        "min": 9.71220757151e-08,
        "stdev": 0.000743542565033
    },
    "spectral_energyband_low": {
        "max": 0.0396451056004,
        "mean": 0.0045237694867,
        "min": 9.73548424099e-08,
        "stdev": 0.00627915468067
    },
    "spectral_energyband_middle_high": {
        "max": 0.0455300025642,
        "mean": 0.0110270287842,
        "min": 5.00948590343e-05,
        "stdev": 0.0101464129984
    },
    "spectral_energyband_middle_low": {
        "max": 0.0682985261083,
        "mean": 0.0093869427219,
        "min": 8.51503500598e-05,
        "stdev": 0.00979195255786
    },
    "spectral_entropy": {
        "max": 8.41076660156,
        "mean": 7.47345304489,
        "min": 5.32289123535,
        "stdev": 0.473310828209
    },
    "spectral_flux": {
        "max": 0.248753517866,
        "mean": 0.0767826661468,
        "min": 0.00815936457366,
        "stdev": 0.0438523069024
    },
    "spectral_kurtosis": {
        "max": 74.9296264648,
        "mean": 6.37870597839,
        "min": -0.704967737198,
        "stdev": 7.29088830948
    },
    "spectral_rms": {
        "max": 0.00974495522678,
        "mean": 0.00444511696696,
        "min": 0.000427411927376,
        "stdev": 0.00199082470499
    },
    "spectral_rolloff": {
        "max": 6373.828125,
        "mean": 1347.94042969,
        "min": 64.599609375,
        "stdev": 773.71875
    },
    "spectral_skewness": {
        "max": 6.20040178299,
        "mean": 1.75863564014,
        "min": 0.497562885284,
        "stdev": 0.625829458237
    },
    "spectral_spread": {
        "max": 18590986,
        "mean": 3854690.25,
        "min": 1145045.625,
        "stdev": 1331447.5
    },
    "spectral_strongpeak": {
        "max": 10.9669628143,
        "mean": 1.63380622864,
        "min": 0,
        "stdev": 1.58487701416
    },
    "zerocrossingrate": {
        "max": 0.14501953125,
        "mean": 0.0555584579706,
        "min": 0.00244140625,
        "stdev": 0.0239588320255
    },
    "barkbands": {
        "max": [0.00478608068079, 0.0345077440143, 0.0136709092185, 0.00964745786041, 0.0455727539957, 0.0233263056725, 0.0153275579214, 0.0210098214447, 0.0557311922312, 0.0362964570522, 0.0336813256145, 0.0171013213694, 0.00950914621353, 0.00555172050372, 0.0106219658628, 0.00275258906186, 0.00223928620107, 0.00236890185624, 0.0019588668365, 0.00353333097883, 0.00237106112763, 0.000882437161636, 0.00091820966918, 0.00145358557347, 0.000924712454434, 0.000502841547132, 2.55827490037e-05],
        "mean": [0.000289255229291, 0.0033102852758, 0.000763038813602, 0.000323511660099, 0.00192813749891, 0.00083263736451, 0.000560767541174, 0.00125026155729, 0.00245196931064, 0.00551918102428, 0.00232272408903, 0.000631828326732, 0.000669526052661, 0.00042149721412, 0.00122270267457, 0.000232725506066, 0.000189413927728, 0.000314979115501, 0.000232572041568, 0.000412570429035, 0.000115221708256, 8.37713596411e-05, 9.75905641099e-05, 6.42394224997e-05, 5.59492218599e-05, 1.87923778867e-05, 3.73211378246e-07],
        "min": [6.77502942636e-10, 1.03164197185e-08, 7.52781481594e-09, 1.1613738593e-07, 1.41271641496e-06, 3.82063080906e-06, 1.96985729417e-06, 5.93625236434e-06, 6.10375082033e-06, 4.09255653722e-06, 2.09437939702e-06, 1.35800769385e-06, 1.41480904858e-06, 1.16324372357e-06, 7.5102042274e-07, 6.14410168964e-07, 2.05457411084e-07, 2.27619636917e-07, 2.96910826592e-07, 9.25564336285e-08, 1.91846005748e-08, 2.63471855444e-10, 1.10247810881e-10, 1.07561133611e-10, 6.0032409599e-11, 7.54815446258e-11, 9.46153502768e-11],
        "stdev": [0.000590288022067, 0.00527114700526, 0.00147506745998, 0.000943966384511, 0.00369997415692, 0.0016196545912, 0.000953677634243, 0.00233363639563, 0.00590279325843, 0.00660570245236, 0.0041843005456, 0.0012165477965, 0.00115244917106, 0.000660607358441, 0.00154222373385, 0.00029357013409, 0.000239422006416, 0.00037509156391, 0.000242904410698, 0.000522628659382, 0.00015878850536, 0.000105494691525, 0.000131292195874, 0.000135054477141, 9.79857286438e-05, 4.62648349639e-05, 2.05878609449e-06]
    },
    "erbbands": {
        "max": [1.25018787384, 8.35893440247, 17.5935115814, 26.8292484283, 78.2144317627, 190.876754761, 238.946075439, 165.659866333, 129.47857666, 229.526580811, 562.128356934, 1422.33068848, 1411.47753906, 1397.8848877, 534.152404785, 867.64666748, 426.035705566, 355.030181885, 600.860656738, 320.013214111, 140.590240479, 119.464012146, 117.299362183, 192.694488525, 104.53742981, 214.011123657, 116.81363678, 53.7692222595, 37.4548301697, 44.6951522827, 26.8501434326, 22.4516105652, 24.0202674866, 14.0555667877, 7.50949907303, 2.4247584343, 0.949049770832, 0.119580358267, 0.00407751230523, 0.000243975184276],
        "mean": [0.111435562372, 0.664489626884, 1.0337113142, 1.04319918156, 2.18942403793, 8.33155345917, 9.94322967529, 5.1947183609, 6.49214506149, 13.2080926895, 33.7793617249, 58.3492660522, 128.545700073, 194.893188477, 51.0364952087, 26.9918403625, 30.0884284973, 27.6264228821, 54.615562439, 35.0715522766, 13.6032495499, 10.0519695282, 14.1924705505, 18.8209819794, 11.7716093063, 21.3259506226, 6.98788690567, 3.90788388252, 2.86776614189, 3.29512453079, 2.58760452271, 1.49983990192, 1.01781058311, 0.665484130383, 0.387894928455, 0.114247702062, 0.0313334055245, 0.00305011798628, 8.62038868945e-05, 3.3212480048e-05],
        "min": [4.24005605737e-07, 1.60544175287e-06, 1.32316445161e-05, 0.000332004798111, 0.00181235512719, 0.00354910315946, 0.00506816990674, 0.0370684191585, 0.027494173497, 0.0765905231237, 0.141167834401, 0.182809442282, 0.404039293528, 0.18483684957, 0.1309864223, 0.165658354759, 0.111277885735, 0.0367331877351, 0.0849374383688, 0.045443341136, 0.028246358037, 0.016214247793, 0.0150999892503, 0.0203706137836, 0.00905692111701, 0.00434594647959, 0.00121837167535, 0.000651628361084, 0.000171008519828, 1.98326724785e-05, 4.79921391161e-06, 3.3214139421e-06, 2.95019003715e-06, 1.8541368263e-06, 1.21344635318e-06, 6.41746908059e-07, 3.48441773212e-07, 1.06021389001e-07, 1.62292280947e-07, 2.42802713046e-07],
        "stdev": [0.182390019298, 1.14159667492, 1.83186495304, 2.5724697113, 5.80135679245, 17.5002231598, 19.7926025391, 8.80505847931, 9.06326675415, 21.8402290344, 64.7493515015, 133.675292969, 205.422668457, 263.418884277, 70.5708618164, 50.7139778137, 48.2647514343, 38.6483726501, 77.21875, 38.041683197, 15.2980546951, 12.8893184662, 17.1184711456, 20.6894397736, 13.1807365417, 28.1538505554, 8.70968341827, 4.94556570053, 3.81793832779, 4.15594863892, 3.57551670074, 2.68682384491, 2.25367426872, 1.22284007072, 0.69188606739, 0.247061893344, 0.0825909003615, 0.0103470738977, 0.000257804786088, 2.56160747085e-05]
    },
    "gfcc": {
        "mean": [-32.9354476929, 103.300865173, -152.300689697, 15.00760746, -68.1600570679, 16.8096580505, -23.9468307495, 10.8950309753, -21.3089981079, -0.262671649456, -13.5119695663, -3.61616182327, 0.444273144007],
        "cov": [[10681.8896484, -4300.44677734, 798.044189453, 927.44708252, 111.420852661, 1681.92785645, -567.69354248, 1746.06689453, -599.013427734, 824.409851074, -326.458374023, 492.901092529, -1.82217156887], [-4300.44677734, 2964.91918945, 166.631530762, -83.1036224365, 521.339538574, -847.047058105, 479.466125488, -857.046325684, 258.243652344, -302.517272949, 210.115280151, -184.807525635, 120.240257263], [798.044189453, 166.631530762, 970.336364746, 478.536651611, 284.957397461, 137.814880371, -93.5821456909, 54.4932937622, -184.958175659, 148.45249939, -25.1057548523, 110.144340515, 34.354057312], [927.44708252, -83.1036224365, 478.536651611, 544.287963867, 199.817337036, 261.712677002, -44.2176818848, 150.882125854, -45.7170982361, 75.5208053589, 17.9867095947, 49.8934898376, 14.4564666748], [111.420852661, 521.339538574, 284.957397461, 199.817337036, 542.273742676, 10.6873159409, 214.630111694, 27.8256855011, -4.50006389618, 101.932052612, 38.4017524719, 80.4663314819, 16.3283252716], [1681.92785645, -847.047058105, 137.814880371, 261.712677002, 10.6873159409, 477.864776611, -81.76197052, 359.876434326, -68.5386199951, 135.551971436, -13.247095108, 84.915763855, -19.3113059998], [-567.69354248, 479.466125488, -93.5821456909, -44.2176818848, 214.630111694, -81.76197052, 264.718231201, -64.7865142822, 106.603759766, 1.45912766457, 58.3126831055, 15.3365736008, 5.48506784439], [1746.06689453, -857.046325684, 54.4932937622, 150.882125854, 27.8256855011, 359.876434326, -64.7865142822, 442.761932373, -53.434589386, 180.965637207, -38.6359024048, 82.3307952881, -10.0980033875], [-599.013427734, 258.243652344, -184.958175659, -45.7170982361, -4.50006389618, -68.5386199951, 106.603759766, -53.434589386, 205.354614258, -49.3239135742, 55.4146766663, -31.2518997192, -19.6599636078], [824.409851074, -302.517272949, 148.45249939, 75.5208053589, 101.932052612, 135.551971436, 1.45912766457, 180.965637207, -49.3239135742, 202.709640503, -1.38877213001, 83.1676330566, 5.51611375809], [-326.458374023, 210.115280151, -25.1057548523, 17.9867095947, 38.4017524719, -13.247095108, 58.3126831055, -38.6359024048, 55.4146766663, -1.38877213001, 107.389480591, -3.40055608749, 30.1240978241], [492.901092529, -184.807525635, 110.144340515, 49.8934898376, 80.4663314819, 84.915763855, 15.3365736008, 82.3307952881, -31.2518997192, 83.1676330566, -3.40055608749, 113.008537292, -1.72079157829], [-1.82217156887, 120.240257263, 34.354057312, 14.4564666748, 16.3283252716, -19.3113059998, 5.48506784439, -10.0980033875, -19.6599636078, 5.51611375809, 30.1240978241, -1.72079157829, 116.309608459]],
        "icov": [[0.000513173290528, 0.00067185232183, -0.000138124145451, -0.000305960100377, -0.00049627647968, 1.35690315801e-05, -6.9040528615e-05, -0.00050341518363, 0.000158691487741, -0.000110317952931, 0.000397527677706, -2.33840582951e-05, -0.000647468259558], [0.00067185232183, 0.00564263109118, -0.00237383460626, -0.000552930869162, -0.00369973783381, 0.00385245680809, -0.0036221537739, 0.00321463495493, -0.00197316566482, 0.0016747295158, -0.00246242666617, 0.00484402198344, -0.00314749334939], [-0.000138124145451, -0.00237383460626, 0.00435280054808, -0.00260061281733, 0.000735367648304, -0.00107634812593, 0.00294752069749, -0.000208819750696, 0.00238329800777, -0.00260733766481, 0.00194019952323, -0.00368475005962, 0.00101986026857], [-0.000305960100377, -0.000552930869162, -0.00260061281733, 0.00638378132135, -0.001496879966, -0.00358986645006, 0.00166136352345, 0.000169368853676, -0.00223691458814, 0.00170787575189, -0.00102371897083, 0.0016534528695, -7.75411535869e-05], [-0.00049627647968, -0.00369973783381, 0.000735367648304, -0.001496879966, 0.0078308051452, -0.000800639623776, -0.00303023913875, -0.00302762514912, 0.0030622149352, -0.0018264693208, 0.00134059286211, -0.0040274458006, 0.00263104750775], [1.35690315801e-05, 0.00385245680809, -0.00107634812593, -0.00358986645006, -0.000800639623776, 0.011652241461, -0.0036533435341, -0.00281825102866, 0.000517040374689, 0.00249053537846, -0.00462779588997, 0.00140837638173, -5.49405122001e-05], [-6.9040528615e-05, -0.0036221537739, 0.00294752069749, 0.00166136352345, -0.00303023913875, -0.0036533435341, 0.0136560508981, -0.00112031574827, -0.00258637475781, -0.00173393764999, 0.000964282429777, -0.00475681014359, 0.00106886867434], [-0.00050341518363, 0.00321463495493, -0.000208819750696, 0.000169368853676, -0.00302762514912, -0.00281825102866, -0.00112031574827, 0.0131368534639, -0.00340768741444, -0.00391829712316, 0.000765523524024, 0.00436002807692, -0.00266398279928], [0.000158691487741, -0.00197316566482, 0.00238329800777, -0.00223691458814, 0.0030622149352, 0.000517040374689, -0.00258637475781, -0.00340768741444, 0.0107672130689, 2.14917854464e-05, -0.0021655857563, -0.0020404024981, 0.00344816036522], [-0.000110317952931, 0.0016747295158, -0.00260733766481, 0.00170787575189, -0.0018264693208, 0.00249053537846, -0.00173393764999, -0.00391829712316, 2.14917854464e-05, 0.0127026895061, -0.00381024857052, -0.00193711789325, -0.000404314952902], [0.000397527677706, -0.00246242666617, 0.00194019952323, -0.00102371897083, 0.00134059286211, -0.00462779588997, 0.000964282429777, 0.000765523524024, -0.0021655857563, -0.00381024857052, 0.016587221995, -0.00271224346943, -0.00335109373555], [-2.33840582951e-05, 0.00484402198344, -0.00368475005962, 0.0016534528695, -0.0040274458006, 0.00140837638173, -0.00475681014359, 0.00436002807692, -0.0020404024981, -0.00193711789325, -0.00271224346943, 0.0197619684041, -0.00198132148944], [-0.000647468259558, -0.00314749334939, 0.00101986026857, -7.75411535869e-05, 0.00263104750775, -5.49405122001e-05, 0.00106886867434, -0.00266398279928, 0.00344816036522, -0.000404314952902, -0.00335109373555, -0.00198132148944, 0.0123303234577]]
    },
    "melbands": {
        "max": [0.00997339375317, 0.00708279618993, 0.00385400815867, 0.0105793513358, 0.00623961631209, 0.00329269096255, 0.00226742541417, 0.00359411537647, 0.0059635755606, 0.00967473909259, 0.00700268428773, 0.00585473468527, 0.00245356187224, 0.00181074172724, 0.00105136935599, 0.00125974428374, 0.000587226182688, 0.000832045800053, 0.000961585959885, 0.000213221574086, 0.000175540102646, 0.000128258543555, 0.000104090700916, 0.00014722533524, 0.000176837682375, 4.84064003103e-05, 0.000119708805869, 0.000155689762323, 5.60340376978e-05, 7.24832425476e-05, 2.77570525213e-05, 2.16010685108e-05, 2.13114835788e-05, 2.84761572402e-05, 1.86208126252e-05, 1.34677993628e-05, 1.84364071174e-05, 1.91181497939e-05, 1.30178423206e-05, 1.20105196402e-05],
        "mean": [0.000962499238085, 0.000646502827294, 0.000198117442778, 0.000370384834241, 0.000366934313206, 0.000122021367133, 0.00010577179637, 0.000161731717526, 0.000288142560748, 0.00038766025682, 0.000626580789685, 0.000786292832345, 0.000221991052967, 8.04944356787e-05, 5.32294325239e-05, 7.26703947294e-05, 4.65097364213e-05, 7.48626553104e-05, 8.41922010295e-05, 2.28643657465e-05, 1.47519458551e-05, 1.01250598163e-05, 1.20697804959e-05, 1.36444614327e-05, 1.59741612151e-05, 6.27644021733e-06, 1.24499310914e-05, 1.40062602441e-05, 4.58256090496e-06, 2.80705717159e-06, 2.07197717828e-06, 1.62175808782e-06, 1.55036445904e-06, 1.9424378479e-06, 1.60451054398e-06, 1.11628969535e-06, 8.44338842398e-07, 7.58387159294e-07, 5.74482896809e-07, 5.60457010579e-07],
        "min": [3.52760465283e-09, 6.39572972361e-09, 1.05906153181e-07, 2.98303660884e-07, 1.94937925357e-07, 8.10987501154e-07, 4.30307721899e-07, 8.33715944282e-07, 7.37209859381e-07, 9.70076939666e-07, 2.03185118153e-06, 3.65166812344e-07, 3.66939730156e-07, 1.70017173673e-07, 3.61350714684e-07, 1.12232612537e-07, 5.79439785042e-08, 1.01218944337e-07, 4.73980179549e-08, 4.74870525125e-08, 2.03257179976e-08, 1.21149632548e-08, 1.65230442661e-08, 9.44945632853e-09, 1.27935537719e-08, 7.09402714349e-09, 4.63069005363e-09, 2.13815964933e-09, 8.09286582193e-10, 4.4507769692e-10, 3.3513439246e-10, 5.28064657973e-12, 3.01160290282e-12, 1.82806287469e-12, 1.85279569465e-12, 1.29700124338e-12, 1.29762682804e-12, 9.1357032616e-13, 4.79302253269e-13, 5.56241793077e-13],
        "stdev": [0.00152501231059, 0.00102536031045, 0.000450699153589, 0.000809999764897, 0.000642481725663, 0.000203295276151, 0.000158246810315, 0.000279873260297, 0.00057591102086, 0.00091146765044, 0.0010284895543, 0.00107681425288, 0.000340900238371, 0.000152832319145, 8.6872249085e-05, 0.000132781773573, 6.98184157955e-05, 0.000108254862425, 0.000104886843474, 2.73090390692e-05, 1.78649697773e-05, 1.37589240694e-05, 1.44365503729e-05, 1.82359963219e-05, 1.83376814675e-05, 6.83272583046e-06, 1.72811451193e-05, 1.86527395272e-05, 6.15956150796e-06, 4.29927831647e-06, 2.753022045e-06, 2.22101016334e-06, 2.03694207812e-06, 2.56368889495e-06, 2.25583062274e-06, 1.70033081304e-06, 1.74369358774e-06, 1.8095897758e-06, 1.14891486191e-06, 1.03168599708e-06]
    },
    "melbands128": {
        "max": [0.00376923079602, 0.0100884139538, 0.0164099577814, 0.0143721532077, 0.0109794298187, 0.00550663657486, 0.00658792909235, 0.00361463986337, 0.00794182531536, 0.0132282990962, 0.0119144003838, 0.0113565148786, 0.011154695414, 0.00805925857276, 0.0045799780637, 0.00464281253517, 0.00143785704859, 0.00321128685027, 0.00629093404859, 0.00397434271872, 0.00815307721496, 0.00582624040544, 0.00898950081319, 0.00956443324685, 0.0115281473845, 0.0172916911542, 0.0108910035342, 0.013905800879, 0.00678702211007, 0.00836960971355, 0.0107745807618, 0.00810036994517, 0.0030271767173, 0.00299980910495, 0.00185888970736, 0.00285462895408, 0.00415382348001, 0.00104373868089, 0.00100979546551, 0.00141533813439, 0.00236575654708, 0.0012698561186, 0.000921027443837, 0.0012152872514, 0.000847035669722, 0.00109064648859, 0.00265125185251, 0.00195108074695, 0.000753809814341, 0.00040708357119, 0.000288930372335, 0.000202751209144, 0.000253478239756, 0.000165361430845, 0.000185213328223, 0.000210823476664, 0.000212740982533, 0.000196681765374, 0.000215977750486, 0.000219611654757, 0.000232737322222, 0.000228768898523, 0.000490085745696, 0.000117830793897, 8.71916709002e-05, 6.07534748269e-05, 7.75674998295e-05, 0.000263137510046, 0.00020925377612, 0.000512199359946, 0.000327249494148, 0.000321006693412, 0.000106348459667, 6.4693929744e-05, 0.000159043935128, 0.000103565696918, 3.58371253242e-05, 2.88237570203e-05, 3.80116434826e-05, 3.30050570483e-05, 2.05022588489e-05, 2.74240992439e-05, 3.67618376913e-05, 2.45074024861e-05, 3.08641465381e-05, 5.23927810718e-05, 2.76227383438e-05, 2.52232039202e-05, 2.44016209763e-05, 1.92560582946e-05, 1.44313698911e-05, 2.04054322239e-05, 1.48517929119e-05, 1.89937527466e-05, 3.00913579849e-05, 2.77372746496e-05, 2.391209091e-05, 1.52826050908e-05, 2.07122648135e-05, 1.10770679385e-05, 1.40071751957e-05, 1.37924325827e-05, 1.06091238194e-05, 1.10598139145e-05, 1.1061863006e-05, 8.31927809486e-06, 5.40272867511e-06, 7.53763470129e-06, 6.33567833574e-06, 4.29136662206e-06, 3.35221943715e-06, 5.97728194407e-06, 3.25953214997e-06, 3.69549275092e-06, 2.26621000365e-06, 1.53232622324e-06, 1.05878700651e-06, 1.46726804928e-07, 1.61056107117e-07, 8.6503227692e-08, 6.5044204689e-08, 7.82548212896e-08, 8.7638895252e-08, 6.08953882875e-08, 6.01215006668e-08, 5.91889097734e-08, 5.86647104228e-08, 5.8329142405e-08],
        "mean": [0.000256935833022, 0.000918213045225, 0.00125745497644, 0.00106422568206, 0.000639503472485, 0.000332495372277, 0.000211663340451, 0.000143398647197, 0.00017768170801, 0.000367215339793, 0.000531491707079, 0.000432886299677, 0.000390127475839, 0.000197178174858, 0.000111303110316, 8.19585548015e-05, 7.39764582249e-05, 0.000114818780276, 0.000142925782711, 0.000121180790302, 0.000185645418242, 0.000239720349782, 0.000350953137968, 0.000257465202594, 0.000318628357491, 0.00046004136675, 0.0004981503007, 0.000884493347257, 0.000367508095223, 0.000801189569756, 0.00110522133764, 0.000435359805124, 0.000104452221422, 0.000118492440379, 7.11122629582e-05, 8.22875081212e-05, 7.15873175068e-05, 4.02048099204e-05, 4.95644999319e-05, 7.14529305696e-05, 9.65151484706e-05, 4.2386000132e-05, 4.55316148873e-05, 5.47132003703e-05, 2.37753574766e-05, 6.25801985734e-05, 0.000167413556483, 8.97101053852e-05, 5.33354505023e-05, 3.124250361e-05, 1.88180165424e-05, 1.46684342326e-05, 1.39911362567e-05, 1.58477396326e-05, 1.44857285704e-05, 8.08577442513e-06, 7.47805233914e-06, 1.06978131953e-05, 1.52109541887e-05, 1.26475124489e-05, 9.58166947385e-06, 1.42943854371e-05, 2.90678308374e-05, 1.19004971566e-05, 5.08328321303e-06, 5.05075195179e-06, 7.51679863242e-06, 9.13315034268e-06, 9.04647731659e-06, 2.42800433625e-05, 1.60378222063e-05, 9.32400871534e-06, 5.80341247769e-06, 3.47828563463e-06, 3.11897088068e-06, 3.39587768394e-06, 2.27414966503e-06, 2.12030545299e-06, 2.18640207095e-06, 1.90832361113e-06, 1.64415121162e-06, 1.50252458297e-06, 1.45858655287e-06, 1.35275411139e-06, 1.88292995063e-06, 1.94944482246e-06, 2.04962225325e-06, 1.76281662334e-06, 1.76478613412e-06, 1.23493009596e-06, 1.3142989701e-06, 1.06732454697e-06, 8.40548011638e-07, 8.00890404662e-07, 9.00044824448e-07, 8.17184002244e-07, 7.43591613173e-07, 6.15883720911e-07, 6.11202892742e-07, 5.16574004905e-07, 5.50143795408e-07, 5.98413635089e-07, 5.18673289207e-07, 5.28840701008e-07, 5.23461153534e-07, 3.49352234252e-07, 2.71414052122e-07, 2.18454161427e-07, 1.84289703498e-07, 1.50352406081e-07, 1.26326469285e-07, 1.27441239783e-07, 1.02462266227e-07, 6.92301682648e-08, 4.47366375056e-08, 2.7754218479e-08, 1.42530192093e-08, 1.16907517e-09, 2.15855930352e-10, 1.66873542762e-10, 9.75631936351e-11, 1.87654211614e-10, 2.07127703877e-10, 4.97857692572e-11, 4.84727986916e-11, 4.74516363702e-11, 4.68764159434e-11, 4.6579545776e-11],
        "min": [9.83666967325e-11, 3.07112468789e-09, 1.73058967157e-09, 2.31422014885e-09, 2.15631179579e-09, 4.50058479373e-09, 2.03040890767e-08, 5.7561599931e-08, 5.98838525434e-08, 1.01866618252e-07, 1.34672468732e-08, 7.77989868084e-08, 8.91001690206e-08, 3.23449071971e-08, 1.8430503701e-07, 3.81036159069e-07, 2.59371773836e-07, 2.16042934653e-07, 5.28781356479e-07, 1.49188764453e-07, 2.02885701128e-07, 3.01702982597e-07, 3.54973565209e-07, 1.37046455961e-07, 1.49400904093e-07, 4.37839446477e-07, 4.20005648039e-07, 2.24488530876e-07, 2.36309062984e-07, 8.4511498244e-08, 2.34822579159e-07, 2.35058891462e-07, 3.42397129316e-07, 1.58579538834e-07, 1.31409919391e-07, 1.31540332404e-07, 5.75311531748e-08, 1.83366438478e-07, 7.158946147e-08, 4.97340693073e-08, 7.24101880678e-08, 6.48724309826e-08, 3.45816673075e-08, 3.28582245857e-08, 4.49503438915e-08, 3.5018750566e-08, 2.23623999318e-08, 2.34053132431e-08, 2.54769236818e-08, 1.35169768711e-08, 8.72083738557e-09, 1.84369248757e-08, 1.29816095651e-08, 7.27915283605e-09, 8.6070741645e-09, 3.1099478548e-09, 3.15013704011e-09, 8.05187294617e-09, 5.2535189532e-09, 7.85662646052e-09, 7.2693637776e-09, 4.1884149482e-09, 7.97327359692e-09, 1.29421771078e-08, 4.96811525252e-09, 3.80612208417e-09, 3.39694272711e-09, 3.06457104138e-09, 9.693048586e-10, 4.72993422207e-10, 1.4695733519e-10, 7.96752608334e-10, 3.33161637167e-10, 7.19457771137e-10, 5.35535282786e-10, 3.43230111e-10, 5.86719561824e-10, 2.67947219967e-10, 1.29263440229e-11, 7.64601836706e-12, 4.93958866865e-12, 4.91874076192e-12, 1.15581893015e-12, 6.95920643161e-13, 1.30457081769e-12, 7.82299734974e-13, 1.63201212527e-12, 1.63471254762e-12, 9.27796468125e-13, 6.23288259113e-13, 3.55477230768e-13, 8.4669147778e-13, 8.37935623665e-13, 1.08698922259e-12, 1.2151940695e-12, 7.03270178638e-13, 4.00332111211e-13, 3.82478608247e-13, 4.58193487492e-13, 3.90966664425e-13, 4.37962518899e-13, 5.23279607579e-13, 4.09241163093e-13, 3.58700699352e-13, 4.27494031927e-13, 3.67613085155e-13, 3.5174288612e-13, 3.29845336157e-13, 2.1389098446e-13, 2.54517598403e-13, 2.85696108698e-13, 2.94669535083e-13, 3.5409086145e-13, 2.85389902899e-13, 2.14554746582e-13, 3.27332589202e-13, 3.17735556832e-13, 2.98541952878e-13, 3.11836114656e-13, 2.64952475107e-13, 3.04403149822e-13, 2.84899707992e-13, 2.83902458834e-13, 2.62554518057e-13, 2.42564215241e-13, 7.36526860551e-14, 1.142162943e-14, 4.41663863354e-16],
        "stdev": [0.000511722348165, 0.0015514328843, 0.00232353038155, 0.00186114292592, 0.00114949583076, 0.000643920968287, 0.000585972738918, 0.000407898856793, 0.000607341062278, 0.00100670591928, 0.00124291575048, 0.000962429272477, 0.000927056069486, 0.000486569013447, 0.000257056526607, 0.000173254171386, 0.000112483270641, 0.000204017822398, 0.000332885712851, 0.000255234917859, 0.000523243856151, 0.000512852508109, 0.000872199365404, 0.000720290059689, 0.000913179654162, 0.00137628847733, 0.00106273056008, 0.00175541697536, 0.000700675765984, 0.0013718836708, 0.0017694409471, 0.000936970754992, 0.000254065147601, 0.000283345289063, 0.000178289061296, 0.000201477363589, 0.000194887907128, 8.18145781523e-05, 0.000101387900941, 0.000131981287268, 0.00021497727721, 0.000100872362964, 7.789562369e-05, 0.000101199351775, 5.77270002395e-05, 0.000109912078187, 0.000325274973875, 0.000154290391947, 8.52171360748e-05, 5.48718817299e-05, 2.85209134745e-05, 2.19897538045e-05, 2.41051147896e-05, 2.11310398299e-05, 2.09452118725e-05, 1.4879930859e-05, 1.52605407493e-05, 1.72503860085e-05, 2.12953545997e-05, 1.9566850824e-05, 2.34454619203e-05, 2.57815809164e-05, 4.4048003474e-05, 1.65842520801e-05, 8.32543537399e-06, 6.60690375298e-06, 1.03853162727e-05, 2.06846925721e-05, 1.78313275683e-05, 5.10835307068e-05, 2.76718146779e-05, 2.04479656531e-05, 9.45738247538e-06, 5.61024080525e-06, 6.65808556732e-06, 6.11296582065e-06, 3.56838677362e-06, 2.96060261462e-06, 3.21503284795e-06, 3.04524382955e-06, 2.3028983378e-06, 2.37893868871e-06, 2.74043782156e-06, 2.05636365536e-06, 2.55111285696e-06, 3.08160224449e-06, 2.89268791676e-06, 2.65750736617e-06, 2.76279638456e-06, 1.90748278328e-06, 2.03950708055e-06, 1.88460364825e-06, 1.56668909312e-06, 1.66666325185e-06, 2.36653750108e-06, 2.14712713387e-06, 1.80453412213e-06, 1.3923501001e-06, 1.38334689836e-06, 9.82020651463e-07, 1.15314958293e-06, 1.1840974139e-06, 9.46105217281e-07, 9.54431015998e-07, 9.95054847408e-07, 7.22909248907e-07, 5.58138196993e-07, 5.3819525192e-07, 4.58036737427e-07, 3.71820959799e-07, 3.19044403341e-07, 3.48078287971e-07, 2.96659635524e-07, 2.38605252889e-07, 1.53881074993e-07, 1.07941311001e-07, 7.83496716394e-08, 9.06445674076e-09, 4.8041099987e-09, 3.0786415639e-09, 1.89154958363e-09, 3.26968141451e-09, 3.68745078916e-09, 1.64853730666e-09, 1.62750324328e-09, 1.6022467797e-09, 1.58804902561e-09, 1.57895951869e-09]
    },
    "mfcc": {
        "mean": [-662.951599121, 129.95249939, -24.3153343201, 2.80555915833, -15.9151983261, 1.45783090591, 3.45829463005, 5.508685112, 3.73209619522, 7.44484519958, -3.84342718124, -8.30614566803, -1.57179915905],
        "cov": [[9683.0390625, -3762.96948242, 252.115341187, -170.393127441, 654.877929688, 76.2274169922, 477.389160156, 567.988647461, 315.983917236, 764.989746094, 10.7087068558, -217.858291626, 320.45690918], [-3762.96948242, 2436.50976562, -72.2473907471, 460.359405518, -58.0999336243, 99.023651123, 15.2214326859, -278.39944458, -59.1634254456, -304.849304199, -0.370531141758, 52.5669021606, -84.4181671143], [252.115341187, -72.2473907471, 675.826477051, 292.747375488, 256.654724121, 120.422187805, 64.907081604, -42.1638755798, -31.072719574, -34.9076499939, -70.7776489258, -27.0687541962, 25.5813770294], [-170.393127441, 460.359405518, 292.747375488, 475.997558594, 263.1847229, 166.35585022, 132.91166687, -10.5634403229, 13.3068828583, 31.8319568634, -38.1636390686, -33.1922340393, 82.6901016235], [654.877929688, -58.0999336243, 256.654724121, 263.1847229, 346.844451904, 124.128120422, 166.522979736, 72.0612640381, 22.6604919434, 109.876548767, -28.1282119751, -46.2780570984, 107.431869507], [76.2274169922, 99.023651123, 120.422187805, 166.35585022, 124.128120422, 176.940078735, 88.9190750122, 54.0228996277, 2.38208460808, 42.2735023499, -3.83461999893, -4.70051574707, 72.4300918579], [477.389160156, 15.2214326859, 64.907081604, 132.91166687, 166.522979736, 88.9190750122, 231.279144287, 36.4903640747, 29.8119182587, 78.6521606445, -5.25664138794, -27.7055530548, 74.991355896], [567.988647461, -278.39944458, -42.1638755798, -10.5634403229, 72.0612640381, 54.0228996277, 36.4903640747, 193.25843811, 33.9505195618, 128.763931274, 12.1786231995, -5.85248184204, 85.3011398315], [315.983917236, -59.1634254456, -31.072719574, 13.3068828583, 22.6604919434, 2.38208460808, 29.8119182587, 33.9505195618, 96.6262359619, 51.1758575439, 21.3536396027, 1.12176287174, 15.5707349777], [764.989746094, -304.849304199, -34.9076499939, 31.8319568634, 109.876548767, 42.2735023499, 78.6521606445, 128.763931274, 51.1758575439, 215.154327393, 29.0988883972, -1.85929369926, 101.15700531], [10.7087068558, -0.370531141758, -70.7776489258, -38.1636390686, -28.1282119751, -3.83461999893, -5.25664138794, 12.1786231995, 21.3536396027, 29.0988883972, 89.1186294556, 31.4618167877, 15.7329788208], [-217.858291626, 52.5669021606, -27.0687541962, -33.1922340393, -46.2780570984, -4.70051574707, -27.7055530548, -5.85248184204, 1.12176287174, -1.85929369926, 31.4618167877, 100.21295166, 2.6324133873], [320.45690918, -84.4181671143, 25.5813770294, 82.6901016235, 107.431869507, 72.4300918579, 74.991355896, 85.3011398315, 15.5707349777, 101.15700531, 15.7329788208, 2.6324133873, 137.146606445]],
        "icov": [[0.000467410107376, 0.000787789118476, 0.000231024590903, -0.000386680389056, -0.000378940341761, 1.58641182679e-06, -0.000550961587578, 9.23857151065e-05, -0.0006773697678, -4.06585095334e-05, -0.000160989337019, 0.000266363582341, 0.000242860158323], [0.000787789118476, 0.00240036402829, 0.00128987268545, -0.00248755677603, -0.000351036316715, -0.000227855111007, -0.0010922786314, 0.000665839354042, -0.000846820592415, 0.00140406598803, -0.000687580206431, -0.000222739647143, 0.000618102611043], [0.000231024590903, 0.00128987268545, 0.00369174685329, -0.00214831228368, -0.00240158219822, -0.00106152670924, 0.000547343457583, 0.00123816600535, 0.00024808885064, 0.00192325608805, 0.000581714673899, -0.000993075896986, 0.000738900795113], [-0.000386680389056, -0.00248755677603, -0.00214831228368, 0.00879568513483, -0.0030246716924, -0.00290903938003, 0.00122304970864, 0.00170101982076, -0.00129529053811, -0.00223538698629, 0.00180393527262, 0.00115501717664, -0.00178449135274], [-0.000378940341761, -0.000351036316715, -0.00240158219822, -0.0030246716924, 0.010477591306, 0.000744463410228, -0.0030842688866, -0.00176684348844, 0.000925434404053, -0.00188213121146, 0.000396881921915, 0.00150124565698, -0.00166544481181], [1.58641182679e-06, -0.000227855111007, -0.00106152670924, -0.00290903938003, 0.000744463410228, 0.0116529883817, -0.00248012808152, -0.00394564354792, 0.00150734558702, 0.00130668422207, -0.00111426820513, -0.000740332528949, -0.00211205077358], [-0.000550961587578, -0.0010922786314, 0.000547343457583, 0.00122304970864, -0.0030842688866, -0.00248012808152, 0.00865948759019, 0.00204613665119, -0.000775605905801, -0.00113054353278, 0.00078107661102, 0.000687855237629, -0.00168713368475], [9.23857151065e-05, 0.000665839354042, 0.00123816600535, 0.00170101982076, -0.00176684348844, -0.00394564354792, 0.00204613665119, 0.0118132242933, -0.00179434742313, -0.00384371075779, 0.00153828703333, 0.000554148922674, -0.00320938765071], [-0.0006773697678, -0.000846820592415, 0.00024808885064, -0.00129529053811, 0.000925434404053, 0.00150734558702, -0.000775605905801, -0.00179434742313, 0.0142045589164, -0.00190278352238, -0.00262075127102, -0.000633462273981, 0.00191890669521], [-4.06585095334e-05, 0.00140406598803, 0.00192325608805, -0.00223538698629, -0.00188213121146, 0.00130668422207, -0.00113054353278, -0.00384371075779, -0.00190278352238, 0.0132523020729, -0.00228235288523, -0.00131425249856, -0.00353018729948], [-0.000160989337019, -0.000687580206431, 0.000581714673899, 0.00180393527262, 0.000396881921915, -0.00111426820513, 0.00078107661102, 0.00153828703333, -0.00262075127102, -0.00228235288523, 0.0153896929696, -0.00358824781142, -0.00206510815769], [0.000266363582341, -0.000222739647143, -0.000993075896986, 0.00115501717664, 0.00150124565698, -0.000740332528949, 0.000687855237629, 0.000554148922674, -0.000633462273981, -0.00131425249856, -0.00358824781142, 0.0128205129877, -0.0015695852926], [0.000242860158323, 0.000618102611043, 0.000738900795113, -0.00178449135274, -0.00166544481181, -0.00211205077358, -0.00168713368475, -0.00320938765071, 0.00191890669521, -0.00353018729948, -0.00206510815769, -0.0015695852926, 0.0160342268646]]
    },
    "spectral_contrast_coeffs": {
        "max": [-0.387331336737, -0.524645447731, -0.513742625713, -0.66364634037, -0.633341550827, -0.52702486515],
        "mean": [-0.722880482674, -0.779057204723, -0.720986306667, -0.791145384312, -0.789835214615, -0.749865949154],
        "min": [-0.919644236565, -0.920257031918, -0.908047139645, -0.898195326328, -0.889553368092, -0.864612042904],
        "stdev": [0.093684270978, 0.0716192126274, 0.0795865803957, 0.0477765277028, 0.0429939702153, 0.0483488477767]
    },
    "spectral_contrast_valleys": {
        "max": [-5.30461549759, -5.2656788826, -4.9572634697, -5.49807977676, -6.20597410202, -8.11168956757],
        "mean": [-7.40109157562, -6.65361738205, -6.92667102814, -7.48169183731, -7.79424905777, -10.8824310303],
        "min": [-11.5621900558, -8.49536514282, -8.94391059875, -9.71120929718, -10.8259143829, -16.0160942078],
        "stdev": [1.09995400906, 0.512886822224, 0.659844756126, 0.834699332714, 1.05032658577, 1.93047225475]
    }
},
"rhythm": {
    "beats_count": 48,
    "beats_loudness": {
        "max": 0.071186825633,
        "mean": 0.0250963773578,
        "min": 0.000259846041445,
        "stdev": 0.0173036158085
    },
    "bpm": 90.1352539062,
    "bpm_histogram_first_peak_bpm": 91,
    "bpm_histogram_first_peak_weight": 0.310344815254,
    "bpm_histogram_second_peak_bpm": 98,
    "bpm_histogram_second_peak_spread": 0.230769276619,
    "bpm_histogram_second_peak_weight": 0.212765946984,
    "danceability": 0.830260574818,
    "onset_rate": 2.68474125862,
    "beats_loudness_band_ratio": {
        "max": [0.916226267815, 0.904335200787, 0.735333919525, 0.667092084885, 0.244308948517, 0.206480175257],
        "mean": [0.173472300172, 0.170732453465, 0.286106020212, 0.282684713602, 0.0814058408141, 0.0492644757032],
        "min": [0.000132218629005, 0.00193604920059, 0.0279737133533, 0.0187324695289, 0.000691316847224, 0.000314281060128],
        "stdev": [0.187331169844, 0.22637540102, 0.199628338218, 0.181763723493, 0.0587518587708, 0.0532120876014]
    },
    "beats_position": [0.673378646374, 1.369977355, 2.06657600403, 2.76317453384, 3.45977306366, 4.1679816246, 4.85297060013, 5.52634906769, 6.19972801208, 6.84988641739, 7.51165533066, 8.17342376709, 8.82358264923, 9.4853515625, 10.1471195221, 10.8088884354, 11.4706573486, 12.1208162308, 12.782585144, 13.4559631348, 14.117732048, 14.7678909302, 15.4180498123, 16.0798187256, 16.7415866852, 17.4149665833, 18.0767345428, 18.7501125336, 19.365442276, 19.9807701111, 20.5844898224, 21.1998176575, 21.8151473999, 22.430475235, 23.0225849152, 23.614692688, 24.2764625549, 24.9382305145, 25.6116104126, 26.2849884033, 26.9351463318, 27.5736961365, 28.2238540649, 28.8391838074, 29.4661216736, 30.0698413849, 30.68516922, 31.3004989624],
