{
"metadata": {
    "version": {
        "essentia": "2.1-beta5",
        "essentia_git_sha": "Undefined",
        "extractor": "music 2.0"
    },
    "audio_properties": {
        "analysis": {
            "equal_loudness": 0,
            "length": 48.7502937317,
            "sample_rate": 44100,
            "start_time": 45.2440834045,
            "downmix": "mix"
        },
        "bit_rate": 192000,
        "length": 199.04145813,
        "lossless": 0,
        "number_channels": 2,
        "replay_gain": 0.662618637085,
        "sample_rate": 48000,
        "codec": "mp3",
        "md5_encoded": "b9bd283b07abc12336792c6dd3319606"
    },
    "tags": {
        "file_name": "Australia_We Got Love_Jessica Mauboy.mp3",
        "encoding": ["Lavf58.29.100"]
    }
},
"lowlevel": {
    "average_loudness": 0.977411806583,
    "barkbands_crest": {
        "max": 26.0017318726,
        "mean": 11.9837808609,
        "min": 3.02782797813,
        "stdev": 5.0057387352
    },
    "barkbands_flatness_db": {
        "max": 0.382560044527,
        "mean": 0.169685199857,
        "min": 0.0203324891627,
        "stdev": 0.0673504546285
    },
    "barkbands_kurtosis": {
        "max": 148.039901733,
        "mean": 7.32149982452,
        "min": -1.88362658024,
        "stdev": 12.8178491592
    },
    "barkbands_skewness": {
        "max": 11.4467964172,
        "mean": 1.91412079334,
        "min": -1.23698771,
        "stdev": 1.50209188461
    },
    "barkbands_spread": {
        "max": 99.8842926025,
        "mean": 20.4080429077,
        "min": 1.11415827274,
        "stdev": 13.665605545
    },
    "dissonance": {
        "max": 0.499964773655,
        "mean": 0.456429541111,
        "min": 0.275113046169,
        "stdev": 0.0354714766145
    },
    "dynamic_complexity": 1.97128736973,
    "erbbands_crest": {
        "max": 29.7670059204,
        "mean": 10.7545394897,
        "min": 2.3510119915,
        "stdev": 5.6215968132
    },
    "erbbands_flatness_db": {
        "max": 0.339390397072,
        "mean": 0.164005830884,
        "min": 0.0597733780742,
        "stdev": 0.0556160137057
    },
    "erbbands_kurtosis": {
        "max": 34.4072723389,
        "mean": 1.47194182873,
        "min": -1.82069206238,
        "stdev": 3.2296090126
    },
    "erbbands_skewness": {
        "max": 4.96642255783,
        "mean": 0.511007845402,
        "min": -2.65621113777,
        "stdev": 0.906251430511
    },
    "erbbands_spread": {
        "max": 158.46875,
        "mean": 38.3961486816,
        "min": 5.02691268921,
        "stdev": 23.9450645447
    },
    "hfc": {
        "max": 130.031204224,
        "mean": 25.3484840393,
        "min": 0.0846008732915,
        "stdev": 19.1750164032
    },
    "loudness_ebu128": {
        "integrated": -22.9475193024,
        "loudness_range": 2.63506507874,
        "momentary": {
            "max": -20.6299419403,
            "mean": -23.1391983032,
            "min": -29.1697540283,
            "stdev": 1.33782196045
        },
        "short_term": {
            "max": -21.7068881989,
            "mean": -23.0099105835,
            "min": -25.0117816925,
            "stdev": 0.955207765102
        }
    },
    "melbands_crest": {
        "max": 34.9822883606,
        "mean": 17.1405792236,
        "min": 5.17561292648,
        "stdev": 6.1390042305
    },
    "melbands_flatness_db": {
        "max": 0.478474497795,
        "mean": 0.239553272724,
        "min": 0.0679538622499,
        "stdev": 0.0734884589911
    },
    "melbands_kurtosis": {
        "max": 366.880615234,
        "mean": 21.7693061829,
        "min": -1.53612804413,
        "stdev": 36.8890533447
    },
    "melbands_skewness": {
        "max": 16.8888969421,
        "mean": 3.1252644062,
        "min": -0.675885438919,
        "stdev": 2.33589625359
    },
    "melbands_spread": {
        "max": 109.341812134,
        "mean": 18.8570823669,
        "min": 0.934875488281,
        "stdev": 13.2247028351
    },
    "pitch_salience": {
        "max": 0.81118953228,
        "mean": 0.487550407648,
        "min": 0.0890168473125,
        "stdev": 0.129360660911
    },
    "silence_rate_20dB": {
        "max": 1,
        "mean": 1,
        "min": 1,
        "stdev": 0
    },
    "silence_rate_30dB": {
        "max": 1,
        "mean": 0.931461215019,
        "min": 0,
        "stdev": 0.252670407295
    },
    "silence_rate_60dB": {
        "max": 0,
        "mean": 0,
        "min": 0,
        "stdev": 0
    },
    "spectral_centroid": {
        "max": 4116.18554688,
        "mean": 1204.50646973,
        "min": 210.890518188,
        "stdev": 575.53918457
    },
    "spectral_complexity": {
        "max": 54,
        "mean": 18.645406723,
        "min": 0,
        "stdev": 8.64726638794
    },
    "spectral_decrease": {
        "max": -5.30374910657e-11,
        "mean": -1.22491234933e-08,
        "min": -4.98149113071e-08,
        "stdev": 8.01199373512e-09
    },
    "spectral_energy": {
        "max": 0.192573323846,
        "mean": 0.0485302433372,
        "min": 0.000207849399885,
        "stdev": 0.0309335719794
    },
    "spectral_energyband_high": {
        "max": 0.0123120220378,
        "mean": 0.000935213989578,
        "min": 2.04729985853e-06,
        "stdev": 0.00148796779104
    },
    "spectral_energyband_low": {
        "max": 0.174523428082,
        "mean": 0.0269712992013,
        "min": 9.15007694857e-05,
        "stdev": 0.0286369007081
    },
    "spectral_energyband_middle_high": {
        "max": 0.0507065616548,
        "mean": 0.00758577091619,
        "min": 1.47186146933e-05,
        "stdev": 0.00815832056105
    },
    "spectral_energyband_middle_low": {
        "max": 0.0819512531161,
        "mean": 0.0148745784536,
        "min": 0.000119557618746,
        "stdev": 0.0115999635309
    },
    "spectral_entropy": {
        "max": 8.66203212738,
        "mean": 7.48962497711,
        "min": 5.47750377655,
        "stdev": 0.55354321003
    },
    "spectral_flux": {
        "max": 0.334246367216,
        "mean": 0.117981128395,
        "min": 0.0246347542852,
        "stdev": 0.0580706931651
    },
    "spectral_kurtosis": {
        "max": 65.8176498413,
        "mean": 4.33572006226,
        "min": -1.31124138832,
        "stdev": 4.17736625671
    },
    "spectral_rms": {
        "max": 0.0137068014592,
        "mean": 0.00657955184579,
        "min": 0.000450310908491,
        "stdev": 0.00201395736076
    },
    "spectral_rolloff": {
        "max": 9130.078125,
        "mean": 967.036560059,
        "min": 64.599609375,
        "stdev": 1036.75219727
    },
    "spectral_skewness": {
        "max": 5.96670198441,
        "mean": 1.57927310467,
        "min": 0.0367864742875,
        "stdev": 0.583985447884
    },
    "spectral_spread": {
        "max": 16137553,
        "mean": 4751002.5,
        "min": 1216915,
        "stdev": 1842377.875
    },
    "spectral_strongpeak": {
        "max": 10.5828046799,
        "mean": 0.977858126163,
        "min": 0,
        "stdev": 1.42103993893
    },
    "zerocrossingrate": {
        "max": 0.22705078125,
        "mean": 0.0466851256788,
        "min": 0.00390625,
        "stdev": 0.0290649626404
    },
    "barkbands": {
        "max": [0.00856309384108, 0.161473304033, 0.0697139576077, 0.0398438572884, 0.0413999035954, 0.0423349365592, 0.0451031774282, 0.0378933660686, 0.043077301234, 0.0591498278081, 0.0341158993542, 0.037194494158, 0.024274950847, 0.0121753066778, 0.0169063005596, 0.0113920262083, 0.0125085124746, 0.00504860188812, 0.00686032138765, 0.00249296217225, 0.00207325350493, 0.00259129400365, 0.00253965053707, 0.00274577527307, 0.00671079242602, 0.00137813249603, 0.000115926319268],
        "mean": [0.00134641979821, 0.0199313629419, 0.00456462614238, 0.00209818291478, 0.00468103773892, 0.00170000316575, 0.00234607094899, 0.00112855422776, 0.0015230771387, 0.00247387960553, 0.00152508472092, 0.000806398747955, 0.000642320839688, 0.000656251504552, 0.000775322027039, 0.000283836881863, 0.000308037444483, 0.000241522415308, 0.000438283401309, 0.000222790258704, 0.000139999290695, 0.000167155318195, 0.000175549197593, 0.000133433117298, 0.000174631684786, 4.40568728663e-05, 2.30786645261e-06],
        "min": [1.02093940768e-06, 2.93011544272e-05, 1.34575348056e-05, 2.82571909338e-06, 4.33534041804e-05, 1.09460233944e-05, 2.1865475901e-06, 4.49204299002e-06, 2.14744113691e-06, 3.5303974073e-06, 3.9825150111e-07, 7.71484451434e-07, 3.2659826843e-07, 2.35751684841e-07, 2.2144746481e-07, 2.48350431775e-07, 9.17544923595e-07, 1.04250398181e-06, 1.60020732665e-07, 6.84897898395e-08, 3.29790328379e-09, 1.63626656668e-09, 1.86331874374e-08, 1.35606192941e-09, 1.68523181521e-10, 1.5966833411e-10, 1.66745728336e-10],
        "stdev": [0.00120015162975, 0.0263219811022, 0.00836948864162, 0.00328946113586, 0.00595703348517, 0.00288959895261, 0.00404127407819, 0.00259296782315, 0.00337308691815, 0.00591378984973, 0.00333895836957, 0.00202103960328, 0.00162484741304, 0.00129791803192, 0.00166596681811, 0.000603968102951, 0.00102898140904, 0.000473616761155, 0.00068649451714, 0.000295833073324, 0.000225891912123, 0.000289401126793, 0.000293061137199, 0.000258904619841, 0.000445517274784, 0.000110104847408, 9.59090721153e-06]
    },
    "erbbands": {
        "max": [4.43542575836, 40.7505187988, 82.807220459, 109.808609009, 146.333724976, 219.606414795, 448.024505615, 398.156677246, 672.746276855, 1135.38012695, 348.796203613, 540.226196289, 2348.79980469, 846.123474121, 1577.69274902, 1637.52941895, 1214.66943359, 775.742614746, 966.436279297, 1267.08520508, 453.395019531, 801.205078125, 311.199584961, 366.180755615, 487.155700684, 100.658081055, 74.1675338745, 82.715713501, 91.7578048706, 104.646873474, 64.7523651123, 53.6960639954, 50.3767127991, 142.618377686, 24.2871990204, 9.04013538361, 1.78823363781, 0.41315177083, 0.0104373479262, 0.000491354556289],
        "mean": [0.704033970833, 3.87160277367, 6.12897920609, 6.39667034149, 11.0544395447, 16.5096797943, 14.5364704132, 13.2284984589, 27.0394611359, 40.0191726685, 20.5995769501, 29.2044811249, 94.8402709961, 48.5043182373, 58.3101387024, 34.60779953, 26.548500061, 41.8382225037, 27.5412940979, 39.8584671021, 15.4552574158, 17.6230449677, 12.1808481216, 17.6626243591, 21.4282112122, 10.9405698776, 6.53351545334, 5.31680011749, 5.27794742584, 6.36153173447, 4.97050666809, 2.98427629471, 2.3033349514, 2.58486294746, 0.871888041496, 0.24946808815, 0.0687824115157, 0.0113356923684, 0.000375707430067, 6.92879766575e-05],
        "min": [0.000541763904039, 0.00799844134599, 0.0406410545111, 0.100379608572, 0.10864366591, 0.125164687634, 0.0934980362654, 0.0863987505436, 0.159805729985, 0.203588500619, 0.142582252622, 0.0473984219134, 0.10757085681, 0.0673046931624, 0.0135988676921, 0.0323512591422, 0.0325731784105, 0.0137408273295, 0.013936907053, 0.0331034399569, 0.025904469192, 0.0586894862354, 0.0612345039845, 0.054477147758, 0.0110100852326, 0.0043011973612, 0.000383216305636, 0.000323638436384, 0.000333402364049, 0.000900027167518, 0.00277694454417, 0.000281952583464, 4.35916736024e-05, 2.67458290182e-05, 1.46775892063e-05, 5.63588309888e-06, 2.45310616265e-06, 4.30160611131e-07, 2.3630780106e-06, 8.86602663286e-07],
        "stdev": [0.825180768967, 6.13629198074, 10.5277748108, 9.61152839661, 15.1422119141, 26.5245914459, 27.552822113, 23.8908100128, 47.3665313721, 87.7280273438, 31.7643013, 52.3729896545, 229.599990845, 77.5006256104, 125.131011963, 80.9993591309, 63.1892089844, 83.0610275269, 59.6938552856, 93.8581008911, 28.088634491, 61.3325195312, 24.9316768646, 25.4389915466, 37.9924507141, 14.1494369507, 9.09952449799, 9.3133392334, 9.23095226288, 11.005531311, 8.18689250946, 5.83744430542, 4.51847410202, 7.64144802094, 2.02766776085, 0.577089548111, 0.187711969018, 0.0384533591568, 0.00114370358642, 5.45234288438e-05]
    },
    "gfcc": {
        "mean": [13.8364677429, 115.839874268, -110.243865967, 45.1947250366, -60.3331336975, 27.765832901, -28.8421077728, 13.7028770447, -16.5020427704, -3.20140957832, -1.96984994411, -7.09682130814, -1.47328722477],
        "cov": [[3470.69360352, -1865.23547363, -15.3671140671, -304.524169922, 5.08524274826, 356.138885498, -182.794509888, 249.865203857, -379.637084961, 645.003112793, -390.231933594, 362.094238281, -330.854614258], [-1865.23547363, 1730.04614258, -443.570617676, -15.0637311935, 94.7959823608, -251.711898804, 240.348449707, -272.453125, 306.235351562, -505.171478271, 376.819458008, -361.088989258, 256.716247559], [-15.3671140671, -443.570617676, 849.546020508, 60.1822433472, -181.511123657, -32.4714927673, -217.913696289, 85.1452941895, -134.979888916, 113.86190033, -189.451065063, 100.319061279, -106.075569153], [-304.524169922, -15.0637311935, 60.1822433472, 395.231964111, -14.7890634537, -54.0571098328, 18.1704769135, 1.10925662518, 83.8295516968, -45.5039329529, 39.1778640747, -10.9439086914, 60.5575942993], [5.08524274826, 94.7959823608, -181.511123657, -14.7890634537, 222.204452515, 25.946231842, 77.6534042358, -17.5903663635, 32.5977668762, 12.4337873459, 29.0713386536, 6.69262742996, 7.71542692184], [356.138885498, -251.711898804, -32.4714927673, -54.0571098328, 25.946231842, 267.994628906, 51.6567878723, 13.095533371, -61.29347229, 113.66418457, -28.8891906738, 34.1395072937, -13.2450876236], [-182.794509888, 240.348449707, -217.913696289, 18.1704769135, 77.6534042358, 51.6567878723, 254.036514282, -81.0616073608, 55.3349494934, -45.1191291809, 69.3131637573, -48.1889419556, 29.4734554291], [249.865203857, -272.453125, 85.1452941895, 1.10925662518, -17.5903663635, 13.095533371, -81.0616073608, 186.14302063, -19.2322368622, 71.2126464844, -39.9627685547, 56.9859733582, -15.6292934418], [-379.637084961, 306.235351562, -134.979888916, 83.8295516968, 32.5977668762, -61.29347229, 55.3349494934, -19.2322368622, 193.37512207, -101.576805115, 99.159576416, -57.5559997559, 79.2137451172], [645.003112793, -505.171478271, 113.86190033, -45.5039329529, 12.4337873459, 113.66418457, -45.1191291809, 71.2126464844, -101.576805115, 313.640625, -66.7428131104, 118.777160645, -93.4129867554], [-390.231933594, 376.819458008, -189.451065063, 39.1778640747, 29.0713386536, -28.8891906738, 69.3131637573, -39.9627685547, 99.159576416, -66.7428131104, 226.800628662, -89.6801147461, 64.268989563], [362.094238281, -361.088989258, 100.319061279, -10.9439086914, 6.69262742996, 34.1395072937, -48.1889419556, 56.9859733582, -57.5559997559, 118.777160645, -89.6801147461, 173.227752686, -50.7607307434], [-330.854614258, 256.716247559, -106.075569153, 60.5575942993, 7.71542692184, -13.2450876236, 29.4734554291, -15.6292934418, 79.2137451172, -93.4129867554, 64.268989563, -50.7607307434, 143.640548706]],
        "icov": [[0.00115596363321, 0.0013197659282, 0.000807805394288, 0.000699854688719, 3.4779892303e-05, 0.000131341454107, 0.000126107988763, 0.000208472658414, 6.16339966655e-05, -0.000537774467375, 0.000283620116534, 0.000464373588329, 0.000265919079538], [0.0013197659282, 0.00561583321542, 0.000109405373223, 0.00283227092586, -0.00130728783552, 0.00237307953648, -0.00132346153259, 0.00276655238122, -0.00114352663513, 0.00199247873388, -0.00290051172487, 0.00328023964539, -0.00286509841681], [0.000807805394288, 0.000109405373223, 0.0028741103597, -0.000546632101759, 0.00143470859621, -0.000173446969711, 0.00137925555464, -0.000375707895728, 0.000660659163259, -0.00114647019655, 0.00183486193419, -0.000254883052548, 0.00158015394118], [0.000699854688719, 0.00283227092586, -0.000546632101759, 0.00455472059548, -0.000558664265554, 0.00161075103097, -0.00121351797134, 0.00129061064217, -0.00167866819538, 0.000816474144813, -0.00167579471599, 0.00125294236932, -0.00255651702173], [3.4779892303e-05, -0.00130728783552, 0.00143470859621, -0.000558664265554, 0.00636719306931, -0.00073222577339, -0.000526104413439, -0.000752649852075, -0.000356878823368, -0.00144651823211, 0.001305449754, -0.00170577759854, 0.00139728235081], [0.000131341454107, 0.00237307953648, -0.000173446969711, 0.00161075103097, -0.00073222577339, 0.00654554367065, -0.00243955734186, 0.00105836370494, 0.000770263373852, -0.000719447038136, -0.00122252805158, 0.00176136405207, -0.00321042933501], [0.000126107988763, -0.00132346153259, 0.00137925555464, -0.00121351797134, -0.000526104413439, -0.00243955734186, 0.00699843186885, 0.00113299966324, -0.000454872322734, -0.000580933876336, 0.000841642089654, -0.000560923246667, 0.00197478034534], [0.000208472658414, 0.00276655238122, -0.000375707895728, 0.00129061064217, -0.000752649852075, 0.00105836370494, 0.00113299966324, 0.00859881471843, -0.00159548048396, 0.000423671473982, -0.00166307145264, 0.00056862673955, -0.00234419293702], [6.16339966655e-05, -0.00114352663513, 0.000660659163259, -0.00167866819538, -0.000356878823368, 0.000770263373852, -0.000454872322734, -0.00159548048396, 0.00973651092499, 0.000329585949657, -0.00119649828412, -0.00079337490024, -0.00150888261851], [-0.000537774467375, 0.00199247873388, -0.00114647019655, 0.000816474144813, -0.00144651823211, -0.000719447038136, -0.000580933876336, 0.000423671473982, 0.000329585949657, 0.00813465472311, -0.00330895348452, -0.00118749891408, 0.000355411757482], [0.000283620116534, -0.00290051172487, 0.00183486193419, -0.00167579471599, 0.001305449754, -0.00122252805158, 0.000841642089654, -0.00166307145264, -0.00119649828412, -0.00330895348452, 0.010031785816, 0.000707195315044, 0.00163145549595], [0.000464373588329, 0.00328023964539, -0.000254883052548, 0.00125294236932, -0.00170577759854, 0.00176136405207, -0.000560923246667, 0.00056862673955, -0.00079337490024, -0.00118749891408, 0.000707195315044, 0.0116905234754, -0.00159819575492], [0.000265919079538, -0.00286509841681, 0.00158015394118, -0.00255651702173, 0.00139728235081, -0.00321042933501, 0.00197478034534, -0.00234419293702, -0.00150888261851, 0.000355411757482, 0.00163145549595, -0.00159819575492, 0.0136767243966]]
    },
    "melbands": {
        "max": [0.0425639972091, 0.0369160398841, 0.0168191436678, 0.00963241606951, 0.0120863327757, 0.00943884719163, 0.00933680962771, 0.0114504909143, 0.00260627223179, 0.00447066733614, 0.0116392141208, 0.00396821927279, 0.00501573598012, 0.00491155870259, 0.00229421188124, 0.00234815268777, 0.0015504398616, 0.00171753647737, 0.00155075907242, 0.00111429474782, 0.000627393543255, 0.00114543607924, 0.000313808850478, 0.000274762278423, 0.000327196641592, 0.000391857465729, 0.000235169893131, 7.16238282621e-05, 5.21550391568e-05, 8.88493086677e-05, 5.10138452228e-05, 5.4441516113e-05, 6.48533678032e-05, 5.94837074459e-05, 3.82349207939e-05, 3.65385021723e-05, 3.64931802324e-05, 4.07189872931e-05, 8.8144413894e-05, 0.000133251713123],
        "mean": [0.00584556162357, 0.00377557473257, 0.00122020032723, 0.0010039700428, 0.000565187830944, 0.000314777716994, 0.000435808469774, 0.000398420612328, 0.000145787926158, 0.000213800696656, 0.000476520217489, 0.00018860961427, 0.00021603780624, 0.000110783730634, 5.79262305109e-05, 7.10337408236e-05, 7.49646133045e-05, 3.81691133953e-05, 5.79371262575e-05, 3.34927026415e-05, 1.61235820997e-05, 2.08466117328e-05, 1.02891926872e-05, 1.19434998851e-05, 1.37642036862e-05, 1.95001957763e-05, 1.00350534922e-05, 6.47427259537e-06, 4.18072750108e-06, 3.52088454747e-06, 2.88327782982e-06, 2.81189954876e-06, 3.50063760379e-06, 3.44082332049e-06, 2.99720522889e-06, 2.22767539526e-06, 1.6730639345e-06, 1.44509931488e-06, 1.9653457457e-06, 2.2591132165e-06],
        "min": [6.53902316117e-06, 1.81302020792e-05, 1.93082487385e-05, 8.40672510094e-06, 3.3602957501e-06, 2.02393380277e-06, 1.45615354086e-06, 2.03212903216e-06, 9.84483108368e-07, 2.70905815114e-07, 5.5018938383e-07, 2.98633011653e-07, 4.09917433331e-08, 6.90984478524e-08, 5.18887226519e-08, 1.78170367349e-08, 2.03851531211e-08, 2.43603182071e-08, 1.63959938959e-08, 1.8729604534e-08, 2.34808155142e-08, 5.26454115857e-08, 3.71571964308e-08, 4.65423433127e-08, 2.60743906466e-08, 6.71310829148e-09, 4.08822886655e-09, 9.87645853989e-10, 7.14889744624e-11, 1.82944943916e-11, 8.6571843444e-12, 9.3336432333e-12, 3.54459135654e-11, 1.68531064104e-10, 9.62875543187e-11, 2.65296014323e-11, 1.67837740234e-11, 3.62780508759e-12, 3.95544708098e-12, 1.26740881245e-12],
        "stdev": [0.00727381743491, 0.00555146066472, 0.00162630132399, 0.00129377201665, 0.000979587319307, 0.000545474817045, 0.000730609230231, 0.000894926313777, 0.000224726492888, 0.000430878251791, 0.00115873932373, 0.000337802397553, 0.000467223115265, 0.000274515681667, 0.000144022676977, 0.000167033736943, 0.000154891546117, 9.90521075437e-05, 0.000131050837808, 8.00420457381e-05, 3.78845870728e-05, 8.44058959046e-05, 2.59530952462e-05, 2.41971974901e-05, 2.1831407139e-05, 3.59629266313e-05, 1.76024532266e-05, 8.97694735613e-06, 5.84533381698e-06, 6.48242576062e-06, 5.20513640367e-06, 5.09885330757e-06, 6.3657703322e-06, 5.99330542173e-06, 4.88353362016e-06, 4.14864371123e-06, 3.54430380867e-06, 2.93236575999e-06, 5.06618971485e-06, 6.96186452842e-06]
    },
    "melbands128": {
        "max": [0.00676776980981, 0.037323448807, 0.0763408392668, 0.0786123648286, 0.0510012619197, 0.0326542146504, 0.0259993076324, 0.0182321649045, 0.0196524057537, 0.0157264191657, 0.0167617760599, 0.0188357196748, 0.0226705241948, 0.0155546376482, 0.00822598487139, 0.0191462188959, 0.0165677592158, 0.0146156009287, 0.0171640664339, 0.0217536129057, 0.0154058132321, 0.00610878318548, 0.00423009227961, 0.00497922254726, 0.00465232459828, 0.0065640588291, 0.0194132551551, 0.0224659796804, 0.0115574281663, 0.00938402954489, 0.00496698962525, 0.00911902263761, 0.00874940864742, 0.00826586224139, 0.00588356330991, 0.00980741623789, 0.00407782429829, 0.00470918836072, 0.00574986729771, 0.00324813066982, 0.00360265071504, 0.00539948744699, 0.00330479536206, 0.00244764611125, 0.00132006418426, 0.0039424225688, 0.00179979449604, 0.0022131013684, 0.00322837941349, 0.00361279514618, 0.00186701922212, 0.000462753552711, 0.00134167564102, 0.00125242385548, 0.00119572284166, 0.00261170859449, 0.00113723916002, 0.00084498943761, 0.000710713327862, 0.000690042739734, 0.00057592644589, 0.000373861286789, 0.000927986111492, 0.000412799185142, 0.000433971843449, 0.000826010014862, 0.00108177657239, 0.000738891598303, 0.000289015530143, 0.000188891906873, 0.000152534033987, 8.69032082846e-05, 8.27786352602e-05, 5.61738670513e-05, 6.24398671789e-05, 0.000128722429508, 0.000106722894998, 7.62741838116e-05, 6.71336674714e-05, 7.43372511351e-05, 6.83676989865e-05, 7.31400577934e-05, 8.0454556155e-05, 9.65660146903e-05, 0.000112140915007, 7.19584422768e-05, 8.17272666609e-05, 6.29748392384e-05, 4.89099584229e-05, 5.71385025978e-05, 5.18524248037e-05, 4.38541719632e-05, 3.92300389649e-05, 4.79104783153e-05, 4.35076581198e-05, 6.1319260567e-05, 4.78067995573e-05, 4.19749158027e-05, 0.000100283446955, 8.37225670693e-05, 0.00030046585016, 0.000113263951789, 5.21091315022e-05, 4.24021418439e-05, 3.72219728888e-05, 2.2193084078e-05, 1.4556525457e-05, 3.87208128814e-05, 1.06194593172e-05, 1.41175405588e-05, 1.38069144668e-05, 1.13856567623e-05, 5.24008919456e-06, 4.72939154861e-06, 5.9428843997e-06, 4.53946404377e-06, 4.41509655502e-06, 9.605159903e-07, 3.67764499742e-07, 2.22652673187e-07, 3.87970800375e-07, 5.70808197153e-07, 1.67635207049e-07, 1.04427400061e-08, 6.60856169787e-09, 6.51741016711e-09, 6.46137854332e-09, 6.42595709976e-09],
        "mean": [0.00126270751934, 0.00593532808125, 0.00760211609304, 0.00608550105244, 0.00375746865757, 0.00196422426961, 0.00129080493934, 0.000954594055656, 0.00117498938926, 0.00102569453884, 0.000945860287175, 0.000733966007829, 0.000530546589289, 0.000266490445938, 0.000208327517612, 0.000413402041886, 0.000445949292043, 0.000390794710256, 0.000463608768769, 0.000574054778554, 0.00026785035152, 0.000169860155438, 0.000143462297274, 9.72056877799e-05, 0.000126566272229, 0.00021345046116, 0.00052519980818, 0.000643336912617, 0.000305860536173, 0.000177725654794, 0.000117523253721, 0.000244023744017, 0.00028244103305, 0.00015777113731, 9.51578622335e-05, 0.000128945277538, 8.18416083348e-05, 4.19819734816e-05, 5.76120000915e-05, 4.19594471168e-05, 6.56963457004e-05, 0.000129159947392, 8.78818318597e-05, 4.50411534985e-05, 2.40895515162e-05, 4.51548330602e-05, 4.25015459768e-05, 4.51135965704e-05, 7.73350257077e-05, 6.67521744617e-05, 1.75940094778e-05, 1.20171143863e-05, 1.62824126164e-05, 1.60672789207e-05, 2.04241205211e-05, 2.94504225167e-05, 1.1396426089e-05, 1.07128935269e-05, 1.05242870632e-05, 8.15431030787e-06, 1.28647634483e-05, 1.28571591631e-05, 1.48241315401e-05, 1.15020429803e-05, 1.57492377184e-05, 2.59534263023e-05, 1.77555393748e-05, 1.02041431091e-05, 8.47183946462e-06, 9.55332416197e-06, 6.2071985667e-06, 5.17993476024e-06, 5.06281094204e-06, 3.80018400392e-06, 3.42938074027e-06, 3.72268596038e-06, 3.5469154227e-06, 3.02427724819e-06, 2.66175743491e-06, 2.96492044072e-06, 2.66839811047e-06, 2.77695562545e-06, 3.01060345009e-06, 3.31809246745e-06, 4.34298590335e-06, 3.70024940821e-06, 2.97536416838e-06, 3.19004061566e-06, 3.0211426747e-06, 2.95816175822e-06, 2.45808041655e-06, 2.06692175198e-06, 1.7141810531e-06, 1.79857750027e-06, 1.53001565195e-06, 1.38095867896e-06, 1.40561348871e-06, 1.52557731781e-06, 1.92580296243e-06, 1.9322890239e-06, 2.96466259897e-06, 2.65746234618e-06, 1.05304570752e-06, 9.58091391112e-07, 1.09855989194e-06, 7.1394566703e-07, 6.8610688686e-07, 6.28028544725e-07, 3.34029550686e-07, 2.26028305406e-07, 3.00476187931e-07, 2.86085139578e-07, 2.04693478167e-07, 1.36443546239e-07, 1.6397275715e-07, 1.35580521032e-07, 7.43659782643e-08, 1.26931931632e-08, 5.42026024064e-09, 2.19490381426e-09, 3.40743122607e-09, 4.33101643438e-09, 1.33594746377e-09, 4.34660120396e-11, 1.01182257017e-11, 9.51245159031e-12, 9.17628126262e-12, 9.08835073171e-12],
        "min": [1.40685159522e-07, 6.30632939647e-07, 8.15234216134e-06, 1.4362386537e-05, 1.00585757536e-05, 4.76078548672e-06, 4.69025280836e-06, 1.34540550789e-06, 3.73968214262e-06, 2.64365917246e-06, 4.35484309946e-07, 2.05853757507e-06, 9.57365500653e-07, 7.37696325359e-07, 2.82926350792e-07, 4.63804298079e-07, 7.44412659515e-07, 3.71896447859e-07, 2.50224900356e-07, 5.91517277826e-07, 4.81737401969e-07, 3.60841170277e-07, 4.08305538713e-07, 1.78358575909e-07, 1.96180025114e-07, 1.77544308144e-07, 2.94608412332e-07, 5.12114922913e-07, 5.7409334886e-07, 8.57495336959e-08, 2.20898598968e-07, 8.50106545158e-08, 1.08620961115e-08, 1.53794648128e-08, 2.10075441487e-08, 4.60588545081e-08, 1.09534191495e-07, 7.6649513403e-09, 1.28576447267e-08, 8.04338817773e-09, 6.67082655781e-09, 1.26987194093e-08, 6.13855322129e-09, 5.50151924017e-09, 3.21901190148e-08, 1.82437052132e-08, 1.51142831584e-08, 1.01999200197e-08, 1.06554525203e-08, 2.06636308064e-08, 8.08818700904e-09, 1.14988818467e-09, 6.56073018135e-09, 2.41381865607e-08, 1.47245069471e-08, 3.81169442676e-08, 2.47312037516e-08, 1.62606248466e-08, 9.42612032873e-09, 3.24366915549e-08, 3.16026671499e-08, 2.49089282534e-08, 1.57862132255e-08, 3.01024738469e-09, 1.11530376046e-08, 4.73591921235e-09, 3.0621319369e-10, 1.29296395812e-09, 3.07957748191e-09, 1.00772601375e-09, 5.95729743313e-10, 4.85853912657e-10, 6.80448059009e-11, 5.13551388914e-11, 1.79672301343e-11, 1.76292606815e-12, 8.05680782506e-12, 3.64828046245e-12, 3.54384989236e-12, 3.21263827173e-12, 2.56120970786e-12, 2.45429718215e-12, 1.38205879033e-11, 3.08479145006e-11, 6.57070370336e-11, 2.08141229946e-11, 2.34144422601e-11, 6.71396133134e-11, 1.53921198703e-11, 1.62406841447e-11, 2.72264259749e-11, 1.80263599187e-11, 1.3383825298e-11, 1.5342305551e-11, 5.07336056846e-12, 4.33258160251e-12, 3.09581353608e-12, 2.87453676313e-12, 1.34444658097e-12, 1.96492778645e-12, 1.2244458919e-12, 1.02097345335e-12, 9.58521239811e-13, 8.00389160331e-13, 6.40417515026e-13, 6.98586479463e-13, 4.90044528394e-13, 6.66182874923e-13, 7.02159792983e-13, 5.45372286827e-13, 6.10340228878e-13, 6.18546284071e-13, 5.78302000471e-13, 5.54070569807e-13, 3.92143132202e-13, 5.53073266438e-13, 6.99528759571e-13, 5.52803137467e-13, 6.13062172642e-13, 5.06539742876e-13, 5.23881448205e-13, 5.52821026803e-13, 5.13830623015e-13, 6.07105457486e-13, 3.76963678371e-13, 1.13780268844e-13, 1.78825934638e-14, 7.47701499409e-16],
        "stdev": [0.00111787219066, 0.00661482987925, 0.0121149457991, 0.0104448050261, 0.00688487058505, 0.00350780971348, 0.00217144866474, 0.00151350372471, 0.00188002362847, 0.00164955924265, 0.00189569615759, 0.00160275958478, 0.0012351507321, 0.000714846712071, 0.000590015901253, 0.000864269037265, 0.00088296510512, 0.00104005530011, 0.00104525964707, 0.00147242099047, 0.00093081133673, 0.000345604319591, 0.000254069222137, 0.000255863531493, 0.000352354283677, 0.000595375080593, 0.0015170868719, 0.00191391946282, 0.0010197032243, 0.000517637934536, 0.000298065744573, 0.000655774318147, 0.000704926380422, 0.000612889823969, 0.000309723895043, 0.000457980058854, 0.000243835253059, 0.000161522228154, 0.000261650508037, 0.000169685619767, 0.000212906074012, 0.000387498323107, 0.000240237670369, 0.000129074105644, 7.43088166928e-05, 0.000184445336345, 0.000127617153339, 0.00016493871226, 0.000239465080085, 0.000225356256124, 5.9769845393e-05, 2.72223660431e-05, 5.36044753972e-05, 5.60956796107e-05, 8.07108153822e-05, 0.000166236874065, 4.40117364633e-05, 4.32175947935e-05, 3.77617107006e-05, 2.67980685749e-05, 3.95685819967e-05, 2.87745078822e-05, 3.89342603739e-05, 2.52226236626e-05, 3.27172056132e-05, 6.45162072033e-05, 5.03636620124e-05, 3.69239860447e-05, 1.67999660334e-05, 1.72683812707e-05, 1.13455571409e-05, 8.69013092597e-06, 8.52952416608e-06, 5.72517819819e-06, 5.75548574488e-06, 8.03125476523e-06, 7.31001500753e-06, 6.15108956481e-06, 5.3135104281e-06, 5.80438381803e-06, 5.27794009031e-06, 5.66359585719e-06, 5.7564193412e-06, 6.89767057338e-06, 8.63254263095e-06, 7.01888802723e-06, 6.01857345828e-06, 5.72815179112e-06, 5.05184061694e-06, 5.42205270904e-06, 4.91605806019e-06, 4.19100433646e-06, 3.65314622286e-06, 4.10029815612e-06, 3.66848121303e-06, 3.16704381476e-06, 3.21042557516e-06, 2.95839708997e-06, 5.18252181791e-06, 5.39798656973e-06, 1.23637200886e-05, 7.71369741415e-06, 3.05062781081e-06, 2.69396036856e-06, 2.85178089143e-06, 1.7681358031e-06, 1.55676525537e-06, 1.59045305281e-06, 8.57686757172e-07, 6.80279924836e-07, 9.32882244342e-07, 8.41569487875e-07, 5.97486348397e-07, 4.33872742178e-07, 5.66774588151e-07, 4.84876238716e-07, 3.45799151091e-07, 6.39281481085e-08, 2.64504134151e-08, 1.3134807908e-08, 2.18932392215e-08, 2.79118186342e-08, 8.91517260015e-09, 4.25211921229e-10, 1.44385073342e-10, 1.42405962023e-10, 1.41187270208e-10, 1.40414208039e-10]
    },
    "mfcc": {
        "mean": [-625.956298828, 131.954345703, 15.995100975, 22.1757259369, 6.5045042038, 8.41836261749, 9.17864322662, 11.4968795776, -1.79802143574, 11.3275299072, 0.686863124371, -4.39211034775, 5.89533281326],
        "cov": [[3345.2902832, -1363.3671875, -358.438690186, -377.065643311, -97.506729126, 203.678039551, 123.414169312, -191.150146484, 127.300712585, -25.9579410553, 186.934432983, -65.0131378174, 109.290733337], [-1363.3671875, 1313.35778809, -276.04006958, -24.1712417603, -22.0682449341, -97.8581771851, -6.08861112595, 95.9878311157, -166.637252808, 118.323371887, -109.227737427, -82.2928161621, -26.8216094971], [-358.438690186, -276.04006958, 763.096435547, 75.4278640747, 46.4105453491, -99.7292404175, -90.3415908813, -66.387588501, 26.1391277313, -95.638885498, -3.16146922112, 66.2180480957, -87.2028656006], [-377.065643311, -24.1712417603, 75.4278640747, 378.901916504, 16.7742862701, -25.2809391022, -72.8517150879, 33.9479103088, 31.4191188812, -46.3621063232, -22.6301021576, 94.3509368896, -34.4183692932], [-97.506729126, -22.0682449341, 46.4105453491, 16.7742862701, 192.455703735, -90.3899002075, -28.0610294342, 0.52967363596, 16.900976181, -14.3448085785, 0.190751239657, 5.70479106903, 29.9998130798], [203.678039551, -97.8581771851, -99.7292404175, -25.2809391022, -90.3899002075, 304.137481689, 78.0162734985, -7.53414726257, 31.4226970673, 6.24937820435, 29.827457428, -2.55247426033, 4.11989784241], [123.414169312, -6.08861112595, -90.3415908813, -72.8517150879, -28.0610294342, 78.0162734985, 174.623641968, -21.7837600708, -14.2586069107, 46.9762496948, 30.1313781738, -27.6159420013, 36.6670951843], [-191.150146484, 95.9878311157, -66.387588501, 33.9479103088, 0.52967363596, -7.53414726257, -21.7837600708, 162.117080688, -0.0908575057983, 16.2387104034, -32.8024597168, -10.2428998947, -20.9670066833], [127.300712585, -166.637252808, 26.1391277313, 31.4191188812, 16.900976181, 31.4226970673, -14.2586069107, -0.0908575057983, 155.562255859, -39.6568183899, 6.40822267532, 2.71759486198, -3.59593296051], [-25.9579410553, 118.323371887, -95.638885498, -46.3621063232, -14.3448085785, 6.24937820435, 46.9762496948, 16.2387104034, -39.6568183899, 160.100982666, -0.280046820641, -35.0717391968, 16.5172863007], [186.934432983, -109.227737427, -3.16146922112, -22.6301021576, 0.190751239657, 29.827457428, 30.1313781738, -32.8024597168, 6.40822267532, -0.280046820641, 114.480545044, 23.5398654938, 29.8048171997], [-65.0131378174, -82.2928161621, 66.2180480957, 94.3509368896, 5.70479106903, -2.55247426033, -27.6159420013, -10.2428998947, 2.71759486198, -35.0717391968, 23.5398654938, 147.333236694, 7.28940582275], [109.290733337, -26.8216094971, -87.2028656006, -34.4183692932, 29.9998130798, 4.11989784241, 36.6670951843, -20.9670066833, -3.59593296051, 16.5172863007, 29.8048171997, 7.28940582275, 104.063079834]],
        "icov": [[0.00111932225991, 0.00138480588794, 0.00104200653732, 0.000877113780007, 0.000457719201222, 0.000205565302167, 0.000314423028613, 0.000783934781794, 0.000166461803019, -1.73267762875e-05, -0.000393519760109, 0.000375182629796, 0.000346655579051], [0.00138480588794, 0.00283112749457, 0.00167027511634, 0.00101796293166, 0.000578190898523, 0.00054864899721, 0.000460167531855, 0.000744307180867, 0.00118100619875, -0.000385756400647, 0.000210023339605, 0.000728071609046, 0.000801982823759], [0.00104200653732, 0.00167027511634, 0.00291660916992, 0.000825135095511, 2.25173371291e-05, 0.000728333194274, 0.000526787305716, 0.00153652764857, 0.000346284185071, 0.00039376472705, -0.000299666513456, -0.000202409239137, 0.0021912381053], [0.000877113780007, 0.00101796293166, 0.000825135095511, 0.00427140202373, 0.000142768098158, 0.000169514794834, 0.000883312197402, 5.95195233473e-05, -0.000503933406435, 0.000176074594492, 0.000305079243844, -0.0020358460024, 0.00110814301297], [0.000457719201222, 0.000578190898523, 2.25173371291e-05, 0.000142768098158, 0.00697079254314, 0.0019852835685, 0.000516825472005, -6.02539766987e-05, -0.000890928786248, 0.000264523230726, -0.000231942147366, 0.000525201030541, -0.00259114801884], [0.000205565302167, 0.00054864899721, 0.000728333194274, 0.000169514794834, 0.0019852835685, 0.00473842443898, -0.00165369315073, 8.64989051479e-05, -0.000959315977525, 0.000244166556513, -0.000582753447816, -0.000195307526155, 0.000540788809303], [0.000314423028613, 0.000460167531855, 0.000526787305716, 0.000883312197402, 0.000516825472005, -0.00165369315073, 0.00831385981292, 0.000927146640606, 0.000594674667809, -0.00158226699568, -0.00117066618986, 0.00105452502612, -0.00177105062176], [0.000783934781794, 0.000744307180867, 0.00153652764857, 5.95195233473e-05, -6.02539766987e-05, 8.64989051479e-05, 0.000927146640606, 0.00791652407497, -0.000227396405535, -0.000731899170205, 0.000965661427472, 0.000349284819094, 0.00176537164953], [0.000166461803019, 0.00118100619875, 0.000346284185071, -0.000503933406435, -0.000890928786248, -0.000959315977525, 0.000594674667809, -0.000227396405535, 0.00826000887901, 0.00128985091578, 2.45966984949e-05, 0.00115033821203, 0.000285620481009], [-1.73267762875e-05, -0.000385756400647, 0.00039376472705, 0.000176074594492, 0.000264523230726, 0.000244166556513, -0.00158226699568, -0.000731899170205, 0.00128985091578, 0.00798434391618, -0.000273434910923, 0.00108335458208, -0.000589203613345], [-0.000393519760109, 0.000210023339605, -0.000299666513456, 0.000305079243844, -0.000231942147366, -0.000582753447816, -0.00117066618986, 0.000965661427472, 2.45966984949e-05, -0.000273434910923, 0.0113161820918, -0.00204309052788, -0.00203951424919], [0.000375182629796, 0.000728071609046, -0.000202409239137, -0.0020358460024, 0.000525201030541, -0.000195307526155, 0.00105452502612, 0.000349284819094, 0.00115033821203, 0.00108335458208, -0.00204309052788, 0.00960037112236, -0.00171372888144], [0.000346655579051, 0.000801982823759, 0.0021912381053, 0.00110814301297, -0.00259114801884, 0.000540788809303, -0.00177105062176, 0.00176537164953, 0.000285620481009, -0.000589203613345, -0.00203951424919, -0.00171372888144, 0.0141678033397]]
    },
    "spectral_contrast_coeffs": {
        "max": [-0.469051986933, -0.492781966925, -0.475156873465, -0.588914692402, -0.577722132206, -0.542764008045],
        "mean": [-0.741061627865, -0.755296647549, -0.745408415794, -0.786783218384, -0.784073889256, -0.762008666992],
        "min": [-0.894465446472, -0.943579554558, -0.908834695816, -0.911852955818, -0.879970014095, -0.885119438171],
        "stdev": [0.0709440112114, 0.0721770003438, 0.072430036962, 0.0592625290155, 0.0499060116708, 0.042016774416]
    },
    "spectral_contrast_valleys": {
        "max": [-4.8816204071, -4.63318490982, -5.20164203644, -5.77976179123, -5.89230728149, -7.58861064911],
        "mean": [-6.02886772156, -6.50050878525, -7.03684949875, -7.57191610336, -7.59230232239, -10.2106981277],
        "min": [-7.83966588974, -8.47850418091, -9.42584037781, -10.4465780258, -11.3682937622, -14.9102363586],
        "stdev": [0.380656450987, 0.527079701424, 0.696831405163, 0.713161528111, 0.752863407135, 1.2545620203]
    }
},
"rhythm": {
    "beats_count": 92,
    "beats_loudness": {
        "max": 0.171086251736,
        "mean": 0.10810533911,
        "min": 0.0309286303818,
        "stdev": 0.0322176218033
    },
    "bpm": 114.050697327,
    "bpm_histogram_first_peak_bpm": 115,
    "bpm_histogram_first_peak_weight": 0.362637341022,
    "bpm_histogram_second_peak_bpm": 0,
    "bpm_histogram_second_peak_spread": 0,
    "bpm_histogram_second_peak_weight": 0,
    "danceability": 1.66460299492,
    "onset_rate": 4.2041015625,
    "beats_loudness_band_ratio": {
        "max": [0.986260533333, 0.289375066757, 0.334696948528, 0.273555964231, 0.0766974538565, 0.101315148175],
        "mean": [0.828144550323, 0.0570363327861, 0.0582672320306, 0.0447409451008, 0.0144101073965, 0.0167437195778],
        "min": [0.525644719601, 0.00311866076663, 0.00271284230985, 0.000581464206334, 0.000272096483968, 0.00031535117887],
        "stdev": [0.109154127538, 0.0610856190324, 0.0663193687797, 0.0591747350991, 0.0153825730085, 0.0202709250152]
    },
