{
"metadata": {
    "version": {
        "essentia": "2.1-beta5",
        "essentia_git_sha": "Undefined",
        "extractor": "music 2.0"
    },
    "audio_properties": {
        "analysis": {
            "equal_loudness": 0,
            "length": 12.7477550507,
            "sample_rate": 44100,
            "start_time": 0,
            "downmix": "mix"
        },
        "bit_rate": 192000,
        "length": 197.00970459,
        "lossless": 0,
        "number_channels": 2,
        "replay_gain": 3.41264915466,
        "sample_rate": 48000,
        "codec": "mp3",
        "md5_encoded": "7a2b966aa5c6df137c4a4b2ecef8d934"
    },
    "tags": {
        "file_name": "San Marino_Who We Are_Jessika feat. Jenifer Brening.mp3",
        "encoding": ["Lavf58.29.100"]
    }
},
"lowlevel": {
    "average_loudness": 0.458614051342,
    "barkbands_crest": {
        "max": 25.406993866,
        "mean": 11.7565870285,
        "min": 3.56412005424,
        "stdev": 4.36527824402
    },
    "barkbands_flatness_db": {
        "max": 0.396697103977,
        "mean": 0.199210613966,
        "min": 0.065756469965,
        "stdev": 0.0726619288325
    },
    "barkbands_kurtosis": {
        "max": 151.010009766,
        "mean": 10.1813077927,
        "min": -1.52638661861,
        "stdev": 22.502407074
    },
    "barkbands_skewness": {
        "max": 10.4369211197,
        "mean": 1.90192294121,
        "min": -0.645587027073,
        "stdev": 2.10435891151
    },
    "barkbands_spread": {
        "max": 42.3270683289,
        "mean": 11.2944049835,
        "min": 1.03344106674,
        "stdev": 6.93878602982
    },
    "dissonance": {
        "max": 0.5,
        "mean": 0.472589820623,
        "min": 0.142657250166,
        "stdev": 0.0310936868191
    },
    "dynamic_complexity": 2.74297356606,
    "erbbands_crest": {
        "max": 23.1716823578,
        "mean": 9.93616390228,
        "min": 3.03175568581,
        "stdev": 3.44220328331
    },
    "erbbands_flatness_db": {
        "max": 0.379486560822,
        "mean": 0.234130695462,
        "min": 0.0646541565657,
        "stdev": 0.0554757155478
    },
    "erbbands_kurtosis": {
        "max": 12.7434539795,
        "mean": 2.44583058357,
        "min": -1.27926564217,
        "stdev": 2.39392733574
    },
    "erbbands_skewness": {
        "max": 3.18159389496,
        "mean": 1.0615619421,
        "min": -1.5005466938,
        "stdev": 0.735073566437
    },
    "erbbands_spread": {
        "max": 73.3998260498,
        "mean": 19.5170326233,
        "min": 6.12195730209,
        "stdev": 12.5748786926
    },
    "hfc": {
        "max": 102.659202576,
        "mean": 27.1366214752,
        "min": 0.530349135399,
        "stdev": 17.1034698486
    },
    "loudness_ebu128": {
        "integrated": -23.8008899689,
        "loudness_range": 5.34964179993,
        "momentary": {
            "max": -20.220703125,
            "mean": -25.5128116608,
            "min": -34.5483627319,
            "stdev": 4.3497133255
        },
        "short_term": {
            "max": -21.9088611603,
            "mean": -24.2574272156,
            "min": -33.0630950928,
            "stdev": 2.45000624657
        }
    },
    "melbands_crest": {
        "max": 38.5380935669,
        "mean": 16.5524272919,
        "min": 6.0300245285,
        "stdev": 7.73663043976
    },
    "melbands_flatness_db": {
        "max": 0.502569139004,
        "mean": 0.236144825816,
        "min": 0.100774377584,
        "stdev": 0.092359021306
    },
    "melbands_kurtosis": {
        "max": 504.413726807,
        "mean": 22.3690662384,
        "min": -1.37405097485,
        "stdev": 53.9991569519
    },
    "melbands_skewness": {
        "max": 20.3023452759,
        "mean": 2.61906194687,
        "min": -0.770679116249,
        "stdev": 3.10749363899
    },
    "melbands_spread": {
        "max": 48.3068008423,
        "mean": 14.8441781998,
        "min": 0.615359067917,
        "stdev": 9.43130970001
    },
    "pitch_salience": {
        "max": 0.870208024979,
        "mean": 0.566543996334,
        "min": 0.034884955734,
        "stdev": 0.200029924512
    },
    "silence_rate_20dB": {
        "max": 1,
        "mean": 0.959999978542,
        "min": 0,
        "stdev": 0.19595938921
    },
    "silence_rate_30dB": {
        "max": 1,
        "mean": 0.845454573631,
        "min": 0,
        "stdev": 0.361471682787
    },
    "silence_rate_60dB": {
        "max": 1,
        "mean": 0.0236363634467,
        "min": 0,
        "stdev": 0.151913508773
    },
    "spectral_centroid": {
        "max": 2273.23339844,
        "mean": 1148.77355957,
        "min": 395.47958374,
        "stdev": 343.026123047
    },
    "spectral_complexity": {
        "max": 44,
        "mean": 24.1672725677,
        "min": 1,
        "stdev": 9.70572090149
    },
    "spectral_decrease": {
        "max": -1.52774945472e-10,
        "mean": -1.73716792062e-08,
        "min": -1.37889998086e-07,
        "stdev": 2.40482513902e-08
    },
    "spectral_energy": {
        "max": 0.522854924202,
        "mean": 0.0680260211229,
        "min": 0.000624711916316,
        "stdev": 0.0909975767136
    },
    "spectral_energyband_high": {
        "max": 0.00780426664278,
        "mean": 0.000348056841176,
        "min": 3.64350739801e-07,
        "stdev": 0.000483925279696
    },
    "spectral_energyband_low": {
        "max": 0.50367051363,
        "mean": 0.0424375459552,
        "min": 2.9675484825e-07,
        "stdev": 0.0933377221227
    },
    "spectral_energyband_middle_high": {
        "max": 0.0394391864538,
        "mean": 0.0110772661865,
        "min": 0.000157572343596,
        "stdev": 0.00849935039878
    },
    "spectral_energyband_middle_low": {
        "max": 0.0869723707438,
        "mean": 0.0145337674767,
        "min": 0.000108779138827,
        "stdev": 0.0117622129619
    },
    "spectral_entropy": {
        "max": 8.35069656372,
        "mean": 7.50513124466,
        "min": 5.73925971985,
        "stdev": 0.440242439508
    },
    "spectral_flux": {
        "max": 0.43039944768,
        "mean": 0.111546956003,
        "min": 0.0129561517388,
        "stdev": 0.05774910748
    },
    "spectral_kurtosis": {
        "max": 63.2285842896,
        "mean": 6.40117359161,
        "min": 0.562656164169,
        "stdev": 4.84763097763
    },
    "spectral_rms": {
        "max": 0.022585446015,
        "mean": 0.00694863218814,
        "min": 0.000780688831583,
        "stdev": 0.00425246544182
    },
    "spectral_rolloff": {
        "max": 4888.03710938,
        "mean": 1053.63891602,
        "min": 43.06640625,
        "stdev": 577.483703613
    },
    "spectral_skewness": {
        "max": 5.68393802643,
        "mean": 1.84638512135,
        "min": 0.793428480625,
        "stdev": 0.409368276596
    },
    "spectral_spread": {
        "max": 8257544.5,
        "mean": 3217782.75,
        "min": 1188849.75,
        "stdev": 772917.3125
    },
    "spectral_strongpeak": {
        "max": 9.54895019531,
        "mean": 1.08808767796,
        "min": 0,
        "stdev": 0.945324778557
    },
    "zerocrossingrate": {
        "max": 0.12890625,
        "mean": 0.0432652682066,
        "min": 0.00244140625,
        "stdev": 0.0208908822387
    },
    "barkbands": {
        "max": [0.18571986258, 0.413446426392, 0.0286326855421, 0.00620583817363, 0.0131237851456, 0.00490967277437, 0.00622709374875, 0.00975162908435, 0.0707642957568, 0.02822416462, 0.0167004168034, 0.00474504567683, 0.00591995613649, 0.00690998788923, 0.00357487448491, 0.00192715029698, 0.00270874705166, 0.00203755754046, 0.00102477148175, 0.00091543252347, 0.00101059162989, 0.00254750577733, 0.00242084381171, 0.00072791299317, 0.000994596397504, 0.000491642102133, 3.22476007568e-05],
        "mean": [0.00876674428582, 0.032782074064, 0.00143458170351, 0.000249221659033, 0.000895694538485, 0.000453831919003, 0.000608546484727, 0.00160283781588, 0.00879758037627, 0.00478374166414, 0.00244228029624, 0.000885507382918, 0.00101917935535, 0.000956252799369, 0.000682792800944, 0.000448646547738, 0.000335041317157, 0.000292738928692, 0.000181204304681, 0.000106955536467, 9.44702405832e-05, 7.88246325101e-05, 5.93091353949e-05, 3.574789298e-05, 2.28271510423e-05, 9.24784217204e-06, 2.26964559147e-07],
        "min": [5.9117194473e-10, 3.46630990578e-08, 4.88809455135e-08, 1.7219069548e-07, 8.45446891162e-07, 2.25525036512e-06, 4.88354271511e-06, 2.94916685561e-06, 4.68920461572e-06, 2.90516127279e-05, 1.01264422483e-05, 1.30656726469e-05, 2.75130696537e-06, 1.85719750334e-06, 1.58921761795e-06, 8.99845531421e-07, 2.03001195587e-06, 9.44228133903e-07, 4.64161189484e-07, 9.81469980843e-08, 2.34398793708e-08, 2.27308859735e-07, 3.65305297123e-08, 2.39290254278e-10, 3.90112830928e-10, 2.14817580391e-10, 2.4255550346e-10],
        "stdev": [0.0235685762018, 0.0725525394082, 0.00377315236256, 0.000612792617176, 0.00166464457288, 0.00069566257298, 0.000666203384753, 0.00156689796131, 0.00978761073202, 0.00526057183743, 0.00261722784489, 0.000801325193606, 0.000983220525086, 0.000981676857919, 0.000616518489551, 0.000392003770685, 0.00031320322887, 0.000245637493208, 0.000166161087691, 0.000101926001662, 9.19108497328e-05, 0.000131411768962, 0.000121057528304, 5.77692408115e-05, 6.36953918729e-05, 3.70317866327e-05, 1.98923794414e-06]
    },
    "erbbands": {
        "max": [24.7303695679, 91.0496520996, 75.1901779175, 17.4980640411, 18.3729190826, 58.1767921448, 92.8150558472, 31.0979328156, 77.7727737427, 79.252571106, 315.471588135, 1757.02648926, 1191.71276855, 703.245239258, 446.634521484, 165.394500732, 319.66217041, 364.581512451, 208.781768799, 144.781387329, 87.4684829712, 145.619918823, 136.178070068, 63.9811172485, 59.6263465881, 44.5747795105, 31.8523960114, 46.5409851074, 78.2142715454, 116.428764343, 53.7339363098, 15.8875102997, 10.3351669312, 13.3732824326, 5.67755365372, 2.46620059013, 0.881535947323, 0.215415209532, 0.00529654556885, 0.000563470181078],
        "mean": [1.58912360668, 4.61862182617, 3.49626207352, 1.03491914272, 1.07144057751, 2.81092834473, 6.24481105804, 3.33025383949, 8.29658317566, 12.6639785767, 57.9529533386, 198.306350708, 205.684783936, 120.192085266, 70.8504180908, 35.6690444946, 46.3243751526, 50.4613571167, 40.2203483582, 31.8609619141, 23.0240097046, 19.3383903503, 16.3551197052, 12.3593864441, 7.68845272064, 4.99668645859, 3.96820759773, 3.52294540405, 2.85705971718, 2.39087295532, 1.54509735107, 0.908929824829, 0.518276393414, 0.300377011299, 0.13764962554, 0.0507286451757, 0.0146292792633, 0.00213488563895, 7.94836887508e-05, 7.87594617577e-05],
        "min": [7.76279478032e-07, 9.92128479993e-06, 8.19216584205e-05, 0.000733726425096, 0.00385552598163, 0.00345865171403, 0.00582930911332, 0.0399984903634, 0.0713537782431, 0.0628237277269, 0.0674863830209, 0.0946302041411, 0.782618224621, 0.778292298317, 0.413623005152, 0.577358841896, 0.308167159557, 0.161591440439, 0.105597220361, 0.085554651916, 0.0736514106393, 0.141933873296, 0.0724703520536, 0.0181102603674, 0.0323949716985, 0.00542710116133, 0.000970893190242, 0.000962766411249, 0.00189566495828, 0.00386541266926, 0.00131370429881, 5.89645642322e-05, 1.50350279e-05, 1.09448264993e-05, 3.38254653798e-06, 1.50969822243e-06, 5.92537162447e-07, 2.47975833645e-07, 3.69679810319e-07, 7.4189983934e-07],
        "stdev": [3.86054682732, 11.622303009, 9.7633934021, 2.17593026161, 1.89885354042, 5.66014862061, 11.653380394, 4.28304052353, 10.9550285339, 10.0370502472, 57.2070426941, 236.123580933, 216.942779541, 114.25189209, 72.6281967163, 28.9616889954, 45.5895805359, 49.0571517944, 36.4656639099, 27.6067886353, 19.4210662842, 17.6263866425, 15.055305481, 10.249997139, 7.24069786072, 4.89217472076, 3.77184319496, 3.62592077255, 4.22372150421, 5.51605463028, 2.82250976562, 1.41014540195, 0.892361700535, 0.796203374863, 0.409289747477, 0.162233307958, 0.0682672038674, 0.0147646358237, 0.000320305058267, 9.91461129161e-05]
    },
    "gfcc": {
        "mean": [-21.8140983582, 103.214904785, -174.291152954, 4.5676856041, -71.3518447876, 16.9547309875, -16.5865097046, 13.3422622681, -5.23187017441, -7.33482027054, -9.34693813324, -4.57159280777, -0.715397417545],
        "cov": [[5500.34423828, -1529.81445312, 804.205383301, 606.144592285, 642.127929688, 1881.3527832, 204.624755859, 1270.24841309, 152.657546997, 727.957946777, -323.178039551, -42.9433174133, 190.388214111], [-1529.81445312, 2808.41723633, 934.694763184, 877.696838379, 648.469177246, -432.355682373, 660.468383789, -606.361450195, 425.299224854, -460.687591553, 527.750061035, -56.687713623, 132.655212402], [804.205383301, 934.694763184, 1155.41699219, 807.069580078, 695.012817383, 351.688140869, 339.599273682, 88.8531570435, 228.688659668, 62.3024749756, 200.804412842, 48.088180542, 108.667358398], [606.144592285, 877.696838379, 807.069580078, 822.272644043, 650.804382324, 483.770935059, 435.401489258, 99.9492034912, 312.829772949, -5.29957675934, 230.518096924, -40.5182228088, 183.025024414], [642.127929688, 648.469177246, 695.012817383, 650.804382324, 655.229003906, 447.151824951, 408.116546631, 135.98197937, 278.379699707, 53.7062149048, 158.851913452, 10.3945426941, 128.457366943], [1881.3527832, -432.355682373, 351.688140869, 483.770935059, 447.151824951, 1106.74353027, 297.914672852, 593.73248291, 211.516220093, 259.873474121, -17.9348278046, -82.2447433472, 224.830093384], [204.624755859, 660.468383789, 339.599273682, 435.401489258, 408.116546631, 297.914672852, 422.626556396, 56.2596359253, 272.20223999, -45.5566711426, 156.339096069, -46.8090667725, 126.775558472], [1270.24841309, -606.361450195, 88.8531570435, 99.9492034912, 135.98197937, 593.73248291, 56.2596359253, 453.600311279, 45.9776916504, 231.962524414, -91.4378662109, -18.5247440338, 72.1071014404], [152.657546997, 425.299224854, 228.688659668, 312.829772949, 278.379699707, 211.516220093, 272.20223999, 45.9776916504, 233.612289429, -18.8341312408, 131.318084717, -41.5038566589, 97.3246459961], [727.957946777, -460.687591553, 62.3024749756, -5.29957675934, 53.7062149048, 259.873474121, -45.5566711426, 231.962524414, -18.8341312408, 203.921936035, -81.0551605225, 40.6805343628, -2.25594234467], [-323.178039551, 527.750061035, 200.804412842, 230.518096924, 158.851913452, -17.9348278046, 156.339096069, -91.4378662109, 131.318084717, -81.0551605225, 170.634643555, -16.8474826813, 69.7130203247], [-42.9433174133, -56.687713623, 48.088180542, -40.5182228088, 10.3945426941, -82.2447433472, -46.8090667725, -18.5247440338, -41.5038566589, 40.6805343628, -16.8474826813, 86.4081954956, -33.6746520996], [190.388214111, 132.655212402, 108.667358398, 183.025024414, 128.457366943, 224.830093384, 126.775558472, 72.1071014404, 97.3246459961, -2.25594234467, 69.7130203247, -33.6746520996, 122.711860657]],
        "icov": [[0.000867351831403, 4.24169265898e-05, -0.000813151418697, -0.000110201035568, 0.000564262561966, -0.000773285573814, 7.43598648114e-05, -0.000641769147478, -0.000765639415476, -0.000569647236262, 0.00184436666314, 0.000318187841913, 0.000255594233749], [4.24169265898e-05, 0.00335795315914, -0.00186866091099, -0.000713597168215, 0.000437303300714, 0.00193042389583, -0.00444216607139, 0.00173935806379, 0.00109280750621, 0.00125751399901, -0.00220944546163, 0.00201098900288, -0.000440748000983], [-0.000813151418697, -0.00186866091099, 0.00697431666777, -0.00515852170065, -0.00322936987504, 0.00180224340875, 0.00311845727265, -0.00217292970046, 0.00297922897153, -0.0016703158617, -0.0014319246402, -0.00239343219437, 0.000696286500897], [-0.000110201035568, -0.000713597168215, -0.00515852170065, 0.016510957852, -0.00662401411682, -0.00509105622768, 0.00217241677456, 0.00329964212142, -0.00201725377701, 0.0027417880483, -0.00498373433948, 0.00414103455842, -0.0014190179063], [0.000564262561966, 0.000437303300714, -0.00322936987504, -0.00662401411682, 0.016847839579, -0.00298160756938, -0.00717443181202, 0.00211558281444, -0.00391030311584, -0.00225433055311, 0.00359674100764, -0.0074570113793, 0.00435654213652], [-0.000773285573814, 0.00193042389583, 0.00180224340875, -0.00509105622768, -0.00298160756938, 0.0130459656939, -0.00389350252226, -0.00720053119585, 0.00364194670692, -0.00231664488092, 0.00185127323493, 0.00601651426405, -0.00974924210459], [7.43598648114e-05, -0.00444216607139, 0.00311845727265, 0.00217241677456, -0.00717443181202, -0.00389350252226, 0.0216982979327, -0.00382127054036, -0.0127793224528, 0.00588702596724, 0.0037846879568, -0.00356759643182, 0.000272136880085], [-0.000641769147478, 0.00173935806379, -0.00217292970046, 0.00329964212142, 0.00211558281444, -0.00720053119585, -0.00382127054036, 0.0188173931092, -0.000361254788004, -0.00769459130242, -0.00142937211785, 0.00220918958075, 0.00155005254783], [-0.000765639415476, 0.00109280750621, 0.00297922897153, -0.00201725377701, -0.00391030311584, 0.00364194670692, -0.0127793224528, -0.000361254788004, 0.02750037238, -0.00585454050452, -0.0126909865066, 0.00761145632714, -0.00140755320899], [-0.000569647236262, 0.00125751399901, -0.0016703158617, 0.0027417880483, -0.00225433055311, -0.00231664488092, 0.00588702596724, -0.00769459130242, -0.00585454050452, 0.0253309477121, -0.000746965000872, -0.0107508497313, 0.00454112701118], [0.00184436666314, -0.00220944546163, -0.0014319246402, -0.00498373433948, 0.00359674100764, 0.00185127323493, 0.0037846879568, -0.00142937211785, -0.0126909865066, -0.000746965000872, 0.0304411593825, -0.00269848993048, -0.00998145341873], [0.000318187841913, 0.00201098900288, -0.00239343219437, 0.00414103455842, -0.0074570113793, 0.00601651426405, -0.00356759643182, 0.00220918958075, 0.00761145632714, -0.0107508497313, -0.00269848993048, 0.0278863105923, -0.00460286345333], [0.000255594233749, -0.000440748000983, 0.000696286500897, -0.0014190179063, 0.00435654213652, -0.00974924210459, 0.000272136880085, 0.00155005254783, -0.00140755320899, 0.00454112701118, -0.00998145341873, -0.00460286345333, 0.0274460203946]]
    },
    "melbands": {
        "max": [0.15521594882, 0.0627725571394, 0.00281722913496, 0.00233233161271, 0.00324689550325, 0.000786209537182, 0.00104872765951, 0.000714458641596, 0.0037495852448, 0.0114693492651, 0.00551990186796, 0.00262274499983, 0.00185867713299, 0.000605115608778, 0.000573367869947, 0.000575556303374, 0.000746989622712, 0.000434729765402, 0.000278088642517, 0.000193879910512, 0.000106754305307, 0.000156406720635, 0.000149025858263, 8.40318243718e-05, 5.83776563872e-05, 4.09346394008e-05, 4.11015462305e-05, 2.72566176136e-05, 1.97970875888e-05, 2.46861472988e-05, 2.92945151159e-05, 3.91107714677e-05, 6.16308025201e-05, 6.6568965849e-05, 3.5522502003e-05, 1.13781616164e-05, 1.09323273136e-05, 7.28114446247e-06, 6.29750820735e-06, 1.41824193634e-05],
        "mean": [0.0116004366428, 0.00318529270589, 0.000173333886778, 0.00012906572374, 0.000214732499444, 8.28532429296e-05, 0.000120403754408, 0.000164430981386, 0.000559108215384, 0.00133649283089, 0.00101259117946, 0.000491907296237, 0.000284015754005, 0.000110468696221, 9.13333642529e-05, 0.000103995349491, 9.24460327951e-05, 6.64175386191e-05, 5.05925308971e-05, 3.51662747562e-05, 2.48146643571e-05, 2.04254338314e-05, 1.64927805599e-05, 1.30772950797e-05, 9.85253791441e-06, 5.93636332269e-06, 4.62086154585e-06, 2.97195265375e-06, 2.40561030296e-06, 2.39252312895e-06, 1.90082243989e-06, 1.62756043665e-06, 1.48069409533e-06, 1.27095631797e-06, 9.24201685848e-07, 6.89859177783e-07, 5.00681835547e-07, 3.75142718667e-07, 2.97914908742e-07, 2.38811679765e-07],
        "min": [8.35793656506e-09, 3.46563275855e-08, 1.3033717039e-07, 2.28808787028e-07, 2.39824231585e-07, 9.64418859439e-07, 1.05751792034e-06, 6.55248811654e-07, 5.41480687843e-07, 6.26312385066e-07, 3.30214425048e-06, 3.72221484213e-06, 1.34466995405e-06, 1.22753340293e-06, 1.19501044082e-06, 3.87531883916e-07, 2.64746716994e-07, 1.54939158392e-07, 1.04748217211e-07, 6.41072190888e-08, 6.95912589777e-08, 1.38446281994e-07, 6.6313049274e-08, 4.03031101825e-08, 1.13191234163e-08, 1.64690145965e-08, 1.11801838898e-08, 4.01914362902e-10, 2.79183204333e-10, 7.43057559927e-10, 2.27242252793e-10, 2.37280972648e-10, 3.15360670911e-09, 1.85454607227e-09, 1.10231539174e-10, 5.15143049745e-12, 3.04047325511e-12, 2.0019246677e-12, 2.53097369451e-12, 4.258841977e-12],
        "stdev": [0.0264900438488, 0.00858826190233, 0.000341474282322, 0.000236966021475, 0.000407456449466, 0.000109359374619, 0.000145637590322, 0.000133120658575, 0.000589876261074, 0.00155564234592, 0.00107970600948, 0.000478915724671, 0.00029742254992, 0.000104677237687, 8.71305164765e-05, 0.000101431360235, 9.63912389125e-05, 6.49001522106e-05, 4.64464028482e-05, 3.1440253224e-05, 2.17376837099e-05, 1.92063635041e-05, 1.59725714184e-05, 1.14101376312e-05, 8.82169661054e-06, 5.93512504565e-06, 4.60736418972e-06, 3.05331809614e-06, 2.2864192033e-06, 2.48827404903e-06, 2.10027837966e-06, 2.27153554988e-06, 3.00093006445e-06, 3.15573129228e-06, 1.7983526277e-06, 1.03943716567e-06, 8.22222716579e-07, 6.53735924061e-07, 5.89996432154e-07, 7.53093956973e-07]
    },
    "melbands128": {
        "max": [0.160650357604, 0.276336073875, 0.162651598454, 0.153548628092, 0.0635720789433, 0.0106793157756, 0.004026372917, 0.00252483203076, 0.00236133136787, 0.00278313085437, 0.00384179782122, 0.00481806928292, 0.00415376387537, 0.00126672920305, 0.000696274801157, 0.00073387962766, 0.00208664708771, 0.00130223052111, 0.00180095236283, 0.000914182106499, 0.00110985396896, 0.00284268986434, 0.00378169165924, 0.0106188477948, 0.0150495925918, 0.0127209480852, 0.0110620483756, 0.00649530347437, 0.00670381635427, 0.00286272726953, 0.00467171892524, 0.00357097829692, 0.00228584930301, 0.00230199284852, 0.00123828230426, 0.000459179806057, 0.000632710871287, 0.00058318907395, 0.00116942706518, 0.00128141243476, 0.000726120255422, 0.000841856992338, 0.00129838404246, 0.0019361426821, 0.00081423309166, 0.000616963254288, 0.000727045349777, 0.000423449935624, 0.00035423313966, 0.000344224157743, 0.000244745926466, 0.000244662543992, 0.000193273765035, 0.000181079798494, 0.000193741652765, 0.000197963032406, 0.000136880000355, 0.000157233138452, 0.000157779402798, 0.000209361474845, 0.000120679767861, 0.000100862460386, 0.000118583709991, 9.86648665275e-05, 6.01566243859e-05, 6.94535701768e-05, 5.38611166121e-05, 0.000109784094093, 3.35080803779e-05, 8.67897906573e-05, 1.73265088961e-05, 2.87457551167e-05, 2.58744166786e-05, 1.5896595869e-05, 3.13981727231e-05, 3.69019908248e-05, 2.70690161415e-05, 1.56476326083e-05, 3.42231724062e-05, 3.82591933885e-05, 3.69648441847e-05, 3.38724494213e-05, 5.2144023357e-05, 6.67732529109e-05, 6.5313957748e-05, 7.90244230302e-05, 6.21254584985e-05, 5.38077874808e-05, 3.18858510582e-05, 2.61923760263e-05, 1.81448813237e-05, 1.0219964679e-05, 1.15391612781e-05, 1.09897146103e-05, 1.57015056175e-05, 8.6271256805e-06, 7.1003287303e-06, 7.13194640412e-06, 8.31818215374e-06, 1.08362746687e-05, 1.32184941322e-05, 1.58746806846e-05, 1.6348569261e-05, 9.25040603761e-06, 6.25148277322e-06, 3.36410698765e-06, 9.40908648772e-06, 7.73218380345e-06, 3.60110584552e-06, 2.09564177567e-06, 2.86632689495e-06, 3.32018862537e-06, 3.90992181565e-06, 3.41912732438e-06, 2.77463891507e-06, 4.85705004394e-06, 1.12707493827e-06, 9.79106431487e-08, 6.79821852145e-08, 9.10264397191e-09, 8.85506690196e-09, 1.04001017576e-07, 2.22250989168e-07, 8.3270137452e-09, 8.2065847451e-09, 8.12931322258e-09, 8.07858491214e-09, 8.03030353325e-09],
        "mean": [0.00806338246912, 0.0159815307707, 0.0110491849482, 0.00713439378887, 0.00273182755336, 0.00052167911781, 0.000179796217708, 0.000105595805508, 9.98055766104e-05, 0.000108624401037, 0.000135552501888, 0.000286765862256, 0.000259772641584, 9.82765341178e-05, 5.23953640368e-05, 6.65260158712e-05, 0.000159965726198, 0.000121276578284, 8.87586938916e-05, 0.000105712570075, 0.000200064387172, 0.000347615306964, 0.000531744677573, 0.000806901429314, 0.00134422304109, 0.00159078720026, 0.00129771465436, 0.000979453325272, 0.000806352880318, 0.000411703862483, 0.000455027708085, 0.000473958265502, 0.000244458758971, 0.000196232329472, 0.000130890184664, 7.8167184256e-05, 8.45352551551e-05, 8.44737951411e-05, 0.000101958677988, 0.000107490428491, 0.000101686440757, 0.000105465864181, 9.10520830075e-05, 9.21676619328e-05, 7.58681562729e-05, 5.91181742493e-05, 5.83839355386e-05, 5.32091835339e-05, 4.77640642202e-05, 3.95056886191e-05, 3.37304518325e-05, 3.05638968712e-05, 2.63503770839e-05, 2.20791425818e-05, 2.15337076952e-05, 2.12827035284e-05, 1.88056383195e-05, 1.6227892047e-05, 1.61136977113e-05, 1.58855054906e-05, 1.20072973004e-05, 1.19483065646e-05, 1.22257342809e-05, 9.03930231289e-06, 6.55329722576e-06, 5.70141992284e-06, 5.57099292564e-06, 5.52175561097e-06, 4.19392745243e-06, 3.80532810595e-06, 2.9796049148e-06, 2.52891572927e-06, 2.48587684837e-06, 2.3186614726e-06, 2.42230180447e-06, 2.49077788794e-06, 2.39468454311e-06, 2.09880136026e-06, 1.83254883268e-06, 1.67778523519e-06, 1.71694784967e-06, 1.54146061959e-06, 1.54559722887e-06, 1.50624600792e-06, 1.41784141761e-06, 1.3219706716e-06, 1.28811370814e-06, 1.02691819848e-06, 9.12010762022e-07, 8.46400268983e-07, 7.43075759146e-07, 6.49901153338e-07, 5.82567565743e-07, 4.93289746828e-07, 4.76097909541e-07, 3.94269733306e-07, 3.62999344361e-07, 3.22270949482e-07, 3.09898467776e-07, 2.77387471215e-07, 2.58869675918e-07, 2.36426160427e-07, 2.11575567732e-07, 1.83755275884e-07, 1.51007071736e-07, 1.18144050987e-07, 1.29620360667e-07, 1.24734995666e-07, 8.54527755223e-08, 5.15039850768e-08, 4.71558330162e-08, 5.0940727192e-08, 5.19546397015e-08, 3.75182231949e-08, 3.14831574144e-08, 3.06589029719e-08, 7.73286501499e-09, 6.60044185974e-10, 2.40329200984e-10, 3.65022005677e-11, 3.54861244556e-11, 2.23018312151e-10, 4.52797882522e-10, 2.55077955286e-11, 2.41792454114e-11, 2.3041443753e-11, 2.24205636695e-11, 2.22259051441e-11],
        "min": [4.6695364242e-10, 1.34170952126e-09, 3.21394333369e-09, 4.04999767056e-09, 8.44026804003e-09, 2.00490077873e-08, 1.187555565e-08, 4.1861554223e-08, 1.10546615417e-07, 1.54149574882e-07, 4.30418936048e-08, 9.0173443823e-08, 1.13904519594e-07, 2.36550448562e-07, 4.15473607518e-07, 3.46805876461e-07, 8.02824274615e-07, 7.63250909586e-07, 6.35491119283e-07, 7.34498598831e-07, 5.95386779878e-07, 5.12453425472e-07, 6.16373540652e-07, 4.84407905788e-07, 2.66025011797e-07, 5.31952537131e-07, 1.14915997074e-06, 2.41652674049e-06, 2.15481759369e-06, 3.27945690515e-06, 1.30965577227e-06, 1.48458161675e-06, 1.0181458947e-06, 3.17482545142e-07, 4.70872862479e-07, 4.69202177555e-07, 6.827323773e-07, 3.10007465032e-07, 1.83536116083e-07, 1.61619794881e-07, 2.14402149368e-07, 1.21842290923e-07, 1.42433762562e-07, 2.57572665419e-08, 3.35685896857e-08, 8.03296487106e-08, 9.4495398173e-08, 1.09728773623e-07, 4.57280187049e-08, 2.85998744687e-08, 3.62440815138e-08, 2.16773798911e-08, 5.43502665096e-08, 6.08071033525e-08, 6.62426629106e-08, 8.55582413806e-08, 6.99225211065e-08, 1.74739795966e-08, 5.02191852547e-08, 5.43057261382e-08, 2.7330070651e-08, 6.25239460206e-09, 1.81835364543e-08, 6.28352969656e-09, 1.34901885218e-08, 4.97303220826e-09, 1.15657092792e-08, 1.34702986543e-08, 6.7870251641e-09, 8.36155311656e-10, 3.51557977174e-10, 1.89392251881e-10, 1.32398508823e-10, 1.12926133722e-10, 7.34539207237e-10, 1.01081858161e-10, 2.15805179282e-10, 1.67704183873e-10, 5.91456397747e-11, 3.70354337476e-11, 4.43833303443e-11, 1.10267531217e-10, 7.59732485256e-11, 2.18609352842e-10, 7.59930951499e-10, 5.43986744539e-10, 1.38157008056e-09, 1.74302655642e-10, 4.48892919364e-12, 5.38330317823e-12, 4.65066483588e-12, 2.21762994253e-12, 3.73995669503e-12, 3.20386273935e-12, 2.13698546705e-12, 2.10045154013e-12, 1.36690257637e-12, 2.40573208056e-12, 2.19864122568e-12, 1.62592845004e-12, 1.24561071093e-12, 2.17576672824e-12, 1.42281607503e-12, 1.83160192742e-12, 1.15854981858e-12, 1.29033600211e-12, 1.36149912958e-12, 1.6839420483e-12, 1.28002339631e-12, 1.01948820479e-12, 1.21358261981e-12, 7.49781150795e-13, 9.00957693867e-13, 1.02656110609e-12, 8.48651715308e-13, 1.03951341892e-12, 1.22593070678e-12, 1.29217068903e-12, 1.10071283685e-12, 1.03748769558e-12, 9.2170509506e-13, 8.31658906238e-13, 1.04159020818e-12, 1.14749518481e-12, 6.11768882081e-13, 2.63821137245e-13, 4.17158034461e-14, 1.27132265608e-15],
        "stdev": [0.0220067966729, 0.0411970466375, 0.0249710809439, 0.0199323110282, 0.00813615415245, 0.00128596858121, 0.000424849917181, 0.000251864577876, 0.000191083323443, 0.000214002866414, 0.000318097329, 0.000617746089119, 0.000509370933287, 0.000177713212906, 7.96261520009e-05, 9.89850523183e-05, 0.000281113840174, 0.000152136854012, 0.000124367375975, 0.000127604391309, 0.000199284782866, 0.000397114927182, 0.000681953271851, 0.00114481232595, 0.00203162455, 0.0020872685127, 0.00159372552298, 0.00125244050287, 0.00112869008444, 0.000496588589158, 0.000586507376283, 0.000589970441069, 0.000322196079651, 0.00028384741745, 0.000180334653123, 8.06868847576e-05, 9.29909219849e-05, 9.24280975596e-05, 0.000130314190756, 0.000148907391122, 0.000114680675324, 0.000126760685816, 0.000112492132757, 0.000158248789376, 9.31625763769e-05, 7.48168022255e-05, 7.10863605491e-05, 5.75177182327e-05, 5.32499543624e-05, 4.39776631538e-05, 3.55886040779e-05, 3.4064763895e-05, 2.77950985037e-05, 2.40481222136e-05, 2.29202651099e-05, 2.32811289607e-05, 2.18117875193e-05, 1.8976006686e-05, 1.75836084964e-05, 2.09238769457e-05, 1.37384304253e-05, 1.24479420265e-05, 1.38927689477e-05, 1.09727243398e-05, 7.40484665585e-06, 7.52628830014e-06, 6.86774410497e-06, 7.72403564042e-06, 4.24022709922e-06, 6.36272670818e-06, 3.23401991409e-06, 2.74036210612e-06, 2.90817615678e-06, 2.2933550099e-06, 2.93895550385e-06, 3.15595343636e-06, 2.70347436526e-06, 2.20704282583e-06, 2.37403901338e-06, 2.4635344289e-06, 2.44400393967e-06, 2.1026446575e-06, 2.77285016637e-06, 3.22804680764e-06, 3.30070838572e-06, 3.64844254364e-06, 3.24296320287e-06, 2.53300731856e-06, 1.70842440639e-06, 1.51491667566e-06, 1.20462721043e-06, 1.0299073665e-06, 9.46257102896e-07, 8.24797268706e-07, 1.02322633211e-06, 7.17687044016e-07, 6.58592284708e-07, 5.77007540414e-07, 6.36302161183e-07, 6.90063075126e-07, 7.33429033062e-07, 8.07848948625e-07, 8.24071776151e-07, 6.62752768221e-07, 4.61141326014e-07, 2.95241960657e-07, 4.84544557366e-07, 5.09285598582e-07, 2.57851951346e-07, 1.54820511966e-07, 1.84455316798e-07, 2.33962097695e-07, 2.8334147828e-07, 2.22002114469e-07, 1.89204996559e-07, 2.73504042525e-07, 6.75253417626e-08, 6.7867453879e-09, 3.41908301671e-09, 4.15034423495e-10, 4.26150004174e-10, 4.4474317562e-09, 9.47962686126e-09, 3.54783896706e-10, 3.4961264439e-10, 3.46357303949e-10, 3.44214878822e-10, 3.42160827449e-10]
    },
    "mfcc": {
        "mean": [-643.238464355, 131.229187012, -42.9188041687, -8.96290111542, -24.6374912262, -0.606832802296, -5.25198602676, 16.6440734863, 6.78422927856, 9.86116313934, 4.73688030243, -3.30104184151, -5.24852991104],
        "cov": [[5209.859375, -1684.96520996, 350.336425781, -541.00958252, 757.87286377, 601.119750977, 745.745056152, 457.682220459, 1027.79907227, 780.949829102, 157.580230713, 508.296264648, 63.1381263733], [-1684.96520996, 1908.09875488, 498.079406738, 987.906066895, 68.5923538208, 244.204345703, -25.1802215576, 134.073471069, -286.501373291, -163.892410278, 75.0587463379, -117.743774414, 57.7781410217], [350.336425781, 498.079406738, 652.520507812, 486.441253662, 424.483276367, 329.93862915, 252.983551025, 183.643814087, 117.245269775, 117.297790527, 84.3283157349, 96.8451309204, 80.8673477173], [-541.00958252, 987.906066895, 486.441253662, 779.368164062, 283.88873291, 354.256835938, 117.771781921, 188.083679199, -43.5410423279, 21.4842834473, 76.475692749, 25.9131355286, 85.5478286743], [757.87286377, 68.5923538208, 424.483276367, 283.88873291, 480.371582031, 375.570465088, 309.495758057, 232.577728271, 252.267990112, 217.028900146, 86.5730056763, 162.973709106, 93.5863265991], [601.119750977, 244.204345703, 329.93862915, 354.256835938, 375.570465088, 512.383666992, 320.781951904, 316.892822266, 275.090148926, 255.454208374, 66.8653564453, 181.96043396, 77.4726638794], [745.745056152, -25.1802215576, 252.983551025, 117.771781921, 309.495758057, 320.781951904, 316.31161499, 234.340393066, 276.181304932, 220.850524902, 63.4257545471, 153.642837524, 59.2171707153], [457.682220459, 134.073471069, 183.643814087, 188.083679199, 232.577728271, 316.892822266, 234.340393066, 271.201141357, 219.258010864, 198.301422119, 53.934879303, 134.509231567, 49.6670608521], [1027.79907227, -286.501373291, 117.245269775, -43.5410423279, 252.267990112, 275.090148926, 276.181304932, 219.258010864, 347.960205078, 261.435424805, 61.4778213501, 169.581588745, 47.1170921326], [780.949829102, -163.892410278, 117.297790527, 21.4842834473, 217.028900146, 255.454208374, 220.850524902, 198.301422119, 261.435424805, 254.112670898, 57.9071731567, 156.280578613, 39.4135360718], [157.580230713, 75.0587463379, 84.3283157349, 76.475692749, 86.5730056763, 66.8653564453, 63.4257545471, 53.934879303, 61.4778213501, 57.9071731567, 78.0114364624, 38.1192092896, 31.8686256409], [508.296264648, -117.743774414, 96.8451309204, 25.9131355286, 162.973709106, 181.96043396, 153.642837524, 134.509231567, 169.581588745, 156.280578613, 38.1192092896, 137.506591797, 34.2130088806], [63.1381263733, 57.7781410217, 80.8673477173, 85.5478286743, 93.5863265991, 77.4726638794, 59.2171707153, 49.6670608521, 47.1170921326, 39.4135360718, 31.8686256409, 34.2130088806, 57.3939971924]],
        "icov": [[0.000720998097677, 0.000426491023973, -0.00068505917443, 0.000280027132249, -0.00011930657638, -0.000227563912631, 0.000453339191154, 0.000242993715801, -0.00153185101226, -0.000409125816077, -0.000522457121406, 9.83486388577e-05, 0.000919028476346], [0.000426491023973, 0.0034147251863, -0.00155641173478, -0.00301504950039, 0.00302845030092, -0.000636896118522, -0.00114697543904, -0.00212832097895, 0.00120522046927, 0.000536151987035, -0.00250045233406, 0.00210036314093, 0.000505735632032], [-0.00068505917443, -0.00155641173478, 0.00803103204817, -0.00302206608467, -0.00563624873757, 0.00303241889924, -0.00467493524775, 0.00275857909583, 0.00140117271803, 0.000190435690456, 0.00144133158028, -0.00150037719868, 0.00185575662181], [0.000280027132249, -0.00301504950039, -0.00302206608467, 0.0118562430143, -0.00301567721181, -0.00704337004572, 0.00575375556946, -0.00217320746742, 0.00363497808576, 0.000346608896507, -0.00237257243134, 0.00141214858741, -0.00306459306739], [-0.00011930657638, 0.00302845030092, -0.00563624873757, -0.00301567721181, 0.0150806764141, -0.00308809126727, -0.00478109624237, 0.000411197484937, 0.000449963554274, 0.000143841622048, -0.00233031576499, 2.44694365392e-05, -0.00551483221352], [-0.000227563912631, -0.000636896118522, 0.00303241889924, -0.00704337004572, -0.00308809126727, 0.0171254593879, -0.00517516303807, -0.00356141082011, -0.00343409064226, -0.00327310175635, 0.00690550450236, -0.00455738930032, 0.00140679092146], [0.000453339191154, -0.00114697543904, -0.00467493524775, 0.00575375556946, -0.00478109624237, -0.00517516303807, 0.0263083316386, -0.00620147725567, -0.0108920950443, 0.00234791450202, -0.000597590696998, -0.000197249813937, -0.000550306926016], [0.000242993715801, -0.00212832097895, 0.00275857909583, -0.00217320746742, 0.000411197484937, -0.00356141082011, -0.00620147725567, 0.022088997066, -0.00533603318036, -0.00485448120162, 0.00205873604864, -0.00350511260331, 0.0013083658414], [-0.00153185101226, 0.00120522046927, 0.00140117271803, 0.00363497808576, 0.000449963554274, -0.00343409064226, -0.0108920950443, -0.00533603318036, 0.0302304308861, -0.00979609787464, -0.0041134590283, 0.00252941949293, -0.00447692908347], [-0.000409125816077, 0.000536151987035, 0.000190435690456, 0.000346608896507, 0.000143841622048, -0.00327310175635, 0.00234791450202, -0.00485448120162, -0.00979609787464, 0.0276162326336, -0.00507168797776, -0.0106735285372, 0.0033435318619], [-0.000522457121406, -0.00250045233406, 0.00144133158028, -0.00237257243134, -0.00233031576499, 0.00690550450236, -0.000597590696998, 0.00205873604864, -0.0041134590283, -0.00507168797776, 0.0238748304546, -0.00254791346379, -0.00696718413383], [9.83486388577e-05, 0.00210036314093, -0.00150037719868, 0.00141214858741, 2.44694365392e-05, -0.00455738930032, -0.000197249813937, -0.00350511260331, 0.00252941949293, -0.0106735285372, -0.00254791346379, 0.0298609994352, -0.0039972923696], [0.000919028476346, 0.000505735632032, 0.00185575662181, -0.00306459306739, -0.00551483221352, 0.00140679092146, -0.000550306926016, 0.0013083658414, -0.00447692908347, 0.0033435318619, -0.00696718413383, -0.0039972923696, 0.0320161767304]]
    },
    "spectral_contrast_coeffs": {
        "max": [-0.36708432436, -0.557790994644, -0.576562404633, -0.731867730618, -0.665046811104, -0.530154585838],
        "mean": [-0.717495381832, -0.748893678188, -0.738814711571, -0.830221056938, -0.804264128208, -0.738585114479],
        "min": [-0.908862054348, -0.942877292633, -0.876393437386, -0.89742565155, -0.85626578331, -0.835495591164],
        "stdev": [0.128882408142, 0.0724753886461, 0.0558110289276, 0.0257097985595, 0.0264163389802, 0.0476358383894]
    },
    "spectral_contrast_valleys": {
        "max": [-5.07664775848, -5.19262981415, -5.11614561081, -5.75477552414, -6.26751995087, -8.07813072205],
        "mean": [-7.79095888138, -6.31342983246, -6.32725334167, -6.82593774796, -7.44234752655, -10.7669239044],
        "min": [-11.080783844, -8.25558662415, -8.0989484787, -9.29620265961, -11.1082181931, -15.3685808182],
        "stdev": [1.56869113445, 0.509127497673, 0.67563533783, 0.790262401104, 0.771453022957, 1.50644171238]
    }
},
"rhythm": {
    "beats_count": 33,
    "beats_loudness": {
        "max": 0.378181576729,
        "mean": 0.0739600732923,
        "min": 0.00504925381392,
        "stdev": 0.0931874886155
    },
    "bpm": 163.311080933,
    "bpm_histogram_first_peak_bpm": 161,
    "bpm_histogram_first_peak_weight": 0.25,
    "bpm_histogram_second_peak_bpm": 167,
    "bpm_histogram_second_peak_spread": 0,
    "bpm_histogram_second_peak_weight": 0.25,
    "danceability": 0.815221011639,
    "onset_rate": 1.17560708523,
    "beats_loudness_band_ratio": {
        "max": [0.989065885544, 0.578594148159, 0.721101045609, 0.734016895294, 0.244885116816, 0.089253410697],
        "mean": [0.301508098841, 0.0669512152672, 0.352984428406, 0.235993936658, 0.06040116027, 0.0157485380769],
        "min": [0.000215825493797, 0.00119873485528, 0.00481862295419, 0.00238079484552, 0.00199196510948, 0.000445358920842],
        "stdev": [0.362605035305, 0.143053218722, 0.218936666846, 0.176927149296, 0.0589493215084, 0.0168560892344]
    },
    "beats_position": [0.383129239082, 0.789478421211, 1.18421769142, 1.57895684242, 1.97369611263, 2.35682535172, 2.73995471001, 3.09986400604, 3.45977306366, 3.83129239082, 4.20281171799, 4.5627207756, 4.93424034119, 5.30575942993, 5.66566896439, 6.03718805313, 6.40870714188, 6.78022670746, 7.1517457962, 7.52326536179, 7.89478445053, 8.25469398499, 8.6146030426, 8.97451210022, 9.33442115784, 9.70594120026, 10.077460289, 10.4489793777, 10.8204984665, 11.1920175552, 11.5751476288, 11.9582767487, 12.3414058685],
