{
"metadata": {
    "version": {
        "essentia": "2.1-beta5",
        "essentia_git_sha": "Undefined",
        "extractor": "music 2.0"
    },
    "audio_properties": {
        "analysis": {
            "equal_loudness": 0,
            "length": 32.4963264465,
            "sample_rate": 44100,
            "start_time": 12.7477550507,
            "downmix": "mix"
        },
        "bit_rate": 192000,
        "length": 199.04145813,
        "lossless": 0,
        "number_channels": 2,
        "replay_gain": 3.55822944641,
        "sample_rate": 48000,
        "codec": "mp3",
        "md5_encoded": "b9bd283b07abc12336792c6dd3319606"
    },
    "tags": {
        "file_name": "Australia_We Got Love_Jessica Mauboy.mp3",
        "encoding": ["Lavf58.29.100"]
    }
},
"lowlevel": {
    "average_loudness": 0.932329654694,
    "barkbands_crest": {
        "max": 25.9864711761,
        "mean": 12.8753442764,
        "min": 3.69674754143,
        "stdev": 4.27850389481
    },
    "barkbands_flatness_db": {
        "max": 0.549419820309,
        "mean": 0.266254752874,
        "min": 0.0499544367194,
        "stdev": 0.0823599919677
    },
    "barkbands_kurtosis": {
        "max": 252.405731201,
        "mean": 19.1074447632,
        "min": -1.67005956173,
        "stdev": 23.6327781677
    },
    "barkbands_skewness": {
        "max": 14.5783481598,
        "mean": 3.01330900192,
        "min": -0.528230369091,
        "stdev": 1.82540380955
    },
    "barkbands_spread": {
        "max": 87.9371337891,
        "mean": 9.11249256134,
        "min": 0.442329704762,
        "stdev": 11.1295881271
    },
    "dissonance": {
        "max": 0.500000059605,
        "mean": 0.433437407017,
        "min": 0.249408721924,
        "stdev": 0.0487528331578
    },
    "dynamic_complexity": 2.61966252327,
    "erbbands_crest": {
        "max": 27.9400405884,
        "mean": 11.4436511993,
        "min": 2.39862275124,
        "stdev": 5.04099082947
    },
    "erbbands_flatness_db": {
        "max": 0.392366290092,
        "mean": 0.21268555522,
        "min": 0.074919141829,
        "stdev": 0.0651198774576
    },
    "erbbands_kurtosis": {
        "max": 52.5982322693,
        "mean": 3.06207156181,
        "min": -1.90674209595,
        "stdev": 5.82915687561
    },
    "erbbands_skewness": {
        "max": 6.10962629318,
        "mean": 1.14127600193,
        "min": -3.00732374191,
        "stdev": 1.13294708729
    },
    "erbbands_spread": {
        "max": 174.372970581,
        "mean": 40.3013038635,
        "min": 2.54372906685,
        "stdev": 30.509311676
    },
    "hfc": {
        "max": 162.792190552,
        "mean": 12.1169013977,
        "min": 0.312519788742,
        "stdev": 11.1336021423
    },
    "loudness_ebu128": {
        "integrated": -26.4243869781,
        "loudness_range": 3.93671417236,
        "momentary": {
            "max": -23.3887310028,
            "mean": -26.8950462341,
            "min": -33.4263076782,
            "stdev": 2.17763948441
        },
        "short_term": {
            "max": -24.57421875,
            "mean": -26.6655921936,
            "min": -29.8013782501,
            "stdev": 1.50748991966
        }
    },
    "melbands_crest": {
        "max": 30.6933860779,
        "mean": 17.5424690247,
        "min": 6.87352275848,
        "stdev": 5.27656698227
    },
    "melbands_flatness_db": {
        "max": 0.712366342545,
        "mean": 0.348863303661,
        "min": 0.0808547884226,
        "stdev": 0.106324143708
    },
    "melbands_kurtosis": {
        "max": 459.245605469,
        "mean": 45.624912262,
        "min": -0.932629346848,
        "stdev": 58.6271057129
    },
    "melbands_skewness": {
        "max": 18.0295581818,
        "mean": 4.38203334808,
        "min": -0.344227403402,
        "stdev": 2.85415101051
    },
    "melbands_spread": {
        "max": 132.000015259,
        "mean": 7.15249300003,
        "min": 0.483993589878,
        "stdev": 7.82595157623
    },
    "pitch_salience": {
        "max": 0.774066984653,
        "mean": 0.464296489954,
        "min": 0.061998218298,
        "stdev": 0.122752472758
    },
    "silence_rate_20dB": {
        "max": 1,
        "mean": 1,
        "min": 1,
        "stdev": 0
    },
    "silence_rate_30dB": {
        "max": 1,
        "mean": 0.920057117939,
        "min": 0,
        "stdev": 0.271205216646
    },
    "silence_rate_60dB": {
        "max": 1,
        "mean": 0.00571020692587,
        "min": 0,
        "stdev": 0.0753491893411
    },
    "spectral_centroid": {
        "max": 4033.58325195,
        "mean": 619.497070312,
        "min": 128.909683228,
        "stdev": 490.73638916
    },
    "spectral_complexity": {
        "max": 44,
        "mean": 9.35688781738,
        "min": 1,
        "stdev": 5.24976110458
    },
    "spectral_decrease": {
        "max": -3.59635765612e-10,
        "mean": -1.12657891904e-08,
        "min": -7.67057670714e-08,
        "stdev": 1.14164286913e-08
    },
    "spectral_energy": {
        "max": 0.294630020857,
        "mean": 0.0436187312007,
        "min": 0.00138569204137,
        "stdev": 0.0436518453062
    },
    "spectral_energyband_high": {
        "max": 0.0143868783489,
        "mean": 0.000352994306013,
        "min": 3.62942831345e-09,
        "stdev": 0.000911497685593
    },
    "spectral_energyband_low": {
        "max": 0.249709650874,
        "mean": 0.0249456595629,
        "min": 0.000515064049978,
        "stdev": 0.0395439602435
    },
    "spectral_energyband_middle_high": {
        "max": 0.0419100411236,
        "mean": 0.00150237348862,
        "min": 7.43271675674e-06,
        "stdev": 0.00314159970731
    },
    "spectral_energyband_middle_low": {
        "max": 0.200886204839,
        "mean": 0.0190541055053,
        "min": 0.000269578013103,
        "stdev": 0.0179349146783
    },
    "spectral_entropy": {
        "max": 8.5377035141,
        "mean": 6.76841259003,
        "min": 4.40144729614,
        "stdev": 0.796977043152
    },
    "spectral_flux": {
        "max": 0.467784374952,
        "mean": 0.0998259410262,
        "min": 0.0128884930164,
        "stdev": 0.0744604840875
    },
    "spectral_kurtosis": {
        "max": 198.813079834,
        "mean": 13.5738592148,
        "min": -1.17985332012,
        "stdev": 25.6907367706
    },
    "spectral_rms": {
        "max": 0.01695417054,
        "mean": 0.00597804505378,
        "min": 0.00116271001752,
        "stdev": 0.00261110928841
    },
    "spectral_rolloff": {
        "max": 8333.34960938,
        "mean": 467.890533447,
        "min": 86.1328125,
        "stdev": 830.407348633
    },
    "spectral_skewness": {
        "max": 10.7731466293,
        "mean": 2.30146479607,
        "min": -0.0869924351573,
        "stdev": 1.65308046341
    },
    "spectral_spread": {
        "max": 23211864,
        "mean": 3821642.5,
        "min": 478435.375,
        "stdev": 2046444.375
    },
    "spectral_strongpeak": {
        "max": 5.32164716721,
        "mean": 0.875085294247,
        "min": 0,
        "stdev": 0.826667964458
    },
    "zerocrossingrate": {
        "max": 0.177734375,
        "mean": 0.0260570012033,
        "min": 0.00244140625,
        "stdev": 0.0230596531183
    },
    "barkbands": {
        "max": [0.00185703579336, 0.203786030412, 0.155438706279, 0.131239384413, 0.071060821414, 0.0283653996885, 0.0307062938809, 0.0376250185072, 0.0355041995645, 0.0348348878324, 0.0203146226704, 0.00274611334316, 0.00491594243795, 0.00356965721585, 0.0109297186136, 0.00588171137497, 0.00277911219746, 0.00625316938385, 0.00140798045322, 0.00437187077478, 0.00343523127958, 0.00328750675544, 0.00434685172513, 0.00264538824558, 0.00165148614906, 0.000840034917928, 8.585240721e-05],
        "mean": [0.000229769721045, 0.0137585047632, 0.00884812977165, 0.00382462772541, 0.0103057920933, 0.00120381463785, 0.00144249363802, 0.000969414133579, 0.000946472515352, 0.000646959291771, 0.000359179422958, 7.45310535422e-05, 7.61228293413e-05, 5.96621794102e-05, 0.000114025235234, 9.34776035137e-05, 0.000108639440441, 9.07081121113e-05, 7.28088270989e-05, 9.40669488045e-05, 5.87291833654e-05, 6.47450360702e-05, 8.75405603438e-05, 5.81895765208e-05, 2.32776510529e-05, 6.94024220138e-06, 1.34198359092e-07],
        "min": [2.71833897614e-08, 2.04722346098e-05, 0.000136401387863, 1.10195906018e-05, 2.9992128475e-05, 4.01673787565e-06, 2.40505119109e-06, 2.08774451949e-07, 2.99649315139e-07, 1.61778004326e-07, 4.2909483966e-08, 6.10102679488e-09, 8.16642131696e-09, 8.27906632139e-09, 9.57859747075e-09, 3.77734430401e-08, 1.10339435366e-08, 2.90563839656e-08, 2.35165775742e-10, 1.11419054538e-10, 1.89545157347e-10, 2.01072630768e-10, 2.54698068192e-10, 2.80854228762e-10, 4.2620987295e-10, 2.74028161273e-10, 3.52309070806e-10],
        "stdev": [0.000320212624501, 0.0298641379923, 0.0167199783027, 0.00842890515924, 0.0119660357013, 0.002562826965, 0.0028093685396, 0.00311778765172, 0.00250732479617, 0.00203132675961, 0.00158792431466, 0.000152316541062, 0.000252454628935, 0.000169459541212, 0.000439246767201, 0.000232971258811, 0.000292148062726, 0.00024306368141, 0.000133078661747, 0.000272113597021, 0.000187391109648, 0.000198603665922, 0.000304557004711, 0.000200274458621, 0.000100028926681, 4.46699814347e-05, 2.46011632044e-06]
    },
    "erbbands": {
        "max": [4.82097387314, 51.5784912109, 173.180526733, 304.6378479, 458.148498535, 411.92880249, 373.192138672, 326.785766602, 362.833587646, 852.598754883, 553.839782715, 755.611083984, 1082.03466797, 564.562316895, 694.700317383, 139.67817688, 195.902542114, 172.108718872, 491.416015625, 375.009368896, 356.193847656, 134.556106567, 323.957885742, 166.885406494, 90.6224822998, 219.687271118, 105.151901245, 187.50189209, 103.668151855, 96.1930389404, 113.090667725, 92.3393936157, 41.8948783875, 26.9534416199, 8.12055587769, 3.72931265831, 1.32726311684, 0.497129619122, 0.0106932679191, 0.00043404410826],
        "mean": [0.276522725821, 3.50017809868, 10.5488147736, 11.9855937958, 22.9223518372, 38.1349182129, 19.5087356567, 10.1256551743, 17.8311004639, 29.5201587677, 14.7044258118, 19.7164936066, 28.4689311981, 13.600189209, 12.6924381256, 3.6540915966, 3.45856380463, 3.11790370941, 5.32382965088, 4.7093129158, 5.88196849823, 5.86767816544, 4.86257600784, 4.76415395737, 3.37486410141, 4.46977567673, 2.84232330322, 2.30502581596, 2.15747952461, 2.75818800926, 2.40389060974, 1.53152060509, 0.772249102592, 0.345943331718, 0.126781895757, 0.0452527888119, 0.00969038251787, 0.00108118646313, 4.76110435557e-05, 4.9952090194e-05],
        "min": [0.000496476190165, 0.00926678720862, 0.145209595561, 0.264387845993, 0.161188170314, 0.0766591355205, 0.104009523988, 0.0687995776534, 0.0463347882032, 0.035594291985, 0.0202154107392, 0.0109500233084, 0.0101689221337, 0.00603819731623, 0.00297144590877, 0.00148380140308, 0.000641877122689, 0.000447072758107, 0.00260007474571, 0.000833302852698, 0.00348289590329, 0.00127365486696, 0.00175468774978, 0.000324196356814, 4.66638157377e-05, 1.14435715659e-05, 7.35116145734e-06, 9.25034964894e-06, 7.99821373221e-06, 9.4983706731e-06, 8.2645465227e-06, 7.09602727511e-06, 7.55364499128e-06, 5.68313043914e-06, 4.34690809925e-06, 3.09640063278e-06, 1.51136134718e-06, 4.38339782249e-07, 8.02396755262e-07, 1.52748293658e-06],
        "stdev": [0.645496726036, 7.56736040115, 18.8666744232, 24.7466049194, 33.0693321228, 56.1731300354, 42.4472084045, 22.3547706604, 30.9749622345, 83.7476272583, 38.0559005737, 55.9115791321, 76.0074386597, 43.791103363, 57.4726066589, 7.7631611824, 10.8066778183, 8.56115722656, 20.149143219, 13.1712579727, 14.8837575912, 14.5650453568, 12.9275417328, 9.62876033783, 7.58751583099, 13.1298112869, 7.62410116196, 8.54292583466, 6.74757957458, 8.57470703125, 8.5905380249, 5.50249481201, 2.66634011269, 1.41608464718, 0.613760232925, 0.250575393438, 0.0680803954601, 0.0146237229928, 0.000324011023622, 4.91503742523e-05]
    },
    "gfcc": {
        "mean": [-71.464515686, 156.195159912, -93.2864685059, 53.5388908386, -55.7004241943, 9.3676109314, -32.1456260681, 3.24053907394, -7.20193433762, -26.6049613953, -4.67655515671, -16.4149360657, -2.33940124512],
        "cov": [[5368.51269531, -2491.96264648, -746.127380371, 1028.29870605, -1218.29187012, 696.960876465, -352.476593018, 359.141662598, -186.280303955, 434.304901123, -93.5459442139, -55.5054855347, 223.383590698], [-2491.96264648, 2428.65185547, -121.955604553, -1062.41003418, 770.153991699, -599.672119141, 299.678894043, -229.283721924, 296.301147461, -424.364776611, 288.897277832, -166.888900757, -9.6893825531], [-746.127380371, -121.955604553, 990.114257812, -57.2583427429, 109.218467712, -39.1344490051, -211.908966064, 96.7698440552, -48.2575111389, 77.8943023682, -82.1946868896, 163.895751953, -127.395477295], [1028.29870605, -1062.41003418, -57.2583427429, 1067.83337402, -338.659851074, 106.396507263, -30.7781276703, -89.6193389893, 33.2264404297, 152.635406494, -52.7772254944, 72.46118927, 71.2918548584], [-1218.29187012, 770.153991699, 109.218467712, -338.659851074, 612.992858887, -195.858932495, 195.575698853, -35.2336959839, 15.5954856873, -65.1944198608, 44.3898963928, -0.226740673184, -31.69921875], [696.960876465, -599.672119141, -39.1344490051, 106.396507263, -195.858932495, 494.579376221, 58.9024429321, 67.2036590576, -75.5574188232, 97.163269043, -62.1897277832, -11.8548088074, 33.1541213989], [-352.476593018, 299.678894043, -211.908966064, -30.7781276703, 195.575698853, 58.9024429321, 428.126556396, -97.0656509399, 25.5855140686, 26.8276863098, -12.4934043884, -21.10820961, 36.4230117798], [359.141662598, -229.283721924, 96.7698440552, -89.6193389893, -35.2336959839, 67.2036590576, -97.0656509399, 284.530517578, -75.5595245361, 55.15858078, 7.59015417099, -1.27713680267, 43.0645523071], [-186.280303955, 296.301147461, -48.2575111389, 33.2264404297, 15.5954856873, -75.5574188232, 25.5855140686, -75.5595245361, 251.118164062, -86.8811416626, 69.7664031982, 4.52194213867, -10.6592988968], [434.304901123, -424.364776611, 77.8943023682, 152.635406494, -65.1944198608, 97.163269043, 26.8276863098, 55.15858078, -86.8811416626, 260.000030518, -93.3315200806, 59.6184539795, 19.6889533997], [-93.5459442139, 288.897277832, -82.1946868896, -52.7772254944, 44.3898963928, -62.1897277832, -12.4934043884, 7.59015417099, 69.7664031982, -93.3315200806, 183.795654297, -66.9154968262, 41.7732658386], [-55.5054855347, -166.888900757, 163.895751953, 72.46118927, -0.226740673184, -11.8548088074, -21.10820961, -1.27713680267, 4.52194213867, 59.6184539795, -66.9154968262, 171.161331177, -43.62890625], [223.383590698, -9.6893825531, -127.395477295, 71.2918548584, -31.69921875, 33.1541213989, 36.4230117798, 43.0645523071, -10.6592988968, 19.6889533997, 41.7732658386, -43.62890625, 149.028015137]],
        "icov": [[0.00071648566518, 0.000723151839338, 0.000558933767024, 0.000257787265582, 0.000482720031869, 7.40823525121e-05, 0.000169708509929, -0.000280674023088, -0.000436025235103, -0.000551242323127, -0.000467689678771, 0.000262689078227, -0.000297003251035], [0.000723151839338, 0.00967156980187, -0.000857982318848, 0.0076001426205, -0.0023239350412, 0.00623856252059, -0.0039306464605, 0.00534539483488, -0.00606996519491, 0.00274751894176, -0.00467953691259, 0.00313338125125, -0.00585865601897], [0.000558933767024, -0.000857982318848, 0.0023209261708, -0.00101677689236, 8.40201973915e-05, -0.00113966059871, 0.00179255672265, -0.0014647556236, 0.000536655890755, -0.00133903161623, 0.000449688057415, -0.00129442720208, 0.00154370395467], [0.000257787265582, 0.0076001426205, -0.00101677689236, 0.00755177019164, -0.00140493980143, 0.00509358290583, -0.00328075303696, 0.00528713548556, -0.00505319098011, 0.00176443997771, -0.00371247436851, 0.00191554287449, -0.00552518526092], [0.000482720031869, -0.0023239350412, 8.40201973915e-05, -0.00140493980143, 0.00452424632385, -0.0006254404434, -0.000696125556715, -0.00202115369029, 0.00191881135106, -0.00112343975343, 0.000270770484349, -0.000857687904499, 0.00168359605595], [7.40823525121e-05, 0.00623856252059, -0.00113966059871, 0.00509358290583, -0.0006254404434, 0.00718475179747, -0.00403804657981, 0.00313056563027, -0.00346602173522, 0.00196623778902, -0.00254225498065, 0.00250089191832, -0.00382838933729], [0.000169708509929, -0.0039306464605, 0.00179255672265, -0.00328075303696, -0.000696125556715, -0.00403804657981, 0.00639770412818, -0.0012881285511, 0.00179288175423, -0.00265478249639, 0.00255039776675, -0.00134407682344, 0.00152133102529], [-0.000280674023088, 0.00534539483488, -0.0014647556236, 0.00528713548556, -0.00202115369029, 0.00313056563027, -0.0012881285511, 0.00892255268991, -0.00255683902651, 0.00113706465345, -0.00330169219524, 0.00141201866791, -0.0053972681053], [-0.000436025235103, -0.00606996519491, 0.000536655890755, -0.00505319098011, 0.00191881135106, -0.00346602173522, 0.00179288175423, -0.00255683902651, 0.00933970045298, -0.000400591670768, 0.000844015798066, -0.00318507128395, 0.00416682520881], [-0.000551242323127, 0.00274751894176, -0.00133903161623, 0.00176443997771, -0.00112343975343, 0.00196623778902, -0.00265478249639, 0.00113706465345, -0.000400591670768, 0.00806030258536, 0.000760581227951, -0.000349128124071, -0.00274889636785], [-0.000467689678771, -0.00467953691259, 0.000449688057415, -0.00371247436851, 0.000270770484349, -0.00254225498065, 0.00255039776675, -0.00330169219524, 0.000844015798066, 0.000760581227951, 0.0113180382177, 0.000815339852124, 0.000537177664228], [0.000262689078227, 0.00313338125125, -0.00129442720208, 0.00191554287449, -0.000857687904499, 0.00250089191832, -0.00134407682344, 0.00141201866791, -0.00318507128395, -0.000349128124071, 0.000815339852124, 0.00980732217431, -0.000570332631469], [-0.000297003251035, -0.00585865601897, 0.00154370395467, -0.00552518526092, 0.00168359605595, -0.00382838933729, 0.00152133102529, -0.0053972681053, 0.00416682520881, -0.00274889636785, 0.000537177664228, -0.000570332631469, 0.0134784802794]]
    },
    "melbands": {
        "max": [0.0509335249662, 0.0687550753355, 0.0585530474782, 0.0181430671364, 0.011966756545, 0.00660634972155, 0.00556058250368, 0.010002813302, 0.00479889893904, 0.00576971052215, 0.00533076841384, 0.00264804507606, 0.00313748768531, 0.000463991425931, 0.000491250888444, 0.000373662158381, 0.000289936404442, 0.000733204360586, 0.000749683473259, 0.000337473815307, 0.000401580444304, 0.000162154829013, 0.000179251059308, 0.000338873418514, 0.000112771260319, 6.18187987129e-05, 0.00013282962027, 0.000195517248358, 9.24987034523e-05, 8.28996635391e-05, 0.000119522628665, 5.93154472881e-05, 5.45675356989e-05, 6.67919230182e-05, 7.04688573023e-05, 7.79897090979e-05, 4.62536154373e-05, 2.86447866529e-05, 2.60785091086e-05, 2.34996059589e-05],
        "mean": [0.00317287468351, 0.0051986137405, 0.00235577346757, 0.00224991724826, 0.000949314562604, 0.000227685144637, 0.000282876979327, 0.000307025882648, 0.000105273429654, 0.000137401439133, 0.000140516349347, 5.25483010279e-05, 4.89139456477e-05, 1.2359615539e-05, 8.92653224582e-06, 6.05834247835e-06, 5.63166895517e-06, 7.70790938986e-06, 8.22213587526e-06, 5.60199032407e-06, 7.21286733096e-06, 6.21161234449e-06, 4.97317341797e-06, 4.2411834329e-06, 3.88724447475e-06, 2.41005750468e-06, 2.68953203886e-06, 3.07541586153e-06, 1.92912852981e-06, 1.41177781643e-06, 1.29171883145e-06, 1.15307420856e-06, 1.3654552049e-06, 1.60870024501e-06, 1.44510022437e-06, 1.12914915462e-06, 8.58043506469e-07, 5.64873744224e-07, 4.00928172439e-07, 2.55074269262e-07],
        "min": [5.57046678296e-06, 8.1430793216e-05, 5.2808340115e-05, 5.98464021095e-06, 5.38617450729e-06, 6.51280629427e-07, 6.39316453999e-07, 3.35377364991e-07, 1.14737765955e-07, 5.21372633955e-08, 4.83610413937e-08, 2.19098001963e-08, 7.19115478276e-09, 7.64116325769e-10, 9.721333738e-10, 6.78589739955e-10, 4.73477590468e-10, 1.16159026842e-09, 5.28011023793e-10, 1.41847228408e-10, 2.57541965532e-09, 6.49541587183e-10, 6.13331163635e-10, 6.34541030831e-10, 4.7799750269e-11, 6.9300168902e-12, 5.65558754342e-12, 2.75673841393e-12, 3.08140557341e-12, 4.23869186278e-12, 2.67528512364e-12, 3.76875180369e-12, 3.97958836024e-12, 4.16230157979e-12, 4.00571719891e-12, 1.56243323401e-12, 2.89694071683e-12, 3.83649665855e-12, 2.56519219928e-12, 3.22030726738e-12],
        "stdev": [0.00726722180843, 0.00882256217301, 0.00407011946663, 0.00267510977574, 0.00180005829316, 0.000491548154969, 0.000490464793984, 0.000906507542823, 0.000296948186588, 0.000392053072574, 0.000381443445804, 0.000195027707377, 0.000226866439334, 3.27818997903e-05, 2.7382373446e-05, 1.75857840077e-05, 1.62110045494e-05, 2.86119538941e-05, 3.11947442242e-05, 1.29797026602e-05, 1.9419576347e-05, 1.60551480803e-05, 1.39897665576e-05, 1.19604101201e-05, 7.83203813626e-06, 4.83131088913e-06, 8.43309589982e-06, 9.62745434663e-06, 5.62937702853e-06, 4.57510668639e-06, 5.10079871674e-06, 3.76177422368e-06, 4.29743249697e-06, 5.32555532118e-06, 5.35417166247e-06, 4.11817109125e-06, 3.2332977753e-06, 2.00204954126e-06, 1.39989776926e-06, 1.183049676e-06]
    },
    "melbands128": {
        "max": [0.0018436255632, 0.0279732868075, 0.0896196141839, 0.0983480215073, 0.096748881042, 0.0739201530814, 0.066610366106, 0.0661557018757, 0.0525047406554, 0.0268853772432, 0.0321915633976, 0.0267893150449, 0.0188359469175, 0.00793706532568, 0.00733815319836, 0.0118562309071, 0.00561235379428, 0.00847548991442, 0.0113921761513, 0.0142012881115, 0.0147655401379, 0.00651531014591, 0.00937067903578, 0.00887153670192, 0.00786654651165, 0.0138233471662, 0.00819554645568, 0.00915195792913, 0.011075520888, 0.00628043618053, 0.00300848972984, 0.0054570059292, 0.00611483305693, 0.00335227581672, 0.00036701085628, 0.000312351447064, 0.000350869930116, 0.000440419040387, 0.00123876880389, 0.00047199477558, 0.000441630923888, 0.000494042935316, 0.000293210992822, 0.000692058936693, 0.000435881200247, 0.00100895611104, 0.000982606317848, 0.00113025680184, 0.000820843910333, 0.000263188412646, 0.000241656642174, 0.000554325582925, 0.000650970381685, 0.000518882181495, 0.000545499380678, 0.000316113291774, 0.000301838677842, 0.000344939879142, 0.00024869342451, 0.000448599399533, 0.000375297124265, 0.000255356484558, 0.000246096024057, 7.72715065978e-05, 7.23920456949e-05, 7.99440676928e-05, 4.96539469168e-05, 0.00011933161295, 0.000245103408815, 0.000198597961571, 0.000205402029678, 0.000331760005793, 0.000127935170894, 7.96442109277e-05, 0.000113530615636, 6.30597714917e-05, 0.00014902446128, 0.000109111468191, 0.000117619849334, 0.000145474652527, 7.49371465645e-05, 5.27167831024e-05, 5.50492404727e-05, 8.53595192893e-05, 5.96004101681e-05, 7.1788301284e-05, 0.000109246793727, 0.000101429177448, 0.000110535627755, 0.00010967340495, 6.45143154543e-05, 9.89987529465e-05, 7.95178275439e-05, 6.50180445518e-05, 7.90342164692e-05, 3.55531410605e-05, 3.6504061427e-05, 5.53722711629e-05, 1.97224853764e-05, 1.7300266336e-05, 2.51732471952e-05, 2.6717880246e-05, 1.98866764549e-05, 1.20728809634e-05, 1.4740376173e-05, 9.2903528639e-06, 1.12703355626e-05, 7.20209527572e-06, 7.66311950429e-06, 6.2963849814e-06, 5.69349822399e-06, 3.55190150003e-06, 3.83731367037e-06, 3.44572617905e-06, 8.41778455651e-06, 7.18043020242e-06, 3.58316742677e-06, 6.15618944266e-07, 7.97485029125e-08, 6.42033057829e-08, 4.10602112311e-08, 9.93727944376e-09, 9.78122205453e-09, 9.63308099955e-09, 9.46567002558e-09, 9.38188016164e-09, 9.29305521424e-09, 9.23806542374e-09],
        "mean": [0.000212122991798, 0.00169421755709, 0.00420545274392, 0.00637909630314, 0.00609161471948, 0.00389178330079, 0.00239137653261, 0.00178825645708, 0.00241319439374, 0.00234550540335, 0.00226661167108, 0.00159830739722, 0.000588690920267, 0.000143378332723, 0.000150021267473, 0.00034301658161, 0.000300702638924, 0.000245499744778, 0.000278757477645, 0.000419908814365, 0.000271379278274, 0.00010465674859, 9.50027970248e-05, 8.48737909109e-05, 0.000107027968625, 0.000157520873472, 0.000211812235648, 0.000153505898197, 6.47462657071e-05, 6.38035780867e-05, 3.75898634957e-05, 5.14805760758e-05, 6.5890220867e-05, 3.6787288991e-05, 1.03857164504e-05, 9.24514188227e-06, 6.69602059133e-06, 8.0566314864e-06, 1.2603891264e-05, 6.02859927312e-06, 4.53859547633e-06, 5.39232905794e-06, 6.43468638373e-06, 5.31168143425e-06, 4.35298989032e-06, 7.16750855645e-06, 1.34946485559e-05, 9.03047020984e-06, 5.76173397349e-06, 5.42679981663e-06, 5.25025006937e-06, 5.79187235417e-06, 7.88406941865e-06, 7.26416055841e-06, 7.28176473785e-06, 5.69835083297e-06, 5.72140106669e-06, 6.01146166446e-06, 4.2706133172e-06, 3.83680753657e-06, 4.37410153609e-06, 4.17027285948e-06, 4.89658486913e-06, 3.42507269124e-06, 3.00260626318e-06, 2.43504632635e-06, 1.98648513106e-06, 2.16086550608e-06, 3.04271793539e-06, 3.1817044146e-06, 3.08526750814e-06, 3.18394359056e-06, 2.4924590889e-06, 1.55706277383e-06, 1.45172600696e-06, 1.33935691338e-06, 1.50427740664e-06, 1.32714660595e-06, 1.27410044115e-06, 1.22682865822e-06, 1.17789829801e-06, 1.07336757083e-06, 1.1988827282e-06, 1.4223285234e-06, 1.43014938203e-06, 1.67155121744e-06, 1.67778694049e-06, 1.49668323957e-06, 1.45699630139e-06, 1.4378325659e-06, 1.12970053578e-06, 1.10302335088e-06, 1.0012288385e-06, 9.06508660137e-07, 7.39589950172e-07, 6.09784592598e-07, 5.31712430529e-07, 4.78136769289e-07, 4.4290607093e-07, 3.38334132266e-07, 2.9352099773e-07, 2.50368657362e-07, 1.97551401016e-07, 1.45998157564e-07, 1.39581246117e-07, 1.21484688975e-07, 1.05207220713e-07, 1.00633158695e-07, 8.48553298738e-08, 4.93049014949e-08, 4.3222069479e-08, 2.83853491823e-08, 3.0823272823e-08, 2.48442226791e-08, 1.69330434119e-08, 9.96880178405e-09, 5.06557684687e-09, 6.59449772566e-10, 1.09453467123e-10, 1.06051833981e-10, 9.34118823959e-11, 2.24664817999e-11, 1.82871166127e-11, 1.76947449748e-11, 1.6937102762e-11, 1.58313240989e-11, 1.52019143801e-11, 1.50454093628e-11],
        "min": [2.65897459606e-09, 2.67869182835e-07, 1.82482767741e-06, 7.10559515937e-06, 1.91137096408e-05, 5.72464668949e-05, 3.63856406693e-06, 6.53096822134e-06, 1.17118679555e-05, 4.26148790211e-06, 3.50446066477e-06, 1.15702755465e-06, 2.28184347861e-07, 5.11593896135e-07, 2.24807308769e-07, 1.57589795435e-07, 2.44429969598e-07, 1.60344228561e-07, 1.86589019791e-07, 7.26417184183e-08, 1.37525990596e-08, 2.70854414453e-08, 1.16542420159e-08, 4.55292585855e-08, 2.9771285881e-08, 1.14766383064e-08, 2.54286955936e-08, 2.3233337032e-08, 1.3069262117e-08, 4.24101642693e-09, 9.14934572549e-10, 5.88943294133e-09, 2.52560616865e-09, 1.39951583655e-09, 5.01456209889e-10, 6.16275308563e-10, 1.00213670695e-09, 7.04009350816e-10, 1.43976086608e-09, 8.58804360959e-10, 2.54544690881e-10, 2.50065579355e-10, 3.71259356591e-10, 3.33510608019e-10, 1.19649834485e-09, 7.48725526023e-10, 7.14093673082e-10, 4.52102050241e-10, 3.43786665802e-10, 6.2031747794e-11, 9.28495266783e-11, 7.12332345887e-11, 1.78889225655e-09, 9.309630844e-10, 5.53045331753e-10, 4.14911993651e-10, 5.40580580299e-10, 1.85910412065e-10, 3.06045244702e-10, 4.33996699689e-10, 1.02189083584e-10, 8.01130689565e-11, 4.18650079881e-11, 9.10713865432e-12, 6.03882785791e-12, 6.34460149349e-12, 5.48131375358e-12, 6.50579113151e-12, 4.59664207739e-12, 2.6929133836e-12, 1.86885771615e-12, 3.40814074011e-12, 3.40187340103e-12, 1.6690888038e-12, 1.438312143e-12, 2.49270330939e-12, 1.23289269419e-12, 1.04220668554e-12, 1.3347578251e-12, 2.69453361533e-12, 2.95807866049e-12, 3.56703794106e-12, 3.83789484568e-12, 2.68914317897e-12, 3.51973918761e-12, 2.19333102028e-12, 3.80948007514e-12, 2.07827808782e-12, 2.59935215713e-12, 1.10105869734e-12, 1.37579119104e-12, 1.24376106202e-12, 1.95421738687e-12, 2.4538496235e-12, 1.56247736104e-12, 1.66980871404e-12, 2.19475783034e-12, 1.55955532776e-12, 2.23728782896e-12, 1.52295342136e-12, 2.53261387556e-12, 1.21574549473e-12, 1.50748326582e-12, 1.20518373926e-12, 1.09902560143e-12, 1.27476859364e-12, 1.41139823353e-12, 1.06985026307e-12, 1.21969350852e-12, 9.18948185775e-13, 1.15631647053e-12, 9.76394095784e-13, 1.00437984752e-12, 9.73020600724e-13, 9.63980197749e-13, 1.09822112342e-12, 9.33000313293e-13, 1.02212129819e-12, 1.10354065296e-12, 1.07171650027e-12, 1.0576978746e-12, 1.06902410101e-12, 8.65432996534e-13, 9.77059362237e-13, 8.32429340302e-13, 2.85353283971e-13, 3.84540083153e-14, 1.15040722055e-15],
        "stdev": [0.00030654008151, 0.00373723125085, 0.0122195761651, 0.0138031495735, 0.0113682672381, 0.0075966482982, 0.00565081276, 0.00378231680952, 0.00416863989085, 0.00366252986714, 0.00407053297386, 0.00352455000393, 0.00174389639869, 0.000438245479017, 0.000486254401039, 0.000903257285245, 0.000608354457654, 0.000694096728694, 0.000768173194956, 0.00140732701402, 0.00108883308712, 0.00033632380655, 0.000442862132331, 0.000360561010893, 0.000426472339313, 0.000691166438628, 0.000655069306958, 0.000531175173819, 0.00039205577923, 0.000365847547073, 0.000163771997904, 0.000291374424705, 0.000372553855414, 0.000218436704017, 2.46581857937e-05, 2.1876197934e-05, 1.8038388589e-05, 2.46003310167e-05, 5.85116722505e-05, 2.03653544304e-05, 1.65083747561e-05, 1.91771487152e-05, 2.02371575142e-05, 2.31106841966e-05, 1.82782259799e-05, 3.48893081537e-05, 7.06656646798e-05, 4.47585625807e-05, 2.51832261711e-05, 1.45521089507e-05, 1.2724482076e-05, 1.97426252271e-05, 2.86865324597e-05, 2.71030748991e-05, 2.92939494102e-05, 1.95864395209e-05, 2.26888660109e-05, 2.28175103985e-05, 1.46248112287e-05, 1.51984968397e-05, 1.45178173625e-05, 1.18729267342e-05, 1.37342831295e-05, 7.39628603696e-06, 6.92538651492e-06, 5.39949860467e-06, 4.7953540161e-06, 6.50188576401e-06, 1.28740975924e-05, 1.09037500806e-05, 1.16973697004e-05, 1.28370447783e-05, 9.33946648729e-06, 5.04417585034e-06, 4.78696529171e-06, 4.02729028792e-06, 6.13982683717e-06, 6.10857523498e-06, 5.13341592523e-06, 5.07187814947e-06, 4.17334149461e-06, 3.57619796887e-06, 4.1781922846e-06, 5.27948850504e-06, 4.42395366917e-06, 5.40893006473e-06, 6.32238834442e-06, 6.06840967521e-06, 5.94558059674e-06, 5.83524388276e-06, 4.24033305535e-06, 4.30235422755e-06, 4.08743744629e-06, 3.66176618627e-06, 3.23638460031e-06, 2.31388389693e-06, 1.94544531951e-06, 2.12189502236e-06, 1.53876703735e-06, 1.07929065507e-06, 1.34165293275e-06, 1.2725098486e-06, 1.07167841179e-06, 7.7902330986e-07, 7.564057114e-07, 6.40632379145e-07, 5.45843647615e-07, 5.18701483543e-07, 5.11099074174e-07, 3.56126008683e-07, 3.32616963306e-07, 1.79858048455e-07, 2.21132026468e-07, 2.09808078466e-07, 2.49938352681e-07, 1.98162908305e-07, 1.01110039452e-07, 1.68452487515e-08, 2.35669372906e-09, 2.22859153354e-09, 1.58409563245e-09, 3.07347758355e-10, 2.72581207605e-10, 2.68295025085e-10, 2.63648519683e-10, 2.61239530008e-10, 2.58832483224e-10, 2.57303123252e-10]
    },
    "mfcc": {
        "mean": [-714.752197266, 165.912536621, 29.8440628052, 39.0605964661, 16.6256427765, 2.68581271172, -4.19211149216, 20.2321224213, -4.00540351868, 7.84598064423, -4.62802219391, -6.8934841156, -2.81228208542],
        "cov": [[6485.02636719, -3283.77172852, -86.018913269, -51.1347999573, -540.557067871, 102.20791626, 93.3856201172, -292.796783447, 150.609863281, 294.259490967, -238.182952881, 136.576522827, 71.9508743286], [-3283.77172852, 3297.80761719, -614.620849609, -425.200012207, 319.195556641, -411.263916016, -12.976228714, 184.335678101, -182.305358887, -17.358663559, 156.908050537, -172.800796509, 30.4937648773], [-86.018913269, -614.620849609, 834.481506348, 25.2406272888, 119.409744263, 0.330927550793, -146.281906128, -6.68203687668, -1.78776788712, -89.7236404419, 18.9185523987, 76.1380844116, 3.37902545929], [-51.1347999573, -425.200012207, 25.2406272888, 778.078857422, -76.3246231079, 159.011199951, -130.029815674, -62.694934845, 24.5142211914, -91.9300918579, -39.1992225647, 148.777359009, -17.2348461151], [-540.557067871, 319.195556641, 119.409744263, -76.3246231079, 403.030944824, -250.918151855, -26.7001819611, 53.6141624451, -97.1675567627, -2.73584628105, 7.28612041473, -25.8943519592, 63.7961883545], [102.20791626, -411.263916016, 0.330927550793, 159.011199951, -250.918151855, 552.527038574, 32.2700614929, -5.72293996811, 119.321670532, -20.4433002472, 12.0045394897, 67.7286987305, -76.6129455566], [93.3856201172, -12.976228714, -146.281906128, -130.029815674, -26.7001819611, 32.2700614929, 391.828979492, -50.245552063, 107.51940918, 64.7762908936, -31.4439373016, -6.31866121292, -32.2600402832], [-292.796783447, 184.335678101, -6.68203687668, -62.694934845, 53.6141624451, -5.72293996811, -50.245552063, 216.893127441, -64.6072387695, 20.1414031982, 44.7913093567, -67.3558349609, 35.8305854797], [150.609863281, -182.305358887, -1.78776788712, 24.5142211914, -97.1675567627, 119.321670532, 107.51940918, -64.6072387695, 231.889801025, -5.15966701508, -0.827198028564, 37.1477241516, -33.538608551], [294.259490967, -17.358663559, -89.7236404419, -91.9300918579, -2.73584628105, -20.4433002472, 64.7762908936, 20.1414031982, -5.15966701508, 190.161361694, -32.0048179626, -13.3723621368, 20.7748832703], [-238.182952881, 156.908050537, 18.9185523987, -39.1992225647, 7.28612041473, 12.0045394897, -31.4439373016, 44.7913093567, -0.827198028564, -32.0048179626, 128.61579895, -25.2766571045, 21.4591960907], [136.576522827, -172.800796509, 76.1380844116, 148.777359009, -25.8943519592, 67.7286987305, -6.31866121292, -67.3558349609, 37.1477241516, -13.3723621368, -25.2766571045, 188.169616699, -28.2746257782], [71.9508743286, 30.4937648773, 3.37902545929, -17.2348461151, 63.7961883545, -76.6129455566, -32.2600402832, 35.8305854797, -33.538608551, 20.7748832703, 21.4591960907, -28.2746257782, 117.461677551]],
        "icov": [[0.00067361240508, 0.000836760911625, 0.000659057928715, 0.000544966256712, 0.000512459489983, 0.00051740068011, 0.000339184480254, 0.000307744339807, 3.80956407753e-05, -0.000438379240222, 7.59753384045e-05, -0.000525176816154, -0.000562311674003], [0.000836760911625, 0.0015658630291, 0.00132595107425, 0.000900062732399, 0.000242209483986, 0.000854124373291, 0.000552895362489, 0.000164362296346, 0.000124327576486, -0.000297623220831, -0.000469857419375, -0.000769475591369, -0.000309135357384], [0.000659057928715, 0.00132595107425, 0.00263734953478, 0.000992886256427, -0.00049373350339, 0.000489828293212, 0.00107293366455, 0.000140365416883, -0.000201981631108, 0.000343765248545, -0.000424691272201, -0.00129222299438, -0.000190554957953], [0.000544966256712, 0.000900062732399, 0.000992886256427, 0.00238276924938, 0.000236144565861, 4.91802020406e-05, 0.000973210379016, 0.000288801529678, -1.24389225675e-05, 0.000562144035939, 0.000544996524695, -0.00170488038566, -0.000776342872996], [0.000512459489983, 0.000242209483986, -0.00049373350339, 0.000236144565861, 0.0047634691, 0.00186445808504, -0.00040004827315, -0.000475856213598, 0.000784604053479, -0.000190760110854, 0.000523273018189, -0.000684335420374, -0.00166629010346], [0.00051740068011, 0.000854124373291, 0.000489828293212, 4.91802020406e-05, 0.00186445808504, 0.00355706503615, 6.64655453875e-05, -0.000836444669403, -0.000716815411579, -0.000278240389889, -0.00066884374246, -0.00100299133919, 0.000760580238421], [0.000339184480254, 0.000552895362489, 0.00107293366455, 0.000973210379016, -0.00040004827315, 6.64655453875e-05, 0.00394062977284, 0.000662257138174, -0.00163627928123, -0.000942096172366, 0.000469332706416, -0.000264689646428, 0.000451471249107], [0.000307744339807, 0.000164362296346, 0.000140365416883, 0.000288801529678, -0.000475856213598, -0.000836444669403, 0.000662257138174, 0.00668414169922, 0.00123535539024, -0.00125822552945, -0.00142866407987, 0.00160002522171, -0.00111558602657], [3.80956407753e-05, 0.000124327576486, -0.000201981631108, -1.24389225675e-05, 0.000784604053479, -0.000716815411579, -0.00163627928123, 0.00123535539024, 0.00625664694235, 0.000205140968319, -0.000856570142787, -0.000398438976845, 3.92204783566e-05], [-0.000438379240222, -0.000297623220831, 0.000343765248545, 0.000562144035939, -0.000190760110854, -0.000278240389889, -0.000942096172366, -0.00125822552945, 0.000205140968319, 0.00717687513679, 0.00181962945499, -0.000409592903452, -0.0011762076756], [7.59753384045e-05, -0.000469857419375, -0.000424691272201, 0.000544996524695, 0.000523273018189, -0.00066884374246, 0.000469332706416, -0.00142866407987, -0.000856570142787, 0.00181962945499, 0.0102782174945, 0.000399474898586, -0.00233610812575], [-0.000525176816154, -0.000769475591369, -0.00129222299438, -0.00170488038566, -0.000684335420374, -0.00100299133919, -0.000264689646428, 0.00160002522171, -0.000398438976845, -0.000409592903452, 0.000399474898586, 0.00798492040485, 0.00127297476865], [-0.000562311674003, -0.000309135357384, -0.000190554957953, -0.000776342872996, -0.00166629010346, 0.000760580238421, 0.000451471249107, -0.00111558602657, 3.92204783566e-05, -0.0011762076756, -0.00233610812575, 0.00127297476865, 0.0116474917158]]
    },
    "spectral_contrast_coeffs": {
        "max": [-0.401675522327, -0.43752643466, -0.42343249917, -0.563756942749, -0.549103200436, -0.473788350821],
        "mean": [-0.652831971645, -0.742152035236, -0.757883071899, -0.821129322052, -0.779029905796, -0.746465027332],
        "min": [-0.867904305458, -0.927745342255, -0.920458495617, -0.957942247391, -0.943849623203, -0.956618607044],
        "stdev": [0.0845852121711, 0.0934475585818, 0.0807188227773, 0.05306943506, 0.066872857511, 0.0657931119204]
    },
    "spectral_contrast_valleys": {
        "max": [-4.85453462601, -4.70537090302, -5.53968858719, -5.11078310013, -5.68834972382, -8.07223796844],
        "mean": [-6.30623722076, -7.09679460526, -8.07427215576, -8.44688606262, -8.7158613205, -11.7220668793],
        "min": [-7.94002151489, -9.14279079437, -11.0208730698, -12.1159667969, -13.7306270599, -15.6251335144],
        "stdev": [0.514671385288, 0.673483669758, 0.801640093327, 0.803294956684, 1.37893819809, 1.69530057907]
    }
},
"rhythm": {
    "beats_count": 61,
    "beats_loudness": {
        "max": 0.206046566367,
        "mean": 0.0886923447251,
        "min": 0.00203642738052,
        "stdev": 0.0626148506999
    },
    "bpm": 113.929374695,
    "bpm_histogram_first_peak_bpm": 115,
    "bpm_histogram_first_peak_weight": 0.423076927662,
    "bpm_histogram_second_peak_bpm": 103,
    "bpm_histogram_second_peak_spread": 0.5,
    "bpm_histogram_second_peak_weight": 0.0333333350718,
    "danceability": 1.36024403572,
    "onset_rate": 3.56835913658,
    "beats_loudness_band_ratio": {
        "max": [0.990020334721, 0.836605012417, 0.490814268589, 0.227592542768, 0.102115169168, 0.0951671674848],
        "mean": [0.742704808712, 0.200196489692, 0.0701167806983, 0.0174577347934, 0.0110796587542, 0.00740364473313],
        "min": [0.049659896642, 0.00188614532817, 0.00106641859747, 0.000126983388327, 0.000112730289402, 1.42253531976e-06],
        "stdev": [0.257424563169, 0.213500827551, 0.10736720264, 0.0439254976809, 0.0185150392354, 0.0144794741645]
    },
    "beats_position": [0.580498874187, 1.14938771725, 1.71827661991, 2.29877543449, 2.87927436829, 3.42494320869, 3.98222208023, 4.52789115906, 5.08516979218, 5.61922883987, 6.14167785645, 6.66412687302, 7.18657588959, 7.70902490616, 8.23147392273, 8.75392246246, 9.287981987, 9.82204055786, 10.3560991287, 10.8901586533, 11.412607193, 11.9234466553, 12.445895195, 12.9683446884, 13.4907932281, 14.0132427216, 14.5473012924, 15.0697498322, 15.6038093567, 16.1378688812, 16.6719264984, 17.2059860229, 17.7400455475, 18.2741031647, 18.784942627, 19.3073921204, 19.8298416138, 20.3522891998, 20.8747386932, 21.3971881866, 21.9312477112, 22.4536952972, 22.9761447906, 23.4985942841, 24.0326519012, 24.5667114258, 25.0891609192, 25.6116104126, 26.1456680298, 26.6681175232, 27.2021770477, 27.7362346649, 28.2586841583, 28.7811336517, 29.3035831451, 29.8144207001, 30.3368701935, 30.870929718, 31.3933773041, 31.9158267975, 32.4382743835],
