{
"metadata": {
    "version": {
        "essentia": "2.1-beta5",
        "essentia_git_sha": "Undefined",
        "extractor": "music 2.0"
    },
    "audio_properties": {
        "analysis": {
            "equal_loudness": 0,
            "length": 29.001745224,
            "sample_rate": 44100,
            "start_time": 81.2350082397,
            "downmix": "mix"
        },
        "bit_rate": 192000,
        "length": 195.163726807,
        "lossless": 0,
        "number_channels": 2,
        "replay_gain": 0.923990249634,
        "sample_rate": 48000,
        "codec": "mp3",
        "md5_encoded": "692d5ce568fd221b7366c204c930fd7e"
    },
    "tags": {
        "file_name": "France_Mercy_Madame Monsieur.mp3",
        "encoding": ["Lavf58.29.100"]
    }
},
"lowlevel": {
    "average_loudness": 0.955309271812,
    "barkbands_crest": {
        "max": 25.1562347412,
        "mean": 13.7376298904,
        "min": 3.83337688446,
        "stdev": 4.24721050262
    },
    "barkbands_flatness_db": {
        "max": 0.560826659203,
        "mean": 0.229141876101,
        "min": 0.0495677031577,
        "stdev": 0.0796111002564
    },
    "barkbands_kurtosis": {
        "max": 157.5546875,
        "mean": 16.4078788757,
        "min": -1.92201030254,
        "stdev": 18.3576869965
    },
    "barkbands_skewness": {
        "max": 10.2045192719,
        "mean": 2.74413228035,
        "min": -1.84682750702,
        "stdev": 1.58426427841
    },
    "barkbands_spread": {
        "max": 111.885627747,
        "mean": 14.8171787262,
        "min": 0.537790060043,
        "stdev": 19.4739112854
    },
    "dissonance": {
        "max": 0.498948961496,
        "mean": 0.441776126623,
        "min": 0.220196574926,
        "stdev": 0.0418664738536
    },
    "dynamic_complexity": 2.41489076614,
    "erbbands_crest": {
        "max": 29.1535968781,
        "mean": 11.509314537,
        "min": 2.37058186531,
        "stdev": 5.69045352936
    },
    "erbbands_flatness_db": {
        "max": 0.423629164696,
        "mean": 0.179556652904,
        "min": 0.0538970194757,
        "stdev": 0.0638872906566
    },
    "erbbands_kurtosis": {
        "max": 78.2393569946,
        "mean": 4.44196224213,
        "min": -1.80653917789,
        "stdev": 8.18904399872
    },
    "erbbands_skewness": {
        "max": 7.6504778862,
        "mean": 1.27927291393,
        "min": -3.67123579979,
        "stdev": 1.50907099247
    },
    "erbbands_spread": {
        "max": 158.311157227,
        "mean": 41.1501274109,
        "min": 2.6432030201,
        "stdev": 30.0775089264
    },
    "hfc": {
        "max": 169.994400024,
        "mean": 18.0818119049,
        "min": 7.66985522205e-06,
        "stdev": 20.6171150208
    },
    "loudness_ebu128": {
        "integrated": -23.9641513824,
        "loudness_range": 3.11001396179,
        "momentary": {
            "max": -20.4105300903,
            "mean": -24.3388595581,
            "min": -30.7142677307,
            "stdev": 1.910633564
        },
        "short_term": {
            "max": -22.108587265,
            "mean": -24.0334835052,
            "min": -26.7058162689,
            "stdev": 1.03901207447
        }
    },
    "melbands_crest": {
        "max": 33.9592285156,
        "mean": 17.0647640228,
        "min": 1.00000047684,
        "stdev": 4.81830596924
    },
    "melbands_flatness_db": {
        "max": 0.733557701111,
        "mean": 0.309559077024,
        "min": -8.36974834328e-07,
        "stdev": 0.095560066402
    },
    "melbands_kurtosis": {
        "max": 324.526489258,
        "mean": 34.0885276794,
        "min": -1.20150101185,
        "stdev": 39.0165557861
    },
    "melbands_skewness": {
        "max": 15.7052297592,
        "mean": 3.70071101189,
        "min": -0.437282979488,
        "stdev": 2.28032493591
    },
    "melbands_spread": {
        "max": 187.398330688,
        "mean": 11.0926551819,
        "min": 0.514804601669,
        "stdev": 14.4850826263
    },
    "pitch_salience": {
        "max": 0.996097505093,
        "mean": 0.503961801529,
        "min": 0.118857190013,
        "stdev": 0.111833065748
    },
    "silence_rate_20dB": {
        "max": 1,
        "mean": 1,
        "min": 1,
        "stdev": 0
    },
    "silence_rate_30dB": {
        "max": 1,
        "mean": 0.928057551384,
        "min": 0,
        "stdev": 0.258391410112
    },
    "silence_rate_60dB": {
        "max": 1,
        "mean": 0.000799360510428,
        "min": 0,
        "stdev": 0.0282616615295
    },
    "spectral_centroid": {
        "max": 11025.0771484,
        "mean": 809.174072266,
        "min": 135.597793579,
        "stdev": 751.279907227
    },
    "spectral_complexity": {
        "max": 47,
        "mean": 11.2749795914,
        "min": 0,
        "stdev": 6.69703054428
    },
    "spectral_decrease": {
        "max": 3.63151484569e-29,
        "mean": -1.11760849464e-08,
        "min": -6.52232756693e-08,
        "stdev": 9.59368673392e-09
    },
    "spectral_energy": {
        "max": 0.259803652763,
        "mean": 0.0438212640584,
        "min": 6.95685065111e-10,
        "stdev": 0.0371255837381
    },
    "spectral_energyband_high": {
        "max": 0.0179260186851,
        "mean": 0.000909678754397,
        "min": 5.04960573355e-10,
        "stdev": 0.00196752697229
    },
    "spectral_energyband_low": {
        "max": 0.196576565504,
        "mean": 0.0238811504096,
        "min": 4.75097478719e-12,
        "stdev": 0.0306000765413
    },
    "spectral_energyband_middle_high": {
        "max": 0.0800269991159,
        "mean": 0.00295004597865,
        "min": 1.0180681298e-10,
        "stdev": 0.00669459812343
    },
    "spectral_energyband_middle_low": {
        "max": 0.158788204193,
        "mean": 0.0179915241897,
        "min": 2.1040029094e-11,
        "stdev": 0.0167101081461
    },
    "spectral_entropy": {
        "max": 10.0013942719,
        "mean": 7.08461284637,
        "min": 4.64663124084,
        "stdev": 0.77479082346
    },
    "spectral_flux": {
        "max": 0.429788798094,
        "mean": 0.098032258451,
        "min": 0.0137477517128,
        "stdev": 0.079975605011
    },
    "spectral_kurtosis": {
        "max": 373.368255615,
        "mean": 8.81241607666,
        "min": -1.30707848072,
        "stdev": 24.0503692627
    },
    "spectral_rms": {
        "max": 0.0159206464887,
        "mean": 0.00610328000039,
        "min": 8.23842924547e-07,
        "stdev": 0.00234572310001
    },
    "spectral_rolloff": {
        "max": 18755.4199219,
        "mean": 861.240478516,
        "min": 64.599609375,
        "stdev": 1795.24450684
    },
    "spectral_skewness": {
        "max": 14.6342115402,
        "mean": 1.96750056744,
        "min": -0.0716603845358,
        "stdev": 1.36461806297
    },
    "spectral_spread": {
        "max": 40596096,
        "mean": 5209462.5,
        "min": 259067.1875,
        "stdev": 2776389.75
    },
    "spectral_strongpeak": {
        "max": 9.13955783844,
        "mean": 0.746419906616,
        "min": 0,
        "stdev": 0.836050093174
    },
    "zerocrossingrate": {
        "max": 0.28515625,
        "mean": 0.0383794531226,
        "min": 0,
        "stdev": 0.0402108132839
    },
    "barkbands": {
        "max": [0.015286276117, 0.120246604085, 0.15075942874, 0.0684222131968, 0.0689244493842, 0.0484948307276, 0.06010331586, 0.0255884490907, 0.0315878987312, 0.03979639709, 0.0344295203686, 0.0100861005485, 0.00876328907907, 0.0141832716763, 0.00748842861503, 0.012662502937, 0.0130456890911, 0.00546179944649, 0.0047948313877, 0.00240860693157, 0.00641213543713, 0.00382028683089, 0.00442696688697, 0.00408048229292, 0.00667907996103, 0.00222731358372, 6.50866495562e-05],
        "mean": [0.00070154061541, 0.0159911811352, 0.00535472529009, 0.00361093459651, 0.00889084208757, 0.00219829147682, 0.00156667281408, 0.00085733103333, 0.000730946485419, 0.000837198575027, 0.000813320395537, 0.000224512303248, 0.000173091990291, 0.000126227620058, 0.00012656513718, 0.000208975092391, 0.000152963330038, 0.000135444031912, 0.000168070357176, 0.000107819229015, 0.000126084021758, 0.000156984679052, 0.000195624947082, 0.000156312788022, 0.000159316638019, 4.89063058922e-05, 1.40088013723e-06],
        "min": [1.35742144521e-12, 2.03613211361e-12, 1.35742144521e-12, 1.35742144521e-12, 3.39355366724e-12, 3.39355366724e-12, 3.39355366724e-12, 3.39355366724e-12, 4.75097478719e-12, 4.75097478719e-12, 4.75097478719e-12, 6.10839590715e-12, 6.78710646712e-12, 7.4658170271e-12, 8.82323814705e-12, 1.0180659267e-11, 1.1538080387e-11, 1.42529226269e-11, 1.76464762941e-11, 2.1718739654e-11, 2.85058452537e-11, 3.46142420282e-11, 4.1401347628e-11, 5.63329799474e-11, 7.87305359795e-11, 1.10630095362e-10, 1.57460947059e-10],
        "stdev": [0.00138647283893, 0.0184476245195, 0.0172343980521, 0.00716132624075, 0.010532150045, 0.00387509865686, 0.00397460302338, 0.00229884660803, 0.00233813701198, 0.00302477157675, 0.00319149158895, 0.000860548927449, 0.000524571398273, 0.000582173699513, 0.000416955648689, 0.000861089851242, 0.000655243231449, 0.000360862410162, 0.000420260097599, 0.00024682743242, 0.000339906051522, 0.000403455022024, 0.00049107108498, 0.000383509817766, 0.00050772546092, 0.000148681981955, 6.26515566182e-06]
    },
    "erbbands": {
        "max": [3.99635004997, 28.8439598083, 130.574325562, 234.356048584, 185.115966797, 360.081268311, 362.017364502, 346.330474854, 1031.83459473, 803.516296387, 662.51940918, 813.213623047, 573.54699707, 3031.19702148, 1034.01525879, 521.383789062, 474.321624756, 777.955566406, 427.247131348, 237.306472778, 860.682495117, 544.11340332, 288.973114014, 487.361114502, 187.431503296, 128.69581604, 149.516082764, 254.778411865, 127.676277161, 168.757949829, 126.73260498, 76.5064239502, 72.6288299561, 68.2284240723, 49.0260848999, 12.7570753098, 3.45250535011, 0.289089471102, 0.0137077365071, 0.00070795440115],
        "mean": [0.524049639702, 3.32899570465, 6.22004652023, 9.82744312286, 14.0211467743, 39.1074676514, 30.2348556519, 15.3704938889, 19.0582084656, 24.570306778, 18.1384677887, 18.858751297, 14.2629508972, 39.0067939758, 25.0717029572, 10.8364171982, 8.78262424469, 7.48050069809, 6.36737012863, 6.13963222504, 13.6091890335, 8.1024389267, 7.0318479538, 9.8242855072, 6.86819982529, 5.48904657364, 5.34375143051, 5.03874731064, 5.21080732346, 6.08528518677, 5.36099433899, 3.6779923439, 2.50253558159, 1.82909941673, 1.07101130486, 0.318549752235, 0.072047829628, 0.00848068296909, 0.000298076600302, 6.22365187155e-05],
        "min": [7.42029562795e-11, 4.13901579677e-10, 1.39727074355e-09, 3.3916525144e-09, 6.84583056909e-09, 1.21823013899e-08, 1.98142213748e-08, 3.01529254898e-08, 4.35902904883e-08, 6.05066929893e-08, 8.12868137245e-08, 1.06315034998e-07, 1.35976236493e-07, 1.70672265654e-07, 2.1077231338e-07, 2.56658438502e-07, 3.08665391913e-07, 3.67082634511e-07, 4.32092264191e-07, 5.03717785705e-07, 5.81721508297e-07, 6.65542756906e-07, 7.54100028644e-07, 8.45643683078e-07, 9.37519871513e-07, 1.02596141005e-06, 1.10585028779e-06, 1.17059937566e-06, 1.21223990845e-06, 1.22179653772e-06, 1.19035917123e-06, 1.110877065e-06, 9.8084660749e-07, 8.0551069459e-07, 6.00541056883e-07, 3.92103743252e-07, 2.11894771951e-07, 8.60497166855e-08, 2.18009788e-08, 2.31842745002e-09],
        "stdev": [0.567188620567, 4.39223861694, 16.1387882233, 24.5734062195, 18.7404880524, 52.7079315186, 47.2459068298, 27.5005264282, 53.9381217957, 57.4346618652, 46.7245597839, 59.3034286499, 33.9531059265, 151.455688477, 94.1519012451, 43.2039108276, 26.9829406738, 31.8737258911, 23.0773124695, 14.850481987, 56.7649803162, 30.0726509094, 19.7509937286, 30.3941497803, 15.5869140625, 12.3100643158, 13.0973892212, 14.0903272629, 13.3598127365, 16.8213195801, 13.1985635757, 8.2482881546, 6.92693185806, 5.90832328796, 3.38396692276, 0.93334209919, 0.230559170246, 0.0299962367862, 0.00109156384133, 6.5206833824e-05]
    },
    "gfcc": {
        "mean": [-34.7278594971, 126.682540894, -79.7012863159, 48.6330223083, -62.3831253052, 15.7734870911, -34.8335838318, 7.37911844254, -19.1090621948, -5.59165239334, -7.22333049774, -3.45647382736, 0.203139558434],
        "cov": [[6523.6875, -3329.89990234, -14.380648613, 447.879211426, -854.780883789, 1044.27685547, -343.359436035, 889.691101074, -217.436126709, 649.098999023, -200.528503418, 461.726501465, -232.680221558], [-3329.89990234, 3262.27368164, -769.997680664, -554.546325684, 804.530090332, -886.996520996, 454.026153564, -582.576965332, 249.929443359, -538.989013672, 272.900970459, -406.75982666, 220.183456421], [-14.380648613, -769.997680664, 1243.94702148, 166.402130127, -286.969665527, 346.403015137, -336.545013428, 64.9641723633, -56.7318305969, 138.585525513, -96.5735626221, 88.6612319946, -48.9863586426], [447.879211426, -554.546325684, 166.402130127, 520.549316406, -185.286727905, 145.311630249, -71.7244796753, 27.4866600037, 49.6090698242, 22.83568573, 12.5814580917, 26.3538532257, 2.59755206108], [-854.780883789, 804.530090332, -286.969665527, -185.286727905, 507.681396484, -305.267944336, 212.291946411, -139.175613403, 67.5988388062, -77.8306045532, 1.26159191132, -72.6186599731, -14.0279283524], [1044.27685547, -886.996520996, 346.403015137, 145.311630249, -305.267944336, 542.756713867, -160.543563843, 186.676269531, -27.2531223297, 153.316329956, 13.8104324341, 98.952796936, -0.822443664074], [-343.359436035, 454.026153564, -336.545013428, -71.7244796753, 212.291946411, -160.543563843, 382.970794678, -101.656936646, 41.0810470581, -41.0781898499, 4.55372714996, -37.4545936584, -28.4986190796], [889.691101074, -582.576965332, 64.9641723633, 27.4866600037, -139.175613403, 186.676269531, -101.656936646, 282.884490967, -15.4141111374, 116.807647705, -15.2288751602, 90.3396530151, -12.4806995392], [-217.436126709, 249.929443359, -56.7318305969, 49.6090698242, 67.5988388062, -27.2531223297, 41.0810470581, -15.4141111374, 207.197402954, -31.6433086395, 73.6301345825, -21.7522220612, 23.4606552124], [649.098999023, -538.989013672, 138.585525513, 22.83568573, -77.8306045532, 153.316329956, -41.0781898499, 116.807647705, -31.6433086395, 225.671844482, -37.9064369202, 89.3090133667, -57.7549247742], [-200.528503418, 272.900970459, -96.5735626221, 12.5814580917, 1.26159191132, 13.8104324341, 4.55372714996, -15.2288751602, 73.6301345825, -37.9064369202, 197.042053223, -25.3154277802, 69.6627655029], [461.726501465, -406.75982666, 88.6612319946, 26.3538532257, -72.6186599731, 98.952796936, -37.4545936584, 90.3396530151, -21.7522220612, 89.3090133667, -25.3154277802, 140.808258057, -26.9210071564], [-232.680221558, 220.183456421, -48.9863586426, 2.59755206108, -14.0279283524, -0.822443664074, -28.4986190796, -12.4806995392, 23.4606552124, -57.7549247742, 69.6627655029, -26.9210071564, 130.346252441]],
        "icov": [[0.000547234842088, 6.26178007224e-05, 0.000509036355652, -0.000236162813962, 0.000293314311421, -0.000539878266864, 0.000165894176462, -0.000781009963248, 0.000155977089889, -0.000453032233054, 0.00030808892916, -0.000333533185767, 0.000594400218688], [6.26178007224e-05, 0.00311400159262, -0.000319452869007, 0.00212503690273, -0.00137866276782, 0.00178874831181, -0.0010262754513, 0.00179340259638, -0.00156622950453, 0.00210747728124, -0.0022665176075, 0.00273629510775, -0.00250844145194], [0.000509036355652, -0.000319452869007, 0.00188478652854, -0.000579345796723, 0.000508608820383, -0.00138703163248, 0.00134192174301, -0.000172389729414, 0.000145007332321, -0.00100502022542, 0.00118550739717, -0.000861811859068, 0.00120806368068], [-0.000236162813962, 0.00212503690273, -0.000579345796723, 0.00400957092643, -0.000189405298443, 0.00125353957992, -0.000840244465508, 0.0020009863656, -0.00213771103881, 0.0017839273205, -0.00157483480871, 0.00193400285207, -0.00189714902081], [0.000293314311421, -0.00137866276782, 0.000508608820383, -0.000189405298443, 0.00474205939099, 0.000282208697172, -0.00053060206119, -0.000751935353037, -0.000379646575311, -0.00163989618886, 0.00145631330088, -0.00106966029853, 0.00171396450605], [-0.000539878266864, 0.00178874831181, -0.00138703163248, 0.00125353957992, 0.000282208697172, 0.00553614925593, -0.00108433456626, 0.00062328518834, -0.00108208018355, 0.000446865014965, -0.0024815548677, 0.00175647437572, -0.0025618809741], [0.000165894176462, -0.0010262754513, 0.00134192174301, -0.000840244465508, -0.00053060206119, -0.00108433456626, 0.00482378853485, 0.000381433754228, 0.000136826041853, -0.00115544628352, 0.00108265096787, -0.00130145647563, 0.00219403859228], [-0.000781009963248, 0.00179340259638, -0.000172389729414, 0.0020009863656, -0.000751935353037, 0.00062328518834, 0.000381433754228, 0.00844448432326, -0.00184945564251, 0.000256168015767, -0.00120946683455, 0.000173815642484, -0.0025846476201], [0.000155977089889, -0.00156622950453, 0.000145007332321, -0.00213771103881, -0.000379646575311, -0.00108208018355, 0.000136826041853, -0.00184945564251, 0.00720791472122, -0.000767541176174, -0.00106370612048, -0.00124354823492, 0.00150061491877], [-0.000453032233054, 0.00210747728124, -0.00100502022542, 0.0017839273205, -0.00163989618886, 0.000446865014965, -0.00115544628352, 0.000256168015767, -0.000767541176174, 0.00977000407875, -0.00192568136845, -0.000375584146241, 0.000235007304582], [0.00030808892916, -0.0022665176075, 0.00118550739717, -0.00157483480871, 0.00145631330088, -0.0024815548677, 0.00108265096787, -0.00120946683455, -0.00106370612048, -0.00192568136845, 0.0093735139817, -0.0018886460457, -0.000943977967836], [-0.000333533185767, 0.00273629510775, -0.000861811859068, 0.00193400285207, -0.00106966029853, 0.00175647437572, -0.00130145647563, 0.000173815642484, -0.00124354823492, -0.000375584146241, -0.0018886460457, 0.0133361611515, -0.00213079573587], [0.000594400218688, -0.00250844145194, 0.00120806368068, -0.00189714902081, 0.00171396450605, -0.0025618809741, 0.00219403859228, -0.0025846476201, 0.00150061491877, 0.000235007304582, -0.000943977967836, -0.00213079573587, 0.0137610295787]]
    },
    "melbands": {
        "max": [0.0304678771645, 0.047282051295, 0.0358471609652, 0.0179223734885, 0.0103023350239, 0.00798463728279, 0.0149543648586, 0.00796844251454, 0.00554962037131, 0.00472942367196, 0.00312862638384, 0.0118891783059, 0.00471294671297, 0.0010719797574, 0.000711968052201, 0.000961319135968, 0.00175889628008, 0.000592486758251, 0.000358045974281, 0.000574386678636, 0.00101002235897, 0.000384796352591, 0.000858523708303, 0.000190492763068, 0.000438247487182, 0.000202683891985, 7.31160980649e-05, 8.88243375812e-05, 0.000121223267342, 0.00025238582748, 8.64902394824e-05, 8.89868315426e-05, 8.11538629932e-05, 9.71659246716e-05, 8.10140409158e-05, 4.74260850751e-05, 5.41310910194e-05, 5.18212036695e-05, 5.07015429321e-05, 6.79986624164e-05],
        "mean": [0.00458890106529, 0.00359027693048, 0.00179015647154, 0.00184084870853, 0.00131903158035, 0.000358753895853, 0.000301207444863, 0.000251119374298, 0.000146536083776, 0.000107668616693, 6.6846878326e-05, 0.000156291076564, 0.000107917236164, 2.72121324087e-05, 2.17331598833e-05, 1.68364840647e-05, 1.34872925628e-05, 9.6795401987e-06, 8.40863867779e-06, 9.01025941857e-06, 1.73087937583e-05, 7.44644421502e-06, 8.51535423863e-06, 5.89245746596e-06, 8.32742898638e-06, 5.40874498256e-06, 3.69918097931e-06, 3.60115041076e-06, 3.48737307831e-06, 2.89041440737e-06, 2.92002800961e-06, 2.87177977043e-06, 3.16755085805e-06, 3.4522831811e-06, 3.11542066811e-06, 2.80071617453e-06, 2.04510206459e-06, 1.80240419922e-06, 1.54055283019e-06, 1.55557484049e-06],
        "min": [6.78710776816e-13, 6.78710776816e-13, 6.78710722606e-13, 6.78710776816e-13, 6.78710722606e-13, 6.78710776816e-13, 6.78710722606e-13, 6.78710776816e-13, 6.78710722606e-13, 6.78710614186e-13, 6.78710776816e-13, 6.78710668396e-13, 6.78710776816e-13, 6.78710722606e-13, 6.78710722606e-13, 6.78710722606e-13, 6.78710722606e-13, 6.78710614186e-13, 6.78710668396e-13, 6.78710668396e-13, 6.78710776816e-13, 6.78710722606e-13, 6.78710668396e-13, 6.78710668396e-13, 6.78710668396e-13, 6.78710722606e-13, 6.78710614186e-13, 6.78710722606e-13, 6.78710722606e-13, 6.78710505766e-13, 6.78710668396e-13, 6.78710776816e-13, 6.78710668396e-13, 6.78710939447e-13, 6.78710776816e-13, 6.78710722606e-13, 6.78710885237e-13, 6.78710668396e-13, 6.78710559976e-13, 6.78710451556e-13],
        "stdev": [0.00499295815825, 0.00659114355221, 0.0038203203585, 0.0022056712769, 0.0017867537681, 0.000650672533084, 0.000820976390969, 0.000591353746131, 0.000386297673685, 0.000339966150932, 0.000172392916284, 0.000617459008936, 0.000437177426647, 9.33655246627e-05, 6.99138181517e-05, 5.02250513819e-05, 6.9066452852e-05, 3.49063338945e-05, 2.32564834732e-05, 2.86375743599e-05, 7.42253760109e-05, 2.54327278526e-05, 4.11818436987e-05, 1.39466965265e-05, 2.78247152892e-05, 1.42893522934e-05, 7.57718589739e-06, 8.61675562192e-06, 9.28748431761e-06, 9.60525994742e-06, 7.99248300609e-06, 7.65117874835e-06, 8.48273612064e-06, 9.79953256319e-06, 8.05889885669e-06, 6.62672346152e-06, 4.76185914522e-06, 5.19411423738e-06, 4.28369321526e-06, 5.4683905546e-06]
    },
    "melbands128": {
        "max": [0.0127665745094, 0.0400856398046, 0.0501246117055, 0.0528255701065, 0.0566380508244, 0.0763639211655, 0.0538862869143, 0.0274375118315, 0.0207833945751, 0.0272094197571, 0.0272910576314, 0.0207266919315, 0.0183416865766, 0.0163669567555, 0.0093979742378, 0.00994152761996, 0.0153689067811, 0.0237480439246, 0.0178076531738, 0.0136362267658, 0.0101019674912, 0.008485538885, 0.00820401869714, 0.00966265145689, 0.00797711871564, 0.00431280350313, 0.00380617752671, 0.00317895319313, 0.00582969561219, 0.0120037095621, 0.0249222386628, 0.00757150864229, 0.00927337445319, 0.00272917794064, 0.00159022840671, 0.00186815904453, 0.00242948392406, 0.000807974720374, 0.00116174935829, 0.00247011263855, 0.000532159989234, 0.000946201966144, 0.00255985883996, 0.00238216412254, 0.000440434814664, 0.000855890393723, 0.00183648755774, 0.00043149976409, 0.000237693209783, 0.000470242579468, 0.00102514133323, 0.000855925492942, 0.00270244874991, 0.00101287709549, 0.000864488887601, 0.000295437988825, 0.000812569691334, 0.00228926795535, 0.000388800050132, 0.000416595052229, 0.000147402432049, 0.000278167921351, 0.00114753551316, 0.000344309752109, 0.000240477136686, 0.000487283978146, 0.000390244502341, 0.000122648649267, 9.20646998566e-05, 9.96553499135e-05, 0.000142338962178, 0.000108794367407, 0.000155828151037, 0.000257144885836, 0.00011634810653, 0.000175376815605, 0.000506655720528, 0.000157477101311, 9.4970491773e-05, 0.000169336752151, 0.000109193977551, 9.34839627007e-05, 0.00011344539962, 6.94235131959e-05, 0.000147917831782, 0.00014039882808, 0.000100231984106, 0.000106287618109, 9.70761029748e-05, 8.34140300867e-05, 7.45865545468e-05, 6.85178529238e-05, 4.67098543595e-05, 5.04808267578e-05, 8.62882152433e-05, 6.02326836088e-05, 6.51261725579e-05, 6.01696301601e-05, 4.17885639763e-05, 5.37467713002e-05, 7.17713191989e-05, 9.03324544197e-05, 9.0231638751e-05, 0.000130963715492, 4.27727682109e-05, 2.90714815492e-05, 5.21374749951e-05, 2.84676298179e-05, 3.11526964651e-05, 1.33593503051e-05, 9.33048431762e-06, 1.16154233183e-05, 1.7977807147e-05, 1.13759533633e-05, 4.45340174338e-06, 4.07994593843e-06, 2.32728780247e-06, 5.03509852479e-07, 3.88493191394e-07, 3.99661985284e-07, 5.30797933607e-07, 3.54487013965e-07, 2.16588034618e-07, 9.27069176981e-09, 2.04253480796e-09, 2.03012873179e-09, 2.02575423103e-09, 2.02406646999e-09],
        "mean": [0.000637232966255, 0.00405828421935, 0.00660193897784, 0.00504265353084, 0.00339950248599, 0.00252381246537, 0.00200504879467, 0.00175195175689, 0.00112306990195, 0.00167885038536, 0.00253805634566, 0.00197282852605, 0.000949784065597, 0.000596514088102, 0.000320237828419, 0.000243870352278, 0.000286206341116, 0.000306122063193, 0.000328411930241, 0.000310605188133, 0.000185357232112, 0.00014500549878, 0.000139780735481, 0.000140425370773, 0.000162605021615, 6.61620433675e-05, 5.63050271012e-05, 6.49437424727e-05, 6.06351059105e-05, 0.000168802158441, 0.00018537620781, 0.000137536728289, 0.00015228841221, 3.97765543312e-05, 1.84968157555e-05, 2.70542914222e-05, 3.82961734431e-05, 1.15674620247e-05, 2.06153981708e-05, 2.45265273406e-05, 9.905736988e-06, 1.78311001946e-05, 1.34101692311e-05, 1.36414682856e-05, 6.40009557173e-06, 9.05477827473e-06, 1.40005195135e-05, 6.66120013193e-06, 6.93939682606e-06, 9.0105813797e-06, 5.81750828132e-06, 1.03379597931e-05, 2.79288979073e-05, 1.37358692882e-05, 9.31310842134e-06, 5.01883096149e-06, 6.56818428979e-06, 1.36914795803e-05, 6.7556702561e-06, 4.43110502601e-06, 4.45827117801e-06, 6.57599639453e-06, 1.34858855745e-05, 6.2813292061e-06, 5.11576217832e-06, 5.49841615793e-06, 5.9140452322e-06, 4.29778992839e-06, 2.4864284569e-06, 3.911877684e-06, 3.93700565837e-06, 3.0193564271e-06, 3.82173266189e-06, 3.72298995899e-06, 3.00739793602e-06, 2.64911614067e-06, 3.08788617076e-06, 2.87381180897e-06, 2.79241953649e-06, 3.13661962537e-06, 2.74550620816e-06, 2.98829650092e-06, 2.6661755328e-06, 3.14692601933e-06, 3.59748241863e-06, 3.4947399854e-06, 3.39718894793e-06, 3.41471354659e-06, 2.96007101497e-06, 3.03544675262e-06, 3.10453833663e-06, 2.82982978206e-06, 2.13875637201e-06, 2.02216619982e-06, 1.98646989702e-06, 1.86426848359e-06, 1.86001250313e-06, 1.54332803959e-06, 1.50970151935e-06, 1.55108614308e-06, 1.52985558088e-06, 1.48650394749e-06, 1.69515931248e-06, 1.56068904289e-06, 1.16467083444e-06, 9.85664428299e-07, 1.01064858882e-06, 7.31990951408e-07, 4.32984933241e-07, 3.46513843397e-07, 3.25715973304e-07, 2.47725637337e-07, 2.18020005605e-07, 1.75917236334e-07, 1.23809201114e-07, 9.04222972054e-08, 3.93547416877e-08, 7.30876692501e-09, 2.66860333831e-09, 2.93545765473e-09, 3.69111807785e-09, 3.13662118501e-09, 1.65012925546e-09, 5.66517770195e-11, 8.39239788775e-12, 7.7950389199e-12, 7.47148436869e-12, 7.39840480546e-12],
        "min": [6.78710722606e-13, 6.78710668396e-13, 6.78710722606e-13, 6.78710668396e-13, 6.78710722606e-13, 6.78710722606e-13, 6.78710722606e-13, 6.78710722606e-13, 6.78710722606e-13, 6.78710722606e-13, 6.78710776816e-13, 6.78710668396e-13, 6.78710722606e-13, 6.78710722606e-13, 6.78710776816e-13, 6.78710668396e-13, 6.78710722606e-13, 6.78710668396e-13, 6.78710668396e-13, 6.78710776816e-13, 6.78710776816e-13, 6.78710776816e-13, 6.78710776816e-13, 6.78710722606e-13, 6.78710722606e-13, 6.78710722606e-13, 6.78710668396e-13, 6.78710776816e-13, 6.78710722606e-13, 6.78710668396e-13, 6.78710776816e-13, 6.78710722606e-13, 6.78710722606e-13, 6.78710776816e-13, 6.78710722606e-13, 6.78710722606e-13, 6.78710668396e-13, 6.78710776816e-13, 6.78710722606e-13, 6.78710776816e-13, 6.78710722606e-13, 6.78710722606e-13, 6.78710722606e-13, 6.78710668396e-13, 6.78710722606e-13, 6.78710722606e-13, 6.78710722606e-13, 6.78710722606e-13, 6.78710722606e-13, 6.78710722606e-13, 6.78710722606e-13, 6.78710722606e-13, 6.78710776816e-13, 6.78710722606e-13, 6.78710722606e-13, 6.78710722606e-13, 6.78710722606e-13, 6.78710668396e-13, 6.78710722606e-13, 6.78710722606e-13, 6.78710668396e-13, 6.78710722606e-13, 6.78710722606e-13, 6.78710668396e-13, 6.78710776816e-13, 6.78710722606e-13, 6.78710668396e-13, 6.78710722606e-13, 6.78710668396e-13, 6.78710776816e-13, 6.78710776816e-13, 6.78710776816e-13, 6.78710722606e-13, 6.78710722606e-13, 6.78710776816e-13, 6.78710668396e-13, 6.78710776816e-13, 6.78710668396e-13, 6.78710831026e-13, 6.78710614186e-13, 6.78710668396e-13, 6.78710722606e-13, 6.78710885237e-13, 6.78710722606e-13, 6.78710722606e-13, 6.78710722606e-13, 6.78710722606e-13, 6.78710776816e-13, 6.78710668396e-13, 6.78710722606e-13, 6.78710668396e-13, 6.78710722606e-13, 6.78710722606e-13, 6.78710668396e-13, 6.78710831026e-13, 6.78710614186e-13, 6.78710776816e-13, 6.78710668396e-13, 6.78710668396e-13, 6.78710776816e-13, 6.78710776816e-13, 6.78710776816e-13, 6.78710776816e-13, 6.78710776816e-13, 6.78710885237e-13, 6.78710722606e-13, 6.78710776816e-13, 6.78710885237e-13, 6.78710776816e-13, 6.78710831026e-13, 6.78710831026e-13, 5.83395473857e-13, 6.78710722606e-13, 6.73985173227e-13, 5.22663889165e-13, 6.56402341336e-13, 4.32270918279e-13, 6.48148147566e-13, 6.07427031851e-13, 6.51586803176e-13, 5.361058277e-13, 6.48922105287e-13, 6.4291009582e-13, 6.04701022328e-13, 4.39663333952e-13, 1.47130964638e-13, 2.0883712511e-14, 9.00543724301e-16],
        "stdev": [0.00122022186406, 0.00487611722201, 0.00777838239446, 0.00764488382265, 0.00791158620268, 0.00852399505675, 0.00562378577888, 0.00301979668438, 0.00182398036122, 0.00256862514652, 0.00385484960862, 0.00318233971484, 0.00208173831925, 0.00115960778203, 0.000700322852936, 0.00078248855425, 0.00107501680031, 0.00114792981185, 0.00100233824924, 0.000849706819281, 0.00067136157304, 0.000495762797073, 0.000488673744258, 0.000576472608373, 0.000601021631155, 0.00024403250427, 0.000190642371308, 0.000201482966077, 0.0002441372053, 0.000741679337807, 0.0010088175768, 0.000623787578661, 0.000785976590123, 0.000132547706016, 8.45764225232e-05, 0.000131629392854, 0.000211449849303, 4.62593234261e-05, 7.69106191001e-05, 0.000112664863991, 3.2335294236e-05, 7.34685163479e-05, 8.85247573024e-05, 0.000109766420792, 2.08546352951e-05, 4.73415057058e-05, 7.61045521358e-05, 2.41531579377e-05, 2.07189204957e-05, 3.01435011352e-05, 3.1224823033e-05, 5.11374237249e-05, 0.00016100591165, 5.90218915022e-05, 3.64757470379e-05, 1.91228937183e-05, 4.85977870994e-05, 0.000100070436019, 2.51233941526e-05, 1.85582866834e-05, 1.11499930426e-05, 2.00706654141e-05, 6.0450653109e-05, 2.22545040742e-05, 1.42860881169e-05, 2.38420125243e-05, 1.92854331544e-05, 1.16420796985e-05, 6.58140243104e-06, 1.04711743916e-05, 1.16982273539e-05, 8.00482212071e-06, 1.28628762468e-05, 1.34894316943e-05, 8.57276972965e-06, 8.48521358421e-06, 1.62494761753e-05, 9.59623594099e-06, 8.01276473794e-06, 9.78648131422e-06, 7.88675333752e-06, 8.67853214004e-06, 7.93016261014e-06, 8.24131348054e-06, 1.15998254842e-05, 1.14132326416e-05, 9.75077364274e-06, 9.6963285614e-06, 8.25212100608e-06, 8.20256354928e-06, 8.06211301096e-06, 7.54315942686e-06, 4.68770303996e-06, 4.7939115575e-06, 5.65121490581e-06, 5.54838698008e-06, 5.97202097197e-06, 4.72724514111e-06, 4.21177492171e-06, 4.49290337201e-06, 5.46288674741e-06, 5.63671619602e-06, 6.50376250633e-06, 6.2344070102e-06, 3.47639024767e-06, 2.90637490252e-06, 3.57964177056e-06, 2.41795851252e-06, 1.49126628912e-06, 1.09839834295e-06, 1.02096964838e-06, 7.90892784153e-07, 8.60775116962e-07, 6.99641816482e-07, 4.54346974266e-07, 3.47030891135e-07, 1.86178482409e-07, 4.1077335311e-08, 1.87831652454e-08, 2.11495105873e-08, 2.79399650083e-08, 2.29022187881e-08, 1.29602879539e-08, 5.10297526457e-10, 5.85831105848e-11, 5.82296919016e-11, 5.80986717069e-11, 5.80425429941e-11]
    },
    "mfcc": {
        "mean": [-683.702819824, 144.870559692, 41.0934104919, 34.5463409424, 9.1162071228, 6.81648254395, 2.00416374207, 7.7000617981, -1.6029509306, 1.51261293888, -1.82103395462, -2.79605674744, -3.09172844887],
        "cov": [[6401.59863281, -3141.50048828, 94.5785293579, -403.820343018, -256.233062744, -17.0338077545, 72.1093597412, 203.239105225, 207.489028931, 167.65562439, 19.5854911804, 389.492736816, 407.952636719], [-3141.50048828, 3087.01367188, -1034.79272461, 163.860855103, 40.2032089233, -162.179321289, 55.6622314453, -101.766090393, -81.9010772705, -91.3747940063, -10.4793987274, -199.633544922, -225.066070557], [94.5785293579, -1034.79272461, 1404.95166016, -172.715332031, 161.866943359, 151.983581543, -129.484512329, -6.93439435959, -47.8712882996, 3.36603975296, 7.18516969681, 44.7422676086, 21.433795929], [-403.820343018, 163.860855103, -172.715332031, 413.999786377, -19.3607368469, 24.7411193848, -28.0733623505, -2.0923101902, 0.670745849609, -8.82154655457, 13.2281761169, -40.6698265076, -48.6325035095], [-256.233062744, 40.2032089233, 161.866943359, -19.3607368469, 264.737213135, -21.6108055115, -72.1036529541, -10.0363941193, -17.681224823, 5.45525836945, -0.396675080061, 16.635559082, -26.7443695068], [-17.0338077545, -162.179321289, 151.983581543, 24.7411193848, -21.6108055115, 249.709869385, 9.92925262451, 12.4151878357, 3.28529024124, 38.9302215576, 6.97430944443, 22.0081119537, 16.6914825439], [72.1093597412, 55.6622314453, -129.484512329, -28.0733623505, -72.1036529541, 9.92925262451, 175.325042725, -1.2869489193, 1.47138118744, 9.41119480133, -13.825633049, -11.7601528168, 8.14353561401], [203.239105225, -101.766090393, -6.93439435959, -2.0923101902, -10.0363941193, 12.4151878357, -1.2869489193, 135.343780518, 20.6528205872, 19.3897018433, 8.28718090057, 17.9729595184, 36.5346183777], [207.489028931, -81.9010772705, -47.8712882996, 0.670745849609, -17.681224823, 3.28529024124, 1.47138118744, 20.6528205872, 117.843139648, 18.2191200256, 12.4803619385, -1.08857703209, -2.10788106918], [167.65562439, -91.3747940063, 3.36603975296, -8.82154655457, 5.45525836945, 38.9302215576, 9.41119480133, 19.3897018433, 18.2191200256, 137.708343506, 12.0218648911, 29.5809688568, 13.9934234619], [19.5854911804, -10.4793987274, 7.18516969681, 13.2281761169, -0.396675080061, 6.97430944443, -13.825633049, 8.28718090057, 12.4803619385, 12.0218648911, 86.5529251099, 13.0044593811, 11.2425479889], [389.492736816, -199.633544922, 44.7422676086, -40.6698265076, 16.635559082, 22.0081119537, -11.7601528168, 17.9729595184, -1.08857703209, 29.5809688568, 13.0044593811, 159.319732666, 76.9080657959], [407.952636719, -225.066070557, 21.433795929, -48.6325035095, -26.7443695068, 16.6914825439, 8.14353561401, 36.5346183777, -2.10788106918, 13.9934234619, 11.2425479889, 76.9080657959, 131.482009888]],
        "icov": [[0.00056367891375, 0.000646874017548, 0.000444246543339, 0.000396657123929, 0.000217517648707, 0.00025794832618, 1.48173476191e-05, -0.000149993938976, -0.000302467495203, -0.000134782239911, 1.61640582519e-05, -0.000508536759298, -0.000209518286283], [0.000646874017548, 0.00131056504324, 0.000978802097961, 0.000537060550414, -2.87646762445e-05, 0.000238237553276, 4.00922290282e-05, -5.27902120666e-05, 0.00018411007477, 4.43617136625e-05, -0.000203823903576, -0.000302819069475, 0.000444268487627], [0.000444246543339, 0.000978802097961, 0.00170495780185, 0.000852862372994, -0.000488365069032, -0.000569345487747, 0.00067709130235, 2.45973151323e-05, 0.000514797517098, 0.000195874250494, -0.000231526937569, -0.000120103715744, 0.000336247030646], [0.000396657123929, 0.000537060550414, 0.000852862372994, 0.00317256245762, 0.00029494627961, -0.000516586762387, 0.000861463020556, -0.000273069628747, 0.000155063549755, 0.000104133367131, -0.000527902448084, -6.68110305924e-06, 0.000911582785193], [0.000217517648707, -2.87646762445e-05, -0.000488365069032, 0.00029494627961, 0.00501454435289, 0.000772838015109, 0.00153625034727, -0.000145932805026, 0.000213244537008, -0.00064129428938, 0.000269121374004, -0.00131124071777, 0.00114749930799], [0.00025794832618, 0.000238237553276, -0.000569345487747, -0.000516586762387, 0.000772838015109, 0.00496894912794, -0.00060901872348, -0.000237105792621, -0.000298918574117, -0.00131432688795, -3.42679686582e-06, -0.000692451780196, -0.000320375431329], [1.48173476191e-05, 4.00922290282e-05, 0.00067709130235, 0.000861463020556, 0.00153625034727, -0.00060901872348, 0.00715170009062, 0.00025449716486, 0.000379114877433, -0.000608718721196, 0.00095780112315, 0.000637878489215, -0.000277106009889], [-0.000149993938976, -5.27902120666e-05, 2.45973151323e-05, -0.000273069628747, -0.000145932805026, -0.000237105792621, 0.00025449716486, 0.00843755993992, -0.00116182107013, -0.000725731952116, -0.000198582914891, 0.000632940849755, -0.00238449429162], [-0.000302467495203, 0.00018411007477, 0.000514797517098, 0.000155063549755, 0.000213244537008, -0.000298918574117, 0.000379114877433, -0.00116182107013, 0.00989633705467, -0.000776562839746, -0.00139699899592, 0.000583611137699, 0.00162711797748], [-0.000134782239911, 4.43617136625e-05, 0.000195874250494, 0.000104133367131, -0.00064129428938, -0.00131432688795, -0.000608718721196, -0.000725731952116, -0.000776562839746, 0.00835985597223, -0.000878913328052, -0.00114155421034, 0.000617191602942], [1.61640582519e-05, -0.000203823903576, -0.000231526937569, -0.000527902448084, 0.000269121374004, -3.42679686582e-06, 0.00095780112315, -0.000198582914891, -0.00139699899592, -0.000878913328052, 0.012360913679, -0.000605583831202, -0.00113710132428], [-0.000508536759298, -0.000302819069475, -0.000120103715744, -6.68110305924e-06, -0.00131124071777, -0.000692451780196, 0.000637878489215, 0.000632940849755, 0.000583611137699, -0.00114155421034, -0.000605583831202, 0.0100726978853, -0.00502680242062], [-0.000209518286283, 0.000444268487627, 0.000336247030646, 0.000911582785193, 0.00114749930799, -0.000320375431329, -0.000277106009889, -0.00238449429162, 0.00162711797748, 0.000617191602942, -0.00113710132428, -0.00502680242062, 0.013250309974]]
    },
    "spectral_contrast_coeffs": {
        "max": [-0.43408370018, -0.465435385704, -0.544197440147, -0.581838548183, -0.589870035648, -0.54118180275],
        "mean": [-0.698947906494, -0.760834276676, -0.766831040382, -0.821506679058, -0.804092884064, -0.774793982506],
        "min": [-0.999743402004, -0.999764502048, -0.999599933624, -0.999732732773, -0.999706923962, -0.999693453312],
        "stdev": [0.0801123380661, 0.0676066353917, 0.0708131119609, 0.0500098615885, 0.0461727827787, 0.0517340861261]
    },
    "spectral_contrast_valleys": {
        "max": [-4.5003490448, -4.6252989769, -5.68660449982, -5.91594791412, -5.71471118927, -7.35171175003],
        "mean": [-6.03249788284, -6.80215024948, -7.87887525558, -8.31958675385, -8.28901386261, -10.6648073196],
        "min": [-21.0997714996, -21.0995063782, -21.1012973785, -21.0999126434, -21.1002388, -21.1003570557],
        "stdev": [0.604958295822, 0.774715423584, 0.774026215076, 0.805731296539, 1.08904731274, 1.81981039047]
    }
},
"rhythm": {
    "beats_count": 46,
    "beats_loudness": {
        "max": 0.151464149356,
        "mean": 0.10762193799,
        "min": 0.00904772803187,
        "stdev": 0.028987808153
    },
    "bpm": 96.9486236572,
    "bpm_histogram_first_peak_bpm": 98,
    "bpm_histogram_first_peak_weight": 0.33333337307,
    "bpm_histogram_second_peak_bpm": 0,
    "bpm_histogram_second_peak_spread": 0,
    "bpm_histogram_second_peak_weight": 0,
    "danceability": 1.42526042461,
    "onset_rate": 4.1688284874,
    "beats_loudness_band_ratio": {
        "max": [0.988483905792, 0.747876167297, 0.19279243052, 0.11354791373, 0.0445888489485, 0.074616715312],
        "mean": [0.84990644455, 0.0952737256885, 0.0283685903996, 0.013134913519, 0.00875002425164, 0.0196986589581],
        "min": [0.237398549914, 0.0087125049904, 0.00239806086756, 0.0001315651607, 9.38851153478e-05, 2.63427700702e-05],
        "stdev": [0.140141695738, 0.132425427437, 0.037817761302, 0.0223703738302, 0.010252113454, 0.0199477467686]
    },
    "beats_position": [0.545668900013, 1.14938771725, 1.764716506, 2.38004541397, 2.99537420273, 3.61070299149, 4.22603178024, 4.85297060013, 5.46829938889, 6.08362817764, 6.71056699753, 7.32589578629, 7.94122457504, 8.56816291809, 9.19510173798, 9.81043052673, 10.4257593155, 11.0410881042, 11.656416893, 12.2833557129, 12.8986845016, 13.5140132904, 14.1293420792, 14.7446708679, 15.3716096878, 15.9869384766, 16.602268219, 17.2292060852, 17.8445339203, 18.4598636627, 19.0868015289, 19.7021312714, 20.3174591064, 20.94439888, 21.5597267151, 22.1750564575, 22.7903842926, 23.405714035, 24.0326519012, 24.6479816437, 25.2633094788, 25.8902492523, 26.5171871185, 27.1441268921, 27.7710647583, 28.3980045319],
