{
"metadata": {
    "version": {
        "essentia": "2.1-beta5",
        "essentia_git_sha": "Undefined",
        "extractor": "music 2.0"
    },
    "audio_properties": {
        "analysis": {
            "equal_loudness": 0,
            "length": 48.7502937317,
            "sample_rate": 44100,
            "start_time": 12.7477550507,
            "downmix": "mix"
        },
        "bit_rate": 192000,
        "length": 189.370361328,
        "lossless": 0,
        "number_channels": 2,
        "replay_gain": 2.50615119934,
        "sample_rate": 48000,
        "codec": "mp3",
        "md5_encoded": "3194928a67b617b11924b999137dc807"
    },
    "tags": {
        "file_name": "Belgium_A Matter of Time_Sennek.mp3",
        "encoding": ["Lavf58.29.100"]
    }
},
"lowlevel": {
    "average_loudness": 0.877003729343,
    "barkbands_crest": {
        "max": 26.6502666473,
        "mean": 15.5701742172,
        "min": 3.95423531532,
        "stdev": 5.27272367477
    },
    "barkbands_flatness_db": {
        "max": 0.615781664848,
        "mean": 0.287445604801,
        "min": 0.0466534271836,
        "stdev": 0.0964620932937
    },
    "barkbands_kurtosis": {
        "max": 1032.04016113,
        "mean": 42.2120399475,
        "min": -1.95888900757,
        "stdev": 73.1940383911
    },
    "barkbands_skewness": {
        "max": 25.456533432,
        "mean": 3.9319190979,
        "min": -4.23112630844,
        "stdev": 3.26385903358
    },
    "barkbands_spread": {
        "max": 76.0876617432,
        "mean": 9.584441185,
        "min": 0.0738947615027,
        "stdev": 14.187456131
    },
    "dissonance": {
        "max": 0.499690234661,
        "mean": 0.401074588299,
        "min": 0.164854168892,
        "stdev": 0.06819704175
    },
    "dynamic_complexity": 3.87947225571,
    "erbbands_crest": {
        "max": 31.8246574402,
        "mean": 15.6835680008,
        "min": 3.30274891853,
        "stdev": 6.83687067032
    },
    "erbbands_flatness_db": {
        "max": 0.570026218891,
        "mean": 0.255809545517,
        "min": 0.070951089263,
        "stdev": 0.0901847779751
    },
    "erbbands_kurtosis": {
        "max": 226.01651001,
        "mean": 13.1660556793,
        "min": -1.90384531021,
        "stdev": 23.7161388397
    },
    "erbbands_skewness": {
        "max": 11.887377739,
        "mean": 2.17486262321,
        "min": -5.6101603508,
        "stdev": 2.19770169258
    },
    "erbbands_spread": {
        "max": 166.383148193,
        "mean": 32.5030937195,
        "min": 0.481370985508,
        "stdev": 33.1984672546
    },
    "hfc": {
        "max": 77.6729736328,
        "mean": 10.9941720963,
        "min": 0.0506786443293,
        "stdev": 10.2928466797
    },
    "loudness_ebu128": {
        "integrated": -26.5859470367,
        "loudness_range": 6.92854881287,
        "momentary": {
            "max": -22.4287433624,
            "mean": -28.1684112549,
            "min": -43.8675765991,
            "stdev": 4.08860588074
        },
        "short_term": {
            "max": -24.3503723145,
            "mean": -27.3608722687,
            "min": -33.8358306885,
            "stdev": 2.52853250504
        }
    },
    "melbands_crest": {
        "max": 32.8854598999,
        "mean": 19.147064209,
        "min": 5.21823692322,
        "stdev": 5.59624814987
    },
    "melbands_flatness_db": {
        "max": 0.746627569199,
        "mean": 0.353898525238,
        "min": 0.0479546077549,
        "stdev": 0.118459016085
    },
    "melbands_kurtosis": {
        "max": 655.435302734,
        "mean": 60.670917511,
        "min": -1.8158069849,
        "stdev": 79.2485122681
    },
    "melbands_skewness": {
        "max": 19.2083015442,
        "mean": 4.50692653656,
        "min": -1.1777228117,
        "stdev": 3.27113842964
    },
    "melbands_spread": {
        "max": 193.426605225,
        "mean": 10.3132162094,
        "min": 0.264867395163,
        "stdev": 23.047700882
    },
    "pitch_salience": {
        "max": 0.806924819946,
        "mean": 0.449722677469,
        "min": 0.0551260858774,
        "stdev": 0.161025509238
    },
    "silence_rate_20dB": {
        "max": 1,
        "mean": 1,
        "min": 1,
        "stdev": 0
    },
    "silence_rate_30dB": {
        "max": 1,
        "mean": 0.978581607342,
        "min": 0,
        "stdev": 0.144774645567
    },
    "silence_rate_60dB": {
        "max": 1,
        "mean": 0.126606374979,
        "min": 0,
        "stdev": 0.332523733377
    },
    "spectral_centroid": {
        "max": 5063.77587891,
        "mean": 660.230895996,
        "min": 129.402023315,
        "stdev": 725.699035645
    },
    "spectral_complexity": {
        "max": 37,
        "mean": 7.13422203064,
        "min": 0,
        "stdev": 4.35874271393
    },
    "spectral_decrease": {
        "max": -1.75588658197e-11,
        "mean": -7.77092790116e-09,
        "min": -5.54263408503e-08,
        "stdev": 7.70688579621e-09
    },
    "spectral_energy": {
        "max": 0.215085789561,
        "mean": 0.0303264856339,
        "min": 7.36556758056e-05,
        "stdev": 0.0297538470477
    },
    "spectral_energyband_high": {
        "max": 0.00705335196108,
        "mean": 0.000448723469162,
        "min": 3.15138115603e-09,
        "stdev": 0.000965626852121
    },
    "spectral_energyband_low": {
        "max": 0.190484344959,
        "mean": 0.0112435808405,
        "min": 1.5918714098e-06,
        "stdev": 0.0222297348082
    },
    "spectral_energyband_middle_high": {
        "max": 0.0319339595735,
        "mean": 0.00125148287043,
        "min": 9.72924567577e-07,
        "stdev": 0.00296710012481
    },
    "spectral_energyband_middle_low": {
        "max": 0.187625870109,
        "mean": 0.018794445321,
        "min": 3.44467625837e-05,
        "stdev": 0.0188119336963
    },
    "spectral_entropy": {
        "max": 8.6016368866,
        "mean": 6.47966861725,
        "min": 3.52064943314,
        "stdev": 1.00084769726
    },
    "spectral_flux": {
        "max": 0.393673151731,
        "mean": 0.0666128247976,
        "min": 0.00665160035715,
        "stdev": 0.0545992217958
    },
    "spectral_kurtosis": {
        "max": 572.772521973,
        "mean": 16.7307033539,
        "min": -1.25491249561,
        "stdev": 39.8786201477
    },
    "spectral_rms": {
        "max": 0.0144858481362,
        "mean": 0.00477951671928,
        "min": 0.000268065661658,
        "stdev": 0.00259675085545
    },
    "spectral_rolloff": {
        "max": 8333.34960938,
        "mean": 768.515258789,
        "min": 86.1328125,
        "stdev": 1371.33532715
    },
    "spectral_skewness": {
        "max": 20.6413974762,
        "mean": 2.48689460754,
        "min": -0.366267770529,
        "stdev": 2.26365923882
    },
    "spectral_spread": {
        "max": 17090260,
        "mean": 4371531,
        "min": 265507.59375,
        "stdev": 2207326.25
    },
    "spectral_strongpeak": {
        "max": 6.66207122803,
        "mean": 1.07368278503,
        "min": 0.0147287677974,
        "stdev": 0.956542849541
    },
    "zerocrossingrate": {
        "max": 0.271484375,
        "mean": 0.0348397158086,
        "min": 0.0029296875,
        "stdev": 0.038164768368
    },
    "barkbands": {
        "max": [0.00234501180239, 0.124565035105, 0.118561066687, 0.0620100498199, 0.0904480144382, 0.0905150100589, 0.024141356349, 0.0227870121598, 0.0189217999578, 0.042474001646, 0.010297069326, 0.00399999599904, 0.00168354238849, 0.00182885176037, 0.00130991544574, 0.000990748405457, 0.00112633313984, 0.00279068341479, 0.0019432004774, 0.00372181157582, 0.00286459736526, 0.00281475158408, 0.00294073601253, 0.00102153595071, 0.000759367889259, 0.000488056859467, 9.58783639362e-05],
        "mean": [4.71148341603e-05, 0.00541497021914, 0.00487310998142, 0.00208918005228, 0.00645872112364, 0.00794175826013, 0.000366976833902, 0.000544423353858, 0.000503988645505, 0.00111228309106, 0.000123159887153, 0.000108013213321, 3.90540189983e-05, 5.58435276616e-05, 4.30311811215e-05, 2.67853083642e-05, 2.42852947849e-05, 3.77681462851e-05, 4.27208033216e-05, 6.68181965011e-05, 9.03518739506e-05, 0.000124454280012, 0.000107977408334, 4.04669845011e-05, 3.18145648635e-05, 1.09264719867e-05, 5.20692083228e-07],
        "min": [1.94641569529e-09, 6.39782271605e-08, 8.43035536491e-07, 9.44236830946e-08, 5.74978685108e-06, 2.80059339275e-06, 1.98635603965e-07, 3.13281361741e-07, 2.47779581741e-07, 1.22232535205e-07, 4.69693333116e-08, 1.18826219975e-08, 2.28942265146e-09, 1.02823149994e-09, 2.57877746934e-10, 1.93554269834e-10, 2.14280315713e-10, 1.3063183868e-10, 1.0558429131e-10, 1.08763900664e-10, 1.99049915439e-10, 2.14159079359e-10, 2.01607189276e-10, 2.29698732257e-10, 1.66588770556e-10, 2.21141632784e-10, 2.74713446435e-10],
        "stdev": [0.00017629096692, 0.0123069453984, 0.0115598384291, 0.00484011694789, 0.00965130049735, 0.0132888732478, 0.00101370224729, 0.00172980711795, 0.00160401198082, 0.00390662439167, 0.000557193008717, 0.000316839374136, 0.000108832486148, 0.000131778098876, 0.000101671808807, 7.08306251909e-05, 6.34843818261e-05, 0.000124084384879, 0.000110533328552, 0.000223136579734, 0.000237413434661, 0.000314382050419, 0.000270950375125, 0.000100755387393, 8.84704495547e-05, 3.67108514183e-05, 3.49673382516e-06]
    },
    "erbbands": {
        "max": [2.16961741447, 34.3057670593, 115.535614014, 137.598968506, 442.383789062, 229.530288696, 786.196350098, 664.738464355, 371.674957275, 195.263198853, 543.297058105, 350.605560303, 1598.6262207, 284.686828613, 471.243560791, 202.192550659, 62.5772209167, 81.5254058838, 90.1171188354, 58.5200424194, 75.0331573486, 61.7027931213, 151.55645752, 111.05670166, 83.6129455566, 220.02961731, 112.580665588, 158.74546814, 126.289970398, 138.287506104, 75.9841003418, 31.989862442, 16.3607311249, 13.0062971115, 5.6362953186, 1.90152478218, 1.0063341856, 0.263197809458, 0.00666823703796, 0.000274000572972],
        "mean": [0.0787476152182, 1.51165783405, 5.86468505859, 5.81896448135, 12.2194194794, 19.8781337738, 73.1430358887, 43.0157394409, 11.1561021805, 4.04429864883, 15.7801733017, 12.1098995209, 41.2684631348, 9.6352186203, 4.70109939575, 5.22964048386, 2.12304091454, 3.0285961628, 1.89510989189, 2.35266852379, 1.47692763805, 1.34988939762, 1.92247843742, 2.35687637329, 2.1288087368, 3.20850276947, 3.40183115005, 3.97419047356, 4.27604293823, 4.33541202545, 2.7775220871, 1.08456623554, 0.618392407894, 0.442769825459, 0.170034080744, 0.0575015693903, 0.0185700468719, 0.00308916950598, 9.0750043455e-05, 3.70054585801e-05],
        "min": [2.94723326988e-06, 3.84363484045e-05, 0.00072142429417, 0.00139322062023, 0.0086531015113, 0.0184072237462, 0.00900367181748, 0.028157055378, 0.00943499989808, 0.00424834387377, 0.0151336938143, 0.0124022876844, 0.00720270210877, 0.00532412854955, 0.00254571973346, 0.00110190804116, 0.000789125915617, 0.000150352818309, 0.000135025678901, 0.000415367627284, 0.00012913584942, 5.83210858167e-05, 5.85143134231e-05, 2.10542420973e-05, 8.18452735984e-06, 7.89556725067e-06, 1.06200568553e-05, 7.92892024037e-06, 1.16497394629e-05, 8.87577789399e-06, 5.89628416492e-06, 5.35816934644e-06, 4.13033967561e-06, 3.79978064302e-06, 2.35824245465e-06, 1.80713834652e-06, 9.45908141148e-07, 2.82408649355e-07, 1.32110912432e-07, 9.56395282969e-08],
        "stdev": [0.221820503473, 3.35251951218, 13.7106952667, 11.5961618423, 29.6058235168, 32.0996818542, 114.72303772, 82.5561828613, 20.8896198273, 11.630651474, 47.210811615, 30.8905849457, 148.313247681, 22.534942627, 24.593996048, 15.5155477524, 4.88948011398, 6.70435428619, 4.58800888062, 5.58282327652, 4.16544675827, 3.62594437599, 6.53086996078, 5.9171667099, 5.5932393074, 11.4802856445, 9.25424385071, 10.7470350266, 11.1352834702, 11.2611436844, 7.12886619568, 2.73479056358, 1.58866810799, 1.2725931406, 0.462757885456, 0.171991690993, 0.0658957585692, 0.0139049040154, 0.000364068750059, 3.74013507098e-05]
    },
    "gfcc": {
        "mean": [-114.392189026, 131.250839233, -90.9602127075, 40.1233634949, -86.4624023438, -5.58512830734, -38.3292655945, -24.3719272614, -21.7471828461, -20.6698856354, -11.4652175903, -6.66651248932, -1.86325252056],
        "cov": [[9100.43359375, -3161.04638672, -117.87587738, 1269.94665527, -157.753295898, 1378.7043457, -141.68359375, 1177.29394531, -160.167907715, 600.814208984, -346.447906494, 160.066146851, -166.119842529], [-3161.04638672, 3384.52319336, -291.783477783, -1165.42419434, 753.446350098, -659.656555176, 573.457946777, -668.452026367, 537.488891602, -418.736175537, 447.404266357, -98.1365432739, 187.239715576], [-117.87587738, -291.783477783, 1386.35180664, 328.723693848, 224.3487854, 143.020736694, -60.7512321472, 186.333145142, -128.065673828, 299.27255249, -59.4581031799, 152.561599731, -96.1415863037], [1269.94665527, -1165.42419434, 328.723693848, 1326.09558105, -165.237121582, 301.412200928, 16.1440162659, 261.138763428, 30.1684150696, 147.695785522, -42.0784034729, 1.8026496172, -23.6336307526], [-157.753295898, 753.446350098, 224.3487854, -165.237121582, 828.873352051, -58.6423683167, 185.243392944, 71.7413482666, 83.6120986938, 66.1157608032, 17.3981361389, 76.4208297729, -2.97783708572], [1378.7043457, -659.656555176, 143.020736694, 301.412200928, -58.6423683167, 660.465881348, 110.258728027, 258.329925537, -10.8239593506, 167.783859253, -93.5085372925, 17.0959434509, -30.2667160034], [-141.68359375, 573.457946777, -60.7512321472, 16.1440162659, 185.243392944, 110.258728027, 533.835083008, -75.3116531372, 125.641159058, 13.7520647049, 70.2818069458, 7.3217086792, 18.4906082153], [1177.29394531, -668.452026367, 186.333145142, 261.138763428, 71.7413482666, 258.329925537, -75.3116531372, 454.01071167, -70.6586303711, 155.061523438, -101.983016968, 43.5371055603, -45.4108963013], [-160.167907715, 537.488891602, -128.065673828, 30.1684150696, 83.6120986938, -10.8239593506, 125.641159058, -70.6586303711, 320.663116455, -118.591766357, 113.308273315, -30.7799072266, 55.9985389709], [600.814208984, -418.736175537, 299.27255249, 147.695785522, 66.1157608032, 167.783859253, 13.7520647049, 155.061523438, -118.591766357, 260.163360596, -81.9032974243, 65.3734359741, -46.5269622803], [-346.447906494, 447.404266357, -59.4581031799, -42.0784034729, 17.3981361389, -93.5085372925, 70.2818069458, -101.983016968, 113.308273315, -81.9032974243, 204.896972656, -13.5042142868, 73.6899795532], [160.066146851, -98.1365432739, 152.561599731, 1.8026496172, 76.4208297729, 17.0959434509, 7.3217086792, 43.5371055603, -30.7799072266, 65.3734359741, -13.5042142868, 128.164962769, -10.18679142], [-166.119842529, 187.239715576, -96.1415863037, -23.6336307526, -2.97783708572, -30.2667160034, 18.4906082153, -45.4108963013, 55.9985389709, -46.5269622803, 73.6899795532, -10.18679142, 161.206741333]],
        "icov": [[0.000269422103884, 0.000250572426012, 0.00019414947019, 3.04614295601e-05, -0.00015290697047, -0.000248304626439, -5.05917114424e-06, -0.000248472264502, -0.000271147233434, -0.000267538620392, -0.000257254461758, -0.000113754467748, 0.00011537282262], [0.000250572426012, 0.00367111386731, -0.000742616015486, 0.00227234466001, -0.00209441734478, 0.00117952364963, -0.00232569104992, 0.00129060912877, -0.00308216433041, 0.00102632073686, -0.0027098369319, 0.00254417047836, -0.000536070147064], [0.00019414947019, -0.000742616015486, 0.00153319607489, -0.000823253882118, 0.000111578337965, -0.000605897803325, 0.000953274138737, -0.000399220298277, 0.00064535648562, -0.00156435417011, 7.40398536436e-05, -0.00151134678163, 0.000717770424671], [3.04614295601e-05, 0.00227234466001, -0.000823253882118, 0.00249735335819, -0.000911935348995, 0.000794321938884, -0.00165207707323, 0.000450888997875, -0.0023121626582, 0.000500726862811, -0.00162669282872, 0.00200663739815, -0.000465886347229], [-0.00015290697047, -0.00209441734478, 0.000111578337965, -0.000911935348995, 0.00296344538219, -8.27668118291e-05, 0.000599232153036, -0.00143763888627, 0.00103175267577, -0.000954346789513, 0.00180187262595, -0.00189455365762, 0.00019619691011], [-0.000248304626439, 0.00117952364963, -0.000605897803325, 0.000794321938884, -8.27668118291e-05, 0.00341218081303, -0.00178725796286, -0.00038302395842, -0.00154075014871, -0.000319478538586, 1.94061067305e-05, 0.00149657297879, -0.000605852867011], [-5.05917114424e-06, -0.00232569104992, 0.000953274138737, -0.00165207707323, 0.000599232153036, -0.00178725796286, 0.00431108521298, 6.30971135251e-06, 0.00128850294277, -0.00162215868477, 0.00090420054039, -0.00196137954481, 0.0007521326188], [-0.000248472264502, 0.00129060912877, -0.000399220298277, 0.000450888997875, -0.00143763888627, -0.00038302395842, 6.30971135251e-06, 0.00484017375857, -0.000887837319169, -0.000188563892152, -0.000368007138604, 0.000860563246533, -0.000186219549505], [-0.000271147233434, -0.00308216433041, 0.00064535648562, -0.0023121626582, 0.00103175267577, -0.00154075014871, 0.00128850294277, -0.000887837319169, 0.00784908235073, 0.00162875978276, 0.000465881428681, -0.00182802148629, 9.33541887207e-05], [-0.000267538620392, 0.00102632073686, -0.00156435417011, 0.000500726862811, -0.000954346789513, -0.000319478538586, -0.00162215868477, -0.000188563892152, 0.00162875978276, 0.009157509543, 0.000191192753846, -0.000541364657693, -0.000316347955959], [-0.000257254461758, -0.0027098369319, 7.40398536436e-05, -0.00162669282872, 0.00180187262595, 1.94061067305e-05, 0.00090420054039, -0.000368007138604, 0.000465881428681, 0.000191192753846, 0.00990953482687, -0.00194221315905, -0.00224160263315], [-0.000113754467748, 0.00254417047836, -0.00151134678163, 0.00200663739815, -0.00189455365762, 0.00149657297879, -0.00196137954481, 0.000860563246533, -0.00182802148629, -0.000541364657693, -0.00194221315905, 0.0119786765426, -0.000842524576001], [0.00011537282262, -0.000536070147064, 0.000717770424671, -0.000465886347229, 0.00019619691011, -0.000605852867011, 0.0007521326188, -0.000186219549505, 9.33541887207e-05, -0.000316347955959, -0.00224160263315, -0.000842524576001, 0.00790335610509]]
    },
    "melbands": {
        "max": [0.0263348296285, 0.0470475405455, 0.0308228675276, 0.0237265117466, 0.0214611049742, 0.0133346011862, 0.00551972771063, 0.00265222135931, 0.00442328164354, 0.00190499436576, 0.00805892236531, 0.00122641562484, 0.00160543853417, 0.000582832260989, 0.000368451175746, 0.000199779809918, 0.000188954785699, 0.000147879021824, 9.00617451407e-05, 8.67974595167e-05, 0.000106682440673, 6.66372507112e-05, 8.57827981235e-05, 0.000151121232193, 8.15946623334e-05, 7.86507225712e-05, 7.05321435817e-05, 0.000200927359401, 6.92867688485e-05, 7.75815788074e-05, 8.82373133209e-05, 9.61185432971e-05, 7.11568427505e-05, 9.12279065233e-05, 5.340588541e-05, 2.7937185223e-05, 1.8684015231e-05, 1.31753331516e-05, 1.435069953e-05, 1.05010913103e-05],
        "mean": [0.00111106119584, 0.00265122787096, 0.0012393532088, 0.00105293747038, 0.00222275592387, 0.00108492537402, 0.000138978735777, 5.0028309488e-05, 0.000135329391924, 7.20297757653e-05, 0.000204966418096, 3.56008313247e-05, 1.51515287143e-05, 1.29696290969e-05, 8.98339931155e-06, 3.83172891816e-06, 5.97141888647e-06, 2.93662515105e-06, 3.18969773616e-06, 2.54993733506e-06, 1.62801825354e-06, 1.39120936637e-06, 1.57050430971e-06, 1.75359900823e-06, 1.95545953829e-06, 1.46934075929e-06, 1.64986784057e-06, 2.25696226153e-06, 2.14279930333e-06, 2.07463926927e-06, 2.38850520873e-06, 2.41923430622e-06, 2.40732720158e-06, 2.42855480792e-06, 1.77054494088e-06, 9.54143843046e-07, 5.47276385987e-07, 4.0493597453e-07, 4.53501229458e-07, 3.427539923e-07],
        "min": [2.65483226514e-08, 3.18231656138e-07, 4.42733437467e-07, 1.45552655795e-06, 3.86818925335e-07, 5.35515937372e-07, 5.93986797526e-08, 4.88799329901e-08, 1.27391871274e-07, 4.04045792379e-08, 1.81367934005e-08, 1.76369816529e-08, 6.56590515291e-09, 2.01350736084e-09, 3.9570595689e-09, 2.55400173232e-10, 9.26346568897e-11, 6.54048204485e-11, 1.71579746938e-11, 1.32684098084e-11, 1.39834298654e-11, 1.233100861e-11, 1.0018481704e-11, 7.25328174259e-12, 3.67663972184e-12, 3.35687293934e-12, 2.45699055719e-12, 3.69619656063e-12, 3.9129060235e-12, 4.25323621808e-12, 1.6562246366e-12, 3.26004024123e-12, 2.50495978127e-12, 3.34092996324e-12, 3.24954386316e-12, 2.68666642753e-12, 2.20724393624e-12, 2.07984280839e-12, 2.47134799604e-12, 1.28214171051e-12],
        "stdev": [0.00267885951325, 0.00573185225949, 0.0024282541126, 0.00179186824244, 0.00322561012581, 0.00190820032731, 0.000290594092803, 0.00017431617016, 0.000406454462791, 0.000185194381629, 0.000744770746678, 8.8794840849e-05, 7.72981220507e-05, 3.96198702219e-05, 2.51736873906e-05, 1.1006855857e-05, 1.42283979585e-05, 7.69814505475e-06, 7.43693590266e-06, 5.73348279431e-06, 5.1611705203e-06, 3.74242608814e-06, 5.09189112563e-06, 5.73191982767e-06, 4.91110222356e-06, 4.29778219768e-06, 4.92998242407e-06, 9.084857993e-06, 6.16370289208e-06, 5.88726425121e-06, 6.63006858304e-06, 6.73296335663e-06, 6.36860750092e-06, 6.41408587398e-06, 4.59971533928e-06, 2.53856183008e-06, 1.41283146604e-06, 1.06582956505e-06, 1.26060831462e-06, 1.01780096884e-06]
    },
    "melbands128": {
        "max": [0.00229852972552, 0.0155672980472, 0.0461266450584, 0.0697624012828, 0.0669910758734, 0.0543215274811, 0.0301846973598, 0.0394111908972, 0.0536123141646, 0.0254789646715, 0.0184482969344, 0.0272739622742, 0.0388933159411, 0.03992773965, 0.0253751222044, 0.0119526488706, 0.00656677223742, 0.0100411195308, 0.00353233888745, 0.00216870522127, 0.00592298293486, 0.00969834439456, 0.00870036426932, 0.00787566229701, 0.00329853082076, 0.00277836620808, 0.00511734467, 0.0163743104786, 0.00483233481646, 0.00207684608176, 0.00142298836727, 0.00128130149096, 0.00267266458832, 0.00334415188991, 0.000674029404763, 0.000978232710622, 0.00114870257676, 0.000711971661076, 0.00028824977926, 0.000195939748664, 0.000407136598369, 0.000189657439478, 0.000246616022196, 0.000525460811332, 0.000155494868523, 0.000192955529201, 0.000187175319297, 0.000156629845151, 0.000142747623613, 0.000120040225738, 8.06872485555e-05, 8.90540322871e-05, 0.000102215279185, 0.000144066623761, 9.26253269427e-05, 5.61800588912e-05, 5.35708131792e-05, 5.429234443e-05, 0.000149526225869, 0.000208542041946, 0.000182792224223, 7.94342486188e-05, 0.000108073472802, 7.29875609977e-05, 0.000185596407391, 9.06015338842e-05, 7.69218167989e-05, 7.16576323612e-05, 0.000120297307149, 0.000198920577532, 0.00029407342663, 0.000231681638979, 0.000103947706521, 8.87453788891e-05, 7.86638192949e-05, 0.000119216900202, 0.000128507133923, 0.000187363868463, 0.000130110202008, 0.000133496592753, 0.000144961042679, 0.00011170347716, 0.000111313063826, 0.00012209029228, 0.000111295907118, 0.000112584028102, 0.000109584485472, 9.40450263442e-05, 5.86798669246e-05, 6.55742041999e-05, 3.4417185816e-05, 2.87951570499e-05, 3.04736586259e-05, 2.39312521444e-05, 1.58066995937e-05, 1.90117589227e-05, 1.9219425667e-05, 1.29517338792e-05, 1.69969516719e-05, 1.65372130141e-05, 2.40389908868e-05, 1.05816325231e-05, 1.44676396303e-05, 9.59833687375e-06, 1.03539687188e-05, 5.0889443628e-06, 4.22170114689e-06, 4.57814758192e-06, 3.80111305276e-06, 3.86119609175e-06, 3.73964871869e-06, 3.98595875595e-06, 2.85669466393e-06, 4.4919102038e-06, 3.43981605511e-06, 2.82779501504e-06, 3.84926897823e-06, 5.48927062027e-07, 1.19709810065e-07, 1.17888845352e-07, 2.29174730748e-07, 8.92612632697e-08, 4.12481924172e-08, 2.78044232083e-09, 1.11095543875e-09, 1.08693731793e-09, 1.06493069918e-09, 1.05359110325e-09],
        "mean": [4.11597502534e-05, 0.000364747626008, 0.00136410526466, 0.00287949386984, 0.00342783192173, 0.00201631011441, 0.0010463896906, 0.00111988803837, 0.00139564229175, 0.000779604772106, 0.000916718505323, 0.00177730002906, 0.00292999926023, 0.00253528682515, 0.00087546359282, 0.000467908394057, 0.000257727137068, 5.24230745214e-05, 2.49137447099e-05, 2.96979378618e-05, 5.93593358644e-05, 0.000115580543934, 0.000178229951416, 0.000120561257063, 5.20950779901e-05, 4.05605678679e-05, 0.000125561346067, 0.000380417797714, 9.42254409892e-05, 2.74789035757e-05, 2.84324851236e-05, 1.44431824083e-05, 1.38780042107e-05, 1.87590358109e-05, 5.08175025971e-06, 1.46017991938e-05, 2.03481413337e-05, 7.09098640073e-06, 4.06952904086e-06, 3.44544855579e-06, 3.92693527829e-06, 3.97274561692e-06, 6.45868567517e-06, 8.16591455077e-06, 2.03466083804e-06, 2.38236293626e-06, 2.91119795293e-06, 2.71016961051e-06, 3.64616062143e-06, 3.89748083762e-06, 2.03218860406e-06, 1.77846914085e-06, 1.49123945903e-06, 1.54538383867e-06, 1.94229141925e-06, 1.26744885165e-06, 1.03963407128e-06, 1.34590925427e-06, 1.80701442787e-06, 1.98109023586e-06, 1.48811682266e-06, 1.66095901477e-06, 2.57882902588e-06, 1.79501989805e-06, 1.46036200022e-06, 1.4179589698e-06, 1.56741339197e-06, 1.37194069794e-06, 1.66524296219e-06, 1.98320958589e-06, 2.36993878389e-06, 2.28669955504e-06, 2.36275059251e-06, 2.10941880141e-06, 1.87096190984e-06, 2.03704530577e-06, 2.13087241718e-06, 2.32843490267e-06, 2.37992321672e-06, 2.50951734415e-06, 2.51303094956e-06, 2.34130084209e-06, 2.30508157983e-06, 2.35672041526e-06, 2.60759406956e-06, 2.46401646109e-06, 2.42244050241e-06, 2.19536991608e-06, 1.75672312253e-06, 1.53075279741e-06, 1.10347639293e-06, 8.12041093923e-07, 6.33046454368e-07, 5.56451993816e-07, 4.90793581776e-07, 4.063749941e-07, 3.68029958508e-07, 4.19960031195e-07, 4.6783273433e-07, 4.7422958005e-07, 4.24000972998e-07, 3.11702223144e-07, 2.61814477653e-07, 2.20547335061e-07, 1.87627094306e-07, 1.58503851821e-07, 1.35370527232e-07, 1.05016653151e-07, 9.58151460395e-08, 8.06549849131e-08, 7.13696124421e-08, 6.67576500746e-08, 5.77316825456e-08, 5.09629032308e-08, 3.84510911999e-08, 4.06232558703e-08, 1.94558449351e-08, 1.89977189535e-09, 3.34906519184e-10, 3.7526123875e-10, 4.01913752279e-10, 3.04483049884e-10, 1.55396071011e-10, 9.00625407585e-12, 6.48820493859e-12, 5.68623273467e-12, 5.23800534197e-12, 5.14769867357e-12],
        "min": [7.80562940672e-12, 1.77487846642e-09, 5.34672439656e-09, 1.52083075022e-08, 1.70839598468e-07, 2.80229329519e-07, 4.36472653575e-08, 3.12622319143e-08, 2.79829748706e-07, 1.17769229746e-06, 8.02639760877e-07, 3.78110428301e-07, 1.54534859576e-07, 4.35165759427e-07, 4.32506439552e-08, 9.19566005564e-08, 5.73648009095e-08, 1.95971310291e-08, 1.38849083342e-08, 1.15105258658e-08, 1.45273952867e-08, 3.66147787645e-08, 6.25155180956e-08, 3.33041150213e-08, 9.28989951632e-09, 4.81149120546e-09, 9.36640986993e-09, 1.39397435817e-08, 1.25266339523e-08, 9.64949720128e-09, 6.67149535616e-09, 5.52335110982e-09, 3.45377260125e-09, 2.21385118571e-10, 1.12609743752e-09, 5.66200364371e-10, 8.78923378522e-10, 1.2625983592e-09, 3.70230845981e-10, 1.45718756506e-10, 5.37491752495e-11, 7.91604629069e-11, 7.59304077946e-11, 6.58350735039e-11, 1.16818693607e-10, 3.66888706915e-11, 1.68725883959e-11, 1.36068430828e-11, 2.15023363698e-11, 1.13023479464e-11, 1.17403716957e-11, 1.45135492166e-11, 1.07367179383e-11, 9.93059801058e-12, 8.55237495406e-12, 1.0742205736e-11, 6.43213173696e-12, 7.41738701709e-12, 3.5128206767e-12, 4.37615091733e-12, 5.35331457982e-12, 4.03079262676e-12, 2.97131004696e-12, 3.20678444736e-12, 3.52616330232e-12, 2.18096287558e-12, 2.93775398973e-12, 1.67281195406e-12, 1.85785935247e-12, 8.86828479575e-13, 1.82252997416e-12, 2.31604297372e-12, 2.92354118345e-12, 1.8602207448e-12, 4.82872205762e-12, 3.23189587072e-12, 2.31705583539e-12, 1.33960854562e-12, 9.14000646002e-13, 2.47557790239e-12, 1.80973617168e-12, 1.52445504137e-12, 2.11982211298e-12, 1.16858996438e-12, 1.67792082312e-12, 3.54295802765e-12, 2.53903820711e-12, 2.10320216104e-12, 2.23839111309e-12, 2.11332904301e-12, 1.72449164323e-12, 1.71840764274e-12, 1.63493611011e-12, 1.51815094784e-12, 9.4697763086e-13, 1.4726488258e-12, 1.23095023757e-12, 1.19320883469e-12, 1.31597510666e-12, 1.36745161635e-12, 1.1524819727e-12, 9.75817191808e-13, 7.61861710871e-13, 9.68786140719e-13, 6.66408714236e-13, 9.82807476894e-13, 7.80903933097e-13, 9.13847448235e-13, 8.36386786652e-13, 8.38807701683e-13, 6.80796890216e-13, 9.4278079267e-13, 8.99029873984e-13, 8.58388284498e-13, 7.81848815291e-13, 8.12603782006e-13, 8.49600229579e-13, 7.30216180491e-13, 8.39489176958e-13, 7.66589320234e-13, 8.88893667873e-13, 7.85591155929e-13, 6.60308559133e-13, 8.41167630342e-13, 6.16906807756e-13, 1.99614698143e-13, 2.62375739895e-14, 9.37931335077e-16],
        "stdev": [0.000164332552231, 0.00128769897856, 0.00402251118794, 0.00662215007469, 0.00824531540275, 0.00467813527212, 0.00233479076996, 0.0028681026306, 0.00372020062059, 0.00178086524829, 0.00199089664966, 0.00347278127447, 0.00507372012362, 0.00511504570022, 0.0025713541545, 0.00111151800957, 0.000501917966176, 0.000309175869916, 0.00015129170788, 0.000110158434836, 0.000290911761113, 0.000528704898898, 0.000591635820456, 0.000592434953433, 0.000205566044315, 0.000188521880773, 0.000448861595942, 0.00148032291327, 0.000382744241506, 0.000102355035779, 0.000103513448266, 6.0183207097e-05, 0.000104499726149, 0.000149100320414, 2.35098232224e-05, 5.34260216227e-05, 7.40631221561e-05, 3.21666811942e-05, 1.49830693772e-05, 1.18706202556e-05, 1.7109196051e-05, 1.32361883516e-05, 1.70119437826e-05, 2.76665759884e-05, 7.20126763554e-06, 9.74281283561e-06, 9.89915588434e-06, 8.78159789863e-06, 1.21697175928e-05, 1.21478851725e-05, 5.10595600645e-06, 5.74385512664e-06, 6.10438200965e-06, 5.84870485909e-06, 5.34091077498e-06, 3.77797869078e-06, 3.52491724698e-06, 4.03054218623e-06, 7.12179007678e-06, 8.57042323332e-06, 5.77030323257e-06, 4.70580698675e-06, 6.65116522214e-06, 4.79489244753e-06, 6.24810763838e-06, 4.67126801595e-06, 4.64049298898e-06, 4.39001769337e-06, 5.74781870455e-06, 7.46508294469e-06, 1.17922263598e-05, 1.08535123218e-05, 7.67720212025e-06, 6.23042024017e-06, 5.60081252843e-06, 6.60359137328e-06, 6.89350054017e-06, 7.88916167949e-06, 7.1034364737e-06, 7.45662919144e-06, 7.87345015851e-06, 7.39422739571e-06, 6.38928804619e-06, 6.97318182574e-06, 7.78161574999e-06, 7.31473528504e-06, 6.78609012539e-06, 5.95595884079e-06, 4.74250555271e-06, 4.74316493637e-06, 3.05174808091e-06, 2.31788794736e-06, 1.872726898e-06, 1.50184416725e-06, 1.30888088279e-06, 1.14253941774e-06, 1.0458138604e-06, 1.17980505365e-06, 1.33700257265e-06, 1.42407407111e-06, 1.42105830037e-06, 9.47617422753e-07, 8.29280736525e-07, 6.58251224195e-07, 5.62699085549e-07, 4.51365792742e-07, 4.08688720199e-07, 3.2564707908e-07, 3.17542429684e-07, 2.77934134374e-07, 2.53704229181e-07, 2.42427290686e-07, 2.11042049614e-07, 2.24416723427e-07, 1.63346399518e-07, 1.85151748155e-07, 1.34140748287e-07, 2.17246221013e-08, 4.12657907845e-09, 4.22089030394e-09, 6.47490905337e-09, 3.65280228287e-09, 1.81157022716e-09, 7.25354568076e-11, 3.71247685371e-11, 3.64429007804e-11, 3.5777988211e-11, 3.54036730488e-11]
    },
    "mfcc": {
        "mean": [-760.021240234, 145.878341675, 42.1338272095, 34.1384353638, -15.5625534058, 10.3083324432, -16.7680015564, -1.07765936852, -15.8083238602, -12.3160810471, -10.9077119827, -16.1642551422, -10.940908432],
        "cov": [[9365.04492188, -3494.04467773, -308.541900635, 296.565490723, 269.042755127, 307.83807373, 287.364837646, 467.665313721, 494.550933838, 541.530029297, 92.6796340942, 242.553787231, 146.461486816], [-3494.04467773, 3962.81005859, -730.067932129, -493.475036621, -41.3184585571, 18.5757427216, -97.2878417969, -0.326173633337, -182.873809814, -114.854415894, 38.4362754822, -96.2349319458, 36.5786590576], [-308.541900635, -730.067932129, 1200.45495605, 226.689239502, 104.51222229, 79.4932098389, 123.266059875, -67.7504577637, 69.6479492188, -60.588760376, 95.797958374, 152.95501709, 104.678993225], [296.565490723, -493.475036621, 226.689239502, 806.043884277, 114.622146606, 107.152603149, 62.980632782, 68.6245498657, 46.6574668884, 98.9656524658, 6.67409610748, 58.839302063, 123.477050781], [269.042755127, -41.3184585571, 104.51222229, 114.622146606, 587.909301758, -69.7173690796, 41.0866355896, 41.1085777283, 118.207901001, 28.6406669617, 43.3051834106, 31.5299263, 56.436416626], [307.83807373, 18.5757427216, 79.4932098389, 107.152603149, -69.7173690796, 445.218109131, 125.957305908, 111.902618408, 93.6581954956, 129.427047729, 25.4097423553, 40.3806724548, 75.7429580688], [287.364837646, -97.2878417969, 123.266059875, 62.980632782, 41.0866355896, 125.957305908, 358.979187012, 23.9628009796, 115.557167053, 79.6214981079, 43.9990348816, 22.1746368408, 86.4893493652], [467.665313721, -0.326173633337, -67.7504577637, 68.6245498657, 41.1085777283, 111.902618408, 23.9628009796, 268.592315674, 81.2914047241, 105.486633301, 48.653968811, 48.468662262, 27.1999034882], [494.550933838, -182.873809814, 69.6479492188, 46.6574668884, 118.207901001, 93.6581954956, 115.557167053, 81.2914047241, 223.313812256, 89.3596725464, 45.0591201782, 43.9212684631, 36.867313385], [541.530029297, -114.854415894, -60.588760376, 98.9656524658, 28.6406669617, 129.427047729, 79.6214981079, 105.486633301, 89.3596725464, 228.913894653, 7.66547632217, 15.1698293686, 27.4169960022], [92.6796340942, 38.4362754822, 95.797958374, 6.67409610748, 43.3051834106, 25.4097423553, 43.9990348816, 48.653968811, 45.0591201782, 7.66547632217, 150.387298584, 47.7527084351, 22.4727783203], [242.553787231, -96.2349319458, 152.95501709, 58.839302063, 31.5299263, 40.3806724548, 22.1746368408, 48.468662262, 43.9212684631, 15.1698293686, 47.7527084351, 161.181213379, 22.081571579], [146.461486816, 36.5786590576, 104.678993225, 123.477050781, 56.436416626, 75.7429580688, 86.4893493652, 27.1999034882, 36.867313385, 27.4169960022, 22.4727783203, 22.081571579, 168.561355591]],
        "icov": [[0.00027365720598, 0.00030327111017, 0.000317794620059, 0.000154468143592, -9.0064611868e-05, -7.41277908674e-05, -5.69132726014e-06, -0.000129916836158, -9.08646907192e-05, -0.000250420882367, -0.000158690207172, -0.00036287275725, -0.000397451134631], [0.00030327111017, 0.000680022698361, 0.000583424407523, 0.000364351726603, -0.000199130081455, -0.00025463689235, 1.36131284307e-05, -0.000133080524392, 0.000215795531403, -0.000104922022729, -0.000422347744461, -0.000415240065195, -0.000764139345847], [0.000317794620059, 0.000583424407523, 0.00170021876693, 4.24611425842e-05, -0.000262430054136, -0.000420009775553, -0.000182254618267, 0.000470252154628, -8.15775492811e-05, 0.0003522693587, -0.000801291491371, -0.00136203900911, -0.000949668872636], [0.000154468143592, 0.000364351726603, 4.24611425842e-05, 0.00176990393084, -0.000325071334373, -0.000213471634197, 0.000120774078823, -0.000252066529356, 0.000410237669712, -0.000681999430526, 0.000124138823594, -0.000432517146692, -0.00129138829652], [-9.0064611868e-05, -0.000199130081455, -0.000262430054136, -0.000325071334373, 0.00224838312715, 0.000882632913999, 0.000143016237416, -0.000104698403447, -0.00134656310547, -3.38223071594e-05, -0.000113842848805, 0.000192942854483, -0.00039339668001], [-7.41277908674e-05, -0.00025463689235, -0.000420009775553, -0.000213471634197, 0.000882632913999, 0.0034950512927, -0.000484031013912, -0.000773589243181, -0.000759378541261, -0.00117017910816, 0.000318850070471, -2.52756262853e-06, -0.000641709892079], [-5.69132726014e-06, 1.36131284307e-05, -0.000182254618267, 0.000120774078823, 0.000143016237416, -0.000484031013912, 0.00402696616948, 0.000733703956939, -0.00154884171207, -0.000782816030551, -0.000651821726933, 0.000356071803253, -0.00148198276293], [-0.000129916836158, -0.000133080524392, 0.000470252154628, -0.000252066529356, -0.000104698403447, -0.000773589243181, 0.000733703956939, 0.00570759736001, -0.000897782796528, -0.00148095213808, -0.00138463324402, -0.00102997792419, -0.000123658930534], [-9.08646907192e-05, 0.000215795531403, -8.15775492811e-05, 0.000410237669712, -0.00134656310547, -0.000759378541261, -0.00154884171207, -0.000897782796528, 0.00772308325395, -0.00129791896325, -0.000780168338679, -0.000652132963296, 0.000225308191148], [-0.000250420882367, -0.000104922022729, 0.0003522693587, -0.000681999430526, -3.38223071594e-05, -0.00117017910816, -0.000782816030551, -0.00148095213808, -0.00129791896325, 0.00729300454259, 0.000677212839946, 0.000459824310383, 0.00064608908724], [-0.000158690207172, -0.000422347744461, -0.000801291491371, 0.000124138823594, -0.000113842848805, 0.000318850070471, -0.000651821726933, -0.00138463324402, -0.000780168338679, 0.000677212839946, 0.008550404571, -0.00125807267614, 0.00017428206047], [-0.00036287275725, -0.000415240065195, -0.00136203900911, -0.000432517146692, 0.000192942854483, -2.52756262853e-06, 0.000356071803253, -0.00102997792419, -0.000652132963296, 0.000459824310383, -0.00125807267614, 0.00860176980495, 0.000596857687924], [-0.000397451134631, -0.000764139345847, -0.000949668872636, -0.00129138829652, -0.00039339668001, -0.000641709892079, -0.00148198276293, -0.000123658930534, 0.000225308191148, 0.00064608908724, 0.00017428206047, 0.000596857687924, 0.00892410520464]]
    },
    "spectral_contrast_coeffs": {
        "max": [-0.319127053022, -0.42789581418, -0.430136203766, -0.52494931221, -0.548828005791, -0.486627131701],
        "mean": [-0.597058475018, -0.708896696568, -0.757463216782, -0.817563891411, -0.795838057995, -0.717650771141],
        "min": [-0.870062828064, -0.94534611702, -0.914800107479, -0.930424749851, -0.929132580757, -0.960616528988],
        "stdev": [0.100133419037, 0.0902565345168, 0.0866523385048, 0.0547875910997, 0.0551496632397, 0.0772047713399]
    },
    "spectral_contrast_valleys": {
        "max": [-4.61733675003, -5.36758613586, -6.45752811432, -6.2144613266, -5.44190216064, -8.06680011749],
        "mean": [-7.08106946945, -7.62526941299, -8.64811134338, -9.29748535156, -9.29183864594, -11.883105278],
        "min": [-9.90066623688, -9.67418289185, -11.2691698074, -13.6244010925, -13.963807106, -15.6548213959],
        "stdev": [0.965704619884, 0.714559912682, 0.873681783676, 1.07470452785, 1.48728108406, 1.88394296169]
    }
},
"rhythm": {
    "beats_count": 68,
    "beats_loudness": {
        "max": 0.109686747193,
        "mean": 0.0427082926035,
        "min": 0.000628291396424,
        "stdev": 0.0299267042428
    },
    "bpm": 87.9215087891,
    "bpm_histogram_first_peak_bpm": 88,
    "bpm_histogram_first_peak_weight": 0.148936212063,
    "bpm_histogram_second_peak_bpm": 74,
    "bpm_histogram_second_peak_spread": 0.363636374474,
    "bpm_histogram_second_peak_weight": 0.104477606714,
    "danceability": 1.10778164864,
    "onset_rate": 3.8349609375,
    "beats_loudness_band_ratio": {
        "max": [0.929598033428, 0.988813340664, 0.515739262104, 0.255463778973, 0.0427425839007, 0.971436262131],
        "mean": [0.392311811447, 0.50409668684, 0.0818527042866, 0.0331846140325, 0.00887812208384, 0.066411845386],
        "min": [0.00203833822161, 0.0248004496098, 0.000987599836662, 0.000213678955333, 3.63093522537e-06, 6.64268736728e-05],
        "stdev": [0.331948697567, 0.324954211712, 0.0998231768608, 0.0553459078074, 0.0109420837834, 0.157185614109]
    },
