{
"metadata": {
    "version": {
        "essentia": "2.1-beta5",
        "essentia_git_sha": "Undefined",
        "extractor": "music 2.0"
    },
    "audio_properties": {
        "analysis": {
            "equal_loudness": 0,
            "length": 34.8415412903,
            "sample_rate": 44100,
            "start_time": 158.987030029,
            "downmix": "mix"
        },
        "bit_rate": 192000,
        "length": 193.851791382,
        "lossless": 0,
        "number_channels": 2,
        "replay_gain": -1.84885787964,
        "sample_rate": 48000,
        "codec": "mp3",
        "md5_encoded": "ae41ce829ae7c282f18379def2c0b643"
    },
    "tags": {
        "file_name": "Ukraine_Under the Ladder_Mélovin.mp3",
        "encoding": ["Lavf58.29.100"]
    }
},
"lowlevel": {
    "average_loudness": 0.911139130592,
    "barkbands_crest": {
        "max": 25.9683303833,
        "mean": 12.0746192932,
        "min": 3.73227548599,
        "stdev": 4.35324525833
    },
    "barkbands_flatness_db": {
        "max": 0.311836570501,
        "mean": 0.131970360875,
        "min": 0.0323589667678,
        "stdev": 0.0455779097974
    },
    "barkbands_kurtosis": {
        "max": 126.261322021,
        "mean": 4.31584787369,
        "min": -1.78915333748,
        "stdev": 7.51250743866
    },
    "barkbands_skewness": {
        "max": 10.6295585632,
        "mean": 1.75359940529,
        "min": -0.363746792078,
        "stdev": 0.990018844604
    },
    "barkbands_spread": {
        "max": 91.7588348389,
        "mean": 21.3329906464,
        "min": 1.71346116066,
        "stdev": 11.2547092438
    },
    "dissonance": {
        "max": 0.500000059605,
        "mean": 0.471443742514,
        "min": 0.313044607639,
        "stdev": 0.024974854663
    },
    "dynamic_complexity": 2.61873173714,
    "erbbands_crest": {
        "max": 28.5806808472,
        "mean": 9.19824028015,
        "min": 2.31574296951,
        "stdev": 5.36081504822
    },
    "erbbands_flatness_db": {
        "max": 0.382940948009,
        "mean": 0.147998869419,
        "min": 0.0538440570235,
        "stdev": 0.0688357502222
    },
    "erbbands_kurtosis": {
        "max": 16.24401474,
        "mean": 1.03437173367,
        "min": -1.57397663593,
        "stdev": 2.39917874336
    },
    "erbbands_skewness": {
        "max": 3.72944974899,
        "mean": 0.669454693794,
        "min": -1.29467606544,
        "stdev": 0.860413193703
    },
    "erbbands_spread": {
        "max": 96.6807250977,
        "mean": 36.8542137146,
        "min": 5.36701917648,
        "stdev": 17.9228134155
    },
    "hfc": {
        "max": 94.1678161621,
        "mean": 22.0090122223,
        "min": 0.408409923315,
        "stdev": 15.1645679474
    },
    "loudness_ebu128": {
        "integrated": -21.5000190735,
        "loudness_range": 5.35356712341,
        "momentary": {
            "max": -16.7746295929,
            "mean": -22.0380821228,
            "min": -33.7432403564,
            "stdev": 2.17211222649
        },
        "short_term": {
            "max": -17.6291484833,
            "mean": -21.888048172,
            "min": -24.8036460876,
            "stdev": 1.43500804901
        }
    },
    "melbands_crest": {
        "max": 34.8922843933,
        "mean": 17.0933933258,
        "min": 5.47500705719,
        "stdev": 5.86605787277
    },
    "melbands_flatness_db": {
        "max": 0.39706787467,
        "mean": 0.194127738476,
        "min": 0.0728595107794,
        "stdev": 0.0371389724314
    },
    "melbands_kurtosis": {
        "max": 283.532073975,
        "mean": 14.2618932724,
        "min": -0.919854640961,
        "stdev": 20.0879020691
    },
    "melbands_skewness": {
        "max": 13.9382190704,
        "mean": 2.80370140076,
        "min": -0.384155720472,
        "stdev": 1.69941091537
    },
    "melbands_spread": {
        "max": 95.110168457,
        "mean": 18.5854492188,
        "min": 1.10928881168,
        "stdev": 9.25750160217
    },
    "pitch_salience": {
        "max": 0.86143630743,
        "mean": 0.519987940788,
        "min": 0.0898896455765,
        "stdev": 0.135619387031
    },
    "silence_rate_20dB": {
        "max": 1,
        "mean": 1,
        "min": 1,
        "stdev": 0
    },
    "silence_rate_30dB": {
        "max": 1,
        "mean": 1,
        "min": 1,
        "stdev": 0
    },
    "silence_rate_60dB": {
        "max": 1,
        "mean": 0.00932090543211,
        "min": 0,
        "stdev": 0.0960937738419
    },
    "spectral_centroid": {
        "max": 3307.14331055,
        "mean": 1423.86535645,
        "min": 441.967346191,
        "stdev": 440.321960449
    },
    "spectral_complexity": {
        "max": 47,
        "mean": 21.5352859497,
        "min": 0,
        "stdev": 7.69816970825
    },
    "spectral_decrease": {
        "max": -2.0770571374e-10,
        "mean": -8.13635736563e-09,
        "min": -2.60850310241e-08,
        "stdev": 4.35258717957e-09
    },
    "spectral_energy": {
        "max": 0.102999314666,
        "mean": 0.0327047929168,
        "min": 0.000840897206217,
        "stdev": 0.0173992179334
    },
    "spectral_energyband_high": {
        "max": 0.0067185992375,
        "mean": 0.00074602314271,
        "min": 4.75195020044e-06,
        "stdev": 0.000729487859644
    },
    "spectral_energyband_low": {
        "max": 0.0868305563927,
        "mean": 0.0134913185611,
        "min": 2.4601666837e-07,
        "stdev": 0.0130452513695
    },
    "spectral_energyband_middle_high": {
        "max": 0.0817974507809,
        "mean": 0.00662839785218,
        "min": 0.000137483351864,
        "stdev": 0.0087716197595
    },
    "spectral_energyband_middle_low": {
        "max": 0.0603326633573,
        "mean": 0.0127587765455,
        "min": 0.000106261511974,
        "stdev": 0.0104355793446
    },
    "spectral_entropy": {
        "max": 8.67186260223,
        "mean": 7.82869243622,
        "min": 7.06758737564,
        "stdev": 0.288939028978
    },
    "spectral_flux": {
        "max": 0.230991065502,
        "mean": 0.0951891541481,
        "min": 0.0165580008179,
        "stdev": 0.0422916784883
    },
    "spectral_kurtosis": {
        "max": 13.044342041,
        "mean": 3.60440659523,
        "min": -0.58465051651,
        "stdev": 1.69518125057
    },
    "spectral_rms": {
        "max": 0.0100243268535,
        "mean": 0.00545160006732,
        "min": 0.000905752473045,
        "stdev": 0.00147890299559
    },
    "spectral_rolloff": {
        "max": 9108.54492188,
        "mean": 1021.80981445,
        "min": 64.599609375,
        "stdev": 786.077697754
    },
    "spectral_skewness": {
        "max": 2.5830886364,
        "mean": 1.46636772156,
        "min": 0.456348270178,
        "stdev": 0.301174640656
    },
    "spectral_spread": {
        "max": 10275442,
        "mean": 4852094,
        "min": 2249718,
        "stdev": 1149457.25
    },
    "spectral_strongpeak": {
        "max": 7.1846075058,
        "mean": 0.967139661312,
        "min": 0,
        "stdev": 1.18760585785
    },
    "zerocrossingrate": {
        "max": 0.23486328125,
        "mean": 0.0547112300992,
        "min": 0.01025390625,
        "stdev": 0.0195237901062
    },
    "barkbands": {
        "max": [0.00918981712312, 0.0793712437153, 0.0441244058311, 0.0158487614244, 0.0298434402794, 0.0204893499613, 0.0330344438553, 0.0330978929996, 0.0526352748275, 0.0681345388293, 0.0195503477007, 0.0201799552888, 0.00624236883596, 0.0141281764954, 0.00301655661315, 0.00319451908581, 0.00498341675848, 0.00317328842357, 0.00203964672983, 0.00169474328868, 0.00128264608793, 0.00142129184678, 0.00224118982442, 0.00177350803278, 0.00185885000974, 0.000966690015048, 8.45158938318e-05],
        "mean": [0.000853408535477, 0.00968103483319, 0.00243585160933, 0.00106429320294, 0.00164691428654, 0.000816368963569, 0.00149658613373, 0.00186388730071, 0.00509932823479, 0.00223057717085, 0.00106199120637, 0.000865849666297, 0.000712635111995, 0.000507358112372, 0.00039762747474, 0.000268088886514, 0.000287821079837, 0.000298133789329, 0.000266445393208, 0.000183051321073, 0.000162013471709, 0.00016174207849, 0.000133408349939, 7.80390837463e-05, 7.68649479141e-05, 5.34114005859e-05, 2.07166954169e-06],
        "min": [1.70700531488e-09, 8.9247151891e-09, 1.94525568986e-08, 5.54028645183e-08, 2.82976770904e-06, 3.48483513335e-06, 1.85102885553e-06, 4.95157746627e-06, 1.09920347313e-05, 7.61446699471e-06, 4.98175131725e-06, 7.67005894886e-06, 9.23497191252e-06, 6.45254294795e-06, 6.25610528004e-06, 4.88385740027e-06, 5.24866845808e-06, 3.57690691999e-06, 1.9896529011e-06, 1.75110596956e-06, 1.45963133491e-06, 9.03691329768e-07, 3.91632909214e-07, 5.4597567356e-08, 1.58129689898e-10, 1.07055732335e-10, 1.09541202498e-10],
        "stdev": [0.00131888047326, 0.010755168274, 0.0051270746626, 0.00161992001813, 0.00247251894325, 0.00146179797594, 0.00368807604536, 0.00379625102505, 0.00787928979844, 0.00595099106431, 0.00187315733638, 0.00164017861243, 0.000937909178901, 0.000943664985243, 0.000399072625441, 0.000342145358445, 0.000383900653105, 0.000306167290546, 0.000236041538301, 0.000151608343003, 0.000136209826451, 0.000158672366524, 0.000160876967129, 0.000128934858367, 0.000127833831357, 9.00429949979e-05, 6.32483670415e-06]
    },
    "erbbands": {
        "max": [3.4517018795, 12.9859247208, 42.8131256104, 44.7014541626, 59.9796714783, 153.298278809, 170.801116943, 223.545211792, 271.197113037, 500.677185059, 661.050476074, 1263.34216309, 2097.85400391, 1391.82189941, 484.260040283, 884.003295898, 287.660217285, 624.957641602, 374.070159912, 179.554107666, 130.94203186, 334.384155273, 215.157821655, 133.797332764, 89.7557525635, 60.1081161499, 62.3445472717, 42.4965362549, 44.5750083923, 59.0815200806, 63.9363899231, 38.2764472961, 33.2093353271, 20.7693462372, 14.1478796005, 5.62888145447, 1.45372664928, 0.259263426065, 0.00847622193396, 0.000371335103409],
        "mean": [0.411736249924, 1.66358709335, 2.75245952606, 3.33903360367, 4.03247022629, 6.35745573044, 7.17612171173, 5.93873023987, 12.8011465073, 32.3996620178, 56.5701026917, 117.747520447, 85.9931564331, 59.1974182129, 37.3339920044, 34.1360778809, 32.8765983582, 27.0510177612, 23.9360389709, 17.8381576538, 14.754529953, 16.9796161652, 17.3848209381, 14.1263313293, 12.3138656616, 8.56465435028, 6.81083440781, 6.2333316803, 5.82276630402, 4.86100721359, 3.66823530197, 1.91850483418, 1.20080566406, 0.847933769226, 0.546679019928, 0.247536197305, 0.099404796958, 0.0133952721953, 0.000385670777177, 5.21332258359e-05],
        "min": [6.5357579615e-07, 7.0209957812e-06, 6.57895725453e-05, 0.000443895725766, 0.00211205496453, 0.00635871337727, 0.0194428749382, 0.0391722805798, 0.0390946939588, 0.0654822215438, 0.110927559435, 0.217143505812, 0.250246077776, 0.240062341094, 0.219860136509, 0.264184564352, 0.429661184549, 0.436945647001, 0.313019990921, 0.271713912487, 0.301022917032, 0.283644020557, 0.216552689672, 0.158905118704, 0.0891448259354, 0.0763495489955, 0.0776881352067, 0.0624843239784, 0.0372031070292, 0.0150397960097, 0.00897569302469, 0.00285768462345, 0.000165278674103, 1.7578695406e-05, 3.2722814467e-06, 1.78107927695e-06, 8.78461094089e-07, 2.01627187835e-07, 4.93256607115e-07, 1.01869761693e-06],
        "stdev": [0.472594827414, 1.94255256653, 5.0894036293, 5.3577542305, 5.84887599945, 10.7870912552, 13.6668767929, 10.2864122391, 28.8265552521, 65.1387786865, 91.3768157959, 185.01675415, 198.55241394, 123.523117065, 61.5978012085, 65.2413101196, 41.9346313477, 42.5958137512, 29.6003437042, 19.1504878998, 17.3925018311, 22.1184616089, 17.7471694946, 13.0308895111, 10.6481409073, 7.11292982101, 5.66762638092, 5.69182729721, 5.7032532692, 5.31796264648, 4.54453086853, 2.76136517525, 2.19669914246, 1.41242337227, 0.9615432024, 0.467492461205, 0.158538758755, 0.0252261329442, 0.000802020716947, 3.85558596463e-05]
    },
    "gfcc": {
        "mean": [23.6162204742, 76.968132019, -124.436561584, 28.4483795166, -62.2946166992, 24.1735057831, -25.9194698334, 20.4245033264, -17.2907066345, 7.20507955551, -16.933763504, 1.18055355549, -12.9933710098],
        "cov": [[1814.55749512, -302.239227295, 1003.05145264, 189.843017578, 214.229827881, 34.1458854675, -114.809814453, 99.1559143066, -215.11164856, 262.164398193, -182.430145264, 149.925506592, -244.241394043], [-302.239227295, 689.145507812, 306.069274902, 357.49041748, 152.960571289, -11.2352180481, 32.8968353271, -27.0872154236, 65.4540481567, -22.7601566315, 103.254394531, -25.8266239166, 22.6423015594], [1003.05145264, 306.069274902, 2158.50439453, 944.872924805, 744.841247559, 176.945449829, 5.97843551636, 41.9172859192, -187.941268921, 393.781311035, -145.907897949, 248.179901123, -283.966796875], [189.843017578, 357.49041748, 944.872924805, 796.696228027, 423.162445068, 125.645957947, -48.3262290955, -34.4404983521, -55.2950363159, 111.330619812, 5.37359714508, 68.5383224487, -44.0256233215], [214.229827881, 152.960571289, 744.841247559, 423.162445068, 419.955078125, 115.198692322, 48.4420280457, 26.7850551605, -29.7821159363, 143.706207275, -39.1934814453, 81.7370605469, -78.509475708], [34.1458854675, -11.2352180481, 176.945449829, 125.645957947, 115.198692322, 144.367584229, 70.6171264648, 25.7581481934, 2.36392474174, 32.7469482422, 1.92794001102, 15.2071628571, -5.4261713028], [-114.809814453, 32.8968353271, 5.97843551636, -48.3262290955, 48.4420280457, 70.6171264648, 168.541702271, 48.1516227722, 47.1168899536, 8.84333229065, 16.0179595947, -0.655993461609, -6.11665582657], [99.1559143066, -27.0872154236, 41.9172859192, -34.4404983521, 26.7850551605, 25.7581481934, 48.1516227722, 92.1026687622, 26.6103553772, 37.1763954163, -9.43942070007, 9.64705562592, -14.8740568161], [-215.11164856, 65.4540481567, -187.941268921, -55.2950363159, -29.7821159363, 2.36392474174, 47.1168899536, 26.6103553772, 112.130714417, -11.8576068878, 45.0322303772, -35.5935974121, 39.9686775208], [262.164398193, -22.7601566315, 393.781311035, 111.330619812, 143.706207275, 32.7469482422, 8.84333229065, 37.1763954163, -11.8576068878, 149.210189819, -19.8858222961, 62.9150352478, -72.7668304443], [-182.430145264, 103.254394531, -145.907897949, 5.37359714508, -39.1934814453, 1.92794001102, 16.0179595947, -9.43942070007, 45.0322303772, -19.8858222961, 107.621551514, -0.661263287067, 52.2463722229], [149.925506592, -25.8266239166, 248.179901123, 68.5383224487, 81.7370605469, 15.2071628571, -0.655993461609, 9.64705562592, -35.5935974121, 62.9150352478, -0.661263287067, 92.7131729126, -20.326002121], [-244.241394043, 22.6423015594, -283.966796875, -44.0256233215, -78.509475708, -5.4261713028, -6.11665582657, -14.8740568161, 39.9686775208, -72.7668304443, 52.2463722229, -20.326002121, 113.384399414]],
        "icov": [[0.00133920588996, 0.000377663061954, -0.000512746686582, 0.000104787359305, 0.000452159409178, -0.000178593792953, 0.00101414520759, -0.00168531993404, 0.00130101200193, -0.000565638765693, -1.47152732097e-05, 0.000131188338855, 0.000912734656595], [0.000377663061954, 0.00446302443743, -0.00220676418394, -0.000712659792043, -0.00076400290709, 0.00355360470712, -0.000970355176833, -0.000652138900477, -0.00199047499336, 0.00424009747803, -0.00526841310784, 0.00356354634278, 0.000111247398308], [-0.000512746686582, -0.00220676418394, 0.00542156444862, -0.00351444329135, -0.000235422397964, -0.000790488149505, -0.00167745421641, 0.000622239313088, 0.00243023433723, -0.00585503643379, 0.00529487757012, -0.0057833744213, 0.00324909598567], [0.000104787359305, -0.000712659792043, -0.00351444329135, 0.0077162575908, -0.00410694442689, -0.00311313709244, 0.00497945118695, 0.000983800389804, -0.000425284175435, 0.00353754987009, -0.00407423917204, 0.00415103649721, -0.00299093825743], [0.000452159409178, -0.00076400290709, -0.000235422397964, -0.00410694442689, 0.0105435065925, -0.00190939835738, -0.00292793288827, -0.000220444751903, -0.000616726640146, -0.00452984450385, 0.0048600891605, -0.00328802107833, 0.00044592746417], [-0.000178593792953, 0.00355360470712, -0.000790488149505, -0.00311313709244, -0.00190939835738, 0.015579354018, -0.00735597824678, -0.00151782704052, 0.00115786539391, 0.00103186559863, -0.0035235194955, 0.00402289116755, -0.00285651441664], [0.00101414520759, -0.000970355176833, -0.00167745421641, 0.00497945118695, -0.00292793288827, -0.00735597824678, 0.0144003070891, -0.00391858723015, -0.00332163739949, 0.00443414738402, -0.00261155725457, -0.000418188836193, 0.00313910213299], [-0.00168531993404, -0.000652138900477, 0.000622239313088, 0.000983800389804, -0.000220444751903, -0.00151782704052, -0.00391858723015, 0.0183463897556, -0.00559151079506, -0.00348842842504, 0.0031498670578, -0.0014432844473, -0.0015675839968], [0.00130101200193, -0.00199047499336, 0.00243023433723, -0.000425284175435, -0.000616726640146, 0.00115786539391, -0.00332163739949, -0.00559151079506, 0.0223215930164, -0.0102252000943, -0.00176264171023, 0.00654835673049, -0.00460765231401], [-0.000565638765693, 0.00424009747803, -0.00585503643379, 0.00353754987009, -0.00452984450385, 0.00103186559863, 0.00443414738402, -0.00348842842504, -0.0102252000943, 0.0281888078898, -0.00977027509362, -0.00218532956205, 0.00714461412281], [-1.47152732097e-05, -0.00526841310784, 0.00529487757012, -0.00407423917204, 0.0048600891605, -0.0035235194955, -0.00261155725457, 0.0031498670578, -0.00176264171023, -0.00977027509362, 0.0243807863444, -0.0111252963543, -0.00270960829221], [0.000131188338855, 0.00356354634278, -0.0057833744213, 0.00415103649721, -0.00328802107833, 0.00402289116755, -0.000418188836193, -0.0014432844473, 0.00654835673049, -0.00218532956205, -0.0111252963543, 0.0282852984965, -0.00911132618785], [0.000912734656595, 0.000111247398308, 0.00324909598567, -0.00299093825743, 0.00044592746417, -0.00285651441664, 0.00313910213299, -0.0015675839968, -0.00460765231401, 0.00714461412281, -0.00270960829221, -0.00911132618785, 0.0236997622997]]
    },
    "melbands": {
        "max": [0.0259994119406, 0.0166960693896, 0.0071590943262, 0.00811027083546, 0.00533984322101, 0.00476835528389, 0.00521833403036, 0.00622389651835, 0.00699659250677, 0.00834230519831, 0.0107746273279, 0.00717650260776, 0.00199400726706, 0.00229800841771, 0.00153502519242, 0.000760426686611, 0.00133718224242, 0.00092259835219, 0.000244693947025, 0.000292834360152, 0.000190645383555, 0.000436671893112, 0.000206263182918, 0.000224092204007, 0.00012314938067, 9.87417151919e-05, 8.44139867695e-05, 3.74855335394e-05, 4.97039327456e-05, 2.76670925814e-05, 2.64936606982e-05, 2.25762869377e-05, 3.5974488128e-05, 3.97008589061e-05, 4.36985428678e-05, 2.38596821873e-05, 2.32914208027e-05, 2.32575766859e-05, 2.11273163586e-05, 1.60574727488e-05],
        "mean": [0.0031293311622, 0.00160102825612, 0.000600944680627, 0.000372221635189, 0.00025559795904, 0.000135508802487, 0.00023923900153, 0.000367532484233, 0.000523736234754, 0.000754447013605, 0.000419340474764, 0.000245753413765, 0.000134105343022, 9.71925037447e-05, 8.08777112979e-05, 7.07981234882e-05, 4.7349898523e-05, 3.96036048187e-05, 3.00473166135e-05, 1.93316627701e-05, 1.64460361702e-05, 1.74926371983e-05, 1.69021132024e-05, 1.35206346386e-05, 1.12184006866e-05, 9.87734892988e-06, 7.57849875299e-06, 5.12242240802e-06, 4.18531226387e-06, 3.77317564926e-06, 3.58630040864e-06, 3.46470778823e-06, 2.85156806967e-06, 2.61710260929e-06, 2.27063151215e-06, 1.51405333781e-06, 1.06186212179e-06, 8.62043748384e-07, 7.37130960715e-07, 7.04588160261e-07],
        "min": [2.39141861869e-09, 2.15358308964e-08, 9.55585903739e-08, 4.44927877652e-07, 5.54457812996e-07, 8.80335448983e-07, 6.23875280326e-07, 8.15931684883e-07, 9.05808860807e-07, 1.40884401389e-06, 1.23705785882e-06, 9.19523927223e-07, 6.63115088173e-07, 5.36564073172e-07, 7.44551869047e-07, 9.25372773963e-07, 6.94351626862e-07, 5.07480478973e-07, 4.28582325185e-07, 3.0232735071e-07, 3.19777541335e-07, 3.05147040081e-07, 1.90581914694e-07, 1.24035025806e-07, 1.09219470801e-07, 6.76392630794e-08, 4.03206072974e-08, 5.28019405976e-08, 4.71735894791e-08, 3.67835006898e-08, 3.65341392694e-08, 2.20560760766e-08, 1.47309391352e-08, 6.59763266242e-09, 5.18423037832e-09, 3.09571213108e-09, 1.02684161174e-09, 5.13010224579e-11, 6.42930110192e-12, 1.45970887287e-12],
        "stdev": [0.00351847452112, 0.002105825115, 0.00087566365255, 0.000600311614107, 0.000420138705522, 0.00023795668676, 0.000573089637328, 0.000721602118574, 0.000849791569635, 0.00122250791173, 0.00101977470331, 0.00054985191673, 0.000234214661759, 0.000188860110939, 0.000154224326252, 9.40985119087e-05, 8.65400143084e-05, 5.97148427914e-05, 2.95550344163e-05, 2.62869289145e-05, 2.10353991861e-05, 2.68095736828e-05, 1.93989872059e-05, 1.51721524162e-05, 1.10042019514e-05, 9.87968905974e-06, 6.9968345997e-06, 4.50420429843e-06, 3.62973764823e-06, 3.25673818224e-06, 3.57163753506e-06, 3.47845707438e-06, 3.09826191369e-06, 3.07263462673e-06, 2.8958859275e-06, 1.96311225409e-06, 1.66410109159e-06, 1.61670743637e-06, 1.32046727686e-06, 1.17535205391e-06]
    },
    "melbands128": {
        "max": [0.00871251709759, 0.0310182441026, 0.035223968327, 0.0167995244265, 0.0227449163795, 0.0207682177424, 0.0103654209524, 0.00782738346606, 0.00647854246199, 0.0128687117249, 0.0101677533239, 0.00750775123015, 0.00826447270811, 0.00693220226094, 0.00457242690027, 0.00849739555269, 0.00428316555917, 0.00714140944183, 0.0132032530382, 0.0082571618259, 0.0109808379784, 0.0108953602612, 0.0108631206676, 0.0143269347027, 0.0144585091621, 0.0151313086972, 0.0113320620731, 0.0183382350951, 0.0213499907404, 0.0113276569173, 0.00570379570127, 0.00515404669568, 0.00372114125639, 0.00167095416691, 0.00282096653245, 0.00438701035455, 0.00475115142763, 0.00256946589798, 0.00117389298975, 0.000997604220174, 0.00163941085339, 0.00138659251388, 0.00192142592277, 0.00168853264768, 0.00273669930175, 0.000613974523731, 0.000524216506165, 0.000500066787936, 0.000361321464879, 0.00041455499013, 0.000520608620718, 0.000428138067946, 0.000311440380756, 0.000452758045867, 0.00047331553651, 0.000926243781578, 0.000346458080458, 0.000460015085991, 0.000318779406371, 0.000358144548954, 0.000393630703911, 0.000239376415266, 0.000176204586751, 0.000219795663725, 0.000152946813614, 0.000188829450053, 0.000103422578832, 0.000113352863991, 0.000109284679638, 6.21323124506e-05, 4.28471466876e-05, 4.81822171423e-05, 5.10849276907e-05, 7.3561022873e-05, 6.06258181506e-05, 4.55008557765e-05, 4.02455916628e-05, 3.30861475959e-05, 3.70378766092e-05, 5.91904099565e-05, 3.91461471736e-05, 3.2696461858e-05, 3.24409338646e-05, 4.31368825957e-05, 4.97888868267e-05, 3.33943316946e-05, 4.51222877018e-05, 5.15304382134e-05, 5.92778378632e-05, 3.74457304133e-05, 2.86667873297e-05, 2.51258570643e-05, 2.6800793421e-05, 2.91101259791e-05, 2.67737614195e-05, 3.64435109077e-05, 3.29066642735e-05, 3.39580765285e-05, 2.26916527026e-05, 2.13862967939e-05, 1.8450546122e-05, 1.85091103049e-05, 1.12838797577e-05, 1.83423071576e-05, 2.7154927011e-05, 1.51550939336e-05, 1.46804723045e-05, 1.00029928944e-05, 1.08533331513e-05, 1.23545714814e-05, 7.09344021743e-06, 3.21420543514e-06, 6.2745143623e-06, 4.54787868875e-06, 3.74104160983e-06, 3.26094482261e-06, 3.37282631335e-06, 4.53355312402e-07, 2.85737002059e-07, 2.46233241796e-07, 2.60329812818e-07, 2.4108743446e-07, 1.30271843091e-07, 1.32643789286e-08, 1.30655051223e-08, 1.29325767873e-08, 1.28310224667e-08, 1.27587913568e-08],
        "mean": [0.000804411247373, 0.00365376193076, 0.00410145148635, 0.00221256702207, 0.00146421580575, 0.00111945532262, 0.000677653122693, 0.000510253594257, 0.000363139872206, 0.000389256776543, 0.000381000339985, 0.000242291309405, 0.000261957145995, 0.000216672749957, 0.000129597130581, 9.43630147958e-05, 9.11525858101e-05, 0.000236046398641, 0.000491516140755, 0.000316936930176, 0.000353432929842, 0.00038205832243, 0.000493723375257, 0.000737042690162, 0.000805649848189, 0.000838606327306, 0.000470114027848, 0.000385239196476, 0.000365263607819, 0.000256083643762, 0.000218085595407, 0.000189343045349, 0.000122761586681, 9.87459643511e-05, 0.000107853098598, 9.58534583333e-05, 7.89232290117e-05, 9.8641270597e-05, 6.48831919534e-05, 6.61941594444e-05, 8.7908905698e-05, 4.77920766571e-05, 4.50372317573e-05, 4.67625286547e-05, 4.90333732159e-05, 3.64065344911e-05, 3.15745965054e-05, 3.60946723958e-05, 2.61745317403e-05, 1.91579238162e-05, 2.02428818739e-05, 1.69308714248e-05, 1.74245014932e-05, 1.60224844876e-05, 1.46750635395e-05, 1.9860566681e-05, 1.73439293576e-05, 1.52795419126e-05, 1.78746795427e-05, 1.83234151336e-05, 1.22390447359e-05, 1.08045705929e-05, 1.21616512843e-05, 1.08563817776e-05, 1.05341014205e-05, 1.08469985207e-05, 8.70506119099e-06, 8.22439233161e-06, 7.52745063437e-06, 6.35943843008e-06, 5.12612677994e-06, 4.77234607388e-06, 3.71439728042e-06, 4.10688926422e-06, 4.69257747682e-06, 3.68004020856e-06, 3.47867512573e-06, 3.59128921446e-06, 3.61168667951e-06, 3.52189272235e-06, 3.86506508221e-06, 3.23908443534e-06, 2.8538290735e-06, 2.81714847006e-06, 2.91175979328e-06, 2.72066199614e-06, 2.43878866968e-06, 2.4853773084e-06, 2.42731221078e-06, 1.98269844986e-06, 1.83812471732e-06, 1.3283752196e-06, 1.06359198071e-06, 1.04071500573e-06, 1.10496068828e-06, 9.4443407761e-07, 7.96222821009e-07, 7.4596897548e-07, 7.65603886066e-07, 6.91479897341e-07, 7.30909391677e-07, 6.47035847123e-07, 7.36340552976e-07, 9.00792372249e-07, 6.06044068263e-07, 4.51125714562e-07, 5.04312311023e-07, 4.34495660784e-07, 4.07685519122e-07, 4.29740481422e-07, 3.72012692651e-07, 3.31797934905e-07, 3.52706763351e-07, 2.82045817812e-07, 2.14797552189e-07, 1.44473261798e-07, 6.57468461895e-08, 7.83839215757e-09, 3.43616601839e-09, 3.64953556264e-09, 3.20486126526e-09, 3.60040730563e-09, 2.3001669458e-09, 6.35420882578e-11, 1.3516208118e-11, 1.31017479851e-11, 1.28520588269e-11, 1.27587090198e-11],
        "min": [1.35024591508e-09, 5.2434528941e-10, 1.77453229888e-09, 4.14044531993e-09, 7.67896057852e-09, 9.61750856732e-09, 2.47088411953e-08, 1.87424262776e-08, 7.69936576717e-08, 1.60765040391e-07, 8.68876171012e-08, 1.13203647345e-07, 2.11105852799e-08, 3.10397837211e-07, 1.79539000555e-07, 3.58218187557e-07, 2.06898334909e-07, 2.79725043129e-07, 1.67981283994e-07, 1.19265422427e-07, 2.15619365918e-07, 8.91782008239e-07, 5.35622461939e-07, 7.34279581138e-07, 1.04855746486e-06, 8.09678340374e-07, 5.81298877478e-07, 8.72796761087e-07, 7.79359879743e-07, 4.86098599595e-07, 4.78900233247e-07, 7.33162437427e-07, 4.93888251185e-07, 5.63089145089e-07, 3.16712288395e-07, 2.07792467677e-07, 3.69339176132e-07, 4.09486403896e-07, 5.30428508227e-07, 3.38263248523e-07, 5.57155260594e-07, 2.32003714018e-07, 2.81832228666e-07, 3.95206740222e-07, 2.39031805904e-07, 2.68861498398e-07, 1.99912818744e-07, 3.18055668913e-07, 2.69579714995e-07, 1.50916989128e-07, 1.75989271156e-07, 1.96987770096e-07, 2.05230833217e-07, 1.08559419232e-07, 2.9233936516e-07, 2.20806725792e-07, 1.5147301724e-07, 1.15970593129e-07, 1.3793477649e-07, 1.15414529489e-07, 8.38546583282e-08, 6.92273189884e-08, 6.31388203942e-08, 7.34423650783e-08, 2.98326021664e-08, 3.72740736054e-08, 5.72143221689e-08, 2.17522853063e-08, 3.17084882795e-08, 3.05127549893e-08, 3.20180006952e-08, 2.51156606623e-08, 4.107046081e-08, 2.42588082955e-08, 2.62222155101e-08, 3.05953449242e-08, 2.27960459398e-08, 2.01695637969e-08, 3.81762390589e-08, 1.61640354435e-08, 2.42341720025e-08, 1.13105125266e-08, 5.95235105649e-09, 9.15897580001e-09, 4.75626826812e-09, 7.16464843009e-09, 7.12944459025e-09, 5.15920861588e-09, 6.47917053342e-09, 2.85264745159e-09, 3.56502161125e-09, 1.47888290503e-09, 2.35463359921e-09, 7.41934014226e-10, 2.15440804086e-10, 4.26045657087e-11, 4.78341394272e-11, 8.69819841154e-12, 1.48743029612e-12, 8.78221811679e-13, 9.34112704722e-13, 8.80952320641e-13, 1.83293744765e-12, 1.00195351148e-12, 1.04363642294e-12, 9.06949374543e-13, 6.11522713977e-13, 7.76993920593e-13, 7.52445252373e-13, 7.16643866645e-13, 5.92410560711e-13, 5.29282889218e-13, 5.23078867547e-13, 4.17411033038e-13, 3.9459470305e-13, 3.71648458536e-13, 3.82830513167e-13, 3.97276314493e-13, 3.58833947799e-13, 3.26908557733e-13, 2.73444109153e-13, 2.74554061127e-13, 3.80051215108e-13, 3.32092833051e-13, 2.44988030513e-13, 8.31502496522e-14, 9.99539111825e-15, 6.17663624918e-16],
        "stdev": [0.00123485527001, 0.00424887659028, 0.00520958518609, 0.00261386088096, 0.00263067800552, 0.00238754600286, 0.00118832546286, 0.000731136882678, 0.000599593040533, 0.000855596619658, 0.000721106654964, 0.000475081440527, 0.000600787927397, 0.000492275808938, 0.000244408700382, 0.00031077984022, 0.000273412966635, 0.00066430203151, 0.00140707159881, 0.000831009005196, 0.00103321101051, 0.0010827970691, 0.0010989268776, 0.00156263739336, 0.00152386550326, 0.00180821819231, 0.00124675338157, 0.00119657465257, 0.00126695365179, 0.000754934852012, 0.000467600795673, 0.000391356501495, 0.000292269978672, 0.000188294943655, 0.000226158401347, 0.000268731557298, 0.000232850186876, 0.0002502661373, 0.00012876742403, 0.000109752050776, 0.000136940565426, 0.000100108816696, 9.9227312603e-05, 0.0001199671824, 0.00013537320774, 5.84965018788e-05, 4.61937925138e-05, 4.36124209955e-05, 3.39800062648e-05, 3.48686990037e-05, 3.4519838664e-05, 2.70151522272e-05, 2.71430362773e-05, 2.83724384644e-05, 2.60464676103e-05, 4.67205172754e-05, 2.57342471741e-05, 2.86137656076e-05, 2.62282537733e-05, 2.37099102378e-05, 2.16995995288e-05, 1.60841918841e-05, 1.48067929331e-05, 1.3943608792e-05, 1.40619013109e-05, 1.58682232723e-05, 1.03740967461e-05, 9.31145314098e-06, 8.40286156745e-06, 7.02433226252e-06, 5.06090100316e-06, 5.07582126374e-06, 3.86049077861e-06, 4.3991954044e-06, 4.89567946715e-06, 3.9970468606e-06, 3.43632109434e-06, 4.00862472816e-06, 4.22585890192e-06, 4.65998709842e-06, 4.12166082242e-06, 3.85586372431e-06, 3.56908003596e-06, 3.54068765773e-06, 3.32642957801e-06, 3.3958547192e-06, 3.37999472322e-06, 3.44350632986e-06, 3.29054796566e-06, 2.90228558697e-06, 2.47613320425e-06, 1.81733696536e-06, 1.67469011103e-06, 1.78112077265e-06, 1.84105499557e-06, 1.79634912456e-06, 1.70015312051e-06, 1.71750309619e-06, 1.31181218421e-06, 1.28861256599e-06, 1.30154398903e-06, 1.24205257634e-06, 1.18810157801e-06, 1.58323166488e-06, 1.27696409891e-06, 9.41387895637e-07, 1.20123775105e-06, 8.32366822578e-07, 8.00965210601e-07, 9.64117475633e-07, 7.38601102057e-07, 4.59133502773e-07, 6.1364960402e-07, 4.79731795622e-07, 3.57993400257e-07, 2.8096124538e-07, 2.26217494514e-07, 3.37198358125e-08, 1.81626926832e-08, 1.63740239145e-08, 1.49057157728e-08, 1.57580259952e-08, 1.08418491962e-08, 5.05506025927e-10, 3.36956879066e-10, 3.3353544926e-10, 3.30918542568e-10, 3.29056698556e-10]
    },
    "mfcc": {
        "mean": [-615.631835938, 107.421386719, -4.94035625458, 12.7821445465, -6.20099449158, 6.48376846313, 2.33445334435, 12.094244957, 5.34900188446, 10.0473842621, 7.3248000145, 1.34558331966, -0.800934433937],
        "cov": [[1263.51916504, -218.820159912, 175.669052124, -18.2105846405, 32.805480957, -64.6284484863, -0.21816201508, -72.0265197754, -31.5592460632, -39.6916160583, 29.2269611359, -28.8122520447, 9.06453990936], [-218.820159912, 429.964080811, 246.015579224, 244.911437988, 115.200553894, 56.7202644348, 46.6479225159, 25.1567287445, -12.9866504669, 38.7064361572, 31.29413414, 49.6087417603, 46.5566482544], [175.669052124, 246.015579224, 1118.1439209, 771.765075684, 543.016357422, 364.529693604, 211.192993164, -19.6756858826, -4.86214637756, 36.6756820679, 32.29063797, 70.6571884155, 129.359619141], [-18.2105846405, 244.911437988, 771.765075684, 756.370361328, 510.456115723, 301.574768066, 148.677658081, -12.2544336319, -14.201426506, 38.17943573, 13.5514802933, 39.9703330994, 78.8198242188], [32.805480957, 115.200553894, 543.016357422, 510.456115723, 441.7265625, 243.437393188, 116.392532349, -11.4116315842, 10.3756914139, 32.7149009705, 20.4608135223, 23.4394283295, 52.1466560364], [-64.6284484863, 56.7202644348, 364.529693604, 301.574768066, 243.437393188, 237.945281982, 122.331787109, 18.2224216461, 25.2546195984, 31.5007305145, 16.8381614685, 28.9095649719, 39.8859367371], [-0.21816201508, 46.6479225159, 211.192993164, 148.677658081, 116.392532349, 122.331787109, 139.486022949, 43.1654586792, 29.5499305725, 27.5357780457, 20.7050762177, 27.8926181793, 41.152256012], [-72.0265197754, 25.1567287445, -19.6756858826, -12.2544336319, -11.4116315842, 18.2224216461, 43.1654586792, 78.1795349121, 32.4978103638, 19.6522102356, 9.00251483917, 7.39119386673, -0.309202522039], [-31.5592460632, -12.9866504669, -4.86214637756, -14.201426506, 10.3756914139, 25.2546195984, 29.5499305725, 32.4978103638, 79.3370437622, 46.1191825867, 19.1270809174, 1.78047394753, -9.0589466095], [-39.6916160583, 38.7064361572, 36.6756820679, 38.17943573, 32.7149009705, 31.5007305145, 27.5357780457, 19.6522102356, 46.1191825867, 81.7591705322, 41.8986206055, 16.2957744598, 0.459407567978], [29.2269611359, 31.29413414, 32.29063797, 13.5514802933, 20.4608135223, 16.8381614685, 20.7050762177, 9.00251483917, 19.1270809174, 41.8986206055, 69.8328399658, 35.1744422913, 11.02339077], [-28.8122520447, 49.6087417603, 70.6571884155, 39.9703330994, 23.4394283295, 28.9095649719, 27.8926181793, 7.39119386673, 1.78047394753, 16.2957744598, 35.1744422913, 62.4362182617, 39.7523460388], [9.06453990936, 46.5566482544, 129.359619141, 78.8198242188, 52.1466560364, 39.8859367371, 41.152256012, -0.309202522039, -9.0589466095, 0.459407567978, 11.02339077, 39.7523460388, 82.3813476562]],
        "icov": [[0.00127687200438, 0.000830583914649, -0.000845738744829, 0.000324231572449, -0.000347820139723, 0.00164105510339, -0.000801480840892, 0.000579886545893, 0.000275180616882, 0.00058260478545, -0.00172998465132, 0.00121073203627, -8.96338606253e-05], [0.000830583914649, 0.00419461494312, -0.000748775317334, -0.0019046185771, 0.0008813906461, 0.00235070614144, -0.000198617111892, -0.0014447493013, 0.0013984029647, -0.00114938348997, -0.00131307181437, -0.000833853613585, -0.000327862071572], [-0.000845738744829, -0.000748775317334, 0.00445899227634, -0.0031626583077, 0.000207494173083, -0.00226859212853, -0.00111574400216, 0.00149987929035, -0.000956010248046, 0.000759296410251, 0.00034756900277, -0.000811673526186, -0.00169379939325], [0.000324231572449, -0.0019046185771, -0.0031626583077, 0.0109438914806, -0.00815797410905, -0.000686488870997, 0.000392031244701, -0.000707626692019, 0.00408305227757, -0.00297851138748, 0.0032355110161, -0.000272046861937, 0.000997841707431], [-0.000347820139723, 0.0008813906461, 0.000207494173083, -0.00815797410905, 0.0137581909075, -0.0047044493258, 0.000728468585294, 0.00185785081703, -0.00312929879874, 0.00180385343265, -0.00365623878315, 0.0029441032093, -0.00105396064464], [0.00164105510339, 0.00235070614144, -0.00226859212853, -0.000686488870997, -0.0047044493258, 0.0173762794584, -0.0080643473193, 0.000434940797277, -0.000836660969071, -0.000370151683455, 0.000207000455703, -0.00228677736595, 0.00229084817693], [-0.000801480840892, -0.000198617111892, -0.00111574400216, 0.000392031244701, 0.000728468585294, -0.0080643473193, 0.0197394527495, -0.00894780270755, -0.00181016803253, -0.000259820837528, -0.000816810119431, 0.00034600312938, -0.0051286816597], [0.000579886545893, -0.0014447493013, 0.00149987929035, -0.000707626692019, 0.00185785081703, 0.000434940797277, -0.00894780270755, 0.0215980410576, -0.00646113278344, 0.00122380279936, 0.000152819091454, -0.000669826986268, 0.0018241815269], [0.000275180616882, 0.0013984029647, -0.000956010248046, 0.00408305227757, -0.00312929879874, -0.000836660969071, -0.00181016803253, -0.00646113278344, 0.0253854840994, -0.0137392748147, 0.00178627518471, 0.00112007581629, 0.00212856079452], [0.00058260478545, -0.00114938348997, 0.000759296410251, -0.00297851138748, 0.00180385343265, -0.000370151683455, -0.000259820837528, 0.00122380279936, -0.0137392748147, 0.0279293619096, -0.01442608051, 0.0026787747629, 0.000385837396607], [-0.00172998465132, -0.00131307181437, 0.00034756900277, 0.0032355110161, -0.00365623878315, 0.000207000455703, -0.000816810119431, 0.000152819091454, 0.00178627518471, -0.01442608051, 0.03272113204, -0.0182592812926, 0.00462308060378], [0.00121073203627, -0.000833853613585, -0.000811673526186, -0.000272046861937, 0.0029441032093, -0.00228677736595, 0.00034600312938, -0.000669826986268, 0.00112007581629, 0.0026787747629, -0.0182592812926, 0.0368670709431, -0.014297301881], [-8.96338606253e-05, -0.000327862071572, -0.00169379939325, 0.000997841707431, -0.00105396064464, 0.00229084817693, -0.0051286816597, 0.0018241815269, 0.00212856079452, 0.000385837396607, 0.00462308060378, -0.014297301881, 0.0226779431105]]
    },
    "spectral_contrast_coeffs": {
        "max": [-0.422212541103, -0.471968203783, -0.532395720482, -0.698638081551, -0.684964120388, -0.598063588142],
        "mean": [-0.758985579014, -0.744655430317, -0.775482356548, -0.814716935158, -0.805432856083, -0.755232036114],
        "min": [-0.995844304562, -0.921801805496, -0.903610527515, -0.905578553677, -0.871945500374, -0.838022351265],
        "stdev": [0.0687742903829, 0.0788490474224, 0.0610942840576, 0.0324853397906, 0.0288694016635, 0.0238200258464]
    },
    "spectral_contrast_valleys": {
        "max": [-5.03763437271, -5.2154917717, -4.70330810547, -5.84039497375, -6.02759075165, -7.91818809509],
        "mean": [-6.71524381638, -6.43187189102, -6.81029653549, -7.13475322723, -7.16392993927, -9.83392906189],
        "min": [-11.059928894, -8.40015029907, -8.51835250854, -8.58188915253, -9.09715461731, -15.0612230301],
        "stdev": [1.15118980408, 0.465475231409, 0.613998770714, 0.464408546686, 0.389173716307, 0.658298969269]
    }
},
"rhythm": {
    "beats_count": 79,
    "beats_loudness": {
        "max": 0.0734109729528,
        "mean": 0.0427710227668,
        "min": 0.00742082623765,
        "stdev": 0.0147862881422
    },
    "bpm": 139.707382202,
    "bpm_histogram_first_peak_bpm": 140,
    "bpm_histogram_first_peak_weight": 0.318840622902,
    "bpm_histogram_second_peak_bpm": 120,
    "bpm_histogram_second_peak_spread": 0.428571462631,
    "bpm_histogram_second_peak_weight": 0.0512820519507,
    "danceability": 1.04425466061,
    "onset_rate": 2.92656445503,
    "beats_loudness_band_ratio": {
        "max": [0.941117703915, 0.682776033878, 0.791705310345, 0.612766504288, 0.170752823353, 0.0817704573274],
        "mean": [0.574391305447, 0.063565403223, 0.192500054836, 0.108427904546, 0.0438206903636, 0.0337199829519],
        "min": [0.000124127633171, 0.00111616274808, 0.0129971513525, 0.0144541095942, 0.00615364126861, 0.00133657234255],
        "stdev": [0.278053015471, 0.0937862545252, 0.167409226298, 0.139652386308, 0.0376169942319, 0.0166486185044]
    },
