{
"metadata": {
    "version": {
        "essentia": "2.1-beta5",
        "essentia_git_sha": "Undefined",
        "extractor": "music 2.0"
    },
    "audio_properties": {
        "analysis": {
            "equal_loudness": 0,
            "length": 12.7477550507,
            "sample_rate": 44100,
            "start_time": 0,
            "downmix": "mix"
        },
        "bit_rate": 192000,
        "length": 194.768997192,
        "lossless": 0,
        "number_channels": 2,
        "replay_gain": -0.00874328613281,
        "sample_rate": 48000,
        "codec": "mp3",
        "md5_encoded": "7214f220c84fc6666ea88a7dd2e996cc"
    },
    "tags": {
        "file_name": "Denmark_Higher Ground_Rasmussen.mp3",
        "encoding": ["Lavf58.29.100"]
    }
},
"lowlevel": {
    "average_loudness": 0.889308869839,
    "barkbands_crest": {
        "max": 23.288274765,
        "mean": 11.3964586258,
        "min": 4.09347343445,
        "stdev": 4.18839645386
    },
    "barkbands_flatness_db": {
        "max": 0.329706698656,
        "mean": 0.187677398324,
        "min": 0.0605989582837,
        "stdev": 0.0444999858737
    },
    "barkbands_kurtosis": {
        "max": 52.8260688782,
        "mean": 5.53323984146,
        "min": -1.14599823952,
        "stdev": 8.08992671967
    },
    "barkbands_skewness": {
        "max": 6.67507743835,
        "mean": 1.63864374161,
        "min": -0.603921771049,
        "stdev": 1.39629018307
    },
    "barkbands_spread": {
        "max": 31.1007614136,
        "mean": 11.588760376,
        "min": 2.63676285744,
        "stdev": 6.00123357773
    },
    "dissonance": {
        "max": 0.499962955713,
        "mean": 0.479552656412,
        "min": 0.218011513352,
        "stdev": 0.021897835657
    },
    "dynamic_complexity": 4.42820310593,
    "erbbands_crest": {
        "max": 25.7806739807,
        "mean": 9.67760467529,
        "min": 2.94393992424,
        "stdev": 3.49622583389
    },
    "erbbands_flatness_db": {
        "max": 0.359261214733,
        "mean": 0.229312524199,
        "min": 0.107135601342,
        "stdev": 0.0462311282754
    },
    "erbbands_kurtosis": {
        "max": 10.5203313828,
        "mean": 2.33394646645,
        "min": -0.988487958908,
        "stdev": 2.22387361526
    },
    "erbbands_skewness": {
        "max": 2.82273316383,
        "mean": 0.963480770588,
        "min": -0.882646858692,
        "stdev": 0.777839243412
    },
    "erbbands_spread": {
        "max": 53.9271888733,
        "mean": 18.4938240051,
        "min": 5.84179258347,
        "stdev": 9.24874210358
    },
    "hfc": {
        "max": 79.1809921265,
        "mean": 23.2839584351,
        "min": 0.00016225768195,
        "stdev": 18.313369751
    },
    "loudness_ebu128": {
        "integrated": -20.7702293396,
        "loudness_range": 7.79582023621,
        "momentary": {
            "max": -19.3545894623,
            "mean": -23.8995704651,
            "min": -37.4675674438,
            "stdev": 5.71215438843
        },
        "short_term": {
            "max": -19.9730701447,
            "mean": -22.2955627441,
            "min": -33.9269485474,
            "stdev": 3.55842041969
        }
    },
    "melbands_crest": {
        "max": 38.1491775513,
        "mean": 16.301153183,
        "min": 4.77564001083,
        "stdev": 7.86779499054
    },
    "melbands_flatness_db": {
        "max": 0.391152590513,
        "mean": 0.222993656993,
        "min": 0.105121210217,
        "stdev": 0.0627354234457
    },
    "melbands_kurtosis": {
        "max": 126.703262329,
        "mean": 12.2702436447,
        "min": -1.06400680542,
        "stdev": 19.35704422
    },
    "melbands_skewness": {
        "max": 10.4594488144,
        "mean": 2.28428149223,
        "min": -0.833331406116,
        "stdev": 2.00140833855
    },
    "melbands_spread": {
        "max": 45.9868583679,
        "mean": 14.9540481567,
        "min": 2.08699250221,
        "stdev": 8.82481098175
    },
    "pitch_salience": {
        "max": 0.847347021103,
        "mean": 0.577395141125,
        "min": 0.0744866281748,
        "stdev": 0.193480446935
    },
    "silence_rate_20dB": {
        "max": 1,
        "mean": 1,
        "min": 1,
        "stdev": 0
    },
    "silence_rate_30dB": {
        "max": 1,
        "mean": 0.959999978542,
        "min": 0,
        "stdev": 0.19595938921
    },
    "silence_rate_60dB": {
        "max": 1,
        "mean": 0.119999997318,
        "min": 0,
        "stdev": 0.324961543083
    },
    "spectral_centroid": {
        "max": 2107.41943359,
        "mean": 1210.12158203,
        "min": 344.263183594,
        "stdev": 330.657012939
    },
    "spectral_complexity": {
        "max": 41,
        "mean": 21.3636360168,
        "min": 0,
        "stdev": 9.90089797974
    },
    "spectral_decrease": {
        "max": -7.84029755723e-14,
        "mean": -9.91826709651e-09,
        "min": -4.51153958636e-08,
        "stdev": 8.00039057225e-09
    },
    "spectral_energy": {
        "max": 0.171418145299,
        "mean": 0.0395457819104,
        "min": 3.10628053057e-07,
        "stdev": 0.0307761207223
    },
    "spectral_energyband_high": {
        "max": 0.00158165057655,
        "mean": 0.000276980281342,
        "min": 1.82852699648e-09,
        "stdev": 0.000269962154562
    },
    "spectral_energyband_low": {
        "max": 0.16062989831,
        "mean": 0.0170147940516,
        "min": 1.04739996232e-07,
        "stdev": 0.0305437333882
    },
    "spectral_energyband_middle_high": {
        "max": 0.0498045869172,
        "mean": 0.0118142804131,
        "min": 7.19044379593e-08,
        "stdev": 0.0106345247477
    },
    "spectral_energyband_middle_low": {
        "max": 0.0523365698755,
        "mean": 0.0112358592451,
        "min": 9.21135949739e-08,
        "stdev": 0.0102427508682
    },
    "spectral_entropy": {
        "max": 8.32832241058,
        "mean": 7.58544015884,
        "min": 6.92435216904,
        "stdev": 0.207191973925
    },
    "spectral_flux": {
        "max": 0.263848304749,
        "mean": 0.0953715518117,
        "min": 0.000557340157684,
        "stdev": 0.0487813428044
    },
    "spectral_kurtosis": {
        "max": 15.7509040833,
        "mean": 5.31339216232,
        "min": 0.807944536209,
        "stdev": 2.13774108887
    },
    "spectral_rms": {
        "max": 0.0129320230335,
        "mean": 0.00560135999694,
        "min": 1.74083816091e-05,
        "stdev": 0.0026844041422
    },
    "spectral_rolloff": {
        "max": 2454.78515625,
        "mean": 1008.3795166,
        "min": 43.06640625,
        "stdev": 551.528442383
    },
    "spectral_skewness": {
        "max": 3.54595160484,
        "mean": 1.71828508377,
        "min": 0.941137254238,
        "stdev": 0.290042519569
    },
    "spectral_spread": {
        "max": 11841803,
        "mean": 3167446.25,
        "min": 2043807.5,
        "stdev": 661617.75
    },
    "spectral_strongpeak": {
        "max": 4.54984092712,
        "mean": 0.986600220203,
        "min": 0,
        "stdev": 1.00794637203
    },
    "zerocrossingrate": {
        "max": 0.29248046875,
        "mean": 0.0426580272615,
        "min": 0.00390625,
        "stdev": 0.0250096097589
    },
    "barkbands": {
        "max": [0.0576181747019, 0.123246870935, 0.0132382307202, 0.00295246485621, 0.00433131307364, 0.00178844900802, 0.00214257603511, 0.0103249344975, 0.0445418767631, 0.037709582597, 0.0169839579612, 0.0116157066077, 0.00617451686412, 0.00360644306056, 0.00285064941272, 0.00161707226653, 0.00273775262758, 0.00101884512696, 0.00049214361934, 0.00115474173799, 0.000482657400426, 0.000377053278498, 0.000321759958751, 0.000236222345848, 0.000181192473974, 0.000133420311613, 8.98923826753e-06],
        "mean": [0.00354420999065, 0.0128977475688, 0.000794984691311, 0.000244772731094, 0.000305669527734, 0.000246890471317, 0.000307720474666, 0.00100832397584, 0.00698404153809, 0.00594283035025, 0.00260610179976, 0.0011733971769, 0.00093454006128, 0.000722967961337, 0.00054371583974, 0.000310993666062, 0.000266221933998, 0.000232550009969, 0.000120364507893, 0.000142435746966, 8.50542128319e-05, 5.60923363082e-05, 3.87885665987e-05, 2.17355682253e-05, 1.02683916339e-05, 3.29120280185e-06, 6.53754241853e-08],
        "min": [2.72992561889e-09, 5.5720854597e-09, 1.66997455864e-08, 1.31766890732e-08, 1.60610582611e-08, 1.2834518337e-08, 1.03757917813e-08, 5.12375875061e-09, 2.83695733572e-08, 2.36290116362e-08, 1.38627376245e-08, 5.31030464046e-09, 4.6531916098e-09, 1.47044572074e-08, 2.82898082737e-09, 1.28290200685e-09, 2.15039341889e-09, 5.74176439727e-09, 4.56265747406e-10, 6.13340711553e-10, 5.25605892143e-10, 3.74305475503e-10, 2.51447584976e-10, 1.81192269522e-10, 1.26750665519e-10, 1.14537580809e-10, 1.23623916659e-10],
        "stdev": [0.00820568855852, 0.0234203953296, 0.00159802532289, 0.000450852588983, 0.000504554715008, 0.000298413768178, 0.000303274660837, 0.00121754175052, 0.00809584837407, 0.00667188270018, 0.00305142300203, 0.00150307221338, 0.00106092658825, 0.000672226713505, 0.000533552432898, 0.000275941332802, 0.000297166203381, 0.000200206763111, 9.62555932347e-05, 0.000180105969775, 9.10357775865e-05, 5.27687261638e-05, 3.8836231397e-05, 2.69306819973e-05, 1.79215730896e-05, 1.02733156382e-05, 5.17173361914e-07]
    },
    "erbbands": {
        "max": [7.81348752975, 22.7259082794, 24.7110157013, 6.40556621552, 10.0955219269, 19.2645511627, 36.0692024231, 14.7170333862, 24.4773254395, 59.5278396606, 407.602874756, 950.148254395, 1314.61010742, 1105.00219727, 658.363647461, 517.447692871, 325.606719971, 209.109527588, 174.281829834, 164.95892334, 118.757553101, 112.581695557, 65.3323898315, 37.6007232666, 38.4183540344, 66.5756378174, 26.8259239197, 16.6103134155, 11.5061922073, 11.9208965302, 8.67245483398, 7.19288396835, 4.01870441437, 2.48028039932, 1.43509447575, 0.544466018677, 0.27089241147, 0.0409497134387, 0.000909071008209, 0.000185372235137],
        "mean": [0.623223304749, 1.8297328949, 1.62514388561, 0.751955509186, 0.848493695259, 0.997781336308, 1.90618026257, 1.90930640697, 3.58348274231, 8.2629108429, 41.2681503296, 155.966049194, 196.079742432, 163.999481201, 80.9982299805, 51.4710083008, 45.0844993591, 39.6944770813, 27.7165737152, 26.8007659912, 17.4744949341, 14.5405397415, 13.3390626907, 8.40080070496, 6.2719874382, 6.74249172211, 3.97700858116, 2.9595618248, 1.98620009422, 1.60001981258, 1.03423428535, 0.587659537792, 0.292692989111, 0.144615471363, 0.0576120354235, 0.0204340275377, 0.00478227576241, 0.000564128393307, 3.28392125084e-05, 4.61606505269e-05],
        "min": [2.49214309633e-07, 1.80528138571e-06, 2.82772198261e-05, 4.02759214921e-05, 4.23256024078e-05, 5.43220558029e-05, 9.30681126192e-05, 0.000103936174128, 0.000128624509671, 0.000147462429595, 0.000187448706129, 0.000643729930744, 0.000681032950524, 0.000820389424916, 0.000395062554162, 0.000211920356378, 0.000212282306165, 0.000665261934046, 0.00032319969614, 0.000104336351797, 9.92398781818e-05, 0.000129019652377, 0.000301625201246, 0.000116955648991, 3.25401488226e-05, 2.39122909989e-05, 2.45662122325e-05, 1.49267643792e-05, 1.63569984579e-05, 9.21696300793e-06, 5.90049057791e-06, 5.12619226356e-06, 2.20913079829e-06, 1.40685665428e-06, 8.58543273807e-07, 4.67214704258e-07, 2.08967719573e-07, 7.34810754466e-08, 1.80195662836e-08, 2.10888106977e-09],
        "stdev": [1.28310632706, 3.67673993111, 3.47846198082, 1.14965355396, 1.552952528, 1.83953225613, 3.34596133232, 2.06570696831, 3.62633657455, 8.23481845856, 49.1283760071, 187.254196167, 205.275421143, 190.990325928, 97.8649215698, 67.2549514771, 50.3043518066, 36.2256317139, 25.1202774048, 26.6997890472, 16.4315376282, 14.5007734299, 12.1006937027, 6.47026348114, 6.17710256577, 8.74940681458, 4.38694667816, 3.02729105949, 1.86818027496, 1.53634595871, 1.06398582458, 0.681593537331, 0.416031330824, 0.239115476608, 0.117149800062, 0.0506736561656, 0.0183951891959, 0.00287669734098, 6.29603455309e-05, 3.41533850587e-05]
    },
    "gfcc": {
        "mean": [-40.5953865051, 105.993019104, -178.156082153, 11.5586681366, -68.1446838379, 24.8929405212, -11.6843118668, 13.6480817795, -4.01624679565, -8.38011646271, -7.76076984406, -7.91656684875, 2.19102168083],
        "cov": [[5205.14648438, -887.949462891, -263.852203369, -323.978729248, -190.396560669, 563.139038086, 431.466003418, 632.545654297, 75.9819412231, 188.9190979, -4.00047492981, 88.1525878906, 92.4297180176], [-887.949462891, 2948.88012695, 1274.31347656, 1503.52001953, 951.520385742, 55.1213912964, 648.415405273, -474.595214844, 578.986633301, -380.199890137, 539.410888672, -218.360534668, 146.702850342], [-263.852203369, 1274.31347656, 1209.25622559, 906.280639648, 704.321472168, 178.187240601, 241.487136841, -46.6975326538, 197.992385864, 2.18008780479, 178.31060791, 10.6658802032, 33.0974502563], [-323.978729248, 1503.52001953, 906.280639648, 1012.22827148, 676.539245605, 182.120422363, 382.334625244, -139.40625, 352.954345703, -116.719261169, 312.395202637, -77.2030944824, 107.198944092], [-190.396560669, 951.520385742, 704.321472168, 676.539245605, 548.166687012, 158.246109009, 272.688018799, -38.4956588745, 232.507492065, -26.7579402924, 179.487304688, -7.21456384659, 49.4740562439], [563.139038086, 55.1213912964, 178.187240601, 182.120422363, 158.246109009, 249.258682251, 151.250167847, 162.944549561, 97.4487075806, 51.2198486328, 78.2867355347, 22.7810325623, 62.8432579041], [431.466003418, 648.415405273, 241.487136841, 382.334625244, 272.688018799, 151.250167847, 359.284606934, 0.925290346146, 248.090423584, -73.3208312988, 186.996963501, -39.9300804138, 74.6042556763], [632.545654297, -474.595214844, -46.6975326538, -139.40625, -38.4956588745, 162.944549561, 0.925290346146, 249.819564819, -28.6361160278, 131.74446106, -48.2711906433, 72.3413848877, 11.303024292], [75.9819412231, 578.986633301, 197.992385864, 352.954345703, 232.507492065, 97.4487075806, 248.090423584, -28.6361160278, 251.806350708, -67.8932266235, 176.746170044, -49.8676986694, 72.0704269409], [188.9190979, -380.199890137, 2.18008780479, -116.719261169, -26.7579402924, 51.2198486328, -73.3208312988, 131.74446106, -67.8932266235, 139.829818726, -67.5920333862, 74.6457214355, -24.0411319733], [-4.00047492981, 539.410888672, 178.31060791, 312.395202637, 179.487304688, 78.2867355347, 186.996963501, -48.2711906433, 176.746170044, -67.5920333862, 187.119476318, -45.433139801, 71.6974716187], [88.1525878906, -218.360534668, 10.6658802032, -77.2030944824, -7.21456384659, 22.7810325623, -39.9300804138, 72.3413848877, -49.8676986694, 74.6457214355, -45.433139801, 75.8033065796, -16.3187541962], [92.4297180176, 146.702850342, 33.0974502563, 107.198944092, 49.4740562439, 62.8432579041, 74.6042556763, 11.303024292, 72.0704269409, -24.0411319733, 71.6974716187, -16.3187541962, 68.6544418335]],
        "icov": [[0.00045232285629, 4.36091722804e-05, -0.000345112290233, -3.35626064043e-05, 0.00113639305346, -0.000572894292418, -0.00138423766475, -0.000482624542201, 0.000260903587332, -0.000115292750706, 0.00037703383714, 0.000166449099197, 0.000137338851346], [4.36091722804e-05, 0.00541236530989, -0.00300471368246, -0.00196248036809, -0.000549828575458, 0.00305910641328, -0.00334729882888, 0.00271875457838, 0.000104592720163, 0.00473256595433, -0.00415617926046, 0.00153674918693, -7.22724216757e-05], [-0.000345112290233, -0.00300471368246, 0.00777478562668, -0.00398276187479, -0.00469110906124, 0.00027744518593, 0.00349330226891, -0.00391841866076, 0.00368723506108, -0.00251684105024, 0.00228872941807, -0.00169416796416, 0.00178658834193], [-3.35626064043e-05, -0.00196248036809, -0.00398276187479, 0.0183874648064, -0.0102490400895, -0.00510006863624, 0.00234102876857, 0.00616095215082, -0.00302293896675, -0.00234354520217, -0.00436606956646, 0.00605848571286, -0.00570377474651], [0.00113639305346, -0.000549828575458, -0.00469110906124, -0.0102490400895, 0.025995394215, -0.00547958863899, -0.00631954940036, 0.00164464314003, -0.0059484350495, -0.00307118427008, 0.00729097938165, -0.00862532760948, 0.00629355572164], [-0.000572894292418, 0.00305910641328, 0.00027744518593, -0.00510006863624, -0.00547958863899, 0.0246338415891, -0.00358968717046, -0.0163442585617, 0.00582624366507, 0.00474637607113, -0.00658991979435, 0.0038135854993, -0.0066098254174], [-0.00138423766475, -0.00334729882888, 0.00349330226891, 0.00234102876857, -0.00631954940036, -0.00358968717046, 0.0184031855315, -0.00195732968859, -0.00846849381924, 0.00398423708975, -0.00153333134949, -0.00391173921525, 0.00279736728407], [-0.000482624542201, 0.00271875457838, -0.00391841866076, 0.00616095215082, 0.00164464314003, -0.0163442585617, -0.00195732968859, 0.0305980481207, -0.00625937432051, -0.0115369381383, 0.00342118670233, -0.00138181669172, -0.0033959839493], [0.000260903587332, 0.000104592720163, 0.00368723506108, -0.00302293896675, -0.0059484350495, 0.00582624366507, -0.00846849381924, -0.00625937432051, 0.0240506976843, -0.00112074089702, -0.00898969918489, 0.00645228568465, -0.0031637980137], [-0.000115292750706, 0.00473256595433, -0.00251684105024, -0.00234354520217, -0.00307118427008, 0.00474637607113, 0.00398423708975, -0.0115369381383, -0.00112074089702, 0.0333732552826, -0.0055839237757, -0.0125161036849, 0.00607300363481], [0.00037703383714, -0.00415617926046, 0.00228872941807, -0.00436606956646, 0.00729097938165, -0.00658991979435, -0.00153333134949, 0.00342118670233, -0.00898969918489, -0.0055839237757, 0.0294076614082, -0.00308864959516, -0.00799523107708], [0.000166449099197, 0.00153674918693, -0.00169416796416, 0.00605848571286, -0.00862532760948, 0.0038135854993, -0.00391173921525, -0.00138181669172, 0.00645228568465, -0.0125161036849, -0.00308864959516, 0.0348546691239, -0.00459380680695], [0.000137338851346, -7.22724216757e-05, 0.00178658834193, -0.00570377474651, 0.00629355572164, -0.0066098254174, 0.00279736728407, -0.0033959839493, -0.0031637980137, 0.00607300363481, -0.00799523107708, -0.00459380680695, 0.0343198589981]]
    },
    "melbands": {
        "max": [0.0491765774786, 0.0175358727574, 0.00122963578906, 0.000787886267062, 0.00123523629736, 0.000320927880239, 0.000366269057849, 0.000865876034368, 0.00485104415566, 0.00587183237076, 0.00650410261005, 0.004705932457, 0.00217362376861, 0.00145442085341, 0.000822771515232, 0.000550719618332, 0.000384277431294, 0.000347665569279, 0.000252459518379, 0.000141829019412, 0.000149757819599, 0.000165827499586, 6.54904360999e-05, 6.15880271653e-05, 3.25277906086e-05, 1.87436598935e-05, 4.06162835134e-05, 5.36842635483e-05, 1.8158380044e-05, 1.82124749699e-05, 8.94247023098e-06, 6.21864683126e-06, 8.6321042545e-06, 8.05415402283e-06, 5.30910210728e-06, 5.28877444594e-06, 3.75477270609e-06, 3.38559652846e-06, 2.66220081357e-06, 2.12306440517e-06],
        "mean": [0.00455750897527, 0.00134043244179, 0.000135094305733, 6.19112979621e-05, 6.31919683656e-05, 4.46689264209e-05, 5.68321011087e-05, 0.000105053230072, 0.000418498850195, 0.00105345039628, 0.000975150091108, 0.000675619638059, 0.000310106988763, 0.000147256359924, 0.000110660374048, 9.14858828764e-05, 7.1729926276e-05, 4.44923934992e-05, 4.27718950959e-05, 2.59757325693e-05, 1.98253201233e-05, 1.57065496751e-05, 1.25334527183e-05, 1.1047800399e-05, 6.37813536741e-06, 3.99803138862e-06, 5.21320589542e-06, 4.25150074079e-06, 2.37860263042e-06, 2.26031011152e-06, 1.52869858994e-06, 1.13875705665e-06, 1.00283682514e-06, 8.3882986246e-07, 6.29021030818e-07, 4.5003315563e-07, 3.21099093981e-07, 2.16607816128e-07, 1.52102728634e-07, 1.11026245975e-07],
        "min": [4.60120386236e-09, 1.27809451911e-08, 6.98282853762e-09, 3.3217968376e-09, 3.15056070121e-09, 2.35201946808e-09, 2.04167394102e-09, 1.43037925948e-09, 1.91976079478e-09, 4.22534318645e-09, 3.37334449263e-09, 3.38456218607e-09, 1.61463109549e-09, 5.43282474563e-10, 6.38746000536e-10, 4.46226444684e-10, 1.42273304249e-09, 6.33245067494e-10, 2.44790632209e-10, 3.63393863612e-11, 1.39717015735e-10, 1.18603238342e-10, 1.55658902434e-10, 3.7005168374e-10, 5.9129270924e-11, 1.69196150146e-11, 3.05678815593e-11, 1.10829609379e-11, 1.40508975982e-11, 1.40496260459e-11, 6.51458314377e-12, 9.88057465706e-12, 6.63701428885e-12, 5.02410916689e-12, 3.19155726153e-12, 3.80857368212e-12, 2.63753710712e-12, 1.55953071637e-12, 1.3018814542e-12, 1.11889197994e-12],
        "stdev": [0.00867659784853, 0.00281277368777, 0.000202645242098, 9.80638797046e-05, 0.000111906090751, 4.80865310237e-05, 5.62018540222e-05, 0.000112355446618, 0.000528885517269, 0.00124898739159, 0.0010337716667, 0.000811943958979, 0.000374864030164, 0.000181214185432, 0.000130140135298, 0.000102264282759, 6.68345019221e-05, 4.35359579569e-05, 4.4699801947e-05, 2.37330859818e-05, 2.09497193282e-05, 1.76344237843e-05, 1.18460702652e-05, 1.01328796518e-05, 5.27573047293e-06, 3.34459946316e-06, 6.77152593198e-06, 5.99410850555e-06, 2.56679595623e-06, 2.74467106465e-06, 1.53580185724e-06, 1.12209329473e-06, 9.77616650744e-07, 8.45816373385e-07, 6.62366005599e-07, 5.13452391715e-07, 3.8496747834e-07, 3.1221142649e-07, 2.49610422998e-07, 1.924611297e-07]
    },
    "melbands128": {
        "max": [0.0516379624605, 0.0876705795527, 0.0483728572726, 0.0390025116503, 0.0187483541667, 0.00465185102075, 0.00144096766599, 0.00164578144904, 0.00119314074982, 0.00110413669609, 0.00134386552963, 0.00165584834758, 0.00159782613628, 0.00060247204965, 0.000448296574177, 0.000320688006468, 0.000565202964935, 0.000523382448591, 0.000728518294636, 0.000592375872657, 0.00171099451836, 0.00268480903469, 0.00419956818223, 0.0116384569556, 0.0100418543443, 0.0109182018787, 0.00946951285005, 0.0090394821018, 0.00908398255706, 0.00623478740454, 0.00546903209761, 0.00457927165553, 0.00325470976532, 0.00346022378653, 0.00132606225088, 0.00258469837718, 0.00208305264823, 0.00121807516553, 0.000964216131251, 0.00133654137608, 0.000756810419261, 0.000645031686872, 0.00073994777631, 0.000728528480977, 0.000505222473294, 0.000441535841674, 0.000293857709039, 0.00044149174937, 0.000499716436025, 0.000241992049268, 0.00016489259724, 0.000177762864041, 0.000167637699633, 0.00021725067927, 0.000480908463942, 0.00016418780433, 9.24676714931e-05, 7.52236883272e-05, 0.000101946352515, 9.01829262148e-05, 0.000111628025479, 5.79691732128e-05, 7.5910880696e-05, 5.95162309764e-05, 2.7526399208e-05, 2.68403182417e-05, 3.46793676727e-05, 7.56513909437e-05, 5.34087885171e-05, 9.00250815903e-05, 6.23542800895e-05, 7.20364187146e-05, 3.44526379195e-05, 1.19972855828e-05, 2.94665624097e-05, 3.80842539016e-05, 2.32636084547e-05, 1.22462788568e-05, 1.08512240331e-05, 9.06915738597e-06, 1.09766697278e-05, 7.65157074056e-06, 6.91732611813e-06, 1.16542414617e-05, 9.60994657362e-06, 7.31203363102e-06, 1.2177996723e-05, 7.66718403611e-06, 5.17375974596e-06, 6.64153594698e-06, 4.04253069064e-06, 7.03901878296e-06, 5.83186738368e-06, 4.32682736573e-06, 3.33222078552e-06, 2.60079059444e-06, 4.94168034493e-06, 3.20385356645e-06, 3.89506612919e-06, 2.6602865546e-06, 2.07480297831e-06, 2.2094934593e-06, 2.50528341894e-06, 1.69434292729e-06, 2.53149119089e-06, 1.37663676014e-06, 1.88516764865e-06, 1.72185127667e-06, 1.01893010651e-06, 4.93150707825e-07, 6.15822443706e-07, 6.84966892095e-07, 1.6119082602e-06, 6.73115152949e-07, 8.19776971639e-07, 5.72771682528e-07, 2.58563090938e-07, 4.45345378353e-08, 3.05388212496e-08, 1.30028681156e-08, 4.13843448399e-09, 4.04987776648e-09, 3.94859744901e-09, 3.8791827528e-09, 3.7936422892e-09, 3.76042752492e-09, 3.72439812324e-09, 3.69891184349e-09],
        "mean": [0.00319633702748, 0.00627115974203, 0.00431701447815, 0.00283772475086, 0.00120705890004, 0.000299913081108, 0.000134873174829, 0.000120458600577, 8.36431354401e-05, 4.99736379425e-05, 5.29504141014e-05, 6.3404069806e-05, 7.25072313799e-05, 5.64593465242e-05, 3.8550937461e-05, 3.95002789446e-05, 4.98826630064e-05, 5.88535513089e-05, 6.76661366015e-05, 7.24436467863e-05, 0.000118906566058, 0.00021352575277, 0.000369908666471, 0.00070382130798, 0.00101012270898, 0.00126166711561, 0.00109263579361, 0.00101502565667, 0.000783405208495, 0.000734187895432, 0.000698000832926, 0.00042478076648, 0.000303110253299, 0.000222563045099, 0.000122303914395, 0.000153310262249, 0.000136033020681, 0.000102427176898, 9.43287013797e-05, 0.000112511093903, 8.05531744845e-05, 8.25504102977e-05, 7.21209216863e-05, 7.12179826223e-05, 5.44953181816e-05, 3.61499296559e-05, 3.65101768693e-05, 4.24307545472e-05, 5.24137540197e-05, 2.9495693525e-05, 2.30838631978e-05, 1.98479337996e-05, 1.87766745512e-05, 2.07421599043e-05, 2.04019397643e-05, 1.43638781083e-05, 1.28279525597e-05, 1.23320669445e-05, 1.24218095152e-05, 1.29098625621e-05, 1.23674690258e-05, 8.11241170595e-06, 8.05435411166e-06, 5.65860273127e-06, 4.18107902078e-06, 3.52325764652e-06, 3.8721727833e-06, 5.51359471501e-06, 5.07309687237e-06, 5.63830008105e-06, 4.53235134046e-06, 3.83000860893e-06, 2.24384871217e-06, 1.99985743166e-06, 2.56972225543e-06, 2.51219262282e-06, 2.02306887331e-06, 1.77786068889e-06, 1.37580934734e-06, 1.44415389514e-06, 1.17425577173e-06, 9.93076014311e-07, 1.05520302895e-06, 9.91523279481e-07, 1.01793364138e-06, 8.3651480054e-07, 8.32619093671e-07, 7.24228527815e-07, 6.25824043254e-07, 5.54276255116e-07, 4.8700150046e-07, 4.20392439082e-07, 3.85182289619e-07, 3.28315877596e-07, 2.82513923366e-07, 2.42673678486e-07, 2.02703958507e-07, 1.75334548658e-07, 1.56040940169e-07, 1.38551058626e-07, 1.28366266949e-07, 1.06300234393e-07, 9.15461768614e-08, 7.80054492111e-08, 6.17116100443e-08, 4.74709835885e-08, 5.2049543342e-08, 4.81480206815e-08, 3.43457600138e-08, 2.31286598762e-08, 1.984207465e-08, 1.6108254286e-08, 1.54753294623e-08, 1.06877315886e-08, 9.54045997759e-09, 6.15736528431e-09, 2.21722462612e-09, 1.41567396694e-10, 7.03838445859e-11, 3.7633736405e-11, 1.33420141255e-11, 1.30914654117e-11, 1.28244637132e-11, 1.25787349287e-11, 1.21066299347e-11, 1.15842049495e-11, 1.12611040284e-11, 1.11596374502e-11],
        "min": [4.254950281e-10, 3.01378211276e-09, 1.41384612351e-10, 1.45813539021e-09, 3.82401399435e-09, 8.87571971475e-09, 8.52835135845e-09, 5.92554805223e-09, 4.02407218658e-09, 3.05520875266e-09, 2.91217761017e-09, 3.13072456848e-09, 3.33124372531e-09, 3.07244363285e-09, 2.44578179931e-09, 1.89192839173e-09, 1.80149628548e-09, 2.14312745328e-09, 2.26958674077e-09, 1.77283121516e-09, 8.95479024265e-10, 6.5400262983e-10, 1.7270589403e-09, 3.46732775824e-09, 4.5465009535e-09, 4.55461979243e-09, 3.68048258537e-09, 3.08552072781e-09, 3.18021231571e-09, 3.66831254262e-09, 3.61162033613e-09, 2.59625432264e-09, 1.46098955156e-09, 9.78464198553e-10, 6.77669143023e-10, 2.76294376267e-10, 5.0100590343e-10, 9.42700584261e-10, 5.4336862787e-10, 1.78814810181e-10, 4.57800464204e-10, 7.00561719746e-10, 1.37495903552e-09, 2.06567829508e-09, 1.15888587615e-09, 1.60000471205e-10, 2.43872561034e-10, 3.64704044742e-10, 2.0671747647e-10, 4.59612278791e-11, 6.04579147162e-12, 1.37814308576e-11, 1.50059131787e-10, 2.25206284177e-10, 5.4049174858e-11, 1.10630338224e-10, 1.48645887266e-10, 1.7124474061e-10, 9.29646915004e-11, 2.43275316558e-10, 5.81336034866e-10, 3.18086196271e-10, 2.7715737691e-11, 2.16771427197e-11, 1.60742426314e-11, 1.57887921487e-11, 2.05504675777e-11, 1.75730749397e-11, 5.23135458563e-11, 1.67020425268e-11, 6.79872998177e-12, 1.05320266397e-11, 6.9794534735e-12, 1.56360341341e-11, 2.23282399514e-11, 1.41498644399e-11, 1.0188435165e-11, 9.00700434375e-12, 5.43554697779e-12, 4.04437247581e-12, 1.27058988331e-11, 7.88854224998e-12, 1.28736795529e-11, 6.05239903334e-12, 2.20183073163e-12, 5.2497810786e-12, 6.75381148577e-12, 4.17619411275e-12, 2.12705959617e-12, 2.7896784275e-12, 3.7404901225e-12, 3.48133436141e-12, 5.71939067287e-12, 1.87095347895e-12, 1.3866607515e-12, 2.01618843149e-12, 1.29087940424e-12, 8.99050528035e-13, 1.11317801765e-12, 5.72023060429e-13, 1.24390710406e-12, 4.83248694966e-13, 8.55297224104e-13, 9.50835005349e-13, 5.14612061731e-13, 6.09721962589e-13, 6.51386876296e-13, 6.52597984332e-13, 7.22946604925e-13, 6.73094175882e-13, 6.046670868e-13, 5.3419974607e-13, 5.53899103233e-13, 4.80053984845e-13, 5.27478831013e-13, 5.81219751147e-13, 4.49929996689e-13, 4.66066421567e-13, 4.6480516918e-13, 4.79035051643e-13, 5.55812991118e-13, 3.7503420508e-13, 5.77234549222e-13, 5.03156381577e-13, 3.89038817437e-13, 1.48217674028e-13, 2.29768647549e-14, 6.33174756946e-16],
        "stdev": [0.00753858312964, 0.013814246282, 0.00803999230266, 0.00635892339051, 0.00281339255162, 0.000572765886318, 0.00023618718842, 0.000245012517553, 0.000175086999661, 9.31521717575e-05, 0.000110759719973, 0.000147467682837, 0.00014598017151, 8.55948674143e-05, 5.17998232681e-05, 4.94558771607e-05, 6.63044120301e-05, 7.05920247128e-05, 8.09370685602e-05, 8.68124552653e-05, 0.000169931823621, 0.000292519369395, 0.000525208131876, 0.00109937472735, 0.0014582722215, 0.00181840220466, 0.00136021175422, 0.00126472860575, 0.00114519824274, 0.00109810533468, 0.000933757168241, 0.000596319325268, 0.000489517406095, 0.000380937184673, 0.000160697411047, 0.000277231680229, 0.000232592326938, 0.000155176254339, 0.000131346736453, 0.000171178646269, 0.000107909261715, 9.41055332078e-05, 8.2749480498e-05, 8.48404888529e-05, 7.09053419996e-05, 4.44671095465e-05, 3.99224772991e-05, 5.42490452062e-05, 7.57315501687e-05, 3.11421317747e-05, 2.59124208242e-05, 2.19115081563e-05, 2.18989298446e-05, 2.78449042526e-05, 3.51132330252e-05, 1.79780818144e-05, 1.42233766383e-05, 1.32062350531e-05, 1.48588751472e-05, 1.55169345817e-05, 1.53219116328e-05, 7.84172698332e-06, 8.84720611793e-06, 6.26835935691e-06, 4.18901936428e-06, 3.60186982107e-06, 3.99150803787e-06, 9.37346339924e-06, 7.63113166613e-06, 9.09385562409e-06, 7.54227767175e-06, 6.58485623717e-06, 2.63215679297e-06, 2.18393870455e-06, 4.01749002776e-06, 3.75106515094e-06, 2.50516927736e-06, 2.17215392695e-06, 1.46323623085e-06, 1.70735120264e-06, 1.329112024e-06, 1.07981225028e-06, 1.18843206565e-06, 1.12752081805e-06, 1.14853628475e-06, 9.1120517709e-07, 1.01228511085e-06, 8.51022093684e-07, 7.11790164587e-07, 6.82589245571e-07, 5.80215953505e-07, 5.45953753317e-07, 5.0812121799e-07, 4.19652678829e-07, 3.83454448638e-07, 3.24187794831e-07, 3.53777096507e-07, 3.02814214592e-07, 2.74397251587e-07, 2.49111224093e-07, 2.28210211617e-07, 1.87998921319e-07, 2.02062651056e-07, 1.67114862393e-07, 1.52993919755e-07, 1.00590625607e-07, 1.39315346814e-07, 1.49902120938e-07, 8.90734028758e-08, 5.85923451979e-08, 6.00759193503e-08, 6.07209642567e-08, 9.10040540703e-08, 4.97384604614e-08, 5.17844043202e-08, 3.69423922564e-08, 1.64403175518e-08, 1.96403826536e-09, 1.31385979873e-09, 5.8221188981e-10, 1.7623190407e-10, 1.72459810321e-10, 1.68145511403e-10, 1.65190167101e-10, 1.61558391665e-10, 1.60160620877e-10, 1.58635438119e-10, 1.57551388602e-10]
    },
    "mfcc": {
        "mean": [-658.751220703, 128.748153687, -45.0125350952, -7.19318151474, -23.359462738, 6.06753063202, 0.027130106464, 19.3710041046, 9.48843860626, 13.9052190781, 1.15156710148, 0.670591175556, -3.9384996891],
        "cov": [[5273.41601562, -817.574401855, -378.195983887, -763.530334473, -445.424713135, -158.980438232, 283.590637207, 335.178375244, 353.717254639, 244.250137329, 189.092453003, 112.469047546, 2.90441250801], [-817.574401855, 1571.74841309, 719.609375, 1129.19580078, 459.664794922, 585.75213623, 153.741836548, 267.046905518, -80.5152130127, 155.579879761, 21.8091239929, 96.0550994873, 41.6787872314], [-378.195983887, 719.609375, 685.933044434, 663.336975098, 473.710968018, 350.40737915, 197.670074463, 151.390945435, 50.7518768311, 86.2055435181, 80.6437988281, 78.4037017822, 69.615562439], [-763.530334473, 1129.19580078, 663.336975098, 1009.73431396, 495.577301025, 528.880981445, 164.561401367, 223.849441528, -14.7671098709, 151.683807373, 48.6437225342, 106.869338989, 70.0771179199], [-445.424713135, 459.664794922, 473.710968018, 495.577301025, 439.419342041, 274.085845947, 153.898605347, 112.947669983, 63.893661499, 68.1239852905, 83.4496383667, 63.4209518433, 72.1741485596], [-158.980438232, 585.75213623, 350.40737915, 528.880981445, 274.085845947, 350.180175781, 138.42539978, 188.706359863, 30.7821922302, 128.185455322, 56.2010879517, 77.9233856201, 48.8650360107], [283.590637207, 153.741836548, 197.670074463, 164.561401367, 153.898605347, 138.42539978, 159.025100708, 120.929214478, 78.3246688843, 71.9447250366, 72.2969436646, 48.9840965271, 44.2663917542], [335.178375244, 267.046905518, 151.390945435, 223.849441528, 112.947669983, 188.706359863, 120.929214478, 200.251754761, 71.1830749512, 119.444786072, 74.3251953125, 59.3249588013, 27.8827037811], [353.717254639, -80.5152130127, 50.7518768311, -14.7671098709, 63.893661499, 30.7821922302, 78.3246688843, 71.1830749512, 115.492858887, 50.1442451477, 67.6313934326, 24.9774646759, 34.7070579529], [244.250137329, 155.579879761, 86.2055435181, 151.683807373, 68.1239852905, 128.185455322, 71.9447250366, 119.444786072, 50.1442451477, 115.790985107, 53.7608299255, 49.8772621155, 22.051733017], [189.092453003, 21.8091239929, 80.6437988281, 48.6437225342, 83.4496383667, 56.2010879517, 72.2969436646, 74.3251953125, 67.6313934326, 53.7608299255, 94.8731460571, 37.0918922424, 32.0273971558], [112.469047546, 96.0550994873, 78.4037017822, 106.869338989, 63.4209518433, 77.9233856201, 48.9840965271, 59.3249588013, 24.9774646759, 49.8772621155, 37.0918922424, 57.2412872314, 23.4582176208], [2.90441250801, 41.6787872314, 69.615562439, 70.0771179199, 72.1741485596, 48.8650360107, 44.2663917542, 27.8827037811, 34.7070579529, 22.051733017, 32.0273971558, 23.4582176208, 49.8691062927]],
        "icov": [[0.000455124507425, -4.42747041234e-05, -0.000323536660289, 0.000438310293248, 0.000858369166963, 0.000141212702147, -0.000843964400701, -0.000430658372352, -0.00084835710004, -0.000448920385679, 0.00032433407614, -0.000784730771556, 0.000405263330322], [-4.42747041234e-05, 0.0049913697876, -0.00186665100046, -0.00532156508416, 0.00257569528185, -0.000106000297819, 0.000549472111743, -0.00325146852992, 0.00344166113064, 0.00128688185941, -0.000972911075223, 0.00232337508351, 0.000188686230103], [-0.000323536660289, -0.00186665100046, 0.0100563745946, -0.00288833328523, -0.00666937977076, 0.00246117683128, -0.00552414031699, 0.00281908642501, -0.00131286366377, 0.00163011369295, -0.000298029714031, -0.000581361702643, 0.0028251609765], [0.000438310293248, -0.00532156508416, -0.00288833328523, 0.0167661663145, -0.00422713439912, -0.0109087619931, 0.0043391645886, 0.00185608852189, 0.000475113803986, -0.00329367537051, 0.0035547867883, -0.00401431182399, -0.00245751091279], [0.000858369166963, 0.00257569528185, -0.00666937977076, -0.00422713439912, 0.0162090528756, -0.0037801831495, -0.00223881844431, 0.00210150657222, -0.00443508336321, 0.00321670924313, -0.00492976978421, 0.00087514158804, -0.0014762817882], [0.000141212702147, -0.000106000297819, 0.00246117683128, -0.0109087619931, -0.0037801831495, 0.0300564691424, -0.00586923630908, -0.0103131355718, 0.0026399360504, -0.00662653427571, 0.00450757332146, -0.0015596045414, -0.00209875102155], [-0.000843964400701, 0.000549472111743, -0.00552414031699, 0.0043391645886, -0.00223881844431, -0.00586923630908, 0.0250580664724, -0.0075242659077, -0.00174991169479, 0.00245222519152, -0.0013776528649, -0.000815084495116, -0.00643898826092], [-0.000430658372352, -0.00325146852992, 0.00281908642501, 0.00185608852189, 0.00210150657222, -0.0103131355718, -0.0075242659077, 0.0278424955904, -0.00747686810791, -0.00843818951398, -0.00573167903349, -0.000329472561134, 0.00714566977695], [-0.00084835710004, 0.00344166113064, -0.00131286366377, 0.000475113803986, -0.00443508336321, 0.0026399360504, -0.00174991169479, -0.00747686810791, 0.0287548936903, -0.0047760088928, -0.00595200713724, 0.00665323995054, -0.00930371880531], [-0.000448920385679, 0.00128688185941, 0.00163011369295, -0.00329367537051, 0.00321670924313, -0.00662653427571, 0.00245222519152, -0.00843818951398, -0.0047760088928, 0.0309220310301, -0.00511857308447, -0.0077237659134, 0.00225322484039], [0.00032433407614, -0.000972911075223, -0.000298029714031, 0.0035547867883, -0.00492976978421, 0.00450757332146, -0.0013776528649, -0.00573167903349, -0.00595200713724, -0.00511857308447, 0.0273206867278, -0.00773790152743, -0.00414002593607], [-0.000784730771556, 0.00232337508351, -0.000581361702643, -0.00401431182399, 0.00087514158804, -0.0015596045414, -0.000815084495116, -0.000329472561134, 0.00665323995054, -0.0077237659134, -0.00773790152743, 0.0378485545516, -0.00832348596305], [0.000405263330322, 0.000188686230103, 0.0028251609765, -0.00245751091279, -0.0014762817882, -0.00209875102155, -0.00643898826092, 0.00714566977695, -0.00930371880531, 0.00225322484039, -0.00414002593607, -0.00832348596305, 0.0373469591141]]
    },
    "spectral_contrast_coeffs": {
        "max": [-0.587187826633, -0.531035840511, -0.577075123787, -0.738710403442, -0.748767912388, -0.511123001575],
        "mean": [-0.76799249649, -0.765193343163, -0.753701031208, -0.828294157982, -0.813731789589, -0.73595303297],
        "min": [-0.958472013474, -0.949981749058, -0.91523784399, -0.89581412077, -0.874453008175, -0.915363669395],
        "stdev": [0.0656934976578, 0.0727165564895, 0.0639461129904, 0.0276264175773, 0.0236342903227, 0.050885733217]
    },
    "spectral_contrast_valleys": {
        "max": [-5.46160793304, -5.42835140228, -5.10014247894, -5.82237052917, -6.44745445251, -8.90903186798],
        "mean": [-7.69826984406, -6.56225728989, -6.37445402145, -6.96048212051, -7.53346395493, -10.9499168396],
        "min": [-11.3207073212, -11.2653017044, -11.6367645264, -12.7249441147, -13.343998909, -15.3408975601],
        "stdev": [1.42071318626, 0.632257699966, 0.842772364616, 0.722389876842, 0.739087164402, 1.2199344635]
    }
},
"rhythm": {
    "beats_count": 22,
    "beats_loudness": {
        "max": 0.156900435686,
        "mean": 0.0477751642466,
        "min": 0.000723225588445,
        "stdev": 0.0390473976731
    },
    "bpm": 110.43271637,
    "bpm_histogram_first_peak_bpm": 110,
    "bpm_histogram_first_peak_weight": 0.58333337307,
    "bpm_histogram_second_peak_bpm": 103,
    "bpm_histogram_second_peak_spread": 0.5,
    "bpm_histogram_second_peak_weight": 0.142857149243,
    "danceability": 0.788463830948,
    "onset_rate": 0.54861664772,
    "beats_loudness_band_ratio": {
        "max": [0.97102946043, 0.130672067404, 0.611236512661, 0.624120652676, 0.316969007254, 0.0514344386756],
        "mean": [0.353421121836, 0.0230440199375, 0.275048404932, 0.294165581465, 0.073834836483, 0.0167905967683],
        "min": [9.89259788184e-05, 0.00125560478773, 0.0114022251219, 0.010244932957, 0.00537836551666, 0.00140731444117],
        "stdev": [0.374686807394, 0.0342000722885, 0.183201238513, 0.203532710671, 0.0758333280683, 0.0144880441949]
    },
    "beats_position": [0.568888902664, 1.14938771725, 1.71827661991, 2.27555561066, 2.8444442749, 3.41333317757, 3.99383211136, 4.57433080673, 5.10838985443, 5.64244890213, 6.17650794983, 6.6989569664, 7.23301553726, 7.75546455383, 8.27791404724, 8.8119726181, 9.35764122009, 9.90331077576, 10.4489793777, 10.9946479797, 11.5403175354, 12.0975961685],
