{
"metadata": {
    "version": {
        "essentia": "2.1-beta5",
        "essentia_git_sha": "Undefined",
        "extractor": "music 2.0"
    },
    "audio_properties": {
        "analysis": {
            "equal_loudness": 0,
            "length": 49.9229011536,
            "sample_rate": 44100,
            "start_time": 142.744674683,
            "downmix": "mix"
        },
        "bit_rate": 192000,
        "length": 192.690811157,
        "lossless": 0,
        "number_channels": 2,
        "replay_gain": -2.08003807068,
        "sample_rate": 48000,
        "codec": "mp3",
        "md5_encoded": "5a51efc77fb2503eb99909f42e2995ca"
    },
    "tags": {
        "file_name": "Finland_Monsters_Saara Aalto.mp3",
        "encoding": ["Lavf58.29.100"]
    }
},
"lowlevel": {
    "average_loudness": 0.982600569725,
    "barkbands_crest": {
        "max": 23.3137016296,
        "mean": 9.5060300827,
        "min": 2.38262987137,
        "stdev": 3.62893748283
    },
    "barkbands_flatness_db": {
        "max": 0.288622736931,
        "mean": 0.116235606372,
        "min": 0.0205012783408,
        "stdev": 0.0476592108607
    },
    "barkbands_kurtosis": {
        "max": 15.2290000916,
        "mean": 1.13461601734,
        "min": -1.58580291271,
        "stdev": 2.41331720352
    },
    "barkbands_skewness": {
        "max": 3.68346953392,
        "mean": 0.887418568134,
        "min": -1.5673199892,
        "stdev": 0.794880390167
    },
    "barkbands_spread": {
        "max": 70.4793777466,
        "mean": 26.8896980286,
        "min": 2.88519620895,
        "stdev": 11.7795190811
    },
    "dissonance": {
        "max": 0.499999970198,
        "mean": 0.472385942936,
        "min": 0.372794032097,
        "stdev": 0.0213223788887
    },
    "dynamic_complexity": 1.27123332024,
    "erbbands_crest": {
        "max": 30.9395256042,
        "mean": 10.6598615646,
        "min": 2.71193981171,
        "stdev": 4.65350723267
    },
    "erbbands_flatness_db": {
        "max": 0.378366321325,
        "mean": 0.169080272317,
        "min": 0.0627324283123,
        "stdev": 0.0605829581618
    },
    "erbbands_kurtosis": {
        "max": 18.44140625,
        "mean": 0.753089725971,
        "min": -1.49757838249,
        "stdev": 1.66033482552
    },
    "erbbands_skewness": {
        "max": 2.91395759583,
        "mean": 0.545642793179,
        "min": -1.34155035019,
        "stdev": 0.64842748642
    },
    "erbbands_spread": {
        "max": 84.0249328613,
        "mean": 30.1550521851,
        "min": 5.80354833603,
        "stdev": 14.4954719543
    },
    "hfc": {
        "max": 125.98261261,
        "mean": 37.6027870178,
        "min": 1.71641910076,
        "stdev": 17.1485443115
    },
    "loudness_ebu128": {
        "integrated": -19.9768161774,
        "loudness_range": 1.81185913086,
        "momentary": {
            "max": -17.4247760773,
            "mean": -20.1474704742,
            "min": -29.4830150604,
            "stdev": 1.35909152031
        },
        "short_term": {
            "max": -18.4184322357,
            "mean": -19.9795722961,
            "min": -21.710893631,
            "stdev": 0.643967866898
        }
    },
    "melbands_crest": {
        "max": 29.9108257294,
        "mean": 13.6782140732,
        "min": 3.5226085186,
        "stdev": 5.03660297394
    },
    "melbands_flatness_db": {
        "max": 0.273847043514,
        "mean": 0.155778229237,
        "min": 0.0387969091535,
        "stdev": 0.039502505213
    },
    "melbands_kurtosis": {
        "max": 62.302444458,
        "mean": 5.0978178978,
        "min": -1.33362448215,
        "stdev": 6.12500238419
    },
    "melbands_skewness": {
        "max": 7.15847349167,
        "mean": 1.6661965847,
        "min": -0.917768359184,
        "stdev": 1.05070602894
    },
    "melbands_spread": {
        "max": 112.626419067,
        "mean": 32.0522994995,
        "min": 3.87941074371,
        "stdev": 15.2443008423
    },
    "pitch_salience": {
        "max": 0.867376625538,
        "mean": 0.555251955986,
        "min": 0.220427319407,
        "stdev": 0.114643797278
    },
    "silence_rate_20dB": {
        "max": 1,
        "mean": 1,
        "min": 1,
        "stdev": 0
    },
    "silence_rate_30dB": {
        "max": 1,
        "mean": 1,
        "min": 1,
        "stdev": 0
    },
    "silence_rate_60dB": {
        "max": 1,
        "mean": 0.00371920038015,
        "min": 0,
        "stdev": 0.0608717277646
    },
    "spectral_centroid": {
        "max": 3090.77099609,
        "mean": 1780.71716309,
        "min": 644.192382812,
        "stdev": 454.697937012
    },
    "spectral_complexity": {
        "max": 57,
        "mean": 27.2807998657,
        "min": 7,
        "stdev": 7.6142578125
    },
    "spectral_decrease": {
        "max": -3.71772307384e-10,
        "mean": -8.95685747793e-09,
        "min": -2.88180839192e-08,
        "stdev": 4.15521306252e-09
    },
    "spectral_energy": {
        "max": 0.115352332592,
        "mean": 0.0372159741819,
        "min": 0.00155884027481,
        "stdev": 0.0165499635041
    },
    "spectral_energyband_high": {
        "max": 0.0122889764607,
        "mean": 0.00148850993719,
        "min": 2.1324483896e-05,
        "stdev": 0.00139160663821
    },
    "spectral_energyband_low": {
        "max": 0.0751303657889,
        "mean": 0.0109366877005,
        "min": 1.99217723207e-07,
        "stdev": 0.012647443451
    },
    "spectral_energyband_middle_high": {
        "max": 0.049763135612,
        "mean": 0.0140377143398,
        "min": 0.000810088647995,
        "stdev": 0.00817284919322
    },
    "spectral_energyband_middle_low": {
        "max": 0.0684578120708,
        "mean": 0.0122819403186,
        "min": 0.000554368365556,
        "stdev": 0.00921831838787
    },
    "spectral_entropy": {
        "max": 8.63358211517,
        "mean": 7.79359436035,
        "min": 6.82415962219,
        "stdev": 0.258231371641
    },
    "spectral_flux": {
        "max": 0.315674632788,
        "mean": 0.116934396327,
        "min": 0.0270236507058,
        "stdev": 0.0442011542618
    },
    "spectral_kurtosis": {
        "max": 13.2551498413,
        "mean": 3.4754357338,
        "min": -0.522875785828,
        "stdev": 1.53377890587
    },
    "spectral_rms": {
        "max": 0.0106084337458,
        "mean": 0.00587069476023,
        "min": 0.00123321521096,
        "stdev": 0.00135767646134
    },
    "spectral_rolloff": {
        "max": 8742.48046875,
        "mean": 1771.6920166,
        "min": 86.1328125,
        "stdev": 942.903320312
    },
    "spectral_skewness": {
        "max": 3.16167354584,
        "mean": 1.40163338184,
        "min": 0.503895819187,
        "stdev": 0.241158887744
    },
    "spectral_spread": {
        "max": 10052606,
        "mean": 4617671.5,
        "min": 2273507.25,
        "stdev": 1170430.875
    },
    "spectral_strongpeak": {
        "max": 9.68151664734,
        "mean": 1.66621994972,
        "min": 0,
        "stdev": 1.73008310795
    },
    "zerocrossingrate": {
        "max": 0.19970703125,
        "mean": 0.0727393776178,
        "min": 0.021484375,
        "stdev": 0.0217041466385
    },
    "barkbands": {
        "max": [0.00763550912961, 0.0540156923234, 0.0547733977437, 0.024548843503, 0.0443714484572, 0.0371482223272, 0.0335865095258, 0.0222755521536, 0.0458813458681, 0.0390235558152, 0.0286440141499, 0.0330291725695, 0.0192703083158, 0.0161151718348, 0.0209562461823, 0.0111989155412, 0.0114598106593, 0.00673350552097, 0.00715474179015, 0.00472926162183, 0.00318871857598, 0.004342852626, 0.00251393788494, 0.00273064989597, 0.00236559403129, 0.00117662094999, 0.000135607391712],
        "mean": [0.000646742642857, 0.0077475393191, 0.00196089176461, 0.00126177270431, 0.00197528186254, 0.00165038451087, 0.000986695638858, 0.001702671987, 0.00295847933739, 0.00348029239103, 0.00219832826406, 0.00248997379094, 0.00147351389751, 0.00114989688154, 0.00118467269931, 0.000644006708171, 0.000488819146995, 0.000535370432772, 0.00084000476636, 0.000647173903417, 0.000281585031189, 0.000272853823844, 0.000250417651841, 0.000173317937879, 0.00014679323067, 6.51450536679e-05, 3.38243535225e-06],
        "min": [4.95715379856e-09, 4.97924679266e-09, 4.01226145641e-08, 3.65206673791e-08, 1.89433012565e-06, 7.72753264755e-06, 6.98747271599e-06, 3.32499098477e-06, 1.61824245879e-05, 1.86556026165e-05, 1.0944623682e-05, 1.10757328002e-05, 1.32659151859e-05, 1.81960349437e-05, 1.57893173309e-05, 1.41585733218e-05, 1.06786465039e-05, 2.38712109422e-05, 1.02562271422e-05, 1.09777292892e-05, 7.51007564759e-06, 3.33766729455e-06, 1.76525929874e-06, 1.0059656006e-06, 3.34984768813e-08, 7.64869417802e-11, 1.05466066436e-10],
        "stdev": [0.000963031663559, 0.00952554587275, 0.00614382466301, 0.00286410446279, 0.00316056841984, 0.00272969412617, 0.00178718392272, 0.00238871830516, 0.00524474866688, 0.00548953562975, 0.0036844399292, 0.00362257496454, 0.00245675491169, 0.00149117875844, 0.00193472998217, 0.000982562080026, 0.000750689359847, 0.000526736257598, 0.000824745337013, 0.000558142608497, 0.000339111167705, 0.000348478759406, 0.000270865915809, 0.000205656993785, 0.000195154672838, 9.23223851714e-05, 7.88087072578e-06]
    },
    "erbbands": {
        "max": [1.98308670521, 13.4227256775, 52.6019592285, 78.7419586182, 67.8324432373, 164.104385376, 324.562744141, 398.008972168, 283.370025635, 416.311889648, 544.557922363, 982.207885742, 1467.24975586, 1082.73547363, 1423.9296875, 1669.2331543, 945.943054199, 851.820251465, 1073.27197266, 822.070922852, 751.157653809, 703.675598145, 270.097106934, 404.092834473, 429.680938721, 181.798995972, 135.802841187, 143.07371521, 166.040237427, 88.4746017456, 73.6573257446, 77.1889190674, 29.410741806, 24.6717758179, 15.5126314163, 5.49861049652, 2.08931207657, 0.575589597225, 0.0133610730991, 0.000404993974371],
        "mean": [0.28830960393, 1.48575699329, 2.28511357307, 3.47197580338, 4.94441318512, 6.78948497772, 10.8501119614, 12.673743248, 14.4988126755, 25.7335948944, 38.9629058838, 62.6694107056, 128.487091064, 67.3309249878, 102.379020691, 106.934127808, 71.0744857788, 61.8296928406, 52.8321075439, 56.1149139404, 32.368270874, 27.5221939087, 27.5115623474, 45.4966316223, 37.6996192932, 30.1204948425, 14.5514144897, 10.6060667038, 9.83686447144, 8.49915313721, 7.09016895294, 4.20305013657, 2.6646296978, 1.72874104977, 0.982034623623, 0.375069409609, 0.104167118669, 0.0163667015731, 0.000499523477629, 6.28933412372e-05],
        "min": [3.93707068724e-07, 3.43131750924e-06, 4.09273525293e-05, 0.000146233855048, 0.00116404122673, 0.00700818607584, 0.0351360291243, 0.0805649682879, 0.197844058275, 0.448296070099, 0.470229268074, 0.437580555677, 0.592868447304, 0.759090125561, 1.53498983383, 1.88915145397, 1.27805042267, 2.10970830917, 1.30524039268, 0.676455616951, 0.721509456635, 0.750172257423, 1.2428740263, 1.02403020859, 0.673468887806, 0.492828905582, 0.364159703255, 0.223840370774, 0.118665754795, 0.0803549215198, 0.053658939898, 0.0343521460891, 0.0106533505023, 0.000974062772002, 4.71211096738e-05, 1.07206851681e-05, 4.63893866254e-06, 7.98846599537e-07, 9.82633764579e-07, 1.92553534362e-06],
        "stdev": [0.322366952896, 2.15185022354, 6.06147384644, 8.85415077209, 8.43124008179, 11.9191389084, 20.346529007, 24.4502563477, 21.2141647339, 40.1974029541, 50.6563796997, 109.680480957, 199.190887451, 97.7032241821, 179.814224243, 150.67124939, 100.961715698, 71.0155258179, 74.2863693237, 80.0164718628, 43.9633483887, 39.3863983154, 26.2593669891, 44.3917236328, 39.8503189087, 25.4831924438, 14.0987215042, 13.8738927841, 12.6674489975, 10.1188173294, 7.62366819382, 5.11541223526, 3.12057685852, 2.22406125069, 1.386059165, 0.499005079269, 0.159072935581, 0.031196475029, 0.000919018290006, 3.78776530852e-05]
    },
    "gfcc": {
        "mean": [46.2594261169, 67.1983718872, -143.602935791, 26.660402298, -64.5339584351, 25.7564067841, -29.4082431793, 17.8670578003, -23.7617702484, 7.51830530167, -8.39326858521, 1.65433895588, -8.71654701233],
        "cov": [[2036.29626465, -278.478851318, 1419.7598877, 561.812011719, 481.28729248, 198.843887329, -152.993667603, 87.1287384033, -226.593551636, 277.180511475, -149.703872681, 266.359130859, -217.247543335], [-278.478851318, 681.518859863, 98.8578109741, 261.297088623, 39.1759910583, -12.2262163162, 61.974861145, -74.9959640503, 23.4528884888, -55.4893836975, 130.895767212, -84.3292388916, 68.5751113892], [1419.7598877, 98.8578109741, 1729.21838379, 709.288269043, 505.469543457, 163.831436157, -143.055740356, 71.2683410645, -220.294296265, 274.736236572, -105.911087036, 261.435089111, -155.09552002], [561.812011719, 261.297088623, 709.288269043, 584.830810547, 316.412902832, 118.051048279, -69.3057937622, 10.3907403946, -49.0522766113, 123.613922119, 41.8990592957, 90.8995895386, -37.4353179932], [481.28729248, 39.1759910583, 505.469543457, 316.412902832, 345.31930542, 134.212097168, -33.1419487, 37.460067749, -62.3638648987, 126.83694458, 18.5658588409, 90.5125656128, -59.3319587708], [198.843887329, -12.2262163162, 163.831436157, 118.051048279, 134.212097168, 150.481628418, 34.752948761, 30.6872825623, -13.4321861267, 68.5260314941, 21.0791397095, 30.3938732147, -17.5739078522], [-152.993667603, 61.974861145, -143.055740356, -69.3057937622, -33.1419487, 34.752948761, 161.061569214, 28.3372440338, 26.5143280029, -26.7159023285, 36.9704284668, -30.2551708221, 31.5467777252], [87.1287384033, -74.9959640503, 71.2683410645, 10.3907403946, 37.460067749, 30.6872825623, 28.3372440338, 113.574569702, 31.1129112244, 44.5562858582, -12.9487333298, 38.8905029297, 1.03234171867], [-226.593551636, 23.4528884888, -220.294296265, -49.0522766113, -62.3638648987, -13.4321861267, 26.5143280029, 31.1129112244, 153.401351929, -19.3237838745, 10.7057704926, -36.6263427734, 28.4465122223], [277.180511475, -55.4893836975, 274.736236572, 123.613922119, 126.83694458, 68.5260314941, -26.7159023285, 44.5562858582, -19.3237838745, 154.261947632, 28.0796909332, 87.2805099487, -31.0802936554], [-149.703872681, 130.895767212, -105.911087036, 41.8990592957, 18.5658588409, 21.0791397095, 36.9704284668, -12.9487333298, 10.7057704926, 28.0796909332, 139.450881958, 0.835695505142, 38.4389038086], [266.359130859, -84.3292388916, 261.435089111, 90.8995895386, 90.5125656128, 30.3938732147, -30.2551708221, 38.8905029297, -36.6263427734, 87.2805099487, 0.835695505142, 130.649230957, -6.0326128006], [-217.247543335, 68.5751113892, -155.09552002, -37.4353179932, -59.3319587708, -17.5739078522, 31.5467777252, 1.03234171867, 28.4465122223, -31.0802936554, 38.4389038086, -6.0326128006, 91.4788208008]],
        "icov": [[0.00173222925514, 0.000876885955222, -0.000839764543343, -0.000825021765195, 4.42161690444e-05, -0.000388362474041, -0.000243480913923, 4.03287922381e-05, 0.000572898192331, 1.90849004866e-05, 0.00034149523708, -0.000510244397447, 0.00138382334262], [0.000876885955222, 0.00499998964369, -0.00178351183422, -0.00248194904998, 5.79791994824e-05, 0.00189672433771, -0.00212281616405, 0.00190884142648, -0.000920510094147, 0.00155548902694, -0.00362915126607, 0.00382770225406, -0.00200055562891], [-0.000839764543343, -0.00178351183422, 0.00367055647075, -0.00177490815986, -0.000369541317923, 0.000383256672649, -0.000110060056613, -0.000887416710611, 0.00231609493494, -0.0024633766152, 0.00401016976684, -0.00281462166458, 0.00129357667174], [-0.000825021765195, -0.00248194904998, -0.00177490815986, 0.00776358693838, -0.00303835677914, -0.00188451202121, 0.00298126693815, 0.000144006218761, -0.00233328365721, 0.00119474891108, -0.00202211597934, -7.91613274487e-05, -0.0013173824409], [4.42161690444e-05, 5.79791994824e-05, -0.000369541317923, -0.00303835677914, 0.00943120848387, -0.00440215086564, 0.000637777615339, -0.00143660989124, 0.00133231759537, -0.000567514856812, -0.00108191987965, -0.00123448204249, 0.00302527449094], [-0.000388362474041, 0.00189672433771, 0.000383256672649, -0.00188451202121, -0.00440215086564, 0.0142726069316, -0.00532155483961, 0.000801440502983, -5.87785871176e-05, -0.0038627050817, -0.000180311733857, 0.00330300652422, -0.00175321684219], [-0.000243480913923, -0.00212281616405, -0.000110060056613, 0.00298126693815, 0.000637777615339, -0.00532155483961, 0.0111246742308, -0.00441577844322, 0.000155755798914, 0.00281003699638, -0.00234236498363, 0.000119606185763, -0.000450288149295], [4.03287922381e-05, 0.00190884142648, -0.000887416710611, 0.000144006218761, -0.00143660989124, 0.000801440502983, -0.00441577844322, 0.0150128081441, -0.00458667846397, -0.00285256793723, 0.00182156998198, -0.00136925443076, -0.00260378629901], [0.000572898192331, -0.000920510094147, 0.00231609493494, -0.00233328365721, 0.00133231759537, -5.87785871176e-05, 0.000155755798914, -0.00458667846397, 0.0110814003274, -0.00282299285755, 0.0029398938641, 0.00070526311174, 0.000279547472019], [1.90849004866e-05, 0.00155548902694, -0.0024633766152, 0.00119474891108, -0.000567514856812, -0.0038627050817, 0.00281003699638, -0.00285256793723, -0.00282299285755, 0.018916292116, -0.00860322080553, -0.0053472276777, 0.00371186365373], [0.00034149523708, -0.00362915126607, 0.00401016976684, -0.00202211597934, -0.00108191987965, -0.000180311733857, -0.00234236498363, 0.00182156998198, 0.0029398938641, -0.00860322080553, 0.0176165811718, -0.00357936043292, -0.00192179647274], [-0.000510244397447, 0.00382770225406, -0.00281462166458, -7.91613274487e-05, -0.00123448204249, 0.00330300652422, 0.000119606185763, -0.00136925443076, 0.00070526311174, -0.0053472276777, -0.00357936043292, 0.0207867845893, -0.00823863502592], [0.00138382334262, -0.00200055562891, 0.00129357667174, -0.0013173824409, 0.00302527449094, -0.00175321684219, -0.000450288149295, -0.00260378629901, 0.000279547472019, 0.00371186365373, -0.00192179647274, -0.00823863502592, 0.0206200126559]]
    },
    "melbands": {
        "max": [0.0169294327497, 0.0193699281663, 0.0121513605118, 0.00573536474258, 0.00939838215709, 0.00821445602924, 0.00557844573632, 0.00435506459326, 0.0052081272006, 0.00720392074436, 0.00731212180108, 0.00496584409848, 0.00385472900234, 0.00351993483491, 0.00376825244166, 0.00179509934969, 0.00193977588788, 0.00158807553817, 0.00152840954252, 0.000872647215147, 0.00119599082973, 0.000879559956957, 0.000390066736145, 0.000425597623689, 0.00039086677134, 0.000374131952412, 0.000293021032121, 0.000148534367327, 9.28939334699e-05, 0.000101479847217, 8.88696231414e-05, 0.000100116398244, 7.3748647992e-05, 4.66619021608e-05, 4.78489346278e-05, 3.84941995435e-05, 5.2769366448e-05, 1.80463939614e-05, 2.68394342129e-05, 2.00404301722e-05],
        "mean": [0.00238526938483, 0.00141424383037, 0.000650801113807, 0.000406270875828, 0.000370716152247, 0.000300787680317, 0.000220800444367, 0.000304927438265, 0.000334349344485, 0.000420144177042, 0.000646193395369, 0.000266926916083, 0.000304228567984, 0.000282626220724, 0.000265984446742, 0.000112955749501, 0.000118862786621, 7.91193087935e-05, 9.84219441307e-05, 5.73115758016e-05, 3.26605149894e-05, 2.96377511404e-05, 2.32520796999e-05, 2.58202926489e-05, 3.94670314563e-05, 2.45520241151e-05, 2.80005642708e-05, 1.84867167263e-05, 9.83289737633e-06, 6.69294058753e-06, 5.84491226618e-06, 5.63062440051e-06, 5.11387634106e-06, 4.50800371254e-06, 4.1923453864e-06, 3.34581864081e-06, 2.28126373258e-06, 1.88126466583e-06, 1.6759894379e-06, 1.37914469178e-06],
        "min": [1.78677439511e-09, 2.26469616393e-08, 4.8697199162e-08, 2.85560872726e-07, 1.19171352253e-06, 1.70685223111e-06, 2.94465530715e-06, 1.91588424059e-06, 3.36602170137e-06, 2.24543146032e-06, 2.38275151787e-06, 1.58110901793e-06, 1.79754169949e-06, 4.10348729929e-06, 1.6098568949e-06, 1.73647845259e-06, 2.20651395466e-06, 1.55174257088e-06, 1.06365030206e-06, 7.9611942283e-07, 7.56826409543e-07, 5.33726847607e-07, 5.41888312e-07, 1.16253852411e-06, 6.22231937086e-07, 2.75240324754e-07, 3.82031885238e-07, 3.18931228094e-07, 2.03156716339e-07, 8.84832758175e-08, 3.00060243319e-08, 4.37455014435e-08, 6.05643108997e-08, 3.69145247703e-08, 2.8320693346e-08, 2.51525005268e-08, 1.71486540523e-08, 7.09176140035e-09, 1.25856514099e-09, 1.95983784756e-10],
        "stdev": [0.00274371425621, 0.00259173056111, 0.00145487405825, 0.000613530923147, 0.000684817961883, 0.000529961602297, 0.000345164095052, 0.000477685738588, 0.000463871285319, 0.000769461737946, 0.0010079073254, 0.000426849990617, 0.000521104258951, 0.00041533075273, 0.000441891897935, 0.000180705785169, 0.000157319416758, 0.000117274066724, 0.00016679536202, 8.75680198078e-05, 5.16489817528e-05, 4.97770524817e-05, 2.76803311863e-05, 2.76302289421e-05, 4.20828655479e-05, 2.55825580098e-05, 3.16106743412e-05, 1.77115016413e-05, 1.00189663499e-05, 8.66473874339e-06, 8.11826066638e-06, 7.48554703023e-06, 7.05348656993e-06, 5.39060420124e-06, 4.61755280412e-06, 3.85960902349e-06, 2.99825342154e-06, 2.22412882067e-06, 2.1272048798e-06, 1.82721328201e-06]
    },
    "melbands128": {
        "max": [0.00755399605259, 0.0162788555026, 0.0292962640524, 0.025334764272, 0.0252555143088, 0.0263838171959, 0.0179770905524, 0.0103969182819, 0.00761409942061, 0.00871777441353, 0.00921698193997, 0.0189192872494, 0.0137716345489, 0.0111628994346, 0.0119771724567, 0.00906499102712, 0.00538186123595, 0.00664173997939, 0.0125572867692, 0.006228745915, 0.00833602622151, 0.0053095119074, 0.00822655390948, 0.00953414291143, 0.00734683824703, 0.0114034134895, 0.0140452999622, 0.0147315794602, 0.00917424634099, 0.00910453964025, 0.00488687399775, 0.00655081588775, 0.00687064928934, 0.0103884693235, 0.00866125989705, 0.00776342023164, 0.0086777517572, 0.00821900181472, 0.00542690884322, 0.00276632630266, 0.00401997379959, 0.00169859267771, 0.00235632969998, 0.00368782645091, 0.00239270110615, 0.00240779062733, 0.00409176433459, 0.00264127575792, 0.00256754574366, 0.00228205812164, 0.00173703592736, 0.00141839426942, 0.00104606419336, 0.00240625906736, 0.00183670350816, 0.00135545863304, 0.00104213715531, 0.00075287692016, 0.000510492478497, 0.000670777517371, 0.000574147154111, 0.000971819856204, 0.000833550177049, 0.000951982219703, 0.000529406301212, 0.000556032289751, 0.000552077719476, 0.00077791349031, 0.000662643928081, 0.000281314540189, 0.00032541618566, 0.000232211285038, 0.00018978297885, 0.000127199469716, 0.000133023946546, 0.000227148237173, 0.000233886603382, 0.000198268302483, 0.000128190484247, 0.000101864883618, 0.000121166594909, 9.06885252334e-05, 0.000136479182402, 0.00010809336527, 0.000126096638269, 6.45439140499e-05, 7.60284383432e-05, 7.41382245906e-05, 6.16890611127e-05, 7.54973225412e-05, 5.27964257344e-05, 4.12281733588e-05, 4.55762274214e-05, 8.22864312795e-05, 3.44825093634e-05, 2.22410344577e-05, 1.65282108355e-05, 2.94237179332e-05, 3.56362761522e-05, 3.94111302739e-05, 3.88890657632e-05, 1.65410419868e-05, 2.02132250706e-05, 1.9704017177e-05, 2.06105250982e-05, 2.11151345866e-05, 2.83353510895e-05, 1.65406800079e-05, 1.06886118374e-05, 1.0590752936e-05, 1.30383459691e-05, 6.70041390549e-06, 6.70401368552e-06, 8.22332276584e-06, 1.03413267425e-05, 5.65216032555e-06, 4.80423022964e-06, 1.06155766844e-06, 2.92931133572e-07, 2.60162977384e-07, 1.79675723189e-07, 1.79953175916e-07, 9.83214647476e-08, 8.44458014626e-09, 8.3115265781e-09, 8.2005220392e-09, 8.13615663731e-09, 8.09496381038e-09],
        "mean": [0.000594041717704, 0.00238340394571, 0.00331263733096, 0.0021188093815, 0.00124076008797, 0.000933852628805, 0.000695588125382, 0.000628961483017, 0.00048987637274, 0.000363548198948, 0.000371886475477, 0.000393573805923, 0.00039964550524, 0.00031748652691, 0.000228755787248, 0.000365875515854, 0.000296099606203, 0.000137728304253, 0.000212944534724, 0.000283422123175, 0.000386411469663, 0.000263018446276, 0.000350216258084, 0.000374019466108, 0.000330220791511, 0.000448466773378, 0.000599002989475, 0.000838751846459, 0.000541272689588, 0.000228352713748, 0.000224089308176, 0.000203732051887, 0.00025105747045, 0.000497223983984, 0.000229829296586, 0.000229869998293, 0.000320220889989, 0.000329913280439, 0.000199933099793, 9.87394960248e-05, 0.000126668412122, 7.00267337379e-05, 0.000113210560812, 0.000169751554495, 7.02604593243e-05, 5.9569523728e-05, 7.9140154412e-05, 0.000127867519041, 9.62144840742e-05, 5.16151048942e-05, 6.06117246207e-05, 5.57617095183e-05, 2.62003577518e-05, 2.77482758975e-05, 3.20548424497e-05, 3.16923360515e-05, 2.59069111053e-05, 2.24937648454e-05, 2.10272173717e-05, 2.75105121545e-05, 2.03155450436e-05, 2.49484564847e-05, 5.23337293998e-05, 4.12957924709e-05, 2.56924831774e-05, 1.93645682884e-05, 2.30772493524e-05, 3.95855786337e-05, 2.45926476055e-05, 2.17706583499e-05, 1.91493327293e-05, 1.78447808139e-05, 1.19827236631e-05, 8.20860987005e-06, 6.9254938353e-06, 7.03735622665e-06, 6.4097152972e-06, 6.38943447484e-06, 5.48710522708e-06, 5.55992755835e-06, 5.95285609961e-06, 5.35856770512e-06, 5.60927628612e-06, 4.89501780976e-06, 4.98751614941e-06, 4.84016754854e-06, 4.35492211182e-06, 3.83504448109e-06, 4.29467854701e-06, 4.32844126408e-06, 3.94400876758e-06, 2.90558614324e-06, 2.69537940767e-06, 2.16932244257e-06, 2.19397043111e-06, 1.91502135749e-06, 1.83688098332e-06, 1.75093589405e-06, 1.76390165052e-06, 1.54125700647e-06, 1.55404813995e-06, 1.27427165353e-06, 1.33560763516e-06, 1.13274575142e-06, 1.12921918571e-06, 1.13934277124e-06, 8.9600297315e-07, 6.62077013658e-07, 6.74629632158e-07, 5.08842276759e-07, 4.48901147365e-07, 3.99646552296e-07, 3.17756018831e-07, 2.21116522425e-07, 2.0612056062e-07, 2.07126859664e-07, 1.0768251002e-07, 1.44407295011e-08, 5.32784971696e-09, 4.95780039245e-09, 3.95856947222e-09, 3.64891050708e-09, 1.51966617068e-09, 3.08789348258e-11, 8.88201664995e-12, 8.50652968204e-12, 8.29740789965e-12, 8.23118049414e-12],
        "min": [1.64688185311e-09, 1.36927091887e-09, 1.05213859847e-09, 1.67313485289e-09, 5.19555598544e-09, 2.32621264473e-08, 1.79504322517e-08, 1.81433907898e-08, 4.95461804917e-08, 1.30784741259e-07, 5.87709969579e-08, 8.0738331576e-08, 1.18490362411e-07, 4.90916875151e-07, 2.57130011505e-07, 4.34362988244e-07, 6.37524863123e-07, 1.90238125697e-07, 7.59256295169e-07, 5.49554385998e-07, 3.9671138552e-07, 3.4406599525e-07, 5.62440334306e-07, 1.05776700821e-06, 4.57524947706e-07, 6.22546679097e-07, 5.55555971005e-07, 2.82152541331e-07, 1.34588447054e-06, 6.08352650033e-07, 1.55100579491e-07, 5.10918425789e-07, 1.03762920389e-06, 3.4129021742e-07, 9.12354778393e-07, 5.01251804508e-07, 1.00047270735e-06, 6.31625312053e-07, 6.08030120475e-07, 4.64799370548e-07, 1.29345039568e-07, 8.09018388281e-07, 5.6129499626e-07, 5.16097941272e-07, 5.03391845541e-07, 2.57947590399e-07, 2.9406717772e-07, 2.31888080293e-07, 4.5997225584e-07, 2.92106989264e-07, 1.44945772718e-07, 2.01409790179e-07, 2.21794749677e-07, 4.76622091128e-07, 3.59063051292e-07, 1.37053632443e-07, 1.2116520054e-07, 2.23628742191e-08, 1.00608765763e-07, 5.46966305137e-07, 1.35606825324e-07, 2.8845161637e-07, 3.40308986324e-07, 3.48658147686e-07, 1.67498470205e-07, 1.12966532129e-07, 1.69724188481e-07, 4.44465598548e-07, 3.02897092297e-07, 2.84473117063e-07, 2.46590360575e-07, 2.75951322237e-07, 1.89003799278e-07, 1.33768608634e-07, 1.06761909535e-07, 6.15134752024e-08, 4.17724166368e-08, 7.83586262543e-09, 9.86197079555e-09, 2.21862315186e-08, 5.59098261022e-08, 8.73416183822e-09, 1.57333723827e-09, 2.03170920088e-08, 2.91675608111e-08, 3.24787059469e-08, 7.73477371041e-09, 1.56968607001e-08, 2.09069064283e-08, 1.66987970118e-08, 1.71091922851e-08, 8.00545763013e-09, 1.6412396775e-08, 1.03922186412e-08, 4.50200143831e-09, 1.57211887952e-09, 4.05039696227e-10, 5.71175495789e-10, 1.06635651698e-10, 4.36459174358e-10, 9.2448042277e-11, 4.63465984341e-12, 4.04378136878e-12, 2.92098246632e-12, 8.39775731593e-13, 1.44530242809e-12, 3.46592681855e-13, 4.3588226019e-13, 3.46857281395e-13, 2.97910432217e-13, 3.13815813613e-13, 3.935915992e-13, 3.53426597884e-13, 3.33138437626e-13, 3.66356034051e-13, 3.26260150623e-13, 4.06985209422e-13, 3.37658042802e-13, 2.93882133255e-13, 3.52635916344e-13, 2.20670663274e-13, 2.91567686878e-13, 2.98668208221e-13, 3.0954725545e-13, 2.06420885701e-13, 6.08335539061e-14, 1.20738024477e-14, 4.42375238681e-16],
        "stdev": [0.000892102019861, 0.00267066597007, 0.00453292857856, 0.00350093794987, 0.00316481036134, 0.00295601086691, 0.0019698634278, 0.00134797650389, 0.00090316508431, 0.000648856337648, 0.000735917652491, 0.00103142287116, 0.000834156642668, 0.00071922398638, 0.000679266580846, 0.000758812646382, 0.000523034075741, 0.000317040772643, 0.000644300482236, 0.00051116530085, 0.000771251157857, 0.000473233405501, 0.000611396331806, 0.00078123935964, 0.000767967314459, 0.00111875555012, 0.00123622932006, 0.00155357492622, 0.00106570066418, 0.000563566398341, 0.000480783259263, 0.000462478172267, 0.000580246734899, 0.00122741737869, 0.000603766413406, 0.00057719607139, 0.000673335394822, 0.000739742710721, 0.000534319959115, 0.000214407176827, 0.000311807350954, 0.000145998870721, 0.000191810584511, 0.000301068270346, 0.000153825763846, 0.000160326468176, 0.000241660658503, 0.000287425296847, 0.000221741924179, 0.000140809905133, 0.000120727716421, 0.000127410166897, 5.53096324438e-05, 7.32030021027e-05, 8.71402662597e-05, 7.73210413172e-05, 5.08071643708e-05, 4.63559335913e-05, 2.9568645914e-05, 4.64684017061e-05, 3.59985824616e-05, 4.36708178313e-05, 8.18049302325e-05, 6.13880474702e-05, 4.46434714831e-05, 3.04494988086e-05, 3.53050418198e-05, 7.91945130914e-05, 3.8365200453e-05, 3.08651069645e-05, 2.85083424387e-05, 2.50569573836e-05, 1.49437246364e-05, 1.22474011732e-05, 1.09541933853e-05, 1.07357536763e-05, 1.26479908431e-05, 1.24620255519e-05, 9.04313583305e-06, 8.83056873136e-06, 9.30789065023e-06, 7.12269638825e-06, 9.55406812864e-06, 8.1364023572e-06, 7.50296567276e-06, 6.53504912407e-06, 6.03511534791e-06, 4.88561954626e-06, 5.55561246074e-06, 5.62422064831e-06, 4.9738796406e-06, 3.84670875064e-06, 3.68563701159e-06, 3.5741877582e-06, 2.95559152619e-06, 2.53167195297e-06, 2.30936961998e-06, 2.30528826251e-06, 2.36350570049e-06, 2.30424006986e-06, 2.31125181926e-06, 1.76633886895e-06, 1.8493395828e-06, 1.67874850376e-06, 1.78845186838e-06, 1.88684487057e-06, 1.4863086335e-06, 1.01220120996e-06, 8.72474117841e-07, 7.79817355578e-07, 8.02534998456e-07, 6.09661867657e-07, 5.67731603951e-07, 4.1906628212e-07, 4.61277664954e-07, 4.01994611821e-07, 2.63017284396e-07, 4.7210257037e-08, 2.05575538814e-08, 1.91231439572e-08, 1.62967399575e-08, 1.47749572577e-08, 7.45069428376e-09, 3.18547910272e-10, 1.79424239355e-10, 1.77021036718e-10, 1.75627248855e-10, 1.74735129144e-10]
    },
    "mfcc": {
        "mean": [-587.348571777, 95.5748443604, -17.8973369598, 7.51757764816, -6.91992092133, 4.36960744858, 7.3782453537, 8.0834980011, -2.42487168312, 9.71728897095, 2.16283798218, -0.457137256861, 3.36725306511],
        "cov": [[1216.37573242, -194.252441406, 578.327697754, 341.263183594, 375.481048584, 189.737991333, 105.139877319, -0.46028393507, 20.9937076569, -45.2421646118, 30.1441287994, 23.0363674164, 94.8342056274], [-194.252441406, 363.160247803, 139.089904785, 147.73387146, 24.5641880035, 31.3502578735, 63.1155509949, -6.03224611282, -49.8364372253, 25.9691963196, -14.7851867676, -15.3091421127, -8.60869789124], [578.327697754, 139.089904785, 977.370788574, 571.528320312, 469.121734619, 231.933197021, 152.29901123, -21.1545848846, -11.7717542648, -27.1483764648, 13.0423727036, 14.5111484528, 78.5982055664], [341.263183594, 147.73387146, 571.528320312, 536.878112793, 390.55947876, 190.197402954, 119.435852051, -4.49630403519, -38.3223495483, 3.15756416321, 7.06944274902, 32.5803527832, 92.4758682251], [375.481048584, 24.5641880035, 469.121734619, 390.55947876, 459.40435791, 191.722061157, 106.381973267, -13.5192070007, -18.3254318237, 1.30283534527, 26.0406246185, 38.9341468811, 106.114196777], [189.737991333, 31.3502578735, 231.933197021, 190.197402954, 191.722061157, 188.698150635, 96.1016998291, -0.580578565598, -11.4653244019, 4.80999279022, 35.0309066772, 26.7461185455, 44.803401947], [105.139877319, 63.1155509949, 152.29901123, 119.435852051, 106.381973267, 96.1016998291, 199.427642822, 12.0729074478, -31.5305023193, 25.7255496979, 5.23117113113, -4.65077972412, 41.0002784729], [-0.46028393507, -6.03224611282, -21.1545848846, -4.49630403519, -13.5192070007, -0.580578565598, 12.0729074478, 78.0565490723, 46.9226417542, 15.8721437454, 3.55804824829, 6.98114061356, 2.92373943329], [20.9937076569, -49.8364372253, -11.7717542648, -38.3223495483, -18.3254318237, -11.4653244019, -31.5305023193, 46.9226417542, 110.734024048, 18.2181301117, 13.6731176376, 8.41589927673, -12.8423624039], [-45.2421646118, 25.9691963196, -27.1483764648, 3.15756416321, 1.30283534527, 4.80999279022, 25.7255496979, 15.8721437454, 18.2181301117, 78.227104187, 24.9271640778, 7.31350421906, 14.2538146973], [30.1441287994, -14.7851867676, 13.0423727036, 7.06944274902, 26.0406246185, 35.0309066772, 5.23117113113, 3.55804824829, 13.6731176376, 24.9271640778, 73.5825195312, 33.8205032349, 17.3408622742], [23.0363674164, -15.3091421127, 14.5111484528, 32.5803527832, 38.9341468811, 26.7461185455, -4.65077972412, 6.98114061356, 8.41589927673, 7.31350421906, 33.8205032349, 68.1741409302, 40.4802627563], [94.8342056274, -8.60869789124, 78.5982055664, 92.4758682251, 106.114196777, 44.803401947, 41.0002784729, 2.92373943329, -12.8423624039, 14.2538146973, 17.3408622742, 40.4802627563, 103.031768799]],
        "icov": [[0.00165037461556, 0.00132409401704, -0.000770401617046, -0.000306821806589, -0.00012698455248, -0.000286028924165, -0.00027221662458, -0.00017210416263, -0.000109672728286, 0.000581775268074, -0.000407120387536, 0.000661876460072, -0.000462648138637], [0.00132409401704, 0.00513182301074, -0.000871041265782, -0.00223586545326, 0.00146245223004, -0.000180726463441, -0.00071913737338, -0.000371571339201, 0.0016641773982, -0.00154349626973, 0.000283548259176, 0.000438068294898, 0.000951539492235], [-0.000770401617046, -0.000871041265782, 0.00376183446497, -0.00280843442306, -0.000873395532835, 0.00014710771211, -0.000861992244609, 0.00156173529103, -0.00202385289595, 0.00175378564745, -0.000818394764792, 0.000866265501827, 0.000724060693756], [-0.000306821806589, -0.00223586545326, -0.00280843442306, 0.00927940569818, -0.00403900584206, -0.0015398360556, 0.00113531376701, -0.00234736036509, 0.00245117931627, -0.00161209714133, 0.0026706662029, -0.00199621357024, -0.000783061143011], [-0.00012698455248, 0.00146245223004, -0.000873395532835, -0.00403900584206, 0.00847009476274, -0.00297559518367, 0.000138389616041, 0.00163649755996, -0.000760940311011, -0.000277396233287, -0.000145055528264, 0.000855316815432, -0.00336862541735], [-0.000286028924165, -0.000180726463441, 0.00014710771211, -0.0015398360556, -0.00297559518367, 0.0127677209675, -0.00419636070728, 0.000322214502376, -0.000443791475846, 0.00203927187249, -0.00477422075346, -0.00176221318543, 0.00184979324695], [-0.00027221662458, -0.00071913737338, -0.000861992244609, 0.00113531376701, 0.000138389616041, -0.00419636070728, 0.00901787541807, -0.00325141078793, 0.00346478354186, -0.00333672948182, 0.00122431176715, 0.00284352945164, -0.00241475761868], [-0.00017210416263, -0.000371571339201, 0.00156173529103, -0.00234736036509, 0.00163649755996, 0.000322214502376, -0.00325141078793, 0.0200104154646, -0.0100202728063, -0.000134794943733, 0.00123374757823, -0.00135767343454, -0.000961248239037], [-0.000109672728286, 0.0016641773982, -0.00202385289595, 0.00245117931627, -0.000760940311011, -0.000443791475846, 0.00346478354186, -0.0100202728063, 0.0167501792312, -0.00468042911962, -0.000242641835939, -0.00161134207156, 0.00287536485121], [0.000581775268074, -0.00154349626973, 0.00175378564745, -0.00161209714133, -0.000277396233287, 0.00203927187249, -0.00333672948182, -0.000134794943733, -0.00468042911962, 0.0190908126533, -0.0076500903815, 0.00309047126211, -0.00297599751502], [-0.000407120387536, 0.000283548259176, -0.000818394764792, 0.0026706662029, -0.000145055528264, -0.00477422075346, 0.00122431176715, 0.00123374757823, -0.000242641835939, -0.0076500903815, 0.0229544471949, -0.010481740348, 0.00161185418256], [0.000661876460072, 0.000438068294898, 0.000866265501827, -0.00199621357024, 0.000855316815432, -0.00176221318543, 0.00284352945164, -0.00135767343454, -0.00161134207156, 0.00309047126211, -0.010481740348, 0.0269032623619, -0.0100836856291], [-0.000462648138637, 0.000951539492235, 0.000724060693756, -0.000783061143011, -0.00336862541735, 0.00184979324695, -0.00241475761868, -0.000961248239037, 0.00287536485121, -0.00297599751502, 0.00161185418256, -0.0100836856291, 0.0184754077345]]
    },
    "spectral_contrast_coeffs": {
        "max": [-0.459687560797, -0.499899327755, -0.524216294289, -0.594697594643, -0.608241319656, -0.630829274654],
        "mean": [-0.744786500931, -0.734423339367, -0.716972470284, -0.770351946354, -0.771758913994, -0.759291648865],
        "min": [-0.960484206676, -0.896981775761, -0.904314875603, -0.882308781147, -0.862532675266, -0.862475633621],
        "stdev": [0.0651237368584, 0.0655348747969, 0.0660213530064, 0.0503859110177, 0.0368024148047, 0.0312348287553]
    },
    "spectral_contrast_valleys": {
        "max": [-4.97778463364, -4.86492443085, -5.01042461395, -5.86148500443, -5.51274299622, -7.93949651718],
        "mean": [-6.8560333252, -6.4969291687, -6.65865898132, -6.96446943283, -6.88978624344, -9.50495052338],
        "min": [-10.9358100891, -7.82161092758, -8.11693954468, -8.25569534302, -8.2674741745, -12.3810510635],
        "stdev": [1.11328601837, 0.459762394428, 0.525885820389, 0.417831122875, 0.363943397999, 0.691769182682]
    }
},
"rhythm": {
    "beats_count": 101,
    "beats_loudness": {
        "max": 0.0821338146925,
        "mean": 0.0518866889179,
        "min": 0.00450554164127,
        "stdev": 0.0159367360175
    },
    "bpm": 121.951728821,
    "bpm_histogram_first_peak_bpm": 123,
    "bpm_histogram_first_peak_weight": 0.382716059685,
    "bpm_histogram_second_peak_bpm": 136,
    "bpm_histogram_second_peak_spread": 0,
    "bpm_histogram_second_peak_weight": 0.109999999404,
    "danceability": 1.22467017174,
    "onset_rate": 4.02527189255,
    "beats_loudness_band_ratio": {
        "max": [0.845106065273, 0.359395593405, 0.690973699093, 0.719570100307, 0.536689281464, 0.220593988895],
        "mean": [0.476165115833, 0.0472083836794, 0.152674198151, 0.202499464154, 0.0905230492353, 0.0589603632689],
        "min": [5.6386255892e-05, 0.000921710336115, 0.00930245220661, 0.0145335933194, 0.00963191594929, 0.00964092649519],
        "stdev": [0.25379768014, 0.0616096369922, 0.166021078825, 0.143469884992, 0.0785846933722, 0.0338276065886]
    },
