{
"metadata": {
    "version": {
        "essentia": "2.1-beta5",
        "essentia_git_sha": "Undefined",
        "extractor": "music 2.0"
    },
    "audio_properties": {
        "analysis": {
            "equal_loudness": 0,
            "length": 48.7502937317,
            "sample_rate": 44100,
            "start_time": 93.9943771362,
            "downmix": "mix"
        },
        "bit_rate": 192000,
        "length": 193.851791382,
        "lossless": 0,
        "number_channels": 2,
        "replay_gain": -0.278120040894,
        "sample_rate": 48000,
        "codec": "mp3",
        "md5_encoded": "f2057154be1a7a2f3491d8b65d15d989"
    },
    "tags": {
        "file_name": "Hungary_Viszlát Nyár_AWS.mp3",
        "encoding": ["Lavf58.29.100"]
    }
},
"lowlevel": {
    "average_loudness": 0.961979448795,
    "barkbands_crest": {
        "max": 22.0717906952,
        "mean": 8.4911737442,
        "min": 2.6053609848,
        "stdev": 3.30781006813
    },
    "barkbands_flatness_db": {
        "max": 0.240521162748,
        "mean": 0.115831874311,
        "min": 0.0352704897523,
        "stdev": 0.0357933863997
    },
    "barkbands_kurtosis": {
        "max": 11.8539447784,
        "mean": 0.33365881443,
        "min": -1.64611124992,
        "stdev": 1.39752542973
    },
    "barkbands_skewness": {
        "max": 3.44830846786,
        "mean": 0.816654086113,
        "min": -0.46631065011,
        "stdev": 0.538308560848
    },
    "barkbands_spread": {
        "max": 91.8047714233,
        "mean": 27.8330421448,
        "min": 5.19922399521,
        "stdev": 11.5273113251
    },
    "dissonance": {
        "max": 0.500000178814,
        "mean": 0.480267196894,
        "min": 0.313469409943,
        "stdev": 0.0146818980575
    },
    "dynamic_complexity": 1.54646527767,
    "erbbands_crest": {
        "max": 23.6648235321,
        "mean": 7.68520832062,
        "min": 2.53561258316,
        "stdev": 3.21409726143
    },
    "erbbands_flatness_db": {
        "max": 0.329563766718,
        "mean": 0.157726213336,
        "min": 0.0715011134744,
        "stdev": 0.0487029366195
    },
    "erbbands_kurtosis": {
        "max": 7.65451145172,
        "mean": 0.626129448414,
        "min": -1.51765441895,
        "stdev": 1.48196709156
    },
    "erbbands_skewness": {
        "max": 2.17043757439,
        "mean": 0.215156704187,
        "min": -1.29639065266,
        "stdev": 0.44353979826
    },
    "erbbands_spread": {
        "max": 100.271133423,
        "mean": 30.8558349609,
        "min": 7.97693920135,
        "stdev": 14.027182579
    },
    "hfc": {
        "max": 109.660926819,
        "mean": 33.8464279175,
        "min": 0.584902048111,
        "stdev": 16.3566417694
    },
    "loudness_ebu128": {
        "integrated": -21.7507038116,
        "loudness_range": 4.52729225159,
        "momentary": {
            "max": -20.0635089874,
            "mean": -22.0473861694,
            "min": -27.1299133301,
            "stdev": 1.79007470608
        },
        "short_term": {
            "max": -20.5454006195,
            "mean": -22.021730423,
            "min": -26.5955028534,
            "stdev": 1.61919116974
        }
    },
    "melbands_crest": {
        "max": 26.5630493164,
        "mean": 11.5476503372,
        "min": 3.13489770889,
        "stdev": 4.13962984085
    },
    "melbands_flatness_db": {
        "max": 0.293895661831,
        "mean": 0.15544372797,
        "min": 0.0585471354425,
        "stdev": 0.0369687862694
    },
    "melbands_kurtosis": {
        "max": 41.3310661316,
        "mean": 4.14610958099,
        "min": -1.13044309616,
        "stdev": 4.97261953354
    },
    "melbands_skewness": {
        "max": 5.88945627213,
        "mean": 1.68125224113,
        "min": -0.151445880532,
        "stdev": 0.91313457489
    },
    "melbands_spread": {
        "max": 109.184883118,
        "mean": 30.8021526337,
        "min": 7.55547475815,
        "stdev": 11.090341568
    },
    "pitch_salience": {
        "max": 0.857500195503,
        "mean": 0.59754383564,
        "min": 0.223359853029,
        "stdev": 0.101679034531
    },
    "silence_rate_20dB": {
        "max": 1,
        "mean": 1,
        "min": 1,
        "stdev": 0
    },
    "silence_rate_30dB": {
        "max": 1,
        "mean": 1,
        "min": 1,
        "stdev": 0
    },
    "silence_rate_60dB": {
        "max": 0,
        "mean": 0,
        "min": 0,
        "stdev": 0
    },
    "spectral_centroid": {
        "max": 3157.31738281,
        "mean": 1572.92272949,
        "min": 704.008178711,
        "stdev": 404.82711792
    },
    "spectral_complexity": {
        "max": 53,
        "mean": 31.8000946045,
        "min": 0,
        "stdev": 7.55415391922
    },
    "spectral_decrease": {
        "max": -1.26369859021e-10,
        "mean": -9.36614963365e-09,
        "min": -3.43958674875e-08,
        "stdev": 4.7698263117e-09
    },
    "spectral_energy": {
        "max": 0.134425446391,
        "mean": 0.0384199246764,
        "min": 0.000530001183506,
        "stdev": 0.0189552381635
    },
    "spectral_energyband_high": {
        "max": 0.00957716163248,
        "mean": 0.00137317960616,
        "min": 2.52054596785e-05,
        "stdev": 0.00127811264247
    },
    "spectral_energyband_low": {
        "max": 0.0828240066767,
        "mean": 0.0136377811432,
        "min": 9.5935047284e-06,
        "stdev": 0.0127614950761
    },
    "spectral_energyband_middle_high": {
        "max": 0.0338935814798,
        "mean": 0.0114208338782,
        "min": 0.000232334001339,
        "stdev": 0.00616648700088
    },
    "spectral_energyband_middle_low": {
        "max": 0.0633606240153,
        "mean": 0.0126463230699,
        "min": 0.00021413169452,
        "stdev": 0.00914297439158
    },
    "spectral_entropy": {
        "max": 8.6189622879,
        "mean": 7.86943721771,
        "min": 7.21674633026,
        "stdev": 0.234441787004
    },
    "spectral_flux": {
        "max": 0.278706461191,
        "mean": 0.113739125431,
        "min": 0.0311490409076,
        "stdev": 0.0393928326666
    },
    "spectral_kurtosis": {
        "max": 19.1017284393,
        "mean": 3.88610625267,
        "min": -0.612437725067,
        "stdev": 2.15905928612
    },
    "spectral_rms": {
        "max": 0.011451933533,
        "mean": 0.00591644272208,
        "min": 0.000719078816473,
        "stdev": 0.00157436169684
    },
    "spectral_rolloff": {
        "max": 9926.80664062,
        "mean": 1716.16003418,
        "min": 107.666015625,
        "stdev": 977.950622559
    },
    "spectral_skewness": {
        "max": 2.86204385757,
        "mean": 1.49580287933,
        "min": 0.501483738422,
        "stdev": 0.306728810072
    },
    "spectral_spread": {
        "max": 11906747,
        "mean": 4350619,
        "min": 1847489.625,
        "stdev": 1311136.125
    },
    "spectral_strongpeak": {
        "max": 6.82328557968,
        "mean": 0.767558932304,
        "min": 0,
        "stdev": 0.90967386961
    },
    "zerocrossingrate": {
        "max": 0.29052734375,
        "mean": 0.0669015049934,
        "min": 0.0126953125,
        "stdev": 0.0231489390135
    },
    "barkbands": {
        "max": [0.00170203868765, 0.0730453431606, 0.0334422290325, 0.0165082905442, 0.0396795533597, 0.0355500504375, 0.0231273826212, 0.0186678469181, 0.0375260338187, 0.0185125190765, 0.0138375796378, 0.0204602815211, 0.0118197668344, 0.00932858977467, 0.00848810840398, 0.00503829400986, 0.00584578327835, 0.00590394670144, 0.00363332149573, 0.00428627990186, 0.00226260069758, 0.00263845222071, 0.00306173390709, 0.00563958566636, 0.00587534531951, 0.00100838707294, 3.99195523642e-05],
        "mean": [0.000160246214364, 0.0104047348723, 0.00260167359374, 0.00106785411481, 0.00332485279068, 0.00200883578509, 0.00170509179588, 0.000784728908911, 0.00333549501374, 0.00145532924216, 0.00133764615748, 0.00251152226701, 0.00153773243073, 0.00133100966923, 0.000966084655374, 0.000588435970712, 0.000678236770909, 0.000564628571738, 0.000436376838479, 0.000408442516346, 0.000266211281996, 0.000353063252987, 0.000226727526751, 0.000188188714674, 0.000137855226058, 3.88075532101e-05, 1.40249298397e-07],
        "min": [3.0792339345e-08, 2.41563157033e-07, 1.45691694797e-06, 1.14978070087e-06, 4.04835009249e-06, 1.57447484526e-05, 1.01076620922e-05, 3.42082130373e-05, 4.58132599306e-05, 9.24939831748e-06, 3.06535730488e-05, 3.47471977875e-05, 1.65776546055e-05, 8.91738909559e-06, 3.65795240214e-05, 7.09789401299e-06, 4.38624965682e-06, 5.48116440768e-06, 2.10240750675e-06, 3.48860135091e-06, 5.939141829e-06, 2.58525869867e-06, 3.31031571932e-07, 1.54474621983e-09, 1.07310493824e-10, 1.1354620022e-10, 1.51915591218e-10],
        "stdev": [0.000239255285123, 0.0108129130676, 0.00307766580954, 0.00150734104682, 0.00479309307411, 0.00259870081209, 0.00206099264324, 0.000958788674325, 0.00487371813506, 0.00176407990512, 0.00147767702583, 0.00283183879219, 0.00163419125602, 0.00123150506988, 0.000827887735795, 0.000532336649485, 0.000753121508751, 0.000673171656672, 0.000389063672628, 0.000422040408012, 0.000244760885835, 0.000361323938705, 0.000291146250675, 0.000357059994712, 0.000289928837446, 6.92225221428e-05, 1.10790631425e-06]
    },
    "erbbands": {
        "max": [1.90509748459, 17.9432220459, 41.5809020996, 33.9182853699, 120.978187561, 121.413650513, 203.423156738, 309.86050415, 407.531982422, 382.784515381, 347.013702393, 1085.79589844, 849.190551758, 735.096252441, 380.254516602, 1051.46276855, 630.387268066, 569.021179199, 339.883544922, 291.550170898, 292.35546875, 354.773040771, 367.328979492, 138.409225464, 214.646347046, 135.514846802, 60.1611785889, 98.826461792, 98.6826171875, 126.184150696, 81.1147079468, 88.8672790527, 125.917198181, 88.840637207, 19.3704624176, 7.66349077225, 1.54527580738, 0.100015364587, 0.00232258299366, 0.00018500778242],
        "mean": [0.211419612169, 2.58055615425, 4.01619529724, 3.13904380798, 8.7055644989, 10.6147279739, 12.8464813232, 16.3554325104, 20.7619762421, 23.7365474701, 23.4131641388, 65.6695632935, 68.3568954468, 56.1648292542, 55.1658058167, 105.078269958, 76.0978546143, 72.5651321411, 53.9324684143, 41.7025718689, 34.6464996338, 38.4986724854, 32.910949707, 24.16655159, 23.5659694672, 17.8398323059, 11.2716150284, 11.0248947144, 12.0090990067, 11.2555150986, 5.53523445129, 3.51577186584, 3.36026620865, 1.83628118038, 0.815036952496, 0.258488625288, 0.0629183873534, 0.0032473213505, 0.000105139115476, 5.32310805283e-05],
        "min": [1.3605278582e-05, 0.000223878902034, 0.00195140927099, 0.00761358812451, 0.00609109085053, 0.0342620536685, 0.0682953521609, 0.199197292328, 0.11901358515, 0.491920828819, 1.30471456051, 1.09753513336, 0.220004603267, 1.36979591846, 2.259775877, 1.41539931297, 0.819481670856, 0.453282922506, 2.44922757149, 2.59077882767, 0.301162034273, 0.240712404251, 0.286681264639, 0.181462362409, 0.12614902854, 0.151408985257, 0.239712044597, 0.214546978474, 0.116579219699, 0.048997502774, 0.0048068696633, 0.00024815578945, 5.85140078329e-05, 2.41686211666e-05, 1.27593648358e-05, 7.60800276112e-06, 3.76536786462e-06, 1.2194525425e-06, 2.59420312432e-06, 1.11280485271e-06],
        "stdev": [0.271426826715, 2.65656256676, 4.25029087067, 3.5829076767, 15.6700181961, 14.4484987259, 15.9753503799, 24.8812580109, 27.659740448, 28.5920200348, 26.7287349701, 102.189826965, 91.5272674561, 67.3213500977, 51.7877388, 127.781326294, 77.6282730103, 67.4345550537, 42.6892662048, 31.4253368378, 32.3756408691, 44.6244087219, 40.3374252319, 20.2620563507, 23.1100730896, 17.3171863556, 9.73599815369, 11.1073989868, 12.4914808273, 12.907043457, 7.29349470139, 5.98031711578, 7.30168819427, 4.22320127487, 1.49840950966, 0.44928830862, 0.124011717737, 0.00710666365921, 0.000166024663486, 2.6211318982e-05]
    },
    "gfcc": {
        "mean": [47.7449226379, 95.4941635132, -141.286071777, 33.5079040527, -61.6117401123, 28.8450469971, -34.424621582, 11.582406044, -20.568572998, 4.01585626602, -11.0742912292, -0.626264691353, -7.13582801819],
        "cov": [[2866.2565918, -1164.7052002, 1338.29016113, 616.313537598, 158.881881714, 585.254882812, -235.081893921, 448.289367676, -300.985076904, 474.680206299, -213.804229736, 331.354980469, -170.525939941], [-1164.7052002, 1090.15429688, -550.456726074, -95.4689559937, 9.44149684906, -181.287567139, 244.600662231, -335.367889404, 196.444534302, -318.143981934, 225.385864258, -208.846511841, 119.625289917], [1338.29016113, -550.456726074, 914.255554199, 337.588348389, 144.578155518, 307.898010254, -159.176254272, 262.396118164, -143.363235474, 278.880462646, -105.480903625, 183.856079102, -83.5290603638], [616.313537598, -95.4689559937, 337.588348389, 321.566894531, 87.7913589478, 142.369598389, -8.2486000061, 70.8706283569, 13.7257528305, 77.4309158325, 4.79295778275, 51.7703285217, -4.83491420746], [158.881881714, 9.44149684906, 144.578155518, 87.7913589478, 144.427459717, 77.6613998413, 18.6368618011, 46.4331703186, 9.08766269684, 47.5627937317, 5.39308834076, 35.5316734314, -7.11845159531], [585.254882812, -181.287567139, 307.898010254, 142.369598389, 77.6613998413, 299.9921875, 9.22679615021, 80.5643920898, -76.2443237305, 84.9291000366, 18.4010734558, 43.4748916626, -19.020608902], [-235.081893921, 244.600662231, -159.176254272, -8.2486000061, 18.6368618011, 9.22679615021, 188.436920166, -39.6204109192, 71.9368591309, -66.6080551147, 45.7533760071, -41.3711776733, 21.2666397095], [448.289367676, -335.367889404, 262.396118164, 70.8706283569, 46.4331703186, 80.5643920898, -39.6204109192, 224.433746338, -12.6203050613, 139.834121704, -78.4549942017, 85.0067977905, -39.1259880066], [-300.985076904, 196.444534302, -143.363235474, 13.7257528305, 9.08766269684, -76.2443237305, 71.9368591309, -12.6203050613, 159.347183228, -47.9459152222, 51.3647918701, -33.3617935181, 23.202999115], [474.680206299, -318.143981934, 278.880462646, 77.4309158325, 47.5627937317, 84.9291000366, -66.6080551147, 139.834121704, -47.9459152222, 180.768249512, -52.4643745422, 91.447479248, -38.9547729492], [-213.804229736, 225.385864258, -105.480903625, 4.79295778275, 5.39308834076, 18.4010734558, 45.7533760071, -78.4549942017, 51.3647918701, -52.4643745422, 124.117599487, -31.47082901, 37.5664978027], [331.354980469, -208.846511841, 183.856079102, 51.7703285217, 35.5316734314, 43.4748916626, -41.3711776733, 85.0067977905, -33.3617935181, 91.447479248, -31.47082901, 105.669906616, -21.0926094055], [-170.525939941, 119.625289917, -83.5290603638, -4.83491420746, -7.11845159531, -19.020608902, 21.2666397095, -39.1259880066, 23.202999115, -38.9547729492, 37.5664978027, -21.0926094055, 57.3166275024]],
        "icov": [[0.00286971521564, -0.000259893364273, -0.000293972174404, -0.00379209569655, 0.00214246823452, -0.00265564047731, 0.000610650517046, -0.000830142642371, 0.00205781916156, -0.00102478242479, 0.0018640368944, -0.00317250727676, 0.00300478283316], [-0.000259893364273, 0.00749294133857, -0.00324932602234, 0.00187132251449, -0.00454607279971, 0.0052464203909, -0.00576982460916, 0.00418368494138, -0.00138289702591, 0.00483703333884, -0.00726882880554, 0.00656249094754, -0.00378960208036], [-0.000293972174404, -0.00324932602234, 0.00711743859574, -0.00385257345624, 0.000574734993279, -0.00421798042953, 0.00486194947734, -0.00308150122873, 0.00189951912034, -0.00364508340135, 0.00402424111962, -0.00448339898139, 0.00318485498428], [-0.00379209569655, 0.00187132251449, -0.00385257345624, 0.0125907268375, -0.00434879073873, 0.00317833269946, -0.00249417359009, 0.00382361770608, -0.00684895180166, 0.00250909361057, -0.00319641758688, 0.00552687840536, -0.00708311609924], [0.00214246823452, -0.00454607279971, 0.000574734993279, -0.00434879073873, 0.0140229268, -0.0060829478316, 0.00210713129491, -0.00251841219142, 0.000464391487185, -0.00435019191355, 0.00531580206007, -0.00761666661128, 0.00412338413298], [-0.00265564047731, 0.0052464203909, -0.00421798042953, 0.00317833269946, -0.0060829478316, 0.0150742586702, -0.00778842438012, 0.000193884727196, 0.00358842872083, 0.00414327112958, -0.0127453394234, 0.0100613646209, -0.00404108036309], [0.000610650517046, -0.00576982460916, 0.00486194947734, -0.00249417359009, 0.00210713129491, -0.00778842438012, 0.0136354714632, -0.00341922114603, -0.00209144875407, -0.00213911919855, 0.00697802891955, -0.00597557565197, 0.0036380358506], [-0.000830142642371, 0.00418368494138, -0.00308150122873, 0.00382361770608, -0.00251841219142, 0.000193884727196, -0.00341922114603, 0.0160361882299, -0.00789150688797, -0.00306840240955, 0.00314193335362, 0.00120750674978, -0.00390846468508], [0.00205781916156, -0.00138289702591, 0.00189951912034, -0.00684895180166, 0.000464391487185, 0.00358842872083, -0.00209144875407, -0.00789150688797, 0.0171576719731, -0.000227269716561, -0.00537887355313, -0.00040589919081, 0.00411238754168], [-0.00102478242479, 0.00483703333884, -0.00364508340135, 0.00250909361057, -0.00435019191355, 0.00414327112958, -0.00213911919855, -0.00306840240955, -0.000227269716561, 0.0200761873275, -0.00657941028476, -0.000282961904304, -0.000766103272326], [0.0018640368944, -0.00726882880554, 0.00402424111962, -0.00319641758688, 0.00531580206007, -0.0127453394234, 0.00697802891955, 0.00314193335362, -0.00537887355313, -0.00657941028476, 0.0261927377433, -0.0103867743164, -0.000985923339613], [-0.00317250727676, 0.00656249094754, -0.00448339898139, 0.00552687840536, -0.00761666661128, 0.0100613646209, -0.00597557565197, 0.00120750674978, -0.00040589919081, -0.000282961904304, -0.0103867743164, 0.0282962359488, -0.00657567474991], [0.00300478283316, -0.00378960208036, 0.00318485498428, -0.00708311609924, 0.00412338413298, -0.00404108036309, 0.0036380358506, -0.00390846468508, 0.00411238754168, -0.000766103272326, -0.000985923339613, -0.00657567474991, 0.0295338518918]]
    },
    "melbands": {
        "max": [0.0195844788104, 0.01970304735, 0.00610562227666, 0.00954773370177, 0.00564089091495, 0.00679097184911, 0.00565967895091, 0.00380494282581, 0.00387944048271, 0.00656825071201, 0.00425209943205, 0.00311733875424, 0.00151098740753, 0.00190324138384, 0.00274854106829, 0.00142677768599, 0.000997524126433, 0.000695572409313, 0.00072116748197, 0.000347025808878, 0.000393939320929, 0.000402732548537, 0.000378729571821, 0.000353665294824, 0.000130102882395, 0.000201465925784, 0.000247156189289, 9.54257848207e-05, 4.11492874264e-05, 5.04060699313e-05, 6.21398939984e-05, 6.33218805888e-05, 5.16264808539e-05, 8.74581601238e-05, 5.95124802203e-05, 6.60507575958e-05, 4.96343018312e-05, 0.000115820061183, 9.14237461984e-05, 8.77845523064e-05],
        "mean": [0.00248931464739, 0.00257737725042, 0.000702095509041, 0.000747429730836, 0.000431764288805, 0.000372103444533, 0.00033808639273, 0.000236411578953, 0.000210020967643, 0.000466088647954, 0.000336241413606, 0.000220576272113, 0.000174135057023, 0.000247988442425, 0.00024653840228, 0.000153567423695, 0.00013018269965, 8.55449470691e-05, 7.5939729868e-05, 4.29520114267e-05, 3.86362589779e-05, 3.99700620619e-05, 3.4056531149e-05, 2.62262656179e-05, 1.86300057976e-05, 1.68482329173e-05, 1.76265984919e-05, 1.04024493339e-05, 6.95044991517e-06, 6.20260379947e-06, 6.55573239783e-06, 6.75470118949e-06, 6.90558727001e-06, 5.91496791458e-06, 3.3754404285e-06, 2.14113538277e-06, 2.14135070564e-06, 2.38575853473e-06, 2.11378301174e-06, 1.3642892327e-06],
        "min": [5.18059977139e-08, 1.19486662697e-06, 1.38030611652e-06, 2.3030193006e-06, 2.99327143694e-06, 4.78907668366e-06, 1.83724841918e-06, 6.49016783427e-06, 9.3115531854e-06, 6.10436245552e-06, 7.50587446419e-07, 4.81816869069e-06, 6.81388246448e-06, 4.33484410678e-06, 2.59021635429e-06, 1.53208191023e-06, 6.17819466697e-07, 3.01346881315e-06, 3.08248445435e-06, 1.17594220228e-06, 1.93639664303e-07, 2.82517532924e-07, 1.34980737698e-07, 3.42648945661e-07, 1.20408174098e-07, 8.38330294073e-08, 1.13407587321e-07, 8.7768697199e-08, 1.47850656163e-07, 1.50178919966e-07, 1.03167984378e-07, 6.67384156827e-08, 3.55595908275e-08, 1.75925993773e-08, 2.30305485793e-09, 6.42494668579e-11, 1.91965731505e-11, 1.6137988515e-11, 1.4238815205e-12, 8.14183030891e-13],
        "stdev": [0.00274141505361, 0.002503963653, 0.000838939566165, 0.0011474150233, 0.000503788469359, 0.000526950054336, 0.000422815966886, 0.000280315289274, 0.000283852452412, 0.00071500899503, 0.000459303235402, 0.00027567971847, 0.000175324705197, 0.000277892308077, 0.000304718414554, 0.00015937135322, 0.000125287173432, 7.50702965888e-05, 6.94670379744e-05, 3.38158424711e-05, 3.9869111788e-05, 4.55098779639e-05, 4.86565295432e-05, 3.07932532451e-05, 1.62496144185e-05, 1.63466556842e-05, 2.09847585211e-05, 1.06072639028e-05, 6.28270845482e-06, 5.78508297622e-06, 7.24428400645e-06, 7.30158308215e-06, 7.74660929892e-06, 7.44015869714e-06, 4.55705867353e-06, 3.60420722245e-06, 3.85096018363e-06, 5.38283666174e-06, 5.06338255946e-06, 3.40854330716e-06]
    },
    "melbands128": {
        "max": [0.0015425743768, 0.0140706086531, 0.0336187556386, 0.0341628566384, 0.0252920221537, 0.0135872345418, 0.00706133898348, 0.00818678829819, 0.0157471206039, 0.0153051419184, 0.00822009891272, 0.00815625488758, 0.0098929349333, 0.0136876972392, 0.0100121106952, 0.00806213542819, 0.00908229034394, 0.00793878734112, 0.00657761329785, 0.00607660971582, 0.00754553545266, 0.00478434422985, 0.00420102244243, 0.0101995551959, 0.011400859803, 0.00992400944233, 0.013762909919, 0.00423331651837, 0.00393850635737, 0.00620770407841, 0.0042197490111, 0.00298431655392, 0.00182332831901, 0.00213816622272, 0.00215716543607, 0.0037373136729, 0.00604916224256, 0.0060261124745, 0.00262296642177, 0.00218662293628, 0.00277096405625, 0.00279390392825, 0.00156593916472, 0.00126066082157, 0.00208781706169, 0.000812712998595, 0.0013512626756, 0.00149495096412, 0.000916269433219, 0.000707120634615, 0.000414731010096, 0.000693830894306, 0.000662876060233, 0.000661011028569, 0.000449802348157, 0.000693059177138, 0.000954580435064, 0.000558493717108, 0.000799660163466, 0.000681369332597, 0.000744900433347, 0.000315859477269, 0.000183569805813, 0.000212875704165, 0.000224219256779, 0.000325762375724, 0.000287007220322, 0.000341360835591, 0.000465246790554, 0.000172248706804, 0.000156833775691, 0.000273712881608, 0.000123564532259, 6.12369985902e-05, 8.25622482807e-05, 5.7779627241e-05, 6.67386048008e-05, 6.48685745546e-05, 9.28603913053e-05, 9.76228620857e-05, 8.25531897135e-05, 7.13245317456e-05, 6.80496159475e-05, 7.93314757175e-05, 0.00012050789519, 0.000111244546133, 0.000119718635688, 8.86728885234e-05, 6.67206695653e-05, 5.72682038182e-05, 7.93057770352e-05, 6.64885010337e-05, 9.39632300287e-05, 7.36520669307e-05, 7.56646913942e-05, 8.66021146066e-05, 0.00022866022482, 0.000218478715396, 0.000121980585391, 0.000103221856989, 4.77210669487e-05, 0.000153079046868, 6.66392079438e-05, 2.74276044365e-05, 3.00736483041e-05, 1.62503729371e-05, 2.03184536076e-05, 1.89051424968e-05, 1.50669839059e-05, 7.15431815479e-06, 7.84979420132e-06, 8.25974893814e-06, 1.03850561572e-05, 3.10031259687e-06, 1.31906961087e-06, 1.20668607906e-06, 1.46577053783e-06, 5.75119578627e-08, 4.5301401741e-08, 7.14834200721e-08, 1.22040768602e-08, 8.25330292997e-09, 2.23880558536e-09, 2.13670481308e-09, 2.08225392484e-09, 2.04831795969e-09, 2.01674699163e-09, 1.99288052727e-09],
        "mean": [0.000131708889967, 0.00115112494677, 0.00372974621132, 0.00459711067379, 0.0027150278911, 0.00106269784737, 0.000558320432901, 0.000553733378183, 0.00096718291752, 0.00089563493384, 0.000537084357347, 0.000363384839147, 0.00046289540478, 0.00043640829972, 0.000354582880391, 0.000361889658961, 0.000298269180348, 0.000316093995934, 0.000436455884483, 0.000248782976996, 0.00015492606326, 0.000132881046738, 0.000212095474126, 0.00028686755104, 0.000365979765775, 0.000581577885896, 0.000611124967691, 0.000230133649893, 0.000215634747292, 0.000185103112017, 0.000262078043306, 0.000213455874473, 0.000145308236824, 0.000156728448928, 0.000204185562325, 0.000270356307738, 0.000330689974362, 0.000301518623019, 0.00014790687419, 0.000138174262247, 0.000158023583936, 0.000169811450178, 0.000135472306283, 0.000106465486169, 0.000106017934741, 7.17451403034e-05, 7.40703762858e-05, 0.000102855185105, 6.18966150796e-05, 3.82513026125e-05, 4.39961804659e-05, 4.24721765739e-05, 4.17470291723e-05, 3.5969329474e-05, 3.53114774043e-05, 4.07751831517e-05, 4.49350445706e-05, 3.44952750311e-05, 3.10928480758e-05, 3.07093359879e-05, 2.71864264505e-05, 2.26756619668e-05, 1.7542650312e-05, 1.79505841515e-05, 1.96965957002e-05, 1.63395106938e-05, 1.40748907143e-05, 2.01620150619e-05, 2.00164122361e-05, 1.21356943055e-05, 1.07002606455e-05, 9.7304728115e-06, 6.66233745505e-06, 6.65460902383e-06, 6.83662801748e-06, 6.22118659521e-06, 5.99896111453e-06, 5.76706315769e-06, 6.83770258547e-06, 7.11418442734e-06, 6.69823430144e-06, 6.88603131493e-06, 6.2200119828e-06, 7.1910681072e-06, 7.0086366577e-06, 6.88529416948e-06, 5.49418564333e-06, 4.21726326749e-06, 3.33165326083e-06, 2.69490487881e-06, 2.2460405944e-06, 1.95375423573e-06, 2.00908880288e-06, 2.05900983019e-06, 2.2935562356e-06, 2.3490847525e-06, 2.27497935157e-06, 2.70715122497e-06, 2.13508201341e-06, 1.93154914996e-06, 1.50702317114e-06, 1.3369693761e-06, 1.06493189378e-06, 1.04003277102e-06, 9.96179210233e-07, 7.76873093855e-07, 7.07198807959e-07, 4.83985104438e-07, 3.89753608943e-07, 3.52486182464e-07, 3.16853657978e-07, 2.59610004605e-07, 2.11800568195e-07, 1.05441635867e-07, 3.69788288879e-08, 1.50888812556e-08, 5.53064172237e-09, 1.26339771978e-10, 6.31675198259e-11, 7.53918732999e-11, 1.77807837898e-11, 1.20714150481e-11, 8.92192396351e-12, 7.01083852431e-12, 6.61459515633e-12, 6.15090964273e-12, 5.8851729913e-12, 5.81640551695e-12],
        "min": [3.78849085436e-09, 1.1802821831e-08, 4.31527169553e-08, 9.96482683036e-08, 1.13795962875e-07, 6.33910872239e-07, 1.39454158443e-07, 6.50036213301e-07, 1.65428303944e-07, 4.65031746444e-07, 2.83579481675e-07, 5.45456202872e-07, 9.24775349631e-07, 1.06545076051e-06, 1.49119091475e-06, 8.66838263391e-07, 5.63784396945e-07, 5.92905053054e-07, 1.94447738977e-06, 3.39474672728e-06, 2.29368970395e-06, 1.50443747771e-06, 1.13600685836e-06, 1.10399639652e-06, 3.03306956084e-06, 2.63653646471e-06, 7.58385567678e-07, 1.98813438601e-07, 4.79837581224e-07, 1.09966447326e-06, 3.11065150527e-06, 2.28705698646e-06, 1.54041003952e-06, 1.1366223589e-06, 1.69596739852e-06, 7.09963615009e-07, 1.229559075e-06, 2.89776744467e-06, 1.21186064916e-06, 1.54045278578e-06, 1.765095476e-06, 9.28725739868e-07, 3.95826333488e-07, 3.76867177465e-07, 7.73277406552e-07, 1.08734252535e-06, 1.34386380068e-06, 1.96457199308e-06, 2.1364649001e-06, 1.95220559362e-06, 7.1561612458e-07, 2.64521275994e-07, 9.346268115e-08, 1.66010735825e-07, 3.92324977838e-07, 2.87832051526e-07, 2.38831802335e-07, 9.24335097352e-08, 4.09291587289e-08, 3.07378400066e-07, 3.16593542493e-07, 2.83541510271e-07, 1.07465552901e-07, 1.02706835037e-07, 8.48772856443e-08, 8.56843982433e-08, 7.67090639897e-08, 7.42320622749e-08, 1.55451033379e-07, 1.17236261588e-07, 8.57513100527e-08, 3.45905064592e-08, 6.8528770214e-08, 5.2235666459e-08, 6.80110545659e-08, 1.19375258123e-07, 7.47229691456e-08, 5.21559400113e-08, 6.19756974629e-08, 5.354094057e-08, 3.36141212642e-08, 3.49341711114e-08, 2.65849102732e-08, 1.77820762559e-08, 1.29114718916e-08, 1.26216699314e-08, 2.04541645843e-08, 3.65250230061e-09, 3.18814086242e-10, 7.72761160617e-11, 9.46986447592e-11, 3.8601257607e-11, 3.20341288218e-11, 1.88265219386e-11, 1.48932949307e-11, 2.30502921438e-12, 6.72414164279e-13, 7.95114679392e-13, 1.28284026197e-12, 1.3718857864e-12, 4.9976461771e-13, 5.61512696149e-13, 7.67815227631e-13, 9.98482112963e-13, 4.53436089674e-13, 7.09531066713e-13, 6.47303770914e-13, 5.40944459365e-13, 4.57783062759e-13, 4.58028742972e-13, 5.54674361997e-13, 5.89632401064e-13, 5.11599768625e-13, 4.83284690479e-13, 5.4211946347e-13, 3.38127095767e-13, 4.33883587695e-13, 4.64200021737e-13, 4.44687066033e-13, 4.81141060153e-13, 4.22753439243e-13, 4.18363721487e-13, 4.06555567206e-13, 4.29905514399e-13, 2.80863006463e-13, 1.1935537194e-13, 1.38969002592e-14, 6.27147005795e-16],
        "stdev": [0.000215915162698, 0.00192655890714, 0.00443297531456, 0.00477184681222, 0.00289118709043, 0.00125937268604, 0.00076109735528, 0.0008344957605, 0.00199420191348, 0.00157871982083, 0.000813824590296, 0.000552515732124, 0.000661144556943, 0.000706914637703, 0.000676649273373, 0.000719508389011, 0.000564637419302, 0.000480133778183, 0.000610362738371, 0.000408470164984, 0.000291145115625, 0.000198003530386, 0.000320173217915, 0.00059776782291, 0.000896515790373, 0.00104119163007, 0.00131940562278, 0.000330186012434, 0.000345971726347, 0.000358189077815, 0.000411495217122, 0.000307514332235, 0.00020943088748, 0.000205689226277, 0.000249905657256, 0.000406923587434, 0.000557338702492, 0.00042079645209, 0.000235471394262, 0.000198501234991, 0.000220147936489, 0.000258589687292, 0.000169375183759, 0.000120787721244, 0.000129649532028, 8.3467886725e-05, 9.39510573517e-05, 0.000123297708342, 6.85992345097e-05, 4.03145277232e-05, 4.671456918e-05, 4.76159075333e-05, 6.20897480985e-05, 4.71538260172e-05, 4.16689908889e-05, 5.7798504713e-05, 7.82194329076e-05, 6.21692306595e-05, 6.08407317486e-05, 4.85529926664e-05, 4.19840871473e-05, 2.86171798507e-05, 1.91744748008e-05, 1.99836686079e-05, 2.18030945689e-05, 2.01213570108e-05, 1.90715745703e-05, 2.8667604056e-05, 3.13441050821e-05, 1.61795414897e-05, 1.36367953019e-05, 1.50523392222e-05, 8.10173696664e-06, 6.88019417794e-06, 7.84514668339e-06, 6.62814591124e-06, 6.81569827066e-06, 6.91768582328e-06, 8.73923909239e-06, 9.60838497122e-06, 8.31639681564e-06, 8.97608060768e-06, 8.03767397883e-06, 9.63862567005e-06, 9.29900579649e-06, 1.01607683973e-05, 8.59148349264e-06, 6.56072052152e-06, 4.9742398005e-06, 4.25064399678e-06, 4.34365165347e-06, 3.37940605277e-06, 4.0809377424e-06, 4.19021307607e-06, 4.32847673437e-06, 5.15113879374e-06, 7.02122088114e-06, 7.26143798602e-06, 5.60882290301e-06, 5.26291478309e-06, 3.13501777782e-06, 4.64645199827e-06, 2.740318223e-06, 1.93906521417e-06, 1.84884663668e-06, 1.46420654801e-06, 1.37968982017e-06, 1.07913649572e-06, 7.38197172723e-07, 5.80585094667e-07, 5.33936770353e-07, 5.99309771587e-07, 5.44422334769e-07, 2.39134209323e-07, 1.12581766132e-07, 6.68144934934e-08, 4.0808959767e-08, 1.59720137116e-09, 1.26454735572e-09, 1.77312153848e-09, 3.079478339e-10, 1.89267379547e-10, 7.47086142949e-11, 4.72959484077e-11, 4.59977542167e-11, 4.52573568899e-11, 4.45699831209e-11, 4.40503779287e-11]
    },
    "mfcc": {
        "mean": [-581.966918945, 117.010375977, -14.9292259216, 9.77837753296, 0.138842374086, 11.5856590271, 3.10982298851, 6.58913898468, 0.821579694748, 3.13952326775, 3.94118785858, -0.196201220155, 1.18188178539],
        "cov": [[2116.03369141, -907.365844727, 900.774108887, 210.267929077, 428.62902832, 232.324737549, 251.996520996, 55.7902183533, 59.5695266724, 63.1746559143, 184.822265625, -58.4205436707, 6.18066453934], [-907.365844727, 769.197998047, -399.552978516, -29.9152069092, -203.305923462, 7.93816947937, -56.5163002014, 24.2217216492, -70.5104980469, -33.222858429, -75.2279968262, 31.8561115265, -13.010684967], [900.774108887, -399.552978516, 651.542419434, 118.858428955, 298.363464355, 123.488609314, 136.318161011, 11.9365701675, 27.6620845795, 40.7068405151, 85.9694519043, -5.14850902557, 18.3482666016], [210.267929077, -29.9152069092, 118.858428955, 231.5440979, 70.2439651489, 29.7749118805, -32.5855751038, 29.7363872528, 30.6169300079, 51.5108451843, 23.8163948059, -9.63061618805, 10.6619987488], [428.62902832, -203.305923462, 298.363464355, 70.2439651489, 272.354766846, 61.8700942993, 67.6043701172, -2.24737286568, 24.2893466949, 14.2120990753, 55.1436309814, 18.7617416382, 22.2245292664], [232.324737549, 7.93816947937, 123.488609314, 29.7749118805, 61.8700942993, 173.485610962, 104.653808594, 33.7754325867, -16.5867595673, 7.12225246429, 22.3184299469, 9.55234050751, 3.45388269424], [251.996520996, -56.5163002014, 136.318161011, -32.5855751038, 67.6043701172, 104.653808594, 169.294021606, 22.1694602966, 6.34330320358, 3.10213804245, 27.892539978, 0.95618635416, 0.305052608252], [55.7902183533, 24.2217216492, 11.9365701675, 29.7363872528, -2.24737286568, 33.7754325867, 22.1694602966, 102.948608398, 24.2075195312, 35.2366447449, 26.4222221375, -1.48007464409, -1.66254603863], [59.5695266724, -70.5104980469, 27.6620845795, 30.6169300079, 24.2893466949, -16.5867595673, 6.34330320358, 24.2075195312, 84.4796295166, 42.3546791077, 26.6404628754, -2.9882581234, 1.8445237875], [63.1746559143, -33.222858429, 40.7068405151, 51.5108451843, 14.2120990753, 7.12225246429, 3.10213804245, 35.2366447449, 42.3546791077, 80.7327651978, 34.3461341858, 2.59908628464, 2.97754025459], [184.822265625, -75.2279968262, 85.9694519043, 23.8163948059, 55.1436309814, 22.3184299469, 27.892539978, 26.4222221375, 26.6404628754, 34.3461341858, 81.6727600098, 13.5423784256, 5.75246238708], [-58.4205436707, 31.8561115265, -5.14850902557, -9.63061618805, 18.7617416382, 9.55234050751, 0.95618635416, -1.48007464409, -2.9882581234, 2.59908628464, 13.5423784256, 64.8005371094, 24.436258316], [6.18066453934, -13.010684967, 18.3482666016, 10.6619987488, 22.2245292664, 3.45388269424, 0.305052608252, -1.66254603863, 1.8445237875, 2.97754025459, 5.75246238708, 24.436258316, 54.673286438]],
        "icov": [[0.00247016083449, 0.00204926240258, -0.00134524970781, -0.00141334638465, 0.000184036543942, -0.00120738241822, -0.00113110768143, -0.000695000460837, 0.00100951862987, 0.00124013330787, -0.00215651583858, 0.00129967217799, 0.000466558820335], [0.00204926240258, 0.00415452662855, 0.000348878558725, -0.00197175191715, 0.000544443668332, -0.0017012268072, -0.00128421350382, -0.00138890696689, 0.00233697216026, 0.000980410608463, -0.000776081287768, -0.000553573365323, 0.00107235601172], [-0.00134524970781, 0.000348878558725, 0.00543446373194, -0.000627954199445, -0.0032068034634, -9.91006818367e-05, -0.00121562473942, 0.000552475452423, 0.00115027232096, -0.00160464341752, 0.000569934316445, -2.35068437178e-05, -0.000133715264383], [-0.00141334638465, -0.00197175191715, -0.000627954199445, 0.00825936160982, -0.00146248354577, -0.00188766047359, 0.00520164938644, -0.000181681971299, -0.00217051338404, -0.00388120254502, 0.00157190847676, 0.00188119371887, -0.00175178050995], [0.000184036543942, 0.000544443668332, -0.0032068034634, -0.00146248354577, 0.00860502384603, -0.000397805386456, -0.00076363387052, 0.00102022103965, -0.00159389525652, 0.0025109781418, -0.00195984099992, -0.00245509413071, -0.000746808247641], [-0.00120738241822, -0.0017012268072, -9.91006818367e-05, -0.00188766047359, -0.000397805386456, 0.0129976421595, -0.00694414181635, -0.00210105534643, 0.00393769936636, -0.000832394289318, 0.0010303480085, -0.0024119655136, 0.000330590584781], [-0.00113110768143, -0.00128421350382, -0.00121562473942, 0.00520164938644, -0.00076363387052, -0.00694414181635, 0.0139175886288, -0.00025465269573, -0.00377535121515, -4.3886822823e-05, -5.57795101486e-05, 0.00138939637691, -0.000605827197433], [-0.000695000460837, -0.00138890696689, 0.000552475452423, -0.000181681971299, 0.00102022103965, -0.00210105534643, -0.00025465269573, 0.0137191480026, -0.00273706414737, -0.00373595254496, -0.00238981726579, 0.000987787730992, -0.000159559611348], [0.00100951862987, 0.00233697216026, 0.00115027232096, -0.00217051338404, -0.00159389525652, 0.00393769936636, -0.00377535121515, -0.00273706414737, 0.0202553719282, -0.00749589921907, -0.00217352388427, 0.000965718238149, 0.000338180281688], [0.00124013330787, 0.000980410608463, -0.00160464341752, -0.00388120254502, 0.0025109781418, -0.000832394289318, -4.3886822823e-05, -0.00373595254496, -0.00749589921907, 0.0230685286224, -0.00647353986278, -0.000805241288617, 0.000344618340023], [-0.00215651583858, -0.000776081287768, 0.000569934316445, 0.00157190847676, -0.00195984099992, 0.0010303480085, -5.57795101486e-05, -0.00238981726579, -0.00217352388427, -0.00647353986278, 0.0214799400419, -0.00558426976204, 0.000882267951965], [0.00129967217799, -0.000553573365323, -2.35068437178e-05, 0.00188119371887, -0.00245509413071, -0.0024119655136, 0.00138939637691, 0.000987787730992, 0.000965718238149, -0.000805241288617, -0.00558426976204, 0.0228975247592, -0.00910022109747], [0.000466558820335, 0.00107235601172, -0.000133715264383, -0.00175178050995, -0.000746808247641, 0.000330590584781, -0.000605827197433, -0.000159559611348, 0.000338180281688, 0.000344618340023, 0.000882267951965, -0.00910022109747, 0.0231049731374]]
    },
    "spectral_contrast_coeffs": {
        "max": [-0.440283507109, -0.571550250053, -0.564333677292, -0.668819904327, -0.627924263477, -0.475992321968],
        "mean": [-0.743071198463, -0.78559499979, -0.768688321114, -0.798456907272, -0.790902674198, -0.745307862759],
        "min": [-0.928685069084, -0.912759363651, -0.907856047153, -0.900135278702, -0.904490888119, -0.849823474884],
        "stdev": [0.0633369386196, 0.0555447526276, 0.0510885640979, 0.0313040986657, 0.0330213345587, 0.0426828153431]
    },
    "spectral_contrast_valleys": {
        "max": [-4.85874605179, -4.84011220932, -5.14060211182, -5.75627803802, -5.825258255, -7.72378540039],
        "mean": [-6.32737398148, -6.0802822113, -6.301466465, -6.600045681, -6.91360235214, -9.72747039795],
        "min": [-9.82538032532, -7.18936729431, -8.07714366913, -8.49293804169, -8.63739871979, -15.8410873413],
        "stdev": [0.861577033997, 0.333648324013, 0.418552339077, 0.327008724213, 0.450682222843, 1.10467004776]
    }
},
"rhythm": {
    "beats_count": 131,
    "beats_loudness": {
        "max": 0.0960346013308,
        "mean": 0.0425483994186,
        "min": 0.00640879012644,
        "stdev": 0.0188948847353
    },
    "bpm": 163.470245361,
    "bpm_histogram_first_peak_bpm": 161,
    "bpm_histogram_first_peak_weight": 0.1265822649,
    "bpm_histogram_second_peak_bpm": 167,
    "bpm_histogram_second_peak_spread": 0,
    "bpm_histogram_second_peak_weight": 0.323076933622,
    "danceability": 0.882334470749,
    "onset_rate": 2.2353515625,
    "beats_loudness_band_ratio": {
        "max": [0.766894578934, 0.543783009052, 0.595511078835, 0.804189145565, 0.267647653818, 0.118102282286],
        "mean": [0.378787606955, 0.133920878172, 0.190321147442, 0.214331641793, 0.0909587442875, 0.0445140786469],
        "min": [0.00400767661631, 0.0140706831589, 0.0289963018149, 0.0252857524902, 0.0192591771483, 0.00420024804771],
        "stdev": [0.193660244346, 0.106447927654, 0.130059674382, 0.155850857496, 0.0525456219912, 0.0284873768687]
    },
