{
"metadata": {
    "version": {
        "essentia": "2.1-beta5",
        "essentia_git_sha": "Undefined",
        "extractor": "music 2.0"
    },
    "audio_properties": {
        "analysis": {
            "equal_loudness": 0,
            "length": 32.4963264465,
            "sample_rate": 44100,
            "start_time": 110.248344421,
            "downmix": "mix"
        },
        "bit_rate": 192000,
        "length": 182.566894531,
        "lossless": 0,
        "number_channels": 2,
        "replay_gain": 0.306310653687,
        "sample_rate": 48000,
        "codec": "mp3",
        "md5_encoded": "e97eeff9a52ee34fcaace3ccf74fa2d2"
    },
    "tags": {
        "file_name": "Portugal_O Jardim_Cláudia Pascoal.mp3",
        "encoding": ["Lavf58.29.100"]
    }
},
"lowlevel": {
    "average_loudness": 0.957401633263,
    "barkbands_crest": {
        "max": 24.3739528656,
        "mean": 11.262181282,
        "min": 3.60560822487,
        "stdev": 4.21427154541
    },
    "barkbands_flatness_db": {
        "max": 0.578559279442,
        "mean": 0.257549405098,
        "min": 0.0404319092631,
        "stdev": 0.0895502269268
    },
    "barkbands_kurtosis": {
        "max": 91.9042663574,
        "mean": 5.7361330986,
        "min": -1.89400553703,
        "stdev": 6.97385025024
    },
    "barkbands_skewness": {
        "max": 9.03785610199,
        "mean": 1.64192426205,
        "min": -0.764539778233,
        "stdev": 1.02285754681
    },
    "barkbands_spread": {
        "max": 99.3885955811,
        "mean": 10.7457380295,
        "min": 1.32986915112,
        "stdev": 10.6812019348
    },
    "dissonance": {
        "max": 0.499445229769,
        "mean": 0.430119723082,
        "min": 0.152375027537,
        "stdev": 0.046184618026
    },
    "dynamic_complexity": 2.38313961029,
    "erbbands_crest": {
        "max": 26.3954582214,
        "mean": 11.1787900925,
        "min": 3.19267821312,
        "stdev": 4.40907669067
    },
    "erbbands_flatness_db": {
        "max": 0.468033194542,
        "mean": 0.250267922878,
        "min": 0.0881440639496,
        "stdev": 0.0731929019094
    },
    "erbbands_kurtosis": {
        "max": 19.278295517,
        "mean": 1.9149749279,
        "min": -1.78992652893,
        "stdev": 2.63715386391
    },
    "erbbands_skewness": {
        "max": 3.72691464424,
        "mean": 0.862776756287,
        "min": -1.39378941059,
        "stdev": 0.764272332191
    },
    "erbbands_spread": {
        "max": 133.932785034,
        "mean": 24.5195236206,
        "min": 3.65525126457,
        "stdev": 18.6030044556
    },
    "hfc": {
        "max": 97.7916107178,
        "mean": 15.8033294678,
        "min": 0.0567661635578,
        "stdev": 14.2892475128
    },
    "loudness_ebu128": {
        "integrated": -23.2538013458,
        "loudness_range": 2.95533752441,
        "momentary": {
            "max": -20.8332920074,
            "mean": -23.6231899261,
            "min": -30.8883628845,
            "stdev": 1.94918251038
        },
        "short_term": {
            "max": -21.4658184052,
            "mean": -23.290594101,
            "min": -27.7577285767,
            "stdev": 1.19643735886
        }
    },
    "melbands_crest": {
        "max": 31.2429656982,
        "mean": 14.1053152084,
        "min": 4.9678311348,
        "stdev": 5.1761932373
    },
    "melbands_flatness_db": {
        "max": 0.77038782835,
        "mean": 0.339264720678,
        "min": 0.0863194167614,
        "stdev": 0.119282096624
    },
    "melbands_kurtosis": {
        "max": 347.473388672,
        "mean": 10.7932806015,
        "min": -1.50713908672,
        "stdev": 14.7655029297
    },
    "melbands_skewness": {
        "max": 14.8864574432,
        "mean": 2.18737816811,
        "min": -0.123181648552,
        "stdev": 1.25361144543
    },
    "melbands_spread": {
        "max": 78.1351242065,
        "mean": 11.5766868591,
        "min": 1.29362213612,
        "stdev": 10.3238840103
    },
    "pitch_salience": {
        "max": 0.863748908043,
        "mean": 0.544619381428,
        "min": 0.14883479476,
        "stdev": 0.110428065062
    },
    "silence_rate_20dB": {
        "max": 1,
        "mean": 1,
        "min": 1,
        "stdev": 0
    },
    "silence_rate_30dB": {
        "max": 1,
        "mean": 0.975731611252,
        "min": 0,
        "stdev": 0.153881534934
    },
    "silence_rate_60dB": {
        "max": 1,
        "mean": 0.00142755173147,
        "min": 0,
        "stdev": 0.0377559773624
    },
    "spectral_centroid": {
        "max": 2790.57568359,
        "mean": 668.510437012,
        "min": 215.492523193,
        "stdev": 425.987915039
    },
    "spectral_complexity": {
        "max": 51,
        "mean": 13.8658103943,
        "min": 0,
        "stdev": 7.13240861893
    },
    "spectral_decrease": {
        "max": -3.71176873959e-11,
        "mean": -9.77264402735e-09,
        "min": -4.72006789209e-08,
        "stdev": 6.91505475103e-09
    },
    "spectral_energy": {
        "max": 0.18294274807,
        "mean": 0.0383175835013,
        "min": 0.000145239318954,
        "stdev": 0.0267302654684
    },
    "spectral_energyband_high": {
        "max": 0.00907648913562,
        "mean": 0.000340864469763,
        "min": 1.36382349858e-09,
        "stdev": 0.000863206223585
    },
    "spectral_energyband_low": {
        "max": 0.136881381273,
        "mean": 0.0150236655027,
        "min": 5.45895818505e-06,
        "stdev": 0.0180957764387
    },
    "spectral_energyband_middle_high": {
        "max": 0.0419646911323,
        "mean": 0.00430989218876,
        "min": 5.3167623264e-06,
        "stdev": 0.00712119461969
    },
    "spectral_energyband_middle_low": {
        "max": 0.154853120446,
        "mean": 0.020120035857,
        "min": 0.000134622314363,
        "stdev": 0.0167057458311
    },
    "spectral_entropy": {
        "max": 8.38982105255,
        "mean": 6.72748613358,
        "min": 4.96592950821,
        "stdev": 0.703038036823
    },
    "spectral_flux": {
        "max": 0.358558386564,
        "mean": 0.102773115039,
        "min": 0.00918654538691,
        "stdev": 0.0580360405147
    },
    "spectral_kurtosis": {
        "max": 301.914489746,
        "mean": 26.2401580811,
        "min": -1.44100046158,
        "stdev": 47.3682785034
    },
    "spectral_rms": {
        "max": 0.0133596677333,
        "mean": 0.00579801248387,
        "min": 0.000376426498406,
        "stdev": 0.00194063317031
    },
    "spectral_rolloff": {
        "max": 10357.4707031,
        "mean": 708.381469727,
        "min": 64.599609375,
        "stdev": 866.368041992
    },
    "spectral_skewness": {
        "max": 13.9492950439,
        "mean": 2.96051049232,
        "min": 0.0611404255033,
        "stdev": 2.39365649223
    },
    "spectral_spread": {
        "max": 17233026,
        "mean": 2819416,
        "min": 268718.21875,
        "stdev": 1801907.25
    },
    "spectral_strongpeak": {
        "max": 8.03927612305,
        "mean": 0.999953150749,
        "min": 0.0121281957254,
        "stdev": 1.21437752247
    },
    "zerocrossingrate": {
        "max": 0.24853515625,
        "mean": 0.029341833666,
        "min": 0.00390625,
        "stdev": 0.0229334048927
    },
    "barkbands": {
        "max": [0.00368621456437, 0.120207905769, 0.0347175970674, 0.0430520176888, 0.0567441880703, 0.0610082671046, 0.0396086834371, 0.0322322547436, 0.0232710018754, 0.0188758224249, 0.0254458859563, 0.00392499193549, 0.0284282732755, 0.00914401188493, 0.0109896995127, 0.00613399688154, 0.0130433766171, 0.00238473154604, 0.00158313626889, 0.00158618798014, 0.00353906629607, 0.00218261475675, 0.00223961658776, 0.00256791221909, 0.00563725689426, 0.000860482396092, 9.09294176381e-05],
        "mean": [0.000321571482345, 0.009960683994, 0.0033510052599, 0.00238768407144, 0.00701214186847, 0.00570102641359, 0.00163581687957, 0.00169059913605, 0.00151855568402, 0.00115984713193, 0.00102362234611, 0.000161829753779, 0.000815812905785, 0.000178358823177, 0.000481329450849, 0.000178471862455, 0.000176644971361, 0.000108171305328, 8.20930945338e-05, 8.48638592288e-05, 9.40871468629e-05, 6.00379280513e-05, 6.38441415504e-05, 2.9084216294e-05, 3.37877136189e-05, 6.20962873654e-06, 4.18753643316e-07],
        "min": [5.15724307704e-09, 5.4291632523e-08, 1.78546474672e-06, 2.13788851511e-07, 6.49337089271e-05, 2.33740393014e-05, 1.13686674013e-05, 1.28853216665e-05, 3.46869683199e-06, 7.38031019409e-07, 1.68300130099e-06, 6.48261845981e-07, 4.42256180122e-07, 8.75321063631e-07, 3.60921546871e-07, 1.25106140558e-07, 1.67029199361e-07, 7.61461171894e-10, 4.411216184e-11, 7.32068294873e-11, 9.81261877309e-11, 9.67649779748e-11, 1.10503418915e-10, 1.28974650404e-10, 1.09269419901e-10, 1.30533403531e-10, 1.59679713896e-10],
        "stdev": [0.000623073719908, 0.0154375685379, 0.00424444396049, 0.00417717592791, 0.00762684736401, 0.0082300035283, 0.00320424628444, 0.00286621018313, 0.00241920584813, 0.00236959196627, 0.00279532978311, 0.000277898594504, 0.0028519781772, 0.000663122220431, 0.00124524731655, 0.000504022289533, 0.000876127451193, 0.000248803728027, 0.000158940514666, 0.000163938369951, 0.000208995654248, 0.000177301000804, 0.00021701976948, 0.000146988531924, 0.000272565288469, 4.35152032878e-05, 4.40753547082e-06]
    },
    "erbbands": {
        "max": [3.57458376884, 30.667137146, 37.2599182129, 97.764175415, 109.222480774, 316.793182373, 547.007202148, 452.593048096, 604.680053711, 576.36920166, 828.975830078, 583.567443848, 382.748718262, 1108.09741211, 701.014831543, 219.003479004, 1368.24475098, 551.80859375, 551.979125977, 360.637420654, 502.910461426, 738.277954102, 154.234542847, 108.162475586, 61.6451377869, 65.3826065063, 224.404052734, 73.7096710205, 74.8432159424, 99.3270492554, 63.8752059937, 38.4887199402, 56.116809845, 83.0200042725, 28.6036128998, 6.68679761887, 1.16747701168, 0.226043894887, 0.00574904074892, 0.000211254067835],
        "mean": [0.322743862867, 2.08254289627, 3.58824825287, 7.06265497208, 9.1833896637, 30.0032100677, 53.7358703613, 35.1672019958, 22.0891113281, 28.0176067352, 40.9825515747, 38.5796737671, 20.4595413208, 63.4597892761, 21.6787338257, 12.0064840317, 39.3935966492, 11.9627542496, 24.5792980194, 12.9699640274, 10.6136617661, 9.91304111481, 5.7264046669, 6.13715982437, 3.28562188148, 4.00029182434, 5.0317363739, 2.4599237442, 2.16773676872, 2.03527855873, 1.85405564308, 0.705490350723, 0.500456690788, 0.45199778676, 0.187962383032, 0.0456208214164, 0.00839016586542, 0.00168960937299, 6.02318723395e-05, 4.49316794402e-05],
        "min": [6.72635360388e-06, 0.000102371224784, 0.00171204505023, 0.0132798664272, 0.106385208666, 0.253578513861, 0.238235071301, 0.184808239341, 0.262825101614, 0.259708493948, 0.276762962341, 0.0872126892209, 0.0165675990283, 0.0519562028348, 0.0501736328006, 0.0266369879246, 0.0164487734437, 0.0481089837849, 0.0283836834133, 0.011349930428, 0.00794030446559, 0.00866977404803, 0.0012445433531, 0.00013623155246, 3.17722515319e-05, 1.31732349473e-05, 1.06860343294e-05, 7.57573980081e-06, 5.78609160584e-06, 5.20901585332e-06, 4.99303450852e-06, 5.49090191271e-06, 4.61087302028e-06, 4.53065740658e-06, 3.88439593735e-06, 2.62880689661e-06, 1.50906157614e-06, 2.94701834491e-07, 1.47363175529e-06, 9.63842694546e-07],
        "stdev": [0.492952972651, 3.49116206169, 5.1051197052, 10.3781080246, 13.2384319305, 37.1833496094, 67.6259536743, 55.5968894958, 44.462978363, 35.5511932373, 82.0019836426, 59.9983673096, 34.2677955627, 139.735733032, 51.3387680054, 24.38539505, 138.353927612, 37.2615280151, 63.3070373535, 32.8006782532, 36.2114105225, 48.8404273987, 14.1133270264, 11.5595417023, 6.55430555344, 7.4525437355, 11.5589151382, 5.73721075058, 6.10347080231, 6.83777809143, 6.31239795685, 2.72082591057, 2.98480916023, 3.82331109047, 1.42143762112, 0.34076911211, 0.0571288093925, 0.0130858402699, 0.000324135326082, 3.20635044773e-05]
    },
    "gfcc": {
        "mean": [-67.8850097656, 187.940505981, -120.152770996, 24.4545974731, -56.63722229, -3.52833485603, -19.1155204773, -15.0057258606, -5.00149440765, -10.6317625046, -5.458070755, -8.30056190491, 4.17390918732],
        "cov": [[6728.16699219, -3459.64575195, -839.548034668, 2297.89404297, -1009.831604, 1126.73510742, -221.605606079, 659.030334473, -134.918991089, 320.632141113, 36.9569854736, 65.8618774414, -12.957201004], [-3459.64575195, 3033.29760742, 274.697509766, -1074.44348145, 1118.23425293, -797.377929688, 700.728271484, -447.450836182, 310.545623779, -194.356369019, 75.5498809814, -44.8991508484, 83.065826416], [-839.548034668, 274.697509766, 1040.44396973, -356.322906494, 88.9239959717, 84.4763793945, -164.065216064, 65.715461731, 18.7817268372, 102.069595337, -86.9244003296, 106.767425537, -10.8633813858], [2297.89404297, -1074.44348145, -356.322906494, 1467.02612305, -419.187103271, 347.328491211, 240.792236328, 91.5530853271, 132.913742065, 83.4655990601, 101.366752625, -4.59700775146, 25.3211860657], [-1009.831604, 1118.23425293, 88.9239959717, -419.187103271, 755.594665527, -274.615478516, 303.096160889, -38.2824897766, 77.3542480469, 29.7179908752, -25.5885047913, 36.4552574158, 7.81060266495], [1126.73510742, -797.377929688, 84.4763793945, 347.328491211, -274.615478516, 486.577819824, -163.713973999, 171.196411133, -12.6119375229, 55.7996826172, 36.698009491, 22.6818637848, 6.80404090881], [-221.605606079, 700.728271484, -164.065216064, 240.792236328, 303.096160889, -163.713973999, 553.706542969, -131.086791992, 169.824661255, 13.5120372772, 53.1390953064, 1.04567718506, 16.6609020233], [659.030334473, -447.450836182, 65.715461731, 91.5530853271, -38.2824897766, 171.196411133, -131.086791992, 264.076263428, -59.7806243896, 88.0629730225, -25.8453598022, 14.1186351776, 6.74805641174], [-134.918991089, 310.545623779, 18.7817268372, 132.913742065, 77.3542480469, -12.6119375229, 169.824661255, -59.7806243896, 257.105560303, -61.7542953491, 33.3126182556, 25.4773330688, 3.84428429604], [320.632141113, -194.356369019, 102.069595337, 83.4655990601, 29.7179908752, 55.7996826172, 13.5120372772, 88.0629730225, -61.7542953491, 176.34513855, -46.3561210632, 32.6020278931, 3.74467134476], [36.9569854736, 75.5498809814, -86.9244003296, 101.366752625, -25.5885047913, 36.698009491, 53.1390953064, -25.8453598022, 33.3126182556, -46.3561210632, 151.155563354, -41.510383606, 21.6595535278], [65.8618774414, -44.8991508484, 106.767425537, -4.59700775146, 36.4552574158, 22.6818637848, 1.04567718506, 14.1186351776, 25.4773330688, 32.6020278931, -41.510383606, 115.17276001, -21.3289375305], [-12.957201004, 83.065826416, -10.8633813858, 25.3211860657, 7.81060266495, 6.80404090881, 16.6609020233, 6.74805641174, 3.84428429604, 3.74467134476, 21.6595535278, -21.3289375305, 99.6382369995]],
        "icov": [[0.000884031760506, 0.000314524630085, 0.00057041097898, -0.000878297665622, -0.000166386642377, -0.00072717567673, 0.000113986956421, -0.000816081475932, 0.000194876382011, -0.00029736344004, 0.000225317169679, -0.000514494429808, 8.15960738692e-05], [0.000314524630085, 0.00622304202989, -0.00205734348856, 0.00270163267851, -0.00399998435751, 0.00279871025123, -0.0047851363197, 0.00267798523419, -0.00262769591063, 0.0030121456366, -0.00254658050835, 0.00272582261823, -0.00419149314985], [0.00057041097898, -0.00205734348856, 0.00263513624668, -0.0012089292286, 0.00129737530369, -0.00199562031776, 0.00232062675059, -0.00140587124042, 0.000287049042527, -0.00253858068027, 0.00122739281505, -0.00211207987741, 0.00149100879207], [-0.000878297665622, 0.00270163267851, -0.0012089292286, 0.00412245187908, -0.000463501870399, 0.00150261668023, -0.00391871156171, 0.00163922365755, -0.00227711815387, 0.000862216751557, -0.00182175484952, 0.00171252584551, -0.00224992004223], [-0.000166386642377, -0.00399998435751, 0.00129737530369, -0.000463501870399, 0.00588505622, -0.00103542488068, 0.000742160715163, -0.00331198913045, 0.00124263530597, -0.00247503374703, 0.00143116735853, -0.00254587549716, 0.00247085792944], [-0.00072717567673, 0.00279871025123, -0.00199562031776, 0.00150261668023, -0.00103542488068, 0.00638442160562, -0.0016446581576, 0.000222622184083, -0.00197045342065, 0.00139392365236, -0.0030266912654, 0.00101354368962, -0.00222354545258], [0.000113986956421, -0.0047851363197, 0.00232062675059, -0.00391871156171, 0.000742160715163, -0.0016446581576, 0.00922076404095, -0.000175325985765, 0.000163582415553, -0.00454510841519, 0.00114715960808, -0.00194086343981, 0.00327678001486], [-0.000816081475932, 0.00267798523419, -0.00140587124042, 0.00163922365755, -0.00331198913045, 0.000222622184083, -0.000175325985765, 0.00920545961708, -0.00142416078597, -0.000773096980993, -0.000909919966944, 0.00251125218347, -0.00243888376281], [0.000194876382011, -0.00262769591063, 0.000287049042527, -0.00227711815387, 0.00124263530597, -0.00197045342065, 0.000163582415553, -0.00142416078597, 0.00812956877053, 0.0024830554612, 0.00123992376029, -0.00308383326046, 0.00159556185827], [-0.00029736344004, 0.0030121456366, -0.00253858068027, 0.000862216751557, -0.00247503374703, 0.00139392365236, -0.00454510841519, -0.000773096980993, 0.0024830554612, 0.0124645102769, 0.000956069678068, 0.000110030880023, -0.00288304826245], [0.000225317169679, -0.00254658050835, 0.00122739281505, -0.00182175484952, 0.00143116735853, -0.0030266912654, 0.00114715960808, -0.000909919966944, 0.00123992376029, 0.000956069678068, 0.0104529364035, 0.00125030963682, 0.000625000044238], [-0.000514494429808, 0.00272582261823, -0.00211207987741, 0.00171252584551, -0.00254587549716, 0.00101354368962, -0.00194086343981, 0.00251125218347, -0.00308383326046, 0.000110030880023, 0.00125030963682, 0.0134852305055, 9.73569785856e-06], [8.15960738692e-05, -0.00419149314985, 0.00149100879207, -0.00224992004223, 0.00247085792944, -0.00222354545258, 0.00327678001486, -0.00243888376281, 0.00159556185827, -0.00288304826245, 0.000625000044238, 9.73569785856e-06, 0.013764009811]]
    },
    "melbands": {
        "max": [0.028126526624, 0.0258344076574, 0.0172167029232, 0.0124154081568, 0.0169976465404, 0.010140853934, 0.00920733436942, 0.00511106010526, 0.00668916851282, 0.00382418558002, 0.00190706911962, 0.00415863888338, 0.00231424090452, 0.000872480566613, 0.00277032470331, 0.00166026956867, 0.00112797052134, 0.000855221122038, 0.000824427814223, 0.000292693817755, 0.00074659276288, 0.000900776940398, 0.000227745214943, 0.000128286963445, 0.000110464810859, 4.51166306448e-05, 7.05400088918e-05, 4.81707320432e-05, 0.000169352948433, 6.78331925883e-05, 5.25611831108e-05, 4.86329918203e-05, 5.45187322132e-05, 5.65539194213e-05, 4.50251391158e-05, 2.57817318925e-05, 2.41733123403e-05, 3.3833366615e-05, 4.83082330902e-05, 8.02383510745e-05],
        "mean": [0.00285149575211, 0.00218956870958, 0.00122554670088, 0.00132821360603, 0.00181242520921, 0.000837211497128, 0.000341449922416, 0.000307697162498, 0.000339685648214, 0.000225842770305, 9.24520500121e-05, 0.000254662852967, 9.396335372e-05, 2.33413775277e-05, 7.50189792598e-05, 6.04004635534e-05, 1.79479902727e-05, 3.57912431355e-05, 2.91702617687e-05, 1.1338159311e-05, 1.27586781673e-05, 1.09687362055e-05, 6.7805267463e-06, 4.25466259912e-06, 5.27963084096e-06, 2.38442385125e-06, 2.20772471948e-06, 2.73154773822e-06, 3.88683838537e-06, 1.6200178834e-06, 1.37903077757e-06, 1.16579451515e-06, 1.22558981275e-06, 1.09291477202e-06, 1.19828052902e-06, 6.56468898796e-07, 3.42833430977e-07, 3.17076370493e-07, 4.27943177783e-07, 3.5534003473e-07],
        "min": [1.92885529771e-08, 7.97551876985e-07, 2.00696013053e-06, 1.33528965307e-05, 9.36169908528e-06, 4.20377091359e-06, 2.27988039114e-06, 2.8331392059e-06, 2.08195501727e-06, 4.11282599089e-07, 6.49825011578e-08, 1.99527235623e-07, 2.07432776733e-07, 8.15979532831e-08, 3.57755283176e-08, 6.21579445692e-08, 8.91882834253e-08, 4.94178920007e-08, 2.20682778718e-08, 9.83912951114e-09, 8.50614689796e-09, 9.46841627325e-09, 9.11777375823e-10, 1.56081068209e-11, 2.75156069804e-12, 2.16894102505e-12, 1.95691141243e-12, 1.8524452805e-12, 2.26434192577e-12, 1.87783534382e-12, 1.18405502417e-12, 1.85387512633e-12, 1.69252209904e-12, 1.6518722154e-12, 1.51595261951e-12, 8.47171399872e-13, 1.30766133598e-12, 1.61199374162e-12, 9.20365238015e-13, 6.52124621664e-13],
        "stdev": [0.004290567711, 0.00310568348505, 0.00179337069858, 0.00163601886015, 0.00199411739595, 0.00126807100605, 0.000686635728925, 0.000364602718037, 0.000680022058077, 0.000357533222996, 0.000177555863047, 0.000554791593459, 0.000230246121646, 4.69083570351e-05, 0.000267891620751, 0.000185113967746, 7.45163270039e-05, 9.39820092754e-05, 7.63023126638e-05, 2.78736279142e-05, 5.07198928972e-05, 5.95999263169e-05, 1.92593433894e-05, 1.05313283711e-05, 1.02485410025e-05, 4.54347173218e-06, 5.39431221114e-06, 5.21853507962e-06, 8.82251879375e-06, 4.10862867284e-06, 3.52608617504e-06, 3.34757214659e-06, 3.93117670683e-06, 3.90141576645e-06, 4.27102941103e-06, 2.126976824e-06, 1.59130343036e-06, 1.84351688404e-06, 2.93007451546e-06, 3.37473761647e-06]
    },
    "melbands128": {
        "max": [0.00362320779823, 0.0308669935912, 0.0453485772014, 0.0546336397529, 0.0258737299591, 0.01891300641, 0.0223075449467, 0.0204666499048, 0.0107692489401, 0.0150510706007, 0.0248649585992, 0.0186982955784, 0.0231195185333, 0.0174281131476, 0.0122962445021, 0.00904159061611, 0.00877997837961, 0.017572529614, 0.0149337090552, 0.0065555931069, 0.00343636143953, 0.0127098960802, 0.0121289687231, 0.00973092857748, 0.00591672863811, 0.00528678903356, 0.00426208134741, 0.00373470131308, 0.00230883201584, 0.00647994317114, 0.00937427673489, 0.006460478995, 0.00458910223097, 0.00495567591861, 0.00067521026358, 0.000580169376917, 0.00121595372912, 0.000882993103005, 0.00848897453398, 0.00277593801729, 0.00221937894821, 0.00180155585986, 0.00245959335007, 0.00150987657253, 0.00137421209365, 0.0015847121831, 0.00204264256172, 0.00109285197686, 0.000777169014327, 0.000639783451334, 0.000460104289232, 0.000267255381914, 0.000532019883394, 0.00115576863755, 0.0011196982814, 0.000988018000498, 0.000904663756955, 0.000175537774339, 0.000149233936099, 0.000142285993206, 0.000203806266654, 0.000285503017949, 0.000132066721562, 0.000231376776355, 5.20029207109e-05, 3.48110697814e-05, 6.09483940934e-05, 5.6979686633e-05, 0.000129899170133, 8.14851809992e-05, 7.20519310562e-05, 8.54257596075e-05, 0.000187733123312, 0.000356332806405, 0.000265781360213, 6.01111460128e-05, 3.85759449273e-05, 4.21063850808e-05, 7.97721731942e-05, 7.97115644673e-05, 9.17304641916e-05, 4.05779974244e-05, 4.64379700134e-05, 7.20297248336e-05, 5.36581101187e-05, 7.5822827057e-05, 5.06878859596e-05, 4.57374953839e-05, 8.20387504064e-05, 4.51168343716e-05, 3.24800384988e-05, 2.18005206989e-05, 3.98587435484e-05, 2.70931395789e-05, 3.79244011128e-05, 3.39815887855e-05, 3.05391768052e-05, 5.3097239288e-05, 5.69357143831e-05, 5.87241047469e-05, 0.00013334977848, 8.04233932286e-05, 6.25393804512e-05, 3.25960209011e-05, 3.04739642161e-05, 3.77334581572e-05, 3.21079860441e-05, 1.98414199986e-05, 8.34334332467e-06, 3.745046115e-06, 1.3120826452e-06, 2.51567803389e-06, 6.06817684456e-06, 5.28760938323e-06, 2.44842090069e-06, 2.72313423011e-06, 3.19438504448e-06, 4.61171822508e-07, 1.00105189915e-07, 7.40979411162e-09, 7.89123488776e-10, 9.32969701495e-09, 8.28040782608e-08, 7.39686034645e-10, 7.24464821467e-10, 7.13323788926e-10, 7.13195613677e-10, 7.11584124957e-10],
        "mean": [0.000306699221255, 0.00244153989479, 0.00423008948565, 0.00312453322113, 0.00181128026452, 0.00174714019522, 0.00152226281352, 0.00107161479536, 0.000709193933289, 0.0012157370802, 0.00186681235209, 0.00169616658241, 0.00201855204068, 0.00175440264866, 0.000830571865663, 0.000345209322404, 0.000232405640418, 0.000415179907577, 0.000384524668334, 0.000288328767056, 0.000281027692836, 0.000282888737274, 0.000429287640145, 0.000282364781015, 0.000274222664302, 0.000210290570976, 6.48415007163e-05, 7.82932402217e-05, 7.81662893132e-05, 0.000266786315478, 0.000366312073311, 0.000165038291016, 5.50622753508e-05, 6.47300403216e-05, 1.68912592926e-05, 1.63623408298e-05, 2.05041433219e-05, 2.85428905045e-05, 0.00018342997646, 8.62370434334e-05, 3.01576947095e-05, 1.25815486172e-05, 2.13211424125e-05, 1.96495839191e-05, 1.00120432762e-05, 4.61203708255e-05, 5.88472648815e-05, 3.14236240229e-05, 1.59932678798e-05, 1.1604147403e-05, 1.15916818686e-05, 8.96548044693e-06, 1.33560124596e-05, 1.43007910083e-05, 1.24862117445e-05, 1.08433714558e-05, 9.86267605185e-06, 7.03523210177e-06, 6.26046357866e-06, 4.88405248689e-06, 2.27585337598e-06, 5.67288907405e-06, 6.34024809187e-06, 5.72772569285e-06, 2.70317127615e-06, 2.00378781301e-06, 2.26979818763e-06, 2.20018432628e-06, 2.2968997655e-06, 2.09908967008e-06, 2.22620224122e-06, 3.45488228959e-06, 3.83734413845e-06, 4.90243792228e-06, 2.44614761868e-06, 1.58504076353e-06, 1.29311524688e-06, 1.22083963561e-06, 1.60738545674e-06, 1.19557671496e-06, 1.20564777717e-06, 1.00851309526e-06, 1.42800104186e-06, 1.27095938751e-06, 9.79727587946e-07, 1.26912630094e-06, 9.18327373256e-07, 1.16745377454e-06, 1.4250009599e-06, 1.10443761514e-06, 7.60120428822e-07, 5.43733108316e-07, 4.18985393935e-07, 3.08783540959e-07, 3.13578681244e-07, 3.35080500236e-07, 2.80544384168e-07, 3.50034156327e-07, 4.10455612609e-07, 4.90157447075e-07, 4.79906645978e-07, 3.0576504173e-07, 2.53984239862e-07, 2.18721481815e-07, 2.26447056662e-07, 1.94910256823e-07, 1.59964216095e-07, 1.10161572309e-07, 6.45802202826e-08, 3.49364768226e-08, 1.81192891802e-08, 2.27640235551e-08, 3.16169632697e-08, 2.22502283265e-08, 1.68700342584e-08, 1.95857712271e-08, 1.56682382624e-08, 1.71230374324e-09, 8.8800578002e-11, 1.21769590938e-11, 6.60033616304e-12, 1.31820951724e-11, 6.62510740712e-11, 6.47135860524e-12, 5.84139160653e-12, 5.33142323692e-12, 5.05997023795e-12, 5.00139079457e-12],
        "min": [1.47745859991e-09, 8.64419469337e-09, 8.40017744252e-09, 2.66319819531e-08, 8.07512989809e-09, 6.94638174537e-07, 8.1123084783e-07, 9.43470013226e-08, 4.5700494411e-07, 5.12466067448e-06, 1.10278615466e-05, 1.20425647765e-05, 5.79840161663e-06, 5.51917355551e-06, 4.09785070588e-06, 1.78010168383e-06, 7.75895387051e-07, 3.67912718957e-07, 1.45758804138e-06, 2.29639954341e-06, 5.874683211e-07, 1.63260688169e-06, 6.61089757159e-07, 1.13633257115e-06, 4.90487707339e-07, 1.40547115279e-07, 2.92447275285e-08, 5.05723143363e-08, 9.66342170727e-08, 1.25590190692e-07, 2.06004855841e-07, 8.73304628612e-08, 5.57236425891e-08, 6.10481620811e-08, 5.26083532293e-08, 5.10550748345e-08, 5.59533894773e-08, 3.62798786568e-08, 7.30146121342e-09, 1.05216244606e-08, 6.97311293152e-08, 6.94433524018e-08, 2.40615758429e-08, 4.63844607168e-08, 1.11580531481e-08, 1.00136494652e-08, 1.90267410716e-08, 2.18581774902e-08, 8.29238189226e-09, 1.3994100323e-09, 5.5954627598e-09, 1.33677184877e-08, 7.55081153159e-09, 4.65350380452e-09, 1.69840075337e-09, 6.19168760707e-09, 8.63184745903e-10, 1.1622547369e-10, 6.6651413555e-11, 1.45360806725e-11, 8.82383142248e-12, 5.37539804335e-12, 3.47396699081e-12, 7.32595733209e-13, 1.81875239695e-12, 1.6157186266e-12, 1.76740338944e-12, 2.30623376299e-12, 1.97626246964e-12, 1.4668575599e-12, 1.66266393015e-12, 2.28128605416e-12, 1.29693521547e-12, 1.49784156432e-12, 2.4097650958e-12, 1.74053859433e-12, 1.33253423486e-12, 1.09097637608e-12, 9.05206627971e-13, 7.61402876512e-13, 1.72946390282e-12, 1.17922663821e-12, 1.43517955766e-12, 8.18262341565e-13, 6.97897902663e-13, 1.37602255978e-12, 1.20389776707e-12, 1.45576378643e-12, 1.46071891562e-12, 1.06736527169e-12, 6.19852042957e-13, 6.96737535288e-13, 1.0962148073e-12, 8.91897449992e-13, 6.51494591782e-13, 1.13135282392e-12, 5.60364471838e-13, 9.37714858019e-13, 6.69682787956e-13, 6.79541709361e-13, 6.06246877786e-13, 4.08171435019e-13, 6.70580507355e-13, 8.18416298273e-13, 6.31558228024e-13, 5.77576343957e-13, 5.16813425822e-13, 5.45481032305e-13, 4.59005229658e-13, 5.10854108581e-13, 4.78924463022e-13, 6.07759881917e-13, 4.75344156398e-13, 5.02824236241e-13, 4.92061903376e-13, 4.20909319768e-13, 5.17500051058e-13, 4.84948290292e-13, 4.49757581438e-13, 5.04377897954e-13, 4.46855280643e-13, 4.8791184851e-13, 4.42847852573e-13, 4.65077900236e-13, 3.48597588512e-13, 1.41316361282e-13, 1.25037970293e-14, 7.79962919727e-16],
        "stdev": [0.000607593741734, 0.00400784984231, 0.00667673302814, 0.0059114927426, 0.00327938352711, 0.00211578048766, 0.00228525092825, 0.00197927816771, 0.00132372044027, 0.00192253349815, 0.00270919082686, 0.00208831625059, 0.00294547015801, 0.0026642580051, 0.00163658254314, 0.00078242039308, 0.000569486815948, 0.00116133736446, 0.000795188243501, 0.000463001226308, 0.000367813772755, 0.000749438710045, 0.00107904116157, 0.000720899610315, 0.000604746397585, 0.000353798037395, 0.00020254762785, 0.000256512925262, 0.000191500308574, 0.000716798647773, 0.00102026970126, 0.000566783826798, 0.000226857635425, 0.000252997822827, 3.04014120047e-05, 3.80134952138e-05, 6.80630619172e-05, 6.76846175338e-05, 0.000798343506176, 0.000304929621052, 0.000115192735393, 5.98467886448e-05, 0.000120472119306, 0.000104640072095, 4.47214843007e-05, 0.000148617778905, 0.000181975250598, 0.000103679973108, 6.34486277704e-05, 3.95982679038e-05, 3.49288675352e-05, 2.11187343666e-05, 4.15215727116e-05, 7.43416021578e-05, 6.83952093823e-05, 6.39604040771e-05, 5.49575706827e-05, 1.90672490135e-05, 1.71306346601e-05, 1.48467606778e-05, 9.69138727669e-06, 1.89524180314e-05, 1.5137689843e-05, 1.53973760462e-05, 5.30906027052e-06, 4.26784572483e-06, 5.81281665291e-06, 6.04842443863e-06, 7.10375707058e-06, 5.80657342653e-06, 5.00809892401e-06, 8.41190922074e-06, 9.06674358703e-06, 1.43341212606e-05, 1.02215344668e-05, 4.11200426242e-06, 3.61275829164e-06, 3.22992445945e-06, 4.36769187218e-06, 3.65454889106e-06, 4.18775744038e-06, 2.96823282042e-06, 4.22737912231e-06, 4.56911175206e-06, 3.50402979166e-06, 5.03121373185e-06, 3.30827788275e-06, 4.41985685029e-06, 5.81278345635e-06, 3.61582033293e-06, 2.53351208812e-06, 1.84809516668e-06, 1.7022538259e-06, 1.56276337293e-06, 1.84710052054e-06, 1.96700875676e-06, 1.6557435174e-06, 2.49999243351e-06, 2.73287037089e-06, 3.5510354337e-06, 5.19330887983e-06, 3.10948053084e-06, 2.43582576331e-06, 1.5562226281e-06, 1.56927580974e-06, 1.53471387421e-06, 1.35683160352e-06, 9.26417726532e-07, 4.80096730371e-07, 2.20767191195e-07, 9.9081098881e-08, 1.44827552617e-07, 2.45308257263e-07, 1.91470277855e-07, 1.25539727946e-07, 1.70806586652e-07, 1.65670115848e-07, 2.1697823982e-08, 2.69329003544e-09, 1.99232991216e-10, 2.39779827937e-11, 2.50089754461e-10, 2.21157092639e-09, 2.48455700458e-11, 2.20952735275e-11, 2.17493505844e-11, 2.17028756078e-11, 2.16405868919e-11]
    },
    "mfcc": {
        "mean": [-709.274108887, 207.810913086, -1.65483009815, 30.8446540833, -12.2422351837, 13.9776916504, -11.4334192276, 2.36651349068, -2.0220105648, 1.562084198, -7.84090185165, 1.79703533649, -2.97118902206],
        "cov": [[7844.83789062, -4609.22900391, -200.395629883, 1067.73083496, -271.535186768, 351.288635254, 148.689865112, 440.605041504, -83.4682617188, 555.375793457, 8.20398616791, -28.6332511902, 147.828170776], [-4609.22900391, 3996.6652832, -492.709228516, -244.052322388, 166.967849731, -77.5139541626, 98.2099456787, -137.992248535, 215.618865967, -239.388259888, 72.1753616333, 44.3287506104, -55.5819320679], [-200.395629883, -492.709228516, 1043.65039062, -309.963226318, 161.849304199, 17.2613277435, -92.0546951294, -62.2532997131, 39.6467666626, -97.3338165283, 51.4942512512, 45.1831741333, 20.4654808044], [1067.73083496, -244.052322388, -309.963226318, 868.686950684, -220.574279785, 232.372283936, 136.038421631, 139.221176147, 115.805969238, 109.166496277, 120.603126526, 1.67832636833, 128.242874146], [-271.535186768, 166.967849731, 161.849304199, -220.574279785, 328.855163574, -88.0933303833, 24.5473442078, -21.041885376, 68.5559158325, -29.0092220306, 13.1709222794, 23.8459281921, 1.05387413502], [351.288635254, -77.5139541626, 17.2613277435, 232.372283936, -88.0933303833, 305.438293457, -0.862172663212, 130.002151489, 38.483997345, 53.2655792236, 46.061340332, 46.6539993286, 48.5016899109], [148.689865112, 98.2099456787, -92.0546951294, 136.038421631, 24.5473442078, -0.862172663212, 289.69934082, -57.4688987732, 86.7232666016, 14.8347349167, 57.3457298279, 4.68059206009, 30.4777679443], [440.605041504, -137.992248535, -62.2532997131, 139.221176147, -21.041885376, 130.002151489, -57.4688987732, 240.126785278, -36.24193573, 101.72870636, 11.0601615906, 22.703578949, 40.9910163879], [-83.4682617188, 215.618865967, 39.6467666626, 115.805969238, 68.5559158325, 38.483997345, 86.7232666016, -36.24193573, 287.768890381, -69.6206588745, 113.79863739, 13.1504230499, 43.9671440125], [555.375793457, -239.388259888, -97.3338165283, 109.166496277, -29.0092220306, 53.2655792236, 14.8347349167, 101.72870636, -69.6206588745, 203.509689331, -34.837146759, 30.2065925598, 7.97871017456], [8.20398616791, 72.1753616333, 51.4942512512, 120.603126526, 13.1709222794, 46.061340332, 57.3457298279, 11.0601615906, 113.79863739, -34.837146759, 155.424346924, -13.3401489258, 55.0088768005], [-28.6332511902, 44.3287506104, 45.1831741333, 1.67832636833, 23.8459281921, 46.6539993286, 4.68059206009, 22.703578949, 13.1504230499, 30.2065925598, -13.3401489258, 118.504646301, -21.2420291901], [147.828170776, -55.5819320679, 20.4654808044, 128.242874146, 1.05387413502, 48.5016899109, 30.4777679443, 40.9910163879, 43.9671440125, 7.97871017456, 55.0088768005, -21.2420291901, 143.148757935]],
        "icov": [[0.000854784040712, 0.00101043074392, 0.000461970164906, -0.000386470084777, -0.00034136523027, -0.000261098961346, -0.000400647317292, -0.000515851774253, -0.000461722549517, -0.000603934109677, 3.5396504245e-05, 0.000208146491786, 0.000306543486658], [0.00101043074392, 0.00153811252676, 0.000855732883792, -0.000260086002527, -0.000533925951459, -0.000428940285929, -0.000497013621498, -0.000545401475392, -0.000670329318382, -0.000318065431202, -0.0001654207299, -5.29009448655e-05, 0.000355014461093], [0.000461970164906, 0.000855732883792, 0.00188081816304, 0.000472919113236, -0.00073511415394, -0.000843481277116, 0.000277891842416, 0.000396264251322, -0.00017100473633, 0.000190829101484, -0.000981328892522, -0.000753103638999, -0.000411576795159], [-0.000386470084777, -0.000260086002527, 0.000472919113236, 0.00293741840869, 0.00157904799562, -0.000724706973415, -0.000524405273609, -0.000261890440015, -0.000750316306949, -0.000348479108652, -0.00107692892198, -0.000374688796001, -0.0013723623706], [-0.00034136523027, -0.000533925951459, -0.00073511415394, 0.00157904799562, 0.0052500362508, 0.00169372791424, -0.000740080606192, -0.00130664848257, -0.0015204497613, -0.000216248110519, 6.64258550387e-06, -0.00100851338357, -0.000918262754567], [-0.000261098961346, -0.000428940285929, -0.000843481277116, -0.000724706973415, 0.00169372791424, 0.00611535087228, -2.69935435426e-06, -0.00263583986089, -0.000599783204962, 0.000212144572288, -0.000218868939555, -0.00191287777852, -0.00048355400213], [-0.000400647317292, -0.000497013621498, 0.000277891842416, -0.000524405273609, -0.000740080606192, -2.69935435426e-06, 0.00523069081828, 0.00267368019558, -0.000231094250921, -0.00111197005026, -0.00139169441536, -0.000539558473974, -0.000634395109955], [-0.000515851774253, -0.000545401475392, 0.000396264251322, -0.000261890440015, -0.00130664848257, -0.00263583986089, 0.00267368019558, 0.00867978204042, 0.00150354369543, -0.00255880714394, -0.00156523764599, -0.000485322350869, -0.00144283601549], [-0.000461722549517, -0.000670329318382, -0.00017100473633, -0.000750316306949, -0.0015204497613, -0.000599783204962, -0.000231094250921, 0.00150354369543, 0.00671225506812, 0.00193871580996, -0.00319028133526, -0.00118697038852, -0.000373617484001], [-0.000603934109677, -0.000318065431202, 0.000190829101484, -0.000348479108652, -0.000216248110519, 0.000212144572288, -0.00111197005026, -0.00255880714394, 0.00193871580996, 0.0089545045048, 0.00144379376434, -0.00198219320737, -0.000259248743532], [3.5396504245e-05, -0.0001654207299, -0.000981328892522, -0.00107692892198, 6.64258550387e-06, -0.000218868939555, -0.00139169441536, -0.00156523764599, -0.00319028133526, 0.00144379376434, 0.0117123322561, 0.00193670811132, -0.00149107060861], [0.000208146491786, -5.29009448655e-05, -0.000753103638999, -0.000374688796001, -0.00100851338357, -0.00191287777852, -0.000539558473974, -0.000485322350869, -0.00118697038852, -0.00198219320737, 0.00193670811132, 0.0111755933613, 0.00250642606989], [0.000306543486658, 0.000355014461093, -0.000411576795159, -0.0013723623706, -0.000918262754567, -0.00048355400213, -0.000634395109955, -0.00144283601549, -0.000373617484001, -0.000259248743532, -0.00149107060861, 0.00250642606989, 0.00988827086985]]
    },
    "spectral_contrast_coeffs": {
        "max": [-0.351734340191, -0.507946133614, -0.510611772537, -0.574976444244, -0.608503937721, -0.488427907228],
        "mean": [-0.679295957088, -0.748216450214, -0.755414664745, -0.79822832346, -0.793113708496, -0.700148701668],
        "min": [-0.893720626831, -0.944635093212, -0.898395895958, -0.902694284916, -0.905793070793, -0.962870895863],
        "stdev": [0.0983300805092, 0.0600893758237, 0.0653723105788, 0.0599686466157, 0.0494143478572, 0.0904932096601]
    },
    "spectral_contrast_valleys": {
        "max": [-4.51283740997, -4.68990087509, -6.00253009796, -6.01448392868, -5.98227310181, -7.89523887634],
        "mean": [-6.16414880753, -6.28696727753, -7.43135881424, -8.01864528656, -8.74434089661, -12.6439361572],
        "min": [-9.67430877686, -7.74747943878, -9.40866851807, -10.6754274368, -14.2880172729, -15.9232673645],
        "stdev": [0.907441914082, 0.461789131165, 0.556254386902, 0.744472026825, 1.52387535572, 1.75985133648]
    }
},
"rhythm": {
    "beats_count": 64,
    "beats_loudness": {
        "max": 0.135571792722,
        "mean": 0.0519098043442,
        "min": 0.00560151785612,
        "stdev": 0.0350556634367
    },
    "bpm": 118.415138245,
    "bpm_histogram_first_peak_bpm": 117,
    "bpm_histogram_first_peak_weight": 0.488372087479,
    "bpm_histogram_second_peak_bpm": 123,
    "bpm_histogram_second_peak_spread": 0.0526315569878,
    "bpm_histogram_second_peak_weight": 0.285714298487,
    "danceability": 1.13619446754,
    "onset_rate": 2.86083960533,
    "beats_loudness_band_ratio": {
        "max": [0.954140663147, 0.866262614727, 0.405724108219, 0.547487258911, 0.501602768898, 0.251800626516],
        "mean": [0.42662769556, 0.314255148172, 0.144151195884, 0.0698161497712, 0.050272449851, 0.021003253758],
        "min": [0.000959513010457, 0.0337817184627, 0.0159058831632, 0.00260828924365, 0.000179179522092, 3.95706410927e-06],
        "stdev": [0.304879248142, 0.237339779735, 0.110503681004, 0.112905696034, 0.0971684679389, 0.043112937361]
    },
    "beats_position": [0.452789098024, 0.917188167572, 1.39319729805, 1.88081634045, 2.36843538284, 2.85605430603, 3.35528349876, 3.85451245308, 4.3653512001, 4.85297060013, 5.34058952332, 5.85142850876, 6.3622674942, 6.84988641739, 7.3491153717, 7.84834432602, 8.35918331146, 8.84680271149, 9.33442115784, 9.84526062012, 10.3560991287, 10.8437185287, 11.3429479599, 11.8421764374, 12.3530158997, 12.8638544083, 13.3514738083, 13.8507022858, 14.3499317169, 14.8375511169, 15.3367795944, 15.8360090256, 16.3468475342, 16.8576869965, 17.3569164276, 17.8561439514, 18.3669834137, 18.8546028137, 19.3538322449, 19.853061676, 20.363899231, 20.851518631, 21.339138031, 21.8499774933, 22.3608150482, 22.8484344482, 23.3476638794, 23.8468933105, 24.3577327728, 24.8453502655, 25.3329696655, 25.8438091278, 26.3546485901, 26.8422679901, 27.3414955139, 27.8407249451, 28.3515644073, 28.8624038696, 29.3732414246, 29.895690918, 30.4181404114, 30.9289798737, 31.4398174286, 31.962266922],
