{
"metadata": {
    "version": {
        "essentia": "2.1-beta5",
        "essentia_git_sha": "Undefined",
        "extractor": "music 2.0"
    },
    "audio_properties": {
        "analysis": {
            "equal_loudness": 0,
            "length": 32.4963264465,
            "sample_rate": 44100,
            "start_time": 12.7477550507,
            "downmix": "mix"
        },
        "bit_rate": 192000,
        "length": 196.48727417,
        "lossless": 0,
        "number_channels": 2,
        "replay_gain": 3.30542564392,
        "sample_rate": 48000,
        "codec": "mp3",
        "md5_encoded": "9740d33ef699d5c866e9fb803e4a6252"
    },
    "tags": {
        "file_name": "Montenegro_Inje_Vanja Radovanović.mp3",
        "encoding": ["Lavf58.29.100"]
    }
},
"lowlevel": {
    "average_loudness": 0.773729920387,
    "barkbands_crest": {
        "max": 25.7474765778,
        "mean": 11.9561672211,
        "min": 3.63043141365,
        "stdev": 4.59580039978
    },
    "barkbands_flatness_db": {
        "max": 0.527261972427,
        "mean": 0.261032760143,
        "min": 0.0737831741571,
        "stdev": 0.0863471776247
    },
    "barkbands_kurtosis": {
        "max": 176.941864014,
        "mean": 13.1292409897,
        "min": -1.90188193321,
        "stdev": 21.1383266449
    },
    "barkbands_skewness": {
        "max": 11.1883049011,
        "mean": 2.29120969772,
        "min": -2.48255062103,
        "stdev": 1.89621043205
    },
    "barkbands_spread": {
        "max": 87.0937042236,
        "mean": 9.85359668732,
        "min": 0.422635048628,
        "stdev": 12.1438274384
    },
    "dissonance": {
        "max": 0.499099969864,
        "mean": 0.410740941763,
        "min": 0.204896479845,
        "stdev": 0.0544682852924
    },
    "dynamic_complexity": 5.06811141968,
    "erbbands_crest": {
        "max": 32.7184295654,
        "mean": 11.898065567,
        "min": 2.74199175835,
        "stdev": 5.19917011261
    },
    "erbbands_flatness_db": {
        "max": 0.508619368076,
        "mean": 0.265148341656,
        "min": 0.0583397373557,
        "stdev": 0.0877410024405
    },
    "erbbands_kurtosis": {
        "max": 36.9052619934,
        "mean": 2.65489935875,
        "min": -1.75734686852,
        "stdev": 4.32332515717
    },
    "erbbands_skewness": {
        "max": 5.37826824188,
        "mean": 1.09750294685,
        "min": -4.21033620834,
        "stdev": 0.986028194427
    },
    "erbbands_spread": {
        "max": 120.703399658,
        "mean": 26.5895767212,
        "min": 1.02736675739,
        "stdev": 22.0979824066
    },
    "hfc": {
        "max": 131.567260742,
        "mean": 11.50248909,
        "min": 0.0472734048963,
        "stdev": 16.2251625061
    },
    "loudness_ebu128": {
        "integrated": -28.2897911072,
        "loudness_range": 7.7006072998,
        "momentary": {
            "max": -23.5347213745,
            "mean": -30.806476593,
            "min": -43.6080780029,
            "stdev": 4.91729450226
        },
        "short_term": {
            "max": -24.565984726,
            "mean": -29.2806987762,
            "min": -36.0710220337,
            "stdev": 2.71306967735
        }
    },
    "melbands_crest": {
        "max": 31.676240921,
        "mean": 15.8442392349,
        "min": 4.68989419937,
        "stdev": 5.967648983
    },
    "melbands_flatness_db": {
        "max": 0.657352864742,
        "mean": 0.330493956804,
        "min": 0.0592017844319,
        "stdev": 0.119316987693
    },
    "melbands_kurtosis": {
        "max": 500.860321045,
        "mean": 24.0894393921,
        "min": -1.8845744133,
        "stdev": 44.4541015625
    },
    "melbands_skewness": {
        "max": 17.99741745,
        "mean": 2.8818564415,
        "min": -0.858614265919,
        "stdev": 2.49138450623
    },
    "melbands_spread": {
        "max": 222.824172974,
        "mean": 12.754029274,
        "min": 0.544757425785,
        "stdev": 22.3830947876
    },
    "pitch_salience": {
        "max": 0.806474626064,
        "mean": 0.517320275307,
        "min": 0.0791828483343,
        "stdev": 0.149311989546
    },
    "silence_rate_20dB": {
        "max": 1,
        "mean": 1,
        "min": 1,
        "stdev": 0
    },
    "silence_rate_30dB": {
        "max": 1,
        "mean": 0.997858643532,
        "min": 0,
        "stdev": 0.046224731952
    },
    "silence_rate_60dB": {
        "max": 1,
        "mean": 0.252676665783,
        "min": 0,
        "stdev": 0.434544712305
    },
    "spectral_centroid": {
        "max": 5063.00830078,
        "mean": 727.571960449,
        "min": 180.693252563,
        "stdev": 685.788391113
    },
    "spectral_complexity": {
        "max": 35,
        "mean": 9.31834411621,
        "min": 0,
        "stdev": 5.87000417709
    },
    "spectral_decrease": {
        "max": -3.16984181958e-11,
        "mean": -4.85190021493e-09,
        "min": -5.04077704022e-08,
        "stdev": 5.32226840377e-09
    },
    "spectral_energy": {
        "max": 0.193041428924,
        "mean": 0.0193554889411,
        "min": 0.000126581144286,
        "stdev": 0.0208755303174
    },
    "spectral_energyband_high": {
        "max": 0.0155336065218,
        "mean": 0.000457641057437,
        "min": 3.0093683101e-09,
        "stdev": 0.00134425063152
    },
    "spectral_energyband_low": {
        "max": 0.149454087019,
        "mean": 0.0027881981805,
        "min": 1.46497700371e-06,
        "stdev": 0.00730724725872
    },
    "spectral_energyband_middle_high": {
        "max": 0.0339821688831,
        "mean": 0.00231929146685,
        "min": 7.20464913684e-06,
        "stdev": 0.00509952567518
    },
    "spectral_energyband_middle_low": {
        "max": 0.148964121938,
        "mean": 0.0148571580648,
        "min": 9.05474007595e-05,
        "stdev": 0.0181107781827
    },
    "spectral_entropy": {
        "max": 8.78037834167,
        "mean": 6.54973506927,
        "min": 4.36951971054,
        "stdev": 0.788184642792
    },
    "spectral_flux": {
        "max": 0.345702677965,
        "mean": 0.0516911186278,
        "min": 0.00259034382179,
        "stdev": 0.0436406955123
    },
    "spectral_kurtosis": {
        "max": 378.639068604,
        "mean": 31.4529876709,
        "min": -1.17287051678,
        "stdev": 50.582649231
    },
    "spectral_rms": {
        "max": 0.0137234507129,
        "mean": 0.00372833758593,
        "min": 0.000351416849298,
        "stdev": 0.00223224237561
    },
    "spectral_rolloff": {
        "max": 10185.2050781,
        "mean": 912.602722168,
        "min": 129.19921875,
        "stdev": 1347.84521484
    },
    "spectral_skewness": {
        "max": 15.5126581192,
        "mean": 3.29709291458,
        "min": -0.330666333437,
        "stdev": 2.65351915359
    },
    "spectral_spread": {
        "max": 24974632,
        "mean": 3318920.25,
        "min": 283611.8125,
        "stdev": 2309818.5
    },
    "spectral_strongpeak": {
        "max": 14.38697052,
        "mean": 1.02944886684,
        "min": 0.00956144183874,
        "stdev": 1.20425033569
    },
    "zerocrossingrate": {
        "max": 0.3603515625,
        "mean": 0.0365479029715,
        "min": 0.005859375,
        "stdev": 0.0382202155888
    },
    "barkbands": {
        "max": [0.000937364122365, 0.0657305493951, 0.0680738985538, 0.0871665626764, 0.0871949642897, 0.0235923416913, 0.0483036860824, 0.0522726476192, 0.0554435178638, 0.0192097388208, 0.00595460785553, 0.0156749226153, 0.0215000677854, 0.00523262610659, 0.00218530534767, 0.00148455437738, 0.00284064002335, 0.00342441396788, 0.00722624082118, 0.00617317249998, 0.0111641781405, 0.00401016138494, 0.00417324062437, 0.00537603860721, 0.00423610024154, 0.000435569265392, 3.52025890606e-05],
        "mean": [1.77957463166e-05, 0.000735600129701, 0.00105020788033, 0.00354661466554, 0.00581264449283, 0.00181047327351, 0.00131535623223, 0.000864516827278, 0.0012916252017, 0.000403979356633, 0.000226434625802, 0.000649827590678, 0.000435940630268, 0.000205445379834, 5.19403110957e-05, 3.32237905241e-05, 5.14309685968e-05, 0.000127140679979, 0.000119068063213, 0.000198742302018, 8.70481308084e-05, 0.000127347142552, 7.91933125583e-05, 8.32085206639e-05, 2.81255724985e-05, 2.52144673141e-06, 5.7896681227e-08],
        "min": [4.34038316399e-09, 2.77598161347e-07, 3.72551660632e-08, 8.48393000297e-08, 8.22884373974e-07, 2.18604805013e-06, 8.9209544285e-07, 4.71801996582e-07, 7.10868562237e-07, 1.49661082105e-06, 8.72094361171e-08, 7.88426177678e-07, 2.49423152354e-07, 1.4209820165e-07, 1.2101141067e-07, 4.3815290951e-08, 8.79810091448e-09, 2.14376350005e-10, 2.1454463206e-10, 9.73227748391e-11, 1.70055983184e-10, 1.55578175343e-10, 1.82818607475e-10, 2.66492217182e-10, 1.6150353277e-10, 2.89865409453e-10, 3.3119154641e-10],
        "stdev": [5.83264918532e-05, 0.00334244291298, 0.00309914210811, 0.00840276479721, 0.0105759948492, 0.00269355345517, 0.00282983202487, 0.00255789398216, 0.00366228888743, 0.00123355444521, 0.000555807433557, 0.00190851057414, 0.00146888615564, 0.000556794984732, 0.000117384428449, 9.26064021769e-05, 0.000175540393684, 0.000387033214793, 0.000494956271723, 0.000626391149126, 0.000504954601638, 0.000377442542231, 0.00027979403967, 0.00034558531479, 0.000187215948245, 1.74803790287e-05, 1.14201486667e-06]
    },
    "erbbands": {
        "max": [0.542622685432, 19.3940734863, 73.8396835327, 168.075149536, 367.638793945, 384.709960938, 424.378448486, 272.317962646, 635.06237793, 786.608032227, 465.272949219, 1417.47094727, 664.185180664, 158.740142822, 234.445053101, 649.245788574, 866.659667969, 305.523193359, 110.787574768, 101.11882782, 65.7252883911, 185.940750122, 188.588851929, 230.174880981, 281.421264648, 226.415878296, 284.284637451, 508.574890137, 155.792221069, 217.703735352, 132.229370117, 128.619506836, 82.6938476562, 67.7967605591, 20.2083206177, 2.58849811554, 0.780748009682, 0.235649317503, 0.00437551550567, 0.000212001585169],
        "mean": [0.00940561667085, 0.211930885911, 1.10981893539, 6.07604837418, 23.0274944305, 13.2888240814, 10.5123558044, 19.3156719208, 22.9647483826, 18.0346469879, 14.4721212387, 19.77069664, 34.4559593201, 7.8346323967, 10.351483345, 26.0026283264, 23.8266448975, 13.3333749771, 3.67136311531, 2.31384921074, 1.97645568848, 4.24686384201, 6.67376279831, 4.36364173889, 8.99929714203, 9.59917259216, 2.68945550919, 4.23920297623, 4.1422700882, 4.02061986923, 2.10340356827, 2.28489804268, 0.961039245129, 0.413834422827, 0.146349430084, 0.0237498618662, 0.00279754051007, 0.000440930365585, 2.18779459829e-05, 2.36202358792e-05],
        "min": [7.0947075983e-06, 7.74877116783e-05, 0.000224846924539, 0.000405047903769, 0.000620045815594, 0.00327025726438, 0.00615249155089, 0.014113557525, 0.0174486804754, 0.00889434572309, 0.0107452860102, 0.0388254933059, 0.0625437647104, 0.0473097525537, 0.0519428774714, 0.029406318441, 0.0167391207069, 0.0186158064753, 0.00865233782679, 0.00577083509415, 0.00443685986102, 0.000727203907445, 0.000226613832638, 4.32422602898e-05, 1.67543385032e-05, 1.25316391859e-05, 1.06228353616e-05, 6.82821473674e-06, 7.4037388913e-06, 6.38570736555e-06, 6.63184664518e-06, 7.22306140233e-06, 5.76155025556e-06, 4.17621959059e-06, 2.82450287159e-06, 2.10394682654e-06, 9.78670755103e-07, 2.71316508815e-07, 1.29754724298e-07, 1.50923852971e-07],
        "stdev": [0.0381230860949, 0.940138816833, 3.29727673531, 13.4870586395, 48.2192268372, 27.7346668243, 31.0165233612, 28.7644309998, 45.0425987244, 47.9447250366, 30.9802341461, 65.4767608643, 88.2682495117, 15.230463028, 22.2212524414, 76.1098251343, 71.71824646, 35.843334198, 7.34104585648, 5.41751289368, 5.26529598236, 12.2943077087, 19.8687610626, 15.3770856857, 30.0999679565, 30.8855895996, 14.194278717, 22.0954856873, 13.0511140823, 13.1093740463, 7.28664731979, 8.50438594818, 4.95789051056, 2.74729990959, 0.999905467033, 0.145145609975, 0.0263445023447, 0.0073605501093, 0.000140232747071, 2.49103304668e-05]
    },
    "gfcc": {
        "mean": [-133.542922974, 161.435119629, -120.145133972, 5.61877441406, -75.9963607788, -2.4996201992, -37.7784881592, -18.8858795166, -18.3742771149, -14.9262876511, -6.2056593895, -14.8175754547, -5.83283090591],
        "cov": [[13201.2373047, -5752.60302734, -610.565002441, 4130.85839844, -2538.07739258, 1882.9173584, -553.601806641, 131.043823242, -693.898010254, -481.723175049, -205.805252075, -409.626617432, -484.92666626], [-5752.60302734, 3812.71850586, 130.009552002, -2105.76342773, 1599.18005371, -1067.35522461, 489.230499268, -209.282501221, 516.98651123, 68.1611938477, 238.049102783, 138.000473022, 287.51675415], [-610.565002441, 130.009552002, 1035.76489258, 45.6146278381, 92.7606964111, 133.715637207, -154.649917603, -71.8067855835, -6.10380601883, 28.2026615143, -281.941955566, 47.1657981873, 24.3704967499], [4130.85839844, -2105.76342773, 45.6146278381, 2092.8059082, -979.290283203, 682.301635742, -68.2383880615, -95.3709030151, -239.000732422, -242.646636963, -238.859680176, -175.09942627, -139.192123413], [-2538.07739258, 1599.18005371, 92.7606964111, -979.290283203, 1005.42047119, -456.557281494, 132.216491699, 103.62550354, 189.475921631, 164.057510376, 81.2968521118, 111.582870483, 164.956817627], [1882.9173584, -1067.35522461, 133.715637207, 682.301635742, -456.557281494, 621.50189209, -112.401863098, 96.6363601685, -121.326416016, -39.3217658997, -86.0350494385, -60.8010253906, -36.2523345947], [-553.601806641, 489.230499268, -154.649917603, -68.2383880615, 132.216491699, -112.401863098, 357.597351074, -59.1277008057, 72.9271697998, -12.3856239319, 23.7162418365, 12.8587446213, 5.28516292572], [131.043823242, -209.282501221, -71.8067855835, -95.3709030151, 103.62550354, 96.6363601685, -59.1277008057, 409.765533447, -46.264705658, 126.699584961, 81.6671905518, 10.8611516953, 60.3903846741], [-693.898010254, 516.98651123, -6.10380601883, -239.000732422, 189.475921631, -121.326416016, 72.9271697998, -46.264705658, 194.52696228, 5.77359962463, 45.1484947205, 28.0610046387, 47.9225997925], [-481.723175049, 68.1611938477, 28.2026615143, -242.646636963, 164.057510376, -39.3217658997, -12.3856239319, 126.699584961, 5.77359962463, 232.358703613, 11.0808038712, 63.8639183044, 49.4581298828], [-205.805252075, 238.049102783, -281.941955566, -238.859680176, 81.2968521118, -86.0350494385, 23.7162418365, 81.6671905518, 45.1484947205, 11.0808038712, 250.966156006, -8.78484249115, 15.2106895447], [-409.626617432, 138.000473022, 47.1657981873, -175.09942627, 111.582870483, -60.8010253906, 12.8587446213, 10.8611516953, 28.0610046387, 63.8639183044, -8.78484249115, 130.799819946, 6.67605257034], [-484.92666626, 287.51675415, 24.3704967499, -139.192123413, 164.956817627, -36.2523345947, 5.28516292572, 60.3903846741, 47.9225997925, 49.4581298828, 15.2106895447, 6.67605257034, 189.734466553]],
        "icov": [[0.000365772662917, 0.00024355003552, 0.00023365461675, -0.00038876736653, -0.000124829006381, -0.000366787659004, 0.000214814979699, 3.74692026526e-05, -2.67062550847e-05, 0.000207481658435, -0.000172294123331, 7.64710275689e-05, 0.000234882492805], [0.00024355003552, 0.00551734957844, -0.00180479895789, 0.00229304516688, -0.00443062698469, 0.00156466418412, -0.00413419678807, 0.00262520089746, -0.00274476478808, 0.00334061146714, -0.00279861479066, 0.00225118291564, -0.00242610205896], [0.00023365461675, -0.00180479895789, 0.00262673920952, -0.00105794426054, 0.000961393292528, -0.00153296301141, 0.00248422729783, -0.00061335938517, 0.000692292640451, -0.000997678260319, 0.00279311230406, -0.000984118203633, 0.00111178623047], [-0.00038876736653, 0.00229304516688, -0.00105794426054, 0.00284748361446, -0.00126781139988, 0.000578919192776, -0.00255590653978, 0.00115519016981, -0.00100241589826, 0.00182499142829, -0.00025113648735, 0.00145037355833, -0.00158063240815], [-0.000124829006381, -0.00443062698469, 0.000961393292528, -0.00126781139988, 0.00642413832247, -0.000110968474473, 0.00265114335343, -0.00306080281734, 0.00135865586344, -0.00292607606389, 0.00235617347062, -0.00205106870271, 0.000938220007811], [-0.000366787659004, 0.00156466418412, -0.00153296301141, 0.000578919192776, -0.000110968474473, 0.00454741064459, -0.0016010919353, -0.000484593416331, -0.000973399321083, 0.000746143399738, -0.000795085448772, 0.00079881696729, -0.00143569242209], [0.000214814979699, -0.00413419678807, 0.00248422729783, -0.00255590653978, 0.00265114335343, -0.0016010919353, 0.00716829812154, -0.00154927559197, 0.00119839399122, -0.00238212244585, 0.00254691415466, -0.00191449536942, 0.00248373881914], [3.74692026526e-05, 0.00262520089746, -0.00061335938517, 0.00115519016981, -0.00306080281734, -0.000484593416331, -0.00154927559197, 0.00543216941878, 2.1793639462e-05, -0.00018459209241, -0.00268595037051, 0.00120220473036, -0.00185782706831], [-2.67062550847e-05, -0.00274476478808, 0.000692292640451, -0.00100241589826, 0.00135865586344, -0.000973399321083, 0.00119839399122, 2.1793639462e-05, 0.00911634042859, -0.00113010511268, -0.000141992059071, -0.00192042067647, -6.98199073668e-05], [0.000207481658435, 0.00334061146714, -0.000997678260319, 0.00182499142829, -0.00292607606389, 0.000746143399738, -0.00238212244585, -0.00018459209241, -0.00113010511268, 0.00873986724764, -0.000980470096692, -0.000961173733231, -0.00213369959965], [-0.000172294123331, -0.00279861479066, 0.00279311230406, -0.00025113648735, 0.00235617347062, -0.000795085448772, 0.00254691415466, -0.00268595037051, -0.000141992059071, -0.000980470096692, 0.00896631833166, -0.000298526661936, 0.00142426916864], [7.64710275689e-05, 0.00225118291564, -0.000984118203633, 0.00145037355833, -0.00205106870271, 0.00079881696729, -0.00191449536942, 0.00120220473036, -0.00192042067647, -0.000961173733231, -0.000298526661936, 0.0108789363876, -4.22194534622e-05], [0.000234882492805, -0.00242610205896, 0.00111178623047, -0.00158063240815, 0.000938220007811, -0.00143569242209, 0.00248373881914, -0.00185782706831, -6.98199073668e-05, -0.00213369959965, 0.00142426916864, -4.22194534622e-05, 0.00813814625144]]
    },
    "melbands": {
        "max": [0.0114611629397, 0.0353979542851, 0.0327300168574, 0.0217320825905, 0.0138387512416, 0.00550189055502, 0.00914982892573, 0.0107457786798, 0.00283761811443, 0.0101380040869, 0.00343678100035, 0.000825589057058, 0.000873163633514, 0.000968072854448, 0.00357672851533, 0.00120853714179, 0.000519494933542, 0.000184047501534, 0.000187180936337, 0.00011488639575, 0.000101215213363, 0.000263905123575, 0.000252000783803, 0.000109479376988, 0.000193101033801, 0.000395483657485, 0.00034159142524, 0.000143399767694, 0.000164259094163, 0.000246651063208, 0.000285364425508, 9.85790975392e-05, 0.000120604803669, 0.000112182860903, 6.80365628796e-05, 8.63344685058e-05, 8.73359822435e-05, 6.14717428107e-05, 4.81990755361e-05, 6.17265613982e-05],
        "mean": [0.000142183547723, 0.000507641758304, 0.00167864141986, 0.00133827142417, 0.000399116193876, 0.000412566878367, 0.000329788250383, 0.000202791023185, 9.74769718596e-05, 0.000161681338795, 0.000171562773176, 2.81746142718e-05, 3.57696299034e-05, 3.35527329298e-05, 0.000110726869025, 3.28125606757e-05, 2.13341572817e-05, 5.58005012863e-06, 3.25992323269e-06, 2.41407951762e-06, 2.18962122744e-06, 3.40455699188e-06, 8.16492047306e-06, 3.81358108825e-06, 3.22194046021e-06, 5.67972210774e-06, 8.6496829681e-06, 5.27145948581e-06, 1.25646022298e-06, 1.92735660676e-06, 2.62139519691e-06, 2.192594593e-06, 2.73862815448e-06, 1.90899640984e-06, 1.08497135898e-06, 1.301570137e-06, 1.45415413044e-06, 7.38556025226e-07, 4.03311901209e-07, 3.22623094462e-07],
        "min": [1.05682779861e-07, 1.46920854149e-07, 9.77273231229e-08, 1.17740817984e-07, 1.95527761093e-07, 3.2898466884e-07, 2.42246045445e-07, 9.58799333262e-08, 8.56861532839e-08, 9.55865360197e-08, 3.0597070122e-07, 1.21051584756e-07, 8.64573266313e-08, 5.04965242953e-08, 3.65182089013e-08, 2.15123989733e-08, 1.63522777541e-08, 1.00699946159e-08, 6.13416428763e-09, 5.12172171341e-09, 2.05217820515e-09, 5.61672708344e-10, 3.0293959008e-10, 1.16110393869e-11, 9.67752093739e-12, 6.07334538563e-12, 3.46856484507e-12, 3.04443211092e-12, 3.50919792357e-12, 3.44655814305e-12, 2.24195662035e-12, 3.14406833901e-12, 2.95757103703e-12, 2.50799923364e-12, 2.56125611171e-12, 2.4792659245e-12, 2.16937188699e-12, 2.98505621263e-12, 2.11730871551e-12, 1.3704501943e-12],
        "stdev": [0.000630821392406, 0.00156902254093, 0.00338679365814, 0.00253243348561, 0.00113501853775, 0.000598844548222, 0.00064750330057, 0.00057622831082, 0.000219409412239, 0.000509298813995, 0.000438895542175, 6.02357067692e-05, 8.60277141328e-05, 6.92622634233e-05, 0.000375276867999, 9.3703638413e-05, 5.91388670728e-05, 1.13592641355e-05, 7.88567194832e-06, 6.45676300337e-06, 6.5965318754e-06, 1.31964852699e-05, 2.68568419415e-05, 1.05794315459e-05, 1.27028442876e-05, 2.49100849032e-05, 3.01792133541e-05, 1.82747353392e-05, 8.16048668639e-06, 1.11353328975e-05, 1.32537861646e-05, 7.63534990256e-06, 8.0248391896e-06, 6.66623463985e-06, 3.75220952264e-06, 4.95414815305e-06, 5.47890749658e-06, 4.04342699767e-06, 2.35566244555e-06, 2.33141850003e-06]
    },
    "melbands128": {
        "max": [0.000811483303551, 0.00186805031262, 0.011940783821, 0.0404167957604, 0.0401843562722, 0.0332647226751, 0.033731598407, 0.0475090444088, 0.051716260612, 0.0331029705703, 0.0267885588109, 0.0236104726791, 0.0201388839632, 0.00348207633942, 0.00609405478463, 0.00995612982661, 0.00977400690317, 0.0164294634014, 0.0157193709165, 0.00916542019695, 0.0221104472876, 0.00499831326306, 0.00409902678803, 0.00526600051671, 0.00644878717139, 0.0219538975507, 0.00912422593683, 0.00564636150375, 0.0045738411136, 0.00104311527684, 0.00104330759495, 0.000654269650113, 0.00140832492616, 0.000704256235622, 0.000612033822108, 0.00193010643125, 0.00142844126094, 0.00778146646917, 0.00580593058839, 0.00332798738964, 0.00104622996878, 0.00157716590911, 0.000780639064033, 0.000266410992481, 0.000294085737551, 0.000226574629778, 0.000137751907459, 0.000212220242247, 0.000267118914053, 0.000158281676704, 0.000223370967433, 0.000152904904098, 0.000130932457978, 0.000259716151049, 0.000133346838993, 0.000607649097219, 0.000265596201643, 0.00016920712369, 0.000682342622895, 0.000104261132947, 0.000198164081667, 0.000152888969751, 0.000191755330889, 0.000208332465263, 0.000550510419998, 0.000776542990934, 0.000256719940808, 0.000698173651472, 0.000784506497439, 0.00051543925656, 0.000274882098893, 6.08186019235e-05, 8.17391555756e-05, 0.000294201920042, 0.000189561367733, 0.000294416706311, 0.000213692794205, 0.000629372545518, 0.000322992767906, 0.000185132579645, 0.000168491547811, 0.00010293849482, 0.000104198974441, 0.000149580882862, 0.000154837412992, 0.000225131865591, 5.97524376644e-05, 5.72022072447e-05, 8.42149311211e-05, 8.96312412806e-05, 0.000125846723677, 9.99639305519e-05, 8.06950411061e-05, 8.63109016791e-05, 0.00013280218991, 8.75839832588e-05, 9.00774175534e-05, 4.29080282629e-05, 5.1513157814e-05, 4.11483342759e-05, 6.98896328686e-05, 7.58207243052e-05, 4.50710176665e-05, 4.19020725531e-05, 2.79417654383e-05, 2.08253713936e-05, 1.25460292111e-05, 5.85294628763e-06, 3.77012429453e-06, 1.88717524452e-06, 1.53630287514e-06, 1.41154180255e-06, 2.51434107668e-06, 3.94647076973e-06, 6.00581915933e-06, 2.49131994678e-06, 1.16278522455e-06, 8.12519616034e-08, 5.67415732455e-11, 1.64895805344e-10, 5.30779031838e-10, 5.1115531946e-11, 4.96191004951e-11, 4.86010190426e-11, 4.80339379383e-11, 4.63480399893e-11, 4.55792383003e-11, 4.52662213268e-11],
        "mean": [1.46881220644e-05, 4.42185737484e-05, 0.000144882404129, 0.000418715877458, 0.00050081993686, 0.000537417421583, 0.000873756362125, 0.0022274509538, 0.00277419132181, 0.00117879163008, 0.000551389821339, 0.000568518589716, 0.000370724417735, 0.000147062863107, 0.000411806016928, 0.000591685180552, 0.000433357432485, 0.000313379074214, 0.00013950614084, 0.000203349176445, 0.000242400536081, 0.00018902188458, 5.35685212526e-05, 3.9305370592e-05, 6.45340114716e-05, 0.000200078618946, 0.0004170704633, 0.000112311463454, 5.4749994888e-05, 2.80891545117e-05, 1.59445371537e-05, 2.90160496661e-05, 5.43619316886e-05, 2.01162329176e-05, 2.93832599709e-05, 1.90483024198e-05, 5.41220397281e-05, 0.000212307553738, 5.5915039411e-05, 2.71746812359e-05, 2.10557409446e-05, 5.3397645388e-05, 2.52040317719e-05, 3.93974551116e-06, 6.4828154791e-06, 6.72608211971e-06, 3.91910316466e-06, 2.33170590036e-06, 3.62260925613e-06, 3.53967084266e-06, 1.87547675523e-06, 1.53185214913e-06, 2.84779275717e-06, 2.05899800676e-06, 1.68034205217e-06, 4.37721655544e-06, 4.21295681008e-06, 4.08450614486e-06, 1.65407291206e-05, 2.88506407742e-06, 3.31623527927e-06, 3.08986341224e-06, 2.04465118259e-06, 3.65244568457e-06, 4.09722315453e-06, 7.04536751073e-06, 3.65370669897e-06, 9.81519224297e-06, 7.64335072745e-06, 1.11837280201e-05, 7.3475548561e-06, 9.56469875746e-07, 9.61544060374e-07, 1.42712303841e-06, 1.41219300076e-06, 1.67318296462e-06, 2.105069143e-06, 2.85474561679e-06, 2.76178298009e-06, 2.36712844526e-06, 2.2006272502e-06, 2.04532716452e-06, 2.31665399042e-06, 2.8404274417e-06, 3.2051314065e-06, 2.36472283177e-06, 1.41161558531e-06, 9.93368644231e-07, 1.0149052514e-06, 1.20667607462e-06, 1.18436207686e-06, 1.31495562528e-06, 1.5057737528e-06, 1.72759109773e-06, 1.21473692616e-06, 9.16856890854e-07, 6.67137101118e-07, 4.45925991244e-07, 3.68041440879e-07, 4.1202432044e-07, 3.71854440573e-07, 3.17146856332e-07, 2.51758365266e-07, 2.01646642495e-07, 1.74074003212e-07, 1.20951824556e-07, 8.10028737419e-08, 5.06647772625e-08, 3.34040564098e-08, 1.34330448986e-08, 8.14947398453e-09, 7.18580350778e-09, 7.19854220677e-09, 5.94719740121e-09, 8.69825367289e-09, 4.73262806722e-09, 2.07423478393e-09, 1.00875550968e-10, 5.55689261966e-12, 5.44926040055e-12, 5.67329083018e-12, 5.11205834608e-12, 4.96743661829e-12, 4.63431419975e-12, 4.10987303218e-12, 3.18225675845e-12, 2.69384839956e-12, 2.61396676873e-12],
        "min": [9.11743847087e-10, 1.64875988418e-08, 1.53839856409e-08, 4.40649472466e-08, 5.58731940714e-08, 1.11193889651e-08, 2.50724205841e-08, 4.30328412904e-08, 2.43223556851e-08, 6.60175416556e-08, 1.83009802868e-07, 2.80434107935e-07, 1.32080842263e-07, 5.27578976062e-08, 1.57598577744e-07, 2.3290223794e-07, 4.05243156365e-07, 1.84678896176e-07, 7.69060193306e-08, 6.08121126788e-08, 1.10513610707e-07, 9.61841735148e-08, 6.69044339929e-08, 3.7345326831e-08, 3.20503161788e-08, 6.67572805924e-08, 3.88943419694e-08, 1.81063754212e-07, 5.89672914941e-08, 4.76816346406e-08, 1.22496599531e-08, 9.759430597e-09, 1.01215891224e-09, 1.73945036153e-08, 1.22749463927e-08, 5.43489875326e-09, 9.10562203416e-09, 6.46060760445e-09, 7.36627736586e-09, 1.23232606342e-08, 9.70791802501e-09, 1.58434421138e-09, 6.1186740119e-09, 3.87816889713e-09, 3.52213191945e-09, 5.19192955295e-09, 3.77080766611e-09, 2.40620412484e-09, 1.13420095538e-09, 1.19847198832e-09, 7.12097603106e-10, 9.10044206659e-10, 1.02372288424e-09, 8.46779257824e-10, 2.58604554437e-10, 6.44021058704e-10, 2.77462108844e-10, 4.00392080602e-11, 1.06339503175e-11, 7.50551877593e-12, 7.14928897333e-12, 8.32406279322e-12, 3.97308835137e-12, 4.92012333653e-12, 7.60046192649e-12, 6.35133048585e-12, 3.08329728936e-12, 4.24753895251e-12, 1.90122852357e-12, 2.16228597527e-12, 2.99237609518e-12, 1.8311658613e-12, 2.1222552795e-12, 3.0571771243e-12, 2.69063937797e-12, 2.02774754453e-12, 1.6610135576e-12, 1.71103355009e-12, 2.09943477533e-12, 1.36174491822e-12, 2.52431560897e-12, 1.76000967272e-12, 1.1879726803e-12, 2.3400567508e-12, 1.39714292652e-12, 1.527344657e-12, 1.70806684768e-12, 1.99948022549e-12, 2.02120893807e-12, 1.32034173091e-12, 1.74939804396e-12, 1.86886010139e-12, 2.01921986076e-12, 1.83718426756e-12, 1.53479833009e-12, 1.10623099223e-12, 1.28563934672e-12, 1.39291757382e-12, 1.48689795285e-12, 9.73406359857e-13, 1.24221661603e-12, 1.32449400839e-12, 1.61875851265e-12, 1.29911673866e-12, 1.44555472193e-12, 1.68686462368e-12, 6.33642010389e-13, 1.14269910808e-12, 1.06684886619e-12, 1.39340991002e-12, 1.06644218196e-12, 1.24309297665e-12, 1.02226874969e-12, 9.93362293464e-13, 8.14987617323e-13, 8.78300416337e-13, 9.32056623722e-13, 8.3800262736e-13, 8.29274583031e-13, 9.58008086922e-13, 8.58207331155e-13, 9.60451987039e-13, 1.11474241296e-12, 9.88637665657e-13, 7.40758691366e-13, 2.36745112446e-13, 3.59041376003e-14, 1.38624999219e-15],
        "stdev": [5.12389342475e-05, 0.000172187996213, 0.000724840851035, 0.00194749340881, 0.00185162562411, 0.00155975914095, 0.00244362000376, 0.00531636923552, 0.00623954320326, 0.00306785991415, 0.00162303599063, 0.00186923798174, 0.0013702044962, 0.000333823496476, 0.000648117857054, 0.00111027271487, 0.000850740529131, 0.000956375559326, 0.000525976647623, 0.000672645110171, 0.00098649575375, 0.000393610185711, 0.000224733768846, 0.000246770941885, 0.000354037911166, 0.000927184650209, 0.00121806410607, 0.000423125136876, 0.000210446989513, 7.07615763531e-05, 5.77502178203e-05, 7.78292160248e-05, 0.000163591481396, 5.64476940781e-05, 5.46368937648e-05, 7.58115274948e-05, 0.000179039998329, 0.000789203681052, 0.000282089778921, 0.000167350750417, 7.85152878962e-05, 0.000182526709978, 7.93369763414e-05, 1.63183176483e-05, 1.51123267642e-05, 1.65669480339e-05, 1.01977639133e-05, 8.22282163426e-06, 1.19285759865e-05, 1.04032742456e-05, 8.8294109446e-06, 7.06648779669e-06, 8.46543571242e-06, 1.02422845885e-05, 7.56033568905e-06, 2.39111541305e-05, 2.00689846679e-05, 1.34241900014e-05, 6.56000338495e-05, 9.26207485463e-06, 1.4336806089e-05, 1.07072264655e-05, 9.63035745372e-06, 1.41945602081e-05, 2.78981242445e-05, 4.1366507503e-05, 1.56668374984e-05, 4.89535195811e-05, 4.2289004341e-05, 4.5214263082e-05, 3.03322740365e-05, 4.03883950639e-06, 5.41140570931e-06, 1.20247514133e-05, 9.11973802431e-06, 1.06084362415e-05, 1.07765736175e-05, 2.08616329473e-05, 1.43178658618e-05, 9.94349647954e-06, 8.83941538632e-06, 7.13361214366e-06, 7.27666520106e-06, 8.52458924783e-06, 1.04159771581e-05, 1.06214656626e-05, 4.62079560748e-06, 3.27384123011e-06, 4.1890752982e-06, 4.24477639172e-06, 5.27299198438e-06, 5.43229634786e-06, 5.33191087015e-06, 6.00561179454e-06, 6.12636767983e-06, 4.83633175463e-06, 4.27077156928e-06, 2.50583116213e-06, 2.15932936953e-06, 2.59120633928e-06, 2.64765594693e-06, 2.62055959865e-06, 1.85237149708e-06, 1.51951587668e-06, 1.26906832065e-06, 8.32698503928e-07, 5.69045596421e-07, 2.98224051676e-07, 2.02578519293e-07, 9.54738084147e-08, 6.35294341578e-08, 6.17585271812e-08, 9.10785615815e-08, 1.13334202467e-07, 1.75790418666e-07, 8.77839596569e-08, 3.93162338241e-08, 2.30550978308e-09, 6.31950524896e-12, 7.24756582873e-12, 1.55224149506e-11, 5.57787713587e-12, 5.4898798181e-12, 5.41472032142e-12, 5.33099996439e-12, 5.25159820144e-12, 5.2046041088e-12, 5.17587405227e-12]
    },
    "mfcc": {
        "mean": [-770.03302002, 181.275344849, 12.660320282, 2.47440242767, -14.5547771454, 2.08142948151, -13.8982620239, -6.0677189827, -14.7823629379, -7.70831108093, -5.76409339905, -4.4608798027, -9.29224967957],
        "cov": [[13951.3115234, -6979.74414062, 817.258850098, 1372.6348877, -728.843505859, 838.80480957, 148.731445312, 727.080383301, -782.079467773, 82.3779144287, 24.9915485382, -21.4891338348, -643.969055176], [-6979.74414062, 4963.34033203, -963.593994141, -758.722229004, 476.077148438, -445.088378906, -45.6103553772, -306.335083008, 389.411560059, 19.3319530487, 48.7247390747, 8.65025901794, 400.684112549], [817.258850098, -963.593994141, 1028.96057129, 171.869476318, -3.72427105904, 303.079071045, -86.4486999512, 1.01601159573, 83.5099411011, -159.740585327, -56.8733253479, -51.2210540771, -169.462203979], [1372.6348877, -758.722229004, 171.869476318, 767.212341309, -104.299308777, 241.283660889, 28.3718357086, 93.1017608643, 42.1408538818, -42.9655342102, -36.5118026733, -22.1736125946, -129.202789307], [-728.843505859, 476.077148438, -3.72427105904, -104.299308777, 431.1484375, -102.740333557, 22.8889274597, -73.0605621338, 144.081115723, 24.7102394104, -36.3823318481, 16.1767501831, 92.0824890137], [838.80480957, -445.088378906, 303.079071045, 241.283660889, -102.740333557, 394.878112793, -39.4921836853, 46.5785942078, 31.4981613159, -76.5200958252, -24.4212493896, -34.2696228027, -109.0258255], [148.731445312, -45.6103553772, -86.4486999512, 28.3718357086, 22.8889274597, -39.4921836853, 251.260070801, 55.1506652832, 45.1388206482, 81.1004943848, 26.0415096283, 23.0064716339, 13.7065124512], [727.080383301, -306.335083008, 1.01601159573, 93.1017608643, -73.0605621338, 46.5785942078, 55.1506652832, 220.159683228, -67.8285903931, 41.2097167969, 30.543674469, 5.90088367462, -37.8753967285], [-782.079467773, 389.411560059, 83.5099411011, 42.1408538818, 144.081115723, 31.4981613159, 45.1388206482, -67.8285903931, 335.05355835, -18.0418186188, -44.3338699341, 24.5763587952, 49.4861488342], [82.3779144287, 19.3319530487, -159.740585327, -42.9655342102, 24.7102394104, -76.5200958252, 81.1004943848, 41.2097167969, -18.0418186188, 192.565643311, 17.1595401764, 19.5697689056, 47.3351898193], [24.9915485382, 48.7247390747, -56.8733253479, -36.5118026733, -36.3823318481, -24.4212493896, 26.0415096283, 30.543674469, -44.3338699341, 17.1595401764, 151.313095093, -3.01816034317, 26.5387172699], [-21.4891338348, 8.65025901794, -51.2210540771, -22.1736125946, 16.1767501831, -34.2696228027, 23.0064716339, 5.90088367462, 24.5763587952, 19.5697689056, -3.01816034317, 115.846130371, 20.9070739746], [-643.969055176, 400.684112549, -169.462203979, -129.202789307, 92.0824890137, -109.0258255, 13.7065124512, -37.8753967285, 49.4861488342, 47.3351898193, 26.5387172699, 20.9070739746, 179.406677246]],
        "icov": [[0.000344702566508, 0.000461978488602, 0.000282765977317, -8.22044530651e-05, -0.000213419407373, -0.000376485550078, -4.77362027596e-06, -0.000323701737216, 0.000221548587433, -4.41110205429e-05, -0.000129761232529, -3.7625461573e-06, 0.00019634088676], [0.000461978488602, 0.00102491339203, 0.000797197571956, 0.000176321351319, -0.00048864656128, -0.000519357388839, 0.000183921220014, -0.000323120359099, -0.000239947388764, 0.000194967709831, -0.000342610524967, 0.000274500489468, 0.000135565045639], [0.000282765977317, 0.000797197571956, 0.0021910101641, 0.000348069908796, -0.000718300696462, -0.00116060639266, 0.000411083019571, -0.000249722361332, -0.000734799075872, 0.000838152656797, -0.000267960247584, 0.000526256160811, 0.00109385128599], [-8.22044530651e-05, 0.000176321351319, 0.000348069908796, 0.0020245120395, 5.16334657732e-05, -0.000743427604903, -9.58121017902e-05, -0.000379334756872, -0.000833361875266, 0.000292938959319, 0.000180049406481, 0.000341975857737, 0.000632947543636], [-0.000213419407373, -0.00048864656128, -0.000718300696462, 5.16334657732e-05, 0.00349394232035, 0.000994089874439, -0.00020169702475, 0.000467479025247, -0.00097497086972, -0.000398879405111, 0.000836146296933, 1.37540509968e-05, -0.00114223372657], [-0.000376485550078, -0.000519357388839, -0.00116060639266, -0.000743427604903, 0.000994089874439, 0.00480437837541, 0.000477183988551, -0.000290350668365, -0.000968822278082, 0.00042816970381, 0.00018680379435, 0.000554641766939, 0.000550531840418], [-4.77362027596e-06, 0.000183921220014, 0.000411083019571, -9.58121017902e-05, -0.00020169702475, 0.000477183988551, 0.00542552303523, -0.0011032873299, -0.00153692334425, -0.00173226278275, -0.000989536987618, -0.000235185623751, 0.000692241010256], [-0.000323701737216, -0.000323120359099, -0.000249722361332, -0.000379334756872, 0.000467479025247, -0.000290350668365, -0.0011032873299, 0.00645543960854, 0.000845488102641, -0.00108602235559, -0.000770589103922, -0.000552314042579, 0.000313102762448], [0.000221548587433, -0.000239947388764, -0.000734799075872, -0.000833361875266, -0.00097497086972, -0.000968822278082, -0.00153692334425, 0.000845488102641, 0.00538595346734, 0.000198392604943, 0.001025890233, -0.00122807873413, -0.00130213086959], [-4.41110205429e-05, 0.000194967709831, 0.000838152656797, 0.000292938959319, -0.000398879405111, 0.00042816970381, -0.00173226278275, -0.00108602235559, 0.000198392604943, 0.00745301879942, 0.000255352613749, -7.91429411038e-05, -0.00127281551249], [-0.000129761232529, -0.000342610524967, -0.000267960247584, 0.000180049406481, 0.000836146296933, 0.00018680379435, -0.000989536987618, -0.000770589103922, 0.001025890233, 0.000255352613749, 0.00783071387559, 0.000355689873686, -0.0017769082915], [-3.7625461573e-06, 0.000274500489468, 0.000526256160811, 0.000341975857737, 1.37540509968e-05, 0.000554641766939, -0.000235185623751, -0.000552314042579, -0.00122807873413, -7.91429411038e-05, 0.000355689873686, 0.00951103586704, -0.00045319556375], [0.00019634088676, 0.000135565045639, 0.00109385128599, 0.000632947543636, -0.00114223372657, 0.000550531840418, 0.000692241010256, 0.000313102762448, -0.00130213086959, -0.00127281551249, -0.0017769082915, -0.00045319556375, 0.00940965302289]]
    },
    "spectral_contrast_coeffs": {
        "max": [-0.300484031439, -0.437680244446, -0.464668691158, -0.58011162281, -0.476485460997, -0.455118089914],
        "mean": [-0.622910141945, -0.701209187508, -0.747622191906, -0.789898633957, -0.787722408772, -0.75359839201],
        "min": [-0.893500268459, -0.909184217453, -0.891732394695, -0.919715166092, -0.912425041199, -0.96050620079],
        "stdev": [0.110096655786, 0.0804958119988, 0.0728359892964, 0.0579663552344, 0.0777850076556, 0.0923128053546]
    },
    "spectral_contrast_valleys": {
        "max": [-5.13709068298, -5.37124061584, -5.83630609512, -6.11545419693, -6.23391819, -7.46274375916],
        "mean": [-7.68336439133, -7.17021465302, -8.0736579895, -8.9108877182, -9.69538402557, -12.4690361023],
        "min": [-10.1550168991, -9.69643688202, -10.2054977417, -10.7118721008, -13.7639226913, -15.6512460709],
        "stdev": [0.935555934906, 0.622541964054, 0.806730926037, 0.80218398571, 1.59058427811, 2.09581184387]
    }
},
"rhythm": {
    "beats_count": 63,
    "beats_loudness": {
        "max": 0.0917267054319,
        "mean": 0.0255204923451,
        "min": 0.000338327750796,
        "stdev": 0.0256109889597
    },
    "bpm": 162.019973755,
    "bpm_histogram_first_peak_bpm": 161,
    "bpm_histogram_first_peak_weight": 0.357142865658,
    "bpm_histogram_second_peak_bpm": 99,
    "bpm_histogram_second_peak_spread": 0.300000011921,
    "bpm_histogram_second_peak_weight": 0.112903222442,
    "danceability": 0.839513123035,
    "onset_rate": 2.64550757408,
    "beats_loudness_band_ratio": {
        "max": [0.961162447929, 0.923622727394, 0.951024830341, 0.439192026854, 0.0688143819571, 0.593455851078],
        "mean": [0.389792263508, 0.356179267168, 0.258816897869, 0.0824135988951, 0.0112840384245, 0.0320740230381],
        "min": [0.00254391529597, 0.0051181325689, 0.00432831468061, 0.000736553163733, 0.000126892686239, 3.27521456711e-06],
        "stdev": [0.31937032938, 0.207455635071, 0.238526567817, 0.0930414870381, 0.0139568699524, 0.0975327044725]
    },
