{
"metadata": {
    "version": {
        "essentia": "2.1-beta5",
        "essentia_git_sha": "Undefined",
        "extractor": "music 2.0"
    },
    "audio_properties": {
        "analysis": {
            "equal_loudness": 0,
            "length": 12.7477550507,
            "sample_rate": 44100,
            "start_time": 0,
            "downmix": "mix"
        },
        "bit_rate": 192000,
        "length": 198.925354004,
        "lossless": 0,
        "number_channels": 2,
        "replay_gain": 0.248304367065,
        "sample_rate": 48000,
        "codec": "mp3",
        "md5_encoded": "20e5c4fe1f0b0c582e53988900a8c2e3"
    },
    "tags": {
        "file_name": "Malta_Taboo_Christabelle.mp3",
        "encoding": ["Lavf58.29.100"]
    }
},
"lowlevel": {
    "average_loudness": 0.662022650242,
    "barkbands_crest": {
        "max": 23.9723968506,
        "mean": 10.8609828949,
        "min": 2.92793774605,
        "stdev": 4.94576215744
    },
    "barkbands_flatness_db": {
        "max": 0.405151069164,
        "mean": 0.166297748685,
        "min": 0.0306491944939,
        "stdev": 0.0675101205707
    },
    "barkbands_kurtosis": {
        "max": 152.170593262,
        "mean": 8.02129364014,
        "min": -1.24565851688,
        "stdev": 20.5091762543
    },
    "barkbands_skewness": {
        "max": 10.2393722534,
        "mean": 1.61919474602,
        "min": -0.540733277798,
        "stdev": 1.94987869263
    },
    "barkbands_spread": {
        "max": 53.5524291992,
        "mean": 14.3529195786,
        "min": 0.900149583817,
        "stdev": 9.40061473846
    },
    "dissonance": {
        "max": 0.499999940395,
        "mean": 0.483225166798,
        "min": 0.346194237471,
        "stdev": 0.0173587016761
    },
    "dynamic_complexity": 3.97294688225,
    "erbbands_crest": {
        "max": 26.5963478088,
        "mean": 9.22727012634,
        "min": 3.31753706932,
        "stdev": 3.71655297279
    },
    "erbbands_flatness_db": {
        "max": 0.295713424683,
        "mean": 0.210233777761,
        "min": 0.0777603164315,
        "stdev": 0.0473762005568
    },
    "erbbands_kurtosis": {
        "max": 13.6755828857,
        "mean": 1.71293079853,
        "min": -1.22337245941,
        "stdev": 1.72542536259
    },
    "erbbands_skewness": {
        "max": 3.49703025818,
        "mean": 0.861431241035,
        "min": -1.04317510128,
        "stdev": 0.728528797626
    },
    "erbbands_spread": {
        "max": 68.507194519,
        "mean": 20.6462516785,
        "min": 7.65850543976,
        "stdev": 10.6742210388
    },
    "hfc": {
        "max": 83.0185623169,
        "mean": 22.5323066711,
        "min": 0.0383284762502,
        "stdev": 17.1248664856
    },
    "loudness_ebu128": {
        "integrated": -21.8915805817,
        "loudness_range": 6.67580413818,
        "momentary": {
            "max": -19.6528930664,
            "mean": -24.1762466431,
            "min": -37.3054962158,
            "stdev": 5.12991428375
        },
        "short_term": {
            "max": -20.2208461761,
            "mean": -22.6309356689,
            "min": -32.4516067505,
            "stdev": 2.91846394539
        }
    },
    "melbands_crest": {
        "max": 38.5572433472,
        "mean": 15.7480239868,
        "min": 4.00897932053,
        "stdev": 8.34595584869
    },
    "melbands_flatness_db": {
        "max": 0.48134419322,
        "mean": 0.197922736406,
        "min": 0.0633936300874,
        "stdev": 0.0836888477206
    },
    "melbands_kurtosis": {
        "max": 499.504089355,
        "mean": 20.0701255798,
        "min": -0.805572271347,
        "stdev": 56.2852287292
    },
    "melbands_skewness": {
        "max": 20.1066665649,
        "mean": 2.40712308884,
        "min": -0.60644620657,
        "stdev": 3.14928150177
    },
    "melbands_spread": {
        "max": 68.4599609375,
        "mean": 18.6099033356,
        "min": 0.555767893791,
        "stdev": 12.0743522644
    },
    "pitch_salience": {
        "max": 0.880530118942,
        "mean": 0.577633857727,
        "min": 0.0329504646361,
        "stdev": 0.209377974272
    },
    "silence_rate_20dB": {
        "max": 1,
        "mean": 1,
        "min": 1,
        "stdev": 0
    },
    "silence_rate_30dB": {
        "max": 1,
        "mean": 0.916363656521,
        "min": 0,
        "stdev": 0.276842147112
    },
    "silence_rate_60dB": {
        "max": 1,
        "mean": 0.150909096003,
        "min": 0,
        "stdev": 0.357960313559
    },
    "spectral_centroid": {
        "max": 2905.25024414,
        "mean": 1379.27429199,
        "min": 508.695953369,
        "stdev": 344.053924561
    },
    "spectral_complexity": {
        "max": 42,
        "mean": 21.6527271271,
        "min": 0,
        "stdev": 10.7252178192
    },
    "spectral_decrease": {
        "max": -6.81379605516e-12,
        "mean": -1.03240003213e-08,
        "min": -7.77928335083e-08,
        "stdev": 1.15476126439e-08
    },
    "spectral_energy": {
        "max": 0.294838279486,
        "mean": 0.0410089157522,
        "min": 2.91934375127e-05,
        "stdev": 0.0438095331192
    },
    "spectral_energyband_high": {
        "max": 0.0024230631534,
        "mean": 0.000332165538566,
        "min": 4.26069533432e-07,
        "stdev": 0.000296790734865
    },
    "spectral_energyband_low": {
        "max": 0.283049225807,
        "mean": 0.0209972299635,
        "min": 6.50397851132e-08,
        "stdev": 0.045299090445
    },
    "spectral_energyband_middle_high": {
        "max": 0.0475278832018,
        "mean": 0.0107396841049,
        "min": 2.14602969208e-05,
        "stdev": 0.00971410330385
    },
    "spectral_energyband_middle_low": {
        "max": 0.0579289458692,
        "mean": 0.00929152499884,
        "min": 7.73404008214e-06,
        "stdev": 0.00943769793957
    },
    "spectral_entropy": {
        "max": 8.39207077026,
        "mean": 7.73634958267,
        "min": 7.11990976334,
        "stdev": 0.176584020257
    },
    "spectral_flux": {
        "max": 0.245769351721,
        "mean": 0.0944415852427,
        "min": 0.00540309539065,
        "stdev": 0.0468606241047
    },
    "spectral_kurtosis": {
        "max": 16.1308441162,
        "mean": 5.03535032272,
        "min": 0.558516263962,
        "stdev": 1.84318816662
    },
    "spectral_rms": {
        "max": 0.0169601626694,
        "mean": 0.00553542701527,
        "min": 0.000168764338014,
        "stdev": 0.00306066684425
    },
    "spectral_rolloff": {
        "max": 7644.28710938,
        "mean": 1336.38952637,
        "min": 43.06640625,
        "stdev": 799.280090332
    },
    "spectral_skewness": {
        "max": 2.95096468925,
        "mean": 1.7272799015,
        "min": 0.895093739033,
        "stdev": 0.245945751667
    },
    "spectral_spread": {
        "max": 10632551,
        "mean": 3681328.5,
        "min": 2328407.25,
        "stdev": 914181.375
    },
    "spectral_strongpeak": {
        "max": 6.73619413376,
        "mean": 0.971434414387,
        "min": 0,
        "stdev": 0.925330400467
    },
    "zerocrossingrate": {
        "max": 0.1875,
        "mean": 0.0539639554918,
        "min": 0.00146484375,
        "stdev": 0.0261423550546
    },
    "barkbands": {
        "max": [0.0924739986658, 0.200027212501, 0.0235359016806, 0.00287493690848, 0.010338101536, 0.00352978683077, 0.00324819143862, 0.00962706934661, 0.0477559156716, 0.0301074739546, 0.0295514687896, 0.0116798318923, 0.00679740309715, 0.00506970984861, 0.00316399615258, 0.0028843965847, 0.00225324649364, 0.00185904128011, 0.00105321477167, 0.000675600545947, 0.000501421862282, 0.000431604479672, 0.000446107966127, 0.000475079810712, 0.000418328068918, 0.000742001342587, 2.78187035292e-05],
        "mean": [0.00456720450893, 0.0159428436309, 0.000811094068922, 0.00012644311937, 0.000270248187007, 0.000200013368158, 0.00027000909904, 0.00112054357305, 0.00572465267032, 0.00433199713007, 0.0022938917391, 0.00137601920869, 0.000985413324088, 0.000787155237049, 0.000611105584539, 0.000497094006278, 0.000324803550029, 0.000227639262448, 0.000156530935783, 0.000103082653368, 9.33584451559e-05, 6.62921665935e-05, 5.25600189576e-05, 3.39312500728e-05, 2.26136980928e-05, 1.21271305034e-05, 2.74953379176e-07],
        "min": [1.58336743716e-09, 2.12944755162e-08, 6.78743372617e-09, 2.23858780402e-08, 8.26667445608e-08, 1.6242333345e-07, 4.09899058695e-07, 1.94769063455e-06, 4.08770756621e-06, 3.60523949894e-06, 1.72115994701e-06, 2.33847686104e-06, 1.2422619875e-06, 7.06806440576e-06, 4.53810889667e-06, 2.49024566301e-07, 8.67309850605e-08, 8.32509385873e-08, 7.21377944046e-08, 1.61341688454e-07, 1.5608118531e-07, 1.30611766735e-07, 4.82934119361e-08, 1.97678637903e-08, 4.91036322714e-09, 1.8243552502e-10, 1.60337534916e-10],
        "stdev": [0.0124115943909, 0.0341453030705, 0.00215868884698, 0.000283537112409, 0.000814733444713, 0.000313725933665, 0.000287251372356, 0.00134512607474, 0.00721726194024, 0.00513158924878, 0.00313572725281, 0.0015176916495, 0.00099894660525, 0.000813787803054, 0.000575825688429, 0.000468531041406, 0.000330135546392, 0.000232438746025, 0.00014019824448, 8.86965062818e-05, 7.92936552898e-05, 5.81713247811e-05, 5.20076027897e-05, 4.46924859716e-05, 3.92940273741e-05, 4.32778324466e-05, 1.672989697e-06]
    },
    "erbbands": {
        "max": [14.1116266251, 35.544708252, 51.2869377136, 8.57095241547, 11.018029213, 38.4244499207, 57.2711334229, 20.2857608795, 28.8085918427, 54.9649467468, 283.15145874, 901.484008789, 1019.00756836, 1117.81567383, 595.799743652, 401.096343994, 300.150390625, 212.299743652, 222.140151978, 174.769256592, 159.476196289, 123.125419617, 106.544151306, 63.3677711487, 45.9609603882, 31.2038822174, 20.0531463623, 19.9333000183, 15.0222549438, 18.7712173462, 15.1123914719, 12.158290863, 6.12599039078, 3.80842041969, 4.03560018539, 4.62263536453, 0.911869108677, 0.0775743126869, 0.0028973238077, 0.000317657366395],
        "mean": [0.782349169254, 2.20386552811, 1.8474868536, 0.5513677001, 0.459921687841, 1.01441276073, 1.58271467686, 1.64658260345, 3.05853748322, 8.55887699127, 40.1845817566, 126.353027344, 148.219192505, 131.852981567, 79.9959106445, 52.174156189, 46.1246452332, 42.182346344, 36.6280059814, 27.9845142365, 26.8639125824, 18.5468139648, 13.4918575287, 9.35612392426, 6.8952088356, 4.95696258545, 4.19369697571, 3.22258329391, 2.38561725616, 1.98444330692, 1.43631625175, 0.855736851692, 0.501322925091, 0.290303260088, 0.141882419586, 0.066714733839, 0.0189761985093, 0.0021823446732, 7.19303861842e-05, 4.92690705869e-05],
        "min": [5.03452952216e-07, 3.41353916156e-06, 1.83942011063e-05, 9.68517560977e-05, 0.000244129725615, 0.000259758729953, 0.000375311763491, 0.00178345991299, 0.00563273020089, 0.00943368673325, 0.0736791118979, 0.0940107107162, 0.0971333235502, 0.0756820291281, 0.0911868736148, 0.0944772958755, 0.0680923163891, 0.27195173502, 0.415958851576, 0.0766065493226, 0.0160818621516, 0.00602650456131, 0.00464362278581, 0.00226866500452, 0.00861991476268, 0.00603972235695, 0.00589104741812, 0.00559691572562, 0.00450331019238, 0.00318156182766, 0.00107065122575, 0.00105657218955, 0.000651820679195, 0.000178098853212, 7.68626196077e-05, 2.58111431322e-05, 4.14992928199e-06, 2.76674740007e-07, 6.31177528021e-08, 4.1282838481e-08],
        "stdev": [1.93498122692, 5.21024799347, 5.14836454391, 1.09547269344, 0.950699031353, 3.2987344265, 4.62359952927, 2.00762987137, 3.11932325363, 8.28919410706, 45.7325210571, 166.184661865, 171.142959595, 179.884277344, 87.3488235474, 53.9062461853, 45.9131736755, 41.2575645447, 35.4891357422, 25.3365936279, 25.5208950043, 18.2270812988, 13.7442159653, 8.57006835938, 6.10745954514, 4.39448976517, 3.5353910923, 2.81664395332, 2.04596018791, 1.9096776247, 1.51692509651, 1.12239909172, 0.673003911972, 0.435435950756, 0.31643652916, 0.250204443932, 0.0626846328378, 0.00745084090158, 0.000197275541723, 4.74639964523e-05]
    },
    "gfcc": {
        "mean": [-24.4351234436, 78.1308517456, -172.297637939, 6.21480226517, -67.3386688232, 30.9236469269, -18.4125766754, 21.6520824432, -8.64895915985, -0.771910667419, -12.2280321121, -2.02580165863, 0.665574789047],
        "cov": [[3736.90332031, 318.680908203, 233.997894287, -83.9832763672, 46.3549766541, 176.807159424, 203.760009766, 131.88192749, 91.4924697876, 132.103637695, -13.8760585785, -6.4398560524, -131.019546509], [318.680908203, 2251.03637695, 823.748046875, 1130.19885254, 745.102661133, 461.859741211, 687.25213623, -147.986114502, 569.771179199, -160.633773804, 533.356445312, -288.522674561, 260.828552246], [233.997894287, 823.748046875, 1293.08557129, 835.160522461, 664.802612305, 370.970123291, 274.921661377, 86.6119155884, 229.877059937, 93.6714630127, 167.102523804, 21.0415287018, 50.8937110901], [-83.9832763672, 1130.19885254, 835.160522461, 863.809997559, 571.080993652, 337.396820068, 367.856414795, -19.7180233002, 309.938720703, -48.9840812683, 280.596801758, -101.128990173, 140.316696167], [46.3549766541, 745.102661133, 664.802612305, 571.080993652, 498.776367188, 256.102813721, 288.2784729, 9.91523647308, 232.523742676, 1.54382991791, 187.892837524, -28.5512638092, 88.5612106323], [176.807159424, 461.859741211, 370.970123291, 337.396820068, 256.102813721, 230.137573242, 208.117355347, 49.9963493347, 144.053695679, 0.809707701206, 117.614181519, -33.3186798096, 72.5991210938], [203.760009766, 687.25213623, 274.921661377, 367.856414795, 288.2784729, 208.117355347, 354.045562744, 7.21587562561, 246.665496826, -61.3197135925, 185.624694824, -73.4073867798, 105.871627808], [131.88192749, -147.986114502, 86.6119155884, -19.7180233002, 9.91523647308, 49.9963493347, 7.21587562561, 132.101135254, -7.24597406387, 63.4528541565, -35.5148696899, 41.6900901794, -14.654425621], [91.4924697876, 569.771179199, 229.877059937, 309.938720703, 232.523742676, 144.053695679, 246.665496826, -7.24597406387, 242.949859619, -35.0273704529, 174.834136963, -63.0564231873, 88.6769485474], [132.103637695, -160.633773804, 93.6714630127, -48.9840812683, 1.54382991791, 0.809707701206, -61.3197135925, 63.4528541565, -35.0273704529, 108.179519653, -39.7094917297, 53.7757110596, -43.0165863037], [-13.8760585785, 533.356445312, 167.102523804, 280.596801758, 187.892837524, 117.614181519, 185.624694824, -35.5148696899, 174.834136963, -39.7094917297, 187.229721069, -61.4000892639, 96.3958892822], [-6.4398560524, -288.522674561, 21.0415287018, -101.128990173, -28.5512638092, -33.3186798096, -73.4073867798, 41.6900901794, -63.0564231873, 53.7757110596, -61.4000892639, 105.376647949, -22.1438465118], [-131.019546509, 260.828552246, 50.8937110901, 140.316696167, 88.5612106323, 72.5991210938, 105.871627808, -14.654425621, 88.6769485474, -43.0165863037, 96.3958892822, -22.1438465118, 105.346641541]],
        "icov": [[0.000429548206739, -0.000396927178372, -0.000316223624395, 0.000822458416224, 0.000458452879684, -0.00070602883352, -0.000361228565453, -1.89634611161e-05, -9.81252815109e-05, -0.000129157153424, -1.79076978384e-05, -0.000342221028404, 0.00101013062522], [-0.000396927178372, 0.00416047265753, -1.48531375999e-06, -0.00267945136875, -0.000456137931906, 0.000639866339043, -0.00269631762058, 0.00300746364519, 0.000322277250234, -0.00186505261809, -0.00283121666871, 0.00497569702566, -0.00155066570733], [-0.000316223624395, -1.48531375999e-06, 0.00629871478304, -0.00540078617632, -0.00406637648121, -0.00178361963481, 0.00232381257229, -0.000497122469824, -0.000590564799495, -0.00261595100164, 0.00339802773669, -0.00299698417075, 0.00169376574922], [0.000822458416224, -0.00267945136875, -0.00540078617632, 0.0142964022234, -0.00299232383259, -0.00353591144085, 0.00246627139859, -0.00137770106085, -0.000403668469517, 0.00592506211251, -0.00447408668697, 0.00214486476034, 0.000810079451185], [0.000458452879684, -0.000456137931906, -0.00406637648121, -0.00299232383259, 0.0160812567919, -0.0021076456178, -0.00538768479601, 0.00364510691725, -0.00170727586374, -0.00234076287597, -0.000508281984366, -0.00459635863081, 0.00148503342643], [-0.00070602883352, 0.000639866339043, -0.00178361963481, -0.00353591144085, -0.0021076456178, 0.0228889007121, -0.00799955334514, -0.00697558093816, 0.00577608356252, -0.00320703163743, -0.000680509780068, 0.00549433380365, -0.00821791123599], [-0.000361228565453, -0.00269631762058, 0.00232381257229, 0.00246627139859, -0.00538768479601, -0.00799955334514, 0.0205794516951, -0.00510266842321, -0.0112029500306, 0.00978727545589, 0.00125945336185, -0.00368696916848, 0.00196849950589], [-1.89634611161e-05, 0.00300746364519, -0.000497122469824, -0.00137770106085, 0.00364510691725, -0.00697558093816, -0.00510266842321, 0.0192859359086, -0.00230851187371, -0.010166188702, 0.00479455757886, 0.000728292914573, -0.00228289584629], [-9.81252815109e-05, 0.000322277250234, -0.000590564799495, -0.000403668469517, -0.00170727586374, 0.00577608356252, -0.0112029500306, -0.00230851187371, 0.0232892818749, -0.0030181480106, -0.0117255654186, 0.00349770393223, -0.00107661180664], [-0.000129157153424, -0.00186505261809, -0.00261595100164, 0.00592506211251, -0.00234076287597, -0.00320703163743, 0.00978727545589, -0.010166188702, -0.0030181480106, 0.0269940122962, -0.00728444335982, -0.00756583083421, 0.00939493998885], [-1.79076978384e-05, -0.00283121666871, 0.00339802773669, -0.00447408668697, -0.000508281984366, -0.000680509780068, 0.00125945336185, 0.00479455757886, -0.0117255654186, -0.00728444335982, 0.0329058617353, -0.000694118265528, -0.0117575516924], [-0.000342221028404, 0.00497569702566, -0.00299698417075, 0.00214486476034, -0.00459635863081, 0.00549433380365, -0.00368696916848, 0.000728292914573, 0.00349770393223, -0.00756583083421, -0.000694118265528, 0.0268265381455, -0.0100292693824], [0.00101013062522, -0.00155066570733, 0.00169376574922, 0.000810079451185, 0.00148503342643, -0.00821791123599, 0.00196849950589, -0.00228289584629, -0.00107661180664, 0.00939493998885, -0.0117575516924, -0.0100292693824, 0.0282028075308]]
    },
    "melbands": {
        "max": [0.0879498794675, 0.03552236408, 0.00117512687575, 0.00145600992255, 0.00222923443653, 0.000506538781337, 0.000513534294441, 0.000642044760752, 0.00261680129915, 0.00695093022659, 0.00495584402233, 0.00448354706168, 0.00249045388773, 0.00171153864358, 0.000627124391031, 0.000641358958092, 0.000429011881351, 0.000423973571742, 0.000244256021688, 0.000174653818249, 0.000244250899414, 0.000148812221596, 0.000122828234453, 5.83243963774e-05, 5.49778087588e-05, 3.09126880893e-05, 2.5707835448e-05, 2.13933635678e-05, 1.98896614165e-05, 1.65883138834e-05, 1.19610840557e-05, 9.70678865997e-06, 1.04690980152e-05, 1.04740747702e-05, 8.39048061607e-06, 9.10129529075e-06, 6.944341294e-06, 4.88710475111e-06, 3.60544186151e-06, 3.54413987225e-06],
        "mean": [0.00567973731086, 0.00158404395916, 9.04949338292e-05, 4.98582230648e-05, 5.60549051443e-05, 3.77114629373e-05, 4.87164870719e-05, 0.000112617242849, 0.000386000698199, 0.000857139413711, 0.000728157639969, 0.000533774902578, 0.000288389710477, 0.000178317495738, 0.000100350051071, 9.84647267614e-05, 7.53076456022e-05, 6.04900924372e-05, 4.38138740719e-05, 3.35135337082e-05, 3.09160459437e-05, 2.019169915e-05, 1.38593723022e-05, 1.00356137409e-05, 7.38909648135e-06, 5.46109140487e-06, 4.00750877816e-06, 3.09128176923e-06, 2.62855269284e-06, 2.31369494941e-06, 1.70370060459e-06, 1.33541573177e-06, 1.26716849991e-06, 1.03228137505e-06, 8.73356384545e-07, 6.52791641187e-07, 4.6621997285e-07, 3.73380572682e-07, 2.7931272939e-07, 2.30841450843e-07],
        "min": [7.07251102128e-09, 1.1639955666e-08, 2.39845689975e-08, 1.84458812669e-08, 1.2264100846e-08, 4.13871674709e-08, 8.52966621778e-08, 1.29040927277e-07, 7.20866694337e-07, 5.38953543128e-07, 4.97934763644e-07, 3.32398201408e-07, 2.84119124672e-07, 2.59721275597e-07, 2.18541572394e-07, 1.1125020194e-07, 5.9210725567e-07, 7.70054271015e-07, 2.48817144666e-07, 1.72201488624e-08, 1.66002784852e-08, 5.50299494861e-09, 4.5437142937e-09, 3.92195520504e-09, 1.31372901446e-09, 3.16151349544e-09, 9.82132419836e-09, 2.31651653415e-09, 3.38364269936e-09, 3.81769726943e-09, 3.25346105612e-09, 2.59411758741e-09, 2.5830115824e-09, 1.40533873427e-09, 5.51430456852e-10, 7.37965744069e-10, 4.2856293514e-10, 1.89133320116e-10, 6.09735803514e-11, 4.22176356374e-11],
        "stdev": [0.012902402319, 0.0041347942315, 0.00017220096197, 0.000135056077852, 0.00017062437837, 4.6970690164e-05, 5.01928807353e-05, 0.000112808884296, 0.000449670536909, 0.00112623523455, 0.000840743421577, 0.000731480191462, 0.000343226187397, 0.000206995653571, 9.81512348517e-05, 0.000102560661617, 7.65886143199e-05, 6.26150358585e-05, 4.12982044509e-05, 3.09883362206e-05, 3.25529181282e-05, 2.14070878428e-05, 1.39121511893e-05, 9.86119266599e-06, 7.20193838788e-06, 4.88703108203e-06, 3.70673774341e-06, 2.85259011434e-06, 2.30438331528e-06, 2.14269107346e-06, 1.56031251208e-06, 1.17680258427e-06, 1.25578685584e-06, 1.02086164588e-06, 9.41870894167e-07, 8.25948177408e-07, 6.43894736641e-07, 5.42161728845e-07, 3.85254367075e-07, 3.67104661336e-07]
    },
    "melbands128": {
        "max": [0.0826327875257, 0.156934529543, 0.0638198554516, 0.0735188275576, 0.0408415906131, 0.00778909167275, 0.00219167419709, 0.000961521116551, 0.00141659367364, 0.00143157504499, 0.00260509550571, 0.00383345689625, 0.0023825049866, 0.00146654585842, 0.000459082453744, 0.000671122455969, 0.00055077415891, 0.000472272280604, 0.000911649956834, 0.000832858961076, 0.000935770978685, 0.00299360603094, 0.00338326347992, 0.00464599858969, 0.00801337324083, 0.0124850692227, 0.0119441468269, 0.00711843464524, 0.0049029616639, 0.0071935178712, 0.00787837803364, 0.00646781409159, 0.00294871628284, 0.00237722112797, 0.00236546690576, 0.00221820315346, 0.00120539870113, 0.000755378569011, 0.00109934119973, 0.000832192134112, 0.000883556320332, 0.00102357252035, 0.000554546597414, 0.00096261582803, 0.000702191202436, 0.000526655465364, 0.000606457411777, 0.000273006415227, 0.000262606336037, 0.000357069977326, 0.000306902802549, 0.00020711941761, 0.000321883009747, 0.000544163573068, 0.000186650577234, 0.000187238081708, 0.000107931256935, 9.21469472814e-05, 0.000270511722192, 0.000151396307047, 6.6940781835e-05, 7.07725921529e-05, 7.91693091742e-05, 5.92672440689e-05, 3.52576498699e-05, 3.43249339494e-05, 5.7388238929e-05, 4.58701906609e-05, 2.95907575492e-05, 4.24176396336e-05, 3.35059448844e-05, 2.2319598429e-05, 2.96847174468e-05, 2.63924830506e-05, 1.66646623256e-05, 3.23654712702e-05, 1.45537815115e-05, 2.25743297051e-05, 1.47328519233e-05, 1.19407723105e-05, 8.78676019056e-06, 1.12029883894e-05, 1.28524106913e-05, 1.20702761706e-05, 1.83371157618e-05, 1.16366200018e-05, 1.13345686259e-05, 1.09894208435e-05, 1.2447077097e-05, 1.22269711937e-05, 9.5522545962e-06, 1.29526242745e-05, 9.9809931271e-06, 8.3631139205e-06, 8.96441815712e-06, 6.85333543515e-06, 7.13411145625e-06, 4.30687077824e-06, 3.1133711218e-06, 5.89632827541e-06, 4.98271037941e-06, 4.62401476398e-06, 3.5194125303e-06, 4.83042731503e-06, 5.91098387304e-06, 3.53797395292e-06, 5.73535453441e-06, 1.11675281005e-05, 1.12957923193e-05, 6.3200045588e-06, 4.76533386973e-06, 4.78274114357e-06, 2.27152372645e-06, 1.65626215676e-06, 1.3948921378e-06, 1.70936732502e-06, 7.96391816493e-07, 1.46854944205e-07, 6.18109723405e-08, 5.77244172462e-08, 2.22533635963e-08, 1.16716513787e-07, 4.21298693709e-08, 6.36116548325e-10, 1.49363507673e-10, 1.47200016065e-10, 1.43365458394e-10, 1.42536718539e-10],
        "mean": [0.00416165031493, 0.00796049740165, 0.00518906535581, 0.00346821476705, 0.00142690783832, 0.000295435980661, 9.65059080045e-05, 5.25741270394e-05, 4.12921981479e-05, 4.45284567832e-05, 5.8303361584e-05, 6.71276065987e-05, 5.84321824135e-05, 3.98260708607e-05, 3.3370921301e-05, 3.82410289603e-05, 4.25970138167e-05, 4.78437323181e-05, 5.91332245676e-05, 7.58415117161e-05, 0.000134208865347, 0.000236211068113, 0.000385275983717, 0.000543658563402, 0.000846696435474, 0.000961776124313, 0.000963205762673, 0.000728784594685, 0.000480685441289, 0.000606728135608, 0.000566788134165, 0.000376153417164, 0.000266925781034, 0.000226317497436, 0.000211479549762, 0.000172291052877, 0.000109598047857, 8.84869368747e-05, 9.88623578451e-05, 0.0001110201556, 9.64014179772e-05, 8.40561988298e-05, 7.56730223657e-05, 7.39378883736e-05, 6.37488119537e-05, 6.03469998168e-05, 5.26952717337e-05, 4.77423272969e-05, 3.75859162887e-05, 3.40274382324e-05, 3.32398849423e-05, 3.24935717799e-05, 3.37074925483e-05, 3.04554814647e-05, 2.41161451413e-05, 2.00275790121e-05, 1.62225442182e-05, 1.29005411509e-05, 1.42052394949e-05, 1.36697854032e-05, 8.74282068253e-06, 8.49946627568e-06, 8.44476744533e-06, 7.16292288416e-06, 5.34028640686e-06, 5.70617203266e-06, 5.41082772543e-06, 4.38703955297e-06, 3.56479336006e-06, 3.65527125723e-06, 3.17123067362e-06, 2.78604147752e-06, 2.64846926257e-06, 2.58197246694e-06, 2.63063520833e-06, 2.4821081297e-06, 2.09264067053e-06, 1.96452219825e-06, 1.66442737282e-06, 1.45135652474e-06, 1.35180289362e-06, 1.27641988001e-06, 1.27804082695e-06, 1.3473047602e-06, 1.17930483157e-06, 1.068059305e-06, 9.61653199738e-07, 9.95397158476e-07, 8.99079964256e-07, 7.80677908097e-07, 6.72352996389e-07, 6.52396749956e-07, 5.49149888229e-07, 4.51757756537e-07, 4.22892043161e-07, 4.22466229111e-07, 3.65182984297e-07, 2.93610241897e-07, 2.81116484757e-07, 2.71200320867e-07, 2.5833534778e-07, 2.23787822051e-07, 2.03655332598e-07, 1.77031466819e-07, 1.61304740232e-07, 1.27379479409e-07, 1.34951875452e-07, 1.50377118757e-07, 1.13567232063e-07, 9.66856745777e-08, 8.3009119578e-08, 6.93496033932e-08, 6.14803852272e-08, 4.30895994441e-08, 3.20599653492e-08, 2.49718183909e-08, 9.3865120121e-09, 1.20711585172e-09, 2.53702475694e-10, 1.70715150349e-10, 8.8012611088e-11, 2.56891674599e-10, 1.17873391603e-10, 7.71392064808e-12, 6.0148487753e-12, 5.50669058963e-12, 5.22623567686e-12, 5.16491233463e-12],
        "min": [1.05627484537e-09, 2.81505529998e-09, 7.14534031943e-09, 2.90350188337e-09, 1.66179270344e-09, 3.31911476081e-09, 9.79892167408e-09, 1.08879838479e-08, 2.54468890404e-08, 1.93872224941e-08, 1.3045990066e-08, 1.15143814483e-08, 1.12706830535e-08, 1.31047679375e-08, 2.20757296887e-08, 5.93964628592e-08, 8.93667149171e-08, 6.99489604017e-08, 7.58416902613e-08, 5.87829731558e-08, 1.31279875859e-07, 1.85870192126e-07, 3.14485617992e-07, 6.07944173225e-07, 3.39810071637e-07, 2.88248799052e-07, 2.86769335389e-07, 5.29543740413e-07, 6.99545807947e-07, 4.86831936541e-07, 1.11890201993e-07, 1.8306337779e-07, 2.04062530429e-07, 2.93518326089e-07, 2.63254293031e-07, 2.4304435442e-07, 1.14314943289e-07, 1.56015715902e-07, 1.68000894973e-07, 1.08060085324e-07, 8.4912045395e-08, 1.1809646594e-07, 2.73113926141e-07, 4.52216681879e-07, 3.80257972665e-07, 7.11536642939e-07, 5.8712680584e-07, 2.98915097119e-07, 7.01943747572e-08, 2.00632239711e-08, 8.35402591548e-09, 1.51831649475e-08, 2.62038621912e-08, 1.31394246594e-08, 4.54558657381e-09, 5.16864950839e-09, 6.34629726548e-09, 3.96145871662e-09, 4.67805927329e-09, 3.52476781096e-09, 5.21907583817e-09, 2.87458279402e-09, 1.66943769919e-09, 9.47074974e-10, 6.45157149926e-10, 1.26738852746e-09, 4.7709747264e-09, 1.20075158705e-08, 1.26145627277e-08, 4.98747887434e-09, 1.80035619746e-09, 5.89354398617e-10, 2.16557749511e-09, 4.9943826852e-09, 3.26064908407e-09, 4.29687929682e-09, 3.93924626252e-09, 2.21493601238e-09, 3.38478001183e-09, 3.80311870884e-09, 3.87384391232e-09, 7.26036009091e-10, 2.68578426166e-09, 3.69015129564e-09, 1.17471143923e-09, 2.44993247911e-09, 9.77376402034e-10, 5.93145477179e-10, 6.94794333178e-10, 3.53935353248e-10, 2.65753641315e-10, 9.99269111901e-10, 3.72149838723e-10, 1.53871373976e-10, 1.75057135454e-10, 2.23200222194e-10, 2.64248744414e-11, 2.16147169607e-11, 2.13416471995e-11, 7.91880103157e-11, 4.22469420558e-11, 2.59098298372e-12, 4.00667086314e-12, 5.55301030852e-12, 1.50296940692e-12, 1.0234743825e-12, 7.89600047672e-13, 1.12667481681e-12, 7.78149517478e-13, 5.71014698199e-13, 4.17371134398e-13, 6.19747037977e-13, 6.50972494225e-13, 6.53479332278e-13, 5.4456493568e-13, 6.16833027798e-13, 4.24936670053e-13, 5.03798337683e-13, 5.24319520093e-13, 4.46544277249e-13, 5.10919485972e-13, 5.31185880871e-13, 4.7752118015e-13, 6.07276327749e-13, 2.91841339506e-13, 1.36431976285e-13, 1.46563991277e-14, 5.29698088675e-16],
        "stdev": [0.0115628233179, 0.021091978997, 0.0111196869984, 0.00932033266872, 0.00423123221844, 0.000732765824068, 0.000212622442632, 0.000115061047836, 9.68921012827e-05, 0.000120610391605, 0.000205548538361, 0.000257843086729, 0.000189766695257, 9.17393408599e-05, 4.41585361841e-05, 5.13239683642e-05, 5.2631356084e-05, 5.64411711821e-05, 7.50157196308e-05, 0.00010061525245, 0.000160698094987, 0.000341380422469, 0.00053234846564, 0.000775575696025, 0.00130764732603, 0.00153317837976, 0.00134298880585, 0.00099819956813, 0.000663564365823, 0.000886967638507, 0.00104485463817, 0.000595952675212, 0.000379892444471, 0.000306039670249, 0.000298131490126, 0.000253258505836, 0.000143210214446, 0.00010808451043, 0.000137407347211, 0.000147463782923, 0.000120613767649, 0.000106306208181, 9.39429664868e-05, 9.65822546277e-05, 8.3442297182e-05, 7.52619453124e-05, 6.6601576691e-05, 5.29934150109e-05, 4.17669543822e-05, 4.24168138125e-05, 3.82152684324e-05, 3.28585701936e-05, 3.88705884689e-05, 5.04019662912e-05, 3.0377846997e-05, 2.59296703007e-05, 1.83299034688e-05, 1.35086584123e-05, 2.02577703021e-05, 1.86770466826e-05, 9.3698481578e-06, 9.83593236015e-06, 9.58868440648e-06, 8.38802861836e-06, 5.4292609093e-06, 5.89279579799e-06, 6.23826736046e-06, 5.0684989219e-06, 3.42938551512e-06, 4.48207811132e-06, 3.53851760337e-06, 2.90976254291e-06, 2.81754137177e-06, 2.6380230338e-06, 2.78793550024e-06, 2.92151707981e-06, 2.13583348341e-06, 2.25005896937e-06, 1.73890248334e-06, 1.48484195961e-06, 1.35468781082e-06, 1.29478053168e-06, 1.37914389597e-06, 1.63277832144e-06, 1.45577189414e-06, 1.19250569242e-06, 1.05754475044e-06, 1.18654838843e-06, 1.11803819891e-06, 1.09619293198e-06, 8.04418675671e-07, 1.11506801659e-06, 8.72139139574e-07, 6.43354269414e-07, 6.9368121558e-07, 6.60675368636e-07, 6.09839617027e-07, 4.15933158138e-07, 4.05869457154e-07, 4.53097584341e-07, 4.54295587815e-07, 3.78019279879e-07, 3.87690789694e-07, 4.01859580279e-07, 4.46721912795e-07, 3.21018433169e-07, 3.97962338639e-07, 5.89112630678e-07, 5.54856228518e-07, 4.09498198906e-07, 3.45971699289e-07, 2.95010920581e-07, 1.94959170585e-07, 1.44358367038e-07, 1.15732966322e-07, 1.20441882245e-07, 5.11396400782e-08, 1.02538244562e-08, 3.47808470913e-09, 2.66486410716e-09, 1.26783916699e-09, 5.00814723026e-09, 1.907087821e-09, 2.90148547549e-11, 1.06764310934e-11, 1.05519620819e-11, 1.04028964262e-11, 1.03460321907e-11]
    },
    "mfcc": {
        "mean": [-647.228637695, 108.969612122, -42.5351486206, -15.1927785873, -17.6051578522, 3.38686537743, 1.51777982712, 17.533498764, 13.023765564, 12.4482412338, 2.11687111855, 1.3941283226, -0.615477800369],
        "cov": [[3691.2253418, 307.789733887, -71.096282959, -228.713470459, -223.619857788, 20.0090808868, 44.998916626, 55.6947822571, 36.6564865112, 87.4237365723, 185.70211792, 75.5664978027, -79.2124252319], [307.789733887, 1081.45947266, 489.64263916, 598.275634766, 343.163421631, 527.479858398, 288.98815918, 254.064834595, 105.342750549, 221.219726562, 164.793045044, 166.891067505, 59.0112686157], [-71.096282959, 489.64263916, 778.468322754, 560.739685059, 495.069549561, 390.372192383, 256.764007568, 183.222885132, 132.061889648, 162.447311401, 131.318725586, 103.824699402, 98.4005050659], [-228.713470459, 598.275634766, 560.739685059, 604.905578613, 416.298492432, 412.597381592, 227.501815796, 203.905929565, 97.9871139526, 158.865402222, 102.86894989, 115.259231567, 85.3584289551], [-223.619857788, 343.163421631, 495.069549561, 416.298492432, 408.167358398, 288.374969482, 186.296157837, 125.74961853, 92.4413070679, 103.104255676, 80.5351333618, 82.8925247192, 90.2816162109], [20.0090808868, 527.479858398, 390.372192383, 412.597381592, 288.374969482, 382.88494873, 199.722640991, 186.089187622, 91.6577301025, 134.643356323, 89.3752441406, 104.207443237, 60.232383728], [44.998916626, 288.98815918, 256.764007568, 227.501815796, 186.296157837, 199.722640991, 177.556442261, 122.386138916, 81.654510498, 91.1124649048, 66.9121246338, 54.5780830383, 39.4758377075], [55.6947822571, 254.064834595, 183.222885132, 203.905929565, 125.74961853, 186.089187622, 122.386138916, 177.0965271, 87.0616226196, 96.3963088989, 59.5865211487, 57.8774375916, 26.9653453827], [36.6564865112, 105.342750549, 132.061889648, 97.9871139526, 92.4413070679, 91.6577301025, 81.654510498, 87.0616226196, 93.4430923462, 64.1411514282, 45.9213867188, 34.0919799805, 27.8965034485], [87.4237365723, 221.219726562, 162.447311401, 158.865402222, 103.104255676, 134.643356323, 91.1124649048, 96.3963088989, 64.1411514282, 109.826683044, 67.2638702393, 55.8480644226, 25.9631175995], [185.70211792, 164.793045044, 131.318725586, 102.86894989, 80.5351333618, 89.3752441406, 66.9121246338, 59.5865211487, 45.9213867188, 67.2638702393, 91.1892089844, 48.5880584717, 23.3256530762], [75.5664978027, 166.891067505, 103.824699402, 115.259231567, 82.8925247192, 104.207443237, 54.5780830383, 57.8774375916, 34.0919799805, 55.8480644226, 48.5880584717, 74.4337615967, 31.8978214264], [-79.2124252319, 59.0112686157, 98.4005050659, 85.3584289551, 90.2816162109, 60.232383728, 39.4758377075, 26.9653453827, 27.8965034485, 25.9631175995, 23.3256530762, 31.8978214264, 58.0825920105]],
        "icov": [[0.00041104335105, -0.000232085018069, -0.000382278638426, 0.000735635810997, 0.00039700747584, -0.000169357677805, -6.48986024316e-05, -0.000111754627142, 0.000108888198156, 0.00018368869496, -0.000855494232383, -0.000391970330384, 0.000441854645032], [-0.000232085018069, 0.0044313929975, 0.00107529025991, -0.00308395596221, 0.00170514686033, -0.00407117418945, -0.00231811148115, 0.00172205164563, 0.00148076133337, -0.00149568822235, -0.00193840265274, -0.00127073808108, 0.00167289550882], [-0.000382278638426, 0.00107529025991, 0.00778293702751, -0.00348642538302, -0.00618195906281, -0.000785638054367, -0.00104876386467, 0.00174833030906, -0.00128656777088, -0.00168045109604, -0.00257117231376, 0.00279171206057, 0.00151775684208], [0.000735635810997, -0.00308395596221, -0.00348642538302, 0.0154040949419, -0.00640918966383, -0.00364059093408, 0.00308426376432, -0.00516738602892, 0.00547486077994, -0.00330234831199, 0.00175919488538, 0.000220035333768, -0.000535220257007], [0.00039700747584, 0.00170514686033, -0.00618195906281, -0.00640918966383, 0.0195914637297, -0.00244675995782, -0.00492409709841, 0.0044696344994, -0.00346369924955, 0.0047644530423, -0.000611165887676, -0.00265127141029, -0.00670691998675], [-0.000169357677805, -0.00407117418945, -0.000785638054367, -0.00364059093408, -0.00244675995782, 0.0194483399391, -0.0035415426828, -0.00606696354225, 0.00083792314399, 0.0010270671919, 0.00408721528947, -0.00479602161795, -0.000423920224421], [-6.48986024316e-05, -0.00231811148115, -0.00104876386467, 0.00308426376432, -0.00492409709841, -0.0035415426828, 0.0216053519398, -0.00424654083326, -0.00542532652617, -0.00174765032716, -0.00124708749354, 0.00470806192607, -0.000573144701775], [-0.000111754627142, 0.00172205164563, 0.00174833030906, -0.00516738602892, 0.0044696344994, -0.00606696354225, -0.00424654083326, 0.0208854563534, -0.0110985366628, -0.00371020799503, 0.000157235888764, -0.00126678543165, 0.00288560893387], [0.000108888198156, 0.00148076133337, -0.00128656777088, 0.00547486077994, -0.00346369924955, 0.00083792314399, -0.00542532652617, -0.0110985366628, 0.030757272616, -0.00864513032138, -0.00222495081834, 0.000906884553842, -0.0043798754923], [0.00018368869496, -0.00149568822235, -0.00168045109604, -0.00330234831199, 0.0047644530423, 0.0010270671919, -0.00174765032716, -0.00371020799503, -0.00864513032138, 0.0317621082067, -0.0089468061924, -0.0064008468762, 0.000972303736489], [-0.000855494232383, -0.00193840265274, -0.00257117231376, 0.00175919488538, -0.000611165887676, 0.00408721528947, -0.00124708749354, 0.000157235888764, -0.00222495081834, -0.0089468061924, 0.0275212042034, -0.00767175015062, -0.00171194109134], [-0.000391970330384, -0.00127073808108, 0.00279171206057, 0.000220035333768, -0.00265127141029, -0.00479602161795, 0.00470806192607, -0.00126678543165, 0.000906884553842, -0.0064008468762, -0.00767175015062, 0.0336692295969, -0.0107975006104], [0.000441854645032, 0.00167289550882, 0.00151775684208, -0.000535220257007, -0.00670691998675, -0.000423920224421, -0.000573144701775, 0.00288560893387, -0.0043798754923, 0.000972303736489, -0.00171194109134, -0.0107975006104, 0.0325358323753]]
    },
    "spectral_contrast_coeffs": {
        "max": [-0.529694497585, -0.539310634136, -0.57421875, -0.746203660965, -0.717146992683, -0.577853322029],
        "mean": [-0.768947780132, -0.777900099754, -0.75733590126, -0.825060665607, -0.816636562347, -0.760734081268],
        "min": [-0.953245162964, -0.945553958416, -0.942176759243, -0.891144990921, -0.90982156992, -0.852467417717],
        "stdev": [0.0704652145505, 0.0761325359344, 0.0525445230305, 0.0257778484374, 0.0251298900694, 0.0375022888184]
    },
    "spectral_contrast_valleys": {
        "max": [-5.3454117775, -5.35734558105, -5.10397148132, -5.76589536667, -6.27542829514, -8.54733657837],
        "mean": [-7.9126329422, -6.60005140305, -6.39187383652, -6.84901046753, -7.38970661163, -10.3532361984],
        "min": [-11.5048971176, -9.28191661835, -8.73443698883, -9.50371742249, -10.5326070786, -13.8329114914],
        "stdev": [1.39765560627, 0.687254428864, 0.842275321484, 0.655915141106, 0.571379423141, 0.768966555595]
    }
},
"rhythm": {
    "beats_count": 29,
    "beats_loudness": {
        "max": 0.261708825827,
        "mean": 0.0417399033904,
        "min": 0.000690491695423,
        "stdev": 0.0522204190493
    },
    "bpm": 133.093215942,
    "bpm_histogram_first_peak_bpm": 133,
    "bpm_histogram_first_peak_weight": 0.16666662693,
    "bpm_histogram_second_peak_bpm": 140,
    "bpm_histogram_second_peak_spread": 0.222222208977,
    "bpm_histogram_second_peak_weight": 0.25,
    "danceability": 0.832688271999,
    "onset_rate": 1.25398087502,
    "beats_loudness_band_ratio": {
        "max": [0.992822408676, 0.201407194138, 0.621319115162, 0.847497999668, 0.482969492674, 0.112720705569],
        "mean": [0.283578574657, 0.020639995113, 0.247669786215, 0.322915434837, 0.117725089192, 0.0321165248752],
        "min": [0.000299534789519, 0.00037213251926, 0.00254345708527, 0.002880230546, 0.00101112085395, 0.000470523518743],
        "stdev": [0.353022933006, 0.0366530604661, 0.170488923788, 0.217405900359, 0.104683741927, 0.0291138123721]
    },
    "beats_position": [0.394739210606, 0.801088392735, 1.20743763447, 1.60217678547, 1.99691605568, 2.39165520668, 2.7863945961, 3.21596360207, 3.63392281532, 4.06349182129, 4.46984100342, 4.88780021667, 5.31736946106, 5.75854873657, 6.19972801208, 6.62929677963, 7.05886602402, 7.4884352684, 7.91800451279, 8.37079334259, 8.82358264923, 9.27637195587, 9.72916126251, 10.1819496155, 10.6347389221, 11.0875282288, 11.5403175354, 11.9931058884, 12.445895195],
