{
"metadata": {
    "version": {
        "essentia": "2.1-beta5",
        "essentia_git_sha": "Undefined",
        "extractor": "music 2.0"
    },
    "audio_properties": {
        "analysis": {
            "equal_loudness": 0,
            "length": 36.1534690857,
            "sample_rate": 44100,
            "start_time": 158.987030029,
            "downmix": "mix"
        },
        "bit_rate": 192000,
        "length": 195.163726807,
        "lossless": 0,
        "number_channels": 2,
        "replay_gain": -0.912702560425,
        "sample_rate": 48000,
        "codec": "mp3",
        "md5_encoded": "692d5ce568fd221b7366c204c930fd7e"
    },
    "tags": {
        "file_name": "France_Mercy_Madame Monsieur.mp3",
        "encoding": ["Lavf58.29.100"]
    }
},
"lowlevel": {
    "average_loudness": 0.954584598541,
    "barkbands_crest": {
        "max": 24.4825134277,
        "mean": 10.7767095566,
        "min": 3.25034379959,
        "stdev": 4.14607143402
    },
    "barkbands_flatness_db": {
        "max": 0.386706531048,
        "mean": 0.159618839622,
        "min": 0.0477834157646,
        "stdev": 0.0554282255471
    },
    "barkbands_kurtosis": {
        "max": 118.33506012,
        "mean": 5.47703695297,
        "min": -1.86195969582,
        "stdev": 9.48816871643
    },
    "barkbands_skewness": {
        "max": 10.0003700256,
        "mean": 1.89217042923,
        "min": -0.75662535429,
        "stdev": 1.21428322792
    },
    "barkbands_spread": {
        "max": 103.680854797,
        "mean": 22.2351398468,
        "min": 1.64419937134,
        "stdev": 16.5782089233
    },
    "dissonance": {
        "max": 0.499991118908,
        "mean": 0.463738232851,
        "min": 0.284875869751,
        "stdev": 0.0259102620184
    },
    "dynamic_complexity": 2.49981760979,
    "erbbands_crest": {
        "max": 26.9784679413,
        "mean": 9.18238067627,
        "min": 2.48415899277,
        "stdev": 3.96623754501
    },
    "erbbands_flatness_db": {
        "max": 0.395410746336,
        "mean": 0.170413076878,
        "min": 0.0540381744504,
        "stdev": 0.0726095065475
    },
    "erbbands_kurtosis": {
        "max": 13.2731647491,
        "mean": 0.423820436001,
        "min": -1.76993882656,
        "stdev": 2.04590916634
    },
    "erbbands_skewness": {
        "max": 3.27334237099,
        "mean": 0.448286801577,
        "min": -2.07118296623,
        "stdev": 0.83598536253
    },
    "erbbands_spread": {
        "max": 155.780502319,
        "mean": 44.5251274109,
        "min": 6.04373407364,
        "stdev": 25.9595050812
    },
    "hfc": {
        "max": 126.316352844,
        "mean": 25.5364818573,
        "min": 0.409506142139,
        "stdev": 19.1414203644
    },
    "loudness_ebu128": {
        "integrated": -22.0362224579,
        "loudness_range": 3.19215774536,
        "momentary": {
            "max": -18.1814250946,
            "mean": -22.7064285278,
            "min": -36.3722610474,
            "stdev": 2.68375086784
        },
        "short_term": {
            "max": -18.9184474945,
            "mean": -22.2690048218,
            "min": -23.7856044769,
            "stdev": 0.914108395576
        }
    },
    "melbands_crest": {
        "max": 33.3487205505,
        "mean": 14.5859537125,
        "min": 4.31971311569,
        "stdev": 5.37952184677
    },
    "melbands_flatness_db": {
        "max": 0.490176707506,
        "mean": 0.208884909749,
        "min": 0.0614500641823,
        "stdev": 0.0595198795199
    },
    "melbands_kurtosis": {
        "max": 395.780273438,
        "mean": 19.5205020905,
        "min": -0.609161376953,
        "stdev": 30.8683891296
    },
    "melbands_skewness": {
        "max": 15.1475763321,
        "mean": 3.19266915321,
        "min": -0.287884622812,
        "stdev": 1.96050465107
    },
    "melbands_spread": {
        "max": 143.36277771,
        "mean": 19.63530159,
        "min": 1.13203251362,
        "stdev": 14.5627031326
    },
    "pitch_salience": {
        "max": 0.866234958172,
        "mean": 0.546800255775,
        "min": 0.132231414318,
        "stdev": 0.132410645485
    },
    "silence_rate_20dB": {
        "max": 1,
        "mean": 1,
        "min": 1,
        "stdev": 0
    },
    "silence_rate_30dB": {
        "max": 1,
        "mean": 0.982670068741,
        "min": 0,
        "stdev": 0.130495622754
    },
    "silence_rate_60dB": {
        "max": 1,
        "mean": 0.0205391533673,
        "min": 0,
        "stdev": 0.141835004091
    },
    "spectral_centroid": {
        "max": 4010.99536133,
        "mean": 1279.71130371,
        "min": 209.133605957,
        "stdev": 549.926391602
    },
    "spectral_complexity": {
        "max": 43,
        "mean": 17.3273429871,
        "min": 3,
        "stdev": 7.90983867645
    },
    "spectral_decrease": {
        "max": -2.05218800287e-10,
        "mean": -8.53311554749e-09,
        "min": -5.04285999625e-08,
        "stdev": 6.61992860529e-09
    },
    "spectral_energy": {
        "max": 0.19495934248,
        "mean": 0.0345221795142,
        "min": 0.000837353407405,
        "stdev": 0.0259426515549
    },
    "spectral_energyband_high": {
        "max": 0.0146988900378,
        "mean": 0.00117070984561,
        "min": 3.33485047577e-07,
        "stdev": 0.00170612882357
    },
    "spectral_energyband_low": {
        "max": 0.151834815741,
        "mean": 0.013755406253,
        "min": 1.15214371377e-08,
        "stdev": 0.0207258872688
    },
    "spectral_energyband_middle_high": {
        "max": 0.0505252219737,
        "mean": 0.00686889328063,
        "min": 8.46144976094e-05,
        "stdev": 0.00843100063503
    },
    "spectral_energyband_middle_low": {
        "max": 0.101589776576,
        "mean": 0.0143450796604,
        "min": 0.000550049298909,
        "stdev": 0.0132819525898
    },
    "spectral_entropy": {
        "max": 8.7648229599,
        "mean": 7.60696220398,
        "min": 6.1107711792,
        "stdev": 0.409744083881
    },
    "spectral_flux": {
        "max": 0.394120246172,
        "mean": 0.103294253349,
        "min": 0.0145951714367,
        "stdev": 0.0631199628115
    },
    "spectral_kurtosis": {
        "max": 37.8336334229,
        "mean": 3.50338315964,
        "min": -1.09424948692,
        "stdev": 3.37216997147
    },
    "spectral_rms": {
        "max": 0.0137914549559,
        "mean": 0.00544093409553,
        "min": 0.000903841864783,
        "stdev": 0.00201900978573
    },
    "spectral_rolloff": {
        "max": 10034.4726562,
        "mean": 1405.89074707,
        "min": 64.599609375,
        "stdev": 1505.50170898
    },
    "spectral_skewness": {
        "max": 4.40254449844,
        "mean": 1.39814603329,
        "min": 0.199536755681,
        "stdev": 0.462971538305
    },
    "spectral_spread": {
        "max": 13798246,
        "mean": 5112165,
        "min": 1169210.875,
        "stdev": 2333694.25
    },
    "spectral_strongpeak": {
        "max": 6.87306642532,
        "mean": 0.888726174831,
        "min": 0,
        "stdev": 0.972765088081
    },
    "zerocrossingrate": {
        "max": 0.26416015625,
        "mean": 0.060661893338,
        "min": 0.00537109375,
        "stdev": 0.0340933576226
    },
    "barkbands": {
        "max": [0.00762999337167, 0.0820091068745, 0.106269851327, 0.0529493540525, 0.0370707288384, 0.0266529247165, 0.0289407409728, 0.0155910346657, 0.0504061877728, 0.0425967425108, 0.0225703362375, 0.0103502515703, 0.00531795015559, 0.00554021028802, 0.00809841416776, 0.00807726103812, 0.00994756259024, 0.00500049255788, 0.00435199774802, 0.00231828493997, 0.00327621027827, 0.0064025153406, 0.00295594148338, 0.00420298194513, 0.00337106361985, 0.00115865177941, 8.12861180748e-05],
        "mean": [0.000403607758926, 0.00799711700529, 0.0041091600433, 0.00224523316137, 0.00360956881195, 0.00182335812133, 0.00196381821297, 0.00110490364023, 0.00282261776738, 0.00210650940426, 0.00158698810264, 0.000459318514913, 0.00042309917626, 0.000429248349974, 0.000403623649618, 0.000457621819805, 0.000694022455718, 0.000351470749592, 0.000298722938169, 0.000156295864144, 0.000218754445086, 0.000226939082495, 0.000203949661227, 0.000211009493796, 0.000162003489095, 5.12268015882e-05, 1.99922942556e-06],
        "min": [1.79550618817e-09, 3.2347251544e-09, 3.39821104589e-09, 1.34383759676e-09, 1.1375906297e-06, 5.62995955988e-06, 9.48126762523e-06, 7.84173425927e-06, 1.18980860861e-05, 6.08547088632e-06, 3.39627376889e-06, 2.27560735766e-06, 1.56690418862e-06, 7.16169154202e-07, 1.22068649944e-06, 5.19637694651e-07, 5.00397220549e-07, 6.44242106773e-07, 1.92682705347e-07, 2.88000023829e-07, 1.64128366009e-07, 1.24457608663e-08, 7.26017801433e-10, 1.64918259604e-10, 1.49519993609e-10, 1.09738905463e-10, 1.27197793964e-10],
        "stdev": [0.000954173854552, 0.011822395958, 0.0116219734773, 0.00539987394586, 0.0046619605273, 0.00292099290527, 0.00319227552973, 0.00180224061478, 0.00642673438415, 0.0053937593475, 0.00274884165265, 0.00102074025199, 0.000804511946626, 0.000765545933973, 0.000664171471726, 0.000719223520719, 0.0012064888142, 0.000525390962139, 0.000415197544498, 0.000227959812037, 0.000323368032696, 0.000403966201702, 0.000370951398509, 0.000459731731098, 0.000403997604735, 0.000117761803267, 7.03295472704e-06]
    },
    "erbbands": {
        "max": [1.9928715229, 20.0676403046, 89.5251846313, 194.796646118, 144.392532349, 177.182662964, 180.386230469, 205.977127075, 404.308074951, 649.069641113, 317.450866699, 1153.63671875, 1689.38879395, 1035.86047363, 936.516784668, 322.871887207, 277.049041748, 373.175506592, 227.223068237, 552.186889648, 290.956512451, 614.66595459, 320.102813721, 319.951660156, 131.745758057, 149.473358154, 192.624908447, 189.695297241, 225.303787231, 162.584854126, 84.1837921143, 65.3086013794, 84.4083404541, 46.4328193665, 21.2655696869, 6.64172315598, 1.68178963661, 0.27867564559, 0.00791972037405, 0.000426198996138],
        "mean": [0.250998824835, 1.7238407135, 4.43580436707, 6.80693340302, 7.65128421783, 14.7502746582, 13.56245327, 14.5119791031, 22.5068798065, 35.1937484741, 27.1552238464, 65.5418319702, 70.3087310791, 60.5166893005, 56.1763496399, 20.144033432, 18.8082180023, 25.3737030029, 15.1684865952, 29.7101860046, 28.8212356567, 33.0533943176, 19.1633644104, 19.056268692, 11.4990100861, 7.78893327713, 8.54644489288, 8.95654392242, 7.58874940872, 7.94093227386, 5.35239696503, 4.63527822495, 3.26917171478, 2.04730963707, 0.994144022465, 0.304531604052, 0.0803009718657, 0.0104630244896, 0.000334000826115, 5.44678223378e-05],
        "min": [5.96518134444e-07, 1.91437811736e-06, 7.97548545961e-06, 5.25435498275e-05, 0.000913386407774, 0.00460280897096, 0.0161279588938, 0.0592963472009, 0.0847673863173, 0.228167265654, 0.393305599689, 0.421974331141, 0.36767244339, 0.317521512508, 0.203962683678, 0.178354412317, 0.10046877712, 0.0624855794013, 0.0608597286046, 0.0454449765384, 0.0204305946827, 0.0344483330846, 0.0349646918476, 0.0146510852501, 0.00863601081073, 0.0119835352525, 0.00843149144202, 0.00657779630274, 0.000891642703209, 6.29116475466e-05, 3.10372743115e-05, 9.57617976383e-06, 5.637965387e-06, 4.15880776927e-06, 3.0837727536e-06, 1.46561069414e-06, 6.44692306651e-07, 2.37653694057e-07, 4.59006969322e-07, 9.82742562883e-07],
        "stdev": [0.349929660559, 2.80339813232, 10.8950691223, 17.5992107391, 12.8043994904, 20.9657535553, 18.4947738647, 25.1427001953, 38.5802764893, 64.1131973267, 43.1506347656, 145.706253052, 184.78894043, 123.792701721, 102.181190491, 38.1147041321, 34.9456672668, 44.2876548767, 23.5236740112, 45.8805847168, 35.4019927979, 61.1609115601, 28.4102954865, 28.8413925171, 15.816034317, 11.4833841324, 13.1189908981, 14.5070114136, 13.1373748779, 16.2113895416, 9.3926782608, 8.87781333923, 7.98260116577, 5.10963821411, 2.50103735924, 0.705962300301, 0.18835632503, 0.027553724125, 0.000900093233213, 4.96887041663e-05]
    },
    "gfcc": {
        "mean": [2.65004205704, 93.3171310425, -127.223304749, 37.4267501831, -72.8938522339, 15.1881885529, -36.354309082, 9.82832431793, -15.1899938583, -5.32107925415, -13.1544771194, 0.768632352352, -3.11814188957],
        "cov": [[3980.28393555, -1595.31213379, 1362.17480469, 527.05255127, 299.445404053, 399.397491455, -573.544006348, 650.797119141, -300.196136475, 484.122924805, -324.799743652, 386.692993164, -79.3201293945], [-1595.31213379, 1857.85119629, -91.9307327271, 371.837860107, 209.073394775, -346.030700684, 179.568222046, -429.792236328, 150.710983276, -279.064239502, 220.948501587, -181.373138428, 115.670677185], [1362.17480469, -91.9307327271, 3030.34448242, 1195.23327637, 570.949768066, 374.764007568, -450.771087646, 201.610488892, -184.167877197, 401.467559814, -240.240509033, 502.319885254, -198.376037598], [527.05255127, 371.837860107, 1195.23327637, 907.533325195, 321.85736084, 74.1281738281, -234.770217896, 35.1493797302, -40.5442810059, 81.4147644043, 7.2930893898, 189.244018555, 27.7356967926], [299.445404053, 209.073394775, 570.949768066, 321.85736084, 362.876037598, 33.7698707581, -39.2438735962, 44.9603767395, 20.1397151947, 81.8672180176, -28.244354248, 131.972259521, -12.3524723053], [399.397491455, -346.030700684, 374.764007568, 74.1281738281, 33.7698707581, 349.728210449, -5.54375267029, 130.248168945, -29.4570484161, 93.487991333, -32.6636886597, 62.2242507935, 19.8752231598], [-573.544006348, 179.568222046, -450.771087646, -234.770217896, -39.2438735962, -5.54375267029, 296.021148682, -42.109172821, 112.795036316, -70.9965286255, 60.5496253967, -98.9965209961, 22.6413574219], [650.797119141, -429.792236328, 201.610488892, 35.1493797302, 44.9603767395, 130.248168945, -42.109172821, 260.571502686, -3.21963715553, 117.52331543, -54.3607444763, 113.811477661, -6.90447378159], [-300.196136475, 150.710983276, -184.167877197, -40.5442810059, 20.1397151947, -29.4570484161, 112.795036316, -3.21963715553, 165.217788696, -35.4979972839, 57.6078529358, -22.8417453766, 28.7987766266], [484.122924805, -279.064239502, 401.467559814, 81.4147644043, 81.8672180176, 93.487991333, -70.9965286255, 117.52331543, -35.4979972839, 182.121871948, -53.4299468994, 106.726287842, -51.9565467834], [-324.799743652, 220.948501587, -240.240509033, 7.2930893898, -28.244354248, -32.6636886597, 60.5496253967, -54.3607444763, 57.6078529358, -53.4299468994, 137.807617188, -35.2747459412, 57.7735176086], [386.692993164, -181.373138428, 502.319885254, 189.244018555, 131.972259521, 62.2242507935, -98.9965209961, 113.811477661, -22.8417453766, 106.726287842, -35.2747459412, 218.588867188, -19.6082744598], [-79.3201293945, 115.670677185, -198.376037598, 27.7356967926, -12.3524723053, 19.8752231598, 22.6413574219, -6.90447378159, 28.7987766266, -51.9565467834, 57.7735176086, -19.6082744598, 118.884399414]],
        "icov": [[0.000941310659982, 0.000610051560216, 5.71464370296e-05, -0.000430278858403, -0.000834574457258, 0.000230266712606, 0.000788946228568, -0.00122097518761, 0.000654269533698, -0.000587411748711, 0.000381584919523, 0.000878964434378, -0.000571823271457], [0.000610051560216, 0.00288761942647, -0.000890314928256, -0.000638577854261, -0.00204925029539, 0.00229255505838, -0.000968748412561, 0.00102198286913, 0.000299582286971, 0.00114709103946, -0.00180413259659, 0.00249647651799, -0.0023742695339], [5.71464370296e-05, -0.000890314928256, 0.00271480157971, -0.00235111126676, 0.000326978479279, -0.00259408005513, 0.000791573314928, 0.000771451799665, -0.000105647013697, -0.0019361913437, 0.00286176800728, -0.00281996000558, 0.00366822141223], [-0.000430278858403, -0.000638577854261, -0.00235111126676, 0.00518971635029, -0.00111483153887, 0.000916281191166, 0.00155850581359, -0.000902483880054, -0.000188231831999, 0.00186798931099, -0.00315198721364, 0.00103278539609, -0.00285388156772], [-0.000834574457258, -0.00204925029539, 0.000326978479279, -0.00111483153887, 0.00705242436379, -0.000926722248551, -0.00145450257696, 0.000621681334451, -0.00158426049165, -0.00184447190259, 0.00256272405386, -0.00373405148275, 0.00115994550288], [0.000230266712606, 0.00229255505838, -0.00259408005513, 0.000916281191166, -0.000926722248551, 0.00745558086783, -0.00256840302609, -0.00130623241421, 0.0013161128154, 0.000332503463142, -0.00252950820141, 0.00365554355085, -0.00589007697999], [0.000788946228568, -0.000968748412561, 0.000791573314928, 0.00155850581359, -0.00145450257696, -0.00256840302609, 0.00872572977096, -0.00185483787209, -0.00285199959762, -0.000166413141415, -0.000104150611151, 0.00108533340972, 0.00178270984907], [-0.00122097518761, 0.00102198286913, 0.000771451799665, -0.000902483880054, 0.000621681334451, -0.00130623241421, -0.00185483787209, 0.0112061575055, -0.0027418769896, -0.00213806028478, 0.00157976348419, -0.00370984571055, -0.000673922535498], [0.000654269533698, 0.000299582286971, -0.000105647013697, -0.000188231831999, -0.00158426049165, 0.0013161128154, -0.00285199959762, -0.0027418769896, 0.0103563377634, 0.000346150045516, -0.00257319724187, 0.000623629137408, -0.000992165645584], [-0.000587411748711, 0.00114709103946, -0.0019361913437, 0.00186798931099, -0.00184447190259, 0.000332503463142, -0.000166413141415, -0.00213806028478, 0.000346150045516, 0.014081411995, -0.00344775384292, -0.000320141407428, 0.00217854697257], [0.000381584919523, -0.00180413259659, 0.00286176800728, -0.00315198721364, 0.00256272405386, -0.00252950820141, -0.000104150611151, 0.00157976348419, -0.00257319724187, -0.00344775384292, 0.0159587580711, -0.0038114679046, -0.000946136715356], [0.000878964434378, 0.00249647651799, -0.00281996000558, 0.00103278539609, -0.00373405148275, 0.00365554355085, 0.00108533340972, -0.00370984571055, 0.000623629137408, -0.000320141407428, -0.0038114679046, 0.0135244773701, -0.00441836053506], [-0.000571823271457, -0.0023742695339, 0.00366822141223, -0.00285388156772, 0.00115994550288, -0.00589007697999, 0.00178270984907, -0.000673922535498, -0.000992165645584, 0.00217854697257, -0.000946136715356, -0.00441836053506, 0.0187769364566]]
    },
    "melbands": {
        "max": [0.0201656706631, 0.0333158820868, 0.0282642710954, 0.00964945927262, 0.00608349358663, 0.00488706864417, 0.00609614001587, 0.00651460140944, 0.00293956394307, 0.00785337761045, 0.00820706691593, 0.00455176923424, 0.00353652075864, 0.00166746182367, 0.000590686162468, 0.000614584947471, 0.000638221565168, 0.000294373807264, 0.000527218799107, 0.000710079621058, 0.00045112191583, 0.000811743433587, 0.000490033358801, 0.000307968148263, 0.000321303959936, 0.000156110807438, 6.46988482913e-05, 9.19746380532e-05, 0.000159420771524, 9.35006682994e-05, 0.000137161041494, 0.000132460147142, 0.000112914523925, 8.49681018735e-05, 5.5506843637e-05, 3.72873728338e-05, 4.99756170029e-05, 7.4516152381e-05, 3.76573516405e-05, 4.39713112428e-05],
        "mean": [0.0022403576877, 0.00228268653154, 0.00118638074491, 0.00078351033153, 0.00054199056467, 0.000341446750099, 0.000365045038052, 0.000353710900526, 0.000247285701334, 0.000420612137532, 0.00034698258969, 0.000243801536271, 0.000211783961277, 7.01416065567e-05, 3.94408634747e-05, 4.41121774202e-05, 4.7351437388e-05, 2.23374790949e-05, 3.06696165353e-05, 4.23572237196e-05, 3.45741500496e-05, 3.92110887333e-05, 2.07318207686e-05, 1.65393557836e-05, 1.54934077727e-05, 1.01520054159e-05, 5.24339338881e-06, 5.10818244948e-06, 5.57077100893e-06, 4.68560119771e-06, 5.44709155292e-06, 4.14024407291e-06, 4.52975700682e-06, 4.39580480815e-06, 3.25274095303e-06, 2.59242506218e-06, 2.92175832328e-06, 2.42274495577e-06, 1.90608295725e-06, 1.66421943959e-06],
        "min": [1.85166904032e-09, 1.29096044965e-09, 1.50701531254e-08, 2.36439490209e-07, 4.39400878349e-07, 1.41485156746e-06, 1.32982097512e-06, 2.30226623898e-06, 2.71026397058e-06, 1.91784693016e-06, 1.03207412394e-06, 6.9977994599e-07, 4.27359992727e-07, 3.3128375776e-07, 3.21590988506e-07, 2.37402758785e-07, 8.22559158564e-08, 8.43767651304e-08, 7.97391308538e-08, 4.41371028614e-08, 2.04817549587e-08, 3.05012655133e-08, 4.3976484676e-08, 1.82885244726e-08, 1.06637685349e-08, 3.54906637412e-09, 5.96580251866e-09, 5.71280578399e-09, 6.10226091879e-09, 3.72935771153e-09, 3.96204047348e-09, 3.55140722386e-10, 5.65068061786e-11, 5.01448405368e-12, 5.80338208045e-12, 3.45124124591e-12, 1.82758929518e-12, 1.13433372938e-12, 7.91019973048e-13, 1.09795831281e-12],
        "stdev": [0.00315194018185, 0.00446475949138, 0.0027278221678, 0.00104045961052, 0.000716836715583, 0.000590690935496, 0.000594928453211, 0.00063503079582, 0.000436576781794, 0.00096530013252, 0.000933297036681, 0.000533227750566, 0.000374355993699, 0.000149583778693, 8.06717216619e-05, 8.12381113064e-05, 8.40696666273e-05, 3.87935142498e-05, 5.07885160914e-05, 6.88374420861e-05, 5.20053472428e-05, 7.7529126429e-05, 4.14723508584e-05, 2.73628720606e-05, 2.59113076027e-05, 1.59537285072e-05, 7.36492711439e-06, 8.05484978628e-06, 1.0091040167e-05, 6.89643684382e-06, 9.85106817097e-06, 7.26766438675e-06, 9.2318168754e-06, 9.20080674405e-06, 5.90498484598e-06, 4.46560216005e-06, 6.1079185798e-06, 6.31619423075e-06, 4.54369455838e-06, 4.30068894275e-06]
    },
    "melbands128": {
        "max": [0.00689916219562, 0.0192454457283, 0.0349112711847, 0.0359721072018, 0.0394888631999, 0.0563083663583, 0.0468408092856, 0.0221309699118, 0.0174917541444, 0.0165014341474, 0.0123701691628, 0.0137475840747, 0.00622375868261, 0.00717612821609, 0.00611313153058, 0.0109110651538, 0.00815107673407, 0.00996019784361, 0.0082952817902, 0.0103044547141, 0.00529919844121, 0.00406528171152, 0.00453406013548, 0.00788260158151, 0.0117145292461, 0.0157310403883, 0.0159617718309, 0.0119265224785, 0.0124626820907, 0.00746504403651, 0.00476126745343, 0.00583787867799, 0.00688452506438, 0.00654088146985, 0.00274729495868, 0.00158488773741, 0.00118465430569, 0.000930044567212, 0.00105525937397, 0.00103313138243, 0.000742053962313, 0.00240468932316, 0.00115641287994, 0.00080607063137, 0.000394962466089, 0.000510341196787, 0.000922462379094, 0.000760323018767, 0.00106689683162, 0.00139769748785, 0.00121709308587, 0.00104136148002, 0.000587723974604, 0.000910940230824, 0.00144459842704, 0.00178867625073, 0.000979104777798, 0.00127560342662, 0.000496589171235, 0.000548530661035, 0.000499630172271, 0.000431277148891, 0.000715789152309, 0.000468513258966, 0.000248944154009, 0.000304430024698, 0.000213969760807, 0.000174229513505, 7.40604082239e-05, 0.000283823959762, 0.000154438166646, 0.000158548267791, 0.000144440855365, 0.000321225030348, 0.000127237741253, 0.000142361415783, 9.28741355892e-05, 0.000164690893143, 0.000241026107688, 0.000175914479769, 0.000127637700643, 0.00013026954548, 0.000162592739798, 0.000116190516565, 0.000138001967571, 0.000125352176838, 0.000102395213617, 7.49197424739e-05, 8.42419831315e-05, 6.64549370413e-05, 5.40924338566e-05, 5.17719563504e-05, 5.18420310982e-05, 5.3988678701e-05, 7.03554760548e-05, 8.95027260412e-05, 9.35985299293e-05, 4.9729613238e-05, 5.26090043422e-05, 5.2158942708e-05, 6.46552653052e-05, 4.69410988444e-05, 4.92601429869e-05, 3.94659837184e-05, 2.77852141153e-05, 3.07099435304e-05, 1.95772208826e-05, 2.22622093133e-05, 1.22644105431e-05, 8.3439217633e-06, 6.14011241851e-06, 6.18215244685e-06, 7.87554927228e-06, 5.97178268436e-06, 2.94209485219e-06, 2.67606560556e-06, 3.26646431859e-06, 6.05430955147e-07, 2.49309266565e-07, 3.93489671069e-07, 2.83276506252e-07, 2.24325177101e-07, 1.64589891938e-07, 7.32156202332e-09, 3.04804070872e-09, 2.63036414871e-09, 2.39951836178e-09, 2.27672147801e-09],
        "mean": [0.00035771963303, 0.00194296147674, 0.00311427027918, 0.00269153201953, 0.00231073168106, 0.00196908041835, 0.00143768510316, 0.00102504948154, 0.000659567886032, 0.000753923377488, 0.000909769558348, 0.000695219030604, 0.000418657902628, 0.000399108655984, 0.000273849291261, 0.000372598209651, 0.000371000496671, 0.000309826020384, 0.000414513720898, 0.000492572726216, 0.000251164339716, 0.000155383750098, 0.000204651048989, 0.000371047441149, 0.000493788102176, 0.000398838543333, 0.000385910156183, 0.000368206470739, 0.000285671179881, 0.000264142698143, 0.000208229132113, 0.000235476778471, 0.000253072415944, 0.000185426848475, 6.00878629484e-05, 5.3405197832e-05, 4.71769744763e-05, 3.25429391523e-05, 4.08270570915e-05, 3.91702196794e-05, 4.11768523918e-05, 5.86407877563e-05, 5.1693401474e-05, 4.45156365458e-05, 2.14477822738e-05, 1.71622523339e-05, 2.43050490099e-05, 2.10894631891e-05, 3.71399291907e-05, 5.13359445904e-05, 4.9088808737e-05, 2.80891163129e-05, 1.91075741895e-05, 4.34184912592e-05, 5.66503404116e-05, 3.73330476577e-05, 2.57990395767e-05, 2.65616927209e-05, 1.73041498783e-05, 1.27468756546e-05, 1.60740510182e-05, 1.92075276573e-05, 1.99106052605e-05, 1.26918484966e-05, 1.11662766358e-05, 1.1472229744e-05, 8.73278895597e-06, 6.31232524029e-06, 3.66386166206e-06, 5.01634713146e-06, 5.13633676746e-06, 5.03500905324e-06, 5.73592024011e-06, 6.08892742093e-06, 4.77611911265e-06, 4.55767940366e-06, 4.42425334768e-06, 5.50356571694e-06, 5.82743041377e-06, 5.33937554792e-06, 4.03370086133e-06, 3.68985320165e-06, 4.0557383727e-06, 4.79075151816e-06, 4.83318672195e-06, 4.25720327257e-06, 4.50876314062e-06, 4.16523334934e-06, 3.30059356202e-06, 2.47618913818e-06, 2.27308669309e-06, 2.7669298106e-06, 2.86759654955e-06, 3.00950409837e-06, 2.90284015136e-06, 2.69697352451e-06, 2.41775524046e-06, 1.86897159438e-06, 1.88914793853e-06, 1.96044697987e-06, 1.75493255483e-06, 1.5990593738e-06, 1.57157364811e-06, 1.39441215197e-06, 1.10460211999e-06, 9.13453334306e-07, 8.2728365669e-07, 6.59447152884e-07, 4.40860702611e-07, 3.74409580672e-07, 3.44869903302e-07, 2.8576627642e-07, 2.49177162459e-07, 1.98319156652e-07, 1.5497720085e-07, 1.05278139984e-07, 6.11773529613e-08, 1.08084865502e-08, 2.4847308655e-09, 2.66262945026e-09, 3.16978887582e-09, 2.89552004595e-09, 1.61450497416e-09, 4.86766113528e-11, 7.09128762655e-12, 6.43384260798e-12, 6.06777735696e-12, 5.93764794277e-12],
        "min": [6.18596895929e-10, 1.6788556656e-10, 1.3541199273e-09, 9.26324239536e-10, 1.32757727034e-09, 1.74608172365e-09, 5.01025276822e-10, 1.04187936056e-09, 4.04716473668e-08, 2.50844980343e-08, 9.12082427362e-08, 2.87009900291e-08, 1.27080426182e-07, 4.17609754777e-07, 5.14951580044e-07, 2.96598443583e-07, 5.78751212288e-07, 3.22742835124e-07, 2.40639934646e-07, 1.44805881064e-06, 6.96090580732e-07, 3.62600474091e-07, 2.04860583608e-07, 4.32668997519e-07, 2.99801428127e-07, 4.37624834149e-07, 1.50589926307e-07, 3.39566867069e-07, 1.46172283166e-07, 1.41436871104e-07, 1.32184439394e-07, 3.52315510099e-07, 1.59923700949e-07, 5.14819156194e-08, 1.18581169772e-07, 9.55818180159e-08, 2.60961883214e-08, 4.33391633692e-08, 1.13947322689e-07, 5.76125529506e-08, 4.82837307914e-08, 1.27123342963e-07, 8.45032701591e-08, 7.46525898876e-08, 1.83096666717e-08, 2.60390553564e-08, 5.20760892186e-08, 4.80702375683e-08, 3.21974731321e-08, 3.4253652359e-08, 3.03558067571e-08, 9.24611320841e-09, 1.97474250285e-08, 1.72191292336e-08, 2.48374210088e-08, 1.43768845717e-08, 2.16381366158e-08, 2.61030432824e-08, 1.10027125189e-08, 1.56507962146e-08, 4.17776568895e-09, 3.32916338941e-09, 9.19755827056e-09, 8.26914980934e-09, 3.14479398078e-09, 2.59300270145e-09, 3.19136583826e-09, 4.4674917099e-09, 4.81861706092e-09, 7.62433316481e-09, 3.48635587066e-09, 4.13700806945e-09, 4.89953988492e-09, 4.31427471526e-09, 3.26346727419e-09, 4.43144099194e-09, 2.63890331809e-09, 3.91764620744e-09, 1.89978099918e-09, 1.13102960331e-09, 2.72735667384e-10, 1.78543513307e-10, 5.4043779868e-11, 7.48495709857e-11, 1.51721534641e-11, 2.14396447644e-12, 2.62200309208e-12, 5.97521684909e-12, 3.09573178724e-12, 3.08515647925e-12, 4.41989066874e-12, 3.25416906963e-12, 1.94170656116e-12, 1.60413576953e-12, 1.28981656085e-12, 7.91610863232e-13, 4.80006876261e-13, 4.28372669368e-13, 4.85554305096e-13, 8.37913722782e-13, 6.90392296283e-13, 6.39560778469e-13, 8.98424780751e-13, 8.81649950529e-13, 7.60979007672e-13, 8.19458324981e-13, 3.91857200984e-13, 4.76410089763e-13, 5.93602369949e-13, 5.22798221814e-13, 5.4001378022e-13, 5.16067386307e-13, 4.13877862104e-13, 4.26469000088e-13, 4.05936867237e-13, 4.61799056026e-13, 4.0323121361e-13, 4.02169806788e-13, 4.53191737609e-13, 3.44990393674e-13, 4.09283067507e-13, 2.9715317121e-13, 4.4512990841e-13, 3.90718300812e-13, 2.81492819505e-13, 1.04616836027e-13, 1.56267516017e-14, 6.01906059242e-16],
        "stdev": [0.000849894015118, 0.00295136659406, 0.00465455465019, 0.00493324408308, 0.00537263927981, 0.00580351939425, 0.00406440533698, 0.00230411277153, 0.0012763220584, 0.00123754329979, 0.00145478011109, 0.00114952505101, 0.000686654471792, 0.000681025441736, 0.000528441858478, 0.00105149415322, 0.00090850982815, 0.000729255552869, 0.000859917025082, 0.00106042798143, 0.000517341599334, 0.00030983160832, 0.00044666181202, 0.000875401252415, 0.00118278618902, 0.00122011988424, 0.00122946198098, 0.00107752240729, 0.000917457626201, 0.000761644390877, 0.000510561862029, 0.000531497586053, 0.000530809222255, 0.00050605321303, 0.000181997951586, 0.000136045593536, 0.000102080703073, 9.06952409423e-05, 9.8911295936e-05, 8.81791929714e-05, 9.47887529037e-05, 0.000145934842294, 0.000109428772703, 9.37095755944e-05, 4.90643287776e-05, 3.84378654417e-05, 5.65993323107e-05, 5.45002658328e-05, 8.60950822243e-05, 0.000118544747238, 0.000119045602332, 6.20228165644e-05, 4.40890216851e-05, 9.01322855498e-05, 0.000124834114104, 0.000125499267597, 7.73244028096e-05, 8.6356070824e-05, 3.76087700715e-05, 3.14502467518e-05, 3.87638938264e-05, 4.46025769634e-05, 5.09027995577e-05, 2.74701251328e-05, 2.24106661335e-05, 2.60651177086e-05, 1.71587471414e-05, 1.36060698424e-05, 6.2020308178e-06, 1.2858469745e-05, 1.02087660707e-05, 1.13130599857e-05, 1.28289020722e-05, 1.6673011487e-05, 9.61514706432e-06, 8.72426062415e-06, 8.16812917037e-06, 1.18847028716e-05, 1.43451943586e-05, 1.00178403954e-05, 7.526999525e-06, 7.23461562302e-06, 9.15739565244e-06, 1.05388244265e-05, 1.09524262371e-05, 1.02838002931e-05, 1.0375479178e-05, 8.05293711892e-06, 6.83788675815e-06, 4.8222264013e-06, 3.96362156607e-06, 5.56594659429e-06, 5.42050293006e-06, 6.25236407359e-06, 7.40294672141e-06, 7.81399921834e-06, 6.70432109473e-06, 4.6680579544e-06, 4.55164854429e-06, 5.13812756253e-06, 4.91407126901e-06, 4.30299496657e-06, 4.23085384682e-06, 3.80721644433e-06, 2.86263025373e-06, 2.50649418376e-06, 2.27807913689e-06, 1.85215185411e-06, 1.0947719602e-06, 8.81304345057e-07, 7.7603453974e-07, 6.7890880473e-07, 7.06648620508e-07, 5.56048121325e-07, 4.02644502628e-07, 3.01699742522e-07, 2.3370429858e-07, 4.69593288699e-08, 1.46502374676e-08, 1.80947825612e-08, 1.9009345209e-08, 1.7191931434e-08, 1.03142827612e-08, 3.98398786183e-10, 7.74221728395e-11, 6.69029762146e-11, 6.10921035982e-11, 5.80011282059e-11]
    },
    "mfcc": {
        "mean": [-631.776855469, 112.796852112, 3.90197396278, 19.4180145264, -5.75929307938, 1.81224751472, -8.80210590363, 10.0172224045, 1.9752933979, -1.34154260159, -4.09997463226, 0.89213013649, 0.0120749073103],
        "cov": [[3218.89648438, -1257.34716797, 239.389648438, -43.7537918091, 444.23336792, -213.923095703, 92.5357055664, -35.8067207336, 211.493301392, 10.9194002151, 10.6696443558, -14.6613168716, 82.7554779053], [-1257.34716797, 1206.3404541, -80.8233108521, 401.260406494, -24.2700252533, 126.707588196, -45.9945373535, -30.1404476166, -105.632514954, -42.9016189575, -63.7792320251, 36.6191177368, -18.2176055908], [239.389648438, -80.8233108521, 2053.24975586, 851.781555176, 893.604858398, 389.227508545, 72.2268371582, 39.8472709656, 43.8043022156, -118.741439819, -20.386636734, 66.5778808594, 245.04914856], [-43.7537918091, 401.260406494, 851.781555176, 920.921630859, 549.457519531, 166.509399414, -29.4285793304, 9.79500293732, -25.1758384705, -138.21257019, -47.4522323608, 103.438049316, 106.679214478], [444.23336792, -24.2700252533, 893.604858398, 549.457519531, 643.105834961, 174.775634766, 30.3932723999, 29.4386482239, 46.5009231567, -91.9356842041, -31.0036907196, 62.7338371277, 145.318847656], [-213.923095703, 126.707588196, 389.227508545, 166.509399414, 174.775634766, 230.216461182, 58.6194992065, 29.1687831879, 9.51869297028, 18.6186447144, -19.1091117859, 12.5328502655, 59.8893051147], [92.5357055664, -45.9945373535, 72.2268371582, -29.4285793304, 30.3932723999, 58.6194992065, 123.914718628, 20.4802341461, 29.6549949646, 44.8841781616, -6.05297040939, -11.0175895691, 24.4805660248], [-35.8067207336, -30.1404476166, 39.8472709656, 9.79500293732, 29.4386482239, 29.1687831879, 20.4802341461, 141.552825928, 54.299785614, 13.9291791916, 19.1953754425, 33.2819404602, 28.1139545441], [211.493301392, -105.632514954, 43.8043022156, -25.1758384705, 46.5009231567, 9.51869297028, 29.6549949646, 54.299785614, 120.693840027, 45.1576156616, 11.6981954575, 8.50902175903, 29.8996562958], [10.9194002151, -42.9016189575, -118.741439819, -138.21257019, -91.9356842041, 18.6186447144, 44.8841781616, 13.9291791916, 45.1576156616, 150.364212036, 24.0491008759, -20.77551651, -15.7754392624], [10.6696443558, -63.7792320251, -20.386636734, -47.4522323608, -31.0036907196, -19.1091117859, -6.05297040939, 19.1953754425, 11.6981954575, 24.0491008759, 92.1301345825, 25.4598236084, -2.26784229279], [-14.6613168716, 36.6191177368, 66.5778808594, 103.438049316, 62.7338371277, 12.5328502655, -11.0175895691, 33.2819404602, 8.50902175903, -20.77551651, 25.4598236084, 111.075164795, 39.9175415039], [82.7554779053, -18.2176055908, 245.04914856, 106.679214478, 145.318847656, 59.8893051147, 24.4805660248, 28.1139545441, 29.8996562958, -15.7754392624, -2.26784229279, 39.9175415039, 126.764060974]],
        "icov": [[0.000903932377696, 0.000851753633469, 0.000330355018377, -0.000239443470491, -0.00107242376544, 0.000935221789405, -0.000619492959231, 0.000737804046366, -0.000782530754805, -0.000230934310821, 0.000217438995605, 5.47882445971e-05, -1.87833138625e-05], [0.000851753633469, 0.00238420488313, 0.000821640947834, -0.00161771278363, -7.37961236155e-05, -0.000597709207796, -0.00023111475457, 0.000812322134152, -0.000196604174562, -0.000249211414484, 0.000629424292129, 8.21734793135e-05, -0.000208134923014], [0.000330355018377, 0.000821640947834, 0.00188239221461, -0.000921594153624, -0.00154306180775, -0.00142836989835, -0.0001539063378, 0.000499907298945, -9.75908988039e-05, 0.000276382372249, -0.000790313119069, 0.000913415045943, -0.000842638139147], [-0.000239443470491, -0.00161771278363, -0.000921594153624, 0.00417243456468, -0.00239392975345, 0.00069971481571, 0.000750078295823, -0.00035442612716, 0.00069031334715, 0.000461838819319, 0.000648172397632, -0.00186474202201, 0.00103498843964], [-0.00107242376544, -7.37961236155e-05, -0.00154306180775, -0.00239392975345, 0.00782431755215, -0.0021901181899, 0.000277814018773, -0.000335189426551, -0.0011419254588, 0.00172230834141, 0.000442241929704, -8.45676477184e-05, -0.0017089121975], [0.000935221789405, -0.000597709207796, -0.00142836989835, 0.00069971481571, -0.0021901181899, 0.0105542000383, -0.00317151565105, -0.00085134076653, 0.000796444714069, -0.00295174960047, 0.00166641443502, -0.000251802324783, -0.000644496583845], [-0.000619492959231, -0.00023111475457, -0.0001539063378, 0.000750078295823, 0.000277814018773, -0.00317151565105, 0.0116121191531, -0.00113118765876, -3.20198705595e-05, -0.00243329815567, 0.00106827390846, 0.000856780214235, -0.00132020667661], [0.000737804046366, 0.000812322134152, 0.000499907298945, -0.00035442612716, -0.000335189426551, -0.00085134076653, -0.00113118765876, 0.0102521060035, -0.00494903931394, 0.000870756106451, -0.00112244440243, -0.00210125092417, -0.000384556333302], [-0.000782530754805, -0.000196604174562, -9.75908988039e-05, 0.00069031334715, -0.0011419254588, 0.000796444714069, -3.20198705595e-05, -0.00494903931394, 0.0142885223031, -0.00429285131395, 0.000337494537234, 8.31397846923e-05, -0.00179768342059], [-0.000230934310821, -0.000249211414484, 0.000276382372249, 0.000461838819319, 0.00172230834141, -0.00295174960047, -0.00243329815567, 0.000870756106451, -0.00429285131395, 0.0113043840975, -0.00290689151734, 0.00109606608748, 0.000911137089133], [0.000217438995605, 0.000629424292129, -0.000790313119069, 0.000648172397632, 0.000442241929704, 0.00166641443502, 0.00106827390846, -0.00112244440243, 0.000337494537234, -0.00290689151734, 0.0141889275983, -0.00444656563923, 0.000891853997018], [5.47882445971e-05, 8.21734793135e-05, 0.000913415045943, -0.00186474202201, -8.45676477184e-05, -0.000251802324783, 0.000856780214235, -0.00210125092417, 8.31397846923e-05, 0.00109606608748, -0.00444656563923, 0.013599967584, -0.0039492752403], [-1.87833138625e-05, -0.000208134923014, -0.000842638139147, 0.00103498843964, -0.0017089121975, -0.000644496583845, -0.00132020667661, -0.000384556333302, -0.00179768342059, 0.000911137089133, 0.000891853997018, -0.0039492752403, 0.0130296926945]]
    },
    "spectral_contrast_coeffs": {
        "max": [-0.381999969482, -0.508746087551, -0.475337982178, -0.624501168728, -0.633813023567, -0.544366776943],
        "mean": [-0.711643755436, -0.73795992136, -0.744818508625, -0.789117217064, -0.786335587502, -0.745324552059],
        "min": [-0.890106618404, -0.940361618996, -0.894029319286, -0.903600990772, -0.878689885139, -0.859404146671],
        "stdev": [0.0732019022107, 0.0707771107554, 0.0620555877686, 0.0516344308853, 0.0497749447823, 0.0463822074234]
    },
    "spectral_contrast_valleys": {
        "max": [-4.54959392548, -4.34271144867, -4.87288045883, -5.83636713028, -5.85887670517, -7.59981441498],
        "mean": [-6.74711084366, -6.49451732635, -7.27640151978, -7.65219783783, -7.52889204025, -10.0823936462],
        "min": [-11.4495601654, -8.03297328949, -9.08522701263, -9.78469467163, -10.0767784119, -15.783411026],
        "stdev": [1.21107232571, 0.511279761791, 0.77199870348, 0.680798649788, 0.628254771233, 1.32974457741]
    }
},
"rhythm": {
    "beats_count": 60,
    "beats_loudness": {
        "max": 0.1107468009,
        "mean": 0.0724596679211,
        "min": 0.00194342946634,
        "stdev": 0.0246299933642
    },
    "bpm": 96.8706970215,
    "bpm_histogram_first_peak_bpm": 98,
    "bpm_histogram_first_peak_weight": 0.333333313465,
    "bpm_histogram_second_peak_bpm": 140,
    "bpm_histogram_second_peak_spread": 0.142857134342,
    "bpm_histogram_second_peak_weight": 0.101694911718,
    "danceability": 1.27166187763,
    "onset_rate": 3.67758059502,
    "beats_loudness_band_ratio": {
        "max": [0.971703410149, 0.191722869873, 0.759703338146, 0.679930746555, 0.107348278165, 0.122883051634],
        "mean": [0.710468232632, 0.0424026027322, 0.13144749403, 0.0910542681813, 0.0183497015387, 0.0292528625578],
        "min": [3.01252748613e-05, 0.000416601222241, 0.00534893665463, 0.00067633704748, 0.000577562546823, 0.000424377038144],
        "stdev": [0.330691486597, 0.039633307606, 0.195150062442, 0.171988472342, 0.0199519842863, 0.026782611385]
    },
    "beats_position": [0.638548731804, 1.28870749474, 1.92725622654, 2.55419492722, 3.1811337471, 3.80807256699, 4.42340135574, 5.0387301445, 5.66566896439, 6.28099775314, 6.8963265419, 7.52326536179, 8.13859367371, 8.75392246246, 9.36925125122, 9.98458003998, 10.6115188599, 11.2268476486, 11.8421764374, 12.4691152573, 13.084444046, 13.6997728348, 14.3267116547, 14.9420404434, 15.5573692322, 16.1726989746, 16.7880268097, 17.4149665833, 18.0302944183, 18.6456241608, 19.272562027, 19.8878898621, 20.5032196045, 21.1185474396, 21.733877182, 22.3608150482, 22.9761447906, 23.5914726257, 24.2184123993, 24.8337402344, 25.4490699768, 26.0643978119, 26.6797275543, 27.3066654205, 27.9336051941, 28.5489330292, 29.1642627716, 29.7912006378, 30.4065303802, 31.0218582153, 31.4978675842, 31.9738769531, 32.449886322, 32.8794555664, 33.3090248108, 33.7385940552, 34.1681632996, 34.5977325439, 35.0156898499, 35.4452590942],
