{
"metadata": {
    "version": {
        "essentia": "2.1-beta5",
        "essentia_git_sha": "Undefined",
        "extractor": "music 2.0"
    },
    "audio_properties": {
        "analysis": {
            "equal_loudness": 0,
            "length": 48.7502937317,
            "sample_rate": 44100,
            "start_time": 12.7477550507,
            "downmix": "mix"
        },
        "bit_rate": 192000,
        "length": 194.768997192,
        "lossless": 0,
        "number_channels": 2,
        "replay_gain": 1.34998130798,
        "sample_rate": 48000,
        "codec": "mp3",
        "md5_encoded": "7214f220c84fc6666ea88a7dd2e996cc"
    },
    "tags": {
        "file_name": "Denmark_Higher Ground_Rasmussen.mp3",
        "encoding": ["Lavf58.29.100"]
    }
},
"lowlevel": {
    "average_loudness": 0.708383738995,
    "barkbands_crest": {
        "max": 24.2529277802,
        "mean": 10.186709404,
        "min": 3.19950151443,
        "stdev": 3.8976995945
    },
    "barkbands_flatness_db": {
        "max": 0.336698561907,
        "mean": 0.177833527327,
        "min": 0.0395199693739,
        "stdev": 0.0590983703732
    },
    "barkbands_kurtosis": {
        "max": 109.252822876,
        "mean": 6.5431227684,
        "min": -1.82731425762,
        "stdev": 9.15845870972
    },
    "barkbands_skewness": {
        "max": 9.40822887421,
        "mean": 1.81656599045,
        "min": -0.700024008751,
        "stdev": 1.18497419357
    },
    "barkbands_spread": {
        "max": 99.2193603516,
        "mean": 15.0899114609,
        "min": 1.65588271618,
        "stdev": 12.578042984
    },
    "dissonance": {
        "max": 0.5,
        "mean": 0.450544327497,
        "min": 0.192657381296,
        "stdev": 0.0416876748204
    },
    "dynamic_complexity": 2.90297245979,
    "erbbands_crest": {
        "max": 23.7718219757,
        "mean": 9.15837669373,
        "min": 2.45742440224,
        "stdev": 3.82851481438
    },
    "erbbands_flatness_db": {
        "max": 0.352249771357,
        "mean": 0.182077616453,
        "min": 0.0631592348218,
        "stdev": 0.0568305961788
    },
    "erbbands_kurtosis": {
        "max": 20.4103946686,
        "mean": 1.16070747375,
        "min": -1.64286255836,
        "stdev": 2.28572010994
    },
    "erbbands_skewness": {
        "max": 2.99918842316,
        "mean": 0.734202384949,
        "min": -1.91355025768,
        "stdev": 0.666898012161
    },
    "erbbands_spread": {
        "max": 108.701278687,
        "mean": 33.0938339233,
        "min": 5.12832593918,
        "stdev": 17.0501098633
    },
    "hfc": {
        "max": 104.775901794,
        "mean": 17.7200279236,
        "min": 0.634960114956,
        "stdev": 14.6861429214
    },
    "loudness_ebu128": {
        "integrated": -24.5097389221,
        "loudness_range": 5.84106826782,
        "momentary": {
            "max": -20.6913814545,
            "mean": -25.4908027649,
            "min": -34.8404769897,
            "stdev": 3.21700119972
        },
        "short_term": {
            "max": -21.6401691437,
            "mean": -25.1499633789,
            "min": -32.0544662476,
            "stdev": 2.48056149483
        }
    },
    "melbands_crest": {
        "max": 32.9671401978,
        "mean": 14.0153779984,
        "min": 4.49026346207,
        "stdev": 5.17743492126
    },
    "melbands_flatness_db": {
        "max": 0.452601253986,
        "mean": 0.24789249897,
        "min": 0.065448872745,
        "stdev": 0.0699889287353
    },
    "melbands_kurtosis": {
        "max": 224.583190918,
        "mean": 13.8577833176,
        "min": -1.14946842194,
        "stdev": 17.068567276
    },
    "melbands_skewness": {
        "max": 12.2014904022,
        "mean": 2.5507516861,
        "min": -0.363087892532,
        "stdev": 1.46588647366
    },
    "melbands_spread": {
        "max": 134.941650391,
        "mean": 14.967417717,
        "min": 1.13045501709,
        "stdev": 11.7489261627
    },
    "pitch_salience": {
        "max": 0.835628628731,
        "mean": 0.579646945,
        "min": 0.126056671143,
        "stdev": 0.113126151264
    },
    "silence_rate_20dB": {
        "max": 1,
        "mean": 1,
        "min": 1,
        "stdev": 0
    },
    "silence_rate_30dB": {
        "max": 1,
        "mean": 0.952403604984,
        "min": 0,
        "stdev": 0.212911099195
    },
    "silence_rate_60dB": {
        "max": 1,
        "mean": 0.00523560214788,
        "min": 0,
        "stdev": 0.0721691921353
    },
    "spectral_centroid": {
        "max": 3984.60205078,
        "mean": 891.88092041,
        "min": 254.47505188,
        "stdev": 514.698181152
    },
    "spectral_complexity": {
        "max": 50,
        "mean": 17.7139453888,
        "min": 2,
        "stdev": 9.12030124664
    },
    "spectral_decrease": {
        "max": -1.85808105013e-10,
        "mean": -9.85376580331e-09,
        "min": -6.08908194977e-08,
        "stdev": 8.57032578239e-09
    },
    "spectral_energy": {
        "max": 0.233252093196,
        "mean": 0.0387976430357,
        "min": 0.000758875452448,
        "stdev": 0.0331886038184
    },
    "spectral_energyband_high": {
        "max": 0.0126500558108,
        "mean": 0.000562254572287,
        "min": 7.51210009753e-08,
        "stdev": 0.0011798836058
    },
    "spectral_energyband_low": {
        "max": 0.187953948975,
        "mean": 0.0163323450834,
        "min": 0.000128077197587,
        "stdev": 0.0253562815487
    },
    "spectral_energyband_middle_high": {
        "max": 0.0286132656038,
        "mean": 0.0038552028127,
        "min": 0.000105809303932,
        "stdev": 0.0036657943856
    },
    "spectral_energyband_middle_low": {
        "max": 0.108174942434,
        "mean": 0.0191280078143,
        "min": 0.00051166099729,
        "stdev": 0.013642763719
    },
    "spectral_entropy": {
        "max": 8.64852046967,
        "mean": 7.32119703293,
        "min": 5.86273765564,
        "stdev": 0.533272147179
    },
    "spectral_flux": {
        "max": 0.358256697655,
        "mean": 0.090252622962,
        "min": 0.00912392698228,
        "stdev": 0.055913284421
    },
    "spectral_kurtosis": {
        "max": 44.3244400024,
        "mean": 6.46742486954,
        "min": -0.766038894653,
        "stdev": 5.88108968735
    },
    "spectral_rms": {
        "max": 0.0150851923972,
        "mean": 0.00566489761695,
        "min": 0.000860445434228,
        "stdev": 0.00240005319938
    },
    "spectral_rolloff": {
        "max": 9603.80859375,
        "mean": 859.389587402,
        "min": 64.599609375,
        "stdev": 1076.42785645
    },
    "spectral_skewness": {
        "max": 5.1086025238,
        "mean": 1.8339407444,
        "min": 0.238353386521,
        "stdev": 0.6869186759
    },
    "spectral_spread": {
        "max": 18623680,
        "mean": 3835114.75,
        "min": 1097626.25,
        "stdev": 1417847.125
    },
    "spectral_strongpeak": {
        "max": 5.02474927902,
        "mean": 0.793367683887,
        "min": 0.01776060462,
        "stdev": 0.807151734829
    },
    "zerocrossingrate": {
        "max": 0.2421875,
        "mean": 0.0386272072792,
        "min": 0.0048828125,
        "stdev": 0.0277032442391
    },
    "barkbands": {
        "max": [0.00866747274995, 0.165350645781, 0.0751860663295, 0.0430667251348, 0.0513722673059, 0.0365086272359, 0.043818347156, 0.0568055994809, 0.0360565707088, 0.0185482911766, 0.012932382524, 0.0124283274636, 0.00840754900128, 0.00976197980344, 0.00492073595524, 0.00390546722338, 0.0062038586475, 0.00327249406837, 0.00168505858164, 0.00163412373513, 0.00292875664309, 0.00416971137747, 0.00307188834995, 0.00376245309599, 0.00358021934517, 0.000906623085029, 5.23066591995e-05],
        "mean": [0.000640789163299, 0.0122008910403, 0.00249573891051, 0.00276473048143, 0.00656169420108, 0.00279636052437, 0.00241622258909, 0.0023692168761, 0.0020302105695, 0.000953138922341, 0.000566326780245, 0.000538220047019, 0.000307979003992, 0.000315701268846, 0.000293542601867, 0.000247114396188, 0.000276888487861, 0.000217318942305, 0.000181573355803, 0.00011549739429, 0.000136207439937, 0.000127380917547, 9.99272597255e-05, 7.49902465031e-05, 5.49512042198e-05, 1.45695630636e-05, 4.65789668169e-07],
        "min": [6.55976464259e-07, 2.65076214419e-05, 1.03132706499e-05, 1.03701222542e-05, 1.07584728539e-05, 1.17243398563e-05, 5.11417783855e-06, 8.63902459969e-06, 1.4315091903e-05, 5.59744466955e-06, 4.40656276623e-06, 3.41693635164e-06, 3.88517673855e-06, 2.69628981187e-06, 2.17054252971e-06, 1.51992389874e-06, 1.8634244725e-06, 8.7372524149e-07, 9.89164732346e-07, 9.58353254532e-08, 8.26322654746e-09, 2.95864027722e-10, 2.5852681107e-10, 1.70412281508e-10, 1.52766382877e-10, 1.73786651736e-10, 2.18155438159e-10],
        "stdev": [0.00110559014138, 0.0219702757895, 0.00574570009485, 0.00404218118638, 0.00722200702876, 0.003590476932, 0.00459783617407, 0.00471580168232, 0.0034732487984, 0.00153708260041, 0.00101667817216, 0.000944484549109, 0.000582364969887, 0.000545897928532, 0.000492587394547, 0.000403409649152, 0.000479075155454, 0.000338555837516, 0.000244272116106, 0.000179567083251, 0.000263674854068, 0.000265278969891, 0.000232481004787, 0.0002613470715, 0.000216064901906, 5.12419901497e-05, 2.86486579171e-06]
    },
    "erbbands": {
        "max": [6.80143499374, 41.9774475098, 81.3835220337, 131.176635742, 159.840499878, 281.650177002, 511.791778564, 340.252227783, 654.379882812, 1156.57128906, 1161.50683594, 658.520446777, 868.644042969, 683.283569336, 480.824707031, 319.32232666, 333.503631592, 532.614379883, 262.665222168, 312.363250732, 277.935211182, 297.596740723, 173.550094604, 121.138000488, 108.682044983, 85.8321990967, 139.436096191, 109.84148407, 122.499984741, 127.437789917, 77.8458175659, 104.069244385, 61.8488464355, 38.5358657837, 27.4571895599, 6.17489719391, 1.12588381767, 0.187271088362, 0.00518662808463, 0.000277735933196],
        "mean": [0.415459007025, 2.41589736938, 3.51645708084, 5.79661417007, 15.8579883575, 22.6751403809, 23.3312454224, 24.7680454254, 28.8631458282, 46.6116333008, 50.6758079529, 44.4561309814, 35.1164283752, 30.459154129, 25.1506481171, 17.3840847015, 14.392706871, 15.8741579056, 15.9972429276, 14.5857172012, 15.3772163391, 16.3250637054, 12.9808444977, 8.69935512543, 8.93842029572, 5.36295366287, 5.24190378189, 5.44790649414, 4.57406806946, 3.76229476929, 2.70762467384, 1.6826416254, 1.19320189953, 0.692361593246, 0.348137110472, 0.097700625658, 0.0207721311599, 0.00250929431058, 0.000105820909084, 4.8129226343e-05],
        "min": [0.00132526888046, 0.00864903070033, 0.0520996265113, 0.0827031359076, 0.0600084327161, 0.0195717997849, 0.0633036717772, 0.157416045666, 0.131318792701, 0.130821749568, 0.32764351368, 0.219172939658, 0.220593899488, 0.258349865675, 0.252055466175, 0.222846999764, 0.295563101768, 0.267526209354, 0.146435752511, 0.173752367496, 0.137232869864, 0.15037432313, 0.103216916323, 0.0787577331066, 0.0319454036653, 0.007000785321, 0.0015073355753, 0.000149460072862, 2.39022592723e-05, 1.10911505544e-05, 1.16179116958e-05, 1.08673502837e-05, 9.49961395236e-06, 8.99212864169e-06, 4.39574387201e-06, 2.78697939393e-06, 1.20090919609e-06, 3.11926555696e-07, 9.37655215694e-07, 2.07863786272e-06],
        "stdev": [0.860473811626, 4.41456508636, 7.47020721436, 8.44935131073, 18.7104625702, 33.1246376038, 41.2340278625, 30.8214015961, 49.898563385, 91.3453140259, 95.0341644287, 72.5400619507, 60.7152328491, 45.8756790161, 41.9127426147, 26.1043643951, 24.8307800293, 31.8747024536, 25.1415920258, 25.4939823151, 25.6560955048, 26.9181499481, 19.7520751953, 11.436425209, 12.3683280945, 8.29256820679, 10.0202188492, 10.5453977585, 8.86804485321, 9.21834278107, 6.43538951874, 5.1631360054, 4.59355974197, 2.72799444199, 1.38699531555, 0.362260192633, 0.0702977403998, 0.0116113768891, 0.000395760231186, 4.21060503868e-05]
    },
    "gfcc": {
        "mean": [-15.966586113, 141.503082275, -120.688102722, 39.5820884705, -63.7141151428, 11.2769422531, -28.3723907471, 2.28123855591, -10.0577516556, -8.59832859039, -9.01954936981, -3.02131724358, -4.91218423843],
        "cov": [[4845.99023438, -2342.82739258, 272.727081299, 356.730407715, -295.21005249, 577.652526855, -471.374664307, 826.988220215, -275.012542725, 666.748046875, -179.965072632, 174.452896118, 57.6361694336], [-2342.82739258, 2104.64135742, -487.723144531, -196.885253906, 145.036987305, -551.323791504, 462.089752197, -658.68762207, 494.678436279, -594.152893066, 324.449951172, -171.278808594, 9.04166793823], [272.727081299, -487.723144531, 513.710571289, 30.6591663361, -56.3740692139, 108.241279602, -195.151870728, 122.835601807, -170.259552002, 181.859298706, -114.334388733, 70.4946975708, -33.5912704468], [356.730407715, -196.885253906, 30.6591663361, 362.714141846, -58.6589241028, 18.4067993164, -104.446281433, -39.8387451172, 86.9749832153, 7.49658679962, 52.5268135071, -22.3333148956, 84.2448043823], [-295.21005249, 145.036987305, -56.3740692139, -58.6589241028, 263.640106201, -20.7633914948, 55.5925865173, 22.230348587, -35.6679153442, 22.221118927, -30.964017868, 27.523525238, -3.04772782326], [577.652526855, -551.323791504, 108.241279602, 18.4067993164, -20.7633914948, 289.690063477, -75.3728256226, 229.114654541, -154.869567871, 151.077163696, -65.3824081421, 26.0477027893, 16.1323375702], [-471.374664307, 462.089752197, -195.151870728, -104.446281433, 55.5925865173, -75.3728256226, 339.506072998, -113.515426636, 104.454704285, -142.668762207, 55.0620231628, -5.94264316559, -28.8302249908], [826.988220215, -658.68762207, 122.835601807, -39.8387451172, 22.230348587, 229.114654541, -113.515426636, 390.80947876, -183.210159302, 246.24446106, -115.740829468, 58.3384819031, 13.3695201874], [-275.012542725, 494.678436279, -170.259552002, 86.9749832153, -35.6679153442, -154.869567871, 104.454704285, -183.210159302, 303.476806641, -158.866455078, 145.27722168, -60.9558753967, 23.7509212494], [666.748046875, -594.152893066, 181.859298706, 7.49658679962, 22.221118927, 151.077163696, -142.668762207, 246.24446106, -158.866455078, 291.906097412, -114.634162903, 70.4236221313, -4.96181869507], [-179.965072632, 324.449951172, -114.334388733, 52.5268135071, -30.964017868, -65.3824081421, 55.0620231628, -115.740829468, 145.27722168, -114.634162903, 162.505706787, -46.3845558167, 30.2616996765], [174.452896118, -171.278808594, 70.4946975708, -22.3333148956, 27.523525238, 26.0477027893, -5.94264316559, 58.3384819031, -60.9558753967, 70.4236221313, -46.3845558167, 94.003036499, -4.96337175369], [57.6361694336, 9.04166793823, -33.5912704468, 84.2448043823, -3.04772782326, 16.1323375702, -28.8302249908, 13.3695201874, 23.7509212494, -4.96181869507, 30.2616996765, -4.96337175369, 99.8232574463]],
        "icov": [[0.000660660327412, 0.000882148800883, 0.000314229429932, -2.17054512177e-05, 0.000290398515062, 0.000355653144652, -5.86883797951e-05, -0.000580970256124, -0.000601695326623, -0.000174197499291, -0.000658526842017, -0.000271119613899, -4.39074892711e-06], [0.000882148800883, 0.00664104102179, -0.000737516500521, 0.00431875977665, -0.00281267799437, 0.00417191628367, -0.00238602026366, 0.00236199982464, -0.00338336569257, 0.00232539116405, -0.00393188977614, 0.00398159772158, -0.00445884326473], [0.000314229429932, -0.000737516500521, 0.00385701726191, -0.00128046853933, 0.00154696393292, -0.000996660673991, 0.00174738105852, -0.000180926246685, 0.000985116465017, -0.0016040483024, 0.000925904430915, -0.00266020768322, 0.0022740426939], [-2.17054512177e-05, 0.00431875977665, -0.00128046853933, 0.00820574443787, -0.00234145345166, 0.00144732836634, -0.000493602827191, 0.00419812928885, -0.00412908243015, 0.000965156883467, -0.0022278635297, 0.00360496644862, -0.00685986457393], [0.000290398515062, -0.00281267799437, 0.00154696393292, -0.00234145345166, 0.00657316669822, -0.00100438273512, 0.000497820030432, -0.00219501275569, 0.00210856297053, -0.00240120082162, 0.00198304816149, -0.00338276638649, 0.00199405872263], [0.000355653144652, 0.00417191628367, -0.000996660673991, 0.00144732836634, -0.00100438273512, 0.0109183527529, -0.00292068975978, -0.00239364034496, 0.0012875716202, 0.00131469778717, -0.00400437833741, 0.00430359970778, -0.00327126751654], [-5.86883797951e-05, -0.00238602026366, 0.00174738105852, -0.000493602827191, 0.000497820030432, -0.00292068975978, 0.00644618226215, -0.000740348128602, -0.00055295083439, 0.000835778424516, 0.00159860157873, -0.00416345242411, 0.003184158355], [-0.000580970256124, 0.00236199982464, -0.000180926246685, 0.00419812928885, -0.00219501275569, -0.00239364034496, -0.000740348128602, 0.010889862664, -0.00128236610908, -0.00332053145394, 0.000162258002092, 0.00250806519762, -0.00461927708238], [-0.000601695326623, -0.00338336569257, 0.000985116465017, -0.00412908243015, 0.00210856297053, 0.0012875716202, -0.00055295083439, -0.00128236610908, 0.0107413064688, -0.00109376292676, -0.00263501913287, -0.000364236242604, 0.00250906241126], [-0.000174197499291, 0.00232539116405, -0.0016040483024, 0.000965156883467, -0.00240120082162, 0.00131469778717, 0.000835778424516, -0.00332053145394, -0.00109376292676, 0.0120655437931, 0.000382312427973, -0.00113472458906, -0.000376376643544], [-0.000658526842017, -0.00393188977614, 0.000925904430915, -0.0022278635297, 0.00198304816149, -0.00400437833741, 0.00159860157873, 0.000162258002092, -0.00263501913287, 0.000382312427973, 0.0152977863327, -0.00108132476453, 3.03896631522e-05], [-0.000271119613899, 0.00398159772158, -0.00266020768322, 0.00360496644862, -0.00338276638649, 0.00430359970778, -0.00416345242411, 0.00250806519762, -0.000364236242604, -0.00113472458906, -0.00108132476453, 0.0190325789154, -0.00517440587282], [-4.39074892711e-06, -0.00445884326473, 0.0022740426939, -0.00685986457393, 0.00199405872263, -0.00327126751654, 0.003184158355, -0.00461927708238, 0.00250906241126, -0.000376376643544, 3.03896631522e-05, -0.00517440587282, 0.0182243119925]]
    },
    "melbands": {
        "max": [0.0486847832799, 0.0348865054548, 0.0221544820815, 0.0115544106811, 0.0148643394932, 0.00744523946196, 0.0100296065211, 0.0108624557033, 0.0104317786172, 0.00439101736993, 0.00438157655299, 0.00294158165343, 0.00198591919616, 0.00179220060818, 0.000707528437488, 0.00109308341052, 0.000912551069632, 0.000439095951151, 0.000404583319323, 0.00028539885534, 0.000349011592334, 0.00035675012623, 0.000302024942357, 0.000238544962485, 0.000101412748336, 7.71820705268e-05, 7.78726753197e-05, 5.99798731855e-05, 7.73747742642e-05, 8.22351066745e-05, 6.38796991552e-05, 7.93328799773e-05, 0.000106093597424, 6.41556762275e-05, 4.97180153616e-05, 4.73954241897e-05, 6.73432878102e-05, 5.08733428433e-05, 3.94212111132e-05, 3.29497961502e-05],
        "mean": [0.00351020251401, 0.00227759755217, 0.0013418541057, 0.00138282647822, 0.000890990777407, 0.000532966223545, 0.000464813114377, 0.000541083049029, 0.000388349959394, 0.000275126367342, 0.000174825807335, 0.000127083912957, 8.50088472362e-05, 6.50289293844e-05, 3.35668482876e-05, 3.12580050377e-05, 2.82734945358e-05, 2.67409996013e-05, 1.90231512534e-05, 1.65109468071e-05, 1.83227439265e-05, 1.68048845808e-05, 1.51983404066e-05, 8.92085154192e-06, 6.67006861477e-06, 7.19552963346e-06, 5.13058330398e-06, 3.16893738272e-06, 3.15199849865e-06, 3.31983710566e-06, 3.13806367558e-06, 2.69165320788e-06, 2.24951236305e-06, 2.02101136892e-06, 1.66484596775e-06, 1.17714728276e-06, 9.63218326433e-07, 8.67435232976e-07, 7.08220056822e-07, 5.39934603694e-07],
        "min": [8.71415159054e-06, 2.44315870077e-05, 1.37258093673e-05, 2.43363638219e-06, 1.86413569736e-06, 2.75650677395e-06, 1.60062052146e-06, 1.49615129885e-06, 2.21127424993e-06, 1.65730739354e-06, 8.36703463847e-07, 7.61342391797e-07, 8.47285775762e-07, 4.01628199143e-07, 4.62804990775e-07, 5.21829804256e-07, 3.59908938208e-07, 1.94854962388e-07, 1.56270004936e-07, 1.66519342315e-07, 1.34773827654e-07, 1.06297108005e-07, 9.21501310813e-08, 3.43554198423e-08, 3.93935906118e-08, 3.43491350918e-08, 7.34320915186e-09, 1.13009313019e-09, 4.91650498091e-10, 1.88923932054e-10, 1.74893745319e-11, 7.79134916307e-12, 3.9102310799e-12, 3.26144688513e-12, 5.4665399811e-12, 1.99460066519e-12, 2.64049546117e-12, 1.70651806488e-12, 1.40238873032e-12, 1.38098007422e-12],
        "stdev": [0.00664191832766, 0.00412228656933, 0.00168692087755, 0.00149974145461, 0.00142455473542, 0.000651074689813, 0.000797987740953, 0.000966701481957, 0.000681784469634, 0.000462471653009, 0.000307844311465, 0.000199923626496, 0.000149832805619, 0.000118044379633, 5.9706846514e-05, 6.35781980236e-05, 5.56701525056e-05, 4.48287901236e-05, 3.24369320879e-05, 2.64793507085e-05, 3.31545670633e-05, 2.97099668387e-05, 2.5487761377e-05, 1.43117531479e-05, 9.2682430477e-06, 1.00142888186e-05, 8.1830066847e-06, 5.38487029189e-06, 6.00395151196e-06, 6.77176376485e-06, 6.25446955382e-06, 5.15036663273e-06, 5.85406860409e-06, 5.00352962263e-06, 4.04623915529e-06, 3.00446822621e-06, 3.33522029905e-06, 3.45394482792e-06, 2.88336445919e-06, 2.12980648939e-06]
    },
    "melbands128": {
        "max": [0.00794996414334, 0.0602087751031, 0.069748327136, 0.0735882371664, 0.0467915907502, 0.0329479798675, 0.0291546303779, 0.0184250436723, 0.0173918791115, 0.0158411916345, 0.0209652967751, 0.0164545886219, 0.0258267745376, 0.00927461870015, 0.00815391540527, 0.0161247327924, 0.0066046831198, 0.0188532043248, 0.00982748903334, 0.0221166592091, 0.0163189340383, 0.016216263175, 0.0181002393365, 0.00759784365073, 0.00737850228325, 0.00810034479946, 0.0125399716198, 0.00436837365851, 0.00298997433856, 0.00530339078978, 0.00317791500129, 0.00324071617797, 0.00380487530492, 0.00214543868788, 0.00424704793841, 0.00177136354614, 0.00163579359651, 0.00137791619636, 0.00122438219842, 0.000991213368252, 0.00202760379761, 0.00273288204335, 0.00122174399439, 0.000463247532025, 0.000842162349727, 0.000809019082226, 0.000610386196058, 0.000320118764648, 0.00114031729754, 0.000812351237983, 0.000551905133761, 0.000237408545217, 0.000803481438197, 0.000659677316435, 0.000830303353723, 0.000701234850567, 0.000559885287657, 0.000660901656374, 0.000572008721065, 0.000243520087679, 0.000470911560114, 0.000236550855334, 0.000104368620669, 0.000162947777426, 0.00022489996627, 0.000117575822514, 0.000138022194733, 0.000204930096515, 0.000121810029668, 6.23508094577e-05, 0.000102233083453, 0.00011364906095, 8.23425798444e-05, 9.26976717892e-05, 0.000172849555383, 0.000130033309688, 7.53138810978e-05, 8.03456714493e-05, 8.36885883473e-05, 6.44354149699e-05, 8.29469790915e-05, 7.82687639003e-05, 7.86786695244e-05, 0.000160999668879, 0.000127681749291, 0.000103402337118, 7.95121595729e-05, 8.23147129267e-05, 6.10412753304e-05, 5.04096678924e-05, 5.64534930163e-05, 6.43030289211e-05, 8.71220836416e-05, 8.34720704006e-05, 0.000108384308987, 7.94230727479e-05, 5.08541343152e-05, 5.32497506356e-05, 5.05906318722e-05, 4.62230163976e-05, 3.22281339322e-05, 2.57277079072e-05, 6.52738890494e-05, 4.81749339087e-05, 3.67839566024e-05, 2.06489621632e-05, 1.54513672896e-05, 1.55992456712e-05, 1.36273993121e-05, 8.6507634478e-06, 6.14719147052e-06, 4.04171851187e-06, 3.74085539079e-06, 3.99616101276e-06, 3.1014619708e-06, 2.79876644527e-06, 1.42479836995e-06, 5.4156907936e-07, 2.11927158489e-07, 1.82832479823e-07, 3.10841386408e-07, 1.43454670365e-07, 1.05724112132e-07, 5.27945021034e-09, 5.20952836425e-09, 5.14956699504e-09, 5.09007769267e-09, 5.05732167255e-09],
        "mean": [0.000610191607848, 0.00342526729219, 0.00466792564839, 0.00384438969195, 0.002178726485, 0.00108685146552, 0.000981074525043, 0.00158865458798, 0.00168036296964, 0.00129905401263, 0.00129678368103, 0.00113743636757, 0.000807494274341, 0.000541480258107, 0.000567891285755, 0.000556999875698, 0.000335595657816, 0.000520266476087, 0.000476185785374, 0.000545058690477, 0.0005415364285, 0.000661003636196, 0.000228217657423, 0.000326125969877, 0.000319673592458, 0.000223537615966, 0.000280310050584, 0.000112326866656, 0.000160375508131, 0.000152030392201, 0.000106859748485, 9.21819446376e-05, 9.00056402315e-05, 6.17728437646e-05, 0.000105890030682, 4.90789425385e-05, 3.19323189615e-05, 3.32250310748e-05, 3.70533198293e-05, 2.82621622318e-05, 2.35672905546e-05, 4.67393292638e-05, 2.81746779365e-05, 1.55317902681e-05, 3.23157837556e-05, 3.05140711134e-05, 2.12646755244e-05, 1.22804203784e-05, 2.2485932277e-05, 2.4652634238e-05, 1.10585478978e-05, 1.17152458188e-05, 2.56563962466e-05, 1.58225266205e-05, 1.50150353875e-05, 1.96945147763e-05, 1.4545023987e-05, 1.68678616319e-05, 1.65474793903e-05, 1.02918129414e-05, 8.75018031365e-06, 7.51278639655e-06, 5.83144174016e-06, 6.58315593682e-06, 7.7514368968e-06, 7.285859283e-06, 6.63023865854e-06, 6.99155771144e-06, 4.15625072492e-06, 3.84352870242e-06, 2.86032627628e-06, 3.13398527396e-06, 3.0628634704e-06, 3.13621308123e-06, 3.15792271977e-06, 3.64622201232e-06, 3.12766360366e-06, 3.15000397677e-06, 3.20192543768e-06, 3.10135305881e-06, 2.89790841634e-06, 2.47458115155e-06, 2.22136691264e-06, 2.28842645811e-06, 2.23921142606e-06, 2.04275124815e-06, 1.9700246412e-06, 1.89091304037e-06, 1.74561705535e-06, 1.44313685269e-06, 1.23164886645e-06, 1.12129703211e-06, 1.03420802589e-06, 9.73484702627e-07, 8.86752502538e-07, 9.48173806137e-07, 8.47218757372e-07, 7.83224095358e-07, 7.4477486578e-07, 6.54230234431e-07, 5.86442808981e-07, 4.83017629449e-07, 5.37833386716e-07, 5.1860018857e-07, 4.04548217148e-07, 3.10056094577e-07, 2.58176157786e-07, 2.13614541167e-07, 1.49559255647e-07, 1.1214330442e-07, 9.85109380736e-08, 7.20986932379e-08, 6.16568769374e-08, 4.32553122209e-08, 3.65037884364e-08, 2.74297828895e-08, 1.28689228163e-08, 1.71381742131e-09, 9.35746813369e-10, 1.00199915032e-09, 1.5338367243e-09, 7.61877949618e-10, 4.76721717657e-10, 1.50353236805e-11, 9.22682936999e-12, 8.55770055513e-12, 8.18290140508e-12, 8.09396993873e-12],
        "min": [1.89145453078e-07, 2.74691251434e-06, 3.40133419741e-06, 8.46500097396e-06, 4.28201838076e-06, 7.22221238902e-06, 2.28096359933e-06, 5.1169508879e-06, 5.36464540346e-06, 1.38757354762e-06, 3.90239165426e-07, 1.33271191771e-06, 1.11488463972e-06, 8.85719259713e-07, 1.69341399214e-06, 4.10683611562e-07, 4.203378694e-07, 8.77106529629e-08, 2.32261811561e-07, 4.95438087e-07, 4.0563628545e-07, 1.15293448744e-06, 6.19939612534e-07, 4.9674707725e-07, 1.13340931307e-07, 4.2449181592e-07, 9.16329554457e-08, 5.30835166046e-07, 2.47599928116e-07, 2.28202011954e-07, 2.22206566036e-07, 3.20312778967e-07, 2.49512680739e-07, 2.07291719789e-07, 1.17455961401e-07, 1.28167627622e-07, 1.4793225489e-07, 1.75733177343e-07, 2.34823630763e-07, 7.68010366414e-08, 1.19464573345e-07, 2.10128277445e-07, 1.23567048149e-07, 4.03222237821e-08, 5.02624786236e-08, 1.40490314493e-07, 3.98211774666e-08, 7.77998678814e-08, 7.10735719167e-08, 5.44245395417e-08, 5.28499661812e-08, 6.04573173746e-08, 3.84480713933e-08, 5.32630330952e-08, 3.45684050274e-08, 5.96282490051e-08, 9.24863812202e-08, 6.86942343009e-08, 5.56552492981e-08, 1.69426730423e-08, 1.60680038164e-08, 4.47783676805e-08, 1.357833046e-08, 3.75470410319e-09, 1.03314103939e-08, 1.08893214446e-08, 2.81417267267e-09, 4.67117455827e-09, 4.5588643971e-09, 1.28703525615e-09, 3.08476216793e-10, 8.56786364078e-10, 2.03129429943e-10, 1.42574688167e-10, 3.54947071735e-10, 7.85903911393e-11, 5.07734063127e-11, 2.8734568544e-11, 5.56986618286e-12, 5.99974193591e-12, 1.04202011603e-11, 7.47888816849e-12, 3.41442889587e-12, 3.86698529101e-12, 4.12352183649e-12, 2.65334000431e-12, 2.53054998831e-12, 5.00113535654e-12, 5.33142323692e-12, 2.00826399781e-12, 9.59012817076e-13, 9.33279603772e-13, 1.93610166961e-12, 1.36138908306e-12, 1.35501104694e-12, 9.3519473849e-13, 1.16603601774e-12, 8.00765486905e-13, 8.4402645463e-13, 7.08422686832e-13, 9.32397063204e-13, 1.06216229388e-12, 1.13996681018e-12, 4.24213236153e-13, 6.66718199746e-13, 7.94146812113e-13, 4.633380268e-13, 5.82573052299e-13, 6.95824149168e-13, 5.87232573766e-13, 6.24855907034e-13, 6.83655335034e-13, 6.11377972987e-13, 6.11245808742e-13, 7.08291389949e-13, 6.96955134664e-13, 6.68626829251e-13, 5.92497080044e-13, 7.23395627254e-13, 6.60933276424e-13, 5.24052101627e-13, 6.23700852249e-13, 5.86478131684e-13, 6.39162551011e-13, 4.74727082731e-13, 1.87801461665e-13, 2.43489530974e-14, 1.03123910812e-15],
        "stdev": [0.0010648277821, 0.00751539319754, 0.00959771033376, 0.00733918324113, 0.00486873509362, 0.00242849742062, 0.00176130700856, 0.00234145950526, 0.00232339673676, 0.00195261335466, 0.00235891505145, 0.00216562347487, 0.00186752469745, 0.00105879525654, 0.000817591615487, 0.00098407221958, 0.000561445078347, 0.00136312947143, 0.00102714425884, 0.00163981562946, 0.0011181369191, 0.0016567944549, 0.000660839199554, 0.000761456321925, 0.00069532636553, 0.000530248566065, 0.000788674398791, 0.000242755530053, 0.000316830322845, 0.000351678900188, 0.000210307625821, 0.000193087777006, 0.000227197349886, 0.000148448845721, 0.000253138743574, 9.60216129897e-05, 8.16375759314e-05, 8.08597178548e-05, 7.60093098506e-05, 6.72937458148e-05, 6.77923380863e-05, 0.000156168956892, 6.44640822429e-05, 2.93787124974e-05, 7.12126930011e-05, 6.56306146993e-05, 4.54967703263e-05, 2.42706137215e-05, 6.54346004012e-05, 5.10605677846e-05, 2.716351446e-05, 2.17749857256e-05, 5.61222623219e-05, 3.89198867197e-05, 3.85426719731e-05, 4.34515313827e-05, 3.32869276463e-05, 3.76969837816e-05, 3.68270375475e-05, 2.12753184314e-05, 2.07316716114e-05, 1.30203061417e-05, 9.09492064238e-06, 1.17054778457e-05, 1.45425392475e-05, 1.27506218632e-05, 1.07509713416e-05, 1.55927427841e-05, 7.86724012869e-06, 7.18598130334e-06, 5.96182280788e-06, 6.34453999737e-06, 6.14687360212e-06, 6.67331732984e-06, 7.5683005889e-06, 8.87566693564e-06, 6.40868529445e-06, 6.87114834363e-06, 7.04498643245e-06, 6.4004871092e-06, 6.03242779107e-06, 5.01305930811e-06, 4.87511169922e-06, 7.12987593943e-06, 6.90429988026e-06, 5.93051481701e-06, 4.88386785946e-06, 5.03132241647e-06, 4.62039406557e-06, 3.64193851965e-06, 3.18676734423e-06, 3.25162000081e-06, 3.35658228323e-06, 3.4682786918e-06, 3.77140509045e-06, 4.14032410845e-06, 3.5404702885e-06, 3.25750761476e-06, 3.23511881106e-06, 2.86636782221e-06, 2.43220574703e-06, 1.8409122049e-06, 2.42734199674e-06, 2.21322761718e-06, 1.71566739482e-06, 1.28048702663e-06, 1.02151921055e-06, 9.0242360784e-07, 6.12996984728e-07, 4.06470064718e-07, 3.33266029884e-07, 2.54983206105e-07, 2.18048398892e-07, 1.9144725627e-07, 1.93697673012e-07, 1.45929746509e-07, 8.56482884615e-08, 1.75328551677e-08, 8.61079119119e-09, 7.88769227711e-09, 1.3169773716e-08, 6.19500006849e-09, 4.44810099864e-09, 1.40655737058e-10, 1.15468599959e-10, 1.14129310169e-10, 1.12815562447e-10, 1.12093841154e-10]
    },
    "mfcc": {
        "mean": [-652.28717041, 158.84236145, 3.0271935463, 29.5386924744, -5.84278917313, 10.0828142166, -9.02366733551, 13.3660230637, -2.49376869202, 2.51379752159, 0.587510764599, -1.3483928442, -2.43960762024],
        "cov": [[4962.11132812, -2303.30883789, 389.594543457, -213.135787964, 318.924621582, -242.108657837, 204.036499023, -190.115081787, 322.296478271, 192.083557129, 94.3429870605, 190.357894897, 109.228408813], [-2303.30883789, 1945.98547363, -520.544006348, 167.182342529, -359.586914062, 110.174201965, -250.215026855, 247.53742981, -271.913452148, -24.0476512909, -14.9166383743, -111.241401672, -39.1164398193], [389.594543457, -520.544006348, 529.234313965, -22.2703857422, 95.4404373169, -19.5577068329, -26.3220844269, -115.757736206, 12.1104211807, -26.9893398285, -16.8074684143, 36.2847862244, 13.7106647491], [-213.135787964, 167.182342529, -22.2703857422, 275.231689453, -16.4267749786, 65.0957870483, -147.306869507, 3.58517313004, -50.0177993774, -21.4506950378, -28.3054828644, 7.4444565773, -0.589036941528], [318.924621582, -359.586914062, 95.4404373169, -16.4267749786, 312.613739014, -54.662979126, 62.5356254578, -118.974784851, 76.665473938, -17.5353794098, 8.25090312958, 30.6307258606, 12.5305109024], [-242.108657837, 110.174201965, -19.5577068329, 65.0957870483, -54.662979126, 135.389007568, -29.1769695282, 38.6825790405, -43.4750900269, -7.86589384079, -20.3241863251, 7.18547153473, -8.89392852783], [204.036499023, -250.215026855, -26.3220844269, -147.306869507, 62.5356254578, -29.1769695282, 294.567718506, -16.8778057098, 118.615516663, -0.141037017107, 23.522726059, -5.19062042236, 0.418811291456], [-190.115081787, 247.53742981, -115.757736206, 3.58517313004, -118.974784851, 38.6825790405, -16.8778057098, 177.036422729, -48.6527671814, 40.9203262329, -12.9355964661, -15.4048948288, -14.0609302521], [322.296478271, -271.913452148, 12.1104211807, -50.0177993774, 76.665473938, -43.4750900269, 118.615516663, -48.6527671814, 186.064987183, -1.77175235748, 35.5135993958, 4.68183660507, 20.3957157135], [192.083557129, -24.0476512909, -26.9893398285, -21.4506950378, -17.5353794098, -7.86589384079, -0.141037017107, 40.9203262329, -1.77175235748, 102.142723083, 20.3972110748, 19.4865856171, -0.894647657871], [94.3429870605, -14.9166383743, -16.8074684143, -28.3054828644, 8.25090312958, -20.3241863251, 23.522726059, -12.9355964661, 35.5135993958, 20.3972110748, 86.8504714966, 7.01532745361, 16.1814880371], [190.357894897, -111.241401672, 36.2847862244, 7.4444565773, 30.6307258606, 7.18547153473, -5.19062042236, -15.4048948288, 4.68183660507, 19.4865856171, 7.01532745361, 71.3796005249, 15.46413517], [109.228408813, -39.1164398193, 13.7106647491, -0.589036941528, 12.5305109024, -8.89392852783, 0.418811291456, -14.0609302521, 20.3957157135, -0.894647657871, 16.1814880371, 15.46413517, 66.3629684448]],
        "icov": [[0.000623163592536, 0.000881973828655, 0.000355602358468, -3.73243019567e-05, 0.000251552264672, 0.000634796975646, 0.000313381431624, -0.000202535549761, 6.7730768933e-05, -0.000589849543758, -0.000230055651627, -0.000375536794309, -0.000472092739074], [0.000881973828655, 0.00246949121356, 0.00144480390009, -0.000218850138481, 0.000840211461764, 0.000828011194244, 0.000965157116298, -0.000826135859825, 0.00119962356985, -7.79234178481e-05, -0.0009615594754, 0.000435024645412, -0.000761964125559], [0.000355602358468, 0.00144480390009, 0.00331318913959, 0.000465271063149, 0.000312154181302, 0.000143489043694, 0.00115018687211, 0.000884563021827, 0.000843514455482, 0.00040833800449, 0.000157712143846, -0.000382297177566, -0.000476716872072], [-3.73243019567e-05, -0.000218850138481, 0.000465271063149, 0.00598354451358, -0.000608940143138, -0.00251244218089, 0.0031125000678, 0.00043755225488, -0.00105259078555, 0.000801331480034, 0.00102903554216, -0.000505365722347, -5.81009371672e-05], [0.000251552264672, 0.000840211461764, 0.000312154181302, -0.000608940143138, 0.0051994570531, 0.00147217710037, -0.000486094737425, 0.00225850450806, -0.000316082150675, -1.49445413626e-05, 0.000285925838398, -0.00140066852327, 6.20754726697e-05], [0.000634796975646, 0.000828011194244, 0.000143489043694, -0.00251244218089, 0.00147217710037, 0.0106950215995, -0.00100829161238, -0.00173141527921, 0.00147126009688, 0.000750989536755, 0.000432728527812, -0.00277458014898, 0.000285145419184], [0.000313381431624, 0.000965157116298, 0.00115018687211, 0.0031125000678, -0.000486094737425, -0.00100829161238, 0.0068339263089, -0.000681378180161, -0.00297150295228, 0.000628798967227, -0.000130975662614, 0.000350306916516, 0.00048427580623], [-0.000202535549761, -0.000826135859825, 0.000884563021827, 0.00043755225488, 0.00225850450806, -0.00173141527921, -0.000681378180161, 0.0102880708873, 0.000505923409946, -0.00393517920747, 0.00208346056752, 0.000912406248972, 0.000264010363026], [6.7730768933e-05, 0.00119962356985, 0.000843514455482, -0.00105259078555, -0.000316082150675, 0.00147126009688, -0.00297150295228, 0.000505923409946, 0.00986392423511, 0.000484825344756, -0.00268914946355, 0.00113385578152, -0.00183870294131], [-0.000589849543758, -7.79234178481e-05, 0.00040833800449, 0.000801331480034, -1.49445413626e-05, 0.000750989536755, 0.000628798967227, -0.00393517920747, 0.000484825344756, 0.0141491601244, -0.00316822202876, -0.00368228880689, 0.00178570463322], [-0.000230055651627, -0.0009615594754, 0.000157712143846, 0.00102903554216, 0.000285925838398, 0.000432728527812, -0.000130975662614, 0.00208346056752, -0.00268914946355, -0.00316822202876, 0.0147333135828, -0.000682151992805, -0.00241504609585], [-0.000375536794309, 0.000435024645412, -0.000382297177566, -0.000505365722347, -0.00140066852327, -0.00277458014898, 0.000350306916516, 0.000912406248972, 0.00113385578152, -0.00368228880689, -0.000682151992805, 0.0188130177557, -0.0035829085391], [-0.000472092739074, -0.000761964125559, -0.000476716872072, -5.81009371672e-05, 6.20754726697e-05, 0.000285145419184, 0.00048427580623, 0.000264010363026, -0.00183870294131, 0.00178570463322, -0.00241504609585, -0.0035829085391, 0.0175868421793]]
    },
    "spectral_contrast_coeffs": {
        "max": [-0.454924464226, -0.514343202114, -0.539393782616, -0.645566344261, -0.614016413689, -0.46030792594],
        "mean": [-0.703747689724, -0.748587310314, -0.773376047611, -0.814653813839, -0.796306312084, -0.714157938957],
        "min": [-0.879238367081, -0.905479490757, -0.897801697254, -0.92833006382, -0.897167444229, -0.882403731346],
        "stdev": [0.0761487409472, 0.0737148597836, 0.0601294673979, 0.040667578578, 0.0417823307216, 0.0696677714586]
    },
    "spectral_contrast_valleys": {
        "max": [-4.60811138153, -4.91039943695, -5.23165464401, -6.07594537735, -5.89678859711, -7.67034626007],
        "mean": [-6.2212600708, -6.27817726135, -7.08053159714, -7.57330226898, -7.8626871109, -11.1959943771],
        "min": [-7.99157190323, -8.0951089859, -8.90833950043, -9.10288524628, -10.5935258865, -15.8669881821],
        "stdev": [0.520210921764, 0.560975015163, 0.620143711567, 0.604691207409, 0.877964794636, 1.74980795383]
    }
},
"rhythm": {
    "beats_count": 134,
    "beats_loudness": {
        "max": 0.169892713428,
        "mean": 0.0494189970195,
        "min": 0.00263445847668,
        "stdev": 0.0415631905198
    },
    "bpm": 164.048461914,
    "bpm_histogram_first_peak_bpm": 161,
    "bpm_histogram_first_peak_weight": 0.250000059605,
    "bpm_histogram_second_peak_bpm": 167,
    "bpm_histogram_second_peak_spread": 0,
    "bpm_histogram_second_peak_weight": 0.345864653587,
    "danceability": 1.09104943275,
    "onset_rate": 2.3173828125,
    "beats_loudness_band_ratio": {
        "max": [0.960808157921, 0.701754927635, 0.804134190083, 0.335701942444, 0.14653326571, 0.603869378567],
        "mean": [0.531633377075, 0.218848243356, 0.175084322691, 0.0668295025826, 0.028171338141, 0.0281112939119],
        "min": [0.0509542450309, 0.0123611586168, 0.00425075832754, 0.00115176604595, 0.00102013151627, 0.000405699829571],
        "stdev": [0.209588587284, 0.148138001561, 0.140954241157, 0.0732098519802, 0.0258027035743, 0.0750032290816]
    },
