{
"metadata": {
    "version": {
        "essentia": "2.1-beta5",
        "essentia_git_sha": "Undefined",
        "extractor": "music 2.0"
    },
    "audio_properties": {
        "analysis": {
            "equal_loudness": 0,
            "length": 32.4963264465,
            "sample_rate": 44100,
            "start_time": 142.744674683,
            "downmix": "mix"
        },
        "bit_rate": 192000,
        "length": 197.416061401,
        "lossless": 0,
        "number_channels": 2,
        "replay_gain": -0.863609313965,
        "sample_rate": 48000,
        "codec": "mp3",
        "md5_encoded": "b2757d32da25d35c7e619ac33276f591"
    },
    "tags": {
        "file_name": "Slovenia_Hvala, ne!_Lea Sirk.mp3",
        "encoding": ["Lavf58.29.100"]
    }
},
"lowlevel": {
    "average_loudness": 0.899050056934,
    "barkbands_crest": {
        "max": 24.2705821991,
        "mean": 11.7027206421,
        "min": 3.09511017799,
        "stdev": 4.85710477829
    },
    "barkbands_flatness_db": {
        "max": 0.432141602039,
        "mean": 0.171804949641,
        "min": 0.0543917231262,
        "stdev": 0.0659192353487
    },
    "barkbands_kurtosis": {
        "max": 202.279754639,
        "mean": 11.3717346191,
        "min": -1.76779353619,
        "stdev": 23.2116260529
    },
    "barkbands_skewness": {
        "max": 12.1591129303,
        "mean": 2.29522705078,
        "min": -0.593225598335,
        "stdev": 2.06690311432
    },
    "barkbands_spread": {
        "max": 84.7415847778,
        "mean": 19.4807739258,
        "min": 1.11490297318,
        "stdev": 13.3636903763
    },
    "dissonance": {
        "max": 0.499861687422,
        "mean": 0.459744364023,
        "min": 0.251934736967,
        "stdev": 0.0309615526348
    },
    "dynamic_complexity": 1.87615573406,
    "erbbands_crest": {
        "max": 28.9343338013,
        "mean": 9.96128177643,
        "min": 2.39451050758,
        "stdev": 4.9786491394
    },
    "erbbands_flatness_db": {
        "max": 0.330337464809,
        "mean": 0.158642485738,
        "min": 0.0525237768888,
        "stdev": 0.046808861196
    },
    "erbbands_kurtosis": {
        "max": 29.8215866089,
        "mean": 0.955532073975,
        "min": -1.72911548615,
        "stdev": 3.44181370735
    },
    "erbbands_skewness": {
        "max": 4.57338523865,
        "mean": 0.529311835766,
        "min": -1.41378247738,
        "stdev": 0.766040742397
    },
    "erbbands_spread": {
        "max": 135.483764648,
        "mean": 40.9487266541,
        "min": 2.92460203171,
        "stdev": 20.9830646515
    },
    "hfc": {
        "max": 143.472824097,
        "mean": 26.9375591278,
        "min": 1.04260826111,
        "stdev": 19.0507774353
    },
    "loudness_ebu128": {
        "integrated": -21.5694713593,
        "loudness_range": 1.44374275208,
        "momentary": {
            "max": -19.2889671326,
            "mean": -21.6763362885,
            "min": -25.6161651611,
            "stdev": 0.989478230476
        },
        "short_term": {
            "max": -20.4878940582,
            "mean": -21.6108608246,
            "min": -22.7853717804,
            "stdev": 0.476806819439
        }
    },
    "melbands_crest": {
        "max": 38.0166397095,
        "mean": 20.023979187,
        "min": 4.39209413528,
        "stdev": 10.9979858398
    },
    "melbands_flatness_db": {
        "max": 0.54476326704,
        "mean": 0.225281283259,
        "min": 0.0652038007975,
        "stdev": 0.0854572951794
    },
    "melbands_kurtosis": {
        "max": 593.403320312,
        "mean": 32.3428230286,
        "min": -1.57081949711,
        "stdev": 65.3354187012
    },
    "melbands_skewness": {
        "max": 20.4734840393,
        "mean": 3.68385577202,
        "min": -0.262421876192,
        "stdev": 3.16944599152
    },
    "melbands_spread": {
        "max": 79.851272583,
        "mean": 19.1819953918,
        "min": 0.621208429337,
        "stdev": 13.8109912872
    },
    "pitch_salience": {
        "max": 0.878009796143,
        "mean": 0.457598805428,
        "min": 0.0684640482068,
        "stdev": 0.183809310198
    },
    "silence_rate_20dB": {
        "max": 1,
        "mean": 1,
        "min": 1,
        "stdev": 0
    },
    "silence_rate_30dB": {
        "max": 1,
        "mean": 0.775874376297,
        "min": 0,
        "stdev": 0.417004317045
    },
    "silence_rate_60dB": {
        "max": 1,
        "mean": 0.0021413275972,
        "min": 0,
        "stdev": 0.0462244600058
    },
    "spectral_centroid": {
        "max": 3591.92651367,
        "mean": 1358.50634766,
        "min": 340.606628418,
        "stdev": 545.038574219
    },
    "spectral_complexity": {
        "max": 49,
        "mean": 20.2491073608,
        "min": 2,
        "stdev": 8.85081386566
    },
    "spectral_decrease": {
        "max": -3.51987022862e-10,
        "mean": -1.50210333061e-08,
        "min": -4.09493630116e-08,
        "stdev": 1.02416999326e-08
    },
    "spectral_energy": {
        "max": 0.156013935804,
        "mean": 0.0591361932456,
        "min": 0.00142304203473,
        "stdev": 0.0386916771531
    },
    "spectral_energyband_high": {
        "max": 0.014690679498,
        "mean": 0.00127433345187,
        "min": 3.41517966262e-06,
        "stdev": 0.00192516902462
    },
    "spectral_energyband_low": {
        "max": 0.142895922065,
        "mean": 0.0363206677139,
        "min": 1.56150542807e-06,
        "stdev": 0.0418368652463
    },
    "spectral_energyband_middle_high": {
        "max": 0.0446532405913,
        "mean": 0.00669441744685,
        "min": 0.000196867389604,
        "stdev": 0.0071523534134
    },
    "spectral_energyband_middle_low": {
        "max": 0.121880471706,
        "mean": 0.0152267217636,
        "min": 0.00052315677749,
        "stdev": 0.01386450883
    },
    "spectral_entropy": {
        "max": 8.58790302277,
        "mean": 7.69218254089,
        "min": 6.15655565262,
        "stdev": 0.388666272163
    },
    "spectral_flux": {
        "max": 0.363783866167,
        "mean": 0.101410590112,
        "min": 0.0185027439147,
        "stdev": 0.0505042076111
    },
    "spectral_kurtosis": {
        "max": 24.8018951416,
        "mean": 3.10799312592,
        "min": -1.09216570854,
        "stdev": 2.35871481895
    },
    "spectral_rms": {
        "max": 0.0123372897506,
        "mean": 0.00717629445717,
        "min": 0.00117827567738,
        "stdev": 0.00248890114017
    },
    "spectral_rolloff": {
        "max": 9431.54296875,
        "mean": 1123.04553223,
        "min": 43.06640625,
        "stdev": 1243.87426758
    },
    "spectral_skewness": {
        "max": 3.80942845345,
        "mean": 1.36020696163,
        "min": 0.281037956476,
        "stdev": 0.381638526917
    },
    "spectral_spread": {
        "max": 12531748,
        "mean": 4974871,
        "min": 1754473,
        "stdev": 1695305.125
    },
    "spectral_strongpeak": {
        "max": 7.45301628113,
        "mean": 1.1094700098,
        "min": 0,
        "stdev": 1.24100863934
    },
    "zerocrossingrate": {
        "max": 0.20849609375,
        "mean": 0.0475769266486,
        "min": 0.00146484375,
        "stdev": 0.0324372053146
    },
    "barkbands": {
        "max": [0.0446621924639, 0.119633428752, 0.0405404269695, 0.0223345290869, 0.100132763386, 0.0531515739858, 0.0387495607138, 0.0269580706954, 0.04135414958, 0.0377104058862, 0.028504492715, 0.0231682341546, 0.0259542576969, 0.0115303825587, 0.0116597665474, 0.00952529907227, 0.00901041552424, 0.00470846146345, 0.00547356950119, 0.00378536176868, 0.00469856476411, 0.00275740027428, 0.00364308524877, 0.00300594931468, 0.00327504449524, 0.00179727538489, 9.24224223127e-05],
        "mean": [0.0092243924737, 0.0251599028707, 0.00177450792398, 0.00136228569318, 0.00329877180047, 0.00358231225982, 0.00182522065006, 0.00117997254711, 0.00358066917397, 0.00173349061515, 0.0010786165949, 0.000794094754383, 0.000583305605687, 0.000464581011329, 0.000485342461616, 0.000509548990522, 0.000431911466876, 0.000338776793797, 0.000294731929898, 0.000336572469678, 0.000302851491142, 0.000200299473363, 0.000216506043216, 0.000195017084479, 0.000136779883178, 4.42297132395e-05, 1.49206721289e-06],
        "min": [1.26119292787e-08, 2.47833469302e-07, 9.06546517854e-08, 5.79861023198e-07, 8.29872806207e-06, 1.25730721265e-05, 4.57385112895e-06, 1.90433056559e-05, 6.0417187342e-06, 5.97030430072e-06, 6.59699071548e-06, 4.47784123025e-06, 7.59298472985e-06, 5.26722442373e-06, 5.77899254495e-06, 4.30385307482e-06, 4.06153321819e-06, 2.50771472565e-06, 1.26929307953e-06, 1.62171795637e-06, 1.14570514143e-06, 4.81083191062e-07, 1.11288521509e-07, 5.56599211166e-09, 1.12221376636e-09, 1.26110080712e-10, 1.27596225252e-10],
        "stdev": [0.0131382141262, 0.031223885715, 0.00354359229095, 0.00208666338585, 0.006881384179, 0.00585614610463, 0.00409428263083, 0.00219791382551, 0.00533506833017, 0.00423009553924, 0.00228763185441, 0.00186337868217, 0.00151867384557, 0.000971162400674, 0.0010607879376, 0.000956806354225, 0.000885858491529, 0.000467102683615, 0.00046271935571, 0.000428224331699, 0.00048891955521, 0.000345831387676, 0.000374689290766, 0.000383927923394, 0.000318909995258, 0.000134313930175, 7.64987453294e-06]
    },
    "erbbands": {
        "max": [7.27272987366, 25.6464252472, 54.2097473145, 61.4555549622, 89.9178848267, 423.980194092, 456.75012207, 389.466918945, 708.642944336, 495.685546875, 754.332519531, 842.709838867, 1260.27563477, 959.17010498, 651.908996582, 973.429443359, 910.19519043, 674.040039062, 539.276489258, 695.038330078, 639.771606445, 387.653686523, 256.471832275, 401.375732422, 163.003616333, 185.428253174, 246.38142395, 137.313262939, 133.371673584, 142.945632935, 84.7674636841, 78.0835571289, 43.4582862854, 46.207775116, 19.7595539093, 9.44054508209, 2.92560362816, 0.435005962849, 0.0213215313852, 0.000728900602553],
        "mean": [1.56775796413, 2.29506993294, 2.21269798279, 3.64317417145, 5.08663368225, 11.3183889389, 29.0624923706, 27.025592804, 28.8755073547, 18.3644962311, 52.8034286499, 69.0983352661, 55.9907150269, 53.2623443604, 30.320848465, 30.6808395386, 26.8633537292, 24.8433856964, 21.2706890106, 27.4273643494, 30.3184776306, 23.6583995819, 19.1126098633, 16.9952354431, 14.4878740311, 15.5659141541, 14.4593896866, 9.68267154694, 7.04205751419, 7.32442092896, 5.98969221115, 4.47004699707, 2.97338843346, 1.8412681818, 0.794001102448, 0.257961899042, 0.0720335692167, 0.00855589192361, 0.000309431750793, 7.97764587332e-05],
        "min": [8.79137587617e-06, 0.000109453656478, 0.000603327236604, 0.00216527865268, 0.0131967579946, 0.0347646586597, 0.0804320350289, 0.087517619133, 0.071937687695, 0.351308047771, 0.408069610596, 0.149282425642, 0.270826369524, 0.405931532383, 0.443250209093, 0.278147101402, 0.507202804089, 0.357482105494, 0.34324747324, 0.352981716394, 0.278452932835, 0.183477893472, 0.165165230632, 0.107328079641, 0.0628295019269, 0.0500431582332, 0.0415783077478, 0.0297266598791, 0.0194588042796, 0.00700622890145, 0.00210193637758, 0.000296968995826, 0.000113837049867, 7.55510627641e-05, 4.57620699308e-05, 1.47459977597e-05, 5.40336395716e-06, 1.18573564123e-06, 1.53516646151e-06, 1.7438243276e-06],
        "stdev": [2.10485076904, 3.30723619461, 4.44926738739, 5.48251438141, 6.90233564377, 28.0265693665, 51.967666626, 45.8696556091, 68.4464645386, 31.9790115356, 90.5762557983, 105.986320496, 123.095832825, 100.06867218, 51.5362091064, 68.9995269775, 61.6025466919, 49.2790374756, 36.7139663696, 54.5259590149, 54.16456604, 39.6509895325, 26.8775444031, 27.6656074524, 19.6880531311, 19.9835510254, 23.7939872742, 15.1100292206, 12.5363273621, 13.2109251022, 10.0493793488, 8.8517370224, 5.82054948807, 4.08986377716, 2.04122185707, 0.717453539371, 0.231410905719, 0.0336508862674, 0.00127296918072, 6.66622145218e-05]
    },
    "gfcc": {
        "mean": [21.7297611237, 97.4459228516, -123.360023499, 39.797088623, -69.7222824097, 23.2139167786, -31.4738101959, 15.4070892334, -13.9604101181, -0.5667989254, -7.36343479156, -2.8388171196, 2.85781025887],
        "cov": [[1726.19787598, -843.076416016, 67.7779388428, 38.6031455994, -192.535736084, -52.1332130432, -331.38269043, 39.9375610352, -353.355010986, 135.373809814, -182.737716675, 107.772743225, -136.973876953], [-843.076416016, 1695.53125, -535.740661621, 161.816513062, 281.716339111, -153.999725342, 147.735198975, -256.102661133, 224.815765381, -353.495178223, 339.1043396, -255.130645752, 206.532730103], [67.7779388428, -535.740661621, 1108.45471191, 124.930389404, 146.407562256, 364.324432373, 242.759597778, 338.106323242, 182.131866455, 286.438659668, -115.09475708, 179.754074097, -90.1953811646], [38.6031455994, 161.816513062, 124.930389404, 345.46194458, 149.34967041, 62.6010284424, 44.5458908081, 39.6765289307, 99.8070449829, -2.49640440941, 74.6282272339, -28.9040870667, 46.0825157166], [-192.535736084, 281.716339111, 146.407562256, 149.34967041, 335.205871582, 146.517486572, 211.034393311, 129.828430176, 172.415466309, 32.1760902405, 81.3704833984, -1.97773730755, 34.4317512512], [-52.1332130432, -153.999725342, 364.324432373, 62.6010284424, 146.517486572, 307.562683105, 212.239151001, 186.593765259, 102.071250916, 126.028121948, -8.81593227386, 49.3832626343, -18.6065101624], [-331.38269043, 147.735198975, 242.759597778, 44.5458908081, 211.034393311, 212.239151001, 428.52746582, 172.100875854, 225.807693481, 59.8960533142, 54.4164466858, 5.25486278534, 15.0351600647], [39.9375610352, -256.102661133, 338.106323242, 39.6765289307, 129.828430176, 186.593765259, 172.100875854, 312.551483154, 144.631088257, 134.342956543, -33.3358001709, 71.458404541, -19.8765716553], [-353.355010986, 224.815765381, 182.131866455, 99.8070449829, 172.415466309, 102.071250916, 225.807693481, 144.631088257, 296.813598633, 43.6432228088, 82.4856262207, 0.522128462791, 43.722568512], [135.373809814, -353.495178223, 286.438659668, -2.49640440941, 32.1760902405, 126.028121948, 59.8960533142, 134.342956543, 43.6432228088, 228.850112915, -31.2335548401, 92.9228591919, -44.9609947205], [-182.737716675, 339.1043396, -115.09475708, 74.6282272339, 81.3704833984, -8.81593227386, 54.4164466858, -33.3358001709, 82.4856262207, -31.2335548401, 161.105926514, -31.6618213654, 63.7514076233], [107.772743225, -255.130645752, 179.754074097, -28.9040870667, -1.97773730755, 49.3832626343, 5.25486278534, 71.458404541, 0.522128462791, 92.9228591919, -31.6618213654, 117.179832458, -21.2893714905], [-136.973876953, 206.532730103, -90.1953811646, 46.0825157166, 34.4317512512, -18.6065101624, 15.0351600647, -19.8765716553, 43.722568512, -44.9609947205, 63.7514076233, -21.2893714905, 101.486282349]],
        "icov": [[0.00116883195005, 0.000142919656355, 0.000181271141628, -0.000871190102771, 7.56577355787e-05, 0.000349438661942, 0.000215777894482, -0.000813274935354, 0.001467989292, -0.000448879698524, 9.63343190961e-05, -0.000411633023759, 0.000712357752491], [0.000142919656355, 0.00318611273542, -0.000477895227959, 0.000949016772211, -0.00251164380461, 0.000679831893649, 5.97389189352e-05, 0.00195268029347, -0.00128782214597, 0.00252060126513, -0.00333054573275, 0.00310647021979, -0.00138103310019], [0.000181271141628, -0.000477895227959, 0.00275080720894, -0.00144953280687, 0.000818711472675, -0.00178638310172, -0.000129323248984, -0.000542082590982, -0.00079612841364, -0.00118071201723, 0.00233988417313, -0.00285901804455, 0.0013781710295], [-0.000871190102771, 0.000949016772211, -0.00144953280687, 0.00568930944428, -0.00269027473405, -0.000290541007416, 0.00136206520256, 0.00136686873157, -0.00197305390611, 0.00142539758235, -0.0026681649033, 0.00343935121782, -0.00217430642806], [7.56577355787e-05, -0.00251164380461, 0.000818711472675, -0.00269027473405, 0.00825946312398, -0.00179544719867, -0.00147139909677, -0.00275218207389, 0.000353413866833, -0.00154275528621, 0.00120185851119, -0.00299989199266, 0.00149025488645], [0.000349438661942, 0.000679831893649, -0.00178638310172, -0.000290541007416, -0.00179544719867, 0.00911258347332, -0.00289734825492, -0.00191127706785, 0.00279239495285, -0.00141934119165, -0.00124881998636, 0.00190424465109, -0.000680717173964], [0.000215777894482, 5.97389189352e-05, -0.000129323248984, 0.00136206520256, -0.00147139909677, -0.00289734825492, 0.00614100135863, -0.000249151227763, -0.00289146089926, 0.000672458903864, -0.000560045358725, 0.000965797400568, 0.000543695699889], [-0.000813274935354, 0.00195268029347, -0.000542082590982, 0.00136686873157, -0.00275218207389, -0.00191127706785, -0.000249151227763, 0.00955886114389, -0.00479238387197, 0.000520343892276, 0.00061757263029, 0.000584730354603, -0.00165165495127], [0.001467989292, -0.00128782214597, -0.00079612841364, -0.00197305390611, 0.000353413866833, 0.00279239495285, -0.00289146089926, -0.00479238387197, 0.0114149749279, -0.00223353435285, -0.00151896825992, -0.000290367839625, -0.000341760867741], [-0.000448879698524, 0.00252060126513, -0.00118071201723, 0.00142539758235, -0.00154275528621, -0.00141934119165, 0.000672458903864, 0.000520343892276, -0.00223353435285, 0.0112285278738, -0.0041297939606, -0.00153227115516, 0.00104301283136], [9.63343190961e-05, -0.00333054573275, 0.00233988417313, -0.0026681649033, 0.00120185851119, -0.00124881998636, -0.000560045358725, 0.00061757263029, -0.00151896825992, -0.0041297939606, 0.015934869647, -0.0042240191251, -0.00230495957658], [-0.000411633023759, 0.00310647021979, -0.00285901804455, 0.00343935121782, -0.00299989199266, 0.00190424465109, 0.000965797400568, 0.000584730354603, -0.000290367839625, -0.00153227115516, -0.0042240191251, 0.0190894752741, -0.00353759387508], [0.000712357752491, -0.00138103310019, 0.0013781710295, -0.00217430642806, 0.00149025488645, -0.000680717173964, 0.000543695699889, -0.00165165495127, -0.000341760867741, 0.00104301283136, -0.00230495957658, -0.00353759387508, 0.0161183588207]]
    },
    "melbands": {
        "max": [0.0458568632603, 0.0281942263246, 0.0109016634524, 0.012917727232, 0.0210398864001, 0.00891107600182, 0.00898811966181, 0.00431602960452, 0.0078050615266, 0.00472967652604, 0.00604580063373, 0.00434494018555, 0.00294175255112, 0.00272223935463, 0.00414705788717, 0.00133750669193, 0.00145610398613, 0.00117689382751, 0.00130206649192, 0.000745799974538, 0.00089615926845, 0.000588678463828, 0.000353206385626, 0.000255005114013, 0.000398646370741, 0.000165166173247, 0.000145995130879, 0.000154141773237, 0.000157093949383, 0.000100782999652, 7.48225502321e-05, 6.9975052611e-05, 8.34004385979e-05, 8.2607351942e-05, 5.54272082809e-05, 5.12452825205e-05, 5.62504246773e-05, 2.87394577754e-05, 3.2457162888e-05, 4.15347203671e-05],
        "mean": [0.0102485828102, 0.00158856785856, 0.0006624374073, 0.000533404236194, 0.000954360817559, 0.000634309719317, 0.000415540562244, 0.00018057176203, 0.000548596610315, 0.000411246088333, 0.000282344553852, 0.000226753065363, 0.000125044112792, 6.92951653036e-05, 9.45120336837e-05, 4.96752763866e-05, 4.51488740509e-05, 3.19735299854e-05, 4.21071672463e-05, 3.43045139743e-05, 3.55930205842e-05, 2.71929784503e-05, 1.47228392962e-05, 1.78593327291e-05, 1.33561907205e-05, 1.06075849544e-05, 1.09808479465e-05, 1.00943470898e-05, 9.50464345806e-06, 6.98341773386e-06, 5.09900655743e-06, 3.72998647435e-06, 4.12046711062e-06, 4.04016645916e-06, 3.49667379851e-06, 3.16218552143e-06, 2.54025189861e-06, 2.14781380237e-06, 1.83593078873e-06, 1.45704689203e-06],
        "min": [1.4116046998e-07, 2.14604511939e-07, 4.35291894973e-07, 1.63299262113e-06, 2.68633903033e-06, 2.11669657801e-06, 7.13328859092e-07, 2.09292261388e-06, 2.70371970146e-06, 8.55783639508e-07, 6.19462355189e-07, 1.47983917032e-06, 1.03416550701e-06, 5.89411342844e-07, 8.06713558177e-07, 5.85937527831e-07, 5.73218130739e-07, 5.57332725748e-07, 4.37845841361e-07, 4.48061570069e-07, 2.75771924407e-07, 1.957626381e-07, 1.73218978716e-07, 1.00027676808e-07, 6.60714576384e-08, 5.14883993219e-08, 3.73009463317e-08, 1.98506047155e-08, 2.58123993291e-08, 2.63643293863e-08, 1.55432662297e-08, 6.01355765184e-09, 5.3596749261e-09, 1.25870469603e-09, 7.17374437631e-10, 2.75102524094e-10, 8.38728114738e-11, 2.89453704061e-11, 1.90423250085e-11, 1.29990592942e-11],
        "stdev": [0.0131741482764, 0.00258084037341, 0.000917910540011, 0.000990760163404, 0.00180247577373, 0.00102812540717, 0.000926847103983, 0.000336495722877, 0.000964168342762, 0.000616610108409, 0.000646904110909, 0.000445027573733, 0.000232929596677, 0.000167592501384, 0.000257689564023, 0.000118439733342, 9.64135979302e-05, 6.59526776872e-05, 0.000104482125607, 6.88715881552e-05, 7.34319837647e-05, 5.43239730177e-05, 2.24990562856e-05, 2.75390138995e-05, 2.50960656558e-05, 1.66102618095e-05, 1.56713085744e-05, 1.45773074109e-05, 1.62255128089e-05, 1.15631210065e-05, 8.25281495054e-06, 6.61612784825e-06, 7.98176824901e-06, 7.47059584683e-06, 5.83131304666e-06, 6.1508071667e-06, 5.41696681466e-06, 4.19709795096e-06, 3.91827506974e-06, 3.37005531037e-06]
    },
    "melbands128": {
        "max": [0.0390904955566, 0.0752765014768, 0.0586005747318, 0.0508840605617, 0.0352526530623, 0.0189530961215, 0.0129843186587, 0.0109602287412, 0.00937546044588, 0.00740928668529, 0.0267219133675, 0.0434538796544, 0.0174873713404, 0.0181982461363, 0.0107238963246, 0.0114499507472, 0.0204914212227, 0.0110809486359, 0.010391193442, 0.00727121206, 0.00580576946959, 0.0102090332657, 0.0107121923938, 0.0167764872313, 0.00925686489791, 0.00667020492256, 0.0130288219079, 0.00995233748108, 0.0129110338166, 0.00903410743922, 0.00636198511347, 0.00870620645583, 0.00431144610047, 0.00293784635141, 0.00737570272759, 0.00208088173531, 0.00521478941664, 0.00622993335128, 0.00627489062026, 0.00247029354796, 0.00299232988618, 0.00310888350941, 0.00285472511314, 0.00239388365299, 0.0018887774786, 0.00162891065702, 0.00122560700402, 0.00222873385064, 0.00209137611091, 0.00224327133037, 0.00163075025193, 0.00123106001411, 0.00185882172082, 0.00141406443436, 0.0018040939467, 0.000832542951684, 0.000740141957067, 0.000621627958026, 0.00086798844859, 0.00050106307026, 0.000487102253828, 0.000470374565339, 0.000652063055895, 0.000615073833615, 0.000298010767438, 0.000321802188409, 0.000371215108316, 0.000267179944785, 0.000302306056255, 0.000233213169849, 0.000304337358102, 0.000337117176969, 0.000321504543535, 0.000230732854106, 0.00028907743399, 9.91269116639e-05, 0.000205740652746, 0.000232455407968, 9.14812335395e-05, 5.37734522368e-05, 7.03588011675e-05, 0.000146726772073, 0.000123964069644, 0.000121941106045, 0.000104018967249, 0.000105821949546, 0.000117553092423, 0.000120329670608, 9.33626433834e-05, 4.79926748085e-05, 9.00411323528e-05, 6.47625420243e-05, 7.00003802194e-05, 6.64015024086e-05, 0.000104615268356, 3.8250869693e-05, 4.36137925135e-05, 4.53436041425e-05, 4.01303404942e-05, 4.60772353108e-05, 5.91296447965e-05, 3.99986711273e-05, 3.68406581401e-05, 2.36766936723e-05, 2.77721810562e-05, 3.3481628634e-05, 1.93051691895e-05, 1.83166957868e-05, 1.99168389372e-05, 1.73398129846e-05, 1.50139694597e-05, 1.069503287e-05, 1.20534068628e-05, 7.48579941501e-06, 6.26428163741e-06, 6.90558545102e-06, 3.63828780792e-06, 7.7815008126e-07, 9.30128010168e-07, 6.41080021069e-07, 9.39910762554e-07, 3.58031201131e-07, 3.27139474621e-07, 1.58270694328e-08, 1.62856694796e-09, 1.59004920341e-09, 1.57249369082e-09, 1.56166701792e-09],
        "mean": [0.00863327085972, 0.0168888345361, 0.00824372377247, 0.00267181312665, 0.00119960773736, 0.000835655780975, 0.000755339919124, 0.000639611040242, 0.000488849764224, 0.000396708986955, 0.000591264106333, 0.000992576591671, 0.0010805533966, 0.000932343071327, 0.000574523524847, 0.000488096527988, 0.000548934505787, 0.000402265461162, 0.000265122507699, 0.000170481725945, 0.000145537531353, 0.000186813864275, 0.000617999758106, 0.000966204388533, 0.000405769475037, 0.000234228165937, 0.000271255034022, 0.000238641427131, 0.000391022593249, 0.000193471292732, 0.000192793493625, 0.000235505052842, 0.00010993640899, 5.04298513988e-05, 9.15615310078e-05, 4.71261409984e-05, 7.64139695093e-05, 0.000146183316247, 6.69897781336e-05, 3.36878547387e-05, 5.13441482326e-05, 6.44011452096e-05, 4.02499172196e-05, 3.87776199204e-05, 4.21606164309e-05, 2.48867127084e-05, 2.44343882514e-05, 5.82807224419e-05, 3.98201627831e-05, 2.81628072116e-05, 3.65574051102e-05, 3.64440893463e-05, 3.67546235793e-05, 3.42202692991e-05, 3.54761032213e-05, 2.84359066427e-05, 1.94948133867e-05, 1.22999035739e-05, 1.26032700791e-05, 1.92539682757e-05, 2.20642341446e-05, 1.29802356241e-05, 1.24644911921e-05, 1.36521330205e-05, 1.53947548824e-05, 8.71310930961e-06, 9.31719205255e-06, 1.06475245047e-05, 1.20281729323e-05, 1.02177882582e-05, 9.95773461909e-06, 1.08515569082e-05, 8.3191334852e-06, 1.05957569758e-05, 9.06132117962e-06, 6.58416229271e-06, 6.61632384436e-06, 5.75784815737e-06, 5.23850485479e-06, 3.92281162931e-06, 3.47119521393e-06, 3.73936109099e-06, 4.08290406995e-06, 4.09281392422e-06, 4.22470066042e-06, 4.23601613875e-06, 4.00913813792e-06, 3.59869068234e-06, 3.60606804861e-06, 3.24865686707e-06, 3.21730271935e-06, 3.23468862007e-06, 2.97949441119e-06, 2.27597661251e-06, 2.60915157924e-06, 2.23709093916e-06, 2.09282848118e-06, 1.84190764685e-06, 1.96337168745e-06, 1.70384862486e-06, 1.68450128513e-06, 1.43700242461e-06, 1.22457049656e-06, 8.88416479938e-07, 9.54113943408e-07, 8.54076120049e-07, 5.37090841135e-07, 4.72796358508e-07, 3.96697544147e-07, 4.1699229314e-07, 3.01847364881e-07, 2.69203809466e-07, 2.34283632494e-07, 1.54342345127e-07, 1.22905220223e-07, 9.30971424395e-08, 4.39339160607e-08, 5.45738298996e-09, 3.09955994204e-09, 3.66615560132e-09, 3.5785561181e-09, 3.04870773071e-09, 1.87543469643e-09, 3.80113579501e-11, 8.26041839097e-12, 7.80874410272e-12, 7.56024669951e-12, 7.49077796319e-12],
        "min": [5.32087796046e-09, 5.19048128922e-08, 3.78430442538e-08, 2.16633111449e-08, 4.21769428272e-08, 3.52267157666e-08, 2.51259081097e-07, 2.03266097287e-07, 3.35262370754e-07, 9.89027284959e-07, 1.63999771985e-07, 5.22066670783e-07, 3.95849212964e-07, 1.70825967416e-06, 9.02326121377e-07, 2.8594052992e-07, 5.18327283316e-07, 5.06899823449e-07, 4.27271004355e-07, 2.65450069037e-07, 7.14670704838e-07, 1.35768527798e-06, 1.56525095463e-06, 8.18200533104e-07, 6.99008694482e-07, 7.04279159436e-07, 4.42550685875e-07, 3.91751086681e-07, 1.99242975896e-07, 1.66046504546e-07, 6.10617860275e-07, 7.09393930265e-07, 3.30510260937e-07, 1.77551669367e-07, 3.12578066541e-07, 2.50586253969e-07, 4.17688056586e-07, 3.89398707057e-07, 3.93024777168e-07, 5.96844174083e-08, 2.65321489223e-07, 3.96392579205e-07, 1.01472771519e-07, 2.2358346996e-07, 1.80993652066e-07, 2.22820759177e-07, 9.49594536337e-08, 2.82459126311e-07, 1.81729333804e-07, 1.1686927337e-07, 1.64205374631e-07, 1.67559150555e-07, 1.63157977795e-07, 1.06994356486e-07, 1.46532102008e-07, 1.62433394735e-07, 2.37979929096e-08, 7.83213067734e-08, 1.13852280492e-07, 3.60168037616e-08, 4.87600608778e-08, 5.91078794798e-08, 7.25457871553e-09, 1.57594666206e-08, 4.64020395441e-08, 2.03388363929e-08, 9.38932931405e-09, 3.9462577206e-08, 3.60122669463e-08, 1.45508485261e-08, 6.49772413652e-09, 2.33308554698e-08, 1.92490698936e-08, 2.53658587468e-08, 2.7264425384e-08, 1.69771787739e-08, 1.34262005957e-08, 1.06533795119e-08, 5.92028648327e-09, 2.49353471204e-09, 4.84578199789e-09, 3.67005803525e-09, 1.6164212191e-09, 5.85416215504e-10, 3.54857010443e-09, 6.91274093523e-10, 4.34020236417e-10, 3.57617380153e-10, 7.34193372764e-10, 4.036175838e-10, 4.29010327263e-10, 1.24716431626e-10, 1.12611045489e-10, 4.43772171788e-11, 3.26887752977e-11, 3.15537942996e-11, 2.52315009164e-11, 1.7105509717e-11, 1.18301679217e-11, 1.17567344748e-11, 1.30948698066e-11, 4.93318753902e-12, 2.13984602607e-12, 1.16428264599e-12, 5.33927286064e-13, 6.68001190387e-13, 4.57047323165e-13, 5.01540324029e-13, 6.47056301768e-13, 5.32292688659e-13, 5.56198533411e-13, 3.60402625712e-13, 4.04205044002e-13, 4.50439300659e-13, 3.80920121834e-13, 4.63094027101e-13, 4.39207589568e-13, 4.28273112503e-13, 3.46061585421e-13, 4.18707901467e-13, 4.00731233136e-13, 3.7105160524e-13, 3.61163518797e-13, 3.95542431274e-13, 2.33855063135e-13, 9.93841510824e-14, 1.48815980833e-14, 7.9618804759e-16],
        "stdev": [0.0122837089002, 0.0232839528471, 0.0108326254413, 0.0048922044225, 0.00290878163651, 0.00160980469082, 0.00123348610941, 0.000955671130214, 0.000737662776373, 0.000687449704856, 0.00175691524055, 0.00278532621451, 0.00205561937764, 0.00193402089644, 0.00121673662215, 0.00115358026233, 0.00161338725593, 0.00109504943248, 0.000688658154104, 0.000406105129514, 0.000396914489102, 0.00055646977853, 0.00132553302683, 0.00186456623487, 0.00095656880876, 0.00055223115487, 0.00088687276002, 0.000809433578979, 0.00118943222333, 0.000626130728051, 0.000512977247126, 0.000614821445197, 0.000260325381532, 0.000143069177284, 0.000364255218301, 0.000115090355393, 0.0003032994573, 0.000436265923781, 0.00030488090124, 0.000129248961457, 0.000182552597835, 0.000188103396795, 0.000128797619254, 0.000137684619403, 0.00012701380183, 7.82741553849e-05, 7.20100942999e-05, 0.000187139041373, 0.00012721629173, 0.000103832033346, 0.000103943726572, 0.000101190038549, 0.00010531002772, 0.000108961721708, 0.000145687765325, 6.6856504418e-05, 4.52404856333e-05, 3.12190750265e-05, 3.20055733027e-05, 4.04279562645e-05, 4.63387077616e-05, 2.88942301268e-05, 3.72534086637e-05, 3.77274445782e-05, 3.41552622558e-05, 2.00311533263e-05, 2.21597711061e-05, 1.98834259209e-05, 2.38885404542e-05, 1.85435164894e-05, 1.93209270947e-05, 2.31244775932e-05, 1.88116973732e-05, 2.28776443691e-05, 2.1121421014e-05, 1.11166091301e-05, 1.49087081809e-05, 1.16709088616e-05, 9.23644711293e-06, 6.72451869832e-06, 6.80046059642e-06, 8.86563520908e-06, 9.12568975764e-06, 9.03241107153e-06, 8.00138786872e-06, 9.30817896005e-06, 7.86747023085e-06, 6.82350037096e-06, 6.85823624735e-06, 5.31303203388e-06, 7.09678579369e-06, 6.86571183905e-06, 6.37334551357e-06, 4.83662552142e-06, 8.0227791841e-06, 4.22083076046e-06, 4.37279004473e-06, 4.03477361033e-06, 4.33441846326e-06, 4.05870741815e-06, 4.12386043536e-06, 3.45716193806e-06, 3.02275384456e-06, 2.2115664251e-06, 2.64702930508e-06, 2.7798953397e-06, 1.6017870621e-06, 1.41757959682e-06, 1.19952574096e-06, 1.27613168388e-06, 1.02276624148e-06, 9.36341791657e-07, 7.99979545718e-07, 5.31809973836e-07, 4.6348742444e-07, 4.31002689538e-07, 2.31199706491e-07, 3.78021631775e-08, 3.22664241992e-08, 2.95115558657e-08, 3.25554516678e-08, 2.14314450631e-08, 1.52926347141e-08, 4.81626849513e-10, 4.43204188627e-11, 4.33005992173e-11, 4.28303816025e-11, 4.25382021274e-11]
    },
    "mfcc": {
        "mean": [-613.013427734, 115.361167908, 7.1997013092, 17.74559021, -1.86043524742, 4.57764863968, 1.20515811443, 9.52449035645, 4.45714855194, 7.84475231171, -2.82388138771, 2.6432595253, -0.397225677967],
        "cov": [[1825.56555176, -614.965454102, -176.710205078, -12.4314203262, -41.4186630249, -224.518280029, -71.2396469116, -272.014678955, -234.006591797, -196.984222412, -196.774871826, -145.226837158, -29.9121932983], [-614.965454102, 1125.38745117, -341.62008667, 131.665039062, 64.1540908813, 52.9278182983, 17.3358249664, 83.8967056274, -66.4183502197, 37.3876228333, -68.0316390991, 63.0353736877, 20.7771053314], [-176.710205078, -341.62008667, 733.00012207, 17.9671516418, 100.61492157, 154.604293823, 73.4791412354, 124.097007751, 205.11618042, 105.99797821, 180.58052063, 71.4867401123, 48.9085617065], [-12.4314203262, 131.665039062, 17.9671516418, 257.68170166, 110.48059082, 44.7358055115, 13.5728225708, 45.2393569946, 26.7333621979, 35.0284194946, 8.07787036896, 51.2019805908, 45.6673278809], [-41.4186630249, 64.1540908813, 100.61492157, 110.48059082, 234.996765137, 40.9293823242, 47.4236030579, 73.3594284058, 72.3173904419, 57.1437568665, 39.1260185242, 58.7959442139, 64.3209762573], [-224.518280029, 52.9278182983, 154.604293823, 44.7358055115, 40.9293823242, 212.589736938, 101.026695251, 86.0616989136, 94.1086578369, 75.1067581177, 100.834922791, 58.6659049988, 18.051651001], [-71.2396469116, 17.3358249664, 73.4791412354, 13.5728225708, 47.4236030579, 101.026695251, 198.550933838, 103.319328308, 102.567878723, 80.2889633179, 78.9609909058, 54.9167785645, 15.5598392487], [-272.014678955, 83.8967056274, 124.097007751, 45.2393569946, 73.3594284058, 86.0616989136, 103.319328308, 233.233612061, 160.059020996, 121.773101807, 105.942199707, 62.2794380188, 37.026184082], [-234.006591797, -66.4183502197, 205.11618042, 26.7333621979, 72.3173904419, 94.1086578369, 102.567878723, 160.059020996, 245.557495117, 137.473342896, 144.230270386, 70.7511062622, 37.0754013062], [-196.984222412, 37.3876228333, 105.99797821, 35.0284194946, 57.1437568665, 75.1067581177, 80.2889633179, 121.773101807, 137.473342896, 162.674102783, 114.826004028, 71.8800430298, 37.8561820984], [-196.774871826, -68.0316390991, 180.58052063, 8.07787036896, 39.1260185242, 100.834922791, 78.9609909058, 105.942199707, 144.230270386, 114.826004028, 194.256134033, 71.0673065186, 34.3450317383], [-145.226837158, 63.0353736877, 71.4867401123, 51.2019805908, 58.7959442139, 58.6659049988, 54.9167785645, 62.2794380188, 70.7511062622, 71.8800430298, 71.0673065186, 121.146896362, 54.1334533691], [-29.9121932983, 20.7771053314, 48.9085617065, 45.6673278809, 64.3209762573, 18.051651001, 15.5598392487, 37.026184082, 37.0754013062, 37.8561820984, 34.3450317383, 54.1334533691, 89.1164779663]],
        "icov": [[0.00106586690526, 0.000700059637893, 0.000215658670641, -0.000471314560855, -0.000244358874625, 0.000547670410015, -0.00080574239837, 0.000528019154444, 0.000626427703537, 2.23388883569e-06, 0.000357613404049, 0.000546374649275, -0.000426834158134], [0.000700059637893, 0.00189559150022, 0.000927439657971, -0.000565867754631, -0.000462715659523, -0.0005021020188, -0.000124970843899, -0.000690510263667, 0.00120348064229, -0.000550766417291, 0.000929610512685, -0.000494483101647, -6.21787921773e-06], [0.000215658670641, 0.000927439657971, 0.00258072419092, 7.09137020749e-05, -0.000797328772023, -0.00134057342075, 0.000629573711194, -0.000299111328786, -0.000799457426183, 0.000428857165389, -0.000650043482892, -0.000177382840775, -0.000226443051361], [-0.000471314560855, -0.000565867754631, 7.09137020749e-05, 0.00565274292603, -0.00198282091878, -0.00137130217627, 0.00120917405002, -0.000555235194042, -0.000173315856955, -0.000279201572994, 0.000813654682133, -0.00129321124405, -0.000570755568333], [-0.000244358874625, -0.000462715659523, -0.000797328772023, -0.00198282091878, 0.00687230797485, 0.00050231377827, -0.000747071695514, -0.000393986934796, -0.00093377137091, -0.000103654405393, 0.000651104666758, -0.000230520294281, -0.00296665146016], [0.000547670410015, -0.0005021020188, -0.00134057342075, -0.00137130217627, 0.00050231377827, 0.00887164101005, -0.00341316522099, 0.000476117042126, 0.000464577809907, 0.000282781053102, -0.00243349815719, -0.000315351731842, 0.00079386139987], [-0.00080574239837, -0.000124970843899, 0.000629573711194, 0.00120917405002, -0.000747071695514, -0.00341316522099, 0.00905776116997, -0.00229553086683, -0.0014168927446, -0.000763925840147, -5.09795245307e-06, -0.00212704134174, 0.00160438532475], [0.000528019154444, -0.000690510263667, -0.000299111328786, -0.000555235194042, -0.000393986934796, 0.000476117042126, -0.00229553086683, 0.0102059310302, -0.00391526473686, -0.00241874856874, -0.000226886826567, 0.00146422360558, -0.0010103842942], [0.000626427703537, 0.00120348064229, -0.000799457426183, -0.000173315856955, -0.00093377137091, 0.000464577809907, -0.0014168927446, -0.00391526473686, 0.0127613032237, -0.00428755860776, -0.00252848560922, -6.90742745064e-05, 0.000439841300249], [2.23388883569e-06, -0.000550766417291, 0.000428857165389, -0.000279201572994, -0.000103654405393, 0.000282781053102, -0.000763925840147, -0.00241874856874, -0.00428755860776, 0.0161522459239, -0.00438767438754, -0.00256407889538, -0.000636361655779], [0.000357613404049, 0.000929610512685, -0.000650043482892, 0.000813654682133, 0.000651104666758, -0.00243349815719, -5.09795245307e-06, -0.000226886826567, -0.00252848560922, -0.00438767438754, 0.0131135275587, -0.00229750946164, -0.000781230337452], [0.000546374649275, -0.000494483101647, -0.000177382840775, -0.00129321124405, -0.000230520294281, -0.000315351731842, -0.00212704134174, 0.00146422360558, -6.90742745064e-05, -0.00256407889538, -0.00229750946164, 0.0162485539913, -0.00681471219286], [-0.000426834158134, -6.21787921773e-06, -0.000226443051361, -0.000570755568333, -0.00296665146016, 0.00079386139987, 0.00160438532475, -0.0010103842942, 0.000439841300249, -0.000636361655779, -0.000781230337452, -0.00681471219286, 0.0181442741305]]
    },
    "spectral_contrast_coeffs": {
        "max": [-0.277241438627, -0.492049902678, -0.558333516121, -0.624678432941, -0.621313989162, -0.525648236275],
        "mean": [-0.721916973591, -0.731070816517, -0.75320905447, -0.794705629349, -0.789927005768, -0.76010453701],
        "min": [-0.904834568501, -0.891817688942, -0.894718050957, -0.903521955013, -0.884694516659, -0.863401710987],
        "stdev": [0.105884231627, 0.0740046128631, 0.067550547421, 0.0527804195881, 0.0481665506959, 0.0394892841578]
    },
    "spectral_contrast_valleys": {
        "max": [-4.62130069733, -4.52571773529, -5.44400548935, -5.94144678116, -5.88763427734, -7.70960664749],
        "mean": [-6.4569773674, -6.39243650436, -7.02018785477, -7.36566448212, -7.35005044937, -9.85983181],
        "min": [-9.95255279541, -8.17085075378, -8.62017822266, -8.69723415375, -9.51796531677, -14.9283981323],
        "stdev": [0.750907599926, 0.501800179482, 0.510468482971, 0.467967242002, 0.564344346523, 0.952926456928]
    }
},
"rhythm": {
    "beats_count": 75,
    "beats_loudness": {
        "max": 0.146490469575,
        "mean": 0.0678001493216,
        "min": 0.0152922878042,
        "stdev": 0.0362788960338
    },
    "bpm": 139.959564209,
    "bpm_histogram_first_peak_bpm": 140,
    "bpm_histogram_first_peak_weight": 0.183098614216,
    "bpm_histogram_second_peak_bpm": 126,
    "bpm_histogram_second_peak_spread": 0.33333337307,
    "bpm_histogram_second_peak_weight": 0.0270270276815,
    "danceability": 1.1829059124,
    "onset_rate": 4.1220703125,
    "beats_loudness_band_ratio": {
        "max": [0.959492206573, 0.800386548042, 0.731781065464, 0.598546981812, 0.267548143864, 0.277135819197],
        "mean": [0.40962177515, 0.231880396605, 0.167793124914, 0.116163276136, 0.0587133653462, 0.0448332577944],
        "min": [0.0147851761431, 0.0036201919429, 0.0191705133766, 0.00379248498939, 0.00127127033193, 0.000401033903472],
        "stdev": [0.324603229761, 0.243327617645, 0.134045824409, 0.138083428144, 0.0667853951454, 0.0411847345531]
    },
