{
"metadata": {
    "version": {
        "essentia": "2.1-beta5",
        "essentia_git_sha": "Undefined",
        "extractor": "music 2.0"
    },
    "audio_properties": {
        "analysis": {
            "equal_loudness": 0,
            "length": 37.9878463745,
            "sample_rate": 44100,
            "start_time": 158.998641968,
            "downmix": "mix"
        },
        "bit_rate": 192000,
        "length": 197.00970459,
        "lossless": 0,
        "number_channels": 2,
        "replay_gain": -1.80854225159,
        "sample_rate": 48000,
        "codec": "mp3",
        "md5_encoded": "7a2b966aa5c6df137c4a4b2ecef8d934"
    },
    "tags": {
        "file_name": "San Marino_Who We Are_Jessika feat. Jenifer Brening.mp3",
        "encoding": ["Lavf58.29.100"]
    }
},
"lowlevel": {
    "average_loudness": 0.959073066711,
    "barkbands_crest": {
        "max": 24.7625656128,
        "mean": 10.7153806686,
        "min": 3.01377534866,
        "stdev": 4.12636137009
    },
    "barkbands_flatness_db": {
        "max": 0.354954272509,
        "mean": 0.138187810779,
        "min": 0.03073441796,
        "stdev": 0.0485086776316
    },
    "barkbands_kurtosis": {
        "max": 38.1033363342,
        "mean": 1.81810796261,
        "min": -1.84029817581,
        "stdev": 3.500218153
    },
    "barkbands_skewness": {
        "max": 5.618724823,
        "mean": 0.857725679874,
        "min": -1.84372675419,
        "stdev": 0.878838956356
    },
    "barkbands_spread": {
        "max": 101.817222595,
        "mean": 21.4160022736,
        "min": 2.24353098869,
        "stdev": 10.9621486664
    },
    "dissonance": {
        "max": 0.499999791384,
        "mean": 0.464344352484,
        "min": 0.277726948261,
        "stdev": 0.0298923812807
    },
    "dynamic_complexity": 1.54921853542,
    "erbbands_crest": {
        "max": 33.0491790771,
        "mean": 12.9954423904,
        "min": 2.35767102242,
        "stdev": 5.71089553833
    },
    "erbbands_flatness_db": {
        "max": 0.417456299067,
        "mean": 0.186677157879,
        "min": 0.0633817464113,
        "stdev": 0.0622159950435
    },
    "erbbands_kurtosis": {
        "max": 40.958820343,
        "mean": 2.92784810066,
        "min": -1.45630002022,
        "stdev": 4.2444319725
    },
    "erbbands_skewness": {
        "max": 4.79404783249,
        "mean": 1.05172765255,
        "min": -1.83438766003,
        "stdev": 0.888079285622
    },
    "erbbands_spread": {
        "max": 99.7092056274,
        "mean": 24.125377655,
        "min": 2.66178774834,
        "stdev": 13.497718811
    },
    "hfc": {
        "max": 127.951698303,
        "mean": 30.6613254547,
        "min": 1.31404268742,
        "stdev": 15.7111053467
    },
    "loudness_ebu128": {
        "integrated": -20.5593452454,
        "loudness_range": 2.5590057373,
        "momentary": {
            "max": -17.5519790649,
            "mean": -20.7891578674,
            "min": -26.4363746643,
            "stdev": 1.47193598747
        },
        "short_term": {
            "max": -18.3063526154,
            "mean": -20.6669788361,
            "min": -23.5347137451,
            "stdev": 0.968382537365
        }
    },
    "melbands_crest": {
        "max": 31.4901294708,
        "mean": 13.2015695572,
        "min": 4.82285833359,
        "stdev": 4.55992460251
    },
    "melbands_flatness_db": {
        "max": 0.320418894291,
        "mean": 0.177740857005,
        "min": 0.0663061290979,
        "stdev": 0.0365990549326
    },
    "melbands_kurtosis": {
        "max": 76.3829116821,
        "mean": 4.89600133896,
        "min": -1.34531056881,
        "stdev": 7.38988637924
    },
    "melbands_skewness": {
        "max": 6.91832399368,
        "mean": 1.42858016491,
        "min": -1.84209918976,
        "stdev": 1.16391026974
    },
    "melbands_spread": {
        "max": 80.4822540283,
        "mean": 26.420129776,
        "min": 2.5646572113,
        "stdev": 11.707816124
    },
    "pitch_salience": {
        "max": 0.898077964783,
        "mean": 0.5281291008,
        "min": 0.178339660168,
        "stdev": 0.111654244363
    },
    "silence_rate_20dB": {
        "max": 1,
        "mean": 1,
        "min": 1,
        "stdev": 0
    },
    "silence_rate_30dB": {
        "max": 1,
        "mean": 1,
        "min": 1,
        "stdev": 0
    },
    "silence_rate_60dB": {
        "max": 1,
        "mean": 0.00122174713761,
        "min": 0,
        "stdev": 0.034932885319
    },
    "spectral_centroid": {
        "max": 3266.74121094,
        "mean": 1430.5670166,
        "min": 395.626251221,
        "stdev": 375.305450439
    },
    "spectral_complexity": {
        "max": 50,
        "mean": 22.6114845276,
        "min": 3,
        "stdev": 7.00932502747
    },
    "spectral_decrease": {
        "max": -2.86680984507e-10,
        "mean": -8.32806179574e-09,
        "min": -2.05224548466e-08,
        "stdev": 3.47219386576e-09
    },
    "spectral_energy": {
        "max": 0.0824140161276,
        "mean": 0.0342131443322,
        "min": 0.00120118726045,
        "stdev": 0.0139653794467
    },
    "spectral_energyband_high": {
        "max": 0.0112034901977,
        "mean": 0.000906341592781,
        "min": 2.77029139397e-05,
        "stdev": 0.00100333441515
    },
    "spectral_energyband_low": {
        "max": 0.0481420494616,
        "mean": 0.00893210619688,
        "min": 3.75322990465e-08,
        "stdev": 0.00897560734302
    },
    "spectral_energyband_middle_high": {
        "max": 0.0575787313282,
        "mean": 0.0148585289717,
        "min": 0.000623080530204,
        "stdev": 0.00999775528908
    },
    "spectral_energyband_middle_low": {
        "max": 0.0603360719979,
        "mean": 0.0107185281813,
        "min": 7.56039371481e-05,
        "stdev": 0.00864540506154
    },
    "spectral_entropy": {
        "max": 8.70197486877,
        "mean": 7.66988563538,
        "min": 6.32902669907,
        "stdev": 0.312350928783
    },
    "spectral_flux": {
        "max": 0.227852031589,
        "mean": 0.103225052357,
        "min": 0.0297258999199,
        "stdev": 0.0366813950241
    },
    "spectral_kurtosis": {
        "max": 12.1033239365,
        "mean": 3.64526081085,
        "min": -0.91074180603,
        "stdev": 1.54836297035
    },
    "spectral_rms": {
        "max": 0.00896682310849,
        "mean": 0.00564213609323,
        "min": 0.0010825387435,
        "stdev": 0.00124296289869
    },
    "spectral_rolloff": {
        "max": 11498.7304688,
        "mean": 1410.74633789,
        "min": 236.865234375,
        "stdev": 1039.39526367
    },
    "spectral_skewness": {
        "max": 2.28952455521,
        "mean": 1.50275623798,
        "min": 0.497351676226,
        "stdev": 0.236979305744
    },
    "spectral_spread": {
        "max": 15128896,
        "mean": 4570951,
        "min": 2156107,
        "stdev": 1303852.625
    },
    "spectral_strongpeak": {
        "max": 9.50082111359,
        "mean": 2.08137059212,
        "min": 0,
        "stdev": 1.96615552902
    },
    "zerocrossingrate": {
        "max": 0.29833984375,
        "mean": 0.0621859133244,
        "min": 0.02197265625,
        "stdev": 0.0238763038069
    },
    "barkbands": {
        "max": [0.00217812368646, 0.0434535369277, 0.021651301533, 0.00819211360067, 0.0460387170315, 0.0136784501374, 0.0349004305899, 0.0396778658032, 0.0360827408731, 0.0463158451021, 0.0415711067617, 0.0361360795796, 0.0308930426836, 0.0161879789084, 0.0118534024805, 0.010750724934, 0.00692878989503, 0.00675242720172, 0.00292640086263, 0.00298151932657, 0.00273753260262, 0.00292760133743, 0.00273747136816, 0.00291351717897, 0.00629993947223, 0.00245025800541, 3.73650727852e-05],
        "mean": [0.000146689286339, 0.00695977220312, 0.00151692260988, 0.000532669073436, 0.0014268696541, 0.0011774225859, 0.00120421254542, 0.00168004503939, 0.00333716254681, 0.00489428173751, 0.00306143681519, 0.00326266954653, 0.00085071742069, 0.00101317325607, 0.000561110675335, 0.000534226652235, 0.000257896783296, 0.000426285492722, 0.000316521298373, 0.000291457079584, 0.000195901680854, 0.000146381367813, 0.000163057571626, 0.000115411174193, 0.000102690690255, 3.70216985175e-05, 1.15322734473e-06],
        "min": [1.70784364428e-09, 5.79996672911e-09, 4.28049418133e-09, 6.04292216266e-09, 1.35143608304e-07, 2.51326781608e-07, 1.24567338844e-06, 3.36494031217e-06, 7.64082233218e-06, 2.79222740573e-06, 8.26117411634e-06, 2.44230031967e-05, 6.85663690092e-06, 9.76150749921e-06, 5.18273373018e-06, 3.83887572752e-06, 1.75259788193e-06, 4.53506254416e-06, 1.04326190922e-05, 9.33662340685e-06, 2.20791298489e-06, 1.29446277697e-06, 2.23935398935e-06, 8.89897023626e-07, 1.403355121e-08, 1.02633457288e-10, 9.9350375149e-11],
        "stdev": [0.000197083703824, 0.00779406074435, 0.00242448528297, 0.000804412818979, 0.00238703028299, 0.00142179033719, 0.00278610386886, 0.00342077203095, 0.00541004957631, 0.00743387918919, 0.00531354453415, 0.00540776643902, 0.00196494255215, 0.00159403821453, 0.000998182804324, 0.00100311962888, 0.00054457935039, 0.000590490410104, 0.000276191858575, 0.00029249326326, 0.000212267870666, 0.000176577959792, 0.000190468839719, 0.000211167498492, 0.000394688686356, 0.000118051604659, 3.81954941986e-06]
    },
    "erbbands": {
        "max": [1.45758521557, 10.6448287964, 26.8443908691, 27.4664859772, 68.8789901733, 122.474899292, 391.334838867, 157.703094482, 279.51965332, 705.618164062, 1063.27636719, 941.187988281, 1228.8157959, 1173.60668945, 1697.35571289, 1520.18188477, 1710.64208984, 825.02520752, 746.852416992, 752.559265137, 711.31427002, 328.110809326, 389.256530762, 299.771850586, 140.58114624, 151.904846191, 99.5930175781, 96.8264389038, 121.799713135, 105.756126404, 63.8401222229, 71.6175231934, 63.27759552, 75.1781845093, 58.1931686401, 21.8420162201, 2.28239035606, 0.199289500713, 0.00689541455358, 0.000300277111819],
        "mean": [0.190560534596, 1.56877291203, 2.13225913048, 1.84277033806, 2.09515762329, 4.8388967514, 9.34435367584, 10.8958091736, 11.4191408157, 29.3452987671, 41.0388145447, 72.5954208374, 160.994018555, 112.232978821, 148.641326904, 97.563835144, 42.5964813232, 45.35962677, 42.9274787903, 28.9825325012, 28.7398967743, 16.1592674255, 23.5439414978, 18.7077693939, 13.8456192017, 13.8003816605, 9.79064083099, 6.40877580643, 5.37892246246, 5.25915050507, 4.54724550247, 2.876039505, 1.65319955349, 1.11630952358, 0.745036780834, 0.242620378733, 0.0532033368945, 0.00731188058853, 0.000225003619562, 4.99421475979e-05],
        "min": [2.96204802908e-07, 1.65146968811e-06, 5.54808912057e-06, 2.15008658415e-05, 6.95225608069e-05, 0.000400498218369, 0.00242993957363, 0.00347579433583, 0.0242408253253, 0.093782544136, 0.361128538847, 0.251517623663, 0.173466280103, 0.498534649611, 1.63572943211, 1.45846092701, 0.573892891407, 0.758334338665, 1.41710567474, 0.591815471649, 0.386119842529, 0.184117168188, 0.300194710493, 0.533745408058, 0.624354481697, 0.400525063276, 0.260431319475, 0.299096912146, 0.0856058374047, 0.0769515186548, 0.0888723656535, 0.0306807011366, 0.0110595738515, 0.00133086566348, 6.21655781288e-05, 1.34576539494e-05, 5.86269834457e-06, 1.86103352462e-06, 2.76499667962e-06, 2.56587668446e-06],
        "stdev": [0.230080917478, 1.81483626366, 3.0374019146, 2.53309035301, 3.54970216751, 7.33925962448, 18.560874939, 13.3921518326, 19.7119426727, 62.4839935303, 79.6292495728, 117.399810791, 220.940887451, 140.485290527, 209.734268188, 153.504364014, 97.752822876, 65.4407730103, 69.0593261719, 49.4819869995, 58.8604660034, 27.7960987091, 34.596118927, 18.7935791016, 11.5509881973, 13.6907396317, 9.95414638519, 7.46237134933, 7.07622480392, 6.01664829254, 5.42521047592, 5.17333221436, 3.12819671631, 3.52928686142, 3.35950994492, 1.01272666454, 0.137124016881, 0.0185241047293, 0.000572676013689, 2.99178973364e-05]
    },
    "gfcc": {
        "mean": [27.0744400024, 79.8392791748, -142.930786133, 21.4869422913, -69.7151412964, 29.4162864685, -23.9946174622, 17.0481319427, -21.7630500793, 2.02831602097, -8.77296543121, 3.12215852737, -4.34933185577],
        "cov": [[1593.30090332, 138.247146606, 1047.2244873, 293.594726562, 309.327484131, 68.2936630249, -125.912078857, 41.3058815002, -185.358947754, 124.674789429, -222.164886475, 211.127655029, -100.475097656], [138.247146606, 1127.64794922, 666.015197754, 566.789489746, 316.17868042, 84.7861404419, 183.716629028, -34.8250656128, 59.2924766541, -73.3702697754, 109.654159546, 52.3868942261, 103.15297699], [1047.2244873, 666.015197754, 1867.20922852, 725.08215332, 562.159240723, 218.065505981, -21.9082565308, 24.2472724915, -210.294204712, 179.62210083, -119.567993164, 309.687164307, -42.4911499023], [293.594726562, 566.789489746, 725.08215332, 574.15020752, 320.585144043, 111.619430542, 40.8463287354, -9.96169948578, -29.9837589264, 20.0347290039, 45.708732605, 92.0633468628, 54.804019928], [309.327484131, 316.17868042, 562.159240723, 320.585144043, 348.922607422, 103.106079102, 35.9361305237, 2.94265675545, -76.6806640625, 75.7056045532, 13.7424087524, 92.8338775635, -10.4531297684], [68.2936630249, 84.7861404419, 218.065505981, 111.619430542, 103.106079102, 193.217559814, 92.6596221924, -39.2236671448, -70.651008606, 15.7190999985, 57.4265518188, 37.3534011841, 22.9003658295], [-125.912078857, 183.716629028, -21.9082565308, 40.8463287354, 35.9361305237, 92.6596221924, 238.313339233, -4.26789522171, 12.8413028717, -62.2732696533, 57.6732597351, -22.4781494141, 42.0349273682], [41.3058815002, -34.8250656128, 24.2472724915, -9.96169948578, 2.94265675545, -39.2236671448, -4.26789522171, 119.839782715, 51.8672599792, 5.59115028381, -49.66639328, 1.11748194695, -11.633310318], [-185.358947754, 59.2924766541, -210.294204712, -29.9837589264, -76.6806640625, -70.651008606, 12.8413028717, 51.8672599792, 157.230484009, -36.7801628113, 5.45048189163, -53.0991096497, 15.1709365845], [124.674789429, -73.3702697754, 179.62210083, 20.0347290039, 75.7056045532, 15.7190999985, -62.2732696533, 5.59115028381, -36.7801628113, 146.962356567, 11.7222585678, 50.6932106018, -53.1977081299], [-222.164886475, 109.654159546, -119.567993164, 45.708732605, 13.7424087524, 57.4265518188, 57.6732597351, -49.66639328, 5.45048189163, 11.7222585678, 171.43019104, -19.0971813202, 29.0122413635], [211.127655029, 52.3868942261, 309.687164307, 92.0633468628, 92.8338775635, 37.3534011841, -22.4781494141, 1.11748194695, -53.0991096497, 50.6932106018, -19.0971813202, 128.914123535, 4.89653205872], [-100.475097656, 103.15297699, -42.4911499023, 54.804019928, -10.4531297684, 22.9003658295, 42.0349273682, -11.633310318, 15.1709365845, -53.1977081299, 29.0122413635, 4.89653205872, 107.696022034]],
        "icov": [[0.0013221175177, -0.000195735905436, -0.000219776804443, -0.00014943505812, -0.000113184876682, -0.000302794418531, 0.000382265803637, -0.000238972221268, 0.000795706408098, -5.38569765922e-05, 0.00140380579978, -0.000686708081048, 0.000803022878245], [-0.000195735905436, 0.00352984736674, -0.0015627151588, -0.000885319139343, -0.00157846766524, 0.0023335237056, -0.00172444037162, 0.00205754721537, -0.00300901802257, 0.00243609026074, -0.00261612189934, 0.000874836288858, -0.00119149312377], [-0.000219776804443, -0.0015627151588, 0.00367453997023, -0.00274175056256, 0.000690719520207, -0.00212407368235, 0.000286544527626, -0.00132540776394, 0.0025324637536, -0.00248477282003, 0.00357673410326, -0.00322064035572, 0.00199920404702], [-0.00014943505812, -0.000885319139343, -0.00274175056256, 0.00840024463832, -0.00420836405829, -0.000152212596731, 0.0019877019804, 0.000503526709508, -0.00258450838737, 0.00252001592889, -0.00318611646071, 0.00220965826884, -0.00337870768271], [-0.000113184876682, -0.00157846766524, 0.000690719520207, -0.00420836405829, 0.00984277110547, -0.0014772991417, -0.00121271621902, -0.00228602928109, 0.00387749937363, -0.00414030533284, 0.00152993865777, -0.00131693633739, 0.00237258849666], [-0.000302794418531, 0.0023335237056, -0.00212407368235, -0.000152212596731, -0.0014772991417, 0.0121080260724, -0.00480364728719, 0.00237152446061, 0.00115525734145, 0.000764296157286, -0.00451132422313, 0.00105758325662, -0.00248309131712], [0.000382265803637, -0.00172444037162, 0.000286544527626, 0.0019877019804, -0.00121271621902, -0.00480364728719, 0.00835357327014, -0.00214877980761, -1.43117913467e-05, 0.00286139477976, -0.000613193958998, 0.000482270465, 7.97215325292e-05], [-0.000238972221268, 0.00205754721537, -0.00132540776394, 0.000503526709508, -0.00228602928109, 0.00237152446061, -0.00214877980761, 0.0138297285885, -0.00707231787965, -7.34466011636e-05, 0.00184893212281, 0.00026870451984, -0.000916772754863], [0.000795706408098, -0.00300901802257, 0.0025324637536, -0.00258450838737, 0.00387749937363, 0.00115525734145, -1.43117913467e-05, -0.00707231787965, 0.0153338424861, -0.002810257487, 0.00221455213614, 0.000318784295814, 0.00115187000483], [-5.38569765922e-05, 0.00243609026074, -0.00248477282003, 0.00252001592889, -0.00414030533284, 0.000764296157286, 0.00286139477976, -7.34466011636e-05, -0.002810257487, 0.0159978922457, -0.00683748628944, -0.0020820973441, 0.00389937753789], [0.00140380579978, -0.00261612189934, 0.00357673410326, -0.00318611646071, 0.00152993865777, -0.00451132422313, -0.000613193958998, 0.00184893212281, 0.00221455213614, -0.00683748628944, 0.0148779060692, -0.00169495504815, 0.000774502113927], [-0.000686708081048, 0.000874836288858, -0.00322064035572, 0.00220965826884, -0.00131693633739, 0.00105758325662, 0.000482270465, 0.00026870451984, 0.000318784295814, -0.0020820973441, -0.00169495504815, 0.0163259338588, -0.00574471009895], [0.000803022878245, -0.00119149312377, 0.00199920404702, -0.00337870768271, 0.00237258849666, -0.00248309131712, 7.97215325292e-05, -0.000916772754863, 0.00115187000483, 0.00389937753789, 0.000774502113927, -0.00574471009895, 0.0161285046488]]
    },
    "melbands": {
        "max": [0.0126957930624, 0.0125440554693, 0.00457314262167, 0.00531962094828, 0.0137057276443, 0.00317017082125, 0.00480069266632, 0.00692807883024, 0.00772302877158, 0.00648054853082, 0.00669312197715, 0.00539700035006, 0.00616217777133, 0.00478402618319, 0.00322250393219, 0.00320930615999, 0.00188089860603, 0.00121348595712, 0.000672970665619, 0.000982129364274, 0.000917693483643, 0.000484279124066, 0.000258739019046, 0.000272344012046, 0.000250325654633, 0.000188819059986, 0.000175884415512, 0.000140830714372, 6.08201589785e-05, 9.64219143498e-05, 5.62056848139e-05, 6.51324153296e-05, 6.21639192104e-05, 6.40992657281e-05, 3.79548364435e-05, 4.44255420007e-05, 4.53547945654e-05, 2.65331455012e-05, 8.12288999441e-05, 7.42573247408e-05],
        "mean": [0.00186968350317, 0.00142985093407, 0.000320786843076, 0.000232728285482, 0.000326299021253, 0.00023354755831, 0.000193182990188, 0.000339302991051, 0.000331460585585, 0.000487652228912, 0.000832777004689, 0.000478756934172, 0.000479824200738, 0.000409251137171, 0.000122677112813, 8.88387512532e-05, 8.50895157782e-05, 7.92587088654e-05, 3.8964983105e-05, 3.67084794561e-05, 3.23435924656e-05, 1.5955136405e-05, 1.81939758477e-05, 2.02754254133e-05, 1.48092076415e-05, 1.11959689093e-05, 9.75166221906e-06, 8.86236011866e-06, 6.79191134623e-06, 4.25467305831e-06, 3.41420172845e-06, 2.97088490697e-06, 2.91624314741e-06, 2.96888219964e-06, 2.78648985841e-06, 2.03054059966e-06, 1.65241669947e-06, 1.16454623367e-06, 1.01286980225e-06, 9.07079311219e-07],
        "min": [2.06175809758e-09, 2.20469575929e-09, 4.13700806945e-09, 1.44193039731e-08, 7.4458981203e-08, 6.03119474363e-08, 4.93226991694e-07, 4.33905654518e-07, 9.04340765828e-07, 1.02064097973e-06, 3.16436825187e-07, 9.89196450973e-07, 3.57134194928e-06, 2.49315598921e-06, 5.93761967593e-07, 5.97863106577e-07, 7.0108478667e-07, 1.88488013464e-06, 4.88890805173e-07, 7.83331302046e-07, 2.57965126593e-07, 1.30382716179e-07, 2.66468333621e-07, 1.86787929124e-07, 3.69009484302e-07, 3.32466555619e-07, 2.25054691327e-07, 2.83904910248e-07, 1.58949490014e-07, 2.56720262826e-08, 1.44842449146e-08, 3.17066692901e-08, 2.34319319503e-08, 8.45193692811e-09, 3.38246231024e-08, 2.67292499245e-08, 1.46165932691e-08, 8.88355433659e-09, 2.55562415674e-09, 1.49201512256e-10],
        "stdev": [0.00213132053614, 0.00166156003252, 0.000441187992692, 0.000323721644236, 0.000640131591354, 0.00028130740975, 0.000359392375685, 0.000651692796964, 0.000646696251351, 0.000812792219222, 0.00116547034122, 0.000624424428679, 0.000744356308132, 0.000690279179253, 0.00025179743534, 0.000204275856959, 0.000135479625897, 0.000137527589686, 6.38938290649e-05, 6.3621395384e-05, 7.80420596129e-05, 3.35006770911e-05, 3.12735028274e-05, 2.85803362203e-05, 1.6585123376e-05, 1.01187761175e-05, 1.10056389531e-05, 9.62181456998e-06, 7.36929860068e-06, 5.63989215152e-06, 4.38885444964e-06, 4.2696951823e-06, 3.50403274751e-06, 3.62729792869e-06, 3.28962232743e-06, 3.06052697852e-06, 3.29513818542e-06, 1.98114730665e-06, 2.97126325677e-06, 3.20087110595e-06]
    },
    "melbands128": {
        "max": [0.00162561179604, 0.0104157766327, 0.0214282944798, 0.0208920892328, 0.0169242657721, 0.0090245809406, 0.00632492173463, 0.00391812762246, 0.00801606569439, 0.00676979217678, 0.00486462889239, 0.0217572581023, 0.0174649618566, 0.00463295727968, 0.00502367969602, 0.00441509764642, 0.00446000788361, 0.00660099927336, 0.0117834387347, 0.0114831971005, 0.0117484685034, 0.01259431988, 0.0106035145, 0.00755777629092, 0.00767185771838, 0.0135325780138, 0.0136310756207, 0.00962166208774, 0.0156859271228, 0.0113982362673, 0.0092960363254, 0.0100588286296, 0.011701900512, 0.00966735370457, 0.0119100995362, 0.00848911702633, 0.00932396110147, 0.00547253992409, 0.00316307623871, 0.00920878630131, 0.00198177713901, 0.00314063183032, 0.0026521787513, 0.00344879087061, 0.00354496436194, 0.00273000821471, 0.00207905215211, 0.000825377122965, 0.00188713683747, 0.00206143571995, 0.00138296303339, 0.00131530931685, 0.00188075646292, 0.00150355079677, 0.00116912357043, 0.000830689212307, 0.000666147330776, 0.000546073832083, 0.000576379185077, 0.000919238780625, 0.000510782003403, 0.000845468952321, 0.000466478173621, 0.000340265396517, 0.000305762980133, 0.000435090594692, 0.000130920321681, 0.000289880757919, 0.000332354393322, 0.000200669557671, 0.000131531152874, 0.000295156205539, 0.00013441433839, 8.3757469838e-05, 0.000149491155753, 0.000106674924609, 0.00017073082563, 8.72386153787e-05, 0.000126072598505, 6.06026478636e-05, 6.79674631101e-05, 0.000115603717859, 9.90705084405e-05, 5.89955525356e-05, 4.7522924433e-05, 7.42820120649e-05, 6.85571940267e-05, 8.04195515229e-05, 3.74882765755e-05, 4.64662516606e-05, 4.60409137304e-05, 4.73690597573e-05, 6.78820651956e-05, 4.70063569082e-05, 5.27140291524e-05, 4.14686219301e-05, 2.98809482047e-05, 7.42873744457e-05, 0.000112962312414, 7.19761228538e-05, 6.41393562546e-05, 9.19822705328e-05, 7.07650688128e-05, 8.1011086877e-05, 8.8075765234e-05, 0.00010885552183, 8.2583312178e-05, 3.76065399905e-05, 5.46946794202e-05, 2.37190415646e-05, 1.33260691655e-05, 6.19346201347e-06, 8.41898963699e-06, 8.67105245561e-06, 3.7417760268e-06, 2.57310375673e-06, 1.3523006146e-06, 4.04484524097e-07, 3.3121111187e-07, 2.54775869735e-07, 8.85539748197e-08, 1.04284787028e-07, 8.87242777026e-08, 4.28984385792e-08, 4.21819734697e-08, 4.1712755916e-08, 4.13315746073e-08, 4.11013125756e-08],
        "mean": [0.000132543413201, 0.0012807729654, 0.00287986779585, 0.00250988965854, 0.00135019421577, 0.000666319858283, 0.000378643890144, 0.000233650585869, 0.000197274173843, 0.000196436463739, 0.000259443680989, 0.000401260738727, 0.000349228881532, 0.000218066124944, 0.000280089792795, 0.000213200139115, 0.000156379479449, 0.000146615493577, 0.000277801911579, 0.000361022539437, 0.000344704341842, 0.000389842840377, 0.000305277964799, 0.000308225047775, 0.0003897655115, 0.000621248735115, 0.000581933592912, 0.000867880124133, 0.00118603301235, 0.000350399583112, 0.00031151753501, 0.000475567969261, 0.000475926848594, 0.00042743558879, 0.000692836358212, 0.000289073243039, 0.000184256437933, 0.000135395093821, 6.02216714469e-05, 9.12348841666e-05, 9.81009725365e-05, 8.60280415509e-05, 6.77210118738e-05, 8.66685004439e-05, 0.0001286957704, 6.99664087733e-05, 3.86845313187e-05, 3.58519901056e-05, 4.16547773057e-05, 3.80945239158e-05, 3.57232784154e-05, 3.23793756252e-05, 4.54771507066e-05, 2.52622176049e-05, 1.87958721654e-05, 1.67998023244e-05, 1.21390521599e-05, 1.10125656647e-05, 2.38497250393e-05, 2.60474553215e-05, 2.13245148188e-05, 1.51392623593e-05, 1.24248053908e-05, 1.56096139108e-05, 1.76639932761e-05, 1.02221592897e-05, 7.90439298726e-06, 9.088978004e-06, 1.03672837213e-05, 1.05984272523e-05, 9.23195239011e-06, 7.85205156717e-06, 7.27904034648e-06, 7.37592336009e-06, 5.11604230269e-06, 3.96929499402e-06, 4.09469475926e-06, 4.00393491873e-06, 3.40274254995e-06, 2.68797020908e-06, 2.91956666842e-06, 3.22502182826e-06, 2.8328438475e-06, 3.04786453853e-06, 2.72787065114e-06, 2.97216161016e-06, 2.99049725072e-06, 2.9793086469e-06, 2.94532605949e-06, 2.58505428974e-06, 2.13496218748e-06, 1.84208113296e-06, 1.89810884876e-06, 1.67761777448e-06, 1.56156636422e-06, 1.21989273794e-06, 1.06809261524e-06, 1.07359642243e-06, 1.03504191884e-06, 9.57920292421e-07, 9.67496930571e-07, 8.69728694397e-07, 8.67060691689e-07, 9.46420300352e-07, 9.41218047501e-07, 8.03761906809e-07, 6.7262800485e-07, 5.18877641298e-07, 4.11936184719e-07, 2.67046345925e-07, 1.92771594243e-07, 1.79602480443e-07, 1.58098501402e-07, 1.42785893331e-07, 1.10409899889e-07, 8.22817654011e-08, 3.64050833923e-08, 6.41264863432e-09, 2.47938003461e-09, 2.05154915278e-09, 1.03782127336e-09, 1.30015043176e-09, 1.00945396486e-09, 5.54941197162e-11, 3.04170334753e-11, 2.98068063287e-11, 2.93913157701e-11, 2.92066024143e-11],
        "min": [1.74866284647e-11, 1.31094324285e-09, 1.68728953032e-09, 1.06972675162e-09, 2.60004595631e-09, 1.53692869542e-09, 1.89825044572e-09, 1.61586366509e-09, 3.03094105369e-09, 1.15152296587e-08, 1.12673639308e-08, 2.38899495741e-08, 3.10416581328e-08, 4.10031049114e-08, 1.00338581888e-08, 3.61814898042e-08, 1.94891228489e-07, 9.70820934754e-08, 1.97218696485e-07, 2.42552602003e-07, 3.70454898757e-07, 8.00850784799e-07, 6.65260984078e-07, 3.21697569916e-07, 2.49424829235e-07, 2.40253740458e-07, 1.08711539326e-07, 1.03657342265e-07, 2.03186715453e-07, 3.0447648669e-07, 2.7580489359e-07, 6.61895228404e-07, 3.2473644751e-07, 7.2589790534e-07, 9.30510225317e-07, 6.46683417926e-07, 8.36590601239e-08, 1.93062192011e-07, 2.19823519387e-07, 4.15288326394e-07, 2.35454123754e-07, 3.26571694131e-07, 2.1114773574e-07, 1.0228747982e-07, 8.94729907941e-07, 4.42654595645e-07, 1.13326215967e-07, 1.83569781598e-07, 9.57969703563e-08, 2.27222756166e-07, 5.5731870674e-08, 1.18996155152e-07, 4.45922339054e-08, 9.21074274629e-08, 2.8149981901e-08, 2.52267700063e-08, 5.63844437806e-09, 1.46090224362e-08, 1.49089828483e-07, 1.0676681228e-07, 7.21940907056e-08, 3.8488575882e-08, 8.98820644579e-08, 2.10201477557e-07, 1.02073123287e-07, 3.81906239966e-08, 5.47238485638e-08, 3.73919419872e-08, 9.41210416272e-08, 4.98787926517e-08, 7.15439867349e-08, 5.62016300165e-09, 1.95891303179e-08, 7.68093144643e-08, 3.51470923476e-08, 1.34126854068e-09, 9.15172493343e-10, 4.71672345626e-09, 1.00420660676e-09, 4.92365792581e-09, 2.59383394763e-08, 1.59331268179e-08, 7.56540874391e-09, 5.58662271999e-09, 7.16436743264e-10, 5.02466201979e-09, 1.70614999906e-09, 3.43259864977e-09, 1.11323905649e-09, 1.49037813202e-08, 1.13764180298e-08, 1.03223900538e-08, 1.06277493472e-08, 2.1014365803e-09, 5.57319124184e-09, 1.00057819807e-08, 2.8474653746e-09, 7.22468307401e-10, 2.45247683273e-10, 5.40406497329e-10, 1.28664162657e-10, 2.62391774974e-11, 1.71177794162e-11, 3.40842306636e-12, 1.06673719337e-12, 2.2421424526e-12, 5.87330585642e-13, 5.57643937537e-13, 3.88405887314e-13, 5.33385401819e-13, 4.08295874324e-13, 3.38656078007e-13, 4.33154271999e-13, 2.89865543677e-13, 4.06979219205e-13, 4.10144195082e-13, 3.54989719261e-13, 3.27787818589e-13, 3.8815194006e-13, 3.57775603848e-13, 3.42681503833e-13, 3.61604816186e-13, 3.11806488832e-13, 2.64711158809e-13, 1.81683295253e-13, 5.92635749502e-14, 1.23360167432e-14, 6.31990975462e-16],
        "stdev": [0.000177061272552, 0.00168233795557, 0.00358360516839, 0.00307109742425, 0.00198486098088, 0.00105317495763, 0.000552943209186, 0.000387723848689, 0.000392652757, 0.000331389572239, 0.00039800661034, 0.000990023836493, 0.000815647246782, 0.000366243504686, 0.000411679968238, 0.000303286884446, 0.00033047326724, 0.000381814548746, 0.000844586000312, 0.00102706055623, 0.000805183779448, 0.000948826142121, 0.000808859360404, 0.000682983663864, 0.00082656473387, 0.00122909038328, 0.00119521573652, 0.00152366212569, 0.00222264160402, 0.000726618687622, 0.000782002578489, 0.00106514524668, 0.00121006404515, 0.000883878325112, 0.00155541952699, 0.000724304409232, 0.000560269108973, 0.000333432108164, 0.000189681552001, 0.000467305770144, 0.000210001991945, 0.000204672280233, 0.000171998617589, 0.000207746386877, 0.000291554082651, 0.000186614008271, 0.000115650618682, 7.29923922336e-05, 0.000109820939542, 0.000113848502224, 7.46503646951e-05, 8.06734387879e-05, 0.000148277860717, 8.77411584952e-05, 6.10835777479e-05, 4.02371333621e-05, 3.59424666385e-05, 2.85202550003e-05, 5.56571721972e-05, 6.15329190623e-05, 4.08235973737e-05, 3.59794430551e-05, 2.39790933847e-05, 2.31893627642e-05, 2.21092268475e-05, 1.69299164554e-05, 1.01939749584e-05, 1.4785518033e-05, 1.69363956957e-05, 1.67435791809e-05, 1.42083217725e-05, 1.31802144097e-05, 1.20831336972e-05, 9.83577047009e-06, 9.39388428378e-06, 7.59159365771e-06, 7.10301901563e-06, 6.62316642774e-06, 6.26615110377e-06, 3.89884689866e-06, 4.60136243419e-06, 6.27200233794e-06, 4.45709247288e-06, 4.0942331907e-06, 3.40242672792e-06, 4.27856275564e-06, 4.17973160438e-06, 4.48970104117e-06, 3.61638308277e-06, 3.56188684236e-06, 3.27800739797e-06, 3.06251854454e-06, 4.64639424536e-06, 3.34765604748e-06, 3.35464983436e-06, 2.29346960623e-06, 1.73598311903e-06, 2.5678775728e-06, 3.6676108266e-06, 3.21508559864e-06, 2.92877325592e-06, 3.41847339769e-06, 3.78722006644e-06, 4.51324604001e-06, 4.51438927485e-06, 4.49993194707e-06, 3.49287984136e-06, 2.19660159928e-06, 1.94944459508e-06, 9.53511175794e-07, 6.55631765767e-07, 4.5889171929e-07, 3.99515926119e-07, 4.08311223055e-07, 2.92031074878e-07, 2.1979845144e-07, 1.26722483174e-07, 2.99849709506e-08, 1.63955942156e-08, 1.41104683493e-08, 6.62066002022e-09, 8.11049272187e-09, 6.60989218915e-09, 1.10721731783e-09, 1.0421433716e-09, 1.03055963763e-09, 1.02114749989e-09, 1.01545993836e-09]
    },
    "mfcc": {
        "mean": [-606.26361084, 107.002357483, -13.6555042267, 0.734855353832, -13.1712627411, 5.48347616196, 7.96644544601, 13.2865352631, 0.36795976758, 8.19172859192, -1.55200004578, -2.20929765701, 2.65374875069],
        "cov": [[1104.49511719, 62.7134933472, 285.073822021, 147.489486694, 158.649368286, 54.2259902954, -25.6932945251, 10.8327608109, 48.2178573608, -47.6170959473, -46.0282936096, -70.0406112671, -34.2407264709], [62.7134933472, 694.630432129, 477.054260254, 444.154846191, 235.373657227, 191.677536011, 132.873657227, 129.191467285, 22.8577098846, 35.2449607849, -4.33214569092, -66.0404663086, 34.2290878296], [285.073822021, 477.054260254, 1076.12731934, 587.124572754, 469.264770508, 328.091278076, 210.800033569, 74.1490020752, 41.3913459778, -46.3342628479, -60.5233573914, -55.2982063293, 82.2191925049], [147.489486694, 444.154846191, 587.124572754, 591.18939209, 371.707336426, 194.224441528, 134.348526001, 71.8224258423, 38.6962165833, 7.13663339615, -38.5644493103, -9.638007164, 62.6873664856], [158.649368286, 235.373657227, 469.264770508, 371.707336426, 392.161254883, 155.792984009, 107.27797699, -5.05068349838, 6.42615175247, -25.1198806763, -23.912279129, 21.1334209442, 69.8062973022], [54.2259902954, 191.677536011, 328.091278076, 194.224441528, 155.792984009, 270.492767334, 187.524871826, 34.4031143188, -24.7807693481, -21.8598766327, -19.7892742157, -26.8119106293, 39.9061508179], [-25.6932945251, 132.873657227, 210.800033569, 134.348526001, 107.27797699, 187.524871826, 277.552886963, 36.2015838623, -28.4673576355, 0.0870370641351, -19.562417984, 0.0661958530545, 50.3332710266], [10.8327608109, 129.191467285, 74.1490020752, 71.8224258423, -5.05068349838, 34.4031143188, 36.2015838623, 156.78302002, 49.2271537781, 36.7396507263, -11.139922142, -55.2127571106, -9.07858943939], [48.2178573608, 22.8577098846, 41.3913459778, 38.6962165833, 6.42615175247, -24.7807693481, -28.4673576355, 49.2271537781, 113.343025208, 24.0362186432, -13.9946994781, -21.2461013794, -23.9248504639], [-47.6170959473, 35.2449607849, -46.3342628479, 7.13663339615, -25.1198806763, -21.8598766327, 0.0870370641351, 36.7396507263, 24.0362186432, 85.8416900635, 20.7496318817, 4.87990045547, -12.6081438065], [-46.0282936096, -4.33214569092, -60.5233573914, -38.5644493103, -23.912279129, -19.7892742157, -19.562417984, -11.139922142, -13.9946994781, 20.7496318817, 102.038124084, 40.0304336548, -1.08643686771], [-70.0406112671, -66.0404663086, -55.2982063293, -9.638007164, 21.1334209442, -26.8119106293, 0.0661958530545, -55.2127571106, -21.2461013794, 4.87990045547, 40.0304336548, 108.994224548, 34.1753120422], [-34.2407264709, 34.2290878296, 82.2191925049, 62.6873664856, 69.8062973022, 39.9061508179, 50.3332710266, -9.07858943939, -23.9248504639, -12.6081438065, -1.08643686771, 34.1753120422, 83.2157058716]],
        "icov": [[0.00110112107359, 0.000158765833476, -0.000183508294867, -6.33865238342e-06, -0.000484752730699, -5.97666530666e-06, 0.000222228700295, 1.77677102329e-05, -0.00020909383602, 0.000415266869823, -3.17448325404e-06, 0.000557445164304, 0.000624714244623], [0.000158765833476, 0.0036704451777, -0.000261641253019, -0.00267892167903, 0.000505234173033, -0.00040506492951, -5.18482283951e-06, -0.00102984695695, 0.000862798769958, -0.000880165549461, -0.00154189637396, 0.00209657498635, -0.000273109471891], [-0.000183508294867, -0.000261641253019, 0.00310624041595, -0.00118729006499, -0.00160265574232, -0.00159688515123, 1.56378773681e-05, 2.73087698588e-05, -0.00103728845716, 0.00107097730506, -0.000198883382836, 0.00115327595267, -0.000651006470434], [-6.33865238342e-06, -0.00267892167903, -0.00118729006499, 0.0078350007534, -0.00429080380127, -0.000182403877261, 0.000328304682625, -0.00111537752673, -0.00079988775542, -0.00112056278158, 0.00205098558217, -0.00226628873497, 0.000294534838758], [-0.000484752730699, 0.000505234173033, -0.00160265574232, -0.00429080380127, 0.00918849930167, -0.000534949591383, -0.000100442804978, 0.00211782869883, -0.000277597195236, 0.000529604963958, -0.00013514397142, -0.00138127594255, -0.0021850920748], [-5.97666530666e-06, -0.00040506492951, -0.00159688515123, -0.000182403877261, -0.000534949591383, 0.0103834467009, -0.00525747798383, -0.000178719346877, 0.00179117242806, 0.00158218643628, -0.00104083365295, 0.0020242864266, 0.000418946612626], [0.000222228700295, -5.18482283951e-06, 1.56378773681e-05, 0.000328304682625, -0.000100442804978, -0.00525747798383, 0.0077346637845, -0.00129503116477, 0.00103018106893, -0.00154119753279, 0.00157433992717, -0.00154392549302, -0.00166603678372], [1.77677102329e-05, -0.00102984695695, 2.73087698588e-05, -0.00111537752673, 0.00211782869883, -0.000178719346877, -0.00129503116477, 0.0117494845763, -0.00392582267523, -0.00320745352656, -0.00088272645371, 0.00517165707424, -0.00213165022433], [-0.00020909383602, 0.000862798769958, -0.00103728845716, -0.00079988775542, -0.000277597195236, 0.00179117242806, 0.00103018106893, -0.00392582267523, 0.0130328200758, -0.00245495210402, 0.0016538297059, -0.00065602135146, 0.00317504792474], [0.000415266869823, -0.000880165549461, 0.00107097730506, -0.00112056278158, 0.000529604963958, 0.00158218643628, -0.00154119753279, -0.00320745352656, -0.00245495210402, 0.0166552551091, -0.00271876924671, -0.00212270743214, 0.00235208100639], [-3.17448325404e-06, -0.00154189637396, -0.000198883382836, 0.00205098558217, -0.00013514397142, -0.00104083365295, 0.00157433992717, -0.00088272645371, 0.0016538297059, -0.00271876924671, 0.0138080660254, -0.00674486905336, 0.00186218111776], [0.000557445164304, 0.00209657498635, 0.00115327595267, -0.00226628873497, -0.00138127594255, 0.0020242864266, -0.00154392549302, 0.00517165707424, -0.00065602135146, -0.00212270743214, -0.00674486905336, 0.0191663932055, -0.00684884889051], [0.000624714244623, -0.000273109471891, -0.000651006470434, 0.000294534838758, -0.0021850920748, 0.000418946612626, -0.00166603678372, -0.00213165022433, 0.00317504792474, 0.00235208100639, 0.00186218111776, -0.00684884889051, 0.0193211417645]]
    },
    "spectral_contrast_coeffs": {
        "max": [-0.322574943304, -0.478118121624, -0.465225160122, -0.549061775208, -0.593705534935, -0.625469386578],
        "mean": [-0.768736362457, -0.749682128429, -0.694867610931, -0.785497128963, -0.782875776291, -0.758098006248],
        "min": [-0.891642868519, -0.900300323963, -0.882682323456, -0.893081903458, -0.867182731628, -0.852797746658],
        "stdev": [0.0585513710976, 0.0697310343385, 0.0742902904749, 0.0491108521819, 0.0387808866799, 0.0345231480896]
    },
    "spectral_contrast_valleys": {
        "max": [-5.23003482819, -4.83767557144, -5.08745908737, -5.84148359299, -5.84062719345, -7.66959524155],
        "mean": [-6.86365652084, -6.46924877167, -6.60501098633, -7.1382894516, -7.25033950806, -9.81634998322],
        "min": [-11.9106855392, -8.71356582642, -8.55433750153, -8.77241039276, -9.06544971466, -12.4146366119],
        "stdev": [1.29508125782, 0.479262024164, 0.560944378376, 0.50320404768, 0.437923103571, 0.662292063236]
    }
},
"rhythm": {
    "beats_count": 78,
    "beats_loudness": {
        "max": 0.0740066245198,
        "mean": 0.0429439991713,
        "min": 0.0073056621477,
        "stdev": 0.0153760192916
    },
    "bpm": 126.659965515,
    "bpm_histogram_first_peak_bpm": 126,
    "bpm_histogram_first_peak_weight": 0.46875,
    "bpm_histogram_second_peak_bpm": 115,
    "bpm_histogram_second_peak_spread": 0.538461565971,
    "bpm_histogram_second_peak_weight": 0.0779220759869,
    "danceability": 1.08187198639,
    "onset_rate": 2.86846232414,
    "beats_loudness_band_ratio": {
        "max": [0.831207871437, 0.292869627476, 0.861654043198, 0.887261748314, 0.59080684185, 0.215569093823],
        "mean": [0.385298788548, 0.0520618520677, 0.180157586932, 0.298801630735, 0.0778810977936, 0.0398028902709],
        "min": [1.05126300696e-05, 4.93909028592e-05, 0.00960667151958, 0.0126199163496, 0.00457737594843, 0.00605710502714],
        "stdev": [0.237546935678, 0.0493700355291, 0.173127576709, 0.191775262356, 0.107793167233, 0.0342538133264]
    },
