{
"metadata": {
    "version": {
        "essentia": "2.1-beta5",
        "essentia_git_sha": "Undefined",
        "extractor": "music 2.0"
    },
    "audio_properties": {
        "analysis": {
            "equal_loudness": 0,
            "length": 32.4963264465,
            "sample_rate": 44100,
            "start_time": 12.7477550507,
            "downmix": "mix"
        },
        "bit_rate": 192000,
        "length": 196.522109985,
        "lossless": 0,
        "number_channels": 2,
        "replay_gain": 2.89173316956,
        "sample_rate": 48000,
        "codec": "mp3",
        "md5_encoded": "f832b57f586439f21b4848b73def0d60"
    },
    "tags": {
        "file_name": "Cyprus_Fuego_Eleni Foureira.mp3",
        "encoding": ["Lavf58.29.100"]
    }
},
"lowlevel": {
    "average_loudness": 0.775619566441,
    "barkbands_crest": {
        "max": 25.9156932831,
        "mean": 12.3658418655,
        "min": 3.13321590424,
        "stdev": 5.34264659882
    },
    "barkbands_flatness_db": {
        "max": 0.513563990593,
        "mean": 0.200089097023,
        "min": 0.0320876277983,
        "stdev": 0.0847559869289
    },
    "barkbands_kurtosis": {
        "max": 130.63659668,
        "mean": 7.92860507965,
        "min": -1.92943012714,
        "stdev": 15.4585914612
    },
    "barkbands_skewness": {
        "max": 10.648607254,
        "mean": 1.61480116844,
        "min": -2.17500209808,
        "stdev": 1.7222032547
    },
    "barkbands_spread": {
        "max": 109.933944702,
        "mean": 18.5326595306,
        "min": 0.403365969658,
        "stdev": 17.9700298309
    },
    "dissonance": {
        "max": 0.499977111816,
        "mean": 0.446235120296,
        "min": 0.245215952396,
        "stdev": 0.0485138781369
    },
    "dynamic_complexity": 3.80384588242,
    "erbbands_crest": {
        "max": 30.0509700775,
        "mean": 11.899389267,
        "min": 2.92473340034,
        "stdev": 5.62361431122
    },
    "erbbands_flatness_db": {
        "max": 0.462894231081,
        "mean": 0.221630245447,
        "min": 0.0621841922402,
        "stdev": 0.0724220201373
    },
    "erbbands_kurtosis": {
        "max": 52.7686691284,
        "mean": 2.80904173851,
        "min": -1.79396831989,
        "stdev": 5.59702968597
    },
    "erbbands_skewness": {
        "max": 6.86239051819,
        "mean": 0.848583757877,
        "min": -4.03522205353,
        "stdev": 1.24555432796
    },
    "erbbands_spread": {
        "max": 121.019851685,
        "mean": 29.3434181213,
        "min": 2.68152976036,
        "stdev": 21.6191177368
    },
    "hfc": {
        "max": 94.442276001,
        "mean": 17.07122612,
        "min": 0.330547094345,
        "stdev": 16.2466335297
    },
    "loudness_ebu128": {
        "integrated": -27.2635173798,
        "loudness_range": 7.55815505981,
        "momentary": {
            "max": -22.9427433014,
            "mean": -28.4143047333,
            "min": -36.5204696655,
            "stdev": 3.48712110519
        },
        "short_term": {
            "max": -24.2579727173,
            "mean": -27.8812084198,
            "min": -35.1489868164,
            "stdev": 2.56165528297
        }
    },
    "melbands_crest": {
        "max": 33.7123908997,
        "mean": 15.497262001,
        "min": 3.94153118134,
        "stdev": 6.26886129379
    },
    "melbands_flatness_db": {
        "max": 0.612989008427,
        "mean": 0.244572460651,
        "min": 0.0335110910237,
        "stdev": 0.103112272918
    },
    "melbands_kurtosis": {
        "max": 303.918884277,
        "mean": 16.5577774048,
        "min": -1.85577476025,
        "stdev": 29.8938598633
    },
    "melbands_skewness": {
        "max": 15.0253171921,
        "mean": 2.34600448608,
        "min": -1.24550497532,
        "stdev": 2.12946152687
    },
    "melbands_spread": {
        "max": 202.264511108,
        "mean": 22.4813270569,
        "min": 0.677959322929,
        "stdev": 25.6672477722
    },
    "pitch_salience": {
        "max": 0.818413853645,
        "mean": 0.525683999062,
        "min": 0.0717040300369,
        "stdev": 0.143041461706
    },
    "silence_rate_20dB": {
        "max": 1,
        "mean": 1,
        "min": 1,
        "stdev": 0
    },
    "silence_rate_30dB": {
        "max": 1,
        "mean": 0.988579571247,
        "min": 0,
        "stdev": 0.106254465878
    },
    "silence_rate_60dB": {
        "max": 1,
        "mean": 0.0949321910739,
        "min": 0,
        "stdev": 0.293118864298
    },
    "spectral_centroid": {
        "max": 4725.89892578,
        "mean": 1203.39379883,
        "min": 263.58895874,
        "stdev": 786.532409668
    },
    "spectral_complexity": {
        "max": 41,
        "mean": 12.5574588776,
        "min": 1,
        "stdev": 6.4608631134
    },
    "spectral_decrease": {
        "max": -1.46813602941e-10,
        "mean": -6.56724097325e-09,
        "min": -4.68986840474e-08,
        "stdev": 6.49222053895e-09
    },
    "spectral_energy": {
        "max": 0.178477391601,
        "mean": 0.026334695518,
        "min": 0.000584089371841,
        "stdev": 0.0252837017179
    },
    "spectral_energyband_high": {
        "max": 0.0101807508618,
        "mean": 0.000647806096822,
        "min": 3.21166782058e-09,
        "stdev": 0.00144994189031
    },
    "spectral_energyband_low": {
        "max": 0.174496740103,
        "mean": 0.00687450449914,
        "min": 4.52593752698e-07,
        "stdev": 0.0166167896241
    },
    "spectral_energyband_middle_high": {
        "max": 0.0711583867669,
        "mean": 0.00505511509255,
        "min": 2.42393343797e-05,
        "stdev": 0.00882402155548
    },
    "spectral_energyband_middle_low": {
        "max": 0.091832280159,
        "mean": 0.0140772853047,
        "min": 0.000150210529682,
        "stdev": 0.016955755651
    },
    "spectral_entropy": {
        "max": 8.73930835724,
        "mean": 7.24725484848,
        "min": 4.56271314621,
        "stdev": 0.706413507462
    },
    "spectral_flux": {
        "max": 0.367199361324,
        "mean": 0.0790688171983,
        "min": 0.00938316620886,
        "stdev": 0.0534757487476
    },
    "spectral_kurtosis": {
        "max": 174.027938843,
        "mean": 7.67892122269,
        "min": -1.08123350143,
        "stdev": 14.0048761368
    },
    "spectral_rms": {
        "max": 0.0131956161931,
        "mean": 0.00453205825761,
        "min": 0.000754879671149,
        "stdev": 0.00226998282596
    },
    "spectral_rolloff": {
        "max": 10766.6015625,
        "mean": 1547.37548828,
        "min": 64.599609375,
        "stdev": 1890.67431641
    },
    "spectral_skewness": {
        "max": 10.3622331619,
        "mean": 1.74981737137,
        "min": -0.567403018475,
        "stdev": 1.01926469803
    },
    "spectral_spread": {
        "max": 18262788,
        "mean": 4226917.5,
        "min": 627827.9375,
        "stdev": 2181476.5
    },
    "spectral_strongpeak": {
        "max": 10.0160264969,
        "mean": 1.20418739319,
        "min": 0,
        "stdev": 1.43788659573
    },
    "zerocrossingrate": {
        "max": 0.302734375,
        "mean": 0.0564105994999,
        "min": 0.0009765625,
        "stdev": 0.0486510023475
    },
    "barkbands": {
        "max": [0.0108750434592, 0.161544546485, 0.0432562083006, 0.0370273068547, 0.0829140767455, 0.0748634636402, 0.0274080075324, 0.0450955852866, 0.0518681146204, 0.0253325812519, 0.0533432997763, 0.0400364995003, 0.0262097809464, 0.0142096560448, 0.00977698341012, 0.00868079159409, 0.00286894757301, 0.00219226861373, 0.00133868132252, 0.00337355025113, 0.00295974174514, 0.00631826650351, 0.0044474885799, 0.0036798377987, 0.00227029877715, 0.000886732828803, 4.01800498366e-05],
        "mean": [0.000331999355694, 0.0056660156697, 0.000699989264831, 0.000360700854799, 0.00389765528962, 0.00564984884113, 0.000502235372551, 0.000758416077588, 0.00260015623644, 0.000791381462477, 0.00189132825471, 0.000649574911222, 0.000664379040245, 0.000404991442338, 0.000285646150587, 0.000169495280716, 0.000101085082861, 0.000119239201013, 0.000112188696221, 7.18619485269e-05, 0.000100092278444, 0.000172808737261, 0.000139271069202, 0.000116203314974, 6.04442902841e-05, 1.73764256033e-05, 3.26595426259e-07],
        "min": [1.27304309316e-08, 5.77892507181e-08, 1.35776218713e-07, 4.5378790503e-08, 6.80814309817e-07, 1.04232767626e-05, 5.46192609363e-07, 1.32469278924e-06, 1.0032760656e-05, 1.34902484206e-06, 1.25198369005e-06, 6.88273530614e-07, 2.83080044028e-06, 9.24040648442e-07, 6.06091589361e-07, 2.46157497941e-07, 2.34839291124e-07, 1.52311159241e-07, 2.175513103e-08, 2.1154554497e-10, 1.33056551888e-10, 1.82543702376e-10, 2.07654823892e-10, 2.26828264505e-10, 1.9313096955e-10, 2.14673584464e-10, 3.02451508283e-10],
        "stdev": [0.000830292818137, 0.0150441890582, 0.00266665732488, 0.0020959682297, 0.0086569217965, 0.0106439022347, 0.00194607267622, 0.00286134262569, 0.00545417144895, 0.00176156498492, 0.00572792207822, 0.00260036019608, 0.0017759797629, 0.000949041685089, 0.000709827756509, 0.000427706952905, 0.000191887753317, 0.000192123945453, 0.000158116759849, 0.000135448048241, 0.0002213310363, 0.000499816378579, 0.000394832313759, 0.000399189681048, 0.000204496653168, 6.37139019091e-05, 2.26837391892e-06]
    },
    "erbbands": {
        "max": [6.28609514236, 35.995891571, 47.586151123, 93.8754425049, 205.325820923, 475.506103516, 694.783752441, 643.089416504, 253.003997803, 1013.44110107, 1241.25695801, 1626.6517334, 835.093322754, 695.10546875, 2289.89501953, 2004.27893066, 1097.45690918, 328.574371338, 538.501953125, 510.305969238, 178.292404175, 126.493118286, 164.130935669, 69.4054107666, 59.3055152893, 190.785018921, 113.836936951, 157.460952759, 205.251266479, 197.329193115, 136.904373169, 113.944618225, 62.5025672913, 36.613910675, 13.6165781021, 4.78482484818, 1.38130402565, 0.242276057601, 0.00474915420637, 0.000225392286666],
        "mean": [0.219901695848, 1.03758811951, 0.960874915123, 1.13885915279, 2.95231127739, 16.5028381348, 41.7376937866, 40.5348396301, 8.08598804474, 12.4294481277, 25.1479473114, 64.3932342529, 35.1958580017, 35.6261749268, 70.9352264404, 28.7585430145, 32.3372840881, 15.4109811783, 19.409412384, 16.2033462524, 8.00367259979, 5.30559301376, 6.21586275101, 6.41034460068, 4.44424772263, 3.48551893234, 4.02271795273, 4.18775844574, 6.05096340179, 5.46705007553, 3.74224495888, 2.86667084694, 1.68935060501, 0.851283252239, 0.316697120667, 0.111231684685, 0.0272970460355, 0.00305626098998, 8.51155491546e-05, 3.46046617778e-05],
        "min": [3.17343528877e-06, 3.51993840013e-05, 0.000325926288497, 0.00060405372642, 0.00177338707726, 0.0115087619051, 0.064074985683, 0.0648924261332, 0.0255143716931, 0.0389887206256, 0.07948423177, 0.221522390842, 0.209780797362, 0.115400724113, 0.0570209361613, 0.0778617337346, 0.135174959898, 0.0643052011728, 0.0449795536697, 0.0313017517328, 0.0195711757988, 0.0170919578522, 0.0109932776541, 0.00730352802202, 0.000789770798292, 0.000111636909423, 3.07731606881e-05, 1.46084075823e-05, 9.75701277639e-06, 1.05783174149e-05, 1.06900706669e-05, 8.98025155038e-06, 7.55781684347e-06, 5.52816482013e-06, 3.65295954907e-06, 2.38877510128e-06, 1.45755893755e-06, 4.44145655365e-07, 4.10514445548e-07, 6.86626606239e-07],
        "stdev": [0.638787031174, 2.666888237, 2.97450995445, 4.94979095459, 11.2820940018, 40.4924278259, 84.6979751587, 84.4379730225, 21.5408115387, 53.8228607178, 72.2116241455, 149.180526733, 68.7260513306, 72.4957885742, 215.085952759, 101.341117859, 83.0122909546, 28.8870449066, 44.0547866821, 40.290397644, 14.2965984344, 9.16196346283, 10.101682663, 9.01022148132, 5.79689979553, 7.15567970276, 7.56245422363, 10.9659509659, 16.711057663, 16.5171203613, 10.8314294815, 10.2559223175, 5.84713840485, 3.08456516266, 1.01484525204, 0.384631127119, 0.0977248176932, 0.014704789035, 0.000325061468175, 3.15883335134e-05]
    },
    "gfcc": {
        "mean": [-54.0400543213, 113.25239563, -137.979553223, 23.4041118622, -69.7948532104, 14.7473983765, -28.4139709473, -3.47258162498, -17.33344841, -3.95092129707, -3.55379533768, 1.48543822765, 6.26078557968],
        "cov": [[4861.73974609, -2534.31079102, 621.139526367, 773.683898926, -783.189819336, 1253.33544922, -199.281646729, 628.523986816, -18.1674690247, 362.991241455, -314.909210205, 133.437698364, 26.451210022], [-2534.31079102, 3513.93994141, -340.094909668, -366.630615234, 755.64251709, -999.742492676, 415.41519165, -662.164978027, 337.715667725, -353.813415527, 594.759887695, -358.255218506, 106.795410156], [621.139526367, -340.094909668, 1796.49157715, 537.764221191, -214.176010132, 373.520324707, -419.453216553, 81.0063095093, 35.5726547241, 202.429443359, -89.7688598633, 6.0008263588, -138.634002686], [773.683898926, -366.630615234, 537.764221191, 902.856445312, -229.27671814, 413.129058838, -46.7172737122, 36.824256897, 177.149017334, 20.3539600372, -22.3499011993, -24.1786460876, 39.3129310608], [-783.189819336, 755.64251709, -214.176010132, -229.27671814, 1013.4085083, -148.022491455, 296.777008057, 197.941268921, 11.8579378128, 87.3027954102, -30.9568576813, 134.129516602, -69.5595550537], [1253.33544922, -999.742492676, 373.520324707, 413.129058838, -148.022491455, 776.716491699, 39.8870010376, 291.827819824, 36.9926223755, 179.743362427, -150.252426147, 93.5776138306, 7.48232650757], [-199.281646729, 415.41519165, -419.453216553, -46.7172737122, 296.777008057, 39.8870010376, 513.125061035, 47.7907180786, 110.632614136, 34.100528717, 70.9311523438, 8.48929405212, 15.6733207703], [628.523986816, -662.164978027, 81.0063095093, 36.824256897, 197.941268921, 291.827819824, 47.7907180786, 550.695922852, -3.90232563019, 174.085586548, -149.193496704, 154.618515015, -12.2581310272], [-18.1674690247, 337.715667725, 35.5726547241, 177.149017334, 11.8579378128, 36.9926223755, 110.632614136, -3.90232563019, 243.934234619, -29.1053066254, 96.6365661621, -48.6815414429, 60.4762115479], [362.991241455, -353.813415527, 202.429443359, 20.3539600372, 87.3027954102, 179.743362427, 34.100528717, 174.085586548, -29.1053066254, 224.455047607, -85.7274246216, 85.0267486572, -34.6144294739], [-314.909210205, 594.759887695, -89.7688598633, -22.3499011993, -30.9568576813, -150.252426147, 70.9311523438, -149.193496704, 96.6365661621, -85.7274246216, 257.495727539, -92.9612884521, 77.2881011963], [133.437698364, -358.255218506, 6.0008263588, -24.1786460876, 134.129516602, 93.5776138306, 8.48929405212, 154.618515015, -48.6815414429, 85.0267486572, -92.9612884521, 180.756759644, -23.7599239349], [26.451210022, 106.795410156, -138.634002686, 39.3129310608, -69.5595550537, 7.48232650757, 15.6733207703, -12.2581310272, 60.4762115479, -34.6144294739, 77.2881011963, -23.7599239349, 176.338516235]],
        "icov": [[0.00046578006004, 9.67522573774e-05, 9.00115192053e-05, -0.000135044567287, 0.000233063154155, -0.000427716731792, 0.000115375230962, -0.000265015580226, 9.75730017672e-06, -0.000338664569426, -9.58964810707e-05, 0.00021649095288, 5.5191507272e-05], [9.67522573774e-05, 0.00246934173629, -0.000883485481609, 0.000457387592178, -0.00211771554314, 0.00146375445183, -0.00115347770043, 0.00141808926128, -0.00152218318544, 0.001181878848, -0.00194026983809, 0.00246411119588, -0.00106647622306], [9.00115192053e-05, -0.000883485481609, 0.00165136298165, -0.000728797982447, 0.000651679292787, -0.00100036512595, 0.00183587346692, -0.000421463890234, 3.67348729924e-05, -0.00188494473696, 0.000108343883767, -0.000499659741763, 0.00159193284344], [-0.000135044567287, 0.000457387592178, -0.000728797982447, 0.00229723122902, -0.000348996924004, -0.000554635596927, -0.00035544889397, 0.000667348795105, -0.00163132301532, 0.00111698138062, 0.000139042298542, 0.000355912809027, -0.000612267875113], [0.000233063154155, -0.00211771554314, 0.000651679292787, -0.000348996924004, 0.00372238829732, -0.000824595219456, -1.33800667754e-05, -0.00199610856362, 0.0012236215407, -0.00131409591995, 0.00180247647222, -0.0030153656844, 0.00132960011251], [-0.000427716731792, 0.00146375445183, -0.00100036512595, -0.000554635596927, -0.000824595219456, 0.0043604336679, -0.001925597433, 0.000170420666109, -0.000640698417556, 0.00023373735894, -0.000168365862919, 0.000928777037188, -0.00134789606091], [0.000115375230962, -0.00115347770043, 0.00183587346692, -0.00035544889397, -1.33800667754e-05, -0.001925597433, 0.00498355552554, -0.000347354973201, -0.00105359370355, -0.00237750331871, -0.000428070634371, -0.000556195038371, 0.00182049861178], [-0.000265015580226, 0.00141808926128, -0.000421463890234, 0.000667348795105, -0.00199610856362, 0.000170420666109, -0.000347354973201, 0.00447060866281, -0.00176303216722, -0.000314161414281, -0.000215530075366, 0.000112234345579, -0.00109962688293], [9.75730017672e-06, -0.00152218318544, 3.67348729924e-05, -0.00163132301532, 0.0012236215407, -0.000640698417556, -0.00105359370355, -0.00176303216722, 0.00820115767419, 0.000202535986318, -0.000508902128786, -0.000519088294823, -0.000825834809802], [-0.000338664569426, 0.001181878848, -0.00188494473696, 0.00111698138062, -0.00131409591995, 0.00023373735894, -0.00237750331871, -0.000314161414281, 0.000202535986318, 0.00943211559206, -7.74287182139e-05, -0.000512975733727, -0.000987873529084], [-9.58964810707e-05, -0.00194026983809, 0.000108343883767, 0.000139042298542, 0.00180247647222, -0.000168365862919, -0.000428070634371, -0.000215530075366, -0.000508902128786, -7.74287182139e-05, 0.00892629846931, -0.000557889812626, -0.001843311009], [0.00021649095288, 0.00246411119588, -0.000499659741763, 0.000355912809027, -0.0030153656844, 0.000928777037188, -0.000556195038371, 0.000112234345579, -0.000519088294823, -0.000512975733727, -0.000557889812626, 0.0116540975869, -0.00127648166381], [5.5191507272e-05, -0.00106647622306, 0.00159193284344, -0.000612267875113, 0.00132960011251, -0.00134789606091, 0.00182049861178, -0.00109962688293, -0.000825834809802, -0.000987873529084, -0.001843311009, -0.00127648166381, 0.00876521877944]]
    },
    "melbands": {
        "max": [0.0467308349907, 0.025381712243, 0.0165546275675, 0.0175862275064, 0.0182795692235, 0.0129010854289, 0.00414431327954, 0.0111654838547, 0.0108020743355, 0.00966699048877, 0.00433503929526, 0.00256027677096, 0.00888658873737, 0.0047475527972, 0.00345117878169, 0.00169309659395, 0.000711587374099, 0.00120398344006, 0.000706042163074, 0.000840049644466, 0.000245438655838, 0.000103994781966, 0.000294117606245, 7.17175207683e-05, 6.22971347184e-05, 4.77692956338e-05, 3.75410018023e-05, 0.00016873885761, 7.24595083739e-05, 8.12311336631e-05, 0.000125624079374, 0.000110615401354, 0.000126321494463, 9.89032632788e-05, 0.000101756530057, 8.18666449049e-05, 6.41180740786e-05, 5.51130178792e-05, 4.02653713536e-05, 3.10531977448e-05],
        "mean": [0.00176074518822, 0.000764390395489, 0.00022242522391, 0.000644411891699, 0.0013622387778, 0.000924934749492, 0.000114362512249, 0.000133877940243, 0.000254001584835, 0.000389657274354, 0.000163151416928, 0.000126035360154, 0.000281365035335, 8.71311494848e-05, 7.95663581812e-05, 4.87739671371e-05, 2.83004392259e-05, 3.59509940608e-05, 2.1817320885e-05, 1.59022711159e-05, 8.77434922586e-06, 5.46143564861e-06, 5.43694523003e-06, 5.98469659963e-06, 5.15935289513e-06, 3.92167339669e-06, 2.42721853283e-06, 2.26481188292e-06, 2.48385549639e-06, 2.29900228987e-06, 2.50830203186e-06, 3.31907313011e-06, 3.57110093319e-06, 2.81048755824e-06, 2.10473604056e-06, 1.98602310775e-06, 1.68256485722e-06, 1.26181896576e-06, 9.05639637949e-07, 6.42591487576e-07],
        "min": [1.59066715355e-08, 6.24833234042e-08, 1.20891158417e-07, 1.04095718712e-07, 2.88754972644e-06, 1.51510585056e-06, 1.78523819727e-07, 2.78894731309e-07, 3.48337778178e-07, 1.66398319834e-06, 2.63362892383e-07, 3.14689373226e-07, 2.01225830665e-07, 7.55889431048e-08, 2.2212698525e-07, 2.70026674798e-07, 7.26140996221e-08, 7.38594607697e-08, 5.84034118845e-08, 1.45834846421e-08, 1.93043980801e-08, 1.1664188726e-08, 1.0141579132e-08, 5.33453459184e-09, 3.94131216552e-09, 2.16119039331e-10, 1.27985998535e-11, 5.80352432777e-12, 2.644602419e-12, 2.62216897501e-12, 3.03308550151e-12, 2.3125865372e-12, 3.93173341107e-12, 3.70855212858e-12, 3.67193862122e-12, 2.15013163524e-12, 2.3578315949e-12, 2.22665419089e-12, 1.7091319679e-12, 1.78693334001e-12],
        "stdev": [0.00483916467056, 0.00184455094859, 0.000975806207862, 0.00160708918702, 0.00252253608778, 0.00184501428157, 0.000348875648342, 0.000568348448724, 0.000641861290205, 0.000873929297086, 0.000348629429936, 0.000265764363576, 0.000881572719663, 0.000335676741088, 0.000236179330386, 0.000117191295431, 5.6929224229e-05, 8.95121847861e-05, 5.86370115343e-05, 4.26334336225e-05, 1.61708394444e-05, 9.64406081039e-06, 1.29393365569e-05, 8.9597351689e-06, 7.65695222071e-06, 5.63309913559e-06, 3.54527219315e-06, 5.6733870224e-06, 4.65439234176e-06, 5.00876603837e-06, 7.45783336242e-06, 9.1746887847e-06, 1.10381288323e-05, 8.6205527623e-06, 6.1958430706e-06, 6.89944999976e-06, 6.35167907603e-06, 4.63822880192e-06, 3.17136618833e-06, 2.42431269726e-06]
    },
    "melbands128": {
        "max": [0.0103780264035, 0.0552067533135, 0.0751346200705, 0.0568769052625, 0.0265566334128, 0.0189603958279, 0.0204294063151, 0.0176925323904, 0.0257640164346, 0.0241011213511, 0.0365976579487, 0.0264097265899, 0.0338624194264, 0.0329196043313, 0.0215004645288, 0.0197691060603, 0.00758326472715, 0.00518079707399, 0.0113832931966, 0.0166677217931, 0.0124889863655, 0.0176854543388, 0.0204652361572, 0.0128508619964, 0.0194541141391, 0.0122674144804, 0.0106492685154, 0.00701427273452, 0.00545233301818, 0.00493446644396, 0.00423906603828, 0.0104382056743, 0.0180021952838, 0.00639404915273, 0.00855407025665, 0.00918844249099, 0.00966587569565, 0.00640648184344, 0.00699618365616, 0.00460177566856, 0.00153277767822, 0.00104894710239, 0.000905795954168, 0.00129863829352, 0.00316868163645, 0.00131338462234, 0.00165686383843, 0.00163699674886, 0.00141426140908, 0.00155046198051, 0.00131020729896, 0.000221546200919, 0.000475197186461, 0.000329800619511, 0.000272071280051, 0.000109082284325, 0.000102689264168, 0.00054377928609, 0.00025530779385, 9.46105938056e-05, 0.000122189536341, 0.000219191002543, 7.5615294918e-05, 8.51260701893e-05, 0.000147629194544, 5.07476179337e-05, 5.99588238401e-05, 5.07139666297e-05, 5.49156538909e-05, 6.03113003308e-05, 0.000209682068089, 0.000245488830842, 4.88519544888e-05, 7.22433978808e-05, 8.45862596179e-05, 9.0439352789e-05, 8.36694307509e-05, 0.000103816484625, 0.000147871061927, 0.000189880694961, 0.000103616563138, 0.000131275766762, 0.000190712758922, 0.000126676561194, 0.000169436301803, 0.000133895504405, 0.000102965823316, 0.000154626497533, 0.000112916372018, 0.000101405850728, 0.000115206421469, 0.000112331676064, 9.63829224929e-05, 9.45830106502e-05, 8.38382693473e-05, 0.000115471229947, 7.6403543062e-05, 5.45878065168e-05, 4.57232272311e-05, 5.00180940435e-05, 4.94595733471e-05, 3.02253665723e-05, 3.11145304295e-05, 1.65745641425e-05, 1.50691230374e-05, 2.06812201213e-05, 3.20401159115e-05, 1.0860763723e-05, 9.94117090158e-06, 8.33193826111e-06, 7.79014226282e-06, 4.74296484754e-06, 4.54037171949e-06, 3.68727842215e-06, 2.95110680781e-06, 3.98558586312e-06, 1.47054549871e-06, 1.46815807511e-07, 9.71286624463e-08, 1.06111166076e-07, 7.38967500524e-08, 3.15520836125e-08, 7.75645947471e-09, 7.61035146013e-09, 7.52170858931e-09, 7.43846539919e-09, 7.37197813905e-09, 7.33189642332e-09],
        "mean": [0.000304046523524, 0.00183336366899, 0.00250054919161, 0.00143126258627, 0.000572414428461, 0.000328556954628, 0.000229068260523, 0.000166416881257, 0.000213403938687, 0.000557749473955, 0.00100279855542, 0.00111304922029, 0.00141749682371, 0.00179651926737, 0.00109999231063, 0.000390946661355, 0.000108329710201, 5.30470606463e-05, 0.000115356378956, 0.000173335778527, 9.5742958365e-05, 0.000151083964738, 0.000207097866223, 0.000410368607845, 0.000594317098148, 0.00026491182507, 0.000239992485149, 0.000151223284774, 0.000110912020318, 9.04190237634e-05, 8.89675211511e-05, 0.000267748429906, 0.000442720542196, 0.00014885958808, 9.66714142123e-05, 7.97841639724e-05, 5.46698465769e-05, 5.83222099522e-05, 0.000131028122269, 6.90670713084e-05, 2.4194478101e-05, 2.40087629209e-05, 1.82745134225e-05, 3.02214302792e-05, 6.22249572189e-05, 3.03789001919e-05, 1.72535183083e-05, 1.86249981198e-05, 2.5041454137e-05, 2.83945064439e-05, 1.23062854982e-05, 6.87543933964e-06, 7.90942249296e-06, 1.12348761832e-05, 7.53402991904e-06, 4.25040389018e-06, 3.60016656487e-06, 6.32165620118e-06, 5.96759537075e-06, 4.12188228438e-06, 7.1842282523e-06, 6.52309427096e-06, 3.43528631674e-06, 5.56781060368e-06, 6.65848438075e-06, 3.08762309942e-06, 3.12253155244e-06, 2.82032169707e-06, 1.98605766855e-06, 2.30689011005e-06, 2.2759784315e-06, 2.20691686081e-06, 2.42495934799e-06, 2.40037161348e-06, 2.83484814645e-06, 2.28289741244e-06, 2.13831344809e-06, 2.0602396944e-06, 2.56309613178e-06, 2.97544625028e-06, 2.90130446956e-06, 3.73860234504e-06, 3.72354406863e-06, 3.62321338798e-06, 3.35831896336e-06, 3.14853696182e-06, 2.59752641796e-06, 2.15844443119e-06, 1.99743180929e-06, 2.13673229155e-06, 2.17597994379e-06, 1.85471230907e-06, 1.80092274604e-06, 1.71836779828e-06, 1.64589107499e-06, 1.37786037158e-06, 1.2282479247e-06, 1.00707961792e-06, 8.75897569586e-07, 8.79608251125e-07, 8.26499103823e-07, 5.96692018462e-07, 4.39237140881e-07, 3.4715733932e-07, 3.17118690418e-07, 3.39730462429e-07, 3.62575491408e-07, 2.10778040355e-07, 1.65002703056e-07, 1.38698297292e-07, 1.36540094786e-07, 1.05720786792e-07, 7.86188891766e-08, 5.62370097157e-08, 4.3938900518e-08, 3.6682582305e-08, 1.29788233494e-08, 6.75053346555e-10, 2.4138666066e-10, 2.03647043673e-10, 1.60720187159e-10, 1.16190938815e-10, 5.08311275016e-11, 1.71657080911e-11, 1.62017014388e-11, 1.52303985396e-11, 1.46766678671e-11, 1.45380200933e-11],
        "min": [4.71313543748e-11, 1.03623154502e-08, 1.20398246928e-09, 2.23970904045e-08, 8.07165960737e-08, 4.5324554776e-08, 2.65801229915e-08, 1.43994842716e-08, 1.57875241769e-08, 2.46239881818e-08, 4.36258638103e-08, 5.63022801714e-08, 4.1094111225e-07, 1.66322843143e-06, 2.48835448247e-07, 1.00943239545e-07, 6.1649870986e-08, 5.44888489884e-09, 3.08003471616e-08, 4.3162113883e-08, 1.435796122e-07, 1.6555127047e-07, 3.10297139094e-07, 2.27085749316e-07, 4.04959280331e-07, 5.44836211702e-07, 1.43083312309e-07, 1.66304857885e-07, 1.33546379288e-07, 6.03889347417e-08, 7.19315380593e-08, 7.1826853798e-08, 1.42885866694e-07, 4.86181122028e-08, 3.76834172755e-08, 7.03330655938e-08, 3.40779173769e-08, 3.96627228838e-08, 1.21038112866e-07, 1.40439070151e-07, 3.16431147951e-08, 3.18914175068e-08, 2.01532373012e-08, 6.8568091649e-08, 2.19263824874e-08, 1.64811151393e-08, 1.71121588011e-08, 1.76836394417e-08, 1.10231415107e-08, 1.59082080842e-08, 5.63371704843e-09, 1.6870554953e-09, 4.40416103586e-09, 1.78074088808e-08, 2.59431609528e-09, 6.93529633722e-09, 6.86637280367e-09, 5.23989784895e-09, 4.13017087197e-09, 4.3501904301e-09, 1.06352504581e-09, 3.76717856909e-09, 2.71693179066e-09, 1.06718400783e-09, 5.951427684e-10, 9.33996074926e-11, 2.53252713939e-11, 1.17789111798e-11, 6.80999180658e-12, 4.75598033178e-12, 5.3018110735e-12, 4.25384163658e-12, 2.39022755581e-12, 1.61177082965e-12, 2.6847083584e-12, 2.23816104539e-12, 2.60811641381e-12, 2.8061394354e-12, 2.08253531607e-12, 1.6050070344e-12, 2.10152078031e-12, 1.54825002645e-12, 2.21886810141e-12, 1.86926732773e-12, 2.60100296336e-12, 2.55899728491e-12, 2.42834983892e-12, 2.31345541682e-12, 3.29973613537e-12, 1.10006968812e-12, 1.36302416836e-12, 1.84379313033e-12, 1.41052686024e-12, 1.56215448563e-12, 1.50122004671e-12, 2.02191171791e-12, 1.47527844975e-12, 1.26848347364e-12, 1.58187167792e-12, 1.35907268512e-12, 1.68364465165e-12, 1.56859920018e-12, 1.29970784569e-12, 1.2015195696e-12, 1.01652779076e-12, 1.02793847653e-12, 8.7771814556e-13, 1.0484680615e-12, 9.23484487665e-13, 1.21861071581e-12, 9.39620126497e-13, 1.07585283998e-12, 8.40829413474e-13, 9.28798596193e-13, 8.36301947832e-13, 9.87698746575e-13, 8.65323546324e-13, 8.87462195745e-13, 9.00821518074e-13, 7.41236174003e-13, 7.53630881659e-13, 8.6412853869e-13, 9.646942533e-13, 8.08100981964e-13, 7.17941819276e-13, 2.36213690752e-13, 2.88935271108e-14, 1.16678015567e-15],
        "stdev": [0.000805606658105, 0.00553916487843, 0.00705937622115, 0.00361913745292, 0.00177441048436, 0.00128096283879, 0.00102613959461, 0.00108532840386, 0.00118909671437, 0.00168865604792, 0.0028895616997, 0.00286164064892, 0.00381483905949, 0.00385759561323, 0.00263812206686, 0.00148944172543, 0.000450248888228, 0.000297562160995, 0.000613553274889, 0.000910052389372, 0.000542980793398, 0.000734022643883, 0.000879978702869, 0.00109339784831, 0.0017260882305, 0.000798945315182, 0.000728503975552, 0.000397550291382, 0.000335539603839, 0.000266362680122, 0.000256550207268, 0.000930461334065, 0.00166891596746, 0.000578348524868, 0.00050380686298, 0.000460384908365, 0.000373939314159, 0.000269519892754, 0.000421078497311, 0.000243418035097, 8.02374634077e-05, 6.74081238685e-05, 5.07556615048e-05, 8.66200352903e-05, 0.000200164970011, 9.3247021141e-05, 6.60698278807e-05, 8.48041891004e-05, 8.05479867267e-05, 9.40418904065e-05, 4.72024476039e-05, 1.68029419001e-05, 2.24753348448e-05, 2.32019647228e-05, 1.92606057681e-05, 9.76408591669e-06, 7.69300095271e-06, 2.08731180464e-05, 1.53598339239e-05, 8.50264950714e-06, 1.26158938656e-05, 1.42479284477e-05, 6.33496574665e-06, 9.98578798317e-06, 1.35294167194e-05, 5.23444714418e-06, 5.31062323716e-06, 4.56301540908e-06, 3.99500368076e-06, 4.45163823315e-06, 7.43269674786e-06, 7.6436508607e-06, 4.5769247663e-06, 5.96513837081e-06, 6.5169770096e-06, 5.01625527249e-06, 5.69310850551e-06, 6.0367046899e-06, 8.42756435304e-06, 1.02529511423e-05, 8.87268470251e-06, 1.11218942038e-05, 1.18892903629e-05, 1.20457625599e-05, 1.25300184664e-05, 1.03659849628e-05, 8.27483381727e-06, 7.45753141018e-06, 6.59712713968e-06, 6.50677566227e-06, 7.93339950178e-06, 7.26529242456e-06, 7.33642264095e-06, 6.84256474415e-06, 6.79973845763e-06, 5.93959975959e-06, 4.82932364321e-06, 3.55508518624e-06, 3.16190835292e-06, 3.50319714926e-06, 3.41772920365e-06, 2.34215008277e-06, 1.70085729678e-06, 1.21196114833e-06, 1.07022356133e-06, 1.27752980461e-06, 1.68188830685e-06, 8.10855283362e-07, 6.42780037197e-07, 5.95229437295e-07, 5.55191832063e-07, 3.73547038635e-07, 2.91452948886e-07, 2.32711215631e-07, 2.02906718982e-07, 2.13847656028e-07, 8.92507543426e-08, 7.55859286272e-09, 3.56754692454e-09, 3.25462079509e-09, 2.1741959344e-09, 1.11335340947e-09, 4.41893688308e-10, 2.8781932393e-10, 2.84493401059e-10, 2.81406814517e-10, 2.78849388025e-10, 2.77343287225e-10]
    },
    "mfcc": {
        "mean": [-687.486938477, 134.982284546, -8.86048603058, 10.4708490372, -11.9117765427, 10.8687353134, -2.56185531616, 4.05524778366, -6.70770168304, -0.102685771883, -2.92071247101, -7.49651002884, -4.21483898163],
        "cov": [[4797.83984375, -2582.98120117, 721.074890137, -246.305267334, -102.096542358, 349.310241699, 166.623962402, 212.397750854, 467.172546387, 290.233703613, 8.6389799118, 62.7040748596, 75.926322937], [-2582.98120117, 3137.7878418, -918.548034668, 302.100524902, 82.8612747192, -242.169769287, 19.4871997833, -171.071334839, -341.908538818, -131.296539307, 92.2175750732, 72.1388931274, -7.03882408142], [721.074890137, -918.548034668, 2288.09667969, 92.3636398315, 295.138641357, 239.694839478, -275.070678711, -166.619369507, -71.3831710815, 75.9240188599, -67.6985473633, 211.990127563, -43.2768211365], [-246.305267334, 302.100524902, 92.3636398315, 483.303924561, 89.854675293, 107.068870544, -27.5192127228, 44.9772453308, -5.78335428238, 14.9926757812, 40.1745948792, 34.6628608704, 26.8137645721], [-102.096542358, 82.8612747192, 295.138641357, 89.854675293, 547.790161133, -5.38798046112, 25.8981227875, 66.3719329834, 136.976409912, -15.7354574203, 42.8717155457, 65.6144790649, 58.7568206787], [349.310241699, -242.169769287, 239.694839478, 107.068870544, -5.38798046112, 447.27041626, 81.8218765259, 90.5515136719, 96.9350585938, 73.7150192261, 55.2311782837, 10.0360498428, 51.2814331055], [166.623962402, 19.4871997833, -275.070678711, -27.5192127228, 25.8981227875, 81.8218765259, 305.189178467, 111.889556885, 157.336746216, 53.0205802917, 103.164665222, 6.76419067383, 65.5849380493], [212.397750854, -171.071334839, -166.619369507, 44.9772453308, 66.3719329834, 90.5515136719, 111.889556885, 304.424316406, 168.249359131, 76.2339935303, 97.8349533081, -6.61163282394, 55.5285377502], [467.172546387, -341.908538818, -71.3831710815, -5.78335428238, 136.976409912, 96.9350585938, 157.336746216, 168.249359131, 381.811462402, 69.7579116821, 121.686203003, -9.18143463135, 80.8329315186], [290.233703613, -131.296539307, 75.9240188599, 14.9926757812, -15.7354574203, 73.7150192261, 53.0205802917, 76.2339935303, 69.7579116821, 178.421768188, 39.0627746582, 31.7116565704, 13.7838096619], [8.6389799118, 92.2175750732, -67.6985473633, 40.1745948792, 42.8717155457, 55.2311782837, 103.164665222, 97.8349533081, 121.686203003, 39.0627746582, 196.971542358, 13.3224344254, 42.5408668518], [62.7040748596, 72.1388931274, 211.990127563, 34.6628608704, 65.6144790649, 10.0360498428, 6.76419067383, -6.61163282394, -9.18143463135, 31.7116565704, 13.3224344254, 156.722213745, 2.49401164055], [75.926322937, -7.03882408142, -43.2768211365, 26.8137645721, 58.7568206787, 51.2814331055, 65.5849380493, 55.5285377502, 80.8329315186, 13.7838096619, 42.5408668518, 2.49401164055, 96.8698959351]],
        "icov": [[0.0004363169719, 0.000332663214067, 2.27380969591e-05, 2.76992341242e-05, 9.5602023066e-05, -7.15650021448e-05, -8.99329315871e-05, 0.000115916249342, -0.000197373607079, -0.000325446628267, 5.71076670894e-05, -0.00033948442433, -0.000146313279402], [0.000332663214067, 0.00086782098515, 0.000395152281271, -0.000323793909047, -0.000297471269732, -1.53504345235e-06, -9.37298245844e-05, 0.000567143491935, 0.000599842751399, -0.000242740832618, -0.000620943668764, -0.000702809367795, -0.000187131867278], [2.27380969591e-05, 0.000395152281271, 0.00101606047247, -7.120774535e-05, -0.000698657007888, -0.000601943116635, 0.000811350124422, 0.000782719173003, 0.00039535711403, -0.000442958320491, -0.000438276299974, -0.00107340677641, 0.000182197924005], [2.76992341242e-05, -0.000323793909047, -7.120774535e-05, 0.00266172946431, -0.000263472931692, -0.000752694380935, 0.000731835723855, -0.000497082131915, 7.60825205361e-05, -0.000111255845695, -0.000206286204048, -0.000197317640414, -0.000418072886532], [9.5602023066e-05, -0.000297471269732, -0.000698657007888, -0.000263472931692, 0.0029364109505, 0.000650728470646, -0.000199972288101, -0.000774814048782, -0.00146553688683, 0.00093814736465, 0.000594775250647, -0.000502805050928, -0.00104061607271], [-7.15650021448e-05, -1.53504345235e-06, -0.000601943116635, -0.000752694380935, 0.000650728470646, 0.00327841355465, -0.000956703152042, -0.000570213014726, -0.000186495904927, -0.00029784583603, 2.01415423362e-05, 0.000608222326264, -0.000986747327261], [-8.99329315871e-05, -9.37298245844e-05, 0.000811350124422, 0.000731835723855, -0.000199972288101, -0.000956703152042, 0.005893538706, -4.87028264615e-05, -0.00104465358891, -0.000660056248307, -0.00139970949385, -0.00107638619374, -0.00150288525037], [0.000115916249342, 0.000567143491935, 0.000782719173003, -0.000497082131915, -0.000774814048782, -0.000570213014726, -4.87028264615e-05, 0.00576563738286, -0.000689312408213, -0.00165977003053, -0.00151493831072, -0.000216518659727, -0.000580358086154], [-0.000197373607079, 0.000599842751399, 0.00039535711403, 7.60825205361e-05, -0.00146553688683, -0.000186495904927, -0.00104465358891, -0.000689312408213, 0.00591004500166, -0.000694705289789, -0.00212636590004, 0.00058373156935, -0.00147008581553], [-0.000325446628267, -0.000242740832618, -0.000442958320491, -0.000111255845695, 0.00093814736465, -0.00029784583603, -0.000660056248307, -0.00165977003053, -0.000694705289789, 0.00771698355675, -0.000108595304482, -0.00115226663183, 0.000616286532022], [5.71076670894e-05, -0.000620943668764, -0.000438276299974, -0.000206286204048, 0.000594775250647, 2.01415423362e-05, -0.00139970949385, -0.00151493831072, -0.00212636590004, -0.000108595304482, 0.00806622952223, -0.000132170156576, -0.000533064594492], [-0.00033948442433, -0.000702809367795, -0.00107340677641, -0.000197317640414, -0.000502805050928, 0.000608222326264, -0.00107638619374, -0.000216518659727, 0.00058373156935, -0.00115226663183, -0.000132170156576, 0.00882096774876, 0.000133760579047], [-0.000146313279402, -0.000187131867278, 0.000182197924005, -0.000418072886532, -0.00104061607271, -0.000986747327261, -0.00150288525037, -0.000580358086154, -0.00147008581553, 0.000616286532022, -0.000533064594492, 0.000133760579047, 0.0144947515801]]
    },
    "spectral_contrast_coeffs": {
        "max": [-0.239445418119, -0.436285018921, -0.430095523596, -0.476050585508, -0.547121524811, -0.35027629137],
        "mean": [-0.660040855408, -0.711288392544, -0.753995478153, -0.786634802818, -0.786993861198, -0.73232203722],
        "min": [-0.898526012897, -0.941504776478, -0.910611927509, -0.894567668438, -0.891435086727, -0.957787513733],
        "stdev": [0.127755641937, 0.0969241037965, 0.0824028775096, 0.0662762001157, 0.0504849813879, 0.0736568644643]
    },
    "spectral_contrast_valleys": {
        "max": [-4.9850435257, -4.7037024498, -5.61045265198, -5.6233716011, -5.83370828629, -7.67386674881],
        "mean": [-7.37829685211, -7.20922470093, -7.42810535431, -7.90136909485, -8.25818157196, -11.2494068146],
        "min": [-10.5858974457, -9.10529708862, -9.54028892517, -10.0753269196, -13.4136734009, -15.7019100189],
        "stdev": [1.06068456173, 0.631857216358, 0.773932337761, 0.78178447485, 0.987935364246, 1.73460817337]
    }
},
"rhythm": {
    "beats_count": 61,
    "beats_loudness": {
        "max": 0.155731156468,
        "mean": 0.0361559763551,
        "min": 0.00239360472187,
        "stdev": 0.0343900807202
    },
    "bpm": 126.087547302,
    "bpm_histogram_first_peak_bpm": 126,
    "bpm_histogram_first_peak_weight": 0.526315808296,
    "bpm_histogram_second_peak_bpm": 99,
    "bpm_histogram_second_peak_spread": 0.600000023842,
    "bpm_histogram_second_peak_weight": 0.133333340287,
    "danceability": 1.00782823563,
    "onset_rate": 3.01464819908,
    "beats_loudness_band_ratio": {
        "max": [0.940687060356, 0.953858852386, 0.644171178341, 0.769414246082, 0.772767424583, 0.708695709705],
        "mean": [0.25294983387, 0.330664098263, 0.153524696827, 0.170644015074, 0.0564792528749, 0.065452709794],
        "min": [8.42725348775e-05, 0.00320207327604, 0.0035958411172, 0.00230292510241, 0.000846723443829, 1.61016396305e-05],
        "stdev": [0.291211605072, 0.28460624814, 0.152438819408, 0.203686833382, 0.104716494679, 0.150720864534]
    },
    "beats_position": [0.522448956966, 1.05650794506, 1.59056687355, 2.12462592125, 2.65868473053, 3.21596360207, 3.76163268089, 4.31891155243, 4.94585037231, 5.5727891922, 6.17650794983, 6.78022670746, 7.38394546509, 7.98766422272, 8.56816291809, 9.13705158234, 9.70594120026, 10.2864398956, 10.7972784042, 11.2965078354, 11.7957363129, 12.3414058685, 12.8870744705, 13.3979139328, 13.9087524414, 14.3963718414, 14.8723802567, 15.3367795944, 15.7895689011, 16.2539672852, 16.7067565918, 17.1595458984, 17.6239452362, 18.088344574, 18.5411338806, 18.9939231873, 19.4699325562, 19.9459400177, 20.4219493866, 20.8979587555, 21.3623580933, 21.8383674622, 22.3259868622, 22.8136043549, 23.2896137238, 23.7656230927, 24.2416324615, 24.7292518616, 25.2168693542, 25.8089790344, 26.4010887146, 27.0048065186, 27.5969161987, 28.1890239716, 28.7927436829, 29.3732414246, 29.9769611359, 30.5806789398, 31.1611785889, 31.753288269, 32.3453979492],
