{
"metadata": {
    "version": {
        "essentia": "2.1-beta5",
        "essentia_git_sha": "Undefined",
        "extractor": "music 2.0"
    },
    "audio_properties": {
        "analysis": {
            "equal_loudness": 0,
            "length": 12.7477550507,
            "sample_rate": 44100,
            "start_time": 0,
            "downmix": "mix"
        },
        "bit_rate": 192000,
        "length": 192.121917725,
        "lossless": 0,
        "number_channels": 2,
        "replay_gain": 2.39233207703,
        "sample_rate": 48000,
        "codec": "mp3",
        "md5_encoded": "65bb34a170eb5bc6e463cda42e94cb9a"
    },
    "tags": {
        "file_name": "Belarus_Forever_Alekseev.mp3",
        "encoding": ["Lavf58.29.100"]
    }
},
"lowlevel": {
    "average_loudness": 0.557091355324,
    "barkbands_crest": {
        "max": 24.2263717651,
        "mean": 11.0332574844,
        "min": 2.42680358887,
        "stdev": 5.01317453384
    },
    "barkbands_flatness_db": {
        "max": 0.364006668329,
        "mean": 0.164405822754,
        "min": 0.0530764199793,
        "stdev": 0.0633227527142
    },
    "barkbands_kurtosis": {
        "max": 117.24307251,
        "mean": 8.18575668335,
        "min": -1.50785529613,
        "stdev": 18.3931751251
    },
    "barkbands_skewness": {
        "max": 9.73251342773,
        "mean": 1.77208900452,
        "min": -1.60407364368,
        "stdev": 1.95028531551
    },
    "barkbands_spread": {
        "max": 62.9280471802,
        "mean": 14.4636898041,
        "min": 1.59801602364,
        "stdev": 7.5313129425
    },
    "dissonance": {
        "max": 0.500000119209,
        "mean": 0.479982972145,
        "min": 0.2430216223,
        "stdev": 0.0231305714697
    },
    "dynamic_complexity": 4.36018419266,
    "erbbands_crest": {
        "max": 23.0575561523,
        "mean": 9.03998184204,
        "min": 2.78843021393,
        "stdev": 3.8192820549
    },
    "erbbands_flatness_db": {
        "max": 0.2793828547,
        "mean": 0.196181982756,
        "min": 0.0687960833311,
        "stdev": 0.0424273870885
    },
    "erbbands_kurtosis": {
        "max": 11.5095891953,
        "mean": 1.48710727692,
        "min": -1.09152591228,
        "stdev": 2.15008831024
    },
    "erbbands_skewness": {
        "max": 2.75171780586,
        "mean": 0.752069234848,
        "min": -1.41248166561,
        "stdev": 0.824798882008
    },
    "erbbands_spread": {
        "max": 73.0018157959,
        "mean": 24.9527835846,
        "min": 6.92352151871,
        "stdev": 11.7704572678
    },
    "hfc": {
        "max": 78.7558135986,
        "mean": 23.6771297455,
        "min": 1.14312641651e-16,
        "stdev": 18.2957077026
    },
    "loudness_ebu128": {
        "integrated": -23.897310257,
        "loudness_range": 2.95526123047,
        "momentary": {
            "max": -20.6727790833,
            "mean": -26.5432395935,
            "min": -43.2026672363,
            "stdev": 5.73564100266
        },
        "short_term": {
            "max": -22.4814548492,
            "mean": -24.2068367004,
            "min": -31.477602005,
            "stdev": 1.71901547909
        }
    },
    "melbands_crest": {
        "max": 38.4603309631,
        "mean": 15.7786483765,
        "min": 2.9094119072,
        "stdev": 8.90064239502
    },
    "melbands_flatness_db": {
        "max": 0.426122516394,
        "mean": 0.197844654322,
        "min": 0.00914489571005,
        "stdev": 0.0890821367502
    },
    "melbands_kurtosis": {
        "max": 371.469543457,
        "mean": 21.339925766,
        "min": -1.11207079887,
        "stdev": 49.5130615234
    },
    "melbands_skewness": {
        "max": 17.5144500732,
        "mean": 2.68728232384,
        "min": -0.650910615921,
        "stdev": 3.05653595924
    },
    "melbands_spread": {
        "max": 125.649078369,
        "mean": 18.810874939,
        "min": 1.05619418621,
        "stdev": 12.330780983
    },
    "pitch_salience": {
        "max": 0.86093878746,
        "mean": 0.567962229252,
        "min": 0.0496737323701,
        "stdev": 0.215473592281
    },
    "silence_rate_20dB": {
        "max": 1,
        "mean": 0.992727279663,
        "min": 0,
        "stdev": 0.0849696621299
    },
    "silence_rate_30dB": {
        "max": 1,
        "mean": 0.892727255821,
        "min": 0,
        "stdev": 0.309460312128
    },
    "silence_rate_60dB": {
        "max": 1,
        "mean": 0.143636360765,
        "min": 0,
        "stdev": 0.350720733404
    },
    "spectral_centroid": {
        "max": 10731.8320312,
        "mean": 1450.41748047,
        "min": 365.594177246,
        "stdev": 613.433105469
    },
    "spectral_complexity": {
        "max": 41,
        "mean": 22.4436359406,
        "min": 0,
        "stdev": 11.0270528793
    },
    "spectral_decrease": {
        "max": -7.0042611422e-29,
        "mean": -1.24917329813e-08,
        "min": -9.26532734979e-08,
        "stdev": 1.66838081128e-08
    },
    "spectral_energy": {
        "max": 0.351905286312,
        "mean": 0.0492942743003,
        "min": 1.0632852628e-20,
        "stdev": 0.0632560476661
    },
    "spectral_energyband_high": {
        "max": 0.00553383212537,
        "mean": 0.000608601199929,
        "min": 7.62787913819e-21,
        "stdev": 0.000663106096908
    },
    "spectral_energyband_low": {
        "max": 0.336939275265,
        "mean": 0.0293198432773,
        "min": 6.20258231928e-23,
        "stdev": 0.0644290968776
    },
    "spectral_energyband_middle_high": {
        "max": 0.0442176572978,
        "mean": 0.00870151352137,
        "min": 1.77762204159e-21,
        "stdev": 0.00799446832389
    },
    "spectral_energyband_middle_low": {
        "max": 0.0712474808097,
        "mean": 0.0110731124878,
        "min": 3.48772950465e-22,
        "stdev": 0.0115945115685
    },
    "spectral_entropy": {
        "max": 9.79994392395,
        "mean": 7.7482919693,
        "min": 6.19913291931,
        "stdev": 0.350782364607
    },
    "spectral_flux": {
        "max": 0.322120398283,
        "mean": 0.0962148681283,
        "min": 1.03115724293e-10,
        "stdev": 0.0516667477787
    },
    "spectral_kurtosis": {
        "max": 25.9459285736,
        "mean": 4.54487514496,
        "min": -1.18465995789,
        "stdev": 2.65569448471
    },
    "spectral_rms": {
        "max": 0.0185289569199,
        "mean": 0.0058807102032,
        "min": 3.22079407415e-12,
        "stdev": 0.00367549178191
    },
    "spectral_rolloff": {
        "max": 18583.1542969,
        "mean": 1367.71057129,
        "min": 43.06640625,
        "stdev": 1216.1619873
    },
    "spectral_skewness": {
        "max": 3.76107239723,
        "mean": 1.63395297527,
        "min": 0.0418819412589,
        "stdev": 0.352672129869
    },
    "spectral_spread": {
        "max": 40535796,
        "mean": 4005630.5,
        "min": 2008734.75,
        "stdev": 1808964.625
    },
    "spectral_strongpeak": {
        "max": 4.59093666077,
        "mean": 1.02929365635,
        "min": 0,
        "stdev": 1.03554797173
    },
    "zerocrossingrate": {
        "max": 0.49560546875,
        "mean": 0.0561798661947,
        "min": 0.005859375,
        "stdev": 0.0391230173409
    },
    "barkbands": {
        "max": [0.117283120751, 0.264973729849, 0.0214401874691, 0.00460316939279, 0.0184031426907, 0.00485594151542, 0.00505351694301, 0.0174535382539, 0.046648170799, 0.03313947469, 0.0208594575524, 0.00519519019872, 0.00580363720655, 0.00413737772033, 0.00258911517449, 0.00407540006563, 0.00181281601544, 0.0019630913157, 0.00385872693732, 0.00164294359274, 0.000636153738014, 0.00247577135451, 0.00100223568734, 0.00208842218854, 0.00132083683275, 0.00066336884629, 3.33900825353e-05],
        "mean": [0.00607817759737, 0.0224526263773, 0.00110861577559, 0.0002244162024, 0.000531533267349, 0.000366377527826, 0.000446459569503, 0.00142707792111, 0.0062374449335, 0.00382548733614, 0.00168679538183, 0.000835447979625, 0.000812323822174, 0.000800081936177, 0.00051909533795, 0.000482141855173, 0.000308146642055, 0.000264534435701, 0.000202611729037, 0.000215196851059, 0.000114405898785, 0.000125533551909, 9.94207948679e-05, 7.14486595825e-05, 4.18399504269e-05, 1.67818870977e-05, 2.4013590405e-07],
        "min": [1.15459796235e-23, 3.37658302629e-24, 1.94274794613e-23, 5.41282400589e-23, 6.73946653633e-23, 7.04565122155e-23, 4.55069306871e-23, 6.55124811088e-23, 4.1247744442e-23, 1.6176406966e-22, 4.24258166961e-23, 1.25420654533e-22, 1.10603183539e-22, 1.18956841872e-22, 3.3531874471e-22, 1.12101691092e-22, 1.55818633277e-22, 3.62764010775e-22, 1.94748969436e-22, 3.20994318093e-22, 3.17105978515e-22, 5.23294529171e-22, 6.8776584324e-22, 7.99262711521e-22, 1.23587932488e-21, 1.4328675612e-21, 2.47887107018e-21],
        "stdev": [0.0165560767055, 0.0495762005448, 0.00265953247435, 0.000442538439529, 0.00134872156195, 0.000575611717068, 0.000453766318969, 0.00194252748042, 0.00832212902606, 0.00514037581161, 0.00231558433734, 0.000953501556069, 0.00089918152662, 0.000714383088052, 0.000497733533848, 0.000576419872232, 0.000298164726701, 0.000309063965688, 0.000333105534082, 0.00028107338585, 0.000104812868813, 0.000173440203071, 0.000113888156193, 0.000129669424496, 8.04881128715e-05, 4.31517873949e-05, 1.90487367036e-06]
    },
    "erbbands": {
        "max": [16.5130977631, 59.8193817139, 54.7122154236, 12.7318077087, 14.8576307297, 67.2958984375, 112.531402588, 30.1757888794, 51.9067420959, 106.274162292, 523.988037109, 1094.1529541, 1820.62072754, 750.338500977, 471.756072998, 200.556915283, 244.579467773, 298.405944824, 146.626083374, 204.952087402, 153.353317261, 83.8212509155, 126.693969727, 181.756149292, 107.506362915, 109.412887573, 47.7371749878, 29.0253925323, 92.7550582886, 50.3793334961, 29.7591056824, 35.2725219727, 40.5722007751, 22.8001842499, 5.92104291916, 3.54518651962, 1.0826189518, 0.129701763391, 0.00453637866303, 0.000380742538255],
        "mean": [1.09440565109, 3.14109635353, 2.53496193886, 0.840604245663, 0.850881814957, 2.01400279999, 3.13112473488, 2.84921908379, 4.99781608582, 13.1504077911, 47.2546081543, 129.66885376, 168.031295776, 85.9879226685, 56.7847976685, 35.4053497314, 37.3837356567, 42.6110076904, 30.6733264923, 28.3295707703, 23.1470890045, 17.6951999664, 15.7419300079, 10.5200424194, 9.63530158997, 10.6710119247, 6.22211313248, 4.41426134109, 4.25036239624, 4.13849067688, 2.60538315773, 1.7199460268, 1.05667352676, 0.567517697811, 0.246979042888, 0.0990682244301, 0.0253736916929, 0.0028256396763, 9.00875384104e-05, 5.95772944507e-05],
        "min": [7.64686799206e-23, 1.29025130403e-21, 1.90749384063e-20, 1.24843177452e-19, 1.86939393392e-19, 2.6514351712e-19, 7.61943204086e-20, 6.79453548078e-19, 8.4679249619e-19, 1.21799780939e-18, 1.02785680051e-18, 7.16345544904e-19, 2.93742526827e-18, 4.22065350679e-18, 2.83493283409e-18, 4.7396865937e-18, 4.7034846206e-18, 5.68971883005e-18, 2.02975183439e-17, 8.23492793228e-18, 6.28149087131e-18, 1.16034770475e-17, 1.65763834926e-17, 1.33932394671e-17, 8.88816073382e-18, 1.52853266099e-17, 1.6756483873e-17, 1.06506981579e-17, 1.58641594785e-17, 2.17802395919e-17, 1.93343475842e-17, 1.63124235417e-17, 1.42972891467e-17, 1.36573631997e-17, 8.30281547233e-18, 4.51705961722e-18, 2.99861988319e-18, 1.33611671932e-18, 3.48736683765e-19, 3.75027824666e-20],
        "stdev": [2.70712542534, 7.73927688599, 6.81870889664, 1.48789429665, 1.51250779629, 5.23636865616, 8.14080142975, 3.75398588181, 5.02610588074, 14.7238712311, 65.0075912476, 168.548400879, 238.941680908, 103.560653687, 75.3056869507, 38.9545860291, 40.5778388977, 39.5264511108, 26.6040916443, 28.6396999359, 24.2342834473, 16.5881576538, 18.9111347198, 14.8859729767, 13.1317367554, 14.6124134064, 7.05738306046, 4.18177700043, 6.01701021194, 5.25442790985, 3.05956053734, 2.7638130188, 2.13643860817, 1.19874227047, 0.46824234724, 0.228018239141, 0.0738216117024, 0.0101890489459, 0.000286653870717, 6.93028923706e-05]
    },
    "gfcc": {
        "mean": [-21.0510139465, 82.7255020142, -162.730636597, 13.160243988, -72.4365005493, 25.0832042694, -24.1386795044, 16.3756332397, -7.83594179153, -0.384824067354, -12.1737060547, -4.18043088913, -2.85308694839],
        "cov": [[8630.234375, -741.603210449, 117.993209839, -176.820068359, 15.7355957031, 899.45111084, 449.94354248, 939.385070801, -155.400344849, 401.43548584, -161.624542236, 169.034317017, 127.750968933], [-741.603210449, 3205.01049805, 1103.55871582, 1311.60217285, 873.304626465, 150.512039185, 765.94720459, -408.523712158, 691.979492188, -295.517150879, 718.461791992, -316.798553467, 246.723587036], [117.993209839, 1103.55871582, 1168.03027344, 778.106689453, 606.83605957, 289.88079834, 336.996948242, 18.1445827484, 267.416503906, 16.8940238953, 270.944946289, -21.0766983032, 95.8980026245], [-176.820068359, 1311.60217285, 778.106689453, 855.17590332, 562.938476562, 228.525466919, 384.935424805, -73.3622817993, 341.928405762, -65.4518890381, 356.666320801, -106.230751038, 150.403152466], [15.7355957031, 873.304626465, 606.83605957, 562.938476562, 520.680847168, 234.288543701, 345.988769531, -1.19780004025, 251.567398071, 6.33506393433, 249.017822266, -27.7739429474, 129.194793701], [899.45111084, 150.512039185, 289.88079834, 228.525466919, 234.288543701, 336.514556885, 232.730514526, 214.141204834, 74.9305343628, 93.2693023682, 95.0132522583, 11.5019369125, 100.598556519], [449.94354248, 765.94720459, 336.996948242, 384.935424805, 345.988769531, 232.730514526, 446.928436279, 76.2790908813, 250.356185913, -4.07833528519, 230.842971802, -68.4290466309, 123.751808167], [939.385070801, -408.523712158, 18.1445827484, -73.3622817993, -1.19780004025, 214.141204834, 76.2790908813, 297.229095459, -67.1065444946, 130.715713501, -50.2361183167, 52.6098442078, 17.1997718811], [-155.400344849, 691.979492188, 267.416503906, 341.928405762, 251.567398071, 74.9305343628, 250.356185913, -67.1065444946, 274.102600098, -46.0748825073, 195.157928467, -66.1141281128, 93.490196228], [401.43548584, -295.517150879, 16.8940238953, -65.4518890381, 6.33506393433, 93.2693023682, -4.07833528519, 130.715713501, -46.0748825073, 126.228355408, -40.0694694519, 70.0574874878, 10.8139839172], [-161.624542236, 718.461791992, 270.944946289, 356.666320801, 249.017822266, 95.0132522583, 230.842971802, -50.2361183167, 195.157928467, -40.0694694519, 234.107925415, -62.9497680664, 93.8203048706], [169.034317017, -316.798553467, -21.0766983032, -106.230751038, -27.7739429474, 11.5019369125, -68.4290466309, 52.6098442078, -66.1141281128, 70.0574874878, -62.9497680664, 100.005462646, -17.5764484406], [127.750968933, 246.723587036, 95.8980026245, 150.403152466, 129.194793701, 100.598556519, 123.751808167, 17.1997718811, 93.490196228, 10.8139839172, 93.8203048706, -17.5764484406, 110.931053162]],
        "icov": [[0.000232175443671, -0.00022551236907, 4.30923500971e-05, -4.16730144934e-05, 0.000484383781441, -0.00066350743873, -0.00022543068917, -0.000302417232888, 4.72576266475e-06, -3.47980312654e-05, 0.000649789522868, -0.000496740569361, -3.947532241e-05], [-0.00022551236907, 0.00283855665475, -0.000984436715953, -0.000606612593401, -0.00034898033482, 0.000938903423958, -0.00210944772698, 0.00307408394292, 0.000580133695621, 0.000717816641554, -0.0037067621015, 0.00281623192132, 7.38359522074e-05], [4.30923500971e-05, -0.000984436715953, 0.00365749024786, -0.00230203405954, -0.00213256943971, -0.000942531391047, 0.00146208039951, -0.00125188485254, -0.00047879468184, -0.000718177121598, 0.00209955428727, -0.00175719161052, 0.0024200619664], [-4.16730144934e-05, -0.000606612593401, -0.00230203405954, 0.00957048777491, -0.00470893038437, -0.00144521915354, 0.00345697207376, -0.000863081600983, -0.00196696491912, 0.00199576327577, -0.00504887709394, 0.00359365157783, -0.000213884675759], [0.000484383781441, -0.00034898033482, -0.00213256943971, -0.00470893038437, 0.0152550796047, -0.00475779827684, -0.00621395511553, 0.00477420212701, 0.000352401082637, -0.0024050429929, 0.00217764917761, -0.00637036375701, -0.00172739638947], [-0.00066350743873, 0.000938903423958, -0.000942531391047, -0.00144521915354, -0.00475779827684, 0.0185911990702, -0.00157866394147, -0.00949191302061, 0.00246303109452, -0.000498191104271, -0.0017649428919, 0.00249112420715, -0.00677525764331], [-0.00022543068917, -0.00210944772698, 0.00146208039951, 0.00345697207376, -0.00621395511553, -0.00157866394147, 0.0139862159267, -0.00732141546905, -0.006384330336, 0.00241932622157, -0.00294156745076, 0.0019913809374, 0.00114952912554], [-0.000302417232888, 0.00307408394292, -0.00125188485254, -0.000863081600983, 0.00477420212701, -0.00949191302061, -0.00732141546905, 0.0205232854933, 0.00347227230668, -0.00815805606544, -0.00106996227987, 0.00356804346666, 0.00313579663634], [4.72576266475e-06, 0.000580133695621, -0.00047879468184, -0.00196696491912, 0.000352401082637, 0.00246303109452, -0.006384330336, 0.00347227230668, 0.0139623014256, -0.00135575933382, -0.00278128497303, 0.00109362427611, -0.0033845610451], [-3.47980312654e-05, 0.000717816641554, -0.000718177121598, 0.00199576327577, -0.0024050429929, -0.000498191104271, 0.00241932622157, -0.00815805606544, -0.00135575933382, 0.0247577466071, -0.00203222292475, -0.0104129649699, -0.00302472501062], [0.000649789522868, -0.0037067621015, 0.00209955428727, -0.00504887709394, 0.00217764917761, -0.0017649428919, -0.00294156745076, -0.00106996227987, -0.00278128497303, -0.00203222292475, 0.0250792559236, -0.00377526856028, -0.00422879308462], [-0.000496740569361, 0.00281623192132, -0.00175719161052, 0.00359365157783, -0.00637036375701, 0.00249112420715, 0.0019913809374, 0.00356804346666, 0.00109362427611, -0.0104129649699, -0.00377526856028, 0.0264214221388, 0.000813160208054], [-3.947532241e-05, 7.38359522074e-05, 0.0024200619664, -0.000213884675759, -0.00172739638947, -0.00677525764331, 0.00114952912554, 0.00313579663634, -0.0033845610451, -0.00302472501062, -0.00422879308462, 0.000813160208054, 0.0203337837011]]
    },
    "melbands": {
        "max": [0.103412508965, 0.0482031740248, 0.00187225604896, 0.00233700685203, 0.00428295368329, 0.000743773125578, 0.000810530269518, 0.00125373422634, 0.00428444799036, 0.00777473207563, 0.00897584669292, 0.00325006246567, 0.00242231716402, 0.000631931237876, 0.000581938016694, 0.00065873702988, 0.000553285470232, 0.000231856887694, 0.00018579576863, 0.00038639162085, 0.000185407843674, 0.000101368306787, 0.000136312752147, 6.6553853685e-05, 0.000172680287506, 0.00013327394845, 5.22637674294e-05, 8.63481036504e-05, 4.43331955466e-05, 1.23197933135e-05, 2.16735043068e-05, 5.28320670128e-05, 4.94229789183e-05, 2.431188841e-05, 1.65132896655e-05, 1.7413729438e-05, 2.3249489459e-05, 2.83781409962e-05, 2.62188495981e-05, 1.77166239155e-05],
        "mean": [0.00796776358038, 0.00221643061377, 0.000142493532621, 9.75635412033e-05, 0.00011167278717, 6.61057347315e-05, 8.03396324045e-05, 0.000163286647876, 0.000441039097495, 0.000902698608115, 0.000828698975965, 0.000343963532941, 0.000212850485696, 0.000102328194771, 8.65656256792e-05, 7.89641562733e-05, 7.99404806457e-05, 5.06467149535e-05, 3.9244103391e-05, 3.75419222109e-05, 2.43327976932e-05, 1.79114358616e-05, 1.78216032509e-05, 1.07391715574e-05, 8.27669737191e-06, 7.57148563935e-06, 5.9861522459e-06, 7.63144726079e-06, 4.41691508968e-06, 2.65386461251e-06, 2.51382039096e-06, 2.4828466394e-06, 2.31764943237e-06, 2.22852963816e-06, 1.53904022682e-06, 1.18592890885e-06, 1.00213105725e-06, 7.75552962295e-07, 5.85468171721e-07, 4.45175828645e-07],
        "min": [1.36267960958e-24, 8.26940404407e-24, 2.14518306504e-23, 1.89178153631e-23, 3.35113634564e-24, 1.51239324121e-23, 1.30501835419e-23, 1.45279274878e-23, 6.93194323295e-24, 4.90452416374e-24, 1.71155143192e-23, 2.00831001819e-23, 6.74249513112e-24, 1.28802763136e-23, 1.13591923495e-23, 1.20490401671e-23, 8.91245268843e-24, 3.34051606905e-23, 1.58073557464e-23, 8.39069771914e-24, 6.91401005799e-24, 1.06681131201e-23, 1.37119739437e-23, 1.75595199466e-23, 9.80568304686e-24, 6.54661031873e-24, 5.48240658644e-24, 1.19233241378e-23, 1.15384436353e-23, 8.2427097799e-24, 5.54315242602e-24, 7.57372654442e-24, 1.2560617253e-23, 1.16392285046e-23, 1.23230446916e-23, 9.8519789268e-24, 9.91739758395e-24, 9.13802351998e-24, 1.2945789634e-23, 1.07479355885e-23],
        "stdev": [0.0183675158769, 0.0058466270566, 0.000239311702899, 0.000215646898141, 0.000297011050861, 8.92414900591e-05, 8.020857058e-05, 0.000186564036994, 0.000613536220044, 0.00119740411174, 0.00118084088899, 0.000429119885666, 0.000295388774248, 0.000116498398711, 9.78305470198e-05, 8.83597385837e-05, 7.58028327255e-05, 4.47091297247e-05, 3.79186676582e-05, 4.83684416395e-05, 2.51561850746e-05, 1.67606049217e-05, 2.30802234e-05, 1.10426517494e-05, 1.37208253363e-05, 1.29891213874e-05, 6.99261045156e-06, 1.17615118143e-05, 6.26261225989e-06, 2.4455825951e-06, 2.54595875049e-06, 3.6558822103e-06, 3.33892376148e-06, 2.80733775071e-06, 1.79906112407e-06, 1.62065759923e-06, 1.80732286026e-06, 1.53475048137e-06, 1.30185560465e-06, 9.59449721449e-07]
    },
    "melbands128": {
        "max": [0.108624711633, 0.185818970203, 0.108805112541, 0.111996546388, 0.0469908155501, 0.00699172588065, 0.00313651910983, 0.00159608991817, 0.00197626301087, 0.00261014699936, 0.00381138897501, 0.00701027363539, 0.0046166498214, 0.00140218541492, 0.000670672219712, 0.00109808216803, 0.00105372152757, 0.000686673331074, 0.00112157827243, 0.00157176994253, 0.00236054346897, 0.00417432747781, 0.00650512753054, 0.0062654549256, 0.00765452440828, 0.01358294487, 0.0167242176831, 0.00962316803634, 0.00671047670767, 0.00459912978113, 0.00283490610309, 0.00622617313638, 0.00231574382633, 0.00175324559677, 0.000942330283578, 0.00102981936652, 0.000941959908232, 0.00064212520374, 0.00116236240137, 0.000976946088485, 0.000902974512428, 0.00124631670769, 0.000816545216367, 0.000810649071354, 0.000302547297906, 0.000352366478182, 0.0003778708342, 0.000284341163933, 0.000250995741226, 0.000537391402759, 0.000810955709312, 0.000422264740337, 0.000328495516442, 0.000201627335628, 0.000201530943741, 0.000106676714495, 0.000160697774845, 0.000255591585301, 0.000311743147904, 0.000222254806431, 7.66937009757e-05, 0.000108577041829, 9.22318067751e-05, 0.000351095572114, 0.000550008262508, 0.000124263227917, 0.000191873245058, 0.000134000991238, 3.6835710489e-05, 0.000137234499562, 0.00020697725995, 0.000181940151379, 9.38772645895e-05, 6.15417957306e-05, 1.71955653059e-05, 1.80076276592e-05, 1.72026338987e-05, 1.99280657398e-05, 2.01797829504e-05, 4.07406441809e-05, 4.99874258821e-05, 6.13005177001e-05, 6.56892807456e-05, 5.406231503e-05, 4.64200638817e-05, 4.93053667014e-05, 2.62961311819e-05, 1.72427626239e-05, 1.53472101374e-05, 1.75700060936e-05, 1.54306744662e-05, 1.47241134982e-05, 2.64749232883e-05, 3.12024785671e-05, 2.53116304521e-05, 2.8018725061e-05, 2.55375889537e-05, 3.48798566847e-05, 3.14468197757e-05, 1.62672295119e-05, 2.1881014618e-05, 1.96639648493e-05, 1.12490397441e-05, 8.94494496606e-06, 4.84069641971e-06, 7.01255248714e-06, 5.04834906678e-06, 7.53177755541e-06, 8.03860530141e-06, 5.59501131647e-06, 2.7503133424e-06, 4.01533543481e-06, 4.11000110034e-06, 3.5438561099e-06, 2.20866991185e-06, 1.46253057665e-06, 8.68586823799e-07, 1.94791184072e-07, 1.66494288578e-07, 8.877793789e-08, 1.18140137673e-08, 2.55125982562e-08, 1.32261234853e-07, 2.56188026349e-09, 2.44924358572e-10, 2.45766657025e-10, 2.44635117719e-10, 2.41530184741e-10],
        "mean": [0.00562579510733, 0.0110492715612, 0.00749408453703, 0.00486707873642, 0.00194954592735, 0.000403910438763, 0.00014759718033, 0.000100305514934, 7.37178634154e-05, 8.84720066097e-05, 0.000114771413791, 0.000137761337101, 0.000115653630928, 7.73262654548e-05, 5.55426922801e-05, 6.66276246193e-05, 6.99610973243e-05, 7.73265855969e-05, 9.8394768429e-05, 0.000136189570185, 0.000183929412742, 0.000274147838354, 0.000473163177958, 0.00059735350078, 0.000741388124879, 0.0010674163932, 0.00120481464546, 0.000854488986079, 0.000478634174215, 0.000362979742931, 0.000300110637909, 0.000289313844405, 0.000215637483052, 0.000167076534126, 9.82882193057e-05, 9.12823015824e-05, 9.03862382984e-05, 8.39483327582e-05, 8.91536983545e-05, 8.00831330707e-05, 7.53596323193e-05, 7.817371079e-05, 8.22776637506e-05, 8.84941619006e-05, 5.42968191439e-05, 4.54834662378e-05, 4.07400148106e-05, 4.15560862166e-05, 3.6752448068e-05, 3.65333253285e-05, 4.26200058428e-05, 3.32584459102e-05, 2.47964217124e-05, 2.15037598537e-05, 1.95977190742e-05, 1.70471066667e-05, 1.67097841768e-05, 1.83307693078e-05, 1.9778351998e-05, 1.44904579429e-05, 9.27979453991e-06, 8.92788102647e-06, 7.78091180109e-06, 7.77431250754e-06, 9.75582952378e-06, 6.53312463328e-06, 7.88266697782e-06, 6.16161833022e-06, 4.92946583108e-06, 6.14289683654e-06, 8.50314972922e-06, 8.59490137373e-06, 5.68269297219e-06, 3.52499500877e-06, 2.84158818431e-06, 2.71298745247e-06, 2.57408191828e-06, 2.43476119977e-06, 2.39557948589e-06, 2.70292321147e-06, 2.80073049908e-06, 2.24227801482e-06, 2.03788385988e-06, 2.21723394134e-06, 2.73104888038e-06, 2.49007871389e-06, 2.08232722798e-06, 1.65304550137e-06, 1.52558141053e-06, 1.47144419316e-06, 1.21662401398e-06, 1.12572922717e-06, 1.05122285277e-06, 1.036515755e-06, 9.74511863205e-07, 8.34095544633e-07, 7.40697544188e-07, 6.66186394938e-07, 6.16364388861e-07, 5.2396552519e-07, 4.82878249386e-07, 4.56482155187e-07, 3.68179229326e-07, 3.10004651283e-07, 2.61981455196e-07, 2.31266795936e-07, 2.35225968481e-07, 2.26331465569e-07, 1.77896794185e-07, 1.18202414967e-07, 9.24463208207e-08, 8.73046346328e-08, 8.18325105456e-08, 6.75652600535e-08, 5.2192770994e-08, 2.90505166589e-08, 8.0035329475e-09, 7.47638950749e-10, 6.25846319213e-10, 3.53201079495e-10, 4.95533683531e-11, 1.39149428091e-10, 3.79410086682e-10, 1.53313993445e-11, 7.55533656471e-12, 6.77695139589e-12, 6.35399415375e-12, 6.26308250054e-12],
        "min": [4.29967216441e-24, 8.12250088719e-25, 2.282533284e-25, 2.14467535416e-24, 6.96856846706e-24, 1.01226063378e-23, 2.854517798e-23, 2.25215654809e-23, 1.32408646333e-23, 3.00823144746e-23, 1.32812763998e-23, 3.00229120652e-24, 1.02350245388e-24, 2.5737573109e-24, 1.01068054539e-23, 3.14891469249e-23, 1.51174069547e-23, 1.00071778436e-23, 8.16651607165e-24, 1.47158467772e-23, 1.75883512349e-23, 1.35311465138e-23, 3.39539104799e-24, 3.74114641617e-24, 3.22339846584e-24, 4.62321912595e-24, 1.09034342724e-23, 5.43444305454e-24, 3.70337567714e-23, 3.72596076486e-23, 5.44461541592e-24, 5.42263853996e-24, 2.95289845587e-24, 1.32276646238e-23, 1.14928466861e-23, 1.31330644241e-23, 1.19980316321e-23, 1.55663429627e-23, 8.56467941406e-24, 5.12261896049e-24, 1.89925346903e-23, 1.12903595024e-23, 6.37632759259e-24, 5.20809598387e-24, 1.98397807688e-23, 4.8044061975e-23, 4.18751160536e-23, 1.07590537941e-23, 4.9024707588e-24, 1.45394953441e-23, 6.92579169561e-24, 5.61074597268e-24, 8.71224846816e-24, 5.58616940561e-24, 5.95098917528e-24, 1.41244077799e-23, 1.30898561457e-23, 1.11775429266e-23, 1.72688499466e-23, 7.68635221586e-24, 2.56852842527e-23, 1.46866557683e-23, 1.4555075347e-23, 6.29851001417e-24, 6.75737620324e-24, 6.85041998042e-24, 5.77333691057e-24, 7.01443047351e-24, 3.99948810744e-24, 4.72677644685e-24, 1.10654450031e-23, 1.84716103915e-23, 1.33092131199e-23, 9.82530043985e-24, 8.76497671993e-24, 1.0230991093e-23, 7.7112896868e-24, 3.97645376344e-24, 6.00584853478e-24, 4.60583026502e-24, 7.98656269967e-24, 6.98145372109e-24, 1.21838131085e-23, 1.06067137093e-23, 1.69601860293e-23, 1.19041603398e-23, 5.54507961321e-24, 1.87437973805e-23, 1.44616710604e-23, 6.67991716209e-24, 8.78081231374e-24, 1.15246985229e-23, 1.03387613256e-23, 8.82154278e-24, 9.37584772796e-24, 1.29658109238e-23, 7.39651761953e-24, 7.2348508322e-24, 1.27985945e-23, 1.78743985101e-23, 1.02241193257e-23, 9.43222051711e-24, 1.01064780766e-23, 1.32714929469e-23, 9.60334653556e-24, 7.07160395647e-24, 6.92667600869e-24, 9.10283164614e-24, 6.46135772627e-24, 7.6376029785e-24, 8.85456607521e-24, 8.95167011948e-24, 1.10142211091e-23, 1.00364982257e-23, 7.65017268816e-24, 1.08795964736e-23, 1.41799972301e-23, 7.66661964918e-24, 9.37802656178e-24, 9.82115734238e-24, 9.50867849377e-24, 1.59532050838e-23, 1.19748154557e-23, 1.34516135573e-23, 8.0172793656e-24, 6.9855234545e-24, 1.11376376089e-23, 1.03085779296e-23],
        "stdev": [0.0155150219798, 0.029072009027, 0.0166791509837, 0.0134511673823, 0.00567320780829, 0.000891985255294, 0.000292954908218, 0.000185854456504, 0.000145632773638, 0.00019617775979, 0.000313216325594, 0.000450708059361, 0.000338644109434, 0.00014127077884, 7.62521231081e-05, 0.000111056702735, 9.97556198854e-05, 8.37963962113e-05, 0.000117096846225, 0.000194405045477, 0.000268107192824, 0.000439511029981, 0.000791144382674, 0.000973703456111, 0.00110868096817, 0.00178584409878, 0.00215604621917, 0.001384944655, 0.000733879918698, 0.000579975545406, 0.000409632979427, 0.000504824449308, 0.000364952225937, 0.000268069503363, 0.000135337177198, 0.000124757440062, 0.000131017470267, 0.000107186162495, 0.000124229147332, 0.000111874403956, 9.4706818345e-05, 0.000110299617518, 9.48276574491e-05, 0.000112505695142, 5.84646004427e-05, 5.42883171875e-05, 4.80257695017e-05, 4.85645396111e-05, 4.11554756283e-05, 4.78539986943e-05, 7.86639575381e-05, 4.84521333419e-05, 3.40016595146e-05, 2.45897826971e-05, 2.23741117225e-05, 1.82238291018e-05, 2.07061348192e-05, 2.74239046121e-05, 3.70958805433e-05, 2.35147472267e-05, 1.03126676549e-05, 1.09658976726e-05, 9.49604418565e-06, 1.85312819667e-05, 3.415453466e-05, 1.15464845294e-05, 1.73791431735e-05, 1.07906362246e-05, 5.57301518711e-06, 1.14236881927e-05, 1.73022926901e-05, 2.21022964979e-05, 1.12828602141e-05, 5.51974153495e-06, 2.92997060569e-06, 2.93408038488e-06, 2.65940798272e-06, 2.72784313893e-06, 2.67938844445e-06, 3.60539843314e-06, 4.56852876596e-06, 3.93917707697e-06, 3.46331557921e-06, 3.58193187822e-06, 4.58541944681e-06, 4.06763138017e-06, 2.68723920271e-06, 1.97968620341e-06, 1.96381893147e-06, 1.92149445866e-06, 1.64002983638e-06, 1.6841447632e-06, 1.82083238087e-06, 2.12669169741e-06, 1.92045081349e-06, 1.57354975272e-06, 1.47459354594e-06, 1.69349266343e-06, 1.52219433858e-06, 9.56653479989e-07, 1.11033477879e-06, 1.1003395457e-06, 7.50279411932e-07, 6.17252965185e-07, 5.04385297972e-07, 4.96558641316e-07, 4.77298840451e-07, 5.20662752024e-07, 4.81933057017e-07, 3.21162701766e-07, 2.29293220855e-07, 2.82973672938e-07, 2.78564783684e-07, 2.26943370762e-07, 1.74242842377e-07, 1.30147896016e-07, 4.99891044115e-08, 9.31926624759e-09, 8.96979379661e-09, 5.22565102301e-09, 6.02183081178e-10, 1.50184464864e-09, 6.326940305e-09, 1.25713314758e-10, 1.6215896681e-11, 1.61301336871e-11, 1.60244942315e-11, 1.58913299186e-11]
    },
    "mfcc": {
        "mean": [-644.311462402, 110.368057251, -31.0192050934, -7.71435546875, -17.2574615479, 3.29453206062, -5.0502076149, 13.2184743881, 7.70475578308, 12.3056030273, 3.56436133385, 0.629805147648, -3.43470406532],
        "cov": [[6154.75585938, -645.511108398, 52.4591598511, -630.511474609, -84.7571716309, -55.418182373, 686.444946289, 321.319946289, 563.926391602, 369.526062012, 89.9608688354, 60.4252548218, 274.047698975], [-645.511108398, 1831.00830078, 668.367980957, 964.519104004, 367.797576904, 590.218078613, 209.091659546, 278.477783203, -43.6800727844, 226.916061401, 131.677902222, 147.986709595, 67.3395614624], [52.4591598511, 668.367980957, 735.618591309, 546.062133789, 413.077484131, 345.922973633, 218.256607056, 183.899108887, 71.40965271, 115.905349731, 144.382492065, 104.156021118, 83.3050765991], [-630.511474609, 964.519104004, 546.062133789, 759.550476074, 375.428222656, 432.999359131, 155.427078247, 191.779693604, -3.61830949783, 147.129989624, 113.785301208, 101.65322113, 82.0482559204], [-84.7571716309, 367.797576904, 413.077484131, 375.428222656, 363.061187744, 263.449371338, 167.632095337, 113.811805725, 64.1296920776, 82.8133010864, 81.2352523804, 64.5723571777, 79.3001708984], [-55.418182373, 590.218078613, 345.922973633, 432.999359131, 263.449371338, 351.635803223, 172.924621582, 165.408050537, 68.4178009033, 139.740234375, 81.3639907837, 88.9262161255, 87.2050552368], [686.444946289, 209.091659546, 218.256607056, 155.427078247, 167.632095337, 172.924621582, 326.359985352, 165.089569092, 140.324462891, 166.908935547, 80.7657394409, 59.0365219116, 123.243095398], [321.319946289, 278.477783203, 183.899108887, 191.779693604, 113.811805725, 165.408050537, 165.089569092, 173.947860718, 81.6095046997, 122.545097351, 78.4391479492, 55.2947654724, 62.8236656189], [563.926391602, -43.6800727844, 71.40965271, -3.61830949783, 64.1296920776, 68.4178009033, 140.324462891, 81.6095046997, 157.493835449, 95.9590454102, 41.0281944275, 42.4225769043, 77.0253982544], [369.526062012, 226.916061401, 115.905349731, 147.129989624, 82.8133010864, 139.740234375, 166.908935547, 122.545097351, 95.9590454102, 158.629013062, 58.144203186, 54.9148483276, 81.0091171265], [89.9608688354, 131.677902222, 144.382492065, 113.785301208, 81.2352523804, 81.3639907837, 80.7657394409, 78.4391479492, 41.0281944275, 58.144203186, 96.7095947266, 37.3917617798, 33.8979988098], [60.4252548218, 147.986709595, 104.156021118, 101.65322113, 64.5723571777, 88.9262161255, 59.0365219116, 55.2947654724, 42.4225769043, 54.9148483276, 37.3917617798, 69.9214553833, 43.1232414246], [274.047698975, 67.3395614624, 83.3050765991, 82.0482559204, 79.3001708984, 87.2050552368, 123.243095398, 62.8236656189, 77.0253982544, 81.0091171265, 33.8979988098, 43.1232414246, 105.197975159]],
        "icov": [[0.000387545762351, -6.05830573477e-05, -0.000479013426229, 0.000815501087345, 0.00028880208265, -3.20201397699e-05, -0.000337059318554, -0.000507009390276, -0.000513672537636, -0.000399066833779, 0.000367981905583, 0.000408769905334, -0.00032374530565], [-6.05830573477e-05, 0.00250863353722, -0.000710032472853, -0.00240793731064, 0.00215168623254, -0.00206289556809, -0.000724264245946, 0.000153263405082, 0.0017714620335, -0.00114798860159, 0.000751703220885, -0.00117252697237, 0.00166275491938], [-0.000479013426229, -0.000710032472853, 0.0063746040687, -0.00278329546563, -0.00456134323031, 0.0018146156799, -0.000936394149903, 0.000114539630886, -0.00119444762822, 0.00341509864666, -0.00314884097315, -0.00247258646414, 0.00206094724126], [0.000815501087345, -0.00240793731064, -0.00278329546563, 0.0127139063552, -0.00354379671626, -0.00500807072967, 0.00299769523554, -0.00273256446235, 0.00437360350043, -0.0043539670296, -0.000215778578422, 0.0028626031708, -0.00430567702278], [0.00028880208265, 0.00215168623254, -0.00456134323031, -0.00354379671626, 0.0141458082944, -0.00616400735453, -0.00387212284841, 0.00324953091331, -0.00202490994707, 0.00341974943876, 0.000112501620606, 0.00138991524, -0.000468391284812], [-3.20201397699e-05, -0.00206289556809, 0.0018146156799, -0.00500807072967, -0.00616400735453, 0.0189818777144, 0.00053508480778, -0.00473603000864, -0.00384079408832, -0.000963911996223, 0.00264693726785, -0.00412957649678, -0.000619918631855], [-0.000337059318554, -0.000724264245946, -0.000936394149903, 0.00299769523554, -0.00387212284841, 0.00053508480778, 0.0124356141314, -0.00498371897265, 0.000151672706124, -0.00615132739767, -4.99358748129e-06, 0.00383532396518, -0.00631674518809], [-0.000507009390276, 0.000153263405082, 0.000114539630886, -0.00273256446235, 0.00324953091331, -0.00473603000864, -0.00498371897265, 0.0222497787327, -0.00234355614521, -0.00421264953911, -0.00716640008613, -0.000935388030484, 0.00494342343882], [-0.000513672537636, 0.0017714620335, -0.00119444762822, 0.00437360350043, -0.00202490994707, -0.00384079408832, 0.000151672706124, -0.00234355614521, 0.0203687138855, -0.0075052860193, 1.05234703369e-05, -0.003348875558, -0.00409385422245], [-0.000399066833779, -0.00114798860159, 0.00341509864666, -0.0043539670296, 0.00341974943876, -0.000963911996223, -0.00615132739767, -0.00421264953911, -0.0075052860193, 0.0272814035416, -0.00252717267722, -0.003032180015, -0.00304643251002], [0.000367981905583, 0.000751703220885, -0.00314884097315, -0.000215778578422, 0.000112501620606, 0.00264693726785, -4.99358748129e-06, -0.00716640008613, 1.05234703369e-05, -0.00252717267722, 0.0203128941357, -0.00366391078569, 0.000123468562379], [0.000408769905334, -0.00117252697237, -0.00247258646414, 0.0028626031708, 0.00138991524, -0.00412957649678, 0.00383532396518, -0.000935388030484, -0.003348875558, -0.003032180015, -0.00366391078569, 0.028692252934, -0.00794209074229], [-0.00032374530565, 0.00166275491938, 0.00206094724126, -0.00430567702278, -0.000468391284812, -0.000619918631855, -0.00631674518809, 0.00494342343882, -0.00409385422245, -0.00304643251002, 0.000123468562379, -0.00794209074229, 0.0248854234815]]
    },
    "spectral_contrast_coeffs": {
        "max": [-0.528283596039, -0.577179729939, -0.580237030983, -0.710529565811, -0.662101566792, -0.564988732338],
        "mean": [-0.753549337387, -0.780060172081, -0.768069505692, -0.826627790928, -0.808781862259, -0.754174888134],
        "min": [-0.966348052025, -0.968764007092, -0.97277534008, -0.96801418066, -0.963588774204, -0.955150902271],
        "stdev": [0.0746261999011, 0.0730674639344, 0.0593319498003, 0.0293261855841, 0.0322917699814, 0.0476736426353]
    },
    "spectral_contrast_valleys": {
        "max": [-5.10167169571, -5.19817447662, -4.92859649658, -5.82029628754, -6.21105384827, -7.71249914169],
        "mean": [-7.7178106308, -6.46346616745, -6.58318090439, -6.968998909, -7.47843837738, -10.3609933853],
        "min": [-26.9837112427, -27.1542644501, -26.8104801178, -26.9741306305, -27.2848815918, -27.3250732422],
        "stdev": [1.73204576969, 1.0797842741, 1.21547472477, 1.13322150707, 1.18207478523, 1.52610886097]
    }
},
"rhythm": {
    "beats_count": 32,
    "beats_loudness": {
        "max": 0.315221697092,
        "mean": 0.0521337725222,
        "min": 0.00032260545413,
        "stdev": 0.0696429535747
    },
    "bpm": 143.861160278,
    "bpm_histogram_first_peak_bpm": 144,
    "bpm_histogram_first_peak_weight": 0.647058844566,
    "bpm_histogram_second_peak_bpm": 185,
    "bpm_histogram_second_peak_spread": 0,
    "bpm_histogram_second_peak_weight": 0.161290317774,
    "danceability": 0.853786110878,
    "onset_rate": 1.95934510231,
    "beats_loudness_band_ratio": {
        "max": [0.988030910492, 0.260343432426, 0.696720182896, 0.545092999935, 0.299905210733, 0.128472790122],
        "mean": [0.323681592941, 0.0364287123084, 0.300716400146, 0.240580379963, 0.0911846533418, 0.0365192964673],
        "min": [0.000677075353451, 0.00096694775857, 0.00383165967651, 0.00185448070988, 0.0018314915942, 0.0011940834811],
        "stdev": [0.349878072739, 0.0511900000274, 0.215657874942, 0.157278433442, 0.0873036384583, 0.0320564694703]
    },
    "beats_position": [0.325079351664, 0.650158703327, 0.986848056316, 1.31192743778, 1.62539684772, 1.95047616959, 2.27555561066, 2.57741498947, 2.90249419212, 3.23918366432, 3.5758728981, 3.92417216301, 4.26086139679, 4.67882061005, 5.08516979218, 5.4915189743, 5.89786815643, 6.30421733856, 6.72217655182, 7.14013576508, 7.56970500946, 7.98766422272, 8.40562343597, 8.8119726181, 9.21832180023, 9.63628101349, 10.0658502579, 10.4954195023, 10.9249887466, 11.354557991, 11.7957363129, 12.2369155884],
