{
"metadata": {
    "version": {
        "essentia": "2.1-beta5",
        "essentia_git_sha": "Undefined",
        "extractor": "music 2.0"
    },
    "audio_properties": {
        "analysis": {
            "equal_loudness": 0,
            "length": 32.4963264465,
            "sample_rate": 44100,
            "start_time": 61.4980506897,
            "downmix": "mix"
        },
        "bit_rate": 192000,
        "length": 196.208618164,
        "lossless": 0,
        "number_channels": 2,
        "replay_gain": -0.474473953247,
        "sample_rate": 48000,
        "codec": "mp3",
        "md5_encoded": "2838460425a86168209ca9033b54ef08"
    },
    "tags": {
        "file_name": "Israel_Toy_Netta Barzilai.mp3",
        "encoding": ["Lavf58.29.100"]
    }
},
"lowlevel": {
    "average_loudness": 0.939706146717,
    "barkbands_crest": {
        "max": 26.3219165802,
        "mean": 11.4035797119,
        "min": 2.28235530853,
        "stdev": 4.9901432991
    },
    "barkbands_flatness_db": {
        "max": 0.388013511896,
        "mean": 0.148649439216,
        "min": 0.0204640384763,
        "stdev": 0.0700112655759
    },
    "barkbands_kurtosis": {
        "max": 118.857200623,
        "mean": 3.02851295471,
        "min": -1.85690760612,
        "stdev": 7.86644172668
    },
    "barkbands_skewness": {
        "max": 9.70122051239,
        "mean": 1.10713684559,
        "min": -3.7833545208,
        "stdev": 1.23531961441
    },
    "barkbands_spread": {
        "max": 93.3257141113,
        "mean": 24.7581672668,
        "min": 1.39909923077,
        "stdev": 15.0220193863
    },
    "dissonance": {
        "max": 0.499999970198,
        "mean": 0.462808281183,
        "min": 0.30912232399,
        "stdev": 0.0324646793306
    },
    "dynamic_complexity": 2.49181962013,
    "erbbands_crest": {
        "max": 29.7275733948,
        "mean": 10.8306570053,
        "min": 2.4330728054,
        "stdev": 5.40553236008
    },
    "erbbands_flatness_db": {
        "max": 0.379079610109,
        "mean": 0.180129572749,
        "min": 0.0633874088526,
        "stdev": 0.0653305947781
    },
    "erbbands_kurtosis": {
        "max": 20.4962520599,
        "mean": 1.25260710716,
        "min": -1.93181180954,
        "stdev": 2.72364759445
    },
    "erbbands_skewness": {
        "max": 4.08408689499,
        "mean": 0.605099439621,
        "min": -3.81504559517,
        "stdev": 0.828139126301
    },
    "erbbands_spread": {
        "max": 94.9335403442,
        "mean": 31.9722099304,
        "min": 2.78636264801,
        "stdev": 16.2572307587
    },
    "hfc": {
        "max": 206.083084106,
        "mean": 31.1719551086,
        "min": 0.214259952307,
        "stdev": 30.6034660339
    },
    "loudness_ebu128": {
        "integrated": -22.427564621,
        "loudness_range": 6.21160507202,
        "momentary": {
            "max": -19.3417053223,
            "mean": -23.2832946777,
            "min": -37.1580886841,
            "stdev": 3.01252770424
        },
        "short_term": {
            "max": -20.6530475616,
            "mean": -23.1249084473,
            "min": -27.4104633331,
            "stdev": 2.4283747673
        }
    },
    "melbands_crest": {
        "max": 34.6668167114,
        "mean": 15.3523960114,
        "min": 3.3563041687,
        "stdev": 6.54783058167
    },
    "melbands_flatness_db": {
        "max": 0.504156172276,
        "mean": 0.196389377117,
        "min": 0.0281218327582,
        "stdev": 0.081199772656
    },
    "melbands_kurtosis": {
        "max": 199.684280396,
        "mean": 8.79805374146,
        "min": -1.75741016865,
        "stdev": 18.2276535034
    },
    "melbands_skewness": {
        "max": 11.5825872421,
        "mean": 1.91942465305,
        "min": -1.68680775166,
        "stdev": 1.6282582283
    },
    "melbands_spread": {
        "max": 229.809448242,
        "mean": 29.9868392944,
        "min": 1.18809962273,
        "stdev": 23.868730545
    },
    "pitch_salience": {
        "max": 0.897763431072,
        "mean": 0.512336194515,
        "min": 0.117960825562,
        "stdev": 0.135882556438
    },
    "silence_rate_20dB": {
        "max": 1,
        "mean": 1,
        "min": 1,
        "stdev": 0
    },
    "silence_rate_30dB": {
        "max": 1,
        "mean": 0.973590314388,
        "min": 0,
        "stdev": 0.160350769758
    },
    "silence_rate_60dB": {
        "max": 1,
        "mean": 0.0528194159269,
        "min": 0,
        "stdev": 0.223675742745
    },
    "spectral_centroid": {
        "max": 5712.43212891,
        "mean": 1578.8157959,
        "min": 231.077835083,
        "stdev": 740.358886719
    },
    "spectral_complexity": {
        "max": 59,
        "mean": 20.6131343842,
        "min": 0,
        "stdev": 11.8402557373
    },
    "spectral_decrease": {
        "max": -3.01335137398e-11,
        "mean": -8.24198487237e-09,
        "min": -3.71165569391e-08,
        "stdev": 6.96183466431e-09
    },
    "spectral_energy": {
        "max": 0.147458970547,
        "mean": 0.0339345932007,
        "min": 0.000133165231091,
        "stdev": 0.0274860784411
    },
    "spectral_energyband_high": {
        "max": 0.0190273784101,
        "mean": 0.00170396955218,
        "min": 6.94357140674e-08,
        "stdev": 0.00288836145774
    },
    "spectral_energyband_low": {
        "max": 0.128153949976,
        "mean": 0.014709006995,
        "min": 1.08885636507e-07,
        "stdev": 0.0215691253543
    },
    "spectral_energyband_middle_high": {
        "max": 0.0551579445601,
        "mean": 0.00947207398713,
        "min": 6.77158604958e-05,
        "stdev": 0.00904809404165
    },
    "spectral_energyband_middle_low": {
        "max": 0.0657455399632,
        "mean": 0.00858100317419,
        "min": 4.86217613798e-05,
        "stdev": 0.00842446368188
    },
    "spectral_entropy": {
        "max": 8.75281715393,
        "mean": 7.62578773499,
        "min": 5.55388212204,
        "stdev": 0.553497731686
    },
    "spectral_flux": {
        "max": 0.351885378361,
        "mean": 0.107621364295,
        "min": 0.0119328079745,
        "stdev": 0.064630009234
    },
    "spectral_kurtosis": {
        "max": 37.9259300232,
        "mean": 4.27651977539,
        "min": -0.893003940582,
        "stdev": 3.66916537285
    },
    "spectral_rms": {
        "max": 0.0119942659512,
        "mean": 0.00528020784259,
        "min": 0.000360440433724,
        "stdev": 0.00228611589409
    },
    "spectral_rolloff": {
        "max": 11089.5996094,
        "mean": 1881.28930664,
        "min": 64.599609375,
        "stdev": 1864.07226562
    },
    "spectral_skewness": {
        "max": 4.3163485527,
        "mean": 1.49994635582,
        "min": -0.125898823142,
        "stdev": 0.498153805733
    },
    "spectral_spread": {
        "max": 15377054,
        "mean": 4732924.5,
        "min": 1330248.25,
        "stdev": 1727565.125
    },
    "spectral_strongpeak": {
        "max": 10.3484210968,
        "mean": 1.28622555733,
        "min": 0,
        "stdev": 1.60742139816
    },
    "zerocrossingrate": {
        "max": 0.36279296875,
        "mean": 0.0707471072674,
        "min": 0.005859375,
        "stdev": 0.0464237369597
    },
    "barkbands": {
        "max": [0.00920812692493, 0.114787891507, 0.051033642143, 0.024092912674, 0.0260202847421, 0.0367271378636, 0.0322696492076, 0.0184157639742, 0.0548339299858, 0.0369215868413, 0.0455545224249, 0.0232001319528, 0.0145221119747, 0.0148530863225, 0.0107769351453, 0.0112340096384, 0.0122001683339, 0.00891124922782, 0.0127504188567, 0.0107396198437, 0.00468399329111, 0.00744386203587, 0.00674477498978, 0.0072956844233, 0.00394554808736, 0.00321688014083, 0.00030948035419],
        "mean": [0.000670265697408, 0.0115906018764, 0.00204485375434, 0.000794477935415, 0.000908332178369, 0.00141839554999, 0.0023522155825, 0.000978702446446, 0.00185716873966, 0.0016815304989, 0.00305556459352, 0.000622104969807, 0.00111685157754, 0.000664658728056, 0.000609356444329, 0.000356963486411, 0.000337818462867, 0.000430240703281, 0.000570865289774, 0.000332831812557, 0.000364641891792, 0.000311394454911, 0.000329646893078, 0.000188605088624, 0.000221170179429, 0.000120305841847, 5.00224950883e-06],
        "min": [6.27271168341e-09, 2.74801408295e-08, 1.60707589458e-08, 6.57250343039e-09, 2.16013773979e-07, 1.00172826478e-06, 4.31475336882e-06, 5.54649659534e-06, 6.41319047645e-06, 2.68108078672e-06, 5.05754223923e-06, 2.10654661714e-06, 1.54440192546e-06, 2.44703915087e-06, 1.59321780302e-06, 1.59996409366e-06, 1.14701356324e-06, 1.37792130772e-06, 8.08418064935e-07, 2.61172601768e-07, 1.61701620982e-08, 1.60424962203e-09, 1.81633574847e-09, 1.8244336597e-10, 2.05443023704e-10, 1.24171492533e-10, 1.37982777981e-10],
        "stdev": [0.00140132394154, 0.0179055538028, 0.00598588306457, 0.00224900012836, 0.00210079201497, 0.00344369909726, 0.00384719762951, 0.00169382127933, 0.00353380967863, 0.00344770005904, 0.00555231096223, 0.00118117663078, 0.00196877378039, 0.00140718184412, 0.000988845713437, 0.000713543733582, 0.000706103513949, 0.000763378862757, 0.00108902063221, 0.000607945432421, 0.000637255434413, 0.000655913143419, 0.000687932944857, 0.000458747585071, 0.000425965088652, 0.000351996859536, 2.17611741391e-05]
    },
    "erbbands": {
        "max": [4.17669487, 24.9743804932, 59.5847930908, 65.3111419678, 84.8749237061, 86.5207748413, 190.895355225, 339.443328857, 568.560546875, 718.865905762, 670.134643555, 1088.59899902, 747.460510254, 1883.38024902, 1222.33276367, 745.246704102, 471.821777344, 898.10534668, 736.18927002, 807.805725098, 425.631713867, 486.182342529, 435.545898438, 538.777709961, 755.559936523, 414.493988037, 235.539154053, 254.345245361, 293.795166016, 238.200271606, 187.704864502, 193.151672363, 113.096641541, 68.0887374878, 22.3607158661, 14.1067733765, 5.70985603333, 1.07447433472, 0.0260864645243, 0.000877520535141],
        "mean": [0.38041305542, 2.36422109604, 2.94076871872, 2.57107567787, 2.58555340767, 3.24822187424, 7.32220029831, 12.3195848465, 24.4975719452, 32.6147880554, 30.6604747772, 37.9711227417, 38.249332428, 126.843994141, 58.8312263489, 27.092130661, 42.9242935181, 48.8220977783, 24.6556529999, 31.7099590302, 19.3317089081, 19.637430191, 21.8129940033, 28.330789566, 25.6623859406, 15.2998733521, 15.9871768951, 12.960477829, 10.8716335297, 10.5682983398, 9.33123493195, 4.45586013794, 3.14515757561, 2.3888604641, 1.65628838539, 0.631138503551, 0.185431912541, 0.0283446032554, 0.000706086517312, 6.56690608594e-05],
        "min": [6.81232052102e-07, 9.87406929198e-06, 1.91964281839e-05, 2.52085101238e-05, 0.000154919369379, 0.00131906953175, 0.00737311271951, 0.0190592631698, 0.0958822071552, 0.0933857411146, 0.151184737682, 0.239748075604, 0.0855068266392, 0.196929872036, 0.359451919794, 0.11143156141, 0.112387217581, 0.161286488175, 0.0750238448381, 0.159505546093, 0.102225296199, 0.0810411050916, 0.0867135226727, 0.0511960014701, 0.0413826182485, 0.0329387523234, 0.00351592409424, 0.000513153790962, 0.000111195295176, 6.92422472639e-05, 6.71903035254e-05, 4.53191059933e-05, 9.69959637587e-06, 5.06865899297e-06, 2.20390506911e-06, 1.4209750816e-06, 6.25137147381e-07, 1.87083330161e-07, 2.58900115568e-07, 3.55088786819e-07],
        "stdev": [0.6796438694, 3.82783555984, 7.19603586197, 7.01124572754, 7.36511278152, 7.17714118958, 18.4880752563, 30.0488395691, 43.637638092, 56.0027999878, 48.0412139893, 70.3224716187, 73.0128479004, 208.807266235, 109.872375488, 45.3211975098, 64.6780014038, 107.521133423, 46.5554161072, 55.3152008057, 33.9054222107, 35.3287353516, 36.5535888672, 50.0464057922, 51.655708313, 27.4466571808, 29.7686290741, 23.1023426056, 22.4087638855, 22.2875843048, 20.53956604, 10.9649438858, 8.05909442902, 5.06240844727, 3.15026307106, 1.61308860779, 0.603227436543, 0.107417069376, 0.00248770229518, 9.11071765586e-05]
    },
    "gfcc": {
        "mean": [2.12336778641, 87.3661575317, -135.270675659, 27.2858009338, -65.8029632568, 23.3568744659, -24.7215824127, 18.0705070496, -15.8410272598, 7.54082679749, -7.45573949814, 2.93303918839, -5.57549715042],
        "cov": [[6423.01416016, -2652.859375, 1101.66357422, 133.399398804, 54.6657981873, 880.705078125, 21.2919921875, 813.374633789, -324.363983154, 761.896240234, -547.473510742, 410.816833496, -408.346862793], [-2652.859375, 2841.29150391, -159.325622559, 273.926422119, 358.969299316, -487.953399658, 332.244384766, -444.45880127, 324.220947266, -460.104766846, 437.749725342, -267.80279541, 289.198760986], [1101.66357422, -159.325622559, 1189.74084473, 176.971908569, 56.8999290466, 391.3777771, -60.5862159729, 202.805587769, -63.395740509, 158.714660645, -139.764663696, 77.6950759888, -94.3556671143], [133.399398804, 273.926422119, 176.971908569, 398.617462158, 54.9183197021, 21.9777889252, 69.8143463135, -17.2060241699, 84.8455734253, -38.850528717, 28.2006034851, -64.8890991211, 44.2658500671], [54.6657981873, 358.969299316, 56.8999290466, 54.9183197021, 362.967041016, 0.429935336113, 161.920349121, 44.6402854919, 52.7331237793, 33.5135116577, 9.01569080353, 52.4059715271, 13.4951057434], [880.705078125, -487.953399658, 391.3777771, 21.9777889252, 0.429935336113, 615.401672363, 39.1297187805, 198.937301636, -32.7734565735, 104.395019531, -88.5724487305, 6.86120176315, -10.4469690323], [21.2919921875, 332.244384766, -60.5862159729, 69.8143463135, 161.920349121, 39.1297187805, 309.015930176, 25.572095871, 87.7834014893, 6.42612504959, 63.8500518799, 14.4513339996, 33.8242492676], [813.374633789, -444.45880127, 202.805587769, -17.2060241699, 44.6402854919, 198.937301636, 25.572095871, 289.148895264, -13.2865447998, 164.770324707, -79.4182815552, 89.5883865356, -35.291469574], [-324.363983154, 324.220947266, -63.395740509, 84.8455734253, 52.7331237793, -32.7734565735, 87.7834014893, -13.2865447998, 198.452880859, -46.566192627, 93.3111038208, -31.8606300354, 54.9133987427], [761.896240234, -460.104766846, 158.714660645, -38.850528717, 33.5135116577, 104.395019531, 6.42612504959, 164.770324707, -46.566192627, 255.742202759, -69.0963516235, 114.616592407, -67.9560623169], [-547.473510742, 437.749725342, -139.764663696, 28.2006034851, 9.01569080353, -88.5724487305, 63.8500518799, -79.4182815552, 93.3111038208, -69.0963516235, 254.70954895, -41.3040618896, 76.9609222412], [410.816833496, -267.80279541, 77.6950759888, -64.8890991211, 52.4059715271, 6.86120176315, 14.4513339996, 89.5883865356, -31.8606300354, 114.616592407, -41.3040618896, 191.405090332, -26.2127590179], [-408.346862793, 289.198760986, -94.3556671143, 44.2658500671, 13.4951057434, -10.4469690323, 33.8242492676, -35.291469574, 54.9133987427, -67.9560623169, 76.9609222412, -26.2127590179, 139.995697021]],
        "icov": [[0.000460463750642, 0.000279928644886, -0.000128812695039, -0.000405726663303, -9.6001480415e-05, -0.000117761628644, -0.000302842934616, -0.000391210836824, 0.00029865646502, -0.000261630280875, 4.71844396088e-05, -0.000163026023074, 0.000480711547425], [0.000279928644886, 0.00187691068277, -0.00106526166201, 0.000162176525919, -0.00142078264616, 0.0011857401114, -0.00134891225025, 0.00087713310495, -0.000406201754231, 0.000970909139141, -0.00102207332384, 0.00146296364255, -0.0015911150258], [-0.000128812695039, -0.00106526166201, 0.0020562519785, -0.00102578487713, 0.000476123415865, -0.00153017893899, 0.00144145276863, -0.000742004544009, 0.000425521895522, -0.000614188960753, 0.000555634731427, -0.00142817548476, 0.00180178042501], [-0.000405726663303, 0.000162176525919, -0.00102578487713, 0.0040291743353, -0.000345696666045, 0.000817885389552, -0.000731044390704, 0.000866593501996, -0.00150770193432, 0.000294477678835, 0.000130464948597, 0.00192587275524, -0.00197117170319], [-9.6001480415e-05, -0.00142078264616, 0.000476123415865, -0.000345696666045, 0.00503590144217, -0.000517258420587, -0.00105802610051, -0.00101749994792, 4.58999929833e-05, -0.000887995935045, 0.00122774357442, -0.00194528419524, 0.00107205763925], [-0.000117761628644, 0.0011857401114, -0.00153017893899, 0.000817885389552, -0.000517258420587, 0.00373924407177, -0.00165422598366, -0.000588779046666, -0.000149190876982, 0.000682375859469, -0.000287697243039, 0.00237904698588, -0.0025093795266], [-0.000302842934616, -0.00134891225025, 0.00144145276863, -0.000731044390704, -0.00105802610051, -0.00165422598366, 0.00623389193788, -0.000608226517215, -0.000971605360974, -0.000686006795149, -0.00022471183911, -0.0015272119781, 0.00131061417051], [-0.000391210836824, 0.00087713310495, -0.000742004544009, 0.000866593501996, -0.00101749994792, -0.000588779046666, -0.000608226517215, 0.00817898940295, -0.0018219742924, -0.00237414054573, 0.000347713852534, 8.83038301254e-05, -0.0020766267553], [0.00029865646502, -0.000406201754231, 0.000425521895522, -0.00150770193432, 4.58999929833e-05, -0.000149190876982, -0.000971605360974, -0.0018219742924, 0.0079892417416, 0.000242122478085, -0.00152812432498, -0.000114224087156, 3.6095680116e-05], [-0.000261630280875, 0.000970909139141, -0.000614188960753, 0.000294477678835, -0.000887995935045, 0.000682375859469, -0.000686006795149, -0.00237414054573, 0.000242122478085, 0.00908744521439, -0.0011325229425, -0.00185539212544, 0.00101929006632], [4.71844396088e-05, -0.00102207332384, 0.000555634731427, 0.000130464948597, 0.00122774357442, -0.000287697243039, -0.00022471183911, 0.000347713852534, -0.00152812432498, -0.0011325229425, 0.00659697875381, -0.000485212978674, -0.00108343036845], [-0.000163026023074, 0.00146296364255, -0.00142817548476, 0.00192587275524, -0.00194528419524, 0.00237904698588, -0.0015272119781, 8.83038301254e-05, -0.000114224087156, -0.00185539212544, -0.000485212978674, 0.00994629412889, -0.00303964293562], [0.000480711547425, -0.0015911150258, 0.00180178042501, -0.00197117170319, 0.00107205763925, -0.0025093795266, 0.00131061417051, -0.0020766267553, 3.6095680116e-05, 0.00101929006632, -0.00108343036845, -0.00303964293562, 0.0130460998043]]
    },
    "melbands": {
        "max": [0.0346572436392, 0.0302285514772, 0.0119513524696, 0.00595319131389, 0.0051798610948, 0.00728150410578, 0.00765238702297, 0.00673933653161, 0.0083390949294, 0.00587816303596, 0.00376784522086, 0.00712955091149, 0.0056416480802, 0.00294844782911, 0.00163025304209, 0.0015929118963, 0.00152265152428, 0.00161882757675, 0.00111025653314, 0.00108473689761, 0.000765718752518, 0.000571725482587, 0.000333750998834, 0.000665219733492, 0.000521637150086, 0.000656647549476, 0.000486257398734, 0.000206321376027, 0.000181976618478, 0.000163297780091, 0.000183815413038, 0.000207783494261, 0.000177578913281, 0.000141211668961, 0.000131300272187, 0.000165874138474, 0.000132952132844, 7.65399599914e-05, 9.31727699935e-05, 4.86456556246e-05],
        "mean": [0.00334207667038, 0.00204627611674, 0.000446456018835, 0.000199527741643, 0.000231682162848, 0.00027757420321, 0.00042087273323, 0.000316085439408, 0.000274409918347, 0.000239332424826, 0.000182495088666, 0.000494632462505, 0.000297282706015, 5.98942351644e-05, 8.20515851956e-05, 0.000121148506878, 8.04489100119e-05, 3.44493055309e-05, 5.142630107e-05, 3.06649781123e-05, 2.08780929825e-05, 2.13065832213e-05, 1.6223082639e-05, 2.23986753554e-05, 2.28658445849e-05, 2.19742832996e-05, 1.37507140607e-05, 9.14297561394e-06, 1.00327906694e-05, 8.96158780961e-06, 6.91549757903e-06, 6.07771016803e-06, 6.18871081315e-06, 5.85707630307e-06, 5.85285397392e-06, 3.70442785425e-06, 2.31599824474e-06, 2.15507111534e-06, 2.04381467483e-06, 2.01896000362e-06],
        "min": [8.57182502756e-09, 9.58994128553e-09, 4.82647122269e-09, 3.70079789036e-08, 1.77633395992e-07, 3.98241752464e-07, 1.58572845521e-06, 5.80979815368e-07, 9.11332620035e-07, 6.68490883982e-07, 3.72562993789e-07, 7.4992391319e-07, 9.89486920844e-07, 3.43441115547e-07, 1.89416525131e-07, 1.83379711416e-07, 1.72948546151e-07, 1.15879906559e-07, 1.26087172703e-07, 1.51936703219e-07, 9.97049340867e-08, 6.77635014767e-08, 5.03917796379e-08, 5.76992285062e-08, 3.26304423481e-08, 1.52506007822e-08, 5.35336264207e-09, 3.70521169302e-09, 7.55772000538e-10, 3.86665449659e-10, 7.54840842609e-11, 3.03483557729e-11, 3.25696726533e-11, 2.59927288027e-11, 3.48651905957e-11, 1.24250644495e-11, 2.22983784215e-12, 2.13059886574e-12, 2.56470279042e-12, 1.33871407883e-12],
        "stdev": [0.00532079860568, 0.00380587484688, 0.00120847392827, 0.000491475278977, 0.000536907522473, 0.000652607239317, 0.000697783718351, 0.000537422893103, 0.000477955676615, 0.000463677308289, 0.000386446394259, 0.000817398249637, 0.000565463094972, 0.000125949620269, 0.000153161890921, 0.000234351187828, 0.000180447386811, 8.81642117747e-05, 9.00156519492e-05, 6.16278703092e-05, 4.48078790214e-05, 4.46416197519e-05, 2.97058631986e-05, 4.68950456707e-05, 4.38735696662e-05, 4.65055745735e-05, 2.84005272988e-05, 1.74219094333e-05, 1.97487097466e-05, 1.73508396983e-05, 1.26476506921e-05, 1.33513685796e-05, 1.38308760143e-05, 1.23480995171e-05, 1.31670331029e-05, 8.94920049177e-06, 6.30398653811e-06, 5.57396242584e-06, 5.60787384529e-06, 3.99797090722e-06]
    },
    "melbands128": {
        "max": [0.00888582784683, 0.0387896262109, 0.0557545423508, 0.045205257833, 0.0379868447781, 0.0228900052607, 0.0139203257859, 0.0115595217794, 0.00923810061067, 0.00654642609879, 0.00623158086091, 0.00403502536938, 0.00845015235245, 0.0151640903205, 0.0122106224298, 0.0056856861338, 0.013364774175, 0.0113572627306, 0.0121444156393, 0.0122764576226, 0.00679207826033, 0.00379502330907, 0.00781231932342, 0.0204576198012, 0.00780680309981, 0.00898832641542, 0.0119816986844, 0.00637217238545, 0.0110167087987, 0.0084064565599, 0.0154994437471, 0.0118473628536, 0.0111999334767, 0.00375145114958, 0.00432363990694, 0.00317929103039, 0.00347286649048, 0.00369104230776, 0.00194609735627, 0.00219709891826, 0.00232830294408, 0.00560468295589, 0.00166366971098, 0.00133487291168, 0.00308926892467, 0.00220830622129, 0.00119475543033, 0.00252280989662, 0.00190820754506, 0.0029273966793, 0.00121625163592, 0.00106926402077, 0.000606142508332, 0.00145651085768, 0.00180441373959, 0.000917909434065, 0.000885634974111, 0.000622655905318, 0.000807667325716, 0.000475409178762, 0.00151264038868, 0.00090340099996, 0.000692698697094, 0.000989086576737, 0.0012480156729, 0.000720775744412, 0.00142370827962, 0.000935743970331, 0.00081709184451, 0.000607524299994, 0.00025532496511, 0.000273007317446, 0.000216549480683, 0.000298616912914, 0.000397883559344, 0.000330307491822, 0.000321158760926, 0.000436321250163, 0.000153951754328, 0.000289659976261, 0.000310973147862, 0.000232904174482, 0.000155050569447, 0.000240410066908, 0.000198635359993, 0.000129128588014, 0.000194862179342, 0.00023009259894, 0.000170061495737, 0.000169718550751, 0.000178630943992, 0.000199852540391, 0.000127870764118, 0.000140023854328, 0.00016664985742, 6.41501537757e-05, 0.000104873637611, 0.000120264514408, 0.000133638546686, 8.35436803754e-05, 5.23928792973e-05, 6.35088945273e-05, 4.10712309531e-05, 3.19958053296e-05, 4.82055475004e-05, 2.6382109354e-05, 3.13258278766e-05, 4.44412107754e-05, 3.31734736392e-05, 1.93323503481e-05, 3.24740794895e-05, 3.2341289625e-05, 1.3672055502e-05, 1.3628882698e-05, 2.15809141082e-05, 1.05956478365e-05, 1.25811038743e-05, 2.01898774321e-06, 4.47702888096e-07, 4.31817028357e-07, 2.52809968515e-07, 3.10280569238e-07, 1.46624373087e-07, 2.53776040182e-08, 2.51628069492e-08, 2.48807250358e-08, 2.47028637546e-08, 2.45892106676e-08],
        "mean": [0.000621735001914, 0.00299035361968, 0.00469495356083, 0.00368775520474, 0.00187545001972, 0.000896205834579, 0.000521336391103, 0.000365695304936, 0.000243457063334, 0.000186039353139, 0.000181381299626, 0.000147376282257, 0.000235345316469, 0.000353530835127, 0.000291113741696, 0.000217081818846, 0.000268495408818, 0.000447769532911, 0.000660431454889, 0.000346249551512, 0.000153499786393, 0.000176006840775, 0.000317681959132, 0.000357955024811, 0.000215617677895, 0.000219365392695, 0.000210326368688, 0.000135170237627, 0.000191139100934, 0.00031305430457, 0.000725219608285, 0.000665444647893, 0.000227888318477, 7.38143135095e-05, 6.44739120617e-05, 4.55226872873e-05, 6.74219190842e-05, 0.000106460443931, 6.63664395688e-05, 8.01644127932e-05, 0.000121655801195, 0.000215485575609, 6.28060515737e-05, 3.44552390743e-05, 3.30888869939e-05, 3.47576678905e-05, 2.92446384265e-05, 6.67232743581e-05, 5.10692407261e-05, 4.14399291913e-05, 2.56071980402e-05, 2.43398590101e-05, 2.04121333809e-05, 1.92506813619e-05, 2.18892055273e-05, 2.45563533099e-05, 1.7914459022e-05, 1.44968453242e-05, 1.61701755133e-05, 1.79512317118e-05, 2.61670938926e-05, 2.14630726987e-05, 2.186916754e-05, 2.29313718592e-05, 2.54118240264e-05, 2.37536987697e-05, 1.87169534911e-05, 1.66343288583e-05, 1.24153075376e-05, 1.02007024907e-05, 8.70331041369e-06, 8.70180338097e-06, 9.6296053016e-06, 1.00367524283e-05, 1.12538200483e-05, 8.43098587211e-06, 8.49684329296e-06, 8.33098420117e-06, 6.070719337e-06, 6.33640183878e-06, 6.68495431455e-06, 5.47345325685e-06, 5.64471338294e-06, 7.10955282557e-06, 5.89372439208e-06, 4.92038634547e-06, 6.31037573839e-06, 6.76886838846e-06, 5.41176359548e-06, 6.1172822825e-06, 3.94406197302e-06, 3.22511891682e-06, 2.72019815384e-06, 2.40781901084e-06, 1.95104621525e-06, 1.8901733938e-06, 2.42903320213e-06, 2.1915814159e-06, 2.13316889131e-06, 1.80581946552e-06, 1.9124370283e-06, 1.96372911887e-06, 2.37948052018e-06, 2.28513408729e-06, 2.16857029045e-06, 1.27042414988e-06, 1.53986911755e-06, 1.61169293733e-06, 9.57553083936e-07, 6.44537976768e-07, 8.40909592625e-07, 8.70707651757e-07, 4.49722023177e-07, 3.87368118027e-07, 5.05124432948e-07, 2.7326785812e-07, 1.9262655826e-07, 3.18623705198e-08, 3.60963192669e-09, 1.75579417672e-09, 1.40711298169e-09, 1.22897780841e-09, 4.08492351056e-10, 2.72304644111e-11, 2.28334174485e-11, 2.22035636405e-11, 2.18392439549e-11, 2.17045825757e-11],
        "min": [1.96447036416e-09, 3.40568950818e-09, 5.51491519118e-09, 7.72918795633e-09, 8.8521634467e-09, 6.33747676559e-09, 2.86864954013e-09, 3.87982090899e-09, 6.38583808055e-09, 9.39752275997e-09, 5.46817631175e-08, 6.3905361003e-08, 4.52650965599e-08, 1.17837728908e-07, 1.29052992293e-07, 1.68938555589e-07, 2.09461504141e-07, 2.84935367745e-07, 1.45994903278e-07, 5.28579960246e-07, 2.43206358164e-07, 3.66748167835e-07, 4.44113368303e-08, 2.92767367682e-07, 4.02774645636e-07, 1.61830627121e-07, 1.3630538831e-07, 1.3987208547e-07, 4.03348565214e-07, 3.29324251425e-07, 2.29571867294e-07, 4.10248361504e-07, 3.45242085587e-07, 7.97217012405e-08, 1.16951923701e-07, 4.6991985414e-08, 7.32924263502e-08, 9.79235537102e-08, 9.25062266788e-08, 1.38215128231e-07, 1.14770877246e-07, 6.07485759474e-08, 8.86629081265e-08, 2.57472230203e-08, 5.24564534032e-08, 3.12850119144e-08, 3.23431770255e-08, 4.02565056845e-08, 4.30828706044e-08, 2.73380731386e-08, 1.75087588872e-08, 1.22245218392e-08, 4.43315748555e-08, 4.68480436666e-08, 4.2458275118e-08, 5.65303359679e-08, 4.18856309636e-08, 1.75686789561e-08, 2.27554828314e-08, 4.92813931885e-08, 1.93969036388e-08, 1.46098155795e-08, 2.09367136961e-08, 2.39351560793e-08, 2.02044461162e-08, 1.65774913796e-08, 8.19063483704e-09, 2.70882649644e-09, 5.75032554906e-09, 4.75313122195e-09, 3.48937478911e-09, 8.88838891377e-10, 3.49943490852e-10, 6.29312213452e-10, 4.13075323946e-10, 2.06311356887e-10, 2.20937934614e-10, 1.07776572389e-10, 6.56423526646e-11, 3.20703394396e-11, 3.35148263308e-11, 2.57624980377e-11, 1.91125171245e-11, 3.8518951917e-11, 2.75864452809e-11, 2.65191514581e-11, 2.17089558135e-11, 2.7390409385e-11, 4.21415818908e-11, 3.49463236127e-11, 6.03578775502e-12, 1.00983143288e-12, 1.53276100579e-12, 2.20281150091e-12, 1.64888469632e-12, 2.20892856957e-12, 1.17280339086e-12, 1.50786490499e-12, 1.17180549118e-12, 1.16968078018e-12, 1.03429612965e-12, 8.9168695214e-13, 1.14237276323e-12, 9.1794757559e-13, 8.31064980288e-13, 6.52188372752e-13, 5.16993186542e-13, 4.49906930287e-13, 5.45600077704e-13, 3.87124224821e-13, 5.11691383709e-13, 5.87789907892e-13, 3.78792402176e-13, 5.03470366526e-13, 4.51979653791e-13, 4.2275197557e-13, 4.21026088342e-13, 4.78588577189e-13, 4.75410726411e-13, 4.64417187433e-13, 3.59390251933e-13, 3.98886815505e-13, 4.76824580254e-13, 3.7727739227e-13, 2.76076579132e-13, 8.49809656781e-14, 1.68937688952e-14, 5.39320171198e-16],
        "stdev": [0.00134338473435, 0.00611191941425, 0.00779031356797, 0.00643941061571, 0.00441826460883, 0.00263355043717, 0.00147717515938, 0.00104393449146, 0.000757173052989, 0.00051215843996, 0.000429917359725, 0.000350129441358, 0.000656619551592, 0.00125295412727, 0.00101424544118, 0.000420001568273, 0.000740507035516, 0.000957301468588, 0.00127023214009, 0.000775677792262, 0.000431594467955, 0.000354554707883, 0.00060542387655, 0.000875709345564, 0.000517435604706, 0.000620551698375, 0.00075006892439, 0.000379212928237, 0.00063959142426, 0.000860168831423, 0.0015044354368, 0.00138525746297, 0.000759550428484, 0.000237567757722, 0.000187441124581, 0.00011842634558, 0.000171670806594, 0.000260896922555, 0.00015794907813, 0.00018839733093, 0.000254794693319, 0.000675488437992, 0.000141894764965, 8.94937620615e-05, 0.000129638705403, 0.000124548445456, 6.87837891746e-05, 0.000148063292727, 0.000121661549201, 0.000127645937027, 6.75506307743e-05, 6.39582431177e-05, 4.80016060465e-05, 7.01152603142e-05, 8.61942753545e-05, 6.27485424047e-05, 4.40013973275e-05, 3.73392831534e-05, 4.58162430732e-05, 3.91169960494e-05, 7.96532331151e-05, 5.31593650521e-05, 5.23434609931e-05, 6.00265448156e-05, 7.06392529537e-05, 5.9420341131e-05, 6.81634264765e-05, 4.66279270768e-05, 3.12100673909e-05, 3.0153145417e-05, 1.96561577468e-05, 1.79029266292e-05, 2.19196645048e-05, 2.43243739533e-05, 2.82275796053e-05, 2.16732023546e-05, 2.1241237846e-05, 2.37036128965e-05, 1.19526521303e-05, 1.44107134474e-05, 1.73974785866e-05, 1.33411704155e-05, 1.20463728308e-05, 1.77147339855e-05, 1.45082003655e-05, 1.11430199468e-05, 1.40782776725e-05, 1.49767211042e-05, 1.41509417517e-05, 1.64953653439e-05, 1.03814263639e-05, 9.07681624085e-06, 7.2122597885e-06, 6.96631241226e-06, 6.64613162371e-06, 4.741768862e-06, 7.1766671681e-06, 6.59604029352e-06, 6.5996991907e-06, 4.88541900268e-06, 4.82676387037e-06, 4.24847348768e-06, 4.2239485083e-06, 4.40747589892e-06, 4.4405310291e-06, 2.93300809062e-06, 3.91033654523e-06, 4.22376160714e-06, 2.92754339171e-06, 1.76396417828e-06, 2.80098925032e-06, 3.27775137521e-06, 1.32285094878e-06, 1.35147786295e-06, 2.15784598367e-06, 1.01531384189e-06, 8.85150825525e-07, 1.49193951415e-07, 2.56359307116e-08, 1.77334893436e-08, 1.28540547095e-08, 1.33091653254e-08, 5.08511055486e-09, 6.81125933433e-10, 6.71928068741e-10, 6.64408028594e-10, 6.59664545211e-10, 6.56630916307e-10]
    },
    "mfcc": {
        "mean": [-635.635681152, 116.087738037, -11.0284862518, 12.1414499283, -10.4878034592, 6.17457866669, 2.33600687981, 11.0174875259, 2.78943347931, 6.63025426865, 7.80529308319, -0.810046732426, 7.51828861237],
        "cov": [[5886.04296875, -2229.61669922, 673.360778809, -335.992553711, 133.895095825, 196.432861328, 407.349822998, 114.27230072, 395.835845947, 266.743011475, 226.51385498, 272.843353271, -59.3241119385], [-2229.61669922, 2157.90893555, -310.600952148, 575.616577148, 34.094997406, 29.1993465424, -49.1192588806, 71.6093215942, -123.513557434, -77.9187240601, -29.3177204132, -77.3061294556, 110.232185364], [673.360778809, -310.600952148, 1146.13452148, -153.588623047, 288.450317383, 123.294311523, 163.944015503, -1.25833165646, 129.283660889, 76.3860015869, -43.8692016602, 147.165390015, -42.7340087891], [-335.992553711, 575.616577148, -153.588623047, 583.08013916, -41.4868659973, 28.5980854034, -80.6962509155, 31.1024360657, -38.2147140503, -7.68532037735, 5.85039234161, -9.16802406311, 43.7681541443], [133.895095825, 34.094997406, 288.450317383, -41.4868659973, 292.25881958, 45.7493515015, 86.1269989014, 26.5999717712, 74.1295394897, 36.0299873352, 1.65950334072, 35.6945953369, -8.70407390594], [196.432861328, 29.1993465424, 123.294311523, 28.5980854034, 45.7493515015, 229.43182373, 93.1478424072, 63.2275238037, 85.55859375, 32.4980430603, 24.8876171112, 26.1616382599, -2.80805850029], [407.349822998, -49.1192588806, 163.944015503, -80.6962509155, 86.1269989014, 93.1478424072, 257.69418335, 45.985622406, 89.5479125977, 63.7626190186, 46.3745269775, 43.3746032715, 5.84136772156], [114.27230072, 71.6093215942, -1.25833165646, 31.1024360657, 26.5999717712, 63.2275238037, 45.985622406, 160.148330688, 59.2558631897, 35.5556602478, 32.2198410034, 11.7941627502, 23.9287719727], [395.835845947, -123.513557434, 129.283660889, -38.2147140503, 74.1295394897, 85.55859375, 89.5479125977, 59.2558631897, 236.225967407, 63.2415237427, 19.0291957855, 63.3885116577, 9.54806995392], [266.743011475, -77.9187240601, 76.3860015869, -7.68532037735, 36.0299873352, 32.4980430603, 63.7626190186, 35.5556602478, 63.2415237427, 121.176292419, 29.0227031708, 42.0245628357, 2.01399064064], [226.51385498, -29.3177204132, -43.8692016602, 5.85039234161, 1.65950334072, 24.8876171112, 46.3745269775, 32.2198410034, 19.0291957855, 29.0227031708, 145.763687134, 38.3142776489, 30.7910346985], [272.843353271, -77.3061294556, 147.165390015, -9.16802406311, 35.6945953369, 26.1616382599, 43.3746032715, 11.7941627502, 63.3885116577, 42.0245628357, 38.3142776489, 147.888977051, 18.1071796417], [-59.3241119385, 110.232185364, -42.7340087891, 43.7681541443, -8.70407390594, -2.80805850029, 5.84136772156, 23.9287719727, 9.54806995392, 2.01399064064, 30.7910346985, 18.1071796417, 127.321762085]],
        "icov": [[0.000396146235289, 0.000453620130429, -5.33830971108e-05, -0.000296210171655, -1.56121241162e-05, 5.32370495421e-06, -0.000410739216022, -0.000166816957062, -0.000155510279001, -9.26299253479e-05, -0.000287688686512, -0.000158575508976, 3.02526004816e-05], [0.000453620130429, 0.00126463267952, 0.000120208125736, -0.00101224519312, -0.000433391483966, -9.24655541894e-05, -0.000723881530575, -0.000441182841314, 0.000195918008103, 0.000277101411484, 9.49385230342e-06, -0.000103824109829, -0.000417360832216], [-5.33830971108e-05, 0.000120208125736, 0.00155890965834, 0.000115891933092, -0.00125490291975, -0.000568099028897, -0.000304227141896, 0.000301027321257, 0.000239964603679, -0.000114578178909, 0.00100830045994, -0.00126197107602, 0.000132953879074], [-0.000296210171655, -0.00101224519312, 0.000115891933092, 0.00282313115895, 0.000281726563117, -0.000605148670729, 0.00130321853794, 2.75555139524e-05, 0.000191589453607, -0.000553389836568, 3.98287520511e-05, -0.000173783104401, -0.00024280710204], [-1.56121241162e-05, -0.000433391483966, -0.00125490291975, 0.000281726563117, 0.00513167260215, 0.000397960160626, -0.000606051937211, -0.000304634770146, -0.000969583925325, -0.000245758565143, -0.000353407638613, 0.000491169339512, 0.000386769708712], [5.32370495421e-06, -9.24655541894e-05, -0.000568099028897, -0.000605148670729, 0.000397960160626, 0.00622716685757, -0.00155243591871, -0.00152118701953, -0.00147584651131, 0.000483778654598, -0.000590578652918, 0.000397470750613, 0.000810865487438], [-0.000410739216022, -0.000723881530575, -0.000304227141896, 0.00130321853794, -0.000606051937211, -0.00155243591871, 0.00651525612921, 1.12270672616e-05, -0.000571530137677, -0.00166311569046, -0.00108362967148, 0.000295116653433, -0.000202198410989], [-0.000166816957062, -0.000441182841314, 0.000301027321257, 2.75555139524e-05, -0.000304634770146, -0.00152118701953, 1.12270672616e-05, 0.00824563018978, -0.00124814338051, -0.00141793768853, -0.000841934524942, 0.000738798931707, -0.000994194881059], [-0.000155510279001, 0.000195918008103, 0.000239964603679, 0.000191589453607, -0.000969583925325, -0.00147584651131, -0.000571530137677, -0.00124814338051, 0.00664834678173, -0.00143524212763, 0.00105336424895, -0.00172254990321, -0.000551071192604], [-9.26299253479e-05, 0.000277101411484, -0.000114578178909, -0.000553389836568, -0.000245758565143, 0.000483778654598, -0.00166311569046, -0.00141793768853, -0.00143524212763, 0.0113671030849, -0.00084993452765, -0.0014921418624, 0.000550942262635], [-0.000287688686512, 9.49385230342e-06, 0.00100830045994, 3.98287520511e-05, -0.000353407638613, -0.000590578652918, -0.00108362967148, -0.000841934524942, 0.00105336424895, -0.00084993452765, 0.00922260899097, -0.00229180441238, -0.00161674979609], [-0.000158575508976, -0.000103824109829, -0.00126197107602, -0.000173783104401, 0.000491169339512, 0.000397470750613, 0.000295116653433, 0.000738798931707, -0.00172254990321, -0.0014921418624, -0.00229180441238, 0.00980714801699, -0.00114557973575], [3.02526004816e-05, -0.000417360832216, 0.000132953879074, -0.00024280710204, 0.000386769708712, 0.000810865487438, -0.000202198410989, -0.000994194881059, -0.000551071192604, 0.000550942262635, -0.00161674979609, -0.00114557973575, 0.00918461382389]]
    },
    "spectral_contrast_coeffs": {
        "max": [-0.333171010017, -0.466829955578, -0.480772435665, -0.543364644051, -0.512757003307, -0.438359171152],
        "mean": [-0.749396443367, -0.757096886635, -0.740220367908, -0.789332687855, -0.781071484089, -0.738436877728],
        "min": [-0.899602651596, -0.946539103985, -0.91338378191, -0.952104270458, -0.895185053349, -0.871493220329],
        "stdev": [0.0732289850712, 0.0779313594103, 0.0751238912344, 0.0552817843854, 0.0626889243722, 0.0660454928875]
    },
    "spectral_contrast_valleys": {
        "max": [-4.59931373596, -4.7769536972, -5.32396364212, -5.4126958847, -5.42826366425, -7.46684741974],
        "mean": [-7.03043222427, -6.48663187027, -7.01740264893, -7.4120221138, -7.51082229614, -10.3514528275],
        "min": [-11.3657808304, -8.45791530609, -9.36580944061, -9.34119701385, -10.3629369736, -15.514922142],
        "stdev": [0.991169929504, 0.682253062725, 0.714562237263, 0.731142818928, 0.901908814907, 1.68133926392]
    }
},
"rhythm": {
    "beats_count": 69,
    "beats_loudness": {
        "max": 0.0881774500012,
        "mean": 0.0330901108682,
        "min": 0.00165377138183,
        "stdev": 0.0195540077984
    },
    "bpm": 129.324111938,
    "bpm_histogram_first_peak_bpm": 129,
    "bpm_histogram_first_peak_weight": 0.333333313465,
    "bpm_histogram_second_peak_bpm": 123,
    "bpm_histogram_second_peak_spread": 0,
    "bpm_histogram_second_peak_weight": 0.0294117648154,
    "danceability": 1.24682235718,
    "onset_rate": 5.53710889816,
    "beats_loudness_band_ratio": {
        "max": [0.914606392384, 0.787518084049, 0.875032901764, 0.659072756767, 0.598267674446, 0.584505677223],
        "mean": [0.308433353901, 0.069985024631, 0.187628269196, 0.230988070369, 0.0892772525549, 0.127617701888],
        "min": [0.000162582553457, 0.00205083517358, 0.0107543012127, 0.0118629997596, 0.00122322421521, 0.000638413010165],
        "stdev": [0.255502194166, 0.112828612328, 0.172309711576, 0.178214564919, 0.108553133905, 0.133448123932]
    },
