{
"metadata": {
    "version": {
        "essentia": "2.1-beta5",
        "essentia_git_sha": "Undefined",
        "extractor": "music 2.0"
    },
    "audio_properties": {
        "analysis": {
            "equal_loudness": 0,
            "length": 32.960723877,
            "sample_rate": 44100,
            "start_time": 158.987030029,
            "downmix": "mix"
        },
        "bit_rate": 192000,
        "length": 191.970977783,
        "lossless": 0,
        "number_channels": 2,
        "replay_gain": -2.2080745697,
        "sample_rate": 48000,
        "codec": "mp3",
        "md5_encoded": "df30ae68ba337556cf63d5a67bce6272"
    },
    "tags": {
        "file_name": "Armenia_Qami_Sevak Khanagyan.mp3",
        "encoding": ["Lavf58.29.100"]
    }
},
"lowlevel": {
    "average_loudness": 0.980985939503,
    "barkbands_crest": {
        "max": 21.4262046814,
        "mean": 8.27704524994,
        "min": 2.63796210289,
        "stdev": 3.22293233871
    },
    "barkbands_flatness_db": {
        "max": 0.256584018469,
        "mean": 0.12544311583,
        "min": 0.0366282649338,
        "stdev": 0.0359856411815
    },
    "barkbands_kurtosis": {
        "max": 8.70612239838,
        "mean": 0.312649279833,
        "min": -1.86218035221,
        "stdev": 1.68881165981
    },
    "barkbands_skewness": {
        "max": 2.70623660088,
        "mean": 0.79464673996,
        "min": -0.963116765022,
        "stdev": 0.653702199459
    },
    "barkbands_spread": {
        "max": 80.4634246826,
        "mean": 26.5431690216,
        "min": 6.96477079391,
        "stdev": 10.2581329346
    },
    "dissonance": {
        "max": 0.499998360872,
        "mean": 0.476120769978,
        "min": 0.381673455238,
        "stdev": 0.0159511435777
    },
    "dynamic_complexity": 1.18866562843,
    "erbbands_crest": {
        "max": 22.539226532,
        "mean": 8.81155872345,
        "min": 2.77935862541,
        "stdev": 3.2033059597
    },
    "erbbands_flatness_db": {
        "max": 0.283189594746,
        "mean": 0.17840769887,
        "min": 0.0826219245791,
        "stdev": 0.0354183577001
    },
    "erbbands_kurtosis": {
        "max": 13.4900531769,
        "mean": -0.156699255109,
        "min": -1.63980567455,
        "stdev": 1.22352874279
    },
    "erbbands_skewness": {
        "max": 2.23473024368,
        "mean": 0.0401050448418,
        "min": -2.60152292252,
        "stdev": 0.673128664494
    },
    "erbbands_spread": {
        "max": 107.721321106,
        "mean": 32.7405738831,
        "min": 8.80477333069,
        "stdev": 12.6659097672
    },
    "hfc": {
        "max": 81.0710754395,
        "mean": 31.4991664886,
        "min": 0.395292252302,
        "stdev": 13.4035377502
    },
    "loudness_ebu128": {
        "integrated": -20.6378498077,
        "loudness_range": 2.25040626526,
        "momentary": {
            "max": -18.9450683594,
            "mean": -20.8240470886,
            "min": -26.8410663605,
            "stdev": 1.39868187904
        },
        "short_term": {
            "max": -19.6482582092,
            "mean": -20.7002334595,
            "min": -23.6734676361,
            "stdev": 0.918016195297
        }
    },
    "melbands_crest": {
        "max": 25.0356998444,
        "mean": 11.2617359161,
        "min": 3.71693921089,
        "stdev": 3.95076036453
    },
    "melbands_flatness_db": {
        "max": 0.306231200695,
        "mean": 0.154416128993,
        "min": 0.059920206666,
        "stdev": 0.0395651161671
    },
    "melbands_kurtosis": {
        "max": 32.1173744202,
        "mean": 4.13903665543,
        "min": -1.44705045223,
        "stdev": 4.7426071167
    },
    "melbands_skewness": {
        "max": 5.00904083252,
        "mean": 1.683811903,
        "min": -0.216008573771,
        "stdev": 0.853554189205
    },
    "melbands_spread": {
        "max": 78.8656692505,
        "mean": 33.1542739868,
        "min": 7.52188777924,
        "stdev": 14.4069547653
    },
    "pitch_salience": {
        "max": 0.916646718979,
        "mean": 0.566076219082,
        "min": 0.241928502917,
        "stdev": 0.102965138853
    },
    "silence_rate_20dB": {
        "max": 1,
        "mean": 1,
        "min": 1,
        "stdev": 0
    },
    "silence_rate_30dB": {
        "max": 1,
        "mean": 1,
        "min": 1,
        "stdev": 0
    },
    "silence_rate_60dB": {
        "max": 0,
        "mean": 0,
        "min": 0,
        "stdev": 0
    },
    "spectral_centroid": {
        "max": 2907.97021484,
        "mean": 1763.17175293,
        "min": 616.346679688,
        "stdev": 396.208129883
    },
    "spectral_complexity": {
        "max": 49,
        "mean": 26.5883178711,
        "min": 0,
        "stdev": 6.48845624924
    },
    "spectral_decrease": {
        "max": -7.33028984734e-11,
        "mean": -7.10442016327e-09,
        "min": -1.62746900401e-08,
        "stdev": 2.45090969742e-09
    },
    "spectral_energy": {
        "max": 0.0654606819153,
        "mean": 0.0296707991511,
        "min": 0.000312515156111,
        "stdev": 0.00994675979018
    },
    "spectral_energyband_high": {
        "max": 0.00870389305055,
        "mean": 0.000825469964184,
        "min": 7.50366780267e-06,
        "stdev": 0.00092112791026
    },
    "spectral_energyband_low": {
        "max": 0.0409786477685,
        "mean": 0.00612823339179,
        "min": 8.09358056131e-08,
        "stdev": 0.00618297280744
    },
    "spectral_energyband_middle_high": {
        "max": 0.037009101361,
        "mean": 0.0111471805722,
        "min": 0.000151820277097,
        "stdev": 0.00618452019989
    },
    "spectral_energyband_middle_low": {
        "max": 0.0438123196363,
        "mean": 0.0126593019813,
        "min": 0.000162246680702,
        "stdev": 0.00726798828691
    },
    "spectral_entropy": {
        "max": 8.47831630707,
        "mean": 7.64808654785,
        "min": 7.08595705032,
        "stdev": 0.221217483282
    },
    "spectral_flux": {
        "max": 0.202231779695,
        "mean": 0.0976496711373,
        "min": 0.0277801733464,
        "stdev": 0.0294184368104
    },
    "spectral_kurtosis": {
        "max": 15.6014728546,
        "mean": 4.35847043991,
        "min": -0.620782375336,
        "stdev": 1.63940680027
    },
    "spectral_rms": {
        "max": 0.00799150019884,
        "mean": 0.00529635418206,
        "min": 0.000552171026357,
        "stdev": 0.00094646733487
    },
    "spectral_rolloff": {
        "max": 8354.8828125,
        "mean": 2073.70117188,
        "min": 301.46484375,
        "stdev": 982.1640625
    },
    "spectral_skewness": {
        "max": 2.94670462608,
        "mean": 1.47835206985,
        "min": 0.598360300064,
        "stdev": 0.240288510919
    },
    "spectral_spread": {
        "max": 10837488,
        "mean": 3933697.75,
        "min": 2363370.75,
        "stdev": 1049491
    },
    "spectral_strongpeak": {
        "max": 9.8331489563,
        "mean": 1.43712246418,
        "min": 0.0324209481478,
        "stdev": 1.56014358997
    },
    "zerocrossingrate": {
        "max": 0.20703125,
        "mean": 0.0706014856696,
        "min": 0.01611328125,
        "stdev": 0.021556256339
    },
    "barkbands": {
        "max": [0.00186668592505, 0.0287373140454, 0.0316147916019, 0.0171808544546, 0.0220037065446, 0.0274831540883, 0.0222865976393, 0.00996070168912, 0.0209606923163, 0.0269487444311, 0.00905317254364, 0.01761829108, 0.0131836552173, 0.0101798009127, 0.0158271864057, 0.0150426225737, 0.0101443678141, 0.00848502106965, 0.00770263047889, 0.00360368215479, 0.00114832480904, 0.00180246017408, 0.00258353236131, 0.00433683022857, 0.00206680223346, 0.00038046107511, 2.01829698199e-05],
        "mean": [7.74785876274e-05, 0.00426153512672, 0.00135511124972, 0.000749969563913, 0.00187912618276, 0.00340438028798, 0.00205441052094, 0.000910097849555, 0.00269364216365, 0.00248410901986, 0.000725607736968, 0.00141222286038, 0.000566375383642, 0.000622718187515, 0.000870184798259, 0.0012329184683, 0.00125302583911, 0.0013304145541, 0.000802964088507, 0.000354797346517, 0.000129522071802, 0.000146540434798, 0.000135324400617, 0.00012543342018, 7.33096894692e-05, 1.94602962438e-05, 1.27636226921e-07],
        "min": [1.29036648033e-09, 4.15719636493e-09, 3.42338535297e-09, 1.68029963277e-08, 1.06090942609e-06, 4.01571196562e-06, 4.54812561657e-06, 1.73767111846e-05, 1.33727444336e-05, 1.93435389519e-05, 1.70074395101e-06, 1.18163288789e-05, 2.56718794844e-06, 5.81193035032e-06, 7.64376181905e-06, 1.0179619494e-05, 8.05557465355e-06, 1.36555881909e-05, 3.7989386783e-06, 1.58214027124e-06, 9.60902411862e-07, 2.76148125522e-06, 1.14178499189e-06, 6.25378959285e-07, 2.92725038653e-10, 8.26445925584e-11, 1.00250460711e-10],
        "stdev": [0.000209355319384, 0.00470043672249, 0.00273234117776, 0.00179916073103, 0.00252768909559, 0.00393129885197, 0.00272163166665, 0.00100642477628, 0.00329510378651, 0.00331032392569, 0.000864706991706, 0.00202087266371, 0.000918446283322, 0.00118146231398, 0.00137632724363, 0.00179592135828, 0.00121199013665, 0.0013161720708, 0.000766240118537, 0.000339491874911, 0.000123759469716, 0.000163644566783, 0.000205570104299, 0.000344451371348, 0.000173301828909, 3.15096440318e-05, 6.64122239868e-07]
    },
    "erbbands": {
        "max": [1.06897556782, 6.85472011566, 26.7663249969, 54.1129302979, 32.8984184265, 113.656494141, 300.643615723, 286.76159668, 375.109130859, 163.696899414, 307.37008667, 552.834106445, 920.006835938, 567.53503418, 516.048339844, 847.229064941, 678.815734863, 500.590820312, 971.241821289, 342.168395996, 1041.33679199, 350.274291992, 477.538085938, 404.62387085, 452.940765381, 187.436279297, 53.0854530334, 47.2766342163, 74.1721115112, 45.4390220642, 87.3477630615, 94.4317169189, 76.1057510376, 30.3822746277, 13.7186975479, 2.20866918564, 0.893679618835, 0.0999006778002, 0.00292222644202, 0.000303993409034],
        "mean": [0.0949116796255, 1.04279625416, 1.7351552248, 2.27495741844, 2.57664966583, 6.19457864761, 21.5054721832, 28.9982814789, 34.9541320801, 17.1830101013, 27.2882137299, 68.0482635498, 75.791015625, 52.2926139832, 39.1123161316, 62.3232383728, 30.4002380371, 27.8018112183, 52.8087158203, 39.8339805603, 82.7136230469, 60.7435493469, 76.897819519, 48.507938385, 34.5197753906, 19.3444499969, 6.8721075058, 4.96876716614, 5.00754976273, 4.83265590668, 3.8180577755, 2.75451087952, 1.99609220028, 0.985766649246, 0.443825274706, 0.140124604106, 0.0253543499857, 0.00196835189126, 6.83037796989e-05, 4.05093633162e-05],
        "min": [5.14571013355e-07, 2.78049924418e-06, 3.1663759728e-05, 0.00011910394096, 0.00246286997572, 0.0074166203849, 0.0159194823354, 0.0400960855186, 0.0751981213689, 0.19840657711, 0.570324242115, 0.792326033115, 0.648060142994, 0.355192869902, 0.305221378803, 0.566208720207, 0.370540380478, 0.436739981174, 0.224223718047, 0.648264110088, 0.388157129288, 0.547597944736, 1.07288551331, 0.409128516912, 0.194776177406, 0.100703604519, 0.0374655090272, 0.0516832247376, 0.10935664922, 0.0603707320988, 0.0285935513675, 0.010113033466, 0.0112183550373, 0.00069278513547, 6.64048857288e-05, 1.74596316356e-05, 7.16561862646e-06, 1.25483086322e-06, 5.64113122437e-07, 4.2814596668e-07],
        "stdev": [0.128538101912, 1.13982903957, 2.58561682701, 5.16284894943, 3.69839096069, 9.55208683014, 32.7984275818, 38.1405258179, 45.7883758545, 19.8749027252, 30.9599075317, 84.6513061523, 108.847801208, 63.1296234131, 47.7375259399, 91.4672088623, 44.2994194031, 45.6872634888, 75.2233886719, 46.0746917725, 119.048667908, 51.0185279846, 76.5817947388, 45.2249450684, 40.556678772, 18.9855461121, 5.37198114395, 5.17432260513, 5.79241847992, 5.23408126831, 6.39781093597, 6.7624297142, 5.98431873322, 2.6188659668, 0.955581009388, 0.227349296212, 0.0446611531079, 0.00438994076103, 0.000122896017274, 1.59817191161e-05]
    },
    "gfcc": {
        "mean": [32.2169456482, 87.8983078003, -152.459716797, 32.5928382874, -65.7000961304, 12.2146511078, -40.449131012, 21.6347408295, -18.3952522278, -2.26675391197, -7.18861055374, 5.02929401398, -3.72743153572],
        "cov": [[1393.44042969, -126.011154175, 533.009460449, 173.34715271, 127.628181458, 34.4874763489, -196.401824951, 96.0881500244, -261.323455811, 114.807304382, -105.872535706, 113.35634613, -118.565406799], [-126.011154175, 1285.29223633, 362.312103271, 697.522277832, 379.538909912, -29.8029975891, 106.476791382, -70.6231307983, 204.240982056, -108.028762817, 292.616088867, -45.6089782715, 260.116729736], [533.009460449, 362.312103271, 748.465942383, 426.299133301, 217.911636353, 28.6956176758, -93.5283813477, 33.4785118103, -59.4108810425, 103.182548523, 53.7789497375, 90.4981307983, 42.3077850342], [173.34715271, 697.522277832, 426.299133301, 650.217712402, 324.516937256, 12.3789415359, -12.68217659, -28.7918663025, 154.143386841, -12.9705753326, 199.797866821, 13.4248447418, 140.880706787], [127.628181458, 379.538909912, 217.911636353, 324.516937256, 326.254577637, 33.6152191162, -16.6851387024, 9.47670173645, 70.3119735718, 12.5987844467, 59.2441291809, 10.4478416443, 58.9115028381], [34.4874763489, -29.8029975891, 28.6956176758, 12.3789415359, 33.6152191162, 121.140357971, 29.6047973633, 12.4113473892, 9.82074737549, 6.95091581345, 11.0367460251, -0.0793125629425, 7.97434139252], [-196.401824951, 106.476791382, -93.5283813477, -12.68217659, -16.6851387024, 29.6047973633, 146.224258423, 20.530172348, 43.7087059021, -11.2306175232, 62.9207687378, -10.3379068375, 29.8454360962], [96.0881500244, -70.6231307983, 33.4785118103, -28.7918663025, 9.47670173645, 12.4113473892, 20.530172348, 106.29675293, 2.61778712273, 40.2861709595, -18.9533500671, 25.3598060608, -14.898806572], [-261.323455811, 204.240982056, -59.4108810425, 154.143386841, 70.3119735718, 9.82074737549, 43.7087059021, 2.61778712273, 233.253646851, -25.4381351471, 91.0682525635, -20.067735672, 81.8462905884], [114.807304382, -108.028762817, 103.182548523, -12.9705753326, 12.5987844467, 6.95091581345, -11.2306175232, 40.2861709595, -25.4381351471, 125.972732544, 11.3555612564, 52.5090827942, -32.5480308533], [-105.872535706, 292.616088867, 53.7789497375, 199.797866821, 59.2441291809, 11.0367460251, 62.9207687378, -18.9533500671, 91.0682525635, 11.3555612564, 195.210342407, 26.2744083405, 73.3020629883], [113.35634613, -45.6089782715, 90.4981307983, 13.4248447418, 10.4478416443, -0.0793125629425, -10.3379068375, 25.3598060608, -20.067735672, 52.5090827942, 26.2744083405, 91.5025405884, 2.63489413261], [-118.565406799, 260.116729736, 42.3077850342, 140.880706787, 58.9115028381, 7.97434139252, 29.8454360962, -14.898806572, 81.8462905884, -32.5480308533, 73.3020629883, 2.63489413261, 120.963905334]],
        "icov": [[0.00202915654518, -0.000584519235417, 0.000312809686875, -0.00187952339184, 0.000915904529393, -0.00156744953711, 0.00217514787801, -0.00213680532761, 0.00215257611126, -0.000339985184837, 0.00126521475613, -0.00185780436732, 0.00190866284538], [-0.000584519235417, 0.00621649203822, -0.00291084963828, 0.000493473082315, -0.00469409162179, 0.0052658743225, -0.00483101047575, 0.00183927733451, -5.900888209e-05, 0.00412102695554, -0.00517020793632, 0.0053930352442, -0.00597548484802], [0.000312809686875, -0.00291084963828, 0.00642440933734, -0.00570023525506, 0.00370349828154, -0.00393140083179, 0.00340411020443, -0.0021115122363, 0.00311825005338, -0.00525792082772, 0.00522434152663, -0.00466111442074, 0.00172439578455], [-0.00187952339184, 0.000493473082315, -0.00570023525506, 0.0132048735395, -0.00675346376374, 0.00353358802386, -0.000672143592965, 0.00303408806212, -0.00551557680592, 0.00461002485827, -0.00874247215688, 0.00486008496955, -0.00252884579822], [0.000915904529393, -0.00469409162179, 0.00370349828154, -0.00675346376374, 0.0112914508209, -0.00622804742306, 0.0041074459441, -0.00284056342207, 0.00111939979251, -0.00520378025249, 0.00755233736709, -0.00525595992804, 0.00449031963944], [-0.00156744953711, 0.0052658743225, -0.00393140083179, 0.00353358802386, -0.00622804742306, 0.014635566622, -0.00728846108541, 0.00264989142306, -0.00192604819313, 0.00385901052505, -0.00559028703719, 0.00623804051429, -0.00581400422379], [0.00217514787801, -0.00483101047575, 0.00340411020443, -0.000672143592965, 0.0041074459441, -0.00728846108541, 0.016824087128, -0.00727167772129, 0.00245836260729, -0.00241215992719, -0.000840536144096, -0.00287481746636, 0.00380566320382], [-0.00213680532761, 0.00183927733451, -0.0021115122363, 0.00303408806212, -0.00284056342207, 0.00264989142306, -0.00727167772129, 0.0160607267171, -0.00458689406514, -0.00152635539416, 0.00111505959649, -0.000136172879138, -0.00184355245437], [0.00215257611126, -5.900888209e-05, 0.00311825005338, -0.00551557680592, 0.00111939979251, -0.00192604819313, 0.00245836260729, -0.00458689406514, 0.0108919851482, -0.0017439032672, 0.000413555681007, -0.000220025598537, -0.0021045806352], [-0.000339985184837, 0.00412102695554, -0.00525792082772, 0.00461002485827, -0.00520378025249, 0.00385901052505, -0.00241215992719, -0.00152635539416, -0.0017439032672, 0.0180576778948, -0.00814221613109, -0.000687138584908, 0.000949829409365], [0.00126521475613, -0.00517020793632, 0.00522434152663, -0.00874247215688, 0.00755233736709, -0.00559028703719, -0.000840536144096, 0.00111505959649, 0.000413555681007, -0.00814221613109, 0.019834311679, -0.0103324288502, 0.00348293897696], [-0.00185780436732, 0.0053930352442, -0.00466111442074, 0.00486008496955, -0.00525595992804, 0.00623804051429, -0.00287481746636, -0.000136172879138, -0.000220025598537, -0.000687138584908, -0.0103324288502, 0.0237028654665, -0.00889802630991], [0.00190866284538, -0.00597548484802, 0.00172439578455, -0.00252884579822, 0.00449031963944, -0.00581400422379, 0.00380566320382, -0.00184355245437, -0.0021045806352, 0.000949829409365, 0.00348293897696, -0.00889802630991, 0.0221225004643]]
    },
    "melbands": {
        "max": [0.00782115198672, 0.00980940647423, 0.00766541063786, 0.00431110709906, 0.00862560328096, 0.00632083788514, 0.00524820387363, 0.00197487021796, 0.00269047846086, 0.00368452677503, 0.00472343666479, 0.00252646277659, 0.00138062017504, 0.00223123352043, 0.00128325587139, 0.00091955246171, 0.00113556301221, 0.00145331094973, 0.000869999348652, 0.000628290581517, 0.00133119779639, 0.000406931329053, 0.000680251279846, 0.000541996967513, 0.000361151702236, 0.000500065390952, 0.000164507713635, 0.000134020257974, 4.05218816013e-05, 2.78284751403e-05, 3.73782313545e-05, 4.58140930277e-05, 3.50772497768e-05, 2.85378337139e-05, 4.79638292745e-05, 5.99062987021e-05, 7.15567002771e-05, 6.43594976282e-05, 4.73545806017e-05, 1.90128594113e-05],
        "mean": [0.00106874469202, 0.00108478218317, 0.000393937923945, 0.000281692366116, 0.000665450294036, 0.000654395786114, 0.000504713854752, 0.000174117565621, 0.000252136116615, 0.000428823463153, 0.000377605203539, 0.000222019123612, 0.00010431958799, 0.000174236934981, 0.000103437516373, 4.90858292324e-05, 5.32428493898e-05, 8.617444837e-05, 5.43303322047e-05, 6.36469267192e-05, 0.000107406020106, 6.25784741715e-05, 7.45832949178e-05, 5.70982192585e-05, 3.70828565792e-05, 2.98538470815e-05, 1.43715315062e-05, 1.29041200125e-05, 4.25866392106e-06, 3.24452867062e-06, 2.69419865617e-06, 2.67990685643e-06, 3.10400696435e-06, 2.49115146289e-06, 2.26133374781e-06, 1.84819339211e-06, 1.66168115356e-06, 1.45913065808e-06, 1.12298005206e-06, 7.36667288948e-07],
        "min": [3.26350901858e-09, 5.22905718725e-09, 4.23437711561e-08, 2.58146741317e-07, 5.60132946248e-07, 9.03997829482e-07, 7.63251250646e-07, 2.51002416007e-06, 5.5176569731e-06, 3.635763278e-06, 3.2377563457e-06, 1.61761056461e-06, 3.13158665222e-07, 1.55689861003e-06, 8.2329796669e-07, 3.78639185783e-07, 7.24067945157e-07, 2.66934904403e-07, 6.37863081465e-07, 9.94342826743e-07, 2.86623503598e-07, 5.29764577095e-07, 6.43179703275e-07, 6.31661691841e-07, 1.68664172406e-07, 1.63353334415e-07, 5.10958528821e-08, 7.80963844704e-08, 2.11104840275e-08, 1.52170915868e-08, 3.5878162663e-08, 5.60021504725e-08, 6.09393140394e-08, 2.83377392662e-08, 2.29317116407e-08, 3.88167231691e-09, 7.41546601901e-09, 5.94781335295e-09, 3.61867175114e-10, 2.67261820314e-12],
        "stdev": [0.00122646964155, 0.00121030199807, 0.000787792727351, 0.000382570113288, 0.000949810782913, 0.000810486613773, 0.000654933275655, 0.000197512854356, 0.000309183378704, 0.00054426380666, 0.000554145837668, 0.000280379870674, 0.000129421867314, 0.000243373535341, 0.000142040924402, 7.09423329681e-05, 0.000105745515611, 0.000122090772493, 8.79307190189e-05, 8.28918855404e-05, 0.000157604983542, 5.7300687331e-05, 8.91047602636e-05, 5.86419264437e-05, 4.01925899496e-05, 3.92209622078e-05, 1.55020243255e-05, 1.49173774844e-05, 3.881880275e-06, 3.1584052067e-06, 3.1501747344e-06, 3.36551624969e-06, 3.67968323189e-06, 2.81918642031e-06, 3.59157684215e-06, 3.94553444494e-06, 4.66500205221e-06, 4.45532032245e-06, 3.60050898962e-06, 1.83811562238e-06]
    },
    "melbands128": {
        "max": [0.00177246623207, 0.00954723637551, 0.0129571771249, 0.0127012636513, 0.0113756125793, 0.0163530223072, 0.0133036198094, 0.0085503635928, 0.00368537195027, 0.00386092998087, 0.00809251330793, 0.00741990515962, 0.0149147985503, 0.00953884609044, 0.00869799405336, 0.0103120133281, 0.0118823414668, 0.00824967771769, 0.00576782366261, 0.00235460605472, 0.00313796522096, 0.00167021411471, 0.00500390119851, 0.00525417272002, 0.00588223570958, 0.00802795775235, 0.00452400604263, 0.00844354275614, 0.00469191512093, 0.00532314833254, 0.00331052020192, 0.000991181703284, 0.00199281750247, 0.00343628204428, 0.00264080730267, 0.00485743395984, 0.00498920911923, 0.00206402107142, 0.00328174117021, 0.00180267263204, 0.00129965669475, 0.000448940962087, 0.00090919714421, 0.00289595685899, 0.00233598030172, 0.00216217408888, 0.00292875850573, 0.002067534253, 0.000434303918155, 0.00123969092965, 0.0013872286072, 0.00217917305417, 0.00342388334684, 0.00161352765281, 0.00131775811315, 0.000546002120245, 0.000665727653541, 0.00129911140539, 0.00143971655052, 0.00109234917909, 0.00118815270253, 0.000935207761358, 0.00104320782702, 0.000437885639258, 0.000503707153257, 0.000855666061398, 0.000912085699383, 0.000416579568991, 0.000311137147946, 0.000464322132757, 0.000253205100307, 0.000177808033186, 4.68569778604e-05, 5.90045965509e-05, 2.34412418649e-05, 3.78050244763e-05, 4.94173327752e-05, 2.73809728242e-05, 3.97089861508e-05, 7.80146874604e-05, 4.36824666394e-05, 6.33623203612e-05, 4.82419673062e-05, 7.67178280512e-05, 4.0598843043e-05, 3.29025569954e-05, 3.71972855646e-05, 5.94302473473e-05, 3.52952447429e-05, 7.13237241143e-05, 9.81035482255e-05, 6.90785673214e-05, 4.67560894322e-05, 9.27578221308e-05, 0.000121582241263, 7.77229579398e-05, 7.34620407457e-05, 7.10372478352e-05, 7.16127324267e-05, 4.48988030257e-05, 2.77860199276e-05, 2.6001715014e-05, 2.81594220723e-05, 2.56756302406e-05, 1.78595764737e-05, 1.21758848763e-05, 9.78195748758e-06, 5.6839435274e-06, 2.51182859756e-06, 2.38013149101e-06, 2.98640134133e-06, 2.91672017738e-06, 3.59735508937e-06, 2.93689390674e-06, 1.93441314877e-06, 9.57072302299e-07, 2.50562180781e-07, 9.46057170381e-08, 9.26210148577e-08, 9.02619916587e-08, 8.79895125649e-08, 8.58993800534e-08, 8.41527736384e-08, 8.27519670565e-08, 8.12991274302e-08, 8.03125601578e-08, 7.95557824063e-08, 7.91109115994e-08],
        "mean": [6.8682107667e-05, 0.000528950360604, 0.00168101803865, 0.0017573821824, 0.00103732512798, 0.000640494457912, 0.000480989809148, 0.000335723976605, 0.000232333812164, 0.000224806906772, 0.0003020313452, 0.000579161685891, 0.000861640786752, 0.000630531169008, 0.000700995675288, 0.000601879321039, 0.000622580409981, 0.000549685617443, 0.000308969756588, 0.000123818637803, 0.000144156249007, 0.000164242112078, 0.000253689533565, 0.000332929485012, 0.000502638635226, 0.000481918657897, 0.000243988397415, 0.000480951275676, 0.000340106635122, 0.000301219231915, 0.000175719746039, 6.37804696453e-05, 8.388038259e-05, 0.00015980025637, 0.000113825306471, 0.000228471690207, 0.00019870554388, 6.16441684542e-05, 8.40324210003e-05, 6.46571279503e-05, 4.20328397013e-05, 2.19863504753e-05, 3.45585940522e-05, 9.59370663622e-05, 5.72237586312e-05, 9.12641989999e-05, 0.000113415473606, 4.73145373689e-05, 2.32561269513e-05, 6.33606832707e-05, 6.0750022385e-05, 6.62008969812e-05, 0.000120153024909, 0.000119841264677, 0.000106739564217, 4.06826802646e-05, 3.48257162841e-05, 7.66155280871e-05, 8.41706132633e-05, 8.67080671014e-05, 4.8722140491e-05, 4.01372126362e-05, 5.36368825124e-05, 3.27865636791e-05, 1.75920904439e-05, 3.54884723492e-05, 3.58879879059e-05, 1.25770548038e-05, 1.10769724415e-05, 1.27169978441e-05, 1.60739546118e-05, 1.19766573334e-05, 4.53913889942e-06, 3.23373615174e-06, 3.02319335788e-06, 3.52673509951e-06, 3.32077866005e-06, 2.66502183877e-06, 2.69915335593e-06, 2.59515900325e-06, 2.50115749623e-06, 2.73664795714e-06, 2.97916335512e-06, 3.3322244235e-06, 3.11287385557e-06, 2.46521062763e-06, 2.33651735471e-06, 2.35059746956e-06, 2.30727823691e-06, 2.11704491448e-06, 2.14455440073e-06, 1.71805515947e-06, 1.46989054883e-06, 1.70659245669e-06, 1.82721521469e-06, 1.39270480304e-06, 1.48752599216e-06, 1.3274864159e-06, 1.24308178329e-06, 9.35333389407e-07, 8.01680414497e-07, 7.17424029517e-07, 6.49679577691e-07, 5.65913865103e-07, 5.2701648201e-07, 4.33160067814e-07, 3.44673651398e-07, 2.80052120161e-07, 2.28718889161e-07, 1.94624689698e-07, 1.42102663858e-07, 9.29162027319e-08, 6.09947790053e-08, 4.58400570835e-08, 3.00383362628e-08, 1.87284214803e-08, 4.76538009053e-09, 1.53823759286e-10, 1.51860427011e-10, 1.40936054494e-10, 1.09574169183e-10, 1.08025914602e-10, 7.40656494469e-11, 6.26503224299e-11, 6.14239839547e-11, 6.04308825203e-11, 5.97352653453e-11, 5.93823601402e-11],
        "min": [3.30022981165e-10, 7.93369397956e-11, 1.04595399009e-09, 9.58968571219e-10, 1.42337364117e-09, 1.83092174755e-09, 1.48867673744e-08, 6.14381923114e-09, 5.50124390486e-08, 1.4404466242e-07, 1.69440639297e-07, 2.14851084479e-07, 5.10089080308e-07, 3.94715442553e-07, 5.63387118291e-07, 1.87743737001e-07, 5.85101361139e-07, 3.86365854865e-07, 4.47114501867e-07, 7.29465853055e-07, 1.19329104109e-06, 2.34113281294e-06, 1.99919668376e-06, 1.22086964893e-06, 1.26544296108e-06, 9.25891754378e-07, 9.91141291706e-07, 2.27021678256e-06, 2.07172115552e-06, 1.37482265927e-06, 3.84295248068e-07, 1.35465569429e-07, 1.42618532095e-07, 2.0359517805e-07, 2.31755251434e-07, 1.16839566999e-06, 1.07781966108e-06, 2.60976918298e-07, 1.41915194263e-07, 1.21458725744e-07, 9.05034340803e-08, 2.56936743881e-07, 2.14788499875e-07, 1.98796826112e-07, 1.25390371863e-07, 3.96886974841e-07, 2.83378199128e-07, 2.55813517924e-07, 3.19108266922e-07, 3.82328408932e-07, 7.58675128054e-07, 6.71350676384e-07, 2.77225836953e-07, 6.63903279019e-08, 1.94611018856e-07, 3.99513254479e-07, 5.82291647788e-07, 4.92222739013e-07, 2.76409792832e-07, 4.4633210905e-07, 4.63996059352e-07, 1.41279571153e-07, 4.34265494675e-08, 1.19910026797e-07, 6.86510261971e-08, 1.97530795276e-07, 2.16231811123e-07, 6.35917984937e-08, 1.00423207527e-08, 2.05065777692e-08, 1.02452780482e-07, 6.24461904408e-08, 9.12081787874e-09, 1.1327230709e-08, 1.25608972112e-08, 7.83987452735e-09, 1.15725704575e-08, 2.23379323927e-08, 2.81389773704e-08, 1.56934323314e-08, 3.16422763547e-08, 4.45358594447e-08, 5.5365557472e-08, 5.07210522471e-08, 4.20091765818e-08, 4.68860417158e-09, 3.12019103887e-08, 5.39326201476e-08, 1.95887448484e-08, 4.16325951491e-09, 3.51313977909e-09, 5.13993025919e-09, 1.91337545807e-09, 3.33268168617e-09, 1.33484157061e-08, 4.83659867712e-09, 4.37513536511e-09, 3.92226084944e-10, 2.47262995669e-12, 2.49004224358e-12, 6.86827819011e-13, 1.18553311699e-12, 5.41414244166e-13, 5.11787227181e-13, 4.25270360377e-13, 3.25270870351e-13, 4.63823640953e-13, 5.04229145416e-13, 4.71061774657e-13, 3.40449646556e-13, 3.93529989411e-13, 4.99327413184e-13, 4.31356691902e-13, 3.77603140813e-13, 3.53668293653e-13, 3.83341768702e-13, 3.0244819778e-13, 3.78981812295e-13, 3.38932142985e-13, 3.06626658743e-13, 2.216680073e-13, 2.3061609046e-13, 2.94759605179e-13, 3.15126099043e-13, 1.93017504107e-13, 9.59470878941e-14, 1.24933531131e-14, 4.26864318412e-16],
        "stdev": [0.000199419126147, 0.00103290367406, 0.00197017914616, 0.00200114655308, 0.00135432602838, 0.0013892656425, 0.00121309258975, 0.000743292330299, 0.000350231101038, 0.000347772991518, 0.000601405452471, 0.000986415776424, 0.00161119783297, 0.000864417059347, 0.00113964604679, 0.00101663696114, 0.00109717075247, 0.000857937498949, 0.000566710252315, 0.000189607482753, 0.000219227178604, 0.000212746876059, 0.000429252831964, 0.000603365304414, 0.000788279226981, 0.000839600863401, 0.000434311863501, 0.000990235828795, 0.00059354264522, 0.000507686578203, 0.000284332752926, 9.34036143008e-05, 0.00013759045396, 0.000286781956675, 0.000217297696508, 0.00044483790407, 0.000371852976969, 0.000126378086861, 0.000211563063203, 0.000118444877444, 7.59753602324e-05, 3.80897217838e-05, 7.20306634321e-05, 0.000267054216238, 0.000142248842167, 0.000187719313544, 0.00024377986847, 0.000149041719851, 3.6750047002e-05, 0.00013532761659, 0.000110445827886, 0.000160279931151, 0.000330421200488, 0.000182665608008, 0.000143297686009, 6.42193699605e-05, 6.48371569696e-05, 0.000140731062857, 0.000151576852659, 0.000139670693898, 8.33586454974e-05, 8.22618312668e-05, 9.10773669602e-05, 4.23084602517e-05, 3.54924086423e-05, 5.88704861002e-05, 6.49846697343e-05, 2.35348361457e-05, 1.94903641386e-05, 2.28687549679e-05, 2.67896175501e-05, 1.66734607774e-05, 5.48800426259e-06, 3.9298943193e-06, 2.94755909636e-06, 3.79670154871e-06, 4.23833898822e-06, 3.21770176015e-06, 3.55511497219e-06, 3.99002237828e-06, 3.6208664369e-06, 3.75945433007e-06, 4.12852386944e-06, 5.034021342e-06, 3.92605170418e-06, 2.90856928586e-06, 3.24686652675e-06, 3.52960137207e-06, 3.55385873263e-06, 4.51357891507e-06, 5.08614630235e-06, 4.08353798775e-06, 3.02637886307e-06, 5.19246486874e-06, 6.49993671686e-06, 4.13238012698e-06, 4.82534233015e-06, 4.52056519862e-06, 4.60135561298e-06, 3.05256253341e-06, 2.04697994377e-06, 1.90433308944e-06, 1.62432991146e-06, 1.56065686951e-06, 1.21075936477e-06, 8.65565709773e-07, 6.69993028168e-07, 5.35205458618e-07, 3.70880627543e-07, 3.34824420634e-07, 2.4324853598e-07, 1.82061029363e-07, 1.40444612384e-07, 1.17759554996e-07, 8.09410707348e-08, 5.35136948088e-08, 1.60025361851e-08, 2.6586168822e-09, 2.59363996946e-09, 2.53739451672e-09, 2.3988160347e-09, 2.42601072564e-09, 2.24264695703e-09, 2.19435336568e-09, 2.15583861873e-09, 2.12968065405e-09, 2.10960027225e-09, 2.09780837146e-09]
    },
    "mfcc": {
        "mean": [-595.997924805, 110.068504333, -24.163312912, 16.1319637299, -0.62183380127, -9.25701236725, -5.53332805634, 13.0901422501, -2.58813476562, 2.03364086151, -1.91289007664, -0.146340608597, 3.6044549942],
        "cov": [[1078.06396484, -113.480690002, 231.047073364, 119.714096069, 171.467941284, -35.8246154785, 90.683883667, -43.2500305176, -27.0405807495, -106.250030518, -26.4625549316, 19.1164360046, -4.40150260925], [-113.480690002, 647.823547363, 191.040252686, 438.964782715, 236.189483643, 102.090362549, 86.161026001, 55.7758789062, 4.35366868973, 39.5890045166, -72.2317047119, 47.7646179199, 98.9263839722], [231.047073364, 191.040252686, 532.906616211, 334.875518799, 230.967803955, 75.95362854, 71.4925689697, -16.9615859985, -26.431552887, -18.069185257, -57.5768661499, 68.4465942383, 133.045822144], [119.714096069, 438.964782715, 334.875518799, 619.011779785, 382.347808838, 119.08190918, 40.3116035461, 34.5185394287, -5.41471862793, 20.6094799042, -64.4768676758, 99.9738540649, 178.025054932], [171.467941284, 236.189483643, 230.967803955, 382.347808838, 421.380767822, 122.317703247, 6.22453117371, 24.5540904999, 30.7401733398, 19.782699585, -39.4446372986, 62.3686714172, 69.0656433105], [-35.8246154785, 102.090362549, 75.95362854, 119.08190918, 122.317703247, 133.522445679, 22.902130127, 18.7337913513, 2.5071721077, 19.3854579926, -6.47911310196, 28.4869327545, 24.5942611694], [90.683883667, 86.161026001, 71.4925689697, 40.3116035461, 6.22453117371, 22.902130127, 150.187011719, 4.35411643982, -19.253282547, -16.1533336639, -7.8506360054, 18.8364028931, 25.3671398163], [-43.2500305176, 55.7758789062, -16.9615859985, 34.5185394287, 24.5540904999, 18.7337913513, 4.35411643982, 99.6065216064, 26.2561397552, 29.9055957794, 10.1581840515, 1.32303643227, 13.0560531616], [-27.0405807495, 4.35366868973, -26.431552887, -5.41471862793, 30.7401733398, 2.5071721077, -19.253282547, 26.2561397552, 86.7608337402, 39.1907997131, 3.66074323654, -15.5667638779, -32.6651992798], [-106.250030518, 39.5890045166, -18.069185257, 20.6094799042, 19.782699585, 19.3854579926, -16.1533336639, 29.9055957794, 39.1907997131, 89.8089828491, 25.5989112854, -0.465999543667, 3.20593285561], [-26.4625549316, -72.2317047119, -57.5768661499, -64.4768676758, -39.4446372986, -6.47911310196, -7.8506360054, 10.1581840515, 3.66074323654, 25.5989112854, 78.8170700073, 13.0175466537, 1.42104637623], [19.1164360046, 47.7646179199, 68.4465942383, 99.9738540649, 62.3686714172, 28.4869327545, 18.8364028931, 1.32303643227, -15.5667638779, -0.465999543667, 13.0175466537, 92.3436050415, 86.2146682739], [-4.40150260925, 98.9263839722, 133.045822144, 178.025054932, 69.0656433105, 24.5942611694, 25.3671398163, 13.0560531616, -32.6651992798, 3.20593285561, 1.42104637623, 86.2146682739, 178.151870728]],
        "icov": [[0.0016081831418, 0.000879721308593, -0.000451524159871, -0.000587881135289, -0.000953573326115, 0.00127770646941, -0.00126302929129, -0.000114190370368, 5.90956624364e-05, 0.00136117008515, -0.000400841672672, -4.56951638625e-05, 0.000869049166795], [0.000879721308593, 0.00437741680071, 0.000318023085129, -0.00357961957343, 0.000279245112324, 0.000172891843249, -0.00241832528263, -0.000943685066886, 0.000431169901276, -0.00100080075208, 0.00191366788931, 8.79617291503e-05, 0.00125117157586], [-0.000451524159871, 0.000318023085129, 0.00362535123713, -0.00109816109762, -0.000508103985339, -0.000655388983432, -0.000986810890026, 0.00107140780892, 8.90163501026e-05, -0.000343555031577, 0.00138698308729, 0.000586142763495, -0.00172058970202], [-0.000587881135289, -0.00357961957343, -0.00109816109762, 0.00901797786355, -0.00450868485495, 2.6916324714e-05, 0.00155938672833, -5.76373931835e-05, 0.00069756625453, -0.000629166082945, 0.00127755559515, -0.00011312267452, -0.00450806319714], [-0.000953573326115, 0.000279245112324, -0.000508103985339, -0.00450868485495, 0.0082255396992, -0.00390811963007, 0.00166145560797, -6.58169374219e-05, -0.00268238317221, 4.0452760004e-05, 0.000248668366112, -0.00201839371584, 0.00230745621957], [0.00127770646941, 0.000172891843249, -0.000655388983432, 2.6916324714e-05, -0.00390811963007, 0.0124469716102, -0.00223037763499, -0.00130421062931, 0.00219718529843, -0.00149977137335, -0.000144186458783, -0.00220875558443, 0.00210795318708], [-0.00126302929129, -0.00241832528263, -0.000986810890026, 0.00155938672833, 0.00166145560797, -0.00223037763499, 0.00952001102269, -0.000590387673583, 0.000448525621323, 0.00101758760866, -0.000563698355108, -0.00115729589015, -0.000529651646502], [-0.000114190370368, -0.000943685066886, 0.00107140780892, -5.76373931835e-05, -6.58169374219e-05, -0.00130421062931, -0.000590387673583, 0.0128320651129, -0.00342705938965, -0.00149721547496, -0.00168507930357, 0.00215048831888, -0.00250081717968], [5.90956624364e-05, 0.000431169901276, 8.90163501026e-05, 0.00069756625453, -0.00268238317221, 0.00219718529843, 0.000448525621323, -0.00342705938965, 0.0182428900152, -0.00760400667787, 0.00204476434737, -0.000691866793204, 0.0037226434797], [0.00136117008515, -0.00100080075208, -0.000343555031577, -0.000629166082945, 4.0452760004e-05, -0.00149977137335, 0.00101758760866, -0.00149721547496, -0.00760400667787, 0.0197672639042, -0.00748561508954, 0.00246180593967, -0.00125076598488], [-0.000400841672672, 0.00191366788931, 0.00138698308729, 0.00127755559515, 0.000248668366112, -0.000144186458783, -0.000563698355108, -0.00168507930357, 0.00204476434737, -0.00748561508954, 0.0199086572975, -0.00563311763108, -0.000180839400855], [-4.56951638625e-05, 8.79617291503e-05, 0.000586142763495, -0.00011312267452, -0.00201839371584, -0.00220875558443, -0.00115729589015, 0.00215048831888, -0.000691866793204, 0.00246180593967, -0.00563311763108, 0.0234713442624, -0.0107650002465], [0.000869049166795, 0.00125117157586, -0.00172058970202, -0.00450806319714, 0.00230745621957, 0.00210795318708, -0.000529651646502, -0.00250081717968, 0.0037226434797, -0.00125076598488, -0.000180839400855, -0.0107650002465, 0.0157189611346]]
    },
    "spectral_contrast_coeffs": {
        "max": [-0.457792520523, -0.535450220108, -0.567752301693, -0.605572104454, -0.619520545006, -0.619424104691],
        "mean": [-0.723083794117, -0.742008388042, -0.74767690897, -0.76988953352, -0.741896688938, -0.765584647655],
        "min": [-0.897877216339, -0.90580034256, -0.896913230419, -0.891245245934, -0.852185368538, -0.853874087334],
        "stdev": [0.0696406587958, 0.0614131130278, 0.0535481013358, 0.0528139583766, 0.0403845384717, 0.0300413165241]
    },
    "spectral_contrast_valleys": {
        "max": [-5.26270437241, -4.90431022644, -5.28753185272, -6.06130218506, -5.96949863434, -7.79743766785],
        "mean": [-6.82362699509, -6.23259305954, -6.67777681351, -7.08321666718, -7.04152059555, -9.81073474884],
        "min": [-11.9933395386, -7.96220970154, -8.73610782623, -8.5330991745, -9.19270324707, -13.1267213821],
        "stdev": [1.08391296864, 0.464601308107, 0.469698905945, 0.383734494448, 0.398679465055, 0.664740681648]
    }
},
"rhythm": {
    "beats_count": 82,
    "beats_loudness": {
        "max": 0.050489988178,
        "mean": 0.0318163819611,
        "min": 0.0105094853789,
        "stdev": 0.010143279098
    },
    "bpm": 150.515151978,
    "bpm_histogram_first_peak_bpm": 152,
    "bpm_histogram_first_peak_weight": 0.418181836605,
    "bpm_histogram_second_peak_bpm": 167,
    "bpm_histogram_second_peak_spread": 0,
    "bpm_histogram_second_peak_weight": 0.0987654328346,
    "danceability": 1.05078601837,
    "onset_rate": 2.36561942101,
    "beats_loudness_band_ratio": {
        "max": [0.790187597275, 0.618311345577, 0.625523149967, 0.706754863262, 0.349023193121, 0.23189842701],
        "mean": [0.221946924925, 0.174472406507, 0.243820160627, 0.19000852108, 0.165659964085, 0.0588003210723],
        "min": [0.000284898880636, 0.00389982014894, 0.0233083013445, 0.0161208380014, 0.0125509407371, 0.00469188205898],
        "stdev": [0.20572412014, 0.148738116026, 0.144751772285, 0.145640537143, 0.0909046828747, 0.0399415902793]
    },
