{
"metadata": {
    "version": {
        "essentia": "2.1-beta5",
        "essentia_git_sha": "Undefined",
        "extractor": "music 2.0"
    },
    "audio_properties": {
        "analysis": {
            "equal_loudness": 0,
            "length": 12.7477550507,
            "sample_rate": 44100,
            "start_time": 0,
            "downmix": "mix"
        },
        "bit_rate": 192000,
        "length": 193.851791382,
        "lossless": 0,
        "number_channels": 2,
        "replay_gain": -1.42072105408,
        "sample_rate": 48000,
        "codec": "mp3",
        "md5_encoded": "ae41ce829ae7c282f18379def2c0b643"
    },
    "tags": {
        "file_name": "Ukraine_Under the Ladder_Mélovin.mp3",
        "encoding": ["Lavf58.29.100"]
    }
},
"lowlevel": {
    "average_loudness": 0.912345051765,
    "barkbands_crest": {
        "max": 23.2386379242,
        "mean": 11.8944959641,
        "min": 3.53660416603,
        "stdev": 4.36516857147
    },
    "barkbands_flatness_db": {
        "max": 0.405143111944,
        "mean": 0.192832887173,
        "min": 0.0523148104548,
        "stdev": 0.0499785728753
    },
    "barkbands_kurtosis": {
        "max": 31.4073944092,
        "mean": 4.39682245255,
        "min": -1.394764781,
        "stdev": 5.73177623749
    },
    "barkbands_skewness": {
        "max": 5.36400365829,
        "mean": 1.29098105431,
        "min": -1.26370215416,
        "stdev": 1.24825239182
    },
    "barkbands_spread": {
        "max": 37.230178833,
        "mean": 11.7952365875,
        "min": 1.3536965847,
        "stdev": 7.03799295425
    },
    "dissonance": {
        "max": 0.500000059605,
        "mean": 0.477710962296,
        "min": 0.179704606533,
        "stdev": 0.0267034973949
    },
    "dynamic_complexity": 4.92931318283,
    "erbbands_crest": {
        "max": 29.2498455048,
        "mean": 11.3364419937,
        "min": 3.74226617813,
        "stdev": 5.17531442642
    },
    "erbbands_flatness_db": {
        "max": 0.389485657215,
        "mean": 0.249700590968,
        "min": 0.0944879353046,
        "stdev": 0.0568047389388
    },
    "erbbands_kurtosis": {
        "max": 25.1917266846,
        "mean": 3.49241447449,
        "min": -0.925475597382,
        "stdev": 3.84300208092
    },
    "erbbands_skewness": {
        "max": 3.82939267159,
        "mean": 1.09423565865,
        "min": -0.749793410301,
        "stdev": 0.866920173168
    },
    "erbbands_spread": {
        "max": 44.7465209961,
        "mean": 14.6574201584,
        "min": 2.40700316429,
        "stdev": 7.49044179916
    },
    "hfc": {
        "max": 83.2350997925,
        "mean": 21.7130413055,
        "min": 0.000336361175869,
        "stdev": 17.5139446259
    },
    "loudness_ebu128": {
        "integrated": -20.4961204529,
        "loudness_range": 7.94333457947,
        "momentary": {
            "max": -17.7317180634,
            "mean": -23.6448307037,
            "min": -41.845703125,
            "stdev": 6.4655380249
        },
        "short_term": {
            "max": -18.4635181427,
            "mean": -21.6604652405,
            "min": -31.80950737,
            "stdev": 3.21293139458
        }
    },
    "melbands_crest": {
        "max": 37.4732475281,
        "mean": 16.1929092407,
        "min": 4.62502193451,
        "stdev": 7.43960762024
    },
    "melbands_flatness_db": {
        "max": 0.543487787247,
        "mean": 0.221617296338,
        "min": 0.0946183130145,
        "stdev": 0.0651241838932
    },
    "melbands_kurtosis": {
        "max": 79.1331481934,
        "mean": 8.33199310303,
        "min": -1.39586281776,
        "stdev": 11.2110214233
    },
    "melbands_skewness": {
        "max": 8.0786781311,
        "mean": 1.71355748177,
        "min": -1.30821323395,
        "stdev": 1.61092460155
    },
    "melbands_spread": {
        "max": 51.4029197693,
        "mean": 15.7637710571,
        "min": 2.05444097519,
        "stdev": 9.32836055756
    },
    "pitch_salience": {
        "max": 0.955000400543,
        "mean": 0.582090198994,
        "min": 0.100731723011,
        "stdev": 0.177233532071
    },
    "silence_rate_20dB": {
        "max": 1,
        "mean": 1,
        "min": 1,
        "stdev": 0
    },
    "silence_rate_30dB": {
        "max": 1,
        "mean": 0.990909099579,
        "min": 0,
        "stdev": 0.0949116572738
    },
    "silence_rate_60dB": {
        "max": 1,
        "mean": 0.159999996424,
        "min": 0,
        "stdev": 0.366606205702
    },
    "spectral_centroid": {
        "max": 1958.98693848,
        "mean": 1208.01708984,
        "min": 289.722595215,
        "stdev": 258.529541016
    },
    "spectral_complexity": {
        "max": 38,
        "mean": 20.690908432,
        "min": 0,
        "stdev": 10.2637424469
    },
    "spectral_decrease": {
        "max": -6.42304270751e-14,
        "mean": -7.74251063262e-09,
        "min": -3.27711795478e-08,
        "stdev": 6.38282493526e-09
    },
    "spectral_energy": {
        "max": 0.124734096229,
        "mean": 0.0311914682388,
        "min": 2.72929923995e-07,
        "stdev": 0.024989804253
    },
    "spectral_energyband_high": {
        "max": 0.00117365422193,
        "mean": 0.000232435952057,
        "min": 3.21222426436e-09,
        "stdev": 0.000195778135094
    },
    "spectral_energyband_low": {
        "max": 0.114710904658,
        "mean": 0.0105269197375,
        "min": 1.48322722993e-08,
        "stdev": 0.0210863798857
    },
    "spectral_energyband_middle_high": {
        "max": 0.048134803772,
        "mean": 0.010659920983,
        "min": 2.03109166819e-07,
        "stdev": 0.00949086342007
    },
    "spectral_energyband_middle_low": {
        "max": 0.0701217576861,
        "mean": 0.0103715108708,
        "min": 5.33736503883e-08,
        "stdev": 0.0111104780808
    },
    "spectral_entropy": {
        "max": 8.29941082001,
        "mean": 7.53773546219,
        "min": 6.36173582077,
        "stdev": 0.298552453518
    },
    "spectral_flux": {
        "max": 0.218007922173,
        "mean": 0.0869561210275,
        "min": 0.000522426969837,
        "stdev": 0.0463545508683
    },
    "spectral_kurtosis": {
        "max": 24.6421451569,
        "mean": 6.27462291718,
        "min": 1.50022697449,
        "stdev": 3.06428766251
    },
    "spectral_rms": {
        "max": 0.0110314004123,
        "mean": 0.00491711357608,
        "min": 1.63178756338e-05,
        "stdev": 0.00250053731725
    },
    "spectral_rolloff": {
        "max": 2304.05273438,
        "mean": 1137.34448242,
        "min": 43.06640625,
        "stdev": 511.032440186
    },
    "spectral_skewness": {
        "max": 3.25611448288,
        "mean": 1.86565589905,
        "min": 1.08266115189,
        "stdev": 0.294685900211
    },
    "spectral_spread": {
        "max": 14498364,
        "mean": 3124723.25,
        "min": 1475858.25,
        "stdev": 920100.25
    },
    "spectral_strongpeak": {
        "max": 7.59734535217,
        "mean": 1.20063579082,
        "min": 0,
        "stdev": 1.34636163712
    },
    "zerocrossingrate": {
        "max": 0.193359375,
        "mean": 0.0461656600237,
        "min": 0.00537109375,
        "stdev": 0.0189500935376
    },
    "barkbands": {
        "max": [0.0393526479602, 0.0844780504704, 0.0068290932104, 0.00130068848375, 0.00616755336523, 0.00259092170745, 0.00212258566171, 0.0124677838758, 0.0621824488044, 0.0342614240944, 0.0114153837785, 0.0298834331334, 0.00871318113059, 0.0082734497264, 0.00327508710325, 0.00244908989407, 0.00157026469242, 0.000947620719671, 0.000838233798277, 0.000437849550508, 0.000390434230212, 0.000246679555858, 0.000281661865301, 0.000444331788458, 0.000187989033293, 0.000114965820103, 6.86363546265e-06],
        "mean": [0.00214201048948, 0.00807312689722, 0.000445000361651, 7.84733565524e-05, 0.000181215058547, 0.00018066552002, 0.000271003606031, 0.00115980417468, 0.00699446350336, 0.00452159298584, 0.00146942422725, 0.00184916320723, 0.00117284152657, 0.000850639073178, 0.000520347559359, 0.000409208820201, 0.000292267126497, 0.000178472080734, 0.000130509812152, 7.67847159295e-05, 6.51942536933e-05, 4.9786776799e-05, 4.00102435378e-05, 2.33942046179e-05, 1.26649902086e-05, 3.35791514772e-06, 5.84527093395e-08],
        "min": [4.93651786115e-10, 2.27449925561e-09, 3.66240637817e-09, 2.91605717351e-09, 5.4842690389e-09, 6.29531982099e-09, 1.13516387401e-08, 1.18211547218e-08, 1.03423412057e-08, 2.56417678202e-08, 3.11204715331e-08, 2.27989396251e-08, 5.17201144135e-08, 5.46961551606e-08, 4.43786651871e-09, 1.90572579939e-09, 5.42425659944e-09, 4.12359391078e-09, 3.00581470825e-09, 1.0391122407e-09, 4.24247664776e-10, 4.25426194273e-10, 7.79457887123e-11, 1.02000984048e-10, 1.52480861271e-10, 9.73927535841e-11, 1.13623277453e-10],
        "stdev": [0.0054098656401, 0.0162176676095, 0.000978604191914, 0.000169383638422, 0.000437008420704, 0.000276700040558, 0.000270643795375, 0.00157434039284, 0.00892638880759, 0.00481656659395, 0.00164303404745, 0.00415286282077, 0.00144252553582, 0.00091411836911, 0.000495894229971, 0.000385496387025, 0.000266771035967, 0.000165158591699, 0.000135666021379, 6.39291247353e-05, 5.70252996113e-05, 4.27654886153e-05, 3.75749004888e-05, 3.03787583107e-05, 1.93259020307e-05, 8.36539857119e-06, 4.32478174162e-07]
    },
    "erbbands": {
        "max": [5.61706638336, 18.6723937988, 16.980512619, 3.92197608948, 5.96728515625, 22.1416702271, 36.4277458191, 12.3716278076, 23.8616485596, 93.0830688477, 490.200714111, 1764.5345459, 1362.3470459, 619.669616699, 544.749938965, 1429.62280273, 375.575927734, 391.233276367, 166.462417603, 216.618927002, 144.127731323, 76.8489456177, 51.512550354, 55.6131248474, 30.7871074677, 17.9536514282, 21.7355670929, 13.6096048355, 8.19483470917, 9.61004161835, 7.57385921478, 5.30949354172, 9.82344722748, 2.63041400909, 1.33229720592, 0.613201081753, 0.19225564599, 0.0369304306805, 0.00125781213865, 0.00013543482055],
        "mean": [0.386889308691, 1.15590262413, 0.972427427769, 0.319865822792, 0.31007489562, 0.660781562328, 1.40222203732, 1.35512852669, 2.87989211082, 8.84976100922, 46.9042701721, 155.827224731, 158.407806396, 115.970344543, 59.2167663574, 76.7113723755, 56.691116333, 47.8256950378, 32.0794219971, 26.120885849, 21.5209064484, 16.3820896149, 10.9045915604, 7.82495307922, 5.18510723114, 3.62339949608, 3.00295042992, 2.29778623581, 1.80988943577, 1.50356781483, 1.07919883728, 0.588320493698, 0.349394738674, 0.178543508053, 0.0695718601346, 0.0210949368775, 0.00528700044379, 0.000606995658018, 3.01338095596e-05, 3.70681882487e-05],
        "min": [1.10685398624e-07, 1.2233756479e-06, 3.92505944546e-06, 7.73474312155e-06, 1.2715039702e-05, 1.9170503947e-05, 3.11313124257e-05, 5.94805787841e-05, 0.000129339110572, 0.000226729898714, 0.000248589494731, 0.000228107659495, 0.000541037938092, 0.00111803831533, 0.00118293974083, 0.000997568015009, 0.00221366435289, 0.00309855281375, 0.00103363173548, 0.000159911985975, 0.000140043572173, 0.000292288721539, 0.000221263733692, 0.000249978591455, 7.38610033295e-05, 4.92843173561e-05, 2.7160082027e-05, 1.23633608382e-05, 1.39857484101e-05, 1.64690936799e-05, 4.11008159062e-06, 2.5353917863e-06, 2.14825877265e-06, 1.66707218341e-06, 1.29410739191e-06, 6.02389093274e-07, 3.03694150716e-07, 8.39266220964e-08, 3.09365155715e-08, 3.35630723214e-09],
        "stdev": [0.886735260487, 2.52011752129, 2.29858136177, 0.597569406033, 0.574570775032, 1.65789520741, 3.34245824814, 1.55411052704, 2.80053567886, 9.39529895782, 64.8909378052, 204.48878479, 182.520126343, 114.314682007, 72.5555038452, 185.071655273, 69.24949646, 49.5869445801, 27.0825119019, 25.9470062256, 20.0631198883, 14.751912117, 9.87801361084, 7.90383815765, 4.62233304977, 2.96982431412, 2.78363513947, 1.97536528111, 1.53298676014, 1.32849740982, 1.04326975346, 0.636215031147, 0.560399770737, 0.260314762592, 0.12090292573, 0.045397747308, 0.0148327872157, 0.00237152003683, 6.50568617857e-05, 2.81926313619e-05]
    },
    "gfcc": {
        "mean": [-62.6126060486, 99.9343032837, -185.390716553, 1.48592448235, -69.4592819214, 26.1566181183, -11.7623586655, 15.7114467621, -1.75583088398, -7.20258188248, -9.0408115387, -8.9255695343, 2.29982376099],
        "cov": [[11438.6171875, -2582.41381836, 79.025970459, 1.78516340256, -880.478088379, 811.437072754, -1166.94372559, 635.265686035, -238.712097168, 535.386474609, 37.8985443115, 223.602783203, -55.6480789185], [-2582.41381836, 2594.84912109, 932.310791016, 1067.48461914, 1084.01940918, 178.585830688, 974.004211426, -168.632873535, 462.017059326, -220.810287476, 334.966491699, -220.799636841, 199.252258301], [79.025970459, 932.310791016, 1123.9185791, 791.944702148, 753.716491699, 291.436004639, 253.171737671, 124.95149231, 138.394744873, 158.996032715, 58.9305839539, 65.6932144165, 51.8461952209], [1.78516340256, 1067.48461914, 791.944702148, 805.264892578, 625.041931152, 308.828887939, 359.839996338, 51.54737854, 270.135986328, 27.6732387543, 192.886978149, -27.8139896393, 118.956214905], [-880.478088379, 1084.01940918, 753.716491699, 625.041931152, 742.528076172, 159.135665894, 412.262817383, 39.157245636, 175.401916504, 56.5294265747, 78.7511444092, -4.54506540298, 48.9240646362], [811.437072754, 178.585830688, 291.436004639, 308.828887939, 159.135665894, 294.012298584, 99.3609542847, 109.309272766, 127.871459961, 49.2750244141, 131.393127441, 15.9882135391, 68.7005310059], [-1166.94372559, 974.004211426, 253.171737671, 359.839996338, 412.262817383, 99.3609542847, 502.193359375, -25.63813591, 227.358688354, -96.8733978271, 165.058807373, -84.3076324463, 83.2512664795], [635.265686035, -168.632873535, 124.95149231, 51.54737854, 39.157245636, 109.309272766, -25.63813591, 152.093933105, 8.89251232147, 104.647315979, 0.226593568921, 49.2802200317, -3.24974966049], [-238.712097168, 462.017059326, 138.394744873, 270.135986328, 175.401916504, 127.871459961, 227.358688354, 8.89251232147, 230.422714233, -25.7827320099, 160.620025635, -31.1781578064, 81.4600448608], [535.386474609, -220.810287476, 158.996032715, 27.6732387543, 56.5294265747, 49.2750244141, -96.8733978271, 104.647315979, -25.7827320099, 163.801086426, -39.1425209045, 85.2423095703, -31.2624340057], [37.8985443115, 334.966491699, 58.9305839539, 192.886978149, 78.7511444092, 131.393127441, 165.058807373, 0.226593568921, 160.620025635, -39.1425209045, 179.950942993, -34.6367111206, 87.3884429932], [223.602783203, -220.799636841, 65.6932144165, -27.8139896393, -4.54506540298, 15.9882135391, -84.3076324463, 49.2802200317, -31.1781578064, 85.2423095703, -34.6367111206, 106.316299438, -13.1121234894], [-55.6480789185, 199.252258301, 51.8461952209, 118.956214905, 48.9240646362, 68.7005310059, 83.2512664795, -3.24974966049, 81.4600448608, -31.2624340057, 87.3884429932, -13.1121234894, 91.0258789062]],
        "icov": [[0.000268748961389, 6.27859772067e-05, 0.000176259607542, -0.000644334650133, 0.00044876159518, -0.000607927620877, 0.00038802990457, -0.000433767942013, 0.000525752082467, -0.00042548662168, -0.000314302305924, 0.000343195453752, 0.000350310292561], [6.27859772067e-05, 0.00722703663632, -0.00310037774034, -0.00235623028129, -0.0026819370687, 0.00448533147573, -0.00624485732988, 0.00440724985674, 0.000242917580181, 0.00194353645202, -0.00423535099253, 0.00531214056537, -0.00172974192537], [0.000176259607542, -0.00310037774034, 0.010040095076, -0.00670771393925, -0.00237589422613, -0.00337837543339, 0.00395142519847, -0.00304718432017, 0.00422158930451, -0.0029787463136, 0.00367683917284, -0.00486669456586, 0.00101378269028], [-0.000644334650133, -0.00235623028129, -0.00670771393925, 0.0191029664129, -0.00662255007774, -0.00469396542758, 0.00582469720393, 0.00170999323018, -0.00982057210058, 0.00458379741758, -0.00125390407629, 0.00256783980876, -0.00260765315033], [0.00044876159518, -0.0026819370687, -0.00237589422613, -0.00662255007774, 0.0174316000193, -0.000400797260227, -0.00818354077637, 0.000662806036416, 0.00360557250679, -0.00943691562861, 0.00656484114006, -0.00181419542059, 0.00156299979426], [-0.000607927620877, 0.00448533147573, -0.00337837543339, -0.00469396542758, -0.000400797260227, 0.0176012348384, -0.00437540793791, -0.00496440241113, 0.000705021899194, 0.00476978207007, -0.00975924171507, 0.000713107117917, -0.000896572426427], [0.00038802990457, -0.00624485732988, 0.00395142519847, 0.00582469720393, -0.00818354077637, -0.00437540793791, 0.0199187304825, -0.00922261085361, -0.0054725962691, 0.00777569925413, -0.00301569583826, -0.00274384999648, 0.00326636293903], [-0.000433767942013, 0.00440724985674, -0.00304718432017, 0.00170999323018, 0.000662806036416, -0.00496440241113, -0.00922261085361, 0.0234189275652, -0.00119559268933, -0.0115755507722, 0.00426306249574, 0.00482112262398, -0.0040538655594], [0.000525752082467, 0.000242917580181, 0.00422158930451, -0.00982057210058, 0.00360557250679, 0.000705021899194, -0.0054725962691, -0.00119559268933, 0.0208524055779, -0.00562096061185, -0.00882429350168, -0.00172705983277, 0.000342909421306], [-0.00042548662168, 0.00194353645202, -0.0029787463136, 0.00458379741758, -0.00943691562861, 0.00476978207007, 0.00777569925413, -0.0115755507722, -0.00562096061185, 0.0286047942936, -0.0068277050741, -0.00775580806658, 0.00543133215979], [-0.000314302305924, -0.00423535099253, 0.00367683917284, -0.00125390407629, 0.00656484114006, -0.00975924171507, -0.00301569583826, 0.00426306249574, -0.00882429350168, -0.0068277050741, 0.0313191525638, -0.00141721102409, -0.00934893265367], [0.000343195453752, 0.00531214056537, -0.00486669456586, 0.00256783980876, -0.00181419542059, 0.000713107117917, -0.00274384999648, 0.00482112262398, -0.00172705983277, -0.00775580806658, -0.00141721102409, 0.0234002955258, -0.00527035770938], [0.000350310292561, -0.00172974192537, 0.00101378269028, -0.00260765315033, 0.00156299979426, -0.000896572426427, 0.00326636293903, -0.0040538655594, 0.000342909421306, 0.00543133215979, -0.00934893265367, -0.00527035770938, 0.0242958925664]]
    },
    "melbands": {
        "max": [0.0353063978255, 0.0130832614377, 0.000620516191702, 0.000776239845436, 0.00141416746192, 0.00034427139326, 0.000386894971598, 0.00098124158103, 0.00586010003462, 0.0116244088858, 0.00684414897114, 0.00292666931637, 0.00160836614668, 0.00252067134716, 0.00267307204194, 0.00104559271131, 0.000895973527804, 0.000307993381284, 0.000243540489464, 0.000211209320696, 0.000170093844645, 8.26954565127e-05, 7.14451889507e-05, 3.12791853503e-05, 5.513038559e-05, 2.3571170459e-05, 1.42587641676e-05, 1.19656087918e-05, 1.60131403391e-05, 9.21361424844e-06, 7.20095931683e-06, 5.12262204211e-06, 4.83749590785e-06, 6.01840429226e-06, 5.1782249102e-06, 4.53326128991e-06, 2.71832277576e-06, 6.85459599481e-06, 5.52656365471e-06, 2.08403957913e-06],
        "mean": [0.00283899460919, 0.000829563767184, 5.39637330803e-05, 3.29959802912e-05, 4.56207126263e-05, 3.19537612086e-05, 4.65989069198e-05, 0.000112626737973, 0.000473489926662, 0.00104108219966, 0.000786201329902, 0.000487287848955, 0.000194326727069, 0.000214313447941, 0.000144710385939, 0.000118912867038, 8.54625250213e-05, 5.36868537893e-05, 3.88987609767e-05, 3.05729590764e-05, 2.40313074755e-05, 1.75840341399e-05, 1.2753066585e-05, 7.42870906834e-06, 6.34303842162e-06, 4.27712257078e-06, 3.00287774735e-06, 2.2409428766e-06, 1.95060647457e-06, 1.54883218784e-06, 1.24950236113e-06, 1.03035961274e-06, 9.21693242617e-07, 8.00428608727e-07, 6.60781324768e-07, 4.62140718582e-07, 3.18506181429e-07, 2.5242547963e-07, 1.98576728394e-07, 1.34437357246e-07],
        "min": [7.97182375667e-10, 1.97314076189e-09, 1.47279133333e-09, 1.13480880248e-09, 1.05559738728e-09, 1.3450250913e-09, 2.08504258303e-09, 2.56134624621e-09, 1.93842497609e-09, 1.43930467544e-09, 2.75865841282e-09, 4.45705117258e-09, 4.19721990497e-09, 2.64397925775e-09, 3.22968030098e-09, 5.78134606855e-09, 5.78658454486e-09, 2.04270622639e-09, 1.87629814463e-10, 1.44837308813e-10, 1.85376589079e-10, 3.29671401289e-10, 2.30752222885e-10, 1.81986758996e-10, 2.18921880624e-10, 5.9803828556e-11, 4.09241772414e-11, 3.05420792823e-11, 2.05150306465e-11, 6.85441026854e-12, 7.94606568044e-12, 8.29755708587e-12, 1.1518834931e-12, 1.13315162375e-12, 1.27316961227e-12, 1.24979681552e-12, 1.18725905843e-12, 1.22284821158e-12, 1.07539574034e-12, 1.23198012122e-12],
        "stdev": [0.00600721174851, 0.00191775197163, 9.67650412349e-05, 7.10401072865e-05, 0.000110108376248, 3.8443467929e-05, 4.55156841781e-05, 0.000125949634821, 0.000682574813254, 0.00136066589039, 0.000918060133699, 0.000498383771628, 0.00022364371398, 0.000439864466898, 0.000307409180095, 0.000154981811647, 9.75734437816e-05, 4.82896284666e-05, 3.78868608095e-05, 3.04898894683e-05, 2.31933227042e-05, 1.65955334523e-05, 1.25991027744e-05, 6.45953832645e-06, 6.98590383763e-06, 4.24417567046e-06, 2.59406783698e-06, 1.91821891349e-06, 1.94191170522e-06, 1.37016365898e-06, 1.13104727006e-06, 9.03192756141e-07, 8.28947918308e-07, 7.35766434445e-07, 6.36595245851e-07, 5.251953894e-07, 3.5419014921e-07, 4.0012247382e-07, 3.34327921792e-07, 2.00603764711e-07]
    },
    "melbands128": {
        "max": [0.0355618521571, 0.0627401992679, 0.034527849406, 0.0308567769825, 0.014266371727, 0.00209025805816, 0.000925267871935, 0.000514364801347, 0.000758684065659, 0.000936636817642, 0.00124346045777, 0.00238936161622, 0.00150796375237, 0.000700789038092, 0.000328284018906, 0.000338312180247, 0.000350799498847, 0.000447833590442, 0.000557198771276, 0.00155196757987, 0.00161911372561, 0.00390381994657, 0.00619044434279, 0.0128102973104, 0.0140448892489, 0.0172141268849, 0.0122850695625, 0.00974310189486, 0.00576885137707, 0.00611391291022, 0.0028242690023, 0.00254955189303, 0.00239905994385, 0.00241594854742, 0.0056485994719, 0.0048917173408, 0.00885569769889, 0.00288515957072, 0.00132022867911, 0.00132777262479, 0.00160383421462, 0.00115192017984, 0.000743467418943, 0.00223655253649, 0.000577529601287, 0.000345134554664, 0.000441558251623, 0.000330235867295, 0.00052297586808, 0.000364139821613, 0.000222934220801, 0.000193057989236, 0.000285063491901, 0.000158852621098, 0.000139904179377, 0.000123176694615, 0.000133717796416, 0.000112126370368, 0.000137792827445, 7.16017966624e-05, 3.43877836713e-05, 4.20259275415e-05, 3.18676466122e-05, 0.000125963255414, 5.8547630033e-05, 2.68784224318e-05, 4.63703800051e-05, 2.69998672593e-05, 1.64071680047e-05, 3.44821528415e-05, 1.25371789181e-05, 1.11226072477e-05, 3.64698389603e-05, 2.10415728361e-05, 3.5952336475e-05, 1.01208797787e-05, 9.20843922358e-06, 1.11829403977e-05, 7.94167681306e-06, 7.50515846448e-06, 7.67227538745e-06, 6.92841331329e-06, 7.08605148247e-06, 5.68099312659e-06, 7.50723756937e-06, 4.73531417811e-06, 5.85526640862e-06, 1.09432203317e-05, 3.79697075914e-06, 4.56180714536e-06, 9.55305131356e-06, 3.71773035113e-06, 2.52987865679e-06, 2.19523030864e-06, 3.51303515345e-06, 3.8413350012e-06, 7.98911241873e-06, 1.08571794044e-05, 6.17735304331e-06, 3.15142233376e-06, 2.64401091954e-06, 2.22135054173e-06, 2.01676107281e-06, 1.48311778503e-06, 2.01679063139e-06, 1.72762179318e-06, 2.14565034184e-06, 1.50204459715e-06, 8.26043844881e-07, 7.73308045154e-07, 5.91053151311e-07, 9.01083296867e-07, 7.93066533333e-07, 4.32715893339e-07, 3.39232627766e-07, 6.38187941604e-07, 2.42180789201e-07, 6.26686613714e-08, 5.44728102625e-08, 1.47853143062e-08, 5.38870129074e-11, 8.52035331178e-09, 1.20536851611e-08, 5.0805956664e-11, 4.98684704642e-11, 4.90865646741e-11, 4.84106955911e-11, 4.81277136199e-11],
        "mean": [0.00195996672846, 0.00387905072421, 0.00271507143043, 0.00179677759297, 0.000739081995562, 0.000163239790709, 5.6653534557e-05, 3.36950361088e-05, 2.85194710159e-05, 3.07039517793e-05, 3.64723600796e-05, 4.39433715655e-05, 5.51245793758e-05, 4.03065860155e-05, 2.55239101534e-05, 2.98058039334e-05, 3.71352070943e-05, 4.71686435048e-05, 6.01764695602e-05, 8.33076046547e-05, 0.000127881081426, 0.000228106815484, 0.000455016939668, 0.000778086134233, 0.00102663901635, 0.00122496346012, 0.000960642006248, 0.000733365654014, 0.000635371543467, 0.000595005520154, 0.000449799059425, 0.000234316510614, 0.000178029760718, 0.000144681995152, 0.000208080818993, 0.000231537080253, 0.000247774121817, 0.000110540095193, 0.000110962660983, 0.000133244233439, 0.000129233158077, 8.46701150294e-05, 8.56028709677e-05, 9.27585715544e-05, 6.02702530159e-05, 4.82883915538e-05, 4.03893282055e-05, 4.07138613809e-05, 3.81100653613e-05, 3.35043041559e-05, 2.97387050523e-05, 2.75641014014e-05, 2.51152760029e-05, 2.25822059292e-05, 2.07912653423e-05, 1.71463489096e-05, 1.52010743477e-05, 1.35818727358e-05, 1.27970015456e-05, 9.29816997086e-06, 7.07113622411e-06, 6.10915913057e-06, 5.48208026885e-06, 7.68115569372e-06, 5.69698295294e-06, 3.71829696633e-06, 3.7696745494e-06, 3.3545493352e-06, 2.74738522421e-06, 2.6464763323e-06, 2.2363590233e-06, 2.01441412173e-06, 2.10026860259e-06, 1.91492563317e-06, 1.87436205579e-06, 1.5230034478e-06, 1.45219439673e-06, 1.38784912451e-06, 1.23161862575e-06, 1.1128731785e-06, 1.03008687802e-06, 1.02068668184e-06, 9.57348106567e-07, 9.20931768178e-07, 8.8442766355e-07, 8.32985051602e-07, 7.70422104779e-07, 7.38231562991e-07, 6.74200293815e-07, 5.9259673435e-07, 5.30163163148e-07, 4.13226104001e-07, 3.6862604702e-07, 3.20491949424e-07, 2.91459741675e-07, 2.60981408928e-07, 2.48886578902e-07, 2.31461015687e-07, 2.06530316404e-07, 1.8132442392e-07, 1.52682730459e-07, 1.31980513629e-07, 1.05259914562e-07, 8.40998595208e-08, 7.66714833844e-08, 6.70994921848e-08, 6.23854106152e-08, 4.71960532877e-08, 3.26436513376e-08, 2.17301838745e-08, 1.721578613e-08, 2.03179411074e-08, 1.7413199771e-08, 1.35296129855e-08, 8.7514857583e-09, 7.16480741403e-09, 2.13747708422e-09, 1.77087011721e-10, 1.10645458073e-10, 3.36961673841e-11, 4.76341969341e-12, 2.17839409705e-11, 2.88185031394e-11, 4.4971860437e-12, 4.2729782386e-12, 3.92836501176e-12, 3.73631420941e-12, 3.69408323375e-12],
        "min": [1.44139811198e-10, 6.38330943659e-10, 1.34348265846e-09, 6.58414225918e-11, 1.81161086132e-09, 1.78422632224e-09, 1.57885915453e-09, 1.41674638687e-09, 1.25958032893e-09, 1.12993869816e-09, 1.04933972622e-09, 1.01831620913e-09, 1.03987507494e-09, 1.11419240501e-09, 1.2466562227e-09, 1.4678076532e-09, 1.81855264181e-09, 2.16527151764e-09, 2.44989206699e-09, 2.63588706417e-09, 2.62769650483e-09, 2.35249175695e-09, 1.89411109019e-09, 1.49024947937e-09, 1.26046673099e-09, 1.37014510848e-09, 1.90501836528e-09, 2.703572477e-09, 3.59650553783e-09, 4.33658753352e-09, 4.74079486779e-09, 4.8275898834e-09, 4.39837366528e-09, 3.67981733973e-09, 2.88230639356e-09, 2.29329621959e-09, 2.24281171413e-09, 2.85572165915e-09, 3.93752541683e-09, 5.18602227828e-09, 6.20667828244e-09, 6.69319799584e-09, 6.44492814672e-09, 5.27061239097e-09, 3.41672334869e-09, 1.50698387102e-09, 3.39693717599e-10, 5.65718860646e-11, 1.76263587059e-10, 2.34519292874e-10, 1.49715490005e-10, 4.35569115498e-11, 7.8290672556e-11, 2.66060617982e-10, 3.92173876707e-10, 3.4325375875e-10, 2.80030360011e-10, 2.42605657785e-10, 2.21874199569e-10, 1.87623860892e-10, 1.49081566536e-10, 1.94048929703e-10, 2.6601595926e-10, 2.45371112317e-10, 1.20340862275e-10, 3.01299714345e-11, 3.60409896372e-11, 5.333795558e-11, 3.61187017794e-11, 3.40855434156e-11, 3.45758560671e-11, 2.58880712006e-11, 2.4270462376e-11, 2.2519992815e-11, 1.22848415468e-11, 7.82609827638e-12, 4.19209849126e-12, 2.11978720167e-12, 1.16510637943e-11, 9.32704868201e-12, 8.94256804024e-12, 8.73483577135e-12, 4.1699017286e-13, 3.63907417655e-13, 3.30730451706e-13, 4.92818297022e-13, 1.14455981585e-12, 8.94518834005e-13, 1.06091665401e-12, 1.36786263739e-12, 1.21282237725e-12, 8.24916036087e-13, 9.43083827178e-13, 9.012238655e-13, 1.07374189835e-12, 1.00260728539e-12, 9.90514853298e-13, 6.92897941714e-13, 6.1548140716e-13, 7.52013143597e-13, 8.93241101745e-13, 8.21018979798e-13, 7.3333955011e-13, 7.42693992244e-13, 4.89506005175e-13, 4.84322922479e-13, 4.3370390829e-13, 5.1458647456e-13, 5.38821754142e-13, 4.9933516523e-13, 4.52074928057e-13, 3.92891313017e-13, 3.93043589212e-13, 3.59343495715e-13, 4.38063674961e-13, 4.07570976751e-13, 3.56736694221e-13, 3.6424465874e-13, 4.2718869349e-13, 3.5065236847e-13, 3.57925847164e-13, 4.50538044372e-13, 3.75853645082e-13, 3.56473612564e-13, 2.41088345034e-13, 1.11923992752e-13, 1.41915465992e-14, 3.28973144214e-16],
        "stdev": [0.00505708996207, 0.00950995460153, 0.00550068030134, 0.00436635036021, 0.00188279943541, 0.000339420657838, 0.00011805795657, 7.10633612471e-05, 5.84925364819e-05, 6.73811082379e-05, 9.91633642116e-05, 0.000143339595525, 0.00014648315846, 7.92231730884e-05, 3.22978303302e-05, 3.86932806578e-05, 4.50105144409e-05, 5.63753637834e-05, 7.00385280652e-05, 0.000116067007184, 0.000176613175427, 0.000353371055098, 0.000750418519601, 0.00132571754511, 0.00150846573524, 0.00191209476907, 0.00134927488398, 0.00101527757943, 0.000877518963534, 0.000781285925768, 0.000519844470546, 0.000289095856715, 0.000265689392108, 0.000226450370974, 0.000519578927197, 0.000613387150224, 0.000974447408225, 0.000244392605964, 0.000164051540196, 0.000199978880119, 0.000222395043238, 0.00011731153063, 0.000103057958768, 0.000195229629753, 6.73601243761e-05, 5.47439340153e-05, 4.55446861451e-05, 4.50918087154e-05, 5.17512489751e-05, 4.12387162214e-05, 3.34317846864e-05, 3.1288676837e-05, 2.94820165436e-05, 2.56486291619e-05, 2.26891006605e-05, 1.98595625989e-05, 1.69702507264e-05, 1.5281535525e-05, 1.74272536242e-05, 1.01316691143e-05, 7.03994328433e-06, 6.17056957708e-06, 5.38673566552e-06, 1.23013296616e-05, 8.34174898046e-06, 3.83572432838e-06, 4.62970683657e-06, 3.71477926819e-06, 2.68630901701e-06, 3.19699552165e-06, 2.15134150494e-06, 1.96804694497e-06, 2.74403646472e-06, 2.22738026423e-06, 2.57902433987e-06, 1.43552858844e-06, 1.42611202136e-06, 1.4451302377e-06, 1.23556151266e-06, 1.15317550353e-06, 1.03986724298e-06, 1.00908573586e-06, 9.46593104345e-07, 9.341039231e-07, 9.34645981943e-07, 8.4240605247e-07, 7.73589874825e-07, 8.61483954395e-07, 6.84194105816e-07, 6.43944702006e-07, 7.519864198e-07, 4.8812461273e-07, 4.21981837917e-07, 3.68648244375e-07, 3.90759282709e-07, 3.54245486278e-07, 4.47159351324e-07, 5.36831407771e-07, 3.61145339411e-07, 2.9297399351e-07, 2.35356836242e-07, 2.01849672976e-07, 1.86422340676e-07, 1.46441479387e-07, 1.55275287739e-07, 1.39492385642e-07, 1.4283425287e-07, 1.19667561194e-07, 7.44789687701e-08, 5.19674507871e-08, 4.33384172993e-08, 6.69247057772e-08, 5.69108564719e-08, 4.14574792273e-08, 2.98391320541e-08, 3.6229412359e-08, 1.47424250585e-08, 2.74885647578e-09, 2.32324426364e-09, 6.31282470742e-10, 7.12495253768e-12, 3.64799745967e-10, 5.16102383052e-10, 6.73522739317e-12, 6.63181011842e-12, 6.55105743957e-12, 6.49183571483e-12, 6.45632679264e-12]
    },
    "mfcc": {
        "mean": [-678.373840332, 124.007385254, -49.4745521545, -18.7945671082, -23.6194610596, 2.08522033691, -0.699377298355, 17.8431186676, 12.8342046738, 14.4858102798, 4.0819439888, 0.502131700516, -5.30253744125],
        "cov": [[10986.8876953, -1988.02758789, -95.9597854614, -741.642700195, -82.4445724487, -191.590957642, -442.287506104, -167.32244873, -226.028335571, -33.5634651184, 2.75354766846, 173.532867432, 281.309814453], [-1988.02758789, 1321.42810059, 508.428741455, 760.321777344, 396.979980469, 463.816253662, 420.13973999, 295.830596924, 188.703018188, 198.048965454, 125.392990112, 85.7242584229, -29.6489582062], [-95.9597854614, 508.428741455, 586.723632812, 526.007873535, 460.636871338, 336.679382324, 243.625061035, 147.146194458, 145.731185913, 129.23387146, 93.3468933105, 86.9134597778, 61.0760040283], [-741.642700195, 760.321777344, 526.007873535, 667.077514648, 462.357971191, 393.527679443, 283.759674072, 199.64642334, 168.230560303, 162.223526001, 106.903343201, 95.3917770386, 32.3074951172], [-82.4445724487, 396.979980469, 460.636871338, 462.357971191, 468.199249268, 288.839447021, 212.239379883, 108.206863403, 143.696151733, 107.088844299, 90.1695175171, 83.0075454712, 66.9928131104], [-191.590957642, 463.816253662, 336.679382324, 393.527679443, 288.839447021, 328.075622559, 201.590270996, 173.60144043, 108.337768555, 123.373291016, 77.9215316772, 89.8838119507, 50.7417793274], [-442.287506104, 420.13973999, 243.625061035, 283.759674072, 212.239379883, 201.590270996, 249.891998291, 142.919876099, 110.586235046, 88.0084838867, 86.6663513184, 63.2562828064, 20.8574619293], [-167.32244873, 295.830596924, 147.146194458, 199.64642334, 108.206863403, 173.60144043, 142.919876099, 172.143539429, 80.3397293091, 89.2415237427, 61.7070388794, 65.3645782471, 23.7393722534], [-226.028335571, 188.703018188, 145.731185913, 168.230560303, 143.696151733, 108.337768555, 110.586235046, 80.3397293091, 105.232917786, 64.4569244385, 61.1371612549, 43.8746948242, 28.8181629181], [-33.5634651184, 198.048965454, 129.23387146, 162.223526001, 107.088844299, 123.373291016, 88.0084838867, 89.2415237427, 64.4569244385, 101.334732056, 63.7082710266, 54.5602340698, 22.4189510345], [2.75354766846, 125.392990112, 93.3468933105, 106.903343201, 90.1695175171, 77.9215316772, 86.6663513184, 61.7070388794, 61.1371612549, 63.7082710266, 94.0007629395, 53.4346351624, 28.1654510498], [173.532867432, 85.7242584229, 86.9134597778, 95.3917770386, 83.0075454712, 89.8838119507, 63.2562828064, 65.3645782471, 43.8746948242, 54.5602340698, 53.4346351624, 80.9139938354, 44.5933036804], [281.309814453, -29.6489582062, 61.0760040283, 32.3074951172, 66.9928131104, 50.7417793274, 20.8574619293, 23.7393722534, 28.8181629181, 22.4189510345, 28.1654510498, 44.5933036804, 71.0274963379]],
        "icov": [[0.000185669268831, 0.000410821754485, -0.00024176077568, 0.000149329469423, -0.00014314740838, -0.000128415718791, 2.05194337468e-05, -0.000275581900496, 0.000679933815263, -0.000330773094902, -0.000110763801786, -0.000297736434732, -5.16824875376e-05], [0.000410821754485, 0.00543511612341, 0.000153948407387, -0.00558570725843, 0.00303988251835, -0.00150106544606, -0.00407658936456, -0.000282961700577, 0.00169601012021, -0.00112372287549, -9.66324023466e-06, 0.000561876688153, 0.00186447671149], [-0.00024176077568, 0.000153948407387, 0.0100473286584, -0.00368740758859, -0.00547357834876, -0.00099317159038, -0.0017759174807, 0.000202855357202, 0.000983787002042, -0.000903147447389, 0.00072410289431, 0.00223151315004, -0.0014169588685], [0.000149329469423, -0.00558570725843, -0.00368740758859, 0.0188569016755, -0.00901820417494, -0.00427123950794, 0.00537385744974, -0.00150364125147, -0.00177704694215, -0.00206765462644, 0.000181943018106, -0.0020314748399, 0.00472917966545], [-0.00014314740838, 0.00303988251835, -0.00547357834876, -0.00901820417494, 0.0184776075184, -0.00399541808292, -0.00441939150915, 0.00843718741089, -0.0072484142147, 0.00288494629785, -0.000341705279425, -0.000396285904571, -0.0030366552528], [-0.000128415718791, -0.00150106544606, -0.00099317159038, -0.00427123950794, -0.00399541808292, 0.0208667907864, -0.00151370919775, -0.00947273988277, 0.00660205632448, -0.00489287776873, 0.00381912942976, -0.00144941871986, -0.00658804457635], [2.05194337468e-05, -0.00407658936456, -0.0017759174807, 0.00537385744974, -0.00441939150915, -0.00151370919775, 0.0174593385309, -0.00613763043657, -0.00484532723203, 0.00530489254743, -0.00617132894695, -0.00110456242692, 0.00290606543422], [-0.000275581900496, -0.000282961700577, 0.000202855357202, -0.00150364125147, 0.00843718741089, -0.00947273988277, -0.00613763043657, 0.0240492150187, -0.00878262519836, -0.00421669101343, 0.00264221965335, -0.0050462083891, 0.00107140594628], [0.000679933815263, 0.00169601012021, 0.000983787002042, -0.00177704694215, -0.0072484142147, 0.00660205632448, -0.00484532723203, -0.00878262519836, 0.0324351750314, -0.00747400941327, -0.00559051940218, 0.00334439519793, -0.00622794078663], [-0.000330773094902, -0.00112372287549, -0.000903147447389, -0.00206765462644, 0.00288494629785, -0.00489287776873, 0.00530489254743, -0.00421669101343, -0.00747400941327, 0.0322648286819, -0.0111601147801, -0.00541800959036, 0.00385951553471], [-0.000110763801786, -9.66324023466e-06, 0.00072410289431, 0.000181943018106, -0.000341705279425, 0.00381912942976, -0.00617132894695, 0.00264221965335, -0.00559051940218, -0.0111601147801, 0.0274297185242, -0.00877326633781, -0.0013258230174], [-0.000297736434732, 0.000561876688153, 0.00223151315004, -0.0020314748399, -0.000396285904571, -0.00144941871986, -0.00110456242692, -0.0050462083891, 0.00334439519793, -0.00541800959036, -0.00877326633781, 0.03480566293, -0.0141808176413], [-5.16824875376e-05, 0.00186447671149, -0.0014169588685, 0.00472917966545, -0.0030366552528, -0.00658804457635, 0.00290606543422, 0.00107140594628, -0.00622794078663, 0.00385951553471, -0.0013258230174, -0.0141808176413, 0.0312261004001]]
    },
    "spectral_contrast_coeffs": {
        "max": [-0.528594017029, -0.500811994076, -0.58652728796, -0.709382176399, -0.737888336182, -0.59246134758],
        "mean": [-0.770406484604, -0.760009765625, -0.738084375858, -0.825897574425, -0.818193018436, -0.751053869724],
        "min": [-0.987989604473, -0.972978651524, -0.97208660841, -0.907667219639, -0.907025456429, -0.926891982555],
        "stdev": [0.0709710419178, 0.0812151357532, 0.0528534427285, 0.0293270926923, 0.0242166854441, 0.0371025763452]
    },
    "spectral_contrast_valleys": {
        "max": [-5.6466460228, -5.44635009766, -5.02874803543, -5.81404447556, -6.63449192047, -8.77705669403],
        "mean": [-8.17856216431, -6.72992563248, -6.57297849655, -7.04264068604, -7.74293613434, -11.0359735489],
        "min": [-11.374630928, -11.2452363968, -10.9684514999, -12.6817789078, -12.9284858704, -16.1214885712],
        "stdev": [1.40824306011, 0.90548235178, 1.02775084972, 1.06055176258, 1.05365657806, 1.68431174755]
    }
},
"rhythm": {
    "beats_count": 30,
    "beats_loudness": {
        "max": 0.0881844758987,
        "mean": 0.0319232158363,
        "min": 0.00012604422227,
        "stdev": 0.0231913626194
    },
    "bpm": 146.746856689,
    "bpm_histogram_first_peak_bpm": 148,
    "bpm_histogram_first_peak_weight": 0.538461565971,
    "bpm_histogram_second_peak_bpm": 157,
    "bpm_histogram_second_peak_spread": 0.25,
    "bpm_histogram_second_peak_weight": 0.206896558404,
    "danceability": 0.76211220026,
    "onset_rate": 0.626990437508,
    "beats_loudness_band_ratio": {
        "max": [0.936466276646, 0.103156752884, 0.63187879324, 0.828220069408, 0.320225954056, 0.0535621419549],
        "mean": [0.258976876736, 0.0168376285583, 0.307398289442, 0.354635119438, 0.0771603360772, 0.0156277772039],
        "min": [0.000246464129305, 0.0010401943, 0.0202214159071, 0.0193928461522, 0.0112230526283, 0.00184481590986],
        "stdev": [0.32625079155, 0.0231078527868, 0.17791672051, 0.217119589448, 0.0726106464863, 0.0127991596237]
    },
    "beats_position": [0.394739210606, 0.812698423862, 1.23065757751, 1.67183673382, 2.11301589012, 2.57741498947, 3.01859402657, 3.45977306366, 3.90095233917, 4.33052158356, 4.71365070343, 5.08516979218, 5.45668935776, 5.81659841537, 6.21133756638, 6.59446716309, 6.98920631409, 7.37233543396, 7.75546455383, 8.13859367371, 8.52172279358, 8.93968200684, 9.34603118896, 9.75238037109, 10.1587295532, 10.5650787354, 10.9714279175, 11.3777770996, 11.7957363129, 12.2136955261],
