{
"metadata": {
    "version": {
        "essentia": "2.1-beta5",
        "essentia_git_sha": "Undefined",
        "extractor": "music 2.0"
    },
    "audio_properties": {
        "analysis": {
            "equal_loudness": 0,
            "length": 48.7502937317,
            "sample_rate": 44100,
            "start_time": 93.9943771362,
            "downmix": "mix"
        },
        "bit_rate": 192000,
        "length": 192.284454346,
        "lossless": 0,
        "number_channels": 2,
        "replay_gain": -0.485885620117,
        "sample_rate": 48000,
        "codec": "mp3",
        "md5_encoded": "0a31d6e4f11c1c9b4ee8dd486ca7d5be"
    },
    "tags": {
        "file_name": "Romania_Goodbye_The Humans.mp3",
        "encoding": ["Lavf58.29.100"]
    }
},
"lowlevel": {
    "average_loudness": 0.924088001251,
    "barkbands_crest": {
        "max": 24.895614624,
        "mean": 9.79072093964,
        "min": 2.70002007484,
        "stdev": 4.36703824997
    },
    "barkbands_flatness_db": {
        "max": 0.315739244223,
        "mean": 0.130538970232,
        "min": 0.0382370091975,
        "stdev": 0.0453405827284
    },
    "barkbands_kurtosis": {
        "max": 86.8725204468,
        "mean": 2.81604099274,
        "min": -1.81767177582,
        "stdev": 7.27347517014
    },
    "barkbands_skewness": {
        "max": 8.16940879822,
        "mean": 1.32324135303,
        "min": -1.30149912834,
        "stdev": 1.12881696224
    },
    "barkbands_spread": {
        "max": 92.0327758789,
        "mean": 24.1615753174,
        "min": 1.56447911263,
        "stdev": 12.5880804062
    },
    "dissonance": {
        "max": 0.499955147505,
        "mean": 0.469480246305,
        "min": 0.329830288887,
        "stdev": 0.0230767223984
    },
    "dynamic_complexity": 2.82402157784,
    "erbbands_crest": {
        "max": 30.0862312317,
        "mean": 9.0239238739,
        "min": 2.66038918495,
        "stdev": 5.01960515976
    },
    "erbbands_flatness_db": {
        "max": 0.285179883242,
        "mean": 0.159322828054,
        "min": 0.0676026493311,
        "stdev": 0.0429976694286
    },
    "erbbands_kurtosis": {
        "max": 14.8838272095,
        "mean": 0.263868123293,
        "min": -1.66196501255,
        "stdev": 1.5841602087
    },
    "erbbands_skewness": {
        "max": 2.89283823967,
        "mean": 0.238838016987,
        "min": -1.91130423546,
        "stdev": 0.603148758411
    },
    "erbbands_spread": {
        "max": 107.128921509,
        "mean": 35.0065689087,
        "min": 5.0498790741,
        "stdev": 14.6357049942
    },
    "hfc": {
        "max": 114.839401245,
        "mean": 24.0904407501,
        "min": 0.0382242240012,
        "stdev": 17.7405471802
    },
    "loudness_ebu128": {
        "integrated": -22.4819774628,
        "loudness_range": 7.38254737854,
        "momentary": {
            "max": -19.4560413361,
            "mean": -23.6048088074,
            "min": -33.6304931641,
            "stdev": 3.58087110519
        },
        "short_term": {
            "max": -20.6532421112,
            "mean": -23.249256134,
            "min": -30.86028862,
            "stdev": 2.96829915047
        }
    },
    "melbands_crest": {
        "max": 30.7904129028,
        "mean": 14.1919622421,
        "min": 4.04336261749,
        "stdev": 5.1876115799
    },
    "melbands_flatness_db": {
        "max": 0.362219721079,
        "mean": 0.177352890372,
        "min": 0.0559164844453,
        "stdev": 0.0500803180039
    },
    "melbands_kurtosis": {
        "max": 157.433883667,
        "mean": 9.63417053223,
        "min": -1.58653652668,
        "stdev": 16.0521011353
    },
    "melbands_skewness": {
        "max": 9.98822498322,
        "mean": 2.28808283806,
        "min": -0.5580919981,
        "stdev": 1.51624250412
    },
    "melbands_spread": {
        "max": 99.6188735962,
        "mean": 25.3719444275,
        "min": 1.39716911316,
        "stdev": 12.6792726517
    },
    "pitch_salience": {
        "max": 0.844078421593,
        "mean": 0.524785637856,
        "min": 0.125543951988,
        "stdev": 0.109030306339
    },
    "silence_rate_20dB": {
        "max": 1,
        "mean": 1,
        "min": 1,
        "stdev": 0
    },
    "silence_rate_30dB": {
        "max": 1,
        "mean": 0.966682553291,
        "min": 0,
        "stdev": 0.179461076856
    },
    "silence_rate_60dB": {
        "max": 1,
        "mean": 0.0656830072403,
        "min": 0,
        "stdev": 0.247725903988
    },
    "spectral_centroid": {
        "max": 3661.85083008,
        "mean": 1508.61535645,
        "min": 271.585723877,
        "stdev": 555.044250488
    },
    "spectral_complexity": {
        "max": 57,
        "mean": 26.024274826,
        "min": 0,
        "stdev": 11.4988174438
    },
    "spectral_decrease": {
        "max": -1.09451536376e-11,
        "mean": -8.51429504678e-09,
        "min": -6.19173263772e-08,
        "stdev": 8.05533684201e-09
    },
    "spectral_energy": {
        "max": 0.238045170903,
        "mean": 0.0343200452626,
        "min": 4.47765887657e-05,
        "stdev": 0.0313292071223
    },
    "spectral_energyband_high": {
        "max": 0.0146474065259,
        "mean": 0.000903779466171,
        "min": 6.62827687847e-07,
        "stdev": 0.00128299486823
    },
    "spectral_energyband_low": {
        "max": 0.22279509902,
        "mean": 0.0156114734709,
        "min": 1.58297734743e-06,
        "stdev": 0.0264116618782
    },
    "spectral_energyband_middle_high": {
        "max": 0.0539646185935,
        "mean": 0.00812139268965,
        "min": 1.92582465388e-05,
        "stdev": 0.00799585692585
    },
    "spectral_energyband_middle_low": {
        "max": 0.117178589106,
        "mean": 0.0106452405453,
        "min": 2.34785238717e-05,
        "stdev": 0.011067584157
    },
    "spectral_entropy": {
        "max": 8.60217094421,
        "mean": 7.6819896698,
        "min": 6.06789684296,
        "stdev": 0.355241268873
    },
    "spectral_flux": {
        "max": 0.400798231363,
        "mean": 0.0937118753791,
        "min": 0.00821781996638,
        "stdev": 0.0641145557165
    },
    "spectral_kurtosis": {
        "max": 17.3368225098,
        "mean": 3.86555242538,
        "min": -0.722836732864,
        "stdev": 1.82590305805
    },
    "spectral_rms": {
        "max": 0.0152393961325,
        "mean": 0.00526771415025,
        "min": 0.000209008314414,
        "stdev": 0.00239461031742
    },
    "spectral_rolloff": {
        "max": 10185.2050781,
        "mean": 1479.85388184,
        "min": 64.599609375,
        "stdev": 1124.29052734
    },
    "spectral_skewness": {
        "max": 3.4641456604,
        "mean": 1.44073867798,
        "min": 0.192863926291,
        "stdev": 0.35541254282
    },
    "spectral_spread": {
        "max": 19653570,
        "mean": 4245929.5,
        "min": 2446763,
        "stdev": 1125541.625
    },
    "spectral_strongpeak": {
        "max": 11.3281507492,
        "mean": 0.945061504841,
        "min": 0.00408005993813,
        "stdev": 1.33340632915
    },
    "zerocrossingrate": {
        "max": 0.20947265625,
        "mean": 0.0582318976521,
        "min": 0.0087890625,
        "stdev": 0.0258822515607
    },
    "barkbands": {
        "max": [0.00501350406557, 0.168076679111, 0.0790772885084, 0.0414355397224, 0.0545310154557, 0.0719093382359, 0.0473490469158, 0.0217635817826, 0.0452443882823, 0.0446832440794, 0.0422529168427, 0.0220747385174, 0.0245269797742, 0.0332282073796, 0.0145895471796, 0.0208000391722, 0.00716384872794, 0.00448606023565, 0.00460390606895, 0.00568007631227, 0.00419535068795, 0.00428482936695, 0.00817851629108, 0.00269868294708, 0.00543152866885, 0.00189722201321, 1.44497553265e-05],
        "mean": [0.000262364483206, 0.0101690292358, 0.00447303336114, 0.00164950813632, 0.00208824290894, 0.00214765756391, 0.0020901511889, 0.000713200541213, 0.00141746818554, 0.00209593772888, 0.00111529359128, 0.00101793417707, 0.000837061088532, 0.000744299090002, 0.000460230978206, 0.000485753116664, 0.000527146214154, 0.000343589956174, 0.000575815152843, 0.000377966207452, 0.000240452878643, 0.000139316616696, 0.00012819575204, 9.55237337621e-05, 9.97171518975e-05, 2.50701305049e-05, 8.97238834341e-08],
        "min": [8.4469917172e-11, 1.09958158134e-07, 2.53850316767e-07, 9.95978126639e-08, 8.1717798821e-06, 3.46691922459e-06, 2.61269690327e-07, 3.95008726173e-07, 1.1899060155e-06, 4.51274530633e-07, 2.18329341806e-06, 1.10917460461e-06, 3.85365683542e-06, 4.48612900072e-06, 1.23115978568e-06, 4.5320581421e-07, 1.94010993937e-07, 3.72203061261e-07, 1.73879328713e-07, 1.60455826403e-07, 1.0923575644e-07, 8.97691094792e-08, 1.63177446666e-07, 8.55180672943e-08, 7.14138126412e-09, 1.23127674723e-10, 1.34323330236e-10],
        "stdev": [0.000612553674728, 0.0225365068763, 0.00618561496958, 0.00309907901101, 0.00470249447972, 0.00427598319948, 0.00322121963836, 0.00136559503153, 0.00254742964171, 0.00478373840451, 0.003287746571, 0.00207382789813, 0.0018541472964, 0.0022565999534, 0.000930942187551, 0.000931226881221, 0.000584908644669, 0.000373384129489, 0.000529610086232, 0.000425247737439, 0.000306026253384, 0.000284709181869, 0.000352148694219, 0.000180184739293, 0.000325910863467, 8.40551947476e-05, 4.70000543373e-07]
    },
    "erbbands": {
        "max": [5.71836042404, 40.7956123352, 93.6142196655, 85.6428375244, 164.100326538, 261.948272705, 479.095581055, 787.956359863, 788.379394531, 690.623962402, 447.709228516, 1141.2644043, 1829.52600098, 1764.85021973, 1849.42053223, 938.500671387, 1081.73522949, 1896.21203613, 941.67956543, 1166.00842285, 504.635925293, 409.190185547, 259.04397583, 283.482879639, 198.806411743, 288.030944824, 197.471420288, 161.527984619, 190.982620239, 161.008422852, 261.05682373, 54.0280761719, 61.6598129272, 73.7508926392, 33.7603569031, 10.1862163544, 2.46332859993, 0.182900622487, 0.00380587507971, 0.000269538490102],
        "mean": [0.292764216661, 2.28966164589, 5.30380725861, 5.04414224625, 7.25547409058, 6.66532850266, 7.67853021622, 20.8614292145, 28.0099868774, 29.452337265, 15.0220651627, 28.863609314, 54.2250328064, 62.2010269165, 48.98412323, 40.5732498169, 41.2000656128, 40.5440940857, 25.2074165344, 27.0193901062, 27.4987831116, 30.4337215424, 20.0498027802, 22.6540260315, 28.5772781372, 17.6499786377, 12.9377307892, 7.49004030228, 5.15624666214, 4.22603368759, 3.59050011635, 2.12030935287, 1.58692955971, 1.21102893353, 0.653246939182, 0.17902328074, 0.0355192236602, 0.00225632847287, 7.48178572394e-05, 4.48623104603e-05],
        "min": [2.39416772274e-06, 5.07654804096e-05, 0.000465379707748, 0.00260866526514, 0.0120741501451, 0.0313698165119, 0.0452647693455, 0.0216924156994, 0.00614555552602, 0.00297957495786, 0.0127833327278, 0.0235251784325, 0.0546499975026, 0.0623329617083, 0.0939329266548, 0.216315105557, 0.172799631953, 0.209913864732, 0.148422494531, 0.0394687503576, 0.0166003312916, 0.0121673746035, 0.0150260496885, 0.0152134429663, 0.00863798055798, 0.00891632866114, 0.004928316921, 0.00396873755381, 0.00272117275745, 0.00616644276306, 0.00343158864416, 0.0024623607751, 0.00108958804049, 0.000310781644657, 2.3458231226e-05, 5.3800627029e-06, 2.14184296965e-06, 4.84112433696e-07, 6.42813915874e-07, 2.23901551522e-07],
        "stdev": [0.707705080509, 4.93218326569, 7.38022661209, 6.86371469498, 17.123468399, 14.7008953094, 17.6265163422, 43.2037315369, 55.2178115845, 41.5288505554, 22.2744541168, 51.3520507812, 137.56060791, 135.688262939, 120.01335144, 82.4936752319, 80.3297805786, 125.912635803, 54.9668807983, 61.9637718201, 36.4243087769, 34.5669746399, 20.5119762421, 21.8373260498, 26.3299102783, 19.7478179932, 15.0966081619, 11.5156316757, 10.7578907013, 10.4313421249, 10.2216472626, 3.68515491486, 3.54644036293, 3.76482343674, 2.3543510437, 0.595667779446, 0.109071612358, 0.00737996958196, 0.000175455599674, 3.85003186238e-05]
    },
    "gfcc": {
        "mean": [14.8303012848, 99.6137313843, -134.984802246, 37.6354598999, -64.6004180908, 20.1586513519, -37.1025657654, 12.8067836761, -25.6445674896, 1.9798784256, -9.56019878387, -3.46958875656, -7.07935857773],
        "cov": [[4998.76855469, -938.555175781, 776.782165527, 703.619018555, 638.682556152, 504.28427124, 647.936584473, 1125.44067383, -179.43812561, 378.983886719, -156.169662476, 317.795928955, -69.5701751709], [-938.555175781, 587.379516602, -230.965423584, -73.5202941895, -71.1628417969, -109.637573242, -47.102684021, -252.948486328, 95.9044952393, -147.294174194, 121.216499329, -138.826049805, 74.7253875732], [776.782165527, -230.965423584, 474.054962158, 166.50567627, 109.760498047, 95.1625061035, 58.8067398071, 202.647583008, -54.4839439392, 57.7007217407, -100.99029541, 63.4474334717, -65.7280197144], [703.619018555, -73.5202941895, 166.50567627, 325.255157471, 142.058929443, 81.1611557007, 142.916671753, 163.4400177, 15.6891479492, 9.59827613831, -18.2534694672, 22.2415390015, 25.9032917023], [638.682556152, -71.1628417969, 109.760498047, 142.058929443, 234.30418396, 98.470703125, 151.086914062, 172.420944214, -4.08275747299, 72.6324920654, -7.6878156662, 49.6700248718, -11.5177354813], [504.28427124, -109.637573242, 95.1625061035, 81.1611557007, 98.470703125, 182.274185181, 115.263435364, 137.687393188, -12.3207321167, 39.3785133362, 8.38606262207, 30.5670623779, 0.517006516457], [647.936584473, -47.102684021, 58.8067398071, 142.916671753, 151.086914062, 115.263435364, 242.591705322, 205.468200684, 10.284693718, 48.2500228882, 8.33413410187, 45.4099121094, 3.93601894379], [1125.44067383, -252.948486328, 202.647583008, 163.4400177, 172.420944214, 137.687393188, 205.468200684, 379.613189697, -26.6733703613, 106.645835876, -48.3214912415, 83.6283340454, -18.0502624512], [-179.43812561, 95.9044952393, -54.4839439392, 15.6891479492, -4.08275747299, -12.3207321167, 10.284693718, -26.6733703613, 93.3075180054, 2.43468952179, 38.7767868042, -14.0831575394, 19.365272522], [378.983886719, -147.294174194, 57.7007217407, 9.59827613831, 72.6324920654, 39.3785133362, 48.2500228882, 106.645835876, 2.43468952179, 133.638916016, -1.62642121315, 65.3275756836, -35.3246002197], [-156.169662476, 121.216499329, -100.99029541, -18.2534694672, -7.6878156662, 8.38606262207, 8.33413410187, -48.3214912415, 38.7767868042, -1.62642121315, 105.289833069, -4.36065006256, 30.5852661133], [317.795928955, -138.826049805, 63.4474334717, 22.2415390015, 49.6700248718, 30.5670623779, 45.4099121094, 83.6283340454, -14.0831575394, 65.3275756836, -4.36065006256, 103.328437805, -5.08587312698], [-69.5701751709, 74.7253875732, -65.7280197144, 25.9032917023, -11.5177354813, 0.517006516457, 3.93601894379, -18.0502624512, 19.365272522, -35.3246002197, 30.5852661133, -5.08587312698, 86.5943145752]],
        "icov": [[0.000892461859621, 9.65151120909e-05, -7.38386224839e-05, -0.000934671727009, -0.000161225369084, -0.000335675780661, -3.51887392753e-05, -0.00159578875173, 0.00131774425972, -0.00078048260184, -0.000230435980484, -0.00022338386043, -3.80137134925e-05], [9.65151120909e-05, 0.00782397482544, -0.00178545759991, 0.00255282060243, -0.00313155353069, 0.00432608416304, -0.00411552423611, 0.00293507869355, -0.00329840253107, 0.00430067162961, -0.00653081480414, 0.00681704329327, -0.00323730288073], [-7.38386224839e-05, -0.00178545759991, 0.00519181182608, -0.0027919402346, 0.0004842953349, -0.00269843451679, 0.00344762578607, -0.00213472545147, 0.000944542291109, -3.18294623867e-05, 0.00379463820718, -0.00347639247775, 0.00396751938388], [-0.000934671727009, 0.00255282060243, -0.0027919402346, 0.00832666270435, -0.00310030137189, 0.00245251390152, -0.00344570446759, 0.00221702177078, -0.00426458986476, 0.00381035776809, -0.00174374168273, 0.00344828842208, -0.00404557818547], [-0.000161225369084, -0.00313155353069, 0.0004842953349, -0.00310030137189, 0.0106397485361, -0.00274222623557, -0.00175624585245, -0.000929253408685, 0.00207227491774, -0.00489935604855, 0.00257284007967, -0.00255045108497, 0.00166491931304], [-0.000335675780661, 0.00432608416304, -0.00269843451679, 0.00245251390152, -0.00274222623557, 0.0121689494699, -0.00519033288583, 0.00113984791096, -0.00062220095424, 0.00215012789704, -0.00648907572031, 0.00517809903249, -0.00313620315865], [-3.51887392753e-05, -0.00411552423611, 0.00344762578607, -0.00344570446759, -0.00175624585245, -0.00519033288583, 0.0147116500884, -0.00683170277625, -0.000152457956574, 0.000827872485388, 0.00199338165112, -0.00560557469726, 0.00421392777935], [-0.00159578875173, 0.00293507869355, -0.00213472545147, 0.00221702177078, -0.000929253408685, 0.00113984791096, -0.00683170277625, 0.0126894917339, -0.00237841694616, -0.00116105261259, 0.000731912266929, 0.00280455942266, -0.00330869993195], [0.00131774425972, -0.00329840253107, 0.000944542291109, -0.00426458986476, 0.00207227491774, -0.00062220095424, -0.000152457956574, -0.00237841694616, 0.018189528957, -0.00685948831961, -0.0015922965249, -0.000248806289164, -0.000630063645076], [-0.00078048260184, 0.00430067162961, -3.18294623867e-05, 0.00381035776809, -0.00489935604855, 0.00215012789704, 0.000827872485388, -0.00116105261259, -0.00685948831961, 0.0201579723507, -0.00537931453437, -0.00398864364251, 0.00497645465657], [-0.000230435980484, -0.00653081480414, 0.00379463820718, -0.00174374168273, 0.00257284007967, -0.00648907572031, 0.00199338165112, 0.000731912266929, -0.0015922965249, -0.00537931453437, 0.0212475378066, -0.00674715265632, -0.000443924334832], [-0.00022338386043, 0.00681704329327, -0.00347639247775, 0.00344828842208, -0.00255045108497, 0.00517809903249, -0.00560557469726, 0.00280455942266, -0.000248806289164, -0.00398864364251, -0.00674715265632, 0.0226567201316, -0.00712076434866], [-3.80137134925e-05, -0.00323730288073, 0.00396751938388, -0.00404557818547, 0.00166491931304, -0.00313620315865, 0.00421392777935, -0.00330869993195, -0.000630063645076, 0.00497645465657, -0.000443924334832, -0.00712076434866, 0.0198012813926]]
    },
    "melbands": {
        "max": [0.0484465286136, 0.0451522283256, 0.0133333737031, 0.0129318851978, 0.0141898524016, 0.0162948220968, 0.0112248510122, 0.00689947605133, 0.00314276409335, 0.0081852208823, 0.00898104440421, 0.00718346750364, 0.00692866463214, 0.00296152755618, 0.00261138682254, 0.00288746505976, 0.00386931165121, 0.00159333343618, 0.00101273332257, 0.00195625959896, 0.000552711717319, 0.000581719679758, 0.000205572912819, 0.00024979133741, 0.000267381517915, 0.000164199111168, 0.00020733558631, 0.000188475270988, 0.000138320727274, 9.11151219043e-05, 9.41484831856e-05, 0.00012188009714, 7.45721627027e-05, 0.000105652288767, 0.000198590249056, 6.90248343744e-05, 2.53464531852e-05, 4.20773685619e-05, 3.90150562453e-05, 7.66004013713e-05],
        "mean": [0.00275393319316, 0.00276903039776, 0.000984267448075, 0.000501427450217, 0.000274837599136, 0.000466436205897, 0.000428341707448, 0.000287389120786, 0.000120955897728, 0.000194525986444, 0.000276794104138, 0.00025981492945, 0.000173962675035, 0.000120323406009, 0.000100829660369, 7.90109843365e-05, 7.28932573111e-05, 4.05646351282e-05, 3.30992879753e-05, 3.38157915394e-05, 3.14388489642e-05, 3.43457286363e-05, 1.95794891624e-05, 1.6977881387e-05, 1.74497527041e-05, 2.58641921391e-05, 1.48930530486e-05, 1.06453262561e-05, 9.39651181397e-06, 4.83673466078e-06, 4.18890112996e-06, 2.96760845231e-06, 2.40940585172e-06, 2.3396130473e-06, 2.1920270683e-06, 1.57534122991e-06, 1.19353751415e-06, 1.10130065423e-06, 1.0584209349e-06, 1.01662965335e-06],
        "min": [2.76616738404e-08, 2.70794885182e-07, 6.53223878544e-07, 1.58498437486e-06, 1.73060618636e-06, 5.05199750478e-07, 8.04140682931e-08, 3.48681226114e-08, 1.10807249598e-07, 1.6662033886e-07, 2.76874828842e-07, 2.41463624207e-07, 3.05238927467e-07, 2.59728750507e-07, 2.81096873778e-07, 2.90064946284e-07, 4.22142676371e-07, 2.87935392862e-07, 7.14363608267e-08, 3.82681264455e-08, 1.51236072554e-08, 1.18825491668e-08, 1.30031256873e-08, 1.71358056633e-08, 1.1901287067e-08, 6.29443297484e-09, 5.45055467427e-09, 5.95851545881e-09, 3.18785375875e-09, 2.72596900608e-09, 1.82492687628e-09, 1.47747958312e-09, 1.78803460926e-09, 4.40446079608e-09, 1.97217886466e-09, 1.46849932214e-09, 1.59350699303e-09, 7.19022341666e-10, 2.07425826515e-10, 3.57194968048e-11],
        "stdev": [0.00642560143024, 0.00423288857564, 0.00136807875242, 0.00109830475412, 0.000606805959251, 0.000944813946262, 0.000773161358666, 0.000421250471845, 0.000168517435668, 0.000374629773432, 0.000696559320204, 0.000593240838498, 0.00049160810886, 0.000261298526311, 0.000214810570469, 0.000167196325492, 0.000243335976847, 0.000105001585325, 7.05921338522e-05, 8.37151164887e-05, 4.2767245759e-05, 4.14953974541e-05, 2.09674581129e-05, 1.97155477508e-05, 1.82453404705e-05, 2.43588874582e-05, 1.58147904585e-05, 1.32475915962e-05, 1.14532122097e-05, 6.38888559479e-06, 7.07101662556e-06, 6.47017577649e-06, 5.09176970809e-06, 6.43522571409e-06, 6.89612625138e-06, 3.39712778441e-06, 1.98405473384e-06, 2.3617185434e-06, 2.80879589809e-06, 3.53272366738e-06]
    },
    "melbands128": {
        "max": [0.00501024862751, 0.0435045696795, 0.0812716633081, 0.0675342381001, 0.0549370758235, 0.034185603261, 0.0210141595453, 0.0233360882849, 0.0205043088645, 0.0158382058144, 0.0179581306875, 0.0200693830848, 0.0208855513483, 0.0135776083916, 0.0188926961273, 0.0256190262735, 0.0192967336625, 0.0193253234029, 0.00994275324047, 0.0115525461733, 0.00810391269624, 0.0069075981155, 0.00255527021363, 0.00319517566822, 0.00529917888343, 0.0173621848226, 0.0140870828182, 0.016970615834, 0.0120070148259, 0.0127934282646, 0.0132339149714, 0.00851191021502, 0.0133286174387, 0.00722078466788, 0.00751243764535, 0.00526495650411, 0.00544530991465, 0.00414486182854, 0.00658742384985, 0.00502016674727, 0.00574965914711, 0.00611216202378, 0.00870351213962, 0.00625808211043, 0.00440687313676, 0.00350524182431, 0.00159178383183, 0.00174617697485, 0.00269110733643, 0.00419004121795, 0.00273679243401, 0.00177545915358, 0.00123491126578, 0.000921187747736, 0.000730235711671, 0.00102705869358, 0.000823280075565, 0.000521568756085, 0.000245463772444, 0.00041247101035, 0.00031883243355, 0.000591331161559, 0.000317563011777, 0.000507967721205, 0.000333176867571, 0.000265232549282, 0.000287757284241, 0.000169079794432, 0.000314918463118, 0.000430701562436, 0.000233713493799, 0.000218656292418, 0.000400557648391, 0.000212425395148, 0.000193755084183, 8.58293642523e-05, 9.34606432565e-05, 0.000130198299303, 0.000124531739857, 8.26241157483e-05, 0.000119124786579, 0.000169136255863, 9.64788050624e-05, 9.41354228416e-05, 0.000107470390503, 9.00168743101e-05, 0.000155436748173, 0.000217353939661, 0.000273183046374, 0.000203655377845, 8.80287625478e-05, 6.04878259765e-05, 4.28760031355e-05, 3.53354371327e-05, 2.83120662061e-05, 2.56182629528e-05, 4.43193675892e-05, 8.37351908558e-05, 4.67996542284e-05, 3.92844485759e-05, 4.90161655762e-05, 9.57795928116e-05, 9.9475713796e-05, 6.90730375936e-05, 5.08086050104e-05, 3.07513982989e-05, 2.08847886825e-05, 3.32020572387e-05, 2.3744723876e-05, 1.96938963199e-05, 1.28350102386e-05, 1.18802709039e-05, 5.48657681065e-06, 6.02378986514e-06, 2.9007435387e-06, 1.55320924478e-06, 4.3588357812e-07, 8.53925214983e-08, 3.15069641488e-08, 1.12300895694e-07, 5.42387788016e-08, 1.05717328225e-08, 4.52939774576e-09, 4.12975653674e-10, 3.96551930182e-10, 3.92850862951e-10, 3.87103848976e-10, 3.8370656652e-10],
        "mean": [0.000248906086199, 0.00209932238795, 0.00404486618936, 0.00360927474685, 0.00302955880761, 0.0019496671157, 0.000936246302444, 0.000885021057911, 0.000751202402171, 0.000486932171043, 0.000350447109668, 0.00024912355002, 0.000178970629349, 0.000405933038564, 0.00046310594189, 0.000527741911355, 0.000487735756906, 0.000404726015404, 0.000328563677613, 0.000424786005169, 0.000181566458195, 0.000140753865708, 6.64935141685e-05, 0.000159196701134, 0.000198720023036, 0.000160180599778, 0.000321231753333, 0.000261032080743, 0.000254960265011, 0.000378027005354, 0.000190943013877, 0.000164766272064, 0.000250055105425, 8.71805241331e-05, 0.000149624902406, 0.000128666986711, 8.16149185994e-05, 9.19019657886e-05, 0.000130975764478, 8.36378458189e-05, 4.54086002719e-05, 0.000102044868981, 9.3969028967e-05, 4.40661860921e-05, 4.37237067672e-05, 4.70018057968e-05, 2.84270681732e-05, 2.75547026831e-05, 3.27229281538e-05, 5.06576507178e-05, 2.59872249444e-05, 2.71847529802e-05, 3.72630602214e-05, 2.99434086628e-05, 2.88762239506e-05, 4.45409750682e-05, 2.74531175819e-05, 2.10841280932e-05, 1.66243971762e-05, 1.64135526575e-05, 1.93641662918e-05, 1.57605154527e-05, 1.10050987132e-05, 1.74395499926e-05, 2.88453647954e-05, 2.97908936773e-05, 2.3173952286e-05, 1.38787427204e-05, 1.41109976539e-05, 1.40021202242e-05, 1.01666182672e-05, 8.90347109817e-06, 1.09574530143e-05, 1.03784386738e-05, 6.68734537612e-06, 4.4701087063e-06, 4.21320100941e-06, 4.30005729868e-06, 4.576160336e-06, 3.71759688278e-06, 2.83004055746e-06, 2.90769708045e-06, 2.56628823081e-06, 2.32433558267e-06, 2.28416888604e-06, 2.31649391935e-06, 2.38441725742e-06, 2.36954292632e-06, 2.15494992517e-06, 2.17585261453e-06, 1.7297472823e-06, 1.44695911786e-06, 1.21378832318e-06, 1.22541678138e-06, 1.13980979677e-06, 1.09732707188e-06, 1.09372456336e-06, 1.10166263312e-06, 1.06440040781e-06, 1.01785758488e-06, 1.06577806491e-06, 9.77039576355e-07, 1.04383798316e-06, 9.10389132969e-07, 8.22129209155e-07, 5.67798167594e-07, 4.54822497886e-07, 3.75132998442e-07, 3.04148159103e-07, 1.87894315218e-07, 1.77125897949e-07, 1.33384034484e-07, 1.14505859017e-07, 6.10379586874e-08, 3.46475594881e-08, 1.53514587709e-08, 3.61916674407e-09, 6.85343032325e-11, 5.83225273632e-11, 8.39244854167e-11, 4.47191589314e-11, 1.82488555517e-11, 1.17674828215e-11, 4.82308420632e-12, 4.53172395443e-12, 4.11839963174e-12, 3.88888704225e-12, 3.83933423248e-12],
        "min": [4.74948309848e-11, 2.04036236795e-08, 5.01789809704e-09, 4.31538609291e-08, 5.19321972092e-08, 1.34635982363e-07, 1.48619506035e-07, 5.93448028496e-08, 2.78156505829e-07, 1.68829535596e-06, 2.29096755788e-07, 9.74788576968e-07, 1.02701918081e-07, 1.01292778254e-06, 5.05603452439e-07, 2.3546354555e-07, 1.09505386092e-07, 5.72715279645e-08, 3.42696608868e-08, 2.18094466931e-08, 2.94508737397e-08, 8.49782963996e-08, 5.65860993618e-08, 8.77432952961e-08, 9.56345047598e-08, 2.14283630839e-07, 1.15822032853e-07, 1.08415349587e-07, 3.19055430964e-08, 4.29767084142e-08, 8.94194300827e-08, 3.43912802236e-07, 3.13283067044e-07, 1.31629846578e-07, 6.94129695944e-08, 5.66187807749e-08, 1.20364560985e-07, 7.61288632134e-08, 1.43609184988e-07, 1.20464420661e-07, 1.49677731542e-07, 1.1051781712e-07, 6.57353069755e-08, 1.12530400997e-07, 1.04549030766e-07, 1.07206105326e-07, 3.8882173925e-08, 4.07903364419e-08, 2.12335304894e-08, 6.11829094055e-08, 4.17539816056e-08, 1.88331590323e-08, 1.44223060161e-08, 1.75919403489e-08, 6.60646470863e-09, 1.61250373054e-08, 8.30388646733e-09, 1.46244749644e-08, 1.66175233574e-08, 6.46339337607e-09, 1.37597782057e-08, 3.18203596805e-08, 1.2151781803e-08, 6.77147582451e-09, 5.84181814034e-09, 3.24149218578e-09, 6.97803415051e-09, 7.63315721741e-09, 2.50564280435e-09, 5.66322722051e-09, 1.05879163215e-08, 1.84060811037e-09, 4.26821467059e-09, 3.66116825745e-09, 1.382085002e-09, 3.48400974737e-09, 1.83570447732e-09, 4.37037828149e-09, 8.7159734985e-10, 8.61511306738e-10, 1.93601867871e-09, 1.27825583451e-09, 1.25899468628e-09, 1.20491783218e-09, 3.68438080045e-09, 2.15838680262e-09, 2.63592125904e-09, 2.1524135807e-09, 1.10173170587e-09, 1.85520887541e-09, 1.81095094476e-09, 1.09467634957e-09, 1.29119526182e-09, 1.87490512005e-09, 3.33232358374e-10, 1.65077104763e-10, 6.23899709673e-10, 3.75230041483e-10, 6.74162418599e-12, 1.95874271663e-11, 1.17678063474e-11, 1.3276618303e-12, 7.80728292345e-13, 7.25768566339e-13, 7.17324203509e-13, 5.78099905186e-13, 7.20017958016e-13, 5.23302267404e-13, 5.12061964011e-13, 5.85049695322e-13, 4.3823253945e-13, 4.09390674572e-13, 3.95737533455e-13, 3.82780965128e-13, 4.58360779887e-13, 3.42091589431e-13, 4.17253959249e-13, 3.57479237184e-13, 4.51327235133e-13, 3.99271788592e-13, 4.32909242308e-13, 3.87207871018e-13, 3.80006545979e-13, 3.97915451674e-13, 2.64028572226e-13, 1.15190300874e-13, 1.45914367828e-14, 4.01869805506e-16],
        "stdev": [0.000591432035435, 0.00513679068536, 0.0104860356078, 0.00756491487846, 0.00445108953863, 0.00271398224868, 0.0014164748136, 0.0018226968823, 0.00210938975215, 0.00137084466405, 0.000869569252245, 0.000846384675242, 0.000670878915116, 0.000742726610042, 0.00102045759559, 0.00160489103291, 0.00134809000883, 0.00093778403243, 0.000581873464398, 0.000684649276081, 0.000416989409132, 0.000363727420336, 0.000129050240503, 0.000259325286606, 0.000401428318582, 0.000633190153167, 0.000901081773918, 0.00112588715274, 0.00074219587259, 0.00105550780427, 0.000646373257041, 0.000573722820263, 0.00089229317382, 0.00036028897739, 0.00037802773295, 0.000416180177126, 0.000293942808639, 0.000262731628027, 0.000376883224817, 0.000234178078244, 0.000179075810593, 0.000376570416847, 0.000455823639641, 0.000200353300897, 0.000167279460584, 0.000171995750861, 8.72111995704e-05, 8.30924400361e-05, 0.00010458574252, 0.000175078399479, 0.000103655700514, 7.5564814324e-05, 6.55914118397e-05, 5.64337678952e-05, 4.70011873404e-05, 6.9532499765e-05, 5.20998255524e-05, 2.94769852189e-05, 2.30203586398e-05, 2.54422957369e-05, 2.58797990682e-05, 2.76244372799e-05, 1.91821000044e-05, 2.3296695872e-05, 3.46717970388e-05, 3.38423342328e-05, 2.77237268165e-05, 1.70678995346e-05, 1.86388406291e-05, 2.09588961297e-05, 1.62544347404e-05, 1.39233434311e-05, 1.97001063498e-05, 1.4372250007e-05, 1.07508967631e-05, 6.09773678661e-06, 6.87438341629e-06, 7.93207527749e-06, 8.58091061673e-06, 6.29401802144e-06, 7.03227624399e-06, 7.53764379624e-06, 5.52220080863e-06, 5.04789159095e-06, 5.73876695853e-06, 5.61727938475e-06, 8.12570124253e-06, 7.9625779108e-06, 7.79608399171e-06, 7.02707757227e-06, 4.26232190875e-06, 2.8428009955e-06, 2.19321941586e-06, 2.25356779993e-06, 2.11126166505e-06, 2.15338695853e-06, 2.51717574429e-06, 3.33678190145e-06, 2.97717429021e-06, 2.89530362352e-06, 2.90056277663e-06, 4.05677519666e-06, 4.50601464763e-06, 3.7437851006e-06, 3.26616691382e-06, 2.09665995499e-06, 1.29667319015e-06, 1.47719742927e-06, 1.17013132694e-06, 6.9459849783e-07, 5.67377355765e-07, 4.66343124117e-07, 3.26042197685e-07, 2.30842104543e-07, 1.2418756512e-07, 6.39493009658e-08, 1.7264829566e-08, 1.88182158745e-09, 9.62852020336e-10, 2.47617348847e-09, 1.21813947818e-09, 2.70786504331e-10, 1.38435929387e-10, 1.13559803921e-11, 1.09796243278e-11, 1.08694216822e-11, 1.07405681571e-11, 1.06606633243e-11]
    },
    "mfcc": {
        "mean": [-617.446105957, 119.127471924, -8.1519317627, 18.7611446381, -0.750707924366, 2.9741191864, 4.44401073456, 3.5221824646, -2.15028095245, 0.93430429697, -2.4486348629, 2.6234357357, 2.47367954254],
        "cov": [[4493.13720703, -775.639343262, 218.139663696, 583.450317383, 257.800354004, -42.89610672, 809.989074707, 607.86138916, 540.561035156, 419.457641602, 217.925216675, 81.5880279541, 236.090515137], [-775.639343262, 425.047515869, -108.082183838, -95.0026016235, -47.207660675, 5.34494638443, -116.052719116, -103.435279846, -112.872940063, -57.6753730774, -32.3438949585, 5.42278766632, -43.3873405457], [218.139663696, -108.082183838, 307.597503662, 61.5443458557, 62.1867485046, -0.130434393883, 21.850561142, 53.6509780884, 43.9537200928, 8.94428634644, 0.46940484643, -13.5374727249, -10.7540245056], [583.450317383, -95.0026016235, 61.5443458557, 283.255340576, 69.6108398438, 15.833855629, 113.592025757, 116.323135376, 112.612335205, 67.4899902344, 20.2287960052, 12.6041622162, 35.7406463623], [257.800354004, -47.207660675, 62.1867485046, 69.6108398438, 115.16494751, 23.3336601257, 56.3925094604, 42.7232055664, 40.6206970215, 31.7820911407, 13.6805706024, 7.07646512985, 11.4592227936], [-42.89610672, 5.34494638443, -0.130434393883, 15.833855629, 23.3336601257, 113.853805542, 15.5846796036, 10.3352804184, -11.595957756, 3.87909626961, 8.41453456879, 6.80014133453, 6.44577741623], [809.989074707, -116.052719116, 21.850561142, 113.592025757, 56.3925094604, 15.5846796036, 264.178192139, 167.791534424, 128.759796143, 98.827041626, 63.5486221313, 26.2152099609, 47.6585655212], [607.86138916, -103.435279846, 53.6509780884, 116.323135376, 42.7232055664, 10.3352804184, 167.791534424, 185.831192017, 119.171058655, 79.974571228, 37.0379676819, 11.1841917038, 37.9050979614], [540.561035156, -112.872940063, 43.9537200928, 112.612335205, 40.6206970215, -11.595957756, 128.759796143, 119.171058655, 158.397247314, 81.9377593994, 37.0966377258, 5.38609075546, 35.3886108398], [419.457641602, -57.6753730774, 8.94428634644, 67.4899902344, 31.7820911407, 3.87909626961, 98.827041626, 79.974571228, 81.9377593994, 100.582046509, 47.3427429199, 16.5765743256, 28.0023708344], [217.925216675, -32.3438949585, 0.46940484643, 20.2287960052, 13.6805706024, 8.41453456879, 63.5486221313, 37.0379676819, 37.0966377258, 47.3427429199, 82.3405151367, 36.4818496704, 25.3976173401], [81.5880279541, 5.42278766632, -13.5374727249, 12.6041622162, 7.07646512985, 6.80014133453, 26.2152099609, 11.1841917038, 5.38609075546, 16.5765743256, 36.4818496704, 68.9881286621, 38.2416725159], [236.090515137, -43.3873405457, -10.7540245056, 35.7406463623, 11.4592227936, 6.44577741623, 47.6585655212, 37.9050979614, 35.3886108398, 28.0023708344, 25.3976173401, 38.2416725159, 80.5508575439]],
        "icov": [[0.000858320796397, 0.000771376886405, -4.83170661028e-05, -0.000527030264493, -0.000318994279951, 0.000736464338843, -0.00153468677308, -0.000158391267178, 0.000233554266742, -0.00112752278801, 7.53900312702e-05, 0.000199065092602, -0.000732737360522], [0.000771376886405, 0.00397932296619, 0.000859728548676, -0.000403026700951, -0.000202552095288, 0.0005061236443, -0.000827354262583, -0.00018669734709, 0.00151099823415, -0.00135360634886, 0.000731344160158, -0.00138821231667, 0.000977006158791], [-4.83170661028e-05, 0.000859728548676, 0.00433679809794, -0.0001550365414, -0.00215257075615, 0.000248509517405, 0.00136784429196, -0.00176822196227, -0.000411616987549, 0.00129202811513, -0.000446929276222, -6.64194840283e-06, 0.00143734528683], [-0.000527030264493, -0.000403026700951, -0.0001550365414, 0.00605741934851, -0.00159095169511, -0.00104452390224, 0.00117868580855, -0.00148169416934, -0.00263848621398, 9.08143483684e-05, 0.00145384890493, -0.00106619193684, 0.000104385944724], [-0.000318994279951, -0.000202552095288, -0.00215257075615, -0.00159095169511, 0.012394990772, -0.00244428240694, -0.00124202528968, 0.00165474764071, -0.000434338027844, -0.00149187934585, 0.000876521575265, -0.000913381343707, 0.000499544315971], [0.000736464338843, 0.0005061236443, 0.000248509517405, -0.00104452390224, -0.00244428240694, 0.0105178244412, -0.00170189025812, -0.00127934024204, 0.003296417417, -0.000941323174629, -0.00111085863318, 0.000722633791156, -0.00138805701863], [-0.00153468677308, -0.000827354262583, 0.00136784429196, 0.00117868580855, -0.00124202528968, -0.00170189025812, 0.0138291856274, -0.00721630407497, -0.00198061810806, 0.00039072780055, -0.00291274627671, -0.00101778598037, 0.00137451081537], [-0.000158391267178, -0.00018669734709, -0.00176822196227, -0.00148169416934, 0.00165474764071, -0.00127934024204, -0.00721630407497, 0.0172615293413, -0.00474313413724, -0.00218013674021, 0.00188282737508, 0.000614409160335, -0.00124486489221], [0.000233554266742, 0.00151099823415, -0.000411616987549, -0.00263848621398, -0.000434338027844, 0.003296417417, -0.00198061810806, -0.00474313413724, 0.0183851663023, -0.00693849241361, -0.00100218399893, 0.0034056394361, -0.00251904223114], [-0.00112752278801, -0.00135360634886, 0.00129202811513, 9.08143483684e-05, -0.00149187934585, -0.000941323174629, 0.00039072780055, -0.00218013674021, -0.00693849241361, 0.0248004030436, -0.00816990062594, 0.000802144350018, 0.000412051245803], [7.53900312702e-05, 0.000731344160158, -0.000446929276222, 0.00145384890493, 0.000876521575265, -0.00111085863318, -0.00291274627671, 0.00188282737508, -0.00100218399893, -0.00816990062594, 0.0225483383983, -0.0102985771373, 0.00132999557536], [0.000199065092602, -0.00138821231667, -6.64194840283e-06, -0.00106619193684, -0.000913381343707, 0.000722633791156, -0.00101778598037, 0.000614409160335, 0.0034056394361, 0.000802144350018, -0.0102985771373, 0.0262014064938, -0.0114409290254], [-0.000732737360522, 0.000977006158791, 0.00143734528683, 0.000104385944724, 0.000499544315971, -0.00138805701863, 0.00137451081537, -0.00124486489221, -0.00251904223114, 0.000412051245803, 0.00132999557536, -0.0114409290254, 0.0210222378373]]
    },
    "spectral_contrast_coeffs": {
        "max": [-0.361450791359, -0.463791817427, -0.542329549789, -0.634751558304, -0.658840298653, -0.637029051781],
        "mean": [-0.711791217327, -0.743109822273, -0.745447039604, -0.785352349281, -0.79517775774, -0.760708510876],
        "min": [-0.900520563126, -0.908269047737, -0.950632452965, -0.880676269531, -0.886525928974, -0.902041494846],
        "stdev": [0.0763995572925, 0.0646287798882, 0.0569357760251, 0.0430935546756, 0.0271983891726, 0.0317475870252]
    },
    "spectral_contrast_valleys": {
        "max": [-4.9253692627, -4.77907466888, -5.20244264603, -5.6906504631, -5.30960226059, -7.80124568939],
        "mean": [-6.65984249115, -6.51080989838, -7.02629327774, -7.3217587471, -7.16755104065, -10.0600528717],
        "min": [-10.7635002136, -9.22569465637, -9.2926197052, -9.49140548706, -10.4818992615, -12.9459791183],
        "stdev": [0.927453041077, 0.592943012714, 0.766132473946, 0.690734624863, 0.862629592419, 0.918643057346]
    }
},
"rhythm": {
    "beats_count": 81,
    "beats_loudness": {
        "max": 0.163554400206,
        "mean": 0.0664254724979,
        "min": 0.00169945810921,
        "stdev": 0.0507263503969
    },
    "bpm": 100.873786926,
    "bpm_histogram_first_peak_bpm": 99,
    "bpm_histogram_first_peak_weight": 0.597402572632,
    "bpm_histogram_second_peak_bpm": 92,
    "bpm_histogram_second_peak_spread": 0,
    "bpm_histogram_second_peak_weight": 0.0375000014901,
    "danceability": 1.02112853527,
    "onset_rate": 2.3583984375,
    "beats_loudness_band_ratio": {
        "max": [0.959632635117, 0.63453412056, 0.651424705982, 0.566177070141, 0.249733254313, 0.45211789012],
        "mean": [0.557285666466, 0.120081603527, 0.145165637136, 0.119712889194, 0.052714034915, 0.0359241738915],
        "min": [0.00701764179394, 0.00373967085034, 0.00565415574238, 0.00453101703897, 0.00553009193391, 0.00199585035443],
        "stdev": [0.317125409842, 0.141905814409, 0.151405096054, 0.117983050644, 0.0509420111775, 0.0556237250566]
    },
