{
"metadata": {
    "version": {
        "essentia": "2.1-beta5",
        "essentia_git_sha": "Undefined",
        "extractor": "music 2.0"
    },
    "audio_properties": {
        "analysis": {
            "equal_loudness": 0,
            "length": 52.2448997498,
            "sample_rate": 44100,
            "start_time": 45.2440834045,
            "downmix": "mix"
        },
        "bit_rate": 192000,
        "length": 199.018249512,
        "lossless": 0,
        "number_channels": 2,
        "replay_gain": -1.20747756958,
        "sample_rate": 48000,
        "codec": "mp3",
        "md5_encoded": "b0c7349f7dda451246527a27a8ad19db"
    },
    "tags": {
        "file_name": "Moldova_My Lucky Day_DoReDos.mp3",
        "encoding": ["Lavf58.29.100"]
    }
},
"lowlevel": {
    "average_loudness": 0.979814052582,
    "barkbands_crest": {
        "max": 25.8730983734,
        "mean": 12.1128320694,
        "min": 2.18687343597,
        "stdev": 6.27802562714
    },
    "barkbands_flatness_db": {
        "max": 0.34017932415,
        "mean": 0.12354195863,
        "min": 0.0200913622975,
        "stdev": 0.0603609606624
    },
    "barkbands_kurtosis": {
        "max": 162.546691895,
        "mean": 5.11208820343,
        "min": -1.88440454006,
        "stdev": 14.5344963074
    },
    "barkbands_skewness": {
        "max": 11.3498678207,
        "mean": 1.63886153698,
        "min": -0.838772177696,
        "stdev": 1.6385229826
    },
    "barkbands_spread": {
        "max": 109.066352844,
        "mean": 29.564491272,
        "min": 1.04799044132,
        "stdev": 15.3789072037
    },
    "dissonance": {
        "max": 0.499998927116,
        "mean": 0.475436806679,
        "min": 0.352606654167,
        "stdev": 0.0185176543891
    },
    "dynamic_complexity": 1.96513867378,
    "erbbands_crest": {
        "max": 25.3829250336,
        "mean": 7.33016490936,
        "min": 2.23641061783,
        "stdev": 3.49511003494
    },
    "erbbands_flatness_db": {
        "max": 0.286882609129,
        "mean": 0.132204949856,
        "min": 0.0501792430878,
        "stdev": 0.0441154539585
    },
    "erbbands_kurtosis": {
        "max": 11.6751785278,
        "mean": 0.0337152965367,
        "min": -1.66657185555,
        "stdev": 1.14947426319
    },
    "erbbands_skewness": {
        "max": 2.49583482742,
        "mean": 0.0975548252463,
        "min": -2.2720849514,
        "stdev": 0.59743142128
    },
    "erbbands_spread": {
        "max": 160.628448486,
        "mean": 42.8598518372,
        "min": 7.50285339355,
        "stdev": 19.4516792297
    },
    "hfc": {
        "max": 148.554748535,
        "mean": 33.3318710327,
        "min": 0.995799720287,
        "stdev": 24.2586936951
    },
    "loudness_ebu128": {
        "integrated": -21.4701919556,
        "loudness_range": 1.47313499451,
        "momentary": {
            "max": -19.746761322,
            "mean": -21.7268047333,
            "min": -32.912437439,
            "stdev": 1.70536494255
        },
        "short_term": {
            "max": -20.5548439026,
            "mean": -21.5187168121,
            "min": -25.1419658661,
            "stdev": 0.841367781162
        }
    },
    "melbands_crest": {
        "max": 36.5130767822,
        "mean": 17.9800815582,
        "min": 3.28562116623,
        "stdev": 8.71821403503
    },
    "melbands_flatness_db": {
        "max": 0.436742931604,
        "mean": 0.179894313216,
        "min": 0.0272461045533,
        "stdev": 0.0739466249943
    },
    "melbands_kurtosis": {
        "max": 741.797302246,
        "mean": 21.4780731201,
        "min": -1.44560337067,
        "stdev": 47.2021064758
    },
    "melbands_skewness": {
        "max": 23.6623687744,
        "mean": 3.17560076714,
        "min": -0.35611525178,
        "stdev": 2.66466236115
    },
    "melbands_spread": {
        "max": 160.05696106,
        "mean": 28.1296596527,
        "min": 0.715559601784,
        "stdev": 17.8235282898
    },
    "pitch_salience": {
        "max": 0.838038265705,
        "mean": 0.483723014593,
        "min": 0.0439665168524,
        "stdev": 0.176682591438
    },
    "silence_rate_20dB": {
        "max": 1,
        "mean": 1,
        "min": 1,
        "stdev": 0
    },
    "silence_rate_30dB": {
        "max": 1,
        "mean": 0.977787673473,
        "min": 0,
        "stdev": 0.147372379899
    },
    "silence_rate_60dB": {
        "max": 1,
        "mean": 0.0102176805958,
        "min": 0,
        "stdev": 0.100564986467
    },
    "spectral_centroid": {
        "max": 3883.58666992,
        "mean": 1809.12585449,
        "min": 392.218933105,
        "stdev": 553.533508301
    },
    "spectral_complexity": {
        "max": 57,
        "mean": 26.2367839813,
        "min": 1,
        "stdev": 10.7443370819
    },
    "spectral_decrease": {
        "max": -2.40807263019e-10,
        "mean": -1.05757607116e-08,
        "min": -3.87627778764e-08,
        "stdev": 6.99727031872e-09
    },
    "spectral_energy": {
        "max": 0.150497570634,
        "mean": 0.0429386124015,
        "min": 0.00101984397043,
        "stdev": 0.0268279518932
    },
    "spectral_energyband_high": {
        "max": 0.0130486097187,
        "mean": 0.0018401525449,
        "min": 1.8804004867e-05,
        "stdev": 0.00198997347616
    },
    "spectral_energyband_low": {
        "max": 0.134420827031,
        "mean": 0.0237023103982,
        "min": 7.22123786545e-07,
        "stdev": 0.0263685919344
    },
    "spectral_energyband_middle_high": {
        "max": 0.0396756790578,
        "mean": 0.00842262711376,
        "min": 0.000225828451221,
        "stdev": 0.00715110870078
    },
    "spectral_energyband_middle_low": {
        "max": 0.0823332741857,
        "mean": 0.00994741450995,
        "min": 0.000152838081704,
        "stdev": 0.0104200756177
    },
    "spectral_entropy": {
        "max": 8.80494117737,
        "mean": 7.9327878952,
        "min": 6.95897293091,
        "stdev": 0.303770720959
    },
    "spectral_flux": {
        "max": 0.289408802986,
        "mean": 0.112506426871,
        "min": 0.0211523286998,
        "stdev": 0.0485203675926
    },
    "spectral_kurtosis": {
        "max": 10.1126708984,
        "mean": 3.08260297775,
        "min": -0.991706609726,
        "stdev": 1.56086885929
    },
    "spectral_rms": {
        "max": 0.0121172154322,
        "mean": 0.00614699022844,
        "min": 0.00099748163484,
        "stdev": 0.00202629738487
    },
    "spectral_rolloff": {
        "max": 11025,
        "mean": 1815.94335938,
        "min": 64.599609375,
        "stdev": 1783.56164551
    },
    "spectral_skewness": {
        "max": 2.4004676342,
        "mean": 1.33577549458,
        "min": 0.527739882469,
        "stdev": 0.260998100042
    },
    "spectral_spread": {
        "max": 14955939,
        "mean": 5290765.5,
        "min": 2079932.75,
        "stdev": 1860068
    },
    "spectral_strongpeak": {
        "max": 8.50343799591,
        "mean": 0.713486552238,
        "min": 0,
        "stdev": 0.878043830395
    },
    "zerocrossingrate": {
        "max": 0.2744140625,
        "mean": 0.0700255185366,
        "min": 0.0029296875,
        "stdev": 0.0404869057238
    },
    "barkbands": {
        "max": [0.011984763667, 0.123722039163, 0.0278693437576, 0.0466433465481, 0.0281918644905, 0.0315020978451, 0.03088106215, 0.0199245288968, 0.0381537415087, 0.033946916461, 0.0223628040403, 0.0161554813385, 0.0184718649834, 0.0108111314476, 0.0136394873261, 0.012524436228, 0.0128495199606, 0.00968995131552, 0.00593034736812, 0.0028714207001, 0.00427803443745, 0.00222097756341, 0.00244825216942, 0.00476034684107, 0.00464192545041, 0.00239125196822, 0.000446570076747],
        "mean": [0.00120323721785, 0.0203042533249, 0.00145152956247, 0.00154442107305, 0.00171954173129, 0.00252963905223, 0.0016150433803, 0.000736020447221, 0.00142940448131, 0.00185847806279, 0.00102487753611, 0.000650286965538, 0.00103796692565, 0.000555379490834, 0.000853424775414, 0.000554707366973, 0.000611649127677, 0.000704827427398, 0.000528919394128, 0.000411049026297, 0.000367235101294, 0.000233629180002, 0.000240859648329, 0.000304281275021, 0.000280144973658, 0.000177614449058, 1.02515896288e-05],
        "min": [4.951336674e-09, 2.49201104197e-08, 5.35510196187e-08, 3.61990316833e-07, 5.27304155185e-06, 7.60813964007e-06, 3.75392301066e-06, 2.17750243792e-06, 3.87565978599e-06, 1.01592040664e-05, 4.18102263211e-06, 5.001577847e-06, 7.12469091013e-06, 5.04403851664e-06, 8.243380762e-06, 1.13365122161e-05, 5.59166528546e-06, 8.38080177346e-06, 6.92488765708e-06, 6.41098222331e-06, 4.26734868597e-06, 2.03874424187e-06, 5.85484372095e-07, 2.75143605677e-07, 2.43974929148e-09, 1.04522147881e-10, 1.25981794441e-10],
        "stdev": [0.00216066534631, 0.0251332055777, 0.00305689754896, 0.00502877915278, 0.00287811458111, 0.00337185151875, 0.00256074476056, 0.00116934825201, 0.00231325672939, 0.00310665066354, 0.00201453920454, 0.0011879283702, 0.00153566652443, 0.000937888398767, 0.00131783518009, 0.000735009962227, 0.000941892503761, 0.00089490058599, 0.00052488053916, 0.000382978236303, 0.000393895781599, 0.000261235458311, 0.000295270205243, 0.000464988319436, 0.000484452175442, 0.00031224952545, 2.92066670227e-05]
    },
    "erbbands": {
        "max": [6.18620204926, 21.5829620361, 32.8350868225, 89.5365219116, 138.230163574, 90.7578430176, 390.841003418, 276.282470703, 474.733581543, 483.323944092, 543.547485352, 1128.24682617, 1081.89550781, 1031.36645508, 717.274536133, 611.950683594, 965.201904297, 495.637237549, 736.819885254, 1016.28442383, 431.119232178, 475.496582031, 650.952209473, 576.099182129, 244.818008423, 171.901611328, 189.110610962, 150.811508179, 83.4911575317, 58.4004554749, 74.9301605225, 92.6185073853, 90.9274139404, 61.0102729797, 37.983001709, 11.6172332764, 5.19777870178, 1.42296028137, 0.037413533777, 0.00137083721347],
        "mean": [0.861353754997, 3.44150447845, 2.28241682053, 3.61474442482, 4.86960172653, 5.49358510971, 13.448050499, 23.1946315765, 24.7629203796, 15.6565380096, 19.9533462524, 36.4362716675, 39.8032875061, 66.2073822021, 35.7018699646, 29.230424881, 49.792678833, 28.2318191528, 48.5555953979, 30.879365921, 35.2530059814, 32.7972106934, 39.3599205017, 31.6165904999, 22.6627502441, 20.4046859741, 17.4246273041, 12.0640439987, 8.4361000061, 7.4583067894, 6.97743225098, 6.10951328278, 5.09437608719, 3.28916883469, 1.91461133957, 0.845550894737, 0.313883632421, 0.0504896715283, 0.00153902661987, 0.000102835023426],
        "min": [1.28415115341e-06, 1.32690502141e-05, 0.000247995805694, 0.00349017116241, 0.00790959130973, 0.0214863587171, 0.0358544327319, 0.101598285139, 0.136084631085, 0.150074705482, 0.224095284939, 0.182149767876, 0.292131543159, 0.279011428356, 0.191972211003, 0.354499399662, 0.325970947742, 0.559320390224, 0.773024439812, 0.457357287407, 0.632747888565, 0.410823196173, 0.514667332172, 0.378335356712, 0.446287781, 0.291063696146, 0.186721086502, 0.151502341032, 0.0870753005147, 0.0166303887963, 0.0224089529365, 0.0103231361136, 0.00279395165853, 0.00025334575912, 7.51283441787e-05, 1.14478107207e-05, 3.09982283397e-06, 9.78379944172e-07, 1.34680101382e-06, 1.38825271279e-06],
        "stdev": [1.22350215912, 4.10839605331, 3.52864146233, 10.2298879623, 13.0775575638, 9.58161258698, 21.6979026794, 32.7338485718, 38.2613754272, 24.780916214, 30.0021018982, 56.8576087952, 78.5379562378, 109.313323975, 58.0819206238, 49.7406539917, 75.6641311646, 40.489238739, 73.9066390991, 44.2410316467, 46.0647506714, 45.7594490051, 52.16847229, 32.8797988892, 21.812379837, 19.3513031006, 18.2036972046, 14.1243429184, 9.55576133728, 8.40284919739, 8.78598213196, 8.74765110016, 8.22353649139, 5.52961921692, 3.4411303997, 1.46858179569, 0.573554217815, 0.11498041451, 0.00356677011587, 0.000123301564599]
    },
    "gfcc": {
        "mean": [44.1292610168, 70.2743835449, -120.477508545, 37.0964241028, -56.1560096741, 24.6278076172, -31.5998649597, 22.2925510406, -18.1308364868, 12.5634784698, -6.34956598282, 7.87329053879, -2.98685145378],
        "cov": [[2403.29150391, -980.166015625, 521.13659668, -242.575393677, -51.8463172913, -93.6905517578, -227.036071777, 9.88445568085, -275.26953125, 31.1032562256, -308.590789795, 135.967086792, -254.428329468], [-980.166015625, 1429.18896484, -515.887390137, 309.750091553, 57.7083015442, 25.9061145782, 268.674804688, -55.6752204895, 240.950332642, -106.915519714, 270.555084229, -164.736083984, 246.318466187], [521.13659668, -515.887390137, 957.847473145, 61.4090194702, 102.793190002, 145.162353516, -152.138000488, 80.9328918457, -86.2694549561, 102.329780579, -127.763931274, 128.046920776, -119.050666809], [-242.575393677, 309.750091553, 61.4090194702, 414.187103271, 102.070617676, 58.8657150269, 58.1760025024, 51.6280975342, 119.03704071, -9.78022575378, 83.5503463745, -2.993080616, 99.9164581299], [-51.8463172913, 57.7083015442, 102.793190002, 102.070617676, 199.321975708, 109.181762695, 104.234466553, 61.5358734131, 32.79870224, 38.4443321228, 32.52003479, 9.37885761261, 18.2700023651], [-93.6905517578, 25.9061145782, 145.162353516, 58.8657150269, 109.181762695, 267.61907959, 143.054641724, 63.0982513428, 24.4273357391, 50.7702407837, 49.6028442383, -13.5676431656, 11.9684104919], [-227.036071777, 268.674804688, -152.138000488, 58.1760025024, 104.234466553, 143.054641724, 287.691680908, 56.1943016052, 82.6452026367, 16.2530384064, 109.365394592, -43.6059074402, 63.7898139954], [9.88445568085, -55.6752204895, 80.9328918457, 51.6280975342, 61.5358734131, 63.0982513428, 56.1943016052, 158.859954834, 69.7994308472, 56.625164032, 30.9106731415, 49.1823387146, 36.532585144], [-275.26953125, 240.950332642, -86.2694549561, 119.03704071, 32.79870224, 24.4273357391, 82.6452026367, 69.7994308472, 177.247817993, 31.1925907135, 111.5756073, 8.12595653534, 98.7609100342], [31.1032562256, -106.915519714, 102.329780579, -9.78022575378, 38.4443321228, 50.7702407837, 16.2530384064, 56.625164032, 31.1925907135, 122.649581909, 40.6487884521, 56.4507026672, 7.66964769363], [-308.590789795, 270.555084229, -127.763931274, 83.5503463745, 32.52003479, 49.6028442383, 109.365394592, 30.9106731415, 111.5756073, 40.6487884521, 180.562759399, 12.328622818, 107.075531006], [135.967086792, -164.736083984, 128.046920776, -2.993080616, 9.37885761261, -13.5676431656, -43.6059074402, 49.1823387146, 8.12595653534, 56.4507026672, 12.328622818, 115.697898865, 14.5950937271], [-254.428329468, 246.318466187, -119.050666809, 99.9164581299, 18.2700023651, 11.9684104919, 63.7898139954, 36.532585144, 98.7609100342, 7.66964769363, 107.075531006, 14.5950937271, 143.47756958]],
        "icov": [[0.000682113692164, 0.000182612973731, -0.000156898313435, -2.48258238571e-05, 0.000113367634185, 0.000302820088109, -0.000345084175933, -0.000127804931253, 0.000432638335042, 1.60978579515e-05, 0.000500911381096, -0.000549087766558, 0.000312826392474], [0.000182612973731, 0.00210127304308, -2.89221788989e-05, -0.000562325585634, -0.000306300527882, 0.000574917474296, -0.000748802383896, 0.00107016554102, -0.000890219991561, 0.00107202958316, -0.00137628486846, 0.00202366057783, -0.0014877935173], [-0.000156898313435, -2.89221788989e-05, 0.00250037270598, -0.000769555976149, -0.000712757697329, -0.00205355254002, 0.00171230325941, -0.000173419204657, -1.37476481541e-05, -0.000698669056874, 0.00107139744796, -0.00205471366644, 0.00138320843689], [-2.48258238571e-05, -0.000562325585634, -0.000769555976149, 0.00427467701957, -0.00179189140908, -0.000202146809897, 0.000932922877837, -0.000235932398937, -0.00181625084952, 0.00162443716545, -0.000254569022218, 0.000313329946948, -0.00148222257849], [0.000113367634185, -0.000306300527882, -0.000712757697329, -0.00179189140908, 0.00879252236336, -0.000895932782441, -0.0030250006821, -0.00119173189159, 0.00117889244575, -0.0016003852943, 0.00101618177723, -0.00076159456512, 0.000579983228818], [0.000302820088109, 0.000574917474296, -0.00205355254002, -0.000202146809897, -0.000895932782441, 0.00839284807444, -0.00398689229041, -0.0011499284301, 0.00177997222636, -0.00149309670087, -0.00185327569488, 0.00365853845142, -0.000668324355502], [-0.000345084175933, -0.000748802383896, 0.00171230325941, 0.000932922877837, -0.0030250006821, -0.00398689229041, 0.00931238848716, -0.00201943470165, -0.000740742427297, 0.000692981935572, -0.00262845912948, 0.00150518980809, 0.000817696331069], [-0.000127804931253, 0.00107016554102, -0.000173419204657, -0.000235932398937, -0.00119173189159, -0.0011499284301, -0.00201943470165, 0.0122211892158, -0.00531480275095, -0.00150824396405, 0.00293252663687, -0.00306716398336, -0.00214724289253], [0.000432638335042, -0.000890219991561, -1.37476481541e-05, -0.00181625084952, 0.00117889244575, 0.00177997222636, -0.000740742427297, -0.00531480275095, 0.0147723723203, -0.00253994693048, -0.00355307036079, 0.0011899813544, -0.00256911362521], [1.60978579515e-05, 0.00107202958316, -0.000698669056874, 0.00162443716545, -0.0016003852943, -0.00149309670087, 0.000692981935572, -0.00150824396405, -0.00253994693048, 0.0155700137839, -0.00517737073824, -0.00394725287333, 0.00206279754639], [0.000500911381096, -0.00137628486846, 0.00107139744796, -0.000254569022218, 0.00101618177723, -0.00185327569488, -0.00262845912948, 0.00293252663687, -0.00355307036079, -0.00517737073824, 0.0174141991884, -0.0047231935896, -0.0050286478363], [-0.000549087766558, 0.00202366057783, -0.00205471366644, 0.000313329946948, -0.00076159456512, 0.00365853845142, 0.00150518980809, -0.00306716398336, 0.0011899813544, -0.00394725287333, -0.0047231935896, 0.0198623165488, -0.00557111995295], [0.000312826392474, -0.0014877935173, 0.00138320843689, -0.00148222257849, 0.000579983228818, -0.000668324355502, 0.000817696331069, -0.00214724289253, -0.00256911362521, 0.00206279754639, -0.0050286478363, -0.00557111995295, 0.0184013620019]]
    },
    "melbands": {
        "max": [0.0431516095996, 0.0146812926978, 0.0175654925406, 0.00770057970658, 0.0117086237296, 0.00559743866324, 0.0069869752042, 0.00432025594637, 0.00435496494174, 0.00704581802711, 0.00564435729757, 0.00423965230584, 0.00320036476478, 0.00222863187082, 0.00149290356785, 0.00145428883843, 0.00114078063052, 0.00127273215912, 0.00147297699004, 0.00127002259251, 0.000683985650539, 0.000727228994947, 0.00085683632642, 0.000326379027683, 0.00051909830654, 0.000189698926988, 0.000109067492303, 0.000157365822815, 0.000129066873342, 0.000133579233079, 6.31957227597e-05, 5.04681484017e-05, 4.56425295852e-05, 3.67502980225e-05, 5.30220713699e-05, 4.57804599137e-05, 6.62900638417e-05, 8.13700462459e-05, 6.55405601719e-05, 4.73824366054e-05],
        "mean": [0.00656130956486, 0.00217903289013, 0.000663879851345, 0.0003508363734, 0.000433963694377, 0.000507273012772, 0.000371393543901, 0.000162796786753, 0.000169811552041, 0.000226304226089, 0.000198362933588, 0.000275800732197, 0.000131174354465, 7.70600745454e-05, 9.05419728952e-05, 9.69637549133e-05, 4.69193182653e-05, 7.76295200922e-05, 5.47340132471e-05, 3.45231346728e-05, 4.39078212366e-05, 3.35113218171e-05, 3.82647631341e-05, 3.06318834191e-05, 2.55163322436e-05, 1.77636575245e-05, 1.3819591004e-05, 1.33798357638e-05, 1.1584837921e-05, 8.5193059931e-06, 6.33888521406e-06, 4.77247613162e-06, 4.34498042523e-06, 4.04269803767e-06, 4.09549375036e-06, 3.69718395632e-06, 3.76950856662e-06, 3.59036403097e-06, 3.27642055709e-06, 2.61276613855e-06],
        "min": [8.0227078314e-09, 5.93406213056e-08, 1.29467002807e-06, 5.56701536425e-07, 1.02065030205e-06, 2.18210652747e-06, 1.31824322125e-06, 9.39209712669e-07, 1.20053869068e-06, 5.6934385384e-07, 1.26999509575e-06, 8.09190055406e-07, 5.62459831599e-07, 5.72586259295e-07, 5.9947973341e-07, 8.21985622679e-07, 7.21117260127e-07, 9.52932396103e-07, 4.61687619691e-07, 7.54325128582e-07, 6.88153249939e-07, 3.1455010685e-07, 5.4161148455e-07, 3.5528881881e-07, 2.0795096134e-07, 3.07321954551e-07, 1.96943688024e-07, 1.70363207985e-07, 9.97172833195e-08, 8.3417347696e-08, 4.35329461368e-08, 5.57259340894e-08, 7.90201770684e-09, 3.01283242798e-09, 8.44329139937e-09, 1.01441131051e-08, 4.55910198482e-09, 4.83396600526e-10, 2.98090302442e-10, 2.66299482465e-11],
        "stdev": [0.00857207737863, 0.00233631115407, 0.00186065409798, 0.000667206419166, 0.00067310029408, 0.000692232861184, 0.000564852205571, 0.000242904206971, 0.000250337790931, 0.00036921253195, 0.000405857310398, 0.00045593327377, 0.000238469350734, 0.000142478529597, 0.000134722169605, 0.000145873098518, 8.05134914117e-05, 0.000121314209537, 8.89774746611e-05, 5.0081005611e-05, 6.62922102492e-05, 5.28456257598e-05, 5.83606342843e-05, 3.6265100789e-05, 2.88055362034e-05, 1.84774926311e-05, 1.36147418743e-05, 1.36926846608e-05, 1.26951445054e-05, 1.00939005279e-05, 8.03139300842e-06, 5.69555595575e-06, 4.90812044518e-06, 4.81582219436e-06, 5.27389693161e-06, 4.93324978379e-06, 5.71579130337e-06, 5.91731986788e-06, 5.73417401029e-06, 4.43940643891e-06]
    },
    "melbands128": {
        "max": [0.0107250977308, 0.0576069280505, 0.0596986971796, 0.0340601839125, 0.0192310381681, 0.0124006243423, 0.0176867637783, 0.0244487281889, 0.0142085570842, 0.00881477538496, 0.00591151462868, 0.0103460745886, 0.017204798758, 0.0123003898188, 0.00855315290391, 0.00961510371417, 0.00975195877254, 0.00863164197654, 0.0107431476936, 0.00628384202719, 0.00255395658314, 0.00511632673442, 0.00703012850136, 0.00424877554178, 0.0112093761563, 0.00825971737504, 0.0126954317093, 0.00902066007257, 0.00812329910696, 0.00753767741844, 0.00723185390234, 0.00640735449269, 0.00496310414746, 0.00268301973119, 0.00345505401492, 0.00368309137411, 0.00222332892008, 0.00198996555991, 0.0039042448625, 0.00360410567373, 0.00188493775204, 0.0019473695429, 0.00130925944541, 0.00255751190707, 0.001629208331, 0.00257096206769, 0.00237820809707, 0.00323402206413, 0.00106411555316, 0.0037139125634, 0.000813979539089, 0.000864196452312, 0.000762837589718, 0.00135299540125, 0.00239643640816, 0.000764990749303, 0.000856871949509, 0.00100207224023, 0.00124800927006, 0.0011144077871, 0.000564415706322, 0.000675394432619, 0.00148640060797, 0.00080687442096, 0.000726254133042, 0.000333261239575, 0.000418361509219, 0.000237921965891, 0.000133914072649, 0.000168000275153, 0.000204802840017, 0.000239559522015, 0.000203065079404, 0.000205813747016, 0.000246592448093, 0.000153874658281, 0.000371193658793, 0.000117012896226, 8.34374222904e-05, 7.78622925282e-05, 5.91245516262e-05, 7.3588671512e-05, 5.40160144737e-05, 5.26465119037e-05, 5.28973250766e-05, 5.6445642258e-05, 5.51543962501e-05, 6.37578850728e-05, 6.79992954247e-05, 7.24666169845e-05, 5.78088220209e-05, 4.8470479669e-05, 5.59730979148e-05, 0.000100168246718, 7.05404236214e-05, 0.000109285749204, 8.36040271679e-05, 6.92235043971e-05, 6.65337283863e-05, 8.92025709618e-05, 5.34942555532e-05, 4.56809466414e-05, 7.43202035665e-05, 5.23507151229e-05, 5.45213988516e-05, 5.54843245482e-05, 5.41480476386e-05, 3.68489891116e-05, 3.52073111571e-05, 2.01115235541e-05, 2.2752010409e-05, 2.45544197242e-05, 2.33324954024e-05, 2.00481063075e-05, 1.90423870663e-05, 2.58943146036e-05, 1.68628230313e-05, 3.80345454687e-06, 1.15354566788e-06, 1.38534596772e-06, 1.270188136e-06, 1.26300460579e-06, 9.87570842881e-07, 4.18622576603e-08, 4.11494802677e-08, 4.05799873704e-08, 4.01736670597e-08, 3.9922472439e-08],
        "mean": [0.00114876311272, 0.00744463503361, 0.00919070094824, 0.00440455088392, 0.00137936451938, 0.000648741144687, 0.000729532388505, 0.000757442205213, 0.000459808128653, 0.000304922956275, 0.000277635408565, 0.000348960544216, 0.000443618337158, 0.000567999610212, 0.000617821700871, 0.000399857934099, 0.000361524784239, 0.000437209877418, 0.00030496128602, 0.000117521864013, 0.000120885131764, 0.000183117997949, 0.000151954503963, 0.000175532695721, 0.00028305160231, 0.000235885003349, 0.000138146584504, 0.000192641047761, 0.000222022965318, 0.000341667153407, 0.000287804519758, 0.000165294113685, 0.000133343695779, 9.57062657108e-05, 7.50309918658e-05, 7.72667772253e-05, 7.26868529455e-05, 5.97837715759e-05, 0.000127182647702, 0.00014342823124, 8.26976756798e-05, 4.42468481197e-05, 3.7903264456e-05, 5.0633920182e-05, 6.52814196656e-05, 8.24394373922e-05, 0.000100620360172, 5.18730339536e-05, 3.77213764295e-05, 3.77406686312e-05, 3.13133568852e-05, 3.33006646542e-05, 4.3729225581e-05, 4.85033306177e-05, 4.73997715744e-05, 2.72956767731e-05, 2.50569137279e-05, 3.69987646991e-05, 4.54808687209e-05, 3.83451879316e-05, 2.79331361526e-05, 2.58948384726e-05, 2.80746244243e-05, 2.64019508904e-05, 2.03726631298e-05, 1.59383416758e-05, 1.85457665793e-05, 1.36458347697e-05, 1.21650909932e-05, 1.45394024003e-05, 1.4632579223e-05, 1.18464095067e-05, 1.15898492368e-05, 1.2906865777e-05, 9.77771469479e-06, 8.30073895486e-06, 8.36107483337e-06, 7.46525438444e-06, 5.98250471739e-06, 5.27128213434e-06, 5.03243609273e-06, 4.31674834545e-06, 4.56940824733e-06, 4.36350046584e-06, 4.22760740548e-06, 4.00041653847e-06, 4.00344697482e-06, 4.09017502534e-06, 4.2519109229e-06, 3.94204289478e-06, 3.76033767679e-06, 3.55281895281e-06, 3.73971988665e-06, 3.78687218472e-06, 3.78448748961e-06, 3.74018736693e-06, 3.38846098202e-06, 3.68159271602e-06, 3.37472260981e-06, 3.13389705298e-06, 2.66401048066e-06, 2.4669461709e-06, 2.5518709208e-06, 2.68504709311e-06, 2.0527891138e-06, 1.97085159925e-06, 1.73502371581e-06, 1.70110047293e-06, 1.39228768603e-06, 1.24483017316e-06, 1.20845766105e-06, 1.10828682409e-06, 1.07352229861e-06, 8.44546718781e-07, 6.44862268473e-07, 6.06547644111e-07, 3.20021740663e-07, 6.64905641656e-08, 1.77669896573e-08, 1.32464377245e-08, 1.52372159334e-08, 1.32493056526e-08, 8.83177975197e-09, 2.88364998546e-10, 2.68122173769e-11, 2.61339179464e-11, 2.57126073905e-11, 2.55308933717e-11],
        "min": [8.89048723529e-10, 1.42186773466e-09, 4.19811518881e-09, 5.85386583651e-09, 3.00034734835e-08, 2.07641370764e-08, 2.63621558361e-07, 2.14788371977e-07, 2.68104344059e-07, 2.58665352248e-07, 2.02304420327e-07, 1.38792032089e-07, 7.99692116971e-08, 5.35832555215e-07, 4.32770661973e-07, 1.06899641139e-07, 7.99916051619e-07, 5.57617454433e-07, 6.87739202476e-07, 2.01196769467e-07, 1.8735664753e-07, 1.59584601533e-07, 2.435547799e-07, 3.69087160834e-07, 3.47740126472e-07, 4.30629370385e-07, 9.62843103025e-08, 3.99132431994e-07, 4.07123536661e-07, 3.26888198288e-07, 2.46396098191e-07, 2.0083319896e-07, 2.52967083725e-07, 1.50036939317e-07, 8.99727368164e-08, 1.40811664551e-07, 1.62595114261e-07, 2.29518818173e-07, 3.84975322731e-07, 4.89313890739e-07, 3.23235667565e-07, 1.61206259008e-07, 1.12304867628e-07, 1.52646734364e-07, 1.48325952409e-07, 3.65740817188e-07, 1.27033530362e-07, 3.54126939328e-07, 2.3886315148e-07, 1.42954064586e-07, 7.53406581566e-08, 1.37327290872e-07, 3.78113213628e-07, 1.52683227839e-07, 6.26938856385e-08, 9.49590415189e-08, 1.51724179887e-07, 3.26132038708e-07, 1.38990188248e-07, 2.06714403816e-07, 1.48955635382e-07, 1.80003056016e-07, 1.56651751126e-07, 8.74273311524e-08, 1.05587709243e-07, 1.19421741829e-07, 4.71103618338e-08, 8.1005850916e-08, 5.50775069996e-08, 8.52862669376e-08, 5.27284562679e-08, 3.66331498469e-08, 5.98812945896e-08, 7.11925594032e-08, 4.53887736285e-08, 1.73411720539e-08, 4.16859577967e-08, 3.55502791649e-08, 1.42630698363e-08, 8.49361381228e-09, 1.4510421309e-08, 4.98411978356e-09, 2.50598009011e-09, 1.35382216548e-09, 4.01991995247e-09, 3.58013818591e-09, 1.62652569191e-09, 3.653564562e-09, 4.93467311458e-09, 1.31823607585e-09, 5.05122743633e-09, 1.17728959914e-09, 1.85628312721e-09, 1.43268175101e-09, 1.064770494e-09, 2.68564170902e-10, 1.48786608034e-10, 1.54747187286e-10, 1.864853931e-11, 2.14510978425e-11, 2.80793825691e-11, 2.17156310295e-11, 3.01730862518e-12, 1.4749537312e-12, 1.21278638174e-12, 3.68742579873e-12, 9.68273204671e-13, 5.96041716417e-13, 7.03130533398e-13, 6.20762068051e-13, 5.67523621414e-13, 5.09731091971e-13, 5.25054988636e-13, 3.83168784245e-13, 3.43025304342e-13, 4.90323873083e-13, 4.10135196204e-13, 4.15952482961e-13, 4.26228795097e-13, 3.74237858584e-13, 3.72359017535e-13, 4.01095389541e-13, 3.79228549605e-13, 3.70299602613e-13, 2.24742343876e-13, 1.04320299957e-13, 1.40519470991e-14, 4.88719005264e-16],
        "stdev": [0.00210245489143, 0.011530328542, 0.0119415624067, 0.00522769149393, 0.00211666547693, 0.00140070414636, 0.00214379909448, 0.00251263310201, 0.00131224887446, 0.000624873908237, 0.000575817772187, 0.000707068538759, 0.000902551051695, 0.000932787952479, 0.00099553365726, 0.000769209233113, 0.000727184466086, 0.000758878071792, 0.000588993832935, 0.000289344752673, 0.000222475791816, 0.000325588800479, 0.000325343135046, 0.000320435967296, 0.000523564522155, 0.000534927006811, 0.000457757501863, 0.000588614493608, 0.000573251280002, 0.000657644413877, 0.000631255388726, 0.000443482364062, 0.000331325747538, 0.000214157786104, 0.000176320681931, 0.000216886357521, 0.000175579392817, 0.000131383654661, 0.00024749484146, 0.000284367386485, 0.00015672686277, 0.000106424944534, 8.99981896509e-05, 0.000139105322887, 0.000136914954055, 0.000176542394911, 0.000223529234063, 0.000137002018164, 8.59835126903e-05, 0.00010366395145, 5.49171600142e-05, 5.84282497584e-05, 7.19287709217e-05, 0.0001087694327, 0.000119280659419, 5.55694241484e-05, 5.15468600497e-05, 6.83600519551e-05, 9.3090129667e-05, 7.4392213719e-05, 4.26444566983e-05, 4.0032871766e-05, 4.93373190693e-05, 3.86348474422e-05, 3.44450418197e-05, 2.12346549233e-05, 2.54521746683e-05, 1.88759913726e-05, 1.47026576087e-05, 1.78851751116e-05, 1.92110856005e-05, 1.57539725478e-05, 1.5756000721e-05, 1.88988196896e-05, 1.51703734446e-05, 1.23111149151e-05, 1.43964862218e-05, 1.15017983262e-05, 8.86757243279e-06, 7.34559898774e-06, 6.75811770634e-06, 5.73511306357e-06, 5.9548574427e-06, 5.47466788703e-06, 5.33026195626e-06, 5.14819339514e-06, 5.37768528375e-06, 5.96394602326e-06, 5.82808070249e-06, 5.61364777241e-06, 5.4764154811e-06, 5.13734084961e-06, 5.79817651669e-06, 6.27310919299e-06, 6.27906774753e-06, 6.54966470393e-06, 6.10320967098e-06, 6.46044782115e-06, 6.18867443336e-06, 6.30487102171e-06, 4.84218617203e-06, 4.35543006461e-06, 4.85483178636e-06, 5.38626181878e-06, 4.09196127293e-06, 3.95940924136e-06, 3.4327999856e-06, 3.25695691572e-06, 2.76107402897e-06, 2.27739133152e-06, 2.23685992751e-06, 2.16734565583e-06, 2.22522317017e-06, 1.66789811828e-06, 1.38585653531e-06, 1.62816616012e-06, 9.91518959381e-07, 2.20154319663e-07, 7.72316113284e-08, 6.13224528934e-08, 7.06404321704e-08, 6.70757174248e-08, 4.95006418078e-08, 2.15177009544e-09, 8.74900929482e-10, 8.62832361115e-10, 8.54232073966e-10, 8.48911219098e-10]
    },
    "mfcc": {
        "mean": [-595.655334473, 99.2970199585, -2.51593589783, 18.9976100922, 4.72831535339, 4.88454723358, 6.26794290543, 7.9370598793, 3.39161157608, 7.68732309341, 3.64194822311, 5.26785898209, 3.38399934769],
        "cov": [[1995.57885742, -461.956970215, 82.5683364868, -90.4339828491, -53.6273078918, -133.235778809, -90.4098815918, -62.8222503662, -62.7031173706, -110.01726532, -107.880882263, -97.9960784912, -83.2619018555], [-461.956970215, 751.400268555, -207.518203735, 94.9057922363, -77.7502670288, 74.6914672852, 60.2321052551, 50.8024291992, 0.433509916067, 90.4335632324, 30.7175064087, 11.1414756775, 12.5759954453], [82.5683364868, -207.518203735, 627.768127441, 36.8793106079, 218.259933472, 64.3256835938, 3.38052034378, 4.80717182159, 31.5071640015, -42.3139343262, 25.4144859314, 12.3067808151, 18.7595424652], [-90.4339828491, 94.9057922363, 36.8793106079, 310.787353516, 95.2512817383, 19.9645767212, -18.9948940277, 46.810546875, 47.6706085205, 1.3876349926, -5.30200529099, 57.3187103271, 30.5259437561], [-53.6273078918, -77.7502670288, 218.259933472, 95.2512817383, 222.052993774, 38.0538482666, 11.2291116714, 23.8057022095, 48.0043373108, -6.14440488815, 15.506729126, 29.6651916504, 33.2638969421], [-133.235778809, 74.6914672852, 64.3256835938, 19.9645767212, 38.0538482666, 185.945236206, 123.141845703, 44.6784896851, 20.7593002319, 62.2588539124, 41.8614234924, 8.70990657806, 6.17253828049], [-90.4098815918, 60.2321052551, 3.38052034378, -18.9948940277, 11.2291116714, 123.141845703, 214.582901001, 74.4011688232, 34.6455345154, 89.1058883667, 44.4730758667, 11.8356399536, 9.80376720428], [-62.8222503662, 50.8024291992, 4.80717182159, 46.810546875, 23.8057022095, 44.6784896851, 74.4011688232, 122.154663086, 59.1484565735, 55.3623847961, 25.418964386, 27.2999362946, 24.8987598419], [-62.7031173706, 0.433509916067, 31.5071640015, 47.6706085205, 48.0043373108, 20.7593002319, 34.6455345154, 59.1484565735, 103.00050354, 49.9182891846, 23.6374034882, 29.2095165253, 24.2115650177], [-110.01726532, 90.4335632324, -42.3139343262, 1.3876349926, -6.14440488815, 62.2588539124, 89.1058883667, 55.3623847961, 49.9182891846, 124.855461121, 54.5242233276, 15.6848278046, 20.2504844666], [-107.880882263, 30.7175064087, 25.4144859314, -5.30200529099, 15.506729126, 41.8614234924, 44.4730758667, 25.418964386, 23.6374034882, 54.5242233276, 80.3974609375, 36.3899726868, 24.4613018036], [-97.9960784912, 11.1414756775, 12.3067808151, 57.3187103271, 29.6651916504, 8.70990657806, 11.8356399536, 27.2999362946, 29.2095165253, 15.6848278046, 36.3899726868, 90.1750869751, 49.6363792419], [-83.2619018555, 12.5759954453, 18.7595424652, 30.5259437561, 33.2638969421, 6.17253828049, 9.80376720428, 24.8987598419, 24.2115650177, 20.2504844666, 24.4613018036, 49.6363792419, 76.0954742432]],
        "icov": [[0.000661019992549, 0.000386071798857, -0.000126867860672, -0.000102185695141, 0.000269998301519, 0.000296118378174, -7.46102887206e-05, -0.000165686404216, 0.000222054732149, -0.000113651927677, 0.000448369013611, 0.000318592734402, 0.000261164357653], [0.000386071798857, 0.00203496450558, 0.000378746393835, -0.000879465893377, 0.000663015642203, -0.00048834271729, 0.000172982807271, -0.000430618063547, 0.000868858012836, -0.00102080509532, -6.52759699733e-05, 0.000636484764982, -0.000185031894944], [-0.000126867860672, 0.000378746393835, 0.00288048014045, 0.000287085451419, -0.00252482527867, -0.00110646465328, 0.00030908070039, -0.000108137959614, -0.000308042799588, 0.00156106788199, -0.00151919561904, 0.000666610198095, -0.00010157818906], [-0.000102185695141, -0.000879465893377, 0.000287085451419, 0.00523473368958, -0.00230424338952, -0.000963161000982, 0.00160097423941, -0.00137849652674, -0.000802791852038, -9.49516979745e-05, 0.00258737802505, -0.00363641022705, 0.00101397652179], [0.000269998301519, 0.000663015642203, -0.00252482527867, -0.00230424338952, 0.0091906208545, -0.000636948738247, -0.000550469791051, 0.000641215476207, -0.00259577622637, 0.00130101118702, -0.000446437275968, 0.00108322186861, -0.00245549273677], [0.000296118378174, -0.00048834271729, -0.00110646465328, -0.000963161000982, -0.000636948738247, 0.0104452874511, -0.00518078356981, 0.000142202989082, 0.00141284661368, -0.00140660710167, -0.00182315742131, 0.000952051253989, 0.00100579706486], [-7.46102887206e-05, 0.000172982807271, 0.00030908070039, 0.00160097423941, -0.000550469791051, -0.00518078356981, 0.0104254418984, -0.00384012935683, 0.000989057822153, -0.00402889400721, 0.000753627275117, -0.00117611431051, 0.00102794414852], [-0.000165686404216, -0.000430618063547, -0.000108137959614, -0.00137849652674, 0.000641215476207, 0.000142202989082, -0.00384012935683, 0.0147498538718, -0.00590407429263, -0.00118159572594, 0.00045723374933, -0.000512159429491, -0.0017737171147], [0.000222054732149, 0.000868858012836, -0.000308042799588, -0.000802791852038, -0.00259577622637, 0.00141284661368, 0.000989057822153, -0.00590407429263, 0.0179232247174, -0.00708928471431, 0.00156960915774, -0.00248827901669, 0.000624290725682], [-0.000113651927677, -0.00102080509532, 0.00156106788199, -9.49516979745e-05, 0.00130101118702, -0.00140660710167, -0.00402889400721, -0.00118159572594, -0.00708928471431, 0.0205784589052, -0.0104063730687, 0.00500884931535, -0.00299408356659], [0.000448369013611, -6.52759699733e-05, -0.00151919561904, 0.00258737802505, -0.000446437275968, -0.00182315742131, 0.000753627275117, 0.00045723374933, 0.00156960915774, -0.0104063730687, 0.0251366700977, -0.0100852167234, 0.000702412857208], [0.000318592734402, 0.000636484764982, 0.000666610198095, -0.00363641022705, 0.00108322186861, 0.000952051253989, -0.00117611431051, -0.000512159429491, -0.00248827901669, 0.00500884931535, -0.0100852167234, 0.0237737223506, -0.0115004861727], [0.000261164357653, -0.000185031894944, -0.00010157818906, 0.00101397652179, -0.00245549273677, 0.00100579706486, 0.00102794414852, -0.0017737171147, 0.000624290725682, -0.00299408356659, 0.000702412857208, -0.0115004861727, 0.0223897509277]]
    },
    "spectral_contrast_coeffs": {
        "max": [-0.453889995813, -0.49010977149, -0.514009952545, -0.614887654781, -0.651509940624, -0.550858974457],
        "mean": [-0.743416965008, -0.761914432049, -0.759853243828, -0.785258293152, -0.786821722984, -0.770234286785],
        "min": [-0.895348072052, -0.920223295689, -0.921511828899, -0.891597688198, -0.875883936882, -0.868378162384],
        "stdev": [0.0718141421676, 0.0642319992185, 0.0685562416911, 0.0497207157314, 0.0383838266134, 0.0389843136072]
    },
    "spectral_contrast_valleys": {
        "max": [-4.82933998108, -4.71377372742, -4.88009738922, -5.87613773346, -5.57716083527, -7.56471347809],
        "mean": [-6.5800614357, -6.40926647186, -6.96001625061, -7.08390760422, -6.95271539688, -9.45664215088],
        "min": [-10.8398542404, -8.23494529724, -8.9652299881, -8.59611320496, -8.64176940918, -13.3136053085],
        "stdev": [0.693746984005, 0.559697449207, 0.543006241322, 0.470434457064, 0.532641768456, 0.901620566845]
    }
},
"rhythm": {
    "beats_count": 105,
    "beats_loudness": {
        "max": 0.0874230787158,
        "mean": 0.0569338314235,
        "min": 0.00278807035647,
        "stdev": 0.0160413179547
    },
    "bpm": 121.991127014,
    "bpm_histogram_first_peak_bpm": 123,
    "bpm_histogram_first_peak_weight": 0.368932008743,
    "bpm_histogram_second_peak_bpm": 117,
    "bpm_histogram_second_peak_spread": 0,
    "bpm_histogram_second_peak_weight": 0.00961538497359,
    "danceability": 1.274294734,
    "onset_rate": 5.0711388588,
    "beats_loudness_band_ratio": {
        "max": [0.913573205471, 0.619179129601, 0.420284748077, 0.603225767612, 0.235401108861, 0.19903627038],
        "mean": [0.654389381409, 0.0863909125328, 0.0841128751636, 0.0916853770614, 0.0561104379594, 0.0549268163741],
        "min": [0.00218244479038, 0.0142779555172, 0.00887063145638, 0.00399240711704, 0.00373763311654, 0.00586076406762],
        "stdev": [0.172979027033, 0.082233004272, 0.0728648006916, 0.094387345016, 0.042331315577, 0.0356688946486]
    },
