{
"metadata": {
    "version": {
        "essentia": "2.1-beta5",
        "essentia_git_sha": "Undefined",
        "extractor": "music 2.0"
    },
    "audio_properties": {
        "analysis": {
            "equal_loudness": 0,
            "length": 20.2826309204,
            "sample_rate": 44100,
            "start_time": 178.735595703,
            "downmix": "mix"
        },
        "bit_rate": 192000,
        "length": 199.04145813,
        "lossless": 0,
        "number_channels": 2,
        "replay_gain": -2.2538394928,
        "sample_rate": 48000,
        "codec": "mp3",
        "md5_encoded": "b9bd283b07abc12336792c6dd3319606"
    },
    "tags": {
        "file_name": "Australia_We Got Love_Jessica Mauboy.mp3",
        "encoding": ["Lavf58.29.100"]
    }
},
"lowlevel": {
    "average_loudness": 0.954765021801,
    "barkbands_crest": {
        "max": 24.4480895996,
        "mean": 10.337682724,
        "min": 3.33912563324,
        "stdev": 4.30583238602
    },
    "barkbands_flatness_db": {
        "max": 0.302757889032,
        "mean": 0.143496721983,
        "min": 0.0200014766306,
        "stdev": 0.0634872913361
    },
    "barkbands_kurtosis": {
        "max": 28.0914134979,
        "mean": 2.06013917923,
        "min": -1.60792946815,
        "stdev": 3.47273421288
    },
    "barkbands_skewness": {
        "max": 5.03453969955,
        "mean": 1.12028741837,
        "min": -1.08670437336,
        "stdev": 0.921608507633
    },
    "barkbands_spread": {
        "max": 77.9463729858,
        "mean": 21.2321510315,
        "min": 2.71296262741,
        "stdev": 12.3636980057
    },
    "dissonance": {
        "max": 0.499999821186,
        "mean": 0.474439382553,
        "min": 0.280640125275,
        "stdev": 0.0236622896045
    },
    "dynamic_complexity": 1.49628019333,
    "erbbands_crest": {
        "max": 31.2229251862,
        "mean": 11.9692201614,
        "min": 2.58464765549,
        "stdev": 5.42145681381
    },
    "erbbands_flatness_db": {
        "max": 0.385234028101,
        "mean": 0.201279595494,
        "min": 0.0694938600063,
        "stdev": 0.0793613642454
    },
    "erbbands_kurtosis": {
        "max": 25.5977268219,
        "mean": 2.09568285942,
        "min": -1.44501316547,
        "stdev": 2.69729971886
    },
    "erbbands_skewness": {
        "max": 3.53286623955,
        "mean": 0.822596728802,
        "min": -1.19998788834,
        "stdev": 0.790776371956
    },
    "erbbands_spread": {
        "max": 82.1232070923,
        "mean": 23.2001628876,
        "min": 4.26771879196,
        "stdev": 13.3425197601
    },
    "hfc": {
        "max": 95.2685470581,
        "mean": 30.9804515839,
        "min": 0.594536840916,
        "stdev": 13.9278802872
    },
    "loudness_ebu128": {
        "integrated": -20.0940513611,
        "loudness_range": 3.26998138428,
        "momentary": {
            "max": -17.2393321991,
            "mean": -20.3244781494,
            "min": -22.8252124786,
            "stdev": 1.3578748703
        },
        "short_term": {
            "max": -17.6044101715,
            "mean": -20.240655899,
            "min": -21.2662353516,
            "stdev": 1.11499428749
        }
    },
    "melbands_crest": {
        "max": 31.3772525787,
        "mean": 14.1750364304,
        "min": 4.65291786194,
        "stdev": 5.39653682709
    },
    "melbands_flatness_db": {
        "max": 0.289562314749,
        "mean": 0.178323611617,
        "min": 0.0691044852138,
        "stdev": 0.0399461053312
    },
    "melbands_kurtosis": {
        "max": 91.2196960449,
        "mean": 6.23853588104,
        "min": -1.49485242367,
        "stdev": 8.71834182739
    },
    "melbands_skewness": {
        "max": 8.36395072937,
        "mean": 1.81645262241,
        "min": -1.03400576115,
        "stdev": 1.19918739796
    },
    "melbands_spread": {
        "max": 75.9853973389,
        "mean": 25.3525066376,
        "min": 3.56189012527,
        "stdev": 13.8777275085
    },
    "pitch_salience": {
        "max": 0.890495300293,
        "mean": 0.573814690113,
        "min": 0.158183515072,
        "stdev": 0.140106469393
    },
    "silence_rate_20dB": {
        "max": 1,
        "mean": 1,
        "min": 1,
        "stdev": 0
    },
    "silence_rate_30dB": {
        "max": 1,
        "mean": 1,
        "min": 1,
        "stdev": 0
    },
    "silence_rate_60dB": {
        "max": 1,
        "mean": 0.00114285713062,
        "min": 0,
        "stdev": 0.0337868481874
    },
    "spectral_centroid": {
        "max": 2570.64233398,
        "mean": 1501.9732666,
        "min": 733.110900879,
        "stdev": 338.292144775
    },
    "spectral_complexity": {
        "max": 47,
        "mean": 24.0674285889,
        "min": 0,
        "stdev": 6.13514375687
    },
    "spectral_decrease": {
        "max": -9.81464909344e-11,
        "mean": -8.22138712664e-09,
        "min": -2.54050345205e-08,
        "stdev": 3.72950248462e-09
    },
    "spectral_energy": {
        "max": 0.0992859899998,
        "mean": 0.0338394790888,
        "min": 0.000424353842391,
        "stdev": 0.0148095469922
    },
    "spectral_energyband_high": {
        "max": 0.00860420428216,
        "mean": 0.000754305627197,
        "min": 1.3984476027e-05,
        "stdev": 0.000810659257695
    },
    "spectral_energyband_low": {
        "max": 0.0742166414857,
        "mean": 0.00889862142503,
        "min": 3.74872826114e-08,
        "stdev": 0.0124414721504
    },
    "spectral_energyband_middle_high": {
        "max": 0.0465905182064,
        "mean": 0.0149200661108,
        "min": 0.000300589483231,
        "stdev": 0.00871659256518
    },
    "spectral_energyband_middle_low": {
        "max": 0.0560631975532,
        "mean": 0.0104528451338,
        "min": 0.000127010833239,
        "stdev": 0.00868587009609
    },
    "spectral_entropy": {
        "max": 8.79506015778,
        "mean": 7.71337223053,
        "min": 6.87904977798,
        "stdev": 0.266880601645
    },
    "spectral_flux": {
        "max": 0.236807450652,
        "mean": 0.109342247248,
        "min": 0.0404675640166,
        "stdev": 0.0328361093998
    },
    "spectral_kurtosis": {
        "max": 14.5428028107,
        "mean": 4.22198677063,
        "min": -0.173006772995,
        "stdev": 1.93806552887
    },
    "spectral_rms": {
        "max": 0.00984197016805,
        "mean": 0.00561729585752,
        "min": 0.000643431209028,
        "stdev": 0.0012083373731
    },
    "spectral_rolloff": {
        "max": 8268.75,
        "mean": 1472.47790527,
        "min": 86.1328125,
        "stdev": 700.798156738
    },
    "spectral_skewness": {
        "max": 3.36274433136,
        "mean": 1.6054816246,
        "min": 0.782112777233,
        "stdev": 0.268630176783
    },
    "spectral_spread": {
        "max": 26289320,
        "mean": 4424773.5,
        "min": 2314224.5,
        "stdev": 1512949.75
    },
    "spectral_strongpeak": {
        "max": 7.9422211647,
        "mean": 1.71695661545,
        "min": 0.0259993020445,
        "stdev": 1.7163850069
    },
    "zerocrossingrate": {
        "max": 0.16455078125,
        "mean": 0.0628314763308,
        "min": 0.0126953125,
        "stdev": 0.0177165251225
    },
    "barkbands": {
        "max": [0.00308359297924, 0.0699109956622, 0.0293341763318, 0.00995422247797, 0.0176169276237, 0.0131003540009, 0.0176358669996, 0.0215898193419, 0.0431577153504, 0.0405165962875, 0.0348404310644, 0.0222382415086, 0.0141031621024, 0.00919774267823, 0.0165180154145, 0.0118085313588, 0.00774686783552, 0.00399647420272, 0.0054714391008, 0.00172978686169, 0.000949431210756, 0.00113195192534, 0.00152661278844, 0.00219037989154, 0.00263484986499, 0.000739085313398, 5.28454511368e-05],
        "mean": [0.000560504966415, 0.00674714148045, 0.00120463210624, 0.000726890109945, 0.00124995282385, 0.000705361308064, 0.000862699118443, 0.00132173008751, 0.00391377182677, 0.00474042166024, 0.00481271138415, 0.00117991981097, 0.000926636974327, 0.000975822156761, 0.00117202301044, 0.000585104920901, 0.000397309428081, 0.000407313316828, 0.000485560653033, 0.00019099227211, 0.000150079780724, 0.00014729819668, 0.000134900285047, 9.18024088605e-05, 0.000114790505904, 3.25930741383e-05, 1.49414370298e-06],
        "min": [4.56847143449e-10, 4.29580682137e-09, 7.68682806296e-09, 2.21089511143e-08, 6.16802935838e-07, 2.00811564355e-06, 1.10868677439e-06, 4.03460762755e-06, 3.20317631122e-05, 3.00780884572e-05, 4.0619434003e-05, 1.71423216671e-05, 3.64511324733e-05, 3.54608600901e-05, 2.10933694689e-06, 9.7383508546e-06, 4.5649421736e-06, 1.41015289046e-05, 8.34206457512e-06, 5.41393683307e-06, 2.25889857575e-06, 1.94074073079e-06, 1.49133484229e-06, 1.92987772607e-06, 4.66766692853e-07, 1.12373756134e-10, 1.03639548332e-10],
        "stdev": [0.00060082267737, 0.011198383756, 0.00274029304273, 0.00122215598822, 0.00160487415269, 0.00103009585291, 0.00152430054732, 0.00190936645959, 0.00655859382823, 0.00680274516344, 0.00567684229463, 0.00161530112382, 0.00108713179361, 0.00107054854743, 0.00168399733957, 0.000991596607491, 0.000667969987262, 0.000547304865904, 0.0005305124796, 0.000188686477486, 0.000142187593156, 0.000156732829055, 0.000155884161359, 0.000148747101775, 0.000205532851396, 6.53591705486e-05, 5.04321769768e-06]
    },
    "erbbands": {
        "max": [1.93169915676, 17.25, 37.8420028687, 23.9549179077, 42.4184112549, 84.4063034058, 43.4053993225, 139.979751587, 192.600585938, 444.396331787, 407.940185547, 1069.68688965, 1478.12072754, 1250.36291504, 1542.83898926, 544.309082031, 333.279052734, 524.280334473, 987.273620605, 1103.51037598, 431.637207031, 376.213989258, 260.659545898, 220.717102051, 210.485946655, 84.2548675537, 52.205657959, 43.4998970032, 33.3101539612, 50.8087501526, 45.9380493164, 44.2198677063, 32.0659179688, 50.4142913818, 8.29483795166, 3.28956532478, 1.3963521719, 0.224783778191, 0.0109279751778, 0.000500698050018],
        "mean": [0.257171779871, 1.24033105373, 1.64081525803, 2.06782770157, 3.27034711838, 3.99742555618, 5.43070554733, 5.12230587006, 9.51568889618, 21.0629196167, 35.5181274414, 85.6276397705, 145.045974731, 150.191650391, 174.326965332, 49.6534538269, 40.2995758057, 56.4216995239, 48.9411430359, 63.491443634, 26.9502315521, 22.9270896912, 20.7152194977, 24.8100357056, 20.6594619751, 9.57143783569, 6.7739815712, 5.25908613205, 4.8104596138, 5.21246671677, 3.74379014969, 2.13470029831, 1.52782535553, 1.66587793827, 0.598108887672, 0.181917056441, 0.0515756011009, 0.00796075258404, 0.000279238389339, 5.07670119987e-05],
        "min": [1.77573483029e-07, 1.471095743e-06, 1.11580402518e-05, 8.19275010144e-05, 0.000345756736351, 0.00323044811375, 0.00685945665464, 0.0186570715159, 0.0224120616913, 0.0228351503611, 0.164894267917, 1.17508518696, 1.63587033749, 2.09273195267, 2.24747276306, 0.699987411499, 1.6470297575, 2.4882683754, 0.332107186317, 0.225320219994, 0.605010151863, 0.250266253948, 0.75046145916, 0.576344788074, 0.291807681322, 0.265625357628, 0.103325136006, 0.0902559757233, 0.0752079337835, 0.0580951683223, 0.0415736697614, 0.0402764007449, 0.0214203298092, 0.0133708715439, 0.00113945908379, 0.000105874838482, 2.13919029193e-05, 5.50815911993e-06, 5.11423104399e-06, 7.88802481111e-06],
        "stdev": [0.365406543016, 2.51572179794, 3.71263098717, 3.27868556976, 4.64442062378, 5.78691053391, 6.91818571091, 9.4180393219, 15.1201944351, 40.5414543152, 46.574508667, 145.624984741, 223.721862793, 168.12979126, 214.749633789, 52.2129821777, 43.7026329041, 54.5602493286, 74.7809295654, 90.7161102295, 37.7169151306, 37.1584472656, 28.2342185974, 27.9267959595, 21.7775001526, 9.16166305542, 6.11506843567, 5.45158052444, 5.04529762268, 5.9594950676, 4.45284891129, 3.23934650421, 2.52140903473, 3.38541436195, 0.958933472633, 0.304226219654, 0.118147745728, 0.0218990761787, 0.000766096287407, 3.22613777826e-05]
    },
    "gfcc": {
        "mean": [18.8178901672, 69.42628479, -160.795761108, 11.8315124512, -70.554359436, 30.1483287811, -27.7583065033, 18.3507022858, -20.7007522583, 0.285336107016, -11.0488452911, -1.41795289516, -2.86356806755],
        "cov": [[2041.15588379, 467.261077881, 2200.29272461, 996.028869629, 699.009460449, 269.772583008, -227.733840942, 3.63223409653, -310.962158203, 348.06539917, -98.3535461426, 321.622924805, -227.275482178], [467.261077881, 1022.19042969, 1100.02563477, 767.398193359, 476.851898193, 265.507965088, -20.005645752, -93.3876419067, -107.725036621, 110.008804321, 120.016281128, 110.183235168, 87.9244613647], [2200.29272461, 1100.02563477, 3303.85620117, 1593.91101074, 1081.86291504, 533.554321289, -267.539642334, -75.9687194824, -456.624755859, 494.544494629, -65.0830001831, 474.998779297, -176.319229126], [996.028869629, 767.398193359, 1593.91101074, 1029.67089844, 623.1796875, 316.810028076, -122.416145325, -61.3368225098, -179.266906738, 205.493865967, 33.185874939, 202.96975708, -1.87852489948], [699.009460449, 476.851898193, 1081.86291504, 623.1796875, 475.841827393, 218.680664062, -71.6773147583, -32.5677070618, -136.672698975, 145.923477173, -6.28138256073, 156.765625, -21.7152996063], [269.772583008, 265.507965088, 533.554321289, 316.810028076, 218.680664062, 229.289199829, 18.1856784821, -40.1792221069, -81.2743682861, 57.3624229431, 5.97090435028, 67.178237915, 43.9217147827], [-227.733840942, -20.005645752, -267.539642334, -122.416145325, -71.6773147583, 18.1856784821, 133.69644165, -2.32610225677, 36.3745193481, -59.723941803, 18.622959137, -49.2939224243, 36.4205436707], [3.63223409653, -93.3876419067, -75.9687194824, -61.3368225098, -32.5677070618, -40.1792221069, -2.32610225677, 97.7260742188, 29.687166214, 22.5881729126, -1.78031992912, 0.0804749950767, -32.9407272339], [-310.962158203, -107.725036621, -456.624755859, -179.266906738, -136.672698975, -81.2743682861, 36.3745193481, 29.687166214, 137.238632202, -50.5745277405, 29.6491584778, -68.7685852051, 33.6688690186], [348.06539917, 110.008804321, 494.544494629, 205.493865967, 145.923477173, 57.3624229431, -59.723941803, 22.5881729126, -50.5745277405, 152.222488403, 7.73929977417, 83.5358810425, -64.2065734863], [-98.3535461426, 120.016281128, -65.0830001831, 33.185874939, -6.28138256073, 5.97090435028, 18.622959137, -1.78031992912, 29.6491584778, 7.73929977417, 99.7690124512, -11.0947122574, 28.6672954559], [321.622924805, 110.183235168, 474.998779297, 202.96975708, 156.765625, 67.178237915, -49.2939224243, 0.0804749950767, -68.7685852051, 83.5358810425, -11.0947122574, 138.386627197, -20.0320091248], [-227.275482178, 87.9244613647, -176.319229126, -1.87852489948, -21.7152996063, 43.9217147827, 36.4205436707, -32.9407272339, 33.6688690186, -64.2065734863, 28.6672954559, -20.0320091248, 128.05480957]],
        "icov": [[0.00246091326699, 0.00095564807998, -0.00176296127029, -0.000374437018763, -0.000665215426125, 0.000523986702319, 0.000235566330957, -0.000486102013383, -0.000156091424287, 0.00094860594254, -0.000281317828922, 0.000234928142163, 0.00141044403426], [0.00095564807998, 0.00453009782359, -0.00226825196296, -0.000708512612619, -0.00244206492789, 0.00187919614837, -0.00136063469108, 0.000794844178017, -0.000406309001846, 0.00137229461689, -0.00465208850801, 0.00256048003212, -0.002778213704], [-0.00176296127029, -0.00226825196296, 0.00637525785714, -0.00352166872472, 0.000493552768603, -0.00231893523596, 0.000430935702752, 0.000914755626582, 0.00396517431363, -0.00527247134596, 0.0043802713044, -0.00418111262843, 0.00282591627911], [-0.000374437018763, -0.000708512612619, -0.00352166872472, 0.00968031119555, -0.00546567188576, -0.00111489952542, 0.00285747763701, -0.000204087045859, -0.00318548153155, 0.00295233377255, -0.00404925970361, 0.00300882291049, -0.00259972386993], [-0.000665215426125, -0.00244206492789, 0.000493552768603, -0.00546567188576, 0.0148602230474, -0.00347568886355, -0.000306748319417, -0.000717760180123, 6.41620936221e-05, -0.000543407571968, 0.00435584504157, -0.00433287164196, 0.00276795006357], [0.000523986702319, 0.00187919614837, -0.00231893523596, -0.00111489952542, -0.00347568886355, 0.0155825316906, -0.00721608474851, 0.000866411777679, 0.00371573097073, -0.00347305019386, -0.000467208592454, 0.00323682371527, -0.00933585967869], [0.000235566330957, -0.00136063469108, 0.000430935702752, 0.00285747763701, -0.000306748319417, -0.00721608474851, 0.0139574976638, -0.0012588769896, -0.00200510770082, 0.0045220577158, -0.00169567367993, 0.00030999435694, 0.00333974999376], [-0.000486102013383, 0.000794844178017, 0.000914755626582, -0.000204087045859, -0.000717760180123, 0.000866411777679, -0.0012588769896, 0.0143273966387, -0.00336590758525, -0.00383210694417, 0.000133478592033, -0.00144083041232, 0.00218105153181], [-0.000156091424287, -0.000406309001846, 0.00396517431363, -0.00318548153155, 6.41620936221e-05, 0.00371573097073, -0.00200510770082, -0.00336590758525, 0.0185907036066, -0.00593071151525, 0.000276793871308, 0.00144394789822, -0.00384197570384], [0.00094860594254, 0.00137229461689, -0.00527247134596, 0.00295233377255, -0.000543407571968, -0.00347305019386, 0.0045220577158, -0.00383210694417, -0.00593071151525, 0.0235037636012, -0.0082622282207, -0.00237448746338, 0.00717446627095], [-0.000281317828922, -0.00465208850801, 0.0043802713044, -0.00404925970361, 0.00435584504157, -0.000467208592454, -0.00169567367993, 0.000133478592033, 0.000276793871308, -0.0082622282207, 0.0201236885041, -0.00318640936166, 0.000863285677042], [0.000234928142163, 0.00256048003212, -0.00418111262843, 0.00300882291049, -0.00433287164196, 0.00323682371527, 0.00030999435694, -0.00144083041232, 0.00144394789822, -0.00237448746338, -0.00318640936166, 0.0188722126186, -0.00726237567142], [0.00141044403426, -0.002778213704, 0.00282591627911, -0.00259972386993, 0.00276795006357, -0.00933585967869, 0.00333974999376, 0.00218105153181, -0.00384197570384, 0.00717446627095, 0.000863285677042, -0.00726237567142, 0.0226336717606]]
    },
    "melbands": {
        "max": [0.0184204988182, 0.017864542082, 0.00401347130537, 0.00430339109153, 0.00159145204816, 0.00297731906176, 0.00267075956799, 0.00459295511246, 0.00346352928318, 0.00684897694737, 0.00736238574609, 0.00570689886808, 0.00552739296108, 0.00274950359017, 0.00106297095772, 0.00143790186848, 0.00100011460017, 0.00162699876819, 0.00124820740893, 0.00121339072939, 0.000492309918627, 0.000548085314222, 0.000215151972952, 0.000308564020088, 0.000211171427509, 0.000293479533866, 8.3035476564e-05, 6.50572619634e-05, 4.85607124574e-05, 2.63953515969e-05, 2.83671997749e-05, 2.04700681934e-05, 3.06987676595e-05, 3.13862001349e-05, 2.74381982308e-05, 2.29072975344e-05, 3.19824284816e-05, 2.78612496913e-05, 4.00607132178e-05, 4.34325156675e-05],
        "mean": [0.0020622627344, 0.00109797343612, 0.000384340208257, 0.000268424628302, 0.000182809060789, 0.000123497709865, 0.000154123612447, 0.000238657885347, 0.000310888106469, 0.000583535060287, 0.000726993486751, 0.000593652308453, 0.000669419299811, 0.000187156867469, 8.58061976032e-05, 9.88343308563e-05, 0.000102674181107, 7.44412100175e-05, 8.43001544126e-05, 6.30476497463e-05, 2.66589813691e-05, 2.49395761784e-05, 1.75693585334e-05, 2.01724124054e-05, 1.98448869924e-05, 1.91541457752e-05, 9.10702237888e-06, 5.48580965187e-06, 4.2953929551e-06, 3.6813942188e-06, 2.79844039142e-06, 2.59033140537e-06, 3.00465126202e-06, 2.80387325802e-06, 2.29416832553e-06, 1.59011108281e-06, 1.19674962207e-06, 9.64722175922e-07, 1.25039684917e-06, 1.4659409544e-06],
        "min": [1.12987952328e-09, 3.98868627016e-09, 1.4239835977e-08, 9.91298918507e-08, 1.77607901719e-07, 4.22118546339e-07, 3.02324650647e-07, 3.32325100771e-07, 1.48603294292e-06, 6.31198099654e-06, 5.34170794708e-06, 7.43575492379e-06, 7.69057169236e-06, 2.50628954745e-06, 1.38641235026e-06, 5.19658215126e-06, 4.38297865912e-06, 4.75020641488e-07, 2.10846735627e-07, 3.1626444752e-07, 8.92568607469e-07, 2.4520014108e-07, 3.9377948724e-07, 7.42593215364e-07, 4.42287813485e-07, 2.88895989797e-07, 1.95116314217e-07, 1.61601590776e-07, 7.02151012888e-08, 3.80596887339e-08, 6.18377526962e-08, 4.25297592699e-08, 3.38833103797e-08, 3.40333805582e-08, 2.5225235234e-08, 1.62749405064e-08, 2.49104203931e-08, 1.64779301315e-08, 4.58387017233e-09, 9.31040222696e-09],
        "stdev": [0.00316624692641, 0.00214044377208, 0.000560651242267, 0.000377547665266, 0.000225253024837, 0.000212975806789, 0.000242633846938, 0.000432491186075, 0.000424841360655, 0.00100580474827, 0.00112839217763, 0.000728909100872, 0.000819183595013, 0.000237426284002, 0.000116161485494, 0.000111369605293, 0.000106938518002, 0.000126913699205, 0.000125925114844, 9.94030124275e-05, 4.75652668683e-05, 4.84599659103e-05, 2.55009017565e-05, 3.09022325382e-05, 2.52861445915e-05, 2.35298921325e-05, 9.62522881309e-06, 5.8621358221e-06, 4.27264558311e-06, 3.89798151446e-06, 3.08843618768e-06, 2.8105760066e-06, 3.41356144418e-06, 3.25886844621e-06, 2.68980420515e-06, 2.22040398512e-06, 2.06644017453e-06, 1.68103383658e-06, 2.4750004286e-06, 3.06460015054e-06]
    },
    "melbands128": {
        "max": [0.00299932411872, 0.0143489912152, 0.0329457484186, 0.0294362045825, 0.0236776899546, 0.0117397923023, 0.00560675607994, 0.00449842680246, 0.0047031166032, 0.00485760439187, 0.005923634395, 0.00262706773356, 0.00183905893937, 0.00127420201898, 0.00268032960594, 0.00576485879719, 0.00429384177551, 0.00283146742731, 0.00705351447687, 0.00767446216196, 0.00774222053587, 0.00656666560099, 0.00405062222853, 0.00646594865248, 0.00857815053314, 0.0103990454227, 0.012005424127, 0.0120128896087, 0.00881552416831, 0.0124925561249, 0.00744639988989, 0.00713823270053, 0.010728369467, 0.0104804933071, 0.0072780889459, 0.0023582840804, 0.00218171207234, 0.00199026614428, 0.00153950206004, 0.00142179697286, 0.0018457507249, 0.00367756956257, 0.00186736008618, 0.00151457765605, 0.00157333759125, 0.00319023500197, 0.0030981185846, 0.00202246522531, 0.00270332489163, 0.0023057658691, 0.00263914535753, 0.000718367984518, 0.00124048884027, 0.000740749354009, 0.00154597661458, 0.00108968059067, 0.000474652362755, 0.000478369533084, 0.000463913544081, 0.000497568282299, 0.000634434341919, 0.000545522372704, 0.000476420013001, 0.000388876738725, 0.000599331397098, 0.000476249901112, 0.000368926092051, 0.000201897681109, 0.00014798855409, 0.000145753569086, 0.000116396062367, 5.72448225284e-05, 6.04478773312e-05, 8.23282607598e-05, 5.02110269736e-05, 4.57796923001e-05, 3.25418332068e-05, 4.12472945754e-05, 4.15288668592e-05, 2.94214769383e-05, 2.96631369565e-05, 2.28991120821e-05, 3.92052206735e-05, 3.61139536835e-05, 4.40797412011e-05, 2.66103488684e-05, 3.98228730774e-05, 2.74420744972e-05, 3.11545954901e-05, 3.31268347509e-05, 3.23700223817e-05, 2.47562693403e-05, 2.44901384576e-05, 3.94933376811e-05, 4.02791192755e-05, 4.5226115617e-05, 2.39732344198e-05, 2.95526970149e-05, 4.63202159153e-05, 3.0659361073e-05, 7.97546745162e-05, 4.06554754591e-05, 1.78901409527e-05, 1.14101776489e-05, 1.26788745547e-05, 9.32249349717e-06, 7.98672681412e-06, 8.70033363753e-06, 3.94265634895e-06, 4.02497153118e-06, 7.89213027019e-06, 4.38534607383e-06, 5.82089114687e-06, 3.62131322618e-06, 3.38976633429e-06, 3.13478199132e-06, 2.1961297989e-06, 3.44061561464e-07, 3.0010107821e-07, 2.30331238527e-07, 4.50799063856e-07, 1.91363298541e-07, 2.31365575587e-07, 6.54391474342e-09, 6.45992104253e-09, 6.38420960541e-09, 6.33582875054e-09, 6.30617380537e-09],
        "mean": [0.000524032569956, 0.00222628866322, 0.00266598956659, 0.00186761305667, 0.000997958122753, 0.00053511117585, 0.000427096645581, 0.000329125468852, 0.000335744785843, 0.00029752618866, 0.000201028437004, 0.00018852231733, 0.000221283029532, 0.000119237331091, 7.8821380157e-05, 0.000160598341608, 0.000155300760525, 0.000129009771626, 0.000168790560565, 0.000277208921034, 0.000230525081861, 0.000253821461229, 0.000308998860419, 0.00036726842518, 0.000520952162333, 0.000664350111037, 0.000763885793276, 0.000794282823335, 0.000624831533059, 0.000621642568149, 0.000480690272525, 0.000709924206603, 0.000882483145688, 0.000525543640833, 0.000179953844054, 0.000129840322188, 0.000100804623798, 8.18350599729e-05, 7.64783471823e-05, 8.03676812211e-05, 9.56645890255e-05, 0.000145163779962, 0.000110718334327, 8.1419981143e-05, 6.10088136455e-05, 8.32875448395e-05, 7.95615997049e-05, 5.26741823705e-05, 0.00011239253945, 0.000109583903395, 4.80659437017e-05, 2.48711112363e-05, 2.96011858154e-05, 2.46515246545e-05, 2.61181266978e-05, 2.88372557407e-05, 2.01852089958e-05, 1.67208563653e-05, 1.79095422936e-05, 1.61829757417e-05, 2.11309052247e-05, 2.17632805288e-05, 2.13714683923e-05, 1.75455152203e-05, 2.02038318093e-05, 2.27200307563e-05, 1.72278723767e-05, 9.24671530811e-06, 7.54556049287e-06, 8.22910624265e-06, 5.43599890079e-06, 4.10062784795e-06, 4.36351683675e-06, 4.7151443141e-06, 3.59425848728e-06, 4.03582725994e-06, 3.55393603968e-06, 2.98301847579e-06, 2.61762329501e-06, 2.7744970339e-06, 2.4572213988e-06, 2.49173990596e-06, 2.8947190458e-06, 2.78072025139e-06, 3.60542480848e-06, 2.87221496365e-06, 2.47392517849e-06, 2.69773863693e-06, 2.25722237701e-06, 2.15356067201e-06, 1.71977455921e-06, 1.48051378801e-06, 1.24410814806e-06, 1.29561431095e-06, 1.07962796392e-06, 9.22129174796e-07, 9.22033109418e-07, 1.03711715838e-06, 1.22201458908e-06, 1.20505751511e-06, 1.83556801403e-06, 1.84171665296e-06, 6.37763832856e-07, 6.19262038981e-07, 7.89700720816e-07, 4.97190967508e-07, 5.03986825606e-07, 4.55191695892e-07, 2.49077345416e-07, 1.6774528433e-07, 2.23452502723e-07, 2.04484663868e-07, 1.59799398602e-07, 1.10741041226e-07, 1.18707653485e-07, 9.66953592751e-08, 4.53892781138e-08, 7.42943973009e-09, 4.29999591489e-09, 2.4528510334e-09, 3.50274342864e-09, 3.17856740928e-09, 1.28027954904e-09, 5.64044158602e-11, 2.4386387007e-11, 2.38511519562e-11, 2.35173720775e-11, 2.33741359601e-11],
        "min": [2.69623295912e-10, 3.34171412764e-10, 5.11820363869e-10, 7.07851000037e-10, 5.47530243367e-10, 3.17489812218e-09, 3.39710459762e-09, 1.1233300512e-08, 1.35905509069e-08, 4.98212990863e-08, 5.24706535998e-08, 5.13309359462e-08, 2.09138324436e-08, 1.01806413966e-07, 8.4296353009e-08, 1.16573168896e-07, 4.22718244408e-07, 3.13205589464e-07, 7.27681594981e-08, 1.06720570159e-07, 4.78764832224e-07, 9.08532229005e-07, 2.30289913361e-07, 1.44973159877e-06, 8.51473487273e-07, 1.00583054063e-06, 2.6145951324e-06, 2.14076908378e-06, 1.52544021148e-06, 8.75090108821e-07, 2.26958900384e-06, 1.68265637512e-06, 3.44652062267e-06, 2.74756007457e-06, 2.79606410913e-06, 1.25254155137e-06, 9.11390259262e-07, 5.59215834528e-07, 1.14661361295e-06, 5.69596181776e-07, 1.16527201044e-06, 2.34302660829e-06, 2.27908003581e-06, 1.53231610511e-06, 4.90136812914e-07, 1.13909102595e-07, 1.36663544481e-07, 2.47734732284e-07, 1.22041711847e-07, 4.27251677593e-07, 4.06301865041e-07, 7.8493698652e-08, 3.51703477008e-07, 4.7483445087e-07, 1.3286788203e-07, 4.42803695933e-08, 4.33998330607e-08, 1.76545540853e-07, 1.45550785646e-07, 2.78971072021e-07, 5.76893853577e-07, 4.45918828973e-07, 2.64392468807e-07, 2.36518275187e-07, 2.43380696929e-07, 2.92259784374e-07, 1.00055828511e-07, 8.83228921111e-08, 2.38819978904e-07, 2.25568882684e-07, 1.49165984453e-07, 1.37169180903e-07, 6.46519637826e-08, 7.15657932915e-08, 4.61512854599e-08, 4.73305696858e-08, 2.24903349277e-08, 3.68443764387e-08, 9.01576697743e-08, 6.58466206005e-08, 2.47649314389e-08, 4.93969700699e-08, 3.89796603883e-08, 3.6471991649e-08, 2.3646329339e-08, 2.88055073128e-08, 4.59352627047e-08, 2.55113157266e-08, 2.09148929287e-08, 3.26468345691e-08, 9.33574195727e-09, 3.26428639674e-09, 4.56812632166e-09, 1.87379090022e-08, 1.82530701665e-08, 1.59079061035e-08, 5.27307442155e-09, 7.38658112454e-09, 1.87811632912e-09, 2.91644708383e-09, 1.29448751718e-09, 3.24739590774e-09, 2.10570627601e-09, 1.72127000153e-11, 8.67811302419e-13, 2.31747412059e-12, 1.01878856913e-12, 6.33876957e-13, 4.07521564237e-13, 2.03860569376e-13, 4.03768544207e-13, 3.20510545188e-13, 3.29347931306e-13, 4.41528080373e-13, 3.17566827869e-13, 4.37770940375e-13, 3.93757726078e-13, 3.14104834807e-13, 3.57200488806e-13, 3.46253651836e-13, 3.35812269919e-13, 3.73441078408e-13, 3.56633044494e-13, 2.8662822441e-13, 2.20894605233e-13, 8.96001006137e-14, 1.24614013363e-14, 3.61919602428e-16],
        "stdev": [0.000562379369512, 0.002947462257, 0.00514487968758, 0.00413522217423, 0.00248566223308, 0.00110331480391, 0.000730603409465, 0.000573954952415, 0.000508885947056, 0.000512204947881, 0.000345078064129, 0.000278292893199, 0.000315007782774, 0.000180536299013, 0.000191074403119, 0.000355685391696, 0.000292785814963, 0.00028941911296, 0.000396653806092, 0.000686509127263, 0.000500872964039, 0.000489651341923, 0.000477754249005, 0.000683730351739, 0.00101546943188, 0.00137700641062, 0.00143580138683, 0.00141743896529, 0.00111605308484, 0.00111756450497, 0.0008713080897, 0.00112118700054, 0.00138005719054, 0.00106583011802, 0.00036864206777, 0.000204902520636, 0.000157120477525, 0.000184549047844, 0.000118545416626, 0.000144876190461, 0.000147496859427, 0.000228489792789, 0.00015309920127, 0.000134497138788, 0.000140327800182, 0.000215323889279, 0.000209932739381, 0.0001546885469, 0.000238812164753, 0.000218066837988, 0.000148337174323, 5.21241418028e-05, 8.40009379317e-05, 5.28257696715e-05, 8.05438539828e-05, 8.12013240648e-05, 4.03224039474e-05, 2.8577309422e-05, 3.84922132071e-05, 3.91761714127e-05, 5.08327393618e-05, 4.56738744106e-05, 4.19230600528e-05, 3.38120953529e-05, 4.64968798042e-05, 3.66637359548e-05, 3.0049974157e-05, 1.69389531948e-05, 1.2048906683e-05, 1.22126321003e-05, 8.25602364785e-06, 5.6253220464e-06, 5.22700611327e-06, 6.44671717964e-06, 4.37505696027e-06, 5.04090075992e-06, 4.43613089374e-06, 3.91845105696e-06, 3.49456627191e-06, 3.26745953316e-06, 3.1069500892e-06, 3.01488194054e-06, 3.53183077095e-06, 3.40733163284e-06, 5.34104583494e-06, 3.50778168468e-06, 3.37663254868e-06, 3.24095140058e-06, 2.91670153274e-06, 3.03654633171e-06, 2.76325181403e-06, 2.20892411562e-06, 1.92042898561e-06, 2.4544790449e-06, 2.21230288844e-06, 2.07228208637e-06, 1.63715458257e-06, 1.77324511696e-06, 2.67345126304e-06, 2.43617250817e-06, 4.85473719891e-06, 3.91204912376e-06, 1.1604277006e-06, 1.09308564333e-06, 1.44791727053e-06, 8.72286761933e-07, 8.39418930809e-07, 7.76556476012e-07, 4.38327191432e-07, 3.81317676101e-07, 5.73182774133e-07, 4.75194298133e-07, 4.27170391504e-07, 2.96197953276e-07, 3.24745712987e-07, 2.96261191579e-07, 1.70034994085e-07, 2.85336589911e-08, 2.09382609029e-08, 1.33828548243e-08, 2.17560334193e-08, 1.63208166981e-08, 9.95995197428e-09, 4.9201109853e-10, 3.4036928831e-10, 3.36322913963e-10, 3.3347158368e-10, 3.31740912518e-10]
    },
    "mfcc": {
        "mean": [-608.887695312, 99.3365783691, -29.5279464722, -11.1393213272, -13.9589490891, 1.5406717062, 5.1051158905, 11.2640380859, 3.47334814072, 7.56605434418, 1.27085018158, -7.00204277039, 3.12976455688],
        "cov": [[927.272216797, 152.299728394, 836.307250977, 535.395507812, 483.347259521, 231.80607605, 138.116210938, -26.8849639893, -44.5163993835, -20.5914897919, 22.2539806366, 1.29597473145, 137.623046875], [152.299728394, 609.205383301, 721.345825195, 517.367431641, 439.516113281, 323.788543701, 205.110321045, -7.56314086914, -47.4039573669, -11.9751234055, -5.11208438873, -34.5082473755, 149.654434204], [836.307250977, 721.345825195, 1953.99914551, 1193.04455566, 1090.23535156, 732.88684082, 418.699768066, -60.0843772888, -64.4677124023, -88.2847900391, -36.3698501587, -27.3259010315, 338.386505127], [535.395507812, 517.367431641, 1193.04455566, 904.385742188, 760.852416992, 467.751708984, 256.543518066, -17.771320343, -49.3009033203, -32.358455658, -21.7546443939, -8.07968997955, 221.660232544], [483.347259521, 439.516113281, 1090.23535156, 760.852416992, 748.851135254, 435.902313232, 233.460510254, -27.1459217072, -30.1165237427, -41.0498466492, -31.2326431274, -23.163898468, 219.934936523], [231.80607605, 323.788543701, 732.88684082, 467.751708984, 435.902313232, 411.420257568, 211.114547729, 0.139646619558, 0.613845229149, -28.460439682, -67.434173584, -24.1090888977, 144.62663269], [138.116210938, 205.110321045, 418.699768066, 256.543518066, 233.460510254, 211.114547729, 192.018508911, 13.0178146362, -10.0875263214, -10.2315597534, -13.7109518051, -26.11236763, 83.329826355], [-26.8849639893, -7.56314086914, -60.0843772888, -17.771320343, -27.1459217072, 0.139646619558, 13.0178146362, 67.1508331299, 26.7729148865, 2.91431641579, -10.9414806366, 0.275882095098, -4.38290929794], [-44.5163993835, -47.4039573669, -64.4677124023, -49.3009033203, -30.1165237427, 0.613845229149, -10.0875263214, 26.7729148865, 74.8264770508, 7.62631702423, -23.6264591217, -11.3600625992, -11.8330774307], [-20.5914897919, -11.9751234055, -88.2847900391, -32.358455658, -41.0498466492, -28.460439682, -10.2315597534, 2.91431641579, 7.62631702423, 76.8248748779, 28.3827476501, -3.59985518456, -17.9402923584], [22.2539806366, -5.11208438873, -36.3698501587, -21.7546443939, -31.2326431274, -67.434173584, -13.7109518051, -10.9414806366, -23.6264591217, 28.3827476501, 107.711608887, 26.9694786072, -16.251947403], [1.29597473145, -34.5082473755, -27.3259010315, -8.07968997955, -23.163898468, -24.1090888977, -26.11236763, 0.275882095098, -11.3600625992, -3.59985518456, 26.9694786072, 72.8932723999, 6.21528577805], [137.623046875, 149.654434204, 338.386505127, 221.660232544, 219.934936523, 144.62663269, 83.329826355, -4.38290929794, -11.8330774307, -17.9402923584, -16.251947403, 6.21528577805, 125.732772827]],
        "icov": [[0.00233848392963, 0.00127062946558, -0.00129574665334, -0.000654610223137, -0.000235084124142, 0.00094290706329, 0.000163173463079, -0.000765954900999, 0.000829034484923, -0.000665792147629, -0.00035958236549, 0.000557651044801, -0.000329948321451], [0.00127062946558, 0.00467551266775, -0.000481753173517, -0.00218679080717, 0.000640552607365, -0.00105192139745, -0.000507362186909, -0.000765846169088, 0.00199161563069, -0.00036079849815, -0.00158481660765, 0.0024595966097, -0.0015955058625], [-0.00129574665334, -0.000481753173517, 0.00555038824677, -0.00257485290058, -0.00167599588167, -0.00298273330554, -0.00188529188745, 0.00336099346168, -0.00107021816075, 0.00314464652911, -0.00182646978647, 9.59824465099e-05, -0.00057038810337], [-0.000654610223137, -0.00218679080717, -0.00257485290058, 0.0116928853095, -0.00768900243565, 7.40169416531e-05, 0.000855058140587, -0.00349115324207, 0.00268193497322, -0.00282288086601, 0.00164592184592, -0.00333906896412, 0.00253885518759], [-0.000235084124142, 0.000640552607365, -0.00167599588167, -0.00768900243565, 0.0138587933034, -0.00205737468787, 0.00153888796922, 0.00187025021296, -0.00203155609779, 0.00127671367954, -0.00153563136701, 0.00389262475073, -0.00566943362355], [0.00094290706329, -0.00105192139745, -0.00298273330554, 7.40169416531e-05, -0.00205737468787, 0.0143526159227, -0.00669558625668, 0.000362400372978, -0.00250384723768, -0.00254452228546, 0.00726975500584, -0.00314999325201, 0.000153226705152], [0.000163173463079, -0.000507362186909, -0.00188529188745, 0.000855058140587, 0.00153888796922, -0.00669558625668, 0.0161134507507, -0.00588481174782, 0.00293404166587, -0.000349637150066, -0.00375454407185, 0.00524783972651, -0.0024012082722], [-0.000765954900999, -0.000765846169088, 0.00336099346168, -0.00349115324207, 0.00187025021296, 0.000362400372978, -0.00588481174782, 0.0219609290361, -0.0085734995082, 0.00184039922897, 0.00100224406924, -0.00253041600809, -0.000453108397778], [0.000829034484923, 0.00199161563069, -0.00107021816075, 0.00268193497322, -0.00203155609779, -0.00250384723768, 0.00293404166587, -0.0085734995082, 0.0201716460288, -0.003427808173, 0.00224165432155, 0.00252448441461, 0.00063882622635], [-0.000665792147629, -0.00036079849815, 0.00314464652911, -0.00282288086601, 0.00127671367954, -0.00254452228546, -0.000349637150066, 0.00184039922897, -0.003427808173, 0.017734695226, -0.00665369676426, 0.00295398663729, -0.000137117138365], [-0.00035958236549, -0.00158481660765, -0.00182646978647, 0.00164592184592, -0.00153563136701, 0.00726975500584, -0.00375454407185, 0.00100224406924, 0.00224165432155, -0.00665369676426, 0.0172522161156, -0.00729600898921, 0.00299334293231], [0.000557651044801, 0.0024595966097, 9.59824465099e-05, -0.00333906896412, 0.00389262475073, -0.00314999325201, 0.00524783972651, -0.00253041600809, 0.00252448441461, 0.00295398663729, -0.00729600898921, 0.0203699581325, -0.00595254963264], [-0.000329948321451, -0.0015955058625, -0.00057038810337, 0.00253885518759, -0.00566943362355, 0.000153226705152, -0.0024012082722, -0.000453108397778, 0.00063882622635, -0.000137117138365, 0.00299334293231, -0.00595254963264, 0.0193110145628]]
    },
    "spectral_contrast_coeffs": {
        "max": [-0.547882974148, -0.490438729525, -0.552949726582, -0.642657637596, -0.670447707176, -0.67686355114],
        "mean": [-0.764713048935, -0.753937900066, -0.72432410717, -0.779105305672, -0.78711616993, -0.765577554703],
        "min": [-0.885021090508, -0.91600728035, -0.887540638447, -0.890746176243, -0.863123893738, -0.912065386772],
        "stdev": [0.0518338754773, 0.0805654302239, 0.0627444982529, 0.044504057616, 0.0354369580746, 0.025879425928]
    },
    "spectral_contrast_valleys": {
        "max": [-5.26160764694, -5.17157649994, -4.86492538452, -5.8854675293, -6.0901055336, -7.88814878464],
        "mean": [-7.32700204849, -6.49629116058, -6.3670706749, -6.93972873688, -7.15536880493, -9.74127674103],
        "min": [-11.70520401, -8.7246427536, -7.49963378906, -8.73514080048, -8.77374744415, -11.4503316879],
        "stdev": [1.65384292603, 0.441872268915, 0.534834742546, 0.404060095549, 0.336517333984, 0.553866684437]
    }
},
"rhythm": {
    "beats_count": 37,
    "beats_loudness": {
        "max": 0.0903040245175,
        "mean": 0.0508145280182,
        "min": 0.00670879008248,
        "stdev": 0.0187020208687
    },
    "bpm": 113.558532715,
    "bpm_histogram_first_peak_bpm": 115,
    "bpm_histogram_first_peak_weight": 0.478260934353,
    "bpm_histogram_second_peak_bpm": 108,
    "bpm_histogram_second_peak_spread": 0.5,
    "bpm_histogram_second_peak_weight": 0.138888895512,
    "danceability": 1.16343951225,
    "onset_rate": 3.44925451279,
    "beats_loudness_band_ratio": {
        "max": [0.917664766312, 0.17643725872, 0.70084643364, 0.7267126441, 0.255801618099, 0.102616377175],
        "mean": [0.467298448086, 0.0351119861007, 0.171550512314, 0.240224063396, 0.0751013159752, 0.0326492637396],
        "min": [3.40750943906e-06, 0.000335785851348, 0.00840949174017, 0.0121545204893, 0.00843741372228, 0.0083959903568],
        "stdev": [0.356923043728, 0.0368113406003, 0.203610032797, 0.205116853118, 0.0699533000588, 0.0231394488364]
    },
    "beats_position": [0.545668900013, 1.11455774307, 1.68344664574, 2.22911548615, 2.76317453384, 3.29723358154, 3.8196823597, 4.34213161469, 4.87619018555, 5.41024923325, 5.93269824982, 6.45514726639, 6.98920631409, 7.51165533066, 8.03410434723, 8.56816291809, 9.0906124115, 9.61306095123, 10.1355104446, 10.6579589844, 11.1920175552, 11.7144670486, 12.2369155884, 12.7709751129, 13.2818136215, 13.8158731461, 14.3499317169, 14.9420404434, 15.5225391388, 16.114648819, 16.6719264984, 17.2175960541, 17.7748756409, 18.3437633514, 18.9010429382, 19.458322525, 20.0156002045],
