{
"metadata": {
    "version": {
        "essentia": "2.1-beta5",
        "essentia_git_sha": "Undefined",
        "extractor": "music 2.0"
    },
    "audio_properties": {
        "analysis": {
            "equal_loudness": 0,
            "length": 32.4963264465,
            "sample_rate": 44100,
            "start_time": 126.490699768,
            "downmix": "mix"
        },
        "bit_rate": 192000,
        "length": 195.012786865,
        "lossless": 0,
        "number_channels": 2,
        "replay_gain": 0.0441455841064,
        "sample_rate": 48000,
        "codec": "mp3",
        "md5_encoded": "ff4e4739b3256d2e34b82c83854677fa"
    },
    "tags": {
        "file_name": "Austria_Nobody But You_Cesár Sampson.mp3",
        "encoding": ["Lavf58.29.100"]
    }
},
"lowlevel": {
    "average_loudness": 0.937621772289,
    "barkbands_crest": {
        "max": 23.7996501923,
        "mean": 9.83964729309,
        "min": 2.58328723907,
        "stdev": 3.95862221718
    },
    "barkbands_flatness_db": {
        "max": 0.367523550987,
        "mean": 0.161393642426,
        "min": 0.0433711446822,
        "stdev": 0.0613753832877
    },
    "barkbands_kurtosis": {
        "max": 47.4734954834,
        "mean": 3.09453582764,
        "min": -1.73662471771,
        "stdev": 4.87316608429
    },
    "barkbands_skewness": {
        "max": 5.41112422943,
        "mean": 1.18627285957,
        "min": -1.53373026848,
        "stdev": 0.977902710438
    },
    "barkbands_spread": {
        "max": 95.1131362915,
        "mean": 18.5449409485,
        "min": 1.50271344185,
        "stdev": 11.4258718491
    },
    "dissonance": {
        "max": 0.499506026506,
        "mean": 0.451088756323,
        "min": 0.217492267489,
        "stdev": 0.0400161482394
    },
    "dynamic_complexity": 2.50100231171,
    "erbbands_crest": {
        "max": 30.7414989471,
        "mean": 10.7040052414,
        "min": 2.67972826958,
        "stdev": 5.14493942261
    },
    "erbbands_flatness_db": {
        "max": 0.415493100882,
        "mean": 0.19757463038,
        "min": 0.0587008520961,
        "stdev": 0.0672125518322
    },
    "erbbands_kurtosis": {
        "max": 27.112613678,
        "mean": 2.42357254028,
        "min": -1.63640260696,
        "stdev": 3.98161387444
    },
    "erbbands_skewness": {
        "max": 3.69463992119,
        "mean": 0.892296850681,
        "min": -2.23581671715,
        "stdev": 0.724771380424
    },
    "erbbands_spread": {
        "max": 104.585456848,
        "mean": 26.9567127228,
        "min": 2.98947262764,
        "stdev": 15.6205472946
    },
    "hfc": {
        "max": 165.862457275,
        "mean": 29.5141868591,
        "min": 0.0747288018465,
        "stdev": 18.8703536987
    },
    "loudness_ebu128": {
        "integrated": -22.3438987732,
        "loudness_range": 5.86213684082,
        "momentary": {
            "max": -19.2798938751,
            "mean": -23.3537330627,
            "min": -44.03540802,
            "stdev": 3.80520939827
        },
        "short_term": {
            "max": -20.6001548767,
            "mean": -22.8697147369,
            "min": -30.0358867645,
            "stdev": 2.14537739754
        }
    },
    "melbands_crest": {
        "max": 36.4526863098,
        "mean": 14.2721233368,
        "min": 3.75116252899,
        "stdev": 5.81254434586
    },
    "melbands_flatness_db": {
        "max": 0.432243615389,
        "mean": 0.209537088871,
        "min": 0.031192805618,
        "stdev": 0.0705130323768
    },
    "melbands_kurtosis": {
        "max": 134.102233887,
        "mean": 7.04822301865,
        "min": -1.56554389,
        "stdev": 10.247262001
    },
    "melbands_skewness": {
        "max": 10.5653858185,
        "mean": 1.72607982159,
        "min": -1.77567613125,
        "stdev": 1.3021453619
    },
    "melbands_spread": {
        "max": 127.239524841,
        "mean": 21.5468158722,
        "min": 2.41248679161,
        "stdev": 14.1917791367
    },
    "pitch_salience": {
        "max": 0.881174623966,
        "mean": 0.574730694294,
        "min": 0.166371434927,
        "stdev": 0.121726989746
    },
    "silence_rate_20dB": {
        "max": 1,
        "mean": 1,
        "min": 1,
        "stdev": 0
    },
    "silence_rate_30dB": {
        "max": 1,
        "mean": 0.989293336868,
        "min": 0,
        "stdev": 0.102916605771
    },
    "silence_rate_60dB": {
        "max": 1,
        "mean": 0.042826551944,
        "min": 0,
        "stdev": 0.202465966344
    },
    "spectral_centroid": {
        "max": 3888.30493164,
        "mean": 1198.94714355,
        "min": 289.630187988,
        "stdev": 489.248504639
    },
    "spectral_complexity": {
        "max": 57,
        "mean": 21.1491794586,
        "min": 0,
        "stdev": 10.8330936432
    },
    "spectral_decrease": {
        "max": -2.50350781772e-11,
        "mean": -1.04985975469e-08,
        "min": -4.28531414798e-08,
        "stdev": 7.05136482537e-09
    },
    "spectral_energy": {
        "max": 0.166767939925,
        "mean": 0.0423011370003,
        "min": 0.000101266021375,
        "stdev": 0.0277863629162
    },
    "spectral_energyband_high": {
        "max": 0.0197585485876,
        "mean": 0.00101151096169,
        "min": 2.95166842079e-07,
        "stdev": 0.00149327749386
    },
    "spectral_energyband_low": {
        "max": 0.135598674417,
        "mean": 0.0157091934234,
        "min": 2.45227056439e-06,
        "stdev": 0.0208119172603
    },
    "spectral_energyband_middle_high": {
        "max": 0.0528330802917,
        "mean": 0.010521444492,
        "min": 1.53754608618e-05,
        "stdev": 0.00865226425231
    },
    "spectral_energyband_middle_low": {
        "max": 0.0599864795804,
        "mean": 0.0159971173853,
        "min": 7.30433966964e-05,
        "stdev": 0.0105487601832
    },
    "spectral_entropy": {
        "max": 8.7349023819,
        "mean": 7.49832582474,
        "min": 5.86465978622,
        "stdev": 0.504706144333
    },
    "spectral_flux": {
        "max": 0.346671760082,
        "mean": 0.113020293415,
        "min": 0.00475290510803,
        "stdev": 0.05323991552
    },
    "spectral_kurtosis": {
        "max": 54.3901977539,
        "mean": 5.15986633301,
        "min": -0.872541427612,
        "stdev": 5.02387619019
    },
    "spectral_rms": {
        "max": 0.0127554079518,
        "mean": 0.00600015139207,
        "min": 0.000314318516757,
        "stdev": 0.00229511409998
    },
    "spectral_rolloff": {
        "max": 11477.1972656,
        "mean": 1234.29296875,
        "min": 64.599609375,
        "stdev": 1168.4197998
    },
    "spectral_skewness": {
        "max": 4.90860128403,
        "mean": 1.64386212826,
        "min": 0.353686541319,
        "stdev": 0.533330917358
    },
    "spectral_spread": {
        "max": 21755896,
        "mean": 4152255.25,
        "min": 1278216.75,
        "stdev": 1576831.875
    },
    "spectral_strongpeak": {
        "max": 7.90503692627,
        "mean": 1.24895870686,
        "min": 0.00561773357913,
        "stdev": 1.44374573231
    },
    "zerocrossingrate": {
        "max": 0.35498046875,
        "mean": 0.0541786551476,
        "min": 0.00390625,
        "stdev": 0.0317613221705
    },
    "barkbands": {
        "max": [0.0172547213733, 0.103186763823, 0.0732176378369, 0.0256569571793, 0.0339138917625, 0.0370820909739, 0.0294636785984, 0.041428592056, 0.0566468089819, 0.0435838773847, 0.0278460755944, 0.0338544808328, 0.0187990125269, 0.00817767065018, 0.0117718288675, 0.00539900409058, 0.00536496704444, 0.00318870367482, 0.00368223851547, 0.00368164945394, 0.00467036943883, 0.00376096786931, 0.00425509922206, 0.00576851796359, 0.00349094881676, 0.000615043914877, 1.80125498446e-05],
        "mean": [0.00113942101598, 0.00985466968268, 0.00417952984571, 0.00116929726209, 0.00253542512655, 0.00246030883864, 0.00149050529581, 0.00208451761864, 0.00530444923788, 0.00323441135697, 0.00215153698809, 0.00226155249402, 0.00106953270733, 0.000581913394853, 0.000380599783966, 0.000337222474627, 0.000328695779899, 0.000297184975352, 0.000324257678585, 0.000211574006244, 0.000249498873018, 0.000204753290745, 0.000176182104042, 0.000139999072417, 0.000113058289571, 2.07956545637e-05, 2.56691549794e-07],
        "min": [1.51854848696e-08, 3.24380096117e-07, 2.23674007316e-07, 3.92592511389e-07, 4.04195270676e-06, 8.49097546052e-07, 2.09659719985e-06, 1.69578640907e-06, 1.24051871353e-06, 6.32324315575e-07, 4.62099336573e-07, 5.4651411574e-07, 5.81728841098e-07, 7.08555319306e-07, 1.25207156998e-06, 3.58488165375e-07, 1.4258974943e-06, 1.64556035998e-06, 4.9284119541e-07, 9.00013397143e-09, 4.62689442315e-08, 1.49976986386e-09, 2.13990394848e-10, 1.77196646245e-10, 1.56258672668e-10, 1.42064485176e-10, 1.55370161181e-10],
        "stdev": [0.00252374983393, 0.0144003964961, 0.00779568497092, 0.00186759210192, 0.00309979426675, 0.00386266666465, 0.00228987215087, 0.00333242770284, 0.00690916320309, 0.00526214810088, 0.00371348299086, 0.00354550709017, 0.00173628749326, 0.000882189255208, 0.000655509007629, 0.000551822537091, 0.000492770108394, 0.000362355320249, 0.000381269899663, 0.000310525589157, 0.000359669822501, 0.00031104797381, 0.000302678410662, 0.000315748504363, 0.000248216383625, 5.68039213249e-05, 1.24673158552e-06]
    },
    "erbbands": {
        "max": [5.47174596786, 23.7878570557, 89.4162826538, 58.950050354, 79.441947937, 171.356231689, 320.426513672, 436.439239502, 298.56942749, 563.98059082, 805.817810059, 1542.11169434, 1241.00952148, 1854.68566895, 1135.70996094, 860.430236816, 829.664367676, 473.119689941, 589.298522949, 283.207672119, 346.400909424, 313.518127441, 178.689941406, 140.376708984, 223.602828979, 169.587631226, 162.29826355, 227.564041138, 170.942733765, 121.788879395, 116.738456726, 120.351524353, 83.21459198, 25.429397583, 43.518825531, 4.35947370529, 1.1389529705, 0.128100305796, 0.00339416996576, 0.000286423251964],
        "mean": [0.326037168503, 1.98587942123, 5.39273452759, 3.91851663589, 5.81941556931, 8.88510131836, 14.2638931274, 21.3522338867, 19.0824661255, 30.8123493195, 57.5867347717, 122.710319519, 108.429168701, 110.894805908, 89.8053436279, 85.3718414307, 53.2196998596, 36.3224105835, 24.9277610779, 14.9168787003, 21.834312439, 18.1534938812, 14.9625034332, 16.7100505829, 15.6067447662, 9.88774013519, 9.4412984848, 10.313410759, 7.78902673721, 5.57591342926, 5.09134531021, 3.3862080574, 1.98032188416, 1.02476835251, 0.962672472, 0.192956715822, 0.0286438856274, 0.00371661642566, 0.000112602501758, 5.51839839318e-05],
        "min": [7.00801183484e-06, 8.53350502439e-05, 0.000307319394778, 0.00169731641654, 0.00352874374948, 0.0149260247126, 0.0293921399862, 0.0313762947917, 0.0755282491446, 0.137845635414, 0.0527186989784, 0.0337596870959, 0.0298760067672, 0.0248877238482, 0.0255042668432, 0.0220605358481, 0.0293610375375, 0.0345341265202, 0.0681893453002, 0.0658611357212, 0.105662085116, 0.0827035084367, 0.103823669255, 0.0444706864655, 0.0184106640518, 0.00102451699786, 0.000985881662928, 0.00337584642693, 0.00025635692873, 3.00683823298e-05, 1.01572186395e-05, 5.77444143346e-06, 4.4558960326e-06, 4.08283995057e-06, 2.72204670182e-06, 1.59753108164e-06, 5.43322528301e-07, 1.45907534943e-07, 9.30385937181e-08, 1.23236148397e-07],
        "stdev": [0.646481513977, 3.0212161541, 9.66470050812, 6.15572977066, 7.21518087387, 13.1799888611, 27.6579685211, 35.9791183472, 26.8982181549, 53.1108779907, 80.3440246582, 177.43347168, 147.009857178, 183.804641724, 131.24949646, 116.14705658, 80.2966308594, 50.4997444153, 36.9502944946, 21.6180362701, 35.2240791321, 25.2171287537, 17.4426631927, 18.46210289, 20.796831131, 14.3031787872, 13.8813266754, 15.6158914566, 12.6273756027, 8.34620475769, 8.92782592773, 7.49107170105, 4.59571170807, 2.26533460617, 2.32149767876, 0.451641142368, 0.0885927602649, 0.0124739482999, 0.000297731196042, 3.79500743293e-05]
    },
    "gfcc": {
        "mean": [3.97688031197, 114.795684814, -140.862884521, 24.8150653839, -72.6371459961, 18.9999046326, -25.1410636902, 8.46617126465, -19.0656871796, -5.65512514114, -11.1218214035, -3.26944971085, -5.84079408646],
        "cov": [[7268.36425781, -2329.3840332, 1150.83032227, 603.146911621, -136.527984619, 1718.76928711, 191.103973389, 1120.39916992, -497.60369873, 563.602844238, -264.111877441, 214.256607056, -144.720031738], [-2329.3840332, 2070.87548828, -538.659973145, -130.692718506, 290.081542969, -813.175109863, 202.011428833, -572.868530273, 368.561462402, -384.914459229, 197.746963501, -153.397796631, 99.6415863037], [1150.83032227, -538.659973145, 880.204101562, 259.968444824, 118.600135803, 383.725585938, -108.855010986, 351.101531982, -134.30116272, 197.183364868, -143.306365967, 137.372024536, -70.6431655884], [603.146911621, -130.692718506, 259.968444824, 392.342681885, 77.0768356323, 179.480743408, -43.4766731262, 118.896026611, 10.078338623, 71.8304290771, 7.80423498154, -30.6520614624, 24.3985347748], [-136.527984619, 290.081542969, 118.600135803, 77.0768356323, 322.518829346, -9.05515384674, 88.4578018188, 21.3732299805, 60.5645599365, 24.2467346191, -35.9444236755, 46.9125671387, -12.9013166428], [1718.76928711, -813.175109863, 383.725585938, 179.480743408, -9.05515384674, 742.753723145, 173.424331665, 431.544464111, -177.618041992, 177.869491577, -50.5535926819, 82.8157424927, -8.38287258148], [191.103973389, 202.011428833, -108.855010986, -43.4766731262, 88.4578018188, 173.424331665, 513.657348633, 60.5062599182, 14.6499605179, -39.0275764465, 34.9456977844, 43.9924125671, 14.0321416855], [1120.39916992, -572.868530273, 351.101531982, 118.896026611, 21.3732299805, 431.544464111, 60.5062599182, 397.125, -103.887313843, 166.43157959, -62.6985397339, 82.4356994629, -15.3997116089], [-497.60369873, 368.561462402, -134.30116272, 10.078338623, 60.5645599365, -177.618041992, 14.6499605179, -103.887313843, 196.784957886, -39.6872444153, 71.107673645, -21.3919887543, 41.7383232117], [563.602844238, -384.914459229, 197.183364868, 71.8304290771, 24.2467346191, 177.869491577, -39.0275764465, 166.43157959, -39.6872444153, 177.140533447, -35.8726272583, 62.1421928406, -16.64112854], [-264.111877441, 197.746963501, -143.306365967, 7.80423498154, -35.9444236755, -50.5535926819, 34.9456977844, -62.6985397339, 71.107673645, -35.8726272583, 133.343078613, -26.4138526917, 52.6366844177], [214.256607056, -153.397796631, 137.372024536, -30.6520614624, 46.9125671387, 82.8157424927, 43.9924125671, 82.4356994629, -21.3919887543, 62.1421928406, -26.4138526917, 134.616455078, -3.43894600868], [-144.720031738, 99.6415863037, -70.6431655884, 24.3985347748, -12.9013166428, -8.38287258148, 14.0321416855, -15.3997116089, 41.7383232117, -16.64112854, 52.6366844177, -3.43894600868, 103.88105011]],
        "icov": [[0.000385978084523, -0.000142189761391, 0.000132746892632, -0.000419851916377, 0.000464477023343, -0.000739080132917, 4.26693295594e-05, -0.000169053892023, 5.14422499691e-05, -0.000394948379835, 0.000511372811161, -0.000322018546285, 0.000476496526971], [-0.000142189761391, 0.00326645560563, -0.00122541212477, 0.0009162328206, -0.00311961397529, 0.00267226155847, -0.00152876053471, 0.000595611636527, -0.00117218249943, 0.00347535312176, -0.00291418004781, 0.002580688335, -0.00166700058617], [0.000132746892632, -0.00122541212477, 0.00371957290918, -0.00223950529471, 0.000762408191804, -0.00133985141292, 0.00155791605357, -0.00172746961471, 0.000916325196158, -0.000922562438063, 0.0023902002722, -0.00371221755631, 0.00208585034125], [-0.000419851916377, 0.0009162328206, -0.00223950529471, 0.00567244086415, -0.00239472603425, 0.000174863234861, -6.47768465569e-05, 0.000876574136782, -0.00127594301011, 0.000178748843609, -0.00242187432013, 0.00467522023246, -0.00254035391845], [0.000464477023343, -0.00311961397529, 0.000762408191804, -0.00239472603425, 0.0080054057762, -0.00245657656342, 0.000169586579432, -0.0004314398102, -0.000844912021421, -0.00384454731829, 0.00516575016081, -0.00397167215124, 0.0024040362332], [-0.000739080132917, 0.00267226155847, -0.00133985141292, 0.000174863234861, -0.00245657656342, 0.00852188188583, -0.00285013648681, -0.00341996387579, 0.00179255392868, 0.00238960701972, -0.00397001858801, 0.00260597583838, -0.00252400245517], [4.26693295594e-05, -0.00152876053471, 0.00155791605357, -6.47768465569e-05, 0.000169586579432, -0.00285013648681, 0.00403991760686, -0.000656491378322, 2.76389437204e-05, 0.000374403578462, 0.000643167004455, -0.00264532724395, 0.0013839143794], [-0.000169053892023, 0.000595611636527, -0.00172746961471, 0.000876574136782, -0.0004314398102, -0.00341996387579, -0.000656491378322, 0.00986968912184, -0.000929725239985, -0.00295773241669, 0.000642183586024, 0.000643740000669, -0.00136955303606], [5.14422499691e-05, -0.00117218249943, 0.000916325196158, -0.00127594301011, -0.000844912021421, 0.00179255392868, 2.76389437204e-05, -0.000929725239985, 0.0102182552218, -0.00209370045923, -0.00289216451347, -0.000893673626706, -0.000988117535599], [-0.000394948379835, 0.00347535312176, -0.000922562438063, 0.000178748843609, -0.00384454731829, 0.00238960701972, 0.000374403578462, -0.00295773241669, -0.00209370045923, 0.0155953820795, -0.00332200503908, -0.00106283894274, -0.00033917487599], [0.000511372811161, -0.00291418004781, 0.0023902002722, -0.00242187432013, 0.00516575016081, -0.00397001858801, 0.000643167004455, 0.000642183586024, -0.00289216451347, -0.00332200503908, 0.0163209028542, -0.00285372883081, -0.00170300237369], [-0.000322018546285, 0.002580688335, -0.00371221755631, 0.00467522023246, -0.00397167215124, 0.00260597583838, -0.00264532724395, 0.000643740000669, -0.000893673626706, -0.00106283894274, -0.00285372883081, 0.0156664885581, -0.00422327592969], [0.000476496526971, -0.00166700058617, 0.00208585034125, -0.00254035391845, 0.0024040362332, -0.00252400245517, 0.0013839143794, -0.00136955303606, -0.000988117535599, -0.00033917487599, -0.00170300237369, -0.00422327592969, 0.0146750044078]]
    },
    "melbands": {
        "max": [0.0372974053025, 0.037194147706, 0.00964503828436, 0.0069891330786, 0.00892725680023, 0.00873998273164, 0.00548551278189, 0.00690944166854, 0.0079478668049, 0.00909632910043, 0.00636976025999, 0.00761897861958, 0.00414842180908, 0.00402288511395, 0.00155213335529, 0.00254579633474, 0.000806924828794, 0.000767384131905, 0.000801117101219, 0.000267547788098, 0.000402175443014, 0.000398642761866, 0.000223004055442, 0.000168905346072, 0.00013560190564, 0.00018789267051, 0.000104277605715, 0.000121869023133, 0.000108321117295, 7.91338461568e-05, 0.000170568906469, 0.000107094623672, 6.23328160145e-05, 7.02931793057e-05, 8.192860696e-05, 7.10813474143e-05, 8.39987915242e-05, 6.8058972829e-05, 4.24887439294e-05, 1.95955690288e-05],
        "mean": [0.00275785033591, 0.00269272131845, 0.000751757528633, 0.000523933849763, 0.000481409282656, 0.000468626618385, 0.000301857799059, 0.000348335277522, 0.000506753101945, 0.000801340676844, 0.000527587486431, 0.000446739286417, 0.000300210347632, 0.00027467374457, 0.000145747530041, 0.000106797517219, 6.04450251558e-05, 4.04631755373e-05, 2.36756750382e-05, 1.88171052287e-05, 2.69435604423e-05, 1.98336729227e-05, 1.35928585223e-05, 1.41464752232e-05, 1.33146686494e-05, 1.27584262373e-05, 8.63114564709e-06, 6.03576199865e-06, 5.95132496528e-06, 5.45378452443e-06, 6.23191544946e-06, 4.53836992165e-06, 3.48646790371e-06, 3.01370278066e-06, 3.16411524182e-06, 2.38045208789e-06, 1.9336148398e-06, 1.46714910443e-06, 1.06575407699e-06, 7.65546076309e-07],
        "min": [8.30038260347e-08, 2.40777296767e-07, 2.75943676797e-07, 7.21516698832e-07, 1.03795923678e-06, 4.78285528516e-07, 9.76059141067e-07, 1.03260356354e-06, 3.36456452033e-07, 2.04621926514e-07, 1.29136154214e-07, 9.09204942445e-08, 7.23212849607e-08, 7.76746134079e-08, 5.48313465742e-08, 6.82505856275e-08, 5.79147325652e-08, 1.21277196286e-07, 8.16221827904e-08, 4.41265299855e-08, 1.35380616939e-07, 7.33568228384e-08, 3.993932296e-08, 9.10151385369e-08, 2.80865144475e-08, 1.51785606306e-08, 7.83269726856e-10, 9.73575040031e-11, 2.79524764446e-10, 1.18483589606e-09, 1.68684655133e-09, 3.55745363723e-11, 6.34322585777e-12, 2.48855016455e-12, 3.39174326645e-12, 1.75984834344e-12, 1.01385902711e-12, 2.10875999822e-12, 1.41707717609e-12, 1.19273026785e-12],
        "stdev": [0.0044980510138, 0.00437372177839, 0.00101792672649, 0.000639468373265, 0.000826726783998, 0.000749296974391, 0.000428529805504, 0.000587495509535, 0.000693405978382, 0.00112479622476, 0.000750796403736, 0.000788437551819, 0.000475228269352, 0.000447596219601, 0.000204596522963, 0.000193416679394, 9.25729982555e-05, 6.06940266152e-05, 4.2459629185e-05, 2.91153191938e-05, 4.47876118415e-05, 3.13335585815e-05, 1.84455220733e-05, 1.76042321982e-05, 1.57722788572e-05, 1.7099579054e-05, 1.26220693346e-05, 9.44934708969e-06, 9.75150305749e-06, 7.35657522455e-06, 1.04304644992e-05, 7.85708198237e-06, 5.32132571607e-06, 4.70440591016e-06, 5.53433756068e-06, 5.10106610818e-06, 4.57854275737e-06, 3.48893013324e-06, 2.56764883488e-06, 1.70386931586e-06]
    },
    "melbands128": {
        "max": [0.0163517985493, 0.0530989170074, 0.0437911897898, 0.0521051958203, 0.0540169626474, 0.0315196663141, 0.0137455239892, 0.0140851857141, 0.0101008648053, 0.00898461136967, 0.0121342958882, 0.00864038616419, 0.0147586092353, 0.0119923278689, 0.0137889832258, 0.0123396534473, 0.00374566321261, 0.00835082866251, 0.00998935755342, 0.010327831842, 0.0149737885222, 0.0121948029846, 0.0120801702142, 0.0174364037812, 0.01907620579, 0.0131288776174, 0.013156904839, 0.0120795583352, 0.0150282895193, 0.0144591070712, 0.0129727153108, 0.00817293766886, 0.00818402506411, 0.00855716411024, 0.011159020476, 0.00556573830545, 0.00389274442568, 0.00332520273514, 0.00206568092108, 0.00440230453387, 0.00416553812101, 0.0023719673045, 0.00131694413722, 0.00142880924977, 0.00130589900073, 0.00108814111445, 0.00295132212341, 0.00190206628758, 0.000503484683577, 0.000709871063009, 0.00028157417546, 0.000595697783865, 0.000979064265266, 0.00047965181875, 0.000692301895469, 0.00077789084753, 0.000385499937693, 0.000273749377811, 0.00044891575817, 0.000336946977768, 0.00022236557561, 0.000383111473639, 0.000285126123345, 0.00027674229932, 0.000319654878695, 0.00021477889095, 0.000268130999757, 0.000124358950416, 0.000184339034604, 0.000102438294562, 9.97905153781e-05, 0.000170253842953, 0.000119041818834, 0.000173874621396, 0.000104540980828, 7.85502925282e-05, 8.91178133315e-05, 0.000127190622152, 0.000271006836556, 0.00013122188102, 0.000121258337458, 0.000111875051516, 0.000133635985549, 7.27520528017e-05, 4.37129056081e-05, 9.55315917963e-05, 7.14352572686e-05, 7.46598598198e-05, 0.000127624763991, 5.54452599317e-05, 7.51542538637e-05, 9.61939294939e-05, 4.86242352054e-05, 4.90527418151e-05, 0.000164455748745, 8.58713901835e-05, 4.33546483691e-05, 3.74888149963e-05, 5.53009485884e-05, 3.89269480365e-05, 2.55763152381e-05, 2.11760743696e-05, 2.25717431022e-05, 9.54092101892e-05, 8.78428327269e-05, 5.44072390767e-05, 1.87926270883e-05, 7.82797360444e-06, 6.72484475217e-06, 4.70140503239e-06, 5.25826681042e-06, 6.5468966568e-06, 4.11952805734e-06, 2.09659356187e-06, 4.27550094173e-06, 2.33474906963e-06, 5.65084405935e-07, 1.42919802215e-07, 1.02285461878e-07, 5.28758796747e-08, 4.8785768314e-08, 3.77404560936e-08, 1.38067530742e-08, 8.51414139191e-09, 8.37736457981e-09, 8.2555446923e-09, 8.19747825176e-09, 8.15123613052e-09],
        "mean": [0.00107568316162, 0.00295567349531, 0.00282409810461, 0.00356923718937, 0.00331741431728, 0.00168841623235, 0.000735091278329, 0.00057616858976, 0.00059476523893, 0.000519850174896, 0.000496127351653, 0.000445475627203, 0.00050376605941, 0.000481303373817, 0.000521544541698, 0.000468902580906, 0.000276281207334, 0.000275196041912, 0.000304170767777, 0.000375357427401, 0.000314311182592, 0.000426631799201, 0.000522519403603, 0.000541195564438, 0.000916624325328, 0.00082774402108, 0.000755781424232, 0.000448025704827, 0.000368055363651, 0.000531194440555, 0.000463109579869, 0.000319967541145, 0.000311516254442, 0.000232905600569, 0.000324639753671, 0.000282482651528, 0.000219210443902, 0.000130070300656, 0.000105457540485, 0.000125672158902, 0.000102072670416, 9.31703689275e-05, 6.10991992289e-05, 4.66006786155e-05, 3.62384816981e-05, 4.17489281972e-05, 4.48939827038e-05, 1.99934966076e-05, 1.62502437888e-05, 2.07263219636e-05, 1.46927959577e-05, 2.02511637326e-05, 3.48128778569e-05, 2.36574014707e-05, 2.49081422226e-05, 2.01565326279e-05, 1.55533707584e-05, 1.37645265568e-05, 1.38620671351e-05, 1.11573490358e-05, 1.40857828228e-05, 1.65895162354e-05, 1.39075027619e-05, 1.17399567898e-05, 1.33500034281e-05, 1.31174811031e-05, 1.2781301848e-05, 1.01196756077e-05, 7.597937838e-06, 6.5423050728e-06, 6.2582244027e-06, 5.18771821589e-06, 6.35178503217e-06, 6.17980640527e-06, 5.59373529541e-06, 5.04647778143e-06, 5.49609740119e-06, 6.20282435193e-06, 7.03087926013e-06, 5.53378822588e-06, 4.43271846962e-06, 4.25518783231e-06, 4.22962511948e-06, 3.4288864299e-06, 2.86561976282e-06, 2.79527603197e-06, 2.89656554742e-06, 3.77305741495e-06, 3.35512754646e-06, 2.64183040599e-06, 2.39537371272e-06, 2.43692397817e-06, 2.17687056647e-06, 1.88360161246e-06, 1.885032475e-06, 1.55049337991e-06, 1.41565999456e-06, 1.22661333535e-06, 1.16720946153e-06, 9.10118274078e-07, 8.2750045749e-07, 7.7323613823e-07, 6.55258247662e-07, 6.44397118776e-07, 1.28546366795e-06, 1.91289086615e-06, 5.93207346355e-07, 3.15279180541e-07, 2.36826323885e-07, 1.44477837694e-07, 1.22435096728e-07, 1.00021608773e-07, 7.57567946152e-08, 5.17188034621e-08, 6.17108639744e-08, 5.36254418648e-08, 9.85803172426e-09, 7.36846361704e-10, 4.74692229968e-10, 2.7378666001e-10, 2.97491892232e-10, 1.83074500004e-10, 6.58046672708e-11, 1.93077377003e-11, 1.83586670172e-11, 1.7709510941e-11, 1.73479598742e-11, 1.7221791701e-11],
        "min": [1.03132287432e-10, 1.07690754092e-08, 3.66943631036e-09, 1.16962809216e-07, 2.09680308672e-08, 1.01457011681e-07, 1.9913812821e-07, 1.58761849889e-07, 2.5573413609e-07, 2.18454601963e-07, 3.34698540883e-07, 6.4630023644e-07, 2.96248373388e-07, 7.81716522624e-08, 2.07718613865e-07, 6.7603842524e-08, 4.30247297345e-07, 1.76712163125e-07, 2.30440917903e-07, 1.99225794972e-07, 1.22604646435e-07, 1.29350141265e-07, 6.0925806622e-08, 2.05369943274e-08, 1.29222058831e-07, 1.99539201162e-07, 1.07680790506e-07, 3.13683585773e-08, 4.15856504787e-08, 9.96411273491e-08, 6.54043148529e-08, 1.26638193265e-08, 1.64289719606e-08, 3.68158268316e-08, 8.35057178961e-08, 2.84740941936e-08, 1.76924146444e-08, 1.92946405519e-08, 6.59199557163e-08, 5.7919152141e-08, 2.75067701949e-08, 2.92539361624e-08, 1.42440059747e-08, 5.17967677638e-08, 5.14730835732e-08, 9.76166703026e-08, 3.84295013589e-08, 3.11703978184e-08, 1.89115745286e-08, 4.77589310321e-08, 1.48391796628e-08, 1.79361734354e-08, 2.20278071339e-08, 8.89526745596e-08, 3.43048434104e-08, 2.56054182302e-08, 1.8844950489e-08, 3.05190859251e-08, 3.2816206641e-08, 2.45702320711e-08, 7.36627825404e-08, 4.9184219364e-08, 2.24566107931e-08, 1.47101557602e-08, 7.56260387647e-09, 8.68725535952e-09, 1.4804234505e-09, 1.29889154987e-09, 4.01580768639e-10, 7.50121770254e-11, 9.91035101205e-11, 1.01438281386e-10, 1.13214763953e-10, 1.68938085743e-10, 5.38711186771e-10, 9.8208718935e-10, 1.46279133251e-09, 7.78007713809e-10, 1.8635766541e-10, 6.76654843268e-11, 4.22831873681e-11, 1.22506102485e-11, 9.2474829877e-12, 2.07301363575e-12, 2.67419528362e-12, 2.30961994321e-12, 2.38129654884e-12, 1.94574955106e-12, 3.39904515125e-12, 1.53781880893e-12, 1.5340909966e-12, 6.28868105593e-13, 1.13746219475e-12, 8.6422329796e-13, 8.66238125067e-13, 1.1313585702e-12, 1.19992731029e-12, 6.13499648219e-13, 1.11485766365e-12, 7.11448640885e-13, 1.00478317073e-12, 9.20341060306e-13, 6.65875557818e-13, 8.06072006018e-13, 6.79978697047e-13, 6.60062282609e-13, 6.72725655564e-13, 6.47073757423e-13, 5.14367194671e-13, 5.41817079484e-13, 5.78835048469e-13, 5.32124312062e-13, 6.09628070681e-13, 5.87455431522e-13, 4.91255690641e-13, 5.52430714021e-13, 4.23081844081e-13, 4.22106875278e-13, 4.66733693794e-13, 4.12078574388e-13, 4.43806937814e-13, 4.46932801098e-13, 5.45504884753e-13, 4.93328630984e-13, 3.37994118371e-13, 1.38126299678e-13, 1.98381994154e-14, 4.13430587626e-16],
        "stdev": [0.00241091055796, 0.00664322217926, 0.00491744093597, 0.00589149910957, 0.00603716820478, 0.0031528682448, 0.00132389494684, 0.000923405168578, 0.000865002919454, 0.000840685446747, 0.000898663769476, 0.000879405706655, 0.00125892786309, 0.00104717246722, 0.00111602479592, 0.000863047491293, 0.000433531356975, 0.000651814218145, 0.000596671481617, 0.000888717826456, 0.000767168705352, 0.000854039331898, 0.00100081728306, 0.0010578930378, 0.00193790975027, 0.00147316057701, 0.00155982607976, 0.000931690214202, 0.000919054553378, 0.00130184553564, 0.0010473447619, 0.000746189907659, 0.000761061441153, 0.000538979307748, 0.000928567780647, 0.000525867915712, 0.000450979947345, 0.00028161337832, 0.000204102208954, 0.000324000488035, 0.000294513156405, 0.000190309394384, 0.000120251861517, 0.000114258058602, 7.81362687121e-05, 8.33271551528e-05, 0.00011732873827, 6.33906165604e-05, 3.27464877046e-05, 4.30900836363e-05, 2.77840972558e-05, 4.1261788283e-05, 7.95273954282e-05, 4.50520310551e-05, 5.26314142917e-05, 4.45118566859e-05, 2.88737955998e-05, 2.45342071139e-05, 2.602162931e-05, 1.96677610802e-05, 2.14018782572e-05, 2.92182958219e-05, 2.28241424338e-05, 1.92943534785e-05, 2.17036249524e-05, 2.16090265894e-05, 2.47540956479e-05, 1.66223871929e-05, 1.42346580105e-05, 1.12759171316e-05, 1.11614072011e-05, 1.05921026261e-05, 1.21450111692e-05, 1.22803376144e-05, 9.56723488343e-06, 7.6646965681e-06, 8.48611489346e-06, 1.00766183095e-05, 1.48750677909e-05, 9.23945026443e-06, 8.75482692209e-06, 8.6877398644e-06, 7.84355961514e-06, 5.59316640647e-06, 4.36178106611e-06, 4.88425803269e-06, 5.31697151018e-06, 6.20884748059e-06, 6.93371111993e-06, 4.98564531881e-06, 5.21815627508e-06, 6.06294952377e-06, 4.9012587624e-06, 4.51649066235e-06, 5.99330860496e-06, 3.926897989e-06, 3.36941866408e-06, 3.05158596348e-06, 3.01229783872e-06, 2.33661603488e-06, 1.91791855286e-06, 1.74152592081e-06, 1.54176325395e-06, 2.97249312098e-06, 3.55257589035e-06, 4.85429018227e-06, 1.47640275827e-06, 7.85017562066e-07, 6.15087344613e-07, 4.32957705243e-07, 4.01885472456e-07, 3.93622627826e-07, 2.60120231133e-07, 1.77888850317e-07, 2.35329054021e-07, 1.97369843136e-07, 4.37352056792e-08, 5.64617286258e-09, 4.76836969909e-09, 2.57683541172e-09, 2.8489348658e-09, 1.95947746917e-09, 7.44413031217e-10, 2.91088458892e-10, 2.85891144092e-10, 2.82104895e-10, 2.79987616425e-10, 2.78450762448e-10]
    },
    "mfcc": {
        "mean": [-628.249084473, 137.194229126, -10.8016395569, 10.5857810974, -16.5987110138, 6.15454912186, -0.509536147118, 12.0914583206, 0.55054461956, -1.87684488297, 4.36353778839, -1.22194182873, -3.49391341209],
        "cov": [[6823.56152344, -2200.515625, 1056.79736328, -411.247955322, 174.903991699, 435.25579834, 897.226074219, 495.554718018, 296.671173096, 620.170959473, -25.8810596466, 232.194915771, 112.87714386], [-2200.515625, 1888.31555176, -663.050964355, 372.223114014, -158.463500977, -68.1354064941, -349.59173584, -58.6191635132, -69.0924530029, -312.186859131, 106.542541504, -134.966995239, 11.9681806564], [1056.79736328, -663.050964355, 741.286132812, -39.4674720764, 266.14050293, 34.8654594421, 182.075592041, 82.1653213501, 61.6092453003, 159.477340698, -59.5855140686, 70.2493057251, 44.6319961548], [-411.247955322, 372.223114014, -39.4674720764, 342.685821533, 99.145324707, 26.6189785004, -90.9303894043, -35.4819374084, 3.25455737114, 3.13016366959, -10.8600540161, -15.2968873978, 30.5515289307], [174.903991699, -158.463500977, 266.14050293, 99.145324707, 429.902648926, -18.5066337585, -47.7917900085, -60.1596755981, 36.2982902527, 43.7993659973, 3.44875407219, 26.3320541382, 12.1352996826], [435.25579834, -68.1354064941, 34.8654594421, 26.6189785004, -18.5066337585, 212.593231201, 156.620010376, 141.587265015, 65.3368835449, 76.6428985596, 12.0161323547, 22.8670215607, 37.7355270386], [897.226074219, -349.59173584, 182.075592041, -90.9303894043, -47.7917900085, 156.620010376, 416.296966553, 214.26914978, 124.129653931, 125.300201416, 24.7801246643, 52.7768821716, 52.0890960693], [495.554718018, -58.6191635132, 82.1653213501, -35.4819374084, -60.1596755981, 141.587265015, 214.26914978, 269.144805908, 96.8249893188, 78.2677307129, 33.3482017517, 34.7424736023, 37.7078323364], [296.671173096, -69.0924530029, 61.6092453003, 3.25455737114, 36.2982902527, 65.3368835449, 124.129653931, 96.8249893188, 152.68649292, 39.9279060364, 41.9474983215, 20.3287620544, 42.0447387695], [620.170959473, -312.186859131, 159.477340698, 3.13016366959, 43.7993659973, 76.6428985596, 125.300201416, 78.2677307129, 39.9279060364, 210.418655396, -16.5182495117, 47.7343025208, 12.4695510864], [-25.8810596466, 106.542541504, -59.5855140686, -10.8600540161, 3.44875407219, 12.0161323547, 24.7801246643, 33.3482017517, 41.9474983215, -16.5182495117, 121.283416748, 9.30018806458, 14.694106102], [232.194915771, -134.966995239, 70.2493057251, -15.2968873978, 26.3320541382, 22.8670215607, 52.7768821716, 34.7424736023, 20.3287620544, 47.7343025208, 9.30018806458, 82.1104049683, 19.8042545319], [112.87714386, 11.9681806564, 44.6319961548, 30.5515289307, 12.1352996826, 37.7355270386, 52.0890960693, 37.7078323364, 42.0447387695, 12.4695510864, 14.694106102, 19.8042545319, 98.9903259277]],
        "icov": [[0.000315677694743, 0.000224728035391, -0.000124100988614, 9.31513786782e-05, -1.90454343851e-07, -0.000244745024247, -0.000159156508744, -0.00010936614126, -3.65635278285e-05, -0.00028198043583, -0.000113854155643, 2.16126554733e-05, -7.75713851908e-05], [0.000224728035391, 0.00177109451033, 0.000684424769133, -0.00161805353127, 0.000195129177882, 0.000228178803809, 0.000497535569593, -0.00134193815757, 0.000416947790654, 0.00120051705744, -0.0010703158332, 0.000951494846959, -0.000500921159983], [-0.000124100988614, 0.000684424769133, 0.00317323207855, -0.000265988375759, -0.00181214674376, 0.0011693717679, -0.000644760322757, -0.00128870364279, 0.000538782391232, -0.000144018878927, 0.00125435472, -4.71259090773e-06, -0.00107926304918], [9.31513786782e-05, -0.00161805353127, -0.000265988375759, 0.00571388797835, -0.00130945222918, -0.00163587299176, 0.00050655490486, 0.00133074296173, -0.000733383407351, -0.00211517605931, 0.00167190271895, -0.000136142625706, -0.00118648889475], [-1.90454343851e-07, 0.000195129177882, -0.00181214674376, -0.00130945222918, 0.00427659368142, -0.00035478619975, 0.00110407930333, 0.0013804162154, -0.00152474292554, 2.45449136855e-05, -0.00137619068846, -0.00058043882018, 0.000666907173581], [-0.000244745024247, 0.000228178803809, 0.0011693717679, -0.00163587299176, -0.00035478619975, 0.00911315530539, -0.00156694813631, -0.00345959980041, 0.000143333949381, -0.000860194966663, 0.000492226390634, 0.000503491261043, -0.00118528155144], [-0.000159156508744, 0.000497535569593, -0.000644760322757, 0.00050655490486, 0.00110407930333, -0.00156694813631, 0.00630848808214, -0.00223015225492, -0.00202546874061, -0.000495225889608, -0.000566381204408, -8.58032290125e-05, -0.000728447164875], [-0.00010936614126, -0.00134193815757, -0.00128870364279, 0.00133074296173, 0.0013804162154, -0.00345959980041, -0.00223015225492, 0.00950053054839, -0.00252425903454, -0.00123183813412, -0.000489105761517, -0.00139372900594, 0.000740152492654], [-3.65635278285e-05, 0.000416947790654, 0.000538782391232, -0.000733383407351, -0.00152474292554, 0.000143333949381, -0.00202546874061, -0.00252425903454, 0.0113903470337, 0.000304913206492, -0.00270101078786, 0.00092824595049, -0.00252671982162], [-0.00028198043583, 0.00120051705744, -0.000144018878927, -0.00211517605931, 2.45449136855e-05, -0.000860194966663, -0.000495225889608, -0.00123183813412, 0.000304913206492, 0.00891628488898, 0.000282577151665, -0.00197281967849, 0.0010489373235], [-0.000113854155643, -0.0010703158332, 0.00125435472, 0.00167190271895, -0.00137619068846, 0.000492226390634, -0.000566381204408, -0.000489105761517, -0.00270101078786, 0.000282577151665, 0.0113567393273, -0.00197646813467, -0.000535666185897], [2.16126554733e-05, 0.000951494846959, -4.71259090773e-06, -0.000136142625706, -0.00058043882018, 0.000503491261043, -8.58032290125e-05, -0.00139372900594, 0.00092824595049, -0.00197281967849, -0.00197646813467, 0.0161488540471, -0.00272340350784], [-7.75713851908e-05, -0.000500921159983, -0.00107926304918, -0.00118648889475, 0.000666907173581, -0.00118528155144, -0.000728447164875, 0.000740152492654, -0.00252671982162, 0.0010489373235, -0.000535666185897, -0.00272340350784, 0.0131406802684]]
    },
    "spectral_contrast_coeffs": {
        "max": [-0.40060043335, -0.469990253448, -0.504809379578, -0.57719373703, -0.555487692356, -0.465791225433],
        "mean": [-0.694688260555, -0.742735207081, -0.736695230007, -0.793021142483, -0.786536753178, -0.719478309155],
        "min": [-0.89810025692, -0.934849202633, -0.899238348007, -0.898956596851, -0.884374976158, -0.952509045601],
        "stdev": [0.0911432504654, 0.0748042464256, 0.0744942426682, 0.0500041171908, 0.0434544570744, 0.0627486258745]
    },
    "spectral_contrast_valleys": {
        "max": [-4.75907707214, -4.62983751297, -5.21692419052, -5.69155311584, -5.63578748703, -7.65655851364],
        "mean": [-6.8379573822, -6.2573595047, -6.67084121704, -7.37618684769, -7.55184078217, -10.6076583862],
        "min": [-9.75975513458, -9.11441707611, -9.88715267181, -9.95911216736, -11.4858198166, -15.8139972687],
        "stdev": [1.04252076149, 0.691479325294, 0.849772632122, 0.648256421089, 0.91816431284, 1.73048353195]
    }
},
"rhythm": {
    "beats_count": 45,
    "beats_loudness": {
        "max": 0.132244303823,
        "mean": 0.0655511617661,
        "min": 0.000475421693409,
        "stdev": 0.0265534482896
    },
    "bpm": 84.3967285156,
    "bpm_histogram_first_peak_bpm": 85,
    "bpm_histogram_first_peak_weight": 0.105263113976,
    "bpm_histogram_second_peak_bpm": 80,
    "bpm_histogram_second_peak_spread": 0.199999988079,
    "bpm_histogram_second_peak_weight": 0.0909090936184,
    "danceability": 0.996587395668,
    "onset_rate": 2.70703101158,
    "beats_loudness_band_ratio": {
        "max": [0.780470788479, 0.73568469286, 0.789860248566, 0.312407404184, 0.187157317996, 0.108005322516],
        "mean": [0.479637414217, 0.130064472556, 0.226802036166, 0.117375776172, 0.0388856902719, 0.0347202569246],
        "min": [0.027504965663, 0.0131698418409, 0.0301306527108, 0.0025314965751, 0.00393767980859, 0.000794813036919],
        "stdev": [0.236075460911, 0.168772101402, 0.182484015822, 0.0810230821371, 0.0384517461061, 0.0245903544128]
    },
    "beats_position": [0.626938760281, 1.27709746361, 1.97369611263, 2.68190479279, 3.39011335373, 4.08671188354, 4.79492044449, 5.50312900543, 6.21133756638, 6.91954612732, 7.6277551651, 8.33596324921, 9.03256225586, 9.74077033997, 10.4489793777, 11.1571884155, 11.8653964996, 12.5736055374, 13.2818136215, 13.9784126282, 14.6866207123, 15.3948297501, 16.1030387878, 16.7996368408, 17.5078449249, 18.2044448853, 18.9126529694, 19.6208610535, 20.3290691376, 21.037279129, 21.7454872131, 22.4536952972, 23.1502952576, 23.8701133728, 24.589931488, 25.3097496033, 26.0295696259, 26.73777771, 27.4343757629, 28.1309738159, 28.897233963, 29.6518821716, 30.4065303802, 31.1611785889, 31.9158267975],
