{
"metadata": {
    "version": {
        "essentia": "2.1-beta5",
        "essentia_git_sha": "Undefined",
        "extractor": "music 2.0"
    },
    "audio_properties": {
        "analysis": {
            "equal_loudness": 0,
            "length": 48.7502937317,
            "sample_rate": 44100,
            "start_time": 12.7477550507,
            "downmix": "mix"
        },
        "bit_rate": 192000,
        "length": 199.529083252,
        "lossless": 0,
        "number_channels": 2,
        "replay_gain": 2.90755271912,
        "sample_rate": 48000,
        "codec": "mp3",
        "md5_encoded": "25e1316864008852431f9b598244863b"
    },
    "tags": {
        "file_name": "Lithuania_When We_re Old_Ieva Zasimauskaitė.mp3",
        "encoding": ["Lavf58.29.100"]
    }
},
"lowlevel": {
    "average_loudness": 0.630372047424,
    "barkbands_crest": {
        "max": 26.7955417633,
        "mean": 14.7507400513,
        "min": 4.44070959091,
        "stdev": 4.96304035187
    },
    "barkbands_flatness_db": {
        "max": 0.63683617115,
        "mean": 0.397978276014,
        "min": 0.119412094355,
        "stdev": 0.12322576344
    },
    "barkbands_kurtosis": {
        "max": 426.116271973,
        "mean": 17.5398635864,
        "min": -1.94693553448,
        "stdev": 33.8343887329
    },
    "barkbands_skewness": {
        "max": 15.1278772354,
        "mean": 1.616735816,
        "min": -3.08327269554,
        "stdev": 2.39500832558
    },
    "barkbands_spread": {
        "max": 90.8802108765,
        "mean": 4.9683713913,
        "min": 0.221904605627,
        "stdev": 10.652507782
    },
    "dissonance": {
        "max": 0.500000238419,
        "mean": 0.28796172142,
        "min": 0.0442713573575,
        "stdev": 0.115528099239
    },
    "dynamic_complexity": 5.73983573914,
    "erbbands_crest": {
        "max": 32.6600074768,
        "mean": 17.6045074463,
        "min": 3.91735744476,
        "stdev": 5.97226762772
    },
    "erbbands_flatness_db": {
        "max": 0.574703335762,
        "mean": 0.362975478172,
        "min": 0.120676063001,
        "stdev": 0.110866352916
    },
    "erbbands_kurtosis": {
        "max": 133.855987549,
        "mean": 9.14817237854,
        "min": -1.88134562969,
        "stdev": 11.9465360641
    },
    "erbbands_skewness": {
        "max": 10.5630426407,
        "mean": 1.42941260338,
        "min": -6.68016958237,
        "stdev": 1.65378057957
    },
    "erbbands_spread": {
        "max": 157.314178467,
        "mean": 12.4618635178,
        "min": 0.882054030895,
        "stdev": 17.4690303802
    },
    "hfc": {
        "max": 274.449737549,
        "mean": 7.85117101669,
        "min": 0.0114842718467,
        "stdev": 14.057800293
    },
    "loudness_ebu128": {
        "integrated": -28.028591156,
        "loudness_range": 10.8200645447,
        "momentary": {
            "max": -21.7260818481,
            "mean": -31.1685333252,
            "min": -52.6854324341,
            "stdev": 6.06910467148
        },
        "short_term": {
            "max": -23.7430038452,
            "mean": -29.9367427826,
            "min": -41.6556015015,
            "stdev": 3.94399261475
        }
    },
    "melbands_crest": {
        "max": 32.1618385315,
        "mean": 17.8022327423,
        "min": 5.72326564789,
        "stdev": 5.54413509369
    },
    "melbands_flatness_db": {
        "max": 0.823182404041,
        "mean": 0.512991368771,
        "min": 0.16515134275,
        "stdev": 0.160135775805
    },
    "melbands_kurtosis": {
        "max": 314.894287109,
        "mean": 17.8472232819,
        "min": -1.89891386032,
        "stdev": 30.9910049438
    },
    "melbands_skewness": {
        "max": 12.6914300919,
        "mean": 1.80166184902,
        "min": -1.74093532562,
        "stdev": 2.00762629509
    },
    "melbands_spread": {
        "max": 250.188217163,
        "mean": 6.05846357346,
        "min": 0.424928545952,
        "stdev": 15.6040830612
    },
    "pitch_salience": {
        "max": 0.88169491291,
        "mean": 0.509905099869,
        "min": 0.0426088534296,
        "stdev": 0.130889266729
    },
    "silence_rate_20dB": {
        "max": 1,
        "mean": 1,
        "min": 1,
        "stdev": 0
    },
    "silence_rate_30dB": {
        "max": 1,
        "mean": 0.993812441826,
        "min": 0,
        "stdev": 0.0784170553088
    },
    "silence_rate_60dB": {
        "max": 1,
        "mean": 0.232746317983,
        "min": 0,
        "stdev": 0.422581702471
    },
    "spectral_centroid": {
        "max": 5623.82324219,
        "mean": 412.397338867,
        "min": 167.093795776,
        "stdev": 410.647979736
    },
    "spectral_complexity": {
        "max": 28,
        "mean": 5.92241811752,
        "min": 0,
        "stdev": 3.12735056877
    },
    "spectral_decrease": {
        "max": -1.33539689723e-11,
        "mean": -5.30200194859e-09,
        "min": -3.77009143904e-08,
        "stdev": 5.73264413717e-09
    },
    "spectral_energy": {
        "max": 0.147396400571,
        "mean": 0.0207230709493,
        "min": 5.14445491717e-05,
        "stdev": 0.0223570968956
    },
    "spectral_energyband_high": {
        "max": 0.0359362326562,
        "mean": 0.000245163158979,
        "min": 2.61844457228e-09,
        "stdev": 0.00157905369997
    },
    "spectral_energyband_low": {
        "max": 0.0410082750022,
        "mean": 0.00417307950556,
        "min": 1.4269875237e-06,
        "stdev": 0.00541944941506
    },
    "spectral_energyband_middle_high": {
        "max": 0.0160502064973,
        "mean": 0.000500939553604,
        "min": 3.80642326547e-08,
        "stdev": 0.0013535754988
    },
    "spectral_energyband_middle_low": {
        "max": 0.123080767691,
        "mean": 0.0161744263023,
        "min": 2.56020357483e-05,
        "stdev": 0.0196784045547
    },
    "spectral_entropy": {
        "max": 8.31579780579,
        "mean": 5.43042898178,
        "min": 3.89382553101,
        "stdev": 0.957153975964
    },
    "spectral_flux": {
        "max": 0.25277197361,
        "mean": 0.0371459461749,
        "min": 0.00167113728821,
        "stdev": 0.0335320942104
    },
    "spectral_kurtosis": {
        "max": 865.500366211,
        "mean": 155.749542236,
        "min": -1.59941697121,
        "stdev": 185.688735962
    },
    "spectral_rms": {
        "max": 0.0119917206466,
        "mean": 0.00382273481227,
        "min": 0.000224030809477,
        "stdev": 0.00236734445207
    },
    "spectral_rolloff": {
        "max": 8118.01757812,
        "mean": 542.798095703,
        "min": 129.19921875,
        "stdev": 960.264099121
    },
    "spectral_skewness": {
        "max": 23.8762283325,
        "mean": 8.44245052338,
        "min": -0.751345694065,
        "stdev": 6.55977106094
    },
    "spectral_spread": {
        "max": 15814931,
        "mean": 2260015,
        "min": 106226.976562,
        "stdev": 2160275
    },
    "spectral_strongpeak": {
        "max": 14.5678310394,
        "mean": 0.917405664921,
        "min": 0.0188806187361,
        "stdev": 0.883794426918
    },
    "zerocrossingrate": {
        "max": 0.33056640625,
        "mean": 0.0210607014596,
        "min": 0.0048828125,
        "stdev": 0.0279808416963
    },
    "barkbands": {
        "max": [0.000453782675322, 0.0146646276116, 0.0275598727167, 0.0159502141178, 0.0679779723287, 0.0963420048356, 0.0299750566483, 0.0188452713192, 0.0348153188825, 0.00556282233447, 0.0135904476047, 0.00442966260016, 0.00190211716108, 0.00448019336909, 0.0030249399133, 0.00133152096532, 0.00140096363612, 0.0020120930858, 0.000539026921615, 0.00217316299677, 0.00214972510003, 0.0113930087537, 0.0215574223548, 0.0136192506179, 0.00305355107412, 0.00044041959336, 3.20461890624e-06],
        "mean": [2.9556960726e-05, 0.000826040981337, 0.00296043185517, 0.000879421131685, 0.00790100451559, 0.00475380755961, 0.00163155596238, 0.000173842709046, 0.000809001154266, 9.52492482611e-05, 0.000198003006517, 5.55475016881e-05, 2.94690908049e-05, 3.12589072564e-05, 3.90881032217e-05, 1.84002146852e-05, 1.63758795679e-05, 1.41675936902e-05, 1.1697356058e-05, 1.10016944745e-05, 1.09360325951e-05, 4.97011933476e-05, 0.000112844907562, 4.79176778754e-05, 1.51108588398e-05, 1.68002179635e-06, 4.96413754547e-09],
        "min": [1.72027068146e-08, 6.04361446221e-07, 8.53818065139e-08, 1.03813579955e-08, 4.89576379437e-08, 1.30303351398e-05, 1.35272713919e-07, 1.12386953077e-08, 2.8530676488e-08, 2.58653343188e-09, 3.94993104891e-09, 4.20804724399e-09, 2.98236657592e-09, 7.26209856139e-11, 3.27005714174e-11, 2.68898514566e-11, 3.33592632684e-11, 4.25260243686e-11, 3.88615077618e-11, 5.54899598493e-11, 6.84472686863e-11, 9.70598393324e-11, 1.42134332082e-10, 1.89312898691e-10, 1.62047861241e-10, 2.83292750369e-10, 3.12582626449e-10],
        "stdev": [3.87075015169e-05, 0.00158996949904, 0.00412944564596, 0.00169147015549, 0.0133637329563, 0.0105215981603, 0.00319416332059, 0.000944107712712, 0.00293240020983, 0.000359375437256, 0.00083669211017, 0.000193434738321, 0.000103221485915, 0.000177790789166, 0.000175447072252, 8.22019792395e-05, 7.80694608693e-05, 9.95747177512e-05, 3.17172743962e-05, 9.4946110039e-05, 9.12814430194e-05, 0.000430508021964, 0.000983500853181, 0.000467880745418, 0.000104930950329, 1.31516098918e-05, 8.77781261011e-08]
    },
    "erbbands": {
        "max": [0.22944919765, 4.48522567749, 27.29180336, 26.4242935181, 161.784561157, 380.813720703, 796.154541016, 1150.29333496, 578.095092773, 333.651885986, 506.766082764, 930.06451416, 279.141967773, 459.006317139, 194.008285522, 203.723297119, 56.9709129333, 220.411941528, 184.641021729, 42.9157867432, 49.3168449402, 96.4912796021, 145.764968872, 33.7470245361, 17.9824504852, 111.924179077, 103.251838684, 85.1399307251, 611.09564209, 279.220367432, 747.358276367, 704.367797852, 97.5158996582, 52.9754714966, 12.7331161499, 3.44348239899, 0.302036583424, 0.0320529974997, 0.000910330039915, 0.0001920300856],
        "mean": [0.00969757325947, 0.288123905659, 2.836404562, 3.34574580193, 11.8090200424, 37.2150764465, 22.8373622894, 49.9932785034, 18.9786510468, 20.2801074982, 5.79199695587, 21.9673175812, 6.74066162109, 7.85099554062, 3.72267007828, 2.4005022049, 1.33095633984, 1.61784470081, 2.14497447014, 1.32987868786, 1.00741994381, 0.922830224037, 0.91909122467, 0.587785363197, 0.496424049139, 0.529617726803, 0.483116060495, 0.582420408726, 1.8586589098, 1.97366786003, 3.4497013092, 1.93527126312, 0.472679048777, 0.248602807522, 0.0533930845559, 0.0151198143139, 0.00139125110582, 9.12167815841e-05, 1.39794237839e-05, 2.39338787651e-05],
        "min": [1.74000069819e-05, 9.64020873653e-05, 0.000193857675185, 0.000181900060852, 0.000663405284286, 0.0130361579359, 0.0293683242053, 0.165133371949, 0.0190013460815, 0.00339109660126, 0.00140254106373, 0.00113151909318, 0.000598017708398, 0.000255682243733, 0.000208072975511, 0.000228938151849, 0.000163191449246, 2.79456271528e-05, 6.87004103384e-06, 4.32561637354e-06, 3.47743298335e-06, 3.39362009072e-06, 3.0077305837e-06, 2.57047713603e-06, 2.44999841925e-06, 2.89368767881e-06, 3.70242332792e-06, 4.24891504736e-06, 4.30688442066e-06, 3.79762423108e-06, 4.20637979914e-06, 4.3884247134e-06, 3.53346013071e-06, 3.34049286721e-06, 2.52680342783e-06, 1.66905522292e-06, 9.26519930999e-07, 3.74730774411e-07, 1.39039130431e-07, 6.68567921025e-08],
        "stdev": [0.0191505234689, 0.493459016085, 3.89053726196, 4.07078886032, 21.0863132477, 71.1742782593, 57.908000946, 113.056251526, 35.7019844055, 41.1298370361, 21.9106254578, 80.327331543, 22.7188930511, 30.1397266388, 11.8132772446, 8.7497587204, 4.12062454224, 8.76268959045, 10.0437450409, 4.24406147003, 3.65640234947, 4.97667074203, 6.8943195343, 1.80122172832, 1.49387097359, 4.85927057266, 4.08780956268, 4.71100616455, 20.0175247192, 13.7175617218, 32.4454841614, 20.6358852386, 3.54693198204, 1.6922121048, 0.355223119259, 0.107492342591, 0.0109614739195, 0.00113931053784, 3.55093761755e-05, 2.62926296273e-05]
    },
    "gfcc": {
        "mean": [-228.286972046, 205.819656372, -40.7009735107, -8.54341125488, -64.8024368286, -8.74613285065, -35.6446914673, -18.7015266418, -20.2847557068, -8.09662246704, 5.99605035782, -7.81952047348, -5.07322454453],
        "cov": [[20667.5078125, -6574.45947266, -5476.40136719, 4504.15917969, -1903.47460938, 1253.60571289, -1452.69641113, 1652.97473145, 5.85254859924, -1027.19494629, -983.891967773, -763.490844727, 838.924987793], [-6574.45947266, 3740.54077148, 1692.33862305, -2160.53051758, 1236.65185547, -589.846801758, 724.929748535, -757.932128906, 53.5806274414, 245.902145386, 404.93359375, 29.1635723114, -297.28137207], [-5476.40136719, 1692.33862305, 3445.4140625, -1329.5880127, -70.0556488037, 243.619293213, 129.108947754, -552.781738281, -73.8833236694, 357.656646729, 257.410095215, 35.6827125549, -367.636413574], [4504.15917969, -2160.53051758, -1329.5880127, 1875.29138184, -604.758666992, 152.300048828, -252.440124512, 447.940643311, 26.1512966156, -344.331115723, -309.959899902, -64.1041183472, 165.781585693], [-1903.47460938, 1236.65185547, -70.0556488037, -604.758666992, 870.622375488, -408.741149902, 196.307815552, -118.820419312, 7.01210021973, 53.3245315552, 55.3496894836, 64.0793914795, -45.1949157715], [1253.60571289, -589.846801758, 243.619293213, 152.300048828, -408.741149902, 542.012023926, -204.226226807, -5.69141769409, 14.1685371399, 30.6900863647, -56.3818893433, -130.586212158, 9.44312572479], [-1452.69641113, 724.929748535, 129.108947754, -252.440124512, 196.307815552, -204.226226807, 504.110046387, -204.296096802, -53.6546363831, 71.7595596313, 68.2800292969, 55.4486885071, -124.244018555], [1652.97473145, -757.932128906, -552.781738281, 447.940643311, -118.820419312, -5.69141769409, -204.296096802, 442.053466797, -40.1845932007, -130.084671021, -82.9081344604, -13.0693130493, 124.034843445], [5.85254859924, 53.5806274414, -73.8833236694, 26.1512966156, 7.01210021973, 14.1685371399, -53.6546363831, -40.1845932007, 284.96182251, -37.0394477844, -0.178882345557, 76.2516098022, 15.4247341156], [-1027.19494629, 245.902145386, 357.656646729, -344.331115723, 53.3245315552, 30.6900863647, 71.7595596313, -130.084671021, -37.0394477844, 279.840087891, 50.3772583008, 23.5060253143, -45.3291778564], [-983.891967773, 404.93359375, 257.410095215, -309.959899902, 55.3496894836, -56.3818893433, 68.2800292969, -82.9081344604, -0.178882345557, 50.3772583008, 195.646972656, 24.7525558472, -56.1167984009], [-763.490844727, 29.1635723114, 35.6827125549, -64.1041183472, 64.0793914795, -130.586212158, 55.4486885071, -13.0693130493, 76.2516098022, 23.5060253143, 24.7525558472, 251.528457642, -56.4504776001], [838.924987793, -297.28137207, -367.636413574, 165.781585693, -45.1949157715, 9.44312572479, -124.244018555, 124.034843445, 15.4247341156, -45.3291778564, -56.1167984009, -56.4504776001, 176.377716064]],
        "icov": [[0.000335841905326, -0.000520044355653, 0.000561583146919, -0.000522683898453, 0.000611213850789, -0.00066306948429, 0.000662190781441, -0.000445539626526, 0.000296996178804, -0.000105788705696, 0.000514707120601, 0.000137509661727, 0.000314409291605], [-0.000520044355653, 0.00930307433009, -0.00319831399247, 0.00609553372487, -0.00685754185542, 0.00437313271686, -0.00678042788059, 0.00367535068654, -0.00488210748881, 0.00504594529048, -0.00323016522452, 0.00617240089923, -0.000922758714296], [0.000561583146919, -0.00319831399247, 0.00218495493755, -0.0018885130994, 0.0030158390291, -0.00201779976487, 0.00296084908769, -0.00128824706189, 0.00182161724661, -0.00162455427926, 0.00163059670012, -0.00144907145295, 0.00161811849102], [-0.000522683898453, 0.00609553372487, -0.0018885130994, 0.0057646301575, -0.00344829377718, 0.00352973747067, -0.0045526814647, 0.00205378001556, -0.00336806196719, 0.00397627800703, -0.000691270513926, 0.00399533100426, 5.67190145375e-05], [0.000611213850789, -0.00685754185542, 0.0030158390291, -0.00344829377718, 0.00805901084095, -0.00150272704195, 0.00541880168021, -0.00278764148243, 0.00322915124707, -0.00356683623977, 0.0039648571983, -0.00342702842318, 0.00195033766795], [-0.00066306948429, 0.00437313271686, -0.00201779976487, 0.00352973747067, -0.00150272704195, 0.00712965195999, -0.00216710125096, 0.00246856664307, -0.00308808777481, 0.00130028126296, -0.000515884486958, 0.004406390246, 0.000822220987175], [0.000662190781441, -0.00678042788059, 0.00296084908769, -0.0045526814647, 0.00541880168021, -0.00216710125096, 0.00879013165832, -0.00144991686102, 0.0042490796186, -0.0038610289339, 0.00272098346613, -0.00385686405934, 0.00285628065467], [-0.000445539626526, 0.00367535068654, -0.00128824706189, 0.00205378001556, -0.00278764148243, 0.00246856664307, -0.00144991686102, 0.00612122612074, -0.000554947997443, 0.00260336371139, -0.00166808301583, 0.00122055399697, -0.0018966300413], [0.000296996178804, -0.00488210748881, 0.00182161724661, -0.00336806196719, 0.00322915124707, -0.00308808777481, 0.0042490796186, -0.000554947997443, 0.00725735723972, -0.0016412344994, 0.00125802063849, -0.00536269787699, -0.000675101939123], [-0.000105788705696, 0.00504594529048, -0.00162455427926, 0.00397627800703, -0.00356683623977, 0.00130028126296, -0.0038610289339, 0.00260336371139, -0.0016412344994, 0.00811036303639, -0.00141999160405, 0.00254988321103, -0.00105747662019], [0.000514707120601, -0.00323016522452, 0.00163059670012, -0.000691270513926, 0.0039648571983, -0.000515884486958, 0.00272098346613, -0.00166808301583, 0.00125802063849, -0.00141999160405, 0.00942843779922, -0.00105583085679, 0.00247620418668], [0.000137509661727, 0.00617240089923, -0.00144907145295, 0.00399533100426, -0.00342702842318, 0.004406390246, -0.00385686405934, 0.00122055399697, -0.00536269787699, 0.00254988321103, -0.00105583085679, 0.0110528012738, 0.00261034280993], [0.000314409291605, -0.000922758714296, 0.00161811849102, 5.67190145375e-05, 0.00195033766795, 0.000822220987175, 0.00285628065467, -0.0018966300413, -0.000675101939123, -0.00105747662019, 0.00247620418668, 0.00261034280993, 0.011150428094]]
    },
    "melbands": {
        "max": [0.00282205129042, 0.0108974939212, 0.00815167184919, 0.0181727521122, 0.0217122510076, 0.021929550916, 0.00798205286264, 0.0033445681911, 0.00396994873881, 0.00654404656962, 0.00147859868594, 0.00169998663478, 0.00125813519116, 0.000492045772262, 0.00025325070601, 0.000250555400271, 0.000503817282151, 0.000282211287413, 0.000142618184327, 0.000111513574666, 4.92347498948e-05, 0.000129344000015, 0.000139681898872, 8.67174749146e-05, 3.22576561302e-05, 1.54407334776e-05, 3.48211287928e-05, 9.5604264061e-05, 6.91917011864e-05, 5.07438708155e-05, 6.11860596109e-05, 0.000359888159437, 0.000181813244126, 0.000169068967807, 0.000412758963648, 0.00101228558924, 0.000193246538402, 7.67483143136e-05, 7.39562019589e-05, 2.94565634249e-05],
        "mean": [0.000154714463861, 0.0010642943671, 0.000765355420299, 0.00187080749311, 0.000968085310888, 0.00100301217753, 0.00032630059286, 0.00018344129785, 4.21256845584e-05, 0.000146024030983, 2.82370419882e-05, 2.96740709018e-05, 1.78989448614e-05, 7.20324305803e-06, 3.26548592966e-06, 3.28156193063e-06, 2.99983662444e-06, 3.30667398885e-06, 2.95493100566e-06, 1.36558492159e-06, 1.09052098196e-06, 1.09444385998e-06, 7.63677746818e-07, 5.95891606281e-07, 4.77172989122e-07, 4.14313092278e-07, 2.89347582338e-07, 3.72832801077e-07, 3.2331107036e-07, 2.23987939307e-07, 3.57661832595e-07, 1.03039928945e-06, 1.01676437225e-06, 1.09485802113e-06, 1.78370157755e-06, 2.29773081628e-06, 7.56952601932e-07, 2.93126873885e-07, 3.17402822247e-07, 1.64161008342e-07],
        "min": [1.81838970548e-07, 1.39273595323e-07, 2.58126000574e-08, 9.6360217583e-09, 1.40492875289e-06, 3.15532633977e-06, 2.1155375407e-07, 8.50754755533e-09, 3.35747385449e-09, 4.69464378483e-09, 2.07971417865e-09, 7.48135775552e-10, 6.43748165885e-10, 6.1499833004e-10, 2.97086411027e-10, 2.26528393266e-10, 1.25315495828e-11, 2.76259310567e-12, 2.24509690352e-12, 1.67150549044e-12, 2.03991944864e-12, 1.69705840092e-12, 1.7880358652e-12, 1.74694275972e-12, 1.66329287583e-12, 1.37688894574e-12, 1.45537401575e-12, 1.43282076741e-12, 1.68069930803e-12, 1.69163739006e-12, 1.46729091551e-12, 1.71943806849e-12, 1.80815844068e-12, 1.56383391479e-12, 1.53151233015e-12, 1.56800711738e-12, 2.2072651866e-12, 2.0217137426e-12, 1.79029653515e-12, 1.33007732432e-12],
        "stdev": [0.000306727626594, 0.00144806446042, 0.00106539519038, 0.00330291246064, 0.00187695852946, 0.00226186262444, 0.000604197965004, 0.000381700636353, 0.000176264904439, 0.000547091767658, 0.000102090969449, 0.000114397291327, 6.95979979355e-05, 2.29086654144e-05, 1.22299570648e-05, 1.24425223476e-05, 1.89552720258e-05, 1.5902765881e-05, 1.14941522042e-05, 6.7706982918e-06, 3.80832261726e-06, 6.32405817669e-06, 5.55490169063e-06, 4.05124274039e-06, 1.56863484335e-06, 1.19129708764e-06, 1.51766073486e-06, 3.7686061205e-06, 2.81667530544e-06, 2.00387876248e-06, 3.11548569698e-06, 1.1953648027e-05, 8.37817333377e-06, 8.38585037855e-06, 1.73917069333e-05, 2.76841710729e-05, 7.40321911508e-06, 2.46207082455e-06, 2.48965511673e-06, 9.78317871159e-07]
    },
    "melbands128": {
        "max": [0.000245105504291, 0.00116523832548, 0.00409390125424, 0.00866288412362, 0.0144636575133, 0.0136139048263, 0.00476295175031, 0.0105247637257, 0.0214894209057, 0.0277239810675, 0.0281144604087, 0.0234489887953, 0.0402799360454, 0.0326432622969, 0.0423548258841, 0.0385171100497, 0.0173446591944, 0.00666107377037, 0.0116540063173, 0.00525563862175, 0.0078191915527, 0.00439038174227, 0.00627759750932, 0.00428875861689, 0.00687656225637, 0.0135016366839, 0.00391230545938, 0.00119340734091, 0.00136412784923, 0.00198688497767, 0.00379936257377, 0.00451746303588, 0.00102427555248, 0.000480215647258, 0.000374755443772, 0.000914853357244, 0.000663626182359, 0.000224405594054, 0.000235163024627, 0.000182224117452, 0.000364191015251, 0.000885356566869, 0.000410407257732, 0.00113751704339, 0.000312999269227, 0.000493653293233, 0.000623603293207, 0.00034353902447, 7.70841725171e-05, 0.000136548653245, 0.000165356890648, 0.000211281090742, 9.90967455436e-05, 9.13798285183e-05, 7.52714113332e-05, 0.000296183308819, 3.20275357808e-05, 0.000137507842737, 0.000310520787025, 0.000358086428605, 2.5241090043e-05, 2.0446615963e-05, 2.99944931612e-05, 5.96798563492e-05, 2.76751761703e-05, 3.7297806557e-05, 2.1538728106e-05, 2.26933516387e-05, 2.94288402074e-05, 0.000114487178507, 0.000109106716991, 0.00017545899027, 8.54272730066e-05, 6.56495976727e-05, 8.73219323694e-05, 5.68714422116e-05, 5.9371253883e-05, 4.81166462123e-05, 8.47763949423e-05, 8.78783757798e-05, 0.000246651907219, 0.000785158481449, 0.000405446218792, 0.000198931040359, 0.000164670214872, 0.000331212650053, 0.000328680180246, 0.000147329657921, 0.000692017376423, 0.000922826468013, 0.000843871326651, 0.00177628034726, 0.000659297162201, 0.000167844860698, 0.000104828184703, 0.000115188937343, 7.05455022398e-05, 3.44681975548e-05, 6.4135689172e-05, 0.000122314755572, 5.60623666388e-05, 1.30272328533e-05, 1.14236272566e-05, 1.621228148e-05, 1.89709626284e-05, 1.74021315615e-05, 8.21941739559e-06, 1.62648575497e-05, 8.7222952061e-06, 1.4643629811e-06, 6.86209602918e-07, 1.35332743412e-06, 8.2041128735e-07, 6.84572739829e-07, 5.60381920423e-07, 5.76365380311e-07, 1.17387052967e-07, 1.64479840858e-09, 1.66541247459e-09, 1.57881141494e-09, 1.51487233868e-09, 1.47998779898e-09, 1.49281265127e-09, 1.43828393639e-09, 1.42354239507e-09, 1.42162170924e-09, 1.40229194923e-09, 1.39292255508e-09],
        "mean": [1.69656668731e-05, 3.41719060089e-05, 0.000155322879436, 0.000485041731736, 0.00135785492603, 0.0013964001555, 0.00060849491274, 0.000480212649563, 0.000966842577327, 0.00229072896764, 0.0025275668595, 0.000798429769929, 0.000599455554038, 0.000875288213138, 0.00168887805194, 0.000647537584882, 0.000118684169138, 0.000281831074972, 0.000614197051618, 0.000160973475431, 2.78283187072e-05, 3.62382888852e-05, 4.35084875789e-05, 4.02823752665e-05, 0.000151630869368, 0.000234821462072, 2.62653684331e-05, 1.23922063722e-05, 1.11412364276e-05, 1.36681564982e-05, 4.6824949095e-05, 4.42476266471e-05, 8.24378275865e-06, 7.64062224334e-06, 5.16952195539e-06, 9.39265646593e-06, 6.67024232825e-06, 2.26055703934e-06, 1.6339083686e-06, 2.60559681919e-06, 4.8699916988e-06, 2.1777495931e-06, 2.22602557187e-06, 4.24151312473e-06, 3.00059241454e-06, 2.85801888822e-06, 3.77369201487e-06, 4.81097640659e-06, 1.28121871512e-06, 7.84768189988e-07, 1.81776169939e-06, 1.63952063303e-06, 6.67649544539e-07, 1.24463315387e-06, 1.08201743387e-06, 1.55901545895e-06, 5.02063301155e-07, 3.65360506294e-07, 8.93723381523e-07, 1.53396263158e-06, 2.95016519658e-07, 2.49311796097e-07, 4.14150633787e-07, 6.20022888143e-07, 4.55105777064e-07, 4.36746915966e-07, 3.76861549967e-07, 2.73533146355e-07, 2.52921466881e-07, 3.16639528819e-07, 3.78186172156e-07, 4.21080613933e-07, 3.57630568715e-07, 2.92084706643e-07, 3.08364150214e-07, 2.13170153529e-07, 1.90596864513e-07, 2.21244903287e-07, 3.45471704577e-07, 5.11078440013e-07, 7.73820431732e-07, 1.51999904574e-06, 1.14137355922e-06, 8.75643024756e-07, 9.37745539886e-07, 1.10952919385e-06, 1.25779411064e-06, 8.95195171324e-07, 1.66445579453e-06, 2.46611671173e-06, 2.78409902421e-06, 2.37364452005e-06, 1.2953072428e-06, 6.79077743371e-07, 4.55714996406e-07, 3.19747215372e-07, 2.61579231164e-07, 2.25296375334e-07, 3.56168186499e-07, 3.65523305845e-07, 2.20110351279e-07, 1.37195286243e-07, 7.81128974836e-08, 5.25602743551e-08, 4.99027770218e-08, 5.24283230163e-08, 4.5200771126e-08, 4.49167636418e-08, 2.57211176802e-08, 7.07815495105e-09, 4.1228025438e-09, 4.5294372697e-09, 3.6308234197e-09, 2.1306501008e-09, 1.08809172783e-09, 6.05857031211e-10, 1.42012276938e-10, 9.34468127878e-12, 9.1329001653e-12, 8.40245234501e-12, 8.04980040958e-12, 7.87313790551e-12, 7.1765831125e-12, 5.81594841731e-12, 5.26214271809e-12, 4.42514557983e-12, 3.96231528491e-12, 3.88196983239e-12],
        "min": [8.8384872754e-09, 6.11542958495e-08, 7.54964517569e-08, 1.29094800627e-07, 1.34115751393e-07, 3.31064526904e-08, 1.6875871367e-08, 3.15868264877e-09, 4.18294199278e-09, 8.53263126821e-10, 1.36175726251e-09, 4.42654635169e-10, 2.32169270475e-08, 1.04803370959e-06, 6.17923706159e-06, 1.92616266759e-06, 6.61629044885e-08, 9.67330038293e-09, 4.99925389974e-09, 3.71457842263e-09, 3.97016530762e-10, 1.41987377411e-09, 2.53626208924e-09, 8.00909394361e-10, 4.86764939467e-09, 4.22816270884e-09, 7.60972118652e-10, 1.51182580344e-10, 2.73098904602e-10, 2.79324674501e-10, 7.34316163431e-10, 5.0254983508e-10, 2.31488148095e-10, 1.8661731882e-10, 2.13508488667e-10, 9.55115778134e-11, 2.09729886236e-10, 1.60374880043e-10, 1.18914239566e-10, 1.60765678547e-10, 6.29417698517e-11, 2.79707073475e-11, 5.35698698942e-12, 2.45912860387e-12, 1.84204843219e-12, 2.23453503964e-12, 1.57258819682e-12, 1.53805668288e-12, 1.26178191159e-12, 8.42140647581e-13, 1.23685588681e-12, 1.03884197251e-12, 1.09582080823e-12, 1.87812439212e-12, 1.09242194284e-12, 6.26714717449e-13, 7.36000182241e-13, 7.11457693973e-13, 5.29910642276e-13, 1.05539806495e-12, 7.1854745461e-13, 8.1306982631e-13, 9.38819117932e-13, 7.32651678041e-13, 8.64095470524e-13, 9.01745529375e-13, 5.59141329157e-13, 8.71291645603e-13, 8.42593573039e-13, 7.2116775442e-13, 1.27334330146e-12, 1.30998998541e-12, 8.34935798884e-13, 9.14235701033e-13, 1.12513318974e-12, 1.06473846666e-12, 1.21604018088e-12, 9.95395714638e-13, 7.89600264513e-13, 1.03949195172e-12, 1.23163913963e-12, 9.29541057841e-13, 7.8909480946e-13, 1.31910975198e-12, 1.24944791926e-12, 1.11825555326e-12, 1.23346385189e-12, 9.25519101462e-13, 9.41745162755e-13, 1.17441744264e-12, 1.4214832653e-12, 9.90483411435e-13, 1.13648207598e-12, 1.44812048637e-12, 1.43574377647e-12, 1.36084893354e-12, 1.39188899122e-12, 1.28750124711e-12, 1.43716408132e-12, 1.07579516042e-12, 9.5441883563e-13, 1.07408515675e-12, 7.24399164785e-13, 1.29774175347e-12, 1.13749938288e-12, 7.81047969356e-13, 1.39927435958e-12, 1.23453222471e-12, 1.20718214071e-12, 8.6284094019e-13, 1.22399421328e-12, 1.02788264011e-12, 6.85676558934e-13, 1.01088365109e-12, 8.96387131188e-13, 9.48126559902e-13, 8.88074444712e-13, 1.04317726332e-12, 9.66251709721e-13, 7.93041359578e-13, 9.67862725729e-13, 9.15741874691e-13, 8.45755540255e-13, 8.23932773137e-13, 5.87487849167e-13, 1.70348435878e-13, 2.48807322401e-14, 8.73797600201e-16],
        "stdev": [2.25319927267e-05, 8.00476045697e-05, 0.000415632384829, 0.000919569400139, 0.00189852854237, 0.00196772906929, 0.00072140910197, 0.00114311184734, 0.00236469809897, 0.00451661553234, 0.00529510388151, 0.00221968512051, 0.00254751881585, 0.00260387128219, 0.00393834523857, 0.00191792438272, 0.000713797577191, 0.000562046421692, 0.00128140393645, 0.00037736367085, 0.000269316165941, 0.000220969726797, 0.000244996859692, 0.00022331000946, 0.000577065336984, 0.000987492618151, 0.000152495107614, 6.56704723951e-05, 6.27201588941e-05, 8.22627189336e-05, 0.000207863136893, 0.000226524745813, 3.78707554773e-05, 3.11599724228e-05, 1.82820549526e-05, 3.77917785954e-05, 3.38364225172e-05, 1.13406640594e-05, 8.48328181746e-06, 9.8584623629e-06, 2.09324480238e-05, 2.10916296055e-05, 1.77988440555e-05, 3.77467295039e-05, 1.79406706593e-05, 2.20717920456e-05, 2.93267548841e-05, 2.28470817092e-05, 4.79805066789e-06, 5.7821680457e-06, 1.10968239824e-05, 1.08028307295e-05, 3.97650683226e-06, 5.8278042161e-06, 4.99621046401e-06, 1.34972497108e-05, 2.14035503632e-06, 3.71759506379e-06, 8.74754005054e-06, 1.55845355039e-05, 1.34857452849e-06, 1.01009447917e-06, 1.62509149959e-06, 2.72317538474e-06, 1.89179661447e-06, 1.63192294167e-06, 1.49848835918e-06, 1.04342359464e-06, 1.46429283632e-06, 3.51206358573e-06, 4.41665679318e-06, 4.64890763396e-06, 3.42353678207e-06, 2.51468850365e-06, 2.78402126241e-06, 1.91142839867e-06, 2.01077318707e-06, 2.09948461816e-06, 3.51066046278e-06, 4.42952205049e-06, 8.28896827443e-06, 2.38835527853e-05, 1.36698899951e-05, 7.3359324233e-06, 7.49540276956e-06, 1.00643073893e-05, 1.13978594527e-05, 6.86758903612e-06, 2.01002767426e-05, 2.96619145956e-05, 3.15352699545e-05, 4.11599794461e-05, 1.8541026293e-05, 6.02869113209e-06, 4.22696257374e-06, 3.24067377733e-06, 2.28624026022e-06, 1.46480647345e-06, 2.8380659387e-06, 3.54789108314e-06, 1.5762309431e-06, 5.96929055519e-07, 4.03702756557e-07, 4.09716051308e-07, 4.59142057707e-07, 4.60867397578e-07, 3.13480796876e-07, 4.20182090011e-07, 2.25248186325e-07, 4.76773394098e-08, 3.23890141374e-08, 4.1819255614e-08, 3.57220280023e-08, 2.46875124787e-08, 1.80300681052e-08, 1.52104835394e-08, 3.43233907962e-09, 4.28049817813e-11, 4.28522183016e-11, 4.07818327719e-11, 3.93763806283e-11, 3.85436856043e-11, 3.86058303381e-11, 3.75139676267e-11, 3.7068303288e-11, 3.69401523259e-11, 3.65371656541e-11, 3.63285651561e-11]
    },
    "mfcc": {
        "mean": [-880.73236084, 223.927001953, 73.0538024902, 14.9821376801, -2.68069005013, -2.95359182358, -1.91748166084, -9.88537120819, -21.445476532, -11.9033336639, -5.22485589981, -0.266866475344, 3.12559223175],
        "cov": [[19308.453125, -5518.85888672, -3499.80395508, 151.965011597, 765.11517334, -649.039611816, -611.22442627, 580.442565918, 898.753662109, 1126.22753906, -729.629516602, -951.786132812, -362.139953613], [-5518.85888672, 3794.9609375, 349.692321777, -357.96005249, -47.2731437683, 234.137557983, 383.650848389, -286.108032227, -273.101013184, -297.415130615, 219.843475342, 226.275466919, 148.196212769], [-3499.80395508, 349.692321777, 2643.61547852, -210.300582886, -302.964599609, 330.820465088, 97.7242660522, -165.272842407, -274.281982422, -189.790664673, 59.376537323, 377.023803711, 88.669960022], [151.965011597, -357.96005249, -210.300582886, 650.613464355, -53.9417419434, -83.2931976318, -25.6336784363, 161.088531494, 94.7118682861, -89.0099563599, 24.8312339783, -13.4503536224, -39.5499839783], [765.11517334, -47.2731437683, -302.964599609, -53.9417419434, 483.158721924, -163.260513306, -151.314285278, 13.7541856766, 97.4213485718, 54.4774551392, -121.218925476, -9.09127426147, 0.520103693008], [-649.039611816, 234.137557983, 330.820465088, -83.2931976318, -163.260513306, 443.749938965, 1.86320972443, -96.4365921021, -60.7228813171, 7.22833490372, 83.5336532593, -5.52996206284, 42.6764297485], [-611.22442627, 383.650848389, 97.7242660522, -25.6336784363, -151.314285278, 1.86320972443, 373.95993042, -116.478118896, -77.1906814575, -0.902479588985, 34.4710655212, -14.5860624313, -52.3897399902], [580.442565918, -286.108032227, -165.272842407, 161.088531494, 13.7541856766, -96.4365921021, -116.478118896, 327.020568848, 15.0839548111, -4.33974266052, 0.487116515636, -24.4504776001, 0.194996014237], [898.753662109, -273.101013184, -274.281982422, 94.7118682861, 97.4213485718, -60.7228813171, -77.1906814575, 15.0839548111, 247.626647949, 34.8933868408, -61.0979270935, -50.237991333, -47.8770523071], [1126.22753906, -297.415130615, -189.790664673, -89.0099563599, 54.4774551392, 7.22833490372, -0.902479588985, -4.33974266052, 34.8933868408, 271.623748779, -93.7639541626, -101.322395325, 2.27730417252], [-729.629516602, 219.843475342, 59.376537323, 24.8312339783, -121.218925476, 83.5336532593, 34.4710655212, 0.487116515636, -61.0979270935, -93.7639541626, 194.911758423, 16.0656585693, 0.80914247036], [-951.786132812, 226.275466919, 377.023803711, -13.4503536224, -9.09127426147, -5.52996206284, -14.5860624313, -24.4504776001, -50.237991333, -101.322395325, 16.0656585693, 241.472702026, 18.5697460175], [-362.139953613, 148.196212769, 88.669960022, -39.5499839783, 0.520103693008, 42.6764297485, -52.3897399902, 0.194996014237, -47.8770523071, 2.27730417252, 0.80914247036, 18.5697460175, 155.870300293]],
        "icov": [[0.000171320090885, 0.000196992783458, 0.000149393061292, 0.000134032961796, -7.2812072176e-05, -6.105198554e-05, -6.39481222606e-05, -0.00014773926523, -0.00017470792227, -0.000210883707041, 0.00018445122987, 9.77278541541e-05, 9.22320614336e-05], [0.000196992783458, 0.000677615229506, 0.000268859235803, 0.000368222361431, -0.000383499951568, -0.000352780130925, -0.000705217302311, -0.000149590647197, -0.000119106887723, 0.00024199624022, -1.82595322258e-05, -0.000229475976084, -0.000397748779505], [0.000149393061292, 0.000268859235803, 0.000783198629506, 0.00027039530687, 0.00012882957526, -0.00049966329243, -0.000233755941736, -7.33513661544e-05, 0.000203446252272, 0.000141767886817, 0.000519109424204, -0.000826252857223, -7.14005363989e-05], [0.000134032961796, 0.000368222361431, 0.00027039530687, 0.00230431673117, 0.000201021481189, -8.99767037481e-05, -0.000560437445529, -0.00109853444155, -0.00100802257657, 0.000854331417941, 7.95398591436e-05, -0.000100421995739, -8.14049926703e-05], [-7.2812072176e-05, -0.000383499951568, 0.00012882957526, 0.000201021481189, 0.00358518818393, 0.00115384813398, 0.00173782720231, 0.000572015473153, -0.000303292443277, -0.000230231729802, 0.00131982634775, -6.69487053528e-05, 0.000340007070918], [-6.105198554e-05, -0.000352780130925, -0.00049966329243, -8.99767037481e-05, 0.00115384813398, 0.00366440834478, 0.00133581552655, 0.00115427153651, 7.8276367276e-05, -0.000915201439057, -0.00124968227465, 0.000918493955396, -0.000170150247868], [-6.39481222606e-05, -0.000705217302311, -0.000233755941736, -0.000560437445529, 0.00173782720231, 0.00133581552655, 0.00519523024559, 0.00182691437658, 0.00137240800541, -0.000936950498726, 0.000167403704836, 0.00104984943755, 0.00219434173778], [-0.00014773926523, -0.000149590647197, -7.33513661544e-05, -0.00109853444155, 0.000572015473153, 0.00115427153651, 0.00182691437658, 0.00463969539851, 0.00107120862231, -0.000180280825589, -0.000480793765746, 0.000407911109505, 0.000137831026223], [-0.00017470792227, -0.000119106887723, 0.000203446252272, -0.00100802257657, -0.000303292443277, 7.8276367276e-05, 0.00137240800541, 0.00107120862231, 0.00630477815866, 0.000206185621209, 0.0011125926394, 0.000428062689025, 0.00165213900618], [-0.000210883707041, 0.00024199624022, 0.000141767886817, 0.000854331417941, -0.000230231729802, -0.000915201439057, -0.000936950498726, -0.000180280825589, 0.000206185621209, 0.0065523320809, 0.00230826367624, 0.00136819470208, -0.000854640675243], [0.00018445122987, -1.82595322258e-05, 0.000519109424204, 7.95398591436e-05, 0.00131982634775, -0.00124968227465, 0.000167403704836, -0.000480793765746, 0.0011125926394, 0.00230826367624, 0.00841595884413, 0.000501440255903, 0.000769991253037], [9.77278541541e-05, -0.000229475976084, -0.000826252857223, -0.000100421995739, -6.69487053528e-05, 0.000918493955396, 0.00104984943755, 0.000407911109505, 0.000428062689025, 0.00136819470208, 0.000501440255903, 0.00675632013008, 0.000294854282402], [9.22320614336e-05, -0.000397748779505, -7.14005363989e-05, -8.14049926703e-05, 0.000340007070918, -0.000170150247868, 0.00219434173778, 0.000137831026223, 0.00165213900618, -0.000854640675243, 0.000769991253037, 0.000294854282402, 0.00829165894538]]
    },
    "spectral_contrast_coeffs": {
        "max": [-0.391950696707, -0.369817972183, -0.386385709047, -0.527894794941, -0.541318058968, -0.539862930775],
        "mean": [-0.66100025177, -0.611129164696, -0.764454364777, -0.777579903603, -0.820685625076, -0.827790558338],
        "min": [-0.85537981987, -0.897044479847, -0.926300644875, -0.974486470222, -0.95497918129, -0.963469922543],
        "stdev": [0.0894293487072, 0.0815018340945, 0.0701741874218, 0.0678908228874, 0.088410153985, 0.091501519084]
    },
    "spectral_contrast_valleys": {
        "max": [-5.26519775391, -5.28598976135, -6.03230857849, -6.89566135406, -6.90083885193, -7.71092796326],
        "mean": [-7.134745121, -7.97125816345, -9.29276275635, -10.9339981079, -11.5372028351, -13.5106391907],
        "min": [-11.0978183746, -11.2242059708, -12.3036317825, -14.7742853165, -14.3805351257, -15.7369346619],
        "stdev": [0.8918825984, 1.02620506287, 1.20921397209, 1.99405443668, 2.14608407021, 1.94649112225]
    }
},
"rhythm": {
    "beats_count": 73,
    "beats_loudness": {
        "max": 0.116309925914,
        "mean": 0.0245222244412,
        "min": 8.10791607364e-05,
        "stdev": 0.0246398802847
    },
    "bpm": 89.1022567749,
    "bpm_histogram_first_peak_bpm": 89,
    "bpm_histogram_first_peak_weight": 0.513513505459,
    "bpm_histogram_second_peak_bpm": 110,
    "bpm_histogram_second_peak_spread": 0.533333361149,
    "bpm_histogram_second_peak_weight": 0.0972222238779,
    "danceability": 0.798388957977,
    "onset_rate": 2.625,
    "beats_loudness_band_ratio": {
        "max": [0.896922051907, 0.979588866234, 0.456270724535, 0.179078876972, 0.0470496453345, 0.791073143482],
        "mean": [0.312900722027, 0.557227253914, 0.121191963553, 0.0189311876893, 0.0041843270883, 0.0302591882646],
        "min": [0.012582141906, 0.0819090381265, 0.00226308964193, 0.000162518495927, 1.07035123165e-06, 1.41775831253e-06],
        "stdev": [0.230506703258, 0.223004058003, 0.109221994877, 0.0361574813724, 0.00863217096776, 0.117935813963]
    },
