{
"metadata": {
    "version": {
        "essentia": "2.1-beta5",
        "essentia_git_sha": "Undefined",
        "extractor": "music 2.0"
    },
    "audio_properties": {
        "analysis": {
            "equal_loudness": 0,
            "length": 52.2448997498,
            "sample_rate": 44100,
            "start_time": 61.4980506897,
            "downmix": "mix"
        },
        "bit_rate": 192000,
        "length": 197.520980835,
        "lossless": 0,
        "number_channels": 2,
        "replay_gain": 0.898992538452,
        "sample_rate": 48000,
        "codec": "mp3",
        "md5_encoded": "66ac628723b03c876f947af43dcbaa64"
    },
    "tags": {
        "file_name": "Sweden_Dance You Off_Benjamin Ingrosso.mp3",
        "encoding": ["Lavf58.29.100"]
    }
},
"lowlevel": {
    "average_loudness": 0.951622307301,
    "barkbands_crest": {
        "max": 26.0798015594,
        "mean": 13.4557323456,
        "min": 2.2992041111,
        "stdev": 5.45044851303
    },
    "barkbands_flatness_db": {
        "max": 0.572510898113,
        "mean": 0.213647976518,
        "min": 0.0271491836756,
        "stdev": 0.0915324911475
    },
    "barkbands_kurtosis": {
        "max": 367.932800293,
        "mean": 16.898727417,
        "min": -1.90765488148,
        "stdev": 30.6273345947
    },
    "barkbands_skewness": {
        "max": 15.3000183105,
        "mean": 2.7312040329,
        "min": -3.96578097343,
        "stdev": 2.22911548615
    },
    "barkbands_spread": {
        "max": 95.7253265381,
        "mean": 16.2620735168,
        "min": 0.424119800329,
        "stdev": 16.2686824799
    },
    "dissonance": {
        "max": 0.499978989363,
        "mean": 0.442933827639,
        "min": 0.165738269687,
        "stdev": 0.0455905683339
    },
    "dynamic_complexity": 2.68558907509,
    "erbbands_crest": {
        "max": 28.660484314,
        "mean": 10.4790887833,
        "min": 2.78257203102,
        "stdev": 4.92518138885
    },
    "erbbands_flatness_db": {
        "max": 0.374913901091,
        "mean": 0.18188482523,
        "min": 0.0546022318304,
        "stdev": 0.0644395872951
    },
    "erbbands_kurtosis": {
        "max": 32.6582946777,
        "mean": 1.87506568432,
        "min": -1.88109171391,
        "stdev": 3.87580394745
    },
    "erbbands_skewness": {
        "max": 5.15420818329,
        "mean": 0.766548335552,
        "min": -4.10706186295,
        "stdev": 1.02130830288
    },
    "erbbands_spread": {
        "max": 164.257537842,
        "mean": 40.8616447449,
        "min": 3.57804226875,
        "stdev": 26.0345783234
    },
    "hfc": {
        "max": 430.727050781,
        "mean": 21.4935951233,
        "min": 0.189278066158,
        "stdev": 41.7343330383
    },
    "loudness_ebu128": {
        "integrated": -24.3519229889,
        "loudness_range": 3.90754699707,
        "momentary": {
            "max": -21.3461856842,
            "mean": -24.8662643433,
            "min": -35.3284835815,
            "stdev": 2.36557245255
        },
        "short_term": {
            "max": -22.9211463928,
            "mean": -24.7071933746,
            "min": -31.5785007477,
            "stdev": 1.77553987503
        }
    },
    "melbands_crest": {
        "max": 35.9617614746,
        "mean": 18.7127780914,
        "min": 2.85072779655,
        "stdev": 7.48870801926
    },
    "melbands_flatness_db": {
        "max": 0.727157354355,
        "mean": 0.274891018867,
        "min": 0.0219891704619,
        "stdev": 0.114552088082
    },
    "melbands_kurtosis": {
        "max": 635.850646973,
        "mean": 37.2919960022,
        "min": -1.88149094582,
        "stdev": 63.7653236389
    },
    "melbands_skewness": {
        "max": 18.4724788666,
        "mean": 3.89323806763,
        "min": -1.62847363949,
        "stdev": 2.80529785156
    },
    "melbands_spread": {
        "max": 205.673110962,
        "mean": 16.4853782654,
        "min": 0.390905469656,
        "stdev": 22.6266517639
    },
    "pitch_salience": {
        "max": 0.889047861099,
        "mean": 0.470232099295,
        "min": 0.0753740444779,
        "stdev": 0.173440277576
    },
    "silence_rate_20dB": {
        "max": 1,
        "mean": 1,
        "min": 1,
        "stdev": 0
    },
    "silence_rate_30dB": {
        "max": 1,
        "mean": 0.976010680199,
        "min": 0,
        "stdev": 0.153016909957
    },
    "silence_rate_60dB": {
        "max": 1,
        "mean": 0.0528653934598,
        "min": 0,
        "stdev": 0.22376292944
    },
    "spectral_centroid": {
        "max": 4996.97265625,
        "mean": 1025.7208252,
        "min": 122.704185486,
        "stdev": 759.016235352
    },
    "spectral_complexity": {
        "max": 64,
        "mean": 12.6637048721,
        "min": 0,
        "stdev": 9.94198608398
    },
    "spectral_decrease": {
        "max": -4.80603369601e-11,
        "mean": -9.43583700064e-09,
        "min": -4.85913282944e-08,
        "stdev": 7.61893304002e-09
    },
    "spectral_energy": {
        "max": 0.191048651934,
        "mean": 0.0375626049936,
        "min": 0.000215709354961,
        "stdev": 0.0301770549268
    },
    "spectral_energyband_high": {
        "max": 0.0450563915074,
        "mean": 0.00135179748759,
        "min": 1.3252244635e-08,
        "stdev": 0.00426118401811
    },
    "spectral_energyband_low": {
        "max": 0.140792444348,
        "mean": 0.0221443772316,
        "min": 1.85983878964e-07,
        "stdev": 0.025605853647
    },
    "spectral_energyband_middle_high": {
        "max": 0.0301633551717,
        "mean": 0.00307527999394,
        "min": 1.12041152533e-05,
        "stdev": 0.0043737757951
    },
    "spectral_energyband_middle_low": {
        "max": 0.117656968534,
        "mean": 0.012854876928,
        "min": 7.24431229173e-05,
        "stdev": 0.0146581474692
    },
    "spectral_entropy": {
        "max": 8.66952419281,
        "mean": 7.28572273254,
        "min": 4.89823007584,
        "stdev": 0.692490100861
    },
    "spectral_flux": {
        "max": 0.381299734116,
        "mean": 0.0974353998899,
        "min": 0.00887029338628,
        "stdev": 0.068421818316
    },
    "spectral_kurtosis": {
        "max": 159.794509888,
        "mean": 5.38917398453,
        "min": -1.12311339378,
        "stdev": 8.34344387054
    },
    "spectral_rms": {
        "max": 0.0136524336413,
        "mean": 0.00555628258735,
        "min": 0.000458746275399,
        "stdev": 0.00240294844843
    },
    "spectral_rolloff": {
        "max": 10895.8007812,
        "mean": 1193.10229492,
        "min": 64.599609375,
        "stdev": 1841.43127441
    },
    "spectral_skewness": {
        "max": 8.97141551971,
        "mean": 1.67213702202,
        "min": -0.25140234828,
        "stdev": 0.837756991386
    },
    "spectral_spread": {
        "max": 18500948,
        "mean": 4895142.5,
        "min": 573405.625,
        "stdev": 2039658.625
    },
    "spectral_strongpeak": {
        "max": 7.02914476395,
        "mean": 0.817471504211,
        "min": 0.0200038868934,
        "stdev": 0.776032447815
    },
    "zerocrossingrate": {
        "max": 0.2841796875,
        "mean": 0.0484305135906,
        "min": 0.001953125,
        "stdev": 0.0469281598926
    },
    "barkbands": {
        "max": [0.00536158727482, 0.12635448575, 0.0946040377021, 0.0909950137138, 0.0579482913017, 0.0454716458917, 0.0674397051334, 0.038721781224, 0.0411315895617, 0.0216393023729, 0.0146381892264, 0.00862504169345, 0.0112766521052, 0.0139087531716, 0.0108454804868, 0.00571878580377, 0.00830337125808, 0.00585157610476, 0.00503560435027, 0.00667530344799, 0.00738190347329, 0.0122124431655, 0.00875138677657, 0.00879789795727, 0.0068795317784, 0.00496476376429, 0.000971376080997],
        "mean": [0.00057515676599, 0.0126569168642, 0.0071725808084, 0.00273547787219, 0.00334487808868, 0.00197333702818, 0.0020607423503, 0.00110800925177, 0.00141926563811, 0.000506912765559, 0.000512881437317, 0.000293021992547, 0.00032031146111, 0.000387266511098, 0.000224506118684, 0.00021226600802, 0.00021187744278, 0.000214262981899, 0.000181667550351, 0.000241673405981, 0.000199272559257, 0.000265311566181, 0.000240635490627, 0.000207401055377, 0.000170259416336, 0.000115331269626, 1.13665646495e-05],
        "min": [1.32865307645e-09, 6.34495300744e-09, 1.27492558732e-08, 1.41382571428e-07, 5.11681810167e-06, 8.81771882177e-07, 1.6110773231e-06, 8.37977495394e-07, 1.26630300201e-06, 5.07954155182e-07, 2.91984179057e-07, 4.91891341881e-07, 1.20829838579e-07, 2.0080908314e-07, 8.72708305621e-09, 1.29865140863e-09, 8.56562598628e-10, 9.80204140077e-10, 8.28047674872e-09, 6.4388951948e-09, 1.02970021398e-09, 3.64654251239e-10, 2.0153131941e-10, 1.76660741591e-10, 1.55148990877e-10, 1.54481955006e-10, 1.92273558186e-10],
        "stdev": [0.00114783574827, 0.0200247336179, 0.0128569658846, 0.00852261018008, 0.00512925768271, 0.00363728217781, 0.00452589755878, 0.00270286248997, 0.00329954479821, 0.00115292787086, 0.00115776213352, 0.000772320316173, 0.00088257988682, 0.0011115524685, 0.000582956126891, 0.00051156047266, 0.000750290055294, 0.000583751010709, 0.000465825374704, 0.000607721915003, 0.000604211119935, 0.000890206778422, 0.000797213346232, 0.000760804046877, 0.000592193158809, 0.000467775156721, 6.16493780399e-05]
    },
    "erbbands": {
        "max": [3.76994895935, 28.2451972961, 70.5987701416, 248.787475586, 179.057998657, 280.00579834, 353.485198975, 413.288818359, 837.227172852, 1061.63659668, 1073.51806641, 1141.03955078, 734.000793457, 439.431121826, 796.647949219, 370.488891602, 416.8699646, 784.914733887, 614.954040527, 498.506652832, 228.473724365, 456.938354492, 320.418151855, 206.74307251, 327.755584717, 303.762481689, 228.107116699, 388.321655273, 420.082336426, 293.316162109, 232.703643799, 202.336257935, 147.456558228, 84.3248138428, 37.0286369324, 20.4142398834, 10.571475029, 2.56783151627, 0.077897824347, 0.0034988776315],
        "mean": [0.415737569332, 2.6513671875, 7.58733606339, 9.88077068329, 8.4136505127, 12.422244072, 14.8114538193, 16.4961071014, 23.8764610291, 32.4393615723, 22.1408672333, 34.318069458, 22.4007854462, 19.0952110291, 15.9448804855, 11.7051372528, 13.6843090057, 20.2381515503, 15.0001525879, 11.555929184, 11.6052379608, 11.88626194, 11.7791042328, 9.53001689911, 10.0919113159, 11.7222213745, 8.38367366791, 8.64535427094, 9.35444736481, 8.3423576355, 6.46758794785, 4.7298169136, 3.34601449966, 1.9849998951, 1.11494481564, 0.49123057723, 0.223358422518, 0.0428867824376, 0.00140949559864, 8.72777382028e-05],
        "min": [5.23139760844e-07, 4.74307898912e-06, 7.54907523515e-05, 0.00101686140988, 0.00486005051062, 0.0127833010629, 0.00943341106176, 0.00590520631522, 0.0131199918687, 0.0369198508561, 0.0219674520195, 0.0351302362978, 0.0408828556538, 0.0169909000397, 0.0254712607712, 0.0145978191867, 0.00481534888968, 0.0110671529546, 0.0131917139515, 0.00153710134327, 0.000414873560658, 0.000202335955692, 9.68864478637e-05, 0.000152788619744, 0.000612070085481, 0.000286961090751, 0.000239581713686, 5.42087946087e-05, 2.80468466372e-05, 1.76491339516e-05, 1.15523826025e-05, 9.99070834951e-06, 9.30622445594e-06, 7.88355191617e-06, 3.92057836507e-06, 1.43583599765e-06, 6.52073993024e-07, 2.31533633155e-07, 2.40281451624e-07, 3.15639027804e-07],
        "stdev": [0.741148352623, 4.34379482269, 11.948925972, 25.5811100006, 17.5057182312, 20.7588729858, 26.6667022705, 32.84324646, 49.9041137695, 70.256401062, 53.8667259216, 82.6106414795, 47.4640083313, 36.9176292419, 40.6588745117, 29.2215385437, 33.2390670776, 58.713558197, 33.729850769, 27.6648044586, 27.8461303711, 40.8221321106, 33.248500824, 21.3408355713, 28.6055812836, 30.2771282196, 22.4547538757, 28.1236686707, 31.73919487, 26.05884552, 21.0122375488, 17.0511245728, 12.4938840866, 6.91681480408, 3.84337711334, 1.85364770889, 0.926860928535, 0.206655040383, 0.00670893397182, 0.000221030117245]
    },
    "gfcc": {
        "mean": [-37.1812858582, 106.350196838, -107.112747192, 35.0623245239, -73.2153625488, 9.93394851685, -33.6908187866, 0.771663367748, -17.4424591064, -2.64964175224, -9.75648403168, -6.90400695801, -5.59863042831],
        "cov": [[6311.2421875, -2847.36621094, 387.407623291, 127.010391235, 25.161403656, 535.671325684, -701.756958008, 691.844543457, -476.2527771, 443.058990479, -591.876281738, 248.33416748, -430.477081299], [-2847.36621094, 3374.6940918, -74.0682449341, 138.883300781, 628.343933105, -142.182693481, 935.359985352, -279.499969482, 643.815307617, -353.342773438, 607.705993652, -310.903869629, 324.76449585], [387.407623291, -74.0682449341, 1804.10620117, 501.922790527, 579.286193848, 414.380615234, 189.115386963, 249.787780762, 11.2326774597, 265.690155029, -171.892822266, 215.502166748, -73.9945449829], [127.010391235, 138.883300781, 501.922790527, 762.977844238, 286.09854126, 197.867553711, 192.057525635, 122.639793396, 194.707702637, 47.0897827148, 24.9757461548, 16.4045162201, 74.3922805786], [25.161403656, 628.343933105, 579.286193848, 286.09854126, 810.027526855, 250.089691162, 349.757019043, 138.421920776, 178.46697998, 141.093704224, 17.8318958282, 45.0721321106, 32.1687774658], [535.671325684, -142.182693481, 414.380615234, 197.867553711, 250.089691162, 523.953674316, 158.385070801, 166.89302063, 46.1666755676, 183.00718689, -4.97726726532, 58.9267578125, 24.8170394897], [-701.756958008, 935.359985352, 189.115386963, 192.057525635, 349.757019043, 158.385070801, 577.515991211, -0.372065097094, 248.636581421, -1.56678926945, 190.559204102, -35.1567420959, 101.046981812], [691.844543457, -279.499969482, 249.787780762, 122.639793396, 138.421920776, 166.89302063, -0.372065097094, 330.633056641, 23.7415084839, 147.126083374, -37.0224914551, 97.7234344482, 21.5234088898], [-476.2527771, 643.815307617, 11.2326774597, 194.707702637, 178.46697998, 46.1666755676, 248.636581421, 23.7415084839, 372.087310791, -1.22313141823, 169.326431274, -6.60662984848, 132.191040039], [443.058990479, -353.342773438, 265.690155029, 47.0897827148, 141.093704224, 183.00718689, -1.56678926945, 147.126083374, -1.22313141823, 287.712280273, -40.0230407715, 123.955055237, 5.79715108871], [-591.876281738, 607.705993652, -171.892822266, 24.9757461548, 17.8318958282, -4.97726726532, 190.559204102, -37.0224914551, 169.326431274, -40.0230407715, 313.639556885, -28.6491737366, 136.918289185], [248.33416748, -310.903869629, 215.502166748, 16.4045162201, 45.0721321106, 58.9267578125, -35.1567420959, 97.7234344482, -6.60662984848, 123.955055237, -28.6491737366, 212.510742188, 23.5336017609], [-430.477081299, 324.76449585, -73.9945449829, 74.3922805786, 32.1687774658, 24.8170394897, 101.046981812, 21.5234088898, 132.191040039, 5.79715108871, 136.918289185, 23.5336017609, 201.800933838]],
        "icov": [[0.000388149463106, 0.000219359106268, 0.000130028696731, -6.55639814795e-05, -0.000197012268472, -0.000261765206233, 0.000204742813366, -0.000577211671043, -2.12652284972e-05, 9.20568199945e-05, -3.96607319999e-05, 2.75780330412e-05, 0.000604435976129], [0.000219359106268, 0.00185243878514, -0.000409868429415, 0.000710128049832, -0.00117467169184, 0.000624731357675, -0.00110705231782, 0.000202588387765, -0.0011008939473, 0.00135746551678, -0.00138663069811, 0.00169616367202, -0.000857025501318], [0.000130028696731, -0.000409868429415, 0.00129019503947, -0.000773176609073, -0.000210181548027, -0.000612409843598, 0.000202387149329, -0.000351202033926, 0.000592723372392, -0.000441397191025, 0.000687057676259, -0.00133914139587, 0.00105444982182], [-6.55639814795e-05, 0.000710128049832, -0.000773176609073, 0.00240448443219, -0.000520186440554, 7.7290693298e-05, -0.000506739423145, -3.74119808839e-05, -0.00139381736517, 0.000969225598965, -0.000271004508249, 0.00122338882647, -0.00119505194016], [-0.000197012268472, -0.00117467169184, -0.000210181548027, -0.000520186440554, 0.00310255517252, -0.000399794895202, -0.000525048642885, -0.000361770944437, 0.000172998872586, -0.00145508348942, 0.00134064385202, -0.000728181214072, 0.000544744252693], [-0.000261765206233, 0.000624731357675, -0.000612409843598, 7.7290693298e-05, -0.000399794895202, 0.00373551156372, -0.0014470804017, -0.000135443871841, -2.79631622107e-05, -0.00104037288111, -0.000570939388126, 0.001368411351, -0.00119745882694], [0.000204742813366, -0.00110705231782, 0.000202387149329, -0.000506739423145, -0.000525048642885, -0.0014470804017, 0.0047221686691, -0.000134796471684, -0.000447564932983, -0.000303921842715, -0.000562652479857, -0.000709837360773, 0.00115734164137], [-0.000577211671043, 0.000202588387765, -0.000351202033926, -3.74119808839e-05, -0.000361770944437, -0.000135443871841, -0.000134796471684, 0.00557831069455, -0.000529372133315, -0.000901220249943, -5.93103577557e-05, -0.000458326423541, -0.00165910390206], [-2.12652284972e-05, -0.0011008939473, 0.000592723372392, -0.00139381736517, 0.000172998872586, -2.79631622107e-05, -0.000447564932983, -0.000529372133315, 0.0059493961744, -0.000945742765907, -0.000378254335374, -0.00116866326425, -0.000763172982261], [9.20568199945e-05, 0.00135746551678, -0.000441397191025, 0.000969225598965, -0.00145508348942, -0.00104037288111, -0.000303921842715, -0.000901220249943, -0.000945742765907, 0.00749431736767, -0.00097831513267, -0.00124422239605, -0.000686091429088], [-3.96607319999e-05, -0.00138663069811, 0.000687057676259, -0.000271004508249, 0.00134064385202, -0.000570939388126, -0.000562652479857, -5.93103577557e-05, -0.000378254335374, -0.00097831513267, 0.00723948003724, -0.00110874010716, -0.00186333979946], [2.75780330412e-05, 0.00169616367202, -0.00133914139587, 0.00122338882647, -0.000728181214072, 0.001368411351, -0.000709837360773, -0.000458326423541, -0.00116866326425, -0.00124422239605, -0.00110874010716, 0.00913374405354, -0.00277237943374], [0.000604435976129, -0.000857025501318, 0.00105444982182, -0.00119505194016, 0.000544744252693, -0.00119745882694, 0.00115734164137, -0.00165910390206, -0.000763172982261, -0.000686091429088, -0.00186333979946, -0.00277237943374, 0.0102162174881]]
    },
    "melbands": {
        "max": [0.0363328009844, 0.0271571595222, 0.0385979861021, 0.0148123595864, 0.00958981364965, 0.00810616929084, 0.0124237798154, 0.00925602950156, 0.00871747266501, 0.00789155624807, 0.00377389788628, 0.00162120338064, 0.00221787323244, 0.00136712787207, 0.00125465716701, 0.00152313010767, 0.00175746052992, 0.00101923220791, 0.00109066162258, 0.000579866173211, 0.000339888792951, 0.000591333897319, 0.000299061910482, 0.000299969862681, 0.000171321808011, 0.000220118265133, 0.000279446452623, 0.000215829408262, 0.000100444027339, 0.000244262919296, 0.000273711193586, 0.000260727683781, 0.000179859125637, 0.000177945374162, 0.000149075058289, 8.7741711468e-05, 0.000159356393851, 0.000116980751045, 8.18412809167e-05, 6.80310768075e-05],
        "mean": [0.00355928158388, 0.00375592149794, 0.00164118572138, 0.000735585519578, 0.000534982187673, 0.000374783761799, 0.000385245424695, 0.000340162980137, 0.000171215928276, 0.000222975577344, 0.000107108731754, 7.40012328606e-05, 5.83092150919e-05, 3.58558318112e-05, 2.57597494056e-05, 3.58055476681e-05, 3.81907484552e-05, 2.56855819316e-05, 1.60584986588e-05, 1.60832696565e-05, 1.29724685394e-05, 1.30595717565e-05, 1.01091236502e-05, 1.03104102891e-05, 7.28584882381e-06, 7.04628746462e-06, 7.48030834075e-06, 8.13912265585e-06, 4.88714977109e-06, 5.48852722204e-06, 4.91648415846e-06, 5.48224761587e-06, 4.75501519759e-06, 4.66148685518e-06, 4.0350796553e-06, 2.6633640573e-06, 3.08873018184e-06, 2.42543751483e-06, 1.90230559838e-06, 1.58105001447e-06],
        "min": [3.26510529725e-09, 1.83922050923e-08, 2.91635387839e-07, 9.38980520004e-07, 3.4718277675e-07, 9.53861487574e-08, 1.99846965643e-07, 2.14928192577e-07, 1.78077826263e-07, 1.99961633029e-07, 1.98818881358e-07, 5.60119204351e-08, 5.68508262688e-08, 4.50291963716e-08, 4.0299896753e-09, 1.58310857756e-08, 1.58191646449e-08, 1.4218410449e-08, 5.36241662186e-10, 2.28998792151e-10, 5.49401218963e-11, 4.55307423708e-11, 1.46013839908e-10, 2.12453821896e-11, 5.81751938289e-11, 3.16992904148e-10, 1.85517684548e-10, 1.72271835686e-10, 1.02841839211e-10, 2.41261056272e-11, 1.90030959718e-11, 7.00328857406e-12, 6.28436322078e-12, 4.60947165853e-12, 3.34391694022e-12, 3.19834393345e-12, 1.81322784478e-12, 1.66388170603e-12, 2.1461881751e-12, 1.14754896124e-12],
        "stdev": [0.00589382415637, 0.00505129154772, 0.00391980214044, 0.00122974265832, 0.000858265324496, 0.000701685377862, 0.000796529755462, 0.000707909581251, 0.000444723526016, 0.000551114033442, 0.000238394510234, 0.00014397353516, 0.000135295762448, 9.69320826698e-05, 7.87588724052e-05, 0.000107539264718, 0.000121210206999, 6.29609858152e-05, 4.367756992e-05, 4.10956345149e-05, 3.40361511917e-05, 4.84669872094e-05, 3.06937981804e-05, 2.82723394776e-05, 1.65649034898e-05, 2.03673425858e-05, 2.17592860281e-05, 2.1765305064e-05, 1.11508343252e-05, 1.99019978027e-05, 1.63916974998e-05, 1.93465530174e-05, 1.50445139298e-05, 1.54114095494e-05, 1.34473912112e-05, 8.00713041826e-06, 1.2359964785e-05, 9.2528971436e-06, 6.71716907163e-06, 5.49412652617e-06]
    },
    "melbands128": {
        "max": [0.00510522210971, 0.0288135409355, 0.0632634609938, 0.0451805144548, 0.0323821306229, 0.0552105233073, 0.0586696192622, 0.03591825068, 0.0179049763829, 0.0199554879218, 0.0187755152583, 0.0126956701279, 0.0159806348383, 0.0194795783609, 0.0134490737692, 0.0105221560225, 0.0185601357371, 0.0176386293024, 0.0261150486767, 0.0140040237457, 0.0127936378121, 0.00882722437382, 0.0163767524064, 0.012320603244, 0.00939814001322, 0.0148345027119, 0.00633083516732, 0.00706682866439, 0.00456837983802, 0.00184700312093, 0.00302772922441, 0.00336647522636, 0.00318859959953, 0.00603242823854, 0.00234318850562, 0.00184621836524, 0.00186723016668, 0.0028575619217, 0.00200681528077, 0.00148835522123, 0.00331030646339, 0.00271259085275, 0.00336991855875, 0.00213843677193, 0.00154908502009, 0.00215523852967, 0.00098088872619, 0.00221841852181, 0.00148148834705, 0.000810717756394, 0.00125347531866, 0.000698099320289, 0.000569960277062, 0.000735617359169, 0.000904539891053, 0.000868869537953, 0.000407542800531, 0.000445670390036, 0.000294368161121, 0.000567884882912, 0.000413898349507, 0.000296914251521, 0.000422076176619, 0.000390025321394, 0.000302451051539, 0.000269521289738, 0.000303938228171, 0.000348989153281, 0.000497423403431, 0.000236913765548, 0.000446795311291, 0.00024105454213, 0.000153871515067, 0.000175566776306, 0.0001877049217, 0.000409458909417, 0.000165146542713, 0.000213546853047, 0.000215200183447, 0.000582942739129, 0.000221450289246, 0.000226472198847, 0.000407091749366, 0.000182465897524, 0.000233424099861, 0.000209404723137, 0.000214667525142, 0.000207514050999, 0.000160083000083, 0.000175738503458, 0.000143694051076, 7.10176173015e-05, 9.32815455599e-05, 0.00025312465732, 0.000166992525919, 9.68984604697e-05, 0.000153406421305, 9.29150992306e-05, 7.91434722487e-05, 0.00012997117301, 5.67531205888e-05, 7.12962719263e-05, 6.02213040111e-05, 7.87934041e-05, 5.30194338353e-05, 4.54627188446e-05, 5.39401080459e-05, 3.37632591254e-05, 4.40635267296e-05, 4.33036402683e-05, 2.93475059152e-05, 4.36434711446e-05, 3.81677527912e-05, 6.14706077613e-05, 4.3812666263e-05, 2.72669385595e-05, 3.28019305016e-05, 9.90354510577e-06, 2.87290254164e-06, 2.81124607682e-06, 2.10838788917e-06, 2.92186382467e-06, 2.0989582481e-06, 1.10453960644e-07, 1.03217772107e-08, 1.03637072257e-08, 1.03347046476e-08, 1.03251451833e-08],
        "mean": [0.000558050058316, 0.00338681857102, 0.00469090696424, 0.00418151170015, 0.00393089046702, 0.00343662849627, 0.00214287918061, 0.00114280858543, 0.000743889948353, 0.000764817348681, 0.000708036648575, 0.000564852904063, 0.000503434042912, 0.000476449553389, 0.000394369824789, 0.000278819643427, 0.000348349509295, 0.000372023234377, 0.000507033837494, 0.000347850640537, 0.000299532461213, 0.000194172374904, 0.000142710545333, 0.000155615533004, 0.000215622552787, 0.000308336864691, 0.000113380345283, 0.000102553021861, 7.26391954231e-05, 4.83181647724e-05, 9.30447931751e-05, 9.05796914594e-05, 3.84794766433e-05, 5.88381990383e-05, 3.61068850907e-05, 3.14162680297e-05, 2.85018631985e-05, 2.93569319183e-05, 1.93421092263e-05, 2.53010548477e-05, 5.0709455536e-05, 3.21590814565e-05, 3.91357134504e-05, 4.19495081587e-05, 2.96153757517e-05, 2.55800077866e-05, 1.60670151672e-05, 1.76584399014e-05, 1.54376866703e-05, 1.21379089251e-05, 1.94265467144e-05, 1.66877034644e-05, 1.05722438093e-05, 1.16461606012e-05, 1.64191515069e-05, 1.3561061678e-05, 1.05399367385e-05, 9.35238040256e-06, 8.95636731002e-06, 1.30799535327e-05, 1.04715700218e-05, 8.47065348353e-06, 8.86500947672e-06, 6.27945610177e-06, 5.94596713199e-06, 7.51816560296e-06, 7.5549714893e-06, 6.64958224661e-06, 8.80986863194e-06, 6.11337418377e-06, 9.50752382778e-06, 8.40208849695e-06, 5.37866526429e-06, 4.06165872846e-06, 4.15309068558e-06, 6.85944041834e-06, 5.03343335367e-06, 4.64072309114e-06, 4.04642787544e-06, 6.6662687459e-06, 5.36294419362e-06, 4.83537496621e-06, 5.91045136389e-06, 4.29813235314e-06, 4.3213058234e-06, 5.06585047333e-06, 4.28283556175e-06, 4.82900077259e-06, 4.34926141679e-06, 3.12335032504e-06, 3.2546940929e-06, 2.22078119805e-06, 2.25231292461e-06, 3.71976238966e-06, 3.22994242197e-06, 2.1373796244e-06, 2.75156094176e-06, 2.02511091629e-06, 1.72193961134e-06, 2.09066570278e-06, 1.52451445956e-06, 1.60110744218e-06, 1.41965404055e-06, 1.49798017901e-06, 1.30399496356e-06, 1.04396417555e-06, 1.11838733119e-06, 8.78477578681e-07, 8.26901782602e-07, 7.77343132086e-07, 5.9791369722e-07, 8.03550221917e-07, 6.97458460763e-07, 8.34627826407e-07, 5.03995465806e-07, 4.49786597301e-07, 3.30757956135e-07, 9.14961475473e-08, 1.46282639335e-08, 1.63391096208e-08, 1.09101296886e-08, 1.49999355159e-08, 8.74778294246e-09, 3.70134783934e-10, 1.01445293138e-11, 9.57594507162e-12, 9.24372731137e-12, 9.17195312755e-12],
        "min": [5.04970398829e-10, 1.30513844177e-09, 1.43209044623e-09, 5.48228462627e-10, 2.92715918171e-09, 4.90362639383e-09, 4.81881912151e-08, 6.33125765148e-08, 1.90151411061e-07, 3.24058959222e-07, 3.48709477294e-07, 1.02948348513e-07, 9.69828306552e-08, 8.90977105428e-08, 3.94919794644e-08, 3.5414458921e-08, 4.63918503613e-08, 3.40260051246e-08, 2.30435915682e-07, 1.40914025337e-07, 8.71659651125e-08, 8.83798989548e-08, 7.24123268014e-08, 8.88470665927e-08, 9.01760728311e-08, 9.31744494892e-08, 4.41811209839e-08, 6.27633269801e-08, 5.01900068173e-08, 3.15438093423e-08, 4.42227729991e-08, 2.09436699095e-08, 1.67488902747e-08, 3.45714177286e-08, 2.04101588963e-08, 5.18382980985e-09, 3.4258023085e-09, 8.33058233507e-10, 1.39638178798e-09, 7.46410044883e-09, 8.95841356652e-09, 1.65539901786e-08, 9.28976895409e-09, 8.56449933195e-09, 1.36946560758e-08, 2.52656651156e-09, 6.76420197632e-10, 5.13718900752e-10, 4.99345065297e-10, 1.65133101637e-10, 1.44268874624e-10, 7.50252915349e-11, 4.54679939532e-11, 5.40656616699e-11, 5.10052694525e-11, 3.79470586898e-11, 4.90779049345e-11, 4.86769201336e-11, 1.05955119678e-10, 3.49060606808e-11, 2.50256933232e-11, 5.78073873492e-12, 1.25693830344e-11, 9.18324236099e-11, 4.31474023177e-11, 1.05558478625e-10, 1.14521080119e-10, 1.56315266286e-10, 1.40382275249e-10, 9.00604590903e-11, 1.11310093087e-10, 1.6085487109e-10, 3.40028664947e-11, 2.81131038588e-11, 2.46487379119e-11, 2.40414649993e-11, 1.96431117899e-11, 1.53986320223e-11, 1.5958245142e-11, 1.05316979096e-11, 8.64799985095e-12, 5.21258253575e-12, 3.07525532817e-12, 2.58911924018e-12, 2.90236129401e-12, 3.07258905818e-12, 3.96635458852e-12, 2.9140440061e-12, 4.24581593841e-12, 8.2090513857e-13, 3.45647122035e-12, 2.84148941355e-12, 1.70117663446e-12, 6.66807266955e-13, 9.95115556797e-13, 1.3955838438e-12, 1.33015126691e-12, 1.22748653689e-12, 1.50867415349e-12, 1.094040223e-12, 1.13875217849e-12, 6.73741552999e-13, 1.08906265082e-12, 7.89726140385e-13, 5.37251233085e-13, 4.93419975017e-13, 6.65120790475e-13, 6.84225300116e-13, 4.87722655231e-13, 5.27366507668e-13, 5.58270281132e-13, 5.81509124707e-13, 5.95891012315e-13, 5.61111161874e-13, 4.63233726551e-13, 6.50446114071e-13, 5.73905669082e-13, 5.25487260043e-13, 6.09364717973e-13, 5.95364144269e-13, 5.88493717733e-13, 6.04316238977e-13, 5.94490819419e-13, 4.68599334683e-13, 4.20210632783e-13, 1.7068265475e-13, 1.96044996372e-14, 7.71784604863e-16],
        "stdev": [0.00112609157804, 0.00654382677749, 0.00907760858536, 0.00735400710255, 0.00630479073152, 0.00671202037483, 0.00601984839886, 0.00347816688009, 0.00165688956622, 0.00160617101938, 0.00139226135798, 0.00112504581921, 0.00110769248568, 0.00111528031994, 0.00103850569576, 0.000673108617775, 0.000963276077528, 0.000959114986472, 0.00147967576049, 0.00095075002173, 0.000835637212731, 0.000648324203212, 0.000604447792284, 0.000573739875108, 0.000689972948749, 0.000965186511166, 0.000387174019124, 0.000343946448993, 0.000194310123334, 0.000127269711811, 0.000241717440076, 0.000255872204434, 0.000139908210258, 0.000242762776907, 0.00013878243044, 0.000127050108858, 9.85716178548e-05, 0.000140305870445, 7.29246967239e-05, 7.882052887e-05, 0.000203333227546, 0.000130677799461, 0.000194014166482, 0.000160451978445, 9.50693138293e-05, 8.91023810254e-05, 5.27785523445e-05, 6.49909779895e-05, 6.51068767183e-05, 3.91960093111e-05, 6.65571860736e-05, 4.5489443437e-05, 3.24240754708e-05, 3.85609710065e-05, 6.65293919155e-05, 5.80342275498e-05, 4.07377010561e-05, 3.34431715601e-05, 2.78942097793e-05, 4.14237110817e-05, 3.31322698912e-05, 2.51030578511e-05, 2.5587842174e-05, 1.85327971849e-05, 1.63313379744e-05, 2.36043488258e-05, 2.69063020824e-05, 2.18512122956e-05, 3.15120814776e-05, 1.46693610077e-05, 3.05492576445e-05, 2.51002929872e-05, 1.23409399748e-05, 1.01172317954e-05, 1.27225066535e-05, 3.26177396346e-05, 1.64692355611e-05, 1.4722952983e-05, 1.25616879814e-05, 2.97623337246e-05, 1.82765415957e-05, 1.62263950187e-05, 2.44584425673e-05, 1.32588638735e-05, 1.26931590785e-05, 1.76948105945e-05, 1.51636131704e-05, 1.81304749276e-05, 1.50440100697e-05, 1.00734896478e-05, 1.17538456834e-05, 5.78258095629e-06, 7.1166964517e-06, 1.63958084158e-05, 1.40493111758e-05, 7.54232542022e-06, 1.1399950381e-05, 7.50460867494e-06, 5.63918501939e-06, 8.58068324305e-06, 5.18613478562e-06, 5.62945206184e-06, 5.07404183736e-06, 5.83175733482e-06, 4.48632090411e-06, 3.56630948772e-06, 4.2081974243e-06, 3.34269725499e-06, 3.35522008754e-06, 3.23612607644e-06, 2.27997566071e-06, 3.47487616636e-06, 2.76750824924e-06, 4.1347784645e-06, 2.39621272158e-06, 2.15757927435e-06, 1.94470612769e-06, 5.99966540449e-07, 1.19464800719e-07, 1.34344816161e-07, 8.32013142826e-08, 1.21827838484e-07, 7.1637394683e-08, 3.8435490346e-09, 2.18315282519e-10, 2.19147713865e-10, 2.18518550477e-10, 2.18306817068e-10]
    },
    "mfcc": {
        "mean": [-680.148193359, 129.736602783, 18.6754245758, 23.9008960724, -7.99068641663, 5.94372749329, -5.77829122543, 1.71408820152, -5.51724386215, 4.51337337494, -3.31435775757, -4.00381994247, -1.3530138731],
        "cov": [[6135.93359375, -2531.89990234, -155.25189209, -409.483459473, 378.006652832, -290.667053223, -53.0672988892, -98.1965789795, 120.701683044, 1.64204514027, -6.808573246, 6.01987504959, -59.0274505615], [-2531.89990234, 2759.81152344, -190.549667358, 345.296905518, -23.8546257019, 276.600128174, 264.180084229, 286.715332031, 19.4754047394, 240.950363159, 130.218215942, 55.5658187866, 130.422912598], [-155.25189209, -190.549667358, 1114.88879395, 282.919342041, 314.812927246, 268.529388428, 172.189331055, 104.209869385, 227.691818237, 0.549310863018, 84.8466567993, 73.2462768555, 98.6938552856], [-409.483459473, 345.296905518, 282.919342041, 686.595581055, 222.719848633, 198.35975647, 83.565574646, 170.467330933, 190.265609741, 78.9714050293, 77.3020935059, 80.6197814941, 89.9958724976], [378.006652832, -23.8546257019, 314.812927246, 222.719848633, 534.602050781, 177.000335693, 155.422088623, 80.6340866089, 235.337219238, 69.212348938, 80.4135894775, 71.5643157959, 80.7267684937], [-290.667053223, 276.600128174, 268.529388428, 198.35975647, 177.000335693, 485.118286133, 213.95375061, 118.571525574, 192.4090271, 98.1488342285, 145.979980469, 47.34998703, 71.2676239014], [-53.0672988892, 264.180084229, 172.189331055, 83.565574646, 155.422088623, 213.95375061, 379.549591064, 96.7017669678, 117.731460571, 103.602874756, 98.3232803345, 32.063129425, 53.0573921204], [-98.1965789795, 286.715332031, 104.209869385, 170.467330933, 80.6340866089, 118.571525574, 96.7017669678, 243.981170654, 100.627243042, 87.4014816284, 48.614200592, 56.0845413208, 78.2554931641], [120.701683044, 19.4754047394, 227.691818237, 190.265609741, 235.337219238, 192.4090271, 117.731460571, 100.627243042, 344.282653809, 66.7733383179, 118.184791565, 58.1574249268, 80.908493042], [1.64204514027, 240.950363159, 0.549310863018, 78.9714050293, 69.212348938, 98.1488342285, 103.602874756, 87.4014816284, 66.7733383179, 213.508407593, 64.5148468018, 49.7950935364, 43.7294006348], [-6.808573246, 130.218215942, 84.8466567993, 77.3020935059, 80.4135894775, 145.979980469, 98.3232803345, 48.614200592, 118.184791565, 64.5148468018, 166.804824829, 50.173740387, 54.2432250977], [6.01987504959, 55.5658187866, 73.2462768555, 80.6197814941, 71.5643157959, 47.34998703, 32.063129425, 56.0845413208, 58.1574249268, 49.7950935364, 50.173740387, 134.278533936, 60.7454185486], [-59.0274505615, 130.422912598, 98.6938552856, 89.9958724976, 80.7267684937, 71.2676239014, 53.0573921204, 78.2554931641, 80.908493042, 43.7294006348, 54.2432250977, 60.7454185486, 155.171234131]],
        "icov": [[0.000349579611793, 0.000363969156751, 0.000178236528882, 0.000127931998577, -0.000334673357429, 0.000187349345651, -9.94814108708e-05, -0.000297097751172, 2.01728853426e-05, -0.000225877869525, -0.000231787897064, 7.39369133953e-05, 1.66301688296e-05], [0.000363969156751, 0.000893031479791, 0.000366923894035, -0.000102643076389, -0.000221613445319, 3.62405953638e-05, -0.000329589529429, -0.000664389575832, 0.000315186334774, -0.0004728504573, -0.000394233851694, 0.000222857939661, -0.00022010198154], [0.000178236528882, 0.000366923894035, 0.00142046960536, -0.000236164269154, -0.000515760446433, -0.000360822334187, -0.000367580767488, -0.000280116393697, -0.000128041414428, 0.000421703036409, 4.86278622702e-05, -0.000164496916113, -0.000310783012537], [0.000127931998577, -0.000102643076389, -0.000236164269154, 0.00227357819676, -0.000579795974772, -0.000225091251195, 0.00046772317728, -0.000928329245653, -0.000469624006655, -8.6873282271e-05, 7.65244330978e-05, -0.000355946220225, 6.17249024799e-05], [-0.000334673357429, -0.000221613445319, -0.000515760446433, -0.000579795974772, 0.00349446129985, -0.000226156465942, -0.000617666111793, 0.000715659465641, -0.00153200305067, -9.25540371099e-05, 0.000783011375461, -0.000639216101263, -0.00033914463711], [0.000187349345651, 3.62405953638e-05, -0.000360822334187, -0.000225091251195, -0.000226156465942, 0.00394822191447, -0.00106701138429, -0.000485258729896, -0.000658632314298, -0.000363787810784, -0.00193641509395, 0.000534793827683, 0.000228213553783], [-9.94814108708e-05, -0.000329589529429, -0.000367580767488, 0.00046772317728, -0.000617666111793, -0.00106701138429, 0.00426615029573, -0.000490086909849, 8.6591586296e-05, -0.000896962359548, -0.000815183622763, 0.000508757133503, 9.49698151089e-05], [-0.000297097751172, -0.000664389575832, -0.000280116393697, -0.000928329245653, 0.000715659465641, -0.000485258729896, -0.000490086909849, 0.0069780680351, -0.000950541929342, -0.00107712578028, 0.00132082996424, -0.00095556495944, -0.00162751623429], [2.01728853426e-05, 0.000315186334774, -0.000128041414428, -0.000469624006655, -0.00153200305067, -0.000658632314298, 8.6591586296e-05, -0.000950541929342, 0.00582633307204, -7.48949896661e-05, -0.00240975734778, 0.00035170983756, -0.000666286272462], [-0.000225877869525, -0.0004728504573, 0.000421703036409, -8.6873282271e-05, -9.25540371099e-05, -0.000363787810784, -0.000896962359548, -0.00107712578028, -7.48949896661e-05, 0.00690531730652, -0.000838118896354, -0.00138487806544, 8.69824361871e-05], [-0.000231787897064, -0.000394233851694, 4.86278622702e-05, 7.65244330978e-05, 0.000783011375461, -0.00193641509395, -0.000815183622763, 0.00132082996424, -0.00240975734778, -0.000838118896354, 0.0106868837029, -0.00210612895899, -0.00115614791866], [7.39369133953e-05, 0.000222857939661, -0.000164496916113, -0.000355946220225, -0.000639216101263, 0.000534793827683, 0.000508757133503, -0.00095556495944, 0.00035170983756, -0.00138487806544, -0.00210612895899, 0.010401006788, -0.00258183432743], [1.66301688296e-05, -0.00022010198154, -0.000310783012537, 6.17249024799e-05, -0.00033914463711, 0.000228213553783, 9.49698151089e-05, -0.00162751623429, -0.000666286272462, 8.69824361871e-05, -0.00115614791866, -0.00258183432743, 0.00939539261162]]
    },
    "spectral_contrast_coeffs": {
        "max": [-0.308045119047, -0.425227671862, -0.497129380703, -0.59281873703, -0.580753564835, -0.515928924084],
        "mean": [-0.647991240025, -0.726513147354, -0.752040624619, -0.796536922455, -0.800520539284, -0.750822246075],
        "min": [-0.899853885174, -0.942440867424, -0.91162365675, -0.913834452629, -0.890757143497, -0.930018424988],
        "stdev": [0.107513226569, 0.0820802226663, 0.0770110562444, 0.0578161664307, 0.0514621771872, 0.057219222188]
    },
    "spectral_contrast_valleys": {
        "max": [-4.6721162796, -4.79229831696, -5.17854785919, -5.80980348587, -5.32051420212, -7.10670232773],
        "mean": [-7.05434083939, -6.87228870392, -7.79014539719, -8.17161941528, -8.1108789444, -10.7420864105],
        "min": [-11.3239994049, -8.9920167923, -10.0297861099, -12.2023248672, -12.5883102417, -15.7740936279],
        "stdev": [1.15885782242, 0.68057101965, 0.695825338364, 0.85156416893, 0.988129198551, 1.67706894875]
    }
},
"rhythm": {
    "beats_count": 94,
    "beats_loudness": {
        "max": 0.171339154243,
        "mean": 0.0703481137753,
        "min": 0.00158894923516,
        "stdev": 0.0519299060106
    },
    "bpm": 109.046424866,
    "bpm_histogram_first_peak_bpm": 110,
    "bpm_histogram_first_peak_weight": 0.419354856014,
    "bpm_histogram_second_peak_bpm": 0,
    "bpm_histogram_second_peak_spread": 0,
    "bpm_histogram_second_peak_weight": 0,
    "danceability": 1.11366486549,
    "onset_rate": 5.14768409729,
    "beats_loudness_band_ratio": {
        "max": [0.966575860977, 0.694408476353, 0.789670169353, 0.313011229038, 0.297631978989, 0.276672631502],
        "mean": [0.611093580723, 0.14208766818, 0.144550338387, 0.0482734255493, 0.034686870873, 0.0425319559872],
        "min": [0.000163291580975, 0.0134649407119, 0.00154656195082, 0.000303801585687, 6.04338965786e-05, 0.000135445880005],
        "stdev": [0.318990409374, 0.155195891857, 0.185686528683, 0.0652892366052, 0.045654207468, 0.0422378592193]
    },
