{
"metadata": {
    "version": {
        "essentia": "2.1-beta5",
        "essentia_git_sha": "Undefined",
        "extractor": "music 2.0"
    },
    "audio_properties": {
        "analysis": {
            "equal_loudness": 0,
            "length": 48.7502937317,
            "sample_rate": 44100,
            "start_time": 110.236732483,
            "downmix": "mix"
        },
        "bit_rate": 192000,
        "length": 195.163726807,
        "lossless": 0,
        "number_channels": 2,
        "replay_gain": -0.16771697998,
        "sample_rate": 48000,
        "codec": "mp3",
        "md5_encoded": "692d5ce568fd221b7366c204c930fd7e"
    },
    "tags": {
        "file_name": "France_Mercy_Madame Monsieur.mp3",
        "encoding": ["Lavf58.29.100"]
    }
},
"lowlevel": {
    "average_loudness": 0.961313486099,
    "barkbands_crest": {
        "max": 25.5284118652,
        "mean": 12.3698348999,
        "min": 2.71198940277,
        "stdev": 4.49942827225
    },
    "barkbands_flatness_db": {
        "max": 0.423214763403,
        "mean": 0.173443883657,
        "min": 0.0289445817471,
        "stdev": 0.0662002488971
    },
    "barkbands_kurtosis": {
        "max": 127.405471802,
        "mean": 8.10453987122,
        "min": -1.88141167164,
        "stdev": 13.3305063248
    },
    "barkbands_skewness": {
        "max": 10.4011917114,
        "mean": 2.0550391674,
        "min": -3.73561573029,
        "stdev": 1.51933014393
    },
    "barkbands_spread": {
        "max": 112.978691101,
        "mean": 20.0186233521,
        "min": 1.01770174503,
        "stdev": 15.6840219498
    },
    "dissonance": {
        "max": 0.499999701977,
        "mean": 0.454953700304,
        "min": 0.256440550089,
        "stdev": 0.0346680246294
    },
    "dynamic_complexity": 3.03495836258,
    "erbbands_crest": {
        "max": 30.6628227234,
        "mean": 10.439915657,
        "min": 2.09018373489,
        "stdev": 5.7185382843
    },
    "erbbands_flatness_db": {
        "max": 0.476401627064,
        "mean": 0.166390046477,
        "min": 0.0488866008818,
        "stdev": 0.0731980353594
    },
    "erbbands_kurtosis": {
        "max": 59.9611053467,
        "mean": 1.53999245167,
        "min": -1.75604665279,
        "stdev": 5.00870800018
    },
    "erbbands_skewness": {
        "max": 6.79636669159,
        "mean": 0.611519813538,
        "min": -3.64150500298,
        "stdev": 1.02370536327
    },
    "erbbands_spread": {
        "max": 133.847106934,
        "mean": 41.9801940918,
        "min": 3.31565546989,
        "stdev": 24.8218574524
    },
    "hfc": {
        "max": 142.962844849,
        "mean": 21.2903156281,
        "min": 0.0456231124699,
        "stdev": 20.5709648132
    },
    "loudness_ebu128": {
        "integrated": -23.1054592133,
        "loudness_range": 4.74276924133,
        "momentary": {
            "max": -20.2032546997,
            "mean": -23.9530487061,
            "min": -35.9884796143,
            "stdev": 3.06036376953
        },
        "short_term": {
            "max": -21.6795406342,
            "mean": -23.4258384705,
            "min": -28.5281085968,
            "stdev": 1.71407234669
        }
    },
    "melbands_crest": {
        "max": 33.0731506348,
        "mean": 16.4340438843,
        "min": 4.5301618576,
        "stdev": 5.66903209686
    },
    "melbands_flatness_db": {
        "max": 0.525599718094,
        "mean": 0.235551863909,
        "min": 0.0346873663366,
        "stdev": 0.0763593018055
    },
    "melbands_kurtosis": {
        "max": 334.23928833,
        "mean": 22.5942497253,
        "min": -1.86701643467,
        "stdev": 32.0629768372
    },
    "melbands_skewness": {
        "max": 14.7512321472,
        "mean": 3.23668670654,
        "min": -1.29381096363,
        "stdev": 2.15546274185
    },
    "melbands_spread": {
        "max": 230.192871094,
        "mean": 19.6885261536,
        "min": 0.946794867516,
        "stdev": 24.0189990997
    },
    "pitch_salience": {
        "max": 0.806277990341,
        "mean": 0.496442824602,
        "min": 0.086657486856,
        "stdev": 0.122468836606
    },
    "silence_rate_20dB": {
        "max": 1,
        "mean": 1,
        "min": 1,
        "stdev": 0
    },
    "silence_rate_30dB": {
        "max": 1,
        "mean": 0.954783439636,
        "min": 0,
        "stdev": 0.207779094577
    },
    "silence_rate_60dB": {
        "max": 1,
        "mean": 0.0623512603343,
        "min": 0,
        "stdev": 0.241793304682
    },
    "spectral_centroid": {
        "max": 5836.82226562,
        "mean": 1229.22473145,
        "min": 208.491012573,
        "stdev": 710.548950195
    },
    "spectral_complexity": {
        "max": 49,
        "mean": 14.4021892548,
        "min": 0,
        "stdev": 6.79749441147
    },
    "spectral_decrease": {
        "max": -3.33874698721e-11,
        "mean": -9.44665323743e-09,
        "min": -6.44205186973e-08,
        "stdev": 8.25605717125e-09
    },
    "spectral_energy": {
        "max": 0.247874230146,
        "mean": 0.0375849157572,
        "min": 0.000130150918267,
        "stdev": 0.0321686342359
    },
    "spectral_energyband_high": {
        "max": 0.0165949389338,
        "mean": 0.00107583450153,
        "min": 1.94135774123e-09,
        "stdev": 0.00194053631276
    },
    "spectral_energyband_low": {
        "max": 0.187968924642,
        "mean": 0.0203697048128,
        "min": 3.872073151e-08,
        "stdev": 0.0241546761245
    },
    "spectral_energyband_middle_high": {
        "max": 0.0528748780489,
        "mean": 0.00546733057126,
        "min": 9.20587262954e-06,
        "stdev": 0.00810276437551
    },
    "spectral_energyband_middle_low": {
        "max": 0.14214874804,
        "mean": 0.0123256519437,
        "min": 7.97215325292e-05,
        "stdev": 0.0148626174778
    },
    "spectral_entropy": {
        "max": 8.79461193085,
        "mean": 7.51137495041,
        "min": 5.5806927681,
        "stdev": 0.557946443558
    },
    "spectral_flux": {
        "max": 0.409437686205,
        "mean": 0.0906010493636,
        "min": 0.009770010598,
        "stdev": 0.0716046616435
    },
    "spectral_kurtosis": {
        "max": 170.388763428,
        "mean": 5.00629758835,
        "min": -1.02104187012,
        "stdev": 10.9526863098
    },
    "spectral_rms": {
        "max": 0.0155508369207,
        "mean": 0.00554093299434,
        "min": 0.000356337637641,
        "stdev": 0.0024426006712
    },
    "spectral_rolloff": {
        "max": 10745.0683594,
        "mean": 1210.51269531,
        "min": 64.599609375,
        "stdev": 1806.38647461
    },
    "spectral_skewness": {
        "max": 10.0316162109,
        "mean": 1.55735754967,
        "min": -0.11787404865,
        "stdev": 0.792884409428
    },
    "spectral_spread": {
        "max": 23879122,
        "mean": 5223952.5,
        "min": 532003.875,
        "stdev": 2102177.75
    },
    "spectral_strongpeak": {
        "max": 7.74478292465,
        "mean": 0.945494353771,
        "min": 0,
        "stdev": 1.35255753994
    },
    "zerocrossingrate": {
        "max": 0.37255859375,
        "mean": 0.0558409206569,
        "min": 0.00341796875,
        "stdev": 0.048304900527
    },
    "barkbands": {
        "max": [0.00982205662876, 0.104897305369, 0.128955423832, 0.0637800320983, 0.0587734207511, 0.0405762270093, 0.0648587197065, 0.0183682832867, 0.0320365056396, 0.0463078655303, 0.0386632159352, 0.0123830903322, 0.0202315133065, 0.0179582778364, 0.00885690562427, 0.00694903917611, 0.0111950710416, 0.00601311167702, 0.0040849451907, 0.00405833916739, 0.00414216984063, 0.00434694997966, 0.00474824989215, 0.00533064268529, 0.00512467417866, 0.00151184841525, 0.000105863960925],
        "mean": [0.000688127242029, 0.0135367456824, 0.0046108905226, 0.00281474227086, 0.00238055386581, 0.0028081277851, 0.00253692851402, 0.000675124465488, 0.000895124860108, 0.00129320891574, 0.00187945191283, 0.000298141705571, 0.0004282380105, 0.000349574169377, 0.000248349795584, 0.000259631808149, 0.000219065361307, 0.000251809105976, 0.000255430088146, 0.000180451141205, 0.000195648215595, 0.000188037753105, 0.000190373088117, 0.000183625728823, 0.000149627536302, 6.47870328976e-05, 3.07480991069e-06],
        "min": [3.9342412661e-10, 5.83594816916e-09, 9.2335810109e-09, 3.09601375648e-08, 1.75249135737e-06, 5.84493500355e-06, 1.57602460149e-06, 1.7253828446e-06, 5.37131381861e-06, 2.18645845962e-06, 3.73875286641e-06, 1.2358781305e-06, 7.56245185585e-07, 7.71850849901e-08, 2.92215275977e-07, 3.00236102646e-08, 2.98744531335e-08, 1.94117646402e-08, 2.02013943351e-08, 2.57037879869e-09, 9.11489286826e-11, 9.6518078252e-11, 1.1967046798e-10, 1.51547691063e-10, 1.18787812919e-10, 1.29670343907e-10, 1.52734089265e-10],
        "stdev": [0.00126165128313, 0.0148726757616, 0.0120781334117, 0.00684041203931, 0.00408474216238, 0.00525709893554, 0.00521446298808, 0.00147929752711, 0.00220356695354, 0.00343463756144, 0.00503107765689, 0.000848892901558, 0.00143174559344, 0.00127214193344, 0.000652094196994, 0.000650545174722, 0.000630593043752, 0.000583966670092, 0.00039130760706, 0.000357608543709, 0.000341568287695, 0.000412201829022, 0.000434441841207, 0.000446213729447, 0.000432359607657, 0.000150619656779, 8.88343129191e-06]
    },
    "erbbands": {
        "max": [2.75845646858, 25.3489437103, 115.369552612, 199.761459351, 205.605789185, 278.475219727, 340.711273193, 445.526947021, 930.591003418, 777.062255859, 609.332458496, 844.437683105, 576.482055664, 1804.71875, 1674.02331543, 616.74029541, 1127.02172852, 1012.57275391, 551.797363281, 399.62689209, 477.113433838, 630.127685547, 392.303222656, 293.615753174, 214.167892456, 282.194274902, 126.767440796, 183.702484131, 152.092346191, 188.072296143, 130.541412354, 105.912033081, 89.9085769653, 72.9038925171, 33.5684204102, 7.31819629669, 2.23500561714, 0.402713507414, 0.0136655429378, 0.0005353463348],
        "mean": [0.444489121437, 2.79747128487, 5.39483594894, 8.04535388947, 7.59084749222, 8.43463134766, 14.4924879074, 22.9633331299, 36.4547691345, 30.0443305969, 14.432934761, 23.4250659943, 19.6974887848, 67.0017623901, 60.0301017761, 17.1204814911, 22.0833301544, 20.4729919434, 12.0764684677, 11.7884588242, 16.5914077759, 12.5517892838, 12.6838111877, 13.7717638016, 11.6475410461, 9.950340271, 7.64626979828, 7.94030761719, 6.55319070816, 6.26441001892, 5.22301054001, 4.23612451553, 2.82383751869, 1.8189111948, 0.969771206379, 0.350097000599, 0.107587166131, 0.0149357961491, 0.000534216000233, 6.31336588413e-05],
        "min": [3.80441576908e-07, 3.16690329782e-06, 2.25093372137e-05, 0.000556145561859, 0.00376288848929, 0.00770590128377, 0.0329537317157, 0.0722707957029, 0.026349849999, 0.0456354804337, 0.0788437277079, 0.127194046974, 0.1521243155, 0.116961024702, 0.147971659899, 0.0534621402621, 0.0379136316478, 0.00711558712646, 0.0119084585458, 0.00954317580909, 0.00217625405639, 0.00181857170537, 0.00139029847924, 0.00111411535181, 0.0010237658862, 0.000149422703544, 1.50440782818e-05, 6.37340735921e-06, 4.19529078499e-06, 3.70964698959e-06, 4.27366103395e-06, 4.31004991697e-06, 2.88088040179e-06, 2.7177636639e-06, 1.93811320059e-06, 9.82110918812e-07, 5.97934615598e-07, 2.43035913172e-07, 2.9488037967e-07, 2.30785516919e-07],
        "stdev": [0.505341529846, 3.42569804192, 11.310710907, 20.4017848969, 14.9986953735, 15.0581731796, 25.8915309906, 46.7755050659, 77.1828842163, 66.6331863403, 30.4332332611, 57.612247467, 38.6639213562, 169.790557861, 164.760925293, 42.6138496399, 74.1507339478, 66.410697937, 35.9462928772, 24.2166786194, 41.7533416748, 33.8108024597, 29.9369411469, 24.6359138489, 17.5646324158, 21.000295639, 12.8148813248, 15.3519468307, 14.4570388794, 14.4778137207, 11.7921867371, 9.06460857391, 7.96786260605, 5.36816596985, 2.77945113182, 0.836341500282, 0.250832647085, 0.0363346859813, 0.00139331829268, 6.87096180627e-05]
    },
    "gfcc": {
        "mean": [-9.2325296402, 100.391616821, -109.61026001, 36.1172714233, -69.5460891724, 15.9893932343, -32.5804901123, 11.7942352295, -21.2757930756, -0.257308751345, -7.37288427353, 1.54333949089, -3.10375618935],
        "cov": [[6354.70019531, -2044.80688477, 1629.07287598, 1461.52478027, 366.078216553, 1205.37683105, 72.4622573853, 695.52142334, -88.1468276978, 635.291931152, -286.446655273, 258.084442139, -189.583435059], [-2044.80688477, 2813.38110352, -612.079650879, 1.73411250114, 671.101928711, -446.059875488, 482.266845703, -331.944946289, 368.714477539, -338.777526855, 352.01852417, -262.447692871, 202.842651367], [1629.07287598, -612.079650879, 1412.42480469, 608.445129395, 181.599594116, 372.026702881, 46.7587890625, 201.17817688, -4.6623916626, 236.732681274, -259.290863037, 132.970748901, -178.542495728], [1461.52478027, 1.73411250114, 608.445129395, 1002.76763916, 286.75491333, 344.504455566, 160.488418579, 150.872055054, 160.223022461, 89.5536499023, -26.5684604645, 2.56260848045, 7.46094560623], [366.078216553, 671.101928711, 181.599594116, 286.75491333, 639.66217041, 85.8736953735, 294.768096924, 14.0201616287, 136.156585693, 26.1808643341, 25.0553703308, -5.14157676697, -18.9605522156], [1205.37683105, -446.059875488, 372.026702881, 344.504455566, 85.8736953735, 516.332824707, 80.3665390015, 124.771842957, -43.2907981873, 152.095245361, -56.444683075, 17.7450637817, -19.9447689056], [72.4622573853, 482.266845703, 46.7587890625, 160.488418579, 294.768096924, 80.3665390015, 316.60635376, -43.7818870544, 66.6239471436, 5.20897626877, 53.4799346924, -38.2762527466, 0.0366700254381], [695.52142334, -331.944946289, 201.17817688, 150.872055054, 14.0201616287, 124.771842957, -43.7818870544, 217.110748291, 4.91173934937, 87.401725769, -41.6209030151, 56.399055481, -7.06256437302], [-88.1468276978, 368.714477539, -4.6623916626, 160.223022461, 136.156585693, -43.2907981873, 66.6239471436, 4.91173934937, 211.884078979, -33.3425788879, 51.6493263245, -5.0757818222, 31.5911598206], [635.291931152, -338.777526855, 236.732681274, 89.5536499023, 26.1808643341, 152.095245361, 5.20897626877, 87.401725769, -33.3425788879, 192.00970459, -21.5334358215, 50.267364502, -36.9082946777], [-286.446655273, 352.01852417, -259.290863037, -26.5684604645, 25.0553703308, -56.444683075, 53.4799346924, -41.6209030151, 51.6493263245, -21.5334358215, 193.572296143, -30.7395687103, 79.8312683105], [258.084442139, -262.447692871, 132.970748901, 2.56260848045, -5.14157676697, 17.7450637817, -38.2762527466, 56.399055481, -5.0757818222, 50.267364502, -30.7395687103, 134.023727417, -24.5272445679], [-189.583435059, 202.842651367, -178.542495728, 7.46094560623, -18.9605522156, -19.9447689056, 0.0366700254381, -7.06256437302, 31.5911598206, -36.9082946777, 79.8312683105, -24.5272445679, 134.040756226]],
        "icov": [[0.000589809380472, 0.000269079464488, -5.4156303122e-06, -0.000515633379109, -0.000353253795765, -0.000434329500422, 3.47460663761e-05, -0.000654018833302, 0.00023981333652, -0.000458000809886, -0.000126598868519, -8.02138456493e-05, 0.000177526511834], [0.000269079464488, 0.00202779984102, -0.000459156261059, 0.000167008431163, -0.00165290571749, 0.000852037628647, -0.00102130987216, 0.000563554582186, -0.00113897235133, 0.00131459126715, -0.00167075684294, 0.0020262892358, -0.0013897732133], [-5.4156303122e-06, -0.000459156261059, 0.00195481884293, -0.00100530462805, 0.000309340015519, -0.000352391100023, 0.000147680460941, -0.000200808644877, 0.000312308140565, -0.00151481397916, 0.00205299281515, -0.00132172706071, 0.00137238146272], [-0.000515633379109, 0.000167008431163, -0.00100530462805, 0.00279156607576, -0.000259264430497, -0.000413046363974, -0.000414444948547, 9.07880094019e-05, -0.00185367010999, 0.00133509759326, -0.000676692521665, 0.00121750473045, -0.00113941298332], [-0.000353253795765, -0.00165290571749, 0.000309340015519, -0.000259264430497, 0.00458908872679, -0.000326342356857, -0.00203971751034, -0.00073364097625, -0.000252372323303, -0.00107824103907, 0.00163546123076, -0.00188040232752, 0.00143511826172], [-0.000434329500422, 0.000852037628647, -0.000352391100023, -0.000413046363974, -0.000326342356857, 0.0046322834678, -0.00166772969533, 0.000102350575617, 0.000517838925589, -0.000740141957067, -0.000118284129712, 0.00168563239276, -0.0016480803024], [3.47460663761e-05, -0.00102130987216, 0.000147680460941, -0.000414444948547, -0.00203971751034, -0.00166772969533, 0.00741014117375, 0.00128074188251, 0.000571716111153, -0.000778149347752, -0.000796799839009, -8.89883813215e-05, 0.00145250128116], [-0.000654018833302, 0.000563554582186, -0.000200808644877, 9.07880094019e-05, -0.00073364097625, 0.000102350575617, 0.00128074188251, 0.00850822590292, -0.00138160551433, -0.000921751430724, 0.000302140804706, -0.000685338512994, -0.00192451721523], [0.00023981333652, -0.00113897235133, 0.000312308140565, -0.00185367010999, -0.000252372323303, 0.000517838925589, 0.000571716111153, -0.00138160551433, 0.00830020569265, -8.9480105089e-05, -0.000403415120672, -0.00196227268316, 0.00045069825137], [-0.000458000809886, 0.00131459126715, -0.00151481397916, 0.00133509759326, -0.00107824103907, -0.000740141957067, -0.000778149347752, -0.000921751430724, -8.9480105089e-05, 0.0110291242599, -0.00382944522426, 0.000198839887162, 0.000334880955052], [-0.000126598868519, -0.00167075684294, 0.00205299281515, -0.000676692521665, 0.00163546123076, -0.000118284129712, -0.000796799839009, 0.000302140804706, -0.000403415120672, -0.00382944522426, 0.0111771300435, -0.00181894225534, -0.00259759719484], [-8.02138456493e-05, 0.0020262892358, -0.00132172706071, 0.00121750473045, -0.00188040232752, 0.00168563239276, -8.89883813215e-05, -0.000685338512994, -0.00196227268316, 0.000198839887162, -0.00181894225534, 0.0120437089354, -0.00125504657626], [0.000177526511834, -0.0013897732133, 0.00137238146272, -0.00113941298332, 0.00143511826172, -0.0016480803024, 0.00145250128116, -0.00192451721523, 0.00045069825137, 0.000334880955052, -0.00259759719484, -0.00125504657626, 0.0128654455766]]
    },
    "melbands": {
        "max": [0.02457530424, 0.0434632003307, 0.0301524326205, 0.0138540221378, 0.0100343730301, 0.00869253836572, 0.0145938899368, 0.00755572644994, 0.00551003403962, 0.00454111443833, 0.0028859092854, 0.0078882034868, 0.00613249512389, 0.00183385447599, 0.00147368351463, 0.00176159339026, 0.00180787139107, 0.00110834871884, 0.000690397049766, 0.000549594522454, 0.000606305140536, 0.000532731763087, 0.000544200709555, 0.000376704439986, 0.000273702054983, 0.000256706494838, 0.000135277834488, 0.000193893749383, 8.73158642207e-05, 0.000104798113171, 0.000122510755318, 9.76950686891e-05, 7.65219738241e-05, 0.000132791072247, 7.66034572734e-05, 9.30591704673e-05, 7.0522648457e-05, 6.67730055284e-05, 7.40959658287e-05, 6.00915154791e-05],
        "mean": [0.00386633863673, 0.00308933574706, 0.00137834972702, 0.000547368545085, 0.000482801551698, 0.000539872737136, 0.000557512685191, 0.00028431013925, 0.000124227517517, 0.000134388435981, 9.17409706744e-05, 0.000261491310084, 0.00025515226298, 4.51161322417e-05, 4.32313099736e-05, 4.19392599724e-05, 3.76394636987e-05, 1.77717301995e-05, 1.70141738636e-05, 1.41532755151e-05, 2.048112583e-05, 1.19373344205e-05, 1.39485609907e-05, 1.06323341242e-05, 1.11941026262e-05, 9.12245832296e-06, 6.44922329229e-06, 6.47553815725e-06, 4.67187919639e-06, 4.4981488827e-06, 4.65618222734e-06, 3.70314364773e-06, 3.5628979731e-06, 3.46446495314e-06, 3.0626708849e-06, 2.81981647277e-06, 2.47430875788e-06, 2.02992373488e-06, 1.69185477716e-06, 1.49419338413e-06],
        "min": [1.44243395006e-09, 4.73196548612e-09, 2.58017081478e-07, 5.12387543949e-07, 9.25611232105e-07, 1.79368623776e-06, 2.79693750826e-07, 4.72509071869e-07, 4.40224823706e-07, 7.53503002215e-07, 4.21290593522e-07, 3.47308400706e-07, 5.18911633662e-07, 2.22221515855e-07, 1.00165827632e-07, 5.83210244542e-08, 7.62097052132e-09, 1.70226606144e-08, 2.12372839314e-08, 4.21090806668e-09, 2.3134070215e-09, 1.84587389818e-09, 1.69673541883e-09, 4.96519769744e-10, 6.86807888339e-10, 7.22409687626e-10, 2.95920649096e-10, 7.04545840072e-12, 3.06794303503e-12, 2.01168031885e-12, 1.75578703052e-12, 1.55541150706e-12, 1.87303709868e-12, 1.52646428483e-12, 2.04701923814e-12, 1.83764115036e-12, 2.05858659112e-12, 7.05212255779e-13, 8.09218089672e-13, 1.16810294076e-12],
        "stdev": [0.00412734597921, 0.00483584916219, 0.0032231870573, 0.000970730965491, 0.000798869819846, 0.00106656912249, 0.00115649716463, 0.000637186632957, 0.000283070636215, 0.0003237882338, 0.000201081566047, 0.000692865927704, 0.000715822854545, 0.000127891486045, 0.000127884180984, 0.000124509053421, 0.000135137670441, 6.09336493653e-05, 4.17067240051e-05, 2.96260732284e-05, 5.34465070814e-05, 3.18872916978e-05, 4.43772878498e-05, 2.51329893217e-05, 2.15380659938e-05, 1.60707168106e-05, 1.10252212835e-05, 1.42658791447e-05, 8.50585274748e-06, 8.05511172075e-06, 9.95818663796e-06, 8.49431853567e-06, 8.21184858069e-06, 8.36801154946e-06, 6.84673659634e-06, 6.64646904625e-06, 5.48767548025e-06, 5.9681010498e-06, 4.88853265779e-06, 4.60270757685e-06]
    },
    "melbands128": {
        "max": [0.00856222119182, 0.0270092338324, 0.0411782860756, 0.0476598851383, 0.0510291494429, 0.062939196825, 0.0466870553792, 0.0296073295176, 0.0202009845525, 0.0152179040015, 0.0200227349997, 0.0178438629955, 0.0160548146814, 0.0163420550525, 0.0162864662707, 0.0201029647142, 0.0136881126091, 0.0271571092308, 0.0134008303285, 0.0132976938039, 0.0048855706118, 0.00409095548093, 0.0081755425781, 0.0090389708057, 0.00931974127889, 0.00307995104231, 0.00290692341514, 0.00491175241768, 0.00690487818792, 0.0146700609475, 0.0151003114879, 0.00904989801347, 0.0124159278348, 0.0118943452835, 0.00140172860119, 0.00337995612063, 0.00235970015638, 0.00134203280322, 0.0040457425639, 0.00509888166562, 0.00237202295102, 0.00436765886843, 0.00340210390277, 0.00310247857124, 0.003266783664, 0.00161159061827, 0.00184370193165, 0.00152858940419, 0.000971565546934, 0.00143827521242, 0.000452911830507, 0.000982034951448, 0.0015536302235, 0.000917611178011, 0.000484705524286, 0.000860982167069, 0.00185698375572, 0.00109152751975, 0.000904808868654, 0.000707877916284, 0.000617431418505, 0.000693312613294, 0.000586362148169, 0.00036092751543, 0.000254979735473, 0.00048288248945, 0.000326981709804, 0.000165265315445, 0.000207338918699, 0.000469469407108, 0.000400636519771, 0.000142809440149, 0.00011970174819, 0.000195613829419, 0.000134328132845, 0.000132450688398, 0.000137360984809, 0.000177142457687, 0.000271839147899, 0.000111198474769, 0.00017282058252, 0.00012500093726, 9.3414564617e-05, 0.000140268792165, 0.000120264201541, 0.00015962262114, 0.000196904104087, 0.000105147846625, 9.83053832897e-05, 8.7179003458e-05, 0.000178971647983, 8.52825542097e-05, 6.5024360083e-05, 8.14351806184e-05, 0.000116140428872, 9.04646949493e-05, 7.70929909777e-05, 0.000107902320451, 8.87827554834e-05, 8.89891307452e-05, 5.8713627368e-05, 6.68781722197e-05, 8.59043211676e-05, 7.09343876224e-05, 4.08576051996e-05, 4.25645666837e-05, 3.16475961881e-05, 2.30911937251e-05, 1.52504844664e-05, 1.0072679288e-05, 1.00440302049e-05, 7.2661619015e-06, 1.11703402581e-05, 9.47293938225e-06, 4.96792927152e-06, 3.56564055437e-06, 3.53907398676e-06, 1.47748630752e-06, 4.97879227623e-07, 4.64797466293e-07, 4.58192886299e-07, 6.1902426296e-07, 2.25180627922e-07, 1.06431761182e-08, 1.5961820754e-09, 1.56704804688e-09, 1.5713162993e-09, 1.57259805178e-09],
        "mean": [0.000624915235676, 0.00352214020677, 0.00536148203537, 0.00434676278383, 0.00298492982984, 0.00216941605322, 0.00169667135924, 0.00129766063765, 0.000655237177853, 0.000514765153639, 0.000454748253105, 0.000413790810853, 0.000467196718091, 0.000618437305093, 0.000450838706456, 0.000582218635827, 0.000604819448199, 0.000588129565585, 0.000444405683083, 0.0003792529169, 0.000164072320331, 9.14808479138e-05, 9.38933517318e-05, 0.000177336478373, 0.000221481677727, 6.86449129716e-05, 6.54003670206e-05, 9.54457282205e-05, 7.88890538388e-05, 0.000276758044492, 0.000298605853459, 0.000281622109469, 0.000387792621041, 0.000116769129818, 2.0578792828e-05, 4.6006483899e-05, 4.68074176752e-05, 1.75726581801e-05, 6.65937113808e-05, 6.08360860497e-05, 1.80319293577e-05, 4.55755616713e-05, 4.62843672722e-05, 3.31849405484e-05, 1.27225912365e-05, 1.34424290081e-05, 2.7172609407e-05, 1.24411244542e-05, 1.53634537128e-05, 1.98646448553e-05, 7.80025766289e-06, 1.38858040373e-05, 2.96362286463e-05, 1.9012397388e-05, 1.18801526696e-05, 1.06734496512e-05, 1.13142732516e-05, 1.64152897923e-05, 1.56963724294e-05, 8.28735210234e-06, 8.72387317941e-06, 1.28028950712e-05, 1.52203265316e-05, 9.49374407355e-06, 7.09736968929e-06, 9.00886698219e-06, 1.12930483738e-05, 6.83204825691e-06, 3.43840724781e-06, 8.67561630002e-06, 7.99731969892e-06, 4.32381602877e-06, 4.58815839011e-06, 5.1736324167e-06, 4.09392714573e-06, 4.62494153908e-06, 4.47673255621e-06, 4.73755198982e-06, 4.90538695885e-06, 4.37116068497e-06, 3.72963836526e-06, 3.6797807752e-06, 3.00279475596e-06, 3.83648557545e-06, 3.7255758798e-06, 3.19088690048e-06, 3.59421414942e-06, 3.55209249392e-06, 2.99875432574e-06, 2.70524424195e-06, 2.80414246845e-06, 2.94333040074e-06, 2.72274223789e-06, 2.57735973719e-06, 2.21669870371e-06, 2.08900996768e-06, 2.10815710489e-06, 1.76177320554e-06, 1.70516250364e-06, 1.68968870184e-06, 1.45538035667e-06, 1.50039602431e-06, 1.47495973124e-06, 1.28999954541e-06, 1.08148310574e-06, 9.39475285122e-07, 8.83821769548e-07, 6.99323265962e-07, 5.09788776526e-07, 5.02826821958e-07, 4.92557092002e-07, 3.80666705269e-07, 3.33209612791e-07, 2.67440782409e-07, 2.22556323592e-07, 1.5968197431e-07, 8.59154596355e-08, 1.74888974414e-08, 4.96044183507e-09, 6.14685857769e-09, 8.46059400317e-09, 6.73823929986e-09, 3.26382454396e-09, 8.07615849197e-11, 6.332382535e-12, 5.85251335242e-12, 5.59735808051e-12, 5.53944867407e-12],
        "min": [1.46889486685e-10, 5.9324051227e-10, 1.13306593275e-10, 1.5356467209e-09, 2.04529926329e-09, 4.57611459836e-09, 3.19270543336e-09, 1.88621989139e-08, 2.57753185906e-07, 3.49831736912e-07, 6.18937363583e-08, 1.15259055633e-08, 4.72693983511e-07, 3.88776328464e-07, 3.99679151997e-07, 1.44060834373e-07, 2.86640613467e-07, 1.30239783402e-07, 2.02914577585e-07, 2.41628157482e-07, 3.0122868111e-07, 1.07619641199e-07, 1.34404274377e-07, 2.2075980155e-07, 1.68828876213e-07, 1.49672047201e-07, 9.47691987108e-08, 1.14657332517e-07, 2.13103731994e-07, 1.75089596155e-08, 1.76124046902e-07, 3.90008551676e-07, 3.62969132084e-07, 5.10171567214e-08, 4.78301238616e-08, 5.26005052848e-08, 5.32866017977e-08, 1.85083059989e-08, 3.95271193554e-08, 1.26368817632e-08, 2.2017005108e-08, 1.44684024761e-08, 2.54806042932e-09, 6.66532962157e-09, 1.01588639723e-08, 1.49635290825e-08, 1.03534878448e-08, 7.65373009415e-09, 1.85237976069e-08, 7.59783880255e-09, 4.53709736448e-10, 1.25005861218e-09, 3.46942385931e-09, 1.86110193923e-09, 1.78899950409e-09, 2.26950502835e-09, 1.21540832954e-09, 5.51432122187e-10, 7.77738817792e-10, 3.00756364258e-10, 7.61571222752e-11, 1.70380723419e-10, 3.85157156169e-10, 4.80659068103e-10, 9.39440525372e-10, 3.86452481127e-10, 3.64808912245e-11, 5.68588336136e-11, 8.86967929659e-11, 1.21601834505e-11, 7.40908896735e-12, 3.72038901422e-12, 2.32419812563e-12, 1.94263160246e-12, 2.30013642681e-12, 1.65478047931e-12, 1.76832138342e-12, 1.07142430778e-12, 1.43381465555e-12, 1.63864787624e-12, 1.48011334092e-12, 1.00385346737e-12, 1.43548324269e-12, 1.53570916834e-12, 1.47150835354e-12, 9.92850983719e-13, 1.81529249098e-12, 1.55994184584e-12, 1.10686503366e-12, 1.6241751867e-12, 1.37177346305e-12, 1.5299906524e-12, 1.03628379749e-12, 1.66160943511e-12, 1.01147996229e-12, 6.66334988488e-13, 6.54087244437e-13, 5.30585829179e-13, 5.49970496661e-13, 5.71720025922e-13, 1.02402851823e-12, 1.20194056531e-12, 6.2395065243e-13, 7.55861139737e-13, 8.88084798843e-13, 7.56119288275e-13, 6.29730263161e-13, 5.12897558626e-13, 4.53321272664e-13, 4.77619896758e-13, 5.15711334314e-13, 5.2762709566e-13, 4.98141512848e-13, 4.61869854428e-13, 4.30706007968e-13, 4.46204705129e-13, 4.42583849344e-13, 4.76916086917e-13, 3.81018757127e-13, 4.86332870676e-13, 3.34207650703e-13, 5.07805277862e-13, 3.67840632086e-13, 3.79836434658e-13, 3.43991762158e-13, 1.22788308384e-13, 1.64556427973e-14, 5.45037484773e-16],
        "stdev": [0.00114089564886, 0.0046301339753, 0.00599708408117, 0.00602541025728, 0.00560834817588, 0.00609611859545, 0.00465853605419, 0.00302346772514, 0.00136860564817, 0.00104511668906, 0.000911276729312, 0.000769368722104, 0.000994611647911, 0.00142288999632, 0.00114588765427, 0.00178755086381, 0.00151832401752, 0.00179839076009, 0.00113214354496, 0.00107497244608, 0.000402067758841, 0.000263231951976, 0.000294029683573, 0.000554828671739, 0.000613083306234, 0.000181748837349, 0.000175270470208, 0.000273245765129, 0.000305774417939, 0.000918110716157, 0.00109131634235, 0.00090187456226, 0.001299628173, 0.000542424910236, 7.11503089406e-05, 0.000185232725926, 0.000157548071002, 6.93897090969e-05, 0.000280159438262, 0.000276116159512, 8.90583905857e-05, 0.000190890641534, 0.0002043099812, 0.000185989963938, 0.000109620428702, 5.85431880609e-05, 0.000118867610581, 5.63420835533e-05, 4.48991631856e-05, 6.34267053101e-05, 2.04889238375e-05, 5.35882900294e-05, 0.000107572690467, 5.94077682763e-05, 2.87754210149e-05, 4.14048990933e-05, 7.33785200282e-05, 6.98424410075e-05, 6.31298535154e-05, 3.29815047735e-05, 2.99211405945e-05, 4.23051824328e-05, 4.10538814322e-05, 2.38553202507e-05, 1.25228079924e-05, 2.6305204301e-05, 2.21697264351e-05, 1.43359548019e-05, 9.8694135886e-06, 2.89346680802e-05, 2.43384074565e-05, 1.01529685708e-05, 1.05387507574e-05, 1.28868387037e-05, 9.2371728897e-06, 9.4918996183e-06, 1.02078756754e-05, 1.16207238534e-05, 1.37965680551e-05, 1.02945505205e-05, 9.84888811217e-06, 9.47665739659e-06, 8.23233403935e-06, 9.19313060876e-06, 9.04334501683e-06, 8.77771162777e-06, 9.62537524174e-06, 8.08349250292e-06, 6.88991303832e-06, 7.0882192631e-06, 8.20698915049e-06, 7.52213873056e-06, 5.66997050555e-06, 5.66164817428e-06, 6.12677013123e-06, 6.74575176163e-06, 6.34742900729e-06, 5.94404536969e-06, 5.07357754032e-06, 4.97873361383e-06, 4.64804861622e-06, 4.97076689498e-06, 4.67737527288e-06, 4.20005972046e-06, 3.19358105116e-06, 2.8526751521e-06, 2.64750929091e-06, 2.0444006168e-06, 1.34090328174e-06, 1.22740550523e-06, 1.14317310818e-06, 8.98522671378e-07, 9.10166875201e-07, 7.25721406525e-07, 5.55007829917e-07, 4.04323174052e-07, 2.68100734502e-07, 6.72960567272e-08, 2.43277575862e-08, 2.97834734653e-08, 3.9047971967e-08, 3.40847456926e-08, 1.73168981377e-08, 5.7139298848e-10, 3.57171375809e-11, 3.50784332137e-11, 3.51534461263e-11, 3.51693535405e-11]
    },
    "mfcc": {
        "mean": [-650.878601074, 122.464477539, 16.5363063812, 21.9223594666, -3.77439880371, 1.57043850422, 1.07795536518, 7.03624677658, -1.85961532593, 1.16841781139, -2.42503452301, -0.451537042856, 2.68354606628],
        "cov": [[5279.91113281, -1719.43847656, 959.819702148, 633.530029297, 624.792602539, 623.221252441, 531.089904785, 267.447692871, 415.266021729, 345.210693359, 214.189529419, 271.005371094, 33.2899208069], [-1719.43847656, 2156.09008789, -690.20111084, 235.678863525, 14.3992891312, 37.1916313171, 30.8767242432, 71.3241729736, -46.6260032654, -1.26599121094, 49.6050453186, -7.99680042267, 51.2766914368], [959.819702148, -690.20111084, 1027.46789551, 223.603912354, 183.995559692, 223.008026123, 62.5883102417, 65.9937057495, 132.795303345, 73.7191467285, 108.899177551, -12.4879331589, -24.9039058685], [633.530029297, 235.678863525, 223.603912354, 687.653930664, 269.454071045, 243.915023804, 98.3432617188, 178.781677246, 146.576385498, 93.6150436401, 149.297225952, 60.8325233459, 1.04511070251], [624.792602539, 14.3992891312, 183.995559692, 269.454071045, 317.184020996, 167.28263855, 78.9473419189, 118.166038513, 126.515090942, 70.18724823, 80.7740936279, 58.1299438477, 12.1557712555], [623.221252441, 37.1916313171, 223.008026123, 243.915023804, 167.28263855, 442.035797119, 206.311569214, 119.086860657, 99.3930206299, 142.251113892, 90.0347442627, 18.0049686432, 8.05645275116], [531.089904785, 30.8767242432, 62.5883102417, 98.3432617188, 78.9473419189, 206.311569214, 300.020050049, 38.4113197327, 45.3452682495, 102.884063721, 39.3100357056, 29.6235599518, 19.739654541], [267.447692871, 71.3241729736, 65.9937057495, 178.781677246, 118.166038513, 119.086860657, 38.4113197327, 180.904174805, 77.9582366943, 40.5610771179, 53.0953598022, 12.25228405, 4.89050149918], [415.266021729, -46.6260032654, 132.795303345, 146.576385498, 126.515090942, 99.3930206299, 45.3452682495, 77.9582366943, 150.64855957, 59.8658752441, 42.402973175, 20.6453552246, 0.0115502076223], [345.210693359, -1.26599121094, 73.7191467285, 93.6150436401, 70.18724823, 142.251113892, 102.884063721, 40.5610771179, 59.8658752441, 150.693161011, 49.1687812805, -0.366058468819, -3.93753170967], [214.189529419, 49.6050453186, 108.899177551, 149.297225952, 80.7740936279, 90.0347442627, 39.3100357056, 53.0953598022, 42.402973175, 49.1687812805, 125.62272644, 29.6592082977, 9.27421188354], [271.005371094, -7.99680042267, -12.4879331589, 60.8325233459, 58.1299438477, 18.0049686432, 29.6235599518, 12.25228405, 20.6453552246, -0.366058468819, 29.6592082977, 125.79044342, 33.7046852112], [33.2899208069, 51.2766914368, -24.9039058685, 1.04511070251, 12.1557712555, 8.05645275116, 19.739654541, 4.89050149918, 0.0115502076223, -3.93753170967, 9.27421188354, 33.7046852112, 81.8617706299]],
        "icov": [[0.000597843783908, 0.000524693110492, 4.75009001093e-05, -0.000249360367889, -0.000421489123255, -5.92711548961e-05, -0.000611607625615, -0.000117610266898, -0.000409677100834, -0.000386454019463, 4.21718068537e-05, -0.0006962394109, -6.78646247252e-05], [0.000524693110492, 0.00120047887322, 0.000678504293319, -0.000607579830103, -0.000440978765255, -0.00021595635917, -0.000551069446374, -0.000106620398583, -0.000163780292496, -0.000143064549775, -0.000417210685555, -7.11772736395e-05, -0.000455458939541], [4.75009001093e-05, 0.000678504293319, 0.00183760665823, -0.000355560216121, -0.000474272907013, -0.000675846880767, 8.3967592218e-05, 0.000528466363903, -0.000652871094644, 0.000525446783286, -0.00118369923439, 0.000933057337534, -2.03204872378e-05], [-0.000249360367889, -0.000607579830103, -0.000355560216121, 0.00312151480466, -0.000914112548344, -0.00036210680264, 0.000308764108922, -0.00101338478271, -0.000441589421825, 0.000320838531479, -0.00151541479863, -0.0003339703253, 0.000816105748527], [-0.000421489123255, -0.000440978765255, -0.000474272907013, -0.000914112548344, 0.00692707067356, -0.000455054047052, 0.000340482394677, -0.00123863422778, -0.00244150939398, 9.88487154245e-05, -0.000210793572478, -0.00134452385828, -9.43631894188e-05], [-5.92711548961e-05, -0.00021595635917, -0.000675846880767, -0.00036210680264, -0.000455054047052, 0.00511745223776, -0.00214514904656, -0.00144547934178, 0.000303326058201, -0.00211806385778, -0.000244695344009, 0.000375017611077, -0.000102653859358], [-0.000611607625615, -0.000551069446374, 8.3967592218e-05, 0.000308764108922, 0.000340482394677, -0.00214514904656, 0.00619137147442, 0.00066300627077, 0.000681126199197, -0.0018415118102, 0.000532765581738, -0.000260127475485, -0.000798431632575], [-0.000117610266898, -0.000106620398583, 0.000528466363903, -0.00101338478271, -0.00123863422778, -0.00144547934178, 0.00066300627077, 0.00925882626325, -0.00242763594724, 0.000960143224802, -0.00112910149619, 0.00130110804457, -0.000459759787191], [-0.000409677100834, -0.000163780292496, -0.000652871094644, -0.000441589421825, -0.00244150939398, 0.000303326058201, 0.000681126199197, -0.00242763594724, 0.0124514298514, -0.00265544676222, 0.000871192547493, -0.000132813089294, 0.000216189277126], [-0.000386454019463, -0.000143064549775, 0.000525446783286, 0.000320838531479, 9.88487154245e-05, -0.00211806385778, -0.0018415118102, 0.000960143224802, -0.00265544676222, 0.0120521169156, -0.0029122417327, 0.00221256539226, 0.000982023426332], [4.21718068537e-05, -0.000417210685555, -0.00118369923439, -0.00151541479863, -0.000210793572478, -0.000244695344009, 0.000532765581738, -0.00112910149619, 0.000871192547493, -0.0029122417327, 0.0129676181823, -0.0024002941791, -0.00072325655492], [-0.0006962394109, -7.11772736395e-05, 0.000933057337534, -0.0003339703253, -0.00134452385828, 0.000375017611077, -0.000260127475485, 0.00130110804457, -0.000132813089294, 0.00221256539226, -0.0024002941791, 0.0117904338986, -0.00371248973534], [-6.78646247252e-05, -0.000455458939541, -2.03204872378e-05, 0.000816105748527, -9.43631894188e-05, -0.000102653859358, -0.000798431632575, -0.000459759787191, 0.000216189277126, 0.000982023426332, -0.00072325655492, -0.00371248973534, 0.014413787052]]
    },
    "spectral_contrast_coeffs": {
        "max": [-0.346628606319, -0.423729360104, -0.398110061884, -0.566192746162, -0.513452410698, -0.553680956364],
        "mean": [-0.725686311722, -0.745395362377, -0.740023672581, -0.796877741814, -0.788060247898, -0.769311547279],
        "min": [-0.925062298775, -0.928429186344, -0.918121933937, -0.908384621143, -0.911022186279, -0.958470404148],
        "stdev": [0.0772878527641, 0.0814371854067, 0.0790577381849, 0.0605003722012, 0.0497442595661, 0.0483504571021]
    },
    "spectral_contrast_valleys": {
        "max": [-4.50056648254, -4.4919667244, -5.74295186996, -5.80455636978, -5.7927236557, -7.34800100327],
        "mean": [-6.61946582794, -6.58732557297, -7.48741722107, -7.9166932106, -7.82424497604, -10.2064228058],
        "min": [-11.5493526459, -8.91536998749, -9.24743652344, -10.1194267273, -13.5027484894, -15.84815979],
        "stdev": [1.38123703003, 0.567141354084, 0.565522372723, 0.559102058411, 0.815119802952, 1.55026912689]
    }
},
"rhythm": {
    "beats_count": 78,
    "beats_loudness": {
        "max": 0.131451487541,
        "mean": 0.0723053514957,
        "min": 0.000754796084948,
        "stdev": 0.0348579362035
    },
    "bpm": 96.9478225708,
    "bpm_histogram_first_peak_bpm": 98,
    "bpm_histogram_first_peak_weight": 0.337662339211,
    "bpm_histogram_second_peak_bpm": 0,
    "bpm_histogram_second_peak_spread": 0,
    "bpm_histogram_second_peak_weight": 0,
    "danceability": 1.27137231827,
    "onset_rate": 4.224609375,
    "beats_loudness_band_ratio": {
        "max": [0.974472880363, 0.953974962234, 0.734042525291, 0.932183802128, 0.161951288581, 0.918569266796],
        "mean": [0.679618597031, 0.100556358695, 0.0961395874619, 0.0787464752793, 0.0190932154655, 0.0555980019271],
        "min": [0.000359701341949, 0.00609442219138, 0.00454798061401, 0.000819597393274, 0.00062731403159, 0.000362709484762],
        "stdev": [0.328382521868, 0.160636544228, 0.146783664823, 0.166194036603, 0.0263736080378, 0.13072925806]
    },
