{
"metadata": {
    "version": {
        "essentia": "2.1-beta5",
        "essentia_git_sha": "Undefined",
        "extractor": "music 2.0"
    },
    "audio_properties": {
        "analysis": {
            "equal_loudness": 0,
            "length": 24.2648525238,
            "sample_rate": 44100,
            "start_time": 175.240997314,
            "downmix": "mix"
        },
        "bit_rate": 192000,
        "length": 199.529083252,
        "lossless": 0,
        "number_channels": 2,
        "replay_gain": -0.520793914795,
        "sample_rate": 48000,
        "codec": "mp3",
        "md5_encoded": "25e1316864008852431f9b598244863b"
    },
    "tags": {
        "file_name": "Lithuania_When We_re Old_Ieva Zasimauskaitė.mp3",
        "encoding": ["Lavf58.29.100"]
    }
},
"lowlevel": {
    "average_loudness": 0.593819379807,
    "barkbands_crest": {
        "max": 26.1203079224,
        "mean": 10.9603242874,
        "min": 3.59629607201,
        "stdev": 4.63480186462
    },
    "barkbands_flatness_db": {
        "max": 0.589086472988,
        "mean": 0.228239685297,
        "min": 0.0667232275009,
        "stdev": 0.100628130138
    },
    "barkbands_kurtosis": {
        "max": 126.108169556,
        "mean": 7.01038074493,
        "min": -1.95771515369,
        "stdev": 13.3659324646
    },
    "barkbands_skewness": {
        "max": 7.95176649094,
        "mean": 1.54092872143,
        "min": -2.06830811501,
        "stdev": 1.3098359108
    },
    "barkbands_spread": {
        "max": 84.2353057861,
        "mean": 9.50049495697,
        "min": 0.140836372972,
        "stdev": 8.26901721954
    },
    "dissonance": {
        "max": 0.499999761581,
        "mean": 0.441303580999,
        "min": 0.0985164344311,
        "stdev": 0.0813368633389
    },
    "dynamic_complexity": 5.60545158386,
    "erbbands_crest": {
        "max": 29.9401035309,
        "mean": 11.3095378876,
        "min": 3.51002907753,
        "stdev": 4.92869853973
    },
    "erbbands_flatness_db": {
        "max": 0.53096729517,
        "mean": 0.269293129444,
        "min": 0.0765792429447,
        "stdev": 0.067320086062
    },
    "erbbands_kurtosis": {
        "max": 84.3611297607,
        "mean": 3.18280959129,
        "min": -1.87854635715,
        "stdev": 6.71749210358
    },
    "erbbands_skewness": {
        "max": 6.24300813675,
        "mean": 1.11227989197,
        "min": -5.29579353333,
        "stdev": 0.924776375294
    },
    "erbbands_spread": {
        "max": 155.715606689,
        "mean": 18.5856361389,
        "min": 0.68479514122,
        "stdev": 15.0368537903
    },
    "hfc": {
        "max": 82.3090820312,
        "mean": 17.4726238251,
        "min": 0.0255694910884,
        "stdev": 18.7994689941
    },
    "loudness_ebu128": {
        "integrated": -23.0992527008,
        "loudness_range": 12.2759380341,
        "momentary": {
            "max": -18.9296722412,
            "mean": -26.7419528961,
            "min": -39.9232025146,
            "stdev": 5.79406452179
        },
        "short_term": {
            "max": -19.3689002991,
            "mean": -25.6356334686,
            "min": -32.4740066528,
            "stdev": 4.48941659927
        }
    },
    "melbands_crest": {
        "max": 29.3616409302,
        "mean": 13.8724117279,
        "min": 4.44331741333,
        "stdev": 5.25189065933
    },
    "melbands_flatness_db": {
        "max": 0.747825324535,
        "mean": 0.270590960979,
        "min": 0.0829940363765,
        "stdev": 0.145800679922
    },
    "melbands_kurtosis": {
        "max": 184.984725952,
        "mean": 11.3391885757,
        "min": -1.89871501923,
        "stdev": 19.1604537964
    },
    "melbands_skewness": {
        "max": 10.4416856766,
        "mean": 1.99289023876,
        "min": -0.886206507683,
        "stdev": 1.52879071236
    },
    "melbands_spread": {
        "max": 219.086791992,
        "mean": 13.4640550613,
        "min": 0.398508727551,
        "stdev": 14.1147966385
    },
    "pitch_salience": {
        "max": 0.880125522614,
        "mean": 0.631554663181,
        "min": 0.14992377162,
        "stdev": 0.150816380978
    },
    "silence_rate_20dB": {
        "max": 1,
        "mean": 1,
        "min": 1,
        "stdev": 0
    },
    "silence_rate_30dB": {
        "max": 1,
        "mean": 1,
        "min": 1,
        "stdev": 0
    },
    "silence_rate_60dB": {
        "max": 1,
        "mean": 0.258126199245,
        "min": 0,
        "stdev": 0.437606066465
    },
    "spectral_centroid": {
        "max": 5253.01318359,
        "mean": 1065.26721191,
        "min": 172.645843506,
        "stdev": 609.732421875
    },
    "spectral_complexity": {
        "max": 44,
        "mean": 16.7887191772,
        "min": 0,
        "stdev": 12.9681243896
    },
    "spectral_decrease": {
        "max": -2.32211506968e-11,
        "mean": -4.28019708565e-09,
        "min": -2.01714787096e-08,
        "stdev": 3.92572419017e-09
    },
    "spectral_energy": {
        "max": 0.0830953419209,
        "mean": 0.0177392698824,
        "min": 8.99609440239e-05,
        "stdev": 0.0163969360292
    },
    "spectral_energyband_high": {
        "max": 0.00386456167325,
        "mean": 0.000272377248621,
        "min": 1.36875299983e-09,
        "stdev": 0.000368740933482
    },
    "spectral_energyband_low": {
        "max": 0.0123739102855,
        "mean": 0.00077457545558,
        "min": 4.78010178995e-07,
        "stdev": 0.00147131481208
    },
    "spectral_energyband_middle_high": {
        "max": 0.0477537661791,
        "mean": 0.00804440956563,
        "min": 4.83819746933e-07,
        "stdev": 0.0100163752213
    },
    "spectral_energyband_middle_low": {
        "max": 0.0540823824704,
        "mean": 0.00928146578372,
        "min": 3.54308904207e-05,
        "stdev": 0.00947550311685
    },
    "spectral_entropy": {
        "max": 8.70308208466,
        "mean": 7.05016040802,
        "min": 3.75083708763,
        "stdev": 0.997260212898
    },
    "spectral_flux": {
        "max": 0.222132384777,
        "mean": 0.063508681953,
        "min": 0.00323403789662,
        "stdev": 0.0455937348306
    },
    "spectral_kurtosis": {
        "max": 647.496276855,
        "mean": 23.3645629883,
        "min": -1.15351688862,
        "stdev": 55.3169746399
    },
    "spectral_rms": {
        "max": 0.00900381151587,
        "mean": 0.00365628348663,
        "min": 0.0002962545841,
        "stdev": 0.00198449008167
    },
    "spectral_rolloff": {
        "max": 10895.8007812,
        "mean": 1216.40075684,
        "min": 150.732421875,
        "stdev": 908.847351074
    },
    "spectral_skewness": {
        "max": 21.5162467957,
        "mean": 2.79602718353,
        "min": -0.402428090572,
        "stdev": 2.7339849472
    },
    "spectral_spread": {
        "max": 11325114,
        "mean": 3021872.75,
        "min": 261724.40625,
        "stdev": 1380685
    },
    "spectral_strongpeak": {
        "max": 9.1793050766,
        "mean": 0.999928116798,
        "min": 0.0131388464943,
        "stdev": 0.969729423523
    },
    "zerocrossingrate": {
        "max": 0.30126953125,
        "mean": 0.0475560724735,
        "min": 0.0048828125,
        "stdev": 0.0293357335031
    },
    "barkbands": {
        "max": [9.30710812099e-05, 0.00365271023475, 0.00913203321397, 0.0023941854015, 0.0332924574614, 0.028338752687, 0.00732287857682, 0.0125336386263, 0.0478468239307, 0.0346246622503, 0.0178653150797, 0.00721819745377, 0.0164540540427, 0.00471961963922, 0.00375037197955, 0.00358727620915, 0.00272760633379, 0.00325230043381, 0.00456607481465, 0.00057649059454, 0.000650735222735, 0.00319116353057, 0.00105786358472, 0.000492851482704, 0.000733688531909, 0.000325760076521, 9.53560265771e-06],
        "mean": [5.53916333956e-06, 0.000136520524393, 0.000554591359105, 0.000157711649081, 0.00134424353018, 0.000930758367758, 0.000320197228575, 0.000733888300601, 0.00449138274416, 0.00336392689496, 0.00145359605085, 0.000745769124478, 0.000996831688099, 0.000583690474741, 0.000462005671579, 0.000402119359933, 0.000320774328429, 0.000242412541411, 0.000180109331268, 8.32367513794e-05, 7.41538751754e-05, 6.19458660367e-05, 4.48985956609e-05, 2.68676812993e-05, 1.61725565704e-05, 5.86384567214e-06, 7.7355487349e-08],
        "min": [8.36798452752e-09, 1.63777293949e-08, 7.85056286645e-08, 5.39124940246e-08, 2.01438024305e-06, 1.31253818836e-06, 1.11841082173e-07, 1.06169956382e-07, 3.91843997249e-07, 4.95822334301e-08, 6.32547809687e-08, 4.68953693655e-08, 2.01492711405e-09, 1.03172936861e-08, 4.97873908767e-10, 5.74209430004e-11, 4.03084579603e-11, 4.73294875514e-11, 3.80661925592e-11, 4.12862348476e-11, 5.78564106346e-11, 7.24896392912e-11, 8.08383013307e-11, 1.31534991232e-10, 1.57833454639e-10, 1.34100744398e-10, 1.46314196869e-10],
        "stdev": [9.4472325145e-06, 0.000362987600965, 0.00112447421998, 0.000307409995003, 0.00384594826028, 0.00290770828724, 0.000581795640755, 0.001139858854, 0.0067812227644, 0.00510101532564, 0.00252711027861, 0.00103423022665, 0.00166778638959, 0.000777928100433, 0.000622247054707, 0.00056731258519, 0.000447422149591, 0.000379794102628, 0.000386128609534, 0.000105823113699, 9.44262428675e-05, 0.000152790598804, 8.45202157507e-05, 4.08369196521e-05, 3.57158205588e-05, 1.45870262713e-05, 3.95478195969e-07]
    },
    "erbbands": {
        "max": [0.0347623191774, 1.17723989487, 8.66379928589, 7.47094774246, 58.9628601074, 184.970855713, 185.393127441, 338.781890869, 85.3736953735, 131.421936035, 351.883361816, 1243.75292969, 1246.4465332, 847.859558105, 641.737792969, 252.836578369, 851.063659668, 318.513092041, 199.158233643, 202.753860474, 191.690551758, 145.638305664, 188.640090942, 185.233474731, 136.095504761, 23.3762454987, 23.0632781982, 20.7823295593, 156.498382568, 37.2982292175, 37.5323448181, 14.8386240005, 7.08609294891, 5.47878026962, 7.19145202637, 2.18506479263, 0.392579823732, 0.03661769256, 0.000899714941625, 0.000101001001894],
        "mean": [0.00141652382445, 0.0494108982384, 0.526850998402, 0.623267829418, 1.33964347839, 6.2697725296, 6.6934671402, 8.52770900726, 3.81925272942, 7.25733566284, 28.8603153229, 100.54825592, 119.911247253, 83.8214569092, 52.0770950317, 31.7983798981, 45.8284645081, 33.4800453186, 26.4185428619, 23.0742645264, 21.2403659821, 18.0758361816, 14.2293233871, 11.0586280823, 6.75656175613, 3.91633820534, 3.37153244019, 2.63414978981, 2.37003707886, 1.67060983181, 1.24425244331, 0.701778054237, 0.38590875268, 0.209413796663, 0.0989184528589, 0.0369805470109, 0.00854913517833, 0.000905592576601, 3.00208503177e-05, 2.25245057663e-05],
        "min": [1.36422966079e-06, 9.56178701017e-06, 0.000100120792922, 0.000750714214519, 0.00266932393424, 0.00915842037648, 0.00696929218248, 0.00580762047321, 0.00307455915026, 0.00339057622477, 0.0046852407977, 0.011558146216, 0.0111206900328, 0.00301967398264, 0.00187361624558, 0.00196643988602, 0.000508370809257, 0.000992023851722, 0.00048549452913, 6.96521237842e-05, 1.54085319082e-05, 4.94693949804e-06, 3.68650739802e-06, 3.52644474333e-06, 2.25782082452e-06, 2.28534941016e-06, 2.66863480647e-06, 2.9742022889e-06, 3.14302769766e-06, 2.76746754935e-06, 3.37902179126e-06, 3.40838118973e-06, 2.44939155891e-06, 2.37382869273e-06, 1.72158752321e-06, 1.04667003598e-06, 5.99090810738e-07, 1.80348393997e-07, 1.20051112162e-07, 1.03851228062e-07],
        "stdev": [0.00354992086068, 0.119728252292, 1.06774306297, 1.01712179184, 3.9857840538, 19.8309059143, 20.1491565704, 29.8484725952, 6.17860507965, 10.2720985413, 41.831703186, 156.77935791, 185.916122437, 129.700653076, 80.6011352539, 42.9013328552, 79.1422424316, 43.6258468628, 34.7982711792, 30.9697341919, 29.7361850739, 24.838809967, 20.7601528168, 19.9270515442, 11.681769371, 4.87918376923, 4.31970405579, 3.34638738632, 6.97068023682, 2.90483880043, 2.52910804749, 1.1567094326, 0.580802500248, 0.369461834431, 0.285622090101, 0.0979962125421, 0.0210231710225, 0.00246938294731, 5.78906947339e-05, 2.06941240322e-05]
    },
    "gfcc": {
        "mean": [-110.410224915, 114.128723145, -162.028564453, -1.85081064701, -72.5223007202, 6.18129634857, -26.3714313507, -0.71957463026, -15.0669574738, -15.5246782303, -13.5174617767, -10.9511613846, -6.4832034111],
        "cov": [[12809.7548828, -8601.82519531, -5864.94091797, -1563.79052734, -2365.65258789, 873.79486084, -605.014160156, 1966.61828613, -636.554626465, 991.244873047, -651.503540039, 362.907104492, 74.6142730713], [-8601.82519531, 7285.59765625, 4144.33740234, 1173.55310059, 1754.87854004, -984.518371582, 657.496826172, -1593.95227051, 486.018463135, -838.073059082, 712.030273438, -387.086212158, 6.53464984894], [-5864.94091797, 4144.33740234, 4253.57666016, 740.268127441, 838.628479004, -414.181213379, -315.766876221, -969.430053711, 231.986984253, -347.60925293, 448.378479004, -118.001205444, 33.3523826599], [-1563.79052734, 1173.55310059, 740.268127441, 1287.10534668, 389.626464844, -52.9087371826, 205.660842896, -330.744995117, 28.4834308624, -255.499435425, 83.2228775024, -206.615280151, 41.7567863464], [-2365.65258789, 1754.87854004, 838.628479004, 389.626464844, 783.433288574, -250.074523926, 204.558410645, -343.065307617, 80.899810791, -160.396835327, 73.3508758545, -64.0749206543, -19.8120861053], [873.79486084, -984.518371582, -414.181213379, -52.9087371826, -250.074523926, 434.252624512, -80.454750061, 235.538543701, -26.6969985962, 44.9597129822, -67.4281692505, -5.56521701813, -27.674823761], [-605.014160156, 657.496826172, -315.766876221, 205.660842896, 204.558410645, -80.454750061, 559.09954834, -169.37197876, 41.7597465515, -116.100517273, -25.3684215546, -73.1689300537, -61.3534393311], [1966.61828613, -1593.95227051, -969.430053711, -330.744995117, -343.065307617, 235.538543701, -169.37197876, 503.319244385, -118.019737244, 174.251708984, -105.899169922, 26.528875351, 42.1871681213], [-636.554626465, 486.018463135, 231.986984253, 28.4834308624, 80.899810791, -26.6969985962, 41.7597465515, -118.019737244, 194.596984863, -83.4280166626, 59.7330589294, 17.0316314697, -39.0850410461], [991.244873047, -838.073059082, -347.60925293, -255.499435425, -160.396835327, 44.9597129822, -116.100517273, 174.251708984, -83.4280166626, 242.434799194, -113.312438965, 111.975212097, -11.7056818008], [-651.503540039, 712.030273438, 448.378479004, 83.2228775024, 73.3508758545, -67.4281692505, -25.3684215546, -105.899169922, 59.7330589294, -113.312438965, 227.554901123, -76.9818115234, 44.409866333], [362.907104492, -387.086212158, -118.001205444, -206.615280151, -64.0749206543, -5.56521701813, -73.1689300537, 26.528875351, 17.0316314697, 111.975212097, -76.9818115234, 178.626235962, -54.7728347778], [74.6142730713, 6.53464984894, 33.3523826599, 41.7567863464, -19.8120861053, -27.674823761, -61.3534393311, 42.1871681213, -39.0850410461, -11.7056818008, 44.409866333, -54.7728347778, 110.172599792]],
        "icov": [[0.000826753268484, 1.27420616991e-05, 0.000815158186015, -0.000286220718408, 0.00120560731739, 0.000315764831612, 0.000636602984741, -0.000578469072934, 0.000660700898152, -0.000837739615235, -0.000416966271587, -0.000264269037871, 0.000355254189344], [1.27420616991e-05, 0.0049225082621, -0.00236678961664, 0.00130992603954, -0.00403915252537, 0.00274711637758, -0.00353320245631, 0.00414876779541, -0.00237436313182, 0.00251404987648, -0.00424505304545, 0.00378639111295, -0.000654741888866], [0.000815158186015, -0.00236678961664, 0.00278384564444, -0.000953178619966, 0.00268887239508, -0.00126734154765, 0.00343778333627, -0.000887715548743, 0.00179827795364, -0.0023566368036, 0.000995860202238, -0.0016336721601, 0.000700347474776], [-0.000286220718408, 0.00130992603954, -0.000953178619966, 0.00176111224573, -0.00182509806473, 0.000152983295266, -0.00121905328706, 0.00208296696655, -0.000614639138803, 0.00145572319161, -0.000466795143439, 0.00204102462158, -0.000889550778084], [0.00120560731739, -0.00403915252537, 0.00268887239508, -0.00182509806473, 0.00748012168333, -0.000840602908283, 0.00304648047313, -0.00458790874109, 0.00276059447788, -0.00288273603655, 0.00337312021293, -0.00350600876845, 0.00145848211832], [0.000315764831612, 0.00274711637758, -0.00126734154765, 0.000152983295266, -0.000840602908283, 0.00576678151265, -0.00160067877732, -0.000420874042902, -0.001530315727, 0.00190442462917, -0.00178909080569, 0.00282252486795, 0.00229992554523], [0.000636602984741, -0.00353320245631, 0.00343778333627, -0.00121905328706, 0.00304648047313, -0.00160067877732, 0.00712072709575, -0.000919279875234, 0.00212781131268, -0.00216124625877, 0.0030757302884, -0.000721051474102, 0.0025898956228], [-0.000578469072934, 0.00414876779541, -0.000887715548743, 0.00208296696655, -0.00458790874109, -0.000420874042902, -0.000919279875234, 0.0125347003341, -0.00180856953375, 0.000181385548785, -0.00347698386759, 0.00573612330481, -0.00298655079678], [0.000660700898152, -0.00237436313182, 0.00179827795364, -0.000614639138803, 0.00276059447788, -0.001530315727, 0.00212781131268, -0.00180856953375, 0.00968139152974, 0.00107582414057, -6.54004470562e-05, -0.00476274779066, 0.00257887504995], [-0.000837739615235, 0.00251404987648, -0.0023566368036, 0.00145572319161, -0.00288273603655, 0.00190442462917, -0.00216124625877, 0.000181385548785, 0.00107582414057, 0.0127608794719, 0.000449375656899, -0.00267336983234, -0.000505840231199], [-0.000416966271587, -0.00424505304545, 0.000995860202238, -0.000466795143439, 0.00337312021293, -0.00178909080569, 0.0030757302884, -0.00347698386759, -6.54004470562e-05, 0.000449375656899, 0.0120648629963, -0.000891877803952, -0.00167110445909], [-0.000264269037871, 0.00378639111295, -0.0016336721601, 0.00204102462158, -0.00350600876845, 0.00282252486795, -0.000721051474102, 0.00573612330481, -0.00476274779066, -0.00267336983234, -0.000891877803952, 0.0161447394639, 0.00356815522537], [0.000355254189344, -0.000654741888866, 0.000700347474776, -0.000889550778084, 0.00145848211832, 0.00229992554523, 0.0025898956228, -0.00298655079678, 0.00257887504995, -0.000505840231199, -0.00167110445909, 0.00356815522537, 0.0157346054912]]
    },
    "melbands": {
        "max": [0.000657616532408, 0.00324444263242, 0.00154424086213, 0.00718453899026, 0.00484798429534, 0.00671639712527, 0.00119872693904, 0.00114509183913, 0.00314039620571, 0.00845335610211, 0.00630901148543, 0.00352632417344, 0.00210810406134, 0.000771792489104, 0.00139588105958, 0.00153133331332, 0.000507319287863, 0.000316229474265, 0.000312597927405, 0.000243457689066, 0.000200465452508, 0.000174048327608, 0.000119892094517, 0.000202753202757, 0.000171446343302, 0.000215990978177, 3.89105371141e-05, 1.6379643057e-05, 1.64039247466e-05, 2.25717558351e-05, 1.09733628051e-05, 8.76340200193e-05, 6.83513353579e-05, 1.98127800104e-05, 2.66284696409e-05, 1.21741668409e-05, 8.21511821414e-06, 5.38109679837e-06, 4.33450395576e-06, 4.91590662932e-06],
        "mean": [2.43181184487e-05, 0.000196749242605, 0.00011996820831, 0.000272310426226, 0.000255896447925, 0.000177325040568, 6.18300255155e-05, 8.51822987897e-05, 0.000284882611595, 0.00068032956915, 0.000593905744608, 0.00034595298348, 0.00018699975044, 9.25799758988e-05, 9.31716422201e-05, 9.45963183767e-05, 5.8064746554e-05, 4.28948769695e-05, 3.39676189469e-05, 2.88703795377e-05, 2.36139494518e-05, 1.88401099877e-05, 1.52431930474e-05, 1.12129910121e-05, 8.81718096934e-06, 6.66639107294e-06, 3.14448379868e-06, 2.42187206823e-06, 2.19528806156e-06, 1.7729244064e-06, 1.41538623666e-06, 1.34828792397e-06, 1.1402050859e-06, 8.58173962115e-07, 7.57972486554e-07, 5.53165705242e-07, 3.80866623573e-07, 2.82090383052e-07, 2.13543572158e-07, 1.63893048466e-07],
        "min": [8.33258884114e-09, 5.16302378628e-08, 1.78681744956e-07, 3.99994661393e-07, 3.57793169314e-07, 1.47262738892e-07, 3.34157590487e-08, 3.01777838274e-08, 4.98328383003e-08, 4.55697630741e-08, 2.85953998258e-08, 1.02045234485e-08, 5.39274358502e-09, 4.47789494373e-09, 7.20043469293e-10, 1.02575081762e-09, 1.23158727661e-09, 1.65209956826e-10, 3.20032472745e-11, 2.74485729285e-12, 2.79058330263e-12, 2.50141400648e-12, 1.75509151483e-12, 2.51700440004e-12, 1.72521122822e-12, 1.11281079837e-12, 1.09214178499e-12, 1.31863606406e-12, 1.19446228082e-12, 1.64685734667e-12, 1.27050898014e-12, 1.21771061116e-12, 1.29364737238e-12, 1.20390709121e-12, 1.45532674453e-12, 1.16219739995e-12, 1.26443343643e-12, 1.33022531792e-12, 1.29155670534e-12, 1.23482018881e-12],
        "stdev": [6.38813216938e-05, 0.000395110953832, 0.000195485030417, 0.000856682367157, 0.000677395204548, 0.000595949648414, 0.000102774261904, 0.000112632158562, 0.00042850052705, 0.00106201914605, 0.000927258166485, 0.000540822395124, 0.000306738191284, 0.000126606581034, 0.000161805961397, 0.000155138244736, 7.68495883676e-05, 5.81745880481e-05, 4.57745809399e-05, 4.11507680838e-05, 3.40668557328e-05, 2.69100783044e-05, 2.0922117983e-05, 1.92774168681e-05, 1.69801278389e-05, 1.58513412316e-05, 4.29503052146e-06, 3.07290406454e-06, 2.88454134534e-06, 2.40573308474e-06, 1.80431095487e-06, 3.99361942982e-06, 3.00847159451e-06, 1.43170825595e-06, 1.63372669704e-06, 1.02796957435e-06, 6.31396289918e-07, 4.39467783053e-07, 3.30125118353e-07, 3.15999812983e-07]
    },
    "melbands128": {
        "max": [6.26361870673e-05, 0.000144337915117, 0.000718691619113, 0.00218792143278, 0.00416642613709, 0.00431776419282, 0.0016546251718, 0.00136997294612, 0.00518772937357, 0.0130287548527, 0.0138306645676, 0.0106930658221, 0.00927936658263, 0.00981555972248, 0.00966689363122, 0.00884376093745, 0.00145083561074, 0.00103438599035, 0.00291169877164, 0.0018009779742, 0.00136702228338, 0.00257046637125, 0.00473367236555, 0.00794771034271, 0.010239825584, 0.0130065111443, 0.0140112256631, 0.0101220561191, 0.0070851650089, 0.00562585098669, 0.00536516588181, 0.00343282334507, 0.00339099415578, 0.00330882915296, 0.00158393417951, 0.00109915132634, 0.00070727133425, 0.00255554285832, 0.00228572823107, 0.00368699245155, 0.00100273638964, 0.000915879092645, 0.000755810993724, 0.000671796908136, 0.000573769328184, 0.00043203443056, 0.000587411632296, 0.000361640122719, 0.000359546073014, 0.000316680554533, 0.000423522258643, 0.000268282310572, 0.000431294174632, 0.000313338532578, 0.000284736946924, 0.000279786647297, 0.000250783661613, 0.000228774122661, 0.000116027360491, 0.000268071307801, 0.000265815469902, 0.00038157615927, 0.000175757100806, 0.000184401273145, 0.000575805199333, 0.000251035031397, 7.77827444836e-05, 9.01783569134e-05, 4.81331881019e-05, 2.25051389862e-05, 2.20235378947e-05, 1.99101359613e-05, 2.08529763768e-05, 2.57416959357e-05, 2.54344868154e-05, 2.74554677162e-05, 2.23784572881e-05, 1.15610600915e-05, 1.24010630316e-05, 1.87615114555e-05, 7.14604684617e-05, 0.000153852510266, 0.000178880363819, 4.25939870183e-05, 2.57941646851e-05, 1.69643572008e-05, 2.05193191505e-05, 3.18186030199e-05, 3.05913818011e-05, 3.51911330654e-05, 1.48257531691e-05, 1.40508336699e-05, 1.38554396472e-05, 9.9428161775e-06, 6.65538254907e-06, 6.88993895892e-06, 5.50546246814e-06, 4.22716811954e-06, 3.9149508666e-06, 6.48363311484e-06, 6.44528654448e-06, 5.42823454452e-06, 5.01817658005e-06, 4.71588464279e-06, 9.50064622884e-06, 1.62160358741e-05, 8.68352162797e-06, 5.10203790327e-06, 4.00021735913e-06, 5.65418258702e-06, 1.85793658147e-06, 1.07330879473e-06, 1.0768520724e-06, 8.99962287804e-07, 4.23749384026e-07, 4.8240013939e-07, 4.41387385308e-07, 6.54212186646e-08, 5.25486925085e-08, 2.18311697608e-08, 1.82594417364e-09, 7.63482965738e-09, 5.61321034098e-09, 1.50321710635e-09, 1.50375834007e-09, 1.46346723628e-09, 1.43997780366e-09, 1.43201484004e-09],
        "mean": [3.06143670059e-06, 4.52209451396e-06, 2.09857007576e-05, 8.36299077491e-05, 0.000249763979809, 0.00026320698089, 0.000123240432004, 7.79621186666e-05, 8.54138997965e-05, 0.000288822047878, 0.000415671267547, 0.000275571568636, 0.000221378053539, 0.000199968853849, 0.000268310948741, 0.00010640086839, 3.38062345691e-05, 5.72278804611e-05, 9.40295867622e-05, 6.53180177324e-05, 7.8818979091e-05, 0.000143975936226, 0.000280600914266, 0.000446357938927, 0.000660381978378, 0.000786621880252, 0.00071910303086, 0.000608440546785, 0.000444384349976, 0.00042713721632, 0.000297725229757, 0.000213667808566, 0.000193849831703, 0.000167387333931, 9.65888684732e-05, 7.66249795561e-05, 6.69094297336e-05, 9.35169591685e-05, 0.000104588943941, 0.000117169925943, 9.05847045942e-05, 6.79272197885e-05, 5.84694644203e-05, 5.38288077223e-05, 4.6806242608e-05, 4.05062201025e-05, 3.92692818423e-05, 3.4947963286e-05, 3.15504221362e-05, 2.94914643746e-05, 2.9072711186e-05, 2.75809052255e-05, 2.53566868196e-05, 2.22168437176e-05, 1.89332913578e-05, 1.83007505257e-05, 1.89166985365e-05, 1.75452969415e-05, 1.25516262415e-05, 1.34168885779e-05, 1.07765308712e-05, 1.08054318844e-05, 8.11227346276e-06, 7.15889336789e-06, 1.2025317119e-05, 6.61347985442e-06, 4.02585192205e-06, 3.26303484144e-06, 3.132734264e-06, 2.65092648988e-06, 2.35571860685e-06, 2.32978095482e-06, 2.36385812968e-06, 2.1898945306e-06, 1.99118426281e-06, 1.79242124432e-06, 1.70126429566e-06, 1.58154512064e-06, 1.39118185416e-06, 1.23380721107e-06, 1.22300821204e-06, 1.51264225678e-06, 1.39548819789e-06, 1.06765560304e-06, 9.89458953882e-07, 8.30002818475e-07, 8.42503766307e-07, 8.40871678065e-07, 7.64339745274e-07, 7.05399600065e-07, 6.0618816633e-07, 5.21950823895e-07, 4.34843343555e-07, 3.85984719742e-07, 3.42898772487e-07, 3.124264083e-07, 2.69555130217e-07, 2.38074704839e-07, 2.20700258069e-07, 1.97526688339e-07, 1.79042260129e-07, 1.62512179713e-07, 1.42303903772e-07, 1.186538654e-07, 1.08019541756e-07, 1.02855473472e-07, 9.36059336709e-08, 7.99357948722e-08, 6.17156246108e-08, 4.82956856729e-08, 3.52978659635e-08, 2.9477089214e-08, 2.62018904351e-08, 2.09929034156e-08, 1.44158551763e-08, 9.63380397678e-09, 3.14720938199e-09, 1.76503672789e-10, 6.10910835808e-11, 3.49518018694e-11, 6.86034909436e-12, 1.60085798784e-11, 1.36843444562e-11, 5.40624099307e-12, 4.67214331459e-12, 4.15253161717e-12, 3.87575301714e-12, 3.80831217256e-12],
        "min": [1.57144089408e-10, 9.71087876778e-10, 1.98943217455e-09, 9.34966770672e-10, 3.10202796783e-09, 3.89164966919e-08, 5.25169845389e-08, 2.93810362706e-08, 4.22132337974e-08, 1.99510807875e-07, 1.45518768591e-07, 5.32329167413e-08, 7.80358391239e-08, 7.31876852456e-08, 4.03512245839e-08, 4.23327506383e-08, 9.41162880963e-09, 2.69257807162e-08, 2.25327720926e-08, 2.05608845505e-08, 1.45758018988e-08, 2.00940970529e-08, 1.18799006188e-08, 3.67880481633e-08, 9.62887902745e-09, 6.02077498968e-09, 1.45841738686e-08, 8.49845083195e-09, 3.80917741793e-09, 4.44950476464e-09, 5.75437564265e-09, 3.52224072131e-09, 7.58004881085e-10, 1.63912183826e-09, 2.26495577849e-09, 4.63205962475e-09, 1.46200651585e-09, 7.96699040073e-10, 2.2433790936e-10, 9.21387202646e-11, 1.10873962789e-10, 8.18012102499e-10, 5.56485413306e-10, 3.9821393405e-10, 1.3679304911e-10, 7.7668441123e-11, 2.96376916065e-11, 3.56818845304e-11, 2.76927855647e-11, 2.10884651755e-12, 2.22127372919e-12, 2.66141535893e-12, 1.87520094938e-12, 1.39779388151e-12, 1.88297055899e-12, 1.97567049526e-12, 2.1097578979e-12, 6.28550868038e-13, 1.63840534022e-12, 2.40309985453e-12, 1.29628230892e-12, 1.14524199585e-12, 1.52619377639e-12, 8.92033463155e-13, 1.00019439345e-12, 8.61848515731e-13, 9.05825761621e-13, 6.70241639966e-13, 8.3208900924e-13, 6.50988215157e-13, 9.70836692288e-13, 1.23586243236e-12, 1.2007800353e-12, 5.64813549663e-13, 1.1892913954e-12, 1.18022562209e-12, 1.51242083093e-12, 7.82713737574e-13, 7.77715131878e-13, 8.23274337158e-13, 4.50280058465e-13, 6.64129558639e-13, 7.6755529016e-13, 1.13184678643e-12, 9.66221894161e-13, 7.96088021893e-13, 7.66289267283e-13, 9.93561786664e-13, 9.5985838635e-13, 1.05891597574e-12, 7.33450951883e-13, 7.51724583189e-13, 9.70601528837e-13, 7.73694801802e-13, 9.42260375628e-13, 7.3796627446e-13, 4.1204721384e-13, 6.64496018973e-13, 7.53288273772e-13, 5.5413686877e-13, 7.87898663413e-13, 8.05596908626e-13, 8.61068107007e-13, 6.66253619115e-13, 3.83406549781e-13, 6.01004435021e-13, 5.96272163589e-13, 6.70110776764e-13, 5.39981362575e-13, 2.99318024793e-13, 6.62491003896e-13, 5.78169185705e-13, 5.32612907771e-13, 4.76407487678e-13, 4.49504420231e-13, 4.39603784147e-13, 4.67293467376e-13, 4.36017107835e-13, 4.03820423281e-13, 4.52567372683e-13, 4.3592945009e-13, 4.58236313478e-13, 4.52327167692e-13, 4.40288972815e-13, 3.07375788234e-13, 1.2431120586e-13, 1.81503033089e-14, 5.03452561046e-16],
        "stdev": [5.03732053403e-06, 9.7711381386e-06, 7.18108349247e-05, 0.000225524287089, 0.000525202893186, 0.000532294332515, 0.000208906771149, 0.000164071738254, 0.00027461576974, 0.00114344991744, 0.00143668823875, 0.000997782801278, 0.000882110092789, 0.000772081839386, 0.00104669504799, 0.000450872990768, 7.43493510527e-05, 0.00011283193453, 0.000220444824663, 0.000124679048895, 0.000129739681142, 0.000253414560575, 0.000498987268656, 0.000839782471303, 0.00119795976207, 0.00145681854337, 0.00143073301297, 0.00108510314021, 0.000793374201749, 0.000747853715438, 0.0005862051039, 0.000430195825174, 0.000370769877918, 0.000312772375764, 0.000168227226823, 0.000123450314277, 0.000106668398075, 0.00022078184702, 0.000221235924982, 0.000285544403596, 0.000156467809575, 0.000114452544949, 8.96145793376e-05, 8.12221405795e-05, 7.52983178245e-05, 6.53757306281e-05, 6.243315147e-05, 5.40670007467e-05, 4.76430977869e-05, 4.71321291116e-05, 4.70181075798e-05, 4.34314752056e-05, 4.21310433012e-05, 3.69663139281e-05, 2.9977529266e-05, 3.09502429445e-05, 3.04490749841e-05, 2.84644902422e-05, 1.89120582945e-05, 2.60863725998e-05, 1.98389498109e-05, 2.56625644397e-05, 1.53670771397e-05, 1.48238977999e-05, 4.48199207312e-05, 1.61039934028e-05, 6.6261095526e-06, 5.38785798199e-06, 5.15773490406e-06, 3.88701846532e-06, 3.38365612151e-06, 3.39189045917e-06, 3.48884259438e-06, 3.24710799759e-06, 3.06500260194e-06, 2.74130889011e-06, 2.61967284132e-06, 2.22757103074e-06, 1.94796621145e-06, 1.76645539796e-06, 2.73187606581e-06, 6.71004363539e-06, 6.34759544482e-06, 2.31806234297e-06, 1.85016108389e-06, 1.46096897424e-06, 1.46936554302e-06, 1.7503308527e-06, 1.82949656846e-06, 1.79566268343e-06, 1.23460199575e-06, 9.84843495644e-07, 7.68580434851e-07, 7.12213818588e-07, 5.93583536102e-07, 5.22050413565e-07, 4.58910676571e-07, 3.87131279922e-07, 3.51467065229e-07, 3.55220208803e-07, 3.46256996409e-07, 3.43939831282e-07, 3.07670688926e-07, 2.80221655657e-07, 3.57135036211e-07, 5.32975434453e-07, 3.41999736975e-07, 2.32160914493e-07, 1.5968080902e-07, 1.93760044453e-07, 9.42478877164e-08, 7.56576596928e-08, 7.29097706653e-08, 6.26924503422e-08, 3.89651759747e-08, 3.16406314482e-08, 1.68335514417e-08, 2.15962336902e-09, 1.62767843648e-09, 7.16139425538e-10, 7.52397658066e-11, 2.55467286214e-10, 1.9658706607e-10, 5.32543800724e-11, 4.76685531325e-11, 4.59159099631e-11, 4.50250149664e-11, 4.47047052154e-11]
    },
    "mfcc": {
        "mean": [-734.960327148, 140.713485718, -31.1928939819, -8.28000450134, -20.8571109772, -4.68084144592, -5.92172813416, 6.1960849762, -2.00675272942, 2.2148976326, -4.25186777115, -5.85114955902, -10.0282440186],
        "cov": [[15168.9257812, -7648.46386719, -5703.79101562, -3242.59960938, -2238.51806641, -1412.27526855, -446.220367432, 253.779418945, 680.082885742, 371.097625732, 254.583648682, 121.582504272, -99.9403533936], [-7648.46386719, 5169.44091797, 2736.50097656, 1831.49291992, 1041.52160645, 595.100463867, 313.941619873, -224.555740356, -480.702667236, -217.003753662, -132.734481812, -46.4265060425, 102.052314758], [-5703.79101562, 2736.50097656, 3256.31152344, 1162.58068848, 1045.76049805, 417.894348145, 16.7085723877, -300.655151367, -418.636169434, -175.601913452, -225.516067505, 42.0233192444, 99.4917602539], [-3242.59960938, 1831.49291992, 1162.58068848, 1444.69091797, 567.518554688, 485.463531494, 176.25692749, -20.1354351044, -124.452720642, -124.354011536, -40.9966506958, -74.4541168213, -35.4115142822], [-2238.51806641, 1041.52160645, 1045.76049805, 567.518554688, 756.209228516, 120.032989502, 43.14012146, -106.271362305, -138.355026245, -29.5569877625, -130.157791138, 34.368473053, -3.35125350952], [-1412.27526855, 595.100463867, 417.894348145, 485.463531494, 120.032989502, 429.3331604, 63.8417015076, 86.809928894, -1.03896474838, -55.629447937, 54.5710220337, -40.9045753479, 1.8124140501], [-446.220367432, 313.941619873, 16.7085723877, 176.25692749, 43.14012146, 63.8417015076, 278.211578369, 41.7157287598, -8.76527500153, 52.7800712585, -9.82954406738, -43.0658416748, -63.4463882446], [253.779418945, -224.555740356, -300.655151367, -20.1354351044, -106.271362305, 86.809928894, 41.7157287598, 209.32333374, 56.5929298401, 56.6477508545, 55.9220046997, -20.1128349304, -32.0180702209], [680.082885742, -480.702667236, -418.636169434, -124.452720642, -138.355026245, -1.03896474838, -8.76527500153, 56.5929298401, 178.352935791, 5.55049085617, 63.9174804688, -17.8128986359, -32.2356681824], [371.097625732, -217.003753662, -175.601913452, -124.354011536, -29.5569877625, -55.629447937, 52.7800712585, 56.6477508545, 5.55049085617, 121.400352478, -16.8752250671, 13.3753900528, -21.5841388702], [254.583648682, -132.734481812, -225.516067505, -40.9966506958, -130.157791138, 54.5710220337, -9.82954406738, 55.9220046997, 63.9174804688, -16.8752250671, 140.988815308, -16.3155250549, 5.07582759857], [121.582504272, -46.4265060425, 42.0233192444, -74.4541168213, 34.368473053, -40.9045753479, -43.0658416748, -20.1128349304, -17.8128986359, 13.3753900528, -16.3155250549, 82.4617004395, 27.2877540588], [-99.9403533936, 102.052314758, 99.4917602539, -35.4115142822, -3.35125350952, 1.8124140501, -63.4463882446, -32.0180702209, -32.2356681824, -21.5841388702, 5.07582759857, 27.2877540588, 107.052848816]],
        "icov": [[0.000742613454349, 0.000698762596585, 0.000628988491371, -0.000207663411857, 0.000615128898062, 0.000744071381632, 4.62248026452e-05, 0.000488336023409, 0.000633687654044, -3.66791027773e-05, -2.98584709526e-05, -0.000797501706984, -5.78744911763e-05], [0.000698762596585, 0.00123601790983, 0.00037939439062, -0.000605670677032, 0.000490366248414, 0.000764030555729, -0.000516547996085, 0.000502282404341, 0.00127103319392, 0.000327994435793, -0.000342229381204, -0.000698586576618, -0.000589228526223], [0.000628988491371, 0.00037939439062, 0.00154447217938, -9.9180462712e-05, -0.000173164473381, -0.000188792677363, 0.000355769298039, 0.00115202507004, 0.00146039016545, 0.000131415901706, 0.000412503111875, -0.000752466381527, -5.09926539962e-05], [-0.000207663411857, -0.000605670677032, -9.9180462712e-05, 0.00226290803403, -0.00103964121081, -0.00177103059832, -0.00031284004217, -0.000124701400637, -0.00018159870524, 0.000954304588959, 0.000339506485034, 0.0010071847355, 0.000863854133058], [0.000615128898062, 0.000490366248414, -0.000173164473381, -0.00103964121081, 0.00366081506945, 0.00105214328505, 0.000230403398746, 0.000624298118055, 3.61459206033e-05, -0.000837162893731, 0.00113346858416, -0.00206243176945, 0.00065795937553], [0.000744071381632, 0.000764030555729, -0.000188792677363, -0.00177103059832, 0.00105214328505, 0.00655464222655, -0.00050753710093, -0.00264344550669, -0.000543232483324, 0.00134184432682, -0.00159599503968, -0.000484860938741, -0.00130729994271], [4.62248026452e-05, -0.000516547996085, 0.000355769298039, -0.00031284004217, 0.000230403398746, -0.00050753710093, 0.00601796060801, 0.00048164857435, 6.84061451466e-05, -0.0035976790823, 0.00020392308943, 0.00185465603136, 0.00264074769802], [0.000488336023409, 0.000502282404341, 0.00115202507004, -0.000124701400637, 0.000624298118055, -0.00264344550669, 0.00048164857435, 0.00943961460143, 0.000560107349884, -0.00473663257435, -0.00158458936494, -1.94335334527e-05, 0.00133191712666], [0.000633687654044, 0.00127103319392, 0.00146039016545, -0.00018159870524, 3.61459206033e-05, -0.000543232483324, 6.84061451466e-05, 0.000560107349884, 0.01096956525, 0.00123507145327, -0.00255606672727, -0.000206648706808, 0.00190703338012], [-3.66791027773e-05, 0.000327994435793, 0.000131415901706, 0.000954304588959, -0.000837162893731, 0.00134184432682, -0.0035976790823, -0.00473663257435, 0.00123507145327, 0.0148716429248, 0.00208657886833, -0.00279588624835, 0.000232898441027], [-2.98584709526e-05, -0.000342229381204, 0.000412503111875, 0.000339506485034, 0.00113346858416, -0.00159599503968, 0.00020392308943, -0.00158458936494, -0.00255606672727, 0.00208657886833, 0.0113591337577, 0.000154307504999, -0.00119016331155], [-0.000797501706984, -0.000698586576618, -0.000752466381527, 0.0010071847355, -0.00206243176945, -0.000484860938741, 0.00185465603136, -1.94335334527e-05, -0.000206648706808, -0.00279588624835, 0.000154307504999, 0.0172284841537, -0.00303384917788], [-5.78744911763e-05, -0.000589228526223, -5.09926539962e-05, 0.000863854133058, 0.00065795937553, -0.00130729994271, 0.00264074769802, 0.00133191712666, 0.00190703338012, 0.000232898441027, -0.00119016331155, -0.00303384917788, 0.013639123179]]
    },
    "spectral_contrast_coeffs": {
        "max": [-0.441374570131, -0.397138357162, -0.443078279495, -0.55347943306, -0.593641877174, -0.538289129734],
        "mean": [-0.696562051773, -0.730093538761, -0.760419428349, -0.823976457119, -0.802360653877, -0.747242093086],
        "min": [-0.93632209301, -0.916406571865, -0.921118915081, -0.922678351402, -0.940370738506, -0.951923668385],
        "stdev": [0.0766619667411, 0.0875965878367, 0.0669219791889, 0.0414005406201, 0.0389186143875, 0.0705595090985]
    },
    "spectral_contrast_valleys": {
        "max": [-5.97818517685, -5.35777568817, -5.00571012497, -5.6815943718, -6.3273358345, -8.49810600281],
        "mean": [-8.33052062988, -7.21329975128, -7.31490468979, -7.90483570099, -8.59422111511, -11.918129921],
        "min": [-10.4823312759, -9.95820808411, -11.1926546097, -13.5925092697, -14.4644317627, -16.0775699615],
        "stdev": [0.993327379227, 0.95732152462, 1.54755651951, 1.71959710121, 2.04155015945, 2.25832390785]
    }
},
"rhythm": {
    "beats_count": 36,
    "beats_loudness": {
        "max": 0.0656504258513,
        "mean": 0.0206462815404,
        "min": 0.000640135840513,
        "stdev": 0.01636005193
    },
    "bpm": 86.3165054321,
    "bpm_histogram_first_peak_bpm": 86,
    "bpm_histogram_first_peak_weight": 0.421052634716,
    "bpm_histogram_second_peak_bpm": 99,
    "bpm_histogram_second_peak_spread": 0,
    "bpm_histogram_second_peak_weight": 0.142857149243,
    "danceability": 0.760501265526,
    "onset_rate": 1.89483952522,
    "beats_loudness_band_ratio": {
        "max": [0.872873723507, 0.750840783119, 0.669339060783, 0.765463113785, 0.419008821249, 0.112947002053],
        "mean": [0.177680209279, 0.167711809278, 0.301260769367, 0.284032016993, 0.0822429284453, 0.0267498865724],
        "min": [0.000107095569547, 0.00092607922852, 0.00675043975934, 0.000507845368702, 8.47268674988e-05, 4.24025856773e-05],
        "stdev": [0.262227654457, 0.223152115941, 0.180262044072, 0.204596921802, 0.0861559957266, 0.0294404923916]
    },
    "beats_position": [0.684988677502, 1.369977355, 2.0549659729, 2.75156450272, 3.44816327095, 4.14476203918, 4.85297060013, 5.56117916107, 6.26938772202, 6.96598625183, 7.67419481277, 8.37079334259, 9.06739234924, 9.76399040222, 10.4489793777, 11.1339683533, 11.8886165619, 12.6200447083, 13.3630838394, 14.0480718613, 14.7214508057, 15.3948297501, 16.0449886322, 16.6487064362, 17.2524261475, 17.8561439514, 18.4598636627, 19.0635814667, 19.6208610535, 20.1665306091, 20.7121982574, 21.2694778442, 21.826757431, 22.3724250793, 22.918094635, 23.4637641907],
