{
"metadata": {
    "version": {
        "essentia": "2.1-beta5",
        "essentia_git_sha": "Undefined",
        "extractor": "music 2.0"
    },
    "audio_properties": {
        "analysis": {
            "equal_loudness": 0,
            "length": 29.0017242432,
            "sample_rate": 44100,
            "start_time": 48.7386856079,
            "downmix": "mix"
        },
        "bit_rate": 192000,
        "length": 194.374252319,
        "lossless": 0,
        "number_channels": 2,
        "replay_gain": -7.03873443604,
        "sample_rate": 48000,
        "codec": "mp3",
        "md5_encoded": "a9f3845e4aba5f0bbe73041466b60600"
    },
    "tags": {
        "file_name": "United KingdomUK_Cry Baby_Jemini.mp3",
        "encoding": ["Lavf58.29.100"]
    }
},
"lowlevel": {
    "average_loudness": 0.980741560459,
    "barkbands_crest": {
        "max": 24.7777442932,
        "mean": 10.2585659027,
        "min": 2.85638546944,
        "stdev": 4.63013648987
    },
    "barkbands_flatness_db": {
        "max": 0.306311964989,
        "mean": 0.15445831418,
        "min": 0.0699942037463,
        "stdev": 0.0437725037336
    },
    "barkbands_kurtosis": {
        "max": 112.893432617,
        "mean": 3.08789396286,
        "min": -1.94426941872,
        "stdev": 7.50398159027
    },
    "barkbands_skewness": {
        "max": 9.88398933411,
        "mean": 1.42407166958,
        "min": -3.00278973579,
        "stdev": 1.22758150101
    },
    "barkbands_spread": {
        "max": 105.274162292,
        "mean": 29.7298755646,
        "min": 2.41341471672,
        "stdev": 16.4530677795
    },
    "dissonance": {
        "max": 0.500000119209,
        "mean": 0.474290579557,
        "min": 0.371239066124,
        "stdev": 0.0188109781593
    },
    "dynamic_complexity": 1.68650591373,
    "erbbands_crest": {
        "max": 26.6226005554,
        "mean": 8.19812583923,
        "min": 2.25956082344,
        "stdev": 3.87273669243
    },
    "erbbands_flatness_db": {
        "max": 0.317312300205,
        "mean": 0.159893676639,
        "min": 0.086960054934,
        "stdev": 0.0392580889165
    },
    "erbbands_kurtosis": {
        "max": 8.32682514191,
        "mean": -0.0528994314373,
        "min": -1.75410532951,
        "stdev": 1.17188405991
    },
    "erbbands_skewness": {
        "max": 2.02915978432,
        "mean": -0.071971334517,
        "min": -2.82145929337,
        "stdev": 0.652918338776
    },
    "erbbands_spread": {
        "max": 125.166007996,
        "mean": 45.0661964417,
        "min": 7.97066354752,
        "stdev": 19.8954200745
    },
    "hfc": {
        "max": 205.992248535,
        "mean": 30.1852226257,
        "min": 0.900245726109,
        "stdev": 23.1881198883
    },
    "loudness_ebu128": {
        "integrated": -15.834856987,
        "loudness_range": 0.900444030762,
        "momentary": {
            "max": -14.2007598877,
            "mean": -15.9064369202,
            "min": -18.4080429077,
            "stdev": 0.80155646801
        },
        "short_term": {
            "max": -15.1438407898,
            "mean": -15.8772163391,
            "min": -16.9044189453,
            "stdev": 0.322249084711
        }
    },
    "melbands_crest": {
        "max": 33.9917640686,
        "mean": 14.7394857407,
        "min": 2.35929131508,
        "stdev": 5.87864637375
    },
    "melbands_flatness_db": {
        "max": 0.372021466494,
        "mean": 0.179578199983,
        "min": 0.0161231402308,
        "stdev": 0.064225487411
    },
    "melbands_kurtosis": {
        "max": 331.584350586,
        "mean": 14.682890892,
        "min": -1.78223931789,
        "stdev": 23.1160106659
    },
    "melbands_skewness": {
        "max": 15.386882782,
        "mean": 2.90715289116,
        "min": -0.20652140677,
        "stdev": 1.80003011227
    },
    "melbands_spread": {
        "max": 248.377929688,
        "mean": 30.714849472,
        "min": 1.28901207447,
        "stdev": 23.4765300751
    },
    "pitch_salience": {
        "max": 0.833980977535,
        "mean": 0.537369132042,
        "min": 0.0898591950536,
        "stdev": 0.125869855285
    },
    "silence_rate_20dB": {
        "max": 1,
        "mean": 1,
        "min": 1,
        "stdev": 0
    },
    "silence_rate_30dB": {
        "max": 1,
        "mean": 1,
        "min": 1,
        "stdev": 0
    },
    "silence_rate_60dB": {
        "max": 1,
        "mean": 0.00639999983832,
        "min": 0,
        "stdev": 0.0797438696027
    },
    "spectral_centroid": {
        "max": 5398.00878906,
        "mean": 1710.71276855,
        "min": 278.123626709,
        "stdev": 678.171020508
    },
    "spectral_complexity": {
        "max": 55,
        "mean": 22.7824001312,
        "min": 3,
        "stdev": 10.6111917496
    },
    "spectral_decrease": {
        "max": -2.12314582582e-10,
        "mean": -7.98962496162e-09,
        "min": -3.38613972417e-08,
        "stdev": 4.43439152065e-09
    },
    "spectral_energy": {
        "max": 0.13089697063,
        "mean": 0.0328925177455,
        "min": 0.000882980471943,
        "stdev": 0.0175511892885
    },
    "spectral_energyband_high": {
        "max": 0.0238912831992,
        "mean": 0.00179844594095,
        "min": 1.20711783893e-05,
        "stdev": 0.00250779371709
    },
    "spectral_energyband_low": {
        "max": 0.10865970701,
        "mean": 0.014492303133,
        "min": 7.94316838437e-06,
        "stdev": 0.0129973040894
    },
    "spectral_energyband_middle_high": {
        "max": 0.0409564562142,
        "mean": 0.00692459428683,
        "min": 0.000124209851492,
        "stdev": 0.00602439092472
    },
    "spectral_energyband_middle_low": {
        "max": 0.0870007574558,
        "mean": 0.0111496020108,
        "min": 0.000229093959206,
        "stdev": 0.00990181788802
    },
    "spectral_entropy": {
        "max": 8.74562644958,
        "mean": 7.78243112564,
        "min": 6.77134370804,
        "stdev": 0.367350190878
    },
    "spectral_flux": {
        "max": 0.317791879177,
        "mean": 0.102439895272,
        "min": 0.0242453794926,
        "stdev": 0.04795659706
    },
    "spectral_kurtosis": {
        "max": 13.5498733521,
        "mean": 2.66166257858,
        "min": -1.16337108612,
        "stdev": 1.98787784576
    },
    "spectral_rms": {
        "max": 0.0113006355241,
        "mean": 0.00545272277668,
        "min": 0.000928140245378,
        "stdev": 0.00153560261242
    },
    "spectral_rolloff": {
        "max": 10831.2011719,
        "mean": 1960.14282227,
        "min": 64.599609375,
        "stdev": 1868.29187012
    },
    "spectral_skewness": {
        "max": 2.89400172234,
        "mean": 1.20346927643,
        "min": -0.0324315205216,
        "stdev": 0.333553880453
    },
    "spectral_spread": {
        "max": 12040205,
        "mean": 4866011.5,
        "min": 2166890,
        "stdev": 1430737.75
    },
    "spectral_strongpeak": {
        "max": 10.0728225708,
        "mean": 0.819246172905,
        "min": 0.018348634243,
        "stdev": 1.23975217342
    },
    "zerocrossingrate": {
        "max": 0.384765625,
        "mean": 0.0724839866161,
        "min": 0.00927734375,
        "stdev": 0.0430161878467
    },
    "barkbands": {
        "max": [0.00310442200862, 0.0481251180172, 0.0841442495584, 0.0563895925879, 0.0399194099009, 0.0565626323223, 0.0236710049212, 0.00974392797798, 0.0233692917973, 0.0136298974976, 0.0174385868013, 0.0135568166152, 0.0327685065567, 0.014800815843, 0.0113333594054, 0.0129248565063, 0.00970724225044, 0.00857541896403, 0.0062071098946, 0.00741840479895, 0.00408578384668, 0.00455584097654, 0.00609633699059, 0.00970086921006, 0.00844767689705, 1.63318381965e-05, 4.47663879299e-08],
        "mean": [0.000292028213153, 0.0084621515125, 0.00434730667621, 0.00258329627104, 0.00270208530128, 0.00268974597566, 0.000877124315593, 0.00070706626866, 0.00145577441435, 0.000446929887403, 0.000843672838528, 0.00061159604229, 0.00108703039587, 0.000661570811644, 0.000702306919266, 0.000691641995218, 0.000491188024171, 0.000594933866523, 0.000646770815365, 0.000397197232815, 0.000394608243369, 0.000291848060442, 0.000313172524329, 0.000348756468156, 0.000252362719039, 3.90188120036e-07, 1.10625764105e-09],
        "min": [2.66949768957e-08, 1.546015028e-06, 1.45042326949e-06, 1.34240497118e-06, 8.67332528287e-06, 6.24553331363e-06, 2.07347875403e-06, 8.21737955903e-07, 6.38382061879e-06, 2.56146995525e-06, 1.32547461362e-06, 3.74485534849e-06, 5.04596619066e-06, 6.49255525786e-06, 4.78730044051e-06, 6.20554919806e-06, 4.80700509797e-06, 7.5606194514e-06, 7.94018524175e-06, 1.61994159953e-06, 2.04479556487e-06, 2.00778913495e-06, 1.77052970685e-06, 7.62867216508e-07, 2.47023933753e-07, 6.9879782516e-11, 3.18223399021e-11],
        "stdev": [0.000423263380071, 0.00786934792995, 0.00805593747646, 0.00470802653581, 0.00378005509265, 0.00422044377774, 0.00196759053506, 0.00127308676019, 0.00252414215356, 0.000947001681197, 0.00168735731859, 0.0012156192679, 0.00271044578403, 0.00145239359699, 0.00115114136133, 0.00122187822126, 0.000844162423164, 0.00083059532335, 0.000742967065889, 0.000558598781936, 0.000522009213455, 0.000447894766694, 0.000503089977428, 0.000678668206092, 0.000556601968128, 1.06873744699e-06, 2.08750972064e-09]
    },
    "erbbands": {
        "max": [1.64920508862, 12.6845207214, 76.2454528809, 139.343551636, 158.451522827, 171.936065674, 395.517486572, 589.30267334, 536.017578125, 227.558486938, 341.336151123, 572.33782959, 1095.12072754, 401.660675049, 940.885803223, 398.694854736, 1631.99487305, 829.969421387, 584.816650391, 630.312927246, 619.15802002, 451.807678223, 514.54498291, 384.508148193, 254.705062866, 330.566619873, 136.68019104, 179.302032471, 180.255493164, 192.54083252, 196.522491455, 187.39944458, 175.188919067, 109.193305969, 46.3872184753, 1.75512492657, 0.0545056201518, 0.00420324504375, 0.000622741295956, 0.000207468037843],
        "mean": [0.261746764183, 1.83555197716, 4.66152048111, 7.51064443588, 8.03073596954, 9.16485118866, 15.4484081268, 24.0810871124, 14.3241624832, 13.6793718338, 17.9878177643, 34.8305206299, 17.2212905884, 20.0004444122, 38.499294281, 23.8333930969, 49.1239318848, 37.1939468384, 37.5001182556, 34.3518486023, 37.8916702271, 28.1583595276, 31.1234054565, 36.4737586975, 27.3284664154, 19.8510932922, 17.3672733307, 13.0461568832, 9.88174915314, 11.003276825, 8.58789253235, 7.4773068428, 5.6751127243, 3.28731751442, 1.49230849743, 0.0929604768753, 0.0024909612257, 0.000181816678378, 4.41857519036e-05, 4.59157054138e-05],
        "min": [3.48767389369e-05, 0.000390344299376, 0.00148012838326, 0.013216891326, 0.0232174154371, 0.0525002852082, 0.0338356718421, 0.0541143678129, 0.0311051700264, 0.0445383489132, 0.0773753374815, 0.228728279471, 0.173314154148, 0.110040210187, 0.173399791121, 0.235670298338, 0.328831374645, 0.533284842968, 0.290070265532, 0.3036223948, 0.353340655565, 0.33003488183, 0.407264530659, 0.515686631203, 0.406001061201, 0.105901062489, 0.0936930254102, 0.0917523652315, 0.0740866214037, 0.0842547416687, 0.0488329939544, 0.0319594480097, 0.00932613573968, 0.00374441128224, 0.00128788931761, 0.000134940637508, 8.6720156105e-06, 1.22539290714e-06, 9.70732457972e-07, 1.17733372917e-06],
        "stdev": [0.293601483107, 1.73925852776, 7.37167167664, 12.9647388458, 13.8245325089, 12.9900169373, 20.3465156555, 41.4579391479, 33.6156730652, 23.462015152, 30.7063903809, 62.0799179077, 42.6148147583, 34.2193412781, 73.6660003662, 41.8966026306, 128.686889648, 71.4470901489, 60.6013069153, 54.3997459412, 65.001411438, 45.2062072754, 45.3284683228, 45.0795326233, 28.5003471375, 28.5382404327, 22.3923988342, 18.1439056396, 15.3853197098, 16.4860038757, 14.3906240463, 13.2113323212, 12.4016647339, 7.6226143837, 3.10618686676, 0.18926808238, 0.00497354613617, 0.000350363465259, 5.36805709999e-05, 2.61869226961e-05]
    },
    "gfcc": {
        "mean": [17.908290863, 96.134475708, -134.337738037, 61.5759048462, -68.5169525146, 29.0412540436, -43.4883079529, 10.4959621429, -18.8532962799, -5.19801855087, 0.0532856732607, -11.6582021713, 3.12699198723],
        "cov": [[2226.69750977, -690.116149902, 172.076385498, 199.480148315, -178.533584595, 81.0406799316, -185.927932739, 137.680587769, -151.963058472, 156.334869385, -204.95135498, 16.2336826324, -87.2706756592], [-690.116149902, 1332.53991699, 15.7756500244, 42.5777130127, 461.135955811, -77.4432067871, 214.988967896, -104.530540466, 206.792999268, -173.226074219, 179.120376587, -75.343421936, 72.529258728], [172.076385498, 15.7756500244, 728.628417969, 314.92565918, 46.0580673218, 120.051315308, -71.0849838257, -2.03497838974, 14.5533504486, 77.4977264404, -84.7078170776, 28.3852233887, 17.489238739], [199.480148315, 42.5777130127, 314.92565918, 346.534179688, 155.026916504, 34.04322052, -41.0226020813, 35.7456893921, 94.9729385376, 14.2260637283, -47.8191223145, 20.6556510925, 41.5525474548], [-178.533584595, 461.135955811, 46.0580673218, 155.026916504, 395.111999512, 66.67552948, 94.5974655151, 16.1180400848, 125.991371155, -48.4186630249, 65.2604446411, 0.678033709526, 51.6228103638], [81.0406799316, -77.4432067871, 120.051315308, 34.04322052, 66.67552948, 281.210693359, 134.912887573, -28.0254211426, -42.1744194031, 43.0616874695, 5.69859266281, 10.5291585922, -31.4621295929], [-185.927932739, 214.988967896, -71.0849838257, -41.0226020813, 94.5974655151, 134.912887573, 247.738372803, 4.71741724014, 0.783508658409, -27.8415241241, 75.3087539673, -28.3061065674, -14.6773509979], [137.680587769, -104.530540466, -2.03497838974, 35.7456893921, 16.1180400848, -28.0254211426, 4.71741724014, 154.271530151, 53.6997413635, 29.8314342499, -12.9499120712, 20.2762432098, 26.9460277557], [-151.963058472, 206.792999268, 14.5533504486, 94.9729385376, 125.991371155, -42.1744194031, 0.783508658409, 53.6997413635, 187.226638794, -3.42344880104, 33.2864456177, 18.7799701691, 53.8989372253], [156.334869385, -173.226074219, 77.4977264404, 14.2260637283, -48.4186630249, 43.0616874695, -27.8415241241, 29.8314342499, -3.42344880104, 122.903335571, 9.69081783295, 17.8108901978, -1.14042925835], [-204.95135498, 179.120376587, -84.7078170776, -47.8191223145, 65.2604446411, 5.69859266281, 75.3087539673, -12.9499120712, 33.2864456177, 9.69081783295, 147.868835449, 15.8768997192, -3.08309078217], [16.2336826324, -75.343421936, 28.3852233887, 20.6556510925, 0.678033709526, 10.5291585922, -28.3061065674, 20.2762432098, 18.7799701691, 17.8108901978, 15.8768997192, 89.4374389648, 35.3732566833], [-87.2706756592, 72.529258728, 17.489238739, 41.5525474548, 51.6228103638, -31.4621295929, -14.6773509979, 26.9460277557, 53.8989372253, -1.14042925835, -3.08309078217, 35.3732566833, 100.966545105]],
        "icov": [[0.000914911914151, -0.000830739387311, 0.000956917239819, -0.00159774662461, 0.000918246980291, -0.00119611644186, 0.00132979359478, -0.0016944068484, 0.00155150634237, -0.00120323535521, 0.000929608067963, -0.000530174467713, 0.00105496752076], [-0.000830739387311, 0.00601421529427, -0.00396950775757, 0.00504254875705, -0.00606378633529, 0.00635605445132, -0.0060560121201, 0.00644393684343, -0.00499297352508, 0.0035073957406, -0.00247181230225, 0.00295055704191, -0.00234937807545], [0.000956917239819, -0.00396950775757, 0.00571446679533, -0.00652567669749, 0.00452253455296, -0.00538304122165, 0.00476221600547, -0.00414059497416, 0.00418677739799, -0.003666452365, 0.00226807338186, -0.00199201377109, 0.00167270284146], [-0.00159774662461, 0.00504254875705, -0.00652567669749, 0.0127125391737, -0.00769723393023, 0.00595782604069, -0.00507654296234, 0.00579232955351, -0.00727435434237, 0.00364365661517, -0.00054958864348, 0.0019474029541, -0.00237123016268], [0.000918246980291, -0.00606378633529, 0.00452253455296, -0.00769723393023, 0.0117850294337, -0.0090401135385, 0.00664239376783, -0.00720780622214, 0.00325241615064, -0.000353597133653, -0.000777154345997, -0.000723665521946, 7.02831021044e-05], [-0.00119611644186, 0.00635605445132, -0.00538304122165, 0.00595782604069, -0.0090401135385, 0.0170819461346, -0.0141657628119, 0.0105798272416, -0.0041486681439, -0.00206864974461, 0.00231549050659, -0.00247184885666, 0.00107097625732], [0.00132979359478, -0.0060560121201, 0.00476221600547, -0.00507654296234, 0.00664239376783, -0.0141657628119, 0.0179569777101, -0.0109809264541, 0.00574277481064, 0.00168359023519, -0.00396828819066, 0.00318829831667, 0.000209875186556], [-0.0016944068484, 0.00644393684343, -0.00414059497416, 0.00579232955351, -0.00720780622214, 0.0105798272416, -0.0109809264541, 0.0175165366381, -0.00831972807646, -0.000404313963372, 0.00112943421118, -0.000323171378113, -0.0024647754617], [0.00155150634237, -0.00499297352508, 0.00418677739799, -0.00727435434237, 0.00325241615064, -0.0041486681439, 0.00574277481064, -0.00831972807646, 0.0147184068337, -0.00402693916112, 0.00053623248823, -0.00246027274989, 0.000271494180197], [-0.00120323535521, 0.0035073957406, -0.003666452365, 0.00364365661517, -0.000353597133653, -0.00206864974461, 0.00168359023519, -0.000404313963372, -0.00402693916112, 0.0173658337444, -0.00833715405315, 0.00487535819411, -0.00415197061375], [0.000929608067963, -0.00247181230225, 0.00226807338186, -0.00054958864348, -0.000777154345997, 0.00231549050659, -0.00396828819066, 0.00112943421118, 0.00053623248823, -0.00833715405315, 0.0159556157887, -0.00812467746437, 0.00560627505183], [-0.000530174467713, 0.00295055704191, -0.00199201377109, 0.0019474029541, -0.000723665521946, -0.00247184885666, 0.00318829831667, -0.000323171378113, -0.00246027274989, 0.00487535819411, -0.00812467746437, 0.0197460353374, -0.00868231896311], [0.00105496752076, -0.00234937807545, 0.00167270284146, -0.00237123016268, 7.02831021044e-05, 0.00107097625732, 0.000209875186556, -0.0024647754617, 0.000271494180197, -0.00415197061375, 0.00560627505183, -0.00868231896311, 0.0171972233802]]
    },
    "melbands": {
        "max": [0.0115262120962, 0.0282729584724, 0.0226098708808, 0.0107515575364, 0.0104800937697, 0.0128836371005, 0.00703412201256, 0.00246238429099, 0.0031605293043, 0.00381967029534, 0.00532519770786, 0.00150372751523, 0.00239543686621, 0.00198131334037, 0.00323889520951, 0.00303943245672, 0.00174113048706, 0.000880441220943, 0.00114533654414, 0.00115140539128, 0.000892136828043, 0.000617110345047, 0.000401103287004, 0.000648515182547, 0.000331779010594, 0.000240322289756, 0.000132560613565, 0.000294126220979, 0.000132246132125, 0.000104679100332, 0.000104479891888, 9.97761890176e-05, 8.84641194716e-05, 0.000114638343803, 0.000127581181005, 9.35524876695e-05, 0.00013051868882, 0.000128452957142, 0.000113074063847, 0.000107005740574],
        "mean": [0.00234607956372, 0.00241689151153, 0.00132251577452, 0.00059759686701, 0.000528556178324, 0.000520822301041, 0.000209281395655, 0.000151334403199, 0.00016605554265, 0.000215917403693, 7.95724336058e-05, 7.45708675822e-05, 0.000126594561152, 7.46956575313e-05, 8.33098238218e-05, 0.000106481435068, 6.4238163759e-05, 5.92504911765e-05, 5.07146833115e-05, 4.71177881991e-05, 4.23991004936e-05, 2.90055504593e-05, 2.623070759e-05, 2.91025990009e-05, 3.00013125525e-05, 2.29239303735e-05, 1.49848428919e-05, 1.24837988551e-05, 1.06047873487e-05, 9.96280232357e-06, 6.61034664518e-06, 5.15964802617e-06, 6.10510460319e-06, 6.11728682998e-06, 4.99726365888e-06, 4.6736981858e-06, 4.45206615041e-06, 4.08769119531e-06, 3.45310263583e-06, 2.53940561379e-06],
        "min": [4.82698283122e-07, 1.14993395073e-06, 2.08592359741e-06, 2.93291850539e-06, 1.43366469274e-06, 1.23699760479e-06, 4.5439992391e-07, 3.70528397298e-07, 7.11986388069e-07, 1.11065537567e-06, 1.77569475568e-07, 3.98065765239e-07, 4.42896691766e-07, 5.17127773492e-07, 2.78859573655e-07, 6.41454619199e-07, 8.47992168929e-07, 2.11447158449e-07, 3.87639715882e-07, 4.75451486182e-07, 3.86782204487e-07, 2.56897294548e-07, 2.66627182555e-07, 3.28402023797e-07, 2.73345932555e-07, 2.10561168501e-07, 1.07026295382e-07, 4.41679262053e-08, 4.26239878948e-08, 4.37859490887e-08, 3.38725634208e-08, 3.30008234073e-08, 4.26986019875e-08, 3.77021542874e-08, 2.48045939344e-08, 3.11910959283e-08, 1.19713421398e-08, 7.26065296774e-09, 3.85923160096e-09, 2.36349895211e-09],
        "stdev": [0.00230591883883, 0.00285400100984, 0.00216377433389, 0.000911858747713, 0.000627060013358, 0.000877397949807, 0.000487323704874, 0.000264843256446, 0.000306209374685, 0.000385369698051, 0.000211400358239, 0.000134086265462, 0.000245122791966, 0.000155696601723, 0.000243981470703, 0.000249973760219, 0.000142231816426, 0.000108163651021, 9.23757615965e-05, 8.41111832415e-05, 7.86673335824e-05, 5.17491207574e-05, 4.19809039158e-05, 4.38173155999e-05, 4.07812840422e-05, 2.6706205972e-05, 1.69455597643e-05, 2.10940288525e-05, 1.46770553329e-05, 1.38325794978e-05, 9.56492749538e-06, 8.36737126519e-06, 9.49850618781e-06, 9.34132822294e-06, 8.80488914845e-06, 7.95869436843e-06, 8.28441352496e-06, 9.26631128095e-06, 7.58855458116e-06, 6.30045406069e-06]
    },
    "melbands128": {
        "max": [0.00306799099781, 0.0155001673847, 0.0176544021815, 0.0231685433537, 0.0346291810274, 0.0414989069104, 0.0313756540418, 0.0250342227519, 0.0164691880345, 0.0139904525131, 0.0133592588827, 0.00753861060366, 0.0163893401623, 0.0180058069527, 0.0137334372848, 0.0239958390594, 0.0160288568586, 0.00834265351295, 0.00520521681756, 0.00360954506323, 0.0036474680528, 0.00378073542379, 0.00562296668068, 0.00918040890247, 0.00578536093235, 0.00571990199387, 0.0128621105105, 0.0054882215336, 0.00300738378428, 0.00165164726786, 0.00339155388065, 0.00517411343753, 0.00443002581596, 0.00638367282227, 0.00367153179832, 0.00247395597398, 0.00186652503908, 0.00470362044871, 0.00897764973342, 0.00737957470119, 0.00446801446378, 0.00372479460202, 0.00390825048089, 0.00235746777616, 0.0017795531312, 0.00154494936578, 0.00280690891668, 0.00167323718779, 0.00209351675585, 0.00236236350611, 0.00204987498, 0.00170353148133, 0.00157485925592, 0.00109741953202, 0.00109460472595, 0.00105591537431, 0.000929885602091, 0.00110863440204, 0.000679009011947, 0.00082405959256, 0.00147073320113, 0.000544225098565, 0.000693866051733, 0.000761289033107, 0.000423203688115, 0.000366297928849, 0.00033798761433, 0.000234309220104, 0.000173246153281, 0.00045236814185, 0.0003287307336, 0.000733262626454, 0.000148868624819, 0.00022568894201, 0.00010165572894, 0.000174597997102, 0.000119209500554, 0.00011342097423, 0.000131848602905, 0.00012501567835, 0.000107797815872, 0.000113326590508, 0.000112997608085, 0.000100918688986, 8.02855429356e-05, 0.000156328023877, 9.59215249168e-05, 0.00013312289957, 0.000166184545378, 0.000142789198435, 0.000138193179737, 0.000103952093923, 0.000101079800515, 0.000145051977597, 0.000137203605846, 0.000170211031218, 0.000160756171681, 9.19109734241e-05, 0.000116207324027, 0.000139827738167, 0.000104102473415, 0.000110776425572, 9.62792109931e-05, 0.000133180263219, 4.39806244685e-05, 4.41672382294e-05, 1.28526708068e-05, 8.2366790366e-07, 1.28630783802e-09, 8.1976392341e-10, 6.03999461557e-10, 4.82462847451e-10, 4.0098052656e-10, 6.54191034677e-10, 4.17176959644e-10, 2.79402528891e-10, 2.47843107148e-10, 2.24098462009e-10, 2.12252215803e-10, 1.98785501948e-10, 1.89353463464e-10, 1.83649220831e-10, 1.79043571635e-10, 1.72847042235e-10, 1.67051095179e-10, 1.64306179773e-10, 1.61794036502e-10, 1.60614757605e-10],
        "mean": [0.000275651633274, 0.00199681753293, 0.0033165847417, 0.00286691449583, 0.00240938924253, 0.0021057529375, 0.00156559969764, 0.00122485379688, 0.000732139626052, 0.000574314268306, 0.000476060871733, 0.000493553117849, 0.000475244101835, 0.000660408521071, 0.000668690481689, 0.000374174473109, 0.000209535937756, 0.000217420369154, 0.000150752093759, 0.000140909964102, 0.000172962259967, 0.000119940421428, 0.000139148367452, 0.00024119662703, 0.000265624199528, 0.000209438207094, 9.92991554085e-05, 6.71895832056e-05, 5.55301267013e-05, 6.5843356424e-05, 7.27133083274e-05, 0.000108158805233, 0.000127146035084, 0.000156840178533, 9.9331344245e-05, 4.10142019973e-05, 4.38916868006e-05, 7.64451542636e-05, 0.000110841021524, 0.000128681815113, 0.000110972905532, 6.73015383654e-05, 6.45361869829e-05, 6.18626145297e-05, 5.68782743358e-05, 5.83084292884e-05, 6.51420559734e-05, 4.97408618685e-05, 4.77514877275e-05, 3.86304236599e-05, 4.69460392196e-05, 5.69830554014e-05, 4.60190567537e-05, 3.72588219761e-05, 3.11116236844e-05, 2.88438732241e-05, 2.57959818555e-05, 2.65510625468e-05, 2.46522195084e-05, 2.87200891762e-05, 3.01923337247e-05, 2.82929722744e-05, 3.16993937304e-05, 3.24952852679e-05, 2.36481992033e-05, 2.45371484198e-05, 2.19400862989e-05, 1.45405228977e-05, 1.36611606649e-05, 1.45863741636e-05, 1.36915814437e-05, 1.09735119622e-05, 8.88959584699e-06, 1.19040687423e-05, 1.01589530459e-05, 1.18292664411e-05, 8.19604883873e-06, 8.52718858368e-06, 6.17035584582e-06, 5.28098507857e-06, 4.70426175525e-06, 5.1382789934e-06, 6.14115424469e-06, 5.89597357248e-06, 6.43634348307e-06, 6.49452567814e-06, 5.78470780965e-06, 5.94262110098e-06, 4.85648888571e-06, 4.47430056738e-06, 4.39367522631e-06, 4.84334714201e-06, 4.98132794746e-06, 4.33842114944e-06, 4.33351306128e-06, 3.92557603845e-06, 4.46930016551e-06, 3.67024358638e-06, 3.56343275598e-06, 3.33331036018e-06, 2.62356206804e-06, 2.5013762297e-06, 2.26016231863e-06, 2.24322729991e-06, 1.95486290977e-06, 1.54105941874e-06, 4.13969388546e-07, 1.98141325569e-08, 2.35818031769e-11, 8.95181758581e-12, 7.39548439849e-12, 7.21236351892e-12, 7.82132778682e-12, 9.34033492911e-12, 9.67317979189e-12, 7.68360462061e-12, 5.74197113468e-12, 5.20450089275e-12, 5.04224917028e-12, 4.88618867589e-12, 4.75439913133e-12, 4.65161286226e-12, 4.55016623338e-12, 4.45780955552e-12, 4.34325058557e-12, 4.2044588297e-12, 4.12001639402e-12, 4.08964919221e-12],
        "min": [1.30904611595e-08, 8.14764575807e-08, 6.43348840867e-08, 4.30193949796e-07, 4.06910174888e-07, 5.67279130337e-07, 1.02722003703e-06, 4.12041970321e-07, 4.28983184975e-07, 2.79716743989e-07, 1.54751290893e-07, 3.55182294243e-07, 2.47199153591e-07, 1.58769057634e-06, 6.91539185027e-07, 5.28155794655e-08, 1.64586126061e-07, 9.66636761746e-08, 1.18403363558e-07, 9.67559969922e-08, 4.36394316239e-08, 1.763507953e-07, 1.01782546835e-07, 2.16027956412e-07, 4.12718378584e-07, 3.09225754336e-07, 1.25831988385e-07, 1.02626110277e-07, 1.33266652824e-07, 1.78907711756e-07, 8.19905210392e-08, 1.33260016355e-07, 1.14892344527e-07, 4.0568167492e-07, 1.53093523636e-07, 9.89903838899e-08, 1.13266160895e-07, 1.77489724251e-07, 2.24429228979e-07, 2.88787873615e-07, 3.98213018116e-07, 1.71491123524e-07, 2.56397925114e-07, 3.673185347e-07, 1.20907145629e-07, 6.17880502318e-08, 1.77352632136e-07, 1.25530121409e-07, 1.60696302487e-07, 2.36363661088e-07, 1.57707191306e-07, 1.39547410072e-07, 9.68818270053e-08, 2.06270669878e-07, 1.66187930972e-07, 1.40238469726e-07, 1.53395035341e-07, 1.3033036339e-07, 1.31050342134e-07, 1.0218880675e-07, 6.75343159173e-08, 1.77178407057e-07, 2.3966154572e-07, 1.4556349015e-07, 9.88299007076e-08, 1.13956467374e-07, 1.31994909225e-07, 1.14475540158e-07, 7.6262516302e-08, 3.42630386285e-08, 2.70191815588e-08, 2.30379786359e-08, 3.9392098472e-08, 2.49021994136e-08, 3.23886375497e-08, 4.01571895736e-08, 3.7351195914e-08, 2.91990573942e-08, 2.67698112566e-08, 2.35521238068e-08, 1.80408861183e-08, 1.56341659618e-08, 2.58398245023e-08, 3.3720759518e-08, 5.76722598566e-08, 2.74644911258e-08, 3.04489482517e-08, 2.22206377742e-08, 1.89592324062e-08, 1.62798361458e-08, 2.83550569691e-08, 2.24803660132e-08, 7.6320878506e-09, 9.23586984669e-09, 5.61779156527e-09, 9.9279393595e-09, 4.37867031522e-09, 4.42552439139e-09, 3.37572569897e-09, 3.177714758e-09, 1.31109989532e-09, 1.39791989096e-09, 1.257196236e-09, 1.00038788364e-09, 1.22391974333e-09, 1.20144416638e-09, 1.75043493589e-10, 1.45062781232e-12, 1.5664868762e-13, 1.08503775355e-13, 1.13371470415e-13, 8.77561437689e-14, 8.24654269025e-14, 1.28594739566e-13, 1.17295970571e-13, 1.28062992611e-13, 1.23854472143e-13, 1.33582882711e-13, 1.2121448051e-13, 9.78544908948e-14, 1.22181019642e-13, 1.11186023767e-13, 8.38478456588e-14, 1.21632277817e-13, 8.39234823129e-14, 3.33768318431e-14, 5.06273328991e-15, 3.39368038422e-16],
        "stdev": [0.000415610527853, 0.00264190905727, 0.00351601256989, 0.00296156527475, 0.00352281867526, 0.00400209287181, 0.00291146314703, 0.00219354545698, 0.00140204594936, 0.00117243058048, 0.000781503040344, 0.000717044167686, 0.000777344743256, 0.00122297450434, 0.00118971057236, 0.00113500223961, 0.000773841049522, 0.000603273103479, 0.000408669322496, 0.000280019128695, 0.000367523171008, 0.000297983846394, 0.000390935165342, 0.000668678665534, 0.000597478356212, 0.000486519566039, 0.000440094940132, 0.000254184240475, 0.000171406180016, 0.00014350861602, 0.000186009914614, 0.000337976758601, 0.00034541299101, 0.00041160164983, 0.000280804757494, 0.000145070429426, 0.000117354058602, 0.000285913731204, 0.000493108469527, 0.000494703999721, 0.000315443088766, 0.000204510230105, 0.000225608877372, 0.000195005050045, 0.000168092432432, 0.000143963494338, 0.000164979646797, 0.00012690537551, 0.000131643275381, 0.00012048285862, 0.0001196169178, 0.00013995495101, 0.000123445977806, 9.44603743847e-05, 8.05029194453e-05, 6.89880471327e-05, 5.63798676012e-05, 5.99850573053e-05, 5.59235741093e-05, 6.05750792602e-05, 7.0602814958e-05, 5.34236132808e-05, 5.83286127949e-05, 6.54575778753e-05, 4.44942597824e-05, 3.82287689717e-05, 3.33058778779e-05, 2.07585890166e-05, 2.02569626708e-05, 2.82147047983e-05, 2.74169360637e-05, 3.08062080876e-05, 1.44803452713e-05, 2.01862821996e-05, 1.55294674187e-05, 1.85256758414e-05, 1.2639853594e-05, 1.40334614116e-05, 9.65078015724e-06, 9.36546348385e-06, 8.37742300064e-06, 9.12788254936e-06, 1.04624577943e-05, 1.0313680832e-05, 1.021593107e-05, 1.06259722088e-05, 9.50144476519e-06, 1.10978144221e-05, 9.67320283962e-06, 8.40548364067e-06, 8.59230294736e-06, 8.62834076543e-06, 8.86667294253e-06, 8.5737747213e-06, 9.00427767192e-06, 9.63448292168e-06, 1.13875248644e-05, 8.35367700347e-06, 7.86150394561e-06, 8.17072577775e-06, 6.43749399387e-06, 6.9874890869e-06, 5.36102379556e-06, 5.83806695431e-06, 3.90351488022e-06, 3.26552458318e-06, 9.99270582724e-07, 5.32726431857e-08, 7.91002055522e-11, 3.03684161151e-11, 2.0212395993e-11, 1.72747441352e-11, 1.82072169841e-11, 2.72232462267e-11, 2.47131742154e-11, 1.70995613502e-11, 1.14913495386e-11, 1.01172507871e-11, 9.68364798071e-12, 9.27604434237e-12, 8.9343558593e-12, 8.69522075869e-12, 8.5113522133e-12, 8.28611051301e-12, 8.1268021826e-12, 7.99955501146e-12, 7.90002264994e-12, 7.84968270939e-12]
    },
    "mfcc": {
        "mean": [-607.72845459, 98.4808654785, 4.32216978073, 26.2597064972, 11.0882968903, 8.01957416534, 2.39559698105, 5.68206739426, -5.05893659592, 5.4020318985, -1.13219439983, -1.43678402901, -1.53324878216],
        "cov": [[2257.25415039, -730.377929688, 105.055969238, 11.4095697403, -37.3419456482, -85.1565322876, -31.7817058563, -123.212242126, 87.1505050659, -32.4832191467, -24.8114852905, 35.8639678955, -8.70632266998], [-730.377929688, 1167.12524414, -190.558822632, 157.494567871, 163.937393188, 88.2776184082, 60.2543029785, 129.555908203, -44.2961387634, 90.7188720703, 16.8174953461, -28.1624145508, 32.3916130066], [105.055969238, -190.558822632, 644.196838379, 109.841537476, 72.0960540771, 117.669670105, -4.03350162506, -68.8019790649, 93.2920913696, -66.2250595093, -1.45529592037, 57.3618087769, 19.4794464111], [11.4095697403, 157.494567871, 109.841537476, 320.779907227, 222.867446899, -10.4827709198, -77.5237350464, 39.3138237, 87.6143875122, 31.7613372803, -36.9132652283, 35.8034515381, 52.1149940491], [-37.3419456482, 163.937393188, 72.0960540771, 222.867446899, 323.67956543, 69.5782775879, -62.3176841736, 48.4302101135, 80.142868042, 35.1156349182, -13.8631858826, 21.5282459259, 46.0175743103], [-85.1565322876, 88.2776184082, 117.669670105, -10.4827709198, 69.5782775879, 290.569976807, 120.501213074, 47.7345275879, 11.2808256149, 0.839464128017, 45.5608406067, -1.44528901577, 7.50151538849], [-31.7817058563, 60.2543029785, -4.03350162506, -77.5237350464, -62.3176841736, 120.501213074, 237.914260864, 44.6157341003, -24.0316696167, 22.5943622589, 55.5657272339, -5.7651181221, -10.2155761719], [-123.212242126, 129.555908203, -68.8019790649, 39.3138237, 48.4302101135, 47.7345275879, 44.6157341003, 155.650375366, 24.480840683, 26.817276001, 24.0898113251, -2.6094224453, 8.26831817627], [87.1505050659, -44.2961387634, 93.2920913696, 87.6143875122, 80.142868042, 11.2808256149, -24.0316696167, 24.480840683, 165.629959106, 20.2902355194, -29.7299613953, 19.8672981262, 24.1194839478], [-32.4832191467, 90.7188720703, -66.2250595093, 31.7613372803, 35.1156349182, 0.839464128017, 22.5943622589, 26.817276001, 20.2902355194, 109.602981567, 29.6538639069, 1.09538209438, 14.640004158], [-24.8114852905, 16.8174953461, -1.45529592037, -36.9132652283, -13.8631858826, 45.5608406067, 55.5657272339, 24.0898113251, -29.7299613953, 29.6538639069, 110.649658203, 23.9682502747, -1.76971518993], [35.8639678955, -28.1624145508, 57.3618087769, 35.8034515381, 21.5282459259, -1.44528901577, -5.7651181221, -2.6094224453, 19.8672981262, 1.09538209438, 23.9682502747, 76.7759552002, 32.1399345398], [-8.70632266998, 32.3916130066, 19.4794464111, 52.1149940491, 46.0175743103, 7.50151538849, -10.2155761719, 8.26831817627, 24.1194839478, 14.640004158, -1.76971518993, 32.1399345398, 73.4415435791]],
        "icov": [[0.000592744501773, 0.000389862107113, 0.000145467725815, -0.000308268150548, -1.50509704326e-05, 3.43846659234e-05, -0.000216330678086, 0.000378981640097, -0.000235749728745, 3.76280368073e-05, -7.66675730119e-05, -5.66515227547e-05, 0.000104514372651], [0.000389862107113, 0.00146652653348, 0.000412001012592, -0.000906148343347, -0.000226528340136, -0.000314621283906, -0.000381833291613, -0.000237778440351, 0.000610395043623, -0.00050151150208, 0.000126097904285, 0.000377325894078, -0.000181710274774], [0.000145467725815, 0.000412001012592, 0.00277288421057, -0.00161531404592, 0.000429208623245, -0.00141476094723, -0.000185629542102, 0.00176700064912, -0.00138534547295, 0.00176556094084, -0.000832140794955, -0.000899496604688, 0.000373730261344], [-0.000308268150548, -0.000906148343347, -0.00161531404592, 0.00860953982919, -0.00457986677065, 0.0019726541359, 0.000568011717405, -0.0017496033106, -0.000326763896737, -0.00144578970503, 0.00230952771381, -0.00184005137999, -0.00111726368777], [-1.50509704326e-05, -0.000226528340136, 0.000429208623245, -0.00457986677065, 0.00766261620447, -0.00278696836904, 0.00210483791307, -0.000198555280804, -0.0010467141401, -0.000591908523347, -0.00063349440461, 0.000470525061246, -0.000726715719793], [3.43846659234e-05, -0.000314621283906, -0.00141476094723, 0.0019726541359, -0.00278696836904, 0.00646754866466, -0.00293347262777, -0.000999665353447, -0.000105349048681, 0.00100294768345, -0.00125069078058, 0.00144239654765, -0.000918256759178], [-0.000216330678086, -0.000381833291613, -0.000185629542102, 0.000568011717405, 0.00210483791307, -0.00293347262777, 0.00721300952137, -0.00150868331548, 0.000239946268266, -0.00155970070045, -0.00112101016566, -8.8267326646e-05, 0.000186593897524], [0.000378981640097, -0.000237778440351, 0.00176700064912, -0.0017496033106, -0.000198555280804, -0.000999665353447, -0.00150868331548, 0.00956001039594, -0.00249255402014, 0.00105905777309, -0.00252191675827, 0.00088837282965, 2.09674199141e-05], [-0.000235749728745, 0.000610395043623, -0.00138534547295, -0.000326763896737, -0.0010467141401, -0.000105349048681, 0.000239946268266, -0.00249255402014, 0.00952958222479, -0.00315473158844, 0.0038327195216, -0.00171397498343, -0.000375599891413], [3.76280368073e-05, -0.00050151150208, 0.00176556094084, -0.00144578970503, -0.000591908523347, 0.00100294768345, -0.00155970070045, 0.00105905777309, -0.00315473158844, 0.01357919164, -0.00536281615496, 0.00245849438943, -0.00216040108353], [-7.66675730119e-05, 0.000126097904285, -0.000832140794955, 0.00230952771381, -0.00063349440461, -0.00125069078058, -0.00112101016566, -0.00252191675827, 0.0038327195216, -0.00536281615496, 0.0153603376821, -0.00713463360444, 0.0024725694675], [-5.66515227547e-05, 0.000377325894078, -0.000899496604688, -0.00184005137999, 0.000470525061246, 0.00144239654765, -8.8267326646e-05, 0.00088837282965, -0.00171397498343, 0.00245849438943, -0.00713463360444, 0.0207811370492, -0.00837675575167], [0.000104514372651, -0.000181710274774, 0.000373730261344, -0.00111726368777, -0.000726715719793, -0.000918256759178, 0.000186593897524, 2.09674199141e-05, -0.000375599891413, -0.00216040108353, 0.0024725694675, -0.00837675575167, 0.0192547217011]]
    },
    "spectral_contrast_coeffs": {
        "max": [-0.448939710855, -0.448439717293, -0.535272419453, -0.59899187088, -0.614047050476, -0.683943033218],
        "mean": [-0.737236738205, -0.743501365185, -0.758254766464, -0.770753860474, -0.780719161034, -0.776213288307],
        "min": [-0.886186718941, -0.920436263084, -0.913489878178, -0.890935182571, -0.872354924679, -0.862709820271],
        "stdev": [0.0784469097853, 0.0793280750513, 0.0742585361004, 0.0590765438974, 0.0454055033624, 0.0281009692699]
    },
    "spectral_contrast_valleys": {
        "max": [-4.9975605011, -4.88336896896, -5.50758361816, -5.55595874786, -5.72890472412, -7.12137985229],
        "mean": [-6.32711410522, -6.71973991394, -7.37834978104, -7.30937099457, -7.10861253738, -9.46686172485],
        "min": [-9.28269577026, -8.60321712494, -8.93663692474, -8.7572593689, -8.94764232635, -12.0026130676],
        "stdev": [0.844263017178, 0.652052044868, 0.585029900074, 0.500101208687, 0.595973789692, 0.878665626049]
    }
},
"rhythm": {
    "beats_count": 61,
    "beats_loudness": {
        "max": 0.079802878201,
        "mean": 0.0512534342706,
        "min": 0.0238625574857,
        "stdev": 0.0152601376176
    },
    "bpm": 127.652275085,
    "bpm_histogram_first_peak_bpm": 129,
    "bpm_histogram_first_peak_weight": 0.490909039974,
    "bpm_histogram_second_peak_bpm": 123,
    "bpm_histogram_second_peak_spread": 0.199999988079,
    "bpm_histogram_second_peak_weight": 0.0666666701436,
    "danceability": 1.65902411938,
    "onset_rate": 4.27389669418,
    "beats_loudness_band_ratio": {
        "max": [0.872886180878, 0.270013749599, 0.433024406433, 0.494203656912, 0.337609946728, 0.261313289404],
        "mean": [0.644894480705, 0.0948804095387, 0.061784606427, 0.0638884156942, 0.0626226738095, 0.0969401523471],
        "min": [0.00526682613418, 0.00773881189525, 0.00313977664337, 0.00624352041632, 0.00727461185306, 0.016536379233],
        "stdev": [0.175894856453, 0.0626765266061, 0.0770432278514, 0.0770402178168, 0.0555732548237, 0.0545440763235]
    },
    "beats_position": [0.510838985443, 1.01006805897, 1.48607707024, 1.9620860815, 2.43809509277, 2.90249419212, 3.36689329147, 3.83129239082, 4.3073015213, 4.78331041336, 5.24770975113, 5.71210861206, 6.18811798096, 6.66412687302, 7.12852573395, 7.60453510284, 8.08054447174, 8.54494285583, 9.0093421936, 9.4853515625, 9.96135997772, 10.4257593155, 10.9133787155, 11.3777770996, 11.8421764374, 12.3181858063, 12.7941951752, 13.2585935593, 13.7346029282, 14.2106122971, 14.6750106812, 15.1394100189, 15.6038093567, 16.0682086945, 16.5558280945, 17.031835556, 17.5078449249, 17.9722442627, 18.4482536316, 18.9242630005, 19.3886623383, 19.853061676, 20.3290691376, 20.7934684753, 21.2694778442, 21.7454872131, 22.221496582, 22.6858959198, 23.1502952576, 23.614692688, 24.102312088, 24.5667114258, 25.0543308258, 25.5187301636, 25.9831295013, 26.4591369629, 26.9351463318, 27.3995456696, 27.8639450073, 28.3399543762, 28.8159637451],
