{
"metadata": {
    "version": {
        "essentia": "2.1-beta5",
        "essentia_git_sha": "Undefined",
        "extractor": "music 2.0"
    },
    "audio_properties": {
        "analysis": {
            "equal_loudness": 0,
            "length": 51.4902496338,
            "sample_rate": 44100,
            "start_time": 142.744674683,
            "downmix": "mix"
        },
        "bit_rate": 192000,
        "length": 194.258148193,
        "lossless": 0,
        "number_channels": 2,
        "replay_gain": -6.62295722961,
        "sample_rate": 48000,
        "codec": "mp3",
        "md5_encoded": "60a49e0e37e404890351e70597ff8f67"
    },
    "tags": {
        "file_name": "Norway_I_m Not Afraid To Move On_Jostein Hasselgård.mp3",
        "encoding": ["Lavf58.29.100"]
    }
},
"lowlevel": {
    "average_loudness": 0.977310121059,
    "barkbands_crest": {
        "max": 22.0113239288,
        "mean": 8.51546096802,
        "min": 2.40709900856,
        "stdev": 3.46697068214
    },
    "barkbands_flatness_db": {
        "max": 0.279812932014,
        "mean": 0.165206000209,
        "min": 0.0770238116384,
        "stdev": 0.0329956002533
    },
    "barkbands_kurtosis": {
        "max": 35.6691551208,
        "mean": 1.07204473019,
        "min": -1.73478245735,
        "stdev": 3.11125016212
    },
    "barkbands_skewness": {
        "max": 5.00219964981,
        "mean": 0.728485047817,
        "min": -2.43405818939,
        "stdev": 0.893149673939
    },
    "barkbands_spread": {
        "max": 68.8160324097,
        "mean": 19.496963501,
        "min": 2.71772551537,
        "stdev": 8.60139465332
    },
    "dissonance": {
        "max": 0.500000119209,
        "mean": 0.467982381582,
        "min": 0.32046636939,
        "stdev": 0.024257434532
    },
    "dynamic_complexity": 1.63559305668,
    "erbbands_crest": {
        "max": 27.4706707001,
        "mean": 9.90612506866,
        "min": 2.92496752739,
        "stdev": 4.56768083572
    },
    "erbbands_flatness_db": {
        "max": 0.323376268148,
        "mean": 0.213089063764,
        "min": 0.102119170129,
        "stdev": 0.0394525192678
    },
    "erbbands_kurtosis": {
        "max": 13.0470180511,
        "mean": 0.456245958805,
        "min": -1.69422471523,
        "stdev": 1.68561792374
    },
    "erbbands_skewness": {
        "max": 2.82482528687,
        "mean": 0.247019842267,
        "min": -2.48774933815,
        "stdev": 0.637195169926
    },
    "erbbands_spread": {
        "max": 87.3281021118,
        "mean": 27.520160675,
        "min": 4.07036972046,
        "stdev": 12.8416757584
    },
    "hfc": {
        "max": 225.957290649,
        "mean": 28.9089927673,
        "min": 0.000155537607498,
        "stdev": 17.962720871
    },
    "loudness_ebu128": {
        "integrated": -16.1856975555,
        "loudness_range": 1.87698364258,
        "momentary": {
            "max": -13.450633049,
            "mean": -16.3794746399,
            "min": -24.4453144073,
            "stdev": 1.43422591686
        },
        "short_term": {
            "max": -14.989771843,
            "mean": -16.2027263641,
            "min": -18.1915645599,
            "stdev": 0.677110612392
        }
    },
    "melbands_crest": {
        "max": 29.130197525,
        "mean": 10.6151332855,
        "min": 3.36968374252,
        "stdev": 4.25369739532
    },
    "melbands_flatness_db": {
        "max": 0.33126321435,
        "mean": 0.159168154001,
        "min": 0.033671118319,
        "stdev": 0.0447792112827
    },
    "melbands_kurtosis": {
        "max": 70.0012664795,
        "mean": 4.03600788116,
        "min": -1.76909160614,
        "stdev": 6.93817186356
    },
    "melbands_skewness": {
        "max": 7.23976325989,
        "mean": 1.37290036678,
        "min": -1.50768506527,
        "stdev": 1.10983991623
    },
    "melbands_spread": {
        "max": 166.196975708,
        "mean": 29.3360652924,
        "min": 2.53304100037,
        "stdev": 16.4153881073
    },
    "pitch_salience": {
        "max": 0.858617544174,
        "mean": 0.623177826405,
        "min": 0.1992495507,
        "stdev": 0.109975062311
    },
    "silence_rate_20dB": {
        "max": 1,
        "mean": 1,
        "min": 1,
        "stdev": 0
    },
    "silence_rate_30dB": {
        "max": 1,
        "mean": 1,
        "min": 1,
        "stdev": 0
    },
    "silence_rate_60dB": {
        "max": 1,
        "mean": 0.00675980187953,
        "min": 0,
        "stdev": 0.0819398537278
    },
    "spectral_centroid": {
        "max": 4761.50341797,
        "mean": 1617.76977539,
        "min": 366.199371338,
        "stdev": 525.940612793
    },
    "spectral_complexity": {
        "max": 58,
        "mean": 25.3181610107,
        "min": 0,
        "stdev": 8.12291526794
    },
    "spectral_decrease": {
        "max": -7.48870214294e-15,
        "mean": -6.36516750419e-09,
        "min": -2.26019825078e-08,
        "stdev": 2.94613178298e-09
    },
    "spectral_energy": {
        "max": 0.0900337696075,
        "mean": 0.0266457404941,
        "min": 4.2371851805e-08,
        "stdev": 0.0120396241546
    },
    "spectral_energyband_high": {
        "max": 0.0349226854742,
        "mean": 0.000777421926614,
        "min": 9.55451184836e-09,
        "stdev": 0.00184500659816
    },
    "spectral_energyband_low": {
        "max": 0.0356035493314,
        "mean": 0.00316422898322,
        "min": 2.76482503558e-10,
        "stdev": 0.00402701692656
    },
    "spectral_energyband_middle_high": {
        "max": 0.0551657341421,
        "mean": 0.0116592962295,
        "min": 3.18683746059e-08,
        "stdev": 0.00824267417192
    },
    "spectral_energyband_middle_low": {
        "max": 0.084051631391,
        "mean": 0.0120870983228,
        "min": 6.45346165395e-10,
        "stdev": 0.00873673241585
    },
    "spectral_entropy": {
        "max": 8.49659442902,
        "mean": 7.56558513641,
        "min": 6.58051395416,
        "stdev": 0.288367420435
    },
    "spectral_flux": {
        "max": 0.27601647377,
        "mean": 0.082171715796,
        "min": 0.0124383885413,
        "stdev": 0.0339756570756
    },
    "spectral_kurtosis": {
        "max": 18.1810379028,
        "mean": 4.02036094666,
        "min": -0.987975597382,
        "stdev": 2.08370566368
    },
    "spectral_rms": {
        "max": 0.00937218405306,
        "mean": 0.00494872359559,
        "min": 6.42949362373e-06,
        "stdev": 0.00122718163766
    },
    "spectral_rolloff": {
        "max": 8957.8125,
        "mean": 1849.00732422,
        "min": 150.732421875,
        "stdev": 1052.31164551
    },
    "spectral_skewness": {
        "max": 2.82099509239,
        "mean": 1.3525865078,
        "min": -0.317206859589,
        "stdev": 0.331478476524
    },
    "spectral_spread": {
        "max": 8454350,
        "mean": 3434047,
        "min": 1900628.875,
        "stdev": 772129.125
    },
    "spectral_strongpeak": {
        "max": 12.5863733292,
        "mean": 2.09072113037,
        "min": 0.0013926938409,
        "stdev": 1.99763715267
    },
    "zerocrossingrate": {
        "max": 0.283203125,
        "mean": 0.0667277351022,
        "min": 0.00927734375,
        "stdev": 0.0261615719646
    },
    "barkbands": {
        "max": [0.000722247525118, 0.0297253355384, 0.0178644154221, 0.0247510485351, 0.0425236187875, 0.0484981015325, 0.0618671923876, 0.0421341732144, 0.0304143596441, 0.0160844381899, 0.0288168620318, 0.0303600989282, 0.041485760361, 0.0207787677646, 0.0324734970927, 0.0255083609372, 0.0107048563659, 0.011383285746, 0.0111999465153, 0.00550567358732, 0.0105563541874, 0.0150558492169, 0.00912824273109, 0.0043999585323, 0.00252584810369, 1.09497923404e-05, 1.08088825073e-05],
        "mean": [1.20539170894e-05, 0.000985144870356, 0.00141068547964, 0.00125789130107, 0.00231431238353, 0.00229032919742, 0.00106765830424, 0.00263504125178, 0.00196405150928, 0.00188957049977, 0.000974774069618, 0.00203846651129, 0.00169351382647, 0.00144532159902, 0.00111199682578, 0.00061720359372, 0.000727455189917, 0.000640052021481, 0.000549160584342, 0.000455388770206, 0.000188973455806, 0.000157423040946, 0.000119687145343, 7.30250321794e-05, 2.65394482994e-05, 1.70076219774e-08, 5.71225022838e-09],
        "min": [1.48823939283e-10, 1.62878377452e-10, 2.6298638614e-11, 3.19669950233e-11, 5.73535038906e-11, 3.89749378604e-11, 1.66766864207e-10, 5.11484916921e-11, 2.92723484341e-10, 8.36484354005e-11, 3.57060249423e-11, 8.09504338561e-11, 2.71584504885e-10, 1.85587878399e-09, 6.81026746108e-09, 2.75124900639e-09, 1.00820756188e-08, 6.02092420365e-09, 3.32566418848e-09, 8.84505524379e-10, 2.28640684163e-09, 1.12917952766e-09, 1.69149561025e-09, 9.74222147399e-10, 1.58896196201e-09, 3.04439182197e-11, 3.1364300046e-11],
        "stdev": [3.03548986267e-05, 0.00194643484429, 0.00242427340709, 0.00228176568635, 0.00408306205645, 0.00371563690715, 0.00236901734024, 0.00400771014392, 0.00265343207866, 0.00235003372654, 0.0019895916339, 0.00363652897067, 0.00365018495359, 0.00255297217518, 0.00240472331643, 0.00155266106594, 0.000940349185839, 0.000757876841817, 0.000707603467163, 0.000562438799534, 0.000480343180243, 0.000638226687443, 0.000479079288198, 0.000252124649705, 0.000105177343357, 3.2659178828e-07, 2.29389925721e-07]
    },
    "erbbands": {
        "max": [0.606647849083, 7.71044921875, 14.9573688507, 68.6530609131, 111.192253113, 226.155487061, 612.437866211, 578.842285156, 1083.08398438, 559.428710938, 994.466796875, 934.483337402, 577.022033691, 671.420898438, 854.686523438, 1545.25891113, 1856.85009766, 1077.03991699, 2315.08032227, 1837.30993652, 679.589050293, 466.988372803, 749.151000977, 425.05279541, 625.294250488, 298.134521484, 413.562194824, 421.289245605, 561.151733398, 456.265808105, 291.254577637, 164.33770752, 44.861579895, 33.5783081055, 12.6162509918, 1.05483675003, 0.0261948909611, 0.00672342209145, 0.00154176715296, 0.00017370324349],
        "mean": [0.0152532588691, 0.27920204401, 1.32733726501, 3.54234194756, 4.80798053741, 7.5762257576, 16.5925922394, 17.4595947266, 15.5739507675, 23.6954727173, 66.9160308838, 45.7417030334, 52.6650047302, 61.3661766052, 43.5211982727, 94.5285263062, 78.9032440186, 86.6542358398, 61.6538352966, 49.5940513611, 31.8168067932, 37.699092865, 38.0101661682, 28.1179866791, 28.7861537933, 22.2700042725, 11.1808824539, 5.54243993759, 5.43593168259, 5.15260744095, 3.22200393677, 2.04318642616, 0.923015832901, 0.41159850359, 0.125147789717, 0.00713779870421, 0.000237746004132, 2.82097553281e-05, 1.98938923859e-05, 3.38318859576e-05],
        "min": [7.27570403924e-09, 2.73984621657e-08, 3.70462522881e-08, 6.80096192696e-08, 1.73325503283e-07, 1.69084160007e-07, 2.89663944386e-07, 3.24406641994e-07, 1.75476998265e-06, 2.57781630353e-06, 1.24523296563e-06, 7.36354104447e-06, 3.09695224132e-06, 2.37885205934e-06, 2.25645885621e-06, 3.64470110981e-06, 1.12759862532e-05, 7.10511667421e-05, 0.000355436961399, 0.000161945368745, 0.000242297930527, 0.00059560360387, 0.00040074752178, 0.000108791762614, 0.000186780715012, 4.59679977212e-05, 0.00012302720279, 4.7778015869e-05, 4.77522225992e-05, 3.22197884088e-05, 5.81071581109e-05, 1.5192529645e-05, 2.27431028179e-05, 1.55187153723e-05, 1.29720274344e-05, 4.73703858006e-06, 2.60178899225e-06, 3.72933271819e-07, 1.50916044106e-08, 5.46898193399e-10],
        "stdev": [0.0350167267025, 0.508073985577, 2.03059339523, 5.62633895874, 9.27399253845, 15.9493465424, 37.4080085754, 29.7637290955, 36.0877838135, 43.0677833557, 95.6890563965, 58.8777961731, 71.0901565552, 78.9562225342, 63.7438735962, 172.356506348, 158.856018066, 144.488693237, 115.641906738, 134.399246216, 50.1968421936, 46.1203117371, 42.4463844299, 34.2751274109, 39.5880889893, 26.8175010681, 19.3387813568, 20.1508464813, 23.5897331238, 19.6812114716, 14.009100914, 7.92672014236, 3.00555443764, 1.60485315323, 0.455761909485, 0.0315622314811, 0.000935053452849, 0.000156880967552, 3.5333683627e-05, 1.56322130351e-05]
    },
    "gfcc": {
        "mean": [0.591187596321, 109.987419128, -176.517181396, 35.1134185791, -77.9587020874, 13.5488710403, -38.9392547607, 3.24901342392, -18.9780197144, -14.7282361984, -1.50618982315, -20.9107875824, -1.44381558895],
        "cov": [[1494.78735352, 50.7563896179, 184.053665161, 308.95022583, 90.8140640259, 103.19556427, -35.7930335999, 38.6935081482, -5.51669073105, 108.06098175, 48.4535217285, 7.48633861542, 8.25512504578], [50.7563896179, 834.480529785, 347.061553955, 95.6514053345, 211.912948608, -96.3941116333, 60.3223686218, -76.0794143677, -20.7813949585, -48.1978683472, 86.5309371948, -42.0019035339, -13.2726163864], [184.053665161, 347.061553955, 689.904418945, 365.449401855, 138.751312256, 59.0918159485, -122.568344116, 36.4497261047, 16.3655567169, 21.7096424103, -21.9998092651, 23.1143035889, -5.26821660995], [308.95022583, 95.6514053345, 365.449401855, 407.831634521, 148.377792358, 37.0183296204, -90.1824111938, 37.8956489563, 49.2839546204, 31.4642314911, -26.3025131226, 9.36556339264, 13.9349813461], [90.8140640259, 211.912948608, 138.751312256, 148.377792358, 221.568878174, 32.6011276245, -32.178653717, 13.4920902252, 30.6784896851, 29.3747520447, -0.059004265815, -10.7801532745, 15.6305685043], [103.19556427, -96.3941116333, 59.0918159485, 37.0183296204, 32.6011276245, 224.085357666, 60.273563385, 38.8398208618, 30.8881168365, 62.5492134094, -24.1756687164, 11.941403389, -4.57802248001], [-35.7930335999, 60.3223686218, -122.568344116, -90.1824111938, -32.178653717, 60.273563385, 242.959259033, 12.6862697601, -28.8737812042, -3.23923110962, 28.5042457581, -28.3195762634, -36.2816581726], [38.6935081482, -76.0794143677, 36.4497261047, 37.8956489563, 13.4920902252, 38.8398208618, 12.6862697601, 137.254058838, 39.0220909119, 28.6907558441, -28.109161377, 1.88592994213, -10.4414014816], [-5.51669073105, -20.7813949585, 16.3655567169, 49.2839546204, 30.6784896851, 30.8881168365, -28.8737812042, 39.0220909119, 126.917045593, 52.8083839417, -14.889538765, 0.139856919646, 12.2049055099], [108.06098175, -48.1978683472, 21.7096424103, 31.4642314911, 29.3747520447, 62.5492134094, -3.23923110962, 28.6907558441, 52.8083839417, 110.065208435, 9.31067943573, 2.12255334854, 5.12159919739], [48.4535217285, 86.5309371948, -21.9998092651, -26.3025131226, -0.059004265815, -24.1756687164, 28.5042457581, -28.109161377, -14.889538765, 9.31067943573, 94.6974945068, 24.8013877869, -5.80546569824], [7.48633861542, -42.0019035339, 23.1143035889, 9.36556339264, -10.7801532745, 11.941403389, -28.3195762634, 1.88592994213, 0.139856919646, 2.12255334854, 24.8013877869, 83.3143081665, 26.5644989014], [8.25512504578, -13.2726163864, -5.26821660995, 13.9349813461, 15.6305685043, -4.57802248001, -36.2816581726, -10.4414014816, 12.2049055099, 5.12159919739, -5.80546569824, 26.5644989014, 60.3458480835]],
        "icov": [[0.00109978672117, -0.000980358454399, 0.00125572748948, -0.001902470598, 0.00133935490157, -0.00117849896196, 0.001059361035, -0.000783173542004, 0.00140067969915, -0.0013000771869, -0.000454969500424, 0.000172976899194, -4.49017461506e-05], [-0.000980358454399, 0.0079930620268, -0.007488691248, 0.00629035942256, -0.00843339134008, 0.00570544553921, -0.00617189984769, 0.00396516453475, -0.00435602059588, 0.00442504603416, -0.00439084973186, 0.00321642472409, -0.00195448286831], [0.00125572748948, -0.007488691248, 0.01024606172, -0.0088315224275, 0.00776173174381, -0.00628619873896, 0.00697697419673, -0.00402133399621, 0.0052537554875, -0.00416071526706, 0.00354808126576, -0.00336169428192, 0.00323836645111], [-0.001902470598, 0.00629035942256, -0.0088315224275, 0.0120036536828, -0.0090414378792, 0.00537476595491, -0.00503433682024, 0.00313729839399, -0.00555142574012, 0.00416385103017, -0.00148957502097, 0.00161500053946, -0.00171826861333], [0.00133935490157, -0.00843339134008, 0.00776173174381, -0.0090414378792, 0.0156274139881, -0.00713229645044, 0.00701035186648, -0.00459883874282, 0.00456686224788, -0.00501925079152, 0.00229890970513, -0.000363587168977, -0.000558813044336], [-0.00117849896196, 0.00570544553921, -0.00628619873896, 0.00537476595491, -0.00713229645044, 0.0117496494204, -0.00763359712437, 0.00336823798716, -0.00377471768297, -0.000816308660433, 0.00163452909328, -0.00163727940526, 6.88644577167e-05], [0.001059361035, -0.00617189984769, 0.00697697419673, -0.00503433682024, 0.00701035186648, -0.00763359712437, 0.0116582857445, -0.00464383419603, 0.00485986657441, -0.00209101429209, -0.000574048783164, 0.000793570536189, 0.00287012453191], [-0.000783173542004, 0.00396516453475, -0.00402133399621, 0.00313729839399, -0.00459883874282, 0.00336823798716, -0.00464383419603, 0.0116961151361, -0.00460694404319, 0.000472784100566, 0.00220645521767, -0.00149765680544, 0.00234531331807], [0.00140067969915, -0.00435602059588, 0.0052537554875, -0.00555142574012, 0.00456686224788, -0.00377471768297, 0.00485986657441, -0.00460694404319, 0.014523729682, -0.00758745335042, 0.00230542547069, -0.000606653862633, -0.00055820401758], [-0.0013000771869, 0.00442504603416, -0.00416071526706, 0.00416385103017, -0.00501925079152, -0.000816308660433, -0.00209101429209, 0.000472784100566, -0.00758745335042, 0.0178068224341, -0.00683292141184, 0.00420019309968, -0.00259388750419], [-0.000454969500424, -0.00439084973186, 0.00354808126576, -0.00148957502097, 0.00229890970513, 0.00163452909328, -0.000574048783164, 0.00220645521767, 0.00230542547069, -0.00683292141184, 0.020830033347, -0.0112360529602, 0.00637912750244], [0.000172976899194, 0.00321642472409, -0.00336169428192, 0.00161500053946, -0.000363587168977, -0.00163727940526, 0.000793570536189, -0.00149765680544, -0.000606653862633, 0.00420019309968, -0.0112360529602, 0.0214550197124, -0.0105540091172], [-4.49017461506e-05, -0.00195448286831, 0.00323836645111, -0.00171826861333, -0.000558813044336, 6.88644577167e-05, 0.00287012453191, 0.00234531331807, -0.00055820401758, -0.00259388750419, 0.00637912750244, -0.0105540091172, 0.0247009303421]]
    },
    "melbands": {
        "max": [0.00671331118792, 0.00726508256048, 0.00910737924278, 0.00911290943623, 0.0180908590555, 0.0115315653384, 0.0146363424137, 0.00597916031256, 0.00654759909958, 0.0058772675693, 0.00292646582238, 0.00273918034509, 0.00415711617097, 0.00383930420503, 0.00527295935899, 0.00423970073462, 0.00225171190687, 0.00405165180564, 0.00246407394297, 0.00236713443883, 0.000757013447583, 0.000661905098241, 0.000739250157494, 0.000485789729282, 0.000364957930287, 0.000446382677183, 0.000300001905998, 0.000221945287194, 0.000218796936679, 0.000314306613291, 0.000278281309875, 0.000298838189337, 0.000287031056359, 0.000219569919864, 0.000169368257048, 0.000141018856084, 8.99408551049e-05, 4.17166411353e-05, 4.24257450504e-05, 2.3722239348e-05],
        "mean": [0.000212066981476, 0.000614521559328, 0.000627865083516, 0.000434934918303, 0.000534769438673, 0.000400238059228, 0.000237892512814, 0.000303655455355, 0.00052515079733, 0.000278460996924, 0.000260913686361, 0.000251973891864, 0.000138230345328, 0.000228427219554, 0.000184495991562, 0.000186023986316, 0.000150934443809, 9.53737035161e-05, 7.50829058234e-05, 5.21285110153e-05, 3.58049219358e-05, 3.6043842556e-05, 4.51657579106e-05, 2.7761749152e-05, 2.1754491172e-05, 2.12199938687e-05, 1.86267025128e-05, 1.39596304507e-05, 8.06874868431e-06, 3.88841044696e-06, 2.83343865704e-06, 2.92517279377e-06, 3.22816572407e-06, 2.65717039838e-06, 1.86493059573e-06, 1.57025692715e-06, 1.1223206684e-06, 6.81603864905e-07, 4.75286611845e-07, 2.99691663486e-07],
        "min": [6.22749976587e-11, 2.46020443601e-11, 1.52658823083e-11, 1.26381387994e-11, 9.32924050512e-12, 8.09368804616e-12, 2.90444283207e-11, 2.50990027373e-11, 1.25919196944e-11, 4.79124136199e-11, 1.48245461046e-11, 1.04522484418e-11, 5.59629686342e-12, 8.63938434681e-12, 9.29423725482e-12, 4.48357288796e-11, 1.21579177281e-10, 5.25129217888e-10, 4.43186098931e-10, 1.13320054729e-10, 3.35104916038e-10, 5.8055554808e-10, 6.27718432789e-10, 1.63054500457e-10, 7.35755345538e-11, 1.23620447212e-10, 9.93526302895e-11, 1.50911557556e-11, 7.09265701726e-11, 5.82121434389e-11, 1.84848109042e-11, 2.56188785464e-11, 2.29524160095e-11, 1.7236559402e-11, 3.88890621095e-11, 1.91784730458e-11, 4.65358437549e-12, 1.75080349524e-11, 1.13596285156e-11, 1.2920086008e-11],
        "stdev": [0.000436164846178, 0.000833257159684, 0.000903997570276, 0.000788884004578, 0.001136021805, 0.000657056167256, 0.000513676321134, 0.000524477974977, 0.000710108783096, 0.000380292913178, 0.000356847973308, 0.000332990923198, 0.000264536589384, 0.000391671375837, 0.000391792593291, 0.000357198499842, 0.000267463299679, 0.000186917706742, 0.000172997286427, 0.000154717636178, 5.6813514675e-05, 4.84457777929e-05, 6.01960964559e-05, 3.1793351809e-05, 3.04308578052e-05, 2.9917619031e-05, 2.69010233751e-05, 1.76002467924e-05, 1.31596671054e-05, 1.20633749248e-05, 1.18144862427e-05, 1.31719043566e-05, 1.27059738588e-05, 1.01135456134e-05, 8.1648631749e-06, 6.83608550389e-06, 4.27947543358e-06, 2.23232223107e-06, 1.96674727704e-06, 1.1491171108e-06]
    },
    "melbands128": {
        "max": [0.000312198419124, 0.00358039746061, 0.0107162529603, 0.0141547871754, 0.00935314595699, 0.00979112647474, 0.0177814625204, 0.0130318962038, 0.0153954466805, 0.0141433496028, 0.0176494047046, 0.0201152339578, 0.0307197496295, 0.0162696018815, 0.0137635227293, 0.0198905803263, 0.023823171854, 0.0172953605652, 0.00772591400892, 0.00967224687338, 0.00911450944841, 0.0178275704384, 0.00816794298589, 0.00745883816853, 0.00937489233911, 0.00654190825298, 0.00637145480141, 0.00571626890451, 0.00454206671566, 0.00450026569888, 0.0052613154985, 0.00618355954066, 0.00723933521658, 0.00334728835151, 0.00627297442406, 0.00778905022889, 0.00779089191929, 0.0111083602533, 0.0128381801769, 0.00886872690171, 0.00985330436379, 0.00719490787014, 0.00437168218195, 0.00427461136132, 0.00507062021643, 0.00858939345926, 0.00467153452337, 0.00615200353786, 0.0027400625404, 0.0068372702226, 0.0037160187494, 0.000802307622507, 0.00187494198326, 0.00105142395478, 0.00149401195813, 0.00140024942812, 0.00122678885236, 0.00201602559537, 0.000887139060069, 0.00162224180531, 0.000366145133739, 0.000668358290568, 0.000778411806095, 0.000697303505149, 0.000350031012204, 0.000678138167132, 0.00115178432316, 0.00041877781041, 0.000311385083478, 0.000296791346045, 0.000254751881585, 0.000320681079756, 0.000247972988291, 0.000259815744357, 0.000258059415501, 0.000514918589033, 0.00022229582828, 0.000376229727408, 0.000243571994361, 0.000406645121984, 0.000224595787586, 0.000588579976466, 0.000353471754352, 0.000210870319279, 0.000327731162542, 0.000366898981156, 0.000220137735596, 0.000164689161466, 0.00019218934176, 0.000314050877932, 0.000141696596984, 0.000161985735758, 0.000107631916762, 7.96570529928e-05, 0.000123905105283, 8.340866043e-05, 3.03694960166e-05, 3.47384993802e-05, 5.88416514802e-05, 4.49025901617e-05, 2.88801857096e-05, 2.43301128648e-05, 1.92117386177e-05, 1.1914505194e-05, 1.59994069691e-05, 1.694045568e-05, 6.65520155962e-06, 4.63232339598e-07, 7.10374905566e-08, 6.756736326e-08, 6.48108766654e-08, 6.23542604217e-08, 5.99657283828e-08, 5.78187666633e-08, 5.57588677452e-08, 5.38800364325e-08, 5.21517904417e-08, 5.06077491025e-08, 4.91956519966e-08, 4.78589470276e-08, 4.67094167789e-08, 4.56664928095e-08, 4.47269989934e-08, 4.39708180977e-08, 4.33636415664e-08, 4.28139230735e-08, 4.24342339045e-08, 4.21957082608e-08],
        "mean": [6.7676173785e-06, 6.1021597503e-05, 0.000298320897855, 0.000498845067341, 0.000585234898608, 0.000748675491195, 0.000774527026806, 0.000552239827812, 0.00046604918316, 0.000438643590314, 0.000382467464078, 0.000500083900988, 0.000643429870252, 0.00049905088963, 0.00036751589505, 0.000407878105761, 0.00025948669645, 0.00020353020227, 0.000200127105927, 0.000244555587415, 0.000291363714496, 0.000645035004709, 0.000657445809338, 0.000271992146736, 0.000273918587482, 0.000257247505942, 0.000328621972585, 0.000258696178207, 0.000179926297278, 0.000336945289746, 0.000236807914916, 0.000169131453731, 0.000155834160978, 8.04571100161e-05, 0.000143215933349, 0.000314073637128, 0.000333084579324, 9.88467654679e-05, 0.000173034422914, 0.000174753382453, 0.000153304456035, 0.000269913754892, 0.000157392249093, 9.88394749584e-05, 7.74255458964e-05, 9.64806749835e-05, 0.000120973418234, 6.27826884738e-05, 5.65785267099e-05, 8.92786483746e-05, 4.57892165286e-05, 2.21596274059e-05, 3.85708335671e-05, 3.85889870813e-05, 3.92497495341e-05, 2.78921052086e-05, 3.65200576198e-05, 6.23846426606e-05, 4.08135747421e-05, 3.03096476273e-05, 2.76574246527e-05, 2.48896831181e-05, 2.35720981436e-05, 2.14674200834e-05, 1.82978183147e-05, 1.98267935048e-05, 2.57622759818e-05, 1.86528668564e-05, 1.79358066816e-05, 1.6632151528e-05, 1.5311568859e-05, 1.20233889902e-05, 8.6693207777e-06, 9.29737143451e-06, 4.35175161329e-06, 4.15374734075e-06, 3.39014400197e-06, 3.25167047777e-06, 2.71401609098e-06, 2.52550557889e-06, 2.50016796599e-06, 3.38094741892e-06, 3.31850628754e-06, 2.80847530121e-06, 3.83688484362e-06, 2.79025152849e-06, 2.40295685217e-06, 1.96892324311e-06, 1.77990773409e-06, 1.86451848094e-06, 1.65962103438e-06, 1.49932520799e-06, 1.40031704632e-06, 1.11265796932e-06, 1.00475074305e-06, 7.77641446348e-07, 6.23516598353e-07, 5.08997686666e-07, 5.07160905272e-07, 4.45974336571e-07, 3.48939437345e-07, 2.83543812429e-07, 2.32387279198e-07, 1.72004405385e-07, 1.49521156345e-07, 1.20292853012e-07, 2.58388652696e-08, 6.50663634083e-10, 3.88380369531e-11, 3.6100285955e-11, 3.46761855341e-11, 3.32253911883e-11, 3.23107512967e-11, 3.32159855176e-11, 3.20093743178e-11, 3.06657338411e-11, 2.82883837882e-11, 2.66877301508e-11, 2.59350076137e-11, 2.52300437487e-11, 2.46181582064e-11, 2.40724662426e-11, 2.35866274428e-11, 2.31798035627e-11, 2.28045637929e-11, 2.24288625866e-11, 2.2182613385e-11, 2.20511785914e-11],
        "min": [2.93325639385e-13, 7.06157909924e-11, 5.9843005551e-11, 4.17955947629e-11, 2.26509679069e-11, 1.15918854376e-11, 1.20880406379e-11, 1.76729412354e-11, 1.87935830093e-11, 1.32140375031e-11, 7.96486921556e-12, 7.85823316141e-12, 1.07292195961e-11, 1.02117871451e-11, 4.69031324196e-12, 5.80655835913e-12, 2.0953632926e-11, 3.48366266389e-11, 3.75993888801e-11, 3.29685272138e-11, 1.78343867452e-11, 3.95926737576e-12, 4.2150588575e-12, 2.69791480823e-11, 5.95680935134e-11, 5.90158755198e-11, 2.00760970348e-11, 4.40817087694e-12, 1.39766202084e-11, 1.95515652279e-11, 5.18407799327e-12, 1.320835585e-12, 4.83532268045e-12, 1.11462731406e-11, 5.2261259556e-12, 1.024188373e-11, 8.63326597711e-12, 1.24436572158e-11, 5.01629076818e-12, 1.19002706994e-11, 3.99049925048e-11, 1.12699995169e-10, 1.16763099189e-10, 1.06805862765e-10, 2.19475063123e-10, 6.17448314699e-10, 8.9275825621e-10, 6.06839245521e-10, 1.67065347667e-10, 5.02521739498e-11, 1.67404076712e-10, 7.77591810386e-11, 2.11667031125e-10, 5.17756948426e-10, 4.87106466274e-10, 4.17775619654e-10, 9.6101937519e-10, 5.34184974033e-10, 7.41654626601e-10, 3.03976094296e-10, 1.02810843172e-10, 5.29162720586e-11, 7.04376834637e-11, 8.18556403215e-11, 8.58020460237e-11, 6.83220910402e-11, 1.83757509209e-10, 2.25947413557e-10, 2.95499770486e-11, 1.36034820561e-11, 1.5951701765e-11, 8.58542577309e-12, 3.39019715079e-11, 6.35398261783e-11, 1.64633862099e-10, 3.25610510776e-11, 4.16087511668e-11, 2.78251120062e-11, 9.23017391685e-12, 1.1819868001e-11, 2.48131706154e-11, 2.38269109304e-11, 4.87901767598e-11, 1.69543580564e-11, 1.0412182401e-11, 9.79359215253e-12, 2.08801292229e-11, 3.04049355138e-11, 4.43508355041e-11, 4.52183603061e-11, 1.95084122467e-11, 1.79436847325e-11, 7.3272889492e-12, 1.17517367365e-12, 1.2207332584e-12, 1.50629370088e-11, 2.58514598617e-11, 1.73531761877e-11, 5.88284542608e-12, 1.22147552489e-11, 1.31442435061e-11, 1.51332522902e-11, 6.06979093723e-12, 2.82900057547e-11, 1.38945998804e-11, 1.53705572575e-11, 1.01126854286e-12, 1.58130385414e-13, 1.30393756231e-13, 9.27930963405e-14, 1.11701921042e-13, 1.13002922991e-13, 8.56247445993e-14, 1.1861547172e-13, 1.02033643036e-13, 1.2203530287e-13, 1.09795785202e-13, 1.21183065752e-13, 7.91244036979e-14, 5.24443329205e-14, 8.44292219688e-14, 4.70290073432e-14, 2.20111828205e-14, 2.08198292862e-14, 2.4757610919e-14, 2.43368015627e-14, 4.28365186679e-15, 1.27810521947e-16],
        "stdev": [1.93733194465e-05, 0.0001969182631, 0.000667965679895, 0.000979941454716, 0.000954770366661, 0.00133306114003, 0.00135475967545, 0.00105692713987, 0.00116794719361, 0.0010630103061, 0.00108782493044, 0.00134091917425, 0.00176061003003, 0.00119737163186, 0.000785012845881, 0.000878997321706, 0.000761361734476, 0.000681987905409, 0.000474442873383, 0.000641112972517, 0.00078865874093, 0.00122261489742, 0.00106581766158, 0.000539362663403, 0.000552998913918, 0.000474809057778, 0.000633677002043, 0.000581907399464, 0.000300759274978, 0.000568861607462, 0.000419269432314, 0.000453854328953, 0.00040096999146, 0.000198085690499, 0.000370765425032, 0.000672259600833, 0.000829000899103, 0.000425680336775, 0.000713612942491, 0.000504936906509, 0.000529962941073, 0.000607996305916, 0.000356081989594, 0.000255431048572, 0.000227602416999, 0.000293281569611, 0.000351397146005, 0.000252377707511, 0.000196993249119, 0.000408430641983, 0.000153683286044, 4.21974327764e-05, 9.71801346168e-05, 7.77925379225e-05, 7.82714560046e-05, 6.34366733721e-05, 7.23826597095e-05, 0.000121032622701, 7.53051936044e-05, 6.29991554888e-05, 3.55660449713e-05, 4.21446238761e-05, 4.44716824859e-05, 4.64800577902e-05, 3.16030964314e-05, 3.48750872945e-05, 4.96603715874e-05, 3.52723654942e-05, 3.18059283018e-05, 2.76363934972e-05, 2.26284664677e-05, 1.90785922314e-05, 1.51760004883e-05, 1.92079369299e-05, 1.20202030303e-05, 1.58865132107e-05, 1.12126135718e-05, 1.47604514495e-05, 1.16048749987e-05, 1.28149413285e-05, 9.67314554146e-06, 2.00879258045e-05, 1.53588734975e-05, 1.0778286196e-05, 1.52343145601e-05, 1.21837592815e-05, 9.40702466323e-06, 7.60453349358e-06, 8.08143431641e-06, 1.08601398097e-05, 7.04230524207e-06, 6.98992198522e-06, 5.57961311642e-06, 4.3065074351e-06, 4.41501970272e-06, 3.00624014926e-06, 1.86531121926e-06, 1.71123986092e-06, 2.36778328144e-06, 2.07755942938e-06, 1.46367619891e-06, 1.05752849322e-06, 8.56668634697e-07, 5.28423697688e-07, 5.66879123198e-07, 5.36643710802e-07, 1.74604338099e-07, 1.07061648436e-08, 1.5083552185e-09, 1.4341033916e-09, 1.37564004632e-09, 1.32340138848e-09, 1.27299992769e-09, 1.23372045913e-09, 1.18973109142e-09, 1.14836529175e-09, 1.10740916437e-09, 1.07401398886e-09, 1.04405373236e-09, 1.01569275213e-09, 9.91299597963e-10, 9.69164748454e-10, 9.49220257951e-10, 9.33150556826e-10, 9.20267528848e-10, 9.08607189487e-10, 9.00552743488e-10, 8.95492402453e-10]
    },
    "mfcc": {
        "mean": [-613.180847168, 117.408027649, -32.3530578613, 9.91356372833, -9.77735614777, -3.92442083359, -3.34949207306, 3.00093531609, -9.75419712067, 4.55629062653, -3.06286883354, -2.74460721016, -5.21841001511],
        "cov": [[1475.4552002, -189.876373291, 51.5680236816, 143.516052246, 100.163169861, 86.2696228027, 59.5626831055, -29.6811313629, 7.65602445602, 75.9203567505, 54.6472053528, 37.7438583374, 30.8422489166], [-189.876373291, 791.470153809, 103.31942749, 154.42388916, 64.5256652832, 7.22573661804, 96.0611877441, -11.824637413, -74.5453262329, -38.1493644714, -19.5105876923, 32.5246734619, 47.5433883667], [51.5680236816, 103.31942749, 556.459960938, 234.957046509, 211.37739563, 72.2976455688, -13.3568506241, 22.5200958252, 21.773683548, -20.3232059479, -9.14320850372, 12.2696800232, 27.4855861664], [143.516052246, 154.42388916, 234.957046509, 372.561950684, 215.485900879, 8.77893352509, -14.0997877121, -6.63722848892, 6.8791680336, 0.721621513367, -33.0474357605, -1.89934849739, 39.0522537231], [100.163169861, 64.5256652832, 211.37739563, 215.485900879, 367.897613525, 49.9710655212, -72.6441192627, -24.2811260223, 50.6060371399, 3.73347759247, -10.6740226746, 3.79319810867, 4.29478216171], [86.2696228027, 7.22573661804, 72.2976455688, 8.77893352509, 49.9710655212, 179.408889771, 47.1584777832, 1.8937151432, 37.5835533142, 22.2435379028, 36.1862602234, 27.9245281219, -6.14386367798], [59.5626831055, 96.0611877441, -13.3568506241, -14.0997877121, -72.6441192627, 47.1584777832, 178.756011963, 36.8840751648, -9.25380420685, 2.49478602409, 33.4208488464, 26.1390247345, 4.82652902603], [-29.6811313629, -11.824637413, 22.5200958252, -6.63722848892, -24.2811260223, 1.8937151432, 36.8840751648, 99.5276031494, 31.5944442749, -7.31284570694, 17.6710281372, 6.95304012299, 6.85206413269], [7.65602445602, -74.5453262329, 21.773683548, 6.8791680336, 50.6060371399, 37.5835533142, -9.25380420685, 31.5944442749, 143.233551025, 50.3925666809, 33.6497802734, 1.87328398228, -20.9388885498], [75.9203567505, -38.1493644714, -20.3232059479, 0.721621513367, 3.73347759247, 22.2435379028, 2.49478602409, -7.31284570694, 50.3925666809, 118.634719849, 41.2559127808, 5.98690605164, -6.23251199722], [54.6472053528, -19.5105876923, -9.14320850372, -33.0474357605, -10.6740226746, 36.1862602234, 33.4208488464, 17.6710281372, 33.6497802734, 41.2559127808, 108.400436401, 23.5808048248, -12.2954216003], [37.7438583374, 32.5246734619, 12.2696800232, -1.89934849739, 3.79319810867, 27.9245281219, 26.1390247345, 6.95304012299, 1.87328398228, 5.98690605164, 23.5808048248, 99.4884338379, 43.6064109802], [30.8422489166, 47.5433883667, 27.4855861664, 39.0522537231, 4.29478216171, -6.14386367798, 4.82652902603, 6.85206413269, -20.9388885498, -6.23251199722, -12.2954216003, 43.6064109802, 92.2300567627]],
        "icov": [[0.000860799103975, 0.000396095420001, 9.93836001726e-05, -0.000462859432446, -0.000187903700862, -0.00022292691574, -0.000514886691235, 0.000342716113664, 0.000349035661202, -0.00037257061922, -0.000316842109896, -8.2699363702e-05, -0.00027936178958], [0.000396095420001, 0.0018067676574, -1.84834675565e-06, -0.0007297557313, -0.000339479884133, 7.98329492682e-05, -0.00131382490508, 0.000501706555951, 0.000800467852969, 7.18972660252e-05, -9.44680214161e-05, -0.000277138286037, -0.000396643707063], [9.93836001726e-05, -1.84834675565e-06, 0.00286750355735, -0.00138330715708, -0.000764234981034, -0.00107590586413, 0.000289386400254, -0.000968689797446, 0.000225898475037, 0.000551673409063, -0.00018465591711, 8.59609190229e-06, -0.000220483256271], [-0.000462859432446, -0.0007297557313, -0.00138330715708, 0.00577662326396, -0.00257403310388, 0.00106195185799, -0.00076552957762, -0.000128384737764, -7.34407367418e-05, -0.000892805401236, 0.00129567319527, 0.00121682300232, -0.00174213410355], [-0.000187903700862, -0.000339479884133, -0.000764234981034, -0.00257403310388, 0.00572744058445, -0.00123869092204, 0.00243983138353, 0.00110433669761, -0.00181984982919, 0.000925595290028, -0.000290331576252, -0.000731980951969, 0.000953308946919], [-0.00022292691574, 7.98329492682e-05, -0.00107590586413, 0.00106195185799, -0.00123869092204, 0.00782941374928, -0.00254974956624, 0.00141516514122, -0.00151104433462, -0.000259941909462, -0.000859661609866, -0.00143311137799, 0.000714257184882], [-0.000514886691235, -0.00131382490508, 0.000289386400254, -0.00076552957762, 0.00243983138353, -0.00254974956624, 0.00920396111906, -0.0032152608037, 0.000886637950316, 0.000189283266081, -0.00135858391877, -0.00121441681404, 0.00116823846474], [0.000342716113664, 0.000501706555951, -0.000968689797446, -0.000128384737764, 0.00110433669761, 0.00141516514122, -0.0032152608037, 0.0139549253508, -0.00453903246671, 0.00284910388291, -0.00190884782933, 0.000597317179199, -0.00223068520427], [0.000349035661202, 0.000800467852969, 0.000225898475037, -7.34407367418e-05, -0.00181984982919, -0.00151104433462, 0.000886637950316, -0.00453903246671, 0.0114880129695, -0.00434878328815, -0.000780576956458, -0.000575855665375, 0.0021917745471], [-0.00037257061922, 7.18972660252e-05, 0.000551673409063, -0.000892805401236, 0.000925595290028, -0.000259941909462, 0.000189283266081, 0.00284910388291, -0.00434878328815, 0.0120885428041, -0.00382268917747, 0.000468897138489, -0.000882549851667], [-0.000316842109896, -9.44680214161e-05, -0.00018465591711, 0.00129567319527, -0.000290331576252, -0.000859661609866, -0.00135858391877, -0.00190884782933, -0.000780576956458, -0.00382268917747, 0.0134277436882, -0.00317356758751, 0.00268524419516], [-8.2699363702e-05, -0.000277138286037, 8.59609190229e-06, 0.00121682300232, -0.000731980951969, -0.00143311137799, -0.00121441681404, 0.000597317179199, -0.000575855665375, 0.000468897138489, -0.00317356758751, 0.0151840476319, -0.00809063110501], [-0.00027936178958, -0.000396643707063, -0.000220483256271, -0.00174213410355, 0.000953308946919, 0.000714257184882, 0.00116823846474, -0.00223068520427, 0.0021917745471, -0.000882549851667, 0.00268524419516, -0.00809063110501, 0.0166726671159]]
    },
    "spectral_contrast_coeffs": {
        "max": [-0.299698591232, -0.448109924793, -0.487741559744, -0.580567121506, -0.63060092926, -0.525353431702],
        "mean": [-0.671853363514, -0.727150678635, -0.730785191059, -0.769442796707, -0.768191039562, -0.76055264473],
        "min": [-0.946800112724, -0.904386520386, -0.922287642956, -0.885643303394, -0.891307592392, -0.87614440918],
        "stdev": [0.0926929712296, 0.0698923915625, 0.0720399469137, 0.0647795125842, 0.0387742556632, 0.0330698378384]
    },
    "spectral_contrast_valleys": {
        "max": [-5.30008363724, -4.91655111313, -4.80661249161, -5.85146951675, -5.63533830643, -7.74100828171],
        "mean": [-7.25868082047, -6.47981882095, -6.89007425308, -7.09054851532, -7.07935523987, -10.1731433868],
        "min": [-13.521982193, -14.1167173386, -14.3218593597, -12.9416923523, -12.4502134323, -14.9722089767],
        "stdev": [0.897610783577, 0.545968055725, 0.537381350994, 0.456941574812, 0.459901422262, 0.60018569231]
    }
},
"rhythm": {
    "beats_count": 118,
    "beats_loudness": {
        "max": 0.0789207816124,
        "mean": 0.0306544583291,
        "min": 0.00355913001113,
        "stdev": 0.0119373751804
    },
    "bpm": 151.678955078,
    "bpm_histogram_first_peak_bpm": 152,
    "bpm_histogram_first_peak_weight": 0.230769276619,
    "bpm_histogram_second_peak_bpm": 157,
    "bpm_histogram_second_peak_spread": 0.0999999642372,
    "bpm_histogram_second_peak_weight": 0.0769230797887,
    "danceability": 1.27800965309,
    "onset_rate": 2.05817818642,
    "beats_loudness_band_ratio": {
        "max": [0.899713456631, 0.726745843887, 0.750272393227, 0.693622469902, 0.67191439867, 0.80367153883],
        "mean": [0.15614078939, 0.151575028896, 0.256101489067, 0.275930315256, 0.142732232809, 0.0638037845492],
        "min": [0.000228334247367, 0.000615676282905, 0.0305960718542, 0.0120689757168, 0.0116889011115, 0.00221114163287],
        "stdev": [0.178731381893, 0.164828419685, 0.149137616158, 0.194565206766, 0.135050132871, 0.0967662185431]
    },
