{
"metadata": {
    "version": {
        "essentia": "2.1-beta5",
        "essentia_git_sha": "Undefined",
        "extractor": "music 2.0"
    },
    "audio_properties": {
        "analysis": {
            "equal_loudness": 0,
            "length": 35.9909286499,
            "sample_rate": 44100,
            "start_time": 126.502311707,
            "downmix": "mix"
        },
        "bit_rate": 192000,
        "length": 185.945419312,
        "lossless": 0,
        "number_channels": 2,
        "replay_gain": -7.52905654907,
        "sample_rate": 48000,
        "codec": "mp3",
        "md5_encoded": "f5f3d9fb6f01fd1e5cfaecb059e09a56"
    },
    "tags": {
        "file_name": "Croatia_Vie Nisam Tvoja_Claudia Beni.mp3",
        "encoding": ["Lavf58.29.100"]
    }
},
"lowlevel": {
    "average_loudness": 0.986446261406,
    "barkbands_crest": {
        "max": 23.2271003723,
        "mean": 7.52582120895,
        "min": 2.30827617645,
        "stdev": 3.45350575447
    },
    "barkbands_flatness_db": {
        "max": 0.250448107719,
        "mean": 0.137632861733,
        "min": 0.069078296423,
        "stdev": 0.0264835525304
    },
    "barkbands_kurtosis": {
        "max": 26.7462902069,
        "mean": 0.0914463549852,
        "min": -1.74763834476,
        "stdev": 1.91361713409
    },
    "barkbands_skewness": {
        "max": 4.99318218231,
        "mean": 0.31828841567,
        "min": -2.35270023346,
        "stdev": 0.787007749081
    },
    "barkbands_spread": {
        "max": 63.0657463074,
        "mean": 25.8043289185,
        "min": 4.27573680878,
        "stdev": 9.5393781662
    },
    "dissonance": {
        "max": 0.49995881319,
        "mean": 0.482153922319,
        "min": 0.392616808414,
        "stdev": 0.0143885063007
    },
    "dynamic_complexity": 1.84875619411,
    "erbbands_crest": {
        "max": 22.8567276001,
        "mean": 8.48166847229,
        "min": 2.43781709671,
        "stdev": 3.68837690353
    },
    "erbbands_flatness_db": {
        "max": 0.335583180189,
        "mean": 0.194312527776,
        "min": 0.102853141725,
        "stdev": 0.0386073514819
    },
    "erbbands_kurtosis": {
        "max": 15.1413440704,
        "mean": 0.485701650381,
        "min": -1.4660346508,
        "stdev": 1.70553302765
    },
    "erbbands_skewness": {
        "max": 2.07897138596,
        "mean": -0.0607555247843,
        "min": -2.77114582062,
        "stdev": 0.662738323212
    },
    "erbbands_spread": {
        "max": 72.7293930054,
        "mean": 27.5128421783,
        "min": 5.32056474686,
        "stdev": 11.2329263687
    },
    "hfc": {
        "max": 90.0307922363,
        "mean": 27.1972465515,
        "min": 0.774703383446,
        "stdev": 16.6076145172
    },
    "loudness_ebu128": {
        "integrated": -15.6120634079,
        "loudness_range": 0.710903167725,
        "momentary": {
            "max": -13.0659332275,
            "mean": -15.847823143,
            "min": -26.9594783783,
            "stdev": 1.54341745377
        },
        "short_term": {
            "max": -15.0737609863,
            "mean": -15.6470193863,
            "min": -17.2600078583,
            "stdev": 0.375062972307
        }
    },
    "melbands_crest": {
        "max": 25.7818222046,
        "mean": 9.4896736145,
        "min": 3.26905369759,
        "stdev": 4.13041400909
    },
    "melbands_flatness_db": {
        "max": 0.295489102602,
        "mean": 0.121388025582,
        "min": 0.0371098406613,
        "stdev": 0.0377791672945
    },
    "melbands_kurtosis": {
        "max": 92.3039703369,
        "mean": 2.46815991402,
        "min": -1.64011240005,
        "stdev": 6.18245840073
    },
    "melbands_skewness": {
        "max": 8.49218082428,
        "mean": 1.10652863979,
        "min": -1.53911101818,
        "stdev": 1.05467689037
    },
    "melbands_spread": {
        "max": 100.426315308,
        "mean": 40.6452827454,
        "min": 3.95038819313,
        "stdev": 15.4787540436
    },
    "pitch_salience": {
        "max": 0.833071529865,
        "mean": 0.618043005466,
        "min": 0.14579372108,
        "stdev": 0.102489508688
    },
    "silence_rate_20dB": {
        "max": 1,
        "mean": 1,
        "min": 1,
        "stdev": 0
    },
    "silence_rate_30dB": {
        "max": 1,
        "mean": 1,
        "min": 1,
        "stdev": 0
    },
    "silence_rate_60dB": {
        "max": 1,
        "mean": 0.0341715030372,
        "min": 0,
        "stdev": 0.181668490171
    },
    "spectral_centroid": {
        "max": 3111.94116211,
        "mean": 2102.95410156,
        "min": 687.232543945,
        "stdev": 438.272766113
    },
    "spectral_complexity": {
        "max": 55,
        "mean": 29.0393295288,
        "min": 2,
        "stdev": 9.90966510773
    },
    "spectral_decrease": {
        "max": -2.08010081382e-10,
        "mean": -4.56955540074e-09,
        "min": -1.64611382303e-08,
        "stdev": 2.567079882e-09
    },
    "spectral_energy": {
        "max": 0.0632077381015,
        "mean": 0.0197134576738,
        "min": 0.000878988415934,
        "stdev": 0.0106787774712
    },
    "spectral_energyband_high": {
        "max": 0.0070707318373,
        "mean": 0.000954396266025,
        "min": 1.26393924802e-05,
        "stdev": 0.000864425557666
    },
    "spectral_energyband_low": {
        "max": 0.0592072531581,
        "mean": 0.0037519314792,
        "min": 6.40570851829e-06,
        "stdev": 0.0068965209648
    },
    "spectral_energyband_middle_high": {
        "max": 0.0484129972756,
        "mean": 0.0101260002702,
        "min": 0.000282950000837,
        "stdev": 0.00671686325222
    },
    "spectral_energyband_middle_low": {
        "max": 0.0397426970303,
        "mean": 0.00534100038931,
        "min": 0.000225896175834,
        "stdev": 0.00429065478966
    },
    "spectral_entropy": {
        "max": 8.51072502136,
        "mean": 7.80775260925,
        "min": 7.02981042862,
        "stdev": 0.206172406673
    },
    "spectral_flux": {
        "max": 0.221670255065,
        "mean": 0.0854992344975,
        "min": 0.0169745404273,
        "stdev": 0.0327036976814
    },
    "spectral_kurtosis": {
        "max": 14.4893455505,
        "mean": 3.52458763123,
        "min": -0.45152258873,
        "stdev": 1.92830049992
    },
    "spectral_rms": {
        "max": 0.00785277597606,
        "mean": 0.00420662714168,
        "min": 0.000926039763726,
        "stdev": 0.00123971584253
    },
    "spectral_rolloff": {
        "max": 8053.41796875,
        "mean": 2412.3840332,
        "min": 86.1328125,
        "stdev": 911.452087402
    },
    "spectral_skewness": {
        "max": 2.24637746811,
        "mean": 1.22224223614,
        "min": 0.607012569904,
        "stdev": 0.21780462563
    },
    "spectral_spread": {
        "max": 8071203.5,
        "mean": 3595287.75,
        "min": 1821488.375,
        "stdev": 857696.25
    },
    "spectral_strongpeak": {
        "max": 19.9619464874,
        "mean": 1.54630768299,
        "min": 0.0224622357637,
        "stdev": 1.87252151966
    },
    "zerocrossingrate": {
        "max": 0.205078125,
        "mean": 0.0845696181059,
        "min": 0.01416015625,
        "stdev": 0.023189663887
    },
    "barkbands": {
        "max": [0.000471848761663, 0.0534568540752, 0.0257285032421, 0.0154004208744, 0.0194921940565, 0.00722450390458, 0.00907766912133, 0.00711772590876, 0.0148019697517, 0.0143611151725, 0.0290057379752, 0.0131137128919, 0.0126003567129, 0.0239188112319, 0.0180237442255, 0.0134045016021, 0.0179795101285, 0.0102225011215, 0.00678864540532, 0.00947350170463, 0.00134176586289, 0.00139546219725, 0.00289309490472, 0.00314659089781, 0.0010946567636, 3.41770237355e-06, 1.09388031433e-06],
        "mean": [2.40368462983e-05, 0.00269220420159, 0.000783609109931, 0.000524644041434, 0.00114050635602, 0.000870111689437, 0.000523672439158, 0.000708341540303, 0.00116251956206, 0.00113422854338, 0.00125035410747, 0.000787372642662, 0.00104224332608, 0.0010297736153, 0.00131067470647, 0.000776000029873, 0.000924908439629, 0.00103636726271, 0.000690942513756, 0.00064527336508, 0.000191468221601, 0.000133390087285, 0.000166683530551, 0.000120043674542, 4.40580697614e-05, 2.15338165077e-08, 1.6098029576e-09],
        "min": [1.09546114402e-08, 9.73600435827e-07, 1.34476692892e-07, 9.96194344793e-08, 2.66038659902e-06, 1.01339546745e-05, 5.15452757099e-06, 6.82927293383e-06, 1.83299380296e-05, 1.27901266751e-05, 4.41586735178e-06, 7.50833351049e-06, 5.28937925992e-06, 1.2201872778e-05, 7.81686776463e-06, 4.66673054689e-06, 4.6606437536e-06, 7.60233751862e-06, 6.84642509441e-06, 5.60094440516e-06, 2.63788183474e-06, 1.33866615215e-06, 2.95816539619e-06, 1.21929656416e-06, 1.5567883338e-07, 2.92966415016e-11, 2.76410873357e-11],
        "stdev": [4.43590761279e-05, 0.00557688996196, 0.00218721153215, 0.0013487029355, 0.00177855463699, 0.000948675093241, 0.000697721960023, 0.000937351142056, 0.00146199099254, 0.00146366818808, 0.00205335719511, 0.00104115868453, 0.00153251818847, 0.00195803539827, 0.00194275088143, 0.00129106920213, 0.00179577874951, 0.00129174254835, 0.000650574977044, 0.000687544117682, 0.000192197054275, 0.000172368789208, 0.000204180672881, 0.000175992841832, 7.36605288694e-05, 1.5092034289e-07, 2.91666033547e-08]
    },
    "erbbands": {
        "max": [0.808349251747, 14.0054960251, 25.2930011749, 37.9645385742, 65.4951553345, 67.6566848755, 110.561515808, 62.2705764771, 153.912338257, 161.191833496, 184.714294434, 347.380889893, 539.132507324, 527.832275391, 840.082397461, 620.175842285, 571.091125488, 1178.81103516, 718.144897461, 1111.60754395, 917.156616211, 1065.90466309, 687.596130371, 411.400726318, 243.709884644, 625.072814941, 91.6722183228, 49.7678985596, 51.9300270081, 47.7233314514, 93.6686706543, 75.3051834106, 41.5083122253, 14.5716934204, 7.18285655975, 0.248422667384, 0.00781495217234, 0.000654660863802, 0.000164047451108, 7.45748911868e-05],
        "mean": [0.0430666767061, 0.707821726799, 1.1560703516, 1.36408507824, 2.14771151543, 4.55940771103, 6.91093063354, 6.25439786911, 6.83530807495, 9.24835395813, 20.5500240326, 22.0159549713, 37.5889701843, 45.1713294983, 39.8549728394, 36.4702758789, 45.0575332642, 61.744392395, 46.5412216187, 70.5606460571, 45.7133293152, 51.8569831848, 55.4901008606, 43.8963928223, 32.880027771, 31.4387321472, 12.6510591507, 6.10871124268, 4.62414884567, 4.79246091843, 4.7998085022, 3.05444955826, 1.67918384075, 0.665680527687, 0.233391538262, 0.0132676055655, 0.000402884121286, 3.93016416638e-05, 1.85902408703e-05, 2.69079991995e-05],
        "min": [2.40774188569e-05, 0.000289807241643, 0.00180802273098, 0.00468398118392, 0.00374725181609, 0.0128731187433, 0.0318299904466, 0.100382328033, 0.119947507977, 0.0891038998961, 0.286545276642, 0.445536017418, 0.391629427671, 0.442429631948, 0.221721217036, 0.478561729193, 0.382994323969, 0.7171022892, 0.369367003441, 0.380141437054, 0.340333640575, 0.30673211813, 0.406763106585, 0.27709800005, 0.423551559448, 0.315372765064, 0.123732663691, 0.079446092248, 0.044504314661, 0.0564495101571, 0.0730190128088, 0.0417466238141, 0.00994673464447, 0.00286578107625, 0.000790716439951, 4.24011996074e-05, 1.91823664863e-06, 3.35655585104e-07, 5.22235609424e-07, 1.05829724362e-06],
        "stdev": [0.0839960202575, 1.48349320889, 2.69601845741, 3.19458270073, 5.16787099838, 6.76703691483, 8.77464199066, 6.939057827, 9.81914997101, 10.8935718536, 26.1404914856, 26.1559944153, 49.2679824829, 56.8380279541, 57.6286125183, 46.0870628357, 59.8836708069, 105.440803528, 68.073425293, 104.120307922, 75.3396606445, 99.8729095459, 74.4435348511, 45.404258728, 28.3656291962, 36.9423942566, 11.7440948486, 6.62641048431, 5.97115945816, 6.25272035599, 5.93048429489, 4.19399642944, 2.5851457119, 1.06711924076, 0.431280910969, 0.0251479987055, 0.000681913748849, 5.46048067918e-05, 1.29785175886e-05, 1.43788693094e-05]
    },
    "gfcc": {
        "mean": [1.76912045479, 93.0139694214, -178.12097168, 46.103679657, -74.8601455688, 21.0564403534, -39.0455589294, 10.1611118317, -18.567615509, -12.4767827988, 2.20730209351, -15.6463794708, 5.24271249771],
        "cov": [[1770.74890137, -350.394073486, 285.383880615, 192.271224976, 47.7207679749, 259.600799561, -70.2533493042, 83.2132339478, -105.07862854, 54.0097389221, -94.9213027954, 37.0760726929, -57.855922699], [-350.394073486, 626.81439209, 189.030166626, 85.561958313, 126.684013367, 13.5022153854, 179.62046814, -44.5768852234, 75.9596710205, -15.907078743, 74.7839584351, -20.0513477325, 31.6148166656], [285.383880615, 189.030166626, 638.938537598, 284.307983398, 78.903427124, 248.301025391, 61.6403121948, 85.9061889648, -14.1031351089, 56.6843948364, -45.4113922119, 66.2577285767, -28.1139850616], [192.271224976, 85.561958313, 284.307983398, 275.554840088, 135.136367798, 100.036804199, 36.7430000305, 67.2212219238, 52.7423439026, 20.0311794281, -1.56406569481, 26.1214103699, -0.405080854893], [47.7207679749, 126.684013367, 78.903427124, 135.136367798, 199.441650391, 80.9840240479, 67.623550415, 46.1751098633, 53.4102210999, 15.39757061, 29.6302890778, -10.1568584442, 14.3417329788], [259.600799561, 13.5022153854, 248.301025391, 100.036804199, 80.9840240479, 324.265197754, 122.798088074, 18.1560401917, -30.8209228516, 49.925075531, -10.7413787842, 8.74369621277, -48.0860900879], [-70.2533493042, 179.62046814, 61.6403121948, 36.7430000305, 67.623550415, 122.798088074, 173.566574097, 11.1964969635, 20.7463226318, 14.0758237839, 41.864944458, -17.1725921631, -9.10510349274], [83.2132339478, -44.5768852234, 85.9061889648, 67.2212219238, 46.1751098633, 18.1560401917, 11.1964969635, 127.895027161, 47.5011749268, 21.3540859222, -7.17622804642, 11.4413070679, 6.75924348831], [-105.07862854, 75.9596710205, -14.1031351089, 52.7423439026, 53.4102210999, -30.8209228516, 20.7463226318, 47.5011749268, 122.952461243, 13.1526584625, 28.3947811127, -6.51205348969, 18.2526760101], [54.0097389221, -15.907078743, 56.6843948364, 20.0311794281, 15.39757061, 49.925075531, 14.0758237839, 21.3540859222, 13.1526584625, 68.0346679688, 12.4913597107, -0.529002308846, -11.9665327072], [-94.9213027954, 74.7839584351, -45.4113922119, -1.56406569481, 29.6302890778, -10.7413787842, 41.864944458, -7.17622804642, 28.3947811127, 12.4913597107, 92.3044662476, 0.264234095812, 10.1993923187], [37.0760726929, -20.0513477325, 66.2577285767, 26.1214103699, -10.1568584442, 8.74369621277, -17.1725921631, 11.4413070679, -6.51205348969, -0.529002308846, 0.264234095812, 64.4186172485, 20.3591327667], [-57.855922699, 31.6148166656, -28.1139850616, -0.405080854893, 14.3417329788, -48.0860900879, -9.10510349274, 6.75924348831, 18.2526760101, -11.9665327072, 10.1993923187, 20.3591327667, 57.0697135925]],
        "icov": [[0.000877014885191, 2.13989151234e-05, 0.000421925476985, -0.000941507518291, 0.000229548968491, -0.000936753465794, 0.000870552612469, -0.000675899558701, 0.000956244592089, -0.000312890886562, 0.00019114020688, 4.99535090057e-05, 2.69483953161e-05], [2.13989151234e-05, 0.0122730331495, -0.0126090804115, 0.00930114835501, -0.00929308496416, 0.0109084378928, -0.013657823205, 0.0126460017636, -0.00822701863945, 0.00522981397808, -0.0024622650817, 0.00414758035913, -0.0023845450487], [0.000421925476985, -0.0126090804115, 0.0184264369309, -0.0153826223686, 0.0118906963617, -0.013669397682, 0.0136945163831, -0.0145278535783, 0.0106952684, -0.00750103313476, 0.00418218271807, -0.00668529700488, 0.00242462637834], [-0.000941507518291, 0.00930114835501, -0.0153826223686, 0.0206346120685, -0.0140472277999, 0.0103831281886, -0.00995448604226, 0.0105098383501, -0.0110664824024, 0.00667688716203, -0.00225655338727, 0.00146229821257, 0.000728457816876], [0.000229548968491, -0.00929308496416, 0.0118906963617, -0.0140472277999, 0.0188759230077, -0.0117758400738, 0.00979361217469, -0.0115608749911, 0.00613878061995, -0.00394876534119, -0.00032507814467, 0.00148906989489, -0.00385968619958], [-0.000936753465794, 0.0109084378928, -0.013669397682, 0.0103831281886, -0.0117758400738, 0.0194467045367, -0.0182684343308, 0.0131261730567, -0.00626483559608, 0.00140866544098, 0.000369042070815, 0.000418068288127, 0.0033067278564], [0.000870552612469, -0.013657823205, 0.0136945163831, -0.00995448604226, 0.00979361217469, -0.0182684343308, 0.027509495616, -0.0154055953026, 0.00832552462816, -0.00303371902555, -0.00264189811423, -9.92139175651e-05, 0.000692534609698], [-0.000675899558701, 0.0126460017636, -0.0145278535783, 0.0105098383501, -0.0115608749911, 0.0131261730567, -0.0154055953026, 0.0248655322939, -0.0131661714986, 0.00302342278883, 0.000126358572743, 0.00226625381038, -0.00219672964886], [0.000956244592089, -0.00822701863945, 0.0106952684, -0.0110664824024, 0.00613878061995, -0.00626483559608, 0.00832552462816, -0.0131661714986, 0.0202310774475, -0.00676696468145, 7.95407345322e-07, -0.0010246624006, -0.00074059329927], [-0.000312890886562, 0.00522981397808, -0.00750103313476, 0.00667688716203, -0.00394876534119, 0.00140866544098, -0.00303371902555, 0.00302342278883, -0.00676696468145, 0.0226719677448, -0.00621699355543, 0.00382339721546, 0.00114032591227], [0.00019114020688, -0.0024622650817, 0.00418218271807, -0.00225655338727, -0.00032507814467, 0.000369042070815, -0.00264189811423, 0.000126358572743, 7.95407345322e-07, -0.00621699355543, 0.0171257480979, -0.00558739295229, 0.00118692370597], [4.99535090057e-05, 0.00414758035913, -0.00668529700488, 0.00146229821257, 0.00148906989489, 0.000418068288127, -9.92139175651e-05, 0.00226625381038, -0.0010246624006, 0.00382339721546, -0.00558739295229, 0.0269828885794, -0.013334069401], [2.69483953161e-05, -0.0023845450487, 0.00242462637834, 0.000728457816876, -0.00385968619958, 0.0033067278564, 0.000692534609698, -0.00219672964886, -0.00074059329927, 0.00114032591227, 0.00118692370597, -0.013334069401, 0.0292177889496]]
    },
    "melbands": {
        "max": [0.0113062802702, 0.0146341314539, 0.00605344818905, 0.00424782559276, 0.00337614584714, 0.00129744084552, 0.00215690233745, 0.00145253189839, 0.00147275335621, 0.00217549805529, 0.00263128429651, 0.00196085916832, 0.00355341704562, 0.00168066401966, 0.00137167598587, 0.00158112414647, 0.0026625469327, 0.000998893869109, 0.00187156070024, 0.00109428563155, 0.00126813421957, 0.00143858802039, 0.000609962386079, 0.000633101502899, 0.000368934503058, 0.000226851101615, 0.000286319700535, 0.000404431397328, 9.11888346309e-05, 3.36601297022e-05, 3.32133749907e-05, 3.22741616401e-05, 3.02617590933e-05, 3.60976300726e-05, 6.22758816462e-05, 4.33712775703e-05, 4.5403947297e-05, 2.74133453786e-05, 1.94353233383e-05, 1.42072540257e-05],
        "mean": [0.000601640262175, 0.000742606061976, 0.000258470128756, 0.000229943441809, 0.000240006120293, 0.000147115977597, 0.000106066880107, 0.000103142840089, 0.000174630040419, 0.000147587808897, 0.000186628501979, 0.000176629851921, 0.000156463254825, 9.15640121093e-05, 8.70635485626e-05, 0.000114115246106, 0.000112510999315, 6.34458701825e-05, 0.000107582098281, 6.65191691951e-05, 5.38549866178e-05, 5.79806837777e-05, 4.43456883659e-05, 5.14721032232e-05, 3.38776189892e-05, 2.47240986937e-05, 2.29576799029e-05, 2.01865659619e-05, 9.31081103772e-06, 4.02729347115e-06, 3.28995247401e-06, 2.55238205682e-06, 2.58535169451e-06, 2.72172451332e-06, 2.92147160508e-06, 2.31233411796e-06, 1.70787677689e-06, 1.32393120111e-06, 7.36801951007e-07, 4.99086866057e-07],
        "min": [1.99323068273e-07, 1.11046426809e-06, 7.11740142378e-07, 5.21302240486e-07, 8.06364596428e-07, 2.10684788726e-06, 1.80053905297e-06, 1.06146171674e-06, 1.86276258773e-06, 2.41311636273e-06, 1.50734967974e-06, 1.48843901115e-06, 3.9622523218e-07, 1.01436944533e-06, 9.71250528892e-07, 4.34840075059e-07, 1.25674182527e-06, 3.13732101631e-07, 5.75017509163e-07, 4.50580358802e-07, 2.85659609744e-07, 3.5622406358e-07, 2.37371097001e-07, 3.07637861852e-07, 1.6746264464e-07, 2.60670532271e-07, 2.23426212642e-07, 1.8087584408e-07, 6.59055885421e-08, 4.07495974741e-08, 3.71825166212e-08, 2.40766340198e-08, 2.06052384044e-08, 3.64829091382e-08, 3.72003086113e-08, 4.32301909825e-08, 1.38209061973e-08, 7.17746351242e-09, 3.5087766026e-09, 2.07491290816e-09],
        "stdev": [0.00121024646796, 0.00151139730588, 0.000601218314841, 0.000378637952963, 0.000296650337987, 0.00015793943021, 0.0001456020982, 0.000115571703645, 0.000214831481571, 0.000185126104043, 0.000249472475844, 0.000228642980801, 0.00025570372236, 0.000129451538669, 0.000107617226604, 0.000178370668436, 0.000210732396226, 0.000105281280412, 0.000170012717717, 0.000104874729004, 0.000103286838566, 0.00013196474174, 6.73046160955e-05, 6.65165716782e-05, 3.88504595321e-05, 2.34378749155e-05, 2.44810653385e-05, 2.47546940955e-05, 9.8221562439e-06, 4.3554828153e-06, 3.89714023186e-06, 3.39549706041e-06, 3.52240567736e-06, 3.70674274563e-06, 3.76687330572e-06, 2.95974223263e-06, 2.51285473496e-06, 2.09907875615e-06, 1.18975663099e-06, 8.71877091413e-07]
    },
    "melbands128": {
        "max": [0.000413625704823, 0.00355846225284, 0.0168744027615, 0.0277189426124, 0.0188716873527, 0.0130206104368, 0.00832057744265, 0.00902681145817, 0.00689376005903, 0.00483327638358, 0.00432247668505, 0.00408251490444, 0.0051973182708, 0.00230090296827, 0.00146455946378, 0.00251257466152, 0.00224412837997, 0.00396489026025, 0.00236664176919, 0.00268746586516, 0.00210599019192, 0.00212528789416, 0.00252935383469, 0.00317539600655, 0.00366315874271, 0.00225316104479, 0.00576341385022, 0.00421662162989, 0.00453019468114, 0.00300349481404, 0.00300252437592, 0.00925816129893, 0.00713629694656, 0.00365823111497, 0.00178218679503, 0.00367540074512, 0.00187654769979, 0.00210994505323, 0.00231940136291, 0.00224819383584, 0.00278860819526, 0.00371435866691, 0.00326054496691, 0.00616089068353, 0.00152964366134, 0.00167953257915, 0.00285254232585, 0.00312250154093, 0.00445978343487, 0.0030909711495, 0.00173165719025, 0.00183755601756, 0.00269772671163, 0.00209181383252, 0.00209434982389, 0.00320721627213, 0.000845896371175, 0.00113293016329, 0.00119690503925, 0.00132906145882, 0.001272901427, 0.0014598458074, 0.000776333443355, 0.000443629658548, 0.000378847209504, 0.000390164845157, 0.000364208739484, 0.000504392781295, 0.000537185987923, 0.000891035713721, 0.000654977746308, 0.000255550054135, 0.000154597786604, 0.000133116147481, 6.3583458541e-05, 5.36568295502e-05, 5.59952241019e-05, 5.43535716133e-05, 3.87720065191e-05, 4.41096672148e-05, 3.47995992342e-05, 4.03237827413e-05, 3.18243692163e-05, 3.62232312909e-05, 3.2818337786e-05, 3.995836596e-05, 4.90749662276e-05, 5.59424479434e-05, 9.17770812521e-05, 4.26600381616e-05, 3.79765260732e-05, 5.33101483597e-05, 6.79441145621e-05, 5.27344127477e-05, 3.49205292878e-05, 4.90213060402e-05, 2.71042954409e-05, 4.21438780904e-05, 2.53104117292e-05, 1.31445067382e-05, 2.6048406653e-05, 1.42492071973e-05, 1.81459963642e-05, 1.37603819894e-05, 1.04442851807e-05, 3.76281263925e-06, 1.35041830163e-06, 1.28073182282e-07, 5.04391284295e-09, 5.18137177608e-09, 5.24127985457e-09, 5.28867705185e-09, 5.27445198628e-09, 5.26445242954e-09, 5.19883158745e-09, 5.09687669847e-09, 5.04335018192e-09, 4.9642352451e-09, 4.88253082409e-09, 4.81306816624e-09, 4.73573713577e-09, 4.6777253182e-09, 4.60534010926e-09, 4.54626958302e-09, 4.49559145466e-09, 4.45835368623e-09, 4.429216105e-09, 4.41277681063e-09],
        "mean": [1.70217936102e-05, 0.000162004522281, 0.000919824349694, 0.00130670459475, 0.000760485301726, 0.000348478468368, 0.000266329851002, 0.000264187110588, 0.000196157823666, 0.000204089519684, 0.000279481784673, 0.000242397538386, 0.00024942253367, 0.000221443246119, 0.000124976708321, 0.000128735759063, 0.000107393680082, 0.000101980105683, 9.87482053461e-05, 0.000112189663923, 7.6293174061e-05, 0.000153428234626, 0.000216145796003, 0.000166252604686, 0.000109062377305, 0.000126534228912, 0.000259161170106, 0.000193644998944, 0.000125557300635, 0.00016205717111, 0.000185413577128, 0.000228415141464, 0.00017836484767, 9.13418043638e-05, 6.48035129416e-05, 0.000112944755529, 0.000101981859189, 7.13125991751e-05, 9.3749978987e-05, 8.79975850694e-05, 0.000120175915072, 0.000148711827933, 0.00012473994866, 9.77281015366e-05, 5.18430024385e-05, 5.07506701979e-05, 7.96409585746e-05, 0.00011047188309, 0.000122960162116, 0.000104123711935, 5.13570957992e-05, 3.76985408366e-05, 4.65470766358e-05, 6.23954183538e-05, 6.89840671839e-05, 6.50197689538e-05, 4.01134202548e-05, 3.73580951418e-05, 4.84466108901e-05, 5.32359699719e-05, 5.65519403608e-05, 4.60197516077e-05, 3.87081272493e-05, 3.05078410747e-05, 2.50644734479e-05, 2.56549028563e-05, 2.45474384428e-05, 1.97064473468e-05, 2.24479099415e-05, 2.77329581877e-05, 2.18858604057e-05, 1.59784922289e-05, 1.27612556753e-05, 8.41904784465e-06, 4.83702206111e-06, 3.92132142224e-06, 3.79708012588e-06, 3.40012820743e-06, 3.33024377142e-06, 3.13396640195e-06, 2.48815740633e-06, 2.36164237322e-06, 2.46531294579e-06, 2.67764403361e-06, 2.66120946435e-06, 2.40004328589e-06, 2.79965024674e-06, 3.24134612129e-06, 2.92893719234e-06, 2.77687308881e-06, 2.4720698093e-06, 2.22903554459e-06, 1.95399525182e-06, 1.61865045811e-06, 1.58480941082e-06, 1.6519862811e-06, 1.24310872707e-06, 9.5875475381e-07, 7.38404366984e-07, 6.17155819782e-07, 5.65633740734e-07, 4.82740119878e-07, 4.29784762446e-07, 3.30867095499e-07, 2.90139496428e-07, 2.23341515948e-07, 4.845562529e-08, 1.23211052472e-09, 1.10380983867e-11, 9.40042401559e-12, 9.06201849671e-12, 8.85891013325e-12, 8.59865824376e-12, 8.42229064268e-12, 8.13243222764e-12, 7.87609387431e-12, 7.66375851668e-12, 7.47664777312e-12, 7.29189712084e-12, 7.12739979883e-12, 6.97049536147e-12, 6.84843414617e-12, 6.72680357597e-12, 6.61334789015e-12, 6.47750342947e-12, 6.33667814401e-12, 6.24733034402e-12, 6.21096360107e-12],
        "min": [1.40378142444e-09, 2.95280102591e-08, 5.19137230981e-08, 3.53908916395e-07, 2.65715101477e-07, 7.57648521699e-08, 3.79977251441e-07, 4.50691075571e-08, 4.51826629444e-08, 1.88036750615e-07, 2.33338965927e-07, 6.49575270018e-07, 5.28027896962e-07, 8.97030929536e-07, 5.88374575727e-07, 8.18425291982e-07, 6.65628874685e-07, 3.87866748497e-07, 4.57456451386e-07, 3.26538668105e-07, 5.47259730865e-07, 2.90266797265e-07, 8.10909000393e-07, 6.13299675933e-07, 1.2887091998e-06, 2.85845885628e-07, 4.87953002448e-07, 1.00076363196e-06, 2.82493829218e-07, 1.28518522047e-07, 2.47387134777e-07, 7.15167914223e-07, 1.55741702201e-07, 1.38325205512e-07, 8.03266075877e-08, 2.49852291745e-07, 4.22297546265e-07, 4.45888105105e-07, 2.19073683638e-07, 2.50790947121e-07, 3.89816278812e-07, 4.7420448368e-07, 5.77276807689e-07, 3.01156887872e-07, 1.75433129357e-07, 1.84130513503e-07, 2.06135354119e-07, 3.18494016938e-07, 5.02945226799e-07, 2.2153973589e-07, 1.96274541509e-07, 8.65650093829e-08, 2.93256391615e-07, 1.35434945037e-07, 2.1136654027e-07, 3.48929376059e-07, 1.44816780789e-07, 1.50149872979e-07, 4.71638443855e-08, 1.58829550401e-07, 1.40022606843e-07, 3.07981423475e-07, 1.96526301011e-07, 1.18617116129e-07, 1.04454400685e-07, 1.35177600669e-07, 1.0117609861e-07, 6.87599168714e-08, 1.14904963766e-07, 1.32644558448e-07, 9.62619992606e-08, 1.09777793966e-07, 4.17622096904e-08, 3.09624361705e-08, 1.51379548896e-08, 2.89555170951e-08, 4.96563785646e-08, 3.80126756738e-08, 3.22380593332e-08, 2.27281855558e-08, 2.19183178274e-08, 1.33282380688e-08, 1.59012838452e-08, 1.67871760937e-08, 1.88705460147e-08, 1.77704375659e-08, 2.66076902733e-08, 2.38506121519e-08, 2.50232137233e-08, 2.04870964637e-08, 3.41140413695e-08, 3.35147092301e-08, 1.9412938812e-08, 7.68812835616e-09, 4.94542939933e-09, 6.98584790015e-09, 6.09228667514e-09, 3.25305449245e-09, 2.96150592938e-09, 1.83043036284e-09, 1.87090343218e-09, 1.30217714389e-09, 4.00079219753e-10, 2.87416646039e-10, 4.85237197645e-12, 2.61937017215e-11, 3.66203757856e-13, 1.51344702829e-13, 1.05504052218e-13, 8.55586895819e-14, 8.14278725285e-14, 9.94793304806e-14, 7.5896672844e-14, 6.49656110158e-14, 8.7873637403e-14, 8.59846455105e-14, 9.62969599352e-14, 9.27340479797e-14, 1.01815081431e-13, 8.90801375806e-14, 8.69087516796e-14, 8.81932805323e-14, 9.29563026488e-14, 9.44351950696e-14, 6.48717191076e-14, 2.90285170576e-14, 4.07854961487e-15, 7.6545930692e-17],
        "stdev": [3.57213211828e-05, 0.000335201999405, 0.00188972870819, 0.0028635871131, 0.00177880155388, 0.000988097744994, 0.000661320809741, 0.000744619057514, 0.000555242644623, 0.000370656372979, 0.000437484122813, 0.000402749719797, 0.000367960426956, 0.000302335043671, 0.000172323532752, 0.00019750604406, 0.000166236335644, 0.000223368580919, 0.000153191867867, 0.000169689621544, 0.000132930319523, 0.000275377649814, 0.000319564336678, 0.000262655812548, 0.000223687413381, 0.000213846244151, 0.000482891133288, 0.000329720642185, 0.000288354116492, 0.000295028323308, 0.000319056212902, 0.000506364041939, 0.000375955161871, 0.000194304346223, 0.000115817478218, 0.000230031189858, 0.000155403613462, 0.000128696890897, 0.000179277907591, 0.000174276821781, 0.000277006911347, 0.0003305474238, 0.000293143966701, 0.000314768316457, 0.000130781452754, 0.000111174325866, 0.000219892477617, 0.000257306732237, 0.000248316267971, 0.000227956406889, 0.000116340052045, 9.68294916674e-05, 0.000149197687279, 0.000148470237036, 0.000191268278286, 0.00022439697932, 8.80367442733e-05, 7.3340102972e-05, 0.000104500511952, 0.00011081151024, 9.93901267066e-05, 8.31903889775e-05, 6.85176128172e-05, 4.32345950685e-05, 3.12318770739e-05, 3.43123938364e-05, 2.96164216707e-05, 2.59471817117e-05, 3.47739405697e-05, 5.09131496074e-05, 3.86945357604e-05, 2.07985376619e-05, 1.68580318132e-05, 1.0999382539e-05, 5.99867053097e-06, 4.89898638989e-06, 5.14822386322e-06, 4.60225055576e-06, 4.41764632342e-06, 4.2612591642e-06, 3.72297336071e-06, 3.70399607164e-06, 3.61268280358e-06, 3.96584118789e-06, 4.1133389459e-06, 3.69943700207e-06, 4.32676233686e-06, 4.94400092066e-06, 4.56108455182e-06, 3.83557380701e-06, 3.35321760758e-06, 3.24685811393e-06, 3.22790697282e-06, 2.64936761596e-06, 2.55849863606e-06, 3.1571053114e-06, 1.99896362574e-06, 1.80647464276e-06, 1.38015673201e-06, 9.88025249171e-07, 1.12363136395e-06, 8.84768724063e-07, 8.70110625328e-07, 6.78790627262e-07, 6.03278863309e-07, 4.48726893865e-07, 1.23145312614e-07, 6.36205976789e-09, 1.44088949106e-10, 1.44900647037e-10, 1.44866077467e-10, 1.44779729871e-10, 1.43555556331e-10, 1.42503120415e-10, 1.40230688173e-10, 1.37107269982e-10, 1.35307431925e-10, 1.32982500012e-10, 1.30469995918e-10, 1.28387259157e-10, 1.26226293307e-10, 1.24566731929e-10, 1.22586829576e-10, 1.20895488065e-10, 1.19456139425e-10, 1.1843029335e-10, 1.17627019236e-10, 1.17162404778e-10]
    },
    "mfcc": {
        "mean": [-608.649902344, 96.7065582275, -32.2467346191, 13.0702505112, -4.12925672531, -3.06178021431, 1.76269578934, 7.09763240814, -7.36131095886, 8.24073314667, -6.59423875809, -1.72802913189, -2.94391536713],
        "cov": [[1671.55627441, -401.673278809, 133.937728882, -27.6629486084, 123.590866089, 94.8056869507, 69.5021820068, 26.9266490936, 22.6703853607, -16.1543769836, 11.9409589767, -28.0118198395, -10.3386106491], [-401.673278809, 504.366973877, 61.9526329041, 86.6954727173, -24.280166626, 70.2467422485, 65.425239563, 25.0736122131, 16.2763957977, 20.8253746033, 32.2596549988, 14.699010849, 2.39549708366], [133.937728882, 61.9526329041, 561.56060791, 110.881240845, 102.527809143, 183.470779419, 100.550575256, 93.9042205811, 75.2331466675, -26.2242717743, 82.1578140259, 18.2033958435, 5.48383045197], [-27.6629486084, 86.6954727173, 110.881240845, 237.783554077, 123.16998291, -5.74653816223, -9.07277584076, 43.1039047241, 56.7911224365, 10.0082864761, 3.88910937309, 43.3612442017, 35.4298744202], [123.590866089, -24.280166626, 102.527809143, 123.16998291, 193.709381104, 41.738155365, 21.750169754, 50.0461654663, 56.9133605957, 29.2589187622, 12.802942276, 31.1327266693, 26.6873722076], [94.8056869507, 70.2467422485, 183.470779419, -5.74653816223, 41.738155365, 269.111938477, 138.028030396, 59.846698761, 21.3688335419, 22.814250946, 74.4307861328, -12.8809528351, -15.8463144302], [69.5021820068, 65.425239563, 100.550575256, -9.07277584076, 21.750169754, 138.028030396, 182.400497437, 55.6882972717, 9.95688915253, 34.7660484314, 54.4947013855, 5.43822097778, -7.04099416733], [26.9266490936, 25.0736122131, 93.9042205811, 43.1039047241, 50.0461654663, 59.846698761, 55.6882972717, 102.62827301, 48.9865608215, 20.3799114227, 20.5180625916, 24.5019073486, 12.9213027954], [22.6703853607, 16.2763957977, 75.2331466675, 56.7911224365, 56.9133605957, 21.3688335419, 9.95688915253, 48.9865608215, 100.816795349, 21.050403595, 18.7244720459, 14.1598424911, 14.2683973312], [-16.1543769836, 20.8253746033, -26.2242717743, 10.0082864761, 29.2589187622, 22.814250946, 34.7660484314, 20.3799114227, 21.050403595, 113.839004517, 36.4723396301, 16.1965694427, 4.44033765793], [11.9409589767, 32.2596549988, 82.1578140259, 3.88910937309, 12.802942276, 74.4307861328, 54.4947013855, 20.5180625916, 18.7244720459, 36.4723396301, 92.7489547729, 15.8723421097, -5.92958116531], [-28.0118198395, 14.699010849, 18.2033958435, 43.3612442017, 31.1327266693, -12.8809528351, 5.43822097778, 24.5019073486, 14.1598424911, 16.1965694427, 15.8723421097, 73.5994415283, 29.4709148407], [-10.3386106491, 2.39549708366, 5.48383045197, 35.4298744202, 26.6873722076, -15.8463144302, -7.04099416733, 12.9213027954, 14.2683973312, 4.44033765793, -5.92958116531, 29.4709148407, 57.6257095337]],
        "icov": [[0.00084202416474, 0.000723226985428, -9.22766485019e-05, -9.85686983768e-06, -0.000398169009713, -0.000169906721567, -0.000451201631222, 0.000157806600328, -9.53421040322e-05, 0.000172786356416, 5.29962235305e-05, 0.000268432369921, 6.1470658693e-05], [0.000723226985428, 0.00322143128142, 2.7603984563e-05, -0.001934564556, 0.00147543894127, -0.00084542267723, -0.00115121854469, 0.000375017814804, -0.000326073524775, -0.000201008617296, 6.88476575306e-05, -1.65424007719e-05, 0.000153876186232], [-9.22766485019e-05, 2.7603984563e-05, 0.00326305185445, -0.00109496153891, -0.000354539806722, -0.00136071851011, -0.000176111643668, -0.00111239298712, -0.000877147598658, 0.00224676704966, -0.0020813960582, 0.000174251792487, 0.000103686965303], [-9.85686983768e-06, -0.001934564556, -0.00109496153891, 0.00886539369822, -0.0049849501811, 0.00147718621884, 0.00122867175378, -0.000479013455333, -0.00100307341199, 0.000343115854776, 0.00042915189988, -0.00163003953639, -0.00119576824363], [-0.000398169009713, 0.00147543894127, -0.000354539806722, -0.0049849501811, 0.0105976723135, -0.00178954214789, -0.000186657824088, -0.000391917768866, -0.00202609994449, -0.00214978656732, 0.001630009152, -0.00119181966875, -0.000924554478843], [-0.000169906721567, -0.00084542267723, -0.00136071851011, 0.00147718621884, -0.00178954214789, 0.00852310471237, -0.0036751141306, -0.00181078317109, 0.000904013228137, 0.00036580071901, -0.00342253246345, 0.00311349891126, 0.000158927141456], [-0.000451201631222, -0.00115121854469, -0.000176111643668, 0.00122867175378, -0.000186657824088, -0.0036751141306, 0.0109662832692, -0.0039405063726, 0.00214576162398, -0.00164763454814, -0.00173552881461, -0.000425822858233, 0.000162415992236], [0.000157806600328, 0.000375017814804, -0.00111239298712, -0.000479013455333, -0.000391917768866, -0.00181078317109, -0.0039405063726, 0.0179426036775, -0.00645592575893, -0.000982039724477, 0.00315270968713, -0.00446124514565, -0.000127888284624], [-9.53421040322e-05, -0.000326073524775, -0.000877147598658, -0.00100307341199, -0.00202609994449, 0.000904013228137, 0.00214576162398, -0.00645592575893, 0.0157776754349, -0.00165404391009, -0.00237130606547, 0.002332349075, -0.0016226581065], [0.000172786356416, -0.000201008617296, 0.00224676704966, 0.000343115854776, -0.00214978656732, 0.00036580071901, -0.00164763454814, -0.000982039724477, -0.00165404391009, 0.0125697925687, -0.00530293630436, -0.00048291819985, -0.000128038009279], [5.29962235305e-05, 6.88476575306e-05, -0.0020813960582, 0.00042915189988, 0.001630009152, -0.00342253246345, -0.00173552881461, 0.00315270968713, -0.00237130606547, -0.00530293630436, 0.0191752295941, -0.00574881210923, 0.00323476199992], [0.000268432369921, -1.65424007719e-05, 0.000174251792487, -0.00163003953639, -0.00119181966875, 0.00311349891126, -0.000425822858233, -0.00446124514565, 0.002332349075, -0.00048291819985, -0.00574881210923, 0.0215893909335, -0.00878218188882], [6.1470658693e-05, 0.000153876186232, 0.000103686965303, -0.00119576824363, -0.000924554478843, 0.000158927141456, 0.000162415992236, -0.000127888284624, -0.0016226581065, -0.000128038009279, 0.00323476199992, -0.00878218188882, 0.0238395947963]]
    },
    "spectral_contrast_coeffs": {
        "max": [-0.451929181814, -0.594201862812, -0.580032765865, -0.601170778275, -0.646975576878, -0.661846995354],
        "mean": [-0.721408843994, -0.791769981384, -0.764123499393, -0.772664129734, -0.77515745163, -0.764341235161],
        "min": [-0.865730524063, -0.932011961937, -0.898933410645, -0.892385601997, -0.860608816147, -0.854379296303],
        "stdev": [0.0683620348573, 0.0487122163177, 0.050377164036, 0.0530139692128, 0.0372372418642, 0.0261020194739]
    },
    "spectral_contrast_valleys": {
        "max": [-5.32568788528, -5.39523601532, -5.33104038239, -5.67244625092, -5.85531568527, -7.99777078629],
        "mean": [-7.16918706894, -6.57095432281, -6.78516483307, -6.9957652092, -6.81938362122, -9.86656951904],
        "min": [-9.45855998993, -8.22391319275, -9.06584453583, -8.45618152618, -8.70146465302, -11.9787149429],
        "stdev": [0.794882953167, 0.427556395531, 0.525581777096, 0.457986742258, 0.447582751513, 0.681555449963]
    }
},
"rhythm": {
    "beats_count": 57,
    "beats_loudness": {
        "max": 0.0708632618189,
        "mean": 0.0318432226777,
        "min": 0.00146917894017,
        "stdev": 0.0102657005191
    },
    "bpm": 95.0070953369,
    "bpm_histogram_first_peak_bpm": 96,
    "bpm_histogram_first_peak_weight": 0.399999976158,
    "bpm_histogram_second_peak_bpm": 103,
    "bpm_histogram_second_peak_spread": 0,
    "bpm_histogram_second_peak_weight": 0.0178571436554,
    "danceability": 1.74892652035,
    "onset_rate": 3.22199487686,
    "beats_loudness_band_ratio": {
        "max": [0.938318967819, 0.319592744112, 0.331724196672, 0.587819993496, 0.658947229385, 0.247039139271],
        "mean": [0.336577862501, 0.065003991127, 0.106027752161, 0.200797662139, 0.204806908965, 0.114005498588],
        "min": [0.00792406965047, 0.0113255633041, 0.0108443358913, 0.00804604869336, 0.0156083358452, 0.00590293295681],
        "stdev": [0.279180645943, 0.0503539815545, 0.0692812427878, 0.125177294016, 0.141096800566, 0.0662308931351]
    },
    "beats_position": [0.557278871536, 1.13777780533, 1.77632653713, 2.41487526894, 3.04181408882, 3.66875267029, 4.29569149017, 4.92263031006, 5.54956912994, 6.18811798096, 6.82666635513, 7.45360517502, 8.08054447174, 8.70748329163, 9.33442115784, 9.97297000885, 10.6115188599, 11.2384576797, 11.8653964996, 12.4923353195, 13.1308841705, 13.7578229904, 14.3963718414, 15.0233106613, 15.6502494812, 16.2887973785, 16.9273471832, 17.5542850494, 18.181224823, 18.8081626892, 19.4467124939, 20.0736503601, 20.7121982574, 21.339138031, 21.9660758972, 22.6046257019, 23.2431735992, 23.8701133728, 24.497051239, 25.1239910126, 25.7509288788, 26.3894786835, 27.0280265808, 27.6549663544, 28.2935142517, 28.932062149, 29.5590019226, 30.1859397888, 30.8128795624, 31.4514274597, 32.0899772644, 32.7169151306, 33.3438529968, 33.9707946777, 34.6093406677, 35.2478904724, 35.8748283386],
