{
"metadata": {
    "version": {
        "essentia": "2.1-beta5",
        "essentia_git_sha": "Undefined",
        "extractor": "music 2.0"
    },
    "audio_properties": {
        "analysis": {
            "equal_loudness": 0,
            "length": 32.4963264465,
            "sample_rate": 44100,
            "start_time": 29.0017242432,
            "downmix": "mix"
        },
        "bit_rate": 192000,
        "length": 210.233474731,
        "lossless": 0,
        "number_channels": 2,
        "replay_gain": -9.20719337463,
        "sample_rate": 48000,
        "codec": "mp3",
        "md5_encoded": "af546d1fd4b61b119ecb0a560d5a9645"
    },
    "tags": {
        "file_name": "Estonia_Eighties Coming Back_Ruffus.mp3",
        "encoding": ["Lavf58.29.100"]
    }
},
"lowlevel": {
    "average_loudness": 0.968024492264,
    "barkbands_crest": {
        "max": 23.1716175079,
        "mean": 9.26184844971,
        "min": 2.62196874619,
        "stdev": 3.56049251556
    },
    "barkbands_flatness_db": {
        "max": 0.297036617994,
        "mean": 0.153282776475,
        "min": 0.0424662083387,
        "stdev": 0.0412792861462
    },
    "barkbands_kurtosis": {
        "max": 58.0887260437,
        "mean": 4.5466799736,
        "min": -1.79008555412,
        "stdev": 8.22700881958
    },
    "barkbands_skewness": {
        "max": 6.82225465775,
        "mean": 1.59074926376,
        "min": -6.44439601898,
        "stdev": 1.31463599205
    },
    "barkbands_spread": {
        "max": 93.2476272583,
        "mean": 19.057346344,
        "min": 2.39337658882,
        "stdev": 12.9598865509
    },
    "dissonance": {
        "max": 0.49999371171,
        "mean": 0.471656680107,
        "min": 0.335983127356,
        "stdev": 0.0237146411091
    },
    "dynamic_complexity": 1.78728735447,
    "erbbands_crest": {
        "max": 26.4834804535,
        "mean": 7.79716062546,
        "min": 2.62529921532,
        "stdev": 3.51074099541
    },
    "erbbands_flatness_db": {
        "max": 0.32240229845,
        "mean": 0.182438582182,
        "min": 0.0663319304585,
        "stdev": 0.0546048544347
    },
    "erbbands_kurtosis": {
        "max": 22.997587204,
        "mean": -0.0296413227916,
        "min": -1.85280263424,
        "stdev": 1.82164227962
    },
    "erbbands_skewness": {
        "max": 2.56803703308,
        "mean": 0.371211737394,
        "min": -3.57622075081,
        "stdev": 0.714084923267
    },
    "erbbands_spread": {
        "max": 126.248245239,
        "mean": 40.2291030884,
        "min": 4.33122158051,
        "stdev": 21.5643901825
    },
    "hfc": {
        "max": 581.522277832,
        "mean": 27.284406662,
        "min": 0.159325614572,
        "stdev": 34.0849685669
    },
    "loudness_ebu128": {
        "integrated": -12.8631849289,
        "loudness_range": 2.14878177643,
        "momentary": {
            "max": -9.6932516098,
            "mean": -13.1987915039,
            "min": -19.6601028442,
            "stdev": 1.88853025436
        },
        "short_term": {
            "max": -11.3118267059,
            "mean": -12.7840366364,
            "min": -14.741771698,
            "stdev": 0.779083251953
        }
    },
    "melbands_crest": {
        "max": 30.0678882599,
        "mean": 12.6780872345,
        "min": 3.24990272522,
        "stdev": 5.03976583481
    },
    "melbands_flatness_db": {
        "max": 0.384266734123,
        "mean": 0.18412476778,
        "min": 0.0310353860259,
        "stdev": 0.0624142363667
    },
    "melbands_kurtosis": {
        "max": 210.650558472,
        "mean": 15.1873006821,
        "min": -1.63897693157,
        "stdev": 22.4843349457
    },
    "melbands_skewness": {
        "max": 12.2430009842,
        "mean": 2.73515200615,
        "min": -3.44333791733,
        "stdev": 1.866568923
    },
    "melbands_spread": {
        "max": 178.055175781,
        "mean": 22.3967094421,
        "min": 1.94621050358,
        "stdev": 19.2417297363
    },
    "pitch_salience": {
        "max": 0.886448204517,
        "mean": 0.623046815395,
        "min": 0.18794439733,
        "stdev": 0.119232587516
    },
    "silence_rate_20dB": {
        "max": 1,
        "mean": 1,
        "min": 1,
        "stdev": 0
    },
    "silence_rate_30dB": {
        "max": 1,
        "mean": 0.999286234379,
        "min": 0,
        "stdev": 0.0267075151205
    },
    "silence_rate_60dB": {
        "max": 1,
        "mean": 0.00571020692587,
        "min": 0,
        "stdev": 0.075348764658
    },
    "spectral_centroid": {
        "max": 5748.92285156,
        "mean": 1470.8762207,
        "min": 243.888778687,
        "stdev": 761.542541504
    },
    "spectral_complexity": {
        "max": 62,
        "mean": 23.299785614,
        "min": 1,
        "stdev": 9.6351776123
    },
    "spectral_decrease": {
        "max": -2.58316756874e-10,
        "mean": -7.38635108632e-09,
        "min": -3.83944787075e-08,
        "stdev": 4.84899365105e-09
    },
    "spectral_energy": {
        "max": 0.147984191775,
        "mean": 0.030352531001,
        "min": 0.00119075458497,
        "stdev": 0.0190742034465
    },
    "spectral_energyband_high": {
        "max": 0.0907042920589,
        "mean": 0.00135676097125,
        "min": 7.82379265729e-06,
        "stdev": 0.00491937668994
    },
    "spectral_energyband_low": {
        "max": 0.12577457726,
        "mean": 0.00872334651649,
        "min": 2.0126601612e-06,
        "stdev": 0.0145894633606
    },
    "spectral_energyband_middle_high": {
        "max": 0.0406501851976,
        "mean": 0.00733698764816,
        "min": 9.15599957807e-06,
        "stdev": 0.00665490096435
    },
    "spectral_energyband_middle_low": {
        "max": 0.118304565549,
        "mean": 0.0146939540282,
        "min": 0.000140088464832,
        "stdev": 0.012088118121
    },
    "spectral_entropy": {
        "max": 8.55015945435,
        "mean": 7.60197257996,
        "min": 6.26329278946,
        "stdev": 0.357032239437
    },
    "spectral_flux": {
        "max": 0.324181437492,
        "mean": 0.0907243192196,
        "min": 0.0196382030845,
        "stdev": 0.0486665479839
    },
    "spectral_kurtosis": {
        "max": 16.620223999,
        "mean": 3.82129716873,
        "min": -0.430923461914,
        "stdev": 2.47027850151
    },
    "spectral_rms": {
        "max": 0.012015607208,
        "mean": 0.00519939744845,
        "min": 0.00107782729901,
        "stdev": 0.00160577544011
    },
    "spectral_rolloff": {
        "max": 9323.87695312,
        "mean": 1713.75622559,
        "min": 107.666015625,
        "stdev": 1531.74169922
    },
    "spectral_skewness": {
        "max": 3.14997124672,
        "mean": 1.36033892632,
        "min": -0.376857966185,
        "stdev": 0.457207292318
    },
    "spectral_spread": {
        "max": 23631252,
        "mean": 4131693,
        "min": 2086152.125,
        "stdev": 1480461
    },
    "spectral_strongpeak": {
        "max": 17.8163108826,
        "mean": 1.23626935482,
        "min": 0,
        "stdev": 1.45392358303
    },
    "zerocrossingrate": {
        "max": 0.31689453125,
        "mean": 0.0632820874453,
        "min": 0.005859375,
        "stdev": 0.0367801375687
    },
    "barkbands": {
        "max": [0.00064060970908, 0.067306317389, 0.0695743411779, 0.0553383417428, 0.0464646890759, 0.105647355318, 0.0565932802856, 0.0478827990592, 0.0340874455869, 0.0234939251095, 0.0163695197552, 0.0143415378407, 0.0242162756622, 0.0172960460186, 0.025279155001, 0.00768877239898, 0.00573429465294, 0.00781848002225, 0.00995281618088, 0.0124631868675, 0.014286425896, 0.0365975312889, 0.0319234058261, 0.0149494912475, 0.0053841532208, 0.00226756045595, 6.55498879496e-05],
        "mean": [3.79166776838e-05, 0.00339914811775, 0.00386334629729, 0.00242573022842, 0.00340115488507, 0.00283842347562, 0.00161128223408, 0.00128183863126, 0.00247046793811, 0.00185538665392, 0.000965720217209, 0.000723895966075, 0.000774030399043, 0.000601948704571, 0.000631621049251, 0.000393557478674, 0.000399707641918, 0.000472938554594, 0.000586653652135, 0.000437052513007, 0.000303039152641, 0.000306881236611, 0.000316504592774, 0.000166033249116, 6.66886553518e-05, 2.14937317651e-05, 1.03989137301e-07],
        "min": [4.61530547113e-09, 3.60872206784e-07, 1.44362502397e-07, 4.91358093768e-07, 6.5450620923e-07, 5.52812525711e-06, 8.40281063574e-06, 1.2346783933e-06, 2.22415269491e-06, 2.67927384812e-06, 9.98313566924e-07, 9.47558589814e-07, 6.34067532701e-07, 3.76399299284e-07, 5.86206851949e-07, 1.22636265587e-06, 1.45105971683e-07, 8.3506148485e-07, 4.9924852874e-07, 1.12361237825e-06, 1.03103616311e-06, 1.28596468585e-06, 1.07301332264e-06, 6.31920499927e-07, 1.65095357829e-07, 3.50056206244e-10, 1.91805547139e-11],
        "stdev": [7.94802836026e-05, 0.00754493335262, 0.00768891954795, 0.00420463085175, 0.00522363185883, 0.00608370592818, 0.00339016341604, 0.0026633979287, 0.00378824118525, 0.00267453794368, 0.00138091016561, 0.00131444679573, 0.00155763095245, 0.00127950275782, 0.00153256964404, 0.000590715266299, 0.000553720979951, 0.000663814309519, 0.000951338966843, 0.000744197168387, 0.000978885800578, 0.00146135746036, 0.00172034581192, 0.000844927737489, 0.000264461268671, 0.000101605779491, 2.28141607295e-06]
    },
    "erbbands": {
        "max": [1.40143823624, 18.5021495819, 80.6431121826, 93.690788269, 217.741012573, 185.54637146, 514.184936523, 1352.47631836, 945.92401123, 666.125549316, 765.625854492, 805.010070801, 1080.47094727, 650.370117188, 551.609863281, 574.594604492, 772.627807617, 1044.6862793, 877.081726074, 928.129089355, 457.285400391, 327.605194092, 439.589111328, 511.704956055, 319.945678711, 503.345489502, 527.010437012, 799.378967285, 1661.8034668, 981.799804688, 902.331726074, 593.561340332, 258.864929199, 97.2710266113, 19.9531555176, 11.1905345917, 4.07577180862, 0.441120386124, 0.0122659960762, 0.000559431035072],
        "mean": [0.0443264879286, 0.96797978878, 4.0856089592, 7.17417669296, 9.71857070923, 11.0987062454, 19.1392021179, 21.3259067535, 23.3944892883, 21.8312606812, 32.4458274841, 60.0881004333, 60.2797927856, 52.6061134338, 34.274105072, 31.4672603607, 35.1694412231, 33.664440155, 32.8918228149, 26.383354187, 22.3364677429, 21.9583568573, 26.4218044281, 30.0339355469, 27.5399208069, 19.1007957458, 12.6717176437, 12.0858097076, 11.7493934631, 9.95073699951, 8.76006031036, 4.93557977676, 2.03337478638, 0.90751105547, 0.386266499758, 0.144315347075, 0.0314155630767, 0.00195469288155, 7.19713716535e-05, 4.12041554227e-05],
        "min": [1.41369573612e-05, 4.48346145276e-05, 0.000474962755106, 0.00101306464057, 0.00439399015158, 0.00589183717966, 0.0370189845562, 0.0446268953383, 0.0986358448863, 0.0642302334309, 0.0416766367853, 0.0479137077928, 0.0712245330215, 0.0736902505159, 0.0304541513324, 0.040570858866, 0.0305447112769, 0.0154870413244, 0.0217530988157, 0.0632914304733, 0.0421897284687, 0.0116129163653, 0.0503608137369, 0.02444216609, 0.0374179556966, 0.0441868826747, 0.0274706650525, 0.0423558428884, 0.0480519831181, 0.0301234629005, 0.0286294072866, 0.01778380014, 0.00939934048802, 0.00377074442804, 0.00075877312338, 0.000147323749843, 1.37147517307e-05, 1.50978360125e-06, 1.30656269448e-06, 1.80030497177e-06],
        "stdev": [0.101792663336, 2.12919950485, 8.35476016998, 11.2611188889, 17.434173584, 17.254278183, 38.5521812439, 59.9600639343, 49.6858825684, 46.4323997498, 53.8323135376, 94.2073364258, 93.1209335327, 73.4701919556, 48.1498451233, 53.7490882874, 57.3188781738, 75.1860580444, 57.8270301819, 56.6407089233, 33.1573905945, 29.8860244751, 35.7083358765, 51.685798645, 36.2905273438, 32.3880310059, 35.1129455566, 43.6010971069, 63.3456344604, 46.0138778687, 49.1350517273, 29.2283878326, 10.035941124, 3.96273517609, 1.47257936001, 0.600527822971, 0.166000545025, 0.0149313742295, 0.000447127124062, 3.49911060766e-05]
    },
    "gfcc": {
        "mean": [4.89336395264, 94.1165008545, -148.913574219, 33.4189186096, -75.8483505249, 11.3566150665, -37.428604126, 6.1535487175, -24.9038333893, -6.85926198959, -13.9879493713, -8.17878055573, -8.45853424072],
        "cov": [[1689.13500977, -523.012268066, 500.03036499, 257.713348389, 46.8099975586, 133.498123169, -159.40222168, 99.4642181396, -39.1331100464, 185.485321045, -156.725509644, 68.7465133667, -126.714775085], [-523.012268066, 1583.60375977, 455.946746826, 178.449569702, 327.633209229, -201.367706299, -78.3751068115, -253.394348145, 13.7867574692, -103.527938843, 167.276031494, -89.2050704956, 142.321746826], [500.03036499, 455.946746826, 2223.265625, 947.132324219, 465.795898438, 268.442840576, -311.241119385, -136.445663452, -124.824356079, 212.560714722, -173.319473267, 137.478851318, -49.0961952209], [257.713348389, 178.449569702, 947.132324219, 723.74597168, 190.922805786, 101.736038208, -101.065155029, -137.567596436, -26.699048996, 49.8550109863, -40.8653030396, 25.8361320496, 35.7862281799], [46.8099975586, 327.633209229, 465.795898438, 190.922805786, 333.765106201, 90.1637115479, -44.5747680664, 15.7451953888, 6.77498054504, 61.9638519287, -51.5391120911, 7.85003089905, 1.82491981983], [133.498123169, -201.367706299, 268.442840576, 101.736038208, 90.1637115479, 259.468292236, 64.1534118652, 78.6886978149, 8.59915733337, 73.7449417114, -69.9620361328, 14.4583263397, -41.4345436096], [-159.40222168, -78.3751068115, -311.241119385, -101.065155029, -44.5747680664, 64.1534118652, 191.959243774, 68.0078125, 20.5653171539, -36.7737350464, 35.8798332214, -40.2043304443, -1.5224738121], [99.4642181396, -253.394348145, -136.445663452, -137.567596436, 15.7451953888, 78.6886978149, 68.0078125, 184.8800354, 31.633392334, 52.0550994873, -44.0942230225, 16.3281402588, -49.4263954163], [-39.1331100464, 13.7867574692, -124.824356079, -26.699048996, 6.77498054504, 8.59915733337, 20.5653171539, 31.633392334, 113.456108093, 19.1188697815, 8.95073604584, -13.5144405365, 13.2720575333], [185.485321045, -103.527938843, 212.560714722, 49.8550109863, 61.9638519287, 73.7449417114, -36.7737350464, 52.0550994873, 19.1188697815, 136.732437134, -39.6563987732, 37.5153236389, -33.5776405334], [-156.725509644, 167.276031494, -173.319473267, -40.8653030396, -51.5391120911, -69.9620361328, 35.8798332214, -44.0942230225, 8.95073604584, -39.6563987732, 122.73941803, -21.1773376465, 30.300113678], [68.7465133667, -89.2050704956, 137.478851318, 25.8361320496, 7.85003089905, 14.4583263397, -40.2043304443, 16.3281402588, -13.5144405365, 37.5153236389, -21.1773376465, 88.6459732056, -4.97351121902], [-126.714775085, 142.321746826, -49.0961952209, 35.7862281799, 1.82491981983, -41.4345436096, -1.5224738121, -49.4263954163, 13.2720575333, -33.5776405334, 30.300113678, -4.97351121902, 79.159538269]],
        "icov": [[0.000961488985922, -3.31167102559e-05, 0.000363665138138, -0.000783967494499, 0.000279185944237, -0.000303573266137, 0.0011508280877, -0.000723861798178, 0.00053312984528, -0.000725428864826, 0.000356028729584, 9.81763660093e-05, 0.00105623237323], [-3.31167102559e-05, 0.00323433917947, -0.0021586669609, 0.00249885581434, -0.00353799457662, 0.00295471050777, -0.00214961799793, 0.00281090685166, -0.00195038621314, 0.00129964400548, -0.00316025177017, 0.00248197396286, -0.0027507932391], [0.000363665138138, -0.0021586669609, 0.00401219306514, -0.00405438384041, 0.00103564350866, -0.00359259033576, 0.00413029640913, -0.00155701616313, 0.00311261345632, -0.00184112170245, 0.00211213901639, -0.00287514622323, 0.00369552220218], [-0.000783967494499, 0.00249885581434, -0.00405438384041, 0.00677043572068, -0.00263907550834, 0.00253897742368, -0.00414424436167, 0.00457643950358, -0.00323061132804, 0.00166206958238, -0.00227020843886, 0.0025221069809, -0.00488132657483], [0.000279185944237, -0.00353799457662, 0.00103564350866, -0.00263907550834, 0.00895839277655, -0.00343832070939, 0.00263769784942, -0.00490490300581, 0.00148270674981, -0.00196857773699, 0.00392045127228, -0.000694872462191, 0.000997289549559], [-0.000303573266137, 0.00295471050777, -0.00359259033576, 0.00253897742368, -0.00343832070939, 0.0119012398645, -0.00867788586766, 0.00219267001376, -0.002950319089, -0.0011401984375, 0.000680355820805, 0.00215975567698, -0.00177704892121], [0.0011508280877, -0.00214961799793, 0.00413029640913, -0.00414424436167, 0.00263769784942, -0.00867788586766, 0.0166478902102, -0.00742516061291, 0.00355540774763, 0.00170592288487, -0.00262638740242, 0.0011755132582, 0.00242979940958], [-0.000723861798178, 0.00281090685166, -0.00155701616313, 0.00457643950358, -0.00490490300581, 0.00219267001376, -0.00742516061291, 0.0160711910576, -0.00440483214334, -0.00154806580395, 0.000882812717464, -0.00149839639198, 0.0015553998528], [0.00053312984528, -0.00195038621314, 0.00311261345632, -0.00323061132804, 0.00148270674981, -0.002950319089, 0.00355540774763, -0.00440483214334, 0.013438408263, -0.00429003406316, 0.000929085887037, 0.000547485426068, -0.000903482723515], [-0.000725428864826, 0.00129964400548, -0.00184112170245, 0.00166206958238, -0.00196857773699, -0.0011401984375, 0.00170592288487, -0.00154806580395, -0.00429003406316, 0.0146199129522, -0.00279543478973, -0.0017923573032, 0.00100173440296], [0.000356028729584, -0.00316025177017, 0.00211213901639, -0.00227020843886, 0.00392045127228, 0.000680355820805, -0.00262638740242, 0.000882812717464, 0.000929085887037, -0.00279543478973, 0.0164626128972, -0.00253756763414, 0.00155210052617], [9.81763660093e-05, 0.00248197396286, -0.00287514622323, 0.0025221069809, -0.000694872462191, 0.00215975567698, 0.0011755132582, -0.00149839639198, 0.000547485426068, -0.0017923573032, -0.00253756763414, 0.0178576037288, -0.00575387105346], [0.00105623237323, -0.0027507932391, 0.00369552220218, -0.00488132657483, 0.000997289549559, -0.00177704892121, 0.00242979940958, 0.0015553998528, -0.000903482723515, 0.00100173440296, 0.00155210052617, -0.00575387105346, 0.0234534647316]]
    },
    "melbands": {
        "max": [0.013884389773, 0.0339014939964, 0.0202079489827, 0.0129214571789, 0.0138406520709, 0.0260311495513, 0.0134881418198, 0.0078385816887, 0.00517040677369, 0.00594132160768, 0.00527300219983, 0.00261179544032, 0.00198618927971, 0.00206866837107, 0.00177905638702, 0.00240359012969, 0.00173590681516, 0.00106982921716, 0.00265866913833, 0.000732788816094, 0.000542650581338, 0.000375463278033, 0.0004078571219, 0.000354310875991, 0.000522386049852, 0.000357210432412, 0.000273009936791, 0.000443883502157, 0.000405373051763, 0.00034570961725, 0.00049101508921, 0.000885438465048, 0.000760259281378, 0.000532936828677, 0.000626566063147, 0.00066115881782, 0.000284069566987, 0.000191945888218, 0.000146779319039, 6.17918049102e-05],
        "mean": [0.000678504235111, 0.00189040543046, 0.00128898222465, 0.000772896339186, 0.000605633424129, 0.000494912674185, 0.000355831929483, 0.000240653287619, 0.000269385753199, 0.000392549554817, 0.000296925951261, 0.000216005108086, 0.000117942661745, 8.68027418619e-05, 7.18449955457e-05, 8.15658204374e-05, 5.98665101279e-05, 5.12588085257e-05, 4.85988603032e-05, 2.83968292933e-05, 2.51605688391e-05, 2.20967049245e-05, 2.33348164329e-05, 2.34098752117e-05, 2.47580937867e-05, 2.11069454963e-05, 1.8755768906e-05, 1.10974260679e-05, 8.08807089925e-06, 7.16279737389e-06, 6.76513582221e-06, 6.49379398965e-06, 5.93759568801e-06, 5.56587747269e-06, 5.31916339241e-06, 4.09107360611e-06, 2.59153762272e-06, 1.47072989876e-06, 1.04334242224e-06, 6.672624977e-07],
        "min": [1.82044118446e-07, 1.9553020536e-07, 2.97877875255e-07, 2.42014891683e-07, 1.13895998766e-06, 8.97534732758e-07, 1.47930336425e-06, 5.35950334779e-07, 3.80668950584e-07, 2.8386520512e-07, 3.59838992381e-07, 3.12431097882e-07, 1.14661922623e-07, 9.3824539249e-08, 1.23830474763e-07, 3.50819426842e-08, 2.92626154419e-08, 3.26372635584e-08, 5.63027988676e-08, 1.07405320193e-07, 3.37709913367e-08, 7.24984472456e-09, 2.7090258925e-08, 4.77110759789e-08, 1.53540700154e-08, 2.41773410181e-08, 3.77255062745e-08, 2.87675838706e-08, 1.60071120803e-08, 2.54589700432e-08, 2.00001082362e-08, 2.22887628354e-08, 1.53653871848e-08, 1.93577047725e-08, 1.47096930192e-08, 9.52888967731e-09, 8.46564773838e-09, 7.05259495248e-09, 4.2884056306e-09, 1.97223748444e-09],
        "stdev": [0.00148015609011, 0.00363844330423, 0.00193021225277, 0.00125126249623, 0.00111523654778, 0.00122109882068, 0.000729673134629, 0.000525809067767, 0.000421448494308, 0.000640321930405, 0.000465307472041, 0.000309830560582, 0.000166154262843, 0.000143811135786, 0.000143371973536, 0.000162985219504, 0.000142184158904, 8.83485481609e-05, 0.000145837169839, 4.190053005e-05, 3.98875708925e-05, 3.06186266243e-05, 3.35168369929e-05, 3.5323373595e-05, 4.77389767184e-05, 3.32721938321e-05, 2.67270897893e-05, 2.36264659179e-05, 2.42358346441e-05, 2.33877162827e-05, 2.50757366302e-05, 3.40669721481e-05, 2.9964150599e-05, 2.66991137323e-05, 2.98929935525e-05, 2.7329158911e-05, 1.40873298733e-05, 7.36093170417e-06, 5.32604235559e-06, 2.76957507594e-06]
    },
    "melbands128": {
        "max": [0.000418738462031, 0.00894280616194, 0.0226301029325, 0.0371918044984, 0.0466960556805, 0.0289639420807, 0.0215345341712, 0.0368528328836, 0.024291863665, 0.0217017419636, 0.0135708330199, 0.0168207455426, 0.0260553210974, 0.0230543464422, 0.0404467023909, 0.0331893377006, 0.0121135069057, 0.0236904509366, 0.0107955308631, 0.0108238030225, 0.0154114319012, 0.012061368674, 0.00561595475301, 0.00505775725469, 0.00696251261979, 0.0138693386689, 0.00752741051838, 0.00872035417706, 0.00423976685852, 0.00391138251871, 0.00472512235865, 0.00341029511765, 0.00230093533173, 0.00432578800246, 0.00200522411615, 0.0041626393795, 0.00287170009688, 0.00397991761565, 0.00339328194968, 0.00299792853184, 0.00303257908672, 0.0075648217462, 0.00284428452142, 0.00493429088965, 0.0025507574901, 0.00153785315342, 0.0039544752799, 0.00649628648534, 0.00364646688104, 0.000904994434677, 0.000973975635134, 0.000822962087113, 0.00100600800943, 0.000707410043105, 0.000396957591875, 0.000535831786692, 0.000652447110042, 0.000514891638886, 0.000478970934637, 0.000570112897549, 0.000392078130972, 0.000379395933123, 0.000745787809137, 0.00119569967501, 0.00151409395039, 0.000341349281371, 0.000323396001477, 0.000310328585329, 0.000407512125093, 0.000405312253861, 0.000373681745259, 0.000766240700614, 0.000800290086772, 0.000349914975232, 0.000298008671962, 0.000510150974151, 0.000491587619763, 0.000814802246168, 0.000514547340572, 0.000241484158323, 0.000323885964463, 0.00173001072835, 0.00119545834605, 0.000564457150176, 0.000468024139991, 0.000456800189568, 0.000719653442502, 0.00076333899051, 0.000721220334526, 0.000444172939751, 0.000642424740363, 0.000942127255257, 0.000574386387598, 0.000303949345835, 0.000238703170908, 0.000190149105038, 0.000170870189322, 0.000202682174859, 0.000168693077285, 0.000110085515189, 7.13478657417e-05, 6.17360201431e-05, 4.64111180918e-05, 4.23328674515e-05, 3.07181726384e-05, 1.97201188712e-05, 2.79099094769e-05, 2.10383768717e-05, 2.50635312113e-05, 1.94862659555e-05, 2.41085836024e-05, 1.61523748829e-05, 1.57059512276e-05, 1.23351737784e-05, 6.69474184178e-06, 4.4455700845e-06, 1.73445653218e-06, 8.72761845017e-08, 5.11218559041e-07, 1.93403280946e-07, 1.87475009739e-07, 5.73503022849e-08, 2.93447999233e-09, 9.98787719197e-10, 9.87694481758e-10, 9.74015312849e-10, 9.68425117875e-10, 9.64225144173e-10],
        "mean": [2.41994839598e-05, 0.000170496889041, 0.000829766853712, 0.00186254654545, 0.00211108243093, 0.00187188573182, 0.00152877019718, 0.00108349812217, 0.000954501039814, 0.000902589585166, 0.000547975534573, 0.00042811370804, 0.000717425660696, 0.000705813698005, 0.00049196445616, 0.000377635966288, 0.000362379680155, 0.000374868250219, 0.000340961763868, 0.000190657025087, 0.000227461277973, 0.000255475344602, 0.000289383897325, 0.00024945763289, 0.000385717255995, 0.00050572224427, 0.000284013716737, 0.000312857679091, 0.00024567215587, 0.000245319009991, 0.000214790095924, 0.000143050390761, 0.000100499324617, 0.000122593381093, 6.83998587192e-05, 9.25128042581e-05, 8.54750542203e-05, 6.70294830343e-05, 6.35050600977e-05, 8.32949881442e-05, 9.26016873564e-05, 6.62011079839e-05, 5.29243043275e-05, 6.62762977299e-05, 5.1456856454e-05, 4.55064073321e-05, 5.23159178556e-05, 6.55686380924e-05, 3.70347297576e-05, 2.38983830059e-05, 3.00522351608e-05, 3.04420245811e-05, 2.40933295572e-05, 2.4096972993e-05, 2.48292217293e-05, 1.86419856618e-05, 2.32035490626e-05, 2.45183236984e-05, 2.10618109122e-05, 2.61800851149e-05, 2.45696992351e-05, 2.09644422284e-05, 2.08223591471e-05, 2.85609021375e-05, 2.64855298155e-05, 2.00805043278e-05, 1.80044553417e-05, 2.08548844967e-05, 1.97212157218e-05, 1.47708369695e-05, 1.02004032669e-05, 9.99690382741e-06, 9.51379479375e-06, 7.40368295737e-06, 6.86091379976e-06, 7.07831259206e-06, 7.1982785812e-06, 7.73033207224e-06, 6.84707356413e-06, 5.72205271965e-06, 5.49207106815e-06, 7.39161669117e-06, 7.67867095419e-06, 5.24550478076e-06, 5.04720219396e-06, 5.41107920071e-06, 5.72912767893e-06, 6.00241901338e-06, 5.2911259445e-06, 4.82151790493e-06, 4.76951072415e-06, 3.73729903913e-06, 3.35410072694e-06, 2.64175150733e-06, 2.17195110963e-06, 1.60473894084e-06, 1.35227969622e-06, 1.16748651635e-06, 1.1623952787e-06, 9.21074047255e-07, 6.89591900027e-07, 6.83400571688e-07, 5.48634204733e-07, 4.96708594255e-07, 4.49006989811e-07, 3.37508907933e-07, 3.56676366664e-07, 2.78476306903e-07, 2.46524507475e-07, 2.06116709478e-07, 1.72232162754e-07, 1.19163878765e-07, 8.39330027702e-08, 6.67984210168e-08, 3.1732305672e-08, 9.89177539878e-09, 2.8973043964e-09, 1.81702153323e-10, 6.59289567384e-10, 1.94059074365e-10, 2.21703960746e-10, 5.85168719036e-11, 8.36309146934e-12, 5.13791136372e-12, 4.87850688666e-12, 4.76203668512e-12, 4.69175653189e-12, 4.66034112342e-12],
        "min": [1.6963589422e-09, 1.11383311463e-08, 1.5753276017e-08, 4.254160757e-08, 8.12249894011e-08, 5.64778801504e-08, 7.7227298334e-08, 1.77681812374e-07, 1.11961611537e-07, 1.97073390495e-07, 5.51729613107e-08, 3.55686005094e-08, 2.03300274393e-07, 4.86336091399e-07, 4.75841318348e-07, 3.22453217905e-07, 4.91379012146e-07, 2.15083559851e-07, 9.7078827821e-07, 3.93093898765e-07, 1.62748150956e-07, 1.92968002466e-07, 4.33963975865e-07, 5.2869108913e-07, 2.94540939194e-07, 1.76860197598e-07, 2.50030865345e-07, 3.00753924876e-07, 4.15630836414e-07, 2.94997619221e-07, 3.07186894588e-07, 2.00297861852e-07, 8.91307436746e-08, 5.74353187233e-08, 6.61913972522e-08, 1.03404637741e-07, 9.19320584103e-08, 1.61606664051e-07, 1.25662367623e-07, 3.8413666914e-08, 1.15193419248e-08, 3.08402405835e-08, 1.90256059796e-08, 3.43073764952e-08, 5.11596454089e-08, 1.6983406681e-08, 3.17584927245e-08, 4.80248587564e-08, 5.82138781624e-08, 1.13076353614e-07, 1.05861609256e-07, 7.95552494992e-08, 4.28427426868e-08, 1.50731569448e-08, 4.68726746305e-09, 3.20808890564e-09, 1.2853409892e-08, 1.23249046524e-08, 2.23250697928e-08, 1.88463982198e-08, 6.08257195722e-08, 2.02069312394e-08, 1.12225144733e-08, 1.07310578201e-08, 2.44222100321e-08, 3.36702008497e-08, 9.39449318338e-09, 2.75609508549e-08, 2.39183410855e-08, 2.17237232647e-08, 1.40313494157e-08, 2.40084929715e-08, 2.19022577852e-08, 6.44773079372e-09, 1.10674696074e-08, 1.14834284304e-08, 1.65862505952e-08, 2.0815338786e-08, 2.0692063174e-08, 9.98526417106e-09, 1.97220568765e-08, 1.38886031564e-08, 7.03367719623e-09, 1.36027793474e-08, 1.12071427694e-08, 1.19926237829e-08, 1.12797895468e-08, 8.01900235103e-09, 8.63848725885e-09, 8.13223000051e-09, 1.01632027238e-08, 6.3226766045e-09, 1.08530331389e-08, 5.08931075061e-09, 6.33656283e-09, 2.28002838831e-09, 3.97082722259e-09, 3.19367776669e-09, 2.77520717518e-09, 2.74693134905e-09, 2.55500198776e-09, 1.90949300816e-09, 1.18655096859e-09, 4.68427019396e-10, 1.83551004257e-11, 3.91897417296e-11, 7.23676327197e-12, 3.67907570728e-12, 3.78273714435e-12, 2.52318348506e-12, 1.40090846909e-12, 6.66418526266e-13, 7.88068205528e-14, 7.54098999499e-14, 5.73852421202e-14, 7.27715820546e-14, 8.16718654512e-14, 8.20929085886e-14, 8.90544419891e-14, 6.54630429725e-14, 5.60515379228e-14, 6.23023022604e-14, 5.90125211609e-14, 6.82309907901e-14, 4.86350427975e-14, 1.96700108594e-14, 3.08457423896e-15, 5.94416355694e-17],
        "stdev": [5.76847742195e-05, 0.000526998890564, 0.00196819449775, 0.00434622820467, 0.00487528555095, 0.00363020552322, 0.00257415184751, 0.00210545794107, 0.00204845238477, 0.00187645549886, 0.000962438585702, 0.00112220214214, 0.00170627934858, 0.0015787378652, 0.00188954011537, 0.00131776276976, 0.000888552749529, 0.00112486991566, 0.000831069541164, 0.000592383032199, 0.000726033176761, 0.00068961433135, 0.000530958583113, 0.000482881790958, 0.000681814039126, 0.00114394829143, 0.000578027567826, 0.000659779761918, 0.000430477026384, 0.000429189094575, 0.000380417390261, 0.000267683033599, 0.000187385812751, 0.000257129955571, 0.000145581929246, 0.000230176985497, 0.000194335443666, 0.000230267745792, 0.000189372862224, 0.000177752386662, 0.000208413184737, 0.00036887160968, 0.000162809112226, 0.000230939796893, 0.000127111852635, 0.000100933524664, 0.000160144263646, 0.000294613972073, 0.000138512186822, 5.6550190493e-05, 5.09357523697e-05, 5.64010697417e-05, 6.06178909948e-05, 4.52453496109e-05, 3.50740956492e-05, 3.40887163475e-05, 5.04796189489e-05, 4.6323697461e-05, 3.86780484405e-05, 4.93112092954e-05, 4.85335549456e-05, 4.1611467168e-05, 4.54881774203e-05, 7.68653480918e-05, 7.9808261944e-05, 3.61900602002e-05, 3.55166012014e-05, 3.52398055838e-05, 3.5759221646e-05, 2.90756706818e-05, 2.21534701268e-05, 3.09053721139e-05, 3.8102731196e-05, 2.16996668314e-05, 1.99144888029e-05, 2.46804120252e-05, 2.67727427854e-05, 3.38462123182e-05, 2.91117594315e-05, 1.62371761689e-05, 1.88518515642e-05, 5.75106132601e-05, 4.93030493089e-05, 2.27883901971e-05, 2.04408988793e-05, 2.40611607296e-05, 3.07742775476e-05, 3.54190924554e-05, 3.13550845021e-05, 2.83383196802e-05, 3.02602129523e-05, 3.10311443172e-05, 2.37295571424e-05, 1.4845349142e-05, 1.05086683106e-05, 7.35938556318e-06, 7.41911617297e-06, 6.69186238156e-06, 5.95462870479e-06, 4.75860269944e-06, 3.09667166221e-06, 2.74567878478e-06, 2.36717346525e-06, 2.10517077903e-06, 1.87500006632e-06, 1.2743410025e-06, 1.50216430939e-06, 1.15136811019e-06, 1.13062344553e-06, 9.00731606635e-07, 9.65615754467e-07, 6.66973221541e-07, 5.23166647781e-07, 4.17074915049e-07, 2.26924726121e-07, 1.56464622592e-07, 6.06432664085e-08, 3.38202643668e-09, 1.62084763389e-08, 5.28954302581e-09, 5.42785816293e-09, 1.5518089036e-09, 8.95493193487e-11, 2.81036721672e-11, 2.72898127707e-11, 2.68994826413e-11, 2.67308345597e-11, 2.66066110116e-11]
    },
    "mfcc": {
        "mean": [-621.459899902, 112.843147278, -15.7308492661, 16.0359916687, -11.948135376, -0.363367676735, -4.27286434174, 4.75383138657, -5.69115972519, 2.13569331169, -4.46164798737, -5.13828706741, -4.15288925171],
        "cov": [[1598.04321289, -656.648498535, -83.265914917, -61.9340629578, -61.3350486755, -43.1048812866, -60.9000015259, -12.1517591476, 23.4677085876, 87.369720459, 63.6423950195, -21.2950210571, -7.56186294556], [-656.648498535, 1391.29272461, 130.289230347, 231.419174194, 280.081817627, 17.5853385925, 6.63576221466, -103.909507751, -78.5323638916, -105.121353149, -61.2535820007, 44.2061309814, 29.3825130463], [-83.265914917, 130.289230347, 1583.35266113, 727.645874023, 649.843933105, 443.42880249, 58.501449585, -120.39944458, 47.789352417, -124.745628357, -118.71572876, 124.604888916, 106.130104065], [-61.9340629578, 231.419174194, 727.645874023, 605.44921875, 385.19317627, 220.849868774, 10.4142246246, -96.4725646973, 5.03842687607, -94.0531005859, -104.203239441, 58.7435150146, 45.7516784668], [-61.3350486755, 280.081817627, 649.843933105, 385.19317627, 511.88760376, 232.387008667, 12.811501503, -61.0455970764, 74.7303619385, -24.6782779694, -48.2140464783, 55.4508132935, 68.9819946289], [-43.1048812866, 17.5853385925, 443.42880249, 220.849868774, 232.387008667, 259.677642822, 55.2238845825, -15.7539358139, 66.719581604, -6.50649547577, -14.1787347794, 41.5291557312, 22.6415061951], [-60.9000015259, 6.63576221466, 58.501449585, 10.4142246246, 12.811501503, 55.2238845825, 157.440994263, 52.9151077271, 12.7952051163, 29.0708675385, 14.7529115677, 4.51276302338, 4.63035297394], [-12.1517591476, -103.909507751, -120.39944458, -96.4725646973, -61.0455970764, -15.7539358139, 52.9151077271, 125.507499695, 42.4124794006, 37.9227714539, 37.5982322693, -17.2163829803, -1.83606779575], [23.4677085876, -78.5323638916, 47.789352417, 5.03842687607, 74.7303619385, 66.719581604, 12.7952051163, 42.4124794006, 132.898406982, 54.1498718262, 24.9041042328, 12.934548378, 15.5319814682], [87.369720459, -105.121353149, -124.745628357, -94.0531005859, -24.6782779694, -6.50649547577, 29.0708675385, 37.9227714539, 54.1498718262, 123.371665955, 61.8484077454, -6.61072349548, 1.87904047966], [63.6423950195, -61.2535820007, -118.71572876, -104.203239441, -48.2140464783, -14.1787347794, 14.7529115677, 37.5982322693, 24.9041042328, 61.8484077454, 110.220436096, 5.64853572845, 0.67406886816], [-21.2950210571, 44.2061309814, 124.604888916, 58.7435150146, 55.4508132935, 41.5291557312, 4.51276302338, -17.2163829803, 12.934548378, -6.61072349548, 5.64853572845, 76.0416717529, 23.5654354095], [-7.56186294556, 29.3825130463, 106.130104065, 45.7516784668, 68.9819946289, 22.6415061951, 4.63035297394, -1.83606779575, 15.5319814682, 1.87904047966, 0.67406886816, 23.5654354095, 67.0628433228]],
        "icov": [[0.00086083257338, 0.00048802816309, 0.000101269048173, -0.000179477967322, -0.000341761449818, 0.000291331816697, 0.000150404914166, 0.000419517484261, 0.000202353534405, -0.000313673546771, -0.000434920744738, 6.32884184597e-05, 4.37643102487e-05], [0.00048802816309, 0.00137268728577, 0.000590328068938, -0.000239691114984, -0.00146815285552, 0.000548077805433, -0.0005354458699, 0.000736133311875, 0.000707042519934, 0.000739172566682, -0.000409146625316, -0.000520363391843, 6.76599229337e-05], [0.000101269048173, 0.000590328068938, 0.00256813876331, -0.00115985842422, -0.00164921535179, -0.0017413829919, -0.000500101188663, 0.0003982714843, 0.000877145270351, 0.00124642741866, 8.87070418685e-05, -0.00107509654481, -0.00105156400241], [-0.000179477967322, -0.000239691114984, -0.00115985842422, 0.00497106928378, -0.00163110205904, -0.00070440483978, -0.000169220817043, 0.00065827916842, 0.000491850019898, 0.000842044188175, 0.00184931186959, -0.000408240070101, 0.000461603922304], [-0.000341761449818, -0.00146815285552, -0.00164921535179, -0.00163110205904, 0.00751952640712, -0.00203212746419, 0.00118954712525, 0.000333452480845, -0.00276999897324, -0.00175893353298, 0.000372344744392, 0.00145355938002, -0.00261788233183], [0.000291331816697, 0.000548077805433, -0.0017413829919, -0.00070440483978, -0.00203212746419, 0.0107540534809, -0.00301977572963, 0.00132242648397, -0.00373495486565, 0.00073028326733, -0.00149827066343, -0.000836660037749, 0.00288696563803], [0.000150404914166, -0.0005354458699, -0.000500101188663, -0.000169220817043, 0.00118954712525, -0.00301977572963, 0.00966029148549, -0.00508934026584, 0.00270168483257, -0.00345495250076, 0.000841359142214, -0.000383719831007, -0.000254494399996], [0.000419517484261, 0.000736133311875, 0.0003982714843, 0.00065827916842, 0.000333452480845, 0.00132242648397, -0.00508934026584, 0.0142999095842, -0.00514774816111, 0.00197064038366, -0.00273751211353, 0.00272275437601, -0.00119338498916], [0.000202353534405, 0.000707042519934, 0.000877145270351, 0.000491850019898, -0.00276999897324, -0.00373495486565, 0.00270168483257, -0.00514774816111, 0.0145743153989, -0.00514111435041, 0.00109849590808, -0.00223285751417, -0.00068570242729], [-0.000313673546771, 0.000739172566682, 0.00124642741866, 0.000842044188175, -0.00175893353298, 0.00073028326733, -0.00345495250076, 0.00197064038366, -0.00514111435041, 0.016159305349, -0.00612176489085, 0.00127541110851, -0.000699711265042], [-0.000434920744738, -0.000409146625316, 8.87070418685e-05, 0.00184931186959, 0.000372344744392, -0.00149827066343, 0.000841359142214, -0.00273751211353, 0.00109849590808, -0.00612176489085, 0.0150905074552, -0.00331154768355, -0.000352914474206], [6.32884184597e-05, -0.000520363391843, -0.00107509654481, -0.000408240070101, 0.00145355938002, -0.000836660037749, -0.000383719831007, 0.00272275437601, -0.00223285751417, 0.00127541110851, -0.00331154768355, 0.0177526250482, -0.00462008873001], [4.37643102487e-05, 6.76599229337e-05, -0.00105156400241, 0.000461603922304, -0.00261788233183, 0.00288696563803, -0.000254494399996, -0.00119338498916, -0.00068570242729, -0.000699711265042, -0.000352914474206, -0.00462008873001, 0.0197443533689]]
    },
    "spectral_contrast_coeffs": {
        "max": [-0.3074914217, -0.414845019579, -0.493504434824, -0.586204886436, -0.612419605255, -0.543834328651],
        "mean": [-0.679894924164, -0.744162499905, -0.758014321327, -0.796619713306, -0.778828918934, -0.747092604637],
        "min": [-0.87373071909, -0.911332666874, -0.902538359165, -0.900730073452, -0.870619833469, -0.859660327435],
        "stdev": [0.0886370018125, 0.0683666020632, 0.0592488311231, 0.0473688207567, 0.041134160012, 0.0405646115541]
    },
    "spectral_contrast_valleys": {
        "max": [-4.73486232758, -4.78029108047, -5.21942949295, -5.54818868637, -5.14136362076, -7.05612754822],
        "mean": [-7.02094745636, -6.46543073654, -6.92277860641, -7.26313495636, -7.21956062317, -10.0842266083],
        "min": [-10.1197528839, -8.660405159, -8.95551681519, -9.80965137482, -10.1014089584, -11.8035259247],
        "stdev": [1.07366979122, 0.512608408928, 0.696561992168, 0.609304487705, 0.5833953619, 0.796798765659]
    }
},
"rhythm": {
    "beats_count": 68,
    "beats_loudness": {
        "max": 0.111319310963,
        "mean": 0.0296715106815,
        "min": 0.00458981608972,
        "stdev": 0.0150245893747
    },
    "bpm": 128.943359375,
    "bpm_histogram_first_peak_bpm": 129,
    "bpm_histogram_first_peak_weight": 0.537037014961,
    "bpm_histogram_second_peak_bpm": 123,
    "bpm_histogram_second_peak_spread": 0.249999940395,
    "bpm_histogram_second_peak_weight": 0.134328365326,
    "danceability": 1.36952269077,
    "onset_rate": 2.95312476158,
    "beats_loudness_band_ratio": {
        "max": [0.89313608408, 0.672440648079, 0.666435956955, 0.500641822815, 0.508647441864, 0.980796933174],
        "mean": [0.273727089167, 0.192631050944, 0.209324061871, 0.144469469786, 0.103261120617, 0.140279069543],
        "min": [0.000374738738174, 0.00150213087909, 0.00116779946256, 0.00331945717335, 0.00552811054513, 0.00602191034704],
        "stdev": [0.275646299124, 0.174317374825, 0.157701551914, 0.141646534204, 0.0882966145873, 0.19056199491]
    },
    "beats_position": [0.487619042397, 0.986848056316, 1.48607707024, 1.97369611263, 2.43809509277, 2.91410422325, 3.3785033226, 3.85451245308, 4.34213161469, 4.82975053787, 5.31736946106, 5.81659841537, 6.30421733856, 6.78022670746, 7.26784563065, 7.75546455383, 8.24308395386, 8.73070240021, 9.2067117691, 9.682721138, 10.1587295532, 10.623128891, 11.0991382599, 11.5751476288, 12.051156044, 12.5155553818, 12.9915647507, 13.4675731659, 13.9435825348, 14.4195919037, 14.8956003189, 15.3716096878, 15.8476190567, 16.3236274719, 16.7880268097, 17.2524261475, 17.7168254852, 18.181224823, 18.6456241608, 19.0984115601, 19.5512008667, 20.0156002045, 20.4799995422, 20.94439888, 21.3971881866, 21.8499774933, 22.3143768311, 22.7671642303, 23.2315635681, 23.6843528748, 24.1487522125, 24.6131515503, 25.0775508881, 25.5419502258, 25.9831295013, 26.435918808, 26.9003162384, 27.353105545, 27.8175048828, 28.2819042206, 28.7463035583, 29.199092865, 29.6518821716, 30.1162815094, 30.5690689087, 31.0218582153, 31.4862575531, 31.9506568909],
