{
"metadata": {
    "version": {
        "essentia": "2.1-beta5",
        "essentia_git_sha": "Undefined",
        "extractor": "music 2.0"
    },
    "audio_properties": {
        "analysis": {
            "equal_loudness": 0,
            "length": 21.7454872131,
            "sample_rate": 44100,
            "start_time": 175.240997314,
            "downmix": "mix"
        },
        "bit_rate": 192000,
        "length": 197.00970459,
        "lossless": 0,
        "number_channels": 2,
        "replay_gain": -6.06878089905,
        "sample_rate": 48000,
        "codec": "mp3",
        "md5_encoded": "747f7054c55516f300cf197fc42af23b"
    },
    "tags": {
        "file_name": "Ireland_We_ve Got The World_Mickey Harte.mp3",
        "encoding": ["Lavf58.29.100"]
    }
},
"lowlevel": {
    "average_loudness": 0.973565042019,
    "barkbands_crest": {
        "max": 20.0678119659,
        "mean": 7.97190189362,
        "min": 2.88802504539,
        "stdev": 2.88192534447
    },
    "barkbands_flatness_db": {
        "max": 0.245486110449,
        "mean": 0.154243171215,
        "min": 0.080110475421,
        "stdev": 0.0292706731707
    },
    "barkbands_kurtosis": {
        "max": 14.8619709015,
        "mean": 0.926152229309,
        "min": -1.81317508221,
        "stdev": 1.96360778809
    },
    "barkbands_skewness": {
        "max": 3.53722405434,
        "mean": 0.878845632076,
        "min": -1.8881469965,
        "stdev": 0.681996822357
    },
    "barkbands_spread": {
        "max": 89.3317718506,
        "mean": 20.3434638977,
        "min": 5.20704889297,
        "stdev": 9.96987247467
    },
    "dissonance": {
        "max": 0.499904632568,
        "mean": 0.474959492683,
        "min": 0.258562713861,
        "stdev": 0.0187750216573
    },
    "dynamic_complexity": 1.23542702198,
    "erbbands_crest": {
        "max": 23.1527919769,
        "mean": 8.30463123322,
        "min": 2.89632201195,
        "stdev": 3.47918391228
    },
    "erbbands_flatness_db": {
        "max": 0.328056275845,
        "mean": 0.207410916686,
        "min": 0.0897614136338,
        "stdev": 0.0429314672947
    },
    "erbbands_kurtosis": {
        "max": 11.3866262436,
        "mean": 0.085389867425,
        "min": -1.79040563107,
        "stdev": 1.10894632339
    },
    "erbbands_skewness": {
        "max": 1.97144818306,
        "mean": 0.368283510208,
        "min": -1.99556064606,
        "stdev": 0.577596664429
    },
    "erbbands_spread": {
        "max": 112.494621277,
        "mean": 29.4196357727,
        "min": 7.59342432022,
        "stdev": 13.2049770355
    },
    "hfc": {
        "max": 187.62991333,
        "mean": 30.8124237061,
        "min": 0.181073769927,
        "stdev": 18.3571815491
    },
    "loudness_ebu128": {
        "integrated": -15.9957513809,
        "loudness_range": 1.33024978638,
        "momentary": {
            "max": -14.098733902,
            "mean": -16.0928554535,
            "min": -20.3137569427,
            "stdev": 0.954484939575
        },
        "short_term": {
            "max": -15.1243658066,
            "mean": -16.0484619141,
            "min": -16.9860363007,
            "stdev": 0.503122448921
        }
    },
    "melbands_crest": {
        "max": 25.0027160645,
        "mean": 10.4730005264,
        "min": 3.73685693741,
        "stdev": 3.74140167236
    },
    "melbands_flatness_db": {
        "max": 0.279643923044,
        "mean": 0.155284911394,
        "min": 0.0522367581725,
        "stdev": 0.0338410958648
    },
    "melbands_kurtosis": {
        "max": 49.0479850769,
        "mean": 4.20861148834,
        "min": -1.66935586929,
        "stdev": 4.81717252731
    },
    "melbands_skewness": {
        "max": 6.0837097168,
        "mean": 1.55184400082,
        "min": -0.740159809589,
        "stdev": 0.868900060654
    },
    "melbands_spread": {
        "max": 117.222320557,
        "mean": 27.79347229,
        "min": 4.98358678818,
        "stdev": 14.1763620377
    },
    "pitch_salience": {
        "max": 0.894361555576,
        "mean": 0.655512630939,
        "min": 0.380406796932,
        "stdev": 0.106559425592
    },
    "silence_rate_20dB": {
        "max": 1,
        "mean": 1,
        "min": 1,
        "stdev": 0
    },
    "silence_rate_30dB": {
        "max": 1,
        "mean": 1,
        "min": 1,
        "stdev": 0
    },
    "silence_rate_60dB": {
        "max": 0,
        "mean": 0,
        "min": 0,
        "stdev": 0
    },
    "spectral_centroid": {
        "max": 4141.35107422,
        "mean": 1622.62438965,
        "min": 463.285003662,
        "stdev": 500.93347168
    },
    "spectral_complexity": {
        "max": 54,
        "mean": 28.7121543884,
        "min": 1,
        "stdev": 6.62088155746
    },
    "spectral_decrease": {
        "max": -9.75345013088e-11,
        "mean": -7.20393922293e-09,
        "min": -2.01231902253e-08,
        "stdev": 3.34966321347e-09
    },
    "spectral_energy": {
        "max": 0.0801344439387,
        "mean": 0.029984138906,
        "min": 0.000384541956009,
        "stdev": 0.0133670466021
    },
    "spectral_energyband_high": {
        "max": 0.0238371603191,
        "mean": 0.000967211206444,
        "min": 2.2534600248e-06,
        "stdev": 0.00210823910311
    },
    "spectral_energyband_low": {
        "max": 0.0491029433906,
        "mean": 0.00446390779689,
        "min": 2.17065439756e-06,
        "stdev": 0.00621164264157
    },
    "spectral_energyband_middle_high": {
        "max": 0.0438942164183,
        "mean": 0.0110492995009,
        "min": 6.72016467433e-05,
        "stdev": 0.00670474721119
    },
    "spectral_energyband_middle_low": {
        "max": 0.0632235854864,
        "mean": 0.014488786459,
        "min": 0.000277273560641,
        "stdev": 0.0102146621794
    },
    "spectral_entropy": {
        "max": 8.71518707275,
        "mean": 7.67966604233,
        "min": 7.02596187592,
        "stdev": 0.230593174696
    },
    "spectral_flux": {
        "max": 0.251523345709,
        "mean": 0.100026145577,
        "min": 0.0428994856775,
        "stdev": 0.0333945043385
    },
    "spectral_kurtosis": {
        "max": 17.8104305267,
        "mean": 3.81395459175,
        "min": -0.854088306427,
        "stdev": 2.0641644001
    },
    "spectral_rms": {
        "max": 0.00884194206446,
        "mean": 0.00526572251692,
        "min": 0.000612505420577,
        "stdev": 0.00123491080012
    },
    "spectral_rolloff": {
        "max": 10680.46875,
        "mean": 1855.5949707,
        "min": 301.46484375,
        "stdev": 1105.10449219
    },
    "spectral_skewness": {
        "max": 3.3862361908,
        "mean": 1.32639181614,
        "min": -0.0755844041705,
        "stdev": 0.332325518131
    },
    "spectral_spread": {
        "max": 11558981,
        "mean": 3566008,
        "min": 2044183.5,
        "stdev": 1095518.25
    },
    "spectral_strongpeak": {
        "max": 11.5236711502,
        "mean": 1.58143877983,
        "min": 0,
        "stdev": 1.59060513973
    },
    "zerocrossingrate": {
        "max": 0.2958984375,
        "mean": 0.0679200291634,
        "min": 0.017578125,
        "stdev": 0.0250665917993
    },
    "barkbands": {
        "max": [0.00142328452785, 0.0299565456808, 0.0391732789576, 0.0224047973752, 0.0465070679784, 0.0427389629185, 0.0218211263418, 0.0174285955727, 0.0305334646255, 0.0168339423835, 0.0191644318402, 0.0265178792179, 0.016358839348, 0.021227888763, 0.0274744518101, 0.0206235647202, 0.00634237891063, 0.00645535765216, 0.00671224249527, 0.00944336131215, 0.0142006380484, 0.0100010745227, 0.00378555292264, 0.00620921282098, 0.00955047365278, 2.54663864325e-05, 1.17878846595e-06],
        "mean": [4.40114308731e-05, 0.00135800254066, 0.00235807825811, 0.00135113019496, 0.00331516005099, 0.00284727034159, 0.00140444422141, 0.000995359034277, 0.00396927492693, 0.00176506873686, 0.00188501388766, 0.00145522074308, 0.00120764528401, 0.00144510657992, 0.000730418949388, 0.000642967934255, 0.00059044722002, 0.00071891915286, 0.000663383339997, 0.000430213985965, 0.00023880272056, 0.000220786052523, 0.000157536574989, 0.000118273106636, 7.14805428288e-05, 1.0474835932e-07, 2.67313460256e-09],
        "min": [1.28514632269e-09, 1.16144057927e-07, 1.27738559286e-07, 1.94378216634e-07, 2.47451430369e-06, 4.45045225206e-06, 6.15172120888e-06, 1.98340808311e-06, 2.32625779972e-06, 4.01279521611e-06, 2.32298043557e-05, 1.48737390191e-05, 3.8801122173e-06, 1.56317639721e-06, 4.67247764391e-06, 9.07671221739e-07, 6.37918731172e-07, 1.35249695177e-06, 1.40726956488e-06, 1.65455753631e-06, 2.85890678242e-07, 2.03409086907e-07, 3.41340722798e-07, 1.59833490443e-07, 1.75574911054e-07, 6.46137865434e-11, 4.39288015686e-11],
        "stdev": [0.000118803298392, 0.00301398523152, 0.00371631537564, 0.00246619037353, 0.00518166320398, 0.00469522830099, 0.00245521985926, 0.00194632261992, 0.00419836863875, 0.00196776515804, 0.00236594653688, 0.00196938519366, 0.00169297656976, 0.00278552877717, 0.00124433252495, 0.00120266398881, 0.000676663359627, 0.000667362532113, 0.000769987876993, 0.000642832717858, 0.000734258850571, 0.000662446836941, 0.000356096716132, 0.000424281286541, 0.00049422646407, 9.87477960734e-07, 4.03608382271e-08]
    },
    "erbbands": {
        "max": [1.08574521542, 6.59381437302, 30.6410331726, 68.2263031006, 134.759216309, 209.814331055, 372.116729736, 347.371826172, 317.23626709, 621.626220703, 556.016845703, 909.096069336, 646.622375488, 858.454406738, 651.016601562, 636.519775391, 819.123535156, 900.458374023, 1022.96630859, 1182.44177246, 853.959594727, 446.048461914, 366.586395264, 412.138366699, 551.550292969, 246.760421753, 419.856384277, 510.081451416, 432.24810791, 255.761230469, 109.424453735, 136.073623657, 116.329467773, 92.983505249, 78.4267578125, 4.50242185593, 0.115497931838, 0.00748536828905, 0.000956073461566, 0.000250556186074],
        "mean": [0.0305016022176, 0.359596818686, 2.21483922005, 4.13299798965, 7.24985694885, 11.3589172363, 18.8254966736, 23.4793186188, 20.9019603729, 20.5576457977, 33.9823112488, 92.1748886108, 66.0644836426, 64.6206665039, 70.3399353027, 59.2217941284, 61.0763664246, 48.9931335449, 64.577293396, 43.3865623474, 33.5098686218, 33.4036140442, 39.3074684143, 31.9339027405, 36.4901123047, 19.6116390228, 10.882853508, 8.87705898285, 8.38572216034, 6.18409729004, 4.11612558365, 2.90740036964, 1.72265851498, 0.923967182636, 0.460341453552, 0.0258750487119, 0.000732573040295, 6.12318544881e-05, 2.58263698925e-05, 3.87024483643e-05],
        "min": [5.99014492764e-06, 7.41714902688e-05, 0.0010861500632, 0.00142454565503, 0.00230214535259, 0.00602563563734, 0.0154053447768, 0.0533014498651, 0.108912952244, 0.0791458338499, 0.0451852306724, 0.0551578849554, 0.0792725086212, 0.513167738914, 1.28512370586, 0.617343723774, 0.208114787936, 0.115301415324, 0.137280598283, 0.186504513025, 0.0419506430626, 0.0428585633636, 0.083958402276, 0.0648694336414, 0.0601754896343, 0.0865344405174, 0.0180508978665, 0.0110447164625, 0.00577883701771, 0.010898607783, 0.0104241631925, 0.00383487367071, 0.00235854275525, 0.00183462339919, 0.00132050656248, 0.000446218036814, 1.90751179616e-05, 3.01605223285e-06, 4.04096999773e-06, 5.58468741474e-07],
        "stdev": [0.101420454681, 0.66713732481, 3.19254827499, 6.85214805603, 11.3057870865, 21.7953205109, 37.1615104675, 40.8901138306, 34.1046447754, 49.7932891846, 50.7091407776, 111.597709656, 76.561706543, 72.5129623413, 72.1181411743, 67.1949310303, 86.8333892822, 72.9234085083, 111.844207764, 73.5906906128, 61.3380241394, 37.6325416565, 35.1289520264, 36.1896095276, 48.08543396, 23.0396385193, 24.1510715485, 28.4503517151, 28.001657486, 16.3279895782, 9.37944221497, 8.03566932678, 7.72311115265, 5.31190776825, 3.91004610062, 0.22134424746, 0.00574510823935, 0.000380593439331, 5.04937706864e-05, 2.01114689844e-05]
    },
    "gfcc": {
        "mean": [11.1440849304, 104.003868103, -178.474349976, 33.9340362549, -78.3265075684, 17.8294792175, -36.154964447, 5.16923618317, -22.1603908539, -18.3457565308, -5.34188318253, -19.720867157, -0.639207243919],
        "cov": [[1318.99450684, 260.594787598, 858.31439209, 600.325012207, 103.636032104, 57.8458709717, -264.108764648, -68.7187805176, -1.99377691746, 134.24382019, -21.1641693115, 54.0445022583, 41.8891563416], [260.594787598, 910.108520508, 415.962860107, 160.961746216, 144.924789429, -271.932922363, -145.096420288, -164.620681763, -102.403381348, -80.873008728, 72.3835601807, -42.9701919556, 10.2695150375], [858.31439209, 415.962860107, 1025.8182373, 520.860778809, 88.4572067261, 25.7741394043, -329.202423096, -87.4553527832, -45.4981269836, 103.410652161, -29.5548362732, 85.2659912109, 51.0409164429], [600.325012207, 160.961746216, 520.860778809, 464.211486816, 117.434967041, 62.7576713562, -124.760704041, -38.3989372253, 23.7019386292, 74.2295532227, -23.621099472, 36.4452056885, 50.0854606628], [103.636032104, 144.924789429, 88.4572067261, 117.434967041, 166.890151978, 33.1840591431, -0.621486365795, 19.7007446289, 4.6052532196, 31.2558059692, 7.64782238007, -9.78238677979, 27.9511413574], [57.8458709717, -271.932922363, 25.7741394043, 62.7576713562, 33.1840591431, 279.883728027, 93.2405090332, 85.7009963989, 70.2719726562, 74.1235733032, -27.143737793, 34.7527770996, 9.67122650146], [-264.108764648, -145.096420288, -329.202423096, -124.760704041, -0.621486365795, 93.2405090332, 243.093276978, 72.2421188354, 45.1577796936, -25.9627742767, 18.9956226349, -26.2367706299, -24.9890022278], [-68.7187805176, -164.620681763, -87.4553527832, -38.3989372253, 19.7007446289, 85.7009963989, 72.2421188354, 147.237823486, 69.8457870483, 48.4186897278, -0.868301451206, -0.086218573153, -8.40224170685], [-1.99377691746, -102.403381348, -45.4981269836, 23.7019386292, 4.6052532196, 70.2719726562, 45.1577796936, 69.8457870483, 111.843399048, 53.9086914062, 2.16492605209, -0.767096281052, -0.450653225183], [134.24382019, -80.873008728, 103.410652161, 74.2295532227, 31.2558059692, 74.1235733032, -25.9627742767, 48.4186897278, 53.9086914062, 123.991043091, 15.9563121796, 16.9013805389, 11.7049093246], [-21.1641693115, 72.3835601807, -29.5548362732, -23.621099472, 7.64782238007, -27.143737793, 18.9956226349, -0.868301451206, 2.16492605209, 15.9563121796, 67.4795761108, 11.314868927, -9.06583404541], [54.0445022583, -42.9701919556, 85.2659912109, 36.4452056885, -9.78238677979, 34.7527770996, -26.2367706299, -0.086218573153, -0.767096281052, 16.9013805389, 11.314868927, 88.8567733765, 28.075466156], [41.8891563416, 10.2695150375, 51.0409164429, 50.0854606628, 27.9511413574, 9.67122650146, -24.9890022278, -8.40224170685, -0.450653225183, 11.7049093246, -9.06583404541, 28.075466156, 61.8742294312]],
        "icov": [[0.00233252719045, -0.000165781602846, -0.000441465876065, -0.00249247299507, 0.000867472612299, -0.00032777141314, 0.000655741489027, -0.000278286199318, 0.000796549313236, -0.000968568667304, -0.000344188592862, 0.000383898208383, 0.000680946977809], [-0.000165781602846, 0.00861123111099, -0.0079769352451, 0.00527376262471, -0.00915368460119, 0.00706463912502, -0.00488134799525, 0.00579115981236, -0.00538233201951, 0.00700577907264, -0.0081549603492, 0.0048105106689, -0.0019019698957], [-0.000441465876065, -0.0079769352451, 0.0120603283867, -0.00841785222292, 0.00888514425606, -0.00774770230055, 0.00870443321764, -0.0061213071458, 0.00726556265727, -0.00671213492751, 0.00685397488996, -0.0057085910812, 0.00328672374599], [-0.00249247299507, 0.00527376262471, -0.00841785222292, 0.0135466083884, -0.00973014906049, 0.00483220024034, -0.00579213304445, 0.00677714589983, -0.00821931380779, 0.00461781490594, -0.00227819778956, 0.00230716424994, -0.00330233108252], [0.000867472612299, -0.00915368460119, 0.00888514425606, -0.00973014906049, 0.0198359768838, -0.008714703843, 0.00545746693388, -0.00930436793715, 0.00921860057861, -0.00776175362989, 0.00439721578732, -0.000409902597312, -0.00281345378608], [-0.00032777141314, 0.00706463912502, -0.00774770230055, 0.00483220024034, -0.008714703843, 0.0145407197997, -0.0101268384606, 0.00449705962092, -0.00551305711269, 0.000595921010245, 0.000531044322997, -0.000791766913608, -2.01205079975e-06], [0.000655741489027, -0.00488134799525, 0.00870443321764, -0.00579213304445, 0.00545746693388, -0.0101268384606, 0.0165631826967, -0.00630510598421, 0.00290268892422, 0.00176801392809, -0.00243840087205, 3.28870664816e-05, 0.00213951966725], [-0.000278286199318, 0.00579115981236, -0.0061213071458, 0.00677714589983, -0.00930436793715, 0.00449705962092, -0.00630510598421, 0.0173888131976, -0.00976682174951, 0.000883288681507, -0.00165839563124, 0.00102904287633, 0.0011578630656], [0.000796549313236, -0.00538233201951, 0.00726556265727, -0.00821931380779, 0.00921860057861, -0.00551305711269, 0.00290268892422, -0.00976682174951, 0.0213900189847, -0.00983267091215, 0.00410350877792, -0.00139155192301, 0.00080573518062], [-0.000968568667304, 0.00700577907264, -0.00671213492751, 0.00461781490594, -0.00776175362989, 0.000595921010245, 0.00176801392809, 0.000883288681507, -0.00983267091215, 0.023920815438, -0.0155583973974, 0.0066867750138, -0.00437148846686], [-0.000344188592862, -0.0081549603492, 0.00685397488996, -0.00227819778956, 0.00439721578732, 0.000531044322997, -0.00243840087205, -0.00165839563124, 0.00410350877792, -0.0155583973974, 0.0330418124795, -0.0137342847884, 0.0085436720401], [0.000383898208383, 0.0048105106689, -0.0057085910812, 0.00230716424994, -0.000409902597312, -0.000791766913608, 3.28870664816e-05, 0.00102904287633, -0.00139155192301, 0.0066867750138, -0.0137342847884, 0.0221192725003, -0.0110789351165], [0.000680946977809, -0.0019019698957, 0.00328672374599, -0.00330233108252, -0.00281345378608, -2.01205079975e-06, 0.00213951966725, 0.0011578630656, 0.00080573518062, -0.00437148846686, 0.0085436720401, -0.0110789351165, 0.0253826826811]]
    },
    "melbands": {
        "max": [0.00811478961259, 0.0113921770826, 0.0108914161101, 0.00880735460669, 0.0118504036218, 0.00675361137837, 0.00496061472222, 0.00639926735312, 0.00511214975268, 0.00544909341261, 0.00320648937486, 0.00328274467029, 0.00262441043742, 0.00365707580931, 0.00200388301164, 0.00159951893147, 0.00205837539397, 0.0022568134591, 0.003032151144, 0.00160790339578, 0.000984358834103, 0.000467230245704, 0.00037903530756, 0.000430143554695, 0.00036865536822, 0.000226243835641, 0.000626111053862, 0.000141591459396, 0.000199283997063, 0.000392240704969, 0.000265982234851, 0.000214818122913, 0.000239404369495, 0.00011446652934, 7.9304612882e-05, 6.30575450487e-05, 8.95613484317e-05, 8.2171158283e-05, 8.36747421999e-05, 9.23000552575e-05],
        "mean": [0.000317298661685, 0.000932789989747, 0.000797855260316, 0.000677454692777, 0.000637274526525, 0.000532665813807, 0.000306161382468, 0.000212088998524, 0.000352263799869, 0.000574735866394, 0.000315693177981, 0.000252035359154, 0.000260692846496, 0.000165639503393, 0.000155013694894, 0.00010177979857, 9.59999233601e-05, 0.000123705118313, 5.81717395107e-05, 4.64965414722e-05, 3.80043165933e-05, 3.12815536745e-05, 3.84629311156e-05, 3.54232543032e-05, 2.43585091084e-05, 2.4250608476e-05, 2.50332868745e-05, 1.03985830719e-05, 6.91041896062e-06, 5.69803523831e-06, 4.82205314256e-06, 4.61504941995e-06, 4.3174768507e-06, 3.18822844747e-06, 2.38929010266e-06, 2.14318902181e-06, 1.61365596796e-06, 1.24087114273e-06, 9.42068936638e-07, 7.3508465448e-07],
        "min": [6.10856005778e-08, 3.02079257608e-07, 4.24563779688e-07, 2.95060317512e-07, 4.69723943297e-07, 1.19508695207e-06, 1.51204017129e-06, 6.35615720057e-07, 3.44226350535e-07, 3.50034838448e-07, 3.37514194371e-07, 1.75102150024e-06, 4.34950788986e-06, 2.62746084445e-06, 7.05330990058e-07, 3.66558992937e-07, 1.83507751217e-07, 1.46004609292e-07, 4.23391298909e-07, 1.12591514778e-07, 3.12208356945e-08, 2.72071076779e-08, 1.09217559441e-07, 3.61309062669e-08, 5.46713039284e-08, 5.72979566016e-08, 4.48917845119e-08, 6.11920469851e-08, 9.44753608678e-09, 8.09874567409e-09, 6.43789821453e-09, 3.19431858742e-09, 3.84626019923e-09, 6.29834717714e-09, 6.64030430642e-09, 3.38012484669e-09, 1.99574889947e-09, 1.29515331793e-09, 2.0745531959e-09, 1.38791511617e-09],
        "stdev": [0.000843763002194, 0.00127843383234, 0.00114657648373, 0.00108363293111, 0.00117723247968, 0.000872701115441, 0.000498341978528, 0.000497109896969, 0.000493029889185, 0.000667833606713, 0.000383936101571, 0.000287778966594, 0.000301046849927, 0.000236125692027, 0.000199658345082, 0.000134878311655, 0.000169756502146, 0.000251156714512, 0.000127710416564, 8.63948807819e-05, 7.07441722625e-05, 3.79218545277e-05, 4.12158224208e-05, 3.78548866138e-05, 3.17498706863e-05, 2.84839879896e-05, 4.03646154155e-05, 1.32137838591e-05, 1.36540775202e-05, 1.9173063265e-05, 1.50619734995e-05, 1.45613166751e-05, 1.47526397996e-05, 7.89347723185e-06, 5.8554928728e-06, 4.91403034175e-06, 5.00295300299e-06, 5.50190361537e-06, 4.70215536552e-06, 4.68308871859e-06]
    },
    "melbands128": {
        "max": [0.00101342552807, 0.00931973382831, 0.0123507156968, 0.010683814995, 0.0114137679338, 0.021522378549, 0.0155257210135, 0.0128832524642, 0.0177115052938, 0.0114842019975, 0.0160736199468, 0.0222216676921, 0.0186915341765, 0.017780020833, 0.0121357208118, 0.0133739886805, 0.00785601232201, 0.0095086991787, 0.00464883446693, 0.011710209772, 0.00528284767643, 0.00386012764648, 0.010045254603, 0.00871096551418, 0.0103664956987, 0.00961094163358, 0.00839937757701, 0.00592209398746, 0.00330962846056, 0.0035646695178, 0.00586985331029, 0.00537339691073, 0.00532726896927, 0.0018587866798, 0.00845083873719, 0.00385479815304, 0.00162074994296, 0.00434919353575, 0.00451235473156, 0.00424504932016, 0.00100583827589, 0.00137020379771, 0.00183860969264, 0.00484323874116, 0.00552292959765, 0.00282502220944, 0.00130758038722, 0.00472842436284, 0.00361904036254, 0.00215238612145, 0.00196857680567, 0.00338584277779, 0.00251079327427, 0.00111869862303, 0.000603290682193, 0.000586115173064, 0.000989587162621, 0.000757757865358, 0.000406842096709, 0.000455375207821, 0.00074875849532, 0.00043522787746, 0.000546151015442, 0.000288275070488, 0.000565650174394, 0.000335025251843, 0.00045732880244, 0.00134158914443, 0.000566166709177, 0.000188344420167, 0.000161895019119, 0.000181968454854, 0.000274718331639, 0.000194077627384, 0.000365352811059, 0.000432757369708, 0.000389392458601, 0.000290800555376, 0.000365802814486, 0.000122713259771, 0.000150734995259, 0.00029917206848, 0.00043312998605, 0.000228405944654, 0.000181395604159, 0.00017392684822, 0.000113233712909, 9.87394741969e-05, 0.000115012851893, 0.000124160040286, 5.76434540562e-05, 5.97215002927e-05, 0.000101375269878, 9.62592239375e-05, 9.33261762839e-05, 0.00010211175686, 0.000115903007099, 0.000100911376649, 0.00011666478531, 5.72738426854e-05, 7.22653130651e-05, 8.26569375931e-05, 0.00016261957353, 0.000163864300703, 0.000121532357298, 9.4263938081e-05, 1.847853855e-05, 1.15836485293e-06, 6.48492859412e-09, 7.75289343835e-09, 7.19361903379e-09, 6.17015460946e-09, 6.07505068473e-09, 6.74793820821e-09, 5.79975489856e-09, 5.66854296835e-09, 5.53027224015e-09, 7.25722504313e-09, 5.29974331087e-09, 5.18975973307e-09, 5.10041298085e-09, 5.02342567543e-09, 4.93709695348e-09, 4.85272666495e-09, 4.79927564356e-09, 4.76407491234e-09, 4.72761385595e-09, 4.70436045674e-09],
        "mean": [3.44726722687e-05, 0.000216037486098, 0.000376266834792, 0.000619621772785, 0.00101069977973, 0.00119319523219, 0.000845040543936, 0.0006537232548, 0.000739623734262, 0.000721815624274, 0.000604686152656, 0.000597654958256, 0.000632715062238, 0.000719960837159, 0.000551107223146, 0.000432938890299, 0.000373018439859, 0.000289106916171, 0.000198441150133, 0.000262527260929, 0.000185081065865, 0.000166769139469, 0.000282434077235, 0.000628873531241, 0.000766713463236, 0.000446522288257, 0.00043024023762, 0.000295048987027, 0.00023835572938, 0.000228668635827, 0.000245514034759, 0.000316569756251, 0.000315302284434, 0.000160377414431, 0.000190742968698, 0.000154310953803, 0.000150448831846, 0.000140394986374, 0.000180464674486, 0.000150145759108, 6.57974887872e-05, 6.28817215329e-05, 6.72318128636e-05, 9.6487281553e-05, 0.000235191575484, 0.000101835503301, 4.47918864666e-05, 5.63132052775e-05, 5.63852627238e-05, 7.79497349868e-05, 3.40655460604e-05, 3.04545155814e-05, 4.86209719384e-05, 3.6819914385e-05, 2.61677287199e-05, 2.80070198642e-05, 3.59106052201e-05, 4.67869504064e-05, 3.52476636181e-05, 3.0926817999e-05, 3.90559980588e-05, 3.71877576981e-05, 2.49114018516e-05, 1.99902915483e-05, 2.35603220062e-05, 1.98850266315e-05, 2.45840656135e-05, 4.154794442e-05, 1.9475875888e-05, 1.33126295623e-05, 1.13781879918e-05, 8.1507687355e-06, 7.58877467888e-06, 6.71570887789e-06, 6.20131413598e-06, 5.46227147424e-06, 5.80080723012e-06, 5.43430360267e-06, 4.73846057503e-06, 4.15925978814e-06, 3.90722743759e-06, 5.18743991051e-06, 5.46289584236e-06, 4.2692581701e-06, 3.30117654812e-06, 3.23622975884e-06, 3.42031285072e-06, 2.61617651631e-06, 2.42854798671e-06, 2.07341827263e-06, 2.05055312108e-06, 2.44897432822e-06, 1.77107961008e-06, 1.66947984326e-06, 1.45088381487e-06, 1.20190566122e-06, 1.28482940909e-06, 1.14456690881e-06, 1.03714830857e-06, 7.53286826694e-07, 7.07824824531e-07, 7.5719697179e-07, 7.28445456843e-07, 7.84694634604e-07, 6.0449758621e-07, 4.17145457732e-07, 9.63095772022e-08, 4.86257478727e-09, 2.1526060448e-11, 2.2713895001e-11, 2.13083665296e-11, 1.66553403014e-11, 1.56521670625e-11, 2.3343811259e-11, 2.26000052006e-11, 2.08324243273e-11, 1.63567163286e-11, 1.90640107867e-11, 1.43573469086e-11, 1.25060552192e-11, 9.70273601048e-12, 9.43191965502e-12, 9.26338866725e-12, 9.09536421873e-12, 8.92256928064e-12, 8.73816036889e-12, 8.61205464581e-12, 8.55941619665e-12],
        "min": [3.02688325793e-11, 7.61479945766e-09, 1.18078329336e-08, 7.89150522706e-09, 1.08615878958e-07, 6.13037158814e-08, 6.90664592184e-08, 1.05844861764e-07, 5.96931357677e-08, 4.95070864304e-08, 1.86216855269e-08, 9.24623293486e-08, 1.2591887355e-07, 3.03568043591e-07, 2.9400018775e-07, 6.21004517143e-07, 1.78467246315e-07, 3.42701042655e-07, 9.18169689612e-07, 5.33505328804e-07, 4.2414797008e-07, 4.17600602987e-07, 3.20244168961e-07, 2.80014717191e-07, 3.64751485904e-07, 3.7289703414e-07, 3.32433842232e-07, 3.73120542463e-07, 2.50018871384e-07, 6.48093589461e-07, 9.02366423361e-07, 1.78680852514e-06, 4.70854092782e-06, 1.658987685e-06, 1.44566422478e-06, 4.58830584193e-07, 7.72828343543e-07, 5.84214660648e-07, 4.31074340668e-07, 4.38774861777e-07, 3.25915522126e-07, 3.1866065342e-07, 2.12046487036e-07, 1.00280310278e-07, 7.27139024548e-08, 5.19200966664e-08, 3.270636455e-07, 6.44495685265e-07, 3.79917963755e-07, 1.11162627547e-07, 8.94340814739e-08, 1.0270630213e-07, 1.8640259114e-08, 1.32066917402e-08, 2.01496401786e-08, 1.64016160653e-08, 3.72561075324e-08, 9.67406705854e-08, 1.69922216742e-07, 8.07879416698e-08, 8.76590000587e-09, 1.25647279248e-08, 3.0988822175e-08, 6.22851246135e-08, 1.0992575028e-07, 6.61040076011e-08, 1.64462168328e-08, 2.72224109921e-08, 5.63452182689e-08, 5.9705776323e-08, 8.40300486971e-08, 5.41724425318e-08, 7.79740894075e-09, 1.60338264887e-09, 7.37061434108e-09, 1.32957866938e-08, 4.86637974362e-09, 3.68429620146e-09, 8.82572415151e-09, 6.88695855899e-09, 3.40526118414e-09, 1.98933114426e-09, 1.51045487229e-09, 2.49658160811e-09, 6.83751499864e-09, 9.71737623701e-09, 3.20210324922e-09, 5.34028643528e-09, 7.55811502273e-09, 8.34514501946e-09, 3.1037636905e-09, 2.5475590526e-09, 2.51194154366e-09, 1.87894233505e-09, 1.8759194198e-09, 9.18156384255e-10, 8.51275105962e-10, 2.18502838045e-09, 2.68680455662e-09, 1.72208003413e-09, 1.25782118054e-09, 1.08920583664e-09, 1.75462766538e-09, 2.2398431998e-09, 1.08323616743e-09, 7.36544936153e-10, 5.50475165451e-10, 1.52577581645e-12, 1.96303585366e-13, 1.5509831917e-13, 1.42422626969e-13, 1.43693027312e-13, 1.55811873278e-13, 1.70405031232e-13, 1.19692721446e-13, 1.32983183384e-13, 1.5152468039e-13, 1.35357857193e-13, 1.47756711922e-13, 1.50486231549e-13, 1.34289890948e-13, 1.24420954225e-13, 1.24935340393e-13, 1.41487448385e-13, 1.03894384686e-13, 4.22665883142e-14, 4.81250916938e-15, 1.63340311536e-16],
        "stdev": [0.000106457518996, 0.000841411587317, 0.00122918514535, 0.00117642665282, 0.00144587934483, 0.00199127616361, 0.00158693850972, 0.00120997428894, 0.00135396211408, 0.00153661775403, 0.00147645268589, 0.00157993950415, 0.00161997647956, 0.0015275470214, 0.00121066719294, 0.00107365765143, 0.000720335752703, 0.000673547794577, 0.000478673755424, 0.000914449861739, 0.000463299831608, 0.000395215087337, 0.000721786520444, 0.000893671705853, 0.00126458343584, 0.000753971864469, 0.000785820593592, 0.000519696390256, 0.000283167639282, 0.000307539856294, 0.00040654456825, 0.000551292789169, 0.000507136515807, 0.000188484104001, 0.00041557039367, 0.000262167828623, 0.000227304481086, 0.000292805518257, 0.000365661660908, 0.000309430906782, 9.34340714593e-05, 9.14129341254e-05, 0.000138459348818, 0.000342281913618, 0.000650296395179, 0.000217561842874, 7.34245259082e-05, 0.000198537818505, 0.000150068924995, 0.000200101261726, 8.27980766189e-05, 0.000124018406495, 0.00014251396351, 6.91942259436e-05, 4.01667821279e-05, 4.36619338871e-05, 6.82006648276e-05, 7.74813233875e-05, 4.45891564596e-05, 4.61332456325e-05, 5.62007080589e-05, 4.89055018988e-05, 4.86439712404e-05, 3.24507018377e-05, 3.6844117858e-05, 2.74298872682e-05, 4.1832379793e-05, 8.54113168316e-05, 4.05073878937e-05, 1.85352109838e-05, 1.50004771058e-05, 1.37584102049e-05, 1.52138263729e-05, 1.39005815072e-05, 1.8771383111e-05, 1.88459143828e-05, 2.24212526518e-05, 1.89144921023e-05, 1.83328156709e-05, 8.61592889123e-06, 9.93366484181e-06, 2.06049280678e-05, 2.43983849941e-05, 1.46933643919e-05, 9.18402929528e-06, 8.73606950336e-06, 9.20116781344e-06, 6.9616539804e-06, 6.99816246197e-06, 5.84344024901e-06, 4.75708702652e-06, 5.98897986492e-06, 5.17527632837e-06, 5.53276959181e-06, 4.94535152029e-06, 4.96483835377e-06, 6.62294860376e-06, 5.91236948821e-06, 5.63578578294e-06, 3.33811090059e-06, 4.09034964832e-06, 4.95055792271e-06, 6.20293712927e-06, 7.20811749488e-06, 5.44880549569e-06, 3.89881370211e-06, 7.97152779342e-07, 4.58280560167e-08, 2.73198352829e-10, 3.3071176353e-10, 3.13230386073e-10, 2.34140734579e-10, 2.12819151191e-10, 3.00660968344e-10, 2.757407358e-10, 2.5388066649e-10, 2.3178239883e-10, 2.96820873436e-10, 2.08572048521e-10, 1.84199128173e-10, 1.66433491988e-10, 1.63901586747e-10, 1.61084576233e-10, 1.58331903144e-10, 1.56589616274e-10, 1.55444074279e-10, 1.54256218909e-10, 1.53497561883e-10]
    },
    "mfcc": {
        "mean": [-601.41229248, 111.939666748, -34.0458183289, 6.44698619843, -12.1120901108, -2.63550019264, 0.0634129717946, 7.60741662979, -6.8441286087, 2.17236304283, -5.08558320999, -6.88601779938, -7.64656352997],
        "cov": [[968.069396973, -44.2267341614, 582.26776123, 390.142211914, 289.606201172, 159.39239502, -59.2280807495, -83.2726974487, -1.30173695087, 15.1981973648, -3.43480730057, -2.38648986816, 17.248758316], [-44.2267341614, 815.641540527, 135.520339966, 241.042999268, 111.91784668, -117.54460144, -6.89588499069, -112.457260132, -185.730041504, -102.120498657, -67.9507675171, -63.8505783081, -23.2096805573], [582.26776123, 135.520339966, 911.451293945, 395.299468994, 368.539459229, 154.540008545, -105.155212402, -116.813552856, -27.7667770386, -66.2761688232, -45.5445823669, -11.0592002869, 22.229429245], [390.142211914, 241.042999268, 395.299468994, 428.208312988, 254.871887207, 56.3999824524, -43.0335731506, -98.3365402222, -47.325630188, -23.8332366943, -51.5390777588, -37.4583358765, 7.80324602127], [289.606201172, 111.91784668, 368.539459229, 254.871887207, 321.735595703, 84.7482223511, -32.5324478149, -78.2481231689, 18.6465339661, 7.46444511414, -15.679104805, -15.6037425995, 18.2373142242], [159.39239502, -117.54460144, 154.540008545, 56.3999824524, 84.7482223511, 189.177520752, 35.3357887268, 26.1389045715, 61.0521125793, 27.3400878906, 14.8856554031, 11.5252065659, 11.1037244797], [-59.2280807495, -6.89588499069, -105.155212402, -43.0335731506, -32.5324478149, 35.3357887268, 119.623466492, 57.6489639282, 23.3246765137, 35.5621490479, 31.0949268341, 5.78764390945, -0.950671136379], [-83.2726974487, -112.457260132, -116.813552856, -98.3365402222, -78.2481231689, 26.1389045715, 57.6489639282, 145.632980347, 60.1663513184, 27.5440540314, 44.3333129883, 18.3352603912, 1.13645398617], [-1.30173695087, -185.730041504, -27.7667770386, -47.325630188, 18.6465339661, 61.0521125793, 23.3246765137, 60.1663513184, 136.355926514, 68.8957214355, 37.5248794556, 26.0679988861, 12.5539960861], [15.1981973648, -102.120498657, -66.2761688232, -23.8332366943, 7.46444511414, 27.3400878906, 35.5621490479, 27.5440540314, 68.8957214355, 132.895858765, 71.7703704834, 25.3682823181, 7.73224925995], [-3.43480730057, -67.9507675171, -45.5445823669, -51.5390777588, -15.679104805, 14.8856554031, 31.0949268341, 44.3333129883, 37.5248794556, 71.7703704834, 116.719970703, 42.1157302856, 3.87719702721], [-2.38648986816, -63.8505783081, -11.0592002869, -37.4583358765, -15.6037425995, 11.5252065659, 5.78764390945, 18.3352603912, 26.0679988861, 25.3682823181, 42.1157302856, 71.2987365723, 25.6519622803], [17.248758316, -23.2096805573, 22.229429245, 7.80324602127, 18.2373142242, 11.1037244797, -0.950671136379, 1.13645398617, 12.5539960861, 7.73224925995, 3.87719702721, 25.6519622803, 66.0539398193]],
        "icov": [[0.00237794104032, 0.000845068367198, -0.00077163008973, -0.00180395448115, -4.64158147224e-05, -0.00052739615785, 0.000104354912764, 5.84161862207e-05, 0.000979270320386, -0.000483695621369, -0.000495877873618, -0.000147125916556, 0.000207484932616], [0.000845068367198, 0.00278238207102, -0.000147465165355, -0.00166662025731, -0.000910396513063, 0.00135584536474, -0.00144888588693, 0.000121004588436, 0.00263741472736, 0.000593621458393, -0.000409522966947, 0.00022261380218, 0.000370840192772], [-0.00077163008973, -0.000147465165355, 0.00330654671416, -0.00065372773679, -0.00206187344156, -0.00165099161677, 0.0018586514052, -0.000134527726914, 0.000429148494732, 0.00169761152938, -0.000530441408046, -0.00074796716217, 3.13410964736e-05], [-0.00180395448115, -0.00166662025731, -0.00065372773679, 0.0075690918602, -0.00281078903936, -0.000224855204578, 0.000210890910239, -4.26957813033e-05, 0.000743120035622, -0.00153665686958, 0.00205107755028, 0.000953007256612, -0.000422934768721], [-4.64158147224e-05, -0.000910396513063, -0.00206187344156, -0.00281078903936, 0.00946568883955, -0.00103893212508, -0.000358092045644, 0.00322349532507, -0.00451515382156, -0.000369725516066, -0.0012609109981, 0.00191023980733, -0.0015476582339], [-0.00052739615785, 0.00135584536474, -0.00165099161677, -0.000224855204578, -0.00103893212508, 0.00998667068779, -0.00448501389474, -0.000618739519268, -0.00221411767416, 0.000449968210887, 0.000564600864891, -0.000245272472966, 0.000180727482075], [0.000104354912764, -0.00144888588693, 0.0018586514052, 0.000210890910239, -0.000358092045644, -0.00448501389474, 0.013967207633, -0.00431580841541, 0.00142527848948, -0.00252668233588, -0.000691632216331, 0.000594858254772, -0.000224215502385], [5.84161862207e-05, 0.000121004588436, -0.000134527726914, -4.26957813033e-05, 0.00322349532507, -0.000618739519268, -0.00431580841541, 0.0133004942909, -0.00599605822936, 0.00341572589241, -0.00403478508815, 0.00136108894367, -0.000551353674382], [0.000979270320386, 0.00263741472736, 0.000429148494732, 0.000743120035622, -0.00451515382156, -0.00221411767416, 0.00142527848948, -0.00599605822936, 0.0183692239225, -0.00671061920002, 0.00269714300521, -0.00235775555484, 0.000232946826145], [-0.000483695621369, 0.000593621458393, 0.00169761152938, -0.00153665686958, -0.000369725516066, 0.000449968210887, -0.00252668233588, 0.00341572589241, -0.00671061920002, 0.0165831912309, -0.00886311754584, 0.00119714229368, -0.000734063331038], [-0.000495877873618, -0.000409522966947, -0.000530441408046, 0.00205107755028, -0.0012609109981, 0.000564600864891, -0.000691632216331, -0.00403478508815, 0.00269714300521, -0.00886311754584, 0.0178960971534, -0.00809099990875, 0.00285106757656], [-0.000147125916556, 0.00022261380218, -0.00074796716217, 0.000953007256612, 0.00191023980733, -0.000245272472966, 0.000594858254772, 0.00136108894367, -0.00235775555484, 0.00119714229368, -0.00809099990875, 0.0228832121938, -0.00834903866053], [0.000207484932616, 0.000370840192772, 3.13410964736e-05, -0.000422934768721, -0.0015476582339, 0.000180727482075, -0.000224215502385, -0.000551353674382, 0.000232946826145, -0.000734063331038, 0.00285106757656, -0.00834903866053, 0.0187745075673]]
    },
    "spectral_contrast_coeffs": {
        "max": [-0.329135239124, -0.53438103199, -0.532481789589, -0.600695133209, -0.654217064381, -0.496295720339],
        "mean": [-0.665314674377, -0.720857799053, -0.773083627224, -0.792068719864, -0.775500118732, -0.753494858742],
        "min": [-0.865820288658, -0.884451687336, -0.908978581429, -0.893691301346, -0.85742610693, -0.855275630951],
        "stdev": [0.115166157484, 0.0672946050763, 0.0584936141968, 0.0542658120394, 0.0345123410225, 0.0363757275045]
    },
    "spectral_contrast_valleys": {
        "max": [-5.05277776718, -4.8370552063, -4.99779748917, -5.82461595535, -5.60388803482, -7.33899927139],
        "mean": [-7.33484601974, -6.47364282608, -6.36471605301, -6.81154251099, -6.90342950821, -9.97394561768],
        "min": [-10.004655838, -8.25012588501, -8.33017730713, -9.17181015015, -9.63480567932, -12.193526268],
        "stdev": [1.0967413187, 0.493321865797, 0.587419271469, 0.297909557819, 0.32336345315, 0.60732203722]
    }
},
"rhythm": {
    "beats_count": 46,
    "beats_loudness": {
        "max": 0.0627127587795,
        "mean": 0.0318313129246,
        "min": 0.00832354649901,
        "stdev": 0.0115810446441
    },
    "bpm": 152.426773071,
    "bpm_histogram_first_peak_bpm": 152,
    "bpm_histogram_first_peak_weight": 0.222222208977,
    "bpm_histogram_second_peak_bpm": 103,
    "bpm_histogram_second_peak_spread": 0.400000035763,
    "bpm_histogram_second_peak_weight": 0.133333340287,
    "danceability": 1.29539179802,
    "onset_rate": 3.2173409462,
    "beats_loudness_band_ratio": {
        "max": [0.603933036327, 0.788401603699, 0.650432825089, 0.62569206953, 0.419770509005, 0.487975567579],
        "mean": [0.148311257362, 0.196312516928, 0.242470249534, 0.227773666382, 0.143192723393, 0.075853407383],
        "min": [0.000551507633645, 0.000726419733837, 0.0266661047935, 0.0291628893465, 0.018094714731, 0.00381560088135],
        "stdev": [0.13600051403, 0.206204280257, 0.158810794353, 0.164184048772, 0.0995167568326, 0.0856520682573]
    },
    "beats_position": [0.545668900013, 1.10294783115, 1.67183673382, 2.22911548615, 2.80961441994, 3.39011335373, 3.97061228752, 4.55111122131, 5.11999988556, 5.6888885498, 6.26938772202, 6.84988641739, 7.41877555847, 7.85995435715, 8.31274318695, 8.76553249359, 9.2067117691, 9.64789104462, 10.0890703201, 10.5418596268, 10.9714279175, 11.412607193, 11.8421764374, 12.2833557129, 12.7361450195, 13.1889343262, 13.6068935394, 14.0248527527, 14.4428119659, 14.8491611481, 15.2555103302, 15.6734695435, 16.0682086945, 16.4397277832, 16.8112468719, 17.1827659607, 17.5542850494, 17.9374141693, 18.3205432892, 18.7152824402, 19.1100215912, 19.5047607422, 19.8994998932, 20.2942390442, 20.6773700714, 21.0721092224],
