{
"metadata": {
    "version": {
        "essentia": "2.1-beta5",
        "essentia_git_sha": "Undefined",
        "extractor": "music 2.0"
    },
    "audio_properties": {
        "analysis": {
            "equal_loudness": 0,
            "length": 12.7477550507,
            "sample_rate": 44100,
            "start_time": 0,
            "downmix": "mix"
        },
        "bit_rate": 192000,
        "length": 191.750396729,
        "lossless": 0,
        "number_channels": 2,
        "replay_gain": -16.19298172,
        "sample_rate": 48000,
        "codec": "mp3",
        "md5_encoded": "c90bc5f890417697d31bc76f8531dd96"
    },
    "tags": {
        "file_name": "Netherlands_One More Night_Esther Hart.mp3",
        "encoding": ["Lavf58.29.100"]
    }
},
"lowlevel": {
    "average_loudness": 0.971987783909,
    "barkbands_crest": {
        "max": 21.09126091,
        "mean": 9.06751346588,
        "min": 2.48694133759,
        "stdev": 3.47800731659
    },
    "barkbands_flatness_db": {
        "max": 0.239931583405,
        "mean": 0.13754697144,
        "min": 0.0428606756032,
        "stdev": 0.0348100140691
    },
    "barkbands_kurtosis": {
        "max": 19.4846916199,
        "mean": 2.19781184196,
        "min": -1.59664821625,
        "stdev": 2.74791288376
    },
    "barkbands_skewness": {
        "max": 3.94160151482,
        "mean": 1.27971887589,
        "min": -1.3399900198,
        "stdev": 0.756488800049
    },
    "barkbands_spread": {
        "max": 47.5638961792,
        "mean": 15.1714630127,
        "min": 3.2731089592,
        "stdev": 8.19195747375
    },
    "dissonance": {
        "max": 0.500000119209,
        "mean": 0.479825168848,
        "min": 0.147212967277,
        "stdev": 0.0218825843185
    },
    "dynamic_complexity": 1.44813394547,
    "erbbands_crest": {
        "max": 22.9071788788,
        "mean": 8.70077991486,
        "min": 2.50151538849,
        "stdev": 3.52613854408
    },
    "erbbands_flatness_db": {
        "max": 0.303921431303,
        "mean": 0.209056466818,
        "min": 0.0970040485263,
        "stdev": 0.0405038706958
    },
    "erbbands_kurtosis": {
        "max": 9.49377441406,
        "mean": 0.281034529209,
        "min": -1.53993225098,
        "stdev": 1.40614509583
    },
    "erbbands_skewness": {
        "max": 2.75390648842,
        "mean": 0.680056869984,
        "min": -0.978823959827,
        "stdev": 0.647734701633
    },
    "erbbands_spread": {
        "max": 76.6975479126,
        "mean": 27.6879062653,
        "min": 7.67944478989,
        "stdev": 13.04966259
    },
    "hfc": {
        "max": 122.779182434,
        "mean": 26.7389736176,
        "min": 8.79759973031e-05,
        "stdev": 15.6005306244
    },
    "loudness_ebu128": {
        "integrated": -5.47155475616,
        "loudness_range": 1.13242149353,
        "momentary": {
            "max": -3.13116312027,
            "mean": -5.75890159607,
            "min": -13.7701559067,
            "stdev": 1.81776976585
        },
        "short_term": {
            "max": -4.74486732483,
            "mean": -5.27485799789,
            "min": -6.55575656891,
            "stdev": 0.42042183876
        }
    },
    "melbands_crest": {
        "max": 28.1298332214,
        "mean": 11.6640481949,
        "min": 2.90517067909,
        "stdev": 4.60268068314
    },
    "melbands_flatness_db": {
        "max": 0.299840390682,
        "mean": 0.156586065888,
        "min": 0.0274286903441,
        "stdev": 0.0505847595632
    },
    "melbands_kurtosis": {
        "max": 36.0210037231,
        "mean": 6.70954847336,
        "min": -1.17189002037,
        "stdev": 5.69939994812
    },
    "melbands_skewness": {
        "max": 5.25154161453,
        "mean": 1.92813944817,
        "min": -0.252863556147,
        "stdev": 0.914985537529
    },
    "melbands_spread": {
        "max": 93.1066818237,
        "mean": 21.0556564331,
        "min": 4.01787900925,
        "stdev": 14.2807741165
    },
    "pitch_salience": {
        "max": 0.958617806435,
        "mean": 0.67956840992,
        "min": 0.331497490406,
        "stdev": 0.0908465534449
    },
    "silence_rate_20dB": {
        "max": 1,
        "mean": 1,
        "min": 1,
        "stdev": 0
    },
    "silence_rate_30dB": {
        "max": 1,
        "mean": 1,
        "min": 1,
        "stdev": 0
    },
    "silence_rate_60dB": {
        "max": 1,
        "mean": 0.0181818176061,
        "min": 0,
        "stdev": 0.133609801531
    },
    "spectral_centroid": {
        "max": 3543.50317383,
        "mean": 1544.72680664,
        "min": 430.964508057,
        "stdev": 566.823120117
    },
    "spectral_complexity": {
        "max": 58,
        "mean": 29.4400005341,
        "min": 0,
        "stdev": 9.16669178009
    },
    "spectral_decrease": {
        "max": -1.67223870249e-14,
        "mean": -6.10352168806e-09,
        "min": -2.14595985426e-08,
        "stdev": 3.12939807401e-09
    },
    "spectral_energy": {
        "max": 0.0840454623103,
        "mean": 0.0254614129663,
        "min": 7.10935879056e-08,
        "stdev": 0.0124484403059
    },
    "spectral_energyband_high": {
        "max": 0.0124979717657,
        "mean": 0.000876715406775,
        "min": 1.89431226261e-09,
        "stdev": 0.0015075635165
    },
    "spectral_energyband_low": {
        "max": 0.0120452009141,
        "mean": 0.00123614340555,
        "min": 2.89719404023e-09,
        "stdev": 0.00196433532983
    },
    "spectral_energyband_middle_high": {
        "max": 0.0318021252751,
        "mean": 0.00982858426869,
        "min": 4.10526865835e-08,
        "stdev": 0.00583195965737
    },
    "spectral_energyband_middle_low": {
        "max": 0.0771839171648,
        "mean": 0.0143168382347,
        "min": 2.72854698835e-08,
        "stdev": 0.0115466741845
    },
    "spectral_entropy": {
        "max": 8.18938827515,
        "mean": 7.67465353012,
        "min": 6.8372387886,
        "stdev": 0.264109939337
    },
    "spectral_flux": {
        "max": 0.221085548401,
        "mean": 0.0845886617899,
        "min": 0.000266633811407,
        "stdev": 0.0262698512524
    },
    "spectral_kurtosis": {
        "max": 16.6161804199,
        "mean": 4.50670909882,
        "min": 1.13487195969,
        "stdev": 1.97265458107
    },
    "spectral_rms": {
        "max": 0.00905514042825,
        "mean": 0.004822332412,
        "min": 8.32824116515e-06,
        "stdev": 0.0012591710547
    },
    "spectral_rolloff": {
        "max": 5447.90039062,
        "mean": 1786.39624023,
        "min": 279.931640625,
        "stdev": 946.35144043
    },
    "spectral_skewness": {
        "max": 2.81212353706,
        "mean": 1.46628654003,
        "min": 0.576162755489,
        "stdev": 0.33540302515
    },
    "spectral_spread": {
        "max": 7627856.5,
        "mean": 3457802.25,
        "min": 2196316.25,
        "stdev": 777078.9375
    },
    "spectral_strongpeak": {
        "max": 9.10882091522,
        "mean": 1.51363742352,
        "min": 0.000144987818203,
        "stdev": 1.2175359726
    },
    "zerocrossingrate": {
        "max": 0.19873046875,
        "mean": 0.0671413317323,
        "min": 0.02001953125,
        "stdev": 0.027181789279
    },
    "barkbands": {
        "max": [0.000457089219708, 0.00288298912346, 0.00643678288907, 0.0136242173612, 0.0599704682827, 0.0512520112097, 0.0245668943971, 0.00780009711161, 0.0343354195356, 0.0266318358481, 0.0103109097108, 0.00342996395193, 0.00576085457578, 0.00729079404846, 0.00448483228683, 0.00354047189467, 0.00252198684029, 0.0060872300528, 0.00865733064711, 0.00721873901784, 0.00428072595969, 0.00234356708825, 0.00256888149306, 0.00112703302875, 0.00262910104357, 0.000428826519055, 6.05247760177e-06],
        "mean": [1.43340703289e-05, 0.000327359884977, 0.000594814948272, 0.000845084956381, 0.00364886154421, 0.00233076047152, 0.00182665477041, 0.000990754924715, 0.00362596707419, 0.00342619745061, 0.00134447216988, 0.000641132413875, 0.000743701879401, 0.00103024882264, 0.000862595043145, 0.000538453517947, 0.00048192680697, 0.00054132391233, 0.000534351798706, 0.000448479113402, 0.000254430400673, 0.000162011463544, 0.000113500114821, 7.14093184797e-05, 5.29397802893e-05, 9.55569794314e-06, 1.05585094445e-07],
        "min": [9.96646765117e-10, 1.39684763756e-09, 7.15532633144e-10, 5.16041431808e-10, 4.67533345372e-10, 6.30726693096e-10, 1.82786707992e-09, 4.82727546824e-09, 1.44591307816e-08, 1.34882869318e-08, 7.34895966303e-09, 3.29182126002e-09, 2.46277642724e-09, 6.30691721071e-09, 3.39346972744e-09, 5.02036745509e-10, 2.86241075287e-09, 1.40303102469e-09, 1.85182358337e-09, 6.2928368072e-10, 4.7633080813e-10, 6.48110010104e-10, 2.22294307961e-10, 2.7720273299e-10, 8.19075918201e-11, 5.73761871348e-12, 3.0223803061e-12],
        "stdev": [3.35906734108e-05, 0.000549021351617, 0.00113898154814, 0.00181292474736, 0.00695267319679, 0.00512766325846, 0.00323897670023, 0.000895702396519, 0.00419212505221, 0.00397850293666, 0.00146664131898, 0.000565255526453, 0.000724881247152, 0.00091192900436, 0.00070874748053, 0.000484723044792, 0.000356561155058, 0.000603356980719, 0.000847212562803, 0.00075828412082, 0.000485954980832, 0.000324745313264, 0.000251940771705, 0.000140145100886, 0.000206607510336, 3.38181016559e-05, 4.33515538134e-07]
    },
    "erbbands": {
        "max": [0.0841091126204, 0.729035794735, 5.54090547562, 22.4014015198, 55.8756027222, 224.069854736, 487.125335693, 206.790985107, 442.010803223, 214.605804443, 280.265777588, 752.740783691, 1051.22924805, 863.654052734, 377.226287842, 156.292297363, 299.336730957, 335.100097656, 293.719543457, 201.961273193, 228.924743652, 167.636672974, 305.077423096, 622.566589355, 325.422119141, 281.640930176, 181.767349243, 167.517929077, 89.8146438599, 119.241989136, 55.1285591125, 23.3951244354, 20.313419342, 32.6525382996, 21.0581684113, 2.74436354637, 0.751016438007, 0.0577478520572, 0.0018611777341, 0.000165277422639],
        "mean": [0.00804926361889, 0.0871000289917, 0.501713275909, 1.83373868465, 4.32458209991, 10.9505653381, 31.1123790741, 15.9216890335, 25.9890995026, 16.8537769318, 32.9883880615, 79.6024703979, 102.216163635, 100.420227051, 40.5389213562, 27.5288314819, 34.7636299133, 45.5751495361, 54.3325119019, 36.052444458, 29.8352584839, 28.3926544189, 29.609287262, 30.3809127808, 24.2889499664, 19.1057186127, 12.9422988892, 8.53748512268, 5.75301408768, 5.30665063858, 2.94143772125, 1.64647555351, 1.13120388985, 0.717649519444, 0.302576690912, 0.0607967711985, 0.0172323323786, 0.00130833173171, 5.44289105164e-05, 3.41771738022e-05],
        "min": [5.31998338715e-08, 2.72900649634e-07, 7.69380960719e-07, 1.42486146615e-06, 1.72769887286e-06, 1.42196870456e-06, 2.01182160708e-06, 6.59065790387e-06, 1.92553379748e-05, 5.13777085871e-05, 0.000145780548337, 0.000316609657602, 0.000435088179074, 0.000373247836251, 0.000266286951955, 0.000114643014967, 0.000106838371721, 0.000291445758194, 0.000258617888903, 9.22941253521e-05, 5.34910795977e-05, 0.000163654141943, 0.000103516940726, 5.44003087271e-05, 9.80134282145e-05, 2.9401609936e-05, 1.21019966173e-05, 2.49832955888e-05, 3.14832250297e-05, 8.31776742416e-06, 6.96645838616e-06, 9.29828911467e-06, 2.05191190616e-06, 1.24196424167e-06, 1.79472280593e-07, 5.66631683796e-08, 7.61808127692e-09, 2.07628336746e-09, 4.89167428785e-10, 1.33042799e-10],
        "stdev": [0.0142814172432, 0.138957887888, 0.952505707741, 3.3314268589, 8.69118785858, 24.3072242737, 65.0269012451, 26.3705692291, 52.7643814087, 24.6505413055, 29.6765537262, 96.7340316772, 123.739746094, 119.384880066, 46.4079818726, 23.7105350494, 35.2213401794, 36.8225860596, 38.8897476196, 26.7736816406, 26.7208080292, 20.6229705811, 26.0177230835, 54.7946052551, 35.5856971741, 30.8417816162, 22.4951705933, 16.1067962646, 10.623758316, 13.9061222076, 6.23446846008, 2.99920654297, 2.32746529579, 2.33868074417, 1.50904011726, 0.213185340166, 0.0714086517692, 0.00553131476045, 0.000156471491209, 1.99098740268e-05]
    },
    "gfcc": {
        "mean": [1.87205791473, 83.00806427, -178.328842163, 13.6259689331, -77.4229507446, 6.64412498474, -37.1494407654, 9.94024944305, -22.7775211334, -5.12228059769, -16.6933994293, -8.9937877655, -4.10630083084],
        "cov": [[2409.27636719, -396.556030273, 577.435791016, 286.943786621, 43.7286758423, -26.3825836182, -316.511260986, -47.8866081238, -171.857589722, 131.937133789, -20.2674064636, 111.737098694, -60.331867218], [-396.556030273, 1699.6529541, 685.988586426, 460.144348145, 401.704742432, -499.773345947, -98.2983398438, -206.873275757, -12.2040472031, -129.676055908, 290.646026611, -7.05855703354, 103.565406799], [577.435791016, 685.988586426, 993.645263672, 474.173492432, 307.461883545, -253.9634552, -348.819824219, -104.825538635, -144.148086548, 30.1569194794, 148.842712402, 74.8166732788, 22.52576828], [286.943786621, 460.144348145, 474.173492432, 471.567993164, 162.962997437, -184.630661011, -131.148101807, -91.8510131836, -46.9223480225, -5.51900577545, 116.275917053, 25.9641094208, -11.9539299011], [43.7286758423, 401.704742432, 307.461883545, 162.962997437, 176.184234619, -119.560493469, -90.7660980225, -44.1946754456, -37.1572265625, -13.6624403, 76.892616272, 24.0410766602, 27.7781333923], [-26.3825836182, -499.773345947, -253.9634552, -184.630661011, -119.560493469, 250.352767944, 86.6510314941, 94.3707122803, 30.8775653839, 31.9999008179, -99.749382019, -10.6122627258, -24.7631969452], [-316.511260986, -98.2983398438, -348.819824219, -131.148101807, -90.7660980225, 86.6510314941, 221.964706421, 45.9670753479, 81.1525497437, -26.2710571289, -36.8190345764, -41.375541687, -2.36251688004], [-47.8866081238, -206.873275757, -104.825538635, -91.8510131836, -44.1946754456, 94.3707122803, 45.9670753479, 80.2115097046, 25.6370010376, 18.3753757477, -34.9662857056, -1.30253446102, -1.57558178902], [-171.857589722, -12.2040472031, -144.148086548, -46.9223480225, -37.1572265625, 30.8775653839, 81.1525497437, 25.6370010376, 75.186126709, 4.68939447403, 4.73874425888, -8.56316757202, 5.48260402679], [131.937133789, -129.676055908, 30.1569194794, -5.51900577545, -13.6624403, 31.9999008179, -26.2710571289, 18.3753757477, 4.68939447403, 65.7840652466, -1.20073592663, 15.374461174, -4.89961051941], [-20.2674064636, 290.646026611, 148.842712402, 116.275917053, 76.892616272, -99.749382019, -36.8190345764, -34.9662857056, 4.73874425888, -1.20073592663, 99.6227111816, 26.5975379944, 23.7929840088], [111.737098694, -7.05855703354, 74.8166732788, 25.9641094208, 24.0410766602, -10.6122627258, -41.375541687, -1.30253446102, -8.56316757202, 15.374461174, 26.5975379944, 59.6729049683, 16.0524368286], [-60.331867218, 103.565406799, 22.52576828, -11.9539299011, 27.7781333923, -24.7631969452, -2.36251688004, -1.57558178902, 5.48260402679, -4.89961051941, 23.7929840088, 16.0524368286, 53.8306503296]],
        "icov": [[0.000731400272343, 0.000461023300886, -0.000500192283653, -0.000237816202571, 0.000126500599436, 0.000365489337128, -0.000223490758799, 0.000573341269046, 0.000529589189682, -0.000616299221292, 0.000325589586282, -0.000661459809635, 0.000142396107549], [0.000461023300886, 0.00745915900916, -0.00455643981695, 0.00184023543261, -0.006485236343, 0.00457978667691, -0.00467276992276, 0.00667690299451, -0.00661774165928, 0.00723831634969, -0.00734518282115, 0.00666009215638, -0.00348169985227], [-0.000500192283653, -0.00455643981695, 0.00877944752574, -0.00394146237522, -0.00100116292015, -0.00237253680825, 0.00726874778047, -0.00614552386105, 0.00688457116485, -0.00628844788298, 0.0038095258642, -0.0034447433427, 0.001290733926], [-0.000237816202571, 0.00184023543261, -0.00394146237522, 0.00655055930838, -0.00184011389501, 0.00148725591134, -0.00284112151712, 0.00420091440901, -0.00348200555891, 0.00298221618868, -0.00491177756339, 0.00195810152218, 0.00314213731326], [0.000126500599436, -0.006485236343, -0.00100116292015, -0.00184011389501, 0.0231598000973, -0.00284043024294, 0.00271692173555, -0.00653682975098, 0.00751976389438, -0.00281703169458, 0.00195891200565, -0.005886787083, -0.00083340035053], [0.000365489337128, 0.00457978667691, -0.00237253680825, 0.00148725591134, -0.00284043024294, 0.0148381832987, -0.00444519380108, -0.00383727625012, -0.00355784757994, 0.00108721107244, 0.00253069377504, 0.000887825677637, -1.61890748132e-05], [-0.000223490758799, -0.00467276992276, 0.00726874778047, -0.00284112151712, 0.00271692173555, -0.00444519380108, 0.017885049805, -0.00678064534441, -0.00319743365981, -0.000234733874095, 0.00363948545419, 0.000101271514723, 0.000871981494129], [0.000573341269046, 0.00667690299451, -0.00614552386105, 0.00420091440901, -0.00653682975098, -0.00383727625012, -0.00678064534441, 0.032468162477, -0.0113040758297, 0.00333144306205, -0.00452981051058, 0.00423185294494, -0.00424323463812], [0.000529589189682, -0.00661774165928, 0.00688457116485, -0.00348200555891, 0.00751976389438, -0.00355784757994, -0.00319743365981, -0.0113040758297, 0.0372071452439, -0.013682005927, -0.00206407555379, -0.00556064676493, 0.0012187671382], [-0.000616299221292, 0.00723831634969, -0.00628844788298, 0.00298221618868, -0.00281703169458, 0.00108721107244, -0.000234733874095, 0.00333144306205, -0.013682005927, 0.0311294514686, -0.0109196668491, 0.00519696436822, -0.00177832716145], [0.000325589586282, -0.00734518282115, 0.0038095258642, -0.00491177756339, 0.00195891200565, 0.00253069377504, 0.00363948545419, -0.00452981051058, -0.00206407555379, -0.0109196668491, 0.0365871340036, -0.0157510899007, -0.000266059360001], [-0.000661459809635, 0.00666009215638, -0.0034447433427, 0.00195810152218, -0.005886787083, 0.000887825677637, 0.000101271514723, 0.00423185294494, -0.00556064676493, 0.00519696436822, -0.0157510899007, 0.032458614558, -0.00978193711489], [0.000142396107549, -0.00348169985227, 0.001290733926, 0.00314213731326, -0.00083340035053, -1.61890748132e-05, 0.000871981494129, -0.00424323463812, 0.0012187671382, -0.00177832716145, -0.000266059360001, -0.00978193711489, 0.0286777857691]]
    },
    "melbands": {
        "max": [0.000727229751647, 0.00195850175805, 0.0051740272902, 0.00903575029224, 0.0136161679402, 0.00585636310279, 0.00566723058, 0.00221388530917, 0.0027866163291, 0.00479022366926, 0.0053273322992, 0.00370384287089, 0.00145021325443, 0.000455424917163, 0.000463422969915, 0.000623662548605, 0.000692450383212, 0.000657126598526, 0.000354805146344, 0.00029664565227, 0.000309376133373, 0.000121432611195, 0.000477647263324, 0.000210497557418, 0.000652900023852, 0.000178435060661, 0.000360789737897, 0.000157445523655, 0.000110824956209, 0.00013305353059, 8.7278742285e-05, 5.95152014284e-05, 4.66924684588e-05, 7.47716621845e-05, 4.19699936174e-05, 2.239719106e-05, 1.42154094647e-05, 2.12795603147e-05, 2.15967102122e-05, 2.65037069767e-05],
        "mean": [8.57373233885e-05, 0.000221359965508, 0.000404884805903, 0.000486260716571, 0.00103332370054, 0.00038855621824, 0.00037351163337, 0.00017285431386, 0.000308109389152, 0.000532089790795, 0.000506344193127, 0.000418262614403, 0.000160912779393, 7.48035963625e-05, 6.95512062521e-05, 7.67473320593e-05, 8.82389213075e-05, 9.20357488212e-05, 6.13836527918e-05, 3.88227781514e-05, 3.38445970556e-05, 2.98302220472e-05, 2.71229546343e-05, 2.44719340117e-05, 2.48827909672e-05, 1.93526739167e-05, 1.67990947375e-05, 1.17676863738e-05, 8.61510943651e-06, 6.39183099338e-06, 4.43704539066e-06, 3.4421213968e-06, 2.65385051534e-06, 2.83856365968e-06, 1.778689807e-06, 1.19046626423e-06, 9.41686494116e-07, 8.80954473814e-07, 6.81642916334e-07, 5.30750639882e-07],
        "min": [4.79349393512e-10, 3.89277221569e-10, 2.55405113725e-10, 1.11839780492e-10, 6.65027061197e-11, 1.48851167503e-10, 3.14549636338e-10, 6.41218800279e-10, 1.335196953e-09, 2.10127404365e-09, 2.18192819368e-09, 1.54114832007e-09, 9.66764557297e-10, 4.69499328304e-10, 1.52650073137e-10, 3.17733339639e-10, 5.75522407509e-10, 4.54764226276e-10, 2.19556900438e-10, 3.8968297339e-11, 6.97745264344e-11, 1.76529860174e-10, 1.40289946327e-10, 5.04300004533e-11, 3.86521023521e-11, 8.61927335061e-11, 4.49283006632e-11, 1.37372162257e-11, 5.17085159413e-12, 1.29975509522e-11, 1.29596021414e-11, 1.96397394875e-11, 9.33338129006e-12, 3.15290024991e-12, 3.39880987937e-12, 6.82696217266e-12, 4.40724236619e-12, 1.09045726008e-12, 1.80811192841e-12, 6.79170099067e-13],
        "stdev": [0.00014717321028, 0.00037436405546, 0.000758494017646, 0.000974621623755, 0.00205376371741, 0.000676313997246, 0.000701488053892, 0.000249071599683, 0.00029680877924, 0.000658115313854, 0.000619740749244, 0.000504061521497, 0.000192493462237, 7.65235308791e-05, 5.71064265387e-05, 7.61315241107e-05, 7.84454678069e-05, 7.05359198037e-05, 5.26164549228e-05, 3.27646994265e-05, 3.41483973898e-05, 2.21998561756e-05, 3.19578539347e-05, 2.34992676269e-05, 5.24824172317e-05, 2.6953905035e-05, 3.27737689076e-05, 1.85160733963e-05, 1.35039663292e-05, 1.40772763189e-05, 7.98526343715e-06, 6.6572661126e-06, 5.45524471818e-06, 7.8116727309e-06, 4.02964133173e-06, 2.20246511162e-06, 1.83632278095e-06, 2.12219333662e-06, 1.6806009171e-06, 1.89744207546e-06]
    },
    "melbands128": {
        "max": [0.000205645352253, 0.000670001958497, 0.00128715112805, 0.00116844580043, 0.00272909388877, 0.00411607138813, 0.00448089465499, 0.00862663239241, 0.00674986746162, 0.0159205645323, 0.0142955891788, 0.0239306278527, 0.0235918331891, 0.0186122879386, 0.00527989026159, 0.00178954086732, 0.0115359909832, 0.00573652610183, 0.00594652909786, 0.00148671888746, 0.00184750463814, 0.00277126696892, 0.0038762469776, 0.00396385323256, 0.00701444642618, 0.00816024746746, 0.00695283757523, 0.00877603702247, 0.0034289851319, 0.00611165119335, 0.00431462889537, 0.00200769887306, 0.00266225449741, 0.000977520714514, 0.000756210589316, 0.000913616560865, 0.000542960304301, 0.000641145044938, 0.00076176750008, 0.00146572524682, 0.000503716233652, 0.000379330449505, 0.00138579308987, 0.00128437450621, 0.00194519676734, 0.00047636864474, 0.000825139635708, 0.000571247190237, 0.000373468152247, 0.000435289577581, 0.000575379934162, 0.000386819330743, 0.000652841350529, 0.000275948754279, 0.00031929652323, 0.000222203278099, 0.000160830080858, 0.000419296819018, 0.000838672043756, 0.000248121301411, 0.000235860861721, 0.00043152080616, 0.000807293108664, 0.00115101702977, 0.000582306820434, 0.00030583087937, 0.000174920030986, 0.000307502486976, 0.000531457655597, 0.000241583999014, 0.000268902484095, 0.000165749501321, 0.000145209400216, 9.18838268262e-05, 0.000179336871952, 0.000149810133735, 0.00016533213784, 9.11140887183e-05, 8.44557434903e-05, 5.521003186e-05, 8.57315972098e-05, 6.31330258329e-05, 6.06915491517e-05, 4.38380484411e-05, 7.81228736741e-05, 0.000124470388982, 9.59321550908e-05, 2.9641774745e-05, 7.33627894078e-05, 4.11951186834e-05, 2.02863702725e-05, 4.45443256467e-05, 1.73835542228e-05, 1.38679379234e-05, 1.46211086758e-05, 5.03034898429e-05, 1.46952397699e-05, 7.14327234164e-06, 1.61059633683e-05, 4.15549184254e-05, 4.57352434751e-05, 1.34587889988e-05, 1.50323230628e-05, 3.97854528273e-05, 3.57525022991e-05, 3.29037902702e-05, 1.43792585732e-05, 4.67712879981e-06, 2.63111883214e-06, 3.87269165003e-06, 3.47409672941e-06, 3.33492971549e-06, 2.91965125143e-06, 2.62656317318e-06, 2.09503400583e-06, 1.96654866613e-07, 1.27275015416e-07, 2.12846220649e-08, 1.57326134342e-08, 9.21364389228e-08, 3.99359372238e-08, 1.41101441642e-08, 6.59811618675e-08, 6.36171959556e-09, 5.4252708992e-09, 1.44836187488e-09, 8.29466384467e-10, 8.2394113754e-10],
        "mean": [7.38392691346e-06, 4.53646134702e-05, 0.000139290423249, 0.000126157843624, 0.000182984324056, 0.00033180572791, 0.000326171342749, 0.000489575148094, 0.000441084383056, 0.000309217022732, 0.000512690166943, 0.00126203685068, 0.00129912933335, 0.000606800487731, 0.000338815734722, 0.000176497400389, 0.000520025321748, 0.000372695096303, 0.000296098965919, 0.000130391068524, 0.000144555495353, 0.000192546387552, 0.000333317177137, 0.000404204038205, 0.000515125226229, 0.000582186097745, 0.000575600832235, 0.00051126856124, 0.000428705738159, 0.000483778945636, 0.000436499569332, 0.000235034502111, 0.000168636950548, 7.92203791207e-05, 7.0550799137e-05, 8.38957639644e-05, 6.0628150095e-05, 7.30464889784e-05, 6.31049115327e-05, 8.88958093128e-05, 7.64247379266e-05, 6.72309324727e-05, 7.74734580773e-05, 0.000100083838333, 0.000122814904898, 7.49520040699e-05, 8.63380628289e-05, 6.41220394755e-05, 5.20432258782e-05, 4.04097518185e-05, 3.97827971028e-05, 3.24561733578e-05, 3.74307892343e-05, 3.20064536936e-05, 3.06833608192e-05, 3.42653474945e-05, 2.35305524257e-05, 2.45874362008e-05, 2.98730174109e-05, 2.91785127047e-05, 2.41091074713e-05, 2.01085404115e-05, 2.43005961238e-05, 2.661608778e-05, 2.65666676569e-05, 2.01643651963e-05, 1.36904600367e-05, 1.60716372193e-05, 2.12057930185e-05, 1.06828483695e-05, 1.14669010145e-05, 1.31913448058e-05, 1.02457925095e-05, 7.03231717125e-06, 7.79215133662e-06, 6.13717384113e-06, 6.83588132233e-06, 4.2741935431e-06, 4.6333498176e-06, 3.45935995938e-06, 4.11158453062e-06, 3.11294866151e-06, 2.62296794062e-06, 1.95581901608e-06, 2.9521183933e-06, 4.66543087896e-06, 1.77600338702e-06, 1.70715645709e-06, 2.16355078919e-06, 1.50376820329e-06, 1.21446373669e-06, 1.1745609072e-06, 9.85496399153e-07, 8.17541149445e-07, 8.28905569961e-07, 1.45682929542e-06, 6.86610746925e-07, 5.02438979311e-07, 6.27176461876e-07, 8.06565537914e-07, 8.28447014101e-07, 4.00252417876e-07, 2.84713735255e-07, 5.07834215568e-07, 4.12079941725e-07, 2.5712094498e-07, 1.46540244828e-07, 9.02619987642e-08, 7.57596083645e-08, 9.23277667653e-08, 8.14195360022e-08, 6.02579959263e-08, 4.98610148725e-08, 5.02539307945e-08, 2.70505253752e-08, 5.05582420374e-09, 2.13317230546e-09, 4.24551643841e-10, 2.6815322185e-10, 4.4965609014e-10, 3.45627276799e-10, 2.36221403549e-10, 2.77435657781e-10, 1.23184060175e-10, 8.89337284371e-11, 3.45529924117e-11, 8.60406450948e-12, 4.73949308619e-12],
        "min": [2.53816043704e-12, 4.93346530295e-10, 4.76772898939e-10, 4.43275444129e-10, 3.96716104412e-10, 3.4798885995e-10, 2.99117869362e-10, 2.41475284213e-10, 1.72494310502e-10, 1.09777853474e-10, 7.04110242333e-11, 5.54380430451e-11, 5.98268934393e-11, 8.39001923492e-11, 1.26997204419e-10, 1.85755577586e-10, 2.5616817001e-10, 3.19136134186e-10, 4.03501926316e-10, 5.3366505659e-10, 7.48896444858e-10, 1.00577446371e-09, 1.34884414749e-09, 1.71761771472e-09, 2.0140791257e-09, 2.26053642471e-09, 2.35605024379e-09, 2.24752483291e-09, 2.00173633225e-09, 1.69940272965e-09, 1.39787392772e-09, 1.15957932145e-09, 9.86620229959e-10, 8.18853929108e-10, 6.08322947571e-10, 3.81176645803e-10, 2.10573294912e-10, 1.16537834938e-10, 1.20627730027e-10, 2.08350656172e-10, 3.48094608693e-10, 4.92550777942e-10, 5.98511018524e-10, 6.2200117279e-10, 5.47852263555e-10, 4.33217267615e-10, 3.39606176514e-10, 2.56275306532e-10, 1.65773700322e-10, 6.76917064069e-11, 1.37995630548e-11, 1.38164289037e-11, 4.04340554094e-11, 8.91112322821e-11, 1.5158817257e-10, 2.00213290391e-10, 1.8931842205e-10, 1.47816675566e-10, 1.3175620317e-10, 1.06426166491e-10, 4.26938553955e-11, 1.02903302199e-11, 2.30034845339e-11, 4.04182000369e-11, 7.49872802741e-11, 1.00413469206e-10, 8.8713196511e-11, 6.01634783659e-11, 3.6050187141e-11, 2.0398826725e-11, 1.45238352595e-11, 1.03175549701e-11, 5.23272397634e-12, 3.25440238994e-12, 5.91773938879e-12, 9.58731878609e-12, 1.74388160162e-11, 2.17175236128e-11, 9.50434609487e-12, 6.58568035175e-12, 1.88066246604e-11, 2.71702816496e-11, 1.89490732133e-11, 6.02137567238e-12, 2.32147330873e-12, 4.06436082706e-12, 2.94214630957e-12, 2.40164030156e-12, 4.6728571533e-12, 3.06221280971e-12, 2.31930577174e-12, 9.94365961099e-12, 1.11994484867e-11, 3.27888259079e-12, 1.2966194958e-12, 1.08713222886e-12, 1.24280804831e-12, 7.74525680137e-13, 1.54885945649e-12, 3.07733938158e-12, 9.17831023857e-13, 3.11015265191e-13, 1.23939907274e-13, 9.38274048842e-14, 1.55278757517e-13, 1.9163940183e-13, 3.4821955432e-13, 6.84238432515e-14, 6.0639346192e-14, 8.09251076523e-14, 2.71510668359e-14, 2.35731742557e-14, 1.35995603545e-14, 1.66455357256e-14, 1.5381909952e-14, 1.71289848624e-14, 1.52687836197e-14, 1.48293090454e-14, 1.45184953876e-14, 1.34171416449e-14, 1.32132675908e-14, 1.28992792535e-14, 1.23394802609e-14, 1.21834364632e-14, 1.16048723026e-14, 5.46145753269e-15, 8.07818921686e-16, 3.54564087428e-17],
        "stdev": [1.61770203704e-05, 8.96505443961e-05, 0.000258026673691, 0.000209374120459, 0.000385059480323, 0.000634062744211, 0.000618503603619, 0.00119705381803, 0.000957651354838, 0.00100521964487, 0.00141881848685, 0.00279530975968, 0.00293524307199, 0.00167400855571, 0.000669761386234, 0.000307762995362, 0.00137913122308, 0.000696640112437, 0.000743539188989, 0.000196068518562, 0.000181902316399, 0.00022827401699, 0.000438398274127, 0.000484960066387, 0.000779419380706, 0.000908340036403, 0.000872745644301, 0.000830828037579, 0.000522049434949, 0.000793247658294, 0.000623639381956, 0.000276269507594, 0.000309377122903, 0.000108666899905, 7.85265074228e-05, 0.000130101587274, 6.07209294685e-05, 7.37175578251e-05, 7.62633280829e-05, 0.000153876826516, 8.33576341392e-05, 6.78789874655e-05, 0.000105975377664, 0.000125351827592, 0.000163794495165, 7.08557636244e-05, 0.000102036618046, 7.84918884165e-05, 5.22258415003e-05, 4.74737862532e-05, 4.71462117275e-05, 3.45321277564e-05, 5.62800087209e-05, 3.5827026295e-05, 3.49742913386e-05, 3.3310487197e-05, 2.05574742722e-05, 3.60179910786e-05, 5.30344768777e-05, 2.86757149297e-05, 2.97006299661e-05, 3.50023838109e-05, 6.71967791277e-05, 8.71048760018e-05, 4.7442754294e-05, 3.48739195033e-05, 1.9625573259e-05, 2.85619898932e-05, 5.1065475418e-05, 1.82589064934e-05, 2.42475780396e-05, 2.24312025239e-05, 1.64754219441e-05, 1.103087925e-05, 1.88235881069e-05, 1.42683547892e-05, 1.7307300368e-05, 7.06499486114e-06, 9.06483728613e-06, 6.0082447817e-06, 9.98803625407e-06, 5.95352457822e-06, 5.08019093104e-06, 3.73767034034e-06, 8.04637875262e-06, 1.55269990501e-05, 5.06515516463e-06, 3.56896703124e-06, 5.79608513362e-06, 3.61115098713e-06, 2.33392484006e-06, 2.66620804723e-06, 1.7797486862e-06, 1.52350537519e-06, 1.73896808064e-06, 4.82084624309e-06, 1.40817587635e-06, 8.72332293511e-07, 1.33213904974e-06, 2.64841105491e-06, 3.36339530804e-06, 1.28672706978e-06, 1.00280396964e-06, 2.72402962764e-06, 2.3550323931e-06, 1.76758885573e-06, 8.91360002697e-07, 2.92835039772e-07, 1.89744852719e-07, 3.30328532527e-07, 2.84443615328e-07, 2.77565305851e-07, 2.19581110628e-07, 2.71056677548e-07, 1.48885320073e-07, 1.72162408774e-08, 8.6074116723e-09, 1.58099544567e-09, 1.19743215343e-09, 4.37118385932e-09, 2.24144347527e-09, 1.11239428779e-09, 2.87487011974e-09, 4.57531845743e-10, 3.50035195273e-10, 1.26095328623e-10, 3.89791358912e-11, 3.52976016471e-11]
    },
    "mfcc": {
        "mean": [-617.442932129, 108.680831909, -45.1126289368, 0.643888711929, -19.748090744, -9.43571472168, -6.85566425323, 1.0872014761, -0.797479331493, 4.36833190918, -4.52146911621, -7.60242033005, -9.7186384201],
        "cov": [[2020.91577148, -498.399017334, 212.876113892, 85.6666870117, 114.021202087, 45.2685203552, -36.3152542114, -111.333183289, -67.8209915161, -19.0276603699, -92.9123077393, 2.0961971283, 107.436180115], [-498.399017334, 1344.80187988, 341.087463379, 655.027160645, 349.080963135, -83.873085022, 30.0172405243, -98.1060180664, -219.626907349, -137.642105103, -42.4419136047, -23.7397594452, -4.09057474136], [212.876113892, 341.087463379, 577.649108887, 453.47756958, 393.868652344, -23.2080345154, 14.8329429626, -135.636505127, -161.154067993, -89.0090866089, -69.0251693726, 7.17729520798, 61.7850837708], [85.6666870117, 655.027160645, 453.47756958, 748.009094238, 350.227050781, -24.9063606262, 5.18824863434, -121.452186584, -225.560058594, -119.642959595, -61.7589225769, 4.16936206818, 66.0971755981], [114.021202087, 349.080963135, 393.868652344, 350.227050781, 375.814300537, -36.636920929, 12.9563760757, -111.493400574, -137.670394897, -86.724395752, -63.6899833679, -3.36259770393, 45.64453125], [45.2685203552, -83.873085022, -23.2080345154, -24.9063606262, -36.636920929, 61.1709289551, 7.40756082535, 21.2152194977, 20.5113697052, 13.6574983597, 11.3486824036, 8.26975727081, 1.42350149155], [-36.3152542114, 30.0172405243, 14.8329429626, 5.18824863434, 12.9563760757, 7.40756082535, 49.6703453064, 12.496509552, 10.0343847275, 4.81398391724, 5.32217884064, -0.632719874382, -8.37348651886], [-111.333183289, -98.1060180664, -135.636505127, -121.452186584, -111.493400574, 21.2152194977, 12.496509552, 100.723709106, 61.801776886, 26.0804767609, 32.5831222534, 1.45682954788, -17.4620132446], [-67.8209915161, -219.626907349, -161.154067993, -225.560058594, -137.670394897, 20.5113697052, 10.0343847275, 61.801776886, 123.9845047, 55.8997612, 29.2583007812, 5.37372112274, -25.1824836731], [-19.0276603699, -137.642105103, -89.0090866089, -119.642959595, -86.724395752, 13.6574983597, 4.81398391724, 26.0804767609, 55.8997612, 68.9958267212, 30.2928733826, 4.11175441742, -13.7468500137], [-92.9123077393, -42.4419136047, -69.0251693726, -61.7589225769, -63.6899833679, 11.3486824036, 5.32217884064, 32.5831222534, 29.2583007812, 30.2928733826, 57.1183013916, 10.1358537674, -9.83616352081], [2.0961971283, -23.7397594452, 7.17729520798, 4.16936206818, -3.36259770393, 8.26975727081, -0.632719874382, 1.45682954788, 5.37372112274, 4.11175441742, 10.1358537674, 36.6257209778, 12.8611764908], [107.436180115, -4.09057474136, 61.7850837708, 66.0971755981, 45.64453125, 1.42350149155, -8.37348651886, -17.4620132446, -25.1824836731, -13.7468500137, -9.83616352081, 12.8611764908, 55.6373023987]],
        "icov": [[0.000747508136556, 0.000445757526904, -8.14481682028e-05, -0.000147716214997, 2.89569416054e-05, -0.000460953189759, -2.97198494081e-05, 0.00049979169853, 0.000395587616367, -0.000191474638996, 0.000819652574137, 0.000388984393794, -0.000817581138108], [0.000445757526904, 0.00204239250161, 0.000714155321475, -0.00161283835769, -0.000897907069884, 0.00119317427743, -0.000857416773215, 0.000138185350806, 0.00061850133352, 0.000941970734857, -0.000539823900908, 0.000450039369753, 0.00134604249615], [-8.14481682028e-05, 0.000714155321475, 0.00773145910352, -0.00213789823465, -0.0064388141036, -0.000916269840673, -0.00117627135478, 0.0018725808477, -8.82734966581e-05, -0.000800923153292, 0.000147718339576, -0.00120247062296, -5.34260980203e-05], [-0.000147716214997, -0.00161283835769, -0.00213789823465, 0.00524884788319, 0.000532173900865, -0.00169914180879, -8.61035296111e-05, -0.000541622808669, 0.00444685900584, 0.000219399400521, 0.000320149760228, -0.000842985988129, -0.00195250706747], [2.89569416054e-05, -0.000897907069884, -0.0064388141036, 0.000532173900865, 0.0124937426299, 0.00199949019589, -0.00281489966437, 0.00228270376101, 0.00136477325577, 0.00310453702696, 0.00180617137812, 0.000865289126523, -0.00210794922896], [-0.000460953189759, 0.00119317427743, -0.000916269840673, -0.00169914180879, 0.00199949019589, 0.021052563563, -0.00306456186809, -0.00309770647436, -0.00127610086929, -0.000314636534313, -0.00137008959427, -0.00277634104714, 0.000145704805618], [-2.97198494081e-05, -0.000857416773215, -0.00117627135478, -8.61035296111e-05, -0.00281489966437, -0.00306456186809, 0.0249645523727, -0.00431072665378, -0.0037355683744, -0.00229858886451, -0.000923302199226, 0.000499857473187, 0.00365737895481], [0.00049979169853, 0.000138185350806, 0.0018725808477, -0.000541622808669, 0.00228270376101, -0.00309770647436, -0.00431072665378, 0.020060705021, -0.00594160985202, 0.00488235987723, -0.005471451208, 0.0021514215041, -0.00148466019891], [0.000395587616367, 0.00061850133352, -8.82734966581e-05, 0.00444685900584, 0.00136477325577, -0.00127610086929, -0.0037355683744, -0.00594160985202, 0.0258698891848, -0.00854294002056, 0.00359918456525, -0.00396710261703, 0.00173448375426], [-0.000191474638996, 0.000941970734857, -0.000800923153292, 0.000219399400521, 0.00310453702696, -0.000314636534313, -0.00229858886451, 0.00488235987723, -0.00854294002056, 0.0297474171966, -0.0108909988776, 0.00147625803947, 0.000931893766392], [0.000819652574137, -0.000539823900908, 0.000147718339576, 0.000320149760228, 0.00180617137812, -0.00137008959427, -0.000923302199226, -0.005471451208, 0.00359918456525, -0.0108909988776, 0.029803160578, -0.00750425225124, 0.000471987266792], [0.000388984393794, 0.000450039369753, -0.00120247062296, -0.000842985988129, 0.000865289126523, -0.00277634104714, 0.000499857473187, 0.0021514215041, -0.00396710261703, 0.00147625803947, -0.00750425225124, 0.0341602489352, -0.00892365071923], [-0.000817581138108, 0.00134604249615, -5.34260980203e-05, -0.00195250706747, -0.00210794922896, 0.000145704805618, 0.00365737895481, -0.00148466019891, 0.00173448375426, 0.000931893766392, 0.000471987266792, -0.00892365071923, 0.0270018335432]]
    },
    "spectral_contrast_coeffs": {
        "max": [-0.4529517591, -0.553476691246, -0.575980067253, -0.686728537083, -0.674054741859, -0.644646167755],
        "mean": [-0.697507083416, -0.754023790359, -0.749168336391, -0.80809289217, -0.79102563858, -0.745690762997],
        "min": [-0.950688958168, -0.934346318245, -0.933919847012, -0.910675048828, -0.899255394936, -0.856220602989],
        "stdev": [0.0821142941713, 0.0618605092168, 0.0544567219913, 0.0314880460501, 0.0304130334407, 0.0348381511867]
    },
    "spectral_contrast_valleys": {
        "max": [-5.66143321991, -5.35751867294, -5.2908911705, -5.95305681229, -5.54705619812, -8.35379886627],
        "mean": [-7.5728096962, -6.27694702148, -6.51184892654, -6.7416934967, -6.94537687302, -10.1884355545],
        "min": [-13.1892766953, -11.9284849167, -11.7484579086, -12.6722831726, -13.0224552155, -15.7790164948],
        "stdev": [1.02883183956, 0.445238143206, 0.503815054893, 0.511080086231, 0.526257693768, 0.771867275238]
    }
},
"rhythm": {
    "beats_count": 28,
    "beats_loudness": {
        "max": 0.0563510432839,
        "mean": 0.0269481968135,
        "min": 0.00564303947613,
        "stdev": 0.0128920329735
    },
    "bpm": 146.412811279,
    "bpm_histogram_first_peak_bpm": 148,
    "bpm_histogram_first_peak_weight": 0.461538434029,
    "bpm_histogram_second_peak_bpm": 126,
    "bpm_histogram_second_peak_spread": 0.571428537369,
    "bpm_histogram_second_peak_weight": 0.222222223878,
    "danceability": 1.02712678909,
    "onset_rate": 1.09723329544,
    "beats_loudness_band_ratio": {
        "max": [0.43278580904, 0.646445572376, 0.65149474144, 0.706699252129, 0.52108579874, 0.354314059019],
        "mean": [0.102066449821, 0.171913728118, 0.316643625498, 0.242582827806, 0.147413820028, 0.0696228519082],
        "min": [0.000465255259769, 0.00413554441184, 0.0610788948834, 0.0304589271545, 0.0412288345397, 0.0112959314138],
        "stdev": [0.136264324188, 0.200828969479, 0.163799360394, 0.184949323535, 0.100694127381, 0.0708141699433]
    },
    "beats_position": [0.46439909935, 0.940408170223, 1.4164172411, 1.88081634045, 2.34521532059, 2.80961441994, 3.28562355042, 3.76163268089, 4.23764181137, 4.71365070343, 5.20126962662, 5.6888885498, 6.15328788757, 6.6176867485, 7.08208608627, 7.4884352684, 7.89478445053, 8.3011341095, 8.71909236908, 9.13705158234, 9.55501079559, 9.96135997772, 10.3677091599, 10.7856683731, 11.1920175552, 11.6099767685, 12.0163259506, 12.4110651016],
