{
"metadata": {
    "version": {
        "essentia": "2.1-beta5",
        "essentia_git_sha": "Undefined",
        "extractor": "music 2.0"
    },
    "audio_properties": {
        "analysis": {
            "equal_loudness": 0,
            "length": 32.4963264465,
            "sample_rate": 44100,
            "start_time": 12.7477550507,
            "downmix": "mix"
        },
        "bit_rate": 192000,
        "length": 191.750396729,
        "lossless": 0,
        "number_channels": 2,
        "replay_gain": -16.8278579712,
        "sample_rate": 48000,
        "codec": "mp3",
        "md5_encoded": "c90bc5f890417697d31bc76f8531dd96"
    },
    "tags": {
        "file_name": "Netherlands_One More Night_Esther Hart.mp3",
        "encoding": ["Lavf58.29.100"]
    }
},
"lowlevel": {
    "average_loudness": 0.971398293972,
    "barkbands_crest": {
        "max": 23.5235328674,
        "mean": 9.07695007324,
        "min": 2.51874446869,
        "stdev": 3.70796346664
    },
    "barkbands_flatness_db": {
        "max": 0.242845565081,
        "mean": 0.114190049469,
        "min": 0.0258651282638,
        "stdev": 0.0331804528832
    },
    "barkbands_kurtosis": {
        "max": 47.6614227295,
        "mean": 1.46023857594,
        "min": -1.91046512127,
        "stdev": 4.48091936111
    },
    "barkbands_skewness": {
        "max": 6.48016023636,
        "mean": 1.18699586391,
        "min": -1.18597853184,
        "stdev": 1.00532698631
    },
    "barkbands_spread": {
        "max": 107.146133423,
        "mean": 33.6569137573,
        "min": 4.36734390259,
        "stdev": 14.1980772018
    },
    "dissonance": {
        "max": 0.499899983406,
        "mean": 0.479312688112,
        "min": 0.305376172066,
        "stdev": 0.0159339271486
    },
    "dynamic_complexity": 1.54909229279,
    "erbbands_crest": {
        "max": 22.2418079376,
        "mean": 7.37898635864,
        "min": 2.34358072281,
        "stdev": 3.07386350632
    },
    "erbbands_flatness_db": {
        "max": 0.238849341869,
        "mean": 0.140693262219,
        "min": 0.0585267320275,
        "stdev": 0.0376047901809
    },
    "erbbands_kurtosis": {
        "max": 10.6458568573,
        "mean": 0.0992482751608,
        "min": -1.64559555054,
        "stdev": 1.57336103916
    },
    "erbbands_skewness": {
        "max": 1.62243843079,
        "mean": -0.407847195864,
        "min": -3.17355132103,
        "stdev": 0.631242096424
    },
    "erbbands_spread": {
        "max": 121.463912964,
        "mean": 43.3846588135,
        "min": 9.69973278046,
        "stdev": 18.0228042603
    },
    "hfc": {
        "max": 246.75932312,
        "mean": 27.8141231537,
        "min": 1.08669126034,
        "stdev": 20.6389312744
    },
    "loudness_ebu128": {
        "integrated": -6.18926525116,
        "loudness_range": 2.23399734497,
        "momentary": {
            "max": -3.55888843536,
            "mean": -6.3297085762,
            "min": -10.4571247101,
            "stdev": 1.11535966396
        },
        "short_term": {
            "max": -4.39711904526,
            "mean": -6.24728488922,
            "min": -7.11568975449,
            "stdev": 0.649777650833
        }
    },
    "melbands_crest": {
        "max": 31.6779212952,
        "mean": 13.8654947281,
        "min": 4.65744447708,
        "stdev": 4.54011583328
    },
    "melbands_flatness_db": {
        "max": 0.332692503929,
        "mean": 0.169071897864,
        "min": 0.0290494579822,
        "stdev": 0.0452980436385
    },
    "melbands_kurtosis": {
        "max": 135.134429932,
        "mean": 11.0201644897,
        "min": -1.66240787506,
        "stdev": 15.3772983551
    },
    "melbands_skewness": {
        "max": 9.76532745361,
        "mean": 2.70170068741,
        "min": -0.780517399311,
        "stdev": 1.50220859051
    },
    "melbands_spread": {
        "max": 207.009902954,
        "mean": 33.784526825,
        "min": 2.43638253212,
        "stdev": 20.740228653
    },
    "pitch_salience": {
        "max": 0.820719063282,
        "mean": 0.549492359161,
        "min": 0.13006426394,
        "stdev": 0.101665131748
    },
    "silence_rate_20dB": {
        "max": 1,
        "mean": 1,
        "min": 1,
        "stdev": 0
    },
    "silence_rate_30dB": {
        "max": 1,
        "mean": 1,
        "min": 1,
        "stdev": 0
    },
    "silence_rate_60dB": {
        "max": 1,
        "mean": 0.00142755173147,
        "min": 0,
        "stdev": 0.0377558805048
    },
    "spectral_centroid": {
        "max": 4809.54833984,
        "mean": 1862.88806152,
        "min": 462.218139648,
        "stdev": 613.852661133
    },
    "spectral_complexity": {
        "max": 54,
        "mean": 24.3818702698,
        "min": 1,
        "stdev": 9.39879322052
    },
    "spectral_decrease": {
        "max": -1.90186477678e-10,
        "mean": -6.79265044212e-09,
        "min": -1.8440371008e-08,
        "stdev": 3.12759129706e-09
    },
    "spectral_energy": {
        "max": 0.0720313191414,
        "mean": 0.0281598847359,
        "min": 0.000816373096313,
        "stdev": 0.0126132667065
    },
    "spectral_energyband_high": {
        "max": 0.0286468304694,
        "mean": 0.00131196773145,
        "min": 1.81766154128e-05,
        "stdev": 0.00199352973141
    },
    "spectral_energyband_low": {
        "max": 0.0652379691601,
        "mean": 0.0114707332104,
        "min": 5.91883253946e-05,
        "stdev": 0.00921397935599
    },
    "spectral_energyband_middle_high": {
        "max": 0.0439133793116,
        "mean": 0.00722051877528,
        "min": 0.000357995275408,
        "stdev": 0.00548397377133
    },
    "spectral_energyband_middle_low": {
        "max": 0.0578867904842,
        "mean": 0.00935654807836,
        "min": 0.000228535587667,
        "stdev": 0.00720360595733
    },
    "spectral_entropy": {
        "max": 8.7920255661,
        "mean": 7.78461122513,
        "min": 6.88803720474,
        "stdev": 0.299293577671
    },
    "spectral_flux": {
        "max": 0.236389607191,
        "mean": 0.0988742932677,
        "min": 0.0260369852185,
        "stdev": 0.0364355444908
    },
    "spectral_kurtosis": {
        "max": 15.7603912354,
        "mean": 3.66111493111,
        "min": -1.11404585838,
        "stdev": 1.89406502247
    },
    "spectral_rms": {
        "max": 0.00838298629969,
        "mean": 0.00509289372712,
        "min": 0.00089244695846,
        "stdev": 0.00123915786389
    },
    "spectral_rolloff": {
        "max": 9926.80664062,
        "mean": 2033.86437988,
        "min": 86.1328125,
        "stdev": 1448.93908691
    },
    "spectral_skewness": {
        "max": 3.22615242004,
        "mean": 1.30492687225,
        "min": -0.0527378134429,
        "stdev": 0.317892342806
    },
    "spectral_spread": {
        "max": 11441537,
        "mean": 4578704.5,
        "min": 2211656.75,
        "stdev": 1546510.75
    },
    "spectral_strongpeak": {
        "max": 15.5015821457,
        "mean": 0.623350918293,
        "min": 0,
        "stdev": 1.01770186424
    },
    "zerocrossingrate": {
        "max": 0.3125,
        "mean": 0.0725102871656,
        "min": 0.01171875,
        "stdev": 0.0329914800823
    },
    "barkbands": {
        "max": [0.00248683150858, 0.05911359936, 0.0364057794213, 0.0330969505012, 0.0465231128037, 0.0234804917127, 0.0192345045507, 0.0117285437882, 0.0166550409049, 0.0246632862836, 0.00975775439292, 0.0115807894617, 0.0106128547341, 0.0105866240337, 0.015127456747, 0.0102364830673, 0.013326744549, 0.0102832270786, 0.0170870181173, 0.00661788368598, 0.00488849217072, 0.00403566472232, 0.00738780759275, 0.0157745033503, 0.00550988130271, 0.000631346832961, 3.91668618249e-05],
        "mean": [0.000175327440957, 0.0067857215181, 0.00345579977147, 0.0016987239942, 0.00354766752571, 0.00172640290111, 0.000925442145672, 0.000566752802115, 0.000672517751809, 0.000770336191636, 0.000524114293512, 0.000537815503776, 0.000291509873932, 0.000646735250484, 0.00106398412026, 0.00072127423482, 0.000639883743133, 0.000936816737521, 0.000817783118691, 0.000612077012192, 0.000233722937992, 0.000178722679266, 0.00018928667123, 0.00022718886612, 0.000168110185768, 4.56934576505e-05, 4.97844894198e-07],
        "min": [1.61234780194e-07, 7.71992472437e-06, 1.22973497128e-05, 1.67632265402e-06, 4.81175047753e-05, 1.75075092557e-05, 4.95602353112e-06, 4.41104384663e-06, 6.42580880594e-06, 9.17802753975e-06, 3.74216688215e-06, 2.49323375101e-06, 8.46607008498e-07, 6.67683025313e-06, 1.83297361218e-05, 4.9374966693e-06, 1.51971980813e-05, 2.35918123508e-05, 3.28178393829e-05, 1.66036224982e-05, 1.88038939086e-06, 7.71061650084e-07, 1.50902747009e-06, 1.00385295809e-06, 3.16688442581e-07, 3.20137374388e-08, 4.94112693469e-12],
        "stdev": [0.000228639444686, 0.00666020205244, 0.00420532096177, 0.00302774319425, 0.0042037665844, 0.00266558863223, 0.00135893735569, 0.000971087545622, 0.00122292665765, 0.00149570312351, 0.000970913504716, 0.000931731949095, 0.000705756945536, 0.00106433336623, 0.00161862920504, 0.00105743377935, 0.00107068195939, 0.00120112637524, 0.00139798189048, 0.000705724349245, 0.000327891757479, 0.000312294374453, 0.000450872816145, 0.000776880653575, 0.000371312431525, 8.15650928416e-05, 1.87921148154e-06]
    },
    "erbbands": {
        "max": [1.09363782406, 15.3659563065, 35.5752487183, 77.8521575928, 142.420928955, 240.703125, 314.301177979, 253.780761719, 179.476745605, 234.499710083, 302.750915527, 403.904296875, 608.635559082, 795.451660156, 366.216552734, 592.855712891, 563.295532227, 430.091430664, 471.386566162, 837.00592041, 542.376586914, 570.149475098, 597.762145996, 736.827941895, 821.046081543, 297.309936523, 116.73690033, 237.50541687, 134.705734253, 234.207733154, 218.684570312, 327.717437744, 234.902648926, 120.989082336, 18.2754840851, 4.84327507019, 0.992395043373, 0.167556852102, 0.00915059633553, 0.000512140744831],
        "mean": [0.159980326891, 1.64247596264, 4.1574420929, 5.26125049591, 6.45542192459, 11.7985982895, 20.3186149597, 12.1615095139, 14.550904274, 9.59117412567, 14.5942697525, 15.4393634796, 21.585647583, 24.157585144, 20.1863422394, 19.200592041, 13.6475086212, 23.4779148102, 47.5367889404, 51.3211174011, 43.6166267395, 37.5390968323, 47.9932479858, 47.0172348022, 36.9770584106, 28.2053451538, 13.1599531174, 8.11202335358, 6.42577695847, 5.63083267212, 5.41593837738, 4.69032716751, 3.81309771538, 2.3661544323, 0.914867997169, 0.28648853302, 0.0692042782903, 0.00646805390716, 0.000201575967367, 4.52739404864e-05],
        "min": [0.000330059439875, 0.004098452162, 0.0212300885469, 0.0364522449672, 0.0800498053432, 0.123207844794, 0.221341729164, 0.177613809705, 0.103932209313, 0.096521884203, 0.173933193088, 0.422083467245, 0.374247670174, 0.237364456058, 0.195711091161, 0.0955632701516, 0.0613245591521, 0.388824045658, 0.866613924503, 1.71231591702, 0.528069913387, 0.853242397308, 1.54571282864, 1.51547586918, 1.53858494759, 0.829952180386, 0.227447971702, 0.046396151185, 0.0277458857745, 0.0427740216255, 0.0377645604312, 0.0321255400777, 0.0126055432484, 0.00467006675899, 0.0015287726419, 0.000325299042743, 2.8292000934e-05, 2.31781427829e-06, 1.96469295588e-06, 3.18924458043e-06],
        "stdev": [0.152748227119, 1.71153748035, 4.48222351074, 7.85740852356, 11.3491697311, 14.7328529358, 28.3134288788, 19.5897846222, 19.843082428, 14.9931287766, 23.3444290161, 30.6899356842, 36.6234817505, 44.6484794617, 34.0287971497, 34.6298141479, 30.3006706238, 36.598197937, 64.7602615356, 79.577293396, 61.0411872864, 59.3863945007, 64.8311691284, 62.3705863953, 53.0504226685, 32.2701187134, 15.400595665, 13.6444034576, 11.4129867554, 12.1759290695, 12.8729333878, 16.1680870056, 12.6336803436, 6.27448225021, 1.67766785622, 0.513795852661, 0.124207928777, 0.0138861658052, 0.000461696123239, 3.21508086927e-05]
    },
    "gfcc": {
        "mean": [31.7416496277, 84.5764312744, -122.64641571, 52.5219421387, -49.4955177307, 16.3900108337, -43.0974464417, 17.5172691345, -26.3711681366, 2.10898017883, -12.5477962494, -0.678059101105, -4.72796869278],
        "cov": [[1445.34228516, -755.950622559, 238.505004883, -38.6817092896, -65.1663589478, 127.257087708, -69.7512664795, 101.634262085, -104.178573608, 98.8398208618, -120.034141541, 34.7218132019, -109.81778717], [-755.950622559, 1169.16088867, -415.932312012, -39.262424469, 111.202331543, -248.146759033, 180.893829346, -104.056755066, 138.038162231, -117.982246399, 179.638977051, -82.8359146118, 142.334777832], [238.505004883, -415.932312012, 610.554748535, 52.8255805969, -30.6287441254, 209.464416504, -97.1458129883, 30.8561820984, -95.9028701782, 48.7626571655, -118.462387085, 72.8650512695, -81.2057418823], [-38.6817092896, -39.262424469, 52.8255805969, 239.119400024, 72.0039978027, -2.45295882225, 11.9708595276, 1.07516109943, 58.2607536316, -2.68081855774, -27.5440235138, -5.36380529404, 1.33111393452], [-65.1663589478, 111.202331543, -30.6287441254, 72.0039978027, 210.938751221, 24.9822368622, 38.6323051453, 35.3242607117, 23.4871730804, -1.86905932426, 4.71618318558, -16.7775611877, 13.2709350586], [127.257087708, -248.146759033, 209.464416504, -2.45295882225, 24.9822368622, 255.075286865, 0.221821412444, 19.1632385254, -57.2889633179, 48.1400680542, -33.5498809814, 27.2319412231, -37.0903396606], [-69.7512664795, 180.893829346, -97.1458129883, 11.9708595276, 38.6323051453, 0.221821412444, 153.010696411, 21.580745697, 16.6379928589, -15.2167787552, 38.7695007324, -17.9354572296, 13.3908805847], [101.634262085, -104.056755066, 30.8561820984, 1.07516109943, 35.3242607117, 19.1632385254, 21.580745697, 126.169578552, 5.68793582916, 6.88897132874, -4.72188043594, 8.58609580994, -4.74884414673], [-104.178573608, 138.038162231, -95.9028701782, 58.2607536316, 23.4871730804, -57.2889633179, 16.6379928589, 5.68793582916, 122.247398376, 0.428557604551, 19.1158161163, -17.8565826416, 26.9962062836], [98.8398208618, -117.982246399, 48.7626571655, -2.68081855774, -1.86905932426, 48.1400680542, -15.2167787552, 6.88897132874, 0.428557604551, 78.0264358521, -1.28437066078, 10.5656957626, -13.7964019775], [-120.034141541, 179.638977051, -118.462387085, -27.5440235138, 4.71618318558, -33.5498809814, 38.7695007324, -4.72188043594, 19.1158161163, -1.28437066078, 106.116699219, 8.68117046356, 41.2773971558], [34.7218132019, -82.8359146118, 72.8650512695, -5.36380529404, -16.7775611877, 27.2319412231, -17.9354572296, 8.58609580994, -17.8565826416, 10.5656957626, 8.68117046356, 80.9012756348, 21.5429039001], [-109.81778717, 142.334777832, -81.2057418823, 1.33111393452, 13.2709350586, -37.0903396606, 13.3908805847, -4.74884414673, 26.9962062836, -13.7964019775, 41.2773971558, 21.5429039001, 80.1977539062]],
        "icov": [[0.00114313920494, 0.000844957132358, -0.000117138923088, 0.00044470600551, -0.000191923114471, 0.000497734174132, -0.000605972658377, -0.000100565594039, 7.69820981077e-05, -0.000528799835593, 0.000181656723726, 0.000239144850639, 2.22828966798e-05], [0.000844957132358, 0.00469383923337, -0.001731656841, 0.00277355243452, -0.00270463316701, 0.00285364035517, -0.00401693023741, 0.00404163822532, -0.0030933113303, 0.00302697275765, -0.00376961030997, 0.00367952836677, -0.00378187419847], [-0.000117138923088, -0.001731656841, 0.00467545632273, -0.00233722361736, 0.00165402225684, -0.00316297565587, 0.00289704441093, -0.00240800762549, 0.0025818371214, -0.00145559036173, 0.00369624281302, -0.00434336951002, 0.00346788228489], [0.00044470600551, 0.00277355243452, -0.00233722361736, 0.00779276620597, -0.00366248935461, 0.00231204438023, -0.00333312829025, 0.00355721311644, -0.00534080434591, 0.0022473745048, -0.000786415010225, 0.00183304550592, -0.00227014906704], [-0.000191923114471, -0.00270463316701, 0.00165402225684, -0.00366248935461, 0.00790930911899, -0.00298745185137, 0.00188016926404, -0.00436868332326, 0.00232754158787, -0.0019666494336, 0.00236164568923, -0.000597842270508, 0.000833120779134], [0.000497734174132, 0.00285364035517, -0.00316297565587, 0.00231204438023, -0.00298745185137, 0.00859261024743, -0.00417773239315, 0.00277188722976, -0.000354554213118, -0.00128041801509, -0.00209976756014, 0.00176888739225, -0.00178949220572], [-0.000605972658377, -0.00401693023741, 0.00289704441093, -0.00333312829025, 0.00188016926404, -0.00417773239315, 0.012307016179, -0.00529858656228, 0.00294078234583, -0.000817139167339, 0.000481228838908, -0.00190670078155, 0.00381026952527], [-0.000100565594039, 0.00404163822532, -0.00240800762549, 0.00355721311644, -0.00436868332326, 0.00277188722976, -0.00529858656228, 0.0132882082835, -0.00458088004962, 0.00305474060588, -0.00329755409621, 0.0018699556822, -0.00286921439692], [7.69820981077e-05, -0.0030933113303, 0.0025818371214, -0.00534080434591, 0.00232754158787, -0.000354554213118, 0.00294078234583, -0.00458088004962, 0.0151394139975, -0.00537865608931, 0.00268972781487, -0.000293653050903, -0.000340101774782], [-0.000528799835593, 0.00302697275765, -0.00145559036173, 0.0022473745048, -0.0019666494336, -0.00128041801509, -0.000817139167339, 0.00305474060588, -0.00537865608931, 0.0191593579948, -0.0055839670822, 0.00118593568914, 0.00010504713282], [0.000181656723726, -0.00376961030997, 0.00369624281302, -0.000786415010225, 0.00236164568923, -0.00209976756014, 0.000481228838908, -0.00329755409621, 0.00268972781487, -0.0055839670822, 0.0191961042583, -0.00612471671775, -0.00104366266169], [0.000239144850639, 0.00367952836677, -0.00434336951002, 0.00183304550592, -0.000597842270508, 0.00176888739225, -0.00190670078155, 0.0018699556822, -0.000293653050903, 0.00118593568914, -0.00612471671775, 0.0223038885742, -0.0118213156238], [2.22828966798e-05, -0.00378187419847, 0.00346788228489, -0.00227014906704, 0.000833120779134, -0.00178949220572, 0.00381026952527, -0.00286921439692, -0.000340101774782, 0.00010504713282, -0.00104366266169, -0.0118213156238, 0.024834504351]]
    },
    "melbands": {
        "max": [0.0136420037597, 0.0128234177828, 0.0122801028192, 0.0110873794183, 0.00887372624129, 0.00502745294943, 0.00306580658071, 0.00208119605668, 0.00225054495968, 0.00295449234545, 0.00313690956682, 0.00368643039837, 0.00103854725603, 0.001254622126, 0.000956269155722, 0.00113596208394, 0.000982356374152, 0.00103385688271, 0.00160162197426, 0.00106214615516, 0.000702223565895, 0.000708196428604, 0.000652677495964, 0.000494785723276, 0.000661073951051, 0.00107112550177, 0.000381896417821, 0.000234663762967, 9.68023523455e-05, 0.000102748490463, 0.000151441869093, 8.89751681825e-05, 9.97806273517e-05, 0.000143450437463, 0.000120199285448, 0.00018256813928, 0.000204020470846, 0.000149397033965, 0.000173018939677, 7.76386732468e-05],
        "mean": [0.00168943579774, 0.00216909428127, 0.000918451987673, 0.000639913603663, 0.000705396523699, 0.000289593095658, 0.000206583863473, 0.000106897081423, 0.000122417492094, 9.39522651606e-05, 0.000110039574793, 0.000100562036096, 6.30035356153e-05, 7.00800155755e-05, 3.06366382574e-05, 3.05651374219e-05, 4.63372780359e-05, 7.38128073863e-05, 8.97902573342e-05, 4.77556168335e-05, 5.24565693922e-05, 4.10327593272e-05, 3.41470622516e-05, 4.60835653939e-05, 3.74190422008e-05, 3.23769563693e-05, 2.34114613704e-05, 1.73951411853e-05, 9.2219297585e-06, 5.11316920893e-06, 4.51113191957e-06, 3.73262082576e-06, 3.13266536978e-06, 3.13962732434e-06, 3.09478127747e-06, 3.11969529321e-06, 2.72324814432e-06, 2.81979305328e-06, 2.31574745158e-06, 1.8845712475e-06],
        "min": [3.60167541658e-06, 1.23587078633e-05, 7.4938607213e-06, 9.7639631349e-06, 8.26988343761e-06, 4.06674007536e-06, 1.09085726763e-06, 9.20996910736e-07, 9.68901531451e-07, 1.07911546365e-06, 1.69124177773e-06, 7.68754091496e-07, 7.32627881916e-07, 2.36494813066e-07, 2.49759409598e-07, 9.47851859223e-08, 6.53198469536e-07, 1.37159770475e-06, 1.43460920299e-06, 7.29125076759e-07, 6.11923553606e-07, 1.09411860194e-06, 2.32087003837e-07, 1.11620522603e-06, 7.15536202733e-07, 8.01361352387e-07, 8.04446244729e-07, 3.75301368649e-07, 1.18958084272e-07, 4.23601029809e-08, 2.08840340576e-08, 1.53541748205e-08, 1.38385933823e-08, 3.04371994275e-08, 2.55734029508e-08, 1.6258994151e-08, 1.32986359702e-08, 8.15782374985e-09, 4.6879859994e-09, 2.59277843639e-09],
        "stdev": [0.00161929486785, 0.00199587480165, 0.00129311985802, 0.000858057697769, 0.000918152218219, 0.0004360107705, 0.000285919435555, 0.000167268633959, 0.000196864188183, 0.000189407801372, 0.000194073392777, 0.000192594030523, 0.000105393482954, 0.000124235681142, 6.29998467048e-05, 7.27602528059e-05, 7.86164091551e-05, 0.000116805473226, 0.000152437089127, 7.49338796595e-05, 7.97867469373e-05, 7.38570961403e-05, 5.10070385644e-05, 6.07566908002e-05, 5.35124236194e-05, 6.66456398903e-05, 2.92185268336e-05, 2.17610649997e-05, 1.17020044854e-05, 7.14740826879e-06, 8.6578365881e-06, 6.87139572619e-06, 5.79797006139e-06, 7.60863531468e-06, 7.08948709871e-06, 9.34517538553e-06, 9.95463051368e-06, 9.51505990088e-06, 7.62380250308e-06, 4.60353248855e-06]
    },
    "melbands128": {
        "max": [0.00218463689089, 0.00784282106906, 0.0237456485629, 0.0282169710845, 0.01776320301, 0.01687348634, 0.0182329881936, 0.013611597009, 0.0166635010391, 0.0178054347634, 0.0172835998237, 0.0112899206579, 0.0151504296809, 0.00840156711638, 0.00995688699186, 0.00391243491322, 0.00460927700624, 0.00341378967278, 0.00733589055017, 0.00199919426814, 0.00374408019707, 0.00449296692386, 0.00324914138764, 0.0043834131211, 0.00421716738492, 0.00674080755562, 0.00140919862315, 0.00600242707878, 0.00566388340667, 0.00887503288686, 0.00217385822907, 0.00325409462675, 0.00135726749431, 0.00276779662818, 0.00315354648046, 0.00230597192422, 0.00276587880217, 0.0017374989111, 0.00229133781977, 0.00261949305423, 0.00232296087779, 0.00200089719146, 0.00137112441007, 0.00199503824115, 0.00283930031583, 0.00201220228337, 0.00186091545038, 0.00304059428163, 0.00251983036287, 0.00281629431993, 0.000788051576819, 0.00101899751462, 0.00155500287656, 0.000942194950767, 0.00265106162988, 0.00147752219345, 0.00135008874349, 0.000771620601881, 0.00160069472622, 0.00148507987615, 0.00100801757071, 0.000701862270944, 0.000636348326225, 0.000610962451901, 0.0027136914432, 0.00237742555328, 0.000848393945489, 0.000472598767374, 0.000556613958906, 0.000602680433076, 0.000323827116517, 0.000453645887319, 0.000291871983791, 0.000131277469336, 0.000107783118438, 5.88834227528e-05, 0.000234456092585, 0.000121791214042, 0.000167741323821, 0.00016805161431, 0.000113461093861, 0.000100851793832, 7.48970487621e-05, 0.000115461181849, 0.000103436701465, 0.000162817712408, 0.000138831441291, 0.00015840040578, 0.000140556439874, 0.000139597599627, 0.000199740825337, 0.00018711372104, 0.000280140899122, 0.000202592127607, 0.000185555167263, 0.000217744498514, 0.00015589557006, 0.000231551777688, 0.000209471705602, 0.000152288921527, 0.000148135717609, 6.02574073127e-05, 3.42511775671e-05, 2.44559614657e-05, 2.33620776271e-05, 1.34859374157e-05, 1.60731779033e-05, 1.30522639665e-05, 8.74025499797e-06, 7.42703514334e-06, 7.28628629076e-06, 3.45991202266e-06, 3.17980902764e-06, 3.02407829622e-06, 3.83666338166e-06, 2.37792346525e-06, 6.81868016272e-07, 1.86152647075e-07, 2.64435954023e-07, 3.33117981199e-07, 3.06507303094e-07, 2.4405773047e-07, 1.74186823187e-07, 1.356311774e-08, 7.21954407368e-09, 4.12946077333e-09, 9.52052214842e-10, 9.42827149686e-10],
        "mean": [0.000157730770297, 0.0010427904781, 0.0023913201876, 0.00282833073288, 0.00238977209665, 0.00153876782861, 0.0011233703699, 0.000720955489669, 0.000608924776316, 0.000635442673229, 0.000606226443779, 0.000857431383338, 0.000803543021902, 0.000434244371718, 0.000253671169048, 0.000193757150555, 0.000294906814815, 0.000195127548068, 0.000134525907924, 7.60831462685e-05, 0.000114580092486, 0.000136058530188, 0.00011583455489, 0.000126958766486, 9.66494335444e-05, 8.74192337506e-05, 6.46533226245e-05, 0.000116904840979, 0.000153632776346, 8.78149003256e-05, 0.000105474442535, 8.0407349742e-05, 3.49051733792e-05, 7.05505590304e-05, 8.95798875717e-05, 7.0532252721e-05, 3.71976057068e-05, 3.0162413168e-05, 2.44145048782e-05, 2.7977001082e-05, 3.63857543562e-05, 2.62508729065e-05, 3.50437876477e-05, 5.3828691307e-05, 9.26908833208e-05, 6.99864758644e-05, 5.7333309087e-05, 0.000119122159958, 8.97807913134e-05, 5.34548780706e-05, 4.07946936321e-05, 3.89459419239e-05, 6.23676169198e-05, 4.79569680465e-05, 5.40987384738e-05, 4.47021848231e-05, 2.72582965408e-05, 2.3185290047e-05, 3.72867252736e-05, 5.43194437341e-05, 4.40083895228e-05, 4.60047231172e-05, 3.5989767639e-05, 2.63496112893e-05, 5.54607140657e-05, 3.25499931932e-05, 2.02693863685e-05, 2.24333980441e-05, 2.62344492512e-05, 2.16576463572e-05, 1.83905194717e-05, 1.52141165017e-05, 1.11534127427e-05, 8.72239161254e-06, 6.0980228227e-06, 4.86865110361e-06, 4.88085879624e-06, 4.67203517474e-06, 4.50685820397e-06, 4.38935558122e-06, 3.70493307855e-06, 3.66647873307e-06, 3.22661526297e-06, 2.93298535325e-06, 3.27015050061e-06, 2.93406264973e-06, 3.14634735332e-06, 3.4617160054e-06, 2.85377018372e-06, 3.06669903694e-06, 3.19661216963e-06, 3.16141677104e-06, 2.99851967611e-06, 2.64378695647e-06, 2.50362654697e-06, 3.06426022689e-06, 2.94684218716e-06, 2.34360686591e-06, 2.34712479141e-06, 2.30708496929e-06, 2.1691537313e-06, 1.89757702174e-06, 1.43149725318e-06, 1.19515812003e-06, 1.0443740166e-06, 8.03994055332e-07, 6.80881157678e-07, 5.85051452617e-07, 4.70855894719e-07, 3.65809341929e-07, 3.35663060014e-07, 2.43889218154e-07, 1.99381446464e-07, 1.53848233708e-07, 1.53445142814e-07, 4.74870276435e-08, 1.13764127008e-08, 2.09162376308e-09, 2.38728770086e-09, 1.75097025767e-09, 1.72078307159e-09, 1.33215471987e-09, 8.22493018138e-10, 2.47124987141e-10, 1.7001215713e-10, 6.4574838532e-11, 1.27204306116e-11, 5.34104531436e-12],
        "min": [6.37941655057e-09, 2.88733531306e-07, 1.0999215192e-06, 1.8595039819e-06, 1.79079313511e-06, 3.98204338126e-06, 1.74395017893e-06, 6.16903548689e-07, 1.26382758481e-06, 1.23879601688e-06, 3.45815965375e-06, 5.64950869375e-06, 1.5985662003e-06, 1.48907793118e-06, 8.68826134592e-07, 9.0330496505e-07, 6.94662389833e-07, 4.69894928301e-07, 2.72630728659e-07, 2.17133887759e-07, 3.12550412218e-07, 2.83104498067e-07, 3.68185425259e-07, 5.32735612069e-07, 4.82681628e-07, 1.97826182102e-07, 2.44722173193e-07, 3.16317311899e-07, 6.73754243508e-07, 3.89027832171e-07, 7.74734374431e-08, 2.97244213243e-07, 2.73554093155e-07, 2.36236644469e-07, 2.86101027314e-07, 6.23664391242e-08, 2.67335195758e-07, 2.81912662103e-07, 9.91426034602e-08, 4.95027379088e-08, 6.72437394655e-08, 1.44709133565e-07, 2.81673749214e-07, 4.69798891345e-07, 2.72769597132e-07, 4.9598975238e-07, 4.3113823267e-07, 5.9267438246e-07, 8.31519116673e-07, 8.75599823758e-07, 2.05530753306e-07, 7.78278490543e-08, 3.26855570165e-07, 3.45492964016e-07, 3.5704258039e-07, 4.0578842686e-07, 3.0335453971e-07, 6.87630574703e-08, 9.49525116312e-08, 5.63230571515e-07, 5.59976115255e-07, 4.14506075685e-07, 5.01478041315e-07, 3.06397623717e-07, 3.62405870646e-07, 3.35063901957e-07, 3.28361778656e-07, 2.10912403986e-07, 2.61472507646e-07, 2.39282599068e-07, 2.07764344395e-07, 2.50715089578e-07, 1.69333361555e-07, 8.66168647917e-08, 6.9754968024e-08, 6.25515141905e-08, 1.75875491948e-08, 1.30107888907e-08, 2.68015192262e-08, 2.34936834431e-08, 1.1624548435e-08, 1.41100873208e-08, 1.69123115512e-08, 7.61758478518e-09, 1.60818416362e-08, 2.56859440384e-08, 1.84134734127e-08, 3.20985016344e-08, 1.58113380166e-08, 1.21660841401e-08, 1.00678674286e-08, 1.50022092527e-08, 1.86538233748e-08, 1.13823421799e-08, 6.54962439839e-09, 6.15678219518e-09, 4.60169946592e-09, 4.81940842789e-09, 2.88489832023e-09, 3.3257683274e-09, 2.44871256605e-09, 1.87295623455e-09, 1.26416033197e-09, 1.26612109685e-09, 6.31159624565e-10, 7.48131945283e-10, 3.96615185139e-10, 6.30892671438e-10, 4.64296490144e-10, 2.57994625663e-10, 1.02959203663e-10, 1.86136071834e-11, 3.79601508376e-14, 2.55279094575e-14, 3.57053050863e-14, 1.89851881097e-14, 2.47695506955e-14, 1.59682939208e-14, 1.65793384067e-14, 1.63858591409e-14, 1.89366565099e-14, 1.50177569355e-14, 1.48809204569e-14, 1.37504076051e-14, 7.530094949e-15, 3.42254885525e-15, 6.98858191538e-16, 5.19081278453e-17],
        "stdev": [0.000216556538362, 0.00116565288045, 0.00271040573716, 0.00314215174876, 0.00261185364798, 0.00196485291235, 0.0018357046647, 0.00133590435144, 0.00133147917222, 0.00113969657104, 0.00090169563191, 0.0013245807495, 0.00125701143406, 0.000853972043842, 0.000623940955848, 0.000380400393624, 0.000461335090222, 0.000307419366436, 0.000371187052224, 0.000149739003973, 0.00022313046793, 0.000308721180772, 0.000247727002716, 0.000315848796163, 0.000293130346108, 0.000254150334513, 0.000120461518236, 0.000299464503769, 0.000328476715367, 0.000339856400387, 0.000242999507464, 0.000191692743101, 8.62220404088e-05, 0.000205230855499, 0.000190523220226, 0.000176483707037, 0.000118370648124, 7.78315807111e-05, 0.000101149307739, 0.000101496327261, 0.000112822352094, 8.74314791872e-05, 9.42338156165e-05, 0.000133809939143, 0.000216323780478, 0.000169732389622, 0.000139894080348, 0.000254658487393, 0.000205969321541, 0.000169289676705, 8.09493139968e-05, 8.47827250254e-05, 0.00013798593136, 9.11773895496e-05, 0.000151781408931, 0.000116316739877, 6.31298244116e-05, 4.9546801165e-05, 8.36946564959e-05, 0.000116825933219, 8.04662995506e-05, 8.29493073979e-05, 6.37539124e-05, 4.34958965343e-05, 0.000168412530911, 9.39967794693e-05, 4.10198736063e-05, 3.6357803765e-05, 4.12872359448e-05, 3.7525260268e-05, 2.74723170151e-05, 2.48822489084e-05, 1.94807835214e-05, 1.28699111883e-05, 8.9245613708e-06, 6.74602870276e-06, 9.68167114479e-06, 9.07522007765e-06, 9.63326965575e-06, 1.02782914837e-05, 7.3396240623e-06, 7.61533920013e-06, 6.58047383695e-06, 6.019994089e-06, 6.1222090153e-06, 8.35643368191e-06, 8.27944313642e-06, 9.31003069127e-06, 6.86821476847e-06, 7.84700296208e-06, 8.72989130585e-06, 1.00236420622e-05, 1.27808980324e-05, 9.94515994535e-06, 9.47767966863e-06, 1.13892974696e-05, 9.72556063061e-06, 9.63354523265e-06, 7.90773628978e-06, 7.44028693589e-06, 6.65784955345e-06, 4.40083294961e-06, 3.00152441923e-06, 2.2916672151e-06, 2.00368549486e-06, 1.56301291554e-06, 1.36176163323e-06, 1.133493015e-06, 8.70787459917e-07, 6.97485518231e-07, 6.9217219334e-07, 4.58078659449e-07, 3.83811681104e-07, 2.93940928486e-07, 3.60653785947e-07, 1.51974276719e-07, 4.19463539458e-08, 9.11949626925e-09, 1.31938042713e-08, 1.09485469579e-08, 1.26744685858e-08, 9.29234023062e-09, 6.00466876222e-09, 8.00866262196e-10, 5.51730883203e-10, 2.19753534814e-10, 5.02076054343e-11, 4.03489464063e-11]
    },
    "mfcc": {
        "mean": [-605.28112793, 105.074165344, -5.64362716675, 34.7818183899, 17.1327438354, 1.71246194839, 5.32638072968, 5.18608522415, -0.786073505878, 6.20329427719, -5.12467861176, -4.38918781281, -0.247616186738],
        "cov": [[1285.30969238, -516.696044922, 56.5152511597, -79.1570663452, -22.6933517456, -32.1688995361, 16.8441352844, -27.2278823853, 17.5713596344, 44.2237854004, 21.260351181, -29.9384708405, 21.2430915833], [-516.696044922, 929.749450684, -338.950164795, 81.4699020386, -107.536239624, -71.0805511475, 10.936384201, 8.30709838867, -49.6291732788, 25.929523468, -46.6549911499, 3.3623919487, 22.2234382629], [56.5152511597, -338.950164795, 540.793884277, -96.3547668457, 66.1362686157, 101.491264343, 2.9742641449, 1.76417517662, 23.4842834473, -77.4440765381, 27.0391407013, -1.56118965149, -19.0225791931], [-79.1570663452, 81.4699020386, -96.3547668457, 265.978088379, 25.0185546875, -18.0360870361, -39.7778816223, 24.0470619202, 48.6339912415, -0.974698424339, 2.73877763748, 31.2312660217, 14.777973175], [-22.6933517456, -107.536239624, 66.1362686157, 25.0185546875, 197.282180786, 38.7705116272, 12.9374074936, 18.5825748444, 40.0849189758, 3.7111787796, 0.534804165363, 17.4752044678, 0.413381665945], [-32.1688995361, -71.0805511475, 101.491264343, -18.0360870361, 38.7705116272, 181.2134552, 35.8821334839, -0.183596372604, 18.0146865845, -13.5485420227, 30.4578990936, -2.59254336357, -10.4084653854], [16.8441352844, 10.936384201, 2.9742641449, -39.7778816223, 12.9374074936, 35.8821334839, 154.196609497, 38.9763870239, -4.97508907318, 19.247095108, 14.0032911301, -17.6219329834, 10.186917305], [-27.2278823853, 8.30709838867, 1.76417517662, 24.0470619202, 18.5825748444, -0.183596372604, 38.9763870239, 92.0916900635, 32.3555297852, 0.561243474483, 3.34620141983, 6.00001239777, 13.7807264328], [17.5713596344, -49.6291732788, 23.4842834473, 48.6339912415, 40.0849189758, 18.0146865845, -4.97508907318, 32.3555297852, 93.4689483643, 9.88391685486, 11.0784282684, 12.4210882187, 4.0115480423], [44.2237854004, 25.929523468, -77.4440765381, -0.974698424339, 3.7111787796, -13.5485420227, 19.247095108, 0.561243474483, 9.88391685486, 94.2676315308, 22.5317153931, -4.36482143402, -2.62704873085], [21.260351181, -46.6549911499, 27.0391407013, 2.73877763748, 0.534804165363, 30.4578990936, 14.0032911301, 3.34620141983, 11.0784282684, 22.5317153931, 62.9628067017, 10.6270008087, -7.18362188339], [-29.9384708405, 3.3623919487, -1.56118965149, 31.2312660217, 17.4752044678, -2.59254336357, -17.6219329834, 6.00001239777, 12.4210882187, -4.36482143402, 10.6270008087, 60.5597305298, 19.7551765442], [21.2430915833, 22.2234382629, -19.0225791931, 14.777973175, 0.413381665945, -10.4084653854, 10.186917305, 13.7807264328, 4.0115480423, -2.62704873085, -7.18362188339, 19.7551765442, 57.9945640564]],
        "icov": [[0.00118036207277, 0.000808456738014, 0.000203126095585, 0.000124141442939, 0.000419376330683, 0.000323568150634, -0.000198217298021, 0.000449421437224, -0.000302379979985, -0.000505232892465, -5.71785039938e-06, 0.000600939674769, -0.00093143992126], [0.000808456738014, 0.00209001777694, 0.000910416594706, -0.000261347420746, 0.000905726803467, 3.59037258022e-05, -0.000389642082155, -5.49755623069e-06, 0.000411112909205, -0.000456926965853, 0.000988888554275, -3.32063427777e-05, -0.000577404338401], [0.000203126095585, 0.000910416594706, 0.00328680127859, 0.00112002913374, -0.000502723210957, -0.000748693011701, 0.000170877960045, -0.00010211832705, -0.000718971830793, 0.00266437022947, -0.0013755557593, 0.000264093396254, 0.000142955017509], [0.000124141442939, -0.000261347420746, 0.00112002913374, 0.005224626977, -0.000661292637233, 0.000185161727131, 0.00132428051438, -0.000718733586837, -0.00243478710763, 0.00125829689205, -0.00120441743638, -0.000960048346315, -0.000529894372448], [0.000419376330683, 0.000905726803467, -0.000502723210957, -0.000661292637233, 0.00670090783387, -0.00101806095336, -0.000942518410739, -0.000179369992111, -0.00167845294345, -0.00165060744621, 0.00275784963742, -0.00220809108578, 0.000615721975919], [0.000323568150634, 3.59037258022e-05, -0.000748693011701, 0.000185161727131, -0.00101806095336, 0.00754702556878, -0.00193421938457, 0.00165103795007, -0.0015444313176, 0.00179719016887, -0.00355450180359, 0.000897173478734, 0.000326478912029], [-0.000198217298021, -0.000389642082155, 0.000170877960045, 0.00132428051438, -0.000942518410739, -0.00193421938457, 0.00957692414522, -0.00472384737805, 0.002077142708, -0.00147506024223, -0.00197994988412, 0.0033365956042, -0.00255195470527], [0.000449421437224, -5.49755623069e-06, -0.00010211832705, -0.000718733586837, -0.000179369992111, 0.00165103795007, -0.00472384737805, 0.0154970306903, -0.00553141674027, 0.00142122933175, -0.000390755943954, -0.000206795841223, -0.00209889677353], [-0.000302379979985, 0.000411112909205, -0.000718971830793, -0.00243478710763, -0.00167845294345, -0.0015444313176, 0.002077142708, -0.00553141674027, 0.0158910993487, -0.00277618505061, -0.000250081386184, -0.000791794562247, 3.59012010449e-05], [-0.000505232892465, -0.000456926965853, 0.00266437022947, 0.00125829689205, -0.00165060744621, 0.00179719016887, -0.00147506024223, 0.00142122933175, -0.00277618505061, 0.0159801021218, -0.00749734090641, 0.00206794776022, 0.000451955245808], [-5.71785039938e-06, 0.000988888554275, -0.0013755557593, -0.00120441743638, 0.00275784963742, -0.00355450180359, -0.00197994988412, -0.000390755943954, -0.000250081386184, -0.00749734090641, 0.0238182861358, -0.00702306022868, 0.00428221886978], [0.000600939674769, -3.32063427777e-05, 0.000264093396254, -0.000960048346315, -0.00220809108578, 0.000897173478734, 0.0033365956042, -0.000206795841223, -0.000791794562247, 0.00206794776022, -0.00702306022868, 0.0234415382147, -0.00894289370626], [-0.00093143992126, -0.000577404338401, 0.000142955017509, -0.000529894372448, 0.000615721975919, 0.000326478912029, -0.00255195470527, -0.00209889677353, 3.59012010449e-05, 0.000451955245808, 0.00428221886978, -0.00894289370626, 0.0225832685828]]
    },
    "spectral_contrast_coeffs": {
        "max": [-0.482238411903, -0.559507608414, -0.533402442932, -0.605315327644, -0.589869618416, -0.62642800808],
        "mean": [-0.723607361317, -0.769965708256, -0.772698998451, -0.776905596256, -0.771754801273, -0.781193733215],
        "min": [-0.89228028059, -0.927567660809, -0.901679754257, -0.897197902203, -0.861230671406, -0.890924930573],
        "stdev": [0.0648468881845, 0.0592132210732, 0.0608449690044, 0.0570785999298, 0.0457231551409, 0.0398144051433]
    },
    "spectral_contrast_valleys": {
        "max": [-5.03967428207, -5.15176391602, -5.80615520477, -6.04788398743, -5.62513160706, -7.28485584259],
        "mean": [-6.24895095825, -6.6935839653, -7.21961212158, -7.18616580963, -6.9275135994, -9.66174983978],
        "min": [-8.3194694519, -8.23164367676, -9.09683895111, -9.0396232605, -8.44749164581, -11.6901893616],
        "stdev": [0.483786523342, 0.481724947691, 0.441001743078, 0.344261288643, 0.432834178209, 0.824224948883]
    }
},
"rhythm": {
    "beats_count": 63,
    "beats_loudness": {
        "max": 0.0655407309532,
        "mean": 0.037685032934,
        "min": 0.00905973557383,
        "stdev": 0.0105995936319
    },
    "bpm": 115.620330811,
    "bpm_histogram_first_peak_bpm": 115,
    "bpm_histogram_first_peak_weight": 0.450980424881,
    "bpm_histogram_second_peak_bpm": 129,
    "bpm_histogram_second_peak_spread": 0.125,
    "bpm_histogram_second_peak_weight": 0.112903222442,
    "danceability": 1.32231557369,
    "onset_rate": 3.99902319908,
    "beats_loudness_band_ratio": {
        "max": [0.912813484669, 0.719744920731, 0.295582532883, 0.366082072258, 0.331121504307, 0.554060280323],
        "mean": [0.545590698719, 0.121737003326, 0.086607709527, 0.0747461467981, 0.111652851105, 0.0882466882467],
        "min": [0.0196711085737, 0.0133489994332, 0.00695942575112, 0.0045420974493, 0.00860490836203, 0.00853931624442],
        "stdev": [0.209315106273, 0.125488594174, 0.0669034793973, 0.0760882422328, 0.0786228775978, 0.0887541994452]
    },
    "beats_position": [0.452789098024, 0.917188167572, 1.38158726692, 1.8575963974, 2.32199549675, 2.7863945961, 3.25079369545, 3.7151927948, 4.17959165573, 4.58594083786, 4.99229001999, 5.41024923325, 5.94430828094, 6.47836732864, 7.01242637634, 7.5464849472, 8.06893444061, 8.59138298035, 9.11383247375, 9.63628101349, 10.1471195221, 10.6695690155, 11.1920175552, 11.7144670486, 12.2253055573, 12.7477550507, 13.2585935593, 13.7694330215, 14.2802715302, 14.8027210236, 15.3251695633, 15.8360090256, 16.3584575653, 16.8809070587, 17.391746521, 17.9141941071, 18.4366436005, 18.9474830627, 19.458322525, 19.9807701111, 20.5032196045, 21.0140590668, 21.5248966217, 22.0473461151, 22.5697956085, 23.0806350708, 23.6030826569, 24.1255321503, 24.6363716125, 25.1472110748, 25.6696586609, 26.1804981232, 26.7029476166, 27.22539711, 27.747844696, 28.2586841583, 28.7695236206, 29.291973114, 29.8144207001, 30.3252601624, 30.8360996246, 31.358549118, 31.8809967041],
