{
"metadata": {
    "version": {
        "essentia": "2.1-beta5",
        "essentia_git_sha": "Undefined",
        "extractor": "music 2.0"
    },
    "audio_properties": {
        "analysis": {
            "equal_loudness": 0,
            "length": 52.2448997498,
            "sample_rate": 44100,
            "start_time": 12.7477550507,
            "downmix": "mix"
        },
        "bit_rate": 192000,
        "length": 195.14050293,
        "lossless": 0,
        "number_channels": 2,
        "replay_gain": -7.79335975647,
        "sample_rate": 44100,
        "codec": "mp3",
        "md5_encoded": "9e1861489d9d705023367f7104eba660"
    },
    "tags": {
        "file_name": "Austria_Weil Der Mensch Zählt_Alf Poier.mp3",
        "encoding": ["Lavf58.29.100"]
    }
},
"lowlevel": {
    "average_loudness": 0.954813301563,
    "barkbands_crest": {
        "max": 19.3616161346,
        "mean": 7.4997086525,
        "min": 1.88493108749,
        "stdev": 3.44615268707
    },
    "barkbands_flatness_db": {
        "max": 0.236561834812,
        "mean": 0.103565514088,
        "min": 0.0357559472322,
        "stdev": 0.0367732681334
    },
    "barkbands_kurtosis": {
        "max": 52.6772537231,
        "mean": 1.70668971539,
        "min": -1.93766140938,
        "stdev": 6.00427246094
    },
    "barkbands_skewness": {
        "max": 6.70325469971,
        "mean": 0.924229621887,
        "min": -2.84198331833,
        "stdev": 1.36601305008
    },
    "barkbands_spread": {
        "max": 113.196258545,
        "mean": 45.3210868835,
        "min": 4.32420253754,
        "stdev": 20.6347064972
    },
    "dissonance": {
        "max": 0.5,
        "mean": 0.48266351223,
        "min": 0.372590899467,
        "stdev": 0.014375529252
    },
    "dynamic_complexity": 2.91049575806,
    "erbbands_crest": {
        "max": 27.885509491,
        "mean": 6.47647666931,
        "min": 2.27333045006,
        "stdev": 3.17596387863
    },
    "erbbands_flatness_db": {
        "max": 0.253114163876,
        "mean": 0.123414158821,
        "min": 0.0674751698971,
        "stdev": 0.027491338551
    },
    "erbbands_kurtosis": {
        "max": 17.1731777191,
        "mean": 0.125090554357,
        "min": -1.63230979443,
        "stdev": 1.8385733366
    },
    "erbbands_skewness": {
        "max": 2.02044701576,
        "mean": -0.434973359108,
        "min": -3.37928676605,
        "stdev": 0.71725410223
    },
    "erbbands_spread": {
        "max": 138.334564209,
        "mean": 54.2179832458,
        "min": 8.54500579834,
        "stdev": 21.8687953949
    },
    "hfc": {
        "max": 337.585510254,
        "mean": 37.8653564453,
        "min": 1.10504949093,
        "stdev": 44.0020751953
    },
    "loudness_ebu128": {
        "integrated": -16.539276123,
        "loudness_range": 2.64115524292,
        "momentary": {
            "max": -13.0918169022,
            "mean": -17.0270252228,
            "min": -25.0453910828,
            "stdev": 2.27865409851
        },
        "short_term": {
            "max": -14.555688858,
            "mean": -16.6932907104,
            "min": -19.6250762939,
            "stdev": 1.00147533417
        }
    },
    "melbands_crest": {
        "max": 26.6230297089,
        "mean": 12.9366397858,
        "min": 2.56640744209,
        "stdev": 4.97555303574
    },
    "melbands_flatness_db": {
        "max": 0.32639080286,
        "mean": 0.130436316133,
        "min": 0.0112416064367,
        "stdev": 0.0635967329144
    },
    "melbands_kurtosis": {
        "max": 170.020202637,
        "mean": 14.1078500748,
        "min": -1.82311809063,
        "stdev": 22.8911876678
    },
    "melbands_skewness": {
        "max": 11.1333703995,
        "mean": 2.82359027863,
        "min": -0.554342567921,
        "stdev": 2.02237606049
    },
    "melbands_spread": {
        "max": 252.776077271,
        "mean": 53.2865829468,
        "min": 2.20334839821,
        "stdev": 39.2841835022
    },
    "pitch_salience": {
        "max": 0.870606482029,
        "mean": 0.605238974094,
        "min": 0.216390863061,
        "stdev": 0.106932297349
    },
    "silence_rate_20dB": {
        "max": 1,
        "mean": 1,
        "min": 1,
        "stdev": 0
    },
    "silence_rate_30dB": {
        "max": 1,
        "mean": 1,
        "min": 1,
        "stdev": 0
    },
    "silence_rate_60dB": {
        "max": 1,
        "mean": 0.119946688414,
        "min": 0,
        "stdev": 0.324900925159
    },
    "spectral_centroid": {
        "max": 4935.97216797,
        "mean": 2246.20556641,
        "min": 378.326416016,
        "stdev": 835.462097168
    },
    "spectral_complexity": {
        "max": 56,
        "mean": 18.6605949402,
        "min": 1,
        "stdev": 11.9696378708
    },
    "spectral_decrease": {
        "max": -1.85630899541e-10,
        "mean": -4.64648808318e-09,
        "min": -1.89358004832e-08,
        "stdev": 3.44455219903e-09
    },
    "spectral_energy": {
        "max": 0.0803178846836,
        "mean": 0.0209714248776,
        "min": 0.000840873399284,
        "stdev": 0.0150628779083
    },
    "spectral_energyband_high": {
        "max": 0.0406047441065,
        "mean": 0.00356336100958,
        "min": 4.47608763352e-05,
        "stdev": 0.00527963042259
    },
    "spectral_energyband_low": {
        "max": 0.048906031996,
        "mean": 0.007827706635,
        "min": 2.61396089627e-05,
        "stdev": 0.00867809262127
    },
    "spectral_energyband_middle_high": {
        "max": 0.0300562363118,
        "mean": 0.00427615595981,
        "min": 0.000236724969,
        "stdev": 0.00485562859103
    },
    "spectral_energyband_middle_low": {
        "max": 0.0544229485095,
        "mean": 0.00627053948119,
        "min": 0.000112709523819,
        "stdev": 0.00655724760145
    },
    "spectral_entropy": {
        "max": 8.90414714813,
        "mean": 8.11544513702,
        "min": 7.06348085403,
        "stdev": 0.306818068027
    },
    "spectral_flux": {
        "max": 0.220674619079,
        "mean": 0.0818585157394,
        "min": 0.0170036107302,
        "stdev": 0.0411419458687
    },
    "spectral_kurtosis": {
        "max": 10.2213335037,
        "mean": 1.63455665112,
        "min": -1.10374760628,
        "stdev": 1.39117622375
    },
    "spectral_rms": {
        "max": 0.00885205715895,
        "mean": 0.00417836848646,
        "min": 0.000905739609152,
        "stdev": 0.00173238979187
    },
    "spectral_rolloff": {
        "max": 12360.0585938,
        "mean": 3946.39990234,
        "min": 107.666015625,
        "stdev": 2996.32202148
    },
    "spectral_skewness": {
        "max": 1.95448517799,
        "mean": 1.01701498032,
        "min": 0.125180125237,
        "stdev": 0.301123023033
    },
    "spectral_spread": {
        "max": 12887216,
        "mean": 6123875,
        "min": 2519564.25,
        "stdev": 1596807.625
    },
    "spectral_strongpeak": {
        "max": 17.1984062195,
        "mean": 0.679729878902,
        "min": 0,
        "stdev": 1.38161635399
    },
    "zerocrossingrate": {
        "max": 0.357421875,
        "mean": 0.123705871403,
        "min": 0.015625,
        "stdev": 0.0662855729461
    },
    "barkbands": {
        "max": [0.0011039506644, 0.0338768102229, 0.026762329042, 0.0328001081944, 0.0377477779984, 0.0242282301188, 0.0309206806123, 0.0169905219227, 0.0214731413871, 0.00727540208027, 0.0116658098996, 0.00817011203617, 0.0100309615955, 0.0137037485838, 0.00882138032466, 0.0113699389622, 0.0124626653269, 0.00645886687562, 0.00757491122931, 0.00932906940579, 0.0088010514155, 0.0122357662767, 0.014348895289, 0.0112753836438, 0.0105622410774, 0.0079722860828, 2.15584441321e-06],
        "mean": [0.000154977722559, 0.00355420610867, 0.00321138766594, 0.00198237108998, 0.00159896851983, 0.000930832291488, 0.000736733374652, 0.000413715752074, 0.000521658745129, 0.000348932342604, 0.000352600618498, 0.00026835189783, 0.000385146500776, 0.000393979047658, 0.000329370464897, 0.000445829500677, 0.000558916770387, 0.000441610842245, 0.000470009195851, 0.000545015907846, 0.000623066385742, 0.000659154378809, 0.00064690207364, 0.000713203044143, 0.000450099178124, 0.000234401071793, 1.75694780946e-09],
        "min": [3.29407976096e-06, 4.76864261145e-06, 1.94052245206e-06, 4.52429475217e-07, 5.62891364098e-06, 1.69449367604e-06, 2.49733784585e-06, 1.24696111925e-06, 8.19954402687e-06, 2.77078493127e-06, 1.94621247829e-06, 4.58617523691e-06, 6.64231311021e-06, 5.91613934375e-06, 9.78505522653e-06, 7.97756729298e-06, 9.98226641968e-06, 8.54189238453e-06, 9.61867135629e-06, 1.01168652691e-05, 9.83162226476e-06, 4.9455388762e-06, 7.20450634617e-06, 7.77893819759e-06, 2.07362745641e-06, 1.46221861996e-06, 3.35346472813e-11],
        "stdev": [0.000128374507767, 0.00493564456701, 0.00414883252233, 0.00275589386001, 0.00294215162285, 0.00168542284518, 0.00172000168823, 0.00116071267985, 0.00122963823378, 0.000763286545407, 0.000987852341495, 0.000633348245174, 0.000879130326211, 0.000867077964358, 0.000672064605169, 0.000947401102167, 0.000901703897398, 0.000716536713298, 0.000685307721142, 0.000858680927195, 0.00100351695437, 0.00124550657347, 0.00109313777648, 0.00108910561539, 0.000951557478402, 0.000519859313499, 4.54338930922e-08]
    },
    "erbbands": {
        "max": [0.702896952629, 8.72397899628, 25.6483688354, 60.2945480347, 149.083282471, 95.1885604858, 86.6474151611, 293.030761719, 350.290802002, 848.440917969, 395.254150391, 580.053283691, 404.68371582, 580.358886719, 395.211853027, 372.658843994, 494.52142334, 821.476806641, 406.615478516, 515.319580078, 720.385559082, 779.662536621, 397.85256958, 272.407958984, 453.61706543, 572.732299805, 328.571472168, 434.358062744, 434.005310059, 344.035675049, 398.999328613, 197.987228394, 280.094512939, 145.378967285, 61.5325317383, 66.7493972778, 3.47644305229, 0.0786820948124, 0.00452474411577, 0.000636482727714],
        "mean": [0.0696023926139, 0.92823600769, 3.30732607841, 5.63817071915, 6.74118328094, 4.66433095932, 5.36912679672, 8.46926593781, 9.20589733124, 12.1663331985, 8.62474632263, 11.6618556976, 10.2566566467, 14.0699806213, 12.7307224274, 11.713347435, 17.7753143311, 20.366312027, 17.3831233978, 19.1782188416, 26.098739624, 33.1557388306, 26.1860141754, 20.7380962372, 27.9424514771, 25.559431076, 20.4455413818, 27.178155899, 22.8337421417, 22.2431430817, 17.9140930176, 15.3758573532, 11.5237016678, 6.17149925232, 2.56578421593, 2.08420681953, 0.105649486184, 0.00253798579797, 0.000176139379619, 5.17222324561e-05],
        "min": [0.000191085113329, 0.000759837159421, 0.00254196417518, 0.00512372143567, 0.010896069929, 0.0207078475505, 0.0202178284526, 0.0355892218649, 0.038170017302, 0.0941750258207, 0.147142738104, 0.176991909742, 0.155544653535, 0.235812440515, 0.132984817028, 0.283374935389, 0.423893392086, 0.537369310856, 0.615640282631, 0.49320307374, 0.628798782825, 0.641041338444, 0.537498295307, 0.327317535877, 0.635428488255, 0.438691705465, 0.407797634602, 0.375218480825, 0.178905904293, 0.177017569542, 0.228850096464, 0.15250647068, 0.110938534141, 0.0340627022088, 0.0101708099246, 0.0132918786258, 0.000734646164346, 1.87886398635e-05, 1.97554504666e-06, 1.54776432737e-06],
        "stdev": [0.0987606570125, 1.30216646194, 4.11281490326, 6.53958511353, 11.5351581573, 8.71667766571, 8.13752555847, 18.212677002, 20.7904930115, 35.6296768188, 20.5299568176, 29.1365013123, 21.2851486206, 34.7077255249, 33.6838569641, 26.8337421417, 40.4262771606, 44.573387146, 33.0623931885, 35.8643035889, 53.4594802856, 53.5893783569, 39.7650260925, 29.7391624451, 43.6877174377, 40.1588401794, 32.4451332092, 46.6514053345, 44.450630188, 38.8677024841, 29.9402885437, 21.6907196045, 20.6826381683, 13.1415519714, 5.2978014946, 4.57931137085, 0.232355594635, 0.00545890349895, 0.000341415579896, 5.97067592025e-05]
    },
    "gfcc": {
        "mean": [20.0341205597, 48.5789604187, -112.155921936, 58.0294647217, -69.1542434692, 30.6679039001, -48.5823287964, 16.3937950134, -28.8804016113, 4.17792320251, -20.1676502228, -2.06875658035, -13.5496082306],
        "cov": [[2634.65161133, -475.568725586, 254.744613647, 171.651870728, -91.8412780762, -55.1742935181, -39.0996131897, 29.5443153381, -135.086090088, 15.337518692, -9.93520736694, 18.8474826813, -48.2849960327], [-475.568725586, 1086.54077148, -93.2540435791, 86.5863723755, 308.784820557, -67.2828598022, 99.3746261597, 24.4238758087, 129.144104004, -71.6062469482, 84.5090103149, -88.1259384155, 13.5137147903], [254.744613647, -93.2540435791, 591.321533203, 178.844573975, -18.03307724, 76.200920105, -24.2977848053, -21.7715549469, -25.7704124451, 27.8137607574, -11.0611572266, 3.00214910507, -14.5075721741], [171.651870728, 86.5863723755, 178.844573975, 251.817169189, 119.681350708, -23.3985004425, 4.52316331863, -0.116460099816, 29.4368362427, -5.81298112869, 12.3013467789, 4.83126688004, 4.52585697174], [-91.8412780762, 308.784820557, -18.03307724, 119.681350708, 287.88092041, 46.9817237854, 34.1524200439, 45.0083045959, 45.9346237183, -29.6933689117, 27.6561870575, -27.230381012, 8.90635204315], [-55.1742935181, -67.2828598022, 76.200920105, -23.3985004425, 46.9817237854, 239.98008728, 129.50843811, -4.45813083649, -23.2335071564, 17.1616458893, -6.16580724716, -3.7996878624, -4.6452126503], [-39.0996131897, 99.3746261597, -24.2977848053, 4.52316331863, 34.1524200439, 129.50843811, 186.723937988, 30.8412914276, 5.87063932419, 13.1366071701, 12.0364522934, -17.8478355408, 0.537854850292], [29.5443153381, 24.4238758087, -21.7715549469, -0.116460099816, 45.0083045959, -4.45813083649, 30.8412914276, 94.4844055176, 44.0150413513, 7.87459468842, 8.54887008667, -9.66845035553, -0.287961095572], [-135.086090088, 129.144104004, -25.7704124451, 29.4368362427, 45.9346237183, -23.2335071564, 5.87063932419, 44.0150413513, 106.815681458, 22.6610031128, 6.45104789734, -13.4358901978, 4.75451087952], [15.337518692, -71.6062469482, 27.8137607574, -5.81298112869, -29.6933689117, 17.1616458893, 13.1366071701, 7.87459468842, 22.6610031128, 66.8214569092, 12.8138713837, -2.33065676689, -4.01250123978], [-9.93520736694, 84.5090103149, -11.0611572266, 12.3013467789, 27.6561870575, -6.16580724716, 12.0364522934, 8.54887008667, 6.45104789734, 12.8138713837, 63.5238418579, 12.3679628372, -5.06433677673], [18.8474826813, -88.1259384155, 3.00214910507, 4.83126688004, -27.230381012, -3.7996878624, -17.8478355408, -9.66845035553, -13.4358901978, -2.33065676689, 12.3679628372, 58.8947219849, 19.1442089081], [-48.2849960327, 13.5137147903, -14.5075721741, 4.52585697174, 8.90635204315, -4.6452126503, 0.537854850292, -0.287961095572, 4.75451087952, -4.01250123978, -5.06433677673, 19.1442089081, 42.2458763123]],
        "icov": [[0.000514029059559, 0.000104103404738, 1.3632829905e-05, -0.000620181672275, 0.000218141663936, 0.000110009517812, 6.84803017066e-05, -0.000726432714146, 0.000970238354057, -0.000229493743973, 1.91041053768e-05, 0.000129747350002, 0.000398117932491], [0.000104103404738, 0.00553431129083, -0.00291202543303, 0.00549199990928, -0.00681166304275, 0.00753424176946, -0.00812705140561, 0.00811203289777, -0.00750592304394, 0.00711353961378, -0.00656827865168, 0.00483981519938, -0.00227669277228], [1.3632829905e-05, -0.00291202543303, 0.0053148213774, -0.00761109776795, 0.00653254985809, -0.00799312628806, 0.00782942399383, -0.00639650784433, 0.00531282415614, -0.0040360535495, 0.0022819605656, 0.000276648002909, 0.000355166004738], [-0.000620181672275, 0.00549199990928, -0.00761109776795, 0.0181368328631, -0.0145708359778, 0.0149896899238, -0.0146618895233, 0.0142361465842, -0.0111988345161, 0.00600297143683, -0.00314861023799, -0.00238274014555, 0.000514242565259], [0.000218141663936, -0.00681166304275, 0.00653254985809, -0.0145708359778, 0.0191598962992, -0.0167939011008, 0.0157465282828, -0.015527700074, 0.00881438236684, -0.00301907793619, 0.00110699329525, 0.00306834303774, -0.00249616988003], [0.000110009517812, 0.00753424176946, -0.00799312628806, 0.0149896899238, -0.0167939011008, 0.0245894938707, -0.0222167875618, 0.0165301691741, -0.00931519269943, 0.00494665326551, -0.00211329199374, -0.00196942780167, 0.00216205231845], [6.84803017066e-05, -0.00812705140561, 0.00782942399383, -0.0146618895233, 0.0157465282828, -0.0222167875618, 0.0268635693938, -0.01861349307, 0.0123786432669, -0.00853392109275, 0.0033465786837, 0.00198583258316, -0.00199649017304], [-0.000726432714146, 0.00811203289777, -0.00639650784433, 0.0142361465842, -0.015527700074, 0.0165301691741, -0.01861349307, 0.0303366221488, -0.0185768157244, 0.00950449518859, -0.00759229110554, 0.00273823854513, -0.000769554055296], [0.000970238354057, -0.00750592304394, 0.00531282415614, -0.0111988345161, 0.00881438236684, -0.00931519269943, 0.0123786432669, -0.0185768157244, 0.0275917649269, -0.0167081709951, 0.01005751919, -0.0037034067791, 0.00155910023022], [-0.000229493743973, 0.00711353961378, -0.0040360535495, 0.00600297143683, -0.00301907793619, 0.00494665326551, -0.00853392109275, 0.00950449518859, -0.0167081709951, 0.031679969281, -0.0164744798094, 0.0109382933006, -0.00525545747951], [1.91041053768e-05, -0.00656827865168, 0.0022819605656, -0.00314861023799, 0.00110699329525, -0.00211329199374, 0.0033465786837, -0.00759229110554, 0.01005751919, -0.0164744798094, 0.0321011543274, -0.0186404827982, 0.0122824730352], [0.000129747350002, 0.00483981519938, 0.000276648002909, -0.00238274014555, 0.00306834303774, -0.00196942780167, 0.00198583258316, 0.00273823854513, -0.0037034067791, 0.0109382933006, -0.0186404827982, 0.0364536307752, -0.0192179027945], [0.000398117932491, -0.00227669277228, 0.000355166004738, 0.000514242565259, -0.00249616988003, 0.00216205231845, -0.00199649017304, -0.000769554055296, 0.00155910023022, -0.00525545747951, 0.0122824730352, -0.0192179027945, 0.0352118611336]]
    },
    "melbands": {
        "max": [0.00832040980458, 0.0111124617979, 0.0106973946095, 0.00978054571897, 0.00263315811753, 0.00569482985884, 0.00471768062562, 0.00787208229303, 0.00264834985137, 0.00320858415216, 0.00196340796538, 0.00225389143452, 0.00170351401903, 0.00116812461056, 0.000978624681011, 0.00122803275008, 0.00173500960227, 0.000896183773875, 0.000853129080497, 0.000545466144104, 0.00100377993658, 0.000797817192506, 0.000509883451741, 0.000351363414666, 0.000218788482016, 0.000286887894617, 0.000437579117715, 0.000395962008042, 0.000220162750338, 0.000218441549805, 0.000331839051796, 0.000313357042614, 0.000189786922419, 0.00021347180882, 0.000210337311728, 0.000263114867266, 0.000108993182948, 0.000154252396896, 0.000285032670945, 0.000114800939627],
        "mean": [0.000825880037155, 0.00158454221673, 0.00103400426451, 0.000398827891331, 0.000187303245184, 0.000184684278793, 0.000142740871524, 0.000125898295664, 7.02831312083e-05, 7.34655695851e-05, 5.00169844599e-05, 5.58723622817e-05, 4.71221210319e-05, 2.8445298085e-05, 3.77351643692e-05, 3.81912723242e-05, 3.76374664484e-05, 2.78196366708e-05, 2.48937049037e-05, 2.63231177087e-05, 3.13235614158e-05, 3.3480253478e-05, 2.99787789118e-05, 1.97568242584e-05, 1.58623861353e-05, 1.90182036022e-05, 2.14397678064e-05, 1.55477464432e-05, 1.16501541925e-05, 1.47943710544e-05, 1.64837601915e-05, 1.28916244648e-05, 1.26880113385e-05, 1.21425318866e-05, 9.97466486297e-06, 1.04631017166e-05, 8.84511064214e-06, 7.79439233156e-06, 7.66709399613e-06, 4.38633378508e-06],
        "min": [1.77565186732e-06, 1.25316410049e-06, 1.3022231542e-06, 7.53777726459e-07, 8.62697277171e-07, 5.14705504884e-07, 5.30726879333e-07, 1.05761716895e-06, 9.23982156564e-07, 1.18819082218e-06, 6.97505925018e-07, 6.21501555997e-07, 3.04968324372e-07, 5.08045957304e-07, 9.00864222331e-07, 7.33630997729e-07, 8.06757043392e-07, 6.26899065992e-07, 6.28345958376e-07, 4.07951915804e-07, 6.62655850192e-07, 5.20598689491e-07, 5.87630665905e-07, 2.57587799979e-07, 1.38876814049e-07, 3.17151176432e-07, 3.04584119704e-07, 2.44477575961e-07, 1.78117090854e-07, 1.83292357292e-07, 1.86585097595e-07, 8.40553155967e-08, 1.01139434605e-07, 9.55387520207e-08, 1.24200184359e-07, 1.06232505459e-07, 8.32774205151e-08, 8.62153441972e-08, 4.32410267592e-08, 1.81914394659e-08],
        "stdev": [0.00113086588681, 0.00189681525808, 0.00118414626922, 0.000747840967961, 0.000257221719949, 0.000367233675206, 0.000316371908411, 0.000361769110896, 0.000166863334016, 0.000179060720257, 0.000106878134829, 0.000139455514727, 0.000135235721245, 6.84446786181e-05, 8.98872967809e-05, 8.83780085132e-05, 8.65721231094e-05, 5.74133628106e-05, 5.37037667527e-05, 5.31013502041e-05, 6.96946881362e-05, 5.65826958336e-05, 4.85782366013e-05, 3.35330732923e-05, 2.35995685216e-05, 2.91952164844e-05, 3.74314513465e-05, 2.59159878624e-05, 1.97199515242e-05, 2.47390835284e-05, 3.1793362723e-05, 2.67835039267e-05, 2.32396032516e-05, 2.15952641156e-05, 1.75731802301e-05, 1.63488894032e-05, 1.2386821254e-05, 1.3050722373e-05, 1.69087597897e-05, 9.60740271694e-06]
    },
    "melbands128": {
        "max": [0.000717251910828, 0.00523246917874, 0.0143954278901, 0.0164198111743, 0.0140177356079, 0.013219665736, 0.0123578077182, 0.0167979225516, 0.0179872959852, 0.0128487572074, 0.00501020811498, 0.00354356854223, 0.00395830860361, 0.00420915568247, 0.0109753506258, 0.00691434275359, 0.00700926361606, 0.0064313840121, 0.0073918569833, 0.0160865336657, 0.00558288581669, 0.00658558961004, 0.00411465018988, 0.00534385303035, 0.00649199914187, 0.00340078957379, 0.00455478299409, 0.00232634809799, 0.00160921202041, 0.00234116683714, 0.00478032790124, 0.00295581226237, 0.00358779961243, 0.00177043885924, 0.00135587947443, 0.00196665502153, 0.00178703269921, 0.00165387522429, 0.0019559415523, 0.00244322628714, 0.00153918738943, 0.00293232756667, 0.00368952518329, 0.00150605023373, 0.00205638073385, 0.000963992846664, 0.00158196268603, 0.00172377948184, 0.00199635722674, 0.00121005938854, 0.000864308152813, 0.00135180016514, 0.00168806454167, 0.00133445637766, 0.000647961802315, 0.00107092119288, 0.00157850584947, 0.000960356730502, 0.00065214902861, 0.000767515040934, 0.000700237927958, 0.00102746649645, 0.000309652328724, 0.000282830966171, 0.000222132104682, 0.000553242571186, 0.000479978392832, 0.000796295120381, 0.000880153966136, 0.000874465971719, 0.000689672247972, 0.000265518960077, 0.000309286406264, 0.000221929891268, 0.000223754905164, 0.000266911578365, 0.000488473975565, 0.000293171877274, 0.000550336146262, 0.000676918483805, 0.000525926297996, 0.000320124352584, 0.000326011475408, 0.000197817891603, 0.000304043845972, 0.000308911432512, 0.0002033081837, 0.00033118846477, 0.000166195590282, 0.000317261437885, 0.000508514000103, 0.000211669568671, 0.000257215171587, 0.000153767046868, 0.000144823628943, 0.000105617531517, 0.000178345741006, 0.000319939805195, 0.00031328049954, 0.000306408241158, 0.000201239818125, 0.000157809554366, 0.000110584973299, 6.1789083702e-05, 6.38099736534e-05, 0.00011175567488, 0.000112426838314, 0.000147507933434, 0.000220153320697, 0.000147330734762, 7.56680128688e-06, 2.84028160991e-08, 2.31118253424e-08, 1.97240002109e-08, 1.71969745111e-08, 1.51514605307e-08, 1.34797426554e-08, 1.2082104206e-08, 1.09455822184e-08, 9.98587434964e-09, 9.21634502049e-09, 8.53955484104e-09, 7.9728215141e-09, 7.5011881151e-09, 7.1459380635e-09, 6.8658572161e-09, 6.67756605566e-09, 6.53829079766e-09],
        "mean": [7.76726883487e-05, 0.000395190087147, 0.00113942357711, 0.00164882163517, 0.00167040328961, 0.00159626011737, 0.00114201544784, 0.000995078939013, 0.000679427641444, 0.000356371252565, 0.000232846956351, 0.000168421771377, 0.000170940620592, 0.000209088946576, 0.000225943222176, 0.000142032367876, 0.000128564468469, 0.000155619680299, 0.000134947113111, 0.000160931609571, 0.000103591628431, 7.23948323866e-05, 5.52179990336e-05, 8.48319468787e-05, 8.03910807008e-05, 6.88564978191e-05, 5.92681535636e-05, 4.36903792433e-05, 4.64693475806e-05, 5.35152103112e-05, 6.2512983277e-05, 5.40958935744e-05, 5.53093268536e-05, 3.24715038005e-05, 2.8664855563e-05, 2.76003593171e-05, 2.66634342552e-05, 3.96247814933e-05, 4.39815303253e-05, 3.91898211092e-05, 3.38262943842e-05, 4.07312472817e-05, 4.1341951146e-05, 3.44512991433e-05, 3.04239274556e-05, 2.64114314632e-05, 2.51938890869e-05, 2.42912519752e-05, 2.46917952609e-05, 2.66957467829e-05, 2.59096232185e-05, 2.60048891505e-05, 3.34800388373e-05, 3.37617530022e-05, 2.57029678323e-05, 3.34157593898e-05, 4.14020869357e-05, 3.25662003888e-05, 2.73186506092e-05, 2.13671737583e-05, 2.05170726986e-05, 1.75424229383e-05, 1.48085637193e-05, 1.60528506967e-05, 1.61565512826e-05, 1.80675469892e-05, 2.16310472752e-05, 2.19127832679e-05, 2.1066996851e-05, 2.16344014916e-05, 1.56783462444e-05, 1.25833803395e-05, 1.23532845464e-05, 1.10140708784e-05, 1.1063407328e-05, 1.44833675222e-05, 1.81603008969e-05, 1.29693089548e-05, 1.84431046364e-05, 1.77884030563e-05, 1.1628435459e-05, 1.186764257e-05, 1.21177763504e-05, 1.21777511595e-05, 1.46431857502e-05, 1.1807559531e-05, 1.21036546261e-05, 1.05771687231e-05, 9.21647369978e-06, 9.78758998826e-06, 1.11961790026e-05, 9.84171674645e-06, 1.12937796075e-05, 8.15579460323e-06, 8.70288386068e-06, 6.36862023384e-06, 7.9114925029e-06, 9.22102663026e-06, 7.91901311459e-06, 7.17182820154e-06, 5.24136657987e-06, 4.11675637224e-06, 3.00445003631e-06, 2.34839149016e-06, 2.35289303419e-06, 2.69453585133e-06, 3.50946584149e-06, 4.43692897534e-06, 5.15535430168e-06, 3.81039967579e-06, 1.65185539913e-07, 1.01218977644e-10, 2.54725719684e-11, 1.63198950881e-11, 1.32188218704e-11, 1.15026087613e-11, 1.02597843415e-11, 9.34327441804e-12, 8.55892006574e-12, 7.96142752418e-12, 7.49652163262e-12, 7.09292260342e-12, 6.74490801753e-12, 6.45903079285e-12, 6.24405215033e-12, 6.08072446562e-12, 5.96389257423e-12, 5.87849127015e-12],
        "min": [6.28471008568e-09, 1.92426739432e-07, 7.05556260527e-07, 1.67450878052e-07, 1.17587774184e-06, 8.57844383972e-07, 5.6438102547e-07, 2.56539777865e-07, 1.4704838236e-07, 3.30351042521e-07, 4.92332752344e-08, 2.68866699571e-07, 1.01101647942e-07, 1.2981909947e-07, 1.80370165026e-07, 5.45129275054e-08, 3.31521079033e-07, 2.00922443128e-07, 2.37630757738e-07, 2.87025812895e-07, 1.26767716324e-07, 2.0318999816e-07, 1.70924835174e-07, 2.42681949203e-07, 2.95484113622e-07, 2.65478433903e-07, 1.45854826883e-07, 1.84110049872e-07, 3.04964459019e-07, 1.87668149465e-07, 1.45284701603e-07, 2.42304594167e-07, 1.24882433283e-07, 2.81730649476e-07, 2.90046500595e-07, 2.05472815651e-07, 7.43469001918e-08, 1.54327068458e-07, 2.72631979215e-07, 1.39247362085e-07, 2.76921980458e-07, 3.26757657376e-07, 1.77230802478e-07, 2.63556074742e-07, 1.89813903262e-07, 2.35875390331e-07, 1.15390790256e-07, 3.50203180233e-07, 1.43015341791e-07, 2.31769774928e-07, 1.82877457178e-07, 2.16109199869e-07, 3.41962390848e-07, 2.12423842072e-07, 2.26007074389e-07, 1.3079905159e-07, 3.1223819974e-07, 3.0550799579e-07, 1.74496889827e-07, 1.26867604422e-07, 2.05452209912e-07, 5.69065186085e-08, 1.06472050732e-07, 1.11912115131e-07, 1.43103946471e-07, 1.41778869533e-07, 1.22322589391e-07, 1.34187828849e-07, 1.48542639522e-07, 1.86977501926e-07, 1.04982945004e-07, 1.56959885089e-07, 1.19438027468e-07, 8.4619188101e-08, 8.8027405809e-08, 1.04658951727e-07, 1.41679961985e-07, 6.82941134755e-08, 1.06294812952e-07, 8.4400568312e-08, 6.43386144361e-08, 5.1742095053e-08, 8.3148115948e-08, 7.42269321563e-08, 9.53113357127e-08, 6.05323293712e-08, 9.19590803505e-08, 6.46089119982e-08, 5.30713855085e-08, 8.15073519789e-08, 8.08664779584e-08, 9.35383042133e-08, 7.9006191811e-08, 8.80186874497e-08, 5.93706062091e-08, 2.95494970715e-08, 5.05408479512e-08, 3.6706108375e-08, 3.07080476603e-08, 2.18268851881e-08, 1.63835025546e-08, 1.52129651099e-08, 1.02827044657e-08, 9.54233669859e-09, 7.09145764333e-09, 9.07986930088e-09, 7.97814792008e-09, 1.53280996784e-08, 2.55134722238e-08, 2.0665888556e-08, 3.28721966314e-10, 1.89394398602e-13, 9.85644806875e-14, 1.01519216211e-13, 9.60301377805e-14, 1.0277954025e-13, 6.619351741e-14, 9.44217916203e-14, 9.61731304945e-14, 1.0007102704e-13, 9.50691077511e-14, 1.01630814495e-13, 8.84942008453e-14, 8.37607435668e-14, 8.05725996447e-14, 9.99138990401e-14, 9.57327140195e-14, 9.8723194333e-14],
        "stdev": [8.71452939464e-05, 0.000636956014205, 0.00176875630859, 0.00248070294037, 0.00220788945444, 0.00209639687091, 0.00141893874388, 0.00148266018368, 0.0013354215771, 0.00097599910805, 0.000465785298729, 0.000297525490168, 0.000334654847393, 0.000401220924687, 0.000623986357823, 0.000359654106433, 0.00034959250479, 0.00048771983711, 0.000407512299716, 0.000623544445261, 0.000340016384143, 0.000296433659969, 0.000167287129443, 0.000288192852167, 0.000274074147455, 0.000191816085135, 0.000187877376447, 0.00013827093062, 0.000130737826112, 0.000157933754963, 0.000230975230807, 0.000182426403626, 0.000230086006923, 0.0001147849689, 8.3023449406e-05, 0.000101190933492, 8.23460650281e-05, 0.000122650628327, 0.000143175362609, 0.000133503985126, 0.000108859858301, 0.000127817489556, 0.000132003129693, 0.000104387581814, 9.31477698032e-05, 7.02175530023e-05, 7.15477726771e-05, 7.83185241744e-05, 7.71202976466e-05, 6.77558418829e-05, 7.08780789864e-05, 7.57002126193e-05, 9.62046178756e-05, 9.38039956964e-05, 5.57611929253e-05, 7.33485940145e-05, 8.63246023073e-05, 6.91829554853e-05, 5.97980651946e-05, 4.34245775978e-05, 4.32155648014e-05, 4.26489350502e-05, 2.76528826362e-05, 2.78489806078e-05, 2.57691408478e-05, 3.29009235429e-05, 4.08331034123e-05, 4.5922715799e-05, 4.70448649139e-05, 4.23945348302e-05, 3.23441381624e-05, 2.37864187511e-05, 2.34278613789e-05, 2.03244999284e-05, 2.15850359382e-05, 2.62461744569e-05, 3.44526779372e-05, 2.5027366064e-05, 4.21598597313e-05, 4.20784308517e-05, 2.80090116576e-05, 2.6839066777e-05, 2.72107863566e-05, 2.20041092689e-05, 2.84364450636e-05, 2.270875666e-05, 2.24635132327e-05, 2.31262547459e-05, 1.66190329765e-05, 1.91806411749e-05, 2.10714915738e-05, 1.63276945386e-05, 1.89718484762e-05, 1.31834094645e-05, 1.32708555611e-05, 1.0039461813e-05, 1.39525336635e-05, 2.04409861908e-05, 1.87535515579e-05, 1.73849584826e-05, 1.20111308206e-05, 1.01814430309e-05, 6.53295091979e-06, 5.17576017955e-06, 5.13973827765e-06, 5.94334505877e-06, 8.24306334835e-06, 1.02064659586e-05, 1.23117570183e-05, 8.76317699294e-06, 4.2968341063e-07, 7.97218846493e-10, 5.23014853648e-10, 4.21251478144e-10, 3.63537866477e-10, 3.19619636313e-10, 2.84186063571e-10, 2.54680110334e-10, 2.30668970036e-10, 2.10442482884e-10, 1.94225968642e-10, 1.79965570224e-10, 1.68025121594e-10, 1.5808902798e-10, 1.50604778648e-10, 1.44704137561e-10, 1.4073746335e-10, 1.37803643496e-10]
    },
    "mfcc": {
        "mean": [-616.045898438, 67.2461776733, 16.2573413849, 24.7573051453, 10.4511203766, 9.48270702362, 0.435513705015, 5.9283914566, -0.766963660717, 3.48998641968, -2.43521761894, 1.83131062984, -3.64542841911],
        "cov": [[2507.38305664, -451.038787842, 117.925720215, 135.321609497, -53.5200576782, -82.1739654541, 47.2007446289, -25.6430549622, -67.3176651001, -70.6631774902, 9.68391036987, -23.7902355194, 11.3804521561], [-451.038787842, 849.139648438, -187.593200684, 123.871665955, 140.651168823, -3.53110170364, 34.3754425049, 66.1935501099, 6.30388069153, 99.2751083374, 25.7567081451, 6.18117284775, -6.60861825943], [117.925720215, -187.593200684, 551.279174805, 58.0835647583, -2.43636894226, 75.8713607788, 12.0265846252, -37.0104179382, -5.94909572601, -34.6363601685, -4.68823242188, 7.66115093231, 9.58412075043], [135.321609497, 123.871665955, 58.0835647583, 313.985931396, 141.222213745, -31.0378265381, -32.6582565308, 7.9704618454, 2.24089431763, -7.68049907684, 4.71703577042, 8.30230045319, 27.9945411682], [-53.5200576782, 140.651168823, -2.43636894226, 141.222213745, 244.872467041, 9.83352184296, -5.17836713791, 25.0390663147, 10.6440448761, 10.8329172134, -5.85299253464, 8.30909538269, 10.3001880646], [-82.1739654541, -3.53110170364, 75.8713607788, -31.0378265381, 9.83352184296, 191.34664917, 99.7598648071, 32.9007263184, 28.3258323669, 17.8404941559, 17.317401886, -1.20375180244, -23.1221218109], [47.2007446289, 34.3754425049, 12.0265846252, -32.6582565308, -5.17836713791, 99.7598648071, 169.764480591, 58.1299514771, 11.1626367569, 29.6626415253, 20.100025177, -0.0958981961012, -10.573433876], [-25.6430549622, 66.1935501099, -37.0104179382, 7.9704618454, 25.0390663147, 32.9007263184, 58.1299514771, 91.8470993042, 29.7781047821, 20.5639400482, 9.61148548126, 5.8465886116, -1.94467639923], [-67.3176651001, 6.30388069153, -5.94909572601, 2.24089431763, 10.6440448761, 28.3258323669, 11.1626367569, 29.7781047821, 93.2412109375, 36.5118942261, 15.6372880936, 3.96490287781, -6.61797809601], [-70.6631774902, 99.2751083374, -34.6363601685, -7.68049907684, 10.8329172134, 17.8404941559, 29.6626415253, 20.5639400482, 36.5118942261, 107.917404175, 34.1805152893, 8.00015830994, -2.88107204437], [9.68391036987, 25.7567081451, -4.68823242188, 4.71703577042, -5.85299253464, 17.317401886, 20.100025177, 9.61148548126, 15.6372880936, 34.1805152893, 64.0531768799, 21.259765625, 1.09542691708], [-23.7902355194, 6.18117284775, 7.66115093231, 8.30230045319, 8.30909538269, -1.20375180244, -0.0958981961012, 5.8465886116, 3.96490287781, 8.00015830994, 21.259765625, 58.2475814819, 19.5263233185], [11.3804521561, -6.60861825943, 9.58412075043, 27.9945411682, 10.3001880646, -23.1221218109, -10.573433876, -1.94467639923, -6.61797809601, -2.88107204437, 1.09542691708, 19.5263233185, 58.6781730652]],
        "icov": [[0.000525137642398, 0.000355304131517, 3.30885927724e-06, -0.000442585005658, 9.98008836177e-05, 0.000428196421126, -0.000526593183167, -1.16300079753e-05, 0.000334767712047, 2.37360345636e-05, -0.000315840909025, 0.000270044867648, 0.00015967116633], [0.000355304131517, 0.00193683302496, 0.00050112651661, -0.000892761629075, -0.000467585254228, 0.000245719420491, -0.000353632553015, -0.000749433995225, 0.00109588284977, -0.00153247499838, -0.00011824505782, 0.000128067986225, 0.000591588031966], [3.30885927724e-06, 0.00050112651661, 0.00235057761893, -0.000851415272336, 0.0001901609794, -0.00127400981728, -0.00014002948592, 0.0010886862874, 5.37972664461e-05, 0.000160166018759, 0.000331732124323, -0.000452764623333, -0.000288082868792], [-0.000442585005658, -0.000892761629075, -0.000851415272336, 0.00548133719712, -0.00271862954833, 0.000607514928561, 0.00099521339871, -0.000380199402571, -0.000714859110303, 0.00119477557018, -0.00136598129757, 0.000681674981024, -0.00183067435864], [9.98008836177e-05, -0.000467585254228, 0.0001901609794, -0.00271862954833, 0.00619811657816, -0.00103115383536, 0.000547692936379, -0.000992773217149, -8.90862793312e-06, -0.000552927784156, 0.00182018917985, -0.000945908657741, 1.80439128599e-05], [0.000428196421126, 0.000245719420491, -0.00127400981728, 0.000607514928561, -0.00103115383536, 0.00945039931685, -0.00532518047839, 0.000272678676993, -0.00190265534911, 0.00077737425454, -0.00137821503449, 0.000188988866284, 0.0026037034113], [-0.000526593183167, -0.000353632553015, -0.00014002948592, 0.00099521339871, 0.000547692936379, -0.00532518047839, 0.0117786219344, -0.00609271368012, 0.00251201866195, -0.00184370833449, -0.00105470430572, 0.000855670194142, -0.000735902984161], [-1.16300079753e-05, -0.000749433995225, 0.0010886862874, -0.000380199402571, -0.000992773217149, 0.000272678676993, -0.00609271368012, 0.0173797719181, -0.00516073731706, 0.00102409673855, 0.000796860083938, -0.00158883875702, -0.000336667697411], [0.000334767712047, 0.00109588284977, 5.37972664461e-05, -0.000714859110303, -8.90862793312e-06, -0.00190265534911, 0.00251201866195, -0.00516073731706, 0.0150400977582, -0.00494783371687, -0.00105317274574, 0.000192643405171, 0.00133310351521], [2.37360345636e-05, -0.00153247499838, 0.000160166018759, 0.00119477557018, -0.000552927784156, 0.00077737425454, -0.00184370833449, 0.00102409673855, -0.00494783371687, 0.0146077657118, -0.00612533465028, 0.000752475927584, -0.000645125168376], [-0.000315840909025, -0.00011824505782, 0.000331732124323, -0.00136598129757, 0.00182018917985, -0.00137821503449, -0.00105470430572, 0.000796860083938, -0.00105317274574, -0.00612533465028, 0.0228250958025, -0.00826391484588, 0.00152354966849], [0.000270044867648, 0.000128067986225, -0.000452764623333, 0.000681674981024, -0.000945908657741, 0.000188988866284, 0.000855670194142, -0.00158883875702, 0.000192643405171, 0.000752475927584, -0.00826391484588, 0.0228912159801, -0.00735173141584], [0.00015967116633, 0.000591588031966, -0.000288082868792, -0.00183067435864, 1.80439128599e-05, 0.0026037034113, -0.000735902984161, -0.000336667697411, 0.00133310351521, -0.000645125168376, 0.00152354966849, -0.00735173141584, 0.021413942799]]
    },
    "spectral_contrast_coeffs": {
        "max": [-0.464733719826, -0.491825789213, -0.514426708221, -0.590299010277, -0.597473561764, -0.625639200211],
        "mean": [-0.717835187912, -0.785608947277, -0.808900356293, -0.812862694263, -0.79487323761, -0.769578456879],
        "min": [-0.913132250309, -0.923979997635, -0.913749456406, -0.913222968578, -0.877458155155, -0.85018414259],
        "stdev": [0.0681982263923, 0.0711515322328, 0.0612188056111, 0.0563668012619, 0.0486661791801, 0.0326960645616]
    },
    "spectral_contrast_valleys": {
        "max": [-5.37431764603, -5.45738554001, -5.84353208542, -6.11339139938, -5.40767669678, -7.15052318573],
        "mean": [-6.81329679489, -6.94082975388, -7.43421649933, -7.38661193848, -7.0902094841, -9.0956993103],
        "min": [-9.06637763977, -8.36761856079, -8.63637638092, -8.52419948578, -8.35083389282, -10.9424276352],
        "stdev": [0.745243787766, 0.490395665169, 0.43774703145, 0.393898397684, 0.535316050053, 0.766900420189]
    }
},
"rhythm": {
    "beats_count": 74,
    "beats_loudness": {
        "max": 0.0785199329257,
        "mean": 0.0322920419276,
        "min": 0.012741596438,
        "stdev": 0.0124466829002
    },
    "bpm": 86.241355896,
    "bpm_histogram_first_peak_bpm": 86,
    "bpm_histogram_first_peak_weight": 0.191780805588,
    "bpm_histogram_second_peak_bpm": 0,
    "bpm_histogram_second_peak_spread": 0,
    "bpm_histogram_second_peak_weight": 0,
    "danceability": 1.27484929562,
    "onset_rate": 3.63591074944,
    "beats_loudness_band_ratio": {
        "max": [0.812278807163, 0.323870897293, 0.324495464563, 0.250832021236, 0.32489913702, 0.793536365032],
        "mean": [0.266125380993, 0.106182523072, 0.0748875364661, 0.0565134398639, 0.0863164961338, 0.435840815306],
        "min": [0.0267066918314, 0.0129027897492, 0.0060469461605, 0.00404010387138, 0.00718207051978, 0.0777289271355],
        "stdev": [0.196167707443, 0.0705293565989, 0.0692714676261, 0.0573649592698, 0.0685885548592, 0.187427639961]
    },
    "beats_position": [0.743038535118, 1.46285712719, 2.15945577621, 2.85605430603, 3.55265307426, 4.2492518425, 4.94585037231, 5.64244890213, 6.33904743195, 7.03564596176, 7.73224496841, 8.42884349823, 9.12544155121, 9.81043052673, 10.5070295334, 11.2152376175, 11.9118366241, 12.6084346771, 13.3050336838, 14.0016326904, 14.6982307434, 15.3948297501, 16.0914287567, 16.7764167786, 17.4614048004, 18.1580047607, 18.8546028137, 19.5279808044, 20.2245807648, 20.9211788177, 21.6293869019, 22.3259868622, 23.010974884, 23.707572937, 24.40417099, 25.0891609192, 25.7973690033, 26.5055770874, 27.2137870789, 27.9103851318, 28.6069831848, 29.291973114, 29.9769611359, 30.6735591888, 31.3701572418, 32.0435371399, 32.7401351929, 33.4367332458, 34.1333312988, 34.8299331665, 35.5265312195, 36.2231292725, 36.9197273254, 37.6163253784, 38.3013153076, 38.9979133606, 39.7061233521, 40.402721405, 41.099319458, 41.795917511, 42.492515564, 43.1891136169, 43.8857116699, 44.5823135376, 45.2672996521, 45.9522895813, 46.6488876343, 47.3454856873, 48.0420837402, 48.7386856079, 49.4352836609, 50.1434898376, 50.8284797668, 51.5366897583],
