{
"metadata": {
    "version": {
        "essentia": "2.1-beta5",
        "essentia_git_sha": "Undefined",
        "extractor": "music 2.0"
    },
    "audio_properties": {
        "analysis": {
            "equal_loudness": 0,
            "length": 12.7477550507,
            "sample_rate": 44100,
            "start_time": 0,
            "downmix": "mix"
        },
        "bit_rate": 192000,
        "length": 198.844085693,
        "lossless": 0,
        "number_channels": 2,
        "replay_gain": -5.58020019531,
        "sample_rate": 48000,
        "codec": "mp3",
        "md5_encoded": "5e2f4e5c4008253f39b6f6c4e5de517e"
    },
    "tags": {
        "file_name": "Iceland_Open Your Heart_Birgitta.mp3",
        "encoding": ["Lavf58.29.100"]
    }
},
"lowlevel": {
    "average_loudness": 0.96613407135,
    "barkbands_crest": {
        "max": 21.4118423462,
        "mean": 7.12226200104,
        "min": 2.29659771919,
        "stdev": 2.71492576599
    },
    "barkbands_flatness_db": {
        "max": 0.255012571812,
        "mean": 0.149892032146,
        "min": 0.037500936538,
        "stdev": 0.0359857045114
    },
    "barkbands_kurtosis": {
        "max": 11.4714889526,
        "mean": 0.525448083878,
        "min": -1.5805952549,
        "stdev": 1.80993676186
    },
    "barkbands_skewness": {
        "max": 2.7679643631,
        "mean": 0.856362164021,
        "min": -1.28878974915,
        "stdev": 0.571246802807
    },
    "barkbands_spread": {
        "max": 65.5570755005,
        "mean": 19.4983043671,
        "min": 3.91427707672,
        "stdev": 11.8558731079
    },
    "dissonance": {
        "max": 0.499991446733,
        "mean": 0.487147837877,
        "min": 0.313837558031,
        "stdev": 0.0140240304172
    },
    "dynamic_complexity": 0.81990724802,
    "erbbands_crest": {
        "max": 22.0283737183,
        "mean": 7.25963354111,
        "min": 3.38269424438,
        "stdev": 2.70700645447
    },
    "erbbands_flatness_db": {
        "max": 0.328783541918,
        "mean": 0.223945528269,
        "min": 0.0764575451612,
        "stdev": 0.0484522432089
    },
    "erbbands_kurtosis": {
        "max": 6.84383296967,
        "mean": 0.385007768869,
        "min": -1.29676067829,
        "stdev": 1.05908572674
    },
    "erbbands_skewness": {
        "max": 2.48569488525,
        "mean": 0.352316468954,
        "min": -1.33144557476,
        "stdev": 0.787651121616
    },
    "erbbands_spread": {
        "max": 56.2238807678,
        "mean": 23.7347431183,
        "min": 8.50922203064,
        "stdev": 8.34464168549
    },
    "hfc": {
        "max": 137.728713989,
        "mean": 30.5986976624,
        "min": 3.48247226611e-07,
        "stdev": 13.0986623764
    },
    "loudness_ebu128": {
        "integrated": -15.5024433136,
        "loudness_range": 1.8269777298,
        "momentary": {
            "max": -12.8063144684,
            "mean": -15.6001014709,
            "min": -16.7668685913,
            "stdev": 0.894051849842
        },
        "short_term": {
            "max": -14.4466819763,
            "mean": -15.647977829,
            "min": -16.4849510193,
            "stdev": 0.676391243935
        }
    },
    "melbands_crest": {
        "max": 23.8254241943,
        "mean": 10.3691930771,
        "min": 3.76187705994,
        "stdev": 3.40403413773
    },
    "melbands_flatness_db": {
        "max": 0.226896047592,
        "mean": 0.131723031402,
        "min": 0.0221372675151,
        "stdev": 0.0329776480794
    },
    "melbands_kurtosis": {
        "max": 18.8691482544,
        "mean": 3.50778388977,
        "min": -1.04750943184,
        "stdev": 3.07442259789
    },
    "melbands_skewness": {
        "max": 3.51066946983,
        "mean": 1.55953252316,
        "min": 0.321407556534,
        "stdev": 0.591877818108
    },
    "melbands_spread": {
        "max": 138.446502686,
        "mean": 27.9599990845,
        "min": 5.56041240692,
        "stdev": 16.3549499512
    },
    "pitch_salience": {
        "max": 0.847058057785,
        "mean": 0.707686126232,
        "min": 0.359424054623,
        "stdev": 0.0879019871354
    },
    "silence_rate_20dB": {
        "max": 1,
        "mean": 1,
        "min": 1,
        "stdev": 0
    },
    "silence_rate_30dB": {
        "max": 1,
        "mean": 1,
        "min": 1,
        "stdev": 0
    },
    "silence_rate_60dB": {
        "max": 1,
        "mean": 0.00363636366092,
        "min": 0,
        "stdev": 0.0601926036179
    },
    "spectral_centroid": {
        "max": 11261.0644531,
        "mean": 1907.4095459,
        "min": 1120.04394531,
        "stdev": 527.903686523
    },
    "spectral_complexity": {
        "max": 63,
        "mean": 34.1818199158,
        "min": 0,
        "stdev": 7.90118551254
    },
    "spectral_decrease": {
        "max": -2.21605946083e-18,
        "mean": -5.61330582016e-09,
        "min": -1.63800386588e-08,
        "stdev": 2.42959008467e-09
    },
    "spectral_energy": {
        "max": 0.0743144899607,
        "mean": 0.0239613186568,
        "min": 3.99509522686e-11,
        "stdev": 0.0100446753204
    },
    "spectral_energyband_high": {
        "max": 0.0142423994839,
        "mean": 0.000931274145842,
        "min": 2.65138050404e-11,
        "stdev": 0.00120045046788
    },
    "spectral_energyband_low": {
        "max": 0.037149630487,
        "mean": 0.00262549938634,
        "min": 1.87429780897e-12,
        "stdev": 0.00507119204849
    },
    "spectral_energyband_middle_high": {
        "max": 0.0529355667531,
        "mean": 0.012407720089,
        "min": 7.62693987827e-12,
        "stdev": 0.00424383627251
    },
    "spectral_energyband_middle_low": {
        "max": 0.0302631463856,
        "mean": 0.00901134777814,
        "min": 2.06310359421e-12,
        "stdev": 0.00529964221641
    },
    "spectral_entropy": {
        "max": 9.80514431,
        "mean": 7.83748865128,
        "min": 7.38049936295,
        "stdev": 0.172114312649
    },
    "spectral_flux": {
        "max": 0.200720742345,
        "mean": 0.0894431397319,
        "min": 6.32067667539e-06,
        "stdev": 0.0185963120311
    },
    "spectral_kurtosis": {
        "max": 12.7643461227,
        "mean": 3.91353869438,
        "min": -1.22468566895,
        "stdev": 1.41711604595
    },
    "spectral_rms": {
        "max": 0.00851480755955,
        "mean": 0.00473370822147,
        "min": 1.97424768089e-07,
        "stdev": 0.000984326936305
    },
    "spectral_rolloff": {
        "max": 16494.4335938,
        "mean": 2267.24926758,
        "min": 861.328125,
        "stdev": 875.233764648
    },
    "spectral_skewness": {
        "max": 2.68580007553,
        "mean": 1.35920965672,
        "min": -0.00393125414848,
        "stdev": 0.216262727976
    },
    "spectral_spread": {
        "max": 40728040,
        "mean": 3418072,
        "min": 2386029.5,
        "stdev": 1704644.375
    },
    "spectral_strongpeak": {
        "max": 9.94947624207,
        "mean": 1.09267950058,
        "min": 0,
        "stdev": 0.90055668354
    },
    "zerocrossingrate": {
        "max": 0.3681640625,
        "mean": 0.0784312859178,
        "min": 0.04443359375,
        "stdev": 0.0229970626533
    },
    "barkbands": {
        "max": [0.0012793072965, 0.0182597227395, 0.021930091083, 0.0174258574843, 0.015226312913, 0.00842701457441, 0.00895798299462, 0.00394862145185, 0.0169116724283, 0.0499532967806, 0.012017342262, 0.00351443002, 0.0050405934453, 0.00397490570322, 0.00558717781678, 0.00677411444485, 0.0103453956544, 0.00666918978095, 0.0043711620383, 0.00836758874357, 0.00590293295681, 0.0022372957319, 0.0018933477113, 0.00104178849142, 0.000558362109587, 3.13457258017e-06, 3.26133022099e-06],
        "mean": [1.72083782672e-05, 0.000858045881614, 0.00127805478405, 0.00127158453688, 0.00111734610982, 0.00073284341488, 0.000698237738106, 0.000707523024175, 0.00350480619818, 0.00287572201341, 0.00169421639293, 0.000948931614403, 0.00112455966882, 0.0012628325494, 0.00106436945498, 0.00111101206858, 0.00102364947088, 0.000881600484718, 0.000635947275441, 0.000417616363848, 0.000298672297504, 0.000197675079107, 0.000127103034174, 6.95480921422e-05, 4.2125073378e-05, 8.08042344147e-08, 6.82176359845e-09],
        "min": [2.52197871961e-12, 5.32128865711e-13, 5.31853261519e-13, 1.08187330622e-13, 5.22768839935e-13, 7.63773484562e-13, 4.85935835841e-13, 7.56730968035e-14, 9.37711280152e-14, 1.8799358229e-13, 2.91677164192e-13, 8.94964712148e-13, 6.52184903305e-13, 5.11213521601e-13, 6.41234895044e-13, 4.97403225379e-13, 9.54032534396e-13, 1.3346977603e-12, 1.36649014586e-12, 5.5486572368e-13, 1.20808831688e-12, 1.41974973444e-12, 2.1639571645e-12, 2.5160045488e-12, 5.49841118816e-12, 5.7605591304e-12, 7.84743710985e-12],
        "stdev": [7.3830189649e-05, 0.00227282964624, 0.00300616584718, 0.00253621465527, 0.00228877482004, 0.00132139923517, 0.00124371657148, 0.000514044601005, 0.00275763985701, 0.00371635355987, 0.00133338954765, 0.00063732767012, 0.000720615673345, 0.000721086224075, 0.00070113298716, 0.000963579805102, 0.001109114266, 0.000823917391244, 0.000516263011377, 0.00055763463024, 0.000439454597654, 0.000217803171836, 0.000169661376276, 9.92805653368e-05, 7.10787862772e-05, 2.59167848071e-07, 1.38905193126e-07]
    },
    "erbbands": {
        "max": [0.304691284895, 4.87164640427, 21.5032062531, 30.6130371094, 87.7461090088, 42.5222053528, 38.7214202881, 74.5666427612, 74.9034576416, 243.238922119, 156.490722656, 486.67086792, 1402.72998047, 575.14654541, 270.124359131, 154.734695435, 203.772155762, 247.741088867, 289.176025391, 325.043731689, 364.480499268, 712.611206055, 294.50479126, 201.590423584, 283.44720459, 355.033569336, 416.419403076, 197.165771484, 92.3000488281, 74.5009536743, 50.0801429749, 27.4914264679, 11.9252185822, 7.76909732819, 3.30623054504, 0.232373252511, 0.00625871634111, 0.00207643327303, 0.000494887295645, 0.000114033136924],
        "mean": [0.0129909124225, 0.244639053941, 1.20867204666, 2.95886969566, 5.19378089905, 3.21882915497, 3.33330845833, 6.69772529602, 5.91522026062, 15.8760604858, 25.5666275024, 77.4471359253, 98.0293045044, 79.1559906006, 57.7668533325, 40.8707809448, 52.0734786987, 58.2004013062, 57.9722366333, 61.6531028748, 62.0901069641, 57.4968261719, 49.4144058228, 39.7921104431, 28.2723751068, 19.029542923, 14.6277923584, 10.3299465179, 7.22699117661, 5.13394212723, 3.47650957108, 1.9239089489, 0.954292535782, 0.556130111217, 0.255635082722, 0.0149310575798, 0.000435208756244, 4.14442474721e-05, 2.07945977309e-05, 3.16493824357e-05],
        "min": [1.6111615514e-11, 1.52567181111e-10, 4.59008081544e-10, 6.02519090176e-10, 6.68243238522e-10, 2.17718643114e-09, 4.29677227132e-09, 5.51301049256e-09, 9.7159977841e-09, 3.37541594675e-09, 1.08778097641e-09, 2.36010899712e-09, 2.65146571365e-09, 1.2945757355e-08, 1.77549246416e-08, 3.67565000658e-08, 2.81233614174e-08, 2.19965219372e-08, 3.76683679804e-08, 2.80933623031e-08, 3.47490853869e-08, 4.74945061057e-08, 7.72546897565e-08, 8.66313030201e-08, 3.7833785882e-08, 2.80135186159e-08, 4.94159699826e-08, 4.60450557682e-08, 4.85279798568e-08, 5.13295255189e-08, 7.50806492533e-08, 5.27240970882e-08, 4.39292335841e-08, 4.32152766905e-08, 4.75900101549e-08, 2.06027799265e-08, 1.17170975145e-08, 4.47971437723e-09, 1.25231569559e-09, 1.04309727522e-10],
        "stdev": [0.0313247963786, 0.629877746105, 2.66803979874, 5.42037773132, 12.4561405182, 5.92047166824, 5.91635656357, 11.707118988, 9.05162525177, 28.6061515808, 18.8536109924, 65.4799728394, 111.55594635, 73.6795349121, 37.4502334595, 24.9856700897, 31.327835083, 32.70520401, 31.95860672, 48.2809524536, 54.8332061768, 66.3198242188, 43.0730171204, 30.6285648346, 25.6680679321, 23.1626377106, 25.8469371796, 13.7564935684, 8.03080940247, 6.57283830643, 4.76298093796, 2.72966146469, 1.34245467186, 0.91072165966, 0.446900874376, 0.029628124088, 0.000804723589681, 0.000102838588646, 2.38303437072e-05, 1.38550949487e-05]
    },
    "gfcc": {
        "mean": [-0.896067559719, 72.6265182495, -206.000289917, 21.796918869, -84.6475601196, 19.2229633331, -35.5585365295, 10.3175430298, -15.9202785492, -13.5228500366, -10.8277721405, -17.4953460693, 1.72540891171],
        "cov": [[4243.93896484, 845.18939209, 942.149169922, 1109.91162109, 401.338165283, 44.1343383789, -394.289428711, 12.3792953491, -190.929534912, 46.567855835, -110.212219238, -21.7479820251, -83.4305114746], [845.18939209, 589.925231934, 527.091552734, 461.948394775, 300.5340271, -38.4762802124, -72.6440887451, 7.19297122955, -48.4916229248, 14.6942443848, 13.2587356567, -12.8614149094, -21.3723621368], [942.149169922, 527.091552734, 1146.92285156, 891.307373047, 490.762969971, 28.3600482941, -285.046356201, 16.2580718994, -169.363967896, 67.2627182007, -61.810256958, 54.2146224976, -80.6094741821], [1109.91162109, 461.948394775, 891.307373047, 787.404907227, 411.367614746, 15.4966201782, -247.572601318, 7.65212249756, -133.119369507, 51.7417106628, -47.9505157471, 40.3222732544, -65.2181777954], [401.338165283, 300.5340271, 490.762969971, 411.367614746, 282.128601074, 12.2926006317, -94.8481369019, 22.242231369, -60.0449523926, 29.4304733276, -10.8886451721, 18.0305480957, -32.7089920044], [44.1343383789, -38.4762802124, 28.3600482941, 15.4966201782, 12.2926006317, 64.7769088745, 16.689743042, 11.8986082077, -0.214534297585, 6.31304550171, -11.162653923, 3.05663919449, 0.55719935894], [-394.289428711, -72.6440887451, -285.046356201, -247.572601318, -94.8481369019, 16.689743042, 177.08354187, 28.4754962921, 70.2488021851, -11.8685083389, 35.870639801, -29.2205047607, 27.8908042908], [12.3792953491, 7.19297122955, 16.2580718994, 7.65212249756, 22.242231369, 11.8986082077, 28.4754962921, 52.1769371033, 21.4675235748, 13.2137613297, 6.54554224014, -2.18171596527, -3.36234259605], [-190.929534912, -48.4916229248, -169.363967896, -133.119369507, -60.0449523926, -0.214534297585, 70.2488021851, 21.4675235748, 70.9379653931, 12.0688123703, 25.5811290741, -8.08631134033, 16.7597923279], [46.567855835, 14.6942443848, 67.2627182007, 51.7417106628, 29.4304733276, 6.31304550171, -11.8685083389, 13.2137613297, 12.0688123703, 57.1401786804, 18.6482849121, 11.4863300323, -2.3705201149], [-110.212219238, 13.2587356567, -61.810256958, -47.9505157471, -10.8886451721, -11.162653923, 35.870639801, 6.54554224014, 25.5811290741, 18.6482849121, 46.1574058533, 9.6673374176, 12.8374633789], [-21.7479820251, -12.8614149094, 54.2146224976, 40.3222732544, 18.0305480957, 3.05663919449, -29.2205047607, -2.18171596527, -8.08631134033, 11.4863300323, 9.6673374176, 40.6847076416, 9.64999198914], [-83.4305114746, -21.3723621368, -80.6094741821, -65.2181777954, -32.7089920044, 0.55719935894, 27.8908042908, -3.36234259605, 16.7597923279, -2.3705201149, 12.8374633789, 9.64999198914, 36.6776313782]],
        "icov": [[0.00181904004421, -0.00480751832947, 0.00507054571062, -0.00617238506675, 0.00598541507497, -0.00495074456558, 0.0031489355024, -0.00511584663764, 0.00480393366888, -0.00323709612712, 0.00316091789864, -0.00052418402629, 0.000681595061906], [-0.00480751832947, 0.0209807474166, -0.015880195424, 0.0128443436697, -0.0195678081363, 0.0182899497449, -0.0105669461191, 0.0167182162404, -0.0168562550098, 0.0138277653605, -0.01630949229, 0.0115378974006, -0.00766347814351], [0.00507054571062, -0.015880195424, 0.0246584825218, -0.0230383686721, 0.0130695970729, -0.0153474733233, 0.0089812874794, -0.0168166663498, 0.020405754447, -0.0149965789169, 0.0154631184414, -0.00810353178531, 0.00545236701146], [-0.00617238506675, 0.0128443436697, -0.0230383686721, 0.0374809280038, -0.0270664542913, 0.0133121572435, -0.0027437931858, 0.0167355798185, -0.0159463379532, 0.00890555698425, -0.00848670303822, 0.000715062604286, -0.000617412442807], [0.00598541507497, -0.0195678081363, 0.0130695970729, -0.0270664542913, 0.0430648997426, -0.0184512492269, 0.00649997638538, -0.0220026690513, 0.0171756502241, -0.00916216243058, 0.00683908630162, -0.00457537453622, 0.00490384316072], [-0.00495074456558, 0.0182899497449, -0.0153474733233, 0.0133121572435, -0.0184512492269, 0.038535065949, -0.0191099382937, 0.0146330092102, -0.0134841501713, 0.00571433780715, 0.000712274049874, -0.000439046300016, -0.00543304113671], [0.0031489355024, -0.0105669461191, 0.0089812874794, -0.0027437931858, 0.00649997638538, -0.0191099382937, 0.0292703993618, -0.0164959710091, 0.00380321010016, -0.000224877541768, -0.00700197461993, 0.0112370913848, -0.00407606409863], [-0.00511584663764, 0.0167182162404, -0.0168166663498, 0.0167355798185, -0.0220026690513, 0.0146330092102, -0.0164959710091, 0.045902851969, -0.0265409685671, 0.00793268810958, -0.00694923195988, 0.00116346392315, 0.0025783746969], [0.00480393366888, -0.0168562550098, 0.020405754447, -0.0159463379532, 0.0171756502241, -0.0134841501713, 0.00380321010016, -0.0265409685671, 0.0529850162566, -0.0229617916048, 0.00957092363387, -0.00469555705786, -1.53711844177e-05], [-0.00323709612712, 0.0138277653605, -0.0149965789169, 0.00890555698425, -0.00916216243058, 0.00571433780715, -0.000224877541768, 0.00793268810958, -0.0229617916048, 0.0407603532076, -0.0291319806129, 0.00923079065979, -0.00289456173778], [0.00316091789864, -0.01630949229, 0.0154631184414, -0.00848670303822, 0.00683908630162, 0.000712274049874, -0.00700197461993, -0.00694923195988, 0.00957092363387, -0.0291319806129, 0.0651708841324, -0.0310363657773, 0.00645532691851], [-0.00052418402629, 0.0115378974006, -0.00810353178531, 0.000715062604286, -0.00457537453622, -0.000439046300016, 0.0112370913848, 0.00116346392315, -0.00469555705786, 0.00923079065979, -0.0310363657773, 0.0580388121307, -0.0251844357699], [0.000681595061906, -0.00766347814351, 0.00545236701146, -0.000617412442807, 0.00490384316072, -0.00543304113671, -0.00407606409863, 0.0025783746969, -1.53711844177e-05, -0.00289456173778, 0.00645532691851, -0.0251844357699, 0.0472130216658]]
    },
    "melbands": {
        "max": [0.00392950652167, 0.00899439584464, 0.00643262593076, 0.0037759472616, 0.00122459628619, 0.00161787786055, 0.00103142368607, 0.00226956466213, 0.00171355344355, 0.00282678217627, 0.00754585163668, 0.00304935174063, 0.00113116041757, 0.000446513178758, 0.00045717167086, 0.000602967222221, 0.000476543646073, 0.00045001169201, 0.000366049527656, 0.000490467587952, 0.000421609729528, 0.000868164934218, 0.000373625254724, 0.000487116572913, 0.000176083136466, 0.000154768727953, 0.000306296627969, 0.000203473260626, 0.000331075425493, 0.000124016180052, 9.46881409618e-05, 4.45303085144e-05, 5.39068896614e-05, 3.93615409848e-05, 3.44887848769e-05, 2.02721712412e-05, 1.87996629393e-05, 9.04390526557e-06, 7.35948015063e-06, 6.04992783337e-06],
        "mean": [0.000181990064448, 0.000543691217899, 0.000617018144112, 0.000280228268821, 0.000126626095152, 0.000148994062329, 0.000100532990473, 0.000162226628163, 0.000251817633398, 0.00051248917589, 0.000490553095005, 0.000325806293404, 0.000219269306399, 0.000107015526737, 0.000121742828924, 0.000105312305095, 0.000109936016088, 9.7827083664e-05, 7.90943086031e-05, 7.55300134188e-05, 7.21921751392e-05, 6.00807725277e-05, 4.66881538159e-05, 4.7041587095e-05, 3.03920114675e-05, 2.32714774029e-05, 1.66452537087e-05, 1.15432712846e-05, 9.92753211904e-06, 7.04081003278e-06, 5.49268679606e-06, 4.04937236453e-06, 3.72980980501e-06, 2.5265894692e-06, 2.15030172512e-06, 1.47927801208e-06, 1.04912408005e-06, 7.00438079093e-07, 5.12920962592e-07, 4.44871517402e-07],
        "min": [2.80615239162e-13, 2.24982169396e-13, 1.07688563741e-13, 8.94014476707e-14, 1.40796635418e-13, 1.37702295313e-13, 1.40523240288e-13, 3.06110016079e-14, 7.44171807239e-15, 1.56669805845e-14, 1.32359807793e-14, 5.04890386769e-14, 4.42081369071e-14, 1.11228287323e-13, 7.58341211549e-14, 5.22657444939e-14, 3.79577384877e-14, 5.88022740309e-14, 5.40564060257e-14, 2.95558729943e-14, 4.38825408303e-14, 4.15503270896e-14, 8.03576836691e-14, 5.78953727949e-14, 7.70268858462e-14, 3.26424034558e-14, 2.22651859786e-14, 1.58958387225e-14, 3.18087536291e-14, 2.65335848995e-14, 2.60153989415e-14, 2.82193786703e-14, 2.32055077465e-14, 2.95588681028e-14, 4.8663052483e-14, 3.09691982887e-14, 3.1723396425e-14, 2.8494943899e-14, 3.85863182498e-14, 3.25063022018e-14],
        "stdev": [0.000464712589746, 0.00114081252832, 0.0011760732159, 0.000562072964385, 0.000219459456275, 0.000259401713265, 0.000149481973494, 0.000261109234998, 0.000210931073525, 0.000432412867667, 0.000584641878959, 0.00032583400025, 0.000152763794176, 7.82955467002e-05, 7.9346325947e-05, 6.89130392857e-05, 6.53654715279e-05, 5.84554873058e-05, 5.39373286301e-05, 6.51052396279e-05, 6.92934045219e-05, 7.60103139328e-05, 4.30124164268e-05, 5.49581927771e-05, 2.37707445194e-05, 1.93609976122e-05, 2.09282334254e-05, 1.46059755934e-05, 1.96601195057e-05, 1.06745692392e-05, 6.7548971856e-06, 4.44280249212e-06, 4.92178241984e-06, 3.29187469106e-06, 3.04403306473e-06, 2.04590651265e-06, 1.64949392456e-06, 9.74195017989e-07, 8.62137369495e-07, 7.36514778055e-07]
    },
    "melbands128": {
        "max": [0.000641003251076, 0.00155966077, 0.00603462429717, 0.00924909673631, 0.0106940381229, 0.0114054456353, 0.00582151813433, 0.00931035820395, 0.011768553406, 0.00267919059843, 0.00324301165529, 0.00210981443524, 0.000559308566153, 0.00375647726469, 0.00247462117113, 0.00224446691573, 0.00149854447227, 0.00130756979343, 0.00216245558113, 0.00466393632814, 0.000922947830986, 0.00101614522282, 0.00220473110676, 0.00353923765942, 0.00606694724411, 0.00626732315868, 0.00369597272947, 0.00903608556837, 0.0132199861109, 0.00322274444625, 0.00257946876809, 0.00343539752066, 0.00144788285252, 0.00144620775245, 0.000778673100285, 0.000764388649259, 0.000703267694917, 0.000934634997975, 0.000934062933084, 0.000666987500153, 0.000892481766641, 0.000675604387652, 0.000752510968596, 0.000609172973782, 0.000851730525028, 0.000681220146362, 0.000618829450104, 0.000694066344295, 0.000547654461116, 0.00101132481359, 0.000315320998197, 0.0010019429028, 0.000514709681738, 0.000950511486735, 0.000349559006281, 0.00164278631564, 0.000786016636994, 0.0010066900868, 0.000203155781492, 0.000527221593075, 0.000841563276481, 0.000532192236278, 0.000240659879637, 0.000279190542642, 0.000301650114125, 0.000136242117151, 0.000202405120945, 0.000280487700365, 0.000450639403425, 0.000206494660233, 0.000205041564186, 0.000170575309312, 0.000456612790003, 0.000483998068376, 0.00019791633531, 0.00013294807286, 0.000127071907627, 0.000194100852241, 6.35394026176e-05, 5.50206714252e-05, 5.66439885006e-05, 4.25919715781e-05, 7.18494775356e-05, 8.15329694888e-05, 6.66318155709e-05, 5.57364000997e-05, 4.08715714002e-05, 3.19677965308e-05, 4.68297075713e-05, 2.69328866125e-05, 3.89530396205e-05, 1.88150679605e-05, 2.19997582462e-05, 2.99392177112e-05, 2.71884237009e-05, 1.15345910672e-05, 8.14673694549e-06, 9.00280065252e-06, 1.04083119368e-05, 1.26740414998e-05, 7.01582212059e-06, 6.93356378179e-06, 6.0655870584e-06, 6.70209738018e-06, 5.2507498367e-06, 5.2910731938e-06, 1.78110849447e-06, 8.71474910014e-08, 1.91236111391e-08, 1.90913400644e-08, 1.86242772315e-08, 1.80578449971e-08, 1.71355196699e-08, 1.7006355435e-08, 1.6560115057e-08, 1.60749937805e-08, 1.55957824433e-08, 1.5156121691e-08, 1.4759721445e-08, 1.44435645666e-08, 1.40959128814e-08, 1.38136728722e-08, 1.35370434862e-08, 1.33415918313e-08, 1.31455371033e-08, 1.30051933667e-08, 1.28999255722e-08, 1.28332526828e-08],
        "mean": [9.15196324058e-06, 5.4202399042e-05, 0.00024432814098, 0.000442909629783, 0.0005471262848, 0.000668373948429, 0.000540832232218, 0.000725710589904, 0.000582629290875, 0.000162380383699, 0.000188536767382, 0.000112594221719, 5.83648616157e-05, 0.000219631518121, 0.000174241213244, 9.92415880319e-05, 8.96025812835e-05, 6.75861738273e-05, 0.000135989030241, 0.000247741758358, 0.000106556872197, 0.000127732855617, 0.000228061704547, 0.000425860896939, 0.000514292914886, 0.00055915385019, 0.000510740326717, 0.000504248833749, 0.000477836671053, 0.000310904695652, 0.000303372566123, 0.000273107492831, 0.000247603165917, 0.000154625871801, 0.000106204010081, 9.85871083685e-05, 9.44658168009e-05, 0.000123381323647, 0.000148850158439, 0.000102896221506, 9.08157599042e-05, 0.000110866625619, 0.000106302948552, 0.000103589161881, 0.000136339876917, 8.62320885062e-05, 7.41963522159e-05, 6.91809764248e-05, 7.8663113527e-05, 0.000109805332613, 5.46343690075e-05, 7.14355483069e-05, 7.54457360017e-05, 8.38108026073e-05, 4.56612542621e-05, 6.62105157971e-05, 5.38988715562e-05, 6.28129782854e-05, 3.58459838026e-05, 3.51242670149e-05, 5.8660407376e-05, 4.68227408419e-05, 2.5581824957e-05, 2.90357620543e-05, 3.25417131535e-05, 2.1071286028e-05, 1.930061444e-05, 2.03259824048e-05, 1.45774029079e-05, 1.41202053783e-05, 1.12947145681e-05, 1.01364812508e-05, 1.17158842841e-05, 1.00153256426e-05, 8.07794367574e-06, 6.65546031087e-06, 6.79479580867e-06, 6.83616826791e-06, 4.98555618833e-06, 4.73409181723e-06, 4.196791906e-06, 3.39886059919e-06, 4.35519268649e-06, 4.0887234718e-06, 2.98885584016e-06, 2.51487267633e-06, 2.41536872636e-06, 2.39775818045e-06, 2.33985292653e-06, 1.73205660303e-06, 1.765352863e-06, 1.26346049001e-06, 1.24882922137e-06, 1.14815463803e-06, 8.82529832325e-07, 7.37510276849e-07, 7.22794936792e-07, 5.37983112281e-07, 4.66481594685e-07, 5.43690021004e-07, 5.02935961322e-07, 4.14507667301e-07, 3.87607457242e-07, 4.0184048089e-07, 3.47859895555e-07, 2.42157256025e-07, 5.76036782718e-08, 3.20220783223e-09, 4.1570313164e-11, 4.03135302918e-11, 3.92277044181e-11, 3.79913253634e-11, 3.6112907803e-11, 3.5694960876e-11, 3.47128679967e-11, 3.36832922665e-11, 3.26708243792e-11, 3.17559901986e-11, 3.09286658784e-11, 3.02438595001e-11, 2.95072612178e-11, 2.89029269268e-11, 2.83379500421e-11, 2.79081705662e-11, 2.74352797425e-11, 2.70249291695e-11, 2.67423375111e-11, 2.65940602873e-11],
        "min": [7.57081138232e-13, 1.12573626365e-13, 2.88986553871e-13, 2.11547603437e-13, 1.91802059261e-13, 2.89106493736e-13, 1.24072654277e-13, 5.45903383262e-14, 7.18887230018e-14, 5.03876623856e-14, 1.40427925364e-13, 1.4465251913e-13, 1.73695977848e-13, 1.06838020689e-13, 5.13363426747e-14, 2.33888266827e-13, 1.97312056017e-13, 1.36108531672e-13, 5.36196521211e-14, 3.13835125964e-14, 2.28820682156e-14, 5.31980609534e-15, 7.70648108994e-15, 4.46992881145e-15, 1.28959512611e-14, 2.83713143582e-14, 6.07865317191e-15, 6.26004315998e-15, 1.78776434032e-14, 4.57244478554e-14, 7.53146460128e-14, 4.05026422015e-14, 2.23734266248e-14, 3.50366606658e-14, 1.51898133828e-13, 1.18619930501e-13, 9.23173484272e-14, 5.67886327698e-14, 8.21847879464e-14, 6.55827388923e-14, 3.16120759669e-14, 6.21523977575e-14, 3.6703851899e-14, 1.41251790267e-14, 6.38175628878e-14, 5.67760356958e-14, 6.5060173774e-14, 8.54348127075e-14, 2.22425718929e-14, 3.63731532957e-14, 2.23963032907e-14, 3.61450337705e-14, 3.56909970057e-14, 5.42939276166e-14, 5.22572809406e-14, 2.58487113278e-14, 3.54382796437e-14, 9.58577902927e-14, 9.49855767499e-14, 6.38970416834e-14, 5.63707507593e-14, 5.45209595515e-14, 4.74493525254e-14, 1.12765774095e-13, 7.48330434078e-14, 1.27652532303e-14, 1.70716881658e-14, 3.19590376028e-14, 1.72140879567e-14, 2.26241534594e-14, 1.4229669011e-14, 1.26481314436e-14, 2.02816465743e-14, 4.13126936903e-14, 3.8684299633e-14, 1.5722241014e-14, 3.08577795748e-14, 3.05632323378e-14, 2.11486576407e-14, 2.54942280394e-14, 2.79246128987e-14, 2.98807643396e-14, 2.91251364118e-14, 1.30702164315e-14, 3.25335732746e-14, 2.09626288767e-14, 3.44086399456e-14, 3.51575322674e-14, 5.71093872062e-14, 5.77804744697e-14, 1.72450199059e-14, 3.07236332729e-14, 3.6892272684e-14, 2.85430011603e-14, 3.35786933469e-14, 3.02905622676e-14, 2.54747835511e-14, 2.65119177968e-14, 3.37922608461e-14, 6.03999407997e-14, 2.28758916513e-14, 2.82870786256e-14, 3.31871676136e-14, 7.88806411682e-14, 7.03268552334e-14, 4.36143600348e-14, 3.49296973453e-14, 2.76995816556e-14, 2.95992444693e-14, 4.85236884582e-14, 2.78565792124e-14, 3.68815424707e-14, 3.85468465144e-14, 4.07968336847e-14, 4.0977881895e-14, 2.6024331751e-14, 3.35513850047e-14, 4.53420666898e-14, 3.40940654615e-14, 2.43404556628e-14, 4.55223288535e-14, 5.54337256436e-14, 3.12610011391e-14, 4.03463544583e-14, 2.27440374206e-14, 6.83393593383e-15, 4.80286633455e-16, 2.56974493356e-17],
        "stdev": [3.41874292644e-05, 0.000141986689414, 0.000643205305096, 0.00123481464107, 0.00124982418492, 0.00158680626191, 0.00102024711668, 0.00151077576447, 0.00161586306058, 0.000346693355823, 0.000405665690778, 0.000231248777709, 9.26889988477e-05, 0.00051894079661, 0.00033811017056, 0.00022459916363, 0.000178262533154, 0.000130713611725, 0.000266155053396, 0.000551645993255, 0.000115238013677, 0.000116552997497, 0.000253114849329, 0.000476035551401, 0.000565770664252, 0.000687403080519, 0.000558234518394, 0.000746950507164, 0.000880580511875, 0.000400607736083, 0.000393895985326, 0.000285964953946, 0.00021739982185, 0.000169199076481, 0.000107509789814, 0.00010914394079, 8.80253792275e-05, 0.000113619018521, 0.000143928889884, 8.84038236109e-05, 0.000100257821032, 9.66115330812e-05, 9.7043463029e-05, 8.42565714265e-05, 0.000129500054754, 7.33742272132e-05, 7.46091973269e-05, 7.3129995144e-05, 6.88869768055e-05, 0.000135446549393, 4.68040452688e-05, 9.92422646959e-05, 7.79740148573e-05, 0.000115329065011, 4.23617093475e-05, 0.00012897211127, 8.4397594037e-05, 9.54028364504e-05, 3.15942015732e-05, 3.7527152017e-05, 8.93878313946e-05, 6.34386087768e-05, 2.39867240452e-05, 3.23638123518e-05, 3.52231145371e-05, 1.95199245354e-05, 2.18392779061e-05, 2.81274951703e-05, 2.59306689259e-05, 1.79541457328e-05, 1.42315238918e-05, 1.45318590512e-05, 2.72192773991e-05, 2.46999043156e-05, 1.48418203025e-05, 1.08938456833e-05, 1.05503640953e-05, 1.1729448488e-05, 5.88649299971e-06, 5.47699983144e-06, 5.28721375304e-06, 4.20550441049e-06, 5.80374080528e-06, 6.7381174631e-06, 4.93306515637e-06, 3.81121776627e-06, 3.36136963597e-06, 3.22469509229e-06, 3.82315738534e-06, 2.83059307549e-06, 2.81403185909e-06, 1.79792994004e-06, 1.88502076526e-06, 2.09254199035e-06, 1.72153181666e-06, 1.1901452126e-06, 9.43142936194e-07, 8.53967378589e-07, 8.37351365135e-07, 1.15631985409e-06, 8.55219013829e-07, 7.00300745393e-07, 6.99362374235e-07, 7.0389614848e-07, 6.51771301818e-07, 5.51428172457e-07, 1.52476033577e-07, 8.44209235851e-09, 8.14453449127e-10, 8.13118128384e-10, 7.93228815965e-10, 7.69105223952e-10, 7.29820703871e-10, 7.24323767631e-10, 7.05319136429e-10, 6.84657386341e-10, 6.64247379323e-10, 6.45521247566e-10, 6.28637697453e-10, 6.15172801588e-10, 6.00366145687e-10, 5.88345538954e-10, 5.76562908527e-10, 5.682390114e-10, 5.59891466523e-10, 5.5391891074e-10, 5.49437995101e-10, 5.46598710738e-10]
    },
    "mfcc": {
        "mean": [-604.127685547, 86.0326919556, -58.1211853027, -8.0871963501, -21.6517753601, -5.59434270859, -7.40096235275, 7.41731643677, 1.8421959877, 4.1678352356, -1.85227382183, -5.6058049202, -8.04841136932],
        "cov": [[2603.22460938, 326.661590576, 610.737976074, 791.217529297, 616.596557617, 172.452224731, 36.986907959, -62.8410606384, -48.9724731445, -94.6009368896, -66.4409255981, 28.9841098785, 78.9502182007], [326.661590576, 369.330383301, 198.400131226, 321.195343018, 206.150238037, 42.9428405762, 66.9252853394, 5.07677793503, -9.73013877869, 13.8773479462, 4.74945163727, -1.67221271992, 31.6243171692], [610.737976074, 198.400131226, 651.169555664, 635.25201416, 530.584411621, 148.899520874, 67.3118286133, -34.3540687561, -28.4495620728, -66.2057952881, -56.6762313843, 7.66495084763, 72.7504730225], [791.217529297, 321.195343018, 635.25201416, 781.922058105, 603.086181641, 145.328674316, 82.8619613647, -35.2325935364, -37.6967124939, -65.4466705322, -42.4239349365, 18.9245853424, 87.3184356689], [616.596557617, 206.150238037, 530.584411621, 603.086181641, 531.645324707, 129.724334717, 56.2502098083, -28.2313480377, -29.5592937469, -64.6756591797, -43.6414222717, 14.1642541885, 68.0433425903], [172.452224731, 42.9428405762, 148.899520874, 145.328674316, 129.724334717, 80.8498764038, 30.4716892242, -4.09968042374, 0.338867127895, -10.5124015808, -13.4776725769, 3.01261663437, 17.1733360291], [36.986907959, 66.9252853394, 67.3118286133, 82.8619613647, 56.2502098083, 30.4716892242, 66.4903869629, 18.8350048065, 8.08798789978, 16.7766647339, 8.38439655304, -3.833558321, 5.96930837631], [-62.8410606384, 5.07677793503, -34.3540687561, -35.2325935364, -28.2313480377, -4.09968042374, 18.8350048065, 53.8679542542, 17.7913246155, 16.7931118011, 10.3427648544, -10.8809156418, -9.17870330811], [-48.9724731445, -9.73013877869, -28.4495620728, -37.6967124939, -29.5592937469, 0.338867127895, 8.08798789978, 17.7913246155, 40.0348396301, 25.360376358, 11.6614284515, 2.35023188591, -4.30468225479], [-94.6009368896, 13.8773479462, -66.2057952881, -65.4466705322, -64.6756591797, -10.5124015808, 16.7766647339, 16.7931118011, 25.360376358, 60.0812835693, 30.662027359, 0.77657943964, -7.65993309021], [-66.4409255981, 4.74945163727, -56.6762313843, -42.4239349365, -43.6414222717, -13.4776725769, 8.38439655304, 10.3427648544, 11.6614284515, 30.662027359, 49.8046607971, 12.6184139252, -0.456986486912], [28.9841098785, -1.67221271992, 7.66495084763, 18.9245853424, 14.1642541885, 3.01261663437, -3.833558321, -10.8809156418, 2.35023188591, 0.77657943964, 12.6184139252, 46.3827705383, 18.7544765472], [78.9502182007, 31.6243171692, 72.7504730225, 87.3184356689, 68.0433425903, 17.1733360291, 5.96930837631, -9.17870330811, -4.30468225479, -7.65993309021, -0.456986486912, 18.7544765472, 43.9824752808]],
        "icov": [[0.000591318297666, -0.000105851184344, 0.000265077746008, -0.000721059215721, -6.43814018986e-07, -0.000615494442172, 0.000575479003601, 0.000101518962765, -4.32119995821e-05, 0.000131062814035, 0.000177985348273, -0.000176125555299, 0.000287680391921], [-0.000105851184344, 0.00593570014462, 0.00184754352085, -0.005078880582, 0.0014226482017, 0.000994213041849, -0.00219991849735, -0.00057780102361, 0.00156896107364, -0.00359913473949, 0.000607795780525, 0.00122923753224, -0.000452990003396], [0.000265077746008, 0.00184754352085, 0.01116797328, -0.00564782926813, -0.00442962441593, -0.0037111165002, -0.00109217141289, 0.00143809930887, -0.000941271660849, -0.000871063093655, 0.00333998678252, 0.00189200637396, -0.00132994633168], [-0.000721059215721, -0.005078880582, -0.00564782926813, 0.0185555573553, -0.0123576791957, 0.00309355091304, -0.00355682778172, 0.00188521947712, 0.00119894335512, 0.0019657141529, -0.00215190229937, -0.000981238554232, -0.00290824077092], [-6.43814018986e-07, 0.0014226482017, -0.00442962441593, -0.0123576791957, 0.0207516774535, -0.00463276868686, 0.00292470771819, -0.00235015014187, -0.000418867100962, 0.00318134366535, -0.000485741969896, -0.0005877459771, 0.000415040180087], [-0.000615494442172, 0.000994213041849, -0.0037111165002, 0.00309355091304, -0.00463276868686, 0.0261061899364, -0.00916661508381, 0.00196615629829, -0.00350200827233, -0.000497120374348, 0.00302404398099, -0.00106754130684, -0.000927697168663], [0.000575479003601, -0.00219991849735, -0.00109217141289, -0.00355682778172, 0.00292470771819, -0.00916661508381, 0.028514733538, -0.00861411634833, 0.0014557428658, -0.00673759868369, -0.00281500420533, 0.00160825974308, 0.00105752632953], [0.000101518962765, -0.00057780102361, 0.00143809930887, 0.00188521947712, -0.00235015014187, 0.00196615629829, -0.00861411634833, 0.0274380538613, -0.0103637371212, 0.00235293060541, -0.00295168440789, 0.00628616893664, 0.000559347798117], [-4.32119995821e-05, 0.00156896107364, -0.000941271660849, 0.00119894335512, -0.000418867100962, -0.00350200827233, 0.0014557428658, -0.0103637371212, 0.0400749817491, -0.0167714301497, 0.00256301066838, -0.0050401519984, 0.00095828884514], [0.000131062814035, -0.00359913473949, -0.000871063093655, 0.0019657141529, 0.00318134366535, -0.000497120374348, -0.00673759868369, 0.00235293060541, -0.0167714301497, 0.0387193858624, -0.0160651691258, 0.00259818811901, 0.000395760725951], [0.000177985348273, 0.000607795780525, 0.00333998678252, -0.00215190229937, -0.000485741969896, 0.00302404398099, -0.00281500420533, -0.00295168440789, 0.00256301066838, -0.0160651691258, 0.0355322062969, -0.0100325420499, -0.00057206384372], [-0.000176125555299, 0.00122923753224, 0.00189200637396, -0.000981238554232, -0.0005877459771, -0.00106754130684, 0.00160825974308, 0.00628616893664, -0.0050401519984, 0.00259818811901, -0.0100325420499, 0.0318842791021, -0.013070221059], [0.000287680391921, -0.000452990003396, -0.00132994633168, -0.00290824077092, 0.000415040180087, -0.000927697168663, 0.00105752632953, 0.000559347798117, 0.00095828884514, 0.000395760725951, -0.00057206384372, -0.013070221059, 0.0359425656497]]
    },
    "spectral_contrast_coeffs": {
        "max": [-0.526509582996, -0.611394882202, -0.559748053551, -0.695596396923, -0.718172311783, -0.677189826965],
        "mean": [-0.718610405922, -0.756796658039, -0.766491532326, -0.805557191372, -0.791373968124, -0.735907435417],
        "min": [-0.971824884415, -0.972171545029, -0.961585700512, -0.962456226349, -0.963609457016, -0.960145533085],
        "stdev": [0.0575733371079, 0.0580546185374, 0.0457325018942, 0.0349526964128, 0.0282145887613, 0.0227089021355]
    },
    "spectral_contrast_valleys": {
        "max": [-5.43626070023, -5.27659368515, -5.29187870026, -5.54722595215, -5.27262449265, -8.36600589752],
        "mean": [-8.03807640076, -6.48063325882, -6.29317188263, -6.46003675461, -6.70496606827, -9.88261127472],
        "min": [-27.1334629059, -27.116985321, -27.2438697815, -27.2540130615, -27.1743812561, -27.2687339783],
        "stdev": [1.48980879784, 0.988938868046, 1.00631308556, 0.957917571068, 0.963961839676, 0.908062815666]
    }
},
"rhythm": {
    "beats_count": 21,
    "beats_loudness": {
        "max": 0.0457633621991,
        "mean": 0.0238670986146,
        "min": 0.0135488249362,
        "stdev": 0.00832081586123
    },
    "bpm": 105.160270691,
    "bpm_histogram_first_peak_bpm": 105,
    "bpm_histogram_first_peak_weight": 0.666666686535,
    "bpm_histogram_second_peak_bpm": 99,
    "bpm_histogram_second_peak_spread": 0.399999976158,
    "bpm_histogram_second_peak_weight": 0.15000000596,
    "danceability": 0.858114123344,
    "onset_rate": 1.25398087502,
    "beats_loudness_band_ratio": {
        "max": [0.652772068977, 0.179570302367, 0.470933556557, 0.618718802929, 0.427716314793, 0.222287490964],
        "mean": [0.106810681522, 0.0357531756163, 0.236944377422, 0.328456282616, 0.233971118927, 0.0948167815804],
        "min": [0.000666471547447, 0.00231989566237, 0.0345514155924, 0.0295751374215, 0.0984744504094, 0.0233399011195],
        "stdev": [0.185304507613, 0.043768402189, 0.132741749287, 0.179387956858, 0.0973836928606, 0.0558530800045]
    },
    "beats_position": [0.545668900013, 1.10294783115, 1.66022670269, 2.21750569344, 2.77478456497, 3.30884337425, 3.84290242195, 4.46984100342, 5.10838985443, 5.73532867432, 6.33904743195, 6.94276618958, 7.53487491608, 8.12698364258, 8.73070240021, 9.31120204926, 9.8800907135, 10.4489793777, 11.017868042, 11.5867567062, 12.1672563553],
