{
"metadata": {
    "version": {
        "essentia": "2.1-beta5",
        "essentia_git_sha": "Undefined",
        "extractor": "music 2.0"
    },
    "audio_properties": {
        "analysis": {
            "equal_loudness": 0,
            "length": 48.7502937317,
            "sample_rate": 44100,
            "start_time": 77.7404098511,
            "downmix": "mix"
        },
        "bit_rate": 192000,
        "length": 194.374252319,
        "lossless": 0,
        "number_channels": 2,
        "replay_gain": -7.10563087463,
        "sample_rate": 48000,
        "codec": "mp3",
        "md5_encoded": "a9f3845e4aba5f0bbe73041466b60600"
    },
    "tags": {
        "file_name": "United KingdomUK_Cry Baby_Jemini.mp3",
        "encoding": ["Lavf58.29.100"]
    }
},
"lowlevel": {
    "average_loudness": 0.984812438488,
    "barkbands_crest": {
        "max": 22.5691051483,
        "mean": 8.6329536438,
        "min": 1.96078026295,
        "stdev": 3.60893011093
    },
    "barkbands_flatness_db": {
        "max": 0.292128503323,
        "mean": 0.13531857729,
        "min": 0.0556371249259,
        "stdev": 0.0348205007613
    },
    "barkbands_kurtosis": {
        "max": 49.4560317993,
        "mean": 1.04359161854,
        "min": -1.91154193878,
        "stdev": 4.25779008865
    },
    "barkbands_skewness": {
        "max": 6.49361133575,
        "mean": 1.00307118893,
        "min": -2.70063328743,
        "stdev": 0.909063458443
    },
    "barkbands_spread": {
        "max": 104.921691895,
        "mean": 34.9400138855,
        "min": 3.22532510757,
        "stdev": 15.5768280029
    },
    "dissonance": {
        "max": 0.499992877245,
        "mean": 0.47504734993,
        "min": 0.332730799913,
        "stdev": 0.0198591407388
    },
    "dynamic_complexity": 1.52252650261,
    "erbbands_crest": {
        "max": 23.5282230377,
        "mean": 7.93794631958,
        "min": 2.46770524979,
        "stdev": 3.57095599174
    },
    "erbbands_flatness_db": {
        "max": 0.274823665619,
        "mean": 0.159498751163,
        "min": 0.0876690670848,
        "stdev": 0.0337512865663
    },
    "erbbands_kurtosis": {
        "max": 10.8154182434,
        "mean": -0.0248293168843,
        "min": -1.75808918476,
        "stdev": 1.25544095039
    },
    "erbbands_skewness": {
        "max": 2.79875564575,
        "mean": -0.134059965611,
        "min": -2.72320580482,
        "stdev": 0.704129517078
    },
    "erbbands_spread": {
        "max": 136.677474976,
        "mean": 43.2080192566,
        "min": 10.8981342316,
        "stdev": 18.2461185455
    },
    "hfc": {
        "max": 149.350845337,
        "mean": 33.723236084,
        "min": 0.680354595184,
        "stdev": 20.6869754791
    },
    "loudness_ebu128": {
        "integrated": -15.5636711121,
        "loudness_range": 1.04870891571,
        "momentary": {
            "max": -13.9802598953,
            "mean": -15.641916275,
            "min": -20.4615478516,
            "stdev": 0.854952871799
        },
        "short_term": {
            "max": -14.805896759,
            "mean": -15.5605888367,
            "min": -16.4726219177,
            "stdev": 0.358596622944
        }
    },
    "melbands_crest": {
        "max": 30.4127216339,
        "mean": 13.2297334671,
        "min": 3.336550951,
        "stdev": 5.19596672058
    },
    "melbands_flatness_db": {
        "max": 0.365123480558,
        "mean": 0.152934193611,
        "min": 0.0319162271917,
        "stdev": 0.0511229149997
    },
    "melbands_kurtosis": {
        "max": 177.825424194,
        "mean": 8.5913734436,
        "min": -1.71386361122,
        "stdev": 11.9305000305
    },
    "melbands_skewness": {
        "max": 10.7990779877,
        "mean": 2.34712171555,
        "min": -0.530893623829,
        "stdev": 1.32145643234
    },
    "melbands_spread": {
        "max": 222.709259033,
        "mean": 36.8699531555,
        "min": 2.47773885727,
        "stdev": 20.0908908844
    },
    "pitch_salience": {
        "max": 0.815517187119,
        "mean": 0.569803595543,
        "min": 0.222958132625,
        "stdev": 0.100583054125
    },
    "silence_rate_20dB": {
        "max": 1,
        "mean": 1,
        "min": 1,
        "stdev": 0
    },
    "silence_rate_30dB": {
        "max": 1,
        "mean": 1,
        "min": 1,
        "stdev": 0
    },
    "silence_rate_60dB": {
        "max": 1,
        "mean": 0.00809138547629,
        "min": 0,
        "stdev": 0.0895855352283
    },
    "spectral_centroid": {
        "max": 5019.84960938,
        "mean": 1907.85180664,
        "min": 339.272705078,
        "stdev": 622.893920898
    },
    "spectral_complexity": {
        "max": 55,
        "mean": 26.604473114,
        "min": 1,
        "stdev": 10.9891204834
    },
    "spectral_decrease": {
        "max": -1.73094719114e-10,
        "mean": -7.28065074895e-09,
        "min": -3.09116252595e-08,
        "stdev": 3.58848017967e-09
    },
    "spectral_energy": {
        "max": 0.118981651962,
        "mean": 0.0305376667529,
        "min": 0.00071500998456,
        "stdev": 0.0145079595968
    },
    "spectral_energyband_high": {
        "max": 0.0176079198718,
        "mean": 0.00193867029157,
        "min": 7.95394953457e-06,
        "stdev": 0.00221345527098
    },
    "spectral_energyband_low": {
        "max": 0.0925757735968,
        "mean": 0.0104384506121,
        "min": 1.80226652446e-05,
        "stdev": 0.00931640621275
    },
    "spectral_energyband_middle_high": {
        "max": 0.0442342758179,
        "mean": 0.0080742565915,
        "min": 0.00015262683155,
        "stdev": 0.00614586053416
    },
    "spectral_energyband_middle_low": {
        "max": 0.0688559561968,
        "mean": 0.0113183455542,
        "min": 0.000250019802479,
        "stdev": 0.00875881593674
    },
    "spectral_entropy": {
        "max": 8.8085231781,
        "mean": 7.83645057678,
        "min": 6.73459196091,
        "stdev": 0.333993881941
    },
    "spectral_flux": {
        "max": 0.306144714355,
        "mean": 0.104415133595,
        "min": 0.0201750807464,
        "stdev": 0.0401910953224
    },
    "spectral_kurtosis": {
        "max": 15.0662174225,
        "mean": 2.56601238251,
        "min": -1.32046329975,
        "stdev": 1.6794230938
    },
    "spectral_rms": {
        "max": 0.0107740275562,
        "mean": 0.00528160249814,
        "min": 0.000835206999909,
        "stdev": 0.00137750024442
    },
    "spectral_rolloff": {
        "max": 10680.46875,
        "mean": 2395.74291992,
        "min": 86.1328125,
        "stdev": 1651.96508789
    },
    "spectral_skewness": {
        "max": 2.71078014374,
        "mean": 1.16146683693,
        "min": -0.0624086894095,
        "stdev": 0.300534516573
    },
    "spectral_spread": {
        "max": 12988267,
        "mean": 4763432.5,
        "min": 2469604,
        "stdev": 1396565.25
    },
    "spectral_strongpeak": {
        "max": 9.66010951996,
        "mean": 0.781239628792,
        "min": 0.0106988856569,
        "stdev": 1.03885984421
    },
    "zerocrossingrate": {
        "max": 0.35205078125,
        "mean": 0.0832437053323,
        "min": 0.00634765625,
        "stdev": 0.0373744033277
    },
    "barkbands": {
        "max": [0.00215093023144, 0.0378629639745, 0.0588840991259, 0.0491011068225, 0.0362464115024, 0.0426692254841, 0.0225363802165, 0.0353217422962, 0.0357715561986, 0.0388757586479, 0.0185966882855, 0.0121162934229, 0.0180205740035, 0.0157233215868, 0.0213408172131, 0.0104535343125, 0.0100315073505, 0.00816972460598, 0.00680426089093, 0.00528617948294, 0.00376531411894, 0.00364652369171, 0.0064829653129, 0.00741472141817, 0.00515601178631, 1.33163912324e-05, 5.65345658288e-07],
        "mean": [0.000233161772485, 0.00603865971789, 0.00307440129109, 0.00195036968216, 0.0027774751652, 0.0029764904175, 0.000807888922282, 0.000858542916831, 0.00173203554004, 0.00059928704286, 0.00121447106358, 0.000416049966589, 0.000669444096275, 0.000748457096051, 0.000959943106864, 0.000774718413595, 0.000893276883289, 0.000825616531074, 0.00074648251757, 0.00058339064708, 0.000418476527557, 0.000289821648039, 0.000330302573275, 0.000373969756765, 0.000244541472057, 4.10995795619e-07, 1.52595791558e-09],
        "min": [2.87038837143e-08, 1.24365772081e-06, 1.76410844688e-06, 1.00612658116e-06, 1.29953341457e-05, 1.86213219422e-05, 6.39906056676e-06, 4.64974118586e-06, 5.65542131881e-06, 3.65988671547e-06, 1.35976551974e-06, 2.42547821472e-06, 3.35281310981e-06, 4.14480246036e-06, 2.8349686545e-06, 5.12225915372e-06, 5.89423962083e-06, 6.32770161246e-06, 9.52625487116e-06, 3.57861608791e-06, 2.04507955459e-06, 1.07130426841e-06, 1.37562540203e-06, 1.12375869321e-06, 2.19279371549e-07, 4.84906177711e-11, 2.93724003453e-11],
        "stdev": [0.000306349276798, 0.00521402014419, 0.00608121044934, 0.00361109757796, 0.00366187188774, 0.00417321687564, 0.00121126975864, 0.0016656073276, 0.00292217102833, 0.00140251766425, 0.00220552552491, 0.000838083331473, 0.00122523366008, 0.00127509527374, 0.001491967123, 0.00108518882189, 0.00135746574961, 0.000916766701266, 0.000751301005948, 0.000606211950071, 0.00047254859237, 0.000397004158003, 0.00050567346625, 0.000619592901785, 0.000418357813032, 9.80461891231e-07, 1.74684622323e-08]
    },
    "erbbands": {
        "max": [1.35430347919, 9.90869140625, 48.4592933655, 135.149078369, 112.47467804, 148.722595215, 391.814208984, 382.013702393, 390.675079346, 226.508956909, 740.152832031, 966.747436523, 1326.55529785, 403.899383545, 750.184814453, 382.345581055, 501.544464111, 948.827880859, 822.38092041, 1448.02514648, 573.195129395, 706.873413086, 564.491027832, 448.468597412, 298.943237305, 346.438842773, 195.256225586, 133.765548706, 137.139053345, 147.228683472, 232.312561035, 202.995193481, 97.129524231, 67.824546814, 36.0126533508, 2.29258203506, 0.0576203614473, 0.00379081931897, 0.00053708179621, 0.000168843049323],
        "mean": [0.189138829708, 1.29730260372, 3.27587866783, 5.66760969162, 6.10068130493, 9.70970535278, 22.0669059753, 23.3595046997, 12.3993167877, 14.9782924652, 21.4925880432, 42.1037101746, 23.937746048, 26.5602359772, 49.1261062622, 16.5415344238, 29.3358135223, 36.3476600647, 54.0988922119, 41.1785125732, 44.7748374939, 50.0340957642, 45.1425056458, 43.8631134033, 33.0102767944, 28.7254505157, 20.5400218964, 13.2796640396, 9.91652679443, 10.8588638306, 9.16675376892, 8.38262462616, 5.8006362915, 3.28371334076, 1.40822720528, 0.086409047246, 0.00234736432321, 0.000176065776031, 4.33826935478e-05, 4.39947762061e-05],
        "min": [6.54854156892e-05, 0.000345699139871, 0.00548782851547, 0.00927965994924, 0.0127811236307, 0.0552087016404, 0.132160067558, 0.178131088614, 0.132413581014, 0.158530399203, 0.192322015762, 0.228035435081, 0.157159149647, 0.208391875029, 0.0495147258043, 0.0813393369317, 0.146780610085, 0.160480365157, 0.34541708231, 0.128536313772, 0.233750462532, 0.312688738108, 0.540876924992, 0.425384014845, 0.566167294979, 0.223870381713, 0.13625138998, 0.079153932631, 0.041968818754, 0.0281760636717, 0.041758261621, 0.0267728529871, 0.0127282738686, 0.00421540020034, 0.000960496312473, 5.97129728703e-05, 4.37138214693e-06, 5.71774421587e-07, 1.07496600776e-06, 1.50250400566e-06],
        "stdev": [0.207403197885, 1.11666345596, 5.50988435745, 10.0974407196, 9.63376140594, 12.9901323318, 37.9480209351, 33.4889907837, 18.4851417542, 21.5708465576, 41.2044906616, 72.4300765991, 54.5924301147, 42.5654144287, 90.8431396484, 25.6790390015, 49.1397781372, 58.4326057434, 80.8729476929, 62.8115348816, 63.0078697205, 74.7660827637, 52.3220176697, 43.5735816956, 30.8082618713, 31.1520996094, 21.7167835236, 15.851650238, 13.7066736221, 14.7303104401, 14.7196588516, 14.5452566147, 9.53047180176, 5.74669933319, 2.50048780441, 0.156892433763, 0.00408462015912, 0.000283741828753, 4.38319293607e-05, 2.23311853915e-05]
    },
    "gfcc": {
        "mean": [29.1779117584, 91.2204666138, -138.846832275, 62.3105812073, -72.4402084351, 23.9953842163, -47.0126991272, 14.9839334488, -19.0115585327, -6.03156232834, -1.51127719879, -12.172958374, 5.12128353119],
        "cov": [[1873.37524414, -542.116516113, 77.850692749, 125.981025696, 33.475894928, 290.391357422, 12.9801006317, 119.436538696, -123.613868713, 136.584289551, -159.876434326, 2.725502491, -66.5201263428], [-542.116516113, 953.184326172, -72.2632369995, -11.3913259506, 240.612960815, -125.00831604, 185.576782227, -6.72837114334, 170.676513672, -132.730010986, 174.754180908, -64.8720016479, 43.7765617371], [77.850692749, -72.2632369995, 608.120361328, 211.018707275, -55.688709259, 77.6522674561, -68.819480896, 6.27415323257, 18.3376464844, 46.4050636292, -67.1845397949, 22.2795677185, -44.6714363098], [125.981025696, -11.3913259506, 211.018707275, 298.941589355, 109.453956604, 2.32778000832, -24.2311534882, 30.8933067322, 63.6862068176, -2.28983354568, -21.1481285095, 16.2632064819, 13.6852083206], [33.475894928, 240.612960815, -55.688709259, 109.453956604, 277.23449707, 53.5183029175, 79.0951309204, 52.4629173279, 65.4633255005, -10.3784751892, 60.2967033386, -4.10443735123, 41.8912086487], [290.391357422, -125.00831604, 77.6522674561, 2.32778000832, 53.5183029175, 320.523132324, 147.549575806, -18.3869628906, -51.24792099, 79.3786697388, 0.0907303616405, -3.73005366325, -38.9754104614], [12.9801006317, 185.576782227, -68.819480896, -24.2311534882, 79.0951309204, 147.549575806, 233.548919678, 24.6493625641, 18.2214946747, 14.7938814163, 78.377494812, -25.4773902893, -4.01876688004], [119.436538696, -6.72837114334, 6.27415323257, 30.8933067322, 52.4629173279, -18.3869628906, 24.6493625641, 142.993499756, 54.1662063599, 13.2639923096, 6.24260377884, 15.7184915543, 26.4484157562], [-123.613868713, 170.676513672, 18.3376464844, 63.6862068176, 65.4633255005, -51.24792099, 18.2214946747, 54.1662063599, 135.04699707, -0.900802314281, 35.8620529175, 5.37999248505, 30.8224372864], [136.584289551, -132.730010986, 46.4050636292, -2.28983354568, -10.3784751892, 79.3786697388, 14.7938814163, 13.2639923096, -0.900802314281, 116.890571594, 6.63251781464, 14.4777269363, 0.671364486217], [-159.876434326, 174.754180908, -67.1845397949, -21.1481285095, 60.2967033386, 0.0907303616405, 78.377494812, 6.24260377884, 35.8620529175, 6.63251781464, 126.376365662, 18.8330593109, 27.8137435913], [2.725502491, -64.8720016479, 22.2795677185, 16.2632064819, -4.10443735123, -3.73005366325, -25.4773902893, 15.7184915543, 5.37999248505, 14.4777269363, 18.8330593109, 72.6990509033, 30.2611865997], [-66.5201263428, 43.7765617371, -44.6714363098, 13.6852083206, 41.8912086487, -38.9754104614, -4.01876688004, 26.4484157562, 30.8224372864, 0.671364486217, 27.8137435913, 30.2611865997, 85.9593048096]],
        "icov": [[0.00102645007428, -0.000613720156252, 0.000838907901198, -0.00129954668228, 0.000726418104023, -0.00147443567403, 0.00102076341864, -0.00186808942817, 0.00151486252435, -0.00112995970994, 0.00102762668394, -0.000210647805943, 0.000556985090952], [-0.000613720156252, 0.00873513333499, -0.00522998953238, 0.00725673371926, -0.00900462456048, 0.00855407584459, -0.00923001393676, 0.00781703274697, -0.00763483066112, 0.00625032372773, -0.00327430246398, 0.00329532613978, -0.000778392597567], [0.000838907901198, -0.00522998953238, 0.00653506489471, -0.00736686959863, 0.00729485414922, -0.00730034243315, 0.00718117598444, -0.00590712018311, 0.00422015832737, -0.00413352716714, 0.0018116942374, -0.0019208980957, 0.00177887268364], [-0.00129954668228, 0.00725673371926, -0.00736686959863, 0.0137352561578, -0.0113725857809, 0.00914064329118, -0.00866935029626, 0.00852096267045, -0.00868747197092, 0.00574741791934, -0.000640171056148, 0.000754785898607, -0.00104512751568], [0.000726418104023, -0.00900462456048, 0.00729485414922, -0.0113725857809, 0.0171934422106, -0.0126501396298, 0.0112880021334, -0.0104983821511, 0.00648708222434, -0.00422266777605, -0.000574015430175, 1.97563385882e-05, -0.00172166794073], [-0.00147443567403, 0.00855407584459, -0.00730034243315, 0.00914064329118, -0.0126501396298, 0.0193574689329, -0.017356030643, 0.0116845658049, -0.00501606613398, 0.00115455966443, 0.00137154641561, -0.00133018160705, 0.00160294526722], [0.00102076341864, -0.00923001393676, 0.00718117598444, -0.00866935029626, 0.0112880021334, -0.017356030643, 0.0228887274861, -0.0124145746231, 0.00661794282496, -0.00348101020791, -0.00475340895355, 0.00328575307503, 0.000157446003868], [-0.00186808942817, 0.00781703274697, -0.00590712018311, 0.00852096267045, -0.0104983821511, 0.0116845658049, -0.0124145746231, 0.0189558304846, -0.0108048152179, 0.00414087343961, 0.000244641356403, -0.000833951111417, -0.00179525278509], [0.00151486252435, -0.00763483066112, 0.00422015832737, -0.00868747197092, 0.00648708222434, -0.00501606613398, 0.00661794282496, -0.0108048152179, 0.0199835244566, -0.00763362087309, 0.00163343199529, -0.00176246929914, -0.000179111098987], [-0.00112995970994, 0.00625032372773, -0.00413352716714, 0.00574741791934, -0.00422266777605, 0.00115455966443, -0.00348101020791, 0.00414087343961, -0.00763362087309, 0.0174640417099, -0.00598694058135, 0.00297963619232, -0.00248711649328], [0.00102762668394, -0.00327430246398, 0.0018116942374, -0.000640171056148, -0.000574015430175, 0.00137154641561, -0.00475340895355, 0.000244641356403, 0.00163343199529, -0.00598694058135, 0.0188689865172, -0.00915678963065, 0.000689491746016], [-0.000210647805943, 0.00329532613978, -0.0019208980957, 0.000754785898607, 1.97563385882e-05, -0.00133018160705, 0.00328575307503, -0.000833951111417, -0.00176246929914, 0.00297963619232, -0.00915678963065, 0.0235828198493, -0.00789275858551], [0.000556985090952, -0.000778392597567, 0.00177887268364, -0.00104512751568, -0.00172166794073, 0.00160294526722, 0.000157446003868, -0.00179525278509, -0.000179111098987, -0.00248711649328, 0.000689491746016, -0.00789275858551, 0.0183163825423]]
    },
    "melbands": {
        "max": [0.0101059554145, 0.0183949880302, 0.0211129765958, 0.00574307655916, 0.0109526161104, 0.00822675600648, 0.0053182230331, 0.00394646869972, 0.0049463850446, 0.00605402467772, 0.00685845920816, 0.00163045490626, 0.0029689327348, 0.00185722578317, 0.00130486267153, 0.00215575960465, 0.0019557683263, 0.0015865736641, 0.00155387073755, 0.00107380829286, 0.00082874490181, 0.000795443309471, 0.000537974294275, 0.000346789398463, 0.000439947732957, 0.000223642971832, 0.000164071956533, 0.000231079597143, 0.00013710228086, 0.000134080473799, 8.49598291097e-05, 9.17603902053e-05, 7.12018809281e-05, 8.66023183335e-05, 0.00014960768749, 0.000137793176691, 0.000116424256703, 6.97436626069e-05, 7.85226147855e-05, 5.5126438383e-05],
        "mean": [0.00168098486029, 0.00171182083432, 0.000985518330708, 0.000537681742571, 0.00071637367364, 0.000518035842106, 0.000180349481525, 0.000167052203324, 0.000191859115148, 0.000265065697022, 0.000111653163913, 9.60653778748e-05, 0.000174229659024, 6.30267459201e-05, 4.32125489169e-05, 7.02685356373e-05, 6.68292923365e-05, 8.66976042744e-05, 6.49385474389e-05, 5.36986481166e-05, 5.19349996466e-05, 5.43911555724e-05, 4.23234487243e-05, 3.87762265746e-05, 3.56379641744e-05, 2.6060419259e-05, 2.09141508094e-05, 1.82331168617e-05, 1.33454159368e-05, 1.0218767784e-05, 6.76902845953e-06, 5.25320683664e-06, 5.94111133978e-06, 6.07369202044e-06, 5.2159043662e-06, 5.24946426594e-06, 5.02755983689e-06, 4.16892089561e-06, 3.48829939867e-06, 2.52176164395e-06],
        "min": [6.26076825938e-07, 2.77112940239e-06, 2.46428953687e-06, 2.36032474277e-06, 4.76351715406e-06, 3.74030946659e-06, 1.709049684e-06, 7.51782522457e-07, 1.35866650908e-06, 1.13603744012e-06, 5.45756165593e-07, 7.1889235187e-07, 1.60571474339e-07, 2.46687505978e-07, 8.59330313574e-08, 3.45235548593e-07, 2.87142029265e-07, 3.2115644899e-07, 2.27693647048e-07, 1.73928924596e-07, 1.51103165535e-07, 2.44411836547e-07, 3.60532510513e-07, 2.9021583714e-07, 2.88862992193e-07, 3.11098261818e-07, 2.79153766769e-07, 7.06815157514e-08, 7.26411002461e-08, 4.84900937181e-08, 3.88255791961e-08, 2.43758382368e-08, 1.48792134169e-08, 1.62415929594e-08, 2.44169733321e-08, 2.2249484033e-08, 1.30106041496e-08, 9.9063814929e-09, 4.62154581271e-09, 2.75293743357e-09],
        "stdev": [0.00157735263929, 0.00209476728924, 0.00166497705504, 0.000705679471139, 0.00110832694918, 0.000708603824023, 0.000265950540779, 0.000262276793364, 0.000368784327293, 0.000466862053145, 0.000276585604297, 0.000163048796821, 0.000325379776768, 0.000125006146845, 8.08525146567e-05, 0.000131181979668, 0.000118734249554, 0.000137608833029, 0.000103902661067, 7.87552344264e-05, 8.38468695292e-05, 9.03029795154e-05, 5.51503107999e-05, 4.42736236437e-05, 3.93622758565e-05, 2.66921961156e-05, 2.10867801798e-05, 2.12719078263e-05, 1.46836182466e-05, 1.25609431052e-05, 8.7614680524e-06, 7.71349095885e-06, 8.26552332001e-06, 8.40604116092e-06, 8.27657549962e-06, 9.736138054e-06, 8.6725303845e-06, 6.9271159191e-06, 5.9882881942e-06, 4.58152771898e-06]
    },
    "melbands128": {
        "max": [0.00215077563189, 0.0119590116665, 0.015927510336, 0.0182792395353, 0.0230146199465, 0.0327804237604, 0.0307730678469, 0.0224056206644, 0.0107705034316, 0.00759814539924, 0.00998072884977, 0.0168358720839, 0.0186252556741, 0.0146607225761, 0.0132675245404, 0.00975250452757, 0.00802820455283, 0.00714098289609, 0.00539805693552, 0.00404695561156, 0.00647664535791, 0.0129364123568, 0.00556500256062, 0.0110989715904, 0.0119771361351, 0.0125228930265, 0.00810760166496, 0.0124226789922, 0.00734587619081, 0.00162270909641, 0.00332513777539, 0.0043685506098, 0.00598635338247, 0.00446308590472, 0.00265165208839, 0.00263073528185, 0.00116380909458, 0.00191276811529, 0.00311389844865, 0.00195143104065, 0.00497588608414, 0.00303192762658, 0.00434620724991, 0.0024049335625, 0.0024496181868, 0.00304232607596, 0.00207925960422, 0.00158323848154, 0.0036886096932, 0.00288654095493, 0.00081962934928, 0.0016707573086, 0.00104607595131, 0.00216081575491, 0.00159291492309, 0.00158280273899, 0.00164787203539, 0.000932622060645, 0.000923076237086, 0.00106011249591, 0.000808760814834, 0.000772551924456, 0.000785072974395, 0.000675165851135, 0.000508701719809, 0.000404039979912, 0.000638404046185, 0.000442145334091, 0.000292300363071, 0.000543281727005, 0.000458513066405, 0.000611246796325, 0.000209861245821, 0.000198783338419, 0.000169104358065, 0.000301797408611, 0.000123428020743, 9.95043083094e-05, 0.000134915972012, 0.00012533624249, 9.7081909189e-05, 0.000109633423563, 9.23179759411e-05, 8.325347153e-05, 0.000103001497337, 0.00011238388106, 9.45303399931e-05, 9.3692127848e-05, 0.000199183312361, 0.000187110723346, 0.000181696232175, 0.000174157408765, 0.000160425493959, 0.000149683168274, 0.000100767152617, 8.80715451785e-05, 6.61812446197e-05, 7.3042952863e-05, 0.000107766645669, 8.59490028233e-05, 8.35479659145e-05, 6.47154374747e-05, 5.48312673345e-05, 6.09224225627e-05, 5.60325097467e-05, 4.06563267461e-05, 1.30083581098e-05, 6.74354282637e-07, 3.90345000767e-09, 3.6209619747e-09, 3.422987227e-09, 3.25820059821e-09, 3.12438119821e-09, 3.00647262641e-09, 2.90298074468e-09, 2.81012479952e-09, 2.7216118248e-09, 2.63970822978e-09, 2.56639154372e-09, 2.49988452161e-09, 2.4386188624e-09, 2.38773378847e-09, 2.34529440313e-09, 2.30849961369e-09, 2.27273244668e-09, 2.24814811212e-09, 2.22786811221e-09, 2.21615437113e-09],
        "mean": [0.000219016641495, 0.00146356248297, 0.00234358455054, 0.00203469442204, 0.00167673069518, 0.00150822754949, 0.00120130425785, 0.000899341714103, 0.000537412706763, 0.0005019303062, 0.000504634692334, 0.00065517006442, 0.000822934845928, 0.000739247479942, 0.000629816669971, 0.00033118922147, 0.000184876131243, 0.000174501983565, 0.000134766625706, 0.000173369073309, 0.000187280296814, 0.00014108880714, 0.000186446442967, 0.000234611317865, 0.000313985685352, 0.000290111813229, 0.000133924666443, 0.000105129249278, 6.9710695243e-05, 7.67039091443e-05, 0.000104385202576, 0.000133838751935, 0.000217261345824, 0.000185282653547, 7.26233556634e-05, 3.2186810131e-05, 3.03745600831e-05, 3.31390729116e-05, 5.62973691558e-05, 7.56391746108e-05, 7.48391685192e-05, 6.3822408265e-05, 6.20423670625e-05, 6.82313111611e-05, 7.76828601374e-05, 9.05325869098e-05, 0.000102203412098, 6.69355067657e-05, 4.73481486551e-05, 5.00898422615e-05, 5.54572470719e-05, 5.94110642851e-05, 4.39188952441e-05, 5.25976865902e-05, 6.0438982473e-05, 5.7843826653e-05, 4.59009388578e-05, 4.30683758168e-05, 3.99845848733e-05, 4.27356280852e-05, 3.72587310267e-05, 3.75238014385e-05, 3.95362840209e-05, 3.6601908505e-05, 2.66387814918e-05, 2.71240987786e-05, 2.51275832852e-05, 1.94037493202e-05, 1.92757888726e-05, 2.42673795583e-05, 1.91149520106e-05, 1.50303958435e-05, 1.35959990075e-05, 1.41680302477e-05, 1.10799055619e-05, 1.21359134937e-05, 8.351096767e-06, 7.94571860752e-06, 6.62237152937e-06, 5.78901244808e-06, 4.81150254927e-06, 5.0369744713e-06, 6.13536212768e-06, 5.69415578866e-06, 6.20033551968e-06, 6.36436425339e-06, 6.00278690399e-06, 5.65192431168e-06, 5.06922333443e-06, 5.03964110976e-06, 4.9179366215e-06, 5.43761007066e-06, 5.57674366064e-06, 5.05374327986e-06, 4.83007852381e-06, 4.15623071603e-06, 4.27451004725e-06, 3.7811466882e-06, 3.62160699297e-06, 3.32950548909e-06, 2.67598079517e-06, 2.46610352406e-06, 2.23234496843e-06, 1.99924011213e-06, 1.8812795588e-06, 1.44076193465e-06, 3.64453939028e-07, 1.93688318717e-08, 1.91960614071e-11, 1.0350245834e-11, 9.62693900292e-12, 1.001510333e-11, 1.12372828057e-11, 1.19524650594e-11, 1.19181400859e-11, 9.86793285973e-12, 7.63356825667e-12, 7.16660454939e-12, 6.95682487312e-12, 6.75251651469e-12, 6.57679379706e-12, 6.43518745236e-12, 6.30416031877e-12, 6.18895689905e-12, 6.05079875093e-12, 5.89490479e-12, 5.79755254221e-12, 5.75847182438e-12],
        "min": [7.96639465506e-09, 9.47162277498e-08, 2.91698427191e-07, 2.81300401639e-07, 5.3436036751e-07, 7.07328638327e-07, 8.84898611275e-07, 7.44084104554e-07, 6.65488983032e-07, 6.21758829311e-07, 1.35475352181e-06, 1.50337075411e-06, 1.71334272636e-06, 7.3333040973e-07, 1.24693212911e-06, 3.77758397008e-07, 6.73088266012e-07, 2.35141669691e-07, 4.64738604933e-07, 2.15813003024e-07, 3.04575735299e-07, 2.50591114082e-07, 2.18728501977e-07, 3.17084726476e-07, 4.45680200301e-07, 1.82744329891e-07, 9.82163612662e-08, 1.51307261831e-07, 2.14979721136e-07, 2.04760667089e-07, 1.01770183392e-07, 4.40635865573e-08, 1.39021281598e-07, 7.17177215392e-08, 1.27776715431e-07, 4.2315704718e-08, 1.06093239083e-07, 3.51423707912e-08, 5.21490228778e-08, 1.15928379785e-07, 1.43356231774e-07, 2.1391919347e-07, 8.2664968204e-08, 1.83605436632e-07, 1.01925294871e-07, 9.08072337324e-08, 2.62457575673e-08, 6.94456687711e-08, 1.1234023134e-07, 5.6076121524e-08, 1.11615783283e-07, 1.44394462609e-07, 5.68368676568e-08, 9.58712362831e-08, 7.62775016483e-08, 9.43466318404e-08, 1.08568670498e-07, 2.0461172312e-07, 1.77036753257e-07, 1.36150177354e-07, 1.62795316783e-07, 1.50732006432e-07, 1.77396401568e-07, 1.75800607849e-07, 1.50841444224e-07, 1.74352564386e-07, 1.97068331431e-07, 1.09020916739e-07, 5.15682643254e-08, 4.49008581427e-08, 1.46549119506e-08, 4.04317326286e-08, 4.32505729009e-08, 3.26750857482e-08, 2.65997055493e-08, 2.68437343465e-08, 5.26402814671e-08, 3.25891527098e-08, 2.53317864463e-08, 2.67156696765e-08, 2.07579038403e-08, 2.27650645002e-08, 1.811955741e-08, 1.3177106517e-08, 1.27992016985e-08, 1.33939899172e-08, 1.58867230482e-08, 1.58122741567e-08, 1.76105121596e-08, 1.66066662644e-08, 1.85741200198e-08, 1.88340010254e-08, 1.6529982716e-08, 1.09752598121e-08, 9.80034631226e-09, 1.32423600974e-08, 7.84046161328e-09, 4.9479904618e-09, 3.15025605602e-09, 2.21708185144e-09, 2.18193374479e-09, 2.25365659468e-09, 1.45368961313e-09, 7.69538377465e-10, 1.42112488444e-09, 8.13146550094e-10, 1.94576368906e-10, 1.81859887392e-12, 1.439704882e-13, 9.1563563643e-14, 1.16617476851e-13, 1.17228872009e-13, 1.13582984706e-13, 8.75729813644e-14, 1.04527612965e-13, 9.1630560561e-14, 8.08219254868e-14, 1.0638731107e-13, 9.86645932056e-14, 8.3514304413e-14, 9.95488888263e-14, 9.84478611913e-14, 1.00163949942e-13, 8.11579197401e-14, 7.25634830001e-14, 2.94922303267e-14, 4.53889592808e-15, 1.16569203597e-16],
        "stdev": [0.000300683983369, 0.00187991827261, 0.00238173711114, 0.00186738616321, 0.00259194104001, 0.00304894568399, 0.00227465387434, 0.00165245053358, 0.000939608435147, 0.000897935475223, 0.000775575288571, 0.00124450679868, 0.00177331571467, 0.00127630983479, 0.0010563932592, 0.000658691511489, 0.000379184406484, 0.00033341217204, 0.000244143651798, 0.000300941203022, 0.000402642413974, 0.000443598808488, 0.000509117613547, 0.000618015881628, 0.00068221782567, 0.00071547931293, 0.00039619486779, 0.000440166360931, 0.000229621189646, 0.000148308070493, 0.000267380179139, 0.000329717615386, 0.000537452753633, 0.000425348291174, 0.000205406540772, 0.000103738479083, 6.85719860485e-05, 9.24637861317e-05, 0.000146621619933, 0.000177614070708, 0.000219579480472, 0.000175032168045, 0.000169486200321, 0.000168783211848, 0.000185751443496, 0.000192584528122, 0.000219419118366, 0.000143648838275, 0.000137640046887, 0.000128253537696, 9.50030516833e-05, 0.000124992104247, 8.94877084647e-05, 0.00013550541189, 0.000143494587974, 0.00013051435235, 0.000105098617496, 7.63447169447e-05, 7.13560075383e-05, 7.88051984273e-05, 6.17367550149e-05, 5.87331269344e-05, 5.95399542362e-05, 6.06558969594e-05, 3.97867479478e-05, 3.68024157069e-05, 3.62029386451e-05, 2.87322418444e-05, 2.38301363424e-05, 4.1286511987e-05, 2.85136466118e-05, 2.3721031539e-05, 1.79298949661e-05, 1.93935939024e-05, 1.52341572175e-05, 1.87770729099e-05, 1.13544620035e-05, 1.10585324364e-05, 9.76124920271e-06, 9.54180904955e-06, 7.80300888437e-06, 8.16894043965e-06, 9.15525470191e-06, 9.02737701836e-06, 9.39304663916e-06, 9.62153899309e-06, 9.33484352572e-06, 8.30642784422e-06, 8.72215878189e-06, 1.00389888757e-05, 9.82267829386e-06, 1.10301416498e-05, 1.0964716239e-05, 9.13411713555e-06, 8.36366052681e-06, 7.16727390682e-06, 7.89519890532e-06, 6.73734302836e-06, 6.58914632368e-06, 5.98690076004e-06, 5.44159547644e-06, 4.64106415166e-06, 4.30074987889e-06, 3.68561177311e-06, 3.53887207893e-06, 2.76902414953e-06, 7.40131213206e-07, 4.44615793072e-08, 1.23089413662e-10, 1.11941865499e-10, 1.05800750105e-10, 1.0109454246e-10, 9.85785481022e-11, 9.66564467353e-11, 9.35911070865e-11, 8.95997928629e-11, 8.41658548412e-11, 8.15722073222e-11, 7.92985122011e-11, 7.72439612273e-11, 7.53443210599e-11, 7.37730293521e-11, 7.24633408833e-11, 7.13243630823e-11, 7.02200103619e-11, 6.94628798925e-11, 6.88344312105e-11, 6.84735879108e-11]
    },
    "mfcc": {
        "mean": [-593.726318359, 93.07762146, 1.82609438896, 27.5628948212, 10.1304664612, -0.380053430796, 0.146874800324, 4.56555080414, -3.28015470505, 6.29822063446, -3.77509212494, -1.40778017044, -2.80973029137],
        "cov": [[1883.01647949, -528.33215332, -70.9927215576, -78.8734130859, 27.1306667328, 139.800689697, 149.130752563, -2.19520497322, 125.596565247, 47.280418396, 13.113574028, -29.5944633484, 9.17727565765], [-528.33215332, 821.691711426, -173.911331177, 78.6551895142, 34.4223937988, -52.323097229, 37.8197174072, 104.908477783, -51.0259094238, 84.7483978271, 38.3856506348, 15.8717727661, 13.7313423157], [-70.9927215576, -173.911331177, 610.767333984, 73.2491531372, 24.2464752197, 81.1119766235, -55.9340133667, -22.2955093384, 33.0711860657, -53.7809944153, 46.4913978577, 34.6128349304, -23.9131355286], [-78.8734130859, 78.6551895142, 73.2491531372, 308.129455566, 157.794967651, -73.8287124634, -79.1657104492, 38.7498054504, 47.86145401, -4.56236028671, -33.4323692322, 63.5135345459, 37.4810371399], [27.1306667328, 34.4223937988, 24.2464752197, 157.794967651, 226.90322876, 0.580316245556, -28.1011562347, 35.0636520386, 49.7045822144, 7.22553920746, -20.783033371, 30.3479804993, 33.6473960876], [139.800689697, -52.323097229, 81.1119766235, -73.8287124634, 0.580316245556, 287.372375488, 133.996673584, 12.0983495712, -0.206233337522, 32.5363616943, 66.0244903564, -23.3496608734, -13.4793481827], [149.130752563, 37.8197174072, -55.9340133667, -79.1657104492, -28.1011562347, 133.996673584, 221.005889893, 48.6533317566, -3.02550554276, 63.5624847412, 45.7603912354, -14.4170360565, 5.68814659119], [-2.19520497322, 104.908477783, -22.2955093384, 38.7498054504, 35.0636520386, 12.0983495712, 48.6533317566, 120.515922546, 23.0634727478, 26.1490364075, 21.8462772369, 18.9494419098, 11.4883546829], [125.596565247, -51.0259094238, 33.0711860657, 47.86145401, 49.7045822144, -0.206233337522, -3.02550554276, 23.0634727478, 111.195251465, 28.599187851, -3.97233533859, 14.0355176926, 18.8617935181], [47.280418396, 84.7483978271, -53.7809944153, -4.56236028671, 7.22553920746, 32.5363616943, 63.5624847412, 26.1490364075, 28.599187851, 115.252487183, 38.5755996704, -6.46709060669, -0.21692083776], [13.113574028, 38.3856506348, 46.4913978577, -33.4323692322, -20.783033371, 66.0244903564, 45.7603912354, 21.8462772369, -3.97233533859, 38.5755996704, 112.889556885, 13.5470046997, -16.2224712372], [-29.5944633484, 15.8717727661, 34.6128349304, 63.5135345459, 30.3479804993, -23.3496608734, -14.4170360565, 18.9494419098, 14.0355176926, -6.46709060669, 13.5470046997, 74.2037506104, 31.9255390167], [9.17727565765, 13.7313423157, -23.9131355286, 37.4810371399, 33.6473960876, -13.4793481827, 5.68814659119, 11.4883546829, 18.8617935181, -0.21692083776, -16.2224712372, 31.9255390167, 68.4799499512]],
        "icov": [[0.000795164552983, 0.000570670585148, 0.000262100278633, -2.97521964967e-05, -0.000145814279676, -6.54489558656e-05, -0.000481937284349, -3.35663135047e-05, -0.000659021083266, -8.12557773315e-05, -0.000203330535442, 0.000191954502952, 3.48452085746e-05], [0.000570670585148, 0.00218729372136, 0.000492615043186, -0.000565968221053, -0.000131753171445, 0.000281079672277, -0.000147278362419, -0.00139148160815, 0.00112980545964, -0.00135585467797, -0.000632005569059, 0.00040539650945, -0.00032173798536], [0.000262100278633, 0.000492615043186, 0.00244292546995, -0.00088806921849, 0.000265489390586, -0.00103480799589, 0.000438724266132, 0.000337387667969, -0.00105030066334, 0.00123377493583, -0.00126055825967, -0.000764856580645, 0.00112921057735], [-2.97521964967e-05, -0.000565968221053, -0.00088806921849, 0.00717731006444, -0.00371099100448, 0.000772820843849, 0.00135234207846, -0.00102597090881, -0.000373933144147, -0.00100444385316, 0.00203585694544, -0.00384751986712, 0.000290123483865], [-0.000145814279676, -0.000131753171445, 0.000265489390586, -0.00371099100448, 0.0077933371067, -0.00157706358004, 0.000949990469962, -0.000913892639801, -0.0014049236197, -7.26548096281e-05, 0.000672891736031, 0.000592939846683, -0.00162573705893], [-6.54489558656e-05, 0.000281079672277, -0.00103480799589, 0.000772820843849, -0.00157706358004, 0.00644572498277, -0.00369400740601, 0.000629709917121, 0.000230968667893, 0.000453575106803, -0.00254752021283, 0.00208797981031, -0.000226192583796], [-0.000481937284349, -0.000147278362419, 0.000438724266132, 0.00135234207846, 0.000949990469962, -0.00369400740601, 0.00958607997745, -0.00340179773048, 0.00159902160522, -0.00349315535277, 0.000364939536666, -4.54127184639e-05, -0.00225616851822], [-3.35663135047e-05, -0.00139148160815, 0.000337387667969, -0.00102597090881, -0.000913892639801, 0.000629709917121, -0.00340179773048, 0.0122102536261, -0.00282429880463, 0.00132315885276, -0.00171190232504, -0.0016300851712, 0.000906516623218], [-0.000659021083266, 0.00112980545964, -0.00105030066334, -0.000373933144147, -0.0014049236197, 0.000230968667893, 0.00159902160522, -0.00282429880463, 0.01385331247, -0.00522278482094, 0.00144483195618, -0.000234101360547, -0.00260439142585], [-8.12557773315e-05, -0.00135585467797, 0.00123377493583, -0.00100444385316, -7.26548096281e-05, 0.000453575106803, -0.00349315535277, 0.00132315885276, -0.00522278482094, 0.0148501098156, -0.00495468312874, 0.00265635736287, 0.000529953395016], [-0.000203330535442, -0.000632005569059, -0.00126055825967, 0.00203585694544, 0.000672891736031, -0.00254752021283, 0.000364939536666, -0.00171190232504, 0.00144483195618, -0.00495468312874, 0.0152671467513, -0.0071172080934, 0.00454542040825], [0.000191954502952, 0.00040539650945, -0.000764856580645, -0.00384751986712, 0.000592939846683, 0.00208797981031, -4.54127184639e-05, -0.0016300851712, -0.000234101360547, 0.00265635736287, -0.0071172080934, 0.024131949991, -0.0107348607853], [3.48452085746e-05, -0.00032173798536, 0.00112921057735, 0.000290123483865, -0.00162573705893, -0.000226192583796, -0.00225616851822, 0.000906516623218, -0.00260439142585, 0.000529953395016, 0.00454542040825, -0.0107348607853, 0.0224882103503]]
    },
    "spectral_contrast_coeffs": {
        "max": [-0.375156193972, -0.514886796474, -0.495452612638, -0.572575628757, -0.624371767044, -0.663975536823],
        "mean": [-0.730190575123, -0.752710700035, -0.750948965549, -0.770113885403, -0.776025831699, -0.781773805618],
        "min": [-0.889396548271, -0.919580698013, -0.89934271574, -0.90552842617, -0.875381350517, -0.859131038189],
        "stdev": [0.0835989415646, 0.0615835413337, 0.0694420561194, 0.054976079613, 0.0392891764641, 0.0301218498498]
    },
    "spectral_contrast_valleys": {
        "max": [-4.94695091248, -4.96220207214, -5.71745157242, -5.42845964432, -5.73600482941, -7.33483409882],
        "mean": [-6.34856700897, -6.51740407944, -7.32580709457, -7.22614622116, -6.85145330429, -9.27770996094],
        "min": [-9.07067108154, -8.45316505432, -8.91853237152, -9.33984088898, -8.70133590698, -11.8143110275],
        "stdev": [0.720721662045, 0.514367282391, 0.54535394907, 0.5514742136, 0.542021930218, 0.764894366264]
    }
},
"rhythm": {
    "beats_count": 102,
    "beats_loudness": {
        "max": 0.0733532309532,
        "mean": 0.0436954163015,
        "min": 0.0197848826647,
        "stdev": 0.0123722888529
    },
    "bpm": 127.163314819,
    "bpm_histogram_first_peak_bpm": 126,
    "bpm_histogram_first_peak_weight": 0.49484539032,
    "bpm_histogram_second_peak_bpm": 115,
    "bpm_histogram_second_peak_spread": 0,
    "bpm_histogram_second_peak_weight": 0.0297029707581,
    "danceability": 1.93225908279,
    "onset_rate": 4.2861328125,
    "beats_loudness_band_ratio": {
        "max": [0.905855357647, 0.753241121769, 0.343126356602, 0.314559817314, 0.3627576828, 0.327021181583],
        "mean": [0.537119746208, 0.118466697633, 0.0804840251803, 0.0740856379271, 0.105866163969, 0.11073166877],
        "min": [0.0122647015378, 0.0077037140727, 0.00954438745975, 0.00345859816298, 0.00301334541291, 0.0148466005921],
        "stdev": [0.183221921325, 0.102780237794, 0.0710333362222, 0.0733518078923, 0.0770957991481, 0.0623702034354]
    },
