{
"metadata": {
    "version": {
        "essentia": "2.1-beta5",
        "essentia_git_sha": "Undefined",
        "extractor": "music 2.0"
    },
    "audio_properties": {
        "analysis": {
            "equal_loudness": 0,
            "length": 32.4963264465,
            "sample_rate": 44100,
            "start_time": 110.248344421,
            "downmix": "mix"
        },
        "bit_rate": 192000,
        "length": 181.765808105,
        "lossless": 0,
        "number_channels": 2,
        "replay_gain": -10.2434673309,
        "sample_rate": 48000,
        "codec": "mp3",
        "md5_encoded": "d52cce4de7936e8d904d7d482814af66"
    },
    "tags": {
        "file_name": "Belgium_Sanomi_Urban Trad.mp3",
        "encoding": ["Lavf58.29.100"]
    }
},
"lowlevel": {
    "average_loudness": 0.98338675499,
    "barkbands_crest": {
        "max": 24.0209903717,
        "mean": 9.80154132843,
        "min": 2.7810125351,
        "stdev": 4.15354537964
    },
    "barkbands_flatness_db": {
        "max": 0.274112194777,
        "mean": 0.147218301892,
        "min": 0.0530619844794,
        "stdev": 0.0418144278228
    },
    "barkbands_kurtosis": {
        "max": 25.9219703674,
        "mean": 2.29590010643,
        "min": -1.61266624928,
        "stdev": 3.5904083252
    },
    "barkbands_skewness": {
        "max": 3.6606771946,
        "mean": 0.836931943893,
        "min": -1.74488663673,
        "stdev": 0.795215725899
    },
    "barkbands_spread": {
        "max": 66.4196243286,
        "mean": 18.4841957092,
        "min": 2.29758930206,
        "stdev": 9.6593208313
    },
    "dissonance": {
        "max": 0.49890267849,
        "mean": 0.4451431036,
        "min": 0.244355469942,
        "stdev": 0.0399705916643
    },
    "dynamic_complexity": 1.31937599182,
    "erbbands_crest": {
        "max": 32.2959136963,
        "mean": 12.8145990372,
        "min": 2.8834373951,
        "stdev": 6.25478506088
    },
    "erbbands_flatness_db": {
        "max": 0.336966842413,
        "mean": 0.198216468096,
        "min": 0.0768968760967,
        "stdev": 0.0468730181456
    },
    "erbbands_kurtosis": {
        "max": 48.1984214783,
        "mean": 2.69698810577,
        "min": -1.48830711842,
        "stdev": 4.67284870148
    },
    "erbbands_skewness": {
        "max": 5.09449720383,
        "mean": 0.80028539896,
        "min": -1.75395131111,
        "stdev": 0.948737621307
    },
    "erbbands_spread": {
        "max": 92.2276000977,
        "mean": 24.7066383362,
        "min": 2.46523141861,
        "stdev": 14.3530788422
    },
    "hfc": {
        "max": 75.2119064331,
        "mean": 28.4577674866,
        "min": 1.08714461327,
        "stdev": 13.6793813705
    },
    "loudness_ebu128": {
        "integrated": -12.4951276779,
        "loudness_range": 1.33890342712,
        "momentary": {
            "max": -10.3792533875,
            "mean": -12.6048564911,
            "min": -15.321521759,
            "stdev": 0.970974624157
        },
        "short_term": {
            "max": -11.698094368,
            "mean": -12.5740232468,
            "min": -13.3662290573,
            "stdev": 0.452364206314
        }
    },
    "melbands_crest": {
        "max": 31.6069812775,
        "mean": 12.834479332,
        "min": 4.38894939423,
        "stdev": 5.36232852936
    },
    "melbands_flatness_db": {
        "max": 0.311884701252,
        "mean": 0.174713984132,
        "min": 0.0559247098863,
        "stdev": 0.0492384396493
    },
    "melbands_kurtosis": {
        "max": 59.4149436951,
        "mean": 4.83363676071,
        "min": -1.18616163731,
        "stdev": 6.12029838562
    },
    "melbands_skewness": {
        "max": 6.62814044952,
        "mean": 1.25920188427,
        "min": -1.51650893688,
        "stdev": 1.05228161812
    },
    "melbands_spread": {
        "max": 67.241607666,
        "mean": 25.0844764709,
        "min": 4.03496646881,
        "stdev": 12.8113708496
    },
    "pitch_salience": {
        "max": 0.887672841549,
        "mean": 0.555369317532,
        "min": 0.237560749054,
        "stdev": 0.106406375766
    },
    "silence_rate_20dB": {
        "max": 1,
        "mean": 1,
        "min": 1,
        "stdev": 0
    },
    "silence_rate_30dB": {
        "max": 1,
        "mean": 1,
        "min": 1,
        "stdev": 0
    },
    "silence_rate_60dB": {
        "max": 0,
        "mean": 0,
        "min": 0,
        "stdev": 0
    },
    "spectral_centroid": {
        "max": 2653.10522461,
        "mean": 1374.56408691,
        "min": 483.167236328,
        "stdev": 483.467773438
    },
    "spectral_complexity": {
        "max": 45,
        "mean": 20.5067806244,
        "min": 3,
        "stdev": 7.11716604233
    },
    "spectral_decrease": {
        "max": -3.9416764297e-10,
        "mean": -7.56964091408e-09,
        "min": -1.99135694601e-08,
        "stdev": 3.00655145224e-09
    },
    "spectral_energy": {
        "max": 0.0777097195387,
        "mean": 0.0311507303268,
        "min": 0.00158627948258,
        "stdev": 0.012105723843
    },
    "spectral_energyband_high": {
        "max": 0.00424687983468,
        "mean": 0.000714609166607,
        "min": 3.39081088896e-06,
        "stdev": 0.000632204464637
    },
    "spectral_energyband_low": {
        "max": 0.0579942427576,
        "mean": 0.00484991725534,
        "min": 1.34064857775e-05,
        "stdev": 0.00694836676121
    },
    "spectral_energyband_middle_high": {
        "max": 0.0485121011734,
        "mean": 0.0120329912752,
        "min": 0.000403480487876,
        "stdev": 0.00982944108546
    },
    "spectral_energyband_middle_low": {
        "max": 0.0606193244457,
        "mean": 0.0157082099468,
        "min": 0.00115015136544,
        "stdev": 0.0112185860053
    },
    "spectral_entropy": {
        "max": 8.44309520721,
        "mean": 7.44505405426,
        "min": 6.16755008698,
        "stdev": 0.384207755327
    },
    "spectral_flux": {
        "max": 0.234851494431,
        "mean": 0.079131603241,
        "min": 0.0173652879894,
        "stdev": 0.037734027952
    },
    "spectral_kurtosis": {
        "max": 24.8960018158,
        "mean": 4.08204746246,
        "min": 0.0516488552094,
        "stdev": 2.45933008194
    },
    "spectral_rms": {
        "max": 0.00870714429766,
        "mean": 0.00540448352695,
        "min": 0.00124402157962,
        "stdev": 0.00108743982855
    },
    "spectral_rolloff": {
        "max": 9022.41210938,
        "mean": 1485.57983398,
        "min": 236.865234375,
        "stdev": 780.646179199
    },
    "spectral_skewness": {
        "max": 4.13736248016,
        "mean": 1.50613594055,
        "min": 0.581633627415,
        "stdev": 0.385317534208
    },
    "spectral_spread": {
        "max": 10017991,
        "mean": 4229465.5,
        "min": 2448092.25,
        "stdev": 1094245.5
    },
    "spectral_strongpeak": {
        "max": 11.1856431961,
        "mean": 2.3060438633,
        "min": 0.0383490659297,
        "stdev": 1.88782799244
    },
    "zerocrossingrate": {
        "max": 0.18310546875,
        "mean": 0.059250369668,
        "min": 0.00927734375,
        "stdev": 0.0209232922643
    },
    "barkbands": {
        "max": [0.00221013184637, 0.0342220887542, 0.037909951061, 0.0344101414084, 0.0284577459097, 0.0191322360188, 0.0222288724035, 0.0280758216977, 0.0439971089363, 0.0424780659378, 0.0152035662904, 0.0378408916295, 0.0060340068303, 0.0159431360662, 0.00602568453178, 0.0194543339312, 0.00799657497555, 0.0060801776126, 0.00223518908024, 0.00162875722162, 0.00156280794181, 0.00146592303645, 0.000773559208028, 0.000492611783557, 0.00121265754569, 0.000260307802819, 1.01073840142e-06],
        "mean": [0.00012236389739, 0.00252643367276, 0.00152671383694, 0.00122676976025, 0.00312539096922, 0.00155436678324, 0.00132186384872, 0.00280975457281, 0.00253336201422, 0.00583877041936, 0.00145932647865, 0.00184184429236, 0.000520547153428, 0.000930684967898, 0.000495176354889, 0.00115536327939, 0.000511305290274, 0.000411237037042, 0.000401089986553, 0.000251176476013, 0.000194653286599, 0.000165039862623, 9.90294356598e-05, 7.25312711438e-05, 4.66548008262e-05, 9.3079479484e-06, 5.68297009451e-09],
        "min": [2.60138435237e-08, 9.4669161399e-07, 1.0827859569e-06, 1.49051595599e-06, 7.58490205044e-05, 1.83462871064e-05, 1.82796484296e-05, 1.22230003399e-05, 9.37971253734e-06, 2.4291121008e-05, 1.5678757336e-05, 6.16940087639e-06, 8.03914736025e-06, 3.30219859279e-06, 3.59304362973e-06, 1.2332264987e-06, 2.44751845457e-06, 3.14676276503e-06, 3.48748267243e-06, 9.92238824438e-07, 7.54799884817e-07, 9.31193596898e-07, 5.52156507183e-07, 5.56716599931e-07, 3.19491590517e-07, 3.62501033635e-08, 1.68745694501e-11],
        "stdev": [0.000257913517999, 0.00434152130038, 0.00281395483762, 0.00264127948321, 0.00285535096191, 0.00235138437711, 0.00243801972829, 0.00433421088383, 0.00555870588869, 0.00828986056149, 0.00202999450266, 0.0039278594777, 0.000646659056656, 0.00212385831401, 0.00072494300548, 0.00250549218617, 0.000813305610791, 0.000554703525268, 0.000402236677473, 0.000221509748371, 0.000214983374462, 0.000190763763385, 9.51416150201e-05, 7.35705034458e-05, 9.68124222709e-05, 2.20499150601e-05, 3.14665449253e-08]
    },
    "erbbands": {
        "max": [1.30059373379, 9.31145763397, 29.7098255157, 92.0305633545, 111.860267639, 77.1788024902, 120.024871826, 177.858688354, 291.816741943, 532.444396973, 505.256561279, 1278.59411621, 1666.30957031, 1426.15197754, 523.936279297, 1908.54382324, 260.45602417, 892.491027832, 438.312011719, 364.93927002, 1322.43774414, 468.790496826, 247.912994385, 199.292022705, 117.811203003, 80.3608551025, 70.5194854736, 64.9301147461, 55.484500885, 37.7065467834, 21.8510932922, 14.5898208618, 11.470334053, 15.4014234543, 8.37391853333, 2.35399436951, 0.278061389923, 0.0189423281699, 0.000413078407291, 8.79447179614e-05],
        "mean": [0.0877486616373, 0.510060846806, 1.36540806293, 3.6476829052, 6.79714870453, 10.6763916016, 10.1260690689, 13.5238142014, 22.56615448, 43.0687446594, 48.2527732849, 69.1338348389, 159.524261475, 124.649467468, 58.5308189392, 90.7213516235, 33.1013298035, 47.2452278137, 30.5883293152, 28.1873931885, 71.6412582397, 29.969493866, 20.7395153046, 28.2668457031, 15.9759559631, 12.0280742645, 9.11524868011, 7.04884052277, 5.73588085175, 4.3582034111, 2.73510575294, 1.67048549652, 1.23871266842, 0.674443125725, 0.245305106044, 0.066136457026, 0.013342147693, 0.000813393562566, 3.8061873056e-05, 3.9486651076e-05],
        "min": [8.78174469108e-05, 0.00032617058605, 0.00209599849768, 0.015174401924, 0.106955379248, 0.206133276224, 0.109170243144, 0.244981646538, 0.288575619459, 0.500975430012, 0.552619636059, 1.34155845642, 0.810216367245, 1.86980307102, 1.45545172691, 0.387335151434, 0.430100381374, 0.279505640268, 0.411995559931, 0.129876494408, 0.106285341084, 0.122813418508, 0.0979897975922, 0.344806700945, 0.0857363268733, 0.0452264286578, 0.0195375569165, 0.0468728207052, 0.0294151082635, 0.0151200359687, 0.0200318638235, 0.0120117207989, 0.00839537009597, 0.00583534548059, 0.000845440721605, 0.000286724418402, 3.16513687721e-05, 1.78260972916e-06, 1.56126998263e-06, 1.90640162145e-06],
        "stdev": [0.171750545502, 0.871522307396, 2.48524022102, 6.96068334579, 9.87845611572, 9.66810798645, 10.7719612122, 21.0959815979, 39.3587684631, 75.8705215454, 67.3991622925, 155.977630615, 274.896240234, 220.777313232, 71.9146347046, 196.518249512, 37.4210968018, 102.19720459, 42.4630775452, 39.864780426, 162.474319458, 44.736492157, 26.5342350006, 33.3940200806, 13.7196788788, 10.4279851913, 8.91871547699, 8.47552108765, 6.91667747498, 4.3001871109, 2.61122202873, 1.68665397167, 1.39618182182, 1.2564073801, 0.575590252876, 0.164035066962, 0.0327795185149, 0.00222892407328, 4.67623503937e-05, 1.45681160575e-05]
    },
    "gfcc": {
        "mean": [19.4865989685, 101.55078125, -144.970397949, 29.742483139, -77.896156311, 19.1696243286, -32.7931938171, 10.0789356232, -26.3069095612, -8.5545129776, -12.5880498886, -5.310090065, -2.46003079414],
        "cov": [[1045.65209961, -610.183776855, -7.97920894623, 274.564300537, 263.774108887, 138.945907593, -223.087158203, 43.0558052063, -98.1207580566, 71.7205047607, -124.165046692, 100.164596558, -80.9863815308], [-610.183776855, 890.96105957, 138.761138916, -31.2440700531, -2.43806838989, -48.4672317505, 290.219940186, -30.3225383759, 131.3959198, -65.5935211182, 154.183639526, -107.746841431, 40.1717147827], [-7.97920894623, 138.761138916, 502.115631104, 66.3960723877, -100.184562683, 20.2931480408, 91.6024475098, 39.1096115112, -6.76889419556, 67.8991851807, -43.1612930298, 2.6288228035, -69.4210968018], [274.564300537, -31.2440700531, 66.3960723877, 288.850372314, 229.84312439, 80.5085449219, -28.6058769226, 49.5061721802, 12.5596122742, 4.79686164856, -7.81961297989, 27.958568573, -7.65085172653], [263.774108887, -2.43806838989, -100.184562683, 229.84312439, 479.181335449, 150.262634277, -53.7573204041, 55.2482299805, 0.691597223282, -19.6601314545, 9.45606136322, 34.7297668457, 8.29051494598], [138.945907593, -48.4672317505, 20.2931480408, 80.5085449219, 150.262634277, 207.326095581, 55.5906486511, 19.1821498871, 4.31587839127, 14.2661561966, -4.42548656464, 2.30557870865, -11.0536022186], [-223.087158203, 290.219940186, 91.6024475098, -28.6058769226, -53.7573204041, 55.5906486511, 239.406967163, 26.2982120514, 62.7783927917, -15.8171844482, 43.0151367188, -40.9072227478, 10.6261014938], [43.0558052063, -30.3225383759, 39.1096115112, 49.5061721802, 55.2482299805, 19.1821498871, 26.2982120514, 143.606491089, 52.9397087097, -20.5501899719, -7.69354057312, 32.4030723572, 27.2277317047], [-98.1207580566, 131.3959198, -6.76889419556, 12.5596122742, 0.691597223282, 4.31587839127, 62.7783927917, 52.9397087097, 110.513885498, -7.2647023201, 25.6822624207, 0.143649026752, 30.4943027496], [71.7205047607, -65.5935211182, 67.8991851807, 4.79686164856, -19.6601314545, 14.2661561966, -15.8171844482, -20.5501899719, -7.2647023201, 110.393692017, 17.7132339478, 5.89734315872, -48.8909263611], [-124.165046692, 154.183639526, -43.1612930298, -7.81961297989, 9.45606136322, -4.42548656464, 43.0151367188, -7.69354057312, 25.6822624207, 17.7132339478, 103.735221863, -1.02317714691, 8.89646339417], [100.164596558, -107.746841431, 2.6288228035, 27.958568573, 34.7297668457, 2.30557870865, -40.9072227478, 32.4030723572, 0.143649026752, 5.89734315872, -1.02317714691, 88.1628646851, 26.4724464417], [-80.9863815308, 40.1717147827, -69.4210968018, -7.65085172653, 8.29051494598, -11.0536022186, 10.6261014938, 27.2277317047, 30.4943027496, -48.8909263611, 8.89646339417, 26.4724464417, 93.8505096436]],
        "icov": [[0.00297608994879, 0.000538889085874, 0.000919496582355, -0.00237159314565, 0.000169878447196, -0.00101002189331, 0.000585450150538, -0.000651879352517, 0.00112080795225, -0.00115992233623, 0.00232549686916, -0.0020891490858, 0.00221358449198], [0.000538889085874, 0.0125813754275, -0.00866008363664, 0.00341170676984, -0.00823755003512, 0.00810818653554, -0.0078287711367, 0.0104079460725, -0.0109679568559, 0.00986220501363, -0.0147956376895, 0.00996446050704, -0.0042052231729], [0.000919496582355, -0.00866008363664, 0.0102995047346, -0.0053547876887, 0.00726493354887, -0.00575450481847, 0.00334426295012, -0.00888927374035, 0.00952049531043, -0.0094729969278, 0.0135722123086, -0.00910036638379, 0.00581511389464], [-0.00237159314565, 0.00341170676984, -0.0053547876887, 0.0100142592564, -0.00608264561743, 0.00296776788309, -0.00157436029986, 0.00363523117267, -0.00583892315626, 0.00451404880732, -0.0067961961031, 0.00464695645496, -0.00305869150907], [0.000169878447196, -0.00823755003512, 0.00726493354887, -0.00608264561743, 0.0107397614047, -0.00842012092471, 0.00638042669743, -0.00828737113625, 0.00817096233368, -0.00561221688986, 0.00894069019705, -0.00726160313934, 0.00391421001405], [-0.00101002189331, 0.00810818653554, -0.00575450481847, 0.00296776788309, -0.00842012092471, 0.0140832085162, -0.0092665059492, 0.00744941551238, -0.00678389100358, 0.00453563593328, -0.00838113948703, 0.00690547376871, -0.00365265132859], [0.000585450150538, -0.0078287711367, 0.00334426295012, -0.00157436029986, 0.00638042669743, -0.0092665059492, 0.0142598329112, -0.00732619734481, 0.00374748744071, -0.00339499907568, 0.00558538222685, -0.00324754370376, 0.00245782895945], [-0.000651879352517, 0.0104079460725, -0.00888927374035, 0.00363523117267, -0.00828737113625, 0.00744941551238, -0.00732619734481, 0.020121447742, -0.0149048389867, 0.0107141500339, -0.0117548061535, 0.0054264543578, -0.00468713371083], [0.00112080795225, -0.0109679568559, 0.00952049531043, -0.00583892315626, 0.00817096233368, -0.00678389100358, 0.00374748744071, -0.0149048389867, 0.0254232399166, -0.0122664310038, 0.0130980806425, -0.00832226127386, 0.00106233847328], [-0.00115992233623, 0.00986220501363, -0.0094729969278, 0.00451404880732, -0.00561221688986, 0.00453563593328, -0.00339499907568, 0.0107141500339, -0.0122664310038, 0.0243899933994, -0.0180786959827, 0.00603435980156, 0.00314761884511], [0.00232549686916, -0.0147956376895, 0.0135722123086, -0.0067961961031, 0.00894069019705, -0.00838113948703, 0.00558538222685, -0.0117548061535, 0.0130980806425, -0.0180786959827, 0.034336488694, -0.0156755875796, 0.00631897291169], [-0.0020891490858, 0.00996446050704, -0.00910036638379, 0.00464695645496, -0.00726160313934, 0.00690547376871, -0.00324754370376, 0.0054264543578, -0.00832226127386, 0.00603435980156, -0.0156755875796, 0.0270417686552, -0.0124665526673], [0.00221358449198, -0.0042052231729, 0.00581511389464, -0.00305869150907, 0.00391421001405, -0.00365265132859, 0.00245782895945, -0.00468713371083, 0.00106233847328, 0.00314761884511, 0.00631897291169, -0.0124665526673, 0.0229350551963]]
    },
    "melbands": {
        "max": [0.00978774111718, 0.011511458084, 0.0136836869642, 0.00545907812193, 0.00402188906446, 0.00407226523384, 0.00403797300532, 0.00663077365607, 0.00376414740458, 0.00866914168, 0.00824179779738, 0.00601098826155, 0.00162628153339, 0.00312529318035, 0.00314833340235, 0.000831756391563, 0.00180643016938, 0.00105269253254, 0.000635323813185, 0.000863234570716, 0.00159339956008, 0.000605589419138, 0.000226836797083, 0.000403069861932, 0.000175706503796, 9.1716327006e-05, 6.28455600236e-05, 5.52600031369e-05, 5.29345888935e-05, 3.38343706972e-05, 3.8794169086e-05, 4.06499711971e-05, 4.62007556052e-05, 1.4443236978e-05, 9.72439011093e-06, 1.94848907995e-05, 6.42117311145e-06, 7.329590062e-06, 1.51395597641e-05, 1.41856553455e-05],
        "mean": [0.00073526968481, 0.000726478756405, 0.000707803992555, 0.000614352698904, 0.000417407078203, 0.000318103702739, 0.000326858309563, 0.000519671884831, 0.000376111827791, 0.000450147461379, 0.0007827670197, 0.000504224153701, 0.000171646301169, 0.000199175818125, 0.000164996105013, 5.22637928952e-05, 9.76028386503e-05, 5.04887830175e-05, 3.67893990187e-05, 5.07350814587e-05, 8.60981308506e-05, 2.89165200229e-05, 2.23533425014e-05, 1.81827726919e-05, 2.40977569774e-05, 1.19333626571e-05, 9.21696027945e-06, 7.6156279647e-06, 6.19279990133e-06, 4.46590365755e-06, 4.00290673497e-06, 3.20619824379e-06, 3.17795092997e-06, 2.01764942176e-06, 1.56909186444e-06, 1.40856229791e-06, 8.62422666614e-07, 8.42757117425e-07, 7.79316223998e-07, 5.05436446474e-07],
        "min": [3.85369645528e-07, 1.49122899984e-06, 3.6887583974e-06, 1.54475837917e-05, 4.69090036859e-06, 2.7677806429e-06, 3.21490210808e-06, 4.45350997325e-06, 3.55176143785e-06, 1.78080927071e-06, 2.29496595239e-06, 2.67536461251e-06, 1.48423509927e-06, 1.05939625428e-06, 3.99652122951e-07, 6.53761276226e-07, 2.61223618736e-07, 5.18028627994e-07, 2.77155862705e-07, 7.88770506688e-08, 1.39587172043e-07, 1.51612994159e-07, 5.81778287767e-08, 1.57075419338e-07, 2.33845710795e-07, 6.8106558615e-08, 4.39312159983e-08, 2.42049313925e-08, 8.7804270521e-09, 1.84955037952e-08, 3.37063958966e-08, 2.18181188671e-08, 9.07491060076e-09, 6.73079991742e-09, 1.45221781267e-08, 4.87573581509e-09, 8.29601631835e-09, 6.17178352869e-09, 5.30544186361e-09, 3.70783070913e-09],
        "stdev": [0.00131427450106, 0.0011609820649, 0.0011904980056, 0.000606320099905, 0.000403262645705, 0.000513350591063, 0.000587253947742, 0.000934711250011, 0.000543022004422, 0.00106174917892, 0.00136922649108, 0.000958015443757, 0.000220053174417, 0.000340886152117, 0.00032018913771, 8.21467547212e-05, 0.000225415147725, 8.49152274895e-05, 5.80680862186e-05, 8.55171019793e-05, 0.000200100970687, 5.58722495043e-05, 2.85239311779e-05, 2.56025086856e-05, 2.97255210171e-05, 1.19111709864e-05, 8.14304166852e-06, 7.05316824678e-06, 6.27703548162e-06, 5.162337402e-06, 5.20403273185e-06, 4.24765266871e-06, 3.91828461943e-06, 1.83655720321e-06, 1.43911915984e-06, 1.7000953676e-06, 8.53930259836e-07, 9.23001323372e-07, 1.08753170025e-06, 1.11155929972e-06]
    },
    "melbands128": {
        "max": [0.00219016522169, 0.0111978445202, 0.0140958754346, 0.0191895272583, 0.0142327612266, 0.0211503617465, 0.0221346262842, 0.0170429442078, 0.0126831326634, 0.00549681670964, 0.00490328716114, 0.00674977712333, 0.00553220696747, 0.00418783165514, 0.00424270844087, 0.00926592294127, 0.00766433635727, 0.00735048484057, 0.00903261825442, 0.00710703292862, 0.0112114194781, 0.00528959091753, 0.00598914176226, 0.00618143426254, 0.00929293595254, 0.0148813882843, 0.00742311868817, 0.0163584649563, 0.0117844762281, 0.0118066528812, 0.0100336493924, 0.00473558111116, 0.00259859045036, 0.0038675062824, 0.00387072889134, 0.00384936039336, 0.0120607996359, 0.00193176255561, 0.00101093412377, 0.000793085549958, 0.00143074267544, 0.00113265542313, 0.00373876444064, 0.0042699300684, 0.00301280105487, 0.000528100237716, 0.00089506583754, 0.0010758076096, 0.00109836552292, 0.000872007745784, 0.00145730003715, 0.00294524454512, 0.00433829985559, 0.00107463554014, 0.00132126151584, 0.00122572155669, 0.000463854288682, 0.000434304878581, 0.000227856726269, 0.000451420230092, 0.00057590380311, 0.000600402301643, 0.000503160932567, 0.000275558821158, 0.000208997313166, 0.000131523614982, 0.000212580824154, 5.7341716456e-05, 0.000124943093397, 0.000210771147977, 0.00011111288768, 8.27036637929e-05, 0.000108177104266, 6.49831054034e-05, 9.46493019001e-05, 4.73176005471e-05, 5.46298142581e-05, 5.8192978031e-05, 6.92477988196e-05, 5.74646437599e-05, 6.36210024823e-05, 3.43119208992e-05, 3.99795717385e-05, 8.83311440703e-05, 3.15923171001e-05, 2.77004401141e-05, 1.47372984429e-05, 1.55716697918e-05, 1.28535866679e-05, 1.1911422007e-05, 2.66650858975e-05, 2.35612678807e-05, 8.61308581079e-06, 8.79944673216e-06, 6.90883871357e-06, 6.19503589405e-06, 8.90579212864e-06, 1.11064946395e-05, 1.03825996121e-05, 3.39693760907e-05, 2.12895756704e-05, 1.5395511582e-05, 1.44586192619e-05, 1.75796358235e-05, 9.35373736866e-06, 9.30368059926e-06, 9.72119778453e-06, 6.25266011411e-06, 4.78780702906e-06, 2.88492424261e-06, 1.39154974477e-06, 9.49976140419e-07, 8.87357373358e-07, 9.42081953781e-07, 5.05892558067e-07, 7.87079272868e-08, 6.79096023859e-09, 4.95062257855e-09, 4.61676252783e-09, 4.39902869687e-09, 4.23536938854e-09, 4.1016643415e-09, 3.99955180086e-09, 3.91064736149e-09, 3.82742815219e-09, 3.77971609566e-09, 3.739286214e-09, 3.71574260249e-09],
        "mean": [0.00011544800509, 0.000715755217243, 0.00100567087065, 0.000768313591834, 0.000561909982935, 0.000862626999151, 0.000766426790506, 0.000574110017624, 0.000761998642702, 0.000531094730832, 0.000596794532612, 0.000670086999889, 0.000316387566272, 0.000194758773432, 0.000215458319872, 0.000486390053993, 0.000449734943686, 0.000276138627669, 0.000203322575544, 0.000503904069774, 0.000754917273298, 0.000308648537612, 0.000418004230596, 0.000287992763333, 0.000397117080865, 0.000523044262081, 0.000502443639562, 0.00128562492318, 0.00037315353984, 0.000681471254211, 0.000559591746423, 0.000137384180562, 9.53528506216e-05, 0.000298476574244, 5.71492964809e-05, 0.000162475800607, 0.000447340862593, 0.000122991346871, 5.3559357184e-05, 5.44380382053e-05, 6.16136021563e-05, 2.47241987381e-05, 9.63266356848e-05, 0.000166717189131, 4.39362665929e-05, 2.42724363488e-05, 5.85743146075e-05, 3.48981193383e-05, 2.87064322038e-05, 3.25271430484e-05, 3.83465230698e-05, 6.89282533131e-05, 0.000161333475262, 4.57008572994e-05, 3.30253933498e-05, 2.93451903417e-05, 2.16948919842e-05, 3.28300375259e-05, 1.63182012329e-05, 1.67546677403e-05, 1.31830747705e-05, 1.90904174815e-05, 4.15261238231e-05, 1.95027514565e-05, 9.3023008958e-06, 1.16674709716e-05, 1.47234068208e-05, 8.59812917042e-06, 7.77649165684e-06, 1.00492416095e-05, 6.9390716817e-06, 7.16095610187e-06, 7.12494420441e-06, 6.40250709694e-06, 4.30585123468e-06, 4.84358179165e-06, 4.64781305709e-06, 3.4072568269e-06, 4.58016847915e-06, 3.52209121957e-06, 3.38431686941e-06, 3.0761555081e-06, 2.71724070444e-06, 3.67328652828e-06, 3.11616304316e-06, 2.12424015444e-06, 1.72416139321e-06, 1.54094016125e-06, 1.66884944974e-06, 1.40397298765e-06, 1.64412040249e-06, 1.41281986998e-06, 9.76687601906e-07, 8.68440451995e-07, 7.76646004397e-07, 7.33141007458e-07, 8.44511248488e-07, 1.07905475488e-06, 7.20021546385e-07, 7.21172398244e-07, 5.84822657856e-07, 4.76962668472e-07, 3.84370082429e-07, 3.44609219383e-07, 2.8969077448e-07, 1.9680045682e-07, 1.644454386e-07, 1.31918028501e-07, 1.12124709517e-07, 7.94415058181e-08, 6.31160901321e-08, 4.62912304044e-08, 3.79748215096e-08, 3.20995781067e-08, 1.65780971173e-08, 2.34392216747e-09, 1.65287381004e-10, 8.79026539058e-12, 8.32845337834e-12, 8.0360830837e-12, 7.79225468872e-12, 7.59098079534e-12, 7.4266018682e-12, 7.27799938371e-12, 7.12963368898e-12, 7.00144412932e-12, 6.91228237842e-12, 6.86856951523e-12],
        "min": [1.31932331726e-09, 5.46448539751e-08, 6.97837805319e-08, 2.0574447035e-07, 2.9093294529e-07, 7.12410724191e-07, 4.55957945178e-07, 9.34715785661e-07, 5.55172300665e-06, 8.23039590614e-06, 4.52334325018e-06, 1.69422219187e-06, 8.15288444755e-07, 5.09295432494e-07, 1.52650977725e-06, 5.54814278075e-07, 8.47870808229e-07, 7.69645851051e-07, 1.68030581449e-07, 9.91577280729e-07, 8.91319928087e-07, 5.26669907686e-07, 2.91189962809e-07, 6.82480731484e-07, 4.03615104005e-07, 2.20255770955e-07, 7.17871955658e-07, 4.95297740599e-07, 8.54855557009e-07, 3.0516781635e-07, 2.80752260551e-07, 9.0514667761e-08, 4.10655701444e-07, 2.11936267647e-07, 3.12762466592e-07, 2.11916827197e-07, 1.58371946668e-07, 1.20367573686e-07, 4.16605473674e-07, 1.67585739064e-07, 8.15185074998e-08, 1.92064604221e-07, 2.09925289596e-07, 3.02745576164e-07, 8.4595129124e-08, 5.74515084395e-08, 2.34120108189e-07, 1.4777113222e-07, 1.03795571249e-07, 4.60159803595e-08, 5.96327183189e-08, 1.00997880281e-07, 8.14572160834e-08, 1.39401109323e-07, 1.70649059328e-07, 6.81514435996e-08, 8.11430638237e-08, 6.53965059882e-08, 5.38128439587e-08, 3.60603884531e-08, 4.73455159522e-08, 7.75119985974e-08, 1.19916123253e-07, 1.22171584849e-07, 7.07521508048e-08, 9.64491206901e-08, 4.36569678186e-08, 3.12704848682e-08, 4.80651252133e-08, 6.04681105187e-08, 1.55262593893e-08, 1.30565638301e-08, 1.30653052821e-08, 4.63244287374e-09, 8.23136669936e-09, 1.79633055097e-08, 2.66204853716e-08, 1.65780491557e-08, 3.23646673905e-08, 5.38706395048e-08, 3.54891724896e-08, 2.48703901917e-09, 2.44220998979e-09, 1.46282541635e-08, 9.41879996219e-09, 6.15047079933e-09, 5.60923485438e-09, 6.70817934534e-09, 2.36804105214e-08, 1.29755353129e-08, 1.81910819741e-09, 2.70524469492e-09, 8.84185258343e-09, 9.31725896436e-09, 6.28069285469e-09, 9.63156399081e-09, 4.18772128086e-09, 5.148033555e-09, 4.47203918341e-09, 3.45261530477e-09, 3.9664889151e-09, 2.52152854152e-09, 1.47211198787e-09, 3.50372453273e-10, 3.26791205207e-10, 5.41547529043e-10, 5.5101662122e-10, 4.2808942502e-10, 3.88940185614e-10, 1.35053995765e-10, 1.44440778782e-10, 8.7075076316e-11, 8.61457660848e-13, 1.11529099216e-13, 1.04640037954e-13, 6.18497020635e-14, 6.27505588723e-14, 7.06442079856e-14, 5.66891131747e-14, 5.5326454003e-14, 5.71320334791e-14, 4.70883843528e-14, 5.44546876937e-14, 4.50977891641e-14, 3.89247079122e-14, 1.54203669419e-14, 2.00497823164e-15, 8.80276277282e-17],
        "stdev": [0.000251331948675, 0.00153806712478, 0.00184879405424, 0.00142605067231, 0.00116243516095, 0.00156092061661, 0.00158533465583, 0.00124516349752, 0.00120767962653, 0.000631272327155, 0.000608469417784, 0.000739308539778, 0.000434451329056, 0.000348173722159, 0.000395957060391, 0.00111942354124, 0.000952470465563, 0.000798511609901, 0.00069560733391, 0.00100651115645, 0.00155918824021, 0.000609866285231, 0.000843206478748, 0.000649839057587, 0.00116294180043, 0.00185674522072, 0.00101781857666, 0.00271109421737, 0.000828957010526, 0.00156789331231, 0.00123611697927, 0.000362500490155, 0.00017216973356, 0.000534661579877, 0.000156185677042, 0.000370796158677, 0.00118508352898, 0.000245547213126, 8.5244049842e-05, 8.43259622343e-05, 0.00013209534518, 7.27700971765e-05, 0.000297249323921, 0.000439667957835, 0.000159220857313, 5.0931928854e-05, 0.000121241973829, 7.98327528173e-05, 8.09899502201e-05, 8.43599627842e-05, 8.85495246621e-05, 0.000173990178155, 0.000470544822747, 0.000119671494758, 9.36817887123e-05, 9.03388499864e-05, 3.68689507013e-05, 5.59311374673e-05, 2.53994530794e-05, 3.72672329831e-05, 3.22118794429e-05, 3.83152764698e-05, 6.94078480592e-05, 3.14979697578e-05, 1.54900080815e-05, 1.48527806232e-05, 1.80611314136e-05, 8.45858539833e-06, 1.17938898256e-05, 1.47280543388e-05, 8.639571206e-06, 9.63693310041e-06, 9.21315131563e-06, 8.29195778351e-06, 6.29748956271e-06, 6.21353456154e-06, 6.50230367683e-06, 5.22441223438e-06, 6.6381517172e-06, 5.33224056198e-06, 5.86995975027e-06, 4.04610045734e-06, 3.62748937732e-06, 6.12069288763e-06, 3.48561661667e-06, 2.42717328547e-06, 1.82456915354e-06, 1.63234642514e-06, 1.70062207872e-06, 1.50481184846e-06, 2.38947291109e-06, 1.84674888715e-06, 1.04640105292e-06, 9.81197899819e-07, 8.13447059045e-07, 8.32038267617e-07, 1.00847239537e-06, 1.36901792303e-06, 9.92020432022e-07, 1.41809448451e-06, 1.3419470406e-06, 1.12728389468e-06, 9.86906798062e-07, 9.86204668152e-07, 6.65016898438e-07, 4.90093896133e-07, 5.04679633195e-07, 4.09122833389e-07, 2.85251843479e-07, 2.04372426538e-07, 1.56447725885e-07, 1.19321896364e-07, 1.01791499674e-07, 9.75419993665e-08, 5.45719345268e-08, 7.5759043483e-09, 5.82826065187e-10, 1.32279770471e-10, 1.23372048688e-10, 1.1755936502e-10, 1.13189416173e-10, 1.09618522592e-10, 1.06890628293e-10, 1.04515909816e-10, 1.02294145377e-10, 1.01019990983e-10, 9.99407986924e-11, 9.93118087766e-11]
    },
    "mfcc": {
        "mean": [-609.538208008, 117.89175415, -8.3649187088, 10.4330720901, -12.7392902374, -0.462222993374, 1.59157073498, 7.95035219193, -0.68018746376, -0.637259721756, -5.38087034225, -4.64823007584, -3.37750196457],
        "cov": [[1098.35803223, -637.570373535, -232.132904053, 106.286430359, 355.835083008, 115.075370789, -14.7291965485, -6.33343410492, -31.5621967316, -0.194657966495, -31.4142627716, -79.3250198364, -2.50413441658], [-637.570373535, 742.110229492, 144.13734436, 31.3429374695, -176.070297241, -7.47823095322, 75.1818161011, 45.9088096619, 11.5971355438, 31.9503574371, 57.9372444153, 87.0762481689, 30.5253982544], [-232.132904053, 144.13734436, 523.381958008, 21.3981590271, -225.726547241, -10.7813577652, 9.09514141083, -16.9753398895, 53.2914886475, -19.4656906128, 52.6715774536, 96.6984939575, -10.7572813034], [106.286430359, 31.3429374695, 21.3981590271, 221.383377075, 144.468353271, 19.8824634552, 26.4041881561, 42.0216178894, 20.1942920685, 9.85483074188, 4.99656820297, 10.520483017, 22.9686641693], [355.835083008, -176.070297241, -225.726547241, 144.468353271, 445.270080566, 95.5850143433, 43.5224494934, 72.0645370483, 8.64004421234, 26.178855896, -16.5068187714, -61.5518455505, 28.4425811768], [115.075370789, -7.47823095322, -10.7813577652, 19.8824634552, 95.5850143433, 202.542160034, 85.4016265869, 11.1140146255, -0.213532909751, 29.1703968048, 30.3711605072, 2.93840265274, -1.71188509464], [-14.7291965485, 75.1818161011, 9.09514141083, 26.4041881561, 43.5224494934, 85.4016265869, 138.105789185, 47.5889358521, 2.52680182457, 30.7921295166, 29.3498401642, 17.2972927094, 9.28069019318], [-6.33343410492, 45.9088096619, -16.9753398895, 42.0216178894, 72.0645370483, 11.1140146255, 47.5889358521, 158.107467651, 82.9131774902, 30.0256023407, -7.69827795029, -8.67329692841, 26.2465076447], [-31.5621967316, 11.5971355438, 53.2914886475, 20.1942920685, 8.64004421234, -0.213532909751, 2.52680182457, 82.9131774902, 116.727096558, 33.8242950439, -6.79873943329, -5.98569536209, 5.23310947418], [-0.194657966495, 31.9503574371, -19.4656906128, 9.85483074188, 26.178855896, 29.1703968048, 30.7921295166, 30.0256023407, 33.8242950439, 73.9453887939, 31.5013809204, -1.42414271832, -0.046143617481], [-31.4142627716, 57.9372444153, 52.6715774536, 4.99656820297, -16.5068187714, 30.3711605072, 29.3498401642, -7.69827795029, -6.79873943329, 31.5013809204, 82.6468658447, 53.5439338684, 4.75345897675], [-79.3250198364, 87.0762481689, 96.6984939575, 10.520483017, -61.5518455505, 2.93840265274, 17.2972927094, -8.67329692841, -5.98569536209, -1.42414271832, 53.5439338684, 98.7667160034, 31.6518669128], [-2.50413441658, 30.5253982544, -10.7572813034, 22.9686641693, 28.4425811768, -1.71188509464, 9.28069019318, 26.2465076447, 5.23310947418, -0.046143617481, 4.75345897675, 31.6518669128, 69.2253189087]],
        "icov": [[0.0026189123746, 0.00215253396891, 0.000293885212159, -0.00123090657871, -0.000415224174503, -0.00116179208271, 0.0004959119251, -0.000500994094182, 0.00109478097875, -0.00053527293494, -0.000112237597932, -0.000139559182571, -0.00014662288595], [0.00215253396891, 0.0036676262971, 0.000256403262028, -0.00175029959064, 0.000816197134554, -0.000862319662701, -0.000324456137605, -0.00124952022452, 0.00155539961997, -0.00119488942437, -0.000269524491159, -0.000690974993631, -0.000542177178431], [0.000293885212159, 0.000256403262028, 0.00386206060648, -0.00167617946863, 0.00191498559434, -0.000558869855013, -0.000692072557285, 0.0010138808284, -0.0033202918712, 0.00279559497721, -0.00178476190194, -0.00172674050555, 0.00112653907854], [-0.00123090657871, -0.00175029959064, -0.00167617946863, 0.00781515240669, -0.00353158684447, 0.00147711206228, -0.000410936190747, 0.000105709259515, -0.000447499391157, -0.000356739124982, 0.0014002941316, -0.00160748313647, 4.87654324388e-05], [-0.000415224174503, 0.000816197134554, 0.00191498559434, -0.00353158684447, 0.00610079616308, -0.00188157113735, -0.00017591433425, -0.00144858204294, 3.37144265359e-05, 0.000755319022574, -0.00199474114925, 0.00298176240176, -0.0021143599879], [-0.00116179208271, -0.000862319662701, -0.000558869855013, 0.00147711206228, -0.00188157113735, 0.00852763932198, -0.00509031349793, 0.00226430757903, -0.00163006188814, -0.000120728953334, -0.00140557100531, 0.000339395133778, 0.000633644522168], [0.0004959119251, -0.000324456137605, -0.000692072557285, -0.000410936190747, -0.00017591433425, -0.00509031349793, 0.0136680882424, -0.00585402641445, 0.00541681936011, -0.00380440056324, 0.000158439841471, -0.00152899173554, 0.000799529079814], [-0.000500994094182, -0.00124952022452, 0.0010138808284, 0.000105709259515, -0.00144858204294, 0.00226430757903, -0.00585402641445, 0.0153440721333, -0.0114832976833, 0.00196183985099, -0.000143399491208, 0.00166425073985, -0.0036080183927], [0.00109478097875, 0.00155539961997, -0.0033202918712, -0.000447499391157, 3.37144265359e-05, -0.00163006188814, 0.00541681936011, -0.0114832976833, 0.0217270646244, -0.010962526314, 0.00598474266008, -0.00155468110461, 0.00120986136608], [-0.00053527293494, -0.00119488942437, 0.00279559497721, -0.000356739124982, 0.000755319022574, -0.000120728953334, -0.00380440056324, 0.00196183985099, -0.010962526314, 0.027242096141, -0.0156981702894, 0.0078442664817, -0.00114860991016], [-0.000112237597932, -0.000269524491159, -0.00178476190194, 0.0014002941316, -0.00199474114925, -0.00140557100531, 0.000158439841471, -0.000143399491208, 0.00598474266008, -0.0156981702894, 0.0312815345824, -0.0182109735906, 0.0059065031819], [-0.000139559182571, -0.000690974993631, -0.00172674050555, -0.00160748313647, 0.00298176240176, 0.000339395133778, -0.00152899173554, 0.00166425073985, -0.00155468110461, 0.0078442664817, -0.0182109735906, 0.0287564173341, -0.0128531092778], [-0.00014662288595, -0.000542177178431, 0.00112653907854, 4.87654324388e-05, -0.0021143599879, 0.000633644522168, 0.000799529079814, -0.0036080183927, 0.00120986136608, -0.00114860991016, 0.0059065031819, -0.0128531092778, 0.0223624240607]]
    },
    "spectral_contrast_coeffs": {
        "max": [-0.491587787867, -0.464267522097, -0.453935921192, -0.526385843754, -0.642768859863, -0.679765999317],
        "mean": [-0.697499334812, -0.708427190781, -0.646834731102, -0.752615988255, -0.77092218399, -0.756417989731],
        "min": [-0.868568539619, -0.90603518486, -0.863857626915, -0.891081690788, -0.873180031776, -0.863161027431],
        "stdev": [0.0712283104658, 0.0756918564439, 0.0796123743057, 0.0714428722858, 0.0487798303366, 0.0272072181106]
    },
    "spectral_contrast_valleys": {
        "max": [-5.10502290726, -5.17962026596, -5.74923324585, -5.91656923294, -6.22968196869, -8.42372512817],
        "mean": [-6.73859548569, -6.61042261124, -7.23071289062, -7.59332561493, -7.37799596786, -9.96257591248],
        "min": [-8.95660209656, -7.8935303688, -8.46571063995, -8.975522995, -9.29555606842, -11.8955011368],
        "stdev": [0.6645373106, 0.457684099674, 0.455171048641, 0.517232239246, 0.480455845594, 0.604587435722]
    }
},
"rhythm": {
    "beats_count": 45,
    "beats_loudness": {
        "max": 0.0579740554094,
        "mean": 0.0340758636594,
        "min": 0.0184853803366,
        "stdev": 0.0101954694837
    },
    "bpm": 84.2196502686,
    "bpm_histogram_first_peak_bpm": 85,
    "bpm_histogram_first_peak_weight": 0.170731663704,
    "bpm_histogram_second_peak_bpm": 80,
    "bpm_histogram_second_peak_spread": 0,
    "bpm_histogram_second_peak_weight": 0.0681818202138,
    "danceability": 1.29545331001,
    "onset_rate": 4.95263624191,
    "beats_loudness_band_ratio": {
        "max": [0.855699658394, 0.559890389442, 0.880175769329, 0.60407525301, 0.408076286316, 0.111146904528],
        "mean": [0.253659069538, 0.148129731417, 0.286830633879, 0.26386025548, 0.0943918302655, 0.0430873818696],
        "min": [0.0112988809124, 0.0118532544002, 0.00984696112573, 0.0193471945822, 0.00367601984181, 0.00257305498235],
        "stdev": [0.231166943908, 0.108053870499, 0.245642453432, 0.166798621416, 0.0960621535778, 0.0245269518346]
    },
    "beats_position": [0.731428563595, 1.47446703911, 2.21750569344, 2.96054410934, 3.7151927948, 4.46984100342, 5.22448968887, 5.93269824982, 6.64090681076, 7.38394546509, 8.05732440948, 8.75392246246, 9.47374153137, 10.1703395844, 10.8785486221, 11.5867567062, 12.294965744, 13.0031747818, 13.6997728348, 14.4079818726, 15.1161899567, 15.8127889633, 16.5326080322, 17.2408161163, 17.9490242004, 18.6456241608, 19.3422222137, 20.0504302979, 20.758638382, 21.4552383423, 22.1634464264, 22.8716545105, 23.5798625946, 24.2880725861, 24.984670639, 25.6928787231, 26.4010887146, 27.1092967987, 27.8175048828, 28.5257129669, 29.2339229584, 29.9305210114, 30.6387290955, 31.3469390869, 32.0551452637],
