{
"metadata": {
    "version": {
        "essentia": "2.1-beta5",
        "essentia_git_sha": "Undefined",
        "extractor": "music 2.0"
    },
    "audio_properties": {
        "analysis": {
            "equal_loudness": 0,
            "length": 21.5016784668,
            "sample_rate": 44100,
            "start_time": 158.987030029,
            "downmix": "mix"
        },
        "bit_rate": 192000,
        "length": 180.511932373,
        "lossless": 0,
        "number_channels": 2,
        "replay_gain": -8.10094451904,
        "sample_rate": 48000,
        "codec": "mp3",
        "md5_encoded": "dd3bf9fb589c5bf5e0df6879151830d6"
    },
    "tags": {
        "file_name": "Turkey_Everyway That I Can_Sertab Erener.mp3",
        "encoding": ["Lavf58.29.100"]
    }
},
"lowlevel": {
    "average_loudness": 0.958306133747,
    "barkbands_crest": {
        "max": 21.4704303741,
        "mean": 8.72971057892,
        "min": 2.67856740952,
        "stdev": 3.29415225983
    },
    "barkbands_flatness_db": {
        "max": 0.212053850293,
        "mean": 0.114837400615,
        "min": 0.0332932397723,
        "stdev": 0.0363845154643
    },
    "barkbands_kurtosis": {
        "max": 13.3427658081,
        "mean": 1.0666757822,
        "min": -1.62643265724,
        "stdev": 2.16508340836
    },
    "barkbands_skewness": {
        "max": 3.59102487564,
        "mean": 0.950559914112,
        "min": -1.37504994869,
        "stdev": 0.83960133791
    },
    "barkbands_spread": {
        "max": 69.627456665,
        "mean": 26.3224754333,
        "min": 4.99309444427,
        "stdev": 13.7494907379
    },
    "dissonance": {
        "max": 0.499999910593,
        "mean": 0.480603098869,
        "min": 0.404342979193,
        "stdev": 0.015932854265
    },
    "dynamic_complexity": 1.99741327763,
    "erbbands_crest": {
        "max": 26.7889137268,
        "mean": 9.13895606995,
        "min": 2.57808661461,
        "stdev": 4.03214788437
    },
    "erbbands_flatness_db": {
        "max": 0.309853583574,
        "mean": 0.175190150738,
        "min": 0.0705468580127,
        "stdev": 0.0577459707856
    },
    "erbbands_kurtosis": {
        "max": 6.02438545227,
        "mean": 0.284913569689,
        "min": -1.48183071613,
        "stdev": 1.20501673222
    },
    "erbbands_skewness": {
        "max": 2.35927057266,
        "mean": 0.380429029465,
        "min": -1.7920293808,
        "stdev": 0.710926055908
    },
    "erbbands_spread": {
        "max": 83.4880447388,
        "mean": 30.3818473816,
        "min": 8.35006904602,
        "stdev": 15.5562515259
    },
    "hfc": {
        "max": 85.1854782104,
        "mean": 24.5329380035,
        "min": 3.6479268074,
        "stdev": 16.1978683472
    },
    "loudness_ebu128": {
        "integrated": -15.6328363419,
        "loudness_range": 2.6184463501,
        "momentary": {
            "max": -13.2677249908,
            "mean": -15.9293842316,
            "min": -19.494884491,
            "stdev": 1.65376138687
        },
        "short_term": {
            "max": -14.1893939972,
            "mean": -15.6874465942,
            "min": -18.6558303833,
            "stdev": 1.10475075245
        }
    },
    "melbands_crest": {
        "max": 27.8330554962,
        "mean": 12.8135652542,
        "min": 3.84520316124,
        "stdev": 4.75157356262
    },
    "melbands_flatness_db": {
        "max": 0.267245739698,
        "mean": 0.150026902556,
        "min": 0.0576239041984,
        "stdev": 0.0314667113125
    },
    "melbands_kurtosis": {
        "max": 60.2052307129,
        "mean": 5.74337863922,
        "min": -1.62881326675,
        "stdev": 6.62389135361
    },
    "melbands_skewness": {
        "max": 6.90868091583,
        "mean": 1.84022140503,
        "min": -0.675147116184,
        "stdev": 1.11532950401
    },
    "melbands_spread": {
        "max": 106.127708435,
        "mean": 31.963722229,
        "min": 5.82689476013,
        "stdev": 18.7787570953
    },
    "pitch_salience": {
        "max": 0.841426491737,
        "mean": 0.614827752113,
        "min": 0.257062464952,
        "stdev": 0.119472205639
    },
    "silence_rate_20dB": {
        "max": 1,
        "mean": 1,
        "min": 1,
        "stdev": 0
    },
    "silence_rate_30dB": {
        "max": 1,
        "mean": 1,
        "min": 1,
        "stdev": 0
    },
    "silence_rate_60dB": {
        "max": 0,
        "mean": 0,
        "min": 0,
        "stdev": 0
    },
    "spectral_centroid": {
        "max": 3339.41357422,
        "mean": 1873.78112793,
        "min": 879.273254395,
        "stdev": 485.119659424
    },
    "spectral_complexity": {
        "max": 51,
        "mean": 24.3980579376,
        "min": 8,
        "stdev": 7.31006669998
    },
    "spectral_decrease": {
        "max": -8.08718092493e-10,
        "mean": -5.1597961459e-09,
        "min": -1.92783886632e-08,
        "stdev": 2.84927659244e-09
    },
    "spectral_energy": {
        "max": 0.0758218690753,
        "mean": 0.0216994863003,
        "min": 0.00346292532049,
        "stdev": 0.0118527496234
    },
    "spectral_energyband_high": {
        "max": 0.00798611622304,
        "mean": 0.00101627549157,
        "min": 4.80450617033e-05,
        "stdev": 0.00111585110426
    },
    "spectral_energyband_low": {
        "max": 0.059417989105,
        "mean": 0.00594522478059,
        "min": 8.76880051237e-07,
        "stdev": 0.00756785692647
    },
    "spectral_energyband_middle_high": {
        "max": 0.0426812954247,
        "mean": 0.00923303607851,
        "min": 0.000879558501765,
        "stdev": 0.00747852632776
    },
    "spectral_energyband_middle_low": {
        "max": 0.034137237817,
        "mean": 0.00596353970468,
        "min": 0.000688105006702,
        "stdev": 0.00424586050212
    },
    "spectral_entropy": {
        "max": 8.41882324219,
        "mean": 7.81695413589,
        "min": 6.88627576828,
        "stdev": 0.252935647964
    },
    "spectral_flux": {
        "max": 0.233901515603,
        "mean": 0.0931828394532,
        "min": 0.03521874547,
        "stdev": 0.0357697606087
    },
    "spectral_kurtosis": {
        "max": 21.7426967621,
        "mean": 4.28418588638,
        "min": 0.357297897339,
        "stdev": 2.23679280281
    },
    "spectral_rms": {
        "max": 0.00860073044896,
        "mean": 0.00443195458502,
        "min": 0.00183805974666,
        "stdev": 0.00123612652533
    },
    "spectral_rolloff": {
        "max": 7192.08984375,
        "mean": 1950.36999512,
        "min": 150.732421875,
        "stdev": 890.659240723
    },
    "spectral_skewness": {
        "max": 2.96979379654,
        "mean": 1.45127797127,
        "min": 0.638732671738,
        "stdev": 0.306894272566
    },
    "spectral_spread": {
        "max": 10383502,
        "mean": 4147518.25,
        "min": 1518669.875,
        "stdev": 1133598
    },
    "spectral_strongpeak": {
        "max": 11.46783638,
        "mean": 1.12090015411,
        "min": 0,
        "stdev": 1.49734163284
    },
    "zerocrossingrate": {
        "max": 0.14453125,
        "mean": 0.0749962106347,
        "min": 0.02783203125,
        "stdev": 0.0187895298004
    },
    "barkbands": {
        "max": [0.00707812700421, 0.029590472579, 0.0420511439443, 0.0105278342962, 0.0182944629341, 0.00846856832504, 0.0127286091447, 0.0291743334383, 0.0179397109896, 0.0205729678273, 0.0260382387787, 0.0141391251236, 0.0198202319443, 0.0288347825408, 0.0143570424989, 0.0117170671001, 0.0188234858215, 0.00876366440207, 0.0103228567168, 0.00648454157636, 0.00302859442309, 0.00249121477827, 0.00473330309615, 0.00224424945191, 0.000648089800961, 0.00034451589454, 9.01820385479e-06],
        "mean": [0.000626182009, 0.00361520377919, 0.00151515484322, 0.000626387482043, 0.000791361846495, 0.000548137235455, 0.000787649652921, 0.000862576707732, 0.00184809463099, 0.00200874940492, 0.00152733840514, 0.000782786519267, 0.000852893106639, 0.000791414931882, 0.000822143629193, 0.000849658914376, 0.000468017155072, 0.000560818705708, 0.000609841896221, 0.000458392722066, 0.00028827378992, 0.000129210238811, 0.00013511578436, 0.000109088687168, 5.92761389271e-05, 2.56277126027e-05, 8.14654583792e-08],
        "min": [1.1827851587e-08, 7.49012869505e-08, 4.75386059406e-08, 7.67838983506e-08, 6.05571528922e-07, 2.55641907643e-06, 2.52058407568e-06, 9.76785213425e-06, 2.25990916078e-05, 6.43427802061e-06, 2.50081666309e-05, 1.33239418574e-05, 1.72931049747e-05, 2.66413826466e-05, 2.73051155091e-05, 3.38075333275e-05, 2.98726372421e-05, 1.37197966978e-05, 1.82898202183e-05, 2.26395986829e-05, 1.3340408259e-05, 5.9497424445e-06, 4.61807167085e-06, 2.61090985987e-06, 8.07340711617e-07, 1.9688376085e-07, 6.33249633286e-11],
        "stdev": [0.00113545299973, 0.00476280134171, 0.00352223729715, 0.00110824836884, 0.00139314180706, 0.000834408740047, 0.00128530245274, 0.00158563407604, 0.00221744249575, 0.00265993992798, 0.002656115219, 0.00148042512592, 0.00188422785141, 0.00194652623031, 0.00142861541826, 0.00151691609062, 0.00101572810672, 0.000807315227576, 0.00103702477645, 0.000726222118828, 0.000384921382647, 0.000179485825356, 0.000278655614238, 0.000171031439095, 8.29463679111e-05, 4.22291050199e-05, 3.42660712249e-07]
    },
    "erbbands": {
        "max": [1.06339228153, 7.04859876633, 39.1856079102, 43.2926979065, 31.4958820343, 86.0255508423, 64.2256546021, 89.3636474609, 217.201400757, 368.954498291, 420.597442627, 424.851959229, 611.742980957, 707.976379395, 908.360900879, 616.787658691, 1091.91625977, 1605.90185547, 921.831359863, 916.932739258, 646.090332031, 782.402648926, 258.195343018, 580.628234863, 328.985992432, 385.201599121, 162.439865112, 83.0703964233, 50.0267791748, 105.108955383, 211.251983643, 77.9043579102, 11.463850975, 7.08037281036, 4.51065015793, 1.7627351284, 0.590848743916, 0.0507945977151, 0.00132332660723, 0.000156291833264],
        "mean": [0.121973849833, 0.735623896122, 1.79333388805, 1.96497356892, 2.06875920296, 2.86773777008, 3.49605774879, 4.81052350998, 7.5931763649, 20.0050735474, 19.5869312286, 41.3200645447, 53.4412536621, 67.9552764893, 56.9210777283, 34.7804870605, 41.4568786621, 39.4215545654, 40.859413147, 48.1743354797, 40.5658111572, 26.6760692596, 28.0865478516, 36.6847915649, 23.8934669495, 24.0401515961, 15.5562639236, 8.0928030014, 4.67659950256, 3.92451310158, 4.39219045639, 3.04476833344, 1.32505357265, 0.707727789879, 0.396652191877, 0.147541418672, 0.0434455946088, 0.00330153293908, 8.30732533359e-05, 3.16085715895e-05],
        "min": [5.30416036781e-06, 6.26780019957e-05, 0.000225076000788, 0.000378325377824, 0.000679058721289, 0.00141749880277, 0.00614838395268, 0.0304947067052, 0.0896193683147, 0.198393777013, 0.861446499825, 0.704428195953, 0.833947658539, 0.878067672253, 1.55547821522, 1.20391774178, 1.11503517628, 1.66562438011, 2.42675495148, 2.73487854004, 1.94890534878, 2.00166845322, 0.862412750721, 1.72522711754, 0.850434839725, 1.12956357002, 0.523869454861, 0.554759204388, 0.205985933542, 0.209502190351, 0.110266946256, 0.0549104139209, 0.0290842000395, 0.0141788329929, 0.00357390497811, 0.00114443956409, 0.00040695889038, 2.01395687327e-05, 4.54662176708e-06, 5.00221131006e-06],
        "stdev": [0.16114076972, 1.12964689732, 3.91748738289, 3.6889872551, 3.39588189125, 5.65799713135, 5.54147720337, 8.17719078064, 13.7431106567, 33.9907875061, 31.4955120087, 49.4568710327, 69.6362533569, 96.5613479614, 98.7991256714, 63.6068572998, 92.6582260132, 102.162414551, 71.5121383667, 83.7524337769, 75.42527771, 47.1544723511, 35.5021781921, 57.6794586182, 34.9165420532, 41.6591835022, 22.7356014252, 9.35638046265, 5.75471973419, 5.88942098618, 11.3721084595, 5.53930521011, 1.68748188019, 0.973155081272, 0.587410867214, 0.234950304031, 0.0715062245727, 0.00587985897437, 0.000122453653603, 1.83504944289e-05]
    },
    "gfcc": {
        "mean": [13.0129985809, 63.3207817078, -153.216018677, 23.0857162476, -62.53490448, 22.5505714417, -28.3167247772, 24.3896179199, -20.940568924, 7.00417470932, -17.0811767578, 0.270785331726, -9.93590927124],
        "cov": [[1924.81018066, 450.791900635, 1155.62890625, 989.941772461, 330.911987305, 153.514343262, -212.240859985, -156.430664062, -147.772842407, 128.902679443, 106.022857666, 35.8588676453, -11.3463630676], [450.791900635, 731.901855469, 474.515686035, 487.361083984, 237.044998169, -4.63338518143, -62.506565094, -148.805618286, -33.7565841675, -23.0187206268, 62.4211540222, -38.0662002563, 39.7734870911], [1155.62890625, 474.515686035, 1428.9765625, 941.887634277, 208.834793091, 172.229721069, -232.406036377, -129.485397339, -12.4779548645, 175.028335571, 48.4152641296, 87.4144515991, -17.3020744324], [989.941772461, 487.361083984, 941.887634277, 914.780700684, 306.106750488, 136.981369019, -105.494194031, -106.092399597, -17.9238739014, 139.090499878, 99.9301147461, 20.2837619781, 39.4513397217], [330.911987305, 237.044998169, 208.834793091, 306.106750488, 245.074295044, 62.677696228, 3.63382840157, -21.9135322571, -29.962890625, 36.5543289185, 43.8505172729, -16.5494499207, 38.388469696], [153.514343262, -4.63338518143, 172.229721069, 136.981369019, 62.677696228, 173.762390137, 62.7717285156, 0.0532222986221, 2.92940592766, 57.5475196838, 24.3753128052, 15.8738632202, 21.5622348785], [-212.240859985, -62.506565094, -232.406036377, -105.494194031, 3.63382840157, 62.7717285156, 170.808029175, 44.7046546936, 10.5855255127, 14.4155254364, 21.8847179413, -19.655380249, 23.8233299255], [-156.430664062, -148.805618286, -129.485397339, -106.092399597, -21.9135322571, 0.0532222986221, 44.7046546936, 126.013137817, 53.3494262695, 9.19965744019, -11.2050714493, 7.46446180344, 19.4570465088], [-147.772842407, -33.7565841675, -12.4779548645, -17.9238739014, -29.962890625, 2.92940592766, 10.5855255127, 53.3494262695, 102.898963928, 18.2317790985, -11.4409074783, 16.5893917084, 9.63163471222], [128.902679443, -23.0187206268, 175.028335571, 139.090499878, 36.5543289185, 57.5475196838, 14.4155254364, 9.19965744019, 18.2317790985, 136.06072998, 62.7608566284, 13.2470874786, 0.827027440071], [106.022857666, 62.4211540222, 48.4152641296, 99.9301147461, 43.8505172729, 24.3753128052, 21.8847179413, -11.2050714493, -11.4409074783, 62.7608566284, 93.2269744873, 8.20548343658, 9.3454246521], [35.8588676453, -38.0662002563, 87.4144515991, 20.2837619781, -16.5494499207, 15.8738632202, -19.655380249, 7.46446180344, 16.5893917084, 13.2470874786, 8.20548343658, 71.9440994263, 19.8824367523], [-11.3463630676, 39.7734870911, -17.3020744324, 39.4513397217, 38.388469696, 21.5622348785, 23.8233299255, 19.4570465088, 9.63163471222, 0.827027440071, 9.3454246521, 19.8824367523, 86.9406967163]],
        "icov": [[0.00173914735205, 0.000231435129535, -0.000204798925552, -0.00159696466289, -0.000162563505, -0.000599732506089, 0.00112873595208, -0.000715932750609, 0.00234434450977, 0.00045760528883, -0.000497296918184, -0.000341418286553, 0.000743911019526], [0.000231435129535, 0.00859976280481, -0.00638621859252, 0.00282128248364, -0.00665237521753, 0.00653592543676, -0.0054373992607, 0.00873626861721, -0.00697859423235, 0.0103051001206, -0.00994137208909, 0.00848310161382, -0.00580027792603], [-0.000204798925552, -0.00638621859252, 0.0101992497221, -0.00748209794983, 0.00692144501954, -0.00774263218045, 0.00799662433565, -0.0067121097818, 0.00656000338495, -0.0105281462893, 0.0114070130512, -0.0101795876399, 0.00697000324726], [-0.00159696466289, 0.00282128248364, -0.00748209794983, 0.0112147284672, -0.00737932231277, 0.00413772463799, -0.00434154784307, 0.00600967602804, -0.00756749557331, 0.00450349133462, -0.00807828269899, 0.00729427207261, -0.00600446108729], [-0.000162563505, -0.00665237521753, 0.00692144501954, -0.00737932231277, 0.0149528151378, -0.0068467836827, 0.00488312775269, -0.00877132639289, 0.00847581587732, -0.00769091816619, 0.00786469411105, -0.00479781860486, 0.00285469577648], [-0.000599732506089, 0.00653592543676, -0.00774263218045, 0.00413772463799, -0.0068467836827, 0.0171014387161, -0.0124904606491, 0.00803829915822, -0.00630834745243, 0.00600277958438, -0.00612877309322, 0.00509493006393, -0.00594585761428], [0.00112873595208, -0.0054373992607, 0.00799662433565, -0.00434154784307, 0.00488312775269, -0.0124904606491, 0.0189635399729, -0.00838671717793, 0.00634196354076, -0.00786899775267, 0.00439747329801, -0.00348804122768, 0.00351573969238], [-0.000715932750609, 0.00873626861721, -0.0067121097818, 0.00600967602804, -0.00877132639289, 0.00803829915822, -0.00838671717793, 0.022581577301, -0.0144146196544, 0.00797969661653, -0.00829319562763, 0.00815952848643, -0.00848263781518], [0.00234434450977, -0.00697859423235, 0.00656000338495, -0.00756749557331, 0.00847581587732, -0.00630834745243, 0.00634196354076, -0.0144146196544, 0.0242046006024, -0.0111699458212, 0.0119706569239, -0.0107138305902, 0.00613630004227], [0.00045760528883, 0.0103051001206, -0.0105281462893, 0.00450349133462, -0.00769091816619, 0.00600277958438, -0.00786899775267, 0.00797969661653, -0.0111699458212, 0.0282886158675, -0.022829560563, 0.01227685716, -0.00590108055621], [-0.000497296918184, -0.00994137208909, 0.0114070130512, -0.00807828269899, 0.00786469411105, -0.00612877309322, 0.00439747329801, -0.00829319562763, 0.0119706569239, -0.022829560563, 0.034002199769, -0.0160216595978, 0.00801728200167], [-0.000341418286553, 0.00848310161382, -0.0101795876399, 0.00729427207261, -0.00479781860486, 0.00509493006393, -0.00348804122768, 0.00815952848643, -0.0107138305902, 0.01227685716, -0.0160216595978, 0.0306066032499, -0.0134836751968], [0.000743911019526, -0.00580027792603, 0.00697000324726, -0.00600446108729, 0.00285469577648, -0.00594585761428, 0.00351573969238, -0.00848263781518, 0.00613630004227, -0.00590108055621, 0.00801728200167, -0.0134836751968, 0.0211117211729]]
    },
    "melbands": {
        "max": [0.00823997054249, 0.0160384587944, 0.00644503440708, 0.00336127029732, 0.00291088572703, 0.00190476200078, 0.00301106204279, 0.00502442428842, 0.00332013145089, 0.00278441444971, 0.00299362046644, 0.00318439980038, 0.00396808935329, 0.00172493595164, 0.00215806718916, 0.0018708165735, 0.0028476647567, 0.00172868033405, 0.00108789699152, 0.00110264576506, 0.000932898838073, 0.00100213231053, 0.000579810235649, 0.000488092569867, 0.000558302737772, 0.00046777605894, 0.000217288921704, 0.000348697707523, 0.000124332116684, 0.00015028892085, 3.91244393541e-05, 2.25038784265e-05, 7.9039557022e-05, 4.22081757279e-05, 0.000127331484691, 5.46789997315e-05, 4.11069704569e-05, 8.34458114696e-06, 7.61848468755e-06, 8.12288362795e-06],
        "mean": [0.00106321112253, 0.000935288961045, 0.000348321598722, 0.000171741878148, 0.000130498214276, 0.000109963824798, 0.000124671802041, 0.000216172877117, 0.000172086423845, 0.000269596232101, 0.000268904375844, 0.000277724757325, 0.00020461549866, 9.83512654784e-05, 0.000102569509181, 7.33974520699e-05, 7.35117137083e-05, 6.40374637442e-05, 6.06573885307e-05, 6.61441226839e-05, 4.27778068115e-05, 2.64547979896e-05, 2.58039126493e-05, 2.66671722784e-05, 3.08436865453e-05, 2.03246781894e-05, 1.40176425703e-05, 1.65627061506e-05, 1.01086907307e-05, 7.05211959939e-06, 3.85983821616e-06, 2.5252497835e-06, 2.53858434007e-06, 1.95925349544e-06, 2.64283949036e-06, 2.1110849957e-06, 1.67931170836e-06, 9.18575210562e-07, 7.40514735753e-07, 5.43719920643e-07],
        "min": [1.71850373931e-08, 1.88511563692e-07, 8.02481139317e-08, 1.36205883905e-07, 2.64678448048e-07, 5.78745414259e-07, 1.11137399017e-06, 2.77181607089e-06, 4.45335172117e-06, 2.80078916148e-06, 3.02714897771e-06, 2.6382156193e-06, 4.65515677206e-06, 2.0439401851e-06, 2.26532392844e-06, 2.4044957172e-06, 1.05975902898e-06, 2.12950862988e-06, 3.4731069718e-06, 2.58604927694e-06, 1.29779016333e-06, 1.77871459073e-06, 7.94108188984e-07, 7.94807817783e-07, 1.16107923986e-06, 4.82133543755e-07, 7.25182928818e-07, 6.0689245629e-07, 3.01576164929e-07, 2.99322863384e-07, 1.69030911934e-07, 8.66843379299e-08, 9.24027432347e-08, 8.90989895197e-08, 6.79295908412e-08, 3.86198450997e-08, 2.79284382287e-08, 1.86043820349e-08, 1.55785251366e-08, 8.49978665229e-09],
        "stdev": [0.0013160679955, 0.00171446357854, 0.000597986276262, 0.000290371244773, 0.000217836568481, 0.000181252209586, 0.000206120719668, 0.000365244632121, 0.00025826660567, 0.000332536495989, 0.000356549862772, 0.000403819663916, 0.000372204667656, 0.000168543629115, 0.000227321696002, 0.000161681658938, 0.000205966323847, 0.000128381579998, 0.000103336511529, 0.000122110679513, 9.22727704165e-05, 5.56084378331e-05, 3.93311820517e-05, 4.21591430495e-05, 5.29643039044e-05, 3.74257106159e-05, 2.15643594856e-05, 3.3416410588e-05, 1.60122490342e-05, 1.10985629362e-05, 4.52396170658e-06, 3.07646087094e-06, 4.43690441898e-06, 2.72725242212e-06, 6.95207336321e-06, 4.1558414523e-06, 3.00948363474e-06, 1.19884418837e-06, 9.84494704426e-07, 8.12295752439e-07]
    },
    "melbands128": {
        "max": [0.0048641981557, 0.009690486826, 0.0133637571707, 0.0142478598282, 0.0224460884929, 0.0201958920807, 0.00989704951644, 0.00507363211364, 0.00314821815118, 0.00304639758542, 0.00580071564764, 0.00481043802574, 0.0022946128156, 0.00131596368738, 0.00217220117338, 0.00397207401693, 0.0040790005587, 0.00405954476446, 0.00235212454572, 0.00701535865664, 0.0102997552603, 0.00601497339085, 0.00481628766283, 0.00416732905433, 0.00465346407145, 0.00385460397229, 0.00434219557792, 0.00568331312388, 0.00323342415504, 0.00675272196531, 0.00543660763651, 0.00429412163794, 0.00752970390022, 0.00465129781514, 0.00357124768198, 0.00240372237749, 0.00380555330776, 0.00467412639409, 0.00346969859675, 0.00492751738057, 0.00182607548777, 0.00680392887443, 0.00430777482688, 0.00379808992147, 0.00257563940249, 0.00409094197676, 0.00196046661586, 0.0013845548965, 0.00206056656316, 0.00306279817596, 0.00200570211746, 0.00189428345766, 0.00177285831887, 0.00187992653809, 0.00338600412942, 0.000453486456536, 0.00236373580992, 0.00105048029218, 0.000657379161566, 0.000557663734071, 0.000384265993489, 0.00152359344065, 0.00055388500914, 0.00120571616571, 0.00106377375778, 0.000784466799814, 0.000334177224431, 0.000678443931974, 0.000348695903085, 0.000367147760699, 0.000643756997306, 0.000791762897279, 0.000189379206859, 0.000270023621852, 0.000185823650099, 0.000267624360276, 0.00023896789935, 9.41438047448e-05, 4.0514903958e-05, 4.36095469922e-05, 3.63764229405e-05, 2.20936708502e-05, 4.14470996475e-05, 0.000101514000562, 0.000111505905807, 6.47999549983e-05, 1.9641189283e-05, 2.19024586841e-05, 8.94765180419e-05, 0.000371273839846, 5.761911234e-05, 2.49505737884e-05, 0.00014980584092, 3.60587946489e-05, 1.56997448357e-05, 1.23975760289e-05, 1.12306252049e-05, 1.3941639736e-05, 7.59465774536e-06, 1.92327424884e-05, 1.05521112346e-05, 7.33306387701e-06, 2.14006759052e-05, 6.76103445585e-06, 7.22836421119e-06, 9.49821424001e-06, 3.62330638382e-06, 4.45824389317e-06, 4.18561057813e-06, 5.67728739043e-06, 4.54977453046e-06, 2.29131183005e-06, 1.9204749151e-06, 1.52178665758e-06, 1.54543624831e-06, 5.46572152871e-07, 1.05799202288e-07, 4.34223075274e-08, 4.13994065696e-08, 3.98202644192e-08, 3.85092633337e-08, 3.73768820339e-08, 3.64823122823e-08, 3.56777150046e-08, 3.50450655162e-08, 3.45285329217e-08, 3.41535795201e-08, 3.3932330723e-08],
        "mean": [0.000478893198306, 0.00105321244337, 0.00123658287339, 0.00122401956469, 0.00102501583751, 0.000679945165757, 0.00039734490565, 0.000300022831652, 0.000186626755749, 0.000162142110639, 0.000160170573508, 0.000154971086886, 0.000103074336948, 0.000130329106469, 0.000105409795651, 0.000101198129414, 0.000116543393233, 0.000104975755676, 0.000146431091707, 0.000292602286208, 0.000207683828194, 0.000130219661514, 0.00014692779223, 0.000230712379562, 0.000285422167508, 0.000273489800747, 0.00027611470432, 0.000249088887358, 0.000274495687336, 0.000329894246534, 0.000267918570898, 0.00019947643159, 0.000240018882323, 0.000183703115908, 9.56310177571e-05, 8.14725499367e-05, 7.91688144091e-05, 0.000100003795524, 0.000127537117805, 9.25688436837e-05, 4.91541686642e-05, 6.19964775979e-05, 8.72134987731e-05, 7.12143446435e-05, 5.66093585803e-05, 6.85733975843e-05, 6.59705474391e-05, 5.28408672835e-05, 6.11851501162e-05, 7.29443272576e-05, 6.97417781339e-05, 5.69544972677e-05, 4.8748570407e-05, 3.56908130925e-05, 2.92012082355e-05, 2.33825867326e-05, 2.61206441792e-05, 2.90454718197e-05, 2.4398754249e-05, 2.24108825932e-05, 2.42907590291e-05, 3.25219625665e-05, 3.16914301948e-05, 3.0514824175e-05, 2.98808390653e-05, 1.93005998881e-05, 1.54123717948e-05, 1.46782858792e-05, 1.17317049444e-05, 1.58358470799e-05, 1.95438788069e-05, 1.71184165083e-05, 8.30994395074e-06, 1.02204076029e-05, 9.61410842137e-06, 7.74028194428e-06, 5.63424418942e-06, 4.77862568005e-06, 3.68609448742e-06, 2.97615315503e-06, 2.41424436354e-06, 2.39433438765e-06, 2.56421662925e-06, 2.72325405604e-06, 2.38693723986e-06, 1.95965822058e-06, 1.76323771939e-06, 1.9943317966e-06, 2.73693149211e-06, 3.46432489096e-06, 1.7334120912e-06, 1.57626084274e-06, 2.83295275949e-06, 1.73792500391e-06, 1.06817810774e-06, 9.15749808428e-07, 9.20239301649e-07, 8.6855175141e-07, 7.10322353825e-07, 7.63057528275e-07, 5.41819872524e-07, 4.92958974974e-07, 5.51498771983e-07, 4.74138204254e-07, 4.44728755156e-07, 5.20302194218e-07, 2.68076661314e-07, 2.05960645872e-07, 2.25295963219e-07, 3.02294068888e-07, 2.20461160438e-07, 1.5283339394e-07, 1.29031633378e-07, 1.02865911344e-07, 6.87038337333e-08, 2.28396483948e-08, 3.09802627996e-09, 5.65853579271e-11, 4.76987754849e-11, 4.58871586562e-11, 4.43810543871e-11, 4.30879706914e-11, 4.20614688912e-11, 4.11377182319e-11, 4.0375910948e-11, 3.97204005798e-11, 3.92577706454e-11, 3.89994599115e-11],
        "min": [7.47545403357e-09, 1.46886982577e-08, 8.97508201092e-09, 3.9419830955e-08, 2.14096846918e-08, 1.48336409822e-08, 1.79467321004e-08, 2.73298894626e-08, 2.14006412591e-08, 5.45366845017e-08, 2.97041005126e-08, 6.58282814925e-08, 6.66856578846e-08, 1.45004449337e-07, 1.56780842531e-07, 1.15163786063e-07, 3.16411558288e-07, 2.67833001999e-07, 3.50595144027e-07, 2.8774815064e-07, 1.76046478373e-06, 4.16680734361e-07, 1.04072682916e-06, 1.13418354886e-06, 1.29785689751e-06, 5.33329682639e-07, 7.61604553645e-07, 1.10010728349e-06, 1.08042809188e-06, 9.69637767412e-07, 5.37107098353e-07, 1.24368602883e-06, 2.40659642259e-06, 9.68839685811e-07, 7.02698400801e-07, 5.02271177538e-07, 1.07268738248e-06, 8.21057597022e-07, 8.77695185864e-07, 6.05537024967e-07, 4.50282158226e-07, 3.84882952176e-07, 2.54865369698e-07, 2.75931711258e-07, 7.04069520907e-07, 5.05886475821e-07, 8.60648640355e-07, 9.12881318982e-07, 6.98463452409e-07, 8.74497231962e-07, 1.07720870801e-06, 5.86720943829e-07, 4.82106202071e-07, 3.47372974829e-07, 8.64176456616e-07, 3.92445684838e-07, 4.60435586547e-07, 7.14439579497e-07, 3.590638471e-07, 3.71580085812e-07, 4.01517354476e-07, 6.37325683783e-07, 5.79992274652e-07, 3.66902980886e-07, 1.79393467192e-07, 3.68253353145e-07, 5.11177347562e-07, 2.51431998777e-07, 2.69201564151e-07, 2.07781909012e-07, 3.64551112852e-07, 2.89074137072e-07, 1.69499315916e-07, 1.25309952637e-07, 1.25779109794e-07, 5.03158581466e-08, 1.17098409191e-07, 6.62150938524e-08, 2.93283335395e-08, 8.65397993266e-08, 4.81911470729e-08, 6.08712937833e-08, 3.67755355057e-08, 4.57448976476e-08, 2.74276139578e-08, 5.35703819082e-08, 3.9434720378e-08, 6.14998612036e-08, 3.74106079448e-08, 3.1840343695e-08, 3.67951003e-08, 2.35634445289e-08, 2.90381958479e-08, 2.02395522564e-08, 9.77337943908e-09, 1.47635885739e-08, 1.66453393291e-08, 1.1452418569e-08, 1.49563721408e-08, 7.81967113284e-09, 9.72502256502e-09, 4.1376067017e-09, 1.41242026755e-11, 2.14756057382e-09, 2.15771800427e-09, 3.48110118509e-09, 2.45841902391e-09, 2.10026196434e-09, 1.31261324032e-09, 1.01000263708e-09, 7.80189080007e-10, 1.10954379018e-09, 8.88075335492e-10, 3.85778742285e-10, 1.06374284381e-10, 1.10836749501e-10, 2.3095227987e-12, 9.96065412768e-14, 8.96249627248e-14, 1.02378839456e-13, 7.54089783781e-14, 8.13645212403e-14, 9.39976246253e-14, 6.64049300573e-14, 6.41747871749e-14, 2.49222927587e-14, 2.96238465412e-15, 2.30295102878e-16],
        "stdev": [0.000820705434307, 0.00148870644625, 0.00177361920942, 0.00213900464587, 0.00227124849334, 0.00157404842321, 0.000812707701698, 0.000528399890754, 0.000347797875293, 0.000326131848851, 0.000357980432454, 0.000358400371624, 0.000203994408366, 0.000203809089726, 0.000208605924854, 0.00029112334596, 0.000313312542858, 0.00024467962794, 0.000267492985586, 0.000595607736614, 0.000467577046948, 0.00037851757952, 0.000297417165712, 0.000351653492544, 0.000417577713961, 0.000466191355372, 0.000494864420034, 0.000463181931991, 0.000430487154517, 0.000593896140344, 0.000559177773539, 0.000400790770072, 0.000606227782555, 0.000414913985878, 0.000214603991481, 0.000196139575564, 0.000245820410782, 0.000314739038004, 0.000338113924954, 0.000314550095936, 0.000112357673061, 0.000273951533018, 0.000328072725097, 0.000231099125813, 0.000157710921485, 0.000229209748795, 0.000150627456605, 0.000116702118248, 0.0001561215322, 0.000199888556381, 0.000173260632437, 0.000154620531248, 0.00014296095469, 0.000102698912087, 0.000131341890665, 4.52227068308e-05, 8.93147880561e-05, 5.50137265236e-05, 4.67567697342e-05, 4.18134368374e-05, 4.3294581701e-05, 8.83370375959e-05, 6.10797214904e-05, 7.93898798293e-05, 9.17627112358e-05, 5.06216019858e-05, 2.9093147532e-05, 4.07175430155e-05, 2.73238911177e-05, 3.37083401973e-05, 5.1568262279e-05, 5.98068618274e-05, 1.60532636073e-05, 2.46142226388e-05, 2.07205175684e-05, 1.86136912816e-05, 1.23338104459e-05, 7.91635739006e-06, 4.95872654938e-06, 4.27652184953e-06, 3.4009576666e-06, 3.14445310323e-06, 4.15098020312e-06, 5.7710276451e-06, 5.25684072272e-06, 3.32099693878e-06, 2.43714634962e-06, 2.82807559415e-06, 6.11769701209e-06, 1.68516089616e-05, 3.45670400748e-06, 2.62981006927e-06, 8.21433241072e-06, 2.9026498396e-06, 1.59199419159e-06, 1.29569798446e-06, 1.32836703415e-06, 1.32280786147e-06, 9.72810994426e-07, 1.37166648528e-06, 9.0374408046e-07, 7.68709526255e-07, 1.26465658923e-06, 8.21377966531e-07, 7.4602252198e-07, 1.01872387859e-06, 4.23177738185e-07, 3.41938743986e-07, 4.11407853562e-07, 6.03737305482e-07, 4.18019794779e-07, 2.67936883347e-07, 2.32833087921e-07, 1.95978273609e-07, 1.52433173639e-07, 4.6785725516e-08, 6.94763713227e-09, 1.42646938706e-09, 1.35890954045e-09, 1.3070785565e-09, 1.26403976175e-09, 1.22686971693e-09, 1.19750931393e-09, 1.17110166009e-09, 1.15033060855e-09, 1.13338360919e-09, 1.12107334527e-09, 1.1138076017e-09]
    },
    "mfcc": {
        "mean": [-617.97088623, 94.7923355103, -30.3579387665, 6.03865623474, -8.64743518829, -0.660670518875, 4.22299528122, 10.2663259506, 6.20994186401, 11.3515434265, 0.735780119896, 1.39039349556, -0.915233254433],
        "cov": [[1442.31469727, 79.5713806152, 738.629821777, 653.927246094, 478.99597168, 289.554229736, 160.019561768, -103.625701904, -114.286460876, -40.1878356934, -125.988288879, 88.7641220093, 164.071899414], [79.5713806152, 412.547271729, 121.096160889, 206.665512085, 139.866973877, 61.3087844849, 18.9843730927, -29.9847812653, -42.4424743652, -45.2801818848, -68.1078033447, -16.0580196381, 34.8700523376], [738.629821777, 121.096160889, 1232.23120117, 675.784912109, 493.959259033, 349.288665771, -3.42762684822, -103.226951599, -58.7518768311, -16.0150108337, -59.9635276794, 122.825958252, 147.360366821], [653.927246094, 206.665512085, 675.784912109, 703.645141602, 443.823730469, 249.157363892, 89.5066757202, -94.8678588867, -42.9869537354, 5.50782060623, -81.9812469482, 93.7037963867, 148.195465088], [478.99597168, 139.866973877, 493.959259033, 443.823730469, 392.953155518, 177.345306396, 46.3490257263, -48.3179702759, -17.6823959351, -5.45577669144, -71.1536178589, 56.2135162354, 97.3787765503], [289.554229736, 61.3087844849, 349.288665771, 249.157363892, 177.345306396, 260.300720215, 105.650238037, -36.1350975037, -12.3274669647, 7.22440052032, -18.3379688263, 54.0228652954, 68.161529541], [160.019561768, 18.9843730927, -3.42762684822, 89.5066757202, 46.3490257263, 105.650238037, 196.503295898, -20.1637973785, -4.32978725433, 31.4480514526, -9.47283172607, 40.077167511, 39.1717453003], [-103.625701904, -29.9847812653, -103.226951599, -94.8678588867, -48.3179702759, -36.1350975037, -20.1637973785, 97.8190231323, 50.1637535095, 4.68476057053, -0.198282361031, -25.0471935272, -26.3213806152], [-114.286460876, -42.4424743652, -58.7518768311, -42.9869537354, -17.6823959351, -12.3274669647, -4.32978725433, 50.1637535095, 106.305000305, 42.0372238159, -1.48988234997, -7.86329317093, -11.0419530869], [-40.1878356934, -45.2801818848, -16.0150108337, 5.50782060623, -5.45577669144, 7.22440052032, 31.4480514526, 4.68476057053, 42.0372238159, 84.9963989258, 23.3152923584, 17.7159080505, 8.73480319977], [-125.988288879, -68.1078033447, -59.9635276794, -81.9812469482, -71.1536178589, -18.3379688263, -9.47283172607, -0.198282361031, -1.48988234997, 23.3152923584, 97.1633605957, 27.5324668884, -15.1510057449], [88.7641220093, -16.0580196381, 122.825958252, 93.7037963867, 56.2135162354, 54.0228652954, 40.077167511, -25.0471935272, -7.86329317093, 17.7159080505, 27.5324668884, 90.1815872192, 48.2718811035], [164.071899414, 34.8700523376, 147.360366821, 148.195465088, 97.3787765503, 68.161529541, 39.1717453003, -26.3213806152, -11.0419530869, 8.73480319977, -15.1510057449, 48.2718811035, 98.5974273682]],
        "icov": [[0.00175137910992, 0.000874926510733, -0.000282534369035, -0.000743095413782, -0.000885986490175, 8.11307618278e-05, -0.00104139873292, -0.000352749280864, 0.00154631619807, 0.000537903106306, 0.00105355784763, 0.000411095592426, -0.000459994422272], [0.000874926510733, 0.00385682866909, 0.000433490466094, -0.00157953763846, -0.000782393733971, -0.000356250151526, -0.000319683982525, -0.000135471229441, 0.00147495942656, 0.00142268487252, 0.0013455102453, 0.00132807565387, -0.000388175394619], [-0.000282534369035, 0.000433490466094, 0.00299219298176, -0.00127061607782, -0.00100736564491, -0.00277259130962, 0.00286331400275, 0.000301645806758, 0.000528032658622, -0.000234555904171, 0.000322970183333, -0.0015804739669, 0.000512517581228], [-0.000743095413782, -0.00157953763846, -0.00127061607782, 0.00749563612044, -0.00447131879628, 6.30227532383e-06, -0.000600080762524, 0.00185346265789, -0.000318478356348, -0.00169559998903, 0.000541910005268, -0.000961712095886, -0.00175845436752], [-0.000885986490175, -0.000782393733971, -0.00100736564491, -0.00447131879628, 0.0107781421393, -0.000701862911228, 0.000777049572207, -0.000744157703593, -0.00170944503043, 0.000296859187074, 0.00179991312325, -0.000702416116837, -0.000287193775875], [8.11307618278e-05, -0.000356250151526, -0.00277259130962, 6.30227532383e-06, -0.000701862911228, 0.0101576065645, -0.00581960845739, -5.09397686983e-05, -0.00145479338244, 0.0016852451954, -0.00200397567824, 0.00133640586864, -0.00117952225264], [-0.00104139873292, -0.000319683982525, 0.00286331400275, -0.000600080762524, 0.000777049572207, -0.00581960845739, 0.0108051300049, 0.000359215307981, 0.00116311514284, -0.00398084241897, 0.00238602166064, -0.00404457747936, 0.000357122218702], [-0.000352749280864, -0.000135471229441, 0.000301645806758, 0.00185346265789, -0.000744157703593, -5.09397686983e-05, 0.000359215307981, 0.0161033049226, -0.00799614563584, 0.00231943675317, -0.000327709218254, 0.00150804501027, 0.000434980815044], [0.00154631619807, 0.00147495942656, 0.000528032658622, -0.000318478356348, -0.00170944503043, -0.00145479338244, 0.00116311514284, -0.00799614563584, 0.0186848994344, -0.00867355801165, 0.0043410374783, -0.000756589637604, 0.00059041561326], [0.000537903106306, 0.00142268487252, -0.000234555904171, -0.00169559998903, 0.000296859187074, 0.0016852451954, -0.00398084241897, 0.00231943675317, -0.00867355801165, 0.0197493378073, -0.00509945955127, 0.000839995744172, -0.00167244207114], [0.00105355784763, 0.0013455102453, 0.000322970183333, 0.000541910005268, 0.00179991312325, -0.00200397567824, 0.00238602166064, -0.000327709218254, 0.0043410374783, -0.00509945955127, 0.0187688376755, -0.0089671285823, 0.00325824599713], [0.000411095592426, 0.00132807565387, -0.0015804739669, -0.000961712095886, -0.000702416116837, 0.00133640586864, -0.00404457747936, 0.00150804501027, -0.000756589637604, 0.000839995744172, -0.0089671285823, 0.0228779353201, -0.00830464065075], [-0.000459994422272, -0.000388175394619, 0.000512517581228, -0.00175845436752, -0.000287193775875, -0.00117952225264, 0.000357122218702, 0.000434980815044, 0.00059041561326, -0.00167244207114, 0.00325824599713, -0.00830464065075, 0.0187761187553]]
    },
    "spectral_contrast_coeffs": {
        "max": [-0.42565625906, -0.547191858292, -0.559530258179, -0.605844855309, -0.605897843838, -0.579349279404],
        "mean": [-0.771278440952, -0.75797444582, -0.753504157066, -0.790877997875, -0.779894292355, -0.761974215508],
        "min": [-0.913020908833, -0.90253931284, -0.881005644798, -0.896568655968, -0.854807913303, -0.848889231682],
        "stdev": [0.0695430859923, 0.0613701343536, 0.0629194378853, 0.0557643435895, 0.0480849333107, 0.0283971838653]
    },
    "spectral_contrast_valleys": {
        "max": [-5.18716096878, -5.12233448029, -5.30318212509, -5.96681785583, -5.8694319725, -8.39771461487],
        "mean": [-7.32663822174, -6.628428936, -6.74688196182, -6.9665017128, -7.04052782059, -9.84877586365],
        "min": [-10.1136693954, -8.12846755981, -7.99372053146, -7.89049005508, -7.9881606102, -11.3210811615],
        "stdev": [1.27831590176, 0.468772768974, 0.498795956373, 0.326399862766, 0.348297148943, 0.573728263378]
    }
},
"rhythm": {
    "beats_count": 44,
    "beats_loudness": {
        "max": 0.0595360584557,
        "mean": 0.0224046930671,
        "min": 0.00587716978043,
        "stdev": 0.0113550042734
    },
    "bpm": 126.598213196,
    "bpm_histogram_first_peak_bpm": 126,
    "bpm_histogram_first_peak_weight": 0.5,
    "bpm_histogram_second_peak_bpm": 120,
    "bpm_histogram_second_peak_spread": 0,
    "bpm_histogram_second_peak_weight": 0.0232558138669,
    "danceability": 1.13151335716,
    "onset_rate": 3.43973445892,
    "beats_loudness_band_ratio": {
        "max": [0.865224599838, 0.415420114994, 0.655874669552, 0.682089745998, 0.606148302555, 0.268706291914],
        "mean": [0.265351682901, 0.0678630694747, 0.214733704925, 0.253030031919, 0.148052826524, 0.0776333287358],
        "min": [0.000633589632344, 0.00157305086032, 0.00904549472034, 0.0284438561648, 0.0346113294363, 0.0154726952314],
        "stdev": [0.248039707541, 0.0862719267607, 0.181821674109, 0.191211223602, 0.126482531428, 0.0615271478891]
    },
    "beats_position": [0.510838985443, 1.01006805897, 1.49768710136, 1.97369611263, 2.43809509277, 2.90249419212, 3.39011335373, 3.87773227692, 4.35374164581, 4.82975053787, 5.2941493988, 5.75854873657, 6.2229475975, 6.6989569664, 7.17496585846, 7.65097475052, 8.12698364258, 8.59138298035, 9.06739234924, 9.54340076447, 10.0078001022, 10.4838094711, 10.95981884, 11.4358272552, 11.9118366241, 12.387845993, 12.8638544083, 13.3514738083, 13.8390922546, 14.3267116547, 14.8143310547, 15.2787294388, 15.7547388077, 16.2307472229, 16.6951465607, 17.1711559296, 17.6355552673, 18.0999546051, 18.575963974, 19.0403633118, 19.5163707733, 19.9807701111, 20.4451694489, 20.9211788177],
