{
"metadata": {
    "version": {
        "essentia": "2.1-beta5",
        "essentia_git_sha": "Undefined",
        "extractor": "music 2.0"
    },
    "audio_properties": {
        "analysis": {
            "equal_loudness": 0,
            "length": 61.5096588135,
            "sample_rate": 44100,
            "start_time": 64.9926528931,
            "downmix": "mix"
        },
        "bit_rate": 192000,
        "length": 195.14050293,
        "lossless": 0,
        "number_channels": 2,
        "replay_gain": -7.39749908447,
        "sample_rate": 44100,
        "codec": "mp3",
        "md5_encoded": "9e1861489d9d705023367f7104eba660"
    },
    "tags": {
        "file_name": "Austria_Weil Der Mensch Zählt_Alf Poier.mp3",
        "encoding": ["Lavf58.29.100"]
    }
},
"lowlevel": {
    "average_loudness": 0.954769909382,
    "barkbands_crest": {
        "max": 22.6187515259,
        "mean": 7.06152105331,
        "min": 1.97987067699,
        "stdev": 3.26283502579
    },
    "barkbands_flatness_db": {
        "max": 0.253267854452,
        "mean": 0.0990919545293,
        "min": 0.0388903133571,
        "stdev": 0.0354451946914
    },
    "barkbands_kurtosis": {
        "max": 73.5696640015,
        "mean": 1.70277929306,
        "min": -1.91371643543,
        "stdev": 6.24191999435
    },
    "barkbands_skewness": {
        "max": 7.69164848328,
        "mean": 0.764946520329,
        "min": -4.5254073143,
        "stdev": 1.41967236996
    },
    "barkbands_spread": {
        "max": 116.622688293,
        "mean": 46.0820884705,
        "min": 3.28964328766,
        "stdev": 20.3266239166
    },
    "dissonance": {
        "max": 0.5,
        "mean": 0.482376009226,
        "min": 0.383308082819,
        "stdev": 0.0141294812784
    },
    "dynamic_complexity": 2.92891979218,
    "erbbands_crest": {
        "max": 26.5423488617,
        "mean": 6.20159769058,
        "min": 2.25990223885,
        "stdev": 2.7326028347
    },
    "erbbands_flatness_db": {
        "max": 0.246450617909,
        "mean": 0.121696278453,
        "min": 0.0700565949082,
        "stdev": 0.0249424893409
    },
    "erbbands_kurtosis": {
        "max": 15.3575687408,
        "mean": 0.288338541985,
        "min": -1.72513365746,
        "stdev": 2.07419133186
    },
    "erbbands_skewness": {
        "max": 2.21224403381,
        "mean": -0.41782143712,
        "min": -3.52595829964,
        "stdev": 0.820021092892
    },
    "erbbands_spread": {
        "max": 151.740478516,
        "mean": 53.5303840637,
        "min": 8.97329425812,
        "stdev": 20.3480434418
    },
    "hfc": {
        "max": 391.83026123,
        "mean": 51.1215019226,
        "min": 0.569671571255,
        "stdev": 55.1031608582
    },
    "loudness_ebu128": {
        "integrated": -16.1567382812,
        "loudness_range": 2.59896278381,
        "momentary": {
            "max": -12.9240875244,
            "mean": -16.7614154816,
            "min": -28.9587268829,
            "stdev": 2.57388567924
        },
        "short_term": {
            "max": -14.7059593201,
            "mean": -16.2937736511,
            "min": -20.6223659515,
            "stdev": 1.00072669983
        }
    },
    "melbands_crest": {
        "max": 28.9870433807,
        "mean": 12.1543016434,
        "min": 2.22428846359,
        "stdev": 4.92603349686
    },
    "melbands_flatness_db": {
        "max": 0.357333242893,
        "mean": 0.120550453663,
        "min": 0.0134653188288,
        "stdev": 0.0628958120942
    },
    "melbands_kurtosis": {
        "max": 255.690307617,
        "mean": 11.9731636047,
        "min": -1.82003760338,
        "stdev": 21.3988933563
    },
    "melbands_skewness": {
        "max": 13.1846466064,
        "mean": 2.5765273571,
        "min": -1.75562620163,
        "stdev": 1.80945467949
    },
    "melbands_spread": {
        "max": 248.904937744,
        "mean": 59.6371994019,
        "min": 1.68950998783,
        "stdev": 46.1962013245
    },
    "pitch_salience": {
        "max": 0.850036919117,
        "mean": 0.620015859604,
        "min": 0.205845937133,
        "stdev": 0.101226858795
    },
    "silence_rate_20dB": {
        "max": 1,
        "mean": 1,
        "min": 1,
        "stdev": 0
    },
    "silence_rate_30dB": {
        "max": 1,
        "mean": 1,
        "min": 1,
        "stdev": 0
    },
    "silence_rate_60dB": {
        "max": 1,
        "mean": 0.0943396240473,
        "min": 0,
        "stdev": 0.292300522327
    },
    "spectral_centroid": {
        "max": 5471.19384766,
        "mean": 2340.82275391,
        "min": 312.515075684,
        "stdev": 998.608398438
    },
    "spectral_complexity": {
        "max": 58,
        "mean": 23.1384906769,
        "min": 0,
        "stdev": 13.7009630203
    },
    "spectral_decrease": {
        "max": -1.09045814045e-10,
        "mean": -4.93846430416e-09,
        "min": -1.98189056277e-08,
        "stdev": 3.44599770941e-09
    },
    "spectral_energy": {
        "max": 0.0883725881577,
        "mean": 0.023275764659,
        "min": 0.000497795175761,
        "stdev": 0.0154279591516
    },
    "spectral_energyband_high": {
        "max": 0.0433406159282,
        "mean": 0.00542177632451,
        "min": 3.13524978992e-05,
        "stdev": 0.00692580407485
    },
    "spectral_energyband_low": {
        "max": 0.0606348365545,
        "mean": 0.00759574444965,
        "min": 1.85565859283e-05,
        "stdev": 0.00865847058594
    },
    "spectral_energyband_middle_high": {
        "max": 0.0341987200081,
        "mean": 0.0044290847145,
        "min": 0.000103076432424,
        "stdev": 0.00458647310734
    },
    "spectral_energyband_middle_low": {
        "max": 0.0629888623953,
        "mean": 0.00694747362286,
        "min": 9.57464581006e-05,
        "stdev": 0.00654041860253
    },
    "spectral_entropy": {
        "max": 8.78077220917,
        "mean": 8.15571022034,
        "min": 7.15071678162,
        "stdev": 0.289956271648
    },
    "spectral_flux": {
        "max": 0.23840880394,
        "mean": 0.0871103480458,
        "min": 0.017305796966,
        "stdev": 0.0413267351687
    },
    "spectral_kurtosis": {
        "max": 9.35436725616,
        "mean": 1.35435891151,
        "min": -1.22076129913,
        "stdev": 1.15561497211
    },
    "spectral_rms": {
        "max": 0.00928531959653,
        "mean": 0.00444029085338,
        "min": 0.000696888717357,
        "stdev": 0.00172970991116
    },
    "spectral_rolloff": {
        "max": 12166.2597656,
        "mean": 4352.66845703,
        "min": 107.666015625,
        "stdev": 3066.76904297
    },
    "spectral_skewness": {
        "max": 2.22747421265,
        "mean": 0.958358824253,
        "min": 0.0753083378077,
        "stdev": 0.316443234682
    },
    "spectral_spread": {
        "max": 15989730,
        "mean": 6326605.5,
        "min": 2565219.25,
        "stdev": 1464346.125
    },
    "spectral_strongpeak": {
        "max": 15.5776405334,
        "mean": 0.798002123833,
        "min": 0,
        "stdev": 1.66811573505
    },
    "zerocrossingrate": {
        "max": 0.396484375,
        "mean": 0.135702937841,
        "min": 0.01318359375,
        "stdev": 0.0720566213131
    },
    "barkbands": {
        "max": [0.000986367464066, 0.0486528165638, 0.0349340178072, 0.0561288222671, 0.0360589250922, 0.0389934666455, 0.0193927939981, 0.0306667163968, 0.0112705118954, 0.0114975934848, 0.0167683921754, 0.0119203059003, 0.0101079475135, 0.0120497196913, 0.012268663384, 0.0137674324214, 0.0101919723675, 0.00912194792181, 0.0114086903632, 0.0110544748604, 0.00853168778121, 0.0137600405142, 0.0106109688058, 0.0148584302515, 0.0153429219499, 0.0072524882853, 3.84749546356e-06],
        "mean": [0.000159118819283, 0.00342111056671, 0.00299179088324, 0.00207510543987, 0.00178794946987, 0.0011031475151, 0.000781859562267, 0.000452708423836, 0.000601652776822, 0.000463126285467, 0.000330973649397, 0.000389073044062, 0.000372320762835, 0.000413216475863, 0.00032807936077, 0.0004308752832, 0.000534388236701, 0.00036953316885, 0.000532158883289, 0.000640089798253, 0.000957001990173, 0.0011742716888, 0.00103926181328, 0.000985868973657, 0.000630227150396, 0.000310871429974, 3.18617399131e-09],
        "min": [2.17835372496e-06, 4.93976176585e-06, 1.32668992592e-06, 5.74879322812e-07, 4.45777413915e-06, 5.45191187484e-06, 4.62141952084e-06, 4.16356260757e-06, 5.75229432798e-06, 4.04698766943e-06, 1.82869689525e-06, 4.14189526055e-06, 3.80072265216e-06, 4.56853922515e-06, 3.32822560267e-06, 3.81159861718e-06, 4.23989786213e-06, 4.10168922826e-06, 4.49463232144e-06, 3.16538921652e-06, 4.8092238103e-06, 5.37560345037e-06, 4.43242970505e-06, 4.79135360365e-06, 1.23088727833e-06, 8.54663824157e-07, 3.01436306471e-11],
        "stdev": [0.000129423715407, 0.00517420936376, 0.00400854321197, 0.00292117823847, 0.00299245980568, 0.00187074323185, 0.00139762379695, 0.0010449110996, 0.000868852890562, 0.000955711991992, 0.000796965206973, 0.000739088340197, 0.000764141674154, 0.00080595217878, 0.000699445256032, 0.000936514756177, 0.000861402018927, 0.000566832837649, 0.000746527512092, 0.000882275518961, 0.00127167534083, 0.00177695334423, 0.00150217756163, 0.00138337363023, 0.00108692189679, 0.00054937065579, 8.76744650213e-08]
    },
    "erbbands": {
        "max": [0.977287948132, 12.1567831039, 28.1985340118, 113.187202454, 125.681900024, 115.590766907, 275.434692383, 461.814727783, 320.739440918, 426.96963501, 835.561584473, 336.237182617, 298.824645996, 401.625946045, 557.609802246, 458.594573975, 429.896392822, 638.994689941, 437.105438232, 746.492797852, 793.480895996, 430.819458008, 374.011199951, 457.523376465, 640.344238281, 356.194976807, 374.341125488, 399.566772461, 507.049621582, 507.550201416, 300.720825195, 267.907806396, 259.112823486, 242.72946167, 64.3499755859, 64.9862060547, 2.92014217377, 0.0720184892416, 0.00463928794488, 0.000723017728887],
        "mean": [0.0634832382202, 0.901986837387, 3.09078025818, 5.83923435211, 6.70631170273, 5.26177835464, 7.37244844437, 9.34260559082, 10.2117376328, 12.1886529922, 10.7328090668, 12.6095075607, 16.0282707214, 14.1479787827, 13.5108623505, 16.1004562378, 17.1555309296, 21.4139080048, 17.9591903687, 19.0590801239, 25.7043514252, 30.2847633362, 21.636806488, 20.9302387238, 31.7226715088, 30.2691745758, 33.1576271057, 42.2216186523, 38.7509384155, 37.1499176025, 28.9082164764, 22.0229129791, 15.8019189835, 8.56916618347, 3.64893579483, 2.77526950836, 0.138879105449, 0.00337136723101, 0.000236079416936, 6.52673770674e-05],
        "min": [0.000174080298166, 0.000977897201665, 0.00201463908888, 0.00289532914758, 0.00625978829339, 0.021102514118, 0.0284898970276, 0.0542875789106, 0.0875237509608, 0.067211098969, 0.122449710965, 0.17186498642, 0.250404685736, 0.19581349194, 0.206934183836, 0.294402211905, 0.288986951113, 0.315430283546, 0.303358882666, 0.246394827962, 0.208613112569, 0.291853964329, 0.201389044523, 0.260639637709, 0.237399086356, 0.121666178107, 0.212370365858, 0.167460501194, 0.226295053959, 0.144492983818, 0.136126384139, 0.10778708756, 0.068280890584, 0.0201803538948, 0.00645562028512, 0.00825276877731, 0.000472363142762, 1.18872849271e-05, 1.24742655316e-06, 8.44412966217e-07],
        "stdev": [0.106864050031, 1.34481334686, 4.00019645691, 7.1459479332, 10.9848155975, 9.19731998444, 17.2642211914, 17.5487232208, 19.3400707245, 23.6519622803, 23.5978660583, 18.2939338684, 26.812538147, 27.6695842743, 26.8112430573, 30.7518119812, 33.2769699097, 42.9479866028, 30.3154010773, 40.7857513428, 53.5671043396, 46.1861152649, 30.4706325531, 29.098285675, 46.5371170044, 39.3226737976, 43.5136299133, 58.8232688904, 59.6881752014, 56.6949386597, 41.3785476685, 29.0468006134, 24.4029541016, 14.8611717224, 6.20301294327, 4.83572912216, 0.241764619946, 0.00575435906649, 0.000370665919036, 6.75777046126e-05]
    },
    "gfcc": {
        "mean": [32.0519828796, 45.4875411987, -109.856910706, 54.5760688782, -77.3443069458, 31.1770305634, -45.9696998596, 15.9475593567, -28.9950332642, 5.45171976089, -21.2594146729, -2.27587532997, -13.822262764],
        "cov": [[3220.45898438, -803.779724121, 70.0619430542, 241.802856445, -24.3975296021, 8.86426258087, -58.4051818848, 1.0829449892, -152.662353516, 33.6361846924, -54.3071212769, 77.6093444824, -18.0372657776], [-803.779724121, 1350.94067383, -103.69745636, -42.42603302, 343.152313232, -20.2263126373, 64.0525665283, -0.532232105732, 135.651550293, -106.135452271, 76.5872116089, -89.2509841919, 25.4908657074], [70.0619430542, -103.69745636, 480.517700195, 119.780532837, -30.0773296356, 52.8942756653, -18.8621044159, 7.45129776001, -12.0720643997, 16.4155540466, -17.1225070953, -7.53738594055, -14.8793134689], [241.802856445, -42.42603302, 119.780532837, 242.144989014, 80.8033370972, -3.88619160652, 26.5496864319, 3.53089380264, 14.9861507416, -6.64467811584, -4.1604013443, 5.03554773331, 2.59979391098], [-24.3975296021, 343.152313232, -30.0773296356, 80.8033370972, 253.137405396, 48.3657608032, 23.4389514923, 29.9338302612, 46.9506492615, -30.1421318054, 18.0882091522, -32.9331703186, 7.48756742477], [8.86426258087, -20.2263126373, 52.8942756653, -3.88619160652, 48.3657608032, 152.775665283, 97.55859375, 13.5208997726, -4.65684938431, 14.9217214584, 2.11356925964, -6.37213945389, -3.18214082718], [-58.4051818848, 64.0525665283, -18.8621044159, 26.5496864319, 23.4389514923, 97.55859375, 182.493728638, 41.547164917, 3.60943889618, 8.60638141632, 17.9851150513, -14.2386159897, 1.10281896591], [1.0829449892, -0.532232105732, 7.45129776001, 3.53089380264, 29.9338302612, 13.5208997726, 41.547164917, 94.5613021851, 35.3257522583, 5.88040733337, 6.42349910736, -8.46614837646, -3.71517157555], [-152.662353516, 135.651550293, -12.0720643997, 14.9861507416, 46.9506492615, -4.65684938431, 3.60943889618, 35.3257522583, 86.9853973389, 12.0303153992, 8.6939163208, -11.0605611801, 2.00609779358], [33.6361846924, -106.135452271, 16.4155540466, -6.64467811584, -30.1421318054, 14.9217214584, 8.60638141632, 5.88040733337, 12.0303153992, 71.1739807129, 16.8523178101, 6.63026571274, -0.274325162172], [-54.3071212769, 76.5872116089, -17.1225070953, -4.1604013443, 18.0882091522, 2.11356925964, 17.9851150513, 6.42349910736, 8.6939163208, 16.8523178101, 58.963180542, 16.3621768951, 3.88924360275], [77.6093444824, -89.2509841919, -7.53738594055, 5.03554773331, -32.9331703186, -6.37213945389, -14.2386159897, -8.46614837646, -11.0605611801, 6.63026571274, 16.3621768951, 62.1252937317, 23.89544487], [-18.0372657776, 25.4908657074, -14.8793134689, 2.59979391098, 7.48756742477, -3.18214082718, 1.10281896591, -3.71517157555, 2.00609779358, -0.274325162172, 3.88924360275, 23.89544487, 44.8719673157]],
        "icov": [[0.000447339261882, 9.57955344347e-05, 0.000182238727575, -0.000563925830647, -0.000148850594996, -0.000179432565346, 0.000358095159754, -0.000466819474241, 0.00095682538813, -0.000399400654715, 0.000369436660549, -0.000449352257419, 0.000345214561094], [9.57955344347e-05, 0.00419100234285, -0.00227750488557, 0.00508883502334, -0.00673282332718, 0.00625635776669, -0.00589793734252, 0.0060699749738, -0.00588431349024, 0.0049353656359, -0.00359663832933, 0.00170234614052, -0.00147925980855], [0.000182238727575, -0.00227750488557, 0.00500597199425, -0.00638496130705, 0.00642515998334, -0.00784566998482, 0.0070770601742, -0.00548787787557, 0.00426478777081, -0.00226430222392, 0.000329324568156, 0.00209522270598, -0.00020868566935], [-0.000563925830647, 0.00508883502334, -0.00638496130705, 0.0157658308744, -0.0138937784359, 0.0147456470877, -0.0139539344236, 0.0112788677216, -0.0094353267923, 0.00455329706892, 6.35358155705e-05, -0.00418116245419, 0.001163389883], [-0.000148850594996, -0.00673282332718, 0.00642515998334, -0.0138937784359, 0.0215673297644, -0.0186404045671, 0.0159109588712, -0.0130224460736, 0.00699881045148, -0.00192059355322, -0.00213916343637, 0.00724463444203, -0.00368667533621], [-0.000179432565346, 0.00625635776669, -0.00784566998482, 0.0147456470877, -0.0186404045671, 0.0285047180951, -0.0219516679645, 0.0139176379889, -0.00829039793462, 0.00162712589372, 0.00274377735332, -0.00673426222056, 0.00347047066316], [0.000358095159754, -0.00589793734252, 0.0070770601742, -0.0139539344236, 0.0159109588712, -0.0219516679645, 0.0245759431273, -0.0158083681017, 0.0107061229646, -0.00400836812332, -0.00301077775657, 0.0072292261757, -0.00356687279418], [-0.000466819474241, 0.0060699749738, -0.00548787787557, 0.0112788677216, -0.0130224460736, 0.0139176379889, -0.0158083681017, 0.0252685137093, -0.0155785782263, 0.00639340747148, -0.00285711581819, -0.00104805617593, 0.00107281049713], [0.00095682538813, -0.00588431349024, 0.00426478777081, -0.0094353267923, 0.00699881045148, -0.00829039793462, 0.0107061229646, -0.0155785782263, 0.0272540561855, -0.0121769923717, 0.00530089205131, -0.000832077523228, 0.0010702481959], [-0.000399400654715, 0.0049353656359, -0.00226430222392, 0.00455329706892, -0.00192059355322, 0.00162712589372, -0.00400836812332, 0.00639340747148, -0.0121769923717, 0.0259108282626, -0.0131152318791, 0.00626461952925, -0.00441165454686], [0.000369436660549, -0.00359663832933, 0.000329324568156, 6.35358155705e-05, -0.00213916343637, 0.00274377735332, -0.00301077775657, -0.00285711581819, 0.00530089205131, -0.0131152318791, 0.0308680273592, -0.0165928620845, 0.00852965656668], [-0.000449352257419, 0.00170234614052, 0.00209522270598, -0.00418116245419, 0.00724463444203, -0.00673426222056, 0.0072292261757, -0.00104805617593, -0.000832077523228, 0.00626461952925, -0.0165928620845, 0.0354174077511, -0.0195085555315], [0.000345214561094, -0.00147925980855, -0.00020868566935, 0.001163389883, -0.00368667533621, 0.00347047066316, -0.00356687279418, 0.00107281049713, 0.0010702481959, -0.00441165454686, 0.00852965656668, -0.0195085555315, 0.0337405800819]]
    },
    "melbands": {
        "max": [0.0120128951967, 0.0128935510293, 0.018680838868, 0.00931363925338, 0.00806705001742, 0.00927107594907, 0.00445521296933, 0.00537195429206, 0.00640845531598, 0.00212401524186, 0.00147598050535, 0.0017163119046, 0.00255865254439, 0.00180122628808, 0.00161424931139, 0.000929231347982, 0.00143681711052, 0.000652057642583, 0.00132717378438, 0.000643447798211, 0.00127017672639, 0.000560315849725, 0.000561317254324, 0.000372747832444, 0.000384440470953, 0.000553432211746, 0.000581991975196, 0.000262674613623, 0.00019387541397, 0.000314207660267, 0.00027970148949, 0.00029450643342, 0.000296590587823, 0.000282903172774, 0.000213384075323, 0.000205542921321, 0.000168144426425, 0.000209984253161, 0.000245175411692, 0.000188876438187],
        "mean": [0.000783721567132, 0.00151304691099, 0.00104633322917, 0.000415319780586, 0.000249063130468, 0.000210091282497, 0.000157083195518, 0.000123349804198, 8.66041300469e-05, 8.15690655145e-05, 8.04192241048e-05, 5.75459234824e-05, 4.67814097647e-05, 4.35372530774e-05, 3.93676236854e-05, 3.78068325517e-05, 3.98028387281e-05, 2.89253857773e-05, 2.47569332714e-05, 2.60792730842e-05, 3.13866694341e-05, 3.18829224852e-05, 2.44150724029e-05, 1.67541220435e-05, 1.60837844305e-05, 2.27978580369e-05, 2.27525906666e-05, 1.90300361282e-05, 1.86832203326e-05, 2.45696392085e-05, 2.49738968705e-05, 2.20694219024e-05, 2.2052334316e-05, 1.97166591533e-05, 1.62562810146e-05, 1.58335260494e-05, 1.25830047182e-05, 1.08857311716e-05, 1.00725364973e-05, 6.26037717666e-06],
        "min": [1.6873613049e-06, 1.10669020614e-06, 6.26269240911e-07, 1.28754754769e-06, 1.19020501188e-06, 1.05783090021e-06, 1.18810612548e-06, 5.76684954012e-07, 8.22043091375e-07, 8.14947327399e-07, 9.00482746147e-07, 6.68379868785e-07, 5.27166207576e-07, 4.09229215848e-07, 5.8999336261e-07, 5.27346742274e-07, 5.51917594294e-07, 4.19994279355e-07, 2.94875349027e-07, 2.3870668997e-07, 1.90281937762e-07, 2.5699125672e-07, 1.54697460175e-07, 1.83458411129e-07, 1.44416688386e-07, 1.55329800577e-07, 1.33005642056e-07, 7.52271844817e-08, 1.01888055326e-07, 1.12474452862e-07, 8.02670641065e-08, 1.14276062391e-07, 1.01478889292e-07, 7.46549488895e-08, 7.34947036563e-08, 6.71994726531e-08, 6.4800310895e-08, 4.85597020372e-08, 2.9743901564e-08, 1.12626077353e-08],
        "stdev": [0.00121289445087, 0.00186078669503, 0.00122897047549, 0.000705927319359, 0.000526281422935, 0.000368698965758, 0.000284702866338, 0.000239090339164, 0.000185925702681, 0.000119597461889, 0.000138898714795, 0.000119523960166, 0.000111075292807, 8.43410016387e-05, 8.17851105239e-05, 7.75659354986e-05, 8.33351077745e-05, 4.98630652146e-05, 5.90878189541e-05, 5.66220187466e-05, 7.30095562176e-05, 5.18567030667e-05, 3.69942972611e-05, 2.58381078311e-05, 2.40048520936e-05, 3.35846998496e-05, 3.80458113796e-05, 2.5966519388e-05, 2.56366020039e-05, 3.55368574674e-05, 3.70363195543e-05, 3.56647797162e-05, 3.45076623489e-05, 3.10525174427e-05, 2.44522725552e-05, 2.23927600018e-05, 1.69866088982e-05, 1.65668661793e-05, 1.80199513125e-05, 1.10982809929e-05]
    },
    "melbands128": {
        "max": [0.000787807512097, 0.00542895682156, 0.020503455773, 0.022013830021, 0.0144459530711, 0.0192497391254, 0.0249937288463, 0.0261720232666, 0.0151018761098, 0.013096046634, 0.00840018223971, 0.00823866575956, 0.013828214258, 0.0103639923036, 0.0116735696793, 0.0146651435643, 0.00540602579713, 0.00739044696093, 0.00431575393304, 0.00558637781069, 0.00875136908144, 0.00799253210425, 0.00996650010347, 0.00394822657108, 0.00322745880112, 0.00325423153117, 0.00305215339176, 0.00288629392162, 0.00398634606972, 0.00325863086618, 0.00254839705303, 0.00317952386104, 0.00488335220143, 0.00189707393292, 0.00202414323576, 0.00301118474454, 0.00176688202191, 0.00315457559191, 0.00164963887073, 0.00204489915632, 0.00164574128576, 0.00208423449658, 0.00221162242815, 0.00229331990704, 0.00120399321895, 0.000751652172767, 0.00156572426204, 0.00283144344576, 0.00288803619333, 0.00172963924706, 0.00137102755252, 0.00108554854523, 0.00124774395954, 0.00311778788455, 0.00214092829265, 0.000631559640169, 0.00104338687379, 0.00112642382737, 0.000599327555392, 0.000437990267528, 0.000509705278091, 0.00110992556438, 0.000739109935239, 0.000410235661548, 0.000555103295483, 0.000711654429324, 0.000725115358364, 0.00114859477617, 0.00113845255692, 0.000486482109409, 0.000616751320194, 0.000233754661167, 0.000322213250911, 0.00038103380939, 0.000685959297698, 0.000461552117486, 0.00054458208615, 0.000317859288771, 0.000392674497562, 0.000606506597251, 0.000483567855554, 0.00031976858736, 0.000438030081568, 0.000337684614351, 0.000766976969317, 0.000354139599949, 0.000374861177988, 0.000434849585872, 0.000270127668045, 0.000233809740166, 0.000268644915195, 0.00032105052378, 0.000214843661524, 0.000179189402843, 0.000262661167653, 0.000176344488864, 0.000257027422776, 0.00026304324274, 0.000291413103696, 0.000317949074088, 0.000282299966784, 0.000177242385689, 8.20807545097e-05, 6.6777363827e-05, 6.62342135911e-05, 8.36013205117e-05, 0.000156002264703, 0.000197727931663, 0.000182756208233, 0.000102742538729, 7.91408729128e-06, 3.10333376774e-08, 2.53583660736e-08, 2.16504556505e-08, 1.88665616463e-08, 1.76857852807e-08, 1.7650163997e-08, 1.76088921222e-08, 1.73507892498e-08, 1.70777969544e-08, 1.67819820263e-08, 1.64911817535e-08, 1.61626267925e-08, 1.58846518161e-08, 1.56713149124e-08, 1.54706860656e-08, 1.5340711812e-08, 1.52272043863e-08],
        "mean": [7.56095905672e-05, 0.000339147023624, 0.00108614948113, 0.00162143853959, 0.00155468971934, 0.00150607607793, 0.00121609098278, 0.000997273949906, 0.000666970619932, 0.000373037095414, 0.000260959292063, 0.000242878304562, 0.000272290577414, 0.000217655440792, 0.000208674333408, 0.000214453306398, 0.000174822911504, 0.000139895433676, 0.000131652501295, 0.00017131344066, 8.33847516333e-05, 8.9723864221e-05, 8.85577101144e-05, 8.23591035441e-05, 7.97043685452e-05, 7.38009184715e-05, 0.000104968414234, 7.41162439226e-05, 7.25747086108e-05, 6.06592875556e-05, 5.0199629186e-05, 5.36829975317e-05, 5.55240330868e-05, 2.88905321213e-05, 4.59951734229e-05, 4.82019204355e-05, 4.06256549468e-05, 3.77600445063e-05, 4.13094239775e-05, 3.50143272954e-05, 3.33986572514e-05, 4.81095958094e-05, 4.13007655879e-05, 3.56449345418e-05, 3.27627531078e-05, 2.68929470622e-05, 2.60188971879e-05, 2.46111467277e-05, 2.27945656661e-05, 2.77454200841e-05, 2.65363541985e-05, 2.38239063037e-05, 3.12739430228e-05, 3.55230731657e-05, 3.04277909891e-05, 3.04362656607e-05, 3.56783530151e-05, 2.69913580269e-05, 2.08353594644e-05, 1.76760368049e-05, 1.6957450498e-05, 1.57729045895e-05, 1.429439817e-05, 1.5612662537e-05, 2.00175381906e-05, 2.2377969799e-05, 2.62191097136e-05, 2.26165884669e-05, 2.15880281758e-05, 2.30186142289e-05, 1.9590715965e-05, 1.62124233611e-05, 1.85226708709e-05, 1.84691143659e-05, 1.93911582755e-05, 2.45400951826e-05, 2.96784237435e-05, 1.99065270863e-05, 2.52302615991e-05, 2.96802845696e-05, 2.10469552258e-05, 1.95719458134e-05, 2.06467193493e-05, 2.13537841773e-05, 2.64769405476e-05, 1.88291433005e-05, 1.9054801669e-05, 1.68188580574e-05, 1.47547798406e-05, 1.69378254213e-05, 1.76226203621e-05, 1.50906898853e-05, 1.4262815057e-05, 1.22404944705e-05, 1.25953256429e-05, 9.00187478692e-06, 1.1379004718e-05, 1.21106613733e-05, 1.01112236734e-05, 9.37582353799e-06, 7.6535734479e-06, 5.93964932705e-06, 4.40421445091e-06, 3.24555207953e-06, 3.20877938975e-06, 4.06518438467e-06, 5.09570509166e-06, 6.19602178631e-06, 6.50419087833e-06, 4.98687404615e-06, 2.17903760813e-07, 1.19803444942e-10, 2.85257165111e-11, 2.12212001444e-11, 1.88937893109e-11, 1.75725406448e-11, 1.65787591988e-11, 1.57463538736e-11, 1.4985197111e-11, 1.43372050343e-11, 1.37629959512e-11, 1.32592652136e-11, 1.28004057007e-11, 1.24269457571e-11, 1.21290824606e-11, 1.18993669085e-11, 1.1732136096e-11, 1.16211432838e-11],
        "min": [1.16939693484e-08, 8.22792003419e-08, 7.36473680263e-07, 5.34494461135e-07, 3.67372166465e-07, 5.8165289829e-07, 3.68457648392e-07, 2.62455927214e-07, 3.52410523874e-07, 3.83543635962e-07, 5.91330504562e-08, 3.33983081191e-07, 1.22707632499e-07, 3.53189449243e-07, 1.96781059003e-07, 1.89531590422e-07, 1.72469839299e-07, 1.46597784578e-07, 4.10907773585e-07, 1.69859120547e-07, 3.73932380171e-07, 1.79321659743e-07, 2.65103807351e-07, 2.78953791621e-07, 1.21444600154e-07, 2.21546642365e-07, 1.8097858856e-07, 2.52749543961e-07, 1.54314605538e-07, 2.11729542343e-07, 1.59636954322e-07, 2.32738273098e-07, 1.52662479991e-07, 7.06921454707e-08, 2.02854906206e-07, 1.33985267325e-07, 2.85897812091e-07, 3.06184972487e-07, 1.36164970854e-07, 2.06141635317e-07, 1.80444445164e-07, 3.99914569016e-07, 1.9574568455e-07, 2.00456867105e-07, 1.99318748173e-07, 1.66733542528e-07, 1.16547688833e-07, 8.93070719599e-08, 1.74281893806e-07, 1.05529572636e-07, 1.74463281155e-07, 1.16249452731e-07, 1.0738980194e-07, 7.99096397941e-08, 1.39877059269e-07, 3.42361339278e-08, 1.27974146835e-07, 1.15206162832e-07, 4.81825672694e-08, 5.7932826536e-08, 1.06918335518e-07, 5.77541285907e-08, 9.46812690472e-08, 7.69763346398e-08, 8.43661283056e-08, 1.09145453564e-07, 1.17844102476e-07, 1.26447019966e-07, 7.93062895355e-08, 4.40655547607e-08, 4.95239049769e-08, 9.54981800305e-08, 1.05493654701e-07, 2.96973947655e-08, 7.35254772621e-08, 8.95884895158e-08, 4.50391510753e-08, 2.33194494825e-08, 6.90253827429e-08, 7.52471081e-08, 5.25644274774e-08, 7.64026140132e-08, 7.22546928955e-08, 6.37682973093e-08, 4.65111362757e-08, 5.27685415364e-08, 6.48193179131e-08, 4.30576889698e-08, 3.5503052942e-08, 5.08845410252e-08, 4.77153818679e-08, 5.85435699918e-08, 4.57642066465e-08, 3.14036050497e-08, 4.97635319618e-08, 4.57362290263e-08, 2.07194759128e-08, 2.79369523071e-08, 3.21078914567e-08, 2.75615796852e-08, 1.24014318814e-08, 8.36265812154e-09, 5.57238744037e-09, 4.14455625375e-09, 4.76138772854e-09, 4.06083389137e-09, 7.8352009325e-09, 1.23450183409e-08, 1.60743791611e-08, 1.32636719385e-08, 1.01024362487e-10, 1.77064959916e-13, 9.60603937974e-14, 9.50717572701e-14, 1.1240100105e-13, 1.0098323409e-13, 1.03736944978e-13, 1.04143710528e-13, 9.52047617716e-14, 9.13870148718e-14, 1.01762782229e-13, 1.15307503129e-13, 1.08413298683e-13, 1.00365008459e-13, 1.02786980587e-13, 8.59995261853e-14, 1.0622492469e-13, 9.12777950554e-14],
        "stdev": [8.55764374137e-05, 0.000672983180266, 0.00193301739637, 0.00251358258538, 0.00214377581142, 0.00201745890081, 0.00161274464335, 0.00147169898264, 0.00128421490081, 0.000879306520801, 0.000527844240423, 0.000567712530028, 0.000817438995, 0.000421151780756, 0.000480163114844, 0.000532344682142, 0.000366843247321, 0.000409266649513, 0.000300428568153, 0.000398520554882, 0.000242919573793, 0.000248716125498, 0.000274121499388, 0.000178919901373, 0.000159069386427, 0.000156081674504, 0.00021804960852, 0.000176327579538, 0.000213967636228, 0.000174005879671, 0.00012958998559, 0.000159886913025, 0.000184697593795, 6.89332518959e-05, 0.00010625210416, 0.000132688495796, 0.000105755578261, 0.000119213495054, 0.000100665907667, 0.000100271397969, 9.30021124077e-05, 0.000128990839585, 0.000116987052024, 0.000102115765912, 7.46918522054e-05, 5.45363873243e-05, 7.10909371264e-05, 9.06727145775e-05, 9.14121701499e-05, 7.86274540587e-05, 7.93549188529e-05, 6.29228597973e-05, 7.6088210335e-05, 0.000131077860715, 8.58226485434e-05, 5.90368144913e-05, 7.2289883974e-05, 5.40055261808e-05, 3.86525789509e-05, 3.33483912982e-05, 3.19041864714e-05, 3.84951017622e-05, 3.20042599924e-05, 2.42060868914e-05, 3.32810304826e-05, 3.89801862184e-05, 4.65668417746e-05, 5.05724383402e-05, 5.15412248205e-05, 3.45278167515e-05, 3.46547312802e-05, 2.58135987679e-05, 2.93081375276e-05, 2.93418543151e-05, 3.7383291783e-05, 4.04822058044e-05, 5.12976694154e-05, 3.14778808388e-05, 4.21431286668e-05, 5.25130526512e-05, 4.12253648392e-05, 3.48915054929e-05, 3.80504352506e-05, 3.51062699337e-05, 4.87541874463e-05, 3.2926833228e-05, 3.31131377607e-05, 3.16606310662e-05, 2.43454451265e-05, 2.71035860351e-05, 2.79462983599e-05, 2.41789584834e-05, 2.19679350266e-05, 1.84807468031e-05, 1.93288924493e-05, 1.39730855153e-05, 1.91028411791e-05, 2.1727204512e-05, 1.97522804228e-05, 1.86648285307e-05, 1.46351749208e-05, 1.13105797936e-05, 7.96514177637e-06, 5.91765274294e-06, 5.77319087824e-06, 7.41250278224e-06, 9.51154743234e-06, 1.1663875739e-05, 1.23136869661e-05, 9.15818509384e-06, 4.78872550502e-07, 9.66170699002e-10, 6.06111993928e-10, 5.37569766479e-10, 4.99229879658e-10, 4.70684213827e-10, 4.4730466553e-10, 4.28162116872e-10, 4.09664940859e-10, 3.94133781167e-10, 3.80230319452e-10, 3.67952640579e-10, 3.56576851379e-10, 3.47389950139e-10, 3.39999056687e-10, 3.34012151271e-10, 3.29838489854e-10, 3.2698685426e-10]
    },
    "mfcc": {
        "mean": [-604.305541992, 64.8378219604, 22.0265445709, 20.9097080231, 2.27239704132, 9.28237724304, -0.283919274807, 4.99557971954, 0.0811924487352, 3.72791409492, -1.69484221935, 1.41569423676, -3.40463232994],
        "cov": [[3235.51196289, -789.310974121, -57.2814102173, 144.676635742, -12.766462326, 17.9899711609, 46.4765014648, -18.5276031494, -24.377784729, -125.391548157, -12.655377388, -21.8299198151, 2.94521594048], [-789.310974121, 1161.04101562, -202.530578613, 16.0250339508, 195.209243774, 8.97812747955, 20.8692703247, 73.0925521851, 4.61040067673, 92.4375076294, -13.2071332932, 12.0016555786, -0.906103670597], [-57.2814102173, -202.530578613, 453.167510986, 42.643371582, -16.0210552216, 30.2868747711, 4.26647853851, -21.8391284943, 4.13246107101, -20.3218402863, 0.868498325348, 5.05543708801, 9.41451454163], [144.676635742, 16.0250339508, 42.643371582, 238.537719727, 91.4976882935, 7.94549608231, -6.14995574951, 21.7893180847, 10.98711586, 4.34559249878, -5.63421678543, -3.20027852058, 16.2583560944], [-12.766462326, 195.209243774, -16.0210552216, 91.4976882935, 226.02545166, 11.1799201965, -19.8355045319, 18.0787391663, 12.3434648514, 15.7463741302, -12.582192421, 6.95300245285, 9.78115177155], [17.9899711609, 8.97812747955, 30.2868747711, 7.94549608231, 11.1799201965, 139.678741455, 67.8914031982, 20.3155975342, 18.4971561432, 8.71987915039, 16.1110439301, 4.05078649521, -12.7662649155], [46.4765014648, 20.8692703247, 4.26647853851, -6.14995574951, -19.8355045319, 67.8914031982, 145.690155029, 53.0727806091, 18.915594101, 30.1368560791, 18.4641914368, 8.43354511261, -1.73202097416], [-18.5276031494, 73.0925521851, -21.8391284943, 21.7893180847, 18.0787391663, 20.3155975342, 53.0727806091, 95.794342041, 32.8210868835, 23.204788208, 3.63165092468, 10.1028594971, 0.573726892471], [-24.377784729, 4.61040067673, 4.13246107101, 10.98711586, 12.3434648514, 18.4971561432, 18.915594101, 32.8210868835, 76.2495956421, 33.7108840942, 11.2683448792, 4.86757421494, 2.3837428093], [-125.391548157, 92.4375076294, -20.3218402863, 4.34559249878, 15.7463741302, 8.71987915039, 30.1368560791, 23.204788208, 33.7108840942, 92.8898620605, 27.9806289673, 4.60073471069, 2.02380609512], [-12.655377388, -13.2071332932, 0.868498325348, -5.63421678543, -12.582192421, 16.1110439301, 18.4641914368, 3.63165092468, 11.2683448792, 27.9806289673, 59.456363678, 16.043296814, 2.05977630615], [-21.8299198151, 12.0016555786, 5.05543708801, -3.20027852058, 6.95300245285, 4.05078649521, 8.43354511261, 10.1028594971, 4.86757421494, 4.60073471069, 16.043296814, 56.5951080322, 18.1893062592], [2.94521594048, -0.906103670597, 9.41451454163, 16.2583560944, 9.78115177155, -12.7662649155, -1.73202097416, 0.573726892471, 2.3837428093, 2.02380609512, 2.05977630615, 18.1893062592, 50.7619285583]],
        "icov": [[0.000431984139141, 0.000344647123711, 0.000246795039857, -0.000268815638265, -0.000225206458708, 4.61551207991e-05, -0.0003707811411, 4.43339740741e-05, 4.56245579699e-05, 0.000444117118604, -5.32530139026e-05, 9.99233816401e-05, 9.77116633294e-06], [0.000344647123711, 0.00153272924945, 0.000598063808866, 8.7411943241e-05, -0.00119539909065, -0.000108093314338, -0.000174903470906, -0.000718174909707, 0.000897434831131, -0.000991341890767, 0.000617070356384, -0.000133410881972, 9.38948287512e-05], [0.000246795039857, 0.000598063808866, 0.00266978540458, -0.000658943899907, -7.63530406402e-05, -0.00059215654619, -0.000319411308737, 0.00067920552101, -0.000243903908995, 0.000394299189793, 0.000238545719185, -0.000295979261864, -0.000348417263012], [-0.000268815638265, 8.7411943241e-05, -0.000658943899907, 0.00559691665694, -0.00216563418508, -0.000266655144515, 0.000702547025867, -0.00157593016047, 0.000206313357921, -0.00034656340722, -0.000181280978722, 0.00133175018709, -0.00172695470974], [-0.000225206458708, -0.00119539909065, -7.63530406402e-05, -0.00216563418508, 0.00677535776049, -0.00119910575449, 0.00182823475916, -0.000229851313634, -0.000648443354294, -0.000745046767406, 0.00146831967868, -0.00108070601709, -0.000454778870335], [4.61551207991e-05, -0.000108093314338, -0.00059215654619, -0.000266655144515, -0.00119910575449, 0.0105052944273, -0.00535212550312, 0.00132624164689, -0.00217480421998, 0.00205208733678, -0.00211950531229, -0.000338488665875, 0.00309368083254], [-0.0003707811411, -0.000174903470906, -0.000319411308737, 0.000702547025867, 0.00182823475916, -0.00535212550312, 0.0125039098784, -0.00614584702998, 0.00191548024304, -0.00327603379264, -0.000496994936839, 1.27497987705e-05, -0.00129332358483], [4.43339740741e-05, -0.000718174909707, 0.00067920552101, -0.00157593016047, -0.000229851313634, 0.00132624164689, -0.00614584702998, 0.0168567039073, -0.00611999072134, 0.000486008910229, 0.00174977304414, -0.00262470613234, 0.0014785125386], [4.56245579699e-05, 0.000897434831131, -0.000243903908995, 0.000206313357921, -0.000648443354294, -0.00217480421998, 0.00191548024304, -0.00611999072134, 0.0187260955572, -0.00643628975376, -6.22307998128e-05, 0.000144133824506, -0.000966825755313], [0.000444117118604, -0.000991341890767, 0.000394299189793, -0.00034656340722, -0.000745046767406, 0.00205208733678, -0.00327603379264, 0.000486008910229, -0.00643628975376, 0.0178644303232, -0.00761421117932, 0.00202580564655, -0.000290139956633], [-5.32530139026e-05, 0.000617070356384, 0.000238545719185, -0.000181280978722, 0.00146831967868, -0.00211950531229, -0.000496994936839, 0.00174977304414, -6.22307998128e-05, -0.00761421117932, 0.0232308674604, -0.00671474123374, 0.000945135718212], [9.99233816401e-05, -0.000133410881972, -0.000295979261864, 0.00133175018709, -0.00108070601709, -0.000338488665875, 1.27497987705e-05, -0.00262470613234, 0.000144133824506, 0.00202580564655, -0.00671474123374, 0.0228306241333, -0.0082224868238], [9.77116633294e-06, 9.38948287512e-05, -0.000348417263012, -0.00172695470974, -0.000454778870335, 0.00309368083254, -0.00129332358483, 0.0014785125386, -0.000966825755313, -0.000290139956633, 0.000945135718212, -0.0082224868238, 0.0240884274244]]
    },
    "spectral_contrast_coeffs": {
        "max": [-0.438993215561, -0.530878961086, -0.528504490852, -0.561460316181, -0.608991622925, -0.632008194923],
        "mean": [-0.719452798367, -0.794589221478, -0.79780882597, -0.815513551235, -0.79620206356, -0.760108232498],
        "min": [-0.881119072437, -0.924905359745, -0.919052958488, -0.914033293724, -0.885996103287, -0.865647256374],
        "stdev": [0.0662358924747, 0.058766387403, 0.0532013364136, 0.0520644932985, 0.0426880009472, 0.0368408486247]
    },
    "spectral_contrast_valleys": {
        "max": [-5.11359453201, -5.1956114769, -5.55969142914, -5.61535167694, -5.59404420853, -7.06890535355],
        "mean": [-6.74708414078, -6.68090200424, -7.28591299057, -7.39204883575, -7.02865505219, -8.92745399475],
        "min": [-9.10113430023, -8.45151519775, -8.72594165802, -8.89527606964, -8.80783557892, -11.1818399429],
        "stdev": [0.707665681839, 0.492136240005, 0.544202029705, 0.526905715466, 0.644364356995, 0.840456843376]
    }
},
"rhythm": {
    "beats_count": 176,
    "beats_loudness": {
        "max": 0.0649069324136,
        "mean": 0.0335671566427,
        "min": 0.000905165972654,
        "stdev": 0.0135232824832
    },
    "bpm": 172.265823364,
    "bpm_histogram_first_peak_bpm": 172,
    "bpm_histogram_first_peak_weight": 0,
    "bpm_histogram_second_peak_bpm": 178,
    "bpm_histogram_second_peak_spread": 0,
    "bpm_histogram_second_peak_weight": 0.15428571403,
    "danceability": 1.1893491745,
    "onset_rate": 3.25090813637,
    "beats_loudness_band_ratio": {
        "max": [0.901853740215, 0.681271731853, 0.290476292372, 0.379322558641, 0.444600641727, 0.910516679287],
        "mean": [0.338472902775, 0.128035724163, 0.0798342376947, 0.0709618926048, 0.0817140042782, 0.333640724421],
        "min": [0.0168197117746, 0.00663324818015, 0.0077983783558, 0.0051389709115, 0.0116276368499, 0.0161276590079],
        "stdev": [0.23420111835, 0.119135119021, 0.058500431478, 0.0676658600569, 0.0681385546923, 0.228441461921]
    },
