{
"metadata": {
    "version": {
        "essentia": "2.1-beta5",
        "essentia_git_sha": "Undefined",
        "extractor": "music 2.0"
    },
    "audio_properties": {
        "analysis": {
            "equal_loudness": 0,
            "length": 26.4707489014,
            "sample_rate": 44100,
            "start_time": 159.010253906,
            "downmix": "mix"
        },
        "bit_rate": 192000,
        "length": 185.504211426,
        "lossless": 0,
        "number_channels": 2,
        "replay_gain": -2.4748249054,
        "sample_rate": 44100,
        "codec": "mp3",
        "md5_encoded": "6f7982ca94af95067334eba92ffe90f2"
    },
    "tags": {
        "file_name": "Romania_Dont Break My Heart_Nicola.mp3",
        "encoding": ["Lavf58.29.100"]
    }
},
"lowlevel": {
    "average_loudness": 0.974620997906,
    "barkbands_crest": {
        "max": 24.0098876953,
        "mean": 8.34527015686,
        "min": 2.34593605995,
        "stdev": 3.9318292141
    },
    "barkbands_flatness_db": {
        "max": 0.280349910259,
        "mean": 0.0867294222116,
        "min": 0.018425161019,
        "stdev": 0.0403419993818
    },
    "barkbands_kurtosis": {
        "max": 72.6895141602,
        "mean": 1.34651434422,
        "min": -1.73518311977,
        "stdev": 5.43958330154
    },
    "barkbands_skewness": {
        "max": 5.51636791229,
        "mean": 0.764362335205,
        "min": -2.28618621826,
        "stdev": 0.959639966488
    },
    "barkbands_spread": {
        "max": 79.3388824463,
        "mean": 33.3522186279,
        "min": 1.23906564713,
        "stdev": 14.9575834274
    },
    "dissonance": {
        "max": 0.500000059605,
        "mean": 0.471770733595,
        "min": 0.331020414829,
        "stdev": 0.0255235154182
    },
    "dynamic_complexity": 2.13837099075,
    "erbbands_crest": {
        "max": 31.5457286835,
        "mean": 10.380443573,
        "min": 2.34432864189,
        "stdev": 6.23683404922
    },
    "erbbands_flatness_db": {
        "max": 0.368286401033,
        "mean": 0.140820756555,
        "min": 0.0534438341856,
        "stdev": 0.0473815873265
    },
    "erbbands_kurtosis": {
        "max": 59.0144081116,
        "mean": 1.49906420708,
        "min": -1.54199683666,
        "stdev": 4.27131080627
    },
    "erbbands_skewness": {
        "max": 6.32859039307,
        "mean": 0.178554236889,
        "min": -2.49376296997,
        "stdev": 0.993305385113
    },
    "erbbands_spread": {
        "max": 120.635932922,
        "mean": 37.3365364075,
        "min": 2.04237246513,
        "stdev": 19.6190471649
    },
    "hfc": {
        "max": 157.660964966,
        "mean": 31.0970306396,
        "min": 1.95729680854e-05,
        "stdev": 26.2595672607
    },
    "loudness_ebu128": {
        "integrated": -21.742389679,
        "loudness_range": 1.61560440063,
        "momentary": {
            "max": -18.907377243,
            "mean": -22.3057365417,
            "min": -42.8590393066,
            "stdev": 2.75046372414
        },
        "short_term": {
            "max": -20.6268405914,
            "mean": -21.7927207947,
            "min": -25.8569164276,
            "stdev": 0.960249483585
        }
    },
    "melbands_crest": {
        "max": 31.28332901,
        "mean": 11.2079877853,
        "min": 4.01240348816,
        "stdev": 5.05555057526
    },
    "melbands_flatness_db": {
        "max": 0.31483438611,
        "mean": 0.138590320945,
        "min": 0.0253928396851,
        "stdev": 0.0535960756242
    },
    "melbands_kurtosis": {
        "max": 119.836082458,
        "mean": 6.73787593842,
        "min": -1.69168162346,
        "stdev": 11.7181510925
    },
    "melbands_skewness": {
        "max": 9.38730144501,
        "mean": 1.82178008556,
        "min": -1.3611600399,
        "stdev": 1.37244534492
    },
    "melbands_spread": {
        "max": 127.561439514,
        "mean": 40.0770721436,
        "min": 1.35982346535,
        "stdev": 21.1746101379
    },
    "pitch_salience": {
        "max": 0.838573634624,
        "mean": 0.58235013485,
        "min": 0.199079319835,
        "stdev": 0.123581834137
    },
    "silence_rate_20dB": {
        "max": 1,
        "mean": 1,
        "min": 1,
        "stdev": 0
    },
    "silence_rate_30dB": {
        "max": 1,
        "mean": 1,
        "min": 1,
        "stdev": 0
    },
    "silence_rate_60dB": {
        "max": 1,
        "mean": 0.0569675713778,
        "min": 0,
        "stdev": 0.231779664755
    },
    "spectral_centroid": {
        "max": 4425.08154297,
        "mean": 1903.92224121,
        "min": 547.569580078,
        "stdev": 628.065551758
    },
    "spectral_complexity": {
        "max": 58,
        "mean": 20.5460128784,
        "min": 0,
        "stdev": 11.0762138367
    },
    "spectral_decrease": {
        "max": -3.61287800553e-15,
        "mean": -4.81685447085e-09,
        "min": -1.32075586023e-08,
        "stdev": 2.77555756156e-09
    },
    "spectral_energy": {
        "max": 0.0633457005024,
        "mean": 0.0210005287081,
        "min": 1.54111567952e-08,
        "stdev": 0.0121267838404
    },
    "spectral_energyband_high": {
        "max": 0.0165671221912,
        "mean": 0.00199803011492,
        "min": 4.95524399291e-10,
        "stdev": 0.00269311503507
    },
    "spectral_energyband_low": {
        "max": 0.0389721319079,
        "mean": 0.00496504409239,
        "min": 6.9549699333e-11,
        "stdev": 0.00670950952917
    },
    "spectral_energyband_middle_high": {
        "max": 0.0398527942598,
        "mean": 0.00826581660658,
        "min": 7.1523831302e-09,
        "stdev": 0.00695931445807
    },
    "spectral_energyband_middle_low": {
        "max": 0.0359921045601,
        "mean": 0.00656133471057,
        "min": 7.97864085911e-09,
        "stdev": 0.00486534368247
    },
    "spectral_entropy": {
        "max": 8.53169059753,
        "mean": 7.83804893494,
        "min": 6.51933765411,
        "stdev": 0.366847008467
    },
    "spectral_flux": {
        "max": 0.213603287935,
        "mean": 0.0877263620496,
        "min": 0.000986829516478,
        "stdev": 0.0389885157347
    },
    "spectral_kurtosis": {
        "max": 13.8470039368,
        "mean": 3.18084526062,
        "min": 0.190026044846,
        "stdev": 1.7208275795
    },
    "spectral_rms": {
        "max": 0.00786134134978,
        "mean": 0.00429782411084,
        "min": 3.87753470932e-06,
        "stdev": 0.00142021442298
    },
    "spectral_rolloff": {
        "max": 8074.95117188,
        "mean": 2575.79541016,
        "min": 107.666015625,
        "stdev": 1651.96142578
    },
    "spectral_skewness": {
        "max": 2.75807595253,
        "mean": 1.39998853207,
        "min": 0.339950054884,
        "stdev": 0.363711088896
    },
    "spectral_spread": {
        "max": 11598431,
        "mean": 5623877.5,
        "min": 2672396.25,
        "stdev": 1195211.375
    },
    "spectral_strongpeak": {
        "max": 10.6262083054,
        "mean": 1.56868267059,
        "min": 0,
        "stdev": 1.8584830761
    },
    "zerocrossingrate": {
        "max": 0.2373046875,
        "mean": 0.0967147797346,
        "min": 0.02099609375,
        "stdev": 0.0366015769541
    },
    "barkbands": {
        "max": [0.00126780220307, 0.030038209632, 0.0276908352971, 0.0157786086202, 0.0226460341364, 0.0327259674668, 0.00807012617588, 0.00819972530007, 0.0183159839362, 0.0173149742186, 0.0288433264941, 0.022655852139, 0.0170894060284, 0.0196016188711, 0.0170985795557, 0.0108694024384, 0.010209412314, 0.0106002986431, 0.00741026829928, 0.00318722217344, 0.00599168101326, 0.00395083986223, 0.00322600617073, 0.00241456343792, 0.00173663487658, 0.00190302170813, 0.000177600188181],
        "mean": [0.000182750329259, 0.00244730268605, 0.00178843946196, 0.00109600485303, 0.00189260428306, 0.00119451037608, 0.000552712881472, 0.000564848305658, 0.00074841134483, 0.00141606281977, 0.000947353721131, 0.00094828568399, 0.00117202452384, 0.000744973076507, 0.0006850004429, 0.000443683384219, 0.000653832568787, 0.000749442027882, 0.000590334355365, 0.000379752920708, 0.000495585321914, 0.000405893370043, 0.000297269725706, 0.00027422758285, 0.000199782676646, 0.000123625810375, 5.81384938414e-06],
        "min": [5.44229175614e-11, 3.00184946345e-11, 9.61261625854e-12, 4.80729778901e-12, 4.1903451195e-12, 3.13357326198e-11, 8.36200622634e-11, 1.86631687882e-09, 5.1964095249e-09, 2.01928651578e-09, 1.7364201188e-09, 7.2121886241e-10, 1.24810972668e-09, 4.99400076848e-10, 4.96163665709e-10, 9.85104567364e-11, 2.26261065439e-10, 3.06290159902e-10, 1.54876125813e-10, 1.60197230481e-10, 8.72243666183e-11, 4.90933231567e-11, 6.00242078264e-11, 7.21192064401e-11, 6.44335973465e-11, 6.52756321218e-11, 5.27191623689e-11],
        "stdev": [0.000166165365954, 0.00413748528808, 0.00349112949334, 0.00162745767739, 0.0022704792209, 0.00170236139093, 0.000829525932204, 0.001124709961, 0.0014652851969, 0.00251102307811, 0.0023822740186, 0.00227398029529, 0.00266545522027, 0.00189279916231, 0.00124403776135, 0.000948558328673, 0.00114223500714, 0.0012159695616, 0.000787808967289, 0.000526781950612, 0.000843004789203, 0.0006734469207, 0.00039350555744, 0.000352304952685, 0.000254644837696, 0.000169357197592, 1.29197578644e-05]
    },
    "erbbands": {
        "max": [0.457398116589, 8.31430149078, 29.4214134216, 32.8060150146, 56.631401062, 77.7642822266, 78.2044296265, 391.598419189, 130.884109497, 173.485351562, 225.793060303, 523.784484863, 630.626159668, 830.375427246, 1322.97839355, 1079.94677734, 948.413208008, 974.826477051, 943.575500488, 598.984558105, 515.420227051, 709.064819336, 541.93762207, 397.246368408, 272.603973389, 146.311050415, 241.071487427, 185.918487549, 150.874816895, 120.75541687, 77.0415878296, 61.6697731018, 36.7883605957, 22.1757526398, 12.6478042603, 7.74241018295, 3.60312485695, 0.558769404888, 0.0127921029925, 0.000367442378774],
        "mean": [0.0508463792503, 0.61639803648, 2.03894042969, 3.12436485291, 4.31509590149, 6.80578422546, 8.1886177063, 10.1671066284, 8.34538459778, 10.0010099411, 12.818778038, 16.6490592957, 37.1158256531, 43.9488143921, 37.6128768921, 43.638053894, 56.2583312988, 44.8957901001, 29.2598152161, 36.8845252991, 28.1098175049, 34.6472854614, 39.2248001099, 37.391204834, 23.9813899994, 18.2503490448, 19.1004676819, 19.6066684723, 14.3969860077, 12.0403118134, 8.05459117889, 5.73977375031, 4.43867921829, 2.47502708435, 1.29797708988, 0.57497215271, 0.232396498322, 0.0366736203432, 0.000755151035264, 5.42617672181e-05],
        "min": [1.70672276312e-09, 4.03363431545e-09, 1.00185575391e-08, 1.65704587829e-08, 1.30685267052e-08, 1.08651274644e-08, 2.62366555148e-08, 3.70883896039e-07, 1.43461284097e-06, 8.72110922501e-06, 6.34706084384e-05, 0.000122818455566, 8.15845269244e-05, 7.71865379647e-05, 4.54581240774e-05, 3.79903030989e-05, 5.19057102792e-05, 1.66926201928e-05, 4.32405831816e-05, 1.09986531243e-05, 7.12438122719e-06, 1.44856130646e-05, 1.7622811356e-05, 9.14807969821e-06, 1.05348090074e-05, 7.10535096005e-06, 3.7204383716e-06, 2.90455318464e-06, 1.94376661966e-06, 1.6696435523e-06, 1.54710130573e-06, 1.58697775987e-06, 1.03475861124e-06, 6.56992142467e-07, 5.34733601398e-07, 2.95149959584e-07, 9.92402249267e-08, 3.72220227973e-08, 6.86247947357e-09, 7.98556110126e-10],
        "stdev": [0.0514179095626, 1.16907441616, 4.11611175537, 4.0098824501, 5.54688024521, 8.91839408875, 9.53456878662, 17.4320755005, 11.8823776245, 14.9782543182, 27.7313308716, 33.0456085205, 67.7074584961, 89.9147872925, 85.6261672974, 103.027679443, 128.517730713, 106.387130737, 61.5516242981, 64.7942962646, 50.2788887024, 61.2705497742, 64.2393188477, 49.0440826416, 32.403717041, 23.8107948303, 33.9393959045, 31.1093215942, 23.8331699371, 19.5394001007, 10.043264389, 7.17213249207, 6.04850816727, 3.20234656334, 1.69454753399, 0.767936527729, 0.32372200489, 0.0597433559597, 0.00123660615645, 4.81325951114e-05]
    },
    "gfcc": {
        "mean": [28.3064994812, 47.8290176392, -115.280632019, 30.2227153778, -58.4561042786, 21.7741928101, -37.556842804, 14.8755407333, -31.6000213623, 5.22675228119, -19.3954429626, 8.58204555511, -15.5606136322],
        "cov": [[4805.44042969, -224.972351074, 560.529968262, 819.784179688, 81.1404876709, -196.826141357, -372.122192383, -163.969329834, -112.841453552, 86.7940139771, 5.58664941788, 86.5388031006, 18.2306289673], [-224.972351074, 704.166748047, 183.811431885, 77.2261047363, 171.542831421, 13.5051040649, 3.91900396347, -64.2007369995, -42.2534751892, -28.1126613617, 47.6363105774, -48.8515586853, -40.0544548035], [560.529968262, 183.811431885, 642.898132324, 287.952697754, 24.7498817444, -48.1630821228, -104.860939026, -30.3063087463, -38.5860137939, 21.1661224365, 5.96906375885, -2.06233000755, -33.5942115784], [819.784179688, 77.2261047363, 287.952697754, 512.142883301, 130.969802856, -119.606674194, -126.446090698, -27.8103694916, 12.1459054947, 5.71037769318, -5.68850564957, -6.32383871078, -5.46602916718], [81.1404876709, 171.542831421, 24.7498817444, 130.969802856, 333.800048828, 51.4571609497, -71.5410308838, -31.6813659668, -14.9307260513, 9.85777378082, 25.1745967865, -5.92352104187, -28.1991462708], [-196.826141357, 13.5051040649, -48.1630821228, -119.606674194, 51.4571609497, 209.567169189, 118.620109558, -36.4400253296, -32.1531944275, 16.4685058594, 26.2959480286, -18.5607223511, -40.1585769653], [-372.122192383, 3.91900396347, -104.860939026, -126.446090698, -71.5410308838, 118.620109558, 225.675064087, 45.8069267273, -15.1612682343, -11.4285888672, 6.37146139145, -23.8724746704, -26.8069515228], [-163.969329834, -64.2007369995, -30.3063087463, -27.8103694916, -31.6813659668, -36.4400253296, 45.8069267273, 139.243637085, 66.5362243652, -27.8969364166, -34.3759498596, 5.47735548019, 26.012090683], [-112.841453552, -42.2534751892, -38.5860137939, 12.1459054947, -14.9307260513, -32.1531944275, -15.1612682343, 66.5362243652, 118.819244385, 28.4817886353, -27.8683376312, -2.31922578812, 23.838804245], [86.7940139771, -28.1126613617, 21.1661224365, 5.71037769318, 9.85777378082, 16.4685058594, -11.4285888672, -27.8969364166, 28.4817886353, 105.587249756, 51.1738433838, 3.53243207932, -8.31759166718], [5.58664941788, 47.6363105774, 5.96906375885, -5.68850564957, 25.1745967865, 26.2959480286, 6.37146139145, -34.3759498596, -27.8683376312, 51.1738433838, 104.459999084, 37.9973907471, -14.4497537613], [86.5388031006, -48.8515586853, -2.06233000755, -6.32383871078, -5.92352104187, -18.5607223511, -23.8724746704, 5.47735548019, -2.31922578812, 3.53243207932, 37.9973907471, 89.2915496826, 38.10912323], [18.2306289673, -40.0544548035, -33.5942115784, -5.46602916718, -28.1991462708, -40.1585769653, -26.8069515228, 26.012090683, 23.838804245, -8.31759166718, -14.4497537613, 38.10912323, 79.5842208862]],
        "icov": [[0.000401614553994, -0.000101768047898, 0.000250634155236, -0.000897599675227, 0.000557409715839, -0.000684484490193, 0.00092147133546, -0.000732704182155, 0.0013662413694, -0.00119118392467, 0.000983964768238, -0.000792495964561, 0.000327316054609], [-0.000101768047898, 0.00352024566382, -0.00236196373589, 0.00202421983704, -0.00346220191568, 0.00377264618874, -0.00407484732568, 0.00530235376209, -0.00475990818813, 0.0056490288116, -0.0054193851538, 0.00428387708962, -0.00251080398448], [0.000250634155236, -0.00236196373589, 0.00442797457799, -0.00362965255044, 0.00380986998789, -0.00452472735196, 0.00530737359077, -0.0061418954283, 0.00641636596993, -0.00595912197605, 0.0049387360923, -0.00371884624474, 0.00336833228357], [-0.000897599675227, 0.00202421983704, -0.00362965255044, 0.00711596990004, -0.00527516519651, 0.00695314537734, -0.00584882125258, 0.00706068240106, -0.00775420153514, 0.00657749222592, -0.00529851857573, 0.0043536783196, -0.00249412097037], [0.000557409715839, -0.00346220191568, 0.00380986998789, -0.00527516519651, 0.00946252606809, -0.00914057251066, 0.00951877981424, -0.00908425822854, 0.00803277920932, -0.00689938291907, 0.00521740829572, -0.00443684868515, 0.00423634471372], [-0.000684484490193, 0.00377264618874, -0.00452472735196, 0.00695314537734, -0.00914057251066, 0.0184205062687, -0.0147038670257, 0.0139766894281, -0.0101732555777, 0.00777499144897, -0.00662859110162, 0.00487347319722, -0.00251897098497], [0.00092147133546, -0.00407484732568, 0.00530737359077, -0.00584882125258, 0.00951877981424, -0.0147038670257, 0.0198352895677, -0.0166681390256, 0.0134021779522, -0.00956901628524, 0.00637671584263, -0.0039254934527, 0.00568203488365], [-0.000732704182155, 0.00530235376209, -0.0061418954283, 0.00706068240106, -0.00908425822854, 0.0139766894281, -0.0166681390256, 0.0284031387419, -0.0219673123211, 0.0172796845436, -0.00997908040881, 0.00587064214051, -0.0065722768195], [0.0013662413694, -0.00475990818813, 0.00641636596993, -0.00775420153514, 0.00803277920932, -0.0101732555777, 0.0134021779522, -0.0219673123211, 0.0317869670689, -0.0231300666928, 0.0172924622893, -0.00833369418979, 0.00406586006284], [-0.00119118392467, 0.0056490288116, -0.00595912197605, 0.00657749222592, -0.00689938291907, 0.00777499144897, -0.00956901628524, 0.0172796845436, -0.0231300666928, 0.0324614457786, -0.0235637612641, 0.0130498008803, -0.00654637580737], [0.000983964768238, -0.0054193851538, 0.0049387360923, -0.00529851857573, 0.00521740829572, -0.00662859110162, 0.00637671584263, -0.00997908040881, 0.0172924622893, -0.0235637612641, 0.0331476069987, -0.0201980546117, 0.010729143396], [-0.000792495964561, 0.00428387708962, -0.00371884624474, 0.0043536783196, -0.00443684868515, 0.00487347319722, -0.0039254934527, 0.00587064214051, -0.00833369418979, 0.0130498008803, -0.0201980546117, 0.0278673283756, -0.0144386440516], [0.000327316054609, -0.00251080398448, 0.00336833228357, -0.00249412097037, 0.00423634471372, -0.00251897098497, 0.00568203488365, -0.0065722768195, 0.00406586006284, -0.00654637580737, 0.010729143396, -0.0144386440516, 0.0237291939557]]
    },
    "melbands": {
        "max": [0.00621586758643, 0.0110922846943, 0.00509433960542, 0.00576763181016, 0.00264409859665, 0.00768131762743, 0.00190695631318, 0.00169333105441, 0.00183269567788, 0.00353600457311, 0.00313048111275, 0.00330707710236, 0.0044979644008, 0.00201386935078, 0.00217596162111, 0.00169596134219, 0.00221485248767, 0.00129445153289, 0.000883729662746, 0.000922698352952, 0.000577750150114, 0.000900194281712, 0.000834840699099, 0.000380585406674, 0.000392862857552, 0.00029974678182, 0.000126017621369, 0.000105587947473, 0.00013588751608, 0.00013961539662, 0.000108967964479, 7.74912477937e-05, 9.9688062619e-05, 6.51658483548e-05, 4.72487008665e-05, 3.588110485e-05, 3.75885683752e-05, 3.06640758936e-05, 1.92318620975e-05, 1.97357967409e-05],
        "mean": [0.000572132412344, 0.00099340674933, 0.00056920159841, 0.000387734471587, 0.000311927462462, 0.000228766468354, 0.000124308600789, 0.000115127128083, 0.000103255726572, 0.000108204018034, 0.000186140474398, 0.000177220936166, 0.000133653840749, 0.000110046225018, 0.000117234798381, 0.000108846514195, 8.03309230832e-05, 4.41552656412e-05, 4.8025030992e-05, 3.84203085559e-05, 3.3713378798e-05, 3.48632238456e-05, 4.17603660026e-05, 3.24503780575e-05, 3.02915686916e-05, 2.05892101803e-05, 1.2819933545e-05, 1.16133414849e-05, 1.17870558825e-05, 1.19761989481e-05, 1.137601339e-05, 7.87885164755e-06, 7.74619093136e-06, 6.33099170955e-06, 4.91848868478e-06, 3.60691797141e-06, 3.38395238941e-06, 3.34566630045e-06, 2.4232413125e-06, 1.9886872451e-06],
        "min": [1.44040959715e-11, 5.16415035734e-12, 2.66945797064e-12, 7.96822406234e-13, 7.14392791885e-13, 9.00396250614e-12, 1.83371581808e-11, 1.44871781238e-10, 6.06233729883e-10, 7.6212591793e-10, 3.7863270852e-10, 3.01412811377e-10, 1.85356577309e-10, 7.29239099662e-11, 1.79461293048e-10, 6.69851812907e-11, 2.45891501605e-11, 7.91713569703e-11, 2.41303262094e-11, 7.03201559482e-12, 8.10803334195e-12, 1.69497783864e-11, 1.13335426113e-11, 1.50045028485e-11, 6.57881865304e-12, 6.7519722452e-12, 8.2322083178e-12, 3.5753826115e-12, 2.09231850595e-12, 2.12679678556e-12, 1.50377453545e-12, 1.1207108375e-12, 8.72004616952e-13, 1.07486437285e-12, 8.51622537681e-13, 9.68054087412e-13, 9.6871154761e-13, 6.82287451363e-13, 6.97843638344e-13, 5.09938228796e-13],
        "stdev": [0.00077852740651, 0.00179544778075, 0.000672314839903, 0.000482144765556, 0.000356864882633, 0.000361062324373, 0.000173893407919, 0.000176232555532, 0.000218658562517, 0.000221474954742, 0.000343115592841, 0.000374906609068, 0.000338195153745, 0.000248746044235, 0.00025723685394, 0.000246579176746, 0.0002098648838, 0.000105692110083, 8.76044505276e-05, 7.49987957533e-05, 6.5515479946e-05, 7.09971573087e-05, 8.3507358795e-05, 4.69239166705e-05, 4.33395871369e-05, 3.14855788019e-05, 1.78861646418e-05, 1.56688183779e-05, 2.11525293707e-05, 2.0909930754e-05, 1.79810158443e-05, 1.22653518702e-05, 1.5259383872e-05, 9.74565045908e-06, 6.18226840743e-06, 4.50837296739e-06, 4.37524658992e-06, 4.87321540277e-06, 3.01549539472e-06, 2.69000793196e-06]
    },
    "melbands128": {
        "max": [0.000703218567651, 0.0020962532144, 0.00961185246706, 0.0177875570953, 0.0162706114352, 0.0117604527622, 0.00746997306123, 0.00873291213065, 0.00607641972601, 0.00867797154933, 0.004524435848, 0.00389226619154, 0.00334937684238, 0.00559545308352, 0.0141099216416, 0.00487375026569, 0.00357418321073, 0.0030798916705, 0.00240834872238, 0.00317359832115, 0.0020594894886, 0.00281548453495, 0.00211837072857, 0.00189607322682, 0.00605877116323, 0.00643637264147, 0.0042232805863, 0.00572306895629, 0.00497971475124, 0.00506882136688, 0.00677153654397, 0.00631055934355, 0.00781631469727, 0.00570871029049, 0.00412123743445, 0.00397276412696, 0.00689832726493, 0.00441061193123, 0.00487757567316, 0.00494157569483, 0.00226973043755, 0.00487012416124, 0.00251171248965, 0.00391111662611, 0.00260060303845, 0.00141094380524, 0.00415559252724, 0.00200189650059, 0.00127482612152, 0.00211473414674, 0.00117737893015, 0.00200921646319, 0.0009714847547, 0.00122575671412, 0.00137967278715, 0.0019384942716, 0.000894256692845, 0.00204003765248, 0.00177453365177, 0.000914005620871, 0.000649104302283, 0.000830769480672, 0.000820137269329, 0.00102075515315, 0.000682256417349, 0.000466389174107, 0.0002483559947, 0.000231482539675, 9.71050685621e-05, 0.000188967154827, 0.000168207639945, 0.000179620954441, 0.000168438462424, 0.000158618247951, 0.000246765994234, 0.000190957231098, 0.000158959941473, 0.000143635319546, 0.000150456937263, 0.000130415282911, 6.65775150992e-05, 0.000140531774377, 0.000133883819217, 0.000135829686769, 8.0798396084e-05, 8.96920755622e-05, 6.68247084832e-05, 5.50251388631e-05, 5.21508409292e-05, 6.68089924147e-05, 5.89101364312e-05, 3.10523646476e-05, 5.2107272495e-05, 3.98815463996e-05, 3.45177286363e-05, 6.16950565018e-05, 4.58986651211e-05, 3.13470955007e-05, 2.99236562569e-05, 2.22673206736e-05, 2.54369097092e-05, 2.70633463515e-05, 2.38464144786e-05, 2.45374394581e-05, 1.35273812703e-05, 2.26726970141e-05, 1.94519961951e-05, 1.96527471417e-05, 1.28785368361e-05, 1.76119447133e-05, 7.20734487913e-06, 1.01225741673e-05, 1.30557136799e-05, 1.58126695169e-05, 8.70977692102e-06, 9.49914920056e-06, 7.82390634413e-06, 6.04961769568e-08, 2.3863764298e-08, 2.283495526e-08, 2.2184142523e-08, 2.16212594495e-08, 2.11696136176e-08, 2.08069295127e-08, 2.04690131511e-08, 2.02700771723e-08, 2.01562908586e-08, 2.00389465022e-08],
        "mean": [0.000106903411506, 0.000341144797858, 0.000694585032761, 0.00114433770068, 0.0011260866886, 0.000826472765766, 0.000650644768029, 0.000504997326061, 0.000429102306953, 0.000351639202563, 0.000384572835173, 0.000396749761421, 0.000241164307226, 0.000288513459964, 0.000240826615482, 0.000204626107006, 0.000155079935212, 9.98646501102e-05, 9.46906511672e-05, 0.000117589101137, 0.000115391121653, 0.000136134942295, 8.08208715171e-05, 0.000100319739431, 0.000109102133138, 8.39582280605e-05, 0.000174124812474, 0.000228999706451, 0.000149158731801, 0.000209631965845, 0.000166180616361, 0.000155936199008, 0.000159212868311, 8.78264545463e-05, 9.40573809203e-05, 0.000128902393044, 0.000129087915411, 6.34165480733e-05, 0.000162411131896, 0.000151807747898, 5.7960547565e-05, 0.000117724084703, 8.53152378113e-05, 6.76444906276e-05, 3.78611730412e-05, 4.05454047723e-05, 5.4321189964e-05, 2.63486163021e-05, 6.1451770307e-05, 6.6981643613e-05, 2.26876636589e-05, 2.63013189397e-05, 2.87779421342e-05, 4.0261696995e-05, 4.04677593906e-05, 3.40129045071e-05, 2.34349008679e-05, 5.17755179317e-05, 4.86728349642e-05, 2.58484469668e-05, 3.13567543344e-05, 3.28400965373e-05, 4.10715292674e-05, 2.48618471232e-05, 2.24533905566e-05, 2.33724749705e-05, 1.75819932338e-05, 1.28946703626e-05, 1.00980923889e-05, 1.61508487508e-05, 9.28985082282e-06, 1.12160641947e-05, 1.32722707349e-05, 1.09463562694e-05, 1.12604884634e-05, 1.28234178192e-05, 1.19171500046e-05, 1.08020958578e-05, 1.26907634694e-05, 1.07292999019e-05, 6.66997357257e-06, 7.73437568569e-06, 7.97179745859e-06, 8.33367539599e-06, 6.83009602653e-06, 6.58141198073e-06, 6.14202872384e-06, 5.60973694519e-06, 5.23984454048e-06, 4.12524832427e-06, 3.57265093953e-06, 3.20079038829e-06, 4.21647064286e-06, 2.95716927212e-06, 3.23065705743e-06, 3.7243917177e-06, 3.48789967575e-06, 2.7195446819e-06, 2.58009572462e-06, 2.08974756788e-06, 2.05035894396e-06, 2.0315301299e-06, 1.93492360268e-06, 1.45195315326e-06, 1.41981774959e-06, 1.49334437083e-06, 1.16071885259e-06, 9.14103623018e-07, 9.57199972618e-07, 1.02955345938e-06, 8.47624676226e-07, 6.16553450072e-07, 8.70797009611e-07, 7.45838860894e-07, 5.03899400428e-07, 4.24278965738e-07, 2.4124571496e-07, 7.42739203474e-10, 3.85794417246e-11, 2.36004618626e-11, 2.29013943226e-11, 2.23194449034e-11, 2.1828559793e-11, 2.14310947461e-11, 2.10935158229e-11, 2.08990290351e-11, 2.07862269064e-11, 2.06432024252e-11],
        "min": [2.65094821095e-11, 1.85122906587e-11, 9.6094321736e-12, 5.93338832927e-12, 5.02405929359e-12, 4.77854431372e-12, 3.75929062185e-12, 1.82241201296e-12, 1.34698458984e-12, 6.8170675268e-13, 4.03899597145e-13, 9.42040391007e-13, 6.17164034721e-13, 5.21921806988e-13, 4.22525686314e-12, 1.46093640657e-11, 2.56691994049e-11, 2.04456781366e-11, 6.28359343724e-12, 4.07960817905e-11, 2.17438650418e-10, 4.45464554133e-10, 5.9770849381e-10, 8.28299429045e-10, 9.75782676882e-10, 6.30620500264e-10, 5.24397913981e-10, 3.79304782028e-10, 2.6183272217e-10, 1.7244419781e-10, 4.26215257532e-10, 3.31227628658e-10, 1.22748797238e-10, 1.38979605602e-10, 8.22978699078e-11, 4.57312902824e-11, 5.21547353916e-11, 2.51796222761e-10, 2.27859245361e-10, 5.82871667598e-11, 6.16486930949e-11, 8.66379711029e-12, 2.24411288163e-11, 1.88537692403e-11, 7.24654988793e-11, 1.24279822544e-10, 4.22884817441e-11, 2.2966050936e-11, 1.56958092357e-11, 9.18095720975e-12, 5.20858313077e-12, 5.98653418504e-12, 6.96467276212e-12, 8.55515484843e-12, 1.17696390828e-11, 2.64645701187e-11, 1.3051126152e-11, 1.62337927389e-12, 9.91030087855e-12, 3.21503379475e-11, 7.9686699947e-12, 1.36812800672e-11, 7.99996267148e-12, 3.40499612013e-12, 4.86818571566e-12, 7.05522662861e-12, 8.04526670978e-12, 9.24850647455e-12, 8.0426342669e-12, 6.10618630312e-12, 5.33073021489e-12, 9.80335387521e-13, 1.16404488045e-12, 3.13886980643e-12, 1.91644009689e-12, 2.38862640604e-12, 2.015644162e-12, 1.78533815336e-12, 1.50224960509e-12, 9.84609963006e-13, 1.50305039682e-12, 9.7896235389e-13, 7.81099523169e-13, 1.28921623811e-12, 3.71631653402e-13, 7.17306964694e-13, 1.54715584962e-12, 1.32656212404e-12, 5.1604358807e-13, 8.71543234717e-13, 7.88728294916e-13, 1.17942439669e-12, 9.01961773499e-13, 1.235472228e-12, 7.08333185943e-13, 6.35324529531e-13, 6.81957257592e-13, 6.88356327234e-13, 9.24735006451e-13, 5.84441674743e-13, 4.01014264113e-13, 5.91341754209e-13, 4.58138897912e-13, 5.09188828254e-13, 6.94087528338e-13, 5.45999009893e-13, 7.29907020242e-13, 8.91980716719e-13, 4.93378829545e-13, 2.49710354391e-13, 2.93528710452e-13, 2.41666875313e-13, 3.38410885686e-13, 2.59817883354e-13, 4.892492661e-13, 3.59754814914e-13, 3.16492952722e-13, 1.72091209555e-13, 9.70975822532e-14, 1.47286927121e-13, 2.35903907086e-13, 3.22817646095e-13, 2.44201441837e-13, 2.1115742618e-13, 1.98931162884e-13, 2.58405140818e-13, 1.64240271231e-13, 2.19052762583e-13],
        "stdev": [0.000135534181027, 0.000348889268935, 0.000976281764451, 0.00246493588202, 0.00254418049008, 0.00146883714478, 0.00090504786931, 0.000790778663941, 0.00063044053968, 0.000639220234007, 0.000566362170503, 0.000610758084804, 0.000348730420228, 0.000464312121039, 0.000571394572034, 0.000373560935259, 0.000271459080977, 0.000210480517126, 0.000196465829504, 0.000227203621762, 0.000216427870328, 0.000390072789742, 0.00021798229136, 0.000218708868488, 0.000291704927804, 0.000308315065922, 0.000440483709099, 0.000543072645087, 0.000361412385246, 0.000528770207893, 0.000547429372091, 0.000475460459711, 0.000568994320929, 0.000290837109787, 0.000272184144706, 0.000414989393903, 0.000490787322633, 0.000247360032517, 0.000490793434437, 0.000514864397701, 0.000195573171368, 0.000485611031763, 0.000278109888313, 0.000266602903139, 0.000177557623829, 0.000123722624267, 0.000216999324039, 9.40615645959e-05, 0.000155204936163, 0.000167966354638, 7.73693900555e-05, 0.000108344960609, 8.61810767674e-05, 0.000110750304884, 9.33002884267e-05, 0.000127472827444, 6.54065297567e-05, 0.000129197534989, 0.000153629414854, 7.40739124012e-05, 6.43927269266e-05, 6.47161432425e-05, 7.81048875069e-05, 6.23059677309e-05, 4.68723701488e-05, 4.66660203529e-05, 2.83805093204e-05, 2.54387723544e-05, 1.60601994139e-05, 2.32446218433e-05, 1.37610823003e-05, 1.98347279365e-05, 2.37694566749e-05, 2.17058623093e-05, 2.64951813733e-05, 2.42988589889e-05, 2.14216270251e-05, 1.91764211195e-05, 2.24056930165e-05, 1.68894366652e-05, 1.04483233372e-05, 1.55821744556e-05, 1.67581183632e-05, 1.98678135348e-05, 1.18581756396e-05, 1.13201112981e-05, 1.01938212538e-05, 8.46665625431e-06, 6.97072437106e-06, 5.75024114369e-06, 5.18116212334e-06, 4.60743240183e-06, 5.56910981686e-06, 4.276054824e-06, 4.7557259677e-06, 6.63692708258e-06, 5.5911950767e-06, 3.84562054023e-06, 3.30671355186e-06, 2.76774380836e-06, 3.02897365145e-06, 3.04348873215e-06, 2.82366477222e-06, 1.99947521651e-06, 1.98299380827e-06, 2.37128892877e-06, 1.65358869708e-06, 1.48881247242e-06, 1.43333181768e-06, 1.56912801685e-06, 1.1134786746e-06, 9.00163627193e-07, 1.39062046856e-06, 1.18508751257e-06, 7.52272740101e-07, 8.23582979592e-07, 5.61994909276e-07, 4.08317069045e-09, 7.37832295261e-10, 6.75630884572e-10, 6.56372511898e-10, 6.39721609019e-10, 6.2635679976e-10, 6.15627437917e-10, 6.05629602024e-10, 5.99742921992e-10, 5.96375615558e-10, 5.92903726115e-10]
    },
    "mfcc": {
        "mean": [-617.69720459, 84.1434020996, 0.83244073391, 16.2290420532, 2.80978560448, 4.64400625229, 4.15295791626, 8.14210891724, -1.53757739067, -1.24918961525, 0.373431742191, -1.60622906685, -3.85771298409],
        "cov": [[4522.57080078, -545.780700684, 379.488830566, 694.359558105, 275.02142334, 17.785118103, -163.523849487, -209.365814209, -113.447105408, -158.710723877, -111.265068054, 21.8390159607, 48.4464645386], [-545.780700684, 653.766601562, 36.1770820618, -23.243062973, 95.5399627686, 70.6168060303, 93.8949050903, 12.5627803802, -77.8907928467, 21.9678153992, 32.1731910706, -41.6674919128, -27.2291049957], [379.488830566, 36.1770820618, 552.929077148, 211.418304443, 37.8087768555, 7.59730005264, -8.26332092285, -53.4323806763, -51.6586723328, -5.62037611008, -14.8931913376, -0.883040249348, 19.8277072906], [694.359558105, -23.243062973, 211.418304443, 527.187194824, 249.118087769, -19.2786865234, -69.2208251953, -55.4209480286, -29.8882980347, -36.7564582825, -27.6641807556, 17.7764759064, 20.8272647858], [275.02142334, 95.5399627686, 37.8087768555, 249.118087769, 383.82989502, 47.5544090271, -46.8721656799, -45.2218017578, -37.7190513611, -28.2959747314, -16.5414791107, -1.22674798965, 11.5586423874], [17.785118103, 70.6168060303, 7.59730005264, -19.2786865234, 47.5544090271, 203.385986328, 93.2015380859, -17.4093265533, -57.4224777222, 14.6410770416, 36.5592308044, 1.58704197407, 1.07789695263], [-163.523849487, 93.8949050903, -8.26332092285, -69.2208251953, -46.8721656799, 93.2015380859, 183.015914917, 47.5760879517, -45.3264312744, 13.5382452011, 35.0745506287, -7.70758914948, -4.33965873718], [-209.365814209, 12.5627803802, -53.4323806763, -55.4209480286, -45.2218017578, -17.4093265533, 47.5760879517, 133.726043701, 54.6481895447, -0.573810756207, 1.97683084011, -1.83981287479, -11.367603302], [-113.447105408, -77.8907928467, -51.6586723328, -29.8882980347, -37.7190513611, -57.4224777222, -45.3264312744, 54.6481895447, 146.037338257, 38.9249649048, -12.4304933548, 2.56900954247, -17.2473182678], [-158.710723877, 21.9678153992, -5.62037611008, -36.7564582825, -28.2959747314, 14.6410770416, 13.5382452011, -0.573810756207, 38.9249649048, 93.7872619629, 42.7193908691, -13.1182861328, -8.97600650787], [-111.265068054, 32.1731910706, -14.8931913376, -27.6641807556, -16.5414791107, 36.5592308044, 35.0745506287, 1.97683084011, -12.4304933548, 42.7193908691, 81.9899902344, 22.1028995514, -2.9875664711], [21.8390159607, -41.6674919128, -0.883040249348, 17.7764759064, -1.22674798965, 1.58704197407, -7.70758914948, -1.83981287479, 2.56900954247, -13.1182861328, 22.1028995514, 75.4067230225, 28.2033233643], [48.4464645386, -27.2291049957, 19.8277072906, 20.8272647858, 11.5586423874, 1.07789695263, -4.33965873718, -11.367603302, -17.2473182678, -8.97600650787, -2.9875664711, 28.2033233643, 67.6493225098]],
        "icov": [[0.000349445705069, 0.000296291924315, -7.70611004555e-05, -0.000375256408006, 2.18590957957e-05, -0.00017629750073, 2.18007171497e-05, 0.000294478581054, 5.52967030671e-05, 0.000399430660764, 2.95390782412e-05, 0.000208005236345, 3.87613763451e-05], [0.000296291924315, 0.00226580677554, -0.000289109826554, 0.00010516688053, -0.000879490049556, 8.79464350874e-05, -0.00061596283922, -0.00034814645187, 0.00131218926981, -0.000515201594681, -0.000130463129608, 0.000659396406263, 0.000788540754002], [-7.70611004555e-05, -0.000289109826554, 0.00238911574706, -0.00115492835175, 0.000741377298255, -0.000127408537082, -1.5184032236e-05, 0.00030921085272, 0.000652900198475, -0.000793733051978, 0.000777764827944, -7.24248238839e-05, -0.000353824318154], [-0.000375256408006, 0.00010516688053, -0.00115492835175, 0.00405015377328, -0.00243215332739, 0.00104487326462, -5.86739915889e-05, -8.35368045955e-05, 9.4641240139e-05, -0.000237431959249, 9.77595991571e-05, -0.00102156901266, 0.000206596421776], [2.18590957957e-05, -0.000879490049556, 0.000741377298255, -0.00243215332739, 0.00487299915403, -0.00196237233467, 0.00170331785921, 0.000167176345713, -5.88488146605e-05, 0.000880710431375, 0.000109559630801, 0.000781328883022, -0.000721185584553], [-0.00017629750073, 8.79464350874e-05, -0.000127408537082, 0.00104487326462, -0.00196237233467, 0.00821717083454, -0.00436797132716, 0.00164464151021, 0.00111920922063, -0.00116174179129, -0.00115125312004, -0.000854563317262, 0.000514460727572], [2.18007171497e-05, -0.00061596283922, -1.5184032236e-05, -5.86739915889e-05, 0.00170331785921, -0.00436797132716, 0.0113428086042, -0.0057863839902, 0.00446444330737, -0.00175868766382, -0.000743278709706, 0.000595887657255, -8.35387691041e-05], [0.000294478581054, -0.00034814645187, 0.00030921085272, -8.35368045955e-05, 0.000167176345713, 0.00164464151021, -0.0057863839902, 0.0137725481763, -0.00818957947195, 0.006292860955, -0.00308476155624, 0.00202018138953, -0.000759027607273], [5.52967030671e-05, 0.00131218926981, 0.000652900198475, 9.4641240139e-05, -5.88488146605e-05, 0.00111920922063, 0.00446444330737, -0.00818957947195, 0.0174802541733, -0.0125613734126, 0.00853184610605, -0.0061954264529, 0.0049201361835], [0.000399430660764, -0.000515201594681, -0.000793733051978, -0.000237431959249, 0.000880710431375, -0.00116174179129, -0.00175868766382, 0.006292860955, -0.0125613734126, 0.0261139776558, -0.0169052686542, 0.0112932939082, -0.00456746993586], [2.95390782412e-05, -0.000130463129608, 0.000777764827944, 9.77595991571e-05, 0.000109559630801, -0.00115125312004, -0.000743278709706, -0.00308476155624, 0.00853184610605, -0.0169052686542, 0.0274060256779, -0.013714437373, 0.00596194481477], [0.000208005236345, 0.000659396406263, -7.24248238839e-05, -0.00102156901266, 0.000781328883022, -0.000854563317262, 0.000595887657255, 0.00202018138953, -0.0061954264529, 0.0112932939082, -0.013714437373, 0.0238526947796, -0.00992106180638], [3.87613763451e-05, 0.000788540754002, -0.000353824318154, 0.000206596421776, -0.000721185584553, 0.000514460727572, -8.35387691041e-05, -0.000759027607273, 0.0049201361835, -0.00456746993586, 0.00596194481477, -0.00992106180638, 0.0201417654753]]
    },
    "spectral_contrast_coeffs": {
        "max": [-0.520359814167, -0.514659583569, -0.454701811075, -0.538350462914, -0.59865039587, -0.648000955582],
        "mean": [-0.727510690689, -0.769338607788, -0.731727600098, -0.755315423012, -0.772328853607, -0.773077130318],
        "min": [-0.917915582657, -0.92042773962, -0.919966757298, -0.915054142475, -0.906293094158, -0.899166226387],
        "stdev": [0.0600599013269, 0.0571781285107, 0.0818876251578, 0.0751010328531, 0.05333802104, 0.0387819595635]
    },
    "spectral_contrast_valleys": {
        "max": [-5.34215164185, -4.97994470596, -5.27174282074, -5.92109251022, -5.53420734406, -7.73163366318],
        "mean": [-6.90029907227, -6.91117143631, -7.39437484741, -7.67360973358, -7.29532432556, -9.39761638641],
        "min": [-15.4258956909, -13.4821739197, -12.7092094421, -13.6534061432, -14.0106830597, -16.2691135406],
        "stdev": [0.999787211418, 0.734404981136, 0.669231832027, 0.642203748226, 0.839362919331, 0.818369626999]
    }
},
"rhythm": {
    "beats_count": 36,
    "beats_loudness": {
        "max": 0.0490162223577,
        "mean": 0.0289258528501,
        "min": 0.00482590170577,
        "stdev": 0.010537984781
    },
    "bpm": 83.4223480225,
    "bpm_histogram_first_peak_bpm": 83,
    "bpm_histogram_first_peak_weight": 0.5,
    "bpm_histogram_second_peak_bpm": 89,
    "bpm_histogram_second_peak_spread": 0.666666686535,
    "bpm_histogram_second_peak_weight": 0.0285714287311,
    "danceability": 1.3810133934,
    "onset_rate": 5.17325496674,
    "beats_loudness_band_ratio": {
        "max": [0.597610533237, 0.434456676245, 0.338386029005, 0.866921782494, 0.328505277634, 0.433377444744],
        "mean": [0.116495847702, 0.0965444892645, 0.167990267277, 0.265624135733, 0.128566622734, 0.252667576075],
        "min": [0.00451858527958, 0.000514803046826, 0.0115351649001, 0.0201138108969, 0.0226164720953, 0.0113271512091],
        "stdev": [0.120688721538, 0.0955003499985, 0.0768506675959, 0.208927437663, 0.074880823493, 0.117071382701]
    },
    "beats_position": [0.638548731804, 1.28870749474, 1.95047616959, 2.62385487556, 3.34367346764, 4.04027223587, 4.76009082794, 5.47990942001, 6.18811798096, 6.8963265419, 7.61614513397, 8.33596324921, 9.04417228699, 9.75238037109, 10.47219944, 11.1920175552, 11.9118366241, 12.6200447083, 13.328253746, 14.0480718613, 14.7678909302, 15.4760990143, 16.1843090057, 16.904127121, 17.6239452362, 18.3321533203, 19.0403633118, 19.760181427, 20.4799995422, 21.1998176575, 21.9196376801, 22.6626758575, 23.4173240662, 24.1603622437, 24.9034004211, 25.6464385986],
