{
"metadata": {
    "version": {
        "essentia": "2.1-beta5",
        "essentia_git_sha": "Undefined",
        "extractor": "music 2.0"
    },
    "audio_properties": {
        "analysis": {
            "equal_loudness": 0,
            "length": 117.249160767,
            "sample_rate": 44100,
            "start_time": 12.7477550507,
            "downmix": "mix"
        },
        "bit_rate": 192000,
        "length": 191.285995483,
        "lossless": 0,
        "number_channels": 2,
        "replay_gain": -6.75728988647,
        "sample_rate": 48000,
        "codec": "mp3",
        "md5_encoded": "4138fab9380b2d5c9bd93903f76a5faa"
    },
    "tags": {
        "file_name": "Malta_To Dream Again_Lynn Chirchop.mp3",
        "encoding": ["Lavf58.29.100"]
    }
},
"lowlevel": {
    "average_loudness": 0.948895514011,
    "barkbands_crest": {
        "max": 24.549747467,
        "mean": 8.90405845642,
        "min": 2.48069620132,
        "stdev": 3.89044833183
    },
    "barkbands_flatness_db": {
        "max": 0.318359047174,
        "mean": 0.143582284451,
        "min": 0.0624407120049,
        "stdev": 0.034199219197
    },
    "barkbands_kurtosis": {
        "max": 79.9633636475,
        "mean": 2.0402264595,
        "min": -1.90712082386,
        "stdev": 6.01631069183
    },
    "barkbands_skewness": {
        "max": 8.25851249695,
        "mean": 1.12275004387,
        "min": -2.04685640335,
        "stdev": 1.14182901382
    },
    "barkbands_spread": {
        "max": 99.0657424927,
        "mean": 28.0096492767,
        "min": 2.77754664421,
        "stdev": 12.8524332047
    },
    "dissonance": {
        "max": 0.500000059605,
        "mean": 0.475488305092,
        "min": 0.31235691905,
        "stdev": 0.0160239692777
    },
    "dynamic_complexity": 1.77488708496,
    "erbbands_crest": {
        "max": 28.136964798,
        "mean": 8.29969024658,
        "min": 2.30775165558,
        "stdev": 3.68165183067
    },
    "erbbands_flatness_db": {
        "max": 0.349181830883,
        "mean": 0.166091993451,
        "min": 0.080335944891,
        "stdev": 0.0364919565618
    },
    "erbbands_kurtosis": {
        "max": 17.3018569946,
        "mean": 0.0995918437839,
        "min": -1.84409606457,
        "stdev": 1.37724661827
    },
    "erbbands_skewness": {
        "max": 2.96981930733,
        "mean": -0.0405588932335,
        "min": -3.94731545448,
        "stdev": 0.621128082275
    },
    "erbbands_spread": {
        "max": 139.690505981,
        "mean": 39.8339996338,
        "min": 3.07950639725,
        "stdev": 18.3998584747
    },
    "hfc": {
        "max": 313.41796875,
        "mean": 28.3173313141,
        "min": 1.59929358959,
        "stdev": 21.8854427338
    },
    "loudness_ebu128": {
        "integrated": -15.7364311218,
        "loudness_range": 1.18274879456,
        "momentary": {
            "max": -12.2199230194,
            "mean": -15.8752069473,
            "min": -20.4720134735,
            "stdev": 1.1292167902
        },
        "short_term": {
            "max": -14.8824996948,
            "mean": -15.7531738281,
            "min": -17.6451969147,
            "stdev": 0.482760518789
        }
    },
    "melbands_crest": {
        "max": 30.0038127899,
        "mean": 12.2041082382,
        "min": 3.60586380959,
        "stdev": 4.77477025986
    },
    "melbands_flatness_db": {
        "max": 0.393781006336,
        "mean": 0.165139168501,
        "min": 0.0321334339678,
        "stdev": 0.0505004413426
    },
    "melbands_kurtosis": {
        "max": 245.802337646,
        "mean": 10.3373003006,
        "min": -1.71487474442,
        "stdev": 18.2108612061
    },
    "melbands_skewness": {
        "max": 12.4237260818,
        "mean": 2.34778356552,
        "min": -2.06919908524,
        "stdev": 1.6871099472
    },
    "melbands_spread": {
        "max": 234.931121826,
        "mean": 31.7645015717,
        "min": 1.5618827343,
        "stdev": 19.686384201
    },
    "pitch_salience": {
        "max": 0.862222671509,
        "mean": 0.556982576847,
        "min": 0.0951230227947,
        "stdev": 0.108368471265
    },
    "silence_rate_20dB": {
        "max": 1,
        "mean": 1,
        "min": 1,
        "stdev": 0
    },
    "silence_rate_30dB": {
        "max": 1,
        "mean": 0.990892887115,
        "min": 0,
        "stdev": 0.0949981585145
    },
    "silence_rate_60dB": {
        "max": 0,
        "mean": 0,
        "min": 0,
        "stdev": 0
    },
    "spectral_centroid": {
        "max": 4690.26416016,
        "mean": 1682.42175293,
        "min": 313.270599365,
        "stdev": 549.356384277
    },
    "spectral_complexity": {
        "max": 58,
        "mean": 24.1274986267,
        "min": 2,
        "stdev": 8.94839477539
    },
    "spectral_decrease": {
        "max": -2.54680554423e-10,
        "mean": -7.56925544465e-09,
        "min": -5.29719237363e-08,
        "stdev": 5.14435161136e-09
    },
    "spectral_energy": {
        "max": 0.204369604588,
        "mean": 0.0311366487294,
        "min": 0.00110629014671,
        "stdev": 0.0201818607748
    },
    "spectral_energyband_high": {
        "max": 0.0391272716224,
        "mean": 0.00128117518034,
        "min": 1.53754899657e-05,
        "stdev": 0.00212837709114
    },
    "spectral_energyband_low": {
        "max": 0.165346175432,
        "mean": 0.0121431816369,
        "min": 2.42952251028e-06,
        "stdev": 0.0177426934242
    },
    "spectral_energyband_middle_high": {
        "max": 0.0500616431236,
        "mean": 0.00846638996154,
        "min": 0.000365642830729,
        "stdev": 0.00743802869692
    },
    "spectral_energyband_middle_low": {
        "max": 0.0934967324138,
        "mean": 0.0104430839419,
        "min": 0.000146292266436,
        "stdev": 0.00850654579699
    },
    "spectral_entropy": {
        "max": 8.75308036804,
        "mean": 7.74550962448,
        "min": 6.666639328,
        "stdev": 0.284000903368
    },
    "spectral_flux": {
        "max": 0.390607327223,
        "mean": 0.0960262641311,
        "min": 0.0232784729451,
        "stdev": 0.0477556325495
    },
    "spectral_kurtosis": {
        "max": 15.0761413574,
        "mean": 2.91299152374,
        "min": -1.21404528618,
        "stdev": 1.74462854862
    },
    "spectral_rms": {
        "max": 0.0141203748062,
        "mean": 0.0052788881585,
        "min": 0.00103889720049,
        "stdev": 0.00158442149404
    },
    "spectral_rolloff": {
        "max": 10508.203125,
        "mean": 1827.97143555,
        "min": 86.1328125,
        "stdev": 1405.68078613
    },
    "spectral_skewness": {
        "max": 2.91446900368,
        "mean": 1.22193610668,
        "min": -0.155197814107,
        "stdev": 0.278618842363
    },
    "spectral_spread": {
        "max": 12813906,
        "mean": 4391726,
        "min": 2258273.75,
        "stdev": 1314490
    },
    "spectral_strongpeak": {
        "max": 15.3130674362,
        "mean": 1.15405678749,
        "min": 0.0235424786806,
        "stdev": 1.61385214329
    },
    "zerocrossingrate": {
        "max": 0.3486328125,
        "mean": 0.0689552500844,
        "min": 0.00537109375,
        "stdev": 0.0331476591527
    },
    "barkbands": {
        "max": [0.00151035725139, 0.132647812366, 0.119192011654, 0.0819087028503, 0.0506222806871, 0.0580814220011, 0.0261311195791, 0.0254606138915, 0.0248658582568, 0.029793234542, 0.0195802673697, 0.0289229210466, 0.0400721766055, 0.0186076182872, 0.0335654318333, 0.0191238708794, 0.0148396501318, 0.0176052805036, 0.0138387707993, 0.00567449582741, 0.00369769893587, 0.00654125539586, 0.0171434916556, 0.0154124833643, 0.0145081011578, 0.000148328850628, 4.9551858865e-06],
        "mean": [0.000114037495223, 0.00694669457152, 0.00397717440501, 0.00185797829181, 0.00301852240227, 0.00222833780572, 0.000989405205473, 0.000805546180345, 0.00137610337697, 0.000868403643835, 0.000718565948773, 0.00108559220098, 0.00111534376629, 0.000877816113643, 0.00103599193972, 0.000783174822573, 0.000675658346154, 0.00058036937844, 0.000546455732547, 0.000487709476147, 0.000242593552684, 0.000223477603868, 0.000189255515579, 0.000259879103396, 0.000132262546686, 2.06254668456e-07, 2.0613066809e-09],
        "min": [2.27421281807e-08, 1.43497754834e-06, 6.78844003232e-08, 1.24268547097e-06, 2.06656131923e-05, 6.66562300466e-06, 3.33201614922e-06, 3.02038120026e-06, 8.48951003718e-06, 6.50074161967e-06, 1.62646892932e-06, 5.37153664482e-06, 1.19274445751e-05, 8.96415531315e-06, 5.76909951633e-06, 1.0298491361e-05, 8.80626885191e-06, 7.73789724917e-06, 1.14254471555e-05, 5.55709220862e-06, 3.48252433469e-06, 1.9644414806e-06, 1.53712301199e-06, 1.25098983972e-06, 3.42501465411e-07, 3.39832779972e-11, 3.2355798596e-11],
        "stdev": [0.000142164033605, 0.0120019400492, 0.00863078422844, 0.00418746471405, 0.00446816161275, 0.00370494090021, 0.00180077063851, 0.00122574064881, 0.00208429945633, 0.00142120907549, 0.00160066178069, 0.00223134108819, 0.0023418366909, 0.00169174035545, 0.00191747536883, 0.00135363731533, 0.00119778432418, 0.0010444164509, 0.000666266889311, 0.000525097129866, 0.000305098277749, 0.000422510143835, 0.00054552720394, 0.000738671573345, 0.000492228951771, 2.18092463911e-06, 6.97171813613e-08]
    },
    "erbbands": {
        "max": [2.31473350525, 34.413028717, 115.632385254, 256.51953125, 163.628936768, 216.855636597, 831.061767578, 471.622283936, 430.9112854, 283.33480835, 372.386535645, 640.539245605, 1043.44006348, 686.663452148, 792.985351562, 1217.26306152, 1623.26257324, 919.691162109, 2151.67114258, 1005.86999512, 1088.94335938, 781.065856934, 815.091308594, 771.778015137, 826.700500488, 306.583343506, 231.359191895, 161.814163208, 217.189254761, 304.950775146, 496.577301025, 343.671081543, 237.984985352, 211.755126953, 70.4446182251, 5.44222688675, 0.137446254492, 0.00879008509219, 0.00119042780716, 0.000325682602124],
        "mean": [0.154037877917, 1.72458541393, 4.49828624725, 6.05595970154, 7.97229528427, 8.75752735138, 16.4274406433, 17.8176803589, 14.5279865265, 14.7891740799, 22.8645401001, 30.471704483, 24.1560211182, 32.2784080505, 34.1841850281, 46.1219329834, 51.0710906982, 41.4057540894, 57.3226890564, 43.9398078918, 46.9567756653, 37.8701934814, 32.813167572, 28.3692245483, 27.8400630951, 23.8492126465, 14.2948904037, 7.46217489243, 7.87502241135, 7.07188415527, 5.43798160553, 6.41294956207, 3.35712146759, 1.86633658409, 0.716299891472, 0.0409405454993, 0.00116894161329, 9.51136171352e-05, 3.16543701047e-05, 4.11252112826e-05],
        "min": [6.67242347845e-05, 0.000230108984397, 0.00019420706667, 0.00209837104194, 0.0230361539871, 0.0817009359598, 0.0850295424461, 0.0497121140361, 0.135837063193, 0.063575617969, 0.128638297319, 0.415905505419, 0.571892082691, 0.463143497705, 0.474166035652, 0.720673918724, 0.75307315588, 0.82658547163, 0.762405991554, 0.570731937885, 0.823768436909, 0.594324469566, 0.424759358168, 0.718533992767, 0.593648552895, 0.275228261948, 0.215649113059, 0.100804924965, 0.0661441460252, 0.0671318024397, 0.0384307280183, 0.0331064909697, 0.017053745687, 0.00638091517612, 0.00139404763468, 7.28888553567e-05, 6.67849735692e-06, 1.1408787941e-06, 1.93288883565e-06, 1.75793377366e-06],
        "stdev": [0.220699325204, 3.13700318336, 8.95955562592, 12.7303676605, 14.3603906631, 12.3401937485, 28.2877426147, 32.4124526978, 28.5328350067, 22.1325817108, 28.986492157, 46.1300582886, 39.4558982849, 50.9967651367, 64.7654495239, 91.3829650879, 100.388046265, 69.8196868896, 111.414093018, 68.2666397095, 83.4502029419, 64.4118423462, 54.0688667297, 38.5494804382, 36.7596626282, 25.816822052, 15.2913560867, 12.3588933945, 14.4817266464, 15.0840816498, 17.0039672852, 18.1871681213, 10.6826992035, 7.35888528824, 2.35810756683, 0.137480214238, 0.00378082250245, 0.000284318230115, 4.6857912821e-05, 2.73384212051e-05]
    },
    "gfcc": {
        "mean": [20.4887180328, 106.559997559, -144.511047363, 58.0835342407, -66.9197540283, 27.6399974823, -40.6841087341, 10.5078516006, -18.7954807281, -6.61213731766, -0.810383439064, -16.436088562, 3.63881611824],
        "cov": [[1224.58728027, -517.302978516, 61.3890533447, 76.5755844116, -89.1683273315, 156.181610107, -87.7613143921, 75.5413970947, -61.258605957, 55.1272888184, -99.2071914673, 49.9106636047, -39.7759361267], [-517.302978516, 666.444213867, -71.2760238647, -12.0394620895, 162.771606445, -143.609146118, 133.919464111, -43.5908927917, 106.817749023, -63.5039558411, 90.638633728, -57.1776428223, 62.8453330994], [61.3890533447, -71.2760238647, 589.095947266, 212.675674438, -16.4462680817, 101.056358337, -58.0463409424, 67.9149246216, 42.2053146362, 16.9391231537, -69.8103179932, 55.2290916443, -53.2960395813], [76.5755844116, -12.0394620895, 212.675674438, 239.090072632, 62.8432235718, -5.52435588837, -9.98926544189, 53.3675498962, 67.802734375, -22.9135227203, -30.7304515839, 27.4732208252, -6.43486833572], [-89.1683273315, 162.771606445, -16.4462680817, 62.8432235718, 211.697891235, 31.4670543671, 78.4404983521, 37.7486000061, 37.1094894409, -5.27048873901, 26.7524356842, -18.5337181091, 25.5352325439], [156.181610107, -143.609146118, 101.056358337, -5.52435588837, 31.4670543671, 243.912948608, 73.496711731, -14.1064033508, -46.9662399292, 51.3765258789, -13.7899370193, -4.59863376617, -50.2643318176], [-87.7613143921, 133.919464111, -58.0463409424, -9.98926544189, 78.4404983521, 73.496711731, 177.463607788, 5.61962556839, -5.2825512886, 6.16416597366, 41.8165359497, -33.7911186218, 3.66322565079], [75.5413970947, -43.5908927917, 67.9149246216, 53.3675498962, 37.7486000061, -14.1064033508, 5.61962556839, 145.061782837, 52.0517158508, -4.22077560425, -19.0487613678, 26.7772216797, 14.7653245926], [-61.258605957, 106.817749023, 42.2053146362, 67.802734375, 37.1094894409, -46.9662399292, -5.2825512886, 52.0517158508, 133.548721313, -11.93060112, -1.76704359055, 8.00782489777, 15.977268219], [55.1272888184, -63.5039558411, 16.9391231537, -22.9135227203, -5.27048873901, 51.3765258789, 6.16416597366, -4.22077560425, -11.93060112, 94.0214614868, 27.3740940094, -2.95181417465, -9.05149650574], [-99.2071914673, 90.638633728, -69.8103179932, -30.7304515839, 26.7524356842, -13.7899370193, 41.8165359497, -19.0487613678, -1.76704359055, 27.3740940094, 104.945732117, -3.18263483047, 13.4390163422], [49.9106636047, -57.1776428223, 55.2290916443, 27.4732208252, -18.5337181091, -4.59863376617, -33.7911186218, 26.7772216797, 8.00782489777, -2.95181417465, -3.18263483047, 65.2807159424, 13.5132083893], [-39.7759361267, 62.8453330994, -53.2960395813, -6.43486833572, 25.5352325439, -50.2643318176, 3.66322565079, 14.7653245926, 15.977268219, -9.05149650574, 13.4390163422, 13.5132083893, 74.3350067139]],
        "icov": [[0.00140323338564, 0.000203589632292, 0.000841915199999, -0.00130468304269, 0.000778869201895, -0.00136248476338, 0.000891234434675, -0.0010824254714, 0.000626904657111, -0.000593722274061, 0.000595975841861, -4.93475163239e-05, -0.00025415563141], [0.000203589632292, 0.00850876513869, -0.00442093005404, 0.00596525799483, -0.006414166186, 0.00800986215472, -0.00761154526845, 0.00702754314989, -0.00643268926069, 0.00372585654259, -0.00223690317944, 0.001539801131, -0.00117843097541], [0.000841915199999, -0.00442093005404, 0.00652791745961, -0.00715982355177, 0.00496037770063, -0.0069819604978, 0.00572865270078, -0.00533942226321, 0.0036660823971, -0.00296814297326, 0.00203055562451, -0.0017281541368, 0.00139949575532], [-0.00130468304269, 0.00596525799483, -0.00715982355177, 0.0145393889397, -0.00858155731112, 0.00917717441916, -0.00736261019483, 0.00673112273216, -0.00746854813769, 0.00424833595753, -0.000753242347855, -0.00135057920124, 0.00106732698623], [0.000778869201895, -0.006414166186, 0.00496037770063, -0.00858155731112, 0.0134985316545, -0.00958306808025, 0.00537327677011, -0.00799882877618, 0.00448783952743, -0.00205638306215, -0.000196141816559, 0.00233602151275, -0.00274396804161], [-0.00136248476338, 0.00800986215472, -0.0069819604978, 0.00917717441916, -0.00958306808025, 0.0185081735253, -0.0131509592757, 0.00975631643087, -0.00499348947778, -0.000289983989205, 0.00112450961024, -0.00231013912708, 0.00405940320343], [0.000891234434675, -0.00761154526845, 0.00572865270078, -0.00736261019483, 0.00537327677011, -0.0131509592757, 0.0182281639427, -0.00939118396491, 0.00646031787619, -0.00111746997572, -0.00231128139421, 0.00409142393619, -0.00123986136168], [-0.0010824254714, 0.00702754314989, -0.00533942226321, 0.00673112273216, -0.00799882877618, 0.00975631643087, -0.00939118396491, 0.0169670153409, -0.00869177747518, 0.00207692780532, 0.000772002851591, -0.0033879915718, -0.000731228676159], [0.000626904657111, -0.00643268926069, 0.0036660823971, -0.00746854813769, 0.00448783952743, -0.00499348947778, 0.00646031787619, -0.00869177747518, 0.0159029476345, -0.00346360076219, 0.00158766575623, -0.000306464789901, 0.000174559492734], [-0.000593722274061, 0.00372585654259, -0.00296814297326, 0.00424833595753, -0.00205638306215, -0.000289983989205, -0.00111746997572, 0.00207692780532, -0.00346360076219, 0.0169456992298, -0.00736880442128, 0.00356550887227, -0.00158322579227], [0.000595975841861, -0.00223690317944, 0.00203055562451, -0.000753242347855, -0.000196141816559, 0.00112450961024, -0.00231128139421, 0.000772002851591, 0.00158766575623, -0.00736880442128, 0.0160457026213, -0.00530218333006, 0.0012134645367], [-4.93475163239e-05, 0.001539801131, -0.0017281541368, -0.00135057920124, 0.00233602151275, -0.00231013912708, 0.00409142393619, -0.0033879915718, -0.000306464789901, 0.00356550887227, -0.00530218333006, 0.0242414474487, -0.00752555439249], [-0.00025415563141, -0.00117843097541, 0.00139949575532, 0.00106732698623, -0.00274396804161, 0.00405940320343, -0.00123986136168, -0.000731228676159, 0.000174559492734, -0.00158322579227, 0.0012134645367, -0.00752555439249, 0.0202209185809]]
    },
    "melbands": {
        "max": [0.0314122885466, 0.0417491532862, 0.0379897803068, 0.0125471139327, 0.0226639397442, 0.00946206599474, 0.00627873279154, 0.0040106405504, 0.00243213190697, 0.00380355422385, 0.00535750063136, 0.00261663179845, 0.00309746502899, 0.00423078564927, 0.00530404783785, 0.00267113791779, 0.00191947282292, 0.00354791176505, 0.00184807938058, 0.00125117402058, 0.00175820000004, 0.000947495165747, 0.0013942674268, 0.000770373211708, 0.000655788055155, 0.000918925739825, 0.000281802698737, 0.000251228571869, 0.000210641868762, 7.74112995714e-05, 0.000106688981759, 0.000115576251119, 0.000150147621753, 0.000232317222981, 0.000313453638228, 0.00023718389275, 0.000238011794863, 0.00019940805214, 0.000221208101721, 0.00015227124095],
        "mean": [0.00169968558475, 0.00233981898054, 0.00108796101995, 0.000611457973719, 0.000538272375707, 0.000397450086894, 0.000221163965762, 0.000160625641001, 0.000200614274945, 0.000186185498023, 0.000120316486573, 0.000132627072162, 0.000111494977318, 0.00012341378897, 0.000131353794131, 8.85838453542e-05, 7.63920179452e-05, 9.57734373515e-05, 6.64938779664e-05, 4.69862825412e-05, 5.76501188334e-05, 3.78044896934e-05, 3.24209067912e-05, 2.97183814837e-05, 2.14232550206e-05, 2.25460607908e-05, 1.70707025973e-05, 1.52047141455e-05, 1.06999759737e-05, 4.88095747642e-06, 3.99463579015e-06, 4.36073105448e-06, 4.44893703389e-06, 3.69229337593e-06, 3.03331626128e-06, 3.29716954184e-06, 4.22478387918e-06, 2.43180829784e-06, 1.85835858701e-06, 1.46964146097e-06],
        "min": [5.58334988909e-07, 1.67594379263e-07, 8.59464364567e-07, 3.85325074603e-06, 3.09522806674e-06, 1.23057691326e-06, 1.99684586732e-06, 5.52888195671e-07, 8.29527664337e-07, 1.42635212796e-06, 2.332840495e-06, 1.13854639494e-06, 5.42452028185e-07, 7.54314839924e-07, 8.55379198583e-07, 1.19305548196e-06, 7.25519612388e-07, 9.18618354717e-07, 3.79478592549e-07, 7.31297632228e-07, 7.431780773e-07, 5.04143201852e-07, 3.82665376719e-07, 4.7812665116e-07, 4.97911742059e-07, 4.21859908784e-07, 3.10695355665e-07, 1.25276443441e-07, 1.35787502131e-07, 7.34813170311e-08, 3.55076004155e-08, 3.35925491868e-08, 3.05938741008e-08, 3.29189546733e-08, 2.39710189476e-08, 1.65952886988e-08, 1.7858006629e-08, 8.31616109309e-09, 6.30617735808e-09, 4.02313604653e-09],
        "stdev": [0.00278232968412, 0.00398927368224, 0.00198360322975, 0.000988009735011, 0.000861971988343, 0.000697594659869, 0.00041907306877, 0.000230632460443, 0.000254626997048, 0.000282954511931, 0.000200695314561, 0.000214008643525, 0.000230075325817, 0.000258568616118, 0.000311729352688, 0.000149259009049, 0.000146948557813, 0.000195934742806, 0.000116884308227, 7.56552981329e-05, 0.000113729416626, 7.06753417035e-05, 6.02589898335e-05, 5.16483996762e-05, 3.16796576953e-05, 3.50618574885e-05, 2.02888841159e-05, 1.69689137692e-05, 1.24064808915e-05, 6.7133896664e-06, 7.43222608435e-06, 8.06680600363e-06, 8.87650730874e-06, 8.41591008793e-06, 9.77916624834e-06, 1.04667324194e-05, 1.21046223285e-05, 7.38564858693e-06, 7.94364132162e-06, 5.6245230553e-06]
    },
    "melbands128": {
        "max": [0.00137586402707, 0.013162445277, 0.0539344921708, 0.0731089189649, 0.0596908405423, 0.0544126927853, 0.0613281056285, 0.0301957465708, 0.0211967639625, 0.0191387049854, 0.0137358829379, 0.0219734683633, 0.0421970970929, 0.0184464063495, 0.012725318782, 0.0152074154466, 0.00719996914268, 0.0110009713098, 0.0035055289045, 0.00543287815526, 0.00919177290052, 0.00646527623758, 0.00323408097029, 0.00571110285819, 0.00733430730179, 0.00679998705164, 0.0123133510351, 0.00971740949899, 0.00507462816313, 0.00538427056745, 0.00562881911173, 0.00405375426635, 0.00583960022777, 0.00566865736619, 0.00789418164641, 0.00839653704315, 0.00750762736425, 0.0115261580795, 0.0115394908935, 0.00275074713863, 0.00503167603165, 0.00327984336764, 0.00418336549774, 0.00471930904314, 0.00346359144896, 0.00755812972784, 0.00376405962743, 0.00440274644643, 0.00269962078892, 0.00232769735157, 0.00248773838393, 0.00279957707971, 0.00254820426926, 0.00400827405974, 0.00203404435888, 0.00209835288115, 0.00152800418437, 0.00164425268304, 0.00302453059703, 0.00113032443915, 0.00124867178965, 0.00190663535614, 0.00170924479607, 0.000542672234587, 0.000591751828324, 0.00153832917567, 0.00098285858985, 0.000603770138696, 0.000611536204815, 0.000431697699241, 0.000429395557148, 0.00035867121187, 0.000307889597025, 0.000475080305478, 0.00014535500668, 8.19964334369e-05, 0.000125452774228, 0.000166266007, 0.000161012052558, 0.000111632674816, 0.000167882681126, 0.000149952305946, 0.000174965360202, 0.000171538311406, 0.000323135114741, 0.000204960437259, 0.00026607705513, 0.000534364546183, 0.000272002012935, 0.000327919988194, 0.000470079889055, 0.000252067780821, 0.000225752301048, 0.000329254893586, 0.00024305190891, 0.000221082853386, 0.000207312114071, 0.000204084804864, 0.000223284136155, 0.000312723394018, 0.000265906797722, 0.000155662288307, 0.000109251290269, 0.000102466729004, 0.000130900341901, 8.92153984751e-05, 1.7034182747e-05, 6.91576087775e-06, 3.21679536341e-08, 3.08051504305e-08, 2.95289446228e-08, 2.83648411425e-08, 2.73225815306e-08, 2.63388493238e-08, 2.54289496127e-08, 2.46287186201e-08, 2.38143407216e-08, 2.31687415919e-08, 2.25341949545e-08, 2.19355484887e-08, 2.14015454247e-08, 2.09547330599e-08, 2.05412664656e-08, 2.01886223294e-08, 1.99039789095e-08, 1.96771612337e-08, 1.95069400633e-08, 1.9404501117e-08],
        "mean": [9.80357290246e-05, 0.000922477105632, 0.00250140461139, 0.00295841880143, 0.00247317971662, 0.00187727797311, 0.00127847865224, 0.000817835680209, 0.000831902725622, 0.000666695588734, 0.00039210205432, 0.000516242929734, 0.000600090948865, 0.000545141345356, 0.00041197045357, 0.000348593865056, 0.000196490684175, 0.000245975126745, 0.000159786606673, 0.000180919785635, 0.000122041128634, 0.000211816543015, 0.000167133955983, 0.000257625972154, 0.000226863616263, 0.0001349599479, 0.000163782780874, 8.66416230565e-05, 0.000109082931885, 0.000177322421223, 9.8424294265e-05, 0.000131864726427, 0.000121970515465, 7.67754172557e-05, 0.000143158104038, 0.000131290697027, 0.00011103496945, 0.000104132675915, 0.000199541813345, 8.70151998242e-05, 6.21786603006e-05, 8.33445374155e-05, 5.73274955968e-05, 8.90291921678e-05, 9.46738728089e-05, 0.000106008024886, 9.17782526813e-05, 4.97594410263e-05, 6.79050572217e-05, 6.59445940983e-05, 3.08666021738e-05, 4.02830446546e-05, 7.28639497538e-05, 6.15964527242e-05, 3.4148182749e-05, 3.2123971323e-05, 4.34307257819e-05, 4.11348410125e-05, 2.25505118578e-05, 2.69070005743e-05, 3.47881032212e-05, 2.85801652353e-05, 2.19136836677e-05, 2.02863666345e-05, 1.82595522347e-05, 2.59100688709e-05, 2.37537224166e-05, 1.40540905704e-05, 1.52126249304e-05, 2.22737508011e-05, 1.39305693665e-05, 1.31699671329e-05, 1.2998632883e-05, 1.16213414003e-05, 6.01768078923e-06, 4.61693116449e-06, 4.68314374302e-06, 4.03023477702e-06, 3.88911348637e-06, 3.83965516448e-06, 4.25602502219e-06, 4.44099759989e-06, 4.93094194098e-06, 4.30029740528e-06, 4.29750252806e-06, 4.04268030252e-06, 3.30963939632e-06, 3.35313734467e-06, 2.96161465485e-06, 2.85797591459e-06, 2.90370280709e-06, 3.33809066433e-06, 4.11819519286e-06, 4.89464264319e-06, 4.00299768444e-06, 2.60654223894e-06, 2.19442722482e-06, 1.88298861303e-06, 1.86837269212e-06, 1.92137008526e-06, 1.59049909598e-06, 1.40763961554e-06, 1.28387648601e-06, 1.07655012016e-06, 9.10641063001e-07, 6.59888087284e-07, 1.52718357072e-07, 9.72242553132e-09, 1.82387872166e-11, 1.32791009091e-11, 1.26059128414e-11, 1.22299973968e-11, 1.21273650844e-11, 1.18774937802e-11, 1.12795580168e-11, 1.08492329703e-11, 1.00268985823e-11, 9.67378087358e-12, 9.4029038028e-12, 9.14491832954e-12, 8.9114262844e-12, 8.7260346518e-12, 8.54799998146e-12, 8.39172654976e-12, 8.22161175945e-12, 8.03508908714e-12, 7.91695441843e-12, 7.86674458214e-12],
        "min": [2.39719044615e-09, 3.74184203622e-08, 2.29598029478e-07, 3.38343113526e-07, 1.17310264613e-07, 2.65188333515e-08, 2.07466456459e-07, 8.21011326479e-07, 1.83863608072e-06, 1.90743844541e-06, 8.03202055977e-07, 1.00881743492e-06, 6.10252584465e-07, 6.40825192022e-07, 5.13893269272e-07, 7.69995338601e-08, 3.13711552735e-07, 1.02049327211e-07, 3.44769034655e-07, 7.51213704575e-08, 2.00431699682e-07, 1.83944791843e-07, 3.02183423173e-07, 4.07931878499e-07, 1.82051437037e-07, 2.63243606469e-07, 1.60337080501e-07, 2.74327675243e-07, 4.42141725898e-07, 7.45291686144e-07, 3.96020510607e-07, 1.41173600809e-07, 1.45817836028e-07, 3.0442194543e-07, 2.73913059345e-07, 2.22657789095e-07, 2.04903159329e-07, 2.7988650686e-07, 2.85434225589e-07, 3.50199911736e-07, 2.59355914523e-07, 3.00336097325e-07, 4.27970974215e-07, 2.74336230177e-07, 2.31769945458e-07, 4.60327214569e-07, 3.01616552179e-07, 3.06566050767e-07, 1.87811039609e-07, 2.9415380709e-07, 1.82668969728e-07, 2.20100048409e-07, 2.17995761886e-07, 3.10623818223e-07, 3.24268683016e-07, 2.19997232875e-07, 3.21414546534e-07, 3.19888101785e-07, 1.83510422858e-07, 7.59143858886e-08, 3.19878267874e-07, 3.19624518852e-07, 1.64569939898e-07, 2.66520061132e-07, 1.85009454867e-07, 1.58673699957e-07, 1.73620136934e-07, 1.87737128954e-07, 1.61250255815e-07, 1.49935857507e-07, 7.58410152457e-08, 8.62746247776e-08, 6.37262544956e-08, 1.08179079916e-07, 6.64000481265e-08, 4.4860303916e-08, 2.42992221899e-08, 2.84791052962e-08, 1.91038882491e-08, 2.63481627627e-08, 2.12360564689e-08, 1.27040102882e-08, 1.45490712811e-08, 1.86253217294e-08, 1.8221696152e-08, 1.72160934397e-08, 2.04333776566e-08, 2.42649367266e-08, 2.3810210692e-08, 1.46173153581e-08, 1.05530606476e-08, 1.57052699734e-08, 2.03020231737e-08, 1.54588430945e-08, 6.12638517694e-09, 5.63760060857e-09, 6.0782907596e-09, 5.74049385804e-09, 5.18799669891e-09, 2.82290835152e-09, 3.53255091845e-09, 3.24338489399e-09, 2.61555577197e-09, 1.4673661175e-09, 1.56980284327e-09, 4.28185459311e-10, 7.00333124826e-11, 6.77259246948e-13, 1.27061054278e-13, 1.03727553077e-13, 9.11392272415e-14, 9.6208157001e-14, 1.01817758055e-13, 9.09922297557e-14, 7.55566128326e-14, 9.33787349202e-14, 9.6344414109e-14, 9.14241487962e-14, 9.64363002431e-14, 1.06374117685e-13, 1.0317901454e-13, 1.18944472869e-13, 9.88804985157e-14, 9.88604068942e-14, 6.33198259993e-14, 2.66013712523e-14, 3.91997022407e-15, 1.59192655891e-16],
        "stdev": [0.00012787648302, 0.00114378856961, 0.00462407479063, 0.00576795404777, 0.00504062883556, 0.00409964332357, 0.0029817330651, 0.00173855968751, 0.00171801133547, 0.00138518121094, 0.000632781244349, 0.00102119811345, 0.00127051898744, 0.001195079647, 0.000862356740981, 0.000931340910029, 0.000441777316155, 0.000705919985194, 0.000276753155049, 0.000384146871511, 0.000270704826107, 0.000380768586183, 0.000273238343652, 0.00057312840363, 0.000451907690149, 0.000340567494277, 0.000399773649406, 0.000259527820162, 0.000218833753024, 0.00035246059997, 0.00024206112721, 0.0003312684712, 0.000341375853168, 0.000277633429505, 0.000387621112168, 0.000370057648979, 0.000348259985913, 0.00039265237865, 0.00062541780062, 0.00016428870731, 0.000180214279681, 0.000207315199077, 0.000174646018422, 0.000272736186162, 0.000269484444289, 0.000350135727786, 0.000251070247032, 0.000161589137861, 0.000178293747013, 0.000142558579682, 8.45002068672e-05, 0.000118998446851, 0.000180451344931, 0.000176436078618, 9.79857286438e-05, 9.52124682954e-05, 0.000101980222098, 8.99415827007e-05, 8.40280408738e-05, 6.63661485305e-05, 7.18288283679e-05, 7.77936220402e-05, 5.60360058444e-05, 3.31356495735e-05, 2.83543067781e-05, 6.07117071922e-05, 4.62169191451e-05, 2.49603635893e-05, 2.30784171436e-05, 3.64802217518e-05, 1.98380057554e-05, 2.01109141926e-05, 2.00762715394e-05, 1.73761145561e-05, 8.49243861012e-06, 6.71722409606e-06, 8.99078531802e-06, 8.62761316966e-06, 7.90792637417e-06, 7.38725520932e-06, 8.613135833e-06, 8.84131441126e-06, 1.06643865365e-05, 8.78619994182e-06, 1.01408595583e-05, 9.54683127929e-06, 7.99955978437e-06, 1.1584575077e-05, 9.08602942218e-06, 1.1594624084e-05, 1.21842240333e-05, 1.0460024896e-05, 1.19154246931e-05, 1.5577819795e-05, 1.21729181046e-05, 7.49969376557e-06, 7.61718547437e-06, 7.6799578892e-06, 7.9450683188e-06, 9.57143947744e-06, 7.39640427128e-06, 5.31936802872e-06, 4.27621125709e-06, 3.52747611032e-06, 3.44521754414e-06, 2.29421675613e-06, 4.96160623698e-07, 1.01340965841e-07, 4.53124621158e-10, 4.33426017299e-10, 4.15469963988e-10, 3.99111604876e-10, 3.84493797911e-10, 3.70653480131e-10, 3.57829432751e-10, 3.46586231936e-10, 3.35066058232e-10, 3.25980714644e-10, 3.17049053677e-10, 3.0861763145e-10, 3.01102115463e-10, 2.94828605973e-10, 2.8901012139e-10, 2.84045897914e-10, 2.80038825462e-10, 2.76849515535e-10, 2.74455569382e-10, 2.73014805208e-10]
    },
    "mfcc": {
        "mean": [-601.573059082, 108.767410278, -5.67011833191, 24.0921173096, 8.22138118744, 6.06594419479, 4.48747062683, 4.37843370438, -2.94497036934, 8.19052886963, -3.34706497192, 0.482528537512, -1.07800900936],
        "cov": [[1267.22375488, -496.622619629, -11.6945056915, -92.5705718994, -17.4458370209, 22.9354000092, -15.2418813705, 11.2599534988, 7.65248155594, 16.4433860779, -31.0097026825, -23.8742351532, -17.8661518097], [-496.622619629, 594.438903809, -168.747146606, 71.5307846069, -6.98464584351, -20.7784366608, 37.252746582, 1.03009355068, -1.65757000446, 38.68957901, -1.50559973717, 11.7874383926, 16.5276832581], [-11.6945056915, -168.747146606, 551.914428711, 79.1716461182, 83.3688659668, 61.6473274231, -65.1725463867, 48.0608100891, 52.1631202698, -69.4455184937, 72.1359558105, 35.5747909546, -5.73775672913], [-92.5705718994, 71.5307846069, 79.1716461182, 261.02444458, 103.132354736, -58.3239402771, -53.8056755066, 55.0880889893, 66.3908691406, -19.4238643646, -2.81297039986, 52.0969810486, 8.9862203598], [-17.4458370209, -6.98464584351, 83.3688659668, 103.132354736, 177.832885742, -5.38236093521, -30.4794216156, 45.3859672546, 56.2382621765, -4.48130893707, 11.8184804916, 31.2373828888, 14.625711441], [22.9354000092, -20.7784366608, 61.6473274231, -58.3239402771, -5.38236093521, 222.057998657, 90.7992782593, 2.11922931671, -16.2804336548, 27.9664916992, 46.3494758606, -27.6528873444, -0.507362186909], [-15.2418813705, 37.252746582, -65.1725463867, -53.8056755066, -30.4794216156, 90.7992782593, 202.006118774, 7.10386610031, -22.3011646271, 52.1755752563, 11.7481393814, -22.1781024933, 18.6032295227], [11.2599534988, 1.03009355068, 48.0608100891, 55.0880889893, 45.3859672546, 2.11922931671, 7.10386610031, 127.162521362, 61.5071716309, -7.30958175659, 10.8809232712, 27.8041419983, 4.52788496017], [7.65248155594, -1.65757000446, 52.1631202698, 66.3908691406, 56.2382621765, -16.2804336548, -22.3011646271, 61.5071716309, 121.441558838, 6.00967693329, 5.4632101059, 17.8399715424, 2.45453429222], [16.4433860779, 38.68957901, -69.4455184937, -19.4238643646, -4.48130893707, 27.9664916992, 52.1755752563, -7.30958175659, 6.00967693329, 111.423789978, 9.76427650452, -15.5721750259, 11.8086929321], [-31.0097026825, -1.50559973717, 72.1359558105, -2.81297039986, 11.8184804916, 46.3494758606, 11.7481393814, 10.8809232712, 5.4632101059, 9.76427650452, 85.4798812866, 21.6900920868, 4.42322349548], [-23.8742351532, 11.7874383926, 35.5747909546, 52.0969810486, 31.2373828888, -27.6528873444, -22.1781024933, 27.8041419983, 17.8399715424, -15.5721750259, 21.6900920868, 86.3538131714, 17.0048522949], [-17.8661518097, 16.5276832581, -5.73775672913, 8.9862203598, 14.625711441, -0.507362186909, 18.6032295227, 4.52788496017, 2.45453429222, 11.8086929321, 4.42322349548, 17.0048522949, 61.9489593506]],
        "icov": [[0.00128458603285, 0.00117554247845, 0.000344378873706, 6.8968773121e-05, 8.32527439343e-05, -0.000224770483328, 0.000198124471353, -0.000308205431793, -0.000103832957393, -0.000486800563522, 0.000410737324273, -0.00013485996169, 0.000124872691231], [0.00117554247845, 0.00312399421819, 0.0010467794491, -0.000929650792386, 0.000363177125109, -0.000224767849431, -5.17211301485e-05, -0.000229364377446, 4.59703051092e-06, -0.000679415359627, -0.000199265719857, -0.00016245750885, -0.000129769963678], [0.000344378873706, 0.0010467794491, 0.00303484546021, -0.000743752345443, -0.000423834746471, -0.00107103143819, 0.000725548481569, -0.000205142539926, -0.000614146818407, 0.00148106995039, -0.00203649047762, 0.000128943371237, -5.05489188072e-05], [6.8968773121e-05, -0.000929650792386, -0.000743752345443, 0.00653216382489, -0.00252949167043, 0.000994256348349, 0.000396323855966, -0.000735643669032, -0.0012873923406, 4.63525866508e-05, 0.00127546337899, -0.00202103564516, 0.000297449005302], [8.32527439343e-05, 0.000363177125109, -0.000423834746471, -0.00252949167043, 0.00839434936643, -0.000759484712034, 0.000804641575087, -0.000794420833699, -0.00173006230034, -0.000557279505301, -4.83668773086e-05, -0.000562179309782, -0.00158430368174], [-0.000224770483328, -0.000224767849431, -0.00107103143819, 0.000994256348349, -0.000759484712034, 0.00725523708388, -0.00285634677857, -0.000296388752759, 0.000701058306731, -0.000424081285018, -0.00313786021434, 0.00223144423217, 0.000534450635314], [0.000198124471353, -5.17211301485e-05, 0.000725548481569, 0.000396323855966, 0.000804641575087, -0.00285634677857, 0.00774950301275, -0.0018994474085, 0.0011388680432, -0.00225967960432, 0.000218687418965, 0.000641118036583, -0.00212703808211], [-0.000308205431793, -0.000229364377446, -0.000205142539926, -0.000735643669032, -0.000794420833699, -0.000296388752759, -0.0018994474085, 0.0118055157363, -0.00522712478414, 0.00149536319077, -0.000212668965105, -0.00232301885262, 0.000527589058038], [-0.000103832957393, 4.59703051092e-06, -0.000614146818407, -0.0012873923406, -0.00173006230034, 0.000701058306731, 0.0011388680432, -0.00522712478414, 0.0129737257957, -0.00236393464729, 6.82848040015e-05, 0.000641750870273, 0.00030847612652], [-0.000486800563522, -0.000679415359627, 0.00148106995039, 4.63525866508e-05, -0.000557279505301, -0.000424081285018, -0.00225967960432, 0.00149536319077, -0.00236393464729, 0.0122892279178, -0.00269181490876, 0.00204932549968, -0.00175053777639], [0.000410737324273, -0.000199265719857, -0.00203649047762, 0.00127546337899, -4.83668773086e-05, -0.00313786021434, 0.000218687418965, -0.000212668965105, 6.82848040015e-05, -0.00269181490876, 0.0169869568199, -0.0055266530253, 0.00054814881878], [-0.00013485996169, -0.00016245750885, 0.000128943371237, -0.00202103564516, -0.000562179309782, 0.00223144423217, 0.000641118036583, -0.00232301885262, 0.000641750870273, 0.00204932549968, -0.0055266530253, 0.0170253161341, -0.00425704568624], [0.000124872691231, -0.000129769963678, -5.05489188072e-05, 0.000297449005302, -0.00158430368174, 0.000534450635314, -0.00212703808211, 0.000527589058038, 0.00030847612652, -0.00175053777639, 0.00054814881878, -0.00425704568624, 0.0185946095735]]
    },
    "spectral_contrast_coeffs": {
        "max": [-0.422663927078, -0.516050100327, -0.523943722248, -0.555486142635, -0.639059901237, -0.649220347404],
        "mean": [-0.726184904575, -0.746435105801, -0.750565826893, -0.767195045948, -0.781521618366, -0.775208413601],
        "min": [-0.880483567715, -0.927762687206, -0.906668365002, -0.891883254051, -0.877689182758, -0.87267768383],
        "stdev": [0.066398434341, 0.0650934055448, 0.063255019486, 0.0561548769474, 0.037188783288, 0.0307261236012]
    },
    "spectral_contrast_valleys": {
        "max": [-4.95237970352, -4.80254268646, -5.3928899765, -5.54726266861, -5.547062397, -6.9974155426],
        "mean": [-6.31776714325, -6.61471271515, -7.15161466599, -7.16596412659, -7.00343227386, -9.66705131531],
        "min": [-8.96745109558, -8.30409145355, -8.77313613892, -8.27952861786, -8.45763397217, -11.6529893875],
        "stdev": [0.51913267374, 0.447781026363, 0.464991182089, 0.404294371605, 0.43829190731, 0.689126968384]
    }
},
"rhythm": {
    "beats_count": 227,
    "beats_loudness": {
        "max": 0.119241029024,
        "mean": 0.0450492762029,
        "min": 0.0110117867589,
        "stdev": 0.0213346350938
    },
    "bpm": 117.050064087,
    "bpm_histogram_first_peak_bpm": 117,
    "bpm_histogram_first_peak_weight": 0.211009204388,
    "bpm_histogram_second_peak_bpm": 110,
    "bpm_histogram_second_peak_spread": 0.375,
    "bpm_histogram_second_peak_weight": 0.0221238937229,
    "danceability": 1.48763370514,
    "onset_rate": 3.53059244156,
    "beats_loudness_band_ratio": {
        "max": [0.946045100689, 0.618668854237, 0.39104411006, 0.856020689011, 0.498280197382, 0.793101608753],
        "mean": [0.502629935741, 0.182426154613, 0.0824729204178, 0.115379296243, 0.115803614259, 0.0841301828623],
        "min": [0.0161878056824, 0.00413465173915, 0.00510826008394, 0.00262776343152, 0.00258681713603, 0.00259012146853],
        "stdev": [0.24514824152, 0.165588855743, 0.0632291063666, 0.135630980134, 0.10482172668, 0.0720614865422]
    },
