{
"metadata": {
    "version": {
        "essentia": "2.1-beta5",
        "essentia_git_sha": "Undefined",
        "extractor": "music 2.0"
    },
    "audio_properties": {
        "analysis": {
            "equal_loudness": 0,
            "length": 35.9909286499,
            "sample_rate": 44100,
            "start_time": 12.7477550507,
            "downmix": "mix"
        },
        "bit_rate": 192000,
        "length": 191.204727173,
        "lossless": 0,
        "number_channels": 2,
        "replay_gain": -7.60743141174,
        "sample_rate": 48000,
        "codec": "mp3",
        "md5_encoded": "53922344f84cf7a7ad1f8785789415d3"
    },
    "tags": {
        "file_name": "Greece_Never Let You Go_Mando.mp3",
        "encoding": ["Lavf58.29.100"]
    }
},
"lowlevel": {
    "average_loudness": 0.932579755783,
    "barkbands_crest": {
        "max": 24.9284477234,
        "mean": 11.3581209183,
        "min": 2.45640492439,
        "stdev": 4.70943260193
    },
    "barkbands_flatness_db": {
        "max": 0.381850033998,
        "mean": 0.211005985737,
        "min": 0.08271920681,
        "stdev": 0.0551030784845
    },
    "barkbands_kurtosis": {
        "max": 72.6715621948,
        "mean": 3.6459608078,
        "min": -1.75982069969,
        "stdev": 7.15037059784
    },
    "barkbands_skewness": {
        "max": 7.48150253296,
        "mean": 1.39362633228,
        "min": -2.56124901772,
        "stdev": 1.25817096233
    },
    "barkbands_spread": {
        "max": 101.381095886,
        "mean": 19.6430244446,
        "min": 1.35430371761,
        "stdev": 12.2127408981
    },
    "dissonance": {
        "max": 0.49989181757,
        "mean": 0.465409368277,
        "min": 0.347136974335,
        "stdev": 0.0233591776341
    },
    "dynamic_complexity": 2.19514393806,
    "erbbands_crest": {
        "max": 30.188035965,
        "mean": 10.0977525711,
        "min": 2.31261968613,
        "stdev": 4.66131401062
    },
    "erbbands_flatness_db": {
        "max": 0.39977774024,
        "mean": 0.233557641506,
        "min": 0.0894553884864,
        "stdev": 0.0590348653495
    },
    "erbbands_kurtosis": {
        "max": 32.2002601624,
        "mean": 0.183679059148,
        "min": -1.73869490623,
        "stdev": 2.00394439697
    },
    "erbbands_skewness": {
        "max": 4.7751584053,
        "mean": 0.343357026577,
        "min": -3.10363340378,
        "stdev": 0.812409877777
    },
    "erbbands_spread": {
        "max": 136.929275513,
        "mean": 33.9496917725,
        "min": 3.58411216736,
        "stdev": 15.3866758347
    },
    "hfc": {
        "max": 147.051940918,
        "mean": 18.8570041656,
        "min": 0.717775464058,
        "stdev": 17.392118454
    },
    "loudness_ebu128": {
        "integrated": -16.5209541321,
        "loudness_range": 2.5337972641,
        "momentary": {
            "max": -13.560136795,
            "mean": -16.9076633453,
            "min": -25.1426258087,
            "stdev": 2.02048707008
        },
        "short_term": {
            "max": -15.0946617126,
            "mean": -16.6998157501,
            "min": -18.5240764618,
            "stdev": 0.836037993431
        }
    },
    "melbands_crest": {
        "max": 31.0477371216,
        "mean": 14.3174228668,
        "min": 3.3488445282,
        "stdev": 5.40090274811
    },
    "melbands_flatness_db": {
        "max": 0.486549258232,
        "mean": 0.239239990711,
        "min": 0.0390151254833,
        "stdev": 0.0826264768839
    },
    "melbands_kurtosis": {
        "max": 162.895751953,
        "mean": 10.9605340958,
        "min": -1.83412444592,
        "stdev": 15.7630586624
    },
    "melbands_skewness": {
        "max": 10.5697116852,
        "mean": 2.34892868996,
        "min": -0.715098559856,
        "stdev": 1.59300136566
    },
    "melbands_spread": {
        "max": 224.856781006,
        "mean": 26.0210704803,
        "min": 1.30119943619,
        "stdev": 25.3284664154
    },
    "pitch_salience": {
        "max": 0.847769916058,
        "mean": 0.540098309517,
        "min": 0.115539737046,
        "stdev": 0.118895202875
    },
    "silence_rate_20dB": {
        "max": 1,
        "mean": 1,
        "min": 1,
        "stdev": 0
    },
    "silence_rate_30dB": {
        "max": 1,
        "mean": 1,
        "min": 1,
        "stdev": 0
    },
    "silence_rate_60dB": {
        "max": 1,
        "mean": 0.0393294654787,
        "min": 0,
        "stdev": 0.194374382496
    },
    "spectral_centroid": {
        "max": 4845.07714844,
        "mean": 1510.81530762,
        "min": 322.188995361,
        "stdev": 810.240539551
    },
    "spectral_complexity": {
        "max": 53,
        "mean": 17.9065113068,
        "min": 3,
        "stdev": 8.67136192322
    },
    "spectral_decrease": {
        "max": -1.86774262723e-10,
        "mean": -5.20707166274e-09,
        "min": -2.05333261505e-08,
        "stdev": 3.22876569925e-09
    },
    "spectral_energy": {
        "max": 0.0837543010712,
        "mean": 0.0213630497456,
        "min": 0.000778119603638,
        "stdev": 0.0129684899002
    },
    "spectral_energyband_high": {
        "max": 0.0194756612182,
        "mean": 0.000704093487002,
        "min": 2.1011469471e-06,
        "stdev": 0.00151265319437
    },
    "spectral_energyband_low": {
        "max": 0.0539563372731,
        "mean": 0.00562537787482,
        "min": 5.12622727911e-06,
        "stdev": 0.00817449670285
    },
    "spectral_energyband_middle_high": {
        "max": 0.0384136810899,
        "mean": 0.00624565780163,
        "min": 0.00013084593229,
        "stdev": 0.00727956974879
    },
    "spectral_energyband_middle_low": {
        "max": 0.0651597082615,
        "mean": 0.00959421414882,
        "min": 0.000234277787968,
        "stdev": 0.00900051277131
    },
    "spectral_entropy": {
        "max": 8.69595050812,
        "mean": 7.32621717453,
        "min": 5.88074493408,
        "stdev": 0.439441382885
    },
    "spectral_flux": {
        "max": 0.256982237101,
        "mean": 0.0761211365461,
        "min": 0.0147885065526,
        "stdev": 0.036377042532
    },
    "spectral_kurtosis": {
        "max": 33.6689529419,
        "mean": 4.68890810013,
        "min": -1.16778767109,
        "stdev": 4.56496429443
    },
    "spectral_rms": {
        "max": 0.00903944205493,
        "mean": 0.00432578613982,
        "min": 0.000871287018526,
        "stdev": 0.00145931506995
    },
    "spectral_rolloff": {
        "max": 9603.80859375,
        "mean": 1649.2298584,
        "min": 107.666015625,
        "stdev": 1485.61413574
    },
    "spectral_skewness": {
        "max": 3.9355328083,
        "mean": 1.13061249256,
        "min": -0.530654907227,
        "stdev": 0.625892877579
    },
    "spectral_spread": {
        "max": 12740298,
        "mean": 3146069,
        "min": 1270995.375,
        "stdev": 1498711.625
    },
    "spectral_strongpeak": {
        "max": 14.879486084,
        "mean": 1.22317242622,
        "min": 0.0310448687524,
        "stdev": 1.4711971283
    },
    "zerocrossingrate": {
        "max": 0.33203125,
        "mean": 0.0595476441085,
        "min": 0.00634765625,
        "stdev": 0.0401514917612
    },
    "barkbands": {
        "max": [0.000920291233342, 0.0389270931482, 0.0311112329364, 0.0216723270714, 0.0390936546028, 0.0562155880034, 0.0541165359318, 0.00919098686427, 0.0493882670999, 0.0235558543354, 0.0212690364569, 0.0157174449414, 0.0217615831643, 0.0106033114716, 0.0162400361151, 0.00704837776721, 0.00555362459272, 0.00810927338898, 0.0119018927217, 0.0115763619542, 0.00606369832531, 0.00462605198845, 0.00469082826748, 0.00957105495036, 0.00251240213402, 1.5611114577e-05, 1.6719190171e-05],
        "mean": [4.4896871259e-05, 0.00390732288361, 0.000969451502897, 0.00104185438249, 0.00190379866399, 0.00391484983265, 0.00084767973749, 0.000354253657861, 0.00133303704206, 0.000884669367224, 0.00126442871988, 0.000669571687467, 0.000967221276369, 0.000362516497262, 0.000372781156329, 0.000225018491619, 0.000217632346903, 0.00030987689388, 0.000736248272005, 0.000597052974626, 0.000138818722917, 8.56492115417e-05, 8.92287789611e-05, 8.77512575244e-05, 3.74328228645e-05, 1.19299690127e-08, 1.15470184525e-08],
        "min": [2.23191198856e-09, 1.188071721e-07, 3.68323412658e-07, 1.21266407405e-06, 5.00742135046e-06, 1.79432208824e-06, 4.31585431215e-06, 2.11023098018e-06, 1.34038755277e-05, 5.44755403098e-06, 7.42267866372e-06, 4.15999147663e-06, 4.27282293458e-06, 5.94853372604e-06, 4.16771626988e-07, 1.95558428118e-07, 1.15435864245e-06, 1.11840563477e-06, 8.11461287054e-10, 1.01191111046e-09, 1.79965894631e-07, 4.73905047149e-11, 1.45774833177e-11, 1.57654271582e-11, 1.33594940666e-11, 2.03866524356e-11, 2.69759718036e-11],
        "stdev": [9.63344282354e-05, 0.00635169539601, 0.00169478391763, 0.00155459996313, 0.00395836867392, 0.00595918484032, 0.00248354882933, 0.000829631346278, 0.00331300497055, 0.00193970371038, 0.00271024811082, 0.0015725614503, 0.00208968785591, 0.000718236726243, 0.000774455780629, 0.000462479540147, 0.000468003738206, 0.000592655269429, 0.00157560431398, 0.00126546120737, 0.000386438099667, 0.000280766107608, 0.000340753380442, 0.000406162405852, 0.000173406835529, 3.96372996647e-07, 4.24379152264e-07]
    },
    "erbbands": {
        "max": [1.0311986208, 8.73627090454, 28.8113174438, 59.6198425293, 61.7042388916, 115.709358215, 499.779327393, 470.116363525, 778.972717285, 817.547790527, 352.02746582, 728.476379395, 1341.91650391, 1020.55444336, 576.834289551, 711.962890625, 915.31048584, 585.033752441, 730.328063965, 251.080673218, 416.871307373, 312.618988037, 560.875732422, 735.466308594, 751.484802246, 386.072143555, 346.998779297, 197.40057373, 206.353942871, 161.675460815, 141.811279297, 195.010879517, 133.602905273, 50.2308387756, 11.0041790009, 0.613548696041, 0.0289231128991, 0.0103401057422, 0.00237247580662, 0.00025064489455],
        "mean": [0.0884850025177, 0.949624657631, 1.17851793766, 2.98532390594, 2.36602163315, 6.32246255875, 29.4389781952, 27.1786746979, 14.2210540771, 8.71749782562, 13.6298856735, 26.1114864349, 27.1461639404, 56.7001495361, 31.6356735229, 24.2906589508, 42.7114753723, 27.4987010956, 18.6841659546, 15.0555438995, 13.4448261261, 12.8690567017, 16.3064193726, 37.6242446899, 32.6022644043, 25.7709274292, 10.2090740204, 4.05356788635, 2.95546293259, 3.07908296585, 2.46705913544, 2.03862643242, 1.30167758465, 0.610964953899, 0.15836186707, 0.00732560269535, 0.00027142057661, 3.3540687582e-05, 1.77253987204e-05, 2.70076943707e-05],
        "min": [1.22317042042e-05, 0.000133696536068, 0.00168758607469, 0.00566870719194, 0.0098042236641, 0.0316339731216, 0.0574301071465, 0.0724475979805, 0.131581172347, 0.129697948694, 0.198963850737, 0.389977663755, 0.563075602055, 0.345688611269, 0.484175384045, 0.376407474279, 0.18851852417, 0.184427797794, 0.326688200235, 0.0396534055471, 0.0371035337448, 0.207030043006, 0.0691459774971, 0.00996878463775, 0.00134883169085, 0.0156478397548, 0.0541832894087, 0.00548661965877, 0.00022812053794, 0.000130461237859, 3.90868735849e-05, 1.37511296998e-05, 7.12426890459e-06, 4.71521752843e-06, 3.32636795974e-06, 1.68403573753e-06, 8.22277058887e-07, 2.44493662649e-07, 5.50968536572e-07, 9.76180217549e-07],
        "stdev": [0.141838923097, 1.59536981583, 1.87309217453, 4.38182973862, 3.69780230522, 11.9596204758, 48.1998901367, 50.018196106, 36.2171363831, 27.979511261, 29.3812942505, 63.70753479, 76.6224517822, 117.004959106, 56.9903640747, 52.3627090454, 85.612991333, 51.5785903931, 35.9984855652, 22.3958911896, 28.6501865387, 26.3522949219, 30.2324542999, 86.4321136475, 70.8190765381, 48.328327179, 23.2815876007, 12.5814971924, 10.0750656128, 11.0976705551, 9.67024707794, 8.77275753021, 6.10252761841, 2.89863777161, 0.759686410427, 0.0381204150617, 0.00137325236574, 0.0002807440178, 6.29719579592e-05, 1.75876266439e-05]
    },
    "gfcc": {
        "mean": [-53.8998565674, 141.481155396, -172.642486572, 39.4968681335, -63.8392219543, -5.69799137115, -25.4101581573, -12.4657011032, -20.4855995178, -17.8866462708, 8.0591917038, -20.1183490753, 6.58769226074],
        "cov": [[2728.46191406, -1256.94897461, 477.750732422, 600.458374023, -399.090026855, 834.676940918, -240.391143799, 460.230285645, -59.5373077393, 142.597045898, 62.9657974243, 44.2738037109, 7.64304733276], [-1256.94897461, 2114.109375, -226.678451538, -168.193466187, 984.263977051, -796.811462402, 713.588195801, -326.860839844, 236.567657471, 31.894411087, 30.3391990662, 8.12302589417, 57.9028434753], [477.750732422, -226.678451538, 1141.1282959, 349.848388672, -138.805175781, 587.976257324, -334.105712891, 283.199584961, 99.435585022, 40.6376266479, -80.2651977539, 54.1768913269, 55.2528343201], [600.458374023, -168.193466187, 349.848388672, 556.315795898, 40.9247169495, 317.042541504, 90.0795135498, 96.1033706665, 138.762390137, 31.3749046326, -34.6079101562, 90.212890625, -3.72536945343], [-399.090026855, 984.263977051, -138.805175781, 40.9247169495, 787.598083496, -339.69128418, 527.320007324, -28.9272861481, 25.2007980347, 155.958221436, -8.55058860779, 43.3835220337, 45.9667778015], [834.676940918, -796.811462402, 587.976257324, 317.042541504, -339.69128418, 790.061828613, -265.601898193, 281.56640625, -1.2021009922, 15.8216171265, -10.1827831268, 9.74407672882, -2.75041079521], [-240.391143799, 713.588195801, -334.105712891, 90.0795135498, 527.320007324, -265.601898193, 766.540893555, -107.338500977, 50.0601348877, 123.062225342, 11.7167463303, 78.8137817383, -50.7536201477], [460.230285645, -326.860839844, 283.199584961, 96.1033706665, -28.9272861481, 281.56640625, -107.338500977, 383.976989746, -90.1187820435, 87.2766418457, 37.0775413513, -78.7388687134, 73.1189956665], [-59.5373077393, 236.567657471, 99.435585022, 138.762390137, 25.2007980347, -1.2021009922, 50.0601348877, -90.1187820435, 256.156616211, -38.4210548401, -21.5553455353, 82.8497314453, -32.9742431641], [142.597045898, 31.894411087, 40.6376266479, 31.3749046326, 155.958221436, 15.8216171265, 123.062225342, 87.2766418457, -38.4210548401, 190.257965088, -31.8424472809, 23.2849273682, 19.7879772186], [62.9657974243, 30.3391990662, -80.2651977539, -34.6079101562, -8.55058860779, -10.1827831268, 11.7167463303, 37.0775413513, -21.5553455353, -31.8424472809, 163.939804077, -56.9225921631, 30.5023975372], [44.2738037109, 8.12302589417, 54.1768913269, 90.212890625, 43.3835220337, 9.74407672882, 78.8137817383, -78.7388687134, 82.8497314453, 23.2849273682, -56.9225921631, 210.697174072, -48.3838920593], [7.64304733276, 57.9028434753, 55.2528343201, -3.72536945343, 45.9667778015, -2.75041079521, -50.7536201477, 73.1189956665, -32.9742431641, 19.7879772186, 30.5023975372, -48.3838920593, 113.301757812]],
        "icov": [[0.000813741935417, 2.32023739954e-05, 0.00026825335226, -0.000849243311677, 0.000300220242934, -0.000315656681778, 0.000222646165639, -0.00045819306979, 0.000262772140559, -0.000713059911504, -0.000533566402737, -0.00028739584377, 0.000262399873463], [2.32023739954e-05, 0.00513084046543, -0.00264639290981, 0.00258857873268, -0.00469769025221, 0.0022554078605, -0.00232156342827, 0.00258803437464, -0.00419536046684, 0.00211048405617, -0.00103189016227, 0.00271163717844, -0.00215134397149], [0.00026825335226, -0.00264639290981, 0.00360514852218, -0.00197501899675, 0.00179459631909, -0.0024579197634, 0.00231198268011, -0.00215145619586, 0.00137067376636, -0.00134855008218, 0.00113461865112, -0.00189004896674, 0.000669524248224], [-0.000849243311677, 0.00258857873268, -0.00197501899675, 0.00575163122267, -0.00293128425255, 1.99923179025e-05, -0.00235608662479, 0.00148903485388, -0.00390512449667, 0.00230082799681, 0.000483138195705, 0.00108334165998, -0.00214578071609], [0.000300220242934, -0.00469769025221, 0.00179459631909, -0.00293128425255, 0.00808836426586, -0.000576798629481, -3.14285207423e-05, -0.00295162247494, 0.00396490562707, -0.00329046975821, 0.000960452773143, -0.00267845462076, 0.00033046057797], [-0.000315656681778, 0.0022554078605, -0.0024579197634, 1.99923179025e-05, -0.000576798629481, 0.00503839924932, -0.00131442549173, -0.000209967809496, -0.00122744136024, 0.000863678171299, -0.000696677539963, 0.00113146658987, 0.000133645560709], [0.000222646165639, -0.00232156342827, 0.00231198268011, -0.00235608662479, -3.14285207423e-05, -0.00131442549173, 0.00489630969241, -0.000932605355047, 0.0017840093933, -0.0023704264313, -0.000590944080614, -0.00152376806363, 0.00318406615406], [-0.00045819306979, 0.00258803437464, -0.00215145619586, 0.00148903485388, -0.00295162247494, -0.000209967809496, -0.000932605355047, 0.00749970180914, -0.000966118241195, -0.000839644053485, -0.00155116140377, 0.00312859192491, -0.00263976957649], [0.000262772140559, -0.00419536046684, 0.00137067376636, -0.00390512449667, 0.00396490562707, -0.00122744136024, 0.0017840093933, -0.000966118241195, 0.00966238882393, -0.000867415452376, 0.000178059664904, -0.00342822843231, 0.00256537948735], [-0.000713059911504, 0.00211048405617, -0.00134855008218, 0.00230082799681, -0.00329046975821, 0.000863678171299, -0.0023704264313, -0.000839644053485, -0.000867415452376, 0.0103131281212, 0.00221925973892, -4.83191179228e-05, -0.00213293591514], [-0.000533566402737, -0.00103189016227, 0.00113461865112, 0.000483138195705, 0.000960452773143, -0.000696677539963, -0.000590944080614, -0.00155116140377, 0.000178059664904, 0.00221925973892, 0.00861772987992, 0.000680588011164, -0.00200947467238], [-0.00028739584377, 0.00271163717844, -0.00189004896674, 0.00108334165998, -0.00267845462076, 0.00113146658987, -0.00152376806363, 0.00312859192491, -0.00342822843231, -4.83191179228e-05, 0.000680588011164, 0.00861700437963, 0.000510713260155], [0.000262399873463, -0.00215134397149, 0.000669524248224, -0.00214578071609, 0.00033046057797, 0.000133645560709, 0.00318406615406, -0.00263976957649, 0.00256537948735, -0.00213293591514, -0.00200947467238, 0.000510713260155, 0.0143879149109]]
    },
    "melbands": {
        "max": [0.0104350568727, 0.0119246793911, 0.0102717587724, 0.0032831360586, 0.0129489377141, 0.00927169714123, 0.0117905149236, 0.00754274521023, 0.00378029141575, 0.0058009349741, 0.00668462784961, 0.00397852854803, 0.00206940690987, 0.00231108441949, 0.00240185973234, 0.00297574698925, 0.00123613537289, 0.000911591516342, 0.00113577768207, 0.000296889280435, 0.000651408161502, 0.000450229243143, 0.000400811317377, 0.00032978746458, 0.000757625384722, 0.00039673523861, 0.000696661358234, 0.000320958468365, 0.000261491921265, 0.000124252052046, 0.000124989906908, 0.000125632723211, 7.29596722522e-05, 0.000107202686195, 9.15658019949e-05, 7.02745674062e-05, 0.000159162809723, 8.94295080798e-05, 7.64920332585e-05, 3.37097953889e-05],
        "mean": [0.0010012142593, 0.000880670908373, 0.000467590958579, 0.00025934210862, 0.000884744978976, 0.000632994575426, 0.000209446108784, 8.22144647827e-05, 0.000131214183057, 0.000175770313945, 0.000128816740471, 0.000219899142394, 0.000128812578623, 7.37912341719e-05, 6.62758757244e-05, 0.000108136227936, 4.14018250012e-05, 2.73607929557e-05, 2.93225675705e-05, 1.43920733535e-05, 1.60541112564e-05, 1.37257602546e-05, 1.24273583424e-05, 1.4703472516e-05, 3.40310180036e-05, 2.10636590054e-05, 2.58662967099e-05, 1.56327678269e-05, 7.72246403358e-06, 2.77707636087e-06, 2.15115346691e-06, 1.65549647591e-06, 1.63202230397e-06, 1.6939585521e-06, 1.38487484946e-06, 1.33736284624e-06, 1.23536085539e-06, 8.7947165639e-07, 8.39363792693e-07, 4.16535556269e-07],
        "min": [8.35472206973e-08, 1.00087254395e-06, 1.37547544909e-06, 6.8183072699e-07, 2.23594361159e-06, 6.04187277986e-07, 1.96682026399e-06, 7.86085081472e-07, 9.02122508251e-07, 1.92261109078e-06, 1.20610832255e-06, 1.04882462892e-06, 1.51067808929e-06, 7.87010549175e-07, 5.39743155059e-07, 1.52860238245e-07, 3.14395038004e-07, 4.71516273137e-07, 3.81481655154e-08, 2.56684611344e-08, 5.00837167294e-08, 6.5768517743e-08, 8.45161167717e-08, 3.38051258097e-08, 6.93058388457e-11, 1.03606611138e-11, 9.67347816433e-12, 2.73533539569e-11, 8.79888517602e-09, 1.86279547343e-09, 2.94651239172e-13, 3.52845872095e-13, 1.53814135907e-13, 1.0853018923e-13, 2.47087154339e-13, 1.49130165682e-13, 1.60353379338e-13, 1.65043990302e-13, 1.2030720658e-13, 1.02952253656e-13],
        "stdev": [0.00159825570881, 0.0013664412545, 0.000667739543132, 0.000408569147112, 0.00145447789691, 0.00106788706034, 0.000540793698747, 0.000257645820966, 0.000301267311443, 0.000452129141195, 0.000385541265132, 0.000456927315099, 0.000241467772867, 0.000196036460693, 0.000141123484354, 0.000251325545833, 8.68402421474e-05, 5.46006012883e-05, 6.12473013462e-05, 2.41374254983e-05, 3.97910625907e-05, 3.14481076202e-05, 2.54243313975e-05, 2.66594088316e-05, 8.47266055644e-05, 4.23527308158e-05, 6.56379488646e-05, 3.0961142329e-05, 1.91515937331e-05, 7.66282937548e-06, 7.47424655856e-06, 6.03177204539e-06, 5.61890601602e-06, 6.5041963353e-06, 5.73967781747e-06, 4.90273032483e-06, 6.20154560238e-06, 4.1288913053e-06, 4.08982896261e-06, 2.02072124011e-06]
    },
    "melbands128": {
        "max": [0.000883598695509, 0.00666305562481, 0.0163943581283, 0.0147504229099, 0.0129660237581, 0.0158746801317, 0.0130913071334, 0.0097898747772, 0.00610800879076, 0.00542016979307, 0.00650715269148, 0.0185880381614, 0.0215488206595, 0.0217357166111, 0.0122061483562, 0.02062398009, 0.0114356465638, 0.0159346852452, 0.016577322036, 0.0144876735285, 0.00275300419889, 0.00332123995759, 0.00615518493578, 0.00660333875567, 0.00842313654721, 0.00789174437523, 0.0193888116628, 0.00694145727903, 0.00442815385759, 0.00786271132529, 0.00857788231224, 0.00710562663153, 0.00211554113775, 0.00335379457101, 0.00441712886095, 0.00487084919587, 0.00135857472196, 0.00541981309652, 0.00250374455936, 0.00397665472701, 0.00533329229802, 0.00416346127167, 0.00263404822908, 0.000979343079962, 0.000907873967662, 0.000916597491596, 0.00352970464155, 0.0022201356478, 0.000583581335377, 0.000558631145395, 0.000306955887936, 0.000607277674135, 0.000932270428166, 0.00161647319328, 0.000627594999969, 0.000763621006627, 0.000425916485256, 0.000399154232582, 0.000541048706509, 0.0012198407203, 0.000319430662785, 0.000962429330684, 0.00124011421576, 0.00168108800426, 0.00113018113188, 0.000556621642318, 0.000898988451809, 0.00179514510091, 0.00149746215902, 0.00070171977859, 0.000557992840186, 0.000463978707558, 0.000727852166165, 0.000333815958584, 0.000279477739241, 0.000121186290926, 0.000149895859067, 0.000120758581033, 0.000169964667293, 0.000158557508257, 0.000137106864713, 0.000131747248815, 0.000153859029524, 7.8290438978e-05, 0.000146774909808, 0.000148478036863, 0.000107197447505, 0.000111662026029, 9.80457480182e-05, 0.000117947565741, 9.42434198805e-05, 6.99494121363e-05, 6.4691521402e-05, 0.000215323234443, 0.000199277128559, 7.13868648745e-05, 5.5551809055e-05, 0.00012176707969, 0.00010549237777, 4.84974989376e-05, 3.58580145985e-05, 4.14483438362e-05, 2.87776401819e-05, 2.03831277759e-05, 1.90790160559e-05, 1.25121187011e-05, 3.63261574421e-06, 1.11236275302e-07, 1.06864945337e-07, 1.02753169529e-07, 9.87993757917e-08, 9.51114174086e-08, 9.17609455087e-08, 8.85966358055e-08, 8.56412185612e-08, 8.29230870636e-08, 8.03961697216e-08, 7.80936417755e-08, 7.59197646971e-08, 7.40119361353e-08, 7.22236492834e-08, 7.07207661321e-08, 6.93135788765e-08, 6.81311789208e-08, 6.71882531833e-08, 6.64013128926e-08, 6.58173391344e-08, 6.54737917216e-08],
        "mean": [3.31497067236e-05, 0.000459082162706, 0.00168313935865, 0.0015453689266, 0.000647490844131, 0.000544015550986, 0.000692615401931, 0.00040847674245, 0.000190876278793, 0.000173775828443, 0.000293665216304, 0.000660054851323, 0.00113880238496, 0.00110464030877, 0.000623195781372, 0.000420545984525, 0.000226802672842, 0.000185334385606, 0.000172852218384, 7.73362844484e-05, 4.75790147902e-05, 5.63954854442e-05, 0.000156896465342, 0.000195017579244, 0.000144194476889, 0.000184774471563, 0.000197804925847, 0.000102696343674, 9.70112960204e-05, 0.00012849381892, 0.000347058288753, 0.000252097350312, 6.53649840388e-05, 7.95662999735e-05, 0.00010291167564, 6.09317758062e-05, 4.12404770032e-05, 8.47205665195e-05, 4.88480436616e-05, 0.000113410256745, 0.000141946176882, 7.14050693205e-05, 3.97416806663e-05, 2.45651499426e-05, 2.48530577664e-05, 2.62316298176e-05, 3.08975431835e-05, 4.3170657591e-05, 1.86388388101e-05, 1.56909936777e-05, 1.36674498208e-05, 1.38432051244e-05, 1.60476847668e-05, 1.80899805855e-05, 1.42181224874e-05, 1.53341297846e-05, 1.08517342596e-05, 8.91070794751e-06, 1.45329568113e-05, 1.6728978153e-05, 1.14113518066e-05, 1.37937458931e-05, 3.07415648422e-05, 4.68537473353e-05, 2.87441453111e-05, 1.39551148095e-05, 1.69176455529e-05, 3.50616937794e-05, 2.83469162241e-05, 1.357651945e-05, 1.72248492163e-05, 1.618996248e-05, 1.00227953226e-05, 6.74685861668e-06, 3.98530482926e-06, 2.73619593827e-06, 2.2526273824e-06, 2.22281323659e-06, 2.30258206102e-06, 1.8741926624e-06, 1.73557111793e-06, 1.54702649979e-06, 1.44403486502e-06, 1.551346827e-06, 1.8555887209e-06, 1.96397218133e-06, 1.54909730554e-06, 1.38076393341e-06, 1.28423300794e-06, 1.48596370764e-06, 1.44614500641e-06, 1.25626968384e-06, 1.23511472339e-06, 1.37125311994e-06, 1.15624595765e-06, 8.63515424498e-07, 7.80809557455e-07, 9.38454206789e-07, 1.02282774606e-06, 7.01754117927e-07, 4.23449279197e-07, 4.08683462183e-07, 3.43883357345e-07, 2.83897861664e-07, 1.52834601863e-07, 1.16834371511e-07, 1.61544519983e-08, 1.72481015581e-10, 7.42061689873e-11, 7.11774736373e-11, 6.84015274977e-11, 6.58239018847e-11, 6.34727756466e-11, 6.12572700898e-11, 5.9202913405e-11, 5.73147675154e-11, 5.55627800713e-11, 5.39624005202e-11, 5.24623816611e-11, 5.11364076083e-11, 4.9894022941e-11, 4.88540874422e-11, 4.78822329009e-11, 4.70567994293e-11, 4.63640861814e-11, 4.57466044212e-11, 4.53052456661e-11, 4.5061929882e-11],
        "min": [3.59309221265e-10, 5.18578557873e-09, 1.22442358474e-08, 4.66465621685e-08, 4.5083837108e-08, 2.34463186644e-07, 6.81081019138e-07, 5.66576090932e-07, 3.52358540567e-07, 1.23711856759e-07, 1.6151437876e-07, 9.66839024841e-07, 3.56570694748e-07, 7.00496372019e-08, 2.71362694093e-07, 2.91020683107e-07, 4.6386418262e-07, 3.54508415512e-07, 3.30438382434e-07, 5.24713996697e-08, 1.70857063608e-07, 1.14715007271e-07, 3.38846973591e-07, 2.03066491622e-07, 3.99421935526e-07, 2.36850723923e-07, 3.17563859653e-07, 4.97699375046e-07, 3.34593607931e-07, 2.5411173965e-07, 1.24088259668e-07, 1.22209002029e-07, 6.99073652299e-08, 1.20721580288e-07, 1.09221346634e-07, 1.3514004138e-07, 9.20089107126e-08, 1.37033381975e-07, 5.86155621818e-08, 1.10297058598e-07, 1.36107018989e-07, 4.57112925289e-08, 2.55560141937e-08, 1.137403558e-07, 7.78090907261e-08, 5.50199636962e-08, 8.45349479306e-09, 2.83953802693e-08, 9.47953004982e-09, 3.58584131277e-08, 2.85540502354e-09, 4.11791889476e-09, 2.51587994882e-09, 6.70364812549e-08, 1.57910911014e-08, 1.69542846429e-09, 9.66651647616e-10, 1.07138093952e-08, 4.62915785704e-08, 4.53208528484e-08, 1.90550950019e-10, 8.15718811942e-11, 1.04262924683e-10, 6.18965156907e-11, 1.21548240223e-11, 8.33430026381e-12, 1.07184209425e-11, 8.75632292369e-12, 1.05560334779e-11, 8.77718297349e-12, 8.40584893358e-12, 2.72844628835e-11, 1.33308294958e-10, 1.99484331831e-10, 1.43603762215e-09, 1.24198665241e-10, 1.74911799454e-12, 3.01692915441e-13, 2.69835857217e-13, 1.70219822395e-13, 1.54785282898e-13, 2.14812339466e-13, 1.45893171676e-13, 1.33627145265e-13, 9.47942963817e-14, 1.45326540515e-13, 8.56964103629e-14, 6.40046623015e-14, 1.49690738862e-13, 1.99496574317e-13, 1.34545288322e-13, 1.44301725517e-13, 1.36771548405e-13, 1.75137153586e-13, 1.56145333208e-13, 1.40879509122e-13, 1.39348344604e-13, 1.36454297297e-13, 1.1278384639e-13, 9.04594595844e-14, 1.05313896709e-13, 9.3543086417e-14, 1.10227785558e-13, 9.13968946641e-14, 6.13895395564e-14, 1.01271232069e-13, 6.84521138231e-14, 8.76343336548e-14, 7.82132063108e-14, 9.52209705941e-14, 6.77701980905e-14, 6.8804113611e-14, 1.05304775858e-13, 5.97880306461e-14, 1.11968993918e-13, 6.82533727887e-14, 7.29534840741e-14, 9.846968076e-14, 1.07419044634e-13, 9.22424707147e-14, 8.22071970501e-14, 9.22312288934e-14, 1.00501285896e-13, 7.89427456239e-14, 6.08073365423e-14, 2.55934833602e-14, 2.98657803268e-15, 1.04239811869e-16],
        "stdev": [8.14671511762e-05, 0.000845660106279, 0.00278180930763, 0.00273460522294, 0.00113749678712, 0.000952981587034, 0.00104655185714, 0.000635532021988, 0.000386259634979, 0.000352594506694, 0.000611347611994, 0.00182281655725, 0.00209805066697, 0.0018948118668, 0.00139206158929, 0.00140462827403, 0.000640263257083, 0.000706266087946, 0.000594864541199, 0.000403488753363, 0.000165794088389, 0.000197410205146, 0.000432236178312, 0.000540711858775, 0.000566393544432, 0.000587866641581, 0.00103073846549, 0.000378586672014, 0.000275214377325, 0.000412543915445, 0.000850690819789, 0.00070739799412, 0.000164761077031, 0.000270704680588, 0.000322219595546, 0.000274022604572, 0.000108649357571, 0.000254664628301, 0.000135692811455, 0.000316257763188, 0.000444256467745, 0.000224009127123, 0.000119554024423, 6.36960176053e-05, 6.79096483509e-05, 6.44319152343e-05, 0.000126049344544, 0.000111625609861, 3.68944274669e-05, 3.4960485209e-05, 2.63418914983e-05, 3.58914330718e-05, 4.48575956398e-05, 7.17241709935e-05, 4.17163028033e-05, 4.45807199867e-05, 2.72307388514e-05, 2.26355587074e-05, 3.80177771149e-05, 5.09072742716e-05, 2.43459617195e-05, 3.89519700548e-05, 9.6908181149e-05, 0.000157182934345, 8.77775382833e-05, 3.88805492548e-05, 5.64280562685e-05, 0.000128667947138, 9.85243605101e-05, 3.48287139786e-05, 4.11658038502e-05, 4.4618780521e-05, 3.40618353221e-05, 1.95184384211e-05, 1.11542094601e-05, 7.93203435023e-06, 7.56510871724e-06, 7.13636518412e-06, 9.09399204829e-06, 7.31603859094e-06, 6.78091691952e-06, 5.85173393119e-06, 6.09980043009e-06, 5.46361661691e-06, 7.27766519049e-06, 8.079701729e-06, 6.22657216809e-06, 6.38051733404e-06, 5.87706335864e-06, 6.56394649923e-06, 5.5133987189e-06, 4.65749326395e-06, 4.78648007629e-06, 7.89160640124e-06, 7.07146728018e-06, 4.08059941037e-06, 3.46890101355e-06, 4.97247674502e-06, 5.36507241122e-06, 3.42660291608e-06, 2.26418637794e-06, 2.12743520933e-06, 1.68497524555e-06, 1.41336420256e-06, 8.66109814979e-07, 7.14341467756e-07, 1.31114774149e-07, 2.92836777049e-09, 2.7124746893e-09, 2.60814703168e-09, 2.50774756516e-09, 2.4141757482e-09, 2.32914332265e-09, 2.24877805266e-09, 2.17379758638e-09, 2.10480832763e-09, 2.04065742082e-09, 1.98222482872e-09, 1.92702076518e-09, 1.87861415313e-09, 1.83323123348e-09, 1.79507864129e-09, 1.75934156132e-09, 1.72934122578e-09, 1.70541769595e-09, 1.68544966872e-09, 1.67062941259e-09, 1.66190927686e-09]
    },
    "mfcc": {
        "mean": [-677.518066406, 155.920394897, -43.3395652771, 33.2435035706, -11.7394886017, -4.30895090103, 8.59243488312, -6.52567958832, -14.5855016708, 4.54290390015, -18.0725040436, 1.71163713932, -10.4073734283],
        "cov": [[3049.33129883, -1952.28625488, 955.159973145, -240.932159424, 84.7612991333, 343.131011963, -122.684707642, 372.899871826, -6.46768379211, 49.6846656799, 294.915496826, -107.599189758, 195.675064087], [-1952.28625488, 2957.37744141, -1484.40661621, 831.715942383, -55.6238288879, -217.450119019, 479.292785645, -376.317504883, 198.728424072, 75.0079803467, -169.974517822, 273.379608154, -155.939651489], [955.159973145, -1484.40661621, 1938.44384766, -621.81262207, 478.092102051, 243.183380127, -413.038146973, 375.509643555, -2.43129229546, 1.60917448997, 125.96762085, -110.043205261, 117.802879333], [-240.932159424, 831.715942383, -621.81262207, 826.285217285, -179.251052856, 242.863601685, 160.878677368, 39.2052764893, 186.757263184, -12.8254184723, 130.264282227, 45.2796936035, 36.6110496521], [84.7612991333, -55.6238288879, 478.092102051, -179.251052856, 523.446777344, -177.622680664, 112.071594238, -44.1685600281, 113.418106079, 53.0611495972, -41.8639183044, 65.9689102173, -22.3736591339], [343.131011963, -217.450119019, 243.183380127, 242.863601685, -177.622680664, 653.617492676, -242.504516602, 321.285186768, 62.1061325073, -99.5389328003, 243.250228882, -87.7833786011, 130.096130371], [-122.684707642, 479.292785645, -413.038146973, 160.878677368, 112.071594238, -242.504516602, 761.641845703, -229.824996948, 221.297897339, 131.064880371, 9.7908706665, 123.090744019, -90.1807861328], [372.899871826, -376.317504883, 375.509643555, 39.2052764893, -44.1685600281, 321.285186768, -229.824996948, 400.723815918, -72.3517532349, 26.5721340179, 112.419212341, -77.9002990723, 137.481063843], [-6.46768379211, 198.728424072, -2.43129229546, 186.757263184, 113.418106079, 62.1061325073, 221.297897339, -72.3517532349, 373.542266846, -81.2356719971, 181.445007324, 35.3127059937, -3.60735583305], [49.6846656799, 75.0079803467, 1.60917448997, -12.8254184723, 53.0611495972, -99.5389328003, 131.064880371, 26.5721340179, -81.2356719971, 275.024871826, -111.474082947, 89.8358459473, -55.8239784241], [294.915496826, -169.974517822, 125.96762085, 130.264282227, -41.8639183044, 243.250228882, 9.7908706665, 112.419212341, 181.445007324, -111.474082947, 315.88067627, -87.841217041, 134.276733398], [-107.599189758, 273.379608154, -110.043205261, 45.2796936035, 65.9689102173, -87.7833786011, 123.090744019, -77.9002990723, 35.3127059937, 89.8358459473, -87.841217041, 196.958648682, -88.117149353], [195.675064087, -155.939651489, 117.802879333, 36.6110496521, -22.3736591339, 130.096130371, -90.1807861328, 137.481063843, -3.60735583305, -55.8239784241, 134.276733398, -88.117149353, 200.590026855]],
        "icov": [[0.000727684702724, 0.000600313825998, 8.65351394168e-05, -0.000258241256233, -0.000250223150942, -0.000158200462465, -0.000121021301311, 2.96505786537e-05, 0.00019184363191, -0.00028966498212, -0.000441333308117, -0.000422213895945, -0.000214096624404], [0.000600313825998, 0.00130558665842, 0.000588033988606, -0.000735342619009, -0.000684742990416, -0.000249946693657, -6.6611105467e-06, 0.000275724625681, -4.14472851844e-05, -0.000295726407785, 7.65868462622e-05, -0.000733027758542, -0.000344330095686], [8.65351394168e-05, 0.000588033988606, 0.00204593874514, 0.000871664611623, -0.00181655178312, -0.000764773634728, 0.000630959111731, -0.00080650637392, -0.000601059349719, -0.000551580218598, -0.000222018265049, 5.58177744097e-05, 0.000150738793309], [-0.000258241256233, -0.000735342619009, 0.000871664611623, 0.00322231417522, 0.000178583941306, -0.00107008975465, 3.68605396943e-05, -0.000833530852105, -0.00148087600246, -0.000440437841462, 0.000186653211131, 0.00013758635032, -0.000331692310283], [-0.000250223150942, -0.000684742990416, -0.00181655178312, 0.000178583941306, 0.00469636172056, 0.00148778024595, -0.000442635529907, -0.000148814520799, -0.00180985522456, 0.000100624609331, 0.00140782620292, -0.000446264632046, -0.000935093208682], [-0.000158200462465, -0.000249946693657, -0.000764773634728, -0.00107008975465, 0.00148778024595, 0.00467068981379, 0.000555921986233, -0.00257244589739, -0.000239500281168, 0.000988589017652, -0.00182784860954, -0.000456557580037, 0.00104802544229], [-0.000121021301311, -6.6611105467e-06, 0.000630959111731, 3.68605396943e-05, -0.000442635529907, 0.000555921986233, 0.00289664813317, 0.000704100122675, -0.00156999891624, -0.00190564675722, -0.000810319033917, -1.85302917544e-06, 0.000128411629703], [2.96505786537e-05, 0.000275724625681, -0.00080650637392, -0.000833530852105, -0.000148814520799, -0.00257244589739, 0.000704100122675, 0.00749962078407, 0.00137486122549, -0.00247515714727, -0.000405235827202, 0.00034090373083, -0.00260364054702], [0.00019184363191, -4.14472851844e-05, -0.000601059349719, -0.00148087600246, -0.00180985522456, -0.000239500281168, -0.00156999891624, 0.00137486122549, 0.00852854549885, 0.0021208813414, -0.00547727709636, -0.00168308813591, 0.00238001858816], [-0.00028966498212, -0.000295726407785, -0.000551580218598, -0.000440437841462, 0.000100624609331, 0.000988589017652, -0.00190564675722, -0.00247515714727, 0.0021208813414, 0.00714874546975, 0.000948384113144, -0.00203162035905, 0.00116704334505], [-0.000441333308117, 7.65868462622e-05, -0.000222018265049, 0.000186653211131, 0.00140782620292, -0.00182784860954, -0.000810319033917, -0.000405235827202, -0.00547727709636, 0.000948384113144, 0.0114780403674, 0.00208451203071, -0.004760034848], [-0.000422213895945, -0.000733027758542, 5.58177744097e-05, 0.00013758635032, -0.000446264632046, -0.000456557580037, -1.85302917544e-06, 0.00034090373083, -0.00168308813591, -0.00203162035905, 0.00208451203071, 0.00886353198439, 0.00169856881257], [-0.000214096624404, -0.000344330095686, 0.000150738793309, -0.000331692310283, -0.000935093208682, 0.00104802544229, 0.000128411629703, -0.00260364054702, 0.00238001858816, 0.00116704334505, -0.004760034848, 0.00169856881257, 0.0102568427101]]
    },
    "spectral_contrast_coeffs": {
        "max": [-0.3915399611, -0.437829107046, -0.476928412914, -0.586611151695, -0.576043665409, -0.343434393406],
        "mean": [-0.663999080658, -0.747868895531, -0.752845466137, -0.787425458431, -0.772876441479, -0.643007338047],
        "min": [-0.867306172848, -0.914273798466, -0.897616028786, -0.899220883846, -0.865853428841, -0.908334314823],
        "stdev": [0.0979265645146, 0.0741342529655, 0.0717650353909, 0.052177362144, 0.0531700253487, 0.088326819241]
    },
    "spectral_contrast_valleys": {
        "max": [-5.1944475174, -4.64407253265, -5.16639852524, -5.63292980194, -5.28428316116, -7.66131782532],
        "mean": [-7.19167566299, -6.8580365181, -7.21546888351, -7.54517173767, -7.51915216446, -12.8577156067],
        "min": [-9.59224033356, -8.36618614197, -8.92067432404, -10.4373292923, -13.4878578186, -16.6678962708],
        "stdev": [0.956039428711, 0.505915820599, 0.520965456963, 0.532698690891, 0.702905893326, 1.78956997395]
    }
},
"rhythm": {
    "beats_count": 50,
    "beats_loudness": {
        "max": 0.0469186641276,
        "mean": 0.0211123488843,
        "min": 0.00638119038194,
        "stdev": 0.00954978819937
    },
    "bpm": 85.0159301758,
    "bpm_histogram_first_peak_bpm": 85,
    "bpm_histogram_first_peak_weight": 0.0208333134651,
    "bpm_histogram_second_peak_bpm": 78,
    "bpm_histogram_second_peak_spread": 0,
    "bpm_histogram_second_peak_weight": 0.0204081628472,
    "danceability": 1.16600704193,
    "onset_rate": 3.52752876282,
    "beats_loudness_band_ratio": {
        "max": [0.835363030434, 0.81477946043, 0.431225091219, 0.76216250658, 0.396414399147, 0.312488287687],
        "mean": [0.200011789799, 0.273679047823, 0.134021341801, 0.214520305395, 0.12005533278, 0.0881402939558],
        "min": [0.00409859418869, 0.0159443598241, 0.016925688833, 0.0254481323063, 0.010803444311, 0.00184996251483],
        "stdev": [0.193905025721, 0.233946785331, 0.104222536087, 0.17363743484, 0.0940207690001, 0.0718224272132]
    },
    "beats_position": [0.766258478165, 1.53251695633, 2.24072551727, 2.93732428551, 3.64553284645, 4.35374164581, 5.06195020676, 5.7701587677, 6.47836732864, 7.17496585846, 7.87156438828, 8.57977294922, 9.287981987, 9.99619007111, 10.7043991089, 11.412607193, 12.1208162308, 12.8290243149, 13.5372333527, 14.2338323593, 14.9304304123, 15.6386394501, 16.3468475342, 17.0550556183, 17.7632656097, 18.4714736938, 19.179681778, 19.8762817383, 20.5728797913, 21.2694778442, 21.9776859283, 22.6858959198, 23.405714035, 24.1139221191, 24.8221302032, 25.5303401947, 26.2385482788, 26.9351463318, 27.6433563232, 28.3515644073, 29.0481624603, 29.7563705444, 30.4645805359, 31.17278862, 31.8809967041, 32.5892066956, 33.2974128723, 33.99401474, 34.7022209167, 35.4104309082],
