{
"metadata": {
    "version": {
        "essentia": "2.1-beta5",
        "essentia_git_sha": "Undefined",
        "extractor": "music 2.0"
    },
    "audio_properties": {
        "analysis": {
            "equal_loudness": 0,
            "length": 12.7477550507,
            "sample_rate": 44100,
            "start_time": 0,
            "downmix": "mix"
        },
        "bit_rate": 192000,
        "length": 185.225585938,
        "lossless": 0,
        "number_channels": 2,
        "replay_gain": -6.79398727417,
        "sample_rate": 48000,
        "codec": "mp3",
        "md5_encoded": "9a9a21352c23703454cac2137dddf5ec"
    },
    "tags": {
        "file_name": "Cyprus_Feeling Alive_Stelios Constantas.mp3",
        "encoding": ["Lavf58.29.100"]
    }
},
"lowlevel": {
    "average_loudness": 0.923234283924,
    "barkbands_crest": {
        "max": 23.7599830627,
        "mean": 8.57941627502,
        "min": 2.56969738007,
        "stdev": 4.91849088669
    },
    "barkbands_flatness_db": {
        "max": 0.271261155605,
        "mean": 0.141156420112,
        "min": 0.0252342689782,
        "stdev": 0.0326271913946
    },
    "barkbands_kurtosis": {
        "max": 43.6830825806,
        "mean": 1.38835704327,
        "min": -1.80194878578,
        "stdev": 4.35366106033
    },
    "barkbands_skewness": {
        "max": 6.12937450409,
        "mean": 0.998840868473,
        "min": -1.84678590298,
        "stdev": 1.04203760624
    },
    "barkbands_spread": {
        "max": 90.7528762817,
        "mean": 28.9103145599,
        "min": 4.3805141449,
        "stdev": 15.3007049561
    },
    "dissonance": {
        "max": 0.499999940395,
        "mean": 0.479680448771,
        "min": 0.412678718567,
        "stdev": 0.0143374856561
    },
    "dynamic_complexity": 1.86523628235,
    "erbbands_crest": {
        "max": 19.5167312622,
        "mean": 6.78034114838,
        "min": 2.53394007683,
        "stdev": 3.14916920662
    },
    "erbbands_flatness_db": {
        "max": 0.260937482119,
        "mean": 0.171866804361,
        "min": 0.0927575752139,
        "stdev": 0.0370429903269
    },
    "erbbands_kurtosis": {
        "max": 3.12156677246,
        "mean": -0.0895561426878,
        "min": -1.60051858425,
        "stdev": 0.834891140461
    },
    "erbbands_skewness": {
        "max": 1.560806036,
        "mean": 0.0813034698367,
        "min": -1.68841767311,
        "stdev": 0.589901804924
    },
    "erbbands_spread": {
        "max": 81.7331008911,
        "mean": 40.5774383545,
        "min": 14.9310216904,
        "stdev": 14.9747037888
    },
    "hfc": {
        "max": 161.635452271,
        "mean": 29.8531246185,
        "min": 1.08627866052e-16,
        "stdev": 28.2272281647
    },
    "loudness_ebu128": {
        "integrated": -16.2250442505,
        "loudness_range": 1.74446201324,
        "momentary": {
            "max": -13.98579216,
            "mean": -16.3402690887,
            "min": -20.1455688477,
            "stdev": 1.02878046036
        },
        "short_term": {
            "max": -15.3030185699,
            "mean": -16.3530082703,
            "min": -17.2490196228,
            "stdev": 0.597466528416
        }
    },
    "melbands_crest": {
        "max": 28.249130249,
        "mean": 11.5402259827,
        "min": 2.04949164391,
        "stdev": 5.50880098343
    },
    "melbands_flatness_db": {
        "max": 0.326229542494,
        "mean": 0.127880141139,
        "min": 0.00574167817831,
        "stdev": 0.0568742342293
    },
    "melbands_kurtosis": {
        "max": 112.973007202,
        "mean": 8.5738658905,
        "min": -1.55932116508,
        "stdev": 13.9877119064
    },
    "melbands_skewness": {
        "max": 8.99977874756,
        "mean": 2.17808389664,
        "min": -0.130610585213,
        "stdev": 1.53629875183
    },
    "melbands_spread": {
        "max": 148.706451416,
        "mean": 37.7148208618,
        "min": 2.60400176048,
        "stdev": 26.5921802521
    },
    "pitch_salience": {
        "max": 0.88501483202,
        "mean": 0.603593111038,
        "min": 0.191780790687,
        "stdev": 0.138655915856
    },
    "silence_rate_20dB": {
        "max": 1,
        "mean": 1,
        "min": 1,
        "stdev": 0
    },
    "silence_rate_30dB": {
        "max": 1,
        "mean": 1,
        "min": 1,
        "stdev": 0
    },
    "silence_rate_60dB": {
        "max": 1,
        "mean": 0.00727272732183,
        "min": 0,
        "stdev": 0.0849698185921
    },
    "spectral_centroid": {
        "max": 10502.5126953,
        "mean": 1905.41894531,
        "min": 532.877380371,
        "stdev": 762.537536621
    },
    "spectral_complexity": {
        "max": 57,
        "mean": 25.8618183136,
        "min": 0,
        "stdev": 10.8228292465
    },
    "spectral_decrease": {
        "max": -1.12416145668e-28,
        "mean": -5.47611378465e-09,
        "min": -2.60276546982e-08,
        "stdev": 4.73414640823e-09
    },
    "spectral_energy": {
        "max": 0.101112931967,
        "mean": 0.0233759153634,
        "min": 1.02771601178e-20,
        "stdev": 0.0188113022596
    },
    "spectral_energyband_high": {
        "max": 0.020917635411,
        "mean": 0.00221619429067,
        "min": 7.62885979958e-21,
        "stdev": 0.00330351572484
    },
    "spectral_energyband_low": {
        "max": 0.0929776951671,
        "mean": 0.0076155886054,
        "min": 8.59805564565e-23,
        "stdev": 0.016470272094
    },
    "spectral_energyband_middle_high": {
        "max": 0.0309504438192,
        "mean": 0.00675850687549,
        "min": 1.61402738549e-21,
        "stdev": 0.00538572762161
    },
    "spectral_energyband_middle_low": {
        "max": 0.0562437660992,
        "mean": 0.00743988715112,
        "min": 3.09636664811e-22,
        "stdev": 0.00667137885466
    },
    "spectral_entropy": {
        "max": 9.81142044067,
        "mean": 7.97522830963,
        "min": 7.14185285568,
        "stdev": 0.256180793047
    },
    "spectral_flux": {
        "max": 0.238929182291,
        "mean": 0.0838980674744,
        "min": 1.01376330941e-10,
        "stdev": 0.0407943986356
    },
    "spectral_kurtosis": {
        "max": 7.99047374725,
        "mean": 1.91961073875,
        "min": -1.15431857109,
        "stdev": 1.43763947487
    },
    "spectral_rms": {
        "max": 0.00993210729212,
        "mean": 0.00446745846421,
        "min": 3.16646448645e-12,
        "stdev": 0.00168747908901
    },
    "spectral_rolloff": {
        "max": 18303.2226562,
        "mean": 2742.46899414,
        "min": 86.1328125,
        "stdev": 2174.29882812
    },
    "spectral_skewness": {
        "max": 2.05090665817,
        "mean": 1.08424019814,
        "min": 0.0207728724927,
        "stdev": 0.328394860029
    },
    "spectral_spread": {
        "max": 39278708,
        "mean": 4795558.5,
        "min": 2509859,
        "stdev": 1973942.5
    },
    "spectral_strongpeak": {
        "max": 9.09828567505,
        "mean": 1.04994559288,
        "min": 0,
        "stdev": 1.28778350353
    },
    "zerocrossingrate": {
        "max": 0.8349609375,
        "mean": 0.094975143671,
        "min": 0.00830078125,
        "stdev": 0.0595343485475
    },
    "barkbands": {
        "max": [0.00146799499635, 0.0794196203351, 0.0413290858269, 0.035712826997, 0.0322515703738, 0.021158175543, 0.00723571004346, 0.003630325431, 0.0145143968984, 0.0121869705617, 0.0090205045417, 0.0136314835399, 0.013698393479, 0.00406678859144, 0.00407963013276, 0.0110449381173, 0.00913615804166, 0.00518833240494, 0.00413232296705, 0.00326668727212, 0.00457132561132, 0.0047223996371, 0.00751469610259, 0.00570478383452, 0.00113240408245, 1.54009976541e-05, 1.39536159622e-05],
        "mean": [5.17923508596e-05, 0.00573756918311, 0.00144154054578, 0.000869977287948, 0.0018036775291, 0.00196748040617, 0.000857201055624, 0.000389618042391, 0.00107494369149, 0.000992284156382, 0.000834631733596, 0.000994884641841, 0.00075447227573, 0.000448160455562, 0.000497780041769, 0.0006185817183, 0.000707769417204, 0.000420333613874, 0.000526690622792, 0.00035932433093, 0.000494708714541, 0.000418953801272, 0.000549534976017, 0.000471878214739, 9.20515885809e-05, 3.90708017051e-08, 2.61854236072e-08],
        "min": [8.6124283758e-24, 5.96456720696e-23, 1.53406119924e-23, 2.99848554429e-24, 6.86231237411e-23, 3.87642998719e-23, 2.15715686918e-23, 1.24998809586e-22, 4.34640586216e-23, 1.11686157033e-22, 8.18032665952e-23, 5.74266694521e-23, 5.52523920924e-23, 1.06692238363e-22, 1.53676970582e-22, 8.62881049244e-23, 1.58287326148e-22, 2.29475775066e-22, 4.33249174419e-22, 3.6611743955e-22, 3.79821455465e-22, 6.05343686866e-22, 6.15490583809e-22, 7.55499586264e-22, 1.30765107649e-21, 1.72611974909e-21, 2.14763814533e-21],
        "stdev": [0.000121232049423, 0.0138631416485, 0.00404435163364, 0.00286630867049, 0.00308961025439, 0.00220070686191, 0.00109997414984, 0.000492775870953, 0.00140314607415, 0.00123603828251, 0.00110715418123, 0.00160244759172, 0.00129239575472, 0.000456453504739, 0.000600251718424, 0.000918983772863, 0.00099610874895, 0.000620111764874, 0.000664045277517, 0.000442421995103, 0.000731322681531, 0.000717378861737, 0.000931615009904, 0.000778117682785, 0.00015763308329, 6.58645092244e-07, 5.94409584664e-07]
    },
    "erbbands": {
        "max": [1.80785667896, 19.5510520935, 39.9809379578, 81.8361816406, 126.839294434, 138.405410767, 165.965530396, 210.274032593, 144.479476929, 108.817642212, 196.538223267, 276.975006104, 429.996154785, 212.465026855, 321.113189697, 703.324584961, 693.793823242, 210.325134277, 200.355667114, 297.035186768, 407.760894775, 443.154388428, 254.475860596, 211.609924316, 271.159729004, 145.945648193, 186.707809448, 200.750610352, 140.633026123, 268.605224609, 196.54977417, 165.830337524, 56.182434082, 21.6911869049, 3.97487473488, 0.201655656099, 0.0293299872428, 0.00930037442595, 0.00203820504248, 0.000229219862376],
        "mean": [0.130627900362, 1.39418721199, 1.94350337982, 2.39651322365, 4.4402256012, 6.34320259094, 7.19074344635, 17.9647636414, 17.7402477264, 10.5712070465, 10.0493793488, 23.6354560852, 33.6648101807, 29.5248394012, 33.6737785339, 45.8758468628, 37.0851325989, 25.7571239471, 23.4506969452, 30.5386638641, 35.4149436951, 34.3968315125, 28.2090740204, 21.858259201, 27.6860904694, 18.2419548035, 16.9477863312, 20.8038253784, 14.5908937454, 14.9713315964, 16.730342865, 12.6031532288, 6.06317567825, 1.77755129337, 0.326261967421, 0.0153294531628, 0.000655446958262, 9.16290300665e-05, 3.31010160153e-05, 3.46760753018e-05],
        "min": [2.38280179685e-21, 1.03411931061e-20, 1.87967116836e-20, 1.85967908537e-20, 8.9931024498e-20, 2.65201910902e-19, 2.52124211266e-19, 3.96912613218e-19, 2.38279405011e-19, 1.32984079661e-18, 2.62060041121e-18, 9.63221941418e-19, 1.30834433704e-18, 4.81278371725e-18, 3.62174413761e-18, 2.0462765042e-18, 2.23612872365e-18, 4.55274873834e-18, 7.02121160975e-18, 8.38831947789e-18, 5.03153411178e-18, 8.36973851979e-18, 1.20116435305e-17, 2.41645496572e-17, 1.61109041465e-17, 1.85044025341e-17, 2.01903074647e-17, 1.19467760268e-17, 2.42437720532e-17, 1.85473265904e-17, 1.56636442805e-17, 1.69562694976e-17, 1.37753191551e-17, 1.32131506672e-17, 8.685447717e-18, 5.54220564347e-18, 3.7977536963e-18, 1.11223914916e-18, 2.89684518329e-19, 3.24120415583e-20],
        "stdev": [0.325779139996, 3.38261818886, 4.6631975174, 6.9181432724, 10.7453403473, 11.2140483856, 11.6884050369, 22.2811813354, 21.8695869446, 12.9695863724, 14.374548912, 31.5359115601, 43.0063934326, 32.3600387573, 40.0469322205, 78.3814697266, 64.1913070679, 25.3409481049, 27.1113071442, 40.6911087036, 44.9882164001, 46.8108139038, 37.7292709351, 28.3380908966, 36.34192276, 22.3505268097, 23.8798065186, 31.2187480927, 23.468667984, 29.6307983398, 27.0920963287, 21.6676292419, 9.52655982971, 2.96289110184, 0.57928186655, 0.0266280397773, 0.00156218290795, 0.000408998137573, 9.09839072847e-05, 2.78297429759e-05]
    },
    "gfcc": {
        "mean": [2.2994787693, 80.7973175049, -165.1534729, 45.1568527222, -92.2733535767, 22.9127635956, -48.9507331848, -1.73235487938, -19.3137340546, -16.3732185364, -0.730310022831, -12.6612825394, 5.21897602081],
        "cov": [[8151.63134766, 159.018264771, -276.286682129, 774.668701172, -276.608703613, 331.357910156, -217.073165894, 69.9775009155, -89.8974456787, -7.09578704834, 85.0896606445, -50.2127914429, -28.3864593506], [159.018264771, 872.872070312, 110.503707886, 19.0402679443, 277.986633301, 38.7967414856, 123.437530518, 24.2603492737, 85.6953735352, -22.4036712646, 63.3505172729, -43.770362854, 59.7077980042], [-276.286682129, 110.503707886, 973.256958008, 560.302307129, 363.263977051, 361.261199951, 170.395233154, 166.120361328, 86.5171051025, 151.373016357, 69.9199447632, 45.5965614319, 9.02406978607], [774.668701172, 19.0402679443, 560.302307129, 551.846923828, 241.042953491, 271.144012451, 121.106895447, 123.821907043, 63.7239379883, 104.197372437, 67.6845626831, 30.6968250275, 2.85656905174], [-276.608703613, 277.986633301, 363.263977051, 241.042953491, 425.313537598, 213.182540894, 186.684646606, 135.347503662, 75.9324569702, 77.8654785156, 77.5278549194, 28.3684768677, 22.6734981537], [331.357910156, 38.7967414856, 361.261199951, 271.144012451, 213.182540894, 281.303283691, 126.944656372, 109.797134399, 38.7798576355, 82.6702346802, 62.7592506409, 28.7582168579, -7.70472049713], [-217.073165894, 123.437530518, 170.395233154, 121.106895447, 186.684646606, 126.944656372, 178.35697937, 86.852142334, 58.7622566223, 48.8062820435, 43.0670127869, 11.5179109573, 10.6320295334], [69.9775009155, 24.2603492737, 166.120361328, 123.821907043, 135.347503662, 109.797134399, 86.852142334, 123.979064941, 56.6426734924, 56.9738960266, 25.0126800537, 20.1033706665, 8.79999637604], [-89.8974456787, 85.6953735352, 86.5171051025, 63.7239379883, 75.9324569702, 38.7798576355, 58.7622566223, 56.6426734924, 79.8684005737, 38.9653244019, 24.4273662567, 4.68778324127, 15.3953227997], [-7.09578704834, -22.4036712646, 151.373016357, 104.197372437, 77.8654785156, 82.6702346802, 48.8062820435, 56.9738960266, 38.9653244019, 79.7327804565, 35.7178344727, 21.2639484406, 1.02132225037], [85.0896606445, 63.3505172729, 69.9199447632, 67.6845626831, 77.5278549194, 62.7592506409, 43.0670127869, 25.0126800537, 24.4273662567, 35.7178344727, 98.3428878784, 50.2008781433, 20.9857025146], [-50.2127914429, -43.770362854, 45.5965614319, 30.6968250275, 28.3684768677, 28.7582168579, 11.5179109573, 20.1033706665, 4.68778324127, 21.2639484406, 50.2008781433, 66.4535980225, 29.6925354004], [-28.3864593506, 59.7077980042, 9.02406978607, 2.85656905174, 22.6734981537, -7.70472049713, 10.6320295334, 8.79999637604, 15.3953227997, 1.02132225037, 20.9857025146, 29.6925354004, 54.4112625122]],
        "icov": [[0.000685016158968, -0.00108407821972, 0.00190068990923, -0.00270947581157, 0.00166088761762, -0.00183609256055, 0.00174066296313, -0.00202476023696, 0.00189795950428, -0.000614510849118, -0.000204985946766, 0.000504658208229, -0.000312574004056], [-0.00108407821972, 0.00462701497599, -0.00356903206557, 0.00517180655152, -0.00465009966865, 0.0030035355594, -0.00266085122712, 0.00415594223887, -0.00498545588925, 0.0038745214697, -0.00339253456332, 0.00536951282993, -0.00339560583234], [0.00190068990923, -0.00356903206557, 0.00869623944163, -0.00982625689358, 0.00382580352016, -0.00675620837137, 0.00528439274058, -0.00465770810843, 0.00499673932791, -0.00436191353947, 0.00242358236574, -0.00112143554725, -0.000503242423292], [-0.00270947581157, 0.00517180655152, -0.00982625689358, 0.0160855855793, -0.00697633484378, 0.00519227329642, -0.00622207811102, 0.00756456609815, -0.00859455764294, 0.00333537696861, -0.0016733010998, 0.00111188809387, -0.000261125474935], [0.00166088761762, -0.00465009966865, 0.00382580352016, -0.00697633484378, 0.0115881720558, -0.00537294149399, 0.000735468231142, -0.00830508768559, 0.00656425161287, -0.00224668905139, -0.00078210036736, -0.000674258684739, 0.000165241930517], [-0.00183609256055, 0.0030035355594, -0.00675620837137, 0.00519227329642, -0.00537294149399, 0.0171154439449, -0.00786607339978, 0.00107894022949, -2.76153314189e-05, -0.000197130153538, -0.00307348952629, -0.000748839171138, 0.00422473670915], [0.00174066296313, -0.00266085122712, 0.00528439274058, -0.00622207811102, 0.000735468231142, -0.00786607339978, 0.0175439026207, -0.00742416782305, 0.000686515646521, -0.000899442529771, -0.00191741937306, 0.00358126778156, -0.001761644613], [-0.00202476023696, 0.00415594223887, -0.00465770810843, 0.00756456609815, -0.00830508768559, 0.00107894022949, -0.00742416782305, 0.0284116324037, -0.0159230288118, -0.00241342769004, 0.00754839275032, -0.00757462531328, 0.00100055418443], [0.00189795950428, -0.00498545588925, 0.00499673932791, -0.00859455764294, 0.00656425161287, -2.76153314189e-05, 0.000686515646521, -0.0159230288118, 0.0336687713861, -0.0114234378561, -0.00446054991335, 0.00800965353847, -0.00617722421885], [-0.000614510849118, 0.0038745214697, -0.00436191353947, 0.00333537696861, -0.00224668905139, -0.000197130153538, -0.000899442529771, -0.00241342769004, -0.0114234378561, 0.0308874733746, -0.0077426629141, 0.00113918888383, 0.00246741785668], [-0.000204985946766, -0.00339253456332, 0.00242358236574, -0.0016733010998, -0.00078210036736, -0.00307348952629, -0.00191741937306, 0.00754839275032, -0.00446054991335, -0.0077426629141, 0.0290848966688, -0.0256701316684, 0.00654437486082], [0.000504658208229, 0.00536951282993, -0.00112143554725, 0.00111188809387, -0.000674258684739, -0.000748839171138, 0.00358126778156, -0.00757462531328, 0.00800965353847, 0.00113918888383, -0.0256701316684, 0.0511929839849, -0.0251244362444], [-0.000312574004056, -0.00339560583234, -0.000503242423292, -0.000261125474935, 0.000165241930517, 0.00422473670915, -0.001761644613, 0.00100055418443, -0.00617722421885, 0.00246741785668, 0.00654437486082, -0.0251244362444, 0.0356385298073]]
    },
    "melbands": {
        "max": [0.0202396884561, 0.0159756634384, 0.013424852863, 0.00829217862338, 0.00637210765854, 0.00463078496978, 0.00211587850936, 0.00110680691432, 0.00206937990151, 0.00160102231894, 0.0021645994857, 0.000878026883584, 0.00143240462057, 0.00147261866368, 0.00125158589799, 0.000896572775673, 0.000460082490463, 0.000291462783935, 0.000326308479998, 0.000979566131718, 0.000426377140684, 0.000322441745084, 0.000563855282962, 0.000346933957189, 0.000180006813025, 0.000206060271012, 0.000108923952212, 0.000115965136501, 8.42652007123e-05, 0.000147153361468, 0.000145677928231, 8.04981755209e-05, 0.000125002727145, 0.000150081948959, 0.000103539932752, 0.000101911937236, 0.000105291313957, 4.46507401648e-05, 3.1168510759e-05, 1.61366333487e-05],
        "mean": [0.00145798490848, 0.0013111201115, 0.000480671209516, 0.000385411432944, 0.000265460839728, 0.00041098712245, 0.000256644067122, 0.000106088700704, 9.2475587735e-05, 0.000154818044393, 0.000165731209563, 0.000112631169031, 0.000121624500025, 0.000113578571472, 9.88031315501e-05, 6.60494188196e-05, 4.61429881398e-05, 3.651831139e-05, 3.62887731171e-05, 4.26192418672e-05, 4.15855574829e-05, 3.28883579641e-05, 3.73236471205e-05, 2.00520589715e-05, 1.66607351275e-05, 2.1616317099e-05, 1.46943903019e-05, 1.15500697575e-05, 9.74848899205e-06, 1.13096602945e-05, 1.2751093891e-05, 8.21297453513e-06, 7.94263814896e-06, 8.11008976598e-06, 9.45879310166e-06, 8.95526409295e-06, 7.33561319066e-06, 4.45849536845e-06, 2.68380472335e-06, 1.10090547878e-06],
        "min": [1.84914565542e-23, 1.11167391058e-23, 4.54134285817e-24, 1.33432792892e-23, 1.0052875767e-23, 8.12399331341e-24, 3.6469552408e-24, 1.69343618787e-23, 2.04598222849e-23, 5.24648274438e-24, 6.5956419683e-24, 1.97531070434e-23, 1.3387256707e-23, 6.07211008981e-24, 5.36334499331e-24, 5.87115211294e-24, 8.76879796215e-24, 1.08956261272e-23, 1.21542584346e-23, 8.59138630001e-24, 6.12503950111e-24, 9.27700897856e-24, 9.24837569429e-24, 1.11930148555e-23, 2.19030590882e-23, 1.0002973215e-23, 1.18360847992e-23, 1.27606140029e-23, 1.17186825749e-23, 1.01080644759e-23, 6.20929536781e-24, 1.38763552014e-23, 1.13531465196e-23, 1.06008311735e-23, 7.80244414212e-24, 1.26718923946e-23, 9.09471347856e-24, 9.76417160831e-24, 1.1362785611e-23, 1.11641543793e-23],
        "stdev": [0.0035833644215, 0.00289936875924, 0.00124184065498, 0.000721141928807, 0.000424076453783, 0.000488125428092, 0.000313636322971, 0.000130085318233, 0.000147512168041, 0.000194888416445, 0.000215454419958, 0.00013281419524, 0.000165639881743, 0.000177817186341, 0.000146912701894, 9.60866091191e-05, 4.98531298945e-05, 4.22900229751e-05, 4.47535821877e-05, 7.37094087526e-05, 5.22975315107e-05, 4.08577179769e-05, 6.12977019046e-05, 3.30229449901e-05, 2.27555228776e-05, 2.942822357e-05, 1.76748617378e-05, 1.50993309944e-05, 1.2969522686e-05, 1.83728698175e-05, 1.95306238311e-05, 1.3027985915e-05, 1.54453191499e-05, 1.63353470271e-05, 1.54269946506e-05, 1.48496574184e-05, 1.32479508466e-05, 7.16529166311e-06, 4.31782564192e-06, 2.04185653274e-06]
    },
    "melbands128": {
        "max": [0.000924662454054, 0.0104625830427, 0.0374973043799, 0.0341413915157, 0.019754730165, 0.0198724027723, 0.0184079296887, 0.0162088293582, 0.0147724775597, 0.00999268330634, 0.00923827476799, 0.0104029458016, 0.00683432491496, 0.00237233401276, 0.0030547818169, 0.0103284940124, 0.00379544124007, 0.00292367883958, 0.00116789189633, 0.00200483086519, 0.00102448533289, 0.0010043795919, 0.00262150145136, 0.00364763266407, 0.00311330612749, 0.00178834015969, 0.00195721909404, 0.00434349058196, 0.00105061056092, 0.0015792773338, 0.00117752666119, 0.00146952469368, 0.002916313475, 0.000551701639779, 0.00159635941964, 0.00256193336099, 0.00320386863314, 0.00118817551993, 0.00370505172759, 0.00162086763885, 0.000777692010161, 0.000538083782885, 0.000560138607398, 0.000708875420969, 0.000284811918391, 0.00050238869153, 0.000472879502922, 0.000347701628925, 0.000456380657852, 0.00111561769154, 0.00171495904215, 0.00138646923006, 0.000873951474205, 0.000342621962773, 0.000552450597752, 0.000435939437011, 0.000687823281623, 0.00140232464764, 0.000365295214579, 0.000316401245072, 0.000566333183087, 0.000277579558315, 0.000184636228369, 0.000272032542853, 0.000178497779416, 0.000205344535061, 0.000512043829076, 0.000130305052153, 0.000120989330753, 0.000167681311723, 0.000150551975821, 0.000206498152693, 9.52942718868e-05, 8.64578178152e-05, 0.000199754271307, 0.00021707531414, 0.000123994439491, 0.000122309240396, 0.000214067214984, 0.000119872602227, 0.000110222419607, 9.83304853435e-05, 7.53909771447e-05, 0.000142688586493, 0.000152256397996, 0.00024795945501, 0.000136670860229, 9.73009082372e-05, 0.000113383852295, 0.000174359840457, 0.000120123389934, 0.000148904859088, 0.000136352755362, 0.000132551111165, 0.000110013213998, 5.38766580576e-05, 6.85171107762e-05, 4.6621014917e-05, 4.59636139567e-05, 2.73792138614e-05, 3.25282708218e-05, 2.14668689296e-05, 1.56545938808e-05, 1.15499415188e-05, 5.27324937138e-06, 3.39909684044e-06, 1.08309404823e-06, 1.25097400883e-07, 1.15681913826e-07, 1.06140333855e-07, 9.83231629448e-08, 9.18585953968e-08, 8.62754916398e-08, 8.13992429016e-08, 7.72438184526e-08, 7.35026688403e-08, 7.0081860315e-08, 6.71022704068e-08, 6.44884607937e-08, 6.22527736027e-08, 6.01746137363e-08, 5.84160453343e-08, 5.69339455581e-08, 5.56612889113e-08, 5.46096750043e-08, 5.37371462883e-08, 5.31146007177e-08, 5.27497867608e-08],
        "mean": [3.94271992263e-05, 0.000707667262759, 0.00239077676088, 0.00229150685482, 0.00119765941054, 0.000679633638356, 0.000455988221802, 0.000456918845885, 0.000462299591163, 0.000366760476027, 0.000358444696758, 0.000318377598887, 0.000209223901038, 0.000248504715273, 0.000311089912429, 0.00065364362672, 0.000421707867645, 0.000138512987178, 9.83313657343e-05, 0.000138302202686, 9.26342254388e-05, 6.51318550808e-05, 7.19597373973e-05, 0.000141928772791, 0.000169154372998, 0.000134675050504, 0.000188661098946, 0.000210963451536, 9.36328142416e-05, 0.000120036223962, 0.000108792351966, 0.000116649949632, 0.000182106654393, 5.43612077308e-05, 8.18778062239e-05, 0.00015493457613, 0.000140402058605, 6.22579827905e-05, 0.000115791830467, 7.95761297923e-05, 5.12984333909e-05, 5.08310804435e-05, 4.29324863944e-05, 5.21460497112e-05, 2.85782061837e-05, 4.00862300012e-05, 3.57049502782e-05, 3.03472334053e-05, 3.56774326065e-05, 5.26134681422e-05, 3.94893104385e-05, 3.53720861312e-05, 5.24994902662e-05, 3.49329020537e-05, 4.08212763432e-05, 1.87405494216e-05, 3.59428522643e-05, 6.24060194241e-05, 2.58714699157e-05, 1.95526408788e-05, 2.0802988729e-05, 1.86045781447e-05, 1.76438952622e-05, 1.45711464938e-05, 1.7595171812e-05, 1.95708507817e-05, 3.05535468215e-05, 1.57121939992e-05, 9.78156094789e-06, 1.31720844365e-05, 1.30603330035e-05, 9.67165669863e-06, 9.52073060034e-06, 9.60421766649e-06, 9.72644465946e-06, 1.29467371153e-05, 1.04902883322e-05, 1.15493521662e-05, 1.54151057359e-05, 1.13784635687e-05, 8.37677089294e-06, 7.13031158739e-06, 6.42032819087e-06, 8.29855616757e-06, 8.59690590005e-06, 9.1574356702e-06, 7.41109761293e-06, 7.42421752875e-06, 8.57239319885e-06, 1.33520843519e-05, 7.87802855484e-06, 8.85703411768e-06, 7.88379020378e-06, 8.58039584273e-06, 5.98389260631e-06, 4.2573706196e-06, 4.76007107864e-06, 3.81526660931e-06, 2.94590586236e-06, 1.91614731193e-06, 1.37715585424e-06, 1.03218201275e-06, 6.70219037602e-07, 4.96212010148e-07, 3.3100943142e-07, 2.02176266839e-07, 3.86765748317e-08, 8.90308604617e-10, 2.2140739242e-10, 2.00250996341e-10, 1.84518775259e-10, 1.72158648448e-10, 1.61703955781e-10, 1.52522799945e-10, 1.44829148674e-10, 1.37800756916e-10, 1.31423399941e-10, 1.25871466028e-10, 1.21004137266e-10, 1.16824161456e-10, 1.12943314423e-10, 1.09666692394e-10, 1.06896685947e-10, 1.04511392596e-10, 1.02501597488e-10, 1.00787010682e-10, 9.95792684422e-11, 9.88912077227e-11],
        "min": [8.31030253771e-24, 2.25533786635e-23, 1.93081248063e-23, 1.73130766443e-23, 1.10926102173e-23, 7.33422916246e-24, 3.78211709057e-24, 8.14371532908e-25, 9.16607225832e-24, 1.5291732593e-23, 1.58341596623e-23, 1.31243845875e-23, 8.18162749115e-24, 5.57564994544e-24, 1.13465066773e-23, 8.28361379556e-24, 3.16827976832e-24, 2.24614594076e-24, 3.56385860519e-24, 1.65315016584e-23, 2.29492653534e-23, 2.04346150235e-23, 2.83313935193e-23, 9.30141712383e-24, 3.33500335127e-24, 4.25034469201e-24, 5.64488590051e-24, 4.34177958738e-24, 5.24111454592e-24, 3.14078847853e-23, 1.78889703487e-23, 1.14417442767e-23, 2.02601142581e-23, 5.99975063999e-24, 1.02430811753e-23, 3.82867802778e-24, 3.85296389961e-24, 7.73188368959e-24, 4.72488870271e-24, 2.7266874637e-24, 5.10778443116e-24, 1.23567755951e-23, 4.97527867605e-24, 9.78619108275e-24, 1.28784453674e-23, 6.75073714986e-24, 1.55229682347e-23, 1.15114014835e-23, 9.7803787556e-24, 1.60128855667e-23, 7.87498857982e-24, 2.82728103419e-24, 1.99095377665e-24, 8.10726551792e-24, 1.43283393679e-23, 9.92064138e-24, 4.2603411374e-24, 7.92286297044e-24, 1.19123140061e-23, 9.77382884351e-24, 1.23245948033e-23, 7.09928666336e-24, 2.5370599749e-23, 2.9908036168e-23, 1.05792447837e-23, 4.90365247244e-24, 1.25667995559e-23, 1.43336957335e-23, 1.10439990306e-23, 9.4073713986e-24, 1.46660380997e-23, 1.4346861822e-23, 8.45470194868e-24, 8.1290483341e-24, 2.02645019025e-23, 1.20312521425e-23, 5.67717239964e-24, 3.90796840952e-24, 5.24120565935e-24, 9.55404272898e-24, 1.12719056792e-23, 1.63492337686e-23, 1.87508340198e-23, 9.38299244118e-24, 6.45664625452e-24, 1.12582244646e-23, 1.33332292013e-23, 6.81153229324e-24, 8.66330674874e-24, 5.84158363406e-24, 9.7317817684e-24, 1.90543466754e-23, 1.20790279256e-23, 4.08039999277e-24, 1.01883358062e-23, 1.35144131963e-23, 8.4870815334e-24, 6.68330216424e-24, 9.11934566033e-24, 1.98344764681e-23, 5.23693121654e-24, 1.28513022414e-23, 1.17593546655e-23, 9.42349650436e-24, 1.2807316935e-23, 6.73417107085e-24, 8.53888050702e-24, 6.93203395196e-24, 9.50668504226e-24, 1.15456135921e-23, 1.0066299813e-23, 1.26067608828e-23, 1.67625132637e-23, 8.73961484182e-24, 1.19731091495e-23, 6.65926478359e-24, 7.404432261e-24, 9.44910292934e-24, 1.02734846634e-23, 7.99934934609e-24, 7.90919122209e-24, 1.05275688724e-23, 1.04191864837e-23, 7.85258571897e-24, 1.1989479591e-23, 7.55331634622e-24, 8.43354785465e-24, 7.24722884866e-24],
        "stdev": [0.000100894394564, 0.00179445685353, 0.00623816018924, 0.00559512712061, 0.00284762796946, 0.00192871189211, 0.00148870097473, 0.00143656670116, 0.00121095217764, 0.000850649492349, 0.000702584045939, 0.000650874571875, 0.000509124773089, 0.000291248346912, 0.000416246970417, 0.00102490524296, 0.000577618775424, 0.000337718141964, 0.000167971244082, 0.000216381798964, 0.000130650980282, 0.000118912743346, 0.000159544593771, 0.000297225022223, 0.000309909810312, 0.000186287201359, 0.000282129825791, 0.000409169064369, 0.000119167329103, 0.000202120354516, 0.000158224109327, 0.000154570530867, 0.000322728534229, 7.52689666115e-05, 0.000162460783031, 0.000291161326459, 0.000350885500666, 0.000122293669847, 0.000304794142721, 0.000168034341186, 8.06355164968e-05, 6.6509914177e-05, 5.46120536455e-05, 7.86102027632e-05, 3.83327205782e-05, 5.99777413299e-05, 5.31777186552e-05, 4.59104012407e-05, 5.50723525521e-05, 0.000101430363429, 0.000115237977298, 8.97559148143e-05, 9.98430841719e-05, 4.59129842056e-05, 7.06475184415e-05, 3.3569351217e-05, 7.26922007743e-05, 0.000146020844113, 4.34795401816e-05, 3.33480347763e-05, 4.60247465526e-05, 3.22093437717e-05, 2.60962278844e-05, 2.64180271188e-05, 2.61345903709e-05, 2.86410977424e-05, 5.32942176505e-05, 2.10947127925e-05, 1.35243963086e-05, 1.96412001969e-05, 1.91056969925e-05, 1.64611246873e-05, 1.37575989356e-05, 1.26614104374e-05, 1.81575487659e-05, 2.47390998993e-05, 1.77877227543e-05, 1.94769745576e-05, 2.5503904908e-05, 1.82688036148e-05, 1.53843029693e-05, 1.169468851e-05, 1.14373597171e-05, 1.77035035449e-05, 1.90648515854e-05, 2.08867422771e-05, 1.49968673213e-05, 1.40075289892e-05, 1.47751889017e-05, 2.18904006033e-05, 1.42566022987e-05, 1.66933205037e-05, 1.43861398101e-05, 1.6770509319e-05, 1.19876949611e-05, 7.67374513089e-06, 8.18440548755e-06, 5.96003110331e-06, 5.37352025276e-06, 3.42624821315e-06, 2.8275992463e-06, 2.19853086492e-06, 1.51686469962e-06, 1.07444293462e-06, 6.48646107493e-07, 3.834115887e-07, 9.0066635039e-08, 5.97704286065e-09, 4.92838791999e-09, 4.52152715269e-09, 4.18847179162e-09, 3.91309029624e-09, 3.67525476719e-09, 3.46753226133e-09, 3.29051164094e-09, 3.13114267847e-09, 2.98541813493e-09, 2.85848900106e-09, 2.74714184734e-09, 2.65190336357e-09, 2.56337551185e-09, 2.48846121487e-09, 2.42532482986e-09, 2.37111086321e-09, 2.32631469643e-09, 2.28914931455e-09, 2.26263119352e-09, 2.24709073571e-09]
    },
    "mfcc": {
        "mean": [-606.401733398, 82.1946258545, -10.5881195068, 4.91308403015, -7.99768447876, 1.02299702168, -9.43251895905, 1.57024037838, -10.0401821136, -3.39336419106, -12.0352134705, -0.469586402178, -5.74751186371],
        "cov": [[4419.95751953, -358.462371826, 136.221694946, 213.198562622, 120.526451111, 97.4073257446, 78.8140792847, 55.5882377625, -57.939365387, -15.4654893875, -0.13859423995, 71.4436569214, 16.8326511383], [-358.462371826, 865.73034668, -152.636260986, 11.5869913101, 88.1534118652, 20.0563716888, 64.1445617676, 45.8490028381, 68.6348648071, 20.4970111847, 17.3023643494, 18.648355484, 5.75647258759], [136.221694946, -152.636260986, 685.994445801, 292.652832031, 266.063140869, 232.551101685, 160.610519409, 86.5039901733, 76.2881164551, 103.177970886, 69.0914764404, 70.7106628418, 46.9657974243], [213.198562622, 11.5869913101, 292.652832031, 304.821166992, 211.163421631, 153.539138794, 135.124313354, 81.9027938843, 89.2715988159, 69.6747283936, 67.5295410156, 64.693572998, 45.8013916016], [120.526451111, 88.1534118652, 266.063140869, 211.163421631, 303.005218506, 171.447738647, 172.430923462, 101.191055298, 85.4827041626, 70.1376953125, 75.4187545776, 86.9207992554, 54.7258224487], [97.4073257446, 20.0563716888, 232.551101685, 153.539138794, 171.447738647, 194.040252686, 156.374389648, 83.8311080933, 59.4316215515, 67.5723571777, 68.9151153564, 57.7273788452, 32.1271362305], [78.8140792847, 64.1445617676, 160.610519409, 135.124313354, 172.430923462, 156.374389648, 201.962890625, 108.356132507, 71.0768127441, 61.3015556335, 78.4314727783, 70.3759689331, 40.8615112305], [55.5882377625, 45.8490028381, 86.5039901733, 81.9027938843, 101.191055298, 83.8311080933, 108.356132507, 99.6993255615, 61.0138092041, 41.0666618347, 49.8851966858, 48.0658302307, 25.8355960846], [-57.939365387, 68.6348648071, 76.2881164551, 89.2715988159, 85.4827041626, 59.4316215515, 71.0768127441, 61.0138092041, 113.55443573, 60.7772636414, 46.1572608948, 34.5096206665, 25.2162876129], [-15.4654893875, 20.4970111847, 103.177970886, 69.6747283936, 70.1376953125, 67.5723571777, 61.3015556335, 41.0666618347, 60.7772636414, 88.7618942261, 56.8545417786, 21.8836708069, 12.447394371], [-0.13859423995, 17.3023643494, 69.0914764404, 67.5295410156, 75.4187545776, 68.9151153564, 78.4314727783, 49.8851966858, 46.1572608948, 56.8545417786, 90.69115448, 45.6901397705, 20.1002502441], [71.4436569214, 18.648355484, 70.7106628418, 64.693572998, 86.9207992554, 57.7273788452, 70.3759689331, 48.0658302307, 34.5096206665, 21.8836708069, 45.6901397705, 85.028717041, 41.4226379395], [16.8326511383, 5.75647258759, 46.9657974243, 45.8013916016, 54.7258224487, 32.1271362305, 40.8615112305, 25.8355960846, 25.2162876129, 12.447394371, 20.1002502441, 41.4226379395, 52.9454078674]],
        "icov": [[0.000261367269559, 0.000124105921714, 0.000136292364914, -0.000327796704369, -3.94331618736e-05, -5.0957161875e-05, 1.70150560734e-05, -0.000222932925681, 0.000386953965062, -0.000124030731968, 0.000283636938548, -0.000302387838019, 0.000207172968658], [0.000124105921714, 0.00151366880164, 0.000820774876047, -6.80761731928e-05, -0.000942616781686, -9.52045738813e-05, -0.00029054962215, -1.9724870981e-06, -0.000636543089058, -0.000243514630711, 0.000647207605653, -0.000108166255814, 0.000583402230404], [0.000136292364914, 0.000820774876047, 0.00378631567582, -0.00196020351723, -0.001379072899, -0.00293152988888, 0.00112238852307, 0.000100361648947, 0.000937439966947, -0.00232536252588, 0.00193409889471, -0.000469196471386, 0.000226579999435], [-0.000327796704369, -6.80761731928e-05, -0.00196020351723, 0.00881485268474, -0.00288428599015, -0.00144026335329, 0.000400778604671, 0.000565210240893, -0.00356412772089, 0.00156773964409, -0.00163034477737, 0.00109765247907, -0.00141580705531], [-3.94331618736e-05, -0.000942616781686, -0.001379072899, -0.00288428599015, 0.0107341967523, -0.0018797966186, -0.00298051256686, -0.000378943193937, -0.00033724392415, 1.47582695718e-05, 0.000628265202977, -0.00295404763892, -0.00140610558446], [-5.0957161875e-05, -9.52045738813e-05, -0.00293152988888, -0.00144026335329, -0.0018797966186, 0.0209246072918, -0.0111186299473, 0.00024300046789, 0.00233968137763, -0.00364528084174, -0.000799452594947, 5.66540074942e-06, 0.00162310327869], [1.70150560734e-05, -0.00029054962215, 0.00112238852307, 0.000400778604671, -0.00298051256686, -0.0111186299473, 0.0228473190218, -0.0120273316279, 0.000727340695448, 0.00152171344962, -0.00409401347861, -3.42193634424e-05, -0.00237565371208], [-0.000222932925681, -1.9724870981e-06, 0.000100361648947, 0.000565210240893, -0.000378943193937, 0.00024300046789, -0.0120273316279, 0.0293355919421, -0.00809121876955, 0.0012581438059, -0.00113427755423, -0.00408101640642, 0.00188613228966], [0.000386953965062, -0.000636543089058, 0.000937439966947, -0.00356412772089, -0.00033724392415, 0.00233968137763, 0.000727340695448, -0.00809121876955, 0.0204173084348, -0.0109116714448, 0.00174389476888, -0.000532132282387, -0.00289094285108], [-0.000124030731968, -0.000243514630711, -0.00232536252588, 0.00156773964409, 1.47582695718e-05, -0.00364528084174, 0.00152171344962, 0.0012581438059, -0.0109116714448, 0.0290134958923, -0.0142510058358, 0.00579643249512, 0.000432000582805], [0.000283636938548, 0.000647207605653, 0.00193409889471, -0.00163034477737, 0.000628265202977, -0.000799452594947, -0.00409401347861, -0.00113427755423, 0.00174389476888, -0.0142510058358, 0.0273131560534, -0.0100390035659, 0.00308777950704], [-0.000302387838019, -0.000108166255814, -0.000469196471386, 0.00109765247907, -0.00295404763892, 5.66540074942e-06, -3.42193634424e-05, -0.00408101640642, -0.000532132282387, 0.00579643249512, -0.0100390035659, 0.0282543729991, -0.0147609980777], [0.000207172968658, 0.000583402230404, 0.000226579999435, -0.00141580705531, -0.00140610558446, 0.00162310327869, -0.00237565371208, 0.00188613228966, -0.00289094285108, 0.000432000582805, 0.00308777950704, -0.0147609980777, 0.0328149832785]]
    },
    "spectral_contrast_coeffs": {
        "max": [-0.419445604086, -0.530206501484, -0.580540120602, -0.668010473251, -0.698919177055, -0.670430779457],
        "mean": [-0.678721487522, -0.765422999859, -0.769709408283, -0.811734855175, -0.800155222416, -0.751704573631],
        "min": [-0.959201276302, -0.959564089775, -0.960329473019, -0.959998011589, -0.963042974472, -0.95719742775],
        "stdev": [0.0818355605006, 0.0627335906029, 0.057169534266, 0.0382324755192, 0.0334328338504, 0.0315119661391]
    },
    "spectral_contrast_valleys": {
        "max": [-5.19392251968, -5.09375667572, -5.47893381119, -5.70558214188, -5.63050842285, -7.64453983307],
        "mean": [-7.36539745331, -6.59610366821, -6.89834308624, -7.05245494843, -7.04470539093, -9.49236679077],
        "min": [-27.1186504364, -27.3020858765, -27.0841312408, -27.2506637573, -27.1265029907, -27.2401752472],
        "stdev": [1.3896458149, 1.15506613255, 1.13246309757, 1.11585187912, 1.12714540958, 1.1586766243]
    }
},
"rhythm": {
    "beats_count": 25,
    "beats_loudness": {
        "max": 0.0776913836598,
        "mean": 0.0279457569122,
        "min": 0.0105421869084,
        "stdev": 0.0140013145283
    },
    "bpm": 120.333129883,
    "bpm_histogram_first_peak_bpm": 120,
    "bpm_histogram_first_peak_weight": 0.318181812763,
    "bpm_histogram_second_peak_bpm": 129,
    "bpm_histogram_second_peak_spread": 0,
    "bpm_histogram_second_peak_weight": 0.0833333358169,
    "danceability": 1.08650004864,
    "onset_rate": 4.54568052292,
    "beats_loudness_band_ratio": {
        "max": [0.747118413448, 0.781940162182, 0.322154402733, 0.497413814068, 0.326394557953, 0.71917450428],
        "mean": [0.150032296777, 0.171356156468, 0.137311846018, 0.150992438197, 0.134396329522, 0.311849027872],
        "min": [0.00438270997256, 0.0281773824245, 0.0192652810365, 0.0310131851584, 0.00967601872981, 0.00502580730245],
        "stdev": [0.20651473105, 0.151497513056, 0.088462240994, 0.122495599091, 0.0892576053739, 0.185418531299]
    },
    "beats_position": [0.452789098024, 0.917188167572, 1.38158726692, 1.86920630932, 2.36843538284, 2.85605430603, 3.35528349876, 3.85451245308, 4.35374164581, 4.85297060013, 5.36380958557, 5.85142850876, 6.35065746307, 6.84988641739, 7.36072540283, 7.85995435715, 8.35918331146, 8.85841274261, 9.35764122009, 9.84526062012, 10.3560991287, 10.8553285599, 11.354557991, 11.8537864685, 12.3530158997],
