{
"metadata": {
    "version": {
        "essentia": "2.1-beta5",
        "essentia_git_sha": "Undefined",
        "extractor": "music 2.0"
    },
    "audio_properties": {
        "analysis": {
            "equal_loudness": 0,
            "length": 28.7695236206,
            "sample_rate": 44100,
            "start_time": 162.493240356,
            "downmix": "mix"
        },
        "bit_rate": 192000,
        "length": 191.285995483,
        "lossless": 0,
        "number_channels": 2,
        "replay_gain": -6.73763656616,
        "sample_rate": 48000,
        "codec": "mp3",
        "md5_encoded": "4138fab9380b2d5c9bd93903f76a5faa"
    },
    "tags": {
        "file_name": "Malta_To Dream Again_Lynn Chirchop.mp3",
        "encoding": ["Lavf58.29.100"]
    }
},
"lowlevel": {
    "average_loudness": 0.967273235321,
    "barkbands_crest": {
        "max": 20.7361717224,
        "mean": 8.14521884918,
        "min": 2.69908571243,
        "stdev": 3.06549429893
    },
    "barkbands_flatness_db": {
        "max": 0.268755495548,
        "mean": 0.150332480669,
        "min": 0.0735168680549,
        "stdev": 0.0323199629784
    },
    "barkbands_kurtosis": {
        "max": 23.821056366,
        "mean": 0.971904933453,
        "min": -1.85007417202,
        "stdev": 2.35693287849
    },
    "barkbands_skewness": {
        "max": 4.38759708405,
        "mean": 0.810017287731,
        "min": -2.49859976768,
        "stdev": 0.763211965561
    },
    "barkbands_spread": {
        "max": 85.5889434814,
        "mean": 21.7737216949,
        "min": 3.68142986298,
        "stdev": 11.7982702255
    },
    "dissonance": {
        "max": 0.500000059605,
        "mean": 0.477527976036,
        "min": 0.368272423744,
        "stdev": 0.0182383935899
    },
    "dynamic_complexity": 1.67802488804,
    "erbbands_crest": {
        "max": 26.1789360046,
        "mean": 8.51759719849,
        "min": 3.05586743355,
        "stdev": 3.52657532692
    },
    "erbbands_flatness_db": {
        "max": 0.312521129847,
        "mean": 0.207338735461,
        "min": 0.0983577296138,
        "stdev": 0.0425185449421
    },
    "erbbands_kurtosis": {
        "max": 10.6555099487,
        "mean": 0.446675002575,
        "min": -1.71785628796,
        "stdev": 1.50589036942
    },
    "erbbands_skewness": {
        "max": 2.72226667404,
        "mean": 0.321374773979,
        "min": -2.81911921501,
        "stdev": 0.776746332645
    },
    "erbbands_spread": {
        "max": 78.8609008789,
        "mean": 28.4819374084,
        "min": 5.63973808289,
        "stdev": 12.9099988937
    },
    "hfc": {
        "max": 223.995864868,
        "mean": 26.273979187,
        "min": 1.47723329067,
        "stdev": 20.0942306519
    },
    "loudness_ebu128": {
        "integrated": -16.3194789886,
        "loudness_range": 1.83692169189,
        "momentary": {
            "max": -14.2181739807,
            "mean": -16.5248775482,
            "min": -21.660150528,
            "stdev": 1.43332159519
        },
        "short_term": {
            "max": -15.1009721756,
            "mean": -16.375787735,
            "min": -17.8644199371,
            "stdev": 0.663396716118
        }
    },
    "melbands_crest": {
        "max": 26.4209880829,
        "mean": 10.7593860626,
        "min": 3.08676552773,
        "stdev": 4.11029481888
    },
    "melbands_flatness_db": {
        "max": 0.31944257021,
        "mean": 0.146350681782,
        "min": 0.0359893664718,
        "stdev": 0.0395869426429
    },
    "melbands_kurtosis": {
        "max": 30.503074646,
        "mean": 4.19091415405,
        "min": -1.70727562904,
        "stdev": 4.46020793915
    },
    "melbands_skewness": {
        "max": 4.9710316658,
        "mean": 1.51866662502,
        "min": -1.23337388039,
        "stdev": 0.897288382053
    },
    "melbands_spread": {
        "max": 136.382156372,
        "mean": 30.2447357178,
        "min": 4.41016101837,
        "stdev": 17.3490905762
    },
    "pitch_salience": {
        "max": 0.869109392166,
        "mean": 0.652044951916,
        "min": 0.24668264389,
        "stdev": 0.112500324845
    },
    "silence_rate_20dB": {
        "max": 1,
        "mean": 1,
        "min": 1,
        "stdev": 0
    },
    "silence_rate_30dB": {
        "max": 1,
        "mean": 1,
        "min": 1,
        "stdev": 0
    },
    "silence_rate_60dB": {
        "max": 1,
        "mean": 0.00161290320102,
        "min": 0,
        "stdev": 0.0401286184788
    },
    "spectral_centroid": {
        "max": 4094.0222168,
        "mean": 1790.30993652,
        "min": 353.439758301,
        "stdev": 550.610778809
    },
    "spectral_complexity": {
        "max": 54,
        "mean": 26.5249996185,
        "min": 8,
        "stdev": 7.85438013077
    },
    "spectral_decrease": {
        "max": -6.04923611203e-10,
        "mean": -5.41662004139e-09,
        "min": -2.64011426054e-08,
        "stdev": 3.22800342012e-09
    },
    "spectral_energy": {
        "max": 0.103501692414,
        "mean": 0.0228266976774,
        "min": 0.002417110838,
        "stdev": 0.0131862033159
    },
    "spectral_energyband_high": {
        "max": 0.0275755915791,
        "mean": 0.00099539628718,
        "min": 1.61932021001e-05,
        "stdev": 0.00229184096679
    },
    "spectral_energyband_low": {
        "max": 0.048060670495,
        "mean": 0.00352932442911,
        "min": 1.70386624632e-06,
        "stdev": 0.00619798572734
    },
    "spectral_energyband_middle_high": {
        "max": 0.0458549298346,
        "mean": 0.00956384651363,
        "min": 0.000612010830082,
        "stdev": 0.00649813516065
    },
    "spectral_energyband_middle_low": {
        "max": 0.0807684063911,
        "mean": 0.00959398504347,
        "min": 0.000392584683141,
        "stdev": 0.00886042881757
    },
    "spectral_entropy": {
        "max": 8.54127120972,
        "mean": 7.72650432587,
        "min": 6.76226568222,
        "stdev": 0.235778614879
    },
    "spectral_flux": {
        "max": 0.224061250687,
        "mean": 0.0927406698465,
        "min": 0.028398828581,
        "stdev": 0.033734511584
    },
    "spectral_kurtosis": {
        "max": 16.7567558289,
        "mean": 3.78439283371,
        "min": -0.764188051224,
        "stdev": 2.00403189659
    },
    "spectral_rms": {
        "max": 0.0100487442687,
        "mean": 0.00451923208311,
        "min": 0.00153562915511,
        "stdev": 0.00135886878707
    },
    "spectral_rolloff": {
        "max": 8742.48046875,
        "mean": 2102.45776367,
        "min": 258.3984375,
        "stdev": 1121.97790527
    },
    "spectral_skewness": {
        "max": 3.13575077057,
        "mean": 1.31053352356,
        "min": -0.165240347385,
        "stdev": 0.371320188046
    },
    "spectral_spread": {
        "max": 9059220,
        "mean": 3591859.5,
        "min": 1787576.5,
        "stdev": 848239.5625
    },
    "spectral_strongpeak": {
        "max": 8.95390796661,
        "mean": 1.28693819046,
        "min": 0.0387641079724,
        "stdev": 1.28322577477
    },
    "zerocrossingrate": {
        "max": 0.21337890625,
        "mean": 0.0733843371272,
        "min": 0.015625,
        "stdev": 0.0249839797616
    },
    "barkbands": {
        "max": [0.00043020764133, 0.0351394414902, 0.0344189405441, 0.0273715779185, 0.0395280122757, 0.0397212505341, 0.0350136719644, 0.0194021239877, 0.0200578868389, 0.0255199410021, 0.0236646793783, 0.0221257172525, 0.0309624467045, 0.0255938470364, 0.0103301582858, 0.0120263602585, 0.0118496697396, 0.00766733987257, 0.0242976658046, 0.0111570646986, 0.0119542768225, 0.0123597159982, 0.00460999412462, 0.00431234948337, 0.00244766543619, 5.28523150933e-06, 4.09638545307e-07],
        "mean": [2.10394173337e-05, 0.00152928766329, 0.00144219642971, 0.000978755066171, 0.00182049558498, 0.00163569103461, 0.00130842777435, 0.00103283685166, 0.0022399884183, 0.00171288265847, 0.0015158719616, 0.0012196728494, 0.000817091029603, 0.0010737645207, 0.000706016609911, 0.000623474828899, 0.000612547970377, 0.000557472580113, 0.000674847746268, 0.000551467586774, 0.00026046030689, 0.000203142262762, 0.0001400973415, 0.000111685010779, 3.7427929783e-05, 6.17628259647e-08, 1.14227682868e-09],
        "min": [4.70033656441e-09, 1.20809858117e-07, 2.34481717598e-07, 8.38658422708e-08, 1.62145875038e-06, 3.48630237568e-06, 1.01449659269e-05, 5.35261733603e-06, 2.03236086236e-05, 2.07854245673e-05, 1.40196461871e-05, 1.46803104144e-05, 7.29228668206e-06, 1.71659430634e-05, 1.68718306668e-05, 1.81178420462e-05, 8.82089079823e-06, 9.8905447885e-06, 1.32192599267e-05, 1.09025122583e-05, 4.92602703162e-06, 4.77661524201e-06, 1.11640440537e-06, 8.32551677377e-07, 2.47387106356e-07, 5.58107310367e-11, 3.42343445259e-11],
        "stdev": [4.01913530368e-05, 0.00363135314547, 0.00329688680358, 0.0025405746419, 0.00378334475681, 0.00328930700198, 0.00255002989434, 0.00194860133342, 0.00272420537658, 0.00251684174873, 0.0023596836254, 0.00190572068095, 0.00162475532852, 0.00212819408625, 0.000976276118308, 0.00114935764577, 0.00112732045818, 0.000784042233136, 0.00120695435908, 0.000852163415402, 0.000855804304592, 0.00077727570897, 0.000335957040079, 0.000279909902019, 0.000114963026135, 2.5105296686e-07, 1.16807195027e-08]
    },
    "erbbands": {
        "max": [0.615069746971, 9.34165763855, 35.7343406677, 70.0778274536, 117.49912262, 243.569259644, 340.820465088, 411.122589111, 530.038208008, 425.500183105, 542.59979248, 523.100830078, 844.479125977, 653.187683105, 821.490966797, 660.146789551, 1359.89001465, 1457.36206055, 724.853393555, 861.852050781, 676.670410156, 536.562438965, 491.285888672, 714.440734863, 1072.11437988, 472.241241455, 660.617004395, 540.420532227, 433.27532959, 371.556152344, 97.1958465576, 125.325576782, 39.6735992432, 31.7604637146, 13.2639188766, 0.979605793953, 0.0246613956988, 0.00162393820938, 0.000232220554608, 0.000116155475553],
        "mean": [0.0276885777712, 0.410662323236, 1.514351964, 2.7874481678, 4.61632919312, 5.9991312027, 9.93394470215, 13.7054862976, 16.4906959534, 21.5002937317, 28.575969696, 48.5225982666, 57.3206520081, 55.1404914856, 59.9585418701, 46.2383155823, 39.8162193298, 51.940284729, 39.8798103333, 37.9817237854, 34.8751068115, 34.7935066223, 31.8929615021, 31.939863205, 33.4018363953, 24.9579563141, 13.1231937408, 9.10724163055, 7.45000553131, 6.20873451233, 3.67575454712, 3.04847979546, 1.30583643913, 0.530922830105, 0.210157990456, 0.0129605140537, 0.000378673634259, 3.55977135769e-05, 1.90496994037e-05, 2.98633713101e-05],
        "min": [3.16892146657e-06, 6.77916905261e-05, 0.000643499894068, 0.00138017477002, 0.00288341846317, 0.00717132678255, 0.0208820793778, 0.0669723823667, 0.179276913404, 0.432648211718, 0.632544457912, 0.757133245468, 1.56631207466, 0.824786067009, 1.28103029728, 1.05195832253, 0.456433147192, 0.698782086372, 0.825787305832, 1.07353246212, 1.11814880371, 0.476429224014, 0.587802946568, 0.759711325169, 0.565843224525, 0.388192892075, 0.243042707443, 0.169313326478, 0.159476026893, 0.0890821516514, 0.0284130908549, 0.0223934073001, 0.00941077806056, 0.0042984187603, 0.00106430414598, 6.97953073541e-05, 3.30278612637e-06, 5.43189457858e-07, 1.28412955291e-06, 2.79500341094e-06],
        "stdev": [0.0666447356343, 0.94881862402, 3.1828558445, 6.32992649078, 10.8665332794, 14.6907968521, 23.5445804596, 28.3482303619, 36.0133857727, 36.0319023132, 46.5453300476, 64.4777603149, 76.514251709, 75.4256210327, 87.2908782959, 65.5175170898, 71.4845809937, 110.61782074, 53.1698989868, 60.6849212646, 63.1363487244, 59.0441207886, 44.9877052307, 49.0912971497, 55.1942024231, 37.0796585083, 36.3864479065, 30.6662330627, 29.1335029602, 21.7022914886, 7.98620700836, 7.71716022491, 3.14648103714, 1.59274065495, 0.626177847385, 0.0430091284215, 0.0011227929499, 8.18881235318e-05, 1.70097664522e-05, 1.75515488081e-05]
    },
    "gfcc": {
        "mean": [-4.10511159897, 95.2915039062, -179.394592285, 34.6676177979, -80.8224029541, 18.4853057861, -36.700843811, 8.71423816681, -18.4909572601, -11.6225833893, -2.05064940453, -18.5213050842, 0.395819306374],
        "cov": [[1440.43444824, 122.80291748, 652.780273438, 629.697387695, 247.195571899, 78.2760314941, -152.116394043, -30.0501003265, -86.9494018555, 69.0864639282, 42.0596237183, 20.2638835907, -8.03284454346], [122.80291748, 879.534118652, 379.346588135, 185.889480591, 225.610931396, -184.709625244, -27.5824317932, -141.971405029, -87.0278015137, -111.103736877, 71.2164916992, -82.8603973389, -4.51854467392], [652.780273438, 379.346588135, 791.20111084, 583.048095703, 212.43397522, 67.1953887939, -173.093978882, -88.1731262207, -74.2511444092, 39.9803924561, 25.5297279358, 10.1907558441, -9.3459444046], [629.697387695, 185.889480591, 583.048095703, 685.190002441, 218.81199646, 4.96442270279, -120.929328918, -77.0871658325, -26.819316864, 34.4444503784, 36.2251434326, 10.9627656937, 1.18970835209], [247.195571899, 225.610931396, 212.43397522, 218.81199646, 241.942184448, 61.7939682007, -21.3333969116, 0.982684850693, -25.6247196198, 10.5227766037, 43.6918716431, -5.73322153091, 15.1472597122], [78.2760314941, -184.709625244, 67.1953887939, 4.96442270279, 61.7939682007, 344.034942627, 85.8178100586, 53.4418945312, -5.42845964432, 78.639251709, 5.47512102127, 39.0575866699, 8.96771717072], [-152.116394043, -27.5824317932, -173.093978882, -120.929328918, -21.3333969116, 85.8178100586, 227.429733276, 40.4264602661, -0.53040933609, -17.1053524017, 20.7686595917, -11.1266784668, -6.40715789795], [-30.0501003265, -141.971405029, -88.1731262207, -77.0871658325, 0.982684850693, 53.4418945312, 40.4264602661, 172.582061768, 70.3132781982, 47.6855735779, -4.09891986847, 27.6647567749, 4.52529430389], [-86.9494018555, -87.0278015137, -74.2511444092, -26.819316864, -25.6247196198, -5.42845964432, -0.53040933609, 70.3132781982, 134.470275879, 41.1111373901, -14.5807609558, 11.4372348785, 6.59817314148], [69.0864639282, -111.103736877, 39.9803924561, 34.4444503784, 10.5227766037, 78.639251709, -17.1053524017, 47.6855735779, 41.1111373901, 108.453567505, 25.0956897736, 19.7437820435, 6.57799005508], [42.0596237183, 71.2164916992, 25.5297279358, 36.2251434326, 43.6918716431, 5.47512102127, 20.7686595917, -4.09891986847, -14.5807609558, 25.0956897736, 83.1967544556, 8.68950080872, 0.161835134029], [20.2638835907, -82.8603973389, 10.1907558441, 10.9627656937, -5.73322153091, 39.0575866699, -11.1266784668, 27.6647567749, 11.4372348785, 19.7437820435, 8.68950080872, 65.6127700806, 26.7222499847], [-8.03284454346, -4.51854467392, -9.3459444046, 1.18970835209, 15.1472597122, 8.96771717072, -6.40715789795, 4.52529430389, 6.59817314148, 6.57799005508, 0.161835134029, 26.7222499847, 53.5627593994]],
        "icov": [[0.00141611939762, 0.000792650738731, -0.00114337448031, -0.000256820145296, -0.000972641573753, 0.000583063578233, -0.000187311161426, -0.00025021127658, 0.000673417351209, -8.45051763463e-05, -0.000320562859997, 0.000375154864741, 2.84564202957e-06], [0.000792650738731, 0.00975527241826, -0.0105209946632, 0.00787922367454, -0.00954329129308, 0.00771856494248, -0.00563467666507, 0.00446296064183, -0.00379913742654, 0.00532644428313, -0.00565160019323, 0.00538892718032, -0.00357108120807], [-0.00114337448031, -0.0105209946632, 0.0159933138639, -0.0116208484396, 0.00996171310544, -0.00968819390982, 0.00827121548355, -0.00466794194654, 0.00556347612292, -0.00564708933234, 0.00609680544585, -0.00555773964152, 0.00494088418782], [-0.000256820145296, 0.00787922367454, -0.0116208484396, 0.0120414746925, -0.010187282227, 0.00794068537652, -0.00605234410614, 0.00580551242456, -0.005141813308, 0.00296762469225, -0.00367608782835, 0.00207083742134, -0.00208505569026], [-0.000972641573753, -0.00954329129308, 0.00996171310544, -0.010187282227, 0.0185490082949, -0.0105517571792, 0.00743105402216, -0.00761534366757, 0.00394777720794, -0.000706173537765, -0.000447137106676, 0.00113227707334, -0.00189625704661], [0.000583063578233, 0.00771856494248, -0.00968819390982, 0.00794068537652, -0.0105517571792, 0.0126284901053, -0.00865636020899, 0.00462941313162, -0.00154006236698, -0.00220180302858, 0.000201760864002, -0.000891529140063, -0.000780890986789], [-0.000187311161426, -0.00563467666507, 0.00827121548355, -0.00605234410614, 0.00743105402216, -0.00865636020899, 0.0120025379583, -0.00519650848582, 0.00236773700453, 0.00218151300214, -0.00196950114332, 0.00147958332673, 0.00100501661655], [-0.00025021127658, 0.00446296064183, -0.00466794194654, 0.00580551242456, -0.00761534366757, 0.00462941313162, -0.00519650848582, 0.0129031827673, -0.00583998393267, -0.00193570938427, 0.000759945600294, -0.00349090853706, 0.00175872200634], [0.000673417351209, -0.00379913742654, 0.00556347612292, -0.005141813308, 0.00394777720794, -0.00154006236698, 0.00236773700453, -0.00583998393267, 0.014215211384, -0.00738045433536, 0.00554994866252, -0.0023160786368, 0.00107749900781], [-8.45051763463e-05, 0.00532644428313, -0.00564708933234, 0.00296762469225, -0.000706173537765, -0.00220180302858, 0.00218151300214, -0.00193570938427, -0.00738045433536, 0.0235450901091, -0.0133955497295, 0.00775765348226, -0.00543393008411], [-0.000320562859997, -0.00565160019323, 0.00609680544585, -0.00367608782835, -0.000447137106676, 0.000201760864002, -0.00196950114332, 0.000759945600294, 0.00554994866252, -0.0133955497295, 0.0236514545977, -0.0110242059454, 0.00680337892845], [0.000375154864741, 0.00538892718032, -0.00555773964152, 0.00207083742134, 0.00113227707334, -0.000891529140063, 0.00147958332673, -0.00349090853706, -0.0023160786368, 0.00775765348226, -0.0110242059454, 0.030961913988, -0.0162847619504], [2.84564202957e-06, -0.00357108120807, 0.00494088418782, -0.00208505569026, -0.00189625704661, -0.000780890986789, 0.00100501661655, 0.00175872200634, 0.00107749900781, -0.00543393008411, 0.00680337892845, -0.0162847619504, 0.0285543594509]]
    },
    "melbands": {
        "max": [0.00721867289394, 0.0134241515771, 0.0104303536937, 0.00922701694071, 0.00980395916849, 0.00804170127958, 0.00702589843422, 0.0037765330635, 0.00430052867159, 0.00295816222206, 0.00422174949199, 0.00312240701169, 0.003693993669, 0.00335878529586, 0.00447750883177, 0.0013615405187, 0.00269783637486, 0.00155115872622, 0.000882166321389, 0.000981152174063, 0.000809060817119, 0.000787124910858, 0.000845483911689, 0.00032033957541, 0.000653567374684, 0.00111163035035, 0.000518566695973, 0.000321661966154, 0.000435843772721, 0.000385121325962, 0.000305923545966, 0.000205604621442, 0.000310643605189, 0.000200430411496, 5.74176046939e-05, 4.9929945817e-05, 9.29826201173e-05, 2.8322219805e-05, 2.40413446591e-05, 2.77950985037e-05],
        "mean": [0.000346479471773, 0.00071805913467, 0.000527681841049, 0.000388804881368, 0.000332965952111, 0.000312656920869, 0.000255108083365, 0.000229002485867, 0.000259850319708, 0.000309070048388, 0.000284614041448, 0.000219247231144, 0.00021293280588, 0.000146457998198, 0.000102765836345, 8.54237514432e-05, 9.5471907116e-05, 6.59362412989e-05, 5.55103579245e-05, 4.2309260607e-05, 4.1292179958e-05, 3.5941189708e-05, 3.29896065523e-05, 2.54686801782e-05, 2.56996845565e-05, 2.66807728622e-05, 2.23742790695e-05, 1.51501071741e-05, 8.84204382601e-06, 6.12938674749e-06, 4.79765776618e-06, 3.87931640944e-06, 4.28455859947e-06, 3.18142042488e-06, 2.14746773963e-06, 1.83747806659e-06, 1.9023797222e-06, 9.95793243419e-07, 5.70545353185e-07, 3.96604036723e-07],
        "min": [3.60803298349e-08, 4.2452390403e-07, 2.68775210088e-07, 3.70065919242e-07, 6.23138362243e-07, 1.15752459351e-06, 1.50394748744e-06, 3.77795322493e-06, 3.41002987625e-06, 4.09835911341e-06, 3.09974893753e-06, 2.3662764761e-06, 2.90979232886e-06, 1.10995063096e-06, 1.86801469226e-06, 8.81390803897e-07, 1.41575969792e-06, 1.30976923174e-06, 1.12534860364e-06, 9.71652752924e-07, 1.12868099222e-06, 4.62957501668e-07, 3.88055696021e-07, 5.8403645653e-07, 5.71971725094e-07, 3.54674256187e-07, 3.72745091681e-07, 2.07443932254e-07, 1.85268078212e-07, 7.16093282449e-08, 1.08818184685e-07, 6.45428244184e-08, 7.24185014178e-08, 4.01388042803e-08, 1.55017456649e-08, 1.23306129751e-08, 1.31802213588e-08, 6.05612049398e-09, 4.50052350942e-09, 2.95185276222e-09],
        "stdev": [0.00083612074377, 0.0013675870141, 0.00105833413545, 0.000851347867865, 0.000725846912246, 0.000620758335572, 0.000531902827788, 0.000385469174944, 0.000409589498304, 0.000396532617742, 0.000386212603189, 0.000308971153572, 0.00033444588189, 0.000258579733782, 0.000218192013563, 0.000145215235534, 0.00020492450858, 0.000109523774881, 8.67022463353e-05, 7.90482954471e-05, 8.37505867821e-05, 6.89491862431e-05, 5.61069136893e-05, 3.53735958925e-05, 4.25411490141e-05, 5.10601275892e-05, 3.6916728277e-05, 2.35765619436e-05, 2.38094871747e-05, 2.30054047279e-05, 1.62242558872e-05, 1.43119368659e-05, 1.8482307496e-05, 1.03784586827e-05, 4.79114896734e-06, 4.09016365666e-06, 5.34576929567e-06, 2.39297037297e-06, 1.59559999702e-06, 1.26613133489e-06]
    },
    "melbands128": {
        "max": [0.000227015611017, 0.00363049050793, 0.0112031120807, 0.0186719223857, 0.018854605034, 0.015336131677, 0.016766006127, 0.0116651607677, 0.0159095898271, 0.00986798200756, 0.0193940028548, 0.0092671494931, 0.0168211236596, 0.0142083624378, 0.01493588835, 0.00807071756572, 0.0144636183977, 0.0108437687159, 0.0116981668398, 0.00678116641939, 0.00638847844675, 0.00620661629364, 0.00732408463955, 0.00766876759008, 0.00655406294391, 0.00558787863702, 0.00491004018113, 0.00778033398092, 0.00468390248716, 0.00625473726541, 0.00452714180574, 0.00588059006259, 0.00746003584936, 0.00344657571986, 0.00505275372416, 0.00452024815604, 0.00198176084086, 0.00470274547115, 0.00820950511843, 0.00295480457135, 0.00161361903884, 0.0053238379769, 0.00588801270351, 0.00336055131629, 0.00385056016967, 0.00183244771324, 0.00196398678236, 0.0017736410955, 0.00144451961387, 0.00324824266136, 0.00146740011405, 0.00269761844538, 0.00181966926903, 0.00175668683369, 0.00193062366452, 0.00149802840315, 0.000828919408377, 0.00139788992237, 0.000809711578768, 0.000772677711211, 0.000536186038516, 0.000526111456566, 0.000475098378956, 0.00117474910803, 0.00193683535326, 0.00107878516428, 0.000950558460318, 0.000670546723995, 0.000605235924013, 0.000324200169416, 0.000303810316836, 0.000330309878336, 0.00059020560002, 0.000450838706456, 0.000289819407044, 0.000564331712667, 0.000357346027158, 0.000511745747644, 0.000337660399964, 0.000196271736058, 0.000217483408051, 0.000411743792938, 0.000450002087746, 0.000433880661149, 0.000275368249277, 0.000190535589354, 0.000229453144129, 0.000124468540889, 4.42554483016e-05, 6.8925866799e-05, 4.09050990129e-05, 6.80626035319e-05, 5.97695579927e-05, 0.000147046186612, 7.80272239354e-05, 3.55198062607e-05, 2.76699593087e-05, 2.31944832194e-05, 2.62929988821e-05, 3.08629205392e-05, 3.13734453812e-05, 3.01835789287e-05, 2.02065020858e-05, 2.02783321583e-05, 1.45596504808e-05, 1.35930240504e-05, 7.20854541214e-06, 2.37494489852e-07, 2.64585087173e-09, 2.53808818407e-09, 2.44895592694e-09, 2.35253905245e-09, 2.27137575415e-09, 2.18101070537e-09, 2.12414907885e-09, 2.02976702113e-09, 1.97958249792e-09, 1.93757498934e-09, 1.86239346167e-09, 1.81290271684e-09, 1.76896142179e-09, 1.73132119752e-09, 1.6963788152e-09, 1.6598445951e-09, 1.63778679507e-09, 1.62102908874e-09, 1.60897917212e-09, 1.59895596763e-09],
        "mean": [1.38541454362e-05, 0.000138275732752, 0.000495506217703, 0.00072639354039, 0.000770743819885, 0.000701885554008, 0.000578339851927, 0.000457808666397, 0.000474850821774, 0.000420725380536, 0.000307245616568, 0.000290611758828, 0.000320704857586, 0.0004197434464, 0.000321935862303, 0.000246681738645, 0.000261054665316, 0.000253718317254, 0.000245822535362, 0.000261322682491, 0.000203124378459, 0.000192149076611, 0.000250297074672, 0.000346412096405, 0.00034149948624, 0.000257201783825, 0.000325238594087, 0.000291757751256, 0.000261818116996, 0.00021054300305, 0.000204410374863, 0.000231040103245, 0.000253373204032, 0.000151138679939, 0.000179288879735, 0.000143815399497, 9.28314402699e-05, 0.000115725095384, 9.84445869108e-05, 7.68730897107e-05, 5.8318626543e-05, 0.000136635440867, 0.000104073973489, 6.67327840347e-05, 9.0000750788e-05, 6.00806706643e-05, 4.51958039775e-05, 6.40597791062e-05, 4.96739812661e-05, 5.94803386775e-05, 3.35459699272e-05, 3.76570606022e-05, 4.00831413572e-05, 4.7329802328e-05, 3.51178860001e-05, 3.60328267561e-05, 3.2979536627e-05, 3.72973408957e-05, 3.17790800182e-05, 2.7337922802e-05, 2.64069931291e-05, 2.34586750594e-05, 1.97458193725e-05, 2.53753678408e-05, 3.77357355319e-05, 2.57302890532e-05, 2.01991442736e-05, 2.61971090367e-05, 2.22658964049e-05, 1.84880500456e-05, 1.64356406458e-05, 1.26792701849e-05, 1.10309701995e-05, 8.28709471534e-06, 5.99434861215e-06, 6.47235219731e-06, 5.94449329583e-06, 5.69034091313e-06, 5.04000854562e-06, 3.48599974132e-06, 3.07203663397e-06, 4.26878068538e-06, 5.17292301083e-06, 4.2089368435e-06, 3.76066395802e-06, 3.29384351971e-06, 3.10044424623e-06, 2.71682915809e-06, 1.99147189051e-06, 1.82817416317e-06, 1.78559844244e-06, 1.84571160844e-06, 1.93485243472e-06, 2.16447938328e-06, 1.72091790773e-06, 1.21492962535e-06, 8.43070665724e-07, 6.59125646507e-07, 5.77911691835e-07, 5.38221058832e-07, 4.42101537601e-07, 3.72351053102e-07, 3.35801018991e-07, 3.10514934654e-07, 2.66832330453e-07, 2.1405503503e-07, 5.50076890704e-08, 2.81936074487e-09, 9.33627394145e-12, 7.63908901413e-12, 7.19940470087e-12, 6.82693311604e-12, 6.5352384962e-12, 6.26902739789e-12, 6.06390718888e-12, 5.85879999029e-12, 5.63378857454e-12, 5.40341426117e-12, 5.22709566603e-12, 5.07413165304e-12, 4.93515471545e-12, 4.82288948361e-12, 4.72741637503e-12, 4.6292852364e-12, 4.51144894012e-12, 4.36664463269e-12, 4.28163797819e-12, 4.24899655391e-12],
        "min": [1.09967668305e-09, 5.43299139011e-09, 2.52776946041e-08, 3.68458010769e-08, 1.35269814905e-07, 1.22607502817e-07, 8.86778863673e-08, 4.44200303207e-08, 8.79008297261e-08, 8.12659237681e-08, 1.16793174243e-07, 7.6197522958e-08, 8.25958323958e-08, 3.11764353e-07, 1.6896882471e-07, 1.58409079631e-07, 1.01023616139e-07, 4.24060182524e-08, 3.80695780677e-07, 4.53547158941e-07, 1.22963638205e-06, 2.55639093893e-07, 6.61645117361e-07, 1.40966733397e-06, 1.18538400784e-06, 2.41246334554e-06, 9.05828017039e-07, 9.04197577256e-07, 4.86923795506e-07, 6.90582226071e-07, 4.82250527511e-07, 9.66542529568e-07, 3.88665853279e-07, 6.06045261975e-07, 5.02842965489e-07, 4.18655474732e-07, 1.0353385278e-06, 1.63625577443e-06, 3.53471278913e-07, 1.0216319879e-06, 3.45892658515e-07, 6.35965875517e-07, 8.10063852441e-07, 1.0490200566e-06, 1.50023106471e-06, 1.16679689199e-06, 4.88073851557e-07, 5.38294898433e-07, 8.53300775816e-07, 5.92970252455e-07, 2.59621259602e-07, 3.60374428965e-07, 6.08930122326e-07, 6.91270429343e-07, 5.92212415995e-07, 1.79291291147e-07, 2.57750798482e-07, 2.3069840438e-07, 3.88138658991e-07, 4.67909984536e-07, 1.36714916721e-07, 2.54632823271e-07, 3.61545403393e-07, 5.69587712107e-07, 3.25065769857e-07, 2.19701732362e-07, 2.10505902487e-07, 1.50148650846e-07, 2.88600801923e-07, 1.3593728454e-07, 2.11016867979e-07, 1.75271154035e-07, 1.59850330306e-07, 1.40629964562e-07, 4.49945893877e-08, 8.50841388456e-08, 4.58475604148e-08, 4.98742842581e-08, 7.822764303e-08, 6.88342183253e-08, 4.47963834915e-08, 4.75889088136e-08, 4.46592416381e-08, 5.21896978967e-08, 1.62798254877e-08, 2.89671042708e-08, 2.42130333561e-08, 1.18129825921e-08, 1.31455513142e-08, 1.72089045236e-08, 1.09472590992e-08, 5.77864911477e-09, 1.19755485528e-08, 9.29094934321e-09, 3.80767417596e-09, 6.98263624699e-09, 5.84626125288e-09, 4.93473306662e-09, 2.50343656916e-09, 2.73895284231e-09, 2.14314832547e-09, 2.82681655861e-09, 1.52038526213e-09, 9.67048330303e-10, 4.02060024163e-10, 2.73576938881e-10, 6.35094130064e-11, 6.11869658673e-13, 1.28498543728e-13, 1.06255512743e-13, 1.03210212458e-13, 1.13787519446e-13, 1.07957825351e-13, 7.77142835761e-14, 9.05888523374e-14, 1.04378358983e-13, 1.12605678091e-13, 1.07488155746e-13, 1.15866599084e-13, 1.20732308699e-13, 1.15270274337e-13, 9.70406209815e-14, 1.10111647177e-13, 1.19939255467e-13, 9.01190743124e-14, 3.72056647101e-14, 4.701938759e-15, 1.71533648e-16],
        "stdev": [2.8465550713e-05, 0.000335178396199, 0.00134798511863, 0.00175619742367, 0.00167801743373, 0.00165421026759, 0.00147328444291, 0.00121525209397, 0.00133511028253, 0.00112014706247, 0.00101186800748, 0.000806367781479, 0.00099860841874, 0.00108722306322, 0.000876536476426, 0.00059428520035, 0.000790895428509, 0.000702765828464, 0.000642855768092, 0.000535813102033, 0.000521960435435, 0.000479919108329, 0.000545660732314, 0.000623146246653, 0.000616686651483, 0.000437257054728, 0.000524041068275, 0.000559748907108, 0.000414842012106, 0.000379125180189, 0.000407615647418, 0.000405064434744, 0.000574978068471, 0.000306993140839, 0.00040705842548, 0.000334999640472, 0.000165919947904, 0.000285254674964, 0.000364548759535, 0.000173537380761, 9.86626328086e-05, 0.000430292187957, 0.000336810393492, 0.000156768379384, 0.000240026551182, 0.000128814601339, 8.92055031727e-05, 0.000144518271554, 0.000109717570012, 0.000165949037182, 8.0587589764e-05, 0.000135384922032, 9.74357535597e-05, 0.000142107455758, 9.93492431007e-05, 9.01516759768e-05, 6.79670556565e-05, 8.57119230204e-05, 6.2926672399e-05, 5.23829512531e-05, 4.383893247e-05, 4.20229880547e-05, 3.6099620047e-05, 5.32912054041e-05, 8.67769922479e-05, 5.72430544707e-05, 4.54051769339e-05, 5.20622124895e-05, 4.13777343056e-05, 3.12219563057e-05, 2.72595880233e-05, 2.40409790422e-05, 3.26137705997e-05, 2.45231913141e-05, 1.97309036594e-05, 3.14454409818e-05, 2.04304215004e-05, 2.27174550673e-05, 1.88521698874e-05, 1.04527898657e-05, 9.5588293334e-06, 1.90685150301e-05, 2.57728461293e-05, 2.02565479412e-05, 1.4961382476e-05, 1.17296149256e-05, 1.01761243059e-05, 7.8569037214e-06, 4.26594306191e-06, 4.06956041843e-06, 3.69094186681e-06, 5.09426445205e-06, 4.60797127744e-06, 7.09683399691e-06, 5.19427112522e-06, 2.94665460387e-06, 2.08267397284e-06, 1.71562408013e-06, 1.59046931003e-06, 1.81777147645e-06, 1.44245848333e-06, 1.27347107082e-06, 1.01495800209e-06, 9.84665234682e-07, 7.60751959206e-07, 7.11446034529e-07, 2.61584546024e-07, 1.18603189492e-08, 8.13338077443e-11, 7.49884529472e-11, 7.13209283298e-11, 6.79778247581e-11, 6.53608764334e-11, 6.26061424924e-11, 6.08783370937e-11, 5.81216637319e-11, 5.65880571568e-11, 5.5316466685e-11, 5.31465149667e-11, 5.17049320026e-11, 5.04360511688e-11, 4.93489242526e-11, 4.8343440362e-11, 4.72986996791e-11, 4.6665126624e-11, 4.61837200427e-11, 4.58385551738e-11, 4.55521176335e-11]
    },
    "mfcc": {
        "mean": [-616.02532959, 103.696311951, -33.6362342834, 5.70864963531, -13.2964611053, -4.17966365814, -1.13484692574, 5.04148006439, -6.36000919342, 7.17350530624, -3.31502604485, -3.53513336182, -3.95198655128],
        "cov": [[1174.5994873, -152.451034546, 399.369689941, 430.071472168, 313.061767578, 134.70664978, 72.521270752, -31.0902500153, -56.7235603333, 22.1866054535, -29.5560092926, 46.252532959, 28.984872818], [-152.451034546, 798.996643066, 66.2991638184, 161.374084473, 93.8520431519, -53.4960517883, 72.097328186, -31.5847511292, -107.527450562, -41.7972793579, -53.25, -45.2080116272, -44.8855323792], [399.369689941, 66.2991638184, 648.804992676, 419.17477417, 321.530487061, 189.471343994, 23.7657489777, -57.1992454529, -70.5258865356, -15.0484924316, -30.2809944153, 23.4760665894, -4.48698377609], [430.071472168, 161.374084473, 419.17477417, 657.040100098, 319.472961426, 59.6754989624, 2.62099814415, -68.5261993408, -99.3491516113, -20.7624492645, -67.8285446167, 18.5641918182, 3.33377861977], [313.061767578, 93.8520431519, 321.530487061, 319.472961426, 403.070709229, 106.167297363, 16.4083366394, -35.8481559753, -33.06042099, 16.6344528198, -34.2518920898, 34.5152549744, 36.8898277283], [134.70664978, -53.4960517883, 189.471343994, 59.6754989624, 106.167297363, 244.960861206, 108.174079895, 16.0287971497, -13.8380470276, 30.9090080261, -2.24106621742, -4.35028743744, 0.924790978432], [72.521270752, 72.097328186, 23.7657489777, 2.62099814415, 16.4083366394, 108.174079895, 211.823440552, 53.6425476074, -37.0542602539, 42.1217384338, 17.1799716949, -15.3864746094, 0.371593475342], [-31.0902500153, -31.5847511292, -57.1992454529, -68.5261993408, -35.8481559753, 16.0287971497, 53.6425476074, 114.818702698, 52.1741218567, 17.1220340729, 32.0967483521, -0.293428450823, 9.48929786682], [-56.7235603333, -107.527450562, -70.5258865356, -99.3491516113, -33.06042099, -13.8380470276, -37.0542602539, 52.1741218567, 138.560806274, 26.4528942108, 38.2883262634, 21.4463253021, 17.2054004669], [22.1866054535, -41.7972793579, -15.0484924316, -20.7624492645, 16.6344528198, 30.9090080261, 42.1217384338, 17.1220340729, 26.4528942108, 96.3239593506, 39.1589660645, 21.265832901, 18.0803546906], [-29.5560092926, -53.25, -30.2809944153, -67.8285446167, -34.2518920898, -2.24106621742, 17.1799716949, 32.0967483521, 38.2883262634, 39.1589660645, 97.8171157837, 26.2348594666, 8.0630607605], [46.252532959, -45.2080116272, 23.4760665894, 18.5641918182, 34.5152549744, -4.35028743744, -15.3864746094, -0.293428450823, 21.4463253021, 21.265832901, 26.2348594666, 76.6243591309, 28.4708652496], [28.984872818, -44.8855323792, -4.48698377609, 3.33377861977, 36.8898277283, 0.924790978432, 0.371593475342, 9.48929786682, 17.2054004669, 18.0803546906, 8.0630607605, 28.4708652496, 69.4552001953]],
        "icov": [[0.00143173406832, 0.000598132028244, -0.00031749351183, -0.000596440746449, -0.000527434691321, 0.000321756291669, -0.000836836814415, 0.00010826808284, 7.06556165824e-05, 2.27560030908e-05, 0.00022240942053, -0.000340433995007, 0.000153015280375], [0.000598132028244, 0.00197484111413, -0.00015710099251, -0.000325739732943, -0.000874714343809, 0.00131517858244, -0.00149065360893, 0.00016804682673, 0.000569792638998, 0.000408691528719, 0.000353474868461, 0.000318974838592, 0.00104488560464], [-0.00031749351183, -0.00015710099251, 0.00433791708201, -0.00159650086425, -0.00133268930949, -0.00291346199811, 0.00101074436679, 0.000548880256247, 0.000368829845684, 0.00139758153819, -0.00147223460954, -0.00056200067047, 0.00100017234217], [-0.000596440746449, -0.000325739732943, -0.00159650086425, 0.00381806329824, -0.0013578129001, 0.0012175423326, 0.000140678501339, -0.000222236776608, 0.00110352097545, -0.000379799108487, 0.00116496137343, -0.000268876901828, 0.00028705119621], [-0.000527434691321, -0.000874714343809, -0.00133268930949, -0.0013578129001, 0.00601454591379, -0.00139101431705, 0.000800297129899, 0.000281691754935, -0.000718433584552, -0.00128160859458, 0.00110889226198, -0.000849377422128, -0.00285382196307], [0.000321756291669, 0.00131517858244, -0.00291346199811, 0.0012175423326, -0.00139101431705, 0.00896295811981, -0.00473944470286, 0.00022832005925, -0.000753973552492, -0.0011625016341, 0.00165144610219, 0.000966568884905, 0.00098409934435], [-0.000836836814415, -0.00149065360893, 0.00101074436679, 0.000140678501339, 0.000800297129899, -0.00473944470286, 0.0108472490683, -0.00537910591811, 0.00471166940406, -0.00354777160101, -0.00130856677424, 0.00123548670672, -0.000838801730424], [0.00010826808284, 0.00016804682673, 0.000548880256247, -0.000222236776608, 0.000281691754935, 0.00022832005925, -0.00537910591811, 0.0148425763473, -0.0064846216701, 0.00237209233455, -0.00231086788699, 0.00120536854956, -0.001279156073], [7.06556165824e-05, 0.000569792638998, 0.000368829845684, 0.00110352097545, -0.000718433584552, -0.000753973552492, 0.00471166940406, -0.0064846216701, 0.0132907684892, -0.00271500996314, -0.00152259028982, -0.00119759293739, -0.000355970900273], [2.27560030908e-05, 0.000408691528719, 0.00139758153819, -0.000379799108487, -0.00128160859458, -0.0011625016341, -0.00354777160101, 0.00237209233455, -0.00271500996314, 0.0158039759845, -0.00491881649941, -0.00171832239721, -0.00141187012196], [0.00022240942053, 0.000353474868461, -0.00147223460954, 0.00116496137343, 0.00110889226198, 0.00165144610219, -0.00130856677424, -0.00231086788699, -0.00152259028982, -0.00491881649941, 0.0159378293902, -0.00461890362203, 0.00139712635428], [-0.000340433995007, 0.000318974838592, -0.00056200067047, -0.000268876901828, -0.000849377422128, 0.000966568884905, 0.00123548670672, 0.00120536854956, -0.00119759293739, -0.00171832239721, -0.00461890362203, 0.0189572293311, -0.00589893152937], [0.000153015280375, 0.00104488560464, 0.00100017234217, 0.00028705119621, -0.00285382196307, 0.00098409934435, -0.000838801730424, -0.001279156073, -0.000355970900273, -0.00141187012196, 0.00139712635428, -0.00589893152937, 0.0194535050541]]
    },
    "spectral_contrast_coeffs": {
        "max": [-0.312671214342, -0.514920949936, -0.52972137928, -0.597152292728, -0.631186664104, -0.501116514206],
        "mean": [-0.708265662193, -0.753513157368, -0.763567149639, -0.794234573841, -0.779968559742, -0.758235454559],
        "min": [-0.872685015202, -0.90443444252, -0.887671172619, -0.888786792755, -0.872101485729, -0.852137207985],
        "stdev": [0.0976799502969, 0.0621405318379, 0.0565997697413, 0.0505306608975, 0.0382343269885, 0.0389098897576]
    },
    "spectral_contrast_valleys": {
        "max": [-5.39963912964, -5.18023204803, -5.0957775116, -5.88450336456, -5.28421115875, -7.73154973984],
        "mean": [-7.45664691925, -6.47506093979, -6.6404967308, -6.93177843094, -6.97731399536, -9.9875831604],
        "min": [-10.3612346649, -8.08231258392, -8.10380649567, -8.18063259125, -8.53845310211, -12.0300884247],
        "stdev": [0.995085120201, 0.450266003609, 0.593708515167, 0.337680965662, 0.418751657009, 0.592876315117]
    }
},
"rhythm": {
    "beats_count": 58,
    "beats_loudness": {
        "max": 0.064662322402,
        "mean": 0.0282576400787,
        "min": 0.00439891824499,
        "stdev": 0.0135732488707
    },
    "bpm": 129.213912964,
    "bpm_histogram_first_peak_bpm": 129,
    "bpm_histogram_first_peak_weight": 0.181818127632,
    "bpm_histogram_second_peak_bpm": 117,
    "bpm_histogram_second_peak_spread": 0.466666698456,
    "bpm_histogram_second_peak_weight": 0.140350878239,
    "danceability": 1.23991334438,
    "onset_rate": 2.95332360268,
    "beats_loudness_band_ratio": {
        "max": [0.704856157303, 0.562833189964, 0.677282273769, 0.73815715313, 0.543931245804, 0.615105569363],
        "mean": [0.182017967105, 0.109871171415, 0.264508396387, 0.254445701838, 0.151446118951, 0.0969699248672],
        "min": [0.00137150334194, 0.00169431092218, 0.0297939218581, 0.0270481258631, 0.0173384938389, 0.0102967768908],
        "stdev": [0.214213103056, 0.137069672346, 0.181307196617, 0.207149788737, 0.11554440856, 0.119124762714]
    },
    "beats_position": [0.545668900013, 1.11455774307, 1.68344664574, 2.24072551727, 2.7863945961, 3.30884337425, 3.83129239082, 4.34213161469, 4.85297060013, 5.36380958557, 5.87464857101, 6.39709758759, 6.91954612732, 7.4303855896, 7.94122457504, 8.45206356049, 8.96290206909, 9.4853515625, 10.0078001022, 10.5418596268, 11.0759181976, 11.6099767685, 12.144036293, 12.689704895, 13.2237634659, 13.7810430527, 14.3383216858, 14.8839902878, 15.4296598434, 15.9753284454, 16.5209980011, 17.0666656494, 17.600725174, 18.0767345428, 18.575963974, 19.0635814667, 19.4467124939, 19.8298416138, 20.2129707336, 20.5960998535, 20.9792289734, 21.3623580933, 21.7570972443, 22.1170063019, 22.5001354218, 22.8948745728, 23.2780036926, 23.6727428436, 24.1371421814, 24.6015415192, 25.0659408569, 25.5303401947, 25.9947395325, 26.4591369629, 26.9119262695, 27.3763256073, 27.8407249451, 28.3051242828],
