{
"metadata": {
    "version": {
        "essentia": "2.1-beta5",
        "essentia_git_sha": "Undefined",
        "extractor": "music 2.0"
    },
    "audio_properties": {
        "analysis": {
            "equal_loudness": 0,
            "length": 30.383310318,
            "sample_rate": 44100,
            "start_time": 158.987030029,
            "downmix": "mix"
        },
        "bit_rate": 192000,
        "length": 189.393569946,
        "lossless": 0,
        "number_channels": 2,
        "replay_gain": -11.8953876495,
        "sample_rate": 48000,
        "codec": "mp3",
        "md5_encoded": "95b5811bf2b859d52e295fab81f79c2a"
    },
    "tags": {
        "file_name": "Portugal_Deixa-me Sonhar_Rita Guerra.mp3",
        "encoding": ["Lavf58.29.100"]
    }
},
"lowlevel": {
    "average_loudness": 0.971714496613,
    "barkbands_crest": {
        "max": 26.9209671021,
        "mean": 10.7938909531,
        "min": 2.8494040966,
        "stdev": 5.15078449249
    },
    "barkbands_flatness_db": {
        "max": 0.709207296371,
        "mean": 0.133885920048,
        "min": 0.0469573698938,
        "stdev": 0.0555573217571
    },
    "barkbands_kurtosis": {
        "max": 28021.7949219,
        "mean": 50.6529159546,
        "min": -1.81663799286,
        "stdev": 1009.10888672
    },
    "barkbands_skewness": {
        "max": 146.562149048,
        "mean": 1.37960112095,
        "min": -2.01722717285,
        "stdev": 6.36751699448
    },
    "barkbands_spread": {
        "max": 87.3356704712,
        "mean": 21.8909816742,
        "min": 0.0138929821551,
        "stdev": 11.69069767
    },
    "dissonance": {
        "max": 0.499999970198,
        "mean": 0.467568844557,
        "min": 0.389324605465,
        "stdev": 0.0216724276543
    },
    "dynamic_complexity": 1.38232886791,
    "erbbands_crest": {
        "max": 28.856420517,
        "mean": 11.6862449646,
        "min": 1.92089796066,
        "stdev": 5.6269493103
    },
    "erbbands_flatness_db": {
        "max": 0.30457046628,
        "mean": 0.183297529817,
        "min": 0.0393302068114,
        "stdev": 0.0379425622523
    },
    "erbbands_kurtosis": {
        "max": 13.639213562,
        "mean": 0.485345929861,
        "min": -1.77294516563,
        "stdev": 1.64900028706
    },
    "erbbands_skewness": {
        "max": 3.6746981144,
        "mean": 0.591245770454,
        "min": -1.74152243137,
        "stdev": 0.790928602219
    },
    "erbbands_spread": {
        "max": 189.131164551,
        "mean": 30.4058227539,
        "min": 6.91676282883,
        "stdev": 13.728427887
    },
    "hfc": {
        "max": 201.275878906,
        "mean": 33.6032180786,
        "min": 1.97969605154e-08,
        "stdev": 18.8980503082
    },
    "loudness_ebu128": {
        "integrated": -10.1728363037,
        "loudness_range": 1.58836555481,
        "momentary": {
            "max": -8.60342216492,
            "mean": -10.3681850433,
            "min": -31.4015808105,
            "stdev": 1.66651916504
        },
        "short_term": {
            "max": -9.38681411743,
            "mean": -10.1828079224,
            "min": -11.9639816284,
            "stdev": 0.56089669466
        }
    },
    "melbands_crest": {
        "max": 39.9963264465,
        "mean": 13.8880767822,
        "min": 3.024746418,
        "stdev": 6.17588090897
    },
    "melbands_flatness_db": {
        "max": 0.700560748577,
        "mean": 0.153295397758,
        "min": 0.0247513260692,
        "stdev": 0.0553576126695
    },
    "melbands_kurtosis": {
        "max": 53050.265625,
        "mean": 98.5673751831,
        "min": -1.59509146214,
        "stdev": 1881.7121582
    },
    "melbands_skewness": {
        "max": 221.232391357,
        "mean": 2.14990544319,
        "min": -0.825229763985,
        "stdev": 9.11303424835
    },
    "melbands_spread": {
        "max": 209.085754395,
        "mean": 29.2795238495,
        "min": 0.0174032505602,
        "stdev": 17.6022624969
    },
    "pitch_salience": {
        "max": 0.838491618633,
        "mean": 0.535617947578,
        "min": 0.00161941337865,
        "stdev": 0.133168146014
    },
    "silence_rate_20dB": {
        "max": 1,
        "mean": 1,
        "min": 1,
        "stdev": 0
    },
    "silence_rate_30dB": {
        "max": 1,
        "mean": 1,
        "min": 1,
        "stdev": 0
    },
    "silence_rate_60dB": {
        "max": 1,
        "mean": 0.0129770990461,
        "min": 0,
        "stdev": 0.113175496459
    },
    "spectral_centroid": {
        "max": 4423.08398438,
        "mean": 1727.34277344,
        "min": 412.442108154,
        "stdev": 537.885864258
    },
    "spectral_complexity": {
        "max": 49,
        "mean": 28.0274810791,
        "min": 0,
        "stdev": 8.34031772614
    },
    "spectral_decrease": {
        "max": -1.61716853779e-17,
        "mean": -7.07427538771e-09,
        "min": -1.83602164583e-08,
        "stdev": 2.76878275862e-09
    },
    "spectral_energy": {
        "max": 0.0718069523573,
        "mean": 0.0297479145229,
        "min": 6.28313651108e-11,
        "stdev": 0.011255226098
    },
    "spectral_energyband_high": {
        "max": 0.0239467490464,
        "mean": 0.00126328365877,
        "min": 1.00985149062e-12,
        "stdev": 0.00201446795836
    },
    "spectral_energyband_low": {
        "max": 0.0577211230993,
        "mean": 0.00325553072616,
        "min": 3.87890726483e-11,
        "stdev": 0.00440939236432
    },
    "spectral_energyband_middle_high": {
        "max": 0.0469893887639,
        "mean": 0.0110699879006,
        "min": 1.48804406297e-12,
        "stdev": 0.00773210357875
    },
    "spectral_energyband_middle_low": {
        "max": 0.0699589774013,
        "mean": 0.015655009076,
        "min": 1.65675361884e-13,
        "stdev": 0.0100422678515
    },
    "spectral_entropy": {
        "max": 8.96504592896,
        "mean": 7.6835103035,
        "min": 6.31821203232,
        "stdev": 0.310168415308
    },
    "spectral_flux": {
        "max": 0.224210530519,
        "mean": 0.0922136455774,
        "min": 6.66772029945e-06,
        "stdev": 0.0288982596248
    },
    "spectral_kurtosis": {
        "max": 12.1535558701,
        "mean": 3.84328436852,
        "min": -0.676888942719,
        "stdev": 1.64830315113
    },
    "spectral_rms": {
        "max": 0.00836991984397,
        "mean": 0.00526116695255,
        "min": 2.47586143587e-07,
        "stdev": 0.00115864654072
    },
    "spectral_rolloff": {
        "max": 11111.1328125,
        "mean": 1937.98681641,
        "min": 21.533203125,
        "stdev": 1313.33764648
    },
    "spectral_skewness": {
        "max": 2.54577183723,
        "mean": 1.34057855606,
        "min": 0.414188057184,
        "stdev": 0.301073402166
    },
    "spectral_spread": {
        "max": 14865720,
        "mean": 4035956,
        "min": 2666030,
        "stdev": 1202880.5
    },
    "spectral_strongpeak": {
        "max": 10.4014978409,
        "mean": 2.19853878021,
        "min": 0,
        "stdev": 1.61382997036
    },
    "zerocrossingrate": {
        "max": 0.3466796875,
        "mean": 0.0711504071951,
        "min": 0,
        "stdev": 0.0321794897318
    },
    "barkbands": {
        "max": [0.000665092491545, 0.0426701679826, 0.0283551439643, 0.0155401108786, 0.0353230796754, 0.068096973002, 0.0199620388448, 0.0376112796366, 0.0499569289386, 0.0365893058479, 0.0228287596256, 0.0355220660567, 0.0151288490742, 0.0153374373913, 0.00819750130177, 0.0125856716186, 0.00708926608786, 0.0118493102491, 0.00676994724199, 0.00634050182998, 0.00325481919572, 0.00311794085428, 0.00660595623776, 0.00567299360409, 0.00860831141472, 0.00152415048797, 1.80717106559e-05],
        "mean": [1.87107052625e-05, 0.00121820019558, 0.00167039490771, 0.000655441428535, 0.00181986973621, 0.00282652606256, 0.000817786843982, 0.00132536864839, 0.00638712011278, 0.00434244144708, 0.0010432152776, 0.000740442774259, 0.00093098951038, 0.000667966494802, 0.00082415289944, 0.000861570762936, 0.000620328006335, 0.000696154194884, 0.000734195869882, 0.000649681431241, 0.000245684961556, 0.000156263413373, 0.000192209161469, 0.00014930839825, 0.000118711810501, 3.51040544047e-05, 5.51695471529e-08],
        "min": [3.03167317639e-11, 1.57022710806e-11, 7.33967093103e-15, 4.86489815717e-15, 1.40434522057e-14, 2.8622588376e-14, 1.37205251297e-14, 3.99536293264e-14, 3.29194340515e-14, 9.12252112501e-14, 1.36699028833e-13, 1.43679149524e-13, 1.38380463772e-13, 1.24572444374e-13, 1.17138422443e-13, 8.2155724552e-14, 8.93545355979e-14, 1.17209478343e-13, 1.39955077692e-13, 6.15823513603e-14, 5.33313288822e-14, 7.16627278352e-14, 6.44212805388e-14, 1.10398811674e-13, 9.0193850381e-14, 1.43617268685e-13, 4.50304588539e-13],
        "stdev": [4.35761030531e-05, 0.00252987071872, 0.00219572684728, 0.0010835302528, 0.00266287242994, 0.00556660536677, 0.00152929883916, 0.00293248216622, 0.00848500058055, 0.00647266255692, 0.00165814056527, 0.00181234162301, 0.00125487719197, 0.00121051166207, 0.00106482743286, 0.00116783590056, 0.000680968747474, 0.000865111476742, 0.000657772354316, 0.000576383434236, 0.000280251610093, 0.000284346519038, 0.000449791055871, 0.000434037414379, 0.000597913109232, 0.000125137696159, 6.34775233266e-07]
    },
    "erbbands": {
        "max": [0.440196722746, 11.8189697266, 28.4269485474, 35.6579437256, 61.3473854065, 177.0806427, 302.838226318, 701.74041748, 409.770355225, 363.084411621, 562.180358887, 1443.03222656, 1293.67565918, 1321.27929688, 445.484710693, 1671.40039062, 781.851867676, 794.242553711, 487.917572021, 760.73626709, 421.592071533, 433.195983887, 726.386169434, 277.927093506, 413.128662109, 273.308105469, 141.575836182, 155.17930603, 131.555725098, 246.970413208, 242.276321411, 188.197463989, 92.3684158325, 96.8177871704, 61.2881278992, 13.0813407898, 2.49227595329, 0.164989054203, 0.00338600552641, 0.000344159983797],
        "mean": [0.0162412971258, 0.349844843149, 1.64914798737, 2.33843493462, 2.96451210976, 7.2859711647, 12.3582878113, 28.602897644, 14.2579450607, 18.5096168518, 33.1473922729, 165.593017578, 150.768157959, 95.4725875854, 42.993106842, 31.999206543, 43.37525177, 38.6198959351, 45.4203643799, 42.6853942871, 41.8526039124, 34.0059013367, 39.8793182373, 38.7467575073, 32.6397018433, 30.8971443176, 16.071559906, 7.88298177719, 5.49080371857, 5.57361936569, 5.53994894028, 3.89060163498, 2.12314200401, 1.46209990978, 0.73553776741, 0.243819534779, 0.0515127293766, 0.00302612478845, 9.06005079742e-05, 4.28743114753e-05],
        "min": [1.03468011936e-09, 8.65541638362e-10, 1.27594226851e-10, 1.05517310167e-10, 5.87421153386e-11, 7.18079970485e-11, 9.63156637779e-11, 2.91727142443e-10, 1.78726922151e-10, 3.19879983612e-10, 1.12339915148e-09, 7.4733813582e-10, 1.17001230926e-09, 3.87959397941e-09, 6.02143002126e-09, 6.63588162197e-09, 5.16292164576e-09, 7.64085505978e-09, 5.49527889859e-09, 5.10535969056e-09, 4.68063721115e-09, 5.02567720773e-09, 5.91771032177e-09, 6.03731775684e-09, 7.58814522328e-09, 2.29705143795e-09, 3.11714543066e-09, 1.84541959491e-09, 2.28309016137e-09, 2.88700507944e-09, 1.76037728838e-09, 2.03490557737e-09, 1.96172211808e-09, 6.55758392032e-10, 8.32156621389e-10, 6.82563894294e-10, 2.59596066865e-10, 1.60546215211e-10, 6.24498647239e-11, 6.57637659607e-12],
        "stdev": [0.0341145694256, 0.695414721966, 2.26205825806, 3.08399963379, 4.19680118561, 12.1187143326, 22.970998764, 60.4642868042, 27.8989105225, 30.9923324585, 57.773979187, 228.791290283, 200.209152222, 159.355804443, 51.8331718445, 82.1120452881, 58.9795265198, 61.1169166565, 58.1581916809, 60.1441078186, 45.7616920471, 37.7579879761, 53.5336341858, 32.1402244568, 31.8195037842, 27.8171768188, 14.7560520172, 11.4271364212, 10.6000108719, 11.8788042068, 13.3019981384, 10.8782758713, 6.96096897125, 7.31085729599, 3.69287848473, 0.961793541908, 0.178944021463, 0.0118304239586, 0.000278648163658, 2.79252635664e-05]
    },
    "gfcc": {
        "mean": [21.0539531708, 78.4703674316, -150.646530151, 29.4404315948, -70.9126052856, 12.8370456696, -36.6801872253, 17.9827766418, -27.309627533, -3.09939789772, -19.3806743622, -6.0554060936, -6.9515542984],
        "cov": [[14101.8291016, 1339.57946777, -1024.1776123, 239.183410645, -634.201477051, -78.4765777588, -444.082214355, 12.4550056458, -431.083404541, -227.738204956, -363.258728027, -235.817611694, -271.443084717], [1339.57946777, 930.627563477, -124.637489319, 241.0546875, 6.27741527557, -240.199203491, -60.0792884827, -95.0569458008, -26.6471729279, -99.9990158081, 60.7989463806, -92.4053497314, 81.9411468506], [-1024.1776123, -124.637489319, 527.645935059, 246.564178467, 165.278152466, 12.008808136, -26.1407718658, 1.06076622009, 13.9293909073, 64.9788284302, 5.50263929367, 75.3700256348, 17.284942627], [239.183410645, 241.0546875, 246.564178467, 469.644714355, 157.332778931, -69.196723938, -58.6777496338, -14.6776704788, 37.4224128723, 10.4805936813, 17.5845832825, -9.61207294464, 36.3716659546], [-634.201477051, 6.27741527557, 165.278152466, 157.332778931, 232.165634155, 41.0948257446, 40.4397087097, 17.540555954, -5.54287719727, 26.3387088776, 11.9681711197, 23.1394615173, 8.48339557648], [-78.4765777588, -240.199203491, 12.008808136, -69.196723938, 41.0948257446, 224.023208618, 122.547424316, 50.1007041931, -36.6077842712, -1.88246536255, -24.9253921509, 18.9018669128, -71.1756591797], [-444.082214355, -60.0792884827, -26.1407718658, -58.6777496338, 40.4397087097, 122.547424316, 196.952331543, 59.2190055847, -17.1372699738, -32.2760887146, -3.71377134323, -10.0397920609, -61.7841033936], [12.4550056458, -95.0569458008, 1.06076622009, -14.6776704788, 17.540555954, 50.1007041931, 59.2190055847, 108.892448425, 43.3521728516, 1.35126888752, -29.3011264801, -8.83009529114, -41.4811859131], [-431.083404541, -26.6471729279, 13.9293909073, 37.4224128723, -5.54287719727, -36.6077842712, -17.1372699738, 43.3521728516, 131.59312439, 36.0107460022, 13.3173789978, -6.45326089859, 25.7131347656], [-227.738204956, -99.9990158081, 64.9788284302, 10.4805936813, 26.3387088776, -1.88246536255, -32.2760887146, 1.35126888752, 36.0107460022, 87.2087097168, 21.7362174988, 23.1622753143, 1.11827898026], [-363.258728027, 60.7989463806, 5.50263929367, 17.5845832825, 11.9681711197, -24.9253921509, -3.71377134323, -29.3011264801, 13.3173789978, 21.7362174988, 90.5703811646, 31.1164512634, 37.2469100952], [-235.817611694, -92.4053497314, 75.3700256348, -9.61207294464, 23.1394615173, 18.9018669128, -10.0397920609, -8.83009529114, -6.45326089859, 23.1622753143, 31.1164512634, 97.6166000366, 40.3967056274], [-271.443084717, 81.9411468506, 17.284942627, 36.3716659546, 8.48339557648, -71.1756591797, -61.7841033936, -41.4811859131, 25.7131347656, 1.11827898026, 37.2469100952, 40.3967056274, 141.162918091]],
        "icov": [[0.000490317703225, -0.00118308933452, 0.00108976033516, -0.00113130861428, 0.00171239278279, -0.00148240523413, 0.00181578425691, -0.00203547114506, 0.0022061499767, -0.00165185774677, 0.0019815012347, -0.00135020830203, 0.000608675007243], [-0.00118308933452, 0.00575112830848, -0.00175906333607, 0.00120432779659, -0.00445489911363, 0.00625817198306, -0.00524482736364, 0.0055078798905, -0.00421448517591, 0.00621401611716, -0.00666403351352, 0.00503401691094, -0.00192592618987], [0.00108976033516, -0.00175906333607, 0.00630718842149, -0.00465754279867, 0.00267573865131, -0.00234136497602, 0.00348453456536, -0.00389984925278, 0.00523481145501, -0.00491391541436, 0.00552818831056, -0.00552744604647, 0.00179066916462], [-0.00113130861428, 0.00120432779659, -0.00465754279867, 0.00769850518554, -0.00635012006387, 0.00249028136022, -0.00210557342507, 0.0047748782672, -0.0071259601973, 0.00513880001381, -0.00486232805997, 0.00420328881592, -0.000831560697407], [0.00171239278279, -0.00445489911363, 0.00267573865131, -0.00635012006387, 0.0140077220276, -0.00625007692724, 0.00389189901762, -0.00888411328197, 0.0101441647857, -0.00935840420425, 0.00698783481494, -0.00461767334491, -9.14337397262e-06], [-0.00148240523413, 0.00625817198306, -0.00234136497602, 0.00249028136022, -0.00625007692724, 0.0159037970006, -0.0108789699152, 0.00584448827431, -0.00396834779531, 0.00517290970311, -0.0052953758277, 0.00245160027407, -0.000110284709081], [0.00181578425691, -0.00524482736364, 0.00348453456536, -0.00210557342507, 0.00389189901762, -0.0108789699152, 0.018667044118, -0.0114920632914, 0.00730081973597, -0.000797760963906, 0.00298851006664, -0.0036162242759, 0.00464871525764], [-0.00203547114506, 0.0055078798905, -0.00389984925278, 0.0047748782672, -0.00888411328197, 0.00584448827431, -0.0114920632914, 0.0270881466568, -0.0179627686739, 0.00873452052474, -0.00259370426647, 0.00292658479884, 0.00159652938601], [0.0022061499767, -0.00421448517591, 0.00523481145501, -0.0071259601973, 0.0101441647857, -0.00396834779531, 0.00730081973597, -0.0179627686739, 0.0250949822366, -0.0135807003826, 0.0059931203723, -0.00199789530598, -0.00228293659166], [-0.00165185774677, 0.00621401611716, -0.00491391541436, 0.00513880001381, -0.00935840420425, 0.00517290970311, -0.000797760963906, 0.00873452052474, -0.0135807003826, 0.0276432037354, -0.0129992151633, 0.00377414003015, 0.00248701334931], [0.0019815012347, -0.00666403351352, 0.00552818831056, -0.00486232805997, 0.00698783481494, -0.0052953758277, 0.00298851006664, -0.00259370426647, 0.0059931203723, -0.0129992151633, 0.0270086042583, -0.0124327791855, 0.00115314312279], [-0.00135020830203, 0.00503401691094, -0.00552744604647, 0.00420328881592, -0.00461767334491, 0.00245160027407, -0.0036162242759, 0.00292658479884, -0.00199789530598, 0.00377414003015, -0.0124327791855, 0.0232609026134, -0.00817584153265], [0.000608675007243, -0.00192592618987, 0.00179066916462, -0.000831560697407, -9.14337397262e-06, -0.000110284709081, 0.00464871525764, 0.00159652938601, -0.00228293659166, 0.00248701334931, 0.00115314312279, -0.00817584153265, 0.0142476782203]]
    },
    "melbands": {
        "max": [0.00815778970718, 0.0135648138821, 0.00522865448147, 0.00945486500859, 0.00829627551138, 0.0143860951066, 0.00527888908982, 0.00606105104089, 0.0038811028935, 0.00964593328536, 0.0065522454679, 0.00590048497543, 0.0020091580227, 0.00232736254111, 0.0035180975683, 0.00106737122405, 0.00181055965368, 0.000905366032384, 0.000650343543384, 0.0012961133616, 0.000384555169148, 0.000490119389724, 0.000758804439101, 0.000457494927105, 0.000242675319896, 0.000220452027861, 0.000428995757829, 0.000225717623834, 0.000114755508548, 7.68156023696e-05, 9.54959541559e-05, 8.92109674169e-05, 7.0047484769e-05, 0.00016294287343, 0.00013809624943, 0.000135865906486, 9.23191182665e-05, 6.11804280197e-05, 7.68744430388e-05, 8.87563146534e-05],
        "mean": [0.000244210765231, 0.000738202186767, 0.000420065684011, 0.000351890514139, 0.000444095727289, 0.000602634099778, 0.000197425804799, 0.000224357383559, 0.00028402832686, 0.00111258332618, 0.000735743145924, 0.000398104602937, 0.000137479757541, 8.9314969955e-05, 7.73290157667e-05, 0.000100060271507, 6.79831791786e-05, 7.20887255738e-05, 5.37740306754e-05, 6.96784409229e-05, 4.36554073531e-05, 3.70813613699e-05, 3.56059645128e-05, 3.11430958391e-05, 3.19510872941e-05, 2.40579556703e-05, 2.08852579817e-05, 2.10099551623e-05, 1.22758056023e-05, 5.34628907189e-06, 4.27046188634e-06, 3.15695706377e-06, 2.79049481833e-06, 3.15196712108e-06, 3.15831380249e-06, 3.09681172439e-06, 2.06066624742e-06, 1.46981301441e-06, 1.36993048727e-06, 1.18153059248e-06],
        "min": [8.80839585299e-12, 3.30863520582e-15, 3.95843737834e-15, 2.24818786058e-15, 3.51799697467e-15, 5.72273035099e-15, 2.62770669007e-15, 4.17710825103e-15, 7.65995780531e-15, 4.19574128181e-15, 5.74737900975e-15, 1.53299461748e-14, 1.74664800581e-14, 2.14799949068e-14, 1.27118469559e-14, 1.34799897956e-14, 1.34240703745e-14, 8.7352263213e-15, 7.03483478474e-15, 5.55400901119e-15, 5.57265135933e-15, 5.37164747633e-15, 3.86494738733e-15, 6.67655721223e-15, 4.42342373803e-15, 6.12601798377e-15, 3.49978746037e-15, 1.12490549373e-15, 2.55566230274e-15, 7.70362489484e-16, 1.24309623603e-15, 1.63043572072e-15, 8.96791897741e-16, 1.6326693466e-15, 8.64474043853e-16, 1.29749787998e-15, 1.10568589264e-15, 1.61112813408e-15, 8.59064309116e-16, 4.19070900613e-16],
        "stdev": [0.000505736097693, 0.00103855319321, 0.000493417785037, 0.000542993948329, 0.000718919443898, 0.00121894932818, 0.000372291571693, 0.000446237740107, 0.000469089252874, 0.00155077804811, 0.00102733424865, 0.000692767091095, 0.000188097910723, 0.000148366583744, 0.000182816846063, 0.000134640664328, 0.000130308762891, 9.51173278736e-05, 7.05668353476e-05, 0.000103281781776, 4.59767943539e-05, 4.48002720077e-05, 5.10897043569e-05, 3.39529324265e-05, 2.85817841359e-05, 2.38529482885e-05, 2.29865599977e-05, 2.00457070605e-05, 1.16775345305e-05, 6.81624214849e-06, 6.89293347023e-06, 6.28738825981e-06, 5.49774995307e-06, 7.30575220587e-06, 7.33189472157e-06, 8.31832494441e-06, 5.88152943237e-06, 4.4899788918e-06, 5.96666995989e-06, 6.26627888778e-06]
    },
    "melbands128": {
        "max": [0.00055287842406, 0.0027027297765, 0.0103139905259, 0.0243273284286, 0.0163161754608, 0.013789223507, 0.00829904712737, 0.00689256004989, 0.00800268072635, 0.0147841572762, 0.0116313723847, 0.0111471749842, 0.0153394602239, 0.0217809937894, 0.0272487290204, 0.00705071119592, 0.012219702825, 0.00515924626961, 0.00233965576626, 0.00443182885647, 0.0140338763595, 0.0103123411536, 0.00690402463078, 0.00845135841519, 0.0125040896237, 0.0163104142994, 0.00947510823607, 0.0133318975568, 0.00925089698285, 0.0124167520553, 0.00920684076846, 0.00569273484871, 0.00341158709489, 0.00324433553033, 0.00305267679505, 0.00110080640297, 0.0109396912158, 0.00390303484164, 0.00369201297872, 0.00227834656835, 0.00243682740256, 0.00232498091646, 0.00191591703333, 0.00348609010689, 0.00122307625134, 0.00188506091945, 0.00202892418019, 0.00149292137939, 0.00100878241938, 0.00300721661188, 0.00225403043441, 0.00191477488261, 0.000617423094809, 0.000457375863334, 0.0007938198396, 0.000847495044582, 0.000451415835414, 0.000598472892307, 0.00187526235823, 0.000992899527773, 0.00072983087739, 0.00038309401134, 0.000621491926722, 0.000290998956189, 0.000312577089062, 0.000253847480053, 0.000618134741671, 0.000586470705457, 0.000467935402412, 0.000368248962332, 0.000340491242241, 0.000427169696195, 0.000287109985948, 0.000125588514493, 0.000123939316836, 0.000106223546027, 8.16841711639e-05, 0.000131959124701, 0.000106395236799, 0.000127854727907, 9.85982114798e-05, 9.67771629803e-05, 9.54018178163e-05, 7.59467293392e-05, 8.04510491434e-05, 0.000239349275944, 0.000185222612345, 8.31813958939e-05, 0.00011174010433, 0.000243215836235, 0.000143704382936, 0.000192910287296, 0.000224048955715, 8.83485045051e-05, 7.59732356528e-05, 5.66527123738e-05, 8.43362722662e-05, 7.9904566519e-05, 8.04903393146e-05, 0.000117424839118, 0.000132436063723, 8.53958408698e-05, 8.31435245345e-05, 8.96022829693e-05, 8.77823258634e-05, 5.38193198736e-05, 6.33715317235e-05, 3.45679582097e-05, 2.09147801797e-05, 1.79809430847e-05, 1.31904853333e-05, 8.97596055438e-06, 9.23360585148e-06, 1.09041584437e-05, 2.85894475383e-06, 9.54454890234e-07, 7.11760208105e-07, 3.08460457177e-08, 3.47768525089e-09, 3.39476069477e-09, 3.34207350683e-09, 3.27836180425e-09, 3.22243076667e-09, 3.17815418427e-09, 3.12728110075e-09, 3.10432857198e-09, 3.08498959711e-09, 3.07009817568e-09],
        "mean": [1.12044635898e-05, 6.54644318274e-05, 0.000295991165331, 0.000665545172524, 0.000814388913568, 0.000838315114379, 0.000483985379105, 0.000311531854095, 0.000270096439635, 0.000318092817906, 0.000439986120909, 0.000422193086706, 0.000319792859955, 0.000592256255914, 0.000890951661859, 0.000418016832555, 0.000275361293461, 0.000141466734931, 0.000120901277114, 0.000190901919268, 0.000315956945997, 0.000225446696277, 0.00023267173674, 0.000306227622787, 0.00114693678916, 0.00165033654775, 0.000605420558713, 0.000862378103193, 0.000505045463797, 0.000513018516358, 0.000380581594072, 0.000110573717393, 0.000114052658319, 0.000179093942279, 7.89687837823e-05, 5.54168436793e-05, 0.000115359012852, 5.478570165e-05, 6.88214568072e-05, 0.0001205260196, 0.000115979171824, 6.13371885265e-05, 5.63690155104e-05, 9.07868961804e-05, 4.68332873425e-05, 7.80095870141e-05, 8.92343305168e-05, 4.90308702865e-05, 3.44905856764e-05, 6.07578767813e-05, 8.62059896463e-05, 7.24949568394e-05, 3.13734453812e-05, 3.88782646041e-05, 4.98103618156e-05, 3.98231459258e-05, 2.17062879528e-05, 2.78191200778e-05, 4.61250638182e-05, 4.34105750173e-05, 2.46070430876e-05, 2.2719228582e-05, 4.37369017163e-05, 3.16589357681e-05, 1.98029028979e-05, 2.28411336138e-05, 3.03446486214e-05, 1.80097194971e-05, 1.97082881641e-05, 2.21785485337e-05, 1.8511671442e-05, 2.56257935689e-05, 1.63444110513e-05, 9.50327739702e-06, 7.01086901245e-06, 5.47060744793e-06, 4.66957590106e-06, 4.18395848101e-06, 4.68666985398e-06, 3.85450994145e-06, 3.15226589009e-06, 3.00104557027e-06, 2.56512885244e-06, 2.60165484178e-06, 3.11776943818e-06, 3.33674643116e-06, 3.14988392347e-06, 2.91018204734e-06, 3.13742248181e-06, 3.34527521773e-06, 3.25644691657e-06, 3.09320057568e-06, 2.75711909126e-06, 2.00409976969e-06, 1.70952046119e-06, 1.49420475282e-06, 1.47556761476e-06, 1.31748583954e-06, 1.39782036968e-06, 1.34852757583e-06, 1.34780088956e-06, 1.09880033961e-06, 1.09563688966e-06, 9.57423822001e-07, 7.82829317814e-07, 7.55759629101e-07, 7.14440659522e-07, 4.92984781886e-07, 3.92268390215e-07, 2.95431959785e-07, 2.41768418618e-07, 2.03890593298e-07, 1.50612194716e-07, 1.09967082551e-07, 5.52485026617e-08, 1.06367581409e-08, 2.74511546827e-09, 3.75122988228e-11, 7.20042992244e-12, 6.99780337843e-12, 6.82991163625e-12, 6.6740111701e-12, 6.54356560256e-12, 6.42772640669e-12, 6.30859513934e-12, 6.21298368655e-12, 6.14599864057e-12, 6.1100018274e-12],
        "min": [1.42865042713e-11, 1.07468738769e-11, 3.55771120029e-12, 2.24592607085e-15, 2.35809927933e-15, 4.30374857049e-15, 2.62337094017e-15, 1.42478067393e-15, 1.82520713529e-15, 2.17031567482e-15, 2.68204639474e-15, 2.84562836212e-15, 1.17700797263e-15, 2.09358486595e-15, 1.86430723493e-15, 4.30540070826e-15, 3.1926071504e-15, 5.36655246727e-16, 1.47341698812e-15, 3.02568236748e-15, 3.77656839313e-15, 3.68432523463e-15, 5.4769781409e-15, 3.50655207724e-15, 3.80946545874e-15, 2.81072785184e-15, 1.13891499516e-15, 2.38995936485e-15, 9.1953744288e-15, 5.46579434138e-15, 9.49753649207e-15, 1.70280829096e-14, 8.66106265754e-15, 8.68319054625e-15, 1.42207819413e-14, 1.53464887282e-14, 1.10267570696e-14, 7.58286340755e-15, 1.12590668668e-14, 6.2051528839e-15, 8.31652777108e-15, 9.51454491365e-15, 8.27943026909e-15, 6.93879480105e-15, 5.92023895253e-15, 4.19283638231e-15, 5.52446196089e-15, 5.11635428712e-15, 4.83618035213e-15, 5.68013856978e-15, 4.2196089762e-15, 4.36807860526e-15, 4.86312192908e-15, 4.8800926577e-15, 5.09030590641e-15, 4.78852204335e-15, 5.63821975626e-15, 3.40208390397e-15, 2.0999079669e-15, 5.67110157527e-15, 5.82425614356e-15, 4.09358572024e-15, 5.20201769369e-15, 2.5052541015e-15, 4.35162964894e-15, 6.65889361067e-15, 7.34814210754e-15, 3.91354802026e-15, 2.55846174663e-15, 7.32135521998e-16, 1.02987162636e-16, 1.78298995441e-15, 3.33803042546e-15, 2.74634318345e-15, 1.64280949565e-15, 8.17562712256e-16, 2.96458831621e-16, 6.02118082176e-16, 1.523561868e-15, 1.66266024217e-15, 2.13165327946e-15, 1.58815871814e-15, 2.88800727336e-16, 1.78990343733e-16, 1.67660166332e-15, 3.35453465068e-15, 5.16388712915e-16, 9.0963185843e-16, 8.07315995874e-16, 8.97299058718e-16, 1.05589951947e-15, 1.52736726939e-15, 1.69402354286e-15, 8.95886207762e-16, 6.72943377336e-16, 1.70571577391e-15, 2.260513037e-15, 9.19104651396e-16, 8.04287800148e-16, 9.69263295554e-16, 2.30597943626e-16, 2.12126802025e-16, 6.68902553721e-16, 8.49677066478e-16, 1.04874473804e-15, 9.79845278164e-16, 1.18743060716e-15, 1.07337910312e-15, 1.25690753175e-15, 8.66729745531e-16, 2.26510416733e-15, 6.65564661574e-16, 9.6936102198e-16, 2.80140106618e-16, 2.7665091321e-16, 3.86398457557e-16, 9.3925810631e-16, 2.93297567019e-15, 2.71948715683e-15, 2.06371446082e-15, 1.77902393439e-15, 1.47615491625e-15, 1.59053104566e-15, 2.20543959004e-15, 3.1269843316e-15, 4.48053324043e-16, 1.41157034808e-16, 9.79561757046e-18],
        "stdev": [3.20977960655e-05, 0.000172798827407, 0.000672472873703, 0.00141684885602, 0.00126830674708, 0.00107588944957, 0.000719943607692, 0.000513463863172, 0.000448717182735, 0.000707826635335, 0.000822975998744, 0.000809081597254, 0.000922999170143, 0.00150731788017, 0.00226302491501, 0.000721830874681, 0.000791768368799, 0.000377861899324, 0.000223618844757, 0.000364014907973, 0.000910063099582, 0.000724624900613, 0.000671124027576, 0.000589828414377, 0.00196648016572, 0.00273110438138, 0.0010601519607, 0.00189549801871, 0.00103551335633, 0.00117092521396, 0.00085951393703, 0.000321558734868, 0.000245455477852, 0.000263509980869, 0.000184744669241, 0.000113832538773, 0.000506153097376, 0.000185221069842, 0.000178696791409, 0.000225226205657, 0.000205755917705, 0.00015181733761, 0.000141601325595, 0.000246014649747, 9.26835418795e-05, 0.000150830121129, 0.000173074236955, 0.000101505422208, 6.51486043353e-05, 0.000177377529326, 0.000152489956236, 0.000133549474413, 5.7068777096e-05, 5.07949043822e-05, 6.77703501424e-05, 7.14950001566e-05, 3.67689572158e-05, 4.02025361836e-05, 0.00010407694208, 7.81575945439e-05, 3.87630061596e-05, 2.86790636892e-05, 5.34472310392e-05, 3.69602130377e-05, 2.63866313617e-05, 2.62497324002e-05, 4.88466503157e-05, 2.7320918889e-05, 3.01025938825e-05, 2.87609236693e-05, 2.61839850282e-05, 3.05034409394e-05, 1.88027406693e-05, 1.16791889013e-05, 9.47022454056e-06, 8.04336741567e-06, 7.17325701771e-06, 8.23348636914e-06, 7.76335491537e-06, 7.56030658522e-06, 6.33863282928e-06, 7.22019467503e-06, 6.13518568571e-06, 5.68072346141e-06, 5.57364501219e-06, 9.36941432883e-06, 8.73254430189e-06, 6.07054016655e-06, 6.90880688126e-06, 1.00883135019e-05, 8.42845474835e-06, 9.14314205147e-06, 9.70828205027e-06, 6.09352082392e-06, 4.72279225505e-06, 4.29110787081e-06, 5.24876986674e-06, 4.74526996186e-06, 6.02210047873e-06, 6.80498578731e-06, 8.10289020592e-06, 5.97503367317e-06, 5.52860592506e-06, 5.41299641554e-06, 4.20994228989e-06, 3.72096064893e-06, 3.62311197932e-06, 2.13788621295e-06, 1.42484736898e-06, 1.08321819425e-06, 8.32727039324e-07, 6.86911334924e-07, 5.60921705528e-07, 5.07455922616e-07, 2.2531111199e-07, 6.75868392364e-08, 2.99783131652e-08, 8.64623705965e-10, 9.61647358966e-11, 9.38686073315e-11, 9.24072277031e-11, 9.06435343451e-11, 8.90952589483e-11, 8.78693992568e-11, 8.64632046516e-11, 8.58276089089e-11, 8.52925299832e-11, 8.48804707076e-11]
    },
    "mfcc": {
        "mean": [-603.596801758, 102.319168091, -23.0756969452, 15.1459293365, -8.94795417786, -6.47214269638, -0.666529238224, 6.77471017838, 0.0381155274808, 8.36306667328, -8.39881420135, -6.21988105774, -6.54814624786],
        "cov": [[6491.98535156, 586.913513184, -94.5262451172, 194.601852417, -20.8806915283, 17.6186790466, 72.7093353271, 154.758636475, -30.5332527161, 145.870727539, -84.9637985229, -26.6653823853, -109.41255188], [586.913513184, 590.607666016, -79.5032730103, 196.093170166, -7.86863183975, -57.8218688965, 2.44597506523, -41.1317443848, -50.1161956787, -33.5382614136, -52.0244750977, -32.0212593079, -0.42292457819], [-94.5262451172, -79.5032730103, 315.853179932, 175.120742798, 106.601760864, 37.6745834351, -30.5968322754, -22.5683116913, 13.8105916977, -40.9816322327, -11.4491252899, 26.7090435028, 48.2136383057], [194.601852417, 196.093170166, 175.120742798, 530.028808594, 220.662094116, 15.9976606369, -46.3362083435, -57.8127098083, 15.6686029434, -32.4900512695, -50.9971656799, 32.7995605469, 82.5075912476], [-20.8806915283, -7.86863183975, 106.601760864, 220.662094116, 217.37940979, 41.3815460205, -19.4556293488, -37.6561164856, 24.0519161224, -13.6335439682, -29.234834671, 6.52048015594, 51.2545433044], [17.6186790466, -57.8218688965, 37.6745834351, 15.9976606369, 41.3815460205, 126.714355469, 80.1436233521, 33.0943527222, -6.39147043228, 3.03513979912, -8.64267921448, 1.23998093605, 8.25923633575], [72.7093353271, 2.44597506523, -30.5968322754, -46.3362083435, -19.4556293488, 80.1436233521, 176.381607056, 88.4989471436, -17.9787158966, 12.5983543396, 3.88933062553, -10.2033977509, -20.7549037933], [154.758636475, -41.1317443848, -22.5683116913, -57.8127098083, -37.6561164856, 33.0943527222, 88.4989471436, 157.689971924, 31.3582706451, 44.2584686279, 15.9918546677, 15.1531124115, -18.7237358093], [-30.5332527161, -50.1161956787, 13.8105916977, 15.6686029434, 24.0519161224, -6.39147043228, -17.9787158966, 31.3582706451, 94.7280654907, 32.9987030029, 4.94497156143, 9.8321685791, 4.7832903862], [145.870727539, -33.5382614136, -40.9816322327, -32.4900512695, -13.6335439682, 3.03513979912, 12.5983543396, 44.2584686279, 32.9987030029, 107.141052246, 33.3841896057, 20.0048160553, -18.6860790253], [-84.9637985229, -52.0244750977, -11.4491252899, -50.9971656799, -29.234834671, -8.64267921448, 3.88933062553, 15.9918546677, 4.94497156143, 33.3841896057, 92.1400604248, 31.2379112244, -17.5944538116], [-26.6653823853, -32.0212593079, 26.7090435028, 32.7995605469, 6.52048015594, 1.23998093605, -10.2033977509, 15.1531124115, 9.8321685791, 20.0048160553, 31.2379112244, 77.4143753052, 30.6738948822], [-109.41255188, -0.42292457819, 48.2136383057, 82.5075912476, 51.2545433044, 8.25923633575, -20.7549037933, -18.7237358093, 4.7832903862, -18.6860790253, -17.5944538116, 30.6738948822, 87.6669845581]],
        "icov": [[0.000193255618797, -0.000204909505555, -4.22505327151e-05, -2.27412274398e-05, -2.51091369137e-05, -0.000108168664156, 0.000144650708535, -0.000246289680945, 0.000167572841747, -0.000332327850629, 0.000255633844063, -7.60396069381e-05, 0.000289289251668], [-0.000204909505555, 0.0031768779736, 0.00118909135927, -0.00213632639498, 0.00140393502079, 0.00152426667046, -0.00104498607107, 0.000546789320651, 0.000878485618159, 0.000468327198178, 0.00053349044174, 0.000965551065747, -0.000157675502123], [-4.22505327151e-05, 0.00118909135927, 0.00507180066779, -0.0017622911837, -0.00025373508106, -0.00120529031847, 0.000900485378224, -0.000371393573005, -0.000219203910092, 0.00217330711894, -0.000519613153301, -0.000528292963281, -0.000226200805628], [-2.27412274398e-05, -0.00213632639498, -0.0017622911837, 0.00543534895405, -0.00435440521687, 0.000181670795428, 0.000275530561339, 0.000147645434481, -0.000384986953577, -0.000161436939379, 0.000880652514752, -0.00223673670553, -0.000613550946582], [-2.51091369137e-05, 0.00140393502079, -0.00025373508106, -0.00435440521687, 0.0106883523986, -0.00262443092652, -9.65860817814e-05, 0.00196182564832, -0.00201083533466, -0.000601136183832, 0.000200671289349, 0.00246397941373, -0.00223270920105], [-0.000108168664156, 0.00152426667046, -0.00120529031847, 0.000181670795428, -0.00262443092652, 0.0145038012415, -0.00726592540741, 0.000568238727283, 0.00130830856506, -0.000902545638382, 0.00168923765887, -0.000429336389061, -0.000841148139443], [0.000144650708535, -0.00104498607107, 0.000900485378224, 0.000275530561339, -9.65860817814e-05, -0.00726592540741, 0.013068491593, -0.00677114212885, 0.00321240583435, 0.000502980023157, -0.00114080193453, 0.00195679534227, 0.000828017829917], [-0.000246289680945, 0.000546789320651, -0.000371393573005, 0.000147645434481, 0.00196182564832, 0.000568238727283, -0.00677114212885, 0.012639853172, -0.00479955412447, -0.00193992303684, 0.000961673737038, -0.00289251795039, 0.000710034975782], [0.000167572841747, 0.000878485618159, -0.000219203910092, -0.000384986953577, -0.00201083533466, 0.00130830856506, 0.00321240583435, -0.00479955412447, 0.0152516057715, -0.00407767761499, 0.000766198209021, 0.00116529944353, -0.000471176463179], [-0.000332327850629, 0.000468327198178, 0.00217330711894, -0.000161436939379, -0.000601136183832, -0.000902545638382, 0.000502980023157, -0.00193992303684, -0.00407767761499, 0.0147026600316, -0.00350015005097, -0.00289173284546, 0.00235109264031], [0.000255633844063, 0.00053349044174, -0.000519613153301, 0.000880652514752, 0.000200671289349, 0.00168923765887, -0.00114080193453, 0.000961673737038, 0.000766198209021, -0.00350015005097, 0.0168632119894, -0.00820907391608, 0.00490621523932], [-7.60396069381e-05, 0.000965551065747, -0.000528292963281, -0.00223673670553, 0.00246397941373, -0.000429336389061, 0.00195679534227, -0.00289251795039, 0.00116529944353, -0.00289173284546, -0.00820907391608, 0.0227320734411, -0.00953046325594], [0.000289289251668, -0.000157675502123, -0.000226200805628, -0.000613550946582, -0.00223270920105, -0.000841148139443, 0.000828017829917, 0.000710034975782, -0.000471176463179, 0.00235109264031, 0.00490621523932, -0.00953046325594, 0.0190473366529]]
    },
    "spectral_contrast_coeffs": {
        "max": [-0.41342741251, -0.475453436375, -0.487305283546, -0.585233867168, -0.667701303959, -0.629468262196],
        "mean": [-0.709036052227, -0.711139202118, -0.69515222311, -0.768483638763, -0.775988638401, -0.74450802803],
        "min": [-0.954953253269, -0.960388660431, -0.94798374176, -0.959537506104, -0.941947340965, -0.9324696064],
        "stdev": [0.076441295445, 0.0743802189827, 0.0725926458836, 0.0497118271887, 0.034185629338, 0.0365440994501]
    },
    "spectral_contrast_valleys": {
        "max": [-5.30775165558, -5.14335823059, -5.27263450623, -6.00757312775, -5.54883337021, -7.27443504333],
        "mean": [-7.10181808472, -6.67465686798, -7.06466054916, -7.18873357773, -6.93340349197, -10.0703258514],
        "min": [-20.2941761017, -19.2117958069, -19.3559513092, -19.0781421661, -18.0663166046, -19.7763023376],
        "stdev": [1.4481408596, 1.27166247368, 1.25052893162, 1.16235327721, 1.13346803188, 1.10485422611]
    }
},
"rhythm": {
    "beats_count": 67,
    "beats_loudness": {
        "max": 0.0599118731916,
        "mean": 0.0308152772486,
        "min": 0.010394949466,
        "stdev": 0.0102363731712
    },
    "bpm": 125.712181091,
    "bpm_histogram_first_peak_bpm": 126,
    "bpm_histogram_first_peak_weight": 0.404761910439,
    "bpm_histogram_second_peak_bpm": 167,
    "bpm_histogram_second_peak_spread": 0,
    "bpm_histogram_second_peak_weight": 0.136363640428,
    "danceability": 1.17742693424,
    "onset_rate": 2.20431566238,
    "beats_loudness_band_ratio": {
        "max": [0.720072329044, 0.938830256462, 0.742651998997, 0.675620019436, 0.488446414471, 0.589531838894],
        "mean": [0.169654369354, 0.173210710287, 0.291925817728, 0.208727002144, 0.125481471419, 0.0825890377164],
        "min": [0.000544722250197, 0.00104013748933, 0.0225177407265, 0.00660053826869, 0.00716887973249, 0.00409833528101],
        "stdev": [0.171282365918, 0.204542934895, 0.200944319367, 0.182276383042, 0.0959070250392, 0.091904848814]
    },
    "beats_position": [0.487619042397, 0.986848056316, 1.47446703911, 1.97369611263, 2.46131515503, 2.94893407822, 3.43655323982, 3.9125623703, 4.38857126236, 4.86458063126, 5.34058952332, 5.81659841537, 6.29260778427, 6.76861667633, 7.24462556839, 7.72063493729, 8.19664382935, 8.67265319824, 9.14866161346, 9.61306095123, 10.077460289, 10.5418596268, 11.0062580109, 11.4822673798, 11.9582767487, 12.4226751328, 12.9219045639, 13.3979139328, 13.8855323792, 14.361541748, 14.8375511169, 15.3135595322, 15.7895689011, 16.2655773163, 16.7415866852, 17.2175960541, 17.693605423, 18.1580047607, 18.6340141296, 19.1100215912, 19.5976409912, 20.0852603912, 20.5728797913, 21.0604991913, 21.548116684, 22.035736084, 22.4188652039, 22.8019943237, 23.1967334747, 23.5914726257, 23.9629936218, 24.3345127106, 24.7060317993, 25.0891609192, 25.4722900391, 25.8554191589, 26.2269382477, 26.5868473053, 26.9467563629, 27.3066654205, 27.6549663544, 28.014875412, 28.3747844696, 28.7346935272, 29.0946025848, 29.4545116425, 29.8144207001],
