{
"metadata": {
    "version": {
        "essentia": "2.1-beta5",
        "essentia_git_sha": "Undefined",
        "extractor": "music 2.0"
    },
    "audio_properties": {
        "analysis": {
            "equal_loudness": 0,
            "length": 26.1921081543,
            "sample_rate": 44100,
            "start_time": 159.010253906,
            "downmix": "mix"
        },
        "bit_rate": 192000,
        "length": 185.225585938,
        "lossless": 0,
        "number_channels": 2,
        "replay_gain": -6.57951545715,
        "sample_rate": 48000,
        "codec": "mp3",
        "md5_encoded": "9a9a21352c23703454cac2137dddf5ec"
    },
    "tags": {
        "file_name": "Cyprus_Feeling Alive_Stelios Constantas.mp3",
        "encoding": ["Lavf58.29.100"]
    }
},
"lowlevel": {
    "average_loudness": 0.955806076527,
    "barkbands_crest": {
        "max": 23.2507286072,
        "mean": 8.85366344452,
        "min": 2.88987731934,
        "stdev": 3.28884530067
    },
    "barkbands_flatness_db": {
        "max": 0.286413192749,
        "mean": 0.160824716091,
        "min": 0.0824123993516,
        "stdev": 0.0306559801102
    },
    "barkbands_kurtosis": {
        "max": 19.6541481018,
        "mean": 1.087682724,
        "min": -1.77109003067,
        "stdev": 2.44848775864
    },
    "barkbands_skewness": {
        "max": 4.27941083908,
        "mean": 0.887204766273,
        "min": -2.71503853798,
        "stdev": 0.717084109783
    },
    "barkbands_spread": {
        "max": 84.771987915,
        "mean": 22.1035900116,
        "min": 2.77518081665,
        "stdev": 12.3022146225
    },
    "dissonance": {
        "max": 0.499999940395,
        "mean": 0.474371492863,
        "min": 0.386508136988,
        "stdev": 0.0190452747047
    },
    "dynamic_complexity": 1.43532145023,
    "erbbands_crest": {
        "max": 23.4223594666,
        "mean": 8.6889705658,
        "min": 2.4658305645,
        "stdev": 3.2377436161
    },
    "erbbands_flatness_db": {
        "max": 0.329987972975,
        "mean": 0.209297329187,
        "min": 0.110744863749,
        "stdev": 0.041829045862
    },
    "erbbands_kurtosis": {
        "max": 21.4139633179,
        "mean": 0.515405356884,
        "min": -1.67594063282,
        "stdev": 2.10784626007
    },
    "erbbands_skewness": {
        "max": 2.93552589417,
        "mean": 0.400758802891,
        "min": -3.83093309402,
        "stdev": 0.842421352863
    },
    "erbbands_spread": {
        "max": 86.9902267456,
        "mean": 29.1867771149,
        "min": 5.338078022,
        "stdev": 13.0867900848
    },
    "hfc": {
        "max": 294.319091797,
        "mean": 29.4832820892,
        "min": 0.00182921683881,
        "stdev": 25.2945251465
    },
    "loudness_ebu128": {
        "integrated": -16.2968654633,
        "loudness_range": 2.05377578735,
        "momentary": {
            "max": -13.9848966599,
            "mean": -16.4654598236,
            "min": -22.0366268158,
            "stdev": 1.27550339699
        },
        "short_term": {
            "max": -15.1573219299,
            "mean": -16.3616600037,
            "min": -17.6107501984,
            "stdev": 0.73858487606
        }
    },
    "melbands_crest": {
        "max": 24.4732551575,
        "mean": 11.4511871338,
        "min": 3.03441476822,
        "stdev": 4.02348423004
    },
    "melbands_flatness_db": {
        "max": 0.332786411047,
        "mean": 0.14876241982,
        "min": 0.0453379228711,
        "stdev": 0.0390891507268
    },
    "melbands_kurtosis": {
        "max": 57.3932609558,
        "mean": 4.52753686905,
        "min": -1.82806813717,
        "stdev": 4.75552606583
    },
    "melbands_skewness": {
        "max": 6.61957263947,
        "mean": 1.59055352211,
        "min": -1.13618040085,
        "stdev": 0.840021669865
    },
    "melbands_spread": {
        "max": 231.101577759,
        "mean": 30.4549312592,
        "min": 4.16698980331,
        "stdev": 22.478761673
    },
    "pitch_salience": {
        "max": 0.846364140511,
        "mean": 0.632009327412,
        "min": 0.195661842823,
        "stdev": 0.111029319465
    },
    "silence_rate_20dB": {
        "max": 1,
        "mean": 1,
        "min": 1,
        "stdev": 0
    },
    "silence_rate_30dB": {
        "max": 1,
        "mean": 1,
        "min": 1,
        "stdev": 0
    },
    "silence_rate_60dB": {
        "max": 1,
        "mean": 0.000885739573278,
        "min": 0,
        "stdev": 0.0297481939197
    },
    "spectral_centroid": {
        "max": 5070.94335938,
        "mean": 1723.46398926,
        "min": 388.88180542,
        "stdev": 564.747802734
    },
    "spectral_complexity": {
        "max": 53,
        "mean": 26.3206386566,
        "min": 0,
        "stdev": 7.31341981888
    },
    "spectral_decrease": {
        "max": -7.85518134913e-13,
        "mean": -5.89309223642e-09,
        "min": -2.29465513257e-08,
        "stdev": 3.087941014e-09
    },
    "spectral_energy": {
        "max": 0.0913147032261,
        "mean": 0.0249160993844,
        "min": 3.13064742841e-06,
        "stdev": 0.0127411065623
    },
    "spectral_energyband_high": {
        "max": 0.043796390295,
        "mean": 0.00126488762908,
        "min": 3.60060923299e-08,
        "stdev": 0.00343713513575
    },
    "spectral_energyband_low": {
        "max": 0.0492892041802,
        "mean": 0.00371004221961,
        "min": 1.06917445919e-06,
        "stdev": 0.00641418993473
    },
    "spectral_energyband_middle_high": {
        "max": 0.0373913496733,
        "mean": 0.00901923235506,
        "min": 6.57454847897e-07,
        "stdev": 0.00524644181132
    },
    "spectral_energyband_middle_low": {
        "max": 0.0826547294855,
        "mean": 0.0116929300129,
        "min": 1.74725386159e-07,
        "stdev": 0.00854753796011
    },
    "spectral_entropy": {
        "max": 8.55031871796,
        "mean": 7.72335958481,
        "min": 6.58629179001,
        "stdev": 0.248696252704
    },
    "spectral_flux": {
        "max": 0.248156398535,
        "mean": 0.0955414995551,
        "min": 0.0354720652103,
        "stdev": 0.0323760546744
    },
    "spectral_kurtosis": {
        "max": 19.1515235901,
        "mean": 3.58664059639,
        "min": -0.8970952034,
        "stdev": 1.99026989937
    },
    "spectral_rms": {
        "max": 0.00943861808628,
        "mean": 0.00476370425895,
        "min": 5.52656310902e-05,
        "stdev": 0.0012710436713
    },
    "spectral_rolloff": {
        "max": 8161.08398438,
        "mean": 2080.0234375,
        "min": 86.1328125,
        "stdev": 1155.03198242
    },
    "spectral_skewness": {
        "max": 3.12358093262,
        "mean": 1.32106542587,
        "min": -0.147496700287,
        "stdev": 0.392181158066
    },
    "spectral_spread": {
        "max": 6860757,
        "mean": 3715790.5,
        "min": 1781548.625,
        "stdev": 896852.75
    },
    "spectral_strongpeak": {
        "max": 9.59821033478,
        "mean": 1.32616019249,
        "min": 0,
        "stdev": 1.04603254795
    },
    "zerocrossingrate": {
        "max": 0.27880859375,
        "mean": 0.0731937512755,
        "min": 0.01708984375,
        "stdev": 0.0300821699202
    },
    "barkbands": {
        "max": [0.000571704527829, 0.0436893329024, 0.0263414364308, 0.0374299660325, 0.0273347329348, 0.0380616486073, 0.0522946603596, 0.0154136540368, 0.0335976220667, 0.0251934025437, 0.011474727653, 0.0143505278975, 0.00840373616666, 0.0190108697861, 0.0165087282658, 0.0176246166229, 0.0110858734697, 0.00621497444808, 0.0144550967962, 0.00845313165337, 0.0153592331335, 0.0150346588343, 0.019925814122, 0.00532754510641, 0.00129630754236, 1.25951339669e-06, 1.06158427116e-06],
        "mean": [2.90682291961e-05, 0.00238442723639, 0.000863538880367, 0.000860135594849, 0.00169932667632, 0.00180218392052, 0.00106278678868, 0.00133676128462, 0.0042095258832, 0.00226365821436, 0.000944186467677, 0.000808760814834, 0.000738824950531, 0.00071461382322, 0.000759347924031, 0.00083833798999, 0.000746657082345, 0.000730358704459, 0.000673953443766, 0.000332412775606, 0.000291960866889, 0.000280501728412, 0.000316824240144, 0.00018700628425, 4.09627973568e-05, 1.05860253896e-08, 1.75981407224e-09],
        "min": [8.01203636769e-09, 2.08144484759e-07, 2.60035211141e-08, 2.4912779395e-08, 4.1008160423e-08, 1.77997616646e-08, 3.01016456206e-08, 7.7413346844e-09, 5.07477970757e-08, 1.24446401628e-07, 5.39216991058e-08, 1.68981557636e-08, 9.98368765437e-09, 3.62853427305e-08, 2.09353903102e-08, 1.79316561599e-08, 2.13176249986e-08, 1.6334044517e-07, 1.51340628918e-07, 5.05068662449e-08, 1.08754809602e-08, 2.31010943708e-09, 2.45487496997e-09, 3.9721479439e-09, 1.37020683688e-09, 2.85886505441e-11, 3.6351401056e-11],
        "stdev": [5.51968660147e-05, 0.00541319837794, 0.00201131612994, 0.00261745159514, 0.00309674348682, 0.00358217046596, 0.00272332481109, 0.00183608604129, 0.0044859778136, 0.00321593484841, 0.00120077410247, 0.00114030472469, 0.000901086605154, 0.000965733197518, 0.00119448499754, 0.00157261022832, 0.000978169846348, 0.000818402797449, 0.00102076272015, 0.000654015049804, 0.000880560080986, 0.00101591006387, 0.00125282281078, 0.000506850949023, 9.54501447268e-05, 7.10791567826e-08, 3.15790984473e-08]
    },
    "erbbands": {
        "max": [1.09801745415, 11.068148613, 31.2681617737, 55.5785980225, 121.324440002, 125.829711914, 231.562759399, 399.476989746, 418.06439209, 883.922668457, 489.559448242, 861.089172363, 860.973999023, 948.282104492, 329.676757812, 633.808410645, 419.631561279, 1112.74816895, 868.866394043, 432.622894287, 833.895690918, 673.974609375, 383.10647583, 594.83203125, 669.144958496, 348.833465576, 584.52947998, 514.897583008, 533.004943848, 639.989318848, 578.497741699, 183.301467896, 76.6880187988, 24.7163352966, 5.73692846298, 0.334147036076, 0.0104742916301, 0.0010980257066, 0.000298635626677, 0.000182534044143],
        "mean": [0.0556997060776, 0.57699328661, 1.01805627346, 2.16076183319, 3.54188585281, 6.60257577896, 9.68522167206, 16.175661087, 13.6714878082, 21.9563808441, 47.6632652283, 92.0508117676, 71.7047729492, 65.6650695801, 34.2254180908, 34.6540641785, 35.7716331482, 33.9130172729, 41.7664604187, 39.3135986328, 45.2903137207, 43.3458175659, 40.2631797791, 38.3964881897, 28.3118228912, 15.7693376541, 12.0414733887, 10.9762220383, 9.6873588562, 10.8404531479, 8.74351024628, 5.26948595047, 2.3713092804, 0.715396642685, 0.187181845307, 0.00993206724524, 0.000347577879438, 4.09797794418e-05, 2.23289953283e-05, 3.33088755724e-05],
        "min": [1.22990650198e-05, 2.2829433874e-05, 3.68335386156e-05, 4.98751142004e-05, 0.000104085462226, 9.08911388251e-05, 0.00026023350074, 0.000113899390271, 0.000208305864362, 0.000595489400439, 0.000244020717219, 0.00113226985559, 0.00223628664389, 0.00384278502315, 0.00176343868952, 0.000638404453639, 0.000517379725352, 0.00138491136022, 0.00165951251984, 0.00105885730591, 0.000955166877247, 0.00141954864375, 0.00676652370021, 0.0123808616772, 0.00435634795576, 0.00266626221128, 0.000447886297479, 0.000380316312658, 7.9833836935e-05, 4.89096310048e-05, 8.83102111402e-05, 0.000100719240436, 4.65497651021e-05, 1.47289938468e-05, 1.10460578071e-05, 6.65373408992e-06, 2.1935204586e-06, 5.8795961877e-07, 5.30610257954e-08, 8.6353573181e-09],
        "stdev": [0.124942034483, 1.32613670826, 2.04769635201, 5.43216943741, 9.23818302155, 12.987206459, 19.9878349304, 36.11510849, 32.278049469, 44.2367935181, 59.3888015747, 101.46056366, 85.818321228, 101.10459137, 35.8279190063, 48.3030204773, 42.5017166138, 48.4820175171, 58.1893463135, 51.2354431152, 78.3471221924, 57.8992004395, 42.9910240173, 49.1924247742, 46.7366065979, 30.2461872101, 34.4043426514, 32.5466041565, 34.1718101501, 44.6794967651, 33.2327575684, 15.9966955185, 6.15401554108, 1.73890244961, 0.442172884941, 0.0246869307011, 0.000803475733846, 9.03232648852e-05, 2.45891515078e-05, 1.95355605683e-05]
    },
    "gfcc": {
        "mean": [0.649000167847, 93.8495178223, -179.104125977, 33.6494255066, -84.3074417114, 18.7074985504, -36.6925926208, 12.5899372101, -11.9911432266, -15.1979093552, -4.03261756897, -17.43542099, 1.24334657192],
        "cov": [[1765.22241211, -26.7738666534, 658.699035645, 767.350708008, 158.629760742, 135.838851929, -273.126037598, 54.5175590515, 168.481002808, 81.0113067627, 71.7791900635, 103.143424988, 58.8171882629], [-26.7738666534, 880.52166748, 276.956604004, 169.804107666, 261.909545898, -226.759033203, -4.44161939621, -98.9682235718, -71.8154907227, -146.93611145, 44.9006347656, -75.9378509521, -1.3967654705], [658.699035645, 276.956604004, 785.323913574, 646.163574219, 206.617492676, 123.611801147, -163.136581421, -25.6234741211, 62.2131729126, 37.1575698853, 66.5288009644, 100.209205627, 74.6326065063], [767.350708008, 169.804107666, 646.163574219, 783.844238281, 242.708496094, 73.9761199951, -126.97441864, -22.4644565582, 108.174407959, 26.912273407, 88.3736495972, 95.7865066528, 69.8224563599], [158.629760742, 261.909545898, 206.617492676, 242.708496094, 251.40737915, 36.830783844, -17.1415843964, 36.7582855225, 49.344367981, -1.80814909935, 30.3233833313, 19.0908603668, 40.9669532776], [135.838851929, -226.759033203, 123.611801147, 73.9761199951, 36.830783844, 331.837280273, 62.8191337585, 95.4689254761, 91.3084259033, 101.96534729, 6.64578723907, 68.2960281372, 49.4719085693], [-273.126037598, -4.44161939621, -163.136581421, -126.97441864, -17.1415843964, 62.8191337585, 244.72442627, 38.0451507568, -12.2846536636, -23.0347175598, 9.05902004242, -36.2331199646, -24.5014343262], [54.5175590515, -98.9682235718, -25.6234741211, -22.4644565582, 36.7582855225, 95.4689254761, 38.0451507568, 174.262741089, 112.664924622, 57.398651123, 2.98049235344, 18.9900531769, 7.3801574707], [168.481002808, -71.8154907227, 62.2131729126, 108.174407959, 49.344367981, 91.3084259033, -12.2846536636, 112.664924622, 201.804977417, 76.2990493774, 11.2408885956, 39.9158935547, 36.1302185059], [81.0113067627, -146.93611145, 37.1575698853, 26.912273407, -1.80814909935, 101.96534729, -23.0347175598, 57.398651123, 76.2990493774, 121.130516052, 27.5942058563, 42.7234725952, 29.0403575897], [71.7791900635, 44.9006347656, 66.5288009644, 88.3736495972, 30.3233833313, 6.64578723907, 9.05902004242, 2.98049235344, 11.2408885956, 27.5942058563, 90.0456771851, 40.2404670715, 7.28227138519], [103.143424988, -75.9378509521, 100.209205627, 95.7865066528, 19.0908603668, 68.2960281372, -36.2331199646, 18.9900531769, 39.9158935547, 42.7234725952, 40.2404670715, 95.9625854492, 48.5999755859], [58.8171882629, -1.3967654705, 74.6326065063, 69.8224563599, 40.9669532776, 49.4719085693, -24.5014343262, 7.3801574707, 36.1302185059, 29.0403575897, 7.28227138519, 48.5999755859, 82.6306915283]],
        "icov": [[0.00134065689053, -0.000384225830203, 0.000556993938517, -0.00184249796439, 0.00124097440857, -0.00101491238456, 0.00159927725326, -0.00115624861792, 0.000217548658838, 0.000276373670204, -0.000391833076719, 0.000734141096473, 7.33891793061e-05], [-0.000384225830203, 0.00888645183295, -0.00810154620558, 0.0077562998049, -0.0101386839524, 0.00651667872444, -0.00343568064272, 0.00449706334621, -0.00398100633174, 0.00570357497782, -0.0066018239595, 0.00659053307027, -0.0026666293852], [0.000556993938517, -0.00810154620558, 0.0124415839091, -0.0110149048269, 0.00910391006619, -0.00795064680278, 0.00542385783046, -0.0044774399139, 0.00508510880172, -0.00452528102323, 0.00543508958071, -0.00560677517205, 0.00197714567184], [-0.00184249796439, 0.0077562998049, -0.0110149048269, 0.0139872822911, -0.0117251211777, 0.00703247450292, -0.00494354125112, 0.00710060214624, -0.00640388671309, 0.00512436917052, -0.00654975464568, 0.00358029827476, -0.00145455519669], [0.00124097440857, -0.0101386839524, 0.00910391006619, -0.0117251211777, 0.0192133132368, -0.00829362496734, 0.00510404678062, -0.00858813524246, 0.00502192927524, -0.00386710790917, 0.0049227103591, -0.00342640746385, -0.000904764514416], [-0.00101491238456, 0.00651667872444, -0.00795064680278, 0.00703247450292, -0.00829362496734, 0.0123353824019, -0.00733496109024, 0.00272177369334, -0.00273779500276, -0.00152711535338, 0.000128108033095, -0.00025710722548, -0.00174653681461], [0.00159927725326, -0.00343568064272, 0.00542385783046, -0.00494354125112, 0.00510404678062, -0.00733496109024, 0.0107290633023, -0.00418852735311, 0.00193646736443, 0.00287819607183, -0.00341212493367, 0.00324532203376, 3.21069092024e-05], [-0.00115624861792, 0.00449706334621, -0.0044774399139, 0.00710060214624, -0.00858813524246, 0.00272177369334, -0.00418852735311, 0.0152662442997, -0.00838297326118, 0.000580525083933, -0.00185971928295, 0.000362218008377, 0.00237823906355], [0.000217548658838, -0.00398100633174, 0.00508510880172, -0.00640388671309, 0.00502192927524, -0.00273779500276, 0.00193646736443, -0.00838297326118, 0.0129250185564, -0.00630075344816, 0.00465790042654, -0.00296160229482, -0.00103720708285], [0.000276373670204, 0.00570357497782, -0.00452528102323, 0.00512436917052, -0.00386710790917, -0.00152711535338, 0.00287819607183, 0.000580525083933, -0.00630075344816, 0.022208686918, -0.0124137764797, 0.00702309794724, -0.00479683186859], [-0.000391833076719, -0.0066018239595, 0.00543508958071, -0.00654975464568, 0.0049227103591, 0.000128108033095, -0.00341212493367, -0.00185971928295, 0.00465790042654, -0.0124137764797, 0.0261158384383, -0.0170973483473, 0.00751034310088], [0.000734141096473, 0.00659053307027, -0.00560677517205, 0.00358029827476, -0.00342640746385, -0.00025710722548, 0.00324532203376, 0.000362218008377, -0.00296160229482, 0.00702309794724, -0.0170973483473, 0.0313597805798, -0.013700815849], [7.33891793061e-05, -0.0026666293852, 0.00197714567184, -0.00145455519669, -0.000904764514416, -0.00174653681461, 3.21069092024e-05, 0.00237823906355, -0.00103720708285, -0.00479683186859, 0.00751034310088, -0.013700815849, 0.0222751125693]]
    },
    "melbands": {
        "max": [0.0115470606834, 0.0135095436126, 0.0121051343158, 0.00603026989847, 0.00689262337983, 0.00817408505827, 0.00633366499096, 0.00768590858206, 0.00523198395967, 0.00491113541648, 0.00437378464267, 0.00400784891099, 0.00141373707447, 0.00196085032076, 0.0010058125481, 0.000729315215722, 0.00209291395731, 0.00134312920272, 0.000992083339952, 0.00136236450635, 0.000852016091812, 0.0008860117523, 0.000389310502214, 0.000405548606068, 0.000549350224901, 0.000592087744735, 0.000328871014062, 0.000261573179159, 0.000358199991751, 0.000359334429959, 0.000292894372251, 0.000263542024186, 0.000368301436538, 0.000373835588107, 0.000332722702296, 0.000233363854932, 0.000129791165818, 5.32561243745e-05, 4.28088533226e-05, 1.51559961523e-05],
        "mean": [0.000607290014159, 0.000627245230135, 0.000408603431424, 0.000358584627975, 0.000338882469805, 0.000354256480932, 0.000214321058593, 0.000240141918766, 0.000481500319438, 0.000568945368286, 0.000347990629962, 0.000271601369604, 0.000122366109281, 9.16319622775e-05, 8.78718783497e-05, 6.84796686983e-05, 6.22805746389e-05, 6.70040026307e-05, 5.68000505154e-05, 5.64412766835e-05, 4.92952931381e-05, 4.36024747614e-05, 3.97394396714e-05, 3.54614821845e-05, 3.06760666717e-05, 2.46288436756e-05, 1.47389509948e-05, 9.28035206016e-06, 7.45372608435e-06, 6.93750598657e-06, 6.12366693531e-06, 5.17028320246e-06, 5.82016946282e-06, 6.05901550443e-06, 5.04828221892e-06, 4.29420651926e-06, 2.80744893644e-06, 1.73776379597e-06, 1.05853962395e-06, 4.51294511095e-07],
        "min": [9.34413790787e-08, 2.0368396747e-08, 1.10308642221e-08, 6.01020966329e-09, 9.00511576418e-09, 3.09995651371e-09, 3.67466723716e-09, 5.5156470502e-09, 1.89571469633e-09, 7.95305954426e-09, 1.2909940672e-08, 1.75560597171e-08, 7.02014002485e-09, 2.08281702996e-09, 1.40057510034e-09, 1.0989387178e-09, 2.73190803313e-09, 2.99837776829e-09, 1.34654509765e-09, 1.48632639529e-09, 9.14449349576e-10, 1.10165587763e-09, 2.92803159496e-09, 9.12555186972e-09, 1.09346363075e-08, 2.90795809654e-09, 2.69240318929e-09, 1.42496880962e-09, 1.10447033463e-10, 4.37238967255e-10, 1.44438225269e-10, 4.8402264835e-11, 2.61465901014e-11, 2.24652709629e-11, 4.2708832998e-11, 6.94871243878e-11, 5.94003388144e-11, 4.06526791397e-11, 1.30365249845e-11, 1.22069186356e-11],
        "stdev": [0.00138306675944, 0.00115925224964, 0.0010108865099, 0.000664426654112, 0.000652677787002, 0.000748605292756, 0.000500219117384, 0.000432380591519, 0.000621024228167, 0.000601992825978, 0.000436533504399, 0.000432925357018, 0.000140117583214, 0.000138375151437, 0.000103598162241, 8.58140847413e-05, 9.44815474213e-05, 9.25270142034e-05, 8.8001426775e-05, 0.000109911386971, 7.96148742666e-05, 6.40710495645e-05, 4.60020455648e-05, 4.23647325078e-05, 4.22051452915e-05, 3.92199144699e-05, 2.8552747608e-05, 1.95625561901e-05, 2.10073576454e-05, 2.21488226089e-05, 1.8289192667e-05, 1.77321089723e-05, 2.29171801038e-05, 2.59559092228e-05, 1.95931770577e-05, 1.50538762682e-05, 8.53162600833e-06, 4.47584579888e-06, 2.85380997411e-06, 1.0535831052e-06]
    },
    "melbands128": {
        "max": [0.000459689937998, 0.00580552313477, 0.0214283838868, 0.0196433588862, 0.0185594633222, 0.0108167119324, 0.0101321488619, 0.0225373785943, 0.0165673233569, 0.010127720423, 0.0088955424726, 0.00997482053936, 0.0113991759717, 0.0111834183335, 0.0140885738656, 0.0125219170004, 0.00836869049817, 0.0109349014238, 0.0213571079075, 0.0112481927499, 0.00343520776369, 0.00517225591466, 0.0082662217319, 0.0141573995352, 0.0110138561577, 0.00733705097809, 0.00668548978865, 0.00852470379323, 0.00571306748316, 0.00685650715604, 0.00544835487381, 0.00265341787599, 0.00217438535765, 0.00118621333968, 0.00180888734758, 0.0041503100656, 0.00183939724229, 0.00183959479909, 0.00184552231804, 0.00190544885118, 0.00093528610887, 0.00211712182499, 0.00456100702286, 0.00185385637451, 0.000810502446257, 0.0024049305357, 0.00280975201167, 0.00170205987524, 0.00168468907941, 0.0011022221297, 0.00174186250661, 0.0029976433143, 0.00189249601681, 0.000635869684629, 0.000665968167596, 0.0015792620834, 0.000811625388451, 0.000661253463477, 0.000466052209958, 0.000579343701247, 0.00073569646338, 0.000593790202402, 0.000688695174176, 0.000724663259462, 0.00100710091647, 0.000773832725827, 0.000704111065716, 0.000465139310108, 0.000427155435318, 0.000377192627639, 0.00023671623785, 0.000318511592923, 0.000460263632704, 0.000293055491056, 0.000633889692836, 0.000624621054158, 0.000429736333899, 0.000356277334504, 0.000427161285188, 0.000233184764511, 0.000262245419435, 0.00027636368759, 0.000522506714333, 0.000405864790082, 0.000604764907621, 0.000421498640208, 0.000487151439302, 0.000279142986983, 0.000330664799549, 0.00046155040036, 0.000460649695015, 0.000175653985934, 0.000197880741325, 0.000193439220311, 0.00011988478218, 5.70642405364e-05, 5.27758493263e-05, 8.84649853106e-05, 4.78876718262e-05, 2.21809623326e-05, 2.0843159291e-05, 1.01008463389e-05, 1.72736326931e-05, 1.39687072078e-05, 6.89578519086e-06, 5.4656266002e-06, 1.75945751835e-06, 6.09378361105e-08, 8.20497358944e-09, 7.56683249392e-09, 7.05349822994e-09, 6.64440324982e-09, 6.29497121096e-09, 5.98387250861e-09, 5.70611780049e-09, 5.44964828819e-09, 5.24924326228e-09, 5.04299890736e-09, 4.86064788419e-09, 4.68245309193e-09, 4.59203697289e-09, 4.46126824372e-09, 4.37201563841e-09, 4.28351398796e-09, 4.20639212351e-09, 4.13802148103e-09, 4.09718170502e-09, 4.06975386724e-09],
        "mean": [2.21755926759e-05, 0.000318403996062, 0.000971878820565, 0.000948573229834, 0.000558421772439, 0.000434930436313, 0.000439781375462, 0.000424383237259, 0.000323304731864, 0.000355717143975, 0.000390889268601, 0.000320615072269, 0.000302914821077, 0.000387542881072, 0.000402937788749, 0.00033368714503, 0.000208636120078, 0.000183816213394, 0.000218543777009, 0.000266659393674, 0.000226996446145, 0.000235676241573, 0.000452294712886, 0.000829837576021, 0.000673124392051, 0.000430656713434, 0.000421562261181, 0.000343965104548, 0.000276246573776, 0.000322801468428, 0.000276234670309, 0.000154425521032, 0.000124016863992, 8.39253043523e-05, 8.5627711087e-05, 0.000103316961031, 8.72237724252e-05, 8.38621199364e-05, 9.18957739486e-05, 8.36492836243e-05, 5.69108669879e-05, 5.5716260249e-05, 6.4016043325e-05, 6.36227923678e-05, 6.64509279886e-05, 7.00542950653e-05, 6.46351327305e-05, 6.26062974334e-05, 4.847580567e-05, 4.72204847028e-05, 5.29618737346e-05, 7.58848473197e-05, 5.25084069523e-05, 4.03337144235e-05, 3.60203994205e-05, 4.40380135842e-05, 5.04213676322e-05, 4.35045585618e-05, 3.41776758432e-05, 3.50116279151e-05, 3.5567827581e-05, 3.7282541598e-05, 3.086896686e-05, 2.90822299576e-05, 2.96705620713e-05, 2.62111025222e-05, 2.06657023227e-05, 1.70352795976e-05, 1.32527693495e-05, 1.19882161016e-05, 9.18579371501e-06, 8.0316203821e-06, 7.73726696934e-06, 7.16160184311e-06, 7.27681435819e-06, 7.29265320842e-06, 6.59530951452e-06, 6.55148278383e-06, 6.61527428747e-06, 5.04134004586e-06, 4.68894859296e-06, 5.40557357454e-06, 5.73990109842e-06, 5.40409564564e-06, 6.43592102278e-06, 6.50990068607e-06, 6.11467612543e-06, 4.88204705107e-06, 4.60604496766e-06, 5.66563358007e-06, 4.81752840642e-06, 3.7905967929e-06, 3.62326500181e-06, 2.98438612845e-06, 2.25002440857e-06, 1.61924231179e-06, 1.83741735782e-06, 1.57434055836e-06, 1.14446277166e-06, 7.57864370371e-07, 5.21140123055e-07, 4.12897264823e-07, 3.43818101101e-07, 2.8210564551e-07, 2.21149235813e-07, 1.54844144618e-07, 3.21175299689e-08, 5.44771117106e-10, 1.3609941299e-11, 1.20456153732e-11, 1.1437760461e-11, 1.09073548804e-11, 1.0593503505e-11, 1.11050968768e-11, 1.10143725737e-11, 9.65584036339e-12, 8.80123925129e-12, 8.31446109878e-12, 8.04591115955e-12, 7.78768369236e-12, 7.60745026002e-12, 7.41221580641e-12, 7.26948015672e-12, 7.12214315302e-12, 6.95222959063e-12, 6.76282944576e-12, 6.65003512326e-12, 6.60147847845e-12],
        "min": [7.04528727025e-11, 1.4311121177e-08, 1.55235273525e-08, 2.98635072227e-08, 2.27193766023e-08, 9.7444576852e-09, 8.42075564833e-09, 1.41009675048e-08, 1.22861409935e-08, 1.91120586024e-09, 3.47957640479e-09, 1.26002817069e-08, 9.85284565047e-09, 5.98510174754e-09, 1.05026132236e-09, 2.34048624925e-09, 5.25059640211e-09, 5.71541203254e-10, 5.39268896205e-09, 1.08217923511e-08, 2.31707919518e-09, 1.11130049607e-09, 1.63507052342e-09, 3.03983926919e-09, 3.74162967276e-09, 1.65243854156e-08, 4.19610346469e-09, 3.55553320119e-09, 2.95142097428e-08, 2.61875801044e-08, 9.42816136273e-09, 9.14328790458e-09, 8.932151907e-09, 3.76449715844e-09, 2.4267472476e-09, 1.80247017312e-09, 9.79454517491e-10, 1.99401273271e-09, 9.31606347621e-10, 1.06778930142e-09, 5.98803506779e-10, 1.83629400574e-09, 3.61320151576e-09, 2.03200323234e-09, 3.72860409215e-09, 3.85020904048e-09, 1.36375621906e-09, 1.07628961299e-09, 1.58042801068e-09, 1.19825938061e-09, 1.61013780087e-09, 1.540739758e-09, 1.17995491156e-09, 4.58932725156e-10, 7.7015727129e-10, 1.41201506043e-09, 7.92971188712e-10, 2.51892884329e-09, 2.93498914061e-09, 5.02197616825e-09, 9.17181797178e-09, 1.30152137956e-08, 1.30210908722e-08, 1.26754668983e-08, 1.98343164115e-09, 2.10986161875e-09, 4.60675897429e-09, 1.13074904995e-09, 3.36991168304e-09, 2.56127341558e-09, 2.10087147678e-09, 2.58848664725e-10, 8.23866461164e-11, 8.12844722087e-11, 1.1556815227e-10, 6.04902128387e-10, 5.24526311274e-10, 9.1148311121e-11, 1.43328765523e-10, 1.53876911213e-10, 3.73429620559e-11, 1.63444067308e-11, 2.51201802415e-11, 1.89032556969e-11, 4.21953548491e-11, 2.41671856138e-11, 1.83058672387e-11, 9.58655290567e-12, 4.2963046315e-11, 6.90777365864e-11, 5.925281793e-11, 8.3699484843e-11, 6.21349360852e-11, 5.76873965263e-11, 5.49993384169e-11, 6.07836628252e-11, 3.56385580769e-11, 1.5390980157e-11, 1.54881558967e-11, 9.3059553119e-12, 8.29081595044e-12, 1.29527551879e-11, 1.54233344846e-11, 1.70980399977e-11, 1.01104385281e-11, 1.07329319043e-11, 2.47333967543e-12, 2.11836367133e-13, 1.30032974405e-13, 7.97699580002e-14, 1.07893044271e-13, 1.17999089232e-13, 9.23627629457e-14, 8.31052417096e-14, 1.03944542589e-13, 1.08153483185e-13, 1.07387711191e-13, 1.25876278801e-13, 1.33297995038e-13, 1.12780756414e-13, 1.22931463728e-13, 1.13430701735e-13, 1.18300565199e-13, 1.17868741026e-13, 6.81161398987e-14, 3.29481925142e-14, 3.83560743659e-15, 1.52526281603e-16],
        "stdev": [4.77009198221e-05, 0.0007094736211, 0.00238477368839, 0.00223666150123, 0.00120451208204, 0.00104899541475, 0.00116578151938, 0.001418913831, 0.00106114230584, 0.000817985390313, 0.000873935117852, 0.000883431581315, 0.000819060544018, 0.000956512405537, 0.00108632491902, 0.000928379071411, 0.000593171804212, 0.000641724676825, 0.000847443356179, 0.000641665654257, 0.000391027599107, 0.000494451844133, 0.000771338178311, 0.00140870141331, 0.00107772566844, 0.000616433448158, 0.000657925498672, 0.000595711404458, 0.000512496277224, 0.00061888754135, 0.000536675448529, 0.000238757202169, 0.000191447979887, 0.000114730610221, 0.000140153075336, 0.000239907036303, 0.000160103474627, 0.000134807924042, 0.000155050787725, 0.000151139131049, 9.10396265681e-05, 0.000111050409032, 0.000165312434547, 0.000114997317723, 9.74064532784e-05, 0.000139234020025, 0.000161846473929, 0.000128185929498, 9.69753309619e-05, 8.32540390547e-05, 0.000127551800688, 0.000239862027229, 0.000109617525595, 6.46657281322e-05, 6.4314204792e-05, 9.48083106778e-05, 9.45976571529e-05, 7.1926486271e-05, 5.31276564288e-05, 5.7235625718e-05, 5.47679082956e-05, 5.88437687838e-05, 5.03744340676e-05, 5.47047966393e-05, 5.24132119608e-05, 4.78368674521e-05, 4.32306223956e-05, 3.5391523852e-05, 3.08618036797e-05, 2.67722643912e-05, 1.83263091458e-05, 2.26068113989e-05, 2.37235981331e-05, 1.9852503101e-05, 2.88539067697e-05, 2.58293239312e-05, 2.35608367802e-05, 2.08684032259e-05, 2.25084095291e-05, 1.46301990753e-05, 1.65146248037e-05, 2.0272902475e-05, 2.56716302829e-05, 2.14098217839e-05, 3.06255278701e-05, 2.9276823625e-05, 2.92401364277e-05, 1.92302013602e-05, 1.94766198547e-05, 2.13597886614e-05, 2.26006304729e-05, 1.22544915939e-05, 1.05915942186e-05, 1.01564482975e-05, 8.15564362711e-06, 4.22361108576e-06, 4.68124017061e-06, 4.83096027892e-06, 3.27623956764e-06, 1.89074467016e-06, 1.34909578264e-06, 9.30785745368e-07, 8.89119576186e-07, 7.57774728299e-07, 5.5948987665e-07, 3.98277904878e-07, 1.07134468408e-07, 3.18161164081e-09, 2.44271852745e-10, 2.25087518069e-10, 2.09868913914e-10, 1.97755548048e-10, 1.87744611524e-10, 1.83943429932e-10, 1.7906104377e-10, 1.63856136992e-10, 1.5625903349e-10, 1.50013043654e-10, 1.44589007434e-10, 1.39289163537e-10, 1.36598815592e-10, 1.3270924637e-10, 1.30054009229e-10, 1.27421934115e-10, 1.25129295814e-10, 1.23098378713e-10, 1.21885057602e-10, 1.21069293479e-10]
    },
    "mfcc": {
        "mean": [-610.375305176, 101.245643616, -30.8251876831, 3.13257193565, -13.2060871124, -7.43804168701, -6.91896867752, 10.1178655624, -1.8250746727, 6.53257989883, -0.496160566807, -2.68952250481, -7.78361845016],
        "cov": [[1608.24060059, -386.622772217, 527.957336426, 437.488494873, 446.592712402, 122.08821106, -135.538955688, 19.535533905, -1.9687513113, 58.1202545166, 27.4441566467, 85.1670379639, 52.1110076904], [-386.622772217, 845.171569824, -108.323310852, 151.423431396, 31.0013256073, -118.724899292, 76.8378448486, -25.9184513092, -85.3872833252, -64.2187652588, -63.7489395142, -79.790397644, -43.9703788757], [527.957336426, -108.323310852, 714.189453125, 413.593994141, 381.974975586, 208.418548584, -33.361038208, 18.520275116, -14.7977285385, -4.59197282791, -33.850528717, 70.5919799805, 43.4716186523], [437.488494873, 151.423431396, 413.593994141, 646.468261719, 366.259460449, 75.0466537476, -20.6391410828, 6.27842092514, -78.8801498413, -19.2961044312, -72.0847930908, 18.8670043945, 33.7420578003], [446.592712402, 31.0013256073, 381.974975586, 366.259460449, 494.541107178, 114.912750244, -69.8453598022, 27.5069351196, 39.6842460632, 28.4402389526, -4.5890994072, 52.250919342, 49.8789863586], [122.08821106, -118.724899292, 208.418548584, 75.0466537476, 114.912750244, 208.12562561, 51.802192688, 32.2509460449, 43.8615341187, 12.9354906082, -5.09358549118, 36.8966598511, 23.3497657776], [-135.538955688, 76.8378448486, -33.361038208, -20.6391410828, -69.8453598022, 51.802192688, 187.334640503, 45.3008460999, -13.3110380173, -2.46507120132, 0.865760087967, -7.42589902878, -9.67962932587], [19.535533905, -25.9184513092, 18.520275116, 6.27842092514, 27.5069351196, 32.2509460449, 45.3008460999, 125.216156006, 61.1867179871, 36.3411178589, 46.3611373901, 28.0057468414, 4.65155267715], [-1.9687513113, -85.3872833252, -14.7977285385, -78.8801498413, 39.6842460632, 43.8615341187, -13.3110380173, 61.1867179871, 159.860458374, 74.4063034058, 46.3990135193, 32.3524208069, 14.9806470871], [58.1202545166, -64.2187652588, -4.59197282791, -19.2961044312, 28.4402389526, 12.9354906082, -2.46507120132, 36.3411178589, 74.4063034058, 107.885276794, 59.016544342, 30.1082324982, 8.84761619568], [27.4441566467, -63.7489395142, -33.850528717, -72.0847930908, -4.5890994072, -5.09358549118, 0.865760087967, 46.3611373901, 46.3990135193, 59.016544342, 115.576347351, 47.7301750183, 1.11447179317], [85.1670379639, -79.790397644, 70.5919799805, 18.8670043945, 52.250919342, 36.8966598511, -7.42589902878, 28.0057468414, 32.3524208069, 30.1082324982, 47.7301750183, 92.0425567627, 37.3557243347], [52.1110076904, -43.9703788757, 43.4716186523, 33.7420578003, 49.8789863586, 23.3497657776, -9.67962932587, 4.65155267715, 14.9806470871, 8.84761619568, 1.11447179317, 37.3557243347, 73.068069458]],
        "icov": [[0.00116245052777, 0.000629752757959, -0.000280192296486, -0.000418280164013, -0.000648577639367, 0.000303001637803, 0.000209313511732, -2.53429461736e-05, 0.000449933344498, -0.000375683099264, -0.000299337843899, 8.03379225545e-05, 0.000201777773327], [0.000629752757959, 0.00215258984827, 0.000257680600043, -0.000752838794142, -0.00106398423668, 0.00152670487296, -0.00130520411767, 0.000355891825166, -4.05368555221e-05, 0.000563884561416, 4.26089100074e-05, 0.000518626417033, 0.000757699948736], [-0.000280192296486, 0.000257680600043, 0.00397837115452, -0.00116300873924, -0.00125262979418, -0.00274580460973, 0.00067237066105, -0.00020219894941, 0.00102791725658, 0.000327857764205, 0.000603266642429, -0.0015451349318, 0.000889825285412], [-0.000418280164013, -0.000752838794142, -0.00116300873924, 0.0044946516864, -0.00206028297544, 0.000469700375106, -0.000114689064503, -0.00150067545474, 0.00280654639937, -0.00168468011543, 0.00264690164477, -0.000536642852239, -0.000339142279699], [-0.000648577639367, -0.00106398423668, -0.00125262979418, -0.00206028297544, 0.00608440348879, -0.00154167728033, 0.00198872829787, 6.99674228599e-06, -0.0022976687178, 0.000215839580051, -0.00128982425667, 0.000457977614133, -0.00164835213218], [0.000303001637803, 0.00152670487296, -0.00274580460973, 0.000469700375106, -0.00154167728033, 0.0108771398664, -0.00492622191086, 0.000946159998421, -0.00333879468963, 0.00114422303159, 0.00157678825781, -0.00117999140639, 0.000108190804895], [0.000209313511732, -0.00130520411767, 0.00067237066105, -0.000114689064503, 0.00198872829787, -0.00492622191086, 0.00947917904705, -0.00426578940824, 0.00320007139817, -0.00158421404194, 0.000179458031198, 0.000496526306961, -0.000258661806583], [-2.53429461736e-05, 0.000355891825166, -0.00020219894941, -0.00150067545474, 6.99674228599e-06, 0.000946159998421, -0.00426578940824, 0.013572813943, -0.00584355182946, 0.00174981215969, -0.00451496383175, -0.000488957506604, 0.000614266959019], [0.000449933344498, -4.05368555221e-05, 0.00102791725658, 0.00280654639937, -0.0022976687178, -0.00333879468963, 0.00320007139817, -0.00584355182946, 0.0149657465518, -0.00806778296828, 0.00245728204027, -0.000815143284854, -0.000533672980964], [-0.000375683099264, 0.000563884561416, 0.000327857764205, -0.00168468011543, 0.000215839580051, 0.00114422303159, -0.00158421404194, 0.00174981215969, -0.00806778296828, 0.0182313751429, -0.00750608649105, 0.000614619289991, -0.000397320865886], [-0.000299337843899, 4.26089100074e-05, 0.000603266642429, 0.00264690164477, -0.00128982425667, 0.00157678825781, 0.000179458031198, -0.00451496383175, 0.00245728204027, -0.00750608649105, 0.0189788527787, -0.0091286059469, 0.00412827683613], [8.03379225545e-05, 0.000518626417033, -0.0015451349318, -0.000536642852239, 0.000457977614133, -0.00117999140639, 0.000496526306961, -0.000488957506604, -0.000815143284854, 0.000614619289991, -0.0091286059469, 0.0214751511812, -0.00916390027851], [0.000201777773327, 0.000757699948736, 0.000889825285412, -0.000339142279699, -0.00164835213218, 0.000108190804895, -0.000258661806583, 0.000614266959019, -0.000533672980964, -0.000397320865886, 0.00412827683613, -0.00916390027851, 0.0194219853729]]
    },
    "spectral_contrast_coeffs": {
        "max": [-0.337964445353, -0.465037167072, -0.506883382797, -0.611627399921, -0.624904632568, -0.497634232044],
        "mean": [-0.70314437151, -0.725582063198, -0.752125501633, -0.792488276958, -0.773257613182, -0.755086481571],
        "min": [-0.902928292751, -0.90901196003, -0.889935076237, -0.918285489082, -0.853024125099, -0.838261365891],
        "stdev": [0.0984250307083, 0.071561910212, 0.0550650954247, 0.0487771518528, 0.0409662909806, 0.0356920547783]
    },
    "spectral_contrast_valleys": {
        "max": [-5.29803562164, -4.90117502213, -5.33095598221, -5.89558029175, -5.28586053848, -7.51620912552],
        "mean": [-7.50386714935, -6.45864772797, -6.68271875381, -6.93121194839, -7.02023172379, -9.87614631653],
        "min": [-11.982465744, -11.4181137085, -11.212018013, -11.5805549622, -11.5444555283, -14.8092298508],
        "stdev": [1.01360714436, 0.474601596594, 0.567145347595, 0.395693928003, 0.433700233698, 0.723806083202]
    }
},
"rhythm": {
    "beats_count": 47,
    "beats_loudness": {
        "max": 0.0486796163023,
        "mean": 0.0248001273721,
        "min": 0.00693944608793,
        "stdev": 0.0105702895671
    },
    "bpm": 105.911468506,
    "bpm_histogram_first_peak_bpm": 105,
    "bpm_histogram_first_peak_weight": 0.625,
    "bpm_histogram_second_peak_bpm": 120,
    "bpm_histogram_second_peak_spread": 0.384615361691,
    "bpm_histogram_second_peak_weight": 0.173913046718,
    "danceability": 1.10563576221,
    "onset_rate": 3.43462705612,
    "beats_loudness_band_ratio": {
        "max": [0.583809375763, 0.646252393723, 0.623312711716, 0.563895106316, 0.466730117798, 0.781367123127],
        "mean": [0.121722556651, 0.120773762465, 0.295566916466, 0.22336858511, 0.15006737411, 0.123226247728],
        "min": [0.000870001036674, 0.000581952626817, 0.0231172461063, 0.0217505283654, 0.0295999161899, 0.0110550066456],
        "stdev": [0.141240432858, 0.147717863321, 0.151917800307, 0.181317791343, 0.0942318737507, 0.156512439251]
    },
    "beats_position": [0.53405892849, 1.06811785698, 1.62539684772, 2.18267560005, 2.73995471001, 3.27401351929, 3.78485250473, 4.29569149017, 4.80653047562, 5.30575942993, 5.80498838425, 6.30421733856, 6.80344676971, 7.30267572403, 7.80190467834, 8.31274318695, 8.8119726181, 9.31120204926, 9.82204055786, 10.4025392532, 10.9714279175, 11.5403175354, 12.0975961685, 12.6664848328, 13.235373497, 13.8158731461, 14.3963718414, 14.9652605057, 15.5341491699, 16.1030387878, 16.7067565918, 17.298866272, 17.8909740448, 18.483083725, 19.0751914978, 19.6556911469, 20.2245807648, 20.7934684753, 21.339138031, 21.8964176178, 22.4420852661, 22.9877548218, 23.5334243774, 24.0790920258, 24.6131515503, 25.1704311371, 25.7277088165],
