{
"metadata": {
    "version": {
        "essentia": "2.1-beta5",
        "essentia_git_sha": "Undefined",
        "extractor": "music 2.0"
    },
    "audio_properties": {
        "analysis": {
            "equal_loudness": 0,
            "length": 12.7477550507,
            "sample_rate": 44100,
            "start_time": 0,
            "downmix": "mix"
        },
        "bit_rate": 192000,
        "length": 191.204727173,
        "lossless": 0,
        "number_channels": 2,
        "replay_gain": -5.76419258118,
        "sample_rate": 48000,
        "codec": "mp3",
        "md5_encoded": "53922344f84cf7a7ad1f8785789415d3"
    },
    "tags": {
        "file_name": "Greece_Never Let You Go_Mando.mp3",
        "encoding": ["Lavf58.29.100"]
    }
},
"lowlevel": {
    "average_loudness": 0.974842369556,
    "barkbands_crest": {
        "max": 21.0395145416,
        "mean": 9.71368503571,
        "min": 2.90526771545,
        "stdev": 3.12137174606
    },
    "barkbands_flatness_db": {
        "max": 0.309568554163,
        "mean": 0.175320640206,
        "min": 0.0554103180766,
        "stdev": 0.0440268740058
    },
    "barkbands_kurtosis": {
        "max": 12.5464363098,
        "mean": 2.22411799431,
        "min": -1.17045652866,
        "stdev": 2.20484423637
    },
    "barkbands_skewness": {
        "max": 3.54186940193,
        "mean": 1.38210439682,
        "min": -1.85308539867,
        "stdev": 0.583785831928
    },
    "barkbands_spread": {
        "max": 71.2410583496,
        "mean": 21.1613674164,
        "min": 3.49983358383,
        "stdev": 9.7252664566
    },
    "dissonance": {
        "max": 0.499987959862,
        "mean": 0.475288152695,
        "min": 0.366784244776,
        "stdev": 0.0180205330253
    },
    "dynamic_complexity": 1.27051222324,
    "erbbands_crest": {
        "max": 23.4301261902,
        "mean": 8.0598115921,
        "min": 2.43444848061,
        "stdev": 4.17521476746
    },
    "erbbands_flatness_db": {
        "max": 0.365879803896,
        "mean": 0.196026414633,
        "min": 0.0931307822466,
        "stdev": 0.0620530545712
    },
    "erbbands_kurtosis": {
        "max": 8.54768562317,
        "mean": -0.0404580049217,
        "min": -1.5421475172,
        "stdev": 1.54278481007
    },
    "erbbands_skewness": {
        "max": 2.64881372452,
        "mean": 0.485086619854,
        "min": -0.974805116653,
        "stdev": 0.604940235615
    },
    "erbbands_spread": {
        "max": 102.824897766,
        "mean": 38.9085235596,
        "min": 6.18897390366,
        "stdev": 16.0861148834
    },
    "hfc": {
        "max": 138.014373779,
        "mean": 24.1524486542,
        "min": 1.23079948816e-16,
        "stdev": 15.104177475
    },
    "loudness_ebu128": {
        "integrated": -16.1150550842,
        "loudness_range": 1.17808246613,
        "momentary": {
            "max": -14.3934020996,
            "mean": -16.2212963104,
            "min": -19.1427574158,
            "stdev": 0.978166878223
        },
        "short_term": {
            "max": -15.3885231018,
            "mean": -16.1588420868,
            "min": -16.8940391541,
            "stdev": 0.402013629675
        }
    },
    "melbands_crest": {
        "max": 25.6820449829,
        "mean": 12.6504583359,
        "min": 1.76037621498,
        "stdev": 3.61016631126
    },
    "melbands_flatness_db": {
        "max": 0.340446084738,
        "mean": 0.201972216368,
        "min": 0.00167079002131,
        "stdev": 0.054156716913
    },
    "melbands_kurtosis": {
        "max": 72.3753890991,
        "mean": 8.64554309845,
        "min": -1.25237441063,
        "stdev": 6.98981952667
    },
    "melbands_skewness": {
        "max": 7.4881811142,
        "mean": 2.26379752159,
        "min": 0.000792961509433,
        "stdev": 0.97006136179
    },
    "melbands_spread": {
        "max": 145.324691772,
        "mean": 21.398059845,
        "min": 4.97752904892,
        "stdev": 13.2098779678
    },
    "pitch_salience": {
        "max": 0.977701604366,
        "mean": 0.59599095583,
        "min": 0.314834535122,
        "stdev": 0.0996111780405
    },
    "silence_rate_20dB": {
        "max": 1,
        "mean": 1,
        "min": 1,
        "stdev": 0
    },
    "silence_rate_30dB": {
        "max": 1,
        "mean": 1,
        "min": 1,
        "stdev": 0
    },
    "silence_rate_60dB": {
        "max": 1,
        "mean": 0.0109090907499,
        "min": 0,
        "stdev": 0.103876285255
    },
    "spectral_centroid": {
        "max": 11181.8447266,
        "mean": 1393.40405273,
        "min": 617.801269531,
        "stdev": 587.945678711
    },
    "spectral_complexity": {
        "max": 58,
        "mean": 26.669090271,
        "min": 0,
        "stdev": 8.77432346344
    },
    "spectral_decrease": {
        "max": -2.91089655971e-29,
        "mean": -8.45075920353e-09,
        "min": -2.65171422598e-08,
        "stdev": 3.93281673894e-09
    },
    "spectral_energy": {
        "max": 0.107709616423,
        "mean": 0.0340858101845,
        "min": 1.12735694437e-20,
        "stdev": 0.0157754663378
    },
    "spectral_energyband_high": {
        "max": 0.0112682273611,
        "mean": 0.000970961700659,
        "min": 8.19996338907e-21,
        "stdev": 0.00129933457356
    },
    "spectral_energyband_low": {
        "max": 0.077483355999,
        "mean": 0.011424953118,
        "min": 2.53206869418e-23,
        "stdev": 0.00968847703189
    },
    "spectral_energyband_middle_high": {
        "max": 0.0352439582348,
        "mean": 0.007108240854,
        "min": 1.66926107842e-21,
        "stdev": 0.0049666040577
    },
    "spectral_energyband_middle_low": {
        "max": 0.0587140098214,
        "mean": 0.0159443188459,
        "min": 3.19026558207e-22,
        "stdev": 0.00916926376522
    },
    "spectral_entropy": {
        "max": 9.80084991455,
        "mean": 7.6612534523,
        "min": 6.79500102997,
        "stdev": 0.275844931602
    },
    "spectral_flux": {
        "max": 0.275180578232,
        "mean": 0.0894307568669,
        "min": 1.06177067138e-10,
        "stdev": 0.033912692219
    },
    "spectral_kurtosis": {
        "max": 16.5824699402,
        "mean": 2.96698379517,
        "min": -1.1892362833,
        "stdev": 2.77116012573
    },
    "spectral_rms": {
        "max": 0.0102509781718,
        "mean": 0.00558557687327,
        "min": 3.31641441739e-12,
        "stdev": 0.00143380148802
    },
    "spectral_rolloff": {
        "max": 18518.5546875,
        "mean": 1322.80505371,
        "min": 215.33203125,
        "stdev": 1528.52734375
    },
    "spectral_skewness": {
        "max": 3.12947583199,
        "mean": 1.09110748768,
        "min": -0.0551425851882,
        "stdev": 0.362630665302
    },
    "spectral_spread": {
        "max": 39825640,
        "mean": 3620578.25,
        "min": 1830294.875,
        "stdev": 1905652
    },
    "spectral_strongpeak": {
        "max": 5.65030193329,
        "mean": 0.825549304485,
        "min": 0,
        "stdev": 0.890935301781
    },
    "zerocrossingrate": {
        "max": 0.70166015625,
        "mean": 0.0585564635694,
        "min": 0.0146484375,
        "stdev": 0.051725693047
    },
    "barkbands": {
        "max": [0.00182773685083, 0.0399524569511, 0.041191611439, 0.0251664444804, 0.0347509682178, 0.0331942886114, 0.0406244657934, 0.0326297990978, 0.0497589036822, 0.0267735384405, 0.00779393455014, 0.00985053088516, 0.00550613785163, 0.00335225882009, 0.00364867132157, 0.0032456649933, 0.00266506592743, 0.00296596204862, 0.00528228096664, 0.00218395492993, 0.00229937490076, 0.00173788610846, 0.00489960750565, 0.00280672055669, 0.00217754766345, 2.38633547269e-05, 2.55600971286e-05],
        "mean": [0.00018624815857, 0.00837730802596, 0.00179302925244, 0.00202331063338, 0.00256795925088, 0.00390157219954, 0.00284558697604, 0.00175111496355, 0.00229165214114, 0.00193617818877, 0.000971537607256, 0.000948761240579, 0.000684686237946, 0.000542995228898, 0.000458057620563, 0.000394207279896, 0.00049687793944, 0.000395796407247, 0.000397264986532, 0.000295358826406, 0.000275451893685, 0.000209456891753, 0.000176175308297, 0.000119606571388, 4.55356603197e-05, 4.73810750634e-08, 4.79057966629e-08],
        "min": [4.12092929949e-24, 1.47556968747e-23, 8.94521013752e-24, 1.18169588665e-23, 1.29404465213e-22, 4.17036555581e-23, 3.57831030032e-23, 3.84305643773e-23, 5.68239607878e-23, 1.64611567227e-22, 4.7640360829e-23, 1.01503515225e-22, 1.7353724438e-22, 1.76021424168e-22, 7.01759491014e-23, 1.73014210667e-22, 8.27555668582e-23, 2.43396506849e-22, 3.24737128611e-22, 2.0428273844e-22, 4.47213047426e-22, 7.15044830048e-22, 6.47651016654e-22, 9.20754611555e-22, 1.54112997355e-21, 1.62079548389e-21, 2.40516455201e-21],
        "stdev": [0.000252583558904, 0.00705851241946, 0.00320577993989, 0.0026586249005, 0.00324662402272, 0.00536404224113, 0.00427143322304, 0.00408338103443, 0.00392245640978, 0.00315847597085, 0.00121779320762, 0.00116827024613, 0.000698726857081, 0.000487411511131, 0.00042726637912, 0.000332931667799, 0.000464153970825, 0.000370890717022, 0.000631335075013, 0.000307372421958, 0.000336963537848, 0.000277372164419, 0.000348827044945, 0.000267021969194, 0.000178937945748, 1.01700857158e-06, 1.08883580197e-06]
    },
    "erbbands": {
        "max": [1.00026810169, 10.5680971146, 49.832233429, 73.9187698364, 101.241996765, 106.815795898, 260.726806641, 309.794891357, 360.347717285, 912.020629883, 727.147583008, 970.40222168, 855.467834473, 571.312683105, 287.66696167, 329.781402588, 212.449920654, 218.708648682, 168.543411255, 110.09173584, 213.738525391, 178.751190186, 159.596221924, 195.432952881, 238.414535522, 87.852355957, 116.566093445, 103.831985474, 57.3097724915, 176.025009155, 103.291687012, 61.1450271606, 41.840549469, 22.6123428345, 18.9493484497, 1.50646460056, 0.0442242622375, 0.0158001016825, 0.00363139831461, 0.000391437846702],
        "mean": [0.237190335989, 1.8585152626, 2.46688055992, 4.86359405518, 7.22256183624, 9.05614089966, 23.9729919434, 28.54429245, 37.9219093323, 39.2448005676, 42.9286079407, 44.9291305542, 65.1166915894, 57.6250267029, 32.7063369751, 34.8989601135, 31.6693496704, 29.3651885986, 23.7906646729, 21.6534023285, 25.2430896759, 28.7304077148, 22.6105957031, 20.1035041809, 18.471031189, 13.5974149704, 11.4661235809, 10.6516313553, 7.56296443939, 6.91041612625, 4.46435022354, 3.14446234703, 1.60020518303, 0.610028803349, 0.267179518938, 0.0138599481434, 0.000501427333802, 6.84374535922e-05, 3.0821753171e-05, 4.23319434049e-05],
        "min": [6.50796615291e-22, 2.62051847994e-21, 8.04493730225e-21, 2.31446734824e-20, 2.02954217512e-19, 4.15519989399e-19, 4.98759924072e-19, 3.71450494699e-19, 6.99224612284e-19, 3.86878938237e-19, 1.16902571859e-18, 1.22506027746e-18, 1.95629517678e-18, 5.64019718114e-18, 2.11940712857e-18, 4.97652163796e-18, 9.35501733564e-18, 8.86615938389e-18, 5.43138081218e-18, 6.90876178214e-18, 8.308470079e-18, 4.85223733733e-18, 9.12857250705e-18, 1.27688645155e-17, 1.89959215259e-17, 1.12321292007e-17, 1.33940790554e-17, 2.08358971174e-17, 2.82815632235e-17, 2.5282300621e-17, 1.58736141529e-17, 1.37512457177e-17, 1.7900231469e-17, 1.41807493246e-17, 1.16413809447e-17, 6.82390421823e-18, 3.15300342515e-18, 1.27249319192e-18, 3.57760655561e-19, 3.28895832657e-20],
        "stdev": [0.214828252792, 1.75752484798, 3.58596754074, 6.50923109055, 10.1771888733, 10.2103481293, 35.8144836426, 37.862701416, 56.5934829712, 68.7945251465, 92.0920944214, 72.4762954712, 104.877700806, 78.2160568237, 34.2685585022, 39.4229660034, 30.3115730286, 26.7149448395, 20.7436714172, 16.9471206665, 21.3593235016, 27.0699920654, 20.5341529846, 22.2570171356, 28.4383811951, 13.8792705536, 12.621799469, 14.1418352127, 9.57998561859, 13.2215147018, 8.42180919647, 6.52838182449, 3.90788698196, 1.95539045334, 1.30382025242, 0.0904754251242, 0.0028796903789, 0.000686115876306, 0.000155431625899, 2.53711496043e-05]
    },
    "gfcc": {
        "mean": [-7.35739517212, 139.172790527, -165.643417358, 54.1028137207, -70.9974136353, 7.90823411942, -18.5385284424, -9.81969165802, 0.151980176568, -15.4153175354, 3.03954529762, -9.15078353882, 2.40785765648],
        "cov": [[12512.9228516, 570.719787598, 413.705749512, 1156.93383789, -707.58795166, 966.003540039, -969.21081543, 639.861694336, -205.760009766, 26.0026512146, 426.24206543, -84.0649108887, 264.628997803], [570.719787598, 1107.92041016, -612.801635742, -94.8961105347, 221.50541687, -395.777893066, 424.963378906, -341.851989746, 294.367248535, -165.348922729, 18.4006557465, -32.7580909729, -87.9534454346], [413.705749512, -612.801635742, 1488.17980957, 698.613708496, 2.70349907875, 728.528747559, -642.15802002, 558.251403809, -136.143981934, 187.158889771, 324.432037354, 44.4438362122, 180.701751709], [1156.93383789, -94.8961105347, 698.613708496, 629.63482666, -29.0548629761, 410.559082031, -308.381896973, 204.258453369, -12.8314838409, 28.2694168091, 233.964202881, -17.1826038361, 91.3005142212], [-707.58795166, 221.50541687, 2.70349907875, -29.0548629761, 223.5574646, -76.469329834, 137.194610596, -40.3971328735, 60.9216270447, -4.94576358795, -8.55702972412, 14.6569795609, -24.5169124603], [966.003540039, -395.777893066, 728.528747559, 410.559082031, -76.469329834, 554.37689209, -370.530731201, 322.45916748, -113.44908905, 48.9015922546, 193.512329102, 0.578602015972, 104.962310791], [-969.21081543, 424.963378906, -642.15802002, -308.381896973, 137.194610596, -370.530731201, 490.881988525, -309.693481445, 125.305938721, -118.030105591, -155.568649292, -28.0628185272, -116.483543396], [639.861694336, -341.851989746, 558.251403809, 204.258453369, -40.3971328735, 322.45916748, -309.693481445, 400.949768066, -81.4354629517, 111.916007996, 102.660972595, 2.22684025764, 84.098197937], [-205.760009766, 294.367248535, -136.143981934, -12.8314838409, 60.9216270447, -113.44908905, 125.305938721, -81.4354629517, 197.033828735, -40.529296875, 34.7791633606, -20.5894603729, -48.357749939], [26.0026512146, -165.348922729, 187.158889771, 28.2694168091, -4.94576358795, 48.9015922546, -118.030105591, 111.916007996, -40.529296875, 154.400482178, 16.7426109314, 38.2058029175, 42.1548843384], [426.24206543, 18.4006557465, 324.432037354, 233.964202881, -8.55702972412, 193.512329102, -155.568649292, 102.660972595, 34.7791633606, 16.7426109314, 211.002441406, 21.7522983551, 69.5454025269], [-84.0649108887, -32.7580909729, 44.4438362122, -17.1826038361, 14.6569795609, 0.578602015972, -28.0628185272, 2.22684025764, -20.5894603729, 38.2058029175, 21.7522983551, 70.7958755493, 36.2748374939], [264.628997803, -87.9534454346, 180.701751709, 91.3005142212, -24.5169124603, 104.962310791, -116.483543396, 84.098197937, -48.357749939, 42.1548843384, 69.5454025269, 36.2748374939, 92.4434356689]],
        "icov": [[0.000608789618127, -0.00207560299896, 0.00128304876853, -0.00111956289038, 0.00213096383959, -0.00173220539, 0.00109415687621, -0.00143793132156, 0.00130033900496, -0.000892469135579, 0.00111211882904, -0.0011562196305, 0.000803189992439], [-0.00207560299896, 0.0105546228588, -0.00260954606347, 0.00222221249714, -0.0101998196915, 0.0073773204349, -0.0036072768271, 0.00483379326761, -0.0064549879171, 0.00434427009895, -0.00583615992218, 0.00464913574979, -0.00392585154623], [0.00128304876853, -0.00260954606347, 0.00811524968594, -0.00513559021056, 0.000236298219534, -0.00502699427307, 0.0047804042697, -0.00468512484804, 0.00205427361652, -0.00254146498628, 0.000810770550743, -0.00331220496446, 0.00203279382549], [-0.00111956289038, 0.00222221249714, -0.00513559021056, 0.00810970831662, -0.00252636754885, 0.000908885966055, -0.0015590012772, 0.00493935495615, -0.00248639285564, 0.00118481356185, -0.00290142931044, 0.00551105570048, -0.00263220677152], [0.00213096383959, -0.0101998196915, 0.000236298219534, -0.00252636754885, 0.0184144061059, -0.0057207387872, -0.00130712497048, -0.00577270798385, 0.005494909361, -0.0041503557004, 0.00548058515415, -0.00732235424221, 0.00472963880748], [-0.00173220539, 0.0073773204349, -0.00502699427307, 0.000908885966055, -0.0057207387872, 0.0142845371738, -0.00331869418733, 0.00113887351472, -0.00128416961525, 0.00599638093263, -0.00680902926251, 0.00388237624429, -0.00185473577585], [0.00109415687621, -0.0036072768271, 0.0047804042697, -0.0015590012772, -0.00130712497048, -0.00331869418733, 0.0117015615106, -0.000382949307095, 0.000351096736267, 6.68999782647e-05, 0.00370418094099, -0.000811052450445, 0.00183028844185], [-0.00143793132156, 0.00483379326761, -0.00468512484804, 0.00493935495615, -0.00577270798385, 0.00113887351472, -0.000382949307095, 0.0117569025606, -0.00436734547839, -0.000667371379677, -0.00149176886771, 0.00730649568141, -0.00473214779049], [0.00130033900496, -0.0064549879171, 0.00205427361652, -0.00248639285564, 0.005494909361, -0.00128416961525, 0.000351096736267, -0.00436734547839, 0.0146907093003, -0.00273186573759, -0.00334971304983, -0.00147748261224, 0.00793746393174], [-0.000892469135579, 0.00434427009895, -0.00254146498628, 0.00118481356185, -0.0041503557004, 0.00599638093263, 6.68999782647e-05, -0.000667371379677, -0.00273186573759, 0.013413018547, -0.000734476663638, -0.0027630967088, -0.0026406571269], [0.00111211882904, -0.00583615992218, 0.000810770550743, -0.00290142931044, 0.00548058515415, -0.00680902926251, 0.00370418094099, -0.00149176886771, -0.00334971304983, -0.000734476663638, 0.0176409240812, -0.00575955118984, -0.00467492826283], [-0.0011562196305, 0.00464913574979, -0.00331220496446, 0.00551105570048, -0.00732235424221, 0.00388237624429, -0.000811052450445, 0.00730649568141, -0.00147748261224, -0.0027630967088, -0.00575955118984, 0.0279205162078, -0.0113902948797], [0.000803189992439, -0.00392585154623, 0.00203279382549, -0.00263220677152, 0.00472963880748, -0.00185473577585, 0.00183028844185, -0.00473214779049, 0.00793746393174, -0.0026406571269, -0.00467492826283, -0.0113902948797, 0.0267234258354]]
    },
    "melbands": {
        "max": [0.00861537735909, 0.021013809368, 0.0114064412192, 0.00832576490939, 0.00673862267286, 0.00610887398943, 0.00519738439471, 0.00994206219912, 0.0072578615509, 0.00525330472738, 0.00428809178993, 0.00252375565469, 0.00104113551788, 0.00111313804518, 0.00103956018575, 0.000517321983352, 0.000370750320144, 0.000240425739321, 0.000256477243965, 0.000147099082824, 0.000301459891489, 0.000217262218939, 0.00013794057304, 0.000135610767757, 0.000158967493917, 0.000273469573585, 0.000100077355455, 4.76327586512e-05, 6.6270622483e-05, 5.56697705179e-05, 5.85787965974e-05, 4.00938006351e-05, 5.22677692061e-05, 0.000131946420879, 6.79010045133e-05, 4.02812838729e-05, 4.51836531283e-05, 2.48383912549e-05, 3.86343454011e-05, 1.54374793055e-05],
        "mean": [0.00227869278751, 0.00170550623443, 0.000898140133359, 0.000571851269342, 0.000716314301826, 0.000681966659613, 0.000583367131185, 0.000423189398134, 0.000347080233041, 0.000295998965157, 0.000330479058903, 0.000240747933276, 0.000112981069833, 0.000100418787042, 9.62345147855e-05, 6.06212306593e-05, 5.28250820935e-05, 3.68332184735e-05, 3.70599409507e-05, 2.37419426412e-05, 3.03033029923e-05, 3.1204224797e-05, 2.08761284739e-05, 1.92411316675e-05, 1.56892383529e-05, 1.66389945662e-05, 1.06288198367e-05, 8.48102081363e-06, 7.46415571484e-06, 6.02184672971e-06, 6.20323817202e-06, 4.26565566158e-06, 3.87069621866e-06, 3.85337580155e-06, 2.50815082836e-06, 2.34957474277e-06, 1.77074389285e-06, 1.09717711894e-06, 9.4298974318e-07, 3.728099216e-07],
        "min": [4.83171861308e-24, 3.6418481553e-24, 9.17649153316e-24, 2.31611376153e-23, 1.88371985117e-23, 9.0778981195e-24, 9.5238680105e-24, 4.57490573424e-24, 1.12036266124e-23, 6.98727551457e-24, 1.05889130629e-23, 2.49729113009e-23, 7.00669648119e-24, 1.07906823833e-23, 1.27412151243e-23, 2.24593969307e-23, 1.50590249368e-23, 8.95723553316e-24, 6.19506392265e-24, 1.24968757141e-23, 8.61194085976e-24, 5.53929410733e-24, 3.88804809394e-24, 1.30019517973e-23, 9.77102207641e-24, 1.31102781768e-23, 1.1351119147e-23, 6.50328647225e-24, 7.54679798856e-24, 9.70598443908e-24, 1.26914435232e-23, 1.73680649826e-23, 1.25808736233e-23, 1.53550686573e-23, 9.95196625768e-24, 6.79714031489e-24, 8.8459099045e-24, 1.22801827232e-23, 1.25522955593e-23, 1.20675247558e-23],
        "stdev": [0.00185059290379, 0.00187831069343, 0.00108142301906, 0.000779654248618, 0.000950542336795, 0.000877063605003, 0.000842618814204, 0.000759141054004, 0.000757324101869, 0.000455327302916, 0.000534381950274, 0.00033195927972, 0.000124910991872, 0.000128336469061, 0.000118469870358, 5.95585224801e-05, 5.05121424794e-05, 3.53860850737e-05, 3.71174064639e-05, 1.83933098015e-05, 2.92566382996e-05, 3.18759812217e-05, 1.7815926185e-05, 1.91759645531e-05, 1.78250520548e-05, 3.22354753735e-05, 1.30887019623e-05, 8.54148129292e-06, 8.01157420938e-06, 7.44954240872e-06, 8.71396605362e-06, 5.45673401575e-06, 6.20892205916e-06, 8.38456071506e-06, 4.85993587063e-06, 4.59829971078e-06, 3.93706477553e-06, 2.47807611231e-06, 3.31751175509e-06, 1.18604555155e-06]
    },
    "melbands128": {
        "max": [0.00133763311896, 0.00869728624821, 0.0135246999562, 0.0207211226225, 0.0297720395029, 0.01617895253, 0.0173228662461, 0.00997081398964, 0.0127800256014, 0.0117691075429, 0.00517913792282, 0.00322953006253, 0.0114199128002, 0.014604985714, 0.00991703011096, 0.0079965274781, 0.00982553046197, 0.00800964049995, 0.0168900229037, 0.0155908148736, 0.010669154115, 0.0123629458249, 0.00949540175498, 0.0200109146535, 0.00637721410021, 0.00365268485621, 0.00712851481512, 0.00705522531644, 0.00486173853278, 0.00392065150663, 0.00288336514495, 0.00216972944327, 0.00127336545847, 0.000880627485458, 0.0017229403602, 0.00158307352103, 0.000524816510733, 0.00204158620909, 0.000751951825805, 0.000492845952976, 0.000570193224121, 0.000863833760377, 0.000495956512168, 0.000493841071147, 0.000473651569337, 0.00033815659117, 0.000527582829818, 0.000609599694144, 0.00022816384444, 0.000270171964075, 0.000219506997382, 0.000161124495207, 0.00033791270107, 0.000437668844825, 0.0003990571131, 0.000391233683331, 0.000320654013194, 0.000180205752258, 0.000173212931259, 0.000270409771474, 0.000182549891178, 0.000200390888494, 0.000105166691355, 0.000146065503941, 0.000419169984525, 0.00047154846834, 0.000168022263097, 0.000115339564218, 0.000139744151966, 0.0001067603298, 5.70314223296e-05, 0.000100476194348, 5.55193328182e-05, 6.89762528054e-05, 0.000152154621901, 5.76865932089e-05, 6.92377288942e-05, 0.000116478018754, 9.40419049584e-05, 4.09022250096e-05, 4.89976955578e-05, 5.28592318005e-05, 4.27282211604e-05, 7.14263587724e-05, 7.18764058547e-05, 8.60870859469e-05, 0.00026930711465, 5.95244964643e-05, 7.16252834536e-05, 4.55764420622e-05, 5.78942563152e-05, 5.47072377231e-05, 6.31200091448e-05, 4.99390771438e-05, 6.1000999267e-05, 2.41038160311e-05, 2.52460249612e-05, 3.39227408404e-05, 6.27310946584e-05, 3.18906168104e-05, 7.85011343396e-06, 1.44276373248e-05, 1.87021141755e-05, 2.58892068814e-05, 3.58100915037e-05, 4.99010711792e-05, 3.67908069165e-06, 1.70113978015e-07, 1.63270030384e-07, 1.56977250754e-07, 1.51105766122e-07, 1.45471005908e-07, 1.40366779533e-07, 1.35402061119e-07, 1.30869835857e-07, 1.26685591795e-07, 1.22816842918e-07, 1.19314805147e-07, 1.16114350135e-07, 1.13121828349e-07, 1.10566553246e-07, 1.08155020939e-07, 1.05958001484e-07, 1.04134450396e-07, 1.02706280813e-07, 1.0150422014e-07, 1.00618116505e-07, 1.00089195598e-07],
        "mean": [0.000160082592629, 0.00162928679492, 0.00350665673614, 0.00293821142986, 0.00148316670675, 0.000840563909151, 0.00100659788586, 0.00096374459099, 0.000688208616339, 0.000584659224842, 0.00047410960542, 0.000397183466703, 0.000885760062374, 0.00104035809636, 0.000553322432097, 0.000570249860175, 0.000606785586569, 0.000592854281422, 0.000562014058232, 0.000416290102294, 0.000350083457306, 0.000438514776761, 0.000298202387057, 0.000364586012438, 0.000222454880713, 0.000299699691823, 0.000386905274354, 0.000303544511553, 0.000341881008353, 0.000239045999479, 0.000243837697781, 0.00016882365162, 7.64302531024e-05, 8.50963624544e-05, 0.000138765011798, 8.71458541951e-05, 6.07881775068e-05, 0.000144173027365, 7.69083126215e-05, 5.14612511324e-05, 5.78191757086e-05, 7.24354176782e-05, 5.32528538315e-05, 4.26131919085e-05, 4.34920912085e-05, 3.29587419401e-05, 3.17854864988e-05, 5.01039539813e-05, 3.11686635541e-05, 2.17355118366e-05, 2.41500492848e-05, 2.18225177377e-05, 3.40289298038e-05, 3.49384390574e-05, 2.27110576816e-05, 3.69712251995e-05, 3.20639883284e-05, 1.79176513484e-05, 1.7882364773e-05, 2.39700166276e-05, 1.84542313946e-05, 1.80611932592e-05, 1.37910728881e-05, 1.33260546136e-05, 2.09797235584e-05, 2.09788377106e-05, 1.05663821159e-05, 1.03033125924e-05, 1.15712973638e-05, 9.96699327516e-06, 7.94100287749e-06, 8.13497081253e-06, 7.84361600381e-06, 7.51159223e-06, 6.98829626344e-06, 5.37636014997e-06, 5.85818997934e-06, 6.85484019414e-06, 6.97176346875e-06, 4.57958185507e-06, 4.54510472991e-06, 4.0175605136e-06, 3.69080294149e-06, 3.92151332562e-06, 3.98521569878e-06, 3.84708982892e-06, 4.39797304352e-06, 2.80051744994e-06, 2.11218912227e-06, 2.41612315222e-06, 2.61067657448e-06, 2.30197497331e-06, 2.05146216103e-06, 1.85699536814e-06, 1.57046463301e-06, 1.13444446015e-06, 9.28346139517e-07, 1.1251381693e-06, 1.20653851354e-06, 6.99501526924e-07, 3.42034923051e-07, 2.98796862808e-07, 4.20620040131e-07, 4.81471090552e-07, 3.27912232478e-07, 2.78631063111e-07, 2.19655369449e-08, 5.38477429313e-10, 3.06500991254e-10, 2.94490987152e-10, 2.83427475933e-10, 2.72824318692e-10, 2.63200378159e-10, 2.53872894929e-10, 2.45359815798e-10, 2.3750454381e-10, 2.30241811727e-10, 2.23667639965e-10, 2.1766786984e-10, 2.12049489079e-10, 2.07238254335e-10, 2.02720312759e-10, 1.98608629542e-10, 1.95182939255e-10, 1.92442756175e-10, 1.90077037443e-10, 1.88358759146e-10, 1.87358559223e-10],
        "min": [4.38587878553e-25, 5.52595999145e-24, 7.13256002748e-24, 2.82649158164e-24, 3.27084273005e-24, 4.57754210739e-24, 2.11508695655e-24, 8.64124152036e-24, 2.20163694909e-23, 2.54306636183e-23, 2.1102764433e-23, 2.91882069029e-23, 2.05910682291e-23, 2.50428213376e-24, 3.79663962541e-24, 1.51329916907e-23, 1.90161105873e-23, 5.17319677742e-24, 3.48233614152e-24, 1.82620451533e-24, 8.49208291154e-24, 4.4269138507e-24, 1.47172067734e-23, 1.3667179266e-23, 8.11715704481e-24, 4.28199773583e-24, 2.21499086538e-24, 5.82599337599e-24, 1.85606790986e-23, 4.43049654139e-23, 1.64362104165e-23, 9.5346209735e-24, 1.05956941113e-23, 1.54908793452e-24, 3.38976213101e-24, 1.83342413089e-23, 1.52624106331e-23, 8.76740010063e-24, 7.13732790279e-24, 3.61777101606e-23, 1.95541026806e-23, 1.13654977148e-23, 2.75018368577e-23, 5.42575730155e-24, 1.23659610915e-23, 9.33262603897e-24, 5.76606045758e-24, 4.98314401371e-24, 6.3493300114e-24, 1.04627876148e-23, 1.56175605458e-23, 1.00909414611e-23, 1.28520232602e-23, 4.62368810376e-24, 7.33449421972e-24, 7.9815116233e-24, 1.14817255223e-24, 2.68979855284e-24, 5.03643748431e-24, 5.85147752753e-24, 1.03464629746e-23, 2.67447007826e-23, 6.38772821039e-24, 6.4206710418e-24, 8.50457136853e-24, 1.25427889965e-23, 1.53600337479e-23, 2.06219474004e-23, 5.20030361585e-24, 8.07148357612e-24, 6.94184895934e-24, 5.60404420486e-24, 5.25896528491e-24, 9.77454670693e-24, 6.91724990973e-24, 1.0545872812e-23, 8.30162664547e-24, 1.35256023994e-23, 1.2538476294e-23, 1.13913731413e-23, 2.34885038469e-23, 1.41203830115e-23, 1.66458975338e-23, 1.22777459319e-23, 6.76832795918e-24, 1.90420278235e-23, 1.62995229098e-23, 1.60055728261e-23, 7.2522665144e-24, 9.23591958059e-24, 3.86445484199e-24, 6.86356082538e-24, 9.71771874504e-24, 7.06684081433e-24, 8.86632483586e-24, 1.4129647394e-23, 1.01095570007e-23, 1.54350039328e-23, 1.24981591908e-23, 1.23385931401e-23, 9.59004397411e-24, 1.18968128894e-23, 1.48057090784e-23, 1.39611530155e-23, 1.1034967362e-23, 1.22631993368e-23, 1.85185633926e-23, 1.30932656025e-23, 1.24121370646e-23, 6.24367195391e-24, 1.19667485641e-23, 1.62825229573e-23, 8.74406796163e-24, 6.2291367973e-24, 8.34680392065e-24, 7.42672468132e-24, 9.38197007745e-24, 1.39820515186e-23, 1.40939893033e-23, 1.08861179867e-23, 1.14629977672e-23, 9.42108732316e-24, 8.56059311457e-24, 9.81977762465e-24, 7.93282707253e-24, 1.15142208724e-23, 1.31038560602e-23, 9.5965820533e-24],
        "stdev": [0.000229057783145, 0.00187945645303, 0.00294092018157, 0.00326900486834, 0.00214982312173, 0.00149977637921, 0.00149210868403, 0.00121250853408, 0.00116462702863, 0.0011012625182, 0.000579761748668, 0.000513681501616, 0.00144918984734, 0.00182148767635, 0.000917562982067, 0.00102442409843, 0.00113454565872, 0.00110378058162, 0.00117223896086, 0.00103141670115, 0.000855886784848, 0.00140771339647, 0.000774293148424, 0.00132877740543, 0.000463545060484, 0.000504566822201, 0.000812771439087, 0.000680958328303, 0.000603629508987, 0.000454978609923, 0.000395795796067, 0.000259180844296, 0.000124487400171, 0.000113468500786, 0.00021599313186, 0.000147931103129, 7.37050359021e-05, 0.000229202894843, 0.000102579964732, 6.1687976995e-05, 6.82018871885e-05, 0.000104175647721, 6.13591982983e-05, 6.10824790783e-05, 5.66199669265e-05, 3.89123888453e-05, 4.78505135106e-05, 6.72719543218e-05, 3.54475014319e-05, 2.4376769943e-05, 2.4641480195e-05, 1.9830011297e-05, 4.04653765145e-05, 4.57430651295e-05, 3.19532118738e-05, 5.26052863279e-05, 3.95318202209e-05, 2.02541341423e-05, 2.11889273487e-05, 3.20942526741e-05, 2.39343462454e-05, 2.43739541474e-05, 1.5683741367e-05, 1.56464011525e-05, 3.97228468501e-05, 5.3378946177e-05, 1.7894197299e-05, 1.36635389936e-05, 1.73608095793e-05, 1.36094295158e-05, 8.38664254843e-06, 1.05399003587e-05, 8.97234804142e-06, 8.74007218954e-06, 1.12340821943e-05, 7.16421891411e-06, 8.04786759545e-06, 1.13833666546e-05, 1.14472777568e-05, 6.09588778389e-06, 6.20334503765e-06, 6.36876347926e-06, 5.71060718357e-06, 7.0200517257e-06, 7.67497203924e-06, 8.11886548036e-06, 1.36101825774e-05, 5.05965817865e-06, 4.61210038338e-06, 4.90276306664e-06, 5.21459151059e-06, 5.25143968844e-06, 5.01362228533e-06, 4.28008979725e-06, 4.10217762692e-06, 2.68533426606e-06, 2.36952791965e-06, 3.15027341458e-06, 5.11230882694e-06, 2.65546395894e-06, 9.7388112863e-07, 1.09025563688e-06, 1.64214475262e-06, 2.22257517635e-06, 1.88477906704e-06, 2.58233399109e-06, 2.08064847129e-07, 7.79397524298e-09, 6.95512802906e-09, 6.68707000884e-09, 6.43695363678e-09, 6.19691942205e-09, 5.97948668357e-09, 5.76799497054e-09, 5.57492674247e-09, 5.39668265631e-09, 5.23187804191e-09, 5.08269515365e-09, 4.94635887804e-09, 4.81888084991e-09, 4.71002925551e-09, 4.60730031904e-09, 4.51370896215e-09, 4.4360275453e-09, 4.37519176444e-09, 4.3239900549e-09, 4.28624558069e-09, 4.26371427054e-09]
    },
    "mfcc": {
        "mean": [-620.302001953, 141.64364624, -29.6016902924, 38.4555435181, -21.5270519257, 17.5227775574, -12.1817312241, 12.8501167297, -6.51407384872, 4.80784749985, -3.8834631443, 4.32846307755, -2.20555591583],
        "cov": [[5981.02246094, -602.913757324, 1633.41687012, -168.533584595, 922.067138672, -135.56854248, 216.304016113, 150.591278076, -176.535476685, 67.2859268188, -119.923408508, 285.886169434, 81.2350540161], [-602.913757324, 1512.54418945, -1365.28833008, 377.940917969, -720.329467773, 223.976913452, -279.155090332, 79.7277450562, 34.9009933472, 25.1116580963, 33.4399337769, -77.9784622192, -62.8264389038], [1633.41687012, -1365.28833008, 2121.28857422, -215.429107666, 1248.72595215, -174.561233521, 326.607055664, 70.0556793213, -146.808853149, 87.850769043, -61.1093902588, 356.286682129, 101.909843445], [-168.533584595, 377.940917969, -215.429107666, 332.604888916, -125.496383667, 157.77494812, -107.750579834, 54.8255119324, -39.084777832, 59.5757484436, -18.1438407898, 36.6366882324, -24.9832744598], [922.067138672, -720.329467773, 1248.72595215, -125.496383667, 880.200561523, -140.028503418, 234.014907837, 40.578868866, -58.6404380798, 42.9730529785, -8.18863201141, 238.139556885, 75.5976333618], [-135.56854248, 223.976913452, -174.561233521, 157.77494812, -140.028503418, 244.434677124, -77.7311477661, 88.2649612427, -73.8417510986, 42.338684082, -48.6620674133, 36.5562667847, -50.4161720276], [216.304016113, -279.155090332, 326.607055664, -107.750579834, 234.014907837, -77.7311477661, 239.068649292, -32.0193023682, 62.0430526733, -58.2862243652, 33.1665420532, -17.425994873, 27.0205211639], [150.591278076, 79.7277450562, 70.0556793213, 54.8255119324, 40.578868866, 88.2649612427, -32.0193023682, 199.775222778, -77.8566436768, 98.8757858276, -45.5410423279, 77.5456008911, -51.8787117004], [-176.535476685, 34.9009933472, -146.808853149, -39.084777832, -58.6404380798, -73.8417510986, 62.0430526733, -77.8566436768, 155.571289062, -47.6928405762, 76.3776931763, -92.325553894, 29.1738491058], [67.2859268188, 25.1116580963, 87.850769043, 59.5757484436, 42.9730529785, 42.338684082, -58.2862243652, 98.8757858276, -47.6928405762, 127.958305359, -11.574590683, 78.3416290283, -29.276638031], [-119.923408508, 33.4399337769, -61.1093902588, -18.1438407898, -8.18863201141, -48.6620674133, 33.1665420532, -45.5410423279, 76.3776931763, -11.574590683, 101.571418762, -46.2081794739, 31.526550293], [285.886169434, -77.9784622192, 356.286682129, 36.6366882324, 238.139556885, 36.5562667847, -17.425994873, 77.5456008911, -92.325553894, 78.3416290283, -46.2081794739, 240.535919189, 2.34205746651], [81.2350540161, -62.8264389038, 101.909843445, -24.9832744598, 75.5976333618, -50.4161720276, 27.0205211639, -51.8787117004, 29.1738491058, -29.276638031, 31.526550293, 2.34205746651, 96.9185714722]],
        "icov": [[0.000248742668191, -0.000320587190799, -0.000505379401147, 0.000184473086847, 0.000202323062695, 9.71537374426e-05, -1.0203142665e-05, -5.35975159437e-05, 2.22945600399e-05, 5.04614436068e-05, 0.000247611140367, 0.000162519223522, -4.64104195999e-05], [-0.000320587190799, 0.00344830960967, 0.00335263297893, -0.00219813082367, -0.00144734350033, 3.81473364541e-05, 0.000274750986136, -0.00158560206182, 7.18912197044e-05, 0.00079942739103, -0.00128806068096, -0.00164759275503, -0.000685778853949], [-0.000505379401147, 0.00335263297893, 0.00700522400439, -0.00130438059568, -0.00606068735942, -0.000483399198856, -0.00079919496784, -0.000181933035492, 0.00162018625997, -0.00160918070469, 0.000268026982667, -0.00120311032515, -0.00153585104272], [0.000184473086847, -0.00219813082367, -0.00130438059568, 0.00650316476822, -0.000183196389116, -0.00323892734013, 0.000876770471223, 0.00176478433423, -0.000538839551155, -0.00236153858714, 0.000879842147697, 0.000911505252589, -0.000232763210079], [0.000202323062695, -0.00144734350033, -0.00606068735942, -0.000183196389116, 0.00999931246042, 0.00227168272249, -0.00244415667839, -0.000909014721401, -0.00025771104265, 0.00122252304573, -0.00146500999108, -0.00260991347022, -0.000218763350858], [9.71537374426e-05, 3.81473364541e-05, -0.000483399198856, -0.00323892734013, 0.00227168272249, 0.00860568508506, -0.00108977768105, -0.00247716903687, 0.00232958560809, 0.001484890352, 0.000322886073263, -0.00126791582443, 0.000972094887402], [-1.0203142665e-05, 0.000274750986136, -0.00079919496784, 0.000876770471223, -0.00244415667839, -0.00108977768105, 0.0103153856471, -0.00227206968702, -0.00433390634134, 0.00555000593886, -0.00160832621623, 0.00141740124673, 0.00197051395662], [-5.35975159437e-05, -0.00158560206182, -0.000181933035492, 0.00176478433423, -0.000909014721401, -0.00247716903687, -0.00227206968702, 0.012096254155, 0.0021803015843, -0.00866372697055, 0.00274366349913, 0.00092868990032, 0.0020037626382], [2.22945600399e-05, 7.18912197044e-05, 0.00162018625997, -0.000538839551155, -0.00025771104265, 0.00232958560809, -0.00433390634134, 0.0021803015843, 0.0156672932208, -0.00131431943737, -0.00640923250467, 0.00178437819704, -0.00109777494799], [5.04614436068e-05, 0.00079942739103, -0.00160918070469, -0.00236153858714, 0.00122252304573, 0.001484890352, 0.00555000593886, -0.00866372697055, -0.00131431943737, 0.0201436188072, -0.00595631962642, -0.00354384747334, 0.00369688961655], [0.000247611140367, -0.00128806068096, 0.000268026982667, 0.000879842147697, -0.00146500999108, 0.000322886073263, -0.00160832621623, 0.00274366349913, -0.00640923250467, -0.00595631962642, 0.019130108878, 0.0023514253553, -0.00401944946498], [0.000162519223522, -0.00164759275503, -0.00120311032515, 0.000911505252589, -0.00260991347022, -0.00126791582443, 0.00141740124673, 0.00092868990032, 0.00178437819704, -0.00354384747334, 0.0023514253553, 0.00995224062353, -0.000839090964291], [-4.64104195999e-05, -0.000685778853949, -0.00153585104272, -0.000232763210079, -0.000218763350858, 0.000972094887402, 0.00197051395662, 0.0020037626382, -0.00109777494799, 0.00369688961655, -0.00401944946498, -0.000839090964291, 0.0154416970909]]
    },
    "spectral_contrast_coeffs": {
        "max": [-0.473719149828, -0.498360037804, -0.600636124611, -0.681907653809, -0.69136929512, -0.32551881671],
        "mean": [-0.724257469177, -0.746235668659, -0.768240451813, -0.810359597206, -0.79551923275, -0.591277897358],
        "min": [-0.969297289848, -0.96977353096, -0.979906916618, -0.959857106209, -0.971842944622, -0.959460735321],
        "stdev": [0.0651617795229, 0.0761514678597, 0.0546109750867, 0.0341740958393, 0.0336927883327, 0.0920619294047]
    },
    "spectral_contrast_valleys": {
        "max": [-5.19215106964, -5.04296684265, -4.90963172913, -5.7945599556, -5.78816652298, -8.14283561707],
        "mean": [-6.52944564819, -6.31142950058, -6.75392913818, -7.05428314209, -7.11172676086, -12.149977684],
        "min": [-27.3964195251, -27.0946674347, -27.1821937561, -27.3098335266, -27.2656135559, -27.2878570557],
        "stdev": [1.6157886982, 1.33588337898, 1.3072732687, 1.24301123619, 1.22705459595, 1.96191322803]
    }
},
"rhythm": {
    "beats_count": 35,
    "beats_loudness": {
        "max": 0.085401929915,
        "mean": 0.0364785306156,
        "min": 0.0138337034732,
        "stdev": 0.0169903095812
    },
    "bpm": 172.265625,
    "bpm_histogram_first_peak_bpm": 172,
    "bpm_histogram_first_peak_weight": 0,
    "bpm_histogram_second_peak_bpm": 167,
    "bpm_histogram_second_peak_spread": 0,
    "bpm_histogram_second_peak_weight": 0.352941185236,
    "danceability": 1.04562306404,
    "onset_rate": 2.97820472717,
    "beats_loudness_band_ratio": {
        "max": [0.749839842319, 0.570179343224, 0.735310912132, 0.733907341957, 0.155895397067, 0.138179570436],
        "mean": [0.367573559284, 0.183003231883, 0.222833409905, 0.152545139194, 0.0696961432695, 0.0638313144445],
        "min": [0.00738184899092, 0.0209420919418, 0.0175452083349, 0.027372604236, 0.0212002918124, 0.0150660770014],
        "stdev": [0.202477499843, 0.124275416136, 0.168709367514, 0.14334230125, 0.0264576114714, 0.0391998663545]
    },
    "beats_position": [0.371519267559, 0.754648506641, 1.1261677742, 1.50929701328, 1.88081634045, 2.2523355484, 2.61224484444, 2.97215414047, 3.33206343651, 3.69197273254, 4.04027223587, 4.38857126236, 4.74848079681, 5.0967798233, 5.45668935776, 5.80498838425, 6.15328788757, 6.51319694519, 6.87310647964, 7.22140598297, 7.56970500946, 7.91800451279, 8.26630401611, 8.62621307373, 8.98612213135, 9.33442115784, 9.682721138, 10.0426301956, 10.4025392532, 10.7508392334, 11.0991382599, 11.4474372864, 11.8189563751, 12.1672563553, 12.5155553818],
