{
"metadata": {
    "version": {
        "essentia": "2.1-beta5",
        "essentia_git_sha": "Undefined",
        "extractor": "music 2.0"
    },
    "audio_properties": {
        "analysis": {
            "equal_loudness": 0,
            "length": 32.4963264465,
            "sample_rate": 44100,
            "start_time": 61.4980506897,
            "downmix": "mix"
        },
        "bit_rate": 192000,
        "length": 197.00970459,
        "lossless": 0,
        "number_channels": 2,
        "replay_gain": -6.41913223267,
        "sample_rate": 48000,
        "codec": "mp3",
        "md5_encoded": "747f7054c55516f300cf197fc42af23b"
    },
    "tags": {
        "file_name": "Ireland_We_ve Got The World_Mickey Harte.mp3",
        "encoding": ["Lavf58.29.100"]
    }
},
"lowlevel": {
    "average_loudness": 0.975430905819,
    "barkbands_crest": {
        "max": 23.4250431061,
        "mean": 9.06277084351,
        "min": 2.91229152679,
        "stdev": 3.70512413979
    },
    "barkbands_flatness_db": {
        "max": 0.284478932619,
        "mean": 0.151609897614,
        "min": 0.0762214660645,
        "stdev": 0.0310138463974
    },
    "barkbands_kurtosis": {
        "max": 65.0431518555,
        "mean": 3.03016018867,
        "min": -1.91901051998,
        "stdev": 6.06110477448
    },
    "barkbands_skewness": {
        "max": 7.44035243988,
        "mean": 1.40233492851,
        "min": -1.03934526443,
        "stdev": 1.10923171043
    },
    "barkbands_spread": {
        "max": 100.225601196,
        "mean": 21.4205493927,
        "min": 3.07778263092,
        "stdev": 11.0146036148
    },
    "dissonance": {
        "max": 0.500000059605,
        "mean": 0.471198499203,
        "min": 0.373841285706,
        "stdev": 0.0196019392461
    },
    "dynamic_complexity": 1.53547155857,
    "erbbands_crest": {
        "max": 23.7113857269,
        "mean": 7.86342430115,
        "min": 2.38033556938,
        "stdev": 3.30610775948
    },
    "erbbands_flatness_db": {
        "max": 0.281937986612,
        "mean": 0.172462806106,
        "min": 0.0903433486819,
        "stdev": 0.0318881198764
    },
    "erbbands_kurtosis": {
        "max": 5.63340759277,
        "mean": -0.220992162824,
        "min": -1.59712398052,
        "stdev": 0.868297696114
    },
    "erbbands_skewness": {
        "max": 1.80369758606,
        "mean": 0.135991930962,
        "min": -2.26034903526,
        "stdev": 0.534548521042
    },
    "erbbands_spread": {
        "max": 99.6970977783,
        "mean": 38.0756988525,
        "min": 12.1654567719,
        "stdev": 14.242609024
    },
    "hfc": {
        "max": 272.614685059,
        "mean": 23.718038559,
        "min": 1.24465370178,
        "stdev": 20.1442985535
    },
    "loudness_ebu128": {
        "integrated": -16.0571308136,
        "loudness_range": 1.41773986816,
        "momentary": {
            "max": -13.9304323196,
            "mean": -16.2230949402,
            "min": -20.4215908051,
            "stdev": 1.2522572279
        },
        "short_term": {
            "max": -15.055978775,
            "mean": -16.0536422729,
            "min": -17.3674602509,
            "stdev": 0.53397077322
        }
    },
    "melbands_crest": {
        "max": 30.4352474213,
        "mean": 12.9397058487,
        "min": 3.77466225624,
        "stdev": 4.97618436813
    },
    "melbands_flatness_db": {
        "max": 0.354088574648,
        "mean": 0.179078608751,
        "min": 0.0615829154849,
        "stdev": 0.0506302006543
    },
    "melbands_kurtosis": {
        "max": 192.395858765,
        "mean": 10.9253482819,
        "min": -1.27899241447,
        "stdev": 16.5889530182
    },
    "melbands_skewness": {
        "max": 11.3857660294,
        "mean": 2.44197893143,
        "min": -0.282884806395,
        "stdev": 1.53411233425
    },
    "melbands_spread": {
        "max": 175.96887207,
        "mean": 24.6326789856,
        "min": 1.9307898283,
        "stdev": 16.2742843628
    },
    "pitch_salience": {
        "max": 0.840924143791,
        "mean": 0.580485999584,
        "min": 0.145731911063,
        "stdev": 0.106757879257
    },
    "silence_rate_20dB": {
        "max": 1,
        "mean": 1,
        "min": 1,
        "stdev": 0
    },
    "silence_rate_30dB": {
        "max": 1,
        "mean": 0.999286234379,
        "min": 0,
        "stdev": 0.0267072245479
    },
    "silence_rate_60dB": {
        "max": 0,
        "mean": 0,
        "min": 0,
        "stdev": 0
    },
    "spectral_centroid": {
        "max": 4242.19238281,
        "mean": 1361.62145996,
        "min": 302.084960938,
        "stdev": 563.201171875
    },
    "spectral_complexity": {
        "max": 54,
        "mean": 24.1691646576,
        "min": 2,
        "stdev": 7.84653139114
    },
    "spectral_decrease": {
        "max": -3.03264913182e-10,
        "mean": -7.96242183299e-09,
        "min": -4.22785646492e-08,
        "stdev": 4.58543780724e-09
    },
    "spectral_energy": {
        "max": 0.162856057286,
        "mean": 0.0322033464909,
        "min": 0.00125747884158,
        "stdev": 0.0178013350815
    },
    "spectral_energyband_high": {
        "max": 0.0309982597828,
        "mean": 0.000816514890175,
        "min": 3.29317917931e-05,
        "stdev": 0.00217943335883
    },
    "spectral_energyband_low": {
        "max": 0.112908557057,
        "mean": 0.0107592893764,
        "min": 1.07690379991e-06,
        "stdev": 0.0134083330631
    },
    "spectral_energyband_middle_high": {
        "max": 0.0347037762403,
        "mean": 0.00710942642763,
        "min": 0.000315233512083,
        "stdev": 0.00600268738344
    },
    "spectral_energyband_middle_low": {
        "max": 0.127232372761,
        "mean": 0.0149709042162,
        "min": 0.000929013185669,
        "stdev": 0.0120209502056
    },
    "spectral_entropy": {
        "max": 8.59924602509,
        "mean": 7.67141151428,
        "min": 6.8683013916,
        "stdev": 0.236614465714
    },
    "spectral_flux": {
        "max": 0.357790738344,
        "mean": 0.0973146185279,
        "min": 0.0296372380108,
        "stdev": 0.0436895005405
    },
    "spectral_kurtosis": {
        "max": 12.2007961273,
        "mean": 3.32260751724,
        "min": -0.852306127548,
        "stdev": 1.71280109882
    },
    "spectral_rms": {
        "max": 0.0126049173996,
        "mean": 0.0054072891362,
        "min": 0.00110761390533,
        "stdev": 0.00147618120536
    },
    "spectral_rolloff": {
        "max": 9087.01171875,
        "mean": 1443.38464355,
        "min": 86.1328125,
        "stdev": 1181.25036621
    },
    "spectral_skewness": {
        "max": 3.03692221642,
        "mean": 1.32034981251,
        "min": 0.174556165934,
        "stdev": 0.30289888382
    },
    "spectral_spread": {
        "max": 10777518,
        "mean": 3946158,
        "min": 2236843.5,
        "stdev": 1067252.75
    },
    "spectral_strongpeak": {
        "max": 8.52100944519,
        "mean": 0.938382923603,
        "min": 0,
        "stdev": 1.05295097828
    },
    "zerocrossingrate": {
        "max": 0.291015625,
        "mean": 0.0564775168896,
        "min": 0.0087890625,
        "stdev": 0.0276324208826
    },
    "barkbands": {
        "max": [0.00607722066343, 0.0569611787796, 0.0832697227597, 0.0593057982624, 0.067490927875, 0.0382345020771, 0.0271572954953, 0.0261570941657, 0.0240568704903, 0.0180349554867, 0.0221899449825, 0.0149557357654, 0.0189284291118, 0.018067413941, 0.0187043100595, 0.0104313138872, 0.0083909323439, 0.0104960361496, 0.00986562203616, 0.00555736524984, 0.00473879976198, 0.00441962853074, 0.00795714743435, 0.0153428921476, 0.00754806539044, 9.36197920964e-06, 6.45004411126e-06],
        "mean": [0.000175543667865, 0.00510821538046, 0.00415178015828, 0.00269243656658, 0.00497683696449, 0.00241012591869, 0.0019228241872, 0.00133320258465, 0.00140793190803, 0.00117260846309, 0.000554376922082, 0.000807842705399, 0.000772826140746, 0.000778813497163, 0.000830684031826, 0.000619173632003, 0.000581688829698, 0.000441441516159, 0.000411913031712, 0.000361058569979, 0.000178842965397, 0.000156454101671, 0.000129667081637, 0.000161411022418, 6.5544496465e-05, 8.82953372638e-08, 5.66876900976e-09],
        "min": [4.70688021892e-08, 1.5779886553e-07, 2.06740040198e-07, 1.76865160029e-06, 8.30396384117e-05, 2.45725295827e-05, 1.92692768906e-05, 1.15795419333e-05, 2.35461775446e-05, 2.20062138396e-05, 7.37665413908e-06, 1.40258307511e-05, 1.87772843674e-06, 6.72734358886e-06, 2.82817472907e-05, 1.74202305061e-05, 2.05132637348e-05, 1.7980029952e-05, 1.19022060971e-05, 7.76486194809e-06, 8.2567003119e-06, 4.90578622703e-06, 1.4496527001e-06, 3.2034713513e-06, 3.86303980804e-07, 5.17285138335e-11, 3.56368164145e-11],
        "stdev": [0.000426459155278, 0.00788274407387, 0.0074850958772, 0.00497749261558, 0.00639908621088, 0.00327419675887, 0.00277276709676, 0.00252300617285, 0.00237357150763, 0.00194811122492, 0.00110731902532, 0.00128335389309, 0.00125632761046, 0.00148995721247, 0.0013454783475, 0.000963814614806, 0.000759197748266, 0.000595951627474, 0.000599473016337, 0.000550568744075, 0.000318216654705, 0.000347695779055, 0.000454169174191, 0.000883740314748, 0.000341162638506, 4.26517033247e-07, 1.72239921881e-07]
    },
    "erbbands": {
        "max": [2.21657776833, 13.7651643753, 83.7088241577, 169.91986084, 356.053497314, 218.245346069, 328.829040527, 306.040313721, 463.822570801, 855.727478027, 522.533325195, 752.093444824, 603.313659668, 810.38885498, 342.161010742, 732.968505859, 602.694458008, 992.471130371, 1177.47521973, 577.194152832, 524.031555176, 427.387542725, 719.060180664, 194.336807251, 551.528808594, 315.419372559, 162.142333984, 179.363540649, 185.52746582, 199.238677979, 216.464752197, 365.870819092, 323.385742188, 76.2205123901, 66.2274169922, 2.53584527969, 0.0764346271753, 0.00594425573945, 0.000930406793486, 0.000313262687996],
        "mean": [0.138190850616, 1.20649063587, 4.44675731659, 7.27505540848, 12.8547744751, 16.6224021912, 20.6251411438, 17.8688697815, 26.4862880707, 27.4896564484, 30.8372535706, 35.1122550964, 28.0737476349, 38.469329834, 24.9132232666, 35.3652267456, 36.5949897766, 39.0943374634, 47.1364707947, 37.3135681152, 35.8490447998, 29.7488517761, 25.7724971771, 17.7353668213, 25.3978385925, 16.9476280212, 7.80691051483, 7.22414398193, 5.79228544235, 4.12357759476, 3.6806333065, 3.54258775711, 2.46600461006, 0.950892686844, 0.390272259712, 0.021865632385, 0.000644420972094, 5.68971918256e-05, 2.58864965872e-05, 4.00573808292e-05],
        "min": [2.89564286504e-06, 4.64937911602e-05, 0.000218562534428, 0.00374455773272, 0.0413592457771, 0.257738739252, 0.326495438814, 0.362740546465, 0.408185631037, 0.54971152544, 0.884132325649, 1.11551117897, 1.14411985874, 0.905648469925, 0.411276906729, 0.77220082283, 0.181325480342, 0.334215521812, 1.82003295422, 1.55592000484, 1.0842833519, 1.42479240894, 1.25884521008, 0.851705431938, 0.397850543261, 0.358128249645, 0.488064348698, 0.215939089656, 0.201999723911, 0.0972097814083, 0.047026745975, 0.0654401630163, 0.0382839553058, 0.00889997649938, 0.00114805763587, 6.45565742161e-05, 6.8937197284e-06, 1.55070665642e-06, 1.60283786954e-06, 1.63163520028e-06],
        "stdev": [0.275612413883, 1.74984240532, 7.31233787537, 12.454580307, 22.530046463, 22.7442932129, 28.7391033173, 22.8443317413, 38.2419319153, 53.0512084961, 52.0971565247, 66.6355133057, 42.0685806274, 67.3018188477, 36.6887588501, 58.8999481201, 50.9418983459, 75.0615158081, 78.161819458, 54.4518661499, 52.4592590332, 35.3985366821, 36.376209259, 20.2395153046, 39.4450187683, 25.8226528168, 11.3121681213, 13.2852172852, 12.8563308716, 11.8226490021, 13.0232925415, 18.0148429871, 14.7569169998, 4.78591823578, 2.41606330872, 0.105645209551, 0.00314419833012, 0.000271683122264, 4.87333163619e-05, 2.42742080445e-05]
    },
    "gfcc": {
        "mean": [13.4342937469, 121.022285461, -148.54045105, 51.8855133057, -69.4595565796, 19.7312202454, -42.4842910767, 3.32331514359, -16.8615245819, -10.3874111176, -3.15046930313, -16.4545230865, 1.90196824074],
        "cov": [[960.720458984, -325.737335205, 98.3484725952, 87.4820327759, -114.768257141, 14.1666851044, -52.829864502, 65.2299575806, -58.6206359863, 81.5634231567, -28.9377670288, 11.869931221, -42.6739463806], [-325.737335205, 551.461486816, 66.1228561401, -25.8811988831, 138.26600647, -72.0610122681, 116.850379944, -21.8694934845, 75.8256759644, -33.6105804443, 68.2095489502, -28.3597927094, 16.9553012848], [98.3484725952, 66.1228561401, 745.067138672, 184.959121704, 19.5066356659, 139.985824585, -84.4189071655, 63.5807762146, -0.506552517414, 70.3039703369, -22.5008544922, 35.3959465027, -11.1871967316], [87.4820327759, -25.8811988831, 184.959121704, 163.697036743, 44.7926216125, 39.0698280334, -3.58175039291, 26.3063774109, 19.451007843, 33.0701179504, -1.92220211029, 9.58051300049, 14.9898548126], [-114.768257141, 138.26600647, 19.5066356659, 44.7926216125, 173.385955811, 37.7368621826, 50.2769966125, 32.5015830994, 53.4122924805, 11.6220588684, 5.39381885529, -13.7057285309, 24.7713718414], [14.1666851044, -72.0610122681, 139.985824585, 39.0698280334, 37.7368621826, 172.880584717, 51.6012954712, 39.4757614136, 12.1618976593, 27.8684005737, -11.8895435333, 12.3431539536, -0.234208345413], [-52.829864502, 116.850379944, -84.4189071655, -3.58175039291, 50.2769966125, 51.6012954712, 192.015640259, 30.4345874786, 36.4223175049, 4.33636617661, 45.8800315857, -6.2727894783, 7.25648450851], [65.2299575806, -21.8694934845, 63.5807762146, 26.3063774109, 32.5015830994, 39.4757614136, 30.4345874786, 93.2996520996, 38.8343391418, 44.9971389771, 7.89291286469, 7.15259361267, 4.24844455719], [-58.6206359863, 75.8256759644, -0.506552517414, 19.451007843, 53.4122924805, 12.1618976593, 36.4223175049, 38.8343391418, 100.895042419, 43.1430053711, 21.1487636566, -8.93316173553, 14.2484741211], [81.5634231567, -33.6105804443, 70.3039703369, 33.0701179504, 11.6220588684, 27.8684005737, 4.33636617661, 44.9971389771, 43.1430053711, 105.231842041, 28.0046463013, -2.66686558723, -0.324428260326], [-28.9377670288, 68.2095489502, -22.5008544922, -1.92220211029, 5.39381885529, -11.8895435333, 45.8800315857, 7.89291286469, 21.1487636566, 28.0046463013, 84.0017471313, 26.8624973297, 9.49191474915], [11.869931221, -28.3597927094, 35.3959465027, 9.58051300049, -13.7057285309, 12.3431539536, -6.2727894783, 7.15259361267, -8.93316173553, -2.66686558723, 26.8624973297, 87.6750946045, 23.861333847], [-42.6739463806, 16.9553012848, -11.1871967316, 14.9898548126, 24.7713718414, -0.234208345413, 7.25648450851, 4.24844455719, 14.2484741211, -0.324428260326, 9.49191474915, 23.861333847, 55.0972557068]],
        "icov": [[0.00167715223506, 0.000646966684144, -3.51672897523e-05, -0.00090113223996, 0.000578219129238, 0.000814093509689, -0.000528295699041, -0.00106990069617, 0.0010929366108, -0.00119298859499, 0.000582105712965, -0.000241135072429, 0.000947973981965], [0.000646966684144, 0.0105975829065, -0.0066991681233, 0.00706272851676, -0.00807870924473, 0.0101164020598, -0.00833836570382, 0.00626128911972, -0.00607792893425, 0.00490923644975, -0.00500678643584, 0.00266284029931, -0.000441315351054], [-3.51672897523e-05, -0.0066991681233, 0.00693853758276, -0.00721760233864, 0.0054987356998, -0.00824953336269, 0.00699547678232, -0.00523601938039, 0.00453768111765, -0.00362181453966, 0.00285273394547, -0.00219611288048, 0.0016467703972], [-0.00090113223996, 0.00706272851676, -0.00721760233864, 0.0155366631225, -0.00811193790287, 0.00734149478376, -0.00641609495506, 0.00586478039622, -0.00526874139905, 0.00253738858737, -0.00279098353349, 0.00169586844277, -0.00336888735183], [0.000578219129238, -0.00807870924473, 0.0054987356998, -0.00811193790287, 0.0154072446749, -0.00893796235323, 0.00562141416594, -0.00708139827475, 0.00227459566668, -0.00266228569672, 0.00389529648237, 0.000194437336177, -0.0022611154709], [0.000814093509689, 0.0101164020598, -0.00824953336269, 0.00734149478376, -0.00893796235323, 0.0195176526904, -0.0124627053738, 0.00542278727517, -0.00469125295058, 0.00162624008954, 0.00039076176472, -0.000482251984067, 0.000533956452273], [-0.000528295699041, -0.00833836570382, 0.00699547678232, -0.00641609495506, 0.00562141416594, -0.0124627053738, 0.016284795478, -0.00777999917045, 0.00364721380174, -0.000206418611924, -0.00315775698982, 0.000907160865609, 0.000404331542086], [-0.00106990069617, 0.00626128911972, -0.00523601938039, 0.00586478039622, -0.00708139827475, 0.00542278727517, -0.00777999917045, 0.0220588631928, -0.00836399290711, -0.00185394729488, -0.000131812426844, -0.00142693205271, -9.09230366233e-05], [0.0010929366108, -0.00607792893425, 0.00453768111765, -0.00526874139905, 0.00227459566668, -0.00469125295058, 0.00364721380174, -0.00836399290711, 0.0210731551051, -0.00896694231778, 0.00218750885688, 0.000285720889224, -0.00180937710684], [-0.00119298859499, 0.00490923644975, -0.00362181453966, 0.00253738858737, -0.00266228569672, 0.00162624008954, -0.000206418611924, -0.00185394729488, -0.00896694231778, 0.021070420742, -0.0111538274214, 0.00573527254164, -0.000605756533332], [0.000582105712965, -0.00500678643584, 0.00285273394547, -0.00279098353349, 0.00389529648237, 0.00039076176472, -0.00315775698982, -0.000131812426844, 0.00218750885688, -0.0111538274214, 0.0247026234865, -0.010324165225, 0.00159068941139], [-0.000241135072429, 0.00266284029931, -0.00219611288048, 0.00169586844277, 0.000194437336177, -0.000482251984067, 0.000907160865609, -0.00142693205271, 0.000285720889224, 0.00573527254164, -0.010324165225, 0.0189561955631, -0.00848341733217], [0.000947973981965, -0.000441315351054, 0.0016467703972, -0.00336888735183, -0.0022611154709, 0.000533956452273, 0.000404331542086, -9.09230366233e-05, -0.00180937710684, -0.000605756533332, 0.00159068941139, -0.00848341733217, 0.0251075644046]]
    },
    "melbands": {
        "max": [0.016514999792, 0.029974527657, 0.0281039737165, 0.0175508018583, 0.00864640902728, 0.00638294219971, 0.00651808874682, 0.00831216480583, 0.00344113027677, 0.00478216307238, 0.0030312736053, 0.00316728814505, 0.00159091525711, 0.00176998320967, 0.000993764260784, 0.00189788406715, 0.00185232097283, 0.00186192605179, 0.00060901674442, 0.00085065967869, 0.000591470510699, 0.000528277829289, 0.000558702100534, 0.000387066043913, 0.000169378399733, 0.000639908597805, 0.000323466287227, 0.000207149627386, 6.96496936143e-05, 0.000145086291013, 9.55275827437e-05, 0.000116626208182, 7.74961372372e-05, 0.000127715626149, 0.00010656088125, 0.000173695370904, 0.000239428904024, 0.000282673252514, 0.000116087023343, 4.68156504212e-05],
        "mean": [0.00132361857686, 0.00205017300323, 0.00142691319343, 0.00109402812086, 0.000723214179743, 0.000415915157646, 0.000404615275329, 0.000295459874906, 0.00025322654983, 0.000205942007597, 0.000137640236062, 0.000161850301083, 8.09072516859e-05, 9.37698787311e-05, 8.21243083919e-05, 7.65992954257e-05, 7.01696990291e-05, 7.54790962674e-05, 5.4497482779e-05, 4.30433610745e-05, 4.35474976257e-05, 3.15792312904e-05, 2.73492369161e-05, 2.03684776352e-05, 1.30819207698e-05, 1.63958848134e-05, 1.89614984265e-05, 9.25829954213e-06, 4.73732870887e-06, 4.22375160269e-06, 4.24641802965e-06, 3.53203859049e-06, 2.482399168e-06, 2.19512025978e-06, 2.06911931855e-06, 2.1626567559e-06, 2.16036210077e-06, 1.88194280781e-06, 1.17545482681e-06, 6.74655836974e-07],
        "min": [4.36857483521e-08, 1.16565622932e-07, 1.18969728646e-06, 1.35831205625e-05, 1.32964723889e-05, 5.98529868512e-06, 5.00326268593e-06, 5.73081115363e-06, 6.01252759225e-06, 5.41821646038e-06, 3.75358331439e-06, 3.42409930454e-06, 1.4116985767e-06, 1.66571635418e-06, 1.29014563299e-06, 2.1435413089e-07, 6.02161208008e-07, 2.0212594336e-06, 1.93850769392e-06, 1.18544357974e-06, 1.06463983229e-06, 1.04976959392e-06, 7.98076939645e-07, 8.78790274328e-07, 5.90904960518e-07, 2.42400233219e-07, 3.09633463758e-07, 1.9503939086e-07, 3.51657348574e-07, 1.8332674756e-07, 5.6937061288e-08, 1.16879434131e-07, 8.54083381796e-08, 4.37495479844e-08, 2.34628672047e-08, 3.9563033738e-08, 4.03046875874e-08, 2.83094152564e-08, 1.12289804122e-08, 3.94860233399e-09],
        "stdev": [0.00225875596516, 0.00290819187649, 0.00230530463159, 0.00154100114014, 0.000926213630009, 0.000536806532182, 0.000572712800931, 0.000563683279324, 0.000398204225348, 0.000386250088923, 0.000222301518079, 0.000287344882963, 0.000135877300636, 0.000147470607772, 0.00011539823754, 0.0001288302592, 0.000144568315591, 0.000134238580358, 8.05393501651e-05, 7.19415183994e-05, 6.50654401397e-05, 4.15386130044e-05, 3.62179125659e-05, 2.78627121588e-05, 1.6406424038e-05, 2.764947385e-05, 3.23198291881e-05, 1.51164085764e-05, 6.32721275906e-06, 8.54615609569e-06, 7.74170075601e-06, 7.65823187976e-06, 6.64549543217e-06, 6.6799502747e-06, 6.8986023507e-06, 9.5020268418e-06, 1.17877125376e-05, 1.19779106171e-05, 6.50551146464e-06, 3.28138389705e-06]
    },
    "melbands128": {
        "max": [0.00493300519884, 0.0193093121052, 0.0264777094126, 0.0276285111904, 0.0434950739145, 0.0429592840374, 0.0378036126494, 0.0377839282155, 0.0438634306192, 0.026369234547, 0.0129762254655, 0.0129139861092, 0.0138288866729, 0.0146849062294, 0.0104421395808, 0.00534496549517, 0.00803292356431, 0.0114307142794, 0.00932105164975, 0.0163486711681, 0.00755683938041, 0.00982336141169, 0.00645648874342, 0.00657625170425, 0.00762794166803, 0.00540116010234, 0.00337508763187, 0.00613000430167, 0.00559222931042, 0.00557024497539, 0.00598664954305, 0.00503620412201, 0.00255708140321, 0.00161526107695, 0.00155947124586, 0.00350849051028, 0.00285239191726, 0.00155944959261, 0.00165155169088, 0.00283112260513, 0.00226198532619, 0.00541059114039, 0.0029117227532, 0.00400076946244, 0.00300397514366, 0.0035563914571, 0.00250936090015, 0.00146810116712, 0.00120001903269, 0.00169195537455, 0.0014125937596, 0.00221425294876, 0.0012972682016, 0.000948978937231, 0.000785506039392, 0.000645501830149, 0.000395855429815, 0.000545817194507, 0.000915231183171, 0.00143917952664, 0.000371268484741, 0.000493105791975, 0.000251920340816, 0.000260745262494, 0.000284253212158, 0.00126113521401, 0.000411275599618, 0.000948264671024, 0.000643277540803, 0.00038255736581, 0.000365678541129, 0.000115543174616, 8.99599981494e-05, 7.96349049779e-05, 0.000163714925293, 0.000157500966452, 0.000162133612321, 0.000134435802465, 0.000135273658088, 8.51707009133e-05, 0.000122220822959, 0.000146516584209, 0.000130627959152, 0.000121841352666, 8.51490840432e-05, 0.000178008689545, 0.00011385603284, 9.53806811594e-05, 0.000114560374641, 0.000125157661387, 0.000202548049856, 0.00016635080101, 0.000344057771144, 0.000335922086379, 0.000198707610252, 0.000236787571339, 0.000408350548241, 0.000185141121619, 0.00019116968906, 6.97669165675e-05, 7.26491125533e-05, 4.86183307657e-05, 7.36252113711e-05, 0.00016795778356, 0.000105231549242, 2.80077492789e-05, 4.80959715787e-06, 2.79727203178e-07, 4.73861092587e-08, 4.38285461257e-08, 4.1141895224e-08, 3.89875012274e-08, 3.70969246433e-08, 3.54031151062e-08, 3.39984893571e-08, 3.26605231749e-08, 3.15243298132e-08, 3.04526857065e-08, 2.94468343043e-08, 2.86272747729e-08, 2.78339022941e-08, 2.71511133576e-08, 2.65889745776e-08, 2.61059174278e-08, 2.57139767257e-08, 2.53353746871e-08, 2.51073295487e-08, 2.4958074718e-08],
        "mean": [0.00015601371706, 0.00101364112925, 0.00178232579492, 0.00198626122437, 0.00230501289479, 0.00192646670621, 0.00144062424079, 0.00134792143945, 0.001278470736, 0.0012203254737, 0.000867351831403, 0.000741825730074, 0.000744796649087, 0.000623904168606, 0.000382452766644, 0.000322732375935, 0.000363895494957, 0.000504072289914, 0.000323474465404, 0.000321449537296, 0.000248884811299, 0.000289597955998, 0.000229980316362, 0.000235832601902, 0.000308361835778, 0.00012506575149, 0.000145455516758, 0.000118979529361, 0.000144573670696, 0.000224863135372, 0.00014545803424, 8.41899091029e-05, 9.24136329559e-05, 5.37508167326e-05, 8.77385609783e-05, 0.000112546505989, 0.000102070298453, 5.3211057093e-05, 0.000101790574263, 8.23980008136e-05, 5.47636991541e-05, 9.242563101e-05, 7.82378920121e-05, 4.73520813102e-05, 7.28828163119e-05, 8.18344560685e-05, 8.81861997186e-05, 3.91307366954e-05, 4.65853263449e-05, 6.3096624217e-05, 3.42767489201e-05, 3.4583514207e-05, 4.11711771449e-05, 5.287030217e-05, 4.11436194554e-05, 2.55925315287e-05, 2.43858303293e-05, 3.38147110597e-05, 2.55938321061e-05, 2.19522098632e-05, 2.14454157685e-05, 1.88848371181e-05, 1.24311609397e-05, 1.19267988339e-05, 1.2940857232e-05, 1.30252501549e-05, 2.1236422981e-05, 2.32152378885e-05, 1.80344686669e-05, 1.42620201586e-05, 1.03416159618e-05, 5.81075300943e-06, 5.13496752319e-06, 4.42032205683e-06, 4.43381486548e-06, 4.29788406109e-06, 4.14498390455e-06, 4.0511899897e-06, 4.29214651376e-06, 4.46891635875e-06, 3.80861433769e-06, 3.17733633892e-06, 2.69497559202e-06, 2.43798785959e-06, 2.26048018703e-06, 2.28998578677e-06, 2.17280739889e-06, 1.95641382561e-06, 2.1713510705e-06, 1.96503037841e-06, 2.1959708647e-06, 2.15258137359e-06, 2.25526946451e-06, 2.30086220654e-06, 1.9302281089e-06, 2.07440098166e-06, 1.86948170722e-06, 1.67175448951e-06, 1.27553164475e-06, 8.60579291384e-07, 7.39915492431e-07, 6.55226415347e-07, 5.54532732622e-07, 7.00389705344e-07, 5.12737528879e-07, 3.19537605264e-07, 8.94276865893e-08, 4.06127931285e-09, 4.28784091566e-11, 3.83061256326e-11, 3.60115548492e-11, 3.43291541027e-11, 3.292482606e-11, 3.17294870933e-11, 3.02266545127e-11, 2.87555205342e-11, 2.76864833143e-11, 2.67506537754e-11, 2.58952321391e-11, 2.51726695044e-11, 2.44814203632e-11, 2.3896684978e-11, 2.3404486682e-11, 2.29746586339e-11, 2.25823283684e-11, 2.21627004943e-11, 2.19126643913e-11, 2.17762856358e-11],
        "min": [4.84039697213e-09, 1.0739335643e-08, 5.47147642749e-08, 7.98953010417e-08, 3.80684497259e-08, 1.38375980896e-07, 5.36815889518e-07, 1.01321290913e-06, 2.38105621975e-06, 3.48808680428e-06, 1.73807961801e-06, 6.351588695e-07, 5.37718869964e-06, 4.01273291573e-06, 1.06990546556e-06, 1.79365571285e-07, 8.18773287392e-07, 5.91953835283e-07, 1.58182024279e-06, 1.01404589259e-06, 9.77776267064e-07, 1.23531299323e-06, 9.61200612437e-07, 7.34160380489e-07, 4.46097942586e-07, 1.71460754927e-07, 5.49590254195e-07, 6.02288594109e-07, 1.71998442511e-06, 1.49143420458e-06, 8.29651980894e-07, 9.45356191551e-07, 3.52726459596e-07, 7.09202254257e-07, 4.1847653165e-07, 3.3424959156e-07, 7.46374212213e-07, 4.00617921059e-07, 2.02486404532e-07, 2.12293258528e-07, 1.24776747157e-07, 3.44873399172e-07, 6.49987669021e-07, 7.89240061749e-07, 4.77142407362e-07, 8.15519911157e-07, 6.39005634184e-07, 7.80964853675e-07, 4.36551061966e-07, 3.55189712309e-07, 4.57315735503e-07, 4.59294994926e-07, 3.35188531153e-07, 4.22816327728e-07, 5.89551291341e-07, 1.93975495222e-07, 6.90268620929e-07, 5.68275027035e-07, 4.74383995197e-07, 5.02865418639e-07, 6.31539876395e-07, 4.91484911436e-07, 2.1743916534e-07, 2.75125955795e-07, 3.62603230997e-07, 1.24640408217e-07, 1.05262856209e-07, 3.0692240216e-07, 3.20560474165e-07, 1.33839051841e-07, 2.30946454849e-07, 1.52653100827e-07, 1.8761036813e-07, 1.64112520906e-07, 1.26474091644e-07, 1.01289593601e-07, 4.08731608559e-08, 3.24895879089e-08, 6.73351649993e-08, 6.36615880012e-08, 6.16074871118e-08, 6.03081886652e-08, 4.66504772589e-08, 5.53418644245e-08, 6.57185310615e-08, 3.79972853182e-08, 3.53434970179e-08, 3.09959489186e-08, 1.77652221822e-08, 1.1064555494e-08, 1.31665247594e-08, 1.70907767938e-08, 2.32825172475e-08, 3.82553011491e-08, 2.20641158677e-08, 1.34441959787e-08, 1.65377578298e-08, 1.59639377273e-08, 8.43867109523e-09, 7.03172409189e-09, 2.63189803285e-09, 2.00069250056e-09, 1.5890351257e-09, 1.50965351331e-09, 9.01127450437e-10, 3.81617654144e-10, 1.75038858408e-10, 6.90010006597e-13, 1.36237538178e-13, 1.16025407598e-13, 1.09552225961e-13, 1.32901420988e-13, 1.15059735828e-13, 1.2420502181e-13, 1.02325232434e-13, 1.12873157544e-13, 9.11235808489e-14, 1.1947249288e-13, 1.17927165971e-13, 1.23504098658e-13, 1.09539683097e-13, 9.64891957566e-14, 1.36489669393e-13, 1.24262376105e-13, 9.85541062279e-14, 3.60539472355e-14, 5.38316373628e-15, 1.9497954645e-16],
        "stdev": [0.000390526663978, 0.00233149691485, 0.00340433674864, 0.00298900296912, 0.00374710513279, 0.00358506361954, 0.00268778367899, 0.00261387880892, 0.00267225457355, 0.00211379420944, 0.00140352046583, 0.00125391467009, 0.00126871094108, 0.00102343491744, 0.000639149686322, 0.000635581091046, 0.000647661276162, 0.000966207589954, 0.000624686770607, 0.000934140523896, 0.000626338005532, 0.000730270636268, 0.000526970776264, 0.000521251815371, 0.000786934047937, 0.000296237441944, 0.000286177819362, 0.00029044089024, 0.000408040330512, 0.000447459548013, 0.000377832911909, 0.000207932156627, 0.000199467292987, 0.000124329264509, 0.000158711423865, 0.000234150415054, 0.000248526164796, 0.000109253065602, 0.00018688129785, 0.000174607775989, 0.000143280325574, 0.000304079585476, 0.000226441829, 0.00016139386571, 0.000204659954761, 0.00020483105618, 0.000195790300495, 0.00010336691048, 9.89906402538e-05, 0.000136882445076, 8.22757938295e-05, 0.000107870539068, 8.32279911265e-05, 9.34697236517e-05, 7.48754973756e-05, 4.65647681267e-05, 3.93249283661e-05, 5.01919821545e-05, 4.93997868034e-05, 6.05067507422e-05, 3.35575277859e-05, 2.98642662528e-05, 2.01645088964e-05, 1.97413737624e-05, 2.22493581532e-05, 4.0186674596e-05, 3.95800852857e-05, 5.89380470046e-05, 4.52540080005e-05, 2.84519483102e-05, 2.32124348258e-05, 9.60056604526e-06, 7.11727989255e-06, 6.29856322121e-06, 8.9933637355e-06, 9.15266809898e-06, 9.89802629192e-06, 8.31300349091e-06, 8.80868537934e-06, 8.38894902699e-06, 8.93655942491e-06, 7.99606004875e-06, 7.61738874644e-06, 7.43094778954e-06, 6.21397066425e-06, 8.11289646663e-06, 6.70106965117e-06, 6.0033689806e-06, 7.25577001504e-06, 7.75658463681e-06, 9.72332782112e-06, 9.52631580731e-06, 1.27790308397e-05, 1.40253587233e-05, 1.05568942672e-05, 1.34536658152e-05, 1.40150978041e-05, 1.03109996417e-05, 7.67489655118e-06, 4.52827134723e-06, 3.7718114072e-06, 3.2872412703e-06, 3.02902731164e-06, 5.74605519432e-06, 3.72617773792e-06, 1.283299639e-06, 3.18819616041e-07, 1.70886842454e-08, 1.26540988798e-09, 1.17039844483e-09, 1.09864661813e-09, 1.04111685939e-09, 9.90661441769e-10, 9.45469813551e-10, 9.0790042151e-10, 8.72159011678e-10, 8.41816172326e-10, 8.13199729777e-10, 7.8633616285e-10, 7.6445344499e-10, 7.43266892478e-10, 7.25033144633e-10, 7.10022041162e-10, 6.9712385864e-10, 6.86655454718e-10, 6.76549871681e-10, 6.70462407815e-10, 6.66476929201e-10]
    },
    "mfcc": {
        "mean": [-607.19519043, 124.147171021, -10.0783071518, 23.727388382, 3.61971998215, 6.05179738998, -3.52917146683, 3.229170084, -5.29695129395, 3.38563132286, -3.97129845619, -0.212147504091, -4.20515727997],
        "cov": [[977.063293457, -377.129821777, -35.9306221008, 4.0735707283, -88.2438278198, -53.6953277588, -4.92898416519, -48.6297531128, -21.6033287048, -8.95935726166, 17.3408069611, 15.1024885178, -2.12102007866], [-377.129821777, 551.34564209, -28.1447105408, 68.7580413818, 18.6384601593, 2.07380580902, 22.2939910889, 38.6902809143, -6.46077919006, 32.5461044312, 29.9295082092, 10.4746685028, -1.43181920052], [-35.9306221008, -28.1447105408, 651.351074219, 74.1898574829, 140.937149048, 63.2121162415, 13.9579114914, -4.62262630463, 16.8449459076, -12.1920900345, 40.3455924988, 19.8130111694, -11.4853181839], [4.0735707283, 68.7580413818, 74.1898574829, 162.213241577, 56.4222145081, -1.41506588459, -1.32152545452, -9.71415615082, 12.0093717575, 15.5700588226, 3.61538958549, 23.099943161, 11.4142150879], [-88.2438278198, 18.6384601593, 140.937149048, 56.4222145081, 185.824905396, 28.7260875702, -17.2978610992, -7.52618741989, 46.4623908997, 21.8478660583, 3.16534972191, -8.03822994232, 10.431520462], [-53.6953277588, 2.07380580902, 63.2121162415, -1.41506588459, 28.7260875702, 110.216621399, 49.1809082031, 29.8266735077, 35.3280296326, 14.278711319, 23.2304668427, 2.62624549866, -3.77498316765], [-4.92898416519, 22.2939910889, 13.9579114914, -1.32152545452, -17.2978610992, 49.1809082031, 115.078918457, 42.2787513733, 16.5873222351, 19.7308807373, 31.5144863129, 9.18710327148, -12.7817993164], [-48.6297531128, 38.6902809143, -4.62262630463, -9.71415615082, -7.52618741989, 29.8266735077, 42.2787513733, 103.171852112, 25.4575634003, -16.6121349335, 8.30192565918, 0.936418473721, 11.8075408936], [-21.6033287048, -6.46077919006, 16.8449459076, 12.0093717575, 46.4623908997, 35.3280296326, 16.5873222351, 25.4575634003, 95.8580474854, 44.4573707581, 20.2405815125, -6.50850248337, 4.64971923828], [-8.95935726166, 32.5461044312, -12.1920900345, 15.5700588226, 21.8478660583, 14.278711319, 19.7308807373, -16.6121349335, 44.4573707581, 106.528770447, 46.1061019897, 12.1628570557, -0.595031619072], [17.3408069611, 29.9295082092, 40.3455924988, 3.61538958549, 3.16534972191, 23.2304668427, 31.5144863129, 8.30192565918, 20.2405815125, 46.1061019897, 89.1784515381, 37.2456207275, -1.88169944286], [15.1024885178, 10.4746685028, 19.8130111694, 23.099943161, -8.03822994232, 2.62624549866, 9.18710327148, 0.936418473721, -6.50850248337, 12.1628570557, 37.2456207275, 71.631729126, 23.7104415894], [-2.12102007866, -1.43181920052, -11.4853181839, 11.4142150879, 10.431520462, -3.77498316765, -12.7817993164, 11.8075408936, 4.64971923828, -0.595031619072, -1.88169944286, 23.7104415894, 66.40574646]],
        "icov": [[0.0016565421829, 0.00126185023692, 7.94103179942e-05, -0.000906294502784, 0.000746101490222, 0.000761329487432, -0.000275186408544, 0.000279167114059, 0.000111929148261, 0.000155241810717, -0.00120843760669, 0.000482413830468, -0.000139835115988], [0.00126185023692, 0.00314109260216, 0.000315812823828, -0.00177986524068, 0.000217430846533, 0.000633220828604, -2.49442473432e-05, -0.00130569050089, 0.00147876120172, -0.000890569237527, -0.00163238216192, 0.000837268598843, 0.000241061730776], [7.94103179942e-05, 0.000315812823828, 0.00217493576929, -0.000706898688804, -0.00158423138782, -0.000804855779279, -9.94335423457e-05, 0.00022515814635, 0.000463630538434, 0.00119606475346, -0.0014132844517, -0.000222410337301, 0.000668575870804], [-0.000906294502784, -0.00177986524068, -0.000706898688804, 0.0087999207899, -0.00239516724832, 0.000725008605514, -0.000779579509981, 0.000958188727964, -0.00116913265083, -0.000590702577028, 0.00305459043011, -0.00398692535236, -1.8458964405e-05], [0.000746101490222, 0.000217430846533, -0.00158423138782, -0.00239516724832, 0.0091527570039, -0.00124521495309, 0.0018591551343, 0.00117100146599, -0.00333332992159, -0.000529057288077, -0.000133799039759, 0.00228775851429, -0.00178471102845], [0.000761329487432, 0.000633220828604, -0.000804855779279, 0.000725008605514, -0.00124521495309, 0.0139795225114, -0.00510532548651, -0.000836632156279, -0.00327662634663, 0.000862074375618, -0.00144833000377, 1.83898464456e-05, 0.000120084434457], [-0.000275186408544, -2.49442473432e-05, -9.94335423457e-05, -0.000779579509981, 0.0018591551343, -0.00510532548651, 0.0143487788737, -0.00557782454416, 0.00155561137944, -0.00299581489526, -0.00161464582197, -0.000642607628834, 0.00332676945254], [0.000279167114059, -0.00130569050089, 0.00022515814635, 0.000958188727964, 0.00117100146599, -0.000836632156279, -0.00557782454416, 0.016406044364, -0.00648077391088, 0.00714708166197, -0.00187005288899, 0.00100413686596, -0.00426096422598], [0.000111929148261, 0.00147876120172, 0.000463630538434, -0.00116913265083, -0.00333332992159, -0.00327662634663, 0.00155561137944, -0.00648077391088, 0.0193155743182, -0.00831918232143, -0.00130224775057, 0.00371110974811, -0.000683257938363], [0.000155241810717, -0.000890569237527, 0.00119606475346, -0.000590702577028, -0.000529057288077, 0.000862074375618, -0.00299581489526, 0.00714708166197, -0.00831918232143, 0.0184248462319, -0.0080936299637, 0.000884364824742, -0.00121868483257], [-0.00120843760669, -0.00163238216192, -0.0014132844517, 0.00305459043011, -0.000133799039759, -0.00144833000377, -0.00161464582197, -0.00187005288899, -0.00130224775057, -0.0080936299637, 0.0232143588364, -0.0119949476793, 0.00407645199448], [0.000482413830468, 0.000837268598843, -0.000222410337301, -0.00398692535236, 0.00228775851429, 1.83898464456e-05, -0.000642607628834, 0.00100413686596, 0.00371110974811, 0.000884364824742, -0.0119949476793, 0.0249735470861, -0.00948900356889], [-0.000139835115988, 0.000241061730776, 0.000668575870804, -1.8458964405e-05, -0.00178471102845, 0.000120084434457, 0.00332676945254, -0.00426096422598, -0.000683257938363, -0.00121868483257, 0.00407645199448, -0.00948900356889, 0.0204041544348]]
    },
    "spectral_contrast_coeffs": {
        "max": [-0.412985414267, -0.490502417088, -0.551619052887, -0.617759406567, -0.654926538467, -0.625729680061],
        "mean": [-0.697566986084, -0.744978189468, -0.77605265379, -0.791916489601, -0.791217505932, -0.754850149155],
        "min": [-0.862640023232, -0.907023251057, -0.904869019985, -0.888801157475, -0.873353362083, -0.844637453556],
        "stdev": [0.074762262404, 0.0710325166583, 0.0572546422482, 0.0458920262754, 0.035911154002, 0.0348619148135]
    },
    "spectral_contrast_valleys": {
        "max": [-4.78707075119, -5.07293462753, -5.29765319824, -5.93091249466, -5.55197238922, -7.21184206009],
        "mean": [-6.32397270203, -6.4115447998, -6.91644906998, -7.00597667694, -7.08714675903, -10.0114898682],
        "min": [-8.09240722656, -7.7811255455, -8.16627502441, -8.24234771729, -8.14230728149, -11.37703228],
        "stdev": [0.582214236259, 0.428229570389, 0.445514649153, 0.346516281366, 0.394030570984, 0.624338924885]
    }
},
"rhythm": {
    "beats_count": 55,
    "beats_loudness": {
        "max": 0.0896076261997,
        "mean": 0.0430137552321,
        "min": 0.00541254505515,
        "stdev": 0.0178632065654
    },
    "bpm": 103.471481323,
    "bpm_histogram_first_peak_bpm": 103,
    "bpm_histogram_first_peak_weight": 0.346938788891,
    "bpm_histogram_second_peak_bpm": 98,
    "bpm_histogram_second_peak_spread": 0,
    "bpm_histogram_second_peak_weight": 0.074074074626,
    "danceability": 1.26846277714,
    "onset_rate": 3.32226538658,
    "beats_loudness_band_ratio": {
        "max": [0.931195318699, 0.56899702549, 0.468700587749, 0.704913020134, 0.380976289511, 0.215610519052],
        "mean": [0.532210469246, 0.148908436298, 0.128208622336, 0.111028410494, 0.0766852274537, 0.0398636907339],
        "min": [0.0144076058641, 0.0126248057932, 0.00926529429853, 0.00587390270084, 0.00422931322828, 0.00503002572805],
        "stdev": [0.27344378829, 0.126673460007, 0.119182825089, 0.158958271146, 0.0847699642181, 0.0387226454914]
    },
    "beats_position": [0.603718817234, 1.20743763447, 1.8111563921, 2.42648530006, 3.04181408882, 3.64553284645, 4.2492518425, 4.85297060013, 5.46829938889, 6.08362817764, 6.67573690414, 7.25623559952, 7.83673477173, 8.40562343597, 8.97451210022, 9.55501079559, 10.1355104446, 10.71600914, 11.2965078354, 11.8653964996, 12.445895195, 13.0263938904, 13.6068935394, 14.1873922348, 14.7678909302, 15.3367795944, 15.9056682587, 16.4861679077, 17.0666656494, 17.6239452362, 18.2044448853, 18.784942627, 19.365442276, 19.9459400177, 20.5264396667, 21.1069393158, 21.6874370575, 22.2563266754, 22.825214386, 23.405714035, 23.9862117767, 24.5667114258, 25.1472110748, 25.7277088165, 26.3082084656, 26.8770961761, 27.4459857941, 28.0264854431, 28.6069831848, 29.1874828339, 29.7679805756, 30.3368701935, 30.9173698425, 31.4978675842, 32.0667572021],
