{
"metadata": {
    "version": {
        "essentia": "2.1-beta5",
        "essentia_git_sha": "Undefined",
        "extractor": "music 2.0"
    },
    "audio_properties": {
        "analysis": {
            "equal_loudness": 0,
            "length": 48.7502937317,
            "sample_rate": 44100,
            "start_time": 12.7477550507,
            "downmix": "mix"
        },
        "bit_rate": 192000,
        "length": 198.844085693,
        "lossless": 0,
        "number_channels": 2,
        "replay_gain": -6.39978981018,
        "sample_rate": 48000,
        "codec": "mp3",
        "md5_encoded": "5e2f4e5c4008253f39b6f6c4e5de517e"
    },
    "tags": {
        "file_name": "Iceland_Open Your Heart_Birgitta.mp3",
        "encoding": ["Lavf58.29.100"]
    }
},
"lowlevel": {
    "average_loudness": 0.980159819126,
    "barkbands_crest": {
        "max": 23.5106678009,
        "mean": 8.53526115417,
        "min": 2.53614139557,
        "stdev": 3.42008662224
    },
    "barkbands_flatness_db": {
        "max": 0.246797218919,
        "mean": 0.134505540133,
        "min": 0.0499114617705,
        "stdev": 0.0288906097412
    },
    "barkbands_kurtosis": {
        "max": 27.0554943085,
        "mean": 0.925537645817,
        "min": -1.90296971798,
        "stdev": 3.19321084023
    },
    "barkbands_skewness": {
        "max": 4.55049943924,
        "mean": 0.927886605263,
        "min": -1.20366740227,
        "stdev": 0.867568731308
    },
    "barkbands_spread": {
        "max": 95.7282104492,
        "mean": 29.0795516968,
        "min": 4.32936191559,
        "stdev": 12.2934350967
    },
    "dissonance": {
        "max": 0.499953001738,
        "mean": 0.474774301052,
        "min": 0.363973528147,
        "stdev": 0.0173566527665
    },
    "dynamic_complexity": 1.6138831377,
    "erbbands_crest": {
        "max": 27.3853607178,
        "mean": 8.53754329681,
        "min": 2.29789876938,
        "stdev": 4.25949954987
    },
    "erbbands_flatness_db": {
        "max": 0.290333539248,
        "mean": 0.166836589575,
        "min": 0.0929252132773,
        "stdev": 0.0344327613711
    },
    "erbbands_kurtosis": {
        "max": 11.6021089554,
        "mean": 0.0401303730905,
        "min": -1.67556965351,
        "stdev": 1.30840778351
    },
    "erbbands_skewness": {
        "max": 2.97393155098,
        "mean": -0.118115842342,
        "min": -2.89084529877,
        "stdev": 0.659122109413
    },
    "erbbands_spread": {
        "max": 105.347816467,
        "mean": 38.4136581421,
        "min": 8.0265455246,
        "stdev": 15.1024856567
    },
    "hfc": {
        "max": 151.695892334,
        "mean": 29.6329689026,
        "min": 0.834973871708,
        "stdev": 17.077091217
    },
    "loudness_ebu128": {
        "integrated": -15.4893531799,
        "loudness_range": 1.29085063934,
        "momentary": {
            "max": -13.453918457,
            "mean": -15.6322212219,
            "min": -24.660572052,
            "stdev": 1.28013300896
        },
        "short_term": {
            "max": -14.6179981232,
            "mean": -15.5441274643,
            "min": -16.8519668579,
            "stdev": 0.451129227877
        }
    },
    "melbands_crest": {
        "max": 28.9698200226,
        "mean": 12.1225919724,
        "min": 3.08440470695,
        "stdev": 4.15782356262
    },
    "melbands_flatness_db": {
        "max": 0.312920004129,
        "mean": 0.151158675551,
        "min": 0.0380581729114,
        "stdev": 0.0398156270385
    },
    "melbands_kurtosis": {
        "max": 84.9800567627,
        "mean": 6.79673290253,
        "min": -1.60187184811,
        "stdev": 9.54747867584
    },
    "melbands_skewness": {
        "max": 8.06661987305,
        "mean": 2.04528164864,
        "min": -0.722032189369,
        "stdev": 1.27367556095
    },
    "melbands_spread": {
        "max": 171.807144165,
        "mean": 33.7761688232,
        "min": 3.23677563667,
        "stdev": 16.4005355835
    },
    "pitch_salience": {
        "max": 0.850632846355,
        "mean": 0.570398688316,
        "min": 0.243104949594,
        "stdev": 0.0940099060535
    },
    "silence_rate_20dB": {
        "max": 1,
        "mean": 1,
        "min": 1,
        "stdev": 0
    },
    "silence_rate_30dB": {
        "max": 1,
        "mean": 1,
        "min": 1,
        "stdev": 0
    },
    "silence_rate_60dB": {
        "max": 1,
        "mean": 0.011423131451,
        "min": 0,
        "stdev": 0.106263518333
    },
    "spectral_centroid": {
        "max": 3925.59277344,
        "mean": 1719.95336914,
        "min": 344.67956543,
        "stdev": 513.034606934
    },
    "spectral_complexity": {
        "max": 65,
        "mean": 26.995716095,
        "min": 1,
        "stdev": 9.11283588409
    },
    "spectral_decrease": {
        "max": -2.13060666332e-10,
        "mean": -7.02230718019e-09,
        "min": -3.12294687888e-08,
        "stdev": 3.20685678012e-09
    },
    "spectral_energy": {
        "max": 0.12286426127,
        "mean": 0.0291915945709,
        "min": 0.000879874860402,
        "stdev": 0.012987405993
    },
    "spectral_energyband_high": {
        "max": 0.0200221221894,
        "mean": 0.00118121423293,
        "min": 2.76878763543e-05,
        "stdev": 0.00148362293839
    },
    "spectral_energyband_low": {
        "max": 0.105984248221,
        "mean": 0.00736477738246,
        "min": 5.37031810381e-05,
        "stdev": 0.00844546221197
    },
    "spectral_energyband_middle_high": {
        "max": 0.0676670372486,
        "mean": 0.00948412716389,
        "min": 0.000156040812726,
        "stdev": 0.00813267286867
    },
    "spectral_energyband_middle_low": {
        "max": 0.0649427622557,
        "mean": 0.0120738344267,
        "min": 0.000224476098083,
        "stdev": 0.00830896664411
    },
    "spectral_entropy": {
        "max": 8.57723045349,
        "mean": 7.76512765884,
        "min": 6.71200895309,
        "stdev": 0.275031328201
    },
    "spectral_flux": {
        "max": 0.237847536802,
        "mean": 0.0919594466686,
        "min": 0.022747837007,
        "stdev": 0.0346810482442
    },
    "spectral_kurtosis": {
        "max": 10.8933458328,
        "mean": 3.04947495461,
        "min": -1.11368501186,
        "stdev": 1.56433939934
    },
    "spectral_rms": {
        "max": 0.0109484046698,
        "mean": 0.00520090898499,
        "min": 0.000926506647374,
        "stdev": 0.00119588244706
    },
    "spectral_rolloff": {
        "max": 9603.80859375,
        "mean": 2008.44555664,
        "min": 129.19921875,
        "stdev": 1148.96557617
    },
    "spectral_skewness": {
        "max": 2.68065881729,
        "mean": 1.25010442734,
        "min": -0.0941071212292,
        "stdev": 0.275643229485
    },
    "spectral_spread": {
        "max": 12739386,
        "mean": 4271931.5,
        "min": 2431397,
        "stdev": 989814.1875
    },
    "spectral_strongpeak": {
        "max": 14.6024637222,
        "mean": 1.48178863525,
        "min": 0.0287085399032,
        "stdev": 2.03643894196
    },
    "zerocrossingrate": {
        "max": 0.25927734375,
        "mean": 0.0723616108298,
        "min": 0.01318359375,
        "stdev": 0.0255711544305
    },
    "barkbands": {
        "max": [0.00114954041783, 0.0499296411872, 0.0619746223092, 0.0260282978415, 0.0368625558913, 0.0443902015686, 0.0627582743764, 0.0153981745243, 0.0338172242045, 0.0336459390819, 0.0641234368086, 0.0340488441288, 0.0201005022973, 0.0302140135318, 0.0333155989647, 0.0258340984583, 0.0230612363666, 0.015032815747, 0.00923942029476, 0.00330956745893, 0.0045753819868, 0.0067903008312, 0.00701401103288, 0.00850126054138, 0.00559007097036, 5.60532362215e-06, 2.70137797997e-06],
        "mean": [5.33796701347e-05, 0.003875952214, 0.00267671071924, 0.00185553822666, 0.00313222757541, 0.00278494972736, 0.0018716949271, 0.00044616413652, 0.0016373685794, 0.00145838840399, 0.000669619766995, 0.00138975365553, 0.000571141892578, 0.001090546255, 0.00088984449394, 0.000997166382149, 0.00111694645602, 0.00073900166899, 0.000545403978322, 0.000382933736546, 0.000325996283209, 0.000223554729018, 0.00020204676548, 0.000158262031619, 9.68613967416e-05, 1.59226871688e-07, 3.14875281404e-09],
        "min": [2.29350156644e-08, 4.69785391033e-06, 5.46802357348e-06, 1.08396034193e-06, 6.46938406135e-06, 2.58529707935e-05, 7.7322611105e-06, 5.7221559473e-06, 1.31497527036e-05, 3.43730039276e-06, 8.10446908872e-06, 1.15110633487e-05, 8.81429969013e-06, 8.92757896054e-07, 4.72374358651e-06, 1.83199736057e-05, 1.75066579686e-05, 1.44830210047e-05, 1.67671805684e-05, 6.51136315355e-06, 4.11257406085e-06, 2.96892130791e-06, 3.87502814192e-06, 2.2224633085e-06, 9.20468494314e-07, 8.47835690543e-11, 3.43158175486e-11],
        "stdev": [8.70999356266e-05, 0.00507048564032, 0.00422940310091, 0.00233029806986, 0.00384691078216, 0.00411025248468, 0.00361336581409, 0.000796173000708, 0.00314302835613, 0.00351551291533, 0.00218459567986, 0.00361536932178, 0.00115807529073, 0.00214367639273, 0.00170235405676, 0.00143579451833, 0.00193463766482, 0.000957918469794, 0.000560757645871, 0.000386402884033, 0.000391823530663, 0.000380826677429, 0.000401114113629, 0.000444693811005, 0.000196227963897, 3.48733465216e-07, 6.49497309269e-08]
    },
    "erbbands": {
        "max": [1.55070030689, 11.3940019608, 61.4594535828, 65.9950637817, 121.816520691, 141.753799438, 376.217803955, 486.372131348, 1025.90942383, 425.592773438, 317.200622559, 644.727844238, 1512.23046875, 775.323425293, 2173.5715332, 1505.17382812, 697.624084473, 927.717102051, 2106.64550781, 778.049621582, 1674.43896484, 1610.22119141, 775.572814941, 780.309814453, 630.450195312, 148.562561035, 152.045425415, 218.168075562, 216.819442749, 195.218200684, 206.825592041, 196.278335571, 127.73323822, 100.665206909, 8.81881046295, 0.540816068649, 0.0136527586728, 0.00173368479591, 0.000408654072089, 0.000154114619363],
        "mean": [0.0669964030385, 1.02144467831, 3.05311155319, 4.71941900253, 9.01712322235, 9.51497554779, 16.2282791138, 25.3888397217, 28.8793354034, 19.9108352661, 12.3177576065, 26.987947464, 56.812664032, 32.4330940247, 33.2631759644, 51.936088562, 30.9096012115, 40.1282463074, 53.175693512, 50.8498687744, 57.9115753174, 66.8260040283, 42.8200874329, 33.6138381958, 25.327299118, 17.6852931976, 14.8547182083, 11.0345630646, 8.05210494995, 6.82151842117, 5.69250249863, 3.83441209793, 2.38331484795, 1.30735635757, 0.560220360756, 0.033500932157, 0.000935578776989, 7.60278635425e-05, 2.79160158243e-05, 3.84281083825e-05],
        "min": [0.000125443635625, 0.00344442715868, 0.012032456696, 0.0257201623172, 0.00911258440465, 0.0233717411757, 0.0573715344071, 0.194982036948, 0.220184460282, 0.12189758569, 0.411854416132, 0.370128780603, 0.645994842052, 0.316284745932, 0.457564771175, 0.598490357399, 0.791417956352, 0.111552394927, 0.116457253695, 0.762027204037, 0.725432753563, 0.960432946682, 0.87253177166, 1.12396550179, 0.47090408206, 0.354047119617, 0.198697581887, 0.177213087678, 0.140864625573, 0.100671865046, 0.098684489727, 0.0593987554312, 0.032573774457, 0.0140953138471, 0.00451376382262, 0.00022904315847, 1.01030900623e-05, 1.68261647104e-06, 1.79238975306e-06, 2.58423960986e-06],
        "stdev": [0.0946737453341, 1.35029530525, 4.41724967957, 5.49350547791, 12.494679451, 12.8300914764, 26.4871902466, 41.9947891235, 60.7602729797, 34.4737663269, 23.2732543945, 46.7275848389, 114.737030029, 65.5798416138, 81.1112976074, 133.685577393, 57.38904953, 63.1196022034, 112.114570618, 67.9011459351, 78.3109588623, 123.913925171, 54.1762237549, 35.9620552063, 28.760263443, 17.2247772217, 16.7038326263, 14.3608913422, 13.7213592529, 12.4874868393, 11.7452840805, 9.93448448181, 7.02388811111, 3.30879354477, 0.858509123325, 0.0521388202906, 0.0014142061118, 0.000117715157103, 2.34236267715e-05, 1.73791886482e-05]
    },
    "gfcc": {
        "mean": [27.7931404114, 100.907577515, -148.355941772, 57.8505020142, -67.5005111694, 23.2767391205, -47.9270057678, 9.38433647156, -20.1721363068, -8.23519325256, -5.69384765625, -11.1264925003, 4.62072038651],
        "cov": [[942.819885254, -295.591094971, 57.389667511, 33.1588745117, -42.2647476196, 90.917137146, -39.6501808167, 75.6038818359, -56.7499809265, 85.2051773071, -28.0195732117, 52.9192199707, -3.99220609665], [-295.591094971, 423.159942627, -23.0671348572, -26.4632759094, 110.294403076, -96.9124145508, 56.9651947021, -20.8451538086, 48.0486755371, -62.448348999, 52.793712616, -44.7070274353, 18.328081131], [57.389667511, -23.0671348572, 391.538757324, 136.837295532, -32.3934860229, 70.2706222534, -58.6035308838, 36.7778739929, 25.5081214905, 13.4876737595, -34.3320198059, 39.2662620544, -40.0758056641], [33.1588745117, -26.4632759094, 136.837295532, 196.517791748, 47.0943222046, 19.4466209412, 6.66621303558, 15.4573907852, 37.5871505737, -0.272811800241, -13.0104179382, 17.9454612732, -18.3988456726], [-42.2647476196, 110.294403076, -32.3934860229, 47.0943222046, 159.260848999, 28.3105487823, 49.9791679382, 9.87855911255, 7.92446041107, -9.83502006531, 13.83507061, -17.1760826111, 8.49670410156], [90.917137146, -96.9124145508, 70.2706222534, 19.4466209412, 28.3105487823, 202.452270508, 81.1376953125, -10.1800909042, -28.6822471619, 38.3676567078, -14.608921051, -7.28825521469, -10.7428350449], [-39.6501808167, 56.9651947021, -58.6035308838, 6.66621303558, 49.9791679382, 81.1376953125, 152.124542236, 6.24730920792, -3.85300588608, 3.05399012566, 11.9839429855, -33.371471405, 10.310790062], [75.6038818359, -20.8451538086, 36.7778739929, 15.4573907852, 9.87855911255, -10.1800909042, 6.24730920792, 135.574508667, 52.6762886047, -2.54039883614, -11.8398313522, 15.1324167252, -4.74042892456], [-56.7499809265, 48.0486755371, 25.5081214905, 37.5871505737, 7.92446041107, -28.6822471619, -3.85300588608, 52.6762886047, 100.282241821, 7.84848022461, 13.8047809601, 6.37542533875, -1.21798670292], [85.2051773071, -62.448348999, 13.4876737595, -0.272811800241, -9.83502006531, 38.3676567078, 3.05399012566, -2.54039883614, 7.84848022461, 95.4673538208, 26.1154212952, 13.5553150177, -3.60574507713], [-28.0195732117, 52.793712616, -34.3320198059, -13.0104179382, 13.83507061, -14.608921051, 11.9839429855, -11.8398313522, 13.8047809601, 26.1154212952, 84.8204040527, 20.0027313232, 11.108288765], [52.9192199707, -44.7070274353, 39.2662620544, 17.9454612732, -17.1760826111, -7.28825521469, -33.371471405, 15.1324167252, 6.37542533875, 13.5553150177, 20.0027313232, 65.6137313843, 15.5434055328], [-3.99220609665, 18.328081131, -40.0758056641, -18.3988456726, 8.49670410156, -10.7428350449, 10.310790062, -4.74042892456, -1.21798670292, -3.60574507713, 11.108288765, 15.5434055328, 59.664352417]],
        "icov": [[0.00164056837093, 0.000223067298066, 0.000447064638138, -0.000857771548908, 0.000402222183766, -0.000759494607337, 0.000977821298875, -0.00177772785537, 0.00184646993876, -0.00128347484861, 4.64110089524e-05, -9.75939256023e-05, -0.000450318155345], [0.000223067298066, 0.0121834278107, -0.00805324688554, 0.00917546544224, -0.010605705902, 0.011315818876, -0.0100628081709, 0.00709077203646, -0.00714146951213, 0.00512944394723, -0.00440462958068, 0.00320887495764, -0.000308996444801], [0.000447064638138, -0.00805324688554, 0.0108202602714, -0.010023557581, 0.00896518677473, -0.0110439835116, 0.0102584818378, -0.00672972854227, 0.00521867722273, -0.00314921769314, 0.00284944404848, -0.00270070019178, 0.00119715847541], [-0.000857771548908, 0.00917546544224, -0.010023557581, 0.0174333490431, -0.0123490709811, 0.0113094318658, -0.0117739103734, 0.00934940483421, -0.0101679330692, 0.00433934759349, 8.62048473209e-05, -0.00260579469614, 0.00305720325559], [0.000402222183766, -0.010605705902, 0.00896518677473, -0.0123490709811, 0.0185616146773, -0.0123706655577, 0.00954763684422, -0.008828997612, 0.00774777773768, -0.00326604838483, 0.000490700476803, 0.00111924589146, -0.00214578118175], [-0.000759494607337, 0.011315818876, -0.0110439835116, 0.0113094318658, -0.0123706655577, 0.021696139127, -0.0174179468304, 0.00956935156137, -0.00583339575678, 0.00109132973012, -8.76988415257e-05, -0.000157559275976, 0.00198529707268], [0.000977821298875, -0.0100628081709, 0.0102584818378, -0.0117739103734, 0.00954763684422, -0.0174179468304, 0.0236394461244, -0.0107636153698, 0.00805169623345, -0.00321566872299, -0.00161673524417, 0.00589596433565, -0.00428485590965], [-0.00177772785537, 0.00709077203646, -0.00672972854227, 0.00934940483421, -0.008828997612, 0.00956935156137, -0.0107636153698, 0.0179442707449, -0.0129431625828, 0.00445063272491, 0.00214420794509, -0.0041566346772, 0.00302021135576], [0.00184646993876, -0.00714146951213, 0.00521867722273, -0.0101679330692, 0.00774777773768, -0.00583339575678, 0.00805169623345, -0.0129431625828, 0.0223040226847, -0.00631535239518, -0.00145639700349, 0.00182221934665, -0.00201626052149], [-0.00128347484861, 0.00512944394723, -0.00314921769314, 0.00433934759349, -0.00326604838483, 0.00109132973012, -0.00321566872299, 0.00445063272491, -0.00631535239518, 0.0172630362213, -0.00704638101161, 0.000752281979658, 0.00116246461403], [4.64110089524e-05, -0.00440462958068, 0.00284944404848, 8.62048473209e-05, 0.000490700476803, -8.76988415257e-05, -0.00161673524417, 0.00214420794509, -0.00145639700349, -0.00704638101161, 0.0209172181785, -0.0112777231261, 0.00224882597104], [-9.75939256023e-05, 0.00320887495764, -0.00270070019178, -0.00260579469614, 0.00111924589146, -0.000157559275976, 0.00589596433565, -0.0041566346772, 0.00182221934665, 0.000752281979658, -0.0112777231261, 0.0297089070082, -0.0107039911672], [-0.000450318155345, -0.000308996444801, 0.00119715847541, 0.00305720325559, -0.00214578118175, 0.00198529707268, -0.00428485590965, 0.00302021135576, -0.00201626052149, 0.00116246461403, 0.00224882597104, -0.0107039911672, 0.0226145163178]]
    },
    "melbands": {
        "max": [0.0143646560609, 0.0259049758315, 0.0103268288076, 0.00599952973425, 0.0111496672034, 0.0102877663448, 0.0148683106527, 0.00395404640585, 0.00263916724361, 0.00395547458902, 0.00733207818121, 0.00337192299776, 0.0100098894909, 0.00480514531955, 0.00479435408488, 0.0011024333071, 0.00176185986493, 0.00330041814595, 0.00216636154801, 0.00171826826409, 0.00252474425361, 0.00175383419264, 0.000975062896032, 0.000807381526101, 0.000659088313114, 0.000521024921909, 0.000177357054781, 0.000125225647935, 0.000104239465145, 0.00016264115402, 9.40884056035e-05, 0.000109688269731, 0.000151672909851, 0.0001181043408, 0.000127466846607, 9.40883837757e-05, 0.00014024200209, 8.85518238647e-05, 0.000173397362232, 5.63250541745e-05],
        "mean": [0.00085507374024, 0.00153881206643, 0.000982124707662, 0.000642143713776, 0.000554422615096, 0.000572029559407, 0.000413392001064, 0.000179930299055, 0.000109089931357, 0.000198634355911, 0.000294434517855, 0.000142047589179, 0.000105822211481, 0.000145353682456, 0.000119697688206, 5.06736687385e-05, 7.82894858276e-05, 9.38208031585e-05, 6.77536809235e-05, 6.29559508525e-05, 6.60442819935e-05, 6.95895651006e-05, 4.70384620712e-05, 3.8583202695e-05, 2.54151163972e-05, 2.15932632273e-05, 1.50743226186e-05, 1.06912430056e-05, 9.51117090153e-06, 7.86855252954e-06, 5.73873558096e-06, 4.47881302534e-06, 4.2832316467e-06, 3.61092816092e-06, 3.43178317053e-06, 2.72754891739e-06, 2.19507933252e-06, 1.70003988842e-06, 1.4135988522e-06, 9.9916576346e-07],
        "min": [1.13297119242e-06, 5.51433231522e-06, 3.81473091693e-06, 1.56851569955e-06, 1.69789336724e-06, 4.77647427033e-06, 3.41067698173e-06, 1.26308691506e-06, 1.70247585629e-06, 1.468875098e-06, 2.83280996882e-06, 1.14919498628e-06, 1.53172061346e-06, 1.43958686749e-06, 1.69809254658e-06, 8.30376848171e-07, 1.16085168145e-07, 1.28715996084e-07, 4.75088882013e-07, 1.29344721245e-06, 7.46392572637e-07, 6.84182566602e-07, 7.29838063762e-07, 6.36724166725e-07, 8.08047389e-07, 3.67225737818e-07, 1.89973462739e-07, 2.41009871615e-07, 1.03795329665e-07, 1.30115111574e-07, 1.022217333e-07, 5.86974060468e-08, 3.7723303592e-08, 4.90140230625e-08, 5.71922598169e-08, 5.72048861613e-08, 2.61408921176e-08, 2.00767225067e-08, 1.69040994535e-08, 8.84558559733e-09],
        "stdev": [0.00112703675404, 0.0019836272113, 0.00108464283403, 0.000743457814679, 0.000848478404805, 0.000887637608685, 0.000843310495839, 0.000320512859616, 0.000238242893829, 0.000372017035261, 0.000597926788032, 0.000312981574098, 0.00032479132642, 0.000429687264841, 0.000365933403373, 7.81248454587e-05, 0.000134564135806, 0.000225167706958, 0.000126789469505, 0.000102045312815, 0.000103667785879, 0.000140977281262, 7.43271084502e-05, 5.24105707882e-05, 2.97814276564e-05, 2.52998052019e-05, 1.68816022779e-05, 1.13164878712e-05, 1.10032196972e-05, 1.07457817649e-05, 7.8959055827e-06, 7.82996721682e-06, 7.8896064224e-06, 6.95743437973e-06, 7.04280137143e-06, 6.24585345577e-06, 6.23631967756e-06, 4.93580319016e-06, 5.1248030104e-06, 2.1332552933e-06]
    },
    "melbands128": {
        "max": [0.0010594901396, 0.0107152154669, 0.0233492292464, 0.0229205358773, 0.0308041702956, 0.0300812013447, 0.0151417143643, 0.013458378613, 0.0156118366867, 0.00684342300519, 0.00959630310535, 0.0147113893181, 0.018850043416, 0.00991365872324, 0.0140884863213, 0.0198219101876, 0.0164206121117, 0.0268566943705, 0.00828927662224, 0.00832018814981, 0.0059692710638, 0.00404676236212, 0.00382932042703, 0.00530008692294, 0.00720322923735, 0.00526283867657, 0.0176290310919, 0.0104750860482, 0.0122593799606, 0.00603677937761, 0.0047306381166, 0.00872394256294, 0.0200304742903, 0.00195035396609, 0.00701611023396, 0.011137932539, 0.00670537026599, 0.0108380317688, 0.0047498117201, 0.00142139650416, 0.00162648339756, 0.00256664888002, 0.00364821357653, 0.00340912397951, 0.00850124098361, 0.00645579071715, 0.00470636412501, 0.00379582913592, 0.00252393237315, 0.00142229988705, 0.0039195320569, 0.00192900747061, 0.00405648816377, 0.00285304593854, 0.0016744005261, 0.00295321340673, 0.00359339010902, 0.00268580694683, 0.000802168855444, 0.000932975846808, 0.00157019402832, 0.00152232754044, 0.00153018150013, 0.000247205753112, 0.000579108542297, 0.000424437923357, 0.00123792537488, 0.000229498327826, 0.000191257058759, 0.000253352307482, 0.000236096180743, 0.000165913064848, 0.000154042776558, 0.000224565243116, 0.000163987861015, 0.000249114760663, 0.000436369067756, 0.000189242186025, 0.000110621585918, 0.000109420980152, 0.000122658646433, 0.000128439307446, 0.000234837774769, 0.000135303373099, 0.000167958889506, 0.000122152690892, 0.000149490631884, 0.000112732283014, 0.000124675076222, 0.000159229486599, 0.000167468213476, 0.000117120718642, 0.000127360937768, 0.000196096865693, 0.000115435890621, 8.90515657375e-05, 0.000122977857245, 0.000122795216157, 0.000235630577663, 0.000207093835343, 4.50684747193e-05, 5.92721335124e-05, 1.55508932949e-05, 1.27164894366e-05, 1.57791891979e-05, 1.01611549326e-05, 2.95505742542e-06, 2.06221216104e-07, 1.58380188964e-08, 1.58150061935e-08, 1.54571786481e-08, 1.49166705654e-08, 1.4787692848e-08, 1.43645619843e-08, 1.37254696497e-08, 1.32804345299e-08, 1.290525109e-08, 1.25688890407e-08, 1.22452101792e-08, 1.19323608772e-08, 1.16952758589e-08, 1.14321458966e-08, 1.12220464032e-08, 1.10447295754e-08, 1.08917364017e-08, 1.07672271099e-08, 1.0679221063e-08, 1.06250963583e-08],
        "mean": [4.27836857853e-05, 0.000347717519617, 0.00114985054825, 0.00190408562776, 0.00169554760214, 0.00126479566097, 0.000872123637237, 0.00101936340798, 0.000997511204332, 0.000522200425621, 0.000503060524352, 0.000554424070287, 0.000534600869287, 0.000598474522121, 0.000587458780501, 0.000536536274012, 0.00057094078511, 0.000390201137634, 0.000191015118617, 0.000299521110719, 9.53175403993e-05, 6.84727710905e-05, 0.00010028280667, 0.000173221589648, 0.000123169389553, 0.000188475387404, 0.000424881785875, 0.000216395477764, 0.000346769957105, 0.000150834195665, 6.69033761369e-05, 0.00010747343913, 0.000145216967212, 4.12136505474e-05, 0.000166407044162, 0.000181273833732, 9.48631131905e-05, 0.000177613270353, 8.56145707075e-05, 3.76775024051e-05, 3.05576868413e-05, 8.61130902194e-05, 6.62974853185e-05, 5.75685007789e-05, 0.00016258249525, 8.32318983157e-05, 4.80927337776e-05, 6.91057066433e-05, 7.3212395364e-05, 7.2581016866e-05, 5.74276018597e-05, 5.14598286827e-05, 9.18356818147e-05, 6.2400205934e-05, 3.51789894921e-05, 8.65902256919e-05, 7.7955366578e-05, 6.24855238129e-05, 3.06797956e-05, 2.62368430413e-05, 4.87697325298e-05, 3.98420743295e-05, 2.14633146243e-05, 2.08195560845e-05, 3.3145359339e-05, 2.04290245165e-05, 1.60850977409e-05, 1.74045107997e-05, 1.41745340443e-05, 1.27002849695e-05, 1.11651725092e-05, 9.61405839917e-06, 8.8421129476e-06, 1.04712808024e-05, 9.24086816667e-06, 6.9605553108e-06, 8.33407284517e-06, 6.8628378358e-06, 5.13451459483e-06, 4.96633219882e-06, 4.38542565462e-06, 4.23592882726e-06, 4.63992273581e-06, 4.41038719146e-06, 3.97888834414e-06, 3.45836883753e-06, 3.62717582902e-06, 3.58354191121e-06, 3.61484217137e-06, 3.08581866193e-06, 3.04281570607e-06, 2.49732033808e-06, 2.44536818172e-06, 2.285955361e-06, 2.00770477932e-06, 1.76446826572e-06, 1.65276424013e-06, 1.58851707965e-06, 1.44355885823e-06, 1.40191491482e-06, 1.00069985365e-06, 9.80769186754e-07, 9.13077883524e-07, 7.7342036775e-07, 7.72127179971e-07, 5.66217693176e-07, 1.27871260247e-07, 7.13732228874e-09, 2.19397746498e-11, 1.92524607368e-11, 1.85515040829e-11, 1.79407235595e-11, 1.76022339066e-11, 1.71896490098e-11, 1.64032225303e-11, 1.58664938826e-11, 1.51709547702e-11, 1.46985860983e-11, 1.43173346442e-11, 1.39445729269e-11, 1.36327676578e-11, 1.33335252561e-11, 1.30833850698e-11, 1.28577018824e-11, 1.26197888944e-11, 1.23789294787e-11, 1.22217869505e-11, 1.21501463404e-11],
        "min": [9.88466197782e-10, 1.58038488962e-08, 5.16977252119e-07, 1.51796484715e-06, 2.69579277301e-06, 3.45975695382e-06, 2.19976914195e-06, 6.5300616825e-07, 2.92838024052e-07, 1.00300792383e-06, 5.43878513781e-07, 6.28115742529e-07, 4.2503782538e-07, 1.24439100091e-06, 2.25724397751e-06, 1.04028731585e-06, 8.41710004806e-07, 1.65565154475e-07, 4.48780099305e-07, 2.9926476941e-07, 9.88284000414e-07, 2.46461610232e-07, 2.53414441431e-07, 4.14988733155e-07, 2.887437347e-07, 5.72362353068e-07, 4.2880287765e-07, 1.21829987165e-06, 3.24519248807e-07, 3.85146734061e-07, 4.30926036188e-07, 5.93810909777e-07, 6.97599887189e-07, 4.02441287406e-07, 4.43853025445e-07, 3.88894108028e-07, 5.39347809081e-07, 6.38603182779e-07, 7.29049986603e-07, 4.80682388115e-07, 4.51488233466e-07, 2.79800843828e-07, 1.38955925877e-07, 1.30650876784e-08, 1.54698138743e-08, 2.01918837206e-07, 1.80448822107e-07, 7.85943754522e-08, 4.79149548482e-07, 1.1919970575e-06, 6.86725968535e-07, 4.17337673753e-07, 6.39464076357e-07, 5.01782267293e-07, 2.04197206699e-07, 2.82170162791e-07, 3.28320197696e-07, 4.67888071398e-07, 1.59310303616e-07, 3.48761403757e-07, 2.69587047796e-07, 3.69863641936e-07, 2.4217496275e-07, 2.31297136111e-07, 3.41708044971e-07, 1.80516067871e-07, 1.50413285382e-07, 9.37902342457e-08, 1.96781613226e-07, 1.37441688253e-07, 1.69487378798e-07, 2.27936737929e-07, 4.29367155164e-08, 7.23246600387e-08, 9.5043638737e-08, 9.78914727057e-08, 9.12826649824e-08, 8.70845155987e-08, 3.18774233676e-08, 5.50551391143e-08, 2.74534190936e-08, 2.80702856514e-08, 4.1436972964e-08, 1.87169373334e-08, 2.39093864707e-08, 2.70527973356e-08, 2.13176889474e-08, 4.33979394643e-08, 3.64149919108e-08, 3.24995532708e-08, 3.66897658921e-08, 3.65311230155e-08, 2.97432780627e-08, 1.58519615212e-08, 2.01982217618e-08, 1.22404921754e-08, 1.27126895677e-08, 1.40036355845e-08, 1.46012393287e-08, 1.01425259302e-08, 9.14302145105e-09, 6.68049926489e-09, 4.53861748184e-09, 3.48333117905e-09, 5.21086951366e-09, 2.34018338041e-09, 1.98108682237e-10, 1.68630365747e-12, 1.6506425133e-13, 1.33399110443e-13, 1.16656521682e-13, 1.13835834205e-13, 1.29757316003e-13, 1.07802764111e-13, 1.29831529642e-13, 1.16934145201e-13, 1.17120140084e-13, 1.23751215438e-13, 1.04066325598e-13, 1.24275318768e-13, 1.21561696256e-13, 1.10674219355e-13, 1.20460512767e-13, 9.95679030219e-14, 8.18833729662e-14, 3.08689875148e-14, 5.01453965631e-15, 1.44870228726e-16],
        "stdev": [7.81655617175e-05, 0.000598994782194, 0.00169777532574, 0.00261983694509, 0.00248028477654, 0.00201990245841, 0.00118110037874, 0.00139707629569, 0.00161059712991, 0.000709497777279, 0.000830382981803, 0.00107791740447, 0.00116960238665, 0.00105815276038, 0.00127257197164, 0.00122470711358, 0.00123966333922, 0.00124567688908, 0.000436168396845, 0.000629573478363, 0.000201626564376, 0.000186531295185, 0.000304503570078, 0.000474058586406, 0.000332644296577, 0.000493976811413, 0.00118891743477, 0.000653387920465, 0.00109019281808, 0.000434693414718, 0.000293614662951, 0.000342535466189, 0.000616019417066, 0.000122830999317, 0.000588270893786, 0.000725809542928, 0.000388838379877, 0.000759974995162, 0.000231788202655, 8.42996232677e-05, 7.65027943999e-05, 0.000189211059478, 0.000166359866853, 0.0001710573124, 0.000515212537721, 0.000324876367813, 0.000154843306518, 0.000200717680855, 0.000188145611901, 0.000121602490253, 0.000196912471438, 0.000108612512122, 0.000186647535884, 0.000134391753818, 8.68519564392e-05, 0.000237814470893, 0.000220251196879, 0.000141182012158, 6.86148996465e-05, 5.80464329687e-05, 9.24065025174e-05, 7.35149296816e-05, 5.92247342865e-05, 2.56117218669e-05, 4.64117838419e-05, 3.03821889247e-05, 4.23650817538e-05, 2.45411611104e-05, 2.05066844501e-05, 1.81421892194e-05, 1.49679708557e-05, 1.26727409224e-05, 1.23760082715e-05, 1.6007657905e-05, 1.4767157154e-05, 1.25397555166e-05, 1.6070316633e-05, 1.10887858682e-05, 8.24729613669e-06, 8.59908959683e-06, 7.95809046394e-06, 9.05031447473e-06, 9.9091539596e-06, 8.3336044554e-06, 7.83492760092e-06, 7.4905906331e-06, 7.71954910306e-06, 6.96199549566e-06, 7.72840576246e-06, 7.7293270806e-06, 7.19265563021e-06, 6.00407156526e-06, 6.56261272525e-06, 7.48419324736e-06, 6.06073444942e-06, 4.96026405017e-06, 5.17966236657e-06, 5.34655009687e-06, 6.49952608001e-06, 5.36936022399e-06, 2.3294633138e-06, 2.29271904573e-06, 1.49712400344e-06, 1.23673692087e-06, 1.28996146032e-06, 9.31601164211e-07, 2.4140697974e-07, 1.51145869154e-08, 3.86335768932e-10, 3.82758186257e-10, 3.72967906559e-10, 3.60054513981e-10, 3.55243751082e-10, 3.44815398456e-10, 3.30188293374e-10, 3.19479054323e-10, 3.10445058549e-10, 3.02181030198e-10, 2.94438667892e-10, 2.86948881323e-10, 2.81157264137e-10, 2.74863493077e-10, 2.69820277232e-10, 2.65512584141e-10, 2.61775712218e-10, 2.588141923e-10, 2.56672516574e-10, 2.55369253521e-10]
    },
    "mfcc": {
        "mean": [-593.324584961, 103.908554077, -9.72799682617, 25.8359737396, 10.3266649246, 4.09716367722, -1.8344014883, 4.27147626877, -1.84540343285, 0.0131238661706, -5.33592844009, -2.17602181435, -2.52827095985],
        "cov": [[931.025146484, -286.115081787, 3.02901792526, -30.3527488708, -9.03245925903, 7.43923568726, 29.1025428772, -11.9361629486, 6.0822057724, 18.0678100586, 9.08382797241, -10.5424089432, 24.049861908], [-286.115081787, 415.335540771, -101.699516296, 33.977596283, 20.796913147, -50.5571632385, 13.6576700211, 8.27585124969, -18.0994205475, 10.7978134155, 1.98324477673, 0.116543449461, -14.980928421], [3.02901792526, -101.699516296, 388.648590088, 24.62358284, 44.2481460571, 45.723613739, -48.5481147766, 31.9710979462, 12.7514619827, -17.3253917694, 31.8850078583, 9.24521923065, 16.9015789032], [-30.3527488708, 33.977596283, 24.62358284, 176.543640137, 60.4135513306, -22.1379089355, -26.1317443848, 25.7941493988, 21.8750972748, -18.7031993866, 14.987446785, 33.3934860229, 8.05997943878], [-9.03245925903, 20.796913147, 44.2481460571, 60.4135513306, 129.660888672, -4.7021894455, -21.8068790436, 31.5786933899, 14.0000867844, -7.13321876526, 12.176733017, 19.659538269, 6.89411735535], [7.43923568726, -50.5571632385, 45.723613739, -22.1379089355, -4.7021894455, 196.126602173, 87.216835022, -9.60047149658, 3.92182993889, 24.7830314636, 5.65850973129, -17.5943222046, 16.0785961151], [29.1025428772, 13.6576700211, -48.5481147766, -26.1317443848, -21.8068790436, 87.216835022, 145.836425781, 16.1438903809, 4.91340255737, 38.3101577759, -6.44042062759, -17.3079471588, -0.795425117016], [-11.9361629486, 8.27585124969, 31.9710979462, 25.7941493988, 31.5786933899, -9.60047149658, 16.1438903809, 104.232170105, 40.3551101685, 15.3114318848, 16.5842914581, 0.00895601511002, -5.16379117966], [6.0822057724, -18.0994205475, 12.7514619827, 21.8750972748, 14.0000867844, 3.92182993889, 4.91340255737, 40.3551101685, 84.8040237427, 29.1528263092, 9.57661914825, 4.05808496475, -6.601085186], [18.0678100586, 10.7978134155, -17.3253917694, -18.7031993866, -7.13321876526, 24.7830314636, 38.3101577759, 15.3114318848, 29.1528263092, 86.7822341919, 27.0438404083, -9.8741607666, -1.75522899628], [9.08382797241, 1.98324477673, 31.8850078583, 14.987446785, 12.176733017, 5.65850973129, -6.44042062759, 16.5842914581, 9.57661914825, 27.0438404083, 71.8778839111, 21.7913570404, 7.84998989105], [-10.5424089432, 0.116543449461, 9.24521923065, 33.3934860229, 19.659538269, -17.5943222046, -17.3079471588, 0.00895601511002, 4.05808496475, -9.8741607666, 21.7913570404, 77.6513290405, 30.089515686], [24.049861908, -14.980928421, 16.9015789032, 8.05997943878, 6.89411735535, 16.0785961151, -0.795425117016, -5.16379117966, -6.601085186, -1.75522899628, 7.84998989105, 30.089515686, 70.048576355]],
        "icov": [[0.00148479326162, 0.00117594283074, 0.000171170744579, -2.8578508136e-05, -0.000358114863047, 0.000699605501723, -0.000772317987867, 0.000376183306798, 6.31103393971e-05, -0.00019021773187, -0.000497854605783, 0.00061773089692, -0.000611047318671], [0.00117594283074, 0.00377518218011, 0.000770730839577, -0.000653148861602, -0.000855308549944, 0.00132574397139, -0.00115812604781, 6.396779645e-05, 0.00119949085638, -0.000805018818937, -0.000575134297833, 0.000614694436081, -4.24595527875e-05], [0.000171170744579, 0.000770730839577, 0.00349573744461, -1.23337113109e-05, -0.000629403570201, -0.00148190942127, 0.00177552259993, -0.00131717114709, 0.000149191226228, 0.000785766984336, -0.00131200125907, 0.000456017965917, -0.000425928359618], [-2.8578508136e-05, -0.000653148861602, -1.23337113109e-05, 0.00774568598717, -0.00261028064415, 0.000140703908983, 0.000226409989409, -0.000461084593553, -0.00208574580029, 0.00229029892944, -0.00103910616599, -0.00188212376088, -3.91969842894e-05], [-0.000358114863047, -0.000855308549944, -0.000629403570201, -0.00261028064415, 0.0103846043348, -0.00127288047224, 0.00195539742708, -0.0028649722226, 0.000250939076068, -6.55176045257e-05, 0.000515516730957, -0.0015349216992, 9.69391112449e-05], [0.000699605501723, 0.00132574397139, -0.00148190942127, 0.000140703908983, -0.00127288047224, 0.00938738510013, -0.00669528916478, 0.00327419303358, -0.00118734012358, 0.000266517075943, -0.00188152724877, 0.0027853907086, -0.00257024448365], [-0.000772317987867, -0.00115812604781, 0.00177552259993, 0.000226409989409, 0.00195539742708, -0.00669528916478, 0.0136147523299, -0.00459333183244, 0.00212015188299, -0.00434328010306, 0.00343883247115, -0.00141941616312, 0.00103867286816], [0.000376183306798, 6.396779645e-05, -0.00131717114709, -0.000461084593553, -0.0028649722226, 0.00327419303358, -0.00459333183244, 0.0148113565519, -0.00635240739211, 0.00121299142484, -0.00326597923413, 0.00241018435918, -0.000412017048802], [6.31103393971e-05, 0.00119949085638, 0.000149191226228, -0.00208574580029, 0.000250939076068, -0.00118734012358, 0.00212015188299, -0.00635240739211, 0.0179516617209, -0.00721006700769, 0.00287185423076, -0.00262609845959, 0.00255972356535], [-0.00019021773187, -0.000805018818937, 0.000785766984336, 0.00229029892944, -6.55176045257e-05, 0.000266517075943, -0.00434328010306, 0.00121299142484, -0.00721006700769, 0.0195419359952, -0.00888137333095, 0.0039233583957, -0.00145438069012], [-0.000497854605783, -0.000575134297833, -0.00131200125907, -0.00103910616599, 0.000515516730957, -0.00188152724877, 0.00343883247115, -0.00326597923413, 0.00287185423076, -0.00888137333095, 0.0208149868995, -0.00689369346946, 0.00134014314972], [0.00061773089692, 0.000614694436081, 0.000456017965917, -0.00188212376088, -0.0015349216992, 0.0027853907086, -0.00141941616312, 0.00241018435918, -0.00262609845959, 0.0039233583957, -0.00689369346946, 0.0202326308936, -0.00836840923876], [-0.000611047318671, -4.24595527875e-05, -0.000425928359618, -3.91969842894e-05, 9.69391112449e-05, -0.00257024448365, 0.00103867286816, -0.000412017048802, 0.00255972356535, -0.00145438069012, 0.00134014314972, -0.00836840923876, 0.0187948998064]]
    },
    "spectral_contrast_coeffs": {
        "max": [-0.421747744083, -0.395749807358, -0.505420923233, -0.574150025845, -0.623960852623, -0.628316104412],
        "mean": [-0.716880977154, -0.737007498741, -0.741320312023, -0.776173651218, -0.779160261154, -0.765905976295],
        "min": [-0.881694495678, -0.90186560154, -0.90165579319, -0.88436371088, -0.868409633636, -0.846834659576],
        "stdev": [0.0634432062507, 0.0743718370795, 0.0763544589281, 0.0507546514273, 0.0376880168915, 0.0312380027026]
    },
    "spectral_contrast_valleys": {
        "max": [-4.98552751541, -5.21170902252, -5.57558059692, -5.32497501373, -5.66974210739, -7.55326604843],
        "mean": [-6.37433242798, -6.64099550247, -7.07920360565, -6.99235153198, -6.89359664917, -9.5435552597],
        "min": [-8.69188594818, -8.28201007843, -8.30712890625, -8.83842754364, -8.48944187164, -11.3276348114],
        "stdev": [0.50305968523, 0.434468209743, 0.381889820099, 0.376703888178, 0.400483906269, 0.568369805813]
    }
},
"rhythm": {
    "beats_count": 85,
    "beats_loudness": {
        "max": 0.0638063549995,
        "mean": 0.0320286750793,
        "min": 0.00228306162171,
        "stdev": 0.0118913603947
    },
    "bpm": 105.025100708,
    "bpm_histogram_first_peak_bpm": 105,
    "bpm_histogram_first_peak_weight": 0.404761910439,
    "bpm_histogram_second_peak_bpm": 0,
    "bpm_histogram_second_peak_spread": 0,
    "bpm_histogram_second_peak_weight": 0,
    "danceability": 1.27007043362,
    "onset_rate": 3.4248046875,
    "beats_loudness_band_ratio": {
        "max": [0.74603843689, 0.627116560936, 0.564834415913, 0.809461772442, 0.590268969536, 0.393152654171],
        "mean": [0.257388532162, 0.20445035398, 0.144183844328, 0.16134108603, 0.167823329568, 0.109671749175],
        "min": [0.0256219953299, 0.0167491622269, 0.0146299786866, 0.0134610915557, 0.0222648326308, 0.0149176418781],
        "stdev": [0.177767753601, 0.159361481667, 0.119324356318, 0.173847138882, 0.100956380367, 0.0665009766817]
    },
