{
"metadata": {
    "version": {
        "essentia": "2.1-beta5",
        "essentia_git_sha": "Undefined",
        "extractor": "music 2.0"
    },
    "audio_properties": {
        "analysis": {
            "equal_loudness": 0,
            "length": 19.8646717072,
            "sample_rate": 44100,
            "start_time": 175.252609253,
            "downmix": "mix"
        },
        "bit_rate": 192000,
        "length": 195.14050293,
        "lossless": 0,
        "number_channels": 2,
        "replay_gain": -8.08219528198,
        "sample_rate": 44100,
        "codec": "mp3",
        "md5_encoded": "9e1861489d9d705023367f7104eba660"
    },
    "tags": {
        "file_name": "Austria_Weil Der Mensch Zählt_Alf Poier.mp3",
        "encoding": ["Lavf58.29.100"]
    }
},
"lowlevel": {
    "average_loudness": 0.971211254597,
    "barkbands_crest": {
        "max": 18.2936248779,
        "mean": 7.21143198013,
        "min": 2.4474902153,
        "stdev": 3.02089953423
    },
    "barkbands_flatness_db": {
        "max": 0.187840938568,
        "mean": 0.0956373289227,
        "min": 0.0456779152155,
        "stdev": 0.0250460859388
    },
    "barkbands_kurtosis": {
        "max": 10.892537117,
        "mean": -0.239409834146,
        "min": -1.8746035099,
        "stdev": 1.57197546959
    },
    "barkbands_skewness": {
        "max": 3.1676659584,
        "mean": 0.63495272398,
        "min": -1.17912459373,
        "stdev": 0.6345962286
    },
    "barkbands_spread": {
        "max": 99.9948120117,
        "mean": 38.1815948486,
        "min": 7.89503860474,
        "stdev": 17.0292377472
    },
    "dissonance": {
        "max": 0.500000059605,
        "mean": 0.481866210699,
        "min": 0.326443105936,
        "stdev": 0.0164363496006
    },
    "dynamic_complexity": 1.48338329792,
    "erbbands_crest": {
        "max": 21.3014030457,
        "mean": 6.7998290062,
        "min": 2.45708394051,
        "stdev": 3.10982990265
    },
    "erbbands_flatness_db": {
        "max": 0.256693959236,
        "mean": 0.152374655008,
        "min": 0.0795719921589,
        "stdev": 0.0389700569212
    },
    "erbbands_kurtosis": {
        "max": 9.47496700287,
        "mean": -0.34399548173,
        "min": -1.59715199471,
        "stdev": 1.13323271275
    },
    "erbbands_skewness": {
        "max": 2.85460662842,
        "mean": 0.0986415445805,
        "min": -2.37047672272,
        "stdev": 0.740781128407
    },
    "erbbands_spread": {
        "max": 92.172203064,
        "mean": 44.7873802185,
        "min": 11.4292602539,
        "stdev": 13.5884885788
    },
    "hfc": {
        "max": 205.646759033,
        "mean": 42.0850067139,
        "min": 0.135842725635,
        "stdev": 30.6675109863
    },
    "loudness_ebu128": {
        "integrated": -15.9113769531,
        "loudness_range": 2.09328460693,
        "momentary": {
            "max": -13.6056995392,
            "mean": -16.1290225983,
            "min": -21.7377243042,
            "stdev": 1.44367992878
        },
        "short_term": {
            "max": -14.6979312897,
            "mean": -15.9617490768,
            "min": -17.3858280182,
            "stdev": 0.715452671051
        }
    },
    "melbands_crest": {
        "max": 26.526468277,
        "mean": 11.3434696198,
        "min": 3.69846487045,
        "stdev": 4.02265930176
    },
    "melbands_flatness_db": {
        "max": 0.219839200377,
        "mean": 0.0969011634588,
        "min": 0.0275267735124,
        "stdev": 0.0315316617489
    },
    "melbands_kurtosis": {
        "max": 36.2654762268,
        "mean": 5.01857185364,
        "min": -1.54793703556,
        "stdev": 5.04985189438
    },
    "melbands_skewness": {
        "max": 5.29482936859,
        "mean": 1.96974480152,
        "min": 0.106858924031,
        "stdev": 0.794189274311
    },
    "melbands_spread": {
        "max": 173.932662964,
        "mean": 47.0388946533,
        "min": 8.53838253021,
        "stdev": 25.9133701324
    },
    "pitch_salience": {
        "max": 0.894612669945,
        "mean": 0.669873118401,
        "min": 0.321038454771,
        "stdev": 0.0818552821875
    },
    "silence_rate_20dB": {
        "max": 1,
        "mean": 1,
        "min": 1,
        "stdev": 0
    },
    "silence_rate_30dB": {
        "max": 1,
        "mean": 1,
        "min": 1,
        "stdev": 0
    },
    "silence_rate_60dB": {
        "max": 1,
        "mean": 0.00466744462028,
        "min": 0,
        "stdev": 0.068158686161
    },
    "spectral_centroid": {
        "max": 4386.72070312,
        "mean": 2339.26953125,
        "min": 750.531311035,
        "stdev": 558.832580566
    },
    "spectral_complexity": {
        "max": 57,
        "mean": 29.3675613403,
        "min": 0,
        "stdev": 9.23207950592
    },
    "spectral_decrease": {
        "max": -1.97716322481e-11,
        "mean": -4.28635704708e-09,
        "min": -1.58977560005e-08,
        "stdev": 2.23852159031e-09
    },
    "spectral_energy": {
        "max": 0.0705430358648,
        "mean": 0.0199949517846,
        "min": 8.69436989888e-05,
        "stdev": 0.0102230114862
    },
    "spectral_energyband_high": {
        "max": 0.0266699120402,
        "mean": 0.00353664718568,
        "min": 7.65934237279e-06,
        "stdev": 0.004011512734
    },
    "spectral_energyband_low": {
        "max": 0.0332740321755,
        "mean": 0.00264569628052,
        "min": 1.81073971817e-06,
        "stdev": 0.00442421296611
    },
    "spectral_energyband_middle_high": {
        "max": 0.0309266448021,
        "mean": 0.00699211936444,
        "min": 3.89537199226e-05,
        "stdev": 0.00465000607073
    },
    "spectral_energyband_middle_low": {
        "max": 0.042806301266,
        "mean": 0.00749679887667,
        "min": 4.30763866461e-05,
        "stdev": 0.00566822988912
    },
    "spectral_entropy": {
        "max": 8.67012405396,
        "mean": 8.12899875641,
        "min": 7.43704223633,
        "stdev": 0.221162676811
    },
    "spectral_flux": {
        "max": 0.203161820769,
        "mean": 0.0880567654967,
        "min": 0.0313469283283,
        "stdev": 0.0289133898914
    },
    "spectral_kurtosis": {
        "max": 8.12300395966,
        "mean": 1.95925915241,
        "min": -0.729816913605,
        "stdev": 1.15600776672
    },
    "spectral_rms": {
        "max": 0.00829593092203,
        "mean": 0.00427535222843,
        "min": 0.000291244097752,
        "stdev": 0.00110843393486
    },
    "spectral_rolloff": {
        "max": 10099.0722656,
        "mean": 4174.45019531,
        "min": 301.46484375,
        "stdev": 1959.77233887
    },
    "spectral_skewness": {
        "max": 1.84776055813,
        "mean": 1.13509297371,
        "min": 0.419434338808,
        "stdev": 0.27656853199
    },
    "spectral_spread": {
        "max": 11869561,
        "mean": 5651559,
        "min": 3153780,
        "stdev": 1081868.625
    },
    "spectral_strongpeak": {
        "max": 10.5343790054,
        "mean": 0.90106087923,
        "min": 0,
        "stdev": 0.942708730698
    },
    "zerocrossingrate": {
        "max": 0.294921875,
        "mean": 0.129168912768,
        "min": 0.03662109375,
        "stdev": 0.04011419788
    },
    "barkbands": {
        "max": [0.000802325259428, 0.0192036051303, 0.016043394804, 0.0113508673385, 0.0251962374896, 0.0208321362734, 0.0378625132143, 0.0240147747099, 0.0307028256357, 0.0246974155307, 0.00773223070428, 0.0091084735468, 0.00887941475958, 0.0131334951147, 0.00738606555387, 0.00635644979775, 0.00488060666248, 0.00660989386961, 0.00943358149379, 0.00610685022548, 0.00566871231422, 0.00942468736321, 0.00792559422553, 0.007673420012, 0.0041344598867, 0.00303041492589, 6.06331377639e-06],
        "mean": [0.000118241667224, 0.00130223412998, 0.000950014975388, 0.00063932989724, 0.000852649449371, 0.000958088610787, 0.00126428867225, 0.000796661479399, 0.00225410307758, 0.00177750352304, 0.000627322762739, 0.000476140849059, 0.000534657447133, 0.000519770837855, 0.000427805905929, 0.000410585344071, 0.000656273565255, 0.00068584625842, 0.000906515168026, 0.000558727246244, 0.00065683433786, 0.000762977695558, 0.000671699119266, 0.000682146521285, 0.000319891842082, 0.000184621007065, 7.79985587229e-09],
        "min": [6.43048565507e-08, 5.92421088186e-07, 1.9969644427e-07, 1.33696801186e-07, 8.98778978353e-07, 2.89604395221e-06, 3.04586342281e-06, 5.43412397747e-06, 2.07298435271e-05, 2.20867041207e-05, 1.86851070794e-06, 2.67481414085e-06, 1.45704245824e-06, 4.11605833506e-06, 1.36630569614e-06, 2.1642322281e-06, 3.44110958395e-06, 2.08389769796e-06, 1.3658482203e-06, 1.14429724363e-06, 1.36136497986e-06, 1.17885338113e-06, 1.37876372719e-06, 2.15045088225e-06, 8.45745432798e-07, 1.48975487946e-07, 3.31710388324e-11],
        "stdev": [9.50703688432e-05, 0.00266230921261, 0.00193741184194, 0.0011799428612, 0.00195470498875, 0.00158399215434, 0.00298431492411, 0.00189371872693, 0.00277373637073, 0.00240680901334, 0.000860403233673, 0.000675511953887, 0.000827295531053, 0.000652038317639, 0.000556208135094, 0.000495795684401, 0.000680244760588, 0.000744471210055, 0.00122627022211, 0.00069575215457, 0.00080216495553, 0.00110586953815, 0.00094481126871, 0.000826408388093, 0.000454003515188, 0.000263059337158, 2.06974902994e-07]
    },
    "erbbands": {
        "max": [0.404269695282, 5.24966478348, 16.7739162445, 20.4006824493, 99.6944656372, 66.3719863892, 63.4218444824, 216.283493042, 487.473968506, 710.904907227, 583.654907227, 476.271942139, 1099.60888672, 439.831390381, 219.276641846, 358.379150391, 491.263397217, 332.470703125, 401.26739502, 435.492797852, 213.17300415, 282.233398438, 285.259643555, 504.256744385, 468.743103027, 216.984481812, 199.616271973, 289.363372803, 263.500152588, 301.161743164, 176.411514282, 138.325149536, 136.963760376, 67.0851135254, 17.3574790955, 26.2893314362, 1.22574996948, 0.0291782580316, 0.00180815637577, 0.000289776304271],
        "mean": [0.0221164170653, 0.347604095936, 1.01917099953, 1.84422659874, 2.61429142952, 2.55073451996, 4.35062646866, 9.08133602142, 15.9771518707, 18.5705165863, 24.0758991241, 46.7987251282, 65.4198989868, 40.0969696045, 21.7874717712, 20.0374507904, 24.6448345184, 25.6486282349, 24.7937793732, 22.0941486359, 25.4704914093, 37.4182281494, 37.2531509399, 41.3282928467, 44.0804443359, 26.2532501221, 23.8431301117, 29.0385246277, 24.9673748016, 23.3420543671, 18.6952648163, 15.3672924042, 10.6609830856, 4.62760972977, 1.77106356621, 1.61179232597, 0.0850225612521, 0.00202224543318, 0.000143911791383, 4.70430059067e-05],
        "min": [1.41859427458e-05, 0.000149091618368, 0.000357585086022, 0.000503757910337, 0.000689313863404, 0.00171288195997, 0.00735592516139, 0.0306503139436, 0.0469318553805, 0.0436595343053, 0.195091620088, 0.433460086584, 0.743802189827, 0.404641538858, 0.0692946761847, 0.112882554531, 0.0724171176553, 0.175925120711, 0.114128731191, 0.107235811651, 0.122171655297, 0.193534746766, 0.157621443272, 0.0608689896762, 0.0720821097493, 0.0523855537176, 0.0552194677293, 0.0495891757309, 0.0348798446357, 0.0472590066493, 0.0416071005166, 0.0603100657463, 0.020958615467, 0.0113964490592, 0.00484643131495, 0.00162501819432, 8.50285650813e-05, 3.22712890011e-06, 2.90884770493e-07, 1.49263442495e-07],
        "stdev": [0.0466220267117, 0.707228124142, 1.91823923588, 3.30163931847, 7.0004658699, 5.50372076035, 7.36664438248, 15.6977834702, 36.3205871582, 42.9859352112, 46.1957015991, 51.6499137878, 101.703659058, 49.4512519836, 23.9338588715, 26.866771698, 38.2683677673, 26.7530651093, 27.1524295807, 30.9025592804, 24.6118049622, 37.9895019531, 38.3129234314, 51.1390151978, 58.3351173401, 30.7392654419, 28.7692584991, 37.6150512695, 35.8437843323, 34.4903869629, 25.5540332794, 18.5516986847, 13.565237999, 6.43511915207, 2.48825836182, 2.27762198448, 0.119889006019, 0.00277605839074, 0.000177625144715, 3.49598267348e-05]
    },
    "gfcc": {
        "mean": [36.0095176697, 25.7789440155, -148.637420654, 26.8284740448, -89.2500305176, 24.5187969208, -44.009147644, 25.9973526001, -25.9583301544, 4.94729375839, -19.7535209656, 0.967115461826, -10.874578476],
        "cov": [[1369.25390625, 135.685256958, 631.826293945, 552.695007324, 132.416564941, 10.0861854553, -105.889083862, -188.13885498, -124.670555115, 48.8498687744, 39.6281852722, 42.5271949768, -56.7362556458], [135.685256958, 825.649291992, 479.441436768, 420.460754395, 151.931915283, -91.7805557251, -75.4803695679, -200.624557495, -75.4700469971, -10.9940881729, 21.9947776794, -63.677028656, -77.3496170044], [631.826293945, 479.441436768, 993.440002441, 689.885070801, 178.07611084, 124.945930481, -59.4141998291, -228.880218506, -99.8708496094, 59.6424865723, -17.2641620636, -5.801633358, -56.9813461304], [552.695007324, 420.460754395, 689.885070801, 658.420288086, 198.289413452, 74.8577423096, -10.6833744049, -196.241256714, -72.570892334, 53.1688804626, -7.30626535416, -19.5642948151, -51.2623710632], [132.416564941, 151.931915283, 178.07611084, 198.289413452, 154.842529297, 82.0042266846, 29.6236133575, -30.1989746094, -26.4552536011, 13.5338230133, 0.871032297611, -6.95824289322, -6.21832180023], [10.0861854553, -91.7805557251, 124.945930481, 74.8577423096, 82.0042266846, 236.897247314, 137.703369141, 23.9711933136, -6.43914270401, 7.54416131973, -26.6953277588, 11.0737304688, 13.8062915802], [-105.889083862, -75.4803695679, -59.4141998291, -10.6833744049, 29.6236133575, 137.703369141, 169.554321289, 63.0645675659, 12.670876503, -1.21379244328, -10.0160312653, -3.53858423233, 4.25588083267], [-188.13885498, -200.624557495, -228.880218506, -196.241256714, -30.1989746094, 23.9711933136, 63.0645675659, 145.800354004, 64.0646591187, -4.45394659042, 1.23039245605, 9.90670490265, 24.1430683136], [-124.670555115, -75.4700469971, -99.8708496094, -72.570892334, -26.4552536011, -6.43914270401, 12.670876503, 64.0646591187, 76.5103530884, 21.7893562317, -2.47995567322, 1.66266131401, 9.01803207397], [48.8498687744, -10.9940881729, 59.6424865723, 53.1688804626, 13.5338230133, 7.54416131973, -1.21379244328, -4.45394659042, 21.7893562317, 59.4903945923, 23.2674922943, 9.55076694489, 2.57508468628], [39.6281852722, 21.9947776794, -17.2641620636, -7.30626535416, 0.871032297611, -26.6953277588, -10.0160312653, 1.23039245605, -2.47995567322, 23.2674922943, 61.9551506042, 23.1468982697, -2.08468317986], [42.5271949768, -63.677028656, -5.801633358, -19.5642948151, -6.95824289322, 11.0737304688, -3.53858423233, 9.90670490265, 1.66266131401, 9.55076694489, 23.1468982697, 48.9062309265, 26.7137947083], [-56.7362556458, -77.3496170044, -56.9813461304, -51.2623710632, -6.21832180023, 13.8062915802, 4.25588083267, 24.1430683136, 9.01803207397, 2.57508468628, -2.08468317986, 26.7137947083, 54.5318374634]],
        "icov": [[0.00180115888361, 0.00107533053961, -0.000280972308246, -0.00176241004374, -0.000332731491653, 0.000642697850708, 0.000892142707016, -0.000630113936495, 0.00198131380603, 0.000281705230009, -0.000677617674228, -0.00177850259934, 0.00196198443882], [0.00107533053961, 0.00747887184843, -0.00639253435656, 0.00452630408108, -0.0106362365186, 0.0107090305537, -0.00874634087086, 0.0118476599455, -0.00933463126421, 0.010267031379, -0.00779617764056, 0.00549589609727, -0.00111608766019], [-0.000280972308246, -0.00639253435656, 0.0124467350543, -0.0125449085608, 0.0140847051516, -0.0158303212374, 0.0153720146045, -0.014306453988, 0.0136468010023, -0.0112550808117, 0.00734097370878, -0.00600005919114, 0.00409620348364], [-0.00176241004374, 0.00452630408108, -0.0125449085608, 0.0208788700402, -0.0194704607129, 0.0163299776614, -0.0187472458929, 0.0216653980315, -0.0170219615102, 0.00644201086834, -0.0024348560255, 0.00419829785824, -0.00301724113524], [-0.000332731491653, -0.0106362365186, 0.0140847051516, -0.0194704607129, 0.0350381731987, -0.0260715261102, 0.0226138047874, -0.0277838576585, 0.022720111534, -0.0147868758067, 0.00535684870556, -0.00210278457962, 0.000289368850645], [0.000642697850708, 0.0107090305537, -0.0158303212374, 0.0163299776614, -0.0260715261102, 0.0349235311151, -0.0304876193404, 0.023310303688, -0.0174669828266, 0.0127687742934, -0.002445229562, 0.000455334258731, -0.00311847543344], [0.000892142707016, -0.00874634087086, 0.0153720146045, -0.0187472458929, 0.0226138047874, -0.0304876193404, 0.0367259569466, -0.0290521923453, 0.0219723191112, -0.0134509187192, 0.00481281615794, -0.00273128203116, 0.00577855994925], [-0.000630113936495, 0.0118476599455, -0.014306453988, 0.0216653980315, -0.0277838576585, 0.023310303688, -0.0290521923453, 0.0505704917014, -0.0390025526285, 0.0229886434972, -0.0142383603379, 0.00883954204619, -0.00713515747339], [0.00198131380603, -0.00933463126421, 0.0136468010023, -0.0170219615102, 0.022720111534, -0.0174669828266, 0.0219723191112, -0.0390025526285, 0.0533792078495, -0.032930303365, 0.0195931885391, -0.0119491685182, 0.00897549372166], [0.000281705230009, 0.010267031379, -0.0112550808117, 0.00644201086834, -0.0147868758067, 0.0127687742934, -0.0134509187192, 0.0229886434972, -0.032930303365, 0.0484534576535, -0.0282124374062, 0.0140469092876, -0.00969779212028], [-0.000677617674228, -0.00779617764056, 0.00734097370878, -0.0024348560255, 0.00535684870556, -0.002445229562, 0.00481281615794, -0.0142383603379, 0.0195931885391, -0.0282124374062, 0.0437654145062, -0.0290582887828, 0.0147767243907], [-0.00177850259934, 0.00549589609727, -0.00600005919114, 0.00419829785824, -0.00210278457962, 0.000455334258731, -0.00273128203116, 0.00883954204619, -0.0119491685182, 0.0140469092876, -0.0290582887828, 0.0536159910262, -0.0264965705574], [0.00196198443882, -0.00111608766019, 0.00409620348364, -0.00301724113524, 0.000289368850645, -0.00311847543344, 0.00577855994925, -0.00713515747339, 0.00897549372166, -0.00969779212028, 0.0147767243907, -0.0264965705574, 0.0362890511751]]
    },
    "melbands": {
        "max": [0.00446000648662, 0.00771645922214, 0.00588303245604, 0.00668420037255, 0.00201929640025, 0.00443367706612, 0.00803263299167, 0.00621897121891, 0.00425715558231, 0.00323583767749, 0.00535095343366, 0.00189012836199, 0.000921431987081, 0.00131631956901, 0.000857427017763, 0.000888176145963, 0.000828787218779, 0.000973857881036, 0.000696811359376, 0.000601505977102, 0.000301589723676, 0.000329524133122, 0.000489716650918, 0.000447009020718, 0.00045408681035, 0.000442838470917, 0.000357077922672, 0.000164636890986, 0.000133054723847, 0.000211065867916, 0.00017221197777, 0.00016259381664, 0.000193035317352, 0.000185049619176, 0.000119998854643, 0.000127519393573, 0.000109551452624, 9.55455907388e-05, 0.000102034129668, 4.94538035127e-05],
        "mean": [0.000296182406601, 0.000525258597918, 0.000341502978699, 0.000182963238331, 0.000143243538332, 0.000203274437808, 0.000250751996646, 0.000188585850992, 0.000217711727601, 0.000313414901029, 0.000327749556163, 0.000167360645719, 7.92250648374e-05, 5.15115534654e-05, 5.42004563613e-05, 5.48839743715e-05, 4.65131524834e-05, 4.12819063058e-05, 3.21460429404e-05, 2.67999239441e-05, 3.05356443278e-05, 3.82538419217e-05, 3.76648422389e-05, 3.13443597406e-05, 3.29851063725e-05, 3.69803383364e-05, 2.41888665187e-05, 1.55456018547e-05, 1.33993153213e-05, 1.70764578797e-05, 1.70699604496e-05, 1.40410465974e-05, 1.44287914736e-05, 1.2152162526e-05, 1.04505534182e-05, 1.05422104753e-05, 9.14533575269e-06, 7.70157839725e-06, 6.08803293289e-06, 3.13566783916e-06],
        "min": [1.48361309016e-07, 2.9545998359e-07, 1.74034596512e-07, 1.98823869368e-07, 2.06713707485e-07, 7.44998772007e-07, 7.00716555002e-07, 5.24680899616e-07, 1.83511542673e-06, 2.9345137591e-06, 3.72375757252e-06, 1.79979099357e-06, 2.04886916322e-07, 2.6227664307e-07, 2.65671047828e-07, 1.41767145578e-07, 3.65109855238e-07, 2.23794856424e-07, 1.03796409689e-07, 1.37215891982e-07, 1.39254979103e-07, 1.72737244952e-07, 2.03345393857e-07, 1.05636857484e-07, 3.59264227257e-08, 8.03664548243e-08, 3.16967927461e-08, 3.27075149187e-08, 3.54385782941e-08, 3.48070479106e-08, 2.50073242114e-08, 1.58605164557e-08, 3.07167304925e-08, 2.25640430784e-08, 1.95941378678e-08, 3.33351692916e-08, 4.0293823389e-08, 1.6491597421e-08, 7.41892103306e-09, 1.05267652373e-08],
        "stdev": [0.000597650301643, 0.000934546231292, 0.000611019553617, 0.000477542635053, 0.000232968275668, 0.000333957170369, 0.00056384166237, 0.000422856828663, 0.000380528799724, 0.000373499817215, 0.000507090124302, 0.000212230021134, 9.62733683991e-05, 7.69658945501e-05, 7.79729307396e-05, 9.32101247599e-05, 5.24198185303e-05, 5.25411014678e-05, 4.80527232867e-05, 3.78945769626e-05, 3.11376825266e-05, 4.05257778766e-05, 4.66245801363e-05, 3.4618547943e-05, 4.45295045211e-05, 5.36010920769e-05, 3.56370655936e-05, 2.06622935366e-05, 1.66608551808e-05, 2.44304828811e-05, 2.32002876146e-05, 2.05535852729e-05, 2.21907102969e-05, 1.83975989785e-05, 1.50479281729e-05, 1.48090784933e-05, 1.13457772386e-05, 9.90810531221e-06, 8.68444567459e-06, 4.53610437035e-06]
    },
    "melbands128": {
        "max": [0.000399423443014, 0.00273504108191, 0.00722388038412, 0.0104787871242, 0.00934897176921, 0.00754735060036, 0.00497428281233, 0.00717934640124, 0.0114416405559, 0.00897200219333, 0.00358694186434, 0.00223084632307, 0.00294520426542, 0.0059693637304, 0.00776754319668, 0.00387076591142, 0.00505884550512, 0.0143849588931, 0.0130436252803, 0.0110472505912, 0.00723072141409, 0.00763461971655, 0.00616734102368, 0.00551944039762, 0.00367904128507, 0.00622803624719, 0.0139049850404, 0.00936675909907, 0.00276658614166, 0.00278785824776, 0.00209652585909, 0.00242441217415, 0.0013653509086, 0.00157686346211, 0.000896926852874, 0.00252467743121, 0.000976726179942, 0.00164927262813, 0.00101524125785, 0.00260840822011, 0.00171924650203, 0.000938738114201, 0.000943750841543, 0.00147658761125, 0.00275444914587, 0.000517720472999, 0.000910009955987, 0.000768407073338, 0.00157570524607, 0.000935949734412, 0.00126040086616, 0.000415026181145, 0.000470892817248, 0.000465710152639, 0.000611021823715, 0.000543667352758, 0.000629309623037, 0.000774135638494, 0.000570044736378, 0.000437012815382, 0.000751185521949, 0.000504794763401, 0.00102723226883, 0.000510877289344, 0.000807220989373, 0.000690433487762, 0.000814258703031, 0.00064743636176, 0.000650771544315, 0.000289647374302, 0.000323216227116, 0.000212727260077, 0.000182549483725, 0.000135643698741, 0.000279422383755, 0.000267772556981, 0.000334460200975, 0.000216642394662, 0.000243120521191, 0.000294128549285, 0.000222245478653, 0.000195982967853, 0.000259153282968, 0.000257793639321, 0.000343698484357, 0.000199604721274, 0.000158686321811, 0.000352893868694, 0.0001616661757, 0.000126088780235, 0.00028498476604, 0.000253819860518, 9.60888210102e-05, 0.000182187068276, 0.000123011734104, 0.0001205165172, 0.00011908988381, 0.000135655252961, 0.000131850873004, 8.60621730681e-05, 9.77486561169e-05, 4.21561198891e-05, 2.63046222244e-05, 2.12847553485e-05, 2.13103248825e-05, 2.23626575462e-05, 5.73280376557e-05, 5.21448200743e-05, 8.62470478751e-05, 5.63622816117e-05, 2.49069989877e-06, 5.12323019564e-08, 4.2372857223e-08, 3.78975251181e-08, 3.49550042245e-08, 3.27462181815e-08, 3.09194838621e-08, 2.93950357388e-08, 2.81147354286e-08, 2.70698521376e-08, 2.61274148983e-08, 2.52626186636e-08, 2.46014018046e-08, 2.40538096108e-08, 2.35575114971e-08, 2.31910259885e-08, 2.29280914255e-08, 2.27674004094e-08],
        "mean": [4.61609233753e-05, 0.000102719990537, 0.000417213013861, 0.000634698662907, 0.000532910053153, 0.00047797197476, 0.000382814439945, 0.000303700711811, 0.000278958497802, 0.000172545100213, 0.000126419603475, 0.000131704087835, 0.000146007165313, 0.000159587274538, 0.00018653004372, 0.000244112525252, 0.000240998895606, 0.00026552498457, 0.000232661433984, 0.000235710744164, 0.000131678127218, 0.000151256521349, 0.000224520641495, 0.000298263854347, 0.000267150462605, 0.000338104175171, 0.000381835037842, 0.000357654498657, 0.000258054962615, 0.000187242578249, 0.000137932074722, 0.000114009941171, 7.30692554498e-05, 6.0492704506e-05, 5.03675219079e-05, 4.80987910123e-05, 5.31062869413e-05, 5.85945817875e-05, 4.97587861901e-05, 5.58326137252e-05, 5.59990148759e-05, 5.44107206224e-05, 4.28744933743e-05, 4.41769989266e-05, 5.06596588821e-05, 3.7891921238e-05, 3.532561459e-05, 3.23241656588e-05, 3.16026562359e-05, 2.87528255285e-05, 2.52617046499e-05, 2.50225402851e-05, 2.94803176075e-05, 3.181824286e-05, 3.61329366569e-05, 3.90985187551e-05, 3.92884358007e-05, 4.17250194005e-05, 3.62366663467e-05, 3.17081503454e-05, 2.99581733998e-05, 3.20624749293e-05, 3.20798426401e-05, 3.11357034661e-05, 3.78743570764e-05, 4.09014937759e-05, 3.4880664316e-05, 2.8136648325e-05, 2.10285634239e-05, 1.90380087588e-05, 1.67439466168e-05, 1.25285714603e-05, 1.38457344292e-05, 1.21320254038e-05, 1.5163252101e-05, 1.68494225363e-05, 1.88251669897e-05, 1.58364673553e-05, 1.61342341016e-05, 2.07824541576e-05, 1.24655889522e-05, 1.24708030853e-05, 1.34078773044e-05, 1.45645581142e-05, 1.65697583725e-05, 1.1715805158e-05, 1.11988047138e-05, 1.09555840027e-05, 9.70806104306e-06, 1.0463120816e-05, 1.18902771646e-05, 1.0546028534e-05, 8.82395761437e-06, 9.12457653612e-06, 9.57452175498e-06, 7.64991818869e-06, 7.32060061637e-06, 7.81913422543e-06, 6.3172242335e-06, 5.29869521415e-06, 3.99733926315e-06, 2.86220188173e-06, 2.01006605494e-06, 1.54126587404e-06, 1.48540391365e-06, 1.92405582311e-06, 2.51242408922e-06, 3.36268681167e-06, 3.95705546907e-06, 3.19936998494e-06, 1.41385456232e-07, 1.1298655761e-10, 5.71644745428e-11, 4.93460307338e-11, 4.57807403098e-11, 4.22363914676e-11, 3.97329530388e-11, 3.77801123719e-11, 3.61434771001e-11, 3.48107445647e-11, 3.36109300114e-11, 3.25133878154e-11, 3.16633629038e-11, 3.09552765365e-11, 3.03297768844e-11, 2.9866005502e-11, 2.95338024869e-11, 2.93257640394e-11],
        "min": [4.24536850119e-09, 1.02471702235e-07, 1.79528115041e-07, 9.72249551978e-08, 5.21786205354e-08, 1.03793695416e-07, 5.75465648467e-08, 8.51832595572e-08, 1.61440159019e-08, 2.65007180644e-08, 2.65641784125e-08, 7.27849425175e-08, 3.50336080146e-08, 2.62842405618e-07, 1.49516822034e-07, 8.42206588914e-08, 2.0493394004e-07, 3.56869549023e-07, 5.3396564681e-07, 3.40020505973e-07, 4.70433235478e-07, 3.24878755009e-07, 1.21943890008e-06, 1.75331274477e-06, 1.71792589754e-06, 3.12565430249e-06, 3.20556523548e-06, 1.30048499614e-06, 1.52345546667e-06, 1.52011284626e-06, 9.08459469429e-07, 2.49759807502e-07, 7.6403708249e-08, 1.72217056615e-07, 2.18816254005e-07, 2.72878565966e-07, 3.63231322353e-07, 3.33880592507e-07, 1.65565978705e-07, 7.96351784516e-08, 1.33079183229e-07, 2.18088501924e-07, 3.73498522777e-07, 4.51798626955e-07, 2.90563320959e-07, 1.82737608156e-07, 3.91772481123e-08, 4.64796734434e-08, 1.54382362894e-07, 2.16720948742e-07, 8.24202786021e-08, 1.16241437809e-07, 1.95219683974e-07, 1.37161919156e-07, 5.10308737489e-08, 1.21268229236e-07, 3.33178689971e-07, 3.01706222672e-07, 6.94995634376e-08, 1.86036487548e-07, 1.19161754242e-07, 5.48295950864e-08, 2.91354798065e-08, 1.11951576898e-08, 7.12988779128e-08, 1.48249085896e-07, 2.93236279703e-08, 1.17020677592e-08, 4.37206857384e-08, 4.26369588524e-08, 3.52707552054e-08, 1.7014160747e-08, 4.55964013213e-08, 3.72272168647e-08, 2.35702568574e-08, 4.01130755279e-08, 3.59689558138e-08, 3.84735479031e-08, 1.94967082479e-08, 1.4521233993e-08, 2.21530580546e-08, 8.62621796216e-09, 2.02345358247e-08, 3.68256145578e-08, 3.73823496602e-08, 2.5712663998e-08, 1.97918375022e-08, 1.06691784296e-08, 1.9487300662e-08, 1.91823996687e-08, 4.00259629885e-08, 3.32959508853e-08, 3.59058844879e-08, 4.31839843884e-08, 4.73027697012e-08, 1.48246774856e-08, 1.35579361071e-08, 8.81180017842e-09, 5.74567238232e-09, 7.74255237701e-09, 1.01191801605e-08, 1.37658417998e-08, 7.35013649944e-09, 3.72700759144e-09, 1.72840108892e-09, 9.8217913802e-09, 5.20712806207e-09, 3.58865825945e-09, 2.70205569031e-09, 1.6852240714e-09, 4.71725991602e-10, 5.01469362996e-13, 1.16144032868e-13, 9.77607683933e-14, 1.20537762172e-13, 9.23871845996e-14, 1.2071794302e-13, 1.0639996913e-13, 6.89861647083e-14, 1.18056687473e-13, 1.08365959706e-13, 1.11775802644e-13, 9.46087690612e-14, 9.07737697942e-14, 9.55749897085e-14, 9.47445924883e-14, 1.04567965615e-13, 6.9683970779e-14],
        "stdev": [4.39649775217e-05, 0.000246226496529, 0.000948113098275, 0.00132805726025, 0.00103714980651, 0.00100513384677, 0.000733255466912, 0.000608516915236, 0.000828717893455, 0.000614799093455, 0.000284265435766, 0.00025045935763, 0.000288116076263, 0.000362866383512, 0.000440731178969, 0.000469738821266, 0.000541101850104, 0.000887930567842, 0.00081408128608, 0.000662505393848, 0.000434285728261, 0.000556142185815, 0.000537858635653, 0.00048308641999, 0.000358649413101, 0.000535822357051, 0.000922201608773, 0.000734985456802, 0.000375969422748, 0.000288250885205, 0.000228051911108, 0.000231693178648, 0.000106834930193, 0.000115982948046, 9.47688458837e-05, 0.000121575976664, 8.52106968523e-05, 0.00012609580881, 8.51809236337e-05, 0.000149693863932, 0.000137094815727, 8.4592080384e-05, 6.26888431725e-05, 7.94849329395e-05, 0.000114827380457, 5.17145927006e-05, 6.51818190818e-05, 6.05887762504e-05, 8.00122215878e-05, 5.69816693314e-05, 5.42217276234e-05, 3.4936456359e-05, 4.2406769353e-05, 4.32521810581e-05, 5.34308674105e-05, 5.7152199588e-05, 5.94137127337e-05, 7.09925006959e-05, 6.02902291575e-05, 4.46683661721e-05, 4.75041451864e-05, 4.8831654567e-05, 6.0985890741e-05, 5.00092100992e-05, 6.85558406985e-05, 7.72109560785e-05, 6.45553809591e-05, 5.95437122684e-05, 4.35638685303e-05, 2.99160401482e-05, 2.99910043395e-05, 1.87569457921e-05, 2.1750212909e-05, 1.49121869981e-05, 2.54617552855e-05, 2.81114425889e-05, 3.3339845686e-05, 2.28425051318e-05, 2.47322059295e-05, 3.66281346942e-05, 1.99939349841e-05, 2.01655675482e-05, 2.39908476942e-05, 2.37648819166e-05, 2.88132468995e-05, 1.98425659619e-05, 1.78711597982e-05, 2.12143695535e-05, 1.53350738401e-05, 1.49900315591e-05, 1.9670720576e-05, 1.84142263606e-05, 1.17285999295e-05, 1.30503412947e-05, 1.41966565934e-05, 1.12121315397e-05, 9.97445749817e-06, 1.15901648314e-05, 9.9379403764e-06, 8.36899926071e-06, 6.76483796269e-06, 4.29267856816e-06, 3.01053796647e-06, 2.45009573518e-06, 2.37751442e-06, 2.87767988993e-06, 4.11171458836e-06, 5.37057348993e-06, 6.36180084257e-06, 4.81972392663e-06, 2.55479989164e-07, 1.76956926889e-09, 1.44667566815e-09, 1.29375998803e-09, 1.19344256699e-09, 1.11781961465e-09, 1.05545971962e-09, 1.00342012477e-09, 9.59714863136e-10, 9.24048226825e-10, 8.91876961173e-10, 8.62356797082e-10, 8.39785796458e-10, 8.2109430366e-10, 8.04150745992e-10, 7.91641363573e-10, 7.82664044685e-10, 7.77180708678e-10]
    },
    "mfcc": {
        "mean": [-590.805114746, 54.3924713135, -10.8005695343, -2.15093684196, -14.0073423386, -8.36530017853, -4.97876214981, 8.29904937744, 1.69962656498, 5.76704120636, 1.85986161232, -0.235262110829, -6.90976381302],
        "cov": [[1142.40429688, -93.9972915649, 355.035919189, 371.428741455, 172.178497314, 156.353393555, 34.3746490479, -78.8856658936, -115.227249146, -115.937141418, -23.6985588074, 16.5448684692, 66.1426239014], [-93.9972915649, 503.142425537, 188.28453064, 250.370986938, 113.128349304, 35.6761207581, -9.35000133514, -74.7621612549, -95.323677063, -52.9471702576, -21.672044754, 7.04309034348, 3.65712833405], [355.035919189, 188.28453064, 807.000244141, 506.452453613, 244.636245728, 332.692565918, 65.8974914551, -93.8005142212, -62.8197021484, -78.0625457764, -68.3912963867, 42.6932525635, 66.924079895], [371.428741455, 250.370986938, 506.452453613, 568.705993652, 228.556549072, 235.403610229, 32.0213394165, -111.291229248, -83.082244873, -70.8864440918, -35.9519538879, 31.1459541321, 64.3205566406], [172.178497314, 113.128349304, 244.636245728, 228.556549072, 191.709991455, 118.437019348, 22.681016922, -45.70570755, -24.8707923889, -33.3619422913, -27.4757728577, 11.7325401306, 26.0779590607], [156.353393555, 35.6761207581, 332.692565918, 235.403610229, 118.437019348, 294.09475708, 125.474853516, -0.234408155084, 18.0818462372, -23.365606308, -26.3275356293, 33.4800567627, 22.9856300354], [34.3746490479, -9.35000133514, 65.8974914551, 32.0213394165, 22.681016922, 125.474853516, 149.420181274, 57.4733695984, 25.7318248749, 6.41071081161, 3.37433314323, 19.9135379791, -5.59384870529], [-78.8856658936, -74.7621612549, -93.8005142212, -111.291229248, -45.70570755, -0.234408155084, 57.4733695984, 106.564529419, 60.7618865967, 30.054485321, 19.0094604492, 4.5206413269, -25.534538269], [-115.227249146, -95.323677063, -62.8197021484, -83.082244873, -24.8707923889, 18.0818462372, 25.7318248749, 60.7618865967, 112.929084778, 47.9539375305, 10.405798912, 8.27204418182, -13.7657308578], [-115.937141418, -52.9471702576, -78.0625457764, -70.8864440918, -33.3619422913, -23.365606308, 6.41071081161, 30.054485321, 47.9539375305, 73.9562530518, 24.9031791687, 2.97362589836, -6.80835819244], [-23.6985588074, -21.672044754, -68.3912963867, -35.9519538879, -27.4757728577, -26.3275356293, 3.37433314323, 19.0094604492, 10.405798912, 24.9031791687, 58.3935165405, 20.712972641, -2.31664466858], [16.5448684692, 7.04309034348, 42.6932525635, 31.1459541321, 11.7325401306, 33.4800567627, 19.9135379791, 4.5206413269, 8.27204418182, 2.97362589836, 20.712972641, 57.9745330811, 19.8173294067], [66.1426239014, 3.65712833405, 66.924079895, 64.3205566406, 26.0779590607, 22.9856300354, -5.59384870529, -25.534538269, -13.7657308578, -6.80835819244, -2.31664466858, 19.8173294067, 59.0089988708]],
        "icov": [[0.0018330689054, 0.00155934353825, -3.55971460522e-05, -0.00136935070623, -0.000791723083239, 0.000528522592504, -0.000544589769561, -0.000335351418471, 0.00142148218583, 0.00191761518363, -0.000677417090628, 0.000121856544865, -0.000185716606211], [0.00155934353825, 0.00442488957196, 1.75002987817e-05, -0.00260166800581, -0.00135806389153, 0.00161751965061, -0.00101009942591, -1.151143897e-05, 0.00275049428456, 0.00150034762919, 0.000168506769114, -0.00106899312232, 0.00184365198947], [-3.55971460522e-05, 1.75002987817e-05, 0.00416027102619, -0.00172743271105, -0.000894008844625, -0.0033042836003, 0.00154598196968, -0.00041900225915, 0.00117465516087, -0.000233826896874, 0.00231190794148, -0.00140205828939, -0.000340448663337], [-0.00136935070623, -0.00260166800581, -0.00172743271105, 0.00784938409925, -0.00232541142032, -0.00298806163482, 0.00108666415326, 0.00237185694277, -0.000115301569167, -0.000836316437926, -0.00200834684074, 0.000887911126483, -0.00208011129871], [-0.000791723083239, -0.00135806389153, -0.000894008844625, -0.00232541142032, 0.0113618997857, -0.00070461636642, -0.00030011619674, 0.00124844396487, -0.00233640428632, -4.9109235988e-05, 0.0016739416169, 0.00024622422643, -0.000282363325823], [0.000528522592504, 0.00161751965061, -0.0033042836003, -0.00298806163482, -0.00070461636642, 0.0141999321058, -0.00983084179461, 0.00254999729805, -0.00455067213625, 0.00227934471332, 0.0013146122219, -0.00147134740837, 0.00101063947659], [-0.000544589769561, -0.00101009942591, 0.00154598196968, 0.00108666415326, -0.00030011619674, -0.00983084179461, 0.0175463203341, -0.00986766722053, 0.00424463488162, -0.00244488543831, 0.000424739497248, -0.00173126277514, 0.000396784773329], [-0.000335351418471, -1.151143897e-05, -0.00041900225915, 0.00237185694277, 0.00124844396487, 0.00254999729805, -0.00986766722053, 0.0234261024743, -0.00917077623308, 0.00141921429895, -0.00334953540005, 0.000109526874439, 0.00377910933457], [0.00142148218583, 0.00275049428456, 0.00117465516087, -0.000115301569167, -0.00233640428632, -0.00455067213625, 0.00424463488162, -0.00917077623308, 0.0210656300187, -0.00840997323394, 0.00366498925723, -0.00360440392978, 0.00156706455164], [0.00191761518363, 0.00150034762919, -0.000233826896874, -0.000836316437926, -4.9109235988e-05, 0.00227934471332, -0.00244488543831, 0.00141921429895, -0.00840997323394, 0.0251216366887, -0.00920802913606, 0.00321850343607, -0.0020552307833], [-0.000677417090628, 0.000168506769114, 0.00231190794148, -0.00200834684074, 0.0016739416169, 0.0013146122219, 0.000424739497248, -0.00334953540005, 0.00366498925723, -0.00920802913606, 0.0287297610193, -0.012722004205, 0.00284795486368], [0.000121856544865, -0.00106899312232, -0.00140205828939, 0.000887911126483, 0.00024622422643, -0.00147134740837, -0.00173126277514, 0.000109526874439, -0.00360440392978, 0.00321850343607, -0.012722004205, 0.0273426119238, -0.00925203412771], [-0.000185716606211, 0.00184365198947, -0.000340448663337, -0.00208011129871, -0.000282363325823, 0.00101063947659, 0.000396784773329, 0.00377910933457, 0.00156706455164, -0.0020552307833, 0.00284795486368, -0.00925203412771, 0.0244453810155]]
    },
    "spectral_contrast_coeffs": {
        "max": [-0.45276260376, -0.527464568615, -0.531332314014, -0.67507994175, -0.633336126804, -0.62127071619],
        "mean": [-0.72725468874, -0.755575716496, -0.756402552128, -0.816547572613, -0.78413683176, -0.763003647327],
        "min": [-0.901661396027, -0.917290270329, -0.883879721165, -0.914249479771, -0.876541733742, -0.850704729557],
        "stdev": [0.0745893418789, 0.0657578185201, 0.0585861131549, 0.035837713629, 0.0433049537241, 0.0318878032267]
    },
    "spectral_contrast_valleys": {
        "max": [-4.9767203331, -5.15600538254, -5.5070438385, -6.14338588715, -5.70555210114, -7.50314950943],
        "mean": [-7.72572946548, -6.54122829437, -6.80400896072, -6.97718858719, -6.73893737793, -8.83676624298],
        "min": [-9.85558605194, -8.08167743683, -8.77733039856, -9.06719398499, -9.22921466827, -11.3050327301],
        "stdev": [1.14967393875, 0.428083151579, 0.420001417398, 0.35800793767, 0.382455050945, 0.486399829388]
    }
},
"rhythm": {
    "beats_count": 49,
    "beats_loudness": {
        "max": 0.0635457336903,
        "mean": 0.025148011744,
        "min": 0.00306031340733,
        "stdev": 0.0115907518193
    },
    "bpm": 172.265609741,
    "bpm_histogram_first_peak_bpm": 172,
    "bpm_histogram_first_peak_weight": 0,
    "bpm_histogram_second_peak_bpm": 117,
    "bpm_histogram_second_peak_spread": 0.416666686535,
    "bpm_histogram_second_peak_weight": 0.145833328366,
    "danceability": 1.18510055542,
    "onset_rate": 3.01867318153,
    "beats_loudness_band_ratio": {
        "max": [0.779657304287, 0.301503807306, 0.616773962975, 0.623655319214, 0.270959019661, 0.702035486698],
        "mean": [0.167663276196, 0.0725326761603, 0.244786560535, 0.181468755007, 0.116501875222, 0.263449758291],
        "min": [0.000690367189236, 0.00186781235971, 0.00965789612383, 0.018798334524, 0.0299193579704, 0.0516280680895],
        "stdev": [0.222068205476, 0.0707250609994, 0.192071795464, 0.150633707643, 0.0634293779731, 0.167231068015]
    },
    "beats_position": [0.278639435768, 0.592108845711, 0.9287981987, 1.27709746361, 1.62539684772, 1.97369611263, 2.32199549675, 2.67029476166, 3.01859402657, 3.36689329147, 3.7151927948, 4.06349182129, 4.41179132462, 4.77170038223, 5.11999988556, 5.46829938889, 5.80498838425, 6.15328788757, 6.5015873909, 6.83827638626, 7.17496585846, 7.52326536179, 7.85995435715, 8.20825386047, 8.54494285583, 8.88163280487, 9.26476192474, 9.64789104462, 10.0310201645, 10.4141492844, 10.7972784042, 11.1687984467, 11.5403175354, 11.9814968109, 12.4226751328, 12.8638544083, 13.3050336838, 13.8158731461, 14.3267116547, 14.8375511169, 15.3483896255, 15.8592290878, 16.3700675964, 16.8692970276, 17.3801364899, 17.8793640137, 18.3785934448, 18.877822876, 19.3770523071],
