{
"metadata": {
    "version": {
        "essentia": "2.1-beta5",
        "essentia_git_sha": "Undefined",
        "extractor": "music 2.0"
    },
    "audio_properties": {
        "analysis": {
            "equal_loudness": 0,
            "length": 31.2192287445,
            "sample_rate": 44100,
            "start_time": 191.4949646,
            "downmix": "mix"
        },
        "bit_rate": 192000,
        "length": 222.737411499,
        "lossless": 0,
        "number_channels": 2,
        "replay_gain": 1.00966453552,
        "sample_rate": 48000,
        "codec": "mp3",
        "md5_encoded": "b1e116a59ef855dbf6990ff1902194d5"
    },
    "tags": {
        "file_name": "Israel_Ze Rak Sport_Dafna.mp3",
        "encoding": ["Lavf58.29.100"]
    }
},
"lowlevel": {
    "average_loudness": 0.627191722393,
    "barkbands_crest": {
        "max": 24.8594703674,
        "mean": 7.75176811218,
        "min": 2.22051930428,
        "stdev": 3.8404943943
    },
    "barkbands_flatness_db": {
        "max": 0.257646203041,
        "mean": 0.103386923671,
        "min": 0.0231676436961,
        "stdev": 0.0390028245747
    },
    "barkbands_kurtosis": {
        "max": 31.7068748474,
        "mean": 1.40319061279,
        "min": -1.71398818493,
        "stdev": 3.02904176712
    },
    "barkbands_skewness": {
        "max": 4.61698865891,
        "mean": -0.226480990648,
        "min": -2.28891324997,
        "stdev": 1.28905022144
    },
    "barkbands_spread": {
        "max": 83.8846817017,
        "mean": 25.8214015961,
        "min": 2.34344983101,
        "stdev": 11.7592458725
    },
    "dissonance": {
        "max": 0.499999821186,
        "mean": 0.480036526918,
        "min": 0.339929819107,
        "stdev": 0.0218274723738
    },
    "dynamic_complexity": 5.02039909363,
    "erbbands_crest": {
        "max": 30.2817974091,
        "mean": 7.32021951675,
        "min": 2.62178993225,
        "stdev": 5.03309679031
    },
    "erbbands_flatness_db": {
        "max": 0.338020920753,
        "mean": 0.162228479981,
        "min": 0.0800226554275,
        "stdev": 0.062593832612
    },
    "erbbands_kurtosis": {
        "max": 27.7632293701,
        "mean": 0.327166467905,
        "min": -1.63726055622,
        "stdev": 2.19223642349
    },
    "erbbands_skewness": {
        "max": 4.49237108231,
        "mean": -0.0225351862609,
        "min": -1.88474667072,
        "stdev": 0.801563739777
    },
    "erbbands_spread": {
        "max": 91.6394958496,
        "mean": 33.0936584473,
        "min": 4.74518299103,
        "stdev": 13.4995307922
    },
    "hfc": {
        "max": 167.77822876,
        "mean": 20.5900154114,
        "min": 1.05133676474e-16,
        "stdev": 25.0104160309
    },
    "loudness_ebu128": {
        "integrated": -24.0206546783,
        "loudness_range": 9.84571647644,
        "momentary": {
            "max": -21.4278049469,
            "mean": -112.277938843,
            "min": -300.691009521,
            "stdev": 126.721076965
        },
        "short_term": {
            "max": -22.3285388947,
            "mean": -96.0692138672,
            "min": -300.691009521,
            "stdev": 117.815513611
        }
    },
    "melbands_crest": {
        "max": 30.4870929718,
        "mean": 8.31512451172,
        "min": 1.55292332172,
        "stdev": 6.05651855469
    },
    "melbands_flatness_db": {
        "max": 0.276021629572,
        "mean": 0.0840648859739,
        "min": 0.00276230531745,
        "stdev": 0.0653700158
    },
    "melbands_kurtosis": {
        "max": 58.5022964478,
        "mean": 2.08786916733,
        "min": -1.56501972675,
        "stdev": 5.78512907028
    },
    "melbands_skewness": {
        "max": 6.23116827011,
        "mean": 0.885718226433,
        "min": -0.947364389896,
        "stdev": 0.979478538036
    },
    "melbands_spread": {
        "max": 181.682952881,
        "mean": 68.1883163452,
        "min": 3.33260464668,
        "stdev": 47.5588264465
    },
    "pitch_salience": {
        "max": 0.913361430168,
        "mean": 0.677670419216,
        "min": 0.200759232044,
        "stdev": 0.126893430948
    },
    "silence_rate_20dB": {
        "max": 1,
        "mean": 1,
        "min": 1,
        "stdev": 0
    },
    "silence_rate_30dB": {
        "max": 1,
        "mean": 1,
        "min": 1,
        "stdev": 0
    },
    "silence_rate_60dB": {
        "max": 1,
        "mean": 0.410846948624,
        "min": 0,
        "stdev": 0.491989076138
    },
    "spectral_centroid": {
        "max": 11677.2519531,
        "mean": 4867.140625,
        "min": 604.227539062,
        "stdev": 4228.00390625
    },
    "spectral_complexity": {
        "max": 50,
        "mean": 15.1716194153,
        "min": 0,
        "stdev": 14.0474824905
    },
    "spectral_decrease": {
        "max": 2.23545721985e-28,
        "mean": -3.0267142126e-09,
        "min": -2.23776428498e-08,
        "stdev": 3.83664788828e-09
    },
    "spectral_energy": {
        "max": 0.0993492975831,
        "mean": 0.0132910907269,
        "min": 9.94003555059e-21,
        "stdev": 0.0164926685393
    },
    "spectral_energyband_high": {
        "max": 0.0207798592746,
        "mean": 0.00117008399684,
        "min": 6.84668621341e-21,
        "stdev": 0.00178181612864
    },
    "spectral_energyband_low": {
        "max": 0.0344910174608,
        "mean": 0.000737070571631,
        "min": 6.67969075901e-24,
        "stdev": 0.00238403212279
    },
    "spectral_energyband_middle_high": {
        "max": 0.0713141784072,
        "mean": 0.00647171447054,
        "min": 1.1475077184e-21,
        "stdev": 0.00985236559063
    },
    "spectral_energyband_middle_low": {
        "max": 0.0608753077686,
        "mean": 0.00550201535225,
        "min": 1.26453103064e-22,
        "stdev": 0.00879977364093
    },
    "spectral_entropy": {
        "max": 9.8251285553,
        "mean": 8.48593521118,
        "min": 7.03322792053,
        "stdev": 0.930025994778
    },
    "spectral_flux": {
        "max": 0.262157917023,
        "mean": 0.0561884827912,
        "min": 6.29350183079e-11,
        "stdev": 0.0537176132202
    },
    "spectral_kurtosis": {
        "max": 19.7170219421,
        "mean": 2.15892577171,
        "min": -1.2705206871,
        "stdev": 3.82972455025
    },
    "spectral_rms": {
        "max": 0.00984510779381,
        "mean": 0.0026626328472,
        "min": 3.11409622047e-12,
        "stdev": 0.00242432090454
    },
    "spectral_rolloff": {
        "max": 19702.8808594,
        "mean": 8058.37744141,
        "min": 559.86328125,
        "stdev": 7491.45117188
    },
    "spectral_skewness": {
        "max": 2.66312789917,
        "mean": 0.878880739212,
        "min": -0.073607891798,
        "stdev": 0.687091231346
    },
    "spectral_spread": {
        "max": 42734896,
        "mean": 15931763,
        "min": 1653446.75,
        "stdev": 16877764
    },
    "spectral_strongpeak": {
        "max": 11.4285383224,
        "mean": 1.12933790684,
        "min": 0,
        "stdev": 1.72728085518
    },
    "zerocrossingrate": {
        "max": 0.8037109375,
        "mean": 0.230303689837,
        "min": 0.0361328125,
        "stdev": 0.191039785743
    },
    "barkbands": {
        "max": [0.00115123402793, 0.0224547460675, 0.0223599523306, 0.0187328234315, 0.0198349338025, 0.0166714433581, 0.0430514998734, 0.0331545844674, 0.0596199408174, 0.0556516461074, 0.0366262272, 0.0265839565545, 0.044607359916, 0.0465161800385, 0.0292265769094, 0.0111662242562, 0.00604022853076, 0.00770039949566, 0.00478661293164, 0.0040407939814, 0.00885538756847, 0.00562961120158, 0.00430810358375, 0.00287828361616, 0.00384004693478, 0.00153772940394, 2.22901508096e-06],
        "mean": [2.76880673482e-05, 0.000361874554073, 0.000252618745435, 0.000230832825764, 0.000723586941604, 0.000633498246316, 0.00138876889832, 0.000570337055251, 0.00127225648612, 0.00181527598761, 0.000483260984765, 0.000573822238948, 0.000711154425517, 0.000681986159179, 0.0006676291232, 0.000517531938385, 0.000375075469492, 0.000398654519813, 0.00032042877865, 0.000289959687507, 0.000216887725401, 0.000234229650232, 0.000250050332397, 0.000196133914869, 7.76223096182e-05, 1.99197675101e-05, 1.3885872896e-08],
        "min": [3.33393326145e-25, 1.17269330739e-24, 4.00868050635e-25, 8.07412596433e-25, 5.00695459684e-24, 4.57132509459e-24, 4.06627149395e-24, 4.21416595317e-24, 1.41396817047e-23, 9.31827508138e-24, 1.16080330001e-23, 1.82736725686e-23, 1.73005116678e-23, 2.27538045537e-23, 3.18933560973e-23, 4.06387785331e-23, 4.35916994715e-23, 7.20172577393e-23, 1.20150079188e-22, 1.55821548907e-22, 2.07138478026e-22, 2.98749601769e-22, 3.80482053898e-22, 4.87372151197e-22, 7.8222695104e-22, 1.15365724888e-21, 1.81076722528e-21],
        "stdev": [6.23865780653e-05, 0.0013951936271, 0.00104483449832, 0.00101015798282, 0.00158389215358, 0.0014265148202, 0.00408609723672, 0.00186537276022, 0.00451185926795, 0.00644273869693, 0.00201493222266, 0.00159753556363, 0.00190602883231, 0.00263775349595, 0.00161498063244, 0.00125469104387, 0.000675229122862, 0.00071524514351, 0.000559772539418, 0.000490395876113, 0.000426673301263, 0.000389020540752, 0.000405750557547, 0.000314951379551, 0.000212673607166, 8.39182757773e-05, 1.13979503169e-07]
    },
    "erbbands": {
        "max": [0.181530147791, 6.47356033325, 23.2760429382, 41.7128601074, 61.9053344727, 106.56892395, 61.8625106812, 187.288070679, 632.86114502, 931.357788086, 911.762573242, 1156.86743164, 1741.55541992, 1480.75048828, 1197.6697998, 624.995605469, 2251.9230957, 1101.53845215, 3187.015625, 694.912475586, 749.018310547, 223.893188477, 522.799072266, 321.156097412, 310.701965332, 233.215545654, 263.826293945, 406.698364258, 228.419143677, 135.58631897, 109.456214905, 80.9165420532, 33.6813354492, 29.4083557129, 45.5967826843, 11.3689403534, 1.35921275616, 0.0587555170059, 0.00162876665127, 0.000170808270923],
        "mean": [0.00505429692566, 0.0986625626683, 0.305574297905, 0.563257455826, 1.64111709595, 2.55427002907, 2.89392352104, 6.20513343811, 15.3845653534, 19.0604457855, 15.3753166199, 27.3446464539, 61.0974655151, 33.192489624, 20.7297096252, 23.5341644287, 31.6374931335, 27.0949401855, 46.233089447, 26.8082256317, 31.571269989, 21.1495113373, 23.6252822876, 17.3592987061, 14.6373701096, 14.304983139, 10.3885250092, 8.2247838974, 8.19888973236, 7.96487855911, 6.93399333954, 5.01912879944, 2.58837938309, 1.09663784504, 0.437534630299, 0.163827702403, 0.019905988127, 0.000857504142914, 3.88203443435e-05, 2.13499988604e-05],
        "min": [1.57928580607e-23, 3.41867375696e-22, 1.16334612687e-21, 2.79750847383e-21, 6.69966576474e-21, 1.11276334579e-20, 2.89229581916e-20, 6.77365860534e-20, 6.57232607542e-20, 1.58871914437e-19, 2.22819528609e-19, 2.3675201601e-19, 3.8611767358e-19, 5.8717674276e-19, 7.27061773137e-19, 9.07005299423e-19, 1.06994416366e-18, 1.09239653383e-18, 2.17868475242e-18, 2.28161207681e-18, 2.44882519007e-18, 4.18908829461e-18, 3.95527824985e-18, 5.71389028832e-18, 5.38279718608e-18, 7.02807059139e-18, 7.54695271783e-18, 8.58752111301e-18, 8.28630908321e-18, 8.96969758116e-18, 1.00704259951e-17, 1.04300311859e-17, 8.4288389202e-18, 8.36159823538e-18, 4.66216198592e-18, 3.99759639639e-18, 2.00546465355e-18, 9.05356935258e-19, 2.29085550996e-19, 2.65889113814e-20],
        "stdev": [0.0148089341819, 0.390923410654, 1.20392751694, 2.43146729469, 4.02354335785, 6.59387159348, 6.18060302734, 15.4151344299, 42.5413970947, 62.7813034058, 47.8894920349, 86.2381286621, 202.314407349, 111.489639282, 75.7500839233, 53.2306632996, 86.6049957275, 69.1195449829, 165.416061401, 55.1653289795, 76.7854003906, 34.1315383911, 44.878490448, 30.931427002, 26.6712303162, 24.3435497284, 17.829164505, 17.1146850586, 14.370598793, 12.714679718, 11.263174057, 8.13308906555, 4.30708885193, 2.17134714127, 1.90534496307, 0.699013829231, 0.0816458463669, 0.003495097626, 0.000105234474177, 2.63563524641e-05]
    },
    "gfcc": {
        "mean": [-415.87588501, 37.701385498, -114.903114319, 15.2665205002, -53.5219802856, 11.126077652, -31.1413269043, 6.09319353104, -15.1498289108, 0.954342544079, -9.97289562225, -0.89972537756, -5.45684719086],
        "cov": [[347167.25, 14956.7109375, -44540.7773438, 7261.90771484, -22039.2929688, 4874.45263672, -12889.3222656, 2459.31982422, -6251.32861328, 367.385803223, -3905.78393555, -367.42666626, -2261.03979492], [14956.7109375, 1207.89831543, -2311.21337891, 142.620452881, -798.172607422, 110.505401611, -440.287261963, 100.953521729, -224.310714722, -25.8799190521, -173.003387451, -52.5109100342, -63.7828407288], [-44540.7773438, -2311.21337891, 6949.796875, -368.053344727, 2642.71533203, -440.963928223, 1486.41882324, -336.579864502, 715.866333008, -23.0095119476, 548.602905273, 75.0285873413, 255.747070312], [7261.90771484, 142.620452881, -368.053344727, 568.696166992, -504.963195801, 191.497406006, -375.900177002, 21.0083503723, -153.231430054, 30.9785251617, -34.331451416, 7.80847024918, -60.6169433594], [-22039.2929688, -798.172607422, 2642.71533203, -504.963195801, 1588.70556641, -305.551269531, 863.981872559, -148.220336914, 417.312927246, -19.5653820038, 244.118499756, 19.5827827454, 148.087249756], [4874.45263672, 110.505401611, -440.963928223, 191.497406006, -305.551269531, 203.687057495, -155.745697021, 41.268611908, -120.360267639, 2.40232992172, -45.4631576538, 1.6090130806, -31.5573329926], [-12889.3222656, -440.287261963, 1486.41882324, -375.900177002, 863.981872559, -155.745697021, 616.597290039, -46.8039703369, 242.521972656, -41.4962463379, 128.778030396, 2.15032577515, 99.9070739746], [2459.31982422, 100.953521729, -336.579864502, 21.0083503723, -148.220336914, 41.268611908, -46.8039703369, 88.3713607788, -8.36780929565, 2.18158555031, -32.7188262939, 0.555190265179, -17.2223033905], [-6251.32861328, -224.310714722, 715.866333008, -153.231430054, 417.312927246, -120.360267639, 242.521972656, -8.36780929565, 201.337173462, 17.9341888428, 78.3714447021, 2.7114636898, 39.849281311], [367.385803223, -25.8799190521, -23.0095119476, 30.9785251617, -19.5653820038, 2.40232992172, -41.4962463379, 2.18158555031, 17.9341888428, 56.2539367676, 22.0104198456, 9.53008270264, -7.92348527908], [-3905.78393555, -173.003387451, 548.602905273, -34.331451416, 244.118499756, -45.4631576538, 128.778030396, -32.7188262939, 78.3714447021, 22.0104198456, 97.4948043823, 23.8280296326, 28.9952659607], [-367.42666626, -52.5109100342, 75.0285873413, 7.80847024918, 19.5827827454, 1.6090130806, 2.15032577515, 0.555190265179, 2.7114636898, 9.53008270264, 23.8280296326, 46.5694847107, 17.3623104095], [-2261.03979492, -63.7828407288, 255.747070312, -60.6169433594, 148.087249756, -31.5573329926, 99.9070739746, -17.2223033905, 39.849281311, -7.92348527908, 28.9952659607, 17.3623104095, 51.0818023682]],
        "icov": [[0.000393497932237, -0.000892458250746, 0.000920141930692, -0.000931474321987, 0.00136471702717, -0.00144350971095, 0.00150686490815, -0.00170833524317, 0.00114366074558, -0.00107055064291, 0.00129317992833, -0.000537847110536, 0.000610225601122], [-0.000892458250746, 0.00501985335723, -0.000680726952851, 0.000790928199422, -0.00355622265488, 0.00446650432423, -0.0039861863479, 0.00352051691152, -0.00213361973874, 0.00425959844142, -0.00452185468748, 0.00384448701516, -0.00325099052861], [0.000920141930692, -0.000680726952851, 0.00349486991763, -0.00380764319561, 0.00251243356615, -0.00256127794273, 0.00202094600536, -0.00302894110791, 0.00244592851959, -0.00132807565387, 0.00161177059636, -0.000676763418596, 0.00122381607071], [-0.000931474321987, 0.000790928199422, -0.00380764319561, 0.00861911289394, -0.0026771244593, -0.00092133844737, 0.00212053931318, 0.00298934383318, -0.00346204219386, 0.00318314135075, -0.00491194427013, 0.00190197268967, -0.00156246463303], [0.00136471702717, -0.00355622265488, 0.00251243356615, -0.0026771244593, 0.00980196706951, -0.00465168850496, 0.00102734437678, -0.0019408344524, 0.00101360341068, -0.00470699649304, 0.00470307888463, -0.00354922888801, 0.00327297742479], [-0.00144350971095, 0.00446650432423, -0.00256127794273, -0.00092133844737, -0.00465168850496, 0.0175949912518, -0.0100110303611, 0.00233560451306, 0.00294142588973, 0.00120115547907, -0.00452386867255, 0.00244173919782, -0.00223507499322], [0.00150686490815, -0.0039861863479, 0.00202094600536, 0.00212053931318, 0.00102734437678, -0.0100110303611, 0.0216182246804, -0.013022698462, 0.00259916274808, 0.00302715133876, 0.000206451746635, 0.00371166178957, -0.00465234136209], [-0.00170833524317, 0.00352051691152, -0.00302894110791, 0.00298934383318, -0.0019408344524, 0.00233560451306, -0.013022698462, 0.0311076473445, -0.0153187699616, 0.00462455768138, 0.000900909653865, -0.00650094682351, 0.00488509982824], [0.00114366074558, -0.00213361973874, 0.00244592851959, -0.00346204219386, 0.00101360341068, 0.00294142588973, 0.00259916274808, -0.0153187699616, 0.023913918063, -0.0114605193958, 0.000133396228193, 0.00432754168287, -0.00174552388489], [-0.00107055064291, 0.00425959844142, -0.00132807565387, 0.00318314135075, -0.00470699649304, 0.00120115547907, 0.00302715133876, 0.00462455768138, -0.0114605193958, 0.0348591767251, -0.0161991138011, 0.000926036504097, 0.00161344301887], [0.00129317992833, -0.00452185468748, 0.00161177059636, -0.00491194427013, 0.00470307888463, -0.00452386867255, 0.000206451746635, 0.000900909653865, 0.000133396228193, -0.0161991138011, 0.0355081669986, -0.0146265057847, 0.00336590316147], [-0.000537847110536, 0.00384448701516, -0.000676763418596, 0.00190197268967, -0.00354922888801, 0.00244173919782, 0.00371166178957, -0.00650094682351, 0.00432754168287, 0.000926036504097, -0.0146265057847, 0.0376844480634, -0.0187531225383], [0.000610225601122, -0.00325099052861, 0.00122381607071, -0.00156246463303, 0.00327297742479, -0.00223507499322, -0.00465234136209, 0.00488509982824, -0.00174552388489, 0.00161344301887, 0.00336590316147, -0.0187531225383, 0.0404987111688]]
    },
    "melbands": {
        "max": [0.00371805485338, 0.00914569851011, 0.00794293731451, 0.00448954990134, 0.00240546534769, 0.00387607351877, 0.00867732055485, 0.0084977382794, 0.00681924074888, 0.0083096018061, 0.00902469269931, 0.00678015407175, 0.00316975801252, 0.00326401693746, 0.00221636635251, 0.00471423845738, 0.00231413682923, 0.00673218304291, 0.0010367523646, 0.000535377126653, 0.00106294034049, 0.000338534708135, 0.000324414431816, 0.000456359906821, 0.000332304363837, 0.000236518928432, 0.000141411044751, 0.000183938769624, 0.000150704814587, 0.000177555513801, 0.000256451690802, 0.000159857067047, 8.78844512044e-05, 8.478880045e-05, 7.80405171099e-05, 5.8245161199e-05, 3.79048397008e-05, 2.63274450845e-05, 3.78131589969e-05, 2.28770313697e-05],
        "mean": [7.52183404984e-05, 0.000154616194777, 0.000126872415422, 0.000157495276653, 0.000102450605482, 0.000136174770887, 0.000259537686361, 0.000186373959878, 0.000126842583995, 0.000183544529136, 0.00031488284003, 0.00014564851881, 6.10395945841e-05, 6.793589273e-05, 6.2183738919e-05, 7.0306356065e-05, 4.70297127322e-05, 8.07484975667e-05, 4.51855739811e-05, 3.06089859805e-05, 3.8882757508e-05, 2.18699096877e-05, 2.29951765505e-05, 1.64219618455e-05, 1.40310939969e-05, 1.08420945253e-05, 8.87166606844e-06, 9.95875052467e-06, 6.75226237945e-06, 4.9983241297e-06, 4.89577678309e-06, 4.79826121591e-06, 4.22000402978e-06, 4.55154849988e-06, 4.20639753429e-06, 3.30361694978e-06, 3.05868570649e-06, 1.93333403331e-06, 1.32779985051e-06, 7.69302516801e-07],
        "min": [2.72319468344e-25, 8.63293678718e-25, 7.60133943712e-25, 7.24426302748e-25, 9.59314814178e-25, 1.42008097474e-24, 6.90373149622e-25, 1.7722527403e-24, 1.72382082224e-24, 1.67625250966e-24, 1.76215374299e-24, 1.35199902457e-24, 1.93443169558e-24, 1.79272999168e-24, 1.41272119832e-24, 2.10831300795e-24, 1.41958044249e-24, 2.62692456376e-24, 2.24695550926e-24, 2.82225086262e-24, 1.79415151903e-24, 2.96007117365e-24, 3.86304435869e-24, 3.2392851384e-24, 3.85388686687e-24, 4.18212202877e-24, 3.57497523307e-24, 3.07948124609e-24, 3.82354806532e-24, 4.13611921065e-24, 3.79823588545e-24, 3.26096737481e-24, 4.57636946565e-24, 4.75793014172e-24, 4.47761985754e-24, 4.86313499863e-24, 5.68189215443e-24, 5.3272131917e-24, 4.77745878786e-24, 6.31184491891e-24],
        "stdev": [0.000263597496087, 0.000567937502638, 0.000440341013018, 0.000368065782823, 0.000215932901483, 0.000329537782818, 0.000698811258189, 0.000578270002734, 0.000394905568101, 0.000646989734378, 0.00105912971776, 0.000505526433699, 0.000218047236558, 0.00020863545069, 0.000183752767043, 0.000196644396055, 0.000138707386213, 0.000339776888723, 0.000106853774923, 5.73385732423e-05, 0.000104321850813, 4.05372556997e-05, 4.08795240219e-05, 3.25591754518e-05, 2.81750872091e-05, 2.09956015169e-05, 1.66395057022e-05, 1.78942300408e-05, 1.17925901577e-05, 9.42672431847e-06, 1.07953555926e-05, 8.79844628798e-06, 6.94989012118e-06, 7.59790009397e-06, 7.06795071892e-06, 5.54061625735e-06, 5.04825356984e-06, 3.28525561599e-06, 2.54686915468e-06, 1.61730008585e-06]
    },
    "melbands128": {
        "max": [0.000524520757608, 0.00058813591022, 0.00400355784222, 0.0143475532532, 0.0125220045447, 0.0100092561916, 0.00858926773071, 0.00939649436623, 0.00666732015088, 0.00534415617585, 0.00776820443571, 0.00393304415047, 0.00284868292511, 0.00180272862781, 0.00473773572594, 0.00726376101375, 0.0128539055586, 0.0116945765913, 0.015814607963, 0.0161134526134, 0.00661055091769, 0.00995945930481, 0.0110563868657, 0.00783906690776, 0.00944925937802, 0.0174886360765, 0.0148220928386, 0.0172778908163, 0.0180780757219, 0.0146871153265, 0.0121273901314, 0.0102585144341, 0.00153359898832, 0.00940294843167, 0.00768068153411, 0.00471014901996, 0.00236389739439, 0.0039284764789, 0.00318898982368, 0.0095755038783, 0.00391967594624, 0.00374008226208, 0.00312235322781, 0.00388545356691, 0.00704801967368, 0.0122005213052, 0.00225007347763, 0.00199593068101, 0.00162986374926, 0.00150908262003, 0.000742790347431, 0.0017656366108, 0.00224836706184, 0.00120478624012, 0.000994733069092, 0.00065712450305, 0.000399793003453, 0.000622283376288, 0.000533126527444, 0.00128671736456, 0.000632736831903, 0.000250723067438, 0.000475928129163, 0.000627874745987, 0.000287238595774, 0.000270826159976, 0.000606844609138, 0.000295072415611, 0.000224522387725, 0.000345582549926, 0.000423235440394, 0.000237458167248, 0.000172381740413, 0.000189469676116, 0.000233979502809, 8.18824119051e-05, 0.000249718723353, 0.000283475790638, 0.00025178884971, 0.000194144042325, 0.000278150604572, 0.000146645179484, 0.000129945081426, 9.06991626834e-05, 6.34748503217e-05, 7.27126680431e-05, 0.000113125308417, 0.000227354306844, 8.59431384015e-05, 6.80036318954e-05, 7.48022139305e-05, 7.47171288822e-05, 0.000103510537883, 4.12043227698e-05, 4.72189967695e-05, 4.8689693358e-05, 3.92512665712e-05, 4.21888507844e-05, 4.56298803329e-05, 5.96397621848e-05, 3.38270983775e-05, 1.78852587851e-05, 2.82719593088e-05, 7.38139497116e-05, 0.000106074548967, 3.23446656694e-05, 5.29012213519e-05, 2.88927094516e-05, 2.61314980889e-05, 1.65418314282e-05, 8.38077266963e-06, 5.20668072568e-06, 4.88948398925e-06, 3.37508117809e-06, 9.36602930324e-07, 3.83875516263e-07, 1.35840323878e-07, 1.5282877186e-09, 1.44375211786e-09, 1.34118383066e-09, 1.26550547819e-09, 1.2117652437e-09, 1.16260046035e-09, 1.13742437691e-09, 1.0941244577e-09, 1.0661090899e-09, 1.04990016681e-09, 1.04019226566e-09],
        "mean": [1.59761511895e-05, 2.40155313804e-05, 8.64089452079e-05, 0.000196609864361, 0.000175643450348, 0.000116036782856, 0.000105219907709, 0.000120512631838, 0.00017339400074, 0.000176515386556, 0.000142442455399, 0.000103301092167, 9.93766952888e-05, 8.43023008201e-05, 0.000131309891003, 0.000168812272022, 0.000176063462277, 0.00028984239907, 0.000355611147825, 0.000212251674384, 9.90064581856e-05, 0.000106143350422, 0.000141953438288, 0.000133834808366, 0.000130597152747, 0.000243857721216, 0.000219516266952, 0.000382332480513, 0.000357531534974, 0.000136485032272, 0.000108902349893, 6.45856925985e-05, 3.18402599078e-05, 8.64332250785e-05, 7.58459282224e-05, 5.96160534769e-05, 5.79103361815e-05, 6.03597654845e-05, 6.73721442581e-05, 7.04377744114e-05, 8.88276626938e-05, 3.87168838643e-05, 3.56487726094e-05, 4.74235857837e-05, 8.92893294804e-05, 9.85834703897e-05, 5.65125592402e-05, 4.72514257126e-05, 4.30675718235e-05, 2.2629446903e-05, 2.94056226267e-05, 3.72888353013e-05, 4.28896746598e-05, 3.61801830877e-05, 3.35694567184e-05, 2.03667696042e-05, 1.18942689369e-05, 2.08031669899e-05, 2.67194700427e-05, 2.86204067379e-05, 1.29103282234e-05, 9.21644095797e-06, 1.86439647223e-05, 1.45256890391e-05, 8.62106844579e-06, 1.02400954347e-05, 1.40200681926e-05, 8.31657143863e-06, 7.747282325e-06, 8.37619973026e-06, 1.13473261081e-05, 1.04680384538e-05, 7.17717739462e-06, 5.95323263042e-06, 6.24264157523e-06, 5.66657490708e-06, 4.14624673795e-06, 3.85118028134e-06, 5.24941197e-06, 5.68170435145e-06, 4.88381874675e-06, 4.5775423132e-06, 4.12375584347e-06, 3.94402377424e-06, 4.61132867713e-06, 4.35357242168e-06, 4.34332969235e-06, 5.382449217e-06, 3.87507679989e-06, 3.91281582779e-06, 3.3671451547e-06, 3.33382763529e-06, 2.78746711047e-06, 3.36603307005e-06, 3.03406636704e-06, 2.24519544645e-06, 1.66952213476e-06, 1.42932435665e-06, 1.53072392095e-06, 1.14700367249e-06, 9.40463678489e-07, 6.55529845517e-07, 6.48572438422e-07, 5.43067926628e-07, 4.84112774757e-07, 3.96085141574e-07, 4.42051373284e-07, 3.46433466802e-07, 3.05086786057e-07, 2.14550453848e-07, 1.14725395406e-07, 6.45648512432e-08, 4.09783567079e-08, 2.68139057624e-08, 9.16984088661e-09, 2.54160004154e-09, 5.58047164034e-10, 4.19730829954e-12, 3.83856228053e-12, 3.6871725291e-12, 3.54093729164e-12, 3.44514304237e-12, 3.37405515853e-12, 3.25237276347e-12, 2.99773769176e-12, 2.60652935867e-12, 2.39209173303e-12, 2.34895371383e-12],
        "min": [6.64946079561e-26, 7.90463155675e-26, 1.72233517529e-25, 2.50470116681e-25, 1.50003096745e-25, 2.50530661756e-25, 1.53485449255e-25, 3.20106221444e-25, 1.72661375962e-25, 3.29535599103e-25, 2.21131837274e-25, 1.03825804781e-25, 2.49679185016e-25, 3.06896375807e-25, 2.66405106967e-25, 1.86912111237e-25, 2.20909698974e-25, 2.61889938316e-25, 4.94610906497e-25, 5.21784847403e-25, 5.99130785615e-25, 4.39458189346e-25, 5.75034486923e-25, 5.35415180554e-25, 3.69346598673e-25, 5.16359259312e-25, 1.43326116414e-25, 5.55458410522e-25, 6.86406313256e-25, 9.85792042993e-25, 6.7901074227e-25, 2.76061257485e-25, 1.01125795213e-24, 3.15002217431e-25, 4.36216661279e-25, 1.01852345967e-24, 2.69329981336e-25, 4.50059592444e-25, 5.71971783762e-25, 7.91963790984e-25, 8.47551860747e-25, 1.22183579191e-24, 7.1396270379e-25, 8.77240147877e-25, 7.87320161266e-25, 6.80577863762e-25, 8.33468721436e-25, 6.63132648577e-25, 1.1677171728e-24, 1.06722871804e-24, 1.08056727126e-24, 1.22200687612e-24, 1.13467869202e-24, 9.63283671999e-25, 1.60023530903e-24, 9.52285964904e-25, 1.21565625001e-24, 1.91736567597e-24, 1.47489103043e-24, 1.19609318982e-24, 1.55175724261e-24, 1.37794012379e-24, 2.34601553414e-24, 1.72742355e-24, 1.86804135901e-24, 1.59343858208e-24, 1.0422692576e-24, 2.07177080146e-24, 1.88493185707e-24, 1.45071983926e-24, 2.62887896665e-24, 1.81710461036e-24, 2.55207191904e-24, 2.66392312629e-24, 2.65793409429e-24, 2.38335744838e-24, 2.24970074521e-24, 2.14073124685e-24, 1.91250294013e-24, 2.41368461424e-24, 2.21188078126e-24, 1.56485243224e-24, 1.35307079071e-24, 3.1282855065e-24, 2.63134691799e-24, 3.35132409454e-24, 2.83669293365e-24, 3.69845602499e-24, 3.30952827163e-24, 2.84471604348e-24, 2.99402138043e-24, 2.87783617137e-24, 3.39256377051e-24, 3.22535977127e-24, 3.38463374626e-24, 3.77235454244e-24, 3.57969853774e-24, 3.58586940217e-24, 3.40732296362e-24, 4.2923345747e-24, 3.84363246396e-24, 4.37161391238e-24, 3.68815192385e-24, 4.45370751135e-24, 3.75294106999e-24, 3.54608596343e-24, 3.7563592043e-24, 3.95178134976e-24, 4.28460807656e-24, 3.79538533657e-24, 4.45984287704e-24, 2.62044111319e-24, 4.06565066042e-24, 4.1782301835e-24, 5.09895352776e-24, 4.44687005945e-24, 3.66994106985e-24, 4.28687802382e-24, 4.68749472365e-24, 4.70446391058e-24, 4.6005480524e-24, 5.08704172809e-24, 4.9401294007e-24, 4.85204203658e-24, 5.25550967972e-24, 4.81204678868e-24, 4.85498803763e-24, 4.74539987511e-24],
        "stdev": [3.14810131385e-05, 5.12531805725e-05, 0.000326983339619, 0.000816063256934, 0.000733367691282, 0.000488471530844, 0.000523153226823, 0.000485754484544, 0.000438352290075, 0.000461362564238, 0.000436768867075, 0.000288559793262, 0.00025965392706, 0.000183601732715, 0.000391069886973, 0.000492375809699, 0.000641191378236, 0.000966133724432, 0.00120702909771, 0.000943108520005, 0.000374090304831, 0.000476220680866, 0.000559201871511, 0.000527249008883, 0.000539680186193, 0.00114300602581, 0.00111943134107, 0.00162198173348, 0.00158697389998, 0.000696699076798, 0.000589023868088, 0.000381724792533, 9.63366692304e-05, 0.000507683958858, 0.00038584540016, 0.000220258865738, 0.000156960566528, 0.000275053345831, 0.000238718625042, 0.000308457412757, 0.000263747555437, 0.000156857262482, 0.000152140506543, 0.000185934593901, 0.000461945077404, 0.000585093861446, 0.000154611916514, 0.000149642510223, 0.000151959524374, 6.6981294367e-05, 6.58440549159e-05, 0.000111244007712, 0.000175415087142, 0.00011224969785, 8.84707624209e-05, 4.82226823806e-05, 2.77467515843e-05, 4.99452762597e-05, 5.4562369769e-05, 8.32186196931e-05, 3.24640168401e-05, 1.88829526451e-05, 4.0889117372e-05, 4.10604734498e-05, 1.87623918464e-05, 2.33438422583e-05, 3.602427023e-05, 1.95614447875e-05, 1.91325016203e-05, 2.06464665098e-05, 2.64910177066e-05, 2.20301553782e-05, 1.41482578329e-05, 1.28685742311e-05, 1.44808855111e-05, 1.05762073872e-05, 9.822654647e-06, 1.04280552478e-05, 1.28345500343e-05, 1.08979120341e-05, 1.13172181955e-05, 8.82158201421e-06, 7.90305603005e-06, 7.24535175323e-06, 8.23099071567e-06, 7.67862366047e-06, 8.71728843777e-06, 1.18052967082e-05, 6.82666723151e-06, 7.41749681765e-06, 6.08645677858e-06, 6.40018197373e-06, 5.41024382983e-06, 6.05091099715e-06, 5.46155888514e-06, 4.22117545895e-06, 3.16466594086e-06, 2.84440875475e-06, 3.06627134705e-06, 2.68895632871e-06, 2.00515046345e-06, 1.39122687415e-06, 1.74076819803e-06, 2.69386669061e-06, 3.46843944499e-06, 1.66904146681e-06, 2.43458111981e-06, 1.56213536684e-06, 1.42429348671e-06, 9.22525998703e-07, 4.88057651182e-07, 2.71930957751e-07, 2.11268044836e-07, 1.38313623665e-07, 4.24601758198e-08, 1.5409911569e-08, 4.83712891963e-09, 4.19149576159e-11, 3.95382337981e-11, 3.67518064592e-11, 3.46900737302e-11, 3.32274589787e-11, 3.18908024988e-11, 3.12010382808e-11, 3.00226406236e-11, 2.92586510575e-11, 2.88160745265e-11, 2.85512915393e-11]
    },
    "mfcc": {
        "mean": [-838.708679199, 54.3523101807, -21.9386730194, 0.130559578538, -7.3357591629, -1.12130773067, -7.30648517609, 0.399811297655, -2.98310542107, 0.654757559299, -2.17636322975, -0.550396203995, -2.57262229919],
        "cov": [[92905.3359375, 10131.5820312, -2809.31201172, 472.774169922, -1291.30529785, -98.9501037598, -1540.09741211, 39.5207366943, -852.295715332, 197.032669067, -603.07019043, -109.579963684, -498.143218994], [10131.5820312, 2049.41357422, -1163.03234863, -99.5741500854, -271.920898438, -79.5113525391, -159.844848633, 42.875919342, 15.0784273148, 21.3669986725, -12.5467357635, -33.3274269104, -101.145652771], [-2809.31201172, -1163.03234863, 1367.32421875, 254.53364563, 213.367660522, 96.6618270874, 55.9308204651, -44.4109573364, -115.504959106, -9.33895111084, -66.3611907959, 0.758140027523, 44.1780281067], [472.774169922, -99.5741500854, 254.53364563, 189.023620605, 95.2924118042, 32.9784126282, -24.7384872437, -24.7404937744, -39.9878692627, 1.0951385498, -33.1168289185, 18.027048111, 30.2497940063], [-1291.30529785, -271.920898438, 213.367660522, 95.2924118042, 165.406356812, 52.6455612183, 18.9175205231, -20.3478107452, -16.8598651886, -4.25614023209, -9.19518184662, 18.6949291229, 32.9791984558], [-98.9501037598, -79.5113525391, 96.6618270874, 32.9784126282, 52.6455612183, 89.2189102173, 49.3777770996, 2.92304134369, -9.6825799942, -4.71433639526, -9.54129981995, -7.74306249619, 0.0056050857529], [-1540.09741211, -159.844848633, 55.9308204651, -24.7384872437, 18.9175205231, 49.3777770996, 126.542228699, 37.4393882751, 18.9213371277, -3.19309258461, 15.4117279053, -25.2461719513, -15.7051305771], [39.5207366943, 42.875919342, -44.4109573364, -24.7404937744, -20.3478107452, 2.92304134369, 37.4393882751, 77.5185852051, 37.0573158264, 15.2211027145, 8.58424472809, -13.3983449936, -15.0139808655], [-852.295715332, 15.0784273148, -115.504959106, -39.9878692627, -16.8598651886, -9.6825799942, 18.9213371277, 37.0573158264, 78.0097427368, 21.9442939758, 19.8570251465, -1.78982818127, -3.52275037766], [197.032669067, 21.3669986725, -9.33895111084, 1.0951385498, -4.25614023209, -4.71433639526, -3.19309258461, 15.2211027145, 21.9442939758, 56.5114784241, 17.0053119659, 2.9246764183, 0.325848132372], [-603.07019043, -12.5467357635, -66.3611907959, -33.1168289185, -9.19518184662, -9.54129981995, 15.4117279053, 8.58424472809, 19.8570251465, 17.0053119659, 53.5023078918, 14.2946300507, -3.47914004326], [-109.579963684, -33.3274269104, 0.758140027523, 18.027048111, 18.6949291229, -7.74306249619, -25.2461719513, -13.3983449936, -1.78982818127, 2.9246764183, 14.2946300507, 55.6569709778, 34.7645225525], [-498.143218994, -101.145652771, 44.1780281067, 30.2497940063, 32.9791984558, 0.0056050857529, -15.7051305771, -15.0139808655, -3.52275037766, 0.325848132372, -3.47914004326, 34.7645225525, 62.7047729492]],
        "icov": [[5.54650578124e-05, -0.000264127447736, -8.50897704368e-05, -1.96486416826e-05, 0.00020002698875, -0.000362969381968, 0.000440898409579, -0.000336330907885, 0.000592165859416, -0.0003124360519, 0.000277886894764, -0.00017268116062, 0.000154781126184], [-0.000264127447736, 0.00301361177117, 0.00206358381547, -0.00146285793744, 0.00055978144519, 0.000616153469309, -0.000547229603399, 0.000328225025441, -0.00101669772994, 0.000539416389074, -0.000208486366319, 0.000700545788277, 0.00120180204976], [-8.50897704368e-05, 0.00206358381547, 0.00291129713878, -0.0024165683426, 0.000334914715495, -0.000194391075638, -0.000263814145001, -0.000639041594695, 0.00217804079875, -0.00107716512866, 0.00139379641041, 0.000277711253148, 0.00142345542554], [-1.96486416826e-05, -0.00146285793744, -0.0024165683426, 0.0120347682387, -0.00553331943229, -0.000349783193087, 0.00109866331331, 0.000288789859042, 0.000505471194629, -0.00150662648957, 0.00312552810647, -0.00174194108695, -0.00218897522427], [0.00020002698875, 0.00055978144519, 0.000334914715495, -0.00553331943229, 0.0136860627681, -0.00667370855808, 0.00181406736374, -8.10956917121e-05, 0.00157345656771, -0.000680755765643, 2.9100016036e-05, -0.00158717308659, -0.000863644876517], [-0.000362969381968, 0.000616153469309, -0.000194391075638, -0.000349783193087, -0.00667370855808, 0.0222542975098, -0.0122707663104, 0.00385159486905, -0.00294842850417, 0.00116028869525, 0.0020584219601, -5.75516896788e-05, -0.000252621277468], [0.000440898409579, -0.000547229603399, -0.000263814145001, 0.00109866331331, 0.00181406736374, -0.0122707663104, 0.0215842202306, -0.00978531874716, 0.00452689919621, 0.000957833894063, -0.0048488304019, 0.00599684240296, 0.0010413514683], [-0.000336330907885, 0.000328225025441, -0.000639041594695, 0.000288789859042, -8.10956917121e-05, 0.00385159486905, -0.00978531874716, 0.023550035432, -0.0126853715628, -0.000816495215986, 0.000221022302867, 0.00058518681908, 0.00037812415394], [0.000592165859416, -0.00101669772994, 0.00217804079875, 0.000505471194629, 0.00157345656771, -0.00294842850417, 0.00452689919621, -0.0126853715628, 0.0301251448691, -0.010151441209, 0.00245360285044, -0.00149292871356, 0.00126415072009], [-0.0003124360519, 0.000539416389074, -0.00107716512866, -0.00150662648957, -0.000680755765643, 0.00116028869525, 0.000957833894063, -0.000816495215986, -0.010151441209, 0.0259742587805, -0.0115697253495, 0.0042645460926, -0.00343546457589], [0.000277886894764, -0.000208486366319, 0.00139379641041, 0.00312552810647, 2.9100016036e-05, 0.0020584219601, -0.0048488304019, 0.000221022302867, 0.00245360285044, -0.0115697253495, 0.035070668906, -0.0168529395014, 0.00969188567251], [-0.00017268116062, 0.000700545788277, 0.000277711253148, -0.00174194108695, -0.00158717308659, -5.75516896788e-05, 0.00599684240296, 0.00058518681908, -0.00149292871356, 0.0042645460926, -0.0168529395014, 0.0380926579237, -0.0192805528641], [0.000154781126184, 0.00120180204976, 0.00142345542554, -0.00218897522427, -0.000863644876517, -0.000252621277468, 0.0010413514683, 0.00037812415394, 0.00126415072009, -0.00343546457589, 0.00969188567251, -0.0192805528641, 0.0312907211483]]
    },
    "spectral_contrast_coeffs": {
        "max": [-0.398963451385, -0.486228436232, -0.482582122087, -0.569135308266, -0.669507145882, -0.541175723076],
        "mean": [-0.794453382492, -0.819751501083, -0.819203794003, -0.838720023632, -0.840156257153, -0.818218827248],
        "min": [-0.980239331722, -0.982175767422, -0.980596899986, -0.973420679569, -0.968886375427, -0.965564012527],
        "stdev": [0.132020026445, 0.119261391461, 0.119106933475, 0.0985793992877, 0.0870744585991, 0.100560076535]
    },
    "spectral_contrast_valleys": {
        "max": [-5.6096072197, -4.98529338837, -5.67580270767, -5.6072640419, -5.61152839661, -7.79290342331],
        "mean": [-14.1357479095, -13.3918104172, -13.5923957825, -13.6002025604, -13.6245279312, -15.4677381516],
        "min": [-28.1660518646, -27.8498973846, -28.0170001984, -27.8471603394, -27.5395202637, -27.4346313477],
        "stdev": [9.00799369812, 9.48453044891, 9.36864376068, 9.34926986694, 9.34274768829, 8.14801979065]
    }
},
"rhythm": {
    "beats_count": 70,
    "beats_loudness": {
        "max": 0.0649223402143,
        "mean": 0.0159985721111,
        "min": 0,
        "stdev": 0.017730999738
    },
    "bpm": 126.83480072,
    "bpm_histogram_first_peak_bpm": 126,
    "bpm_histogram_first_peak_weight": 0.513513505459,
    "bpm_histogram_second_peak_bpm": 136,
    "bpm_histogram_second_peak_spread": 0.545454502106,
    "bpm_histogram_second_peak_weight": 0.0724637657404,
    "danceability": 0.976444125175,
    "onset_rate": 2.43349218369,
    "beats_loudness_band_ratio": {
        "max": [0.429365873337, 0.493700534105, 0.796597242355, 0.683374047279, 0.666254818439, 0.864119231701],
        "mean": [0.0824780017138, 0.0679189786315, 0.164555087686, 0.173693239689, 0.159204408526, 0.0849957764149],
        "min": [0, 0, 0, 0, 0, 0],
        "stdev": [0.11862116307, 0.0956239402294, 0.180780097842, 0.18434907496, 0.159854143858, 0.132125526667]
    },
    "beats_position": [0.510838985443, 0.99845802784, 1.48607707024, 1.97369611263, 2.43809509277, 2.92571425438, 3.40172338486, 3.87773227692, 4.35374164581, 4.82975053787, 5.30575942993, 5.78176879883, 6.25777769089, 6.73378658295, 7.20979595184, 7.67419481277, 8.15020370483, 8.62621307373, 9.10222244263, 9.57823085785, 10.0542402267, 10.5302495956, 11.0062580109, 11.4706573486, 11.9466667175, 12.4226751328, 12.9102945328, 13.3630838394, 13.7346029282, 14.0945119858, 14.4428119659, 14.7911109924, 15.1394100189, 15.4877090454, 15.8476190567, 16.1959171295, 16.5209980011, 16.8576869965, 17.1943759918, 17.5310649872, 17.9025840759, 18.2741031647, 18.6456241608, 19.0171432495, 19.4699325562, 19.9227199554, 20.3755092621, 20.8166885376, 21.2578678131, 21.7222671509, 22.1866664886, 22.616235733, 23.0458049774, 23.4637641907, 23.8817234039, 24.2996826172, 24.7176418304, 25.1356010437, 25.5767803192, 26.0179595947, 26.4591369629, 26.9235363007, 27.3879356384, 27.8523349762, 28.316734314, 28.7811336517, 29.2455329895, 29.7099323273, 30.1743297577, 30.6387290955],
