{
"metadata": {
    "version": {
        "essentia": "2.1-beta5",
        "essentia_git_sha": "Undefined",
        "extractor": "music 2.0"
    },
    "audio_properties": {
        "analysis": {
            "equal_loudness": 0,
            "length": 12.7477550507,
            "sample_rate": 44100,
            "start_time": 0,
            "downmix": "mix"
        },
        "bit_rate": 192000,
        "length": 206.831756592,
        "lossless": 0,
        "number_channels": 2,
        "replay_gain": 18.9609584808,
        "sample_rate": 48000,
        "codec": "mp3",
        "md5_encoded": "48ecaa125bd23f454d59eced3173a422"
    },
    "tags": {
        "file_name": "Finland_Yamma Yamma_Pave.mp3",
        "encoding": ["Lavf58.29.100"]
    }
},
"lowlevel": {
    "average_loudness": 0.000294096564176,
    "barkbands_crest": {
        "max": 24.6315040588,
        "mean": 7.35721635818,
        "min": 3.63017225266,
        "stdev": 2.72410345078
    },
    "barkbands_flatness_db": {
        "max": 0.318720817566,
        "mean": 0.092021740973,
        "min": 0.057053219527,
        "stdev": 0.0472960546613
    },
    "barkbands_kurtosis": {
        "max": 30.9919242859,
        "mean": 3.48108482361,
        "min": -1.6312251091,
        "stdev": 2.94517564774
    },
    "barkbands_skewness": {
        "max": 5.33455514908,
        "mean": -1.38466918468,
        "min": -2.20231938362,
        "stdev": 1.22867882252
    },
    "barkbands_spread": {
        "max": 49.1307601929,
        "mean": 24.3939723969,
        "min": 1.54557073116,
        "stdev": 6.67589759827
    },
    "dissonance": {
        "max": 0.499931931496,
        "mean": 0.48463767767,
        "min": 0.210852488875,
        "stdev": 0.0307170245796
    },
    "dynamic_complexity": 15.7128753662,
    "erbbands_crest": {
        "max": 29.0462913513,
        "mean": 4.77634382248,
        "min": 2.62419819832,
        "stdev": 3.80348229408
    },
    "erbbands_flatness_db": {
        "max": 0.367382138968,
        "mean": 0.122627325356,
        "min": 0.0845004096627,
        "stdev": 0.0611689798534
    },
    "erbbands_kurtosis": {
        "max": 18.6212882996,
        "mean": 0.37069901824,
        "min": -1.67101085186,
        "stdev": 1.96367192268
    },
    "erbbands_skewness": {
        "max": 3.2814655304,
        "mean": -0.445615708828,
        "min": -1.41201806068,
        "stdev": 0.648575901985
    },
    "erbbands_spread": {
        "max": 50.0996246338,
        "mean": 34.0370025635,
        "min": 3.09174776077,
        "stdev": 6.96489238739
    },
    "hfc": {
        "max": 389.049499512,
        "mean": 8.63788127899,
        "min": 1.05195079745e-16,
        "stdev": 38.6237869263
    },
    "loudness_ebu128": {
        "integrated": -37.4594230652,
        "loudness_range": 17.8927764893,
        "momentary": {
            "max": -33.110786438,
            "mean": -262.314666748,
            "min": -300.691009521,
            "stdev": 90.9248123169
        },
        "short_term": {
            "max": -39.9153442383,
            "mean": -253.672134399,
            "min": -300.691009521,
            "stdev": 96.8388595581
        }
    },
    "melbands_crest": {
        "max": 32.0706787109,
        "mean": 4.32486915588,
        "min": 1.47823989391,
        "stdev": 5.53951978683
    },
    "melbands_flatness_db": {
        "max": 0.359232217073,
        "mean": 0.0397976115346,
        "min": 0.00323398108594,
        "stdev": 0.0856348350644
    },
    "melbands_kurtosis": {
        "max": 66.8909378052,
        "mean": 0.142559781671,
        "min": -1.45112597942,
        "stdev": 5.36115503311
    },
    "melbands_skewness": {
        "max": 6.95396137238,
        "mean": 0.257650822401,
        "min": -0.326687723398,
        "stdev": 0.804286956787
    },
    "melbands_spread": {
        "max": 161.975280762,
        "mean": 116.055335999,
        "min": 2.23095750809,
        "stdev": 41.5241470337
    },
    "pitch_salience": {
        "max": 0.900212824345,
        "mean": 0.765052139759,
        "min": 0.229294583201,
        "stdev": 0.0823262408376
    },
    "silence_rate_20dB": {
        "max": 1,
        "mean": 0.985454559326,
        "min": 0,
        "stdev": 0.119724199176
    },
    "silence_rate_30dB": {
        "max": 1,
        "mean": 0.965454518795,
        "min": 0,
        "stdev": 0.182625472546
    },
    "silence_rate_60dB": {
        "max": 1,
        "mean": 0.8836363554,
        "min": 0,
        "stdev": 0.320660531521
    },
    "spectral_centroid": {
        "max": 11984.7275391,
        "mean": 9642.43066406,
        "min": 454.010070801,
        "stdev": 3466.58789062
    },
    "spectral_complexity": {
        "max": 50,
        "mean": 2.99818181992,
        "min": 0,
        "stdev": 8.82898044586
    },
    "spectral_decrease": {
        "max": 2.09859919355e-28,
        "mean": -3.22617177417e-09,
        "min": -1.43819775644e-07,
        "stdev": 1.49539349792e-08
    },
    "spectral_energy": {
        "max": 0.57809650898,
        "mean": 0.0129597764462,
        "min": 9.69645428621e-21,
        "stdev": 0.0598814114928
    },
    "spectral_energyband_high": {
        "max": 0.0030857231468,
        "mean": 4.42707096227e-05,
        "min": 6.85747671987e-21,
        "stdev": 0.000250637123827
    },
    "spectral_energyband_low": {
        "max": 0.00392363546416,
        "mean": 4.52268795925e-05,
        "min": 6.80028313673e-24,
        "stdev": 0.000291684031254
    },
    "spectral_energyband_middle_high": {
        "max": 0.16902372241,
        "mean": 0.00227546854876,
        "min": 1.16226792441e-21,
        "stdev": 0.0116313630715
    },
    "spectral_energyband_middle_low": {
        "max": 0.482679486275,
        "mean": 0.0109334765002,
        "min": 1.50809240311e-22,
        "stdev": 0.0526184141636
    },
    "spectral_entropy": {
        "max": 9.83057594299,
        "mean": 9.42727184296,
        "min": 6.1816239357,
        "stdev": 0.936707675457
    },
    "spectral_flux": {
        "max": 0.663938939571,
        "mean": 0.0236060488969,
        "min": 6.37920272162e-11,
        "stdev": 0.0837472900748
    },
    "spectral_kurtosis": {
        "max": 41.7027359009,
        "mean": 0.579790711403,
        "min": -1.28330552578,
        "stdev": 5.15455532074
    },
    "spectral_rms": {
        "max": 0.0237486120313,
        "mean": 0.00100849638693,
        "min": 3.07570397103e-12,
        "stdev": 0.0034097826574
    },
    "spectral_rolloff": {
        "max": 19638.28125,
        "mean": 16350.4365234,
        "min": 387.59765625,
        "stdev": 5977.26611328
    },
    "spectral_skewness": {
        "max": 4.72019290924,
        "mean": 0.295617938042,
        "min": -0.108185477555,
        "stdev": 0.779869019985
    },
    "spectral_spread": {
        "max": 43321076,
        "mean": 35255992,
        "min": 1546632.75,
        "stdev": 13201798
    },
    "spectral_strongpeak": {
        "max": 11.1455850601,
        "mean": 0.362268567085,
        "min": 0,
        "stdev": 1.36102473736
    },
    "zerocrossingrate": {
        "max": 0.7041015625,
        "mean": 0.438114345074,
        "min": 0.009765625,
        "stdev": 0.156924366951
    },
    "barkbands": {
        "max": [0.000374898256268, 0.000474763277452, 0.000999454292469, 0.0190089829266, 0.0426503121853, 0.183025687933, 0.305170804262, 0.230834335089, 0.19354596734, 0.118200778961, 0.107693836093, 0.0106929624453, 0.0280344896019, 0.0304687041789, 0.00681361695752, 0.0125349806622, 0.01149581559, 0.00295005855151, 0.00362086622044, 0.00539223570377, 0.0004532392486, 0.000171136984136, 0.000144835299579, 0.000110367443995, 0.000107476218545, 0.0001074276297, 0.00011331706628],
        "mean": [3.2369669043e-06, 3.6392043512e-06, 1.02999501905e-05, 9.62089470704e-05, 0.000790163991041, 0.00109423196409, 0.0033500008285, 0.00271208048798, 0.00217074318789, 0.00110661715735, 0.000599574821535, 0.000121570119518, 0.000163168995641, 0.000204742740607, 0.000105563849502, 0.000137761089718, 0.000129704218125, 3.96325922338e-05, 4.99530360685e-05, 5.73789111513e-05, 8.28603151604e-06, 2.63401511802e-06, 9.84399093795e-07, 5.88981549754e-07, 4.27434372341e-07, 3.19399731552e-07, 2.36654784658e-07],
        "min": [1.0190992665e-25, 1.69499328097e-24, 3.93404563655e-25, 7.28511073819e-25, 6.23535696554e-24, 6.80804079487e-24, 3.37151498941e-24, 7.31871700162e-24, 8.88259272545e-24, 1.42854237569e-23, 7.04319628642e-24, 1.33439750645e-23, 2.61150430521e-23, 2.94029064423e-23, 2.62936096066e-23, 5.27558808302e-23, 4.45592184391e-23, 6.01557053547e-23, 1.08127094308e-22, 1.40522229049e-22, 1.80662008884e-22, 2.73021679584e-22, 3.54911298049e-22, 4.8197523189e-22, 8.37864490269e-22, 1.22632443965e-21, 1.80723837908e-21],
        "stdev": [1.95670490939e-05, 2.41594207182e-05, 7.36529545975e-05, 0.000876836595125, 0.00401518354192, 0.0094539988786, 0.0216279309243, 0.0173617247492, 0.0161858294159, 0.00892594177276, 0.00547771388665, 0.000628117006272, 0.00127314904239, 0.0014870314626, 0.000452812819276, 0.000768402125686, 0.000710439344402, 0.00019284922746, 0.000285576883471, 0.000357289100066, 4.17226692662e-05, 1.45387948578e-05, 6.7705618676e-06, 4.94676123708e-06, 4.63926653538e-06, 4.59114517071e-06, 4.8273682296e-06]
    },
    "erbbands": {
        "max": [0.0154613265768, 0.112222142518, 0.754578530788, 25.4201030731, 113.965400696, 126.530799866, 146.877151489, 2160.78759766, 4711.96435547, 4750.99023438, 4175.76464844, 4178.21826172, 6015.71484375, 2565.14306641, 2947.05957031, 419.352111816, 776.414672852, 2288.94165039, 512.885803223, 137.245162964, 828.870727539, 348.262542725, 161.56388855, 152.133911133, 278.142883301, 218.110961914, 79.0237884521, 12.7501783371, 6.38722372055, 5.00607538223, 4.10376691818, 2.61886811256, 1.69095492363, 1.23485088348, 0.73568546772, 0.426184356213, 0.194123029709, 0.0726075470448, 0.0161729678512, 0.00190379086416],
        "mean": [0.000171434541699, 0.000764123571571, 0.00962960254401, 0.183320581913, 1.62611663342, 2.80226898193, 2.58991956711, 13.3642129898, 47.9101867676, 56.6361923218, 50.5292778015, 43.781375885, 51.8382530212, 19.8284645081, 21.2619400024, 5.43681812286, 6.7927479744, 11.5770521164, 7.00912618637, 5.21735715866, 9.41893577576, 6.58773565292, 2.64101219177, 1.80895555019, 2.97595787048, 2.6867442131, 0.935184121132, 0.203664541245, 0.0983033701777, 0.0451451614499, 0.0255004633218, 0.0158655438572, 0.00827841181308, 0.00517814559862, 0.00276541616768, 0.00138851290103, 0.000579362676945, 0.00017973127251, 4.10947250202e-05, 1.80235056177e-05],
        "min": [6.24694533223e-23, 2.64746718015e-22, 8.47772785187e-22, 3.48738296121e-21, 8.2462685397e-21, 1.69986714479e-20, 3.23002752404e-20, 6.03984988184e-20, 5.59853028423e-20, 7.37330832701e-20, 2.0071885238e-19, 2.48321946334e-19, 3.87500745413e-19, 5.17478711142e-19, 6.64384695461e-19, 8.02080385552e-19, 1.32745365676e-18, 1.59464705669e-18, 1.79741218588e-18, 2.60102600919e-18, 2.88409672738e-18, 3.29645515493e-18, 4.62625862502e-18, 4.88564923023e-18, 7.2605389492e-18, 6.85589087893e-18, 6.3086567234e-18, 7.0049409671e-18, 1.02172398005e-17, 1.0586727318e-17, 9.14164692381e-18, 9.78325452902e-18, 8.00164066566e-18, 7.90636434835e-18, 5.44976200616e-18, 4.00178689338e-18, 2.08058919678e-18, 8.9411823907e-19, 1.99238005213e-19, 2.65999199921e-20],
        "stdev": [0.000923835963476, 0.00546471960843, 0.0588534250855, 1.28575134277, 9.96757411957, 14.3886766434, 12.4228792191, 110.892623901, 339.413696289, 368.300079346, 327.046264648, 310.709960938, 428.145568848, 154.058166504, 186.518341064, 26.0913143158, 39.6157188416, 103.38331604, 35.6239738464, 18.9461078644, 55.7461433411, 29.5665168762, 11.610203743, 9.1762714386, 19.0936203003, 15.9633312225, 5.69572019577, 1.08581745625, 0.537452757359, 0.260101377964, 0.187066525221, 0.120270453393, 0.0744827762246, 0.0534885153174, 0.0316564440727, 0.0182578284293, 0.00829643663019, 0.00309528363869, 0.000690004206263, 0.00010534375906]
    },
    "gfcc": {
        "mean": [-1096.43041992, 14.4525136948, -24.5569496155, -2.83901882172, -9.17020511627, -4.49849891663, -6.49226379395, -0.50923037529, -2.7805454731, 0.0512112826109, -1.96752691269, -1.02206981182, -1.23928880692],
        "cov": [[176559.203125, 15797.1435547, -25427.4570312, -2945.72070312, -9544.55664062, -4782.97412109, -6650.88623047, -577.057250977, -2907.94140625, -48.3230743408, -2014.91418457, -1140.51953125, -1255.41174316], [15797.1435547, 1567.21276855, -2229.61694336, -281.330352783, -851.643005371, -455.31439209, -576.682983398, -57.151676178, -259.837768555, -27.3066654205, -173.663543701, -117.379447937, -111.739624023], [-25427.4570312, -2229.61694336, 3735.27905273, 428.607666016, 1366.79882812, 681.071044922, 970.725646973, 71.9838867188, 414.0027771, -1.89297258854, 295.854492188, 158.55456543, 181.176864624], [-2945.72070312, -281.330352783, 428.607666016, 103.718925476, 171.364593506, 66.9161071777, 89.0811691284, -15.3864717484, 43.7926025391, 9.45713615417, 33.0380744934, 21.326128006, 27.3488292694], [-9544.55664062, -851.643005371, 1366.79882812, 171.364593506, 533.652832031, 266.907287598, 348.101379395, 25.3390960693, 157.860122681, 5.71737909317, 108.59210968, 65.0371170044, 68.9123687744], [-4782.97412109, -455.31439209, 681.071044922, 66.9161071777, 266.907287598, 174.641601562, 189.136489868, 28.3888092041, 81.0543212891, 1.14305639267, 53.3046684265, 42.0540618896, 31.8920974731], [-6650.88623047, -576.682983398, 970.725646973, 89.0811691284, 348.101379395, 189.136489868, 294.700958252, 45.3075904846, 110.590522766, -11.6862516403, 78.1737823486, 39.2694206238, 49.66954422], [-577.057250977, -57.151676178, 71.9838867188, -15.3864717484, 25.3390960693, 28.3888092041, 45.3075904846, 28.3385848999, 14.247379303, -5.08526134491, 6.8584356308, 3.63062238693, 4.22078180313], [-2907.94140625, -259.837768555, 414.0027771, 43.7926025391, 157.860122681, 81.0543212891, 110.590522766, 14.247379303, 56.691696167, 6.21332979202, 34.9026985168, 17.5840835571, 19.531452179], [-48.3230743408, -27.3066654205, -1.89297258854, 9.45713615417, 5.71737909317, 1.14305639267, -11.6862516403, -5.08526134491, 6.21332979202, 16.685464859, 3.89013719559, 2.40796804428, -1.06063878536], [-2014.91418457, -173.663543701, 295.854492188, 33.0380744934, 108.59210968, 53.3046684265, 78.1737823486, 6.8584356308, 34.9026985168, 3.89013719559, 29.9880962372, 13.1033773422, 14.1213331223], [-1140.51953125, -117.379447937, 158.55456543, 21.326128006, 65.0371170044, 42.0540618896, 39.2694206238, 3.63062238693, 17.5840835571, 2.40796804428, 13.1033773422, 18.8645935059, 11.5711641312], [-1255.41174316, -111.739624023, 181.176864624, 27.3488292694, 68.9123687744, 31.8920974731, 49.66954422, 4.22078180313, 19.531452179, -1.06063878536, 14.1213331223, 11.5711641312, 16.8686275482]],
        "icov": [[0.00206863600761, -0.00540818041191, 0.00509868375957, -0.00505288597196, 0.0149744180962, -0.00721653690562, 0.00488819833845, -0.0036006255541, 0.00761385681108, -0.00527643039823, 0.000703388534021, 0.00319402944297, -0.001390621881], [-0.00540818041191, 0.025098985061, -0.00707715656608, 0.021158516407, -0.0359581969678, 0.0210827831179, -0.0123066203669, 0.0285527482629, -0.0300296321511, 0.0393107309937, -0.022776030004, 0.00333482096903, -0.00437430804595], [0.00509868375957, -0.00707715656608, 0.0283430609852, -0.00561760924757, 0.0238294377923, -0.0149266170338, -0.00915229506791, 0.0267444904894, 0.00259688170627, 0.0059594004415, -0.0202085543424, 0.0113745732233, -0.0051197311841], [-0.00505288597196, 0.021158516407, -0.00561760924757, 0.0679224580526, -0.0570152774453, 0.0243313573301, -0.0249110218138, 0.0651552081108, -0.00485421018675, -0.000401145312935, -0.00245698727667, 0.00933770649135, -0.040465734899], [0.0149744180962, -0.0359581969678, 0.0238294377923, -0.0570152774453, 0.172189310193, -0.0783722624183, 0.0580050125718, -0.0302790086716, 0.00926336459816, -0.00910934619606, -0.0129616912454, 0.0297624599189, -0.0265981480479], [-0.00721653690562, 0.0210827831179, -0.0149266170338, 0.0243313573301, -0.0783722624183, 0.0837488770485, -0.036650326103, 0.00195978139527, -0.0230935886502, 0.0125881303102, 0.0198607128114, -0.0756969898939, 0.0555380061269], [0.00488819833845, -0.0123066203669, -0.00915229506791, -0.0249110218138, 0.0580050125718, -0.036650326103, 0.104117207229, -0.086644127965, 0.00924265570939, 0.0329879894853, -0.0370666310191, 0.0419060178101, -0.0379476509988], [-0.0036006255541, 0.0285527482629, 0.0267444904894, 0.0651552081108, -0.0302790086716, 0.00195978139527, -0.086644127965, 0.210700720549, -0.0803094431758, 0.0484500713646, -0.0291651133448, 0.0138225797564, -0.0383547209203], [0.00761385681108, -0.0300296321511, 0.00259688170627, -0.00485421018675, 0.00926336459816, -0.0230935886502, 0.00924265570939, -0.0803094431758, 0.252583444118, -0.151721566916, 0.0318407900631, 0.0411142595112, -0.0104512106627], [-0.00527643039823, 0.0393107309937, 0.0059594004415, -0.000401145312935, -0.00910934619606, 0.0125881303102, 0.0329879894853, 0.0484500713646, -0.151721566916, 0.237750440836, -0.128705397248, -0.00420248322189, 0.00976118259132], [0.000703388534021, -0.022776030004, -0.0202085543424, -0.00245698727667, -0.0129616912454, 0.0198607128114, -0.0370666310191, -0.0291651133448, 0.0318407900631, -0.128705397248, 0.252233982086, -0.0530895888805, 0.0346560589969], [0.00319402944297, 0.00333482096903, 0.0113745732233, 0.00933770649135, 0.0297624599189, -0.0756969898939, 0.0419060178101, 0.0138225797564, 0.0411142595112, -0.00420248322189, -0.0530895888805, 0.220306709409, -0.137378096581], [-0.001390621881, -0.00437430804595, -0.0051197311841, -0.040465734899, -0.0265981480479, 0.0555380061269, -0.0379476509988, -0.0383547209203, -0.0104512106627, 0.00976118259132, 0.0346560589969, -0.137378096581, 0.250337094069]]
    },
    "melbands": {
        "max": [0.000150966021465, 0.000330939190462, 0.00745973596349, 0.0105686746538, 0.00388674926944, 0.0431506522, 0.0631677806377, 0.0500750280917, 0.0375498346984, 0.0295736622065, 0.0293623376638, 0.0106159970164, 0.0146330622956, 0.00356134446338, 0.000441910349764, 0.00376473343931, 0.0040108342655, 0.000856633065268, 0.000237681815634, 0.000208649027627, 0.00119398871902, 0.000538479012903, 0.000163021337357, 0.000105461032945, 0.000128822473926, 0.000154661567649, 0.00021315876802, 0.000134955509566, 7.96001186245e-05, 7.44637236494e-06, 8.08266031527e-06, 3.93254822484e-06, 3.12534189106e-06, 2.64380287263e-06, 2.37437416217e-06, 2.09232280213e-06, 1.41120756325e-06, 1.17983859127e-06, 1.12963584797e-06, 1.01531145447e-06],
        "mean": [1.43143176956e-06, 4.52517406302e-06, 6.90140586812e-05, 0.000175696288352, 9.4311653811e-05, 0.000324923661537, 0.000682245823555, 0.000609316281043, 0.00040362845175, 0.00028210360324, 0.000254758197116, 7.40779651096e-05, 8.07464530226e-05, 2.07218818105e-05, 1.16445853564e-05, 1.85244298336e-05, 2.13314688153e-05, 1.13854066512e-05, 7.43330383557e-06, 6.86333123667e-06, 1.2501317542e-05, 7.7384929682e-06, 3.18396246257e-06, 1.59572334724e-06, 1.37994572924e-06, 2.03072227123e-06, 2.17179535866e-06, 1.77930849077e-06, 8.14537258975e-07, 1.19646585972e-07, 1.07723757026e-07, 6.24309421937e-08, 3.23642908029e-08, 2.13393569481e-08, 1.43550034082e-08, 1.28207071626e-08, 8.46396996934e-09, 5.85861981151e-09, 4.89368900958e-09, 4.20951362656e-09],
        "min": [7.92500709438e-25, 4.19569132381e-25, 7.02033943612e-25, 1.09369066267e-24, 8.57406311175e-25, 1.33102153677e-24, 8.02464762228e-25, 9.64282567121e-25, 1.31290869874e-24, 1.26391806994e-24, 1.65348480064e-24, 2.13970355831e-24, 1.65662269211e-24, 1.28047971161e-24, 1.85379196726e-24, 2.04610402861e-24, 2.50990612037e-24, 2.44084529242e-24, 2.05876583779e-24, 2.32959184453e-24, 2.82600781269e-24, 2.58572965564e-24, 2.78527004946e-24, 2.67311375026e-24, 3.17831979827e-24, 3.79887841266e-24, 4.16197688783e-24, 3.50974550811e-24, 4.11377906425e-24, 3.48945561119e-24, 3.05957059406e-24, 4.55950953596e-24, 4.27255743738e-24, 5.08927538774e-24, 4.81996458559e-24, 5.34124860492e-24, 5.02523408174e-24, 5.2389861992e-24, 5.85866957241e-24, 5.43561175198e-24],
        "stdev": [8.25482129585e-06, 2.89009203698e-05, 0.000438826449681, 0.000941044883803, 0.000413673522417, 0.0024777429644, 0.00460829678923, 0.00405355589464, 0.00274850684218, 0.00215038354509, 0.00210387934931, 0.000598364218604, 0.000749164377339, 0.000165190183907, 4.64381300844e-05, 0.000167191537912, 0.00018387788441, 6.23678570264e-05, 2.8431399187e-05, 2.57287301793e-05, 8.02668873803e-05, 3.89724991692e-05, 1.28562869577e-05, 7.2766156336e-06, 7.41685016692e-06, 1.21763923744e-05, 1.46201828102e-05, 1.05446015368e-05, 5.43206397197e-06, 5.72328531234e-07, 6.36449158264e-07, 3.5680082533e-07, 1.7493537996e-07, 1.32576033707e-07, 1.08078246797e-07, 9.55925472113e-08, 6.51235581017e-08, 5.21306233736e-08, 4.91410361292e-08, 4.39417249254e-08]
    },
    "melbands128": {
        "max": [0.000172076790477, 0.000138353556395, 0.000135210968438, 0.0001862958743, 0.000259639229625, 0.000685169943608, 0.00280350795947, 0.0128229614347, 0.0123743200675, 0.0192057974637, 0.010196056217, 0.00570265436545, 0.006539165508, 0.00596238533035, 0.0531579144299, 0.0712108835578, 0.101087667048, 0.0774766728282, 0.0240784045309, 0.0830100625753, 0.0628151521087, 0.0775422826409, 0.049505058676, 0.0793344527483, 0.0198546200991, 0.0623136758804, 0.04921252653, 0.043775446713, 0.0164250377566, 0.00868683122098, 0.00907906144857, 0.0258302800357, 0.022590296343, 0.0193279646337, 0.00300272367895, 0.000619138358161, 0.000419571559178, 0.00078327616211, 0.000544108392205, 0.001153586898, 0.00395551044494, 0.0104509303346, 0.00421662908047, 0.000925952976104, 0.00177068938501, 0.00145142246038, 0.000991720939055, 0.000306321948301, 0.000338521844242, 0.000264495552983, 0.000345516949892, 0.000445291108917, 0.00217153830454, 0.00132809043862, 0.00164909067098, 0.000450644554803, 0.00026688555954, 0.000125440434203, 0.000286733964458, 0.000149473868078, 6.30730210105e-05, 8.33580852486e-05, 9.53090784606e-05, 0.00012418453116, 0.000230377656408, 0.000163990829606, 0.000279488333035, 0.000340615923051, 0.000301694846712, 0.000115668641229, 0.000131970446091, 0.000210891303141, 0.000148541934323, 5.28461714566e-05, 9.34162289923e-06, 6.99487418387e-06, 7.988121979e-06, 6.69504015605e-06, 1.0845054021e-05, 9.81240100373e-06, 4.2635324462e-06, 3.8279531509e-06, 3.24462803292e-06, 3.28171176989e-06, 2.9115453799e-06, 2.58852446677e-06, 2.58352019955e-06, 2.58643740381e-06, 2.17891442844e-06, 2.34810158872e-06, 2.58257728092e-06, 1.78067307388e-06, 1.84828172678e-06, 1.18337300137e-06, 1.41915143104e-06, 1.23671372876e-06, 1.12458747026e-06, 1.06063760086e-06, 1.18925845527e-06, 1.14165834475e-06, 1.02451519979e-06, 1.01402383734e-06, 9.76679075393e-07, 8.64763251229e-07, 7.58244198096e-07, 8.13291990198e-07, 8.10552023722e-07, 7.82988763603e-07, 7.36141998914e-07, 7.23928224033e-07, 6.33717604615e-07, 6.07994536495e-07, 6.03015564593e-07, 6.11541395301e-07, 6.3305429876e-07, 6.04961314821e-07, 5.57612054308e-07, 5.3578492043e-07, 5.15270983215e-07, 5.01633678596e-07, 4.87898205392e-07, 4.74094889569e-07, 4.64550964807e-07, 4.57877092686e-07, 4.52552512797e-07, 4.45590814024e-07, 4.42031762304e-07, 4.39693877752e-07],
        "mean": [2.06397658076e-06, 1.67526809491e-06, 1.13201383556e-06, 1.02147566849e-06, 1.23699931009e-06, 6.7248652158e-06, 2.38914690271e-05, 5.90190829826e-05, 0.000173823922523, 0.000225057825446, 0.000147290687892, 0.000108096639451, 6.7099215812e-05, 8.67274138727e-05, 0.00020802533254, 0.000397811090806, 0.000937562552281, 0.000746028439607, 0.000327839312376, 0.000784768548328, 0.000645590829663, 0.000346239336068, 0.000441458250862, 0.000394907285227, 0.000197052402655, 0.000283364322968, 0.000348960253177, 0.000309595023282, 0.000113946269266, 6.46246407996e-05, 5.97335529164e-05, 8.52910379763e-05, 0.000101386554888, 7.08078150637e-05, 1.86367196875e-05, 1.13103642434e-05, 9.94770198304e-06, 1.25766036945e-05, 1.02649910332e-05, 1.48193030327e-05, 1.72432064574e-05, 2.98390332318e-05, 2.71004191745e-05, 1.23042354971e-05, 1.31036986204e-05, 1.19623746286e-05, 9.14118118089e-06, 7.36252741262e-06, 7.05861293682e-06, 5.96471682002e-06, 6.60529121888e-06, 7.03834803062e-06, 1.34738957058e-05, 1.41765694934e-05, 1.19869810078e-05, 6.54181303616e-06, 5.54561574972e-06, 2.76531022791e-06, 2.99918588098e-06, 2.51308688348e-06, 1.3164177517e-06, 1.10149505872e-06, 1.11831832328e-06, 1.44358216403e-06, 1.85346902981e-06, 1.8552561869e-06, 2.24751147471e-06, 2.5828253456e-06, 2.15727754949e-06, 1.64923005741e-06, 1.79211838258e-06, 1.97647341338e-06, 1.3109839756e-06, 6.02441275532e-07, 1.90008606182e-07, 9.57509698196e-08, 1.04499214615e-07, 1.01069083769e-07, 1.09340362542e-07, 1.19561107681e-07, 6.54984972925e-08, 4.34218563328e-08, 3.4895698775e-08, 3.48816975304e-08, 2.6484114457e-08, 2.35496759871e-08, 1.98797742712e-08, 1.60157345164e-08, 1.30239987683e-08, 1.38890703383e-08, 1.47798777661e-08, 1.21018999266e-08, 1.05209307932e-08, 8.09949884939e-09, 7.88614595848e-09, 6.07597216984e-09, 5.69864155864e-09, 5.01766317385e-09, 4.98878494071e-09, 4.81122475193e-09, 4.22823731583e-09, 4.10515132998e-09, 4.27455626451e-09, 3.33216187975e-09, 2.90434298833e-09, 2.84778023385e-09, 2.70063527097e-09, 2.43033060343e-09, 2.36629027484e-09, 2.35504393764e-09, 2.01133687483e-09, 2.0009252033e-09, 1.75002490277e-09, 1.68038860604e-09, 1.63396796093e-09, 1.54845625211e-09, 1.38167954855e-09, 1.1415237644e-09, 1.10848574764e-09, 1.08290665324e-09, 1.03527042494e-09, 1.00429886629e-09, 9.40049815767e-10, 8.45446490594e-10, 8.31948676616e-10, 8.14835643403e-10, 8.06119337948e-10, 8.01558264207e-10],
        "min": [1.68505188328e-26, 2.57872220422e-25, 2.4783982023e-26, 1.3744146058e-25, 5.36860460014e-26, 1.82776458638e-25, 1.36871816724e-25, 3.08926829822e-25, 1.80923769498e-25, 4.39078303517e-25, 1.73683715044e-25, 1.92236453961e-25, 1.69950985478e-25, 3.22859740433e-25, 3.49855423427e-25, 1.33605390235e-25, 2.78847933284e-25, 1.42952701708e-25, 3.50234865522e-25, 2.39188641527e-25, 6.73555473288e-25, 7.00562471504e-25, 4.30470351926e-25, 3.93269002839e-25, 6.5607032202e-25, 3.38397218778e-25, 1.76371598341e-25, 3.04080536806e-25, 6.04472902361e-25, 7.16795799124e-25, 5.40208447325e-25, 1.46150669863e-25, 6.41971356187e-25, 5.61657575338e-25, 8.47411936544e-25, 2.74291620607e-25, 6.33528966779e-25, 3.48031281191e-25, 9.93369643633e-25, 6.04687916262e-25, 8.48002596146e-25, 1.23195224277e-24, 9.26328694033e-25, 1.03921912691e-24, 8.47256432338e-25, 1.16684528429e-24, 7.87432820464e-25, 1.10908469159e-24, 9.16099041637e-25, 1.04134254325e-24, 9.32803960166e-25, 9.13078394624e-25, 9.86309239924e-25, 1.04293328127e-24, 1.39818239322e-24, 1.16587242158e-24, 1.26398699666e-24, 1.54190082003e-24, 1.45521802275e-24, 2.12628286494e-24, 8.53681704411e-25, 1.91429345717e-24, 1.47924751478e-24, 1.1291634696e-24, 2.45592614356e-24, 1.96040375759e-24, 1.68351338264e-24, 1.62845562462e-24, 2.10297537785e-24, 2.21426925487e-24, 1.65021763459e-24, 1.87937216262e-24, 2.26927770908e-24, 2.39273207416e-24, 2.31599089644e-24, 1.44442206683e-24, 2.16206224294e-24, 2.49000000428e-24, 1.73325165436e-24, 2.41950818266e-24, 2.31963563104e-24, 2.84954091399e-24, 2.98257658642e-24, 3.07114949443e-24, 3.0299259901e-24, 1.75711055523e-24, 2.89833136934e-24, 3.14875624978e-24, 2.63096925083e-24, 2.91810436514e-24, 2.93524197388e-24, 3.18088675166e-24, 2.79023435114e-24, 2.48043210758e-24, 2.72043889647e-24, 3.5240499229e-24, 2.75525310316e-24, 3.31401965119e-24, 3.34942175646e-24, 3.75467143639e-24, 3.82044113664e-24, 3.344081957e-24, 3.97729350587e-24, 3.48948440462e-24, 3.75418668136e-24, 3.76634618336e-24, 4.12426026466e-24, 4.08223724981e-24, 3.99877576604e-24, 2.9545670939e-24, 4.18941899214e-24, 3.49544858749e-24, 4.16558671534e-24, 4.13795528441e-24, 4.00051835978e-24, 4.59010037857e-24, 4.23962998876e-24, 4.59585433001e-24, 4.97879857341e-24, 4.27607536258e-24, 4.56335286629e-24, 4.62204175105e-24, 5.14220677119e-24, 5.15950372983e-24, 4.65132269013e-24, 4.73115383602e-24, 4.92503139183e-24, 5.28326693396e-24],
        "stdev": [1.03766578832e-05, 8.71253541845e-06, 7.4019708336e-06, 8.69625000632e-06, 1.18564330478e-05, 4.91731734655e-05, 0.000175824025064, 0.000582571490668, 0.00114190939348, 0.00142998469528, 0.000877611979377, 0.000567223469261, 0.000450769002782, 0.000528032251168, 0.00244333432056, 0.00392454862595, 0.00741342967376, 0.00556279020384, 0.00172902247868, 0.0058503523469, 0.00496679823846, 0.00365146831609, 0.00367804802954, 0.00380331254564, 0.00140656088479, 0.00364716909826, 0.00351048307493, 0.00298954150639, 0.000997054274194, 0.00054768868722, 0.000545727205463, 0.00113615312148, 0.00105787650682, 0.000855676073115, 0.000146139107528, 5.70687261643e-05, 4.27178674727e-05, 6.40872167423e-05, 4.69700680696e-05, 8.7991982582e-05, 0.000173490101588, 0.000449448241852, 0.000217102555325, 6.08982409176e-05, 9.27230212255e-05, 7.99953922979e-05, 5.41643275938e-05, 2.99697512673e-05, 3.16409459629e-05, 2.28856133617e-05, 2.83712870441e-05, 3.52486604243e-05, 0.000116998817248, 9.54553979682e-05, 9.54622591962e-05, 3.25104228978e-05, 2.2896892915e-05, 1.1114141671e-05, 1.8561786419e-05, 1.29735826704e-05, 5.4030820138e-06, 5.22678692505e-06, 5.45446982869e-06, 8.07402557257e-06, 1.24697025967e-05, 1.16595711006e-05, 1.67997131939e-05, 2.05658834602e-05, 1.58049078891e-05, 9.15517921385e-06, 1.01683199318e-05, 1.42195858643e-05, 9.73518854153e-06, 3.8414636947e-06, 9.07743981315e-07, 4.92924641549e-07, 6.14163468526e-07, 5.78125309403e-07, 6.74514581078e-07, 7.75601108671e-07, 3.93212474137e-07, 2.59289350879e-07, 1.85774922556e-07, 1.95353479171e-07, 1.53284119619e-07, 1.38169951924e-07, 1.31859181352e-07, 1.19499134144e-07, 9.96193563196e-08, 1.0662506611e-07, 1.15911063858e-07, 8.49330632491e-08, 8.52607655588e-08, 5.65838469413e-08, 6.52392557754e-08, 5.46242340249e-08, 5.00041217322e-08, 4.64704008607e-08, 5.17938296696e-08, 4.96559557916e-08, 4.43237304637e-08, 4.39365663851e-08, 4.25271977633e-08, 3.72923274483e-08, 3.2681167994e-08, 3.49159421376e-08, 3.47571216253e-08, 3.35171606025e-08, 3.15496535563e-08, 3.10325951602e-08, 2.71344582359e-08, 2.60608405966e-08, 2.57653773872e-08, 2.61051447126e-08, 2.70056332852e-08, 2.58000341091e-08, 2.37718804641e-08, 2.28272885039e-08, 2.19537135138e-08, 2.13779873803e-08, 2.07878230185e-08, 2.0198895001e-08, 1.97902245702e-08, 1.95056699681e-08, 1.92789819664e-08, 1.89825861696e-08, 1.88310576021e-08, 1.87314750377e-08]
    },
    "mfcc": {
        "mean": [-1185.22546387, 21.6427974701, -8.67984294891, 0.375144571066, -2.71848249435, -3.51690840721, -3.1921877861, -2.56083607674, -1.41178011894, -0.424578070641, -1.35241293907, -0.0534490831196, 0.0207490120083],
        "cov": [[41816.8945312, 11125.3769531, -4353.65625, 228.60446167, -1484.99462891, -1807.34716797, -1568.50769043, -1253.08520508, -728.600097656, -209.841064453, -692.865783691, -64.040977478, -18.4724674225], [11125.3769531, 3058.69213867, -1171.07067871, 34.5137901306, -408.823699951, -509.988220215, -426.91998291, -334.825622559, -192.660430908, -59.2474937439, -182.688659668, -8.56208229065, -7.17046880722], [-4353.65625, -1171.07067871, 519.764709473, -15.5640068054, 140.60836792, 191.302337646, 174.573669434, 134.474838257, 72.7535552979, 14.2734298706, 70.2063522339, 6.06244468689, 0.0731947645545], [228.60446167, 34.5137901306, -15.5640068054, 54.3342285156, -0.337687939405, -7.22571182251, -20.6016788483, -33.3672103882, -14.6001605988, -8.95887088776, -20.4229106903, -0.560579538345, 10.7460546494], [-1484.99462891, -408.823699951, 140.60836792, -0.337687939405, 86.9298171997, 84.0586471558, 41.7704811096, 29.0708808899, 17.8731212616, 0.707037806511, 19.9014339447, 5.81842851639, 6.51440620422], [-1807.34716797, -509.988220215, 191.302337646, -7.22571182251, 84.0586471558, 105.910438538, 66.0199813843, 50.9784049988, 28.9347629547, 1.38915657997, 29.8406486511, 3.7036614418, 3.93482065201], [-1568.50769043, -426.91998291, 174.573669434, -20.6016788483, 41.7704811096, 66.0199813843, 80.3805541992, 68.7352905273, 33.9068565369, 11.71758461, 32.092086792, -1.42200577259, -5.92237281799], [-1253.08520508, -334.825622559, 134.474838257, -33.3672103882, 29.0708808899, 50.9784049988, 68.7352905273, 73.0208816528, 35.2704811096, 11.5610561371, 30.6423110962, -4.57708597183, -10.1245594025], [-728.600097656, -192.660430908, 72.7535552979, -14.6001605988, 17.8731212616, 28.9347629547, 33.9068565369, 35.2704811096, 23.2267112732, 8.83507442474, 16.2508125305, -2.70502591133, -3.9692094326], [-209.841064453, -59.2474937439, 14.2734298706, -8.95887088776, 0.707037806511, 1.38915657997, 11.71758461, 11.5610561371, 8.83507442474, 17.2403659821, 11.9809875488, -2.04868292809, -3.59242677689], [-692.865783691, -182.688659668, 70.2063522339, -20.4229106903, 19.9014339447, 29.8406486511, 32.092086792, 30.6423110962, 16.2508125305, 11.9809875488, 26.8981876373, 1.62422561646, -5.43678665161], [-64.040977478, -8.56208229065, 6.06244468689, -0.560579538345, 5.81842851639, 3.7036614418, -1.42200577259, -4.57708597183, -2.70502591133, -2.04868292809, 1.62422561646, 8.57890319824, 4.69433259964], [-18.4724674225, -7.17046880722, 0.0731947645545, 10.7460546494, 6.51440620422, 3.93482065201, -5.92237281799, -10.1245594025, -3.9692094326, -3.59242677689, -5.43678665161, 4.69433259964, 9.34750270844]],
        "icov": [[0.00209026644006, -0.00756813166663, 0.00256038620137, -0.00507405679673, 0.00657401932403, -0.0133148171008, 0.000846084498335, -0.00510689942166, 0.0110074980184, -0.00943540781736, 0.00424594711512, 0.00415413500741, 0.00159762334079], [-0.00756813166663, 0.0396239198744, 0.000978276133537, 0.0279327649623, -0.00432381872088, 0.0562190972269, 0.0149534810334, 0.0193232148886, -0.0250815823674, 0.0489302426577, -0.0101963374764, -0.0221796147525, 0.00643412396312], [0.00256038620137, 0.000978276133537, 0.0242968220264, -0.00386327411979, 0.0216790307313, -0.0148563506082, -0.0079386709258, 0.00176249165088, 0.0163132119924, 0.00771030178294, 0.00419753836468, -0.00759513676167, 0.0142318345606], [-0.00507405679673, 0.0279327649623, -0.00386327411979, 0.0686952695251, -0.00156237871852, 0.0412412323058, -0.00989003945142, 0.0553389824927, -0.0155241293833, 0.0369282923639, 0.0107846995816, 0.0263982713223, -0.0295258276165], [0.00657401932403, -0.00432381872088, 0.0216790307313, -0.00156237871852, 0.116567708552, -0.0953589454293, 0.0559911876917, -0.0242287926376, 0.0716053321958, -0.0351753905416, 0.0433192439377, -0.0248187147081, 0.0339833348989], [-0.0133148171008, 0.0562190972269, -0.0148563506082, 0.0412412323058, -0.0953589454293, 0.198712512851, -0.0305167865008, 0.0560527928174, -0.0917736142874, 0.133007630706, -0.0845658257604, 0.0223260223866, -0.0545458234847], [0.000846084498335, 0.0149534810334, -0.0079386709258, -0.00989003945142, 0.0559911876917, -0.0305167865008, 0.200103715062, -0.13360068202, 0.0715414509177, -0.0352591462433, 0.0248289145529, -0.0464648753405, 0.0350778624415], [-0.00510689942166, 0.0193232148886, 0.00176249165088, 0.0553389824927, -0.0242287926376, 0.0560527928174, -0.13360068202, 0.206260979176, -0.139346137643, 0.0847559273243, -0.0391530394554, 0.0473954416811, -2.2413671104e-05], [0.0110074980184, -0.0250815823674, 0.0163132119924, -0.0155241293833, 0.0716053321958, -0.0917736142874, 0.0715414509177, -0.139346137643, 0.297429442406, -0.105030849576, 0.0459134690464, 0.0336746796966, -0.000917125784326], [-0.00943540781736, 0.0489302426577, 0.00771030178294, 0.0369282923639, -0.0351753905416, 0.133007630706, -0.0352591462433, 0.0847559273243, -0.105030849576, 0.218905746937, -0.124127827585, 0.0466762967408, -0.0417451858521], [0.00424594711512, -0.0101963374764, 0.00419753836468, 0.0107846995816, 0.0433192439377, -0.0845658257604, 0.0248289145529, -0.0391530394554, 0.0459134690464, -0.124127827585, 0.208252683282, -0.10713750124, 0.113591395319], [0.00415413500741, -0.0221796147525, -0.00759513676167, 0.0263982713223, -0.0248187147081, 0.0223260223866, -0.0464648753405, 0.0473954416811, 0.0336746796966, 0.0466762967408, -0.10713750124, 0.304613441229, -0.192352339625], [0.00159762334079, 0.00643412396312, 0.0142318345606, -0.0295258276165, 0.0339833348989, -0.0545458234847, 0.0350778624415, -2.2413671104e-05, -0.000917125784326, -0.0417451858521, 0.113591395319, -0.192352339625, 0.316617995501]]
    },
    "spectral_contrast_coeffs": {
        "max": [-0.371104896069, -0.389716058969, -0.477280348539, -0.69049179554, -0.685444355011, -0.663710951805],
        "mean": [-0.907366514206, -0.920022070408, -0.934091806412, -0.940574705601, -0.933744311333, -0.934262573719],
        "min": [-0.984203636646, -0.980363249779, -0.978357374668, -0.973955929279, -0.970823645592, -0.966730117798],
        "stdev": [0.143647253513, 0.11554864049, 0.0757989212871, 0.0552536062896, 0.0665915757418, 0.0653852671385]
    },
    "spectral_contrast_valleys": {
        "max": [-5.4959192276, -4.32566404343, -5.00944519043, -5.54237699509, -6.03694295883, -7.6939034462],
        "mean": [-24.6590919495, -24.3217544556, -24.4086265564, -24.3959102631, -24.5126667023, -25.030620575],
        "min": [-28.3842124939, -28.2271842957, -28.0170288086, -27.7341957092, -27.5621509552, -27.5129966736],
        "stdev": [6.38079500198, 7.18848133087, 7.02272605896, 6.9906463623, 6.76410055161, 5.48077726364]
    }
},
"rhythm": {
    "beats_count": 24,
    "beats_loudness": {
        "max": 0.426911056042,
        "mean": 0.0232617203146,
        "min": 0,
        "stdev": 0.0865341871977
    },
    "bpm": 112.114761353,
    "bpm_histogram_first_peak_bpm": 112,
    "bpm_histogram_first_peak_weight": 0.529411792755,
    "bpm_histogram_second_peak_bpm": 120,
    "bpm_histogram_second_peak_spread": 0.25,
    "bpm_histogram_second_peak_weight": 0.130434781313,
    "danceability": 1.29364013672,
    "onset_rate": 0.705364227295,
    "beats_loudness_band_ratio": {
        "max": [0.044277574867, 0.396845251322, 0.921906173229, 0.253261119127, 0.228842765093, 0.0230676289648],
        "mean": [0.00226357555948, 0.0200404170901, 0.121950991452, 0.0146025354043, 0.0175620596856, 0.00240761693567],
        "min": [0, 0, 0, 0, 0, 0],
        "stdev": [0.00883105676621, 0.0791196748614, 0.277369976044, 0.051109418273, 0.0536077469587, 0.00633895583451]
    },
    "beats_position": [0.522448956966, 1.05650794506, 1.59056687355, 2.12462592125, 2.65868473053, 3.21596360207, 3.7732424736, 4.33052158356, 4.86458063126, 5.39863920212, 5.92108821869, 6.420317173, 6.91954612732, 7.41877555847, 7.89478445053, 8.37079334259, 8.91646194458, 9.43891143799, 9.97297000885, 10.5070295334, 11.0294780731, 11.5403175354, 12.0627660751, 12.5852155685],
    "bpm_histogram": [0, 0, 0, 0, 0, 0, 0, 0, 0, 0, 0, 0, 0, 0, 0, 0, 0, 0, 0, 0, 0, 0, 0, 0, 0, 0, 0, 0, 0, 0, 0, 0, 0, 0, 0, 0, 0, 0, 0, 0, 0, 0, 0, 0, 0, 0, 0, 0, 0, 0, 0, 0, 0, 0, 0, 0, 0, 0, 0, 0, 0, 0, 0, 0, 0, 0, 0, 0, 0, 0, 0, 0, 0, 0, 0, 0, 0, 0, 0, 0, 0, 0, 0, 0, 0, 0, 0, 0, 0, 0, 0, 0, 0, 0, 0, 0, 0, 0, 0, 0, 0, 0, 0, 0, 0, 0, 0, 0, 0.130434781313, 0, 0.0434782616794, 0, 0.347826093435, 0, 0, 0.217391297221, 0, 0.0434782616794, 0, 0, 0.130434781313, 0, 0, 0, 0, 0, 0.0869565233588, 0, 0, 0, 0, 0, 0, 0, 0, 0, 0, 0, 0, 0, 0, 0, 0, 0, 0, 0, 0, 0, 0, 0, 0, 0, 0, 0, 0, 0, 0, 0, 0, 0, 0, 0, 0, 0, 0, 0, 0, 0, 0, 0, 0, 0, 0, 0, 0, 0, 0, 0, 0, 0, 0, 0, 0, 0, 0, 0, 0, 0, 0, 0, 0, 0, 0, 0, 0, 0, 0, 0, 0, 0, 0, 0, 0, 0, 0, 0, 0, 0, 0, 0, 0, 0, 0, 0, 0, 0, 0, 0, 0, 0, 0, 0, 0, 0, 0, 0, 0, 0, 0, 0, 0, 0, 0, 0, 0, 0, 0, 0, 0, 0, 0, 0, 0, 0, 0, 0, 0, 0, 0, 0]
},
"tonal": {
    "chords_changes_rate": 0.0326086953282,
    "chords_number_rate": 0.0108695654199,
    "chords_strength": {
        "max": 0.538787782192,
