{
"metadata": {
    "version": {
        "essentia": "2.1-beta5",
        "essentia_git_sha": "Undefined",
        "extractor": "music 2.0"
    },
    "audio_properties": {
        "analysis": {
            "equal_loudness": 0,
            "length": 21.9080276489,
            "sample_rate": 44100,
            "start_time": 175.240997314,
            "downmix": "mix"
        },
        "bit_rate": 192000,
        "length": 197.17225647,
        "lossless": 0,
        "number_channels": 2,
        "replay_gain": -4.57970237732,
        "sample_rate": 48000,
        "codec": "mp3",
        "md5_encoded": "14e8dae4550b9f707ce578674de31c5e"
    },
    "tags": {
        "file_name": "Yugoslavia_Ljubim Te Pesmama_Extra Nena.mp3",
        "encoding": ["Lavf58.29.100"]
    }
},
"lowlevel": {
    "average_loudness": 0.941586852074,
    "barkbands_crest": {
        "max": 23.078245163,
        "mean": 7.72764348984,
        "min": 2.17528390884,
        "stdev": 4.54228782654
    },
    "barkbands_flatness_db": {
        "max": 0.258714079857,
        "mean": 0.12510150671,
        "min": 0.0630416497588,
        "stdev": 0.0328195691109
    },
    "barkbands_kurtosis": {
        "max": 14.3708229065,
        "mean": 0.469211518764,
        "min": -1.73588263988,
        "stdev": 2.38452744484
    },
    "barkbands_skewness": {
        "max": 2.35462260246,
        "mean": 0.393239319324,
        "min": -3.19822025299,
        "stdev": 0.70487755537
    },
    "barkbands_spread": {
        "max": 89.717956543,
        "mean": 27.6092681885,
        "min": 3.76456356049,
        "stdev": 12.0890426636
    },
    "dissonance": {
        "max": 0.499996095896,
        "mean": 0.473206073046,
        "min": 0.378826081753,
        "stdev": 0.0227066706866
    },
    "dynamic_complexity": 2.41635513306,
    "erbbands_crest": {
        "max": 29.2575340271,
        "mean": 8.74920368195,
        "min": 2.44882893562,
        "stdev": 5.08004999161
    },
    "erbbands_flatness_db": {
        "max": 0.312690228224,
        "mean": 0.19269643724,
        "min": 0.114808648825,
        "stdev": 0.0374347604811
    },
    "erbbands_kurtosis": {
        "max": 23.5925617218,
        "mean": 0.557326376438,
        "min": -1.3983951807,
        "stdev": 2.30735969543
    },
    "erbbands_skewness": {
        "max": 3.59153151512,
        "mean": 0.302513957024,
        "min": -3.00329422951,
        "stdev": 0.826972067356
    },
    "erbbands_spread": {
        "max": 74.5420455933,
        "mean": 31.8790893555,
        "min": 3.82601308823,
        "stdev": 11.8053197861
    },
    "hfc": {
        "max": 386.260375977,
        "mean": 42.6281852722,
        "min": 0.000229168406804,
        "stdev": 40.9805793762
    },
    "loudness_ebu128": {
        "integrated": -18.1055603027,
        "loudness_range": 2.43759155273,
        "momentary": {
            "max": -15.2144918442,
            "mean": -18.8118267059,
            "min": -31.803068161,
            "stdev": 2.75979185104
        },
        "short_term": {
            "max": -16.8211021423,
            "mean": -18.2546977997,
            "min": -23.1956539154,
            "stdev": 1.22542238235
        }
    },
    "melbands_crest": {
        "max": 29.2160148621,
        "mean": 10.033164978,
        "min": 2.72775220871,
        "stdev": 4.95951604843
    },
    "melbands_flatness_db": {
        "max": 0.22780315578,
        "mean": 0.0960193425417,
        "min": 0.0217617340386,
        "stdev": 0.0388951934874
    },
    "melbands_kurtosis": {
        "max": 19.6688346863,
        "mean": 2.79242062569,
        "min": -1.8021709919,
        "stdev": 3.49025321007
    },
    "melbands_skewness": {
        "max": 3.03292751312,
        "mean": 1.12536501884,
        "min": -1.22780525684,
        "stdev": 0.672476232052
    },
    "melbands_spread": {
        "max": 203.797683716,
        "mean": 47.4822845459,
        "min": 6.98145771027,
        "stdev": 28.2545604706
    },
    "pitch_salience": {
        "max": 0.854984402657,
        "mean": 0.611228883266,
        "min": 0.24143961072,
        "stdev": 0.0996608883142
    },
    "silence_rate_20dB": {
        "max": 1,
        "mean": 1,
        "min": 1,
        "stdev": 0
    },
    "silence_rate_30dB": {
        "max": 1,
        "mean": 1,
        "min": 1,
        "stdev": 0
    },
    "silence_rate_60dB": {
        "max": 1,
        "mean": 0.0338624343276,
        "min": 0,
        "stdev": 0.180874958634
    },
    "spectral_centroid": {
        "max": 5149.91748047,
        "mean": 2255.87011719,
        "min": 1000.38659668,
        "stdev": 584.606811523
    },
    "spectral_complexity": {
        "max": 53,
        "mean": 26.2201061249,
        "min": 0,
        "stdev": 9.27876758575
    },
    "spectral_decrease": {
        "max": -1.89232784715e-14,
        "mean": -4.98630914336e-09,
        "min": -1.97070484376e-08,
        "stdev": 3.04841130117e-09
    },
    "spectral_energy": {
        "max": 0.083307005465,
        "mean": 0.0226860176772,
        "min": 9.22070313436e-08,
        "stdev": 0.0134131712839
    },
    "spectral_energyband_high": {
        "max": 0.0477183051407,
        "mean": 0.00296782748774,
        "min": 2.49863525426e-08,
        "stdev": 0.00497620832175
    },
    "spectral_energyband_low": {
        "max": 0.0145731596276,
        "mean": 0.0010756921256,
        "min": 3.03210896391e-08,
        "stdev": 0.00146886112634
    },
    "spectral_energyband_middle_high": {
        "max": 0.0774856135249,
        "mean": 0.0127156432718,
        "min": 1.94812574961e-08,
        "stdev": 0.0111382892355
    },
    "spectral_energyband_middle_low": {
        "max": 0.0329839512706,
        "mean": 0.00627412088215,
        "min": 5.73251757174e-09,
        "stdev": 0.00566220283508
    },
    "spectral_entropy": {
        "max": 8.78880119324,
        "mean": 7.86424827576,
        "min": 7.11311340332,
        "stdev": 0.245942562819
    },
    "spectral_flux": {
        "max": 0.256820350885,
        "mean": 0.0872217565775,
        "min": 0.0116556314752,
        "stdev": 0.0357233919203
    },
    "spectral_kurtosis": {
        "max": 6.46610164642,
        "mean": 1.80216825008,
        "min": -1.18111991882,
        "stdev": 1.11370956898
    },
    "spectral_rms": {
        "max": 0.00901527144015,
        "mean": 0.0044607068412,
        "min": 9.48462366068e-06,
        "stdev": 0.0014949265169
    },
    "spectral_rolloff": {
        "max": 9216.2109375,
        "mean": 3307.92993164,
        "min": 861.328125,
        "stdev": 1584.12963867
    },
    "spectral_skewness": {
        "max": 2.07557821274,
        "mean": 1.04030013084,
        "min": -0.0948053300381,
        "stdev": 0.262768179178
    },
    "spectral_spread": {
        "max": 15464681,
        "mean": 4496417,
        "min": 2955369.5,
        "stdev": 909024.5
    },
    "spectral_strongpeak": {
        "max": 24.2740421295,
        "mean": 2.18466520309,
        "min": 0,
        "stdev": 2.22986197472
    },
    "zerocrossingrate": {
        "max": 0.3291015625,
        "mean": 0.111143663526,
        "min": 0.04345703125,
        "stdev": 0.0423794537783
    },
    "barkbands": {
        "max": [0.000667741580401, 0.0093886796385, 0.0112453475595, 0.00581227149814, 0.0128451399505, 0.0179844405502, 0.0158413350582, 0.0232135485858, 0.025523269549, 0.0685372799635, 0.0555313788354, 0.034326929599, 0.0146032432094, 0.0248110182583, 0.0194978546351, 0.0271101482213, 0.00600968673825, 0.00589619250968, 0.00530176982284, 0.00504706567153, 0.00686137983575, 0.0123101081699, 0.0206370465457, 0.02850192599, 0.00328297656961, 3.08719427267e-06, 3.72955469174e-06],
        "mean": [3.84017366741e-05, 0.000477114168461, 0.000382491649361, 0.000327019806718, 0.00109341798816, 0.000866862828843, 0.00094183330657, 0.00174214085564, 0.00100848032162, 0.00262788846157, 0.00244626752101, 0.00164667319041, 0.000983424833976, 0.00124912511092, 0.000600522966124, 0.000954287301283, 0.000489364902023, 0.000837598519865, 0.000715471804142, 0.000671569432598, 0.000504418450873, 0.000480055547087, 0.000631025002804, 0.000825161579996, 0.00014534786169, 3.97348678405e-08, 7.45846673311e-09],
        "min": [2.4201662896e-08, 1.50943773036e-08, 3.01068858732e-09, 1.48966039504e-09, 2.27865037949e-09, 9.78026326592e-10, 4.5669845683e-10, 2.78236794715e-10, 2.2103996411e-10, 1.33050973017e-10, 2.90052759588e-10, 7.95182183988e-11, 1.87029183807e-10, 1.26231436415e-09, 2.67001709631e-09, 2.32710561932e-09, 3.33811045472e-09, 1.83919235397e-09, 5.15890219432e-09, 5.26345900198e-09, 4.2910563991e-09, 5.02779506917e-09, 3.62767105244e-09, 4.79360906525e-09, 8.77026951063e-10, 5.34959923582e-11, 5.02004444958e-11],
        "stdev": [4.7985380661e-05, 0.000786853663158, 0.000736101937946, 0.000568576564547, 0.00150949694216, 0.00169076456223, 0.00148528814316, 0.00314922258258, 0.00242800381966, 0.00602982472628, 0.00689061218873, 0.00391639024019, 0.00136485719122, 0.00203757639974, 0.00117684330326, 0.00168314937036, 0.000513924227562, 0.000725787889678, 0.000677086762153, 0.000652039132547, 0.000587310467381, 0.00076144351624, 0.00151987327263, 0.00254760100506, 0.000355945550837, 1.72146712885e-07, 1.46675162682e-07]
    },
    "erbbands": {
        "max": [0.14063231647, 2.48134016991, 10.857626915, 12.1172771454, 18.9512672424, 56.156627655, 94.298210144, 217.900665283, 267.068908691, 173.136199951, 615.840698242, 563.390930176, 1139.85961914, 1841.75756836, 2353.37744141, 1187.64416504, 555.380432129, 428.398223877, 1499.98864746, 365.693206787, 1836.10559082, 417.561340332, 363.978881836, 280.353363037, 295.800170898, 240.012496948, 366.219543457, 240.27230835, 337.017272949, 654.099609375, 481.402862549, 870.513671875, 347.311431885, 70.7790145874, 11.4962100983, 0.284942269325, 0.0188885517418, 0.00249800109304, 0.000804273993708, 0.000292790326057],
        "mean": [0.0103471754119, 0.12074059248, 0.39922952652, 0.907238125801, 1.81848585606, 3.64341831207, 7.19814682007, 6.94960975647, 13.5004577637, 17.1396636963, 41.942527771, 21.4619350433, 50.4138183594, 110.125656128, 86.9754180908, 52.0789260864, 44.1672363281, 42.6835975647, 64.7439346313, 33.047328949, 51.6717643738, 34.3717689514, 49.0587692261, 37.0525283813, 32.7461547852, 28.0011806488, 25.6589794159, 17.3385753632, 15.8730192184, 20.7409076691, 18.3320999146, 20.7860851288, 9.97927761078, 2.95558905602, 0.362934023142, 0.00989100150764, 0.000713881861884, 0.000106614381366, 3.87511790905e-05, 3.76834541385e-05],
        "min": [8.02060924343e-07, 2.18946752284e-06, 3.58068064088e-06, 4.64732738692e-06, 6.00143357588e-06, 7.88708348409e-06, 8.2647693489e-06, 7.62588888392e-06, 6.79236791257e-06, 6.46238731861e-06, 6.04105071034e-06, 5.03150386066e-06, 3.75335571334e-06, 7.82983624958e-06, 9.8243190223e-06, 3.71957821699e-06, 8.76499234437e-06, 5.2080842579e-05, 9.82866840786e-05, 0.000136521775858, 0.00014159080456, 0.000188019082998, 0.00012793795031, 0.000277620274574, 0.000151281667058, 0.000235127823544, 0.000280259555439, 0.000135731956107, 0.000181840092409, 0.000124276150018, 0.000106274303107, 7.83968280302e-05, 9.21267055674e-05, 4.93128827657e-05, 1.41142199936e-05, 9.8993825759e-07, 3.30730216547e-07, 2.1673470485e-07, 8.44832044322e-08, 8.35001578992e-09],
        "stdev": [0.0142279481515, 0.208809867501, 0.728621184826, 1.48805403709, 2.6510617733, 5.66415262222, 11.428565979, 14.8967552185, 22.876958847, 22.0044212341, 78.4637527466, 46.344367981, 108.131507874, 242.731811523, 201.942138672, 99.9835662842, 53.4274368286, 49.6417312622, 129.160934448, 35.0746078491, 108.104957581, 33.5420188904, 43.9971618652, 35.0607757568, 31.57380867, 26.2592277527, 26.6326084137, 21.769197464, 23.2981433868, 44.471622467, 44.8756256104, 67.1278839111, 28.8147735596, 7.28333568573, 1.04482638836, 0.0272429250181, 0.0018682773225, 0.000268857169431, 6.82918471284e-05, 3.16022669722e-05]
    },
    "gfcc": {
        "mean": [13.9459266663, 65.1512832642, -179.141342163, 48.957736969, -87.7199935913, 32.3703460693, -39.3178291321, 7.50786876678, -12.4755086899, -13.6140546799, 3.4638864994, -15.2606182098, 4.20007801056],
        "cov": [[2594.69067383, 265.176055908, 425.177429199, 88.9999237061, -292.728912354, -167.578369141, -229.941436768, -115.964271545, -153.756439209, -70.2207641602, 51.8728561401, -26.6256790161, -109.797279358], [265.176055908, 912.78314209, 293.372924805, 117.351478577, -6.2403626442, -175.338043213, 17.7877063751, -169.831512451, -62.5804710388, -98.3439254761, 46.6712493896, -75.8318939209, -48.2495803833], [425.177429199, 293.372924805, 498.691131592, 207.099594116, -46.1882896423, -68.4630432129, -136.698348999, -77.7514953613, -80.3818283081, -45.0143547058, -15.3524913788, -39.4613456726, -77.2666625977], [88.9999237061, 117.351478577, 207.099594116, 255.213867188, 46.1884651184, -45.091293335, -65.439491272, -46.7580490112, -27.5592041016, -16.9838142395, -24.6007213593, -33.8160133362, -37.7584762573], [-292.728912354, -6.2403626442, -46.1882896423, 46.1884651184, 164.412445068, 68.5655441284, 23.2843399048, 31.4060955048, 25.2435436249, 32.036190033, -6.80259466171, -6.07666683197, 11.5283565521], [-167.578369141, -175.338043213, -68.4630432129, -45.091293335, 68.5655441284, 139.80355835, 58.3657608032, 54.6576576233, 26.6320209503, 32.2374572754, 0.3142606318, 18.3921108246, 12.6349992752], [-229.941436768, 17.7877063751, -136.698348999, -65.439491272, 23.2843399048, 58.3657608032, 163.223632812, 30.2565364838, 27.4864025116, -5.49157238007, 20.142288208, 14.8753023148, 31.2094993591], [-115.964271545, -169.831512451, -77.7514953613, -46.7580490112, 31.4060955048, 54.6576576233, 30.2565364838, 109.042015076, 48.3112335205, 38.8957862854, -16.6277923584, 14.7184352875, 21.2658672333], [-153.756439209, -62.5804710388, -80.3818283081, -27.5592041016, 25.2435436249, 26.6320209503, 27.4864025116, 48.3112335205, 92.3535690308, 38.8489875793, 6.46124839783, 5.69400167465, 11.0961694717], [-70.2207641602, -98.3439254761, -45.0143547058, -16.9838142395, 32.036190033, 32.2374572754, -5.49157238007, 38.8957862854, 38.8489875793, 80.4482574463, 14.1964521408, 4.23607206345, 0.709415137768], [51.8728561401, 46.6712493896, -15.3524913788, -24.6007213593, -6.80259466171, 0.3142606318, 20.142288208, -16.6277923584, 6.46124839783, 14.1964521408, 80.540145874, 31.2345142365, -6.18950366974], [-26.6256790161, -75.8318939209, -39.4613456726, -33.8160133362, -6.07666683197, 18.3921108246, 14.8753023148, 14.7184352875, 5.69400167465, 4.23607206345, 31.2345142365, 61.7077484131, 32.9750099182], [-109.797279358, -48.2495803833, -77.2666625977, -37.7584762573, 11.5283565521, 12.6349992752, 31.2094993591, 21.2658672333, 11.0961694717, 0.709415137768, -6.18950366974, 32.9750099182, 66.7235488892]],
        "icov": [[0.000662879901938, -0.000420708791353, 0.000225759635214, -0.000461784919025, 0.00157239323016, -0.000904876738787, 0.0011710668914, -0.000874714576639, 0.000823295849841, 6.15264652879e-05, -0.000815162318759, 0.000318653270369, 4.67275167466e-05], [-0.000420708791353, 0.00542906904593, -0.00476615224034, 0.00339547963813, -0.0061335018836, 0.00805205758661, -0.00589966168627, 0.00487381406128, -0.00236836960539, 0.00223895092495, -0.00334939640015, 0.00555206369609, -0.00230753328651], [0.000225759635214, -0.00476615224034, 0.00885520037264, -0.0062688793987, 0.00705692125484, -0.00848002638668, 0.00744223920628, -0.00467995787039, 0.00364519958384, -0.00054846459534, 0.00192350591533, -0.00423779012635, 0.00370131246746], [-0.000461784919025, 0.00339547963813, -0.0062688793987, 0.0107472613454, -0.00907960999757, 0.00852140132338, -0.00474928738549, 0.00548569718376, -0.00275036529638, 0.000695434515364, 0.00171280303039, 0.00103917380329, 0.00104134494904], [0.00157239323016, -0.0061335018836, 0.00705692125484, -0.00907960999757, 0.0200975611806, -0.0158778075129, 0.00908211991191, -0.00746567314491, 0.00380740151741, -0.00316786253825, -0.00103479530662, 0.000484204851091, -0.00208312948234], [-0.000904876738787, 0.00805205758661, -0.00848002638668, 0.00852140132338, -0.0158778075129, 0.0268928203732, -0.0142882289365, 0.00541644031182, -0.00296035292558, -0.000658258330077, 0.00073669408448, -9.72792186076e-05, 0.00255933217704], [0.0011710668914, -0.00589966168627, 0.00744223920628, -0.00474928738549, 0.00908211991191, -0.0142882289365, 0.0188294891268, -0.00801255367696, 0.00217532366514, 0.00394631270319, -0.00455274339765, 0.0013948653359, -0.00304109370336], [-0.000874714576639, 0.00487381406128, -0.00467995787039, 0.00548569718376, -0.00746567314491, 0.00541644031182, -0.00801255367696, 0.0232830066234, -0.00839851144701, -0.00433479528874, 0.00722665851936, -0.00287569267675, -0.000104436388938], [0.000823295849841, -0.00236836960539, 0.00364519958384, -0.00275036529638, 0.00380740151741, -0.00296035292558, 0.00217532366514, -0.00839851144701, 0.018953314051, -0.00568278646097, -0.00187949126121, 0.000373720511561, 0.00041834032163], [6.15264652879e-05, 0.00223895092495, -0.00054846459534, 0.000695434515364, -0.00316786253825, -0.000658258330077, 0.00394631270319, -0.00433479528874, -0.00568278646097, 0.0231282096356, -0.0105260992423, 0.00854297913611, -0.0028128598351], [-0.000815162318759, -0.00334939640015, 0.00192350591533, 0.00171280303039, -0.00103479530662, 0.00073669408448, -0.00455274339765, 0.00722665851936, -0.00187949126121, -0.0105260992423, 0.0321329981089, -0.0272593386471, 0.0161757282913], [0.000318653270369, 0.00555206369609, -0.00423779012635, 0.00103917380329, 0.000484204851091, -9.72792186076e-05, 0.0013948653359, -0.00287569267675, 0.000373720511561, 0.00854297913611, -0.0272593386471, 0.0486984476447, -0.0263298805803], [4.67275167466e-05, -0.00230753328651, 0.00370131246746, 0.00104134494904, -0.00208312948234, 0.00255933217704, -0.00304109370336, -0.000104436388938, 0.00041834032163, -0.0028128598351, 0.0161757282913, -0.0263298805803, 0.0340751037002]]
    },
    "melbands": {
        "max": [0.00204533990473, 0.00399233819917, 0.00212971214205, 0.00300189247355, 0.00243768468499, 0.00433295313269, 0.00368151953444, 0.00270548625849, 0.00483573740348, 0.00302935414948, 0.00697126844898, 0.00725417258218, 0.00781351607293, 0.00491608027369, 0.00151661154814, 0.00188075576443, 0.000992332585156, 0.00289276218973, 0.000427262770245, 0.000624146428891, 0.00258253910579, 0.00045238644816, 0.000369937362848, 0.000229936849792, 0.000243924718234, 0.000209198988159, 0.000256928789895, 0.000157328890054, 0.0002683645871, 0.00015626118693, 0.000147765662405, 0.00017905056302, 0.000286727357889, 0.000453096057754, 0.000321342988173, 0.000573268742301, 0.000527668744326, 0.000299439008813, 0.000115393122542, 6.65309198666e-05],
        "mean": [0.00011717039888, 0.000198148103664, 0.00017432916502, 0.00020073154883, 0.000238204360357, 0.00016301436699, 0.000200047448743, 0.000237266154727, 0.000322201580275, 0.000125171121908, 0.000268289149972, 0.000461634830572, 0.000323306361679, 0.00019999918004, 9.68301392277e-05, 0.000100138466223, 7.69997059251e-05, 0.000125990030938, 3.93364753108e-05, 5.40817563888e-05, 5.80998130317e-05, 3.12933661917e-05, 4.29734282079e-05, 3.73498369299e-05, 2.91232900054e-05, 2.80392214336e-05, 2.02295250347e-05, 1.88192516362e-05, 1.92029547179e-05, 1.12591342258e-05, 8.86493762664e-06, 8.65057882038e-06, 9.88732062979e-06, 1.20184722618e-05, 1.06365641841e-05, 1.0612540791e-05, 1.35653017423e-05, 8.09444463812e-06, 3.58866282113e-06, 2.12825716517e-06],
        "min": [6.83659306944e-09, 2.1315760268e-09, 8.33551394575e-10, 5.0607223967e-10, 3.03514546829e-10, 1.73540626314e-10, 1.02275236891e-10, 6.89337337212e-11, 4.76014852535e-11, 3.02874843261e-11, 1.77794688694e-11, 2.93966032072e-11, 3.91946371192e-11, 1.08347801217e-11, 1.45792891648e-11, 2.31100763526e-11, 1.05090131042e-10, 1.38679470685e-10, 2.27302926481e-10, 1.55629120702e-10, 1.53676113501e-10, 2.1022733554e-10, 1.26698165848e-10, 1.00172065087e-10, 2.51877879665e-10, 1.57830512548e-10, 1.06228206787e-10, 1.60108273861e-10, 2.05343783644e-10, 1.01937271124e-10, 7.28569565789e-11, 1.23444310329e-10, 7.36947516899e-11, 6.02028288332e-11, 6.51425718923e-11, 4.35794976494e-11, 4.81069073466e-11, 5.88496057441e-11, 6.65496685537e-11, 2.01922658281e-12],
        "stdev": [0.000171600942849, 0.000322379812133, 0.000254661077634, 0.000305564812152, 0.000349155248841, 0.000328895723214, 0.000330998474965, 0.000337004428729, 0.000625364133157, 0.000278591469396, 0.000615534721874, 0.00100381602533, 0.000828404095955, 0.000504465599079, 0.000163655844517, 0.000156878450071, 0.000105865306978, 0.000267576193437, 4.70843224321e-05, 6.66282357997e-05, 0.000148981140228, 3.65451523976e-05, 4.020556662e-05, 3.41875784216e-05, 3.0390900065e-05, 3.01152231259e-05, 2.11558890442e-05, 2.1185960577e-05, 2.11454316741e-05, 1.43619081427e-05, 1.19052911032e-05, 1.26212953546e-05, 1.77466063178e-05, 2.87237417069e-05, 2.53147100011e-05, 3.27638626914e-05, 4.44102988695e-05, 2.39419041463e-05, 9.61068235483e-06, 5.44131444258e-06]
    },
    "melbands128": {
        "max": [0.000302449596347, 0.000940039870329, 0.00308360694908, 0.00486203189939, 0.00533606810495, 0.00518969539553, 0.0025994440075, 0.00311042694375, 0.00230061495677, 0.00423135608435, 0.00344606302679, 0.00240020174533, 0.00375520228408, 0.00656524579972, 0.00572180841118, 0.00719092600048, 0.00476098340005, 0.0053786681965, 0.00339205609635, 0.00233911839314, 0.00536700338125, 0.00980374217033, 0.00848553515971, 0.00978740118444, 0.00476910220459, 0.00450535351411, 0.00372660113499, 0.0100214919075, 0.0219117477536, 0.0128684043884, 0.014876447618, 0.01755435206, 0.0132272941992, 0.0165104139596, 0.0114513337612, 0.00865485705435, 0.00569874281064, 0.00318249478005, 0.00191788759548, 0.001563512953, 0.00394132593647, 0.00232131476514, 0.00143483863212, 0.00285703502595, 0.00666270032525, 0.00581837957725, 0.00170231820084, 0.000667546701152, 0.000631230708677, 0.00137203768827, 0.00135634362232, 0.00104444252793, 0.00554247293621, 0.00226704031229, 0.000432809378253, 0.000637171324342, 0.000780771719292, 0.000375963601982, 0.000893720949534, 0.000661534431856, 0.000446859688964, 0.000244447932346, 0.000499370740727, 0.00024139440211, 0.000651851587463, 0.000360224366887, 0.000252693920629, 0.000544462585822, 0.000248467607889, 0.00021859210392, 0.000211718521314, 0.00042734638555, 0.000394956907257, 0.000402355362894, 0.000225720286835, 0.000100309545815, 0.000397121330025, 0.000256208935753, 0.000155926740263, 0.000200011578272, 0.000132560395286, 0.000294402154395, 0.000204968571779, 0.000297409831546, 0.000391187728383, 0.000726187834516, 0.000678941083606, 0.000345908192685, 0.000341254344676, 0.000342290150002, 0.000350776070263, 0.000859531573951, 0.000697160197888, 0.000844133552164, 0.000446687103249, 0.000510732119437, 0.000266858231043, 0.000195868284209, 0.000159348986926, 8.1337915617e-05, 7.02720353729e-05, 0.000108006373921, 6.44787141937e-05, 3.07352274831e-05, 7.12532653324e-07, 3.07286171619e-07, 2.07754624171e-07, 2.82711880573e-08, 2.36871908754e-08, 2.25613998595e-08, 4.8371362027e-08, 1.76737930957e-08, 1.73063110509e-08, 1.70847069825e-08, 1.47624019675e-08, 1.46254759414e-08, 1.67760134673e-08, 2.69135131958e-08, 2.8259956153e-08, 2.68376982859e-08, 2.72034661464e-08, 2.57285819316e-08, 1.38639482117e-08, 1.00137578229e-08, 9.78863035073e-09, 9.60381907333e-09, 9.48397271827e-09, 9.40992794796e-09],
        "mean": [2.48175147135e-05, 6.4278683567e-05, 0.000159937902936, 0.000210996397072, 0.000198365698452, 0.000192260020413, 0.000191911545699, 0.000147463200847, 0.000171932697413, 0.000230851655942, 0.000179199458216, 0.000246243667789, 0.000275156664429, 0.000206127311685, 0.000137847790029, 0.0001368495723, 0.000213149600313, 0.000237025102251, 0.000153670320287, 0.000122002791613, 0.000301118649077, 0.000516866042744, 0.000291640870273, 0.00021241234208, 9.47625158005e-05, 0.000105312465166, 0.000143755620229, 0.000182366173249, 0.000503099057823, 0.000465282530058, 0.000413298083004, 0.000528197037056, 0.000274157588137, 0.000211753722397, 0.000318682199577, 0.000160933035659, 7.0150825195e-05, 0.000128582221805, 7.8364762885e-05, 8.5339313955e-05, 0.000134523274028, 6.99490556144e-05, 4.61427371192e-05, 6.54659379506e-05, 0.000204944692086, 0.000139469702845, 3.87921354559e-05, 4.29084793723e-05, 3.3243206417e-05, 3.61777747457e-05, 6.2637431256e-05, 5.68219438719e-05, 9.63554994087e-05, 3.82552061637e-05, 1.71520441654e-05, 4.03504636779e-05, 3.27334382746e-05, 2.73168807325e-05, 5.61198648938e-05, 5.79203478992e-05, 3.42737257597e-05, 2.12314280361e-05, 2.95724603347e-05, 2.17094984691e-05, 5.00344103784e-05, 2.40530898736e-05, 2.03319341381e-05, 2.17112992686e-05, 2.22227699851e-05, 1.49187826537e-05, 1.06258712549e-05, 3.04754958051e-05, 2.28339267778e-05, 1.79848775588e-05, 1.29022882902e-05, 8.44613168738e-06, 1.2661223991e-05, 1.25843534988e-05, 7.2960210673e-06, 6.39685322312e-06, 8.57624763739e-06, 9.86680606729e-06, 7.87604676589e-06, 8.93581727723e-06, 1.31629731186e-05, 1.13600835903e-05, 1.29202471726e-05, 1.05567814899e-05, 1.14677095553e-05, 9.74875183601e-06, 8.16429292172e-06, 1.10384562504e-05, 1.41898362926e-05, 1.4851261767e-05, 1.30138605527e-05, 9.66397783486e-06, 7.43514829082e-06, 4.89992908115e-06, 3.62307014257e-06, 2.90244611278e-06, 2.36783353103e-06, 2.12588179238e-06, 1.75709942596e-06, 6.13715030795e-07, 7.07153224866e-09, 3.51627571504e-09, 2.64484545376e-09, 2.95627106128e-10, 5.26722103433e-11, 3.54698659333e-10, 1.29570232321e-09, 1.70935113286e-10, 4.10741995971e-11, 3.90785598325e-11, 3.54400016278e-11, 3.42739100989e-11, 3.56338465679e-11, 4.55880194705e-11, 4.62723609429e-11, 4.41686964781e-11, 4.3947970263e-11, 4.19263027074e-11, 2.89543909682e-11, 1.40412013613e-11, 1.35555273603e-11, 1.31756888386e-11, 1.29429600718e-11, 1.28354982892e-11],
        "min": [8.22794188338e-09, 8.37538483012e-09, 5.33398569758e-09, 3.15361381453e-09, 1.80555592699e-09, 1.40728473319e-09, 9.68375379884e-10, 6.77348177547e-10, 5.87403070629e-10, 5.42887179655e-10, 4.31236768517e-10, 3.4034713936e-10, 2.91575541489e-10, 2.27109386852e-10, 1.72562047984e-10, 1.50996520842e-10, 1.17367476848e-10, 9.17581566284e-11, 8.66500760033e-11, 7.05969102621e-11, 6.18374587646e-11, 5.79662776112e-11, 4.37355845984e-11, 4.13529280263e-11, 3.29053138903e-11, 2.68279461146e-11, 2.15942159987e-11, 1.55772582333e-11, 1.51601543819e-11, 2.08709959038e-11, 3.4295094542e-11, 4.62397099776e-11, 5.06551571522e-11, 2.46976987472e-11, 1.49354070778e-11, 7.20204885313e-12, 2.41522947475e-12, 1.66660990564e-11, 2.31650740257e-11, 8.79922957414e-12, 1.39673064781e-11, 5.20537328519e-11, 1.16235090997e-10, 1.3388493092e-10, 9.92482970807e-11, 1.77869885487e-10, 9.98818597275e-11, 2.97113694758e-10, 2.72065453499e-10, 9.37416255731e-11, 1.45476797275e-10, 1.89791210525e-10, 2.08273398528e-10, 7.64193430758e-11, 1.6783481549e-10, 2.84148954366e-10, 1.63769289796e-10, 1.91429094798e-10, 5.17546630552e-11, 1.37133721045e-10, 1.00384422996e-10, 8.00967139836e-11, 1.13758689968e-10, 3.45509787447e-10, 4.38981712092e-10, 8.67761418277e-11, 5.12910269812e-11, 5.21134420339e-11, 1.11446560314e-10, 1.99360833397e-10, 1.56761548187e-10, 9.39220992646e-11, 2.91921514739e-10, 1.74092157357e-10, 2.0688446789e-10, 8.71005628733e-11, 8.07515998513e-11, 6.67253405306e-11, 2.25858654695e-11, 1.37810513001e-10, 1.65405758534e-10, 9.60075213774e-11, 7.28476376444e-11, 7.02601865576e-11, 6.69003533127e-11, 1.00895181099e-10, 3.22838630828e-11, 3.92183507891e-11, 8.25137735916e-11, 7.68354685432e-11, 3.78912630439e-11, 2.97384408765e-11, 5.32419663912e-11, 4.051792582e-11, 6.73426384101e-11, 2.98645795593e-11, 6.50018303072e-11, 8.11956404889e-11, 8.81883038817e-11, 1.9783903682e-11, 5.36035517189e-13, 4.10792575086e-13, 3.08766250415e-13, 2.24812288468e-13, 1.89880392226e-13, 2.04238861067e-13, 1.79990516849e-13, 2.58112352021e-13, 1.9806580692e-13, 1.56299615178e-13, 2.91060361576e-13, 2.58582082613e-13, 1.71204630334e-13, 1.89034958476e-13, 1.41670231319e-13, 1.71479434927e-13, 1.03531448009e-13, 1.87925887417e-13, 1.8282452646e-13, 1.87592766299e-13, 1.74163119907e-13, 1.63542682001e-13, 1.4743263034e-13, 2.03735574418e-13, 1.45771541132e-14, 5.63628047432e-15, 3.14546341413e-15, 2.81464416161e-16],
        "stdev": [2.85098867607e-05, 9.51071051531e-05, 0.000244701775955, 0.000412654742831, 0.000390273839002, 0.000369507353753, 0.000342123064911, 0.000263340160018, 0.000268398725893, 0.00043428959907, 0.000339673861163, 0.000409371743444, 0.000478101603221, 0.000532115111127, 0.000355425319867, 0.000500395952258, 0.000445364421466, 0.000485322030727, 0.000341026403476, 0.000236928593949, 0.000569005729631, 0.00108026934322, 0.000811818463262, 0.000870485731866, 0.00030641889316, 0.000337269244483, 0.000335133343469, 0.000643176725134, 0.00152194697876, 0.00125752715394, 0.00149782269727, 0.00185541808605, 0.00103641091846, 0.000880629871972, 0.00107886537444, 0.000530586112291, 0.000285989779513, 0.000296847254504, 0.000148328806972, 0.000140480929986, 0.000291896431008, 0.00016194874479, 9.79329197435e-05, 0.000182400559424, 0.000442739838036, 0.000464904151158, 8.01212736405e-05, 7.06388091203e-05, 4.90582642669e-05, 9.62094927672e-05, 0.000115891692985, 8.55172984302e-05, 0.000311310432153, 0.000131802400574, 2.99925959553e-05, 5.9161826357e-05, 4.86857752549e-05, 4.29070096288e-05, 7.20283642295e-05, 7.45870202081e-05, 4.95125932503e-05, 2.674242387e-05, 5.51157245354e-05, 2.5673505661e-05, 6.95953858667e-05, 3.51052840415e-05, 2.97417664115e-05, 3.39762045769e-05, 2.75379479717e-05, 1.98679354071e-05, 1.38317627716e-05, 5.03587907588e-05, 3.53146497218e-05, 2.8273987482e-05, 1.94429831026e-05, 1.14862759801e-05, 2.82356159005e-05, 2.27099335461e-05, 1.27548919409e-05, 1.1702928532e-05, 1.1532301869e-05, 1.82973180927e-05, 1.51472650032e-05, 1.63478507602e-05, 2.71687731583e-05, 3.31999908667e-05, 3.48778157786e-05, 2.50855464401e-05, 2.7370530006e-05, 2.8504175134e-05, 2.36828545894e-05, 3.90732275264e-05, 5.2666717238e-05, 5.66227608942e-05, 3.69159351976e-05, 3.36332886945e-05, 2.17069937207e-05, 1.47713908518e-05, 1.14655413199e-05, 6.85204167894e-06, 5.57430212211e-06, 6.31390912531e-06, 5.39526399734e-06, 2.0791269435e-06, 3.48941213701e-08, 1.63531446162e-08, 1.04439568105e-08, 1.76650560846e-09, 1.01325181578e-09, 1.53845025608e-09, 4.1460688216e-09, 9.01478280912e-10, 7.77477193736e-10, 7.50238871028e-10, 6.74759303987e-10, 6.53357035141e-10, 6.91022350452e-10, 9.63905955054e-10, 9.96201232617e-10, 9.47892542236e-10, 9.53030432349e-10, 9.04243790956e-10, 5.60444579634e-10, 3.2551619733e-10, 3.18187975967e-10, 3.12185000073e-10, 3.08291392415e-10, 3.05885095031e-10]
    },
    "mfcc": {
        "mean": [-593.559204102, 62.6286201477, -20.5427112579, 2.19355797768, -7.06798028946, 1.91186654568, -1.28184604645, 7.72304201126, -4.57954597473, 5.20641756058, -3.56282639503, 1.13035988808, -3.37092208862],
        "cov": [[2417.50683594, 99.6145095825, 417.866546631, 98.0653991699, -72.3518600464, -150.094360352, -91.6448974609, -108.236167908, -239.984344482, -81.8153610229, -78.9412689209, -9.3649969101, -19.8169994354], [99.6145095825, 686.509094238, 206.062225342, 182.051437378, -37.5230445862, 0.297814339399, 10.4834280014, -38.3274078369, -123.327209473, -35.7211151123, -40.7508087158, -20.5548591614, -19.0360126495], [417.866546631, 206.062225342, 495.450134277, 190.107025146, 67.5911636353, -11.0403079987, -43.9172096252, -49.0140075684, -142.611022949, -38.9078330994, -27.5873355865, -36.1302909851, -54.4798698425], [98.0653991699, 182.051437378, 190.107025146, 258.344512939, 69.7061691284, 20.220331192, -18.2161521912, -43.1054496765, -65.1671676636, -16.987247467, -15.0404472351, -15.8540668488, -47.732170105], [-72.3518600464, -37.5230445862, 67.5911636353, 69.7061691284, 173.761322021, 22.0917053223, -5.26654577255, -23.5518379211, 19.4183082581, -2.86694121361, 15.6520261765, 7.1518702507, 11.0518512726], [-150.094360352, 0.297814339399, -11.0403079987, 20.220331192, 22.0917053223, 86.4794311523, 34.5578041077, 15.2711925507, 9.28447723389, 8.75799179077, 2.99217796326, 4.21553373337, -2.47460842133], [-91.6448974609, 10.4834280014, -43.9172096252, -18.2161521912, -5.26654577255, 34.5578041077, 89.0099716187, 28.2532138824, 18.3355026245, -0.0789988338947, 3.27816987038, 1.59258186817, 9.03982925415], [-108.236167908, -38.3274078369, -49.0140075684, -43.1054496765, -23.5518379211, 15.2711925507, 28.2532138824, 80.7988052368, 30.0901679993, 12.1127786636, -4.97435903549, 0.390979498625, 6.0600810051], [-239.984344482, -123.327209473, -142.611022949, -65.1671676636, 19.4183082581, 9.28447723389, 18.3355026245, 30.0901679993, 151.916809082, 34.2349128723, 23.7160491943, 6.88419294357, 18.0964031219], [-81.8153610229, -35.7211151123, -38.9078330994, -16.987247467, -2.86694121361, 8.75799179077, -0.0789988338947, 12.1127786636, 34.2349128723, 62.1925697327, 24.6459655762, 9.35638141632, 1.73988318443], [-78.9412689209, -40.7508087158, -27.5873355865, -15.0404472351, 15.6520261765, 2.99217796326, 3.27816987038, -4.97435903549, 23.7160491943, 24.6459655762, 69.8283309937, 23.7756557465, 9.5628824234], [-9.3649969101, -20.5548591614, -36.1302909851, -15.8540668488, 7.1518702507, 4.21553373337, 1.59258186817, 0.390979498625, 6.88419294357, 9.35638141632, 23.7756557465, 68.0230255127, 39.7037200928], [-19.8169994354, -19.0360126495, -54.4798698425, -47.732170105, 11.0518512726, -2.47460842133, 9.03982925415, 6.0600810051, 18.0964031219, 1.73988318443, 9.5628824234, 39.7037200928, 88.8307189941]],
        "icov": [[0.000635362346657, 0.00022185232956, -0.000490808277391, -4.07279476349e-05, 0.000398982112529, 0.000873647397384, -0.000197899455088, 0.000527677824721, 0.000467297795694, 2.32711354329e-05, 0.000540571287274, -0.000348778587067, -0.000172731946805], [0.00022185232956, 0.00231020851061, -0.000567304668948, -0.00161312473938, 0.00137390207965, 0.000480910326587, -0.00105749012437, 0.000681447505485, 0.000820006884169, -6.30527392786e-06, 0.000584236520808, 0.000261361448793, -0.00111321208533], [-0.000490808277391, -0.000567304668948, 0.00430402345955, -0.00132590462454, -0.00188764289487, -5.08666234964e-05, 0.00103780801874, -0.00096855830634, 0.00245183939114, 0.00013764303003, -0.000631455564871, 0.00138656655326, 0.000836090301163], [-4.07279476349e-05, -0.00161312473938, -0.00132590462454, 0.007971403189, -0.00291001610458, -0.00176594080403, 0.000667456770316, 0.00155443884432, 0.000438700517407, -0.000329258735292, 0.00096674321685, -0.00145566207357, 0.00371790677309], [0.000398982112529, 0.00137390207965, -0.00188764289487, -0.00291001610458, 0.009272294119, -0.00161302683409, 4.41812771896e-05, 0.00238785892725, -0.00261854077689, 0.00151895848103, -0.00125754170585, 0.000249001430348, -0.00317609170452], [0.000873647397384, 0.000480910326587, -5.08666234964e-05, -0.00176594080403, -0.00161302683409, 0.0167506858706, -0.00619944557548, -0.00116694835015, 0.00137551059015, -0.00244081323035, 0.0016129934229, -0.0019292429788, 0.00115190481301], [-0.000197899455088, -0.00105749012437, 0.00103780801874, 0.000667456770316, 4.41812771896e-05, -0.00619944557548, 0.0159290619195, -0.00433588959277, -0.000838680716697, 0.00282734818757, -0.0021548261866, 0.00147823651787, -0.00109230575617], [0.000527677824721, 0.000681447505485, -0.00096855830634, 0.00155443884432, 0.00238785892725, -0.00116694835015, -0.00433588959277, 0.0174430180341, -0.00198252010159, -0.00250031938776, 0.00372501323, -0.000682054378558, -0.000216643355088], [0.000467297795694, 0.000820006884169, 0.00245183939114, 0.000438700517407, -0.00261854077689, 0.00137551059015, -0.000838680716697, -0.00198252010159, 0.0121966972947, -0.00382970459759, -0.000847445917316, 0.00183952832595, -0.000536523351911], [2.32711354329e-05, -6.30527392786e-06, 0.00013764303003, -0.000329258735292, 0.00151895848103, -0.00244081323035, 0.00282734818757, -0.00250031938776, -0.00382970459759, 0.0219206623733, -0.00680754473433, -0.000910739647225, 0.00102795183193], [0.000540571287274, 0.000584236520808, -0.000631455564871, 0.00096674321685, -0.00125754170585, 0.0016129934229, -0.0021548261866, 0.00372501323, -0.000847445917316, -0.00680754473433, 0.0206515435129, -0.00702552031726, 0.00176744384225], [-0.000348778587067, 0.000261361448793, 0.00138656655326, -0.00145566207357, 0.000249001430348, -0.0019292429788, 0.00147823651787, -0.000682054378558, 0.00183952832595, -0.000910739647225, -0.00702552031726, 0.0235907118767, -0.0102869058028], [-0.000172731946805, -0.00111321208533, 0.000836090301163, 0.00371790677309, -0.00317609170452, 0.00115190481301, -0.00109230575617, -0.000216643355088, -0.000536523351911, 0.00102795183193, 0.00176744384225, -0.0102869058028, 0.0185407288373]]
    },
    "spectral_contrast_coeffs": {
        "max": [-0.469536155462, -0.475233823061, -0.44144359231, -0.477491438389, -0.605509519577, -0.549031734467],
        "mean": [-0.742766022682, -0.740780770779, -0.705972313881, -0.748201072216, -0.754790425301, -0.734831392765],
        "min": [-0.908726394176, -0.965482056141, -0.951467514038, -0.915549457073, -0.928771138191, -0.89204955101],
        "stdev": [0.0734235271811, 0.0756649821997, 0.0826395899057, 0.0601047091186, 0.0466847233474, 0.0374640934169]
    },
    "spectral_contrast_valleys": {
        "max": [-5.70443344116, -5.29386091232, -5.56449842453, -6.01084661484, -5.72270011902, -7.33860206604],
        "mean": [-7.42809677124, -6.92121648788, -7.14615440369, -7.19394493103, -6.99408578873, -9.43085670471],
        "min": [-14.2841453552, -14.7746658325, -14.1745452881, -12.9685144424, -12.0678901672, -14.0591440201],
        "stdev": [0.890075325966, 0.68848335743, 0.578132092953, 0.515466094017, 0.461456596851, 0.697226524353]
    }
},
"rhythm": {
    "beats_count": 43,
    "beats_loudness": {
        "max": 0.0519484914839,
        "mean": 0.0261974837631,
        "min": 0.000930896319915,
        "stdev": 0.0133640859276
    },
    "bpm": 120.534667969,
    "bpm_histogram_first_peak_bpm": 120,
    "bpm_histogram_first_peak_weight": 0.457142829895,
    "bpm_histogram_second_peak_bpm": 126,
    "bpm_histogram_second_peak_spread": 0.25,
    "bpm_histogram_second_peak_weight": 0.0714285746217,
    "danceability": 0.99462634325,
    "onset_rate": 2.50916552544,
    "beats_loudness_band_ratio": {
        "max": [0.437994539738, 0.348149478436, 0.466056883335, 0.870865941048, 0.443085610867, 0.724134206772],
        "mean": [0.0949871614575, 0.0962109565735, 0.16728579998, 0.25925797224, 0.183019220829, 0.225814729929],
        "min": [0.00199673674069, 0.000945204345044, 0.0272902362049, 0.0308839771897, 0.0353728719056, 0.0261190980673],
        "stdev": [0.100853472948, 0.0835697501898, 0.118320249021, 0.198159664869, 0.108366161585, 0.156235098839]
    },
    "beats_position": [0.476009070873, 0.975238084793, 1.47446703911, 1.97369611263, 2.47292518616, 2.97215414047, 3.48299312592, 3.98222208023, 4.45823097229, 4.93424034119, 5.38702917099, 5.85142850876, 6.33904743195, 6.83827638626, 7.33750534058, 7.84834432602, 8.37079334259, 8.893242836, 9.39247131348, 9.86848068237, 10.379319191, 10.8785486221, 11.3777770996, 11.8653964996, 12.3646259308, 12.8638544083, 13.3630838394, 13.8623123169, 14.3731517792, 14.8723802567, 15.3716096878, 15.8824491501, 16.3932876587, 16.8809070587, 17.3685264587, 17.8561439514, 18.3437633514, 18.8313827515, 19.3306121826, 19.8182315826, 20.3058490753, 20.7934684753, 21.2926979065],
