{
"metadata": {
    "version": {
        "essentia": "2.1-beta5",
        "essentia_git_sha": "Undefined",
        "extractor": "music 2.0"
    },
    "audio_properties": {
        "analysis": {
            "equal_loudness": 0,
            "length": 48.7502937317,
            "sample_rate": 44100,
            "start_time": 12.7477550507,
            "downmix": "mix"
        },
        "bit_rate": 192000,
        "length": 178.607894897,
        "lossless": 0,
        "number_channels": 2,
        "replay_gain": -11.4774703979,
        "sample_rate": 44100,
        "codec": "mp3",
        "md5_encoded": "fa030fd012ab3118b9267ec97a070054"
    },
    "tags": {
        "file_name": "Portugal_Amor D_água Fresca_Diná.mp3",
        "encoding": ["Lavf58.29.100"]
    }
},
"lowlevel": {
    "average_loudness": 0.964954197407,
    "barkbands_crest": {
        "max": 24.6774921417,
        "mean": 9.0086517334,
        "min": 2.48989987373,
        "stdev": 3.97571349144
    },
    "barkbands_flatness_db": {
        "max": 0.285341829062,
        "mean": 0.135055989027,
        "min": 0.0459705665708,
        "stdev": 0.0341981239617
    },
    "barkbands_kurtosis": {
        "max": 57.3221549988,
        "mean": 1.66410517693,
        "min": -1.91327166557,
        "stdev": 5.25212907791
    },
    "barkbands_skewness": {
        "max": 6.40024518967,
        "mean": 0.891304850578,
        "min": -2.35830020905,
        "stdev": 1.0570589304
    },
    "barkbands_spread": {
        "max": 90.6071777344,
        "mean": 25.7053985596,
        "min": 2.64150452614,
        "stdev": 13.4481554031
    },
    "dissonance": {
        "max": 0.499999940395,
        "mean": 0.46321606636,
        "min": 0.310013383627,
        "stdev": 0.0248548723757
    },
    "dynamic_complexity": 2.57763981819,
    "erbbands_crest": {
        "max": 33.2013931274,
        "mean": 10.0026693344,
        "min": 2.73416590691,
        "stdev": 4.72372341156
    },
    "erbbands_flatness_db": {
        "max": 0.362179875374,
        "mean": 0.189136996865,
        "min": 0.0992174372077,
        "stdev": 0.0369815379381
    },
    "erbbands_kurtosis": {
        "max": 42.2982330322,
        "mean": 0.427895069122,
        "min": -1.61887228489,
        "stdev": 2.31252980232
    },
    "erbbands_skewness": {
        "max": 3.54191398621,
        "mean": 0.307698249817,
        "min": -3.46350240707,
        "stdev": 0.784982144833
    },
    "erbbands_spread": {
        "max": 124.928276062,
        "mean": 37.3375549316,
        "min": 2.50475025177,
        "stdev": 17.7842979431
    },
    "hfc": {
        "max": 152.468704224,
        "mean": 24.666179657,
        "min": 0.206176891923,
        "stdev": 20.4599704742
    },
    "loudness_ebu128": {
        "integrated": -13.1674346924,
        "loudness_range": 1.61671257019,
        "momentary": {
            "max": -8.89623260498,
            "mean": -13.5056276321,
            "min": -19.1421775818,
            "stdev": 1.76775813103
        },
        "short_term": {
            "max": -11.9458837509,
            "mean": -13.2044410706,
            "min": -15.8457145691,
            "stdev": 0.62870824337
        }
    },
    "melbands_crest": {
        "max": 31.609664917,
        "mean": 12.2099094391,
        "min": 3.49288916588,
        "stdev": 5.01465940475
    },
    "melbands_flatness_db": {
        "max": 0.318219035864,
        "mean": 0.138600379229,
        "min": 0.0362229682505,
        "stdev": 0.0483754836023
    },
    "melbands_kurtosis": {
        "max": 146.81880188,
        "mean": 7.25698661804,
        "min": -1.89118397236,
        "stdev": 13.5343503952
    },
    "melbands_skewness": {
        "max": 9.68822669983,
        "mean": 1.81205415726,
        "min": -1.87876737118,
        "stdev": 1.42872345448
    },
    "melbands_spread": {
        "max": 239.70274353,
        "mean": 36.6561660767,
        "min": 2.2622282505,
        "stdev": 27.3201770782
    },
    "pitch_salience": {
        "max": 0.863866150379,
        "mean": 0.568519175053,
        "min": 0.147783279419,
        "stdev": 0.101677082479
    },
    "silence_rate_20dB": {
        "max": 1,
        "mean": 1,
        "min": 1,
        "stdev": 0
    },
    "silence_rate_30dB": {
        "max": 1,
        "mean": 0.996668279171,
        "min": 0,
        "stdev": 0.0576241873205
    },
    "silence_rate_60dB": {
        "max": 1,
        "mean": 0.0133269866928,
        "min": 0,
        "stdev": 0.11466986686
    },
    "spectral_centroid": {
        "max": 4834.77978516,
        "mean": 1761.54968262,
        "min": 282.982818604,
        "stdev": 645.909240723
    },
    "spectral_complexity": {
        "max": 53,
        "mean": 18.9138507843,
        "min": 0,
        "stdev": 8.60896396637
    },
    "spectral_decrease": {
        "max": -2.09022903153e-11,
        "mean": -4.32800462136e-09,
        "min": -3.6809790771e-08,
        "stdev": 3.69910946318e-09
    },
    "spectral_energy": {
        "max": 0.148465588689,
        "mean": 0.018572198227,
        "min": 9.75908042165e-05,
        "stdev": 0.015339192003
    },
    "spectral_energyband_high": {
        "max": 0.0149980904534,
        "mean": 0.00131548591889,
        "min": 1.75242857949e-05,
        "stdev": 0.00164525292348
    },
    "spectral_energyband_low": {
        "max": 0.0342317633331,
        "mean": 0.00149960024282,
        "min": 5.00447367813e-06,
        "stdev": 0.00262179668061
    },
    "spectral_energyband_middle_high": {
        "max": 0.102503195405,
        "mean": 0.00787746440619,
        "min": 4.76205386803e-05,
        "stdev": 0.00980361551046
    },
    "spectral_energyband_middle_low": {
        "max": 0.1187967062,
        "mean": 0.00853497628123,
        "min": 2.78431925835e-05,
        "stdev": 0.00981635600328
    },
    "spectral_entropy": {
        "max": 8.69030570984,
        "mean": 7.68886756897,
        "min": 6.44781064987,
        "stdev": 0.342045456171
    },
    "spectral_flux": {
        "max": 0.309133678675,
        "mean": 0.0767751187086,
        "min": 0.0162811949849,
        "stdev": 0.0403279624879
    },
    "spectral_kurtosis": {
        "max": 16.9136981964,
        "mean": 2.23094844818,
        "min": -1.31501626968,
        "stdev": 1.70889699459
    },
    "spectral_rms": {
        "max": 0.0120351351798,
        "mean": 0.00398610671982,
        "min": 0.000308562041027,
        "stdev": 0.00149336527102
    },
    "spectral_rolloff": {
        "max": 9862.20703125,
        "mean": 2438.17944336,
        "min": 129.19921875,
        "stdev": 1772.88317871
    },
    "spectral_skewness": {
        "max": 3.34564948082,
        "mean": 1.09153997898,
        "min": -0.307535141706,
        "stdev": 0.34988963604
    },
    "spectral_spread": {
        "max": 12163058,
        "mean": 4503677.5,
        "min": 2440066,
        "stdev": 1389130.625
    },
    "spectral_strongpeak": {
        "max": 17.8719482422,
        "mean": 1.66285789013,
        "min": 0.0261636134237,
        "stdev": 1.7616339922
    },
    "zerocrossingrate": {
        "max": 0.33203125,
        "mean": 0.0872029438615,
        "min": 0.0146484375,
        "stdev": 0.0421938821673
    },
    "barkbands": {
        "max": [0.000839685788378, 0.0263031236827, 0.0156570486724, 0.0219826810062, 0.0389000885189, 0.100926548243, 0.0483124740422, 0.0410761721432, 0.101906314492, 0.0751040577888, 0.0385327711701, 0.0421898961067, 0.0976283624768, 0.0308040101081, 0.0320390686393, 0.0208106637001, 0.0162246059626, 0.0101441023871, 0.0036782361567, 0.0047101341188, 0.00513325631618, 0.00706903357059, 0.00689646368846, 0.00963875744492, 0.00344752427191, 3.56398631993e-05, 8.94575862276e-07],
        "mean": [1.87069945241e-05, 0.000416334660258, 0.000629636575468, 0.000886488822289, 0.00126909976825, 0.00220660143532, 0.000669412547722, 0.000910984061193, 0.00221321638674, 0.00125668279361, 0.00141423067544, 0.000793284096289, 0.00109093356878, 0.000399653508794, 0.00109784968663, 0.000681537319906, 0.000373214104911, 0.000452169013442, 0.000292189244647, 0.000430201820564, 0.000257405568846, 0.000253800739301, 0.000273892655969, 0.000228977267398, 5.49090364075e-05, 7.851222108e-07, 1.05882858037e-09],
        "min": [1.06519593146e-08, 7.37070763535e-07, 3.51339281224e-07, 8.70622443472e-07, 2.63397032541e-06, 7.22190907254e-06, 1.25916494653e-06, 1.46099716858e-06, 2.82911014438e-06, 1.84463544883e-06, 6.60471073388e-07, 1.95895472643e-06, 1.84139048542e-06, 1.10767018668e-06, 1.35482991936e-06, 7.96985546003e-07, 1.24933808365e-06, 2.90460047836e-06, 2.57005217463e-06, 3.7291854369e-06, 1.4453098629e-06, 2.83970484816e-06, 3.00995657199e-06, 2.52682684732e-06, 4.68279210963e-07, 5.61928906184e-11, 1.327387332e-11],
        "stdev": [3.68156288459e-05, 0.00125506240875, 0.00131674984004, 0.00137445528526, 0.0020356583409, 0.00603025779128, 0.00230492721312, 0.00223697908223, 0.00558236427605, 0.00365262525156, 0.00272670923732, 0.00235979189165, 0.00438933027908, 0.00116889108904, 0.00249449955299, 0.00167311250698, 0.000762190960813, 0.000633494753856, 0.000346895918483, 0.000532041827682, 0.000449446437415, 0.000537542277016, 0.000422051321948, 0.000516074360348, 0.000198071458726, 2.16126682062e-06, 1.9525183248e-08]
    },
    "erbbands": {
        "max": [0.337393403053, 7.06585645676, 20.0624084473, 45.5939254761, 168.841827393, 81.3337020874, 595.470336914, 978.166015625, 694.423583984, 618.658447266, 789.137634277, 1791.76269531, 1651.48547363, 1901.09875488, 1788.40698242, 2111.59667969, 5415.02148438, 1743.23828125, 1759.66784668, 1008.42443848, 1340.55895996, 467.094573975, 467.543548584, 249.456573486, 175.628158569, 249.241638184, 313.437255859, 245.613922119, 278.571777344, 289.061553955, 113.312385559, 174.651199341, 134.691864014, 67.6107254028, 6.781021595, 0.662204861641, 0.0162076875567, 0.00122760550585, 0.000230747260503, 0.000182369985851],
        "mean": [0.0074548823759, 0.115826286376, 0.606512367725, 2.05854010582, 3.54123973846, 3.81353330612, 12.4063167572, 18.8875083923, 10.1015062332, 11.3681268692, 28.2133960724, 53.1277427673, 36.4985466003, 58.6736335754, 43.4183616638, 36.0202331543, 52.0564079285, 29.1216621399, 49.0329933167, 40.443397522, 36.5435562134, 22.1543464661, 25.8921852112, 20.0592975616, 13.7672252655, 20.0688400269, 14.1334886551, 8.79848766327, 8.86376190186, 9.86337566376, 7.18813800812, 5.20841550827, 3.24422812462, 1.03135359287, 0.17964707315, 0.0164691638201, 0.000507610850036, 4.76798377349e-05, 1.98251327674e-05, 2.60236975009e-05],
        "min": [4.88893820147e-05, 0.000468297483167, 0.0021520187147, 0.00317942537367, 0.00235261605121, 0.00982479471713, 0.0506580546498, 0.0634193718433, 0.0187259055674, 0.0476455800235, 0.0343236513436, 0.145669326186, 0.10940182209, 0.193154573441, 0.140341103077, 0.106895975769, 0.186036929488, 0.229425504804, 0.165461540222, 0.179066956043, 0.137443214655, 0.064993403852, 0.180282503366, 0.189194008708, 0.139319434762, 0.18528790772, 0.0903735607862, 0.0464739948511, 0.0724439844489, 0.110490225255, 0.0750194117427, 0.0655013024807, 0.0286250300705, 0.0102961491793, 0.00185091781896, 0.000166594327311, 2.03651179618e-05, 2.64536265604e-06, 1.44028547311e-06, 2.95749373436e-07],
        "stdev": [0.0191829614341, 0.349021971226, 1.38405406475, 2.98436999321, 5.93911647797, 5.58331251144, 34.0161094666, 54.9686431885, 30.4334831238, 30.8866405487, 67.2043914795, 138.051834106, 90.9780960083, 120.367729187, 101.509399414, 101.915763855, 233.646881104, 66.9954376221, 121.146232605, 81.6340103149, 101.485122681, 36.7910690308, 34.9283256531, 25.022857666, 15.5728816986, 25.1255569458, 22.4248065948, 17.1762676239, 19.4267024994, 17.5224304199, 10.5431022644, 11.06021595, 7.69972705841, 3.55009818077, 0.574440002441, 0.0493273139, 0.00137907383032, 0.000107096217107, 2.10281923501e-05, 1.97436947929e-05]
    },
    "gfcc": {
        "mean": [-9.5281791687, 87.4407958984, -161.378463745, 47.6799087524, -86.5962753296, 22.9854564667, -44.5669403076, -0.581949651241, -21.8626766205, -18.0674495697, -6.68554353714, -15.8327245712, 1.33248853683],
        "cov": [[1403.45300293, -275.32635498, -419.03427124, -63.3954849243, -118.260383606, 29.8392333984, 60.2152442932, 77.8588256836, 166.508468628, -29.3339633942, 57.3304367065, -79.0628051758, 30.5632171631], [-275.32635498, 581.843811035, 29.8743782043, -17.5959529877, 130.947860718, -118.846931458, 88.9385986328, -2.36296772957, 8.15156459808, -5.02846384048, 44.9144859314, -52.7777938843, -28.6056804657], [-419.03427124, 29.8743782043, 774.092224121, 228.242904663, -43.2238845825, 64.6107940674, -125.269493103, -23.1698417664, -90.1139144897, 28.1767501831, -55.9785919189, 87.8126983643, -27.2282981873], [-63.3954849243, -17.5959529877, 228.242904663, 281.840637207, 27.1503486633, -22.8244380951, -49.1120033264, -44.9154510498, 16.6864891052, 2.28666257858, -53.9749526978, 49.0744667053, -1.00457549095], [-118.260383606, 130.947860718, -43.2238845825, 27.1503486633, 213.809265137, 50.776802063, 27.0760574341, 21.0568809509, -8.0944185257, -1.90110063553, -20.0971488953, -29.2476482391, -8.478723526], [29.8392333984, -118.846931458, 64.6107940674, -22.8244380951, 50.776802063, 224.074142456, 74.0644378662, 12.5102710724, -54.1613578796, -2.91257405281, -10.9080953598, -12.6928577423, -12.8426113129], [60.2152442932, 88.9385986328, -125.269493103, -49.1120033264, 27.0760574341, 74.0644378662, 214.05557251, 33.9201927185, -13.3129863739, -12.444196701, 25.1379184723, -57.0356826782, -15.1349401474], [77.8588256836, -2.36296772957, -23.1698417664, -44.9154510498, 21.0568809509, 12.5102710724, 33.9201927185, 150.281082153, 56.4580574036, -9.64220046997, -30.4312820435, -44.6285476685, 2.71826839447], [166.508468628, 8.15156459808, -90.1139144897, 16.6864891052, -8.0944185257, -54.1613578796, -13.3129863739, 56.4580574036, 142.440048218, 23.8600139618, -7.18658447266, -17.4899864197, 7.5265417099], [-29.3339633942, -5.02846384048, 28.1767501831, 2.28666257858, -1.90110063553, -2.91257405281, -12.444196701, -9.64220046997, 23.8600139618, 87.840385437, 26.1283340454, 10.5513792038, -8.37341403961], [57.3304367065, 44.9144859314, -55.9785919189, -53.9749526978, -20.0971488953, -10.9080953598, 25.1379184723, -30.4312820435, -7.18658447266, 26.1283340454, 128.294006348, 34.5678138733, -0.911106109619], [-79.0628051758, -52.7777938843, 87.8126983643, 49.0744667053, -29.2476482391, -12.6928577423, -57.0356826782, -44.6285476685, -17.4899864197, 10.5513792038, 34.5678138733, 114.08480072, 26.7521877289], [30.5632171631, -28.6056804657, -27.2282981873, -1.00457549095, -8.478723526, -12.8426113129, -15.1349401474, 2.71826839447, 7.5265417099, -8.37341403961, -0.911106109619, 26.7521877289, 77.5594406128]],
        "icov": [[0.00138948170934, 0.000306037021801, 0.000787270779256, -0.000974745023996, 0.00109028071165, -0.00102895486634, 0.000539025873877, -0.000457529124105, -0.00113643996883, 0.000821979308967, -0.00156366592273, 0.00149949151091, -0.000437437061919], [0.000306037021801, 0.00638456456363, -0.00387007836252, 0.00380273768678, -0.00637620175257, 0.00712413806468, -0.00560643756762, 0.00377403898165, -0.0035848012194, 0.00269631156698, -0.00220265774988, 0.00220042723231, 3.51957023668e-05], [0.000787270779256, -0.00387007836252, 0.00605442328379, -0.00590351689607, 0.00616107229143, -0.00642678327858, 0.00570535846055, -0.0050388276577, 0.00457270769402, -0.00272304890677, 0.000341828184901, -0.000960028148256, 0.000808131939266], [-0.000974745023996, 0.00380273768678, -0.00590351689607, 0.0111800068989, -0.00728791998699, 0.00693728169426, -0.00617146538571, 0.00702259829268, -0.0058877337724, 0.00243109278381, 0.00353505718522, -0.002969622612, 0.000660160905682], [0.00109028071165, -0.00637620175257, 0.00616107229143, -0.00728791998699, 0.013717985712, -0.0100991986692, 0.00724067026749, -0.00620649009943, 0.00452892761678, -0.00294489017688, 0.00043652713066, 0.00067442341242, -0.000239886096097], [-0.00102895486634, 0.00712413806468, -0.00642678327858, 0.00693728169426, -0.0100991986692, 0.015852978453, -0.00985415559262, 0.00492411758751, -0.00182221375871, 0.00181610521395, 0.000487223645905, -3.53360592271e-05, 0.000682921672706], [0.000539025873877, -0.00560643756762, 0.00570535846055, -0.00617146538571, 0.00724067026749, -0.00985415559262, 0.0134394429624, -0.00616905698553, 0.00489396601915, -0.00172547681723, -0.00228918762878, 0.00270764483139, 1.94192052732e-05], [-0.000457529124105, 0.00377403898165, -0.0050388276577, 0.00702259829268, -0.00620649009943, 0.00492411758751, -0.00616905698553, 0.0146362325177, -0.00879440456629, 0.00373012642376, 0.00201504281722, 0.00182341178879, -0.0010348004289], [-0.00113643996883, -0.0035848012194, 0.00457270769402, -0.0058877337724, 0.00452892761678, -0.00182221375871, 0.00489396601915, -0.00879440456629, 0.0168126802891, -0.00702412519604, 0.00133365066722, -0.000634888885543, -4.389591777e-05], [0.000821979308967, 0.00269631156698, -0.00272304890677, 0.00243109278381, -0.00294489017688, 0.00181610521395, -0.00172547681723, 0.00373012642376, -0.00702412519604, 0.0159875247627, -0.00460481224582, 0.00149367016274, 0.00109579158016], [-0.00156366592273, -0.00220265774988, 0.000341828184901, 0.00353505718522, 0.00043652713066, 0.000487223645905, -0.00228918762878, 0.00201504281722, 0.00133365066722, -0.00460481224582, 0.0152717297897, -0.0085628638044, 0.00208702869713], [0.00149949151091, 0.00220042723231, -0.000960028148256, -0.002969622612, 0.00067442341242, -3.53360592271e-05, 0.00270764483139, 0.00182341178879, -0.000634888885543, 0.00149367016274, -0.0085628638044, 0.0188405830413, -0.00599878747016], [-0.000437437061919, 3.51957023668e-05, 0.000808131939266, 0.000660160905682, -0.000239886096097, 0.000682921672706, 1.94192052732e-05, -0.0010348004289, -4.389591777e-05, 0.00109579158016, 0.00208702869713, -0.00599878747016, 0.0157140754163]]
    },
    "melbands": {
        "max": [0.00532522145659, 0.00911180302501, 0.012112098746, 0.00837200507522, 0.0176563970745, 0.0194881279022, 0.0105568077415, 0.00778950704262, 0.00781017635018, 0.0145831564441, 0.00817429274321, 0.00936658773571, 0.00597313558683, 0.00550266494974, 0.00624475814402, 0.0102132447064, 0.00394360488281, 0.00246574892662, 0.00248268083669, 0.00122747954447, 0.00216273986734, 0.000711120897904, 0.000850152398925, 0.000392286689021, 0.000243397880695, 8.6601365183e-05, 0.000190675622434, 0.000173051594174, 0.000299798470223, 0.000117477669846, 0.000178238289664, 0.0001745311165, 0.000129511696286, 0.000252033525612, 7.83607320045e-05, 0.000148262333823, 0.000157769041834, 0.000109200031147, 5.47833406017e-05, 5.16853106092e-05],
        "mean": [9.36987780733e-05, 0.00027545526973, 0.000401386321755, 0.000255921593634, 0.000376727082767, 0.000408160994994, 0.000153052562382, 0.00012805670849, 0.000259252381511, 0.00033629781683, 0.000173878594069, 0.000230365505558, 0.00015707554121, 9.03584077605e-05, 0.000104934442788, 0.000109105756565, 4.52993954241e-05, 6.85838676873e-05, 7.3857663665e-05, 4.92805847898e-05, 3.92918736907e-05, 2.22063426918e-05, 2.26111678785e-05, 2.10915204661e-05, 1.62263895618e-05, 8.57039322e-06, 1.18359012049e-05, 1.38014211188e-05, 1.04625787571e-05, 5.48747402718e-06, 4.85554073748e-06, 4.87005445393e-06, 5.10767040396e-06, 5.77434457227e-06, 4.56087900602e-06, 2.85324858851e-06, 3.44714294442e-06, 2.6334435006e-06, 1.44414400438e-06, 6.37386108338e-07],
        "min": [4.93819015901e-07, 9.56959979703e-07, 5.04792410538e-07, 3.58923273325e-07, 1.2356147181e-06, 1.41718737723e-06, 2.73251487215e-07, 3.13506120619e-07, 2.0183195204e-07, 9.256540352e-07, 5.11689222549e-07, 2.4336540605e-07, 1.62281111216e-07, 2.577880025e-07, 2.92693954407e-07, 2.64963091468e-07, 2.0279561852e-07, 2.46800624382e-07, 1.01177541012e-07, 5.40788462899e-08, 4.44579058012e-08, 6.23384437404e-08, 9.94216691197e-08, 1.71546744809e-07, 1.03520847006e-07, 5.60662982707e-08, 1.13019410719e-07, 7.1017446146e-08, 4.56296049833e-08, 3.09093799444e-08, 2.6140416054e-08, 2.18057305545e-08, 6.88188208642e-08, 4.57731559322e-08, 3.89070251572e-08, 3.46601254364e-08, 2.84210326384e-08, 1.41694949107e-08, 1.43761722526e-08, 3.87197252039e-09],
        "stdev": [0.000260189495748, 0.000603570078965, 0.000565764377825, 0.000365690182662, 0.000974850321654, 0.00115595373791, 0.000481918425066, 0.000353703740984, 0.000664770777803, 0.000879615312442, 0.000471282226499, 0.000522181100678, 0.000350493792212, 0.000243742702878, 0.000390961125959, 0.000414248701418, 0.000136640795972, 0.000177487512701, 0.000171019899426, 9.77930758381e-05, 0.000133771914989, 4.06804720114e-05, 4.26962978963e-05, 2.76378268609e-05, 2.21968057303e-05, 1.02232825157e-05, 1.60574163601e-05, 1.86487341125e-05, 1.88218964468e-05, 9.59518820309e-06, 1.1056884432e-05, 1.1973472283e-05, 9.79939432e-06, 1.09847323984e-05, 6.79926961311e-06, 5.7339138948e-06, 8.17656473373e-06, 6.26127894066e-06, 4.35611627836e-06, 2.44110424319e-06]
    },
    "melbands128": {
        "max": [0.000387874635635, 0.00128657207824, 0.00695781363174, 0.0142101496458, 0.0125518292189, 0.00670445431024, 0.00883250311017, 0.0129442159086, 0.0217400602996, 0.00826204940677, 0.00447079073638, 0.0178650449961, 0.0293272212148, 0.0458614975214, 0.0377111658454, 0.0153448311612, 0.00738522876054, 0.0176230911165, 0.0131173208356, 0.00809200573713, 0.0153526300564, 0.00834737718105, 0.0120198521763, 0.0176852662116, 0.018773496151, 0.0279216412455, 0.0224574394524, 0.0152933616191, 0.0160187371075, 0.0204300936311, 0.00843669846654, 0.00819843262434, 0.0112832374871, 0.0077841905877, 0.0076306918636, 0.0114595908672, 0.0110429544002, 0.0115546258166, 0.0132409492508, 0.030101493001, 0.00420165853575, 0.00255881180055, 0.00649685366079, 0.00420519383624, 0.00103534117807, 0.00422520330176, 0.00772066460922, 0.00444197235629, 0.0023474257905, 0.00329319387674, 0.00183196447324, 0.00231655570678, 0.004247169476, 0.00571878999472, 0.00165368849412, 0.000898014463019, 0.000878418737557, 0.000934758340009, 0.00168688374106, 0.000631321454421, 0.000731117208488, 0.000503137009218, 0.000462530297227, 0.000336080382112, 0.000184727381566, 0.000109592176159, 0.000130616797833, 0.000258461019257, 0.000277598737739, 0.000376719137421, 0.000352718867362, 0.000365334068192, 0.000403792131692, 0.000607703113928, 0.000209867226658, 0.000195607484784, 0.000136465940159, 0.000172059590113, 0.000231775760767, 0.000187925965292, 0.000247082556598, 0.000212391969399, 0.000173274471308, 0.000159333329066, 0.000144587393152, 0.000198166759219, 0.000441318727098, 0.000151432832354, 9.45228093769e-05, 8.43039888423e-05, 7.25989229977e-05, 0.000330979324644, 0.000105914419692, 0.000129426567582, 0.000351816794137, 0.000121881050291, 8.09098419268e-05, 0.000134667745442, 7.94495499576e-05, 9.29381130845e-05, 0.000121475095511, 2.70736163657e-05, 1.99975802389e-05, 1.3030808077e-05, 9.9198477983e-06, 7.35419007469e-06, 5.3528196986e-06, 1.77639549293e-06, 1.99989429461e-07, 2.9525679679e-08, 9.07687649487e-08, 1.57607669138e-08, 1.24608234842e-08, 2.71610218761e-08, 5.29718802156e-09, 4.96177676723e-09, 4.65789362636e-09, 4.41749392621e-09, 4.20886259178e-09, 4.02194855198e-09, 3.85154397264e-09, 3.71438146907e-09, 3.59153151663e-09, 3.49242657016e-09, 3.4123830428e-09, 3.35064953561e-09, 3.29201155225e-09, 3.27781268794e-09],
        "mean": [1.16322298709e-05, 3.89788401662e-05, 0.000125183752971, 0.000203107178095, 0.000264824164333, 0.00032818474574, 0.000417054514401, 0.000443964381702, 0.000363963132259, 0.000244256894803, 0.000174156521098, 0.000233650003793, 0.000437825161498, 0.000539508881047, 0.000541424145922, 0.000265597016551, 0.000114849397505, 0.00016882881755, 0.0001537038479, 0.000102754333057, 0.000127709266962, 0.000151497908519, 0.000308307644445, 0.000318215548759, 0.000357104989234, 0.000392807851313, 0.000168519749423, 0.000171277541085, 0.000117488692922, 0.000226446558372, 0.000288974930299, 0.000227811251534, 0.000102146179415, 0.000179519629455, 6.63797181915e-05, 7.11795073585e-05, 0.000104930302768, 0.000108957152406, 8.98277576198e-05, 0.000143176235724, 0.000130399072077, 3.71798960259e-05, 4.69189726573e-05, 5.0734859542e-05, 2.05005526368e-05, 7.2550974437e-05, 0.000130770844407, 7.54204229452e-05, 5.30100296601e-05, 3.99517666665e-05, 4.90296188218e-05, 6.08168229519e-05, 4.42414566351e-05, 3.28192181769e-05, 2.09925110539e-05, 2.34229937632e-05, 1.93753585336e-05, 1.99769365281e-05, 2.15590662265e-05, 3.25101864291e-05, 1.80585866474e-05, 1.52951470227e-05, 2.34182061831e-05, 1.52957309183e-05, 7.0628134381e-06, 8.01325950306e-06, 1.02499616332e-05, 7.98031305749e-06, 1.40560714499e-05, 1.42472536027e-05, 1.27425691971e-05, 1.48117715071e-05, 1.33276807901e-05, 1.01703917608e-05, 6.2080657699e-06, 5.53211339138e-06, 4.98540521221e-06, 5.17621538165e-06, 4.73849058835e-06, 4.75456954518e-06, 4.65756147605e-06, 5.07784307047e-06, 5.03568026033e-06, 5.00193209518e-06, 5.18101205671e-06, 5.75233661948e-06, 5.92074275119e-06, 6.01716465098e-06, 4.55608051197e-06, 3.58092711394e-06, 2.91023980026e-06, 2.54109340858e-06, 2.96459029414e-06, 3.07281175083e-06, 4.4196226554e-06, 3.36291486747e-06, 2.02026421903e-06, 1.8138488258e-06, 1.50999801463e-06, 1.29072736854e-06, 9.57875386121e-07, 4.8642539241e-07, 2.99487084021e-07, 2.49859937185e-07, 1.76152951781e-07, 1.23971659605e-07, 8.35477038663e-08, 3.68239341242e-08, 3.34613181607e-09, 4.60359042553e-11, 6.69677577281e-11, 1.83050363062e-11, 1.87478643721e-11, 2.42846159848e-11, 1.01719084544e-11, 7.17739149364e-12, 5.42319791505e-12, 5.06750500937e-12, 4.87752329845e-12, 4.71111431116e-12, 4.55963955828e-12, 4.4321191682e-12, 4.3166273507e-12, 4.21962378233e-12, 4.14624194353e-12, 4.08709264349e-12, 4.03809277683e-12, 4.01618495405e-12],
        "min": [3.7419738419e-09, 3.66356687209e-08, 1.4083808253e-07, 2.20189420475e-07, 9.56137341745e-07, 1.51247249391e-07, 7.13428448762e-07, 3.35054210154e-07, 1.77286139547e-07, 2.38637369421e-07, 1.20266264503e-07, 1.81782926489e-08, 2.32430636515e-07, 2.59065757291e-07, 3.77580846589e-07, 2.19756259412e-07, 1.16498995339e-07, 8.26068458082e-08, 1.53470992359e-07, 1.26667373479e-07, 9.4178965071e-08, 6.81028353711e-08, 9.10719180069e-08, 1.41975874612e-07, 7.30899643031e-08, 8.29168982364e-08, 2.75505044556e-07, 8.04450124292e-08, 1.91402662608e-07, 5.38053228638e-08, 1.63321445257e-07, 4.50468178315e-08, 5.77478473929e-08, 3.41207417875e-09, 5.79008556656e-08, 5.75859360197e-08, 9.72521085885e-09, 5.40730908938e-08, 5.63237172457e-08, 2.24743725852e-08, 5.80270693717e-08, 5.70970684066e-08, 4.80031658867e-08, 1.86145889813e-08, 5.80834402797e-09, 3.60972918223e-10, 2.08445491978e-08, 3.77947060315e-08, 5.94276006183e-09, 3.36011432012e-08, 3.82389657716e-08, 2.0906028908e-08, 3.74539466108e-09, 8.50163495159e-09, 2.88237060886e-08, 2.66118895809e-08, 1.41198985837e-09, 6.86651047133e-09, 3.97274142472e-08, 2.12260120591e-09, 2.68021826955e-09, 5.5963558232e-09, 1.67487517189e-08, 3.35125918127e-08, 3.50864404197e-09, 1.767814517e-08, 4.41073488844e-08, 1.50273926636e-08, 6.90589718744e-09, 7.00075375448e-08, 2.31937177797e-10, 4.63886512536e-10, 3.15548973617e-08, 1.03844666199e-08, 8.75563094249e-11, 1.22240342293e-08, 9.793714284e-09, 4.03894384604e-09, 1.27355086477e-08, 2.0307993509e-08, 4.21053458766e-09, 1.51316701391e-08, 8.73231975618e-09, 4.28367883387e-08, 6.21092399733e-10, 2.65451234327e-08, 1.80408932238e-08, 9.30217680661e-10, 3.53175322321e-10, 1.67736686763e-08, 9.93191484611e-09, 4.06808098319e-09, 1.49709347141e-08, 7.1669403745e-09, 7.37459593392e-10, 1.06191233584e-08, 3.06029557251e-09, 3.78484488195e-09, 1.01642277928e-10, 4.87537857308e-11, 1.72862368863e-09, 1.08463897586e-10, 2.94819085811e-10, 1.02789554212e-12, 1.17996920828e-12, 7.34731372964e-12, 1.10439109247e-10, 7.19670026697e-12, 1.40250888702e-13, 6.99446875202e-14, 5.46107382677e-14, 4.3769055356e-14, 4.30717337881e-14, 4.3011316622e-14, 3.90150016244e-14, 4.38936098568e-14, 3.85083200678e-14, 4.32969564606e-14, 3.72128001157e-14, 3.61035189917e-14, 4.03225867138e-14, 4.99807071002e-14, 4.30912155459e-14, 4.58172318444e-14, 4.19737182023e-14, 4.0994592161e-14, 4.560882447e-14, 4.82458209939e-14],
        "stdev": [1.91754297703e-05, 9.88100364339e-05, 0.000367008033209, 0.000689058564603, 0.00077327969484, 0.000636026321445, 0.000648124201689, 0.000740077230148, 0.000731451669708, 0.000442450225819, 0.000292171607725, 0.000685666163918, 0.00128804286942, 0.0021368120797, 0.0018471077783, 0.000736554444302, 0.000341859733453, 0.000797899730969, 0.000576992344577, 0.000353401497705, 0.000548585318029, 0.000430677609984, 0.000936666619964, 0.00118443591055, 0.00130862428341, 0.00120157678612, 0.000735343142878, 0.000623984495178, 0.000582211825531, 0.000943776511122, 0.000591889023781, 0.000516002299264, 0.000514626794029, 0.000510043057147, 0.000273647194263, 0.000353813607944, 0.000391983805457, 0.000555424776394, 0.00060785288224, 0.00107202026993, 0.000314033677569, 0.000111521716462, 0.000210362253711, 0.000184239383088, 6.65458865114e-05, 0.000259177468251, 0.000443891447503, 0.000243696544203, 0.000158595808898, 0.000159913950483, 0.000132072571432, 0.00015026172332, 0.000231219615671, 0.000213073566556, 5.91349526076e-05, 4.99608031532e-05, 4.64547883894e-05, 5.90568124608e-05, 6.42659288133e-05, 5.08058437845e-05, 3.59826990461e-05, 3.55681841029e-05, 3.87693362427e-05, 2.58205946011e-05, 1.24274365589e-05, 1.13070254883e-05, 1.45609183164e-05, 1.48361987158e-05, 2.44509210461e-05, 2.69434713118e-05, 2.33138871408e-05, 3.19580394716e-05, 2.6540032195e-05, 3.10671384796e-05, 1.27762905322e-05, 1.24855232571e-05, 1.02337071439e-05, 1.1753832041e-05, 1.32533168653e-05, 1.25659989862e-05, 1.47019354699e-05, 1.26459945022e-05, 1.02652011265e-05, 1.04152441054e-05, 1.13966489153e-05, 1.19683490993e-05, 1.51648191604e-05, 1.05166918729e-05, 7.65869572206e-06, 6.39250310996e-06, 5.50042659597e-06, 9.02614010556e-06, 7.47144849811e-06, 8.48669333209e-06, 1.21830789794e-05, 8.46946113597e-06, 5.52613164473e-06, 4.92377967021e-06, 4.68686175736e-06, 5.2598311413e-06, 4.37707012679e-06, 1.71139913618e-06, 1.01311593426e-06, 9.01820158106e-07, 6.09773053384e-07, 4.69043754947e-07, 2.88689051331e-07, 1.03046502886e-07, 1.18462768484e-08, 7.35940808294e-10, 2.0729233885e-09, 3.84828002797e-10, 3.64951513454e-10, 6.14981898739e-10, 1.5151922772e-10, 1.14902698467e-10, 1.01762577531e-10, 9.64063551212e-11, 9.18565987162e-11, 8.7780373248e-11, 8.406429719e-11, 8.10727179834e-11, 7.83935902304e-11, 7.62324370296e-11, 7.4486701529e-11, 7.31400426335e-11, 7.18614334705e-11, 7.15514730798e-11]
    },
    "mfcc": {
        "mean": [-625.499572754, 89.5675201416, -9.93120861053, 11.483499527, -6.88278198242, 3.63754320145, -5.99269628525, 5.63237810135, -8.57116603851, 1.40419507027, -12.9007787704, -5.5362944603, -6.76490020752],
        "cov": [[1802.92163086, -383.865447998, -443.762542725, -201.879241943, -154.666366577, -122.327720642, -84.036277771, 46.0936660767, 71.8455429077, 172.406982422, -20.1303691864, 26.177816391, 16.6842937469], [-383.865447998, 601.953308105, -94.1612014771, 69.495300293, 9.47317409515, -44.9128570557, 78.5998764038, -0.484561234713, -34.5341796875, 42.4847984314, 37.8819122314, 32.5389823914, -0.556043446064], [-443.762542725, -94.1612014771, 711.725158691, 136.339431763, 86.9042205811, 75.6058731079, -28.3116989136, -17.0648956299, -32.6635627747, -122.412338257, 7.61450862885, -6.64127588272, 0.40296587348], [-201.879241943, 69.495300293, 136.339431763, 304.956542969, 56.3789405823, 28.1235427856, -83.3439788818, -17.885093689, 6.31953668594, -56.9958305359, 3.26055860519, 10.6515855789, 11.6271133423], [-154.666366577, 9.47317409515, 86.9042205811, 56.3789405823, 216.25894165, 19.469083786, -32.3590011597, -5.4849152565, 33.8010597229, -28.1568641663, -11.532207489, 10.889705658, -1.78064262867], [-122.327720642, -44.9128570557, 75.6058731079, 28.1235427856, 19.469083786, 199.92098999, 75.5046615601, -0.246297225356, -18.3780517578, -42.8593330383, 15.5221586227, -10.8754758835, -12.3952770233], [-84.036277771, 78.5998764038, -28.3116989136, -83.3439788818, -32.3590011597, 75.5046615601, 232.142547607, 51.2271385193, -16.5038375854, 30.4207839966, 17.2834072113, -14.4763593674, -14.4135513306], [46.0936660767, -0.484561234713, -17.0648956299, -17.885093689, -5.4849152565, -0.246297225356, 51.2271385193, 106.418357849, 35.4207191467, 26.4230918884, 0.624259889126, -11.9400491714, -4.39445781708], [71.8455429077, -34.5341796875, -32.6635627747, 6.31953668594, 33.8010597229, -18.3780517578, -16.5038375854, 35.4207191467, 154.971191406, 58.3079605103, 2.68356466293, -20.9835071564, -16.4027175903], [172.406982422, 42.4847984314, -122.412338257, -56.9958305359, -28.1568641663, -42.8593330383, 30.4207839966, 26.4230918884, 58.3079605103, 164.8387146, 27.9571418762, -16.694108963, -13.0066690445], [-20.1303691864, 37.8819122314, 7.61450862885, 3.26055860519, -11.532207489, 15.5221586227, 17.2834072113, 0.624259889126, 2.68356466293, 27.9571418762, 100.832321167, 27.0079803467, -11.6024885178], [26.177816391, 32.5389823914, -6.64127588272, 10.6515855789, 10.889705658, -10.8754758835, -14.4763593674, -11.9400491714, -20.9835071564, -16.694108963, 27.0079803467, 102.424575806, 33.5993499756], [16.6842937469, -0.556043446064, 0.40296587348, 11.6271133423, -1.78064262867, -12.3952770233, -14.4135513306, -4.39445781708, -16.4027175903, -13.0066690445, -11.6024885178, 33.5993499756, 80.3363494873]],
        "icov": [[0.00102047016844, 0.000763965654187, 0.000490572245326, 0.000113776834041, 0.00041917024646, 0.000176411864231, 0.000357979733963, -0.000379354925826, 9.20686725294e-05, -0.000898052472621, 0.000288906187052, -0.000731443869881, 7.5454445323e-05], [0.000763965654187, 0.00286805280484, 0.000733132997993, -0.00112617248669, -0.000137297814945, 0.00131487275939, -0.00128921307623, 0.000138586110552, 0.000848885858431, -0.00116598105524, -0.000334149895934, -0.000996292452328, 0.000349582260242], [0.000490572245326, 0.000733132997993, 0.00209509138949, -0.000630658410955, -0.000390073546441, 4.40876283392e-05, -6.93152614986e-05, -0.000207717675949, 0.000330134149408, 0.000626993598416, -0.000592832977418, 0.000194464111701, -3.97168951167e-05], [0.000113776834041, -0.00112617248669, -0.000630658410955, 0.00491722440347, -0.000204385243705, -0.00144374556839, 0.00248347735032, -0.00051077909302, -0.000758276320994, 0.000895959325135, -0.000255662336713, 0.000220250833081, -0.000688391563017], [0.00041917024646, -0.000137297814945, -0.000390073546441, -0.000204385243705, 0.005784381181, -0.000736132147722, 0.000810468161944, 2.71104017884e-05, -0.00180577440187, 0.000195722983335, 0.00127163226716, -0.00150730914902, 0.000582111475524], [0.000176411864231, 0.00131487275939, 4.40876283392e-05, -0.00144374556839, -0.000736132147722, 0.00766733149067, -0.00373003212735, 0.00108086050022, 0.000250452692853, 0.00170929636806, -0.00168430502526, 0.000794666062575, 0.000490055943374], [0.000357979733963, -0.00128921307623, -6.93152614986e-05, 0.00248347735032, 0.000810468161944, -0.00373003212735, 0.00815659482032, -0.00363723258488, 0.00106439995579, -0.0013414126588, 7.76984888944e-05, 0.000220597619773, 0.000183656200534], [-0.000379354925826, 0.000138586110552, -0.000207717675949, -0.00051077909302, 2.71104017884e-05, 0.00108086050022, -0.00363723258488, 0.0121873328462, -0.0028502671048, 5.07155200467e-05, 0.000113786787551, 0.000669902772643, -0.000501323898789], [9.20686725294e-05, 0.000848885858431, 0.000330134149408, -0.000758276320994, -0.00180577440187, 0.000250452692853, 0.00106439995579, -0.0028502671048, 0.00942595954984, -0.00345391198061, -0.000111012559501, 0.000876692298334, 0.00111117807683], [-0.000898052472621, -0.00116598105524, 0.000626993598416, 0.000895959325135, 0.000195722983335, 0.00170929636806, -0.0013414126588, 5.07155200467e-05, -0.00345391198061, 0.0108493864536, -0.00351978163235, 0.00267766485922, -0.000501095317304], [0.000288906187052, -0.000334149895934, -0.000592832977418, -0.000255662336713, 0.00127163226716, -0.00168430502526, 7.76984888944e-05, 0.000113786787551, -0.000111012559501, -0.00351978163235, 0.0133944060653, -0.00551826972514, 0.00341600668617], [-0.000731443869881, -0.000996292452328, 0.000194464111701, 0.000220250833081, -0.00150730914902, 0.000794666062575, 0.000220597619773, 0.000669902772643, 0.000876692298334, 0.00267766485922, -0.00551826972514, 0.0146625908092, -0.00603925343603], [7.5454445323e-05, 0.000349582260242, -3.97168951167e-05, -0.000688391563017, 0.000582111475524, 0.000490055943374, 0.000183656200534, -0.000501323898789, 0.00111117807683, -0.000501095317304, 0.00341600668617, -0.00603925343603, 0.0157932043076]]
    },
    "spectral_contrast_coeffs": {
        "max": [-0.400960743427, -0.473146289587, -0.472204625607, -0.50668156147, -0.543660521507, -0.522503376007],
        "mean": [-0.684554100037, -0.733003497124, -0.718616247177, -0.750879347324, -0.766881644726, -0.715569972992],
        "min": [-0.868868350983, -0.923142969608, -0.941331326962, -0.895483255386, -0.867780804634, -0.860526800156],
        "stdev": [0.0656523481011, 0.0810079053044, 0.0752575099468, 0.0628590360284, 0.0488484315574, 0.0466970428824]
    },
    "spectral_contrast_valleys": {
        "max": [-5.29144096375, -5.00775909424, -4.78258657455, -5.65038490295, -5.67071628571, -7.73053503036],
        "mean": [-7.26205968857, -6.98777389526, -7.41229104996, -7.62121295929, -7.41682052612, -10.2609863281],
        "min": [-8.91142559052, -8.82594203949, -9.38526439667, -10.1859283447, -10.5231513977, -12.5504989624],
        "stdev": [0.540968239307, 0.546986281872, 0.599270701408, 0.61385923624, 0.631283462048, 0.827933490276]
    }
},
"rhythm": {
    "beats_count": 113,
    "beats_loudness": {
        "max": 0.107816569507,
        "mean": 0.0208181329072,
        "min": 0.00293988920748,
        "stdev": 0.0141825322062
    },
    "bpm": 140.550003052,
    "bpm_histogram_first_peak_bpm": 140,
    "bpm_histogram_first_peak_weight": 0.3125,
    "bpm_histogram_second_peak_bpm": 0,
    "bpm_histogram_second_peak_spread": 0,
    "bpm_histogram_second_peak_weight": 0,
    "danceability": 1.65963292122,
    "onset_rate": 3.732421875,
    "beats_loudness_band_ratio": {
        "max": [0.885383725166, 0.880380749702, 0.7232208848, 0.743152081966, 0.451941877604, 0.825156629086],
        "mean": [0.231969162822, 0.184771776199, 0.184692203999, 0.203545540571, 0.130771890283, 0.11906658113],
        "min": [0.00559080531821, 0.00819322746247, 0.00931517593563, 0.0106622129679, 0.00337572279386, 0.0056061130017],
        "stdev": [0.211994439363, 0.1797824651, 0.151030987501, 0.167015120387, 0.10854049027, 0.120628155768]
    },
