{
"metadata": {
    "version": {
        "essentia": "2.1-beta5",
        "essentia_git_sha": "Undefined",
        "extractor": "music 2.0"
    },
    "audio_properties": {
        "analysis": {
            "equal_loudness": 0,
            "length": 32.4963264465,
            "sample_rate": 44100,
            "start_time": 158.998641968,
            "downmix": "mix"
        },
        "bit_rate": 192000,
        "length": 216.061691284,
        "lossless": 0,
        "number_channels": 2,
        "replay_gain": -0.560901641846,
        "sample_rate": 48000,
        "codec": "mp3",
        "md5_encoded": "8c85c073dbf6a755551608c607d0c67c"
    },
    "tags": {
        "file_name": "Norway_Visjoner_Merethe Trøan.mp3",
        "encoding": ["Lavf58.29.100"]
    }
},
"lowlevel": {
    "average_loudness": 0.983004808426,
    "barkbands_crest": {
        "max": 20.2487564087,
        "mean": 7.54353141785,
        "min": 2.28553295135,
        "stdev": 3.39828038216
    },
    "barkbands_flatness_db": {
        "max": 0.184449538589,
        "mean": 0.098331131041,
        "min": 0.0390452817082,
        "stdev": 0.0255777407438
    },
    "barkbands_kurtosis": {
        "max": 12.7454738617,
        "mean": -0.316968262196,
        "min": -1.77274596691,
        "stdev": 1.27310299873
    },
    "barkbands_skewness": {
        "max": 3.32139158249,
        "mean": 0.532094478607,
        "min": -1.57981789112,
        "stdev": 0.5760191679
    },
    "barkbands_spread": {
        "max": 77.3758392334,
        "mean": 30.0300731659,
        "min": 10.2412137985,
        "stdev": 10.4897603989
    },
    "dissonance": {
        "max": 0.499762684107,
        "mean": 0.474185556173,
        "min": 0.340778917074,
        "stdev": 0.0172292143106
    },
    "dynamic_complexity": 1.27731156349,
    "erbbands_crest": {
        "max": 21.9224891663,
        "mean": 7.81870365143,
        "min": 2.61197757721,
        "stdev": 3.5716137886
    },
    "erbbands_flatness_db": {
        "max": 0.253872603178,
        "mean": 0.160724431276,
        "min": 0.0864496901631,
        "stdev": 0.0298258829862
    },
    "erbbands_kurtosis": {
        "max": 3.03582286835,
        "mean": -0.584530115128,
        "min": -1.78003561497,
        "stdev": 0.588355064392
    },
    "erbbands_skewness": {
        "max": 1.83403193951,
        "mean": 0.0647057965398,
        "min": -1.63689482212,
        "stdev": 0.484090954065
    },
    "erbbands_spread": {
        "max": 123.201728821,
        "mean": 38.571056366,
        "min": 15.4030923843,
        "stdev": 11.281665802
    },
    "hfc": {
        "max": 132.952102661,
        "mean": 37.0282936096,
        "min": 1.15722250938,
        "stdev": 17.5574378967
    },
    "loudness_ebu128": {
        "integrated": -22.5079174042,
        "loudness_range": 0.986335754395,
        "momentary": {
            "max": -20.7727127075,
            "mean": -22.5921916962,
            "min": -26.1769313812,
            "stdev": 0.88075619936
        },
        "short_term": {
            "max": -21.7592964172,
            "mean": -22.5443897247,
            "min": -23.1125659943,
            "stdev": 0.293703228235
        }
    },
    "melbands_crest": {
        "max": 27.514169693,
        "mean": 10.900888443,
        "min": 2.93390655518,
        "stdev": 4.60305118561
    },
    "melbands_flatness_db": {
        "max": 0.216682329774,
        "mean": 0.0996802374721,
        "min": 0.0154495034367,
        "stdev": 0.0313937626779
    },
    "melbands_kurtosis": {
        "max": 38.2496528625,
        "mean": 2.95759630203,
        "min": -1.57405138016,
        "stdev": 4.01353979111
    },
    "melbands_skewness": {
        "max": 5.67442512512,
        "mean": 1.47287547588,
        "min": -0.171509832144,
        "stdev": 0.739596486092
    },
    "melbands_spread": {
        "max": 180.303573608,
        "mean": 44.2462463379,
        "min": 7.79308223724,
        "stdev": 19.3146514893
    },
    "pitch_salience": {
        "max": 0.834810733795,
        "mean": 0.602134406567,
        "min": 0.287019997835,
        "stdev": 0.0810772627592
    },
    "silence_rate_20dB": {
        "max": 1,
        "mean": 1,
        "min": 1,
        "stdev": 0
    },
    "silence_rate_30dB": {
        "max": 1,
        "mean": 1,
        "min": 1,
        "stdev": 0
    },
    "silence_rate_60dB": {
        "max": 1,
        "mean": 0.00356887932867,
        "min": 0,
        "stdev": 0.0596341006458
    },
    "spectral_centroid": {
        "max": 3808.23657227,
        "mean": 2272.26098633,
        "min": 712.227050781,
        "stdev": 499.000030518
    },
    "spectral_complexity": {
        "max": 53,
        "mean": 30.0856533051,
        "min": 1,
        "stdev": 7.44485521317
    },
    "spectral_decrease": {
        "max": -1.31241489898e-10,
        "mean": -4.94373963988e-09,
        "min": -1.41675924326e-08,
        "stdev": 2.01681049639e-09
    },
    "spectral_energy": {
        "max": 0.0587793402374,
        "mean": 0.0220174025744,
        "min": 0.000600299274083,
        "stdev": 0.00853030290455
    },
    "spectral_energyband_high": {
        "max": 0.0140693383291,
        "mean": 0.00247276155278,
        "min": 3.59719197149e-05,
        "stdev": 0.00178655365016
    },
    "spectral_energyband_low": {
        "max": 0.0167412161827,
        "mean": 0.000952843169216,
        "min": 1.46694560499e-06,
        "stdev": 0.00144730263855
    },
    "spectral_energyband_middle_high": {
        "max": 0.0386457033455,
        "mean": 0.0097340401262,
        "min": 0.000535083818249,
        "stdev": 0.00598535686731
    },
    "spectral_energyband_middle_low": {
        "max": 0.0469288937747,
        "mean": 0.00951375905424,
        "min": 2.98617196677e-05,
        "stdev": 0.00637645134702
    },
    "spectral_entropy": {
        "max": 8.70230484009,
        "mean": 7.88253593445,
        "min": 7.18988418579,
        "stdev": 0.225038632751
    },
    "spectral_flux": {
        "max": 0.19206161797,
        "mean": 0.0864264816046,
        "min": 0.0255706589669,
        "stdev": 0.0232112295926
    },
    "spectral_kurtosis": {
        "max": 12.4793148041,
        "mean": 2.66180992126,
        "min": -0.950356245041,
        "stdev": 1.09455013275
    },
    "spectral_rms": {
        "max": 0.00757269421592,
        "mean": 0.00454011652619,
        "min": 0.000765282835346,
        "stdev": 0.000931525311898
    },
    "spectral_rolloff": {
        "max": 10852.734375,
        "mean": 3391.7980957,
        "min": 409.130859375,
        "stdev": 1524.05187988
    },
    "spectral_skewness": {
        "max": 2.83034038544,
        "mean": 1.1331359148,
        "min": 0.325520098209,
        "stdev": 0.203811734915
    },
    "spectral_spread": {
        "max": 17855034,
        "mean": 4599094,
        "min": 2843773.5,
        "stdev": 1160039.75
    },
    "spectral_strongpeak": {
        "max": 13.1692018509,
        "mean": 1.74154984951,
        "min": 0.0338669940829,
        "stdev": 1.3536349535
    },
    "zerocrossingrate": {
        "max": 0.3134765625,
        "mean": 0.106884106994,
        "min": 0.0224609375,
        "stdev": 0.0346834510565
    },
    "barkbands": {
        "max": [0.000447365600849, 0.0108430478722, 0.00583854364231, 0.00460498314351, 0.023455016315, 0.0358576178551, 0.0245310105383, 0.017201974988, 0.0292364284396, 0.0251807365566, 0.0172047540545, 0.0119743971154, 0.0131301684305, 0.0168119817972, 0.0114078922197, 0.00870332308114, 0.00632780743763, 0.0067425374873, 0.00879866350442, 0.00667624175549, 0.00534550473094, 0.00260739354417, 0.00408550491557, 0.00637932587415, 0.00393182691187, 0.000909177120775, 9.14811323582e-07],
        "mean": [3.44024447259e-05, 0.000473005668027, 0.000345646723872, 0.00026381976204, 0.00132017291617, 0.00230446597561, 0.00188461644575, 0.000851527089253, 0.00191355112474, 0.00204670638777, 0.000996699556708, 0.00113702833187, 0.000659640703816, 0.000970855529886, 0.000903610431124, 0.000556094630156, 0.000707813596819, 0.000720817653928, 0.00103745085653, 0.00106743793003, 0.000675056246109, 0.000299939129036, 0.000276757025858, 0.000369104003767, 0.000159748728038, 4.14360620198e-05, 7.71483410489e-09],
        "min": [1.03385644934e-07, 9.19569629332e-07, 7.11575722789e-08, 3.62668913567e-07, 1.84381360668e-06, 4.03570857088e-06, 1.71308181507e-06, 3.79794960281e-06, 8.00905763754e-06, 8.03735747468e-06, 8.34023376228e-06, 1.31781480377e-05, 9.04642456589e-06, 1.66023328347e-05, 3.12292213493e-05, 1.50817468239e-05, 1.11421932161e-05, 6.39071504338e-06, 4.90977945447e-05, 2.81342363451e-05, 8.12533471617e-06, 2.39805262936e-06, 1.94471545001e-06, 3.12962970384e-06, 1.51386791458e-06, 8.37068228066e-07, 1.35943575841e-10],
        "stdev": [4.15049908042e-05, 0.000919572310522, 0.000580209773034, 0.000374750990886, 0.00183091801591, 0.00329621485434, 0.00298962392844, 0.00152896600775, 0.00346772535704, 0.00350796594284, 0.00192225771025, 0.00169146875851, 0.00111802271567, 0.00166285922751, 0.00112096138764, 0.000598805607297, 0.000764252792578, 0.000617572222836, 0.000884000153746, 0.000913783849683, 0.00059610925382, 0.00027814519126, 0.000333248724928, 0.000573856697883, 0.000383919192245, 7.44305434637e-05, 4.69467735797e-08]
    },
    "erbbands": {
        "max": [0.156023532152, 3.09163784981, 8.73324489594, 10.4708137512, 68.164855957, 59.7584114075, 221.384750366, 400.381072998, 408.7421875, 428.820617676, 664.267150879, 869.703613281, 1163.6171875, 876.871398926, 853.787231445, 610.068786621, 437.38949585, 945.197692871, 564.159179688, 650.200195312, 378.555389404, 293.649414062, 476.607330322, 593.680419922, 243.113113403, 269.920257568, 269.931793213, 112.781494141, 89.3103256226, 115.486549377, 112.370033264, 152.958953857, 133.211349487, 52.8399124146, 29.7032260895, 10.4856081009, 1.30030786991, 0.106753706932, 0.00185799668543, 0.000197267072508],
        "mean": [0.00796655286103, 0.124712601304, 0.427808910608, 0.659078061581, 3.04461860657, 4.1491894722, 8.77354049683, 21.2043304443, 28.2447471619, 22.1298942566, 25.5570659637, 43.4827308655, 68.6435241699, 44.3692970276, 38.1964492798, 50.3525772095, 32.4668197632, 45.0606765747, 46.5218849182, 45.9530334473, 34.3584060669, 35.9410057068, 40.0705680847, 56.7206611633, 43.696346283, 47.6429901123, 42.4648475647, 16.8850650787, 10.7665987015, 9.49460029602, 8.11703300476, 8.22828388214, 5.32238674164, 2.22297048569, 0.937256813049, 0.290330082178, 0.060135550797, 0.00423497660086, 0.000113459784188, 3.82282960345e-05],
        "min": [4.03259982704e-05, 0.000155879926751, 0.000158831913723, 0.000560062297154, 0.00413248827681, 0.00596724823117, 0.018935482949, 0.0350467339158, 0.0200240854174, 0.086285173893, 0.33149138093, 0.183555901051, 0.253629863262, 0.780704319477, 0.890548408031, 0.98921507597, 0.657672941685, 0.528099417686, 2.19921946526, 2.46815729141, 0.719965517521, 0.826557159424, 0.493508547544, 1.09669494629, 2.02443742752, 1.73283708096, 0.590249598026, 0.151242777705, 0.0733466669917, 0.0707114264369, 0.049554169178, 0.0537942126393, 0.05590621382, 0.0120743308216, 0.0143541861326, 0.00598679902032, 0.00107210071292, 3.71100250049e-05, 4.21798131356e-06, 3.35997651746e-06],
        "stdev": [0.0128446463495, 0.251872330904, 0.732657253742, 0.879078805447, 4.96285581589, 5.57160902023, 15.986623764, 34.4146347046, 43.0694961548, 39.1236839294, 47.6056747437, 83.7792129517, 113.914718628, 76.9426498413, 76.9666290283, 74.6604919434, 44.6682090759, 68.4892425537, 65.6669540405, 47.7636451721, 31.3413276672, 35.3935470581, 37.2820167542, 52.9092216492, 34.9449501038, 39.7848739624, 37.9181518555, 13.483080864, 9.6473941803, 10.4908189774, 9.97946166992, 11.6675605774, 9.74900150299, 5.06740522385, 2.49809169769, 0.634838044643, 0.104841910303, 0.00898597110063, 0.0001752081007, 1.86862216651e-05]
    },
    "gfcc": {
        "mean": [42.3985977173, 51.4883575439, -154.056381226, 33.0577354431, -80.6394958496, 11.9176769257, -45.9268989563, 12.6362476349, -29.8644275665, 4.94630384445, -12.9150953293, -1.90073335171, -7.50914239883],
        "cov": [[646.695678711, -146.973983765, 135.488113403, 55.5157012939, 12.8017129898, 37.306137085, -25.7724266052, 38.0583152771, -7.33284091949, 14.9497966766, -49.2011833191, 10.015961647, -50.872844696], [-146.973983765, 435.628173828, -7.80355167389, 94.7994537354, 24.4180965424, -39.8736572266, 22.5322036743, -40.6982383728, 47.2491569519, -53.5528297424, 32.4638214111, -26.2428398132, 41.858089447], [135.488113403, -7.80355167389, 377.469787598, 73.3419494629, 33.6715278625, 12.5176897049, -136.198364258, -0.332773774862, 16.0285205841, 5.15712833405, -54.9552612305, 63.1606864929, -43.4978713989], [55.5157012939, 94.7994537354, 73.3419494629, 200.14515686, 33.7540245056, 19.7430686951, -29.557050705, -8.16057014465, 47.1106300354, -22.2864933014, -0.170637398958, -3.27474570274, 14.8755149841], [12.8017129898, 24.4180965424, 33.6715278625, 33.7540245056, 117.76096344, 35.6683807373, 21.9832038879, -4.51480007172, -27.9952793121, 1.61926090717, -38.2083930969, -2.4186270237, -15.7471551895], [37.306137085, -39.8736572266, 12.5176897049, 19.7430686951, 35.6683807373, 135.684906006, 67.2762908936, 4.62936782837, -32.7030677795, -4.38061523438, -2.72544622421, -33.8152313232, -3.86437225342], [-25.7724266052, 22.5322036743, -136.198364258, -29.557050705, 21.9832038879, 67.2762908936, 200.587432861, 41.7938270569, -46.6496391296, -3.57229709625, -1.14157176018, -61.7658805847, 14.1770772934], [38.0583152771, -40.6982383728, -0.332773774862, -8.16057014465, -4.51480007172, 4.62936782837, 41.7938270569, 83.8874053955, 29.9298019409, 12.3547143936, -7.74878692627, -4.15825986862, -2.29942011833], [-7.33284091949, 47.2491569519, 16.0285205841, 47.1106300354, -27.9952793121, -32.7030677795, -46.6496391296, 29.9298019409, 115.555870056, 22.0461502075, 17.8999290466, 15.2876853943, 4.64015007019], [14.9497966766, -53.5528297424, 5.15712833405, -22.2864933014, 1.61926090717, -4.38061523438, -3.57229709625, 12.3547143936, 22.0461502075, 66.6151885986, 20.731300354, 13.6404466629, -11.4553308487], [-49.2011833191, 32.4638214111, -54.9552612305, -0.170637398958, -38.2083930969, -2.72544622421, -1.14157176018, -7.74878692627, 17.8999290466, 20.731300354, 105.804450989, 19.2804355621, 23.4935569763], [10.015961647, -26.2428398132, 63.1606864929, -3.27474570274, -2.4186270237, -33.8152313232, -61.7658805847, -4.15825986862, 15.2876853943, 13.6404466629, 19.2804355621, 83.112411499, 3.83519363403], [-50.872844696, 41.858089447, -43.4978713989, 14.8755149841, -15.7471551895, -3.86437225342, 14.1770772934, -2.29942011833, 4.64015007019, -11.4553308487, 23.4935569763, 3.83519363403, 68.5695724487]],
        "icov": [[0.00201569264755, 0.000483583513414, -0.000330003094859, -0.00107579119503, 0.000591667892877, -0.000222261995077, 5.64617948839e-05, -0.000899073900655, 0.000739599927329, -0.000455974688521, 0.000533590908162, -0.0001895348978, 0.00100739696063], [0.000483583513414, 0.00607734639198, -0.00309136160649, 0.000201785049285, -0.00404783058912, 0.00482634734362, -0.00513208424672, 0.0057623218745, -0.00624090479687, 0.00660844240338, -0.00474053993821, 0.00378513801843, -0.00182035786565], [-0.000330003094859, -0.00309136160649, 0.00746805407107, -0.00235737091862, 0.00267618545331, -0.00516271498054, 0.00680207600817, -0.00533278938383, 0.00511683896184, -0.00462673604488, 0.00559433177114, -0.00555254891515, 0.00290417857468], [-0.00107579119503, 0.000201785049285, -0.00235737091862, 0.00925387535244, -0.00453902082518, -0.00012110046373, -0.000886343419552, 0.00308909732848, -0.00667974213138, 0.00518107553944, -0.0029323536437, 0.00286210072227, -0.00302447238937], [0.000591667892877, -0.00404783058912, 0.00267618545331, -0.00453902082518, 0.0164172165096, -0.00579739315435, 0.00215779128484, -0.00356877502054, 0.00825793389231, -0.00873843021691, 0.00910005252808, -0.00638409005478, 0.00369054009207], [-0.000222261995077, 0.00482634734362, -0.00516271498054, -0.00012110046373, -0.00579739315435, 0.0156916417181, -0.00841465126723, 0.00565176736563, -0.00393066648394, 0.00568911340088, -0.00702801346779, 0.00721035851166, -0.00165653845761], [5.64617948839e-05, -0.00513208424672, 0.00680207600817, -0.000886343419552, 0.00215779128484, -0.00841465126723, 0.0181827377528, -0.0135127911344, 0.011116114445, -0.00726372655481, 0.00429756566882, 0.000794546969701, 8.21278717922e-06], [-0.000899073900655, 0.0057623218745, -0.00533278938383, 0.00308909732848, -0.00356877502054, 0.00565176736563, -0.0135127911344, 0.025937307626, -0.0153332753107, 0.00639878353104, -0.00291913980618, 0.0020969377365, -0.00208565290086], [0.000739599927329, -0.00624090479687, 0.00511683896184, -0.00667974213138, 0.00825793389231, -0.00393066648394, 0.011116114445, -0.0153332753107, 0.0247629880905, -0.0135405026376, 0.00541685661301, -0.00377331161872, 0.00233320845291], [-0.000455974688521, 0.00660844240338, -0.00462673604488, 0.00518107553944, -0.00873843021691, 0.00568911340088, -0.00726372655481, 0.00639878353104, -0.0135405026376, 0.0291382186115, -0.0115040158853, 0.00316840526648, 0.00114730477799], [0.000533590908162, -0.00474053993821, 0.00559433177114, -0.0029323536437, 0.00910005252808, -0.00702801346779, 0.00429756566882, -0.00291913980618, 0.00541685661301, -0.0115040158853, 0.0201195459813, -0.00922827236354, -0.000483683368657], [-0.0001895348978, 0.00378513801843, -0.00555254891515, 0.00286210072227, -0.00638409005478, 0.00721035851166, 0.000794546969701, 0.0020969377365, -0.00377331161872, 0.00316840526648, -0.00922827236354, 0.0235766321421, -0.0051203854382], [0.00100739696063, -0.00182035786565, 0.00290417857468, -0.00302447238937, 0.00369054009207, -0.00165653845761, 8.21278717922e-06, -0.00208565290086, 0.00233320845291, 0.00114730477799, -0.000483683368657, -0.0051203854382, 0.0201092287898]]
    },
    "melbands": {
        "max": [0.00212060986087, 0.00438285013661, 0.00245140027255, 0.00595120806247, 0.00591351650655, 0.00794225558639, 0.00524157565087, 0.00382511131465, 0.00697082420811, 0.00574238086119, 0.00565514201298, 0.00379329291172, 0.00234571844339, 0.00152875203639, 0.00170815980528, 0.00146544713061, 0.00214012013748, 0.00121767167002, 0.00107512716204, 0.00066223234171, 0.000406391889555, 0.000415052549215, 0.0003294707858, 0.00028004811611, 0.000585295667406, 0.000261892360868, 0.000221941372729, 0.00025237063528, 0.000223411407205, 0.000249623146374, 6.26950059086e-05, 5.87104514125e-05, 5.94231969444e-05, 8.24305679998e-05, 7.89513796917e-05, 0.000103053498606, 9.04796397663e-05, 0.000105803141196, 6.71030502417e-05, 4.21131990151e-05],
        "mean": [0.000101730918686, 0.000204978627153, 0.000178926915396, 0.000279023195617, 0.000271782831987, 0.000490657286718, 0.0004208641476, 0.000214589163079, 0.000230775651289, 0.000280486157862, 0.000343414198142, 0.000181092822459, 0.000120077558677, 0.000122461889987, 0.000109017477371, 6.57765413052e-05, 8.86536581675e-05, 7.55767541705e-05, 6.92718094797e-05, 5.29089193151e-05, 3.91454996134e-05, 4.21639160777e-05, 3.12643605866e-05, 3.35982877004e-05, 4.8948564654e-05, 3.20574217767e-05, 2.96104262816e-05, 3.32601157425e-05, 2.99608054775e-05, 1.71685805981e-05, 7.54169514039e-06, 6.21565231995e-06, 5.30161969436e-06, 5.16011368745e-06, 4.81454935652e-06, 4.25092684964e-06, 5.35407889402e-06, 4.11021528635e-06, 2.54496944763e-06, 1.62291769357e-06],
        "min": [3.46446341837e-07, 1.2113096659e-07, 2.04472243581e-07, 3.8212769482e-07, 5.69628696212e-07, 7.65914649037e-07, 3.09900400453e-07, 1.23637732941e-06, 1.64546474934e-06, 9.44444934703e-07, 1.27117334614e-06, 2.22712378672e-06, 1.03650438632e-06, 2.44233456215e-06, 2.03504100682e-06, 4.12376181202e-07, 5.60881289857e-07, 2.25926601161e-06, 2.17168349081e-06, 2.12511667996e-06, 5.47794059003e-07, 7.05707350335e-07, 7.66371272221e-07, 2.69679958365e-07, 5.82791983561e-07, 1.12166128474e-06, 1.3059648154e-06, 1.0812786968e-06, 3.35527886364e-07, 1.65452661349e-07, 7.12411463155e-08, 4.01808790684e-08, 4.81944937292e-08, 3.64726950863e-08, 2.75082943091e-08, 3.39934587146e-08, 3.34538512448e-08, 5.41889200179e-08, 1.29620296718e-08, 1.67807073792e-10],
        "stdev": [0.000181042807526, 0.000353231240297, 0.000229911267525, 0.000420297816163, 0.000461076066131, 0.000733744876925, 0.000624314940069, 0.000367174769053, 0.000454301916761, 0.000564400746953, 0.000584721914493, 0.000340065918863, 0.000239460350713, 0.000194083128008, 0.000164708486409, 0.000123875128338, 0.000151323110913, 0.000130060157971, 9.10734888748e-05, 5.51386474399e-05, 4.23328165198e-05, 4.76629757031e-05, 2.95213885693e-05, 2.77648923657e-05, 5.05655152665e-05, 2.96355610772e-05, 2.70717628155e-05, 3.18245802191e-05, 2.83458193735e-05, 1.88396716112e-05, 6.6102056735e-06, 5.88965031056e-06, 5.50337654204e-06, 6.13648671788e-06, 6.04124170422e-06, 6.15509543422e-06, 7.4776294241e-06, 7.37762229619e-06, 5.50276263311e-06, 3.99556802222e-06]
    },
    "melbands128": {
        "max": [0.000289574731141, 0.000815393752418, 0.00282428669743, 0.00650401134044, 0.00596662890166, 0.00289549678564, 0.00220999866724, 0.00226001325063, 0.00769243342802, 0.0100863594562, 0.00292084878311, 0.00350342388265, 0.00832361914217, 0.0118753882125, 0.0147189786658, 0.0107126422226, 0.0129607506096, 0.00683500617743, 0.00940513983369, 0.00688364449888, 0.00403474410996, 0.00443534879014, 0.0105640310794, 0.0108636049554, 0.00732302153483, 0.00884983874857, 0.0146882263944, 0.00905935838819, 0.00849489122629, 0.00645985454321, 0.00535286637023, 0.00519768707454, 0.00301638361998, 0.00600571883842, 0.00290881865658, 0.00328177306801, 0.00365770608187, 0.00365023897029, 0.00155999045819, 0.00216998555698, 0.00305046909489, 0.00284844334237, 0.00368741317652, 0.0034826004412, 0.00354458671063, 0.00185162108392, 0.00188643787988, 0.00197921763174, 0.00275381607935, 0.00130311213434, 0.000792728853412, 0.00169598089997, 0.000342710758559, 0.000931575661525, 0.00102441036142, 0.000965993851423, 0.000315445213346, 0.000287654052954, 0.000464661658043, 0.0010645641014, 0.000387712498195, 0.000256709026871, 0.000972391222604, 0.000813574704807, 0.00078049354488, 0.000613502343185, 0.000337633129675, 0.000383275328204, 0.000406739447499, 0.000468287442345, 0.000293013930786, 0.000745268247556, 0.000547738804016, 0.00039379161899, 0.00031304397271, 0.000621546001639, 0.000183191878023, 9.4623901532e-05, 9.32146576815e-05, 9.46378277149e-05, 6.78553551552e-05, 7.56441659178e-05, 5.61207307328e-05, 8.66838236107e-05, 0.000105353421532, 8.34813763504e-05, 7.42427146179e-05, 0.000141052063555, 8.65091205924e-05, 7.39228271414e-05, 8.73859535204e-05, 0.000144397927215, 0.000160783572937, 9.91971246549e-05, 0.000109355220047, 0.000106916675577, 0.000156819951371, 9.78364842013e-05, 8.18832631921e-05, 6.11775685684e-05, 6.3992862124e-05, 4.67257013952e-05, 5.07326149091e-05, 4.27100458182e-05, 3.52248098352e-05, 6.41130754957e-05, 5.17690132256e-05, 3.22219275404e-05, 1.09512620838e-05, 8.061076187e-06, 6.14482087258e-06, 3.44478007719e-06, 5.25496079717e-06, 5.70055362914e-06, 2.74557305602e-06, 1.09232473733e-06, 2.65695145885e-08, 4.47610304377e-09, 4.13659595466e-09, 3.95874266701e-09, 3.79984088639e-09, 3.65666075197e-09, 3.53240436901e-09, 3.40205397187e-09, 3.33968230848e-09, 3.27767724073e-09, 3.23511240019e-09, 3.2095328617e-09],
        "mean": [2.35465740843e-05, 5.04577874381e-05, 0.00010770791414, 0.000247171701631, 0.000251552148256, 0.000148130449816, 0.000111223467684, 0.000144203339005, 0.000343828171026, 0.000344726373442, 0.000193719475647, 0.000182101866812, 0.000295736594126, 0.000370577938156, 0.000448773964308, 0.000576199614443, 0.000609576760326, 0.000298555591144, 0.000346504151821, 0.000250770768616, 0.000142863820656, 0.000112905225251, 0.000286502152449, 0.000299637409626, 0.000241253335844, 0.000313840602757, 0.000248280732194, 0.000456648849649, 0.00031147437403, 0.000165409990586, 0.000172133848537, 0.000129614971229, 8.13697770354e-05, 0.000171794177731, 7.28951054043e-05, 0.00012136760779, 0.000173786771484, 0.0001289841166, 5.27760203113e-05, 5.27801057615e-05, 8.92943426152e-05, 4.73545442219e-05, 8.44673413667e-05, 0.00011353645823, 9.29037196329e-05, 6.47875058348e-05, 6.08840600762e-05, 7.46531150071e-05, 7.08978768671e-05, 5.62788445677e-05, 5.52154015168e-05, 4.96268585266e-05, 1.94678323169e-05, 4.13934649259e-05, 6.75413830322e-05, 4.06666877097e-05, 2.49902277574e-05, 1.90426217159e-05, 3.65924825019e-05, 5.12256556249e-05, 2.32028123719e-05, 2.20542679017e-05, 6.73712711432e-05, 4.9289646995e-05, 3.66740532627e-05, 2.95879308396e-05, 3.23075801134e-05, 2.92367585644e-05, 3.02767293761e-05, 2.668749039e-05, 2.79296637018e-05, 4.29707361036e-05, 3.67461288988e-05, 2.41673878918e-05, 2.67234918283e-05, 2.18246059376e-05, 1.06505049189e-05, 7.85469455877e-06, 7.48539332562e-06, 6.77200159771e-06, 6.52543758406e-06, 6.16295346845e-06, 5.01340900882e-06, 5.03215142089e-06, 5.8154864746e-06, 5.1498918765e-06, 5.13814802616e-06, 4.78248512081e-06, 5.14324756296e-06, 4.47175352747e-06, 3.95052393287e-06, 3.70831480723e-06, 5.61241085961e-06, 5.51255197934e-06, 5.46482351638e-06, 4.4560670176e-06, 4.09409312851e-06, 3.07517029796e-06, 2.72165152637e-06, 2.09797553907e-06, 1.92971833712e-06, 1.56941996465e-06, 1.23810366404e-06, 1.17345973649e-06, 1.07152766304e-06, 9.48056992911e-07, 8.39933875341e-07, 5.84139627335e-07, 4.70736495117e-07, 3.54594391183e-07, 2.5481801913e-07, 1.87382298122e-07, 1.86872242125e-07, 1.59335741046e-07, 9.04204213725e-08, 2.09226307391e-08, 3.24915871985e-10, 1.13638265464e-11, 1.07921258735e-11, 1.0435999287e-11, 1.00915014192e-11, 9.82366792079e-12, 9.62843346719e-12, 9.36598194834e-12, 9.0377809403e-12, 8.54078873597e-12, 8.26594348524e-12, 8.18617916509e-12],
        "min": [3.44112009998e-08, 1.88665339351e-07, 2.33797209148e-07, 2.40474435032e-07, 1.11700416028e-07, 2.11730686317e-08, 5.69053852928e-08, 2.41626338493e-07, 2.90690138627e-07, 4.58395277292e-07, 2.56866030668e-07, 2.72885046115e-07, 6.00418445629e-07, 9.99141775537e-07, 9.52325819981e-07, 5.77448872718e-07, 2.69553254384e-07, 2.16751047333e-07, 3.28061162236e-07, 2.39784668565e-07, 1.21835455502e-07, 1.19827916478e-07, 8.49320997531e-07, 9.59869908002e-07, 6.30409317637e-07, 2.74029417824e-07, 1.34673399543e-07, 4.33638604136e-07, 5.15172132509e-07, 2.86130074301e-07, 4.34156731899e-07, 4.53064416206e-07, 4.94780522331e-07, 2.2334819505e-07, 3.36334494477e-07, 5.29516057668e-07, 1.65209121405e-06, 4.4864418669e-07, 3.59710838893e-07, 3.15699139719e-07, 1.47855629962e-07, 1.86962509474e-07, 1.97534042456e-08, 2.72948454949e-07, 2.74357518038e-07, 1.99274737156e-07, 4.26427845923e-07, 6.38348524262e-07, 6.10209383467e-07, 3.11750852688e-07, 3.76845918026e-07, 1.50979161617e-07, 1.28322227511e-07, 1.73802831682e-07, 2.73878669077e-07, 2.72452069794e-07, 2.51380285476e-08, 3.62957337074e-07, 4.71917985578e-07, 1.98255008854e-07, 3.4455348441e-07, 1.23083111703e-07, 3.79888518864e-07, 5.41772692486e-07, 3.56830724968e-07, 6.28582142781e-07, 2.90825568072e-07, 6.02167688157e-07, 6.18964349997e-07, 8.11730387795e-07, 5.11410007675e-07, 4.2685027779e-07, 2.27069563152e-07, 3.71536373223e-07, 3.08402178462e-07, 1.37741707817e-07, 4.76895998247e-08, 6.93703441357e-08, 7.81616407153e-08, 8.0971666705e-08, 4.0622154529e-08, 2.72014997194e-08, 1.59746615935e-08, 7.13750978321e-08, 5.98701532795e-08, 1.17144702827e-08, 3.93670163135e-08, 5.84428896389e-08, 1.44544669567e-08, 9.75216796206e-09, 5.03905717153e-08, 2.70593822904e-08, 3.84346563465e-08, 1.03758139858e-08, 3.37502079617e-08, 1.06224426588e-07, 3.53131390796e-08, 2.68808335591e-08, 1.0792814642e-08, 9.9644392737e-10, 4.87844868668e-11, 4.17840675254e-12, 6.88612430966e-11, 3.90985777088e-09, 1.95331373298e-09, 8.98714436204e-09, 1.35151478897e-09, 1.41561928846e-09, 8.62777571609e-10, 4.29460876583e-11, 1.65064253932e-10, 1.08151099187e-09, 1.38916045334e-10, 1.4637160841e-12, 5.99566837151e-13, 4.47512225844e-13, 4.70370433141e-13, 4.43119201271e-13, 5.10188733708e-13, 3.39173594809e-13, 4.21686801146e-13, 3.76027524005e-13, 4.33775465634e-13, 4.00880771721e-13, 3.23260461368e-13, 1.23925392517e-13, 1.54650377655e-14, 5.40452866007e-16],
        "stdev": [2.88441551675e-05, 8.46627081046e-05, 0.000216948785237, 0.000522994319908, 0.000469422113383, 0.000247969175689, 0.000176199857378, 0.000209006859222, 0.000595782534219, 0.000640176760498, 0.000283378671156, 0.00033806625288, 0.00068788707722, 0.000701088574715, 0.00106612138916, 0.00104934256524, 0.00119785824791, 0.000643265142571, 0.000908996211365, 0.000575533718802, 0.000283294823021, 0.000276407168712, 0.000719530216884, 0.000687719322741, 0.000677330477629, 0.000926999957301, 0.000730266154278, 0.000967499916442, 0.000787405995652, 0.000525697076228, 0.000435498688603, 0.000348428671714, 0.00027384707937, 0.000485408148961, 0.000216336600715, 0.000298980419757, 0.000342315062881, 0.000270565942628, 0.000123900608742, 0.000144116798765, 0.000216217827983, 0.000161489646416, 0.00021633504366, 0.000232532198424, 0.00029400063795, 0.000150744584971, 0.000151813495904, 0.000143389319419, 0.000128346335259, 0.000100647841464, 7.9878809629e-05, 8.82149324752e-05, 2.4500719519e-05, 7.08120787749e-05, 0.000108213731437, 7.22083859728e-05, 3.21207626257e-05, 2.51456913247e-05, 4.58651702502e-05, 7.57830202929e-05, 2.76798764389e-05, 2.71409953712e-05, 9.29118468775e-05, 6.86269704602e-05, 5.85988382227e-05, 4.65787816211e-05, 4.22553785029e-05, 3.97514304495e-05, 4.07317638746e-05, 3.84096856578e-05, 3.67983084288e-05, 6.56612464809e-05, 5.50300392206e-05, 3.47535096807e-05, 4.09332533309e-05, 3.64203115168e-05, 1.49416564454e-05, 8.59054853208e-06, 8.04262981546e-06, 7.49476475903e-06, 7.40920222597e-06, 7.27132282918e-06, 5.26032681591e-06, 6.11729637967e-06, 7.77664536145e-06, 7.07400795363e-06, 6.53603547107e-06, 7.40176938052e-06, 6.99926249581e-06, 6.31329930911e-06, 5.53079917154e-06, 6.54443965686e-06, 1.01005143733e-05, 8.46122293297e-06, 7.75103762862e-06, 7.29109888198e-06, 9.12378163775e-06, 7.22193772162e-06, 6.26845758234e-06, 4.77927915199e-06, 5.2750579016e-06, 3.96477207687e-06, 3.52132337866e-06, 3.34086621478e-06, 3.00223791783e-06, 3.15978854815e-06, 2.42776718551e-06, 1.50331834448e-06, 9.82436858976e-07, 6.69412202114e-07, 4.65040898234e-07, 3.32695634597e-07, 3.76582391937e-07, 3.50756209855e-07, 2.26738478659e-07, 7.67297549942e-08, 1.59958324364e-09, 1.5860462943e-10, 1.5004832099e-10, 1.44784656486e-10, 1.39916814246e-10, 1.35466929341e-10, 1.32099733929e-10, 1.28217450546e-10, 1.26429824943e-10, 1.2428361118e-10, 1.23010573949e-10, 1.22201596064e-10]
    },
    "mfcc": {
        "mean": [-583.914550781, 74.4466629028, -19.4059848785, 12.7832584381, -10.6727342606, -6.96414995193, -3.62541890144, -3.88591814041, -6.87713003159, 4.02756595612, -8.45138835907, 0.276658326387, -4.06977796555],
        "cov": [[623.399169922, -143.980651855, 44.0835151672, 24.468503952, 14.0222167969, 5.17727279663, 7.72601270676, 20.2935695648, 33.6355438232, 1.17891299725, 29.733499527, 9.52975273132, 10.0612859726], [-143.980651855, 307.539093018, -2.2928185463, 56.7645072937, 11.6755743027, 5.38069486618, -19.241809845, 5.52452754974, -16.5109558105, -0.587133169174, -19.9801082611, -12.1847057343, -13.1159763336], [44.0835151672, -2.2928185463, 291.247070312, 42.6142425537, 117.051460266, 14.9583940506, -92.048576355, 9.79278278351, -14.0689897537, -39.1131515503, 14.0844583511, 1.94681990147, 18.2849597931], [24.468503952, 56.7645072937, 42.6142425537, 155.397857666, 60.5734558105, 9.55150604248, -48.7102661133, 12.590177536, 19.0981712341, -9.20931339264, -10.7220373154, 4.69151353836, 3.98552465439], [14.0222167969, 11.6755743027, 117.051460266, 60.5734558105, 159.451065063, 32.0464630127, -78.677192688, 3.37183427811, -9.87773418427, -33.2490196228, 10.0687332153, -12.2365427017, 10.689166069], [5.17727279663, 5.38069486618, 14.9583940506, 9.55150604248, 32.0464630127, 113.477722168, 56.1317672729, 10.8643436432, 1.88404071331, 5.33892631531, 5.82507610321, -26.0805110931, -18.6013374329], [7.72601270676, -19.241809845, -92.048576355, -48.7102661133, -78.677192688, 56.1317672729, 222.322433472, 23.862279892, 24.7271823883, 40.2579879761, -3.8926460743, -26.3682765961, -30.3052005768], [20.2935695648, 5.52452754974, 9.79278278351, 12.590177536, 3.37183427811, 10.8643436432, 23.862279892, 68.8715591431, 28.8222637177, 5.21054887772, 4.22009325027, -5.8974981308, -5.69791078568], [33.6355438232, -16.5109558105, -14.0689897537, 19.0981712341, -9.87773418427, 1.88404071331, 24.7271823883, 28.8222637177, 96.2395172119, 33.8055038452, 12.8134937286, -5.40485095978, -13.5599250793], [1.17891299725, -0.587133169174, -39.1131515503, -9.20931339264, -33.2490196228, 5.33892631531, 40.2579879761, 5.21054887772, 33.8055038452, 78.0718154907, 6.98853302002, 4.3293800354, -19.5400028229], [29.733499527, -19.9801082611, 14.0844583511, -10.7220373154, 10.0687332153, 5.82507610321, -3.8926460743, 4.22009325027, 12.8134937286, 6.98853302002, 72.1594772339, 16.1139888763, 9.5036611557], [9.52975273132, -12.1847057343, 1.94681990147, 4.69151353836, -12.2365427017, -26.0805110931, -26.3682765961, -5.8974981308, -5.40485095978, 4.3293800354, 16.1139888763, 91.1005554199, 37.6688041687], [10.0612859726, -13.1159763336, 18.2849597931, 3.98552465439, 10.689166069, -18.6013374329, -30.3052005768, -5.69791078568, -13.5599250793, -19.5400028229, 9.5036611557, 37.6688041687, 76.6125335693]],
        "icov": [[0.00191867083777, 0.0009631710127, -0.000267412309768, -0.000687911582645, 0.000180703093065, 4.99116395076e-05, -0.000159143964993, -0.000325826113112, -0.000203908493859, 6.05513523624e-05, -0.000565583526623, 5.21397560078e-05, -6.38714627712e-05], [0.0009631710127, 0.00418688775972, 6.42453960609e-05, -0.00191025482491, 0.000417891220422, -7.85615629866e-05, 0.000274842575891, -0.000790731690358, 0.0012485566549, -0.000545776740182, 0.000132833898533, 0.000502431183122, 0.000465144170448], [-0.000267412309768, 6.42453960609e-05, 0.00522748893127, 0.000248811295023, -0.0030622293707, -0.000402212230256, 0.00114931026474, -0.00109196593985, 0.000295668723993, 0.000749137019739, -0.000321109138895, -0.000275321042864, -9.28523732e-05], [-0.000687911582645, -0.00191025482491, 0.000248811295023, 0.00955502130091, -0.0031230491586, -0.000929949164856, 0.00134834984783, -0.000676115392707, -0.00300918100402, 0.00049273786135, 0.00261168624274, -0.00168246845715, -3.79803805117e-06], [0.000180703093065, 0.000417891220422, -0.0030622293707, -0.0031230491586, 0.0130999600515, -0.00442803977057, 0.00363449449651, -0.000350063462975, 0.000403607467888, 0.00171266961843, -0.0017296699807, 0.00246210582554, -0.00103783165105], [4.99116395076e-05, -7.85615629866e-05, -0.000402212230256, -0.000929949164856, -0.00442803977057, 0.0133725767955, -0.00496595120057, -0.000156830530614, 0.00147619168274, -0.000759624235798, -0.00156664557289, 0.00161539984401, 0.00148060603533], [-0.000159143964993, 0.000274842575891, 0.00114931026474, 0.00134834984783, 0.00363449449651, -0.00496595120057, 0.00859492551535, -0.00235959794372, -0.000478311616462, -0.00154774088878, 0.000553629593924, 0.00128543388564, 5.49408432562e-05], [-0.000325826113112, -0.000790731690358, -0.00109196593985, -0.000676115392707, -0.000350063462975, -0.000156830530614, -0.00235959794372, 0.0179699789733, -0.00537339691073, 0.00163998443168, -0.000305860885419, -2.2939808332e-05, 0.000133522218675], [-0.000203908493859, 0.0012485566549, 0.000295668723993, -0.00300918100402, 0.000403607467888, 0.00147619168274, -0.000478311616462, -0.00537339691073, 0.0157233290374, -0.0059823198244, -0.00265605328605, 0.00168439524714, 0.000798206601758], [6.05513523624e-05, -0.000545776740182, 0.000749137019739, 0.00049273786135, 0.00171266961843, -0.000759624235798, -0.00154774088878, 0.00163998443168, -0.0059823198244, 0.0186341386288, -0.00118328246754, -0.00321944081225, 0.00420404830948], [-0.000565583526623, 0.000132833898533, -0.000321109138895, 0.00261168624274, -0.0017296699807, -0.00156664557289, 0.000553629593924, -0.000305860885419, -0.00265605328605, -0.00118328246754, 0.0164309479296, -0.0031079465989, -0.00118702987675], [5.21397560078e-05, 0.000502431183122, -0.000275321042864, -0.00168246845715, 0.00246210582554, 0.00161539984401, 0.00128543388564, -2.2939808332e-05, 0.00168439524714, -0.00321944081225, -0.0031079465989, 0.0161022599787, -0.00726673752069], [-6.38714627712e-05, 0.000465144170448, -9.28523732e-05, -3.79803805117e-06, -0.00103783165105, 0.00148060603533, 5.49408432562e-05, 0.000133522218675, 0.000798206601758, 0.00420404830948, -0.00118702987675, -0.00726673752069, 0.0186326969415]]
    },
    "spectral_contrast_coeffs": {
        "max": [-0.438504636288, -0.528324604034, -0.499287068844, -0.60681951046, -0.646177530289, -0.648789942265],
        "mean": [-0.70958006382, -0.730313420296, -0.718490719795, -0.75906920433, -0.763949394226, -0.748023986816],
        "min": [-0.866364836693, -0.908905684948, -0.893534362316, -0.868554294109, -0.863104581833, -0.907293021679],
        "stdev": [0.0666352137923, 0.0681147277355, 0.0628816783428, 0.0403489619493, 0.033201161772, 0.0300464536995]
    },
    "spectral_contrast_valleys": {
        "max": [-5.46888923645, -5.20673704147, -5.7844786644, -6.18170261383, -5.80722999573, -7.54655075073],
        "mean": [-7.21809530258, -6.52672052383, -7.07382488251, -7.16338348389, -6.66569375992, -9.35370063782],
        "min": [-9.39083576202, -8.23439025879, -8.21342849731, -8.53221988678, -7.82926797867, -10.6118717194],
        "stdev": [0.574951529503, 0.422638773918, 0.399512678385, 0.327949136496, 0.32262596488, 0.514803290367]
    }
},
"rhythm": {
    "beats_count": 65,
    "beats_loudness": {
        "max": 0.0476439110935,
        "mean": 0.0241052862257,
        "min": 0.0103744454682,
        "stdev": 0.00737198907882
    },
    "bpm": 121.021484375,
    "bpm_histogram_first_peak_bpm": 120,
    "bpm_histogram_first_peak_weight": 0.571428537369,
    "bpm_histogram_second_peak_bpm": 126,
    "bpm_histogram_second_peak_spread": 0,
    "bpm_histogram_second_peak_weight": 0.125,
    "danceability": 1.47621655464,
    "onset_rate": 3.04540991783,
    "beats_loudness_band_ratio": {
        "max": [0.586039066315, 0.647063851357, 0.621788442135, 0.544490396976, 0.433959275484, 0.604042887688],
        "mean": [0.149658665061, 0.184887424111, 0.21089245379, 0.18008440733, 0.175500586629, 0.186800554395],
        "min": [0.0020106639713, 0.014625438489, 0.0305792987347, 0.0295977238566, 0.0272973887622, 0.0235655438155],
        "stdev": [0.113045349717, 0.137889623642, 0.134072348475, 0.125508159399, 0.0779742002487, 0.10216409713]
    },
    "beats_position": [0.487619042397, 0.986848056316, 1.48607707024, 1.99691605568, 2.50775504112, 3.01859402657, 3.52943301201, 4.04027223587, 4.53950119019, 5.0387301445, 5.52634906769, 6.03718805313, 6.53641700745, 7.02403593063, 7.50004529953, 7.98766422272, 8.47528362274, 8.95129203796, 9.43891143799, 9.92653083801, 10.4141492844, 10.9017686844, 11.3777770996, 11.8537864685, 12.3530158997, 12.8638544083, 13.3514738083, 13.8507022858, 14.3499317169, 14.8375511169, 15.3367795944, 15.8243989944, 16.3236274719, 16.8228569031, 17.3220863342, 17.8097057343, 18.2973232269, 18.7733325958, 19.272562027, 19.760181427, 20.2594108582, 20.758638382, 21.2346477509, 21.7106571198, 22.1982765198, 22.6858959198, 23.1851234436, 23.6843528748, 24.195192337, 24.6828117371, 25.1820411682, 25.6580486298, 26.1456680298, 26.6332874298, 27.132516861, 27.620136261, 28.1077537537, 28.6069831848, 29.0946025848, 29.5822219849, 30.0698413849, 30.5690689087, 31.0682983398, 31.567527771, 32.0667572021],
