{
"metadata": {
    "version": {
        "essentia": "2.1-beta5",
        "essentia_git_sha": "Undefined",
        "extractor": "music 2.0"
    },
    "audio_properties": {
        "analysis": {
            "equal_loudness": 0,
            "length": 29.9421310425,
            "sample_rate": 44100,
            "start_time": 158.998641968,
            "downmix": "mix"
        },
        "bit_rate": 192000,
        "length": 188.964004517,
        "lossless": 0,
        "number_channels": 2,
        "replay_gain": -1.17846679688,
        "sample_rate": 48000,
        "codec": "mp3",
        "md5_encoded": "072bffa32e73ba0ee9b05971b56af7fa"
    },
    "tags": {
        "file_name": "Sweden_I Morgon är En Annan Dag_Christer Björkman.mp3",
        "encoding": ["Lavf58.29.100"]
    }
},
"lowlevel": {
    "average_loudness": 0.785470187664,
    "barkbands_crest": {
        "max": 20.2416915894,
        "mean": 7.87146234512,
        "min": 2.86187887192,
        "stdev": 2.96373796463
    },
    "barkbands_flatness_db": {
        "max": 0.26277333498,
        "mean": 0.150331839919,
        "min": 0.0495169535279,
        "stdev": 0.0404758006334
    },
    "barkbands_kurtosis": {
        "max": 10.0973653793,
        "mean": 0.620523154736,
        "min": -1.59167361259,
        "stdev": 1.62482762337
    },
    "barkbands_skewness": {
        "max": 2.67158341408,
        "mean": 0.675737977028,
        "min": -0.880992650986,
        "stdev": 0.535107433796
    },
    "barkbands_spread": {
        "max": 59.5639915466,
        "mean": 16.4861049652,
        "min": 3.33794951439,
        "stdev": 9.08827495575
    },
    "dissonance": {
        "max": 0.499999791384,
        "mean": 0.465888947248,
        "min": 0.315876662731,
        "stdev": 0.0284519921988
    },
    "dynamic_complexity": 2.90104484558,
    "erbbands_crest": {
        "max": 26.2868328094,
        "mean": 9.35812282562,
        "min": 3.2080578804,
        "stdev": 4.11400032043
    },
    "erbbands_flatness_db": {
        "max": 0.340612441301,
        "mean": 0.219466134906,
        "min": 0.0989661738276,
        "stdev": 0.047086764127
    },
    "erbbands_kurtosis": {
        "max": 9.47898769379,
        "mean": 0.491028815508,
        "min": -1.63918364048,
        "stdev": 1.52101802826
    },
    "erbbands_skewness": {
        "max": 2.53038358688,
        "mean": 0.342947423458,
        "min": -1.6422560215,
        "stdev": 0.614301502705
    },
    "erbbands_spread": {
        "max": 71.4010772705,
        "mean": 23.2142486572,
        "min": 5.732858181,
        "stdev": 11.4454708099
    },
    "hfc": {
        "max": 94.6827392578,
        "mean": 23.9579410553,
        "min": 0.500901222229,
        "stdev": 19.3778915405
    },
    "loudness_ebu128": {
        "integrated": -23.414937973,
        "loudness_range": 9.09193229675,
        "momentary": {
            "max": -19.0624046326,
            "mean": -24.6461639404,
            "min": -32.7043914795,
            "stdev": 3.6093943119
        },
        "short_term": {
            "max": -20.4420433044,
            "mean": -24.5289878845,
            "min": -30.8578643799,
            "stdev": 3.25567722321
        }
    },
    "melbands_crest": {
        "max": 27.6290016174,
        "mean": 10.1202325821,
        "min": 3.33034038544,
        "stdev": 3.94320464134
    },
    "melbands_flatness_db": {
        "max": 0.296595782042,
        "mean": 0.153712406754,
        "min": 0.0329413339496,
        "stdev": 0.0502756126225
    },
    "melbands_kurtosis": {
        "max": 20.2418823242,
        "mean": 2.29154729843,
        "min": -1.47374343872,
        "stdev": 2.57232189178
    },
    "melbands_skewness": {
        "max": 3.62634420395,
        "mean": 1.1166216135,
        "min": -0.442180097103,
        "stdev": 0.600506782532
    },
    "melbands_spread": {
        "max": 117.495452881,
        "mean": 26.0006904602,
        "min": 5.07046794891,
        "stdev": 14.5032730103
    },
    "pitch_salience": {
        "max": 0.856822252274,
        "mean": 0.639833033085,
        "min": 0.345772653818,
        "stdev": 0.0896953493357
    },
    "silence_rate_20dB": {
        "max": 1,
        "mean": 1,
        "min": 1,
        "stdev": 0
    },
    "silence_rate_30dB": {
        "max": 1,
        "mean": 1,
        "min": 1,
        "stdev": 0
    },
    "silence_rate_60dB": {
        "max": 1,
        "mean": 0.0395042598248,
        "min": 0,
        "stdev": 0.194790929556
    },
    "spectral_centroid": {
        "max": 3483.29833984,
        "mean": 1635.94848633,
        "min": 457.833618164,
        "stdev": 605.895202637
    },
    "spectral_complexity": {
        "max": 54,
        "mean": 22.8427581787,
        "min": 0,
        "stdev": 9.38607311249
    },
    "spectral_decrease": {
        "max": -5.81583219084e-11,
        "mean": -4.09632683329e-09,
        "min": -1.57128123845e-08,
        "stdev": 2.88929635772e-09
    },
    "spectral_energy": {
        "max": 0.0662322044373,
        "mean": 0.0176335312426,
        "min": 0.000264936097665,
        "stdev": 0.0125075373799
    },
    "spectral_energyband_high": {
        "max": 0.00946558453143,
        "mean": 0.000627507164609,
        "min": 2.97874748867e-06,
        "stdev": 0.000963700236753
    },
    "spectral_energyband_low": {
        "max": 0.00832823477685,
        "mean": 0.00033046407043,
        "min": 4.18088916376e-07,
        "stdev": 0.000779651047196
    },
    "spectral_energyband_middle_high": {
        "max": 0.0638962909579,
        "mean": 0.010384503752,
        "min": 0.000240550201852,
        "stdev": 0.0109015423805
    },
    "spectral_energyband_middle_low": {
        "max": 0.0374536961317,
        "mean": 0.00650927098468,
        "min": 1.93410505744e-05,
        "stdev": 0.00556112919003
    },
    "spectral_entropy": {
        "max": 8.45252132416,
        "mean": 7.53677272797,
        "min": 6.53030443192,
        "stdev": 0.335669726133
    },
    "spectral_flux": {
        "max": 0.175394743681,
        "mean": 0.0657329410315,
        "min": 0.0120796728879,
        "stdev": 0.0337441600859
    },
    "spectral_kurtosis": {
        "max": 22.6949520111,
        "mean": 5.65651416779,
        "min": 0.24067902565,
        "stdev": 3.46297049522
    },
    "spectral_rms": {
        "max": 0.00803845655173,
        "mean": 0.00388978002593,
        "min": 0.000508403638378,
        "stdev": 0.00143981946167
    },
    "spectral_rolloff": {
        "max": 9151.61132812,
        "mean": 2073.24243164,
        "min": 516.796875,
        "stdev": 987.325622559
    },
    "spectral_skewness": {
        "max": 3.7082221508,
        "mean": 1.68381690979,
        "min": 0.496560096741,
        "stdev": 0.518266022205
    },
    "spectral_spread": {
        "max": 7471056.5,
        "mean": 3522291.5,
        "min": 2001817.5,
        "stdev": 938102.25
    },
    "spectral_strongpeak": {
        "max": 12.6925935745,
        "mean": 1.70289063454,
        "min": 0.0371538102627,
        "stdev": 1.50171208382
    },
    "zerocrossingrate": {
        "max": 0.24267578125,
        "mean": 0.0723654776812,
        "min": 0.0234375,
        "stdev": 0.0268618408591
    },
    "barkbands": {
        "max": [0.0002786545665, 0.00498627731577, 0.00479412451386, 0.00524740340188, 0.0127011584118, 0.00993836298585, 0.0194203816354, 0.0173955820501, 0.0201597698033, 0.0269924998283, 0.0465736165643, 0.0369879715145, 0.0169476363808, 0.0212938711047, 0.0102384043857, 0.0112765375525, 0.0105551769957, 0.00621872209013, 0.00919914245605, 0.00250539882109, 0.00414801714942, 0.00215875357389, 0.00212849932723, 0.00314930826426, 0.00187577994075, 0.000337074219715, 4.84538986711e-08],
        "mean": [5.98913311478e-06, 0.000123569392599, 0.000120228105516, 0.000175862718606, 0.00102577242069, 0.000656391785014, 0.00135225907434, 0.0014867981663, 0.00154095713515, 0.00167518493254, 0.00142278021667, 0.00207118084654, 0.0007951905136, 0.000830925011542, 0.000678963027894, 0.000818811298814, 0.000900006154552, 0.000652899034321, 0.000552370678633, 0.000192421008251, 0.00022039754549, 0.00014512873895, 7.52084088163e-05, 5.67128845432e-05, 4.72550782433e-05, 1.02818785308e-05, 8.12397260574e-10],
        "min": [6.59877597009e-10, 2.24295231277e-08, 1.20823138161e-08, 1.42238661738e-07, 1.31303841044e-06, 1.60325430443e-06, 4.03401543281e-07, 2.09845183008e-07, 1.15187976917e-05, 2.43927524934e-06, 1.84998464192e-06, 9.01925159269e-06, 2.67904829343e-06, 1.48073786477e-06, 1.11779877443e-06, 4.16983283458e-07, 1.27602345401e-06, 1.34660922413e-06, 9.00062332221e-07, 3.83003651905e-07, 7.62827937706e-07, 3.15975881904e-07, 2.67058766212e-07, 3.13184131073e-07, 1.07293381291e-07, 1.26128732458e-10, 1.13456403994e-10],
        "stdev": [2.15672334889e-05, 0.000410018052207, 0.00034219387453, 0.000326300098095, 0.00144382601138, 0.00092973804567, 0.00227185105905, 0.00226423377171, 0.00217762892134, 0.00307986745611, 0.00412382278591, 0.0037268102169, 0.00128842832055, 0.00156349735335, 0.0010237499373, 0.00117696949746, 0.00134077656548, 0.000854912330396, 0.000848261523061, 0.000256882543908, 0.000382394704502, 0.000229043318541, 0.000143947370816, 0.000160073730513, 0.000113520487503, 2.6762332709e-05, 1.76815995179e-09]
    },
    "erbbands": {
        "max": [0.157343775034, 1.11692643166, 4.68956136703, 8.75513267517, 32.4436302185, 63.3113288879, 78.0963058472, 96.8810119629, 261.495574951, 312.343322754, 437.845306396, 483.696380615, 930.148498535, 599.543701172, 2081.95043945, 1538.57543945, 600.82824707, 810.212280273, 1216.93493652, 618.260681152, 727.78515625, 657.608276367, 287.887908936, 396.191711426, 211.523513794, 97.5409393311, 223.843261719, 122.1354599, 75.3335494995, 77.0575714111, 52.1405754089, 50.207862854, 54.8900756836, 25.0181827545, 13.7938222885, 3.19887399673, 0.108762986958, 0.00357143883593, 0.000350215763319, 9.8728640296e-05],
        "mean": [0.00350682996213, 0.0295267254114, 0.121183283627, 0.403749316931, 1.64540755749, 4.14210319519, 4.56114912033, 5.77175474167, 15.4973754883, 22.3964004517, 36.7043418884, 37.9132194519, 38.9248008728, 57.662197113, 77.6622924805, 73.57447052, 39.0063056946, 40.533821106, 43.1809234619, 36.3824386597, 46.9396324158, 51.6292076111, 41.3190536499, 27.7265110016, 21.5472602844, 9.99452400208, 9.98089122772, 6.58439874649, 5.33085441589, 3.60373306274, 2.04386711121, 1.3708845377, 0.842554330826, 0.543763816357, 0.329020649195, 0.11012109369, 0.00364298047498, 0.000118589538033, 2.07933862839e-05, 2.41462748818e-05],
        "min": [2.27846408052e-06, 1.66350491781e-05, 0.000103305530502, 0.000756325724069, 0.00210011075251, 0.00443917466328, 0.00644293380901, 0.0151431104168, 0.00888467952609, 0.00296636903659, 0.0203573796898, 0.231947749853, 0.224662154913, 0.235161498189, 0.647403120995, 0.485931694508, 1.16172599792, 0.319104135036, 0.113130301237, 0.100588850677, 0.0428871698678, 0.100585155189, 0.082352489233, 0.0435096025467, 0.0430650822818, 0.0211998969316, 0.024589555338, 0.0264922175556, 0.0144595047459, 0.0102892154828, 0.00718048075214, 0.00641020992771, 0.00466356799006, 0.00148370396346, 0.000761633971706, 0.000113127905934, 4.33176228398e-06, 5.37270295808e-07, 1.0826131529e-06, 5.8622515553e-07],
        "stdev": [0.0121566923335, 0.0970661044121, 0.357176184654, 0.681066453457, 2.50246453285, 6.36979866028, 7.48343610764, 8.02155303955, 26.7859554291, 36.4001541138, 57.0723648071, 53.1850700378, 73.9256362915, 89.2525100708, 179.700012207, 124.955337524, 51.5952033997, 65.1902770996, 86.5914840698, 51.527973175, 67.9416275024, 74.9606933594, 50.4954414368, 38.2216262817, 28.8355464935, 12.7741861343, 18.6409664154, 10.3397836685, 8.07589817047, 6.59382295609, 3.89695692062, 3.17970538139, 2.71214580536, 1.41635406017, 0.768338263035, 0.264623433352, 0.00916056055576, 0.000272870849585, 2.59257631114e-05, 1.76040084625e-05]
    },
    "gfcc": {
        "mean": [-25.210144043, 83.0101928711, -179.16015625, 11.9843864441, -84.305267334, 11.0725746155, -45.1636734009, 9.2062625885, -27.4235839844, -5.67816400528, -10.647854805, -5.51409053802, -4.14553403854],
        "cov": [[3371.7980957, -1567.93212891, -208.040939331, 563.850402832, -173.461959839, -110.788879395, -237.089431763, 303.950958252, -40.3178596497, 251.609176636, -260.567718506, 116.000221252, -123.29322052], [-1567.93212891, 1527.83117676, 881.738647461, -93.2585525513, 55.4507331848, -44.666595459, 120.146514893, -139.852111816, -35.7270545959, -58.8118095398, 155.675369263, -94.336479187, -66.2487335205], [-208.040939331, 881.738647461, 1348.79821777, 266.000335693, -138.318405151, -117.977760315, -108.098815918, -0.308179527521, -145.530990601, 159.634552002, 11.8063459396, -8.13209819794, -235.90133667], [563.850402832, -93.2585525513, 266.000335693, 332.950286865, -16.8114833832, -83.7853469849, -81.3609924316, 57.6929855347, -18.9683055878, 109.872962952, -38.0431861877, 3.67897248268, -54.6794624329], [-173.461959839, 55.4507331848, -138.318405151, -16.8114833832, 144.851425171, 39.6175956726, 43.2725486755, 4.24822759628, 27.5455245972, -28.6395378113, 20.7208251953, 2.67748880386, 50.850440979], [-110.788879395, -44.666595459, -117.977760315, -83.7853469849, 39.6175956726, 180.808929443, 131.689224243, 2.87204408646, 18.158575058, -20.1729431152, 29.8513813019, 8.64862632751, 26.9439659119], [-237.089431763, 120.146514893, -108.098815918, -81.3609924316, 43.2725486755, 131.689224243, 206.736694336, 13.4194860458, 32.6600265503, -44.1637039185, 43.9544143677, 0.988189160824, 45.0577201843], [303.950958252, -139.852111816, -0.308179527521, 57.6929855347, 4.24822759628, 2.87204408646, 13.4194860458, 98.454826355, 30.7751636505, 31.4430179596, -23.7938175201, 24.0104179382, -10.3985290527], [-40.3178596497, -35.7270545959, -145.530990601, -18.9683055878, 27.5455245972, 18.158575058, 32.6600265503, 30.7751636505, 92.7983016968, 2.11547541618, 4.61997365952, -13.1344356537, 33.6905937195], [251.609176636, -58.8118095398, 159.634552002, 109.872962952, -28.6395378113, -20.1729431152, -44.1637039185, 31.4430179596, 2.11547541618, 137.070983887, -8.2687997818, 4.44575834274, -45.8647232056], [-260.567718506, 155.675369263, 11.8063459396, -38.0431861877, 20.7208251953, 29.8513813019, 43.9544143677, -23.7938175201, 4.61997365952, -8.2687997818, 81.3380126953, 3.25007653236, 13.683634758], [116.000221252, -94.336479187, -8.13209819794, 3.67897248268, 2.67748880386, 8.64862632751, 0.988189160824, 24.0104179382, -13.1344356537, 4.44575834274, 3.25007653236, 69.9405136108, 21.8106918335], [-123.29322052, -66.2487335205, -235.90133667, -54.6794624329, 50.850440979, 26.9439659119, 45.0577201843, -10.3985290527, 33.6905937195, -45.8647232056, 13.683634758, 21.8106918335, 99.7960662842]],
        "icov": [[0.0013007489033, 0.000312430609483, 0.000903549487703, -0.00177457148675, 0.00110700388905, -0.000366986176232, 0.000287718256004, -0.00209818780422, 0.00131384818815, -0.000523847236764, 0.00134893460199, -0.0010783552425, 0.00153085100465], [0.000312430609483, 0.0145824560896, -0.0148315764964, 0.00799383036792, -0.0121319545433, 0.0137914195657, -0.0134300431237, 0.0122041963041, -0.0101984972134, 0.00616681016982, -0.0104690641165, 0.0117112630978, -0.00566647015512], [0.000903549487703, -0.0148315764964, 0.0179432053119, -0.0107419164851, 0.0137872826308, -0.0137825524434, 0.0133096389472, -0.0138343712315, 0.012795811519, -0.00741926580667, 0.0112147331238, -0.0141508663073, 0.0108701782301], [-0.00177457148675, 0.00799383036792, -0.0107419164851, 0.0129343122244, -0.00982414837927, 0.0101195080206, -0.00784161034971, 0.00714603811502, -0.00618746969849, 0.00101057754364, -0.00697471154854, 0.00995201058686, -0.00729766488075], [0.00110700388905, -0.0121319545433, 0.0137872826308, -0.00982414837927, 0.0209641698748, -0.0140416650102, 0.0125199286267, -0.0143355978653, 0.00998013094068, -0.00449623074383, 0.00803776830435, -0.0092274164781, 0.00196346896701], [-0.000366986176232, 0.0137914195657, -0.0137825524434, 0.0101195080206, -0.0140416650102, 0.0254963319749, -0.0208664666861, 0.0145534090698, -0.0100767547265, 0.00367705733515, -0.0100569007918, 0.00891176611185, -0.00260142423213], [0.000287718256004, -0.0134300431237, 0.0133096389472, -0.00784161034971, 0.0125199286267, -0.0208664666861, 0.0249381382018, -0.0174473039806, 0.0101212859154, -0.00326943793334, 0.00619666930288, -0.00725991744548, 0.000599656777922], [-0.00209818780422, 0.0122041963041, -0.0138343712315, 0.00714603811502, -0.0143355978653, 0.0145534090698, -0.0174473039806, 0.0366944260895, -0.0219858810306, 0.00550879351795, -0.00485150376335, -0.000700127042364, 0.00257121189497], [0.00131384818815, -0.0101984972134, 0.012795811519, -0.00618746969849, 0.00998013094068, -0.0100767547265, 0.0101212859154, -0.0219858810306, 0.0299891382456, -0.00886969082057, 0.00605188915506, 0.00091780006187, -0.00274624209851], [-0.000523847236764, 0.00616681016982, -0.00741926580667, 0.00101057754364, -0.00449623074383, 0.00367705733515, -0.00326943793334, 0.00550879351795, -0.00886969082057, 0.0156598184258, -0.00683142105117, 0.00376342330128, 0.000116351475299], [0.00134893460199, -0.0104690641165, 0.0112147331238, -0.00697471154854, 0.00803776830435, -0.0100569007918, 0.00619666930288, -0.00485150376335, 0.00605188915506, -0.00683142105117, 0.0269992332906, -0.0140084354207, 0.00689821550623], [-0.0010783552425, 0.0117112630978, -0.0141508663073, 0.00995201058686, -0.0092274164781, 0.00891176611185, -0.00725991744548, -0.000700127042364, 0.00091780006187, 0.00376342330128, -0.0140084354207, 0.0363332442939, -0.0206549223512], [0.00153085100465, -0.00566647015512, 0.0108701782301, -0.00729766488075, 0.00196346896701, -0.00260142423213, 0.000599656777922, 0.00257121189497, -0.00274624209851, 0.000116351475299, 0.00689821550623, -0.0206549223512, 0.0340948887169]]
    },
    "melbands": {
        "max": [0.00136681646109, 0.00201079342514, 0.00231202715077, 0.00344651378691, 0.00218421686441, 0.00201188540086, 0.00402484089136, 0.00318491761573, 0.00356882135384, 0.00266389967874, 0.00473870383576, 0.00290976255201, 0.00751987984404, 0.00481743365526, 0.0018254450988, 0.00218477076851, 0.00157705426682, 0.00263746804558, 0.000753527448978, 0.000700810051057, 0.00105110311415, 0.000757576373871, 0.000576346646994, 0.000258039188338, 0.000374615075998, 0.000341159611708, 0.000147782469867, 8.23301961645e-05, 0.000129168212879, 0.000133327615913, 7.6427066233e-05, 4.39462746726e-05, 5.58983192605e-05, 4.60651208414e-05, 2.86985414277e-05, 2.48450396612e-05, 3.29653630615e-05, 4.17410337832e-05, 3.62607825082e-05, 1.61769512488e-05],
        "mean": [3.36204939231e-05, 5.58413266845e-05, 9.55632131081e-05, 0.000232372796745, 0.000160972354934, 0.00012520722521, 0.000252917874604, 0.00025946192909, 0.000299357954646, 0.000224332208745, 0.000197314991965, 0.000236857609707, 0.000239273838815, 0.000267421535682, 9.85606166068e-05, 8.58656567289e-05, 7.10113818059e-05, 7.22893164493e-05, 4.75398228446e-05, 4.70436098112e-05, 5.68649993511e-05, 5.00227652083e-05, 5.57667772227e-05, 2.46680447162e-05, 2.20678412006e-05, 2.1700076104e-05, 9.7560678114e-06, 5.42823590877e-06, 5.59721456739e-06, 5.65356731386e-06, 3.29452154801e-06, 3.05486400975e-06, 2.65824451162e-06, 1.70686462297e-06, 1.19383014408e-06, 9.66015818449e-07, 7.7492222772e-07, 5.99078134655e-07, 5.16131365202e-07, 4.35461657844e-07],
        "min": [1.69169762643e-08, 8.13228382412e-08, 2.1451791099e-07, 3.01219557741e-07, 2.15324718056e-07, 3.28528784621e-07, 1.2420002804e-07, 2.19340030583e-08, 2.19090281917e-07, 1.56574310495e-06, 1.04566197479e-06, 5.93779304836e-07, 1.40884105804e-06, 1.02322826478e-06, 1.21591676816e-06, 4.12432228813e-07, 1.65250838791e-07, 9.00617607158e-08, 9.22811196347e-08, 1.42893071597e-07, 3.62948071597e-08, 5.60291795182e-08, 6.54185043913e-08, 5.21860918923e-08, 2.64258162019e-08, 3.5089712469e-08, 1.27312285159e-08, 1.05044097864e-08, 1.30466304427e-08, 1.26505144138e-08, 1.15008269574e-08, 6.98540691957e-09, 4.19376311456e-09, 2.98679370125e-09, 3.41969785822e-09, 3.01578784168e-09, 3.49347240025e-09, 3.59837093455e-09, 3.02595642987e-10, 6.00776928206e-10],
        "stdev": [0.00011186615302, 0.000157926013344, 0.000149009298184, 0.000350607908331, 0.000236103820498, 0.00017382662918, 0.000437398295617, 0.000379994104151, 0.000459884380689, 0.000319417973515, 0.000395254872274, 0.000382792466553, 0.000638308702037, 0.000495079904795, 0.000157338246936, 0.00015206898388, 0.000122160257888, 0.000171160427271, 7.2637834819e-05, 7.05146667315e-05, 8.92474345164e-05, 7.96855383669e-05, 7.76893575676e-05, 3.12471674988e-05, 3.40471560776e-05, 3.37254787155e-05, 1.44791101775e-05, 7.52320556785e-06, 1.04396622191e-05, 1.00755187304e-05, 5.46942919755e-06, 4.58589602204e-06, 4.78321862829e-06, 3.24040161104e-06, 2.29176725952e-06, 1.96868973035e-06, 2.0086515633e-06, 1.96915198103e-06, 1.75364687038e-06, 1.0154536767e-06]
    },
    "melbands128": {
        "max": [0.000248142372584, 0.00123837648425, 0.00205839821137, 0.00186203140765, 0.00261016166769, 0.00243805348873, 0.00198114756495, 0.00377768254839, 0.00407719612122, 0.00563373137265, 0.00407458329573, 0.00266424729489, 0.00389230414294, 0.0025092724245, 0.00299178669229, 0.00161268434022, 0.00194238079712, 0.00737804919481, 0.00634757895023, 0.00604418572038, 0.00392015185207, 0.00688803754747, 0.00683477241546, 0.00453819008544, 0.00612951628864, 0.00252679805271, 0.00988889671862, 0.00469915010035, 0.00745907099918, 0.00625183107331, 0.00400799699128, 0.00645627593622, 0.01440784242, 0.00876580644399, 0.0093368338421, 0.00727110076696, 0.00535108661279, 0.00388835789636, 0.00174377742223, 0.00126360508148, 0.00477894488722, 0.00219356524758, 0.00365846208297, 0.00214935513213, 0.0035422728397, 0.00445502437651, 0.00141958077438, 0.00127531017642, 0.000627777539194, 0.00203947513364, 0.00100973749068, 0.00125433900394, 0.00197649234906, 0.00163517403416, 0.00118027930148, 0.00113024236634, 0.000927398563363, 0.00160989502911, 0.000905551656615, 0.000499273126479, 0.000428588245995, 0.000618939811829, 0.000584177032579, 0.000334237964125, 0.00153392006177, 0.000327246554662, 0.000359401426977, 0.000206274708034, 0.000315014476655, 0.000162058073329, 0.000162051306688, 6.08141890552e-05, 6.30855574855e-05, 0.00018257155898, 0.000316718069371, 0.000200275680982, 8.34847960505e-05, 0.000119600692415, 9.3875642051e-05, 8.99084188859e-05, 8.45368413138e-05, 5.06245560246e-05, 6.56631964375e-05, 6.22985462542e-05, 0.000104077167634, 7.47539088479e-05, 3.39378893841e-05, 3.74138908228e-05, 3.13416348945e-05, 3.92774600186e-05, 2.90246680379e-05, 2.28345052165e-05, 4.10211614508e-05, 3.46906235791e-05, 5.02387047163e-05, 5.30550751137e-05, 4.39830801042e-05, 5.23876551597e-05, 4.40783514932e-05, 3.72357062588e-05, 1.5941732272e-05, 1.39721205414e-05, 1.36408834805e-05, 2.25491276069e-05, 1.83325646503e-05, 1.31291408252e-05, 8.44831083668e-06, 1.00654542621e-05, 1.23384079416e-05, 2.46375020652e-06, 2.80235279426e-09, 1.61108335006e-10, 1.63218494276e-10, 1.85179011014e-10, 3.36402156131e-10, 2.37700886752e-10, 2.07316427914e-10, 2.13649584135e-10, 2.16512766049e-10, 2.13292133955e-10, 2.13046510988e-10, 2.0700630099e-10, 2.06348188536e-10, 2.08200900964e-10, 2.02187711018e-10, 2.02119210257e-10, 2.01016606138e-10, 2.00081312629e-10],
        "mean": [4.98969075124e-06, 2.45163209911e-05, 4.94172418257e-05, 4.45680998382e-05, 5.49120668438e-05, 5.96573008806e-05, 7.57061861805e-05, 9.15471464396e-05, 0.000123498393805, 0.000332659052219, 0.000232658625464, 0.000135238471557, 0.000151073138113, 0.000172432512045, 0.000142399803735, 8.1108933955e-05, 0.000124273850815, 0.000374689261662, 0.000280766078504, 0.000238469889155, 0.000221125170356, 0.000375890929718, 0.000298139028018, 0.00022507229005, 0.000325986853568, 0.000139284820762, 0.00019941770006, 0.000147442304296, 0.000254195649177, 0.000327681947965, 0.000176601475687, 0.000166509504197, 0.000303274515318, 0.000180674382136, 0.000363628729247, 0.000280039064819, 0.00015876708494, 7.42065967643e-05, 7.77231398388e-05, 7.94021761976e-05, 9.08123911358e-05, 8.86459820322e-05, 7.98705441412e-05, 4.92999679409e-05, 7.11693573976e-05, 8.6396583356e-05, 6.16089673713e-05, 4.15963295382e-05, 3.80223427783e-05, 6.36752229184e-05, 3.97390103899e-05, 3.87213585782e-05, 7.20822572475e-05, 5.58496140002e-05, 4.35256988567e-05, 5.04224881297e-05, 4.86735189043e-05, 7.3928727943e-05, 5.38864296686e-05, 3.13790442306e-05, 2.23146671487e-05, 2.14337214857e-05, 1.38563946166e-05, 1.89586316992e-05, 4.31896187365e-05, 1.78177415364e-05, 1.5159911527e-05, 1.03831916931e-05, 8.52796893014e-06, 8.73763201525e-06, 6.236887657e-06, 3.02433272736e-06, 3.18532761412e-06, 6.06665389569e-06, 8.91025774763e-06, 6.12772464592e-06, 3.93813479604e-06, 3.86689589504e-06, 3.02290163745e-06, 3.05248181576e-06, 3.13481086778e-06, 2.8942258723e-06, 3.26542613038e-06, 2.46280683314e-06, 2.52209088103e-06, 1.8537627966e-06, 1.47056948663e-06, 1.26298516534e-06, 1.18561069939e-06, 1.15486216146e-06, 1.0016218539e-06, 8.67812843808e-07, 9.84302118923e-07, 7.52222661049e-07, 7.00695693467e-07, 6.13457189047e-07, 6.115297424e-07, 5.09245694502e-07, 5.4893325796e-07, 4.88314981339e-07, 4.69379187962e-07, 4.3617021106e-07, 3.87488398701e-07, 3.62328137271e-07, 4.09798616374e-07, 3.8369938693e-07, 2.89825095479e-07, 2.55966995155e-07, 2.87805988819e-07, 4.7520089197e-08, 1.67131222056e-11, 4.68738155929e-12, 4.62485908945e-12, 4.42666910072e-12, 4.42967797859e-12, 4.25996651149e-12, 3.98634640922e-12, 3.82400404744e-12, 3.77056805917e-12, 3.65333414562e-12, 3.55185542436e-12, 3.49009124552e-12, 3.45287275334e-12, 3.37239806393e-12, 3.1533040068e-12, 2.80550691185e-12, 2.61620759778e-12, 2.57781383045e-12],
        "min": [3.94354861266e-11, 3.43696271443e-09, 6.93677382202e-09, 2.25102092521e-09, 5.42361844325e-09, 6.23087981211e-09, 2.62695749598e-08, 4.93178688998e-08, 5.32463815262e-08, 1.30243932972e-07, 1.26452022187e-07, 1.5300463474e-07, 1.56303798349e-07, 3.07918838871e-07, 1.96710089995e-07, 1.30622282768e-07, 1.781379666e-07, 8.97275995726e-08, 4.99787056185e-08, 2.24321112796e-08, 7.00787516905e-09, 1.70956671042e-08, 1.58214106705e-07, 4.70891734494e-07, 7.06876051026e-07, 4.43197450295e-07, 6.4162655633e-08, 1.36077161983e-07, 7.1741176555e-08, 1.3027465684e-07, 6.66955770612e-08, 3.08218801592e-07, 1.99653086952e-07, 2.26894627531e-07, 5.51259915937e-07, 2.81022437321e-07, 1.49024927509e-07, 1.74092889438e-07, 1.70199641047e-07, 2.57274024307e-07, 2.01892234486e-07, 1.33991974849e-07, 6.90694577088e-08, 6.04005734317e-08, 3.80601576921e-08, 6.33201935329e-08, 4.21420693897e-08, 6.23995166649e-09, 5.21356113836e-08, 9.71981108933e-08, 1.98415399666e-08, 3.04204625934e-08, 2.415141509e-08, 1.56722919087e-08, 5.20656087133e-08, 4.66210785532e-08, 2.57262335879e-08, 4.4660744436e-08, 4.07755287313e-08, 3.65362922139e-08, 2.6529454189e-08, 2.37483881449e-08, 2.50394265322e-08, 1.43322420598e-08, 8.01253285942e-09, 2.3576422592e-08, 2.2622906215e-08, 4.4866381721e-09, 6.41893604936e-09, 1.13187628159e-08, 4.65120120197e-09, 5.4166893193e-09, 5.91199178501e-09, 1.04932862399e-08, 9.67894298043e-09, 7.61914442649e-09, 5.28921217935e-09, 4.60014826231e-09, 6.75871181244e-09, 4.01895094981e-09, 4.89310902907e-09, 2.49586773471e-09, 2.27301844014e-09, 2.39658182188e-09, 1.10415754317e-09, 1.76291559129e-09, 2.7915023626e-09, 2.36042785318e-09, 2.98651214869e-09, 1.18628362689e-09, 2.95107138726e-09, 9.98492954984e-10, 2.41927811118e-10, 1.54941703912e-09, 2.5000845838e-09, 3.0934108608e-09, 3.10803516257e-09, 6.90383528124e-10, 4.63456356625e-12, 1.68248607321e-12, 1.60680253825e-11, 1.98890223735e-10, 8.0508610889e-10, 2.37711961226e-10, 4.4961305512e-11, 2.28537327951e-12, 9.79540667329e-12, 6.192098158e-13, 5.10057274195e-13, 4.78577409906e-13, 3.47462347523e-13, 3.36154932015e-13, 3.78903966579e-13, 3.05095494224e-13, 3.89782471707e-13, 3.33028851891e-13, 3.41381572533e-13, 3.86805821748e-13, 4.03224030771e-13, 4.11991675584e-13, 3.4320913082e-13, 3.24884569117e-13, 3.10017419722e-13, 3.31479174621e-13, 2.81997054831e-13, 8.60762673703e-14, 1.36542532719e-14, 3.99107604595e-16],
        "stdev": [1.9242257622e-05, 9.08412403078e-05, 0.000170118626556, 0.00015918436111, 0.000186416014913, 0.000160172319738, 0.000136802336783, 0.000190797421965, 0.00023634279205, 0.000559914216865, 0.000400258344598, 0.000256683502812, 0.000334752636263, 0.000305909343297, 0.000240245994064, 0.000156679772772, 0.000226179749006, 0.000742827658542, 0.000567516719457, 0.000608157075476, 0.000385177670978, 0.000667814107146, 0.00075691571692, 0.00039769615978, 0.000623624713626, 0.000247982476139, 0.000602559768595, 0.000413479312556, 0.000715481175575, 0.000648721819744, 0.00031517597381, 0.000457338872366, 0.00108612899203, 0.000635312870145, 0.000815220118966, 0.000611093826592, 0.00036210147664, 0.000218176981434, 0.000124930054881, 0.000122782890685, 0.000284700712655, 0.000182512463653, 0.000212538463529, 0.000118020048831, 0.000192156643607, 0.000295559759252, 0.000118153038784, 0.000100242257759, 6.40219877823e-05, 0.000121198827401, 8.63229215611e-05, 8.40432621771e-05, 0.000130356784211, 0.000117639989185, 9.43104460021e-05, 9.75834336714e-05, 9.22048857319e-05, 0.000126343904412, 9.48473389144e-05, 5.4582789744e-05, 3.65082451026e-05, 3.74823030143e-05, 2.67721661658e-05, 3.43785322912e-05, 0.000109592845547, 3.22245323332e-05, 2.95957397611e-05, 2.00271897484e-05, 1.82447638508e-05, 1.27531220642e-05, 1.19743008327e-05, 4.97107021147e-06, 5.3330186347e-06, 1.30074122353e-05, 2.22901981033e-05, 1.21147868413e-05, 6.31192051515e-06, 8.09497396403e-06, 5.84651570534e-06, 5.66295966564e-06, 5.2433001656e-06, 4.67343716082e-06, 6.22891911917e-06, 4.79145319332e-06, 5.69745634493e-06, 3.96708173867e-06, 2.74599051409e-06, 2.49888216786e-06, 2.52664494838e-06, 2.34578146774e-06, 2.23354527407e-06, 1.82258884251e-06, 2.24211339628e-06, 1.9738138235e-06, 2.29499755733e-06, 2.15196973841e-06, 1.98624161385e-06, 2.02846581487e-06, 1.93964410755e-06, 1.80683503004e-06, 1.0665416994e-06, 9.6341113931e-07, 9.19647334285e-07, 1.06933123334e-06, 1.02610817976e-06, 8.56702627061e-07, 6.18741466951e-07, 6.92029118454e-07, 7.94192544618e-07, 1.60121345516e-07, 8.39668820585e-11, 9.17649376625e-12, 9.92722744286e-12, 9.65733569502e-12, 1.26079589477e-11, 1.069080241e-11, 8.55167672786e-12, 8.0683229195e-12, 8.01778608783e-12, 7.80681595758e-12, 7.68939946438e-12, 7.48448785587e-12, 7.38803029171e-12, 7.36368518245e-12, 7.18905707534e-12, 7.15596592399e-12, 7.1057265974e-12, 7.06705397327e-12]
    },
    "mfcc": {
        "mean": [-644.693786621, 107.507095337, -40.2830886841, -5.39524507523, -19.0517902374, -10.4453582764, -8.65824508667, 1.11800432205, -6.81508111954, -7.55447816849, -2.21124339104, -0.709451079369, -2.80343270302],
        "cov": [[3764.2578125, -1987.01513672, -495.169281006, 253.825241089, 3.84229016304, -168.890014648, -196.599822998, -36.2391471863, 163.987335205, 117.333610535, 105.998329163, -185.743148804, -30.3319530487], [-1987.01513672, 1547.87280273, 703.272888184, 65.6790771484, 15.0127744675, 66.8340530396, 128.108963013, 11.5416345596, -154.530899048, -23.9919338226, -19.0967082977, 121.311981201, 29.7445278168], [-495.169281006, 703.272888184, 1172.65576172, 410.064239502, 34.9359664917, -8.65105247498, 9.03107738495, -105.253746033, -197.785217285, 45.8041229248, 61.4805908203, 99.0136108398, 38.7657394409], [253.825241089, 65.6790771484, 410.064239502, 413.100250244, 95.929397583, -66.3260498047, -52.8690719604, -97.847114563, -53.5802307129, 41.7447624207, 22.5296363831, 19.6846923828, 22.979883194], [3.84229016304, 15.0127744675, 34.9359664917, 95.929397583, 124.18208313, -21.2195606232, -32.02759552, -35.3460044861, -13.2783002853, 0.816080451012, 1.42571902275, -4.53137016296, 3.16465163231], [-168.890014648, 66.8340530396, -8.65105247498, -66.3260498047, -21.2195606232, 115.303695679, 75.7028808594, 22.0600395203, 10.8737449646, 14.2230148315, 4.76924419403, 12.3578739166, -1.70914924145], [-196.599822998, 128.108963013, 9.03107738495, -52.8690719604, -32.02759552, 75.7028808594, 128.278930664, 63.0596961975, -0.75980681181, 4.21521282196, 2.50082373619, 18.3846073151, 7.76526451111], [-36.2391471863, 11.5416345596, -105.253746033, -97.847114563, -35.3460044861, 22.0600395203, 63.0596961975, 133.842910767, 48.0668678284, -13.380109787, -7.46440792084, 0.246711194515, -1.35602617264], [163.987335205, -154.530899048, -197.785217285, -53.5802307129, -13.2783002853, 10.8737449646, -0.75980681181, 48.0668678284, 113.696174622, 19.7983913422, -8.56920623779, -11.6567344666, 0.92036986351], [117.333610535, -23.9919338226, 45.8041229248, 41.7447624207, 0.816080451012, 14.2230148315, 4.21521282196, -13.380109787, 19.7983913422, 92.7704696655, 43.6462097168, -0.597209632397, -1.86263859272], [105.998329163, -19.0967082977, 61.4805908203, 22.5296363831, 1.42571902275, 4.76924419403, 2.50082373619, -7.46440792084, -8.56920623779, 43.6462097168, 74.5411834717, 19.5893325806, -2.59397411346], [-185.743148804, 121.311981201, 99.0136108398, 19.6846923828, -4.53137016296, 12.3578739166, 18.3846073151, 0.246711194515, -11.6567344666, -0.597209632397, 19.5893325806, 68.7613601685, 23.3187026978], [-30.3319530487, 29.7445278168, 38.7657394409, 22.979883194, 3.16465163231, -1.70914924145, 7.76526451111, -1.35602617264, 0.92036986351, -1.86263859272, -2.59397411346, 23.3187026978, 50.2812004089]],
        "icov": [[0.00138168002013, 0.00172779394779, -0.000209269448533, -0.00114159635268, 0.000643633131403, 0.000531985482667, -6.82646568748e-05, -0.000721458403859, -0.000124523488921, -9.50344910962e-05, -0.00158986623865, 0.0018772566691, -0.000490733073093], [0.00172779394779, 0.00344040291384, -0.00116337370127, -0.000569222320337, -3.30994880642e-05, 0.00102745939512, -0.00112128339242, -0.00102847907692, 0.000374397175619, -0.000628585054073, -0.000354999938281, 0.000724287936464, -3.77591313736e-05], [-0.000209269448533, -0.00116337370127, 0.00297856633551, -0.00265679811127, 0.00157281488646, -0.00159557978623, 0.00158766715322, -0.000944353174418, 0.00336128426716, -0.000724818033632, -0.000636550132185, -0.00114604865666, -0.000533821876161], [-0.00114159635268, -0.000569222320337, -0.00265679811127, 0.00782913435251, -0.00454716105014, 0.00358264124952, -0.00246275844984, 0.00349537981674, -0.00211459142156, -0.00172902632039, 0.00289225205779, -0.00200939085335, 5.66070702916e-05], [0.000643633131403, -3.30994880642e-05, 0.00157281488646, -0.00454716105014, 0.0117289898917, -0.00159219524357, 0.0027753484901, -0.00028525153175, 0.00113279430661, 0.00130316230934, -0.00240678153932, 0.00244284840301, -0.0011847561691], [0.000531985482667, 0.00102745939512, -0.00159557978623, 0.00358264124952, -0.00159219524357, 0.0185242667794, -0.0125653548166, 0.00534678529948, -0.00450543593615, -0.00195704819635, 0.000530209683347, -0.00102175143547, 0.00263171596453], [-6.82646568748e-05, -0.00112128339242, 0.00158766715322, -0.00246275844984, 0.0027753484901, -0.0125653548166, 0.0212415717542, -0.0102221295238, 0.00647775270045, -0.00200163526461, 0.000272540666629, -0.000821892404929, -0.00343183008954], [-0.000721458403859, -0.00102847907692, -0.000944353174418, 0.00349537981674, -0.00028525153175, 0.00534678529948, -0.0102221295238, 0.0165280476213, -0.00873982254416, 0.00405804580078, -0.0012477937853, 0.000268686766503, 0.00164922594558], [-0.000124523488921, 0.000374397175619, 0.00336128426716, -0.00211459142156, 0.00113279430661, -0.00450543593615, 0.00647775270045, -0.00873982254416, 0.0201114490628, -0.00814613047987, 0.00522933900356, -0.00346060772426, -0.00217740982771], [-9.50344910962e-05, -0.000628585054073, -0.000724818033632, -0.00172902632039, 0.00130316230934, -0.00195704819635, -0.00200163526461, 0.00405804580078, -0.00814613047987, 0.0207305867225, -0.0130255185068, 0.00607580319047, -0.000639090663753], [-0.00158986623865, -0.000354999938281, -0.000636550132185, 0.00289225205779, -0.00240678153932, 0.000530209683347, 0.000272540666629, -0.0012477937853, 0.00522933900356, -0.0130255185068, 0.0268050804734, -0.0124998055398, 0.005115209613], [0.0018772566691, 0.000724287936464, -0.00114604865666, -0.00200939085335, 0.00244284840301, -0.00102175143547, -0.000821892404929, 0.000268686766503, -0.00346060772426, 0.00607580319047, -0.0124998055398, 0.0278165973723, -0.0108052184805], [-0.000490733073093, -3.77591313736e-05, -0.000533821876161, 5.66070702916e-05, -0.0011847561691, 0.00263171596453, -0.00343183008954, 0.00164922594558, -0.00217740982771, -0.000639090663753, 0.005115209613, -0.0108052184805, 0.0260298121721]]
    },
    "spectral_contrast_coeffs": {
        "max": [-0.413316428661, -0.556488096714, -0.459078043699, -0.511203885078, -0.596856236458, -0.57619780302],
        "mean": [-0.679415106773, -0.75153875351, -0.730015277863, -0.771068513393, -0.766198039055, -0.750508189201],
        "min": [-0.945844769478, -0.927444636822, -0.920136094093, -0.880841314793, -0.875522553921, -0.861354708672],
        "stdev": [0.0739426910877, 0.0649369135499, 0.060537725687, 0.0544862374663, 0.043144043535, 0.036714874208]
    },
    "spectral_contrast_valleys": {
        "max": [-5.54438829422, -4.72908306122, -4.9650645256, -5.35001802444, -5.83011341095, -7.79430007935],
        "mean": [-8.03055095673, -6.58781099319, -7.03063821793, -7.40962219238, -7.50138902664, -10.4168024063],
        "min": [-10.6192922592, -9.2714138031, -8.83487892151, -9.68063640594, -9.81207561493, -12.8456630707],
        "stdev": [0.855990231037, 0.533901393414, 0.737380087376, 0.912642896175, 0.869049668312, 0.952801346779]
    }
},
"rhythm": {
    "beats_count": 66,
    "beats_loudness": {
        "max": 0.0529009476304,
        "mean": 0.0195171926171,
        "min": 0.00213145301677,
        "stdev": 0.0118387816474
    },
    "bpm": 162.243240356,
    "bpm_histogram_first_peak_bpm": 161,
    "bpm_histogram_first_peak_weight": 0.33333337307,
    "bpm_histogram_second_peak_bpm": 105,
    "bpm_histogram_second_peak_spread": 0.5,
    "bpm_histogram_second_peak_weight": 0.13846154511,
    "danceability": 0.837340593338,
    "onset_rate": 1.93631911278,
    "beats_loudness_band_ratio": {
        "max": [0.21116694808, 0.406921058893, 0.610547780991, 0.740686893463, 0.529802501202, 0.368590712547],
        "mean": [0.0594592951238, 0.111470520496, 0.315668702126, 0.298634320498, 0.16046641767, 0.0775181055069],
        "min": [0.000409615255194, 0.00263765128329, 0.0351121388376, 0.0241207499057, 0.00384175777435, 0.00203616195358],
        "stdev": [0.0563320070505, 0.0909894406796, 0.160332128406, 0.1694098562, 0.130236685276, 0.0721082687378]
    },
    "beats_position": [0.394739210606, 0.789478421211, 1.18421769142, 1.57895684242, 1.95047616959, 2.33360528946, 2.71673464775, 3.08825397491, 3.45977306366, 3.83129239082, 4.20281171799, 4.57433080673, 4.94585037231, 5.31736946106, 5.6888885498, 6.06040811539, 6.43192720413, 6.80344676971, 7.17496585846, 7.5464849472, 7.92961454391, 8.31274318695, 8.68426322937, 9.05578231812, 9.41569137573, 9.77560043335, 10.1355104446, 10.5186395645, 10.9017686844, 11.2732877731, 11.656416893, 12.0279359818, 12.4226751328, 12.8058052063, 13.1889343262, 13.5836734772, 13.9784126282, 14.3847618103, 14.7911109924, 15.1974601746, 15.6038093567, 16.0101585388, 16.4977779388, 16.9853973389, 17.4614048004, 17.995464325, 18.5295238495, 19.0751914978, 19.6440811157, 20.2245807648, 20.8050785065, 21.3971881866, 21.9776859283, 22.5581855774, 23.1386852264, 23.7307929993, 24.2996826172, 24.8685703278, 25.4490699768, 26.0179595947, 26.5984573364, 27.1673469543, 27.7362346649, 28.3051242828, 28.8740139008, 29.4429016113],
