{
"metadata": {
    "version": {
        "essentia": "2.1-beta5",
        "essentia_git_sha": "Undefined",
        "extractor": "music 2.0"
    },
    "audio_properties": {
        "analysis": {
            "equal_loudness": 0,
            "length": 24.2532424927,
            "sample_rate": 44100,
            "start_time": 175.240997314,
            "downmix": "mix"
        },
        "bit_rate": 192000,
        "length": 199.517486572,
        "lossless": 0,
        "number_channels": 2,
        "replay_gain": 1.14789009094,
        "sample_rate": 48000,
        "codec": "mp3",
        "md5_encoded": "e550605dda20c01f38fc8c846d9f7194"
    },
    "tags": {
        "file_name": "Luxembourg_Sou Fräi_Marion Welter and Kontinent.mp3",
        "encoding": ["Lavf58.29.100"]
    }
},
"lowlevel": {
    "average_loudness": 0.31953984499,
    "barkbands_crest": {
        "max": 24.7851066589,
        "mean": 8.49768543243,
        "min": 2.57431268692,
        "stdev": 4.52198505402
    },
    "barkbands_flatness_db": {
        "max": 0.263227730989,
        "mean": 0.104383423924,
        "min": 0.0459906421602,
        "stdev": 0.0413203686476
    },
    "barkbands_kurtosis": {
        "max": 37.8859443665,
        "mean": 2.62588310242,
        "min": -1.676445961,
        "stdev": 2.94427514076
    },
    "barkbands_skewness": {
        "max": 4.99217700958,
        "mean": -0.182149499655,
        "min": -2.24130177498,
        "stdev": 1.61868560314
    },
    "barkbands_spread": {
        "max": 129.959381104,
        "mean": 24.8148021698,
        "min": 2.0533387661,
        "stdev": 10.4121494293
    },
    "dissonance": {
        "max": 0.499998748302,
        "mean": 0.477874457836,
        "min": 0.347406148911,
        "stdev": 0.0251033622772
    },
    "dynamic_complexity": 5.8314409256,
    "erbbands_crest": {
        "max": 30.047662735,
        "mean": 7.88031673431,
        "min": 2.50132727623,
        "stdev": 7.10347366333
    },
    "erbbands_flatness_db": {
        "max": 0.320118963718,
        "mean": 0.143319457769,
        "min": 0.082105755806,
        "stdev": 0.0527142435312
    },
    "erbbands_kurtosis": {
        "max": 20.722158432,
        "mean": 0.347473621368,
        "min": -1.43788313866,
        "stdev": 1.78655827045
    },
    "erbbands_skewness": {
        "max": 4.19403886795,
        "mean": -0.0214834343642,
        "min": -2.17362046242,
        "stdev": 0.923939406872
    },
    "erbbands_spread": {
        "max": 94.9520492554,
        "mean": 35.1040306091,
        "min": 4.96275281906,
        "stdev": 10.8833503723
    },
    "hfc": {
        "max": 196.103759766,
        "mean": 14.353723526,
        "min": 1.03671088802e-16,
        "stdev": 22.3873348236
    },
    "loudness_ebu128": {
        "integrated": -23.7068347931,
        "loudness_range": 7.6701374054,
        "momentary": {
            "max": -20.4497432709,
            "mean": -148.060028076,
            "min": -300.691009521,
            "stdev": 135.682052612
        },
        "short_term": {
            "max": -22.3749446869,
            "mean": -130.719390869,
            "min": -300.691009521,
            "stdev": 131.439529419
        }
    },
    "melbands_crest": {
        "max": 31.5687828064,
        "mean": 9.08971309662,
        "min": 1.5333647728,
        "stdev": 7.9076333046
    },
    "melbands_flatness_db": {
        "max": 0.285232245922,
        "mean": 0.0924631133676,
        "min": 0.00291426177137,
        "stdev": 0.0857689827681
    },
    "melbands_kurtosis": {
        "max": 53.2612762451,
        "mean": 3.2545363903,
        "min": -1.54843533039,
        "stdev": 6.16436195374
    },
    "melbands_skewness": {
        "max": 5.34203290939,
        "mean": 1.05291450024,
        "min": -0.435664564371,
        "stdev": 1.15009844303
    },
    "melbands_spread": {
        "max": 175.902160645,
        "mean": 75.1489639282,
        "min": 2.53979659081,
        "stdev": 54.02576828
    },
    "pitch_salience": {
        "max": 0.896775603294,
        "mean": 0.651020586491,
        "min": 0.181855797768,
        "stdev": 0.168090134859
    },
    "silence_rate_20dB": {
        "max": 1,
        "mean": 1,
        "min": 1,
        "stdev": 0
    },
    "silence_rate_30dB": {
        "max": 1,
        "mean": 1,
        "min": 1,
        "stdev": 0
    },
    "silence_rate_60dB": {
        "max": 1,
        "mean": 0.522944569588,
        "min": 0,
        "stdev": 0.499473869801
    },
    "spectral_centroid": {
        "max": 12122.6767578,
        "mean": 5814.23681641,
        "min": 427.768890381,
        "stdev": 4733.22998047
    },
    "spectral_complexity": {
        "max": 56,
        "mean": 12.1414909363,
        "min": 0,
        "stdev": 13.8870725632
    },
    "spectral_decrease": {
        "max": 2.30443680822e-28,
        "mean": -3.32560312621e-09,
        "min": -2.53072656164e-08,
        "stdev": 4.32478364232e-09
    },
    "spectral_energy": {
        "max": 0.10239944607,
        "mean": 0.0138535285369,
        "min": 9.91565149398e-21,
        "stdev": 0.0179997943342
    },
    "spectral_energyband_high": {
        "max": 0.0241725500673,
        "mean": 0.000663457496557,
        "min": 6.90379156404e-21,
        "stdev": 0.00187132472638
    },
    "spectral_energyband_low": {
        "max": 0.0464787259698,
        "mean": 0.00173769926187,
        "min": 1.2295678318e-23,
        "stdev": 0.00364155811258
    },
    "spectral_energyband_middle_high": {
        "max": 0.0497698262334,
        "mean": 0.00294711976312,
        "min": 1.17339396813e-21,
        "stdev": 0.00516187213361
    },
    "spectral_energyband_middle_low": {
        "max": 0.0901313051581,
        "mean": 0.00906825810671,
        "min": 1.45482737883e-22,
        "stdev": 0.0129152592272
    },
    "spectral_entropy": {
        "max": 9.84313869476,
        "mean": 8.60839748383,
        "min": 6.72869491577,
        "stdev": 1.10784995556
    },
    "spectral_flux": {
        "max": 0.232570499182,
        "mean": 0.0427948348224,
        "min": 6.1805061069e-11,
        "stdev": 0.0492155440152
    },
    "spectral_kurtosis": {
        "max": 10.0161476135,
        "mean": 1.52074491978,
        "min": -1.27168595791,
        "stdev": 2.89438939095
    },
    "spectral_rms": {
        "max": 0.00999509356916,
        "mean": 0.00248251785524,
        "min": 3.11027419098e-12,
        "stdev": 0.00271160318516
    },
    "spectral_rolloff": {
        "max": 19702.8808594,
        "mean": 9466.59863281,
        "min": 301.46484375,
        "stdev": 8473.00878906
    },
    "spectral_skewness": {
        "max": 2.50182723999,
        "mean": 0.72991079092,
        "min": -0.097732655704,
        "stdev": 0.715344369411
    },
    "spectral_spread": {
        "max": 43236020,
        "mean": 20485792,
        "min": 2202900.25,
        "stdev": 18239688
    },
    "spectral_strongpeak": {
        "max": 8.77662086487,
        "mean": 0.931370675564,
        "min": 0,
        "stdev": 1.58988404274
    },
    "zerocrossingrate": {
        "max": 0.62841796875,
        "mean": 0.262501120567,
        "min": 0.01708984375,
        "stdev": 0.217798098922
    },
    "barkbands": {
        "max": [0.000512463389896, 0.019012933597, 0.034927982837, 0.021287791431, 0.0247852485627, 0.0160075258464, 0.0361439995468, 0.0809019207954, 0.0482355728745, 0.0303269606084, 0.0038859336637, 0.00300485943444, 0.0131662590429, 0.00741532212123, 0.0176147930324, 0.0147665096447, 0.00772789493203, 0.0147157702595, 0.00576178682968, 0.00809641182423, 0.00858167652041, 0.00605337554589, 0.0123572396114, 0.00551914097741, 0.0026454878971, 0.000380524725188, 1.39007215694e-06],
        "mean": [2.62742669292e-05, 0.000421520759119, 0.000840550637804, 0.00105054373853, 0.00117344700266, 0.000541220128071, 0.000867034250405, 0.00324685452506, 0.0018743929686, 0.000730391999241, 8.84932887857e-05, 0.000160230469191, 0.000227227385039, 0.000258733896771, 0.000322828389471, 0.000325986649841, 0.00036796767381, 0.000285176152829, 0.000293972261716, 0.00017316499725, 0.000224003000767, 0.000112355599413, 0.000110996392323, 9.33391129365e-05, 3.1083880458e-05, 5.73969782636e-06, 3.86018017551e-09],
        "min": [6.69272673477e-26, 9.39121059688e-25, 9.65137988165e-25, 5.75065844144e-25, 2.92318305165e-24, 3.21633973846e-24, 7.62130037903e-24, 4.96127994486e-24, 1.09147205054e-23, 1.40018755932e-23, 9.68786114864e-24, 1.71841878165e-23, 1.99203865761e-23, 3.07618834346e-23, 2.1092005948e-23, 3.58599128118e-23, 5.01966709033e-23, 7.46211866132e-23, 1.05469939411e-22, 1.48728742736e-22, 2.21842630729e-22, 2.70599990201e-22, 3.80548166753e-22, 5.01779755309e-22, 7.68557013916e-22, 1.23179471671e-21, 1.73124923824e-21],
        "stdev": [5.60306179977e-05, 0.000929863250349, 0.00224593491293, 0.00238265679218, 0.00246729212813, 0.00123152637389, 0.00244150101207, 0.00818807072937, 0.00552341761068, 0.00226931949146, 0.00022801515297, 0.000314288132358, 0.000715172442142, 0.000499287561979, 0.000905691413209, 0.00108683877625, 0.000628777197562, 0.000639931182377, 0.000606366549619, 0.000485280790599, 0.000717037590221, 0.000388136017136, 0.000520061003044, 0.000372328562662, 0.000158397306222, 2.69325500994e-05, 4.46850414448e-08]
    },
    "erbbands": {
        "max": [0.194432929158, 5.56430625916, 33.4014778137, 48.5027198792, 84.0553131104, 133.464385986, 96.5223312378, 176.363601685, 598.729003906, 704.753540039, 1752.03649902, 1213.10412598, 1192.9309082, 1133.28491211, 133.218215942, 154.026016235, 691.371154785, 503.980133057, 894.236572266, 303.206512451, 1007.47540283, 342.576721191, 346.035766602, 950.675109863, 383.602752686, 291.013519287, 494.76852417, 134.178344727, 223.942855835, 286.449188232, 387.866882324, 125.247795105, 101.339202881, 29.1582775116, 21.8073291779, 3.56915545464, 0.281727671623, 0.00867952592671, 0.000504805473611, 0.000158692535479],
        "mean": [0.00927213858813, 0.119259402156, 0.877970695496, 2.23549771309, 4.06531476974, 3.9194920063, 3.43074631691, 4.80735492706, 12.096704483, 15.6440286636, 91.3922271729, 39.5685005188, 33.419834137, 17.4755058289, 4.4216594696, 7.56804227829, 10.5431728363, 13.5364713669, 17.212064743, 14.5626039505, 21.9979724884, 18.881023407, 14.7227783203, 15.6002063751, 14.1518163681, 9.00205612183, 11.0649614334, 5.4720916748, 4.21509790421, 3.34967541695, 3.1250641346, 2.38262605667, 1.32724761963, 0.430924594402, 0.194602891803, 0.0506399981678, 0.00533120473847, 0.000207050601603, 1.76008579729e-05, 1.85485114343e-05],
        "min": [5.8181514675e-23, 3.55042488773e-22, 1.32137296484e-21, 4.20961745692e-21, 6.702231721e-21, 1.32942521267e-20, 3.38314156348e-20, 4.15054512896e-20, 7.76882538314e-20, 1.42732703033e-19, 2.00517614846e-19, 3.8072683413e-19, 4.05917353065e-19, 6.60301576861e-19, 5.67281549763e-19, 7.81605752536e-19, 1.44842385826e-18, 1.62205144698e-18, 2.00031462706e-18, 2.668736119e-18, 2.84810010187e-18, 4.34813237894e-18, 4.41673294868e-18, 4.86258247166e-18, 5.31608589686e-18, 7.56443766162e-18, 7.713999361e-18, 8.25528815588e-18, 8.04314279854e-18, 9.88617151366e-18, 9.45111917921e-18, 9.00490735111e-18, 8.21623365044e-18, 5.76535291654e-18, 5.56394560433e-18, 3.77517042481e-18, 2.22257971201e-18, 9.11523463327e-19, 2.26397291554e-19, 2.5827427004e-20],
        "stdev": [0.0185568798333, 0.276500731707, 2.29349422455, 4.87527751923, 8.39149856567, 9.73516845703, 7.75608968735, 11.4275388718, 35.2233161926, 44.4551200867, 220.469161987, 101.034088135, 130.576568604, 55.8349342346, 8.95083713531, 15.0076475143, 31.4965782166, 29.7431602478, 44.7747001648, 31.4530601501, 69.7418289185, 31.6702442169, 26.1172542572, 39.3178405762, 32.4255447388, 22.7467556, 38.894821167, 13.8448553085, 15.0191383362, 13.4524402618, 15.4751291275, 9.12640953064, 5.59603357315, 2.13402056694, 1.09585285187, 0.248752087355, 0.0213073473424, 0.00073522242019, 4.26737897214e-05, 2.52474692388e-05]
    },
    "gfcc": {
        "mean": [-578.540283203, 52.3084869385, -80.2084655762, 22.3866920471, -38.3948059082, 5.87837266922, -23.3118782043, 8.58512210846, -9.44651031494, -1.16781997681, -9.29947185516, -7.56515312195, -6.71983289719],
        "cov": [[393172.96875, 29633.2871094, -45497.1835938, 13012.8623047, -22030.765625, 3101.3293457, -13289.4140625, 4794.28662109, -5445.95068359, -895.679321289, -5356.09912109, -4479.17431641, -3805.57495117], [29633.2871094, 2703.70019531, -3466.03076172, 979.10723877, -1551.80053711, 200.529586792, -976.153259277, 341.718017578, -384.613952637, -83.8182830811, -370.406768799, -371.541107178, -283.562164307], [-45497.1835938, -3466.03076172, 5477.44775391, -1457.42004395, 2523.49291992, -353.298370361, 1500.20141602, -593.193481445, 595.099609375, 98.5006103516, 606.957580566, 531.78137207, 420.77130127], [13012.8623047, 979.10723877, -1457.42004395, 549.532958984, -694.145507812, 111.660591125, -437.983795166, 93.9128265381, -210.675933838, -34.9950256348, -173.762512207, -133.662979126, -127.473640442], [-22030.765625, -1551.80053711, 2523.49291992, -694.145507812, 1334.75671387, -164.998657227, 763.662780762, -285.95413208, 289.270843506, 62.6204566956, 317.718261719, 250.135375977, 224.15447998], [3101.3293457, 200.529586792, -353.298370361, 111.660591125, -164.998657227, 98.3815765381, -104.157562256, 33.0516319275, -59.5820159912, 12.0941572189, -45.6256103516, -8.95097160339, -25.6196250916], [-13289.4140625, -976.153259277, 1500.20141602, -437.983795166, 763.662780762, -104.157562256, 506.276672363, -132.572860718, 199.19128418, 11.1503591537, 180.275970459, 129.97265625, 139.120178223], [4794.28662109, 341.718017578, -593.193481445, 93.9128265381, -285.95413208, 33.0516319275, -132.572860718, 159.069900513, -16.5345211029, -17.780796051, -66.3093414307, -85.2899551392, -43.7411499023], [-5445.95068359, -384.613952637, 595.099609375, -210.675933838, 289.270843506, -59.5820159912, 199.19128418, -16.5345211029, 138.395751953, 10.8421039581, 77.8198013306, 39.6103553772, 48.7653083801], [-895.679321289, -83.8182830811, 98.5006103516, -34.9950256348, 62.6204566956, 12.0941572189, 11.1503591537, -17.780796051, 10.8421039581, 84.3649978638, 38.2418670654, 41.3666992188, 2.8468337059], [-5356.09912109, -370.406768799, 606.957580566, -173.762512207, 317.718261719, -45.6256103516, 180.275970459, -66.3093414307, 77.8198013306, 38.2418670654, 112.962768555, 69.7440261841, 62.381023407], [-4479.17431641, -371.541107178, 531.78137207, -133.662979126, 250.135375977, -8.95097160339, 129.97265625, -85.2899551392, 39.6103553772, 41.3666992188, 69.7440261841, 113.963882446, 51.0294914246], [-3805.57495117, -283.562164307, 420.77130127, -127.473640442, 224.15447998, -25.6196250916, 139.120178223, -43.7411499023, 48.7653083801, 2.8468337059, 62.381023407, 51.0294914246, 78.1057662964]],
        "icov": [[0.000680712226313, -0.00113532703836, 0.00159425090533, -0.00279893283732, 0.00268934713677, -0.000207794320886, 0.00212160032243, -0.00292887468822, 0.00277510168962, -0.000962040678132, 0.0011325776577, 0.000644424872007, -0.000340411992511], [-0.00113532703836, 0.00446138577536, -0.00105704145972, 0.0040281387046, -0.00612575607374, 0.000217923443415, -0.0012110354146, 0.00529595743865, -0.00525775598362, 0.00304357265122, -0.00364313251339, 0.000623175757937, 0.00159764441196], [0.00159425090533, -0.00105704145972, 0.00724477274343, -0.00493747554719, 0.00366617250256, -0.000159543196787, 0.00463204225525, -0.00374557357281, 0.00498967105523, -0.000138095361763, 0.00115096499212, 0.000391081499401, 0.00154542387463], [-0.00279893283732, 0.0040281387046, -0.00493747554719, 0.0217388588935, -0.00972614623606, -0.00157940899953, -0.00869767460972, 0.0177983157337, -0.00839064270258, 0.00555000919849, -0.00602841982618, -0.000910380156711, 0.00362946046516], [0.00268934713677, -0.00612575607374, 0.00366617250256, -0.00972614623606, 0.0236373431981, -0.00131125142798, -0.00274964491837, -0.00667184917256, 0.0121403448284, -0.00748750474304, 0.000438686547568, 0.00327473809011, -0.00373169663362], [-0.000207794320886, 0.000217923443415, -0.000159543196787, -0.00157940899953, -0.00131125142798, 0.0189500004053, -0.00292991148308, -0.00424399692565, 0.00462025823072, -0.004573748447, 0.00641685025766, -0.00733049027622, -0.00128419022076], [0.00212160032243, -0.0012110354146, 0.00463204225525, -0.00869767460972, -0.00274964491837, -0.00292991148308, 0.0330855958164, -0.012944909744, 0.00124929042067, 0.00425399746746, 0.00189782655798, 0.00523944431916, -0.00529863405973], [-0.00292887468822, 0.00529595743865, -0.00374557357281, 0.0177983157337, -0.00667184917256, -0.00424399692565, -0.012944909744, 0.0359792597592, -0.0213286951184, 0.00300101237372, -0.00533495191485, 0.00596739957109, 0.000279600149952], [0.00277510168962, -0.00525775598362, 0.00498967105523, -0.00839064270258, 0.0121403448284, 0.00462025823072, 0.00124929042067, -0.0213286951184, 0.0385457314551, -0.00596826570109, 0.000516853178851, 0.00267141452059, 0.00204732618295], [-0.000962040678132, 0.00304357265122, -0.000138095361763, 0.00555000919849, -0.00748750474304, -0.004573748447, 0.00425399746746, 0.00300101237372, -0.00596826570109, 0.0258073508739, -0.0170358754694, -0.0086663402617, 0.010123080574], [0.0011325776577, -0.00364313251339, 0.00115096499212, -0.00602841982618, 0.000438686547568, 0.00641685025766, 0.00189782655798, -0.00533495191485, 0.000516853178851, -0.0170358754694, 0.044116910547, -0.00127714977134, -0.0137072373182], [0.000644424872007, 0.000623175757937, 0.000391081499401, -0.000910380156711, 0.00327473809011, -0.00733049027622, 0.00523944431916, 0.00596739957109, 0.00267141452059, -0.0086663402617, -0.00127714977134, 0.0305602718145, -0.00802294351161], [-0.000340411992511, 0.00159764441196, 0.00154542387463, 0.00362946046516, -0.00373169663362, -0.00128419022076, -0.00529863405973, 0.000279600149952, 0.00204732618295, 0.010123080574, -0.0137072373182, -0.00802294351161, 0.0340401604772]]
    },
    "melbands": {
        "max": [0.0032332460396, 0.0120045887306, 0.00797390844673, 0.00580061692744, 0.00304870051332, 0.00354268262163, 0.00843368377537, 0.00880842655897, 0.011847415939, 0.00660511432216, 0.0059484844096, 0.00493209157139, 0.000574111007154, 0.000335090968292, 0.000430829037214, 0.00156743603293, 0.00081027840497, 0.0011806904804, 0.00104533473495, 0.000645580294076, 0.00118790206034, 0.000268660107395, 0.000591272430029, 0.000525565177668, 0.000822058238555, 0.000329762202455, 0.0004426643427, 0.000150109481183, 0.000347442255588, 0.000353736395482, 6.84243495925e-05, 0.000122467245092, 0.000138088449603, 0.0001830906549, 0.000271176046226, 0.000100186931377, 9.91203269223e-05, 9.98298273771e-05, 4.3080362957e-05, 2.48918004218e-05],
        "mean": [9.90355401882e-05, 0.000351747643435, 0.000454710330814, 0.000296298530884, 0.000125066231703, 0.000106827530544, 0.000185741359019, 0.000212865808862, 0.000758943206165, 0.000221837486606, 0.000161700241733, 7.11277607479e-05, 1.40350311995e-05, 1.74240503839e-05, 1.87096684385e-05, 2.47125935857e-05, 2.46999570663e-05, 2.64418922598e-05, 2.09223253478e-05, 1.78774953383e-05, 2.72478282568e-05, 1.97777098947e-05, 1.73230419023e-05, 1.27109769892e-05, 1.22591718537e-05, 1.20063623399e-05, 7.07115896148e-06, 5.3691537687e-06, 7.72568273533e-06, 4.83951362185e-06, 2.62950175056e-06, 2.38815141529e-06, 2.08176857086e-06, 1.80442680175e-06, 1.82165717888e-06, 1.61914022101e-06, 1.43509646477e-06, 1.06637583031e-06, 4.93520872169e-07, 3.13175974043e-07],
        "min": [5.01712528188e-25, 7.79498408175e-25, 1.192095933e-24, 6.61967994058e-25, 1.02792658305e-24, 1.00722578822e-24, 1.41693618074e-24, 9.7611459323e-25, 1.35492885397e-24, 1.65113024805e-24, 1.74515319884e-24, 2.02768018217e-24, 1.39871369104e-24, 1.82567992283e-24, 2.71064814656e-24, 2.84263897272e-24, 2.68898444839e-24, 2.3188061438e-24, 2.01573446148e-24, 2.64878527995e-24, 3.35141126367e-24, 3.23978823444e-24, 3.3112984755e-24, 4.08906602424e-24, 2.40554514742e-24, 3.05831965788e-24, 4.16015974674e-24, 4.31724522437e-24, 3.99184404527e-24, 4.2129203418e-24, 4.41279836809e-24, 4.03031126959e-24, 4.04006790126e-24, 5.1173722466e-24, 4.58551867443e-24, 5.3495493938e-24, 4.64654771507e-24, 5.0055914452e-24, 5.17864228425e-24, 4.45241101845e-24],
        "stdev": [0.000198611989617, 0.000853579258546, 0.000945004285313, 0.000627136789262, 0.000274522317341, 0.000248935190029, 0.000525679613929, 0.000664201274049, 0.00179834489245, 0.000655034556985, 0.000647941953503, 0.000243981310632, 3.41617960657e-05, 3.47090972355e-05, 3.83300575777e-05, 8.18351909402e-05, 5.27568590769e-05, 6.48253553663e-05, 6.12417279626e-05, 4.67709360237e-05, 8.34155071061e-05, 3.49998081219e-05, 3.96791110688e-05, 2.46728341153e-05, 3.36918346875e-05, 2.7621668778e-05, 2.0874907932e-05, 1.35413320095e-05, 2.8250982723e-05, 2.0667544959e-05, 6.65029347147e-06, 8.78292394191e-06, 7.58424403102e-06, 8.12381222204e-06, 1.02547501228e-05, 6.13556176177e-06, 6.40614598524e-06, 4.67947847937e-06, 2.43874137595e-06, 1.6668934677e-06]
    },
    "melbands128": {
        "max": [0.000454066001112, 0.00161948835012, 0.00283640227281, 0.0119224190712, 0.0159752238542, 0.0160289108753, 0.0105688665062, 0.0103770047426, 0.010487771593, 0.00940373539925, 0.00961190275848, 0.00388143514283, 0.00382969737984, 0.00411297287792, 0.00640045618638, 0.00440772250295, 0.00934260804206, 0.0130240023136, 0.00495846150443, 0.0133862206712, 0.0135505795479, 0.0333777815104, 0.0226110592484, 0.0141736250371, 0.0124803818762, 0.00973096303642, 0.0172169841826, 0.0116363195702, 0.00207926216535, 0.00890824943781, 0.00502175511792, 0.000756745052058, 0.000997253577225, 0.000156745183631, 0.000350439979229, 0.000603861990385, 0.000649461871944, 0.000220160931349, 0.00120387389325, 0.003569413675, 0.00206899014302, 0.00343022798188, 0.00121643277816, 0.000398672913434, 0.000613684824202, 0.000824076705612, 0.00435770209879, 0.00158378179185, 0.00068828323856, 0.000849427306093, 0.000364909414202, 0.00199974724092, 0.00320213683881, 0.000677846895996, 0.000479331909446, 0.000563110224903, 0.000486962060677, 0.00135126220994, 0.000633952848148, 0.000140717296745, 0.00022847559012, 0.000960662320722, 0.00189834507182, 0.000216147032916, 0.000421943550464, 0.000426931568654, 0.000704398786183, 0.000562632281799, 0.000882836524397, 0.000498773646541, 0.000255997176282, 0.000178814618266, 0.000439019117039, 0.000632393232081, 0.000594603538048, 0.000943082908634, 8.41590954224e-05, 7.78107059887e-05, 0.000128253392177, 0.000126843704493, 0.00014290161198, 0.000165221179486, 0.000208213517908, 0.000115936811198, 0.000126459402964, 0.000126854152768, 0.000229073019, 0.000328902417095, 0.000269058917183, 0.000267655734206, 0.00011395761976, 8.92568641575e-05, 6.12400544924e-05, 0.000189318991033, 0.000100403223769, 0.000153762463015, 8.47345145303e-05, 7.25349382265e-05, 6.23570158496e-05, 2.2759219064e-05, 3.67001484847e-05, 2.81329903373e-05, 2.86210124614e-05, 3.5274289985e-05, 3.12337797368e-05, 1.68574715644e-05, 1.52636075654e-05, 1.07950208985e-05, 6.6278680606e-06, 3.68996234101e-06, 2.68714461527e-06, 1.40030522289e-06, 6.88986972364e-07, 2.4873574489e-07, 1.17735865501e-07, 2.27055192425e-08, 6.72780586797e-09, 6.49978604272e-09, 6.30666185941e-09, 6.10521411204e-09, 5.99256955169e-09, 5.88073989505e-09, 5.75569458761e-09, 5.67886893066e-09, 5.60330848387e-09, 5.52457857239e-09, 5.47426637354e-09, 5.44950617964e-09],
        "mean": [1.91514882317e-05, 6.38299243292e-05, 0.000116361072287, 0.000195563683519, 0.000428147468483, 0.000380404002499, 0.000421439704951, 0.000565040914807, 0.000382409692975, 0.000327143527102, 0.000204934316571, 0.000119149990496, 0.000112884488772, 0.000115043920232, 0.000101518606243, 0.000104910686787, 0.000132694898639, 0.000271363765933, 0.000149091094499, 0.00010792305693, 0.000184076503501, 0.000659961951897, 0.00118516583461, 0.000384619575925, 0.000169950653799, 0.000120438751765, 0.00034542605863, 0.000139960146043, 3.88658663724e-05, 0.000120592601888, 6.28649431746e-05, 1.49003135448e-05, 1.77257297764e-05, 4.53919074062e-06, 1.30757443912e-05, 2.28329008678e-05, 2.49006116064e-05, 9.52350455918e-06, 2.33182854572e-05, 2.63950241788e-05, 2.07087268791e-05, 2.99733110296e-05, 2.85344467557e-05, 1.71377596416e-05, 2.13594794332e-05, 2.66731622105e-05, 3.99088021368e-05, 1.32569202833e-05, 1.49607858475e-05, 2.87570492219e-05, 7.54609300202e-06, 1.68195238075e-05, 4.29197316407e-05, 1.73125426954e-05, 2.81829179585e-05, 1.98302350327e-05, 9.97781990009e-06, 2.88748105959e-05, 1.44773557622e-05, 6.84755741531e-06, 1.36289800139e-05, 1.56325313583e-05, 1.39332005347e-05, 9.5467275969e-06, 1.37464066938e-05, 1.05765002445e-05, 1.43485085573e-05, 7.00778855389e-06, 5.27341171619e-06, 6.62761704007e-06, 5.67264169149e-06, 4.00673525291e-06, 6.71757106829e-06, 1.06725565274e-05, 4.78661468151e-06, 7.20341995475e-06, 3.1355414194e-06, 2.58794193542e-06, 2.84103452941e-06, 2.35148922911e-06, 2.28201906793e-06, 2.35515085478e-06, 2.57936130765e-06, 2.01026978175e-06, 1.80715073839e-06, 1.65256722084e-06, 1.9220278773e-06, 1.88518163213e-06, 1.78871800927e-06, 1.76709750122e-06, 1.89509250959e-06, 1.45172759858e-06, 1.28211706851e-06, 1.68219798979e-06, 1.35649133881e-06, 1.17304114156e-06, 1.08378219466e-06, 7.88922193351e-07, 4.5312151542e-07, 3.64987215562e-07, 3.63873056131e-07, 2.96657475474e-07, 2.66105757873e-07, 2.67030912937e-07, 2.21745452222e-07, 1.83381999364e-07, 1.73997804609e-07, 1.31275953663e-07, 6.44333510991e-08, 4.47668391246e-08, 3.46959012631e-08, 2.03483736527e-08, 9.66948388026e-09, 4.2568797376e-09, 2.08339212548e-09, 3.75107056527e-10, 8.13958137003e-11, 8.78450957809e-12, 8.48934724601e-12, 8.22973373477e-12, 8.04989408465e-12, 7.92388897553e-12, 7.79134656098e-12, 7.64752063759e-12, 7.3844194648e-12, 6.99613153868e-12, 6.77968315169e-12, 6.72513694039e-12],
        "min": [8.18794324714e-27, 1.91821661037e-25, 9.42555784721e-26, 1.94577472653e-25, 1.1621431063e-25, 3.63701657947e-25, 3.35670028021e-25, 2.3371840884e-25, 1.85834330026e-25, 1.48740734407e-25, 1.80978952784e-25, 1.54152591388e-25, 1.43883421991e-25, 3.01487329144e-25, 4.69519361165e-25, 2.35577852601e-25, 4.02670696411e-25, 2.74454914814e-25, 5.20930313827e-25, 3.79568978758e-25, 5.31324345114e-25, 4.08116819538e-25, 4.67433169198e-25, 3.94326939269e-25, 5.09175694694e-25, 3.931901414e-25, 4.31620116696e-25, 5.39124453834e-25, 7.64003898097e-25, 6.05031711705e-25, 8.40578724775e-25, 8.80931523875e-25, 8.10684249126e-25, 8.77942825728e-25, 5.64692273937e-25, 8.23942042714e-25, 5.96094755814e-25, 5.06421485451e-25, 1.05725534683e-24, 8.7985305241e-25, 2.528224999e-25, 9.61590480674e-25, 6.90766988429e-25, 7.20896544628e-25, 8.28796988548e-25, 7.52296462707e-25, 7.4965397589e-25, 1.15000547054e-24, 9.4756078669e-25, 1.06872725793e-24, 1.03695549055e-24, 1.56048224143e-24, 1.12133126411e-24, 1.27099109542e-24, 6.81135637726e-25, 1.70579653385e-24, 9.94307895072e-25, 7.34723797182e-25, 1.44648799493e-24, 1.38717502258e-24, 1.33816861657e-24, 1.10808313406e-24, 1.86035588164e-24, 1.64149963691e-24, 1.18251147022e-24, 2.07574054675e-24, 1.61153860112e-24, 1.88352255706e-24, 2.19093159385e-24, 1.97259777225e-24, 2.02801406755e-24, 1.51009690656e-24, 2.56180527932e-24, 1.48481756303e-24, 1.4853236173e-24, 1.7889754082e-24, 1.49211531526e-24, 2.45198578334e-24, 2.58190545519e-24, 2.85096145527e-24, 2.9529765531e-24, 1.7947469118e-24, 2.52796216041e-24, 3.02213756638e-24, 3.11005078946e-24, 3.2721411951e-24, 3.5775634857e-24, 2.21244678896e-24, 2.869251787e-24, 3.11000128844e-24, 3.00847508715e-24, 2.58089709373e-24, 2.51392536668e-24, 3.30500928193e-24, 2.25172279293e-24, 3.33297716203e-24, 3.70128724678e-24, 3.18656733904e-24, 3.84135502253e-24, 2.90121327544e-24, 3.23216862696e-24, 3.13353537582e-24, 3.70268589717e-24, 4.05466774447e-24, 3.43242570091e-24, 3.93937532874e-24, 3.18443090649e-24, 3.87832025569e-24, 4.0793500189e-24, 4.20638029047e-24, 4.45639989362e-24, 4.64165874961e-24, 4.51267486401e-24, 3.63269776323e-24, 4.95643909991e-24, 3.25168445411e-24, 5.05524550601e-24, 4.29814295755e-24, 4.45708975248e-24, 4.76705884012e-24, 5.14535748165e-24, 4.75882549885e-24, 4.19605686223e-24, 4.17830906959e-24, 4.9283079256e-24, 5.01535951535e-24, 5.47889773314e-24, 5.46318165175e-24],
        "stdev": [4.1221108404e-05, 0.000145116267959, 0.000252174708294, 0.000518286542501, 0.00116490048822, 0.00100265140645, 0.000972780457232, 0.00130230246577, 0.000892038748134, 0.000831056677271, 0.000600887986366, 0.000301501189824, 0.000281373417238, 0.000336668541422, 0.000317064957926, 0.000293408258585, 0.000459468545159, 0.000868055736646, 0.000413561647292, 0.000568643852603, 0.00108544179238, 0.00212357682176, 0.00311884447001, 0.00122787291184, 0.000856957922224, 0.000668972323183, 0.00176039675716, 0.00070163118653, 0.000148927138071, 0.000457115762401, 0.000231889687711, 4.19148782385e-05, 5.62963323318e-05, 9.71120425675e-06, 3.1888972444e-05, 5.26629919477e-05, 6.10673378105e-05, 2.27225700655e-05, 6.70623339829e-05, 0.000134869813337, 9.7461284895e-05, 0.000135958791361, 6.72530877637e-05, 3.51671369572e-05, 6.39560676063e-05, 5.93803197262e-05, 0.000175151275471, 7.1451846452e-05, 4.00979151891e-05, 7.30362153263e-05, 1.97469562409e-05, 9.18068690225e-05, 0.00019773573149, 4.5632772526e-05, 5.76189922867e-05, 5.07720615133e-05, 3.22348896589e-05, 7.75811931817e-05, 3.57765966328e-05, 1.40372367241e-05, 2.51098990702e-05, 4.01663346565e-05, 6.80578741594e-05, 2.22693979595e-05, 4.24817517342e-05, 3.36908196914e-05, 4.32549604739e-05, 2.37015319726e-05, 3.06986512442e-05, 2.23056704272e-05, 1.69403119799e-05, 1.17037307064e-05, 3.00195624732e-05, 4.84166812385e-05, 2.33124173974e-05, 4.75418273709e-05, 8.32135719975e-06, 6.82134123053e-06, 8.43884117785e-06, 6.87492411089e-06, 8.71291103977e-06, 1.01972664197e-05, 1.12797279144e-05, 6.91530658514e-06, 6.65013749312e-06, 6.57648070046e-06, 9.16521821637e-06, 1.2839415831e-05, 9.98831819743e-06, 1.00989655039e-05, 7.54342909204e-06, 5.82114262215e-06, 4.83725989397e-06, 1.03963220681e-05, 5.78775234317e-06, 6.28836596661e-06, 4.49315621154e-06, 4.38636880062e-06, 2.60269189312e-06, 1.64155460425e-06, 2.12675581679e-06, 1.65945232311e-06, 1.60299566687e-06, 1.70972452906e-06, 1.4485635802e-06, 9.18476530387e-07, 9.02096303435e-07, 6.96566473835e-07, 3.82999274962e-07, 2.04000684789e-07, 1.47829879893e-07, 8.57916049313e-08, 4.61275710961e-08, 1.66775535604e-08, 1.00186205998e-08, 1.6055043961e-09, 4.4725334547e-10, 2.00846811405e-10, 1.94881680238e-10, 1.88654245004e-10, 1.85176957102e-10, 1.81718598502e-10, 1.7785292683e-10, 1.75482267606e-10, 1.73147204907e-10, 1.70723657433e-10, 1.69172093001e-10, 1.68408426093e-10]
    },
    "mfcc": {
        "mean": [-922.763366699, 61.0351448059, -8.56097316742, 12.9450492859, -0.658831238747, -2.61087036133, -4.81715488434, 1.75241327286, -0.0292097888887, 5.18635129929, 0.980293571949, 1.43914353848, -4.7674612999],
        "cov": [[101653.734375, 16822.1035156, -2379.99682617, 3953.98950195, -338.461242676, -898.181640625, -1452.44348145, 498.518341064, -97.4005050659, 1473.37451172, 113.783973694, 294.500793457, -1514.94567871], [16822.1035156, 3461.82739258, -488.239349365, 685.947875977, 16.3105716705, -131.363677979, -218.940887451, 89.5751342773, -1.28842794895, 266.170928955, 88.8021392822, 74.9355621338, -237.599517822], [-2379.99682617, -488.239349365, 253.021087646, -91.1065826416, 9.29668712616, 38.317905426, 9.57828140259, -17.5282649994, -25.5274944305, -66.8399200439, -14.046295166, -17.585943222, 29.6433696747], [3953.98950195, 685.947875977, -91.1065826416, 252.296417236, 5.79210710526, 4.18776369095, -45.4290466309, 10.1316289902, -26.4287204742, 40.7746086121, -1.54221880436, -4.31862926483, -54.3929634094], [-338.461242676, 16.3105716705, 9.29668712616, 5.79210710526, 55.5502891541, 30.4055519104, 22.4116630554, -11.0325136185, -6.67440652847, -6.41945934296, -5.79028749466, -1.63131380081, 14.3706045151], [-898.181640625, -131.363677979, 38.317905426, 4.18776369095, 30.4055519104, 126.064964294, 31.6468830109, -20.1452159882, -30.6520175934, -48.8209877014, -12.709815979, -36.3800964355, 34.6487808228], [-1452.44348145, -218.940887451, 9.57828140259, -45.4290466309, 22.4116630554, 31.6468830109, 82.3120193481, -8.11136817932, 6.09832239151, -10.8005418777, -19.8736782074, -5.20344877243, 26.0272331238], [498.518341064, 89.5751342773, -17.5282649994, 10.1316289902, -11.0325136185, -20.1452159882, -8.11136817932, 60.3611602783, 23.9736309052, 16.3054580688, 5.61422204971, -1.07257258892, -33.6106262207], [-97.4005050659, -1.28842794895, -25.5274944305, -26.4287204742, -6.67440652847, -30.6520175934, 6.09832239151, 23.9736309052, 49.9572029114, 30.6535110474, 7.11022758484, 17.1780586243, -8.74814414978], [1473.37451172, 266.170928955, -66.8399200439, 40.7746086121, -6.41945934296, -48.8209877014, -10.8005418777, 16.3054580688, 30.6535110474, 71.6464233398, 16.0269680023, 24.4749469757, -27.9765758514], [113.783973694, 88.8021392822, -14.046295166, -1.54221880436, -5.79028749466, -12.709815979, -19.8736782074, 5.61422204971, 7.11022758484, 16.0269680023, 56.5296554565, 18.5706367493, 1.57206916809], [294.500793457, 74.9355621338, -17.585943222, -4.31862926483, -1.63131380081, -36.3800964355, -5.20344877243, -1.07257258892, 17.1780586243, 24.4749469757, 18.5706367493, 61.4678459167, 12.6192102432], [-1514.94567871, -237.599517822, 29.6433696747, -54.3929634094, 14.3706045151, 34.6487808228, 26.0272331238, -33.6106262207, -8.74814414978, -27.9765758514, 1.57206916809, 12.6192102432, 68.6377334595]],
        "icov": [[0.000119306212582, -0.000375629344489, 2.00548561224e-06, -0.00045243857312, 0.00065504288068, -0.000202485724003, 0.000662985257804, -2.14166320802e-05, 0.000492612307426, -0.000916952791158, 0.000884912966285, -0.000314312725095, 0.000403315410949], [-0.000375629344489, 0.00232251384296, 0.000934051466174, -0.000343846390024, -0.00338376872241, 0.000272209697869, -0.000670029665343, -0.000236541018239, -0.000614256015979, 0.00116148637608, -0.00339397904463, -9.97468814603e-05, 0.0002735775779], [2.00548561224e-06, 0.000934051466174, 0.00656960438937, 0.000582851935178, -0.00205289642327, -0.000738019240089, 0.00223231036216, -0.000192479012185, 0.00222658319399, 0.0025004632771, 9.75796720013e-05, -0.00166761898436, 0.00237117893994], [-0.00045243857312, -0.000343846390024, 0.000582851935178, 0.0128434710205, -0.00209339335561, -0.00250559626147, -0.00108537159394, -0.000216531378101, 0.00457744020969, 0.000270482880296, 2.45306955549e-06, 0.000349197653122, 0.00138802081347], [0.00065504288068, -0.00338376872241, -0.00205289642327, -0.00209339335561, 0.0285756029189, -0.00544231105596, -0.00325919804163, 0.00197916151956, 0.00216518389061, -0.0053038476035, 0.00589379202574, -0.00260222144425, -0.000600816158112], [-0.000202485724003, 0.000272209697869, -0.000738019240089, -0.00250559626147, -0.00544231105596, 0.0183011200279, -0.00586612848565, -0.00143202161416, -0.000400953373173, 0.00907112006098, -0.00424190238118, 0.0102324178442, -0.00990747846663], [0.000662985257804, -0.000670029665343, 0.00223231036216, -0.00108537159394, -0.00325919804163, -0.00586612848565, 0.0253535639495, -0.00176916900091, 0.00150565349031, -0.0109574580565, 0.0114910798147, -0.00268958741799, -0.000390190398321], [-2.14166320802e-05, -0.000236541018239, -0.000192479012185, -0.000216531378101, 0.00197916151956, -0.00143202161416, -0.00176916900091, 0.0300963744521, -0.0161673501134, 0.00729905394837, -0.00365292071365, -0.000552553858142, 0.0154367741197], [0.000492612307426, -0.000614256015979, 0.00222658319399, 0.00457744020969, 0.00216518389061, -0.000400953373173, 0.00150565349031, -0.0161673501134, 0.0485306605697, -0.0243596751243, 0.00589988846332, -0.00663590198383, 1.49130410136e-05], [-0.000916952791158, 0.00116148637608, 0.0025004632771, 0.000270482880296, -0.0053038476035, 0.00907112006098, -0.0109574580565, 0.00729905394837, -0.0243596751243, 0.0485752634704, -0.0127891814336, -0.0014397300547, 0.00442906236276], [0.000884912966285, -0.00339397904463, 9.75796720013e-05, 2.45306955549e-06, 0.00589379202574, -0.00424190238118, 0.0114910798147, -0.00365292071365, 0.00589988846332, -0.0127891814336, 0.0305464267731, -0.00702403951436, -0.00136540306266], [-0.000314312725095, -9.97468814603e-05, -0.00166761898436, 0.000349197653122, -0.00260222144425, 0.0102324178442, -0.00268958741799, -0.000552553858142, -0.00663590198383, -0.0014397300547, -0.00702403951436, 0.0312697552145, -0.0171777401119], [0.000403315410949, 0.0002735775779, 0.00237117893994, 0.00138802081347, -0.000600816158112, -0.00990747846663, -0.000390190398321, 0.0154367741197, 1.49130410136e-05, 0.00442906236276, -0.00136540306266, -0.0171777401119, 0.0423248149455]]
    },
    "spectral_contrast_coeffs": {
        "max": [-0.478199601173, -0.479957222939, -0.430805206299, -0.613123416901, -0.636247754097, -0.643661141396],
        "mean": [-0.829309046268, -0.835915505886, -0.851500093937, -0.866969347, -0.859896838665, -0.842834472656],
        "min": [-0.986067950726, -0.986718833447, -0.977136731148, -0.974205255508, -0.96881300211, -0.964415431023],
        "stdev": [0.133240461349, 0.1375246346, 0.114709243178, 0.0932948887348, 0.0968038663268, 0.110796578228]
    },
    "spectral_contrast_valleys": {
        "max": [-5.4784078598, -4.7706823349, -5.9186425209, -6.11284446716, -5.74570655823, -7.79683208466],
        "mean": [-16.1351528168, -15.8917303085, -16.4199485779, -16.3783416748, -16.3348026276, -17.9929790497],
        "min": [-28.1917915344, -28.0297203064, -27.9370594025, -27.6437568665, -27.5186958313, -27.4558792114],
        "stdev": [10.080862999, 10.2659311295, 9.83527183533, 9.83759021759, 9.90890979767, 8.42246246338]
    }
},
"rhythm": {
    "beats_count": 55,
    "beats_loudness": {
        "max": 0.0655648037791,
        "mean": 0.0146043607965,
        "min": 0,
        "stdev": 0.0185024552047
    },
    "bpm": 130.634780884,
    "bpm_histogram_first_peak_bpm": 129,
    "bpm_histogram_first_peak_weight": 0.433333396912,
    "bpm_histogram_second_peak_bpm": 152,
    "bpm_histogram_second_peak_spread": 0.400000035763,
    "bpm_histogram_second_peak_weight": 0.166666671634,
    "danceability": 0.765617966652,
    "onset_rate": 1.77211046219,
    "beats_loudness_band_ratio": {
        "max": [0.643380641937, 0.379925876856, 0.884357690811, 0.503333926201, 0.413050681353, 0.298538357019],
        "mean": [0.140609592199, 0.0526604652405, 0.18082255125, 0.0569430105388, 0.06345307827, 0.0505964830518],
        "min": [0, 0, 0, 0, 0, 0],
        "stdev": [0.194174170494, 0.0826415941119, 0.268943816423, 0.0928076058626, 0.0924125984311, 0.0731352940202]
    },
    "beats_position": [0.417959183455, 0.847528338432, 1.30031740665, 1.764716506, 2.21750569344, 2.67029476166, 3.13469386101, 3.59909296036, 4.06349182129, 4.52789115906, 4.99229001999, 5.45668935776, 5.92108821869, 6.38548755646, 6.83827638626, 7.2910656929, 7.75546455383, 8.2198638916, 8.68426322937, 9.14866161346, 9.61306095123, 10.0658502579, 10.5186395645, 10.9830379486, 11.4358272552, 11.900226593, 12.3646259308, 12.8174142838, 13.2702035904, 13.722992897, 14.1757822037, 14.6285715103, 15.0349206924, 15.4412698746, 15.8476190567, 16.2539672852, 16.6487064362, 17.0434455872, 17.4381847382, 17.8213157654, 18.2044448853, 18.5875740051, 18.970703125, 19.3538322449, 19.7369613647, 20.1200904846, 20.5032196045, 20.8979587555, 21.2926979065, 21.6874370575, 22.0821762085, 22.4885253906, 22.8948745728, 23.2896137238, 23.6843528748],
