{
"metadata": {
    "version": {
        "essentia": "2.1-beta5",
        "essentia_git_sha": "Undefined",
        "extractor": "music 2.0"
    },
    "audio_properties": {
        "analysis": {
            "equal_loudness": 0,
            "length": 26.8190479279,
            "sample_rate": 44100,
            "start_time": 191.483352661,
            "downmix": "mix"
        },
        "bit_rate": 192000,
        "length": 218.325622559,
        "lossless": 0,
        "number_channels": 2,
        "replay_gain": 0.673524856567,
        "sample_rate": 48000,
        "codec": "mp3",
        "md5_encoded": "7e2e440507a3cf6634244857f20242b2"
    },
    "tags": {
        "file_name": "Switzerland_Mister Music Man_Daisy Auvray.mp3",
        "encoding": ["Lavf58.29.100"]
    }
},
"lowlevel": {
    "average_loudness": 0.437898695469,
    "barkbands_crest": {
        "max": 25.1331787109,
        "mean": 7.45389556885,
        "min": 2.49237108231,
        "stdev": 3.42223000526
    },
    "barkbands_flatness_db": {
        "max": 0.281933993101,
        "mean": 0.0943083539605,
        "min": 0.0474476739764,
        "stdev": 0.0310028009117
    },
    "barkbands_kurtosis": {
        "max": 31.9208984375,
        "mean": 1.68822181225,
        "min": -1.73240709305,
        "stdev": 2.71240329742
    },
    "barkbands_skewness": {
        "max": 4.24224901199,
        "mean": -0.44650131464,
        "min": -3.79001641273,
        "stdev": 1.34412038326
    },
    "barkbands_spread": {
        "max": 101.324180603,
        "mean": 26.0674381256,
        "min": 2.92058348656,
        "stdev": 9.77851581573
    },
    "dissonance": {
        "max": 0.499999970198,
        "mean": 0.483487457037,
        "min": 0.372816681862,
        "stdev": 0.0178739968687
    },
    "dynamic_complexity": 5.3236989975,
    "erbbands_crest": {
        "max": 29.3037338257,
        "mean": 6.69192934036,
        "min": 2.5423271656,
        "stdev": 4.76347732544
    },
    "erbbands_flatness_db": {
        "max": 0.310292869806,
        "mean": 0.145919963717,
        "min": 0.0670190677047,
        "stdev": 0.0511928237975
    },
    "erbbands_kurtosis": {
        "max": 21.7322502136,
        "mean": 0.184180349112,
        "min": -1.83038985729,
        "stdev": 1.51494824886
    },
    "erbbands_skewness": {
        "max": 3.87483000755,
        "mean": -0.180648267269,
        "min": -2.88116192818,
        "stdev": 0.710821926594
    },
    "erbbands_spread": {
        "max": 85.5811767578,
        "mean": 33.1934432983,
        "min": 3.44255590439,
        "stdev": 10.1703128815
    },
    "hfc": {
        "max": 120.819404602,
        "mean": 17.0089912415,
        "min": 1.03795060015e-16,
        "stdev": 22.7244148254
    },
    "loudness_ebu128": {
        "integrated": -23.7852935791,
        "loudness_range": 10.991651535,
        "momentary": {
            "max": -21.6027603149,
            "mean": -136.288742065,
            "min": -300.691009521,
            "stdev": 134.220230103
        },
        "short_term": {
            "max": -22.4773654938,
            "mean": -119.381752014,
            "min": -300.691009521,
            "stdev": 128.791488647
        }
    },
    "melbands_crest": {
        "max": 38.5498657227,
        "mean": 7.33545446396,
        "min": 1.45248198509,
        "stdev": 5.97417736053
    },
    "melbands_flatness_db": {
        "max": 0.321782886982,
        "mean": 0.0726008117199,
        "min": 0.00275224354118,
        "stdev": 0.0641457363963
    },
    "melbands_kurtosis": {
        "max": 61.6107254028,
        "mean": 1.48617553711,
        "min": -1.57697975636,
        "stdev": 4.68153429031
    },
    "melbands_skewness": {
        "max": 7.24782085419,
        "mean": 0.761722683907,
        "min": -2.13901519775,
        "stdev": 0.967570543289
    },
    "melbands_spread": {
        "max": 190.978042603,
        "mean": 77.2864456177,
        "min": 3.54981541634,
        "stdev": 49.1215248108
    },
    "pitch_salience": {
        "max": 0.889058530331,
        "mean": 0.687749803066,
        "min": 0.0703132376075,
        "stdev": 0.118184477091
    },
    "silence_rate_20dB": {
        "max": 1,
        "mean": 1,
        "min": 1,
        "stdev": 0
    },
    "silence_rate_30dB": {
        "max": 1,
        "mean": 1,
        "min": 1,
        "stdev": 0
    },
    "silence_rate_60dB": {
        "max": 1,
        "mean": 0.495674729347,
        "min": 0,
        "stdev": 0.49998280406
    },
    "spectral_centroid": {
        "max": 11802.7236328,
        "mean": 5714.59521484,
        "min": 559.418701172,
        "stdev": 4428.34570312
    },
    "spectral_complexity": {
        "max": 57,
        "mean": 14.2301034927,
        "min": 0,
        "stdev": 15.0277376175
    },
    "spectral_decrease": {
        "max": 2.66491552332e-28,
        "mean": -2.71101519012e-09,
        "min": -2.11098445391e-08,
        "stdev": 3.54308560269e-09
    },
    "spectral_energy": {
        "max": 0.0872454792261,
        "mean": 0.0117747625336,
        "min": 9.6747698757e-21,
        "stdev": 0.015137356706
    },
    "spectral_energyband_high": {
        "max": 0.0156759526581,
        "mean": 0.000922006322071,
        "min": 6.87497433633e-21,
        "stdev": 0.0016417033039
    },
    "spectral_energyband_low": {
        "max": 0.0262017473578,
        "mean": 0.000847202958539,
        "min": 1.03256007591e-23,
        "stdev": 0.00191036611795
    },
    "spectral_energyband_middle_high": {
        "max": 0.0490112379193,
        "mean": 0.00499189971015,
        "min": 1.09294005127e-21,
        "stdev": 0.00724382698536
    },
    "spectral_energyband_middle_low": {
        "max": 0.0712592899799,
        "mean": 0.00533159915358,
        "min": 1.13167928114e-22,
        "stdev": 0.00913711264729
    },
    "spectral_entropy": {
        "max": 9.8285446167,
        "mean": 8.59244728088,
        "min": 6.74260759354,
        "stdev": 1.02574980259
    },
    "spectral_flux": {
        "max": 0.220810487866,
        "mean": 0.0426563471556,
        "min": 6.27531360209e-11,
        "stdev": 0.0458352677524
    },
    "spectral_kurtosis": {
        "max": 21.6471176147,
        "mean": 1.80625641346,
        "min": -1.27588260174,
        "stdev": 3.23375797272
    },
    "spectral_rms": {
        "max": 0.00922591704875,
        "mean": 0.00237437547185,
        "min": 3.07226293017e-12,
        "stdev": 0.002418668475
    },
    "spectral_rolloff": {
        "max": 19918.2128906,
        "mean": 9237.27246094,
        "min": 21.533203125,
        "stdev": 7964.59082031
    },
    "spectral_skewness": {
        "max": 2.6607131958,
        "mean": 0.778750658035,
        "min": -0.106294885278,
        "stdev": 0.688911259174
    },
    "spectral_spread": {
        "max": 43161292,
        "mean": 18906616,
        "min": 1653917.5,
        "stdev": 17978864
    },
    "spectral_strongpeak": {
        "max": 10.3945465088,
        "mean": 0.964298427105,
        "min": 0,
        "stdev": 1.4177737236
    },
    "zerocrossingrate": {
        "max": 0.5986328125,
        "mean": 0.258267849684,
        "min": 0.02587890625,
        "stdev": 0.203276962042
    },
    "barkbands": {
        "max": [0.000731505337171, 0.00924769975245, 0.0131194610149, 0.0158467814326, 0.0188551228493, 0.0310303084552, 0.0535063818097, 0.0256547499448, 0.0626635178924, 0.0419211089611, 0.010386259295, 0.0171976033598, 0.0103274714202, 0.0107419360429, 0.00857429765165, 0.00456190435216, 0.0067945481278, 0.005279335659, 0.00399732543156, 0.00406829547137, 0.0045624258928, 0.00914991367608, 0.00392630463466, 0.00891591701657, 0.0013032045681, 0.000175320979906, 2.61383604538e-07],
        "mean": [2.50265693467e-05, 0.000428854022175, 0.000249390519457, 0.000278558785794, 0.000682197860442, 0.00105748628266, 0.000800336594693, 0.000750379113015, 0.00140192022081, 0.00130880239885, 0.000378579745302, 0.000498560955748, 0.000556988117751, 0.000327658752212, 0.000476075540064, 0.000311005220283, 0.000376374431653, 0.000408094114391, 0.000354417454218, 0.00033483185689, 0.000239228422288, 0.000167389269336, 0.000151365937199, 0.000163326258189, 3.99564087274e-05, 7.96128733782e-06, 2.80597278746e-09],
        "min": [5.20347382596e-26, 1.9704613397e-24, 1.38543647176e-25, 4.15338619258e-25, 3.33058218033e-24, 5.306428679e-24, 3.39595626683e-24, 4.65975876865e-24, 9.69433454123e-24, 1.22070221851e-23, 9.94466456114e-24, 1.84672511462e-23, 1.98480275207e-23, 2.04065725961e-23, 2.3615911194e-23, 4.70592227774e-23, 5.36168057569e-23, 7.26317235865e-23, 8.21441176151e-23, 1.67577482282e-22, 2.44456786392e-22, 2.42432531444e-22, 3.42878455563e-22, 5.05197630865e-22, 7.77727843794e-22, 1.23085373818e-21, 1.87019478046e-21],
        "stdev": [5.11958605784e-05, 0.000981597113423, 0.000803078874014, 0.000729594903532, 0.00147595396265, 0.00270844693296, 0.00394802447408, 0.00221637543291, 0.00420824531466, 0.00400715414435, 0.000769043341279, 0.00107293110341, 0.00123488844838, 0.000696883653291, 0.000877206795849, 0.00051804096438, 0.00074043800123, 0.000715815695003, 0.000571800104808, 0.000558630388696, 0.000435347901657, 0.000464301236207, 0.000341323757311, 0.000517317268532, 9.8874901596e-05, 1.97309454961e-05, 1.2763447188e-08]
    },
    "erbbands": {
        "max": [0.192123755813, 2.74449872971, 11.7201480865, 48.3372344971, 32.705078125, 78.4265594482, 67.5013198853, 354.693969727, 502.81930542, 1326.34362793, 269.042816162, 1852.28088379, 1391.60461426, 1114.59960938, 345.276580811, 660.959655762, 493.729980469, 643.893554688, 396.085205078, 352.586303711, 263.683929443, 213.401702881, 349.315460205, 257.617156982, 264.476287842, 256.849243164, 180.641967773, 171.537033081, 288.738677979, 309.172515869, 85.1467819214, 183.945770264, 135.167160034, 18.8844738007, 9.41172504425, 1.90788853168, 0.27840167284, 0.0172953046858, 0.000392828165786, 0.000119314106996],
        "mean": [0.00912162289023, 0.107530400157, 0.299250304699, 0.665345966816, 1.23642539978, 2.76120233536, 3.86940073967, 10.518737793, 8.10920238495, 19.7569770813, 16.519744873, 32.9924697876, 37.2848052979, 36.6056251526, 16.4496498108, 21.9576911926, 28.0929794312, 18.920501709, 22.1174926758, 20.9343414307, 19.7472305298, 18.179151535, 20.9763660431, 19.8837242126, 19.1923942566, 16.3588237762, 12.5362997055, 6.56123733521, 6.19192218781, 5.29858922958, 4.29252052307, 4.10028600693, 2.06459760666, 0.586405694485, 0.225046098232, 0.069060690701, 0.00942100770772, 0.000545742164832, 2.47824791586e-05, 1.75847399078e-05],
        "min": [3.66459085742e-23, 2.40104016e-22, 1.2552753572e-21, 3.32916083915e-21, 6.16317249453e-21, 1.13150100615e-20, 1.32413868845e-20, 4.4316543822e-20, 7.44119335967e-20, 9.32551338001e-20, 1.99800772372e-19, 2.06903410401e-19, 4.18741418445e-19, 4.49026258429e-19, 5.88438038098e-19, 1.05972951708e-18, 1.37629257148e-18, 1.46202167356e-18, 1.34291614395e-18, 2.12397419952e-18, 3.22968327473e-18, 4.00748658139e-18, 3.97443327129e-18, 4.149400996e-18, 6.9830661758e-18, 8.1157444409e-18, 8.33836025044e-18, 9.56686408078e-18, 9.18121179969e-18, 1.08240685968e-17, 1.10080178486e-17, 7.82818750866e-18, 8.88458069613e-18, 7.32889550066e-18, 5.82761066535e-18, 3.79699517168e-18, 2.01405719896e-18, 8.84129619583e-19, 2.14083997277e-19, 2.6433703541e-20],
        "stdev": [0.0209066867828, 0.258809447289, 0.862652242184, 1.91628694534, 2.89241957664, 6.42070388794, 6.62517738342, 30.659198761, 26.0054779053, 94.9139251709, 30.681219101, 107.112792969, 120.2006073, 118.110115051, 26.564365387, 44.405418396, 61.6946411133, 41.3068656921, 39.5005760193, 38.7432250977, 33.4824829102, 32.5579452515, 37.8246498108, 30.5083274841, 32.0331611633, 27.5174942017, 21.0568313599, 13.874174118, 16.7911186218, 15.0585832596, 9.15663433075, 11.7823181152, 7.41196870804, 1.49633741379, 0.609906852245, 0.171741083264, 0.0232486873865, 0.00149771152064, 4.71682287753e-05, 2.26317970373e-05]
    },
    "gfcc": {
        "mean": [-518.156616211, 41.7158851624, -95.9815673828, 19.3695774078, -43.258228302, 10.0854673386, -24.1391963959, 7.76655769348, -15.2386865616, 0.434458732605, -6.25933408737, -1.45835494995, -2.95963859558],
        "cov": [[389804.34375, 21665.7480469, -48867.6171875, 10374.1113281, -22819.4570312, 5332.23925781, -12627.0449219, 3966.45361328, -7940.72558594, 185.901382446, -3235.56713867, -852.160827637, -1513.06567383], [21665.7480469, 1718.38269043, -2700.76293945, 592.904663086, -1190.43127441, 239.387283325, -668.552490234, 195.030715942, -441.318634033, 8.44630336761, -163.803573608, -120.545173645, -65.3402557373], [-48867.6171875, -2700.76293945, 6710.53466797, -1083.3996582, 2830.1796875, -597.533935547, 1535.43261719, -530.808349609, 996.450195312, -15.2021598816, 375.723052979, 112.86113739, 168.689117432], [10374.1113281, 592.904663086, -1083.3996582, 471.975494385, -554.143005371, 195.873504639, -354.662017822, 90.7450180054, -215.76914978, -2.66005992889, -104.2135849, -12.2466573715, -54.0346717834], [-22819.4570312, -1190.43127441, 2830.1796875, -554.143005371, 1468.16625977, -299.572814941, 745.504455566, -225.089263916, 453.698364258, -19.0632209778, 167.32258606, 60.1350593567, 70.0946655273], [5332.23925781, 239.387283325, -597.533935547, 195.873504639, -299.572814941, 168.698547363, -148.044555664, 63.5161170959, -115.778152466, -4.87306690216, -58.3513526917, -8.49872112274, -16.7342033386], [-12627.0449219, -668.552490234, 1535.43261719, -354.662017822, 745.504455566, -148.044555664, 476.695983887, -111.283927917, 250.890258789, -11.1900453568, 110.420967102, 5.12701845169, 59.6531028748], [3966.45361328, 195.030715942, -530.808349609, 90.7450180054, -225.089263916, 63.5161170959, -111.283927917, 77.1491088867, -72.5357666016, -0.41363042593, -29.0225276947, -11.2616243362, -12.0378742218], [-7940.72558594, -441.318634033, 996.450195312, -215.76914978, 453.698364258, -115.778152466, 250.890258789, -72.5357666016, 201.459625244, 9.06505298615, 68.6929550171, 18.493680954, 28.5478057861], [185.901382446, 8.44630336761, -15.2021598816, -2.66005992889, -19.0632209778, -4.87306690216, -11.1900453568, -0.41363042593, 9.06505298615, 33.7043914795, 4.76035118103, 5.88421964645, -2.40393710136], [-3235.56713867, -163.803573608, 375.723052979, -104.2135849, 167.32258606, -58.3513526917, 110.420967102, -29.0225276947, 68.6929550171, 4.76035118103, 72.8782424927, -0.328866094351, 28.5491790771], [-852.160827637, -120.545173645, 112.86113739, -12.2466573715, 60.1350593567, -8.49872112274, 5.12701845169, -11.2616243362, 18.493680954, 5.88421964645, -0.328866094351, 63.2222137451, -5.22773790359], [-1513.06567383, -65.3402557373, 168.689117432, -54.0346717834, 70.0946655273, -16.7342033386, 59.6531028748, -12.0378742218, 28.5478057861, -2.40393710136, 28.5491790771, -5.22773790359, 48.2928009033]],
        "icov": [[0.000556675309781, -0.000980236800388, 0.00124053482432, -0.00160375924315, 0.00256757880561, -0.00113716698252, 0.0018440609565, -0.00228962977417, 0.00192791270092, -0.00104530842509, 0.00112250819802, -0.000411713699577, 0.00111807754729], [-0.000980236800388, 0.0042841960676, -0.00135122181382, 0.000917733181268, -0.00482407584786, 0.0036365154665, -0.00313401874155, 0.00488849775866, -0.00245121493936, 0.000533741142135, -0.00144500494935, 0.00415710546076, -0.00303696119227], [0.00124053482432, -0.00135122181382, 0.00450953422114, -0.00511657679453, 0.00473178597167, -0.00219724234194, 0.00253636110574, -0.001380580361, 0.0016425435897, -0.0022682887502, 0.00227177795023, -0.000236342806602, 0.00200318847783], [-0.00160375924315, 0.000917733181268, -0.00511657679453, 0.0141526376829, -0.00818579085171, -0.00387881672941, 0.00135531416163, 0.00507702305913, -0.00322337052785, 0.00399662833661, -0.00378630566411, 0.000555343693122, -0.000766533252317], [0.00256757880561, -0.00482407584786, 0.00473178597167, -0.00818579085171, 0.0184042621404, -0.00256639835425, 0.00209289393388, -0.00960661936551, 0.00680542504415, -0.00216837855987, 0.00672582304105, -0.00553403189406, 0.00694252224639], [-0.00113716698252, 0.0036365154665, -0.00219724234194, -0.00387881672941, -0.00256639835425, 0.0204951874912, -0.0108033968136, -0.000509858713485, 4.57406349597e-05, 0.000955189927481, 0.00405838852748, 0.000207284625503, -0.00568504631519], [0.0018440609565, -0.00313401874155, 0.00253636110574, 0.00135531416163, 0.00209289393388, -0.0108033968136, 0.0271563120186, -0.0107234073803, 0.00589545071125, -0.00201385212131, -0.000867154099979, 0.00557794049382, 0.000725287711248], [-0.00228962977417, 0.00488849775866, -0.001380580361, 0.00507702305913, -0.00960661936551, -0.000509858713485, -0.0107234073803, 0.0433212146163, -0.0149881420657, 0.00673102680594, -0.00596424471587, 0.00297819660045, -0.00376447080635], [0.00192791270092, -0.00245121493936, 0.0016425435897, -0.00322337052785, 0.00680542504415, 4.57406349597e-05, 0.00589545071125, -0.0149881420657, 0.0351394228637, -0.0133898342028, 0.00282041914761, -0.000571704702452, 0.00369466096163], [-0.00104530842509, 0.000533741142135, -0.0022682887502, 0.00399662833661, -0.00216837855987, 0.000955189927481, -0.00201385212131, 0.00673102680594, -0.0133898342028, 0.0383183918893, -0.00676201283932, -0.00426683807746, 0.00136856734753], [0.00112250819802, -0.00144500494935, 0.00227177795023, -0.00378630566411, 0.00672582304105, 0.00405838852748, -0.000867154099979, -0.00596424471587, 0.00282041914761, -0.00676201283932, 0.0308279078454, 4.92274848511e-05, -0.00795210618526], [-0.000411713699577, 0.00415710546076, -0.000236342806602, 0.000555343693122, -0.00553403189406, 0.000207284625503, 0.00557794049382, 0.00297819660045, -0.000571704702452, -0.00426683807746, 4.92274848511e-05, 0.0245657861233, -0.00111571257003], [0.00111807754729, -0.00303696119227, 0.00200318847783, -0.000766533252317, 0.00694252224639, -0.00568504631519, 0.000725287711248, -0.00376447080635, 0.00369466096163, 0.00136856734753, -0.00795210618526, -0.00111571257003, 0.0323570407927]]
    },
    "melbands": {
        "max": [0.002003635047, 0.00508699798957, 0.00678876554593, 0.00466603878886, 0.0023502940312, 0.00724932830781, 0.00855301786214, 0.0121110538021, 0.00219829240814, 0.0123085714877, 0.00718321138993, 0.00477757072076, 0.00145080580842, 0.00126220704988, 0.00223077158444, 0.000903982610907, 0.0013152109459, 0.000775542575866, 0.000938277225941, 0.000378881668439, 0.000443449651357, 0.000314146454912, 0.000441717013018, 0.000335123477271, 0.000234167440794, 0.000233986211242, 0.000194482956431, 0.000159003320732, 0.000169284176081, 0.000156630121637, 8.24900271255e-05, 0.000144680088852, 0.000239941116888, 0.000145193000208, 4.75408160128e-05, 8.0378173152e-05, 0.000121477154607, 0.000111131666927, 4.61096242361e-05, 1.03054026113e-05],
        "mean": [0.000103818565549, 0.000155208181241, 0.000127351086121, 0.000142288976349, 0.000135215479531, 0.00022294052178, 0.000139991156175, 0.000204488242161, 0.000138982853969, 0.000210937156226, 0.000182836447493, 0.000154677385581, 5.25646937604e-05, 5.66108246858e-05, 5.93955592194e-05, 5.58078645554e-05, 3.05928515445e-05, 3.18590282404e-05, 3.38846039085e-05, 2.33798855334e-05, 2.37712938542e-05, 1.87890018424e-05, 1.89337097254e-05, 2.06827717193e-05, 1.51029635163e-05, 1.49290781337e-05, 1.22660439956e-05, 1.00971265056e-05, 8.61190619617e-06, 5.17971466252e-06, 3.29915064867e-06, 3.38229688168e-06, 3.38056361215e-06, 2.85349506157e-06, 2.6610293844e-06, 2.09753193303e-06, 2.5928325158e-06, 1.60467732258e-06, 8.0133878555e-07, 3.80406106615e-07],
        "min": [4.82434246779e-25, 7.22139838718e-25, 1.18307797096e-24, 8.54292775789e-25, 4.69251296369e-25, 1.03871405872e-24, 1.28270922974e-24, 8.69773678016e-25, 1.42056267293e-24, 1.31851671091e-24, 2.12482327505e-24, 1.51460120372e-24, 1.73241881446e-24, 1.9516442461e-24, 2.80341562522e-24, 2.20024942164e-24, 2.00850179027e-24, 1.87455715287e-24, 2.58316802707e-24, 2.5469137548e-24, 3.1960413613e-24, 3.3815063072e-24, 3.36729576686e-24, 3.33901234239e-24, 2.83047966794e-24, 3.41971596844e-24, 3.81336150445e-24, 4.52102535112e-24, 4.03386232695e-24, 4.13572241362e-24, 4.97170158628e-24, 4.64959074601e-24, 4.30323150482e-24, 4.85447291146e-24, 4.5043930078e-24, 5.02886639177e-24, 4.37094377505e-24, 4.83902464835e-24, 4.44586662838e-24, 6.01500523774e-24],
        "stdev": [0.000227182317758, 0.000398834905354, 0.000318668026011, 0.000326588662574, 0.000235302097281, 0.000623536994681, 0.00051155523397, 0.00092433206737, 0.000262496527284, 0.000682499317918, 0.000603637192398, 0.000517859356478, 9.71809713519e-05, 0.000116984745546, 0.000135301394039, 0.000116266412078, 7.43124837754e-05, 5.92965552642e-05, 6.7118271545e-05, 4.30092732131e-05, 4.56883681181e-05, 3.69003901142e-05, 3.92936744902e-05, 3.98470983782e-05, 2.41893649218e-05, 2.72859451798e-05, 2.1635883968e-05, 1.75475797732e-05, 1.51838012243e-05, 1.09598322524e-05, 7.5145626397e-06, 9.52172831603e-06, 1.02490521385e-05, 8.12787857285e-06, 5.92770811636e-06, 5.21052652402e-06, 8.04191677162e-06, 6.00487055635e-06, 2.7197459076e-06, 8.41619396397e-07]
    },
    "melbands128": {
        "max": [0.000633410003502, 0.00191980937961, 0.00325349438936, 0.00569798797369, 0.00738816522062, 0.00827982462943, 0.0119950016961, 0.00530985742807, 0.00309750740416, 0.00694101396948, 0.00463809492067, 0.00389664480463, 0.00266682147048, 0.00305136851966, 0.00814153440297, 0.012418887578, 0.00452781515196, 0.0137974377722, 0.0183133967221, 0.0246300660074, 0.00937740318477, 0.00245201122016, 0.00391039811075, 0.00369030563161, 0.0151833156124, 0.0188736766577, 0.0195425134152, 0.0118653373793, 0.0129644228145, 0.0102141089737, 0.00592458527535, 0.00191899156198, 0.00224370299838, 0.000961426936556, 0.00177182385232, 0.00178353441879, 0.00270808907226, 0.004426675383, 0.00310569861904, 0.00176558375824, 0.00102712819353, 0.00232513574883, 0.00298749795184, 0.000410898006521, 0.000519400055055, 0.00167452730238, 0.00134197599255, 0.00161770789418, 0.000900602608453, 0.000927450950257, 0.000720501469914, 0.000718093186151, 0.000506827316713, 0.00113074097317, 0.00103110750206, 0.000418557145167, 0.000546153518371, 0.000840741442516, 0.000435386958998, 0.000794744119048, 0.000610465067439, 0.000515262130648, 0.000396061455831, 0.000323999644024, 0.00029494764749, 0.00034418926225, 0.000438735442003, 0.000220538975555, 0.000299351959256, 0.000443257566076, 0.000201879622182, 0.000272113480605, 0.000249332486419, 0.000271856581094, 0.000204985510209, 0.000134111236548, 0.000381570920581, 0.000164770142874, 0.000103363789094, 0.000145657890243, 0.000199770118343, 0.000243501941441, 0.000137084993185, 0.000373952236259, 0.000183231924893, 0.000171657826286, 0.000143170342199, 9.30035384954e-05, 9.89474356174e-05, 4.85949021822e-05, 6.72289606882e-05, 5.78119688726e-05, 0.000171328196302, 0.000174723143573, 0.000110280954686, 0.000137879018439, 0.000124739177409, 8.32791411085e-05, 5.8615769376e-05, 2.61289987975e-05, 1.27016655824e-05, 8.24836752145e-06, 1.0260727322e-05, 1.84519049071e-05, 1.24110829347e-05, 7.33035813028e-06, 6.07770971328e-06, 5.19863897352e-06, 2.67366340267e-06, 5.27088241142e-06, 2.14537499232e-06, 1.27463670196e-06, 6.37920095414e-07, 7.09278197064e-07, 4.19124575046e-07, 1.654436943e-07, 1.05855857413e-08, 2.27680985176e-10, 5.05998680456e-11, 4.95221225139e-11, 4.74331962597e-11, 4.70734666524e-11, 4.55696036461e-11, 4.49522433166e-11, 4.40388628342e-11, 4.26941815235e-11, 4.2016716495e-11, 4.17293768984e-11],
        "mean": [1.89568308997e-05, 5.66888193134e-05, 0.000140501957503, 0.000191948420252, 0.000166217141668, 0.000114121598017, 0.00013657315867, 0.000133081673994, 0.000109788816189, 0.00014538729738, 0.000167032150785, 0.000131922453875, 0.000116941002489, 0.000145646219607, 0.000248550815741, 0.000292019249173, 0.000116292307212, 7.90426784079e-05, 0.000189698010217, 0.000297610589769, 0.000151083717356, 0.000111791814561, 0.000137584735057, 0.000135889233206, 0.000281991728116, 0.000166396595887, 0.000236306455918, 0.000175672350451, 0.00014479510719, 0.000219377863687, 0.000143931349157, 5.23859343957e-05, 5.58335668757e-05, 4.107451241e-05, 4.90844140586e-05, 6.84229817125e-05, 5.64816218684e-05, 4.6107757953e-05, 7.28058366803e-05, 7.47294543544e-05, 3.50250193151e-05, 5.8899695432e-05, 3.37277342624e-05, 1.32261948238e-05, 2.25463263632e-05, 3.26267218043e-05, 5.03187911818e-05, 3.30951843353e-05, 2.62521862169e-05, 3.02492935589e-05, 2.15630116145e-05, 1.81380401045e-05, 2.36112773564e-05, 2.72777742794e-05, 2.47796215262e-05, 1.51449276018e-05, 1.39017001857e-05, 2.54864116869e-05, 1.62481355801e-05, 1.59299561346e-05, 2.23566039494e-05, 2.44565489993e-05, 1.4789047782e-05, 1.36398912218e-05, 1.33514258778e-05, 1.56758742378e-05, 1.5824838556e-05, 1.22901219584e-05, 1.04644141175e-05, 1.28369620143e-05, 1.19346195788e-05, 7.78101184551e-06, 7.24882374925e-06, 1.11045774247e-05, 6.45631416774e-06, 5.90918125454e-06, 4.38567758465e-06, 3.26971121467e-06, 3.24258394357e-06, 3.19542687066e-06, 2.86297290586e-06, 3.48634239344e-06, 4.31992748418e-06, 3.34669266522e-06, 2.76448554359e-06, 2.70327677754e-06, 3.16281307278e-06, 2.45696446655e-06, 3.40437236446e-06, 1.84021610039e-06, 2.01037005354e-06, 1.5435749674e-06, 3.46567207998e-06, 2.76739683613e-06, 2.23834013013e-06, 1.49352842982e-06, 1.86367128663e-06, 1.11253882551e-06, 8.069081332e-07, 6.40844348254e-07, 4.10742529766e-07, 3.32412213311e-07, 3.29805999399e-07, 3.27059098026e-07, 2.40580135369e-07, 1.83183701097e-07, 2.3799024973e-07, 1.1419400181e-07, 1.0350570534e-07, 1.14706040222e-07, 5.13141777958e-08, 2.57657610803e-08, 2.11099777658e-08, 1.44326062212e-08, 1.23189201062e-08, 1.74520797813e-09, 9.24595400242e-11, 3.91920870757e-12, 2.4806125036e-12, 2.39331709832e-12, 2.31800819858e-12, 2.28043972594e-12, 2.26036680692e-12, 2.19562974572e-12, 2.00582020611e-12, 1.69783143707e-12, 1.53240354434e-12, 1.50142138305e-12],
        "min": [2.57744616007e-26, 2.47221291651e-25, 1.24351065741e-25, 1.14044043346e-25, 5.72700198201e-26, 7.31395901172e-26, 2.51354848838e-25, 1.82906423472e-25, 2.45436765023e-25, 2.38922080497e-25, 1.78753277266e-26, 1.20821011797e-25, 1.48539642669e-26, 3.34064079782e-25, 4.44501130594e-25, 1.42463817488e-25, 2.11898738068e-25, 3.3230255338e-25, 8.77514881013e-26, 3.04334747233e-25, 4.26366894713e-25, 4.56166904268e-25, 6.2688498302e-25, 4.38287026725e-25, 2.36337920083e-25, 5.30156535152e-25, 2.71773502642e-25, 6.16029073673e-25, 5.32643271244e-25, 5.80759299816e-25, 4.32634443908e-25, 5.75784742948e-25, 8.03822589061e-25, 7.17304219977e-25, 6.94815817025e-25, 8.33179110876e-25, 1.01570160561e-24, 5.74487904923e-25, 7.0055399125e-25, 7.31216965332e-25, 7.0346281723e-25, 9.35029928426e-25, 1.08596584087e-24, 7.48869552327e-25, 7.39634209798e-25, 1.21798437576e-24, 1.17145065425e-24, 7.25854781936e-25, 8.55373120799e-25, 8.01558311744e-25, 9.84583508086e-25, 1.96595240798e-24, 7.56840745255e-25, 8.31756005803e-25, 9.01533020845e-25, 1.33681226885e-24, 1.24731826713e-24, 2.30380062888e-24, 1.6053614258e-24, 1.70464085262e-24, 1.86212450779e-24, 1.43080820115e-24, 1.05489556804e-24, 1.54094255124e-24, 2.03729619939e-24, 2.20010624339e-24, 2.03641385847e-24, 1.33937222109e-24, 1.57719209034e-24, 1.93021996721e-24, 2.39678642479e-24, 2.25426055846e-24, 1.63736423083e-24, 2.36534479569e-24, 2.11168795212e-24, 2.56247324729e-24, 1.9212529853e-24, 2.14509305601e-24, 1.33671602782e-24, 2.81019253204e-24, 2.02891258012e-24, 2.40804938636e-24, 2.60445228315e-24, 2.72302458531e-24, 2.25883338791e-24, 2.61930850615e-24, 3.29756559043e-24, 1.67318995441e-24, 2.21564009791e-24, 2.98646843169e-24, 3.30685994961e-24, 3.77103004498e-24, 2.47633535568e-24, 2.78466578201e-24, 3.03857308891e-24, 2.56196226264e-24, 3.19807011433e-24, 2.92734863166e-24, 2.68636523296e-24, 3.68465884776e-24, 3.06493405935e-24, 3.93374680618e-24, 3.28381692814e-24, 3.06423118429e-24, 3.98829772107e-24, 3.40082432748e-24, 3.11813759982e-24, 4.09911847875e-24, 3.37513388881e-24, 4.1497223281e-24, 2.92536109661e-24, 4.46598534248e-24, 4.9311056208e-24, 4.56780638053e-24, 3.21565520441e-24, 4.200739935e-24, 4.47205562714e-24, 3.73451801241e-24, 4.86865702496e-24, 4.01724299983e-24, 3.11596724625e-24, 4.67823625763e-24, 3.88935760304e-24, 4.99045359886e-24, 5.32304918941e-24, 5.39851714563e-24, 5.78904549777e-24, 5.23397417144e-24],
        "stdev": [4.10191350966e-05, 0.000150111009134, 0.00033028901089, 0.000493339844979, 0.000487683864776, 0.000394867034629, 0.000442823482445, 0.000330870010657, 0.000297254620818, 0.000413011905039, 0.00042715674499, 0.000317087571602, 0.000230161793297, 0.000317179656122, 0.000762320298236, 0.00101887178607, 0.000327239511535, 0.000523083843291, 0.00123354187235, 0.00164718262386, 0.000744431163184, 0.000256425322732, 0.000313603901304, 0.000398760661483, 0.00116562028416, 0.000776534492616, 0.00114812259562, 0.000809652381577, 0.000604726024903, 0.000880984938703, 0.000557636318263, 0.000136363523779, 0.000141281023389, 8.91411546036e-05, 0.000141841970617, 0.000178178655915, 0.000158970375196, 0.000192879306269, 0.000220777888899, 0.000211869293707, 0.000100704877696, 0.000155380388605, 0.000130498039653, 3.1815499824e-05, 4.74896514788e-05, 8.11519348645e-05, 0.000126542858197, 0.000100495191873, 6.62999373162e-05, 8.28329430078e-05, 5.30857760168e-05, 4.69217047794e-05, 5.66908929613e-05, 7.6747892308e-05, 7.39824754419e-05, 4.14471396653e-05, 4.40761941718e-05, 7.42415286368e-05, 3.60682679457e-05, 5.54214420845e-05, 5.49856995349e-05, 5.29894568899e-05, 3.37112978741e-05, 3.01279396808e-05, 2.86858139589e-05, 3.74632436433e-05, 3.89769011235e-05, 2.47557363764e-05, 2.57000210695e-05, 3.34374490194e-05, 2.35631378018e-05, 1.82410822163e-05, 1.56706737471e-05, 2.54674159805e-05, 1.42731814776e-05, 1.41901628012e-05, 1.49806364789e-05, 9.27171367948e-06, 7.84090116213e-06, 8.67478775035e-06, 1.00679890238e-05, 1.22635947264e-05, 1.21375023809e-05, 1.34316660478e-05, 9.42389942793e-06, 1.02774965853e-05, 9.69735538092e-06, 6.94992331773e-06, 9.47066200752e-06, 4.71521070722e-06, 5.41033250556e-06, 4.0885774979e-06, 1.10828241304e-05, 1.00549832496e-05, 7.35497678761e-06, 6.9122147579e-06, 6.71167799737e-06, 5.06712240167e-06, 2.87370653496e-06, 1.97400117941e-06, 9.76940782493e-07, 7.36677066016e-07, 8.54866698319e-07, 1.10364317152e-06, 7.71683914991e-07, 5.26826909208e-07, 6.92391552093e-07, 3.08250946546e-07, 2.70348920139e-07, 3.71226263951e-07, 1.54368251515e-07, 8.20731429485e-08, 5.3238988329e-08, 4.34320703846e-08, 4.13672012201e-08, 1.00424291105e-08, 5.06883812701e-10, 1.21786903479e-11, 4.797149223e-12, 4.63936701556e-12, 4.4959869161e-12, 4.38005924933e-12, 4.2865298984e-12, 4.19067775273e-12, 4.06921154758e-12, 3.91480988252e-12, 3.83470295448e-12, 3.80489780308e-12]
    },
    "mfcc": {
        "mean": [-886.990600586, 53.9905471802, -16.9340896606, 6.0960392952, -4.43625736237, -1.45273923874, -0.860555052757, 1.64190590382, -3.03526234627, 2.80736279488, -3.25485658646, -0.145217955112, -1.36591291428],
        "cov": [[103514.351562, 13767.7626953, -3600.46850586, 1698.10131836, -1280.92126465, -404.802368164, -251.221481323, 378.286499023, -917.356079102, 799.742370605, -973.77746582, -28.4256324768, -427.449523926], [13767.7626953, 2441.39990234, -696.541748047, 287.520080566, -152.473312378, -69.6451568604, -1.09396028519, 24.1996917725, -102.043983459, 117.892669678, -110.065307617, -9.36654281616, -49.87758255], [-3600.46850586, -696.541748047, 634.638000488, 27.2925930023, 89.13230896, 81.1789245605, -12.1692266464, -27.3483390808, 23.5916099548, -35.0743751526, 7.49027252197, 7.9640750885, 22.7146720886], [1698.10131836, 287.520080566, 27.2925930023, 168.347000122, 57.2099571228, 40.528591156, -5.78599691391, 13.2785787582, -14.48624897, 0.00616947002709, -16.0600414276, -3.4459528923, 4.0725979805], [-1280.92126465, -152.473312378, 89.13230896, 57.2099571228, 126.009307861, 50.886592865, 2.39860367775, 18.2841625214, 22.0144882202, -24.3376293182, 8.66638851166, 0.27614492178, 12.6894817352], [-404.802368164, -69.6451568604, 81.1789245605, 40.528591156, 50.886592865, 87.4119796753, 13.7943086624, 21.5034637451, 18.6749095917, -13.2741508484, 2.79184556007, -3.74052238464, 10.88372612], [-251.221481323, -1.09396028519, -12.1692266464, -5.78599691391, 2.39860367775, 13.7943086624, 80.2351303101, 12.8000679016, 12.6064729691, 19.3704414368, -10.1380729675, -0.715918183327, -8.59092521667], [378.286499023, 24.1996917725, -27.3483390808, 13.2785787582, 18.2841625214, 21.5034637451, 12.8000679016, 55.6017379761, 11.0156393051, -5.16583347321, -0.116967469454, -7.19958400726, -0.773440241814], [-917.356079102, -102.043983459, 23.5916099548, -14.48624897, 22.0144882202, 18.6749095917, 12.6064729691, 11.0156393051, 50.860244751, 2.07177782059, 7.90073060989, -0.942122101784, 5.04451751709], [799.742370605, 117.892669678, -35.0743751526, 0.00616947002709, -24.3376293182, -13.2741508484, 19.3704414368, -5.16583347321, 2.07177782059, 52.8621406555, -9.16930675507, 0.778719186783, -8.92187404633], [-973.77746582, -110.065307617, 7.49027252197, -16.0600414276, 8.66638851166, 2.79184556007, -10.1380729675, -0.116967469454, 7.90073060989, -9.16930675507, 54.1448669434, 6.0986533165, 3.89051127434], [-28.4256324768, -9.36654281616, 7.9640750885, -3.4459528923, 0.27614492178, -3.74052238464, -0.715918183327, -7.19958400726, -0.942122101784, 0.778719186783, 6.0986533165, 29.8770160675, 9.10109710693], [-427.449523926, -49.87758255, 22.7146720886, 4.0725979805, 12.6894817352, 10.88372612, -8.59092521667, -0.773440241814, 5.04451751709, -8.92187404633, 3.89051127434, 9.10109710693, 34.1032447815]],
        "icov": [[7.81270064181e-05, -0.000318289734423, -1.14843669508e-05, -0.000173680542503, 0.000419274001615, -0.000217788285227, 0.000508228840772, -0.000725291843992, 0.000526500807609, -0.000432646746049, 0.000617279380094, -0.000465232325951, 0.000429865758633], [-0.000318289734423, 0.00268877646886, 0.00138060480822, -0.00225516292267, 2.49889740189e-06, 0.000636285345536, -0.00153791496996, 0.0028469869867, -0.00181542930659, 0.00042039892287, -0.00114995928016, 0.00111897778697, -0.00102298276033], [-1.14843669508e-05, 0.00138060480822, 0.00336545775644, -0.0025148219429, 0.000597977079451, -0.00211004307494, 0.000745514698792, 0.00202625803649, -0.000108733715024, -0.000622384424787, 0.00152803119272, -0.000999867799692, 0.000564419548027], [-0.000173680542503, -0.00225516292267, -0.0025148219429, 0.0158473066986, -0.00910784676671, -0.00266299396753, -0.000317985162837, 0.000939970195759, 0.00335207977332, 0.000459650822449, -0.00167031842284, 0.00277280528098, -0.00243764417246], [0.000419274001615, 2.49889740189e-06, 0.000597977079451, -0.00910784676671, 0.0184694137424, -0.00413556629792, 0.00242176558822, -0.00540041783825, -0.00206783926114, 0.00118828704581, 0.00327382609248, -0.00419025542215, 0.00224483921193], [-0.000217788285227, 0.000636285345536, -0.00211004307494, -0.00266299396753, -0.00413556629792, 0.0207940656692, -0.00528191635385, -0.00274788192473, -0.00544733507559, 0.00416254717857, -0.0030998850707, 0.00410160701722, -0.0054122582078], [0.000508228840772, -0.00153791496996, 0.000745514698792, -0.000317985162837, 0.00242176558822, -0.00528191635385, 0.0198726020753, -0.00748931663111, 0.00159512285609, -0.00941020064056, 0.00770499743521, -0.00572725851089, 0.00723473075777], [-0.000725291843992, 0.0028469869867, 0.00202625803649, 0.000939970195759, -0.00540041783825, -0.00274788192473, -0.00748931663111, 0.0303506981581, -0.00832556281239, 0.00715552270412, -0.00587325775996, 0.00831952970475, -0.00314739835449], [0.000526500807609, -0.00181542930659, -0.000108733715024, 0.00335207977332, -0.00206783926114, -0.00544733507559, 0.00159512285609, -0.00832556281239, 0.0308901127428, -0.00862714089453, 0.00189037329983, -0.00136686535552, -0.000340076046996], [-0.000432646746049, 0.00042039892287, -0.000622384424787, 0.000459650822449, 0.00118828704581, 0.00416254717857, -0.00941020064056, 0.00715552270412, -0.00862714089453, 0.0298008583486, -0.00273721152917, 0.00126951024868, 0.000618793652393], [0.000617279380094, -0.00114995928016, 0.00152803119272, -0.00167031842284, 0.00327382609248, -0.0030998850707, 0.00770499743521, -0.00587325775996, 0.00189037329983, -0.00273721152917, 0.0275065228343, -0.00905952136964, 0.0050997515209], [-0.000465232325951, 0.00111897778697, -0.000999867799692, 0.00277280528098, -0.00419025542215, 0.00410160701722, -0.00572725851089, 0.00831952970475, -0.00136686535552, 0.00126951024868, -0.00905952136964, 0.0426272302866, -0.0146717848256], [0.000429865758633, -0.00102298276033, 0.000564419548027, -0.00243764417246, 0.00224483921193, -0.0054122582078, 0.00723473075777, -0.00314739835449, -0.000340076046996, 0.000618793652393, 0.0050997515209, -0.0146717848256, 0.039318613708]]
    },
    "spectral_contrast_coeffs": {
        "max": [-0.482692986727, -0.499556362629, -0.471251010895, -0.640621542931, -0.633189201355, -0.618222594261],
        "mean": [-0.828051149845, -0.841384828091, -0.837449669838, -0.85329079628, -0.844742774963, -0.838132560253],
        "min": [-0.988639831543, -0.98544472456, -0.978785634041, -0.974754691124, -0.969460487366, -0.965292274952],
        "stdev": [0.123430751264, 0.120295852423, 0.118142388761, 0.098324470222, 0.101522922516, 0.10404522717]
    },
    "spectral_contrast_valleys": {
        "max": [-5.35377931595, -4.96147203445, -5.49265813828, -5.94695281982, -5.32997274399, -7.84961700439],
        "mean": [-15.4865665436, -15.1019649506, -15.3110437393, -15.3955488205, -15.3666658401, -17.0570030212],
        "min": [-28.1872348785, -28.0921649933, -28.002822876, -27.6518516541, -27.6656742096, -27.4287452698],
        "stdev": [9.78415393829, 10.0380926132, 9.91271781921, 9.81897544861, 9.86433601379, 8.48391723633]
    }
},
"rhythm": {
    "beats_count": 53,
    "beats_loudness": {
        "max": 0.0486095063388,
        "mean": 0.0140286134556,
        "min": 0,
        "stdev": 0.0157778970897
    },
    "bpm": 123.175239563,
    "bpm_histogram_first_peak_bpm": 123,
    "bpm_histogram_first_peak_weight": 0.483870983124,
    "bpm_histogram_second_peak_bpm": 112,
    "bpm_histogram_second_peak_spread": 0.199999988079,
    "bpm_histogram_second_peak_weight": 0.153846159577,
    "danceability": 0.835885941982,
    "onset_rate": 1.52810263634,
    "beats_loudness_band_ratio": {
        "max": [0.632998526096, 0.550112426281, 0.736163377762, 0.603627979755, 0.724891901016, 0.282709777355],
        "mean": [0.074576869607, 0.09188811481, 0.126818880439, 0.124875470996, 0.126384019852, 0.0783605873585],
        "min": [0, 0, 0, 0, 0, 0],
        "stdev": [0.151835441589, 0.130936205387, 0.177565962076, 0.146074429154, 0.154729351401, 0.0869036018848]
    },
    "beats_position": [0.46439909935, 0.940408170223, 1.4164172411, 1.89242625237, 2.34521532059, 2.8444442749, 3.34367346764, 3.83129239082, 4.31891155243, 4.80653047562, 5.2941493988, 5.78176879883, 6.26938772202, 6.7570066452, 7.23301553726, 7.72063493729, 8.19664382935, 8.68426322937, 9.18349170685, 9.67111110687, 10.1587295532, 10.6463489532, 11.1455783844, 11.6448068619, 12.144036293, 12.6316547394, 13.1424942017, 13.6417226791, 14.1525621414, 14.66340065, 15.2090702057, 15.7663488388, 16.3352375031, 16.7648067474, 17.1943759918, 17.6239452362, 18.088344574, 18.5527439117, 19.0171432495, 19.4931507111, 19.96916008, 20.4451694489, 20.9327888489, 21.4204082489, 21.9080276489, 22.4420852661, 22.9761447906, 23.5102043152, 24.0442619324, 24.5783214569, 25.1123809814, 25.6464385986, 26.1804981232],
