{
"metadata": {
    "version": {
        "essentia": "2.1-beta5",
        "essentia_git_sha": "Undefined",
        "extractor": "music 2.0"
    },
    "audio_properties": {
        "analysis": {
            "equal_loudness": 0,
            "length": 12.7477550507,
            "sample_rate": 44100,
            "start_time": 0,
            "downmix": "mix"
        },
        "bit_rate": 192000,
        "length": 205.891357422,
        "lossless": 0,
        "number_channels": 2,
        "replay_gain": 16.5308132172,
        "sample_rate": 48000,
        "codec": "mp3",
        "md5_encoded": "6b1f4bb2835ce0fdd83b57b4f87fa813"
    },
    "tags": {
        "file_name": "Belgium_Nous On Veut Des Violons_Morgane.mp3",
        "encoding": ["Lavf58.29.100"]
    }
},
"lowlevel": {
    "average_loudness": 0.000530970457476,
    "barkbands_crest": {
        "max": 23.2417545319,
        "mean": 6.77418708801,
        "min": 3.6492292881,
        "stdev": 1.75888907909
    },
    "barkbands_flatness_db": {
        "max": 0.268434524536,
        "mean": 0.0845018923283,
        "min": 0.0533419772983,
        "stdev": 0.0299789607525
    },
    "barkbands_kurtosis": {
        "max": 6.80374240875,
        "mean": 2.86631631851,
        "min": -1.38949584961,
        "stdev": 1.3188611269
    },
    "barkbands_skewness": {
        "max": 2.78551769257,
        "mean": -1.52796304226,
        "min": -2.28721737862,
        "stdev": 0.851365923882
    },
    "barkbands_spread": {
        "max": 51.3807106018,
        "mean": 24.8372840881,
        "min": 5.83212041855,
        "stdev": 5.82203722
    },
    "dissonance": {
        "max": 0.499987870455,
        "mean": 0.490281164646,
        "min": 0.382840543985,
        "stdev": 0.0124683063477
    },
    "dynamic_complexity": 12.2876777649,
    "erbbands_crest": {
        "max": 20.0376243591,
        "mean": 4.22304725647,
        "min": 2.5938231945,
        "stdev": 2.35838294029
    },
    "erbbands_flatness_db": {
        "max": 0.309475034475,
        "mean": 0.118850432336,
        "min": 0.0750531032681,
        "stdev": 0.0516797080636
    },
    "erbbands_kurtosis": {
        "max": 2.43676900864,
        "mean": 0.105396986008,
        "min": -1.39170742035,
        "stdev": 0.421800911427
    },
    "erbbands_skewness": {
        "max": 1.25678408146,
        "mean": -0.555979371071,
        "min": -1.26241755486,
        "stdev": 0.31349286437
    },
    "erbbands_spread": {
        "max": 46.3972854614,
        "mean": 33.8542518616,
        "min": 9.08230209351,
        "stdev": 6.95173406601
    },
    "hfc": {
        "max": 219.736190796,
        "mean": 5.90714454651,
        "min": 1.0511130951e-16,
        "stdev": 23.6211833954
    },
    "loudness_ebu128": {
        "integrated": -37.5907821655,
        "loudness_range": 13.9729766846,
        "momentary": {
            "max": -34.3044509888,
            "mean": -262.064178467,
            "min": -300.691009521,
            "stdev": 91.5115432739
        },
        "short_term": {
            "max": -39.830581665,
            "mean": -253.301193237,
            "min": -300.691009521,
            "stdev": 97.6003952026
        }
    },
    "melbands_crest": {
        "max": 30.3045120239,
        "mean": 3.42158102989,
        "min": 1.59109520912,
        "stdev": 3.60440087318
    },
    "melbands_flatness_db": {
        "max": 0.299231231213,
        "mean": 0.0305499061942,
        "min": 0.00262847077101,
        "stdev": 0.0628372505307
    },
    "melbands_kurtosis": {
        "max": 18.9439201355,
        "mean": -0.771716594696,
        "min": -1.41870486736,
        "stdev": 1.69284391403
    },
    "melbands_skewness": {
        "max": 4.14396572113,
        "mean": 0.130745828152,
        "min": -0.433578073978,
        "stdev": 0.496869176626
    },
    "melbands_spread": {
        "max": 166.184249878,
        "mean": 117.721916199,
        "min": 7.20895910263,
        "stdev": 38.7512321472
    },
    "pitch_salience": {
        "max": 0.940932571888,
        "mean": 0.779929876328,
        "min": 0.303381025791,
        "stdev": 0.0526777282357
    },
    "silence_rate_20dB": {
        "max": 1,
        "mean": 1,
        "min": 1,
        "stdev": 0
    },
    "silence_rate_30dB": {
        "max": 1,
        "mean": 0.978181838989,
        "min": 0,
        "stdev": 0.14608950913
    },
    "silence_rate_60dB": {
        "max": 1,
        "mean": 0.885454535484,
        "min": 0,
        "stdev": 0.318472623825
    },
    "spectral_centroid": {
        "max": 11861.9130859,
        "mean": 9696.51464844,
        "min": 587.301696777,
        "stdev": 3306.65307617
    },
    "spectral_complexity": {
        "max": 45,
        "mean": 3.79636359215,
        "min": 0,
        "stdev": 10.4663295746
    },
    "spectral_decrease": {
        "max": 2.59577728647e-28,
        "mean": -1.60619417766e-09,
        "min": -8.67745200139e-08,
        "stdev": 7.06484026836e-09
    },
    "spectral_energy": {
        "max": 0.347437530756,
        "mean": 0.00659793522209,
        "min": 9.96981001368e-21,
        "stdev": 0.0287062600255
    },
    "spectral_energyband_high": {
        "max": 0.00350340409204,
        "mean": 3.3168191294e-05,
        "min": 6.78671319562e-21,
        "stdev": 0.000185882381629
    },
    "spectral_energyband_low": {
        "max": 0.0021166652441,
        "mean": 3.53079994966e-05,
        "min": 1.01681725214e-23,
        "stdev": 0.000171712381416
    },
    "spectral_energyband_middle_high": {
        "max": 0.0812997072935,
        "mean": 0.0020430283621,
        "min": 1.03104640329e-21,
        "stdev": 0.00793381221592
    },
    "spectral_energyband_middle_low": {
        "max": 0.298097968102,
        "mean": 0.00451356684789,
        "min": 1.15649129164e-22,
        "stdev": 0.0223865881562
    },
    "spectral_entropy": {
        "max": 9.83076381683,
        "mean": 9.48007488251,
        "min": 6.73208475113,
        "stdev": 0.799488067627
    },
    "spectral_flux": {
        "max": 0.38227635622,
        "mean": 0.017751885578,
        "min": 6.32566707348e-11,
        "stdev": 0.0568897426128
    },
    "spectral_kurtosis": {
        "max": 22.5289459229,
        "mean": 0.195583805442,
        "min": -1.28123474121,
        "stdev": 3.77520275116
    },
    "spectral_rms": {
        "max": 0.0184109602123,
        "mean": 0.000765872304328,
        "min": 3.11875677193e-12,
        "stdev": 0.00241876998916
    },
    "spectral_rolloff": {
        "max": 19767.4804688,
        "mean": 16424.8632812,
        "min": 473.73046875,
        "stdev": 5792.63232422
    },
    "spectral_skewness": {
        "max": 3.46248936653,
        "mean": 0.254548817873,
        "min": -0.0991778597236,
        "stdev": 0.652397155762
    },
    "spectral_spread": {
        "max": 42859332,
        "mean": 35198872,
        "min": 1648162,
        "stdev": 13269687
    },
    "spectral_strongpeak": {
        "max": 7.75710630417,
        "mean": 0.243510738015,
        "min": 0,
        "stdev": 0.899598777294
    },
    "zerocrossingrate": {
        "max": 0.69921875,
        "mean": 0.440306276083,
        "min": 0.0185546875,
        "stdev": 0.150182127953
    },
    "barkbands": {
        "max": [0.000145339901792, 0.000996483489871, 0.00177721830551, 0.00599428545684, 0.0387910455465, 0.0309617295861, 0.233565196395, 0.134691417217, 0.0743731632829, 0.00397384306416, 0.00337396375835, 0.0139563214034, 0.00642911344767, 0.0358926877379, 0.027865614742, 0.00774598168209, 0.0110652381554, 0.001570048742, 0.00598976202309, 0.00188461737707, 0.00221376330592, 0.000284479610855, 9.83867503237e-05, 1.19174474094e-05, 8.54745030665e-06, 8.34148704598e-06, 6.60016576148e-06],
        "mean": [2.66027814178e-06, 1.0242370081e-05, 1.38992008942e-05, 5.31500700163e-05, 0.000383201200748, 0.000414521811763, 0.00204226281494, 0.000915653072298, 0.000671875313856, 0.000118002441013, 0.000110083099571, 0.000164362762007, 0.000197518951609, 0.00045594247058, 0.000482136616483, 0.000199505797355, 0.000179701804882, 5.14318671776e-05, 8.07617398095e-05, 2.89871004497e-05, 1.61249554367e-05, 3.63765866496e-06, 1.37579002057e-06, 4.68666343068e-07, 2.4743306426e-07, 1.4365510026e-07, 4.43659864402e-08],
        "min": [2.05558465758e-25, 1.36824255807e-24, 1.83156023993e-25, 3.07672565634e-25, 4.80203259392e-24, 3.11960626161e-24, 6.47853517248e-24, 3.00396418328e-24, 1.15538256341e-23, 1.11714079554e-23, 1.07676941876e-23, 1.74367763452e-23, 2.73547584751e-23, 2.25578436163e-23, 3.17555641852e-23, 3.44728176614e-23, 5.31877537768e-23, 6.56417659448e-23, 1.27356405599e-22, 1.0265627451e-22, 1.87960209191e-22, 2.61876072113e-22, 3.58721079703e-22, 5.57181772227e-22, 7.90275907115e-22, 1.25535229953e-21, 1.79963118511e-21],
        "stdev": [1.19947853818e-05, 5.60837361263e-05, 9.47706066654e-05, 0.000338782090694, 0.00213539903052, 0.00255984859541, 0.0128804612905, 0.00732678314671, 0.00482325488701, 0.000421265634941, 0.000362109334674, 0.000753955275286, 0.000705577374902, 0.0026010775473, 0.00239370181225, 0.000739488692489, 0.000800019770395, 0.00017613984528, 0.000452175823739, 0.000140228075907, 0.000112400499347, 1.94447238755e-05, 6.81594156049e-06, 1.57147349e-06, 8.2783947164e-07, 5.32737089998e-07, 2.99461532904e-07]
    },
    "erbbands": {
        "max": [0.0127107342705, 0.279763549566, 1.65041303635, 8.38838768005, 107.033195496, 73.8301696777, 203.004196167, 290.520019531, 3407.45507812, 1835.21386719, 3489.04052734, 1450.57092285, 134.27142334, 97.6078720093, 299.372741699, 535.377563477, 310.099273682, 1645.89526367, 2509.32202148, 703.863769531, 538.436584473, 345.790679932, 116.3070755, 260.202575684, 206.515823364, 73.1339187622, 120.454139709, 46.3997917175, 13.3224554062, 5.62342023849, 2.68247842789, 0.715892493725, 0.16694252193, 0.105225533247, 0.0574552640319, 0.0326366126537, 0.0153628252447, 0.00451630726457, 0.00098346802406, 0.000400873861508],
        "mean": [0.000179566864972, 0.00285762618296, 0.0165384653956, 0.0920731648803, 0.930128097534, 1.14133822918, 1.61964404583, 4.79138994217, 26.9099941254, 22.1088371277, 23.483745575, 15.6924877167, 3.68292880058, 3.76597166061, 5.81082248688, 6.72487735748, 9.18049812317, 17.1131305695, 34.8234405518, 15.5019445419, 12.1582870483, 8.58260726929, 3.66333603859, 3.37749838829, 3.42928338051, 1.44097137451, 0.849362194538, 0.43450537324, 0.15540613234, 0.0728144794703, 0.0348674617708, 0.0147076621652, 0.00610932242125, 0.0032101245597, 0.00158069515601, 0.000683983205818, 0.000258637737716, 8.20237692096e-05, 7.75522858021e-06, 8.10771325632e-06],
        "min": [6.44580517575e-23, 3.05507198853e-22, 2.69989828379e-22, 2.72115845122e-21, 8.39647371451e-21, 1.15364642445e-20, 2.86699830959e-20, 4.06102059911e-20, 7.48662302364e-20, 1.64590058916e-19, 1.08629377621e-19, 3.55882748775e-19, 4.10599867416e-19, 5.45968931088e-19, 3.77269710308e-19, 1.01407741907e-18, 1.41589239573e-18, 1.36055421955e-18, 2.31172393265e-18, 2.1042296051e-18, 2.42158344416e-18, 3.62781853844e-18, 3.87189306743e-18, 5.94107668433e-18, 6.45704093117e-18, 4.97097042887e-18, 7.15177710635e-18, 8.34172273963e-18, 8.82584094647e-18, 1.08938239107e-17, 1.08127916435e-17, 1.00073824247e-17, 9.19395120831e-18, 7.18223637805e-18, 5.93762031014e-18, 3.72365527062e-18, 2.15326652617e-18, 9.13554088333e-19, 2.14446806449e-19, 2.52788576239e-20],
        "stdev": [0.000796041917056, 0.0163405518979, 0.101486705244, 0.508254051208, 5.51297903061, 5.77057170868, 12.1417808533, 24.9308986664, 177.947937012, 140.541107178, 179.151138306, 102.157867432, 13.9087638855, 12.3951854706, 21.163318634, 30.2243862152, 33.7882423401, 88.4912796021, 198.1434021, 63.6122207642, 48.7334594727, 33.4536933899, 13.0267734528, 17.9217891693, 18.067363739, 6.41910362244, 5.79996299744, 2.74705553055, 0.876602709293, 0.373638451099, 0.169342070818, 0.0567021556199, 0.0206403564662, 0.0109219383448, 0.00528629496694, 0.00236953631975, 0.000975023664068, 0.000304811168462, 4.71367930004e-05, 3.46160813933e-05]
    },
    "gfcc": {
        "mean": [-1094.56359863, 13.2923927307, -26.5357818604, -1.19602823257, -7.29340696335, -1.87626552582, -5.90053272247, -0.474505722523, -2.41765546799, 0.615510344505, -2.31318616867, -0.78059732914, -1.78773474693],
        "cov": [[180435.4375, 14814.703125, -27789.6367188, -1174.05151367, -7628.51806641, -2176.72680664, -6253.53808594, -595.515258789, -2463.03930664, 627.306152344, -2405.58178711, -946.470397949, -1891.07080078], [14814.703125, 1402.27856445, -2197.49853516, -91.4149017334, -603.288452148, -232.228057861, -528.320617676, -68.6287460327, -186.99786377, 45.8183898926, -185.46723938, -102.338661194, -156.059692383], [-27789.6367188, -2197.49853516, 4357.28173828, 187.498260498, 1177.14428711, 299.748565674, 947.925964355, 74.8808441162, 385.831848145, -98.5463027954, 380.686828613, 132.883972168, 289.788208008], [-1174.05151367, -91.4149017334, 187.498260498, 28.6154174805, 47.1013336182, 11.7232961655, 46.0835762024, -2.14885854721, 17.479133606, -3.42270326614, 16.4222736359, 5.85007858276, 13.2604188919], [-7628.51806641, -603.288452148, 1177.14428711, 47.1013336182, 339.479156494, 96.1674804688, 261.843261719, 29.8014564514, 102.655296326, -28.5224475861, 101.825149536, 37.6611938477, 80.5760803223], [-2176.72680664, -232.228057861, 299.748565674, 11.7232961655, 96.1674804688, 72.9354782104, 87.441986084, 20.1585731506, 21.3970413208, -10.4927625656, 19.7546062469, 26.6389827728, 24.6269607544], [-6253.53808594, -528.320617676, 947.925964355, 46.0835762024, 261.843261719, 87.441986084, 230.754730225, 25.1663475037, 88.2980957031, -20.994758606, 79.5644378662, 34.255569458, 65.6270904541], [-595.515258789, -68.6287460327, 74.8808441162, -2.14885854721, 29.8014564514, 20.1585731506, 25.1663475037, 15.1430902481, 8.12818145752, -1.36652696133, 5.09663248062, 4.86656236649, 6.20456409454], [-2463.03930664, -186.99786377, 385.831848145, 17.479133606, 102.655296326, 21.3970413208, 88.2980957031, 8.12818145752, 45.389125824, -6.07940864563, 33.3484077454, 7.60691070557, 24.5060501099], [627.306152344, 45.8183898926, -98.5463027954, -3.42270326614, -28.5224475861, -10.4927625656, -20.994758606, -1.36652696133, -6.07940864563, 6.74264144897, -6.09608364105, -2.96133375168, -6.38666343689], [-2405.58178711, -185.46723938, 380.686828613, 16.4222736359, 101.825149536, 19.7546062469, 79.5644378662, 5.09663248062, 33.3484077454, -6.09608364105, 38.8534622192, 12.3169994354, 26.0494327545], [-946.470397949, -102.338661194, 132.883972168, 5.85007858276, 37.6611938477, 26.6389827728, 34.255569458, 4.86656236649, 7.60691070557, -2.96133375168, 12.3169994354, 16.8980960846, 12.6721248627], [-1891.07080078, -156.059692383, 289.788208008, 13.2604188919, 80.5760803223, 24.6269607544, 65.6270904541, 6.20456409454, 24.5060501099, -6.38666343689, 26.0494327545, 12.6721248627, 22.6355667114]],
        "icov": [[0.00433309841901, -0.0100147454068, 0.0113891288638, -0.00791191402823, 0.0238702408969, -0.0140250157565, 0.0234354157001, -0.00839356612414, 0.00559142092243, -0.0112546393648, -0.00260994257405, 0.0151750445366, 0.00170817563776], [-0.0100147454068, 0.0330937057734, -0.0203962996602, 0.0147616518661, -0.0630622878671, 0.0354904420674, -0.0398046523333, 0.0310466773808, -0.0265102628618, 0.0450030341744, -0.00281041255221, -0.0224549844861, -0.00606885924935], [0.0113891288638, -0.0203962996602, 0.046142373234, -0.0195069201291, 0.0398941040039, -0.0294681526721, 0.0532575584948, 0.00124471122399, -0.00678650056943, 0.00818443950266, -0.0420750118792, 0.0412847846746, 0.00183547916822], [-0.00791191402823, 0.0147616518661, -0.0195069201291, 0.0871861726046, -0.0413900502026, 0.0226790606976, -0.0818612352014, 0.0617824681103, 0.00234024762176, -0.00540221296251, 0.00824632681906, -0.0182976573706, -0.0208001192659], [0.0238702408969, -0.0630622878671, 0.0398941040039, -0.0413900502026, 0.232598796487, -0.124707184732, 0.135712340474, -0.0973998904228, 0.0438733771443, -0.0449542477727, -0.0560301840305, 0.148904532194, -0.0651908665895], [-0.0140250157565, 0.0354904420674, -0.0294681526721, 0.0226790606976, -0.124707184732, 0.185422107577, -0.132596358657, -0.0194107033312, 0.00846081227064, 0.0710355564952, 0.108721911907, -0.21255210042, 0.0736532434821], [0.0234354157001, -0.0398046523333, 0.0532575584948, -0.0818612352014, 0.135712340474, -0.132596358657, 0.265282332897, -0.0594687610865, -0.0427544787526, -0.0454601794481, -0.0282998587936, 0.139525219798, -0.0541494376957], [-0.00839356612414, 0.0310466773808, 0.00124471122399, 0.0617824681103, -0.0973998904228, -0.0194107033312, -0.0594687610865, 0.218771845102, -0.0416082441807, -0.0194296203554, -0.0170420203358, 0.0337553136051, -0.0187494382262], [0.00559142092243, -0.0265102628618, -0.00678650056943, 0.00234024762176, 0.0438733771443, 0.00846081227064, -0.0427544787526, -0.0416082441807, 0.185665532947, -0.129116147757, 0.0538328960538, 0.0291822738945, 0.0241231247783], [-0.0112546393648, 0.0450030341744, 0.00818443950266, -0.00540221296251, -0.0449542477727, 0.0710355564952, -0.0454601794481, -0.0194296203554, -0.129116147757, 0.481602996588, -0.183307096362, -0.0679001733661, 0.0128995329142], [-0.00260994257405, -0.00281041255221, -0.0420750118792, 0.00824632681906, -0.0560301840305, 0.108721911907, -0.0282998587936, -0.0170420203358, 0.0538328960538, -0.183307096362, 0.39322578907, -0.152947098017, -0.0126174679026], [0.0151750445366, -0.0224549844861, 0.0412847846746, -0.0182976573706, 0.148904532194, -0.21255210042, 0.139525219798, 0.0337553136051, 0.0291822738945, -0.0679001733661, -0.152947098017, 0.424089074135, -0.229588612914], [0.00170817563776, -0.00606885924935, 0.00183547916822, -0.0208001192659, -0.0651908665895, 0.0736532434821, -0.0541494376957, -0.0187494382262, 0.0241231247783, 0.0128995329142, -0.0126174679026, -0.229588612914, 0.568368434906]]
    },
    "melbands": {
        "max": [0.000193837593542, 0.00058040273143, 0.00471243774518, 0.00644419202581, 0.00610364647582, 0.00582105387002, 0.0528947375715, 0.0206757038832, 0.0246105268598, 0.00786919053644, 0.000545406655874, 0.000422463257564, 0.000602127809543, 0.00170053914189, 0.00112712720875, 0.000774860673118, 0.00332047906704, 0.00513883167878, 0.000894302327652, 0.000643277890049, 0.000772587081883, 0.000484094198328, 0.000175714652869, 6.90656670486e-05, 0.000240805093199, 0.000261191569734, 0.00011051765614, 4.53437351098e-05, 6.94067202858e-05, 6.23195810476e-05, 1.49675897774e-05, 7.92689479567e-06, 4.90960655952e-06, 2.55220425061e-06, 1.53295115979e-06, 1.1814837535e-06, 1.8947685021e-07, 1.21480525195e-07, 9.32670900511e-08, 8.71361010013e-08],
        "mean": [2.30001796808e-06, 6.8692493187e-06, 3.95810966438e-05, 8.48546696943e-05, 5.14270868734e-05, 0.000108400759927, 0.000419555522967, 0.000227794749662, 0.00019604350382, 8.16187093733e-05, 1.60367817443e-05, 1.50801342897e-05, 1.71968986251e-05, 1.89695674635e-05, 1.85358003364e-05, 2.13814473682e-05, 3.02082225971e-05, 6.2372724642e-05, 2.40147837758e-05, 1.65872042999e-05, 1.40559886859e-05, 1.01368223113e-05, 4.66545043309e-06, 2.16069543058e-06, 2.82284418063e-06, 2.93549032904e-06, 1.75230991317e-06, 7.64694277677e-07, 5.15651606747e-07, 4.26212494631e-07, 1.85867676805e-07, 8.89482123512e-08, 5.6663623127e-08, 3.3092870666e-08, 2.07365307148e-08, 1.41936755682e-08, 6.94116675248e-09, 4.28297486366e-09, 3.26396443207e-09, 2.52221621366e-09],
        "min": [4.85839463484e-25, 2.70113665342e-25, 8.79500037155e-25, 9.15362639982e-25, 9.71318516142e-25, 7.55095834237e-25, 1.55205217798e-24, 1.49304942518e-24, 6.39245496633e-25, 1.7820407292e-24, 1.67769632233e-24, 1.86507918631e-24, 1.34204103614e-24, 1.53313904056e-24, 2.32701503038e-24, 2.5957166347e-24, 2.11346269194e-24, 2.26014388309e-24, 2.84410763451e-24, 2.27995750523e-24, 1.82368035765e-24, 3.22483715092e-24, 3.43731466637e-24, 2.8528424941e-24, 4.40138710067e-24, 4.22898707186e-24, 3.79125564973e-24, 3.08913631193e-24, 3.44719830465e-24, 4.45027241654e-24, 4.07394001081e-24, 4.24255942373e-24, 4.47922203404e-24, 5.2626500542e-24, 5.00802665881e-24, 3.99430489686e-24, 5.6796884715e-24, 5.12514173766e-24, 4.73332990882e-24, 4.52139769347e-24],
        "stdev": [1.09692964543e-05, 3.92822621507e-05, 0.00024190248223, 0.00041963235708, 0.000368407025235, 0.000549260352273, 0.002769731218, 0.00151565938722, 0.00137871876359, 0.00054083095165, 6.05210661888e-05, 5.1399183576e-05, 5.71438176848e-05, 8.95432458492e-05, 7.79046240496e-05, 7.80030459282e-05, 0.000168590777321, 0.000379406206775, 9.9869161204e-05, 6.4551953983e-05, 5.94777084189e-05, 4.14282003476e-05, 1.77612637344e-05, 7.46325986256e-06, 1.61691496032e-05, 1.76202574949e-05, 9.10233666218e-06, 3.3406915918e-06, 3.38854397341e-06, 3.17037256536e-06, 1.08287031253e-06, 5.04714250837e-07, 3.13116885309e-07, 1.66047996686e-07, 9.97433033945e-08, 6.96958366575e-08, 2.40758861736e-08, 1.46798191381e-08, 1.10754925231e-08, 8.74002825668e-09]
    },
    "melbands128": {
        "max": [9.06910354388e-05, 8.26095201774e-05, 0.000129109743284, 0.000596514262725, 0.000769674836192, 0.000838803127408, 0.000583439948969, 0.00470574665815, 0.0145901385695, 0.00616495404392, 0.00523475650698, 0.00713168922812, 0.00967030972242, 0.00917073246092, 0.00761160906404, 0.00905065145344, 0.0236484240741, 0.0987228527665, 0.0412029549479, 0.0319719091058, 0.018627403304, 0.0511477813125, 0.0232215076685, 0.0305723305792, 0.00971851404756, 0.00105466425885, 0.000773699081037, 0.000916088814847, 0.000985576189123, 0.000706299906597, 0.000286158901872, 0.000454764842289, 0.000458270602394, 0.00141759729013, 0.00168064376339, 0.00217752810568, 0.000948858563788, 0.00161813595332, 0.00103179865982, 0.000678418786265, 0.000569065043237, 0.00141917634755, 0.00664431694895, 0.00184078258462, 0.00476960232481, 0.00936781708151, 0.00219621625729, 0.00140005711, 0.00176181970164, 0.00103878392838, 0.000526690331753, 0.000977576244622, 0.000450790917967, 0.00136941403616, 0.00116850319318, 0.00024233997101, 0.000488898367621, 0.000397408206481, 0.000157285816385, 0.000173566499143, 5.70977354073e-05, 8.32596197142e-05, 0.00022541837825, 0.000195339176571, 0.000376174837584, 0.0004969961592, 0.000155229179654, 0.000304300629068, 8.77695638337e-05, 8.53042802191e-05, 5.33467791684e-05, 4.69650731247e-05, 4.35361689597e-05, 6.28639099887e-05, 0.000122575307614, 6.93277470418e-05, 3.39058278769e-05, 3.52184433723e-05, 1.38894256452e-05, 6.06336971032e-06, 7.67889650888e-06, 1.24180360217e-05, 3.55361339643e-06, 6.81476103637e-06, 2.94320443572e-06, 2.13852831621e-06, 3.92440551877e-06, 1.3428219745e-06, 1.67048904132e-06, 1.05247852389e-06, 2.76332571048e-06, 7.46260127471e-07, 3.76977254746e-07, 2.07344569958e-07, 2.14551363342e-07, 1.33825267312e-07, 1.43200850289e-07, 1.53257943225e-07, 1.03395628059e-07, 1.09832910766e-07, 1.21376316997e-07, 9.46642586541e-08, 1.03089980996e-07, 6.26665226378e-08, 5.97126827984e-08, 5.7725635827e-08, 7.0368450622e-08, 6.35569392671e-08, 4.70202792258e-08, 4.92857736845e-08, 7.00318878444e-08, 5.31409867222e-08, 4.59281821463e-08, 4.57006734678e-08, 3.59434721986e-08, 4.37758771454e-08, 3.25026121573e-08, 3.10623207156e-08, 2.98563165302e-08, 2.90690120863e-08, 2.8044686573e-08, 2.7975561423e-08, 2.70365223543e-08, 2.64960924312e-08, 2.62125929851e-08, 2.62705306397e-08, 2.61164814219e-08, 2.61133052959e-08],
        "mean": [1.70525947851e-06, 1.38095799684e-06, 1.63297579547e-06, 5.66408152736e-06, 8.32287423691e-06, 6.18395688434e-06, 8.3100194388e-06, 3.64682528016e-05, 0.000104026126792, 0.00011619948782, 4.91762584716e-05, 4.17840965383e-05, 5.59644468012e-05, 5.54373946215e-05, 7.7394368418e-05, 0.000119845484733, 0.000310717034154, 0.00060721882619, 0.000381421967177, 0.000207266508369, 0.000156341295224, 0.000230792240473, 0.000170050218003, 0.000230233374168, 0.000114028167445, 1.76793073479e-05, 1.27318644445e-05, 1.65421370184e-05, 1.78229947778e-05, 1.84579766938e-05, 1.20936228996e-05, 1.26878549054e-05, 1.63120203069e-05, 2.19588764594e-05, 2.08269702853e-05, 1.78571081051e-05, 1.61141852004e-05, 1.71671363205e-05, 2.25656967814e-05, 1.81890172826e-05, 1.81379782589e-05, 2.8536614991e-05, 3.63206709153e-05, 2.22697071877e-05, 4.27858794865e-05, 0.000107390005724, 3.1581530493e-05, 1.66036752489e-05, 2.68903186225e-05, 1.70606508618e-05, 1.33974535856e-05, 1.84581276699e-05, 1.14881768241e-05, 1.31436008814e-05, 1.77142574103e-05, 7.23126777302e-06, 7.69734015194e-06, 5.23698054167e-06, 3.58248416887e-06, 3.53420318788e-06, 1.64443270023e-06, 1.67433370279e-06, 2.15306818063e-06, 3.5970879253e-06, 2.8009021662e-06, 3.62969649359e-06, 2.01132320399e-06, 2.903653467e-06, 1.25656231376e-06, 1.12315296974e-06, 7.66076766467e-07, 6.19630839083e-07, 4.61261834062e-07, 4.71418928782e-07, 6.19678644398e-07, 4.78582421692e-07, 3.25090667275e-07, 2.9520276712e-07, 1.5503854911e-07, 8.96839154052e-08, 9.49827381191e-08, 9.66079625186e-08, 5.6796885417e-08, 6.20543119112e-08, 4.4094374374e-08, 3.52042199836e-08, 3.21766542299e-08, 2.230775209e-08, 2.15449915686e-08, 1.63773048456e-08, 1.92139140154e-08, 1.2398896132e-08, 8.59236504169e-09, 7.18644699305e-09, 5.75171243966e-09, 4.42402292578e-09, 3.89329857242e-09, 4.17773948769e-09, 3.275089977e-09, 2.85307466541e-09, 2.70556976822e-09, 2.27283902809e-09, 2.6501651984e-09, 2.11335526856e-09, 1.70890723794e-09, 1.43326805979e-09, 1.32399768926e-09, 1.26145738299e-09, 1.15924359001e-09, 1.05212971668e-09, 1.02341002339e-09, 9.57407708668e-10, 7.34342808784e-10, 6.93982371569e-10, 5.5545179567e-10, 8.06890887439e-10, 1.08778719365e-09, 1.32201999348e-10, 8.14543571481e-11, 7.60116553034e-11, 7.6031299312e-11, 8.01185714994e-11, 6.34172575564e-11, 5.45350917203e-11, 5.23324959756e-11, 4.99911188834e-11, 4.83979453736e-11, 4.82372232435e-11],
        "min": [6.97262906694e-27, 9.88202234925e-26, 2.47982912203e-25, 1.80044731931e-25, 8.29755269658e-26, 8.833503563e-26, 3.25800811103e-25, 1.46180917748e-25, 1.51641462238e-25, 3.08948646756e-25, 8.52765787596e-26, 9.60474945072e-26, 2.46882254025e-25, 2.93855099886e-25, 5.81598943642e-25, 1.79305470655e-25, 2.52171763609e-25, 1.743388517e-25, 6.10101819351e-25, 3.51765724064e-25, 4.90489157571e-25, 7.2765442018e-26, 4.04681675422e-25, 4.51280305391e-25, 7.38665883037e-25, 4.11198529316e-25, 2.10510860565e-25, 3.73332910042e-25, 3.13761437835e-25, 3.40791362322e-25, 4.79613033663e-25, 6.10152059929e-25, 5.40305181394e-25, 4.44711509937e-25, 3.91885957109e-25, 6.72780417448e-25, 3.10610924595e-25, 4.306370974e-25, 9.3547178914e-25, 6.59105316441e-25, 1.1493729027e-24, 9.89954763382e-25, 7.43995624528e-25, 6.76895608968e-25, 2.22951739382e-25, 6.32403656698e-25, 1.23878575036e-24, 1.13861067059e-24, 8.93646482553e-25, 1.08812574202e-24, 1.13743891632e-24, 6.54809820901e-25, 1.16694694874e-24, 1.14653921573e-24, 9.91590170646e-25, 1.3339180368e-24, 1.44484992526e-24, 9.98940677953e-25, 1.26009623607e-24, 6.7118627747e-25, 1.13043708554e-24, 8.98984901514e-25, 1.27343321157e-24, 2.37496357392e-24, 1.95895047859e-24, 1.99839194613e-24, 1.8695553803e-24, 1.81456033673e-24, 2.19173642919e-24, 1.8030480951e-24, 2.39004639721e-24, 2.38504679401e-24, 1.85380320853e-24, 1.42629581817e-24, 1.74172461213e-24, 3.24182665102e-24, 1.21341775859e-24, 2.04651995552e-24, 1.71284421718e-24, 1.9360950088e-24, 2.04994854223e-24, 2.26993128034e-24, 2.52842384126e-24, 2.2703063837e-24, 2.75626895879e-24, 2.66018885598e-24, 2.53852106363e-24, 3.28323494601e-24, 2.39728380159e-24, 2.73634036017e-24, 3.7123202554e-24, 2.11563876475e-24, 1.96739227635e-24, 2.63304908261e-24, 3.56272225106e-24, 2.93475978265e-24, 3.09633663984e-24, 2.77728145229e-24, 3.18545366466e-24, 3.22368876666e-24, 3.31532679371e-24, 3.93689160018e-24, 4.04773247382e-24, 3.02618383118e-24, 4.40245837378e-24, 4.2255811649e-24, 3.08415781075e-24, 3.04967315071e-24, 3.17986478236e-24, 2.84507024203e-24, 4.70029675285e-24, 4.24012302683e-24, 4.24816743591e-24, 3.60978450937e-24, 4.00571734758e-24, 3.5669012417e-24, 4.65544054406e-24, 4.24851690129e-24, 4.94788824213e-24, 4.50744905495e-24, 5.22045980084e-24, 4.3738976647e-24, 3.62818311226e-24, 5.32077135355e-24, 5.23601337688e-24, 3.86184568454e-24, 4.48079344496e-24, 4.41912739914e-24],
        "stdev": [7.23910579836e-06, 6.43507655695e-06, 7.99350073066e-06, 3.41070881404e-05, 5.19955465279e-05, 4.37747912656e-05, 4.61078707303e-05, 0.000250666722422, 0.000713319634087, 0.000539825006854, 0.00030285527464, 0.000354238844011, 0.000499652815051, 0.000470081839012, 0.000550199998543, 0.000736048677936, 0.00167954445351, 0.00486500188708, 0.00267266272567, 0.00178124476224, 0.00129979627673, 0.00247513083741, 0.00135730230249, 0.0019088370027, 0.000748672755435, 7.90270933066e-05, 5.40948130947e-05, 7.17367511243e-05, 7.57338566473e-05, 7.53377316869e-05, 4.1302300815e-05, 4.66992532893e-05, 5.5205404351e-05, 9.35157004278e-05, 0.000100468474557, 0.000105055994936, 7.13966001058e-05, 8.83705070009e-05, 0.00010177520744, 7.10730091669e-05, 6.57023338135e-05, 0.000130936939968, 0.000307639566017, 0.000115988572361, 0.000302197644487, 0.000735928828362, 0.000160593277542, 7.896815805e-05, 0.000139141789987, 7.47886733734e-05, 5.17613589182e-05, 8.75681216712e-05, 4.42092168669e-05, 7.68090831116e-05, 8.84948894964e-05, 2.70130967692e-05, 3.7107449316e-05, 2.57263163803e-05, 1.34045849336e-05, 1.50629030031e-05, 5.57865769224e-06, 6.7355176725e-06, 1.36878607009e-05, 1.98989218916e-05, 2.06771255762e-05, 2.74350622931e-05, 1.03866186691e-05, 1.88028971024e-05, 6.57409373161e-06, 5.94440234636e-06, 3.40320957548e-06, 2.96955045087e-06, 2.58614568338e-06, 3.16097543873e-06, 5.55787801204e-06, 3.80272740585e-06, 2.09075869861e-06, 2.07497600968e-06, 8.58332043663e-07, 4.42544404677e-07, 5.25667985585e-07, 7.10098959189e-07, 2.68709982265e-07, 3.97266433083e-07, 2.160643362e-07, 1.64752322007e-07, 2.03459492809e-07, 9.56290833187e-08, 1.11071415176e-07, 7.41529291304e-08, 1.32737952185e-07, 5.31372350565e-08, 3.25289342129e-08, 2.64442121534e-08, 1.97485565678e-08, 1.56096575665e-08, 1.3890582018e-08, 1.52539136877e-08, 1.15398579581e-08, 1.0074082013e-08, 9.85427917044e-09, 8.2663031975e-09, 9.55964285509e-09, 7.41761008172e-09, 6.00918514948e-09, 4.91716356521e-09, 4.78190642639e-09, 4.48027837052e-09, 3.98362720588e-09, 3.76587072637e-09, 4.13623002515e-09, 3.61622665146e-09, 2.91486856874e-09, 2.78506950835e-09, 2.25013541133e-09, 3.00617863935e-09, 3.7586134205e-09, 1.35104594179e-09, 1.28111588005e-09, 1.24846977201e-09, 1.2060639154e-09, 1.20917154067e-09, 1.15467613249e-09, 1.12865661261e-09, 1.11657127988e-09, 1.11909193024e-09, 1.11257436597e-09, 1.11244602419e-09]
    },
    "mfcc": {
        "mean": [-1182.28344727, 19.6666622162, -10.7708759308, 0.320088148117, -1.46062493324, -0.932731389999, -2.48285365105, -1.67867958546, -0.771214127541, 0.121112391353, -0.454557776451, 0.0430185012519, -0.0462817102671],
        "cov": [[44651.8476562, 10551.2910156, -5588.09619141, 310.098602295, -796.00604248, -553.886047363, -1393.84118652, -972.962341309, -469.42880249, 75.575088501, -243.578186035, 10.7998428345, -28.9681034088], [10551.2910156, 2581.2565918, -1309.44311523, 73.3370132446, -168.043991089, -149.108657837, -335.303039551, -243.409210205, -119.932380676, 14.8662748337, -56.3302383423, -1.595479846, -5.89617443085], [-5588.09619141, -1309.44311523, 764.430236816, -12.8596000671, 101.507125854, 60.4076652527, 160.074295044, 105.123764038, 45.4670448303, -14.3897094727, 28.3314685822, 0.504923403263, 4.62752151489], [310.098602295, 73.3370132446, -12.8596000671, 32.8394241333, -8.88221073151, -11.3380231857, -18.9277935028, -20.5964660645, -12.188741684, 2.43349194527, -2.65055680275, -0.617503225803, 2.62381267548], [-796.00604248, -168.043991089, 101.507125854, -8.88221073151, 32.3378639221, 5.46726751328, 27.8730010986, 16.5709190369, 5.67621231079, -2.97539806366, 4.01431369781, -4.29890680313, 0.584019005299], [-553.886047363, -149.108657837, 60.4076652527, -11.3380231857, 5.46726751328, 24.7519016266, 23.9087638855, 22.7531337738, 12.0059099197, -4.61911487579, 0.425136059523, 3.29987955093, 0.0976512879133], [-1393.84118652, -335.303039551, 160.074295044, -18.9277935028, 27.8730010986, 23.9087638855, 56.7563095093, 39.8373832703, 18.5491313934, -2.41180753708, 5.86028575897, -1.01244211197, 0.657485127449], [-972.962341309, -243.409210205, 105.123764038, -20.5964660645, 16.5709190369, 22.7531337738, 39.8373832703, 36.4455070496, 19.7138671875, -1.49649739265, 5.85588216782, 1.46095955372, -2.03401637077], [-469.42880249, -119.932380676, 45.4670448303, -12.188741684, 5.67621231079, 12.0059099197, 18.5491313934, 19.7138671875, 15.7060480118, 2.44275212288, 4.35802650452, 2.37158203125, -1.9646589756], [75.575088501, 14.8662748337, -14.3897094727, 2.43349194527, -2.97539806366, -4.61911487579, -2.41180753708, -1.49649739265, 2.44275212288, 9.6309709549, 3.64024090767, -1.52819812298, -0.832252264023], [-243.578186035, -56.3302383423, 28.3314685822, -2.65055680275, 4.01431369781, 0.425136059523, 5.86028575897, 5.85588216782, 4.35802650452, 3.64024090767, 6.77742576599, 0.59657305479, -0.851653754711], [10.7998428345, -1.595479846, 0.504923403263, -0.617503225803, -4.29890680313, 3.29987955093, -1.01244211197, 1.46095955372, 2.37158203125, -1.52819812298, 0.59657305479, 7.72431135178, 1.20818412304], [-28.9681034088, -5.89617443085, 4.62752151489, 2.62381267548, 0.584019005299, 0.0976512879133, 0.657485127449, -2.03401637077, -1.9646589756, -0.832252264023, -0.851653754711, 1.20818412304, 4.61138629913]],
        "icov": [[0.00208169780672, -0.00484647648409, 0.00509649515152, -0.00314370170236, 0.00273465272039, -0.00310509861447, 0.00805656332523, -0.00751538202167, 0.00915510207415, -0.00608911458403, 0.00843043159693, -0.00451762601733, 0.00435250159353], [-0.00484647648409, 0.0209461338818, 0.000488697958644, 0.00632036849856, -0.0188978612423, 0.0112829711288, -0.00326142972335, 0.0253536738455, -0.0100364293903, 0.0128749161959, -0.00799428205937, -0.00328340381384, 0.00348454085179], [0.00509649515152, 0.000488697958644, 0.0344997644424, -0.0209117438644, -0.0146248918027, -0.00225771754049, 0.0237546041608, -0.00554944807664, 0.0296672414988, 0.000425309699494, 0.0147423753515, -0.0286514759064, 0.028929412365], [-0.00314370170236, 0.00632036849856, -0.0209117438644, 0.0814657881856, 0.00842355936766, -0.0109111359343, 0.00195602467284, 0.0495900325477, 0.0185592807829, -0.0450356937945, 0.0206966008991, -0.000435145717347, -0.0125606432557], [0.00273465272039, -0.0188978612423, -0.0146248918027, 0.00842355936766, 0.10454697907, 0.0203170385212, -0.0431898385286, -0.00996058341116, -0.0126074180007, 0.0348907001317, -0.0308984406292, 0.0572954304516, -0.0287997014821], [-0.00310509861447, 0.0112829711288, -0.00225771754049, -0.0109111359343, 0.0203170385212, 0.154396161437, -0.00739377783611, -0.0924545899034, -0.0319968424737, 0.0606208443642, 0.0360276848078, -0.0074819913134, -0.0362515114248], [0.00805656332523, -0.00326142972335, 0.0237546041608, 0.00195602467284, -0.0431898385286, -0.00739377783611, 0.237755745649, -0.200198069215, 0.119279414415, -0.0987620949745, 0.13219602406, -0.0267591439188, -0.0306678917259], [-0.00751538202167, 0.0253536738455, -0.00554944807664, 0.0495900325477, -0.00996058341116, -0.0924545899034, -0.200198069215, 0.482383906841, -0.241359084845, 0.102657295763, -0.139879345894, 0.0277363173664, 0.0896925926208], [0.00915510207415, -0.0100364293903, 0.0296672414988, 0.0185592807829, -0.0126074180007, -0.0319968424737, 0.119279414415, -0.241359084845, 0.411407500505, -0.204432696104, 0.110565014184, -0.134776294231, 0.077268704772], [-0.00608911458403, 0.0128749161959, 0.000425309699494, -0.0450356937945, 0.0348907001317, 0.0606208443642, -0.0987620949745, 0.102657295763, -0.204432696104, 0.324066370726, -0.217472538352, 0.119092330337, -0.0429085493088], [0.00843043159693, -0.00799428205937, 0.0147423753515, 0.0206966008991, -0.0308984406292, 0.0360276848078, 0.13219602406, -0.139879345894, 0.110565014184, -0.217472538352, 0.416237741709, -0.119232550263, 0.0547389537096], [-0.00451762601733, -0.00328340381384, -0.0286514759064, -0.000435145717347, 0.0572954304516, -0.0074819913134, -0.0267591439188, 0.0277363173664, -0.134776294231, 0.119092330337, -0.119232550263, 0.256138294935, -0.119682520628], [0.00435250159353, 0.00348454085179, 0.028929412365, -0.0125606432557, -0.0287997014821, -0.0362515114248, -0.0306678917259, 0.0896925926208, 0.077268704772, -0.0429085493088, 0.0547389537096, -0.119682520628, 0.34175992012]]
    },
    "spectral_contrast_coeffs": {
        "max": [-0.449718683958, -0.415836364031, -0.716380417347, -0.670204460621, -0.659176170826, -0.581377565861],
        "mean": [-0.923274636269, -0.933078050613, -0.942429542542, -0.940895855427, -0.934248626232, -0.930103123188],
        "min": [-0.98287820816, -0.981860876083, -0.977261126041, -0.977364361286, -0.969256520271, -0.965211868286],
        "stdev": [0.105863474309, 0.0882992520928, 0.0482521392405, 0.0543119944632, 0.0666652992368, 0.076285213232]
    },
    "spectral_contrast_valleys": {
        "max": [-5.5733833313, -4.01531076431, -5.62141609192, -5.35147476196, -6.00954198837, -8.98921394348],
        "mean": [-24.5558567047, -24.2956829071, -24.352060318, -24.3174228668, -24.4636459351, -25.0118865967],
        "min": [-27.9920806885, -28.2482185364, -28.0866031647, -27.6995372772, -27.6116333008, -27.4886550903],
        "stdev": [6.59412813187, 7.23070049286, 7.1498465538, 7.19679260254, 6.87040662766, 5.52752017975]
    }
},
"rhythm": {
    "beats_count": 32,
    "beats_loudness": {
        "max": 0.124074481428,
        "mean": 0.0101717403159,
        "min": 0,
        "stdev": 0.0307948216796
    },
    "bpm": 143.367614746,
    "bpm_histogram_first_peak_bpm": 144,
    "bpm_histogram_first_peak_weight": 0.5625,
    "bpm_histogram_second_peak_bpm": 167,
    "bpm_histogram_second_peak_spread": 0,
    "bpm_histogram_second_peak_weight": 0.193548381329,
    "danceability": 1.20093524456,
    "onset_rate": 0.626990437508,
    "beats_loudness_band_ratio": {
        "max": [0.0935234799981, 0.209382370114, 0.665527403355, 0.520701467991, 0.390203773975, 0.0380029045045],
        "mean": [0.00583130167797, 0.0174746699631, 0.0646907314658, 0.0330173298717, 0.0396145544946, 0.00410745805129],
        "min": [0, 0, 0, 0, 0, 0],
        "stdev": [0.0182988177985, 0.0480203330517, 0.182179525495, 0.10741571337, 0.100606404245, 0.0105635346845]
    },
    "beats_position": [0.406349211931, 0.824308395386, 1.24226760864, 1.66022670269, 2.07818579674, 2.49614500999, 2.91410422325, 3.34367346764, 3.7732424736, 4.20281171799, 4.63238096237, 5.06195020676, 5.47990942001, 5.94430828094, 6.39709758759, 6.83827638626, 7.27945566177, 7.6858048439, 8.09215450287, 8.498503685, 8.90485286713, 9.26476192474, 9.62467098236, 9.98458003998, 10.3444900513, 10.7043991089, 11.0643081665, 11.4009971619, 11.7376871109, 12.051156044, 12.3762359619, 12.7013149261],
