{
"metadata": {
    "version": {
        "essentia": "2.1-beta5",
        "essentia_git_sha": "Undefined",
        "extractor": "music 2.0"
    },
    "audio_properties": {
        "analysis": {
            "equal_loudness": 0,
            "length": 50.0273933411,
            "sample_rate": 44100,
            "start_time": 158.998641968,
            "downmix": "mix"
        },
        "bit_rate": 192000,
        "length": 209.04927063,
        "lossless": 0,
        "number_channels": 2,
        "replay_gain": -0.881673812866,
        "sample_rate": 48000,
        "codec": "mp3",
        "md5_encoded": "d7d9791a99dea1af19e6ee69cd2d1cea"
    },
    "tags": {
        "file_name": "Austria_Zusammen Geh_n_Tony Wegas.mp3",
        "encoding": ["Lavf58.29.100"]
    }
},
"lowlevel": {
    "average_loudness": 0.730168104172,
    "barkbands_crest": {
        "max": 23.5354099274,
        "mean": 7.09268665314,
        "min": 2.04866194725,
        "stdev": 3.06724476814
    },
    "barkbands_flatness_db": {
        "max": 0.238013297319,
        "mean": 0.0988036319613,
        "min": 0.0304720345885,
        "stdev": 0.0344915986061
    },
    "barkbands_kurtosis": {
        "max": 41.4909553528,
        "mean": 0.970440089703,
        "min": -1.84104943275,
        "stdev": 3.23286890984
    },
    "barkbands_skewness": {
        "max": 5.79400634766,
        "mean": -0.176119193435,
        "min": -2.2408952713,
        "stdev": 1.20011019707
    },
    "barkbands_spread": {
        "max": 77.0780258179,
        "mean": 28.3917350769,
        "min": 3.40972495079,
        "stdev": 11.2467432022
    },
    "dissonance": {
        "max": 0.499999970198,
        "mean": 0.480145335197,
        "min": 0.319921433926,
        "stdev": 0.0195888895541
    },
    "dynamic_complexity": 3.38133120537,
    "erbbands_crest": {
        "max": 31.5449371338,
        "mean": 7.32413625717,
        "min": 2.64768791199,
        "stdev": 3.89951920509
    },
    "erbbands_flatness_db": {
        "max": 0.315889686346,
        "mean": 0.158528417349,
        "min": 0.0757735669613,
        "stdev": 0.0493516921997
    },
    "erbbands_kurtosis": {
        "max": 17.2998199463,
        "mean": 0.22522072494,
        "min": -1.73813068867,
        "stdev": 1.51402294636
    },
    "erbbands_skewness": {
        "max": 3.06970262527,
        "mean": -0.212430030107,
        "min": -2.7266356945,
        "stdev": 0.644592881203
    },
    "erbbands_spread": {
        "max": 84.1104888916,
        "mean": 33.9210586548,
        "min": 4.3218870163,
        "stdev": 11.6053886414
    },
    "hfc": {
        "max": 180.194107056,
        "mean": 24.2288856506,
        "min": 1.05022278406e-16,
        "stdev": 23.9800720215
    },
    "loudness_ebu128": {
        "integrated": -22.6261844635,
        "loudness_range": 3.46045303345,
        "momentary": {
            "max": -19.2692489624,
            "mean": -83.7320861816,
            "min": -300.691009521,
            "stdev": 113.314941406
        },
        "short_term": {
            "max": -20.6824073792,
            "mean": -72.1812057495,
            "min": -300.691009521,
            "stdev": 103.922950745
        }
    },
    "melbands_crest": {
        "max": 26.7326316833,
        "mean": 7.94140720367,
        "min": 1.52297616005,
        "stdev": 4.4328212738
    },
    "melbands_flatness_db": {
        "max": 0.280570358038,
        "mean": 0.086634196341,
        "min": 0.00227629090659,
        "stdev": 0.0567338876426
    },
    "melbands_kurtosis": {
        "max": 76.7390136719,
        "mean": 1.7175129652,
        "min": -1.788844347,
        "stdev": 5.6177444458
    },
    "melbands_skewness": {
        "max": 6.63914775848,
        "mean": 0.919516444206,
        "min": -1.4546033144,
        "stdev": 0.968467652798
    },
    "melbands_spread": {
        "max": 187.658309937,
        "mean": 67.4812927246,
        "min": 2.93705677986,
        "stdev": 41.3421859741
    },
    "pitch_salience": {
        "max": 0.847318232059,
        "mean": 0.657471239567,
        "min": 0.234270766377,
        "stdev": 0.104069419205
    },
    "silence_rate_20dB": {
        "max": 1,
        "mean": 1,
        "min": 1,
        "stdev": 0
    },
    "silence_rate_30dB": {
        "max": 1,
        "mean": 1,
        "min": 1,
        "stdev": 0
    },
    "silence_rate_60dB": {
        "max": 1,
        "mean": 0.300556600094,
        "min": 0,
        "stdev": 0.458501368761
    },
    "spectral_centroid": {
        "max": 11843.6679688,
        "mean": 4168.83300781,
        "min": 187.805282593,
        "stdev": 3668.44702148
    },
    "spectral_complexity": {
        "max": 56,
        "mean": 17.7319107056,
        "min": 0,
        "stdev": 12.5014228821
    },
    "spectral_decrease": {
        "max": 2.96472359332e-28,
        "mean": -3.05650416088e-09,
        "min": -3.39918138081e-08,
        "stdev": 2.92222623877e-09
    },
    "spectral_energy": {
        "max": 0.139895543456,
        "mean": 0.0137335984036,
        "min": 9.75804854569e-21,
        "stdev": 0.0126204956323
    },
    "spectral_energyband_high": {
        "max": 0.0256301034242,
        "mean": 0.00155835715123,
        "min": 6.89204139881e-21,
        "stdev": 0.00229093199596
    },
    "spectral_energyband_low": {
        "max": 0.0155810378492,
        "mean": 0.000759747519623,
        "min": 1.19657577548e-23,
        "stdev": 0.00121859763749
    },
    "spectral_energyband_middle_high": {
        "max": 0.0705278962851,
        "mean": 0.00580862676725,
        "min": 1.12103400081e-21,
        "stdev": 0.006143046543
    },
    "spectral_energyband_middle_low": {
        "max": 0.117486894131,
        "mean": 0.00587524240837,
        "min": 1.49568078117e-22,
        "stdev": 0.00799817033112
    },
    "spectral_entropy": {
        "max": 9.8317155838,
        "mean": 8.22703742981,
        "min": 6.59167909622,
        "stdev": 0.885275363922
    },
    "spectral_flux": {
        "max": 0.33525249362,
        "mean": 0.0567477978766,
        "min": 6.20622303549e-11,
        "stdev": 0.0423448905349
    },
    "spectral_kurtosis": {
        "max": 17.7466907501,
        "mean": 2.10260558128,
        "min": -1.27669668198,
        "stdev": 2.62706923485
    },
    "spectral_rms": {
        "max": 0.0116826137528,
        "mean": 0.00302930898033,
        "min": 3.08545745377e-12,
        "stdev": 0.00205472903326
    },
    "spectral_rolloff": {
        "max": 19767.4804688,
        "mean": 6711.05273438,
        "min": 344.53125,
        "stdev": 6539.42675781
    },
    "spectral_skewness": {
        "max": 2.74733948708,
        "mean": 0.876315116882,
        "min": -0.0944350883365,
        "stdev": 0.566466569901
    },
    "spectral_spread": {
        "max": 43213556,
        "mean": 12166820,
        "min": 1694672.125,
        "stdev": 15084723
    },
    "spectral_strongpeak": {
        "max": 16.1540813446,
        "mean": 1.61394309998,
        "min": 0,
        "stdev": 2.47710037231
    },
    "zerocrossingrate": {
        "max": 0.81005859375,
        "mean": 0.194513723254,
        "min": 0.01708984375,
        "stdev": 0.167949602008
    },
    "barkbands": {
        "max": [0.000384410319384, 0.00674513075501, 0.00876474194229, 0.0115667907521, 0.0228299703449, 0.112532228231, 0.0302820540965, 0.050643645227, 0.0495787747204, 0.0306164752692, 0.0173071287572, 0.0108300028369, 0.0155773507431, 0.0113428579643, 0.0139746870846, 0.0130458874628, 0.0184956267476, 0.0124580338597, 0.0170675609261, 0.010809709318, 0.00764647731557, 0.00926991738379, 0.0089440792799, 0.00615390390158, 0.0015293227043, 0.000661221682094, 1.32275795295e-06],
        "mean": [2.11662263609e-05, 0.000263583409833, 0.000296668615192, 0.000491340644658, 0.00085732981097, 0.00135074940044, 0.000822725298349, 0.00112288421951, 0.00110543007031, 0.000490105943754, 0.000396375980927, 0.000494130770676, 0.00039850579924, 0.000457616260974, 0.000720692973118, 0.000616009696387, 0.00093063042732, 0.000388481363188, 0.000690838729497, 0.000509872625116, 0.00027437339304, 0.000504624447785, 0.000331174262101, 0.000129258856759, 4.60475566797e-05, 2.29693814617e-05, 1.05869606415e-08],
        "min": [2.11875885754e-25, 4.52127788522e-25, 5.40020994252e-25, 3.62683386429e-25, 6.22449553416e-24, 5.77846371759e-24, 3.26259223106e-24, 3.26171245393e-24, 5.18291002175e-24, 1.03443362056e-23, 1.02635970808e-23, 1.53003043556e-23, 2.3591552747e-23, 1.72985537151e-23, 3.55816815705e-23, 3.85973548162e-23, 6.37395698668e-23, 6.0729863565e-23, 8.19737110378e-23, 1.13728208683e-22, 2.02921290736e-22, 2.57697355992e-22, 3.49361604783e-22, 4.94956726946e-22, 8.4546294997e-22, 1.13772362175e-21, 1.70421743626e-21],
        "stdev": [3.22831911035e-05, 0.000563574198168, 0.000595115125179, 0.000911704380997, 0.00144759123214, 0.00447333557531, 0.00174874998629, 0.00265211169608, 0.00296811386943, 0.00144610682037, 0.00111610861495, 0.000994377071038, 0.000822824658826, 0.000788234989159, 0.00142105983105, 0.00109398574568, 0.00200158823282, 0.000763972115237, 0.00130454753526, 0.000963240745477, 0.000391299632611, 0.000800429610536, 0.000628507055808, 0.000334077543812, 0.000113061476441, 5.70690936001e-05, 6.34465777694e-08]
    },
    "erbbands": {
        "max": [0.16017305851, 2.00552129745, 8.46122264862, 27.1500053406, 80.9831542969, 57.614982605, 257.856506348, 1229.97094727, 467.851135254, 737.67578125, 1176.37731934, 883.702758789, 1120.87927246, 824.569213867, 464.037689209, 480.771881104, 838.023071289, 430.13192749, 922.762756348, 897.493408203, 788.08013916, 832.65447998, 515.635986328, 521.719909668, 1190.27062988, 589.977600098, 179.200668335, 361.354217529, 352.639343262, 386.55166626, 183.039138794, 175.726577759, 68.8146514893, 22.0500392914, 12.1521892548, 5.48160076141, 0.914652585983, 0.12269859761, 0.00208397139795, 0.00018360055401],
        "mean": [0.00564628373832, 0.069182112813, 0.307494401932, 0.987936317921, 2.40703105927, 3.03698992729, 7.12884616852, 11.0787611008, 8.26480579376, 18.1044902802, 27.38438797, 27.0183906555, 17.2292442322, 17.2227516174, 16.3070888519, 21.2791252136, 20.6222324371, 17.004196167, 44.0389671326, 31.6806774139, 37.0208244324, 40.3744926453, 31.2669811249, 17.7011165619, 45.8953857422, 26.8237800598, 12.2824497223, 13.0753307343, 18.7662830353, 13.473608017, 8.79844284058, 3.68551707268, 1.77715957165, 0.626368701458, 0.290536910295, 0.147780954838, 0.0294773802161, 0.0021399857942, 5.79223560635e-05, 2.29449160543e-05],
        "min": [5.82967830305e-23, 3.60248794043e-22, 5.46952328879e-22, 2.29876683013e-21, 4.92538637293e-21, 2.38614012493e-20, 2.95371656458e-20, 6.01222528055e-20, 8.46110770118e-20, 1.31655384613e-19, 1.54954374132e-19, 1.74983402367e-19, 4.6652174877e-19, 4.66276541417e-19, 6.38339673104e-19, 9.40616232651e-19, 1.3005723548e-18, 1.55666488751e-18, 1.59824518895e-18, 2.46093862976e-18, 2.74029468661e-18, 3.84930979593e-18, 4.86746862754e-18, 5.03048483317e-18, 5.78008996634e-18, 6.77676236794e-18, 8.0122715909e-18, 8.58518019187e-18, 9.90247028045e-18, 9.19411333571e-18, 9.53612604922e-18, 1.08131431953e-17, 8.83072462081e-18, 7.05854723387e-18, 5.92394742821e-18, 3.76103804405e-18, 2.17851683475e-18, 8.70847683885e-19, 2.41637293009e-19, 2.64211342731e-20],
        "stdev": [0.0116637926549, 0.147103905678, 0.574399471283, 1.78626227379, 5.10769414902, 4.84296894073, 19.328546524, 40.2986106873, 19.7201938629, 38.5558395386, 66.5287322998, 69.9144439697, 58.4203987122, 39.9582099915, 33.281162262, 39.9964561462, 39.9011383057, 26.8786621094, 83.5639190674, 52.7514190674, 64.8710098267, 77.7824401855, 57.9146347046, 30.6189022064, 90.4519195557, 48.3017234802, 17.9335536957, 20.4346847534, 30.6583995819, 25.0690288544, 16.7394866943, 9.66576290131, 4.20618772507, 1.5150141716, 0.748684346676, 0.385547012091, 0.0715126097202, 0.00789109058678, 0.000136630857014, 2.10768630495e-05]
    },
    "gfcc": {
        "mean": [-276.393127441, 46.8819160461, -122.458114624, 30.17278862, -58.995677948, 8.5330619812, -35.4819068909, 4.26103544235, -17.4121685028, 1.12512350082, -14.9799966812, -2.00278306007, -11.1320533752],
        "cov": [[281648.65625, 13003.6894531, -33489.84375, 9003.30175781, -16711.0488281, 2524.38427734, -9978.37597656, 1179.70922852, -4919.2421875, 410.456542969, -4312.1328125, -426.351104736, -3173.03515625], [13003.6894531, 1406.44250488, -1699.67358398, 179.308654785, -765.657470703, -15.8095836639, -428.563720703, 49.1518363953, -253.718933105, -32.0194320679, -135.744888306, -136.268630981, -153.622924805], [-33489.84375, -1699.67358398, 4705.14306641, -914.178710938, 1981.8269043, -230.792404175, 1184.59765625, -155.684188843, 510.909332275, 27.3631305695, 454.863037109, 114.511322021, 351.710571289], [9003.30175781, 179.308654785, -914.178710938, 594.696777344, -502.575927734, 82.7810668945, -368.802703857, -11.8537569046, -121.021232605, 28.0066547394, -145.691436768, 36.9493980408, -82.4532165527], [-16711.0488281, -765.657470703, 1981.8269043, -502.575927734, 1128.03808594, -156.850265503, 569.679992676, -70.9343643188, 292.672149658, -30.8032302856, 251.723571777, 37.7942390442, 177.862457275], [2524.38427734, -15.8095836639, -230.792404175, 82.7810668945, -156.850265503, 186.598129272, -22.8592834473, 40.4957084656, -70.2749481201, 22.5212020874, -73.3962402344, 3.23218989372, -27.2107200623], [-9978.37597656, -428.563720703, 1184.59765625, -368.802703857, 569.679992676, -22.8592834473, 504.303436279, 4.93772935867, 152.358596802, -8.05327510834, 135.008392334, -9.76419258118, 96.8545761108], [1179.70922852, 49.1518363953, -155.684188843, -11.8537569046, -70.9343643188, 40.4957084656, 4.93772935867, 70.2643203735, -18.2840137482, 9.98694515228, -26.1607131958, -13.5296440125, -22.385881424], [-4919.2421875, -253.718933105, 510.909332275, -121.021232605, 292.672149658, -70.2749481201, 152.358596802, -18.2840137482, 177.870361328, -3.54787254333, 87.7179489136, 9.51531028748, 64.463432312], [410.456542969, -32.0194320679, 27.3631305695, 28.0066547394, -30.8032302856, 22.5212020874, -8.05327510834, 9.98694515228, -3.54787254333, 66.333114624, -9.12991714478, 15.7800970078, -2.60688591003], [-4312.1328125, -135.744888306, 454.863037109, -145.691436768, 251.723571777, -73.3962402344, 135.008392334, -26.1607131958, 87.7179489136, -9.12991714478, 131.252990723, 13.9174356461, 52.5615119934], [-426.351104736, -136.268630981, 114.511322021, 36.9493980408, 37.7942390442, 3.23218989372, -9.76419258118, -13.5296440125, 9.51531028748, 15.7800970078, 13.9174356461, 68.8501586914, 26.5704364777], [-3173.03515625, -153.622924805, 351.710571289, -82.4532165527, 177.862457275, -27.2107200623, 96.8545761108, -22.385881424, 64.463432312, -2.60688591003, 52.5615119934, 26.5704364777, 89.3593063354]],
        "icov": [[0.000299465493299, -0.000649898545817, 0.00068334210664, -0.000943637278397, 0.00109452486504, -0.000535346858669, 0.000946350279264, -0.000966406427324, 0.000751981220674, -0.000471559324069, 0.00119562412146, -0.00152549881022, 0.00154075899627], [-0.000649898545817, 0.00345935579389, -0.00104961777106, 0.0024995454587, -0.0018425444141, 0.00236600311473, -0.00167885993142, 0.00208699028008, 8.34107777337e-05, 0.000767926860135, -0.0035067347344, 0.00628956966102, -0.00380716030486], [0.00068334210664, -0.00104961777106, 0.00282561103813, -0.00203122198582, 0.00127344031353, -0.000806395546533, 0.000872065837029, -0.0008382765227, 0.00223934114911, -0.00242143170908, 0.00275686848909, -0.00375780859031, 0.00333876302466], [-0.000943637278397, 0.0024995454587, -0.00203122198582, 0.00714833941311, -0.00251011596993, 0.00106662861072, -0.00137333071325, 0.00533632235602, -0.0033292225562, 0.00107212341391, -0.00209434889257, 0.00287941354327, -0.00366461393423], [0.00109452486504, -0.0018425444141, 0.00127344031353, -0.00251011596993, 0.00939896609634, -0.0010634069331, 0.00239064148627, -0.00285515980795, 0.000912938499823, 0.000399714597734, 0.00312718120404, -0.00586197944358, 0.00528783397749], [-0.000535346858669, 0.00236600311473, -0.000806395546533, 0.00106662861072, -0.0010634069331, 0.0107227889821, -0.00430031539872, -0.000950961548369, 0.00187297724187, -0.000685957144015, 0.00102275214158, 0.00254272762686, -0.00370807154104], [0.000946350279264, -0.00167885993142, 0.000872065837029, -0.00137333071325, 0.00239064148627, -0.00430031539872, 0.0116390828043, -0.00668889703229, 0.00191620725673, -0.000789666490164, 0.00191639491823, -0.000709353305865, 0.00333732436411], [-0.000966406427324, 0.00208699028008, -0.0008382765227, 0.00533632235602, -0.00285515980795, -0.000950961548369, -0.00668889703229, 0.0253559947014, -0.00442936830223, -0.00191615265794, -0.0011231120443, 0.00394093897194, -0.000881063693669], [0.000751981220674, 8.34107777337e-05, 0.00223934114911, -0.0033292225562, 0.000912938499823, 0.00187297724187, 0.00191620725673, -0.00442936830223, 0.0153243718669, -0.0028362555895, -0.000535084283911, 0.000509516044986, -0.000448282749858], [-0.000471559324069, 0.000767926860135, -0.00242143170908, 0.00107212341391, 0.000399714597734, -0.000685957144015, -0.000789666490164, -0.00191615265794, -0.0028362555895, 0.0194962918758, -0.0018836944364, -0.00183124805335, -0.00126573536545], [0.00119562412146, -0.0035067347344, 0.00275686848909, -0.00209434889257, 0.00312718120404, 0.00102275214158, 0.00191639491823, -0.0011231120443, -0.000535084283911, -0.0018836944364, 0.0229822397232, -0.0109511679038, 0.00544077437371], [-0.00152549881022, 0.00628956966102, -0.00375780859031, 0.00287941354327, -0.00586197944358, 0.00254272762686, -0.000709353305865, 0.00394093897194, 0.000509516044986, -0.00183124805335, -0.0109511679038, 0.0347492881119, -0.0160222072154], [0.00154075899627, -0.00380716030486, 0.00333876302466, -0.00366461393423, 0.00528783397749, -0.00370807154104, 0.00333732436411, -0.000881063693669, -0.000448282749858, -0.00126573536545, 0.00544077437371, -0.0160222072154, 0.029191730544]]
    },
    "melbands": {
        "max": [0.0017292824341, 0.0038352268748, 0.00488708401099, 0.00586561020464, 0.00747444340959, 0.0247964784503, 0.00624774722382, 0.00705752708018, 0.00827068090439, 0.00718543957919, 0.00622488139197, 0.00375472987071, 0.00213476317003, 0.00157754239626, 0.00126143835951, 0.0020064949058, 0.000824481539894, 0.00152648380026, 0.000672529335134, 0.00113449012861, 0.00129601184744, 0.000995317706838, 0.00143435248174, 0.000611822470091, 0.000422667420935, 0.000946620944887, 0.000623645610176, 0.000533111160621, 0.000164703655173, 0.000165558129083, 0.000219594468945, 0.000191122817341, 0.000220157948206, 0.000214534040424, 0.000100920828118, 0.000105733277451, 0.000124635873362, 5.3896845202e-05, 3.89744673157e-05, 1.5942088794e-05],
        "mean": [6.40703219688e-05, 0.000140249321703, 0.000220564703341, 0.000196179651539, 0.000227858181461, 0.000247669318924, 0.000134891350172, 0.000204778378247, 0.000221314781811, 0.000161442425451, 8.22391812108e-05, 6.96389470249e-05, 5.76009006181e-05, 5.66404596611e-05, 4.8834412155e-05, 3.76372445317e-05, 2.95618174277e-05, 7.15651476639e-05, 4.45152109023e-05, 3.8550766476e-05, 4.56831403426e-05, 3.46847627952e-05, 5.74813821004e-05, 1.49604720718e-05, 1.17699564726e-05, 3.19538958138e-05, 2.67026407528e-05, 1.60824347404e-05, 7.88518536865e-06, 5.87211434322e-06, 8.25980168884e-06, 1.0922225556e-05, 8.85362624103e-06, 7.10913263902e-06, 5.6982685237e-06, 2.96673260891e-06, 1.93860523723e-06, 1.34772699312e-06, 7.99844315225e-07, 4.2559813096e-07],
        "min": [8.12516279971e-25, 3.79883389132e-25, 4.69142630779e-25, 1.00068524385e-24, 1.55974406484e-24, 1.20928284554e-24, 9.88861993813e-25, 1.2852007483e-24, 1.0959835855e-24, 8.73752889637e-25, 1.92710574157e-24, 1.66019011833e-24, 1.69219400804e-24, 1.6635999696e-24, 1.36018749937e-24, 1.65840334838e-24, 1.67726304048e-24, 2.31544973786e-24, 2.40328821637e-24, 2.92450064658e-24, 2.41748357114e-24, 2.88664755047e-24, 2.78191107973e-24, 2.94810316765e-24, 3.37077306573e-24, 3.57984684359e-24, 4.02723352877e-24, 3.64610366545e-24, 4.26828141684e-24, 4.66909059873e-24, 4.60633276942e-24, 5.0667857522e-24, 4.42301411682e-24, 4.41838468659e-24, 4.38872588314e-24, 5.64471471769e-24, 5.29756346015e-24, 5.37165643181e-24, 5.14798241631e-24, 5.0243257084e-24],
        "stdev": [0.000132015702548, 0.000246347364737, 0.000391047506128, 0.000348499248503, 0.000554831232876, 0.000866043264978, 0.000305337831378, 0.000420380529249, 0.000535909552127, 0.000436738599092, 0.000301791791571, 0.000171489446075, 0.000138426927151, 0.00011765803356, 9.00070226635e-05, 8.11095887912e-05, 4.98518129461e-05, 0.000131792708999, 7.69647522247e-05, 7.06181308487e-05, 8.51026197779e-05, 6.37320772512e-05, 0.000147747079609, 3.65707855963e-05, 2.38916800299e-05, 6.91834211466e-05, 4.67148784082e-05, 3.43573447026e-05, 1.39289868457e-05, 8.9940158432e-06, 1.38796322062e-05, 1.76963021659e-05, 1.57925915119e-05, 1.36894941534e-05, 1.07228916022e-05, 6.88271984473e-06, 5.94995299252e-06, 3.20592312164e-06, 1.95947632164e-06, 1.08552148959e-06]
    },
    "melbands128": {
        "max": [0.000240609457251, 0.00111390417442, 0.00293045002036, 0.00408402644098, 0.00478597031906, 0.00425703078508, 0.00648304540664, 0.0053448737599, 0.00937349814922, 0.00809673033655, 0.00305465166457, 0.0028326716274, 0.00938753131777, 0.0246582143009, 0.0406581424177, 0.0176383908838, 0.0124082621187, 0.00671693822369, 0.00866807810962, 0.0122043266892, 0.00688169617206, 0.0171781685203, 0.0106838364154, 0.00979117304087, 0.00992281362414, 0.0158818699419, 0.0122392382473, 0.00657957885414, 0.00821971520782, 0.00838126242161, 0.00235379161313, 0.00504202768207, 0.00273678032681, 0.00189851270989, 0.00306283938698, 0.0017850138247, 0.00280506000854, 0.00128677324392, 0.00221635657363, 0.00367982266471, 0.0033696370665, 0.00117197365034, 0.00109580240678, 0.00101125391666, 0.00200728094205, 0.00301471282728, 0.00319608324207, 0.000999383861199, 0.000978777417913, 0.00352069921792, 0.00105170276947, 0.00162879878189, 0.00168913137168, 0.00306395324878, 0.00138229737058, 0.00206817942671, 0.00187339284457, 0.0039179706946, 0.00124940997921, 0.000415059941588, 0.000669939559884, 0.0020868992433, 0.000608025060501, 0.000232457139646, 0.000738683913369, 0.000871391966939, 0.00261401222087, 0.00136461958755, 0.000688491389155, 0.000476567656733, 0.000816520012449, 0.000853199220728, 0.000456697918708, 0.000153551562107, 0.00013345235493, 0.000183066003956, 0.000154567620484, 0.000268965144642, 0.000408124731621, 0.000225361043704, 0.000161937496159, 0.000330861104885, 0.000368985056411, 0.000221953756409, 0.000326240056893, 0.000447585276561, 0.000167966718436, 0.000133116001962, 0.000127651874209, 0.000149040512042, 0.000174150423845, 0.000107958345325, 0.00013049475092, 0.000220686764806, 9.29383459152e-05, 6.8197339715e-05, 7.07406870788e-05, 3.28491478285e-05, 4.35464462498e-05, 5.06810065417e-05, 2.34163489949e-05, 2.36622199736e-05, 1.45808562593e-05, 2.49373242696e-05, 1.63705881278e-05, 1.07058367576e-05, 2.46992913162e-05, 1.51993572217e-05, 8.91767740541e-06, 1.41758609971e-05, 5.34283026354e-06, 3.12145107273e-06, 2.20075048674e-06, 2.27417353926e-06, 6.26250584901e-06, 4.71220488407e-07, 4.48098838035e-08, 4.18128101587e-11, 3.95335257586e-11, 3.83606861554e-11, 3.76682712799e-11, 3.64815608278e-11, 3.56857460249e-11, 3.49337538064e-11, 3.4345092742e-11, 3.36482681995e-11, 3.32247424017e-11, 3.30180258135e-11],
        "mean": [1.38437853821e-05, 3.49532929249e-05, 8.5851388576e-05, 0.000118389754789, 0.000146260135807, 0.000145536439959, 0.000174034226802, 0.000280366191873, 0.000240663313889, 0.000201729752007, 0.000164522716659, 0.000119242256915, 0.000188218866242, 0.000447979662567, 0.000312503019813, 0.000102440775663, 8.52550583659e-05, 0.000148991064634, 0.000165386591107, 0.000243189293542, 0.000165661986102, 0.00026184564922, 0.000237581407418, 0.000161345800734, 0.000220078756684, 0.000121004573884, 0.000125696489704, 6.35390460957e-05, 6.3463972765e-05, 8.21723879199e-05, 5.5876596889e-05, 7.52845808165e-05, 7.04095873516e-05, 2.88815372187e-05, 5.4692311096e-05, 6.38213823549e-05, 6.6181361035e-05, 2.99399926007e-05, 5.79962252232e-05, 5.42336783838e-05, 2.11674596358e-05, 3.44924337696e-05, 2.5424427804e-05, 1.83772863238e-05, 6.59734432702e-05, 7.34500063118e-05, 0.000106056482764, 1.90317150555e-05, 2.78792595054e-05, 6.6024462285e-05, 2.63428446488e-05, 2.61807108473e-05, 5.61771303182e-05, 5.06702199345e-05, 3.7695550418e-05, 1.84327200259e-05, 2.43404720095e-05, 0.000123342542793, 3.34301585099e-05, 1.16748960863e-05, 1.41070722748e-05, 1.9664712454e-05, 1.04051750895e-05, 8.30866065371e-06, 1.5352770788e-05, 2.4888666303e-05, 5.4143511079e-05, 3.50652553607e-05, 1.6044052245e-05, 1.95589527721e-05, 2.16318276216e-05, 1.00497236417e-05, 9.39557139645e-06, 7.7359527495e-06, 5.7482993725e-06, 6.0308693719e-06, 5.41864483239e-06, 6.81440633343e-06, 7.89440127846e-06, 1.15749071483e-05, 7.99724966782e-06, 1.40524280141e-05, 1.04745176941e-05, 7.77463719714e-06, 7.95810865384e-06, 6.78817832522e-06, 7.73321698944e-06, 5.86355963605e-06, 6.44163628749e-06, 4.68292682854e-06, 3.38469499184e-06, 2.4360806492e-06, 2.19938124246e-06, 2.19059870687e-06, 1.6364944031e-06, 1.33147455017e-06, 1.47220350755e-06, 1.01322564205e-06, 8.79207448179e-07, 6.42560678443e-07, 4.7716548579e-07, 3.70030818431e-07, 3.84537003129e-07, 3.65139158021e-07, 3.13013629238e-07, 2.76867723414e-07, 3.14786944955e-07, 3.04775994664e-07, 2.63682437662e-07, 2.51323086786e-07, 1.52796388875e-07, 9.9269342968e-08, 6.54341079098e-08, 6.56076721839e-08, 6.71350974812e-08, 4.42169412196e-09, 3.99156319109e-10, 2.93148513276e-12, 2.70175873861e-12, 2.61050252595e-12, 2.5098250301e-12, 2.45932853075e-12, 2.43144913925e-12, 2.35706940077e-12, 2.18004889314e-12, 1.89966987453e-12, 1.74259456691e-12, 1.711987648e-12],
        "min": [1.06425494354e-26, 2.08655435064e-25, 1.58016506058e-25, 1.10369775769e-25, 1.12693821625e-25, 2.48109622986e-25, 2.67907813035e-25, 1.9781038488e-25, 2.17239893391e-25, 3.76811934546e-25, 4.2138982335e-25, 2.77119982775e-25, 3.06347501181e-25, 2.72442481341e-25, 5.91437222422e-25, 3.94427432752e-26, 1.79976569418e-25, 2.99401309739e-25, 3.76676349078e-25, 3.35665023685e-25, 1.82956257295e-25, 2.40248722673e-25, 4.93130609008e-25, 3.70336545153e-25, 2.66973086818e-25, 3.75971403251e-25, 1.76709514305e-25, 2.45352702033e-25, 6.79907233385e-25, 6.87804273388e-25, 4.91545590234e-25, 9.01130208745e-25, 1.33148282318e-25, 6.91544016421e-25, 7.71650524067e-25, 6.42222263259e-25, 5.48744267446e-25, 8.68604586155e-25, 7.80643784906e-25, 6.40370067157e-25, 8.96409073443e-25, 8.92660011991e-25, 7.20017950795e-25, 4.63553354051e-25, 5.84955990528e-25, 6.38650399688e-25, 4.97069736634e-25, 9.68211390251e-25, 9.14036860623e-25, 1.54817936397e-24, 7.28002159928e-25, 1.29267175411e-24, 1.1312448791e-24, 1.03601299898e-24, 1.06208337278e-24, 1.60883172353e-24, 1.38606805352e-24, 1.6322361419e-24, 1.4701863626e-24, 1.35141457724e-24, 1.65826135342e-24, 1.35999797554e-24, 1.65691831773e-24, 1.66911864328e-24, 1.95413487719e-24, 1.15596393418e-24, 1.51275576224e-24, 1.54820036739e-24, 1.84970270955e-24, 1.51240087344e-24, 2.27947728615e-24, 1.97456420527e-24, 1.76817689322e-24, 1.59130205093e-24, 2.15250045991e-24, 2.47653355699e-24, 2.89197157272e-24, 1.43575830333e-24, 2.31497543524e-24, 2.38501267578e-24, 2.00019725431e-24, 2.62517881457e-24, 2.33486892955e-24, 3.06416866706e-24, 1.61241946293e-24, 1.7463274183e-24, 3.12412998447e-24, 2.0214491671e-24, 2.88690590242e-24, 3.38119312942e-24, 3.140731365e-24, 2.99959803539e-24, 3.39791855833e-24, 3.54337898723e-24, 3.31212677945e-24, 2.85418750194e-24, 2.71257691148e-24, 2.97707566211e-24, 3.50066650795e-24, 4.2666255978e-24, 4.04272123492e-24, 2.98734012299e-24, 2.8853449439e-24, 4.50344164155e-24, 3.54311038009e-24, 3.46818792119e-24, 4.3230871338e-24, 3.32386779073e-24, 3.275116384e-24, 3.83062611979e-24, 3.87045215702e-24, 3.28651147978e-24, 4.2715914772e-24, 3.46368628643e-24, 4.91000398602e-24, 4.11827912128e-24, 3.87371488572e-24, 3.98841328919e-24, 4.4487203327e-24, 5.40762493921e-24, 4.78252090829e-24, 4.98365243456e-24, 5.15819934832e-24, 4.49414294363e-24, 4.42606188092e-24, 5.03546876312e-24, 4.69878884523e-24, 5.00858320018e-24],
        "stdev": [2.00981703529e-05, 7.51478146412e-05, 0.000202668394195, 0.000274233781965, 0.000286425492959, 0.000298716535326, 0.000353351177182, 0.000518217799254, 0.000612487201579, 0.000436559057562, 0.000297955208225, 0.000227996235481, 0.000544293376151, 0.00161216792185, 0.00125733425375, 0.000610757502727, 0.000367793079931, 0.000392624584492, 0.000449999555713, 0.000650868983939, 0.000448538543424, 0.000810488360003, 0.000782916264143, 0.000532891484909, 0.000716730370186, 0.000529815501068, 0.000612696749158, 0.000268461299129, 0.000304363726173, 0.000267575320322, 0.000130154236103, 0.000304495333694, 0.000166581667145, 9.98690666165e-05, 0.000172239495441, 0.000139470648719, 0.000179473194294, 8.26283066999e-05, 0.000124622441945, 0.00013527237752, 9.56578296609e-05, 7.73396750446e-05, 6.23655068921e-05, 4.89656886202e-05, 0.00014842255041, 0.000177439069375, 0.000310984585667, 5.17145344929e-05, 6.32900046185e-05, 0.000166717683896, 6.85906197759e-05, 8.71349911904e-05, 0.000140679694596, 0.00014032011677, 9.48779852479e-05, 7.00549135217e-05, 7.29046587367e-05, 0.000394909642637, 7.33003034838e-05, 2.56930379692e-05, 3.48514440702e-05, 8.75828482094e-05, 3.02716853184e-05, 1.54196204676e-05, 3.13562231895e-05, 6.3192754169e-05, 0.000160387426149, 9.61978148553e-05, 3.93614609493e-05, 3.92784386349e-05, 5.53855534235e-05, 3.67876746168e-05, 2.73472469416e-05, 1.41527498272e-05, 9.53786366154e-06, 1.10276878331e-05, 9.79645028565e-06, 1.37078486659e-05, 1.80774204637e-05, 2.08859819395e-05, 1.59082228492e-05, 2.95611789625e-05, 2.23976148845e-05, 1.4970236407e-05, 1.72917789314e-05, 1.81524555956e-05, 1.42961753227e-05, 1.26194718177e-05, 1.2947810319e-05, 1.07112755359e-05, 8.97787685972e-06, 6.34955176793e-06, 5.84750932831e-06, 8.28962765809e-06, 5.20370394952e-06, 3.6109749999e-06, 3.44267436958e-06, 2.41132670453e-06, 2.19718913286e-06, 2.0340323772e-06, 1.34947583774e-06, 1.12902080218e-06, 9.38849780141e-07, 1.02411638636e-06, 9.13884377951e-07, 7.85719578289e-07, 1.04233311049e-06, 9.43704208112e-07, 6.8380728635e-07, 7.46562648146e-07, 4.10678268281e-07, 2.59950212467e-07, 1.86634196098e-07, 2.04213876032e-07, 4.07008315051e-07, 2.16483613258e-08, 2.19351781183e-09, 4.35263283749e-12, 4.07087254531e-12, 3.95159556119e-12, 3.82477599939e-12, 3.73627387709e-12, 3.66074011382e-12, 3.58061692275e-12, 3.49659537435e-12, 3.40703311917e-12, 3.35362944012e-12, 3.33084644935e-12]
    },
    "mfcc": {
        "mean": [-763.835510254, 63.1179618835, -18.0277481079, 13.9482164383, -7.04499197006, 2.17381119728, -11.1810293198, 0.51528185606, -4.88190507889, 2.28160309792, -2.24240899086, -3.28659129143, 0.186923250556],
        "cov": [[76022.1953125, 8538.90234375, -1904.06994629, 2346.57177734, -1023.58898926, 489.238677979, -1674.24829102, 124.214004517, -733.270385742, 342.574554443, -339.550170898, -475.572570801, 57.6329421997], [8538.90234375, 1967.7833252, -477.294281006, 124.839271545, -196.886001587, -118.455360413, -109.393814087, -36.8722229004, -128.948745728, 14.5124397278, 36.3820457458, -55.0144615173, -56.7811164856], [-1904.06994629, -477.294281006, 561.671936035, 33.9480781555, 42.472076416, 70.9427566528, 70.2678756714, -28.6631526947, 15.5878572464, -27.4326915741, -7.83959007263, 17.3529586792, 8.89774131775], [2346.57177734, 124.839271545, 33.9480781555, 294.084838867, 44.4687080383, 43.8723373413, -117.040275574, -23.8627223969, -48.6077651978, 7.62229204178, -45.7044525146, -28.3785133362, 41.683052063], [-1023.58898926, -196.886001587, 42.472076416, 44.4687080383, 177.052276611, 11.9205541611, -36.3778457642, -18.098695755, -8.22407913208, -24.3037014008, -33.5236320496, 8.68856716156, 10.8355884552], [489.238677979, -118.455360413, 70.9427566528, 43.8723373413, 11.9205541611, 115.520217896, 10.5126018524, 12.8255767822, 19.707742691, 11.0378723145, -19.0657978058, -3.81272578239, 4.9940700531], [-1674.24829102, -109.393814087, 70.2678756714, -117.040275574, -36.3778457642, 10.5126018524, 193.01272583, 28.0227069855, 32.3690643311, -2.80253839493, 42.1135444641, 1.43133342266, -27.3739643097], [124.214004517, -36.8722229004, -28.6631526947, -23.8627223969, -18.098695755, 12.8255767822, 28.0227069855, 67.8504333496, 21.2831802368, 10.3106279373, 5.47783899307, -3.4757771492, -5.8118019104], [-733.270385742, -128.948745728, 15.5878572464, -48.6077651978, -8.22407913208, 19.707742691, 32.3690643311, 21.2831802368, 82.9723358154, 20.4869270325, 4.34629678726, 7.60833072662, -4.16576480865], [342.574554443, 14.5124397278, -27.4326915741, 7.62229204178, -24.3037014008, 11.0378723145, -2.80253839493, 10.3106279373, 20.4869270325, 60.8419380188, 20.0108280182, -6.20836162567, -2.82052159309], [-339.550170898, 36.3820457458, -7.83959007263, -45.7044525146, -33.5236320496, -19.0657978058, 42.1135444641, 5.47783899307, 4.34629678726, 20.0108280182, 71.660194397, 13.330198288, -20.908208847], [-475.572570801, -55.0144615173, 17.3529586792, -28.3785133362, 8.68856716156, -3.81272578239, 1.43133342266, -3.4757771492, 7.60833072662, -6.20836162567, 13.330198288, 51.411151886, 11.9518194199], [57.6329421997, -56.7811164856, 8.89774131775, 41.683052063, 10.8355884552, 4.9940700531, -27.3739643097, -5.8118019104, -4.16576480865, -2.82052159309, -20.908208847, 11.9518194199, 66.0586700439]],
        "icov": [[6.65424304316e-05, -0.000259305001236, -1.87940295291e-05, -0.000212636092328, 0.000234625375015, -0.00046671484597, 0.000378488563001, -0.000392886431655, 0.000172975065652, -0.000126431259559, 0.000123392106616, 3.99810996896e-05, 1.21675402625e-05], [-0.000259305001236, 0.00196501426399, 0.000802142138127, 0.000110943401523, 0.000176003712113, 0.00222616642714, -0.00150169676635, 0.00213791360147, 0.000116776034702, 0.000744787976146, -0.000559020147193, -0.000199589048862, 0.00100419810042], [-1.87940295291e-05, 0.000802142138127, 0.00289016542956, -0.00114716310054, 0.000479309732327, -0.000789900543168, -0.00142867490649, 0.0020096777007, -5.97168982495e-05, 0.00132596155163, -0.00020437031344, -0.000839756103233, 0.000746431876905], [-0.000212636092328, 0.000110943401523, -0.00114716310054, 0.00780448270962, -0.00231741415337, -0.0012853135122, 0.00203782087192, 0.000993481022306, 0.00194378895685, -0.001399437082, -0.000443832832389, 0.00370195391588, -0.00382752367295], [0.000234625375015, 0.000176003712113, 0.000479309732327, -0.00231741415337, 0.00891933683306, -0.00137806893326, 0.00183944625314, 0.00021047059272, 0.00106875272468, 0.00164542766288, 0.00275141792372, -0.00189393677283, 0.00211739144288], [-0.00046671484597, 0.00222616642714, -0.000789900543168, -0.0012853135122, -0.00137806893326, 0.0154775893316, -0.00454039592296, 0.000866046058945, -0.0029482441023, -0.00205820705742, 0.00340977334417, -0.00188892369624, 0.00163594842888], [0.000378488563001, -0.00150169676635, -0.00142867490649, 0.00203782087192, 0.00183944625314, -0.00454039592296, 0.0116103962064, -0.0045490404591, -0.000277502753306, 0.00212884740904, -0.00448223762214, 0.00374963530339, -0.000285596237518], [-0.000392886431655, 0.00213791360147, 0.0020096777007, 0.000993481022306, 0.00021047059272, 0.000866046058945, -0.0045490404591, 0.0208627581596, -0.00374874821864, 0.000163004224305, -0.000428762316005, 0.000622499210294, 0.000655498995911], [0.000172975065652, 0.000116776034702, -5.97168982495e-05, 0.00194378895685, 0.00106875272468, -0.0029482441023, -0.000277502753306, -0.00374874821864, 0.0187366753817, -0.00751530379057, 0.00389849254861, -0.00273254537024, 0.000922734790947], [-0.000126431259559, 0.000744787976146, 0.00132596155163, -0.001399437082, 0.00164542766288, -0.00205820705742, 0.00212884740904, 0.000163004224305, -0.00751530379057, 0.0254053827375, -0.0108337681741, 0.00527454307303, -0.00153533811681], [0.000123392106616, -0.000559020147193, -0.00020437031344, -0.000443832832389, 0.00275141792372, 0.00340977334417, -0.00448223762214, -0.000428762316005, 0.00389849254861, -0.0108337681741, 0.0260596945882, -0.0100086769089, 0.00695748021826], [3.99810996896e-05, -0.000199589048862, -0.000839756103233, 0.00370195391588, -0.00189393677283, -0.00188892369624, 0.00374963530339, 0.000622499210294, -0.00273254537024, 0.00527454307303, -0.0100086769089, 0.0276613067836, -0.00848686508834], [1.21675402625e-05, 0.00100419810042, 0.000746431876905, -0.00382752367295, 0.00211739144288, 0.00163594842888, -0.000285596237518, 0.000655498995911, 0.000922734790947, -0.00153533811681, 0.00695748021826, -0.00848686508834, 0.0215038154274]]
    },
    "spectral_contrast_coeffs": {
        "max": [-0.363034427166, -0.481968015432, -0.559618115425, -0.553667545319, -0.566902816296, -0.567980706692],
        "mean": [-0.763490855694, -0.797150731087, -0.808193147182, -0.809689581394, -0.800656855106, -0.768499553204],
        "min": [-0.98344796896, -0.982071399689, -0.981002449989, -0.976228535175, -0.970015347004, -0.966640114784],
        "stdev": [0.123003222048, 0.108122184873, 0.0969573557377, 0.098454400897, 0.097926594317, 0.110808856785]
    },
    "spectral_contrast_valleys": {
        "max": [-5.63616085052, -5.03357124329, -5.54611873627, -5.90385055542, -5.95493984222, -7.69647264481],
        "mean": [-11.8106460571, -11.2698249817, -11.7638940811, -11.7095108032, -11.6096105576, -13.8139562607],
        "min": [-28.1625385284, -28.1291427612, -27.975774765, -27.8845996857, -27.6086616516, -27.4371948242],
        "stdev": [8.23059844971, 8.48363399506, 8.24690437317, 8.2545375824, 8.32350921631, 7.18064880371]
    }
},
"rhythm": {
    "beats_count": 102,
    "beats_loudness": {
        "max": 0.0732315555215,
        "mean": 0.0182097461075,
        "min": 0,
        "stdev": 0.0155570274219
    },
    "bpm": 151.921432495,
    "bpm_histogram_first_peak_bpm": 152,
    "bpm_histogram_first_peak_weight": 0.176470637321,
    "bpm_histogram_second_peak_bpm": 112,
    "bpm_histogram_second_peak_spread": 0.444444417953,
    "bpm_histogram_second_peak_weight": 0.0990099012852,
    "danceability": 0.889837265015,
    "onset_rate": 1.45886206627,
    "beats_loudness_band_ratio": {
        "max": [0.548684537411, 0.475335419178, 0.789023280144, 0.634163141251, 0.720712959766, 0.818123579025],
        "mean": [0.100648477674, 0.116033308208, 0.197811558843, 0.11298160255, 0.160175383091, 0.165676757693],
        "min": [0, 0, 0, 0, 0, 0],
        "stdev": [0.127094939351, 0.125398248434, 0.194935679436, 0.119871631265, 0.154319420457, 0.171126410365]
    },
