{
"metadata": {
    "version": {
        "essentia": "2.1-beta5",
        "essentia_git_sha": "Undefined",
        "extractor": "music 2.0"
    },
    "audio_properties": {
        "analysis": {
            "equal_loudness": 0,
            "length": 12.7477550507,
            "sample_rate": 44100,
            "start_time": 0,
            "downmix": "mix"
        },
        "bit_rate": 192000,
        "length": 213.437835693,
        "lossless": 0,
        "number_channels": 2,
        "replay_gain": 17.9676418304,
        "sample_rate": 48000,
        "codec": "mp3",
        "md5_encoded": "6a0e61fa4e2ac08dc69747650724951d"
    },
    "tags": {
        "file_name": "Denmark_Alt Det Som Ingen Ser_Kenny _ Lotte.mp3",
        "encoding": ["Lavf58.29.100"]
    }
},
"lowlevel": {
    "average_loudness": 8.21662615635e-05,
    "barkbands_crest": {
        "max": 12.1872606277,
        "mean": 6.58062362671,
        "min": 3.45818352699,
        "stdev": 0.801157057285
    },
    "barkbands_flatness_db": {
        "max": 0.196591302752,
        "mean": 0.0800562053919,
        "min": 0.0568776242435,
        "stdev": 0.0199142843485
    },
    "barkbands_kurtosis": {
        "max": 5.48854732513,
        "mean": 3.02746391296,
        "min": -1.03593111038,
        "stdev": 1.08591520786
    },
    "barkbands_skewness": {
        "max": 1.2452852726,
        "mean": -1.65593600273,
        "min": -2.31810665131,
        "stdev": 0.631935894489
    },
    "barkbands_spread": {
        "max": 45.959941864,
        "mean": 25.2071590424,
        "min": 5.84574222565,
        "stdev": 5.2198638916
    },
    "dissonance": {
        "max": 0.499999940395,
        "mean": 0.492105603218,
        "min": 0.392075151205,
        "stdev": 0.00899802427739
    },
    "dynamic_complexity": 16.7001895905,
    "erbbands_crest": {
        "max": 14.3012990952,
        "mean": 3.86031746864,
        "min": 2.58780121803,
        "stdev": 1.38137078285
    },
    "erbbands_flatness_db": {
        "max": 0.296466290951,
        "mean": 0.111795775592,
        "min": 0.0819732323289,
        "stdev": 0.04210697487
    },
    "erbbands_kurtosis": {
        "max": 2.32033586502,
        "mean": 0.150040701032,
        "min": -0.954028844833,
        "stdev": 0.363275110722
    },
    "erbbands_skewness": {
        "max": 1.32610249519,
        "mean": -0.564470589161,
        "min": -0.972744643688,
        "stdev": 0.30652153492
    },
    "erbbands_spread": {
        "max": 46.0557060242,
        "mean": 34.2587432861,
        "min": 8.38511657715,
        "stdev": 6.65773057938
    },
    "hfc": {
        "max": 1004.39703369,
        "mean": 17.0291690826,
        "min": 1.0466276586e-16,
        "stdev": 96.3994598389
    },
    "loudness_ebu128": {
        "integrated": -32.9680900574,
        "loudness_range": 18.9107131958,
        "momentary": {
            "max": -28.8463249207,
            "mean": -274.374206543,
            "min": -300.691009521,
            "stdev": 77.5603866577
        },
        "short_term": {
            "max": -37.0095291138,
            "mean": -268.583831787,
            "min": -300.691009521,
            "stdev": 82.9581298828
        }
    },
    "melbands_crest": {
        "max": 16.0106658936,
        "mean": 2.89041924477,
        "min": 1.48146092892,
        "stdev": 1.88896608353
    },
    "melbands_flatness_db": {
        "max": 0.207488149405,
        "mean": 0.0188246537,
        "min": 0.00280924420804,
        "stdev": 0.0394359603524
    },
    "melbands_kurtosis": {
        "max": 5.49411201477,
        "mean": -0.982207119465,
        "min": -1.4260174036,
        "stdev": 0.749638080597
    },
    "melbands_skewness": {
        "max": 1.50803935528,
        "mean": 0.0530025400221,
        "min": -0.44729539752,
        "stdev": 0.236645355821
    },
    "melbands_spread": {
        "max": 166.216766357,
        "mean": 123.127006531,
        "min": 10.3487262726,
        "stdev": 33.312789917
    },
    "pitch_salience": {
        "max": 0.891371905804,
        "mean": 0.786713778973,
        "min": 0.626735031605,
        "stdev": 0.022441515699
    },
    "silence_rate_20dB": {
        "max": 1,
        "mean": 0.981818199158,
        "min": 0,
        "stdev": 0.133608534932
    },
    "silence_rate_30dB": {
        "max": 1,
        "mean": 0.972727298737,
        "min": 0,
        "stdev": 0.162877038121
    },
    "silence_rate_60dB": {
        "max": 1,
        "mean": 0.921818196774,
        "min": 0,
        "stdev": 0.268457472324
    },
    "spectral_centroid": {
        "max": 11910.2490234,
        "mean": 10162.1572266,
        "min": 1347.89770508,
        "stdev": 2695.13476562
    },
    "spectral_complexity": {
        "max": 57,
        "mean": 3.18363642693,
        "min": 0,
        "stdev": 11.258975029
    },
    "spectral_decrease": {
        "max": 2.95626033492e-28,
        "mean": -3.27858074023e-09,
        "min": -1.91788615211e-07,
        "stdev": 1.94515514806e-08
    },
    "spectral_energy": {
        "max": 0.814955830574,
        "mean": 0.0139187080786,
        "min": 9.71166665466e-21,
        "stdev": 0.082133859396
    },
    "spectral_energyband_high": {
        "max": 0.00601332588121,
        "mean": 0.000130954533233,
        "min": 6.9689288061e-21,
        "stdev": 0.00064391863998
    },
    "spectral_energyband_low": {
        "max": 0.00560401845723,
        "mean": 5.4418342188e-05,
        "min": 8.65019114733e-24,
        "stdev": 0.000341804843629
    },
    "spectral_energyband_middle_high": {
        "max": 0.612295627594,
        "mean": 0.00914886500686,
        "min": 1.11095162638e-21,
        "stdev": 0.055298268795
    },
    "spectral_energyband_middle_low": {
        "max": 0.423770427704,
        "mean": 0.00470346165821,
        "min": 1.22074041516e-22,
        "stdev": 0.029642123729
    },
    "spectral_entropy": {
        "max": 9.82980060577,
        "mean": 9.60770130157,
        "min": 7.38169527054,
        "stdev": 0.602484941483
    },
    "spectral_flux": {
        "max": 0.793846964836,
        "mean": 0.0200973264873,
        "min": 6.28956053905e-11,
        "stdev": 0.0934847295284
    },
    "spectral_kurtosis": {
        "max": 19.9524707794,
        "mean": -0.486206889153,
        "min": -1.27048766613,
        "stdev": 2.38362574577
    },
    "spectral_rms": {
        "max": 0.0281971432269,
        "mean": 0.000834602338728,
        "min": 3.07811588718e-12,
        "stdev": 0.00358924339525
    },
    "spectral_rolloff": {
        "max": 19918.2128906,
        "mean": 17243.7148438,
        "min": 1378.125,
        "stdev": 4760.29882812
    },
    "spectral_skewness": {
        "max": 3.85928606987,
        "mean": 0.163844361901,
        "min": -0.0922432914376,
        "stdev": 0.524285316467
    },
    "spectral_spread": {
        "max": 42955520,
        "mean": 36976332,
        "min": 2190846.25,
        "stdev": 10979410
    },
    "spectral_strongpeak": {
        "max": 22.9566631317,
        "mean": 0.303337395191,
        "min": 0,
        "stdev": 1.79211497307
    },
    "zerocrossingrate": {
        "max": 0.69677734375,
        "mean": 0.46266156435,
        "min": 0.033203125,
        "stdev": 0.122565180063
    },
    "barkbands": {
        "max": [0.0008268947131, 0.00102486484684, 0.00174960540608, 0.00723047461361, 0.0226304456592, 0.0396416783333, 0.0769826471806, 0.104088768363, 0.204361781478, 0.168901801109, 0.0503193028271, 0.103522524238, 0.367853939533, 0.0586046390235, 0.0277384947985, 0.0288245584816, 0.0274262167513, 0.0102200740948, 0.0204994212836, 0.00368344318122, 0.00298097473569, 0.00141383439768, 0.000571827695239, 0.000511183519848, 0.000149087776663, 4.573989645e-05, 3.36938755936e-05],
        "mean": [9.12790528673e-06, 2.40905192186e-05, 1.09182064989e-05, 4.41187767137e-05, 0.000203945572139, 0.000220155125135, 0.000480700779008, 0.000485695694806, 0.00296532385983, 0.00156166963279, 0.000751132261939, 0.00115934759378, 0.00306100258604, 0.000718604831491, 0.000610211514868, 0.000471905630548, 0.000586557958741, 0.000202915573027, 0.000180870993063, 7.17721341061e-05, 4.84462470922e-05, 2.6820876883e-05, 1.26848035507e-05, 6.90378692525e-06, 2.66627216661e-06, 8.19856097678e-07, 2.58061902514e-07],
        "min": [1.37217239193e-25, 1.41014339809e-24, 1.97842185836e-25, 2.80933015916e-25, 6.48943170817e-24, 3.46427950983e-24, 5.33848719733e-24, 6.08021603004e-24, 1.13114276106e-23, 8.61807661988e-24, 4.97251174643e-24, 1.69808415632e-23, 2.26599253728e-23, 1.80480110181e-23, 3.2822274523e-23, 4.7032688652e-23, 7.11628330265e-23, 6.55988203571e-23, 1.08685948616e-22, 1.20149145177e-22, 1.96393397325e-22, 2.75115026126e-22, 3.69071490138e-22, 4.47406413012e-22, 7.98519894849e-22, 1.21942244947e-21, 1.96570243532e-21],
        "stdev": [6.18001722614e-05, 0.000110612898425, 9.43823397392e-05, 0.000433099106885, 0.00171799247619, 0.00218974309973, 0.00420317240059, 0.00488713663071, 0.0200240816921, 0.012697394006, 0.00451743230224, 0.00803474616259, 0.023834599182, 0.00417528441176, 0.00284755439498, 0.00231222971343, 0.00294141331688, 0.00103942246642, 0.00133314018603, 0.000355322350515, 0.000260423112195, 0.000133008710691, 5.8173060097e-05, 3.42394705513e-05, 1.30980670292e-05, 4.63578362542e-06, 2.17710339712e-06]
    },
    "erbbands": {
        "max": [0.0452199466527, 0.186884835362, 1.41614735126, 11.6333847046, 69.3403396606, 65.0943374634, 111.593681335, 409.791259766, 532.222351074, 3490.42358398, 1556.64880371, 6347.77587891, 2832.95947266, 8531.96972656, 2365.07788086, 5500.05859375, 14553.0390625, 5895.01513672, 1999.9675293, 953.194824219, 1664.61071777, 1679.99633789, 732.417114258, 662.758422852, 1029.39086914, 254.132247925, 108.446685791, 103.839271545, 56.8816871643, 27.4325828552, 14.4964933395, 13.3397922516, 6.41720867157, 2.00732946396, 0.709087848663, 0.263213813305, 0.0860026702285, 0.0281361155212, 0.00491345766932, 0.00124926376157],
        "mean": [0.00110274518374, 0.00392986414954, 0.0117103355005, 0.0875429138541, 0.629993677139, 0.544682562351, 0.612554848194, 2.27789950371, 4.54570627213, 12.3139324188, 15.5190763474, 77.679901123, 39.0073471069, 59.2711143494, 33.0544013977, 56.4209480286, 141.101760864, 59.5337104797, 30.2551670074, 29.8657131195, 28.2363643646, 31.6224155426, 13.767408371, 8.92143154144, 8.13223934174, 3.63397598267, 2.13946819305, 1.76331377029, 1.05185937881, 0.572003483772, 0.337286531925, 0.188640579581, 0.0932503342628, 0.0389024317265, 0.0137612903491, 0.0047458447516, 0.00129388167989, 0.000250240263995, 4.67565187137e-05, 2.0759718609e-05],
        "min": [4.82190029248e-23, 1.92747875445e-22, 1.60438111861e-21, 5.36575018919e-21, 5.40613300129e-21, 1.34743416245e-20, 2.55862456943e-20, 4.2751275765e-20, 9.86303149791e-20, 7.12780629108e-20, 2.19851785517e-19, 2.48673213751e-19, 4.36675469607e-19, 3.44577903988e-19, 6.50383267727e-19, 1.25122917011e-18, 1.33235563247e-18, 1.42456755581e-18, 2.1294875651e-18, 2.67251343927e-18, 3.18132484856e-18, 4.66957683293e-18, 4.26746034893e-18, 5.910055757e-18, 6.43620052923e-18, 6.53014591294e-18, 7.92037596075e-18, 8.93071007735e-18, 9.58036945864e-18, 8.06171465765e-18, 1.05557915903e-17, 9.4505178189e-18, 9.0400004886e-18, 7.03360029378e-18, 5.3603925856e-18, 3.56434028465e-18, 2.17499304535e-18, 8.93128620865e-19, 2.37558362011e-19, 2.50577322129e-20],
        "stdev": [0.00505015579984, 0.0189657695591, 0.08233589679, 0.775080919266, 5.10196828842, 4.52538537979, 6.41571521759, 21.6313819885, 34.0332603455, 155.809783936, 109.948554993, 566.88067627, 239.030975342, 536.859680176, 204.306671143, 385.763336182, 1109.11877441, 394.829772949, 150.338256836, 132.325912476, 141.544235229, 157.202056885, 70.3281860352, 50.569644928, 63.1651992798, 18.9646911621, 10.8353433609, 9.67852878571, 5.41828393936, 2.67026734352, 1.53519105911, 0.920313775539, 0.46316242218, 0.185869514942, 0.0694281682372, 0.0256163850427, 0.00765017373487, 0.00187332567293, 0.00035574749927, 0.000125510967337]
    },
    "gfcc": {
        "mean": [-1147.56298828, 5.16599225998, -18.9011974335, -0.227705806494, -5.53220367432, 2.04040384293, -2.1987323761, 1.61386990547, -0.703007340431, 0.203682228923, -1.31629705429, -0.161638572812, -0.40351125598],
        "cov": [[136729.25, 6600.63427734, -21728.3964844, -263.85748291, -6325.03613281, 2287.26611328, -2527.15576172, 1784.40576172, -817.59552002, 176.775848389, -1494.75976562, -243.487792969, -500.742248535], [6600.63427734, 412.005645752, -1019.17236328, -6.14496183395, -289.016784668, 101.096832275, -120.257469177, 74.2037963867, -38.1092300415, -0.416921585798, -69.0095825195, -19.5944881439, -26.1595363617], [-21728.3964844, -1019.17236328, 3496.53710938, 39.9111328125, 1010.67712402, -384.831817627, 394.336853027, -303.503662109, 120.519042969, -34.9404945374, 241.266021729, 33.2292137146, 70.4636306763], [-263.85748291, -6.14496183395, 39.9111328125, 14.1251487732, 12.9679870605, 1.45325171947, 0.752749800682, -1.24557471275, 3.2047085762, -0.0855228453875, 1.74772822857, -0.909742295742, 2.61281204224], [-6325.03613281, -289.016784668, 1010.67712402, 12.9679870605, 300.38180542, -104.47228241, 119.30480957, -83.7762756348, 38.1147041321, -10.5746259689, 68.800201416, 9.64025020599, 22.2161998749], [2287.26611328, 101.096832275, -384.831817627, 1.45325171947, -104.47228241, 58.2349395752, -34.4404258728, 42.7416687012, -7.47158718109, 5.65868520737, -27.4456119537, -2.49986624718, -3.13382935524], [-2527.15576172, -120.257469177, 394.336853027, 0.752749800682, 119.30480957, -34.4404258728, 57.8465766907, -26.5411682129, 17.5771427155, -3.24781274796, 27.2322998047, 5.30941057205, 11.2520523071], [1784.40576172, 74.2037963867, -303.503662109, -1.24557471275, -83.7762756348, 42.7416687012, -26.5411682129, 38.0742988586, -2.03723406792, 6.83551502228, -20.7926502228, -0.990011453629, -1.86484265327], [-817.59552002, -38.1092300415, 120.519042969, 3.2047085762, 38.1147041321, -7.47158718109, 17.5771427155, -2.03723406792, 14.0128173828, 3.21512341499, 9.22378730774, 2.18912982941, 5.28693580627], [176.775848389, -0.416921585798, -34.9404945374, -0.0855228453875, -10.5746259689, 5.65868520737, -3.24781274796, 6.83551502228, 3.21512341499, 5.09304141998, -0.996592342854, 0.66477060318, 0.195548132062], [-1494.75976562, -69.0095825195, 241.266021729, 1.74772822857, 68.800201416, -27.4456119537, 27.2322998047, -20.7926502228, 9.22378730774, -0.996592342854, 19.1465625763, 3.02650618553, 4.62413883209], [-243.487792969, -19.5944881439, 33.2292137146, -0.909742295742, 9.64025020599, -2.49986624718, 5.30941057205, -0.990011453629, 2.18912982941, 0.66477060318, 3.02650618553, 3.36801147461, 2.54796385765], [-500.742248535, -26.1595363617, 70.4636306763, 2.61281204224, 22.2161998749, -3.13382935524, 11.2520523071, -1.86484265327, 5.28693580627, 0.195548132062, 4.62413883209, 2.54796385765, 6.13617038727]],
        "icov": [[0.00375158526003, -0.0106778908521, 0.01025679335, 0.0107157630846, 0.0152920084074, -0.00826566200703, 0.0155085539445, -0.0131794223562, 0.0191964674741, -0.00339084607549, 0.00573279056698, -0.00536855775863, 0.0277286116034], [-0.0106778908521, 0.0880627930164, 0.048496555537, -0.111673779786, -0.0891075953841, 0.110989741981, -0.136235967278, 0.175072968006, -0.20133395493, 0.162118881941, -0.146111518145, 0.144742563367, -0.104657880962], [0.01025679335, 0.048496555537, 0.1732301265, -0.128291323781, -0.0886494070292, 0.164867326617, -0.141302242875, 0.194360658526, -0.146181493998, 0.153908014297, -0.179736718535, 0.138129040599, 0.0315964967012], [0.0107157630846, -0.111673779786, -0.128291323781, 0.378185123205, 0.10715483129, -0.30788731575, 0.393346428871, -0.318527042866, 0.287322074175, -0.159469455481, 0.14117911458, -0.0539329946041, 0.0207894928753], [0.0152920084074, -0.0891075953841, -0.0886494070292, 0.10715483129, 0.353419959545, -0.189018383622, 0.0817156881094, -0.0958351641893, 0.0602315552533, -0.0138207878917, 0.17106115818, -0.12791223824, 0.158063769341], [-0.00826566200703, 0.110989741981, 0.164867326617, -0.30788731575, -0.189018383622, 0.442522406578, -0.355306148529, 0.196056932211, -0.225006848574, 0.145490705967, -0.145408719778, 0.155277892947, -0.107678316534], [0.0155085539445, -0.136235967278, -0.141302242875, 0.393346428871, 0.0817156881094, -0.355306148529, 0.586877763271, -0.480482012033, 0.39569067955, -0.145285636187, 0.107729062438, -0.113347373903, 0.0699840784073], [-0.0131794223562, 0.175072968006, 0.194360658526, -0.318527042866, -0.0958351641893, 0.196056932211, -0.480482012033, 0.880428016186, -0.699037849903, 0.279159426689, -0.191198334098, 0.202673479915, -0.176347762346], [0.0191964674741, -0.20133395493, -0.146181493998, 0.287322074175, 0.0602315552533, -0.225006848574, 0.39569067955, -0.699037849903, 0.90655785799, -0.609379887581, 0.265617191792, -0.239026010036, 0.130910918117], [-0.00339084607549, 0.162118881941, 0.153908014297, -0.159469455481, -0.0138207878917, 0.145490705967, -0.145285636187, 0.279159426689, -0.609379887581, 0.964309632778, -0.532267987728, 0.312207013369, -0.0436636842787], [0.00573279056698, -0.146111518145, -0.179736718535, 0.14117911458, 0.17106115818, -0.145408719778, 0.107729062438, -0.191198334098, 0.265617191792, -0.532267987728, 0.914072096348, -0.489637255669, 0.202127620578], [-0.00536855775863, 0.144742563367, 0.138129040599, -0.0539329946041, -0.12791223824, 0.155277892947, -0.113347373903, 0.202673479915, -0.239026010036, 0.312207013369, -0.489637255669, 0.922179341316, -0.390341997147], [0.0277286116034, -0.104657880962, 0.0315964967012, 0.0207894928753, 0.158063769341, -0.107678316534, 0.0699840784073, -0.176347762346, 0.130910918117, -0.0436636842787, 0.202127620578, -0.390341997147, 0.697071194649]]
    },
    "melbands": {
        "max": [0.000334052485414, 0.000682292389683, 0.00235352199525, 0.00582470698282, 0.00338654406369, 0.00855879858136, 0.00801752042025, 0.0368978790939, 0.0197401102632, 0.0366249084473, 0.0138861099258, 0.0349912196398, 0.00672475388274, 0.0118950847536, 0.0170827955008, 0.0477760061622, 0.00736913224682, 0.00318006402813, 0.00194551621098, 0.0014802851947, 0.00225128140301, 0.00223772693425, 0.00102600816172, 0.000449014420155, 0.000532152014785, 0.000992682995275, 0.000457250571344, 0.000107709020085, 7.2331255069e-05, 7.48855236452e-05, 5.59345426154e-05, 3.61258353223e-05, 1.98730504053e-05, 1.41524496939e-05, 9.5279983725e-06, 7.8086159192e-06, 8.78032642504e-06, 5.45634429727e-06, 2.25448593483e-06, 1.52752795657e-06],
        "mean": [8.1875559772e-06, 5.97657572143e-06, 2.97316637443e-05, 5.18201486557e-05, 1.95423854166e-05, 5.20078174304e-05, 7.40780815249e-05, 0.000130323314806, 0.000168877537362, 0.000486942590214, 0.000178022484761, 0.000244044640567, 0.000101826510218, 0.000135473412229, 0.000210641534068, 0.000299351959256, 8.57488776091e-05, 4.47902311862e-05, 4.7669003834e-05, 3.30690345436e-05, 3.34962569468e-05, 3.65430496458e-05, 1.70793518919e-05, 9.71981717157e-06, 6.72032274451e-06, 7.41413032301e-06, 3.64253173757e-06, 2.11964652408e-06, 1.34673769026e-06, 1.19041294511e-06, 9.44303849337e-07, 6.20828416231e-07, 4.27182413887e-07, 2.74233002528e-07, 2.0071448148e-07, 1.52817804633e-07, 1.00603372744e-07, 6.96967745739e-08, 4.75000412337e-08, 2.74451217308e-08],
        "min": [3.38451600877e-25, 1.2440928121e-24, 1.58090190597e-24, 8.08457787829e-25, 8.50064185515e-25, 8.05753227519e-25, 1.42789690998e-24, 7.55110428163e-25, 1.95786993636e-24, 1.58000073099e-24, 1.78183759752e-24, 1.01139018494e-24, 1.83227539164e-24, 1.62641365817e-24, 2.62926807229e-24, 2.44782848637e-24, 2.32611237629e-24, 2.78575815715e-24, 2.42305371799e-24, 1.71325915801e-24, 3.0246907147e-24, 3.47578110183e-24, 3.29845917262e-24, 3.54920827489e-24, 3.96673026392e-24, 3.59725542604e-24, 4.21330609479e-24, 3.75471719032e-24, 4.76958871704e-24, 3.89071365494e-24, 4.65170528767e-24, 4.17079201402e-24, 4.13633575297e-24, 3.50890300466e-24, 4.86893943717e-24, 4.24094580875e-24, 5.22259209187e-24, 4.56552617808e-24, 5.09166287527e-24, 5.2168314351e-24],
        "stdev": [3.72358590539e-05, 3.95859278797e-05, 0.000215147796553, 0.000441162381321, 0.000193410785869, 0.000468277547043, 0.000551025266759, 0.0016471631825, 0.00130661553703, 0.00345105514862, 0.00112879334483, 0.00225108047016, 0.000589317933191, 0.00096620892873, 0.00146172987297, 0.00261737871915, 0.000538291118573, 0.000227618118515, 0.000216854197788, 0.000151839165483, 0.000175317705725, 0.000187971396372, 8.82154636201e-05, 5.04649106006e-05, 3.88256266888e-05, 6.01396386628e-05, 2.49876793532e-05, 1.04477185232e-05, 6.79479489918e-06, 6.50499850963e-06, 5.21011634191e-06, 3.23966924043e-06, 2.06169761441e-06, 1.29355248646e-06, 9.20094294088e-07, 7.11491793481e-07, 5.28058080818e-07, 3.61994437981e-07, 2.25108422569e-07, 1.33146485837e-07]
    },
    "melbands128": {
        "max": [0.000273565936368, 0.000424791476689, 0.000368805543985, 0.000250794284511, 0.000350280635757, 0.00107155600563, 0.00233584875241, 0.00420765485615, 0.00799367483705, 0.0102200666443, 0.00251265289262, 0.000646889733616, 0.00137038982939, 0.0119998911396, 0.011760879308, 0.00819983612746, 0.00899520516396, 0.0123849017546, 0.015065882355, 0.0613443031907, 0.0326455235481, 0.00789705850184, 0.0145305451006, 0.0481451265514, 0.0787715241313, 0.0611569359899, 0.0267180334777, 0.0265167616308, 0.0272951424122, 0.0450315177441, 0.0592479482293, 0.0141824800521, 0.00707448925823, 0.0113065326586, 0.0202865619212, 0.0223529525101, 0.019833991304, 0.0208688601851, 0.0514519140124, 0.0756408795714, 0.0895233526826, 0.0256398282945, 0.00929592549801, 0.0054587116465, 0.00338681135327, 0.00279750558548, 0.00318023236468, 0.00289925257675, 0.00236151576973, 0.00126072298735, 0.00222835293971, 0.00262028467841, 0.00218874588609, 0.00287533155642, 0.00269218650647, 0.0041754427366, 0.00250125536695, 0.00189306412358, 0.000727773352992, 0.000882819877006, 0.000806728610769, 0.000761450384744, 0.000464153941721, 0.000380856974516, 0.00176879973151, 0.00106815050822, 0.0010143071413, 0.000855170248542, 0.000164867451531, 0.000200089474674, 0.000132231260068, 0.000138221643283, 0.000110056978883, 7.9512654338e-05, 5.78754297749e-05, 0.000102578444057, 6.59477591398e-05, 9.71331246546e-05, 7.32076878194e-05, 3.39036960213e-05, 3.77469368686e-05, 3.82192338293e-05, 3.41766717611e-05, 2.16107837332e-05, 1.85320641322e-05, 1.11622139229e-05, 1.79332582775e-05, 1.4083865608e-05, 9.90253192867e-06, 8.89039165486e-06, 8.87542410055e-06, 9.1085639724e-06, 5.76602678848e-06, 9.2533082352e-06, 1.13444320959e-05, 5.92621245232e-06, 5.37127561984e-06, 2.88513774649e-06, 2.3941197469e-06, 3.13514192385e-06, 1.5105475768e-06, 1.5008650962e-06, 1.62533967796e-06, 8.8554412514e-07, 1.06310949377e-06, 7.73209933413e-07, 8.63721993483e-07, 7.31194290893e-07, 4.46010318456e-07, 3.8587262452e-07, 3.94180489138e-07, 3.58637436193e-07, 2.70466188113e-07, 3.82356148521e-07, 2.39264693391e-07, 2.61826869519e-07, 2.04479263743e-07, 1.73599801201e-07, 1.8510476707e-07, 1.42459015251e-07, 1.26355431007e-07, 1.32147363274e-07, 1.22909355582e-07, 1.17045821924e-07, 1.28121627085e-07, 1.41324591141e-07, 1.47292510633e-07, 1.5008554044e-07],
        "mean": [4.10808161178e-06, 1.04359633042e-05, 9.18397381611e-06, 5.36350353286e-06, 4.67958898298e-06, 5.68398081668e-06, 1.28534466057e-05, 2.59659809672e-05, 6.94837071933e-05, 8.15425082692e-05, 1.70440125657e-05, 6.45867703497e-06, 1.00076804301e-05, 4.75418892165e-05, 5.42457310075e-05, 4.55782574136e-05, 7.52394116716e-05, 5.92682154092e-05, 9.17764773476e-05, 0.000184271295439, 0.000115999864647, 6.53193856124e-05, 8.61032749526e-05, 0.000339140329743, 0.000707866798621, 0.000467561098048, 0.000206383119803, 0.000135986891109, 0.000130155312945, 0.000318059057463, 0.00027973842225, 0.000117593976029, 8.17135369289e-05, 8.74932229635e-05, 0.000127551291371, 0.000168356928043, 0.000122126832139, 0.00012293101463, 0.000317876052577, 0.000432385073509, 0.000284440000542, 0.000141402953886, 8.72630625963e-05, 5.41885565326e-05, 4.2958992708e-05, 4.60135452158e-05, 4.14532878494e-05, 5.46396622667e-05, 4.90952188557e-05, 3.24059656123e-05, 3.20183535223e-05, 3.25585751852e-05, 2.85116238956e-05, 3.55072588718e-05, 4.03685153287e-05, 4.00891913159e-05, 3.1299834518e-05, 2.04658008442e-05, 1.11678873509e-05, 1.10709715955e-05, 1.06785328171e-05, 8.32751175039e-06, 5.58546116736e-06, 5.96651989326e-06, 8.91979834705e-06, 8.02425347501e-06, 6.52226026432e-06, 4.59548209619e-06, 2.79845835394e-06, 2.66363940682e-06, 2.25639996643e-06, 1.78697200681e-06, 1.45551609876e-06, 1.32131970076e-06, 1.08261770038e-06, 1.28094518459e-06, 1.17325350857e-06, 1.14689203201e-06, 9.30303713176e-07, 7.30042813757e-07, 6.48293678296e-07, 5.60723947274e-07, 5.60910280001e-07, 4.00333078687e-07, 3.5513087937e-07, 2.7556995974e-07, 2.64400767946e-07, 2.28652737633e-07, 1.97522282974e-07, 1.73908603074e-07, 1.78084178515e-07, 1.46910522858e-07, 1.15904562392e-07, 1.01389041163e-07, 9.10460258297e-08, 7.72127037862e-08, 6.82720155964e-08, 5.15772065057e-08, 5.24070884467e-08, 4.41855547706e-08, 2.97718170117e-08, 2.5449709895e-08, 2.35449792996e-08, 1.62639413048e-08, 1.44288208048e-08, 1.31316610918e-08, 1.16797131966e-08, 9.97755478238e-09, 7.43843564521e-09, 6.29897201065e-09, 5.30915000851e-09, 4.46297399037e-09, 3.76377817801e-09, 3.51250295516e-09, 2.59464183472e-09, 2.10438422243e-09, 1.5151382371e-09, 1.40495615142e-09, 1.25858068412e-09, 1.1646685838e-09, 1.07862829779e-09, 1.02951125402e-09, 9.66212665432e-10, 1.06419062451e-09, 9.14491316006e-10, 8.42785730093e-10, 8.40697511606e-10, 7.92787113735e-10],
        "min": [6.41496511226e-26, 2.21404783147e-25, 1.438786765e-25, 1.27255220185e-25, 1.97254891218e-25, 1.22017516575e-25, 2.3548575309e-25, 7.22781601717e-26, 2.94575921538e-25, 2.17176316132e-25, 2.5950819468e-25, 1.0099617304e-25, 2.14451763129e-25, 4.98827713162e-25, 1.94274759607e-25, 8.07452754383e-26, 4.51182289423e-25, 2.25496284188e-25, 4.34247565852e-25, 2.66809792611e-25, 1.96436669896e-25, 4.76215261833e-25, 3.65618343427e-25, 7.60473203205e-25, 6.6609137001e-25, 4.07547261964e-25, 2.13098053163e-25, 7.15083428617e-25, 4.88289616152e-25, 4.00173384652e-25, 6.88358743997e-25, 5.71180950705e-25, 5.77540402196e-25, 1.01458812844e-24, 1.10059447749e-24, 6.08650413893e-25, 9.31966781531e-25, 1.07671723561e-24, 6.09012895478e-25, 9.91894177917e-25, 1.05816884776e-24, 6.50892386949e-25, 1.33163467891e-24, 9.16570287421e-25, 8.78874371849e-25, 1.04283842075e-24, 1.18021687106e-24, 7.92375329858e-25, 8.2203645059e-25, 7.17274637693e-25, 9.75056336326e-25, 9.84280388283e-25, 1.02038191736e-24, 1.23913304638e-24, 1.31664060247e-24, 1.05222734463e-24, 9.90490301329e-25, 1.55028463651e-24, 1.51253921992e-24, 1.36619349187e-24, 1.4248132527e-24, 1.50927925223e-24, 1.2960689836e-24, 1.29027608215e-24, 1.88855016482e-24, 1.58279438328e-24, 2.20194566981e-24, 2.39000813746e-24, 1.89676871495e-24, 2.48143810245e-24, 1.83919172963e-24, 2.55986448428e-24, 2.39648784093e-24, 2.05288093543e-24, 2.04889935723e-24, 1.7370147181e-24, 1.83845453911e-24, 2.8668944734e-24, 2.42290521493e-24, 2.46278982508e-24, 2.32057299501e-24, 2.40013790034e-24, 1.88888602235e-24, 2.92222971325e-24, 1.91341959651e-24, 2.16992896111e-24, 2.42288233796e-24, 2.37000361098e-24, 2.15034667243e-24, 3.13604947553e-24, 3.02630176589e-24, 2.80520693112e-24, 2.825250309e-24, 2.4587386299e-24, 3.42583595134e-24, 3.35603596072e-24, 3.05588188047e-24, 3.31297283277e-24, 3.25049366857e-24, 3.10319006617e-24, 3.32759713066e-24, 3.72629610963e-24, 3.25643379119e-24, 3.86377839376e-24, 3.93020797616e-24, 3.36056362789e-24, 3.41655658051e-24, 3.90933235002e-24, 3.34603399331e-24, 4.49675486208e-24, 4.13417269637e-24, 4.24718885396e-24, 4.13023115286e-24, 4.94353570209e-24, 3.90823938324e-24, 4.60951463988e-24, 5.15647608168e-24, 4.62797792936e-24, 4.62846741755e-24, 4.61855025268e-24, 5.35150300783e-24, 4.73747537288e-24, 5.04000037459e-24, 5.21851841415e-24, 5.3613061823e-24, 4.27444833697e-24, 4.08770721133e-24, 5.31436540857e-24],
        "stdev": [2.24722589337e-05, 4.80254893773e-05, 4.32638080383e-05, 2.6514288038e-05, 2.75206639344e-05, 5.51398989046e-05, 0.000140563992318, 0.000245370640187, 0.000580184103455, 0.000760677910876, 0.000142869117553, 4.25836442446e-05, 8.79775325302e-05, 0.000620605656877, 0.000625764252618, 0.000419709453126, 0.000658341916278, 0.00059389550006, 0.000926412176341, 0.00268917297944, 0.0014802175574, 0.000507438031491, 0.000722433731426, 0.00315437978134, 0.00600178353488, 0.00380461080931, 0.00158635457046, 0.00128458708059, 0.00124649051577, 0.00328046176583, 0.00312517117709, 0.000845422444399, 0.000499846064486, 0.000745013996493, 0.00118000293151, 0.00151632726192, 0.00107894430403, 0.00110117241275, 0.00282414164394, 0.00417947443202, 0.00392985716462, 0.00133582006674, 0.000584113528021, 0.000320886523696, 0.000228358941968, 0.000247298012255, 0.000236271022004, 0.000264227448497, 0.000235874016653, 0.000147801780258, 0.000164188095368, 0.000184338088729, 0.000164389261045, 0.000205766511499, 0.000225464522373, 0.00024830410257, 0.000171399849933, 0.00012183511717, 6.26182300039e-05, 6.51503069093e-05, 6.19363127043e-05, 4.83670628455e-05, 3.04965578835e-05, 3.36095617968e-05, 8.27564726933e-05, 6.72407186357e-05, 5.60141706956e-05, 4.15657596022e-05, 1.50452488015e-05, 1.40177489811e-05, 1.1766269381e-05, 9.58931286732e-06, 7.8855200627e-06, 7.11748725735e-06, 5.62058676223e-06, 7.42891143091e-06, 6.71941916153e-06, 7.04926969775e-06, 5.48248863197e-06, 3.63784261026e-06, 3.48958315044e-06, 3.14042017635e-06, 2.94447204396e-06, 1.94962831301e-06, 1.74580065959e-06, 1.25969029341e-06, 1.3409434132e-06, 1.15097293474e-06, 9.17861882499e-07, 8.06014782029e-07, 8.68606093718e-07, 7.18423791568e-07, 5.48210550733e-07, 5.53982715701e-07, 5.73533498027e-07, 4.06024526001e-07, 3.68727683053e-07, 2.4770807272e-07, 2.52322479355e-07, 2.27626117066e-07, 1.43462941082e-07, 1.26780832943e-07, 1.20139631576e-07, 8.12627334312e-08, 7.93054582005e-08, 7.2198936607e-08, 6.41155892822e-08, 5.64829711891e-08, 4.16956282834e-08, 3.58706131465e-08, 3.20594253367e-08, 2.71427307297e-08, 2.20787050864e-08, 2.38458444102e-08, 1.83043002977e-08, 1.69533826977e-08, 1.29091199952e-08, 1.16525553651e-08, 1.09348823329e-08, 9.76829728216e-09, 9.0508196493e-09, 8.85682016616e-09, 8.25566637275e-09, 8.9848040119e-09, 8.11019429392e-09, 7.78949615921e-09, 7.85002196579e-09, 7.69708297099e-09]
    },
    "mfcc": {
        "mean": [-1204.98791504, 8.75758934021, -7.12812852859, -1.73044490814, -1.53417229652, 0.0665975809097, -0.495510905981, 1.03243136406, 0.918187201023, 0.930217206478, 0.257568180561, 0.350922226906, -0.225246503949],
        "cov": [[38044.5546875, 5501.70361328, -4349.47216797, -1033.8125, -958.761047363, 20.6212730408, -329.570251465, 583.273132324, 480.889862061, 507.216247559, 164.856582642, 217.668991089, -156.558853149], [5501.70361328, 811.55682373, -633.852478027, -148.778671265, -139.119766235, 2.46063685417, -49.1115112305, 83.7167663574, 67.6328125, 72.8927307129, 21.4014053345, 29.8572330475, -23.4559898376], [-4349.47216797, -633.852478027, 526.354492188, 130.836257935, 112.919799805, -5.78492116928, 33.7639007568, -79.3154144287, -71.3763198853, -69.7348709106, -20.2315998077, -26.4570522308, 15.6041507721], [-1033.8125, -148.778671265, 130.836257935, 37.7285919189, 30.1193466187, -2.30174636841, 5.65982723236, -22.4122638702, -21.0628185272, -19.1002578735, -6.23538589478, -8.03229808807, 3.0097899437], [-958.761047363, -139.119766235, 112.919799805, 30.1193466187, 31.7241287231, 1.05504643917, 6.09251689911, -16.0901851654, -12.8967704773, -12.8758392334, -4.73626565933, -6.28112506866, 4.3025598526], [20.6212730408, 2.46063685417, -5.78492116928, -2.30174636841, 1.05504643917, 5.08011817932, 3.0491206646, 3.2978951931, 3.18045473099, 1.59836673737, -0.372576892376, -0.547541737556, -0.0210181064904], [-329.570251465, -49.1115112305, 33.7639007568, 5.65982723236, 6.09251689911, 3.0491206646, 9.88366889954, -0.48300242424, -1.75217461586, -3.86276531219, -1.65482330322, -2.76678204536, 0.421000301838], [583.273132324, 83.7167663574, -79.3154144287, -22.4122638702, -16.0901851654, 3.2978951931, -0.48300242424, 19.093914032, 16.8410320282, 14.0909605026, 3.472615242, 3.56280493736, -1.29677891731], [480.889862061, 67.6328125, -71.3763198853, -21.0628185272, -12.8967704773, 3.18045473099, -1.75217461586, 16.8410320282, 20.3213310242, 16.2709178925, 3.71312069893, 4.54818582535, -0.000276311940979], [507.216247559, 72.8927307129, -69.7348709106, -19.1002578735, -12.8758392334, 1.59836673737, -3.86276531219, 14.0909605026, 16.2709178925, 17.6543369293, 4.68229198456, 4.34265613556, -0.45264172554], [164.856582642, 21.4014053345, -20.2315998077, -6.23538589478, -4.73626565933, -0.372576892376, -1.65482330322, 3.472615242, 3.71312069893, 4.68229198456, 4.17061281204, 2.89179062843, 0.11503700912], [217.668991089, 29.8572330475, -26.4570522308, -8.03229808807, -6.28112506866, -0.547541737556, -2.76678204536, 3.56280493736, 4.54818582535, 4.34265613556, 2.89179062843, 5.2889790535, 0.8089646101], [-156.558853149, -23.4559898376, 15.6041507721, 3.0097899437, 4.3025598526, -0.0210181064904, 0.421000301838, -1.29677891731, -0.000276311940979, -0.45264172554, 0.11503700912, 0.8089646101, 3.0701956749]],
        "icov": [[0.00188507908024, -0.00803966727108, 0.00582496961579, -0.003921254538, 0.00309984991327, -0.004481990356, 0.00369993015192, -0.000786809367128, 0.00145561271347, 0.0040272497572, -0.00889549683779, -0.00389318377711, 0.0056812367402], [-0.00803966727108, 0.124882109463, 0.0929735228419, -0.0440119281411, 0.0232590697706, -0.0301621090621, 0.0646589174867, -0.0335798859596, 0.130201384425, -0.0380176380277, 0.0869642421603, -0.0321685150266, 0.0585039183497], [0.00582496961579, 0.0929735228419, 0.215587049723, -0.144271746278, 0.0115875061601, -0.0232695788145, 0.0175086259842, 0.0194784291089, 0.163831472397, 0.0046508628875, 0.0121884699911, -0.0581081882119, 0.0580452047288], [-0.003921254538, -0.0440119281411, -0.144271746278, 0.469588875771, -0.18073181808, 0.0984275862575, 0.00369995692745, 0.0582201257348, 0.00949527602643, -0.00950978975743, 0.0475074835122, 0.136996239424, -0.0245421640575], [0.00309984991327, 0.0232590697706, 0.0115875061601, -0.18073181808, 0.302082777023, -0.205079391599, 0.147491961718, -0.050354976207, 0.000326241133735, -0.0223444420844, -0.00152090855408, -0.00576771982014, -0.0139017514884], [-0.004481990356, -0.0301621090621, -0.0232695788145, 0.0984275862575, -0.205079391599, 0.469695925713, -0.272505313158, 0.0774006843567, -0.104502081871, 0.0255847796798, 0.021467635408, 0.0693596825004, -0.09185539186], [0.00369993015192, 0.0646589174867, 0.0175086259842, 0.00369995692745, 0.147491961718, -0.272505313158, 0.482835680246, -0.261989355087, 0.14416846633, 0.0199579726905, 0.037951875478, -0.0424203574657, 0.2173281461], [-0.000786809367128, -0.0335798859596, 0.0194784291089, 0.0582201257348, -0.050354976207, 0.0774006843567, -0.261989355087, 0.489566713572, -0.242510467768, 0.00975285843015, -0.0773096382618, 0.158978149295, -0.17651425302], [0.00145561271347, 0.130201384425, 0.163831472397, 0.00949527602643, 0.000326241133735, -0.104502081871, 0.14416846633, -0.242510467768, 0.586898803711, -0.234286785126, 0.182515993714, -0.160737156868, 0.104629479349], [0.0040272497572, -0.0380176380277, 0.0046508628875, -0.00950978975743, -0.0223444420844, 0.0255847796798, 0.0199579726905, 0.00975285843015, -0.234286785126, 0.331896364689, -0.197116822004, 0.0791710913181, -0.0310971904546], [-0.00889549683779, 0.0869642421603, 0.0121884699911, 0.0475074835122, -0.00152090855408, 0.021467635408, 0.037951875478, -0.0773096382618, 0.182515993714, -0.197116822004, 0.580960512161, -0.244392409921, 0.0802714452147], [-0.00389318377711, -0.0321685150266, -0.0581081882119, 0.136996239424, -0.00576771982014, 0.0693596825004, -0.0424203574657, 0.158978149295, -0.160737156868, 0.0791710913181, -0.244392409921, 0.577093183994, -0.332977980375], [0.0056812367402, 0.0585039183497, 0.0580452047288, -0.0245421640575, -0.0139017514884, -0.09185539186, 0.2173281461, -0.17651425302, 0.104629479349, -0.0310971904546, 0.0802714452147, -0.332977980375, 0.786076784134]]
    },
    "spectral_contrast_coeffs": {
        "max": [-0.478233188391, -0.478189378977, -0.546465456486, -0.619634449482, -0.662484645844, -0.662297725677],
        "mean": [-0.945515155792, -0.942390680313, -0.940727651119, -0.946534633636, -0.942325234413, -0.938622355461],
        "min": [-0.984196186066, -0.981972157955, -0.977354466915, -0.974106729031, -0.968602538109, -0.96515828371],
        "stdev": [0.0660288482904, 0.0748813599348, 0.0671067759395, 0.051762253046, 0.0580773837864, 0.0671081542969]
    },
    "spectral_contrast_valleys": {
        "max": [-6.14230060577, -4.24198102951, -4.38454437256, -4.60653162003, -5.35909795761, -8.73851966858],
        "mean": [-25.4316272736, -25.2741928101, -25.2904434204, -25.2394180298, -25.3443546295, -25.6577682495],
        "min": [-28.0822906494, -28.1885223389, -27.9226589203, -27.6898593903, -27.5604496002, -27.4482688904],
        "stdev": [5.53324365616, 5.99316644669, 6.13672113419, 6.14712429047, 5.93219470978, 4.95809173584]
    }
},
"rhythm": {
    "beats_count": 28,
    "beats_loudness": {
        "max": 0.741083025932,
        "mean": 0.0275107827038,
        "min": 0,
        "stdev": 0.137428581715
    },
    "bpm": 139.289123535,
    "bpm_histogram_first_peak_bpm": 140,
    "bpm_histogram_first_peak_weight": 0.33333337307,
    "bpm_histogram_second_peak_bpm": 148,
    "bpm_histogram_second_peak_spread": 0,
    "bpm_histogram_second_peak_weight": 0.185185179114,
    "danceability": 1.73966538906,
    "onset_rate": 0.470242828131,
    "beats_loudness_band_ratio": {
        "max": [0.0173051469028, 0.0321747921407, 0.644892811775, 0.425800025463, 0.417642593384, 0.0764305740595],
        "mean": [0.001249745721, 0.00172212719917, 0.0403353311121, 0.0364399552345, 0.0276156309992, 0.00486394017935],
        "min": [0, 0, 0, 0, 0, 0],
        "stdev": [0.00383887742646, 0.00621839705855, 0.132562950253, 0.107884183526, 0.0946867242455, 0.0157968737185]
    },
    "beats_position": [0.429569154978, 0.882358253002, 1.33514738083, 1.78793644905, 2.22911548615, 2.67029476166, 3.14630389214, 3.62231278419, 4.09832191467, 4.58594083786, 5.07355976105, 5.56117916107, 6.025578022, 6.48997735977, 6.9543762207, 7.41877555847, 7.8251247406, 8.23147392273, 8.63782310486, 9.06739234924, 9.49696159363, 9.92653083801, 10.3560991287, 10.7856683731, 11.2152376175, 11.6331968307, 12.0395460129, 12.445895195],
    "bpm_histogram": [0, 0, 0, 0, 0, 0, 0, 0, 0, 0, 0, 0, 0, 0, 0, 0, 0, 0, 0, 0, 0, 0, 0, 0, 0, 0, 0, 0, 0, 0, 0, 0, 0, 0, 0, 0, 0, 0, 0, 0, 0, 0, 0, 0, 0, 0, 0, 0, 0, 0, 0, 0, 0, 0, 0, 0, 0, 0, 0, 0, 0, 0, 0, 0, 0, 0, 0, 0, 0, 0, 0, 0, 0, 0, 0, 0, 0, 0, 0, 0, 0, 0, 0, 0, 0, 0, 0, 0, 0, 0, 0, 0, 0, 0, 0, 0, 0, 0, 0, 0, 0, 0, 0, 0, 0, 0, 0, 0, 0, 0, 0, 0, 0, 0, 0, 0, 0, 0, 0, 0, 0, 0, 0, 0.111111111939, 0, 0, 0.111111111939, 0, 0, 0.148148149252, 0, 0, 0, 0.111111111939, 0, 0, 0.074074074626, 0, 0, 0, 0.222222223878, 0, 0, 0, 0.037037037313, 0, 0, 0, 0.185185179114, 0, 0, 0, 0, 0, 0, 0, 0, 0, 0, 0, 0, 0, 0, 0, 0, 0, 0, 0, 0, 0, 0, 0, 0, 0, 0, 0, 0, 0, 0, 0, 0, 0, 0, 0, 0, 0, 0, 0, 0, 0, 0, 0, 0, 0, 0, 0, 0, 0, 0, 0, 0, 0, 0, 0, 0, 0, 0, 0, 0, 0, 0, 0, 0, 0, 0, 0, 0, 0, 0, 0, 0, 0, 0, 0, 0, 0, 0, 0, 0, 0, 0, 0, 0, 0, 0, 0, 0, 0, 0, 0, 0, 0, 0, 0, 0, 0, 0, 0, 0, 0]
},
"tonal": {
    "chords_changes_rate": 0.0362318828702,
    "chords_number_rate": 0.0108695654199,
    "chords_strength": {
        "max": 0.559140503407,
        "mean": -0.755981385708,
        "min": -1,
        "stdev": 0.546339631081
    },
    "hpcp_crest": {
