{
"metadata": {
    "version": {
        "essentia": "2.1-beta5",
        "essentia_git_sha": "Undefined",
        "extractor": "music 2.0"
    },
    "audio_properties": {
        "analysis": {
            "equal_loudness": 0,
            "length": 12.7477550507,
            "sample_rate": 44100,
            "start_time": 0,
            "downmix": "mix"
        },
        "bit_rate": 192000,
        "length": 206.785308838,
        "lossless": 0,
        "number_channels": 2,
        "replay_gain": 14.215921402,
        "sample_rate": 48000,
        "codec": "mp3",
        "md5_encoded": "5cc47238b7406586736861dadd459d68"
    },
    "tags": {
        "file_name": "Ireland_Why Me_Linda Martin.mp3",
        "encoding": ["Lavf58.29.100"]
    }
},
"lowlevel": {
    "average_loudness": 0.00014028896112,
    "barkbands_crest": {
        "max": 19.3269386292,
        "mean": 6.79089164734,
        "min": 2.91162800789,
        "stdev": 1.46653449535
    },
    "barkbands_flatness_db": {
        "max": 0.235487595201,
        "mean": 0.0832941532135,
        "min": 0.0366737730801,
        "stdev": 0.0292645115405
    },
    "barkbands_kurtosis": {
        "max": 6.02868175507,
        "mean": 2.93214154243,
        "min": -1.4847407341,
        "stdev": 1.18582928181
    },
    "barkbands_skewness": {
        "max": 2.06683373451,
        "mean": -1.63269817829,
        "min": -2.32950639725,
        "stdev": 0.662686407566
    },
    "barkbands_spread": {
        "max": 48.8616981506,
        "mean": 25.3738822937,
        "min": 6.23169469833,
        "stdev": 5.10343503952
    },
    "dissonance": {
        "max": 0.499999970198,
        "mean": 0.491908013821,
        "min": 0.426078349352,
        "stdev": 0.00956553500146
    },
    "dynamic_complexity": 9.19324398041,
    "erbbands_crest": {
        "max": 20.3627357483,
        "mean": 4.10560035706,
        "min": 2.68407559395,
        "stdev": 2.27359366417
    },
    "erbbands_flatness_db": {
        "max": 0.3042922616,
        "mean": 0.114375635982,
        "min": 0.0800895765424,
        "stdev": 0.0475529059768
    },
    "erbbands_kurtosis": {
        "max": 3.10970211029,
        "mean": 0.152790889144,
        "min": -1.26447570324,
        "stdev": 0.442578196526
    },
    "erbbands_skewness": {
        "max": 1.38176989555,
        "mean": -0.581423223019,
        "min": -1.55974543095,
        "stdev": 0.285133242607
    },
    "erbbands_spread": {
        "max": 46.4404525757,
        "mean": 34.5713043213,
        "min": 6.28081941605,
        "stdev": 6.17306518555
    },
    "hfc": {
        "max": 515.657592773,
        "mean": 7.73910045624,
        "min": 1.03434283536e-16,
        "stdev": 36.8388557434
    },
    "loudness_ebu128": {
        "integrated": -33.7766113281,
        "loudness_range": 14.5147628784,
        "momentary": {
            "max": -31.2130489349,
            "mean": -272.158996582,
            "min": -300.691009521,
            "stdev": 80.659942627
        },
        "short_term": {
            "max": -37.2978591919,
            "mean": -265.807952881,
            "min": -300.691009521,
            "stdev": 86.3464813232
        }
    },
    "melbands_crest": {
        "max": 25.241317749,
        "mean": 3.19354581833,
        "min": 1.09275197983,
        "stdev": 3.09860777855
    },
    "melbands_flatness_db": {
        "max": 0.252471327782,
        "mean": 0.02160804905,
        "min": 5.98472070124e-05,
        "stdev": 0.0475195012987
    },
    "melbands_kurtosis": {
        "max": 10.1781864166,
        "mean": -0.945659816265,
        "min": -1.44111156464,
        "stdev": 0.980131447315
    },
    "melbands_skewness": {
        "max": 2.62035250664,
        "mean": 0.0788460373878,
        "min": -0.875012278557,
        "stdev": 0.362971007824
    },
    "melbands_spread": {
        "max": 161.528244019,
        "mean": 121.672439575,
        "min": 8.47271060944,
        "stdev": 32.8249549866
    },
    "pitch_salience": {
        "max": 0.987782239914,
        "mean": 0.779676496983,
        "min": 0.407789707184,
        "stdev": 0.0496473088861
    },
    "silence_rate_20dB": {
        "max": 1,
        "mean": 0.998181819916,
        "min": 0,
        "stdev": 0.0426013618708
    },
    "silence_rate_30dB": {
        "max": 1,
        "mean": 0.976363658905,
        "min": 0,
        "stdev": 0.151913434267
    },
    "silence_rate_60dB": {
        "max": 1,
        "mean": 0.923636376858,
        "min": 0,
        "stdev": 0.265579044819
    },
    "spectral_centroid": {
        "max": 12048.0927734,
        "mean": 10097.7050781,
        "min": 871.017822266,
        "stdev": 2775.2565918
    },
    "spectral_complexity": {
        "max": 49,
        "mean": 2.85454535484,
        "min": 0,
        "stdev": 9.9411315918
    },
    "spectral_decrease": {
        "max": 2.07837428098e-28,
        "mean": -1.45402612173e-09,
        "min": -1.2165236285e-07,
        "stdev": 7.63722773911e-09
    },
    "spectral_energy": {
        "max": 0.505914390087,
        "mean": 0.00618978450075,
        "min": 9.89788811344e-21,
        "stdev": 0.0320727191865
    },
    "spectral_energyband_high": {
        "max": 0.00633719703183,
        "mean": 9.66181250988e-05,
        "min": 6.78184381599e-21,
        "stdev": 0.000486777134938
    },
    "spectral_energyband_low": {
        "max": 0.000891827396117,
        "mean": 8.9960585683e-06,
        "min": 1.0626071567e-23,
        "stdev": 5.09279889229e-05
    },
    "spectral_energyband_middle_high": {
        "max": 0.115042574704,
        "mean": 0.00293383887038,
        "min": 1.10618635115e-21,
        "stdev": 0.0130883939564
    },
    "spectral_energyband_middle_low": {
        "max": 0.388708263636,
        "mean": 0.00342196179554,
        "min": 1.40676075859e-22,
        "stdev": 0.0216529853642
    },
    "spectral_entropy": {
        "max": 9.82421779633,
        "mean": 9.57504367828,
        "min": 7.06779289246,
        "stdev": 0.673336923122
    },
    "spectral_flux": {
        "max": 0.575459599495,
        "mean": 0.0144255049527,
        "min": 6.22816659357e-11,
        "stdev": 0.0582525581121
    },
    "spectral_kurtosis": {
        "max": 19.8029613495,
        "mean": -0.35806787014,
        "min": -1.28698027134,
        "stdev": 2.71532058716
    },
    "spectral_rms": {
        "max": 0.0222165472806,
        "mean": 0.000625407497864,
        "min": 3.10748714087e-12,
        "stdev": 0.00237648515031
    },
    "spectral_rolloff": {
        "max": 19595.2148438,
        "mean": 17096.53125,
        "min": 947.4609375,
        "stdev": 4873.7421875
    },
    "spectral_skewness": {
        "max": 3.64504766464,
        "mean": 0.167936995625,
        "min": -0.0944679379463,
        "stdev": 0.520358860493
    },
    "spectral_spread": {
        "max": 42996996,
        "mean": 36715052,
        "min": 1977256.125,
        "stdev": 11482709
    },
    "spectral_strongpeak": {
        "max": 14.3841781616,
        "mean": 0.248196721077,
        "min": 0,
        "stdev": 1.14430570602
    },
    "zerocrossingrate": {
        "max": 0.77685546875,
        "mean": 0.459614694118,
        "min": 0.03125,
        "stdev": 0.126082628965
    },
    "barkbands": {
        "max": [0.0001980374509, 0.00056861678604, 9.71949630184e-05, 0.000355042866431, 0.0015851019416, 0.0982632115483, 0.0223121531308, 0.00428835395724, 0.362140953541, 0.0764765888453, 0.0150180729106, 0.0106590352952, 0.0299317315221, 0.0277742352337, 0.0473870150745, 0.0125359315425, 0.0230851881206, 0.023909214884, 0.0153675181791, 0.00670348992571, 0.00332767167129, 0.000303437002003, 0.000309541152092, 0.000281537388219, 8.13244914752e-05, 2.74409703707e-05, 2.65223061433e-05],
        "mean": [9.37023116876e-07, 4.35337506133e-06, 1.85875057923e-06, 3.65683126802e-06, 2.03139625228e-05, 0.000956827832852, 0.000329109141603, 5.54103316972e-05, 0.00147363485303, 0.000738286587875, 0.000138653020258, 0.000186778153875, 0.000207461445825, 0.000460830051452, 0.000523010327015, 0.000247603777098, 0.000234860752244, 0.000274576043012, 0.000193203653907, 8.16764732008e-05, 3.77418182325e-05, 6.80313814883e-06, 6.46856096864e-06, 4.17566116084e-06, 1.31347019305e-06, 1.85062987157e-07, 5.00038872531e-08],
        "min": [1.59282553855e-25, 8.76670590303e-25, 5.06301627897e-25, 5.73773591374e-25, 5.50952999095e-24, 4.11383073464e-24, 2.73155907422e-24, 2.20177113433e-24, 8.14931653733e-24, 1.29590456527e-23, 1.30521990815e-23, 1.57843146971e-23, 2.43236977085e-23, 3.04599169464e-23, 3.79714252424e-23, 4.63715821926e-23, 5.98369108857e-23, 6.79107255457e-23, 7.23756908911e-23, 1.3607224575e-22, 2.23358657306e-22, 2.48926611121e-22, 3.7053705486e-22, 5.23220969469e-22, 7.31011677692e-22, 1.17299320154e-21, 1.90531138436e-21],
        "stdev": [8.91316267371e-06, 2.94973579003e-05, 9.05225260794e-06, 2.1329980882e-05, 0.000119043434097, 0.00682484544814, 0.0018790489994, 0.000322954321746, 0.01633390598, 0.00572509039193, 0.000836084247567, 0.000945975945797, 0.00150708795991, 0.00253216014244, 0.00317746098153, 0.00116627372336, 0.00136424065568, 0.00183906103484, 0.00119596952572, 0.000472503132187, 0.000246901239734, 2.99035709759e-05, 2.92460154014e-05, 2.20669480768e-05, 6.80854645907e-06, 1.31074455112e-06, 1.12995996915e-06]
    },
    "erbbands": {
        "max": [0.0220438372344, 0.104485973716, 0.0962299481034, 0.647235274315, 1.77584660053, 5.14779424667, 174.270721436, 1108.40527344, 440.541351318, 434.313964844, 994.03314209, 10645.5097656, 2774.87719727, 415.17868042, 431.456878662, 410.054107666, 718.198669434, 1543.64599609, 1086.00354004, 1951.3494873, 691.56628418, 1104.84216309, 1293.19116211, 1724.35791016, 799.861633301, 338.041320801, 269.202362061, 43.3728408813, 11.1476411819, 12.4034643173, 6.11440610886, 4.79585504532, 4.819272995, 1.51453721523, 0.335840672255, 0.110859684646, 0.051114924252, 0.0173148661852, 0.00383796193637, 0.000616609235294],
        "mean": [0.000173647669726, 0.000793621875346, 0.00202614045702, 0.00845422875136, 0.0167830232531, 0.093716070056, 1.01457750797, 10.1671724319, 6.7060918808, 4.00694274902, 3.62950730324, 32.0600128174, 43.0900688171, 7.3585767746, 5.76953029633, 7.53990602493, 9.43850421906, 26.0504837036, 17.168088913, 25.7577285767, 13.9669294357, 12.9573726654, 11.5413808823, 14.0757312775, 8.57316875458, 4.05960559845, 2.61589837074, 0.736319184303, 0.256129831076, 0.210825145245, 0.179686695337, 0.105337150395, 0.0634049996734, 0.0232023205608, 0.00510932365432, 0.00122378859669, 0.000278623687336, 5.00843889313e-05, 1.13061105367e-05, 8.50212654768e-06],
        "min": [2.2407598746e-23, 3.20221789764e-22, 1.30709208334e-21, 2.07618012055e-21, 6.30263118762e-21, 1.21658444852e-20, 3.99241049094e-20, 4.3806784076e-20, 4.8988873512e-20, 5.35464060426e-20, 1.15066652245e-19, 2.29567280305e-19, 3.02150311105e-19, 3.51583167349e-19, 7.80721082871e-19, 9.0456966611e-19, 1.27538749689e-18, 1.67681142392e-18, 2.14300535067e-18, 2.18169382869e-18, 3.47108063366e-18, 4.08160485941e-18, 3.82249756356e-18, 5.43201856843e-18, 5.95075221596e-18, 6.52402767154e-18, 8.23307173899e-18, 9.78482865373e-18, 9.01334542054e-18, 1.06386726061e-17, 1.09496974796e-17, 9.49365032476e-18, 9.72957547035e-18, 6.61872868473e-18, 5.20670118701e-18, 3.74128869333e-18, 2.19758479544e-18, 8.83949087414e-19, 2.34643920369e-19, 2.30248308444e-20],
        "stdev": [0.00119725393597, 0.00533135980368, 0.00985213462263, 0.0446485765278, 0.0958729013801, 0.507915973663, 8.87692451477, 75.615737915, 36.6511573792, 29.5687675476, 44.7050170898, 462.564666748, 259.625915527, 36.1958236694, 27.7141723633, 36.7801322937, 50.5756721497, 145.989578247, 86.1798782349, 147.132919312, 67.2514877319, 70.6159591675, 73.7921218872, 96.2156524658, 53.8320274353, 23.435251236, 17.4389476776, 3.63912463188, 1.09329175949, 1.01812708378, 0.785796105862, 0.482623904943, 0.372491985559, 0.123270712793, 0.0265207607299, 0.00654556788504, 0.00231864722446, 0.000742110190913, 0.000164780736668, 4.47959209851e-05]
    },
    "gfcc": {
        "mean": [-1141.94909668, 6.0855679512, -21.1106586456, 0.0039502074942, -6.8860039711, -0.11303447932, -4.05788946152, 0.639195382595, -1.27154839039, 0.363122224808, -0.423645019531, -0.156655818224, 0.147460743785],
        "cov": [[136457.515625, 7346.87158203, -23156.9296875, 59.6066589355, -7565.92236328, -258.666534424, -4453.89501953, 685.426940918, -1336.62976074, 374.144348145, -328.457641602, -211.511795044, 266.426055908], [7346.87158203, 498.336364746, -1229.28503418, -1.16504061222, -401.127563477, -32.5736351013, -231.642303467, 26.9426116943, -62.2697677612, 18.9288101196, -10.3585138321, -17.2723846436, 21.0763282776], [-23156.9296875, -1229.28503418, 3967.64477539, -5.71548891068, 1284.60534668, 36.8720779419, 752.238769531, -115.204849243, 230.735931396, -64.7647399902, 62.1753540039, 36.8051528931, -37.4074897766], [59.6066589355, -1.16504061222, -5.71548891068, 19.2208862305, 2.08612751961, 0.466189295053, -6.85909795761, 1.31343007088, -3.04427909851, 1.02089440823, 2.68162488937, 3.04039931297, 1.76998400688], [-7565.92236328, -401.127563477, 1284.60534668, 2.08612751961, 436.172790527, 24.2753143311, 247.752563477, -36.056438446, 76.3663482666, -22.518163681, 15.807888031, 11.3787460327, -17.3235034943], [-258.666534424, -32.5736351013, 36.8720779419, 0.466189295053, 24.2753143311, 32.9248313904, 4.56389760971, 3.2020316124, 3.92102885246, -0.733173966408, -7.0074467659, 1.57852506638, -9.00696468353], [-4453.89501953, -231.642303467, 752.238769531, -6.85909795761, 247.752563477, 4.56389760971, 153.404251099, -22.6724281311, 45.0675354004, -13.0197486877, 11.0046215057, 3.44518637657, -8.77262306213], [685.426940918, 26.9426116943, -115.204849243, 1.31343007088, -36.056438446, 3.2020316124, -22.6724281311, 8.56485271454, -5.23020172119, 1.72698402405, -2.10758447647, -1.77970671654, 0.899300992489], [-1336.62976074, -62.2697677612, 230.735931396, -3.04427909851, 76.3663482666, 3.92102885246, 45.0675354004, -5.23020172119, 18.4041309357, -2.8384449482, 3.26837086678, 0.468461543322, -2.23588371277], [374.144348145, 18.9288101196, -64.7647399902, 1.02089440823, -22.518163681, -0.733173966408, -13.0197486877, 1.72698402405, -2.8384449482, 5.33915567398, -0.7935718894, 1.10243570805, 0.520546495914], [-328.457641602, -10.3585138321, 62.1753540039, 2.68162488937, 15.807888031, -7.0074467659, 11.0046215057, -2.10758447647, 3.26837086678, -0.7935718894, 14.891705513, 1.88867783546, 4.87304162979], [-211.511795044, -17.2723846436, 36.8051528931, 3.04039931297, 11.3787460327, 1.57852506638, 3.44518637657, -1.77970671654, 0.468461543322, 1.10243570805, 1.88867783546, 5.30709123611, 1.09853410721], [266.426055908, 21.0763282776, -37.4074897766, 1.76998400688, -17.3235034943, -9.00696468353, -8.77262306213, 0.899300992489, -2.23588371277, 0.520546495914, 4.87304162979, 1.09853410721, 8.18092060089]],
        "icov": [[0.0024675547611, -0.00426740851253, 0.00873117148876, -0.000985787366517, 0.00574121531099, -0.000365430372767, 0.011013741605, -0.0125658856705, 0.000829695374705, 0.00421510031447, 0.00048629619414, 0.000757661531679, -0.00471562845632], [-0.00426740851253, 0.02824806422, -0.00537996226922, -0.00197463273071, -0.0170527100563, 0.00579491397366, -0.00176420400385, 0.075827345252, -0.0529375560582, -0.000470366561785, -0.00716786039993, 0.0315895751119, -0.0123395966366], [0.00873117148876, -0.00537996226922, 0.0448459722102, -0.00543745979667, 0.00145240023267, 0.005530834198, 0.031563539058, -0.0149433277547, -0.0349129736423, 0.0252960715443, -0.00309800216928, -0.00285581871867, -0.0285184681416], [-0.000985787366517, -0.00197463273071, -0.00543745979667, 0.103744983673, -0.0649035200477, 0.0123251276091, 0.0644586980343, -0.0342276208103, 0.0946239680052, -0.0700123533607, -0.0173561405391, 0.0322242937982, -0.0247737653553], [0.00574121531099, -0.0170527100563, 0.00145240023267, -0.0649035200477, 0.142754092813, -0.0320485308766, -0.0700072571635, -0.0342035777867, -0.0721433982253, 0.105204500258, 0.0180817712098, -0.0941625982523, 0.0487989597023], [-0.000365430372767, 0.00579491397366, 0.005530834198, 0.0123251276091, -0.0320485308766, 0.0742694437504, 0.032388586551, -0.0330077968538, -0.0345901176333, 0.0190995372832, 0.00386251928285, -0.0422454699874, 0.0645617395639], [0.011013741605, -0.00176420400385, 0.031563539058, 0.0644586980343, -0.0700072571635, 0.032388586551, 0.267407596111, 0.000332576106302, 0.022953255102, -0.0559816807508, -0.0235945452005, 0.172490403056, -0.0489030107856], [-0.0125658856705, 0.075827345252, -0.0149433277547, -0.0342276208103, -0.0342035777867, -0.0330077968538, 0.000332576106302, 0.466067939997, -0.201575145125, 0.00441363174468, -0.0208379812539, 0.147109374404, -0.0694044977427], [0.000829695374705, -0.0529375560582, -0.0349129736423, 0.0946239680052, -0.0721433982253, -0.0345901176333, 0.022953255102, -0.201575145125, 0.531915903091, -0.240504726768, 0.00100170983933, 0.1492960006, -0.0747955366969], [0.00421510031447, -0.000470366561785, 0.0252960715443, -0.0700123533607, 0.105204500258, 0.0190995372832, -0.0559816807508, 0.00441363174468, -0.240504726768, 0.438597977161, 0.0111564071849, -0.259442180395, 0.112595818937], [0.00048629619414, -0.00716786039993, -0.00309800216928, -0.0173561405391, 0.0180817712098, 0.00386251928285, -0.0235945452005, -0.0208379812539, 0.00100170983933, 0.0111564071849, 0.106321319938, -0.0345438271761, -0.0473789945245], [0.000757661531679, 0.0315895751119, -0.00285581871867, 0.0322242937982, -0.0941625982523, -0.0422454699874, 0.172490403056, 0.147109374404, 0.1492960006, -0.259442180395, -0.0345438271761, 0.569364666939, -0.201764971018], [-0.00471562845632, -0.0123395966366, -0.0285184681416, -0.0247737653553, 0.0487989597023, 0.0645617395639, -0.0489030107856, -0.0694044977427, -0.0747955366969, 0.112595818937, -0.0473789945245, -0.201764971018, 0.339869648218]]
    },
    "melbands": {
        "max": [0.000188116391655, 8.42048757477e-05, 0.000145787518704, 0.000185567390872, 0.00509723601863, 0.0227415431291, 0.0065139234066, 0.00379676604643, 0.0142956245691, 0.0651913955808, 0.0140941767022, 0.00167419738136, 0.00211010896601, 0.00153887551278, 0.000773426494561, 0.00338268070482, 0.00344136287458, 0.00168898014817, 0.00517070572823, 0.0012507600477, 0.000781154900324, 0.000833168393001, 0.00229452061467, 0.00105946010444, 0.00143443839625, 0.000802005175501, 0.000207750534173, 0.000220375368372, 0.000188774356502, 0.000112921021355, 1.13933938337e-05, 5.94305993218e-06, 6.51852724332e-06, 7.32535954739e-06, 3.27973839376e-06, 3.92897254642e-06, 3.47860463989e-06, 4.27230770583e-06, 1.46718161886e-06, 1.1442249388e-06],
        "mean": [1.38743860134e-06, 1.10420535293e-06, 1.54591486989e-06, 3.06043625642e-06, 2.68556395895e-05, 0.000217357039219, 0.000102869169496, 3.50383525074e-05, 4.0751099732e-05, 0.000224942326895, 0.000207479199162, 2.50614739343e-05, 1.88048306882e-05, 2.30105852097e-05, 1.45764870467e-05, 2.85737696686e-05, 4.96905486216e-05, 2.11525293707e-05, 4.73055297334e-05, 2.00388712983e-05, 1.54016306624e-05, 1.27405573949e-05, 1.20486811284e-05, 1.26068471218e-05, 1.12560792331e-05, 8.27692474559e-06, 3.27875363837e-06, 2.50665198109e-06, 1.87181467481e-06, 9.48509693899e-07, 2.49512822847e-07, 1.37124402499e-07, 1.28605762484e-07, 1.1131488975e-07, 1.04249302524e-07, 9.0387509033e-08, 5.47796048522e-08, 5.30153663192e-08, 2.57419152661e-08, 1.662228577e-08],
        "min": [2.82214002767e-25, 8.27890587368e-25, 6.00673156596e-25, 8.51201427117e-25, 1.57037564187e-24, 9.1266828556e-25, 7.23294731084e-25, 4.64457832382e-25, 7.99888145296e-25, 1.26799401563e-24, 1.26377055295e-24, 1.15886575902e-24, 2.23703321679e-24, 9.95429458064e-25, 2.36283424586e-24, 2.39175842259e-24, 2.53703406082e-24, 2.71065781011e-24, 3.26660358876e-24, 2.58857626022e-24, 2.97174808999e-24, 3.56563827539e-24, 2.06124680533e-24, 3.3225488153e-24, 3.86610080027e-24, 2.46065142038e-24, 4.31087517256e-24, 3.31509762962e-24, 4.10079323046e-24, 4.53007240242e-24, 4.02134152667e-24, 4.77023755514e-24, 4.56033231788e-24, 5.15747951275e-24, 5.13893812603e-24, 4.48104627488e-24, 4.57955922472e-24, 4.95346785531e-24, 5.63360400627e-24, 5.28769047149e-24],
        "stdev": [9.68968925008e-06, 5.73897932554e-06, 8.69907216838e-06, 1.6867326849e-05, 0.000257044099271, 0.00156075134873, 0.000540257082321, 0.000262064160779, 0.000630997237749, 0.00287210918032, 0.00127283355687, 0.000138475501444, 0.000112073859782, 0.000129998399643, 6.30470312899e-05, 0.000182274612598, 0.00028343606391, 0.000112973204523, 0.000308582035359, 0.000102187732409, 7.48740712879e-05, 6.53617244097e-05, 0.000105575330963, 8.30579447211e-05, 7.89879049989e-05, 5.27261072421e-05, 1.96158962353e-05, 1.50946762005e-05, 1.29822883537e-05, 6.53201914247e-06, 1.09764198442e-06, 5.98243389049e-07, 6.14541647792e-07, 5.61770434615e-07, 4.60635277477e-07, 4.06830935162e-07, 2.75089035995e-07, 3.28040243858e-07, 1.35999570716e-07, 8.97952574519e-08]
    },
    "melbands128": {
        "max": [0.000120356453408, 0.000193282219698, 0.000228864519158, 0.00015815984807, 5.4117936088e-05, 4.94552587043e-05, 0.000116821967822, 0.000195519591216, 0.000175455395947, 0.00015568555682, 0.000359595316695, 0.000707179075107, 0.00322542735375, 0.014745246619, 0.0276613682508, 0.0446048676968, 0.00978163536638, 0.00252255029045, 0.00802278984338, 0.00672337133437, 0.00065121462103, 0.00106856832281, 0.00313467578962, 0.0358367711306, 0.110317677259, 0.0602222532034, 0.0201047956944, 0.0280363913625, 0.0104793794453, 0.00063566636527, 0.00159952393733, 0.00326690962538, 0.00347859109752, 0.000985507620499, 0.00176923023537, 0.00310786720365, 0.000552684708964, 0.000566434580833, 0.00121141818818, 0.00205195578746, 0.00452213967219, 0.00788326468319, 0.00522314710543, 0.00536765577272, 0.00136066030245, 0.00203207787126, 0.00229140766896, 0.00853760354221, 0.00540329143405, 0.00265852967277, 0.000806268071756, 0.00226847780868, 0.00124526838772, 0.00130824849475, 0.00165040895808, 0.000767570047174, 0.00134758895729, 0.00355924316682, 0.00261808605865, 0.000638118595816, 0.00115727027878, 0.00326191284694, 0.00390887772664, 0.000645961961709, 0.00093306490453, 0.00138509122189, 0.00100405758712, 0.000372725422494, 0.000245850882493, 0.000499019806739, 0.000178201647941, 0.000262011017185, 0.00035029053106, 0.000319550716085, 0.000224127070396, 0.000205596210435, 6.80581724737e-05, 1.17284798762e-05, 1.16809815154e-05, 7.06645187165e-06, 7.08868901711e-06, 7.11045822754e-06, 5.1807219279e-06, 9.96964899969e-06, 8.79650906427e-06, 8.32847945276e-06, 8.44863097882e-06, 6.39465679342e-06, 4.68573125545e-06, 4.88699743073e-06, 5.85602765568e-06, 4.07378911405e-06, 2.71263002105e-06, 3.45323724105e-06, 5.59521595278e-06, 5.89298088016e-06, 4.73576801596e-06, 2.50905077337e-06, 1.56527732997e-06, 1.57260251399e-06, 1.64907794442e-06, 1.12400300623e-06, 4.96444783948e-07, 7.78908486154e-07, 2.89666132858e-07, 2.21555808366e-07, 1.58693751473e-07, 2.12526202858e-07, 1.92787624087e-07, 1.86756551557e-07, 1.67871945678e-07, 1.75114180934e-07, 1.49110647385e-07, 1.71684106931e-07, 1.41199961945e-07, 1.42591488839e-07, 1.32556792209e-07, 1.25451350641e-07, 1.21570735701e-07, 1.17311998338e-07, 1.13955898939e-07, 1.11073603648e-07, 1.08934109733e-07, 1.06465932959e-07, 1.04667044809e-07, 1.03686552677e-07, 1.02541683589e-07, 1.01995738078e-07],
        "mean": [6.88891191203e-07, 1.58129353167e-06, 1.58284876761e-06, 1.21656125884e-06, 9.39219546581e-07, 9.52040466018e-07, 1.80257018201e-06, 1.67428288478e-06, 1.20512993362e-06, 2.40408871832e-06, 4.64228196506e-06, 6.09578410149e-06, 1.57367903739e-05, 6.62412057864e-05, 0.000219294277485, 0.000356758304406, 0.000151251122588, 2.96584858006e-05, 7.34906643629e-05, 4.98543704452e-05, 1.02938956843e-05, 9.6830426628e-06, 1.73288954102e-05, 8.97191348486e-05, 0.000237270462094, 0.000227480719332, 0.000322408101056, 0.000261171167949, 6.66839332553e-05, 1.21178954942e-05, 1.87565110537e-05, 2.62378944171e-05, 1.87124915101e-05, 1.27894991238e-05, 2.19903249672e-05, 3.09850984195e-05, 1.58449493028e-05, 1.28769679577e-05, 1.27686225824e-05, 1.84901236935e-05, 2.42060177698e-05, 5.41084264114e-05, 6.78907745169e-05, 4.07244260714e-05, 1.54036733875e-05, 1.90427690541e-05, 2.10038706427e-05, 5.95056117163e-05, 5.56226332264e-05, 2.4096792913e-05, 1.44333716889e-05, 1.67764592334e-05, 1.76691228262e-05, 1.42336466524e-05, 1.14743152153e-05, 1.15717357403e-05, 1.4042233488e-05, 1.74593060365e-05, 9.54745155468e-06, 5.39645316167e-06, 8.16565898276e-06, 2.52312420344e-05, 1.4264283891e-05, 5.4718066167e-06, 7.30390047465e-06, 1.181828884e-05, 6.94151458447e-06, 2.48365631705e-06, 2.92149138659e-06, 3.47116315425e-06, 1.89475440493e-06, 2.71568910648e-06, 2.11968563235e-06, 1.75950049197e-06, 1.48167305269e-06, 1.16709702525e-06, 6.73770330195e-07, 2.86741851596e-07, 2.05897535466e-07, 1.73239087076e-07, 1.34915978833e-07, 1.31725073516e-07, 1.14673639473e-07, 1.42047937857e-07, 1.23487339465e-07, 1.12096991245e-07, 1.03745314561e-07, 1.15711223714e-07, 9.39477686757e-08, 1.12862842627e-07, 1.00299310191e-07, 8.84108288801e-08, 6.04033658647e-08, 4.77525787801e-08, 5.69751925639e-08, 6.11764647829e-08, 5.91610351819e-08, 2.8458783774e-08, 2.44737936583e-08, 2.46001512494e-08, 2.34893846596e-08, 1.44613165887e-08, 9.43786826468e-09, 7.407058078e-09, 4.67438932006e-09, 3.23802074043e-09, 3.22543236564e-09, 2.47971243539e-09, 1.78198655831e-09, 1.66012403824e-09, 1.00548280813e-09, 9.67412039365e-10, 7.12851278006e-10, 7.68189178935e-10, 5.41893252493e-10, 4.31984975569e-10, 2.63681326773e-10, 2.38548708564e-10, 2.30193475392e-10, 2.2086261986e-10, 2.13580153563e-10, 2.07745723402e-10, 2.03082065053e-10, 1.97999422413e-10, 1.94466442949e-10, 1.92035998214e-10, 1.8955913228e-10, 1.88650026156e-10],
        "min": [3.73826915695e-26, 6.34725188061e-26, 1.94018367487e-25, 1.90092823059e-25, 1.48961184053e-25, 3.46070961842e-25, 8.85888454632e-26, 2.05715794205e-25, 2.37348450903e-25, 2.5760304629e-25, 8.8104330793e-26, 3.26822731102e-25, 2.15537852032e-25, 5.84817594743e-25, 4.12724383522e-25, 2.78644481126e-25, 2.84271943653e-25, 1.89961490044e-25, 2.72475983278e-25, 3.32122545183e-25, 3.3642551025e-25, 2.4775673099e-25, 6.58232984191e-25, 2.50391033375e-25, 3.20266951853e-25, 4.40329880647e-25, 3.93137879365e-25, 6.14587726192e-25, 2.53412691117e-25, 4.91792158571e-25, 6.4460329199e-25, 5.7100888042e-25, 5.76588542906e-25, 3.84256686079e-25, 4.38089170549e-25, 3.79024541473e-25, 9.88102123546e-25, 1.12136824196e-24, 7.3017325305e-25, 6.47888306014e-25, 9.61185006169e-25, 3.81862887662e-25, 8.94566886014e-25, 8.51415800068e-25, 1.08227722588e-24, 6.48464716817e-25, 1.40560084118e-24, 1.25396382861e-24, 8.17754760116e-25, 1.36197357907e-24, 1.08326547138e-24, 1.19390419941e-24, 1.54222080173e-24, 1.0115399699e-24, 1.92088498168e-24, 1.77993900653e-24, 1.338858081e-24, 1.59382265873e-24, 7.25474600284e-25, 1.11737621135e-24, 1.46193882184e-24, 1.78129683337e-24, 1.54793037975e-24, 1.79675219622e-24, 1.50052476973e-24, 1.65047657819e-24, 8.67052600931e-25, 1.28119057389e-24, 1.90366967015e-24, 2.31010776903e-24, 1.72472899836e-24, 1.64495751008e-24, 1.12869508344e-24, 1.99299988463e-24, 2.02838483217e-24, 2.63806209645e-24, 1.89005866409e-24, 1.67788209907e-24, 2.42771253328e-24, 3.04524961319e-24, 2.23203696625e-24, 2.51978975865e-24, 2.36542802051e-24, 2.60615050346e-24, 2.51585275109e-24, 2.87113124811e-24, 3.21270900615e-24, 3.3443048102e-24, 2.89720684812e-24, 3.25756462329e-24, 2.83429026054e-24, 2.83881773049e-24, 3.26955432298e-24, 3.07150546791e-24, 2.59529617184e-24, 3.00147493269e-24, 3.17606976976e-24, 3.7102258297e-24, 2.66122936351e-24, 2.93058887783e-24, 3.18177638955e-24, 4.18861080415e-24, 3.55640544736e-24, 4.00186533978e-24, 3.56742110104e-24, 3.94993028765e-24, 3.76565711336e-24, 4.1188376348e-24, 3.45946903603e-24, 4.22199066449e-24, 4.31343542062e-24, 4.09220687393e-24, 4.05502233744e-24, 3.24157658211e-24, 3.81723283934e-24, 4.71994254483e-24, 4.778416465e-24, 5.06130198561e-24, 5.27665312413e-24, 4.79704738743e-24, 4.93185267208e-24, 5.09447476997e-24, 4.16142271305e-24, 5.38846942428e-24, 4.23255785075e-24, 4.83994524903e-24, 4.8898927661e-24, 4.87467563924e-24],
        "stdev": [5.73148236072e-06, 1.08812191684e-05, 1.15963957796e-05, 8.18845182948e-06, 4.86733597427e-06, 4.7333674047e-06, 9.19586091186e-06, 1.08012109195e-05, 8.60601448949e-06, 1.39820831464e-05, 2.88355840894e-05, 4.35941619799e-05, 0.000157212954946, 0.000734036730137, 0.00184210983571, 0.00274049723521, 0.000955405237619, 0.000174675355083, 0.000607887515798, 0.000435519265011, 5.52824494662e-05, 6.73477043165e-05, 0.000178755261004, 0.00157612678595, 0.00471553765237, 0.00287717371248, 0.00200241594575, 0.00206896080635, 0.000682176731061, 5.75747544644e-05, 0.00010549199942, 0.000184549411642, 0.00016140495427, 6.6472493927e-05, 0.000124043872347, 0.000229025798035, 7.02885736246e-05, 5.54363468837e-05, 7.3820403486e-05, 0.000114995491458, 0.00020946013683, 0.000426638842328, 0.000445748271886, 0.000328886380885, 9.24531341298e-05, 0.000121830118587, 0.000124512604089, 0.000461759744212, 0.000374142313376, 0.00015863434237, 6.82208628859e-05, 0.00011707979138, 9.68149179243e-05, 7.89783298387e-05, 8.70583098731e-05, 5.88476796111e-05, 8.90685696504e-05, 0.000164902259712, 0.000113937610877, 3.86973333661e-05, 6.36066979496e-05, 0.000215992331505, 0.000173650652869, 4.19310490543e-05, 5.15168103448e-05, 8.82572712726e-05, 6.31058792351e-05, 1.92923307623e-05, 1.74928318302e-05, 2.90514126391e-05, 1.1241593711e-05, 1.71559677256e-05, 1.81666782737e-05, 1.55236557475e-05, 1.18739226309e-05, 1.02197254819e-05, 4.08539563068e-06, 1.250673904e-06, 1.00957993254e-06, 7.97930056251e-07, 5.9573346789e-07, 6.19680349701e-07, 5.37812354651e-07, 7.69173595927e-07, 6.39382619738e-07, 5.67346432945e-07, 5.970298389e-07, 5.84448741847e-07, 4.30525489037e-07, 5.44935005564e-07, 4.97965061186e-07, 4.08399216667e-07, 2.7880213338e-07, 2.47364340566e-07, 3.43272290593e-07, 3.83053077258e-07, 3.98851625505e-07, 1.6965516636e-07, 1.31484782173e-07, 1.30165147993e-07, 1.28488636619e-07, 8.35657161247e-08, 5.07340978118e-08, 4.65252831816e-08, 2.57093404343e-08, 1.67844671495e-08, 1.55909543054e-08, 1.36619302538e-08, 1.06404440814e-08, 9.93375603997e-09, 7.85216247579e-09, 8.05675437476e-09, 6.6355307915e-09, 7.64183560875e-09, 6.16536821596e-09, 6.12899597741e-09, 5.65108893014e-09, 5.34596233948e-09, 5.17988230087e-09, 4.99797891962e-09, 4.85474771494e-09, 4.73181271943e-09, 4.64066207684e-09, 4.53553328228e-09, 4.45895054213e-09, 4.41730785283e-09, 4.36859348696e-09, 4.34538138805e-09]
    },
    "mfcc": {
        "mean": [-1204.43212891, 9.60446071625, -7.97848892212, -0.777495324612, -1.62325394154, -1.13850128651, -1.42785942554, -0.61905169487, -0.558962583542, 0.477128118277, -0.583864629269, 0.188498258591, -0.00230149016716],
        "cov": [[35557.8242188, 5446.43359375, -4494.06103516, -384.554962158, -959.659362793, -757.671875, -830.555236816, -394.347564697, -384.618011475, 283.846679688, -342.526580811, 80.7704925537, -21.9927139282], [5446.43359375, 891.171813965, -713.157897949, -67.4911270142, -158.650650024, -107.367393494, -134.767883301, -62.015625, -50.1626205444, 40.5846443176, -55.1396789551, 18.8384342194, -1.0976061821], [-4494.06103516, -713.157897949, 606.81451416, 53.2017936707, 124.429405212, 86.3131484985, 103.046379089, 45.6016769409, 45.4599456787, -40.0978279114, 42.3322868347, -11.5697774887, 1.40485537052], [-384.554962158, -67.4911270142, 53.2017936707, 23.9276504517, 7.50966596603, -0.531849861145, 9.25657844543, -1.61132097244, 0.612049400806, -8.0204744339, -0.267615288496, 2.34916996956, -1.77411580086], [-959.659362793, -158.650650024, 124.429405212, 7.50966596603, 43.4419326782, 27.4541397095, 24.3838024139, 16.6879024506, 12.7534732819, -7.65679264069, 13.4251232147, -3.10523462296, 0.225748807192], [-757.671875, -107.367393494, 86.3131484985, -0.531849861145, 27.4541397095, 30.3826770782, 18.0140132904, 13.4471082687, 13.0446662903, -5.95656919479, 10.3630819321, 0.533502101898, 1.28944766521], [-830.555236816, -134.767883301, 103.046379089, 9.25657844543, 24.3838024139, 18.0140132904, 24.3643512726, 11.7758369446, 6.64986658096, -3.9137699604, 8.74845695496, -5.00577688217, 0.347775071859], [-394.347564697, -62.015625, 45.6016769409, -1.61132097244, 16.6879024506, 13.4471082687, 11.7758369446, 11.4538888931, 5.33013057709, 0.952615380287, 6.58913612366, -5.02788829803, 0.299599587917], [-384.618011475, -50.1626205444, 45.4599456787, 0.612049400806, 12.7534732819, 13.0446662903, 6.64986658096, 5.33013057709, 16.0933799744, -4.68879938126, 2.7386841774, 5.18506813049, 1.09134960175], [283.846679688, 40.5846443176, -40.0978279114, -8.0204744339, -7.65679264069, -5.95656919479, -3.9137699604, 0.952615380287, -4.68879938126, 11.6398267746, 0.497966706753, -5.90478992462, -0.919608056545], [-342.526580811, -55.1396789551, 42.3322868347, -0.267615288496, 13.4251232147, 10.3630819321, 8.74845695496, 6.58913612366, 2.7386841774, 0.497966706753, 9.40614414215, -1.34961295128, -0.0693363696337], [80.7704925537, 18.8384342194, -11.5697774887, 2.34916996956, -3.10523462296, 0.533502101898, -5.00577688217, -5.02788829803, 5.18506813049, -5.90478992462, -1.34961295128, 12.739238739, 0.772956669331], [-21.9927139282, -1.0976061821, 1.40485537052, -1.77411580086, 0.225748807192, 1.28944766521, 0.347775071859, 0.299599587917, 1.09134960175, -0.919608056545, -0.0693363696337, 0.772956669331, 2.62503600121]],
        "icov": [[0.00131415855139, -0.00291845551692, 0.00423084944487, 0.00372469401918, -0.00715807406232, 0.00874546077102, 0.00453438749537, 0.00125439278781, 0.00579819595441, -0.00331092649139, 0.0052004409954, -0.00424719229341, 0.00343618751504], [-0.00291845551692, 0.0562638528645, 0.0311116874218, 0.0101121524349, 0.0423804037273, -0.0224922727793, 0.0717146322131, -0.00701204594225, -0.0218822900206, 0.0328223481774, -0.00590942008421, 0.0217505972832, 0.00199690461159], [0.00423084944487, 0.0311116874218, 0.061545625329, 0.0231969263405, -0.00386116653681, 0.030601516366, 0.0415614135563, 0.0278681274503, -0.0181952789426, 0.0529666803777, -0.0189425013959, 0.0323937684298, 0.0238893814385], [0.00372469401918, 0.0101121524349, 0.0231969263405, 0.131289049983, -0.0295901559293, 0.0729239434004, -0.0364931039512, 0.0380752049387, 0.0287022162229, 0.0411989912391, 0.0471665561199, -0.0446970239282, 0.0958704277873], [-0.00715807406232, 0.0423804037273, -0.00386116653681, -0.0295901559293, 0.176383808255, -0.0636361464858, 0.0211233831942, -0.106620535254, -0.0603910647333, 0.101947255433, -0.101844146848, 0.0571875683963, 0.00657062744722], [0.00874546077102, -0.0224922727793, 0.030601516366, 0.0729239434004, -0.0636361464858, 0.214618042111, -0.0409294106066, -0.0665456727147, -0.000796633306891, 0.0580524764955, -0.0199887286872, -0.0523287840188, 0.0453893914819], [0.00453438749537, 0.0717146322131, 0.0415614135563, -0.0364931039512, 0.0211233831942, -0.0409294106066, 0.448951750994, -0.149159044027, 0.06992867589, -0.0745849609375, 0.0800239816308, -0.0173748861998, -0.0510691292584], [0.00125439278781, -0.00701204594225, 0.0278681274503, 0.0380752049387, -0.106620535254, -0.0665456727147, -0.149159044027, 0.551801621914, -0.106635399163, -0.033994615078, -0.0840638354421, 0.175687164068, -0.00449190428481], [0.00579819595441, -0.0218822900206, -0.0181952789426, 0.0287022162229, -0.0603910647333, -0.000796633306891, 0.06992867589, -0.106635399163, 0.232864886522, -0.12628659606, 0.173872157931, -0.190205410123, -0.00339932274073], [-0.00331092649139, 0.0328223481774, 0.0529666803777, 0.0411989912391, 0.101947255433, 0.0580524764955, -0.0745849609375, -0.033994615078, -0.12628659606, 0.406365633011, -0.236762985587, 0.201799482107, 0.0911476537585], [0.0052004409954, -0.00590942008421, -0.0189425013959, 0.0471665561199, -0.101844146848, -0.0199887286872, 0.0800239816308, -0.0840638354421, 0.173872157931, -0.236762985587, 0.431134074926, -0.21185863018, 0.0192237794399], [-0.00424719229341, 0.0217505972832, 0.0323937684298, -0.0446970239282, 0.0571875683963, -0.0523287840188, -0.0173748861998, 0.175687164068, -0.190205410123, 0.201799482107, -0.21185863018, 0.339705228806, -0.0268483571708], [0.00343618751504, 0.00199690461159, 0.0238893814385, 0.0958704277873, 0.00657062744722, 0.0453893914819, -0.0510691292584, -0.00449190428481, -0.00339932274073, 0.0911476537585, 0.0192237794399, -0.0268483571708, 0.488754540682]]
    },
    "spectral_contrast_coeffs": {
        "max": [-0.451494783163, -0.384547263384, -0.536011517048, -0.666807055473, -0.626214385033, -0.630566835403],
        "mean": [-0.939900994301, -0.940060913563, -0.940387308598, -0.945633411407, -0.940297424793, -0.937888205051],
        "min": [-0.985027432442, -0.981551885605, -0.976889193058, -0.972857356071, -0.9700075984, -0.965093553066],
        "stdev": [0.0753008872271, 0.0842332169414, 0.0686231032014, 0.0506761297584, 0.0626926571131, 0.0667220801115]
    },
    "spectral_contrast_valleys": {
        "max": [-5.90783500671, -5.19216775894, -5.34441709518, -4.88354873657, -5.64490032196, -8.99768447876],
        "mean": [-25.3499088287, -25.117937088, -25.1796646118, -25.1151580811, -25.2008991241, -25.5751171112],
        "min": [-28.2012119293, -28.0796051025, -28.0262126923, -27.7642383575, -27.6134433746, -27.4316539764],
        "stdev": [5.55790328979, 6.09972047806, 6.18216276169, 6.24245166779, 6.05921173096, 4.97528362274]
    }
},
"rhythm": {
    "beats_count": 23,
    "beats_loudness": {
        "max": 0.135373815894,
        "mean": 0.00592225603759,
        "min": 0,
        "stdev": 0.0275996923447
    },
    "bpm": 128.253875732,
    "bpm_histogram_first_peak_bpm": 129,
    "bpm_histogram_first_peak_weight": 0.300000011921,
    "bpm_histogram_second_peak_bpm": 99,
    "bpm_histogram_second_peak_spread": 0,
    "bpm_histogram_second_peak_weight": 0.136363640428,
    "danceability": 1.38604688644,
    "onset_rate": 0.54861664772,
    "beats_loudness_band_ratio": {
        "max": [0.00788070447743, 0.133226394653, 0.490068763494, 0.54169857502, 0.485669732094, 0.0811041146517],
        "mean": [0.000407577201258, 0.00648340862244, 0.0254827402532, 0.0397465601563, 0.0305184852332, 0.00477507105097],
        "min": [0, 0, 0, 0, 0, 0],
        "stdev": [0.00162206962705, 0.0272149536759, 0.100963719189, 0.131188184023, 0.106571026146, 0.017293414101]
    },
    "beats_position": [0.603718817234, 1.20743763447, 1.8111563921, 2.41487526894, 2.97215414047, 3.52943301201, 4.08671188354, 4.65560102463, 5.22448968887, 5.79337835312, 6.33904743195, 6.88471651077, 7.41877555847, 7.89478445053, 8.37079334259, 8.84680271149, 9.31120204926, 9.77560043335, 10.2399997711, 10.7043991089, 11.1687984467, 11.6331968307, 12.0975961685],
    "bpm_histogram": [0, 0, 0, 0, 0, 0, 0, 0, 0, 0, 0, 0, 0, 0, 0, 0, 0, 0, 0, 0, 0, 0, 0, 0, 0, 0, 0, 0, 0, 0, 0, 0, 0, 0, 0, 0, 0, 0, 0, 0, 0, 0, 0, 0, 0, 0, 0, 0, 0, 0, 0, 0, 0, 0, 0, 0, 0, 0, 0, 0, 0, 0, 0, 0, 0, 0, 0, 0, 0, 0, 0, 0, 0, 0, 0, 0, 0, 0, 0, 0, 0, 0, 0, 0, 0, 0, 0, 0, 0, 0, 0, 0, 0, 0, 0, 0, 0, 0, 0, 0.136363640428, 0, 0, 0, 0, 0, 0.136363640428, 0, 0, 0.136363640428, 0, 0.0909090936184, 0, 0.0454545468092, 0, 0, 0, 0, 0, 0, 0, 0, 0, 0, 0, 0, 0, 0.136363640428, 0, 0, 0.318181812763, 0, 0, 0, 0, 0, 0, 0, 0, 0, 0, 0, 0, 0, 0, 0, 0, 0, 0, 0, 0, 0, 0, 0, 0, 0, 0, 0, 0, 0, 0, 0, 0, 0, 0, 0, 0, 0, 0, 0, 0, 0, 0, 0, 0, 0, 0, 0, 0, 0, 0, 0, 0, 0, 0, 0, 0, 0, 0, 0, 0, 0, 0, 0, 0, 0, 0, 0, 0, 0, 0, 0, 0, 0, 0, 0, 0, 0, 0, 0, 0, 0, 0, 0, 0, 0, 0, 0, 0, 0, 0, 0, 0, 0, 0, 0, 0, 0, 0, 0, 0, 0, 0, 0, 0, 0, 0, 0, 0, 0, 0, 0, 0, 0, 0, 0, 0, 0, 0, 0, 0]
},
"tonal": {
    "chords_changes_rate": 0.0253623183817,
