{
"metadata": {
    "version": {
        "essentia": "2.1-beta5",
        "essentia_git_sha": "Undefined",
        "extractor": "music 2.0"
    },
    "audio_properties": {
        "analysis": {
            "equal_loudness": 0,
            "length": 35.9909286499,
            "sample_rate": 44100,
            "start_time": 142.744674683,
            "downmix": "mix"
        },
        "bit_rate": 192000,
        "length": 203.801559448,
        "lossless": 0,
        "number_channels": 2,
        "replay_gain": 0.0687313079834,
        "sample_rate": 48000,
        "codec": "mp3",
        "md5_encoded": "92193daaae23d5c53378f658cfb816a1"
    },
    "tags": {
        "file_name": "Iceland_Nei Eða Já_Heart 2 Heart.mp3",
        "encoding": ["Lavf58.29.100"]
    }
},
"lowlevel": {
    "average_loudness": 0.979864358902,
    "barkbands_crest": {
        "max": 24.7473678589,
        "mean": 8.39018440247,
        "min": 2.39263176918,
        "stdev": 4.407289505
    },
    "barkbands_flatness_db": {
        "max": 0.266211241484,
        "mean": 0.104417614639,
        "min": 0.0417479500175,
        "stdev": 0.0351225100458
    },
    "barkbands_kurtosis": {
        "max": 30.3191452026,
        "mean": 0.335603922606,
        "min": -1.6466602087,
        "stdev": 2.68672370911
    },
    "barkbands_skewness": {
        "max": 4.61633348465,
        "mean": 0.408104479313,
        "min": -1.78333830833,
        "stdev": 0.679683923721
    },
    "barkbands_spread": {
        "max": 73.5570526123,
        "mean": 29.9791431427,
        "min": 2.69437503815,
        "stdev": 12.5441417694
    },
    "dissonance": {
        "max": 0.499996602535,
        "mean": 0.476280927658,
        "min": 0.330943048,
        "stdev": 0.0225566830486
    },
    "dynamic_complexity": 2.15166163445,
    "erbbands_crest": {
        "max": 32.2105522156,
        "mean": 10.82143116,
        "min": 2.72268652916,
        "stdev": 6.27198648453
    },
    "erbbands_flatness_db": {
        "max": 0.33998388052,
        "mean": 0.16991508007,
        "min": 0.0841649025679,
        "stdev": 0.0405178144574
    },
    "erbbands_kurtosis": {
        "max": 29.4406433105,
        "mean": 0.743815898895,
        "min": -1.50360774994,
        "stdev": 2.6160171032
    },
    "erbbands_skewness": {
        "max": 4.87873077393,
        "mean": 0.28832000494,
        "min": -1.74144423008,
        "stdev": 0.87083542347
    },
    "erbbands_spread": {
        "max": 85.8227310181,
        "mean": 30.2134380341,
        "min": 4.44692182541,
        "stdev": 12.4643440247
    },
    "hfc": {
        "max": 116.896728516,
        "mean": 28.3041381836,
        "min": 2.66145658493,
        "stdev": 18.2503948212
    },
    "loudness_ebu128": {
        "integrated": -23.7337150574,
        "loudness_range": 1.24655532837,
        "momentary": {
            "max": -21.5513572693,
            "mean": -23.922372818,
            "min": -27.6029148102,
            "stdev": 1.32046973705
        },
        "short_term": {
            "max": -23.0627651215,
            "mean": -23.7966156006,
            "min": -24.7158184052,
            "stdev": 0.40979886055
        }
    },
    "melbands_crest": {
        "max": 33.4702644348,
        "mean": 12.0188741684,
        "min": 2.89961576462,
        "stdev": 5.74637508392
    },
    "melbands_flatness_db": {
        "max": 0.270847916603,
        "mean": 0.116070568562,
        "min": 0.0212055277079,
        "stdev": 0.0413261801004
    },
    "melbands_kurtosis": {
        "max": 61.5628814697,
        "mean": 2.75924777985,
        "min": -1.58606445789,
        "stdev": 5.12645769119
    },
    "melbands_skewness": {
        "max": 6.19642305374,
        "mean": 1.13839912415,
        "min": -1.30661642551,
        "stdev": 0.852576732635
    },
    "melbands_spread": {
        "max": 177.99911499,
        "mean": 44.9473457336,
        "min": 3.13093733788,
        "stdev": 20.1035480499
    },
    "pitch_salience": {
        "max": 0.813515126705,
        "mean": 0.557980835438,
        "min": 0.158865600824,
        "stdev": 0.102388195693
    },
    "silence_rate_20dB": {
        "max": 1,
        "mean": 1,
        "min": 1,
        "stdev": 0
    },
    "silence_rate_30dB": {
        "max": 1,
        "mean": 1,
        "min": 1,
        "stdev": 0
    },
    "silence_rate_60dB": {
        "max": 1,
        "mean": 0.0174081232399,
        "min": 0,
        "stdev": 0.130787104368
    },
    "spectral_centroid": {
        "max": 3988.4597168,
        "mean": 2161.40258789,
        "min": 800.423156738,
        "stdev": 482.031524658
    },
    "spectral_complexity": {
        "max": 54,
        "mean": 24.3468723297,
        "min": 5,
        "stdev": 8.94259262085
    },
    "spectral_decrease": {
        "max": -3.42545991572e-10,
        "mean": -4.64053684368e-09,
        "min": -2.32797585653e-08,
        "stdev": 3.28113536341e-09
    },
    "spectral_energy": {
        "max": 0.0961354002357,
        "mean": 0.02008173801,
        "min": 0.00159052480012,
        "stdev": 0.0137753561139
    },
    "spectral_energyband_high": {
        "max": 0.0113029163331,
        "mean": 0.00134080077987,
        "min": 9.85819278867e-05,
        "stdev": 0.0011567940237
    },
    "spectral_energyband_low": {
        "max": 0.0393503010273,
        "mean": 0.00243808492087,
        "min": 1.39575495268e-05,
        "stdev": 0.00369247118942
    },
    "spectral_energyband_middle_high": {
        "max": 0.0806649103761,
        "mean": 0.01098693721,
        "min": 0.000624813139439,
        "stdev": 0.0100530860946
    },
    "spectral_energyband_middle_low": {
        "max": 0.0855481252074,
        "mean": 0.00592591287568,
        "min": 0.000151758838911,
        "stdev": 0.00741056865081
    },
    "spectral_entropy": {
        "max": 8.65959739685,
        "mean": 7.8487701416,
        "min": 6.91736841202,
        "stdev": 0.244945913553
    },
    "spectral_flux": {
        "max": 0.256820350885,
        "mean": 0.0894233509898,
        "min": 0.0262113828212,
        "stdev": 0.0362500697374
    },
    "spectral_kurtosis": {
        "max": 12.3891410828,
        "mean": 2.96552157402,
        "min": -0.299627065659,
        "stdev": 1.19484877586
    },
    "spectral_rms": {
        "max": 0.00968455616385,
        "mean": 0.00417858269066,
        "min": 0.00124568515457,
        "stdev": 0.00145992997568
    },
    "spectral_rolloff": {
        "max": 8764.01367188,
        "mean": 2761.13696289,
        "min": 193.798828125,
        "stdev": 1250.91479492
    },
    "spectral_skewness": {
        "max": 2.77746915817,
        "mean": 1.21069967747,
        "min": 0.303280860186,
        "stdev": 0.214078307152
    },
    "spectral_spread": {
        "max": 8803576,
        "mean": 4369438.5,
        "min": 2781159.75,
        "stdev": 710114.3125
    },
    "spectral_strongpeak": {
        "max": 9.59437847137,
        "mean": 1.73878967762,
        "min": 0.0280752666295,
        "stdev": 1.72614812851
    },
    "zerocrossingrate": {
        "max": 0.27783203125,
        "mean": 0.0947208926082,
        "min": 0.02978515625,
        "stdev": 0.0291556119919
    },
    "barkbands": {
        "max": [0.000565546564758, 0.0196452662349, 0.0182373672724, 0.00733547657728, 0.0219551175833, 0.0179948639125, 0.0118187703192, 0.019164307043, 0.048242688179, 0.0477472692728, 0.0448488965631, 0.0617046244442, 0.0211490392685, 0.0162792019546, 0.0331928990781, 0.00773987732828, 0.00625976361334, 0.00604174192995, 0.0086431549862, 0.00373848853633, 0.00283230911009, 0.00293240044266, 0.00321621471085, 0.0035682420712, 0.00133982591797, 0.000285761023406, 1.20468223486e-06],
        "mean": [3.75843628717e-05, 0.00130228674971, 0.000881617772393, 0.000493904808536, 0.00151463004295, 0.000756931665819, 0.000425500533311, 0.00048128052731, 0.00141576456372, 0.0030129076913, 0.00203554914333, 0.00102591596078, 0.000686290557496, 0.000872137083206, 0.00122539349832, 0.000587164715398, 0.00049618963385, 0.000533993064892, 0.000720170908608, 0.000462269497802, 0.00035967171425, 0.000272648554528, 0.000233098573517, 0.000151435146108, 8.15245439298e-05, 1.58819912031e-05, 5.82989923004e-09],
        "min": [1.31752329935e-07, 1.59939827427e-06, 3.64575214462e-07, 4.94333505685e-07, 2.86235945168e-06, 4.1362718548e-06, 3.37312258125e-06, 1.40009387906e-06, 3.46686556441e-06, 7.56085137255e-06, 2.56689509115e-06, 4.43071348855e-06, 1.31815522764e-06, 4.88908744956e-06, 2.14995288843e-05, 1.05943909148e-05, 1.30113749037e-05, 1.32376217152e-05, 2.00640715775e-05, 2.43535505433e-05, 1.55111301865e-05, 1.11735498649e-05, 5.77355876885e-06, 4.97176824865e-06, 2.41981592808e-06, 1.74863941993e-07, 1.57670473899e-10],
        "stdev": [4.52054300695e-05, 0.00185378047172, 0.00199530133978, 0.000697197683621, 0.00238624750637, 0.00125023187138, 0.000706942460965, 0.00119134539273, 0.00406513921916, 0.00593151245266, 0.00538317905739, 0.00289684021845, 0.00150887225755, 0.0016298412811, 0.00230836123228, 0.000825459777843, 0.000570785312448, 0.000518645218108, 0.000756882596761, 0.000419684714871, 0.000330947630573, 0.000293359451462, 0.000277274899418, 0.000221208465518, 0.000141002019518, 2.41568031925e-05, 4.35986535763e-08]
    },
    "erbbands": {
        "max": [0.22682698071, 5.86337757111, 23.8198852539, 16.8884830475, 68.0179901123, 68.842628479, 107.061035156, 186.92225647, 106.170127869, 218.181350708, 628.086547852, 794.141845703, 2562.49267578, 2038.72619629, 2225.42211914, 1696.11547852, 1124.97729492, 934.533630371, 1634.13354492, 608.559509277, 488.114990234, 311.29498291, 380.695739746, 376.833709717, 557.384155273, 171.379486084, 167.07522583, 75.8968353271, 104.779472351, 90.0075531006, 95.5067443848, 96.8361663818, 42.5405693054, 19.4594707489, 17.0634021759, 2.0474717617, 0.329157650471, 0.0233631320298, 0.000554207363166, 0.00012356962543],
        "mean": [0.024273019284, 0.342326700687, 1.09234786034, 1.2844183445, 3.35878229141, 4.53024816513, 6.30376768112, 6.25017738342, 7.00248146057, 5.75431728363, 13.574388504, 25.8984546661, 76.4940261841, 102.049415588, 77.6638183594, 43.1082458496, 35.4981460571, 39.7376441956, 66.2427825928, 50.0342636108, 29.4727249146, 24.970697403, 27.1489162445, 35.2885475159, 34.3483009338, 23.5819282532, 17.748374939, 11.3847665787, 9.5027179718, 8.19139003754, 6.45437002182, 3.95963954926, 2.01065278053, 0.808679223061, 0.690157473087, 0.140908181667, 0.0215018726885, 0.000974205438979, 4.43285207439e-05, 2.97500355373e-05],
        "min": [0.000107908839709, 8.35375540191e-05, 0.00170076452196, 0.00291013065726, 0.00361589645036, 0.0122678745538, 0.0328174494207, 0.0319929085672, 0.0464244969189, 0.189298689365, 0.143005743623, 0.172713950276, 0.241656824946, 0.30909049511, 0.567245781422, 0.581525266171, 0.608759522438, 1.00607168674, 1.21770608425, 1.22943103313, 0.889200568199, 1.26413595676, 1.43461501598, 2.09701943398, 1.0754673481, 1.23366463184, 0.621921598911, 0.605653464794, 0.422315716743, 0.323922723532, 0.134102597833, 0.0898527130485, 0.0590706467628, 0.0257038138807, 0.0180949009955, 0.00235127611086, 0.000175196502823, 1.02444500953e-05, 2.34193203141e-06, 2.67104041995e-06],
        "stdev": [0.0312772244215, 0.529503941536, 2.43725037575, 1.73806428909, 6.08805990219, 7.12550067902, 11.619758606, 11.3838043213, 11.0969552994, 11.1383123398, 34.3386611938, 63.8436431885, 180.022842407, 220.538665771, 215.893096924, 92.2576751709, 74.6913604736, 68.2242431641, 130.905883789, 66.8642349243, 38.3729057312, 26.5070323944, 26.325592041, 37.809513092, 35.1795539856, 20.6822280884, 16.7814922333, 10.9250478745, 10.4455575943, 8.58433818817, 7.88785886765, 5.92654848099, 2.76556682587, 1.19171798229, 1.57483637333, 0.214776620269, 0.0345084443688, 0.00173903454561, 5.2605268138e-05, 1.93951473193e-05]
    },
    "gfcc": {
        "mean": [20.7355060577, 63.0680351257, -151.374649048, 43.5338630676, -67.6064834595, 26.694103241, -37.9865989685, 12.9462842941, -29.8365211487, 0.72501039505, -16.0629329681, -0.713859319687, -5.51043176651],
        "cov": [[1400.97436523, -70.964553833, 161.454605103, 37.6755752563, 22.5134620667, 23.2389030457, -60.3027839661, -10.9498138428, -36.7249832153, -18.9881896973, -88.7492218018, -18.7552967072, -91.9470596313], [-70.964553833, 471.591949463, 70.2976074219, 46.7793006897, 75.5665512085, -29.8610992432, 82.2655410767, 8.33088302612, 18.1822299957, -46.5870323181, 17.0197525024, -54.7839660645, 37.6737480164], [161.454605103, 70.2976074219, 319.578552246, 137.646850586, -5.6043806076, -29.7724399567, -62.9798927307, 26.7261867523, 25.9656925201, 29.2213726044, -62.7326965332, 8.47472763062, -46.3801612854], [37.6755752563, 46.7793006897, 137.646850586, 186.728042603, 65.5508346558, -12.1517953873, -54.0654335022, -0.73883575201, 38.2114028931, 33.1955490112, -14.2363004684, -15.4014377594, -47.471446991], [22.5134620667, 75.5665512085, -5.6043806076, 65.5508346558, 164.354034424, 73.1212310791, 27.4688205719, 0.134137704968, 8.37912654877, 7.28393983841, 19.7818965912, -18.0892677307, -14.4023599625], [23.2389030457, -29.8610992432, -29.7724399567, -12.1517953873, 73.1212310791, 143.506134033, 100.761283875, 8.93774318695, -15.4176073074, 4.72409915924, 34.3044013977, -1.58716261387, -2.4842903614], [-60.3027839661, 82.2655410767, -62.9798927307, -54.0654335022, 27.4688205719, 100.761283875, 195.633605957, 52.0829772949, -11.0612792969, -20.3855285645, 35.9017066956, -6.72463941574, 38.0252189636], [-10.9498138428, 8.33088302612, 26.7261867523, -0.73883575201, 0.134137704968, 8.93774318695, 52.0829772949, 108.50605011, 60.0276527405, 3.54091525078, -10.3675355911, -3.31991314888, 8.33833122253], [-36.7249832153, 18.1822299957, 25.9656925201, 38.2114028931, 8.37912654877, -15.4176073074, -11.0612792969, 60.0276527405, 96.4336090088, 33.0201148987, -7.77707958221, -9.36363315582, -13.0228452682], [-18.9881896973, -46.5870323181, 29.2213726044, 33.1955490112, 7.28393983841, 4.72409915924, -20.3855285645, 3.54091525078, 33.0201148987, 91.4703292847, 30.5994205475, 8.98226833344, -30.8743267059], [-88.7492218018, 17.0197525024, -62.7326965332, -14.2363004684, 19.7818965912, 34.3044013977, 35.9017066956, -10.3675355911, -7.77707958221, 30.5994205475, 107.210067749, 23.6017837524, 10.0015821457], [-18.7552967072, -54.7839660645, 8.47472763062, -15.4014377594, -18.0892677307, -1.58716261387, -6.72463941574, -3.31991314888, -9.36363315582, 8.98226833344, 23.6017837524, 80.1961746216, 33.0469093323], [-91.9470596313, 37.6737480164, -46.3801612854, -47.471446991, -14.4023599625, -2.4842903614, 38.0252189636, 8.33833122253, -13.0228452682, -30.8743267059, 10.0015821457, 33.0469093323, 95.1656951904]],
        "icov": [[0.000869240437169, 5.40675391676e-05, -0.000415985821746, 0.000343051797245, -0.00024860558915, -0.00027265297831, 0.000238230961259, -0.00018839474069, 0.00045451807091, 0.000286904338282, 0.000455924717244, -0.00015181247727, 0.000823481299449], [5.40675391676e-05, 0.00830466300249, -0.00670327106491, 0.0030262072105, -0.00721282837912, 0.0107944719493, -0.009157480672, 0.00811100099236, -0.00694109080359, 0.00560884224251, -0.0063872798346, 0.0071327839978, -0.003789979266], [-0.000415985821746, -0.00670327106491, 0.0123018287122, -0.00804916396737, 0.00791475921869, -0.0094947963953, 0.00805608648807, -0.00989513751119, 0.00844906736165, -0.00630996609107, 0.00860692560673, -0.00808154512197, 0.00384092214517], [0.000343051797245, 0.0030262072105, -0.00804916396737, 0.0142645863816, -0.00852178875357, 0.00635594362393, -0.00307753565721, 0.0063869706355, -0.00708130886778, 0.00213725958019, -0.00383342732675, 0.00371741270646, 0.000708821811713], [-0.00024860558915, -0.00721282837912, 0.00791475921869, -0.00852178875357, 0.0177177898586, -0.0162318125367, 0.00961885321885, -0.00769805535674, 0.00582667067647, -0.00393072608858, 0.00472245784476, -0.00432143174112, 0.00183684378862], [-0.00027265297831, 0.0107944719493, -0.0094947963953, 0.00635594362393, -0.0162318125367, 0.031042676419, -0.020803578198, 0.0127755152062, -0.00821712613106, 0.00563727319241, -0.00898122694343, 0.00680228509009, -0.00116046890616], [0.000238230961259, -0.009157480672, 0.00805608648807, -0.00307753565721, 0.00961885321885, -0.020803578198, 0.0239161681384, -0.0171401556581, 0.0118442783132, -0.00513638090342, 0.00435837404802, -0.00389373651706, -4.67309218948e-05], [-0.00018839474069, 0.00811100099236, -0.00989513751119, 0.0063869706355, -0.00769805535674, 0.0127755152062, -0.0171401556581, 0.030602728948, -0.0229357499629, 0.00817472767085, -0.00523594254628, 0.00552471727133, -0.00354843982495], [0.00045451807091, -0.00694109080359, 0.00844906736165, -0.00708130886778, 0.00582667067647, -0.00821712613106, 0.0118442783132, -0.0229357499629, 0.031031884253, -0.012513268739, 0.00728696258739, -0.00382933695801, 0.00246746023186], [0.000286904338282, 0.00560884224251, -0.00630996609107, 0.00213725958019, -0.00393072608858, 0.00563727319241, -0.00513638090342, 0.00817472767085, -0.012513268739, 0.0225372649729, -0.0106972334906, 0.00205789296888, 0.00294500589371], [0.000455924717244, -0.0063872798346, 0.00860692560673, -0.00383342732675, 0.00472245784476, -0.00898122694343, 0.00435837404802, -0.00523594254628, 0.00728696258739, -0.0106972334906, 0.0208251755685, -0.0103377280757, 0.00337697076611], [-0.00015181247727, 0.0071327839978, -0.00808154512197, 0.00371741270646, -0.00432143174112, 0.00680228509009, -0.00389373651706, 0.00552471727133, -0.00382933695801, 0.00205789296888, -0.0103377280757, 0.0252443868667, -0.0119955474511], [0.000823481299449, -0.003789979266, 0.00384092214517, 0.000708821811713, 0.00183684378862, -0.00116046890616, -4.67309218948e-05, -0.00354843982495, 0.00246746023186, 0.00294500589371, 0.00337697076611, -0.0119955474511, 0.0207104776055]]
    },
    "melbands": {
        "max": [0.00333177531138, 0.0106129860505, 0.00271863816306, 0.0056056631729, 0.00371766951866, 0.00395152531564, 0.00152383837849, 0.00201455084607, 0.00572249013931, 0.00678105186671, 0.0123979290947, 0.00824298523366, 0.00700948387384, 0.00770209822804, 0.00165858585387, 0.00209272839129, 0.00206334376708, 0.00275777745992, 0.00213552522473, 0.000555788516067, 0.0007390974788, 0.000464469077997, 0.000332922703819, 0.000275000347756, 0.000349482870661, 0.000441956275608, 0.000246996933129, 0.000107129686512, 0.000136295973789, 9.7721174825e-05, 6.16046454525e-05, 6.09901071584e-05, 6.75150149618e-05, 5.09036108269e-05, 5.25315990672e-05, 5.75157355343e-05, 6.32805022178e-05, 3.40639307979e-05, 2.57069350482e-05, 1.31223941935e-05],
        "mean": [0.000296118698316, 0.000522290647496, 0.000283385830699, 0.000300731306197, 0.000222170419875, 0.000141388984048, 0.0001049180064, 6.33852032479e-05, 0.000112540350528, 0.000193571075215, 0.000384933169698, 0.000410709064454, 0.000274680001894, 0.000141761265695, 7.98431792646e-05, 7.17337752576e-05, 7.18156879884e-05, 0.000104121427285, 8.3544611698e-05, 4.84113988932e-05, 3.34173055307e-05, 2.55104350799e-05, 2.51404035225e-05, 2.78415427601e-05, 2.82595374301e-05, 2.71614189842e-05, 1.89134880202e-05, 1.47682148963e-05, 1.14396571007e-05, 8.093177712e-06, 6.5264857767e-06, 5.2908512771e-06, 5.10349354954e-06, 4.53047778137e-06, 4.27466920883e-06, 2.53422331298e-06, 2.24573614105e-06, 1.56606290602e-06, 8.61409034769e-07, 5.73961358441e-07],
        "min": [1.24663370116e-06, 6.47441652291e-07, 5.48143361812e-07, 5.19268155585e-07, 1.35679351843e-06, 7.73729993853e-07, 6.18218507498e-07, 1.11727115382e-06, 9.2161531029e-07, 4.87607564992e-07, 7.37050015687e-07, 5.3326834859e-07, 8.97571908354e-07, 5.96862207658e-07, 4.61624637182e-07, 3.20177719004e-07, 3.0893934877e-07, 1.66760094089e-06, 1.84129100944e-06, 4.75619572171e-07, 2.59359637766e-07, 6.94016307534e-07, 4.07956235904e-07, 1.12479915515e-06, 1.32153490995e-06, 8.21684182029e-07, 8.75520356658e-07, 5.56394979867e-07, 2.686138032e-07, 2.8377792205e-07, 1.53727796715e-07, 2.0752732155e-07, 1.74197097635e-07, 1.18209648292e-07, 8.17469612002e-08, 4.79839030731e-08, 4.93104153065e-08, 3.26511830906e-08, 2.37214266008e-08, 1.85122832619e-08],
        "stdev": [0.000383100647014, 0.00100793351885, 0.00035730341915, 0.000521514913999, 0.00040466390783, 0.000251964549534, 0.000161514151841, 0.000126494720462, 0.000301306165056, 0.000536368286703, 0.000910423055757, 0.000921077968087, 0.000760445429478, 0.000402879406465, 0.000143459488754, 0.000151795262354, 0.000141524054925, 0.000218524743104, 0.00015986377548, 7.15960777598e-05, 4.97250475746e-05, 3.37529418175e-05, 2.86747599603e-05, 3.01894433505e-05, 3.44042964571e-05, 3.16497062158e-05, 1.92594052351e-05, 1.41305627039e-05, 1.14143340397e-05, 9.2302034318e-06, 7.32222815714e-06, 6.19831234872e-06, 5.45478269487e-06, 5.02740931552e-06, 5.45124339624e-06, 3.56380087396e-06, 3.64133552466e-06, 2.13846806218e-06, 1.27482667267e-06, 8.74994384503e-07]
    },
    "melbands128": {
        "max": [0.000343784748111, 0.00141101924237, 0.00425054645166, 0.0123291248456, 0.0149857364595, 0.00704313442111, 0.00382999144495, 0.00323471613228, 0.00805521477014, 0.00931429583579, 0.00349757215008, 0.00567546486855, 0.00482360878959, 0.00459027476609, 0.00399329792708, 0.00667241495103, 0.00315480399877, 0.00232382793911, 0.00434598559514, 0.00322555168532, 0.00388097693212, 0.00577883189544, 0.0103711532429, 0.00710331602022, 0.00631162570789, 0.0133261401206, 0.0248056259006, 0.0162237323821, 0.0137782990932, 0.0125605976209, 0.014534492977, 0.0124968867749, 0.0139450524002, 0.0125101599842, 0.0195642504841, 0.0128255384043, 0.00403472874314, 0.00185275042895, 0.00403867382556, 0.00451479526237, 0.0027736374177, 0.0038115081843, 0.00368953263387, 0.00343494210392, 0.00360310287215, 0.00520665943623, 0.00694350805134, 0.00355173461139, 0.00144385441672, 0.00165631680284, 0.00107594812289, 0.00122608651873, 0.000767880526837, 0.00139955768827, 0.00108803936746, 0.000684715632815, 0.000389469350921, 0.000549771939404, 0.000612749776337, 0.000613388314378, 0.000493559695315, 0.000315479701385, 0.000913375930395, 0.000526020943653, 0.000909660593607, 0.000714602007065, 0.000653419119772, 0.000448625214631, 0.000408305437304, 0.000397599505959, 0.000225522744586, 0.000214834071812, 0.000198594018002, 0.000316027697409, 0.000233182596276, 0.0002406854328, 7.35851717764e-05, 5.10817990289e-05, 9.00949307834e-05, 9.78247917374e-05, 8.05334784673e-05, 9.86886225292e-05, 0.000132899047458, 8.87281057658e-05, 5.29250391992e-05, 7.61180126574e-05, 5.98447622906e-05, 0.000103947255411, 5.90065392316e-05, 5.69830699533e-05, 6.45358813927e-05, 6.66288542561e-05, 9.02144383872e-05, 9.24247433431e-05, 5.14786370331e-05, 4.27499689977e-05, 4.18641284341e-05, 2.95642057608e-05, 2.67347877525e-05, 3.03810211335e-05, 2.24203049584e-05, 1.12699053716e-05, 1.0548269529e-05, 8.82488075149e-06, 4.9008809583e-05, 2.02168157557e-05, 4.84932070322e-06, 5.21032643519e-06, 4.32756496593e-06, 3.73802936338e-06, 3.16978184856e-06, 1.45295257425e-06, 1.16030537356e-06, 7.05678530721e-07, 4.75889436302e-07, 2.78194903558e-07, 4.66326426363e-08, 2.08934314294e-09, 1.98658400841e-09, 1.9402743856e-09, 1.86269666358e-09, 1.83473902737e-09, 1.78319747857e-09, 1.75155223658e-09, 1.71669412019e-09, 1.70585112702e-09, 1.6894693422e-09, 1.67749514279e-09],
        "mean": [2.51920246228e-05, 0.000134707326652, 0.000400639983127, 0.00062036170857, 0.00064435711829, 0.000362847495126, 0.00023490251624, 0.000257336359937, 0.000353574723704, 0.000354177638656, 0.000201596150873, 0.000285693153273, 0.000240278954152, 0.000128154919366, 0.000120448734378, 0.000178710368345, 0.00012556600268, 9.64505888987e-05, 6.91111927154e-05, 6.09638336755e-05, 4.93979023304e-05, 9.66835359577e-05, 0.000151734711835, 8.29120326671e-05, 9.88471947494e-05, 0.000224349671043, 0.000444369041361, 0.000400193821406, 0.000324633001583, 0.000469747843454, 0.000476013723528, 0.000222571063205, 0.000332940893713, 0.000245933741098, 0.000130684362375, 0.000138744260767, 0.000109407075797, 5.31807490916e-05, 8.09384218883e-05, 9.45181309362e-05, 4.75807464682e-05, 7.74663640186e-05, 7.58713213145e-05, 6.25874890829e-05, 8.13333972474e-05, 0.000114028145617, 0.000135302107083, 7.98878900241e-05, 5.45200928173e-05, 8.87517089723e-05, 3.77304641006e-05, 2.33237642533e-05, 3.60792655556e-05, 3.46579799952e-05, 3.60529484169e-05, 2.10989783227e-05, 1.6525220417e-05, 3.77245378331e-05, 2.19318026211e-05, 1.42891494761e-05, 3.27190427925e-05, 3.18055535899e-05, 3.12866613967e-05, 2.51498477155e-05, 2.80332969851e-05, 2.35542884184e-05, 3.35939621436e-05, 2.10641501326e-05, 1.36493144964e-05, 1.7318972823e-05, 1.72009968082e-05, 1.26780023493e-05, 9.20978527574e-06, 1.35503241836e-05, 9.90262105915e-06, 1.09627735583e-05, 5.24892448084e-06, 4.77222465634e-06, 7.74026557337e-06, 7.43050986785e-06, 4.48826403954e-06, 4.62096522824e-06, 5.99307395532e-06, 5.35326125828e-06, 4.31618855146e-06, 3.82378493669e-06, 4.5986735131e-06, 5.97058669882e-06, 4.55055396742e-06, 2.81238590105e-06, 2.62772482529e-06, 1.99815190172e-06, 3.32741569764e-06, 2.37520976043e-06, 1.5171343648e-06, 1.67352652625e-06, 1.8649300273e-06, 9.95932850856e-07, 8.38785013002e-07, 7.92660500792e-07, 6.66349137646e-07, 5.17558135016e-07, 4.9369015187e-07, 4.87888883072e-07, 1.44059481499e-06, 7.22759466498e-07, 3.93140851429e-07, 2.33689860352e-07, 1.94057207636e-07, 1.65582477507e-07, 1.25153320596e-07, 7.05273563995e-08, 6.29715799505e-08, 2.94203132967e-08, 1.46202756568e-08, 1.61895052919e-09, 2.12341269568e-10, 5.57571089993e-12, 5.33675144007e-12, 5.18076857456e-12, 4.99506729382e-12, 4.92046767914e-12, 4.84054333075e-12, 4.72364638723e-12, 4.42175549648e-12, 3.96636326214e-12, 3.70543613154e-12, 3.65034695179e-12],
        "min": [4.20233732257e-08, 3.12937828539e-07, 1.1504410935e-07, 2.05205594739e-08, 2.68796071623e-07, 1.99030168346e-07, 2.22942631467e-07, 2.64053795718e-07, 2.32850112525e-07, 3.57234739568e-07, 1.2354279022e-07, 7.08794232196e-07, 3.1260265132e-07, 5.86346914133e-07, 3.86264161989e-07, 3.56749524144e-07, 4.63983781174e-07, 8.35684659251e-08, 3.31477878035e-07, 9.43766877981e-08, 1.32905640271e-07, 1.55112843458e-07, 3.47499394593e-07, 4.45252652526e-07, 1.2922785686e-07, 1.2061354937e-07, 1.29338289412e-07, 1.89135150208e-07, 3.56613043095e-07, 2.817699567e-07, 1.97507148414e-07, 1.67087307545e-07, 3.2477834111e-07, 3.01152113025e-07, 2.06570220485e-07, 1.4455126518e-07, 1.92497253693e-07, 1.95310917661e-07, 5.08502502328e-08, 6.74005917745e-08, 5.61802480092e-08, 2.10619944596e-07, 1.88762271591e-07, 1.52457403146e-07, 2.82421410702e-07, 7.02569082023e-07, 7.32617536414e-07, 2.89987156066e-07, 3.02551200093e-07, 3.00705522704e-07, 9.47763822978e-08, 1.6822696125e-07, 1.2748358813e-07, 1.444152673e-07, 8.40604883479e-08, 3.59851135556e-08, 1.36998465905e-07, 1.09387968905e-07, 2.50160667292e-07, 1.02314473338e-07, 1.70854235648e-07, 7.85960708072e-07, 2.6428477895e-07, 3.04540208163e-07, 1.40439240681e-07, 7.67860115047e-07, 3.79314457177e-07, 2.99519996361e-07, 1.30861423031e-07, 1.89434075537e-07, 2.6049062285e-07, 1.20614487287e-07, 1.08174944558e-07, 1.45896819959e-07, 1.38121308169e-07, 8.30798754237e-08, 1.99926844857e-07, 6.82680294517e-08, 6.50295746141e-08, 5.37239124299e-08, 3.17840793684e-08, 2.92133073287e-08, 1.04022802816e-07, 5.63897692984e-08, 6.29430374488e-08, 6.6603647042e-08, 7.24675430774e-08, 8.50259525009e-08, 6.50901839094e-08, 3.38370647057e-08, 2.44368987268e-08, 2.39119142265e-08, 3.31736700332e-08, 2.72942326518e-08, 2.97841946661e-08, 1.47632386316e-08, 2.23926956977e-08, 2.09806305662e-08, 8.25403567717e-09, 1.63802251762e-08, 9.70858415883e-09, 6.43970299308e-09, 8.22285883828e-09, 1.0418113483e-08, 8.18660161883e-09, 6.97957691642e-09, 2.14127005016e-09, 6.12964845548e-10, 7.77092799831e-12, 8.23086376833e-10, 6.19675422087e-11, 3.06475712863e-11, 2.93288310305e-12, 7.82335025755e-13, 5.54924541648e-13, 5.70452810423e-13, 5.39886765936e-13, 4.93982296474e-13, 4.42573874684e-13, 4.9616631333e-13, 4.375613912e-13, 4.26559558075e-13, 3.99486081151e-13, 4.3419776238e-13, 3.35480016163e-13, 9.94352441098e-14, 1.77556588003e-14, 7.00829819542e-16],
        "stdev": [2.96307225653e-05, 0.000192852588953, 0.000556774437428, 0.0010614200728, 0.00147995399311, 0.000769538339227, 0.000358240940841, 0.000363348663086, 0.000713915622327, 0.000805779651273, 0.000338896905305, 0.000622753286734, 0.000493440835271, 0.000244949071202, 0.000239108267124, 0.00043906600331, 0.000277637387626, 0.000167155929375, 0.000178303816938, 0.000159106988576, 0.000157036163728, 0.000294416327961, 0.000474785949336, 0.000327612040564, 0.000297101039905, 0.000885153771378, 0.00158757332247, 0.00124070397578, 0.00103372929152, 0.00120460963808, 0.00142402807251, 0.000742416305002, 0.00125196576118, 0.000997512834147, 0.000680216122419, 0.000516303116456, 0.000272953417152, 0.000156107795192, 0.000213768871618, 0.000309359340463, 0.000158114300575, 0.000183784286492, 0.000199234884349, 0.000199020767468, 0.000240430905251, 0.000325260567479, 0.000368768320186, 0.000264175410848, 0.000117819909065, 0.00015428000188, 9.16284188861e-05, 6.01567517151e-05, 7.07002400304e-05, 6.62796737743e-05, 7.70438782638e-05, 4.28354906035e-05, 2.37831245613e-05, 5.41713743587e-05, 3.15373981721e-05, 3.35425647791e-05, 4.50416409876e-05, 3.74710980395e-05, 6.06378562225e-05, 4.21457407356e-05, 5.30984907527e-05, 3.99069467676e-05, 4.567293945e-05, 3.08718481392e-05, 2.26983265748e-05, 2.4860513804e-05, 2.00424874492e-05, 1.80887836905e-05, 1.24122479974e-05, 1.82108597073e-05, 1.41765849548e-05, 1.88173271454e-05, 6.15799899606e-06, 5.72236740481e-06, 1.01146870293e-05, 1.01028754216e-05, 5.96952531851e-06, 7.16218437447e-06, 7.82919323683e-06, 6.28712678008e-06, 5.63576668355e-06, 5.14333623869e-06, 5.3859325817e-06, 9.71275585471e-06, 6.4507235038e-06, 3.85759813071e-06, 3.85252269552e-06, 3.73560146727e-06, 5.48265552425e-06, 4.61876470581e-06, 2.71993758361e-06, 2.64864502242e-06, 2.67225482276e-06, 1.68485655649e-06, 1.24860059714e-06, 1.31801937187e-06, 1.1831922393e-06, 8.32480509416e-07, 7.22936420061e-07, 7.61552996664e-07, 4.27808163295e-06, 1.83852034752e-06, 5.03732053403e-07, 3.98752575848e-07, 2.97791530102e-07, 2.67268745802e-07, 2.04583443519e-07, 1.31835761863e-07, 1.2495669921e-07, 5.72846197144e-08, 3.61333825083e-08, 1.08471676086e-08, 1.79918580034e-09, 5.31623321753e-11, 5.05338548784e-11, 4.93488895581e-11, 4.73773104082e-11, 4.6662115144e-11, 4.53507648102e-11, 4.4546099448e-11, 4.36660152481e-11, 4.33983439463e-11, 4.29872144825e-11, 4.26836864464e-11]
    },
    "mfcc": {
        "mean": [-606.800292969, 81.3247833252, -19.5232105255, 17.6194763184, -3.25784492493, 8.50040721893, 3.20411658287, 7.65383958817, -2.69445943832, 5.58272695541, -5.94082689285, -6.61038064957, -2.98169970512],
        "cov": [[1340.27893066, -65.9258041382, 54.1583938599, 7.68817853928, 44.8280982971, 30.9350299835, -24.9811096191, 21.3626747131, -37.7396621704, 25.3647022247, 5.71907806396, -41.4691772461, -57.3859558105], [-65.9258041382, 375.18145752, 18.3833370209, 64.3773956299, 1.14791309834, -1.84349858761, 54.2658157349, 25.6132202148, 25.0886363983, 26.1485786438, -7.85123062134, -30.5203647614, -21.7251110077], [54.1583938599, 18.3833370209, 260.848846436, 103.205970764, 29.2599372864, -11.8218774796, -65.9376983643, -10.1932554245, 16.3969249725, -8.58708381653, 29.4307308197, 21.7906646729, -28.2511196136], [7.68817853928, 64.3773956299, 103.205970764, 172.766113281, 82.7612228394, 3.34528517723, -54.278755188, -20.5001621246, 15.4186353683, 0.789937138557, 18.6726226807, 25.2258701324, 0.554777383804], [44.8280982971, 1.14791309834, 29.2599372864, 82.7612228394, 160.069351196, 32.8597755432, -31.4311714172, -10.4462604523, -5.32731866837, 18.7649803162, 11.8877706528, 11.5021934509, 22.9337768555], [30.9350299835, -1.84349858761, -11.8218774796, 3.34528517723, 32.8597755432, 125.339797974, 71.2179260254, 3.75974392891, -15.9875669479, -2.37350440025, 12.6238460541, 7.73543977737, 22.7516956329], [-24.9811096191, 54.2658157349, -65.9376983643, -54.278755188, -31.4311714172, 71.2179260254, 178.746536255, 50.0293083191, -0.8940782547, 19.7559642792, -8.32356548309, -0.819125413895, 19.6096229553], [21.3626747131, 25.6132202148, -10.1932554245, -20.5001621246, -10.4462604523, 3.75974392891, 50.0293083191, 95.1121902466, 45.7661933899, 17.8222522736, -6.25545597076, -8.6947555542, 3.23043870926], [-37.7396621704, 25.0886363983, 16.3969249725, 15.4186353683, -5.32731866837, -15.9875669479, -0.8940782547, 45.7661933899, 104.713172913, 33.5993499756, -0.40919932723, 4.21009397507, -4.58710002899], [25.3647022247, 26.1485786438, -8.58708381653, 0.789937138557, 18.7649803162, -2.37350440025, 19.7559642792, 17.8222522736, 33.5993499756, 81.619468689, 32.5002555847, 8.49732398987, -1.93335175514], [5.71907806396, -7.85123062134, 29.4307308197, 18.6726226807, 11.8877706528, 12.6238460541, -8.32356548309, -6.25545597076, -0.40919932723, 32.5002555847, 93.1390151978, 46.2866020203, 6.60167598724], [-41.4691772461, -30.5203647614, 21.7906646729, 25.2258701324, 11.5021934509, 7.73543977737, -0.819125413895, -8.6947555542, 4.21009397507, 8.49732398987, 46.2866020203, 93.4379196167, 30.9695739746], [-57.3859558105, -21.7251110077, -28.2511196136, 0.554777383804, 22.9337768555, 22.7516956329, 19.6096229553, 3.23043870926, -4.58710002899, -1.93335175514, 6.60167598724, 30.9695739746, 81.5270080566]],
        "icov": [[0.000860992004164, 0.000221546652028, -0.000156014881213, -7.3109731602e-05, -7.99712579465e-05, -0.000434161484009, 0.000341136357747, -0.000684991071466, 0.000756107096095, -0.000664931954816, 0.00015622038336, 0.000237823434873, 0.000624042819254], [0.000221546652028, 0.00369576504454, 0.00010503296653, -0.0026465235278, 0.000586884270888, 0.000857142091263, -0.00198742374778, -0.000261796696577, 6.96943170624e-05, -0.000906241126359, -0.000209060279303, 0.00179562298581, 0.000596558442339], [-0.000156014881213, 0.00010503296653, 0.00582609185949, -0.00324620772153, 0.00058698077919, -0.000315521872835, 0.00113557989243, -0.00083407422062, -0.000463507225504, 0.00129439355806, -0.00140636169817, -0.000703241094016, 0.00202762521803], [-7.3109731602e-05, -0.0026465235278, -0.00324620772153, 0.0128764305264, -0.00561289163306, -0.000416825176217, 0.0017621795414, 0.00224423408508, -0.00268822768703, 0.00221285992302, -0.000128416402731, -0.00273754284717, 0.000164780707564], [-7.99712579465e-05, 0.000586884270888, 0.00058698077919, -0.00561289163306, 0.0114398635924, -0.00418481742963, 0.0035460900981, -0.00183962867595, 0.00294765853323, -0.00543960463256, 0.00211360189132, 0.000591400428675, -0.00284750806168], [-0.000434161484009, 0.000857142091263, -0.000315521872835, -0.000416825176217, -0.00418481742963, 0.0143075538799, -0.0082934666425, 0.00275325844996, -0.0011557568796, 0.00449368404225, -0.00412411987782, 0.00196614605375, -0.00148495705798], [0.000341136357747, -0.00198742374778, 0.00113557989243, 0.0017621795414, 0.0035460900981, -0.0082934666425, 0.0137463137507, -0.00635021086782, 0.00371075514704, -0.00514412298799, 0.00382527662441, -0.00278414739296, -0.000811152567621], [-0.000684991071466, -0.000261796696577, -0.00083407422062, 0.00224423408508, -0.00183962867595, 0.00275325844996, -0.00635021086782, 0.0182080455124, -0.00895942188799, 0.00226635020226, -0.00150364835281, 0.0022737449035, -0.0014934662031], [0.000756107096095, 6.96943170624e-05, -0.000463507225504, -0.00268822768703, 0.00294765853323, -0.0011557568796, 0.00371075514704, -0.00895942188799, 0.0170054361224, -0.00835643615574, 0.00417046435177, -0.00214759144001, 0.000601019186433], [-0.000664931954816, -0.000906241126359, 0.00129439355806, 0.00221285992302, -0.00543960463256, 0.00449368404225, -0.00514412298799, 0.00226635020226, -0.00835643615574, 0.0222148727626, -0.00987930223346, 0.0017834774917, 0.00132671371102], [0.00015622038336, -0.000209060279303, -0.00140636169817, -0.000128416402731, 0.00211360189132, -0.00412411987782, 0.00382527662441, -0.00150364835281, 0.00417046435177, -0.00987930223346, 0.0195769071579, -0.0090143987909, 0.00110304390546], [0.000237823434873, 0.00179562298581, -0.000703241094016, -0.00273754284717, 0.000591400428675, 0.00196614605375, -0.00278414739296, 0.0022737449035, -0.00214759144001, 0.0017834774917, -0.0090143987909, 0.0186920482665, -0.00616377172992], [0.000624042819254, 0.000596558442339, 0.00202762521803, 0.000164780707564, -0.00284750806168, -0.00148495705798, -0.000811152567621, -0.0014934662031, 0.000601019186433, 0.00132671371102, 0.00110304390546, -0.00616377172992, 0.0173526871949]]
    },
    "spectral_contrast_coeffs": {
        "max": [-0.495430976152, -0.540987789631, -0.434364050627, -0.569262862206, -0.64932847023, -0.632173418999],
        "mean": [-0.740607023239, -0.78284829855, -0.708585083485, -0.756710588932, -0.768372654915, -0.744758546352],
        "min": [-0.92077600956, -0.927497625351, -0.871898770332, -0.881545901299, -0.85459291935, -0.813405632973],
        "stdev": [0.0662622228265, 0.0562409311533, 0.0899995192885, 0.0488208755851, 0.0315549224615, 0.0257074888796]
    },
    "spectral_contrast_valleys": {
        "max": [-5.63199901581, -5.1613278389, -5.75623941422, -5.99210262299, -5.80479431152, -7.87637901306],
        "mean": [-7.0254573822, -6.89804887772, -7.17752456665, -7.2640004158, -6.97515392303, -9.65969371796],
        "min": [-9.36391448975, -8.43511867523, -8.54738426208, -8.50565814972, -8.20744514465, -11.0448722839],
        "stdev": [0.636734783649, 0.507727921009, 0.484195977449, 0.438371598721, 0.409533649683, 0.487481474876]
    }
},
"rhythm": {
    "beats_count": 52,
    "beats_loudness": {
        "max": 0.0777034461498,
        "mean": 0.0269105322659,
        "min": 0.00444116722792,
        "stdev": 0.0149908363819
    },
    "bpm": 88.4078292847,
    "bpm_histogram_first_peak_bpm": 88,
    "bpm_histogram_first_peak_weight": 0.176470518112,
    "bpm_histogram_second_peak_bpm": 0,
    "bpm_histogram_second_peak_spread": 0,
    "bpm_histogram_second_peak_weight": 0,
    "danceability": 1.64343702793,
    "onset_rate": 3.69418382645,
    "beats_loudness_band_ratio": {
        "max": [0.4460311234, 0.398139834404, 0.627824962139, 0.84288007021, 0.71221446991, 0.304228395224],
        "mean": [0.156408295035, 0.129796817899, 0.12626183033, 0.249854013324, 0.221814543009, 0.165635481477],
        "min": [0.00705755315721, 0.00410774257034, 0.0141726369038, 0.04335206002, 0.0253062136471, 0.0409778617322],
        "stdev": [0.096908390522, 0.0913121402264, 0.137237757444, 0.188995271921, 0.148408353329, 0.0569642409682]
    },
    "beats_position": [0.650158703327, 1.30031740665, 1.95047616959, 2.60063481331, 3.26240348816, 3.92417216301, 4.58594083786, 5.25931978226, 5.94430828094, 6.6176867485, 7.30267572403, 7.98766422272, 8.67265319824, 9.35764122009, 10.0426301956, 10.7276191711, 11.4242172241, 12.0975961685, 12.7709751129, 13.4443531036, 14.1293420792, 14.8027210236, 15.4877090454, 16.1726989746, 16.8576869965, 17.5426750183, 18.2276649475, 18.9242630005, 19.5976409912, 20.2826309204, 20.9676189423, 21.640996933, 22.3143768311, 22.9993648529, 23.6843528748, 24.369342804, 25.0543308258, 25.7277088165, 26.4126987457, 27.0976867676, 27.7826747894, 28.4676647186, 29.1410427094, 29.8260307312, 30.5110206604, 31.1843986511, 31.8577766418, 32.542766571, 33.2277526855, 33.901134491, 34.5977325439, 35.2711105347],
