{
"metadata": {
    "version": {
        "essentia": "2.1-beta5",
        "essentia_git_sha": "Undefined",
        "extractor": "music 2.0"
    },
    "audio_properties": {
        "analysis": {
            "equal_loudness": 0,
            "length": 12.7477550507,
            "sample_rate": 44100,
            "start_time": 0,
            "downmix": "mix"
        },
        "bit_rate": 192000,
        "length": 218.325622559,
        "lossless": 0,
        "number_channels": 2,
        "replay_gain": 22.3048610687,
        "sample_rate": 48000,
        "codec": "mp3",
        "md5_encoded": "7e2e440507a3cf6634244857f20242b2"
    },
    "tags": {
        "file_name": "Switzerland_Mister Music Man_Daisy Auvray.mp3",
        "encoding": ["Lavf58.29.100"]
    }
},
"lowlevel": {
    "average_loudness": 0.000285412621452,
    "barkbands_crest": {
        "max": 19.8568782806,
        "mean": 6.99011135101,
        "min": 3.41243839264,
        "stdev": 2.03282141685
    },
    "barkbands_flatness_db": {
        "max": 0.329105496407,
        "mean": 0.0883349776268,
        "min": 0.0527258627117,
        "stdev": 0.0413524210453
    },
    "barkbands_kurtosis": {
        "max": 19.211353302,
        "mean": 2.99860095978,
        "min": -1.70623648167,
        "stdev": 1.69495916367
    },
    "barkbands_skewness": {
        "max": 3.37730622292,
        "mean": -1.48311400414,
        "min": -2.25781011581,
        "stdev": 0.934185266495
    },
    "barkbands_spread": {
        "max": 44.8609580994,
        "mean": 24.6434860229,
        "min": 1.96929383278,
        "stdev": 6.14007759094
    },
    "dissonance": {
        "max": 0.499907553196,
        "mean": 0.487099558115,
        "min": 0.258152782917,
        "stdev": 0.0243521481752
    },
    "dynamic_complexity": 13.0648155212,
    "erbbands_crest": {
        "max": 23.6166744232,
        "mean": 4.45373916626,
        "min": 2.67017245293,
        "stdev": 2.98010063171
    },
    "erbbands_flatness_db": {
        "max": 0.351514548063,
        "mean": 0.121016070247,
        "min": 0.0780129656196,
        "stdev": 0.0573430880904
    },
    "erbbands_kurtosis": {
        "max": 10.8056783676,
        "mean": 0.245601341128,
        "min": -1.53478372097,
        "stdev": 1.06170392036
    },
    "erbbands_skewness": {
        "max": 2.73017263412,
        "mean": -0.527266561985,
        "min": -1.05379664898,
        "stdev": 0.463614016771
    },
    "erbbands_spread": {
        "max": 43.8652305603,
        "mean": 33.7592544556,
        "min": 5.08898496628,
        "stdev": 7.48424100876
    },
    "hfc": {
        "max": 468.733428955,
        "mean": 10.1408700943,
        "min": 1.00749976569e-16,
        "stdev": 44.8855628967
    },
    "loudness_ebu128": {
        "integrated": -40.4080810547,
        "loudness_range": 16.9487457275,
        "momentary": {
            "max": -36.2345733643,
            "mean": -262.493560791,
            "min": -300.691009521,
            "stdev": 90.4718017578
        },
        "short_term": {
            "max": -43.4906921387,
            "mean": -253.902664185,
            "min": -300.691009521,
            "stdev": 96.3279647827
        }
    },
    "melbands_crest": {
        "max": 27.6821212769,
        "mean": 3.81312012672,
        "min": 1.5200227499,
        "stdev": 4.35974121094
    },
    "melbands_flatness_db": {
        "max": 0.376197487116,
        "mean": 0.0355129390955,
        "min": 0.00285624945536,
        "stdev": 0.0768844038248
    },
    "melbands_kurtosis": {
        "max": 19.3748435974,
        "mean": -0.643355488777,
        "min": -1.40620744228,
        "stdev": 2.05845379829
    },
    "melbands_skewness": {
        "max": 3.62729358673,
        "mean": 0.145168572664,
        "min": -0.554828584194,
        "stdev": 0.485236048698
    },
    "melbands_spread": {
        "max": 170.14491272,
        "mean": 116.260284424,
        "min": 3.54034590721,
        "stdev": 39.2013206482
    },
    "pitch_salience": {
        "max": 0.900630414486,
        "mean": 0.773685395718,
        "min": 0.357418894768,
        "stdev": 0.0619418434799
    },
    "silence_rate_20dB": {
        "max": 1,
        "mean": 0.989090919495,
        "min": 0,
        "stdev": 0.103875361383
    },
    "silence_rate_30dB": {
        "max": 1,
        "mean": 0.969090938568,
        "min": 0,
        "stdev": 0.173071458936
    },
    "silence_rate_60dB": {
        "max": 1,
        "mean": 0.874545454979,
        "min": 0,
        "stdev": 0.33123382926
    },
    "spectral_centroid": {
        "max": 11790.5390625,
        "mean": 9672.3125,
        "min": 449.080932617,
        "stdev": 3361.40771484
    },
    "spectral_complexity": {
        "max": 47,
        "mean": 3.5,
        "min": 0,
        "stdev": 9.96845054626
    },
    "spectral_decrease": {
        "max": 2.06946685499e-28,
        "mean": -2.60068278024e-09,
        "min": -1.33250424028e-07,
        "stdev": 1.25900232462e-08
    },
    "spectral_energy": {
        "max": 0.533850610256,
        "mean": 0.0107353730127,
        "min": 9.58087841383e-21,
        "stdev": 0.0513758175075
    },
    "spectral_energyband_high": {
        "max": 0.00695645343512,
        "mean": 6.54011018923e-05,
        "min": 6.95689268195e-21,
        "stdev": 0.000446508667665
    },
    "spectral_energyband_low": {
        "max": 0.0044004926458,
        "mean": 3.97104195144e-05,
        "min": 1.04663422221e-23,
        "stdev": 0.00023374108423
    },
    "spectral_energyband_middle_high": {
        "max": 0.166557818651,
        "mean": 0.00388192618266,
        "min": 1.16717062551e-21,
        "stdev": 0.0165257770568
    },
    "spectral_energyband_middle_low": {
        "max": 0.452646791935,
        "mean": 0.00689807906747,
        "min": 1.39934268929e-22,
        "stdev": 0.0376608036458
    },
    "spectral_entropy": {
        "max": 9.8242931366,
        "mean": 9.44313430786,
        "min": 5.92081928253,
        "stdev": 0.903239548206
    },
    "spectral_flux": {
        "max": 0.608674645424,
        "mean": 0.0219144076109,
        "min": 6.21213497309e-11,
        "stdev": 0.0733921900392
    },
    "spectral_kurtosis": {
        "max": 19.8325862885,
        "mean": 0.522938013077,
        "min": -1.28294599056,
        "stdev": 4.49380874634
    },
    "spectral_rms": {
        "max": 0.0228216964751,
        "mean": 0.000943371618632,
        "min": 3.05731893795e-12,
        "stdev": 0.00309573649429
    },
    "spectral_rolloff": {
        "max": 19659.8144531,
        "mean": 16390.0996094,
        "min": 409.130859375,
        "stdev": 5849.83154297
    },
    "spectral_skewness": {
        "max": 3.34532380104,
        "mean": 0.300892472267,
        "min": -0.119744971395,
        "stdev": 0.764139592648
    },
    "spectral_spread": {
        "max": 42922396,
        "mean": 35189788,
        "min": 1622683.875,
        "stdev": 13262458
    },
    "spectral_strongpeak": {
        "max": 17.9820823669,
        "mean": 0.344680935144,
        "min": 0,
        "stdev": 1.52404010296
    },
    "zerocrossingrate": {
        "max": 0.73486328125,
        "mean": 0.439614713192,
        "min": 0.0244140625,
        "stdev": 0.152285933495
    },
    "barkbands": {
        "max": [0.00054204207845, 0.0020371126011, 0.00232141278684, 0.00154950574506, 0.0253649521619, 0.127877786756, 0.0638846382499, 0.341526418924, 0.113290145993, 0.123921938241, 0.0729708224535, 0.0504877008498, 0.0104912985116, 0.00772838667035, 0.0156135493889, 0.0378595143557, 0.0981242805719, 0.0312366038561, 0.0041210250929, 0.00672415224835, 0.000634838012047, 0.000137007562444, 0.000116831397463, 5.1418744988e-05, 4.88527621201e-05, 1.27807770696e-05, 9.81214452622e-06],
        "mean": [9.2665950433e-06, 1.89283418877e-05, 9.89849559119e-06, 1.47234004544e-05, 0.000271728349617, 0.00147245766129, 0.000435091322288, 0.00304647604935, 0.00132636039052, 0.00100232823752, 0.000477916968521, 0.000396239949623, 0.00032834103331, 0.00025842996547, 0.000379023898859, 0.000404201477068, 0.000433453795267, 0.0002907992166, 8.27014955576e-05, 5.93053555349e-05, 9.44785733736e-06, 3.52362508238e-06, 2.11624774238e-06, 1.20835454709e-06, 8.424986504e-07, 4.3096596869e-07, 1.41648584417e-07],
        "min": [4.62706518032e-26, 2.73159210778e-25, 7.02780699066e-25, 8.94402112692e-25, 4.87810836747e-24, 4.95183727982e-24, 3.96210832787e-24, 3.52403217353e-24, 6.91981607426e-24, 6.46175925647e-24, 6.93963462678e-24, 1.07420656745e-23, 1.49127196379e-23, 1.89192432013e-23, 4.62905724885e-23, 4.81336229313e-23, 4.78914962759e-23, 7.14907404167e-23, 8.80673396754e-23, 1.3680622718e-22, 2.50415829049e-22, 2.96287295515e-22, 3.50581196364e-22, 4.25200369805e-22, 7.04006330955e-22, 1.14042387369e-21, 1.79335159987e-21],
        "stdev": [4.5329787099e-05, 0.000122168567032, 0.000104205370008, 0.000110425899038, 0.0015904965112, 0.0105732921511, 0.003975992091, 0.026608215645, 0.00725659262389, 0.00825251452625, 0.0042876098305, 0.00260772043839, 0.00126293976791, 0.000953860580921, 0.00151163327973, 0.00227923085913, 0.00448577757925, 0.00225601228885, 0.000397530442569, 0.000409960164689, 5.05138632434e-05, 1.51950262079e-05, 9.75486000243e-06, 5.07086497237e-06, 3.76455363948e-06, 1.62158971762e-06, 6.30326667306e-07]
    },
    "erbbands": {
        "max": [0.0430782809854, 0.61525785923, 2.83987283707, 2.60906982422, 15.6393957138, 84.814453125, 951.987548828, 786.661499023, 263.78137207, 4504.82861328, 8474.60351562, 3185.25830078, 4165.48583984, 2994.81469727, 2720.4375, 2076.38549805, 887.79473877, 444.193054199, 715.357849121, 939.062255859, 3891.01586914, 2445.13378906, 1816.20654297, 947.996398926, 107.847114563, 438.086761475, 72.6945648193, 22.085811615, 5.0602350235, 3.39653897285, 3.56850528717, 1.32164430618, 0.843583226204, 0.700870931149, 0.244520068169, 0.0592894218862, 0.02468916215, 0.00902898795903, 0.00122003641445, 0.000613539014012],
        "mean": [0.000630172027741, 0.00397910317406, 0.0120651517063, 0.0303952787071, 0.189089044929, 1.09468972683, 8.51247119904, 10.4054231644, 4.44694042206, 26.8337936401, 68.7353744507, 34.1182556152, 28.650308609, 26.6929206848, 19.837146759, 17.3859806061, 16.1967182159, 13.069401741, 16.6287059784, 20.4670829773, 29.8648834229, 19.4588699341, 17.2933921814, 8.58161354065, 2.4153034687, 3.33038640022, 0.974553644657, 0.291953295469, 0.142749965191, 0.0754849389195, 0.0570617355406, 0.0309644937515, 0.0176312513649, 0.0108862500638, 0.00518466811627, 0.00213849265128, 0.000775061256718, 0.000288521492621, 1.56023343152e-05, 1.32981404022e-05],
        "min": [1.11058299483e-23, 3.48015442047e-22, 1.65792702786e-21, 3.27937672356e-21, 7.68115231614e-21, 1.99130581593e-20, 3.06830563635e-20, 6.18442166587e-20, 4.29715869201e-20, 1.29179581341e-19, 1.90993121231e-19, 2.43054899633e-19, 2.89749271061e-19, 5.65931797799e-19, 7.63369521956e-19, 8.33923168521e-19, 9.53321623462e-19, 1.53681224262e-18, 2.2694568645e-18, 2.66519330444e-18, 2.48672495138e-18, 3.49845576245e-18, 4.65080603688e-18, 5.74315635199e-18, 5.0583699188e-18, 6.31006582557e-18, 8.73087316752e-18, 8.96631275809e-18, 8.41012809474e-18, 1.04631986469e-17, 1.05231187833e-17, 9.04362023096e-18, 8.13081898038e-18, 7.79020916519e-18, 5.56412634329e-18, 3.69816652723e-18, 2.17273897818e-18, 8.45947169303e-19, 2.26325817979e-19, 2.35516770399e-20],
        "stdev": [0.00300987903029, 0.0323300808668, 0.126214951277, 0.190525904298, 1.10921323299, 6.35931348801, 65.9210739136, 71.1640777588, 23.4144687653, 284.206085205, 597.767028809, 199.554016113, 244.155029297, 200.243392944, 161.270492554, 112.17301178, 67.0894775391, 47.6681671143, 66.1639785767, 87.4347839355, 222.400787354, 144.682434082, 132.010009766, 55.6120491028, 11.1694526672, 25.0928554535, 6.04816579819, 1.55822753906, 0.614139437675, 0.331192612648, 0.268787771463, 0.13022968173, 0.0755971521139, 0.0500492714345, 0.022178536281, 0.00811745785177, 0.00296052522026, 0.00111353595275, 7.07352082827e-05, 6.1327496951e-05]
    },
    "gfcc": {
        "mean": [-1092.53259277, 13.2157554626, -25.0536403656, -2.75467562675, -7.59143924713, -2.13993453979, -5.67147493362, 0.873003959656, -2.7711648941, 0.109032027423, -1.73707473278, 0.3173584342, -0.506740152836],
        "cov": [[184140.484375, 14446.2578125, -26736.0117188, -2929.5793457, -7982.43994141, -2282.12304688, -5995.75097656, 912.311218262, -2884.43188477, 145.210266113, -1756.47460938, 397.680084229, -431.698699951], [14446.2578125, 1323.41809082, -2054.84643555, -254.738616943, -629.37890625, -224.358535767, -463.668426514, 67.034362793, -227.412002563, -15.0647764206, -150.146774292, 8.14807033539, -40.8974494934], [-26736.0117188, -2054.84643555, 3927.57421875, 427.287902832, 1158.07006836, 335.694702148, 866.84753418, -141.039382935, 415.995574951, -29.4444541931, 241.95980835, -67.4039077759, 53.763168335], [-2929.5793457, -254.738616943, 427.287902832, 103.336006165, 165.731277466, 65.008934021, 89.7783432007, -16.8729152679, 46.3148040771, 5.87127685547, 30.4464473724, 5.12079143524, 8.39207649231], [-7982.43994141, -629.37890625, 1158.07006836, 165.731277466, 389.233306885, 128.586700439, 258.051452637, -40.7611656189, 129.259872437, 3.43745017052, 79.5857086182, -9.92027568817, 20.6906280518], [-2282.12304688, -224.358535767, 335.694702148, 65.008934021, 128.586700439, 88.4116134644, 73.2504196167, -17.3005104065, 36.4072418213, 10.8667488098, 20.3309516907, 2.26785564423, 3.75631999969], [-5995.75097656, -463.668426514, 866.84753418, 89.7783432007, 258.051452637, 73.2504196167, 209.792907715, -22.2043895721, 98.2896270752, -4.51693248749, 61.8664741516, -13.7975482941, 16.6763210297], [912.311218262, 67.034362793, -141.039382935, -16.8729152679, -40.7611656189, -17.3005104065, -22.2043895721, 15.961640358, -9.82483291626, 2.06910872459, -4.89741802216, 1.56074821949, -2.44886398315], [-2884.43188477, -227.412002563, 415.995574951, 46.3148040771, 129.259872437, 36.4072418213, 98.2896270752, -9.82483291626, 54.7444190979, 2.32846665382, 32.7575912476, -3.06496620178, 10.7140369415], [145.210266113, -15.0647764206, -29.4444541931, 5.87127685547, 3.43745017052, 10.8667488098, -4.51693248749, 2.06910872459, 2.32846665382, 11.9576349258, 7.29180669785, 7.56047916412, 3.68522429466], [-1756.47460938, -150.146774292, 241.95980835, 30.4464473724, 79.5857086182, 20.3309516907, 61.8664741516, -4.89741802216, 32.7575912476, 7.29180669785, 33.2900314331, 6.50402736664, 12.6971635818], [397.680084229, 8.14807033539, -67.4039077759, 5.12079143524, -9.92027568817, 2.26785564423, -13.7975482941, 1.56074821949, -3.06496620178, 7.56047916412, 6.50402736664, 16.0333061218, 7.06774806976], [-431.698699951, -40.8974494934, 53.763168335, 8.39207649231, 20.6906280518, 3.75631999969, 16.6763210297, -2.44886398315, 10.7140369415, 3.68522429466, 12.6971635818, 7.06774806976, 12.514503479]],
        "icov": [[0.00261753587984, -0.00630217324942, 0.00975992809981, -0.00716746365651, 0.0138778844848, -0.00665784953162, 0.00679890671745, -0.004187497776, -0.000956994481385, -0.0101640401408, 0.00649345479906, -0.000248065945925, -0.000885721005034], [-0.00630217324942, 0.0227749217302, -0.0169809348881, 0.0195052418858, -0.0392858795822, 0.0196556765586, -0.0144593771547, 0.0204770117998, -0.00608203373849, 0.0442806482315, -0.0206797178835, 0.00864020548761, 0.00749791273847], [0.00975992809981, -0.0169809348881, 0.0551296211779, -0.026881005615, 0.0380554869771, -0.0161356776953, -0.00343956123106, 0.0367065481842, -0.0330276042223, -0.0106707056984, 0.015957666561, 0.00618921080604, 0.0277921818197], [-0.00716746365651, 0.0195052418858, -0.026881005615, 0.0796026363969, -0.086991712451, 0.0156590007246, 0.00217170407996, -0.01354133524, 0.0282665379345, 0.0400387197733, -0.00564852543175, -0.0354631841183, 0.00194872589782], [0.0138778844848, -0.0392858795822, 0.0380554869771, -0.086991712451, 0.152462512255, -0.0537746399641, 0.0290456153452, -0.0205935537815, -0.031061951071, -0.0760921835899, 0.0181089229882, 0.0217130351812, -0.0151107888669], [-0.00665784953162, 0.0196556765586, -0.0161356776953, 0.0156590007246, -0.0537746399641, 0.0705174729228, -0.0620314739645, 0.0577170029283, 0.0114109832793, -0.0431403182447, 0.0409600958228, -0.028334422037, 0.0324604175985], [0.00679890671745, -0.0144593771547, -0.00343956123106, 0.00217170407996, 0.0290456153452, -0.0620314739645, 0.191113844514, -0.140669614077, -0.0126607175916, 0.0702867880464, -0.0759898722172, 0.0572713166475, -0.0761031508446], [-0.004187497776, 0.0204770117998, 0.0367065481842, -0.01354133524, -0.0205935537815, 0.0577170029283, -0.140669614077, 0.289693683386, -0.105769693851, 0.00999404955655, -0.015781512484, 0.00322924484499, 0.13651432097], [-0.000956994481385, -0.00608203373849, -0.0330276042223, 0.0282665379345, -0.031061951071, 0.0114109832793, -0.0126607175916, -0.105769693851, 0.231718406081, -0.107034489512, 0.0431734137237, -0.0301985777915, -0.0794606134295], [-0.0101640401408, 0.0442806482315, -0.0106707056984, 0.0400387197733, -0.0760921835899, -0.0431403182447, 0.0702867880464, 0.00999404955655, -0.107034489512, 0.418994873762, -0.222637116909, 0.05171424523, 0.0250650476664], [0.00649345479906, -0.0206797178835, 0.015957666561, -0.00564852543175, 0.0181089229882, 0.0409600958228, -0.0759898722172, -0.015781512484, 0.0431734137237, -0.222637116909, 0.286722421646, -0.123307809234, -0.0450812727213], [-0.000248065945925, 0.00864020548761, 0.00618921080604, -0.0354631841183, 0.0217130351812, -0.028334422037, 0.0572713166475, 0.00322924484499, -0.0301985777915, 0.05171424523, -0.123307809234, 0.220922335982, -0.0752449408174], [-0.000885721005034, 0.00749791273847, 0.0277921818197, 0.00194872589782, -0.0151107888669, 0.0324604175985, -0.0761031508446, 0.13651432097, -0.0794606134295, 0.0250650476664, -0.0450812727213, -0.0752449408174, 0.245400637388]]
    },
    "melbands": {
        "max": [0.000425986130722, 0.0012281810632, 0.000831469369587, 0.00242364779115, 0.0253926701844, 0.018255379051, 0.00463088881224, 0.065025664866, 0.0679310560226, 0.0200650952756, 0.0215049739927, 0.0133261159062, 0.011095748283, 0.00217046495527, 0.00739227468148, 0.00107340642717, 0.000758643320296, 0.00131788232829, 0.00136907398701, 0.00104989483953, 0.00666614482179, 0.00379942427389, 0.00120634096675, 0.0019948433619, 0.000683709629811, 0.000173251508386, 4.38307870354e-05, 0.000408614228945, 6.74181501381e-05, 7.00968803358e-06, 1.35987493195e-05, 3.65160258298e-06, 2.33919854509e-06, 2.05706396628e-06, 2.79695109384e-06, 9.28806002776e-07, 7.79759659508e-07, 5.91998002619e-07, 7.23671803371e-07, 5.09071867327e-07],
        "mean": [5.99073791818e-06, 5.93716777075e-06, 8.8956367108e-06, 3.72914837499e-05, 0.000245608855039, 0.000243797869189, 6.59983561491e-05, 0.000361229293048, 0.000539720058441, 0.000186983292224, 0.000140154821565, 0.00011040361278, 7.11487300578e-05, 3.80469646188e-05, 4.92085600854e-05, 2.9921917303e-05, 2.3091379262e-05, 2.57581141341e-05, 2.912833952e-05, 2.35039278778e-05, 3.93990449084e-05, 2.16638018173e-05, 1.32561008286e-05, 1.67125217558e-05, 5.98284850639e-06, 2.41717316385e-06, 8.66899824814e-07, 2.78196625914e-06, 7.07060678451e-07, 1.78092392389e-07, 1.47347620327e-07, 8.50409875852e-08, 5.06499944208e-08, 4.00995041616e-08, 3.61588163855e-08, 2.41683011382e-08, 1.65310947153e-08, 1.27385852977e-08, 1.0366361991e-08, 8.69125926783e-09],
        "min": [8.6757455568e-26, 1.31881904186e-24, 8.44338633064e-25, 1.01672850529e-24, 9.09998878865e-25, 1.32764807171e-24, 6.43209078947e-25, 1.4154241316e-24, 1.48617834809e-24, 1.18947011087e-24, 1.36542780376e-24, 1.86577318669e-24, 1.97473203543e-24, 1.92877792947e-24, 6.97079946431e-25, 1.3461476488e-24, 1.65689563798e-24, 3.00687389673e-24, 2.82790975633e-24, 3.76695873385e-24, 2.53288583575e-24, 3.04227935466e-24, 4.15327930192e-24, 2.69191782766e-24, 3.40290376483e-24, 2.51513232386e-24, 3.48003818971e-24, 3.69575102095e-24, 4.39881896399e-24, 4.14450874638e-24, 4.77618201649e-24, 4.23855871565e-24, 4.5540817785e-24, 5.12201982063e-24, 5.36019507172e-24, 4.28632384903e-24, 5.10467158603e-24, 5.09631715461e-24, 5.40733345511e-24, 5.58629562336e-24],
        "stdev": [2.97199730994e-05, 5.60981643503e-05, 5.7062250562e-05, 0.000203212141059, 0.00180574285332, 0.0016719463747, 0.000386349041946, 0.00370381399989, 0.00455430755392, 0.00116506940685, 0.00123554561287, 0.000882134540007, 0.00065317878034, 0.000178433765541, 0.000351102207787, 0.000114400005259, 8.53339879541e-05, 0.000110665620014, 0.000121468619909, 9.78951502475e-05, 0.000342998100678, 0.000187553901924, 9.31551257963e-05, 0.000137460476253, 3.73620896426e-05, 1.31048545882e-05, 3.64708876077e-06, 2.29543093155e-05, 4.69984252049e-06, 7.99471933988e-07, 8.29351051834e-07, 3.69599433725e-07, 2.18332075974e-07, 1.87797880358e-07, 1.84404171932e-07, 9.9680946164e-08, 7.11770411499e-08, 5.48253957788e-08, 4.79675605902e-08, 3.94571983975e-08]
    },
    "melbands128": {
        "max": [0.000270654185442, 0.000284571462544, 0.00066795485327, 0.00133481598459, 0.00171821331605, 0.00093758571893, 0.00052841170691, 0.00108926929533, 0.00214684661478, 0.0025601182133, 0.00518717430532, 0.0120688080788, 0.0339652746916, 0.0563319660723, 0.0269097238779, 0.0218316148967, 0.0053926394321, 0.00673351250589, 0.0127520943061, 0.0737439244986, 0.138840675354, 0.0994893312454, 0.124897018075, 0.0129551663995, 0.0312651507556, 0.0212892796844, 0.0254587344825, 0.0372399128973, 0.0234914533794, 0.0277305319905, 0.0109997838736, 0.0107010006905, 0.0208529252559, 0.00852272473276, 0.00127621740103, 0.00124744325876, 0.00829328224063, 0.0140327019617, 0.0019065705128, 0.00149649148807, 0.00110111059621, 0.00220820261165, 0.00087545713177, 0.00111419113819, 0.00125931424554, 0.00289436546154, 0.000776510918513, 0.00118248106446, 0.00337083428167, 0.00174271548167, 0.000755188404582, 0.00170979031827, 0.00715157575905, 0.014903858304, 0.0108065158129, 0.00134284945671, 0.00381963839754, 0.00278026657179, 0.000520471599884, 0.00463427230716, 0.00433843303472, 0.00458142906427, 0.00041068851715, 0.00045862668776, 0.000505745119881, 0.000351503927959, 9.82431593002e-05, 7.02693141648e-05, 3.89498236473e-05, 5.54978541913e-05, 0.000777712790295, 0.000431648571976, 0.000143189550727, 6.61787053104e-05, 8.204842743e-06, 8.22597212391e-06, 1.1091486158e-05, 2.35417865042e-05, 1.38436944326e-05, 7.97829943622e-06, 4.47070760856e-06, 3.51522362507e-06, 3.8340899664e-06, 2.43706995207e-06, 1.25673011553e-06, 2.16401622311e-06, 2.26066845244e-06, 3.84948407373e-06, 3.93316031477e-06, 1.77043716576e-06, 1.32971524636e-06, 6.64617914481e-07, 8.11958670965e-07, 7.43699729355e-07, 8.85179588295e-07, 6.77302296026e-07, 5.64998686059e-07, 7.26672908513e-07, 5.87985596212e-07, 8.48721356306e-07, 8.51856100326e-07, 2.72328179562e-07, 4.53072487971e-07, 4.29688668646e-07, 3.77951863584e-07, 1.59615865414e-07, 1.605256017e-07, 1.20792691405e-07, 1.34044270794e-07, 1.0083574864e-07, 1.37565820069e-07, 1.0310800036e-07, 8.55083897022e-08, 7.15631642834e-08, 8.15966672008e-08, 1.06396342403e-07, 1.4029457418e-07, 3.39718866371e-08, 3.5562077727e-08, 3.47185320493e-08, 3.37009176121e-08, 3.44942634456e-08, 3.39515580094e-08, 3.30236638035e-08, 3.24967110998e-08, 3.2714162046e-08, 3.22413917786e-08, 3.209680699e-08],
        "mean": [6.16804254605e-06, 5.80369305681e-06, 5.47808167539e-06, 7.11681559551e-06, 6.73517570249e-06, 4.39912400907e-06, 4.42518785349e-06, 8.89140846994e-06, 1.68295264302e-05, 2.80120784737e-05, 5.27692791366e-05, 9.01602834347e-05, 0.000266890332568, 0.000512634869665, 0.000255900464254, 0.00011042044207, 5.47305171494e-05, 4.74424305139e-05, 6.86446219333e-05, 0.000309793831548, 0.000473836436868, 0.000615432683844, 0.000689360138495, 0.000267826777417, 0.000212964951061, 0.000129942505737, 0.000148254126543, 0.000152206805069, 0.000112887675641, 0.000159172777785, 8.53591845953e-05, 6.09542512393e-05, 9.84104262898e-05, 5.34246100869e-05, 3.16661062243e-05, 2.66124116024e-05, 5.89402297919e-05, 5.88479379076e-05, 3.79062839784e-05, 3.3148611692e-05, 2.76289301837e-05, 2.61925688392e-05, 2.21538102778e-05, 2.20363326662e-05, 2.39035853156e-05, 3.00553365378e-05, 2.26497450058e-05, 2.64879599854e-05, 3.66224558093e-05, 2.55991817539e-05, 1.84293894563e-05, 2.0770199626e-05, 4.08695159422e-05, 5.28401433257e-05, 3.13860946335e-05, 1.18038469736e-05, 2.08865185414e-05, 1.2951073586e-05, 6.28568022876e-06, 2.11357182707e-05, 1.96608198166e-05, 1.4546921193e-05, 4.84978181703e-06, 4.88003843202e-06, 4.20162632508e-06, 2.79573509943e-06, 9.64379410107e-07, 8.34859861243e-07, 7.87125316037e-07, 9.29301620545e-07, 3.87717227568e-06, 3.14775775223e-06, 8.35559433199e-07, 5.20083631272e-07, 2.03251033781e-07, 1.67918784655e-07, 1.52004020038e-07, 2.17833417082e-07, 1.23396276308e-07, 1.21633945582e-07, 8.39508587092e-08, 7.64648646623e-08, 6.91456989443e-08, 4.8284181986e-08, 3.40271242294e-08, 3.61521017567e-08, 4.27049577922e-08, 4.81431357002e-08, 3.63863712494e-08, 2.5956452987e-08, 2.93236936955e-08, 2.13362838508e-08, 2.05731911507e-08, 1.6338791653e-08, 1.45758782821e-08, 1.40336089416e-08, 1.21782592899e-08, 1.10109521501e-08, 1.0355480029e-08, 1.0025964059e-08, 1.00494625954e-08, 7.65866126073e-09, 8.54771897707e-09, 6.85810919165e-09, 5.837510475e-09, 4.53722126537e-09, 4.44187042703e-09, 3.88128906792e-09, 3.64742347436e-09, 3.29911920005e-09, 3.04127167894e-09, 2.79415091065e-09, 2.20444285048e-09, 2.1358870228e-09, 1.44559353377e-09, 2.89313373258e-09, 4.43517977899e-09, 2.29574290134e-10, 9.78544051344e-11, 1.01420212506e-10, 9.21789658492e-11, 9.59257465127e-11, 8.95671245504e-11, 8.1583143019e-11, 7.52867421183e-11, 6.68641045309e-11, 6.06431502237e-11, 5.96709834322e-11],
        "min": [9.29038483628e-27, 1.03175610832e-26, 3.14115815108e-26, 5.16581804369e-26, 2.25125001872e-25, 2.46174448577e-25, 2.25996643869e-25, 2.74711393216e-25, 2.92390949394e-25, 2.75726016252e-25, 1.51905323884e-25, 6.00861361552e-26, 1.62213172118e-25, 4.04735687742e-25, 3.05098265981e-25, 2.54476864478e-25, 2.94773703758e-25, 3.27498760246e-25, 5.00640121092e-25, 3.3160818322e-25, 5.05159209395e-25, 1.43044382137e-25, 3.63737255295e-25, 5.43850519517e-25, 3.623676202e-25, 4.43710001714e-25, 3.78888709486e-25, 5.75685543689e-25, 6.7647287813e-25, 5.41253589417e-25, 8.38396439688e-25, 6.17303675681e-25, 7.68064165177e-25, 6.84019861107e-25, 9.32341293245e-25, 8.446395835e-25, 5.90760429069e-25, 3.05912123917e-25, 3.50064397611e-25, 7.9593866387e-25, 1.22116535875e-24, 1.3159493631e-24, 6.92492227229e-25, 4.12423235871e-25, 1.13236022982e-24, 1.22671824927e-24, 1.02019190049e-24, 8.6299736284e-25, 1.44718140367e-24, 1.26857363118e-24, 1.08182974453e-24, 1.22427287907e-24, 1.42101409858e-24, 1.01017247952e-24, 1.06476697897e-24, 6.4865917103e-25, 1.65628722901e-24, 1.91946148218e-24, 1.31230265635e-24, 1.73158558013e-24, 1.63479520668e-24, 1.65948803213e-24, 1.23435185904e-24, 9.61072297667e-25, 1.3289871631e-24, 1.92553492229e-24, 1.37671462837e-24, 2.08492525426e-24, 1.57903506663e-24, 1.54609075612e-24, 2.19557009597e-24, 1.66245848787e-24, 2.28484725955e-24, 2.74936149549e-24, 1.29534954246e-24, 2.66902823964e-24, 2.63364960297e-24, 2.25314195369e-24, 3.17816695647e-24, 2.65732627697e-24, 2.22935858626e-24, 2.7276289692e-24, 2.09449393983e-24, 2.11906892918e-24, 3.14881206168e-24, 2.80442122566e-24, 2.74718483104e-24, 2.42238101686e-24, 3.02989128022e-24, 3.59128335456e-24, 3.20784627031e-24, 2.60636369312e-24, 2.95792566921e-24, 3.48653051496e-24, 3.40318104943e-24, 2.76070215986e-24, 3.81211431536e-24, 3.46164510884e-24, 2.8523088297e-24, 3.35274996062e-24, 3.86011610701e-24, 2.67193913638e-24, 2.90211119636e-24, 3.82796608082e-24, 2.87774367743e-24, 4.02500696886e-24, 4.38776465613e-24, 4.70528314263e-24, 4.32921303316e-24, 4.52901769539e-24, 4.07479710819e-24, 4.10488189653e-24, 3.80151715239e-24, 3.8445719973e-24, 4.71679065109e-24, 3.79779333448e-24, 4.26012459508e-24, 4.21689462304e-24, 4.85452694843e-24, 3.71912260299e-24, 3.89217265318e-24, 4.64766868642e-24, 4.80581320981e-24, 5.11811732573e-24, 4.67972720475e-24, 4.91209920058e-24, 4.80289718547e-24, 4.90884791036e-24],
        "stdev": [2.73533205473e-05, 2.73228433798e-05, 3.44874169969e-05, 6.51336667943e-05, 7.58731475798e-05, 4.35364745499e-05, 2.94819346891e-05, 7.25163627067e-05, 0.000129097985337, 0.000166293844813, 0.000378716184059, 0.000675676215906, 0.0021839288529, 0.00446646753699, 0.0019361237064, 0.00102281151339, 0.00035129810567, 0.000399092328735, 0.000674042326864, 0.00394533341751, 0.00644678482786, 0.00619873637334, 0.00752214761451, 0.00144720694516, 0.00183357740752, 0.00123322405852, 0.00129818264395, 0.00196128711104, 0.00131134304684, 0.00163210649043, 0.000782503455412, 0.000510636426043, 0.00116670597345, 0.000417498289607, 0.000138707371661, 0.000115862465464, 0.000499486224726, 0.000615537515841, 0.000169722261489, 0.000142494842294, 0.000113633206638, 0.000127177583636, 9.2136033345e-05, 9.07407375053e-05, 0.00010817949078, 0.000168031227076, 8.80605730345e-05, 0.000111364810436, 0.000205645686947, 0.000133000736241, 7.64079595683e-05, 0.000106695042632, 0.000344306376064, 0.000670181820169, 0.000468533864478, 7.97822722234e-05, 0.000204806623515, 0.000129199106595, 3.64828047168e-05, 0.000230173653108, 0.000208295823541, 0.000200632799533, 2.86569793388e-05, 3.22949053952e-05, 2.95617155643e-05, 1.94330859813e-05, 5.74784053242e-06, 4.24793051934e-06, 3.24249572259e-06, 4.93561901749e-06, 3.88219305023e-05, 2.60963988694e-05, 7.15006126484e-06, 4.03710282626e-06, 8.7516923486e-07, 7.89847092619e-07, 7.65913341638e-07, 1.48581534631e-06, 7.26487257907e-07, 6.64061815314e-07, 3.78349540142e-07, 3.50420236828e-07, 3.10475883225e-07, 2.21116806642e-07, 1.41028550615e-07, 1.6873073605e-07, 2.08288525982e-07, 2.71333306046e-07, 2.22569880748e-07, 1.21245633977e-07, 1.32064087666e-07, 8.46903205343e-08, 9.01788936858e-08, 7.27678326484e-08, 6.70828015359e-08, 6.22037745757e-08, 5.25940073715e-08, 5.02574302175e-08, 4.69660257352e-08, 5.09398496717e-08, 5.29014378969e-08, 3.30870157939e-08, 3.85237051148e-08, 3.2691417573e-08, 2.78654503916e-08, 1.82647372782e-08, 1.8523598655e-08, 1.48244385656e-08, 1.4419711647e-08, 1.26523191923e-08, 1.25433032849e-08, 1.11633680078e-08, 8.89864271159e-09, 8.45668068905e-09, 5.95079940879e-09, 1.15196261419e-08, 1.72711835944e-08, 1.57157731273e-09, 1.51663859249e-09, 1.48344647677e-09, 1.43705569666e-09, 1.47164413988e-09, 1.44719858319e-09, 1.40706257756e-09, 1.38439271158e-09, 1.39352029915e-09, 1.37348565854e-09, 1.36735067713e-09]
    },
    "mfcc": {
        "mean": [-1181.62341309, 20.444065094, -9.71207332611, -0.73918902874, -1.4931845665, -2.55724310875, -1.85452675819, -0.764305114746, -0.686940670013, -0.239942759275, -0.813089191914, -0.34728872776, -0.351897746325],
        "cov": [[45271.4296875, 10640.8623047, -5327.32763672, -437.993499756, -803.197021484, -1314.93774414, -982.81842041, -408.303039551, -375.389068604, -126.266281128, -433.781799316, -166.551727295, -166.515686035], [10640.8623047, 2740.12695312, -1220.63037109, -93.6703033447, -221.56413269, -365.413208008, -248.927429199, -102.820152283, -85.8392486572, -34.6624069214, -112.008018494, -50.6461753845, -58.1151161194], [-5327.32763672, -1220.63037109, 664.820861816, 47.3759002686, 90.4567260742, 158.494827271, 111.902778625, 45.3525123596, 47.9292411804, 9.20375156403, 45.6239128113, 19.7691059113, 14.6033258438], [-437.993499756, -93.6703033447, 47.3759002686, 37.0111541748, 22.8594074249, 12.3329391479, 10.3460302353, 7.82273101807, 3.38775658607, -1.21890628338, 5.25501680374, 2.63007307053, 0.607165396214], [-803.197021484, -221.56413269, 90.4567260742, 22.8594074249, 57.0814323425, 60.10206604, 26.6860523224, 9.95564842224, 9.23772525787, 3.77210950851, 12.3227071762, 2.55275011063, 7.39379453659], [-1314.93774414, -365.413208008, 158.494827271, 12.3329391479, 60.10206604, 90.6940536499, 42.974407196, 15.9815979004, 16.2837791443, 4.94099092484, 15.7052059174, 6.09569787979, 11.123257637], [-982.81842041, -248.927429199, 111.902778625, 10.3460302353, 26.6860523224, 42.974407196, 34.0221328735, 13.809179306, 9.36512184143, 7.91387033463, 12.379160881, 3.02420592308, 7.10252189636], [-408.303039551, -102.820152283, 45.3525123596, 7.82273101807, 9.95564842224, 15.9815979004, 13.809179306, 12.5687437057, 6.45641374588, 3.80135273933, 6.6092505455, 1.69207751751, 3.42238020897], [-375.389068604, -85.8392486572, 47.9292411804, 3.38775658607, 9.23772525787, 16.2837791443, 9.36512184143, 6.45641374588, 11.5230226517, 2.32542467117, 2.60820364952, 3.04083347321, 1.06472933292], [-126.266281128, -34.6624069214, 9.20375156403, -1.21890628338, 3.77210950851, 4.94099092484, 7.91387033463, 3.80135273933, 2.32542467117, 12.5905704498, 7.40779066086, -3.52304244041, 2.39010691643], [-433.781799316, -112.008018494, 45.6239128113, 5.25501680374, 12.3227071762, 15.7052059174, 12.379160881, 6.6092505455, 2.60820364952, 7.40779066086, 12.4922924042, 1.27005171776, 5.18726825714], [-166.551727295, -50.6461753845, 19.7691059113, 2.63007307053, 2.55275011063, 6.09569787979, 3.02420592308, 1.69207751751, 3.04083347321, -3.52304244041, 1.27005171776, 9.31510925293, 3.76785421371], [-166.515686035, -58.1151161194, 14.6033258438, 0.607165396214, 7.39379453659, 11.123257637, 7.10252189636, 3.42238020897, 1.06472933292, 2.39010691643, 5.18726825714, 3.76785421371, 7.49614810944]],
        "icov": [[0.00152360345237, -0.00290593039244, 0.00683151977137, 0.000298106606351, 0.00315915490501, -0.00743303680792, 0.00625826930627, -0.0020757035818, 0.00447864923626, -0.00391222396865, 0.00442220410332, -0.00467031495646, 0.000813385879155], [-0.00290593039244, 0.00908875465393, -0.00800750497729, -0.000895936565939, -0.00563397631049, 0.017064537853, -0.00860763434321, 0.00655776495114, -0.0145289730281, 0.0101327905431, -0.00617671664804, 0.0150907170027, 0.00250245630741], [0.00683151977137, -0.00800750497729, 0.0440781340003, -0.00278180884197, 0.022585272789, -0.0335077978671, 0.0142585337162, 0.00587921217084, -0.00592858437449, 0.00555113423616, -0.00084464502288, -0.00753298867494, 0.0187218096107], [0.000298106606351, -0.000895936565939, -0.00278180884197, 0.0701891332865, -0.067044429481, 0.0489326007664, -0.0146563444287, -0.0428051166236, 0.0152027411386, 0.0143787954003, 0.00278879911639, -0.0271467380226, 0.0313306860626], [0.00315915490501, -0.00563397631049, 0.022585272789, -0.067044429481, 0.138341963291, -0.111023165286, 0.0275335460901, 0.0445174239576, -0.0133743723854, 0.000592642463744, -0.035237763077, 0.0321553535759, -0.0202603563666], [-0.00743303680792, 0.017064537853, -0.0335077978671, 0.0489326007664, -0.111023165286, 0.148253723979, -0.0893571972847, 0.00447258958593, -0.0554059781134, 0.0618475787342, -0.0160287152976, 0.028236174956, -0.0143135134131], [0.00625826930627, -0.00860763434321, 0.0142585337162, -0.0146563444287, 0.0275335460901, -0.0893571972847, 0.218716114759, -0.0958783403039, 0.0849212035537, -0.128058567643, 0.0844097584486, -0.0431483201683, -0.0202796049416], [-0.0020757035818, 0.00655776495114, 0.00587921217084, -0.0428051166236, 0.0445174239576, 0.00447258958593, -0.0958783403039, 0.239345058799, -0.137349829078, 0.0796133503318, -0.106184281409, 0.077785231173, -0.0437255986035], [0.00447864923626, -0.0145289730281, -0.00592858437449, 0.0152027411386, -0.0133743723854, -0.0554059781134, 0.0849212035537, -0.137349829078, 0.277162313461, -0.16329164803, 0.137806147337, -0.152100637555, 0.0686068385839], [-0.00391222396865, 0.0101327905431, 0.00555113423616, 0.0143787954003, 0.000592642463744, 0.0618475787342, -0.128058567643, 0.0796133503318, -0.16329164803, 0.310268759727, -0.215199902654, 0.172431871295, -0.0411869138479], [0.00442220410332, -0.00617671664804, -0.00084464502288, 0.00278879911639, -0.035237763077, -0.0160287152976, 0.0844097584486, -0.106184281409, 0.137806147337, -0.215199902654, 0.342190623283, -0.0884223133326, -0.0644981190562], [-0.00467031495646, 0.0150907170027, -0.00753298867494, -0.0271467380226, 0.0321553535759, 0.028236174956, -0.0431483201683, 0.077785231173, -0.152100637555, 0.172431871295, -0.0884223133326, 0.292749971151, -0.157457306981], [0.000813385879155, 0.00250245630741, 0.0187218096107, 0.0313306860626, -0.0202603563666, -0.0143135134131, -0.0202796049416, -0.0437255986035, 0.0686068385839, -0.0411869138479, -0.0644981190562, -0.157457306981, 0.339425384998]]
    },
    "spectral_contrast_coeffs": {
        "max": [-0.306066989899, -0.391433417797, -0.546692609787, -0.712858915329, -0.596307098866, -0.700838387012],
        "mean": [-0.915100991726, -0.926495313644, -0.934736430645, -0.940538764, -0.931274175644, -0.935208201408],
        "min": [-0.981742024422, -0.981481969357, -0.977458357811, -0.974428296089, -0.970123291016, -0.965240478516],
        "stdev": [0.127550274134, 0.105956785381, 0.0715795084834, 0.0547455623746, 0.0758115947247, 0.0626338347793]
    },
    "spectral_contrast_valleys": {
        "max": [-6.70676422119, -4.98978042603, -5.20755529404, -5.01958084106, -6.11075878143, -9.08465862274],
        "mean": [-24.5605278015, -24.2975006104, -24.3546562195, -24.3175392151, -24.4908065796, -24.973657608],
        "min": [-28.1199359894, -28.4777622223, -27.9886569977, -27.7297477722, -27.625667572, -27.4206485748],
        "stdev": [6.57382631302, 7.17830467224, 7.18883180618, 7.15259695053, 6.8161649704, 5.61682653427]
    }
},
"rhythm": {
    "beats_count": 29,
    "beats_loudness": {
        "max": 0.505566716194,
        "mean": 0.0250331759453,
        "min": 0,
        "stdev": 0.0939773395658
    },
    "bpm": 121.225883484,
    "bpm_histogram_first_peak_bpm": 120,
    "bpm_histogram_first_peak_weight": 0.363636374474,
    "bpm_histogram_second_peak_bpm": 152,
    "bpm_histogram_second_peak_spread": 0,
    "bpm_histogram_second_peak_weight": 0.142857149243,
    "danceability": 1.34420406818,
    "onset_rate": 0.54861664772,
    "beats_loudness_band_ratio": {
        "max": [0.0109366560355, 0.31528532505, 0.833925426006, 0.233331531286, 0.252670884132, 0.169759482145],
        "mean": [0.000910903094336, 0.0179457906634, 0.108442731202, 0.0222319886088, 0.0203933827579, 0.00712674995884],
        "min": [0, 0, 0, 0, 0, 0],
        "stdev": [0.00243962951936, 0.0590682886541, 0.247382193804, 0.0540029481053, 0.0597676001489, 0.0310021732002]
    },
    "beats_position": [0.487619042397, 0.986848056316, 1.48607707024, 1.98530614376, 2.47292518616, 2.96054410934, 3.44816327095, 3.94739222527, 4.446621418, 4.94585037231, 5.44507932663, 5.93269824982, 6.39709758759, 6.86149644852, 7.32589578629, 7.72063493729, 8.11537361145, 8.51011276245, 8.90485286713, 9.27637195587, 9.64789104462, 10.0194101334, 10.3909292221, 10.7508392334, 11.110748291, 11.4590473175, 11.807346344, 12.144036293, 12.4691152573],
    "bpm_histogram": [0, 0, 0, 0, 0, 0, 0, 0, 0, 0, 0, 0, 0, 0, 0, 0, 0, 0, 0, 0, 0, 0, 0, 0, 0, 0, 0, 0, 0, 0, 0, 0, 0, 0, 0, 0, 0, 0, 0, 0, 0, 0, 0, 0, 0, 0, 0, 0, 0, 0, 0, 0, 0, 0, 0, 0, 0, 0, 0, 0, 0, 0, 0, 0, 0, 0, 0, 0, 0, 0, 0, 0, 0, 0, 0, 0, 0, 0, 0, 0, 0, 0, 0, 0, 0, 0, 0, 0, 0, 0, 0, 0, 0, 0, 0, 0, 0, 0, 0, 0, 0, 0, 0, 0, 0, 0, 0, 0, 0, 0, 0, 0, 0, 0, 0, 0, 0, 0, 0, 0, 0.25, 0, 0, 0.142857149243, 0, 0, 0, 0, 0, 0.107142858207, 0, 0, 0, 0, 0, 0, 0, 0, 0, 0, 0, 0, 0, 0, 0, 0, 0, 0, 0, 0, 0, 0, 0.142857149243, 0, 0, 0, 0, 0, 0, 0, 0, 0.142857149243, 0, 0, 0, 0, 0, 0.0714285746217, 0, 0, 0, 0, 0.0714285746217, 0, 0, 0, 0, 0, 0.0357142873108, 0, 0, 0, 0, 0, 0, 0.0357142873108, 0, 0, 0, 0, 0, 0, 0, 0, 0, 0, 0, 0, 0, 0, 0, 0, 0, 0, 0, 0, 0, 0, 0, 0, 0, 0, 0, 0, 0, 0, 0, 0, 0, 0, 0, 0, 0, 0, 0, 0, 0, 0, 0, 0, 0, 0, 0, 0, 0, 0, 0, 0, 0, 0, 0, 0, 0, 0, 0, 0, 0, 0, 0, 0]
},
"tonal": {
    "chords_changes_rate": 0.0398550741374,
    "chords_number_rate": 0.0253623183817,
