{
"metadata": {
    "version": {
        "essentia": "2.1-beta5",
        "essentia_git_sha": "Undefined",
        "extractor": "music 2.0"
    },
    "audio_properties": {
        "analysis": {
            "equal_loudness": 0,
            "length": 48.7502937317,
            "sample_rate": 44100,
            "start_time": 12.7477550507,
            "downmix": "mix"
        },
        "bit_rate": 192000,
        "length": 223.259872437,
        "lossless": 0,
        "number_channels": 2,
        "replay_gain": 1.31666374207,
        "sample_rate": 48000,
        "codec": "mp3",
        "md5_encoded": "2103eca8a828f7e20366bead31b86727"
    },
    "tags": {
        "file_name": "Spain_Todo Esto Es La Música_Serafin.mp3",
        "encoding": ["Lavf58.29.100"]
    }
},
"lowlevel": {
    "average_loudness": 0.846491217613,
    "barkbands_crest": {
        "max": 24.6968326569,
        "mean": 8.35033416748,
        "min": 2.39160513878,
        "stdev": 3.6487402916
    },
    "barkbands_flatness_db": {
        "max": 0.326294541359,
        "mean": 0.127073049545,
        "min": 0.0136787444353,
        "stdev": 0.0458272770047
    },
    "barkbands_kurtosis": {
        "max": 45.1706085205,
        "mean": 2.78654408455,
        "min": -1.83580863476,
        "stdev": 5.21199941635
    },
    "barkbands_skewness": {
        "max": 5.83619689941,
        "mean": 0.975317418575,
        "min": -4.88892173767,
        "stdev": 1.25414657593
    },
    "barkbands_spread": {
        "max": 99.2096481323,
        "mean": 24.5321235657,
        "min": 1.86873364449,
        "stdev": 19.1021823883
    },
    "dissonance": {
        "max": 0.5,
        "mean": 0.461092412472,
        "min": 0.247172996402,
        "stdev": 0.0368853136897
    },
    "dynamic_complexity": 4.68051099777,
    "erbbands_crest": {
        "max": 28.1976470947,
        "mean": 8.49687767029,
        "min": 2.46874141693,
        "stdev": 4.32308769226
    },
    "erbbands_flatness_db": {
        "max": 0.358385384083,
        "mean": 0.178311794996,
        "min": 0.0519440174103,
        "stdev": 0.0638624802232
    },
    "erbbands_kurtosis": {
        "max": 37.0898475647,
        "mean": 0.943982362747,
        "min": -1.74900436401,
        "stdev": 3.54520893097
    },
    "erbbands_skewness": {
        "max": 4.65927362442,
        "mean": 0.305640488863,
        "min": -5.19401311874,
        "stdev": 0.999973893166
    },
    "erbbands_spread": {
        "max": 127.682250977,
        "mean": 36.5305976868,
        "min": 3.87965536118,
        "stdev": 23.9460449219
    },
    "hfc": {
        "max": 888.667236328,
        "mean": 21.1031093597,
        "min": 0.261057913303,
        "stdev": 52.346988678
    },
    "loudness_ebu128": {
        "integrated": -25.5622940063,
        "loudness_range": 6.72597885132,
        "momentary": {
            "max": -19.8187770844,
            "mean": -28.0043792725,
            "min": -44.8095397949,
            "stdev": 5.22085475922
        },
        "short_term": {
            "max": -23.5452518463,
            "mean": -26.9209308624,
            "min": -40.1331863403,
            "stdev": 3.61727237701
        }
    },
    "melbands_crest": {
        "max": 32.2511749268,
        "mean": 11.9485063553,
        "min": 3.0794107914,
        "stdev": 5.82203674316
    },
    "melbands_flatness_db": {
        "max": 0.385883063078,
        "mean": 0.166311949492,
        "min": 0.0469243898988,
        "stdev": 0.0510290078819
    },
    "melbands_kurtosis": {
        "max": 140.093399048,
        "mean": 8.92737770081,
        "min": -1.89725863934,
        "stdev": 12.8339939117
    },
    "melbands_skewness": {
        "max": 9.46335220337,
        "mean": 1.89110791683,
        "min": -1.84597051144,
        "stdev": 1.62324893475
    },
    "melbands_spread": {
        "max": 255.812957764,
        "mean": 29.7763748169,
        "min": 2.00553560257,
        "stdev": 30.0564022064
    },
    "pitch_salience": {
        "max": 0.89832419157,
        "mean": 0.638152956963,
        "min": 0.216405600309,
        "stdev": 0.1212432459
    },
    "silence_rate_20dB": {
        "max": 1,
        "mean": 1,
        "min": 1,
        "stdev": 0
    },
    "silence_rate_30dB": {
        "max": 1,
        "mean": 0.995240390301,
        "min": 0,
        "stdev": 0.0688264966011
    },
    "silence_rate_60dB": {
        "max": 1,
        "mean": 0.183246076107,
        "min": 0,
        "stdev": 0.386862248182
    },
    "spectral_centroid": {
        "max": 6614.95996094,
        "mean": 1546.93579102,
        "min": 279.361694336,
        "stdev": 844.452941895
    },
    "spectral_complexity": {
        "max": 44,
        "mean": 15.0694904327,
        "min": 0,
        "stdev": 8.53199577332
    },
    "spectral_decrease": {
        "max": -4.19370302374e-11,
        "mean": -3.88623844216e-09,
        "min": -3.74457442831e-08,
        "stdev": 4.53819648527e-09
    },
    "spectral_energy": {
        "max": 0.156245037913,
        "mean": 0.0165816862136,
        "min": 0.000181957919267,
        "stdev": 0.019305370748
    },
    "spectral_energyband_high": {
        "max": 0.119183130562,
        "mean": 0.00146366027184,
        "min": 1.73515923052e-06,
        "stdev": 0.00724614737555
    },
    "spectral_energyband_low": {
        "max": 0.0350516475737,
        "mean": 0.00160610745661,
        "min": 1.01725879631e-06,
        "stdev": 0.00268278736621
    },
    "spectral_energyband_middle_high": {
        "max": 0.107683897018,
        "mean": 0.00425309920684,
        "min": 3.76248899556e-05,
        "stdev": 0.00668935244903
    },
    "spectral_energyband_middle_low": {
        "max": 0.132104218006,
        "mean": 0.00999629683793,
        "min": 3.3227239328e-05,
        "stdev": 0.0147055489942
    },
    "spectral_entropy": {
        "max": 8.67387390137,
        "mean": 7.64883518219,
        "min": 6.12398195267,
        "stdev": 0.503867685795
    },
    "spectral_flux": {
        "max": 0.318200707436,
        "mean": 0.0639554932714,
        "min": 0.00844587758183,
        "stdev": 0.0471769012511
    },
    "spectral_kurtosis": {
        "max": 42.852394104,
        "mean": 5.01157712936,
        "min": -1.26145625114,
        "stdev": 4.46829414368
    },
    "spectral_rms": {
        "max": 0.0123464241624,
        "mean": 0.00348178413697,
        "min": 0.000421331118559,
        "stdev": 0.002013561083
    },
    "spectral_rolloff": {
        "max": 10206.7382812,
        "mean": 2136.19458008,
        "min": 150.732421875,
        "stdev": 1823.80883789
    },
    "spectral_skewness": {
        "max": 4.67185258865,
        "mean": 1.56233286858,
        "min": -0.419139653444,
        "stdev": 0.615129828453
    },
    "spectral_spread": {
        "max": 13983283,
        "mean": 4808477.5,
        "min": 1538828.875,
        "stdev": 2256902.75
    },
    "spectral_strongpeak": {
        "max": 14.3470525742,
        "mean": 1.0672955513,
        "min": 0,
        "stdev": 1.46576023102
    },
    "zerocrossingrate": {
        "max": 0.353515625,
        "mean": 0.0818388164043,
        "min": 0.0146484375,
        "stdev": 0.0480732060969
    },
    "barkbands": {
        "max": [0.0017736942973, 0.00512882508337, 0.0258405394852, 0.0400226041675, 0.0695880874991, 0.0878600180149, 0.0568373464048, 0.0653616636992, 0.0634810552001, 0.0373441055417, 0.0900981724262, 0.0228790529072, 0.0233595184982, 0.00970225315541, 0.0256695393473, 0.00743730086833, 0.0173330679536, 0.00850327685475, 0.00694808410481, 0.00696662301198, 0.0341264382005, 0.0538195930421, 0.0304558873177, 0.040865957737, 0.0218151882291, 0.00241776602343, 1.26944223666e-05],
        "mean": [7.80558621045e-05, 0.000434567133198, 0.000571159005631, 0.00121918634977, 0.00179177499376, 0.00154922367074, 0.00166411267128, 0.00177806662396, 0.00157812971156, 0.000923534855247, 0.000820206594653, 0.00043829382048, 0.00038641129504, 0.00033124582842, 0.000454223772977, 0.000271457334748, 0.000399680342525, 0.000243089758442, 0.000136274145916, 0.000105490260466, 0.000203770585358, 0.000390891829738, 0.000360550708137, 0.000328239402734, 0.00011145319877, 1.21668008433e-05, 4.43504433179e-07],
        "min": [5.0378055505e-08, 1.66962735193e-07, 2.43561864011e-08, 6.1585311073e-08, 5.43538298814e-08, 2.92050998496e-07, 1.07347159428e-06, 9.64925902736e-07, 1.39218809636e-06, 5.55574104055e-07, 1.07414223294e-06, 7.69344751461e-07, 1.23328300106e-06, 4.96768734592e-07, 1.24705866256e-06, 1.44850992001e-06, 1.75650529854e-06, 1.07586777176e-06, 8.90068463377e-07, 1.00960164673e-06, 3.57075634838e-07, 1.73718902374e-07, 9.43030329381e-08, 1.01112114237e-07, 6.77529783388e-08, 2.20179643406e-08, 2.03870476057e-10],
        "stdev": [0.00013073332957, 0.000641414313577, 0.00135217071511, 0.00329532730393, 0.00393995037302, 0.00412465259433, 0.00420140149072, 0.00518940296024, 0.00405980087817, 0.00244968920015, 0.0036725923419, 0.00107119523454, 0.00110448081978, 0.000716063426808, 0.00106608320493, 0.000500315916725, 0.0011277210433, 0.000549270305783, 0.000361155922292, 0.000332686875481, 0.00125270674471, 0.00231070676818, 0.00187942897901, 0.00189878814854, 0.000686215003952, 6.74183102092e-05, 1.40320059927e-06]
    },
    "erbbands": {
        "max": [0.0935301482677, 1.49069559574, 17.5077133179, 71.195098877, 147.223190308, 284.14642334, 159.300933838, 1102.44995117, 872.460693359, 1315.52832031, 1159.68005371, 1735.98864746, 1302.55444336, 3476.30566406, 1471.13574219, 745.423217773, 625.351928711, 561.485412598, 735.586975098, 912.450134277, 446.809112549, 1036.46203613, 522.86126709, 506.077453613, 188.388580322, 310.643371582, 689.278320312, 1658.53613281, 1999.61914062, 1193.91955566, 873.423828125, 757.318908691, 715.414367676, 304.024078369, 121.23840332, 23.2498245239, 1.32618784904, 0.0511141456664, 0.00368367903866, 0.000925558037125],
        "mean": [0.00989545695484, 0.109792143106, 0.53876799345, 2.57432222366, 5.24807929993, 6.16987085342, 6.81987762451, 15.7332391739, 20.942647934, 34.4674224854, 34.0545921326, 40.502872467, 31.8378047943, 34.0253181458, 24.9529685974, 19.3963375092, 17.3292942047, 18.9131526947, 21.5982551575, 19.097026825, 16.93400383, 20.3380031586, 15.7990484238, 9.07360935211, 5.85710525513, 4.96150636673, 5.22517585754, 10.9025306702, 13.7228374481, 12.8161621094, 10.2610635757, 7.93550109863, 4.50567007065, 1.71509671211, 0.559831321239, 0.10932572186, 0.01321914047, 0.00103358819615, 0.000113114481792, 2.80775348074e-05],
        "min": [8.69717769092e-06, 7.97558386694e-05, 6.21446743025e-05, 0.000140777032357, 8.9978617325e-05, 0.000187666635611, 0.00172872748226, 0.00363337551244, 0.0172273665667, 0.0380307659507, 0.0282778721303, 0.0445831492543, 0.0551615394652, 0.0320716612041, 0.0593104250729, 0.0552921444178, 0.0604237243533, 0.0568579398096, 0.0850798860192, 0.0875969901681, 0.0759911164641, 0.11676235497, 0.0675016194582, 0.0820447057486, 0.0404112935066, 0.0474800951779, 0.0185799133033, 0.0124220997095, 0.00630982453004, 0.00535509129986, 0.00256331195123, 0.00250286911614, 0.00160314049572, 0.000893143063877, 0.000434533983935, 0.000115761860798, 3.87264226447e-05, 1.75804768787e-06, 6.44891713364e-07, 3.09182013325e-07],
        "stdev": [0.0114382943138, 0.180824205279, 1.06900930405, 5.99421882629, 13.0202617645, 16.3247890472, 13.9251003265, 47.4453392029, 53.5674514771, 99.4230880737, 86.5258407593, 103.871459961, 87.315246582, 125.674659729, 88.8198928833, 41.7450065613, 38.5228729248, 41.0016326904, 44.1508407593, 39.4350509644, 31.8321113586, 54.8381690979, 33.3120307922, 24.9167728424, 14.0101547241, 15.5348672867, 25.5500030518, 69.7251663208, 83.1145019531, 69.1274108887, 53.5883750916, 45.232383728, 27.3349056244, 10.322385788, 3.57331132889, 0.653914928436, 0.0543776750565, 0.00293454504572, 0.000282702385448, 4.47627498943e-05]
    },
    "gfcc": {
        "mean": [-37.9321899414, 83.3079910278, -136.521148682, 21.1133918762, -71.850769043, 16.1404953003, -43.729549408, 11.1590442657, -17.2234172821, -1.54321444035, -15.6262903214, -0.283442080021, -7.89253616333],
        "cov": [[3245.94360352, 487.065551758, 237.275283813, 456.660552979, -773.56451416, 80.021736145, -394.969146729, -67.3634414673, -27.0377407074, -261.917510986, -54.2121009827, -182.063308716, -28.8398838043], [487.065551758, 1463.40466309, -628.695678711, -281.066955566, 1.88970184326, -342.885131836, -125.938514709, -15.2727231979, -40.6962127686, -196.798065186, 55.6808700562, -147.999359131, 18.4867534637], [237.275283813, -628.695678711, 1833.52429199, 730.414550781, -473.254760742, 437.484313965, -211.382110596, -20.9865894318, -71.4181747437, -27.6110172272, -142.63079834, 39.4413108826, -102.909294128], [456.660552979, -281.066955566, 730.414550781, 610.090454102, -257.373321533, 212.831130981, -140.694442749, -4.39187240601, -29.7473888397, -32.9821357727, -69.57056427, 9.85548686981, -19.9519958496], [-773.56451416, 1.88970184326, -473.254760742, -257.373321533, 572.237670898, -71.8877182007, 168.821990967, 50.4977111816, -0.0801200717688, 105.773651123, 61.9484214783, 34.1233444214, 5.39072990417], [80.021736145, -342.885131836, 437.484313965, 212.831130981, -71.8877182007, 341.955993652, -40.9451789856, 21.2539367676, -7.41317415237, -14.2526197433, -52.6808319092, 42.0167007446, -37.6754951477], [-394.969146729, -125.938514709, -211.382110596, -140.694442749, 168.821990967, -40.9451789856, 226.342163086, 32.0267295837, 7.53632497787, 66.3772659302, 42.6699028015, 30.83177948, 4.8498210907], [-67.3634414673, -15.2727231979, -20.9865894318, -4.39187240601, 50.4977111816, 21.2539367676, 32.0267295837, 110.714073181, 18.1267662048, -2.84138178825, 19.0125637054, 23.9515209198, 7.91499185562], [-27.0377407074, -40.6962127686, -71.4181747437, -29.7473888397, -0.0801200717688, -7.41317415237, 7.53632497787, 18.1267662048, 84.7881469727, 27.9332561493, -1.56582415104, -6.89186525345, 2.53540420532], [-261.917510986, -196.798065186, -27.6110172272, -32.9821357727, 105.773651123, -14.2526197433, 66.3772659302, -2.84138178825, 27.9332561493, 125.675895691, 25.3135261536, 13.1746301651, -9.24315643311], [-54.2121009827, 55.6808700562, -142.63079834, -69.57056427, 61.9484214783, -52.6808319092, 42.6699028015, 19.0125637054, -1.56582415104, 25.3135261536, 80.9961624146, 13.7743492126, 5.53232860565], [-182.063308716, -147.999359131, 39.4413108826, 9.85548686981, 34.1233444214, 42.0167007446, 30.83177948, 23.9515209198, -6.89186525345, 13.1746301651, 13.7743492126, 94.3015823364, 30.6944561005], [-28.8398838043, 18.4867534637, -102.909294128, -19.9519958496, 5.39072990417, -37.6754951477, 4.8498210907, 7.91499185562, 2.53540420532, -9.24315643311, 5.53232860565, 30.6944561005, 66.6647262573]],
        "icov": [[0.000670342415106, -1.61203188327e-05, 0.000384855666198, -0.000462934258394, 0.000789326790255, -0.000296796206385, 0.000474172382383, -0.000121259799926, 0.000263609312242, 0.000357378856279, -0.000544968468603, 0.000867915921845, 0.000183488213224], [-1.61203188327e-05, 0.00179344473872, 0.000142750199302, 0.000310533127049, -0.000380812503863, 0.00118876143824, 0.000985095393844, -0.000219378140173, 0.000335951132001, 0.0028277055826, -0.00132300902624, 0.00181743188296, 0.0001182703636], [0.000384855666198, 0.000142750199302, 0.00191288429778, -0.0013364944607, 0.00130583858117, -0.000717520480976, 0.000719943491276, -0.000548498181161, 0.00147904176265, -0.000760254217312, 0.000877107086126, -0.000576101592742, 0.00221224944107], [-0.000462934258394, 0.000310533127049, -0.0013364944607, 0.00395241100341, -0.000140707372339, -0.000474930740893, 0.000679546385072, -0.000496643828228, 0.000491716433316, -0.000380973942811, 0.0002331736614, 0.00053045747336, -0.00174921017606], [0.000789326790255, -0.000380812503863, 0.00130583858117, -0.000140707372339, 0.00442495010793, -0.0010112648597, -0.000241865956923, -0.00166259869002, 0.00233770092018, -0.00293419323862, 0.000343550549587, -0.000127798324684, 0.00124102074187], [-0.000296796206385, 0.00118876143824, -0.000717520480976, -0.000474930740893, -0.0010112648597, 0.00629164231941, 0.000410733307945, -0.000805522082373, -0.000766921788454, 0.00267193512991, 0.00149014918134, -0.00248310808092, 0.00341469771229], [0.000474172382383, 0.000985095393844, 0.000719943491276, 0.000679546385072, -0.000241865956923, 0.000410733307945, 0.00791427399963, -0.00174206285737, 0.00145201245323, -0.00103445618879, -0.00153415033128, -2.45891551458e-05, 0.00106944341678], [-0.000121259799926, -0.000219378140173, -0.000548498181161, -0.000496643828228, -0.00166259869002, -0.000805522082373, -0.00174206285737, 0.0121096251532, -0.00463037006557, 0.00349171203561, -0.00329842604697, -0.00192763260566, -0.000797287153546], [0.000263609312242, 0.000335951132001, 0.00147904176265, 0.000491716433316, 0.00233770092018, -0.000766921788454, 0.00145201245323, -0.00463037006557, 0.0164530295879, -0.00589855480939, 0.002804543823, 0.00233611790463, -0.000479067821288], [0.000357378856279, 0.0028277055826, -0.000760254217312, -0.000380973942811, -0.00293419323862, 0.00267193512991, -0.00103445618879, 0.00349171203561, -0.00589855480939, 0.0187254082412, -0.00610505556688, 0.00204150401987, 0.00187815446407], [-0.000544968468603, -0.00132300902624, 0.000877107086126, 0.0002331736614, 0.000343550549587, 0.00149014918134, -0.00153415033128, -0.00329842604697, 0.002804543823, -0.00610505556688, 0.0196624137461, -0.00573603482917, 0.00292866188101], [0.000867915921845, 0.00181743188296, -0.000576101592742, 0.00053045747336, -0.000127798324684, -0.00248310808092, -2.45891551458e-05, -0.00192763260566, 0.00233611790463, 0.00204150401987, -0.00573603482917, 0.021327437833, -0.0111709879711], [0.000183488213224, 0.0001182703636, 0.00221224944107, -0.00174921017606, 0.00124102074187, 0.00341469771229, 0.00106944341678, -0.000797287153546, -0.000479067821288, 0.00187815446407, 0.00292866188101, -0.0111709879711, 0.0249638799578]]
    },
    "melbands": {
        "max": [0.000907100562472, 0.00691433623433, 0.0135099301115, 0.0192680582404, 0.00545420730487, 0.0212202742696, 0.0131515990943, 0.015060110949, 0.00870283134282, 0.0103769386187, 0.00637065712363, 0.0129025280476, 0.00633320491761, 0.00270139775239, 0.00154401676264, 0.00267577241175, 0.00110239372589, 0.000791616446804, 0.00232482235879, 0.000551231205463, 0.000826664560009, 0.00110752915498, 0.000675416784361, 0.000573921366595, 0.000529968412593, 0.000129656269564, 0.00016015653091, 0.000255129765719, 0.000300337967928, 0.00108609499875, 0.00125346379355, 0.00128907326143, 0.000821605266538, 0.000608939328231, 0.000542911526281, 0.000375041097868, 0.00052418874111, 0.000558629573788, 0.000377367687179, 0.000199374553631],
        "mean": [0.000108530191937, 0.00025841552997, 0.000531117781065, 0.00041019092896, 0.000248516706051, 0.000336358323693, 0.000332078663632, 0.00038877670886, 0.000262377754552, 0.00025584443938, 0.000151086802362, 0.00013252311328, 9.12231334951e-05, 5.48943098693e-05, 4.13921297877e-05, 3.8656682591e-05, 3.47011482518e-05, 3.17590602208e-05, 3.38948484568e-05, 2.13153034565e-05, 1.99576497835e-05, 2.2976884793e-05, 1.57788635988e-05, 1.22271667351e-05, 7.09010828359e-06, 3.86329338653e-06, 3.92937818106e-06, 3.23403628499e-06, 2.66861661657e-06, 4.4125513341e-06, 7.13489180271e-06, 7.73774627305e-06, 7.70532551542e-06, 6.8740723691e-06, 6.36400091025e-06, 4.40494022769e-06, 5.16233922099e-06, 3.4969493754e-06, 2.0962495455e-06, 1.19707874546e-06],
        "min": [9.827262204e-08, 7.79849926857e-08, 2.18714806266e-08, 6.85742040929e-09, 4.91987819373e-08, 8.39213569748e-08, 2.5849661256e-07, 5.52707206225e-07, 1.24426279058e-07, 2.30666245216e-07, 1.27193885646e-07, 1.06505780195e-07, 2.11066748079e-07, 1.22698068594e-07, 8.91775968626e-08, 7.33620098003e-08, 6.51433964549e-08, 1.32837243427e-07, 9.23892002902e-08, 1.02092350573e-07, 7.65480052678e-08, 1.04718694161e-07, 7.07948615286e-08, 4.75943160438e-08, 4.8946354525e-08, 3.30629497114e-08, 2.40756197201e-08, 2.16038777978e-08, 7.70173080866e-09, 7.3742643103e-09, 4.40006386881e-09, 3.56494900267e-09, 3.09530912013e-09, 2.31688246366e-09, 1.52796608699e-09, 9.78674474794e-10, 1.05158759478e-09, 1.04415276425e-09, 8.02180211146e-10, 6.19959639181e-10],
        "stdev": [0.000129573221784, 0.000463776406832, 0.00121002783999, 0.000953683338594, 0.000503660237882, 0.000967944448348, 0.000820511078928, 0.00115196884144, 0.000682507758029, 0.000659628072754, 0.000438040297013, 0.000477940804558, 0.000351176393451, 0.000147505823406, 8.99344668142e-05, 0.000122163328342, 7.89426194387e-05, 6.4915882831e-05, 8.87865899131e-05, 3.83682599931e-05, 4.73276959383e-05, 6.74362090649e-05, 3.80503370252e-05, 3.14348180837e-05, 2.27834716497e-05, 9.12639279704e-06, 1.11337494673e-05, 1.17323334052e-05, 1.28011643028e-05, 2.92458389595e-05, 4.87590004923e-05, 4.80694179714e-05, 4.69971419079e-05, 3.65781488654e-05, 3.34737560479e-05, 2.46094059548e-05, 3.0186967706e-05, 2.14788924495e-05, 1.32075092552e-05, 6.95458993505e-06]
    },
    "melbands128": {
        "max": [0.00100075535011, 0.000984810758382, 0.00122142385226, 0.00312509457581, 0.00444949418306, 0.0157124511898, 0.0174649618566, 0.0261137951165, 0.0196522548795, 0.0356319956481, 0.0174232181162, 0.011571733281, 0.00733903236687, 0.0155996512622, 0.0380958989263, 0.0192634053528, 0.0220513679087, 0.0244742706418, 0.0223268195987, 0.0207687616348, 0.026104554534, 0.0200863331556, 0.0120910396799, 0.0196670740843, 0.0220685433596, 0.0241415426135, 0.0145088769495, 0.0111765405163, 0.0129768587649, 0.00544035341591, 0.0261693093926, 0.0205827951431, 0.0116901705042, 0.0107178715989, 0.00588784087449, 0.00358014670201, 0.00272534415126, 0.00284845824353, 0.00270425528288, 0.000920992577448, 0.00574254570529, 0.00278173945844, 0.00235471269116, 0.00236445409246, 0.00178453559056, 0.000887427304406, 0.00236227316782, 0.00435889046639, 0.00121890078299, 0.000538821564987, 0.000974678667262, 0.0009375551017, 0.000466716242954, 0.000964370789006, 0.00360662210733, 0.00140918255784, 0.00218680221587, 0.00126837915741, 0.000610079208855, 0.00109621975571, 0.000751124927774, 0.0009346313891, 0.000471144856419, 0.000938891782425, 0.000138435134431, 0.000173014923348, 0.00026157751563, 0.000280083186226, 0.000264260888798, 0.000129820153234, 0.000270696094958, 0.000370185356587, 0.000351975584636, 0.000258732005022, 0.000386220577639, 0.00102259370033, 0.00178499089088, 0.000735372945201, 0.00196527712978, 0.00137851689942, 0.00131725566462, 0.00135850009974, 0.000965535524301, 0.00112723535858, 0.0011286335066, 0.000752321910113, 0.000623763538897, 0.00100620952435, 0.000699490658008, 0.000412901805248, 0.000678252254147, 0.000296908372547, 0.00042727284017, 0.000599209219217, 0.000630348687991, 0.000673902628478, 0.000658480043057, 0.000310894072754, 0.000378942961106, 0.000418285926571, 0.000279701896943, 0.000125840902911, 0.000151495813043, 0.000186331744771, 0.000145486730617, 9.27482906263e-05, 0.00011801571236, 7.82361166785e-05, 1.27104822241e-05, 8.84564360604e-06, 7.0037108344e-06, 4.94930918649e-06, 2.15929662772e-06, 1.5168294567e-06, 6.95385381277e-07, 2.32251537113e-07, 4.13978142433e-07, 1.1591833271e-07, 1.05253171512e-07, 8.14664886661e-08, 8.20451049321e-08, 6.59660130964e-08, 5.2423288821e-08, 3.3512319586e-09, 5.70517001697e-11, 5.57723103811e-11, 5.50341786032e-11, 5.47060452494e-11],
        "mean": [5.23172020621e-05, 7.35113062547e-05, 0.000117972573207, 0.000200483365916, 0.000216560525587, 0.000315981247695, 0.00049838522682, 0.000645164051093, 0.000530456134584, 0.000398692238377, 0.00034718864481, 0.00025397646823, 0.000214159139432, 0.000223957380513, 0.000411431188695, 0.000352459668647, 0.000292472337605, 0.000336736877216, 0.000378013821319, 0.000384912011214, 0.000433333363617, 0.000277008366538, 0.000276490056422, 0.000178891903488, 0.000260619912297, 0.000332553725457, 0.00013271800708, 0.000184240518138, 8.35302198539e-05, 0.000117742980365, 0.000163391261594, 0.000142986013088, 5.68147443119e-05, 0.000100401113741, 4.18063609686e-05, 4.79892441945e-05, 6.18511840003e-05, 3.55634838343e-05, 3.49756774085e-05, 3.5132838093e-05, 4.63835785922e-05, 3.3868382161e-05, 3.03857523249e-05, 4.35813781223e-05, 2.17118704313e-05, 2.73338355328e-05, 4.76266832266e-05, 3.53590330633e-05, 3.08409762511e-05, 1.68226779351e-05, 2.36581090576e-05, 2.14445517486e-05, 1.56479054567e-05, 1.49837042045e-05, 3.79599950975e-05, 1.95188004e-05, 1.70470375451e-05, 1.94571257452e-05, 9.65711842582e-06, 1.93875621335e-05, 1.23277959574e-05, 9.16555927688e-06, 6.74759576214e-06, 8.40331449581e-06, 3.3143676319e-06, 3.07152618007e-06, 4.90776392326e-06, 4.34601861343e-06, 3.92030096918e-06, 2.81076813735e-06, 3.41293889505e-06, 3.35319100486e-06, 2.56990961134e-06, 2.27717850976e-06, 3.21795664604e-06, 3.7421016259e-06, 5.55526639801e-06, 5.37130199518e-06, 8.28744305181e-06, 7.19125091564e-06, 8.25388997328e-06, 7.55668952479e-06, 7.69650705479e-06, 7.8646125985e-06, 7.61550381867e-06, 6.95066864864e-06, 6.35561127638e-06, 7.27668248146e-06, 6.50873880659e-06, 5.6803996813e-06, 4.96324173582e-06, 3.29025442625e-06, 4.77604226035e-06, 5.55585756956e-06, 5.5768450693e-06, 3.97525400331e-06, 3.20199296766e-06, 2.38987627199e-06, 2.26081465371e-06, 1.87833290966e-06, 1.40862175613e-06, 1.08518088382e-06, 9.15203543173e-07, 8.56437395669e-07, 6.1809799945e-07, 4.35523872966e-07, 3.58496095032e-07, 2.29297754117e-07, 1.40471385635e-07, 1.10736714021e-07, 7.99233248472e-08, 4.66037128888e-08, 2.63733994643e-08, 1.61031827872e-08, 9.27633259096e-09, 6.32183416727e-09, 5.59082335982e-09, 2.26715601848e-09, 2.66587618647e-09, 2.56277621347e-09, 2.35658670356e-09, 2.1439598985e-09, 1.17323084581e-09, 5.05484439028e-11, 3.02724555493e-12, 2.44320731181e-12, 2.12439636195e-12, 2.07038856545e-12],
        "min": [2.59244927747e-08, 4.3110297554e-08, 1.66808415969e-08, 6.46168842877e-08, 3.48294051378e-08, 1.3315445635e-08, 3.16019637125e-08, 2.68816684468e-08, 5.03684205455e-09, 2.38805530905e-09, 7.37062499923e-09, 2.16196713865e-08, 5.46833689441e-08, 9.35613968522e-08, 4.64758684871e-08, 2.76449192427e-08, 1.54716389034e-07, 7.11296195277e-08, 5.46596190532e-08, 5.63117801278e-08, 6.8294653488e-08, 5.65617170878e-08, 8.93643772315e-08, 3.69696913083e-08, 8.94628655601e-08, 8.03462398835e-08, 1.24034372107e-07, 1.04653807398e-07, 4.45815011574e-08, 5.22252143753e-08, 5.07180324405e-08, 5.50117853493e-08, 7.15858590183e-08, 4.96422920548e-08, 8.72142464914e-08, 4.85839706243e-08, 6.38978647771e-09, 2.48005029846e-08, 6.46723563591e-08, 5.2624525182e-08, 2.2946547773e-08, 3.8087879517e-08, 4.53695996327e-08, 1.74709064993e-08, 9.04312980055e-09, 3.94994010833e-08, 6.49264961794e-08, 6.6247707764e-08, 2.64701487396e-08, 1.32936932573e-08, 3.28491580603e-08, 4.39142411324e-08, 4.26058406333e-08, 2.89536750131e-08, 3.69768606845e-08, 6.39946264869e-08, 2.08496473419e-08, 4.38033893602e-08, 5.08862569859e-08, 2.30537917645e-08, 4.05538074233e-08, 3.68360559833e-08, 2.61196522189e-08, 3.27743592266e-08, 1.10964268885e-08, 1.17963434576e-08, 1.6247554413e-08, 2.32251569088e-08, 1.78838952536e-08, 1.11500151334e-08, 1.11695079852e-08, 1.04291535408e-08, 1.26971433367e-09, 3.37621791635e-10, 7.32454430441e-10, 1.85275772502e-09, 2.03564654022e-09, 1.76183390099e-09, 3.90735888089e-09, 3.9157916909e-09, 3.54036622241e-09, 1.49829382234e-09, 2.54717202886e-09, 2.25578755675e-09, 1.88487248032e-09, 1.3692575962e-09, 2.00234318015e-09, 1.38786659942e-09, 1.70453640091e-09, 9.81192571636e-10, 8.70537864017e-10, 8.76024641716e-10, 9.56082768511e-10, 7.57578999533e-10, 6.3576044429e-10, 7.96657684266e-10, 4.89130402848e-10, 7.08083758294e-10, 6.27616403293e-10, 3.92747001587e-10, 7.11165459855e-10, 4.36197883369e-10, 4.38410807657e-10, 3.16174780801e-10, 2.65215543971e-10, 2.01943572975e-10, 2.22299678665e-10, 1.73230249589e-10, 8.12674233464e-11, 4.41747116317e-12, 4.37119914917e-12, 4.43806276451e-12, 1.11089295315e-12, 8.06615570777e-13, 6.09693935963e-13, 7.03586331991e-13, 6.00700424732e-13, 6.24599981111e-13, 5.80267225329e-13, 6.5139381519e-13, 5.73860945742e-13, 6.34742529804e-13, 5.78349976417e-13, 5.04794611059e-13, 3.90319233098e-13, 1.54262819424e-13, 2.05508929373e-14, 6.1199708038e-16],
        "stdev": [7.92985447333e-05, 0.000102168509329, 0.000144303019624, 0.000379308097763, 0.00044088732102, 0.0008017513901, 0.0012347297743, 0.00193094077986, 0.00149927427992, 0.00134678801987, 0.00108623225242, 0.000782808812801, 0.00054595869733, 0.000636779353954, 0.0014996516984, 0.00122070452198, 0.00115391903091, 0.00105354213156, 0.00118816702161, 0.00142122199759, 0.00176043645479, 0.000982994330116, 0.000904415675905, 0.000785068317782, 0.000971938774455, 0.000980514683761, 0.00053888495313, 0.00069762126077, 0.000472576211905, 0.000349113892298, 0.000863699649926, 0.000865194597282, 0.000321997649735, 0.000542500172742, 0.000190558377653, 0.000137085531605, 0.000166101730429, 0.000118197101983, 0.000102658843389, 7.96578970039e-05, 0.000242787631578, 0.000130518106744, 8.37406187202e-05, 0.000133572131745, 7.54287757445e-05, 6.42829181743e-05, 0.000138880568556, 0.00014380835637, 8.14154773252e-05, 3.7547404645e-05, 4.90767306474e-05, 4.60087940155e-05, 3.88778098568e-05, 4.38565002696e-05, 0.000179763155757, 6.73451286275e-05, 8.76535559655e-05, 6.73838221701e-05, 2.6507081202e-05, 5.40500659554e-05, 3.65764390153e-05, 3.83449732908e-05, 2.2578988137e-05, 3.78644217562e-05, 8.70676467457e-06, 8.8139622676e-06, 1.45082558447e-05, 1.40328502312e-05, 1.43315173773e-05, 8.56299539009e-06, 1.43557999763e-05, 1.41614464155e-05, 1.39992698678e-05, 1.23176760098e-05, 1.75121240318e-05, 2.65864055109e-05, 4.4482825615e-05, 3.376143286e-05, 6.93391193636e-05, 4.70555351058e-05, 5.19753084518e-05, 4.99336347275e-05, 5.09695419169e-05, 5.34598511877e-05, 4.59510520159e-05, 3.88872031181e-05, 3.61699712812e-05, 4.47325364803e-05, 3.48119428963e-05, 2.98381091852e-05, 3.15272736771e-05, 1.90342125279e-05, 2.82691999018e-05, 3.34368523909e-05, 3.39000289387e-05, 2.50039902312e-05, 2.17581273319e-05, 1.44278519656e-05, 1.40510410347e-05, 1.36683220262e-05, 8.85555255081e-06, 6.00860039413e-06, 5.32324156666e-06, 5.62262903259e-06, 4.24731706516e-06, 2.91875630865e-06, 2.9611080663e-06, 1.89757156477e-06, 6.36146921806e-07, 4.93334653129e-07, 3.52404128989e-07, 1.97128287027e-07, 1.06046016413e-07, 7.08875873556e-08, 3.50121389658e-08, 1.881641154e-08, 2.40802897622e-08, 8.06655719998e-09, 9.31643917568e-09, 8.78579875518e-09, 8.31555002634e-09, 7.5157986501e-09, 4.25875290588e-09, 2.110023406e-10, 4.31432580633e-12, 4.26160799358e-12, 4.22005139167e-12, 4.19535023041e-12]
    },
    "mfcc": {
        "mean": [-672.40032959, 112.328521729, -9.00379371643, 3.90548872948, -2.86655092239, -1.20955216885, -11.8427305222, 5.76423406601, 0.196693509817, -0.33646774292, -1.09529519081, 0.37836715579, -2.86700940132],
        "cov": [[3660.3125, 126.236679077, 498.192352295, 14.5435428619, -136.14302063, -165.081497192, -340.275817871, 7.24041652679, -170.505111694, -96.6515197754, -60.4536552429, -126.153022766, -180.77583313], [126.236679077, 1414.42089844, -937.83404541, -97.6254959106, -73.4187469482, -326.214447021, -28.3985118866, -73.4597396851, -97.5249023438, -20.6525440216, -59.4613113403, -19.7287082672, 3.57471847534], [498.192352295, -937.83404541, 2433.38696289, 253.493331909, 154.388000488, 255.437850952, -170.793563843, 130.360488892, -37.6806678772, -115.539176941, 36.2004623413, -116.642868042, -148.332366943], [14.5435428619, -97.6254959106, 253.493331909, 283.317382812, 33.2472839355, 4.98464679718, 16.7800731659, -20.8053684235, -6.37854766846, -8.44089031219, -19.3217163086, -1.97561872005, 11.7905454636], [-136.14302063, -73.4187469482, 154.388000488, 33.2472839355, 253.664321899, 73.1454544067, 27.2989082336, 35.3067092896, 10.401424408, -0.496945738792, 18.71352005, -15.5047693253, -12.2279777527], [-165.081497192, -326.214447021, 255.437850952, 4.98464679718, 73.1454544067, 213.225524902, 47.2957305908, 20.0813560486, 20.912984848, 8.41042900085, 33.5705947876, -7.34803342819, -8.64503574371], [-340.275817871, -28.3985118866, -170.793563843, 16.7800731659, 27.2989082336, 47.2957305908, 178.86946106, 34.6714057922, 5.71671152115, 33.9974784851, 15.2204618454, 25.689332962, 39.1494445801], [7.24041652679, -73.4597396851, 130.360488892, -20.8053684235, 35.3067092896, 20.0813560486, 34.6714057922, 138.736999512, 24.744846344, -25.4462432861, 13.4108295441, -13.814863205, -15.4470443726], [-170.505111694, -97.5249023438, -37.6806678772, -6.37854766846, 10.401424408, 20.912984848, 5.71671152115, 24.744846344, 93.6787796021, 12.4642477036, 2.51190781593, 16.6771717072, 5.85785007477], [-96.6515197754, -20.6525440216, -115.539176941, -8.44089031219, -0.496945738792, 8.41042900085, 33.9974784851, -25.4462432861, 12.4642477036, 99.2052993774, 26.7828559875, 19.8510284424, 19.5018215179], [-60.4536552429, -59.4613113403, 36.2004623413, -19.3217163086, 18.71352005, 33.5705947876, 15.2204618454, 13.4108295441, 2.51190781593, 26.7828559875, 76.5437011719, 17.1959571838, -1.75669384003], [-126.153022766, -19.7287082672, -116.642868042, -1.97561872005, -15.5047693253, -7.34803342819, 25.689332962, -13.814863205, 16.6771717072, 19.8510284424, 17.1959571838, 85.6377487183, 34.7365379333], [-180.77583313, 3.57471847534, -148.332366943, 11.7905454636, -12.2279777527, -8.64503574371, 39.1494445801, -15.4470443726, 5.85785007477, 19.5018215179, -1.75669384003, 34.7365379333, 81.7267074585]],
        "icov": [[0.000414034584537, 8.11993668322e-05, 5.13883860549e-05, -0.00013196922373, 0.000155468413141, 0.000124868864077, 0.000743496930227, -0.000427264661994, 0.000848310766742, -0.000194235617528, 0.000212283484871, 3.68776272808e-05, 0.000598573125899], [8.11993668322e-05, 0.00157762807794, 0.000521836220287, 0.000109911030449, -0.000373823801056, 0.00185101118404, 5.6867753301e-05, 0.000151743995957, 0.00137470907066, 0.000450847495813, -1.83280735655e-05, 0.000640682585072, 0.000704356294591], [5.13883860549e-05, 0.000521836220287, 0.000999164767563, -0.000856337952428, -0.000130156346131, -0.000516089552548, 0.00125623855274, -0.00099603633862, 0.00114948942792, 0.00029416824691, -0.00025774090318, 0.00034257749212, 0.000860017898958], [-0.00013196922373, 0.000109911030449, -0.000856337952428, 0.0047900932841, -0.000696153612807, 0.00132485572249, -0.00204918161035, 0.00208590715192, -0.000810470199212, 0.000467745354399, 0.00105648837052, 2.66622919298e-05, -0.00117230217438], [0.000155468413141, -0.000373823801056, -0.000130156346131, -0.000696153612807, 0.00481701502576, -0.00169241591357, 3.28315945808e-05, -0.00104611576535, -0.000159950403031, -0.000263258145424, -0.00055710907327, 0.000546699971892, 0.000382633123081], [0.000124868864077, 0.00185101118404, -0.000516089552548, 0.00132485572249, -0.00169241591357, 0.0097977751866, -0.00331432698295, 0.00235270708799, -0.00085338082863, 0.00110253598541, -0.00228161085397, 0.00187629461288, 0.000834489066619], [0.000743496930227, 5.6867753301e-05, 0.00125623855274, -0.00204918161035, 3.28315945808e-05, -0.00331432698295, 0.011271821335, -0.00554112810642, 0.0040320516564, -0.00316662481055, 0.000956456933636, -0.00142332212999, -0.0014826063998], [-0.000427264661994, 0.000151743995957, -0.00099603633862, 0.00208590715192, -0.00104611576535, 0.00235270708799, -0.00554112810642, 0.0120880231261, -0.00504367845133, 0.00433536991477, -0.00283765397035, 0.00213511614129, 0.000329509843141], [0.000848310766742, 0.00137470907066, 0.00114948942792, -0.000810470199212, -0.000159950403031, -0.00085338082863, 0.0040320516564, -0.00504367845133, 0.0160207021981, -0.00272276299074, 0.00256228307262, -0.00271790917031, 0.0017322396161], [-0.000194235617528, 0.000450847495813, 0.00029416824691, 0.000467745354399, -0.000263258145424, 0.00110253598541, -0.00316662481055, 0.00433536991477, -0.00272276299074, 0.0143979331478, -0.00551363267004, 0.00072727072984, -0.00123750814237], [0.000212283484871, -1.83280735655e-05, -0.00025774090318, 0.00105648837052, -0.00055710907327, -0.00228161085397, 0.000956456933636, -0.00283765397035, 0.00256228307262, -0.00551363267004, 0.0180058311671, -0.00473205791786, 0.00206126924604], [3.68776272808e-05, 0.000640682585072, 0.00034257749212, 2.66622919298e-05, 0.000546699971892, 0.00187629461288, -0.00142332212999, 0.00213511614129, -0.00271790917031, 0.00072727072984, -0.00473205791786, 0.0167893674225, -0.00517936935648], [0.000598573125899, 0.000704356294591, 0.000860017898958, -0.00117230217438, 0.000382633123081, 0.000834489066619, -0.0014826063998, 0.000329509843141, 0.0017322396161, -0.00123750814237, 0.00206126924604, -0.00517936935648, 0.0185940116644]]
    },
    "spectral_contrast_coeffs": {
        "max": [-0.434223532677, -0.456105768681, -0.48320287466, -0.607757806778, -0.570745944977, -0.542447566986],
        "mean": [-0.719048023224, -0.760195553303, -0.766521334648, -0.799850702286, -0.780940234661, -0.779025912285],
        "min": [-0.913267612457, -0.964341402054, -0.928390443325, -0.91174775362, -0.898980736732, -0.863996088505],
        "stdev": [0.0914069190621, 0.0902245566249, 0.0832225680351, 0.0571434497833, 0.0558026991785, 0.040683478117]
    },
    "spectral_contrast_valleys": {
        "max": [-5.58176040649, -4.46306276321, -5.59760904312, -5.79250717163, -5.96640396118, -6.54743766785],
        "mean": [-7.5336523056, -6.82809734344, -7.43757200241, -7.72227334976, -8.02025985718, -10.2976970673],
        "min": [-11.0026264191, -8.99929428101, -9.50162410736, -9.50191307068, -9.59533405304, -12.7514247894],
        "stdev": [0.875094652176, 0.74298709631, 0.691768467426, 0.770555913448, 0.540049672127, 0.990632414818]
    }
},
"rhythm": {
    "beats_count": 95,
    "beats_loudness": {
        "max": 0.152106210589,
        "mean": 0.024187721312,
        "min": 0.000302112806821,
        "stdev": 0.0258171930909
    },
    "bpm": 135.1509552,
    "bpm_histogram_first_peak_bpm": 136,
    "bpm_histogram_first_peak_weight": 0.5,
    "bpm_histogram_second_peak_bpm": 123,
    "bpm_histogram_second_peak_spread": 0.357142865658,
    "bpm_histogram_second_peak_weight": 0.0957446843386,
    "danceability": 1.14702415466,
    "onset_rate": 3.0966796875,
    "beats_loudness_band_ratio": {
        "max": [0.79059189558, 0.82148206234, 0.798896849155, 0.804553508759, 0.589433848858, 0.923592090607],
        "mean": [0.181473195553, 0.147427111864, 0.263879060745, 0.184198081493, 0.135045453906, 0.133577361703],
        "min": [0.00210621673614, 0.00292723812163, 0.015968317166, 0.0102308988571, 0.00307573215105, 0.000514123472385],
        "stdev": [0.212992548943, 0.151661589742, 0.208435505629, 0.177896663547, 0.14936105907, 0.223026037216]
    },
