{
"metadata": {
    "version": {
        "essentia": "2.1-beta5",
        "essentia_git_sha": "Undefined",
        "extractor": "music 2.0"
    },
    "audio_properties": {
        "analysis": {
            "equal_loudness": 0,
            "length": 25.0427207947,
            "sample_rate": 44100,
            "start_time": 178.735595703,
            "downmix": "mix"
        },
        "bit_rate": 192000,
        "length": 203.801559448,
        "lossless": 0,
        "number_channels": 2,
        "replay_gain": 0.535375595093,
        "sample_rate": 48000,
        "codec": "mp3",
        "md5_encoded": "92193daaae23d5c53378f658cfb816a1"
    },
    "tags": {
        "file_name": "Iceland_Nei Eða Já_Heart 2 Heart.mp3",
        "encoding": ["Lavf58.29.100"]
    }
},
"lowlevel": {
    "average_loudness": 0.346545189619,
    "barkbands_crest": {
        "max": 24.4001483917,
        "mean": 7.6406583786,
        "min": 2.50102043152,
        "stdev": 3.06734323502
    },
    "barkbands_flatness_db": {
        "max": 0.281469374895,
        "mean": 0.0979659557343,
        "min": 0.0530440546572,
        "stdev": 0.0387426093221
    },
    "barkbands_kurtosis": {
        "max": 18.2123699188,
        "mean": 1.56137359142,
        "min": -1.61984503269,
        "stdev": 2.1552696228
    },
    "barkbands_skewness": {
        "max": 3.83229637146,
        "mean": -0.595346271992,
        "min": -2.23761630058,
        "stdev": 1.24303162098
    },
    "barkbands_spread": {
        "max": 79.8463287354,
        "mean": 26.660943985,
        "min": 3.18363213539,
        "stdev": 10.5312337875
    },
    "dissonance": {
        "max": 0.500000119209,
        "mean": 0.485922932625,
        "min": 0.386662244797,
        "stdev": 0.0142834680155
    },
    "dynamic_complexity": 5.48149299622,
    "erbbands_crest": {
        "max": 28.9228744507,
        "mean": 7.3621430397,
        "min": 2.65630793571,
        "stdev": 5.16539287567
    },
    "erbbands_flatness_db": {
        "max": 0.377971082926,
        "mean": 0.150218710303,
        "min": 0.0818963944912,
        "stdev": 0.0638618916273
    },
    "erbbands_kurtosis": {
        "max": 10.5865278244,
        "mean": 0.321930706501,
        "min": -1.64716255665,
        "stdev": 1.10154724121
    },
    "erbbands_skewness": {
        "max": 3.21325755119,
        "mean": -0.209801748395,
        "min": -1.31901204586,
        "stdev": 0.616282045841
    },
    "erbbands_spread": {
        "max": 112.913299561,
        "mean": 31.2459201813,
        "min": 5.07078647614,
        "stdev": 11.6724386215
    },
    "hfc": {
        "max": 127.638580322,
        "mean": 17.4919452667,
        "min": 1.0460752343e-16,
        "stdev": 24.2116699219
    },
    "loudness_ebu128": {
        "integrated": -23.211435318,
        "loudness_range": 13.4555664062,
        "momentary": {
            "max": -21.1417064667,
            "mean": -144.954650879,
            "min": -300.691009521,
            "stdev": 135.405914307
        },
        "short_term": {
            "max": -22.0307254791,
            "mean": -127.869850159,
            "min": -300.691009521,
            "stdev": 130.870910645
        }
    },
    "melbands_crest": {
        "max": 30.9025268555,
        "mean": 7.23198223114,
        "min": 1.47497940063,
        "stdev": 5.70841503143
    },
    "melbands_flatness_db": {
        "max": 0.318699449301,
        "mean": 0.0742416679859,
        "min": 0.00273499614559,
        "stdev": 0.0723271369934
    },
    "melbands_kurtosis": {
        "max": 49.8320350647,
        "mean": 1.00294470787,
        "min": -1.39497244358,
        "stdev": 4.54714870453
    },
    "melbands_skewness": {
        "max": 6.39647340775,
        "mean": 0.663257837296,
        "min": -1.07363891602,
        "stdev": 0.950566411018
    },
    "melbands_spread": {
        "max": 180.210540771,
        "mean": 81.5093841553,
        "min": 4.36536216736,
        "stdev": 48.3364677429
    },
    "pitch_salience": {
        "max": 0.832885742188,
        "mean": 0.676606893539,
        "min": 0.223570942879,
        "stdev": 0.125962302089
    },
    "silence_rate_20dB": {
        "max": 1,
        "mean": 1,
        "min": 1,
        "stdev": 0
    },
    "silence_rate_30dB": {
        "max": 1,
        "mean": 1,
        "min": 1,
        "stdev": 0
    },
    "silence_rate_60dB": {
        "max": 1,
        "mean": 0.537962973118,
        "min": 0,
        "stdev": 0.498560100794
    },
    "spectral_centroid": {
        "max": 12388.2880859,
        "mean": 6022.22753906,
        "min": 813.29309082,
        "stdev": 4442.22753906
    },
    "spectral_complexity": {
        "max": 55,
        "mean": 13.0944442749,
        "min": 0,
        "stdev": 15.2215919495
    },
    "spectral_decrease": {
        "max": 1.89840732215e-28,
        "mean": -2.53132448336e-09,
        "min": -2.64233737113e-08,
        "stdev": 3.55834073318e-09
    },
    "spectral_energy": {
        "max": 0.109043039382,
        "mean": 0.01114038378,
        "min": 9.85350228032e-21,
        "stdev": 0.0155052365735
    },
    "spectral_energyband_high": {
        "max": 0.00745709100738,
        "mean": 0.000838785199448,
        "min": 6.83480518562e-21,
        "stdev": 0.00126395677216
    },
    "spectral_energyband_low": {
        "max": 0.0383805260062,
        "mean": 0.00146592839155,
        "min": 1.12722906434e-23,
        "stdev": 0.00353975081816
    },
    "spectral_energyband_middle_high": {
        "max": 0.0450800098479,
        "mean": 0.00572815351188,
        "min": 1.08265704111e-21,
        "stdev": 0.00848624948412
    },
    "spectral_energyband_middle_low": {
        "max": 0.094257697463,
        "mean": 0.00342760491185,
        "min": 1.42380406689e-22,
        "stdev": 0.00669365888461
    },
    "spectral_entropy": {
        "max": 9.82817459106,
        "mean": 8.66527462006,
        "min": 6.80169010162,
        "stdev": 1.02497363091
    },
    "spectral_flux": {
        "max": 0.260104566813,
        "mean": 0.046476110816,
        "min": 6.19687842707e-11,
        "stdev": 0.053745649755
    },
    "spectral_kurtosis": {
        "max": 24.1769428253,
        "mean": 1.97175109386,
        "min": -1.27633953094,
        "stdev": 4.01168107986
    },
    "spectral_rms": {
        "max": 0.0103142354637,
        "mean": 0.00220637721941,
        "min": 3.10051160093e-12,
        "stdev": 0.00244959862903
    },
    "spectral_rolloff": {
        "max": 19789.0136719,
        "mean": 9717.55371094,
        "min": 150.732421875,
        "stdev": 8043.63671875
    },
    "spectral_skewness": {
        "max": 3.12493896484,
        "mean": 0.768613934517,
        "min": -0.155963823199,
        "stdev": 0.750269532204
    },
    "spectral_spread": {
        "max": 43313176,
        "mean": 20021632,
        "min": 1686653.625,
        "stdev": 18210472
    },
    "spectral_strongpeak": {
        "max": 13.0400619507,
        "mean": 1.15242362022,
        "min": 0,
        "stdev": 2.13411664963
    },
    "zerocrossingrate": {
        "max": 0.75537109375,
        "mean": 0.27200114727,
        "min": 0.033203125,
        "stdev": 0.204778984189
    },
    "barkbands": {
        "max": [0.000622146413662, 0.0175269208848, 0.0294490233064, 0.017082316801, 0.0318111479282, 0.0132284695283, 0.0158284250647, 0.0201306864619, 0.0913131013513, 0.0463243313134, 0.0217489562929, 0.0254703518003, 0.0127555467188, 0.0143065499142, 0.02699858509, 0.0201897788793, 0.00664905179292, 0.00589190423489, 0.00754329189658, 0.00705843046308, 0.00335746840574, 0.00222006137483, 0.00136928551365, 0.000958700722549, 0.00105139322113, 0.000143042314448, 2.04707063745e-07],
        "mean": [2.19527828449e-05, 0.000727678241674, 0.000570963311475, 0.000288106268272, 0.000740985269658, 0.000495258427691, 0.00030949228676, 0.000454917695606, 0.000786979624536, 0.00079307530541, 0.000210022059036, 0.000822564063128, 0.000250202370808, 0.000322007399518, 0.00162428850308, 0.0004286787007, 0.000430543761468, 0.000404073856771, 0.000448441191111, 0.000342558661941, 0.000208631623536, 0.000168945116457, 0.000141363285366, 9.57766387728e-05, 4.51084670203e-05, 7.76233264332e-06, 4.25024238027e-09],
        "min": [9.65638224586e-26, 7.72136758207e-25, 4.72366409476e-25, 3.84468938967e-25, 6.59277800878e-24, 6.36468242791e-24, 3.09636760263e-24, 6.55147167406e-24, 7.51016881015e-24, 6.54993063428e-24, 7.61884623276e-24, 1.71748145712e-23, 1.9679784e-23, 1.30444461566e-23, 3.58692718576e-23, 3.33828327714e-23, 5.27601217464e-23, 7.32340977737e-23, 1.02346277418e-22, 1.62903146942e-22, 2.20255795998e-22, 2.79344052641e-22, 3.46993684159e-22, 5.44508500904e-22, 7.0235580675e-22, 1.17599203419e-21, 1.81248560415e-21],
        "stdev": [4.53559514426e-05, 0.00166603724938, 0.00200402946211, 0.000859586056322, 0.00204962003045, 0.00123945111409, 0.00103544769809, 0.00143261789344, 0.00362442387268, 0.0026071544271, 0.00102152873296, 0.00212722318247, 0.000689748150762, 0.000938023091294, 0.00375936250202, 0.00142031710129, 0.000803441915195, 0.000697198382113, 0.00083089718828, 0.0006027923082, 0.000366485997802, 0.000286936323391, 0.000224219664233, 0.000150056526763, 9.47776279645e-05, 1.36745038617e-05, 1.27827908258e-08]
    },
    "erbbands": {
        "max": [0.232170432806, 5.18593263626, 29.6379432678, 42.8881416321, 100.288909912, 77.0937652588, 114.018371582, 126.011314392, 324.954742432, 187.554870605, 778.207397461, 1597.30627441, 1550.58251953, 1148.89697266, 578.941467285, 750.34161377, 667.298339844, 345.78302002, 1426.72570801, 1557.5958252, 560.863708496, 359.915008545, 237.290527344, 539.348999023, 283.049285889, 307.330657959, 213.334365845, 95.6716079712, 91.064125061, 58.3761672974, 37.5185928345, 24.4342250824, 11.7257108688, 4.99238109589, 13.2329788208, 1.20747864246, 0.203334480524, 0.00889616459608, 0.000293481221888, 0.000131996945129],
        "mean": [0.0134850656614, 0.19330817461, 0.672326028347, 0.825121223927, 1.72317540646, 2.20376133919, 3.09330630302, 4.27015590668, 5.52245330811, 3.82729673386, 13.2815942764, 15.5516262054, 28.8667011261, 18.0780887604, 11.2840423584, 36.1909332275, 15.2564725876, 16.1964435577, 72.5735931396, 50.702583313, 23.5872840881, 20.527639389, 19.8079242706, 24.633058548, 20.8797740936, 17.1478900909, 11.6326246262, 6.17647695541, 6.18610811234, 5.02366018295, 3.94658255577, 2.3806347847, 1.33694326878, 0.516761958599, 0.329421550035, 0.0725726634264, 0.0100716464221, 0.000443883473054, 2.33455575653e-05, 1.68074693647e-05],
        "min": [2.56598923979e-23, 2.98271413221e-22, 1.56763337756e-21, 2.18157496672e-21, 8.19487994415e-21, 1.50292626537e-20, 3.06978454481e-20, 5.91835449819e-20, 7.80787929404e-20, 1.16115879153e-19, 2.24624643501e-19, 2.38282558637e-19, 4.0390885514e-19, 5.39766782554e-19, 5.94216980351e-19, 8.88547591235e-19, 9.01211106027e-19, 9.82236135364e-19, 2.00290742469e-18, 2.71588293238e-18, 3.29919250237e-18, 3.89922476923e-18, 4.54447279631e-18, 5.16570652945e-18, 5.48195877073e-18, 7.39691456243e-18, 7.03049423058e-18, 8.48921400593e-18, 9.57159638107e-18, 9.56378779608e-18, 9.0314846642e-18, 1.0150737788e-17, 9.34026705096e-18, 6.6989631362e-18, 5.79666790658e-18, 3.7923650282e-18, 2.041096906e-18, 8.9009441898e-19, 2.34941317649e-19, 2.37746878411e-20],
        "stdev": [0.0280215349048, 0.471095263958, 2.28685259819, 2.24567008018, 5.6468167305, 5.80084657669, 8.48578548431, 11.5106010437, 18.3536319733, 11.8356618881, 43.0817871094, 64.7997741699, 102.262123108, 71.4128341675, 39.976940155, 81.0077362061, 36.7086181641, 36.126209259, 171.032592773, 150.039306641, 48.5171966553, 38.6617507935, 31.4609489441, 51.1673202515, 35.4976043701, 29.3212985992, 21.1758537292, 11.2129678726, 10.6954078674, 8.06278324127, 6.11659145355, 3.80299782753, 2.14553380013, 0.849143505096, 1.03814852238, 0.135894447565, 0.0184163041413, 0.000811941572465, 3.57118224201e-05, 2.32010497712e-05]
    },
    "gfcc": {
        "mean": [-566.613952637, 34.4459686279, -92.1530685425, 17.5005512238, -36.080909729, 11.3337984085, -21.1393051147, 8.17813587189, -12.9582777023, 1.34142410755, -9.06954574585, -2.21836066246, -4.72564458847],
        "cov": [[392210.3125, 18767.6171875, -49338.9492188, 11344.8623047, -20080.4199219, 6896.22851562, -12147.8798828, 4572.23046875, -7257.49316406, 841.688171387, -4981.60888672, -1104.15673828, -2621.1315918], [18767.6171875, 1217.06335449, -2515.42236328, 397.602844238, -943.983703613, 217.719741821, -550.608642578, 193.487884521, -350.58883667, 21.0759487152, -255.238327026, -79.2160110474, -143.051589966], [-49338.9492188, -2515.42236328, 7188.64013672, -777.892028809, 2555.22363281, -717.524963379, 1365.44763184, -610.372741699, 873.937194824, -62.1667404175, 646.646789551, 194.466796875, 308.986358643], [11344.8623047, 397.602844238, -777.892028809, 862.57019043, -564.391174316, 317.341156006, -476.209411621, 101.826942444, -237.924835205, 55.3958091736, -116.581115723, 4.64179420471, -79.2974014282], [-20080.4199219, -943.983703613, 2555.22363281, -564.391174316, 1108.02697754, -313.74029541, 636.366333008, -229.867736816, 383.492706299, -33.0300979614, 257.134368896, 54.4708938599, 122.638687134], [6896.22851562, 217.719741821, -717.524963379, 317.341156006, -313.74029541, 277.810943604, -181.61756897, 91.302192688, -141.285507202, 15.6954393387, -68.767868042, -4.63197088242, -44.7184410095], [-12147.8798828, -550.608642578, 1365.44763184, -476.209411621, 636.366333008, -181.61756897, 475.704376221, -111.543411255, 230.236419678, -42.2784614563, 156.802658081, 29.1156692505, 85.3399887085], [4572.23046875, 193.487884521, -610.372741699, 101.826942444, -229.867736816, 91.302192688, -111.543411255, 107.946907043, -55.0162963867, 4.42151021957, -56.8823127747, -6.3135843277, -16.8655548096], [-7257.49316406, -350.58883667, 873.937194824, -237.924835205, 383.492706299, -141.285507202, 230.236419678, -55.0162963867, 185.526184082, -1.41854465008, 93.1209869385, 18.6549072266, 55.3389778137], [841.688171387, 21.0759487152, -62.1667404175, 55.3958091736, -33.0300979614, 15.6954393387, -42.2784614563, 4.42151021957, -1.41854465008, 44.0907211304, -1.22045338154, -2.58225178719, -10.7892036438], [-4981.60888672, -255.238327026, 646.646789551, -116.581115723, 257.134368896, -68.767868042, 156.802658081, -56.8823127747, 93.1209869385, -1.22045338154, 107.933311462, 38.2237701416, 42.0467643738], [-1104.15673828, -79.2160110474, 194.466796875, 4.64179420471, 54.4708938599, -4.63197088242, 29.1156692505, -6.3135843277, 18.6549072266, -2.58225178719, 38.2237701416, 48.3675041199, 24.9382400513], [-2621.1315918, -143.051589966, 308.986358643, -79.2974014282, 122.638687134, -44.7184410095, 85.3399887085, -16.8655548096, 55.3389778137, -10.7892036438, 42.0467643738, 24.9382400513, 56.1266098022]],
        "icov": [[0.000584633904509, -0.00137135141995, 0.00156124611385, -0.00119517638814, 0.00158959405962, -0.00237741786987, 0.00260864477605, -0.00263204029761, 0.00124673801474, -0.00166825810447, 0.00150659133215, -0.0014605053002, 0.00136941147503], [-0.00137135141995, 0.00742755131796, -0.00194089289289, 0.000837918603793, -0.00471626454964, 0.00875787157565, -0.00741649419069, 0.00612397538498, -0.000837496307213, 0.00437180325389, -0.00231616105884, 0.00271769543178, -0.000649349647574], [0.00156124611385, -0.00194089289289, 0.00694337440655, -0.00706146471202, 0.000941981270444, -0.00336222839542, 0.00394019996747, -0.00379716418684, 0.00197025435045, -0.00323192798533, 0.00481693819165, -0.00603679101914, 0.00440349848941], [-0.00119517638814, 0.000837918603793, -0.00706146471202, 0.0124053573236, -0.000237002212089, -0.0028549740091, 0.00516112195328, 0.00130700424779, -0.000210148995393, 0.00167559937108, -0.00552813056856, 0.00495990458876, -0.00402294984087], [0.00158959405962, -0.00471626454964, 0.000941981270444, -0.000237002212089, 0.0201836097986, -0.0103226555511, 0.00239218282513, -0.000307591282763, -0.00707830768079, -0.00418395642191, 0.0028565437533, -0.00332053401507, 0.00614747032523], [-0.00237741786987, 0.00875787157565, -0.00336222839542, -0.0028549740091, -0.0103226555511, 0.02467427589, -0.0188189391047, 0.00521631957963, 0.0037514702417, 0.0045410702005, -0.0051777982153, 0.00408603064716, -0.00259533617646], [0.00260864477605, -0.00741649419069, 0.00394019996747, 0.00516112195328, 0.00239218282513, -0.0188189391047, 0.0358914658427, -0.0186171773821, 0.00687962723896, -0.00167720008176, -0.00162121269386, -0.000107700769149, 0.00229136482812], [-0.00263204029761, 0.00612397538498, -0.00379716418684, 0.00130700424779, -0.000307591282763, 0.00521631957963, -0.0186171773821, 0.0472822077572, -0.0285126324743, 0.0130284186453, 0.00142765871715, -0.00281702843495, -0.00641580764204], [0.00124673801474, -0.000837496307213, 0.00197025435045, -0.000210148995393, -0.00707830768079, 0.0037514702417, 0.00687962723896, -0.0285126324743, 0.0446280278265, -0.0168948695064, -0.000849372532684, 0.00436850916594, -0.00418201601133], [-0.00166825810447, 0.00437180325389, -0.00323192798533, 0.00167559937108, -0.00418395642191, 0.0045410702005, -0.00167720008176, 0.0130284186453, -0.0168948695064, 0.0382150448859, -0.0114369066432, 0.00607752194628, 0.00249056285247], [0.00150659133215, -0.00231616105884, 0.00481693819165, -0.00552813056856, 0.0028565437533, -0.0051777982153, -0.00162121269386, 0.00142765871715, -0.000849372532684, -0.0114369066432, 0.0396018363535, -0.0234122946858, 0.00202784733847], [-0.0014605053002, 0.00271769543178, -0.00603679101914, 0.00495990458876, -0.00332053401507, 0.00408603064716, -0.000107700769149, -0.00281702843495, 0.00436850916594, 0.00607752194628, -0.0234122946858, 0.0452783554792, -0.0169280413538], [0.00136941147503, -0.000649349647574, 0.00440349848941, -0.00402294984087, 0.00614747032523, -0.00259533617646, 0.00229136482812, -0.00641580764204, -0.00418201601133, 0.00249056285247, 0.00202784733847, -0.0169280413538, 0.0398803576827]]
    },
    "melbands": {
        "max": [0.00301576079801, 0.010517090559, 0.00646466156468, 0.00798898562789, 0.00387785979547, 0.00346209574491, 0.00429051509127, 0.00272817956284, 0.00741723226383, 0.0131467785686, 0.00805752445012, 0.00481923809275, 0.00154179008678, 0.00351125979796, 0.00108320184518, 0.00111192755867, 0.000679135264363, 0.0019163233228, 0.00184679403901, 0.00189576495904, 0.000585098343436, 0.000523870286997, 0.000249610398896, 0.000308115704684, 0.000522900314536, 0.000254075392149, 0.000211639024201, 0.000184331991477, 0.000213227365748, 8.88457288966e-05, 6.77019561408e-05, 5.57849816687e-05, 3.44636428053e-05, 3.76636889996e-05, 2.6879588404e-05, 1.54901663336e-05, 1.52528136823e-05, 1.22324690892e-05, 7.84934309195e-06, 3.5846001083e-06],
        "mean": [0.000165503137396, 0.000314439588692, 0.000167601639987, 0.000149526633322, 0.000106851686724, 9.87029634416e-05, 8.11308709672e-05, 4.39734867541e-05, 0.000112177476694, 0.000107187908725, 0.000144705394632, 7.43279015296e-05, 3.00120555039e-05, 8.44899914227e-05, 6.45666586934e-05, 2.39762375713e-05, 2.74917838397e-05, 9.91632259684e-05, 0.000111842571641, 3.71666828869e-05, 2.79960349872e-05, 2.33094779105e-05, 1.71112988028e-05, 2.10319085454e-05, 1.96795444936e-05, 1.58983293659e-05, 1.22629171528e-05, 1.10903256427e-05, 8.15515431896e-06, 4.54276869277e-06, 3.42105158779e-06, 3.43192914443e-06, 3.20691310662e-06, 2.76691753243e-06, 2.58453042079e-06, 1.49414222506e-06, 1.37578672366e-06, 1.01984710454e-06, 6.40397274765e-07, 3.46614996261e-07],
        "min": [3.7371070046e-25, 1.04353153366e-24, 4.27003061729e-25, 1.13671296708e-24, 9.48233487827e-25, 1.33408507809e-24, 1.02215488224e-24, 1.04397418323e-24, 1.50922294728e-24, 1.25311521149e-24, 2.01513650492e-24, 1.28530941389e-24, 1.3154170792e-24, 1.81177072735e-24, 2.12482406391e-24, 2.14908133953e-24, 1.27735345584e-24, 2.12528396982e-24, 2.64371960964e-24, 2.91902279645e-24, 3.19819219055e-24, 3.34930500505e-24, 3.17430784893e-24, 3.68510179316e-24, 2.87304916619e-24, 2.9745006229e-24, 3.72772749774e-24, 3.58337581285e-24, 3.85918801215e-24, 3.57496182243e-24, 3.74963929268e-24, 4.64272726171e-24, 3.9358842248e-24, 3.84029006031e-24, 4.67091878388e-24, 5.18862255799e-24, 4.99507001287e-24, 5.7191256003e-24, 5.18283862984e-24, 4.89959891068e-24],
        "stdev": [0.000350175308995, 0.000928163237404, 0.000419629126554, 0.000455305329524, 0.000297907565255, 0.000272394041531, 0.000260155997239, 0.000142663397128, 0.000384356215363, 0.000502760114614, 0.000517792010214, 0.000302369822748, 0.000114676673547, 0.000250387063716, 0.000128795494675, 6.36278273305e-05, 7.35971698305e-05, 0.00023655979021, 0.000270663062111, 0.00014923044364, 5.69296607864e-05, 4.98172012158e-05, 3.28111091221e-05, 3.67821194232e-05, 4.58984286524e-05, 2.90237749141e-05, 2.09228237509e-05, 1.97859699256e-05, 1.73732441908e-05, 8.42720510263e-06, 6.88455884301e-06, 6.24956601314e-06, 5.32719559487e-06, 4.65011635242e-06, 4.1538169171e-06, 2.38670531871e-06, 2.26415886573e-06, 1.69016891505e-06, 1.14514773486e-06, 5.79750690122e-07]
    },
    "melbands128": {
        "max": [0.000374730938347, 0.00155843340326, 0.00353378104046, 0.010863260366, 0.0149999177083, 0.0128444842994, 0.0101447673514, 0.00691765546799, 0.0120981996879, 0.0124594122171, 0.00254904595204, 0.00567637989298, 0.00500852614641, 0.0029669762589, 0.00278917932883, 0.00673142494634, 0.00986151769757, 0.00319849234074, 0.00540344137698, 0.00177540897857, 0.00529482215643, 0.00523145543411, 0.0109449718148, 0.00900444015861, 0.00566856656224, 0.0281722992659, 0.0186094660312, 0.0136258881539, 0.00999042484909, 0.00937240570784, 0.00871784519404, 0.00443941820413, 0.00161600392312, 0.0028587244451, 0.00635500717908, 0.00414140336215, 0.00320468889549, 0.00178876332939, 0.00210262229666, 0.00259183510207, 0.000681017583702, 0.00117830943782, 0.00139184191357, 0.00125711620785, 0.00369565468282, 0.00328024872579, 0.00665435846895, 0.00400763610378, 0.0029417371843, 0.00613127416, 0.000833195750602, 0.00138008687645, 0.00130944058765, 0.000589560600929, 0.0010048658587, 0.000862982240506, 0.000228517848882, 0.000504974566866, 0.000460015668068, 0.000230712510529, 0.000554186524823, 0.00058599980548, 0.00107441574801, 0.000490550184622, 0.000296748446999, 0.000361701706424, 0.00047769525554, 0.000220363363042, 0.000217882552533, 0.000585404341109, 0.000232975246035, 0.000297558901366, 0.000333048432367, 0.000329557922669, 8.66429836606e-05, 0.000137062947033, 7.03770565451e-05, 4.98117660754e-05, 0.000106379273348, 0.000105568949948, 7.31814070605e-05, 7.7877775766e-05, 7.92852879385e-05, 4.86779936182e-05, 3.54012117896e-05, 3.85448438465e-05, 7.38910894142e-05, 5.24950519321e-05, 4.07300867664e-05, 3.08623457386e-05, 2.47564657911e-05, 1.94851309061e-05, 3.71461792383e-05, 1.92230418179e-05, 1.9084835003e-05, 1.52635293489e-05, 1.9955157768e-05, 1.67220568983e-05, 1.29044365167e-05, 7.42088377592e-06, 5.42273164683e-06, 5.30621900907e-06, 3.74448995899e-06, 4.49318986284e-06, 3.96243558498e-05, 1.3875986042e-05, 3.80537653655e-06, 2.35907737078e-06, 2.07830748877e-06, 1.95585448637e-06, 1.40499764711e-06, 6.34720663584e-07, 6.7880273491e-07, 2.72070479923e-07, 2.38713568024e-07, 2.90491577459e-08, 6.86813539374e-09, 5.28165788882e-10, 1.12516673756e-09, 5.67856039968e-10, 1.01783526052e-09, 5.03975861044e-10, 3.21456000707e-10, 4.37542918563e-11, 4.23996844579e-11, 4.1502391801e-11, 4.09089533082e-11, 4.06561034838e-11],
        "mean": [1.46813963511e-05, 7.35642170184e-05, 0.000225282317842, 0.000347054650774, 0.000382226251531, 0.000244926835876, 0.000161655203556, 0.000139109921292, 0.00018066856137, 0.000177352980245, 9.77480522124e-05, 0.000131989494548, 0.000118979383842, 6.25495231361e-05, 7.20303214621e-05, 0.000148103528772, 0.000116234565212, 6.28707857686e-05, 4.61311647086e-05, 3.53467730747e-05, 3.32593626808e-05, 9.16601275094e-05, 0.000160537150805, 8.04063020041e-05, 6.79188306094e-05, 0.000119490825455, 0.000191360959434, 0.000162580123288, 8.83627144503e-05, 9.27334549488e-05, 6.94222908351e-05, 3.68451146642e-05, 2.25679104915e-05, 2.1390409529e-05, 5.7535697124e-05, 9.92687346297e-05, 0.000149429237354, 4.44308534497e-05, 3.58119796147e-05, 3.14379685733e-05, 1.27165994854e-05, 2.79896867141e-05, 2.68925396085e-05, 2.86083086394e-05, 2.84184297925e-05, 7.57793168304e-05, 0.000250831508311, 0.000114480630145, 4.48417922598e-05, 8.66168265929e-05, 1.74529832293e-05, 1.66742538568e-05, 2.71542012342e-05, 2.68696476269e-05, 4.56850757473e-05, 1.77431284101e-05, 9.68720178207e-06, 2.31837038882e-05, 1.81192954187e-05, 9.33738556341e-06, 2.43431659328e-05, 2.4301249141e-05, 2.61526474787e-05, 1.58122475113e-05, 1.43019678944e-05, 1.39582989505e-05, 2.15842337639e-05, 1.09839884317e-05, 9.26177381189e-06, 1.43780243889e-05, 1.10772134576e-05, 1.04088185253e-05, 8.44618443807e-06, 8.94539243745e-06, 5.54004282094e-06, 6.20965283815e-06, 2.8725496577e-06, 2.42053374677e-06, 4.03564035878e-06, 3.94568451156e-06, 2.89124272967e-06, 3.02962757814e-06, 4.82261975776e-06, 2.94616734209e-06, 2.32036086345e-06, 2.5557119443e-06, 3.09250867758e-06, 2.89854642688e-06, 2.97345536637e-06, 1.94824292521e-06, 1.46306319948e-06, 1.17075796879e-06, 1.93580558516e-06, 1.40379734148e-06, 1.06204197436e-06, 1.06635707198e-06, 1.15970408388e-06, 6.99844520113e-07, 7.23907305655e-07, 5.47387628558e-07, 4.01747996648e-07, 3.19471126886e-07, 2.81629695564e-07, 2.21346738272e-07, 6.48668901704e-07, 3.25282030644e-07, 2.50442525385e-07, 1.16358975788e-07, 1.00897899813e-07, 8.41957117359e-08, 5.91795732419e-08, 3.13869783497e-08, 2.73711719956e-08, 1.47350149859e-08, 5.65845814648e-09, 6.26702245654e-10, 1.00058912544e-10, 1.14936228937e-11, 1.51705748658e-11, 1.41353500085e-11, 1.29534490773e-11, 1.18438687677e-11, 7.34595197172e-12, 2.2054471964e-12, 1.92552939739e-12, 1.6400945272e-12, 1.4865619586e-12, 1.45735268471e-12],
        "min": [3.14538564434e-26, 1.10960336764e-25, 2.16287849211e-26, 2.94871769029e-25, 3.50054167071e-25, 1.87596941111e-25, 3.03440918523e-25, 1.48035985796e-25, 3.08666160596e-25, 4.44130661792e-25, 1.57799520005e-25, 1.61890589637e-25, 1.41025070783e-25, 3.99349148266e-25, 3.62374596689e-25, 2.71286775463e-25, 4.56559461176e-25, 7.64616929303e-26, 5.40555053085e-25, 6.78227292458e-26, 4.41612519175e-25, 3.06875150519e-25, 3.36581680057e-25, 4.61254268246e-25, 6.78507350405e-25, 6.83541712791e-25, 2.40831247147e-25, 6.44712549225e-25, 7.14102677297e-25, 4.86239958305e-25, 8.86410853115e-25, 9.86782260644e-25, 6.08791077653e-25, 1.02220172086e-24, 7.74908125175e-25, 8.89135381466e-25, 9.68241958611e-25, 1.00256509938e-24, 6.83665169522e-25, 6.71563007856e-25, 3.31552050837e-25, 9.74703025248e-25, 8.60143855731e-25, 8.14143946537e-25, 5.9428293953e-25, 3.74543219886e-25, 1.26483630403e-24, 1.22209325639e-24, 1.32790277518e-24, 1.08667384353e-24, 9.48528127375e-25, 1.5086442192e-24, 1.19780432773e-24, 8.32246282856e-25, 2.239113443e-24, 1.41897528757e-24, 6.68108191522e-25, 9.4515140827e-25, 1.40518856275e-24, 1.47882517838e-24, 2.02285333951e-24, 1.39516302811e-24, 1.72894151559e-24, 1.34943069067e-24, 8.85659265888e-25, 9.55433322701e-25, 2.07736855844e-24, 1.6136185315e-24, 1.78960274984e-24, 2.20371685975e-24, 1.37815124269e-24, 1.07236331506e-24, 1.53126973604e-24, 2.57239396204e-24, 2.16280968865e-24, 1.51992897306e-24, 2.2288513487e-24, 2.77300957327e-24, 2.20482185667e-24, 1.82517682679e-24, 2.51244092767e-24, 2.67391483851e-24, 2.71135161328e-24, 2.21444891794e-24, 3.14124156079e-24, 2.5508746254e-24, 3.08085701951e-24, 2.25859554635e-24, 2.74598674854e-24, 2.17650944156e-24, 2.97210840221e-24, 2.6449352443e-24, 3.18893116074e-24, 3.51641493263e-24, 2.86575259724e-24, 3.32213229674e-24, 3.9042288144e-24, 4.06552207609e-24, 3.26271529336e-24, 3.24959022562e-24, 3.5871378905e-24, 3.16353555883e-24, 3.7111700962e-24, 2.98405372846e-24, 3.54078442371e-24, 3.91680799039e-24, 4.28575902463e-24, 3.26369604468e-24, 4.53047787692e-24, 4.15720704037e-24, 3.89684310417e-24, 4.03740352356e-24, 3.97972911391e-24, 3.89315399615e-24, 4.24974239671e-24, 3.71374848807e-24, 4.6051254178e-24, 4.35919408629e-24, 4.66098899723e-24, 4.52198026725e-24, 4.94359959982e-24, 3.9666923986e-24, 4.64621087147e-24, 4.73666363501e-24, 5.42186940058e-24, 4.80361780991e-24, 4.12617325236e-24, 5.16778795263e-24],
        "stdev": [2.99139446724e-05, 0.000164707729709, 0.000501546543092, 0.000924726482481, 0.001325835241, 0.000828543910757, 0.000488420191687, 0.000422390061431, 0.000652969116345, 0.000668513181154, 0.000255420425674, 0.00045200495515, 0.000349684734829, 0.000176842120709, 0.000198499139515, 0.000506103853695, 0.000508503348101, 0.000220157511649, 0.000233958911849, 0.000126100057969, 0.000199683592655, 0.000302453961922, 0.000590751180425, 0.000400464632548, 0.00030017195968, 0.000957657233812, 0.000956742966082, 0.00067096366547, 0.000400924851419, 0.000461964926217, 0.000382130558137, 0.000227836091653, 9.3688184279e-05, 0.000134875052026, 0.000389426248148, 0.000301160500385, 0.000345291307895, 0.000136705857585, 0.000110735425551, 0.000131140957819, 4.40624717157e-05, 8.43111120048e-05, 8.93189353519e-05, 0.000105625695141, 0.000154574634507, 0.000252114085015, 0.00072455703048, 0.000407543091569, 0.000189429614693, 0.000475450331578, 5.66187409277e-05, 8.03066504886e-05, 9.43421182455e-05, 5.70173142478e-05, 0.000107771891635, 6.27595363767e-05, 2.38728425757e-05, 5.36448824278e-05, 4.24973659392e-05, 2.0930521714e-05, 4.93895786349e-05, 5.1169161452e-05, 9.10316157388e-05, 4.10835891671e-05, 3.31446499331e-05, 3.39505422744e-05, 4.56992529507e-05, 2.28415610763e-05, 2.05911455851e-05, 3.68542605429e-05, 2.17127744691e-05, 2.49528420682e-05, 2.74381236522e-05, 2.43202375714e-05, 1.13166688607e-05, 1.33586627271e-05, 5.94908669882e-06, 5.31372734258e-06, 8.92415664566e-06, 8.95430184755e-06, 6.29197847957e-06, 6.52252174405e-06, 9.23381412576e-06, 5.44602880836e-06, 4.51244613942e-06, 4.82298264615e-06, 6.31351122138e-06, 5.92107426201e-06, 5.26633448317e-06, 3.37840742759e-06, 2.89243916995e-06, 2.15927843783e-06, 4.28980456491e-06, 2.49228151006e-06, 2.0178606519e-06, 2.07936113839e-06, 2.14621263694e-06, 1.43604734149e-06, 1.49204379341e-06, 1.04456989902e-06, 7.68186794176e-07, 6.01997783178e-07, 5.12005044584e-07, 4.93352445119e-07, 2.87385523734e-06, 1.15649947929e-06, 4.54603622302e-07, 2.27729785252e-07, 1.92334965732e-07, 1.61859773584e-07, 1.15553319802e-07, 6.35999271026e-08, 6.32910897025e-08, 3.24125615236e-08, 1.49594043819e-08, 2.01588723492e-09, 3.70417141404e-10, 3.95936131103e-11, 6.10676162416e-11, 5.30270966026e-11, 5.33375427159e-11, 4.48468970293e-11, 2.53648907433e-11, 4.3490328526e-12, 4.12868003674e-12, 3.9817879896e-12, 3.89952133084e-12, 3.87050938175e-12]
    },
    "mfcc": {
        "mean": [-916.233154297, 47.8975639343, -19.7547569275, 5.90309858322, -2.61703801155, 1.12329983711, -0.746133327484, 3.29043030739, -0.231412917376, 4.73124885559, -1.12476205826, -1.59072709084, -1.29186689854],
        "cov": [[103513.984375, 12078.2910156, -3894.88598633, 2497.45678711, -147.672317505, 760.460388184, -223.433944702, 1013.33239746, -220.070587158, 1344.11169434, -353.611968994, -483.255126953, -246.982772827], [12078.2910156, 2228.33032227, -1054.68835449, 85.0696105957, -207.444885254, -39.84167099, -29.1464767456, 104.681030273, 23.1849822998, 154.601104736, -9.69283008575, -42.5040206909, -90.7592010498], [-3894.88598633, -1054.68835449, 995.861206055, 276.16809082, 248.752319336, 119.135093689, -15.7088832855, -64.8759231567, -76.9965286255, -94.1480789185, -18.1476287842, 7.99950933456, 36.758228302], [2497.45678711, 85.0696105957, 276.16809082, 297.934936523, 126.804969788, 70.2623214722, -42.7180747986, -11.4228973389, -45.6987533569, 8.27941799164, -27.8005924225, -9.1003074646, 3.74462127686], [-147.672317505, -207.444885254, 248.752319336, 126.804969788, 136.115539551, 53.7435684204, -15.5341663361, -11.9424228668, -20.0550689697, -6.22976303101, -1.30449771881, 2.89910340309, 15.4569749832], [760.460388184, -39.84167099, 119.135093689, 70.2623214722, 53.7435684204, 114.615600586, 42.8574562073, 21.3505649567, -21.9998054504, 2.61740422249, 3.52143216133, -2.58729529381, 4.89603185654], [-223.433944702, -29.1464767456, -15.7088832855, -42.7180747986, -15.5341663361, 42.8574562073, 77.5028610229, 32.6361656189, 0.967864274979, 1.46580851078, 1.83144688606, 4.83151674271, 1.12980425358], [1013.33239746, 104.681030273, -64.8759231567, -11.4228973389, -11.9424228668, 21.3505649567, 32.6361656189, 83.9432220459, 13.4081220627, 18.3482933044, 2.67332530022, -10.1563243866, -0.721669912338], [-220.070587158, 23.1849822998, -76.9965286255, -45.6987533569, -20.0550689697, -21.9998054504, 0.967864274979, 13.4081220627, 54.2735748291, 21.2593193054, 9.14225006104, 1.61689412594, -2.4789750576], [1344.11169434, 154.601104736, -94.1480789185, 8.27941799164, -6.22976303101, 2.61740422249, 1.46580851078, 18.3482933044, 21.2593193054, 61.8041381836, 5.96177387238, -6.3933839798, 0.121448107064], [-353.611968994, -9.69283008575, -18.1476287842, -27.8005924225, -1.30449771881, 3.52143216133, 1.83144688606, 2.67332530022, 9.14225006104, 5.96177387238, 42.7071113586, 12.3600587845, -4.29140377045], [-483.255126953, -42.5040206909, 7.99950933456, -9.1003074646, 2.89910340309, -2.58729529381, 4.83151674271, -10.1563243866, 1.61689412594, -6.3933839798, 12.3600587845, 32.6392974854, 11.5508785248], [-246.982772827, -90.7592010498, 36.758228302, 3.74462127686, 15.4569749832, 4.89603185654, 1.12980425358, -0.721669912338, -2.4789750576, 0.121448107064, -4.29140377045, 11.5508785248, 38.9854316711]],
        "icov": [[8.20885543362e-05, -0.000292950164294, 0.000117747120385, -0.0004983653198, 0.000119906988402, -0.000459079165012, 0.000352474802639, -0.000488399877213, 0.000415838847402, -0.00079402962001, 0.000340392667567, 0.000189099300769, -0.000223880735575], [-0.000292950164294, 0.00368971168064, 0.00317586958408, -0.00285930978134, 0.00139041710645, 0.00101511261892, -0.0010439157486, 0.000877034151927, -0.000417609204305, 0.00246907630935, -0.0018684923416, -0.000696753675584, 0.00334829092026], [0.000117747120385, 0.00317586958408, 0.00774650508538, -0.00847293715924, -0.000711851927917, -0.00154203665443, -0.000869808252901, -0.000382866215659, 0.00151916639879, 0.00237649329938, -0.00144140550401, 0.00197832239792, 0.00148775347043], [-0.0004983653198, -0.00285930978134, -0.00847293715924, 0.0213255174458, -0.00797414500266, -0.00110120710451, 0.005948507227, 0.00187857216224, 0.000567659619264, -0.000747943879105, 0.00697099789977, -0.00625904509798, 0.00194922869559], [0.000119906988402, 0.00139041710645, -0.000711851927917, -0.00797414500266, 0.0211170632392, -0.00593991577625, 0.00460779620335, -0.00133424589876, -0.000657986674923, -0.00300014251843, -0.00269883079454, -0.000548544630874, -0.00251813046634], [-0.000459079165012, 0.00101511261892, -0.00154203665443, -0.00110120710451, -0.00593991577625, 0.023893693462, -0.0175312589854, 0.00257847434841, 0.00140919082332, 0.00420141965151, -0.00902569293976, 0.00512002455071, -0.00150932604447], [0.000352474802639, -0.0010439157486, -0.000869808252901, 0.005948507227, 0.00460779620335, -0.0175312589854, 0.0323950536549, -0.0110806319863, 0.00384215218946, -0.00702838646248, 0.0109845688567, -0.0115134138614, 0.00416898773983], [-0.000488399877213, 0.000877034151927, -0.000382866215659, 0.00187857216224, -0.00133424589876, 0.00257847434841, -0.0110806319863, 0.021267849952, -0.00727651081979, 0.00516193779185, -0.00565766962245, 0.00781591981649, -0.00336913950741], [0.000415838847402, -0.000417609204305, 0.00151916639879, 0.000567659619264, -0.000657986674923, 0.00140919082332, 0.00384215218946, -0.00727651081979, 0.030843835324, -0.0148968109861, 0.00126475573052, -0.00329907238483, 0.00313757173717], [-0.00079402962001, 0.00246907630935, 0.00237649329938, -0.000747943879105, -0.00300014251843, 0.00420141965151, -0.00702838646248, 0.00516193779185, -0.0148968109861, 0.0360505096614, -0.0104246065021, 0.00739079155028, -0.00488694896922], [0.000340392667567, -0.0018684923416, -0.00144140550401, 0.00697099789977, -0.00269883079454, -0.00902569293976, 0.0109845688567, -0.00565766962245, 0.00126475573052, -0.0104246065021, 0.0380132384598, -0.019077481702, 0.0102262208238], [0.000189099300769, -0.000696753675584, 0.00197832239792, -0.00625904509798, -0.000548544630874, 0.00512002455071, -0.0115134138614, 0.00781591981649, -0.00329907238483, 0.00739079155028, -0.019077481702, 0.0504176989198, -0.0189062617719], [-0.000223880735575, 0.00334829092026, 0.00148775347043, 0.00194922869559, -0.00251813046634, -0.00150932604447, 0.00416898773983, -0.00336913950741, 0.00313757173717, -0.00488694896922, 0.0102262208238, -0.0189062617719, 0.038384038955]]
    },
    "spectral_contrast_coeffs": {
        "max": [-0.522172927856, -0.54043751955, -0.442860394716, -0.606362819672, -0.61628895998, -0.659333109856],
        "mean": [-0.844952881336, -0.857314050198, -0.838193178177, -0.850505232811, -0.854066491127, -0.843071877956],
        "min": [-0.982209205627, -0.987654030323, -0.978321015835, -0.975757658482, -0.969305574894, -0.965022206306],
        "stdev": [0.115692429245, 0.106621086597, 0.121512137353, 0.11021977663, 0.0990885794163, 0.106451325119]
    },
    "spectral_contrast_valleys": {
        "max": [-5.44349241257, -5.24123859406, -5.95176744461, -6.10155487061, -5.57330751419, -8.45895290375],
        "mean": [-16.2672042847, -15.9151153564, -16.0448169708, -16.1015720367, -16.0360794067, -17.6756248474],
        "min": [-28.1204738617, -27.9946613312, -28.0058746338, -27.9232597351, -27.6161270142, -27.5438346863],
        "stdev": [9.77024650574, 10.0140676498, 9.94625759125, 9.87723636627, 9.95734024048, 8.549700737]
    }
},
"rhythm": {
    "beats_count": 65,
    "beats_loudness": {
        "max": 0.0503020919859,
        "mean": 0.015643177554,
        "min": 0,
        "stdev": 0.0172309149057
    },
    "bpm": 178.205841064,
    "bpm_histogram_first_peak_bpm": 178,
    "bpm_histogram_first_peak_weight": 0,
    "bpm_histogram_second_peak_bpm": 136,
    "bpm_histogram_second_peak_spread": 0.285714268684,
    "bpm_histogram_second_peak_weight": 0.234375,
    "danceability": 0.850139081478,
    "onset_rate": 1.35705077648,
    "beats_loudness_band_ratio": {
        "max": [0.699859380722, 0.318230211735, 0.811504781246, 0.739121079445, 0.616899371147, 0.432551980019],
        "mean": [0.0803339481354, 0.0542478822172, 0.137361451983, 0.142502978444, 0.160223484039, 0.0679260268807],
        "min": [0, 0, 0, 0, 0, 0],
        "stdev": [0.123892895877, 0.0851794406772, 0.194637581706, 0.184122055769, 0.184494107962, 0.0842510610819]
    },
    "beats_position": [0.31346938014, 0.638548731804, 0.975238084793, 1.3235373497, 1.66022670269, 1.99691605568, 2.34521532059, 2.69351458549, 3.03020405769, 3.36689329147, 3.7151927948, 4.06349182129, 4.40018129349, 4.73687076569, 5.07355976105, 5.41024923325, 5.74693870544, 6.08362817764, 6.420317173, 6.76861667633, 7.10530614853, 7.45360517502, 7.80190467834, 8.15020370483, 8.48689365387, 8.82358264923, 9.17188167572, 9.50857162476, 9.84526062012, 10.1935596466, 10.5302495956, 10.866938591, 11.2036275864, 11.5403175354, 11.8770065308, 12.3181858063, 12.7593650818, 13.2005443573, 13.5836734772, 13.966802597, 14.3963718414, 14.8259410858, 15.1974601746, 15.5689792633, 15.9404983521, 16.3468475342, 16.7299766541, 17.1131057739, 17.4962348938, 17.9374141693, 18.3785934448, 18.8197727203, 19.2609519958, 19.6905212402, 20.1200904846, 20.549659729, 20.9908390045, 21.43201828, 21.8731975555, 22.3143768311, 22.7555541992, 23.1967334747, 23.6379127502, 24.0790920258, 24.5086612701],
