{
"metadata": {
    "version": {
        "essentia": "2.1-beta5",
        "essentia_git_sha": "Undefined",
        "extractor": "music 2.0"
    },
    "audio_properties": {
        "analysis": {
            "equal_loudness": 0,
            "length": 32.4963264465,
            "sample_rate": 44100,
            "start_time": 93.9943771362,
            "downmix": "mix"
        },
        "bit_rate": 192000,
        "length": 198.739593506,
        "lossless": 0,
        "number_channels": 2,
        "replay_gain": -2.31308555603,
        "sample_rate": 44100,
        "codec": "mp3",
        "md5_encoded": "9e5cfb9f15aee3753ccd3c406a596769"
    },
    "tags": {
        "file_name": "Malta_Little Child_Mary Spiteri.mp3",
        "encoding": ["Lavf58.29.100"]
    }
},
"lowlevel": {
    "average_loudness": 0.409790545702,
    "barkbands_crest": {
        "max": 23.1690483093,
        "mean": 8.72282028198,
        "min": 2.75286197662,
        "stdev": 3.53441262245
    },
    "barkbands_flatness_db": {
        "max": 0.252936035395,
        "mean": 0.13945749402,
        "min": 0.0607441812754,
        "stdev": 0.0294055491686
    },
    "barkbands_kurtosis": {
        "max": 29.0062217712,
        "mean": 1.27835392952,
        "min": -1.74868237972,
        "stdev": 2.96401286125
    },
    "barkbands_skewness": {
        "max": 4.89504146576,
        "mean": 0.949620306492,
        "min": -1.30685341358,
        "stdev": 0.786009192467
    },
    "barkbands_spread": {
        "max": 82.7550201416,
        "mean": 20.2929592133,
        "min": 2.91132330894,
        "stdev": 9.35624217987
    },
    "dissonance": {
        "max": 0.49999922514,
        "mean": 0.457109332085,
        "min": 0.322345972061,
        "stdev": 0.0248226001859
    },
    "dynamic_complexity": 4.72203445435,
    "erbbands_crest": {
        "max": 27.2890357971,
        "mean": 9.91711997986,
        "min": 3.68036699295,
        "stdev": 4.30419254303
    },
    "erbbands_flatness_db": {
        "max": 0.267966240644,
        "mean": 0.185654461384,
        "min": 0.0813105404377,
        "stdev": 0.0331164337695
    },
    "erbbands_kurtosis": {
        "max": 12.09233284,
        "mean": 0.189546316862,
        "min": -1.68047606945,
        "stdev": 1.4316778183
    },
    "erbbands_skewness": {
        "max": 3.08229756355,
        "mean": 0.136351406574,
        "min": -1.92834436893,
        "stdev": 0.670480370522
    },
    "erbbands_spread": {
        "max": 113.442947388,
        "mean": 29.7559909821,
        "min": 6.11463737488,
        "stdev": 12.5321807861
    },
    "hfc": {
        "max": 138.533294678,
        "mean": 15.7020254135,
        "min": 0.106144286692,
        "stdev": 19.8160610199
    },
    "loudness_ebu128": {
        "integrated": -23.5332717896,
        "loudness_range": 10.1620407104,
        "momentary": {
            "max": -16.6760215759,
            "mean": -25.6916980743,
            "min": -33.8226165771,
            "stdev": 4.54514455795
        },
        "short_term": {
            "max": -18.7679481506,
            "mean": -25.1587944031,
            "min": -31.7613964081,
            "stdev": 3.41840672493
        }
    },
    "melbands_crest": {
        "max": 28.5261363983,
        "mean": 11.3263120651,
        "min": 3.34682321548,
        "stdev": 4.48030138016
    },
    "melbands_flatness_db": {
        "max": 0.316757529974,
        "mean": 0.185658857226,
        "min": 0.0546190068126,
        "stdev": 0.0463373214006
    },
    "melbands_kurtosis": {
        "max": 73.5316085815,
        "mean": 4.83652639389,
        "min": -1.58373606205,
        "stdev": 6.51661872864
    },
    "melbands_skewness": {
        "max": 7.17692041397,
        "mean": 1.68011474609,
        "min": -0.708849191666,
        "stdev": 0.962530314922
    },
    "melbands_spread": {
        "max": 104.35975647,
        "mean": 25.8070487976,
        "min": 2.53267431259,
        "stdev": 13.229473114
    },
    "pitch_salience": {
        "max": 0.83126616478,
        "mean": 0.573408842087,
        "min": 0.238182246685,
        "stdev": 0.0876223444939
    },
    "silence_rate_20dB": {
        "max": 1,
        "mean": 1,
        "min": 1,
        "stdev": 0
    },
    "silence_rate_30dB": {
        "max": 1,
        "mean": 0.997144877911,
        "min": 0,
        "stdev": 0.0533567890525
    },
    "silence_rate_60dB": {
        "max": 1,
        "mean": 0.225553169847,
        "min": 0,
        "stdev": 0.417944550514
    },
    "spectral_centroid": {
        "max": 3528.94750977,
        "mean": 1245.30212402,
        "min": 404.159576416,
        "stdev": 468.706085205
    },
    "spectral_complexity": {
        "max": 47,
        "mean": 15.5132045746,
        "min": 0,
        "stdev": 7.91261863708
    },
    "spectral_decrease": {
        "max": -1.98879072932e-11,
        "mean": -3.8040877115e-09,
        "min": -3.49298190372e-08,
        "stdev": 4.16175671702e-09
    },
    "spectral_energy": {
        "max": 0.143207922578,
        "mean": 0.0157817527652,
        "min": 8.46892871778e-05,
        "stdev": 0.0173630267382
    },
    "spectral_energyband_high": {
        "max": 0.00957847107202,
        "mean": 0.000459979753941,
        "min": 1.37731660743e-06,
        "stdev": 0.000800583453383
    },
    "spectral_energyband_low": {
        "max": 0.0296288561076,
        "mean": 0.00179744476918,
        "min": 1.71075316757e-06,
        "stdev": 0.00316177913919
    },
    "spectral_energyband_middle_high": {
        "max": 0.0603819601238,
        "mean": 0.00569640658796,
        "min": 4.18469644501e-05,
        "stdev": 0.0083788568154
    },
    "spectral_energyband_middle_low": {
        "max": 0.112469948828,
        "mean": 0.00803241319954,
        "min": 3.97909134335e-05,
        "stdev": 0.0102692898363
    },
    "spectral_entropy": {
        "max": 8.58859062195,
        "mean": 7.38808727264,
        "min": 6.44318675995,
        "stdev": 0.304006129503
    },
    "spectral_flux": {
        "max": 0.272758305073,
        "mean": 0.0588514879346,
        "min": 0.00912541523576,
        "stdev": 0.0416206233203
    },
    "spectral_kurtosis": {
        "max": 18.0184268951,
        "mean": 5.77089977264,
        "min": -0.775461673737,
        "stdev": 3.16877913475
    },
    "spectral_rms": {
        "max": 0.0118201123551,
        "mean": 0.00344233331271,
        "min": 0.000287443370325,
        "stdev": 0.00188339466695
    },
    "spectral_rolloff": {
        "max": 7730.41992188,
        "mean": 1541.48803711,
        "min": 129.19921875,
        "stdev": 928.011108398
    },
    "spectral_skewness": {
        "max": 3.18179869652,
        "mean": 1.72096097469,
        "min": 0.203920796514,
        "stdev": 0.443431437016
    },
    "spectral_spread": {
        "max": 12225553,
        "mean": 3836823,
        "min": 1977990.125,
        "stdev": 1359544.5
    },
    "spectral_strongpeak": {
        "max": 12.2774782181,
        "mean": 1.2346394062,
        "min": 0,
        "stdev": 1.55427849293
    },
    "zerocrossingrate": {
        "max": 0.23779296875,
        "mean": 0.0555270910263,
        "min": 0.0146484375,
        "stdev": 0.0243052151054
    },
    "barkbands": {
        "max": [0.00278159882873, 0.022519774735, 0.0174133758992, 0.0211940575391, 0.0174220893532, 0.0355412848294, 0.0263366885483, 0.0138750327751, 0.0954012945294, 0.0405457578599, 0.0253351442516, 0.0212099533528, 0.036289755255, 0.0398781858385, 0.0135614098981, 0.0170862898231, 0.00954362563789, 0.00765641359612, 0.00488833989948, 0.00405842158943, 0.00307690468617, 0.00541624799371, 0.00293789920397, 0.00115200679284, 0.000662165053654, 0.000339671038091, 2.80897211269e-07],
        "mean": [0.000171304593096, 0.00100440206006, 0.00048727801186, 0.000414984300733, 0.00171094888356, 0.001958290115, 0.0015745612327, 0.000561058928724, 0.00171044655144, 0.000600624305662, 0.000749025086407, 0.000720434938557, 0.000650801055599, 0.000814071157947, 0.000664334162138, 0.0005283728824, 0.000476440996863, 0.000267991243163, 0.000188605918083, 0.000158262555487, 0.000132341505378, 0.000112788176921, 5.23178168805e-05, 3.96057621401e-05, 2.40670615312e-05, 8.38795949676e-06, 9.71020819307e-10],
        "min": [2.2178747372e-07, 8.03681132311e-07, 9.79620864427e-08, 5.93955917338e-07, 6.57810142002e-06, 4.22960238211e-06, 7.77746117819e-06, 1.77850597538e-06, 1.22912820189e-06, 3.33621892423e-06, 5.79522748012e-07, 2.18053673962e-06, 1.63983418133e-06, 3.46480328517e-06, 1.07331902655e-06, 1.83405825283e-06, 1.10162261535e-06, 2.28978410632e-06, 2.85963807301e-07, 4.84591964778e-07, 2.6393678354e-07, 1.24013837421e-07, 6.99723727848e-08, 6.43091695451e-08, 9.54750092319e-08, 2.06336085995e-08, 6.8071485948e-11],
        "stdev": [0.000320079183439, 0.00210497085936, 0.00117775029503, 0.000885250628926, 0.00218253000639, 0.00357575691305, 0.00264786579646, 0.000984851852991, 0.00660694111139, 0.00237120431848, 0.00183823739644, 0.00216193846427, 0.00209453864954, 0.00243645790033, 0.00147415103856, 0.00125930947252, 0.00101984711364, 0.000648741610348, 0.000365246058209, 0.000333872798365, 0.000248242024099, 0.000335880351486, 0.000143820027006, 9.21874307096e-05, 6.20743740001e-05, 2.31968333537e-05, 8.10139511032e-09]
    },
    "erbbands": {
        "max": [0.723522424698, 5.47516107559, 15.3077087402, 42.2056045532, 84.1025695801, 85.1849594116, 140.04145813, 382.753631592, 330.972412109, 781.348083496, 404.512969971, 2733.31445312, 942.03515625, 1247.8939209, 977.778564453, 802.029846191, 2023.73059082, 2370.83862305, 709.587463379, 738.764282227, 436.619659424, 617.354125977, 536.803222656, 157.004653931, 287.732452393, 221.670791626, 170.734558105, 118.599609375, 233.349258423, 72.7127838135, 86.6356887817, 25.2378940582, 15.1396760941, 8.09640216827, 5.47638750076, 2.29741334915, 0.454423427582, 0.012393116951, 0.000357023789547, 0.000173683685716],
        "mean": [0.0308686066419, 0.217775195837, 0.571053206921, 0.994862139225, 2.69335317612, 6.78453111649, 9.7857503891, 18.0305480957, 16.2174339294, 31.0962924957, 14.950088501, 42.3728713989, 21.2658557892, 20.1706085205, 30.1455230713, 30.5910873413, 34.5064620972, 36.0797424316, 28.4750823975, 53.5826301575, 19.3941764832, 27.1986713409, 17.083114624, 10.7234945297, 8.64606666565, 7.68488407135, 7.51268434525, 3.67684483528, 4.19106864929, 2.63025736809, 1.3713490963, 0.928557395935, 0.567744255066, 0.299541056156, 0.155722856522, 0.061492331326, 0.011276721023, 0.000292841054033, 1.99495298148e-05, 2.04796524486e-05],
        "min": [4.12786030211e-05, 0.000117420364404, 0.000136528702569, 0.00213917321526, 0.014100106433, 0.0255485456437, 0.00997009687126, 0.0469795353711, 0.0930418223143, 0.10983030498, 0.0591975934803, 0.0637830868363, 0.118365138769, 0.1741925776, 0.18130376935, 0.129628181458, 0.158084437251, 0.368024259806, 0.131838843226, 0.0568276792765, 0.105946555734, 0.0953596010804, 0.117474451661, 0.0957049280405, 0.0354702584445, 0.0316991657019, 0.0166984256357, 0.00643621012568, 0.00469916313887, 0.0026279934682, 0.00167398713529, 0.00118685723282, 0.00129709555767, 0.000977555057034, 0.000702185905538, 0.000253662816249, 9.55322502705e-06, 4.75182218906e-07, 6.58080068661e-07, 1.12288785203e-06],
        "stdev": [0.0683050006628, 0.471755802631, 1.29829919338, 1.98026883602, 4.41158151627, 8.84927177429, 15.5363311768, 35.9626655579, 27.343793869, 64.4174575806, 33.3819274902, 189.864746094, 62.3035202026, 53.3647422791, 69.5768508911, 87.0195465088, 105.771766663, 127.248191833, 57.6224517822, 111.292640686, 37.7914009094, 56.6592826843, 38.6464385986, 19.2470684052, 17.3210983276, 15.2321739197, 13.4818029404, 8.38472080231, 13.4695501328, 6.10902357101, 4.02463197708, 2.25058531761, 1.30341506004, 0.734539031982, 0.424903541803, 0.166545391083, 0.032577354461, 0.000841234112158, 3.18108395732e-05, 2.24188643188e-05]
    },
    "gfcc": {
        "mean": [-43.9334793091, 115.208648682, -142.188537598, 26.0284442902, -61.3630599976, 12.3459653854, -46.5140151978, 5.31060934067, -23.0779590607, 7.24806070328, -11.7095813751, -1.57666683197, -2.47150850296],
        "cov": [[5405.37548828, -1668.41772461, -304.741973877, 299.018829346, -654.954345703, 28.0753231049, -77.5775527954, 133.887115479, -83.7337265015, 58.3652229309, -174.003463745, 168.318496704, -91.4043426514], [-1668.41772461, 947.090270996, -39.9941329956, -85.1976242065, 305.057952881, -104.882522583, 115.319076538, -55.749671936, 66.0873718262, -71.4465560913, 100.674880981, -112.092308044, 74.1483612061], [-304.741973877, -39.9941329956, 461.322509766, 33.3385925293, 46.3201789856, 129.310775757, -58.0062065125, 64.6262969971, 3.39003491402, 27.0547542572, -31.4410667419, 34.9692764282, -58.0371208191], [299.018829346, -85.1976242065, 33.3385925293, 214.349151611, 3.3790345192, 8.55017471313, -0.291294127703, -9.93505954742, 15.6444911957, -13.5532045364, 2.58615493774, -3.81704139709, -0.209541425109], [-654.954345703, 305.057952881, 46.3201789856, 3.3790345192, 321.709442139, 23.1202774048, 14.2727203369, 28.5443248749, 13.3872995377, 14.2328958511, 23.0527935028, -29.951543808, -7.43957805634], [28.0753231049, -104.882522583, 129.310775757, 8.55017471313, 23.1202774048, 204.76625061, 18.8776988983, -11.7262763977, 0.0271249283105, 27.0390930176, -13.3744029999, 8.58099555969, -44.8840332031], [-77.5775527954, 115.319076538, -58.0062065125, -0.291294127703, 14.2727203369, 18.8776988983, 136.385864258, -22.4541549683, -5.40177822113, 17.0089569092, -2.94188761711, -15.6534109116, 6.5676651001], [133.887115479, -55.749671936, 64.6262969971, -9.93505954742, 28.5443248749, -11.7262763977, -22.4541549683, 159.281570435, 43.1599960327, -17.7030124664, -21.0848560333, 8.41602993011, -4.3492436409], [-83.7337265015, 66.0873718262, 3.39003491402, 15.6444911957, 13.3872995377, 0.0271249283105, -5.40177822113, 43.1599960327, 88.5332107544, -7.69820594788, 7.37387418747, -14.7866477966, 12.5689916611], [58.3652229309, -71.4465560913, 27.0547542572, -13.5532045364, 14.2328958511, 27.0390930176, 17.0089569092, -17.7030124664, -7.69820594788, 96.7846069336, 1.14527976513, 19.1530742645, -22.3255672455], [-174.003463745, 100.674880981, -31.4410667419, 2.58615493774, 23.0527935028, -13.3744029999, -2.94188761711, -21.0848560333, 7.37387418747, 1.14527976513, 78.9031524658, 3.51638150215, 11.2910013199], [168.318496704, -112.092308044, 34.9692764282, -3.81704139709, -29.951543808, 8.58099555969, -15.6534109116, 8.41602993011, -14.7866477966, 19.1530742645, 3.51638150215, 76.322227478, 7.00206422806], [-91.4043426514, 74.1483612061, -58.0371208191, -0.209541425109, -7.43957805634, -44.8840332031, 6.5676651001, -4.3492436409, 12.5689916611, -22.3255672455, 11.2910013199, 7.00206422806, 77.6917724609]],
        "icov": [[0.0005603050231, 0.000653662893455, 0.000614100717939, -0.000684282451402, 0.000457011396065, -3.77354590455e-05, -0.000157827365911, -0.000642957573291, 0.000223468130571, -8.7600426923e-05, 0.00028717337409, -0.00035566923907, 0.00042055171798], [0.000653662893455, 0.0120375156403, -0.00550053874031, 0.00652183592319, -0.00905856397003, 0.00873736850917, -0.0117695871741, 0.00893211737275, -0.00953035615385, 0.0105159226805, -0.00928411632776, 0.00744750350714, -0.00389385060407], [0.000614100717939, -0.00550053874031, 0.00754279037938, -0.00537179689854, 0.00535630807281, -0.00680847465992, 0.00770177133381, -0.00727248284966, 0.00593980168924, -0.00641712220386, 0.00641768286005, -0.00580059178174, 0.00389872537926], [-0.000684282451402, 0.00652183592319, -0.00537179689854, 0.0105497306213, -0.00685622449964, 0.0059495922178, -0.00765395443887, 0.00811771675944, -0.00800401344895, 0.0080849705264, -0.00659126555547, 0.00525386957452, -0.00302909873426], [0.000457011396065, -0.00905856397003, 0.00535630807281, -0.00685622449964, 0.0121813304722, -0.00786480400711, 0.009406295605, -0.00991871207952, 0.00903328880668, -0.0100835701451, 0.0067430078052, -0.00477532483637, 0.00352962873876], [-3.77354590455e-05, 0.00873736850917, -0.00680847465992, 0.0059495922178, -0.00786480400711, 0.0140540897846, -0.0108673376963, 0.00943612493575, -0.00930306129158, 0.00842721574008, -0.00678727589548, 0.00480691902339, -0.000160282856086], [-0.000157827365911, -0.0117695871741, 0.00770177133381, -0.00765395443887, 0.009406295605, -0.0108673376963, 0.0208663381636, -0.00976810604334, 0.0109396362677, -0.0131243197247, 0.0106341661885, -0.00588882667944, 0.00253555504605], [-0.000642957573291, 0.00893211737275, -0.00727248284966, 0.00811771675944, -0.00991871207952, 0.00943612493575, -0.00976810604334, 0.0186156146228, -0.0141303399578, 0.0117244385183, -0.00558310933411, 0.00404597679153, -0.0022205512505], [0.000223468130571, -0.00953035615385, 0.00593980168924, -0.00800401344895, 0.00903328880668, -0.00930306129158, 0.0109396362677, -0.0141303399578, 0.0242604147643, -0.010967772454, 0.00570463202894, -0.00201298948377, -0.000175408204086], [-8.7600426923e-05, 0.0105159226805, -0.00641712220386, 0.0080849705264, -0.0100835701451, 0.00842721574008, -0.0131243197247, 0.0117244385183, -0.010967772454, 0.0234817452729, -0.00888990890235, 0.00245272088796, 0.000350550340954], [0.00028717337409, -0.00928411632776, 0.00641768286005, -0.00659126555547, 0.0067430078052, -0.00678727589548, 0.0106341661885, -0.00558310933411, 0.00570463202894, -0.00888990890235, 0.0232263822109, -0.00938607659191, 0.00348085118458], [-0.00035566923907, 0.00744750350714, -0.00580059178174, 0.00525386957452, -0.00477532483637, 0.00480691902339, -0.00588882667944, 0.00404597679153, -0.00201298948377, 0.00245272088796, -0.00938607659191, 0.0238889791071, -0.00855962838978], [0.00042055171798, -0.00389385060407, 0.00389872537926, -0.00302909873426, 0.00352962873876, -0.000160282856086, 0.00253555504605, -0.0022205512505, -0.000175408204086, 0.000350550340954, 0.00348085118458, -0.00855962838978, 0.0202880818397]]
    },
    "melbands": {
        "max": [0.00595591356978, 0.00623236782849, 0.0092093013227, 0.00402213865891, 0.00417215051129, 0.00816114712507, 0.00452257646248, 0.00752929225564, 0.00688104284927, 0.0153865460306, 0.00479892501608, 0.00582178402692, 0.00411864602938, 0.00309223472141, 0.00341339409351, 0.00321412063204, 0.0045611653477, 0.00153228617273, 0.00143126258627, 0.00177657103632, 0.000591553805862, 0.000704099365976, 0.000551207864191, 0.000432625907706, 0.000124589481857, 0.000238928449107, 0.000142109129229, 0.00016035050794, 0.00011019694648, 0.000118181698781, 7.34076747904e-05, 0.000152177162818, 7.76967863203e-05, 4.68151847599e-05, 6.15088720224e-05, 2.21466198127e-05, 1.6852562112e-05, 1.0581308743e-05, 9.92014975054e-06, 5.91806428929e-06],
        "mean": [0.000286253576633, 0.000293310848065, 0.000217057779082, 0.000341388775269, 0.000346770102624, 0.000398331787437, 0.000265047245193, 0.00029401347274, 0.000145911049913, 0.000253485835856, 0.000101730314782, 8.18947228254e-05, 0.000112979178084, 7.36881993362e-05, 9.28403169382e-05, 5.83083783567e-05, 6.96611023159e-05, 4.71072671644e-05, 5.56298109586e-05, 5.98594306211e-05, 1.65502078744e-05, 2.72358120128e-05, 2.35699390032e-05, 1.21239663713e-05, 8.10583514976e-06, 7.37255140848e-06, 5.10159270561e-06, 5.07445020048e-06, 4.94727964906e-06, 3.27566931446e-06, 1.79110566023e-06, 2.44033412855e-06, 2.07340758607e-06, 1.258269549e-06, 8.55264659094e-07, 5.44421425275e-07, 5.66262087887e-07, 4.16296046524e-07, 3.2756076962e-07, 2.22627562607e-07],
        "min": [3.37823678365e-07, 1.06366861985e-07, 6.985840173e-07, 1.54192900936e-06, 5.11523751356e-07, 8.19657088869e-07, 1.56826888542e-06, 4.8035110467e-07, 4.26458967695e-07, 1.66579269489e-07, 3.95756785565e-07, 6.04482238487e-07, 4.31933358414e-07, 3.2611677625e-07, 1.83388777941e-07, 1.93454269493e-07, 3.19738006738e-07, 1.11801398361e-07, 7.24572899458e-08, 8.3032546172e-08, 7.67353185438e-08, 6.95536570561e-08, 7.73202799564e-08, 9.36113337957e-08, 7.25752613562e-08, 6.1001204088e-09, 2.5076969834e-08, 1.53489594368e-08, 7.76842146166e-09, 6.8892918037e-09, 2.23086393802e-09, 2.50673504176e-09, 1.92111149211e-09, 1.1265652855e-09, 8.48784320606e-10, 8.19718515288e-10, 6.94790280864e-10, 8.81925310559e-10, 7.4048522869e-10, 7.58026919012e-10],
        "stdev": [0.000580365245696, 0.000613039592281, 0.000398610689444, 0.000460860290332, 0.000493303523399, 0.000768515106756, 0.000408059771871, 0.0005998260458, 0.000468129990622, 0.00109937007073, 0.000306539557641, 0.000248750438914, 0.000281065586023, 0.000230539881159, 0.000291137053864, 0.000163818898727, 0.000261860142928, 0.000117605603009, 0.000124820857309, 0.000138579664053, 4.42137934442e-05, 6.12546282355e-05, 5.5335698562e-05, 2.93755820167e-05, 1.57464091899e-05, 1.4926118638e-05, 1.19054766401e-05, 1.04313376141e-05, 9.27213659452e-06, 6.97840823705e-06, 4.8132151278e-06, 8.53853362059e-06, 5.66149174119e-06, 3.03302999782e-06, 2.72085048891e-06, 1.46232059706e-06, 1.36711958021e-06, 9.75749685495e-07, 8.04649744168e-07, 5.59552859158e-07]
    },
    "melbands128": {
        "max": [0.00224425806664, 0.00680632470176, 0.008200770244, 0.00946851354092, 0.00939930230379, 0.00875203870237, 0.00748242158443, 0.0123313218355, 0.00944883935153, 0.00730456411839, 0.00584940146655, 0.00516624795273, 0.00546430842951, 0.013331673108, 0.010065802373, 0.012341843918, 0.00783567968756, 0.00481704855338, 0.00563172623515, 0.014785354957, 0.00419044401497, 0.00268942047842, 0.00448520155624, 0.0218176580966, 0.0329927802086, 0.0118741951883, 0.00288271019235, 0.00849488284439, 0.00761669548228, 0.012277902104, 0.00294812140055, 0.00346893863752, 0.00864943768829, 0.00458760606125, 0.00610220106319, 0.00483570853248, 0.00469203712419, 0.00631242850795, 0.00572015158832, 0.00936545059085, 0.00241705588996, 0.00309602334164, 0.0109320702031, 0.00460570398718, 0.00382330827415, 0.00199029524811, 0.0013170769671, 0.00209381780587, 0.00230209343135, 0.00203538010828, 0.00383367901668, 0.00163847429212, 0.000812454090919, 0.00121905398555, 0.0014440305531, 0.00114178704098, 0.00115415011533, 0.00122857757378, 0.00105693610385, 0.0011724261567, 0.000755398708861, 0.000495929387398, 0.000174219938344, 0.0002732349094, 0.000388483749703, 0.000239453554968, 0.000375048286514, 0.000230415214901, 0.000322526844684, 0.000174096378032, 0.000240700668655, 0.00018643841031, 0.000188572434126, 0.000177641195478, 0.000138897070428, 0.000280345295323, 0.000107430903881, 6.78119904478e-05, 9.41821199376e-05, 0.000174990214873, 0.000265548645984, 0.000157625763677, 0.000214397179661, 7.52507403377e-05, 4.98178815178e-05, 3.55525335181e-05, 5.62372988497e-05, 5.51399789401e-05, 8.60418003867e-05, 4.12800800405e-05, 3.08230701194e-05, 1.8382232156e-05, 2.3208458515e-05, 2.19692701648e-05, 1.55192101374e-05, 1.50366404341e-05, 1.32798886625e-05, 9.85517544905e-06, 1.95298780454e-05, 1.08247577373e-05, 8.56214228406e-06, 5.85963607591e-06, 6.07299489275e-06, 8.11631980469e-06, 8.07200103736e-06, 5.51113225811e-06, 7.24343681213e-06, 7.9197325249e-06, 4.72178726341e-06, 2.40021790887e-06, 2.69747124548e-06, 2.1611720058e-06, 2.64117420556e-06, 1.57746328e-07, 1.86801218938e-09, 1.67915581439e-09, 1.53171220152e-09, 1.42833822547e-09, 1.34246269656e-09, 1.2698190277e-09, 1.19886212069e-09, 1.15084830554e-09, 1.10224485095e-09, 1.07712949671e-09, 1.05180397725e-09, 1.01639840988e-09, 1.00707497896e-09, 9.88148896042e-10],
        "mean": [0.000125014397781, 0.000251575052971, 0.000348462199327, 0.000364612322301, 0.000316871446557, 0.00022150130826, 0.000183151860256, 0.000222950882744, 0.000244910159381, 0.000357007520506, 0.000403836194891, 0.000352519098669, 0.000300357642118, 0.000379497272661, 0.000411929097027, 0.000442504533567, 0.000291474920232, 0.000158186856424, 0.000269825162832, 0.000540127686691, 0.000145315410919, 7.44715362089e-05, 7.70072365412e-05, 0.000291003671009, 0.000412888010032, 0.000151378044393, 0.000114767106425, 6.90680753905e-05, 0.000140540185384, 8.49820353324e-05, 3.76837197109e-05, 0.000113712441816, 0.000177018417162, 4.74277112517e-05, 7.68285026425e-05, 7.5903168181e-05, 7.44097706047e-05, 0.000102368634543, 0.000102023950603, 7.82651550253e-05, 2.86074646283e-05, 5.72730641579e-05, 9.03429972823e-05, 4.88288133056e-05, 8.23348455015e-05, 3.95913084503e-05, 2.12954328163e-05, 3.08338785544e-05, 7.9000768892e-05, 0.000114292488433, 5.41404333489e-05, 1.08749936771e-05, 1.64304892678e-05, 1.89834063349e-05, 1.6315267203e-05, 2.8656268114e-05, 3.51305061486e-05, 3.27777197526e-05, 1.74792185135e-05, 9.51827587414e-06, 1.43660154208e-05, 1.1862410247e-05, 6.42693066766e-06, 6.58039107293e-06, 1.1726197954e-05, 6.648141607e-06, 5.69609164813e-06, 5.85804036746e-06, 4.31032640336e-06, 5.08553966938e-06, 5.2540726756e-06, 5.15329247719e-06, 4.65801576865e-06, 4.72936335427e-06, 5.68187124372e-06, 3.74087471755e-06, 1.99332453121e-06, 1.97028225557e-06, 1.31134686399e-06, 2.18987133849e-06, 2.4616117571e-06, 2.50508810495e-06, 2.5765373266e-06, 2.16572721001e-06, 1.55535394697e-06, 1.20568654438e-06, 1.27664486627e-06, 1.12481552605e-06, 8.13609631223e-07, 6.83751125052e-07, 5.58750855362e-07, 4.02918175268e-07, 7.01992973973e-07, 5.74929060804e-07, 4.98239330682e-07, 5.0626238135e-07, 3.72387063408e-07, 3.22366759065e-07, 3.80346023121e-07, 2.90773385814e-07, 2.60808803887e-07, 1.98527203565e-07, 1.96996580826e-07, 1.93197294607e-07, 1.80792980586e-07, 1.60381546266e-07, 1.57357476382e-07, 1.19368266382e-07, 1.05026202846e-07, 8.57657340703e-08, 7.50880886358e-08, 4.87637841218e-08, 3.67793475675e-08, 2.45135733934e-09, 8.74149103797e-12, 5.13815682709e-12, 4.77793369105e-12, 4.56393299889e-12, 4.42113099602e-12, 4.30057031653e-12, 4.18344569056e-12, 4.09502596763e-12, 3.99493242306e-12, 3.91284921131e-12, 3.87709395838e-12, 3.83711942428e-12, 3.81047667378e-12, 3.76473505148e-12],
        "min": [2.45139570865e-08, 4.14661712966e-07, 3.10319364871e-07, 1.59693541946e-07, 4.58941684656e-08, 6.20506739324e-08, 2.34265655763e-07, 3.16199873396e-07, 1.21443451917e-06, 4.76303370078e-07, 1.39460053106e-06, 7.49112984977e-07, 1.4000328008e-07, 2.53527502991e-07, 2.62128224904e-07, 1.82982731189e-08, 5.75844651962e-08, 3.92991239551e-07, 5.35475010111e-07, 2.48455023666e-07, 4.59132451169e-07, 4.84306639237e-08, 1.26089844343e-07, 2.59993200302e-08, 3.81874194488e-08, 7.99589372491e-08, 4.33016289492e-08, 2.07216892534e-08, 3.33605356673e-08, 1.95710185835e-07, 5.27419175e-08, 6.22051388177e-08, 8.96319960475e-08, 8.00298920467e-08, 3.60931373677e-08, 3.53012694632e-08, 2.74365525854e-08, 4.5741369803e-08, 7.95160843836e-08, 1.77961823056e-08, 2.12319726245e-08, 2.76734066773e-08, 9.40885129808e-08, 3.10551087068e-08, 6.36091428419e-08, 2.61770161103e-08, 4.12315586118e-08, 1.57284798519e-08, 3.17847153042e-08, 9.19427307622e-08, 2.41476669771e-08, 4.11516367649e-08, 4.58761846289e-08, 4.35465210558e-08, 2.71614570835e-08, 2.54952823298e-08, 3.88884835445e-08, 2.91650650297e-08, 5.78571039966e-08, 3.3497649099e-08, 3.37393686323e-08, 3.91254246779e-08, 3.13929220397e-08, 1.5220631866e-08, 4.09636990994e-09, 2.39797115498e-09, 3.37021721641e-09, 9.45438038968e-09, 5.26992538497e-09, 6.31253804784e-09, 6.55141363382e-09, 4.67208982613e-09, 3.62046592706e-09, 6.39956443393e-09, 5.64487523391e-09, 3.11794279284e-09, 3.89804455381e-09, 3.25162075043e-09, 1.27661015092e-09, 1.6535384173e-09, 1.28338484284e-09, 1.01209418624e-09, 1.58290458518e-09, 9.70961533397e-10, 7.01504354605e-10, 9.4023944186e-10, 5.47530520922e-10, 8.31900492937e-10, 6.49049924917e-10, 5.73011305072e-10, 6.32373486908e-10, 3.33823996224e-10, 6.32834951109e-10, 5.60531732141e-10, 6.15659467851e-10, 5.74997993663e-10, 5.99266969381e-10, 4.47980791352e-10, 6.23342766293e-10, 6.14135020616e-10, 6.77546629912e-10, 5.92136728539e-10, 5.93863458409e-10, 5.04098263132e-10, 3.45591083528e-10, 4.04262900933e-10, 2.71749678316e-10, 2.94387125788e-10, 4.63454941091e-10, 2.79023349564e-11, 3.28357322886e-13, 3.32094838825e-13, 2.69398273221e-13, 1.85170211412e-13, 1.73048980202e-13, 1.65720722193e-13, 2.00041643406e-13, 2.14230028031e-13, 1.71858092536e-13, 2.0848902845e-13, 1.87345947675e-13, 2.20502747463e-13, 1.95619060772e-13, 1.95055600903e-13, 1.84623881938e-13, 2.43418051557e-13, 2.30848760246e-13, 1.62142611078e-13],
        "stdev": [0.000251765857683, 0.000597552396357, 0.000771977589466, 0.000827991287224, 0.000754390202928, 0.000552054960281, 0.000400132470531, 0.000505581789184, 0.000491127371788, 0.000694490387104, 0.00056336534908, 0.000566399423406, 0.000615203520283, 0.000881397805642, 0.000932799361181, 0.00118412659504, 0.000678633048665, 0.000340170518029, 0.000524035247508, 0.00124702777248, 0.000278450141195, 0.000211932143429, 0.00024785567075, 0.0013466932578, 0.00218028551899, 0.000713538727723, 0.000262963207206, 0.000379619421437, 0.000599092338234, 0.000456266687252, 0.000127675157273, 0.000280639884295, 0.000530958350282, 0.000193401923752, 0.0003030654334, 0.000349082838511, 0.000365923217032, 0.000444165838417, 0.000405168160796, 0.00038662107545, 0.000106701656478, 0.0001641051349, 0.000533326005097, 0.000240211709752, 0.000277385785012, 0.000110284541734, 7.03271507518e-05, 0.000137096692924, 0.000252871715929, 0.000266346585704, 0.000214115701965, 5.4493357311e-05, 5.04921408719e-05, 7.70720580476e-05, 7.83044233685e-05, 8.88196445885e-05, 0.000104989558167, 9.56323201535e-05, 7.86538148532e-05, 4.63519354525e-05, 4.51952400908e-05, 3.47906570823e-05, 1.4579524759e-05, 1.91321269085e-05, 3.4116437746e-05, 1.65721539815e-05, 1.71677020262e-05, 1.70502644323e-05, 1.59302890097e-05, 1.3001977095e-05, 1.298953066e-05, 1.39794747156e-05, 1.33539551825e-05, 1.17260424304e-05, 1.30760172397e-05, 1.17999470604e-05, 5.43429587196e-06, 5.71151122131e-06, 4.10807251683e-06, 8.39321728563e-06, 1.13898904601e-05, 9.06203149498e-06, 9.73892019829e-06, 5.71975351704e-06, 4.57931264464e-06, 3.12478573505e-06, 3.45536341229e-06, 3.30723014486e-06, 3.328082812e-06, 2.20659171646e-06, 1.67292398601e-06, 1.18345371902e-06, 1.87273064967e-06, 1.54060830937e-06, 1.31953072469e-06, 1.29581792407e-06, 9.60094325819e-07, 7.26071107238e-07, 1.0600956557e-06, 8.20912305244e-07, 6.79048525853e-07, 5.05377386162e-07, 5.11853102125e-07, 5.92875267102e-07, 5.30788497599e-07, 4.6041003543e-07, 4.55599405313e-07, 4.1438710241e-07, 3.0736515555e-07, 2.25418531841e-07, 2.0469285289e-07, 1.5103906037e-07, 1.37455032245e-07, 7.8037531992e-09, 5.66244620637e-11, 4.73893285724e-11, 4.34127317428e-11, 4.07503093769e-11, 3.85038910478e-11, 3.65130287117e-11, 3.46337437895e-11, 3.33634543603e-11, 3.2015213397e-11, 3.13200299029e-11, 3.06918865323e-11, 2.97828775531e-11, 2.95192377486e-11, 2.89930371378e-11]
    },
    "mfcc": {
        "mean": [-678.354675293, 140.447952271, -18.5003013611, 15.3889284134, 1.33633303642, 3.16212892532, -6.04536151886, -6.09484767914, -3.77343392372, -0.591730237007, -1.75874972343, -2.21122336388, 0.844867348671],
        "cov": [[5859.99462891, -1843.70373535, 20.2991371155, -18.622297287, -463.258605957, -161.327774048, -159.861068726, -3.1283326149, 9.74663639069, -83.3553771973, -96.4099121094, 76.3251113892, -22.0883655548], [-1843.70373535, 993.427307129, -216.908752441, 56.0080375671, 133.584182739, 13.7933073044, 94.2262039185, -1.85356545448, 21.0332565308, 36.9427719116, 39.0460166931, -28.6743354797, 22.8568763733], [20.2991371155, -216.908752441, 427.444244385, -50.014465332, 52.6229476929, 36.3756828308, -39.2341766357, 53.1599388123, -7.6529302597, 12.4430189133, 21.4762840271, -7.73597288132, -25.5469646454], [-18.622297287, 56.0080375671, -50.014465332, 198.294647217, 28.7389564514, -15.2178516388, 12.7182197571, -12.194106102, 12.1489553452, -12.0417051315, -11.362323761, 18.361371994, 10.2828931808], [-463.258605957, 133.584182739, 52.6229476929, 28.7389564514, 277.269073486, -20.4779148102, 17.2661476135, 52.8295211792, 5.55531930923, 56.1313285828, -23.1354694366, 32.1339378357, 16.7779655457], [-161.327774048, 13.7933073044, 36.3756828308, -15.2178516388, -20.4779148102, 227.093704224, 60.3285217285, -20.8889083862, -23.8851222992, 10.046172142, 48.6007194519, -55.3456535339, 37.9443511963], [-159.861068726, 94.2262039185, -39.2341766357, 12.7182197571, 17.2661476135, 60.3285217285, 101.356407166, 2.19043731689, -0.80598539114, 10.3735561371, 18.3838329315, -9.20975399017, 14.7812929153], [-3.1283326149, -1.85356545448, 53.1599388123, -12.194106102, 52.8295211792, -20.8889083862, 2.19043731689, 104.184432983, 25.6344871521, 26.4985408783, -7.30003213882, 1.87365710735, -2.81945514679], [9.74663639069, 21.0332565308, -7.6529302597, 12.1489553452, 5.55531930923, -23.8851222992, -0.80598539114, 25.6344871521, 97.3108062744, 22.4527015686, -6.46394062042, 6.86220026016, -1.33704566956], [-83.3553771973, 36.9427719116, 12.4430189133, -12.0417051315, 56.1313285828, 10.046172142, 10.3735561371, 26.4985408783, 22.4527015686, 101.205085754, 8.26830768585, -0.151825457811, 10.9087686539], [-96.4099121094, 39.0460166931, 21.4762840271, -11.362323761, -23.1354694366, 48.6007194519, 18.3838329315, -7.30003213882, -6.46394062042, 8.26830768585, 83.9821624756, -6.00002908707, 7.03674650192], [76.3251113892, -28.6743354797, -7.73597288132, 18.361371994, 32.1339378357, -55.3456535339, -9.20975399017, 1.87365710735, 6.86220026016, -0.151825457811, -6.00002908707, 91.1637115479, -0.0831615254283], [-22.0883655548, 22.8568763733, -25.5469646454, 10.2828931808, 16.7779655457, 37.9443511963, 14.7812929153, -2.81945514679, -1.33704566956, 10.9087686539, 7.03674650192, -0.0831615254283, 63.8866424561]],
        "icov": [[0.000548384618014, 0.00108242104761, 0.00042373672477, -0.00019315960526, 0.000485321681481, 0.000358685589163, -0.00017840466171, -0.000326033332385, -5.19016648468e-05, -0.000175301087438, -3.53445757355e-05, -7.39944152883e-06, -0.000277998391539], [0.00108242104761, 0.00361729413271, 0.00166388740763, -0.000498044828419, -9.45956926444e-05, 0.00103312986903, -0.00114760710858, -0.000475062028272, -0.000417697709054, -0.000267361348961, -0.00125353119802, 0.000975608709268, -0.000342373910826], [0.00042373672477, 0.00166388740763, 0.00391490291804, 0.00023632691591, -0.00098685757257, -0.000883840257302, 0.00140799314249, -0.00176779832691, 4.05505197705e-05, 0.00019172768225, -0.00160473026335, 0.000336160737788, 0.00160429335665], [-0.00019315960526, -0.000498044828419, 0.00023632691591, 0.00572284637019, -0.000942269398365, 6.84759725118e-05, -0.000559430802241, 0.000991246080957, -0.000977152492851, 0.00123461196199, 0.000435938680312, -0.00072696415009, -0.000615472672507], [0.000485321681481, -9.45956926444e-05, -0.00098685757257, -0.000942269398365, 0.00636104261503, 0.000500187743455, -0.00087027263362, -0.00212880107574, 0.00127607851755, -0.00280119921081, 0.00254857633263, -0.00224723527208, -0.00168015644886], [0.000358685589163, 0.00103312986903, -0.000883840257302, 6.84759725118e-05, 0.000500187743455, 0.00855376385152, -0.00437775999308, 0.00158200820442, 0.000867008056957, -0.000551704899408, -0.00276513351128, 0.00422567361966, -0.0043166782707], [-0.00017840466171, -0.00114760710858, 0.00140799314249, -0.000559430802241, -0.00087027263362, -0.00437775999308, 0.0140900062397, -0.0015663173981, -3.80971905543e-05, -5.18721899425e-05, -0.00115252262913, -0.000947298423853, 0.000635292497464], [-0.000326033332385, -0.000475062028272, -0.00176779832691, 0.000991246080957, -0.00212880107574, 0.00158200820442, -0.0015663173981, 0.0130801843479, -0.00281835789792, -0.00139603717253, 0.000433548266301, 0.00129587529227, -0.000116773000627], [-5.19016648468e-05, -0.000417697709054, 4.05505197705e-05, -0.000977152492851, 0.00127607851755, 0.000867008056957, -3.80971905543e-05, -0.00281835789792, 0.0121239200234, -0.00281596393324, 0.000772044761106, -0.000623535132036, -1.19278738566e-05], [-0.000175301087438, -0.000267361348961, 0.00019172768225, 0.00123461196199, -0.00280119921081, -0.000551704899408, -5.18721899425e-05, -0.00139603717253, -0.00281596393324, 0.0128351235762, -0.00186407670844, 0.000615809694864, -0.00111772073433], [-3.53445757355e-05, -0.00125353119802, -0.00160473026335, 0.000435938680312, 0.00254857633263, -0.00276513351128, -0.00115252262913, 0.000433548266301, 0.000772044761106, -0.00186407670844, 0.0156220216304, -0.00232447637245, -0.000406073173508], [-7.39944152883e-06, 0.000975608709268, 0.000336160737788, -0.00072696415009, -0.00224723527208, 0.00422567361966, -0.000947298423853, 0.00129587529227, -0.000623535132036, 0.000615809694864, -0.00232447637245, 0.0145860072225, -0.00158658775035], [-0.000277998391539, -0.000342373910826, 0.00160429335665, -0.000615472672507, -0.00168015644886, -0.0043166782707, 0.000635292497464, -0.000116773000627, -1.19278738566e-05, -0.00111772073433, -0.000406073173508, -0.00158658775035, 0.0195058733225]]
    },
    "spectral_contrast_coeffs": {
        "max": [-0.434476971626, -0.467940688133, -0.49237665534, -0.546460688114, -0.614039540291, -0.584818005562],
        "mean": [-0.703931152821, -0.721842885017, -0.727941393852, -0.740145921707, -0.777395606041, -0.776505827904],
        "min": [-0.874789714813, -0.903833389282, -0.91342061758, -0.879327476025, -0.881694197655, -0.869957566261],
        "stdev": [0.0701511502266, 0.0670754760504, 0.0568434298038, 0.0562317632139, 0.0485206469893, 0.0472334288061]
    },
    "spectral_contrast_valleys": {
        "max": [-5.06239414215, -5.0222697258, -5.60543632507, -6.15539884567, -6.03950595856, -8.24065208435],
        "mean": [-7.16179847717, -6.98945903778, -7.80697154999, -7.97003316879, -8.12185001373, -10.8962535858],
        "min": [-9.09397029877, -8.78142738342, -9.34973526001, -9.3810338974, -9.6779050827, -12.8235406876],
        "stdev": [0.593428492546, 0.634473383427, 0.670385539532, 0.656681597233, 0.814765512943, 1.01424467564]
    }
},
"rhythm": {
    "beats_count": 84,
    "beats_loudness": {
        "max": 0.132142618299,
        "mean": 0.0219442360103,
        "min": 0.00100236630533,
        "stdev": 0.0219224840403
    },
    "bpm": 155.825622559,
    "bpm_histogram_first_peak_bpm": 157,
    "bpm_histogram_first_peak_weight": 0.194029867649,
    "bpm_histogram_second_peak_bpm": 152,
    "bpm_histogram_second_peak_spread": 0.266666650772,
    "bpm_histogram_second_peak_weight": 0.132530122995,
    "danceability": 0.948168218136,
    "onset_rate": 3.01464819908,
    "beats_loudness_band_ratio": {
        "max": [0.874280035496, 0.752013921738, 0.736477375031, 0.769243776798, 0.530357599258, 0.232910782099],
        "mean": [0.252973973751, 0.227839976549, 0.229350954294, 0.164276972413, 0.121628388762, 0.0397461056709],
        "min": [0.0197824090719, 0.0205759182572, 0.0129688754678, 0.0208297744393, 0.0200837310404, 0.00246377661824],
        "stdev": [0.211125910282, 0.142784714699, 0.157444059849, 0.143710687757, 0.099241040647, 0.0431676805019]
    },
