{
"metadata": {
    "version": {
        "essentia": "2.1-beta5",
        "essentia_git_sha": "Undefined",
        "extractor": "music 2.0"
    },
    "audio_properties": {
        "analysis": {
            "equal_loudness": 0,
            "length": 48.7502937317,
            "sample_rate": 44100,
            "start_time": 12.7477550507,
            "downmix": "mix"
        },
        "bit_rate": 192000,
        "length": 231.28237915,
        "lossless": 0,
        "number_channels": 2,
        "replay_gain": 1.60650062561,
        "sample_rate": 48000,
        "codec": "mp3",
        "md5_encoded": "c745f6f78731276bac03f85e26a5c944"
    },
    "tags": {
        "file_name": "Cyprus_Teriazoume_Evridiki.mp3",
        "encoding": ["Lavf58.29.100"]
    }
},
"lowlevel": {
    "average_loudness": 0.740199804306,
    "barkbands_crest": {
        "max": 24.0529575348,
        "mean": 9.70183467865,
        "min": 2.71670866013,
        "stdev": 4.67659282684
    },
    "barkbands_flatness_db": {
        "max": 0.334426611662,
        "mean": 0.120387747884,
        "min": 0.0259494856,
        "stdev": 0.0512958467007
    },
    "barkbands_kurtosis": {
        "max": 82.1649093628,
        "mean": 3.1066827774,
        "min": -1.84949445724,
        "stdev": 6.65673112869
    },
    "barkbands_skewness": {
        "max": 7.79139375687,
        "mean": 1.06450092793,
        "min": -6.19559240341,
        "stdev": 1.42630517483
    },
    "barkbands_spread": {
        "max": 99.6590499878,
        "mean": 27.1654071808,
        "min": 1.17496180534,
        "stdev": 16.1633090973
    },
    "dissonance": {
        "max": 0.500000119209,
        "mean": 0.464125901461,
        "min": 0.229336768389,
        "stdev": 0.0306031741202
    },
    "dynamic_complexity": 5.56109333038,
    "erbbands_crest": {
        "max": 31.462594986,
        "mean": 8.77280902863,
        "min": 2.05716514587,
        "stdev": 4.45534133911
    },
    "erbbands_flatness_db": {
        "max": 0.395424336195,
        "mean": 0.162852495909,
        "min": 0.0511325225234,
        "stdev": 0.0558997914195
    },
    "erbbands_kurtosis": {
        "max": 85.6099395752,
        "mean": 0.847903192043,
        "min": -1.83253121376,
        "stdev": 4.17715406418
    },
    "erbbands_skewness": {
        "max": 3.97959470749,
        "mean": 0.10128095001,
        "min": -7.29303073883,
        "stdev": 1.08416092396
    },
    "erbbands_spread": {
        "max": 135.427261353,
        "mean": 42.9128112793,
        "min": 2.25686264038,
        "stdev": 24.7061271667
    },
    "hfc": {
        "max": 851.960327148,
        "mean": 23.2970523834,
        "min": 0.0571399964392,
        "stdev": 64.4668579102
    },
    "loudness_ebu128": {
        "integrated": -25.9123954773,
        "loudness_range": 6.42444229126,
        "momentary": {
            "max": -19.6622505188,
            "mean": -28.5423412323,
            "min": -44.4626312256,
            "stdev": 5.21061849594
        },
        "short_term": {
            "max": -23.4428863525,
            "mean": -26.8204269409,
            "min": -37.5520401001,
            "stdev": 2.72746229172
        }
    },
    "melbands_crest": {
        "max": 31.3502006531,
        "mean": 12.7050971985,
        "min": 2.97662425041,
        "stdev": 5.9788851738
    },
    "melbands_flatness_db": {
        "max": 0.442745536566,
        "mean": 0.161987945437,
        "min": 0.0377026237547,
        "stdev": 0.0627084821463
    },
    "melbands_kurtosis": {
        "max": 198.996887207,
        "mean": 11.346818924,
        "min": -1.93875205517,
        "stdev": 18.128452301
    },
    "melbands_skewness": {
        "max": 12.5567264557,
        "mean": 2.29643678665,
        "min": -2.23712801933,
        "stdev": 1.82724618912
    },
    "melbands_spread": {
        "max": 256.578979492,
        "mean": 36.5348129272,
        "min": 1.7119846344,
        "stdev": 38.4007225037
    },
    "pitch_salience": {
        "max": 0.90364331007,
        "mean": 0.615526378155,
        "min": 0.173080340028,
        "stdev": 0.132839128375
    },
    "silence_rate_20dB": {
        "max": 1,
        "mean": 1,
        "min": 1,
        "stdev": 0
    },
    "silence_rate_30dB": {
        "max": 1,
        "mean": 0.995240390301,
        "min": 0,
        "stdev": 0.0688270404935
    },
    "silence_rate_60dB": {
        "max": 1,
        "mean": 0.336030453444,
        "min": 0,
        "stdev": 0.472348928452
    },
    "spectral_centroid": {
        "max": 7005.80761719,
        "mean": 1654.9699707,
        "min": 249.053497314,
        "stdev": 936.540649414
    },
    "spectral_complexity": {
        "max": 50,
        "mean": 12.4750118256,
        "min": 0,
        "stdev": 8.56159687042
    },
    "spectral_decrease": {
        "max": -1.22289522259e-11,
        "mean": -3.45610584596e-09,
        "min": -4.65600997757e-08,
        "stdev": 4.87267781679e-09
    },
    "spectral_energy": {
        "max": 0.185380339622,
        "mean": 0.0151572534814,
        "min": 5.13376726303e-05,
        "stdev": 0.0208266936243
    },
    "spectral_energyband_high": {
        "max": 0.110877081752,
        "mean": 0.00188523496035,
        "min": 1.20577942653e-06,
        "stdev": 0.00808451790363
    },
    "spectral_energyband_low": {
        "max": 0.0156191932037,
        "mean": 0.000765787321143,
        "min": 1.57149372626e-06,
        "stdev": 0.00136332481634
    },
    "spectral_energyband_middle_high": {
        "max": 0.0532558225095,
        "mean": 0.00288337725215,
        "min": 1.67815578607e-05,
        "stdev": 0.00425082072616
    },
    "spectral_energyband_middle_low": {
        "max": 0.170918136835,
        "mean": 0.00990891270339,
        "min": 1.59393093782e-05,
        "stdev": 0.0170521475375
    },
    "spectral_entropy": {
        "max": 8.73826694489,
        "mean": 7.71050548553,
        "min": 5.36646175385,
        "stdev": 0.479049772024
    },
    "spectral_flux": {
        "max": 0.349856108427,
        "mean": 0.0623119622469,
        "min": 0.00846095941961,
        "stdev": 0.0471862927079
    },
    "spectral_kurtosis": {
        "max": 35.4481620789,
        "mean": 4.25125408173,
        "min": -1.31213355064,
        "stdev": 4.12918376923
    },
    "spectral_rms": {
        "max": 0.0134483780712,
        "mean": 0.00316268089227,
        "min": 0.000223797978833,
        "stdev": 0.00218746694736
    },
    "spectral_rolloff": {
        "max": 11003.4667969,
        "mean": 2337.88891602,
        "min": 107.666015625,
        "stdev": 2092.9753418
    },
    "spectral_skewness": {
        "max": 4.95117473602,
        "mean": 1.4605871439,
        "min": -0.70846247673,
        "stdev": 0.62841552496
    },
    "spectral_spread": {
        "max": 14095073,
        "mean": 5127428.5,
        "min": 1595113.125,
        "stdev": 2044989.625
    },
    "spectral_strongpeak": {
        "max": 33.5588607788,
        "mean": 1.21053791046,
        "min": 0,
        "stdev": 2.28582024574
    },
    "zerocrossingrate": {
        "max": 0.36669921875,
        "mean": 0.0903885066509,
        "min": 0.013671875,
        "stdev": 0.0564357042313
    },
    "barkbands": {
        "max": [0.00198851386085, 0.0109344571829, 0.00377227831632, 0.0400382168591, 0.0746150016785, 0.0475964210927, 0.059860188514, 0.101999521255, 0.126471146941, 0.0211157854646, 0.00868669617921, 0.0337664075196, 0.0300351735204, 0.00808989908546, 0.015877392143, 0.00727138202637, 0.00751413498074, 0.0218154229224, 0.00596210779622, 0.0114466939121, 0.0181759875268, 0.0166825689375, 0.0721200704575, 0.0675324350595, 0.00843141879886, 0.00312310643494, 0.000156994283316],
        "mean": [8.35187820485e-05, 0.000302917702356, 0.000199652640731, 0.000794488471001, 0.00362549349666, 0.00153417850379, 0.00139800552279, 0.00140689651016, 0.000938222045079, 0.000435565103544, 0.000260188971879, 0.000274873891613, 0.000311963754939, 0.000261051405687, 0.000406163657317, 0.000214480533032, 0.00017762328207, 0.000330880604452, 0.00018566804647, 0.00019083841471, 0.000125869832118, 0.000295446167002, 0.00044538709335, 0.000837236701045, 9.1176283604e-05, 2.88338178507e-05, 6.4170120595e-07],
        "min": [2.21503082543e-08, 2.68084392019e-07, 1.34008715236e-07, 2.67899793016e-07, 2.91871401714e-06, 1.32319951263e-06, 1.75153809323e-06, 5.77234459342e-07, 1.34686797537e-06, 6.45867828553e-07, 1.32973681843e-07, 8.06113007457e-07, 7.4332371014e-07, 7.55583357659e-07, 8.2511007804e-07, 2.84759693159e-07, 7.00663292719e-07, 7.63793707392e-07, 5.7442139223e-07, 7.82212964623e-07, 8.69825029781e-08, 1.73787682911e-07, 1.18193376863e-07, 9.47695966147e-08, 7.91439731529e-08, 4.24123953735e-08, 2.18209200709e-10],
        "stdev": [0.000145527141285, 0.000766408862546, 0.000311778072501, 0.00307261710986, 0.00806749798357, 0.00409186026081, 0.00414594542235, 0.00484712608159, 0.00501728337258, 0.00133975560311, 0.0006291634636, 0.00105016399175, 0.000958301709034, 0.000547664647456, 0.000910340691917, 0.000499745307025, 0.000368451786926, 0.00111832097173, 0.000420480530011, 0.000724535086192, 0.000558706698939, 0.0013033465948, 0.00296028796583, 0.00434043817222, 0.000428133498644, 0.000145726109622, 4.5842025429e-06]
    },
    "erbbands": {
        "max": [0.41977623105, 3.10421466827, 6.8384437561, 59.6441497803, 306.843231201, 333.394683838, 471.558013916, 497.455047607, 569.571899414, 993.389038086, 2669.65380859, 2107.67773438, 1976.68859863, 406.511047363, 352.512420654, 1516.90625, 1169.16333008, 712.166809082, 342.767333984, 647.613037109, 332.931640625, 498.519989014, 1501.70703125, 378.394195557, 588.185119629, 316.871368408, 246.310470581, 1037.046875, 566.309082031, 1016.0970459, 2284.1003418, 1346.17529297, 777.960388184, 131.298812866, 48.4720535278, 7.21375465393, 11.0951623917, 0.281162470579, 0.0200715158135, 0.000745434896089],
        "mean": [0.00831521581858, 0.070003323257, 0.24325042963, 1.29889547825, 5.87713003159, 12.579240799, 17.1193161011, 12.8472480774, 16.106842041, 28.5542087555, 27.4858875275, 21.7212219238, 18.8991127014, 9.83169078827, 11.1072483063, 11.111577034, 13.2671890259, 11.9884624481, 17.8254241943, 19.5806865692, 10.9168338776, 11.6450653076, 18.2562007904, 14.2587776184, 9.96065616608, 6.41639232635, 5.60228300095, 4.49784231186, 8.96316719055, 14.2521839142, 13.2777824402, 18.7604198456, 10.3021259308, 1.47606861591, 0.546868383884, 0.14922966063, 0.0690421834588, 0.00321478093974, 0.000147094382555, 3.02761982311e-05],
        "min": [8.33791182231e-06, 3.57740354957e-05, 0.000152971973876, 0.000725575722754, 0.00212150509469, 0.0131338778883, 0.00472136121243, 0.0152505924925, 0.0259352475405, 0.0438776649535, 0.0265909358859, 0.0315162986517, 0.0260460972786, 0.0208099875599, 0.0301932767034, 0.0502784326673, 0.0398279577494, 0.0480145215988, 0.0400755777955, 0.0398227423429, 0.0365549139678, 0.047248814255, 0.0470291562378, 0.0354654751718, 0.0275343563408, 0.0339701883495, 0.0116051668301, 0.00393256824464, 0.00473934831098, 0.00635804235935, 0.00355979031883, 0.00263932184316, 0.00138904282358, 0.000866889487952, 0.000330074806698, 0.000212859915337, 6.07423426118e-05, 1.22900637507e-05, 1.41061468639e-06, 3.32999661623e-07],
        "stdev": [0.0207279380411, 0.190261125565, 0.437297582626, 4.27833509445, 20.3788146973, 29.4682197571, 48.2083625793, 36.7134513855, 47.2555580139, 73.3590316772, 111.852279663, 104.40045166, 75.1280975342, 22.2577190399, 27.6658267975, 43.7713851929, 39.1132621765, 29.45586586, 32.175327301, 40.5287246704, 21.727104187, 23.8678226471, 72.6165771484, 35.6448402405, 35.8686485291, 17.8775100708, 17.54139328, 26.4197101593, 38.9026908875, 66.1476974487, 94.6786193848, 96.8169555664, 54.5440330505, 7.27758026123, 2.47600388527, 0.552210688591, 0.480947136879, 0.0152754355222, 0.000723408709746, 6.34888128843e-05]
    },
    "gfcc": {
        "mean": [-46.4363517761, 70.146522522, -126.156486511, 25.8407402039, -72.0779418945, 10.675151825, -51.7098731995, 8.70367527008, -23.6782245636, 1.76924455166, -15.981303215, -1.85508084297, -11.1566896439],
        "cov": [[3586.83276367, -208.038070679, -273.38079834, 163.340621948, -504.932983398, -39.6299819946, -418.882843018, -74.6880493164, 73.5349502563, -168.820098877, 122.645225525, -70.0818252563, -5.10026073456], [-208.038070679, 1261.59460449, -393.523834229, -345.661132812, 192.625747681, -399.212799072, -18.1826915741, -118.318138123, -92.1906585693, -53.6802787781, 64.2493438721, -145.206451416, 51.9122428894], [-273.38079834, -393.523834229, 1242.8527832, 371.658813477, -165.55796814, 245.037628174, -78.1706237793, 17.9731807709, 20.9779968262, 23.4019546509, -62.9720611572, 53.8829116821, -84.4814300537], [163.340621948, -345.661132812, 371.658813477, 580.252258301, -89.7080307007, 116.526412964, -62.0729675293, 93.9868850708, -29.5444908142, 18.5731964111, -33.0957794189, 10.2369594574, -27.0104465485], [-504.932983398, 192.625747681, -165.55796814, -89.7080307007, 411.532958984, -26.4811611176, 132.506454468, 24.6240291595, -13.3388690948, 89.8023605347, -13.2613658905, 2.8782851696, -7.36791229248], [-39.6299819946, -399.212799072, 245.037628174, 116.526412964, -26.4811611176, 355.208312988, 33.1854667664, 88.6016082764, 50.3877830505, 2.73604869843, -52.8742637634, 74.2002182007, -23.2961006165], [-418.882843018, -18.1826915741, -78.1706237793, -62.0729675293, 132.506454468, 33.1854667664, 260.869720459, 49.0676765442, 8.28514099121, 69.5553207397, -30.6139945984, 13.8059568405, 4.06905889511], [-74.6880493164, -118.318138123, 17.9731807709, 93.9868850708, 24.6240291595, 88.6016082764, 49.0676765442, 171.797348022, 32.6586914062, 13.9206418991, -33.4354133606, 25.3138694763, -13.1898069382], [73.5349502563, -92.1906585693, 20.9779968262, -29.5444908142, -13.3388690948, 50.3877830505, 8.28514099121, 32.6586914062, 110.420204163, 27.4090652466, -0.61124932766, 17.4415225983, -21.3031234741], [-168.820098877, -53.6802787781, 23.4019546509, 18.5731964111, 89.8023605347, 2.73604869843, 69.5553207397, 13.9206418991, 27.4090652466, 143.0365448, 13.7206830978, 12.174200058, -8.80966854095], [122.645225525, 64.2493438721, -62.9720611572, -33.0957794189, -13.2613658905, -52.8742637634, -30.6139945984, -33.4354133606, -0.61124932766, 13.7206830978, 79.7883911133, 4.42220258713, 9.95612335205], [-70.0818252563, -145.206451416, 53.8829116821, 10.2369594574, 2.8782851696, 74.2002182007, 13.8059568405, 25.3138694763, 17.4415225983, 12.174200058, 4.42220258713, 96.8065185547, 12.1068878174], [-5.10026073456, 51.9122428894, -84.4814300537, -27.0104465485, -7.36791229248, -23.2961006165, 4.06905889511, -13.1898069382, -21.3031234741, -8.80966854095, 9.95612335205, 12.1068878174, 79.9387359619]],
        "icov": [[0.000456526206108, 6.92863177392e-05, 0.00024481600849, -0.000198247638764, 0.000345938635292, -0.00010820801981, 0.000458385387901, 0.000124233731185, -0.00041710989899, 0.000204101117561, -0.000502447248437, 0.000354647490894, 9.359359683e-05], [6.92863177392e-05, 0.00185054610483, -0.000204534400837, 0.00075724045746, -0.000936520576943, 0.00132542755455, 0.000270804070169, -0.000402600679081, 0.000400925666327, 0.00097883772105, -0.000945121690165, 0.00189777987543, -0.000892882293556], [0.00024481600849, -0.000204534400837, 0.00147797924001, -0.000836524064653, 0.000729953579139, -0.00079282320803, 0.000444268807769, 0.000858274288476, -0.000181041876203, -0.000561789434869, 0.000705217767972, -0.000655117211863, 0.00128421967383], [-0.000198247638764, 0.00075724045746, -0.000836524064653, 0.00324864336289, -7.64496362535e-05, 0.00023808372498, 0.000795282539912, -0.00211238511838, 0.00223348615691, -0.000924243940972, 9.94252841338e-05, 0.00112071284093, -0.000306231318973], [0.000345938635292, -0.000936520576943, 0.000729953579139, -7.64496362535e-05, 0.00438737031072, -0.000690854969434, -0.000616661913227, -8.65522888489e-05, 0.000870569201652, -0.00256274687126, 0.00107761763502, -0.00112446327694, 0.00158167059999], [-0.00010820801981, 0.00132542755455, -0.00079282320803, 0.00023808372498, -0.000690854969434, 0.00576444063336, -0.000453708722489, -0.00133703509346, -0.000995034002699, 0.00132357142866, 0.00143184012268, -0.00167894025799, -0.000249717239058], [0.000458385387901, 0.000270804070169, 0.000444268807769, 0.000795282539912, -0.000616661913227, -0.000453708722489, 0.00633815955371, -0.0012483515311, 0.000523998693097, -0.00243051489815, 0.00172965787351, 0.000393705937313, -0.000529308337718], [0.000124233731185, -0.000402600679081, 0.000858274288476, -0.00211238511838, -8.65522888489e-05, -0.00133703509346, -0.0012483515311, 0.00895167700946, -0.0027657400351, 0.000463659729576, 0.0021857409738, -0.00167621707078, 0.000901295919903], [-0.00041710989899, 0.000400925666327, -0.000181041876203, 0.00223348615691, 0.000870569201652, -0.000995034002699, 0.000523998693097, -0.0027657400351, 0.0131446784362, -0.0033971099183, 2.94109781862e-06, -0.00074517657049, 0.00282469252124], [0.000204101117561, 0.00097883772105, -0.000561789434869, -0.000924243940972, -0.00256274687126, 0.00132357142866, -0.00243051489815, 0.000463659729576, -0.0033971099183, 0.0115003632382, -0.00420932658017, 0.000721834017895, -0.000401876692194], [-0.000502447248437, -0.000945121690165, 0.000705217767972, 9.94252841338e-05, 0.00107761763502, 0.00143184012268, 0.00172965787351, 0.0021857409738, 2.94109781862e-06, -0.00420932658017, 0.0183327868581, -0.00445048231632, 7.74280269979e-05], [0.000354647490894, 0.00189777987543, -0.000655117211863, 0.00112071284093, -0.00112446327694, -0.00167894025799, 0.000393705937313, -0.00167621707078, -0.00074517657049, 0.000721834017895, -0.00445048231632, 0.0161824673414, -0.00442860927433], [9.359359683e-05, -0.000892882293556, 0.00128421967383, -0.000306231318973, 0.00158167059999, -0.000249717239058, -0.000529308337718, 0.000901295919903, 0.00282469252124, -0.000401876692194, 7.74280269979e-05, -0.00442860927433, 0.015967329964]]
    },
    "melbands": {
        "max": [0.00322406738997, 0.00388575228862, 0.0164600741118, 0.0170196760446, 0.0185735076666, 0.0106614464894, 0.0109105166048, 0.00888033490628, 0.0213013458997, 0.0177645441145, 0.010242539458, 0.00205743871629, 0.000929110916331, 0.00466299895197, 0.00153834768571, 0.00378643511795, 0.000935332907829, 0.000596012570895, 0.00175597821362, 0.00063609710196, 0.000397454452468, 0.000482797244331, 0.00111713039223, 0.000887378526386, 0.000357620156137, 0.000249156641075, 0.000726969388779, 0.000240749417571, 0.000180818533408, 0.000297371385386, 0.000682879239321, 0.000271338736638, 0.000482333620312, 0.000661279191263, 0.00130424718373, 0.00128974334802, 0.00140060787089, 0.000884384382516, 0.00034696070361, 7.8732802649e-05],
        "mean": [8.38630949147e-05, 0.000118867370475, 0.000375614559744, 0.000635145464912, 0.000650526199024, 0.000282415858237, 0.000267122348305, 0.000324462685967, 0.000208864948945, 0.000134965215693, 9.22846375033e-05, 3.88041044062e-05, 3.3605061617e-05, 3.42759994965e-05, 2.6703119147e-05, 3.2119165553e-05, 2.03562703973e-05, 2.65472408501e-05, 3.67805769201e-05, 1.78040500032e-05, 1.10059982035e-05, 1.10862038127e-05, 1.67469552252e-05, 1.32074665089e-05, 1.18419520732e-05, 5.44441627426e-06, 8.81490086613e-06, 3.19386094816e-06, 3.54083385901e-06, 3.19818900607e-06, 2.20323954636e-06, 4.00053113481e-06, 7.6825490396e-06, 7.85921565694e-06, 7.73861029302e-06, 6.76214585837e-06, 1.50540217874e-05, 9.91214255919e-06, 2.05149581234e-06, 8.34860543364e-07],
        "min": [8.07965463423e-08, 7.38557943691e-08, 1.5150610011e-07, 1.96849200051e-07, 2.45790772624e-07, 3.23366521116e-07, 3.85358930544e-07, 4.56929114989e-07, 1.59681889045e-07, 1.95403757175e-07, 1.13256334089e-07, 6.77194194054e-08, 2.97767144275e-08, 8.25641990332e-08, 9.06937529521e-08, 8.18396017621e-08, 6.99005298088e-08, 4.37785203644e-08, 6.40622346282e-08, 2.53703937858e-08, 4.20641121934e-08, 4.10640978998e-08, 1.99074516871e-08, 3.644203872e-08, 2.64573660758e-08, 1.65245879202e-08, 2.3231649493e-08, 2.00254373084e-08, 1.04580344384e-08, 2.19201967688e-09, 2.32829844293e-09, 2.05036765344e-09, 2.70113198475e-09, 2.33245223136e-09, 1.93923788139e-09, 1.89944482365e-09, 1.14055831446e-09, 7.02552904741e-10, 8.9994722785e-10, 4.96605589984e-10],
        "stdev": [0.000188183490536, 0.000237186832237, 0.00130572577473, 0.00139466009568, 0.00175291288178, 0.000798900146037, 0.000769661797676, 0.000823607610073, 0.000922787294257, 0.000705387850758, 0.000379653763957, 9.60897523328e-05, 7.97350512585e-05, 0.000142702017911, 7.28766099201e-05, 0.000117154777399, 4.81933966512e-05, 5.21066613146e-05, 9.26494831219e-05, 4.13941852457e-05, 2.25312287512e-05, 2.39246583078e-05, 6.0359841882e-05, 4.27595405199e-05, 3.19221653626e-05, 1.45993844853e-05, 4.30898689956e-05, 9.06971490622e-06, 1.05714689198e-05, 1.31276829052e-05, 1.65247802215e-05, 1.72772943188e-05, 3.57362405339e-05, 3.86502943002e-05, 5.55427395739e-05, 5.13666636834e-05, 8.23753944132e-05, 5.55786609766e-05, 1.31130291265e-05, 4.13447787651e-06]
    },
    "melbands128": {
        "max": [0.00108266016468, 0.00361540680751, 0.00454632379115, 0.00680504180491, 0.00501789199188, 0.00147953350097, 0.00917163211852, 0.026936462149, 0.0425741076469, 0.0228174757212, 0.0256438441575, 0.0354434400797, 0.0235221292824, 0.0182712581009, 0.0146025959402, 0.0212193466723, 0.0144633790478, 0.0154645536095, 0.0229776464403, 0.0169605500996, 0.017860095948, 0.0250984486192, 0.0362993888557, 0.0368257984519, 0.0112056527287, 0.0374778807163, 0.0287294946611, 0.00658979965374, 0.00440061464906, 0.00418301438913, 0.00241013988853, 0.00196790182963, 0.00134667288512, 0.00269467616454, 0.00299644446932, 0.0106490841135, 0.00281433644705, 0.0031024182681, 0.00118947902229, 0.0023241348099, 0.00664098421112, 0.00188066787086, 0.00102696777321, 0.000997989322059, 0.000986433937214, 0.001075281878, 0.000867458758876, 0.00302409706637, 0.00180383247789, 0.000413733680034, 0.00105984904803, 0.000960212899372, 0.00066996057285, 0.000497353204992, 0.00075517379446, 0.000638039899059, 0.000575979764108, 0.000522521557286, 0.00176734966226, 0.00301381619647, 0.000311591313221, 0.000330676266458, 0.000906791072339, 0.000252850062679, 0.000360920967069, 0.000282286666334, 0.000234622348216, 0.00138292170595, 0.000855745747685, 0.000220691974391, 0.000286275928374, 0.000253451813478, 0.000163936769241, 0.00025883433409, 0.000187234196346, 0.00051312870346, 0.000326177949319, 0.000993189401925, 0.000834812992252, 0.000279098865576, 0.000210457190406, 0.000664227060042, 0.00059572851751, 0.000646385247819, 0.000681454432197, 0.000680979923345, 0.000747493293602, 0.000793224782683, 0.00151198962703, 0.00198175897822, 0.00253219017759, 0.000670395151246, 0.000912048737518, 0.00112720904872, 0.0036699436605, 0.00172785588074, 0.000481725815916, 0.00128465436865, 0.000275519327261, 0.000177249501576, 0.000100228695374, 9.24578707782e-05, 7.20854586689e-05, 7.3683244409e-05, 6.74565817462e-05, 8.43784291646e-05, 2.44496586674e-05, 1.93643809325e-05, 1.38830573633e-05, 9.25936637941e-06, 9.90011449176e-06, 0.00010337925778, 4.6092831326e-05, 4.00265480494e-06, 2.74061699201e-06, 2.21562345359e-06, 3.1629813293e-06, 5.56572445021e-07, 1.03523677808e-06, 9.80560116659e-07, 6.32250475974e-07, 2.82387645711e-07, 4.9817604264e-08, 2.66431188223e-09, 2.68686939364e-09, 2.64627608715e-09, 2.63357313735e-09, 2.61828958514e-09],
        "mean": [5.7084394939e-05, 6.89769949531e-05, 8.69568175403e-05, 0.000126817409182, 0.00012387309107, 9.28558220039e-05, 0.000173679, 0.00050772249233, 0.000631280359812, 0.000509996083565, 0.000710068095941, 0.000946055515669, 0.000623908825219, 0.000307342008455, 0.000285767077003, 0.000277165818261, 0.000211470993236, 0.00024228876282, 0.000386720465031, 0.000290600233711, 0.000345407694113, 0.000272662582574, 0.000190773323993, 0.000146898717503, 0.000125973339891, 0.000149682484334, 0.000105108854768, 0.000101448931673, 6.61946905893e-05, 3.25128748955e-05, 3.7984627852e-05, 3.19739301631e-05, 2.47045118158e-05, 4.60051342088e-05, 3.54116709786e-05, 3.56652235496e-05, 2.06409458769e-05, 3.25642395183e-05, 2.39044293266e-05, 2.49931090366e-05, 4.57795722468e-05, 2.2030520995e-05, 1.76762405317e-05, 1.66388890648e-05, 3.13432537951e-05, 2.8164291507e-05, 1.83783085959e-05, 5.12418700964e-05, 3.90136192436e-05, 1.27965704451e-05, 1.9919445549e-05, 1.74110518856e-05, 9.84641337709e-06, 1.02827643786e-05, 7.96836866357e-06, 1.34612055263e-05, 1.11296476462e-05, 9.35497246246e-06, 2.35030420299e-05, 2.33962055063e-05, 6.93030551702e-06, 7.79825131758e-06, 2.23979568545e-05, 7.53241192797e-06, 6.52982043903e-06, 4.54253131466e-06, 3.74592832486e-06, 1.28495921672e-05, 1.0110621588e-05, 2.83008444057e-06, 2.77729282061e-06, 3.71005626221e-06, 3.64820311916e-06, 3.47179025084e-06, 3.17549552165e-06, 3.91963567381e-06, 2.73721730082e-06, 2.66030519924e-06, 2.04012258109e-06, 1.72058639691e-06, 2.73364776149e-06, 5.41405097465e-06, 6.30617887509e-06, 8.42107510834e-06, 7.65659115132e-06, 9.12682571652e-06, 7.06583205101e-06, 7.51804191168e-06, 7.98462951934e-06, 7.80324444349e-06, 6.89502667228e-06, 5.78869548917e-06, 7.8214397945e-06, 1.01383184301e-05, 2.82541186607e-05, 1.42113804031e-05, 4.89392459713e-06, 3.66279664377e-06, 1.95599477593e-06, 1.4162349089e-06, 8.72670966601e-07, 7.92651917436e-07, 6.6714744662e-07, 6.39847883122e-07, 6.54170491998e-07, 6.21005824541e-07, 3.96605372543e-07, 2.43137264988e-07, 2.11285680507e-07, 1.56346004587e-07, 1.45301669363e-07, 5.23273570252e-07, 2.60469761315e-07, 3.88479186597e-08, 1.98379304095e-08, 1.4829264039e-08, 1.56715742605e-08, 1.7475584313e-09, 1.86583615225e-09, 2.0463606365e-09, 1.5287496824e-09, 1.35492195241e-09, 4.97948904332e-10, 2.07543305458e-11, 5.41266077098e-12, 4.76714587944e-12, 4.42239040527e-12, 4.35824076481e-12],
        "min": [2.12513278086e-08, 3.84175393719e-08, 1.51982266772e-08, 2.99888114341e-08, 1.45998697576e-08, 5.2251969862e-08, 3.45410171576e-08, 9.20409704008e-08, 1.09619470834e-07, 2.43930493582e-08, 1.80569497132e-08, 6.71438655786e-08, 8.90408813348e-08, 7.65296235272e-08, 1.53513397549e-07, 1.18347102784e-07, 8.26393247166e-08, 1.05944039319e-07, 1.30707661583e-07, 1.05237575099e-07, 4.10924627658e-08, 1.20601768572e-07, 6.46170974505e-08, 1.2437477892e-07, 5.44548228731e-08, 3.81244404934e-08, 3.31851275348e-08, 4.00472153217e-08, 6.31759320413e-08, 2.7607256925e-08, 3.03993026307e-08, 1.46930982936e-08, 2.14339408444e-08, 4.15270235976e-08, 2.46075195776e-08, 6.12127735167e-08, 3.71441579716e-08, 2.70790678769e-08, 3.37987557941e-08, 5.2741583545e-08, 3.65519241541e-08, 2.87256121112e-08, 1.7648526196e-08, 4.00362267783e-08, 2.71538151964e-08, 2.1308487419e-08, 4.25916830693e-08, 2.2833894775e-08, 1.56412323093e-08, 1.72785359354e-08, 7.83509612745e-09, 1.55149759706e-08, 1.71073271105e-08, 9.49232159542e-09, 2.48289300231e-08, 1.53608361586e-08, 1.39721265668e-08, 1.30804602705e-08, 1.51004417859e-08, 2.4615461669e-08, 2.3885483813e-08, 1.66053109041e-08, 1.54365995542e-08, 1.66845381955e-08, 2.23240732566e-08, 6.01091088015e-09, 1.27726424992e-08, 1.72358429751e-08, 1.53419978943e-08, 1.28053816439e-08, 8.87944118233e-09, 1.11683160497e-08, 9.08101593922e-09, 1.57389257183e-09, 3.26104632187e-09, 2.65542343669e-09, 8.23362822366e-10, 4.30582736133e-10, 1.38133937622e-09, 3.31072413928e-09, 1.16584175647e-09, 2.09974460041e-09, 1.84897031019e-09, 1.83743231741e-09, 1.6994079477e-09, 1.34075217595e-09, 1.52001777831e-09, 1.41502887185e-09, 1.62216584609e-09, 2.48747911158e-10, 1.29323426967e-10, 8.83054906975e-10, 9.56415613373e-10, 1.00535568759e-09, 7.6909306701e-10, 4.42133329948e-10, 3.07261577293e-10, 6.17979167838e-10, 7.81520015369e-10, 4.69185912344e-10, 5.02760333365e-10, 3.4064995269e-10, 2.25140975307e-10, 2.11926989846e-10, 2.77051187547e-10, 2.33041114184e-10, 1.14824989794e-10, 3.20218934702e-10, 2.13401102345e-10, 2.64171656772e-10, 4.79368931702e-12, 1.23912019534e-10, 4.92427149404e-12, 1.61925117412e-12, 7.97509953042e-13, 7.67455272509e-13, 6.70077762808e-13, 6.0299519284e-13, 6.11000399581e-13, 6.84180034675e-13, 5.42630502164e-13, 6.32671215764e-13, 6.88668414829e-13, 6.66085405148e-13, 4.47257275703e-13, 1.67587731886e-13, 2.25942243972e-14, 6.73623015397e-16],
        "stdev": [9.54419738264e-05, 0.000185075041372, 0.000233029219089, 0.000392845016904, 0.000288539769826, 0.000141621538205, 0.000570403877646, 0.00206841225736, 0.00264517148025, 0.00149350822903, 0.00190167548135, 0.00302370940335, 0.00206887139939, 0.00105156935751, 0.00095639313804, 0.00110318639781, 0.000854571873788, 0.000911692448426, 0.00140129076317, 0.000885999703314, 0.0011432680767, 0.00113351619802, 0.00135080108885, 0.00105807487853, 0.000685831124429, 0.00116045889445, 0.000853540783282, 0.000408016465371, 0.00024144735653, 0.000148295803228, 0.000112054331112, 9.0081783128e-05, 8.39863787405e-05, 0.000162107593496, 0.000120819117001, 0.000287385424599, 9.31085087359e-05, 0.000115951472253, 6.9279303716e-05, 9.81591874734e-05, 0.00019524844538, 7.91342099546e-05, 5.30536235601e-05, 4.67368008685e-05, 7.34421046218e-05, 7.06217906554e-05, 4.97319633723e-05, 0.0001477705664, 0.000116193492431, 3.00394367514e-05, 6.37876364635e-05, 5.74924561079e-05, 2.55375307461e-05, 2.43004105869e-05, 2.27358195843e-05, 3.40408114425e-05, 2.74511621683e-05, 2.45366481977e-05, 0.00010188917804, 0.000134631656692, 1.81141385838e-05, 2.10694142879e-05, 7.83765644883e-05, 1.93570667761e-05, 1.69164977706e-05, 1.51358262883e-05, 1.26931672639e-05, 7.58969545132e-05, 4.98909539601e-05, 8.97759309737e-06, 1.04202727016e-05, 1.12510124382e-05, 1.02026333479e-05, 1.31010438054e-05, 1.21746179502e-05, 2.06612439797e-05, 1.27597932078e-05, 2.38800930674e-05, 1.93521555047e-05, 8.81930918695e-06, 1.15133461804e-05, 2.98510876746e-05, 3.16612167808e-05, 4.08410269301e-05, 4.05841965403e-05, 4.68620091851e-05, 4.02627665608e-05, 4.47401616839e-05, 5.84573535889e-05, 7.26654398022e-05, 7.58282476454e-05, 4.19676980528e-05, 5.21187030245e-05, 6.03324806434e-05, 0.000187333993381, 8.81666346686e-05, 2.89568051812e-05, 3.40260339726e-05, 1.2226661056e-05, 8.19880278868e-06, 4.38514143752e-06, 4.31898070019e-06, 3.51620815309e-06, 3.32827471539e-06, 3.25725613948e-06, 3.26875147039e-06, 1.61824300449e-06, 9.86500481304e-07, 7.79957133545e-07, 5.54133521291e-07, 5.42805935311e-07, 4.26857695857e-06, 2.07641414818e-06, 1.90843365999e-07, 1.04443820703e-07, 8.0180932116e-08, 1.04436139736e-07, 1.66324394257e-08, 2.55680827621e-08, 2.86943730998e-08, 1.71791967318e-08, 9.63903268314e-09, 1.78578807297e-09, 9.17742132289e-11, 7.61084875678e-11, 7.52752929434e-11, 7.49505180142e-11, 7.47082881669e-11]
    },
    "mfcc": {
        "mean": [-685.143493652, 101.965606689, -1.6620196104, 10.7087230682, 1.34789633751, -3.80344176292, -10.8901796341, -1.8784725666, -7.31576395035, 2.27065491676, -3.06286740303, -2.37357592583, -5.13763380051],
        "cov": [[4064.40185547, -448.764556885, -102.823387146, -126.957008362, -66.7085571289, -256.465881348, -334.36227417, -48.5918579102, -280.684936523, -24.2393360138, -90.3653259277, -80.3489151001, -30.4562168121], [-448.764556885, 1415.73168945, -641.046142578, -58.0861549377, -48.9927177429, -184.111221313, 39.3924789429, -216.53855896, -67.0223922729, -41.4747314453, -73.4219512939, -21.9171924591, 52.5389633179], [-102.823387146, -641.046142578, 1387.52832031, 133.76625061, 124.206863403, 115.076339722, -97.0990447998, 103.444793701, -41.955165863, 4.36218309402, 11.0093164444, -17.6685237885, -52.8455696106], [-126.957008362, -58.0861549377, 133.76625061, 390.021789551, 52.640537262, -11.1211700439, 57.1163711548, -48.733455658, 3.21780347824, 13.6019706726, 20.6945285797, -1.72875010967, -7.7049946785], [-66.7085571289, -48.9927177429, 124.206863403, 52.640537262, 224.411453247, 36.6067733765, -4.03297996521, 26.4987831116, -4.5234618187, 7.33639287949, 8.51271533966, -5.06496620178, 3.00299930573], [-256.465881348, -184.111221313, 115.076339722, -11.1211700439, 36.6067733765, 201.929367065, 64.0456161499, 35.3303642273, 64.1392745972, 15.233830452, 30.0808868408, 26.8769054413, 12.476316452], [-334.36227417, 39.3924789429, -97.0990447998, 57.1163711548, -4.03297996521, 64.0456161499, 165.338088989, 22.5419654846, 63.1258544922, 14.7178030014, 15.2094984055, 8.79085159302, 6.28277015686], [-48.5918579102, -216.53855896, 103.444793701, -48.733455658, 26.4987831116, 35.3303642273, 22.5419654846, 182.96887207, 73.2953414917, -4.93004179001, 19.9828643799, 17.9773235321, -24.5026569366], [-280.684936523, -67.0223922729, -41.955165863, 3.21780347824, -4.5234618187, 64.1392745972, 63.1258544922, 73.2953414917, 159.52507019, 34.0767593384, 33.1518058777, 38.5925941467, -0.287683099508], [-24.2393360138, -41.4747314453, 4.36218309402, 13.6019706726, 7.33639287949, 15.233830452, 14.7178030014, -4.93004179001, 34.0767593384, 91.7061843872, 24.7239971161, 5.48455762863, 17.0815105438], [-90.3653259277, -73.4219512939, 11.0093164444, 20.6945285797, 8.51271533966, 30.0808868408, 15.2094984055, 19.9828643799, 33.1518058777, 24.7239971161, 94.0727920532, 40.6565284729, 4.94093465805], [-80.3489151001, -21.9171924591, -17.6685237885, -1.72875010967, -5.06496620178, 26.8769054413, 8.79085159302, 17.9773235321, 38.5925941467, 5.48455762863, 40.6565284729, 88.2875213623, 23.4250850677], [-30.4562168121, 52.5389633179, -52.8455696106, -7.7049946785, 3.00299930573, 12.476316452, 6.28277015686, -24.5026569366, -0.287683099508, 17.0815105438, 4.94093465805, 23.4250850677, 68.8578948975]],
        "icov": [[0.000374185852706, 0.000232939652051, 0.000166413301486, 6.80211860526e-06, 5.33702077519e-05, 0.000246097246418, 0.000503871648107, -7.37669688533e-05, 0.000534839287866, -0.000204826545087, 0.000242072725086, -1.80738970812e-05, 3.89289743907e-05], [0.000232939652051, 0.00143135944381, 0.000374440656742, 0.000466349738417, -0.000384577317163, 0.00136606185697, -0.000587231072132, 0.00149278598838, -0.000114687820314, 0.000584154622629, 0.000547524599824, -0.000157088565174, -0.000426755897934], [0.000166413301486, 0.000374440656742, 0.00121601123828, -0.00056302169105, -0.000176519635716, -0.000745058641769, 0.00115622149315, -0.000681174627971, 0.000931684335228, -0.000393427588278, 0.000385285995435, 1.86638735613e-05, 0.000520443310961], [6.80211860526e-06, 0.000466349738417, -0.00056302169105, 0.00374565809034, -0.00112067698501, 0.00185796211008, -0.00246294774115, 0.00249781552702, -0.000842253153678, 0.000432211178122, -0.000744278891943, -0.00025658501545, 0.00048996071564], [5.33702077519e-05, -0.000384577317163, -0.000176519635716, -0.00112067698501, 0.00532610528171, -0.00156055367552, 0.00112243276089, -0.00185606954619, 0.00109486980364, -0.000673315953463, -0.00028198963264, 0.000834241276607, -0.000748206803109], [0.000246097246418, 0.00136606185697, -0.000745058641769, 0.00185796211008, -0.00156055367552, 0.00910156033933, -0.00379060185514, 0.00251361913979, -0.00253245420754, 0.00129839603323, -0.000756122812163, -0.000726871425286, -0.00166922982316], [0.000503871648107, -0.000587231072132, 0.00115622149315, -0.00246294774115, 0.00112243276089, -0.00379060185514, 0.0108782462776, -0.00256543746218, -0.000785108772106, -0.000970142369624, 0.000212151833693, 0.00153487245552, -0.000284903653665], [-7.37669688533e-05, 0.00149278598838, -0.000681174627971, 0.00249781552702, -0.00185606954619, 0.00251361913979, -0.00256543746218, 0.0108566898853, -0.0050338441506, 0.00276869442314, -0.000605979643296, -0.000812862068415, 0.00192011683248], [0.000534839287866, -0.000114687820314, 0.000931684335228, -0.000842253153678, 0.00109486980364, -0.00253245420754, -0.000785108772106, -0.0050338441506, 0.0128564117476, -0.00473311170936, 0.000549545686226, -0.00355327269062, 0.00203355355188], [-0.000204826545087, 0.000584154622629, -0.000393427588278, 0.000432211178122, -0.000673315953463, 0.00129839603323, -0.000970142369624, 0.00276869442314, -0.00473311170936, 0.0146343521774, -0.00385398278013, 0.00307374121621, -0.00434126518667], [0.000242072725086, 0.000547524599824, 0.000385285995435, -0.000744278891943, -0.00028198963264, -0.000756122812163, 0.000212151833693, -0.000605979643296, 0.000549545686226, -0.00385398278013, 0.0154783101752, -0.00692983856425, 0.00202121119946], [-1.80738970812e-05, -0.000157088565174, 1.86638735613e-05, -0.00025658501545, 0.000834241276607, -0.000726871425286, 0.00153487245552, -0.000812862068415, -0.00355327269062, 0.00307374121621, -0.00692983856425, 0.0178537964821, -0.00659035751596], [3.89289743907e-05, -0.000426755897934, 0.000520443310961, 0.00048996071564, -0.000748206803109, -0.00166922982316, -0.000284903653665, 0.00192011683248, 0.00203355355188, -0.00434126518667, 0.00202121119946, -0.00659035751596, 0.0195464771241]]
    },
    "spectral_contrast_coeffs": {
        "max": [-0.32543361187, -0.44870737195, -0.429699480534, -0.621354222298, -0.587356388569, -0.568772614002],
        "mean": [-0.679695606232, -0.755601644516, -0.787835717201, -0.813251793385, -0.797011196613, -0.784445405006],
        "min": [-0.977995932102, -0.933908343315, -0.927603423595, -0.910634636879, -0.898070037365, -0.866727173328],
        "stdev": [0.114940427244, 0.0827553495765, 0.0655179023743, 0.0485994145274, 0.0478026345372, 0.0490622185171]
    },
    "spectral_contrast_valleys": {
        "max": [-5.83913660049, -4.46822595596, -5.40338087082, -5.40492630005, -5.31541967392, -6.95499992371],
        "mean": [-7.73416662216, -7.10479784012, -7.79640340805, -7.79708242416, -7.92412185669, -10.2865896225],
        "min": [-10.7425918579, -8.95544242859, -9.87889099121, -9.78316879272, -9.74137687683, -12.6917676926],
        "stdev": [0.685814738274, 0.703161239624, 0.704931616783, 0.715075910091, 0.643830418587, 0.879455089569]
    }
},
"rhythm": {
    "beats_count": 98,
    "beats_loudness": {
        "max": 0.107812471688,
        "mean": 0.0227612201124,
        "min": 0.000494165869895,
        "stdev": 0.0243567489088
    },
    "bpm": 117.903686523,
    "bpm_histogram_first_peak_bpm": 117,
    "bpm_histogram_first_peak_weight": 0.509803891182,
    "bpm_histogram_second_peak_bpm": 140,
    "bpm_histogram_second_peak_spread": 0.526315808296,
    "bpm_histogram_second_peak_weight": 0.0927835032344,
    "danceability": 1.10106766224,
    "onset_rate": 3.1171875,
    "beats_loudness_band_ratio": {
        "max": [0.848101496696, 0.776520371437, 0.879506647587, 0.433718979359, 0.669653892517, 0.977800488472],
        "mean": [0.195376843214, 0.223114281893, 0.227138057351, 0.103230990469, 0.119851015508, 0.177572146058],
        "min": [0.000739745446481, 0.00236741593108, 0.00426507648081, 0.00120274396613, 0.000131869892357, 0.000305713125272],
        "stdev": [0.225508525968, 0.207774072886, 0.206969365478, 0.105896048248, 0.130270525813, 0.261266738176]
    },
