{
"metadata": {
    "version": {
        "essentia": "2.1-beta5",
        "essentia_git_sha": "Undefined",
        "extractor": "music 2.0"
    },
    "audio_properties": {
        "analysis": {
            "equal_loudness": 0,
            "length": 48.7502937317,
            "sample_rate": 44100,
            "start_time": 29.0017242432,
            "downmix": "mix"
        },
        "bit_rate": 192000,
        "length": 198.135879517,
        "lossless": 0,
        "number_channels": 2,
        "replay_gain": 4.56910133362,
        "sample_rate": 44100,
        "codec": "mp3",
        "md5_encoded": "23328b45bda6f90eebe640d504acc8e5"
    },
    "tags": {
        "file_name": "Turkey_Yaz Bitti_Aylin Vatankos.mp3",
        "encoding": ["Lavf58.29.100"]
    }
},
"lowlevel": {
    "average_loudness": 0.81824529171,
    "barkbands_crest": {
        "max": 25.4148197174,
        "mean": 10.9475822449,
        "min": 2.24119973183,
        "stdev": 5.11497449875
    },
    "barkbands_flatness_db": {
        "max": 0.358611553907,
        "mean": 0.17189283669,
        "min": 0.0366344489157,
        "stdev": 0.0483542568982
    },
    "barkbands_kurtosis": {
        "max": 113.417556763,
        "mean": 4.87500953674,
        "min": -1.7405217886,
        "stdev": 9.50272369385
    },
    "barkbands_skewness": {
        "max": 9.09316158295,
        "mean": 1.47580230236,
        "min": -1.12584376335,
        "stdev": 1.35499417782
    },
    "barkbands_spread": {
        "max": 53.7489700317,
        "mean": 13.0225076675,
        "min": 0.825461030006,
        "stdev": 7.31120061874
    },
    "dissonance": {
        "max": 0.499999940395,
        "mean": 0.451958984137,
        "min": 0.288738340139,
        "stdev": 0.0332076773047
    },
    "dynamic_complexity": 4.20544862747,
    "erbbands_crest": {
        "max": 31.1134395599,
        "mean": 11.8761281967,
        "min": 2.72529578209,
        "stdev": 5.75829124451
    },
    "erbbands_flatness_db": {
        "max": 0.328342020512,
        "mean": 0.217380166054,
        "min": 0.0952143222094,
        "stdev": 0.0444856286049
    },
    "erbbands_kurtosis": {
        "max": 26.0044021606,
        "mean": 0.930322468281,
        "min": -1.8869382143,
        "stdev": 2.47062039375
    },
    "erbbands_skewness": {
        "max": 4.98291397095,
        "mean": 0.539375782013,
        "min": -2.08371806145,
        "stdev": 0.814591050148
    },
    "erbbands_spread": {
        "max": 66.4392471313,
        "mean": 24.4009475708,
        "min": 4.0778222084,
        "stdev": 10.4687318802
    },
    "hfc": {
        "max": 97.8281402588,
        "mean": 13.3269014359,
        "min": 0.104283265769,
        "stdev": 13.1619472504
    },
    "loudness_ebu128": {
        "integrated": -29.607881546,
        "loudness_range": 6.36308670044,
        "momentary": {
            "max": -24.156211853,
            "mean": -31.7887458801,
            "min": -47.7693862915,
            "stdev": 4.86558580399
        },
        "short_term": {
            "max": -26.3799381256,
            "mean": -30.5660896301,
            "min": -35.9315032959,
            "stdev": 2.42848491669
        }
    },
    "melbands_crest": {
        "max": 32.8823623657,
        "mean": 13.8503780365,
        "min": 3.83110618591,
        "stdev": 5.97335243225
    },
    "melbands_flatness_db": {
        "max": 0.438573509455,
        "mean": 0.233584567904,
        "min": 0.0816491618752,
        "stdev": 0.0536559410393
    },
    "melbands_kurtosis": {
        "max": 201.488296509,
        "mean": 9.53269386292,
        "min": -1.63246405125,
        "stdev": 17.049282074
    },
    "melbands_skewness": {
        "max": 11.1283454895,
        "mean": 2.02356266975,
        "min": -0.943959236145,
        "stdev": 1.62848651409
    },
    "melbands_spread": {
        "max": 68.032951355,
        "mean": 17.3455219269,
        "min": 0.752914369106,
        "stdev": 9.9438791275
    },
    "pitch_salience": {
        "max": 0.926022171974,
        "mean": 0.53823775053,
        "min": 0.0895646959543,
        "stdev": 0.139351114631
    },
    "silence_rate_20dB": {
        "max": 1,
        "mean": 1,
        "min": 1,
        "stdev": 0
    },
    "silence_rate_30dB": {
        "max": 1,
        "mean": 1,
        "min": 1,
        "stdev": 0
    },
    "silence_rate_60dB": {
        "max": 1,
        "mean": 0.171822935343,
        "min": 0,
        "stdev": 0.377220869064
    },
    "spectral_centroid": {
        "max": 3009.12670898,
        "mean": 968.493713379,
        "min": 290.14263916,
        "stdev": 429.923126221
    },
    "spectral_complexity": {
        "max": 37,
        "mean": 13.8129463196,
        "min": 0,
        "stdev": 8.14659976959
    },
    "spectral_decrease": {
        "max": -2.41753353447e-11,
        "mean": -4.67063232534e-09,
        "min": -2.91258963614e-08,
        "stdev": 4.21566248576e-09
    },
    "spectral_energy": {
        "max": 0.114738300443,
        "mean": 0.0188368149102,
        "min": 0.000100702171039,
        "stdev": 0.0169568303972
    },
    "spectral_energyband_high": {
        "max": 0.00109405745752,
        "mean": 6.53574461467e-05,
        "min": 1.99656437871e-06,
        "stdev": 8.60504005686e-05
    },
    "spectral_energyband_low": {
        "max": 0.0329897813499,
        "mean": 0.00148626626469,
        "min": 2.80671088149e-06,
        "stdev": 0.00276323943399
    },
    "spectral_energyband_middle_high": {
        "max": 0.0810251757503,
        "mean": 0.00554059352726,
        "min": 3.18458041875e-05,
        "stdev": 0.00767556997016
    },
    "spectral_energyband_middle_low": {
        "max": 0.096731595695,
        "mean": 0.0127462744713,
        "min": 5.31584846613e-05,
        "stdev": 0.0129909152165
    },
    "spectral_entropy": {
        "max": 8.24116039276,
        "mean": 7.13018703461,
        "min": 5.3487329483,
        "stdev": 0.407668232918
    },
    "spectral_flux": {
        "max": 0.285817533731,
        "mean": 0.0634712353349,
        "min": 0.0066549135372,
        "stdev": 0.0389759130776
    },
    "spectral_kurtosis": {
        "max": 25.9310016632,
        "mean": 8.86401557922,
        "min": 1.74842834473,
        "stdev": 3.94494867325
    },
    "spectral_rms": {
        "max": 0.0105801606551,
        "mean": 0.00382948899642,
        "min": 0.000313442200422,
        "stdev": 0.00192675669678
    },
    "spectral_rolloff": {
        "max": 4155.90820312,
        "mean": 1143.44287109,
        "min": 258.3984375,
        "stdev": 640.862670898
    },
    "spectral_skewness": {
        "max": 3.98905158043,
        "mean": 2.12219834328,
        "min": 0.451399892569,
        "stdev": 0.554413676262
    },
    "spectral_spread": {
        "max": 12154101,
        "mean": 3246143.5,
        "min": 1815994.625,
        "stdev": 976988.1875
    },
    "spectral_strongpeak": {
        "max": 12.2128982544,
        "mean": 1.29727983475,
        "min": 0.00425112480298,
        "stdev": 1.3104288578
    },
    "zerocrossingrate": {
        "max": 0.11865234375,
        "mean": 0.0429703779519,
        "min": 0.01171875,
        "stdev": 0.0165528897196
    },
    "barkbands": {
        "max": [3.32889358106e-05, 0.00344296032563, 0.0219506137073, 0.0297173522413, 0.0636453256011, 0.0593773461878, 0.0657765641809, 0.0337020419538, 0.0301280710846, 0.0354396179318, 0.0682187899947, 0.0226673837751, 0.013808157295, 0.0127106020227, 0.0151929110289, 0.0112384371459, 0.0170661527663, 0.00587245030329, 0.00348606542684, 0.00146598787978, 0.000549142539967, 4.68755461043e-05, 1.8717828425e-05, 5.2047207646e-06, 6.02684167461e-06, 8.37897096062e-06, 2.35618855982e-07],
        "mean": [4.48925538876e-06, 0.000186889825272, 0.000654405797832, 0.00118211412337, 0.00267289951444, 0.00339261838235, 0.00278118555434, 0.00110896641854, 0.000906450964976, 0.00146838172805, 0.00101784989238, 0.000892812211532, 0.000352013827069, 0.000690205430146, 0.000367533881217, 0.000232448059251, 0.000481463794131, 0.000193739775568, 0.000132943314384, 8.22607325972e-05, 2.26319007197e-05, 4.2129368012e-06, 2.09963582165e-06, 2.21568097913e-06, 2.96576035907e-06, 1.0379815194e-06, 2.27956284959e-08],
        "min": [1.50722350156e-08, 1.59266392075e-06, 5.31015018623e-07, 1.47256912442e-07, 1.53342375597e-06, 1.9822507511e-06, 3.23714857586e-06, 1.23703694044e-06, 1.28766305352e-06, 6.52360654385e-07, 6.87648935127e-07, 4.74605798217e-07, 9.55718178375e-07, 8.8333513304e-07, 1.48012213685e-06, 4.29368100185e-07, 4.45514785952e-07, 4.64005637468e-07, 8.9675648951e-07, 7.97229745331e-07, 1.65262676433e-07, 1.63484116911e-07, 5.65046285317e-08, 5.59817614487e-08, 1.52783854901e-07, 2.42726567734e-08, 5.21376275486e-10],
        "stdev": [3.99620739699e-06, 0.000291910313535, 0.00165255274624, 0.00208105426282, 0.00432554911822, 0.00713714025915, 0.00547700747848, 0.00227379240096, 0.0021345296409, 0.00353886187077, 0.00370758958161, 0.00200122524984, 0.000812152982689, 0.0013343525352, 0.000832626537886, 0.000577808998059, 0.00128832343034, 0.000405105151003, 0.000239625529503, 0.000144553909195, 4.2528979975e-05, 4.3346090024e-06, 9.80519189397e-07, 3.86931418461e-07, 4.4163016355e-07, 2.58339298398e-07, 1.86423871895e-08]
    },
    "erbbands": {
        "max": [0.0289271678776, 1.26064825058, 17.4975643158, 63.6953773499, 85.3369369507, 223.351760864, 551.240905762, 572.341003418, 1093.60046387, 837.67779541, 622.273193359, 938.044128418, 1122.88696289, 1354.5111084, 3493.29858398, 1046.4564209, 633.640319824, 711.974365234, 753.044250488, 502.430175781, 478.56362915, 652.737243652, 356.049957275, 271.455810547, 81.1256103516, 62.0188369751, 36.6987876892, 5.47335672379, 2.21457743645, 0.975530266762, 0.496496796608, 0.122203044593, 0.0734908431768, 0.0581913590431, 0.0530123151839, 0.0429983586073, 0.0144783295691, 0.00133370526601, 5.97259822825e-05, 0.000129423642647],
        "mean": [0.00337692839094, 0.0572596937418, 0.559264421463, 2.77547836304, 4.95397853851, 9.47393703461, 19.2250118256, 27.9021186829, 45.9678916931, 29.0084667206, 23.1262283325, 20.7633857727, 45.715057373, 34.4432525635, 48.6912574768, 37.2038536072, 17.5374298096, 37.2934455872, 21.2393417358, 16.585351944, 16.4036140442, 23.4846515656, 11.7620840073, 9.07138633728, 5.95898771286, 3.66129589081, 1.68736457825, 0.423323214054, 0.16931527853, 0.0907048657537, 0.0574808232486, 0.0452850684524, 0.0382137261331, 0.0315676294267, 0.0216983202845, 0.00854666996747, 0.000999629497528, 6.89984954079e-05, 1.19565784189e-05, 2.20699894271e-05],
        "min": [2.64382761088e-05, 0.000337902602041, 0.000528274511453, 0.000920732272789, 0.00134881038684, 0.00461511127651, 0.0248945485801, 0.0300201121718, 0.0426802560687, 0.0483570955694, 0.0358977653086, 0.0703194960952, 0.040316671133, 0.0432053171098, 0.0316426195204, 0.0274155028164, 0.0446046702564, 0.042031340301, 0.08054061234, 0.0964181497693, 0.0259164758027, 0.0327880084515, 0.0429333411157, 0.0357711389661, 0.031854365021, 0.0425468720496, 0.0244779456407, 0.00868759583682, 0.00601037172601, 0.00452703377232, 0.00107863964513, 0.000382905593142, 0.0014127389295, 0.00190587167162, 0.000990563537925, 0.000165306613781, 4.20352334913e-05, 8.46994225867e-06, 1.22952440051e-06, 3.19426050055e-07],
        "stdev": [0.00344822346233, 0.102727629244, 1.34851229191, 4.88334226608, 8.6466884613, 16.0505084991, 44.8097000122, 60.7616157532, 100.421295166, 62.3258285522, 49.6053581238, 53.277545929, 100.726921082, 96.6424179077, 184.138870239, 79.0985031128, 34.8841819763, 72.6211776733, 40.6149215698, 33.865901947, 38.3173675537, 58.8587036133, 23.6750602722, 17.8766956329, 9.87387180328, 5.50156354904, 2.97994327545, 0.586539804935, 0.181134670973, 0.0738765820861, 0.0236575193703, 0.00967389624566, 0.00725806318223, 0.00571727799252, 0.00386717403308, 0.00166353431996, 0.000361909245839, 4.65675693704e-05, 8.92026037036e-06, 1.96796881937e-05]
    },
    "gfcc": {
        "mean": [-61.8365516663, 124.409049988, -138.926040649, 6.12331295013, -58.4054641724, -2.29067778587, -50.1800613403, 5.84339284897, -34.9333267212, 2.79971146584, -11.7167406082, -5.37347602844, -5.75168466568],
        "cov": [[2682.3828125, 861.593261719, -967.826477051, -166.515762329, 320.855224609, -542.030822754, 358.554901123, -10.5433254242, -96.5870819092, -257.795349121, -13.1246929169, -311.676361084, -35.271987915], [861.593261719, 455.578826904, -110.608573914, -120.108894348, 91.3665084839, -102.546638489, 102.899200439, -50.5920982361, -46.0078849792, -116.974555969, -11.1671705246, -133.507797241, -41.4435844421], [-967.826477051, -110.608573914, 677.171081543, 70.1822052002, -129.634979248, 225.522689819, -174.357177734, -70.0068893433, 22.9014034271, 41.517616272, -11.0970096588, 94.7232666016, -18.6010532379], [-166.515762329, -120.108894348, 70.1822052002, 243.903778076, 49.4916763306, -28.4413089752, -45.6808586121, 39.0701675415, 22.5282554626, 1.72424590588, -47.2684936523, 34.3985290527, -7.3892121315], [320.855224609, 91.3665084839, -129.634979248, 49.4916763306, 145.898162842, -25.6879959106, 29.0694065094, 16.9567680359, 0.0249682664871, -38.3919258118, -25.0235004425, -45.0615844727, -17.2470359802], [-542.030822754, -102.546638489, 225.522689819, -28.4413089752, -25.6879959106, 328.041229248, 46.0214309692, -17.7713451385, -38.2981910706, 54.9466438293, -19.8592700958, -2.88810920715, -40.4474868774], [358.554901123, 102.899200439, -174.357177734, -45.6808586121, 29.0694065094, 46.0214309692, 214.829238892, 33.073677063, -75.1235275269, -20.4956684113, 2.41939401627, -78.1802749634, -24.0239162445], [-10.5433254242, -50.5920982361, -70.0068893433, 39.0701675415, 16.9567680359, -17.7713451385, 33.073677063, 114.68535614, 50.0314407349, 3.69317579269, -11.789434433, 12.8593578339, -8.99618148804], [-96.5870819092, -46.0078849792, 22.9014034271, 22.5282554626, 0.0249682664871, -38.2981910706, -75.1235275269, 50.0314407349, 115.144760132, 37.1104202271, -10.1511936188, 29.4951896667, 3.96336078644], [-257.795349121, -116.974555969, 41.517616272, 1.72424590588, -38.3919258118, 54.9466438293, -20.4956684113, 3.69317579269, 37.1104202271, 100.467887878, 37.9334487915, 20.497177124, 4.12347316742], [-13.1246929169, -11.1671705246, -11.0970096588, -47.2684936523, -25.0235004425, -19.8592700958, 2.41939401627, -11.789434433, -10.1511936188, 37.9334487915, 87.6321334839, 35.4581604004, 13.7238798141], [-311.676361084, -133.507797241, 94.7232666016, 34.3985290527, -45.0615844727, -2.88810920715, -78.1802749634, 12.8593578339, 29.4951896667, 20.497177124, 35.4581604004, 115.759498596, 41.9403800964], [-35.271987915, -41.4435844421, -18.6010532379, -7.3892121315, -17.2470359802, -40.4474868774, -24.0239162445, -8.99618148804, 3.96336078644, 4.12347316742, 13.7238798141, 41.9403800964, 73.4057617188]],
        "icov": [[0.0225344132632, -0.0281140226871, 0.0177433136851, -0.0036242690403, -0.00940296892077, 0.0182272400707, -0.0194761808962, 0.016348272562, -0.00834152661264, 0.0021861216519, 0.00338636990637, -0.00438987789676, 0.00475285761058], [-0.0281140226871, 0.0487641468644, -0.0276418067515, 0.0103204362094, 0.00409279251471, -0.016497336328, 0.0149758355692, -0.0129296956584, 0.00106471276376, 0.0106799667701, -0.0107595771551, 0.015506118536, -0.00426040031016], [0.0177433136851, -0.0276418067515, 0.0224725920707, -0.0107443584129, 0.00298250699416, 0.00427699368447, -0.00706170685589, 0.012955092825, -0.00881454814225, 0.00595815712586, -0.00278920098208, -0.00301412283443, 0.0022515472956], [-0.0036242690403, 0.0103204362094, -0.0107443584129, 0.0175874065608, -0.0135905053467, 0.0105801885948, -0.00411900226027, -0.00437235506251, 0.0104498397559, -0.0133314076811, 0.0167042706162, -0.00929916556925, 0.00626049982384], [-0.00940296892077, 0.00409279251471, 0.00298250699416, -0.0135905053467, 0.0286990422755, -0.0226711779833, 0.0186157803982, -0.00772989774123, -0.00436543673277, 0.0126217640936, -0.0157694909722, 0.0114628253505, -0.007498068735], [0.0182272400707, -0.016497336328, 0.00427699368447, 0.0105801885948, -0.0226711779833, 0.0343187637627, -0.0274356603622, 0.0138577474281, 0.00298003805801, -0.0147063285112, 0.0211349725723, -0.0137847894803, 0.0124854734167], [-0.0194761808962, 0.0149758355692, -0.00706170685589, -0.00411900226027, 0.0186157803982, -0.0274356603622, 0.0401510260999, -0.0276374556124, 0.0189594365656, -0.00363349635154, -0.00887002795935, 0.0104601979256, -0.00923523958772], [0.016348272562, -0.0129296956584, 0.012955092825, -0.00437235506251, -0.00772989774123, 0.0138577474281, -0.0276374556124, 0.0373879931867, -0.0276286825538, 0.0158100426197, -0.0031179941725, -0.00332425162196, 0.00784076377749], [-0.00834152661264, 0.00106471276376, -0.00881454814225, 0.0104498397559, -0.00436543673277, 0.00298003805801, 0.0189594365656, -0.0276286825538, 0.0466495417058, -0.0393294729292, 0.0275607332587, -0.0174556802958, 0.00335768912919], [0.0021861216519, 0.0106799667701, 0.00595815712586, -0.0133314076811, 0.0126217640936, -0.0147063285112, -0.00363349635154, 0.0158100426197, -0.0393294729292, 0.0627410933375, -0.0463000051677, 0.0341175198555, -0.00937913917005], [0.00338636990637, -0.0107595771551, -0.00278920098208, 0.0167042706162, -0.0157694909722, 0.0211349725723, -0.00887002795935, -0.0031179941725, 0.0275607332587, -0.0463000051677, 0.0558295324445, -0.0380880832672, 0.013619218953], [-0.00438987789676, 0.015506118536, -0.00301412283443, -0.00929916556925, 0.0114628253505, -0.0137847894803, 0.0104601979256, -0.00332425162196, -0.0174556802958, 0.0341175198555, -0.0380880832672, 0.0481997691095, -0.0183331780136], [0.00475285761058, -0.00426040031016, 0.0022515472956, 0.00626049982384, -0.007498068735, 0.0124854734167, -0.00923523958772, 0.00784076377749, 0.00335768912919, -0.00937913917005, 0.013619218953, -0.0183331780136, 0.0260324720293]]
    },
    "melbands": {
        "max": [0.000514256651513, 0.00689314492047, 0.0110965874046, 0.0074020717293, 0.0150443697348, 0.0117259640247, 0.0157723706216, 0.00769376941025, 0.00459682429209, 0.00541981263086, 0.00571186933666, 0.00569516466931, 0.0100942570716, 0.00537657691166, 0.00247783446684, 0.000970682769548, 0.00159634905867, 0.000980600249022, 0.000939608493354, 0.00116809864994, 0.000884545734152, 0.000868513947353, 0.000414782465668, 0.000267258408712, 0.000251345220022, 6.58722492517e-05, 8.73971584952e-05, 5.1600884035e-05, 2.56827515841e-05, 8.56515816849e-06, 1.87294506304e-06, 1.40931751957e-06, 9.38687094276e-07, 4.33668446931e-07, 3.93996145931e-07, 8.1340324698e-08, 6.72717774819e-08, 5.4708323205e-08, 5.5948255806e-08, 5.31349151345e-08],
        "mean": [4.02768564527e-05, 0.000243752016104, 0.00052655080799, 0.000506466953084, 0.000629652000498, 0.000663922459353, 0.000668778084219, 0.000285560701741, 0.00017764873337, 0.000131059001433, 0.000228201271966, 0.00013505811512, 0.000149598752614, 0.000127337349113, 5.31303267053e-05, 3.70088746422e-05, 7.51640400267e-05, 3.35135191563e-05, 2.63889560301e-05, 1.87359892152e-05, 2.0755942387e-05, 2.77341205219e-05, 1.47395721797e-05, 9.06677087187e-06, 7.19316722098e-06, 4.4277253437e-06, 3.7183956465e-06, 2.09138011087e-06, 1.25910185034e-06, 4.54485189039e-07, 1.67501610804e-07, 9.68161941728e-08, 6.75703546449e-08, 4.2994827254e-08, 3.33983010137e-08, 2.87124137799e-08, 2.71169202648e-08, 2.63001691536e-08, 2.65407855693e-08, 2.66379291958e-08],
        "min": [3.53964992428e-07, 4.31433363701e-07, 1.76121119466e-07, 1.6326629293e-07, 6.25833536105e-07, 6.59253373669e-07, 7.65101106026e-07, 5.49832634533e-07, 3.52794870651e-07, 2.50781511113e-07, 7.29073335037e-08, 1.43892791016e-07, 9.94700926071e-08, 9.39637416764e-08, 5.58566917164e-08, 1.02677311986e-07, 5.56262342855e-08, 1.0260871619e-07, 1.10670619335e-07, 3.35609868785e-08, 1.98938963081e-08, 3.1456298899e-08, 3.28565086249e-08, 2.48591849328e-08, 2.24806360194e-08, 2.20585434363e-08, 1.97919920453e-08, 1.81710682057e-08, 1.60973030461e-08, 3.81742637501e-09, 4.67526639625e-09, 3.17182391463e-09, 3.19025983408e-09, 2.25724772207e-09, 5.93199100951e-10, 2.64609473222e-10, 1.87964005471e-10, 8.35294333701e-10, 1.36741606926e-09, 1.78358383618e-09],
        "stdev": [5.30301840627e-05, 0.000530032324605, 0.000873242330272, 0.000768835248891, 0.00135185441468, 0.0014393752208, 0.00140328065027, 0.00060781405773, 0.000394915929064, 0.000325345201418, 0.00051342806546, 0.00041749846423, 0.000530655321199, 0.000315300625516, 0.0001196368612, 8.08119220892e-05, 0.000152921304107, 6.27025219728e-05, 6.10649658483e-05, 5.04212039232e-05, 6.02488216828e-05, 7.98978508101e-05, 3.16089681291e-05, 1.90112714336e-05, 1.53591809067e-05, 7.56367580834e-06, 7.50224990043e-06, 3.36320840688e-06, 2.46014042204e-06, 8.03028456176e-07, 2.22500531777e-07, 1.08401117416e-07, 7.06068590262e-08, 3.16624699792e-08, 1.7025042709e-08, 7.90381893268e-09, 6.67689281642e-09, 6.15679995875e-09, 5.9648419537e-09, 5.8351852239e-09]
    },
    "melbands128": {
        "max": [2.27901873586e-05, 0.000123018689919, 0.000568831397686, 0.00233794352971, 0.0062953280285, 0.0122127337381, 0.0152348866686, 0.0147008504719, 0.00904819276184, 0.0104579441249, 0.0122021194547, 0.0291012711823, 0.0272648148239, 0.0220423825085, 0.0214846190065, 0.0263917520642, 0.0285678803921, 0.0279131606221, 0.0113036576658, 0.0162541214377, 0.0126056596637, 0.007174779661, 0.00772225856781, 0.00820933002979, 0.0117846764624, 0.00804330594838, 0.00577490171418, 0.0112185990438, 0.0124882971868, 0.00982965901494, 0.00911566801369, 0.0035361177288, 0.0133926477283, 0.0269646383822, 0.00628099124879, 0.0037131938152, 0.00536433048546, 0.00275445403531, 0.00328844203614, 0.00198312057182, 0.00161307898816, 0.00288966810331, 0.00243745208718, 0.00241752224974, 0.00198704213835, 0.000805514981039, 0.00337279448286, 0.000972700363491, 0.000598017766606, 0.00133073783945, 0.00248923059553, 0.000708020641468, 0.000502687878907, 0.00147565547377, 0.00320687238127, 0.00165839190595, 0.000927060551476, 0.000628578010947, 0.00060223788023, 0.000838651612867, 0.000413170782849, 0.000287124101305, 0.000533735263161, 0.000290656986181, 0.000116632931167, 0.00012703918037, 0.000120143558888, 0.000176573550561, 0.000105613558844, 7.34931090847e-05, 7.4609008152e-05, 9.57635929808e-05, 5.11991383974e-05, 4.29956708103e-05, 3.20748076774e-05, 1.31459873955e-05, 9.42928909353e-06, 4.0327181523e-06, 2.30286491387e-06, 1.36822336572e-06, 1.45745275404e-06, 2.21492814489e-06, 1.41061434533e-06, 1.10025996491e-06, 9.35057357765e-07, 5.45450404843e-07, 6.51326104162e-07, 7.04125341144e-07, 4.73860950478e-07, 1.49032118202e-07, 1.08313862768e-07, 1.01068174274e-07, 9.46208089658e-08, 7.8774718304e-08, 8.31502902088e-08, 8.3021788555e-08, 6.9225499999e-08, 6.9870090158e-08, 7.01409561543e-08, 7.19854043041e-08, 8.81321398083e-08, 8.27776389656e-08, 7.01855213947e-08, 7.23659354662e-08, 6.80610199311e-08, 7.00710174328e-08, 5.53130874437e-08, 8.42776515242e-08, 8.60054640839e-08, 6.68614461574e-08, 8.11852274296e-08, 6.5969913976e-08, 3.2200439648e-08, 3.99242416904e-08, 1.8431126847e-08, 8.78775185953e-09, 8.74422667607e-09, 6.66812605132e-10, 6.08020189752e-10, 5.78821990338e-10, 5.69946090323e-10, 5.52294099343e-10, 5.29918275927e-10, 5.49062295629e-10, 5.44394029856e-10, 5.46461098594e-10, 5.15415377045e-10, 5.05760933134e-10],
        "mean": [3.73685179511e-06, 1.92328752746e-05, 4.75795277453e-05, 9.4762952358e-05, 0.00019047173555, 0.000369277520804, 0.000585449044593, 0.000562051136512, 0.000461721327156, 0.000504690571688, 0.00051114836242, 0.000598991522565, 0.000710940745194, 0.000614344608039, 0.000495678978041, 0.000811394944321, 0.000894113676623, 0.000666907057166, 0.000347297842382, 0.000347689725459, 0.000215779160499, 0.000190025719348, 0.000201780057978, 0.000116909694043, 0.000131706663524, 9.60145698627e-05, 0.000222785485676, 0.000313510507112, 0.000148132137838, 0.000168127575307, 0.000114024107461, 9.57946758717e-05, 0.000161296877195, 0.000199356596568, 0.000116260205687, 0.000125303311506, 0.000107577317976, 2.9637814805e-05, 4.59127986687e-05, 2.67422146862e-05, 2.66965034825e-05, 6.54132018099e-05, 8.02479480626e-05, 9.28896479309e-05, 2.80224703602e-05, 2.3452901587e-05, 3.56454329449e-05, 3.06058573187e-05, 1.77111451194e-05, 2.37195727095e-05, 2.00681788556e-05, 1.30065909616e-05, 1.29934596771e-05, 2.21375921683e-05, 4.3272266339e-05, 2.51336987276e-05, 1.9014796635e-05, 2.13528001041e-05, 1.10725195555e-05, 6.62503998683e-06, 9.94421498035e-06, 9.30226087803e-06, 9.48750948737e-06, 6.01983310844e-06, 4.46520607511e-06, 4.41240854343e-06, 4.19652178607e-06, 4.83953499497e-06, 3.03038996208e-06, 3.17150465889e-06, 2.12944223676e-06, 1.63112440532e-06, 1.44400144109e-06, 1.3999380144e-06, 7.46089085624e-07, 5.0931100759e-07, 3.08637623903e-07, 1.8750330355e-07, 1.64000482528e-07, 1.25895951442e-07, 9.64549187188e-08, 8.90221656391e-08, 8.13423923773e-08, 6.80072602677e-08, 5.45077369907e-08, 4.46946337718e-08, 4.01545392492e-08, 3.63826693217e-08, 3.35441505683e-08, 3.09672607557e-08, 2.89035195777e-08, 2.85204500017e-08, 2.72157141268e-08, 2.76947815792e-08, 2.64974513442e-08, 2.60899071236e-08, 2.63565080871e-08, 2.63368225006e-08, 2.64302499886e-08, 2.66913389169e-08, 2.69068696213e-08, 2.6627118288e-08, 2.63807855561e-08, 2.61991797146e-08, 2.5722565411e-08, 2.38411708153e-08, 2.18070930202e-08, 1.91652098636e-08, 1.51255150627e-08, 1.09941664661e-08, 6.93628221526e-09, 3.78668207901e-09, 1.70346947659e-09, 5.72684843991e-10, 8.77734204763e-11, 4.5916462299e-10, 7.77201414337e-10, 6.60538160627e-12, 5.83928695327e-12, 5.81447693812e-12, 5.79555544181e-12, 5.7546515296e-12, 5.63154037292e-12, 5.50055443901e-12, 5.54379502374e-12, 5.58702650116e-12, 5.5828544912e-12, 5.47618764571e-12],
        "min": [8.76648809101e-10, 3.20840776169e-09, 6.73678215435e-08, 1.64698064964e-07, 1.28068251115e-07, 2.99512350921e-07, 1.76731290935e-07, 9.41713409475e-08, 1.40400260307e-07, 6.39499333488e-08, 1.79998693284e-07, 3.2789546367e-07, 3.56974851456e-07, 1.98025048803e-07, 1.00161329897e-07, 3.47882291862e-07, 2.39284133841e-07, 2.84314779719e-07, 1.24732153495e-07, 2.12171158864e-07, 2.01075636141e-07, 7.88972442933e-08, 1.41572940038e-07, 5.49307692665e-08, 4.24498338703e-08, 6.29634513416e-08, 9.57360200005e-08, 7.22422726085e-08, 3.89340115703e-08, 5.38204858458e-08, 4.73010892676e-08, 8.64287557079e-08, 6.32643732956e-08, 2.10472119733e-08, 2.98581603886e-08, 1.40103084689e-08, 3.28443618969e-08, 2.50085108178e-08, 4.11480520768e-08, 1.51920112046e-08, 2.22076970147e-08, 2.21336016182e-08, 5.58587984756e-08, 1.53390171675e-08, 3.27402709388e-08, 5.65156561549e-08, 7.36603524842e-08, 2.97890139223e-08, 3.76945550329e-08, 5.52907799545e-08, 1.25042332044e-08, 1.08225020057e-08, 1.19767316065e-08, 2.13188489084e-08, 1.58039199505e-08, 2.12777617747e-08, 2.08292405546e-08, 1.81539707711e-08, 1.26158310465e-08, 1.29754944567e-08, 1.54124286667e-08, 1.07294013674e-08, 9.18532805372e-09, 1.15337606132e-08, 1.34491857651e-08, 1.3187585246e-08, 1.33309301376e-08, 1.02228225884e-08, 1.02388488799e-08, 1.11529505631e-08, 8.84345574548e-09, 8.80648265422e-09, 1.01312105372e-08, 4.20421342184e-09, 1.10825415511e-09, 2.39788788825e-09, 6.1378284677e-09, 5.9989937462e-09, 4.35290070655e-09, 2.85735279881e-09, 2.75878186962e-09, 3.5207572413e-09, 3.95359167626e-09, 2.68520716773e-09, 3.19571791252e-09, 2.647275954e-09, 2.2398227717e-09, 8.32477697887e-10, 3.89732940365e-10, 3.76426612103e-10, 5.9548704856e-10, 5.10568427814e-11, 9.36574776067e-11, 2.0773625875e-10, 1.54699142385e-10, 5.35194999429e-10, 1.00606989406e-09, 1.15495490949e-09, 1.56983970268e-09, 1.16462972599e-09, 1.65630698046e-09, 1.54673795993e-09, 2.78100475981e-09, 1.06968722768e-09, 8.61682780684e-10, 1.38295830343e-09, 2.98055913284e-10, 2.61566712734e-10, 2.52471765716e-10, 1.34580846467e-10, 1.39634609431e-10, 2.0771041831e-10, 1.17932053012e-10, 3.11167064337e-11, 1.83826261504e-12, 1.38434478724e-12, 1.79577761081e-12, 1.31728590709e-12, 1.12462361472e-12, 1.07552139937e-12, 1.21338963183e-12, 7.74050799585e-13, 1.23587186492e-12, 1.27571575265e-12, 1.20536512629e-12, 1.25921202718e-12, 1.33779532591e-12, 1.36082790002e-12],
        "stdev": [3.47677496393e-06, 1.72530653799e-05, 6.64298349875e-05, 0.000179663096787, 0.000524722505361, 0.00092111248523, 0.00110239651985, 0.00103531498462, 0.000995027599856, 0.000930641253944, 0.00100117409602, 0.00153883604798, 0.00198983890004, 0.00196542707272, 0.00148064142559, 0.00239730603062, 0.00254185986705, 0.00181399344001, 0.000768352707382, 0.00108916638419, 0.000564784859307, 0.000493312021717, 0.000608667032793, 0.000393242866267, 0.000555948296096, 0.000323942367686, 0.000500212307088, 0.000859513238538, 0.000605805136729, 0.000681694480591, 0.000508015451487, 0.000257490057265, 0.000585727742873, 0.00122064573225, 0.000377495511202, 0.000320986902807, 0.000325121480273, 0.000102610232716, 0.000143900018884, 8.0313802755e-05, 0.000100885445136, 0.000196985565708, 0.000196588604013, 0.000232079182751, 8.68304123287e-05, 5.80831620027e-05, 0.000142872828292, 9.80109252851e-05, 4.27284685429e-05, 6.81780511513e-05, 8.50176147651e-05, 4.53616667073e-05, 4.06905273849e-05, 8.29731798149e-05, 0.000194395717699, 0.000110098648292, 6.01125320827e-05, 5.30522520421e-05, 3.52219103661e-05, 2.46302315645e-05, 2.68274361588e-05, 2.21668578888e-05, 2.58941454376e-05, 1.69158265635e-05, 1.07536325231e-05, 1.03364127426e-05, 8.30215230962e-06, 1.36641401696e-05, 7.69884900365e-06, 6.0221482272e-06, 3.86447482015e-06, 4.5891551963e-06, 3.29414842781e-06, 3.7761465137e-06, 1.89923753169e-06, 1.11474935238e-06, 6.20774756044e-07, 3.02073772218e-07, 2.49263536034e-07, 1.67513164229e-07, 1.16547575146e-07, 1.19006308807e-07, 9.50709519998e-08, 7.98095598498e-08, 6.10804633538e-08, 3.74181396978e-08, 3.1905660336e-08, 2.89082038307e-08, 2.24414513639e-08, 1.44074636665e-08, 1.18449303699e-08, 1.16099396763e-08, 1.0497677394e-08, 1.0829343644e-08, 1.0055364541e-08, 9.81350556373e-09, 9.34516464213e-09, 9.65600488456e-09, 9.31070864851e-09, 9.4845518106e-09, 9.14365205773e-09, 9.23813381348e-09, 8.73292460568e-09, 8.92571438982e-09, 8.50406856046e-09, 7.93721177672e-09, 7.14079906317e-09, 6.28890139964e-09, 5.00247887558e-09, 3.63577923324e-09, 2.72421774028e-09, 1.87553395037e-09, 9.87396386876e-10, 9.87140147402e-10, 5.42142331028e-10, 4.78472483856e-10, 6.56152410183e-10, 1.57134426998e-11, 1.41868157846e-11, 1.35274118296e-11, 1.33229946173e-11, 1.29295922927e-11, 1.24409441082e-11, 1.28006182043e-11, 1.26805380432e-11, 1.27038882886e-11, 1.20537252055e-11, 1.1865243163e-11]
    },
    "mfcc": {
        "mean": [-702.883911133, 161.035934448, -25.0015506744, 10.7057542801, 1.01477050781, -11.5894851685, -1.69233012199, -11.4852352142, -10.0243425369, -5.43386173248, -6.08659029007, -4.31418895721, -2.6697845459],
        "cov": [[3147.11328125, 841.950378418, -1263.47717285, 348.337341309, -288.338317871, -337.535522461, 222.979751587, 39.4835891724, 64.633972168, 14.4346389771, -66.1295928955, -10.2796916962, -17.9592285156], [841.950378418, 512.81439209, -155.837356567, -42.7066879272, -63.6139945984, -45.6483192444, 75.7537231445, 4.6432890892, -31.2795391083, 5.0697016716, -16.3018283844, -37.0733718872, -33.7833061218], [-1263.47717285, -155.837356567, 748.55267334, -136.336624146, 119.362770081, 179.318191528, -93.1485137939, -15.3435220718, -56.6821022034, -28.6329421997, 21.1658554077, -18.3300380707, -15.5567598343], [348.337341309, -42.7066879272, -136.336624146, 287.036956787, 49.7315139771, -103.195388794, -48.7361335754, 19.3155612946, 44.4640159607, -43.4726448059, -30.33061409, 41.6009101868, 18.989900589], [-288.338317871, -63.6139945984, 119.362770081, 49.7315139771, 189.181793213, 28.2177963257, -104.79070282, 7.6428694725, 20.1495170593, -22.1789474487, -1.75296068192, 25.5212039948, 7.56468820572], [-337.535522461, -45.6483192444, 179.318191528, -103.195388794, 28.2177963257, 192.656036377, 76.5551986694, -11.9012975693, -12.5630817413, 36.7567024231, 17.5272045135, -40.5297470093, -17.424369812], [222.979751587, 75.7537231445, -93.1485137939, -48.7361335754, -104.79070282, 76.5551986694, 233.598800659, 36.3102035522, -21.2354640961, 52.779964447, -0.217750817537, -41.362197876, -3.05588412285], [39.4835891724, 4.6432890892, -15.3435220718, 19.3155612946, 7.6428694725, -11.9012975693, 36.3102035522, 97.606803894, 45.7606201172, -5.71329021454, 3.83886742592, 4.69700336456, 8.77966213226], [64.633972168, -31.2795391083, -56.6821022034, 44.4640159607, 20.1495170593, -12.5630817413, -21.2354640961, 45.7606201172, 99.0174560547, 30.1321601868, 1.97117233276, 3.43923044205, -2.03422999382], [14.4346389771, 5.0697016716, -28.6329421997, -43.4726448059, -22.1789474487, 36.7567024231, 52.779964447, -5.71329021454, 30.1321601868, 105.861549377, 39.7507629395, -32.22108078, -14.9405755997], [-66.1295928955, -16.3018283844, 21.1658554077, -30.33061409, -1.75296068192, 17.5272045135, -0.217750817537, 3.83886742592, 1.97117233276, 39.7507629395, 73.2281494141, 12.6903886795, -12.2593307495], [-10.2796916962, -37.0733718872, -18.3300380707, 41.6009101868, 25.5212039948, -40.5297470093, -41.362197876, 4.69700336456, 3.43923044205, -32.22108078, 12.6903886795, 82.6186904907, 45.9829788208], [-17.9592285156, -33.7833061218, -15.5567598343, 18.989900589, 7.56468820572, -17.424369812, -3.05588412285, 8.77966213226, -2.03422999382, -14.9405755997, -12.2593307495, 45.9829788208, 89.8471374512]],
        "icov": [[0.0157424658537, -0.0213414989412, 0.0201365984976, -0.018101381138, 0.0145451482385, -0.0110643077642, 0.00753843551502, -0.00519064441323, 0.00266293459572, -0.00118772883434, 7.23150733393e-05, -0.000427599181421, -8.06832977105e-05], [-0.0213414989412, 0.0314141884446, -0.0269161071628, 0.0252998620272, -0.0202440861613, 0.0163021013141, -0.0112513741478, 0.00701416423544, -0.00298414705321, 0.00189332617447, 0.000192955863895, 0.00123915309086, 0.000975664355792], [0.0201365984976, -0.0269161071628, 0.0286854598671, -0.0230447538197, 0.0192017406225, -0.0182145573199, 0.0135127399117, -0.0103131886572, 0.00753630278632, -0.00311325234361, 0.00153514929116, -0.00117558147758, 0.000524155097082], [-0.018101381138, 0.0252998620272, -0.0230447538197, 0.0272068679333, -0.0204120948911, 0.0176781192422, -0.0128026930615, 0.00987124349922, -0.00831703748554, 0.00587399955839, -0.00123941083439, 0.00116467801854, -7.55429136916e-05], [0.0145451482385, -0.0202440861613, 0.0192017406225, -0.0204120948911, 0.0263274963945, -0.0196127481759, 0.0183049682528, -0.0143373729661, 0.00976185221225, -0.00873772986233, 0.00666032545269, -0.00639974977821, 0.00188994209748], [-0.0110643077642, 0.0163021013141, -0.0182145573199, 0.0176781192422, -0.0196127481759, 0.0280253794044, -0.0214202590287, 0.0181393250823, -0.0149934096262, 0.0111363064498, -0.00965767819434, 0.00907794199884, -0.00283819343895], [0.00753843551502, -0.0112513741478, 0.0135127399117, -0.0128026930615, 0.0183049682528, -0.0214202590287, 0.0269460435957, -0.0230505429208, 0.0205880757421, -0.0181598775089, 0.0130540868267, -0.00759114837274, 0.002908118302], [-0.00519064441323, 0.00701416423544, -0.0103131886572, 0.00987124349922, -0.0143373729661, 0.0181393250823, -0.0230505429208, 0.035620033741, -0.0280967559665, 0.022923739627, -0.0175763685256, 0.0117326006293, -0.00703901657835], [0.00266293459572, -0.00298414705321, 0.00753630278632, -0.00831703748554, 0.00976185221225, -0.0149934096262, 0.0205880757421, -0.0280967559665, 0.0371611118317, -0.0261679943651, 0.0180467478931, -0.0122682861984, 0.00742028653622], [-0.00118772883434, 0.00189332617447, -0.00311325234361, 0.00587399955839, -0.00873772986233, 0.0111363064498, -0.0181598775089, 0.022923739627, -0.0261679943651, 0.0376785062253, -0.0261876173317, 0.0198059696704, -0.00930509157479], [7.23150733393e-05, 0.000192955863895, 0.00153514929116, -0.00123941083439, 0.00666032545269, -0.00965767819434, 0.0130540868267, -0.0175763685256, 0.0180467478931, -0.0261876173317, 0.0357451848686, -0.0214835628867, 0.0122688729316], [-0.000427599181421, 0.00123915309086, -0.00117558147758, 0.00116467801854, -0.00639974977821, 0.00907794199884, -0.00759114837274, 0.0117326006293, -0.0122682861984, 0.0198059696704, -0.0214835628867, 0.0346089117229, -0.0168027300388], [-8.06832977105e-05, 0.000975664355792, 0.000524155097082, -7.55429136916e-05, 0.00188994209748, -0.00283819343895, 0.002908118302, -0.00703901657835, 0.00742028653622, -0.00930509157479, 0.0122688729316, -0.0168027300388, 0.0205588769168]]
    },
    "spectral_contrast_coeffs": {
        "max": [-0.34274572134, -0.40693718195, -0.511041939259, -0.623605787754, -0.627036094666, -0.700021803379],
        "mean": [-0.658652603626, -0.718426823616, -0.751168906689, -0.779752612114, -0.788044333458, -0.818830311298],
        "min": [-0.884241461754, -0.980651557446, -0.950820147991, -0.927026212215, -0.906292438507, -0.899820804596],
        "stdev": [0.0848971232772, 0.0958932563663, 0.0772560611367, 0.0548165328801, 0.0527798496187, 0.0338514372706]
    },
    "spectral_contrast_valleys": {
        "max": [-5.39572048187, -4.63294506073, -5.34623384476, -6.21007919312, -6.46811962128, -10.6316747665],
        "mean": [-7.39444828033, -6.86467933655, -7.46873092651, -7.88925743103, -8.16743373871, -11.130563736],
        "min": [-9.37921714783, -8.89306163788, -9.92615318298, -9.71114826202, -9.58734130859, -11.7723007202],
        "stdev": [0.707729458809, 0.758985519409, 0.752085983753, 0.664009988308, 0.680669486523, 0.0791269689798]
    }
},
"rhythm": {
    "beats_count": 124,
    "beats_loudness": {
        "max": 0.0820691511035,
        "mean": 0.0245087780058,
        "min": 0.000226672258577,
        "stdev": 0.0178925376385
    },
    "bpm": 155.348861694,
    "bpm_histogram_first_peak_bpm": 157,
    "bpm_histogram_first_peak_weight": 0.480519473553,
    "bpm_histogram_second_peak_bpm": 152,
    "bpm_histogram_second_peak_spread": 0.423076927662,
    "bpm_histogram_second_peak_weight": 0.12195122242,
    "danceability": 0.958824932575,
    "onset_rate": 1.927734375,
    "beats_loudness_band_ratio": {
        "max": [0.529769182205, 0.966989994049, 0.929646790028, 0.774741351604, 0.401689231396, 0.0868724733591],
        "mean": [0.137653201818, 0.332982391119, 0.308427155018, 0.206711828709, 0.0845803692937, 0.0148639250547],
        "min": [0.00115013332106, 0.0150630054995, 0.00769306346774, 0.00366386398673, 0.00171133945696, 0.000355505268089],
        "stdev": [0.134026646614, 0.264392226934, 0.205370247364, 0.195290967822, 0.0855999290943, 0.0167566817254]
    },
