{
"metadata": {
    "version": {
        "essentia": "2.1-beta5",
        "essentia_git_sha": "Undefined",
        "extractor": "music 2.0"
    },
    "audio_properties": {
        "analysis": {
            "equal_loudness": 0,
            "length": 48.7502937317,
            "sample_rate": 44100,
            "start_time": 12.7477550507,
            "downmix": "mix"
        },
        "bit_rate": 192000,
        "length": 213.437835693,
        "lossless": 0,
        "number_channels": 2,
        "replay_gain": -0.704696655273,
        "sample_rate": 48000,
        "codec": "mp3",
        "md5_encoded": "6a0e61fa4e2ac08dc69747650724951d"
    },
    "tags": {
        "file_name": "Denmark_Alt Det Som Ingen Ser_Kenny _ Lotte.mp3",
        "encoding": ["Lavf58.29.100"]
    }
},
"lowlevel": {
    "average_loudness": 0.957792282104,
    "barkbands_crest": {
        "max": 23.9810791016,
        "mean": 7.50719499588,
        "min": 2.23410582542,
        "stdev": 3.50939416885
    },
    "barkbands_flatness_db": {
        "max": 0.258364468813,
        "mean": 0.11371537298,
        "min": 0.0379847623408,
        "stdev": 0.0346282422543
    },
    "barkbands_kurtosis": {
        "max": 54.3223114014,
        "mean": 0.83225440979,
        "min": -1.85821771622,
        "stdev": 3.49236249924
    },
    "barkbands_skewness": {
        "max": 6.84267473221,
        "mean": 0.486108094454,
        "min": -4.04473590851,
        "stdev": 1.00488817692
    },
    "barkbands_spread": {
        "max": 87.5550613403,
        "mean": 25.1048965454,
        "min": 3.22825670242,
        "stdev": 12.2088756561
    },
    "dissonance": {
        "max": 0.49999332428,
        "mean": 0.474406599998,
        "min": 0.226829111576,
        "stdev": 0.0224984511733
    },
    "dynamic_complexity": 2.4999127388,
    "erbbands_crest": {
        "max": 29.1641178131,
        "mean": 8.38338947296,
        "min": 2.21626281738,
        "stdev": 3.80591249466
    },
    "erbbands_flatness_db": {
        "max": 0.347513139248,
        "mean": 0.181363761425,
        "min": 0.0636501759291,
        "stdev": 0.0459410250187
    },
    "erbbands_kurtosis": {
        "max": 45.2133789062,
        "mean": 0.32672560215,
        "min": -1.72167205811,
        "stdev": 2.76675891876
    },
    "erbbands_skewness": {
        "max": 3.67622637749,
        "mean": 0.0310582891107,
        "min": -5.32979679108,
        "stdev": 0.768805980682
    },
    "erbbands_spread": {
        "max": 107.907943726,
        "mean": 31.5676307678,
        "min": 5.68202733994,
        "stdev": 16.2390098572
    },
    "hfc": {
        "max": 313.310577393,
        "mean": 25.3503742218,
        "min": 0.32029914856,
        "stdev": 25.8347263336
    },
    "loudness_ebu128": {
        "integrated": -23.5799484253,
        "loudness_range": 2.1321182251,
        "momentary": {
            "max": -19.7151012421,
            "mean": -24.185842514,
            "min": -41.3779067993,
            "stdev": 2.60465407372
        },
        "short_term": {
            "max": -21.9042606354,
            "mean": -23.6925048828,
            "min": -27.0048351288,
            "stdev": 0.845104694366
        }
    },
    "melbands_crest": {
        "max": 30.6697387695,
        "mean": 9.93873786926,
        "min": 3.297727108,
        "stdev": 4.869556427
    },
    "melbands_flatness_db": {
        "max": 0.333693385124,
        "mean": 0.125232324004,
        "min": 0.0252634305507,
        "stdev": 0.0419679433107
    },
    "melbands_kurtosis": {
        "max": 220.408233643,
        "mean": 4.33237791061,
        "min": -1.93216264248,
        "stdev": 10.2159376144
    },
    "melbands_skewness": {
        "max": 11.6903295517,
        "mean": 1.32357811928,
        "min": -1.5667976141,
        "stdev": 1.28733849525
    },
    "melbands_spread": {
        "max": 290.072052002,
        "mean": 39.639705658,
        "min": 2.09777569771,
        "stdev": 25.6748313904
    },
    "pitch_salience": {
        "max": 0.889841973782,
        "mean": 0.624277949333,
        "min": 0.148830533028,
        "stdev": 0.112374097109
    },
    "silence_rate_20dB": {
        "max": 1,
        "mean": 1,
        "min": 1,
        "stdev": 0
    },
    "silence_rate_30dB": {
        "max": 1,
        "mean": 1,
        "min": 1,
        "stdev": 0
    },
    "silence_rate_60dB": {
        "max": 1,
        "mean": 0.0647310838103,
        "min": 0,
        "stdev": 0.246048226953
    },
    "spectral_centroid": {
        "max": 6640.22998047,
        "mean": 2053.1003418,
        "min": 386.297912598,
        "stdev": 673.896240234
    },
    "spectral_complexity": {
        "max": 60,
        "mean": 22.2998580933,
        "min": 0,
        "stdev": 9.96092033386
    },
    "spectral_decrease": {
        "max": -4.06927304353e-11,
        "mean": -3.78913389554e-09,
        "min": -2.40037731913e-08,
        "stdev": 2.72814992819e-09
    },
    "spectral_energy": {
        "max": 0.114158280194,
        "mean": 0.0166004300117,
        "min": 0.000184840697329,
        "stdev": 0.0118461987004
    },
    "spectral_energyband_high": {
        "max": 0.0514924004674,
        "mean": 0.00139644159935,
        "min": 2.71389558293e-06,
        "stdev": 0.00326869892888
    },
    "spectral_energyband_low": {
        "max": 0.0864331796765,
        "mean": 0.00134378101211,
        "min": 1.48069648276e-06,
        "stdev": 0.00307382643223
    },
    "spectral_energyband_middle_high": {
        "max": 0.074222266674,
        "mean": 0.00760399829596,
        "min": 5.86651112826e-05,
        "stdev": 0.00671145692468
    },
    "spectral_energyband_middle_low": {
        "max": 0.0855752900243,
        "mean": 0.00646211439744,
        "min": 2.69512802333e-05,
        "stdev": 0.00754366721958
    },
    "spectral_entropy": {
        "max": 8.72398376465,
        "mean": 7.74585437775,
        "min": 6.74693822861,
        "stdev": 0.265158802271
    },
    "spectral_flux": {
        "max": 0.283469766378,
        "mean": 0.0757728517056,
        "min": 0.00742124579847,
        "stdev": 0.0356276035309
    },
    "spectral_kurtosis": {
        "max": 16.6673965454,
        "mean": 3.72037220001,
        "min": -0.815363883972,
        "stdev": 2.15327215195
    },
    "spectral_rms": {
        "max": 0.0105533851311,
        "mean": 0.00377673609182,
        "min": 0.000424655620009,
        "stdev": 0.00138989358675
    },
    "spectral_rolloff": {
        "max": 10056.0058594,
        "mean": 2603.38525391,
        "min": 107.666015625,
        "stdev": 1310.96801758
    },
    "spectral_skewness": {
        "max": 2.94208455086,
        "mean": 1.28369939327,
        "min": -0.287119090557,
        "stdev": 0.353207290173
    },
    "spectral_spread": {
        "max": 11244166,
        "mean": 4023836,
        "min": 1587811.25,
        "stdev": 1210630.375
    },
    "spectral_strongpeak": {
        "max": 14.9582099915,
        "mean": 1.57372355461,
        "min": 0,
        "stdev": 1.64975571632
    },
    "zerocrossingrate": {
        "max": 0.37451171875,
        "mean": 0.0892583206296,
        "min": 0.0126953125,
        "stdev": 0.0337023623288
    },
    "barkbands": {
        "max": [0.000775835709646, 0.0437494069338, 0.0404903665185, 0.0130437910557, 0.0277458224446, 0.0209272298962, 0.0470084249973, 0.0736758410931, 0.0415253527462, 0.0249978732318, 0.0229332409799, 0.0112647078931, 0.0317162312567, 0.0204638894647, 0.0241768732667, 0.0127779729664, 0.0264256242663, 0.029029071331, 0.015606216155, 0.0104197217152, 0.0260622911155, 0.0270474255085, 0.0141972731799, 0.00498190056533, 0.0135337244719, 0.000416580296587, 1.23179177081e-06],
        "mean": [4.79241098219e-05, 0.00075460341759, 0.000416137481807, 0.000318453821819, 0.00127350888215, 0.00092558003962, 0.00155602069572, 0.000825983763207, 0.00144332449418, 0.000874817138538, 0.000710859894753, 0.000692405912559, 0.000774562242441, 0.000913825642783, 0.000829862896353, 0.000818299711682, 0.000611160357948, 0.000534488877747, 0.000637826684397, 0.000516869768035, 0.00044761018944, 0.000266745279077, 0.000189243786735, 0.000139107025461, 6.44189349259e-05, 1.67744819919e-05, 8.71069172348e-09],
        "min": [6.03186744996e-09, 8.03277657724e-07, 8.28674870945e-08, 5.22859195939e-08, 1.02495323517e-06, 1.27539897221e-06, 1.36138146445e-06, 1.0199804592e-06, 1.2341774891e-06, 1.60198180765e-06, 7.2796041195e-07, 2.03253011932e-06, 1.17318563753e-06, 2.57170177065e-06, 1.16399951366e-06, 1.18089928947e-06, 2.32184311244e-06, 1.79030678282e-06, 2.95638557191e-07, 4.54753092072e-07, 5.31225055056e-07, 9.639450127e-07, 4.97944768085e-07, 4.18019027393e-07, 7.6953860173e-08, 7.92680552308e-08, 1.39512151831e-10],
        "stdev": [7.18205992598e-05, 0.00185545242857, 0.00132852548268, 0.000578512030188, 0.00230101798661, 0.00177184236236, 0.00357303698547, 0.00308407773264, 0.00275529571809, 0.00153558049351, 0.00148580572568, 0.00112906808499, 0.00130811042618, 0.00146955787204, 0.00118829705752, 0.00109886995051, 0.000970798137132, 0.00121125055011, 0.0010423718486, 0.000841397501063, 0.00113064888865, 0.0011718274327, 0.000755685730837, 0.000370764260879, 0.000357264070772, 4.22799239459e-05, 4.73768189124e-08]
    },
    "erbbands": {
        "max": [0.455031126738, 12.7020807266, 49.2885894775, 23.0366039276, 77.9740142822, 105.35218811, 252.37399292, 181.527069092, 412.219848633, 1630.61633301, 1158.32824707, 1221.93334961, 658.981079102, 934.413696289, 1072.16540527, 644.511657715, 1319.23742676, 920.564575195, 1057.4050293, 1772.00415039, 668.299682617, 1399.71740723, 1225.03466797, 2170.0625, 505.596252441, 604.291687012, 609.421813965, 1183.10888672, 1123.00915527, 642.376647949, 406.62600708, 130.483825684, 99.9702072144, 276.548339844, 18.1581707001, 3.3798995018, 0.801982283592, 0.0757959261537, 0.00134105584584, 0.000221751688514],
        "mean": [0.0171746425331, 0.183396756649, 0.498907238245, 0.789265632629, 2.3984849453, 4.63647317886, 6.6961555481, 7.66056966782, 16.4180870056, 26.7318325043, 19.7683906555, 34.2480278015, 22.6119365692, 31.8295307159, 30.3920459747, 28.2938232422, 38.3201522827, 41.029258728, 44.402469635, 49.9637527466, 42.2006607056, 33.3369293213, 29.0833835602, 34.2228622437, 27.2782764435, 26.4294643402, 22.4317893982, 13.9175453186, 10.0212030411, 6.94680547714, 5.20912218094, 3.51849317551, 1.91149163246, 0.956344664097, 0.339886665344, 0.112308643758, 0.0243486892432, 0.00175162986852, 5.16842228535e-05, 2.54825918091e-05],
        "min": [3.71757159883e-05, 0.000133056004415, 0.000199086018256, 0.00029406970134, 0.000359085825039, 0.00466661341488, 0.00420919712633, 0.0161718614399, 0.0213854722679, 0.0278757009655, 0.0176501255482, 0.0502344742417, 0.0483515784144, 0.117138020694, 0.0915630981326, 0.0894172638655, 0.0764036774635, 0.0916681587696, 0.114520356059, 0.128495380282, 0.124245271087, 0.155637830496, 0.131795331836, 0.0793979614973, 0.0231168773025, 0.0227420367301, 0.0234131552279, 0.0197937190533, 0.0338972955942, 0.0203633215278, 0.0172801110893, 0.00979621242732, 0.00554985646158, 0.0014306808589, 0.000457232643384, 0.000503996154293, 9.18469813769e-05, 4.69016094939e-06, 8.20221259801e-07, 4.50377626748e-07],
        "stdev": [0.0314621292055, 0.506048023701, 1.5840498209, 1.38823103905, 4.88455581665, 8.2919178009, 15.3995065689, 12.98969841, 31.512052536, 90.4758071899, 51.9774246216, 70.6204452515, 38.7943878174, 54.2303352356, 53.7057762146, 43.765625, 60.6188659668, 64.9895477295, 66.3393936157, 75.4640274048, 58.8715591431, 50.0899887085, 46.7960700989, 83.7862243652, 37.464805603, 42.7052688599, 48.2951927185, 48.658203125, 46.0107803345, 29.8234443665, 20.6540088654, 9.56785202026, 5.92561483383, 7.00522518158, 0.884686052799, 0.265912890434, 0.0677920952439, 0.00572437001392, 0.000113685564429, 2.13789771806e-05]
    },
    "gfcc": {
        "mean": [-3.52959537506, 69.6283111572, -160.304397583, 34.4511833191, -70.2759399414, 16.5815048218, -41.0610427856, 11.8795557022, -23.3818969727, 4.17127132416, -12.4549818039, -1.9418566227, -4.55801391602],
        "cov": [[2548.93823242, -174.402572632, 275.918426514, 172.597518921, -116.889877319, -77.7617034912, -40.7605934143, 30.0140342712, -200.438644409, 4.11483716965, -75.2934799194, -99.475769043, -85.628074646], [-174.402572632, 649.716369629, 68.6698989868, -0.938082337379, 27.7159805298, -117.132354736, -7.29198694229, -38.4190940857, -1.30753111839, -47.1680603027, 41.1044273376, -61.4337043762, 15.3669033051], [275.918426514, 68.6698989868, 1298.25915527, 460.085723877, -165.29864502, -20.3500232697, -170.067001343, -50.2067909241, -224.113922119, 30.6087913513, -138.268936157, 55.0612678528, -97.9187316895], [172.597518921, -0.938082337379, 460.085723877, 383.699645996, 3.88450741768, 17.3718414307, -54.5091514587, -25.1533222198, -102.319816589, -18.0457420349, -26.7943744659, -5.21404361725, -6.51707983017], [-116.889877319, 27.7159805298, -165.29864502, 3.88450741768, 317.938446045, 94.2417373657, 54.7088623047, 69.4323272705, 14.9865407944, -2.27151179314, -4.36306476593, -3.91790699959, -19.0165863037], [-77.7617034912, -117.132354736, -20.3500232697, 17.3718414307, 94.2417373657, 195.690872192, 79.9983291626, 16.7911128998, 4.58221673965, 6.77152109146, -15.9127731323, 4.81902170181, -8.20227622986], [-40.7605934143, -7.29198694229, -170.067001343, -54.5091514587, 54.7088623047, 79.9983291626, 145.483932495, 30.2357444763, 23.3632736206, -4.05917263031, 16.3545360565, -12.2636852264, 2.89775109291], [30.0140342712, -38.4190940857, -50.2067909241, -25.1533222198, 69.4323272705, 16.7911128998, 30.2357444763, 123.16217804, 33.0726890564, -3.98824310303, -8.13102340698, -7.18607330322, -16.4463195801], [-200.438644409, -1.30753111839, -224.113922119, -102.319816589, 14.9865407944, 4.58221673965, 23.3632736206, 33.0726890564, 163.217681885, 20.3935985565, 17.9028606415, 9.13395786285, 12.3647012711], [4.11483716965, -47.1680603027, 30.6087913513, -18.0457420349, -2.27151179314, 6.77152109146, -4.05917263031, -3.98824310303, 20.3935985565, 77.1861114502, 10.1827383041, 12.8775615692, -10.3612804413], [-75.2934799194, 41.1044273376, -138.268936157, -26.7943744659, -4.36306476593, -15.9127731323, 16.3545360565, -8.13102340698, 17.9028606415, 10.1827383041, 99.6259155273, 6.06025743484, 34.4877510071], [-99.475769043, -61.4337043762, 55.0612678528, -5.21404361725, -3.91790699959, 4.81902170181, -12.2636852264, -7.18607330322, 9.13395786285, 12.8775615692, 6.06025743484, 87.3767929077, 16.2654438019], [-85.628074646, 15.3669033051, -97.9187316895, -6.51707983017, -19.0165863037, -8.20227622986, 2.89775109291, -16.4463195801, 12.3647012711, -10.3612804413, 34.4877510071, 16.2654438019, 84.707069397]],
        "icov": [[0.00051877729129, 0.00011213596008, 0.000186844859854, -0.00029577256646, 0.00028925461811, 0.000261923967628, -5.35729268449e-05, -0.000376727140974, 0.000723902601749, -0.000389061897295, 0.000320213875966, 0.000386826519389, 0.00035838628537], [0.00011213596008, 0.00352048454806, -0.00253290729597, 0.00215173419565, -0.00272848666646, 0.00311920535751, -0.00199634348974, 0.00258575147018, -0.00222715176642, 0.0033304928802, -0.00291998987086, 0.00426856614649, -0.00192621373571], [0.000186844859854, -0.00253290729597, 0.00518549326807, -0.00477606151253, 0.00398440705612, -0.00252892356366, 0.00281772855669, -0.00305390125141, 0.00431416276842, -0.00469003804028, 0.00475909002125, -0.00552163366228, 0.0041547040455], [-0.00029577256646, 0.00215173419565, -0.00477606151253, 0.00783941056579, -0.00378683162853, 0.0012137463782, -0.000984380836599, 0.00281927827746, -0.00220247497782, 0.00465324381366, -0.00416450481862, 0.00511735351756, -0.00415515201166], [0.00028925461811, -0.00272848666646, 0.00398440705612, -0.00378683162853, 0.00760598108172, -0.0042934184894, 0.0021701361984, -0.00492458045483, 0.00360480160452, -0.00380328460597, 0.00342976045795, -0.00462171295658, 0.00386296282522], [0.000261923967628, 0.00311920535751, -0.00252892356366, 0.0012137463782, -0.0042934184894, 0.0109720351174, -0.00658120354638, 0.00317328609526, -0.00215191184543, 0.00178618100472, -0.000666905601975, 0.00307297986001, -0.00197719945572], [-5.35729268449e-05, -0.00199634348974, 0.00281772855669, -0.000984380836599, 0.0021701361984, -0.00658120354638, 0.0126097984612, -0.00354037270881, 0.00217372179031, -0.00150998088066, 0.00031768437475, -0.0017449677689, 0.00192438077647], [-0.000376727140974, 0.00258575147018, -0.00305390125141, 0.00281927827746, -0.00492458045483, 0.00317328609526, -0.00354037270881, 0.0130327735096, -0.00508728576824, 0.0044468943961, -0.00239800778218, 0.00385005050339, -0.000786438875366], [0.000723902601749, -0.00222715176642, 0.00431416276842, -0.00220247497782, 0.00360480160452, -0.00215191184543, 0.00217372179031, -0.00508728576824, 0.0124317659065, -0.00621801894158, 0.003806210123, -0.00448680948466, 0.00222885143012], [-0.000389061897295, 0.0033304928802, -0.00469003804028, 0.00465324381366, -0.00380328460597, 0.00178618100472, -0.00150998088066, 0.0044468943961, -0.00621801894158, 0.0198731422424, -0.00725250830874, 0.00327117741108, -0.000163675358635], [0.000320213875966, -0.00291998987086, 0.00475909002125, -0.00416450481862, 0.00342976045795, -0.000666905601975, 0.00031768437475, -0.00239800778218, 0.003806210123, -0.00725250830874, 0.0176057182252, -0.00519690383226, -0.00134950061329], [0.000386826519389, 0.00426856614649, -0.00552163366228, 0.00511735351756, -0.00462171295658, 0.00307297986001, -0.0017449677689, 0.00385005050339, -0.00448680948466, 0.00327117741108, -0.00519690383226, 0.0200123209506, -0.00697708968073], [0.00035838628537, -0.00192621373571, 0.0041547040455, -0.00415515201166, 0.00386296282522, -0.00197719945572, 0.00192438077647, -0.000786438875366, 0.00222885143012, -0.000163675358635, -0.00134950061329, -0.00697708968073, 0.0190011989325]]
    },
    "melbands": {
        "max": [0.00808290857822, 0.0223353616893, 0.00550465751439, 0.00690167397261, 0.00741591863334, 0.00430480623618, 0.00800562929362, 0.0166229140013, 0.011386259459, 0.00690453592688, 0.00324090290815, 0.00404563406482, 0.00321695022285, 0.00154552538879, 0.00481537589803, 0.00117745460011, 0.00169306306634, 0.00231363787316, 0.00164678681176, 0.00155280798208, 0.000902622938156, 0.00109591661021, 0.00191980111413, 0.00094171310775, 0.00193661137018, 0.000609802897088, 0.000267817114946, 0.000407461426221, 0.000559285399504, 0.000679823337123, 0.00064865470631, 0.000767099671066, 0.000370582100004, 0.000373925780877, 0.000293256627629, 9.71529880189e-05, 7.21202159184e-05, 6.94672417012e-05, 0.00019666593289, 0.000213575913222],
        "mean": [0.000184855816769, 0.000256660277955, 0.000180331320735, 0.000263780093519, 0.000230180463404, 0.000176462766831, 0.000268666481134, 0.000270240940154, 0.000179443522939, 0.000203194795176, 0.000110648332338, 0.000131826978759, 0.0001043447337, 8.13236110844e-05, 7.90227713878e-05, 8.07464675745e-05, 7.3368937592e-05, 7.29967359803e-05, 6.15359822405e-05, 6.08128866588e-05, 4.7108023864e-05, 3.22570012941e-05, 3.37648161803e-05, 2.41844863922e-05, 2.80896929326e-05, 2.46200597758e-05, 1.62501473824e-05, 1.71553056134e-05, 1.47977207234e-05, 1.01595232991e-05, 7.45382885725e-06, 6.03812532063e-06, 4.29450528827e-06, 3.71882606487e-06, 3.18067577609e-06, 2.33605646827e-06, 2.04758657674e-06, 1.39838232371e-06, 1.05833589714e-06, 6.93622325798e-07],
        "min": [3.19311197927e-07, 1.37710358672e-07, 4.66859155779e-08, 1.84204736797e-07, 2.36523106878e-07, 3.49930530774e-07, 3.75368813366e-07, 2.81430743598e-07, 1.14739023616e-07, 1.93474292587e-07, 2.30775086152e-07, 3.75516009399e-07, 2.35274612237e-07, 2.16417092247e-07, 1.66461006756e-07, 1.22677477066e-07, 1.64010430126e-07, 1.3700569923e-07, 9.18346430012e-08, 1.52960808464e-07, 7.4004482542e-08, 1.32400529651e-07, 1.08197966142e-07, 7.25797590917e-08, 3.27738867156e-08, 1.12492930526e-08, 2.02813748018e-08, 1.25232633152e-08, 1.07106465919e-08, 1.64881406306e-08, 9.81068382089e-09, 2.05058476865e-08, 1.23715651057e-08, 7.73088615347e-09, 1.09015978467e-08, 7.75635733419e-09, 5.00744290477e-09, 4.68926009134e-09, 1.95208826881e-09, 1.41278863608e-10],
        "stdev": [0.000392942863982, 0.00074432202382, 0.00030174467247, 0.000506630691234, 0.000467621342978, 0.00030479603447, 0.000525054929312, 0.0009335334762, 0.000453955697594, 0.00040591909783, 0.000199726913706, 0.000230197401834, 0.000202599941986, 0.000143524914165, 0.000151136337081, 0.000117065370432, 0.000119047581393, 0.000125907870824, 8.65994661581e-05, 9.12157556741e-05, 7.33449778636e-05, 5.03491864947e-05, 6.88372165314e-05, 4.94807245559e-05, 7.56188674131e-05, 3.88351727452e-05, 2.33386908803e-05, 2.98237755487e-05, 3.4398308344e-05, 2.81525190076e-05, 2.94698729704e-05, 3.01270320051e-05, 1.78152913577e-05, 1.62241594808e-05, 1.3782674614e-05, 6.82645213601e-06, 5.46846558791e-06, 4.09327594753e-06, 5.88270540902e-06, 5.33022921445e-06]
    },
    "melbands128": {
        "max": [0.000626789056696, 0.00192548125051, 0.00878516025841, 0.0256225597113, 0.0296906027943, 0.0166453495622, 0.00459025520831, 0.00905784126371, 0.00918933656067, 0.0110079059377, 0.00562957441434, 0.00683661550283, 0.0119051430374, 0.00862646382302, 0.00677216658369, 0.00862594041973, 0.0120761115104, 0.0103440126404, 0.0173069257289, 0.0296702496707, 0.0312166791409, 0.0111454296857, 0.020723214373, 0.0116931954399, 0.014647862874, 0.00604883022606, 0.010156551376, 0.00427907286212, 0.0071152462624, 0.00697183934972, 0.00480955140665, 0.00655983621255, 0.00365829328075, 0.00630249641836, 0.00343489367515, 0.00264740525745, 0.00278710690327, 0.00608801282942, 0.00797699578106, 0.00308368285187, 0.00173944863491, 0.0035938967485, 0.00373997259885, 0.0012995240977, 0.0040191183798, 0.00361690693535, 0.00162979529705, 0.00115999742411, 0.00306922406889, 0.00474789971486, 0.00194280035794, 0.00124350632541, 0.00190749985632, 0.00122212606948, 0.000959998578764, 0.000898756610695, 0.00246218079701, 0.00356445228681, 0.0038912796881, 0.000761731236707, 0.00109639007133, 0.00230234488845, 0.00576706603169, 0.00125607382506, 0.00107587722596, 0.00102578336373, 0.000836896186229, 0.000330353534082, 0.000437793554738, 0.00108023406938, 0.000690773420502, 0.000593986071181, 0.000648970832117, 0.000905114866327, 0.000609284790698, 0.000733200751711, 0.000798897701316, 0.00105346657801, 0.000628097564913, 0.000551527482457, 0.00101198547054, 0.000858864397742, 0.000448695005616, 0.000376795913326, 0.000277002895018, 0.000620709499344, 0.000358807039447, 0.00023764744401, 0.000420164287789, 0.000235304032685, 0.000143702927744, 9.01336898096e-05, 0.000163188014994, 8.99871301954e-05, 7.1360351285e-05, 6.3075858634e-05, 0.000123745892779, 0.000202101669856, 0.000156837253598, 0.000270805117907, 0.000620763574261, 6.19125567027e-05, 2.70387954515e-05, 2.46183135459e-05, 1.92581337615e-05, 1.39935973493e-05, 7.60489092499e-06, 6.82599193169e-06, 6.51480695524e-06, 4.90878346682e-06, 4.67422978545e-06, 2.29469947044e-06, 4.17088631366e-06, 4.27994382335e-06, 2.50332755058e-06, 1.04474224827e-06, 3.554300676e-08, 1.69264224859e-09, 1.65428715171e-09, 1.60177859865e-09, 1.54134771613e-09, 1.51532297821e-09, 1.51744516952e-09, 1.48360190799e-09, 1.44029044247e-09, 1.43159828436e-09, 1.41559997058e-09, 1.40866773801e-09],
        "mean": [3.75025156245e-05, 0.000118030751764, 0.000236173320445, 0.000331923045451, 0.000285432586679, 0.000188894337043, 0.000142372169648, 0.00017292193661, 0.000234040417126, 0.000306570902467, 0.000254059035797, 0.000223636059673, 0.00023483869154, 0.000227545606322, 0.000161387215485, 0.000143865152495, 0.000211194594158, 0.00029677193379, 0.00031606075936, 0.000369182729628, 0.000192357270862, 0.000141230921145, 0.000132366229082, 0.000265552458586, 0.000310014671413, 0.00011490588804, 0.000130138505483, 7.24154451746e-05, 0.000141694574268, 0.000158950992045, 0.00011302546045, 0.000105056664324, 0.000127410137793, 7.58571259212e-05, 9.38849480008e-05, 8.24450253276e-05, 6.11432114965e-05, 6.56470729155e-05, 0.000108331791125, 8.71243682923e-05, 5.00671812915e-05, 0.000111251087219, 7.71650593379e-05, 3.98984993808e-05, 9.48923479882e-05, 7.3179078754e-05, 6.43156454316e-05, 4.63550095446e-05, 5.93351142015e-05, 9.858753765e-05, 4.70574086648e-05, 4.17854935222e-05, 6.36481127003e-05, 4.17796072725e-05, 2.92976928904e-05, 3.13933705911e-05, 2.89514027827e-05, 4.99878660776e-05, 2.90350344585e-05, 1.73574771907e-05, 2.43708909693e-05, 2.7558504371e-05, 2.73214081972e-05, 2.26085976465e-05, 4.14760797867e-05, 2.36995565501e-05, 1.70741022885e-05, 1.52633147081e-05, 1.33110188472e-05, 2.17335127672e-05, 1.92581828742e-05, 1.39368967211e-05, 1.36540820677e-05, 1.59793107741e-05, 1.50366158778e-05, 1.01960749816e-05, 8.04006958788e-06, 8.25824372441e-06, 7.02430588717e-06, 7.3364471973e-06, 6.43959629087e-06, 5.48712978343e-06, 4.91991841045e-06, 4.2544356802e-06, 3.66820381714e-06, 3.66711333299e-06, 4.07540665037e-06, 3.23274593939e-06, 3.34848436978e-06, 2.90097818834e-06, 2.42554710894e-06, 1.94148765331e-06, 2.58909471995e-06, 2.12959275814e-06, 1.72660077169e-06, 1.57840156589e-06, 1.29339207433e-06, 1.19653725505e-06, 1.04889966224e-06, 9.76243654804e-07, 1.03361628589e-06, 5.36138088592e-07, 4.81843414946e-07, 4.14815616523e-07, 3.89258786981e-07, 3.23595770624e-07, 2.85388466637e-07, 2.29120487916e-07, 1.83939704357e-07, 1.50450944147e-07, 1.14094468984e-07, 7.90346135204e-08, 7.34242391331e-08, 5.89388733374e-08, 3.78776832122e-08, 1.01183648127e-08, 3.76738140684e-10, 3.95476750306e-12, 3.72891604747e-12, 3.6129690819e-12, 3.48971914733e-12, 3.4384300962e-12, 3.4168878664e-12, 3.33378572144e-12, 3.08378366246e-12, 2.71021985236e-12, 2.49906042041e-12, 2.45879228436e-12],
        "min": [5.81042680636e-09, 1.61695396628e-07, 2.8763807336e-07, 2.91539201669e-08, 7.10421659278e-08, 4.63286760066e-08, 4.67286120909e-08, 1.45406593433e-08, 1.62872364484e-08, 2.16065707548e-08, 1.31970168127e-07, 6.61347101527e-08, 4.25833128759e-08, 6.98640150176e-08, 2.00341361278e-07, 8.94900225035e-08, 8.21623657998e-08, 1.98196033807e-07, 1.21929147667e-07, 1.12534308983e-07, 9.87217134707e-08, 8.31198647688e-08, 5.68546170143e-08, 2.57793040248e-08, 1.10044226176e-07, 8.9081055421e-08, 7.5907010455e-08, 8.14366813984e-08, 1.18280112815e-07, 5.57707906523e-08, 1.12117440665e-07, 7.01388174207e-08, 3.81393903126e-08, 4.55689423973e-08, 4.80129322966e-08, 5.19190699322e-08, 3.79431099873e-08, 7.97214028125e-08, 4.2020651847e-08, 4.47141879079e-08, 4.16153440597e-08, 2.51423966091e-08, 5.26930001854e-08, 5.45158123089e-08, 5.71837972529e-08, 2.95483673085e-08, 5.95767239986e-08, 1.13396858126e-07, 4.99685519628e-08, 3.60848240177e-08, 4.96449743537e-08, 8.26249930697e-08, 2.12106403552e-08, 4.34228759616e-08, 2.56363197337e-08, 5.57788766287e-08, 3.33617080628e-08, 4.40386855871e-08, 7.84895135553e-08, 7.03712075278e-08, 1.51117394154e-08, 1.54435824129e-08, 3.17797628213e-08, 1.48110235187e-08, 2.76504197316e-09, 8.77034267432e-09, 2.13357278511e-08, 1.03226973636e-08, 2.62307064958e-08, 2.25996910075e-08, 1.50770382845e-08, 5.73649838742e-09, 2.47091747063e-09, 8.62709370608e-09, 2.56448089431e-08, 1.88771700493e-08, 1.23698056242e-08, 7.34787386492e-09, 5.05017538899e-09, 1.77533969747e-08, 8.22324786043e-09, 3.12093262345e-09, 5.48397904865e-09, 6.75066758049e-09, 3.01166247496e-09, 4.7879766818e-09, 6.58773258166e-09, 5.60743496081e-09, 7.25806437174e-09, 1.22206440523e-08, 2.63801824829e-09, 1.66078895081e-09, 7.14412262681e-09, 2.46707032581e-09, 5.31046406849e-09, 3.68371022574e-09, 2.41301378878e-09, 2.58442245382e-09, 1.99866484474e-10, 2.02086555823e-10, 3.19824687567e-11, 4.57027297951e-11, 1.46930786982e-10, 1.09530762238e-09, 2.20795493e-10, 1.21654061824e-10, 1.37055991556e-10, 1.34012509423e-10, 4.45665206128e-12, 1.731756058e-11, 5.94724876984e-12, 9.95717289003e-13, 7.47267753318e-13, 7.01531985715e-13, 4.79303445891e-13, 4.63090720285e-13, 3.67180190333e-13, 4.09345110976e-13, 4.066070126e-13, 3.72559269676e-13, 4.01911983512e-13, 3.41696370634e-13, 4.02858735954e-13, 3.23513839415e-13, 2.7052562664e-13, 1.14429462e-13, 1.51551609261e-14, 4.68213078765e-16],
        "stdev": [6.00246530666e-05, 0.00021175283473, 0.000537881045602, 0.000998938339762, 0.000957931450102, 0.000570782925934, 0.000274243910098, 0.000345976208337, 0.00051983515732, 0.000748825608753, 0.000473695312394, 0.000528338598087, 0.000665513274726, 0.000594927871134, 0.000316333782393, 0.000405981409131, 0.000563079083804, 0.000678688520566, 0.00102323852479, 0.00154690211639, 0.00103915168438, 0.000554536120035, 0.000644549552817, 0.00069344608346, 0.000795599597041, 0.000318566366332, 0.000390919449273, 0.000196179607883, 0.000337954814313, 0.00035300073796, 0.000276031671092, 0.000304643297568, 0.000315421028063, 0.000230506280786, 0.000227029304369, 0.000194625681615, 0.00015627979883, 0.000182304633199, 0.000270644348348, 0.000167428661371, 0.000118146694149, 0.00026752546546, 0.000175326655153, 8.39222338982e-05, 0.00022013670241, 0.000173821827048, 0.000129904103233, 9.0344416094e-05, 0.000126477272715, 0.00020835189207, 0.000101158584584, 8.98367288755e-05, 0.000132259185193, 7.94775914983e-05, 6.95305207046e-05, 6.03774969932e-05, 7.10498643457e-05, 0.000117933981528, 9.85521255643e-05, 3.74754490622e-05, 5.16773798154e-05, 9.05584893189e-05, 0.000178394082468, 5.85129891988e-05, 8.5252468125e-05, 5.60965891054e-05, 3.55528354703e-05, 2.67301129497e-05, 2.81226457446e-05, 4.92288527312e-05, 3.89684646507e-05, 4.08919986512e-05, 4.30149775639e-05, 5.002830585e-05, 4.36872796854e-05, 3.32748350047e-05, 2.99853109027e-05, 3.88463267882e-05, 2.87928087346e-05, 2.79095856968e-05, 3.9402715629e-05, 3.15999895975e-05, 1.95171469386e-05, 1.81456343853e-05, 1.57925314852e-05, 2.17345586861e-05, 1.60007803061e-05, 1.42334793054e-05, 1.78194277396e-05, 1.13940604933e-05, 8.27547228255e-06, 5.3010044212e-06, 8.00068119133e-06, 6.17280420556e-06, 4.85126929561e-06, 4.09775611843e-06, 4.92680783282e-06, 5.76461343371e-06, 4.87695933771e-06, 7.54541542847e-06, 1.45725243783e-05, 2.04633852263e-06, 1.28054546167e-06, 1.16204398637e-06, 9.40400695981e-07, 8.17799673314e-07, 6.58087628835e-07, 5.78438516641e-07, 5.07612526235e-07, 3.98649518729e-07, 3.12309452966e-07, 2.22299505026e-07, 2.51161850429e-07, 2.15236354961e-07, 1.45200374391e-07, 5.26281205282e-08, 1.77724779338e-09, 3.70870868738e-11, 3.62336827209e-11, 3.50826104278e-11, 3.37648069226e-11, 3.31916473473e-11, 3.32292041105e-11, 3.24891606673e-11, 3.15493742242e-11, 3.13644596406e-11, 3.1018684149e-11, 3.08670242144e-11]
    },
    "mfcc": {
        "mean": [-628.137512207, 90.7479019165, -28.7250003815, 13.185503006, -6.47774362564, 0.556189119816, -3.42844700813, 0.711657583714, -2.75816082954, 4.79996347427, -3.58942437172, 0.413471192122, -2.73652887344],
        "cov": [[2503.91015625, -228.182800293, -31.3603725433, 74.2466049194, -84.6030349731, -102.49092865, 81.4130096436, -63.4189872742, -42.3119735718, 72.1475372314, -52.1079177856, -29.5411052704, -27.3083515167], [-228.182800293, 594.141113281, -53.5758628845, 29.3994522095, 6.62622833252, -69.7976074219, -13.5689268112, -20.7602233887, -22.5793495178, -4.85715198517, 14.3575963974, -11.1192264557, -4.91156673431], [-31.3603725433, -53.5758628845, 1291.90661621, 427.642456055, 52.2341957092, 48.9757804871, -7.42304325104, -90.2958526611, -91.1939468384, -122.930847168, -63.7598075867, -53.8157958984, -75.9316940308], [74.2466049194, 29.3994522095, 427.642456055, 353.475463867, 108.056632996, -6.65234470367, 41.356338501, -34.9663238525, -54.9670791626, -25.9268665314, -55.5830879211, -21.5824222565, -28.2426376343], [-84.6030349731, 6.62622833252, 52.2341957092, 108.056632996, 221.7631073, 31.8795318604, 49.9565124512, 25.3810901642, 17.9283447266, 10.0671386719, 3.15536546707, -8.35131263733, 3.73307609558], [-102.49092865, -69.7976074219, 48.9757804871, -6.65234470367, 31.8795318604, 179.495544434, 48.3896789551, 18.5426006317, 25.0955963135, -16.2766456604, 26.895532608, -7.53540706635, -6.90962934494], [81.4130096436, -13.5689268112, -7.42304325104, 41.356338501, 49.9565124512, 48.3896789551, 188.849563599, 31.3589324951, -6.7291059494, 26.1103076935, -15.3962602615, -8.47797107697, -8.19832611084], [-63.4189872742, -20.7602233887, -90.2958526611, -34.9663238525, 25.3810901642, 18.5426006317, 31.3589324951, 116.25668335, 48.9949035645, 13.4370861053, 22.0830764771, -1.79746818542, 8.8900642395], [-42.3119735718, -22.5793495178, -91.1939468384, -54.9670791626, 17.9283447266, 25.0955963135, -6.7291059494, 48.9949035645, 104.46206665, 21.7398395538, 31.5727539062, 5.67091083527, 5.15720891953], [72.1475372314, -4.85715198517, -122.930847168, -25.9268665314, 10.0671386719, -16.2766456604, 26.1103076935, 13.4370861053, 21.7398395538, 100.296844482, 8.34329128265, 14.8951005936, 9.03556251526], [-52.1079177856, 14.3575963974, -63.7598075867, -55.5830879211, 3.15536546707, 26.895532608, -15.3962602615, 22.0830764771, 31.5727539062, 8.34329128265, 113.737693787, 10.0569372177, 4.24620866776], [-29.5411052704, -11.1192264557, -53.8157958984, -21.5824222565, -8.35131263733, -7.53540706635, -8.47797107697, -1.79746818542, 5.67091083527, 14.8951005936, 10.0569372177, 76.6948165894, 19.6438694], [-27.3083515167, -4.91156673431, -75.9316940308, -28.2426376343, 3.73307609558, -6.90962934494, -8.19832611084, 8.8900642395, 5.15720891953, 9.03556251526, 4.24620866776, 19.6438694, 69.3971786499]],
        "icov": [[0.000483077950776, 0.00025248574093, 8.94375771168e-05, -0.00025887179072, 0.00028971262509, 0.000348765810486, -0.000305171008222, 0.000330160808517, -5.87884824199e-05, -0.000263228779659, -7.68326062826e-05, 0.000291820761049, 0.000102003163192], [0.00025248574093, 0.00198832852766, 0.000280258769635, -0.000514322717208, 8.7412969151e-05, 0.000949665496591, -0.000236514330027, 0.000487742479891, 0.000149287603563, 0.000197612913325, -0.000692210625857, 0.000516670290381, 0.000196122084162], [8.94375771168e-05, 0.000280258769635, 0.00165226182435, -0.00206823390909, 0.00054235412972, -0.000420753611252, 0.000263372057816, 0.00049165613018, 2.74691356026e-05, 0.00107920798473, -0.000197601257241, 0.000348580157151, 0.000689086969942], [-0.00025887179072, -0.000514322717208, -0.00206823390909, 0.00694561284035, -0.00309112481773, 0.000695658731274, -0.000637663470116, 3.41181112162e-05, 0.00153541495092, -0.000453070679214, 0.0016306063626, -0.00038543282426, 0.000535472645424], [0.00028971262509, 8.7412969151e-05, 0.00054235412972, -0.00309112481773, 0.00655851559713, -0.000639624660835, -0.000977838295512, -0.000493554631248, -0.00150360504631, -0.000408210093156, -0.000730074592866, 0.000710123043973, -0.00100461370312], [0.000348765810486, 0.000949665496591, -0.000420753611252, 0.000695658731274, -0.000639624660835, 0.00774703780189, -0.00261470978148, 0.000731187057681, -0.00177122664172, 0.0017955446383, -0.00186510023195, 0.000545205373783, 0.000288025301415], [-0.000305171008222, -0.000236514330027, 0.000263372057816, -0.000637663470116, -0.000977838295512, -0.00261470978148, 0.00746427010745, -0.00257917889394, 0.00220249895938, -0.00224970071577, 0.00139234389644, 0.000113695787149, 0.000908161280677], [0.000330160808517, 0.000487742479891, 0.00049165613018, 3.41181112162e-05, -0.000493554631248, 0.000731187057681, -0.00257917889394, 0.0123768495396, -0.00517139816657, 0.000711050408427, -0.00121704186313, 0.00125159381423, -0.00106267607771], [-5.87884824199e-05, 0.000149287603563, 2.74691356026e-05, 0.00153541495092, -0.00150360504631, -0.00177122664172, 0.00220249895938, -0.00517139816657, 0.0146000925452, -0.00261157588102, -0.00137821701355, -0.000392397778342, 0.000919993093703], [-0.000263228779659, 0.000197612913325, 0.00107920798473, -0.000453070679214, -0.000408210093156, 0.0017955446383, -0.00224970071577, 0.000711050408427, -0.00261157588102, 0.0131008252501, -0.000691109627951, -0.0017461742973, -0.00022437334701], [-7.68326062826e-05, -0.000692210625857, -0.000197601257241, 0.0016306063626, -0.000730074592866, -0.00186510023195, 0.00139234389644, -0.00121704186313, -0.00137821701355, -0.000691109627951, 0.0109449699521, -0.00125368323643, 0.000419729447458], [0.000291820761049, 0.000516670290381, 0.000348580157151, -0.00038543282426, 0.000710123043973, 0.000545205373783, 0.000113695787149, 0.00125159381423, -0.000392397778342, -0.0017461742973, -0.00125368323643, 0.0150073869154, -0.00366970780306], [0.000102003163192, 0.000196122084162, 0.000689086969942, 0.000535472645424, -0.00100461370312, 0.000288025301415, 0.000908161280677, -0.00106267607771, 0.000919993093703, -0.00022437334701, 0.000419729447458, -0.00366970780306, 0.0167357865721]]
    },
    "spectral_contrast_coeffs": {
        "max": [-0.412249147892, -0.427695840597, -0.472736477852, -0.555703103542, -0.564542174339, -0.506961643696],
        "mean": [-0.733277022839, -0.751899719238, -0.753751695156, -0.769439637661, -0.770310878754, -0.742399275303],
        "min": [-0.918133080006, -0.938134908676, -0.930228233337, -0.907343089581, -0.879539549351, -0.853959619999],
        "stdev": [0.0801719427109, 0.0772453770041, 0.0692782104015, 0.0552622079849, 0.0476796105504, 0.0387641824782]
    },
    "spectral_contrast_valleys": {
        "max": [-5.48912763596, -4.92871952057, -5.25413608551, -5.41249847412, -5.38697052002, -7.61721134186],
        "mean": [-7.40995454788, -6.84483718872, -7.28470373154, -7.27372694016, -7.17772293091, -10.079829216],
        "min": [-10.0403661728, -9.00716686249, -9.48285579681, -9.40215682983, -9.61441993713, -12.1551485062],
        "stdev": [0.87406206131, 0.604098975658, 0.685726225376, 0.740950286388, 0.560263693333, 0.705345988274]
    }
},
"rhythm": {
    "beats_count": 105,
    "beats_loudness": {
        "max": 0.0790739580989,
        "mean": 0.0243631117046,
        "min": 0.000363813393051,
        "stdev": 0.0131031526253
    },
    "bpm": 130.638244629,
    "bpm_histogram_first_peak_bpm": 129,
    "bpm_histogram_first_peak_weight": 0.477777779102,
    "bpm_histogram_second_peak_bpm": 136,
    "bpm_histogram_second_peak_spread": 0.199999988079,
    "bpm_histogram_second_peak_weight": 0.0769230797887,
    "danceability": 1.13009023666,
    "onset_rate": 3.6708984375,
    "beats_loudness_band_ratio": {
        "max": [0.945424735546, 0.735000014305, 0.798789322376, 0.668397843838, 0.586614787579, 0.486022859812],
        "mean": [0.193720549345, 0.171126961708, 0.174240261316, 0.183123230934, 0.196314826608, 0.118082016706],
        "min": [0.00134480954148, 0.00288338796236, 0.00507691781968, 0.00214896840043, 0.00254931533709, 0.0115138208494],
        "stdev": [0.21363504231, 0.16608722508, 0.162503346801, 0.133988007903, 0.154378756881, 0.0810739770532]
    },
