{
"metadata": {
    "version": {
        "essentia": "2.1-beta5",
        "essentia_git_sha": "Undefined",
        "extractor": "music 2.0"
    },
    "audio_properties": {
        "analysis": {
            "equal_loudness": 0,
            "length": 22.8600444794,
            "sample_rate": 44100,
            "start_time": 175.252609253,
            "downmix": "mix"
        },
        "bit_rate": 192000,
        "length": 198.135879517,
        "lossless": 0,
        "number_channels": 2,
        "replay_gain": 7.93048286438,
        "sample_rate": 44100,
        "codec": "mp3",
        "md5_encoded": "23328b45bda6f90eebe640d504acc8e5"
    },
    "tags": {
        "file_name": "Turkey_Yaz Bitti_Aylin Vatankos.mp3",
        "encoding": ["Lavf58.29.100"]
    }
},
"lowlevel": {
    "average_loudness": 0.620435357094,
    "barkbands_crest": {
        "max": 25.5339927673,
        "mean": 8.87138748169,
        "min": 3.21121668816,
        "stdev": 4.21200990677
    },
    "barkbands_flatness_db": {
        "max": 0.298056274652,
        "mean": 0.157355323434,
        "min": 0.028341004625,
        "stdev": 0.0353461652994
    },
    "barkbands_kurtosis": {
        "max": 100.538948059,
        "mean": 4.59211683273,
        "min": -1.28534460068,
        "stdev": 9.57616138458
    },
    "barkbands_skewness": {
        "max": 8.17049217224,
        "mean": 0.846686661243,
        "min": -2.06357169151,
        "stdev": 1.49056220055
    },
    "barkbands_spread": {
        "max": 54.8055610657,
        "mean": 10.1279373169,
        "min": 1.51432323456,
        "stdev": 4.74661445618
    },
    "dissonance": {
        "max": 0.499755531549,
        "mean": 0.45416110754,
        "min": 0.254537433386,
        "stdev": 0.0372185222805
    },
    "dynamic_complexity": 3.17572069168,
    "erbbands_crest": {
        "max": 28.2936763763,
        "mean": 10.7303972244,
        "min": 2.91093635559,
        "stdev": 4.75897169113
    },
    "erbbands_flatness_db": {
        "max": 0.324809730053,
        "mean": 0.223182961345,
        "min": 0.0888549387455,
        "stdev": 0.0358735695481
    },
    "erbbands_kurtosis": {
        "max": 37.0990905762,
        "mean": 1.89238107204,
        "min": -1.54771113396,
        "stdev": 3.78777527809
    },
    "erbbands_skewness": {
        "max": 5.44650697708,
        "mean": 0.395423263311,
        "min": -1.31375575066,
        "stdev": 0.997936010361
    },
    "erbbands_spread": {
        "max": 55.8073425293,
        "mean": 15.9742574692,
        "min": 3.96331548691,
        "stdev": 6.61861896515
    },
    "hfc": {
        "max": 81.0792617798,
        "mean": 17.0355854034,
        "min": 1.09040834319e-16,
        "stdev": 16.3104171753
    },
    "loudness_ebu128": {
        "integrated": -32.8232192993,
        "loudness_range": 7.14660835266,
        "momentary": {
            "max": -27.5319461823,
            "mean": -34.1174621582,
            "min": -45.1815032959,
            "stdev": 3.42897748947
        },
        "short_term": {
            "max": -28.9106616974,
            "mean": -33.4588623047,
            "min": -37.6205596924,
            "stdev": 2.29225993156
        }
    },
    "melbands_crest": {
        "max": 30.6732196808,
        "mean": 9.92973136902,
        "min": 1.64638984203,
        "stdev": 5.22001981735
    },
    "melbands_flatness_db": {
        "max": 0.354660868645,
        "mean": 0.208351641893,
        "min": 0.0027711847797,
        "stdev": 0.0556680709124
    },
    "melbands_kurtosis": {
        "max": 134.072555542,
        "mean": 5.09270763397,
        "min": -1.33696579933,
        "stdev": 11.4482593536
    },
    "melbands_skewness": {
        "max": 8.28677654266,
        "mean": 0.960938751698,
        "min": -1.13729679585,
        "stdev": 1.23572909832
    },
    "melbands_spread": {
        "max": 153.338943481,
        "mean": 18.9938030243,
        "min": 1.2792532444,
        "stdev": 15.3832798004
    },
    "pitch_salience": {
        "max": 0.876828193665,
        "mean": 0.646657347679,
        "min": 0.122916087508,
        "stdev": 0.136910229921
    },
    "silence_rate_20dB": {
        "max": 1,
        "mean": 1,
        "min": 1,
        "stdev": 0
    },
    "silence_rate_30dB": {
        "max": 1,
        "mean": 1,
        "min": 1,
        "stdev": 0
    },
    "silence_rate_60dB": {
        "max": 1,
        "mean": 0.0547667331994,
        "min": 0,
        "stdev": 0.227523654699
    },
    "spectral_centroid": {
        "max": 11751.546875,
        "mean": 1162.21386719,
        "min": 389.703338623,
        "stdev": 1176.50939941
    },
    "spectral_complexity": {
        "max": 38,
        "mean": 18.6835708618,
        "min": 0,
        "stdev": 9.1140871048
    },
    "spectral_decrease": {
        "max": 1.10576449237e-28,
        "mean": -4.7270645176e-09,
        "min": -2.4464702264e-08,
        "stdev": 3.85511178536e-09
    },
    "spectral_energy": {
        "max": 0.0982748791575,
        "mean": 0.0193862114102,
        "min": 1.01235743269e-20,
        "stdev": 0.0158042032272
    },
    "spectral_energyband_high": {
        "max": 0.000317977188388,
        "mean": 5.60980806767e-05,
        "min": 7.39286694797e-21,
        "stdev": 4.95987733302e-05
    },
    "spectral_energyband_low": {
        "max": 0.0228243097663,
        "mean": 0.000936689495575,
        "min": 1.42114065159e-23,
        "stdev": 0.00191468372941
    },
    "spectral_energyband_middle_high": {
        "max": 0.0548579953611,
        "mean": 0.00898753013462,
        "min": 1.36349889448e-21,
        "stdev": 0.0101535674185
    },
    "spectral_energyband_middle_low": {
        "max": 0.0849880427122,
        "mean": 0.0104685416445,
        "min": 1.83578433961e-22,
        "stdev": 0.0107044167817
    },
    "spectral_entropy": {
        "max": 9.81779575348,
        "mean": 7.24474000931,
        "min": 6.19241857529,
        "stdev": 0.445727348328
    },
    "spectral_flux": {
        "max": 0.166432440281,
        "mean": 0.0581257678568,
        "min": 6.45752618045e-11,
        "stdev": 0.0290380883962
    },
    "spectral_kurtosis": {
        "max": 28.6695709229,
        "mean": 10.9720201492,
        "min": -1.24512374401,
        "stdev": 4.11492061615
    },
    "spectral_rms": {
        "max": 0.0097917271778,
        "mean": 0.00401072856039,
        "min": 3.14271503786e-12,
        "stdev": 0.00168149778619
    },
    "spectral_rolloff": {
        "max": 19422.9492188,
        "mean": 1523.13598633,
        "min": 366.064453125,
        "stdev": 2090.44897461
    },
    "spectral_skewness": {
        "max": 3.62091135979,
        "mean": 2.51372504234,
        "min": -0.0804806351662,
        "stdev": 0.505553603172
    },
    "spectral_spread": {
        "max": 41534628,
        "mean": 3567783,
        "min": 1507109.75,
        "stdev": 4179118.25
    },
    "spectral_strongpeak": {
        "max": 8.86127281189,
        "mean": 1.48099648952,
        "min": 0,
        "stdev": 1.32308530807
    },
    "zerocrossingrate": {
        "max": 0.509765625,
        "mean": 0.0536980628967,
        "min": 0.015625,
        "stdev": 0.0530238226056
    },
    "barkbands": {
        "max": [5.87402973906e-05, 0.00291848368943, 0.0103838648647, 0.0149947237223, 0.0178206376731, 0.0369712598622, 0.01241772715, 0.0143358167261, 0.00738122686744, 0.0403108857572, 0.0162131860852, 0.03722814098, 0.0100841652602, 0.0130749484524, 0.0123490383849, 0.0136636877432, 0.00463807117194, 0.0018758031074, 0.00239491928369, 0.000500740017742, 0.000180901872227, 5.98927108513e-05, 1.52059328684e-05, 8.42673853185e-06, 1.13136266009e-05, 4.33816421719e-06, 2.26323535912e-07],
        "mean": [8.23025948193e-06, 0.000245670555159, 0.000348307628883, 0.000592613127083, 0.00203232117929, 0.0034704040736, 0.00142638292164, 0.000950308633037, 0.000571929384023, 0.0025122386869, 0.0011634232942, 0.00184949068353, 0.000653904397041, 0.0011055105133, 0.00113259011414, 0.000652853865176, 0.000323391344864, 0.000147068290971, 0.000117727424367, 4.20716351073e-05, 1.49562029037e-05, 7.27405267753e-06, 4.20265450884e-06, 4.69547785542e-06, 6.4059977376e-06, 2.20515516958e-06, 4.68709622226e-08],
        "min": [2.39794821969e-24, 4.66841848924e-24, 1.50855251412e-24, 2.15553086908e-24, 1.5858462889e-23, 2.53771488723e-23, 1.58095598238e-23, 8.36088982097e-24, 4.4324576496e-23, 2.24391295163e-23, 1.37760120942e-23, 4.34180017665e-23, 3.78760393371e-23, 4.03219025738e-23, 6.09016711593e-23, 1.09149622124e-22, 1.21304668631e-22, 1.56404775862e-22, 1.83180545142e-22, 2.43912232554e-22, 2.89178585908e-22, 3.86516776714e-22, 4.19140075273e-22, 6.24241411519e-22, 1.03621133439e-21, 1.38109122473e-21, 2.29934137331e-21],
        "stdev": [7.41305530028e-06, 0.000388830259908, 0.000798060442321, 0.00129733642098, 0.00240919506177, 0.00457806233317, 0.001850755536, 0.00141587725375, 0.000737376743928, 0.0046731508337, 0.00199112365954, 0.00403109844774, 0.00117567216512, 0.00162832683418, 0.00169001426548, 0.00109478388913, 0.000491095532198, 0.000247271207627, 0.000265673268586, 6.88216532581e-05, 1.97665103769e-05, 7.6312571764e-06, 1.52893096583e-06, 1.00787838164e-06, 1.21547407161e-06, 4.74917214888e-07, 4.11785592291e-08]
    },
    "erbbands": {
        "max": [0.025016810745, 0.911085724831, 8.51013088226, 40.1453590393, 49.7642555237, 72.0644683838, 94.9423599243, 431.056213379, 321.309753418, 125.619812012, 387.747314453, 202.334350586, 1534.3651123, 568.43572998, 653.575012207, 1882.69189453, 497.6824646, 517.006652832, 630.467651367, 639.036682129, 556.701782227, 248.226226807, 124.303245544, 120.231285095, 65.1719436646, 19.2179088593, 10.1004047394, 4.71182537079, 2.18793940544, 0.922707438469, 0.325209915638, 0.16927279532, 0.142902597785, 0.118965618312, 0.0858209207654, 0.0332548096776, 0.00387029512785, 0.000505749485455, 5.50958502572e-05, 0.000113387788588],
        "mean": [0.00412756809965, 0.0668367147446, 0.366484314203, 1.46018719673, 5.33080816269, 5.47238111496, 9.04273891449, 31.4903869629, 35.2442359924, 13.3930683136, 22.9772605896, 16.3262386322, 71.0310821533, 55.2534637451, 49.4442367554, 88.8627243042, 34.9496192932, 55.8566589355, 49.7725563049, 60.6969451904, 32.5632629395, 16.2362728119, 9.11768341064, 7.39334201813, 3.98160791397, 1.97867763042, 0.900715947151, 0.470675230026, 0.277489483356, 0.175084993243, 0.114797361195, 0.0940908268094, 0.0821157768369, 0.0681212320924, 0.0466094426811, 0.0182850454003, 0.00210944935679, 0.000140708667459, 1.49580810103e-05, 2.3311793484e-05],
        "min": [1.50552677501e-22, 8.31572687151e-22, 1.6424517226e-21, 1.09190231926e-20, 2.96852148196e-20, 2.9101945859e-20, 7.29902815424e-20, 2.17476769033e-19, 3.42903070043e-19, 1.85435902156e-19, 4.26802965598e-19, 1.03718615705e-18, 6.7475593768e-19, 5.77936411535e-19, 1.33741777102e-18, 2.14786979306e-18, 2.33911684581e-18, 2.66323309318e-18, 3.44360045294e-18, 4.16870945945e-18, 6.11123890327e-18, 7.01041938429e-18, 9.44352566119e-18, 9.2263560088e-18, 6.32494060094e-18, 1.02258631584e-17, 1.3020241395e-17, 1.06140615014e-17, 1.39328068991e-17, 1.16223855691e-17, 1.16585259172e-17, 1.11240522634e-17, 9.19514648429e-18, 1.01517304047e-17, 7.62446533149e-18, 4.67174694126e-18, 2.67450983968e-18, 1.19039127683e-18, 2.86286693017e-19, 2.57224687703e-20],
        "stdev": [0.00401219073683, 0.119527421892, 0.766342401505, 3.30626702309, 7.3879160881, 6.97421884537, 12.6895999908, 47.4496536255, 45.737361908, 18.0960941315, 36.5941810608, 22.2227134705, 160.310455322, 68.5489044189, 71.6450805664, 202.744338989, 55.360786438, 78.7267837524, 76.3517913818, 93.3607254028, 50.2717094421, 24.15899086, 14.4086036682, 15.8248996735, 8.02848815918, 3.19914770126, 1.26475989819, 0.62273979187, 0.303769797087, 0.132834002376, 0.0367101021111, 0.022189585492, 0.0186009146273, 0.0147327333689, 0.0099374614656, 0.00369375688024, 0.000429990555858, 7.23064149497e-05, 8.72132750374e-06, 1.87784407899e-05]
    },
    "gfcc": {
        "mean": [-55.1992797852, 113.532615662, -144.714370728, -7.59192085266, -57.2879219055, 10.9378175735, -53.2914047241, 7.24403715134, -29.1396141052, 1.746129632, -16.0806331635, 0.251375287771, -1.77722430229],
        "cov": [[20577.0859375, 2325.32080078, -2940.26293945, -255.645339966, -672.934631348, -11.2869930267, -634.735778809, 92.7840652466, -489.47354126, -70.6263656616, -235.983886719, -150.913848877, -22.3683853149], [2325.32080078, 702.451416016, 156.840515137, 6.53423643112, -179.745407104, -135.474243164, -113.954071045, -28.9522571564, -94.4617843628, -96.9757080078, 2.30033111572, -18.4564876556, 8.9834318161], [-2940.26293945, 156.840515137, 1534.16040039, 254.293395996, -217.536453247, -118.394050598, -130.994293213, -64.7497406006, 8.95995998383, -55.9921989441, 71.1821746826, 123.811386108, 24.1172370911], [-255.645339966, 6.53423643112, 254.293395996, 183.819015503, -8.31064510345, -27.9247283936, -29.9592723846, -2.98874545097, 2.15069246292, 15.7818880081, 18.2064418793, 32.161491394, -6.96082878113], [-672.934631348, -179.745407104, -217.536453247, -8.31064510345, 210.564743042, 57.593914032, 89.6877746582, 9.20676517487, 52.8330993652, 23.3485298157, -3.48394489288, -39.1731796265, -16.8944854736], [-11.2869930267, -135.474243164, -118.394050598, -27.9247283936, 57.593914032, 159.259185791, 34.2670898438, 24.4565639496, 6.9053850174, 27.6152992249, -35.5450820923, -15.4243898392, -17.9040107727], [-634.735778809, -113.954071045, -130.994293213, -29.9592723846, 89.6877746582, 34.2670898438, 150.892852783, 28.607749939, 10.7329053879, -1.96341598034, 0.805934429169, -38.3410301208, -14.2138748169], [92.7840652466, -28.9522571564, -64.7497406006, -2.98874545097, 9.20676517487, 24.4565639496, 28.607749939, 56.0548629761, 22.6626396179, 8.12526035309, -5.31655836105, 2.14588713646, -1.59977209568], [-489.47354126, -94.4617843628, 8.95995998383, 2.15069246292, 52.8330993652, 6.9053850174, 10.7329053879, 22.6626396179, 73.8923721313, 38.5588302612, 10.1422128677, 7.91374921799, 6.27634811401], [-70.6263656616, -96.9757080078, -55.9921989441, 15.7818880081, 23.3485298157, 27.6152992249, -1.96341598034, 8.12526035309, 38.5588302612, 68.3914031982, 19.4151802063, 6.65981960297, -5.56540107727], [-235.983886719, 2.30033111572, 71.1821746826, 18.2064418793, -3.48394489288, -35.5450820923, 0.805934429169, -5.31655836105, 10.1422128677, 19.4151802063, 53.2415962219, 28.4567527771, 6.81680965424], [-150.913848877, -18.4564876556, 123.811386108, 32.161491394, -39.1731796265, -15.4243898392, -38.3410301208, 2.14588713646, 7.91374921799, 6.65981960297, 28.4567527771, 67.9214706421, 31.0173339844], [-22.3683853149, 8.9834318161, 24.1172370911, -6.96082878113, -16.8944854736, -17.9040107727, -14.2138748169, -1.59977209568, 6.27634811401, -5.56540107727, 6.81680965424, 31.0173339844, 42.136756897]],
        "icov": [[0.00188468804117, -0.00651265541092, 0.00566873326898, -0.00399955362082, 0.00469338102266, -0.00357988709584, 0.00470624212176, -0.00168947328348, 0.0016913311556, -0.00268680322915, 0.00214918935671, -0.0029884125106, 0.00161311833654], [-0.00651265541092, 0.0259962975979, -0.0192141234875, 0.0123429866508, -0.0136639317498, 0.0117899486795, -0.0128146950155, 0.00422645686194, -0.00607493985444, 0.0155106959864, -0.0140972202644, 0.0183442924172, -0.00886372569948], [0.00566873326898, -0.0192141234875, 0.0193508397788, -0.0157216377556, 0.0186904426664, -0.0137777747586, 0.0138394488022, -0.000233841710724, -0.0028133939486, 0.000167743099155, 0.00114183523692, -0.00775302667171, 0.00569566385821], [-0.00399955362082, 0.0123429866508, -0.0157216377556, 0.0221365708858, -0.0196813829243, 0.0158379618078, -0.0101900361478, -0.00409604050219, 0.0114866010845, -0.0124394940212, 0.00945669505745, -0.00605624075979, 0.00272038672119], [0.00469338102266, -0.0136639317498, 0.0186904426664, -0.0196813829243, 0.0325963124633, -0.019864404574, 0.0085759581998, 0.00959399435669, -0.0215058065951, 0.016644962132, -0.0125443665311, 0.00576549768448, 0.0025288851466], [-0.00357988709584, 0.0117899486795, -0.0137777747586, 0.0158379618078, -0.019864404574, 0.0256612878293, -0.0110829761252, -0.00659422110766, 0.0154205709696, -0.0182293653488, 0.0199295189232, -0.00881380494684, 0.00359740271233], [0.00470624212176, -0.0128146950155, 0.0138394488022, -0.0101900361478, 0.0085759581998, -0.0110829761252, 0.0287483744323, -0.0153261972591, 0.00886278413236, 0.000945286417846, -0.00944363884628, 0.0102558173239, -0.00374596891925], [-0.00168947328348, 0.00422645686194, -0.000233841710724, -0.00409604050219, 0.00959399435669, -0.00659422110766, -0.0153261972591, 0.0416472181678, -0.0319889709353, 0.0193928107619, -0.0040123546496, -0.00613964768127, 0.00761004351079], [0.0016913311556, -0.00607493985444, -0.0028133939486, 0.0114866010845, -0.0215058065951, 0.0154205709696, 0.00886278413236, -0.0319889709353, 0.0632207617164, -0.0490343347192, 0.0260865315795, -0.0118433581665, -0.00598990358412], [-0.00268680322915, 0.0155106959864, 0.000167743099155, -0.0124394940212, 0.016644962132, -0.0182293653488, 0.000945286417846, 0.0193928107619, -0.0490343347192, 0.0752588137984, -0.0519784651697, 0.0312696993351, -0.00426604319364], [0.00214918935671, -0.0140972202644, 0.00114183523692, 0.00945669505745, -0.0125443665311, 0.0199295189232, -0.00944363884628, -0.0040123546496, 0.0260865315795, -0.0519784651697, 0.0759524554014, -0.0529125370085, 0.0210667680949], [-0.0029884125106, 0.0183442924172, -0.00775302667171, -0.00605624075979, 0.00576549768448, -0.00881380494684, 0.0102558173239, -0.00613964768127, -0.0118433581665, 0.0312696993351, -0.0529125370085, 0.0773957446218, -0.0427848175168], [0.00161311833654, -0.00886372569948, 0.00569566385821, 0.00272038672119, 0.0025288851466, 0.00359740271233, -0.00374596891925, 0.00761004351079, -0.00598990358412, -0.00426604319364, 0.0210667680949, -0.0427848175168, 0.0536505244672]]
    },
    "melbands": {
        "max": [0.000490322068799, 0.00379360700026, 0.00666281813756, 0.00455980096012, 0.0026163791772, 0.00850076321512, 0.00435055186972, 0.00145420862827, 0.00291464128532, 0.00126357702538, 0.00759332766756, 0.00245171505958, 0.00246571796015, 0.0040906406939, 0.0021490433719, 0.000995817128569, 0.00113383901771, 0.0011673256522, 0.000952716858592, 0.00104181899223, 0.000524995208252, 0.000304527638946, 0.0001665015443, 6.32653755019e-05, 0.000114713606308, 5.11987091159e-05, 2.52884474321e-05, 1.10181672426e-05, 7.18266437616e-06, 5.45210923519e-06, 2.50182893069e-06, 1.28797364596e-06, 1.18683726669e-06, 4.38765539457e-07, 2.26334861964e-07, 1.46217288943e-07, 1.15188562688e-07, 1.10121817443e-07, 1.06688148094e-07, 1.13289289061e-07],
        "mean": [5.00500827911e-05, 0.000167782462086, 0.000348480709363, 0.000416527502239, 0.000275364378467, 0.000743210548535, 0.000493471859954, 0.000137121140142, 0.000174426546437, 0.000102762758615, 0.000353652401827, 0.000217486944166, 0.000171422754647, 0.000205190197448, 0.000140699892654, 6.5186410211e-05, 0.000110786029836, 7.8317563748e-05, 7.98585460871e-05, 6.69960063533e-05, 3.39134494425e-05, 1.80833285413e-05, 1.14352760647e-05, 5.46716273675e-06, 6.28573070571e-06, 3.07987193082e-06, 2.03266222343e-06, 1.12973805244e-06, 6.34889374851e-07, 3.46547921026e-07, 2.43036964775e-07, 1.59128504151e-07, 1.2576757058e-07, 8.52606092394e-08, 6.66282460315e-08, 5.87395341256e-08, 5.64715634255e-08, 5.65444935319e-08, 5.71180258646e-08, 5.76506806738e-08],
        "min": [2.05226108798e-24, 9.72151651865e-25, 2.1801301159e-24, 2.24275916368e-24, 2.24079785825e-24, 5.41010866777e-24, 5.27882564706e-24, 1.86607926472e-24, 3.70727430662e-24, 5.6870169893e-24, 3.42046104756e-24, 2.44022958648e-24, 3.76160197387e-24, 5.16160012769e-24, 6.58393251145e-24, 3.76434011008e-24, 4.09218241925e-24, 4.88808035817e-24, 4.50579165818e-24, 6.29646686442e-24, 6.79734541872e-24, 6.69101959047e-24, 6.44954768966e-24, 7.42774941163e-24, 6.00059432673e-24, 3.49596331923e-24, 5.99282286352e-24, 5.91926237297e-24, 7.00555657718e-24, 7.06861890681e-24, 5.72789221154e-24, 7.67264102447e-24, 6.98052759838e-24, 6.16140046681e-24, 5.13794100585e-24, 6.55438020422e-24, 6.58892442326e-24, 5.10614044504e-24, 8.14396332723e-24, 7.41476239455e-24],
        "stdev": [6.41529986751e-05, 0.000343752180925, 0.000589382252656, 0.000531633500941, 0.00037202789099, 0.0010272290092, 0.000620096456259, 0.000185134485946, 0.00027490555658, 0.000146226942888, 0.000795094994828, 0.000278029387118, 0.000287169561489, 0.000436091562733, 0.000260422733845, 0.000114427988592, 0.000162654541782, 0.000125107777421, 0.000124856334878, 0.000101592573628, 5.39454085811e-05, 2.90816042252e-05, 1.86612905964e-05, 7.83724681241e-06, 1.44673285831e-05, 6.4185296651e-06, 3.75212766812e-06, 1.73499779521e-06, 9.4943180784e-07, 4.58860569097e-07, 3.34845395855e-07, 1.73920767566e-07, 1.38207269629e-07, 5.23655181439e-08, 2.57050434271e-08, 1.61591486858e-08, 1.54055097568e-08, 1.47727261535e-08, 1.49389087767e-08, 1.40493456868e-08]
    },
    "melbands128": {
        "max": [4.36462505604e-05, 0.00016163798864, 0.000417113100411, 0.00195719045587, 0.00304385949858, 0.00606371415779, 0.00926564261317, 0.00607089605182, 0.00638351403177, 0.00747142825276, 0.00391403771937, 0.00258592446335, 0.00467616645619, 0.00222665839829, 0.010940104723, 0.0133315697312, 0.0106243258342, 0.00152308226097, 0.00103277491871, 0.00235193152912, 0.00213196710683, 0.00343512673862, 0.00482958229259, 0.00185340945609, 0.00234963209368, 0.000919085985515, 0.00543002877384, 0.0148097667843, 0.00240537850186, 0.00419045193121, 0.0026851252187, 0.00303062051535, 0.00475418567657, 0.00362273887731, 0.00158177956473, 0.00718153454363, 0.0082353791222, 0.00174766534474, 0.00153520388994, 0.00154213653877, 0.00161441299133, 0.00104986329097, 0.00185334659182, 0.00236055487767, 0.0013640205143, 0.00120092113502, 0.00152214162517, 0.0011939968681, 0.00131833495107, 0.00147511821706, 0.00128909084015, 0.000882501888555, 0.000845012429636, 0.000622937513981, 0.000559712818358, 0.000314747943776, 0.000189137164853, 0.000197641376872, 0.000294001889415, 0.000161479983944, 4.77263565699e-05, 6.14041564404e-05, 0.000191624669242, 0.000153698056238, 4.85417767777e-05, 4.72063620691e-05, 8.40383872855e-05, 3.84830236726e-05, 3.37811288773e-05, 2.74284848274e-05, 1.26644445118e-05, 8.19424894871e-06, 1.38552741191e-05, 7.04365402271e-06, 1.00611678135e-05, 6.52711423754e-06, 3.69794611288e-06, 6.33482886769e-06, 3.61732372767e-06, 2.06919116863e-06, 1.55518068823e-06, 1.39204200877e-06, 2.05933497455e-06, 1.80323399945e-06, 9.97495817501e-07, 4.9141249292e-07, 5.29339388322e-07, 3.6180654206e-07, 3.43245091017e-07, 1.76592351409e-07, 1.62627983968e-07, 2.1681118767e-07, 1.58602603051e-07, 1.66851378935e-07, 1.65145678466e-07, 1.51519117253e-07, 1.56938710916e-07, 1.65261866414e-07, 1.4402769466e-07, 1.88363699749e-07, 1.84410239967e-07, 1.56298511911e-07, 1.38587182619e-07, 1.85135704101e-07, 1.41702955148e-07, 1.3166678059e-07, 1.16596240218e-07, 1.02685902448e-07, 7.47729913542e-08, 6.17214297449e-08, 3.74947610737e-08, 1.96112708295e-08, 1.04604040985e-08, 4.87626028445e-09, 4.67782079738e-09, 6.17204287678e-09, 8.4537852274e-09, 2.35581915087e-10, 2.72851213845e-10, 2.61164506687e-10, 2.65770377927e-10, 2.73572192677e-10, 2.80968026622e-10, 2.89533147457e-10, 2.7785729273e-10, 2.64056526644e-10, 2.7644303513e-10, 2.85086343421e-10],
        "mean": [6.77037542118e-06, 2.87101593131e-05, 4.4924683607e-05, 0.000132444271003, 0.000170743907802, 0.000174521614099, 0.000293571443763, 0.000273394951364, 0.000645817664918, 0.000481851951918, 0.000234062608797, 0.000266006420134, 0.000375695060939, 0.000153336499352, 0.000430594576756, 0.00143075326923, 0.00101212388836, 0.000134505447932, 9.56205112743e-05, 0.000176672212547, 9.71280460362e-05, 0.000192435574718, 0.000253822421655, 5.7639546867e-05, 7.54646243877e-05, 7.87317912909e-05, 0.000244600174483, 0.000595395511482, 0.000168868180481, 0.000279233179754, 0.000182865987881, 0.000185597571544, 0.000239485685597, 0.00010007754463, 8.40568391141e-05, 0.000291695469059, 0.000348904402927, 7.72038110881e-05, 7.24391575204e-05, 6.26415785518e-05, 5.99955383223e-05, 7.35005451133e-05, 0.000114130903967, 0.000148775056005, 6.12295843894e-05, 7.73761494202e-05, 7.7560362115e-05, 6.04648012086e-05, 9.44684434216e-05, 0.000100142300653, 6.06098255957e-05, 3.7867208448e-05, 3.4158325434e-05, 3.2816617022e-05, 3.1058654713e-05, 1.3212336853e-05, 1.15583397928e-05, 1.11866611405e-05, 1.48414173964e-05, 6.07825904808e-06, 4.17851560996e-06, 3.49566153091e-06, 9.47566331888e-06, 6.6657462412e-06, 2.39595829044e-06, 2.85336204797e-06, 3.88655644201e-06, 2.0231277631e-06, 1.67259145201e-06, 1.84411715054e-06, 1.03386639694e-06, 8.31042427762e-07, 9.0612780923e-07, 5.51636560431e-07, 4.08125117701e-07, 3.95571049694e-07, 2.83365210407e-07, 2.81595589513e-07, 2.5089568112e-07, 1.89534844708e-07, 1.68613567553e-07, 1.42335352393e-07, 1.42587254004e-07, 1.31184918928e-07, 1.07072203548e-07, 8.83526425355e-08, 7.95144217136e-08, 7.28844327114e-08, 6.76577300851e-08, 6.09317893918e-08, 5.77451366723e-08, 5.95161893102e-08, 5.7262948161e-08, 5.74183403046e-08, 5.46089431452e-08, 5.56327357515e-08, 5.71413245609e-08, 5.78467798107e-08, 5.57783152999e-08, 5.7999457681e-08, 5.79873926654e-08, 5.7944639309e-08, 5.67317570699e-08, 5.58960877584e-08, 5.45849943023e-08, 5.19645908525e-08, 4.76356696311e-08, 4.07143296854e-08, 3.23195123997e-08, 2.33903225677e-08, 1.47787035942e-08, 8.07895439436e-09, 3.56375529087e-09, 1.10358067129e-09, 1.35550098923e-10, 9.38060185085e-10, 1.61130842002e-09, 1.06213900522e-11, 9.40540353933e-12, 9.48174958687e-12, 9.40572099373e-12, 9.53645062224e-12, 9.26619891928e-12, 9.02864241703e-12, 9.19989692066e-12, 9.30134788635e-12, 9.29915606324e-12, 9.12633076749e-12],
        "min": [1.25616534218e-25, 8.03631487507e-25, 9.98802627295e-25, 1.28078825483e-24, 7.83331779136e-25, 9.3011640967e-25, 8.59006022483e-25, 7.7361853481e-25, 2.08484735425e-24, 3.50921741503e-25, 3.99844799433e-25, 7.62065124511e-25, 1.30547220559e-24, 3.17812337191e-24, 1.62668561797e-24, 6.06353990494e-24, 4.27143449388e-24, 1.96893371056e-24, 3.38293887861e-24, 1.3471513757e-24, 1.94897119092e-24, 6.95952861412e-25, 2.11479685295e-24, 3.34921586377e-24, 2.75127684977e-24, 1.19272751476e-24, 1.38416423633e-24, 1.26797468854e-24, 2.10570680874e-24, 1.98616972969e-24, 1.01832870964e-24, 6.34043254786e-25, 2.22225587989e-24, 4.44911515759e-24, 8.80902040199e-25, 2.55528830217e-24, 4.05541282359e-24, 3.563068561e-24, 4.18884036267e-24, 6.58692189985e-24, 1.19271834426e-24, 2.94075808376e-24, 3.29339665776e-24, 2.59878057046e-24, 2.70142991246e-24, 1.43717539334e-24, 3.94001430607e-24, 2.03095217999e-24, 2.60161987807e-24, 3.59414297534e-24, 5.95638774489e-24, 7.17338279047e-24, 3.55387557044e-24, 2.38842351312e-24, 6.30971696662e-24, 5.25141825263e-24, 2.52798168472e-24, 2.86236680624e-24, 4.97562143612e-24, 2.18669777737e-24, 6.25469707392e-24, 4.2526371218e-24, 3.68152785883e-24, 2.73894951762e-24, 3.04672714966e-24, 4.42644408403e-24, 2.20102368862e-24, 2.70337110193e-24, 4.06911573195e-24, 4.60528713429e-24, 3.94032906157e-24, 4.67193799217e-24, 7.23422289892e-24, 4.71046516992e-24, 4.67634772463e-24, 4.83909801241e-24, 4.04900214545e-24, 3.55421872493e-24, 4.12235950431e-24, 5.21002829866e-24, 3.47604142593e-24, 3.48061366374e-24, 4.24716321598e-24, 3.53342356261e-24, 5.19493699511e-24, 5.10950809224e-24, 5.13468498246e-24, 3.86130570925e-24, 4.27383144774e-24, 5.37461781565e-24, 5.76223172117e-24, 6.02390043331e-24, 5.09277595801e-24, 4.65864686921e-24, 5.35054217525e-24, 4.32198351739e-24, 2.81595890804e-24, 3.45858630068e-24, 5.94168258875e-24, 6.63967894504e-24, 4.47443364834e-24, 6.7128860259e-24, 6.72426218902e-24, 5.35099340369e-24, 5.7302114626e-24, 6.29264798878e-24, 4.29149680442e-24, 6.33674452452e-24, 7.55006545043e-24, 7.51426378711e-24, 5.19626583131e-24, 4.00808116928e-24, 6.91078992778e-24, 7.11090816222e-24, 5.41379225377e-24, 6.62029821032e-24, 6.61994795608e-24, 6.73608169196e-24, 6.47133366128e-24, 8.3111663404e-24, 6.52472140076e-24, 5.00297006041e-24, 5.34222205928e-24, 4.87143657636e-24, 8.39149210207e-24, 5.86304498942e-24, 6.73918585962e-24, 8.8306754227e-24],
        "stdev": [6.34919160802e-06, 2.64180343947e-05, 5.9658443206e-05, 0.000255605002167, 0.000359269237379, 0.000435919384472, 0.000780882488471, 0.000549769203644, 0.000967508996837, 0.000717253657058, 0.000356741627911, 0.000353359850124, 0.000591529416852, 0.000228253309615, 0.0010812941473, 0.00194001512136, 0.00149809906725, 0.000181292038178, 0.00013763824245, 0.00030522319139, 0.000190419479623, 0.000337282923283, 0.000456328561995, 0.000119022530271, 0.000162323791301, 0.000122159864986, 0.000539286527783, 0.00154754985124, 0.00027087322087, 0.000443398515927, 0.000281477463432, 0.000366747350199, 0.000477965164464, 0.000271048367722, 0.000148706094478, 0.000747368496377, 0.000904780405108, 0.00014382309746, 0.000149119470734, 0.000136286762427, 0.00012976169819, 0.000121809782286, 0.000178315924131, 0.0002658397716, 0.000138443705509, 0.000139893731102, 0.000145623707795, 0.000133382520289, 0.000175107459654, 0.000178334841621, 0.000113624999358, 7.54066204536e-05, 6.85776758473e-05, 5.66138878639e-05, 5.4783642554e-05, 3.02618318528e-05, 1.92826482817e-05, 1.81039558811e-05, 3.31296068907e-05, 1.1387338418e-05, 5.15796818945e-06, 5.21731590197e-06, 2.30090845434e-05, 1.83738502528e-05, 5.28264718014e-06, 6.27227154837e-06, 9.13781059353e-06, 4.15768681705e-06, 3.07974278257e-06, 3.81657355319e-06, 1.56044666255e-06, 1.15303566872e-06, 1.71176600361e-06, 8.52158336784e-07, 6.27164524758e-07, 5.79103925702e-07, 3.96678899506e-07, 4.65886046186e-07, 3.89004441104e-07, 2.35187030739e-07, 2.09899653214e-07, 1.58313469001e-07, 1.80987882459e-07, 1.73951647753e-07, 1.09628125244e-07, 5.94406550647e-08, 5.46362421971e-08, 4.04911304486e-08, 3.72750754707e-08, 2.48824427729e-08, 2.35162964657e-08, 2.46265710047e-08, 2.26863257069e-08, 2.28950707282e-08, 2.12830162383e-08, 2.19302016546e-08, 2.15262883074e-08, 2.31428050057e-08, 2.08716528505e-08, 2.21708873482e-08, 2.20054179323e-08, 2.10214725627e-08, 2.02248529035e-08, 1.95504430422e-08, 1.89831652619e-08, 1.82362924761e-08, 1.62052504749e-08, 1.35625422004e-08, 1.07934923221e-08, 8.14629075307e-09, 5.16268627848e-09, 2.70599631591e-09, 1.40627665068e-09, 5.63649238394e-10, 2.37240893597e-10, 7.88940857088e-10, 1.45107770244e-09, 9.41249682362e-12, 1.01641152092e-11, 9.84565640821e-12, 9.86953921367e-12, 1.00380485174e-11, 1.01561198687e-11, 1.03299617124e-11, 9.9778510107e-12, 9.58130710188e-12, 9.87177180278e-12, 1.00938068667e-11]
    },
    "mfcc": {
        "mean": [-685.680725098, 154.905593872, -31.3990211487, -10.6481962204, 4.26561641693, -6.12319612503, -7.58268499374, -6.83161830902, -2.76835465431, -6.148873806, -8.87478733063, -6.4099111557, -0.0373177863657],
        "cov": [[6721.75439453, 1560.34375, -1389.18774414, -103.444549561, -128.151885986, -105.446372986, 76.9772033691, -48.0121383667, 31.4432182312, 16.732793808, -28.1555976868, -69.5462036133, 23.2478694916], [1560.34375, 788.435241699, 230.917419434, 60.6314239502, -13.4026756287, -119.645019531, -46.1741065979, -16.3377094269, -69.0009460449, -57.6704940796, -65.0908660889, -65.2951049805, -30.2529258728], [-1389.18774414, 230.917419434, 1389.70300293, 277.843475342, 79.9007644653, -95.301574707, -135.477737427, -8.856757164, -148.836166382, -126.171951294, -73.6421585083, -66.38722229, -70.2717514038], [-103.444549561, 60.6314239502, 277.843475342, 229.181549072, 28.094587326, -45.2507896423, -28.1639328003, -7.43675136566, -52.9552879333, -43.158039093, 5.22878837585, -16.1595649719, -20.2731876373], [-128.151885986, -13.4026756287, 79.9007644653, 28.094587326, 109.929153442, 37.1334152222, -31.9428501129, -6.61613607407, 2.92467236519, -6.96561050415, 2.69949769974, 26.788608551, -1.03719580173], [-105.446372986, -119.645019531, -95.301574707, -45.2507896423, 37.1334152222, 101.491973877, 38.0187339783, -2.17074251175, 27.2626438141, 26.9136486053, 20.8573036194, 21.0555477142, 2.09373903275], [76.9772033691, -46.1741065979, -135.477737427, -28.1639328003, -31.9428501129, 38.0187339783, 87.2652359009, 29.0745925903, 14.1232738495, 24.8477210999, 15.3462238312, -0.829636216164, 1.78843903542], [-48.0121383667, -16.3377094269, -8.856757164, -7.43675136566, -6.61613607407, -2.17074251175, 29.0745925903, 54.871509552, 25.3493900299, 3.60120010376, -3.49091553688, -2.26417970657, 6.45579385757], [31.4432182312, -69.0009460449, -148.836166382, -52.9552879333, 2.92467236519, 27.2626438141, 14.1232738495, 25.3493900299, 71.7710952759, 38.4582939148, 7.78140735626, 13.9969778061, 12.7996835709], [16.732793808, -57.6704940796, -126.171951294, -43.158039093, -6.96561050415, 26.9136486053, 24.8477210999, 3.60120010376, 38.4582939148, 63.0280036926, 32.4604492188, 5.69693231583, -2.17488098145], [-28.1555976868, -65.0908660889, -73.6421585083, 5.22878837585, 2.69949769974, 20.8573036194, 15.3462238312, -3.49091553688, 7.78140735626, 32.4604492188, 54.9097900391, 23.639339447, -4.55070734024], [-69.5462036133, -65.2951049805, -66.38722229, -16.1595649719, 26.788608551, 21.0555477142, -0.829636216164, -2.26417970657, 13.9969778061, 5.69693231583, 23.639339447, 62.3706970215, 28.7086105347], [23.2478694916, -30.2529258728, -70.2717514038, -20.2731876373, -1.03719580173, 2.09373903275, 1.78843903542, 6.45579385757, 12.7996835709, -2.17488098145, -4.55070734024, 28.7086105347, 50.0753440857]],
        "icov": [[0.0012079863809, -0.00305761955678, 0.00186270836275, -0.00114503665827, 0.000744673714507, -0.00179436767939, 0.000839311804157, 4.98519839311e-05, -0.000454147550045, 0.000968848529737, -0.00083957152674, 0.000704424863216, -0.000525608367752], [-0.00305761955678, 0.0095441006124, -0.00478560477495, 0.00324163748883, -0.00317358830944, 0.00722028594464, -0.00345026492141, 0.00101203774102, 0.00144429609645, -0.00229830271564, 0.00311344023794, -0.000830905686598, 0.00169766356703], [0.00186270836275, -0.00478560477495, 0.00456115137786, -0.00331680080853, 0.00185351574328, -0.00475278962404, 0.00514278793707, -0.00389395002276, 0.00371808419004, -0.000740910647437, 0.00183538976125, -0.000195399901713, 0.00115366652608], [-0.00114503665827, 0.00324163748883, -0.00331680080853, 0.00993642490357, -0.00604375405237, 0.00831701792777, -0.00650410214439, 0.00453316606581, -0.00298019708134, 0.00768425408751, -0.00952216237783, 0.00546312984079, -0.00186867325101], [0.000744673714507, -0.00317358830944, 0.00185351574328, -0.00604375405237, 0.0230769962072, -0.0187181066722, 0.0181588605046, -0.0118980556726, 0.00707821920514, -0.00714373169467, 0.00927275419235, -0.0132425557822, 0.00635242834687], [-0.00179436767939, 0.00722028594464, -0.00475278962404, 0.00831701792777, -0.0187181066722, 0.0355779342353, -0.0269253216684, 0.0207533538342, -0.0154365375638, 0.00890198443085, -0.00899396743625, 0.00584293808788, -0.0015313468175], [0.000839311804157, -0.00345026492141, 0.00514278793707, -0.00650410214439, 0.0181588605046, -0.0269253216684, 0.0432200543582, -0.0322089418769, 0.023889478296, -0.0182307008654, 0.0103223165497, -0.00804155692458, 0.00487058330327], [4.98519839311e-05, 0.00101203774102, -0.00389395002276, 0.00453316606581, -0.0118980556726, 0.0207533538342, -0.0322089418769, 0.0496928319335, -0.0337247736752, 0.0222076028585, -0.0137708652765, 0.0120633691549, -0.00799385271966], [-0.000454147550045, 0.00144429609645, 0.00371808419004, -0.00298019708134, 0.00707821920514, -0.0154365375638, 0.023889478296, -0.0337247736752, 0.0525868646801, -0.036250218749, 0.023973532021, -0.0143050719053, 0.00474499678239], [0.000968848529737, -0.00229830271564, -0.000740910647437, 0.00768425408751, -0.00714373169467, 0.00890198443085, -0.0182307008654, 0.0222076028585, -0.036250218749, 0.0592489764094, -0.0401768423617, 0.0215125773102, -0.00664447527379], [-0.00083957152674, 0.00311344023794, 0.00183538976125, -0.00952216237783, 0.00927275419235, -0.00899396743625, 0.0103223165497, -0.0137708652765, 0.023973532021, -0.0401768423617, 0.0602162331343, -0.0330013856292, 0.0194855779409], [0.000704424863216, -0.000830905686598, -0.000195399901713, 0.00546312984079, -0.0132425557822, 0.00584293808788, -0.00804155692458, 0.0120633691549, -0.0143050719053, 0.0215125773102, -0.0330013856292, 0.0469156764448, -0.0259834676981], [-0.000525608367752, 0.00169766356703, 0.00115366652608, -0.00186867325101, 0.00635242834687, -0.0015313468175, 0.00487058330327, -0.00799385271966, 0.00474499678239, -0.00664447527379, 0.0194855779409, -0.0259834676981, 0.0383201092482]]
    },
    "spectral_contrast_coeffs": {
        "max": [-0.456551522017, -0.450822323561, -0.544635176659, -0.663501560688, -0.693293690681, -0.71887588501],
        "mean": [-0.690698564053, -0.717926025391, -0.751549601555, -0.796359479427, -0.801588952541, -0.82752597332],
        "min": [-0.981887459755, -0.984818041325, -0.993588089943, -0.98078083992, -0.990648448467, -0.963932693005],
        "stdev": [0.0864589512348, 0.106271661818, 0.0750609487295, 0.0437555573881, 0.0398895256221, 0.0345601625741]
    },
    "spectral_contrast_valleys": {
        "max": [-5.65981054306, -5.41500902176, -5.17271566391, -4.85492706299, -6.50300502777, -10.5055150986],
        "mean": [-7.67715787888, -7.03171777725, -7.15404939651, -7.49812698364, -8.3116235733, -10.9453649521],
        "min": [-27.3606433868, -27.2842521667, -27.3483963013, -27.6041259766, -27.444694519, -27.3820419312],
        "stdev": [2.22849798203, 2.28853416443, 2.32342433929, 2.37282800674, 2.15120577812, 1.78637194633]
    }
},
"rhythm": {
    "beats_count": 45,
    "beats_loudness": {
        "max": 0.0657262802124,
        "mean": 0.0209640283138,
        "min": 0.000935678021051,
        "stdev": 0.0145302163437
    },
    "bpm": 135.661865234,
    "bpm_histogram_first_peak_bpm": 136,
    "bpm_histogram_first_peak_weight": 0.421052634716,
    "bpm_histogram_second_peak_bpm": 117,
    "bpm_histogram_second_peak_spread": 0.399999976158,
    "bpm_histogram_second_peak_weight": 0.136363640428,
    "danceability": 0.738986492157,
    "onset_rate": 0.874444842339,
    "beats_loudness_band_ratio": {
        "max": [0.500041902065, 0.935093224049, 0.556987226009, 0.668345332146, 0.55012601614, 0.0413170903921],
        "mean": [0.111144460738, 0.371236473322, 0.22698970139, 0.296296745539, 0.13661518693, 0.00842522829771],
        "min": [0.00364561704919, 0.00460874289274, 0.0674223527312, 0.00653846841305, 0.00542172370479, 0.00136542972177],
        "stdev": [0.112186059356, 0.298220008612, 0.128069624305, 0.204248771071, 0.156283900142, 0.00988995563239]
    },
    "beats_position": [0.417959183455, 0.859138309956, 1.30031740665, 1.74149656296, 2.18267560005, 2.62385487556, 3.05342388153, 3.49460315704, 3.93578219414, 4.37696123123, 4.82975053787, 5.27092981339, 5.72371864319, 6.17650794983, 6.62929677963, 7.08208608627, 7.52326536179, 7.96444416046, 8.39401340485, 8.82358264923, 9.33442115784, 9.84526062012, 10.3560991287, 10.8553285599, 11.354557991, 11.8653964996, 12.3762359619, 12.8870744705, 13.3746938705, 13.873922348, 14.3731517792, 14.9304304123, 15.4993190765, 16.0682086945, 16.6487064362, 17.2292060852, 17.8097057343, 18.390203476, 18.9590930939, 19.5279808044, 20.1317005157, 20.7354183197, 21.3159179688, 21.8848075867, 22.4769153595],
