{
"metadata": {
    "version": {
        "essentia": "2.1-beta5",
        "essentia_git_sha": "Undefined",
        "extractor": "music 2.0"
    },
    "audio_properties": {
        "analysis": {
            "equal_loudness": 0,
            "length": 48.7502937317,
            "sample_rate": 44100,
            "start_time": 93.9943771362,
            "downmix": "mix"
        },
        "bit_rate": 192000,
        "length": 178.607894897,
        "lossless": 0,
        "number_channels": 2,
        "replay_gain": -10.9273986816,
        "sample_rate": 44100,
        "codec": "mp3",
        "md5_encoded": "fa030fd012ab3118b9267ec97a070054"
    },
    "tags": {
        "file_name": "Portugal_Amor D_água Fresca_Diná.mp3",
        "encoding": ["Lavf58.29.100"]
    }
},
"lowlevel": {
    "average_loudness": 0.979131281376,
    "barkbands_crest": {
        "max": 23.4828395844,
        "mean": 7.78852415085,
        "min": 2.07919764519,
        "stdev": 3.37841081619
    },
    "barkbands_flatness_db": {
        "max": 0.313327312469,
        "mean": 0.1235563308,
        "min": 0.0429153479636,
        "stdev": 0.0277978442609
    },
    "barkbands_kurtosis": {
        "max": 17.2450313568,
        "mean": 0.282312780619,
        "min": -1.67441642284,
        "stdev": 1.84073388577
    },
    "barkbands_skewness": {
        "max": 3.61314463615,
        "mean": 0.666188299656,
        "min": -1.45541501045,
        "stdev": 0.63106995821
    },
    "barkbands_spread": {
        "max": 73.1781158447,
        "mean": 26.8456783295,
        "min": 2.90356016159,
        "stdev": 11.1397237778
    },
    "dissonance": {
        "max": 0.499805927277,
        "mean": 0.465687870979,
        "min": 0.339805185795,
        "stdev": 0.0214596651495
    },
    "dynamic_complexity": 1.99509644508,
    "erbbands_crest": {
        "max": 27.9011993408,
        "mean": 8.64364814758,
        "min": 2.68541884422,
        "stdev": 3.79536819458
    },
    "erbbands_flatness_db": {
        "max": 0.369707494974,
        "mean": 0.187016010284,
        "min": 0.107067607343,
        "stdev": 0.034237280488
    },
    "erbbands_kurtosis": {
        "max": 13.8565540314,
        "mean": 0.120590560138,
        "min": -1.5758408308,
        "stdev": 1.4043803215
    },
    "erbbands_skewness": {
        "max": 2.92852044106,
        "mean": 0.21706610918,
        "min": -2.32979869843,
        "stdev": 0.594056785107
    },
    "erbbands_spread": {
        "max": 93.5553665161,
        "mean": 35.4061965942,
        "min": 3.82007694244,
        "stdev": 14.5143413544
    },
    "hfc": {
        "max": 160.773712158,
        "mean": 28.5344676971,
        "min": 0.471637070179,
        "stdev": 18.5923614502
    },
    "loudness_ebu128": {
        "integrated": -13.0596694946,
        "loudness_range": 0.894378662109,
        "momentary": {
            "max": -9.76770973206,
            "mean": -13.2444105148,
            "min": -17.6238613129,
            "stdev": 1.29649031162
        },
        "short_term": {
            "max": -12.4297561646,
            "mean": -13.0951633453,
            "min": -14.266960144,
            "stdev": 0.337186306715
        }
    },
    "melbands_crest": {
        "max": 29.2460784912,
        "mean": 10.9080295563,
        "min": 4.01843690872,
        "stdev": 4.32965898514
    },
    "melbands_flatness_db": {
        "max": 0.320631116629,
        "mean": 0.122451774776,
        "min": 0.0453645065427,
        "stdev": 0.0342404842377
    },
    "melbands_kurtosis": {
        "max": 42.827709198,
        "mean": 3.68107032776,
        "min": -1.6130065918,
        "stdev": 4.44014644623
    },
    "melbands_skewness": {
        "max": 5.90815973282,
        "mean": 1.4836473465,
        "min": -1.05038034916,
        "stdev": 0.881093978882
    },
    "melbands_spread": {
        "max": 148.761993408,
        "mean": 37.5538520813,
        "min": 3.7761259079,
        "stdev": 17.3237743378
    },
    "pitch_salience": {
        "max": 0.897704184055,
        "mean": 0.575424969196,
        "min": 0.246705561876,
        "stdev": 0.0811684206128
    },
    "silence_rate_20dB": {
        "max": 1,
        "mean": 1,
        "min": 1,
        "stdev": 0
    },
    "silence_rate_30dB": {
        "max": 1,
        "mean": 1,
        "min": 1,
        "stdev": 0
    },
    "silence_rate_60dB": {
        "max": 1,
        "mean": 0.000475963839563,
        "min": 0,
        "stdev": 0.0218114033341
    },
    "spectral_centroid": {
        "max": 4149.43603516,
        "mean": 1806.90698242,
        "min": 498.456665039,
        "stdev": 459.49899292
    },
    "spectral_complexity": {
        "max": 52,
        "mean": 22.9919090271,
        "min": 0,
        "stdev": 7.6166176796
    },
    "spectral_decrease": {
        "max": -8.01565480657e-11,
        "mean": -4.88909623897e-09,
        "min": -2.57257397607e-08,
        "stdev": 3.16536885592e-09
    },
    "spectral_energy": {
        "max": 0.104673191905,
        "mean": 0.0210407655686,
        "min": 0.000345308741089,
        "stdev": 0.0133189093322
    },
    "spectral_energyband_high": {
        "max": 0.0129951974377,
        "mean": 0.00138129899278,
        "min": 2.23310435103e-05,
        "stdev": 0.00132438971195
    },
    "spectral_energyband_low": {
        "max": 0.0347859561443,
        "mean": 0.00155538297258,
        "min": 2.57900210272e-05,
        "stdev": 0.00247069518082
    },
    "spectral_energyband_middle_high": {
        "max": 0.0956926420331,
        "mean": 0.00942875631154,
        "min": 0.000126404265757,
        "stdev": 0.00904797948897
    },
    "spectral_energyband_middle_low": {
        "max": 0.0894921049476,
        "mean": 0.00957578700036,
        "min": 0.000176687593921,
        "stdev": 0.00863972492516
    },
    "spectral_entropy": {
        "max": 8.74316310883,
        "mean": 7.74761390686,
        "min": 6.17406272888,
        "stdev": 0.274859786034
    },
    "spectral_flux": {
        "max": 0.261212676764,
        "mean": 0.0820314884186,
        "min": 0.0249645896256,
        "stdev": 0.0354335270822
    },
    "spectral_kurtosis": {
        "max": 14.5990257263,
        "mean": 2.3418238163,
        "min": -0.971452474594,
        "stdev": 1.64372456074
    },
    "spectral_rms": {
        "max": 0.0101054534316,
        "mean": 0.00433124648407,
        "min": 0.000580419320613,
        "stdev": 0.00132960896008
    },
    "spectral_rolloff": {
        "max": 9366.94335938,
        "mean": 2496.61572266,
        "min": 236.865234375,
        "stdev": 1339.48986816
    },
    "spectral_skewness": {
        "max": 2.65813207626,
        "mean": 1.12990009785,
        "min": -0.217198386788,
        "stdev": 0.287203967571
    },
    "spectral_spread": {
        "max": 20728714,
        "mean": 4323930,
        "min": 2510884.75,
        "stdev": 1110896.625
    },
    "spectral_strongpeak": {
        "max": 14.0317230225,
        "mean": 1.66301059723,
        "min": 0.0038861783687,
        "stdev": 1.63470566273
    },
    "zerocrossingrate": {
        "max": 0.27099609375,
        "mean": 0.0883635655046,
        "min": 0.0126953125,
        "stdev": 0.0293392408639
    },
    "barkbands": {
        "max": [0.000300051178783, 0.00508910417557, 0.0189153719693, 0.0209950022399, 0.0404579304159, 0.0392865277827, 0.0331291407347, 0.0385227203369, 0.0843312218785, 0.0754555910826, 0.0683908686042, 0.0399743951857, 0.0188663564622, 0.0190288666636, 0.0357064083219, 0.0146869961172, 0.0222091507167, 0.0131466891617, 0.00718403887004, 0.00439752871171, 0.00435610255226, 0.00658321613446, 0.00422960380092, 0.00400996441022, 0.00146221020259, 2.35654715652e-05, 2.27469877245e-06],
        "mean": [1.71877927642e-05, 0.000220294736209, 0.000715078960638, 0.00106978265103, 0.00134721840732, 0.00221864436753, 0.00112387700938, 0.00129290786572, 0.00206243409775, 0.00145485729445, 0.00161592138465, 0.000797304150183, 0.00097183190519, 0.000531326630153, 0.00148012279533, 0.000821927038487, 0.00068511988502, 0.000625876884442, 0.000425040401751, 0.000421630422352, 0.000266357936198, 0.00029792933492, 0.00029784621438, 0.000232976977713, 4.66039055027e-05, 6.69605412895e-07, 2.45532527643e-09],
        "min": [4.02262401167e-08, 1.08700317014e-06, 1.29898774048e-06, 5.14519524586e-06, 1.22881619973e-05, 3.46452338817e-06, 4.18592253482e-06, 3.56835062121e-06, 3.40047699865e-06, 5.85905581829e-06, 4.92948947795e-06, 2.11768792724e-06, 5.11921371071e-06, 4.35665651821e-06, 8.86449379323e-06, 7.33166507416e-06, 8.93058222573e-06, 1.25516025946e-05, 1.26490867842e-05, 2.65687071987e-06, 9.47811622609e-06, 2.91559490506e-06, 4.1331832108e-06, 2.17751153286e-06, 1.00854333596e-06, 1.31277100301e-10, 1.57431637171e-11],
        "stdev": [2.73055848083e-05, 0.000470216473332, 0.00128086993936, 0.00177799619269, 0.0018696206389, 0.00335279200226, 0.00217336718924, 0.00253697787412, 0.00558532821015, 0.00357579626143, 0.00329652475193, 0.00181419448927, 0.00153768225573, 0.00119481119327, 0.00298588629812, 0.00133896712214, 0.00121123227291, 0.000802420836408, 0.000521832727827, 0.00046829204075, 0.000372957903892, 0.000411305634771, 0.000347309745848, 0.000346564745996, 0.000107711202872, 1.43959721299e-06, 5.41918439012e-08]
    },
    "erbbands": {
        "max": [0.0750101655722, 1.38654780388, 11.8343725204, 66.6374130249, 122.375190735, 178.023406982, 207.51725769, 365.522399902, 482.083496094, 533.365112305, 1018.14221191, 2194.1940918, 2007.18249512, 2955.87109375, 1973.78710938, 712.325012207, 779.325256348, 1095.66223145, 2249.40405273, 708.154785156, 1165.53527832, 869.045593262, 891.858886719, 563.948303223, 216.586212158, 200.447463989, 261.627044678, 209.722717285, 259.632995605, 157.789138794, 128.192840576, 107.869285583, 58.0910606384, 28.4383544922, 4.59375429153, 0.30599707365, 0.00842482224107, 0.00143611768726, 0.000328033580445, 0.000136597183882],
        "mean": [0.00412293896079, 0.0653362050653, 0.574858546257, 2.69385480881, 3.99819135666, 4.34833288193, 9.65693569183, 20.6956787109, 16.6475658417, 20.4742450714, 34.1225662231, 47.7385635376, 40.2572250366, 71.326789856, 45.8070869446, 34.3885192871, 40.8630561829, 36.2400512695, 65.945526123, 54.7781219482, 45.5880737305, 39.3982009888, 36.9254875183, 29.0000247955, 16.6474380493, 19.7121009827, 13.5156984329, 10.0508337021, 10.6111164093, 10.7662220001, 7.83446979523, 5.52637624741, 3.23658442497, 0.894902944565, 0.160716608167, 0.0142475673929, 0.000451125000836, 4.63060860056e-05, 2.14701103687e-05, 2.92803979391e-05],
        "min": [8.76554768183e-05, 0.000304106186377, 0.0024211469572, 0.0232397243381, 0.0264943018556, 0.0459908209741, 0.0756051763892, 0.192885026336, 0.171096995473, 0.12009614706, 0.166580170393, 0.273467808962, 0.506174385548, 0.211008682847, 0.187468096614, 0.102494478226, 0.281474024057, 0.581914365292, 0.760070264339, 0.364758133888, 0.370209634304, 0.509127676487, 0.752010524273, 0.822265386581, 0.345515608788, 0.142762482166, 0.343978703022, 0.262906402349, 0.140811786056, 0.0990759804845, 0.119214259088, 0.0406071916223, 0.0328139513731, 0.0160614605993, 0.0034884265624, 0.000804704905022, 3.2578012906e-05, 2.82539622276e-06, 2.67472432824e-06, 4.77672256238e-06],
        "stdev": [0.00718489103019, 0.13279516995, 0.92316699028, 4.71225786209, 5.88631916046, 6.47961616516, 13.8175296783, 38.08152771, 33.4863052368, 39.2124061584, 71.2823562622, 131.174301147, 83.1500091553, 146.195556641, 104.366081238, 58.5620002747, 62.7592544556, 61.0635261536, 158.403640747, 77.7943267822, 79.4928741455, 59.6158676147, 46.9334564209, 37.7153701782, 18.3018264771, 21.3681201935, 17.1758613586, 15.859869957, 15.4084672928, 12.9806547165, 9.29664707184, 7.89789104462, 5.16598367691, 1.94512736797, 0.355416685343, 0.027460122481, 0.000780033005867, 6.92021712894e-05, 1.60517374752e-05, 1.73235384864e-05]
    },
    "gfcc": {
        "mean": [9.34812641144, 85.8145675659, -169.573562622, 45.0790863037, -87.1903762817, 20.7517719269, -49.3661308289, -1.43389010429, -19.9420623779, -18.2278633118, -7.75022649765, -15.4335575104, -0.930618286133],
        "cov": [[919.762817383, -195.747909546, -44.4068031311, 75.9514389038, -89.417755127, 11.4941520691, -30.2682285309, 57.5790061951, 95.7266845703, -6.39889907837, 8.06240177155, -51.6152038574, 25.4852027893], [-195.747909546, 391.426971436, 15.1763343811, -65.5243301392, 42.7533340454, -88.138420105, 61.2496604919, -10.8650636673, 11.307600975, -1.67046666145, 8.47000694275, -34.8043937683, 1.48971426487], [-44.4068031311, 15.1763343811, 397.694122314, 146.842346191, -33.2294235229, 30.9667110443, -104.311889648, 9.11510276794, -34.81590271, 27.665687561, -18.8096866608, 49.4935798645, -38.6557273865], [75.9514389038, -65.5243301392, 146.842346191, 239.747299194, 3.16564869881, -35.3217086792, -85.4941253662, -27.2565422058, 20.8873023987, 10.4262285233, -2.06979131699, 59.5843086243, -11.0510072708], [-89.417755127, 42.7533340454, -33.2294235229, 3.16564869881, 160.412307739, 82.8838882446, 32.2107582092, -1.63426160812, -43.5033912659, -3.30118346214, -26.3571186066, -18.2021713257, 3.09476709366], [11.4941520691, -88.138420105, 30.9667110443, -35.3217086792, 82.8838882446, 240.531661987, 90.0695648193, 1.43193674088, -88.5886535645, -5.72203636169, -30.043680191, -32.1515655518, -0.42918112874], [-30.2682285309, 61.2496604919, -104.311889648, -85.4941253662, 32.2107582092, 90.0695648193, 185.803787231, 27.2641906738, -37.9876556396, -10.7925624847, -12.7922306061, -58.2577972412, 9.64721393585], [57.5790061951, -10.8650636673, 9.11510276794, -27.2565422058, -1.63426160812, 1.43193674088, 27.2641906738, 118.949272156, 39.2185897827, -1.56052291393, -16.100315094, -25.870256424, 1.43210029602], [95.7266845703, 11.307600975, -34.81590271, 20.8873023987, -43.5033912659, -88.5886535645, -37.9876556396, 39.2185897827, 144.651596069, 24.5387954712, 24.9178524017, 8.91823863983, -2.53175473213], [-6.39889907837, -1.67046666145, 27.665687561, 10.4262285233, -3.30118346214, -5.72203636169, -10.7925624847, -1.56052291393, 24.5387954712, 77.5291976929, 21.6476135254, 2.66501092911, -14.4639225006], [8.06240177155, 8.47000694275, -18.8096866608, -2.06979131699, -26.3571186066, -30.043680191, -12.7922306061, -16.100315094, 24.9178524017, 21.6476135254, 90.4197921753, 45.488117218, -0.285825490952], [-51.6152038574, -34.8043937683, 49.4935798645, 59.5843086243, -18.2021713257, -32.1515655518, -58.2577972412, -25.870256424, 8.91823863983, 2.66501092911, 45.488117218, 106.258834839, 17.8955059052], [25.4852027893, 1.48971426487, -38.6557273865, -11.0510072708, 3.09476709366, -0.42918112874, 9.64721393585, 1.43210029602, -2.53175473213, -14.4639225006, -0.285825490952, 17.8955059052, 62.0109710693]],
        "icov": [[0.00182818633039, 0.000421877106419, 0.000478385831229, -0.00141226954293, 0.00130914105102, -0.00107996957377, 0.000879678467754, -0.00067248987034, -0.000823941256385, 0.000515720748808, -0.00138402509037, 0.00273246504366, -0.00161736365408], [0.000421877106419, 0.00905755534768, -0.0075768600218, 0.00514582172036, -0.00815467257053, 0.00957690738142, -0.00819943845272, 0.00602796440944, -0.00418795598671, 0.00311085348949, -0.00357353989966, 0.0046633942984, -0.00339511106722], [0.000478385831229, -0.0075768600218, 0.0123637262732, -0.00774744013324, 0.0100346207619, -0.0106545370072, 0.0101971048862, -0.00834033079445, 0.00625149067491, -0.00466866604984, 0.0041296700947, -0.00460205040872, 0.00485699204728], [-0.00141226954293, 0.00514582172036, -0.00774744013324, 0.0116453906521, -0.00806075427681, 0.00779747636989, -0.00575993955135, 0.00652684969828, -0.00426950538531, 0.00193062785547, 0.00089626252884, -0.0025738819968, -7.28630329832e-05], [0.00130914105102, -0.00815467257053, 0.0100346207619, -0.00806075427681, 0.0179116297513, -0.0131204817444, 0.00958914216608, -0.00757541321218, 0.00543223181739, -0.0039373668842, 0.00390809774399, -0.0020600114949, 0.00209096306935], [-0.00107996957377, 0.00957690738142, -0.0106545370072, 0.00779747636989, -0.0131204817444, 0.0191513374448, -0.0131250172853, 0.00753249041736, -0.00168456498068, 0.00267546856776, -0.00250411708839, 0.00298901833594, -0.00270191836171], [0.000879678467754, -0.00819943845272, 0.0101971048862, -0.00575993955135, 0.00958914216608, -0.0131250172853, 0.0186364874244, -0.00891278032213, 0.00583488866687, -0.00299454433843, 0.000771852326579, 0.00100099341944, 0.00115706969518], [-0.00067248987034, 0.00602796440944, -0.00834033079445, 0.00652684969828, -0.00757541321218, 0.00753249041736, -0.00891278032213, 0.0167711563408, -0.00833768304437, 0.00356144295074, -0.000282576365862, 0.0032758556772, -0.00293129775673], [-0.000823941256385, -0.00418795598671, 0.00625149067491, -0.00426950538531, 0.00543223181739, -0.00168456498068, 0.00583488866687, -0.00833768304437, 0.0153637668118, -0.00544445496053, 0.000340076716384, -0.00244308635592, 0.00264135259204], [0.000515720748808, 0.00311085348949, -0.00466866604984, 0.00193062785547, -0.0039373668842, 0.00267546856776, -0.00299454433843, 0.00356144295074, -0.00544445496053, 0.017454629764, -0.00616727862507, 0.00432766834274, 0.000317349215038], [-0.00138402509037, -0.00357353989966, 0.0041296700947, 0.00089626252884, 0.00390809774399, -0.00250411708839, 0.000771852326579, -0.000282576365862, 0.000340076716384, -0.00616727862507, 0.0211581327021, -0.0139021249488, 0.00574762560427], [0.00273246504366, 0.0046633942984, -0.00460205040872, -0.0025738819968, -0.0020600114949, 0.00298901833594, 0.00100099341944, 0.0032758556772, -0.00244308635592, 0.00432766834274, -0.0139021249488, 0.0256911125034, -0.0112388739362], [-0.00161736365408, -0.00339511106722, 0.00485699204728, -7.28630329832e-05, 0.00209096306935, -0.00270191836171, 0.00115706969518, -0.00293129775673, 0.00264135259204, 0.000317349215038, 0.00574762560427, -0.0112388739362, 0.0231035277247]]
    },
    "melbands": {
        "max": [0.00109087210149, 0.00492074899375, 0.0104219084606, 0.0074750026688, 0.00776031194255, 0.0076929316856, 0.00691653415561, 0.00680463341996, 0.0106873521581, 0.0118420924991, 0.0103228231892, 0.0129182888195, 0.00921434815973, 0.00470208283514, 0.00330998003483, 0.00176090374589, 0.00226261699572, 0.00362185644917, 0.00235746288672, 0.00111692317296, 0.00193600705825, 0.00117217213847, 0.000529822253156, 0.000760231283493, 0.000510856392793, 0.000239286571741, 0.000132609493448, 0.0001277433621, 0.000208925775951, 9.91181223071e-05, 0.000145923026139, 0.000160421128385, 0.000106387022242, 9.51332694967e-05, 9.90365806501e-05, 5.89226219745e-05, 7.26965008653e-05, 5.35510007467e-05, 2.7562795367e-05, 2.39475830313e-05],
        "mean": [5.02995535498e-05, 0.000256475963397, 0.00049207295524, 0.000297265680274, 0.000300779851386, 0.000449931336334, 0.000250128068728, 0.000224648698349, 0.00030527941999, 0.000295791309327, 0.000193653177121, 0.000279732688796, 0.000171349267475, 9.54755669227e-05, 8.1799342297e-05, 0.000102090205473, 5.96390018472e-05, 9.29952802835e-05, 0.00010196895164, 6.17602272541e-05, 4.98542976857e-05, 4.39359791926e-05, 3.28374226228e-05, 2.86544218397e-05, 2.39999117184e-05, 1.10724349724e-05, 1.23491872728e-05, 1.33657486003e-05, 9.67873620539e-06, 6.10830375081e-06, 5.57414250579e-06, 5.64518404644e-06, 6.28713905826e-06, 6.01250712862e-06, 4.80285734739e-06, 3.4125230286e-06, 3.56448776984e-06, 2.71283079201e-06, 1.22800588542e-06, 5.69670703499e-07],
        "min": [9.27044766286e-07, 1.62055789588e-06, 4.62234538645e-06, 2.4025480343e-06, 2.68499684353e-06, 3.95836013922e-06, 2.15175509766e-06, 1.01866726254e-06, 1.13174701255e-06, 9.5694895208e-07, 1.54660608587e-06, 8.69977156981e-07, 6.99209692812e-07, 2.94784712196e-07, 1.62296956319e-07, 9.48874514961e-07, 8.3394718331e-07, 1.02037267879e-06, 5.48192929273e-07, 5.08671291755e-07, 4.25460314091e-07, 4.31490349229e-07, 6.65701293201e-07, 5.530270073e-07, 5.0093842674e-07, 2.97763676826e-07, 1.54788295958e-07, 6.59779573198e-08, 1.6992784424e-07, 1.57633152753e-07, 1.26011244106e-07, 7.52104512003e-08, 4.61291129739e-08, 6.80538505549e-08, 6.17564808181e-08, 1.83413959576e-08, 2.56141934329e-08, 1.94243092722e-08, 9.73845981633e-09, 1.02617452313e-08],
        "stdev": [9.66647421592e-05, 0.000403121113777, 0.000744203221984, 0.000420710421167, 0.000414834474213, 0.000765568867791, 0.000487878278363, 0.000453154294519, 0.000734603556339, 0.000785782234743, 0.000425727805123, 0.000602754822467, 0.00036486366298, 0.000223983253818, 0.000176491579623, 0.000151114480104, 0.000125312057207, 0.000241889763856, 0.000193250903976, 9.32099210331e-05, 0.000108370913949, 7.7642936958e-05, 4.25413018093e-05, 3.8728252548e-05, 3.40141959896e-05, 1.48328608702e-05, 1.41563496072e-05, 1.55106372404e-05, 1.33431576614e-05, 8.9347931862e-06, 9.97042570816e-06, 8.95409812074e-06, 8.2162232502e-06, 7.78153116698e-06, 5.90758099861e-06, 5.01744398207e-06, 5.51494031242e-06, 4.57660780739e-06, 2.1678149551e-06, 1.52680411247e-06]
    },
    "melbands128": {
        "max": [0.00015791777696, 0.000424160243711, 0.00157249520998, 0.00259368051775, 0.00324084539898, 0.0121524482965, 0.01706600748, 0.0106537863612, 0.013920808211, 0.00967455841601, 0.0117442812771, 0.0129171507433, 0.00758160743862, 0.00828496832401, 0.0113813905045, 0.00995828863233, 0.00988673325628, 0.0121989669278, 0.00876392051578, 0.00733404792845, 0.0118907112628, 0.0132516538724, 0.0139439571649, 0.0284212920815, 0.023884139955, 0.0134546495974, 0.0131638376042, 0.0184275973588, 0.0100452192128, 0.0233984366059, 0.0128386719152, 0.0137821231037, 0.0147469462827, 0.0124460021034, 0.0129864690825, 0.00221919594333, 0.00443031918257, 0.00540617061779, 0.00445916829631, 0.00357150915079, 0.00255735265091, 0.00253165652975, 0.00428398139775, 0.00475053163245, 0.00208654277958, 0.00737837981433, 0.00658105872571, 0.00488983886316, 0.00236944714561, 0.00195534760132, 0.00224484107457, 0.00183089799248, 0.00283525139093, 0.00489345612004, 0.00393023062497, 0.00264145084657, 0.00130983197596, 0.000504828523844, 0.00134457927197, 0.00171861355193, 0.000947307795286, 0.000531183904968, 0.00138203508686, 0.000659184821416, 0.000489615486003, 0.00026050399174, 0.000197871893761, 0.00024568795925, 0.00025130060385, 0.000159221905051, 0.000225537354709, 0.000267380761215, 0.000318537640851, 0.000304758053971, 0.000160655443324, 0.000134753790917, 0.000151437809109, 0.000153243250679, 0.000211585240322, 0.000259957363596, 0.000179911730811, 0.000189213154954, 0.000185527009307, 0.00010135328921, 0.000144399222336, 0.000112818706839, 0.000172122352524, 0.000124837242765, 0.000164545708685, 6.88056607032e-05, 9.03032705537e-05, 0.000125158956507, 9.8859796708e-05, 7.55856963224e-05, 0.000102346471976, 9.32872426347e-05, 7.23862176528e-05, 4.488468403e-05, 3.97519870603e-05, 3.62112477887e-05, 4.2447783926e-05, 2.39704895648e-05, 1.30646876642e-05, 8.9429640866e-06, 5.09367373525e-06, 4.20093738285e-06, 1.78706773113e-06, 1.23832182908e-06, 1.84054371744e-07, 1.42525040658e-08, 1.38030253893e-08, 1.33060291674e-08, 1.28189174831e-08, 1.2334908206e-08, 1.1889359719e-08, 1.14692157993e-08, 1.10831512856e-08, 1.07309858777e-08, 1.03830366527e-08, 1.01017576526e-08, 9.83629178108e-09, 9.59076906781e-09, 9.37922539634e-09, 9.20952469841e-09, 9.06825103897e-09, 8.93691964876e-09, 8.87060025434e-09, 8.81609452108e-09],
        "mean": [1.03962665889e-05, 2.24243576668e-05, 6.46814951324e-05, 0.000107517880679, 0.000180543021997, 0.000419616815634, 0.000582939072046, 0.000491695594974, 0.000404775782954, 0.000303454347886, 0.000219901834498, 0.000193936255528, 0.000331244955305, 0.000402442325139, 0.000543520669453, 0.000432410626672, 0.000289665651508, 0.00020643886819, 0.000216535612708, 0.000234894105233, 0.00022696769156, 0.000190604521777, 0.000358423421858, 0.000363692466635, 0.000293830147712, 0.000321784027619, 0.000177152309334, 0.000216244603507, 0.000128089552163, 0.000243413087446, 0.000377823831514, 0.000291764183203, 8.1421698269e-05, 0.000186052144272, 8.75078403624e-05, 6.41423102934e-05, 0.000110767759907, 8.04293376859e-05, 7.21859396435e-05, 7.04128324287e-05, 0.000162326658028, 5.58016145078e-05, 5.17675398441e-05, 7.26102443878e-05, 3.25327891915e-05, 9.96381204459e-05, 0.000165345976711, 0.000111237743113, 7.05460261088e-05, 5.91613352299e-05, 6.02837499173e-05, 6.98322910466e-05, 4.87474353577e-05, 4.14954884036e-05, 5.03487644892e-05, 5.33895145054e-05, 2.81111588265e-05, 2.63193687715e-05, 3.51560665877e-05, 4.52854001196e-05, 2.34832023125e-05, 1.92603947653e-05, 3.45119296981e-05, 2.40252793446e-05, 9.92264176602e-06, 9.49022251007e-06, 1.36634444061e-05, 9.49511650106e-06, 1.29004474729e-05, 1.47387027027e-05, 1.25524466057e-05, 1.33425673994e-05, 1.36573016789e-05, 8.44418264023e-06, 5.87972544963e-06, 6.24487665846e-06, 5.99550912739e-06, 5.975062777e-06, 5.65637401451e-06, 5.05316529598e-06, 4.90761294714e-06, 6.42718259769e-06, 6.3882921495e-06, 6.45445561531e-06, 5.77662785872e-06, 6.21349317953e-06, 5.76891125093e-06, 6.36299546386e-06, 4.50561219623e-06, 4.01712577514e-06, 3.83620863431e-06, 3.18100182994e-06, 2.97248425341e-06, 2.91481433123e-06, 4.86278167955e-06, 3.51678977495e-06, 2.05387846108e-06, 1.76367223048e-06, 1.24276800761e-06, 9.7074405403e-07, 8.07348328635e-07, 4.93973914217e-07, 3.04842359355e-07, 2.17548517867e-07, 1.53280737436e-07, 1.0485792501e-07, 7.19820363315e-08, 3.14655146383e-08, 2.56889021166e-09, 2.58646576379e-11, 1.511763284e-11, 1.43354026566e-11, 1.37650993035e-11, 1.3241474757e-11, 1.27668388014e-11, 1.23256491819e-11, 1.19137252147e-11, 1.15364575531e-11, 1.11852888063e-11, 1.088718872e-11, 1.0613618491e-11, 1.0366835862e-11, 1.01486761703e-11, 9.96192711655e-12, 9.80987513444e-12, 9.68935348622e-12, 9.61292503932e-12, 9.55409102527e-12],
        "min": [8.27062329734e-09, 1.00570744621e-07, 3.02271530472e-07, 7.51359223727e-08, 2.45980828595e-07, 5.67636277538e-07, 1.78316713573e-06, 1.35186746775e-06, 1.739764798e-06, 1.08555536826e-06, 2.51526444117e-07, 7.30415536054e-07, 9.67956566456e-07, 6.25782320185e-07, 2.57393708125e-07, 2.0068206652e-07, 2.21627090013e-07, 2.61414243141e-07, 1.12534969787e-07, 5.03659293827e-07, 2.65621054041e-07, 3.45991310269e-07, 5.5388003517e-08, 1.52648965468e-07, 6.36857748759e-08, 1.59550211265e-07, 1.02321799034e-07, 1.87991886946e-07, 8.91972433692e-08, 4.31310454019e-08, 7.43495434108e-08, 1.55101531618e-07, 2.39745219233e-08, 1.02170583105e-08, 9.9287532862e-08, 8.836240184e-09, 2.31367849324e-08, 6.13269506289e-08, 1.09353862854e-07, 1.40491380307e-07, 1.1197820271e-07, 2.50687833159e-07, 1.98462757339e-08, 3.28671276861e-08, 6.06933454605e-08, 1.641819658e-08, 2.54665820876e-07, 2.27221136129e-07, 6.48700648753e-08, 1.5517022689e-07, 2.71137594154e-07, 2.49443644407e-07, 1.02713762828e-07, 5.49267937799e-08, 2.12193072002e-07, 1.33160654059e-07, 8.22951236046e-08, 5.7235439499e-08, 3.32904406264e-08, 1.2133870797e-08, 5.80613388479e-08, 9.40176647646e-08, 3.91417842138e-07, 8.46380885378e-08, 2.67811852694e-08, 1.2733958954e-07, 1.5844763368e-07, 1.03202664192e-08, 2.93363378034e-08, 1.19133886756e-07, 1.56528123796e-08, 1.10363789219e-08, 8.08364291061e-08, 8.56484128064e-09, 1.59360558083e-09, 2.35494681533e-08, 5.83563846135e-08, 1.98486045377e-08, 3.20384829777e-09, 3.95920167762e-08, 4.43164900332e-08, 5.94227742567e-08, 7.97139065867e-09, 1.74317698054e-08, 2.37551649462e-08, 3.03998746176e-08, 2.58439136758e-08, 2.26811458504e-08, 1.52421044675e-08, 1.34736222179e-08, 1.30671484744e-09, 6.79833855877e-10, 1.4555328498e-08, 7.04105773686e-10, 1.71369425317e-08, 4.18125267743e-09, 4.98232621826e-10, 3.49465151261e-10, 1.13818920955e-09, 1.09572884099e-09, 2.47039677603e-09, 6.24330309673e-10, 2.0192219008e-09, 4.0591709681e-12, 3.41295134515e-12, 1.1218003089e-11, 8.67756921874e-10, 2.16959263055e-12, 1.35863000537e-13, 6.66435222979e-14, 4.90731417904e-14, 4.18563668697e-14, 4.08069235412e-14, 5.25215586083e-14, 5.98383850608e-14, 5.08954823544e-14, 4.87335662818e-14, 4.54159177984e-14, 4.09562012397e-14, 4.99196224722e-14, 5.87548334096e-14, 4.98495254136e-14, 5.10537216615e-14, 4.2082304438e-14, 4.1757138654e-14, 4.7880424533e-14, 4.96102521585e-14, 4.79301792483e-14],
        "stdev": [1.44206251207e-05, 4.02141777158e-05, 0.000136200003908, 0.000262342247879, 0.000328499765601, 0.000803274742793, 0.00114034081344, 0.000773102918174, 0.000679467630107, 0.00053883442888, 0.000391289737308, 0.000385588442441, 0.000549809716176, 0.00071285123704, 0.00123424816411, 0.000925660307985, 0.000782993447501, 0.000608825590461, 0.000459852541098, 0.000558955420274, 0.000713066256139, 0.000502544338815, 0.000921158411074, 0.00158404023387, 0.00120753387455, 0.000934860378038, 0.000586388574447, 0.000657589698676, 0.000445500743808, 0.000949952809606, 0.00084483489627, 0.000696181610692, 0.000400473043555, 0.000603371241596, 0.000467080826638, 0.00015653547598, 0.000254143669736, 0.000252890546108, 0.000280721258605, 0.00015510560479, 0.000275357306236, 0.000161381161888, 0.000175142922672, 0.00021086675406, 0.000104260579974, 0.000419518968556, 0.000467556441436, 0.000320708262734, 0.000164861470694, 0.000133410212584, 0.000148084334796, 0.000134798930958, 0.000155536807142, 0.000191308907233, 0.000149992934894, 0.000120124168461, 5.51283083041e-05, 4.92004728585e-05, 7.13457266102e-05, 7.75044900365e-05, 4.96902903251e-05, 3.87247782783e-05, 5.94098601141e-05, 3.98663905798e-05, 2.68833009613e-05, 1.47222999658e-05, 1.80028309842e-05, 1.5428124243e-05, 2.15539039345e-05, 1.98754896701e-05, 1.83672455023e-05, 2.29996603593e-05, 2.35743118537e-05, 1.51322246893e-05, 1.04638456833e-05, 1.0258065231e-05, 1.06241623143e-05, 1.13087871796e-05, 1.22200981423e-05, 1.0602250768e-05, 9.28598819883e-06, 1.07764453787e-05, 1.07984196802e-05, 9.42591941566e-06, 9.43910526985e-06, 9.28816280066e-06, 9.57210158958e-06, 9.27415112528e-06, 6.73547265251e-06, 6.26763494438e-06, 6.45744239591e-06, 7.17777902537e-06, 6.04018168815e-06, 5.56659597351e-06, 8.46358398121e-06, 6.95715425536e-06, 4.76339255329e-06, 3.17725039167e-06, 2.2236483801e-06, 2.31281842389e-06, 2.37519611801e-06, 1.43755062254e-06, 8.26751318073e-07, 5.51950392946e-07, 3.55863136292e-07, 2.65894158247e-07, 1.35768047471e-07, 6.70312587658e-08, 8.03456767784e-09, 3.55527329798e-10, 3.27697535774e-10, 3.15737047618e-10, 3.04187092182e-10, 2.92806667801e-10, 2.82372347726e-10, 2.72556255343e-10, 2.63475047335e-10, 2.55245241609e-10, 2.47178055801e-10, 2.40531788931e-10, 2.34328390025e-10, 2.28621385712e-10, 2.23685417411e-10, 2.19650506117e-10, 2.16250212182e-10, 2.13285875073e-10, 2.11684850204e-10, 2.10395936784e-10]
    },
    "mfcc": {
        "mean": [-603.414123535, 88.2124099731, -17.3738327026, 8.86317443848, -6.03015041351, 1.86069786549, -11.7507619858, 4.13889169693, -9.0227355957, -0.851090013981, -11.3624076843, -5.49022483826, -6.09976816177],
        "cov": [[1072.24707031, -295.787536621, -30.7494945526, -19.2183170319, -28.5512905121, -77.0048904419, -71.015007019, -2.90692424774, 53.0104522705, 79.9328842163, -23.7593383789, 25.231212616, -4.25053977966], [-295.787536621, 454.420227051, -82.7630157471, -18.0704936981, -52.6297149658, -28.8804302216, 50.3262062073, -8.38708400726, 6.58380699158, 44.0349807739, 28.0442123413, -24.2709102631, -19.3454627991], [-30.7494945526, -82.7630157471, 400.870300293, 95.5562896729, 69.1249160767, -1.18127810955, -63.7568244934, -16.3635978699, -26.3712177277, -68.5970153809, 10.799366951, 38.9982299805, 23.9624729156], [-19.2183170319, -18.0704936981, 95.5562896729, 235.880874634, 55.6641235352, -27.0775699615, -116.738471985, -26.2842826843, -20.4005851746, -65.604850769, -6.21160316467, 42.4555015564, 47.6329689026], [-28.5512905121, -52.6297149658, 69.1249160767, 55.6641235352, 172.690551758, 23.0921516418, -33.8730888367, 0.0875044837594, -4.09530687332, -29.8158779144, -9.8868522644, 11.2564878464, 13.8978672028], [-77.0048904419, -28.8804302216, -1.18127810955, -27.0775699615, 23.0921516418, 191.620223999, 107.01146698, -0.000259010674199, -12.3181781769, -11.4748411179, -3.96452713013, -34.4907913208, -23.6981105804], [-71.015007019, 50.3262062073, -63.7568244934, -116.738471985, -33.8730888367, 107.01146698, 249.904220581, 38.9203567505, 32.1533546448, 35.6821975708, 7.14266109467, -63.2690467834, -56.4501075745], [-2.90692424774, -8.38708400726, -16.3635978699, -26.2842826843, 0.0875044837594, -0.000259010674199, 38.9203567505, 85.9987258911, 25.9984493256, 5.70680522919, -9.40995788574, -10.460105896, -4.01744222641], [53.0104522705, 6.58380699158, -26.3712177277, -20.4005851746, -4.09530687332, -12.3181781769, 32.1533546448, 25.9984493256, 110.785209656, 49.2305641174, 2.11423945427, -18.1203937531, -21.7194633484], [79.9328842163, 44.0349807739, -68.5970153809, -65.604850769, -29.8158779144, -11.4748411179, 35.6821975708, 5.70680522919, 49.2305641174, 118.910949707, 29.5984134674, -18.4987564087, -28.5046062469], [-23.7593383789, 28.0442123413, 10.799366951, -6.21160316467, -9.8868522644, -3.96452713013, 7.14266109467, -9.40995788574, 2.11423945427, 29.5984134674, 85.3650054932, 26.8916492462, -5.41084671021], [25.231212616, -24.2709102631, 38.9982299805, 42.4555015564, 11.2564878464, -34.4907913208, -63.2690467834, -10.460105896, -18.1203937531, -18.4987564087, 26.8916492462, 94.5444107056, 40.7838783264], [-4.25053977966, -19.3454627991, 23.9624729156, 47.6329689026, 13.8978672028, -23.6981105804, -56.4501075745, -4.01744222641, -21.7194633484, -28.5046062469, -5.41084671021, 40.7838783264, 79.5938186646]],
        "icov": [[0.00142826081719, 0.0010857390007, 9.28013687371e-05, -0.000154680616106, 0.000328696332872, 0.000504177878611, 6.70935187372e-05, 0.000278872757917, -0.000175742068677, -0.00142434809823, 0.00078962824773, -0.000528034637682, 0.000325366680045], [0.0010857390007, 0.00340275885537, 0.000453232845757, -0.000689908047207, 0.00061508564977, 0.00123463675845, -0.000803847389761, 0.000647314707749, 0.000312377116643, -0.00160357414279, -0.000197354718694, 0.000327437242959, 0.000213980965782], [9.28013687371e-05, 0.000453232845757, 0.00316155841574, -0.000653358583804, -0.000727866427042, 9.68086169451e-05, 0.000108120068035, 0.000211064398172, -9.40255340538e-05, 0.00132935063448, -0.000965729006566, -0.000338033307344, 0.000355526834028], [-0.000154680616106, -0.000689908047207, -0.000653358583804, 0.00705793919042, -0.00105273653753, -0.000639747246169, 0.00259131495841, 0.000884555222001, -0.00151208939496, 0.00309746805578, -0.000585092580877, -0.000139389274409, -0.00159893813543], [0.000328696332872, 0.00061508564977, -0.000727866427042, -0.00105273653753, 0.0070671569556, -0.00137005827855, 0.000932559138164, -0.000587724207435, -0.000643126550131, 1.99582082132e-05, 0.000596556230448, -0.000225348034292, -6.31468219581e-06], [0.000504177878611, 0.00123463675845, 9.68086169451e-05, -0.000639747246169, -0.00137005827855, 0.00843384396285, -0.00426877802238, 0.00157962914091, 0.00150645081885, 0.000236433930695, -2.182848948e-05, 0.00116469978821, 0.000380692479666], [6.70935187372e-05, -0.000803847389761, 0.000108120068035, 0.00259131495841, 0.000932559138164, -0.00426877802238, 0.0088054779917, -0.00267630396411, -0.00149600976147, 0.000733732886147, -0.00143302988727, 0.00207129213959, 0.00159686116967], [0.000278872757917, 0.000647314707749, 0.000211064398172, 0.000884555222001, -0.000587724207435, 0.00157962914091, -0.00267630396411, 0.0141606600955, -0.0030609620735, 0.000858862767927, 0.0014556957176, -0.000222737915465, -0.00134570209775], [-0.000175742068677, 0.000312377116643, -9.40255340538e-05, -0.00151208939496, -0.000643126550131, 0.00150645081885, -0.00149600976147, -0.0030609620735, 0.01289412193, -0.00540940510109, 0.00104447000194, 0.000494792999234, 0.00174382608384], [-0.00142434809823, -0.00160357414279, 0.00132935063448, 0.00309746805578, 1.99582082132e-05, 0.000236433930695, 0.000733732886147, 0.000858862767927, -0.00540940510109, 0.0164742358029, -0.00600872514769, 0.00226441328414, 0.000765907811001], [0.00078962824773, -0.000197354718694, -0.000965729006566, -0.000585092580877, 0.000596556230448, -2.182848948e-05, -0.00143302988727, 0.0014556957176, 0.00104447000194, -0.00600872514769, 0.017000855878, -0.00744716031477, 0.0026863492094], [-0.000528034637682, 0.000327437242959, -0.000338033307344, -0.000139389274409, -0.000225348034292, 0.00116469978821, 0.00207129213959, -0.000222737915465, 0.000494792999234, 0.00226441328414, -0.00744716031477, 0.0184683836997, -0.00694303121418], [0.000325366680045, 0.000213980965782, 0.000355526834028, -0.00159893813543, -6.31468219581e-06, 0.000380692479666, 0.00159686116967, -0.00134570209775, 0.00174382608384, 0.000765907811001, 0.0026863492094, -0.00694303121418, 0.0191524624825]]
    },
    "spectral_contrast_coeffs": {
        "max": [-0.445968568325, -0.435009539127, -0.514870464802, -0.485654056072, -0.535461485386, -0.536934196949],
        "mean": [-0.677455604076, -0.725863575935, -0.712542593479, -0.741845548153, -0.761834800243, -0.707486927509],
        "min": [-0.846932590008, -0.903129816055, -0.910323858261, -0.878263175488, -0.899756252766, -0.859866976738],
        "stdev": [0.0589106567204, 0.0812020748854, 0.0649311840534, 0.0542798638344, 0.0465108938515, 0.0410349182785]
    },
    "spectral_contrast_valleys": {
        "max": [-5.55548858643, -4.87576007843, -5.55886077881, -5.8134264946, -5.47197198868, -7.96683263779],
        "mean": [-7.22796678543, -6.75464010239, -7.24860572815, -7.32880449295, -7.19194459915, -10.0894298553],
        "min": [-9.04296302795, -8.51804542542, -9.04944610596, -9.10999679565, -9.6903629303, -12.1634578705],
        "stdev": [0.517043232918, 0.50203371048, 0.544273972511, 0.457986861467, 0.479081213474, 0.762978315353]
    }
},
"rhythm": {
    "beats_count": 113,
    "beats_loudness": {
        "max": 0.0755655094981,
        "mean": 0.0282653067261,
        "min": 0.00683896616101,
        "stdev": 0.0128051927313
    },
    "bpm": 140.291091919,
    "bpm_histogram_first_peak_bpm": 140,
    "bpm_histogram_first_peak_weight": 0.419642865658,
    "bpm_histogram_second_peak_bpm": 0,
    "bpm_histogram_second_peak_spread": 0,
    "bpm_histogram_second_peak_weight": 0,
    "danceability": 1.72665834427,
    "onset_rate": 3.7734375,
    "beats_loudness_band_ratio": {
        "max": [0.411996483803, 0.62499833107, 0.848268091679, 0.832696557045, 0.657416939735, 0.255939662457],
        "mean": [0.110773414373, 0.164196759462, 0.236738890409, 0.263344854116, 0.181606024504, 0.0831946209073],
        "min": [0.00734411599115, 0.00215867022052, 0.00326906447299, 0.0272038560361, 0.0093475645408, 0.0121929775923],
        "stdev": [0.0956036895514, 0.153957664967, 0.171128645539, 0.183909311891, 0.108558312058, 0.0439210981131]
    },
