{
"metadata": {
    "version": {
        "essentia": "2.1-beta5",
        "essentia_git_sha": "Undefined",
        "extractor": "music 2.0"
    },
    "audio_properties": {
        "analysis": {
            "equal_loudness": 0,
            "length": 32.4963264465,
            "sample_rate": 44100,
            "start_time": 12.7477550507,
            "downmix": "mix"
        },
        "bit_rate": 192000,
        "length": 177.261138916,
        "lossless": 0,
        "number_channels": 2,
        "replay_gain": -9.62627220154,
        "sample_rate": 44100,
        "codec": "mp3",
        "md5_encoded": "cd431b54a99b317ee649ef879e1c4055"
    },
    "tags": {
        "file_name": "Netherlands_Wijs Me De Weg_Humphrey Campbell.mp3",
        "encoding": ["Lavf58.29.100"]
    }
},
"lowlevel": {
    "average_loudness": 0.27910348773,
    "barkbands_crest": {
        "max": 24.2267379761,
        "mean": 12.1317081451,
        "min": 2.99484276772,
        "stdev": 5.03516340256
    },
    "barkbands_flatness_db": {
        "max": 0.270364075899,
        "mean": 0.145508676767,
        "min": 0.0480947159231,
        "stdev": 0.0413098707795
    },
    "barkbands_kurtosis": {
        "max": 64.3645477295,
        "mean": 5.57613325119,
        "min": -1.81570541859,
        "stdev": 8.9037027359
    },
    "barkbands_skewness": {
        "max": 7.2251200676,
        "mean": 1.66857397556,
        "min": -1.72249078751,
        "stdev": 1.41793382168
    },
    "barkbands_spread": {
        "max": 92.0304870605,
        "mean": 19.5441589355,
        "min": 2.32193350792,
        "stdev": 13.1831569672
    },
    "dissonance": {
        "max": 0.499542802572,
        "mean": 0.449499934912,
        "min": 0.275562703609,
        "stdev": 0.0337862968445
    },
    "dynamic_complexity": 5.72004508972,
    "erbbands_crest": {
        "max": 29.8018417358,
        "mean": 10.6098680496,
        "min": 2.61252832413,
        "stdev": 5.15121364594
    },
    "erbbands_flatness_db": {
        "max": 0.296341121197,
        "mean": 0.172617688775,
        "min": 0.0564272254705,
        "stdev": 0.039922721684
    },
    "erbbands_kurtosis": {
        "max": 37.2281799316,
        "mean": 1.23504149914,
        "min": -1.71715462208,
        "stdev": 3.262591362
    },
    "erbbands_skewness": {
        "max": 5.67904376984,
        "mean": 0.697934031487,
        "min": -3.0024034977,
        "stdev": 0.972872018814
    },
    "erbbands_spread": {
        "max": 124.332984924,
        "mean": 35.2584609985,
        "min": 4.42804145813,
        "stdev": 18.9441890717
    },
    "hfc": {
        "max": 174.861663818,
        "mean": 13.7272958755,
        "min": 0.00109727645759,
        "stdev": 18.8989219666
    },
    "loudness_ebu128": {
        "integrated": -16.067358017,
        "loudness_range": 9.64257144928,
        "momentary": {
            "max": -9.63997268677,
            "mean": -19.5115146637,
            "min": -41.5378036499,
            "stdev": 6.02200651169
        },
        "short_term": {
            "max": -10.7925186157,
            "mean": -17.570394516,
            "min": -25.2042102814,
            "stdev": 3.19774413109
        }
    },
    "melbands_crest": {
        "max": 31.8849620819,
        "mean": 15.5486774445,
        "min": 2.95293807983,
        "stdev": 5.63995838165
    },
    "melbands_flatness_db": {
        "max": 0.389414042234,
        "mean": 0.189200162888,
        "min": 0.0486026182771,
        "stdev": 0.0580909252167
    },
    "melbands_kurtosis": {
        "max": 193.228103638,
        "mean": 16.147983551,
        "min": -1.76625001431,
        "stdev": 23.6477088928
    },
    "melbands_skewness": {
        "max": 11.1385345459,
        "mean": 2.63672876358,
        "min": -0.792970955372,
        "stdev": 1.95735120773
    },
    "melbands_spread": {
        "max": 195.368743896,
        "mean": 22.5986843109,
        "min": 1.71106910706,
        "stdev": 19.7681980133
    },
    "pitch_salience": {
        "max": 0.850880742073,
        "mean": 0.514142692089,
        "min": 0.22647356987,
        "stdev": 0.109229288995
    },
    "silence_rate_20dB": {
        "max": 1,
        "mean": 1,
        "min": 1,
        "stdev": 0
    },
    "silence_rate_30dB": {
        "max": 1,
        "mean": 0.997144877911,
        "min": 0,
        "stdev": 0.0533565990627
    },
    "silence_rate_60dB": {
        "max": 1,
        "mean": 0.249821558595,
        "min": 0,
        "stdev": 0.432908713818
    },
    "spectral_centroid": {
        "max": 4422.32470703,
        "mean": 1286.59667969,
        "min": 265.117736816,
        "stdev": 626.525695801
    },
    "spectral_complexity": {
        "max": 38,
        "mean": 12.4425411224,
        "min": 0,
        "stdev": 9.30902767181
    },
    "spectral_decrease": {
        "max": -2.82701515192e-13,
        "mean": -3.53299389744e-09,
        "min": -3.29979314984e-08,
        "stdev": 4.27399315939e-09
    },
    "spectral_energy": {
        "max": 0.131971955299,
        "mean": 0.0145794451237,
        "min": 1.16650778637e-06,
        "stdev": 0.0174898803234
    },
    "spectral_energyband_high": {
        "max": 0.0199460797012,
        "mean": 0.000506976153702,
        "min": 8.07817244208e-08,
        "stdev": 0.00123568461277
    },
    "spectral_energyband_low": {
        "max": 0.0282669533044,
        "mean": 0.00176779646426,
        "min": 4.30811979868e-07,
        "stdev": 0.00347423716448
    },
    "spectral_energyband_middle_high": {
        "max": 0.0339017026126,
        "mean": 0.00377615028992,
        "min": 1.4746754573e-07,
        "stdev": 0.00559719325975
    },
    "spectral_energyband_middle_low": {
        "max": 0.122249893844,
        "mean": 0.00867266859859,
        "min": 5.32100784767e-07,
        "stdev": 0.013423524797
    },
    "spectral_entropy": {
        "max": 8.72589969635,
        "mean": 7.48796892166,
        "min": 6.43272590637,
        "stdev": 0.363111436367
    },
    "spectral_flux": {
        "max": 0.2367015481,
        "mean": 0.0485017485917,
        "min": 0.00242456723936,
        "stdev": 0.0341207310557
    },
    "spectral_kurtosis": {
        "max": 14.4702625275,
        "mean": 4.13091611862,
        "min": -0.859874248505,
        "stdev": 2.52073431015
    },
    "spectral_rms": {
        "max": 0.0113469436765,
        "mean": 0.00321706547402,
        "min": 3.37350902555e-05,
        "stdev": 0.00196833023801
    },
    "spectral_rolloff": {
        "max": 12575.390625,
        "mean": 1493.00109863,
        "min": 107.666015625,
        "stdev": 1428.95397949
    },
    "spectral_skewness": {
        "max": 3.28012776375,
        "mean": 1.56256103516,
        "min": 0.132426097989,
        "stdev": 0.458336174488
    },
    "spectral_spread": {
        "max": 16859460,
        "mean": 4980723.5,
        "min": 2522723.5,
        "stdev": 1482406.125
    },
    "spectral_strongpeak": {
        "max": 9.03339290619,
        "mean": 1.12834954262,
        "min": 0,
        "stdev": 1.2407490015
    },
    "zerocrossingrate": {
        "max": 0.3994140625,
        "mean": 0.0614561736584,
        "min": 0.0087890625,
        "stdev": 0.0351718217134
    },
    "barkbands": {
        "max": [0.000701247015968, 0.0224808491766, 0.0102869551629, 0.00577686075121, 0.0176037829369, 0.0229282453656, 0.085056565702, 0.106955133379, 0.0121050849557, 0.0232894979417, 0.0165872443467, 0.00943909212947, 0.0171456001699, 0.0056679667905, 0.00348100508563, 0.00321184075437, 0.00217311200686, 0.00450910674408, 0.00298882462084, 0.00219468562864, 0.00170729996171, 0.00325547205284, 0.00494984723628, 0.0079419054091, 0.00580477016047, 0.00472690863535, 1.100555167e-07],
        "mean": [5.40932742297e-05, 0.00130555429496, 0.000318386446452, 0.000224622999667, 0.00150324194692, 0.000427322549513, 0.00205317046493, 0.00360965193249, 0.000761211034842, 0.000490638543852, 0.00037659087684, 0.000451831845567, 0.00104689074215, 0.000383519101888, 0.000195539731067, 0.000202735987841, 0.000155072368216, 0.000232008373132, 0.000217763765249, 0.000125331585878, 0.000108868851385, 0.000102479883935, 9.17201978154e-05, 7.29458770365e-05, 4.9318659876e-05, 1.89278071048e-05, 1.32074760018e-08],
        "min": [4.75139820821e-08, 2.29513972272e-07, 2.64261146299e-08, 6.88003680693e-08, 1.18414583028e-07, 1.80394703619e-08, 1.17044095305e-07, 4.59568312294e-08, 2.17926494628e-08, 1.77292385217e-08, 4.68033931611e-08, 3.43425767824e-08, 2.43556570467e-08, 2.45480147321e-09, 1.10725062452e-09, 3.29554317169e-09, 6.08556716131e-09, 4.5586872055e-09, 4.35125402376e-09, 1.20409664461e-08, 1.46646303989e-08, 1.09078408528e-08, 9.47177625221e-09, 1.11088880317e-08, 1.27123369609e-08, 1.20764420686e-08, 2.18321541401e-11],
        "stdev": [7.77090754127e-05, 0.00272366590798, 0.000864706584252, 0.00061871483922, 0.00217727152631, 0.000856493599713, 0.00590934418142, 0.0106497574598, 0.00142774905544, 0.00170987111051, 0.00102674448863, 0.000882179418113, 0.0022091451101, 0.000704854726791, 0.000349850888597, 0.000422305485699, 0.000245061528403, 0.000467782025225, 0.000407243554946, 0.00019866436196, 0.000191753788386, 0.000197983972612, 0.000295304722385, 0.000382050813641, 0.000272235687589, 0.000159063973115, 1.73288601246e-08]
    },
    "erbbands": {
        "max": [0.584580302238, 5.26705312729, 12.361623764, 15.2674150467, 41.4212417603, 77.7789535522, 156.224563599, 246.464492798, 734.742675781, 1922.42480469, 1516.42590332, 368.120513916, 340.230499268, 814.673034668, 307.05166626, 360.541107178, 542.757751465, 494.562744141, 253.401275635, 156.55355835, 149.380340576, 97.2111206055, 315.771759033, 213.52331543, 153.965835571, 56.6814460754, 79.8610687256, 86.3948059082, 69.758895874, 186.860305786, 146.776977539, 146.938598633, 138.996063232, 41.2500457764, 60.561580658, 41.5656738281, 4.77738523483, 0.176957041025, 0.00531083159149, 0.000496227934491],
        "mean": [0.0370084829628, 0.288382768631, 0.459040910006, 0.557168245316, 1.86988067627, 5.80328416824, 6.05290222168, 3.74640250206, 19.0257644653, 63.0695610046, 55.4482841492, 20.2357406616, 14.329126358, 17.363368988, 15.6422815323, 17.3807582855, 39.3123970032, 27.1795406342, 16.2117538452, 9.95530700684, 11.7443246841, 10.2675075531, 15.3059644699, 11.1003694534, 8.36522197723, 5.46153402328, 4.31914234161, 4.47545576096, 3.56357860565, 3.55274820328, 2.62985420227, 1.63002967834, 1.09736299515, 0.504588127136, 0.370888501406, 0.140649795532, 0.0252828523517, 0.00154479139019, 4.47339807579e-05, 2.05906817428e-05],
        "min": [6.71395036989e-06, 5.12229999003e-05, 0.000147742015542, 0.000209147256101, 0.000261074106675, 0.000430686457548, 0.000403160403948, 9.7122938314e-05, 0.000736292276997, 0.00392751581967, 0.00171226460952, 0.000629385584034, 0.000410184875363, 0.000825926777907, 0.00160130497534, 0.00125828944147, 0.00114563119132, 0.000278269406408, 6.80413359078e-05, 0.000146424252307, 0.000175957742613, 0.000339329970302, 0.000227539945627, 0.000330446258886, 0.000153919667355, 0.000561575288884, 0.000506992742885, 0.000673867762089, 0.000437118724221, 0.000343339022947, 0.000227814583923, 0.000292864715448, 0.000143808807479, 0.000117181043606, 9.58763848757e-05, 4.02101904911e-05, 3.13728887704e-05, 3.3307233025e-06, 1.03411096575e-07, 6.99233293489e-09],
        "stdev": [0.0733408406377, 0.653186738491, 1.12622070312, 1.39683806896, 3.42980051041, 8.71510696411, 11.6020307541, 8.25243282318, 51.2371330261, 171.165313721, 150.088165283, 36.8828010559, 34.0411338806, 52.4650840759, 32.8844261169, 33.5575637817, 76.4985427856, 51.7079963684, 27.9935855865, 16.4071121216, 23.7574672699, 16.0062408447, 31.1955928802, 20.0175266266, 17.5658855438, 8.36870479584, 7.13670921326, 7.92246294022, 6.12746906281, 9.12631034851, 8.99865341187, 7.76913404465, 6.30247926712, 2.20347070694, 2.49304842949, 1.37561237812, 0.168782785535, 0.00711962487549, 0.000197171160835, 2.89512299787e-05]
    },
    "gfcc": {
        "mean": [-58.3450393677, 75.4897384644, -127.215591431, 18.6015548706, -75.222038269, 9.99787998199, -42.1197128296, 9.61042022705, -23.4479560852, 13.9159078598, -12.9036445618, 6.58986902237, -14.2840270996],
        "cov": [[7559.77978516, -141.187316895, -1432.5300293, 18.9585437775, -315.1199646, 72.4335479736, -190.957382202, 196.794799805, 377.56161499, -258.075164795, 103.500946045, -208.423309326, -71.3314208984], [-141.187316895, 856.05480957, 97.6336135864, -1.94229435921, 421.877624512, 115.64691925, 126.419586182, 74.2480926514, 93.3283843994, -56.4621276855, 108.52432251, -53.3538398743, -69.7325973511], [-1432.5300293, 97.6336135864, 1000.53894043, 284.927490234, 42.1930198669, 105.724578857, -60.5063781738, -66.4790878296, -66.5693054199, -76.0119781494, -100.892341614, 31.1906032562, -35.7888221741], [18.9585437775, -1.94229435921, 284.927490234, 544.801391602, 149.483581543, 61.599395752, -67.9670333862, -62.2635650635, -17.4730091095, -96.9187850952, -27.8651561737, -20.5105686188, 24.1183948517], [-315.1199646, 421.877624512, 42.1930198669, 149.483581543, 540.084350586, 229.52116394, 96.2362136841, 74.7807006836, 80.049911499, 40.634601593, 77.652381897, -56.3552894592, -67.3113937378], [72.4335479736, 115.64691925, 105.724578857, 61.599395752, 229.52116394, 325.70211792, 104.474700928, 67.0018005371, 68.0919265747, 9.26870441437, 56.182182312, -46.4253807068, -87.9580154419], [-190.957382202, 126.419586182, -60.5063781738, -67.9670333862, 96.2362136841, 104.474700928, 201.42364502, 73.4926605225, 4.64784860611, 26.9792671204, 50.5790519714, -2.87184977531, -20.432094574], [196.794799805, 74.2480926514, -66.4790878296, -62.2635650635, 74.7807006836, 67.0018005371, 73.4926605225, 135.399917603, 82.8509292603, 26.4681777954, 42.1700973511, -16.2555141449, -30.8456897736], [377.56161499, 93.3283843994, -66.5693054199, -17.4730091095, 80.049911499, 68.0919265747, 4.64784860611, 82.8509292603, 180.433120728, 74.5730209351, 31.6958446503, -27.9364852905, -63.1840286255], [-258.075164795, -56.4621276855, -76.0119781494, -96.9187850952, 40.634601593, 9.26870441437, 26.9792671204, 26.4681777954, 74.5730209351, 171.340118408, 30.6356258392, 6.45752906799, -26.4069442749], [103.500946045, 108.52432251, -100.892341614, -27.8651561737, 77.652381897, 56.182182312, 50.5790519714, 42.1700973511, 31.6958446503, 30.6356258392, 112.042221069, 12.1471738815, -22.6711273193], [-208.423309326, -53.3538398743, 31.1906032562, -20.5105686188, -56.3552894592, -46.4253807068, -2.87184977531, -16.2555141449, -27.9364852905, 6.45752906799, 12.1471738815, 78.2133560181, 38.6386032104], [-71.3314208984, -69.7325973511, -35.7888221741, 24.1183948517, -67.3113937378, -87.9580154419, -20.432094574, -30.8456897736, -63.1840286255, -26.4069442749, -22.6711273193, 38.6386032104, 112.536071777]],
        "icov": [[0.000423338933615, -0.00037396303378, 0.000900786952116, -0.000512999482453, 0.000924342661165, -0.000856287020724, 0.000848937081173, -0.000635326839983, -0.000428021972766, 0.000580174848437, 0.000299216859275, 7.71150153014e-05, 0.000226249176194], [-0.00037396303378, 0.00729084946215, -0.00378702301532, 0.00454080151394, -0.00763644976541, 0.0066828969866, -0.00597636820748, 0.00686222827062, -0.00825292430818, 0.00850466731936, -0.00798897165805, 0.0051568816416, -0.0024632550776], [0.000900786952116, -0.00378702301532, 0.00495388871059, -0.00370666128583, 0.00487708300352, -0.00525942910463, 0.00456063682213, -0.00460217660293, 0.00388596067205, -0.00278228335083, 0.00611174991354, -0.0044703851454, 0.00326221738942], [-0.000512999482453, 0.00454080151394, -0.00370666128583, 0.00626484118402, -0.00618859985843, 0.00437421817333, -0.00360435643233, 0.0064141782932, -0.00608083093539, 0.00635194918141, -0.00561748351902, 0.00419773673639, -0.00370851554908], [0.000924342661165, -0.00763644976541, 0.00487708300352, -0.00618859985843, 0.0120306340978, -0.00910530239344, 0.00648366985843, -0.00822563376278, 0.00764128938317, -0.00860291160643, 0.00687125744298, -0.00341443205252, 0.00256124325097], [-0.000856287020724, 0.0066828969866, -0.00525942910463, 0.00437421817333, -0.00910530239344, 0.0133158182725, -0.00872823782265, 0.00695703877136, -0.00782209355384, 0.00752688897774, -0.00892793294042, 0.00607979018241, -0.000239760120166], [0.000848937081173, -0.00597636820748, 0.00456063682213, -0.00360435643233, 0.00648366985843, -0.00872823782265, 0.0145152909681, -0.0109262252226, 0.00968741346151, -0.00708332518116, 0.00586444279179, -0.00486938422546, 0.0023846316617], [-0.000635326839983, 0.00686222827062, -0.00460217660293, 0.0064141782932, -0.00822563376278, 0.00695703877136, -0.0109262252226, 0.0225705690682, -0.0155055057257, 0.010252315551, -0.0100713251159, 0.00657576788217, -0.00485507585108], [-0.000428021972766, -0.00825292430818, 0.00388596067205, -0.00608083093539, 0.00764128938317, -0.00782209355384, 0.00968741346151, -0.0155055057257, 0.02462522313, -0.0167430862784, 0.0103682437912, -0.0070727695711, 0.00753375794739], [0.000580174848437, 0.00850466731936, -0.00278228335083, 0.00635194918141, -0.00860291160643, 0.00752688897774, -0.00708332518116, 0.010252315551, -0.0167430862784, 0.0215793345124, -0.0104641439393, 0.0054397592321, -0.00265974667855], [0.000299216859275, -0.00798897165805, 0.00611174991354, -0.00561748351902, 0.00687125744298, -0.00892793294042, 0.00586444279179, -0.0100713251159, 0.0103682437912, -0.0104641439393, 0.0240380130708, -0.0131970988587, 0.00656263390556], [7.71150153014e-05, 0.0051568816416, -0.0044703851454, 0.00419773673639, -0.00341443205252, 0.00607979018241, -0.00486938422546, 0.00657576788217, -0.0070727695711, 0.0054397592321, -0.0131970988587, 0.0255296900868, -0.00956772267818], [0.000226249176194, -0.0024632550776, 0.00326221738942, -0.00370851554908, 0.00256124325097, -0.000239760120166, 0.0023846316617, -0.00485507585108, 0.00753375794739, -0.00265974667855, 0.00656263390556, -0.00956772267818, 0.0179949756712]]
    },
    "melbands": {
        "max": [0.00584112945944, 0.00552268885076, 0.00223037810065, 0.00479058688506, 0.00523390620947, 0.00516986846924, 0.011556581594, 0.0235276836902, 0.0098587507382, 0.00236374768429, 0.00187486864161, 0.00362964672968, 0.00148702296428, 0.00141391588841, 0.000984636950307, 0.00199091038667, 0.000764732714742, 0.000502379029058, 0.000283067463897, 0.000262087211013, 0.000189985250472, 0.000120985911053, 0.000217326101847, 0.00018821618869, 0.00020786433015, 0.000132070868858, 0.00010515627946, 4.82478571939e-05, 7.88889228716e-05, 3.76190328097e-05, 5.35180042789e-05, 3.2186453609e-05, 8.04314258858e-05, 9.72850248218e-05, 8.39315689518e-05, 8.74816832948e-05, 0.000100061959529, 0.000112995097879, 5.06778997078e-05, 3.24801549141e-05],
        "mean": [0.000350854825228, 0.000285259651719, 0.000125530859805, 0.000282347435132, 0.00023844531097, 8.11491481727e-05, 0.000334913958795, 0.000794662919361, 0.000368435808923, 0.000117904695799, 7.20255629858e-05, 7.28065133444e-05, 4.72191750305e-05, 5.5011078075e-05, 4.47539096058e-05, 0.000117978452181, 4.12332083215e-05, 2.96949529002e-05, 1.58637703862e-05, 1.28245974338e-05, 1.2959230844e-05, 9.94529546006e-06, 1.34624197017e-05, 9.80880668067e-06, 9.20441743801e-06, 7.17944476492e-06, 4.63670903628e-06, 3.41791405845e-06, 3.01416343973e-06, 2.54968108493e-06, 2.32220099861e-06, 1.97557687898e-06, 2.05852916224e-06, 1.87778812233e-06, 1.68279234458e-06, 1.04542459667e-06, 9.80711547527e-07, 8.61706041633e-07, 5.01369186168e-07, 3.94556792571e-07],
        "min": [6.42446877919e-08, 7.39322558729e-08, 3.73643942453e-08, 2.43128166488e-08, 1.61150772726e-08, 2.22017870755e-09, 1.47079948221e-08, 4.56887327971e-08, 1.55865613749e-08, 2.83754419961e-09, 2.0074921725e-09, 3.01359825983e-09, 7.28178717324e-09, 2.0530301903e-09, 2.70272537684e-09, 1.99516336785e-09, 3.46861372957e-10, 1.05956479701e-10, 1.07213321554e-10, 2.7713065176e-10, 1.93295074391e-10, 4.28362484373e-10, 1.45910408755e-10, 2.53722903798e-10, 2.84835127706e-10, 1.05431427477e-10, 1.55367121946e-10, 4.4093279028e-10, 4.08736822166e-10, 1.97553237657e-10, 4.85687656759e-10, 2.56565046985e-10, 1.58512647452e-10, 2.05524625096e-10, 7.75299408007e-11, 2.60712007538e-10, 1.26846241844e-10, 7.33600541425e-11, 1.40448735975e-10, 8.88984233449e-11],
        "stdev": [0.000704802398104, 0.000638372730464, 0.000259998923866, 0.000435809371993, 0.00043277288205, 0.000184001444723, 0.000920250953641, 0.00214887340553, 0.000969728920609, 0.000238319000346, 0.000187518729945, 0.00023241492454, 0.000107482359454, 0.000122785335407, 8.60107465996e-05, 0.000263698602794, 7.95013911556e-05, 5.69857693336e-05, 3.02174721583e-05, 2.65288599621e-05, 2.73134573945e-05, 1.71658139152e-05, 2.46720010182e-05, 1.93498308363e-05, 1.79630187631e-05, 1.68575861608e-05, 8.40431766846e-06, 5.75470403419e-06, 5.52194114789e-06, 4.74313765153e-06, 4.18222180087e-06, 3.32559739036e-06, 4.69984797746e-06, 5.03991350342e-06, 5.581573987e-06, 4.40686335423e-06, 5.13738268637e-06, 5.08359016749e-06, 2.66112510872e-06, 1.62889409694e-06]
    },
    "melbands128": {
        "max": [0.000643963401671, 0.00438269553706, 0.00870993826538, 0.00883174594492, 0.00720940716565, 0.00447568576783, 0.00386992190033, 0.00352513836697, 0.00371635961346, 0.00902599841356, 0.00585475564003, 0.0074716405943, 0.00708307418972, 0.00147551309783, 0.004578220658, 0.0105456896126, 0.0132571086287, 0.0203651785851, 0.0306723751128, 0.0265680402517, 0.0390429235995, 0.0257665086538, 0.00646656518802, 0.0024730428122, 0.00354520697147, 0.00378669961356, 0.00182665768079, 0.00244681537151, 0.00522688915953, 0.00804299116135, 0.00344709050842, 0.00521179754287, 0.00250789429992, 0.00218461593613, 0.00166571431328, 0.00264686346054, 0.00144129991531, 0.00142331805546, 0.00137811969034, 0.00155876425561, 0.00447571789846, 0.00175995915197, 0.000403995800298, 0.00151953985915, 0.00120673747733, 0.00108745752368, 0.000400539778639, 0.000601232459303, 0.00042513772496, 0.000187609519344, 0.000416638853494, 0.000520689820405, 0.000457998801721, 9.60155957728e-05, 0.000303020817228, 0.000186583667528, 0.000191823230125, 0.000147805549204, 0.000452967477031, 0.000711746281013, 8.4151266492e-05, 6.45221152809e-05, 0.000390079978388, 0.000202641342185, 0.000365655170754, 0.000172768399352, 0.000314794364385, 0.000102505699033, 0.000134566405904, 7.63043644838e-05, 8.08867771411e-05, 8.88227150426e-05, 0.000226607604418, 6.9750851253e-05, 1.85712488019e-05, 3.12747288262e-05, 8.2418860984e-05, 8.27830008348e-05, 7.91888232925e-05, 3.05147950712e-05, 4.77487192256e-05, 4.27535414929e-05, 3.98182673962e-05, 7.87112949183e-05, 0.000139864656376, 0.000163668752066, 8.85635017767e-05, 0.00012069944205, 0.000122317127534, 9.18633450055e-05, 8.37557454361e-05, 9.60377801675e-05, 0.000117971263535, 9.2258422228e-05, 0.000126444298076, 0.000124685306218, 0.000117101459182, 0.00011566732428, 5.89673472859e-05, 5.06219839735e-05, 2.8390371881e-05, 4.11629807786e-05, 3.79924422305e-05, 3.55790652975e-05, 7.24324709154e-05, 9.73223504843e-05, 0.000138753850479, 9.49858367676e-05, 7.89884725236e-05, 4.71465100418e-05, 2.9113227356e-05, 1.63123659149e-05, 1.14442573249e-05, 5.17585340276e-06, 2.43910221798e-06, 3.62839926993e-07, 4.44853220927e-09, 7.47885503527e-11, 6.6818779676e-11, 6.42821976204e-11, 6.18635212501e-11, 6.01290822688e-11, 5.82231485247e-11, 5.81789859344e-11, 5.68210790919e-11, 5.57254346834e-11, 5.55148912951e-11, 5.50994874726e-11],
        "mean": [3.75768868253e-05, 0.000267896306468, 0.000504757976159, 0.000473306747153, 0.00029218144482, 0.000130319531308, 0.000101743564301, 0.000115799542982, 0.000156314941705, 0.000315349083394, 0.000335101911332, 0.000348561763531, 0.000225692201639, 8.14902596176e-05, 6.39716599835e-05, 7.92471109889e-05, 0.000142568562296, 0.000382964470191, 0.000587486312725, 0.000608499452937, 0.00111840176396, 0.000786322751082, 0.000152670618263, 0.000102701749711, 0.000114941380161, 0.000159259012435, 4.58679860458e-05, 5.31404657522e-05, 0.000101266501588, 7.45524157537e-05, 6.81360324961e-05, 6.23967425781e-05, 2.20903675654e-05, 5.78039180255e-05, 7.47951780795e-05, 4.99639500049e-05, 2.6258352591e-05, 5.64569090784e-05, 4.26054793934e-05, 6.25128159299e-05, 0.000226246993407, 4.99382622365e-05, 1.87064233614e-05, 4.20943906647e-05, 5.01276481373e-05, 2.23738788918e-05, 1.27450475702e-05, 1.97778936126e-05, 1.6091598809e-05, 6.94880191077e-06, 1.34776455525e-05, 1.61162824952e-05, 1.91874005395e-05, 7.60758803153e-06, 8.12365396996e-06, 1.21266029964e-05, 1.00486331576e-05, 6.21321260041e-06, 1.68809801835e-05, 2.48817486863e-05, 4.14456781073e-06, 2.83144731839e-06, 1.23053487187e-05, 7.59539943829e-06, 1.165906815e-05, 5.88144621361e-06, 7.05754519004e-06, 3.87963245885e-06, 5.11784173796e-06, 3.49378956344e-06, 2.83151348413e-06, 3.88440548704e-06, 3.79326888833e-06, 3.26373424286e-06, 1.40657527936e-06, 2.03511240215e-06, 2.97136512017e-06, 4.10521715821e-06, 1.60355648404e-06, 1.49373840941e-06, 2.09279323826e-06, 2.22724474952e-06, 1.61640775787e-06, 2.18606419367e-06, 2.23557162826e-06, 1.99190048988e-06, 1.7457565491e-06, 1.69696443209e-06, 1.99313262783e-06, 1.40394206483e-06, 9.56702820076e-07, 1.04598132111e-06, 1.00270358416e-06, 8.59447595758e-07, 1.12076622827e-06, 9.33579258344e-07, 8.55790290188e-07, 6.83939333612e-07, 4.81126903651e-07, 4.12428875052e-07, 4.00591147809e-07, 3.82658754461e-07, 3.96674693093e-07, 4.35967905332e-07, 4.33085602936e-07, 4.23926593385e-07, 4.61832513565e-07, 2.85138497702e-07, 2.19642927846e-07, 1.81086633688e-07, 1.28128874621e-07, 8.74687273722e-08, 6.83529535195e-08, 5.24034575733e-08, 3.32936203051e-08, 5.75593572805e-09, 4.74831729491e-10, 2.76188230272e-12, 2.15648571049e-12, 2.09683659325e-12, 2.04298795763e-12, 1.99740159308e-12, 1.95539179466e-12, 1.9163832847e-12, 1.89109903952e-12, 1.87050049928e-12, 1.85672918013e-12, 1.84402189699e-12],
        "min": [1.49192995735e-08, 5.39272271283e-08, 7.70151871166e-08, 4.68126977182e-08, 2.59947494641e-08, 1.03967003895e-08, 3.16668327116e-08, 3.15734638434e-08, 2.25606164861e-08, 1.11928750712e-08, 4.98877916755e-09, 5.91207083289e-09, 1.5384797436e-08, 4.78919837121e-09, 9.09060049459e-10, 1.07119924042e-09, 3.30064198195e-09, 5.97876281816e-09, 2.73710831777e-08, 1.04197823703e-08, 4.56048088182e-09, 3.0249505123e-09, 9.667247447e-09, 3.20100879136e-09, 3.69966590696e-09, 1.33410238412e-09, 3.22526894081e-10, 2.24833440754e-09, 1.60349111766e-09, 1.95808547154e-09, 1.72174796642e-09, 1.11017439686e-09, 1.69343350453e-09, 3.31928984298e-10, 8.88878470828e-10, 1.89454629762e-09, 2.14416751021e-09, 2.36580444124e-09, 3.20200643777e-09, 2.93861468492e-09, 1.79005055223e-09, 5.53274981385e-10, 2.10084963315e-10, 3.8291117499e-10, 1.38281261441e-10, 1.78148502894e-11, 1.0236237552e-10, 7.46998157775e-11, 1.00618055554e-10, 2.44668174609e-10, 4.159934619e-10, 1.76405057228e-10, 7.06389946536e-11, 1.87182949696e-10, 4.81087725213e-10, 6.06755423682e-10, 2.29554208975e-10, 1.29500105084e-10, 9.15333850382e-11, 2.06595740515e-10, 2.62166094389e-10, 3.07382758136e-10, 2.84883672208e-10, 3.3529523602e-10, 1.72666159148e-10, 1.13439029004e-10, 2.90478370524e-11, 8.22526907696e-11, 1.53441898076e-10, 3.21079884902e-10, 2.96545066281e-10, 6.81314060724e-10, 5.67867197709e-10, 4.28157981291e-10, 6.74853853355e-11, 2.3540630556e-10, 1.67573302456e-10, 3.10548725624e-10, 6.08559980186e-10, 3.64257873864e-10, 2.09913933458e-10, 3.15577258769e-10, 1.32817756793e-10, 7.8784853641e-11, 2.67865229997e-10, 1.82325474163e-10, 2.57426691075e-10, 6.9494042465e-11, 2.01278577139e-11, 1.05073109935e-10, 2.15467949038e-10, 3.24317878109e-10, 3.26275756413e-10, 8.81667169828e-11, 2.48641055661e-11, 7.75550457188e-11, 6.38996841551e-11, 9.95796500813e-11, 2.02643096747e-10, 1.30460378611e-10, 3.50094224444e-11, 1.21297541456e-10, 9.51201478694e-11, 8.35313068714e-11, 7.74552019744e-11, 1.9665782891e-10, 8.20498044507e-11, 6.51428355702e-11, 5.95646171275e-11, 4.74028455377e-11, 6.87703297086e-11, 9.60687432383e-11, 1.17788903631e-10, 1.65038496758e-10, 3.39892211598e-11, 1.39888517436e-11, 1.43727382968e-13, 6.63781570399e-14, 6.0274437622e-14, 4.96548941829e-14, 6.53455019045e-14, 5.95687778618e-14, 6.06366695678e-14, 6.06427614288e-14, 6.53445667801e-14, 6.00441801856e-14, 6.02762333319e-14, 6.24986783789e-14],
        "stdev": [6.77146017551e-05, 0.000564997026231, 0.00110246636905, 0.0011301827617, 0.000722229946405, 0.000364911800716, 0.000302165368339, 0.000335469958372, 0.000327233661665, 0.000686540151946, 0.00053982634563, 0.000743220502045, 0.000490757753141, 0.000136741087772, 0.000158070659381, 0.000348319445038, 0.000533630605787, 0.00125639582984, 0.00206802249886, 0.00220838328823, 0.00381092890166, 0.00253816042095, 0.000442336400738, 0.000260448869085, 0.000281100248685, 0.00041123473784, 0.000122921381262, 0.000177537367563, 0.000419518299168, 0.000414978043409, 0.000231953759794, 0.000241265646764, 9.1279449407e-05, 0.000182726886123, 0.000185458789929, 0.000168491067598, 8.49604912219e-05, 0.000143816578202, 9.98578689178e-05, 0.00012912141392, 0.00056764006149, 0.000127722349134, 4.36460759374e-05, 0.000119624521176, 0.000122890050989, 6.30444774288e-05, 2.82833061647e-05, 4.93381776323e-05, 3.67995307897e-05, 1.5108235857e-05, 3.50425507349e-05, 4.59790244349e-05, 6.13122465438e-05, 1.27339499159e-05, 2.08555265999e-05, 2.54063306784e-05, 2.1615274818e-05, 1.31821470859e-05, 4.00125827582e-05, 6.56987103866e-05, 7.47415651858e-06, 4.76087188872e-06, 3.09920978907e-05, 1.64717221196e-05, 3.5786855733e-05, 1.70694347617e-05, 2.63951860688e-05, 7.72053954279e-06, 1.20106624308e-05, 8.46503462526e-06, 8.18101125333e-06, 7.78492449172e-06, 1.09960719783e-05, 7.52619962441e-06, 2.48489163823e-06, 4.30170712207e-06, 6.49440107736e-06, 8.97481550055e-06, 3.81587460652e-06, 3.05698313241e-06, 4.0563395487e-06, 4.29163810622e-06, 3.43549595527e-06, 5.62084778721e-06, 6.27211011306e-06, 6.83378948452e-06, 4.53254597232e-06, 5.18095203006e-06, 7.23475613995e-06, 5.55201268071e-06, 4.5045699153e-06, 4.34417097495e-06, 5.50934146304e-06, 4.68496909889e-06, 6.01630881647e-06, 6.23209552941e-06, 5.05652815264e-06, 4.46134254162e-06, 2.50936341217e-06, 2.31787089433e-06, 1.42245323786e-06, 1.7038240685e-06, 1.9009036123e-06, 2.1884616217e-06, 2.90333696285e-06, 3.76573143512e-06, 5.09783785674e-06, 2.94607957585e-06, 2.57708279605e-06, 1.67246935234e-06, 1.03541981389e-06, 5.63534456433e-07, 4.47676001158e-07, 2.55453016962e-07, 1.21566472444e-07, 1.80386354742e-08, 6.44539366323e-10, 5.90792909386e-12, 4.52936256209e-12, 4.39713283146e-12, 4.27841139253e-12, 4.17610390713e-12, 4.08542644159e-12, 4.02203270689e-12, 3.95760594435e-12, 3.90671002493e-12, 3.87366484375e-12, 3.85087621513e-12]
    },
    "mfcc": {
        "mean": [-699.317382812, 110.433876038, -3.88322544098, 10.3590393066, -11.8706130981, -0.319893866777, -8.77042388916, -3.03361535072, -7.61505651474, -0.267928928137, 7.63719272614, 2.20996546745, -0.945073068142],
        "cov": [[8877.73046875, -607.810791016, -1154.08190918, -403.9402771, -106.356575012, -275.472900391, -401.455078125, 228.306472778, -107.005065918, 255.06678772, 78.6954498291, 3.31011724472, -11.8341779709], [-607.810791016, 907.144226074, -132.690917969, -69.0941543579, 192.395645142, 38.7777557373, 155.411743164, 118.935211182, 27.1255722046, 67.387588501, 145.008575439, 55.3070716858, 77.4485931396], [-1154.08190918, -132.690917969, 891.368835449, 184.783752441, 95.6245651245, 88.0085144043, -42.9013290405, 36.2118148804, -2.13651204109, -134.191894531, -77.5760955811, -104.759407043, -19.345457077], [-403.9402771, -69.0941543579, 184.783752441, 403.497497559, 151.101303101, 60.4068412781, -12.4427480698, -22.309928894, 3.29196953773, -48.0971755981, -107.92855072, -56.2364959717, -7.07881784439], [-106.356575012, 192.395645142, 95.6245651245, 151.101303101, 454.398742676, 181.362045288, 61.2880020142, 88.9377670288, 22.018573761, 88.5948944092, 57.5304336548, 16.9704990387, 46.8737602234], [-275.472900391, 38.7777557373, 88.0085144043, 60.4068412781, 181.362045288, 229.644668579, 96.9130554199, 48.9694290161, 19.7617511749, 54.1095581055, 42.0669364929, 38.0975341797, 13.1054782867], [-401.455078125, 155.411743164, -42.9013290405, -12.4427480698, 61.2880020142, 96.9130554199, 255.766845703, 93.6494979858, 12.5515680313, 32.6944885254, -1.43554925919, 44.5913734436, 5.759557724], [228.306472778, 118.935211182, 36.2118148804, -22.309928894, 88.9377670288, 48.9694290161, 93.6494979858, 176.415466309, 12.7094573975, 49.1270980835, 29.5203037262, 20.2566661835, 31.5788059235], [-107.005065918, 27.1255722046, -2.13651204109, 3.29196953773, 22.018573761, 19.7617511749, 12.5515680313, 12.7094573975, 91.2877502441, 48.9152641296, 10.8699989319, 6.98293876648, 6.36745738983], [255.06678772, 67.387588501, -134.191894531, -48.0971755981, 88.5948944092, 54.1095581055, 32.6944885254, 49.1270980835, 48.9152641296, 170.82598877, 80.8356399536, 59.5069236755, 36.2172431946], [78.6954498291, 145.008575439, -77.5760955811, -107.92855072, 57.5304336548, 42.0669364929, -1.43554925919, 29.5203037262, 10.8699989319, 80.8356399536, 199.679168701, 97.8964767456, 42.8900642395], [3.31011724472, 55.3070716858, -104.759407043, -56.2364959717, 16.9704990387, 38.0975341797, 44.5913734436, 20.2566661835, 6.98293876648, 59.5069236755, 97.8964767456, 128.532974243, 43.0791511536], [-11.8341779709, 77.4485931396, -19.345457077, -7.07881784439, 46.8737602234, 13.1054782867, 5.759557724, 31.5788059235, 6.36745738983, 36.2172431946, 42.8900642395, 43.0791511536, 69.6368789673]],
        "icov": [[0.00024494365789, 0.000228742079344, 0.000404700491345, 0.000123111341964, -0.000125628110254, 5.09002820763e-05, 0.000624113657977, -0.000876238103956, 0.000317178084515, -0.000131531691295, 3.58137149306e-05, 0.000127484338009, 0.000271367782261], [0.000228742079344, 0.00204079411924, 0.000662940612528, 0.000213379360503, -0.000909767462872, 0.000897540594451, -0.000844888505526, -0.000953608716372, -0.000249325064942, 0.000695516588166, -0.00170274253469, 0.0014626304619, -0.00127422471996], [0.000404700491345, 0.000662940612528, 0.002444522921, -0.000164298398886, -0.000313244468998, -0.000905213237274, 0.00146697321907, -0.00237729819492, -0.000196570719709, 0.00166646461003, -0.000486556295073, 0.00144778902177, -0.000112900183012], [0.000123111341964, 0.000213379360503, -0.000164298398886, 0.00423266366124, -0.00186734006274, -0.000374955678126, 0.00070760800736, 0.000448111997684, -0.000344433967257, 0.000738114700653, 0.00264872284606, -0.000535569153726, -0.000418451381847], [-0.000125628110254, -0.000909767462872, -0.000313244468998, -0.00186734006274, 0.00502526154742, -0.00301193492487, 0.000340848404448, -0.000609960523434, 0.00069512531627, -0.0017639544094, -0.000875710975379, 0.00142523879185, -0.00134218647145], [5.09002820763e-05, 0.000897540594451, -0.000905213237274, -0.000374955678126, -0.00301193492487, 0.00902563333511, -0.00325547065586, 0.000712594366632, -0.000291199132334, -0.00114396237768, -0.00158994272351, -0.00125317182392, 0.00137182266917], [0.000624113657977, -0.000844888505526, 0.00146697321907, 0.00070760800736, 0.000340848404448, -0.00325547065586, 0.00947926752269, -0.00564269488677, 0.000708220992237, -6.6978209361e-05, 0.0038889721036, -0.00380719150417, 0.00361330015585], [-0.000876238103956, -0.000953608716372, -0.00237729819492, 0.000448111997684, -0.000609960523434, 0.000712594366632, -0.00564269488677, 0.0122397383675, -0.00069452583557, -0.00149110413622, -0.000461578631075, 0.0010145456763, -0.00401481147856], [0.000317178084515, -0.000249325064942, -0.000196570719709, -0.000344433967257, 0.00069512531627, -0.000291199132334, 0.000708220992237, -0.00069452583557, 0.0141264507547, -0.00564554380253, 0.000802856113296, 0.000589642615523, 0.000870077812579], [-0.000131531691295, 0.000695516588166, 0.00166646461003, 0.000738114700653, -0.0017639544094, -0.00114396237768, -6.6978209361e-05, -0.00149110413622, -0.00564554380253, 0.0124620925635, -0.00234484695829, -0.000704393663909, -0.00225873151794], [3.58137149306e-05, -0.00170274253469, -0.000486556295073, 0.00264872284606, -0.000875710975379, -0.00158994272351, 0.0038889721036, -0.000461578631075, 0.000802856113296, -0.00234484695829, 0.0129219023511, -0.00839446485043, 0.0011906781001], [0.000127484338009, 0.0014626304619, 0.00144778902177, -0.000535569153726, 0.00142523879185, -0.00125317182392, -0.00380719150417, 0.0010145456763, 0.000589642615523, -0.000704393663909, -0.00839446485043, 0.0189235638827, -0.00834990851581], [0.000271367782261, -0.00127422471996, -0.000112900183012, -0.000418451381847, -0.00134218647145, 0.00137182266917, 0.00361330015585, -0.00401481147856, 0.000870077812579, -0.00225873151794, 0.0011906781001, -0.00834990851581, 0.023443935439]]
    },
    "spectral_contrast_coeffs": {
        "max": [-0.353066504002, -0.43065610528, -0.547706186771, -0.616908073425, -0.638877928257, -0.646500229836],
        "mean": [-0.678269565105, -0.700340151787, -0.741368830204, -0.770382940769, -0.773409068584, -0.769726336002],
        "min": [-0.953980267048, -0.90949344635, -0.930516421795, -0.91042393446, -0.928386032581, -0.894236624241],
        "stdev": [0.120697386563, 0.0950085893273, 0.0693340450525, 0.0560799613595, 0.0508925057948, 0.0429744757712]
    },
    "spectral_contrast_valleys": {
        "max": [-5.55247735977, -5.51134157181, -5.92304754257, -6.25181102753, -6.6144952774, -7.37707519531],
        "mean": [-8.00541782379, -7.37552928925, -8.21311187744, -8.31864356995, -8.38118743896, -10.6140222549],
        "min": [-10.1509122849, -10.9667873383, -11.7821712494, -12.6702766418, -11.795167923, -13.73686409],
        "stdev": [1.0433062315, 0.893143832684, 1.04877150059, 1.06306326389, 0.880600392818, 0.892599821091]
    }
},
"rhythm": {
    "beats_count": 53,
    "beats_loudness": {
        "max": 0.0815621241927,
        "mean": 0.0143667180091,
        "min": 4.47945858468e-05,
        "stdev": 0.0152755584568
    },
    "bpm": 88.0165863037,
    "bpm_histogram_first_peak_bpm": 88,
    "bpm_histogram_first_peak_weight": 0.466666638851,
    "bpm_histogram_second_peak_bpm": 98,
    "bpm_histogram_second_peak_spread": 0.5,
    "bpm_histogram_second_peak_weight": 0.0961538478732,
    "danceability": 0.79103153944,
    "onset_rate": 1.44580066204,
    "beats_loudness_band_ratio": {
        "max": [0.904210329056, 0.915614664555, 0.890998542309, 0.510649740696, 0.304806739092, 0.76909995079],
        "mean": [0.204153582454, 0.225609183311, 0.323725104332, 0.13337020576, 0.0664414837956, 0.0827485844493],
        "min": [0.00036094369716, 0.00814645085484, 0.0257831737399, 0.00607918715104, 0.00291818822734, 0.00218731421046],
        "stdev": [0.273914963007, 0.243488550186, 0.275612801313, 0.12486024946, 0.0715840160847, 0.143699854612]
    },
    "beats_position": [0.53405892849, 1.07972788811, 1.63700675964, 2.19428563118, 2.73995471001, 3.27401351929, 3.80807256699, 4.34213161469, 4.95746040344, 5.5727891922, 6.18811798096, 6.80344676971, 7.41877555847, 8.05732440948, 8.6958732605, 9.35764122009, 10.0194101334, 10.71600914, 11.4009971619, 12.0975961685, 12.7941951752, 13.4675731659, 14.1525621414, 14.8375511169, 15.4877090454, 16.1378688812, 16.8112468719, 17.4962348938, 18.2160549164, 18.9358730316, 19.6208610535, 20.2942390442, 20.9211788177, 21.548116684, 22.1750564575, 22.7555541992, 23.3360538483, 23.9165534973, 24.497051239, 25.0775508881, 25.6464385986, 26.2153282166, 26.7493877411, 27.2602272034, 27.7710647583, 28.2586841583, 28.7463035583, 29.2339229584, 29.7331504822, 30.2207698822, 30.7199993134, 31.2192287445, 31.7184581757],
