{
"metadata": {
    "version": {
        "essentia": "2.1-beta5",
        "essentia_git_sha": "Undefined",
        "extractor": "music 2.0"
    },
    "audio_properties": {
        "analysis": {
            "equal_loudness": 0,
            "length": 45.2556915283,
            "sample_rate": 44100,
            "start_time": 113.742950439,
            "downmix": "mix"
        },
        "bit_rate": 192000,
        "length": 216.061691284,
        "lossless": 0,
        "number_channels": 2,
        "replay_gain": -0.898483276367,
        "sample_rate": 48000,
        "codec": "mp3",
        "md5_encoded": "8c85c073dbf6a755551608c607d0c67c"
    },
    "tags": {
        "file_name": "Norway_Visjoner_Merethe Trøan.mp3",
        "encoding": ["Lavf58.29.100"]
    }
},
"lowlevel": {
    "average_loudness": 0.982425570488,
    "barkbands_crest": {
        "max": 21.9581947327,
        "mean": 8.5157699585,
        "min": 2.15340185165,
        "stdev": 3.65020704269
    },
    "barkbands_flatness_db": {
        "max": 0.216514497995,
        "mean": 0.109114542603,
        "min": 0.0418899767101,
        "stdev": 0.0299702137709
    },
    "barkbands_kurtosis": {
        "max": 20.9480819702,
        "mean": 0.0475262850523,
        "min": -1.81138014793,
        "stdev": 1.91355729103
    },
    "barkbands_skewness": {
        "max": 4.0178027153,
        "mean": 0.600707471371,
        "min": -2.7531876564,
        "stdev": 0.719369232655
    },
    "barkbands_spread": {
        "max": 98.6051101685,
        "mean": 30.1577644348,
        "min": 7.24342441559,
        "stdev": 12.4718151093
    },
    "dissonance": {
        "max": 0.500000059605,
        "mean": 0.472416222095,
        "min": 0.351657122374,
        "stdev": 0.0193015802652
    },
    "dynamic_complexity": 1.80313384533,
    "erbbands_crest": {
        "max": 27.8392238617,
        "mean": 9.25541973114,
        "min": 2.70684170723,
        "stdev": 4.28545045853
    },
    "erbbands_flatness_db": {
        "max": 0.286379009485,
        "mean": 0.16764986515,
        "min": 0.066179394722,
        "stdev": 0.0360870063305
    },
    "erbbands_kurtosis": {
        "max": 8.8402671814,
        "mean": -0.383629590273,
        "min": -1.66378796101,
        "stdev": 1.00978529453
    },
    "erbbands_skewness": {
        "max": 2.70358943939,
        "mean": 0.121717207134,
        "min": -2.31920337677,
        "stdev": 0.69507008791
    },
    "erbbands_spread": {
        "max": 96.0949859619,
        "mean": 39.8995704651,
        "min": 12.6344137192,
        "stdev": 14.9861030579
    },
    "hfc": {
        "max": 175.993591309,
        "mean": 33.0733604431,
        "min": 1.17328834534,
        "stdev": 19.6207847595
    },
    "loudness_ebu128": {
        "integrated": -22.8659210205,
        "loudness_range": 1.4900970459,
        "momentary": {
            "max": -20.2786903381,
            "mean": -23.0584793091,
            "min": -28.3725299835,
            "stdev": 1.36239767075
        },
        "short_term": {
            "max": -21.7600345612,
            "mean": -22.8909778595,
            "min": -23.9526119232,
            "stdev": 0.47234365344
        }
    },
    "melbands_crest": {
        "max": 29.1282672882,
        "mean": 11.8610029221,
        "min": 2.58218622208,
        "stdev": 4.79645013809
    },
    "melbands_flatness_db": {
        "max": 0.267324060202,
        "mean": 0.111542336643,
        "min": 0.0206685941666,
        "stdev": 0.0349093303084
    },
    "melbands_kurtosis": {
        "max": 64.67628479,
        "mean": 4.11815166473,
        "min": -1.79694676399,
        "stdev": 6.29810810089
    },
    "melbands_skewness": {
        "max": 6.74658489227,
        "mean": 1.58598744869,
        "min": -0.362413227558,
        "stdev": 0.94267064333
    },
    "melbands_spread": {
        "max": 237.725524902,
        "mean": 44.7039222717,
        "min": 4.94850730896,
        "stdev": 26.0160617828
    },
    "pitch_salience": {
        "max": 0.84055685997,
        "mean": 0.586913645267,
        "min": 0.218536555767,
        "stdev": 0.0888416096568
    },
    "silence_rate_20dB": {
        "max": 1,
        "mean": 1,
        "min": 1,
        "stdev": 0
    },
    "silence_rate_30dB": {
        "max": 1,
        "mean": 1,
        "min": 1,
        "stdev": 0
    },
    "silence_rate_60dB": {
        "max": 1,
        "mean": 0.0205128211528,
        "min": 0,
        "stdev": 0.141745045781
    },
    "spectral_centroid": {
        "max": 5013.80957031,
        "mean": 2343.71508789,
        "min": 491.255401611,
        "stdev": 569.071594238
    },
    "spectral_complexity": {
        "max": 54,
        "mean": 23.453332901,
        "min": 2,
        "stdev": 8.15639591217
    },
    "spectral_decrease": {
        "max": -2.08405639968e-10,
        "mean": -4.2337617856e-09,
        "min": -1.73634440159e-08,
        "stdev": 2.14936379805e-09
    },
    "spectral_energy": {
        "max": 0.0739403888583,
        "mean": 0.018979055807,
        "min": 0.000892992597073,
        "stdev": 0.00923533085734
    },
    "spectral_energyband_high": {
        "max": 0.022179460153,
        "mean": 0.00245032506064,
        "min": 5.03488590766e-05,
        "stdev": 0.00210450566374
    },
    "spectral_energyband_low": {
        "max": 0.0182159077376,
        "mean": 0.000833570025861,
        "min": 1.60270155902e-05,
        "stdev": 0.00144129595719
    },
    "spectral_energyband_middle_high": {
        "max": 0.0355073697865,
        "mean": 0.00885719433427,
        "min": 0.000140218384331,
        "stdev": 0.00665661739185
    },
    "spectral_energyband_middle_low": {
        "max": 0.0554858408868,
        "mean": 0.00757869100198,
        "min": 0.000193554908037,
        "stdev": 0.00619796616957
    },
    "spectral_entropy": {
        "max": 8.7966632843,
        "mean": 7.82625150681,
        "min": 6.96366643906,
        "stdev": 0.273592114449
    },
    "spectral_flux": {
        "max": 0.195421338081,
        "mean": 0.0820898190141,
        "min": 0.0196471307427,
        "stdev": 0.0266608558595
    },
    "spectral_kurtosis": {
        "max": 11.4589176178,
        "mean": 2.44338965416,
        "min": -0.841173887253,
        "stdev": 1.15999042988
    },
    "spectral_rms": {
        "max": 0.00849334802479,
        "mean": 0.00415658531711,
        "min": 0.000933387549594,
        "stdev": 0.00111309171189
    },
    "spectral_rolloff": {
        "max": 11197.265625,
        "mean": 3451.78637695,
        "min": 301.46484375,
        "stdev": 1734.97875977
    },
    "spectral_skewness": {
        "max": 2.54682803154,
        "mean": 1.0572835207,
        "min": 0.153515130281,
        "stdev": 0.228312626481
    },
    "spectral_spread": {
        "max": 11906710,
        "mean": 4798913.5,
        "min": 2729856.25,
        "stdev": 1240463.375
    },
    "spectral_strongpeak": {
        "max": 12.1846752167,
        "mean": 1.83166253567,
        "min": 0.0292517226189,
        "stdev": 1.51351082325
    },
    "zerocrossingrate": {
        "max": 0.39794921875,
        "mean": 0.109527245164,
        "min": 0.0302734375,
        "stdev": 0.0417770557106
    },
    "barkbands": {
        "max": [0.000332776282448, 0.00952170044184, 0.00850735511631, 0.00658588530496, 0.0280833393335, 0.0178827084601, 0.02557050623, 0.0377114117146, 0.0288297943771, 0.027954313904, 0.0210846234113, 0.0170963313431, 0.0155224762857, 0.0138179268688, 0.00612253881991, 0.0116119422019, 0.00945980846882, 0.00506975874305, 0.008037308231, 0.00982215255499, 0.00756995752454, 0.00485625909641, 0.00608417438343, 0.00633490737528, 0.00900052674115, 0.00135642266832, 7.19546869732e-06],
        "mean": [3.04054374283e-05, 0.000428541243309, 0.00029370415723, 0.000224990260904, 0.00142896559555, 0.00133357383311, 0.00150643941015, 0.000617540848907, 0.00124087533914, 0.00240223528817, 0.00128775672056, 0.001226207125, 0.000456850044429, 0.0010549138533, 0.000415642687585, 0.000295477017062, 0.00044313291437, 0.00048233079724, 0.000977814779617, 0.0010626881849, 0.000680136145093, 0.000301136809867, 0.000256377505139, 0.000326810259139, 0.000166425073985, 3.80831406801e-05, 2.27365930527e-08],
        "min": [6.86920609283e-09, 2.18482387027e-06, 3.14692243819e-07, 3.22344703818e-07, 3.85485691368e-06, 9.10293783818e-06, 2.54606857197e-06, 1.23849406464e-06, 6.77816478856e-06, 3.14398812407e-06, 3.12125916935e-06, 3.02946637021e-06, 1.64474545272e-06, 4.16048123952e-06, 5.33555339643e-06, 2.19679850488e-06, 4.58489239463e-06, 3.62964465239e-06, 5.45888360648e-06, 1.37520137287e-05, 1.61166408361e-05, 2.27990290114e-06, 2.15099271372e-06, 2.7313199098e-06, 1.63883225923e-06, 6.27197380254e-07, 1.20371657086e-10],
        "stdev": [3.68627115677e-05, 0.000872716133017, 0.000588381255511, 0.000379623525077, 0.00236914725974, 0.00208609760739, 0.00313838105649, 0.00164422602393, 0.00270643108524, 0.00406632432714, 0.00269209011458, 0.00218215188943, 0.000994275440462, 0.00179039535578, 0.000626733119134, 0.00055088190129, 0.000807997246739, 0.000590229523368, 0.000928105437197, 0.00102484377567, 0.00075671140803, 0.000354958086973, 0.00039102890878, 0.000546782044694, 0.000533676531631, 7.82541173976e-05, 2.03196535153e-07]
    },
    "erbbands": {
        "max": [0.0973718091846, 2.86851906776, 11.7160511017, 12.2745790482, 72.4682693481, 127.792930603, 185.040100098, 189.26121521, 440.556671143, 774.426086426, 596.641052246, 797.855895996, 1007.09472656, 1046.19592285, 1030.34313965, 849.250793457, 818.99407959, 623.204711914, 869.817871094, 371.432434082, 428.899658203, 583.704162598, 341.992584229, 579.708007812, 289.146179199, 411.069580078, 490.269775391, 152.039840698, 169.009231567, 267.965118408, 194.104873657, 201.561920166, 129.258087158, 129.003082275, 45.4981422424, 11.5343313217, 1.53105044365, 0.120376810431, 0.00311032496393, 0.000302264263155],
        "mean": [0.00679075578228, 0.113763459027, 0.367266625166, 0.566892623901, 2.88136744499, 4.62082910538, 7.48261976242, 11.6735601425, 19.8364238739, 18.364490509, 16.315864563, 27.3791465759, 80.6011734009, 50.0509529114, 47.7638130188, 53.9607620239, 24.4737739563, 42.3786392212, 37.2406578064, 21.6555557251, 18.7047615051, 23.7840747833, 25.4334011078, 49.365940094, 42.8568229675, 46.921257019, 44.4189872742, 16.8061180115, 10.6651411057, 9.29974937439, 7.2959690094, 7.01876163483, 4.94955158234, 2.30856394768, 0.957118749619, 0.282244294882, 0.0521054752171, 0.00353594915941, 9.95515001705e-05, 3.37816454703e-05],
        "min": [8.41542496346e-05, 0.000304871791741, 0.000670580833685, 0.00441376445815, 0.00770183652639, 0.0138262296095, 0.0491771958768, 0.0989985615015, 0.117598071694, 0.0689315274358, 0.157629445195, 0.217040151358, 0.0935014486313, 0.162204101682, 0.190728709102, 0.197335958481, 0.118839360774, 0.234145626426, 0.400927871466, 0.557100057602, 0.293216884136, 0.308409482241, 0.138877049088, 0.446247816086, 0.383873790503, 0.599140584469, 0.772112011909, 0.392298460007, 0.0931352823973, 0.0840711146593, 0.0532421767712, 0.0498141273856, 0.0430558025837, 0.0216735266149, 0.0107688680291, 0.00397295737639, 0.000415759714087, 2.08899946301e-05, 1.5854392359e-06, 1.23011375308e-06],
        "stdev": [0.0103840287775, 0.243675217032, 0.744957923889, 0.862050890923, 5.11552286148, 8.26548099518, 14.626367569, 20.0726203918, 39.2103500366, 40.6354827881, 37.4178848267, 59.8553085327, 140.288238525, 85.0511627197, 107.202392578, 94.7084655762, 42.4543457031, 67.9929275513, 65.3721923828, 30.9769058228, 28.4208278656, 42.1546630859, 33.0031890869, 54.6069107056, 41.2124862671, 42.8797607422, 48.5969238281, 15.8745174408, 11.8909082413, 14.1653003693, 10.9892644882, 10.3582115173, 9.86921977997, 7.30293989182, 3.0944070816, 0.701663017273, 0.0946205258369, 0.00793018285185, 0.000178628484719, 2.16537500819e-05]
    },
    "gfcc": {
        "mean": [24.0239677429, 48.7000198364, -146.84437561, 35.708316803, -84.2705688477, 13.5243825912, -40.5787315369, 11.9570264816, -35.8361091614, 4.88440322876, -12.2626647949, -3.35747289658, -6.6372923851],
        "cov": [[1065.49560547, -211.388748169, 19.554441452, 8.72717571259, -7.91834449768, 9.28934288025, -5.93134260178, 59.6179542542, 10.3586378098, 8.26250934601, -41.325466156, 4.36434221268, -51.5276184082], [-211.388748169, 506.506591797, -13.0543479919, 74.1686630249, 64.6393890381, -15.7938137054, 38.3511581421, -56.4644584656, 3.91233849525, -71.7893981934, 6.16107988358, -45.9272117615, 55.2165718079], [19.554441452, -13.0543479919, 580.729553223, 164.317886353, -14.125125885, -41.3160667419, -189.105987549, 12.5112791061, 84.9716949463, 7.14418697357, -99.4530563354, 98.2549057007, -39.4323234558], [8.72717571259, 74.1686630249, 164.317886353, 302.997009277, 29.2234420776, -56.6457214355, -126.306884766, 2.91963577271, 134.341842651, -28.5197219849, -31.4467277527, 33.5361366272, 13.5077476501], [-7.91834449768, 64.6393890381, -14.125125885, 29.2234420776, 207.111221313, 38.4390068054, -11.9582872391, -7.58189201355, -3.24377989769, 12.3000192642, -50.2163734436, -14.8461561203, -7.16184234619], [9.28934288025, -15.7938137054, -41.3160667419, -56.6457214355, 38.4390068054, 191.966644287, 125.662818909, 7.88279342651, -52.2002983093, 1.59300613403, 13.5121593475, -43.8269882202, -4.9671125412], [-5.93134260178, 38.3511581421, -189.105987549, -126.306884766, -11.9582872391, 125.662818909, 257.671264648, 30.0695476532, -107.910018921, 6.10670566559, 56.866027832, -70.7116165161, 14.5462245941], [59.6179542542, -56.4644584656, 12.5112791061, 2.91963577271, -7.58189201355, 7.88279342651, 30.0695476532, 85.4104232788, 36.1200180054, 12.4761161804, 6.97808265686, 1.96555578709, -9.53212165833], [10.3586378098, 3.91233849525, 84.9716949463, 134.341842651, -3.24377989769, -52.2002983093, -107.910018921, 36.1200180054, 163.183166504, 15.1321191788, -28.9640045166, 34.8411521912, 0.967475235462], [8.26250934601, -71.7893981934, 7.14418697357, -28.5197219849, 12.3000192642, 1.59300613403, 6.10670566559, 12.4761161804, 15.1321191788, 89.1584396362, 20.3422546387, 10.3534975052, -18.8937969208], [-41.325466156, 6.16107988358, -99.4530563354, -31.4467277527, -50.2163734436, 13.5121593475, 56.866027832, 6.97808265686, -28.9640045166, 20.3422546387, 133.296981812, -3.92373514175, 5.3758187294], [4.36434221268, -45.9272117615, 98.2549057007, 33.5361366272, -14.8461561203, -43.8269882202, -70.7116165161, 1.96555578709, 34.8411521912, 10.3534975052, -3.92373514175, 102.288230896, -12.7613925934], [-51.5276184082, 55.2165718079, -39.4323234558, 13.5077476501, -7.16184234619, -4.9671125412, 14.5462245941, -9.53212165833, 0.967475235462, -18.8937969208, 5.3758187294, -12.7613925934, 82.704208374]],
        "icov": [[0.00108614400961, 0.000391941168346, 0.000110664681415, -0.000283056811895, 6.14242089796e-05, 1.28017873067e-05, 5.40090286449e-06, -0.000624975305982, 0.000277631217614, 0.000139016367029, 0.00041025551036, 0.000111544322863, 0.000466185854748], [0.000391941168346, 0.00444322545081, -0.00188463483937, 0.00078441738151, -0.00316809001379, 0.00302462326363, -0.00478499056771, 0.00533979060128, -0.00455650920048, 0.00492695393041, -0.00270157936029, 0.00181316584349, -0.000750371371396], [0.000110664681415, -0.00188463483937, 0.00459149014205, -0.0026853538584, 0.00315750832669, -0.00323917088099, 0.0051335641183, -0.00483206426725, 0.00502584734932, -0.00409162277356, 0.00409526284784, -0.00269746850245, 0.000898074067663], [-0.000283056811895, 0.00078441738151, -0.0026853538584, 0.00804495438933, -0.00314809451811, 0.00196522055194, -0.00226152990945, 0.00410423381254, -0.00840327702463, 0.00532089732587, -0.0034345483873, 0.00113290199079, -0.000866220798343], [6.14242089796e-05, -0.00316809001379, 0.00315750832669, -0.00314809451811, 0.0094531532377, -0.00489981239662, 0.00607383670285, -0.00560715980828, 0.00684810988605, -0.00690516876057, 0.00601622601971, -0.00115531706251, 0.000755903369281], [1.28017873067e-05, 0.00302462326363, -0.00323917088099, 0.00196522055194, -0.00489981239662, 0.0115873115137, -0.00953483674675, 0.00621137581766, -0.00573749607429, 0.00513356132433, -0.00334291509353, 0.0027575599961, 0.000670442474075], [5.40090286449e-06, -0.00478499056771, 0.0051335641183, -0.00226152990945, 0.00607383670285, -0.00953483674675, 0.0188862718642, -0.0139476889744, 0.0133769130334, -0.00838323682547, 0.0036858972162, 5.78154504183e-05, -0.00126329821069], [-0.000624975305982, 0.00533979060128, -0.00483206426725, 0.00410423381254, -0.00560715980828, 0.00621137581766, -0.0139476889744, 0.0264248158783, -0.0164389647543, 0.00816654134542, -0.00605855323374, 0.00211240164936, 0.00123533071019], [0.000277631217614, -0.00455650920048, 0.00502584734932, -0.00840327702463, 0.00684810988605, -0.00573749607429, 0.0133769130334, -0.0164389647543, 0.024373460561, -0.0119415558875, 0.00744974706322, -0.00295983208343, -0.000969321175944], [0.000139016367029, 0.00492695393041, -0.00409162277356, 0.00532089732587, -0.00690516876057, 0.00513356132433, -0.00838323682547, 0.00816654134542, -0.0119415558875, 0.0215490870178, -0.00787212327123, 0.00145888037514, 0.0019027570961], [0.00041025551036, -0.00270157936029, 0.00409526284784, -0.0034345483873, 0.00601622601971, -0.00334291509353, 0.0036858972162, -0.00605855323374, 0.00744974706322, -0.00787212327123, 0.0140673993155, -0.00310053466819, 0.000268104602583], [0.000111544322863, 0.00181316584349, -0.00269746850245, 0.00113290199079, -0.00115531706251, 0.0027575599961, 5.78154504183e-05, 0.00211240164936, -0.00295983208343, 0.00145888037514, -0.00310053466819, 0.014624052681, 0.000512628641445], [0.000466185854748, -0.000750371371396, 0.000898074067663, -0.000866220798343, 0.000755903369281, 0.000670442474075, -0.00126329821069, 0.00123533071019, -0.000969321175944, 0.0019027570961, 0.000268104602583, 0.000512628641445, 0.0144303692505]]
    },
    "melbands": {
        "max": [0.00168144865893, 0.00521550746635, 0.00267983647063, 0.00678252521902, 0.00538549385965, 0.00436972267926, 0.0060592261143, 0.00936154089868, 0.00440298300236, 0.00476507563144, 0.00511886645108, 0.00459991348907, 0.00291914097033, 0.00206556566991, 0.00230418611318, 0.00169839302544, 0.00134606764186, 0.00181296071969, 0.000573625089601, 0.000974199036136, 0.000458746595541, 0.00068898149766, 0.000380476849386, 0.000247003743425, 0.000584510387853, 0.00021927979833, 0.000214949497604, 0.000293256307486, 0.000389361492125, 0.000237155501964, 7.7543023508e-05, 8.65373222041e-05, 0.000108286723844, 0.000163675154909, 0.000125669437693, 7.75186636019e-05, 0.0001418805914, 9.32627735892e-05, 9.54898641794e-05, 0.000112696980068],
        "mean": [9.06438435777e-05, 0.000180152856046, 0.000160395909916, 0.000285226880806, 0.000251601508353, 0.000269996206043, 0.000312196323648, 0.000179857976036, 0.000138191011501, 0.00018504691252, 0.000407935149269, 0.000201337723411, 0.000157207890879, 0.000134183123009, 0.000107624196971, 4.32170782005e-05, 8.7388252723e-05, 7.0015223173e-05, 3.3415552025e-05, 2.4773835321e-05, 2.19081630348e-05, 2.74232716038e-05, 1.97003591893e-05, 2.31278645515e-05, 4.3320513214e-05, 3.02817716147e-05, 2.8712407584e-05, 3.31705377903e-05, 3.22385858453e-05, 1.66525333043e-05, 7.76795423008e-06, 6.17395880909e-06, 5.33037518835e-06, 5.00473379361e-06, 4.36634536527e-06, 3.50563641405e-06, 4.70177837997e-06, 3.79893231184e-06, 2.51904975812e-06, 1.72767374806e-06],
        "min": [6.23678886313e-07, 3.43967684557e-07, 1.42758676702e-06, 7.13773431471e-07, 1.60327886078e-06, 1.6621775103e-06, 5.85523878271e-07, 2.2285772161e-07, 4.47350572585e-07, 1.19423975775e-06, 4.53037301895e-07, 4.75966174918e-07, 5.81757376494e-07, 4.38164789784e-07, 5.12331325808e-07, 1.81041841074e-07, 3.45899479726e-07, 2.58023646893e-07, 4.3271225536e-07, 1.21848955814e-07, 1.80108457926e-07, 2.54092498153e-07, 1.40422315553e-07, 1.53086674004e-07, 2.60519612993e-07, 2.0947246071e-07, 3.08392543502e-07, 4.59776970274e-07, 4.08178777889e-07, 4.05466352049e-07, 1.55258163659e-07, 4.00076878293e-08, 4.75179255943e-08, 5.00957071381e-08, 3.50634898894e-08, 2.26882423959e-08, 3.00340765591e-08, 3.68408556994e-08, 1.7601797353e-08, 1.3078889971e-08],
        "stdev": [0.000163379081641, 0.000357798766345, 0.000231986196013, 0.000475669192383, 0.000472517654998, 0.000450511637609, 0.00061118893791, 0.000404899968999, 0.00031814959948, 0.000422581913881, 0.000713433488272, 0.000367792119505, 0.000352933304384, 0.000228390665143, 0.000225401119678, 9.8802971479e-05, 0.00014912642655, 0.000145186044392, 5.60682237847e-05, 4.74086446047e-05, 3.72990471078e-05, 5.21563233633e-05, 3.44658074027e-05, 2.49562017416e-05, 5.27979464096e-05, 3.09312017635e-05, 2.92290242214e-05, 3.37823039445e-05, 3.71933710994e-05, 2.03513991437e-05, 8.184242688e-06, 7.04378408045e-06, 7.70251972426e-06, 8.30164935905e-06, 6.90444039719e-06, 5.04048739458e-06, 7.07923481968e-06, 7.02698434907e-06, 6.99840438756e-06, 5.93608774579e-06]
    },
    "melbands128": {
        "max": [0.000224508272368, 0.000598339363933, 0.00207979301922, 0.00637901993468, 0.00765258446336, 0.00363828474656, 0.00258805393241, 0.00358809204772, 0.00802765600383, 0.0106640094891, 0.00844223424792, 0.0118560455739, 0.00931693054736, 0.0045040147379, 0.00664953980595, 0.00889722444117, 0.0106362691149, 0.00948208104819, 0.0101175568998, 0.0110508203506, 0.0139825697988, 0.00628864765167, 0.008371158503, 0.00722606293857, 0.00903180520982, 0.0112874563783, 0.0102760437876, 0.00992586836219, 0.00796553678811, 0.00866501405835, 0.00638089841232, 0.00638784281909, 0.00605274783447, 0.00685533089563, 0.00285419519059, 0.00438444176689, 0.00372016592883, 0.00491012400016, 0.00230871257372, 0.00406801328063, 0.0022416843567, 0.0019260289846, 0.00275249266997, 0.00321231572889, 0.0037767321337, 0.0034105067607, 0.00156676734332, 0.00110106752254, 0.000691037275828, 0.00125064852182, 0.0014688137453, 0.00178917276207, 0.000275348866126, 0.00105132802855, 0.00113521749154, 0.00135151203722, 0.00121108605526, 0.00071152090095, 0.000902239698917, 0.000889030576218, 0.000396104820538, 0.000593641656451, 0.000979131087661, 0.00100535107777, 0.000521601061337, 0.000371699599782, 0.000558841915336, 0.000500016787555, 0.000346505607013, 0.000635482603684, 0.00064970907988, 0.000629398331512, 0.00105447566602, 0.000818871427327, 0.000722834491171, 0.000356827804353, 0.000151647618623, 0.000253051082836, 8.5827530711e-05, 0.000127366147353, 8.34897145978e-05, 0.000120695862279, 0.000134090427309, 0.000139183801366, 0.000214573403355, 0.000165406163433, 0.000198398294742, 0.000169965074747, 0.000157372109243, 0.000131019114633, 6.07904803474e-05, 5.09726378368e-05, 0.0001427148527, 0.000223836672376, 8.55134785525e-05, 0.000111117042252, 0.000117062212666, 0.000117287832836, 0.000100326877146, 0.000106920088001, 0.000194944659597, 9.28310255404e-05, 8.0803205492e-05, 5.81147141929e-05, 7.07678700564e-05, 4.91073697049e-05, 3.64271108992e-05, 3.38432437275e-05, 1.42620910992e-05, 1.0324079085e-05, 8.97824520507e-06, 4.27623126598e-06, 4.68045072921e-06, 3.35155777975e-06, 3.39276380146e-06, 1.38595976296e-06, 3.00626197713e-07, 1.16189289301e-08, 1.07444888542e-08, 9.98036586708e-09, 9.3870058393e-09, 8.8531431075e-09, 8.43325853594e-09, 8.08493272331e-09, 7.77451347744e-09, 7.57358531445e-09, 7.42774819429e-09, 7.34455918305e-09],
        "mean": [2.02292540052e-05, 4.06474828196e-05, 9.64974751696e-05, 0.000227922369959, 0.000217979410081, 0.000127279752633, 9.32586262934e-05, 0.00012486630294, 0.000326799257891, 0.000328717549564, 0.000226974167163, 0.000256016850471, 0.000265834911261, 0.00023933959892, 0.000240244626184, 0.000296981859719, 0.000336193566909, 0.000287645758362, 0.000351252383552, 0.000184037067811, 0.000113896268886, 9.07863286557e-05, 0.000170395156601, 0.000148134393385, 0.000127520543174, 0.000200593436603, 0.000302086846204, 0.0005666235229, 0.000371983885998, 0.000163984106621, 0.000193427069462, 0.000159520204761, 0.000133634297526, 0.000204206458875, 7.25532518118e-05, 0.000135225738632, 0.000190235150512, 0.000127994877403, 4.23890014645e-05, 2.86319882434e-05, 5.73620127398e-05, 3.73228285753e-05, 8.33198573673e-05, 0.000110994820716, 0.000116145987704, 5.62143723073e-05, 2.3994320145e-05, 4.12511690229e-05, 3.44584805134e-05, 2.01117945835e-05, 2.78135667031e-05, 2.66495098913e-05, 1.01606074168e-05, 2.38438824454e-05, 3.85395323974e-05, 2.85607784463e-05, 1.90130376723e-05, 1.35454265546e-05, 2.23952447413e-05, 2.70341279247e-05, 1.78340997081e-05, 1.81018149306e-05, 5.50979893887e-05, 4.90551974508e-05, 2.95965073747e-05, 2.59333664872e-05, 3.50546797563e-05, 3.08840208163e-05, 2.68621388386e-05, 2.51056699199e-05, 2.63448255282e-05, 4.44992219855e-05, 4.08111445722e-05, 2.59153093793e-05, 2.79587984551e-05, 2.11595797737e-05, 9.10387097974e-06, 8.0720110418e-06, 7.68603695178e-06, 7.7397971836e-06, 6.36068989479e-06, 5.57029443371e-06, 5.2143150242e-06, 5.09232404511e-06, 5.86879787079e-06, 5.14706471222e-06, 4.76274317407e-06, 4.46079411631e-06, 4.65458879262e-06, 4.0353793338e-06, 3.497426178e-06, 2.92313075079e-06, 4.21972663389e-06, 4.93835932502e-06, 5.09563324158e-06, 4.28701832789e-06, 3.53250720764e-06, 3.00309466184e-06, 2.59467583419e-06, 2.20849346988e-06, 2.11487144952e-06, 1.63313052326e-06, 1.30374564833e-06, 1.18329307952e-06, 1.10075063731e-06, 9.28400254452e-07, 8.98062978649e-07, 5.98362419169e-07, 4.41427772557e-07, 3.08753868694e-07, 2.23993936288e-07, 1.65322035173e-07, 1.56595419298e-07, 1.30729404191e-07, 7.23730622099e-08, 1.67762355119e-08, 8.58689452876e-10, 1.24777393279e-11, 1.12636514699e-11, 1.0663930676e-11, 1.01623605364e-11, 9.74672599574e-12, 9.41513707275e-12, 9.12293331157e-12, 8.68519492436e-12, 8.17806933284e-12, 7.87840626071e-12, 7.78244742955e-12],
        "min": [4.23506479885e-10, 2.0086146435e-07, 2.45051921866e-07, 2.24806910865e-07, 1.322099763e-07, 9.7810008981e-08, 1.45959674569e-07, 9.5357378882e-08, 1.9525452899e-07, 4.35718277458e-07, 2.50547827818e-07, 1.14267400875e-07, 4.82015195757e-07, 5.58190095035e-07, 1.13758844122e-07, 9.68502575915e-08, 1.41530932751e-07, 8.02043800263e-08, 2.25312874136e-07, 2.41436310944e-07, 9.52014858058e-08, 4.69854661844e-08, 2.95753551427e-07, 3.8348042608e-07, 3.41163200801e-07, 1.04718310467e-07, 1.93823140648e-07, 1.74014957111e-07, 2.68136204795e-07, 1.82185345921e-07, 1.53445512296e-07, 2.61709885763e-07, 2.23325812954e-07, 1.13428249904e-07, 6.74432669712e-08, 4.97112360165e-08, 7.7442443569e-08, 1.23606994862e-07, 1.25911654436e-07, 6.50490719067e-08, 1.03701431442e-07, 6.95151385344e-08, 6.0096049026e-08, 1.82937966997e-07, 1.12891200388e-07, 6.48450466656e-08, 7.72932935433e-08, 1.94223588323e-07, 8.89178579655e-08, 2.11094093316e-08, 4.6236738882e-08, 1.13009562597e-07, 4.76485944034e-08, 5.65679201259e-08, 8.06755124927e-08, 1.82632533097e-07, 1.32319939894e-07, 8.50961683341e-08, 5.70602374239e-08, 5.6413970384e-08, 4.83512323513e-08, 1.43606001757e-07, 1.2906309621e-07, 8.63021654141e-08, 9.3653703459e-08, 1.12202336311e-07, 1.29933596327e-07, 1.83855732416e-07, 2.05088824146e-07, 1.04572826842e-07, 2.25733913339e-07, 1.2110568548e-07, 2.52283911095e-07, 2.43466701022e-07, 1.7550583209e-07, 1.06924609611e-07, 1.17601089755e-07, 9.99211948738e-08, 8.80384973811e-08, 3.9544271857e-08, 2.32166144087e-08, 1.89254798499e-08, 2.37907205047e-08, 2.27718217616e-08, 2.11146584661e-08, 1.9139470453e-08, 2.11862580812e-08, 2.30440644344e-08, 1.84887802845e-08, 1.52198058601e-08, 2.53654501847e-08, 8.58617443811e-09, 3.23420472625e-08, 3.08820524708e-08, 1.96281160214e-08, 3.20688080535e-08, 3.98627726383e-08, 9.11695341443e-09, 5.15363707265e-09, 4.98131258464e-10, 1.14923681682e-09, 8.42320047045e-10, 2.56319600961e-11, 1.76341063973e-09, 2.07873651625e-09, 1.96599847513e-09, 1.19576282209e-09, 5.95057003672e-10, 3.95479787807e-10, 1.77348732922e-10, 5.78200091972e-11, 3.01289930504e-11, 1.17701005192e-11, 7.97459754481e-13, 5.58335062212e-13, 4.1888901744e-13, 3.11571515116e-13, 3.57530547052e-13, 3.8806233075e-13, 3.68814110112e-13, 3.23556800927e-13, 3.74732200565e-13, 4.19055144318e-13, 3.58749678185e-13, 2.94017739842e-13, 1.02620569106e-13, 1.37217041996e-14, 2.54190378776e-16],
        "stdev": [2.41623092734e-05, 6.12631847616e-05, 0.000187820449355, 0.000516492116731, 0.0004752962559, 0.000251036515692, 0.000168486993061, 0.000211805105209, 0.000617339042947, 0.000655822455883, 0.000483228184748, 0.000681003730278, 0.000669339380693, 0.000407080777222, 0.000540589389857, 0.000703930156305, 0.000864964735229, 0.000729431631044, 0.00103029422462, 0.000480385206174, 0.000429568812251, 0.000316805584589, 0.000503432995174, 0.000381383433705, 0.000447407597676, 0.000724591780454, 0.000807650329079, 0.00121389515698, 0.000879905070178, 0.000503341783769, 0.000519391789567, 0.000455006054835, 0.0004988493165, 0.000628474692348, 0.000223138427828, 0.000349343579728, 0.000419994234107, 0.000392584741348, 0.000138385221362, 0.000117907853564, 0.00016821056488, 0.000121321412735, 0.000219025532715, 0.000243532209424, 0.000339571735822, 0.0001651240309, 6.04548622505e-05, 8.76363337738e-05, 7.64028227422e-05, 5.34615210199e-05, 6.97561190464e-05, 7.65019794926e-05, 1.87639252545e-05, 6.09828603046e-05, 9.27651417442e-05, 7.24871351849e-05, 5.41471708857e-05, 3.74726223527e-05, 5.50186523469e-05, 5.23899288964e-05, 2.71564131253e-05, 2.83220851998e-05, 9.20631500776e-05, 7.94778607087e-05, 5.06357937411e-05, 3.92639849451e-05, 5.79527695663e-05, 5.07367367391e-05, 3.68497130694e-05, 4.26212245657e-05, 4.04024685849e-05, 6.7442888394e-05, 6.91727327649e-05, 4.85468481202e-05, 5.21568581462e-05, 3.41559607477e-05, 1.23735026136e-05, 1.15969723993e-05, 9.80574441201e-06, 1.09801112558e-05, 8.55700091051e-06, 7.5341745287e-06, 7.97286793386e-06, 8.67897415446e-06, 9.98800896923e-06, 9.32010880206e-06, 9.28561257751e-06, 8.21561206976e-06, 7.82259849075e-06, 7.35090497983e-06, 5.36713378096e-06, 4.48682249043e-06, 7.36407901059e-06, 8.76675767358e-06, 7.56245435696e-06, 7.59775548431e-06, 7.50528215576e-06, 8.00033831183e-06, 7.07558319846e-06, 7.18009823686e-06, 8.42744066176e-06, 5.85301950196e-06, 4.51029518445e-06, 4.2386163841e-06, 4.01287707064e-06, 3.23454992213e-06, 2.72385841527e-06, 1.61244247465e-06, 1.02256137779e-06, 6.98000860666e-07, 4.82237055621e-07, 2.99514397284e-07, 3.1380889709e-07, 2.55201371147e-07, 1.88908188647e-07, 7.92650993731e-08, 7.85049625307e-09, 2.79169187767e-10, 2.58201626746e-10, 2.40592101797e-10, 2.26790433655e-10, 2.14467499315e-10, 2.04517208724e-10, 1.96657537477e-10, 1.8946810787e-10, 1.84631046563e-10, 1.81208270611e-10, 1.79259551647e-10]
    },
    "mfcc": {
        "mean": [-605.111572266, 70.9972229004, -10.3303165436, 15.4074611664, -16.1072769165, -5.44430971146, 4.23795509338, -4.58082437515, -7.86626434326, 3.81563997269, -8.56608295441, -2.15197634697, -6.25017309189],
        "cov": [[1108.28527832, -202.144165039, -89.8170318604, -17.5217781067, -41.5293312073, -36.4411506653, 0.108004383743, 37.3603591919, 16.513677597, 24.64985466, 30.2494907379, 29.3288536072, -12.4409246445], [-202.144165039, 401.157653809, -47.7204170227, 14.3004627228, 13.4603881836, 39.8834686279, 64.2461395264, -4.28556680679, -5.25923633575, 7.72126245499, -32.2827644348, -50.3470916748, -53.4081611633], [-89.8170318604, -47.7204170227, 507.952758789, 124.200294495, 105.925125122, -18.7367362976, -189.280181885, 33.1836013794, 20.9460639954, -59.9708023071, 24.2221679688, -11.6997652054, 40.3719940186], [-17.5217781067, 14.3004627228, 124.200294495, 268.341033936, 148.204025269, -25.1522369385, -181.956970215, 4.59392499924, 34.1767883301, -35.2871818542, -18.9642848969, 17.3148021698, 18.959197998], [-41.5293312073, 13.4603881836, 105.925125122, 148.204025269, 281.541107178, 23.5146427155, -175.769500732, 7.8356628418, 38.6162605286, -16.6417045593, -1.03409039974, -9.96759414673, 4.43113803864], [-36.4411506653, 39.8834686279, -18.7367362976, -25.1522369385, 23.5146427155, 138.072570801, 61.700340271, 15.9342098236, 15.2164850235, 10.0012397766, 11.2462291718, -30.8607578278, -19.1452445984], [0.108004383743, 64.2461395264, -189.280181885, -181.956970215, -175.769500732, 61.700340271, 372.312438965, -3.14911031723, -32.1145095825, 67.7241897583, -9.28022575378, -12.3168077469, -31.7322463989], [37.3603591919, -4.28556680679, 33.1836013794, 4.59392499924, 7.8356628418, 15.9342098236, -3.14911031723, 96.1483154297, 27.4221935272, -15.7543382645, 15.7431316376, 3.43626594543, 10.4578123093], [16.513677597, -5.25923633575, 20.9460639954, 34.1767883301, 38.6162605286, 15.2164850235, -32.1145095825, 27.4221935272, 105.508522034, 32.7692832947, 2.04399633408, -16.3536701202, -13.5212488174], [24.64985466, 7.72126245499, -59.9708023071, -35.2871818542, -16.6417045593, 10.0012397766, 67.7241897583, -15.7543382645, 32.7692832947, 97.6843414307, 4.91149377823, -9.01583576202, -37.4533195496], [30.2494907379, -32.2827644348, 24.2221679688, -18.9642848969, -1.03409039974, 11.2462291718, -9.28022575378, 15.7431316376, 2.04399633408, 4.91149377823, 92.8571166992, 19.5241146088, 21.2986793518], [29.3288536072, -50.3470916748, -11.6997652054, 17.3148021698, -9.96759414673, -30.8607578278, -12.3168077469, 3.43626594543, -16.3536701202, -9.01583576202, 19.5241146088, 115.122879028, 57.1128730774], [-12.4409246445, -53.4081611633, 40.3719940186, 18.959197998, 4.43113803864, -19.1452445984, -31.7322463989, 10.4578123093, -13.5212488174, -37.4533195496, 21.2986793518, 57.1128730774, 106.284721375]],
        "icov": [[0.00107634917367, 0.000582014094107, 0.000271955737844, -0.000170149083715, 9.98169489321e-05, 0.000240789988311, 1.9572349629e-05, -0.000567989249248, 4.49857107014e-05, -0.00014164778986, -0.00027517293347, -8.06650859886e-05, 0.000500741531141], [0.000582014094107, 0.00327858724631, 0.00031693073106, -0.000810192781501, -0.000248278258368, -0.00022432069818, -0.000774243555497, -0.000383864360629, 0.000417188013671, 0.000348648871295, 0.000248616386671, 0.000703843834344, 0.00126420974266], [0.000271955737844, 0.00031693073106, 0.00275914603844, -0.000663851154968, -5.67177958146e-05, 0.000128420026158, 0.000844026915729, -0.000779317866545, 4.54639521195e-05, 0.000506765383761, -0.000743259617593, 0.00107740482781, -0.000630022317637], [-0.000170149083715, -0.000810192781501, -0.000663851154968, 0.00713065871969, -0.00213954085484, 0.000424849189585, 0.00189095316455, 0.000462552852696, -0.00160882633645, 0.000890699448064, 0.00181365956087, -0.00176699319854, -6.68124412186e-05], [9.98169489321e-05, -0.000248278258368, -5.67177958146e-05, -0.00213954085484, 0.00659165065736, -0.00249507836998, 0.00274935457855, -0.000213622304727, -8.80359948496e-06, -0.00149540102575, 0.000226112097153, 0.000422528391937, -0.000392710557207], [0.000240789988311, -0.00022432069818, 0.000128420026158, 0.000424849189585, -0.00249507836998, 0.0100195650011, -0.00289825256914, -0.000814142636955, -0.00150967331138, 0.00168069801293, -0.00211508502252, 0.00189137377311, 0.000722273660358], [1.9572349629e-05, -0.000774243555497, 0.000844026915729, 0.00189095316455, 0.00274935457855, -0.00289825256914, 0.00682281143963, -0.00137580395676, 0.00212309206836, -0.00408955384046, 0.00159855245147, -0.000141237309435, -0.000924441730604], [-0.000567989249248, -0.000383864360629, -0.000779317866545, 0.000462552852696, -0.000213622304727, -0.000814142636955, -0.00137580395676, 0.0136195700616, -0.00531484093517, 0.00486158719286, -0.00193460658193, -0.00103035441134, 4.39095674665e-05], [4.49857107014e-05, 0.000417188013671, 4.54639521195e-05, -0.00160882633645, -8.80359948496e-06, -0.00150967331138, 0.00212309206836, -0.00531484093517, 0.0149339530617, -0.0079730367288, 0.000925967295188, 0.00218386435881, -0.000898945145309], [-0.00014164778986, 0.000348648871295, 0.000506765383761, 0.000890699448064, -0.00149540102575, 0.00168069801293, -0.00408955384046, 0.00486158719286, -0.0079730367288, 0.0189645215869, -0.00295361620374, -0.00225006579421, 0.0059425146319], [-0.00027517293347, 0.000248616386671, -0.000743259617593, 0.00181365956087, 0.000226112097153, -0.00211508502252, 0.00159855245147, -0.00193460658193, 0.000925967295188, -0.00295361620374, 0.0132841495797, -0.00167070515454, -0.00235857837833], [-8.06650859886e-05, 0.000703843834344, 0.00107740482781, -0.00176699319854, 0.000422528391937, 0.00189137377311, -0.000141237309435, -0.00103035441134, 0.00218386435881, -0.00225006579421, -0.00167070515454, 0.0138287926093, -0.00697879120708], [0.000500741531141, 0.00126420974266, -0.000630022317637, -6.68124412186e-05, -0.000392710557207, 0.000722273660358, -0.000924441730604, 4.39095674665e-05, -0.000898945145309, 0.0059425146319, -0.00235857837833, -0.00697879120708, 0.0164224039763]]
    },
    "spectral_contrast_coeffs": {
        "max": [-0.437994271517, -0.484252363443, -0.475237667561, -0.614625096321, -0.62477260828, -0.644820094109],
        "mean": [-0.710530281067, -0.745925009251, -0.704708397388, -0.763514339924, -0.756940066814, -0.747619926929],
        "min": [-0.872234046459, -0.912639081478, -0.90899938345, -0.883879959583, -0.868965923786, -0.85657697916],
        "stdev": [0.0704095587134, 0.0707791447639, 0.0795464590192, 0.049816031009, 0.0429817177355, 0.0324379913509]
    },
    "spectral_contrast_valleys": {
        "max": [-5.66223955154, -5.46815776825, -5.78025960922, -6.2665643692, -5.58649110794, -7.44772052765],
        "mean": [-7.33957386017, -6.76845502853, -7.32154655457, -7.55474424362, -6.90062761307, -9.48143291473],
        "min": [-9.68447303772, -8.5943441391, -9.22346591949, -9.05818653107, -8.47065830231, -11.3970537186],
        "stdev": [0.615669965744, 0.462041705847, 0.502696752548, 0.407442331314, 0.384574353695, 0.568389236927]
    }
},
"rhythm": {
    "beats_count": 92,
    "beats_loudness": {
        "max": 0.0461523458362,
        "mean": 0.0232947990298,
        "min": 0.00773648684844,
        "stdev": 0.00881086569279
    },
    "bpm": 123.2159729,
    "bpm_histogram_first_peak_bpm": 123,
    "bpm_histogram_first_peak_weight": 0.447058796883,
    "bpm_histogram_second_peak_bpm": 110,
    "bpm_histogram_second_peak_spread": 0,
    "bpm_histogram_second_peak_weight": 0.0329670347273,
    "danceability": 1.26117932796,
    "onset_rate": 2.78346610069,
    "beats_loudness_band_ratio": {
        "max": [0.755683898926, 0.689328610897, 0.718860864639, 0.664874911308, 0.415045708418, 0.601884424686],
        "mean": [0.148046463728, 0.156000509858, 0.230415835977, 0.229492411017, 0.134972169995, 0.188655734062],
        "min": [0.01153038349, 0.00557737099007, 0.0217188913375, 0.0135728241876, 0.00859526917338, 0.0481047965586],
        "stdev": [0.141090258956, 0.148861318827, 0.168846786022, 0.192928791046, 0.0967165380716, 0.110629580915]
    },
