{
"metadata": {
    "version": {
        "essentia": "2.1-beta5",
        "essentia_git_sha": "Undefined",
        "extractor": "music 2.0"
    },
    "audio_properties": {
        "analysis": {
            "equal_loudness": 0,
            "length": 31.4282093048,
            "sample_rate": 44100,
            "start_time": 158.998641968,
            "downmix": "mix"
        },
        "bit_rate": 192000,
        "length": 190.446456909,
        "lossless": 0,
        "number_channels": 2,
        "replay_gain": -6.79406738281,
        "sample_rate": 48000,
        "codec": "mp3",
        "md5_encoded": "4ead6c10641bc399ddec482b4df71e6b"
    },
    "tags": {
        "file_name": "Italy_Rapsodia_Mia Martini.mp3",
        "encoding": ["Lavf58.29.100"]
    }
},
"lowlevel": {
    "average_loudness": 0.565264284611,
    "barkbands_crest": {
        "max": 22.421257019,
        "mean": 9.60437107086,
        "min": 3.48331403732,
        "stdev": 4.34162855148
    },
    "barkbands_flatness_db": {
        "max": 0.248958751559,
        "mean": 0.141639471054,
        "min": 0.053087528795,
        "stdev": 0.0305830892175
    },
    "barkbands_kurtosis": {
        "max": 29.8493347168,
        "mean": 1.4535330534,
        "min": -1.7076125145,
        "stdev": 2.85352611542
    },
    "barkbands_skewness": {
        "max": 4.78508710861,
        "mean": 0.744021773338,
        "min": -1.12438845634,
        "stdev": 0.822242558002
    },
    "barkbands_spread": {
        "max": 97.0425033569,
        "mean": 20.5629196167,
        "min": 3.74984264374,
        "stdev": 10.5649118423
    },
    "dissonance": {
        "max": 0.49994507432,
        "mean": 0.453416705132,
        "min": 0.320138007402,
        "stdev": 0.0305871255696
    },
    "dynamic_complexity": 5.12260818481,
    "erbbands_crest": {
        "max": 28.5131912231,
        "mean": 10.9705219269,
        "min": 2.14784431458,
        "stdev": 4.98200082779
    },
    "erbbands_flatness_db": {
        "max": 0.323422819376,
        "mean": 0.192596182227,
        "min": 0.0625319033861,
        "stdev": 0.0388717800379
    },
    "erbbands_kurtosis": {
        "max": 17.6868553162,
        "mean": 0.991987764835,
        "min": -1.57822299004,
        "stdev": 2.54053497314
    },
    "erbbands_skewness": {
        "max": 3.8615834713,
        "mean": 0.409169107676,
        "min": -1.63365030289,
        "stdev": 0.809465646744
    },
    "erbbands_spread": {
        "max": 123.653106689,
        "mean": 27.6740455627,
        "min": 4.45398664474,
        "stdev": 13.8134727478
    },
    "hfc": {
        "max": 196.565582275,
        "mean": 17.8485450745,
        "min": 4.689059665e-07,
        "stdev": 23.5603141785
    },
    "loudness_ebu128": {
        "integrated": -18.1376514435,
        "loudness_range": 11.8242855072,
        "momentary": {
            "max": -12.9007644653,
            "mean": -21.5505161285,
            "min": -38.0984039307,
            "stdev": 5.91537857056
        },
        "short_term": {
            "max": -14.0365161896,
            "mean": -20.1720371246,
            "min": -32.3239364624,
            "stdev": 4.10710144043
        }
    },
    "melbands_crest": {
        "max": 28.6401023865,
        "mean": 11.6993532181,
        "min": 3.62215185165,
        "stdev": 4.57125616074
    },
    "melbands_flatness_db": {
        "max": 0.290647089481,
        "mean": 0.180175796151,
        "min": 0.0369055904448,
        "stdev": 0.0381293930113
    },
    "melbands_kurtosis": {
        "max": 92.4205169678,
        "mean": 4.67208862305,
        "min": -1.39007115364,
        "stdev": 7.59468793869
    },
    "melbands_skewness": {
        "max": 8.35891914368,
        "mean": 1.38057816029,
        "min": -1.02800178528,
        "stdev": 1.21424865723
    },
    "melbands_spread": {
        "max": 150.748168945,
        "mean": 27.2417411804,
        "min": 4.18326711655,
        "stdev": 14.2592468262
    },
    "pitch_salience": {
        "max": 0.894550561905,
        "mean": 0.554916799068,
        "min": 0.244921579957,
        "stdev": 0.103185676038
    },
    "silence_rate_20dB": {
        "max": 1,
        "mean": 1,
        "min": 1,
        "stdev": 0
    },
    "silence_rate_30dB": {
        "max": 1,
        "mean": 1,
        "min": 1,
        "stdev": 0
    },
    "silence_rate_60dB": {
        "max": 1,
        "mean": 0.230996310711,
        "min": 0,
        "stdev": 0.421471238136
    },
    "spectral_centroid": {
        "max": 4195.90234375,
        "mean": 1393.34265137,
        "min": 558.145996094,
        "stdev": 441.482879639
    },
    "spectral_complexity": {
        "max": 42,
        "mean": 13.7490777969,
        "min": 0,
        "stdev": 7.61270713806
    },
    "spectral_decrease": {
        "max": -8.95470208706e-16,
        "mean": -4.06038891398e-09,
        "min": -2.20372342596e-08,
        "stdev": 4.01152844276e-09
    },
    "spectral_energy": {
        "max": 0.101002708077,
        "mean": 0.0169437732548,
        "min": 3.42224515393e-09,
        "stdev": 0.017032051459
    },
    "spectral_energyband_high": {
        "max": 0.0167561899871,
        "mean": 0.000608182395808,
        "min": 1.61318285119e-11,
        "stdev": 0.00149478111416
    },
    "spectral_energyband_low": {
        "max": 0.0567633546889,
        "mean": 0.00288757914677,
        "min": 2.13475725985e-09,
        "stdev": 0.00350057915784
    },
    "spectral_energyband_middle_high": {
        "max": 0.06856251508,
        "mean": 0.00878618657589,
        "min": 6.38259445296e-11,
        "stdev": 0.0132191134617
    },
    "spectral_energyband_middle_low": {
        "max": 0.0633659288287,
        "mean": 0.00495575368404,
        "min": 3.49064221972e-10,
        "stdev": 0.0053736846894
    },
    "spectral_entropy": {
        "max": 8.86108207703,
        "mean": 7.43481826782,
        "min": 6.68238973618,
        "stdev": 0.29594117403
    },
    "spectral_flux": {
        "max": 0.243744343519,
        "mean": 0.0524265430868,
        "min": 0.00272177276202,
        "stdev": 0.0344350785017
    },
    "spectral_kurtosis": {
        "max": 16.2020626068,
        "mean": 4.90902805328,
        "min": -1.11651265621,
        "stdev": 2.81438088417
    },
    "spectral_rms": {
        "max": 0.00992669258267,
        "mean": 0.0035413140431,
        "min": 1.82723169928e-06,
        "stdev": 0.0019974114839
    },
    "spectral_rolloff": {
        "max": 9366.94335938,
        "mean": 1611.42810059,
        "min": 107.666015625,
        "stdev": 1089.99816895
    },
    "spectral_skewness": {
        "max": 2.82624650002,
        "mean": 1.58872103691,
        "min": 0.103866457939,
        "stdev": 0.403488248587
    },
    "spectral_spread": {
        "max": 13966510,
        "mean": 3924487.5,
        "min": 1720389.375,
        "stdev": 1219909
    },
    "spectral_strongpeak": {
        "max": 11.479259491,
        "mean": 1.72041928768,
        "min": 0,
        "stdev": 2.23481273651
    },
    "zerocrossingrate": {
        "max": 0.27490234375,
        "mean": 0.0581296123564,
        "min": 0,
        "stdev": 0.0251308903098
    },
    "barkbands": {
        "max": [0.00282881967723, 0.0241964645684, 0.0386331006885, 0.00676193460822, 0.0109432693571, 0.0134103186429, 0.0392363220453, 0.0420262850821, 0.0282675214112, 0.0549179576337, 0.0614510290325, 0.0204778332263, 0.0128176426515, 0.0240102056414, 0.0196788758039, 0.0242653023452, 0.00493939034641, 0.002340399893, 0.00581357395276, 0.0106697436422, 0.00305408495478, 0.00513509940356, 0.00681136362255, 0.00464393245056, 0.0044230078347, 0.00123175175395, 3.1723363918e-06],
        "mean": [0.000127298073494, 0.00170901115052, 0.000876508711372, 0.000376765237888, 0.00116836105008, 0.000896945537534, 0.000993171241134, 0.000671726127621, 0.000678584736306, 0.00116868503392, 0.00372762791812, 0.000789547746535, 0.000644998217467, 0.000922471808735, 0.00047732584062, 0.000420305208536, 0.00014853142784, 0.000148887163959, 0.000214332569158, 0.000285064597847, 0.000106803723611, 0.000153152388521, 0.000126564351376, 6.85092236381e-05, 3.28941932821e-05, 9.70785094978e-06, 4.13039957792e-09],
        "min": [1.72610703508e-09, 1.07949282846e-09, 1.88942694823e-10, 9.50354378526e-11, 1.22014343074e-10, 5.66018620862e-11, 3.1805339612e-11, 2.0388708083e-11, 1.91919084791e-11, 1.32038616152e-11, 9.21120211356e-12, 9.37559318376e-12, 7.24487440526e-12, 5.75451925694e-12, 5.30918408195e-12, 4.23534471383e-12, 3.60270472309e-12, 3.25583483785e-12, 3.19798723093e-12, 2.57517531604e-12, 2.75590119302e-12, 2.30144766092e-12, 1.79124423627e-12, 2.0754925556e-12, 1.73911308531e-12, 2.0899473558e-12, 2.34995464928e-12],
        "stdev": [0.000264380534645, 0.00207429029979, 0.00154570455197, 0.00061752187321, 0.00140314840246, 0.00114237586968, 0.00288237864152, 0.00252308673225, 0.00151154515333, 0.00424479227513, 0.00901032425463, 0.00176980451215, 0.00146116060205, 0.00223930226639, 0.00140770256985, 0.00137863564305, 0.000316071353154, 0.000195165266632, 0.00056327925995, 0.000807776756119, 0.000224250223255, 0.000393621245166, 0.000400355726015, 0.000323070504237, 0.000193162471987, 7.23956691218e-05, 8.75396608535e-08]
    },
    "erbbands": {
        "max": [0.596544325352, 6.33790588379, 37.0271377563, 39.7206726074, 23.4249839783, 44.2502288818, 57.9580307007, 146.225494385, 620.930969238, 1159.36474609, 760.790588379, 602.889770508, 1571.95532227, 1857.76696777, 1769.56665039, 592.696289062, 484.897766113, 1361.03149414, 957.632629395, 1359.61022949, 548.119934082, 368.069396973, 140.641799927, 150.341537476, 452.620025635, 523.823425293, 159.793106079, 193.001464844, 161.136978149, 195.568893433, 188.843780518, 94.739074707, 72.2355575562, 46.5787124634, 36.0890426636, 8.76544475555, 1.99698030949, 0.0499439463019, 0.00159634265583, 0.000219248613575],
        "mean": [0.0400529839098, 0.406574457884, 1.1567633152, 1.06488919258, 1.84698116779, 4.2271027565, 6.48201990128, 8.14396762848, 13.4370059967, 16.1991233826, 12.7855415344, 14.2617559433, 28.1579055786, 88.1935577393, 107.148269653, 33.9675292969, 32.6497764587, 42.8868560791, 33.4146347046, 30.9253139496, 15.1097784042, 9.83107566833, 8.27782535553, 8.23200893402, 14.1755113602, 13.6359605789, 4.95890045166, 4.66384077072, 4.80207967758, 5.87378501892, 3.24390602112, 1.63651537895, 0.952281832695, 0.377926260233, 0.239497333765, 0.0725959464908, 0.0142070548609, 0.000394204893382, 2.47670377576e-05, 2.26153515541e-05],
        "min": [5.7735313419e-08, 1.54782384243e-07, 2.30939676271e-07, 2.92687758474e-07, 3.54155815785e-07, 4.05917290891e-07, 4.47798100822e-07, 4.50862756907e-07, 4.60757377141e-07, 4.56875056898e-07, 4.53454617855e-07, 4.31374559184e-07, 4.225475152e-07, 4.01927337634e-07, 3.89392909028e-07, 3.76590463702e-07, 3.40439726187e-07, 3.06788905391e-07, 2.7807107017e-07, 2.74375338449e-07, 2.18029455823e-07, 2.06545237802e-07, 1.84115108937e-07, 1.64711266848e-07, 1.55401792767e-07, 1.20110271951e-07, 1.27017656837e-07, 9.15113531619e-08, 9.04404657831e-08, 6.52160281334e-08, 4.64773002307e-08, 4.86315627768e-08, 2.99004909721e-08, 2.29681926811e-08, 9.30376931052e-09, 6.3670970718e-09, 4.95920460253e-09, 1.28433996771e-09, 3.3199126781e-10, 3.66227465021e-11],
        "stdev": [0.0522827878594, 0.521754622459, 1.78745412827, 1.7659740448, 2.56571769714, 5.68369483948, 7.7343583107, 11.7399587631, 38.7339057922, 56.6300354004, 39.5344390869, 31.4202384949, 85.0331420898, 233.426986694, 259.444366455, 68.7793579102, 62.5999336243, 121.846633911, 72.5936737061, 82.9566650391, 33.8661689758, 21.6982955933, 11.2961654663, 14.0814657211, 39.6229743958, 38.3557357788, 11.0291728973, 11.063117981, 11.9140625, 15.5753412247, 11.2838401794, 6.61175012589, 5.18425369263, 2.15177321434, 1.52084767818, 0.502561211586, 0.105847366154, 0.00265601975843, 9.47712469497e-05, 2.56001367234e-05]
    },
    "gfcc": {
        "mean": [-48.3274536133, 107.589355469, -147.650909424, 31.42278862, -62.1718521118, 21.8817996979, -37.1633300781, 7.21188163757, -20.0734710693, 6.14642810822, -8.54032421112, 1.44448590279, -0.953267872334],
        "cov": [[7436.76953125, -533.96673584, 416.483337402, 675.64251709, -201.321014404, 479.577331543, 372.029571533, -212.495193481, -410.562652588, -80.1104278564, -88.5780334473, -211.117401123, -189.826095581], [-533.96673584, 766.269592285, 35.9518852234, 36.6395149231, 242.487487793, -252.869293213, -56.595199585, 28.5690689087, 28.5231437683, -25.9964923859, 57.4458732605, -108.167549133, 57.5700683594], [416.483337402, 35.9518852234, 487.128143311, 235.774978638, 46.7228126526, -12.8447990417, -89.9136505127, 83.7802352905, -11.0116662979, 21.5975265503, -39.7996673584, -24.5768146515, -44.2768783569], [675.64251709, 36.6395149231, 235.774978638, 286.68371582, 50.2488937378, -24.6630706787, -28.3938541412, 26.8228664398, -23.9474658966, -0.992827236652, -28.8362922668, -60.3965110779, -25.5175552368], [-201.321014404, 242.487487793, 46.7228126526, 50.2488937378, 276.626159668, -41.7364616394, -49.553440094, 105.862609863, -36.6384735107, -3.08882308006, -9.97185993195, -69.9649887085, 9.67716217041], [479.577331543, -252.869293213, -12.8447990417, -24.6630706787, -41.7364616394, 317.503601074, 142.217071533, -45.6049461365, -78.7567138672, -43.1322402954, 15.2043743134, 10.1219711304, -40.1264457703], [372.029571533, -56.595199585, -89.9136505127, -28.3938541412, -49.553440094, 142.217071533, 187.573760986, -53.5279273987, -53.8492546082, -42.1070251465, 18.8154010773, 5.25183391571, -15.5203504562], [-212.495193481, 28.5690689087, 83.7802352905, 26.8228664398, 105.862609863, -45.6049461365, -53.5279273987, 160.717773438, 26.1324901581, 21.5102081299, -34.3662452698, -25.5660114288, 1.55978429317], [-410.562652588, 28.5231437683, -11.0116662979, -23.9474658966, -36.6384735107, -78.7567138672, -53.8492546082, 26.1324901581, 135.819458008, 39.2665023804, -18.3472080231, 21.9933052063, 19.2259159088], [-80.1104278564, -25.9964923859, 21.5975265503, -0.992827236652, -3.08882308006, -43.1322402954, -42.1070251465, 21.5102081299, 39.2665023804, 70.5913162231, -0.408707350492, 4.46483135223, -3.00926995277], [-88.5780334473, 57.4458732605, -39.7996673584, -28.8362922668, -9.97185993195, 15.2043743134, 18.8154010773, -34.3662452698, -18.3472080231, -0.408707350492, 77.3492050171, 6.88158369064, -5.16844749451], [-211.117401123, -108.167549133, -24.5768146515, -60.3965110779, -69.9649887085, 10.1219711304, 5.25183391571, -25.5660114288, 21.9933052063, 4.46483135223, 6.88158369064, 107.640823364, 13.7786273956], [-189.826095581, 57.5700683594, -44.2768783569, -25.5175552368, 9.67716217041, -40.1264457703, -15.5203504562, 1.55978429317, 19.2259159088, -3.00926995277, -5.16844749451, 13.7786273956, 72.6927490234]],
        "icov": [[0.000284560606815, -5.79695406486e-05, 7.33594715712e-05, -0.000666789594106, 0.000417919480242, -0.000227857381105, -0.000270709570032, 0.000132707646117, 0.000756657333113, -0.000484466378111, 0.000540157256182, 0.000295913545415, 0.000119694384921], [-5.79695406486e-05, 0.00814872421324, -0.0042366120033, 0.00337515678257, -0.00815374497324, 0.00796319451183, -0.00552797317505, 0.00531355757266, -0.00593482982367, 0.00655787903816, -0.00814789254218, 0.00642861332744, -0.0037704128772], [7.33594715712e-05, -0.0042366120033, 0.00682095438242, -0.00550362002105, 0.00487520126626, -0.00510377110913, 0.00507373968139, -0.00470229750499, 0.00395898427814, -0.00381269888021, 0.00457280548289, -0.00475197099149, 0.00350828841329], [-0.000666789594106, 0.00337515678257, -0.00550362002105, 0.0100677236915, -0.00471604242921, 0.0047709858045, -0.00280843814835, 0.0034527243115, -0.00383434607647, 0.00402625091374, -0.0031137499027, 0.00494244229048, -0.00162207055837], [0.000417919480242, -0.00815374497324, 0.00487520126626, -0.00471604242921, 0.0152285601944, -0.00808608159423, 0.00657327007502, -0.00946282502264, 0.00949778500944, -0.00648631248623, 0.00770297180861, -0.00328365829773, 0.00236803526059], [-0.000227857381105, 0.00796319451183, -0.00510377110913, 0.0047709858045, -0.00808608159423, 0.013498284854, -0.00893790088594, 0.00533722201362, -0.00469589838758, 0.00736635224894, -0.00787819828838, 0.00564818177372, -0.00191460351925], [-0.000270709570032, -0.00552797317505, 0.00507373968139, -0.00280843814835, 0.00657327007502, -0.00893790088594, 0.014569055289, -0.00397333549336, 0.0046929246746, -0.00137035886291, 0.00437475228682, -0.00461709639058, 0.00305090821348], [0.000132707646117, 0.00531355757266, -0.00470229750499, 0.0034527243115, -0.00946282502264, 0.00533722201362, -0.00397333549336, 0.0148528320715, -0.00581211969256, 0.00237514125183, -0.00156416581012, 0.00496363593265, -0.00189141079318], [0.000756657333113, -0.00593482982367, 0.00395898427814, -0.00383434607647, 0.00949778500944, -0.00469589838758, 0.0046929246746, -0.00581211969256, 0.0180877428502, -0.0101262843236, 0.0090552624315, -0.00474948668852, 0.00135264196433], [-0.000484466378111, 0.00655787903816, -0.00381269888021, 0.00402625091374, -0.00648631248623, 0.00736635224894, -0.00137035886291, 0.00237514125183, -0.0101262843236, 0.0252018142492, -0.00948539189994, 0.00445480737835, -0.000578799168579], [0.000540157256182, -0.00814789254218, 0.00457280548289, -0.0031137499027, 0.00770297180861, -0.00787819828838, 0.00437475228682, -0.00156416581012, 0.0090552624315, -0.00948539189994, 0.0245935637504, -0.00637857662514, 0.0053190193139], [0.000295913545415, 0.00642861332744, -0.00475197099149, 0.00494244229048, -0.00328365829773, 0.00564818177372, -0.00461709639058, 0.00496363593265, -0.00474948668852, 0.00445480737835, -0.00637857662514, 0.0186634175479, -0.00556582119316], [0.000119694384921, -0.0037704128772, 0.00350828841329, -0.00162207055837, 0.00236803526059, -0.00191460351925, 0.00305090821348, -0.00189141079318, 0.00135264196433, -0.000578799168579, 0.0053190193139, -0.00556582119316, 0.0189939308912]]
    },
    "melbands": {
        "max": [0.00526620913297, 0.0144154494628, 0.00579019123688, 0.00234023015946, 0.00197396986187, 0.00303186429664, 0.00805553607643, 0.0129492739215, 0.00498399417847, 0.00335788005032, 0.00822413805872, 0.00745259039104, 0.00811521429569, 0.00301608326845, 0.00161377666518, 0.00166688021272, 0.00244190497324, 0.00122436822858, 0.00125235901214, 0.00210592127405, 0.000709841086064, 0.000377126823878, 0.000205826028832, 0.000129273321363, 0.000111171750177, 0.000290848489385, 0.000483684008941, 0.000343612162396, 0.000123796082335, 8.52632947499e-05, 0.0001326680067, 9.79498654488e-05, 0.000148399660247, 0.000115277129225, 0.000136587565066, 5.24820825376e-05, 5.55351871299e-05, 5.97399375692e-05, 4.42888085672e-05, 4.48528880952e-05],
        "mean": [0.000414041889599, 0.000577413185965, 0.00020596961258, 0.000214018000406, 0.000234244915191, 0.000185536104254, 0.000201033428311, 0.00017911028408, 9.9246208265e-05, 8.95565535757e-05, 0.000141933298437, 0.000332285038894, 0.000478571018903, 8.21084759082e-05, 9.0844456281e-05, 7.23787379684e-05, 7.85590236774e-05, 5.77318714932e-05, 3.82538928534e-05, 3.53299510607e-05, 1.44344685395e-05, 9.27710425458e-06, 8.8573060566e-06, 6.64649678583e-06, 6.09050675848e-06, 1.02121693999e-05, 1.10961727842e-05, 8.19353863335e-06, 3.20367485074e-06, 2.26795305025e-06, 2.80002586805e-06, 2.57411670646e-06, 3.12664724333e-06, 3.28502255798e-06, 2.18129594032e-06, 9.26959899061e-07, 1.02891988263e-06, 7.67159178849e-07, 3.95656059027e-07, 2.85584462745e-07],
        "min": [4.90360307914e-10, 1.42888173515e-10, 5.20318614583e-11, 2.74615070267e-11, 1.61369979879e-11, 1.02674362068e-11, 6.98553454664e-12, 4.89596644476e-12, 3.62111837911e-12, 2.66306768304e-12, 2.09380559765e-12, 1.63497102142e-12, 1.29312901533e-12, 1.07323655171e-12, 8.98733236269e-13, 6.7608250812e-13, 5.53252051377e-13, 4.42887398847e-13, 4.04765332579e-13, 3.27659123792e-13, 2.36389494134e-13, 2.14075366592e-13, 1.90134393689e-13, 1.47545671969e-13, 1.31328704422e-13, 1.18466678524e-13, 9.85600693399e-14, 7.36752848941e-14, 8.32454087217e-14, 6.45210745725e-14, 4.91564457867e-14, 5.11122075924e-14, 4.31425050849e-14, 3.57868811353e-14, 2.57991277132e-14, 2.67525158114e-14, 3.01346573834e-14, 1.93916707507e-14, 2.09267383966e-14, 1.96595025686e-14],
        "stdev": [0.000489859143272, 0.000804628420155, 0.000299940031255, 0.00027707600384, 0.00027215530281, 0.000263378256932, 0.000573312514462, 0.000626265711617, 0.000266411341727, 0.000205428616027, 0.000475967884995, 0.000905469001736, 0.00116094597615, 0.000236591527937, 0.000186324381502, 0.000180631308467, 0.000228778721066, 0.000110782595584, 0.000100382188975, 0.000117168841825, 3.58693177986e-05, 2.2699485271e-05, 1.5858999177e-05, 9.63052934821e-06, 1.05835433715e-05, 2.9592671126e-05, 3.30555958499e-05, 2.38092543441e-05, 7.64006563259e-06, 5.3663034123e-06, 6.85309260007e-06, 6.17867453911e-06, 9.05110027816e-06, 8.95787252375e-06, 8.07697870187e-06, 3.33604339176e-06, 4.45169962404e-06, 4.29014880865e-06, 2.30016212299e-06, 1.79045059667e-06]
    },
    "melbands128": {
        "max": [0.0019573175814, 0.005550888367, 0.00728129502386, 0.0120291616768, 0.0178910735995, 0.0186420455575, 0.00912834890187, 0.00346234813333, 0.00261694774963, 0.00328738358803, 0.00351911457255, 0.00297236791812, 0.00265152007341, 0.00280425045639, 0.00365768093616, 0.00624395813793, 0.0151375886053, 0.0118672214448, 0.0134205892682, 0.0191235020757, 0.0151920858771, 0.014335649088, 0.00260034319945, 0.00372744211927, 0.00744665972888, 0.00483605824411, 0.0103977769613, 0.0135080032051, 0.0184320621192, 0.010971638374, 0.0141001604497, 0.0200814381242, 0.0158079657704, 0.0124128460884, 0.00548125430942, 0.00295404624194, 0.00332851917483, 0.0027391591575, 0.00342173571698, 0.00226902752183, 0.00363954296336, 0.00400195270777, 0.00529944291338, 0.0027323726099, 0.00199617864564, 0.00142445694655, 0.00496336910874, 0.00176726386417, 0.000641020480543, 0.00513355294243, 0.00368332117796, 0.000824525894132, 0.00118305755313, 0.00105943740346, 0.000208478057175, 0.000495046610013, 0.000688439933583, 0.000431324413512, 0.000198007517611, 0.000193057596334, 0.000177587106009, 0.000189549449715, 0.000247693213169, 0.000251963821938, 0.00019185266865, 0.000385863007978, 0.000505957053974, 0.000675524119288, 0.000805931165814, 0.000705347803887, 0.000534988939762, 0.000258066487731, 0.000228283490287, 0.000139365074574, 4.21075019403e-05, 0.000122744895634, 0.000128375177155, 0.000128993255203, 0.000125544829643, 0.000224343442824, 8.81181476871e-05, 8.27414260129e-05, 0.000149864223204, 0.000298947386909, 0.00015383392747, 0.000149298342876, 9.83513236861e-05, 0.00024070883228, 0.000209926831303, 8.61389053171e-05, 9.2327434686e-05, 2.9882439776e-05, 9.22391336644e-05, 7.49058381189e-05, 8.14851664472e-05, 0.000107328625745, 8.14885061118e-05, 5.94063531025e-05, 7.50178296585e-05, 2.63559504674e-05, 4.0810493374e-05, 5.73833458475e-05, 3.79956472898e-05, 4.73249601782e-05, 6.73912509228e-05, 3.72200047423e-05, 2.41361794906e-05, 1.57463437063e-05, 1.97389545065e-05, 1.61055195349e-05, 1.84815580724e-05, 9.71257031779e-06, 6.03407443123e-06, 6.89602984494e-07, 3.13376972372e-07, 1.07964723384e-07, 1.53503521005e-08, 1.46839811421e-08, 1.43343763526e-08, 1.4045249408e-08, 1.37125564237e-08, 1.34153035347e-08, 1.32201485314e-08, 1.30172983503e-08, 1.28517685383e-08, 1.2703218033e-08, 1.25994645828e-08, 1.25400791973e-08],
        "mean": [0.000104095881397, 0.000305860652588, 0.000462951604277, 0.000768150261138, 0.000718393421266, 0.000350123504177, 0.000204868221772, 0.000182845134987, 0.000170353669091, 0.000209634381463, 0.00023521015828, 0.000284877693048, 0.000214414452785, 0.000201292932616, 0.00017254462, 0.000175427267095, 0.000226681120694, 0.000215575666516, 0.000148779479787, 0.000199847112526, 0.000184740085388, 0.000148564955452, 5.00828355143e-05, 0.000106575971586, 9.69497923506e-05, 7.04162011971e-05, 0.000108417109004, 0.000108267951873, 0.000237167827436, 0.000168367056176, 0.000353411043761, 0.000675168004818, 0.000666069856379, 0.000189629005035, 7.29179373593e-05, 5.41414774489e-05, 8.12703874544e-05, 0.000134277273901, 5.7884153648e-05, 5.64642650716e-05, 7.78384783189e-05, 8.57607665239e-05, 8.7637847173e-05, 6.69513101457e-05, 7.97216707724e-05, 4.53726897831e-05, 5.04193558299e-05, 2.6965579309e-05, 2.973172559e-05, 7.01606986695e-05, 2.88998708129e-05, 1.34415831781e-05, 2.06303520827e-05, 1.2740355487e-05, 4.56655334347e-06, 1.06895531644e-05, 1.16550809253e-05, 8.55369671626e-06, 8.82087806531e-06, 6.93504352967e-06, 6.11010545981e-06, 7.04404419594e-06, 5.70745487494e-06, 5.40015435035e-06, 7.33883507564e-06, 1.18805573948e-05, 1.14674348879e-05, 8.18060289021e-06, 1.21223129099e-05, 1.22430892588e-05, 1.03195779957e-05, 4.93561356052e-06, 3.68971450371e-06, 3.20291655953e-06, 2.22226617552e-06, 1.75894990662e-06, 2.33485343415e-06, 3.27612951878e-06, 2.51686560659e-06, 2.98469012705e-06, 2.38504230765e-06, 2.50953189607e-06, 2.76491527984e-06, 2.84115458271e-06, 3.84549230148e-06, 3.66787890016e-06, 2.66779147751e-06, 3.41700433637e-06, 2.11661244975e-06, 1.56732642154e-06, 8.72844452715e-07, 6.85520717525e-07, 1.07297387331e-06, 9.97928850666e-07, 1.10955909349e-06, 9.37576885462e-07, 7.02095860561e-07, 4.95775566378e-07, 4.23689044737e-07, 3.10744582066e-07, 3.02165858557e-07, 2.8153019116e-07, 2.63562668579e-07, 2.7736876973e-07, 3.1782184351e-07, 2.7860477303e-07, 2.01575431902e-07, 1.24479115016e-07, 1.0733726441e-07, 9.70658078359e-08, 9.93029871665e-08, 7.24809439134e-08, 3.78866928941e-08, 4.73539207846e-09, 1.13665055146e-09, 2.44917863768e-10, 6.36082991834e-11, 1.41822300431e-11, 1.35018012395e-11, 1.32239410394e-11, 1.2818818923e-11, 1.24757053646e-11, 1.22236699929e-11, 1.20045371213e-11, 1.17967649538e-11, 1.1575833174e-11, 1.14334019682e-11, 1.13710299857e-11],
        "min": [8.11511857712e-10, 6.02972671793e-10, 3.8434475047e-10, 2.21109561216e-10, 1.31226640665e-10, 8.77739686489e-11, 6.0970270499e-11, 4.33023963908e-11, 3.48276650575e-11, 2.87382079939e-11, 2.15701918133e-11, 1.75982110828e-11, 1.59024148016e-11, 1.26502176789e-11, 1.00372800349e-11, 9.41598188309e-12, 7.84303785112e-12, 6.485194326e-12, 6.08287422169e-12, 4.97858785448e-12, 4.43102846082e-12, 4.20028074821e-12, 3.41659122868e-12, 3.26132610501e-12, 2.7421912397e-12, 2.50041480576e-12, 2.27498358693e-12, 2.05100411481e-12, 1.97991406256e-12, 1.72337805918e-12, 1.56227320577e-12, 1.31636075738e-12, 1.30747235955e-12, 1.26388851641e-12, 1.12313869143e-12, 1.03160145357e-12, 9.58650368289e-13, 9.55583485604e-13, 8.27360044624e-13, 7.00198633883e-13, 6.56296089523e-13, 6.15721720571e-13, 5.62132697161e-13, 5.33837785175e-13, 4.61342173231e-13, 4.22217328374e-13, 4.19208667345e-13, 4.17315487722e-13, 4.0309633886e-13, 3.59279934362e-13, 3.20479835161e-13, 2.98025655803e-13, 2.37818255757e-13, 2.12116972207e-13, 2.21632337049e-13, 2.13968138997e-13, 2.11298846801e-13, 1.98730341536e-13, 1.8966542204e-13, 1.59483429067e-13, 1.4634586674e-13, 1.36838104866e-13, 1.31886661965e-13, 1.39846643922e-13, 1.11796958138e-13, 1.22633009975e-13, 1.11807319046e-13, 1.22005148497e-13, 8.35253429463e-14, 9.10594299616e-14, 6.00812531237e-14, 8.10042137533e-14, 7.38618422067e-14, 8.96013881038e-14, 8.22498942869e-14, 6.75181210854e-14, 6.08049919551e-14, 4.65993481866e-14, 4.95773872801e-14, 4.94058902134e-14, 4.09636110839e-14, 5.49139591221e-14, 6.35090463834e-14, 4.09081134852e-14, 2.71983702379e-14, 3.70282655178e-14, 4.03010077025e-14, 3.1172665767e-14, 2.08407560821e-14, 2.56335361601e-14, 2.65436391806e-14, 2.05521855095e-14, 3.85778174271e-14, 3.64856663762e-14, 2.07308196759e-14, 1.94224654805e-14, 1.71723326206e-14, 2.19995530582e-14, 2.32327618786e-14, 1.81406945672e-14, 2.13170715075e-14, 2.21346666717e-14, 1.48735360237e-14, 9.25233315934e-15, 4.60338647559e-15, 9.27336583445e-15, 2.1040045994e-14, 9.53189384248e-15, 4.56966228231e-15, 1.21100918803e-14, 1.8089735371e-14, 1.36514716157e-14, 2.32058380893e-14, 1.27703032407e-14, 1.34362354616e-14, 5.88759133813e-15, 6.01400719386e-15, 1.36757535092e-14, 1.54907689323e-14, 1.18264290166e-14, 7.43285471963e-15, 7.8694324413e-15, 9.86673782499e-15, 9.69716352302e-15, 1.01846750299e-14, 9.57283263889e-15, 3.07636776025e-15, 8.44585485258e-17],
        "stdev": [0.000212352300878, 0.000466270954348, 0.000589700473938, 0.00106212636456, 0.00107647420373, 0.000679538119584, 0.00038812882849, 0.000302153493976, 0.000276121107163, 0.000330618961016, 0.000381550577004, 0.000417363888118, 0.000328257418005, 0.000282110966509, 0.000287518429104, 0.000410121370805, 0.000736517482437, 0.00084213167429, 0.000634131312836, 0.000947396387346, 0.000762239622418, 0.000712548673619, 0.000134519665153, 0.000276958424365, 0.000321434461512, 0.000246039882768, 0.000398925098125, 0.000501847593114, 0.00116778316442, 0.000787420431152, 0.00151945033576, 0.00198539486155, 0.00204868218862, 0.000938064302318, 0.000319015409332, 0.000195587985218, 0.000286258436972, 0.000349751673639, 0.000180703136721, 0.000187881945749, 0.000306951405946, 0.000337208883138, 0.000430007989053, 0.000272236007731, 0.000153655535541, 0.00010042811482, 0.000325401575537, 0.000103580030554, 5.63866124139e-05, 0.000288085459033, 0.000134553847602, 4.37735689047e-05, 5.88017610426e-05, 5.27130032424e-05, 1.09495185825e-05, 2.98633349303e-05, 3.99115342589e-05, 2.40838708123e-05, 1.72423115146e-05, 1.44206169352e-05, 1.20002387121e-05, 1.38795639941e-05, 1.45094154504e-05, 1.75951245183e-05, 1.60956587933e-05, 3.76948737539e-05, 4.84381926071e-05, 2.63464262389e-05, 4.91820101161e-05, 3.96486757381e-05, 3.52016213583e-05, 1.55035995704e-05, 1.31116785269e-05, 8.02638714958e-06, 4.67541804028e-06, 5.05760181113e-06, 7.36380070521e-06, 9.24894084164e-06, 6.76850777381e-06, 9.17668512557e-06, 5.564021194e-06, 6.60522891849e-06, 9.64418632066e-06, 1.1553758668e-05, 1.23100307974e-05, 1.08290505523e-05, 7.43091095501e-06, 1.29747741084e-05, 9.59130920819e-06, 5.47533636563e-06, 3.66957806364e-06, 2.25706389756e-06, 4.6954892241e-06, 4.92631534144e-06, 5.41355530004e-06, 5.4895986068e-06, 4.63724018118e-06, 3.20672029375e-06, 2.87494867734e-06, 1.50814400968e-06, 1.85642215911e-06, 2.06039339901e-06, 1.64338189279e-06, 1.73386922597e-06, 2.42235432779e-06, 1.82495341505e-06, 1.24498797049e-06, 8.10331471257e-07, 8.65482832069e-07, 8.20749903596e-07, 9.38444884468e-07, 5.26687244928e-07, 2.76212148265e-07, 3.72366919521e-08, 1.47529588546e-08, 3.24851945344e-09, 7.06651015481e-10, 3.98770350074e-10, 3.89266036072e-10, 3.81426057405e-10, 3.72361447232e-10, 3.64273555764e-10, 3.589736286e-10, 3.53464507663e-10, 3.48970546904e-10, 3.4494046508e-10, 3.42125300312e-10, 3.40513284236e-10]
    },
    "mfcc": {
        "mean": [-680.286865234, 128.462432861, -20.0029315948, 14.0032176971, -2.6570148468, 10.9206933975, -2.77548313141, 2.28969788551, -3.550385952, 3.29302430153, 0.875561535358, -4.32738876343, 2.20293951035],
        "cov": [[7054.08642578, -832.392333984, 645.904724121, 263.102600098, -307.96105957, 536.057556152, 523.310241699, 57.8119621277, -85.2276382446, 67.1336593628, -241.486862183, -31.075176239, 158.453399658], [-832.392333984, 769.89050293, -174.980804443, 176.094100952, 191.104034424, -198.972488403, 1.16429281235, -81.5606765747, 24.7534294128, -18.7547206879, 44.6597709656, 2.53348994255, -51.7249641418], [645.904724121, -174.980804443, 470.499816895, 126.01335144, 39.7775154114, 49.3424682617, 5.74582386017, 12.9308042526, -3.44546031952, 26.1520957947, -8.41823673248, -2.01176714897, 21.3948478699], [263.102600098, 176.094100952, 126.01335144, 335.715545654, 141.334152222, -114.947769165, -21.6088905334, -71.2538223267, 52.2632064819, 2.519272089, 9.60545253754, 5.06749200821, -0.729693889618], [-307.96105957, 191.104034424, 39.7775154114, 141.334152222, 309.52911377, -130.522872925, 26.5854091644, -37.0277137756, 77.9565048218, 24.9473934174, 13.3495759964, 29.6703491211, -28.6321868896], [536.057556152, -198.972488403, 49.3424682617, -114.947769165, -130.522872925, 244.368515015, 88.4321365356, 69.2264709473, -65.784942627, 4.5750207901, -39.8868408203, -28.5738601685, 27.9956035614], [523.310241699, 1.16429281235, 5.74582386017, -21.6088905334, 26.5854091644, 88.4321365356, 258.043823242, 58.091003418, -25.548418045, 22.3566493988, -47.8627433777, -3.32731580734, -3.60547208786], [57.8119621277, -81.5606765747, 12.9308042526, -71.2538223267, -37.0277137756, 69.2264709473, 58.091003418, 115.174232483, -2.47482538223, -0.0195440966636, -23.8612937927, -10.4999094009, 17.4521980286], [-85.2276382446, 24.7534294128, -3.44546031952, 52.2632064819, 77.9565048218, -65.784942627, -25.548418045, -2.47482538223, 136.801437378, 18.9080677032, 2.82669591904, 17.5729541779, -8.77514743805], [67.1336593628, -18.7547206879, 26.1520957947, 2.519272089, 24.9473934174, 4.5750207901, 22.3566493988, -0.0195440966636, 18.9080677032, 71.4878311157, 8.97704029083, 1.46227443218, -10.8524103165], [-241.486862183, 44.6597709656, -8.41823673248, 9.60545253754, 13.3495759964, -39.8868408203, -47.8627433777, -23.8612937927, 2.82669591904, 8.97704029083, 78.7858123779, 17.0686683655, -19.7224979401], [-31.075176239, 2.53348994255, -2.01176714897, 5.06749200821, 29.6703491211, -28.5738601685, -3.32731580734, -10.4999094009, 17.5729541779, 1.46227443218, 17.0686683655, 82.7971801758, 14.3351459503], [158.453399658, -51.7249641418, 21.3948478699, -0.729693889618, -28.6321868896, 27.9956035614, -3.60547208786, 17.4521980286, -8.77514743805, -10.8524103165, -19.7224979401, 14.3351459503, 102.055885315]],
        "icov": [[0.000307831855025, 0.000241232773988, -0.000181405092007, -0.00051657971926, 0.000409376749303, -0.00034476534347, -0.000637563003693, 0.000461608840851, -0.000159973598784, -8.61696898937e-05, 0.00036052960786, -0.000110078362923, -0.000151162297698], [0.000241232773988, 0.00249434658326, 0.000908369373064, -0.00142306170892, -0.000532632286195, 0.000691009336151, -0.00102535716724, 0.000510276237037, 0.000597493431997, 0.000535765429959, -0.000595039979089, 0.00053761532763, 0.000144430552609], [-0.000181405092007, 0.000908369373064, 0.00340241985396, -0.00173153239302, -0.00105143617839, -0.000700746371876, 0.000836193037685, -0.00113435601816, 0.000993598951027, -0.000825333525427, -0.000438244926045, 2.89745844384e-06, 4.97174587508e-05], [-0.00051657971926, -0.00142306170892, -0.00173153239302, 0.00661232229322, -0.00146636797581, 0.00181806192268, 0.000502631650306, 0.00189418741502, -0.00114178005606, 0.000918485282455, -0.000299797247862, 0.00127069477458, -0.000962135498412], [0.000409376749303, -0.000532632286195, -0.00105143617839, -0.00146636797581, 0.00653531448916, 0.00166571326554, -0.00232224632055, 0.000829724012874, -0.00210967473686, -0.00119210022967, 0.000816607964225, -0.0013054109877, 0.000490036676638], [-0.00034476534347, 0.000691009336151, -0.000700746371876, 0.00181806192268, 0.00166571326554, 0.00939557887614, -0.00172579754144, -0.0019447033992, 0.00197570258752, -0.00069547269959, 0.000528841104824, 0.00167851778679, -0.000830685894471], [-0.000637563003693, -0.00102535716724, 0.000836193037685, 0.000502631650306, -0.00232224632055, -0.00172579754144, 0.00770182162523, -0.00356593518518, 0.00199368805625, -0.00206326018088, 0.00264197750948, -0.00134208181407, 0.00165339570958], [0.000461608840851, 0.000510276237037, -0.00113435601816, 0.00189418741502, 0.000829724012874, -0.0019447033992, -0.00356593518518, 0.0139012886211, -0.00290024839342, 0.00131974625401, 0.000804435985629, 0.00145555625204, -0.00210169819184], [-0.000159973598784, 0.000597493431997, 0.000993598951027, -0.00114178005606, -0.00210967473686, 0.00197570258752, 0.00199368805625, -0.00290024839342, 0.0106555717066, -0.00288289645687, 0.00161148293409, -0.00153346045408, 0.000903756124899], [-8.61696898937e-05, 0.000535765429959, -0.000825333525427, 0.000918485282455, -0.00119210022967, -0.00069547269959, -0.00206326018088, 0.00131974625401, -0.00288289645687, 0.0169084984809, -0.003612421453, 0.00105808733497, 0.00084607541794], [0.00036052960786, -0.000595039979089, -0.000438244926045, -0.000299797247862, 0.000816607964225, 0.000528841104824, 0.00264197750948, 0.000804435985629, 0.00161148293409, -0.003612421453, 0.0181764177978, -0.00430976832286, 0.00314060621895], [-0.000110078362923, 0.00053761532763, 2.89745844384e-06, 0.00127069477458, -0.0013054109877, 0.00167851778679, -0.00134208181407, 0.00145555625204, -0.00153346045408, 0.00105808733497, -0.00430976832286, 0.014942323789, -0.00362220220268], [-0.000151162297698, 0.000144430552609, 4.97174587508e-05, -0.000962135498412, 0.000490036676638, -0.000830685894471, 0.00165339570958, -0.00210169819184, 0.000903756124899, 0.00084607541794, 0.00314060621895, -0.00362220220268, 0.0121557116508]]
    },
    "spectral_contrast_coeffs": {
        "max": [-0.543899834156, -0.468834847212, -0.449759066105, -0.580586194992, -0.625688970089, -0.621948122978],
        "mean": [-0.744991719723, -0.737557947636, -0.713853478432, -0.74619102478, -0.768075406551, -0.758675575256],
        "min": [-0.946445286274, -0.95064997673, -0.950370371342, -0.936294078827, -0.916376829147, -0.934355020523],
        "stdev": [0.0614868402481, 0.0654671192169, 0.0911157131195, 0.0580119080842, 0.0392062664032, 0.04778502509]
    },
    "spectral_contrast_valleys": {
        "max": [-5.48289346695, -5.43702316284, -6.13988542557, -6.27863836288, -6.01520490646, -7.58105039597],
        "mean": [-7.21821308136, -7.18893289566, -7.78529024124, -7.94145822525, -8.19571018219, -10.8960704803],
        "min": [-17.6949863434, -19.1280269623, -18.3705749512, -18.6848106384, -18.0665836334, -18.7763748169],
        "stdev": [1.08977556229, 0.734681427479, 0.726517856121, 0.677783071995, 0.837408900261, 0.98946171999]
    }
},
"rhythm": {
    "beats_count": 57,
    "beats_loudness": {
        "max": 0.0677495226264,
        "mean": 0.0204080957919,
        "min": 0.000224213043111,
        "stdev": 0.0158779472113
    },
    "bpm": 123.304595947,
    "bpm_histogram_first_peak_bpm": 123,
    "bpm_histogram_first_peak_weight": 0.461538493633,
    "bpm_histogram_second_peak_bpm": 129,
    "bpm_histogram_second_peak_spread": 0,
    "bpm_histogram_second_peak_weight": 0.160714283586,
    "danceability": 0.861159026623,
    "onset_rate": 2.22647595406,
    "beats_loudness_band_ratio": {
        "max": [0.86884188652, 0.799709618092, 0.660394132137, 0.793593764305, 0.542297899723, 0.581187069416],
        "mean": [0.276110202074, 0.18005028367, 0.166296049953, 0.258042573929, 0.109109394252, 0.0503464303911],
        "min": [0.00239707226865, 0.0107218250632, 0.0105362897739, 0.0178041681647, 0.0136211579666, 0.00526315253228],
        "stdev": [0.204375341535, 0.172284349799, 0.127925500274, 0.249705344439, 0.0917673781514, 0.0819906368852]
    },
    "beats_position": [0.476009070873, 0.975238084793, 1.46285712719, 1.95047616959, 2.41487526894, 2.87927436829, 3.35528349876, 3.83129239082, 4.29569149017, 4.76009082794, 5.23609972, 5.71210861206, 6.17650794983, 6.64090681076, 7.10530614853, 7.59292507172, 8.08054447174, 8.55655288696, 9.05578231812, 9.54340076447, 10.0310201645, 10.5186395645, 11.0062580109, 11.4938774109, 12.051156044, 12.5968255997, 13.1541042328, 13.7113828659, 14.2802715302, 14.8375511169, 15.3251695633, 15.7895689011, 16.2771873474, 16.7531967163, 17.2292060852, 17.693605423, 18.181224823, 18.6688423157, 19.1564617157, 19.6556911469, 20.154920578, 20.6541500092, 21.1998176575, 21.733877182, 22.3375968933, 22.9529247284, 23.5682544708, 24.1719722748, 24.7756919861, 25.5071201324, 26.2385482788, 26.9815864563, 27.7246246338, 28.5489330292, 29.3732414246, 30.2091598511, 31.0450782776],
