{
"metadata": {
    "version": {
        "essentia": "2.1-beta5",
        "essentia_git_sha": "Undefined",
        "extractor": "music 2.0"
    },
    "audio_properties": {
        "analysis": {
            "equal_loudness": 0,
            "length": 32.4963264465,
            "sample_rate": 44100,
            "start_time": 61.4980506897,
            "downmix": "mix"
        },
        "bit_rate": 192000,
        "length": 198.739593506,
        "lossless": 0,
        "number_channels": 2,
        "replay_gain": -4.13912010193,
        "sample_rate": 44100,
        "codec": "mp3",
        "md5_encoded": "9e5cfb9f15aee3753ccd3c406a596769"
    },
    "tags": {
        "file_name": "Malta_Little Child_Mary Spiteri.mp3",
        "encoding": ["Lavf58.29.100"]
    }
},
"lowlevel": {
    "average_loudness": 0.866077840328,
    "barkbands_crest": {
        "max": 25.9203701019,
        "mean": 8.99680042267,
        "min": 2.34295773506,
        "stdev": 4.13329172134
    },
    "barkbands_flatness_db": {
        "max": 0.297024607658,
        "mean": 0.130566999316,
        "min": 0.0624366737902,
        "stdev": 0.0312596186996
    },
    "barkbands_kurtosis": {
        "max": 49.4984741211,
        "mean": 1.73956346512,
        "min": -1.71158862114,
        "stdev": 3.8282854557
    },
    "barkbands_skewness": {
        "max": 4.47663068771,
        "mean": 0.929517924786,
        "min": -2.17265820503,
        "stdev": 0.647468090057
    },
    "barkbands_spread": {
        "max": 67.8103256226,
        "mean": 19.4688816071,
        "min": 1.23695218563,
        "stdev": 9.3548002243
    },
    "dissonance": {
        "max": 0.499911129475,
        "mean": 0.454452753067,
        "min": 0.255122870207,
        "stdev": 0.0276766046882
    },
    "dynamic_complexity": 3.29702949524,
    "erbbands_crest": {
        "max": 32.1746063232,
        "mean": 10.2560415268,
        "min": 3.25562906265,
        "stdev": 5.06030416489
    },
    "erbbands_flatness_db": {
        "max": 0.361851096153,
        "mean": 0.182415261865,
        "min": 0.0763149410486,
        "stdev": 0.0377656891942
    },
    "erbbands_kurtosis": {
        "max": 43.244052887,
        "mean": 0.963536202908,
        "min": -1.68597471714,
        "stdev": 4.04431676865
    },
    "erbbands_skewness": {
        "max": 5.44167995453,
        "mean": 0.539523303509,
        "min": -1.63982450962,
        "stdev": 0.817109644413
    },
    "erbbands_spread": {
        "max": 92.4314804077,
        "mean": 29.3417682648,
        "min": 2.3988263607,
        "stdev": 13.0506439209
    },
    "hfc": {
        "max": 125.774559021,
        "mean": 19.3637599945,
        "min": 0.409786134958,
        "stdev": 18.1389274597
    },
    "loudness_ebu128": {
        "integrated": -20.8522624969,
        "loudness_range": 3.86229133606,
        "momentary": {
            "max": -15.5788192749,
            "mean": -21.9487476349,
            "min": -30.8075580597,
            "stdev": 3.35280585289
        },
        "short_term": {
            "max": -17.7625827789,
            "mean": -21.0483589172,
            "min": -27.6398429871,
            "stdev": 1.92061376572
        }
    },
    "melbands_crest": {
        "max": 33.6084480286,
        "mean": 11.2968683243,
        "min": 3.52799630165,
        "stdev": 4.79499483109
    },
    "melbands_flatness_db": {
        "max": 0.325683444738,
        "mean": 0.16735433042,
        "min": 0.0634648427367,
        "stdev": 0.0373041331768
    },
    "melbands_kurtosis": {
        "max": 61.0353927612,
        "mean": 4.67793560028,
        "min": -1.30718362331,
        "stdev": 5.25389719009
    },
    "melbands_skewness": {
        "max": 6.26344871521,
        "mean": 1.46531534195,
        "min": -2.19986915588,
        "stdev": 0.915905833244
    },
    "melbands_spread": {
        "max": 123.506469727,
        "mean": 24.6050205231,
        "min": 2.29384922981,
        "stdev": 11.0986766815
    },
    "pitch_salience": {
        "max": 0.825666964054,
        "mean": 0.577653467655,
        "min": 0.140286281705,
        "stdev": 0.0991661027074
    },
    "silence_rate_20dB": {
        "max": 1,
        "mean": 1,
        "min": 1,
        "stdev": 0
    },
    "silence_rate_30dB": {
        "max": 1,
        "mean": 0.998572468758,
        "min": 0,
        "stdev": 0.0377558469772
    },
    "silence_rate_60dB": {
        "max": 1,
        "mean": 0.0770877972245,
        "min": 0,
        "stdev": 0.266732126474
    },
    "spectral_centroid": {
        "max": 3612.49804688,
        "mean": 1321.06018066,
        "min": 486.321472168,
        "stdev": 411.66506958
    },
    "spectral_complexity": {
        "max": 43,
        "mean": 18.4596710205,
        "min": 0,
        "stdev": 7.09212303162
    },
    "spectral_decrease": {
        "max": -7.44867292846e-11,
        "mean": -4.71754946219e-09,
        "min": -3.57003102636e-08,
        "stdev": 4.00765021169e-09
    },
    "spectral_energy": {
        "max": 0.146149411798,
        "mean": 0.0195614695549,
        "min": 0.00031829913496,
        "stdev": 0.0166609380394
    },
    "spectral_energyband_high": {
        "max": 0.00920744333416,
        "mean": 0.000532974838279,
        "min": 2.08434380511e-06,
        "stdev": 0.000726564787328
    },
    "spectral_energyband_low": {
        "max": 0.022434445098,
        "mean": 0.00161380157806,
        "min": 1.53878045239e-05,
        "stdev": 0.00222924281843
    },
    "spectral_energyband_middle_high": {
        "max": 0.0835385099053,
        "mean": 0.00866380147636,
        "min": 0.000181374372914,
        "stdev": 0.0121016809717
    },
    "spectral_energyband_middle_low": {
        "max": 0.136797174811,
        "mean": 0.00954994373024,
        "min": 8.1534642959e-05,
        "stdev": 0.00953707098961
    },
    "spectral_entropy": {
        "max": 8.41697692871,
        "mean": 7.47539710999,
        "min": 6.12677192688,
        "stdev": 0.297787696123
    },
    "spectral_flux": {
        "max": 0.251476198435,
        "mean": 0.0713809132576,
        "min": 0.0110278856009,
        "stdev": 0.0403914377093
    },
    "spectral_kurtosis": {
        "max": 17.9666385651,
        "mean": 4.74460268021,
        "min": -0.481940746307,
        "stdev": 2.17194676399
    },
    "spectral_rms": {
        "max": 0.0119408871979,
        "mean": 0.00401206593961,
        "min": 0.000557257328182,
        "stdev": 0.00172849965747
    },
    "spectral_rolloff": {
        "max": 9926.80664062,
        "mean": 1572.65917969,
        "min": 107.666015625,
        "stdev": 926.870483398
    },
    "spectral_skewness": {
        "max": 3.13706564903,
        "mean": 1.62188076973,
        "min": 0.244137823582,
        "stdev": 0.33075979352
    },
    "spectral_spread": {
        "max": 13464861,
        "mean": 4123185,
        "min": 2379913.25,
        "stdev": 1327438.375
    },
    "spectral_strongpeak": {
        "max": 10.2934951782,
        "mean": 1.56899809837,
        "min": 0,
        "stdev": 1.74446690083
    },
    "zerocrossingrate": {
        "max": 0.2412109375,
        "mean": 0.0596361830831,
        "min": 0.015625,
        "stdev": 0.022236565128
    },
    "barkbands": {
        "max": [0.0021870485507, 0.0162167418748, 0.0123023977503, 0.0098730167374, 0.0125279910862, 0.0187760442495, 0.0269219391048, 0.0176415778697, 0.0546214617789, 0.106184229255, 0.0552713684738, 0.0246646944433, 0.0172583013773, 0.0241480264813, 0.00869307573885, 0.0118862316012, 0.00750693585724, 0.00658053113148, 0.00383795844391, 0.00214371364564, 0.00240106205456, 0.00395319471136, 0.00262801744975, 0.00200162059627, 0.000692423782311, 0.000244135051616, 1.41013561006e-06],
        "mean": [0.000132339613629, 0.000856884988025, 0.000429140985943, 0.000466766272439, 0.00135221285746, 0.00203822995536, 0.00188416242599, 0.000832366407849, 0.00198772968724, 0.00297738076188, 0.00181901908945, 0.000761844334193, 0.000647541019134, 0.000949524983298, 0.000459287053673, 0.000338183104759, 0.000419653079007, 0.000384502171073, 0.000209360310691, 0.0001989549055, 0.000153262531967, 0.000107741863758, 5.93721561017e-05, 5.48581192561e-05, 3.13823329634e-05, 9.77730996965e-06, 1.76174119737e-09],
        "min": [3.50841787622e-07, 7.66850826039e-06, 1.26640622966e-06, 8.98173539099e-07, 1.38329050969e-05, 1.28436831801e-05, 1.04268010546e-05, 2.20111837734e-06, 4.27670011049e-06, 5.74479736315e-06, 1.6802148366e-06, 2.43042836701e-06, 2.04889920496e-06, 2.98694499179e-06, 1.14163194667e-05, 3.39433336194e-06, 1.92486618289e-06, 4.13022326029e-06, 1.26762517993e-06, 6.25110601504e-07, 3.58424017577e-07, 3.14872409035e-07, 1.6805354619e-07, 1.25525787098e-07, 1.07468494548e-07, 4.17827639154e-09, 4.32563811159e-11],
        "stdev": [0.000237081127125, 0.00153779971879, 0.000748366408516, 0.000684955681209, 0.00140142138116, 0.00259798043407, 0.00234871311113, 0.00129777006805, 0.00529031036422, 0.00950021762401, 0.00517529807985, 0.00183671712875, 0.00166922539938, 0.00241323397495, 0.000763129501138, 0.000694918038789, 0.000784732750617, 0.000728084938601, 0.000274038844509, 0.000262217625277, 0.00022371103114, 0.000271824392257, 0.000134819361847, 0.000117874078569, 6.12334115431e-05, 2.15221261897e-05, 3.76730433516e-08]
    },
    "erbbands": {
        "max": [0.45477154851, 4.29212427139, 15.0297441483, 15.396232605, 47.8180770874, 39.0947494507, 102.334114075, 207.703384399, 498.217254639, 414.409088135, 547.848266602, 1718.23364258, 4691.78369141, 2445.56591797, 1452.52893066, 937.737304688, 795.637756348, 1395.60839844, 846.346435547, 611.424438477, 278.681884766, 533.724975586, 473.504455566, 129.055953979, 207.40284729, 91.4567337036, 145.058227539, 95.4714813232, 135.507614136, 176.329238892, 46.4198226929, 37.8784980774, 29.1469688416, 8.11452198029, 7.11069488525, 2.04617500305, 0.253922194242, 0.00619396800175, 0.00024651674903, 0.000173186243046],
        "mean": [0.0256633423269, 0.188782155514, 0.475331485271, 1.13834679127, 2.60709118843, 4.82285308838, 8.58697509766, 18.9773979187, 27.154668808, 25.8028411865, 21.1016769409, 46.0298080444, 86.2533493042, 77.5975723267, 61.7086029053, 32.8688774109, 33.8896446228, 44.4520225525, 28.1613235474, 29.9980125427, 16.3939609528, 23.4524688721, 22.0639190674, 15.2246026993, 8.67404174805, 9.8387670517, 8.82513713837, 4.03308868408, 3.90090703964, 2.86608743668, 1.61419475079, 1.24460124969, 0.784298717976, 0.378350049257, 0.205496132374, 0.0748586654663, 0.0129136666656, 0.000336557422997, 2.41156358243e-05, 2.52793306572e-05],
        "min": [0.000225296156714, 0.00164992420468, 0.00192243582569, 0.00376173225231, 0.00357856880873, 0.0525422133505, 0.0737951993942, 0.146432965994, 0.0949160829186, 0.0831217840314, 0.134959310293, 0.16929268837, 0.111993730068, 0.245599627495, 0.154389038682, 0.364523679018, 0.145681917667, 0.402461946011, 0.432241261005, 0.431177824736, 0.30828115344, 0.193799465895, 0.249968677759, 0.153652384877, 0.0504793897271, 0.0265680179, 0.0262935087085, 0.00962761603296, 0.0132329603657, 0.00562055688351, 0.00492421770468, 0.00307879666798, 0.00220237649046, 0.0014111334458, 0.000807745906059, 0.000115539100079, 5.36827019459e-06, 4.78806214232e-07, 4.87779686864e-07, 8.10521157746e-07],
        "stdev": [0.0478331632912, 0.354087620974, 0.906000256538, 1.45664978027, 3.23533272743, 5.17401409149, 11.446726799, 25.9831447601, 36.9523048401, 34.7138290405, 34.9772033691, 131.27394104, 292.502685547, 206.161300659, 155.430526733, 69.0051803589, 80.6187133789, 117.141593933, 55.6441574097, 52.4880256653, 29.3790740967, 45.8335647583, 43.4376907349, 18.7523899078, 11.7935371399, 12.2268466949, 13.4507160187, 6.32736968994, 9.70951461792, 7.80777454376, 3.34812617302, 2.57867336273, 1.68843078613, 0.681634485722, 0.47748079896, 0.164902374148, 0.02830651775, 0.000716134964023, 2.88736882794e-05, 2.09176323551e-05]
    },
    "gfcc": {
        "mean": [-11.9646625519, 103.123542786, -143.609558105, 24.7921733856, -71.2213058472, 13.280878067, -43.8884658813, 10.6106739044, -26.0133228302, 5.28518152237, -10.5326862335, -0.495558857918, -4.07965517044],
        "cov": [[2918.91113281, -764.079528809, -177.533508301, 50.0806541443, -251.060394287, 93.7439041138, 141.957992554, 152.754013062, -40.5706825256, 14.4578323364, -108.439689636, 75.6944961548, 14.2242603302], [-764.079528809, 547.061401367, -47.646232605, -29.0342273712, 87.8121109009, -90.4052734375, 62.5950126648, -67.5012054443, 61.5948371887, -15.8135032654, 68.5954437256, -53.3901176453, 28.193649292], [-177.533508301, -47.646232605, 392.858764648, 41.2620506287, 35.5128135681, 85.8056106567, -84.8762664795, 44.6260757446, -2.03832888603, 43.3258781433, -18.1212787628, 55.8824005127, -63.0894203186], [50.0806541443, -29.0342273712, 41.2620506287, 185.034713745, 17.5846252441, -32.0957870483, -19.6691188812, 11.4052143097, 4.01461935043, -1.94051671028, 18.801361084, 13.797624588, 14.5636930466], [-251.060394287, 87.8121109009, 35.5128135681, 17.5846252441, 151.624282837, 15.8945922852, -23.9685935974, 0.706200182438, -13.7412376404, 27.9790687561, 7.46394968033, 5.61055421829, -15.1092824936], [93.7439041138, -90.4052734375, 85.8056106567, -32.0957870483, 15.8945922852, 237.586288452, 46.5081520081, -43.8909225464, -22.0966148376, 3.02706098557, -13.5608205795, -4.89144945145, -25.1569137573], [141.957992554, 62.5950126648, -84.8762664795, -19.6691188812, -23.9685935974, 46.5081520081, 193.23286438, -15.1457586288, -9.73590087891, -8.03002548218, -2.9633872509, -24.7972316742, 35.1199531555], [152.754013062, -67.5012054443, 44.6260757446, 11.4052143097, 0.706200182438, -43.8909225464, -15.1457586288, 150.963409424, 34.3321228027, -22.0271587372, -14.0897331238, 18.5118293762, 6.77060604095], [-40.5706825256, 61.5948371887, -2.03832888603, 4.01461935043, -13.7412376404, -22.0966148376, -9.73590087891, 34.3321228027, 89.827041626, -3.12160468102, 5.75456571579, 3.25688815117, -0.487008750439], [14.4578323364, -15.8135032654, 43.3258781433, -1.94051671028, 27.9790687561, 3.02706098557, -8.03002548218, -22.0271587372, -3.12160468102, 86.8459320068, 18.2399768829, 14.7802886963, -27.7751140594], [-108.439689636, 68.5954437256, -18.1212787628, 18.801361084, 7.46394968033, -13.5608205795, -2.9633872509, -14.0897331238, 5.75456571579, 18.2399768829, 90.8919372559, 8.64427947998, 6.50736618042], [75.6944961548, -53.3901176453, 55.8824005127, 13.797624588, 5.61055421829, -4.89144945145, -24.7972316742, 18.5118293762, 3.25688815117, 14.7802886963, 8.64427947998, 68.8428039551, -2.21542596817], [14.2242603302, 28.193649292, -63.0894203186, 14.5636930466, -15.1092824936, -25.1569137573, 35.1199531555, 6.77060604095, -0.487008750439, -27.7751140594, 6.50736618042, -2.21542596817, 84.3315811157]],
        "icov": [[0.000795169966295, 0.000505400414113, 0.000883693341166, -0.000572494289372, 0.00114640640095, -0.000609268550761, -0.00040566539974, -0.0010915233288, 0.000409648695495, -0.0010343817994, 0.000744206598029, -0.00095484306803, 0.000316275953082], [0.000505400414113, 0.00921908020973, -0.00438889162615, 0.00375902932137, -0.00788832828403, 0.00730022788048, -0.00627138791606, 0.00800583418459, -0.00905772298574, 0.0072292429395, -0.00656475638971, 0.00580949289724, -0.00137865450233], [0.000883693341166, -0.00438889162615, 0.00829041190445, -0.00415942585096, 0.00623455550522, -0.00717684393749, 0.00455062184483, -0.00787281338125, 0.00611144397408, -0.00739711010829, 0.0057659111917, -0.00686414912343, 0.00292552565224], [-0.000572494289372, 0.00375902932137, -0.00415942585096, 0.00852854736149, -0.0056322729215, 0.00515699572861, -0.00252090021968, 0.00520454579964, -0.00479226745665, 0.00532605499029, -0.0050729108043, 0.00337342615239, -0.00237689260393], [0.00114640640095, -0.00788832828403, 0.00623455550522, -0.0056322729215, 0.0175213627517, -0.00920529849827, 0.00628878176212, -0.0109557490796, 0.0109809720889, -0.0116831706837, 0.00758975185454, -0.00707505689934, 0.00217844499275], [-0.000609268550761, 0.00730022788048, -0.00717684393749, 0.00515699572861, -0.00920529849827, 0.0133788045496, -0.00729917222634, 0.0106640076265, -0.00814296491444, 0.00954230222851, -0.00656083552167, 0.0064784437418, -0.000299930514302], [-0.00040566539974, -0.00627138791606, 0.00455062184483, -0.00252090021968, 0.00628878176212, -0.00729917222634, 0.0114696053788, -0.00621211947873, 0.00665685161948, -0.00665239850059, 0.00475970283151, -0.00238135107793, -0.00190607784316], [-0.0010915233288, 0.00800583418459, -0.00787281338125, 0.00520454579964, -0.0109557490796, 0.0106640076265, -0.00621211947873, 0.0192736499012, -0.0128419836983, 0.0123934522271, -0.00676354113966, 0.00570739014074, -0.00234347069636], [0.000409648695495, -0.00905772298574, 0.00611144397408, -0.00479226745665, 0.0109809720889, -0.00814296491444, 0.00665685161948, -0.0128419836983, 0.022706810385, -0.00934878364205, 0.00655891932547, -0.00690748961642, 0.00252025271766], [-0.0010343817994, 0.0072292429395, -0.00739711010829, 0.00532605499029, -0.0116831706837, 0.00954230222851, -0.00665239850059, 0.0123934522271, -0.00934878364205, 0.0247803907841, -0.0101497154683, 0.0040698624216, 0.00283036450855], [0.000744206598029, -0.00656475638971, 0.0057659111917, -0.0050729108043, 0.00758975185454, -0.00656083552167, 0.00475970283151, -0.00676354113966, 0.00655891932547, -0.0101497154683, 0.0188752133399, -0.00761760072783, 0.000260704080574], [-0.00095484306803, 0.00580949289724, -0.00686414912343, 0.00337342615239, -0.00707505689934, 0.0064784437418, -0.00238135107793, 0.00570739014074, -0.00690748961642, 0.0040698624216, -0.00761760072783, 0.0239091552794, -0.00378396990709], [0.000316275953082, -0.00137865450233, 0.00292552565224, -0.00237689260393, 0.00217844499275, -0.000299930514302, -0.00190607784316, -0.00234347069636, 0.00252025271766, 0.00283036450855, 0.000260704080574, -0.00378396990709, 0.0169746074826]]
    },
    "melbands": {
        "max": [0.00397722469643, 0.00552577804774, 0.00382964266464, 0.00309349689633, 0.00332784606144, 0.0041114166379, 0.00655496865511, 0.00402109418064, 0.00490020634606, 0.0105816461146, 0.0228485632688, 0.0101325921714, 0.00665524834767, 0.00344132492319, 0.00309376558289, 0.00214269361459, 0.0026009301655, 0.00161720300093, 0.000657777884044, 0.00111612211913, 0.000416191382101, 0.000602281303145, 0.000407188286772, 0.000362051127013, 0.000121387012769, 0.000193714469788, 9.8313052149e-05, 7.02427496435e-05, 9.98615287244e-05, 4.26463884651e-05, 6.41822771286e-05, 7.66204975662e-05, 9.38639786909e-05, 9.35547577683e-05, 2.98690338241e-05, 1.39749836308e-05, 2.9979079045e-05, 2.89419240289e-05, 8.73672706803e-06, 6.80291486788e-06],
        "mean": [0.000243096801569, 0.00025327905314, 0.000234985840507, 0.000266292103333, 0.000289689050987, 0.000434872374171, 0.000404925376642, 0.00025424172054, 0.000188539037481, 0.00029083841946, 0.00043871885282, 0.00032315342105, 0.000250706332736, 8.68925344548e-05, 8.4828978288e-05, 6.6852728196e-05, 8.52101438795e-05, 4.92720137117e-05, 3.58979705197e-05, 3.13335258397e-05, 1.79758117156e-05, 2.37949898292e-05, 2.25240382861e-05, 1.94292697415e-05, 1.1645507584e-05, 6.28744328424e-06, 5.87584963796e-06, 6.67773292662e-06, 5.99978056925e-06, 3.64164998246e-06, 1.90750961337e-06, 2.33391710935e-06, 1.8683547296e-06, 1.45903777593e-06, 9.93803837446e-07, 6.57973941998e-07, 7.92739967892e-07, 5.983193887e-07, 4.16450518514e-07, 2.79664476466e-07],
        "min": [2.84523343907e-06, 2.00202271117e-06, 5.73132865611e-07, 1.63512640938e-06, 2.96868256555e-06, 2.58419845522e-06, 1.65001404184e-06, 7.45586987705e-07, 1.09409893412e-06, 5.74158264044e-07, 5.59500563213e-07, 7.70288124841e-07, 5.14503369686e-07, 3.41761307254e-07, 4.8365660632e-07, 2.33691210383e-07, 1.97031539528e-07, 4.3014861717e-07, 7.90231865722e-07, 3.18629332696e-07, 3.09276686039e-07, 1.5025595701e-07, 1.4465967979e-07, 1.5547831822e-07, 9.67750253267e-08, 3.24237099392e-08, 2.87583894476e-08, 1.13139133617e-08, 1.39835139024e-08, 7.0638423999e-09, 3.1605973394e-09, 6.85259138322e-09, 4.23838963926e-09, 2.78476020021e-09, 3.23320015205e-09, 1.74663727925e-09, 1.35380806565e-09, 1.5371232065e-09, 1.06536313105e-09, 1.03105401994e-09],
        "stdev": [0.000414234702475, 0.000438450399088, 0.000265690265223, 0.000278636725852, 0.000361751939636, 0.000567056937143, 0.000513863866217, 0.000347348308424, 0.000381225574529, 0.000825544178952, 0.0015110198874, 0.000903740699869, 0.000707933679223, 0.000212657963857, 0.000234054634348, 0.000165690260474, 0.000233204336837, 0.000119895070384, 6.20551290922e-05, 6.35210308246e-05, 3.8378755562e-05, 4.92685067002e-05, 4.53310931334e-05, 3.97467883886e-05, 1.5205398995e-05, 9.57555585046e-06, 8.19950855657e-06, 8.8252572823e-06, 9.94885067485e-06, 5.27350221091e-06, 3.91051116821e-06, 5.87120530327e-06, 5.31337900611e-06, 3.94897278966e-06, 2.12787267628e-06, 1.21886841953e-06, 1.80558879492e-06, 1.41989528402e-06, 7.83692087225e-07, 5.25538837337e-07]
    },
    "melbands128": {
        "max": [0.00155327399261, 0.0044607585296, 0.00609198817983, 0.00831227842718, 0.00903237145394, 0.00429437262937, 0.00367827434093, 0.00706075085327, 0.00567064899951, 0.00498639931902, 0.00248995353468, 0.0047015203163, 0.00459354976192, 0.00579846138135, 0.00781160686165, 0.007707208395, 0.0130663942546, 0.0057250210084, 0.00969497673213, 0.00728381890804, 0.00513723678887, 0.00456168316305, 0.00799528323114, 0.0131705701351, 0.0190549213439, 0.0138433352113, 0.0292825549841, 0.041224360466, 0.0247161984444, 0.0146282780915, 0.0167999062687, 0.0188362877816, 0.0131470663473, 0.00508537748829, 0.0056643136777, 0.00595494778827, 0.0030346501153, 0.00540218316019, 0.00522122578695, 0.00315538467839, 0.00329611101188, 0.00810327660292, 0.00491734221578, 0.00549032213166, 0.0035380104091, 0.00324268802069, 0.000736119109206, 0.00156891264487, 0.00150289712474, 0.00181086594239, 0.00162578956224, 0.0010146581335, 0.000657390977722, 0.00103498098906, 0.00074705039151, 0.000995764741674, 0.00124087068252, 0.000783016846981, 0.000964259321336, 0.00127437058836, 0.000833624624647, 0.000464035692858, 0.000327849556925, 0.000118885167467, 0.000224979157792, 0.000283042521914, 0.000202208349947, 0.000161011324963, 0.000157730799401, 9.91440829239e-05, 0.000130772139528, 0.000170258630533, 0.000172234591446, 0.000197712084628, 0.000171945735929, 8.17030304461e-05, 7.39661627449e-05, 7.51209590817e-05, 4.8640096793e-05, 0.000115462375106, 7.41907060728e-05, 9.54480783548e-05, 8.74198012752e-05, 9.10903254407e-05, 9.86803861451e-05, 0.000180007831659, 4.50787083537e-05, 3.8704565668e-05, 3.37607452821e-05, 2.76837454294e-05, 1.47380824274e-05, 1.44466139318e-05, 2.60218530457e-05, 2.99933872157e-05, 5.53653553652e-05, 3.9379712689e-05, 2.33807932091e-05, 1.69427967194e-05, 1.93016148842e-05, 8.9392560767e-06, 7.52048481445e-06, 7.07379467713e-06, 8.21828962216e-06, 7.87205590314e-06, 1.26171808006e-05, 9.1800438895e-06, 5.75046715312e-06, 4.64481399831e-06, 5.60075568501e-06, 3.32301647177e-06, 2.13058729059e-06, 1.50511823449e-06, 1.11862675567e-06, 8.09992641848e-08, 7.99611132862e-09, 7.53917905882e-09, 7.13302883426e-09, 6.78347422678e-09, 6.48210374266e-09, 6.28015150994e-09, 6.06302652528e-09, 5.89874549206e-09, 5.75943515102e-09, 5.61834756496e-09, 5.53563639372e-09, 5.43924594254e-09, 5.37499200703e-09, 5.34827249155e-09],
        "mean": [9.52667323872e-05, 0.000200165944989, 0.00031452823896, 0.000310070841806, 0.000245958945015, 0.000210728030652, 0.00022532766161, 0.00023388802947, 0.000262242683675, 0.000270683667623, 0.00026396298199, 0.000278347142739, 0.000269621610641, 0.000341260514688, 0.000381711462978, 0.000535102270078, 0.000532741192728, 0.000351974013029, 0.000263820169494, 0.000366697611753, 0.000175298802787, 0.000143217810546, 0.000154226378072, 0.00026699382579, 0.000355654483428, 0.000224716612138, 0.000332246534526, 0.00050888385158, 0.000519638881087, 0.000319980317727, 0.000250122480793, 0.00029987769085, 0.000358152319677, 0.000111453082354, 8.92866737559e-05, 7.81053386163e-05, 8.44993337523e-05, 8.71551310411e-05, 8.58933708514e-05, 7.76034285082e-05, 3.73294278688e-05, 9.26591674215e-05, 9.03152031242e-05, 8.3190818259e-05, 7.35151479603e-05, 3.87680629501e-05, 2.70967593679e-05, 2.74561571132e-05, 3.60000449291e-05, 6.7408043833e-05, 2.11260339711e-05, 1.09167749542e-05, 1.68959868461e-05, 2.09311001527e-05, 2.15131240111e-05, 2.29901306739e-05, 2.67394934781e-05, 2.69290521828e-05, 1.95618576981e-05, 1.62758897204e-05, 2.37301701418e-05, 1.69502527569e-05, 1.51839831233e-05, 8.50033029565e-06, 8.81994856172e-06, 5.17642865816e-06, 5.76965157961e-06, 6.67398126097e-06, 4.85114151161e-06, 6.31863395029e-06, 7.62774880059e-06, 6.3478487391e-06, 5.65046320844e-06, 6.70079634801e-06, 5.45891498405e-06, 4.01504348702e-06, 2.7821522508e-06, 1.95291954697e-06, 1.48351921325e-06, 2.12517716136e-06, 2.66095184998e-06, 2.19527487388e-06, 2.17647448153e-06, 1.73750595422e-06, 1.75398554347e-06, 1.65002802532e-06, 1.40155009376e-06, 1.02658998458e-06, 1.06745517314e-06, 8.85288727659e-07, 5.85422128552e-07, 4.84719919314e-07, 9.76093019744e-07, 7.40798384413e-07, 7.66658445173e-07, 7.73273256982e-07, 5.24238828348e-07, 4.0851980998e-07, 4.87564648211e-07, 3.65152146742e-07, 2.98587792713e-07, 2.76913169728e-07, 2.44953497486e-07, 2.55517818459e-07, 2.51584935995e-07, 2.07606348113e-07, 2.04830612915e-07, 1.34513655325e-07, 1.29529354354e-07, 1.03320800804e-07, 8.76875247968e-08, 5.66517499578e-08, 3.82731641935e-08, 3.39873951205e-09, 1.18519933451e-11, 9.16760677788e-12, 8.73837200516e-12, 8.3565819195e-12, 8.04362566137e-12, 7.8276074858e-12, 7.59498974129e-12, 7.40882875883e-12, 7.24734465149e-12, 7.0727499378e-12, 6.98404311814e-12, 6.89247053529e-12, 6.8250956102e-12, 6.78354421246e-12],
        "min": [5.60328068389e-08, 5.64975437101e-07, 7.70973315412e-07, 1.65686719811e-06, 3.61868018217e-07, 8.59626879901e-07, 3.49125883758e-07, 2.78807874565e-07, 8.32647515381e-08, 8.13281417322e-07, 2.02916726266e-06, 6.93946390129e-07, 6.15621189581e-08, 7.0606307645e-07, 4.78149672745e-07, 1.56522631301e-07, 7.08926449988e-07, 2.55028055562e-07, 6.94216964803e-07, 1.51842016294e-07, 4.38242473422e-08, 3.08080814193e-08, 5.10793043418e-08, 3.76427635729e-08, 1.22760397403e-07, 1.00006069204e-07, 1.38069509603e-07, 1.26029505054e-07, 2.46158180062e-07, 1.03983396116e-07, 5.8021470295e-08, 3.71086805728e-08, 7.77404665087e-08, 1.50017413603e-07, 7.85957254834e-08, 8.48211811899e-08, 4.74339039158e-08, 1.08332841364e-07, 1.11089050847e-07, 7.34744745046e-08, 5.62158781747e-08, 1.124193858e-07, 8.60991136165e-08, 4.07404137093e-08, 7.54666871217e-08, 8.19210157488e-08, 8.44718357484e-08, 3.9060218171e-08, 1.20945728099e-07, 1.062816537e-07, 2.73352469549e-08, 4.16064018793e-08, 1.00646261103e-07, 8.49283097182e-08, 4.04850837299e-08, 5.54596581992e-08, 8.43913454673e-08, 5.14412938912e-08, 3.76403619384e-08, 6.29132657082e-08, 6.97868358657e-08, 7.32762188704e-08, 2.95865145716e-08, 6.37079651256e-08, 3.91782464249e-08, 1.33968791616e-08, 1.70326668325e-08, 1.23952714759e-08, 1.42752778487e-08, 1.09101350176e-08, 4.22538803946e-09, 9.06004427037e-09, 7.14853820583e-09, 1.03613730928e-08, 4.57495952233e-09, 5.78005421303e-09, 4.73480277208e-09, 3.17448312082e-09, 1.61915370001e-09, 2.61990362738e-09, 2.77729972353e-09, 2.50472820262e-09, 4.59128246533e-09, 3.30158811401e-09, 2.72005684643e-09, 2.26324026187e-09, 1.14130449536e-09, 1.65525160245e-09, 2.18469220492e-09, 2.14517648089e-09, 1.30851685043e-09, 6.6890326611e-10, 1.2360107382e-09, 1.36024702613e-09, 9.57362078502e-10, 9.34998856117e-10, 9.03393304608e-10, 9.78378600358e-10, 7.59797780248e-10, 9.20103104818e-10, 5.55387735801e-10, 8.6510659747e-10, 6.51378340155e-10, 5.95730187403e-10, 6.35599128884e-10, 7.37926553196e-10, 5.3147830581e-10, 1.1142663181e-10, 2.65093953733e-11, 8.72155819787e-12, 6.2494356478e-13, 1.86280136281e-13, 1.34453537713e-13, 1.76172458241e-13, 1.6445563444e-13, 1.59835984509e-13, 1.63505304131e-13, 1.11442281727e-13, 1.45934615304e-13, 1.53862667507e-13, 1.51354989197e-13, 1.28596338764e-13, 1.41792868137e-13, 1.20756364435e-13, 1.55494324014e-13, 1.60647279442e-13, 1.49843936629e-13, 1.18024540878e-13],
        "stdev": [0.000183673735592, 0.000418918585638, 0.000559332314879, 0.000636819459032, 0.000568125455175, 0.000332434428856, 0.000336125871399, 0.000378081836971, 0.000391936890082, 0.000406514125643, 0.000318678416079, 0.000448490638519, 0.000450175022706, 0.000652765505947, 0.000718587776646, 0.000869991024956, 0.000935243151616, 0.000594399112742, 0.000460840819869, 0.000596628698986, 0.000347585941199, 0.000324724533129, 0.000369713321561, 0.000919887388591, 0.00139756745193, 0.000844478257932, 0.00143813760951, 0.00244081020355, 0.00216627703048, 0.00118196080439, 0.00116752251051, 0.001183054992, 0.00124008406419, 0.000415961403633, 0.000328828406055, 0.000265199196292, 0.000246026495006, 0.000364528532373, 0.00031209399458, 0.000272824720014, 0.000148355582496, 0.000402339996072, 0.000328354857629, 0.00033830004395, 0.000257011706708, 0.000128045881866, 5.18523775099e-05, 8.88505310286e-05, 9.14268966881e-05, 0.000144594698213, 7.10986278136e-05, 4.5191602112e-05, 4.65777920908e-05, 6.30457652733e-05, 6.00061066507e-05, 6.54966570437e-05, 9.99121548375e-05, 7.13207991794e-05, 6.60170553601e-05, 6.82355530444e-05, 6.69944856782e-05, 3.70542475139e-05, 2.86434460577e-05, 1.37510460263e-05, 1.85931803571e-05, 1.07188743641e-05, 1.09498714664e-05, 1.32432442115e-05, 9.61663590715e-06, 1.05400977191e-05, 1.33756129799e-05, 1.29564059534e-05, 1.35612826853e-05, 1.61545376614e-05, 1.20480117403e-05, 7.50232538849e-06, 5.64044921703e-06, 3.77850324185e-06, 3.52420852323e-06, 7.31812497179e-06, 7.05723823557e-06, 6.5196718424e-06, 6.57998043607e-06, 5.40613837074e-06, 5.40530072612e-06, 6.19015145276e-06, 3.28347437062e-06, 2.60849037659e-06, 2.54118981502e-06, 2.00864451472e-06, 1.22910330447e-06, 1.03348395442e-06, 2.05721357815e-06, 1.95614074983e-06, 2.31361991609e-06, 1.95741972675e-06, 1.28711894831e-06, 1.00358045074e-06, 1.03473485069e-06, 7.12380085588e-07, 5.99248608069e-07, 5.45990417322e-07, 5.01833085309e-07, 5.65023071886e-07, 6.69476207804e-07, 6.24358108325e-07, 4.8033513167e-07, 3.26334969714e-07, 3.12862965757e-07, 2.42826558861e-07, 1.91699115248e-07, 1.33739760599e-07, 9.60693711249e-08, 7.90748622137e-09, 2.13805778637e-10, 2.01430414015e-10, 1.90576526782e-10, 1.81233986152e-10, 1.73180705887e-10, 1.67782454596e-10, 1.61979055169e-10, 1.57588303518e-10, 1.53864185282e-10, 1.5009518628e-10, 1.47884399171e-10, 1.45309431154e-10, 1.43592665536e-10, 1.42878431308e-10]
    },
    "mfcc": {
        "mean": [-644.696228027, 127.772438049, -15.1798782349, 11.486741066, -5.6134724617, -2.43627905846, -3.74918413162, -2.85954189301, -4.65709161758, -0.375876069069, -2.38920521736, -0.566053628922, -0.788809657097],
        "cov": [[3118.84814453, -793.201599121, -103.202072144, -66.1223526001, -293.020202637, -63.0890617371, 40.6825752258, 101.432601929, 109.47769165, 69.6381454468, -119.231628418, 20.2142066956, -14.5860700607], [-793.201599121, 525.096557617, -85.7364425659, 31.1449813843, 15.2635564804, 10.13950634, -15.9300765991, -32.4880638123, -18.3625869751, 12.0535488129, 49.7302513123, -14.2872171402, 39.8661956787], [-103.202072144, -85.7364425659, 328.112335205, -35.0372581482, 73.7178039551, 40.4567337036, -14.608625412, 39.8971977234, -13.9622974396, 8.6593914032, 14.5738477707, 13.4347715378, 5.58276176453], [-66.1223526001, 31.1449813843, -35.0372581482, 226.427841187, 13.8429641724, -73.7055664062, -9.80121994019, -30.1220684052, 14.8952445984, -39.992931366, 3.28728628159, 41.779209137, -4.85939455032], [-293.020202637, 15.2635564804, 73.7178039551, 13.8429641724, 213.996002197, -19.417301178, -26.3566875458, 3.53476452827, -18.3657894135, -28.2356185913, 20.9812335968, 34.0913085938, 0.464556753635], [-63.0890617371, 10.13950634, 40.4567337036, -73.7055664062, -19.417301178, 238.724304199, 59.9127731323, -14.0292778015, -27.5611686707, 17.1962871552, 14.4321947098, -49.4491615295, 31.4062728882], [40.6825752258, -15.9300765991, -14.608625412, -9.80121994019, -26.3566875458, 59.9127731323, 140.919235229, -2.54236483574, 6.79450130463, 1.72277975082, -16.2232303619, 6.09104824066, 1.85301220417], [101.432601929, -32.4880638123, 39.8971977234, -30.1220684052, 3.53476452827, -14.0292778015, -2.54236483574, 105.367218018, 33.6497192383, 23.5305519104, -10.8837041855, -14.6563158035, -7.47636508942], [109.47769165, -18.3625869751, -13.9622974396, 14.8952445984, -18.3657894135, -27.5611686707, 6.79450130463, 33.6497192383, 89.9510803223, 19.7893161774, -12.979019165, -17.2834663391, -15.8013963699], [69.6381454468, 12.0535488129, 8.6593914032, -39.992931366, -28.2356185913, 17.1962871552, 1.72277975082, 23.5305519104, 19.7893161774, 76.2092895508, 6.89898872375, -19.2089710236, -5.21292734146], [-119.231628418, 49.7302513123, 14.5738477707, 3.28728628159, 20.9812335968, 14.4321947098, -16.2232303619, -10.8837041855, -12.979019165, 6.89898872375, 76.7063751221, 9.46504497528, 2.24299383163], [20.2142066956, -14.2872171402, 13.4347715378, 41.779209137, 34.0913085938, -49.4491615295, 6.09104824066, -14.6563158035, -17.2834663391, -19.2089710236, 9.46504497528, 108.165527344, 16.7850017548], [-14.5860700607, 39.8661956787, 5.58276176453, -4.85939455032, 0.464556753635, 31.4062728882, 1.85301220417, -7.47636508942, -15.8013963699, -5.21292734146, 2.24299383163, 16.7850017548, 78.4676513672]],
        "icov": [[0.000750721723307, 0.00118613231461, 0.000440111471107, 3.57587196049e-05, 0.000762867683079, 8.99585793377e-05, 0.000125076418044, -0.000369679211872, -0.000326947571011, -0.00059536768822, 0.000124346013763, -0.000384676939575, -0.000597532896791], [0.00118613231461, 0.0042591043748, 0.00139332271647, -0.000386622792576, 0.000748986902181, 0.000386367522879, 0.000121240984299, -0.000266623741481, -7.99579574959e-05, -0.00178366492037, -0.00128371804021, 0.000374973140424, -0.00243192049675], [0.000440111471107, 0.00139332271647, 0.00421681627631, 9.01336752577e-05, -0.00082983932225, -0.00094464229187, 0.000672416470479, -0.00177805207204, 0.000428917206591, -0.000943656079471, -0.000447985803476, -0.000888718990609, -0.000496209133416], [3.57587196049e-05, -0.000386622792576, 9.01336752577e-05, 0.00599952740595, 0.000213482941035, 0.00116522016469, 2.83477220364e-05, 0.00151711690705, -0.00218659173697, 0.00274473847821, -0.000454735185485, -0.00159181712661, 0.000339971535141], [0.000762867683079, 0.000748986902181, -0.00082983932225, 0.000213482941035, 0.00669925613329, 0.000127209350467, 0.000932751921937, -0.0010323059978, -7.59147296776e-05, 0.0017716587754, -0.000897702993825, -0.00191246101167, 0.000159743474796], [8.99585793377e-05, 0.000386367522879, -0.00094464229187, 0.00116522016469, 0.000127209350467, 0.00741437776014, -0.00355250760913, 0.00137889559846, 0.00180687231477, -0.000834005069919, -0.00201547006145, 0.00427331682295, -0.00334129319526], [0.000125076418044, 0.000121240984299, 0.000672416470479, 2.83477220364e-05, 0.000932751921937, -0.00355250760913, 0.00929443351924, -0.000261931563728, -0.00162689201534, 0.000317152909702, 0.00237980019301, -0.00320774782449, 0.00139907060657], [-0.000369679211872, -0.000266623741481, -0.00177805207204, 0.00151711690705, -0.0010323059978, 0.00137889559846, -0.000261931563728, 0.0130983404815, -0.00397332338616, -0.0020936538931, 0.00105344457552, 0.00135608168785, -0.000263803987764], [-0.000326947571011, -7.99579574959e-05, 0.000428917206591, -0.00218659173697, -7.59147296776e-05, 0.00180687231477, -0.00162689201534, -0.00397332338616, 0.0156962890178, -0.00341080967337, 0.000902351515833, 0.00290741445497, 0.00103754247539], [-0.00059536768822, -0.00178366492037, -0.000943656079471, 0.00274473847821, 0.0017716587754, -0.000834005069919, 0.000317152909702, -0.0020936538931, -0.00341080967337, 0.0183049477637, -0.00258232443593, 0.000363399420166, 0.001674300991], [0.000124346013763, -0.00128371804021, -0.000447985803476, -0.000454735185485, -0.000897702993825, -0.00201547006145, 0.00237980019301, 0.00105344457552, 0.000902351515833, -0.00258232443593, 0.0160984322429, -0.00256799091585, 0.00163450161926], [-0.000384676939575, 0.000374973140424, -0.000888718990609, -0.00159181712661, -0.00191246101167, 0.00427331682295, -0.00320774782449, 0.00135608168785, 0.00290741445497, 0.000363399420166, -0.00256799091585, 0.0144168585539, -0.00419233646244], [-0.000597532896791, -0.00243192049675, -0.000496209133416, 0.000339971535141, 0.000159743474796, -0.00334129319526, 0.00139907060657, -0.000263803987764, 0.00103754247539, 0.001674300991, 0.00163450161926, -0.00419233646244, 0.0163733903319]]
    },
    "spectral_contrast_coeffs": {
        "max": [-0.502742648125, -0.482647389174, -0.375664412975, -0.593197762966, -0.5838367939, -0.626545846462],
        "mean": [-0.709747135639, -0.719738781452, -0.708116710186, -0.751350104809, -0.769024252892, -0.771969258785],
        "min": [-0.868054151535, -0.90823417902, -0.866344153881, -0.888473272324, -0.878100097179, -0.891037881374],
        "stdev": [0.0571640729904, 0.0602234378457, 0.0749481841922, 0.0460047572851, 0.0437902882695, 0.0381923727691]
    },
    "spectral_contrast_valleys": {
        "max": [-5.71153116226, -5.12146711349, -5.40828371048, -6.20442008972, -5.82992601395, -8.25062465668],
        "mean": [-7.08242368698, -6.65775918961, -7.43507862091, -7.73989295959, -7.74941015244, -10.4294319153],
        "min": [-9.01925182343, -8.6515417099, -9.36319160461, -9.22519207001, -9.66325950623, -12.5394668579],
        "stdev": [0.539209544659, 0.588566839695, 0.647024989128, 0.563856959343, 0.652303934097, 0.740802824497]
    }
},
"rhythm": {
    "beats_count": 84,
    "beats_loudness": {
        "max": 0.0970176979899,
        "mean": 0.024798495695,
        "min": 0.00175050843973,
        "stdev": 0.0189363416284
    },
    "bpm": 155.215957642,
    "bpm_histogram_first_peak_bpm": 157,
    "bpm_histogram_first_peak_weight": 0.199999988079,
    "bpm_histogram_second_peak_bpm": 152,
    "bpm_histogram_second_peak_spread": 0.173913061619,
    "bpm_histogram_second_peak_weight": 0.228915661573,
    "danceability": 0.974720358849,
    "onset_rate": 3.04540991783,
    "beats_loudness_band_ratio": {
        "max": [0.699782848358, 0.745975196362, 0.866395890713, 0.964756190777, 0.315992414951, 0.290894776583],
        "mean": [0.154954507947, 0.227734640241, 0.262811213732, 0.255833595991, 0.112523570657, 0.0406523160636],
        "min": [0.00520650763065, 0.00359922111966, 0.0410740934312, 0.0273546017706, 0.00541922403499, 0.00401020469144],
        "stdev": [0.142356291413, 0.162762790918, 0.167991504073, 0.204701825976, 0.0736651048064, 0.0395744144917]
    },
