{
"metadata": {
    "version": {
        "essentia": "2.1-beta5",
        "essentia_git_sha": "Undefined",
        "extractor": "music 2.0"
    },
    "audio_properties": {
        "analysis": {
            "equal_loudness": 0,
            "length": 12.7477550507,
            "sample_rate": 44100,
            "start_time": 0,
            "downmix": "mix"
        },
        "bit_rate": 192000,
        "length": 216.061691284,
        "lossless": 0,
        "number_channels": 2,
        "replay_gain": 25.2162647247,
        "sample_rate": 48000,
        "codec": "mp3",
        "md5_encoded": "8c85c073dbf6a755551608c607d0c67c"
    },
    "tags": {
        "file_name": "Norway_Visjoner_Merethe Trøan.mp3",
        "encoding": ["Lavf58.29.100"]
    }
},
"lowlevel": {
    "average_loudness": 7.81764319981e-05,
    "barkbands_crest": {
        "max": 21.0955238342,
        "mean": 6.6754989624,
        "min": 3.10688781738,
        "stdev": 1.4279345274
    },
    "barkbands_flatness_db": {
        "max": 0.240539625287,
        "mean": 0.0804801806808,
        "min": 0.0256336890161,
        "stdev": 0.0236151050776
    },
    "barkbands_kurtosis": {
        "max": 10.4060773849,
        "mean": 3.00711226463,
        "min": -1.53055644035,
        "stdev": 1.13858377934
    },
    "barkbands_skewness": {
        "max": 2.6922492981,
        "mean": -1.64709937572,
        "min": -2.18893241882,
        "stdev": 0.64976221323
    },
    "barkbands_spread": {
        "max": 87.1376647949,
        "mean": 25.2099113464,
        "min": 3.60233545303,
        "stdev": 5.81071281433
    },
    "dissonance": {
        "max": 0.499892175198,
        "mean": 0.490977287292,
        "min": 0,
        "stdev": 0.0228260550648
    },
    "dynamic_complexity": 7.79929971695,
    "erbbands_crest": {
        "max": 19.9761676788,
        "mean": 3.88735795021,
        "min": 2.49121904373,
        "stdev": 1.7649949789
    },
    "erbbands_flatness_db": {
        "max": 0.324379444122,
        "mean": 0.111887186766,
        "min": 0.0573184154928,
        "stdev": 0.0427888706326
    },
    "erbbands_kurtosis": {
        "max": 5.77272796631,
        "mean": 0.112472504377,
        "min": -1.06531751156,
        "stdev": 0.415876597166
    },
    "erbbands_skewness": {
        "max": 2.24875569344,
        "mean": -0.570703029633,
        "min": -1.00246751308,
        "stdev": 0.286342531443
    },
    "erbbands_spread": {
        "max": 63.0047340393,
        "mean": 34.6141929626,
        "min": 7.81139659882,
        "stdev": 6.73399686813
    },
    "hfc": {
        "max": 832.009643555,
        "mean": 16.4797172546,
        "min": 1.0569983859e-16,
        "stdev": 84.332649231
    },
    "loudness_ebu128": {
        "integrated": -38.9562263489,
        "loudness_range": 19.1148910522,
        "momentary": {
            "max": -36.8123626709,
            "mean": -276.521606445,
            "min": -300.691009521,
            "stdev": 74.2595596313
        },
        "short_term": {
            "max": -44.6287231445,
            "mean": -271.196807861,
            "min": -300.691009521,
            "stdev": 79.5288009644
        }
    },
    "melbands_crest": {
        "max": 24.5786151886,
        "mean": 2.94285058975,
        "min": 1.01339137554,
        "stdev": 2.55408716202
    },
    "melbands_flatness_db": {
        "max": 0.276339054108,
        "mean": 0.020620746538,
        "min": 1.09584766506e-06,
        "stdev": 0.0467922836542
    },
    "melbands_kurtosis": {
        "max": 15.6524009705,
        "mean": -0.963174164295,
        "min": -1.44444382191,
        "stdev": 1.03505718708
    },
    "melbands_skewness": {
        "max": 2.53043484688,
        "mean": 0.0656428337097,
        "min": -0.328811556101,
        "stdev": 0.304525792599
    },
    "melbands_spread": {
        "max": 165.738067627,
        "mean": 121.959007263,
        "min": 4.76773166656,
        "stdev": 32.79246521
    },
    "pitch_salience": {
        "max": 0.997024476528,
        "mean": 0.785447597504,
        "min": 0.38793823123,
        "stdev": 0.0399759598076
    },
    "silence_rate_20dB": {
        "max": 1,
        "mean": 0.981818199158,
        "min": 0,
        "stdev": 0.133608549833
    },
    "silence_rate_30dB": {
        "max": 1,
        "mean": 0.961818158627,
        "min": 0,
        "stdev": 0.191635012627
    },
    "silence_rate_60dB": {
        "max": 1,
        "mean": 0.923636376858,
        "min": 0,
        "stdev": 0.265579044819
    },
    "spectral_centroid": {
        "max": 11945.9384766,
        "mean": 10162.65625,
        "min": 840.684997559,
        "stdev": 2725.67138672
    },
    "spectral_complexity": {
        "max": 54,
        "mean": 3.03636360168,
        "min": 0,
        "stdev": 10.6309404373
    },
    "spectral_decrease": {
        "max": 2.1284920337e-28,
        "mean": -3.93459798076e-09,
        "min": -2.4707725288e-07,
        "stdev": 2.19255760214e-08
    },
    "spectral_energy": {
        "max": 1.00798857212,
        "mean": 0.0163448117673,
        "min": 9.87487407472e-21,
        "stdev": 0.0902938246727
    },
    "spectral_energyband_high": {
        "max": 0.00370134226978,
        "mean": 5.78811304877e-05,
        "min": 6.9343350466e-21,
        "stdev": 0.000266536895651
    },
    "spectral_energyband_low": {
        "max": 0.00259644212201,
        "mean": 4.21699587605e-05,
        "min": 1.21205701297e-23,
        "stdev": 0.000210820449865
    },
    "spectral_energyband_middle_high": {
        "max": 0.397704660892,
        "mean": 0.0070813423954,
        "min": 1.13836248548e-21,
        "stdev": 0.0348532646894
    },
    "spectral_energyband_middle_low": {
        "max": 0.894133508205,
        "mean": 0.0092797614634,
        "min": 1.18387688195e-22,
        "stdev": 0.0624084584415
    },
    "spectral_entropy": {
        "max": 9.82657051086,
        "mean": 9.60007858276,
        "min": 7.00865125656,
        "stdev": 0.636917948723
    },
    "spectral_flux": {
        "max": 0.849697470665,
        "mean": 0.0209448821843,
        "min": 6.33134517036e-11,
        "stdev": 0.092555962503
    },
    "spectral_kurtosis": {
        "max": 26.0785713196,
        "mean": -0.269975423813,
        "min": -1.29645454884,
        "stdev": 3.24503755569
    },
    "spectral_rms": {
        "max": 0.0313592664897,
        "mean": 0.000917528988793,
        "min": 3.10387241083e-12,
        "stdev": 0.00388642447069
    },
    "spectral_rolloff": {
        "max": 19616.7480469,
        "mean": 17222.4414062,
        "min": 775.1953125,
        "stdev": 4758.69970703
    },
    "spectral_skewness": {
        "max": 4.22205257416,
        "mean": 0.182100147009,
        "min": -0.0982265025377,
        "stdev": 0.597049534321
    },
    "spectral_spread": {
        "max": 43201472,
        "mean": 37126496,
        "min": 1960893,
        "stdev": 11006785
    },
    "spectral_strongpeak": {
        "max": 25.4310207367,
        "mean": 0.306630194187,
        "min": 0,
        "stdev": 1.71166443825
    },
    "zerocrossingrate": {
        "max": 0.52734375,
        "mean": 0.461242884398,
        "min": 0.0361328125,
        "stdev": 0.123300343752
    },
    "barkbands": {
        "max": [0.00151023315266, 0.00132649193984, 0.000366286200006, 0.000473236403195, 0.0140770915896, 0.257739722729, 0.0452509894967, 0.26953458786, 0.78755992651, 0.0905275195837, 0.0824253708124, 0.298795670271, 0.0943498238921, 0.0755730643868, 0.0408279374242, 0.0363228432834, 0.0205282401294, 0.0215337332338, 0.00373312551528, 0.00291332602501, 0.0015292459866, 0.000299700419419, 0.000297993043205, 0.000162999567692, 7.0791124017e-05, 3.26489935105e-05, 6.7288565333e-06],
        "mean": [2.28802018682e-05, 1.69358481799e-05, 5.87780914429e-06, 7.24990422896e-06, 0.000116493407404, 0.0019368021749, 0.0003404681338, 0.00149579299614, 0.00485715875402, 0.00110103015322, 0.000673625210766, 0.00164457445499, 0.00111104547977, 0.00104839145206, 0.000715341535397, 0.000539153988939, 0.000307559035718, 0.000244510301854, 7.44875942473e-05, 4.51221349067e-05, 2.01689454116e-05, 8.83000757312e-06, 5.12548376719e-06, 3.26062627209e-06, 1.97165581994e-06, 9.36620722314e-07, 4.63635032588e-08],
        "min": [4.216781705e-26, 1.42553358132e-24, 8.1068158672e-25, 5.15928738473e-25, 6.18028816347e-24, 4.27080616617e-24, 3.17133581547e-24, 5.97263512409e-24, 9.05344106486e-24, 6.95103130028e-24, 1.33597475495e-23, 1.71642990553e-23, 1.61590425598e-23, 1.8557523655e-23, 3.42853148905e-23, 4.61538755154e-23, 5.22971014159e-23, 6.31306197351e-23, 9.89974177249e-23, 1.57527406972e-22, 1.7388691802e-22, 2.70183749322e-22, 3.4914784241e-22, 5.57294661378e-22, 7.47265393027e-22, 1.28677859949e-21, 1.7613528772e-21],
        "stdev": [0.000124024052639, 9.89110994851e-05, 3.01193886116e-05, 3.86280880775e-05, 0.000851615623105, 0.018687710166, 0.0027053731028, 0.0162898935378, 0.0455994158983, 0.00673872139305, 0.00464231101796, 0.0141019290313, 0.00680563086644, 0.00598937273026, 0.00358522310853, 0.00291192508303, 0.00153853592928, 0.00142126029823, 0.00038258076529, 0.000231789032114, 9.64054415817e-05, 3.72933209292e-05, 2.49781751336e-05, 1.53798409883e-05, 9.06910099729e-06, 4.18593799623e-06, 3.90858815535e-07]
    },
    "erbbands": {
        "max": [0.0910760089755, 0.160576358438, 0.337977647781, 0.991784989834, 7.19826745987, 60.7035293579, 229.043624878, 2836.65454102, 2008.52111816, 1072.05517578, 7559.58691406, 13466.9580078, 17737.1425781, 1909.63635254, 2355.58959961, 12972.296875, 4478.23681641, 4287.36474609, 1789.19763184, 2073.97021484, 1667.25598145, 1293.50012207, 744.291687012, 802.266235352, 231.079177856, 171.936126709, 66.3380126953, 51.2411956787, 11.2774915695, 9.13612365723, 8.82663440704, 4.29785966873, 2.20808053017, 0.956748306751, 0.413088202477, 0.159135311842, 0.0618310347199, 0.00665465416387, 0.0011137711117, 0.00119997479487],
        "mean": [0.000993101391941, 0.00217724498361, 0.00708339363337, 0.0162512734532, 0.0954304262996, 0.421307325363, 2.12251734734, 19.5314159393, 12.5730638504, 8.26807594299, 49.4601364136, 90.9526596069, 85.668182373, 29.8689994812, 31.454624176, 70.7613143921, 55.0445137024, 57.7926597595, 40.4025268555, 35.6755828857, 25.7851715088, 18.3585662842, 12.5451927185, 7.77962875366, 3.57686042786, 2.08600354195, 1.05611455441, 0.633824825287, 0.34371855855, 0.205439150333, 0.135631203651, 0.0833971351385, 0.0476129949093, 0.0255996640772, 0.011939114891, 0.00487868534401, 0.00163663015701, 0.000175508059328, 1.85088083526e-05, 2.03479921765e-05],
        "min": [4.78791269369e-23, 3.63735281565e-22, 1.37489948704e-21, 3.2768174316e-21, 7.18625031721e-21, 1.91929699711e-20, 3.27678875492e-20, 3.24449058318e-20, 6.03726752736e-20, 1.27683069441e-19, 1.69701931704e-19, 2.02348165542e-19, 3.04272830708e-19, 3.48828655909e-19, 6.8179793303e-19, 9.53439289904e-19, 1.34785420541e-18, 1.4972704244e-18, 1.91671251652e-18, 2.84330493586e-18, 3.087697309e-18, 3.39263537386e-18, 4.3116545411e-18, 3.99114769634e-18, 6.33586724324e-18, 7.14514973529e-18, 7.22974384217e-18, 8.11152085669e-18, 8.12129151409e-18, 8.68978958804e-18, 1.05625314579e-17, 1.03606497576e-17, 8.86415595244e-18, 7.09590188316e-18, 5.82650637923e-18, 3.92164839486e-18, 2.23238697215e-18, 9.03663903339e-19, 2.37849839779e-19, 2.45487059434e-20],
        "stdev": [0.00600739615038, 0.0120754530653, 0.034735918045, 0.0823971703649, 0.550913095474, 3.14186739922, 14.6607551575, 190.714370728, 125.690330505, 64.893371582, 484.290161133, 800.911865234, 926.532409668, 165.876281738, 179.195602417, 613.188659668, 329.911804199, 331.289520264, 187.056365967, 176.379013062, 131.134689331, 95.0791778564, 65.6662826538, 49.8174705505, 19.9104785919, 11.2168827057, 4.81948137283, 3.11845088005, 1.45821762085, 0.930385887623, 0.669043302536, 0.398665010929, 0.218940779567, 0.117939911783, 0.0547641031444, 0.0216435231268, 0.00748575665057, 0.000838395848405, 0.000101723286207, 0.000110280787339]
    },
    "gfcc": {
        "mean": [-1148.59204102, 6.82175827026, -17.650390625, -1.33811986446, -5.41613197327, 0.40339615941, -3.37613844872, 0.457504689693, -1.5869846344, 0.514359474182, -1.24959075451, 0.18356461823, -0.486687779427],
        "cov": [[136743.015625, 8276.42578125, -20658.6464844, -1714.88134766, -6289.01708984, 448.704528809, -3909.61474609, 612.432556152, -1786.45458984, 592.513916016, -1397.81591797, 217.7865448, -525.84588623], [8276.42578125, 530.12713623, -1238.14892578, -118.93598938, -375.123626709, 21.1795921326, -236.992080688, 40.0771484375, -105.932868958, 35.0252456665, -79.2970199585, 12.0803585052, -29.5024757385], [-20658.6464844, -1238.14892578, 3143.32958984, 248.628845215, 952.633483887, -74.7726974487, 583.507568359, -95.2582931519, 268.391937256, -88.8131103516, 216.674209595, -30.9880256653, 81.7548522949], [-1714.88134766, -118.93598938, 248.628845215, 42.6218605042, 74.2531051636, -1.50836884975, 49.4041633606, -17.5324134827, 18.8316078186, -6.66381835938, 8.45119571686, -3.62265586853, 4.39555454254], [-6289.01708984, -375.123626709, 952.633483887, 74.2531051636, 297.637359619, -16.5058383942, 180.040039062, -22.0568218231, 84.0407104492, -26.7612495422, 66.1232910156, -10.0498361588, 24.0881290436], [448.704528809, 21.1795921326, -74.7726974487, -1.50836884975, -16.5058383942, 12.02780056, -9.99438095093, 7.18792009354, -4.1992764473, 2.15944290161, -8.14291381836, -0.497064143419, -3.83998298645], [-3909.61474609, -236.992080688, 583.507568359, 49.4041633606, 180.040039062, -9.99438095093, 121.040969849, -13.7343759537, 53.5658836365, -18.4538917542, 40.2742462158, -7.02795934677, 15.4103088379], [612.432556152, 40.0771484375, -95.2582931519, -17.5324134827, -22.0568218231, 7.18792009354, -13.7343759537, 20.1841964722, -0.936137199402, 3.73932981491, -0.742254316807, 2.39045739174, -0.637557685375], [-1786.45458984, -105.932868958, 268.391937256, 18.8316078186, 84.0407104492, -4.1992764473, 53.5658836365, -0.936137199402, 29.9742069244, -6.29410219193, 21.6139888763, -1.79128289223, 8.7039270401], [592.513916016, 35.0252456665, -88.8131103516, -6.66381835938, -26.7612495422, 2.15944290161, -18.4538917542, 3.73932981491, -6.29410219193, 6.03939056396, -4.24678325653, 2.31838417053, -1.5818374157], [-1397.81591797, -79.2970199585, 216.674209595, 8.45119571686, 66.1232910156, -8.14291381836, 40.2742462158, -0.742254316807, 21.6139888763, -4.24678325653, 23.2897796631, 1.25490427017, 8.50985908508], [217.7865448, 12.0803585052, -30.9880256653, -3.62265586853, -10.0498361588, -0.497064143419, -7.02795934677, 2.39045739174, -1.79128289223, 2.31838417053, 1.25490427017, 3.89541578293, 1.13046264648], [-525.84588623, -29.5024757385, 81.7548522949, 4.39555454254, 24.0881290436, -3.83998298645, 15.4103088379, -0.637557685375, 8.7039270401, -1.5818374157, 8.50985908508, 1.13046264648, 5.67132902145]],
        "icov": [[0.00523043377325, -0.012124972418, 0.020778901875, 0.0081859510392, 0.0144514637068, -0.0155646502972, 0.0176189914346, 0.00509669352323, 0.00959259923548, -0.00082270760322, -0.00666463980451, -0.00906526204199, -0.00635571358725], [-0.012124972418, 0.0935011357069, -0.0149211045355, 0.0601184591651, -0.0812738463283, 0.070095539093, -0.0340587422252, 0.0273673478514, -0.0324749946594, -0.0296127684414, 0.0576455332339, 0.0401374287903, -0.0339674465358], [0.020778901875, -0.0149211045355, 0.129896625876, 0.0632071271539, -0.043303553015, -0.0045354780741, 0.068055793643, 0.0696032941341, 0.0112922322005, -0.0026783645153, -0.0198624189943, -0.0274121630937, -0.0515624061227], [0.0081859510392, 0.0601184591651, 0.0632071271539, 0.286143392324, -0.0445206798613, -0.0190674439073, -0.058341987431, 0.154597461224, -0.0218146890402, -0.172787964344, 0.253372490406, -0.160525172949, -0.0720056444407], [0.0144514637068, -0.0812738463283, -0.043303553015, -0.0445206798613, 0.326664298773, -0.205287158489, 0.0459049642086, -0.0708153918386, 0.0548134148121, 0.0298638548702, -0.12774848938, 0.0426295436919, 0.0241425298154], [-0.0155646502972, 0.070095539093, -0.0045354780741, -0.0190674439073, -0.205287158489, 0.390644848347, -0.0893634781241, -0.0988838374615, -0.0519268885255, -0.0719645991921, 0.224357530475, -0.0653361678123, 0.105770975351], [0.0176189914346, -0.0340587422252, 0.068055793643, -0.058341987431, 0.0459049642086, -0.0893634781241, 0.243767350912, -0.00332325394265, -0.0334005393088, 0.170071184635, -0.177823096514, 0.113124370575, -0.054634410888], [0.00509669352323, 0.0273673478514, 0.0696032941341, 0.154597461224, -0.0708153918386, -0.0988838374615, -0.00332325394265, 0.263440102339, -0.113318398595, -0.0296188853681, 0.000999133568257, -0.0523707568645, -0.0611914210021], [0.00959259923548, -0.0324749946594, 0.0112922322005, -0.0218146890402, 0.0548134148121, -0.0519268885255, -0.0334005393088, -0.113318398595, 0.36097112298, -0.105051741004, -0.0709663927555, 0.0595739893615, -0.104019641876], [-0.00082270760322, -0.0296127684414, -0.0026783645153, -0.172787964344, 0.0298638548702, -0.0719645991921, 0.170071184635, -0.0296188853681, -0.105051741004, 0.57011115551, -0.28116607666, 0.0415064245462, 0.0350373797119], [-0.00666463980451, 0.0576455332339, -0.0198624189943, 0.253372490406, -0.12774848938, 0.224357530475, -0.177823096514, 0.000999133568257, -0.0709663927555, -0.28116607666, 0.727789163589, -0.443880617619, -0.0234018396586], [-0.00906526204199, 0.0401374287903, -0.0274121630937, -0.160525172949, 0.0426295436919, -0.0653361678123, 0.113124370575, -0.0523707568645, 0.0595739893615, 0.0415064245462, -0.443880617619, 0.82153069973, -0.228297203779], [-0.00635571358725, -0.0339674465358, -0.0515624061227, -0.0720056444407, 0.0241425298154, 0.105770975351, -0.054634410888, -0.0611914210021, -0.104019641876, 0.0350373797119, -0.0234018396586, -0.228297203779, 0.57011204958]]
    },
    "melbands": {
        "max": [0.000677891541272, 0.000151088708662, 0.000304826360662, 0.00230852607638, 0.00645043421537, 0.0585267543793, 0.0286865886301, 0.0193984229118, 0.0618985034525, 0.0947619900107, 0.0899475365877, 0.00730506889522, 0.00970399565995, 0.017295146361, 0.0322018712759, 0.0107991034165, 0.00913656130433, 0.00258953380398, 0.0032081368845, 0.0028775089886, 0.00171067088377, 0.00136041175574, 0.000716858019587, 0.000833783240523, 0.000639348407276, 0.000209607169381, 0.0001618508104, 0.000113314832561, 3.65956038877e-05, 3.80791825592e-05, 2.42511468969e-05, 8.24898779683e-06, 5.99650593358e-06, 4.90383126817e-06, 5.38046469956e-06, 3.31082969751e-06, 2.51387859862e-06, 1.62944593285e-06, 1.0662860177e-06, 8.17507213924e-07],
        "mean": [8.33820740809e-06, 3.29048043568e-06, 4.60458386442e-06, 1.65515994013e-05, 5.59989784961e-05, 0.000423275545472, 0.000184239281225, 0.000115200862638, 0.000448826031061, 0.000641431310214, 0.000418602547143, 0.000111892732093, 9.52543850872e-05, 0.000155465997523, 0.00017666129861, 0.000106383646198, 0.000107329302409, 6.42018640065e-05, 5.42497873539e-05, 4.28201856266e-05, 2.6589998015e-05, 1.9663168132e-05, 1.30930820887e-05, 1.07746509457e-05, 5.82781467529e-06, 2.76115156339e-06, 2.17490060095e-06, 1.16913031434e-06, 7.10145911853e-07, 4.59850355128e-07, 3.2874822864e-07, 2.01348157702e-07, 1.44917819966e-07, 1.02195265583e-07, 7.99642592142e-08, 6.34674748312e-08, 4.70435281841e-08, 3.4370636115e-08, 2.73495448511e-08, 1.97985681183e-08],
        "min": [7.39218775924e-25, 8.44830389231e-25, 1.09694185429e-24, 9.36484094897e-25, 1.06605814706e-24, 6.79539525596e-25, 1.06400543238e-24, 1.28851238638e-24, 1.27249121304e-24, 1.12018731719e-24, 1.21063791136e-24, 6.62425977118e-25, 2.06992033099e-24, 1.74125957863e-24, 1.51073272845e-24, 1.97737412781e-24, 2.42747725552e-24, 2.7594216414e-24, 2.30313423863e-24, 2.61841512117e-24, 3.01578309458e-24, 3.06061997628e-24, 2.78435753461e-24, 2.8185643184e-24, 2.09599159226e-24, 3.60132358173e-24, 3.84419058305e-24, 3.87130018249e-24, 4.48735597883e-24, 3.67991306055e-24, 3.58162335835e-24, 4.08118727595e-24, 4.54731019649e-24, 4.51108018169e-24, 5.35608116209e-24, 5.25906547025e-24, 5.09585606542e-24, 5.19678529621e-24, 5.84043031942e-24, 5.60650387317e-24],
        "stdev": [4.72042447655e-05, 1.6052290448e-05, 2.32772399613e-05, 0.000120538396004, 0.000399743206799, 0.00414236215875, 0.00181744142901, 0.00111411500257, 0.00424452405423, 0.00613191630691, 0.00462991558015, 0.000633115589153, 0.000608007831033, 0.00100749067497, 0.00157894007862, 0.000637615390588, 0.000648820714559, 0.000295659177937, 0.000281303364318, 0.000228675213293, 0.000132603367092, 0.000101856589026, 6.65001498419e-05, 6.32021619822e-05, 3.89348024328e-05, 1.56498117576e-05, 1.22489000205e-05, 6.58582985125e-06, 3.15440888699e-06, 2.28437534133e-06, 1.59107435138e-06, 8.69665427672e-07, 6.37929133518e-07, 4.88020987177e-07, 4.02043639269e-07, 3.05144084223e-07, 2.27485784876e-07, 1.59596496019e-07, 1.25964845665e-07, 9.2881322189e-08]
    },
    "melbands128": {
        "max": [0.0012112215627, 0.00104541971814, 0.000434265704826, 0.000229056720855, 0.000210451020394, 0.000202059309231, 0.000208259763895, 0.000273439654848, 0.000665363739245, 0.00195964658633, 0.00389723293483, 0.00534200761467, 0.00568083208054, 0.0179813038558, 0.0563511550426, 0.117109254003, 0.0575727932155, 0.00405343575403, 0.00449218694121, 0.0120917866006, 0.0256554782391, 0.0830040350556, 0.110134251416, 0.111366078258, 0.0950937569141, 0.153670787811, 0.27176618576, 0.037822380662, 0.00992242712528, 0.00898926705122, 0.0158420633525, 0.0233511831611, 0.01007789094, 0.0138956289738, 0.0161381065845, 0.0111527936533, 0.0715984851122, 0.0459905713797, 0.0156468618661, 0.0158429667354, 0.013259254396, 0.00598143367097, 0.0176060106605, 0.00660722330213, 0.00282427389175, 0.00355690531433, 0.00299502396956, 0.00424956995994, 0.00294237886555, 0.0024568089284, 0.00448613846675, 0.00210105394945, 0.0028184922412, 0.000974798284005, 0.00108508975245, 0.00134393107146, 0.002301215427, 0.000682486628648, 0.00149049935862, 0.000819459848572, 0.0010834079003, 0.00151653611101, 0.00118922349066, 0.000175956665771, 0.000313913129503, 0.000390576547943, 0.000141479715239, 0.000405122002121, 0.000143893877976, 0.000174238841282, 0.000190257735085, 4.32980632468e-05, 3.29677313857e-05, 4.33273016824e-05, 3.36229422828e-05, 4.36486407125e-05, 2.79445757769e-05, 5.09640412929e-05, 2.16785338125e-05, 1.01616842585e-05, 1.30078860821e-05, 6.229376595e-06, 1.05694825834e-05, 6.57691862216e-06, 5.22962045579e-06, 5.9807348407e-06, 7.38288326829e-06, 6.46686794425e-06, 3.33050161316e-06, 8.03469447419e-06, 3.84209624826e-06, 2.79627010968e-06, 2.61207424046e-06, 2.69870724878e-06, 2.5835413453e-06, 2.00650379156e-06, 1.77080539743e-06, 1.85065300684e-06, 1.29799900606e-06, 1.01938667285e-06, 8.63909576765e-07, 1.06197103378e-06, 1.68200210737e-06, 6.19640616151e-07, 4.78354479583e-07, 6.85875136242e-07, 5.54794155505e-07, 4.34415909467e-07, 3.03978964666e-07, 3.04705650933e-07, 3.53088694283e-07, 3.39461251997e-07, 2.45363139584e-07, 2.30073780472e-07, 2.06008323289e-07, 1.08751507355e-07, 3.13687316122e-08, 3.15764481229e-08, 3.02342932912e-08, 3.03509537503e-08, 3.03215657027e-08, 2.70673066183e-08, 2.77842726604e-08, 2.66049156039e-08, 2.718114267e-08, 2.66743054311e-08, 2.62320760669e-08, 2.59671253389e-08],
        "mean": [1.64701486938e-05, 1.11517438199e-05, 4.59831608168e-06, 3.47255263478e-06, 3.90683226215e-06, 2.50073162533e-06, 2.61976174443e-06, 4.05204173148e-06, 8.87798159965e-06, 1.43518536788e-05, 2.08642795769e-05, 3.68388973584e-05, 5.56004051759e-05, 8.47954070196e-05, 0.000349732523318, 0.000819865032099, 0.000299006060231, 4.68153812108e-05, 4.07485968026e-05, 6.13958764006e-05, 0.000127532999613, 0.000337324105203, 0.000529892276973, 0.000517674547154, 0.000472934625577, 0.000719749368727, 0.000983595382422, 0.0002569979697, 0.000123543475638, 0.000108590094896, 0.000110580025648, 0.000111032364657, 8.55524558574e-05, 8.74898469192e-05, 0.000120573276945, 0.000156794922077, 0.000247384858085, 0.00020444591064, 0.000116780647659, 0.000105448794784, 0.0001056183537, 9.86417726381e-05, 0.000132742803544, 9.62866470218e-05, 6.93155379849e-05, 6.12556104898e-05, 5.3183077398e-05, 6.02209838689e-05, 5.37995401828e-05, 3.96869545511e-05, 4.82645991724e-05, 3.69309527741e-05, 2.90736788884e-05, 2.17058332055e-05, 1.96649671125e-05, 2.20541624003e-05, 1.7522037524e-05, 1.3634789866e-05, 1.20477552628e-05, 1.00709848994e-05, 9.79918331723e-06, 1.348013393e-05, 7.73117608333e-06, 2.98662325804e-06, 3.44818113263e-06, 2.80944027509e-06, 2.09842778531e-06, 2.78004745269e-06, 2.16934586206e-06, 1.55623195042e-06, 1.26977988657e-06, 8.8838424972e-07, 7.71666179844e-07, 7.29257408238e-07, 5.50607921923e-07, 4.79875723158e-07, 4.01412620477e-07, 4.08077426073e-07, 3.23375360267e-07, 2.56925517306e-07, 2.12198671079e-07, 1.71170640328e-07, 1.72211116478e-07, 1.53540710812e-07, 1.11458540175e-07, 1.05359873714e-07, 1.04303133242e-07, 8.84118449562e-08, 7.69809958001e-08, 7.24157729337e-08, 7.74249997448e-08, 5.60316664178e-08, 4.80342556841e-08, 4.93422227521e-08, 4.65325413757e-08, 3.78248294908e-08, 3.10816616889e-08, 2.96354976115e-08, 3.01551139614e-08, 2.42440041376e-08, 2.08716883776e-08, 1.71083129885e-08, 2.29893526438e-08, 1.38132802974e-08, 1.31998527664e-08, 1.09657403158e-08, 1.09074740351e-08, 8.35739299987e-09, 8.14159228923e-09, 7.70430386154e-09, 7.09275971289e-09, 6.99416879968e-09, 4.34105240643e-09, 4.26617097204e-09, 3.2797569105e-09, 1.61749980077e-09, 3.45113715383e-10, 2.49713139056e-10, 2.33161073782e-10, 2.1785230564e-10, 2.03733155346e-10, 1.79275261303e-10, 1.64765312505e-10, 1.53438220463e-10, 1.44382103495e-10, 1.2250035708e-10, 1.11565444383e-10, 1.04580101523e-10],
        "min": [8.16772406421e-27, 1.60061923777e-25, 1.17909461782e-25, 1.90473547054e-25, 3.27455298941e-26, 2.94075167426e-25, 2.22782627326e-25, 2.71225145705e-25, 8.43240292165e-26, 2.87028322264e-25, 1.85633380036e-25, 1.24598312005e-25, 3.25251098312e-25, 1.96845657297e-25, 2.17587288012e-25, 2.22026282281e-25, 3.90458463997e-25, 3.32922474792e-25, 2.69888125078e-25, 2.24034845405e-25, 5.35102791635e-25, 7.47174339546e-25, 5.19386907466e-25, 4.82138276028e-25, 3.76597093209e-25, 2.75740955305e-25, 5.55819708817e-25, 4.34699977581e-25, 4.75976877928e-25, 5.58727302202e-25, 4.53018708307e-25, 2.11764064721e-25, 6.17714672213e-25, 7.19364182319e-25, 6.59060154154e-25, 3.63014116364e-25, 5.24764818776e-25, 6.19823889058e-25, 6.20508028678e-25, 8.48860285166e-25, 9.33555350178e-25, 7.1236180919e-25, 6.68043307712e-25, 1.00113578203e-24, 7.26403237481e-25, 1.22775362921e-24, 1.23502071448e-24, 1.41748897502e-24, 9.02326220485e-25, 1.36683197617e-24, 9.16680136302e-25, 1.40897874357e-24, 8.95115045736e-25, 1.32990095985e-24, 1.01013954458e-24, 1.33533542263e-24, 1.12200278195e-24, 1.61014172567e-24, 1.26271446541e-24, 1.76179540293e-24, 1.42047885646e-24, 1.26096773016e-24, 1.38657805209e-24, 1.55090527283e-24, 1.65941032933e-24, 1.31280871062e-24, 1.86265915827e-24, 1.64981590718e-24, 1.18063269937e-24, 2.26732626442e-24, 2.09119354302e-24, 2.45897903526e-24, 1.58262822945e-24, 2.47260286031e-24, 1.80579214776e-24, 1.92081280091e-24, 2.52163056557e-24, 2.6681768615e-24, 2.51898886761e-24, 2.4399280444e-24, 1.97183178831e-24, 2.76982040585e-24, 2.1130645144e-24, 2.33799163544e-24, 2.68536042139e-24, 2.43316513986e-24, 2.53837906867e-24, 2.56325461402e-24, 2.67988059911e-24, 3.23846334255e-24, 3.22002076066e-24, 2.70924772124e-24, 3.38266041071e-24, 3.03571721522e-24, 3.84483350469e-24, 3.83380641253e-24, 3.22771392942e-24, 3.7918756944e-24, 2.34247177374e-24, 2.41678602089e-24, 3.32683824647e-24, 3.76866858986e-24, 3.89120550971e-24, 3.88691016208e-24, 4.28390283492e-24, 3.14859768873e-24, 3.50214562215e-24, 4.5709961396e-24, 3.83644396896e-24, 4.12914883569e-24, 4.22182973687e-24, 4.20342561195e-24, 3.16021741265e-24, 4.26341375062e-24, 4.26929234209e-24, 4.29141870719e-24, 4.86358859365e-24, 4.44794527686e-24, 3.99686159505e-24, 4.19041216802e-24, 4.45629970828e-24, 4.62628621715e-24, 4.80648571373e-24, 4.04079956975e-24, 4.54250800573e-24, 4.26359282205e-24, 4.44782458115e-24, 4.99904429411e-24],
        "stdev": [8.80433799466e-05, 6.73398244544e-05, 2.91218439088e-05, 1.91697527043e-05, 1.96485852939e-05, 1.34853071359e-05, 1.46325082824e-05, 2.1855610612e-05, 4.92121835123e-05, 0.000112618807179, 0.000185433600564, 0.000311377458274, 0.000438548042439, 0.000861060165334, 0.00331257237121, 0.00874521024525, 0.0034158215858, 0.000316004268825, 0.000276466365904, 0.000566398957744, 0.00149641965982, 0.00444493722171, 0.00652019074187, 0.00565569289029, 0.00460799178109, 0.00935001391917, 0.0135207753628, 0.00231937877834, 0.000768162601162, 0.000651262002066, 0.000830611039419, 0.00107133097481, 0.000612176023424, 0.000689197157044, 0.000835659913719, 0.000885683461092, 0.00317581533454, 0.00221787719056, 0.000845921924338, 0.000817977532279, 0.000720570154954, 0.00056691543432, 0.00110673892777, 0.000562293047551, 0.000330986018525, 0.000313104101224, 0.00027628679527, 0.000363347236998, 0.000283562898403, 0.000201824164833, 0.000304769346258, 0.000194767984794, 0.000169298698893, 0.000109011292807, 9.6838331956e-05, 0.000117272888019, 0.000123687306768, 6.91720997565e-05, 8.02466529422e-05, 5.9850364778e-05, 6.35150208836e-05, 0.000102282021544, 6.50507063256e-05, 1.48132558024e-05, 2.0002880774e-05, 2.10432426684e-05, 1.21371631394e-05, 2.2558204364e-05, 1.24767993839e-05, 9.86332179309e-06, 9.18493242352e-06, 4.26416045229e-06, 3.63912090506e-06, 3.38657173415e-06, 2.56822318079e-06, 2.54730639426e-06, 1.9953863557e-06, 2.57369129031e-06, 1.60939293892e-06, 1.16745525247e-06, 1.03651780137e-06, 7.52783932967e-07, 8.20962327452e-07, 6.93929678164e-07, 5.07579329678e-07, 5.15435147008e-07, 5.67752010738e-07, 4.7062729891e-07, 3.73197963199e-07, 4.3788588755e-07, 3.89063046669e-07, 2.61491294395e-07, 2.61213813246e-07, 2.4108027219e-07, 2.31959063512e-07, 1.91051412912e-07, 1.54025642018e-07, 1.42383299817e-07, 1.4716411556e-07, 1.14383823302e-07, 9.93271598304e-08, 8.68371330398e-08, 1.23189423107e-07, 6.78477718452e-08, 6.06505494716e-08, 5.52585213143e-08, 5.57196422335e-08, 3.98305672888e-08, 3.69401256251e-08, 3.52623530375e-08, 3.3146100975e-08, 3.19308242069e-08, 2.33567583052e-08, 2.09719850375e-08, 1.74610157444e-08, 8.77137296129e-09, 2.16387330276e-09, 2.10219353036e-09, 1.98227656512e-09, 1.8905488286e-09, 1.78719083976e-09, 1.58669866135e-09, 1.55391965961e-09, 1.45308809429e-09, 1.41079292693e-09, 1.3234866536e-09, 1.28333055294e-09, 1.25588517363e-09]
    },
    "mfcc": {
        "mean": [-1205.39428711, 10.9982814789, -6.8237786293, -1.45993959904, -1.38594257832, -0.392353624105, -1.00846457481, -0.313107460737, -0.0782039761543, 0.026243519038, -0.0405966229737, 0.189027920365, -0.262832283974],
        "cov": [[37307.8203125, 6783.33398438, -4268.54394531, -989.640625, -857.696777344, -324.100158691, -620.196533203, -153.980133057, -39.0384025574, 62.7961769104, 17.6776447296, 121.233779907, -146.484695435], [6783.33398438, 1268.35803223, -771.22253418, -180.114837646, -151.944641113, -61.8501548767, -113.278961182, -36.3094825745, -13.7517356873, 5.60299539566, 0.0886503979564, 20.0851345062, -26.1079750061], [-4268.54394531, -771.22253418, 499.380401611, 113.286582947, 99.3176727295, 35.2003364563, 68.3524932861, 12.9563102722, 0.821701169014, -9.69383811951, -4.43010473251, -15.3562602997, 17.6599502563], [-989.640625, -180.114837646, 113.286582947, 37.0046195984, 18.2312011719, 16.520866394, 14.2394237518, -0.425919800997, 0.753973722458, -5.43335723877, -4.95622253418, -2.78499341011, 1.69830775261], [-857.696777344, -151.944641113, 99.3176727295, 18.2312011719, 29.3841514587, 5.07503414154, 15.0003986359, 3.95107579231, 1.38025319576, -0.0780889838934, 1.09400093555, -2.88455963135, 5.40823698044], [-324.100158691, -61.8501548767, 35.2003364563, 16.520866394, 5.07503414154, 17.3925571442, 4.85967063904, -1.2713855505, 3.03389692307, -3.66471576691, -4.10743904114, 0.200309619308, -1.23288631439], [-620.196533203, -113.278961182, 68.3524932861, 14.2394237518, 15.0003986359, 4.85967063904, 15.1159143448, 5.67989444733, 1.63816559315, 0.0172456149012, 0.418406754732, -1.40559923649, 3.16105270386], [-153.980133057, -36.3094825745, 12.9563102722, -0.425919800997, 3.95107579231, -1.2713855505, 5.67989444733, 8.57453346252, 3.55354547501, 3.50263118744, 3.59596538544, -0.204500496387, 0.711341619492], [-39.0384025574, -13.7517356873, 0.821701169014, 0.753973722458, 1.38025319576, 3.03389692307, 1.63816559315, 3.55354547501, 5.39354372025, 2.72869944572, 1.31900405884, 0.820849597454, -0.757382392883], [62.7961769104, 5.60299539566, -9.69383811951, -5.43335723877, -0.0780889838934, -3.66471576691, 0.0172456149012, 3.50263118744, 2.72869944572, 4.86199092865, 3.40224456787, 0.370172530413, 0.0156800597906], [17.6776447296, 0.0886503979564, -4.43010473251, -4.95622253418, 1.09400093555, -4.10743904114, 0.418406754732, 3.59596538544, 1.31900405884, 3.40224456787, 4.89712524414, 0.729714632034, 0.546056389809], [121.233779907, 20.0851345062, -15.3562602997, -2.78499341011, -2.88455963135, 0.200309619308, -1.40559923649, -0.204500496387, 0.820849597454, 0.370172530413, 0.729714632034, 3.28569245338, 0.768715202808], [-146.484695435, -26.1079750061, 17.6599502563, 1.69830775261, 5.40823698044, -1.23288631439, 3.16105270386, 0.711341619492, -0.757382392883, 0.0156800597906, 0.546056389809, 0.768715202808, 4.59228849411]],
        "icov": [[0.00469113327563, -0.00980711262673, 0.0179158877581, 0.0130289671943, 0.0072490661405, -0.00359311304055, 0.0211168359965, -0.00646958127618, 0.00474123982713, -0.0133863883093, 0.0203246790916, -0.00655457749963, -0.00335963489488], [-0.00980711262673, 0.0668155550957, 0.0231225565076, 0.023010853678, -0.0247480385005, 0.0328304693103, -0.0495629832149, 0.100097075105, -0.0178654715419, 0.10435860604, -0.0333885550499, 0.0376056917012, 0.0205449685454], [0.0179158877581, 0.0231225565076, 0.175478979945, 0.0558390393853, -0.018428761512, 0.0284547917545, 0.0432605594397, 0.0889481380582, 0.0178576260805, 0.0546610280871, 0.0608645230532, 0.0517072118819, -0.019877595827], [0.0130289671943, 0.023010853678, 0.0558390393853, 0.310639292002, 0.0638236552477, -0.0560118220747, 0.0588945038617, 0.104602225125, -0.0226515177637, 0.0706243440509, 0.132525593042, -0.0514450855553, 0.0587389022112], [0.0072490661405, -0.0247480385005, -0.018428761512, 0.0638236552477, 0.166585505009, -0.0248871333897, -0.00555298477411, 0.0350029729307, -0.0702737271786, -0.0150727843866, -0.0291545465589, 0.0442954264581, -0.0821520835161], [-0.00359311304055, 0.0328304693103, 0.0284547917545, -0.0560118220747, -0.0248871333897, 0.211640298367, -0.0515091307461, 0.0912090465426, -0.182545483112, 0.188643574715, 0.0171983800828, -0.0278341509402, 0.062642596662], [0.0211168359965, -0.0495629832149, 0.0432605594397, 0.0588945038617, -0.00555298477411, -0.0515091307461, 0.40186804533, -0.245567589998, 0.107323341072, -0.119997516274, 0.203046560287, -0.121022045612, -0.0279794689268], [-0.00646958127618, 0.100097075105, 0.0889481380582, 0.104602225125, 0.0350029729307, 0.0912090465426, -0.245567589998, 0.580870568752, -0.267140418291, 0.211887136102, -0.231048703194, 0.182489365339, -0.0035701172892], [0.00474123982713, -0.0178654715419, 0.0178576260805, -0.0226515177637, -0.0702737271786, -0.182545483112, 0.107323341072, -0.267140418291, 0.682522296906, -0.480275899172, 0.194057703018, -0.209585607052, 0.116841755807], [-0.0133863883093, 0.10435860604, 0.0546610280871, 0.0706243440509, -0.0150727843866, 0.188643574715, -0.119997516274, 0.211887136102, -0.480275899172, 0.954720914364, -0.37898594141, 0.210773080587, -0.0245354566723], [0.0203246790916, -0.0333885550499, 0.0608645230532, 0.132525593042, -0.0291545465589, 0.0171983800828, 0.203046560287, -0.231048703194, 0.194057703018, -0.37898594141, 0.737435102463, -0.297515153885, 0.105818033218], [-0.00655457749963, 0.0376056917012, 0.0517072118819, -0.0514450855553, 0.0442954264581, -0.0278341509402, -0.121022045612, 0.182489365339, -0.209585607052, 0.210773080587, -0.297515153885, 0.67779904604, -0.29306986928], [-0.00335963489488, 0.0205449685454, -0.019877595827, 0.0587389022112, -0.0821520835161, 0.062642596662, -0.0279794689268, -0.0035701172892, 0.116841755807, -0.0245354566723, 0.105818033218, -0.29306986928, 0.471318304539]]
    },
    "spectral_contrast_coeffs": {
        "max": [-0.485025972128, -0.452570140362, -0.493907034397, -0.698650717735, -0.663664460182, -0.646977484226],
        "mean": [-0.937618196011, -0.94230222702, -0.943938076496, -0.947362065315, -0.942379355431, -0.939680039883],
        "min": [-0.984444737434, -0.997676968575, -0.998747885227, -0.983675777912, -0.987440228462, -0.965770661831],
        "stdev": [0.0834725350142, 0.0776145011187, 0.0613098889589, 0.0475466959178, 0.0584224760532, 0.0652295649052]
    },
    "spectral_contrast_valleys": {
        "max": [-5.70947933197, -4.38995218277, -4.33827733994, -4.30372524261, -5.57991600037, -9.17236804962],
        "mean": [-25.4606723785, -25.2685089111, -25.290014267, -25.2710800171, -25.3842391968, -25.7120666504],
        "min": [-28.118598938, -28.1370201111, -28.2450065613, -27.661277771, -27.6034488678, -27.4524707794],
        "stdev": [5.52954435349, 6.08996200562, 6.15528297424, 6.13264846802, 5.85739278793, 4.82864427567]
    }
},
"rhythm": {
    "beats_count": 20,
    "beats_loudness": {
        "max": 0.0657366290689,
        "mean": 0.00331270322204,
        "min": 0,
        "stdev": 0.0143214743584
    },
    "bpm": 92.7645721436,
    "bpm_histogram_first_peak_bpm": 92,
    "bpm_histogram_first_peak_weight": 0.285714328289,
    "bpm_histogram_second_peak_bpm": 98,
    "bpm_histogram_second_peak_spread": 0.375,
    "bpm_histogram_second_peak_weight": 0.263157904148,
    "danceability": 1.76782798767,
    "onset_rate": 0.470242828131,
    "beats_loudness_band_ratio": {
        "max": [0.0275364201516, 0.0789921060205, 0.308038532734, 0.502412199974, 0.302841335535, 0.220573410392],
        "mean": [0.00263318233192, 0.00644368538633, 0.0187255330384, 0.0407784059644, 0.023061895743, 0.0118476543576],
        "min": [0, 0, 0, 0, 0, 0],
        "stdev": [0.00790872611105, 0.0198714695871, 0.0679313540459, 0.125941872597, 0.0728578492999, 0.0480174869299]
    },
    "beats_position": [0.557278871536, 1.1261677742, 1.69505667686, 2.26394557953, 2.83283448219, 3.42494320869, 4.01705217361, 4.66721057892, 5.31736946106, 5.9675283432, 6.6176867485, 7.26784563065, 7.90639448166, 8.54494285583, 9.16027164459, 9.77560043335, 10.3909292221, 11.0062580109, 11.6215867996, 12.2136955261],
    "bpm_histogram": [0, 0, 0, 0, 0, 0, 0, 0, 0, 0, 0, 0, 0, 0, 0, 0, 0, 0, 0, 0, 0, 0, 0, 0, 0, 0, 0, 0, 0, 0, 0, 0, 0, 0, 0, 0, 0, 0, 0, 0, 0, 0, 0, 0, 0, 0, 0, 0, 0, 0, 0, 0, 0, 0, 0, 0, 0, 0, 0, 0, 0, 0, 0, 0, 0, 0, 0, 0, 0, 0, 0, 0, 0, 0, 0, 0, 0, 0, 0, 0, 0, 0, 0, 0, 0, 0, 0, 0, 0, 0, 0, 0, 0.263157904148, 0, 0.105263158679, 0, 0, 0, 0.263157904148, 0, 0, 0.157894730568, 0, 0, 0, 0.210526317358, 0, 0, 0, 0, 0, 0, 0, 0, 0, 0, 0, 0, 0, 0, 0, 0, 0, 0, 0, 0, 0, 0, 0, 0, 0, 0, 0, 0, 0, 0, 0, 0, 0, 0, 0, 0, 0, 0, 0, 0, 0, 0, 0, 0, 0, 0, 0, 0, 0, 0, 0, 0, 0, 0, 0, 0, 0, 0, 0, 0, 0, 0, 0, 0, 0, 0, 0, 0, 0, 0, 0, 0, 0, 0, 0, 0, 0, 0, 0, 0, 0, 0, 0, 0, 0, 0, 0, 0, 0, 0, 0, 0, 0, 0, 0, 0, 0, 0, 0, 0, 0, 0, 0, 0, 0, 0, 0, 0, 0, 0, 0, 0, 0, 0, 0, 0, 0, 0, 0, 0, 0, 0, 0, 0, 0, 0, 0, 0, 0, 0, 0, 0, 0, 0, 0, 0, 0, 0, 0, 0, 0, 0, 0, 0]
},
"tonal": {
    "chords_changes_rate": 0.0144927538931,
    "chords_number_rate": 0.00724637694657,
    "chords_strength": {
        "max": 0.59915792942,
        "mean": -0.756152451038,
        "min": -1,
        "stdev": 0.545857489109
    },
    "hpcp_crest": {
        "max": 35.780330658,
        "mean": 1.03961634636,
        "min": 0,
