{
"metadata": {
    "version": {
        "essentia": "2.1-beta5",
        "essentia_git_sha": "Undefined",
        "extractor": "music 2.0"
    },
    "audio_properties": {
        "analysis": {
            "equal_loudness": 0,
            "length": 26.2385482788,
            "sample_rate": 44100,
            "start_time": 191.4949646,
            "downmix": "mix"
        },
        "bit_rate": 192000,
        "length": 217.756744385,
        "lossless": 0,
        "number_channels": 2,
        "replay_gain": 0.596460342407,
        "sample_rate": 48000,
        "codec": "mp3",
        "md5_encoded": "8af9b31e6be86a3c85e5cbe93a3575d7"
    },
    "tags": {
        "file_name": "Greece_Olou Tou Kosmou tin Elpida_Cleopatra.mp3",
        "encoding": ["Lavf58.29.100"]
    }
},
"lowlevel": {
    "average_loudness": 0.353156775236,
    "barkbands_crest": {
        "max": 20.8437423706,
        "mean": 7.5478811264,
        "min": 2.32785105705,
        "stdev": 2.97927308083
    },
    "barkbands_flatness_db": {
        "max": 0.242118313909,
        "mean": 0.0967386886477,
        "min": 0.0183562897146,
        "stdev": 0.0337614268064
    },
    "barkbands_kurtosis": {
        "max": 26.439447403,
        "mean": 1.38759553432,
        "min": -1.71647632122,
        "stdev": 2.08528494835
    },
    "barkbands_skewness": {
        "max": 4.58238363266,
        "mean": -0.485529333353,
        "min": -2.50521659851,
        "stdev": 1.2413238287
    },
    "barkbands_spread": {
        "max": 80.2266769409,
        "mean": 27.6252498627,
        "min": 3.06801819801,
        "stdev": 11.8586997986
    },
    "dissonance": {
        "max": 0.499977529049,
        "mean": 0.480653971434,
        "min": 0.379622370005,
        "stdev": 0.0196856390685
    },
    "dynamic_complexity": 5.5720281601,
    "erbbands_crest": {
        "max": 25.86876297,
        "mean": 6.73895406723,
        "min": 2.61930656433,
        "stdev": 3.83587861061
    },
    "erbbands_flatness_db": {
        "max": 0.315088689327,
        "mean": 0.14915394783,
        "min": 0.0781180039048,
        "stdev": 0.0547858513892
    },
    "erbbands_kurtosis": {
        "max": 7.95824432373,
        "mean": 0.105452783406,
        "min": -1.51948618889,
        "stdev": 0.977534890175
    },
    "erbbands_skewness": {
        "max": 2.94358468056,
        "mean": -0.183575302362,
        "min": -2.64160108566,
        "stdev": 0.659775972366
    },
    "erbbands_spread": {
        "max": 80.6272354126,
        "mean": 33.4565467834,
        "min": 6.61267375946,
        "stdev": 10.9260072708
    },
    "hfc": {
        "max": 192.890365601,
        "mean": 21.3234405518,
        "min": 9.96118951603e-17,
        "stdev": 28.0706806183
    },
    "loudness_ebu128": {
        "integrated": -22.6835212708,
        "loudness_range": 17.0592288971,
        "momentary": {
            "max": -20.8843383789,
            "mean": -134.321563721,
            "min": -300.691009521,
            "stdev": 133.206878662
        },
        "short_term": {
            "max": -21.9293308258,
            "mean": -116.90952301,
            "min": -300.691009521,
            "stdev": 127.08921051
        }
    },
    "melbands_crest": {
        "max": 29.5105438232,
        "mean": 8.06700611115,
        "min": 1.53950762749,
        "stdev": 6.13947677612
    },
    "melbands_flatness_db": {
        "max": 0.322401016951,
        "mean": 0.0744776204228,
        "min": 0.00249259243719,
        "stdev": 0.0658941790462
    },
    "melbands_kurtosis": {
        "max": 88.1318740845,
        "mean": 1.2258669138,
        "min": -1.80527079105,
        "stdev": 4.31657457352
    },
    "melbands_skewness": {
        "max": 7.50042867661,
        "mean": 0.765036046505,
        "min": -0.365973114967,
        "stdev": 0.896639406681
    },
    "melbands_spread": {
        "max": 228.833496094,
        "mean": 80.908744812,
        "min": 3.80799150467,
        "stdev": 49.774017334
    },
    "pitch_salience": {
        "max": 0.898174524307,
        "mean": 0.670591652393,
        "min": 0.221214488149,
        "stdev": 0.134779065847
    },
    "silence_rate_20dB": {
        "max": 1,
        "mean": 1,
        "min": 1,
        "stdev": 0
    },
    "silence_rate_30dB": {
        "max": 1,
        "mean": 1,
        "min": 1,
        "stdev": 0
    },
    "silence_rate_60dB": {
        "max": 1,
        "mean": 0.528735637665,
        "min": 0,
        "stdev": 0.499172925949
    },
    "spectral_centroid": {
        "max": 11809.5439453,
        "mean": 5720.01660156,
        "min": 478.259002686,
        "stdev": 4342.39648438
    },
    "spectral_complexity": {
        "max": 52,
        "mean": 11.7108755112,
        "min": 0,
        "stdev": 13.0138845444
    },
    "spectral_decrease": {
        "max": 2.09928458387e-28,
        "mean": -2.56118126707e-09,
        "min": -3.67573207427e-08,
        "stdev": 3.42890471572e-09
    },
    "spectral_energy": {
        "max": 0.145389974117,
        "mean": 0.0116005809978,
        "min": 9.51283634609e-21,
        "stdev": 0.0149928973988
    },
    "spectral_energyband_high": {
        "max": 0.0253976508975,
        "mean": 0.00163684773725,
        "min": 6.67057025215e-21,
        "stdev": 0.00276830326766
    },
    "spectral_energyband_low": {
        "max": 0.0266049075872,
        "mean": 0.000903882551938,
        "min": 1.13181652716e-23,
        "stdev": 0.00213833828457
    },
    "spectral_energyband_middle_high": {
        "max": 0.0439933463931,
        "mean": 0.00500485720113,
        "min": 9.78815783921e-22,
        "stdev": 0.00714232586324
    },
    "spectral_energyband_middle_low": {
        "max": 0.138237968087,
        "mean": 0.00424095988274,
        "min": 1.24728312337e-22,
        "stdev": 0.00869792606682
    },
    "spectral_entropy": {
        "max": 9.82461547852,
        "mean": 8.55134963989,
        "min": 6.65475463867,
        "stdev": 1.05150854588
    },
    "spectral_flux": {
        "max": 0.338189274073,
        "mean": 0.0443738289177,
        "min": 6.13582171183e-11,
        "stdev": 0.0493055097759
    },
    "spectral_kurtosis": {
        "max": 20.0552616119,
        "mean": 1.8083871603,
        "min": -1.26583564281,
        "stdev": 3.53105020523
    },
    "spectral_rms": {
        "max": 0.0119098229334,
        "mean": 0.00232334807515,
        "min": 3.04644308911e-12,
        "stdev": 0.00243304111063
    },
    "spectral_rolloff": {
        "max": 19853.6132812,
        "mean": 9460.59375,
        "min": 430.6640625,
        "stdev": 7696.40234375
    },
    "spectral_skewness": {
        "max": 3.06116008759,
        "mean": 0.778109192848,
        "min": -0.121050417423,
        "stdev": 0.746753633022
    },
    "spectral_spread": {
        "max": 42924388,
        "mean": 18733910,
        "min": 1537915.125,
        "stdev": 17802774
    },
    "spectral_strongpeak": {
        "max": 9.04833507538,
        "mean": 1.09387552738,
        "min": 0,
        "stdev": 1.66378772259
    },
    "zerocrossingrate": {
        "max": 0.74755859375,
        "mean": 0.263703376055,
        "min": 0.03515625,
        "stdev": 0.197589859366
    },
    "barkbands": {
        "max": [0.00174019951373, 0.0249443501234, 0.00867340713739, 0.0105606159195, 0.0146842394024, 0.0534733310342, 0.0810786783695, 0.0288916006684, 0.0414701588452, 0.0163583271205, 0.0208429545164, 0.0155180674046, 0.0288726557046, 0.01852767542, 0.0130882496014, 0.0080321803689, 0.00451464997604, 0.00605272734538, 0.00372766284272, 0.00582532398403, 0.00620053615421, 0.00876007881016, 0.0100945224985, 0.00835477840155, 0.00144095253199, 0.000553778198082, 5.24822155512e-07],
        "mean": [5.35684848728e-05, 0.000553369871341, 0.000236417734413, 0.000198994966922, 0.000447298865765, 0.000683275517076, 0.00109101994894, 0.000523161550518, 0.00116987770889, 0.000460066396045, 0.000798845954705, 0.000264344242169, 0.000569511495996, 0.000676792347804, 0.000479228183394, 0.000456052803202, 0.000297165213851, 0.000553491117898, 0.000206370707019, 0.000498325272929, 0.000451766885817, 0.0002523776202, 0.000326466193656, 0.000284590816591, 5.32185185875e-05, 1.49886445797e-05, 7.03120850432e-09],
        "min": [1.82280597929e-25, 1.62432258513e-24, 1.47205758997e-25, 3.81610181002e-25, 5.24497996436e-24, 5.2145362443e-24, 3.34467281382e-24, 4.68868472032e-24, 1.33650739383e-23, 1.17710818717e-23, 6.56472453727e-24, 1.39411916792e-23, 2.63352598847e-23, 1.78267134461e-23, 2.89573514921e-23, 5.12816260161e-23, 4.67279043526e-23, 6.55515707444e-23, 9.98327015167e-23, 1.12617000279e-22, 2.20106833815e-22, 2.72534075192e-22, 3.38186740039e-22, 5.54749758233e-22, 8.08204178514e-22, 1.17146768339e-21, 1.79672131074e-21],
        "stdev": [0.000130940708914, 0.00159179139882, 0.000636995304376, 0.000609960698057, 0.00120055803563, 0.0028205763083, 0.00400221021846, 0.00198013242334, 0.00427100760862, 0.00167572509963, 0.00223897653632, 0.00117819081061, 0.00181013753172, 0.00171968713403, 0.000928290188313, 0.000839946849737, 0.000571414711885, 0.000936319294851, 0.000413397647208, 0.000835185230244, 0.000777152192313, 0.000628461362794, 0.000913143448997, 0.000636766315438, 0.000114316535473, 3.63536928489e-05, 2.90299730921e-08]
    },
    "erbbands": {
        "max": [0.792167067528, 5.16949558258, 10.0766420364, 20.5348262787, 44.8286170959, 61.1933097839, 81.0369644165, 614.244262695, 1556.50195312, 452.94152832, 794.899658203, 698.338195801, 606.96472168, 629.158874512, 890.20300293, 702.069458008, 1200.69921875, 1029.66149902, 675.140258789, 1057.39172363, 280.488708496, 321.07131958, 192.775741577, 212.934906006, 244.459609985, 413.949462891, 314.486114502, 289.533172607, 317.14944458, 307.625976562, 306.519470215, 310.208068848, 81.4776763916, 23.9725131989, 6.34551286697, 1.99151992798, 1.65930938721, 0.0516536161304, 0.00120993086603, 0.000168621118064],
        "mean": [0.0185655895621, 0.113482609391, 0.265869855881, 0.466271668673, 1.22193825245, 1.46620047092, 1.69691729546, 7.35387992859, 15.6861095428, 12.5704011917, 21.9466171265, 19.8106098175, 14.5683507919, 17.6261329651, 29.8932323456, 12.6766138077, 24.8963985443, 39.3464927673, 18.5928955078, 41.0372924805, 16.0876026154, 18.3935813904, 23.1120052338, 21.359210968, 12.9112472534, 26.7722854614, 21.2059898376, 13.3357954025, 8.78721523285, 9.02429103851, 9.98865413666, 8.14413166046, 3.23321032524, 0.764847278595, 0.342979311943, 0.10437759012, 0.0233996082097, 0.00104492367245, 3.9998365537e-05, 1.99605365196e-05],
        "min": [4.91101980221e-23, 3.15969311992e-22, 1.37573827969e-21, 2.38641606722e-21, 7.79873717113e-21, 1.74360965112e-20, 2.42839499863e-20, 5.13572951697e-20, 7.91898128253e-20, 1.40074118695e-19, 1.51731575068e-19, 2.76751988891e-19, 4.13337085611e-19, 6.15700463522e-19, 7.12765714008e-19, 6.31443830229e-19, 1.31453102764e-18, 1.77933580795e-18, 2.14462228197e-18, 2.54651356605e-18, 3.08079903628e-18, 3.41209479777e-18, 5.54571330285e-18, 4.966203387e-18, 5.22807925636e-18, 6.33000832296e-18, 8.70376149577e-18, 9.69758177862e-18, 8.27250343879e-18, 8.1252462646e-18, 1.04335500122e-17, 9.80985583034e-18, 8.87077257016e-18, 7.31523792156e-18, 5.88005557054e-18, 3.73281381436e-18, 2.15802136713e-18, 8.92853479913e-19, 2.36981429383e-19, 2.52163634824e-20],
        "stdev": [0.0569405071437, 0.327567487955, 0.721445977688, 1.2167236805, 4.07063341141, 3.85871434212, 5.32262325287, 30.7672176361, 67.2714767456, 29.8550567627, 81.8906707764, 69.0717086792, 51.2928619385, 45.5439949036, 83.8612136841, 48.8783607483, 76.5828475952, 102.677452087, 40.178188324, 79.1161346436, 31.7927188873, 34.6559143066, 36.0599479675, 33.2522659302, 23.3650398254, 47.3793106079, 37.9822769165, 25.1818656921, 21.5499420166, 25.1838970184, 26.8582515717, 20.2687931061, 6.63155269623, 1.69255650043, 0.682467162609, 0.207932725549, 0.0866791754961, 0.0029289224185, 7.99404151621e-05, 2.56690727838e-05]
    },
    "gfcc": {
        "mean": [-517.789367676, 29.8433589935, -94.0937652588, 19.6192684174, -42.5444602966, 14.5521354675, -24.2132434845, 8.54290485382, -12.4918727875, 3.48235917091, -8.01233100891, -1.22264766693, -5.77964067459],
        "cov": [[381404.78125, 14191.9326172, -46054.1992188, 11372.5791016, -21804.4609375, 7505.21582031, -12301.3632812, 4325.10546875, -6105.39697266, 1963.98608398, -3689.87451172, -536.261901855, -2847.02416992], [14191.9326172, 1197.68774414, -1885.83251953, 205.750411987, -739.128723145, 162.906402588, -463.770324707, 174.689956665, -241.139190674, 21.6170330048, -213.623382568, -39.5194854736, -97.3567123413], [-46054.1992188, -1885.83251953, 6339.90527344, -933.85333252, 2582.34228516, -890.115722656, 1415.57312012, -547.926452637, 825.218200684, -188.246032715, 486.734527588, 129.270111084, 363.666381836], [11372.5791016, 205.750411987, -933.85333252, 731.469177246, -655.002380371, 258.345367432, -418.405517578, 90.0252532959, -125.17427063, 99.3405838013, -51.1600570679, 16.8528175354, -62.1614227295], [-21804.4609375, -739.128723145, 2582.34228516, -655.002380371, 1343.71923828, -414.471221924, 712.456054688, -238.773483276, 337.05569458, -115.577445984, 195.941665649, 24.2389717102, 157.520324707], [7505.21582031, 162.906402588, -890.115722656, 258.345367432, -414.471221924, 246.714111328, -206.204376221, 78.2343444824, -132.301330566, 48.8707847595, -61.1074256897, -16.043586731, -58.2364425659], [-12301.3632812, -463.770324707, 1415.57312012, -418.405517578, 712.456054688, -206.204376221, 479.244567871, -111.110412598, 186.542190552, -58.3283538818, 131.796798706, 5.00605773926, 91.0604705811], [4325.10546875, 174.689956665, -547.926452637, 90.0252532959, -238.773483276, 78.2343444824, -111.110412598, 158.458328247, -6.53146839142, 10.7178087234, -61.9865455627, -19.1811504364, -48.3435554504], [-6105.39697266, -241.139190674, 825.218200684, -125.17427063, 337.05569458, -132.301330566, 186.542190552, -6.53146839142, 200.788818359, -16.4249172211, 64.1835098267, 14.4434347153, 48.7048530579], [1963.98608398, 21.6170330048, -188.246032715, 99.3405838013, -115.577445984, 48.8707847595, -58.3283538818, 10.7178087234, -16.4249172211, 64.7964630127, 22.4678192139, 14.9439525604, -5.0293469429], [-3689.87451172, -213.623382568, 486.734527588, -51.1600570679, 195.941665649, -61.1074256897, 131.796798706, -61.9865455627, 64.1835098267, 22.4678192139, 110.75466156, 23.9728507996, 46.0126228333], [-536.261901855, -39.5194854736, 129.270111084, 16.8528175354, 24.2389717102, -16.043586731, 5.00605773926, -19.1811504364, 14.4434347153, 14.9439525604, 23.9728507996, 46.4067878723, 23.4077167511], [-2847.02416992, -97.3567123413, 363.666381836, -62.1614227295, 157.520324707, -58.2364425659, 91.0604705811, -48.3435554504, 48.7048530579, -5.0293469429, 46.0126228333, 23.4077167511, 61.4407997131]],
        "icov": [[0.000514995539561, -0.000838895735797, 0.0012387894094, -0.00201797182672, 0.00231414707378, -0.00135925668292, 0.00119465042371, -0.00206589279696, 0.00181641918607, -0.00167897692882, 0.000994519679807, -0.000980921089649, 0.000594606390223], [-0.000838895735797, 0.00349954795092, -0.00142686534673, 0.00325102289207, -0.0040147411637, 0.00400474946946, -0.00138355861418, 0.00274396152236, -0.0022314041853, 0.00180654029828, 0.000660106656142, 0.0019322525477, -0.00260790414177], [0.0012387894094, -0.00142686534673, 0.00533106829971, -0.00699433637783, 0.00421076454222, -0.000906725006644, -0.000573953613639, -0.0015098125441, 0.000761544157285, -0.00268161878921, 0.00378426210955, -0.00501094199717, 0.00277051678859], [-0.00201797182672, 0.00325102289207, -0.00699433637783, 0.0141940647736, -0.00770370988175, 0.000279440951999, 0.00302043370903, 0.00549097917974, -0.00592567119747, 0.00526500679553, -0.00758840376511, 0.00604429328814, -0.0042290110141], [0.00231414707378, -0.0040147411637, 0.00421076454222, -0.00770370988175, 0.0176950879395, -0.00544512085617, 0.00092990527628, -0.00657540094107, 0.00640053441748, -0.00632254453376, 0.00538176205009, -0.00373943801969, 0.00287682446651], [-0.00135925668292, 0.00400474946946, -0.000906725006644, 0.000279440951999, -0.00544512085617, 0.0193259976804, -0.0104455528781, 0.00563217233866, -0.00193842465524, -5.93383410887e-05, 0.003332688706, 0.0023380103521, -0.000653337454423], [0.00119465042371, -0.00138355861418, -0.000573953613639, 0.00302043370903, 0.00092990527628, -0.0104455528781, 0.0261397100985, -0.0136946970597, 0.00918918289244, -0.00308618065901, -0.00890954118222, 0.00597331672907, -0.00532387755811], [-0.00206589279696, 0.00274396152236, -0.0015098125441, 0.00549097917974, -0.00657540094107, 0.00563217233866, -0.0136946970597, 0.0304476842284, -0.0230700206012, 0.00959889404476, 0.00229841819964, -0.000577095313929, 0.00713359797373], [0.00181641918607, -0.0022314041853, 0.000761544157285, -0.00592567119747, 0.00640053441748, -0.00193842465524, 0.00918918289244, -0.0230700206012, 0.0292497184128, -0.0118730235845, 0.00137041183189, 0.00142480200157, -0.00561569724232], [-0.00167897692882, 0.00180654029828, -0.00268161878921, 0.00526500679553, -0.00632254453376, -5.93383410887e-05, -0.00308618065901, 0.00959889404476, -0.0118730235845, 0.0397209301591, -0.019692460075, -0.00573271187022, 0.00413681007922], [0.000994519679807, 0.000660106656142, 0.00378426210955, -0.00758840376511, 0.00538176205009, 0.003332688706, -0.00890954118222, 0.00229841819964, 0.00137041183189, -0.019692460075, 0.033664368093, -0.0045616379939, -0.00474365847185], [-0.000980921089649, 0.0019322525477, -0.00501094199717, 0.00604429328814, -0.00373943801969, 0.0023380103521, 0.00597331672907, -0.000577095313929, 0.00142480200157, -0.00573271187022, -0.0045616379939, 0.0376584678888, -0.0166505761445], [0.000594606390223, -0.00260790414177, 0.00277051678859, -0.0042290110141, 0.00287682446651, -0.000653337454423, -0.00532387755811, 0.00713359797373, -0.00561569724232, 0.00413681007922, -0.00474365847185, -0.0166505761445, 0.0392137765884]]
    },
    "melbands": {
        "max": [0.00714457966387, 0.00430103065446, 0.00455187633634, 0.0026039602235, 0.0033281322103, 0.014566344209, 0.0215107481927, 0.00400643330067, 0.0064113419503, 0.00381551822647, 0.00302307587117, 0.00274303136393, 0.00340206548572, 0.0017285910435, 0.00327469059266, 0.00134758930653, 0.00181434629485, 0.000887417118065, 0.000794122577645, 0.00112523220014, 0.000343670602888, 0.000372794049326, 0.000320928404108, 0.000395592825953, 0.000168678991031, 0.000136580187245, 0.000247461692197, 0.000303699955111, 0.000268354575383, 0.000179104710696, 0.000166076672031, 0.000165456251125, 0.000182715972187, 0.000196814842639, 0.000216582106077, 0.000263144407654, 0.000173174295924, 6.4523461333e-05, 2.48381365964e-05, 1.77562160388e-05],
        "mean": [0.000160038398462, 0.000140988049679, 0.000107562853373, 9.43466002354e-05, 6.12582225585e-05, 0.000163297678228, 0.000239082059124, 0.000117950294225, 0.00021965749329, 0.000115838993224, 7.20307507436e-05, 6.62114834995e-05, 0.000121612145449, 3.01135169138e-05, 4.4395957957e-05, 6.67536369292e-05, 6.89338558004e-05, 2.69542069873e-05, 4.19829157181e-05, 4.32086053479e-05, 1.51045351231e-05, 1.83628526429e-05, 1.42898179547e-05, 3.33814750775e-05, 1.54980698426e-05, 8.07021660876e-06, 1.33903959068e-05, 1.73450735019e-05, 1.45988160511e-05, 8.89901821211e-06, 6.87507326802e-06, 4.15739759774e-06, 6.08249183642e-06, 4.77946059618e-06, 6.63056607664e-06, 4.46838339485e-06, 4.92707158628e-06, 2.50460811912e-06, 9.70750647866e-07, 5.07742356604e-07],
        "min": [5.14045037239e-25, 8.68941725584e-25, 6.23315190209e-25, 8.63539704713e-25, 9.49024715315e-25, 1.33716686183e-24, 1.2631895569e-24, 1.45944276733e-24, 1.00287374121e-24, 1.78925348167e-24, 1.83603727209e-24, 2.09750265532e-24, 2.25666678143e-24, 1.55345733647e-24, 1.90632872304e-24, 2.3130009164e-24, 2.29869492388e-24, 2.8342598894e-24, 2.65911994945e-24, 2.98027035156e-24, 2.78308628526e-24, 2.9627010387e-24, 3.09101636468e-24, 2.71134076644e-24, 3.02303134579e-24, 3.28193174779e-24, 3.96638632056e-24, 3.84277576102e-24, 4.55264210734e-24, 4.55562163498e-24, 4.71696972251e-24, 3.91807450658e-24, 4.82446148718e-24, 4.0474524282e-24, 4.41390868982e-24, 5.09523523188e-24, 5.61219984333e-24, 5.20308671712e-24, 4.84833320703e-24, 5.5342734021e-24],
        "stdev": [0.000466286612209, 0.000359801022569, 0.000287887523882, 0.000258718559053, 0.000182683492312, 0.000689301814418, 0.000966236402746, 0.000281154032564, 0.000855447084177, 0.000388452142943, 0.000262755667791, 0.000194240026758, 0.000342614104738, 0.000118166863103, 0.000200810100068, 0.00016639327805, 0.000183481752174, 7.27724327589e-05, 7.38284943509e-05, 8.45081231091e-05, 3.76817915821e-05, 3.81955505873e-05, 3.11434923788e-05, 6.02805484959e-05, 2.48095057032e-05, 1.66571262525e-05, 2.47176303674e-05, 3.30197326548e-05, 2.88193932647e-05, 1.61232528626e-05, 1.42750304803e-05, 1.20260992844e-05, 1.4229338376e-05, 1.47795535668e-05, 1.65200908668e-05, 1.5098285985e-05, 1.19297119454e-05, 5.47037916476e-06, 2.0515117285e-06, 1.23180177525e-06]
    },
    "melbands128": {
        "max": [0.00146578531712, 0.00696636224166, 0.0110447993502, 0.00777852069587, 0.00612472789362, 0.00379911344498, 0.00341458967887, 0.00627955747768, 0.00603651395068, 0.00309547013603, 0.00389328226447, 0.00572868622839, 0.00295004295185, 0.00292316474952, 0.00939177908003, 0.0227754749358, 0.0332534722984, 0.0230454280972, 0.0163877271116, 0.00442569004372, 0.00323625747114, 0.00897993519902, 0.0108516486362, 0.0174528863281, 0.00355763733387, 0.00535248219967, 0.00558597920462, 0.00593084748834, 0.00484144547954, 0.00502651091665, 0.00286863697693, 0.0033478946425, 0.00661108735949, 0.00265537924133, 0.00383787229657, 0.0025110184215, 0.00433587981388, 0.00626304978505, 0.00795812252909, 0.00364964641631, 0.00176941615064, 0.00369608588517, 0.00320914923213, 0.000841755769216, 0.00222894200124, 0.000726043945178, 0.00342812086456, 0.00045173583203, 0.000940223515499, 0.00387085974216, 0.000546917552128, 0.000523611146491, 0.000736497633625, 0.000481140246848, 0.000236997730099, 0.000684701954015, 0.000569911324419, 0.000592933909502, 0.000302985397866, 0.000174768370925, 0.000530485820491, 0.000899010454305, 0.000276169157587, 0.000144031451782, 0.000601939333137, 0.000110726497951, 0.000151575863129, 0.00051702989731, 0.000251835939707, 0.00038283583126, 0.000722551427316, 0.000375411123969, 0.000319436599966, 0.000597389123868, 0.000333209754899, 0.000204546973691, 0.00042041199049, 0.000301070802379, 0.000177192996489, 0.000315949058859, 0.000308305665385, 0.000245820789132, 0.000286549009616, 0.000182825693628, 0.000215904263314, 0.000212437051232, 0.000266237184405, 0.000301633146591, 0.000229905170272, 0.000220289759454, 0.000333659583703, 0.000340354861692, 0.000269854790531, 0.000195011860342, 0.000286746333586, 8.35737519083e-05, 7.40048708394e-05, 3.42107232427e-05, 2.89497511403e-05, 1.96375331143e-05, 1.8959526642e-05, 1.81899849849e-05, 1.69030718098e-05, 1.25585838759e-05, 7.67865822127e-06, 9.52351274464e-06, 6.18106423644e-06, 5.56976829102e-06, 5.88641341892e-06, 4.409135272e-06, 2.26400243264e-06, 1.31832830448e-05, 6.69090741212e-06, 2.12361305785e-06, 5.64010349535e-07, 7.40029335589e-08, 1.66374256594e-08, 3.09989145464e-10, 2.75511391479e-10, 2.49667175822e-10, 2.33512736925e-10, 2.05856429125e-10, 1.91999111054e-10, 1.86385171186e-10, 1.68232067166e-10, 1.62509297685e-10, 1.59261534516e-10, 1.55430404658e-10],
        "mean": [4.18361050833e-05, 0.000153029686771, 0.000207608478377, 0.00017959944671, 0.000142698467243, 0.000111992609163, 8.03832153906e-05, 0.000115243667096, 0.000140888223541, 7.67598830862e-05, 8.40725115268e-05, 7.44198187022e-05, 4.78867550555e-05, 5.15096398885e-05, 0.000131885099108, 0.000255105347605, 0.000250056997174, 0.000268945324933, 0.000171219420736, 0.00015666949912, 6.29834612482e-05, 7.51891711843e-05, 0.000264291593339, 0.000378039723728, 7.96049644123e-05, 4.24694298999e-05, 9.02252722881e-05, 6.64920444251e-05, 7.00943419361e-05, 6.81528254063e-05, 3.88174048567e-05, 0.000106532192149, 0.000209097444895, 5.12262340635e-05, 3.09322458634e-05, 2.50507910096e-05, 2.65015369223e-05, 4.09146377933e-05, 6.40712605673e-05, 4.58969370811e-05, 3.81982172257e-05, 0.000146044665598, 8.98553917068e-05, 1.29749032567e-05, 3.66477033822e-05, 2.68987532763e-05, 2.190572377e-05, 2.46387098741e-05, 3.7154644815e-05, 0.000120773460367, 1.76247121999e-05, 8.83098709892e-06, 2.32979673456e-05, 1.2833051187e-05, 7.50391609472e-06, 2.57028259512e-05, 1.89214806596e-05, 1.98480174731e-05, 1.08099902718e-05, 5.97398593527e-06, 3.9573857066e-05, 5.73116849409e-05, 1.03693273559e-05, 5.93417644268e-06, 1.52459297169e-05, 5.71363580093e-06, 5.56061286261e-06, 1.12925736175e-05, 9.53695780481e-06, 2.36825217144e-05, 2.58086984104e-05, 7.31341833671e-06, 1.16546543723e-05, 2.13301409531e-05, 1.09856846393e-05, 6.15272892901e-06, 9.68847780314e-06, 1.00723545984e-05, 5.91375646763e-06, 4.68917505714e-06, 3.60158651347e-06, 3.33319144374e-06, 6.48530840408e-06, 7.95240703155e-06, 4.07303832617e-06, 3.55793554263e-06, 5.19726745551e-06, 6.58228509565e-06, 9.12328232516e-06, 3.95120423491e-06, 4.45126534032e-06, 3.25098676512e-06, 7.03915020495e-06, 5.69123994865e-06, 3.57228577741e-06, 2.16524949792e-06, 3.13471468871e-06, 1.6870503714e-06, 7.89676448676e-07, 6.02926718329e-07, 6.75752687584e-07, 4.3506938141e-07, 3.93814559629e-07, 5.66115716083e-07, 4.04189592018e-07, 2.28334684493e-07, 3.7576359091e-07, 2.17340542008e-07, 1.2309155295e-07, 1.611396101e-07, 7.16947354817e-08, 1.20810469184e-07, 7.99549724206e-08, 2.72242210997e-08, 1.55266111079e-08, 2.598869564e-09, 2.69400141084e-10, 2.8217777507e-12, 2.60017831918e-12, 2.51649070505e-12, 2.42780144946e-12, 2.36517077624e-12, 2.28407440531e-12, 2.19486581687e-12, 1.99409065649e-12, 1.69107891752e-12, 1.52564657956e-12, 1.49243562387e-12],
        "min": [2.18695770087e-26, 7.84474961847e-26, 2.01332032525e-25, 3.85729144263e-25, 3.00469723228e-25, 7.56471509048e-26, 9.19723808193e-26, 1.08767254143e-25, 3.51816630245e-25, 3.50444308092e-25, 2.24083360351e-25, 3.41628393046e-25, 1.62607430007e-25, 1.35164462881e-25, 4.59612254272e-25, 3.68939891572e-25, 3.74071776888e-25, 5.35491404239e-25, 6.02369256846e-25, 1.89388850983e-25, 2.21253395809e-25, 2.11024754141e-25, 3.93558983177e-25, 4.68411208809e-25, 5.34247518502e-25, 5.5586211009e-25, 6.08326635795e-25, 3.44507661395e-25, 4.72986404844e-25, 1.0834237366e-24, 1.1648365486e-24, 5.34312747438e-25, 8.45648536598e-25, 3.12867461214e-25, 1.92205047437e-25, 5.30664315056e-25, 8.5099513999e-25, 8.40409612718e-25, 5.94075419808e-25, 7.73944531579e-25, 1.03498176056e-24, 1.13831721433e-24, 4.80835669458e-25, 9.26482620517e-25, 7.51530330857e-25, 8.91163444246e-25, 9.15429200121e-25, 1.48556747392e-24, 1.22535440737e-24, 1.164082792e-24, 7.43223526917e-25, 1.53224516255e-24, 1.13350299344e-24, 1.08969064484e-24, 1.13917924209e-24, 1.18306889906e-24, 1.57001118813e-24, 1.18091451992e-24, 1.40034022362e-24, 1.6648964625e-24, 1.82349004496e-24, 8.96422582686e-25, 2.03000870235e-24, 2.12559162557e-24, 1.09202567312e-24, 2.0249333685e-24, 1.54297258617e-24, 1.48961669695e-24, 2.68988749691e-24, 1.60839084889e-24, 1.69371394579e-24, 2.40094510226e-24, 2.40447032443e-24, 2.22138497745e-24, 2.507852321e-24, 1.73441956293e-24, 2.04217313472e-24, 2.37766345037e-24, 2.04256953733e-24, 2.14282685585e-24, 2.89868813168e-24, 2.72283683641e-24, 2.15928742471e-24, 2.90807892911e-24, 2.68624710104e-24, 1.84554284878e-24, 2.67877086903e-24, 2.78686315406e-24, 2.62004411894e-24, 1.44295636327e-24, 2.96515104345e-24, 3.02864981037e-24, 2.37364361241e-24, 3.10264811873e-24, 3.74044156895e-24, 4.20542064118e-24, 2.32952222755e-24, 2.54050485159e-24, 2.97105132859e-24, 3.08272247834e-24, 3.66907726716e-24, 3.74287441598e-24, 3.25676570441e-24, 3.8622389317e-24, 4.40540121939e-24, 3.22172075591e-24, 3.89815497986e-24, 3.59298177209e-24, 4.27961971463e-24, 4.2046775342e-24, 3.90885824462e-24, 3.48735921334e-24, 4.34718762332e-24, 4.90418455912e-24, 4.53826393406e-24, 4.73258285755e-24, 3.58141470464e-24, 4.53458429236e-24, 4.26496228458e-24, 4.68971497267e-24, 5.17212826533e-24, 4.32711624087e-24, 4.70936194794e-24, 5.05562415925e-24, 4.33358213928e-24, 4.15328876826e-24, 4.68028059067e-24, 5.30967681378e-24],
        "stdev": [0.000108743050077, 0.000486807053676, 0.00066069647437, 0.000526140502188, 0.000417509756517, 0.000292683602311, 0.00022517083562, 0.000367231114069, 0.000525421404745, 0.000274647492915, 0.000240308290813, 0.000242334761424, 0.000180853137863, 0.000219590874622, 0.000598073645961, 0.00118070002645, 0.00130410073325, 0.0013240352273, 0.000690222077537, 0.000424205121817, 0.000199644360691, 0.000457074726, 0.00113560329191, 0.00172048970126, 0.000313177268254, 0.000233974729781, 0.000398857024265, 0.000373607559595, 0.000334009760991, 0.000324546708725, 0.000191420302144, 0.000345817767084, 0.000638902478386, 0.000228333519772, 0.000190492428374, 0.00013742534793, 0.000211660095374, 0.000285405782051, 0.000356054020813, 0.000209192337934, 0.000145557394717, 0.000462342024548, 0.000315074954415, 4.49019789812e-05, 0.000139898926136, 6.97365248925e-05, 0.000117598930956, 4.90716010972e-05, 8.24979651952e-05, 0.000264058558969, 3.92544498027e-05, 3.24979046127e-05, 7.11803440936e-05, 3.86850733776e-05, 2.30245823332e-05, 6.56812408124e-05, 4.63894102722e-05, 5.73969009565e-05, 2.871480865e-05, 1.44326641021e-05, 7.60855837143e-05, 0.000115745366202, 2.31408594118e-05, 1.34827378133e-05, 5.28633136128e-05, 1.08345711851e-05, 1.45808271554e-05, 3.50328591594e-05, 2.34754916164e-05, 4.98830995639e-05, 5.94320117671e-05, 2.15607342398e-05, 3.3331783925e-05, 5.03711344209e-05, 2.73064324574e-05, 1.5171843188e-05, 2.34206927416e-05, 2.33843038586e-05, 1.61112184287e-05, 1.50019759531e-05, 1.74197957676e-05, 1.25007454699e-05, 1.57294434757e-05, 1.63557924679e-05, 1.5575078578e-05, 1.40429401654e-05, 1.72830041265e-05, 1.79952603503e-05, 2.07473331102e-05, 1.71668925759e-05, 1.68207552633e-05, 1.68607366504e-05, 1.75652130565e-05, 1.41255450217e-05, 1.39458088597e-05, 6.82375639371e-06, 6.10175811744e-06, 3.28253054249e-06, 2.26343627219e-06, 1.56004273322e-06, 1.47121102145e-06, 1.32881189074e-06, 1.20441268336e-06, 1.14769420634e-06, 8.29522662116e-07, 6.98654901043e-07, 7.34258151169e-07, 4.79689902022e-07, 3.60157656587e-07, 3.43167528172e-07, 1.81069239602e-07, 7.21472872556e-07, 3.26189677935e-07, 1.10722382374e-07, 4.0937024437e-08, 6.47757136818e-09, 1.06911401954e-09, 1.01432603636e-11, 9.12242763967e-12, 8.38528812358e-12, 7.91183958626e-12, 7.15723140476e-12, 6.76236584091e-12, 6.58423489341e-12, 6.07519503454e-12, 5.86202137179e-12, 5.74176860571e-12, 5.63493002259e-12]
    },
    "mfcc": {
        "mean": [-894.461181641, 44.3740882874, -14.0175924301, 4.12481689453, -3.20062804222, 2.35046339035, -2.1793794632, 1.98817610741, -1.34427595139, 5.48684501648, -1.96472454071, 2.60442280769, -2.22527003288],
        "cov": [[100643.90625, 9436.46679688, -2242.10791016, 1890.0111084, -732.662353516, 784.775085449, -666.689941406, 429.734893799, -575.266052246, 1568.57250977, -586.649841309, 888.781677246, -390.19329834], [9436.46679688, 2094.87158203, -720.970825195, -23.5600795746, -107.361618042, -43.984172821, -53.4711151123, 74.8711166382, 41.4440803528, 98.6003036499, -18.2276821136, 10.7192602158, -127.104988098], [-2242.10791016, -720.970825195, 712.735534668, 211.102020264, 109.893981934, 60.3065338135, -75.1173095703, -30.7598342896, -32.1064338684, -49.0869979858, 5.71016597748, -4.76010417938, 53.254940033], [1890.0111084, -23.5600795746, 211.102020264, 227.581970215, 64.8821487427, 44.7173690796, -53.5673789978, -16.5960006714, -31.982175827, 8.53573226929, -23.2199687958, 27.0716705322, 21.6659564972], [-732.662353516, -107.361618042, 109.893981934, 64.8821487427, 109.824050903, 17.3850917816, -28.6743278503, 6.19752597809, 11.1769065857, -11.8343544006, 10.1436681747, -20.5051631927, 8.71785545349], [784.775085449, -43.984172821, 60.3065338135, 44.7173690796, 17.3850917816, 113.14969635, 30.9631767273, -21.5110454559, -32.1729888916, -5.30646085739, -21.4712791443, 3.27017402649, -1.72409260273], [-666.689941406, -53.4711151123, -75.1173095703, -53.5673789978, -28.6743278503, 30.9631767273, 103.901351929, -5.45458841324, -9.17894935608, -4.68817186356, -6.49323129654, -3.79928064346, -8.14793014526], [429.734893799, 74.8711166382, -30.7598342896, -16.5960006714, 6.19752597809, -21.5110454559, -5.45458841324, 72.1696929932, 38.8653488159, 34.5201759338, 18.1988582611, -8.64837360382, -10.6168498993], [-575.266052246, 41.4440803528, -32.1064338684, -31.982175827, 11.1769065857, -32.1729888916, -9.17894935608, 38.8653488159, 65.4691390991, 13.4253120422, 25.0131759644, -12.0981559753, -3.82968020439], [1568.57250977, 98.6003036499, -49.0869979858, 8.53573226929, -11.8343544006, -5.30646085739, -4.68817186356, 34.5201759338, 13.4253120422, 82.0688400269, 13.9505825043, 23.3870487213, -2.37604951859], [-586.649841309, -18.2276821136, 5.71016597748, -23.2199687958, 10.1436681747, -21.4712791443, -6.49323129654, 18.1988582611, 25.0131759644, 13.9505825043, 53.7496948242, 8.87500572205, -1.85298073292], [888.781677246, 10.7192602158, -4.76010417938, 27.0716705322, -20.5051631927, 3.27017402649, -3.79928064346, -8.64837360382, -12.0981559753, 23.3870487213, 8.87500572205, 64.2089004517, 18.5522689819], [-390.19329834, -127.104988098, 53.254940033, 21.6659564972, 8.71785545349, -1.72409260273, -8.14793014526, -10.6168498993, -3.82968020439, -2.37604951859, -1.85298073292, 18.5522689819, 44.413936615]],
        "icov": [[0.000111056302558, -0.000309643859509, 0.000205373406061, -0.000789466081187, 0.000667917833198, -0.000808238051832, 0.000743653799873, -0.000703057623468, 0.000833783880807, -0.0012652494479, 0.00065261288546, -0.000483272655401, 0.000267576891929], [-0.000309643859509, 0.00207272032276, 0.000938911980484, 0.000767668592744, -0.000910470902454, 0.00170203868765, -0.000564872694667, 0.00145055714529, -0.0027747892309, 0.00366442766972, -0.00200445298105, 0.00146856694482, 0.00145874521695], [0.000205373406061, 0.000938911980484, 0.00489725312218, -0.0054681180045, 0.00248042726889, -0.00333161954768, 0.00418817065656, -0.00238448055461, 0.00191026122775, -0.000524151895661, -0.00174964696635, 0.00122903462034, 0.000419077114202], [-0.000789466081187, 0.000767668592744, -0.0054681180045, 0.017852820456, -0.0113598071039, 0.00530874822289, -0.00404204009101, 0.00561644975096, -0.00357543933205, 0.00613576965407, 0.00229707476683, -0.00302451383322, -0.00247510592453], [0.000667917833198, -0.000910470902454, 0.00248042726889, -0.0113598071039, 0.0215081349015, -0.00890980474651, 0.00787641014904, -0.00571468798444, 0.00200770003721, -0.00511347455904, -0.00357689824887, 0.00604872079566, -0.00143536867108], [-0.000808238051832, 0.00170203868765, -0.00333161954768, 0.00530874822289, -0.00890980474651, 0.0202194675803, -0.0119176385924, 0.00704556843266, -0.00257822801359, 0.00735446019098, -0.000594237819314, 0.00149379565846, 0.000729349034373], [0.000743653799873, -0.000564872694667, 0.00418817065656, -0.00404204009101, 0.00787641014904, -0.0119176385924, 0.0210928469896, -0.00617690104991, 0.00630230084062, -0.00732512539253, 0.00359614402987, -0.00230334419757, 0.00351472035982], [-0.000703057623468, 0.00145055714529, -0.00238448055461, 0.00561644975096, -0.00571468798444, 0.00704556843266, -0.00617690104991, 0.0314878188074, -0.0171407405287, -0.00255807861686, -0.00441281450912, 0.00656046718359, 0.00134358135983], [0.000833783880807, -0.0027747892309, 0.00191026122775, -0.00357543933205, 0.00200770003721, -0.00257822801359, 0.00630230084062, -0.0171407405287, 0.0359497591853, -0.00898859091103, -0.00299886916764, 0.00054319028277, -0.00233061145991], [-0.0012652494479, 0.00366442766972, -0.000524151895661, 0.00613576965407, -0.00511347455904, 0.00735446019098, -0.00732512539253, -0.00255807861686, -0.00898859091103, 0.0348044186831, -0.010827023536, -0.000579646439292, -0.00278219860047], [0.00065261288546, -0.00200445298105, -0.00174964696635, 0.00229707476683, -0.00357689824887, -0.000594237819314, 0.00359614402987, -0.00441281450912, -0.00299886916764, -0.010827023536, 0.0355959460139, -0.0152197415009, 0.00826309621334], [-0.000483272655401, 0.00146856694482, 0.00122903462034, -0.00302451383322, 0.00604872079566, 0.00149379565846, -0.00230334419757, 0.00656046718359, 0.00054319028277, -0.000579646439292, -0.0152197415009, 0.032515283674, -0.0142260389403], [0.000267576891929, 0.00145874521695, 0.000419077114202, -0.00247510592453, -0.00143536867108, 0.000729349034373, 0.00351472035982, 0.00134358135983, -0.00233061145991, -0.00278219860047, 0.00826309621334, -0.0142260389403, 0.0369591601193]]
    },
    "spectral_contrast_coeffs": {
        "max": [-0.557199895382, -0.431429505348, -0.49656894803, -0.592726886272, -0.616042494774, -0.612776398659],
        "mean": [-0.842667043209, -0.820850789547, -0.830393671989, -0.838772237301, -0.839685022831, -0.824932813644],
        "min": [-0.983336508274, -0.983169317245, -0.979975819588, -0.974436342716, -0.967540025711, -0.965717852116],
        "stdev": [0.109622202814, 0.138788357377, 0.123870700598, 0.115284025669, 0.108376644552, 0.116562388837]
    },
    "spectral_contrast_valleys": {
        "max": [-5.94256067276, -5.32353067398, -6.14845895767, -5.87368106842, -5.70935535431, -7.45932435989],
        "mean": [-15.558804512, -15.2480745316, -15.4306993484, -15.3985309601, -15.3811235428, -17.0155181885],
        "min": [-28.2095546722, -28.0735359192, -27.8621711731, -27.6259288788, -27.5257530212, -27.4703235626],
        "stdev": [9.53156852722, 9.74218845367, 9.64025688171, 9.6464138031, 9.68396472931, 8.40862941742]
    }
},
"rhythm": {
    "beats_count": 49,
    "beats_loudness": {
        "max": 0.0453422963619,
        "mean": 0.0126039534807,
        "min": 0,
        "stdev": 0.0144912367687
    },
    "bpm": 104.637077332,
    "bpm_histogram_first_peak_bpm": 103,
    "bpm_histogram_first_peak_weight": 0.529411792755,
    "bpm_histogram_second_peak_bpm": 108,
    "bpm_histogram_second_peak_spread": 0.545454502106,
    "bpm_histogram_second_peak_weight": 0.104166664183,
    "danceability": 0.768141448498,
    "onset_rate": 1.6761803627,
    "beats_loudness_band_ratio": {
        "max": [0.553497374058, 0.434569150209, 0.658225774765, 0.691123604774, 0.424752920866, 0.842399656773],
        "mean": [0.0922485440969, 0.0558583289385, 0.145895883441, 0.168885737658, 0.115308247507, 0.0996175333858],
        "min": [0, 0, 0, 0, 0, 0],
        "stdev": [0.144813254476, 0.101057961583, 0.175131425261, 0.210670828819, 0.11473146081, 0.144308924675]
    },
    "beats_position": [0.510838985443, 1.03328800201, 1.5673469305, 2.11301589012, 2.65868473053, 3.21596360207, 3.76163268089, 4.31891155243, 4.87619018555, 5.44507932663, 6.01396799088, 6.57124710083, 7.12852573395, 7.63936471939, 8.15020370483, 8.66104316711, 9.13705158234, 9.61306095123, 10.077460289, 10.5650787354, 11.0526981354, 11.5287075043, 11.9118366241, 12.2833557129, 12.6664848328, 13.0496139526, 13.5024032593, 13.9551925659, 14.4079818726, 14.8607711792, 15.3135595322, 15.7779588699, 16.3468475342, 16.8925170898, 17.4381847382, 18.0186843872, 18.5991840363, 19.179681778, 19.7717914581, 20.363899231, 20.9327888489, 21.5016784668, 22.0705661774, 22.6510658264, 23.2315635681, 23.8120632172, 24.3925609589, 24.9730606079, 25.5651702881],
