{
"metadata": {
    "version": {
        "essentia": "2.1-beta5",
        "essentia_git_sha": "Undefined",
        "extractor": "music 2.0"
    },
    "audio_properties": {
        "analysis": {
            "equal_loudness": 0,
            "length": 12.7477550507,
            "sample_rate": 44100,
            "start_time": 0,
            "downmix": "mix"
        },
        "bit_rate": 192000,
        "length": 198.739593506,
        "lossless": 0,
        "number_channels": 2,
        "replay_gain": 3.48428153992,
        "sample_rate": 44100,
        "codec": "mp3",
        "md5_encoded": "9e5cfb9f15aee3753ccd3c406a596769"
    },
    "tags": {
        "file_name": "Malta_Little Child_Mary Spiteri.mp3",
        "encoding": ["Lavf58.29.100"]
    }
},
"lowlevel": {
    "average_loudness": 0.016720097512,
    "barkbands_crest": {
        "max": 21.7488288879,
        "mean": 13.8314590454,
        "min": 3.62300896645,
        "stdev": 4.64835500717
    },
    "barkbands_flatness_db": {
        "max": 0.231839358807,
        "mean": 0.131109833717,
        "min": 0.0519299581647,
        "stdev": 0.0263868328184
    },
    "barkbands_kurtosis": {
        "max": 9.34261608124,
        "mean": 1.68571639061,
        "min": -1.43369948864,
        "stdev": 2.01152634621
    },
    "barkbands_skewness": {
        "max": 2.99084210396,
        "mean": 1.44500160217,
        "min": -1.85280299187,
        "stdev": 0.733033537865
    },
    "barkbands_spread": {
        "max": 45.6256980896,
        "mean": 25.2417354584,
        "min": 7.03675556183,
        "stdev": 7.66067504883
    },
    "dissonance": {
        "max": 0.499992311001,
        "mean": 0.480888396502,
        "min": 0.294681280851,
        "stdev": 0.0203403774649
    },
    "dynamic_complexity": 17.8896007538,
    "erbbands_crest": {
        "max": 19.0700130463,
        "mean": 6.40582275391,
        "min": 3.22236680984,
        "stdev": 2.19101929665
    },
    "erbbands_flatness_db": {
        "max": 0.284723341465,
        "mean": 0.154927253723,
        "min": 0.0998530313373,
        "stdev": 0.0458540469408
    },
    "erbbands_kurtosis": {
        "max": 5.25148677826,
        "mean": 0.44667249918,
        "min": -1.52009856701,
        "stdev": 0.883489131927
    },
    "erbbands_skewness": {
        "max": 1.03157556057,
        "mean": -0.454360097647,
        "min": -1.50647163391,
        "stdev": 0.512926161289
    },
    "erbbands_spread": {
        "max": 56.8729324341,
        "mean": 28.421081543,
        "min": 10.6628217697,
        "stdev": 5.49768638611
    },
    "hfc": {
        "max": 170.613967896,
        "mean": 9.10667419434,
        "min": 1.22312179623e-16,
        "stdev": 25.3802719116
    },
    "loudness_ebu128": {
        "integrated": -26.462638855,
        "loudness_range": 25.3479404449,
        "momentary": {
            "max": -21.0779914856,
            "mean": -45.0094604492,
            "min": -53.0289916992,
            "stdev": 10.9094953537
        },
        "short_term": {
            "max": -26.0364627838,
            "mean": -44.7181243896,
            "min": -52.3741226196,
            "stdev": 9.98231506348
        }
    },
    "melbands_crest": {
        "max": 32.8530044556,
        "mean": 22.2896003723,
        "min": 2.06761050224,
        "stdev": 8.44787597656
    },
    "melbands_flatness_db": {
        "max": 0.290531933308,
        "mean": 0.204913452268,
        "min": 0.00476821465418,
        "stdev": 0.0371317230165
    },
    "melbands_kurtosis": {
        "max": 30.660987854,
        "mean": 9.4554643631,
        "min": -1.21256506443,
        "stdev": 6.92135238647
    },
    "melbands_skewness": {
        "max": 5.25806093216,
        "mean": 2.7458024025,
        "min": -0.0124875772744,
        "stdev": 1.22728252411
    },
    "melbands_spread": {
        "max": 131.729125977,
        "mean": 23.0997905731,
        "min": 8.55971336365,
        "stdev": 9.78800582886
    },
    "pitch_salience": {
        "max": 0.84992569685,
        "mean": 0.461803346872,
        "min": 0.205664128065,
        "stdev": 0.114680834115
    },
    "silence_rate_20dB": {
        "max": 1,
        "mean": 1,
        "min": 1,
        "stdev": 0
    },
    "silence_rate_30dB": {
        "max": 1,
        "mean": 0.980000019073,
        "min": 0,
        "stdev": 0.139999940991
    },
    "silence_rate_60dB": {
        "max": 1,
        "mean": 0.730909109116,
        "min": 0,
        "stdev": 0.443487197161
    },
    "spectral_centroid": {
        "max": 11101.9140625,
        "mean": 1804.35900879,
        "min": 717.272644043,
        "stdev": 504.360534668
    },
    "spectral_complexity": {
        "max": 59,
        "mean": 6.48909091949,
        "min": 0,
        "stdev": 12.2126216888
    },
    "spectral_decrease": {
        "max": -4.96305947582e-29,
        "mean": -2.13767803459e-09,
        "min": -3.396993975e-08,
        "stdev": 5.47409584328e-09
    },
    "spectral_energy": {
        "max": 0.143685489893,
        "mean": 0.00889409799129,
        "min": 1.12813969633e-20,
        "stdev": 0.0229156147689
    },
    "spectral_energyband_high": {
        "max": 0.00858589448035,
        "mean": 0.000248447089689,
        "min": 8.23011105278e-21,
        "stdev": 0.00103021832183
    },
    "spectral_energyband_low": {
        "max": 0.0598590523005,
        "mean": 0.00108201452531,
        "min": 4.65015107391e-23,
        "stdev": 0.00437351875007
    },
    "spectral_energyband_middle_high": {
        "max": 0.0599202699959,
        "mean": 0.00351125304587,
        "min": 1.72052860592e-21,
        "stdev": 0.00920614413917
    },
    "spectral_energyband_middle_low": {
        "max": 0.085320033133,
        "mean": 0.0041692731902,
        "min": 3.99251187913e-22,
        "stdev": 0.0108314631507
    },
    "spectral_entropy": {
        "max": 9.81713294983,
        "mean": 7.67512083054,
        "min": 6.55615139008,
        "stdev": 0.347061604261
    },
    "spectral_flux": {
        "max": 0.239382594824,
        "mean": 0.0217723213136,
        "min": 1.06213919604e-10,
        "stdev": 0.0381074286997
    },
    "spectral_kurtosis": {
        "max": 20.5033035278,
        "mean": 6.89597988129,
        "min": -1.22238767147,
        "stdev": 2.74699616432
    },
    "spectral_rms": {
        "max": 0.0118398042396,
        "mean": 0.00165039196145,
        "min": 3.31756562326e-12,
        "stdev": 0.00243995338678
    },
    "spectral_rolloff": {
        "max": 18432.421875,
        "mean": 1298.53027344,
        "min": 86.1328125,
        "stdev": 970.921081543
    },
    "spectral_skewness": {
        "max": 3.08254718781,
        "mean": 1.96084272861,
        "min": 0.00622423086315,
        "stdev": 0.350372731686
    },
    "spectral_spread": {
        "max": 41818132,
        "mean": 3917877.5,
        "min": 1863198.75,
        "stdev": 1884989.375
    },
    "spectral_strongpeak": {
        "max": 6.89634609222,
        "mean": 0.523787856102,
        "min": 0,
        "stdev": 1.05490267277
    },
    "zerocrossingrate": {
        "max": 0.48974609375,
        "mean": 0.0469406954944,
        "min": 0.01806640625,
        "stdev": 0.0239343885332
    },
    "barkbands": {
        "max": [0.0088225658983, 0.0277377348393, 0.0245641302317, 0.0133727835491, 0.00929424632341, 0.0114549826831, 0.0449970774353, 0.0203485246748, 0.0320799127221, 0.0278622321784, 0.0121176438406, 0.00585942296311, 0.0108284754679, 0.019516767934, 0.0115568684414, 0.0103404792026, 0.00871952716261, 0.00339285982773, 0.00512943323702, 0.00457509560511, 0.00287035689689, 0.00300190621056, 0.0021036285907, 0.00117601826787, 0.000411304528825, 8.65750771482e-05, 5.45533021068e-06],
        "mean": [0.00013536120241, 0.000584350724239, 0.000266193499556, 0.000301632651826, 0.000417262257542, 0.000511621299665, 0.00151285168249, 0.000369361485355, 0.00102292443626, 0.000928421563003, 0.000351381080691, 0.000225444411626, 0.000221731359488, 0.000378753582481, 0.000418809155235, 0.000394221395254, 0.000271158845862, 0.000133813708089, 0.000128234358272, 0.000117529329145, 6.88770960551e-05, 5.51494122192e-05, 4.46563535661e-05, 2.3024789698e-05, 9.7736456155e-06, 1.54636029492e-06, 1.07586144438e-08],
        "min": [3.57510058307e-23, 2.38642004307e-23, 1.24154100485e-23, 2.65901779196e-24, 9.80085711139e-23, 4.65578101642e-23, 8.30960139813e-23, 4.1117449864e-23, 1.01988046215e-22, 5.29489119383e-23, 2.9453769038e-23, 7.08271884886e-23, 1.17574909027e-22, 1.26464778206e-22, 2.24421410717e-22, 1.76660931616e-22, 1.34742832109e-22, 2.10056392473e-22, 3.56250569296e-22, 3.94047457486e-22, 4.46657537888e-22, 4.62685777843e-22, 8.6824146638e-22, 8.06516697752e-22, 1.44836235448e-21, 1.66381937706e-21, 2.53653682759e-21],
        "stdev": [0.000700045318808, 0.00205192551948, 0.00170694116969, 0.00137665099464, 0.00147338886745, 0.00150322529953, 0.0048007289879, 0.00181182962842, 0.00274502532557, 0.00317460577935, 0.00108930817805, 0.000693130830768, 0.000838589505292, 0.00139107787982, 0.00147133122664, 0.00118028360885, 0.000712294422556, 0.000457415590063, 0.00045268482063, 0.00042733256123, 0.00029219937278, 0.000250018521911, 0.000209937803447, 0.00011608654313, 4.25707767135e-05, 7.2854991231e-06, 2.32373935205e-07]
    },
    "erbbands": {
        "max": [1.49654138088, 4.52026081085, 24.0675010681, 28.8771972656, 39.318359375, 29.7337207794, 70.8483657837, 96.448097229, 629.456665039, 417.470550537, 385.378601074, 768.24609375, 407.126922607, 935.962890625, 360.262878418, 156.637802124, 529.1484375, 364.901763916, 752.178161621, 705.67175293, 708.37310791, 621.34753418, 189.610580444, 232.815933228, 218.181167603, 220.543334961, 145.855743408, 96.0956878662, 80.3910903931, 109.494361877, 49.834903717, 25.7656288147, 15.3922739029, 5.36148500443, 2.03724217415, 0.914018690586, 0.0956210270524, 0.00337072578259, 0.000782758172136, 0.000192690087715],
        "mean": [0.0259732250124, 0.0987815335393, 0.303868085146, 0.630421578884, 0.902970969677, 1.47077941895, 3.40028953552, 5.077293396, 21.64320755, 12.4367370605, 11.8128480911, 25.7059135437, 18.1542167664, 26.3890361786, 14.9748239517, 8.32207870483, 11.87849617, 10.0182886124, 28.3294696808, 24.9196891785, 20.9816455841, 14.0959300995, 7.63927841187, 7.16597890854, 6.25096130371, 5.57192325592, 3.44195723534, 2.11762237549, 1.84485316277, 2.05863714218, 0.995871722698, 0.582158744335, 0.323123157024, 0.132743626833, 0.0445328317583, 0.0156370233744, 0.00150681706145, 4.72339888802e-05, 9.02209558262e-06, 1.14393187687e-05],
        "min": [3.79797474094e-22, 6.65625857352e-21, 1.54555272411e-20, 1.12892382155e-20, 9.32221499731e-20, 5.44926373324e-19, 1.99626663778e-19, 4.94160386276e-19, 1.09347662491e-18, 8.87071694227e-19, 1.22193756725e-18, 2.7494513692e-18, 1.94346808702e-18, 1.15565093187e-18, 2.25314052013e-18, 2.38094447426e-18, 4.70732273864e-18, 6.03421019027e-18, 7.38000947225e-18, 1.32648957776e-17, 8.61099401725e-18, 9.21224844346e-18, 1.13772646566e-17, 1.74500847428e-17, 1.74898109189e-17, 1.87335084027e-17, 1.87127825653e-17, 1.46265119936e-17, 1.57713481594e-17, 2.29035376288e-17, 2.40365798534e-17, 1.53383042195e-17, 1.54543262265e-17, 1.52152759926e-17, 1.05728736971e-17, 4.98092017087e-18, 3.49839000159e-18, 1.43032597364e-18, 3.75805652323e-19, 3.62915670988e-20],
        "stdev": [0.0981108397245, 0.381985753775, 1.86836445332, 2.83002328873, 3.60423874855, 4.78450250626, 9.99864196777, 13.0259819031, 67.1410140991, 42.2335128784, 40.6613540649, 68.1714782715, 49.3084869385, 100.87928009, 40.2372894287, 22.1516151428, 42.8231277466, 31.2649345398, 97.5939178467, 73.4631958008, 63.1741905212, 42.959602356, 24.7890377045, 24.2878093719, 22.6677951813, 19.4360027313, 15.0028944016, 8.5017747879, 7.89875364304, 9.8537607193, 4.84024429321, 2.92623877525, 1.57672810555, 0.582795739174, 0.210039153695, 0.0737456604838, 0.00777923455462, 0.000252920406638, 4.07499937864e-05, 3.02785647364e-05]
    },
    "gfcc": {
        "mean": [-197.842834473, 101.493103027, -131.924438477, 28.9959030151, -35.8370819092, 24.4645500183, -45.9530029297, 31.5543899536, -18.3808441162, 6.63468885422, -6.84432983398, 10.2277212143, -4.50312900543],
        "cov": [[16829.8320312, 1754.0098877, -2846.06005859, -438.56137085, -1851.04309082, -1446.3338623, 690.60534668, -1078.31665039, 446.491516113, 38.1466560364, -228.691055298, -806.468933105, 770.52911377], [1754.0098877, 523.350036621, -480.598632812, -217.439224243, -160.222686768, -358.258544922, 132.110015869, -136.415176392, 81.4588851929, 0.81304371357, -11.5884599686, -119.457878113, 160.858657837], [-2846.06005859, -480.598632812, 717.028198242, 204.052505493, 312.170501709, 395.940612793, -205.528274536, 210.782562256, -103.595199585, -10.1901855469, 40.870677948, 176.471450806, -205.132675171], [-438.56137085, -217.439224243, 204.052505493, 168.853759766, 41.6971817017, 172.95942688, -60.5956001282, 41.4569396973, -42.2687644958, -16.4343223572, 2.65830421448, 36.9854125977, -70.1826782227], [-1851.04309082, -160.222686768, 312.170501709, 41.6971817017, 266.521087646, 164.926330566, -93.2754745483, 138.590957642, -57.13463974, -3.46581840515, 25.0951004028, 96.0207672119, -95.1434860229], [-1446.3338623, -358.258544922, 395.940612793, 172.95942688, 164.926330566, 322.023498535, -121.328636169, 125.543273926, -74.0191116333, -10.8120183945, 19.2557868958, 100.776672363, -132.720230103], [690.60534668, 132.110015869, -205.528274536, -60.5956001282, -93.2754745483, -121.328636169, 122.978210449, -60.9186515808, 30.7093219757, -3.65052986145, -18.9616470337, -57.9696464539, 64.7662277222], [-1078.31665039, -136.415176392, 210.782562256, 41.4569396973, 138.590957642, 125.543273926, -60.9186515808, 120.512496948, -30.3838691711, -2.00034093857, 15.2192335129, 68.4939346313, -71.2329864502], [446.491516113, 81.4588851929, -103.595199585, -42.2687644958, -57.13463974, -74.0191116333, 30.7093219757, -30.3838691711, 51.8510360718, 20.7432670593, -3.40046453476, -31.866985321, 39.2878227234], [38.1466560364, 0.81304371357, -10.1901855469, -16.4343223572, -3.46581840515, -10.8120183945, -3.65052986145, -2.00034093857, 20.7432670593, 44.6263389587, 10.3298788071, 4.33922672272, 8.16633892059], [-228.691055298, -11.5884599686, 40.870677948, 2.65830421448, 25.0951004028, 19.2557868958, -18.9616470337, 15.2192335129, -3.40046453476, 10.3298788071, 34.4932518005, 24.2201423645, -2.36031413078], [-806.468933105, -119.457878113, 176.471450806, 36.9854125977, 96.0207672119, 100.776672363, -57.9696464539, 68.4939346313, -31.866985321, 4.33922672272, 24.2201423645, 78.5313491821, -42.518032074], [770.52911377, 160.858657837, -205.132675171, -70.1826782227, -95.1434860229, -132.720230103, 64.7662277222, -71.2329864502, 39.2878227234, 8.16633892059, -2.36031413078, -42.518032074, 94.1206893921]],
        "icov": [[0.000611346971709, -0.00131436518859, 0.0016896603629, -0.00133502820972, 0.00277126720175, -0.000677745149005, 0.000961576180998, 0.000558606989216, -0.000228145872825, -0.000798163760919, 0.00131512933876, -0.000928472960368, 0.00131336553022], [-0.00131436518859, 0.0148803377524, -0.000683319347445, 0.00621200772002, -0.00931567605585, 0.00938738696277, 0.000824115995783, -0.00184583873488, -0.000205976946745, 0.00713060470298, -0.00865417066962, 0.00775501225144, -0.00691874278709], [0.0016896603629, -0.000683319347445, 0.0148392943665, -0.00574888475239, 0.00313796615228, -0.00261595426127, 0.00565298879519, 0.00284133246168, -0.00490835634992, 0.00091679720208, 0.00181815831456, -0.00994500424713, 0.0106563102454], [-0.00133502820972, 0.00621200772002, -0.00574888475239, 0.0216869823635, -0.00223857164383, -0.00613313680515, -0.000928241992369, 0.000732487766072, 0.00307696149684, 0.00561547093093, -0.00458262721077, 0.00785975717008, -0.00409975321963], [0.00277126720175, -0.00931567605585, 0.00313796615228, -0.00223857164383, 0.0268602427095, -0.00535089755431, 0.00434287451208, -0.0071211908944, 0.00671042129397, -0.00678742071614, 0.0066526196897, -0.00412104744464, 0.00572561472654], [-0.000677745149005, 0.00938738696277, -0.00261595426127, -0.00613313680515, -0.00535089755431, 0.0232996512204, 0.00144601380453, -0.00489966757596, 0.00374908046797, 0.00182652298827, -0.00509623764083, 0.00149350962602, 0.00079628120875], [0.000961576180998, 0.000824115995783, 0.00565298879519, -0.000928241992369, 0.00434287451208, 0.00144601380453, 0.0194964427501, -0.00243120477535, 0.00122162920889, 0.00123130355496, 0.00387669005431, 0.00483432644978, -0.00481464946643], [0.000558606989216, -0.00184583873488, 0.00284133246168, 0.000732487766072, -0.0071211908944, -0.00489966757596, -0.00243120477535, 0.0343373455107, -0.0145424706861, 0.00516471639276, 0.00238793785684, -0.0187684223056, 0.0160767100751], [-0.000228145872825, -0.000205976946745, -0.00490835634992, 0.00307696149684, 0.00671042129397, 0.00374908046797, 0.00122162920889, -0.0145424706861, 0.0517126172781, -0.0220227632672, -6.3695802055e-06, 0.0209388975054, -0.0161765292287], [-0.000798163760919, 0.00713060470298, 0.00091679720208, 0.00561547093093, -0.00678742071614, 0.00182652298827, 0.00123130355496, 0.00516471639276, -0.0220227632672, 0.0385654903948, -0.0113854110241, -0.00610884139314, 0.00211037741974], [0.00131512933876, -0.00865417066962, 0.00181815831456, -0.00458262721077, 0.0066526196897, -0.00509623764083, 0.00387669005431, 0.00238793785684, -6.3695802055e-06, -0.0113854110241, 0.0479719601572, -0.0180351883173, -0.00270576006733], [-0.000928472960368, 0.00775501225144, -0.00994500424713, 0.00785975717008, -0.00412104744464, 0.00149350962602, 0.00483432644978, -0.0187684223056, 0.0209388975054, -0.00610884139314, -0.0180351883173, 0.0584830455482, -0.0233011171222], [0.00131336553022, -0.00691874278709, 0.0106563102454, -0.00409975321963, 0.00572561472654, 0.00079628120875, -0.00481464946643, 0.0160767100751, -0.0161765292287, 0.00211037741974, -0.00270576006733, -0.0233011171222, 0.050231654197]]
    },
    "melbands": {
        "max": [0.00975564587861, 0.00926102232188, 0.0049848947674, 0.00253285467625, 0.00246697454713, 0.00212549045682, 0.00994233693928, 0.0041611106135, 0.00267179775983, 0.00453084427863, 0.00217673857696, 0.00422253413126, 0.00175517180469, 0.000832271529362, 0.000967708707321, 0.000747516402043, 0.000876636884641, 0.0017102296697, 0.000569521158468, 0.000952612550464, 0.000859656429384, 0.000720318348613, 0.000368962297216, 0.000209059449844, 0.000194787135115, 0.000191518178326, 0.000187722136616, 0.000139383875648, 0.000100374461908, 6.69053770253e-05, 4.79507907585e-05, 3.76181451429e-05, 7.63359275879e-05, 5.28843738721e-05, 3.02528187603e-05, 1.96552791749e-05, 1.3844744899e-05, 1.24630296341e-05, 7.39290135243e-06, 3.40312703884e-06],
        "mean": [0.000195681685, 0.000142521021189, 0.000121600991406, 8.17829932203e-05, 0.000111828449008, 0.00012084255286, 0.000320593913784, 0.000121279139421, 0.000120076278108, 0.00014375091996, 9.32349867071e-05, 0.00011930011533, 5.66073067603e-05, 2.4263832529e-05, 2.85090845864e-05, 1.81413415703e-05, 1.98987290787e-05, 5.00108435517e-05, 2.76114024018e-05, 2.98164213746e-05, 2.43013037107e-05, 1.58031743922e-05, 8.09680204839e-06, 6.32628007224e-06, 5.69757185076e-06, 5.08237371832e-06, 4.69848146167e-06, 3.33900425176e-06, 2.15205341192e-06, 1.6391279587e-06, 1.0794580021e-06, 1.04215700958e-06, 1.08486028694e-06, 1.19028072731e-06, 5.73565159812e-07, 4.3314619802e-07, 3.11224454208e-07, 2.21994099547e-07, 2.24866667509e-07, 6.98612296901e-08],
        "min": [6.80194053349e-24, 8.43606826524e-24, 3.40742906541e-24, 2.3099213612e-23, 1.1129912294e-23, 1.13321604529e-23, 1.70031726377e-23, 9.10056288217e-24, 1.21490472195e-23, 1.61071244681e-23, 9.35369966919e-24, 4.69728133204e-24, 5.90348515486e-24, 9.18163332854e-24, 7.01759538346e-24, 1.26597502475e-23, 1.0610860751e-23, 1.0169257994e-23, 2.10889956548e-23, 1.41541541469e-23, 8.83459527253e-24, 9.35887065242e-24, 1.06251951426e-23, 8.58584928532e-24, 1.53735611347e-23, 1.11599039968e-23, 1.50435096205e-23, 1.1185049727e-23, 9.48595456653e-24, 1.46789391309e-23, 6.41434556063e-24, 8.10998156602e-24, 1.07186081066e-23, 1.38712654708e-23, 1.61476514083e-23, 8.06229255771e-24, 1.04227253138e-23, 1.01806428346e-23, 1.19612012942e-23, 1.32540622763e-23],
        "stdev": [0.000686589861289, 0.00076412857743, 0.00052205537213, 0.000284163776087, 0.000325761269778, 0.000305734138237, 0.00103006709833, 0.000451570202131, 0.000344640488038, 0.0003856428375, 0.000259693886619, 0.000452481413959, 0.000167293677805, 8.83877437445e-05, 8.62534652697e-05, 6.796062371e-05, 6.54137184029e-05, 0.000173060383531, 8.42539811856e-05, 9.05630149646e-05, 7.37659356673e-05, 4.85227756144e-05, 2.93099183182e-05, 2.04358857445e-05, 1.99638034246e-05, 1.83270658454e-05, 1.73371736309e-05, 1.15598422781e-05, 1.00948118416e-05, 6.60342993797e-06, 4.38471261077e-06, 4.26895348937e-06, 5.71312602915e-06, 5.54762164029e-06, 2.80702670352e-06, 2.17406909542e-06, 1.58317789101e-06, 1.21653374663e-06, 9.24927576307e-07, 3.40587348546e-07]
    },
    "melbands128": {
        "max": [0.00617038039491, 0.0151894660667, 0.00963612087071, 0.00919951777905, 0.013172859326, 0.011068880558, 0.00590208172798, 0.00674609374255, 0.00352675304748, 0.0031311083585, 0.0014624982141, 0.003474019235, 0.00288531067781, 0.00255640805699, 0.00215126341209, 0.00288237980567, 0.0076116239652, 0.0184799656272, 0.00874091964215, 0.00732172839344, 0.00545807834715, 0.00706994067878, 0.00264653284103, 0.00612304313108, 0.00814470276237, 0.00146896904334, 0.00301923020743, 0.00142324191984, 0.00553304515779, 0.00771438190714, 0.00424195965752, 0.00251739192754, 0.00310575752519, 0.000486825447297, 0.00177040148992, 0.000700873322785, 0.000362269638572, 0.00141867587809, 0.0025751600042, 0.00123825436458, 0.000493060913868, 0.000864624511451, 0.000377566466341, 0.000375030940631, 0.00501627195626, 0.00131269777194, 0.00216741347685, 0.000373864604626, 0.000549965247046, 0.00198571383953, 0.000889687275048, 0.000408526539104, 0.0022582099773, 0.000637477904093, 0.000205545671633, 0.00133890798315, 0.000727860024199, 0.000747742888052, 0.00028845606721, 0.000229227240197, 0.00045507636969, 0.000190650403965, 0.000226596719585, 0.000212483850191, 0.000402817880968, 0.000148296341649, 0.000205349249882, 0.000239732005866, 0.000218822751776, 0.000205034579267, 0.000205075659323, 6.00179337198e-05, 9.19979211176e-05, 0.000149011786561, 0.000108625572466, 5.95918245381e-05, 9.2105823569e-05, 7.56947774789e-05, 3.71322712454e-05, 5.93404984102e-05, 5.74645273446e-05, 3.45772277797e-05, 3.79884804715e-05, 0.000134956484544, 6.18339836365e-05, 6.03386106377e-05, 0.000106710213004, 4.17293631472e-05, 3.21496881952e-05, 3.11424482788e-05, 2.37802796619e-05, 3.42205566994e-05, 2.52282643487e-05, 1.60549352586e-05, 2.43685135501e-05, 1.32036711875e-05, 1.72974650923e-05, 6.55326084598e-06, 1.15371049105e-05, 8.76146168594e-06, 3.64578704648e-06, 3.93577010982e-06, 3.2336622553e-06, 3.16586192639e-06, 2.00756471713e-06, 1.38207656164e-06, 6.26083465249e-06, 1.850646413e-06, 1.07380890313e-06, 9.93812932393e-07, 8.40779762257e-07, 5.20458797837e-07, 3.05306940618e-07, 2.88042620866e-08, 2.79686744875e-08, 2.69891931026e-08, 2.61464929707e-08, 2.53826115681e-08, 2.46263702763e-08, 2.40235529247e-08, 2.35349393307e-08, 2.32003358747e-08, 2.27820571297e-08, 2.22713048004e-08, 2.19757083642e-08, 2.17096438604e-08, 2.15216164889e-08, 2.13767670232e-08],
        "mean": [0.000101187681139, 0.000246128154686, 0.000215454070712, 0.000139214273077, 0.000160310752108, 0.00011400126823, 0.000118809068226, 0.000162686614203, 6.73449176247e-05, 8.08148324722e-05, 7.53373897169e-05, 0.000102447127574, 0.00011073495989, 0.000142173084896, 9.39432429732e-05, 7.61353949201e-05, 0.000299990962958, 0.000473763619084, 0.000201910268515, 0.000116617433378, 8.36421750137e-05, 0.000106987186882, 4.95357489854e-05, 0.000223239097977, 0.000271744793281, 3.9117243432e-05, 5.21446891071e-05, 4.78236906929e-05, 0.000202484239708, 0.00016231360496, 7.31588806957e-05, 5.18465494679e-05, 9.15953496587e-05, 1.79123180715e-05, 4.06398030464e-05, 1.88205140148e-05, 9.56045460043e-06, 3.19986138493e-05, 4.07231927966e-05, 2.74645171885e-05, 8.21353478386e-06, 1.15746288429e-05, 1.15123448268e-05, 1.01649002318e-05, 8.14777376945e-05, 4.15717440774e-05, 5.14454768563e-05, 6.42943905405e-06, 1.9296148821e-05, 6.69525106787e-05, 1.72516101884e-05, 1.18265070341e-05, 3.20204089803e-05, 3.15498000418e-05, 1.05380904643e-05, 1.97706049221e-05, 1.07340320028e-05, 9.38564426178e-06, 7.63273965276e-06, 4.49184244644e-06, 7.90190915723e-06, 5.76274351261e-06, 4.3258110054e-06, 4.62908064947e-06, 1.05199760583e-05, 3.65883715858e-06, 3.07006257572e-06, 4.83215808345e-06, 5.22836580785e-06, 4.4224220801e-06, 4.39794075646e-06, 1.7372531147e-06, 1.86762940757e-06, 2.64059758592e-06, 2.09931067729e-06, 1.51764561451e-06, 1.65239475791e-06, 1.12771772365e-06, 8.34921877413e-07, 1.20777986012e-06, 1.2309064914e-06, 9.27704491005e-07, 7.29445048364e-07, 1.41325494951e-06, 9.13298720207e-07, 1.33345349695e-06, 1.44290856952e-06, 6.01876422479e-07, 5.68468180973e-07, 4.6680273158e-07, 4.20797022116e-07, 4.55897691154e-07, 4.07445298833e-07, 2.87975240099e-07, 3.03732832663e-07, 1.9306550314e-07, 2.65914820829e-07, 1.17055193982e-07, 3.40088860185e-07, 1.88008684177e-07, 7.12788335022e-08, 5.69430795849e-08, 6.35719743514e-08, 6.30530436752e-08, 4.0693215908e-08, 2.95008302231e-08, 7.64951764154e-08, 2.86296373275e-08, 2.58865977543e-08, 1.4055125952e-08, 1.18731673382e-08, 5.46753309294e-09, 2.32626451435e-09, 2.67157906908e-10, 5.52530902975e-11, 5.30881137661e-11, 5.1361640635e-11, 4.98385187286e-11, 4.8439609962e-11, 4.73396287448e-11, 4.64195452909e-11, 4.58463024489e-11, 4.50172503441e-11, 4.39667573182e-11, 4.34825266071e-11, 4.29982230377e-11, 4.26686533328e-11, 4.23774314251e-11],
        "min": [1.00052538118e-23, 1.91978925389e-24, 7.22413179022e-24, 1.269118951e-23, 9.43577670207e-24, 5.69811744553e-24, 1.46839180265e-24, 1.97283462774e-24, 5.59697601115e-24, 2.40707463038e-23, 4.03202081006e-23, 1.3948911472e-23, 2.39920448068e-24, 8.13560297936e-24, 9.84531384102e-24, 1.24530828898e-23, 1.89283655888e-23, 1.62496479679e-23, 1.92165838091e-23, 5.96290018609e-24, 7.78357458926e-24, 7.93427542115e-24, 9.2733439308e-24, 1.88799642391e-23, 2.56510461117e-23, 1.00026411045e-23, 8.03801378563e-24, 1.15700738022e-23, 8.40559693506e-24, 4.61974379923e-24, 2.52821952628e-24, 6.28337492884e-24, 2.40938196965e-24, 6.66370133732e-24, 1.83176231651e-23, 6.48417552796e-24, 2.19343109963e-24, 3.99852451384e-24, 1.56765010772e-23, 5.7657744955e-24, 1.30937704735e-23, 1.9803250198e-23, 8.1055568452e-24, 5.68348013144e-24, 1.59572771838e-23, 1.05133630652e-23, 3.85119527346e-24, 2.57102816771e-23, 2.78979838716e-23, 1.0852013952e-23, 1.64310260227e-23, 1.28050024171e-23, 8.10984351536e-24, 8.21065915018e-24, 6.95111728611e-24, 1.36483996433e-23, 6.15368777374e-24, 7.95521178958e-24, 1.45222871323e-23, 1.08352372472e-23, 7.34139833036e-24, 8.38373759937e-24, 7.82455196898e-24, 2.63463859789e-23, 1.26848573235e-23, 7.01438945274e-24, 9.98208023388e-24, 1.90897965067e-23, 1.04455659924e-23, 1.96903152931e-23, 1.27124982208e-23, 5.69167521295e-24, 8.9593899123e-24, 9.03069268294e-24, 1.09148009692e-23, 2.13917226049e-23, 1.21056511922e-23, 5.82628762111e-24, 5.79485151404e-24, 6.84814569443e-24, 8.28540608754e-24, 8.01670980803e-24, 9.71792069343e-24, 1.08707375656e-23, 1.15508539951e-23, 1.19224792678e-23, 1.4117402695e-23, 1.94575839711e-23, 1.84158537027e-23, 1.2271325393e-23, 8.88682890851e-24, 7.90091212689e-24, 3.90724226306e-24, 1.28109433286e-23, 1.20365737982e-23, 1.09219827589e-23, 8.532046605e-24, 1.07628742475e-23, 1.2726579388e-23, 1.18968980863e-23, 1.302427025e-23, 1.30764888977e-23, 1.2661709778e-23, 1.73759078377e-23, 1.32054006025e-23, 8.67305391408e-24, 7.69378486331e-24, 1.01114108238e-23, 7.41919973714e-24, 8.09891463638e-24, 7.88885123251e-24, 1.09346731643e-23, 1.39895961843e-23, 1.0220703558e-23, 1.23884381052e-23, 1.01215587305e-23, 1.28338376498e-23, 1.08750557902e-23, 8.40371155749e-24, 1.2412730288e-23, 1.57006007779e-23, 9.18840096625e-24, 7.661879384e-24, 1.07725157055e-23, 1.34511828393e-23, 8.23235755824e-24, 1.00932236357e-23, 1.02753503194e-23],
        "stdev": [0.000530873425305, 0.00101119093597, 0.000656985735986, 0.000661677971948, 0.00101876060944, 0.000726812693756, 0.000557335733902, 0.000744099263102, 0.000278898951365, 0.000320636841934, 0.000240109598963, 0.000408985069953, 0.000389627617551, 0.000400280900067, 0.000262553367065, 0.000298850267427, 0.000826242612675, 0.00181053380948, 0.000850890064612, 0.000456432608189, 0.000427416467573, 0.000655082985759, 0.000240212408244, 0.000631036004052, 0.00076907814946, 0.00013070993009, 0.000268390984274, 0.000135202004458, 0.000571479264181, 0.000740926829167, 0.000400628399802, 0.000182995165233, 0.000302775239106, 5.07427830598e-05, 0.00018237659242, 7.51197294449e-05, 3.0728548154e-05, 0.000103578546259, 0.000173332024133, 0.000113755442726, 3.95483984903e-05, 5.28374803253e-05, 3.94803864765e-05, 3.67444990843e-05, 0.000337419885909, 0.000160723357112, 0.00025100147468, 2.47484094871e-05, 6.31261718809e-05, 0.000214702115045, 6.92112953402e-05, 4.3635856855e-05, 0.000169299804838, 7.96379390522e-05, 2.68053154286e-05, 8.46792172524e-05, 4.15071117459e-05, 4.24548634328e-05, 3.34947508236e-05, 1.83144129551e-05, 3.01716117974e-05, 1.94795920834e-05, 1.82417043106e-05, 1.80585266207e-05, 3.85857929359e-05, 1.52945231093e-05, 1.40990541695e-05, 2.15799627767e-05, 1.87839850696e-05, 1.72014588316e-05, 1.58106413437e-05, 6.08575101069e-06, 8.8838787633e-06, 1.38243667607e-05, 9.75993043539e-06, 5.64863876207e-06, 7.66550874687e-06, 5.08175344294e-06, 3.3970432014e-06, 5.25406630913e-06, 5.50386585019e-06, 3.85306566386e-06, 3.50280038219e-06, 9.1060755949e-06, 4.61896206616e-06, 6.30816475677e-06, 7.55023347665e-06, 2.92092863674e-06, 3.04490708913e-06, 2.5625604394e-06, 2.17606657316e-06, 2.70278655989e-06, 2.10499092645e-06, 1.47341245338e-06, 1.88676779089e-06, 1.08842448299e-06, 1.56131795848e-06, 5.88725299622e-07, 1.36704079523e-06, 8.37819470689e-07, 3.66845625877e-07, 2.93642756333e-07, 3.07664862476e-07, 3.22491160887e-07, 1.93626860323e-07, 1.40567223639e-07, 4.35179316582e-07, 1.4147754257e-07, 1.14722105593e-07, 6.81558489646e-08, 5.62964466155e-08, 3.46192940981e-08, 1.86137434355e-08, 2.00671745887e-09, 1.1913513509e-09, 1.14963227826e-09, 1.11373910094e-09, 1.08120101761e-09, 1.04898489894e-09, 1.02330321994e-09, 1.00248842561e-09, 9.88232162769e-10, 9.70415081625e-10, 9.48661038613e-10, 9.36065891466e-10, 9.24730958474e-10, 9.16720255262e-10, 9.10550412847e-10]
    },
    "mfcc": {
        "mean": [-836.499755859, 134.895736694, -23.6794013977, 13.9393663406, 28.5633010864, -2.24464440346, 1.65605437756, 15.907201767, 3.68067526817, -0.0102434819564, 9.87643909454, 2.92662501335, 2.79579401016],
        "cov": [[17249.7714844, 979.449462891, -1627.74145508, 301.518066406, -2861.34423828, -376.88684082, -821.128662109, -1275.22961426, 283.869903564, 448.052612305, -918.951416016, -293.738433838, 198.362442017], [979.449462891, 544.708251953, -377.659698486, 30.3797111511, -259.852844238, -169.531585693, -82.9727630615, -148.439483643, 60.2407989502, 6.14978647232, -79.480430603, -2.15188860893, 29.3415870667], [-1627.74145508, -377.659698486, 445.541748047, -40.0181694031, 390.26348877, 134.370925903, 90.6998977661, 184.521469116, -78.2529296875, -44.7538261414, 120.250228882, 23.1093025208, -30.1564350128], [301.518066406, 30.3797111511, -40.0181694031, 53.5020599365, -59.6336593628, -10.9840965271, -9.4530954361, -23.8647041321, 11.9100513458, 4.14459180832, -18.0441532135, -7.08425664902, -0.172989815474], [-2861.34423828, -259.852844238, 390.26348877, -59.6336593628, 609.502380371, 109.546173096, 137.781143188, 246.067245483, -82.2288360596, -75.5832290649, 179.592758179, 40.0371932983, -42.9032821655], [-376.88684082, -169.531585693, 134.370925903, -10.9840965271, 109.546173096, 91.5292663574, 40.2686958313, 49.7803878784, -21.8964862823, -2.93986153603, 30.2530708313, 0.297041386366, -10.8113594055], [-821.128662109, -82.9727630615, 90.6998977661, -9.4530954361, 137.781143188, 40.2686958313, 80.999671936, 85.3710632324, -17.5091724396, -23.7939357758, 47.1029090881, 11.4598712921, -14.3337745667], [-1275.22961426, -148.439483643, 184.521469116, -23.8647041321, 246.067245483, 49.7803878784, 85.3710632324, 157.735748291, -26.744758606, -41.0927734375, 78.4954681396, 14.3919010162, -21.8205947876], [283.869903564, 60.2407989502, -78.2529296875, 11.9100513458, -82.2288360596, -21.8964862823, -17.5091724396, -26.744758606, 43.2740440369, 18.6239318848, -22.8529567719, -2.75527310371, 4.62398719788], [448.052612305, 6.14978647232, -44.7538261414, 4.14459180832, -75.5832290649, -2.93986153603, -23.7939357758, -41.0927734375, 18.6239318848, 42.787940979, -17.4548091888, -10.2117042542, 5.62546491623], [-918.951416016, -79.480430603, 120.250228882, -18.0441532135, 179.592758179, 30.2530708313, 47.1029090881, 78.4954681396, -22.8529567719, -17.4548091888, 80.3292388916, 22.8877754211, -14.9510917664], [-293.738433838, -2.15188860893, 23.1093025208, -7.08425664902, 40.0371932983, 0.297041386366, 11.4598712921, 14.3919010162, -2.75527310371, -10.2117042542, 22.8877754211, 35.865524292, 8.01130008698], [198.362442017, 29.3415870667, -30.1564350128, -0.172989815474, -42.9032821655, -10.8113594055, -14.3337745667, -21.8205947876, 4.62398719788, 5.62546491623, -14.9510917664, 8.01130008698, 29.0741691589]],
        "icov": [[0.000487451878143, -0.000290390220471, -0.000105861312477, -0.000575226556975, 0.00196773489006, -0.00121825281531, 0.00198839372024, -0.00062828999944, 0.00189977732953, -0.00159408256877, 0.000938016630244, 0.00041091235471, 0.000188987134607], [-0.000290390220471, 0.00784727558494, 0.00475379172713, 0.000323840096826, -0.0033693825826, 0.00830901414156, -0.00203184271231, 0.00506698386744, -0.00421110587195, 0.00658168178052, -0.00241716881283, 0.000987551989965, -0.00220555206761], [-0.000105861312477, 0.00475379172713, 0.0136423148215, -0.00120743957814, -0.00341350934468, -0.00482397014275, 0.00728806946427, -0.00654393294826, 0.00690246140584, 0.0014887516154, -0.00250143487938, -0.00292392191477, 5.1999475545e-05], [-0.000575226556975, 0.000323840096826, -0.00120743957814, 0.023094009608, -0.000208622222999, 0.00223651970737, -0.0058893179521, 0.00489328335971, -0.00797693710774, 0.0067462483421, -0.00240458943881, 0.00326500087976, 0.00160273152869], [0.00196773489006, -0.0033693825826, -0.00341350934468, -0.000208622222999, 0.017508553341, -0.00841355416924, 0.00869668275118, -0.00837370287627, 0.0109721980989, -0.00361653231084, -0.00682758027688, 0.00295165926218, 0.0017746159574], [-0.00121825281531, 0.00830901414156, -0.00482397014275, 0.00223651970737, -0.00841355416924, 0.0371368862689, -0.0200123544782, 0.0136683834717, -0.00921192858368, 0.00174129020888, 0.00160075677559, 0.0033333285246, -0.00224498356692], [0.00198839372024, -0.00203184271231, 0.00728806946427, -0.0058893179521, 0.00869668275118, -0.0200123544782, 0.0472428537905, -0.0253096763045, 0.0155444722623, -0.00538213877007, -0.000578261679038, -0.00536340894178, 0.00544578814879], [-0.00062828999944, 0.00506698386744, -0.00654393294826, 0.00489328335971, -0.00837370287627, 0.0136683834717, -0.0253096763045, 0.0410844832659, -0.0219459105283, 0.0193059016019, -0.00942587200552, 0.0121040251106, -0.00493026571348], [0.00189977732953, -0.00421110587195, 0.00690246140584, -0.00797693710774, 0.0109721980989, -0.00921192858368, 0.0155444722623, -0.0219459105283, 0.0571163706481, -0.0290890876204, 0.0116651766002, -0.0122359655797, 0.0082734990865], [-0.00159408256877, 0.00658168178052, 0.0014887516154, 0.0067462483421, -0.00361653231084, 0.00174129020888, -0.00538213877007, 0.0193059016019, -0.0290890876204, 0.0579209551215, -0.0231592971832, 0.0170262418687, -0.0102168954909], [0.000938016630244, -0.00241716881283, -0.00250143487938, -0.00240458943881, -0.00682758027688, 0.00160075677559, -0.000578261679038, -0.00942587200552, 0.0116651766002, -0.0231592971832, 0.0563354156911, -0.0247510503978, 0.0150073477998], [0.00041091235471, 0.000987551989965, -0.00292392191477, 0.00326500087976, 0.00295165926218, 0.0033333285246, -0.00536340894178, 0.0121040251106, -0.0122359655797, 0.0170262418687, -0.0247510503978, 0.0522671751678, -0.0232566650957], [0.000188987134607, -0.00220555206761, 5.1999475545e-05, 0.00160273152869, 0.0017746159574, -0.00224498356692, 0.00544578814879, -0.00493026571348, 0.0082734990865, -0.0102168954909, 0.0150073477998, -0.0232566650957, 0.0509498752654]]
    },
    "spectral_contrast_coeffs": {
        "max": [-0.584467709064, -0.593475759029, -0.562366008759, -0.610139906406, -0.610073328018, -0.645768940449],
        "mean": [-0.82246440649, -0.82924759388, -0.830449581146, -0.833738684654, -0.756480693817, -0.840425431728],
        "min": [-0.958865463734, -0.960716843605, -0.96754193306, -0.969573378563, -0.960597157478, -0.959804058075],
        "stdev": [0.0682826936245, 0.0915511623025, 0.0956164002419, 0.0834390968084, 0.0370621010661, 0.0644267573953]
    },
    "spectral_contrast_valleys": {
        "max": [-5.26636648178, -4.95899295807, -5.53429031372, -5.67975282669, -5.72115182877, -8.42951011658],
        "mean": [-8.42425346375, -8.33207035065, -8.78528213501, -8.85352611542, -9.68541240692, -11.9793214798],
        "min": [-27.1012878418, -27.3321800232, -27.1455307007, -27.0228481293, -27.275384903, -27.2486171722],
        "stdev": [1.22693049908, 1.51189029217, 1.2585875988, 1.18816113472, 1.51133286953, 1.06175148487]
    }
},
"rhythm": {
    "beats_count": 29,
    "beats_loudness": {
        "max": 0.120959021151,
        "mean": 0.0117511851713,
        "min": 7.65918957768e-05,
        "stdev": 0.0289833322167
    },
    "bpm": 145.947250366,
    "bpm_histogram_first_peak_bpm": 148,
    "bpm_histogram_first_peak_weight": 0.416666686535,
    "bpm_histogram_second_peak_bpm": 129,
    "bpm_histogram_second_peak_spread": 0,
    "bpm_histogram_second_peak_weight": 0.142857149243,
    "danceability": 0.889517784119,
    "onset_rate": 3.13495230675,
    "beats_loudness_band_ratio": {
        "max": [0.851583957672, 0.418313384056, 0.724814414978, 0.29198038578, 0.291480302811, 0.0823105052114],
        "mean": [0.550522089005, 0.0721933543682, 0.145209223032, 0.102716319263, 0.125657275319, 0.0241593662649],
        "min": [0.0266443155706, 0.0161099210382, 0.0218571610749, 0.0267555192113, 0.0465402528644, 0.00620934925973],
        "stdev": [0.309372633696, 0.0757788792253, 0.186906069517, 0.0708364546299, 0.0649566575885, 0.0167342219502]
    },
    "beats_position": [0.359909296036, 0.743038535118, 1.11455774307, 1.49768710136, 1.86920630932, 2.24072551727, 2.61224484444, 3.09986400604, 3.58748292923, 4.07510185242, 4.53950119019, 5.00390005112, 5.46829938889, 5.93269824982, 6.37387752533, 6.80344676971, 7.23301553726, 7.65097475052, 8.06893444061, 8.48689365387, 8.90485286713, 9.32281208038, 9.72916126251, 10.1355104446, 10.5418596268, 10.9482088089, 11.354557991, 11.7609071732, 12.1672563553],
