{
"metadata": {
    "version": {
        "essentia": "2.1-beta5",
        "essentia_git_sha": "Undefined",
        "extractor": "music 2.0"
    },
    "audio_properties": {
        "analysis": {
            "equal_loudness": 0,
            "length": 48.7502937317,
            "sample_rate": 44100,
            "start_time": 126.502311707,
            "downmix": "mix"
        },
        "bit_rate": 192000,
        "length": 198.135879517,
        "lossless": 0,
        "number_channels": 2,
        "replay_gain": 4.65064811707,
        "sample_rate": 44100,
        "codec": "mp3",
        "md5_encoded": "23328b45bda6f90eebe640d504acc8e5"
    },
    "tags": {
        "file_name": "Turkey_Yaz Bitti_Aylin Vatankos.mp3",
        "encoding": ["Lavf58.29.100"]
    }
},
"lowlevel": {
    "average_loudness": 0.95810854435,
    "barkbands_crest": {
        "max": 20.5118045807,
        "mean": 7.56516075134,
        "min": 2.76242303848,
        "stdev": 2.78056502342
    },
    "barkbands_flatness_db": {
        "max": 0.26709190011,
        "mean": 0.15197776258,
        "min": 0.0422339551151,
        "stdev": 0.0215142499655
    },
    "barkbands_kurtosis": {
        "max": 31.0118179321,
        "mean": 0.330014944077,
        "min": -1.74737489223,
        "stdev": 2.28605699539
    },
    "barkbands_skewness": {
        "max": 4.80401277542,
        "mean": 0.77282500267,
        "min": -1.34852695465,
        "stdev": 0.682978272438
    },
    "barkbands_spread": {
        "max": 41.0131912231,
        "mean": 17.6429252625,
        "min": 2.97252440453,
        "stdev": 5.0112862587
    },
    "dissonance": {
        "max": 0.5,
        "mean": 0.467702388763,
        "min": 0.226067394018,
        "stdev": 0.0206698551774
    },
    "dynamic_complexity": 1.9482139349,
    "erbbands_crest": {
        "max": 27.1902389526,
        "mean": 8.9428358078,
        "min": 3.02858805656,
        "stdev": 3.61926722527
    },
    "erbbands_flatness_db": {
        "max": 0.29819098115,
        "mean": 0.217447072268,
        "min": 0.0936113074422,
        "stdev": 0.0237948354334
    },
    "erbbands_kurtosis": {
        "max": 7.77416706085,
        "mean": -0.241732910275,
        "min": -1.69297087193,
        "stdev": 1.03177082539
    },
    "erbbands_skewness": {
        "max": 2.80936169624,
        "mean": -0.0947284772992,
        "min": -2.45602297783,
        "stdev": 0.470678538084
    },
    "erbbands_spread": {
        "max": 55.4309310913,
        "mean": 25.8961601257,
        "min": 6.41517353058,
        "stdev": 7.87166213989
    },
    "hfc": {
        "max": 92.7009353638,
        "mean": 22.5585575104,
        "min": 0.0960336849093,
        "stdev": 12.7009773254
    },
    "loudness_ebu128": {
        "integrated": -28.1789417267,
        "loudness_range": 1.51658630371,
        "momentary": {
            "max": -25.2824802399,
            "mean": -28.6858654022,
            "min": -46.378364563,
            "stdev": 2.51057982445
        },
        "short_term": {
            "max": -26.9107265472,
            "mean": -28.2713718414,
            "min": -34.9970245361,
            "stdev": 0.987410902977
        }
    },
    "melbands_crest": {
        "max": 27.5867385864,
        "mean": 10.7283554077,
        "min": 3.25643253326,
        "stdev": 4.09690475464
    },
    "melbands_flatness_db": {
        "max": 0.355910688639,
        "mean": 0.206343322992,
        "min": 0.112538605928,
        "stdev": 0.0303585473448
    },
    "melbands_kurtosis": {
        "max": 54.7674484253,
        "mean": 2.69818663597,
        "min": -1.57347309589,
        "stdev": 4.29785251617
    },
    "melbands_skewness": {
        "max": 5.9711728096,
        "mean": 1.41526520252,
        "min": -0.716292977333,
        "stdev": 0.809343695641
    },
    "melbands_spread": {
        "max": 65.4188766479,
        "mean": 25.5478191376,
        "min": 2.99133300781,
        "stdev": 8.99459934235
    },
    "pitch_salience": {
        "max": 0.843333661556,
        "mean": 0.59586173296,
        "min": 0.24777340889,
        "stdev": 0.0818701386452
    },
    "silence_rate_20dB": {
        "max": 1,
        "mean": 1,
        "min": 1,
        "stdev": 0
    },
    "silence_rate_30dB": {
        "max": 1,
        "mean": 1,
        "min": 1,
        "stdev": 0
    },
    "silence_rate_60dB": {
        "max": 1,
        "mean": 0.0214183721691,
        "min": 0,
        "stdev": 0.144774273038
    },
    "spectral_centroid": {
        "max": 2412.73388672,
        "mean": 1272.35644531,
        "min": 290.38470459,
        "stdev": 369.220855713
    },
    "spectral_complexity": {
        "max": 43,
        "mean": 24.2284622192,
        "min": 0,
        "stdev": 6.61311817169
    },
    "spectral_decrease": {
        "max": -4.656960928e-11,
        "mean": -6.61092558474e-09,
        "min": -2.44816327211e-08,
        "stdev": 3.4797447146e-09
    },
    "spectral_energy": {
        "max": 0.0959057435393,
        "mean": 0.0269972551614,
        "min": 0.000190253282199,
        "stdev": 0.0140156671405
    },
    "spectral_energyband_high": {
        "max": 0.000574036967009,
        "mean": 0.000114786125778,
        "min": 4.60341283315e-07,
        "stdev": 8.52306257002e-05
    },
    "spectral_energyband_low": {
        "max": 0.0554878041148,
        "mean": 0.00294353836216,
        "min": 3.24325264955e-05,
        "stdev": 0.0039177518338
    },
    "spectral_energyband_middle_high": {
        "max": 0.0712661594152,
        "mean": 0.00960001908243,
        "min": 4.08479463658e-05,
        "stdev": 0.00694991229102
    },
    "spectral_energyband_middle_low": {
        "max": 0.084484860301,
        "mean": 0.0161061380059,
        "min": 5.28344789927e-05,
        "stdev": 0.0107046756893
    },
    "spectral_entropy": {
        "max": 8.19627857208,
        "mean": 7.32034301758,
        "min": 6.5830821991,
        "stdev": 0.172111287713
    },
    "spectral_flux": {
        "max": 0.226546987891,
        "mean": 0.0894332900643,
        "min": 0.00762972049415,
        "stdev": 0.0312737450004
    },
    "spectral_kurtosis": {
        "max": 24.0877857208,
        "mean": 8.4550113678,
        "min": 1.96198320389,
        "stdev": 3.07816529274
    },
    "spectral_rms": {
        "max": 0.00967298168689,
        "mean": 0.00493865506724,
        "min": 0.000430828222306,
        "stdev": 0.0013958964264
    },
    "spectral_rolloff": {
        "max": 2993.11523438,
        "mean": 1594.79003906,
        "min": 215.33203125,
        "stdev": 562.274719238
    },
    "spectral_skewness": {
        "max": 3.94615387917,
        "mean": 1.79142534733,
        "min": 0.805063664913,
        "stdev": 0.418565124273
    },
    "spectral_spread": {
        "max": 22977420,
        "mean": 2556325.5,
        "min": 1758663.375,
        "stdev": 659734.1875
    },
    "spectral_strongpeak": {
        "max": 9.27843379974,
        "mean": 1.32674098015,
        "min": 0.00637153256685,
        "stdev": 1.27286672592
    },
    "zerocrossingrate": {
        "max": 0.09814453125,
        "mean": 0.0515421405435,
        "min": 0.0078125,
        "stdev": 0.0126538248733
    },
    "barkbands": {
        "max": [2.78691695712e-05, 0.00583385815844, 0.0262717232108, 0.0373339317739, 0.0430004447699, 0.0290479324758, 0.0347298234701, 0.0511042736471, 0.043528907001, 0.0244242027402, 0.0223565474153, 0.0385101288557, 0.0216593518853, 0.0143553754315, 0.0193245466799, 0.0101534342393, 0.00996018294245, 0.00576959783211, 0.00321979215369, 0.0020900524687, 0.000343019870343, 9.26095017348e-05, 1.12680781967e-05, 6.73710337651e-06, 7.80340997153e-06, 8.04945375421e-06, 3.15703204024e-07],
        "mean": [4.01426814278e-06, 0.000301345455227, 0.00124718004372, 0.00292657548562, 0.00407887622714, 0.00199771439657, 0.00234641390853, 0.00242076185532, 0.00159535743296, 0.00187486736104, 0.00110381888226, 0.00127516966313, 0.000595601799432, 0.00120337074623, 0.00109528575558, 0.000993394409306, 0.000826465256978, 0.000588580907788, 0.000290302850772, 0.000166927624377, 4.74763146485e-05, 8.89391867531e-06, 2.49280969911e-06, 2.28981934924e-06, 3.04066247736e-06, 1.05054436972e-06, 3.36686980518e-08],
        "min": [1.2331324406e-08, 2.85498185804e-06, 4.78188894704e-06, 2.41272141466e-06, 4.3796007958e-06, 3.32458807861e-06, 2.3957495614e-06, 1.71673590899e-07, 4.94508469728e-07, 3.50538243765e-06, 9.38998027777e-07, 9.72457428361e-07, 1.5402217457e-07, 9.30502835672e-07, 7.10124481884e-07, 5.34222067472e-07, 3.26511610638e-07, 4.43750451495e-07, 1.59581844628e-07, 6.28519245538e-08, 6.37291179828e-08, 5.83255221898e-08, 7.25765190168e-08, 7.42392742836e-08, 1.01500717165e-07, 3.87438312544e-08, 5.36095168258e-10],
        "stdev": [3.84828490496e-06, 0.000405875820434, 0.0022988836281, 0.00392667856067, 0.0043050465174, 0.00234673009254, 0.00320899114013, 0.00399084109813, 0.00210952013731, 0.00252843555063, 0.00197148299776, 0.00210948497988, 0.00120653014164, 0.00159420527052, 0.00140844157431, 0.00118851289153, 0.00106533640064, 0.000705578713678, 0.000310290022753, 0.000179508671863, 4.52420099464e-05, 7.1021486292e-06, 9.637195717e-07, 4.0336030338e-07, 4.59142967202e-07, 2.48365097377e-07, 2.5036264617e-08]
    },
    "erbbands": {
        "max": [0.035455852747, 2.15674519539, 24.352142334, 112.323265076, 166.803588867, 174.656478882, 129.366622925, 288.831115723, 491.507843018, 726.191101074, 1334.67358398, 1014.56921387, 664.272888184, 833.672973633, 1143.9720459, 797.937561035, 844.972839355, 727.823303223, 1188.87878418, 497.097412109, 644.541809082, 681.430541992, 298.404785156, 276.526092529, 150.81578064, 48.8411216736, 18.897977829, 10.8620576859, 3.9034781456, 1.04820406437, 0.321439445019, 0.143028602004, 0.117883823812, 0.0755395740271, 0.06255338341, 0.038722563535, 0.0143935456872, 0.00141636002809, 5.56459272048e-05, 0.000107665087853],
        "mean": [0.00419421447441, 0.101854927838, 1.12341976166, 6.17195796967, 12.0774030685, 14.441280365, 11.9087657928, 17.9090175629, 30.6507301331, 42.3356170654, 53.0322608948, 34.8241691589, 57.2282981873, 50.4595375061, 54.0813217163, 52.6251907349, 30.5448551178, 64.6876754761, 53.1865959167, 51.7445373535, 56.74036026, 44.4421043396, 32.1858482361, 24.3137207031, 12.9334897995, 7.20308923721, 2.96916770935, 1.10476875305, 0.369591742754, 0.139180421829, 0.066549308598, 0.0474584661424, 0.0394998565316, 0.0325757488608, 0.0221380218863, 0.00864730589092, 0.00102186354343, 8.91490417416e-05, 1.73106072907e-05, 3.21741172229e-05],
        "min": [9.62813282968e-05, 0.000655869080219, 0.00996118504554, 0.0198326651007, 0.0279793478549, 0.0126689001918, 0.0156911499798, 0.0291872955859, 0.0390673354268, 0.0210191383958, 0.0183775238693, 0.0201224125922, 0.146804139018, 0.0511290132999, 0.0477778166533, 0.0513779595494, 0.0214132927358, 0.0704674869776, 0.0703063085675, 0.0351995974779, 0.0214655715972, 0.0194027759135, 0.0279769450426, 0.0155490413308, 0.0032693464309, 0.00312695186585, 0.00380756729282, 0.00166074582376, 0.00214179279283, 0.00255423295312, 0.00192076014355, 0.00100916007068, 0.00137235806324, 0.000875918427482, 0.00107114086859, 0.000312818039674, 3.44982545357e-05, 3.96839914174e-06, 7.81425171681e-07, 2.89923121954e-07],
        "stdev": [0.00415298528969, 0.143992677331, 1.91535067558, 7.8873128891, 17.384180069, 15.4574680328, 12.2841749191, 23.3543968201, 44.2305374146, 56.5376281738, 103.105499268, 48.1562614441, 62.7654838562, 79.9297943115, 89.1226654053, 77.9954452515, 52.6178665161, 84.3009567261, 72.4549865723, 58.6659240723, 64.4425964355, 56.8873405457, 35.84948349, 27.8258934021, 13.0607671738, 6.20115995407, 2.6720495224, 1.03563678265, 0.286368459463, 0.0863734185696, 0.0220092516392, 0.00993780512363, 0.00765244290233, 0.00600931141526, 0.00389393023215, 0.00157427089289, 0.000354360003257, 5.34930550202e-05, 7.63352636568e-06, 1.63773838722e-05]
    },
    "gfcc": {
        "mean": [-11.1772480011, 135.895629883, -161.291412354, 10.7171211243, -46.9116516113, -10.5629405975, -45.346118927, 6.62030792236, -34.5535964966, -4.10879898071, -20.2945079803, -12.6455907822, -7.54002046585],
        "cov": [[1015.05010986, 247.778457642, -386.144165039, -24.8509750366, 32.0910186768, -284.979858398, 110.882583618, -33.5838661194, 28.4276332855, -9.78952217102, 26.1264019012, -48.47889328, 24.5880012512], [247.778457642, 190.095733643, 60.0300102234, -13.6232328415, 7.04030323029, -41.7245559692, 13.0257253647, -20.8993396759, 3.65645456314, -23.196762085, 10.0165758133, -26.7918758392, -8.30260944366], [-386.144165039, 60.0300102234, 403.68057251, 65.9807052612, -8.319647789, 130.041229248, -61.2581062317, -2.54487729073, -10.6368675232, -31.3013134003, -21.2849998474, 4.28187465668, -36.2343063354], [-24.8509750366, -13.6232328415, 65.9807052612, 137.701004028, 42.9009399414, -11.7043523788, -5.55299758911, 17.1725921631, 11.2556171417, -7.86409854889, -20.9383182526, 7.18940448761, -6.48386287689], [32.0910186768, 7.04030323029, -8.319647789, 42.9009399414, 78.6562347412, 27.7780838013, 1.89097428322, 1.23792219162, -0.446069717407, -0.812539279461, -3.87983250618, -6.51575088501, 0.599088609219], [-284.979858398, -41.7245559692, 130.041229248, -11.7043523788, 27.7780838013, 206.432754517, 24.7109260559, -28.4713973999, -41.8884239197, 6.6942076683, -12.1188383102, -1.79751622677, -4.63634347916], [110.882583618, 13.0257253647, -61.2581062317, -5.55299758911, 1.89097428322, 24.7109260559, 88.3295211792, 3.91476607323, -15.1335639954, 1.00106918812, -2.11147809029, -10.2540235519, 4.35830879211], [-33.5838661194, -20.8993396759, -2.54487729073, 17.1725921631, 1.23792219162, -28.4713973999, 3.91476607323, 81.1123886108, 44.9549369812, -4.13407993317, -4.39310836792, 8.7767457962, -4.39587640762], [28.4276332855, 3.65645456314, -10.6368675232, 11.2556171417, -0.446069717407, -41.8884239197, -15.1335639954, 44.9549369812, 69.7410202026, 20.9071044922, -4.44857263565, 1.33403730392, -3.24954152107], [-9.78952217102, -23.196762085, -31.3013134003, -7.86409854889, -0.812539279461, 6.6942076683, 1.00106918812, -4.13407993317, 20.9071044922, 57.3348617554, 25.3398342133, -2.87468075752, -1.31958401203], [26.1264019012, 10.0165758133, -21.2849998474, -20.9383182526, -3.87983250618, -12.1188383102, -2.11147809029, -4.39310836792, -4.44857263565, 25.3398342133, 50.0609741211, 13.5056972504, -4.21649932861], [-48.47889328, -26.7918758392, 4.28187465668, 7.18940448761, -6.51575088501, -1.79751622677, -10.2540235519, 8.7767457962, 1.33403730392, -2.87468075752, 13.5056972504, 45.7793197632, 18.8779945374], [24.5880012512, -8.30260944366, -36.2343063354, -6.48386287689, 0.599088609219, -4.63634347916, 4.35830879211, -4.39587640762, -3.24954152107, -1.31958401203, -4.21649932861, 18.8779945374, 47.5303764343]],
        "icov": [[0.0226587802172, -0.027440669015, 0.0178418587893, -0.00427155941725, -0.00895317085087, 0.0182223264128, -0.0201505739242, 0.0176684036851, -0.0102536603808, 0.00420879246667, 0.00170893361792, -0.00246151117608, 0.002421092242], [-0.027440669015, 0.055578250438, -0.0349035859108, 0.0146159734577, -0.00209793681279, -0.00796327367425, 0.00614610081539, -0.00335853360593, -0.00705774500966, 0.0137995332479, -0.021028438583, 0.0178130157292, -0.0113750966266], [0.0178418587893, -0.0349035859108, 0.0302050020546, -0.0166665818542, 0.00902880635113, -0.0035779774189, 0.00190902536269, 0.00425719888881, -0.00283249770291, 0.00317544350401, 0.00391409825534, -0.00489601818845, 0.00736833922565], [-0.00427155941725, 0.0146159734577, -0.0166665818542, 0.0241139940917, -0.019648404792, 0.0147265652195, -0.010645234026, 0.00145709246863, 0.00368759664707, -0.00898883026093, 0.0112690627575, -0.00804012455046, 0.00233740010299], [-0.00895317085087, -0.00209793681279, 0.00902880635113, -0.019648404792, 0.0387875959277, -0.0299122035503, 0.0263913925737, -0.0157737266272, 0.00422472227365, 0.00482476409525, -0.00836363155395, 0.00849684793502, -0.0025116156321], [0.0182223264128, -0.00796327367425, -0.0035779774189, 0.0147265652195, -0.0299122035503, 0.042925927788, -0.0369489304721, 0.0231192801148, -0.00462509458885, -0.00608447939157, 0.00977108813822, -0.00635377829894, 0.00145937642083], [-0.0201505739242, 0.00614610081539, 0.00190902536269, -0.010645234026, 0.0263913925737, -0.0369489304721, 0.0524437204003, -0.0350473746657, 0.0260278414935, -0.0124045722187, 0.00643612490967, 0.0005499656545, 0.00130143621936], [0.0176684036851, -0.00335853360593, 0.00425719888881, 0.00145709246863, -0.0157737266272, 0.0231192801148, -0.0350473746657, 0.0540653914213, -0.0466534793377, 0.0325052402914, -0.0213064663112, 0.00737311178818, -0.00272031361237], [-0.0102536603808, -0.00705774500966, -0.00283249770291, 0.00368759664707, 0.00422472227365, -0.00462509458885, 0.0260278414935, -0.0466534793377, 0.0715747848153, -0.0560520552099, 0.0456026345491, -0.0242006424814, 0.0122040621936], [0.00420879246667, 0.0137995332479, 0.00317544350401, -0.00898883026093, 0.00482476409525, -0.00608447939157, -0.0124045722187, 0.0325052402914, -0.0560520552099, 0.0764366462827, -0.0610304698348, 0.0363942272961, -0.0166619364172], [0.00170893361792, -0.021028438583, 0.00391409825534, 0.0112690627575, -0.00836363155395, 0.00977108813822, 0.00643612490967, -0.0213064663112, 0.0456026345491, -0.0610304698348, 0.0796152949333, -0.0471496731043, 0.0256746318191], [-0.00246151117608, 0.0178130157292, -0.00489601818845, -0.00804012455046, 0.00849684793502, -0.00635377829894, 0.0005499656545, 0.00737311178818, -0.0242006424814, 0.0363942272961, -0.0471496731043, 0.0599914044142, -0.0291937682778], [0.002421092242, -0.0113750966266, 0.00736833922565, 0.00233740010299, -0.0025116156321, 0.00145937642083, 0.00130143621936, -0.00272031361237, 0.0122040621936, -0.0166619364172, 0.0256746318191, -0.0291937682778, 0.0377833656967]]
    },
    "melbands": {
        "max": [0.000881147454493, 0.00918009877205, 0.0151843624189, 0.0104792835191, 0.00407697819173, 0.00689892051741, 0.00637796288356, 0.00678151426837, 0.00935688521713, 0.00726601853967, 0.00349937286228, 0.00379461701959, 0.00321420677938, 0.0046987500973, 0.00273411441594, 0.00149831490126, 0.00164798728656, 0.00179844372906, 0.00128777395003, 0.000941077712923, 0.000959160155617, 0.000746899051592, 0.000440766772954, 0.000413288013078, 0.00025945447851, 9.13497642614e-05, 0.000139564217534, 2.50633675023e-05, 1.39976018545e-05, 1.10254150059e-05, 5.88595139561e-06, 2.52287054536e-06, 1.06839331693e-06, 4.88126715936e-07, 2.21413870349e-07, 1.04031073533e-07, 8.68363372319e-08, 8.90233025075e-08, 6.74464217809e-08, 6.15595681097e-08],
        "mean": [5.88084876654e-05, 0.000479150592582, 0.00124415487517, 0.000964922073763, 0.000455879460787, 0.000410081178416, 0.000470930652227, 0.000458187132608, 0.000414410547819, 0.000214444298763, 0.000286010617856, 0.000202708193683, 0.000170732368133, 0.000167474936461, 8.78081991686e-05, 6.1130602262e-05, 0.000127935840283, 7.85922893556e-05, 7.60322654969e-05, 6.26256296528e-05, 6.93047040841e-05, 4.62356983917e-05, 3.43211177096e-05, 3.01039344777e-05, 1.85563549167e-05, 9.34508898354e-06, 8.27361509437e-06, 3.83685846828e-06, 1.97879307962e-06, 1.10268797471e-06, 4.85905104597e-07, 2.16759659111e-07, 1.22272439285e-07, 5.77613974428e-08, 3.85906311351e-08, 3.08214254119e-08, 2.79567657913e-08, 2.71611018121e-08, 2.74514970755e-08, 2.74501559261e-08],
        "min": [8.41546807351e-07, 4.43609633294e-06, 7.4726949606e-06, 1.11036263206e-06, 6.11034636222e-07, 8.58920429891e-07, 5.71832970309e-07, 2.43522322307e-07, 1.35942499924e-07, 1.06315361847e-07, 7.19734885024e-07, 2.02547852268e-07, 1.50964481804e-07, 7.68730501477e-08, 1.06391595978e-07, 1.12597478008e-08, 1.0811314155e-07, 1.36772030146e-07, 5.94732014747e-08, 4.63776146375e-08, 1.74311391987e-08, 1.71749316991e-08, 3.03656619849e-08, 1.81708514901e-08, 1.30337474147e-08, 1.6873850095e-09, 1.62567481699e-09, 2.16452789026e-09, 2.96297608671e-09, 1.256424631e-09, 7.48218542679e-10, 1.09803044435e-09, 1.335107358e-09, 1.52451051783e-09, 1.30197574943e-09, 4.26047808144e-10, 7.29077909156e-10, 8.77650618847e-10, 9.8384767e-10, 5.59161106306e-10],
        "stdev": [6.95432245266e-05, 0.000740511401091, 0.0015455475077, 0.00103799684439, 0.000432987319073, 0.000520048779435, 0.000650272646453, 0.000587080605328, 0.000818178639747, 0.000298699567793, 0.000319457787555, 0.000346351676853, 0.000293129502097, 0.000278254126897, 0.000148946463014, 9.44163475651e-05, 0.000176048153662, 0.000110035420221, 9.05029082787e-05, 8.71883748914e-05, 8.88198774192e-05, 6.66835840093e-05, 4.74241933262e-05, 3.50751834048e-05, 2.36995656451e-05, 1.01415280369e-05, 1.05227609311e-05, 3.43273632097e-06, 1.96445330403e-06, 1.20108484225e-06, 4.6773845952e-07, 1.83232330642e-07, 9.20259708437e-08, 3.51488687045e-08, 1.46592720185e-08, 8.96678997719e-09, 6.780946471e-09, 6.36946895227e-09, 6.4275855749e-09, 6.04620575828e-09]
    },
    "melbands128": {
        "max": [2.53270281974e-05, 0.000181025345228, 0.000646448461339, 0.00393464835361, 0.0113012390211, 0.0157097652555, 0.0287307351828, 0.0186936445534, 0.0217872299254, 0.011133030057, 0.0126760527492, 0.00491030141711, 0.0060295057483, 0.00590272108093, 0.00747292395681, 0.013065263629, 0.0134813403711, 0.01122302562, 0.0117228105664, 0.0140376072377, 0.00692017795518, 0.0183762852103, 0.0149026252329, 0.0074521205388, 0.00839093793184, 0.0124132195488, 0.00570096448064, 0.00543527072296, 0.00511322636157, 0.0086417850107, 0.00475583318621, 0.00628738896921, 0.00422002887353, 0.00589840160683, 0.0123016312718, 0.00419559748843, 0.0031091037672, 0.00299809337594, 0.00589018454775, 0.00262954924256, 0.00158431369346, 0.0030919581186, 0.00281754392199, 0.00323352729902, 0.000938030949328, 0.00288913422264, 0.00383545807563, 0.00202234112658, 0.00111891957931, 0.00159724638797, 0.00179475930054, 0.00169692083728, 0.00161640404258, 0.000993083114736, 0.00115014647599, 0.00136095786002, 0.00127055693883, 0.0009334483766, 0.000671729969326, 0.000548367272131, 0.00077831587987, 0.000678673095535, 0.000639121572021, 0.000302158179693, 0.000189354614122, 0.000206425262149, 0.000108745320176, 0.00031626271084, 0.000134812114993, 7.70217448007e-05, 4.78391630168e-05, 3.32852214342e-05, 2.73863970506e-05, 2.9322138289e-05, 1.97780173039e-05, 2.30096175073e-05, 1.92990191863e-05, 8.90744922799e-06, 5.91048637943e-06, 5.98755786996e-06, 3.78442587134e-06, 3.5172195112e-06, 1.21609980397e-06, 2.15071486309e-06, 1.26774762066e-06, 5.86062867569e-07, 3.10980112772e-07, 3.51373671492e-07, 1.99136678702e-07, 1.83560274536e-07, 1.38463036592e-07, 1.1073054651e-07, 9.83239019092e-08, 9.17072497941e-08, 1.05292848218e-07, 8.90931630693e-08, 1.09611463017e-07, 7.34165865879e-08, 8.89202382837e-08, 7.74170771933e-08, 6.91244892437e-08, 7.89039305005e-08, 9.10744901716e-08, 7.72572690266e-08, 7.48200790213e-08, 8.15687286604e-08, 6.07806640573e-08, 7.41178212138e-08, 6.36066772586e-08, 6.65193695681e-08, 6.98290492096e-08, 6.86075409817e-08, 3.69308139625e-08, 3.54409586123e-08, 2.10789341537e-08, 1.23378800509e-08, 8.48884518234e-09, 1.57905644116e-09, 1.44764478183e-09, 1.40416644978e-09, 1.34587685441e-09, 1.30858357483e-09, 1.27322374865e-09, 1.20134624471e-09, 1.18989906817e-09, 1.20092646938e-09, 1.12097042759e-09, 1.13996945217e-09],
        "mean": [3.21553261529e-06, 1.76513622137e-05, 6.43153907731e-05, 0.000168757862411, 0.000402024685172, 0.000679808959831, 0.00122545752674, 0.00150461192243, 0.00118991918862, 0.00098734034691, 0.000829304452054, 0.000508447061293, 0.000397478026571, 0.000319933547871, 0.000334382406436, 0.000520257395692, 0.000521612761077, 0.000456464913441, 0.000385992578231, 0.000562307948712, 0.000395179988118, 0.000424719008151, 0.000535659375601, 0.000233549726545, 0.000193367319298, 0.000161812931765, 0.000352832343196, 0.000334779382683, 0.000172323343577, 0.000285847228952, 0.000165662175277, 0.000131538399728, 0.000206295619137, 0.000162182826898, 0.000171396037331, 0.000183571770322, 0.000145366910147, 4.95722670166e-05, 0.000100232784462, 4.67955833301e-05, 2.89242161671e-05, 0.000112911766337, 0.000151850108523, 0.000145876969327, 4.11231994804e-05, 7.32428452466e-05, 0.0001115818377, 7.24299461581e-05, 5.60232147109e-05, 8.36844337755e-05, 5.90831477894e-05, 4.42736200057e-05, 8.76991980476e-05, 6.60094592604e-05, 5.59804648219e-05, 4.18683557655e-05, 3.98583943024e-05, 5.02701441292e-05, 2.53980560956e-05, 1.74908745976e-05, 3.76489406335e-05, 3.1831124943e-05, 2.45719274972e-05, 1.41015907502e-05, 9.75502371148e-06, 9.15974669624e-06, 7.98351175035e-06, 1.17192794278e-05, 6.78520336805e-06, 6.32899127595e-06, 4.2282731556e-06, 2.5412011837e-06, 1.96608039005e-06, 2.1800021841e-06, 1.52570169121e-06, 1.35203322316e-06, 7.93007131961e-07, 5.38074232281e-07, 5.09032474838e-07, 3.61951606465e-07, 2.18955435116e-07, 1.63010710708e-07, 1.61882752536e-07, 1.28582485104e-07, 8.17627707761e-08, 6.23710505465e-08, 5.03223169801e-08, 4.44681127476e-08, 3.87314997852e-08, 3.40119363784e-08, 3.13438874855e-08, 3.04986684796e-08, 2.84320744726e-08, 2.83610788188e-08, 2.71973998878e-08, 2.70421036674e-08, 2.71318345568e-08, 2.72359876874e-08, 2.72891576003e-08, 2.77063723075e-08, 2.779031405e-08, 2.73544902285e-08, 2.72610893859e-08, 2.66652939729e-08, 2.60797872187e-08, 2.44231816993e-08, 2.21333209538e-08, 1.94626821326e-08, 1.50663534981e-08, 1.11780487089e-08, 7.02894409343e-09, 3.8047995865e-09, 1.75896874843e-09, 6.08227801457e-10, 8.04195043891e-11, 6.44669317929e-10, 1.14764087122e-09, 8.5067595329e-12, 7.4379408882e-12, 7.38893408264e-12, 7.28242379594e-12, 7.23209383005e-12, 7.07626969174e-12, 6.87451658099e-12, 6.92702622693e-12, 6.94069454688e-12, 6.89438306792e-12, 6.84411641944e-12],
        "min": [1.16947962425e-09, 4.69440166739e-08, 8.13921090526e-08, 3.7250947571e-07, 5.22129766978e-07, 2.20938841267e-06, 1.17103695629e-06, 1.14306931209e-06, 9.59096723818e-07, 1.97584654416e-07, 5.76685238229e-07, 9.14457061185e-08, 1.26342854401e-07, 2.32033443126e-07, 1.26149117818e-07, 1.80222656354e-07, 3.15408669849e-07, 3.63526709179e-07, 1.10059545477e-07, 1.39125887699e-07, 1.89482491919e-08, 4.85682356555e-08, 1.77642736077e-08, 7.64887264637e-09, 3.95921873064e-08, 1.14132426177e-07, 1.59968053026e-07, 4.24542008659e-07, 4.92892013426e-07, 1.74511853857e-07, 6.23262934596e-08, 1.15103262033e-07, 1.62058455544e-07, 5.47982104138e-08, 3.39279786488e-08, 4.71049261819e-08, 6.16157294075e-08, 3.14586223737e-08, 2.41295055048e-08, 8.14179745845e-09, 3.29079474781e-09, 1.64412625736e-08, 7.55014681886e-08, 2.47490348215e-08, 9.39455162552e-08, 2.7005095049e-08, 8.62061995122e-08, 8.12417511042e-08, 3.290958972e-08, 3.19948441074e-08, 4.39418421649e-08, 5.36429958231e-08, 1.33563125004e-08, 6.10073991325e-09, 1.16768710257e-08, 2.04366799039e-08, 1.46991645522e-08, 1.36172193521e-08, 2.278102329e-08, 3.50241329272e-08, 1.2638020408e-08, 1.01982777778e-08, 2.15450999264e-08, 1.30521193853e-08, 3.90480425771e-10, 5.98296578946e-10, 3.45654393996e-09, 1.68255753774e-09, 1.02830266524e-09, 1.32898980709e-09, 2.52493670416e-09, 2.01773975306e-09, 3.20957527222e-09, 3.99620336822e-09, 1.46769618681e-09, 1.18781384728e-09, 1.01188923907e-09, 1.43004463826e-09, 2.23846496894e-10, 6.72981781413e-10, 1.16143095141e-09, 9.27951715468e-10, 1.87654425332e-09, 1.36725741839e-09, 8.5668178107e-10, 1.7299217614e-09, 1.83375403751e-09, 8.06794298036e-10, 1.94863591929e-09, 1.0220599922e-09, 3.71333658267e-10, 3.61454893794e-10, 2.63641997122e-10, 8.04570410295e-10, 1.00198216391e-09, 6.67052690861e-10, 6.17328743679e-10, 1.45332668122e-09, 1.31306332474e-09, 2.78359918449e-10, 1.15967058179e-09, 4.72806072072e-10, 1.59304430758e-10, 1.06964925806e-09, 2.43907471997e-09, 7.74131869719e-10, 7.70290886631e-10, 7.77076847314e-10, 4.65465915811e-10, 3.79116293914e-10, 2.8803656682e-10, 8.08138625463e-11, 5.87337470326e-11, 2.82441604826e-11, 1.45341160981e-12, 1.71327849911e-12, 1.59990532107e-12, 1.14562634553e-12, 1.16884366769e-12, 1.08153308358e-12, 1.0074644027e-12, 1.0411907881e-12, 1.24048330202e-12, 1.01614257373e-12, 1.07935513825e-12, 9.95132904032e-13, 1.16699835559e-12, 1.2101305201e-12],
        "stdev": [3.29067984239e-06, 1.98222151084e-05, 7.87353928899e-05, 0.00025942188222, 0.000779783353209, 0.00125326355919, 0.00173294439446, 0.00217725150287, 0.00218398985453, 0.00122053804807, 0.00104020757135, 0.000578743929509, 0.00053951056907, 0.000424565543653, 0.000508148164954, 0.000903357169591, 0.000938485027291, 0.000934204901569, 0.000732554122806, 0.000956033763941, 0.000660662073642, 0.000901111110579, 0.00144803186413, 0.000426940969191, 0.000451512634754, 0.000361772370525, 0.000495582062285, 0.000486756383907, 0.000321821367834, 0.000628149078693, 0.000368602748495, 0.000308584567392, 0.000418909447035, 0.000420259835664, 0.000465949618956, 0.00034761193092, 0.000284144101897, 0.000143016251968, 0.000277988845482, 0.000112850328151, 7.88911638665e-05, 0.00022244657157, 0.000239820990828, 0.000272687088, 8.12741200207e-05, 0.000164476630744, 0.000235427971347, 0.000138146831887, 8.74125835253e-05, 0.000150945415953, 0.000124577709357, 9.42305996432e-05, 0.000157520466018, 9.8063115729e-05, 0.000107990526885, 9.93923167698e-05, 8.75791592989e-05, 8.3827508206e-05, 5.15087849635e-05, 2.99280563922e-05, 5.40849505342e-05, 4.57696623926e-05, 4.73372638226e-05, 2.36696178035e-05, 1.45996409628e-05, 1.56539208547e-05, 1.06342322397e-05, 2.03065865207e-05, 1.09484044515e-05, 7.45721126805e-06, 4.8097635954e-06, 3.35575145982e-06, 2.67329301096e-06, 2.97036240227e-06, 2.07822427001e-06, 1.95497955247e-06, 1.10813800802e-06, 6.73113902394e-07, 5.78858134759e-07, 4.10367562154e-07, 2.30594764616e-07, 1.7060004609e-07, 1.45937960383e-07, 1.18230616408e-07, 7.22463369129e-08, 5.08138953137e-08, 3.13206847125e-08, 2.59021319948e-08, 1.95133296188e-08, 1.58364237279e-08, 1.3664037013e-08, 1.27549268925e-08, 1.08078479499e-08, 1.06394706378e-08, 1.01991881607e-08, 9.91122739435e-09, 9.98245042183e-09, 1.010718087e-08, 1.01541166586e-08, 9.95120785774e-09, 9.68801128209e-09, 9.31521793035e-09, 9.39925026699e-09, 8.83087825088e-09, 8.50735304425e-09, 7.98630583887e-09, 6.91742041425e-09, 6.29371310623e-09, 4.64582683435e-09, 3.73226294315e-09, 2.56987831015e-09, 1.91827331797e-09, 1.07261610705e-09, 8.58060067443e-10, 5.51960366302e-10, 5.55178625294e-10, 8.59603055403e-10, 3.51581888602e-11, 3.20355512951e-11, 3.10705870754e-11, 2.97982367947e-11, 2.89817406185e-11, 2.82034291754e-11, 2.66508690117e-11, 2.63905008957e-11, 2.66117666098e-11, 2.49009163983e-11, 2.52954150681e-11]
    },
    "mfcc": {
        "mean": [-644.956359863, 170.415023804, -51.1313743591, 20.994934082, 1.41412115097, -13.7699728012, -1.37996435165, -8.5489616394, -2.40339326859, -4.65894508362, -6.33365297318, -7.71566390991, -6.51842260361],
        "cov": [[1275.13720703, 201.876876831, -516.633422852, 192.418228149, -198.336105347, -142.143630981, -26.0286426544, -71.7745895386, 27.0608615875, -54.57579422, 13.6012516022, 66.9237518311, 27.1540164948], [201.876876831, 198.42628479, 36.1042060852, -12.3679704666, -10.6980705261, -16.5971221924, 1.76681697369, -8.48000907898, -22.2103710175, -3.55838060379, -0.0365008339286, 4.28705358505, -0.494674026966], [-516.633422852, 36.1042060852, 398.137969971, -35.9461860657, 94.9180221558, 75.9224472046, 5.34405946732, 45.6752281189, -21.3886089325, 13.4124355316, -0.0838873758912, -30.7688045502, -23.4913902283], [192.418228149, -12.3679704666, -35.9461860657, 183.767608643, 21.040140152, -61.7397842407, -39.8405570984, 7.39760017395, 27.4946804047, -26.5382957458, 13.5680713654, 38.1830978394, -0.709999203682], [-198.336105347, -10.6980705261, 94.9180221558, 21.040140152, 126.912231445, 26.0547561646, -13.6607179642, 17.5051670074, 2.9288213253, 5.52458238602, -1.55919444561, 4.54932785034, -7.37049818039], [-142.143630981, -16.5971221924, 75.9224472046, -61.7397842407, 26.0547561646, 154.578048706, 74.0697402954, -5.86823940277, -7.25363588333, 15.8039417267, -10.482790947, -38.7784881592, -10.1758489609], [-26.0286426544, 1.76681697369, 5.34405946732, -39.8405570984, -13.6607179642, 74.0697402954, 100.814605713, 14.5297212601, -15.7046632767, 8.6204328537, -7.96931743622, -24.4813766479, -4.22151994705], [-71.7745895386, -8.48000907898, 45.6752281189, 7.39760017395, 17.5051670074, -5.86823940277, 14.5297212601, 70.8055343628, 27.3060932159, -8.76925754547, 0.185970753431, -1.43835365772, -9.00451564789], [27.0608615875, -22.2103710175, -21.3886089325, 27.4946804047, 2.9288213253, -7.25363588333, -15.7046632767, 27.3060932159, 68.4955368042, 15.3966054916, -4.04317378998, -0.0179863162339, -2.29109215736], [-54.57579422, -3.55838060379, 13.4124355316, -26.5382957458, 5.52458238602, 15.8039417267, 8.6204328537, -8.76925754547, 15.3966054916, 65.2196426392, 15.5090150833, -17.3068504333, 6.61258506775], [13.6012516022, -0.0365008339286, -0.0838873758912, 13.5680713654, -1.55919444561, -10.482790947, -7.96931743622, 0.185970753431, -4.04317378998, 15.5090150833, 57.2188034058, 29.8448200226, -3.37043833733], [66.9237518311, 4.28705358505, -30.7688045502, 38.1830978394, 4.54932785034, -38.7784881592, -24.4813766479, -1.43835365772, -0.0179863162339, -17.3068504333, 29.8448200226, 71.2154922485, 16.1708240509], [27.1540164948, -0.494674026966, -23.4913902283, -0.709999203682, -7.37049818039, -10.1758489609, -4.22151994705, -9.00451564789, -2.29109215736, 6.61258506775, -3.37043833733, 16.1708240509, 51.2566604614]],
        "icov": [[0.0151638872921, -0.0200455281883, 0.0188642144203, -0.0169833637774, 0.0136434379965, -0.00947200041264, 0.00601056404412, -0.00311192520894, 0.00103544408921, 0.000794662162662, -0.000554401311092, 0.000630385940894, -7.81811540946e-05], [-0.0200455281883, 0.0321112163365, -0.0260415561497, 0.0228414926678, -0.0174686145037, 0.0143270902336, -0.00933484360576, 0.00554667646065, -0.000726270081941, -0.00103776587639, 0.00131621875335, -0.0017078636447, 0.000575422775], [0.0188642144203, -0.0260415561497, 0.0283541381359, -0.0217103082687, 0.0157938115299, -0.0161409266293, 0.0123964222148, -0.0106825279072, 0.00704329973087, -0.00254931626841, 0.000765687378589, 0.000789019453805, 0.00110541726463], [-0.0169833637774, 0.0228414926678, -0.0217103082687, 0.0278674028814, -0.0186480265111, 0.0155710084364, -0.0101087391376, 0.00870986655354, -0.00887420028448, 0.00630073016509, -0.00407727761194, 3.74060255126e-05, -0.000728487386368], [0.0136434379965, -0.0174686145037, 0.0157938115299, -0.0186480265111, 0.0254676211625, -0.0149757862091, 0.0126309739426, -0.0102877626196, 0.00781232817098, -0.00725529901683, 0.00668955454603, -0.00585862109438, 0.00307914987206], [-0.00947200041264, 0.0143270902336, -0.0161409266293, 0.0155710084364, -0.0149757862091, 0.0265624150634, -0.0218918249011, 0.0179706010967, -0.0144072901458, 0.0100000845268, -0.00768368085846, 0.00712960818782, -0.00224039703608], [0.00601056404412, -0.00933484360576, 0.0123964222148, -0.0101087391376, 0.0126309739426, -0.0218918249011, 0.0320354066789, -0.0224499776959, 0.0196465291083, -0.0134839909151, 0.00934288743883, -0.00435603363439, 0.00303814723156], [-0.00311192520894, 0.00554667646065, -0.0106825279072, 0.00870986655354, -0.0102877626196, 0.0179706010967, -0.0224499776959, 0.0393041186035, -0.0278102010489, 0.0205498691648, -0.0136303296313, 0.00827981159091, -0.00333169801161], [0.00103544408921, -0.000726270081941, 0.00704329973087, -0.00887420028448, 0.00781232817098, -0.0144072901458, 0.0196465291083, -0.0278102010489, 0.0403144955635, -0.0248899795115, 0.0176430679858, -0.0102945212275, 0.00696617271751], [0.000794662162662, -0.00103776587639, -0.00254931626841, 0.00630073016509, -0.00725529901683, 0.0100000845268, -0.0134839909151, 0.0205498691648, -0.0248899795115, 0.0403335429728, -0.0258261878043, 0.0199544448406, -0.0123800858855], [-0.000554401311092, 0.00131621875335, 0.000765687378589, -0.00407727761194, 0.00668955454603, -0.00768368085846, 0.00934288743883, -0.0136303296313, 0.0176430679858, -0.0258261878043, 0.0407889150083, -0.0250611845404, 0.0131213748828], [0.000630385940894, -0.0017078636447, 0.000789019453805, 3.74060255126e-05, -0.00585862109438, 0.00712960818782, -0.00435603363439, 0.00827981159091, -0.0102945212275, 0.0199544448406, -0.0250611845404, 0.0353637523949, -0.0141587359831], [-7.81811540946e-05, 0.000575422775, 0.00110541726463, -0.000728487386368, 0.00307914987206, -0.00224039703608, 0.00303814723156, -0.00333169801161, 0.00696617271751, -0.0123800858855, 0.0131213748828, -0.0141587359831, 0.0269543137401]]
    },
    "spectral_contrast_coeffs": {
        "max": [-0.437936663628, -0.528444170952, -0.545380949974, -0.613013744354, -0.628415346146, -0.65049803257],
        "mean": [-0.653832793236, -0.753467619419, -0.739266097546, -0.755317568779, -0.754784941673, -0.780055344105],
        "min": [-0.892716228962, -0.897842884064, -0.890810668468, -0.9037566185, -0.877740859985, -0.946412086487],
        "stdev": [0.0588118992746, 0.0612017735839, 0.0529785715044, 0.043414503336, 0.0382964462042, 0.035319134593]
    },
    "spectral_contrast_valleys": {
        "max": [-5.3464474678, -4.89429855347, -5.29022073746, -5.82029247284, -6.46005678177, -10.4612445831],
        "mean": [-6.82138442993, -6.18896865845, -6.80741357803, -7.08870506287, -7.46856641769, -11.0967216492],
        "min": [-9.1170129776, -9.73460865021, -9.47009658813, -9.42319965363, -10.6740856171, -11.3763589859],
        "stdev": [0.517624437809, 0.586544215679, 0.488680571318, 0.460995942354, 0.515241503716, 0.0780307501554]
    }
},
"rhythm": {
    "beats_count": 85,
    "beats_loudness": {
        "max": 0.0852379128337,
        "mean": 0.0323491618037,
        "min": 0.00081709882943,
        "stdev": 0.014878410846
    },
    "bpm": 106.454559326,
    "bpm_histogram_first_peak_bpm": 105,
    "bpm_histogram_first_peak_weight": 0.575757563114,
    "bpm_histogram_second_peak_bpm": 110,
    "bpm_histogram_second_peak_spread": 0.230769276619,
    "bpm_histogram_second_peak_weight": 0.119047619402,
    "danceability": 1.25465106964,
    "onset_rate": 2.21484375,
    "beats_loudness_band_ratio": {
        "max": [0.737700641155, 0.701138973236, 0.760774374008, 0.673905074596, 0.325425803661, 0.0556201003492],
        "mean": [0.218587949872, 0.215916797519, 0.268330156803, 0.208191752434, 0.136222794652, 0.0189962219447],
        "min": [0.0100311227143, 0.0327776670456, 0.0431039743125, 0.0259107109159, 0.0177450999618, 0.00412171939388],
        "stdev": [0.162534028292, 0.13362005353, 0.14320833981, 0.138312637806, 0.0722537115216, 0.0120291030034]
    },
