{
"metadata": {
    "version": {
        "essentia": "2.1-beta5",
        "essentia_git_sha": "Undefined",
        "extractor": "music 2.0"
    },
    "audio_properties": {
        "analysis": {
            "equal_loudness": 0,
            "length": 12.7477550507,
            "sample_rate": 44100,
            "start_time": 0,
            "downmix": "mix"
        },
        "bit_rate": 192000,
        "length": 177.261138916,
        "lossless": 0,
        "number_channels": 2,
        "replay_gain": -7.70084571838,
        "sample_rate": 44100,
        "codec": "mp3",
        "md5_encoded": "cd431b54a99b317ee649ef879e1c4055"
    },
    "tags": {
        "file_name": "Netherlands_Wijs Me De Weg_Humphrey Campbell.mp3",
        "encoding": ["Lavf58.29.100"]
    }
},
"lowlevel": {
    "average_loudness": 0.669651269913,
    "barkbands_crest": {
        "max": 22.3442993164,
        "mean": 9.70471382141,
        "min": 3.45522618294,
        "stdev": 3.89890027046
    },
    "barkbands_flatness_db": {
        "max": 0.229544356465,
        "mean": 0.131577283144,
        "min": 0.0706242099404,
        "stdev": 0.0300826132298
    },
    "barkbands_kurtosis": {
        "max": 16.0219993591,
        "mean": 0.876181840897,
        "min": -1.49050581455,
        "stdev": 2.03839612007
    },
    "barkbands_skewness": {
        "max": 3.45934605598,
        "mean": 0.667480945587,
        "min": -1.99392342567,
        "stdev": 0.753063440323
    },
    "barkbands_spread": {
        "max": 56.9864234924,
        "mean": 19.5343112946,
        "min": 2.67010331154,
        "stdev": 9.24781036377
    },
    "dissonance": {
        "max": 0.499991506338,
        "mean": 0.461722612381,
        "min": 0.352365404367,
        "stdev": 0.0279451105744
    },
    "dynamic_complexity": 5.17022943497,
    "erbbands_crest": {
        "max": 28.109003067,
        "mean": 11.5687713623,
        "min": 3.41854166985,
        "stdev": 5.21133232117
    },
    "erbbands_flatness_db": {
        "max": 0.296567499638,
        "mean": 0.202409252524,
        "min": 0.0945539176464,
        "stdev": 0.0286485124379
    },
    "erbbands_kurtosis": {
        "max": 9.05204391479,
        "mean": 0.175627738237,
        "min": -1.4541478157,
        "stdev": 1.36309456825
    },
    "erbbands_skewness": {
        "max": 2.54996538162,
        "mean": 0.423466533422,
        "min": -1.89374804497,
        "stdev": 0.674872338772
    },
    "erbbands_spread": {
        "max": 60.5083503723,
        "mean": 25.852853775,
        "min": 7.15302228928,
        "stdev": 9.24048042297
    },
    "hfc": {
        "max": 90.8668518066,
        "mean": 18.8694763184,
        "min": 1.13174295544e-16,
        "stdev": 17.228937149
    },
    "loudness_ebu128": {
        "integrated": -17.0303230286,
        "loudness_range": 10.3425102234,
        "momentary": {
            "max": -11.9349012375,
            "mean": -19.7612934113,
            "min": -32.5957260132,
            "stdev": 5.07788419724
        },
        "short_term": {
            "max": -14.3165121078,
            "mean": -18.9639530182,
            "min": -25.2885417938,
            "stdev": 4.0877289772
        }
    },
    "melbands_crest": {
        "max": 31.8449344635,
        "mean": 12.6310844421,
        "min": 2.1652944088,
        "stdev": 5.49694490433
    },
    "melbands_flatness_db": {
        "max": 0.282717704773,
        "mean": 0.145454153419,
        "min": 0.00709167541936,
        "stdev": 0.03727581352
    },
    "melbands_kurtosis": {
        "max": 34.5321464539,
        "mean": 3.29840254784,
        "min": -1.50539064407,
        "stdev": 4.15907907486
    },
    "melbands_skewness": {
        "max": 5.01102542877,
        "mean": 1.22835576534,
        "min": -0.562349677086,
        "stdev": 0.816198468208
    },
    "melbands_spread": {
        "max": 144.455444336,
        "mean": 30.8582820892,
        "min": 3.69098091125,
        "stdev": 18.7898387909
    },
    "pitch_salience": {
        "max": 0.905211925507,
        "mean": 0.551555275917,
        "min": 0.291854292154,
        "stdev": 0.118228964508
    },
    "silence_rate_20dB": {
        "max": 1,
        "mean": 1,
        "min": 1,
        "stdev": 0
    },
    "silence_rate_30dB": {
        "max": 1,
        "mean": 0.998181819916,
        "min": 0,
        "stdev": 0.0426012463868
    },
    "silence_rate_60dB": {
        "max": 1,
        "mean": 0.254545450211,
        "min": 0,
        "stdev": 0.435607373714
    },
    "spectral_centroid": {
        "max": 10491.8427734,
        "mean": 1923.52001953,
        "min": 771.101806641,
        "stdev": 638.494140625
    },
    "spectral_complexity": {
        "max": 34,
        "mean": 16.0890903473,
        "min": 0,
        "stdev": 8.49048995972
    },
    "spectral_decrease": {
        "max": -1.1660048125e-28,
        "mean": -3.78468101303e-09,
        "min": -2.51715093214e-08,
        "stdev": 4.02053901283e-09
    },
    "spectral_energy": {
        "max": 0.102772094309,
        "mean": 0.0159957837313,
        "min": 1.07053173655e-20,
        "stdev": 0.0166412573308
    },
    "spectral_energyband_high": {
        "max": 0.00420595053583,
        "mean": 0.000501357368194,
        "min": 8.06039362436e-21,
        "stdev": 0.000574488483835
    },
    "spectral_energyband_low": {
        "max": 0.000529701879714,
        "mean": 0.000120050593978,
        "min": 4.37697863986e-23,
        "stdev": 7.63125499361e-05
    },
    "spectral_energyband_middle_high": {
        "max": 0.0524208508432,
        "mean": 0.00787511002272,
        "min": 1.35105432971e-21,
        "stdev": 0.00826947204769
    },
    "spectral_energyband_middle_low": {
        "max": 0.0867240130901,
        "mean": 0.00809880718589,
        "min": 5.11324189712e-22,
        "stdev": 0.0115479426458
    },
    "spectral_entropy": {
        "max": 9.8015832901,
        "mean": 7.3788728714,
        "min": 6.55751848221,
        "stdev": 0.345869898796
    },
    "spectral_flux": {
        "max": 0.17276674509,
        "mean": 0.0513259544969,
        "min": 1.03466506196e-10,
        "stdev": 0.0275916811079
    },
    "spectral_kurtosis": {
        "max": 19.3976230621,
        "mean": 5.0742521286,
        "min": -1.18606483936,
        "stdev": 1.86199617386
    },
    "spectral_rms": {
        "max": 0.0100132646039,
        "mean": 0.00342029565945,
        "min": 3.23175058763e-12,
        "stdev": 0.00197667069733
    },
    "spectral_rolloff": {
        "max": 18583.1542969,
        "mean": 2321.66918945,
        "min": 602.9296875,
        "stdev": 1473.79394531
    },
    "spectral_skewness": {
        "max": 3.40816521645,
        "mean": 1.60952985287,
        "min": 0.0498434975743,
        "stdev": 0.282703131437
    },
    "spectral_spread": {
        "max": 40162012,
        "mean": 4044049.75,
        "min": 2455494,
        "stdev": 1719316.5
    },
    "spectral_strongpeak": {
        "max": 10.7226543427,
        "mean": 1.95748782158,
        "min": 0,
        "stdev": 1.87743234634
    },
    "zerocrossingrate": {
        "max": 0.50048828125,
        "mean": 0.0830042585731,
        "min": 0.02880859375,
        "stdev": 0.0378975123167
    },
    "barkbands": {
        "max": [0.000296301121125, 0.000327199406456, 0.000143600540468, 0.000648785498925, 0.0111094349995, 0.0283029936254, 0.0213436484337, 0.0806295871735, 0.0406627394259, 0.0159985814244, 0.027037575841, 0.0480382740498, 0.0035755536519, 0.022515129298, 0.0243223737925, 0.00474483752623, 0.00245422613807, 0.00442723743618, 0.0063238972798, 0.00322087388486, 0.00155915936921, 0.00137793784961, 0.000680646859109, 0.0010997884674, 0.00052364700241, 0.000152581793373, 6.79964173855e-08],
        "mean": [4.9131034757e-05, 6.08942464169e-05, 1.53639884957e-05, 5.44178401469e-05, 0.00038138704258, 0.00139408605173, 0.00105849001557, 0.00300379609689, 0.0012258751085, 0.00181577668991, 0.0012117261067, 0.00163213000633, 0.000275413156487, 0.00100088783074, 0.000880024803337, 0.000213350067497, 0.000253980280831, 0.000347681751009, 0.000523467198946, 0.000212251310586, 0.000199716319912, 8.77592610777e-05, 2.68397106993e-05, 3.14227545459e-05, 3.12032534566e-05, 8.71780503076e-06, 3.9309866473e-09],
        "min": [3.28907823595e-24, 3.36055345158e-23, 6.01222844736e-24, 6.49560217817e-24, 9.68165202445e-23, 5.09795206884e-23, 1.99093257996e-22, 3.40610322688e-23, 1.03728696201e-22, 6.16588387888e-23, 4.44873973868e-23, 1.19979735719e-22, 1.12083629333e-22, 1.0219044899e-22, 1.43258819084e-22, 1.3648500302e-22, 1.31261443784e-22, 1.7426091382e-22, 2.04383081547e-22, 2.89471512051e-22, 3.01184544015e-22, 7.29811801322e-22, 6.59977996973e-22, 1.20220988317e-21, 1.22308155238e-21, 1.70159614614e-21, 2.29126889024e-21],
        "stdev": [4.29856445407e-05, 4.60453993583e-05, 2.05562646443e-05, 7.62256458984e-05, 0.000947349180933, 0.00298240268603, 0.00269555975683, 0.00838483031839, 0.00330285774544, 0.00256592780352, 0.00309831672348, 0.00410308828577, 0.000422768120188, 0.00273610511795, 0.00217251479626, 0.00046233626199, 0.000356715958333, 0.000432905246271, 0.00069383130176, 0.000297467457131, 0.000243756745476, 0.000119381926197, 4.47550155513e-05, 6.53964816593e-05, 3.91831235902e-05, 1.02281564978e-05, 8.97511132081e-09]
    },
    "erbbands": {
        "max": [0.0217381510884, 0.0319704823196, 0.15111836791, 0.996140122414, 16.8529167175, 60.5759124756, 21.0024719238, 263.802856445, 519.838378906, 396.222900391, 2239.25537109, 639.833374023, 592.96673584, 706.63494873, 995.319213867, 2433.84179688, 283.55267334, 939.723266602, 1235.49121094, 295.688323975, 166.149383545, 90.6748733521, 305.283905029, 471.665222168, 151.595275879, 90.3983230591, 116.69103241, 61.4013519287, 80.0311965942, 20.012544632, 21.370092392, 29.9573764801, 22.8741378784, 6.84070205688, 2.02626347542, 0.723487615585, 0.335438549519, 0.0165843777359, 0.000393302820157, 0.00012478636927],
        "mean": [0.003368020989, 0.00795365124941, 0.0154035016894, 0.112163230777, 0.912782549858, 1.27329051495, 1.67683017254, 12.5821418762, 22.8987789154, 16.0027770996, 80.0261230469, 28.3969783783, 55.219997406, 53.8343658447, 47.7350158691, 72.3394622803, 18.6403427124, 45.0849685669, 52.9552993774, 23.2339916229, 13.5338687897, 12.451956749, 20.8457221985, 31.8277206421, 15.7090425491, 9.45858001709, 8.17432498932, 8.06845760345, 3.34803128242, 1.3701261282, 0.753492832184, 0.599416017532, 0.582878887653, 0.376905322075, 0.160267174244, 0.0559922493994, 0.0148748429492, 0.00101905991323, 3.1421368476e-05, 2.14679239434e-05],
        "min": [4.38418447402e-22, 9.29449782288e-21, 1.20888019816e-20, 1.32944096464e-20, 1.30800002311e-19, 3.40639025008e-19, 6.23084911645e-19, 3.08304147122e-19, 1.90233632427e-18, 2.23660373211e-18, 1.44015267252e-18, 2.28473964671e-18, 1.58249618708e-18, 1.84546517561e-18, 1.58904942208e-18, 5.99872124686e-18, 5.60283260569e-18, 4.71949552853e-18, 6.71758834846e-18, 9.99517075734e-18, 6.90671451013e-18, 6.73117313566e-18, 1.02753393123e-17, 7.83398521757e-18, 1.26801990257e-17, 1.29690380879e-17, 1.31208910775e-17, 1.64623434102e-17, 2.60855922575e-17, 2.09443074084e-17, 1.90633003498e-17, 2.17827161706e-17, 1.99684162654e-17, 1.29730954088e-17, 1.01258057371e-17, 7.01209194349e-18, 2.97538562056e-18, 1.33144428623e-18, 3.32004939623e-19, 2.94684838056e-20],
        "stdev": [0.00264664064161, 0.0056593012996, 0.0178234446794, 0.138529211283, 1.60671758652, 4.34939575195, 3.20990848541, 28.0654125214, 54.9784164429, 44.0366401672, 231.794128418, 61.9944801331, 94.3518218994, 86.1914672852, 113.598846436, 203.469558716, 27.7959194183, 113.585334778, 115.25352478, 36.3935699463, 19.7978401184, 14.6042737961, 28.6707420349, 50.929069519, 17.4012928009, 9.98664569855, 10.5321321487, 10.8150558472, 5.30374288559, 1.63113689423, 1.23394942284, 1.41750860214, 1.16639268398, 0.493902236223, 0.199130877852, 0.0589386671782, 0.0195722021163, 0.00122155796271, 3.08378621412e-05, 2.10464586416e-05]
    },
    "gfcc": {
        "mean": [-42.8481178284, 53.7897186279, -164.273895264, 12.1025886536, -72.065536499, 9.83841514587, -32.3903160095, 20.6850242615, -29.8718891144, 9.31117153168, -18.7864608765, 0.0305297262967, -8.3489780426],
        "cov": [[11803.1318359, 948.661560059, -1197.4342041, -554.485046387, -828.941650391, -355.235107422, -395.99432373, -264.015014648, -291.3309021, 200.698394775, 226.317611694, 171.964996338, 242.101974487], [948.661560059, 449.279296875, -29.919708252, -105.784713745, -112.769645691, -152.432128906, -62.2244911194, -116.056350708, 13.831489563, 107.972457886, 93.9812240601, -22.4446353912, -1.71172297001], [-1197.4342041, -29.919708252, 504.398864746, 268.122497559, 40.5316123962, -25.8803710938, 48.3978691101, 31.7859916687, -44.5200767517, -50.6975364685, -98.3495407104, -85.2585220337, -45.3617973328], [-554.485046387, -105.784713745, 268.122497559, 346.710479736, 79.4474411011, 36.8966140747, 49.7371482849, 51.8622360229, -62.7436752319, -88.7911224365, -124.178092957, -70.8795928955, -61.4221229553], [-828.941650391, -112.769645691, 40.5316123962, 79.4474411011, 209.788574219, 104.717559814, 49.4008369446, 82.9812469482, 5.8494386673, -63.734085083, -57.6167488098, -11.024064064, -31.12342453], [-355.235107422, -152.432128906, -25.8803710938, 36.8966140747, 104.717559814, 160.240524292, 62.9071807861, 92.5564117432, 5.44558620453, -70.5006103516, -62.5000419617, 3.13196730614, -7.7839012146], [-395.99432373, -62.2244911194, 48.3978691101, 49.7371482849, 49.4008369446, 62.9071807861, 101.353157043, 82.1050491333, 3.72857761383, -49.9662513733, -47.4040184021, -7.72662830353, -17.9508419037], [-264.015014648, -116.056350708, 31.7859916687, 51.8622360229, 82.9812469482, 92.5564117432, 82.1050491333, 169.928329468, 21.4840068817, -70.4256744385, -77.3272018433, -10.7214365005, -19.9260749817], [-291.3309021, 13.831489563, -44.5200767517, -62.7436752319, 5.8494386673, 5.44558620453, 3.72857761383, 21.4840068817, 105.014778137, 50.1872406006, 27.4793930054, -3.60631108284, -5.75191450119], [200.698394775, 107.972457886, -50.6975364685, -88.7911224365, -63.734085083, -70.5006103516, -49.9662513733, -70.4256744385, 50.1872406006, 135.387680054, 102.501701355, 8.42612171173, 4.28381061554], [226.317611694, 93.9812240601, -98.3495407104, -124.178092957, -57.6167488098, -62.5000419617, -47.4040184021, -77.3272018433, 27.4793930054, 102.501701355, 146.303955078, 51.0861625671, 19.9144687653], [171.964996338, -22.4446353912, -85.2585220337, -70.8795928955, -11.024064064, 3.13196730614, -7.72662830353, -10.7214365005, -3.60631108284, 8.42612171173, 51.0861625671, 92.5064086914, 57.1313438416], [242.101974487, -1.71172297001, -45.3617973328, -61.4221229553, -31.12342453, -7.7839012146, -17.9508419037, -19.9260749817, -5.75191450119, 4.28381061554, 19.9144687653, 57.1313438416, 87.6443481445]],
        "icov": [[0.000379734468879, -0.000827672891319, 0.00109877216164, -0.000480778486235, 0.00128493527882, -0.000329750590026, 0.00111921946518, -0.00130832521245, 0.00165593950078, -0.000636534125078, 0.000527165015228, -7.38718372304e-05, -0.000406410457799], [-0.000827672891319, 0.00567498058081, -0.00221119215712, 0.00188560050447, -0.00294706178829, 0.00361179327592, -0.00354726333171, 0.00363076035865, -0.00318183866329, 0.000614548334852, -0.00188276357949, 0.00253382814117, 0.000484569260152], [0.00109877216164, -0.00221119215712, 0.00725894141942, -0.00422111991793, 0.0031351223588, 0.00135728600435, 0.00135336420499, -0.00394543306902, 0.00503910752013, -0.00228193029761, 0.00142294552643, 0.00240024342202, -0.00311121135019], [-0.000480778486235, 0.00188560050447, -0.00422111991793, 0.00817012321204, -0.00257972022519, 0.000525069481228, -0.00158850941807, 0.00237024296075, 0.000562261557207, 2.78721927316e-05, 0.0031292559579, -0.000633696559817, 0.00398755725473], [0.00128493527882, -0.00294706178829, 0.0031351223588, -0.00257972022519, 0.0126016587019, -0.0057083372958, 0.00504836952314, -0.00548117002472, 0.00417853472754, -0.000340000988217, 0.00101108930539, -0.00182309618685, 0.00121311389375], [-0.000329750590026, 0.00361179327592, 0.00135728600435, 0.000525069481228, -0.0057083372958, 0.0165069587529, -0.0056404969655, -0.000462703406811, -0.00196850090288, 0.00201111310162, 0.000953682989348, 0.00121211772785, -0.00100394838955], [0.00111921946518, -0.00354726333171, 0.00135336420499, -0.00158850941807, 0.00504836952314, -0.0056404969655, 0.0225139372051, -0.0103133693337, 0.00377255957574, 0.00109301414341, 0.000867251190357, -0.00310225901194, 0.00200381921604], [-0.00130832521245, 0.00363076035865, -0.00394543306902, 0.00237024296075, -0.00548117002472, -0.000462703406811, -0.0103133693337, 0.0185439959168, -0.00987809896469, 0.00389308994636, 0.00255114678293, -0.00207863026299, 0.00335688889027], [0.00165593950078, -0.00318183866329, 0.00503910752013, 0.000562261557207, 0.00417853472754, -0.00196850090288, 0.00377255957574, -0.00987809896469, 0.0235312320292, -0.0120823355392, 0.0037302444689, 0.00206417520531, -0.00185664766468], [-0.000636534125078, 0.000614548334852, -0.00228193029761, 2.78721927316e-05, -0.000340000988217, 0.00201111310162, 0.00109301414341, 0.00389308994636, -0.0120823355392, 0.0268726497889, -0.0164349228144, 0.00625994289294, -0.000677004747558], [0.000527165015228, -0.00188276357949, 0.00142294552643, 0.0031292559579, 0.00101108930539, 0.000953682989348, 0.000867251190357, 0.00255114678293, 0.0037302444689, -0.0164349228144, 0.0287215318531, -0.0162971019745, 0.00778325181454], [-7.38718372304e-05, 0.00253382814117, 0.00240024342202, -0.000633696559817, -0.00182309618685, 0.00121211772785, -0.00310225901194, -0.00207863026299, 0.00206417520531, 0.00625994289294, -0.0162971019745, 0.0321836955845, -0.0180425550789], [-0.000406410457799, 0.000484569260152, -0.00311121135019, 0.00398755725473, 0.00121311389375, -0.00100394838955, 0.00200381921604, 0.00335688889027, -0.00185664766468, -0.000677004747558, 0.00778325181454, -0.0180425550789, 0.0251452010125]]
    },
    "melbands": {
        "max": [0.000147725906572, 5.95516976318e-05, 0.000434247718658, 0.00284756044857, 0.00103237619624, 0.00686554284766, 0.00688663451001, 0.00542303360999, 0.0180052239448, 0.00348744611256, 0.00299875577912, 0.00255658826791, 0.00258642900735, 0.00405487790704, 0.0039474084042, 0.00042401929386, 0.00219862256199, 0.00160907616373, 0.00145679910202, 0.000410990294768, 0.000224395247642, 0.00013031862909, 0.000169149046997, 0.000229933706578, 0.000469054939458, 0.00011199311848, 7.09799278411e-05, 7.41015464882e-05, 0.00011446638382, 3.84002232749e-05, 5.05901698489e-05, 4.52280255558e-05, 2.111197864e-05, 1.28756100821e-05, 8.30035241961e-06, 3.28588976117e-05, 9.65136132436e-06, 1.56558508024e-05, 8.54969766806e-06, 4.63711830889e-06],
        "mean": [2.50520988629e-05, 8.72959935805e-06, 4.08299456467e-05, 8.61628504936e-05, 4.94712039654e-05, 0.000320987630403, 0.000317828234984, 0.000205759642995, 0.000665625091642, 0.000147268685396, 0.000270790624199, 0.000208746787393, 0.000146263453644, 0.000178878573934, 0.000118253446999, 2.64659320237e-05, 9.58410091698e-05, 8.54423269629e-05, 6.05431523582e-05, 1.72657328221e-05, 1.60784147738e-05, 1.29647114591e-05, 1.72744148585e-05, 1.79025082616e-05, 2.8778826163e-05, 9.41507096286e-06, 8.71193424246e-06, 6.05251443631e-06, 5.29989029019e-06, 4.41537167717e-06, 5.33068987352e-06, 2.24609198085e-06, 8.35523110254e-07, 6.55572591768e-07, 4.26685147659e-07, 3.8222313492e-07, 3.57289707154e-07, 3.69749699303e-07, 5.18711772202e-07, 2.45319625947e-07],
        "min": [7.7004215501e-24, 8.56292419855e-24, 5.04248686416e-24, 1.83223247761e-23, 1.98598241467e-23, 6.70322563526e-24, 3.61031154734e-23, 2.14919158285e-23, 1.41656809824e-23, 1.35380806012e-23, 8.20818528239e-24, 7.80272734318e-24, 5.75043115089e-24, 7.19629919976e-24, 2.39725189216e-23, 6.80957276275e-24, 8.7261947401e-24, 1.13704265177e-23, 9.11598511287e-24, 1.16184664744e-23, 8.52376356549e-24, 7.91889815553e-24, 5.73142315295e-24, 1.04280879902e-23, 5.43902475868e-24, 9.16347453936e-24, 8.46840919577e-24, 8.80036107583e-24, 8.29013373094e-24, 7.7818990487e-24, 1.00444065563e-23, 1.634737679e-23, 1.15393863241e-23, 1.24011340327e-23, 9.36637587507e-24, 1.25622170629e-23, 1.37374872831e-23, 1.52868542771e-23, 1.12315814763e-23, 1.04148958693e-23],
        "stdev": [1.77255606104e-05, 7.50750859879e-06, 5.50340191694e-05, 0.000232723672525, 0.000108630250907, 0.000718648545444, 0.000755086715799, 0.000577697705012, 0.00193537806626, 0.000316169142025, 0.00047427098616, 0.000332163763233, 0.000349388370523, 0.000386045925552, 0.000330174225383, 4.88599653181e-05, 0.000265673559625, 0.000176572182681, 0.000135306152515, 3.82704238291e-05, 2.3602255169e-05, 2.05622382055e-05, 2.50369485002e-05, 2.29817524087e-05, 5.09272613272e-05, 1.14431586553e-05, 9.58257351158e-06, 7.42865722714e-06, 8.43345605972e-06, 5.72095632378e-06, 7.87423778092e-06, 3.54982330464e-06, 1.25001383822e-06, 9.43318639202e-07, 5.82770894653e-07, 1.47715491039e-06, 6.0776551436e-07, 7.70569840824e-07, 8.79914864527e-07, 3.2486713053e-07]
    },
    "melbands128": {
        "max": [0.000195760148927, 0.00024073930399, 0.000102254911326, 4.5198132284e-05, 7.5660092989e-05, 8.45326430863e-05, 0.000249705306487, 0.000454213819467, 0.00134377065115, 0.00457154400647, 0.00445612519979, 0.0012305957498, 0.0010503771482, 0.000932538066991, 0.0025546560064, 0.0134943528101, 0.0166519731283, 0.00375848216936, 0.00590500002727, 0.004133279901, 0.0113586969674, 0.014183559455, 0.0339690260589, 0.0169655289501, 0.00235326658003, 0.00234124227427, 0.00478484807536, 0.00612806808203, 0.00152656051796, 0.00302914902568, 0.00399626605213, 0.00657320115715, 0.00121345999651, 0.0073759118095, 0.002034668345, 0.00338315591216, 0.0151353664696, 0.00175859814044, 0.000399852404371, 0.000196340843104, 0.000985547550954, 0.00105297949631, 0.000855042540934, 0.00637953681871, 0.00155497645028, 0.000963982660323, 0.00638876482844, 0.000971861241851, 0.000665999716148, 0.000116210969281, 0.000614657765254, 0.00064131396357, 0.000329031929141, 0.000242983238422, 0.000472050858662, 0.000107505307824, 5.3508367273e-05, 0.000366329419194, 0.000308384769596, 0.000766849319916, 0.000170622923179, 0.00013954093447, 0.000755563960411, 0.000604600470979, 5.27046977368e-05, 6.74906696077e-05, 0.000321559084114, 8.63824679982e-05, 0.00015204907686, 8.69180439622e-05, 3.79737430194e-05, 9.53533817665e-05, 0.000333092291839, 4.72255123896e-05, 4.67942736577e-05, 8.27257099445e-05, 2.54895203398e-05, 5.22687732882e-05, 8.0876845459e-05, 8.03811053629e-05, 2.76617120107e-05, 0.000114038164611, 5.01997601532e-05, 6.91579771228e-06, 1.02715230241e-05, 7.45888337406e-06, 2.42071891989e-05, 2.62164921878e-05, 3.06420588458e-06, 1.16778219308e-05, 1.20398808576e-05, 7.50792314648e-05, 2.42273545155e-05, 9.19108060771e-06, 7.42033307688e-06, 8.14905797597e-06, 2.15937525354e-05, 3.75883610104e-05, 1.58491802722e-05, 2.03836571018e-05, 4.30713271271e-06, 3.27395196109e-06, 6.3253855842e-06, 8.2834621935e-06, 2.3726793188e-06, 1.18037689845e-06, 1.26792008359e-06, 6.30445867955e-07, 1.06870243144e-06, 3.92964011553e-06, 1.13430360216e-06, 5.13682607561e-07, 2.5277131499e-06, 1.37003428335e-06, 3.05367365172e-07, 7.0190630197e-08, 2.26402163683e-09, 1.18598283971e-10, 1.06566956648e-10, 1.02815443659e-10, 9.70286628821e-11, 9.61647914077e-11, 9.07558680985e-11, 8.83157921794e-11, 8.89684922956e-11, 8.52161952114e-11, 8.64238750009e-11, 8.54621096114e-11],
        "mean": [2.62165285676e-05, 3.41942759405e-05, 2.37840722548e-05, 9.34458785196e-06, 5.61373190067e-06, 8.43699217512e-06, 1.54533063323e-05, 3.27776324411e-05, 0.000105556537164, 0.000107162944914, 6.65673942422e-05, 3.74376359105e-05, 5.31129589945e-05, 5.36638472113e-05, 0.000106681800389, 0.000643272185698, 0.000652381917462, 0.000127329927636, 0.000106961066194, 0.000116721974337, 0.000249681819696, 0.000475099368487, 0.00111308298074, 0.000315190758556, 5.90635827393e-05, 8.73868411873e-05, 0.000230728954193, 0.000433801556937, 0.000124529658933, 0.000191705708858, 0.000261172332102, 0.000198987603653, 4.76357636217e-05, 0.000240453809965, 0.000109851949674, 0.000133644018206, 0.000345788837876, 8.60612781253e-05, 2.81372485915e-05, 1.61962489074e-05, 3.25600558426e-05, 2.89469044219e-05, 4.95911917824e-05, 0.000222866787226, 4.71779821964e-05, 4.16944094468e-05, 0.000149184415932, 5.57261155336e-05, 3.59682489943e-05, 9.91889555735e-06, 1.97373319679e-05, 2.01206166821e-05, 1.0015863154e-05, 1.25033720906e-05, 3.09775605274e-05, 7.47323701944e-06, 3.88638363802e-06, 1.8302403987e-05, 1.81589621207e-05, 2.33810369537e-05, 1.5816949599e-05, 8.53941310197e-06, 4.95123967994e-05, 2.88222836389e-05, 4.72925239592e-06, 4.99110046803e-06, 1.89820511878e-05, 9.55720406637e-06, 6.41705537419e-06, 5.9784260884e-06, 4.85713553644e-06, 6.72059832141e-06, 7.97707798483e-06, 3.42594967151e-06, 4.0845516196e-06, 7.26219332137e-06, 1.97912049771e-06, 3.51347080141e-06, 7.15936448614e-06, 6.40995949652e-06, 1.68982580817e-06, 1.30149339839e-06, 8.77707577729e-07, 5.75052808927e-07, 1.07615835532e-06, 7.76889748977e-07, 5.35950903213e-07, 3.54188927076e-07, 4.73248860544e-07, 4.21996730893e-07, 3.41182044394e-07, 4.25736345733e-07, 3.51067114934e-07, 2.97495319046e-07, 4.48957479193e-07, 3.27393905764e-07, 4.10530049066e-07, 2.79736440234e-07, 6.55520352666e-07, 6.11254790783e-07, 2.0070400808e-07, 1.93584000385e-07, 2.51400535944e-07, 2.38313333512e-07, 1.55483007802e-07, 1.45001962437e-07, 1.8124079304e-07, 9.30023773549e-08, 9.45382012674e-08, 7.35222869253e-08, 6.53055636235e-08, 4.34830731422e-08, 5.70636409236e-08, 3.68391184224e-08, 2.06705337291e-08, 5.26279908541e-09, 1.23181728706e-10, 2.75753356781e-12, 2.60852320647e-12, 2.5414186814e-12, 2.47620261969e-12, 2.42593401964e-12, 2.36961990828e-12, 2.32244453703e-12, 2.29900755551e-12, 2.27204279696e-12, 2.25874722572e-12, 2.24337085367e-12],
        "min": [2.37192133184e-24, 5.90584513087e-25, 1.21904024636e-23, 1.70858247502e-23, 9.00451748924e-24, 2.06453674974e-24, 1.50068303494e-24, 4.09624939164e-24, 1.15989405893e-23, 2.44780651659e-23, 1.73235211627e-23, 1.88400683877e-23, 2.84469868854e-23, 1.0416581665e-23, 4.79306758416e-24, 6.00832753018e-24, 4.7159256651e-24, 4.8832402232e-23, 7.45060381646e-23, 1.18786146571e-23, 6.38941913374e-24, 8.68400803661e-24, 1.1070572599e-23, 2.79056579105e-23, 1.36697951288e-23, 1.22761950313e-23, 3.2914491574e-24, 8.39144792586e-24, 9.95455214373e-24, 1.07862237414e-23, 3.73165129188e-24, 9.24629941239e-24, 6.48484684859e-24, 3.44174964238e-24, 1.98958293361e-24, 5.39448922185e-24, 1.91744128829e-23, 3.66367514768e-23, 1.65105763341e-23, 9.35919645197e-24, 3.6638372586e-24, 3.82819800592e-24, 1.39339436252e-23, 6.27628228044e-24, 8.4485472559e-24, 1.90283095323e-23, 6.19216722541e-24, 1.10162857553e-24, 1.0636972047e-23, 2.76924098751e-23, 6.49799045456e-24, 4.04519155284e-24, 7.678054188e-24, 7.99942428787e-24, 1.50003336855e-23, 7.51681969644e-24, 2.61951873758e-24, 5.42737249425e-24, 3.78361789845e-24, 1.26773213353e-23, 1.45141571319e-23, 5.66034165779e-24, 4.00115654825e-24, 4.83805395501e-24, 9.00315985962e-24, 6.62221672004e-24, 1.40380306662e-23, 6.92203040682e-24, 7.99007155298e-24, 8.78891391523e-24, 8.09290903831e-24, 8.93995553503e-24, 9.9680195771e-24, 6.6642708949e-24, 9.5695351683e-24, 5.08747520716e-24, 9.08276539129e-24, 9.18108743679e-24, 6.14086010656e-24, 1.66530887898e-23, 1.78930503373e-23, 1.61817238885e-23, 1.201610128e-23, 1.32340244204e-23, 9.2896741404e-24, 8.74084152053e-24, 1.9940571949e-23, 6.26113693992e-24, 4.91115808952e-24, 1.6801263689e-23, 9.60324871681e-24, 1.37489147221e-23, 1.13360629478e-23, 1.50843331724e-23, 1.17881331002e-23, 1.91660194028e-23, 1.49648522997e-23, 1.23093240339e-23, 1.16485378521e-23, 8.46907183893e-24, 1.42273241513e-23, 8.17272361811e-24, 9.61383444129e-24, 1.51670231502e-23, 9.91524793799e-24, 1.09716857291e-23, 1.05507645384e-23, 1.64586629756e-23, 1.18156501463e-23, 1.19370455844e-23, 9.29834529947e-24, 7.7284269011e-24, 9.64791244354e-24, 9.58556008873e-24, 1.1537963219e-23, 6.86609306889e-24, 1.43973836298e-23, 9.37480800929e-24, 8.91782404234e-24, 1.30831697607e-23, 1.11301087204e-23, 7.70280233232e-24, 7.73638808536e-24, 8.1723970297e-24, 8.49119702074e-24, 9.68415508011e-24, 8.16813560309e-24, 7.2891986154e-24],
        "stdev": [2.20303791139e-05, 2.76221944659e-05, 1.77188321686e-05, 7.19913532521e-06, 7.30482224753e-06, 1.1582006664e-05, 2.4506374757e-05, 5.10512982146e-05, 0.000157993199537, 0.000336348806741, 0.000285794492811, 0.000108663640276, 0.000118754949654, 0.000114397204015, 0.000282617082121, 0.00147066323552, 0.001655386528, 0.000389517692383, 0.000497188302688, 0.000437335605966, 0.00111652095802, 0.00131345482077, 0.00363006046973, 0.00125865847804, 0.000188813224668, 0.000235881991102, 0.000596091558691, 0.000917189288884, 0.000223636539886, 0.000329282716848, 0.000491551298182, 0.000708297186065, 0.000114983136882, 0.000816457497422, 0.000249586271821, 0.000328438996803, 0.00123589963187, 0.000193592291907, 4.41260017396e-05, 2.30191744777e-05, 9.65674043982e-05, 8.06926254882e-05, 0.000104447033664, 0.000754581007641, 0.000138275820063, 8.33700250951e-05, 0.000550149241462, 0.000123133562738, 8.67387789185e-05, 1.56886762852e-05, 5.85416855756e-05, 6.07752517681e-05, 2.50082593993e-05, 2.14960673475e-05, 6.84060069034e-05, 1.33676267069e-05, 5.91453863308e-06, 3.67242319044e-05, 3.00125320791e-05, 6.77262069075e-05, 2.27187283599e-05, 1.38514005812e-05, 9.11437746254e-05, 5.80748310313e-05, 8.24543531053e-06, 6.46854914521e-06, 3.26314875565e-05, 1.37247434395e-05, 1.45219028127e-05, 1.07781906991e-05, 6.09363041804e-06, 1.18797224786e-05, 2.20963247557e-05, 5.16348109159e-06, 5.87513341088e-06, 1.18020379887e-05, 3.18850516123e-06, 7.93120034359e-06, 1.22342989926e-05, 1.16718501886e-05, 3.43983015227e-06, 5.51424636797e-06, 2.55369741353e-06, 7.43630380384e-07, 1.42256590152e-06, 9.60157990448e-07, 1.54454789936e-06, 1.35576181037e-06, 5.13444149419e-07, 7.01745989318e-07, 8.20190393824e-07, 3.25336668539e-06, 1.09659242753e-06, 5.60895841772e-07, 9.52382094965e-07, 5.23140499809e-07, 1.04569232917e-06, 1.66817881109e-06, 1.46126831169e-06, 1.1672019582e-06, 2.90035870876e-07, 3.10146674565e-07, 4.75977770975e-07, 6.87369549723e-07, 2.26876281317e-07, 1.71413134353e-07, 2.16015408228e-07, 1.07888745049e-07, 1.24840866533e-07, 1.95343474729e-07, 8.80802843994e-08, 6.03176530944e-08, 1.22763196941e-07, 6.99533515558e-08, 2.71479603242e-08, 7.27625559804e-09, 3.17536080763e-10, 6.66601539592e-12, 6.21403145953e-12, 6.02260082083e-12, 5.78023653247e-12, 5.68882744731e-12, 5.47353959032e-12, 5.353605146e-12, 5.3300202793e-12, 5.18880641578e-12, 5.19804555302e-12, 5.15517836752e-12]
    },
    "mfcc": {
        "mean": [-673.149963379, 90.1381378174, -36.2489318848, 2.92479896545, -19.8465824127, -9.40854358673, 3.03775811195, -1.35419082642, 5.08197116852, 1.98311233521, 3.91019225121, -3.96812582016, -6.44760322571],
        "cov": [[7149.36230469, 755.563232422, -668.932189941, -432.936035156, -512.03302002, -260.522491455, -203.325546265, -458.228790283, -347.888763428, -279.125946045, -102.361595154, 18.222782135, 125.12323761], [755.563232422, 456.715057373, -71.9824447632, -48.3047599792, -103.370407104, -65.4476852417, -74.3741073608, -179.891601562, -107.767463684, -20.080165863, 22.9202213287, 48.7221565247, 65.4710235596], [-668.932189941, -71.9824447632, 517.239868164, 254.154251099, 12.7087917328, 12.1776256561, 24.4925079346, -26.972530365, 65.0229797363, 12.815199852, -21.4891815186, -34.2101173401, -65.1032028198], [-432.936035156, -48.3047599792, 254.154251099, 285.676635742, 55.6562271118, 23.2856521606, 40.9163284302, -5.70284795761, 17.1366901398, 16.8750095367, 11.2152462006, -23.9790267944, -87.5864639282], [-512.03302002, -103.370407104, 12.7087917328, 55.6562271118, 147.721084595, 44.0566368103, 43.2557296753, 85.2675552368, 40.4644165039, 32.1036567688, 6.23343038559, -44.3623123169, -37.4214668274], [-260.522491455, -65.4476852417, 12.1776256561, 23.2856521606, 44.0566368103, 73.5544204712, 23.9925403595, 29.3803920746, 11.127743721, -0.145471990108, -2.95866918564, -8.15779781342, -19.4710559845], [-203.325546265, -74.3741073608, 24.4925079346, 40.9163284302, 43.2557296753, 23.9925403595, 109.680664062, 97.4873809814, 38.8793907166, 6.71007347107, -7.00685596466, -34.0064888, -19.2771625519], [-458.228790283, -179.891601562, -26.972530365, -5.70284795761, 85.2675552368, 29.3803920746, 97.4873809814, 256.085601807, 133.495895386, 43.2040061951, -15.1855840683, -68.3770370483, -35.7132110596], [-347.888763428, -107.767463684, 65.0229797363, 17.1366901398, 40.4644165039, 11.127743721, 38.8793907166, 133.495895386, 152.011627197, 50.2796783447, -13.8241968155, -43.393661499, -31.1511802673], [-279.125946045, -20.080165863, 12.815199852, 16.8750095367, 32.1036567688, -0.145471990108, 6.71007347107, 43.2040061951, 50.2796783447, 83.0030822754, 32.6081123352, -5.99392366409, -17.0082988739], [-102.361595154, 22.9202213287, -21.4891815186, 11.2152462006, 6.23343038559, -2.95866918564, -7.00685596466, -15.1855840683, -13.8241968155, 32.6081123352, 80.4533691406, 53.5178565979, -5.58942365646], [18.222782135, 48.7221565247, -34.2101173401, -23.9790267944, -44.3623123169, -8.15779781342, -34.0064888, -68.3770370483, -43.393661499, -5.99392366409, 53.5178565979, 130.533874512, 37.0533447266], [125.12323761, 65.4710235596, -65.1032028198, -87.5864639282, -37.4214668274, -19.4710559845, -19.2771625519, -35.7132110596, -31.1511802673, -17.0082988739, -5.58942365646, 37.0533447266, 112.016044617]],
        "icov": [[0.000292729266221, -0.000188532736502, 0.000416079943534, 1.37987208291e-05, 0.00065689830808, 0.000474298663903, -0.000153686865815, 0.000342524697771, -0.000128355779452, 0.000617065699771, 3.44321742887e-05, 0.000406798295444, 0.000345630309312], [-0.000188532736502, 0.00383637659252, 0.000402956706239, -0.000491780112498, 0.00074784894241, 0.00123032694682, -0.000116262592201, 0.00199744175188, 0.000356278207619, -0.00105943845119, -0.000983951613307, 0.000854283920489, -0.00149496912491], [0.000416079943534, 0.000402956706239, 0.00512669607997, -0.00411160197109, 0.00205715885386, 0.000666004663799, -0.000572704011574, 0.00286736362614, -0.00349752814509, 0.00104563380592, 0.000918678881135, 0.00111042161006, -0.000452300067991], [1.37987208291e-05, -0.000491780112498, -0.00411160197109, 0.00936860125512, -0.00267180101946, 0.000362393184332, -0.00276979291812, 0.000891951203812, 0.0018400043482, -0.000436391041148, -0.000735748675652, -0.000800782465376, 0.00485952245072], [0.00065689830808, 0.00074784894241, 0.00205715885386, -0.00267180101946, 0.0139511264861, -0.00403121812269, -2.39045002672e-05, -0.00144659681246, 0.000802668742836, -0.00127277849242, -0.00242051132955, 0.00466111442074, -0.000202367751626], [0.000474298663903, 0.00123032694682, 0.000666004663799, 0.000362393184332, -0.00403121812269, 0.0193731095642, -0.00269232643768, 0.00151543039829, 4.35342662968e-05, 0.00240995758213, 0.00175511918496, -0.0016475492157, 0.00247274618596], [-0.000153686865815, -0.000116262592201, -0.000572704011574, -0.00276979291812, -2.39045002672e-05, -0.00269232643768, 0.01671288535, -0.0080687366426, 0.00240517663769, 0.00177409569733, -0.00149168958887, 0.00142865057569, -0.00204002554528], [0.000342524697771, 0.00199744175188, 0.00286736362614, 0.000891951203812, -0.00144659681246, 0.00151543039829, -0.0080687366426, 0.015249568969, -0.00963582936674, 0.000746667210478, -0.00079110218212, 0.00259528495371, 0.00060306803789], [-0.000128355779452, 0.000356278207619, -0.00349752814509, 0.0018400043482, 0.000802668742836, 4.35342662968e-05, 0.00240517663769, -0.00963582936674, 0.0186059474945, -0.00848969724029, 0.00448821298778, -0.00130991614424, 0.0015010535717], [0.000617065699771, -0.00105943845119, 0.00104563380592, -0.000436391041148, -0.00127277849242, 0.00240995758213, 0.00177409569733, 0.000746667210478, -0.00848969724029, 0.023989547044, -0.0121694672853, 0.00435226084664, -3.1806408515e-05], [3.44321742887e-05, -0.000983951613307, 0.000918678881135, -0.000735748675652, -0.00242051132955, 0.00175511918496, -0.00149168958887, -0.00079110218212, 0.00448821298778, -0.0121694672853, 0.0275016129017, -0.0126504516229, 0.0044400501065], [0.000406798295444, 0.000854283920489, 0.00111042161006, -0.000800782465376, 0.00466111442074, -0.0016475492157, 0.00142865057569, 0.00259528495371, -0.00130991614424, 0.00435226084664, -0.0126504516229, 0.0168719850481, -0.00450611393899], [0.000345630309312, -0.00149496912491, -0.000452300067991, 0.00485952245072, -0.000202367751626, 0.00247274618596, -0.00204002554528, 0.00060306803789, 0.0015010535717, -3.1806408515e-05, 0.0044400501065, -0.00450611393899, 0.0152799645439]]
    },
    "spectral_contrast_coeffs": {
        "max": [-0.492468625307, -0.409521132708, -0.494027346373, -0.61011660099, -0.547211408615, -0.670458376408],
        "mean": [-0.723512470722, -0.69648963213, -0.708178222179, -0.760766148567, -0.7164478302, -0.747003614902],
        "min": [-0.969956815243, -0.974091768265, -0.959113955498, -0.961675703526, -0.961803376675, -0.957503795624],
        "stdev": [0.0792840123177, 0.0922327637672, 0.0790840908885, 0.0589879080653, 0.0573902875185, 0.0376455299556]
    },
    "spectral_contrast_valleys": {
        "max": [-7.07303762436, -5.09305620193, -5.77433204651, -6.30185699463, -6.71366930008, -9.12345981598],
        "mean": [-8.50068473816, -7.51950025558, -7.59968328476, -7.9878115654, -8.16492462158, -10.7773885727],
        "min": [-27.2070617676, -26.9258975983, -27.0631217957, -27.3315944672, -27.0847549438, -27.3489265442],
        "stdev": [1.21158897877, 1.42428386211, 1.44615745544, 1.36945796013, 1.30169677734, 1.06283259392]
    }
},
"rhythm": {
    "beats_count": 26,
    "beats_loudness": {
        "max": 0.0999423265457,
        "mean": 0.0185629781336,
        "min": 0.00165624590591,
        "stdev": 0.0204917676747
    },
    "bpm": 125.572845459,
    "bpm_histogram_first_peak_bpm": 126,
    "bpm_histogram_first_peak_weight": 0.499999940395,
    "bpm_histogram_second_peak_bpm": 112,
    "bpm_histogram_second_peak_spread": 0.399999976158,
    "bpm_histogram_second_peak_weight": 0.119999997318,
    "danceability": 0.712517797947,
    "onset_rate": 0.940485656261,
    "beats_loudness_band_ratio": {
        "max": [0.182877361774, 0.462727159262, 0.879596352577, 0.607001304626, 0.379838049412, 0.210665687919],
        "mean": [0.0421083196998, 0.0988970994949, 0.374352186918, 0.308717131615, 0.188399970531, 0.0778092592955],
        "min": [0.0020694816485, 0.0041275639087, 0.0555539280176, 0.0616711899638, 0.0293651148677, 0.00275547942147],
        "stdev": [0.0464128442109, 0.108511425555, 0.226599812508, 0.17077614367, 0.105742380023, 0.0502879694104]
    },
    "beats_position": [0.46439909935, 0.940408170223, 1.4164172411, 1.89242625237, 2.36843538284, 2.8444442749, 3.3785033226, 3.9125623703, 4.446621418, 4.99229001999, 5.53795909882, 5.9675283432, 6.39709758759, 6.83827638626, 7.26784563065, 7.6858048439, 8.12698364258, 8.57977294922, 9.06739234924, 9.55501079559, 10.0426301956, 10.5070295334, 10.9830379486, 11.4938774109, 11.9582767487, 12.445895195],
