{
"metadata": {
    "version": {
        "essentia": "2.1-beta5",
        "essentia_git_sha": "Undefined",
        "extractor": "music 2.0"
    },
    "audio_properties": {
        "analysis": {
            "equal_loudness": 0,
            "length": 12.7477550507,
            "sample_rate": 44100,
            "start_time": 0,
            "downmix": "mix"
        },
        "bit_rate": 192000,
        "length": 225.36126709,
        "lossless": 0,
        "number_channels": 2,
        "replay_gain": 9.47209739685,
        "sample_rate": 48000,
        "codec": "mp3",
        "md5_encoded": "b2b0df050ad4dc550812e11959a6d6ad"
    },
    "tags": {
        "file_name": "Norway_Nocturne_Secret Garden.mp3",
        "encoding": ["Lavf58.29.100"]
    }
},
"lowlevel": {
    "average_loudness": 8.70045478223e-05,
    "barkbands_crest": {
        "max": 18.1872997284,
        "mean": 6.70063018799,
        "min": 3.34124708176,
        "stdev": 1.12116611004
    },
    "barkbands_flatness_db": {
        "max": 0.220543757081,
        "mean": 0.0798493549228,
        "min": 0.0517551377416,
        "stdev": 0.0196527056396
    },
    "barkbands_kurtosis": {
        "max": 6.9626121521,
        "mean": 2.92630243301,
        "min": -1.44364976883,
        "stdev": 1.24745333195
    },
    "barkbands_skewness": {
        "max": 2.39264965057,
        "mean": -1.63256597519,
        "min": -2.31389021873,
        "stdev": 0.680886626244
    },
    "barkbands_spread": {
        "max": 46.2946395874,
        "mean": 25.9757061005,
        "min": 6.50033569336,
        "stdev": 4.16125202179
    },
    "dissonance": {
        "max": 0.499935507774,
        "mean": 0.491401642561,
        "min": 0.399483829737,
        "stdev": 0.0102887116373
    },
    "dynamic_complexity": 21.424489975,
    "erbbands_crest": {
        "max": 21.8743515015,
        "mean": 3.94665050507,
        "min": 2.63837981224,
        "stdev": 1.89126873016
    },
    "erbbands_flatness_db": {
        "max": 0.273359715939,
        "mean": 0.109394028783,
        "min": 0.0802911520004,
        "stdev": 0.0335013903677
    },
    "erbbands_kurtosis": {
        "max": 4.20381116867,
        "mean": 0.133393272758,
        "min": -1.32603597641,
        "stdev": 0.488766521215
    },
    "erbbands_skewness": {
        "max": 1.65128111839,
        "mean": -0.588381111622,
        "min": -1.12309861183,
        "stdev": 0.252218365669
    },
    "erbbands_spread": {
        "max": 47.390007019,
        "mean": 35.1816635132,
        "min": 10.7950048447,
        "stdev": 4.94505214691
    },
    "hfc": {
        "max": 1320.3425293,
        "mean": 18.8630008698,
        "min": 1.04299904886e-16,
        "stdev": 115.728424072
    },
    "loudness_ebu128": {
        "integrated": -23.9644889832,
        "loudness_range": 18.4040431976,
        "momentary": {
            "max": -20.5561561584,
            "mean": -273.621856689,
            "min": -300.691009521,
            "stdev": 79.8747711182
        },
        "short_term": {
            "max": -27.8144702911,
            "mean": -267.623687744,
            "min": -300.691009521,
            "stdev": 85.5552062988
        }
    },
    "melbands_crest": {
        "max": 26.2671222687,
        "mean": 3.26173877716,
        "min": 1.40934109688,
        "stdev": 3.27046513557
    },
    "melbands_flatness_db": {
        "max": 0.250503569841,
        "mean": 0.0188376829028,
        "min": 0.00251696933992,
        "stdev": 0.0407656766474
    },
    "melbands_kurtosis": {
        "max": 17.3126239777,
        "mean": -0.923249006271,
        "min": -1.41596341133,
        "stdev": 1.26246333122
    },
    "melbands_skewness": {
        "max": 4.04565906525,
        "mean": 0.102649770677,
        "min": -0.63599550724,
        "stdev": 0.427044391632
    },
    "melbands_spread": {
        "max": 174.269836426,
        "mean": 122.593818665,
        "min": 7.97430276871,
        "stdev": 29.4204330444
    },
    "pitch_salience": {
        "max": 0.949045360088,
        "mean": 0.779159128666,
        "min": 0.312116146088,
        "stdev": 0.0474662184715
    },
    "silence_rate_20dB": {
        "max": 1,
        "mean": 0.980000019073,
        "min": 0,
        "stdev": 0.139999985695
    },
    "silence_rate_30dB": {
        "max": 1,
        "mean": 0.967272698879,
        "min": 0,
        "stdev": 0.177921876311
    },
    "silence_rate_60dB": {
        "max": 1,
        "mean": 0.930909097195,
        "min": 0,
        "stdev": 0.253608703613
    },
    "spectral_centroid": {
        "max": 11833.0458984,
        "mean": 10150.0615234,
        "min": 772.590148926,
        "stdev": 2690.56982422
    },
    "spectral_complexity": {
        "max": 56,
        "mean": 2.84363627434,
        "min": 0,
        "stdev": 10.8509340286
    },
    "spectral_decrease": {
        "max": 1.96376267147e-28,
        "mean": -3.8925627166e-09,
        "min": -2.9126712775e-07,
        "stdev": 2.4693880718e-08
    },
    "spectral_energy": {
        "max": 1.2190707922,
        "mean": 0.0164023526013,
        "min": 9.87866262655e-21,
        "stdev": 0.10358043015
    },
    "spectral_energyband_high": {
        "max": 0.0354137048125,
        "mean": 0.000453158427263,
        "min": 6.89592688587e-21,
        "stdev": 0.00277837924659
    },
    "spectral_energyband_low": {
        "max": 0.00531785190105,
        "mean": 7.30218816898e-05,
        "min": 5.1527538415e-24,
        "stdev": 0.000415087939473
    },
    "spectral_energyband_middle_high": {
        "max": 0.37674331665,
        "mean": 0.00597534049302,
        "min": 1.07850205392e-21,
        "stdev": 0.0359304472804
    },
    "spectral_energyband_middle_low": {
        "max": 0.822251915932,
        "mean": 0.0100292358547,
        "min": 1.34512951731e-22,
        "stdev": 0.0672601386905
    },
    "spectral_entropy": {
        "max": 9.8293504715,
        "mean": 9.60873889923,
        "min": 7.13526391983,
        "stdev": 0.602163553238
    },
    "spectral_flux": {
        "max": 0.813886523247,
        "mean": 0.0229097567499,
        "min": 6.31517754757e-11,
        "stdev": 0.102892309427
    },
    "spectral_kurtosis": {
        "max": 8.95313930511,
        "mean": -0.672726988792,
        "min": -1.28267359734,
        "stdev": 1.76626324654
    },
    "spectral_rms": {
        "max": 0.0344867706299,
        "mean": 0.000849054951686,
        "min": 3.10446763782e-12,
        "stdev": 0.00390914315358
    },
    "spectral_rolloff": {
        "max": 19810.546875,
        "mean": 17250.9082031,
        "min": 645.99609375,
        "stdev": 4732.19482422
    },
    "spectral_skewness": {
        "max": 2.76695346832,
        "mean": 0.135006144643,
        "min": -0.098651714623,
        "stdev": 0.436625510454
    },
    "spectral_spread": {
        "max": 43497156,
        "mean": 37077424,
        "min": 2186176.75,
        "stdev": 10796960
    },
    "spectral_strongpeak": {
        "max": 17.2568569183,
        "mean": 0.255618661642,
        "min": 0,
        "stdev": 1.40537619591
    },
    "zerocrossingrate": {
        "max": 0.712890625,
        "mean": 0.462116479874,
        "min": 0.02197265625,
        "stdev": 0.122737601399
    },
    "barkbands": {
        "max": [0.00154375645798, 0.00199308991432, 0.00156329572201, 0.00856990087777, 0.0354570448399, 0.156822085381, 0.502801299095, 0.430796921253, 0.194913879037, 0.0209569651634, 0.00779275549576, 0.0165521036834, 0.0224158577621, 0.228487968445, 0.143714115024, 0.0413755401969, 0.0311499536037, 0.0467304810882, 0.0212847590446, 0.0530118644238, 0.0142047777772, 0.00402139034122, 0.00263099232689, 0.00120677775703, 0.000417652423494, 0.000190611492144, 8.23397422209e-05],
        "mean": [8.50624110171e-06, 2.53242669714e-05, 1.56790410983e-05, 8.22234505904e-05, 0.000317340512993, 0.00123051204719, 0.00337036070414, 0.00327206705697, 0.00161558378022, 0.000316489255056, 0.00013070993009, 0.000216791464482, 0.000337287172442, 0.00206925836392, 0.00116837129463, 0.000570377043914, 0.000405447179219, 0.000184648743016, 0.000273159093922, 0.000516213767696, 0.000152192194946, 5.94549237576e-05, 3.47208770108e-05, 2.09407098737e-05, 5.84748931942e-06, 2.08318033401e-06, 6.49449248158e-07],
        "min": [1.03399659655e-25, 1.73215178505e-24, 4.73556603367e-25, 1.12803086256e-24, 2.58005675966e-24, 6.05475081116e-24, 6.55709151915e-24, 3.66126123331e-24, 8.65518937002e-24, 5.45914583936e-24, 7.56867941235e-24, 2.16073246012e-23, 1.92467624719e-23, 2.58651145624e-23, 2.90888009625e-23, 4.53788196761e-23, 4.96064041532e-23, 8.33606862814e-23, 8.05665535768e-23, 1.31622186721e-22, 2.14732658945e-22, 2.98669680693e-22, 3.68808553332e-22, 5.39702432103e-22, 7.88280404569e-22, 1.20559625478e-21, 1.7561739107e-21],
        "stdev": [8.08565382613e-05, 0.000153071523528, 0.000105893872387, 0.000566442322452, 0.00213942211121, 0.011118282564, 0.0303028561175, 0.0302711352706, 0.0123454909772, 0.00163572398014, 0.000672284048051, 0.00131055840757, 0.00192632654216, 0.0174116082489, 0.00900437962264, 0.00348852318712, 0.00247586029582, 0.00206380919553, 0.00182511273306, 0.00390057032928, 0.00102754519321, 0.000362935446901, 0.000206561060622, 0.000117091738502, 3.42473467754e-05, 1.47586933963e-05, 6.15759563516e-06]
    },
    "erbbands": {
        "max": [0.0571507699788, 0.477750301361, 2.0039126873, 14.119184494, 112.259864807, 82.9205322266, 176.375534058, 1682.68725586, 5586.64453125, 16457, 10658.4267578, 3896.58837891, 774.976135254, 321.063598633, 499.481445312, 862.604797363, 800.287719727, 10495.8525391, 11187.8037109, 3709.78881836, 1827.51074219, 1376.83789062, 2653.73583984, 1030.56481934, 2552.66723633, 2107.4855957, 744.454223633, 402.636383057, 153.938659668, 144.644561768, 58.6214599609, 35.7222518921, 14.8960971832, 6.44891262054, 2.2547917366, 1.54951441288, 0.286075234413, 0.0796019509435, 0.0129437455907, 0.00229019182734],
        "mean": [0.000620466715191, 0.00611961400136, 0.019637119025, 0.15103508532, 0.859744608402, 1.06958603859, 1.63793861866, 14.3188800812, 32.2947616577, 85.7716140747, 58.4560279846, 35.5057830811, 15.1890926361, 6.17578697205, 6.68582582474, 9.54258728027, 15.4040145874, 64.6036834717, 111.009063721, 41.3235015869, 27.7515296936, 21.6154308319, 11.7224874496, 9.36607646942, 20.9410209656, 24.0000247955, 9.14620113373, 4.30731010437, 2.32174444199, 1.49686026573, 0.843401730061, 0.590221881866, 0.254577875137, 0.0893231779337, 0.0318587385118, 0.0126093411818, 0.00290123745799, 0.000639653124381, 0.000107247207779, 2.78588777292e-05],
        "min": [1.5144072031e-23, 3.63582406632e-22, 1.6271162666e-21, 3.93770323708e-21, 4.49047799052e-21, 1.12782384905e-20, 3.64875959793e-20, 4.36744028662e-20, 6.9303182123e-20, 1.29912347041e-19, 1.94207984531e-19, 1.92803599872e-19, 2.54893767054e-19, 3.61392288643e-19, 7.29082988964e-19, 1.19469003107e-18, 1.52510339765e-18, 1.31017778287e-18, 1.66954795096e-18, 2.53469046676e-18, 3.10738648232e-18, 3.38609692471e-18, 4.2354877503e-18, 5.64634396027e-18, 6.64037269264e-18, 6.46066770457e-18, 8.36869130914e-18, 8.87954151184e-18, 9.10394651304e-18, 7.82004556989e-18, 1.01570905351e-17, 8.38722759948e-18, 9.17640257161e-18, 7.46023110241e-18, 4.5012017377e-18, 3.74615416969e-18, 2.16735858188e-18, 8.24891493605e-19, 2.3108515673e-19, 2.52519419422e-20],
        "stdev": [0.00392186036333, 0.0373532399535, 0.124566830695, 0.966624200344, 6.60640668869, 6.50758171082, 12.0419769287, 129.672271729, 284.225708008, 956.278930664, 547.633422852, 258.845367432, 78.5293273926, 32.0152854919, 37.5429496765, 60.5191955566, 85.7853240967, 570.19720459, 837.783325195, 253.755279541, 155.00479126, 127.181037903, 119.289855957, 63.4732971191, 161.026000977, 175.479888916, 58.7160949707, 29.1403884888, 13.9185609818, 9.66433906555, 4.93412256241, 3.44289159775, 1.3623508215, 0.511642217636, 0.199877798557, 0.0924110785127, 0.0208944547921, 0.00586032634601, 0.00095401192084, 0.000187785786693]
    },
    "gfcc": {
        "mean": [-1150.0369873, 6.92172574997, -16.294298172, 2.02120161057, -6.44967079163, 0.439257413149, -4.33824205399, 0.247245758772, -0.892739832401, 0.369346648455, -1.13455986977, -1.37510037422, -0.315756112337],
        "cov": [[133239.6875, 8312.81445312, -18526.609375, 2201.10888672, -7495.00488281, 326.060272217, -4917.375, 183.857788086, -1001.10211182, 434.632415771, -1288.01818848, -1651.4855957, -347.422515869], [8312.81445312, 665.708007812, -1149.54455566, 157.096817017, -451.400817871, 31.3249721527, -308.321960449, 6.51811313629, -53.5140838623, 15.2853059769, -70.6948013306, -110.448616028, -11.3769197464], [-18526.609375, -1149.54455566, 2618.98095703, -323.740081787, 1042.30895996, -56.2432174683, 689.580627441, -32.3639297485, 136.330322266, -50.5830917358, 176.269821167, 231.824783325, 44.8806266785], [2201.10888672, 157.096817017, -323.740081787, 78.8666229248, -124.167137146, 16.56615448, -93.565322876, 3.44502258301, -16.9466438293, -10.2569284439, -13.3891201019, -23.4019584656, 6.11531114578], [-7495.00488281, -451.400817871, 1042.30895996, -124.167137146, 440.563781738, -8.35591125488, 278.596191406, -3.17722272873, 53.5515632629, -25.7631778717, 68.8243331909, 94.828994751, 13.8481721878], [326.060272217, 31.3249721527, -56.2432174683, 16.56615448, -8.35591125488, 33.1239051819, -15.9901351929, 12.6325950623, -13.4542980194, -8.720287323, -7.75840997696, 3.19720506668, -0.511850714684], [-4917.375, -308.321960449, 689.580627441, -93.565322876, 278.596191406, -15.9901351929, 190.96812439, -4.7630147934, 39.7975196838, -9.47959327698, 46.0513076782, 57.9506721497, 7.73309850693], [183.857788086, 6.51811313629, -32.3639297485, 3.44502258301, -3.17722272873, 12.6325950623, -4.7630147934, 12.5951452255, -4.88887643814, -0.341860711575, -4.16305971146, 0.469928890467, -4.71087789536], [-1001.10211182, -53.5140838623, 136.330322266, -16.9466438293, 53.5515632629, -13.4542980194, 39.7975196838, -4.88887643814, 20.2840881348, 0.827822029591, 13.5417642593, 6.00754404068, 2.45844817162], [434.632415771, 15.2853059769, -50.5830917358, -10.2569284439, -25.7631778717, -8.720287323, -9.47959327698, -0.341860711575, 0.827822029591, 20.0759925842, -6.70004224777, -6.89784622192, -7.61697149277], [-1288.01818848, -70.6948013306, 176.269821167, -13.3891201019, 68.8243331909, -7.75840997696, 46.0513076782, -4.16305971146, 13.5417642593, -6.70004224777, 20.3333683014, 13.5801506042, 6.63302278519], [-1651.4855957, -110.448616028, 231.824783325, -23.4019584656, 94.828994751, 3.19720506668, 57.9506721497, 0.469928890467, 6.00754404068, -6.89784622192, 13.5801506042, 28.2867679596, 5.662150383], [-347.422515869, -11.3769197464, 44.8806266785, 6.11531114578, 13.8481721878, -0.511850714684, 7.73309850693, -4.71087789536, 2.45844817162, -7.61697149277, 6.63302278519, 5.662150383, 11.1521778107]],
        "icov": [[0.00200733239762, -0.00415827706456, 0.00635677669197, -0.000957922602538, 0.00988439656794, 0.0058515528217, 0.00432548392564, -0.00276659918018, 0.00739683350548, -0.00204346561804, 0.00806425139308, -0.0025984456297, 0.0105585139245], [-0.00415827706456, 0.0176267754287, -0.0113543057814, 0.0012795466464, -0.0266516227275, -0.0207522045821, 0.00116193399299, 0.011563654989, -0.0156438276172, -0.00177315878682, -0.0194793958217, 0.0276420675218, -0.030557801947], [0.00635677669197, -0.0113543057814, 0.0508372150362, 0.00766983814538, 0.00648418767378, 0.02043065615, -0.0324658714235, 0.0331430360675, 0.0294054429978, -0.00491143204272, 0.000829025520943, -0.0542807765305, 0.0242825821042], [-0.000957922602538, 0.0012795466464, 0.00766983814538, 0.0800458937883, -0.0157192144543, -0.0164997186512, 0.0467151328921, -0.00318028707989, -0.0380914695561, 0.0304485019296, -0.0565627925098, -0.0388363339007, -0.0357173494995], [0.00988439656794, -0.0266516227275, 0.00648418767378, -0.0157192144543, 0.130133762956, 0.0142131391913, -0.0117498682812, -0.034761171788, 0.00766707537696, 0.0207393988967, 0.0521401651204, -0.0483187660575, 0.101782172918], [0.0058515528217, -0.0207522045821, 0.02043065615, -0.0164997186512, 0.0142131391913, 0.117307946086, 0.00452230777591, -0.0786451622844, 0.0620133467019, 0.0150554999709, 0.0598553679883, -0.0307809766382, 0.0159672442824], [0.00432548392564, 0.00116193399299, -0.0324658714235, 0.0467151328921, -0.0117498682812, 0.00452230777591, 0.257922708988, -0.0919359475374, -0.0420769155025, -0.0185047350824, -0.000792520819232, 0.0796555280685, -0.00524397799745], [-0.00276659918018, 0.011563654989, 0.0331430360675, -0.00318028707989, -0.034761171788, -0.0786451622844, -0.0919359475374, 0.243243247271, -0.00759812956676, 0.000248567142989, -0.0492490939796, -0.068811789155, 0.0661016404629], [0.00739683350548, -0.0156438276172, 0.0294054429978, -0.0380914695561, 0.00766707537696, 0.0620133467019, -0.0420769155025, -0.00759812956676, 0.22105038166, -0.0527567230165, -0.00249313632958, 0.0920002087951, 0.00632546003908], [-0.00204346561804, -0.00177315878682, -0.00491143204272, 0.0304485019296, 0.0207393988967, 0.0150554999709, -0.0185047350824, 0.000248567142989, -0.0527567230165, 0.124390058219, 0.00879100430757, -0.0669675916433, 0.0508353747427], [0.00806425139308, -0.0194793958217, 0.000829025520943, -0.0565627925098, 0.0521401651204, 0.0598553679883, -0.000792520819232, -0.0492490939796, -0.00249313632958, 0.00879100430757, 0.263340473175, 0.0366815105081, 0.00808295235038], [-0.0025984456297, 0.0276420675218, -0.0542807765305, -0.0388363339007, -0.0483187660575, -0.0307809766382, 0.0796555280685, -0.068811789155, 0.0920002087951, -0.0669675916433, 0.0366815105081, 0.377955138683, -0.118453830481], [0.0105585139245, -0.030557801947, 0.0242825821042, -0.0357173494995, 0.101782172918, 0.0159672442824, -0.00524397799745, 0.0661016404629, 0.00632546003908, 0.0508353747427, 0.00808295235038, -0.118453830481, 0.303850203753]]
    },
    "melbands": {
        "max": [0.000548120005988, 0.000965176033787, 0.00470031425357, 0.00889719743282, 0.00551797356457, 0.048547398299, 0.0718745216727, 0.170370176435, 0.0919235497713, 0.0218582954258, 0.00386618147604, 0.0013959701173, 0.00131520465948, 0.00179880170617, 0.00240479921922, 0.00216007675044, 0.0229125600308, 0.0237235892564, 0.0121665950865, 0.00362993311137, 0.00271090772003, 0.0018017932307, 0.00229108519852, 0.00196644710377, 0.000685342471115, 0.0010799508309, 0.00301865488291, 0.00127233320381, 0.000393739552237, 0.000429201114457, 0.000154802168254, 8.5777057393e-05, 8.9121684141e-05, 8.33706872072e-05, 3.6816651118e-05, 3.71421774616e-05, 1.95959819393e-05, 1.21403090816e-05, 7.26662847228e-06, 5.08099128638e-06],
        "mean": [6.68629854772e-06, 1.03176753328e-05, 4.56899979326e-05, 7.83632422099e-05, 5.066310041e-05, 0.00032670548535, 0.000519566005096, 0.000891147530638, 0.000465896562673, 0.000199993533897, 7.18381052138e-05, 2.50760622293e-05, 1.94994063349e-05, 2.35868683376e-05, 2.58810559899e-05, 3.76655298169e-05, 0.000137525465107, 0.00020911161846, 7.59178292356e-05, 4.31814478361e-05, 3.09975184791e-05, 2.52288609772e-05, 1.3098274394e-05, 7.72854946263e-06, 6.9051693572e-06, 1.23137497212e-05, 2.0814832169e-05, 1.42842327477e-05, 5.78402023166e-06, 3.84810982723e-06, 1.99742635232e-06, 1.37447341331e-06, 9.72010639089e-07, 7.93891103967e-07, 4.7701666972e-07, 4.65416434281e-07, 3.07290633828e-07, 1.97986523176e-07, 1.00185395979e-07, 6.7030562434e-08],
        "min": [3.28810315457e-25, 1.1254383698e-24, 7.98002225391e-25, 4.40368386919e-25, 1.30904249144e-24, 1.11444598752e-24, 9.80460132134e-25, 1.02898592464e-24, 1.10017588817e-24, 1.32595349988e-24, 7.75333814241e-25, 1.00597218963e-24, 2.00704436975e-24, 2.15711825444e-24, 2.37299576039e-24, 2.82639336845e-24, 1.67608112962e-24, 2.03168325683e-24, 1.94612458635e-24, 3.46298341137e-24, 2.51276159963e-24, 2.81910251875e-24, 3.5837753709e-24, 3.18279697834e-24, 3.70009685568e-24, 2.85498720968e-24, 3.46478083094e-24, 3.04443176164e-24, 3.44471930926e-24, 4.1919311197e-24, 4.55856014186e-24, 4.13572399134e-24, 3.95119956485e-24, 4.29382631067e-24, 4.61899122593e-24, 4.46695327481e-24, 4.36401481528e-24, 5.50627633414e-24, 4.95511696904e-24, 5.64056570376e-24],
        "stdev": [4.00302196795e-05, 6.13344891462e-05, 0.00030136841815, 0.000536265550181, 0.000357595621608, 0.00299176620319, 0.0042616003193, 0.00977978296578, 0.00467685051262, 0.00140394456685, 0.000371938076569, 0.000134008994792, 0.00010332288366, 0.000144184115925, 0.00015394690854, 0.000217282649828, 0.00125522085, 0.00165731750894, 0.00061735487543, 0.000270717573585, 0.000185426310054, 0.000152219814481, 0.000110989247332, 8.68874703883e-05, 4.59110815427e-05, 8.63526001922e-05, 0.000180945440661, 9.99502663035e-05, 3.59005643986e-05, 2.72297929769e-05, 1.32510667754e-05, 8.25359165901e-06, 6.53611959933e-06, 5.18639126312e-06, 2.81445954897e-06, 2.86887598122e-06, 1.75293735083e-06, 1.04652997379e-06, 5.72295959955e-07, 4.03997972853e-07]
    },
    "melbands128": {
        "max": [0.000516580999829, 0.000371585338144, 0.000898764759768, 0.0010166936554, 0.0010127365822, 0.000746836245526, 0.00174212222919, 0.00553351920098, 0.0137785682455, 0.0146666076034, 0.00654008705169, 0.0018848212203, 0.00397030403838, 0.0168666187674, 0.048146687448, 0.0817153826356, 0.172629401088, 0.0636605769396, 0.131183639169, 0.310475856066, 0.142771467566, 0.0482569560409, 0.173451110721, 0.0809212177992, 0.0377883687615, 0.0153691703454, 0.0101323965937, 0.00420563109219, 0.00510616367683, 0.00249890191481, 0.00152776273899, 0.000679284450598, 0.00106606876943, 0.00282579055056, 0.00182168360334, 0.00213256990537, 0.00370202609338, 0.00260497955605, 0.00206922297366, 0.00216153590009, 0.00360112008639, 0.00463870167732, 0.0354347415268, 0.0265635084361, 0.0459378957748, 0.0372528880835, 0.0208616051823, 0.0237382929772, 0.00293854018673, 0.0051544373855, 0.00756588019431, 0.00258386530913, 0.00205899961293, 0.00356777128763, 0.00487696751952, 0.00200140150264, 0.00219511683099, 0.00109743466601, 0.00451874593273, 0.0020906010177, 0.00258289766498, 0.000703615660314, 0.000630774069577, 0.000988589832559, 0.00098181294743, 0.00113846524619, 0.000710306689143, 0.00417776219547, 0.00319017702714, 0.00283938413486, 0.0013786230702, 0.000974707712885, 0.000485163036501, 0.000383504782803, 0.000497105298564, 0.000471836712677, 0.000389823137084, 0.000282478955342, 0.000201975330128, 0.000107121981273, 0.000138713148772, 8.31998841022e-05, 0.000109153297672, 0.000111261964776, 7.21877295291e-05, 7.68147729104e-05, 0.000106699881144, 5.51711673324e-05, 3.27298621414e-05, 2.97341903206e-05, 4.57296337117e-05, 4.47017591796e-05, 3.69223380403e-05, 2.5113546144e-05, 1.39673829835e-05, 1.19732685562e-05, 1.86655961443e-05, 1.6362821043e-05, 6.40843427391e-06, 5.33046704732e-06, 7.06864557287e-06, 4.58158319816e-06, 5.02013654113e-06, 3.31531578013e-06, 2.79040841633e-06, 2.90272009806e-06, 3.0275273275e-06, 4.67372683488e-06, 3.34691435455e-06, 1.6096012132e-06, 1.10171185952e-06, 7.63344985444e-07, 1.39613064221e-06, 1.02377157418e-06, 6.99075940247e-07, 6.10593986039e-07, 7.26143014163e-07, 6.99407962657e-07, 5.4124552662e-07, 3.9461346546e-07, 2.76614656514e-07, 3.43599992902e-07, 2.75486968349e-07, 2.68341835863e-07, 2.57805055526e-07, 2.55210551359e-07, 2.53285151075e-07, 2.5205471843e-07],
        "mean": [3.53242080564e-06, 4.54916516901e-06, 7.88918168837e-06, 1.09674756459e-05, 9.17488796404e-06, 7.75424632593e-06, 2.29944525927e-05, 4.84103438794e-05, 9.12366449484e-05, 0.000107186184323, 5.24172100995e-05, 2.06422682822e-05, 2.44080347329e-05, 0.000103919206595, 0.0002927389869, 0.000421178498073, 0.000601518491749, 0.000366978900274, 0.000571245444007, 0.00136178371031, 0.000786749296822, 0.000278840045212, 0.000605980108958, 0.000415352114942, 0.000183594806003, 0.000159975505085, 8.28446354717e-05, 7.13193730917e-05, 5.07557706442e-05, 2.63406636805e-05, 1.81560426427e-05, 1.53574583237e-05, 1.66495356098e-05, 2.71810004051e-05, 2.0100727852e-05, 2.30445020861e-05, 2.83652461803e-05, 2.42067599174e-05, 2.4509983632e-05, 3.17803496728e-05, 3.95709867007e-05, 4.42670243501e-05, 0.000110414563096, 0.000165898250998, 0.000306497095153, 0.000208365352591, 0.000116819268442, 0.000101860969153, 3.75475683541e-05, 4.186552178e-05, 5.74032819713e-05, 2.74677040579e-05, 2.60389806499e-05, 3.41542217939e-05, 3.59684272553e-05, 2.54545284406e-05, 1.59628234542e-05, 1.23566805996e-05, 1.48649669427e-05, 9.39637538977e-06, 8.3626327978e-06, 4.38841971118e-06, 5.93250342718e-06, 7.24849360267e-06, 9.18699515751e-06, 1.327139762e-05, 1.09777356556e-05, 2.00749127544e-05, 2.29479883274e-05, 2.45037590503e-05, 1.4854015717e-05, 9.40729114518e-06, 5.80661571803e-06, 5.59231466468e-06, 5.17203079653e-06, 4.18891431764e-06, 3.19613877764e-06, 2.40331200985e-06, 1.86814202152e-06, 1.53427356508e-06, 1.59535363764e-06, 1.20869185594e-06, 1.06383697585e-06, 1.02834064819e-06, 8.12687289908e-07, 7.88937370544e-07, 8.47109959068e-07, 6.67153130962e-07, 4.16043974383e-07, 3.65293459481e-07, 4.4167222768e-07, 5.45695741039e-07, 4.26643453011e-07, 2.89854739322e-07, 2.4011328037e-07, 2.29153457099e-07, 1.90484186646e-07, 1.58835106845e-07, 8.99263099541e-08, 7.9272197695e-08, 7.44333021885e-08, 6.42608952717e-08, 6.12956370105e-08, 4.11699048186e-08, 3.23611573094e-08, 2.53188119359e-08, 2.48704079553e-08, 2.86684773698e-08, 2.16718163415e-08, 1.86036199779e-08, 1.32831816657e-08, 9.45454381451e-09, 9.06195385397e-09, 5.32165511657e-09, 5.626820343e-09, 5.19347764794e-09, 4.9559707449e-09, 4.09631972786e-09, 3.455916886e-09, 3.17348836099e-09, 2.44630182777e-09, 2.40727948686e-09, 2.16650852813e-09, 1.95385041479e-09, 1.65753899495e-09, 1.99653116262e-09, 1.80378056935e-09, 1.55426216342e-09],
        "min": [7.09092690636e-28, 4.78163107319e-26, 7.84581581329e-26, 8.23876345392e-26, 8.70878835167e-26, 1.71745631711e-25, 1.22287553524e-25, 3.45747701434e-25, 1.56776170196e-25, 1.89595544866e-25, 1.54128925561e-25, 3.17584257782e-25, 2.54361370311e-25, 4.59381463153e-25, 5.36880834812e-25, 2.61727130984e-26, 2.73693516129e-25, 1.18315823755e-25, 6.52061577418e-25, 1.29172053577e-25, 2.97701166577e-25, 5.1704492735e-25, 2.49846571439e-25, 2.12733180343e-25, 4.19174406106e-25, 2.95390149251e-25, 2.36136760552e-25, 3.1905082416e-25, 4.50861716073e-25, 1.36516508842e-25, 4.91101510848e-25, 7.84675554385e-25, 1.76824478456e-25, 4.19276169162e-25, 7.5926274545e-25, 8.54346911369e-25, 6.28512501676e-25, 5.34862435578e-25, 6.03724421274e-25, 6.74596769682e-25, 9.6227974789e-25, 5.02641461208e-25, 3.74259377872e-25, 7.64525926802e-25, 9.44138905298e-25, 6.84291820904e-25, 9.31746886553e-25, 4.84182806279e-25, 1.06194157503e-24, 1.26117480614e-24, 8.79980256231e-25, 1.1203986333e-24, 1.30083981714e-24, 1.55180260211e-24, 1.19625421605e-24, 1.36132434654e-24, 1.30168024983e-24, 1.38285640356e-24, 1.70914426231e-24, 1.35874841986e-24, 1.10253823076e-24, 1.51611946514e-24, 1.45644253209e-24, 2.01750229877e-24, 1.60406562316e-24, 1.33071250051e-24, 1.83753453008e-24, 1.5444210334e-24, 2.59526836449e-24, 1.69567860388e-24, 1.41842969165e-24, 1.81738426155e-24, 1.85902882038e-24, 2.31426526321e-24, 2.7057021859e-24, 2.25422920124e-24, 2.39503002598e-24, 2.35597115598e-24, 2.31757354863e-24, 2.88425552699e-24, 2.69941673943e-24, 3.22304860603e-24, 2.18543698043e-24, 2.1963126113e-24, 1.9693733033e-24, 3.084119551e-24, 3.48075960301e-24, 3.41767557971e-24, 2.18140866222e-24, 1.69455151886e-24, 3.3826343783e-24, 2.9452401942e-24, 3.6088587811e-24, 2.59050127804e-24, 3.37020271929e-24, 3.63984129315e-24, 2.8945203823e-24, 3.02844115666e-24, 3.60713906433e-24, 3.24575438947e-24, 3.28042245967e-24, 3.16914929025e-24, 3.75039068269e-24, 3.1995048551e-24, 2.75434275767e-24, 3.68296279681e-24, 3.15972516345e-24, 3.42729376629e-24, 3.5505710321e-24, 2.74075383972e-24, 3.68074767539e-24, 4.12867157485e-24, 4.24845892001e-24, 4.66405924388e-24, 3.87035749371e-24, 4.73661866994e-24, 4.10339449929e-24, 4.11070960647e-24, 4.32081245338e-24, 4.83037084422e-24, 3.95834822237e-24, 5.10418722544e-24, 3.98236075389e-24, 5.36894630017e-24, 5.137313467e-24, 4.47441787112e-24, 4.61180904182e-24, 5.36541378103e-24],
        "stdev": [2.69140546152e-05, 2.9198714401e-05, 5.47971103515e-05, 6.76182462485e-05, 6.05283676123e-05, 5.25128707523e-05, 0.000156029273057, 0.000345651904354, 0.000789627723861, 0.000828956486657, 0.000359625846613, 0.000121260731248, 0.000211463979213, 0.000998787698336, 0.00315596815199, 0.00442856596783, 0.00772164203227, 0.00354905729182, 0.00660624913871, 0.0173485726118, 0.00908987689763, 0.00288853235543, 0.008140954189, 0.00434322049841, 0.0017680808669, 0.00119862612337, 0.000609911279753, 0.000363269093214, 0.000303835258819, 0.000174436965608, 0.000106710627733, 7.58118258091e-05, 9.30141468416e-05, 0.000187929254025, 0.00013499360648, 0.000160369381774, 0.000225486961426, 0.000155285262736, 0.000161230898811, 0.000189583282918, 0.000252183672274, 0.000312027346808, 0.00155595666729, 0.001590715372, 0.00299472222105, 0.00205942685716, 0.0010743951425, 0.00109981384594, 0.000233592014411, 0.000305383640807, 0.000447660160717, 0.000170942104887, 0.000163763004821, 0.000239452434471, 0.000299923296552, 0.000169436025317, 0.000124157872051, 7.70235419623e-05, 0.000197623012355, 9.57353695412e-05, 0.000112826666737, 3.42908060702e-05, 3.88432490581e-05, 5.48716379853e-05, 7.0740483352e-05, 9.48833112489e-05, 7.33900014893e-05, 0.000201232309337, 0.000209038815228, 0.000207856064662, 0.000108004380309, 6.98779549566e-05, 3.64527186321e-05, 3.51720191247e-05, 3.70255402231e-05, 2.98412651318e-05, 2.34469371208e-05, 1.81232535397e-05, 1.33889025165e-05, 9.80667118711e-06, 1.01844862002e-05, 7.25160680304e-06, 7.37013397156e-06, 7.76712386141e-06, 5.63694993616e-06, 5.00156193084e-06, 5.96741165282e-06, 4.31051148553e-06, 2.43773411057e-06, 2.15009436033e-06, 2.86780073111e-06, 3.53776181328e-06, 2.76391574516e-06, 1.81180348591e-06, 1.2653624708e-06, 1.22711139738e-06, 1.14460181067e-06, 1.01331261249e-06, 5.25519567418e-07, 4.45408062433e-07, 4.57709433022e-07, 4.08171587196e-07, 4.08310000921e-07, 2.54184527648e-07, 2.15343945342e-07, 1.86389925716e-07, 1.84539956649e-07, 2.46951316285e-07, 1.78357282721e-07, 1.24890888742e-07, 8.66374278985e-08, 6.53343903423e-08, 7.92190277821e-08, 5.39761089158e-08, 5.29582777631e-08, 4.82530850832e-08, 4.9136893665e-08, 4.39573710764e-08, 3.39891705892e-08, 3.00929876573e-08, 2.24118110737e-08, 2.31050876209e-08, 2.12839950109e-08, 1.92150331202e-08, 1.61452202718e-08, 1.94125160391e-08, 1.83860340286e-08, 1.585988052e-08]
    },
    "mfcc": {
        "mean": [-1207.20544434, 9.38349819183, -3.95888638496, 0.599659800529, -0.546057224274, -0.219271600246, -1.62466406822, -1.03422641754, -0.0572887212038, 1.08464932442, -0.545070707798, 0.153206303716, -0.314928561449],
        "cov": [[36704.2695312, 5456.13916016, -2409.83447266, 294.908325195, -555.890014648, -217.603363037, -1067.09301758, -746.500305176, -91.3258056641, 638.741149902, -338.554321289, 35.5257606506, -179.543792725], [5456.13916016, 956.937866211, -376.82409668, 50.227771759, -48.44739151, -14.4238529205, -153.689971924, -104.272186279, -1.95321369171, 105.057014465, -45.1510543823, 20.1679172516, -26.4936790466], [-2409.83447266, -376.82409668, 179.379592896, -19.9280395508, 28.7944011688, 14.1210746765, 66.7372055054, 42.5292205811, 1.91348612309, -49.1808052063, 18.3301334381, -4.66434288025, 15.3999614716], [294.908325195, 50.227771759, -19.9280395508, 21.4776744843, 3.44037938118, -1.72870695591, -14.2866325378, -7.14478397369, -2.8553841114, 5.46667051315, -9.33405208588, 4.8306221962, 0.196231842041], [-555.890014648, -48.44739151, 28.7944011688, 3.44037938118, 36.8888664246, 11.003909111, 22.7628002167, 28.0624332428, 3.14659690857, -12.5902748108, 0.944216430187, 1.14785385132, -1.83682477474], [-217.603363037, -14.4238529205, 14.1210746765, -1.72870695591, 11.003909111, 10.0941886902, 8.37811279297, 7.79818964005, 3.69390630722, -5.69230175018, 0.270896136761, 1.11125016212, 0.576799452305], [-1067.09301758, -153.689971924, 66.7372055054, -14.2866325378, 22.7628002167, 8.37811279297, 42.6180610657, 30.8829364777, 3.97714853287, -20.2118492126, 13.1124238968, -2.7608397007, 3.03147268295], [-746.500305176, -104.272186279, 42.5292205811, -7.14478397369, 28.0624332428, 7.79818964005, 30.8829364777, 35.4402198792, 3.03470134735, -17.0513420105, 6.31857919693, -3.21462059021, -0.978213787079], [-91.3258056641, -1.95321369171, 1.91348612309, -2.8553841114, 3.14659690857, 3.69390630722, 3.97714853287, 3.03470134735, 6.9932050705, 0.241483643651, 2.38489055634, 1.14978146553, 0.846314132214], [638.741149902, 105.057014465, -49.1808052063, 5.46667051315, -12.5902748108, -5.69230175018, -20.2118492126, -17.0513420105, 0.241483643651, 24.1244926453, 0.641639232635, 4.13562250137, -2.82814598083], [-338.554321289, -45.1510543823, 18.3301334381, -9.33405208588, 0.944216430187, 0.270896136761, 13.1124238968, 6.31857919693, 2.38489055634, 0.641639232635, 14.1243953705, 1.02771818638, 2.86682963371], [35.5257606506, 20.1679172516, -4.66434288025, 4.8306221962, 1.14785385132, 1.11125016212, -2.7608397007, -3.21462059021, 1.14978146553, 4.13562250137, 1.02771818638, 5.6566491127, 1.16849577427], [-179.543792725, -26.4936790466, 15.3999614716, 0.196231842041, -1.83682477474, 0.576799452305, 3.03147268295, -0.978213787079, 0.846314132214, -2.82814598083, 2.86682963371, 1.16849577427, 6.3535399437]],
        "icov": [[0.0009373841458, -0.00297640892677, 0.00492135575041, -0.00190387538169, 0.00651571666822, -0.000478031637613, 0.00231550144963, -0.0018494760152, 0.00408878456801, 0.0012888382189, 0.00220254762098, 0.00698338868096, 0.000496734341141], [-0.00297640892677, 0.0213613286614, 0.00784527417272, 0.0218209065497, -0.0412465371192, -0.0120778093114, 0.00380714121275, 0.021661452949, -0.00379578559659, -0.00486550899222, -0.0018616784364, -0.0363003462553, -0.0181782767177], [0.00492135575041, 0.00784527417272, 0.0992579385638, 0.0179018229246, -0.00395155325532, -0.035773999989, 0.00612176442519, 0.0286978110671, 0.0531049072742, 0.0399158075452, 0.00956003461033, 0.00556689919904, -0.0603929720819], [-0.00190387538169, 0.0218209065497, 0.0179018229246, 0.198846533895, -0.112148679793, 0.0488571971655, 0.0423694588244, 0.0227054897696, 0.0485729314387, -0.0395288690925, 0.117383435369, -0.152720361948, -0.114864505827], [0.00651571666822, -0.0412465371192, -0.00395155325532, -0.112148679793, 0.229264557362, -0.0610168837011, -0.0350826829672, -0.132026731968, 0.0142474966124, 0.00882606301457, 0.0100089786574, 0.0436729043722, 0.0828888937831], [-0.000478031637613, -0.0120778093114, -0.035773999989, 0.0488571971655, -0.0610168837011, 0.242722973228, -0.0113716609776, 0.0109440824017, -0.0868742093444, 0.0140036651865, 0.0534812249243, -0.0607669577003, -0.00638572406024], [0.00231550144963, 0.00380714121275, 0.00612176442519, 0.0423694588244, -0.0350826829672, -0.0113716609776, 0.191565588117, -0.0474225208163, 0.00168131722603, 0.0321084484458, -0.0687509775162, 0.00501116318628, 0.00151716859546], [-0.0018494760152, 0.021661452949, 0.0286978110671, 0.0227054897696, -0.132026731968, 0.0109440824017, -0.0474225208163, 0.194987460971, -0.0164289791137, 0.0365117155015, -0.0350878797472, 0.0319846868515, 0.00967766623944], [0.00408878456801, -0.00379578559659, 0.0531049072742, 0.0485729314387, 0.0142474966124, -0.0868742093444, 0.00168131722603, -0.0164289791137, 0.249835804105, -0.0254598408937, 0.0318691544235, -0.0264451485127, -0.075955837965], [0.0012888382189, -0.00486550899222, 0.0399158075452, -0.0395288690925, 0.00882606301457, 0.0140036651865, 0.0321084484458, 0.0365117155015, -0.0254598408937, 0.193421572447, -0.125229299068, -0.01840088889, 0.0615643486381], [0.00220254762098, -0.0018616784364, 0.00956003461033, 0.117383435369, 0.0100089786574, 0.0534812249243, -0.0687509775162, -0.0350878797472, 0.0318691544235, -0.125229299068, 0.293042689562, -0.109164424241, -0.119017235935], [0.00698338868096, -0.0363003462553, 0.00556689919904, -0.152720361948, 0.0436729043722, -0.0607669577003, 0.00501116318628, 0.0319846868515, -0.0264451485127, -0.01840088889, -0.109164424241, 0.45587053895, 0.0186215732247], [0.000496734341141, -0.0181782767177, -0.0603929720819, -0.114864505827, 0.0828888937831, -0.00638572406024, 0.00151716859546, 0.00967766623944, -0.075955837965, 0.0615643486381, -0.119017235935, 0.0186215732247, 0.358667343855]]
    },
    "spectral_contrast_coeffs": {
        "max": [-0.479847550392, -0.350193083286, -0.657168745995, -0.574748396873, -0.611595034599, -0.632217943668],
        "mean": [-0.937730252743, -0.939420938492, -0.944554805756, -0.943813145161, -0.94321680069, -0.940146625042],
        "min": [-0.98218870163, -0.981750965118, -0.979835689068, -0.975876390934, -0.970167577267, -0.965961515903],
        "stdev": [0.0865029618144, 0.0892840847373, 0.0539890229702, 0.0607353411615, 0.0570088103414, 0.0650250092149]
    },
    "spectral_contrast_valleys": {
        "max": [-5.79867458344, -4.30642843246, -4.86100053787, -4.77373504639, -4.64763259888, -8.0438785553],
        "mean": [-25.4128341675, -25.2952003479, -25.3817863464, -25.3224048615, -25.3690662384, -25.6675281525],
        "min": [-27.9667816162, -28.1441631317, -27.9331150055, -27.6566486359, -27.5418510437, -27.441827774],
        "stdev": [5.60181474686, 5.98233652115, 5.8768324852, 5.96260166168, 5.85164499283, 4.94373321533]
    }
},
"rhythm": {
    "beats_count": 27,
    "beats_loudness": {
        "max": 0.432833462954,
        "mean": 0.018334094435,
        "min": 0,
        "stdev": 0.0833270400763
    },
    "bpm": 116.293792725,
    "bpm_histogram_first_peak_bpm": 117,
    "bpm_histogram_first_peak_weight": 0.444444477558,
    "bpm_histogram_second_peak_bpm": 129,
    "bpm_histogram_second_peak_spread": 0,
    "bpm_histogram_second_peak_weight": 0.192307695746,
    "danceability": 2.0799241066,
    "onset_rate": 0.391869038343,
    "beats_loudness_band_ratio": {
        "max": [0.0844837650657, 0.51919901371, 0.497310221195, 0.108280435205, 0.307416170835, 0.0800244435668],
        "mean": [0.00343563430943, 0.0207944195718, 0.0306669138372, 0.00676381820813, 0.0180103182793, 0.00337591976859],
        "min": [0, 0, 0, 0, 0, 0],
        "stdev": [0.01623631455, 0.0997661426663, 0.109699450433, 0.0241008065641, 0.0656167343259, 0.0154018588364]
    },
    "beats_position": [0.452789098024, 0.917188167572, 1.38158726692, 1.84598636627, 2.31038546562, 2.77478456497, 3.29723358154, 3.80807256699, 4.31891155243, 4.82975053787, 5.34058952332, 5.85142850876, 6.37387752533, 6.8963265419, 7.41877555847, 7.90639448166, 8.39401340485, 8.88163280487, 9.31120204926, 9.74077033997, 10.1703395844, 10.5882987976, 11.0062580109, 11.4242172241, 11.8421764374, 12.2601356506, 12.6548748016],
    "bpm_histogram": [0, 0, 0, 0, 0, 0, 0, 0, 0, 0, 0, 0, 0, 0, 0, 0, 0, 0, 0, 0, 0, 0, 0, 0, 0, 0, 0, 0, 0, 0, 0, 0, 0, 0, 0, 0, 0, 0, 0, 0, 0, 0, 0, 0, 0, 0, 0, 0, 0, 0, 0, 0, 0, 0, 0, 0, 0, 0, 0, 0, 0, 0, 0, 0, 0, 0, 0, 0, 0, 0, 0, 0, 0, 0, 0, 0, 0, 0, 0, 0, 0, 0, 0, 0, 0, 0, 0, 0, 0, 0, 0, 0, 0, 0, 0, 0, 0, 0, 0, 0, 0, 0, 0, 0, 0, 0, 0, 0, 0, 0, 0, 0, 0, 0, 0, 0.153846159577, 0, 0.192307695746, 0, 0, 0, 0, 0, 0.115384615958, 0, 0, 0, 0, 0, 0.192307695746, 0, 0, 0, 0, 0, 0, 0, 0, 0, 0, 0.115384615958, 0, 0, 0, 0.192307695746, 0, 0, 0, 0, 0, 0, 0, 0.0384615398943, 0, 0, 0, 0, 0, 0, 0, 0, 0, 0, 0, 0, 0, 0, 0, 0, 0, 0, 0, 0, 0, 0, 0, 0, 0, 0, 0, 0, 0, 0, 0, 0, 0, 0, 0, 0, 0, 0, 0, 0, 0, 0, 0, 0, 0, 0, 0, 0, 0, 0, 0, 0, 0, 0, 0, 0, 0, 0, 0, 0, 0, 0, 0, 0, 0, 0, 0, 0, 0, 0, 0, 0, 0, 0, 0, 0, 0, 0, 0, 0, 0, 0, 0, 0, 0, 0, 0, 0, 0, 0, 0, 0, 0, 0, 0, 0, 0]
},
"tonal": {
    "chords_changes_rate": 0.00724637694657,
    "chords_number_rate": 0.0108695654199,
    "chords_strength": {
        "max": 0.633932769299,
        "mean": -0.757520079613,
