{
"metadata": {
    "version": {
        "essentia": "2.1-beta5",
        "essentia_git_sha": "Undefined",
        "extractor": "music 2.0"
    },
    "audio_properties": {
        "analysis": {
            "equal_loudness": 0,
            "length": 32.4963264465,
            "sample_rate": 44100,
            "start_time": 12.7477550507,
            "downmix": "mix"
        },
        "bit_rate": 192000,
        "length": 220.496704102,
        "lossless": 0,
        "number_channels": 2,
        "replay_gain": -3.43770027161,
        "sample_rate": 48000,
        "codec": "mp3",
        "md5_encoded": "3958a0073fd1317927f0bef928960968"
    },
    "tags": {
        "file_name": "Hungary_Ùj Nèv Egy Règi Hàz Fàlan_Czaba Szigeti.mp3",
        "encoding": ["Lavf58.29.100"]
    }
},
"lowlevel": {
    "average_loudness": 0.204766243696,
    "barkbands_crest": {
        "max": 25.3438014984,
        "mean": 11.2049331665,
        "min": 2.78683996201,
        "stdev": 5.81702375412
    },
    "barkbands_flatness_db": {
        "max": 0.371739089489,
        "mean": 0.209492877126,
        "min": 0.0481703132391,
        "stdev": 0.0815391987562
    },
    "barkbands_kurtosis": {
        "max": 75.0801620483,
        "mean": 5.96930980682,
        "min": -1.83411180973,
        "stdev": 7.96392774582
    },
    "barkbands_skewness": {
        "max": 7.95716381073,
        "mean": 1.69602417946,
        "min": -3.38474845886,
        "stdev": 1.27126920223
    },
    "barkbands_spread": {
        "max": 79.2401275635,
        "mean": 11.5638570786,
        "min": 0.934213995934,
        "stdev": 11.5784292221
    },
    "dissonance": {
        "max": 0.499887794256,
        "mean": 0.44397559762,
        "min": 0.232551768422,
        "stdev": 0.0483548641205
    },
    "dynamic_complexity": 4.67090749741,
    "erbbands_crest": {
        "max": 29.284702301,
        "mean": 10.1181354523,
        "min": 2.66409945488,
        "stdev": 4.61654424667
    },
    "erbbands_flatness_db": {
        "max": 0.392746418715,
        "mean": 0.248241975904,
        "min": 0.0871941745281,
        "stdev": 0.0704823434353
    },
    "erbbands_kurtosis": {
        "max": 52.5934104919,
        "mean": 1.57694017887,
        "min": -1.66256928444,
        "stdev": 3.86337184906
    },
    "erbbands_skewness": {
        "max": 4.70600318909,
        "mean": 0.837554931641,
        "min": -5.4660987854,
        "stdev": 0.883125782013
    },
    "erbbands_spread": {
        "max": 112.572387695,
        "mean": 24.3543930054,
        "min": 3.55188679695,
        "stdev": 18.7523975372
    },
    "hfc": {
        "max": 515.956359863,
        "mean": 12.1502056122,
        "min": 0.00605142302811,
        "stdev": 22.1592464447
    },
    "loudness_ebu128": {
        "integrated": -21.2532062531,
        "loudness_range": 8.69976425171,
        "momentary": {
            "max": -12.7978916168,
            "mean": -24.0369968414,
            "min": -51.7803344727,
            "stdev": 5.85367774963
        },
        "short_term": {
            "max": -16.4995079041,
            "mean": -22.4538631439,
            "min": -31.3801441193,
            "stdev": 2.91895961761
        }
    },
    "melbands_crest": {
        "max": 30.6759109497,
        "mean": 13.4967546463,
        "min": 3.08900213242,
        "stdev": 6.41051864624
    },
    "melbands_flatness_db": {
        "max": 0.42324718833,
        "mean": 0.252946436405,
        "min": 0.0353586412966,
        "stdev": 0.107596851885
    },
    "melbands_kurtosis": {
        "max": 225.670593262,
        "mean": 12.2006702423,
        "min": -1.7980723381,
        "stdev": 17.9216499329
    },
    "melbands_skewness": {
        "max": 12.473443985,
        "mean": 2.25768780708,
        "min": -0.679973721504,
        "stdev": 1.64614617825
    },
    "melbands_spread": {
        "max": 214.682495117,
        "mean": 15.9313144684,
        "min": 1.30996870995,
        "stdev": 18.3601875305
    },
    "pitch_salience": {
        "max": 0.871762037277,
        "mean": 0.586621522903,
        "min": 0.138038113713,
        "stdev": 0.164456427097
    },
    "silence_rate_20dB": {
        "max": 1,
        "mean": 1,
        "min": 1,
        "stdev": 0
    },
    "silence_rate_30dB": {
        "max": 1,
        "mean": 0.987152040005,
        "min": 0,
        "stdev": 0.112619027495
    },
    "silence_rate_60dB": {
        "max": 1,
        "mean": 0.17987151444,
        "min": 0,
        "stdev": 0.384075433016
    },
    "spectral_centroid": {
        "max": 5248.50341797,
        "mean": 971.467102051,
        "min": 230.303543091,
        "stdev": 732.55065918
    },
    "spectral_complexity": {
        "max": 48,
        "mean": 12.9971446991,
        "min": 0,
        "stdev": 8.38866615295
    },
    "spectral_decrease": {
        "max": -2.45435486171e-12,
        "mean": -4.47599601827e-09,
        "min": -5.46669696178e-08,
        "stdev": 5.92638871311e-09
    },
    "spectral_energy": {
        "max": 0.216976523399,
        "mean": 0.0179954990745,
        "min": 9.97895494947e-06,
        "stdev": 0.023583162576
    },
    "spectral_energyband_high": {
        "max": 0.0822910144925,
        "mean": 0.000447639089543,
        "min": 2.04591799502e-07,
        "stdev": 0.00285420450382
    },
    "spectral_energyband_low": {
        "max": 0.0403282754123,
        "mean": 0.00104221631773,
        "min": 4.64159086278e-07,
        "stdev": 0.00291791930795
    },
    "spectral_energyband_middle_high": {
        "max": 0.0252247918397,
        "mean": 0.00286737829447,
        "min": 1.25879216739e-06,
        "stdev": 0.00328077026643
    },
    "spectral_energyband_middle_low": {
        "max": 0.201092123985,
        "mean": 0.0141794010997,
        "min": 3.56710233973e-06,
        "stdev": 0.0215572752059
    },
    "spectral_entropy": {
        "max": 8.6230506897,
        "mean": 6.93430757523,
        "min": 5.35231876373,
        "stdev": 0.834604620934
    },
    "spectral_flux": {
        "max": 0.221842691302,
        "mean": 0.0453195348382,
        "min": 0.00173376477323,
        "stdev": 0.0318512283266
    },
    "spectral_kurtosis": {
        "max": 73.7806625366,
        "mean": 16.799539566,
        "min": -0.5631108284,
        "stdev": 16.7892379761
    },
    "spectral_rms": {
        "max": 0.0145493783057,
        "mean": 0.00358613091521,
        "min": 9.86689701676e-05,
        "stdev": 0.00216708471999
    },
    "spectral_rolloff": {
        "max": 9302.34375,
        "mean": 1229.22033691,
        "min": 150.732421875,
        "stdev": 1208.09375
    },
    "spectral_skewness": {
        "max": 6.46649503708,
        "mean": 2.69171500206,
        "min": -0.0680128186941,
        "stdev": 1.34737849236
    },
    "spectral_spread": {
        "max": 11846412,
        "mean": 3202571.25,
        "min": 958774.75,
        "stdev": 1787105.625
    },
    "spectral_strongpeak": {
        "max": 18.8210525513,
        "mean": 0.984280884266,
        "min": 0,
        "stdev": 0.934173643589
    },
    "zerocrossingrate": {
        "max": 0.26904296875,
        "mean": 0.0483743473887,
        "min": 0.0087890625,
        "stdev": 0.0354328155518
    },
    "barkbands": {
        "max": [0.00028117292095, 0.00856170337647, 0.0222209040076, 0.030694950372, 0.0740725919604, 0.115022830665, 0.0464165024459, 0.0156645737588, 0.00551234092563, 0.00586526701227, 0.00565817579627, 0.00633910298347, 0.00543965399265, 0.00468978984281, 0.00321376603097, 0.00765719357878, 0.00621273042634, 0.00333102745935, 0.00261028390378, 0.00178839312866, 0.0160194505006, 0.0407577380538, 0.0166935585439, 0.00598137872294, 0.00192821619567, 0.000529638491571, 2.2629706109e-06],
        "mean": [1.17621611935e-05, 0.00010385816131, 0.000554622907657, 0.000822216097731, 0.00459147850052, 0.00426859501749, 0.00300616398454, 0.000892577227205, 0.000286001013592, 0.00064801244298, 0.000458857772173, 0.000347082706867, 0.000275357801002, 0.00043705230928, 0.000232782302191, 0.000266448245384, 0.00019185320707, 8.40112625156e-05, 5.00541209476e-05, 3.73646871594e-05, 7.7810480434e-05, 0.000155910165631, 8.89547009137e-05, 7.77822424425e-05, 2.46125382546e-05, 4.28345992987e-06, 4.61536364682e-09],
        "min": [5.28964161362e-09, 6.58344774251e-08, 4.73979859805e-08, 3.49115296672e-08, 2.5717082508e-07, 5.89200567447e-07, 5.17221856455e-08, 3.32558229843e-08, 2.02488749323e-07, 6.06059273878e-08, 9.70447189275e-08, 8.24053287829e-08, 8.57365307638e-08, 6.30921661582e-08, 8.11402713907e-08, 6.72920208444e-08, 5.35535633617e-08, 4.28802913177e-08, 4.57013591415e-08, 5.24765653154e-08, 4.12789376014e-08, 3.26476552459e-08, 1.79077712659e-08, 2.54444323389e-08, 1.28611779004e-08, 7.59449725329e-11, 6.23698939717e-11],
        "stdev": [2.58093641605e-05, 0.000416229129769, 0.0015645759413, 0.00236916565336, 0.0100640133023, 0.0102072656155, 0.00554262287915, 0.00164680043235, 0.000450082618045, 0.000869211158715, 0.000725272402633, 0.00062349147629, 0.000549038581084, 0.000613160256762, 0.000455934321508, 0.000722741591744, 0.000544382841326, 0.000246763083851, 0.000189457990928, 0.000119617892778, 0.000579577870667, 0.00134216318838, 0.0005846786662, 0.000288940966129, 0.000112884074042, 2.44995317189e-05, 6.63276793489e-08]
    },
    "erbbands": {
        "max": [0.146096304059, 2.65221118927, 18.4297580719, 74.8908538818, 235.907180786, 456.855499268, 585.662963867, 1019.42810059, 1444.36450195, 377.569488525, 434.300506592, 112.418006897, 216.515594482, 187.651229858, 296.673980713, 267.736846924, 270.071716309, 281.85635376, 178.54045105, 181.998336792, 400.055358887, 372.076721191, 189.736816406, 175.757217407, 95.1620635986, 78.4639282227, 217.96887207, 1099.10595703, 1323.47924805, 909.522155762, 555.958984375, 179.500915527, 85.3818435669, 32.9010353088, 7.98578119278, 3.23877596855, 0.792225599289, 0.0399193018675, 0.00132096512243, 0.000347088498529],
        "mean": [0.00269517302513, 0.0308634229004, 0.40790322423, 2.12756156921, 10.0784549713, 13.8878145218, 23.9073982239, 30.749414444, 55.2271690369, 28.3011455536, 13.7463903427, 7.24576950073, 19.2185630798, 17.3521099091, 16.2008266449, 15.5100984573, 12.970208168, 19.4508781433, 17.0365886688, 12.7350482941, 14.6925678253, 10.9432382584, 5.412566185, 3.04717230797, 2.22526860237, 1.78827416897, 2.36894273758, 3.9286801815, 5.65127229691, 4.18001079559, 2.39380741119, 1.69754076004, 1.20788168907, 0.386607050896, 0.128546312451, 0.035478901118, 0.00454549118876, 0.000171641411725, 1.69230370375e-05, 2.21854297706e-05],
        "min": [3.36144671564e-06, 1.81488794624e-05, 0.000100303681393, 0.000369399378542, 0.000606873363722, 0.00117171672173, 0.00255596474744, 0.00694938981906, 0.00194754614495, 0.00195674970746, 0.00343558448367, 0.00423321640119, 0.00326078734361, 0.00328676146455, 0.00542762270197, 0.00359230255708, 0.00435052672401, 0.00406198715791, 0.00471833581105, 0.00307282293215, 0.00333938235417, 0.00325269438326, 0.00280965911224, 0.00263518141583, 0.00269210780971, 0.00289803999476, 0.00141954189166, 0.00161440041848, 0.00122674892191, 0.000777740729973, 0.000613066018559, 0.000425878009992, 0.000357883924153, 0.000222214730456, 4.38519818999e-05, 7.76831711846e-06, 1.29651789393e-06, 2.30993848049e-07, 3.03690370629e-08, 1.39980276259e-08],
        "stdev": [0.00874002836645, 0.113772906363, 1.10406279564, 5.52168512344, 31.1167163849, 32.9679107666, 51.2071304321, 80.3291931152, 123.142616272, 50.6128082275, 26.3537960052, 10.388174057, 26.850030899, 24.3974838257, 26.1074390411, 26.3130836487, 23.8815326691, 27.7680549622, 26.8023071289, 25.6260414124, 40.9186172485, 31.7095375061, 13.8439378738, 11.9999570847, 7.11067342758, 5.56972360611, 9.77418136597, 37.7262458801, 45.9097290039, 30.106300354, 18.7303104401, 7.22329759598, 4.42088603973, 1.80443239212, 0.510521292686, 0.174182757735, 0.0327860862017, 0.00150396197569, 5.31934310857e-05, 3.02544412989e-05]
    },
    "gfcc": {
        "mean": [-102.911300659, 133.059173584, -148.161239624, 3.94731235504, -74.6358184814, 4.98115730286, -49.665309906, -8.90630531311, -14.4759626389, -7.40153741837, -4.55169153214, -7.70914459229, 1.70026445389],
        "cov": [[7222.30712891, -2373.0078125, -45.193157196, 647.718322754, -510.541015625, 539.013427734, -580.629333496, 252.727249146, -124.625358582, 62.1021766663, -619.516784668, 94.3173217773, -301.191864014], [-2373.0078125, 3976.74536133, 295.291442871, -1275.53955078, 675.745788574, -1166.87683105, 227.776870728, -781.892944336, 260.8387146, -479.889648438, 640.061706543, -293.734039307, 291.54196167], [-45.193157196, 295.291442871, 950.81640625, 399.556304932, -218.323013306, -26.1727371216, -148.742675781, -126.545433044, 46.083026886, -112.69683075, -74.9348220825, -41.7311553955, -23.340631485], [647.718322754, -1275.53955078, 399.556304932, 963.195617676, -286.277496338, 399.65927124, -137.838317871, 239.560958862, -100.619895935, 91.4293136597, -264.576324463, 39.2848243713, -124.588645935], [-510.541015625, 675.745788574, -218.323013306, -286.277496338, 415.421264648, -214.133392334, 41.5204696655, -73.2849884033, -56.5330696106, -64.9112548828, 82.5827484131, -84.0977325439, 21.1197471619], [539.013427734, -1166.87683105, -26.1727371216, 399.65927124, -214.133392334, 532.569274902, -10.4513702393, 273.83114624, -66.5020980835, 150.298156738, -201.715759277, 72.5351257324, -107.166191101], [-580.629333496, 227.776870728, -148.742675781, -137.838317871, 41.5204696655, -10.4513702393, 218.66444397, 6.92697381973, 31.0780830383, 34.7006072998, 108.581733704, 11.3555297852, 43.553730011], [252.727249146, -781.892944336, -126.545433044, 239.560958862, -73.2849884033, 273.83114624, 6.92697381973, 248.849761963, -62.987651825, 115.31136322, -114.208312988, 53.1639213562, -58.8895263672], [-124.625358582, 260.8387146, 46.083026886, -100.619895935, -56.5330696106, -66.5020980835, 31.0780830383, -62.987651825, 136.163330078, -11.6622095108, 74.4869003296, 16.6988582611, 35.1249389648], [62.1021766663, -479.889648438, -112.69683075, 91.4293136597, -64.9112548828, 150.298156738, 34.7006072998, 115.31136322, -11.6622095108, 163.307388306, -28.108259201, 52.8416137695, -17.9019298553], [-619.516784668, 640.061706543, -74.9348220825, -264.576324463, 82.5827484131, -201.715759277, 108.581733704, -114.208312988, 74.4869003296, -28.108259201, 238.305404663, -11.5951490402, 69.4080963135], [94.3173217773, -293.734039307, -41.7311553955, 39.2848243713, -84.0977325439, 72.5351257324, 11.3555297852, 53.1639213562, 16.6988582611, 52.8416137695, -11.5951490402, 99.7380828857, 9.91802692413], [-301.191864014, 291.54196167, -23.340631485, -124.588645935, 21.1197471619, -107.166191101, 43.553730011, -58.8895263672, 35.1249389648, -17.9019298553, 69.4080963135, 9.91802692413, 107.337623596]],
        "icov": [[0.00023985633743, 0.00011466187425, 0.000145251266076, 6.19465572527e-05, 0.000198455047212, 5.47787822143e-05, 0.000391502893763, 0.000206934302696, -0.00012354386854, 0.000168682730873, 0.000301068823319, 5.59335603612e-05, 0.000304123939713], [0.00011466187425, 0.00662977294996, -0.00436027022079, 0.00368008902296, -0.00585862342268, 0.00212299311534, -0.00386394839734, 0.0035163287539, -0.00443158997223, 0.00505607016385, -0.00435676192865, 0.00608391873538, -0.00304421782494], [0.000145251266076, -0.00436027022079, 0.00533446576446, -0.00371001893654, 0.00491824932396, -0.00132390775252, 0.00333697954193, -0.000287641159957, 0.00221567810513, -0.0023643844761, 0.00335098290816, -0.0033622616902, 0.00232738140039], [6.19465572527e-05, 0.00368008902296, -0.00371001893654, 0.00488855689764, -0.00250313687138, 0.000867133087013, -0.00181365036406, -0.000115857750643, -0.00128241255879, 0.00243664882146, -0.00186594983097, 0.00365773541853, -0.00122898933478], [0.000198455047212, -0.00585862342268, 0.00491824932396, -0.00250313687138, 0.0108005078509, 0.000128986765048, 0.00344593334012, -0.00393937760964, 0.00654888665304, -0.00380507390946, 0.00418402906507, -0.00265326816589, 0.00383975543082], [5.47787822143e-05, 0.00212299311534, -0.00132390775252, 0.000867133087013, 0.000128986765048, 0.00767894787714, -0.00295574450865, -0.00305959768593, -0.00122856907547, 0.000332638737746, 0.00134151126258, 0.00181396165863, 0.00169047806412], [0.000391502893763, -0.00386394839734, 0.00333697954193, -0.00181365036406, 0.00344593334012, -0.00295574450865, 0.010765902698, -0.00259998720139, 0.00198366306722, -0.00352335744537, -0.00067474914249, -0.00299424747936, 0.000266321585514], [0.000206934302696, 0.0035163287539, -0.000287641159957, -0.000115857750643, -0.00393937760964, -0.00305959768593, -0.00259998720139, 0.0160753279924, -0.00107854907401, -2.03566778509e-05, -0.000867454800755, 0.000880568346474, -0.000743107812013], [-0.00012354386854, -0.00443158997223, 0.00221567810513, -0.00128241255879, 0.00654888665304, -0.00122856907547, 0.00198366306722, -0.00107854907401, 0.0149859795347, -0.00359150511213, 0.000288153474685, -0.00546843092889, 0.00158752896823], [0.000168682730873, 0.00505607016385, -0.0023643844761, 0.00243664882146, -0.00380507390946, 0.000332638737746, -0.00352335744537, -2.03566778509e-05, -0.00359150511213, 0.0149277020246, -0.00436896365136, 0.00214240700006, -0.00215406925417], [0.000301068823319, -0.00435676192865, 0.00335098290816, -0.00186594983097, 0.00418402906507, 0.00134151126258, -0.00067474914249, -0.000867454800755, 0.000288153474685, -0.00436896365136, 0.0137848583981, -0.0042378124781, 0.0022099877242], [5.59335603612e-05, 0.00608391873538, -0.0033622616902, 0.00365773541853, -0.00265326816589, 0.00181396165863, -0.00299424747936, 0.000880568346474, -0.00546843092889, 0.00214240700006, -0.0042378124781, 0.021232675761, -0.00589684676379], [0.000304123939713, -0.00304421782494, 0.00232738140039, -0.00122898933478, 0.00383975543082, 0.00169047806412, 0.000266321585514, -0.000743107812013, 0.00158752896823, -0.00215406925417, 0.0022099877242, -0.00589684676379, 0.0161713883281]]
    },
    "melbands": {
        "max": [0.00164561159909, 0.00811992958188, 0.0119558321312, 0.0177036300302, 0.0154875572771, 0.0257883872837, 0.0196847449988, 0.00338023016229, 0.00346177932806, 0.000829997763503, 0.00106031470932, 0.000693532754667, 0.000786534277722, 0.000764576310758, 0.000468222977361, 0.000539999455214, 0.000514923245646, 0.000390375091229, 0.000247685791692, 0.000526380084921, 0.000411607354181, 0.000381874153391, 0.000206416283618, 0.000161938733072, 0.000148081860971, 7.9814781202e-05, 4.73184518341e-05, 5.73918805458e-05, 8.08435288491e-05, 0.000273781683063, 0.000806528376415, 0.000681428529788, 0.000853487174027, 0.000353070325218, 0.000323882326484, 0.000185198572581, 9.59927638178e-05, 6.42697050353e-05, 3.47051936842e-05, 2.51376131928e-05],
        "mean": [2.63401871052e-05, 0.000173666107003, 0.000578299106564, 0.000905343331397, 0.000787335156929, 0.000803745002486, 0.000796337088104, 0.000279221625533, 9.68929743976e-05, 4.27878803748e-05, 9.69177708612e-05, 6.90450760885e-05, 5.40024630027e-05, 4.12955450884e-05, 3.53187315341e-05, 2.70029358944e-05, 3.866714178e-05, 3.04395907733e-05, 1.76474623004e-05, 1.83908250619e-05, 1.62387987075e-05, 1.17394574772e-05, 7.16799877409e-06, 3.44298791788e-06, 2.35997731579e-06, 1.72276838839e-06, 1.42098735978e-06, 1.08419794742e-06, 1.33743367314e-06, 1.59503792929e-06, 2.56696330325e-06, 3.09337724502e-06, 3.1500426303e-06, 2.05609285331e-06, 1.44984244344e-06, 9.68540575741e-07, 1.07021423901e-06, 9.38160667374e-07, 5.33882484888e-07, 2.53685328744e-07],
        "min": [3.88418683883e-08, 5.93994364806e-08, 1.01650591944e-07, 6.35569321616e-08, 9.0488946114e-08, 1.49719667775e-07, 2.62437040988e-08, 1.49694479035e-08, 2.55210608202e-08, 3.0314936339e-08, 1.48749412787e-08, 1.04554302993e-08, 1.2994258114e-08, 1.12406155495e-08, 8.7147693506e-09, 9.76539471509e-09, 5.43644818052e-09, 7.33630045602e-09, 3.91638899089e-09, 3.90006205109e-09, 3.41990102903e-09, 3.08718273168e-09, 3.47601281092e-09, 1.76451164791e-09, 1.77999059936e-09, 1.49468448729e-09, 2.34208963334e-09, 1.48869527816e-09, 7.30947968819e-10, 7.16220804886e-10, 6.99397040282e-10, 6.53854359545e-10, 3.63977264994e-10, 2.0217044705e-10, 2.89958362876e-10, 2.47231735084e-10, 2.02040190134e-10, 1.85436860312e-10, 1.80694362251e-10, 3.13848287636e-11],
        "stdev": [9.42670085351e-05, 0.000477361900266, 0.00138057721779, 0.00241406238638, 0.00153938902076, 0.0020584075246, 0.00170472089667, 0.00049486302305, 0.000196733395569, 6.7196902819e-05, 0.000138274146593, 9.85119113466e-05, 8.15975872683e-05, 7.14963534847e-05, 6.0898681113e-05, 5.53151185159e-05, 5.45893708477e-05, 4.92963627039e-05, 3.45111984643e-05, 4.88671612402e-05, 4.42448144895e-05, 3.33318384946e-05, 1.89137390407e-05, 1.16406508823e-05, 9.98140149022e-06, 6.30043405181e-06, 3.96552377424e-06, 3.6223780171e-06, 4.9909522204e-06, 9.98042469291e-06, 2.69414122158e-05, 2.41919860855e-05, 2.7552325264e-05, 1.24007965496e-05, 1.15049906526e-05, 6.04848855801e-06, 4.29608962804e-06, 3.45490184372e-06, 2.19509843191e-06, 1.29881323119e-06]
    },
    "melbands128": {
        "max": [0.00022585716215, 0.0010798133444, 0.00198319763876, 0.00490632653236, 0.00701375352219, 0.0125893987715, 0.0171453915536, 0.0132717620581, 0.0332627668977, 0.0300906468183, 0.036370780319, 0.0143938316032, 0.0272182654589, 0.0198419187218, 0.00715934298933, 0.0593806728721, 0.0469856075943, 0.00899397674948, 0.0124973198399, 0.0044195340015, 0.00498753087595, 0.00370057788678, 0.00624250806868, 0.000874582852703, 0.000896976562217, 0.00173963035922, 0.00134354899637, 0.00186621281318, 0.0021123145707, 0.000758375681471, 0.00152070925105, 0.00101729971357, 0.000584501132835, 0.00213553151116, 0.0011372420704, 0.0010675759986, 0.000950571440626, 0.000910958391614, 0.000875141355209, 0.000875135650858, 0.000776735891122, 0.00103604618926, 0.000549334799871, 0.000782444782089, 0.000959287513979, 0.000475019449368, 0.000572976714466, 0.000344907399267, 0.000450459425338, 0.000336478609825, 0.000567473762203, 0.00145905022509, 0.000473988096928, 0.000455790519482, 0.000396685558371, 0.000466523051728, 0.000855270482134, 0.000256568775512, 0.000255444116192, 0.000233211714658, 0.000190725346329, 0.000320994324284, 0.00017531758931, 0.000212254875805, 0.000135613008752, 0.000115708113299, 7.48508173274e-05, 8.83070024429e-05, 5.0122725952e-05, 6.63367609377e-05, 5.98619590164e-05, 9.23467669054e-05, 0.000100014432974, 7.52928899601e-05, 0.000106069157482, 0.000239686953137, 0.00029101446853, 0.000611337542068, 0.000896439014468, 0.00122829899192, 0.000283535453491, 0.000844336056616, 0.000769347476307, 0.00105940818321, 0.000717353250366, 0.000308252783725, 0.000323558284435, 0.000239194443566, 0.000214680054341, 0.000606212881394, 0.000208010533242, 7.64784490457e-05, 7.41548574297e-05, 0.000126539453049, 9.61637269938e-05, 6.24579261057e-05, 8.00863999757e-05, 4.30496875197e-05, 3.80715136998e-05, 5.27892661921e-05, 3.44069485436e-05, 2.44411694439e-05, 1.62489104696e-05, 9.50552112045e-06, 1.03679913082e-05, 6.72361557008e-06, 8.00279940449e-06, 7.44131148167e-06, 7.72615385358e-06, 6.79834329276e-06, 4.50658080808e-06, 3.82032112611e-06, 2.57697047346e-06, 5.08410266775e-07, 4.61141979713e-07, 3.6853143115e-07, 6.73317970268e-08, 6.97120805526e-10, 6.6558003553e-10, 6.51573295318e-10, 6.30884233743e-10, 6.08834482829e-10, 6.08671224533e-10, 5.88107451627e-10, 5.77870584717e-10, 5.73924407998e-10, 5.63721513913e-10, 5.59661705868e-10],
        "mean": [8.69127234182e-06, 1.94445819943e-05, 3.08826347464e-05, 4.47447928309e-05, 0.000104649305285, 0.000338552927133, 0.000388479151297, 0.000431956636021, 0.00120486808009, 0.000999763607979, 0.000631313654594, 0.000854305922985, 0.000900891551282, 0.000697667128406, 0.00028841837775, 0.00123647390865, 0.00138368154876, 0.000480021786643, 0.000470973318443, 0.00025825938792, 0.000254883489106, 9.91588894976e-05, 0.000102776299173, 5.0226393796e-05, 3.40978731401e-05, 3.89733686461e-05, 5.82051325182e-05, 0.000140287025715, 8.99123697309e-05, 5.84139888815e-05, 7.67699239077e-05, 5.98287188041e-05, 4.1537812649e-05, 6.99421725585e-05, 2.89092331514e-05, 3.90184759453e-05, 4.73701911687e-05, 3.77575561288e-05, 2.5434723284e-05, 2.62846806436e-05, 2.81485681626e-05, 2.70003056357e-05, 3.41609447787e-05, 4.91159080411e-05, 4.365627683e-05, 2.44527473114e-05, 1.79436538019e-05, 1.97385761567e-05, 1.66804820765e-05, 1.42738635986e-05, 1.6630263417e-05, 2.73358327831e-05, 1.49250363393e-05, 1.44163122968e-05, 1.16997207442e-05, 1.12459310913e-05, 1.31804363264e-05, 6.99465044818e-06, 6.31842294752e-06, 4.05679247706e-06, 3.51464996129e-06, 2.71024600806e-06, 2.41165957959e-06, 2.47398952524e-06, 1.84909492873e-06, 1.75290551852e-06, 1.56006524321e-06, 1.51093547629e-06, 1.3771069689e-06, 1.38123198212e-06, 1.00261706848e-06, 9.78052526079e-07, 1.07684195427e-06, 1.34325875933e-06, 1.76609933078e-06, 1.501564725e-06, 1.37261599775e-06, 2.19724279305e-06, 2.76545347333e-06, 3.09089614348e-06, 2.36755681726e-06, 3.58635043085e-06, 3.70274869965e-06, 3.28929672833e-06, 2.552307933e-06, 1.93128221326e-06, 2.21304867409e-06, 1.63284630617e-06, 1.28821409362e-06, 1.52890061145e-06, 9.16976489407e-07, 7.75951718879e-07, 1.01997125057e-06, 1.21156779187e-06, 1.00312263385e-06, 9.39213805395e-07, 1.03081652014e-06, 7.83532868809e-07, 5.39336497241e-07, 4.18812959424e-07, 2.95576541021e-07, 2.20521570782e-07, 2.05428477784e-07, 1.81295760626e-07, 1.44896318943e-07, 1.05889064628e-07, 8.88478268735e-08, 7.39861505394e-08, 5.9744266423e-08, 4.42581544746e-08, 2.98615567829e-08, 1.92618578865e-08, 8.98529872728e-09, 1.98215066582e-09, 1.289538476e-09, 7.32958138627e-10, 1.60815555317e-10, 3.88321579753e-12, 3.76325750076e-12, 3.62012134679e-12, 3.44952690544e-12, 3.35960426145e-12, 3.32042119494e-12, 3.23267064159e-12, 3.08507733249e-12, 2.86109634248e-12, 2.73462676115e-12, 2.70408717119e-12],
        "min": [8.59607218739e-10, 1.43835929833e-08, 1.8505364352e-08, 2.47806450915e-08, 1.546595918e-08, 2.73122289229e-08, 2.98453421976e-08, 7.74652075819e-09, 2.62759272118e-08, 3.63425414207e-08, 1.72287162314e-08, 2.02143439765e-08, 4.21263912642e-08, 5.28798871358e-08, 4.64209684026e-08, 5.54984902479e-09, 1.91155820062e-08, 7.65960628257e-09, 4.09113454225e-09, 1.32526984942e-08, 4.78135309123e-09, 1.14954836761e-08, 1.26430341751e-08, 6.27028740041e-09, 5.20144238791e-09, 1.23857573087e-08, 7.83886733302e-09, 6.89687196243e-09, 7.22232984529e-09, 1.00420525229e-08, 1.04885859997e-08, 6.32157126645e-09, 5.71166625107e-09, 1.57052113536e-08, 1.06611715012e-08, 2.47717002466e-09, 3.97855837164e-09, 4.66002081367e-09, 3.1973421688e-09, 6.23465679084e-09, 2.70476707698e-09, 1.41112788121e-09, 3.26957239061e-09, 3.04573388732e-09, 2.46750464505e-09, 4.69536320935e-09, 4.65636995628e-09, 2.4481652261e-09, 2.42966868846e-09, 1.56004775764e-09, 9.85067361015e-10, 1.97357796772e-09, 2.73035483112e-09, 1.66940328228e-09, 1.27422949969e-09, 2.1605361944e-09, 1.68971148184e-09, 1.62004054616e-09, 2.26171237294e-09, 1.27888777346e-09, 1.24360399756e-09, 7.48117567895e-10, 8.43639380577e-10, 8.42947767143e-10, 6.60144106046e-10, 1.16663900762e-09, 4.28548668774e-10, 8.31793411926e-10, 7.48088480051e-10, 5.14444709054e-10, 4.90766927097e-10, 3.98070576502e-10, 4.11984668602e-10, 3.76970760163e-10, 4.93745710983e-10, 1.97342975294e-10, 3.75329989311e-10, 1.98243754745e-10, 3.64154123522e-10, 2.48281117887e-10, 3.96391752755e-10, 1.88445981042e-10, 1.82976564456e-10, 2.13192186127e-10, 1.4658921299e-10, 6.47129311943e-12, 7.86421188587e-12, 2.18948296993e-11, 8.78960862427e-11, 1.79788489652e-10, 5.2031750436e-11, 5.72755107231e-11, 1.55922691425e-10, 3.79454696831e-11, 9.98363683391e-11, 3.61171231811e-11, 2.98594586556e-11, 4.4765163798e-11, 4.70711560008e-11, 1.84028452199e-11, 2.30719124361e-11, 4.90366428019e-12, 2.72368607702e-12, 7.52619483662e-13, 7.87834641275e-13, 7.15728800012e-13, 2.87164199754e-13, 4.48948766617e-13, 1.89101311649e-13, 2.31490309777e-13, 2.00353053375e-13, 2.31183263722e-13, 2.40103672621e-13, 1.99028198978e-13, 1.91450994598e-13, 1.85325306533e-13, 1.62444520726e-13, 1.93190895139e-13, 2.26447712578e-13, 2.09907097129e-13, 2.07516566864e-13, 2.11031428335e-13, 2.32012407333e-13, 2.10207692182e-13, 1.21318157343e-13, 5.16645984349e-14, 7.23788044066e-15, 1.42219240594e-16],
        "stdev": [1.9506087483e-05, 6.48357236059e-05, 0.000120468212117, 0.000207435412449, 0.000307555426843, 0.000966132560279, 0.00126300193369, 0.00129121460486, 0.0040351790376, 0.00370080047287, 0.00202598026954, 0.00172766868491, 0.00219134520739, 0.00185753940605, 0.00067411432974, 0.00453160330653, 0.00385030172765, 0.000978634227067, 0.00152428529691, 0.000470117432997, 0.000537260901183, 0.000230079705943, 0.000306416972307, 8.24067828944e-05, 6.31287985016e-05, 0.000101695797639, 0.000105068771518, 0.000230345569435, 0.000222602742724, 9.68713138718e-05, 0.000166404410265, 0.000128912797663, 7.25028221495e-05, 0.000155585148605, 7.76539673097e-05, 8.53383462527e-05, 9.33718620217e-05, 8.13759979792e-05, 6.18991834926e-05, 6.0274360294e-05, 6.83476755512e-05, 6.5371816163e-05, 5.58911779081e-05, 8.21548164822e-05, 9.4537732366e-05, 4.91723258165e-05, 4.30485561083e-05, 3.92531510442e-05, 4.07937623095e-05, 3.44628933817e-05, 4.35938491137e-05, 0.000117956005852, 3.86491556128e-05, 4.05846258218e-05, 2.98158083751e-05, 3.25915389112e-05, 6.13280499238e-05, 1.62336345966e-05, 1.81782706932e-05, 1.30487960632e-05, 1.28237807075e-05, 1.33035973704e-05, 1.06389679786e-05, 1.13257283374e-05, 8.48708896228e-06, 7.17793773219e-06, 5.05009529661e-06, 4.90154980071e-06, 3.87477030017e-06, 4.19291063736e-06, 3.42794533026e-06, 3.95755887439e-06, 5.28553209733e-06, 4.79682285004e-06, 6.58417366139e-06, 8.8219267127e-06, 9.81380708254e-06, 2.43038630288e-05, 3.06068177451e-05, 3.69004774257e-05, 1.22471792565e-05, 2.9644685128e-05, 3.09648166876e-05, 3.13405616907e-05, 2.45839328272e-05, 1.01991645352e-05, 1.20094264275e-05, 1.02357153082e-05, 9.40579593589e-06, 1.81351006177e-05, 6.78144806443e-06, 3.32850822815e-06, 3.97914027417e-06, 5.16739373779e-06, 4.39118457507e-06, 3.65086339116e-06, 3.99648342864e-06, 2.76559308077e-06, 2.26974407269e-06, 2.40154463427e-06, 1.72544685029e-06, 1.15505451959e-06, 9.28922816001e-07, 6.46699447771e-07, 6.28960606264e-07, 4.1845359533e-07, 4.18471699959e-07, 3.63041380069e-07, 3.5800823639e-07, 2.77078243016e-07, 1.58692756713e-07, 1.77796920298e-07, 1.09367391588e-07, 2.31521735117e-08, 1.94081142268e-08, 1.12225322368e-08, 2.33038721653e-09, 2.00966621816e-11, 1.91371501979e-11, 1.86666290064e-11, 1.80620900181e-11, 1.74350638094e-11, 1.73648127128e-11, 1.67947704355e-11, 1.65087804538e-11, 1.63717303603e-11, 1.60988826436e-11, 1.59820750384e-11]
    },
    "mfcc": {
        "mean": [-735.082885742, 159.863677979, -17.2902736664, -5.0181851387, -6.2669301033, -1.57690429688, -18.7086143494, -8.36516571045, -9.9959230423, -7.68824386597, -6.34462881088, -3.44097995758, -2.92349767685],
        "cov": [[7691.89306641, -2989.61669922, 158.492126465, -173.54548645, 159.710906982, 167.990219116, -301.322052002, 176.355789185, 243.116455078, 27.9980640411, -43.1988296509, -7.11066675186, -103.705368042], [-2989.61669922, 4842.23925781, -571.413757324, -101.210861206, -0.433946371078, -420.182556152, -126.779899597, -390.785858154, -504.769012451, -242.592880249, -92.8133850098, -157.983047485, -115.815895081], [158.492126465, -571.413757324, 1304.26708984, 336.057861328, 49.3608131409, 162.205810547, -199.662612915, 80.0710296631, 20.9989585876, -11.9731092453, -61.892829895, -18.2932987213, 0.419891953468], [-173.54548645, -101.210861206, 336.057861328, 381.372772217, 95.0108184814, 12.9872198105, -18.5123500824, -11.631814003, -2.93077635765, -22.6154632568, -20.8244495392, -16.0295257568, -46.7563781738], [159.710906982, -0.433946371078, 49.3608131409, 95.0108184814, 210.984954834, -5.66472005844, -11.079123497, -4.3532204628, -3.26157927513, -2.62355947495, -19.8727035522, -38.5253639221, -57.274848938], [167.990219116, -420.182556152, 162.205810547, 12.9872198105, -5.66472005844, 139.998245239, 20.3425540924, 51.7417182922, 60.0287513733, 28.124578476, 35.9775428772, -1.7350769043, 20.1869487762], [-301.322052002, -126.779899597, -199.662612915, -18.5123500824, -11.079123497, 20.3425540924, 218.451187134, 23.561422348, 32.3446922302, 54.7097587585, 40.9020004272, 19.4066390991, -3.73264622688], [176.355789185, -390.785858154, 80.0710296631, -11.631814003, -4.3532204628, 51.7417182922, 23.561422348, 136.736068726, 39.0448036194, 43.4630661011, 10.933807373, 4.72887086868, 31.0659828186], [243.116455078, -504.769012451, 20.9989585876, -2.93077635765, -3.26157927513, 60.0287513733, 32.3446922302, 39.0448036194, 156.350753784, 11.8788366318, 10.3253602982, 18.4028911591, 7.37562227249], [27.9980640411, -242.592880249, -11.9731092453, -22.6154632568, -2.62355947495, 28.124578476, 54.7097587585, 43.4630661011, 11.8788366318, 117.82888031, 23.0060081482, -0.62003082037, 27.0699253082], [-43.1988296509, -92.8133850098, -61.892829895, -20.8244495392, -19.8727035522, 35.9775428772, 40.9020004272, 10.933807373, 10.3253602982, 23.0060081482, 102.63999176, -6.12869977951, 26.4078369141], [-7.11066675186, -157.983047485, -18.2932987213, -16.0295257568, -38.5253639221, -1.7350769043, 19.4066390991, 4.72887086868, 18.4028911591, -0.62003082037, -6.12869977951, 89.1767272949, 17.9540958405], [-103.705368042, -115.815895081, 0.419891953468, -46.7563781738, -57.274848938, 20.1869487762, -3.73264622688, 31.0659828186, 7.37562227249, 27.0699253082, 26.4078369141, 17.9540958405, 111.49899292]],
        "icov": [[0.00023647811031, 0.000209586622077, 9.44309140323e-05, 0.000198134512175, -0.000112319205073, -6.28137468084e-06, 0.00048652337864, -6.83253063016e-07, 0.000149933679495, 7.87977551227e-05, 4.49913859484e-05, 0.000180498318514, 0.000411530025303], [0.000209586622077, 0.000663852493744, 0.000112623849418, 0.000316306162858, 7.45033094063e-06, 0.000584500667173, 0.000226298157941, 0.00065595266642, 0.00118881161325, 0.000685489329044, 0.000158455004566, 0.000911166251171, 0.000310211617034], [9.44309140323e-05, 0.000112623849418, 0.00175516156014, -0.00133554567583, 0.000294200697681, -0.00218338891864, 0.00175553932786, -0.000612006173469, 0.000530180172063, -0.000234719147556, 0.00106782303192, -1.28284882521e-05, 0.000184942109627], [0.000198134512175, 0.000316306162858, -0.00133554567583, 0.00445880927145, -0.00156402145512, 0.00126722734421, -0.000881526037119, 0.000873524870258, 0.000300241576042, 0.000931810238399, -0.000469349703053, 0.000330478680553, 0.000893767050002], [-0.000112319205073, 7.45033094063e-06, 0.000294200697681, -0.00156402145512, 0.00657015386969, 5.22395612279e-06, 0.000271915341727, -0.000411188666476, -4.63578289782e-05, -0.000733081426006, 0.000702051038388, 0.00215162266977, 0.00241228705272], [-6.28137468084e-06, 0.000584500667173, -0.00218338891864, 0.00126722734421, 5.22395612279e-06, 0.0141489729285, -0.00183236936573, -0.000959564466029, -0.00253721652552, 0.000239259228692, -0.0042455480434, 0.00185517850332, -0.000395518000005], [0.00048652337864, 0.000226298157941, 0.00175553932786, -0.000881526037119, 0.000271915341727, -0.00183236936573, 0.00851795822382, -0.00115601764992, -0.000664645107463, -0.00303600379266, -0.00134179904126, -0.00159825081937, 0.00274618482217], [-6.83253063016e-07, 0.00065595266642, -0.000612006173469, 0.000873524870258, -0.000411188666476, -0.000959564466029, -0.00115601764992, 0.011003645137, 9.39708843362e-05, -0.00153748504817, 0.000893459655344, 0.00112300913315, -0.00211809854954], [0.000149933679495, 0.00118881161325, 0.000530180172063, 0.000300241576042, -4.63578289782e-05, -0.00253721652552, -0.000664645107463, 9.39708843362e-05, 0.0107666067779, 0.00202201539651, 0.00101707212161, 0.000128440107801, 0.000420633412432], [7.87977551227e-05, 0.000685489329044, -0.000234719147556, 0.000931810238399, -0.000733081426006, 0.000239259228692, -0.00303600379266, -0.00153748504817, 0.00202201539651, 0.0123438965529, -0.000433437060565, 0.00186071253847, -0.00224378891289], [4.49913859484e-05, 0.000158455004566, 0.00106782303192, -0.000469349703053, 0.000702051038388, -0.0042455480434, -0.00134179904126, 0.000893459655344, 0.00101707212161, -0.000433437060565, 0.0133107565343, 0.00211241212673, -0.00261373934336], [0.000180498318514, 0.000911166251171, -1.28284882521e-05, 0.000330478680553, 0.00215162266977, 0.00185517850332, -0.00159825081937, 0.00112300913315, 0.000128440107801, 0.00186071253847, 0.00211241212673, 0.014618460089, -0.00165856396779], [0.000411530025303, 0.000310211617034, 0.000184942109627, 0.000893767050002, 0.00241228705272, -0.000395518000005, 0.00274618482217, -0.00211809854954, 0.000420633412432, -0.00224378891289, -0.00261373934336, -0.00165856396779, 0.0134436553344]]
    },
    "spectral_contrast_coeffs": {
        "max": [-0.360177993774, -0.429995566607, -0.553880810738, -0.620079576969, -0.667310655117, -0.611467301846],
        "mean": [-0.659766733646, -0.726326644421, -0.765735149384, -0.787607073784, -0.792858362198, -0.778575539589],
        "min": [-0.881420612335, -0.951855778694, -0.919651031494, -0.924034893513, -0.895359456539, -0.862127900124],
        "stdev": [0.116319671273, 0.107508093119, 0.0728558674455, 0.0569970160723, 0.0444191098213, 0.0417917966843]
    },
    "spectral_contrast_valleys": {
        "max": [-5.47735214233, -4.94778299332, -5.20156574249, -5.74297332764, -5.81303691864, -7.44690132141],
        "mean": [-7.82000875473, -6.96128320694, -7.64316511154, -8.12243843079, -8.95667743683, -11.6734256744],
        "min": [-10.5535516739, -10.3244104385, -10.7481422424, -10.9749498367, -11.0865030289, -14.3647966385],
        "stdev": [0.831831872463, 0.7726739645, 0.885738193989, 1.03680825233, 1.17165672779, 1.55547499657]
    }
},
"rhythm": {
    "beats_count": 83,
    "beats_loudness": {
        "max": 0.189063414931,
        "mean": 0.0200651232153,
        "min": 2.90258085442e-05,
        "stdev": 0.0245209541172
    },
    "bpm": 163.61541748,
    "bpm_histogram_first_peak_bpm": 161,
    "bpm_histogram_first_peak_weight": 0.40625,
    "bpm_histogram_second_peak_bpm": 152,
    "bpm_histogram_second_peak_spread": 0.315789461136,
    "bpm_histogram_second_peak_weight": 0.158536583185,
    "danceability": 0.862035036087,
    "onset_rate": 2.36865210533,
    "beats_loudness_band_ratio": {
        "max": [0.8838083148, 0.836839497089, 0.902088224888, 0.578413128853, 0.405741065741, 0.645765662193],
        "mean": [0.118719160557, 0.392068386078, 0.309157252312, 0.160665303469, 0.0863212496042, 0.0496362261474],
        "min": [0.00266432273202, 0.00580389471725, 0.00871609989554, 0.00328939827159, 0.00134668592364, 0.000233758066315],
        "stdev": [0.176085054874, 0.278149694204, 0.2193120718, 0.152388066053, 0.112583085895, 0.116037577391]
    },
