{
"metadata": {
    "version": {
        "essentia": "2.1-beta5",
        "essentia_git_sha": "Undefined",
        "extractor": "music 2.0"
    },
    "audio_properties": {
        "analysis": {
            "equal_loudness": 0,
            "length": 32.4963264465,
            "sample_rate": 44100,
            "start_time": 29.0017242432,
            "downmix": "mix"
        },
        "bit_rate": 192000,
        "length": 213.019882202,
        "lossless": 0,
        "number_channels": 2,
        "replay_gain": -5.90004348755,
        "sample_rate": 48000,
        "codec": "mp3",
        "md5_encoded": "f3c276453fd0f0728b293a0c87382afd"
    },
    "tags": {
        "file_name": "Germany_Verliebt In Dich_Stone and Stone.mp3",
        "encoding": ["Lavf58.29.100"]
    }
},
"lowlevel": {
    "average_loudness": 0.821021020412,
    "barkbands_crest": {
        "max": 26.1448173523,
        "mean": 13.0856876373,
        "min": 3.54309773445,
        "stdev": 5.83424425125
    },
    "barkbands_flatness_db": {
        "max": 0.370278328657,
        "mean": 0.216038092971,
        "min": 0.0662032216787,
        "stdev": 0.0610978268087
    },
    "barkbands_kurtosis": {
        "max": 190.90032959,
        "mean": 17.6291675568,
        "min": -1.95492076874,
        "stdev": 26.2362365723
    },
    "barkbands_skewness": {
        "max": 11.0978775024,
        "mean": 2.63812541962,
        "min": -2.82716083527,
        "stdev": 2.17368388176
    },
    "barkbands_spread": {
        "max": 78.1558303833,
        "mean": 10.7919216156,
        "min": 0.366566002369,
        "stdev": 12.0322618484
    },
    "dissonance": {
        "max": 0.500000119209,
        "mean": 0.420884937048,
        "min": 0.231745913625,
        "stdev": 0.0475450269878
    },
    "dynamic_complexity": 4.60155677795,
    "erbbands_crest": {
        "max": 30.2700843811,
        "mean": 14.1192398071,
        "min": 3.13374090195,
        "stdev": 5.9011631012
    },
    "erbbands_flatness_db": {
        "max": 0.360313057899,
        "mean": 0.230708017945,
        "min": 0.0999447777867,
        "stdev": 0.0456164926291
    },
    "erbbands_kurtosis": {
        "max": 77.5212631226,
        "mean": 5.0346570015,
        "min": -1.87829196453,
        "stdev": 7.8811621666
    },
    "erbbands_skewness": {
        "max": 7.89968252182,
        "mean": 1.38370728493,
        "min": -4.3683347702,
        "stdev": 1.43292343616
    },
    "erbbands_spread": {
        "max": 133.746536255,
        "mean": 24.9526920319,
        "min": 2.13528823853,
        "stdev": 17.4574050903
    },
    "hfc": {
        "max": 167.275939941,
        "mean": 8.88169574738,
        "min": 0.322819799185,
        "stdev": 12.5098981857
    },
    "loudness_ebu128": {
        "integrated": -19.9617996216,
        "loudness_range": 5.13355827332,
        "momentary": {
            "max": -15.0408220291,
            "mean": -21.9788341522,
            "min": -32.0889205933,
            "stdev": 4.42897510529
        },
        "short_term": {
            "max": -17.2641010284,
            "mean": -20.7105236053,
            "min": -29.7523365021,
            "stdev": 2.07552266121
        }
    },
    "melbands_crest": {
        "max": 32.1236152649,
        "mean": 17.0664768219,
        "min": 3.43525266647,
        "stdev": 6.90071201324
    },
    "melbands_flatness_db": {
        "max": 0.455243438482,
        "mean": 0.280034273863,
        "min": 0.064435839653,
        "stdev": 0.0779167860746
    },
    "melbands_kurtosis": {
        "max": 490.478088379,
        "mean": 27.1548557281,
        "min": -1.90766406059,
        "stdev": 39.1330871582
    },
    "melbands_skewness": {
        "max": 18.287273407,
        "mean": 3.08074903488,
        "min": -0.360051929951,
        "stdev": 2.26253128052
    },
    "melbands_spread": {
        "max": 224.950592041,
        "mean": 14.2220230103,
        "min": 0.526051163673,
        "stdev": 24.8327655792
    },
    "pitch_salience": {
        "max": 0.802848279476,
        "mean": 0.490594178438,
        "min": 0.0923878252506,
        "stdev": 0.14661937952
    },
    "silence_rate_20dB": {
        "max": 1,
        "mean": 1,
        "min": 1,
        "stdev": 0
    },
    "silence_rate_30dB": {
        "max": 1,
        "mean": 0.997144877911,
        "min": 0,
        "stdev": 0.0533565282822
    },
    "silence_rate_60dB": {
        "max": 1,
        "mean": 0.281227707863,
        "min": 0,
        "stdev": 0.449597507715
    },
    "spectral_centroid": {
        "max": 5254.13964844,
        "mean": 784.466796875,
        "min": 224.369262695,
        "stdev": 700.17175293
    },
    "spectral_complexity": {
        "max": 46,
        "mean": 8.79086399078,
        "min": 0,
        "stdev": 5.78114557266
    },
    "spectral_decrease": {
        "max": -1.30500277251e-10,
        "mean": -4.16217282861e-09,
        "min": -3.41453301189e-08,
        "stdev": 4.78996398101e-09
    },
    "spectral_energy": {
        "max": 0.134226515889,
        "mean": 0.0165145993233,
        "min": 0.000541948189493,
        "stdev": 0.0188883785158
    },
    "spectral_energyband_high": {
        "max": 0.0119648138061,
        "mean": 0.000263760332018,
        "min": 1.84456496299e-07,
        "stdev": 0.000934308045544
    },
    "spectral_energyband_low": {
        "max": 0.0918942317367,
        "mean": 0.00128005375154,
        "min": 2.07202865568e-05,
        "stdev": 0.00466688303277
    },
    "spectral_energyband_middle_high": {
        "max": 0.0920049771667,
        "mean": 0.00166308530606,
        "min": 2.61248733295e-05,
        "stdev": 0.00489765405655
    },
    "spectral_energyband_middle_low": {
        "max": 0.128227427602,
        "mean": 0.0135066816583,
        "min": 0.000190166480024,
        "stdev": 0.0165048372
    },
    "spectral_entropy": {
        "max": 8.56452178955,
        "mean": 6.78823041916,
        "min": 5.17180490494,
        "stdev": 0.629080355167
    },
    "spectral_flux": {
        "max": 0.29450622201,
        "mean": 0.0470726564527,
        "min": 0.00538408663124,
        "stdev": 0.0428283698857
    },
    "spectral_kurtosis": {
        "max": 58.6478729248,
        "mean": 9.40295696259,
        "min": -0.834733009338,
        "stdev": 9.67968559265
    },
    "spectral_rms": {
        "max": 0.0114434566349,
        "mean": 0.00345018785447,
        "min": 0.000727138190996,
        "stdev": 0.00205133808777
    },
    "spectral_rolloff": {
        "max": 8634.81445312,
        "mean": 929.168457031,
        "min": 215.33203125,
        "stdev": 1272.37805176
    },
    "spectral_skewness": {
        "max": 5.91488361359,
        "mean": 2.12931895256,
        "min": -0.450457721949,
        "stdev": 1.05858850479
    },
    "spectral_spread": {
        "max": 17916386,
        "mean": 3549550.5,
        "min": 1204032.375,
        "stdev": 1330574.875
    },
    "spectral_strongpeak": {
        "max": 8.07713508606,
        "mean": 0.93747740984,
        "min": 0.0273777842522,
        "stdev": 0.87184792757
    },
    "zerocrossingrate": {
        "max": 0.30712890625,
        "mean": 0.0361094623804,
        "min": 0.00830078125,
        "stdev": 0.0363632664084
    },
    "barkbands": {
        "max": [0.0050885300152, 0.048585370183, 0.0418963693082, 0.0201053321362, 0.0773502588272, 0.122448161244, 0.0514060482383, 0.0428749211133, 0.0335252135992, 0.0621430613101, 0.0188874304295, 0.00838871765882, 0.0173350106925, 0.00410089967772, 0.00577749172226, 0.0279732812196, 0.00600127084181, 0.00473534269258, 0.00540192844346, 0.00280325533822, 0.00682123098522, 0.0052615981549, 0.00339130870998, 0.00356251630001, 0.000395518174628, 4.9261328968e-05, 3.75305774014e-07],
        "mean": [3.12737756758e-05, 0.000504875555634, 0.000578820530791, 0.000400222983444, 0.0061904611066, 0.00433430401608, 0.000811141275335, 0.00116218673065, 0.000547011673916, 0.000419551390223, 0.000157249596668, 0.000156054957188, 0.000239339045947, 9.14239426493e-05, 0.00011318099132, 0.000183876953088, 9.043814498e-05, 8.41447690618e-05, 0.000128019179101, 5.30276629434e-05, 5.74505975237e-05, 8.05735980975e-05, 6.39204445179e-05, 2.85097848973e-05, 6.60522164253e-06, 9.27390772176e-07, 2.17969926553e-08],
        "min": [5.99292926395e-09, 4.59740022052e-07, 6.16640761564e-07, 1.76767753146e-06, 9.10295966605e-06, 3.52580536855e-06, 5.47232275494e-06, 5.21731726622e-06, 3.63710068996e-06, 1.38230245739e-06, 5.64183210372e-07, 1.55356565301e-06, 7.10605434051e-07, 4.0325056716e-07, 5.93317963649e-07, 3.74613762233e-07, 1.95651395529e-07, 6.52575664617e-08, 6.09373671523e-08, 2.93109891913e-08, 3.91375571951e-08, 2.79035141659e-08, 2.1264307648e-08, 1.92196676352e-08, 1.22097425503e-08, 1.70650632514e-10, 4.62807535351e-11],
        "stdev": [0.000259683380136, 0.00291078677401, 0.00168101361487, 0.00112223823089, 0.00972364656627, 0.00985252670944, 0.00251319631934, 0.00282099191099, 0.00152475142386, 0.0023865334224, 0.00075095507782, 0.000546105729882, 0.00103266001679, 0.000292038370389, 0.000377071264666, 0.00102618825622, 0.000336663710186, 0.000304468849208, 0.000418102747062, 0.0001558605436, 0.000252330151852, 0.000344446045347, 0.0002707534004, 0.000154737441335, 2.42270671151e-05, 4.08771620641e-06, 2.18316760225e-08]
    },
    "erbbands": {
        "max": [2.24181985855, 13.1629838943, 54.8053283691, 35.2618408203, 202.807846069, 300.755004883, 1121.64306641, 666.411376953, 596.379455566, 390.71395874, 1262.87841797, 704.108764648, 1127.62756348, 1377.56860352, 503.443908691, 397.098144531, 725.137207031, 231.984725952, 325.57220459, 309.269805908, 1789.55493164, 329.563995361, 206.877700806, 323.836883545, 181.900680542, 135.587997437, 230.909713745, 214.185516357, 207.220458984, 138.80480957, 94.2507629395, 85.2840881348, 51.6336669922, 7.99650335312, 1.53710854053, 0.457992613316, 0.0969144701958, 0.00369259854779, 0.000147995378939, 0.000154635839863],
        "mean": [0.0163263622671, 0.114453598857, 0.591051101685, 1.05411744118, 4.68794870377, 22.3541755676, 59.1391792297, 18.8322677612, 8.64560413361, 16.5102348328, 28.6659965515, 14.6297874451, 8.62437915802, 14.3892784119, 5.65481805801, 7.24945640564, 10.6164827347, 7.11639928818, 6.57177400589, 6.26488733292, 8.69543266296, 4.99170637131, 4.96024799347, 7.17703723907, 4.27282905579, 2.33613014221, 2.51239418983, 2.26203942299, 2.96536755562, 2.35310339928, 1.71561658382, 0.851945638657, 0.364433735609, 0.119768023491, 0.0265060774982, 0.00735483504832, 0.00111088366248, 7.83106370363e-05, 1.15701177492e-05, 1.9352277377e-05],
        "min": [3.99479940825e-05, 0.000454133260064, 0.00285246875137, 0.0336138941348, 0.0412588715553, 0.033300280571, 0.0322113484144, 0.0511894971132, 0.123566918075, 0.123690910637, 0.18100336194, 0.116313546896, 0.162479102612, 0.0951444655657, 0.107372827828, 0.097791492939, 0.0541976839304, 0.0346843115985, 0.0355079770088, 0.037992246449, 0.0186579450965, 0.0126283159479, 0.00660351477563, 0.00401851488277, 0.00202111084945, 0.00142202805728, 0.00151525891852, 0.000946670945268, 0.00096658221446, 0.000769498292357, 0.000502239563502, 0.000469406106276, 0.000290141062578, 0.00016967508418, 5.63965331821e-05, 5.72522549191e-06, 1.80642291525e-06, 2.60426895693e-06, 6.91353591264e-07, 7.18996716387e-07],
        "stdev": [0.111349657178, 0.618664085865, 2.07399439812, 2.23496890068, 13.1876831055, 40.9164085388, 109.38318634, 47.0637207031, 34.2688903809, 33.155456543, 78.0531082153, 31.4589233398, 44.7672348022, 75.7740783691, 19.9889793396, 25.7763366699, 44.6595535278, 21.2703876495, 21.6058692932, 22.7991333008, 56.0868110657, 17.9658641815, 17.4660320282, 26.2601413727, 12.0403957367, 6.88470411301, 8.96575450897, 10.1828813553, 12.9510087967, 9.69768333435, 7.45487260818, 4.53986978531, 1.99382591248, 0.456235140562, 0.102484308183, 0.0289079248905, 0.00639885244891, 0.000251427612966, 1.42379840327e-05, 2.17617980525e-05]
    },
    "gfcc": {
        "mean": [-106.673103333, 135.540390015, -116.531677246, 26.4478645325, -81.1861877441, -6.85752153397, -40.0354194641, -6.95956277847, -15.1568155289, -13.1078538895, -10.507982254, -12.4882278442, -5.028403759],
        "cov": [[5274.09423828, -1849.71911621, -826.556945801, 1105.13867188, -677.036499023, 144.172164917, -447.399505615, -54.9877967834, -334.43572998, 123.36492157, 125.202156067, 185.156478882, 270.938293457], [-1849.71911621, 1384.04382324, 176.400863647, -688.142883301, 583.877685547, -112.756530762, 231.642166138, -38.8934364319, 150.522293091, -98.0262527466, 39.094707489, -106.018875122, -72.9638671875], [-826.556945801, 176.400863647, 529.797241211, -80.0049285889, -10.9174537659, -32.6487350464, -1.48761212826, -45.060962677, 30.1926136017, -12.6289730072, -36.4423713684, 19.3696937561, -55.5419692993], [1105.13867188, -688.142883301, -80.0049285889, 609.461853027, -235.256622314, 21.858921051, -97.5176773071, 42.7253112793, -60.7903671265, 29.9827671051, 12.7163171768, 79.1725845337, 54.8267288208], [-677.036499023, 583.877685547, -10.9174537659, -235.256622314, 502.892822266, 39.6306304932, 115.33266449, 95.3896789551, 69.5126113892, -10.4945106506, 2.54161787033, 13.2987012863, -66.3576965332], [144.172164917, -112.756530762, -32.6487350464, 21.858921051, 39.6306304932, 320.556518555, 67.9193267822, 35.9199180603, 29.082862854, 78.9653549194, -27.9303817749, -35.2638511658, -57.585647583], [-447.399505615, 231.642166138, -1.48761212826, -97.5176773071, 115.33266449, 67.9193267822, 176.012191772, 47.2648773193, 40.992565155, 18.1773891449, 5.12863826752, -41.4792251587, -41.8510322571], [-54.9877967834, -38.8934364319, -45.060962677, 42.7253112793, 95.3896789551, 35.9199180603, 47.2648773193, 217.729370117, 29.020242691, 21.5017738342, -16.9237556458, 29.2964305878, -28.293088913], [-334.43572998, 150.522293091, 30.1926136017, -60.7903671265, 69.5126113892, 29.082862854, 40.992565155, 29.020242691, 117.979873657, 1.5152618885, -25.3221759796, -6.4822473526, -17.466840744], [123.36492157, -98.0262527466, -12.6289730072, 29.9827671051, -10.4945106506, 78.9653549194, 18.1773891449, 21.5017738342, 1.5152618885, 110.81980896, 17.1660747528, 2.59842276573, -4.2132563591], [125.202156067, 39.094707489, -36.4423713684, 12.7163171768, 2.54161787033, -27.9303817749, 5.12863826752, -16.9237556458, -25.3221759796, 17.1660747528, 106.050811768, 12.3278264999, 24.206029892], [185.156478882, -106.018875122, 19.3696937561, 79.1725845337, 13.2987012863, -35.2638511658, -41.4792251587, 29.2964305878, -6.4822473526, 2.59842276573, 12.3278264999, 121.072601318, 30.8101482391], [270.938293457, -72.9638671875, -55.5419692993, 54.8267288208, -66.3576965332, -57.585647583, -41.8510322571, -28.293088913, -17.466840744, -4.2132563591, 24.206029892, 30.8101482391, 116.476036072]],
        "icov": [[0.00075186684262, -8.98877042346e-05, 0.000977457966655, -0.000767425168306, 0.000368741079001, -0.000697501294781, 0.00119793426711, 0.000136331364047, 0.00097939488478, -0.000262418674538, -0.000240695342654, -0.000588881375734, -0.000305958761601], [-8.98877042346e-05, 0.00932368263602, -0.00262328307144, 0.00496738729998, -0.00801523216069, 0.00361419841647, -0.00500456755981, 0.00291393767111, -0.00525320507586, 0.00424241414294, -0.00501160090789, 0.00576793774962, -0.00252784159966], [0.000977457966655, -0.00262328307144, 0.00426330277696, -0.00200442434289, 0.00300181354396, -0.00141375546809, 0.00265702768229, 0.00013834569836, 0.00209302734584, -0.0016919139307, 0.00172113568988, -0.0035355698783, 0.00188920623623], [-0.000767425168306, 0.00496738729998, -0.00200442434289, 0.00596406823024, -0.00327067100443, 0.00196690158918, -0.00318759214133, 0.000456219248008, -0.00314677134156, 0.00248822802678, -0.00262925634161, 0.00201475061476, -0.00116016948596], [0.000368741079001, -0.00801523216069, 0.00300181354396, -0.00327067100443, 0.0104202171788, -0.00363580696285, 0.0035869111307, -0.0034290489275, 0.0040705408901, -0.00292995781638, 0.00351845915429, -0.00698843179271, 0.00330891064368], [-0.000697501294781, 0.00361419841647, -0.00141375546809, 0.00196690158918, -0.00363580696285, 0.00680425204337, -0.00408982485533, 0.0014048157027, -0.00333990319632, -0.00149241799954, -0.000114483336802, 0.00341795291752, 0.00101573579013], [0.00119793426711, -0.00500456755981, 0.00265702768229, -0.00318759214133, 0.0035869111307, -0.00408982485533, 0.013340473175, -0.00291457190178, 0.0027102266904, -0.00297854281962, 0.000373275630409, -0.00106379762292, 0.00145529652946], [0.000136331364047, 0.00291393767111, 0.00013834569836, 0.000456219248008, -0.0034290489275, 0.0014048157027, -0.00291457190178, 0.00737362541258, -0.00221131090075, 0.000118869698781, -0.000130760265165, -0.000236283667618, 0.000606694084127], [0.00097939488478, -0.00525320507586, 0.00209302734584, -0.00314677134156, 0.0040705408901, -0.00333990319632, 0.0027102266904, -0.00221131090075, 0.0146952923387, -0.00273920060135, 0.00479269120842, -0.00402126321569, 0.000187107551028], [-0.000262418674538, 0.00424241414294, -0.0016919139307, 0.00248822802678, -0.00292995781638, -0.00149241799954, -0.00297854281962, 0.000118869698781, -0.00273920060135, 0.0141796674579, -0.00513212569058, 0.00205986015499, -0.00153464404866], [-0.000240695342654, -0.00501160090789, 0.00172113568988, -0.00262925634161, 0.00351845915429, -0.000114483336802, 0.000373275630409, -0.000130760265165, 0.00479269120842, -0.00513212569058, 0.0147406086326, -0.00398426409811, 5.26937656105e-05], [-0.000588881375734, 0.00576793774962, -0.0035355698783, 0.00201475061476, -0.00698843179271, 0.00341795291752, -0.00106379762292, -0.000236283667618, -0.00402126321569, 0.00205986015499, -0.00398426409811, 0.0161706581712, -0.00436044856906], [-0.000305958761601, -0.00252784159966, 0.00188920623623, -0.00116016948596, 0.00330891064368, 0.00101573579013, 0.00145529652946, 0.000606694084127, 0.000187107551028, -0.00153464404866, 5.26937656105e-05, -0.00436044856906, 0.0133332209662]]
    },
    "melbands": {
        "max": [0.0164800621569, 0.0241548791528, 0.00788019318134, 0.0192236453295, 0.0297221578658, 0.0153669305146, 0.0103854918852, 0.0040125711821, 0.0124934036285, 0.00503483274952, 0.0062902988866, 0.00655353209004, 0.00193495606072, 0.00111049262341, 0.000617517915089, 0.00235486612655, 0.00041901768418, 0.00048258760944, 0.000285796966637, 0.00104124459904, 0.0023541119881, 0.0003507284855, 0.000189512400539, 0.000190129736438, 0.000296757934848, 0.000262384215603, 7.8097153164e-05, 9.51606052695e-05, 0.000137575945701, 0.000177189911483, 0.000116770766908, 0.000126715982333, 9.63754500845e-05, 7.16069262126e-05, 5.43624773854e-05, 6.10174065514e-05, 4.75018241559e-05, 4.52214444522e-05, 1.46896372826e-05, 3.80389883503e-06],
        "mean": [0.00014037413348, 0.00024640141055, 0.000256768253166, 0.000924816413317, 0.00188902509399, 0.000493572733831, 0.000135237918585, 0.000187580197235, 0.000224512332352, 7.62815107009e-05, 4.21388103859e-05, 6.13944866927e-05, 1.8403168724e-05, 1.91675044334e-05, 1.33120547616e-05, 3.03679116769e-05, 9.7916181403e-06, 9.9288254205e-06, 7.05748016117e-06, 1.28194087665e-05, 9.26938992052e-06, 5.08848779646e-06, 5.03973797095e-06, 3.76274192604e-06, 6.30656222711e-06, 3.84060240322e-06, 2.06115601031e-06, 1.39192025017e-06, 1.66141103364e-06, 1.21763446259e-06, 1.37497602282e-06, 1.74317392521e-06, 1.46642139498e-06, 1.24652081013e-06, 1.04119931166e-06, 7.53791766783e-07, 4.37123674146e-07, 2.71162008403e-07, 1.70553605017e-07, 7.70466712652e-08],
        "min": [1.92713116576e-07, 3.09342340188e-06, 3.73994294023e-06, 3.0766573218e-06, 1.61537661825e-06, 7.23647872292e-07, 1.10895393846e-06, 1.36434778142e-06, 1.15103989629e-06, 6.24115386927e-07, 2.8843498967e-07, 2.77973214224e-07, 2.51471988122e-07, 1.69653802118e-07, 1.99991433192e-07, 7.04001479335e-08, 4.88464699799e-08, 3.62332599479e-08, 3.93499810514e-08, 3.0236293469e-08, 1.72800458387e-08, 1.17325535953e-08, 5.60277113593e-09, 3.07461656135e-09, 2.76644041008e-09, 1.90708537851e-09, 6.92479240616e-10, 7.50561002238e-10, 8.03611510669e-10, 7.39108885206e-10, 4.23528240256e-10, 5.35004707203e-10, 4.66448712988e-10, 2.60183791179e-10, 2.82221912506e-10, 2.3561100293e-10, 2.21383689158e-10, 1.60865529231e-10, 1.47814732676e-10, 1.04623538999e-10],
        "stdev": [0.000849443837069, 0.000936662254389, 0.000574147852603, 0.00194947421551, 0.00312539865263, 0.00119262759108, 0.000532822159585, 0.000361784943379, 0.000646919128485, 0.000187356563401, 0.00024337368086, 0.00032996275695, 7.52534688218e-05, 6.73447357258e-05, 4.78815745737e-05, 0.000133945999551, 2.93563771265e-05, 3.37722121913e-05, 2.36279611272e-05, 6.04214219493e-05, 6.98405929143e-05, 1.88305930351e-05, 1.94987660507e-05, 1.30302505568e-05, 2.4697608751e-05, 1.32220548039e-05, 6.63802939016e-06, 4.46381454822e-06, 5.71915916225e-06, 6.05171135248e-06, 5.97515781919e-06, 7.46028581489e-06, 6.89495982442e-06, 5.0100052249e-06, 4.25230155088e-06, 4.10391248806e-06, 2.35384845837e-06, 1.62186290709e-06, 7.79382617111e-07, 2.65831118895e-07]
    },
    "melbands128": {
        "max": [0.00470532523468, 0.0199744552374, 0.0226325727999, 0.0272888317704, 0.0342549309134, 0.0155062926933, 0.00550871156156, 0.0133881680667, 0.021720925346, 0.0350592881441, 0.0224095974118, 0.0361930280924, 0.0549020171165, 0.0545049756765, 0.025910038501, 0.00424423022196, 0.00599460769445, 0.0180226135999, 0.0153733426705, 0.00677331630141, 0.0071409214288, 0.00816754531115, 0.0222514979541, 0.0136203514412, 0.00437481235713, 0.00678686797619, 0.0058695957996, 0.00586445303634, 0.0119017055258, 0.011250982061, 0.00869845412672, 0.00299702305347, 0.000970939872786, 0.00191278068814, 0.00115931569599, 0.00255416240543, 0.00133521563839, 0.000904708285816, 0.000984846265055, 0.0022240660619, 0.00420781876892, 0.00132305547595, 0.000865694019012, 0.000303984328639, 0.000690443208441, 0.000577919243369, 0.00109470600728, 0.000491195183713, 0.00024325416598, 0.000803424511105, 0.00221167877316, 0.00138857460115, 0.00453640334308, 0.00156886735931, 0.00113421108108, 0.000436569476733, 0.00042998068966, 0.000385110994102, 0.000406051200116, 0.000365208717994, 0.000283771863906, 0.00038089780719, 0.000644878484309, 0.000450316554634, 0.000736319518182, 0.000389893451938, 0.00024947753991, 0.000189033758943, 7.55788423703e-05, 0.000139734576805, 9.14252595976e-05, 7.1558606578e-05, 0.000112649773655, 0.000272674195003, 9.53633934841e-05, 0.000109117383545, 0.000302891334286, 0.000143480778206, 0.000103232800029, 0.00011632618407, 0.000162098876899, 0.000152819324285, 0.000133199398988, 0.00011021483806, 0.000106074941868, 8.5873536591e-05, 9.3216978712e-05, 6.70231383992e-05, 6.13959055045e-05, 5.92408832745e-05, 7.39062088542e-05, 6.86872153892e-05, 6.18839476374e-05, 4.86838071083e-05, 3.229991853e-05, 7.36200236133e-05, 4.57123896922e-05, 2.10134057852e-05, 2.0106564989e-05, 1.33467174237e-05, 4.94042478749e-06, 3.48591402144e-06, 4.03932972404e-06, 4.44826127932e-06, 1.59319131399e-06, 2.18682794184e-06, 1.5644980067e-06, 9.16659189443e-07, 1.06412812784e-06, 8.93691606052e-07, 5.92931144183e-07, 4.84534325551e-07, 4.62880905161e-07, 1.82613192123e-07, 5.84641774992e-08, 2.80775100947e-08, 1.34581057409e-08, 1.05501518632e-09, 2.26801444292e-09, 9.10916619912e-10, 3.36291744452e-10, 3.27487814644e-10, 3.27556898272e-10, 3.26201204937e-10, 3.20912851848e-10, 3.19409915184e-10, 3.13577469546e-10, 3.11823983301e-10],
        "mean": [2.79086998489e-05, 0.000133514869958, 0.000177462250576, 0.000173909866135, 0.00029088644078, 0.000267315772362, 0.000186170829693, 0.000218414716073, 0.000351632974343, 0.000915829150472, 0.00118694931734, 0.00186569837388, 0.00255005666986, 0.00136796757579, 0.00035499985097, 6.3341409259e-05, 7.23687116988e-05, 0.000172215746716, 0.000162734577316, 0.000211289385334, 0.000144330479088, 0.000274834193988, 0.000274309160886, 0.000124664671603, 0.000107433072117, 4.17482842749e-05, 3.30400580424e-05, 3.41980703524e-05, 5.33250640729e-05, 8.37623956613e-05, 6.32070659776e-05, 2.16817334149e-05, 1.38360328492e-05, 1.84694745258e-05, 1.12907991934e-05, 2.5518836992e-05, 2.24902760237e-05, 8.5118390416e-06, 8.13136375655e-06, 2.81966949842e-05, 4.44087781943e-05, 1.63389868248e-05, 1.07773903437e-05, 4.91152241011e-06, 5.96989684709e-06, 1.22659157569e-05, 1.36592807394e-05, 6.89735588821e-06, 3.51505696017e-06, 6.21662866251e-06, 1.90198734344e-05, 1.38327850436e-05, 9.09879054234e-06, 8.07501874078e-06, 6.71271982355e-06, 4.45936166216e-06, 3.6718499814e-06, 5.41366262041e-06, 5.82757866141e-06, 4.31014632341e-06, 3.00786814478e-06, 3.04830064124e-06, 7.21525429981e-06, 7.3835508374e-06, 4.69320320917e-06, 4.34212915934e-06, 2.57972669715e-06, 2.5882193313e-06, 1.97149097403e-06, 1.4325853499e-06, 1.29405691496e-06, 1.34425283704e-06, 1.6469913362e-06, 1.80215693035e-06, 1.65415747233e-06, 1.11465089958e-06, 1.12338511826e-06, 1.10433632017e-06, 1.40548354466e-06, 1.58701891451e-06, 1.82670544291e-06, 1.75161471816e-06, 1.73477985754e-06, 1.31828801386e-06, 1.3978875586e-06, 1.32129025587e-06, 1.18073364774e-06, 1.13182409223e-06, 1.08048459424e-06, 9.24468963603e-07, 9.05153399344e-07, 7.04550984665e-07, 5.01052625168e-07, 4.41754508529e-07, 3.9366426563e-07, 3.20565163747e-07, 2.31959205621e-07, 2.17281680648e-07, 2.0171356141e-07, 1.31429175099e-07, 9.04450132566e-08, 7.90463801081e-08, 4.1853613908e-08, 3.36017365044e-08, 2.51485250402e-08, 2.14860982339e-08, 1.7351810655e-08, 1.53317376572e-08, 1.17563052626e-08, 9.9801384934e-09, 6.79368117318e-09, 4.32555635754e-09, 2.64977750852e-09, 1.02134922741e-09, 2.60819116304e-10, 4.92020424403e-10, 7.00736191295e-10, 2.60706369687e-11, 3.4489924805e-11, 1.41802221007e-11, 2.99684040604e-12, 2.60375011482e-12, 2.58993954755e-12, 2.46048363975e-12, 2.36733722903e-12, 2.23535578069e-12, 2.15763496479e-12, 2.13778148829e-12],
        "min": [6.54370224673e-10, 9.58229762205e-09, 4.96179559661e-08, 1.75680810344e-07, 3.34526987444e-07, 1.83279425414e-07, 3.078832151e-06, 7.48655395455e-07, 1.31269371195e-06, 1.0759408724e-06, 5.04500462739e-07, 2.6054399882e-07, 3.67638904208e-07, 2.81314243011e-07, 3.19051991937e-07, 4.45148238271e-08, 6.55613519029e-08, 3.16118104138e-07, 3.35307930754e-07, 4.52232939097e-07, 4.05183982366e-07, 4.821138333e-08, 2.01203079087e-07, 3.91197261251e-07, 1.36157979114e-07, 1.99039718041e-08, 3.92655898906e-08, 9.35179897965e-08, 1.21481193105e-07, 5.70880089867e-08, 1.57379442811e-08, 5.65903803817e-08, 7.50827240381e-08, 4.47946959525e-08, 1.06116338827e-07, 7.73016139988e-08, 7.54548352688e-08, 4.55137332267e-08, 2.96783451148e-08, 2.37933495129e-08, 2.4422304179e-08, 2.16233697614e-08, 1.31007489301e-08, 1.11490603416e-08, 9.89708315302e-09, 1.57387063382e-08, 9.96752991256e-09, 1.46970391413e-08, 2.05941326215e-08, 1.09163327267e-08, 1.62250444191e-08, 1.90585698334e-08, 4.32645741455e-09, 2.40493824855e-09, 1.31802080361e-08, 6.00297944686e-09, 2.33461694421e-09, 2.56134180532e-09, 2.06259609392e-09, 1.92061300197e-09, 1.13274145619e-09, 9.10895692208e-10, 1.54636925487e-09, 1.55910673261e-09, 1.08967612711e-09, 9.32236510209e-10, 9.11759945321e-10, 4.85103068826e-10, 1.10800341124e-10, 4.29554197767e-10, 5.66286961767e-10, 5.6149845884e-10, 3.58170409998e-10, 4.38798136715e-10, 5.30832822143e-10, 2.86493051505e-10, 5.41039102409e-10, 3.55533380514e-10, 3.27090632357e-10, 3.18617660033e-10, 2.34041341862e-10, 2.98507385477e-10, 3.24600957224e-10, 2.79180345508e-10, 2.75282463491e-10, 1.80230247393e-10, 1.56809856766e-10, 1.19258478093e-10, 1.35180033833e-10, 1.25500929093e-10, 1.19309978563e-10, 1.22962848237e-10, 1.47905604431e-10, 1.22344939735e-10, 1.44875306196e-10, 1.58279622048e-11, 9.51002748772e-11, 5.35428264226e-11, 8.48074804827e-11, 7.73875477589e-11, 5.0754941916e-11, 6.41136796431e-11, 4.95057779493e-11, 5.21864322589e-11, 3.64154843432e-12, 1.29818248165e-11, 7.31569058804e-12, 1.96507328638e-12, 1.94579324441e-13, 1.61934769522e-13, 1.08086079692e-13, 1.17620445176e-13, 1.35360296648e-13, 9.43956555716e-14, 1.26485546212e-13, 3.83855572111e-13, 2.32687160555e-13, 2.3922953462e-13, 1.09400871337e-13, 1.14315607219e-13, 1.20593883187e-13, 1.21204885321e-13, 1.27583856565e-13, 1.1097319488e-13, 8.85824413496e-14, 3.79791040468e-14, 4.58339988616e-15, 1.3519692718e-16],
        "stdev": [0.000245678325882, 0.00103489321191, 0.00104527117219, 0.00110672356095, 0.00125780992676, 0.000681443954818, 0.000375724717742, 0.000697384472005, 0.00119337567594, 0.00306026614271, 0.00275262375362, 0.00343631627038, 0.00523650180548, 0.0035739033483, 0.00134988129139, 0.00020704587223, 0.000343910622178, 0.000942233018577, 0.000561821332667, 0.000532795849722, 0.000414637266658, 0.000738486181945, 0.00109579926357, 0.000469996331958, 0.000210875485209, 0.000218991248403, 0.000182802774361, 0.000244889262831, 0.000454280438134, 0.000501970178448, 0.000414138601627, 0.000123611258459, 4.5750355639e-05, 8.20869026938e-05, 5.23629969393e-05, 0.00011739499314, 9.37693694141e-05, 4.43843928224e-05, 4.65522680315e-05, 0.000139835407026, 0.000222976537771, 6.44408064545e-05, 4.26647820859e-05, 2.07219218282e-05, 3.31361370627e-05, 4.86312710564e-05, 5.85394336667e-05, 3.32256022375e-05, 1.27371886265e-05, 3.3206299122e-05, 0.000107100466266, 7.3643081123e-05, 0.000126878192532, 5.3005576774e-05, 3.71616733901e-05, 2.04739699257e-05, 2.18041750486e-05, 3.06227957481e-05, 2.78384650301e-05, 2.09199188248e-05, 1.4460399143e-05, 1.50978949023e-05, 4.04806123697e-05, 3.29845679516e-05, 2.66630959231e-05, 1.87321729754e-05, 1.00788874988e-05, 1.30422204165e-05, 6.40402004137e-06, 6.64111894366e-06, 4.96690790897e-06, 4.26381893703e-06, 5.99753502684e-06, 9.07401044969e-06, 5.6551302805e-06, 4.25249754699e-06, 9.33200499276e-06, 6.59788429402e-06, 5.95559322392e-06, 7.02349234416e-06, 7.60771717978e-06, 8.60075397213e-06, 9.03713953448e-06, 6.91139348419e-06, 6.22731113253e-06, 5.49607693756e-06, 5.45290595255e-06, 4.39559380538e-06, 4.29316696682e-06, 4.4415182856e-06, 5.32704598299e-06, 3.97761959903e-06, 3.11513713314e-06, 2.5075898975e-06, 1.88485614672e-06, 2.42535179495e-06, 1.54645226758e-06, 1.0328242297e-06, 1.01685452591e-06, 5.81392441745e-07, 3.21251093283e-07, 2.85156687596e-07, 1.8898022347e-07, 1.74715466983e-07, 1.04319937577e-07, 1.00359699218e-07, 7.12366912126e-08, 5.58818200602e-08, 5.17631129071e-08, 5.77997170126e-08, 3.65405909974e-08, 2.85166201763e-08, 2.32433805536e-08, 9.53157552885e-09, 2.10077222285e-09, 1.28603838689e-09, 7.58963170089e-10, 6.44602357602e-11, 1.39976419344e-10, 5.82017871398e-11, 1.07370622809e-11, 9.7271930094e-12, 9.82490130919e-12, 9.62000964999e-12, 9.4698771394e-12, 9.41426017004e-12, 9.25974748267e-12, 9.20831293161e-12]
    },
    "mfcc": {
        "mean": [-745.821777344, 155.861465454, 13.9689378738, 22.7967815399, -13.2012414932, -4.97111320496, -17.3941688538, -3.50722837448, -8.95622444153, -1.50595116615, -5.60518598557, -6.22587156296, -4.15059757233],
        "cov": [[6419.42285156, -2798.00439453, -222.511322021, 495.007446289, -174.466827393, 41.0899925232, -55.3922195435, -143.422103882, -340.397338867, -118.574211121, -174.429519653, -276.274139404, -38.3204612732], [-2798.00439453, 2201.23071289, -322.592132568, -366.756195068, 227.005783081, -19.7557144165, 111.921386719, 62.1699371338, 110.711715698, 66.8260574341, 95.5109024048, 89.9805831909, 6.474360466], [-222.511322021, -322.592132568, 561.170471191, 40.1415863037, -108.572776794, 38.1232299805, -93.2790679932, -50.4432601929, -44.2573280334, -31.0367774963, -17.0704956055, -20.4592819214, -28.5752296448], [495.007446289, -366.756195068, 40.1415863037, 360.048248291, 8.02944374084, -99.3489303589, -34.4568061829, 20.475271225, -26.4542236328, -99.871673584, -20.4793663025, -9.08701896667, -0.442702978849], [-174.466827393, 227.005783081, -108.572776794, 8.02944374084, 220.850158691, 11.274523735, 24.6820278168, 68.2920455933, 50.6057929993, -20.5668926239, 18.7226009369, 72.1793899536, 16.9269580841], [41.0899925232, -19.7557144165, 38.1232299805, -99.3489303589, 11.274523735, 226.893310547, 30.7083797455, -3.19354176521, 9.36168956757, 60.1610603333, 5.69835567474, 30.6141738892, 4.76331281662], [-55.3922195435, 111.921386719, -93.2790679932, -34.4568061829, 24.6820278168, 30.7083797455, 172.871658325, 16.3203601837, 14.3735494614, 56.3336791992, 35.2799301147, 23.6897621155, 20.0560932159], [-143.422103882, 62.1699371338, -50.4432601929, 20.475271225, 68.2920455933, -3.19354176521, 16.3203601837, 149.968688965, 61.6599273682, 0.0481608845294, 29.8733406067, 54.6404457092, 13.6199808121], [-340.397338867, 110.711715698, -44.2573280334, -26.4542236328, 50.6057929993, 9.36168956757, 14.3735494614, 61.6599273682, 169.33744812, 33.3191947937, 13.1656665802, 81.3964080811, 20.5455532074], [-118.574211121, 66.8260574341, -31.0367774963, -99.871673584, -20.5668926239, 60.1610603333, 56.3336791992, 0.0481608845294, 33.3191947937, 165.313674927, 17.6469841003, -1.92718696594, 10.5545797348], [-174.429519653, 95.5109024048, -17.0704956055, -20.4793663025, 18.7226009369, 5.69835567474, 35.2799301147, 29.8733406067, 13.1656665802, 17.6469841003, 118.601875305, 31.7661991119, 18.999546051], [-276.274139404, 89.9805831909, -20.4592819214, -9.08701896667, 72.1793899536, 30.6141738892, 23.6897621155, 54.6404457092, 81.3964080811, -1.92718696594, 31.7661991119, 134.796066284, 32.5104866028], [-38.3204612732, 6.474360466, -28.5752296448, -0.442702978849, 16.9269580841, 4.76331281662, 20.0560932159, 13.6199808121, 20.5455532074, 10.5545797348, 18.999546051, 32.5104866028, 80.936882019]],
        "icov": [[0.00063582736766, 0.00089028570801, 0.000807023025118, -3.75992640329e-05, -0.000393457710743, -0.000320495513733, -8.30293938634e-05, 0.000183787895367, 0.000613900658209, 0.000184465199709, 9.6440591733e-05, 0.000625008018687, 0.000151755128172], [0.00089028570801, 0.00195820792578, 0.00130185857415, 0.000764919270296, -0.00118954130448, -1.31574042825e-05, -0.000296508631436, 0.000348448404111, 0.000713373185135, 0.000366729567759, -0.000189710772247, 0.000821211433504, 0.000478837348055], [0.000807023025118, 0.00130185857415, 0.00337796169333, -0.000203672156204, 0.000460577692138, -0.00101664592512, 0.000970244349446, 0.000560715678148, 0.00104049849324, 0.00042273523286, -0.00019625297864, 0.000105716695543, 0.000782526272815], [-3.75992640329e-05, 0.000764919270296, -0.000203672156204, 0.00465424917638, -0.000778856687248, 0.00174713856541, -0.000445644109277, -0.00071370479418, 0.000185287775821, 0.00180882727727, 0.000192856081412, -1.00766974356e-05, -0.000158982045832], [-0.000393457710743, -0.00118954130448, 0.000460577692138, -0.000778856687248, 0.00739701790735, -0.000716039037798, 3.08540984406e-05, -0.00188081583474, -0.000329340604367, 0.000990513712168, 0.000316645338899, -0.00287522259168, -9.37679287745e-05], [-0.000320495513733, -1.31574042825e-05, -0.00101664592512, 0.00174713856541, -0.000716039037798, 0.00622766185552, -0.000613253505435, 9.73481364781e-05, 0.000577872910071, -0.00170834886376, 0.000395990209654, -0.00218100869097, 0.000277946004644], [-8.30293938634e-05, -0.000296508631436, 0.000970244349446, -0.000445644109277, 3.08540984406e-05, -0.000613253505435, 0.00772757688537, -1.39986941576e-05, 0.000774344429374, -0.00240755663253, -0.00141953898128, -0.00109064381104, -0.000669663422741], [0.000183787895367, 0.000348448404111, 0.000560715678148, -0.00071370479418, -0.00188081583474, 9.73481364781e-05, -1.39986941576e-05, 0.00938849337399, -0.00206793891266, -4.86730750708e-05, -0.00165784894489, -0.00110147497617, 0.000427301740274], [0.000613900658209, 0.000713373185135, 0.00104049849324, 0.000185287775821, -0.000329340604367, 0.000577872910071, 0.000774344429374, -0.00206793891266, 0.0104849860072, -0.00237864186056, 0.00133521517273, -0.00501462165266, 0.00014236975403], [0.000184465199709, 0.000366729567759, 0.00042273523286, 0.00180882727727, 0.000990513712168, -0.00170834886376, -0.00240755663253, -4.86730750708e-05, -0.00237864186056, 0.00940200313926, -0.000688724045176, 0.00253725121729, -0.000764427823015], [9.6440591733e-05, -0.000189710772247, -0.00019625297864, 0.000192856081412, 0.000316645338899, 0.000395990209654, -0.00141953898128, -0.00165784894489, 0.00133521517273, -0.000688724045176, 0.0101855630055, -0.00192546099424, -0.0013329081703], [0.000625008018687, 0.000821211433504, 0.000105716695543, -1.00766974356e-05, -0.00287522259168, -0.00218100869097, -0.00109064381104, -0.00110147497617, -0.00501462165266, 0.00253725121729, -0.00192546099424, 0.0151379136369, -0.00323369982652], [0.000151755128172, 0.000478837348055, 0.000782526272815, -0.000158982045832, -9.37679287745e-05, 0.000277946004644, -0.000669663422741, 0.000427301740274, 0.00014236975403, -0.000764427823015, -0.0013329081703, -0.00323369982652, 0.0144368903711]]
    },
    "spectral_contrast_coeffs": {
        "max": [-0.31553414464, -0.407161176205, -0.492519289255, -0.57985162735, -0.608318209648, -0.545121908188],
        "mean": [-0.616891682148, -0.727277398109, -0.783200085163, -0.812567591667, -0.796418249607, -0.764316558838],
        "min": [-0.884157896042, -0.880614757538, -0.901913225651, -0.896524131298, -0.904708147049, -0.873364806175],
        "stdev": [0.115779682994, 0.0694855973125, 0.058188278228, 0.0540733970702, 0.0493098422885, 0.0476855635643]
    },
    "spectral_contrast_valleys": {
        "max": [-5.02903842926, -5.29950857162, -5.57685709, -5.66127204895, -6.2694644928, -8.15901184082],
        "mean": [-7.46102619171, -7.11773681641, -8.22401618958, -8.74327659607, -8.89930057526, -11.6539888382],
        "min": [-9.31451416016, -8.38036823273, -9.37238311768, -9.98686218262, -11.0907363892, -13.6412010193],
        "stdev": [0.581003725529, 0.482046484947, 0.537594497204, 0.678055286407, 0.968775570393, 1.07571971416]
    }
},
"rhythm": {
    "beats_count": 47,
    "beats_loudness": {
        "max": 0.102787576616,
        "mean": 0.0361248627305,
        "min": 0.00106021075044,
        "stdev": 0.0294209346175
    },
    "bpm": 85.1571578979,
    "bpm_histogram_first_peak_bpm": 85,
    "bpm_histogram_first_peak_weight": 0.275000035763,
    "bpm_histogram_second_peak_bpm": 103,
    "bpm_histogram_second_peak_spread": 0.166666686535,
    "bpm_histogram_second_peak_weight": 0.108695648611,
    "danceability": 1.10371422768,
    "onset_rate": 3.44531226158,
    "beats_loudness_band_ratio": {
        "max": [0.751874387264, 0.92633920908, 0.705409705639, 0.704426467419, 0.249894320965, 0.121488578618],
        "mean": [0.134696245193, 0.521163523197, 0.234162986279, 0.0777089223266, 0.0380360893905, 0.0221062749624],
        "min": [0.00318323005922, 0.0304353442043, 0.0102465962991, 0.00155852094758, 0.000603553198744, 0.000251012272201],
        "stdev": [0.183965086937, 0.265396475792, 0.162207975984, 0.142325535417, 0.0530940666795, 0.0278784781694]
    },
    "beats_position": [0.568888902664, 1.14938771725, 1.72988653183, 2.31038546562, 2.89088439941, 3.47138309479, 4.04027223587, 4.72526073456, 5.41024923325, 6.10684776306, 6.82666635513, 7.53487491608, 8.25469398499, 8.96290206909, 9.65950107574, 10.3560991287, 11.0643081665, 11.7725172043, 12.4807252884, 13.177324295, 13.8855323792, 14.5937414169, 15.301949501, 15.9985485077, 16.7067565918, 17.4149665833, 18.1347846985, 18.8546028137, 19.5395908356, 20.247800827, 20.9676189423, 21.6874370575, 22.3956451416, 23.0922451019, 23.7772331238, 24.4738311768, 25.1704311371, 25.8670291901, 26.5752372742, 27.2718353271, 27.9800453186, 28.6882534027, 29.3964614868, 30.1046714783, 30.8128795624, 31.5094776154, 32.2292976379],
