{
"metadata": {
    "version": {
        "essentia": "2.1-beta5",
        "essentia_git_sha": "Undefined",
        "extractor": "music 2.0"
    },
    "audio_properties": {
        "analysis": {
            "equal_loudness": 0,
            "length": 29.0017242432,
            "sample_rate": 44100,
            "start_time": 0,
            "downmix": "mix"
        },
        "bit_rate": 192000,
        "length": 215.039993286,
        "lossless": 0,
        "number_channels": 2,
        "replay_gain": 2.29814338684,
        "sample_rate": 48000,
        "codec": "mp3",
        "md5_encoded": "37ad34153cc50607e3def6c1b6804170"
    },
    "tags": {
        "file_name": "Belgium_La Voix Est Libre_Frédéric Etherlinck.mp3",
        "encoding": ["Lavf58.29.100"]
    }
},
"lowlevel": {
    "average_loudness": 0.017030633986,
    "barkbands_crest": {
        "max": 23.2660751343,
        "mean": 7.20215368271,
        "min": 2.50343751907,
        "stdev": 2.66566872597
    },
    "barkbands_flatness_db": {
        "max": 0.307083070278,
        "mean": 0.102026507258,
        "min": 0.0398517474532,
        "stdev": 0.0413874015212
    },
    "barkbands_kurtosis": {
        "max": 18.5657672882,
        "mean": 2.27557063103,
        "min": -1.86953485012,
        "stdev": 2.11788225174
    },
    "barkbands_skewness": {
        "max": 3.40296387672,
        "mean": -0.32009357214,
        "min": -2.67180275917,
        "stdev": 1.47458183765
    },
    "barkbands_spread": {
        "max": 86.2780303955,
        "mean": 22.6083774567,
        "min": 2.01757264137,
        "stdev": 9.80341434479
    },
    "dissonance": {
        "max": 0.499999940395,
        "mean": 0.483419328928,
        "min": 0.297844827175,
        "stdev": 0.0222976822406
    },
    "dynamic_complexity": 20.9981975555,
    "erbbands_crest": {
        "max": 27.9349136353,
        "mean": 6.09219551086,
        "min": 2.6529443264,
        "stdev": 3.78146004677
    },
    "erbbands_flatness_db": {
        "max": 0.375420540571,
        "mean": 0.150564834476,
        "min": 0.0824590176344,
        "stdev": 0.0654387921095
    },
    "erbbands_kurtosis": {
        "max": 13.4293670654,
        "mean": 0.430950820446,
        "min": -1.62015712261,
        "stdev": 1.31147897243
    },
    "erbbands_skewness": {
        "max": 3.05591917038,
        "mean": -0.110291443765,
        "min": -3.14504694939,
        "stdev": 0.683596611023
    },
    "erbbands_spread": {
        "max": 100.906532288,
        "mean": 31.8839569092,
        "min": 4.30172634125,
        "stdev": 12.0263748169
    },
    "hfc": {
        "max": 204.171127319,
        "mean": 7.98073911667,
        "min": 1.02167704582e-16,
        "stdev": 24.6386985779
    },
    "loudness_ebu128": {
        "integrated": -25.6164112091,
        "loudness_range": 13.8026714325,
        "momentary": {
            "max": -21.6006813049,
            "mean": -144.351806641,
            "min": -300.691009521,
            "stdev": 125.72114563
        },
        "short_term": {
            "max": -23.908000946,
            "mean": -125.75025177,
            "min": -300.691009521,
            "stdev": 122.972976685
        }
    },
    "melbands_crest": {
        "max": 28.7653865814,
        "mean": 7.03299665451,
        "min": 1.51363015175,
        "stdev": 5.42236089706
    },
    "melbands_flatness_db": {
        "max": 0.323256522417,
        "mean": 0.089100651443,
        "min": 0.00287854438648,
        "stdev": 0.0782356485724
    },
    "melbands_kurtosis": {
        "max": 29.5708694458,
        "mean": 2.23747587204,
        "min": -1.54254901409,
        "stdev": 4.86100482941
    },
    "melbands_skewness": {
        "max": 5.0051984787,
        "mean": 0.834635078907,
        "min": -1.15613389015,
        "stdev": 1.12855565548
    },
    "melbands_spread": {
        "max": 165.912918091,
        "mean": 71.9696807861,
        "min": 3.12670683861,
        "stdev": 53.9102478027
    },
    "pitch_salience": {
        "max": 0.890901863575,
        "mean": 0.737940728664,
        "min": 0.268847316504,
        "stdev": 0.0910284742713
    },
    "silence_rate_20dB": {
        "max": 1,
        "mean": 1,
        "min": 1,
        "stdev": 0
    },
    "silence_rate_30dB": {
        "max": 1,
        "mean": 0.988799989223,
        "min": 0,
        "stdev": 0.105236701667
    },
    "silence_rate_60dB": {
        "max": 1,
        "mean": 0.787999987602,
        "min": 0,
        "stdev": 0.408721476793
    },
    "spectral_centroid": {
        "max": 11924.7607422,
        "mean": 5539.63232422,
        "min": 136.211410522,
        "stdev": 4651.13671875
    },
    "spectral_complexity": {
        "max": 58,
        "mean": 5.72639989853,
        "min": 0,
        "stdev": 10.9727859497
    },
    "spectral_decrease": {
        "max": 6.70885999034e-20,
        "mean": -1.56102231141e-09,
        "min": -6.84123548922e-08,
        "stdev": 5.47231238102e-09
    },
    "spectral_energy": {
        "max": 0.276416450739,
        "mean": 0.00661552138627,
        "min": 9.55850333981e-21,
        "stdev": 0.0226712673903
    },
    "spectral_energyband_high": {
        "max": 0.0227221809328,
        "mean": 0.000290945055895,
        "min": 6.6404645937e-21,
        "stdev": 0.00148076529149
    },
    "spectral_energyband_low": {
        "max": 0.00384786096402,
        "mean": 3.39452599292e-05,
        "min": 8.97388444257e-24,
        "stdev": 0.000191891740542
    },
    "spectral_energyband_middle_high": {
        "max": 0.101573467255,
        "mean": 0.00264197681099,
        "min": 1.11856144567e-21,
        "stdev": 0.00836814846843
    },
    "spectral_energyband_middle_low": {
        "max": 0.258746564388,
        "mean": 0.00373961566947,
        "min": 1.35278222539e-22,
        "stdev": 0.0161883383989
    },
    "spectral_entropy": {
        "max": 9.82957649231,
        "mean": 8.61110973358,
        "min": 6.44059705734,
        "stdev": 1.02481234074
    },
    "spectral_flux": {
        "max": 0.516685783863,
        "mean": 0.0287685915828,
        "min": 6.26359450417e-11,
        "stdev": 0.0613998658955
    },
    "spectral_kurtosis": {
        "max": 20.2344303131,
        "mean": 2.17883849144,
        "min": -1.28447747231,
        "stdev": 3.50629711151
    },
    "spectral_rms": {
        "max": 0.016421770677,
        "mean": 0.00109836296178,
        "min": 3.05374670863e-12,
        "stdev": 0.00229080254212
    },
    "spectral_rolloff": {
        "max": 20241.2109375,
        "mean": 9012.84667969,
        "min": 322.998046875,
        "stdev": 8328.203125
    },
    "spectral_skewness": {
        "max": 3.19906616211,
        "mean": 0.911665737629,
        "min": -0.128928273916,
        "stdev": 0.841828227043
    },
    "spectral_spread": {
        "max": 43450376,
        "mean": 19112044,
        "min": 1897876.625,
        "stdev": 18001092
    },
    "spectral_strongpeak": {
        "max": 12.483247757,
        "mean": 0.402861624956,
        "min": 0,
        "stdev": 1.07105970383
    },
    "zerocrossingrate": {
        "max": 0.80419921875,
        "mean": 0.254455089569,
        "min": 0.02490234375,
        "stdev": 0.213107556105
    },
    "barkbands": {
        "max": [0.000188185978914, 0.00117543106899, 0.00217094435357, 0.00186319323257, 0.0297728423029, 0.0404791906476, 0.121642261744, 0.056811157614, 0.238190308213, 0.0292786192149, 0.0573668070138, 0.0290756020695, 0.0385809578001, 0.0293110888451, 0.0160773750395, 0.0230174809694, 0.0125823533162, 0.00614261161536, 0.0112597784027, 0.0141645483673, 0.00482919579372, 0.00395160960034, 0.00859835371375, 0.00582065759227, 0.000326655484969, 6.40788084638e-06, 4.69505820888e-08],
        "mean": [2.4617188501e-06, 1.14616959763e-05, 1.30635753521e-05, 1.69514660229e-05, 0.000290084601147, 0.000267115596216, 0.0011923025595, 0.000719333242159, 0.00106884830166, 0.00036154926056, 0.000439932191512, 0.00024944494362, 0.000339747610269, 0.000401084747864, 0.000275919999694, 0.000218349101488, 0.000147978818859, 8.16091851448e-05, 0.000151233616634, 0.000165401521372, 8.43472589622e-05, 3.31306691805e-05, 4.44267498096e-05, 3.65812520613e-05, 3.02360263049e-06, 1.48024597024e-07, 6.33593788546e-10],
        "min": [1.93958204517e-25, 1.59885016789e-24, 6.16114467866e-25, 3.67987489941e-25, 3.69907054764e-24, 3.44607102242e-24, 3.309336184e-24, 3.61331663408e-24, 9.29838474251e-24, 6.55349155241e-24, 7.46110323957e-24, 1.92089855009e-23, 2.17818143225e-23, 2.52711606765e-23, 3.4172457294e-23, 5.24819883239e-23, 4.50495112689e-23, 7.44677310791e-23, 9.9201581238e-23, 1.54309498189e-22, 2.08156234811e-22, 2.64839311352e-22, 3.86967449794e-22, 5.02619608183e-22, 8.12669812813e-22, 1.18487190692e-21, 1.75327292205e-21],
        "stdev": [1.07566966108e-05, 6.80756565998e-05, 9.61748228292e-05, 0.000105352635728, 0.00144936481956, 0.00213124626316, 0.00740820448846, 0.0040245493874, 0.00970569998026, 0.00164078129455, 0.00279614864849, 0.0013123517856, 0.00198882329278, 0.00197315705009, 0.00108381023165, 0.00103958894033, 0.000623675703537, 0.000325295986841, 0.000795075844508, 0.000880053790752, 0.000386570725823, 0.000218863016926, 0.000401924247853, 0.000306779751554, 1.55855577759e-05, 4.47087472821e-07, 2.20668350259e-09]
    },
    "erbbands": {
        "max": [0.0496018528938, 0.31604334712, 2.04655790329, 5.85412502289, 22.4137535095, 64.7885131836, 405.515594482, 414.419006348, 1085.98132324, 2431.37255859, 1334.74499512, 6948.60498047, 3265.37036133, 1388.25683594, 1991.53735352, 1397.65795898, 1448.74365234, 1704.88647461, 1025.12841797, 1650.83398438, 477.159851074, 789.795471191, 447.323730469, 774.321594238, 670.194396973, 523.996520996, 395.887237549, 183.94909668, 158.202545166, 143.187973022, 254.722991943, 182.997955322, 51.7285194397, 6.69004011154, 0.587907731533, 0.0784963965416, 0.00400713691488, 0.000452463398688, 0.000155636560521, 0.000319935759762],
        "mean": [0.000352119444869, 0.00260138558224, 0.012531215325, 0.0417511612177, 0.221184492111, 1.20747482777, 1.99095952511, 2.33312511444, 9.75626754761, 24.0323638916, 14.2265310287, 25.6790008545, 18.5714836121, 13.1826105118, 15.2410812378, 11.2748174667, 15.2069578171, 20.7259025574, 16.4977359772, 14.7255687714, 10.0107927322, 8.19913482666, 4.99714040756, 6.53907632828, 8.03353500366, 7.17320013046, 5.24688434601, 2.33724999428, 1.23344647884, 1.01366102695, 1.33427524567, 1.15796732903, 0.359348863363, 0.0653084293008, 0.0100025227293, 0.00168283749372, 0.000117463539937, 8.28730571811e-06, 5.07626555191e-06, 8.57316899783e-06],
        "min": [7.78575862956e-23, 2.19699024282e-22, 1.15849956742e-21, 3.41247464816e-21, 4.38698913328e-21, 1.69336101384e-20, 3.06570227924e-20, 4.92026835445e-20, 7.00253043355e-20, 1.16726661562e-19, 1.57372093815e-19, 2.0075850535e-19, 3.23027729381e-19, 5.83002169004e-19, 7.5694817056e-19, 7.68432849582e-19, 1.3111792918e-18, 1.50561936512e-18, 2.02571837764e-18, 3.09620403442e-18, 3.11613888038e-18, 3.34762434083e-18, 4.63614012462e-18, 4.77873613605e-18, 5.76917490456e-18, 7.06372786605e-18, 7.15900501055e-18, 8.97630013681e-18, 9.74666998489e-18, 1.07244090495e-17, 1.08819720669e-17, 9.4608344155e-18, 8.05137407281e-18, 7.13062775245e-18, 5.53530488921e-18, 3.63223816446e-18, 2.15183136781e-18, 8.30713345853e-19, 1.96367830659e-19, 2.61425521212e-20],
        "stdev": [0.00225082109682, 0.01595001854, 0.0864708274603, 0.245780140162, 1.00647950172, 4.88786745071, 19.9219799042, 17.9079036713, 61.9051551819, 140.421005249, 76.0570907593, 247.885940552, 129.337371826, 73.9277191162, 91.4266967773, 59.4814605713, 84.1801605225, 106.440406799, 64.68775177, 72.2495956421, 36.5677261353, 36.2553062439, 20.4193611145, 38.3821487427, 39.6362075806, 36.209022522, 26.1441402435, 11.4545927048, 7.76426649094, 7.81989526749, 12.2436695099, 10.290178299, 2.88545179367, 0.39266321063, 0.0338464677334, 0.00488346721977, 0.00037915201392, 3.13811724482e-05, 1.6028083337e-05, 2.80046679109e-05]
    },
    "gfcc": {
        "mean": [-656.335876465, 45.8777809143, -93.9694366455, 11.4805717468, -42.3101425171, 9.60136604309, -24.7947425842, 2.3296186924, -11.2561740875, -0.813279092312, -6.10167598724, -3.51983952522, -1.88861000538],
        "cov": [[281680.5625, 20168.5195312, -44283.8320312, 4712.14501953, -19425.3945312, 3816.78466797, -10950.2636719, 708.74420166, -4643.5078125, -714.130493164, -2357.25268555, -2361.61376953, -333.393798828], [20168.5195312, 2057.65283203, -2852.01074219, 388.249511719, -1383.57775879, 199.986907959, -808.312072754, 73.0798873901, -393.345916748, -16.8923740387, -188.032119751, -124.47177887, -76.1212997437], [-44283.8320312, -2852.01074219, 7524.13134766, -484.802093506, 3050.69946289, -546.997192383, 1717.29260254, -53.5734024048, 678.015991211, 142.480163574, 348.914916992, 459.679779053, -7.92251205444], [4712.14501953, 388.249511719, -484.802093506, 373.820861816, -313.341888428, 135.932373047, -203.768112183, 33.0057144165, -95.2610626221, -10.9240064621, -53.0546607971, 15.014585495, -40.2432975769], [-19425.3945312, -1383.57775879, 3050.69946289, -313.341888428, 1425.55859375, -212.893463135, 748.065002441, -31.7718925476, 320.447479248, 58.1995544434, 157.723236084, 166.076705933, 25.4816055298], [3816.78466797, 199.986907959, -546.997192383, 135.932373047, -212.893463135, 261.354187012, -156.569671631, 66.8270263672, -76.3579788208, 0.968376636505, -61.0034980774, 27.699131012, -32.8440933228], [-10950.2636719, -808.312072754, 1717.29260254, -203.768112183, 748.065002441, -156.569671631, 511.506866455, -9.00288391113, 203.913299561, 13.3833379745, 114.709014893, 74.1593170166, 23.2910327911], [708.74420166, 73.0798873901, -53.5734024048, 33.0057144165, -31.7718925476, 66.8270263672, -9.00288391113, 85.3301925659, -13.6007013321, 9.426404953, -12.9404287338, 29.5035896301, -17.447052002], [-4643.5078125, -393.345916748, 678.015991211, -95.2610626221, 320.447479248, -76.3579788208, 203.913299561, -13.6007013321, 142.415679932, 9.90421962738, 60.657207489, 16.0437374115, 20.1096019745], [-714.130493164, -16.8923740387, 142.480163574, -10.9240064621, 58.1995544434, 0.968376636505, 13.3833379745, 9.426404953, 9.90421962738, 52.8341293335, -0.747203230858, 20.9843254089, -4.75385665894], [-2357.25268555, -188.032119751, 348.914916992, -53.0546607971, 157.723236084, -61.0034980774, 114.709014893, -12.9404287338, 60.657207489, -0.747203230858, 67.5021209717, 2.16551184654, 17.7805423737], [-2361.61376953, -124.47177887, 459.679779053, 15.014585495, 166.076705933, 27.699131012, 74.1593170166, 29.5035896301, 16.0437374115, 20.9843254089, 2.16551184654, 94.9827270508, -17.7415142059], [-333.393798828, -76.1212997437, -7.92251205444, -40.2432975769, 25.4816055298, -32.8440933228, 23.2910327911, -17.447052002, 20.1096019745, -4.75385665894, 17.7805423737, -17.7415142059, 51.943862915]],
        "icov": [[0.000412592402427, -0.000785059877671, 0.00113735068589, -0.000911777897272, 0.00170847319532, -0.000836266030092, 0.000472146231914, -0.000732227053959, 0.000323362241033, -0.000252899189945, -0.000218635483179, 0.000872547505423, -0.000635233474895], [-0.000785059877671, 0.00349478563294, -0.00231878063641, 0.00144914654084, -0.00202275090851, 0.00259538413957, 0.00036517585977, -0.000109397828055, 0.00120985636022, -0.000410373439081, 0.0002037598897, -0.00110050395597, 0.00233300356194], [0.00113735068589, -0.00231878063641, 0.0054601598531, -0.00405555637553, 0.001488858019, -0.000520189991221, -0.00187119562179, -0.000961134152021, 0.00125753402244, -0.00173294381239, -0.000258520041825, -0.00103366689291, 0.000139513649628], [-0.000911777897272, 0.00144914654084, -0.00405555637553, 0.00725608924404, -0.00132730021141, -0.000553947349545, 0.0018337626243, 0.00146534852684, -0.0013482569484, 0.00238062418066, -0.000496006512549, -0.0016873262357, 0.00157873891294], [0.00170847319532, -0.00202275090851, 0.001488858019, -0.00132730021141, 0.0162314642221, -0.005712042097, 0.00206434796564, -0.00283624813892, -0.000167483638506, -0.00201843632385, -0.000727524515241, 0.00505639985204, -0.00439625419676], [-0.000836266030092, 0.00259538413957, -0.000520189991221, -0.000553947349545, -0.005712042097, 0.0107007576153, -0.000857165839989, -0.00267194746993, 0.000352941133315, 0.000267662864644, 0.00311897392385, -0.00590281747282, 0.00378663651645], [0.000472146231914, 0.00036517585977, -0.00187119562179, 0.0018337626243, 0.00206434796564, -0.000857165839989, 0.0181040745229, -0.00675660884008, -0.00333892460912, 0.00472071813419, -0.00563805224374, 0.00487893680111, -0.00191990844905], [-0.000732227053959, -0.000109397828055, -0.000961134152021, 0.00146534852684, -0.00283624813892, -0.00267194746993, -0.00675660884008, 0.0205276776105, -0.00185048871208, -0.00200492702425, 0.000910701288376, -0.00794794503599, 0.00326157547534], [0.000323362241033, 0.00120985636022, 0.00125753402244, -0.0013482569484, -0.000167483638506, 0.000352941133315, -0.00333892460912, -0.00185048871208, 0.0218201149255, -0.00348397460766, -0.00639034900814, 0.00417134258896, -0.000977551215328], [-0.000252899189945, -0.000410373439081, -0.00173294381239, 0.00238062418066, -0.00201843632385, 0.000267662864644, 0.00472071813419, -0.00200492702425, -0.00348397460766, 0.0238286759704, 0.000938906392548, -0.00315126846544, -0.000143379540532], [-0.000218635483179, 0.0002037598897, -0.000258520041825, -0.000496006512549, -0.000727524515241, 0.00311897392385, -0.00563805224374, 0.000910701288376, -0.00639034900814, 0.000938906392548, 0.0297602210194, 9.5963034255e-05, -0.00395978195593], [0.000872547505423, -0.00110050395597, -0.00103366689291, -0.0016873262357, 0.00505639985204, -0.00590281747282, 0.00487893680111, -0.00794794503599, 0.00417134258896, -0.00315126846544, 9.5963034255e-05, 0.0273669939488, -0.00113629014231], [-0.000635233474895, 0.00233300356194, 0.000139513649628, 0.00157873891294, -0.00439625419676, 0.00378663651645, -0.00191990844905, 0.00326157547534, -0.000977551215328, -0.000143379540532, -0.00395978195593, -0.00113629014231, 0.0276776719838]]
    },
    "melbands": {
        "max": [0.000334220414516, 0.000835166603792, 0.000840306456666, 0.00166514713783, 0.0123627148569, 0.00957038160414, 0.0209691207856, 0.0239824987948, 0.00943400338292, 0.0444927439094, 0.016785826534, 0.00526307011023, 0.00645126635209, 0.00348820444196, 0.00345166795887, 0.00411722669378, 0.00321760750376, 0.00178736168891, 0.00146084208973, 0.0020825304091, 0.000550981028937, 0.000899394683074, 0.00050635257503, 0.000255437887972, 0.000741711875889, 0.000448081031209, 0.000442104705144, 0.000376133917598, 0.00034500125912, 0.000114560440124, 0.000105232975329, 9.66247098404e-05, 7.84366275184e-05, 8.27842522995e-05, 0.000131785098347, 0.00018451033975, 0.000106617051642, 4.594794882e-05, 1.13182222776e-05, 3.96617133447e-06],
        "mean": [3.25012388203e-06, 5.67155939279e-06, 1.05059580164e-05, 4.88216428494e-05, 6.92199027981e-05, 5.20638823218e-05, 0.000182732183021, 0.000247057643719, 0.000107767307782, 0.000168326019775, 8.72410382726e-05, 4.87854340463e-05, 5.43781934539e-05, 3.12060255965e-05, 3.25993496517e-05, 3.32630224875e-05, 3.97064868594e-05, 2.7371210308e-05, 2.00980484806e-05, 1.76981357072e-05, 1.05669751065e-05, 8.93919059308e-06, 5.84738199905e-06, 3.55275710717e-06, 5.48905654796e-06, 5.58413103136e-06, 5.84592089581e-06, 4.62531261292e-06, 3.83027418138e-06, 1.924889375e-06, 1.15944396839e-06, 7.20961907064e-07, 5.465028039e-07, 5.60212072287e-07, 7.29487908302e-07, 9.03378406747e-07, 6.27507574791e-07, 2.87596861881e-07, 1.01788096174e-07, 3.5493709305e-08],
        "min": [8.17451295186e-25, 6.95196688931e-25, 7.53094148994e-25, 1.04565642911e-24, 1.13225353638e-24, 1.1084799311e-24, 9.60152288636e-25, 1.13014836244e-24, 1.09183378271e-24, 1.26436555129e-24, 1.36575005344e-24, 2.08114582167e-24, 1.4494768903e-24, 2.48175542175e-24, 1.51730581333e-24, 1.79447554365e-24, 2.2470324232e-24, 2.260409532e-24, 1.77765821244e-24, 1.78241070496e-24, 2.98320609742e-24, 2.20337350804e-24, 3.34594997962e-24, 3.5251456507e-24, 3.33584112155e-24, 3.70116970651e-24, 3.32937956188e-24, 4.34461948664e-24, 3.78666960686e-24, 4.25346621461e-24, 4.33999321186e-24, 4.96320713205e-24, 4.84486103576e-24, 4.8853840316e-24, 4.83928497245e-24, 5.2241339205e-24, 4.95922732878e-24, 5.05816705238e-24, 5.51992638882e-24, 5.92796863635e-24],
        "stdev": [1.89443271665e-05, 3.67884786101e-05, 5.30717734364e-05, 0.000181325114681, 0.000587595801335, 0.000414112233557, 0.0011544295121, 0.00137882190756, 0.00058981240727, 0.00163932074793, 0.00063294818392, 0.000280171574559, 0.000332345254719, 0.00017170724459, 0.000203407296794, 0.000191546641872, 0.000209724457818, 0.000112729831017, 7.97731190687e-05, 9.37272270676e-05, 3.84829800169e-05, 4.056810576e-05, 2.54878577834e-05, 1.44286605064e-05, 3.54366966349e-05, 2.82366800093e-05, 3.01953332382e-05, 2.46846993832e-05, 2.06248896575e-05, 9.1616257123e-06, 6.16932766206e-06, 4.53072880191e-06, 4.07792913393e-06, 4.41402789875e-06, 6.64857134325e-06, 8.72110194905e-06, 5.36703373655e-06, 2.4003152248e-06, 6.68355198741e-07, 1.92315368963e-07]
    },
    "melbands128": {
        "max": [0.000176489891601, 0.000498533016071, 0.000414573732996, 0.000506715383381, 0.000952482630964, 0.0010670509655, 0.00152625900228, 0.00122685811948, 0.00278903543949, 0.00239997194149, 0.00321968877688, 0.0138556174934, 0.0202707462013, 0.0128954518586, 0.00586219178513, 0.0191544666886, 0.0156874507666, 0.0275638997555, 0.0447236075997, 0.0470138415694, 0.0235337764025, 0.0171448048204, 0.0121035045013, 0.014056622982, 0.0644263848662, 0.0554892383516, 0.0549298413098, 0.0101828053594, 0.00975330173969, 0.00257032713853, 0.0112559469417, 0.0190193653107, 0.00649463478476, 0.014212035574, 0.00292404741049, 0.00686283456162, 0.00484383711591, 0.00733163207769, 0.00814227946103, 0.00463821645826, 0.00829276815057, 0.00411982694641, 0.00486455485225, 0.00507354037836, 0.0042541497387, 0.00237226532772, 0.0023222847376, 0.00138080411125, 0.00187603151426, 0.00490030227229, 0.00294215162285, 0.000944065512158, 0.00106113334186, 0.00112359470222, 0.000643516774289, 0.00146793981548, 0.00080446805805, 0.000502091774251, 0.00036433202331, 0.000691091001499, 0.000191410377738, 0.000367846689187, 0.000914258125704, 0.00113054551184, 0.000507632212248, 0.000634776195511, 0.00102848396637, 0.000813197751995, 0.000669699802529, 0.000366986321751, 0.000610591552686, 0.000377388932975, 0.000812770158518, 0.000345132197253, 0.000220367801376, 0.000180094502866, 0.000146186401253, 0.000102408033854, 0.000119907104818, 9.27242945181e-05, 0.000102141981188, 0.000104553771962, 6.58559874864e-05, 0.000100826677226, 8.30801363918e-05, 6.48572749924e-05, 7.52824998926e-05, 0.000158136914251, 0.000122181954794, 0.000168547252542, 0.000195881089894, 0.000183908749023, 0.000138077768497, 0.000135155918542, 8.4201208665e-05, 7.42266420275e-05, 3.78017321054e-05, 3.64383704436e-05, 8.53845267557e-06, 1.20189270092e-05, 5.88950388192e-06, 2.21962704927e-06, 1.53674250214e-06, 4.93922811984e-07, 3.77764507675e-07, 4.83707083276e-07, 2.86184132392e-07, 1.22064520269e-07, 2.05808305509e-07, 6.7151752603e-08, 4.77698556267e-08, 4.10054816768e-08, 9.9294517053e-10, 1.50085721629e-09, 4.33620161999e-09, 8.17507306294e-09, 1.31980515405e-09, 1.76292355714e-10, 1.70935557375e-10, 1.66191505002e-10, 1.62190136321e-10, 1.58648497117e-10, 1.54836976574e-10, 1.52309123647e-10, 1.49593323839e-10, 1.47158188413e-10, 1.45407422214e-10, 1.44537784519e-10],
        "mean": [1.75441448391e-06, 2.97287465401e-06, 3.56952432412e-06, 4.35331321569e-06, 5.45683269593e-06, 6.82470181346e-06, 7.55435621613e-06, 8.94407367014e-06, 1.64231605595e-05, 4.44885154138e-05, 7.45890865801e-05, 8.00300185801e-05, 7.7972181316e-05, 4.29209976573e-05, 3.9479782572e-05, 6.32697338006e-05, 7.79141773819e-05, 0.000181094816071, 0.000349179375917, 0.000312303105602, 0.000169000006281, 0.000123056350276, 9.0579080279e-05, 9.43337872741e-05, 0.000189915081137, 0.000193542233319, 0.000135756330565, 8.40313878143e-05, 3.82368343708e-05, 3.07763657474e-05, 6.17757759755e-05, 6.67619024171e-05, 4.98215522384e-05, 5.70163683733e-05, 2.69082629529e-05, 2.91592750727e-05, 2.47018269874e-05, 3.43963656633e-05, 3.69987465092e-05, 3.02397129417e-05, 3.44724976458e-05, 3.28486130456e-05, 4.27428094554e-05, 4.44745164714e-05, 2.79645064438e-05, 2.7363494155e-05, 2.18670484173e-05, 1.83768315765e-05, 1.88918420463e-05, 2.37421027123e-05, 1.76096400537e-05, 1.22924275274e-05, 1.00952338471e-05, 1.06350298665e-05, 9.84667622106e-06, 8.93855030881e-06, 8.09531411505e-06, 6.69442033541e-06, 4.97378096043e-06, 4.19242860517e-06, 3.0978490031e-06, 3.36298467118e-06, 4.33027207691e-06, 7.40271298127e-06, 5.19746390637e-06, 5.33001366421e-06, 5.36672905582e-06, 7.249983355e-06, 5.81192944082e-06, 3.96014365833e-06, 5.01400700159e-06, 4.27902978117e-06, 5.21913170815e-06, 3.54493113264e-06, 2.7223672987e-06, 2.07630318982e-06, 1.5841245613e-06, 1.24490645703e-06, 1.18898242363e-06, 9.66697143667e-07, 7.64845196954e-07, 6.45855607218e-07, 5.20677645e-07, 5.39250322618e-07, 5.59184229587e-07, 5.07631114033e-07, 5.29132478277e-07, 7.36552351555e-07, 7.22492870864e-07, 7.17528280347e-07, 9.37298864301e-07, 9.75459101937e-07, 8.05356933142e-07, 6.73196041134e-07, 4.88359034989e-07, 3.83751540767e-07, 2.32241347931e-07, 1.75940343183e-07, 9.71402656091e-08, 6.96934421285e-08, 5.01901773475e-08, 2.94237043619e-08, 1.86176176697e-08, 1.23205099456e-08, 8.7799580939e-09, 6.34779073749e-09, 5.04743580265e-09, 3.34959437964e-09, 2.34566988055e-09, 1.50676260358e-09, 9.25676868491e-10, 1.66407415625e-10, 1.66346172947e-11, 1.55977626648e-11, 1.9101610918e-11, 2.36362075745e-11, 5.64974065795e-12, 3.10837293405e-12, 3.05126908982e-12, 2.75617311092e-12, 2.56007953552e-12, 2.5219438083e-12, 2.35095688576e-12, 2.06468132521e-12, 1.8206623275e-12, 1.40850634107e-12, 1.18262214258e-12, 1.14595529246e-12],
        "min": [4.03463680347e-26, 3.26308443096e-25, 1.42709954417e-25, 3.83024904428e-25, 1.78454523931e-25, 2.80785351015e-25, 2.77424433781e-25, 1.30132984767e-25, 9.15026079873e-26, 2.78779129822e-25, 9.03353588555e-26, 2.68402133e-25, 1.78484093889e-25, 1.91265637358e-25, 2.86635913267e-25, 9.90571960759e-26, 5.89124282247e-25, 4.64633846972e-25, 3.77401139686e-25, 3.45605632515e-25, 3.51308381955e-25, 4.51353028506e-25, 3.31497742694e-25, 3.13052670964e-25, 3.360058609e-25, 2.3210947772e-25, 1.85788292596e-25, 5.03650414306e-25, 3.21080366054e-25, 7.1433780715e-25, 7.80153507853e-25, 8.43535474055e-25, 7.41427783674e-25, 3.49116112847e-25, 1.06279581279e-24, 7.53756940065e-25, 4.35385349796e-25, 6.64141108637e-25, 1.08528179985e-24, 6.42770965322e-25, 9.65895393241e-25, 1.13953511696e-24, 1.07028949835e-24, 6.16384751334e-25, 1.00240042467e-24, 9.45647503172e-25, 9.51064611008e-25, 6.91771800007e-25, 1.16380501436e-24, 7.09107314222e-25, 9.10744253813e-25, 6.34565036971e-25, 1.18222826915e-24, 1.15536686508e-24, 9.06721359019e-25, 9.90721634789e-25, 1.01489509394e-24, 1.16046093437e-24, 1.3630775899e-24, 1.835764129e-24, 1.52512707338e-24, 2.13572947428e-24, 1.43950361769e-24, 1.89261378456e-24, 1.72364490626e-24, 1.48476559681e-24, 1.3029828564e-24, 1.33264274454e-24, 1.44415050146e-24, 1.78591443067e-24, 1.54950248093e-24, 1.65910287079e-24, 1.74226439021e-24, 1.40391119973e-24, 1.74320707899e-24, 2.19248841084e-24, 2.23978772186e-24, 2.27355254633e-24, 2.40817146259e-24, 2.40394612636e-24, 2.2567038579e-24, 1.87604691669e-24, 3.26463755017e-24, 2.60368255212e-24, 1.90569585938e-24, 3.53966700224e-24, 2.82600741825e-24, 2.99785918874e-24, 3.27998326136e-24, 3.32899538662e-24, 2.86713862585e-24, 3.00381410249e-24, 2.1975767609e-24, 2.97413636638e-24, 1.86961927804e-24, 3.67888241378e-24, 3.38898076428e-24, 2.9496982444e-24, 3.81403282508e-24, 2.20759549161e-24, 3.82572177154e-24, 3.5782071962e-24, 3.77766436519e-24, 3.83691807437e-24, 3.26127877765e-24, 4.92439872539e-24, 4.15829448513e-24, 4.23923910818e-24, 3.40785228928e-24, 3.55849632319e-24, 4.15175719481e-24, 3.68217945794e-24, 3.46994865873e-24, 3.97175570232e-24, 3.05674804974e-24, 4.69971891224e-24, 4.37970959742e-24, 4.06477265823e-24, 4.55001204509e-24, 4.78696219519e-24, 4.25223243615e-24, 4.97683707077e-24, 4.50694655055e-24, 5.09064406141e-24, 4.82453800669e-24, 5.29141665597e-24, 5.29780800703e-24, 5.58403948117e-24],
        "stdev": [9.04757598619e-06, 2.02838236874e-05, 2.2966238248e-05, 2.7051753932e-05, 3.94143207814e-05, 5.14924722665e-05, 5.45639777556e-05, 5.93142867729e-05, 0.000104288912553, 0.000197003755602, 0.000304382439936, 0.000603084743489, 0.000944798346609, 0.000504448835272, 0.000320934166666, 0.000698968069628, 0.000705541868228, 0.0014104549773, 0.00256261066534, 0.00218985183164, 0.00114808126818, 0.000936023308896, 0.000673402333632, 0.000741691445, 0.00224959827028, 0.00218040635809, 0.00176624755841, 0.000480593036627, 0.000296322541544, 0.000154910041601, 0.000453846791061, 0.000681886624079, 0.00034465760109, 0.000528194825165, 0.000150942316395, 0.000240533976466, 0.000162447162438, 0.000294811499771, 0.000325668574078, 0.000197842367925, 0.000281688349787, 0.000224795279792, 0.000283305882476, 0.000279985892121, 0.000167645979673, 0.000133233101224, 0.000109954737127, 7.64297656133e-05, 8.93731921678e-05, 0.000188448320841, 0.000107823856524, 5.05394564243e-05, 5.05695206812e-05, 4.85896016471e-05, 4.05582104577e-05, 5.75136946281e-05, 4.24524914706e-05, 3.17842823279e-05, 2.20295660256e-05, 2.39101500483e-05, 1.23287627503e-05, 1.79348644451e-05, 3.16819314321e-05, 6.1204751546e-05, 3.07097288896e-05, 3.06987712975e-05, 3.64405132132e-05, 4.38593087893e-05, 3.30142647726e-05, 2.01629954972e-05, 3.03515698761e-05, 2.24744126172e-05, 3.52850256604e-05, 1.9529616111e-05, 1.44865934999e-05, 1.07975702122e-05, 8.50473225e-06, 6.42380564386e-06, 6.75045293974e-06, 5.51414041183e-06, 4.79095115224e-06, 4.80927747049e-06, 3.46166575582e-06, 4.3789063966e-06, 4.71451539852e-06, 3.77344963454e-06, 4.0320410335e-06, 7.5117727647e-06, 6.36237791696e-06, 7.04983085598e-06, 9.1929696282e-06, 9.80790355243e-06, 7.20463185644e-06, 6.08351956544e-06, 4.08445021094e-06, 3.5334273889e-06, 1.85559144938e-06, 1.48837307279e-06, 5.67088250136e-07, 4.85380326154e-07, 3.17332876421e-07, 1.44710810446e-07, 8.01568802444e-08, 3.71233213059e-08, 2.63815600476e-08, 2.35966410855e-08, 1.61262700971e-08, 9.76707781319e-09, 9.53008338911e-09, 5.45274358998e-09, 3.82784737241e-09, 1.43692302501e-09, 6.47493655914e-11, 6.54618095841e-11, 1.34957170439e-10, 2.49090664761e-10, 3.92164425933e-11, 8.44341437045e-12, 8.32759469022e-12, 7.95677412846e-12, 7.72153608414e-12, 7.55881295056e-12, 7.33965666022e-12, 7.16939008161e-12, 7.01324545313e-12, 6.86730967231e-12, 6.77404616775e-12, 6.73240239599e-12]
    },
    "mfcc": {
        "mean": [-1019.48608398, 60.6563568115, -16.88804245, -0.742081046104, -4.41437578201, 0.840516209602, -4.44668054581, -1.13137292862, -1.8734484911, 0.599391818047, -2.22396063805, -0.723501563072, -1.43912732601],
        "cov": [[62098.9453125, 9735.59765625, -5677.26416016, -901.157897949, -1819.97338867, -329.906799316, -1290.20458984, -639.296569824, -471.266204834, 427.018615723, -880.370605469, 72.17628479, -532.45501709], [9735.59765625, 3185.40551758, -519.889892578, 76.3771743774, -174.174087524, -16.9035701752, -162.632019043, -70.4345092773, -89.5260238647, -1.40096127987, -51.2060775757, -48.8744430542, -41.6678466797], [-5677.26416016, -519.889892578, 971.583374023, 305.290771484, 235.302322388, 93.5612258911, 156.988464355, 121.550163269, 29.259563446, -53.8547019958, 120.547340393, -29.3931827545, 53.0527305603], [-901.157897949, 76.3771743774, 305.290771484, 253.831466675, 59.4503173828, 15.8487462997, 24.3968887329, 14.9818601608, -13.5914468765, -12.3812923431, 20.4872264862, -22.3363780975, 11.7338705063], [-1819.97338867, -174.174087524, 235.302322388, 59.4503173828, 187.642944336, 79.1466293335, 53.3777961731, 52.1886672974, 24.5548496246, -21.9753570557, 40.0121307373, -8.01029968262, 24.6092605591], [-329.906799316, -16.9035701752, 93.5612258911, 15.8487462997, 79.1466293335, 102.560401917, 27.6594085693, 34.9141426086, 15.0405340195, -8.90017318726, 15.687497139, -4.50199127197, 10.2846288681], [-1290.20458984, -162.632019043, 156.988464355, 24.3968887329, 53.3777961731, 27.6594085693, 90.7561950684, 50.2787590027, 15.5701980591, -3.11787009239, 27.1047687531, -6.72852802277, 15.7297458649], [-639.296569824, -70.4345092773, 121.550163269, 14.9818601608, 52.1886672974, 34.9141426086, 50.2787590027, 108.391265869, 24.2395305634, -8.81771087646, 46.5665931702, -8.08747196198, 9.45208644867], [-471.266204834, -89.5260238647, 29.259563446, -13.5914468765, 24.5548496246, 15.0405340195, 15.5701980591, 24.2395305634, 45.8689460754, 2.92183375359, 15.5730113983, 4.14177799225, 3.97730946541], [427.018615723, -1.40096127987, -53.8547019958, -12.3812923431, -21.9753570557, -8.90017318726, -3.11787009239, -8.81771087646, 2.92183375359, 48.3537940979, -6.97012710571, 8.66442203522, -2.59773421288], [-880.370605469, -51.2060775757, 120.547340393, 20.4872264862, 40.0121307373, 15.687497139, 27.1047687531, 46.5665931702, 15.5730113983, -6.97012710571, 81.5489578247, -4.70472860336, 10.9955358505], [72.17628479, -48.8744430542, -29.3931827545, -22.3363780975, -8.01029968262, -4.50199127197, -6.72852802277, -8.08747196198, 4.14177799225, 8.66442203522, -4.70472860336, 36.4958877563, 3.03473114967], [-532.45501709, -41.6678466797, 53.0527305603, 11.7338705063, 24.6092605591, 10.2846288681, 15.7297458649, 9.45208644867, 3.97730946541, -2.59773421288, 10.9955358505, 3.03473114967, 35.6275138855]],
        "icov": [[0.000134699919727, -0.000263485882897, 0.000534543651156, -0.000254565093201, 0.000445005687652, -0.000577650906052, 0.00048544126912, -0.000575619807933, 0.000413987552747, -0.000530029064976, 0.000400694581913, -0.000276022154139, 0.000605536624789], [-0.000263485882897, 0.000949902052525, -0.000640950049274, -7.89356199675e-05, -0.000617908546701, 0.000707375933416, -0.000580900523346, 0.000956919975579, -0.000376821204554, 0.0012295198394, -0.00106401951052, 0.00100259657484, -0.00124651938677], [0.000534543651156, -0.000640950049274, 0.00568684609607, -0.00456462055445, 0.000536257226486, -0.00263120117597, -0.000858113227878, -0.00237129838206, 0.0015796009684, -0.000143837343785, -0.000646805157885, -0.00139805569779, 0.00180325633846], [-0.000254565093201, -7.89356199675e-05, -0.00456462055445, 0.00882125552744, -0.00138906878419, 0.00210669543594, 0.0010640231194, 0.00142925558612, 0.00132139667403, -0.0010382081382, 0.00083171937149, 0.00289410096593, -0.00122896407265], [0.000445005687652, -0.000617908546701, 0.000536257226486, -0.00138906878419, 0.012734984979, -0.00818480271846, 0.000909470953047, -0.00204702699557, -0.000811264500953, 0.00042780599324, 0.000416119291913, -0.000526640214957, -0.000667164800689], [-0.000577650906052, 0.000707375933416, -0.00263120117597, 0.00210669543594, -0.00818480271846, 0.0179624389857, -0.00261174771003, 0.000228984194109, -0.00302981073037, 0.00199652509764, 5.27916345163e-05, 0.00134699256159, -0.00266800075769], [0.00048544126912, -0.000580900523346, -0.000858113227878, 0.0010640231194, 0.000909470953047, -0.00261174771003, 0.0220146290958, -0.00818798877299, 0.00123358448036, -0.00520993722603, 0.00292579736561, 0.00194299849682, -0.00150468433276], [-0.000575619807933, 0.000956919975579, -0.00237129838206, 0.00142925558612, -0.00204702699557, 0.000228984194109, -0.00818798877299, 0.0189225059003, -0.00600249413401, 0.00357120065019, -0.00780618051067, 0.00258765136823, -0.00136119453236], [0.000413987552747, -0.000376821204554, 0.0015796009684, 0.00132139667403, -0.000811264500953, -0.00302981073037, 0.00123358448036, -0.00600249413401, 0.0296356286854, -0.00469662202522, -0.00102115049958, -0.00347657944076, 0.00240225368179], [-0.000530029064976, 0.0012295198394, -0.000143837343785, -0.0010382081382, 0.00042780599324, 0.00199652509764, -0.00520993722603, 0.00357120065019, -0.00469662202522, 0.0263792965561, -0.00217037741095, -0.00372766889632, -0.00201121508144], [0.000400694581913, -0.00106401951052, -0.000646805157885, 0.00083171937149, 0.000416119291913, 5.27916345163e-05, 0.00292579736561, -0.00780618051067, -0.00102115049958, -0.00217037741095, 0.0199820045382, -9.03512409423e-05, -0.000293706834782], [-0.000276022154139, 0.00100259657484, -0.00139805569779, 0.00289410096593, -0.000526640214957, 0.00134699256159, 0.00194299849682, 0.00258765136823, -0.00347657944076, -0.00372766889632, -9.03512409423e-05, 0.0326859429479, -0.00603331439197], [0.000605536624789, -0.00124651938677, 0.00180325633846, -0.00122896407265, -0.000667164800689, -0.00266800075769, -0.00150468433276, -0.00136119453236, 0.00240225368179, -0.00201121508144, -0.000293706834782, -0.00603331439197, 0.03582585603]]
    },
    "spectral_contrast_coeffs": {
        "max": [-0.357315778732, -0.431511491537, -0.472549021244, -0.635877549648, -0.62765288353, -0.607763409615],
        "mean": [-0.845182836056, -0.880930364132, -0.890896558762, -0.899281144142, -0.888006567955, -0.862769842148],
        "min": [-0.983029186726, -0.987698733807, -0.985105276108, -0.989153027534, -0.970374941826, -0.965625584126],
        "stdev": [0.128050863743, 0.105240486562, 0.0783757269382, 0.0651586577296, 0.0734888613224, 0.0923523008823]
    },
    "spectral_contrast_valleys": {
        "max": [-6.56151294708, -5.03906965256, -5.05052947998, -5.26651239395, -5.56716060638, -8.16103649139],
        "mean": [-16.8445072174, -16.2333889008, -16.3514232635, -16.4205474854, -16.6966514587, -18.3544216156],
        "min": [-28.3613433838, -28.0347042084, -28.038564682, -27.7997016907, -27.5628814697, -27.4617404938],
        "stdev": [8.7796125412, 9.32094478607, 9.27265262604, 9.23295211792, 8.99799346924, 7.58426856995]
    }
},
"rhythm": {
    "beats_count": 62,
    "beats_loudness": {
        "max": 0.222961679101,
        "mean": 0.0124468617141,
        "min": 0,
        "stdev": 0.0369931049645
    },
    "bpm": 151.194259644,
    "bpm_histogram_first_peak_bpm": 152,
    "bpm_histogram_first_peak_weight": 0.347826063633,
    "bpm_histogram_second_peak_bpm": 120,
    "bpm_histogram_second_peak_spread": 0.416666686535,
    "bpm_histogram_second_peak_weight": 0.114754095674,
    "danceability": 0.89276522398,
    "onset_rate": 1.44761025906,
    "beats_loudness_band_ratio": {
        "max": [0.642253637314, 0.618939340115, 0.889257609844, 0.835704267025, 0.539730429649, 0.356137573719],
        "mean": [0.113583505154, 0.0977753326297, 0.159744769335, 0.127141088247, 0.0986877828836, 0.049368955195],
        "min": [0, 0, 0, 0, 0, 0],
        "stdev": [0.191148862243, 0.155720427632, 0.214806318283, 0.181114539504, 0.131344854832, 0.0799790546298]
    },
    "beats_position": [0.487619042397, 0.986848056316, 1.48607707024, 1.98530614376, 2.47292518616, 2.96054410934, 3.44816327095, 3.94739222527, 4.446621418, 4.94585037231, 5.44507932663, 5.93269824982, 6.420317173, 6.8963265419, 7.37233543396, 7.84834432602, 8.32435321808, 8.91646194458, 9.4853515625, 10.0542402267, 10.623128891, 11.1920175552, 11.7609071732, 12.3181858063, 12.8638544083, 13.4211339951, 13.9784126282, 14.512471199, 15.0581407547, 15.6038093567, 16.1610889435, 16.5558280945, 16.9505672455, 17.3453063965, 17.7516555786, 18.1347846985, 18.5179138184, 18.9010429382, 19.272562027, 19.6440811157, 20.0156002045, 20.3871192932, 20.758638382, 21.1649875641, 21.5713367462, 21.9776859283, 22.3724250793, 22.7671642303, 23.1735134125, 23.5682544708, 23.9629936218, 24.3577327728, 24.7524719238, 25.1472110748, 25.5419502258, 25.9366893768, 26.3314285278, 26.7261676788, 27.132516861, 27.527256012, 27.9336051941, 28.3399543762],
