{
"metadata": {
    "version": {
        "essentia": "2.1-beta5",
        "essentia_git_sha": "Undefined",
        "extractor": "music 2.0"
    },
    "audio_properties": {
        "analysis": {
            "equal_loudness": 0,
            "length": 32.4963264465,
            "sample_rate": 44100,
            "start_time": 158.998641968,
            "downmix": "mix"
        },
        "bit_rate": 192000,
        "length": 213.019882202,
        "lossless": 0,
        "number_channels": 2,
        "replay_gain": -8.55610656738,
        "sample_rate": 48000,
        "codec": "mp3",
        "md5_encoded": "f3c276453fd0f0728b293a0c87382afd"
    },
    "tags": {
        "file_name": "Germany_Verliebt In Dich_Stone and Stone.mp3",
        "encoding": ["Lavf58.29.100"]
    }
},
"lowlevel": {
    "average_loudness": 0.807869970798,
    "barkbands_crest": {
        "max": 24.9614372253,
        "mean": 10.2766933441,
        "min": 2.27646493912,
        "stdev": 5.11999130249
    },
    "barkbands_flatness_db": {
        "max": 0.326702862978,
        "mean": 0.147291451693,
        "min": 0.0421448238194,
        "stdev": 0.0545730292797
    },
    "barkbands_kurtosis": {
        "max": 105.412254333,
        "mean": 6.28939723969,
        "min": -1.92669081688,
        "stdev": 12.0327644348
    },
    "barkbands_skewness": {
        "max": 9.06112575531,
        "mean": 1.43677055836,
        "min": -1.22822332382,
        "stdev": 1.50614356995
    },
    "barkbands_spread": {
        "max": 83.6045074463,
        "mean": 18.2618713379,
        "min": 0.838158369064,
        "stdev": 12.7607736588
    },
    "dissonance": {
        "max": 0.499886423349,
        "mean": 0.45394307375,
        "min": 0.340617001057,
        "stdev": 0.0306469425559
    },
    "dynamic_complexity": 2.65204048157,
    "erbbands_crest": {
        "max": 30.5564250946,
        "mean": 11.3359727859,
        "min": 2.87222909927,
        "stdev": 6.20568418503
    },
    "erbbands_flatness_db": {
        "max": 0.320916026831,
        "mean": 0.184530377388,
        "min": 0.0857695415616,
        "stdev": 0.0399307385087
    },
    "erbbands_kurtosis": {
        "max": 32.4747924805,
        "mean": 1.9721544981,
        "min": -1.68622136116,
        "stdev": 4.18832349777
    },
    "erbbands_skewness": {
        "max": 5.44775819778,
        "mean": 0.794514000416,
        "min": -3.09449195862,
        "stdev": 1.07948732376
    },
    "erbbands_spread": {
        "max": 130.222167969,
        "mean": 29.4646568298,
        "min": 4.415974617,
        "stdev": 14.8338499069
    },
    "hfc": {
        "max": 86.320526123,
        "mean": 23.2771530151,
        "min": 0.399509072304,
        "stdev": 17.9281539917
    },
    "loudness_ebu128": {
        "integrated": -15.049706459,
        "loudness_range": 5.89253425598,
        "momentary": {
            "max": -11.3160858154,
            "mean": -15.7842617035,
            "min": -25.107843399,
            "stdev": 2.75587725639
        },
        "short_term": {
            "max": -12.2754001617,
            "mean": -15.5701704025,
            "min": -19.4776039124,
            "stdev": 2.14505696297
        }
    },
    "melbands_crest": {
        "max": 30.4673271179,
        "mean": 13.0205602646,
        "min": 3.71527123451,
        "stdev": 5.3287653923
    },
    "melbands_flatness_db": {
        "max": 0.400772422552,
        "mean": 0.187597036362,
        "min": 0.0442364998162,
        "stdev": 0.0694457516074
    },
    "melbands_kurtosis": {
        "max": 167.070861816,
        "mean": 11.9090957642,
        "min": -1.53955709934,
        "stdev": 19.0198707581
    },
    "melbands_skewness": {
        "max": 9.64420127869,
        "mean": 2.03695058823,
        "min": -1.25280511379,
        "stdev": 1.63064646721
    },
    "melbands_spread": {
        "max": 162.183303833,
        "mean": 23.9687747955,
        "min": 0.933327376842,
        "stdev": 18.325050354
    },
    "pitch_salience": {
        "max": 0.853922247887,
        "mean": 0.554910004139,
        "min": 0.190418973565,
        "stdev": 0.116477444768
    },
    "silence_rate_20dB": {
        "max": 1,
        "mean": 1,
        "min": 1,
        "stdev": 0
    },
    "silence_rate_30dB": {
        "max": 1,
        "mean": 1,
        "min": 1,
        "stdev": 0
    },
    "silence_rate_60dB": {
        "max": 1,
        "mean": 0.0199857242405,
        "min": 0,
        "stdev": 0.139948934317
    },
    "spectral_centroid": {
        "max": 4332.83349609,
        "mean": 1253.11901855,
        "min": 254.662246704,
        "stdev": 651.93371582
    },
    "spectral_complexity": {
        "max": 40,
        "mean": 19.0342617035,
        "min": 0,
        "stdev": 8.9360666275
    },
    "spectral_decrease": {
        "max": -1.12379522355e-10,
        "mean": -6.02316863052e-09,
        "min": -2.08864108231e-08,
        "stdev": 3.66204178093e-09
    },
    "spectral_energy": {
        "max": 0.0866595879197,
        "mean": 0.0248441100121,
        "min": 0.000525707087945,
        "stdev": 0.0151372617111
    },
    "spectral_energyband_high": {
        "max": 0.0104659665376,
        "mean": 0.00070768391015,
        "min": 2.61056879935e-06,
        "stdev": 0.00106127327308
    },
    "spectral_energyband_low": {
        "max": 0.0298601351678,
        "mean": 0.00340505852364,
        "min": 2.93943639917e-06,
        "stdev": 0.00361526943743
    },
    "spectral_energyband_middle_high": {
        "max": 0.0803503021598,
        "mean": 0.010112372227,
        "min": 7.54360080464e-05,
        "stdev": 0.012818149291
    },
    "spectral_energyband_middle_low": {
        "max": 0.0484955087304,
        "mean": 0.0114994347095,
        "min": 0.000135212554596,
        "stdev": 0.00777515256777
    },
    "spectral_entropy": {
        "max": 8.40177631378,
        "mean": 7.43759059906,
        "min": 5.81291484833,
        "stdev": 0.441195130348
    },
    "spectral_flux": {
        "max": 0.264603853226,
        "mean": 0.0809744745493,
        "min": 0.0123196616769,
        "stdev": 0.0337048135698
    },
    "spectral_kurtosis": {
        "max": 20.5262298584,
        "mean": 4.28875494003,
        "min": -1.00482332706,
        "stdev": 2.83831596375
    },
    "spectral_rms": {
        "max": 0.00919488631189,
        "mean": 0.00468448875472,
        "min": 0.000716159876902,
        "stdev": 0.00151449721307
    },
    "spectral_rolloff": {
        "max": 8204.15039062,
        "mean": 1458.18688965,
        "min": 215.33203125,
        "stdev": 1199.40881348
    },
    "spectral_skewness": {
        "max": 3.39798521996,
        "mean": 1.53698551655,
        "min": -0.213047280908,
        "stdev": 0.508493959904
    },
    "spectral_spread": {
        "max": 10064456,
        "mean": 4051968,
        "min": 1939655.5,
        "stdev": 940949.4375
    },
    "spectral_strongpeak": {
        "max": 10.9231624603,
        "mean": 1.79899120331,
        "min": 0.0288928914815,
        "stdev": 2.04486703873
    },
    "zerocrossingrate": {
        "max": 0.23046875,
        "mean": 0.05549537763,
        "min": 0.009765625,
        "stdev": 0.0300111621618
    },
    "barkbands": {
        "max": [0.0012551357504, 0.015696387738, 0.0216544046998, 0.0168646499515, 0.0257085114717, 0.0389949306846, 0.0211263876408, 0.0306998379529, 0.0341450795531, 0.0570007637143, 0.0696333125234, 0.00768309831619, 0.00658240681514, 0.00921327527612, 0.0143267177045, 0.0180239398032, 0.00834639091045, 0.00823088549078, 0.00555079430342, 0.00218066945672, 0.00313211511821, 0.00563877727836, 0.0028545728419, 0.0016509128036, 0.00139286171179, 0.000147224985994, 4.56489851786e-06],
        "mean": [5.79587795073e-05, 0.00140524620656, 0.00123145512771, 0.00135985855013, 0.00256047863513, 0.0032284935005, 0.00093644374283, 0.00122542597819, 0.00191422307398, 0.00230048550293, 0.00326668238267, 0.000663700455334, 0.000723605917301, 0.000427827326348, 0.00093039078638, 0.00052315054927, 0.000399120792281, 0.000495096668601, 0.000382638681913, 0.000226166128414, 0.000175993103767, 0.000169600039953, 0.000136407645186, 7.3036258982e-05, 2.30637833738e-05, 7.54176517148e-06, 2.53305323383e-08],
        "min": [1.30374679941e-08, 1.2996138139e-06, 3.87437154359e-07, 1.84642419754e-06, 1.00794195532e-05, 6.10212600805e-06, 1.57638733072e-05, 9.75799957814e-06, 1.22415931401e-05, 7.00411237631e-06, 1.07442303943e-06, 4.66489836981e-06, 2.74508556686e-06, 2.09533163797e-06, 1.81770553809e-06, 1.53862742991e-06, 1.62697983797e-06, 7.81229516633e-07, 7.89955265645e-07, 4.34061632859e-07, 6.65891093377e-07, 3.39066161814e-07, 3.58276906809e-07, 1.753814729e-07, 6.3565600783e-08, 9.60095614122e-11, 2.53456648031e-11],
        "stdev": [0.000124237136333, 0.0018602842465, 0.00184189470019, 0.00192933168728, 0.00298408116214, 0.00508086383343, 0.00128203094937, 0.00227697356604, 0.00386420637369, 0.00662330398336, 0.00862007029355, 0.000971464149188, 0.00089406571351, 0.00100634596311, 0.00145602354314, 0.00124041060917, 0.00076561170863, 0.00086191680748, 0.00065427296795, 0.000302794913296, 0.000253527978202, 0.000375540432287, 0.000266352843028, 0.000159154500579, 5.99621744186e-05, 1.35542168209e-05, 1.5121048591e-07]
    },
    "erbbands": {
        "max": [0.52798897028, 3.5564262867, 19.2862205505, 31.2978382111, 66.2105560303, 87.5064086914, 402.897064209, 470.543914795, 295.131195068, 249.145126343, 853.710388184, 848.893066406, 1026.44775391, 2758.93994141, 714.201904297, 314.616668701, 325.456115723, 459.716644287, 603.47467041, 903.115722656, 1031.55834961, 579.614929199, 289.800598145, 385.760314941, 117.171401978, 129.693557739, 111.727638245, 163.011962891, 196.588287354, 142.815032959, 90.5324630737, 59.942363739, 22.2932929993, 23.3511447906, 4.03440332413, 0.968131005764, 0.294227600098, 0.0376666560769, 0.000655009876937, 0.000104949314846],
        "mean": [0.0383223332465, 0.332625716925, 1.34033834934, 3.23265075684, 5.60923957825, 8.50197982788, 24.6570415497, 22.2254676819, 12.0232982635, 16.586397171, 37.8078956604, 46.3141136169, 33.5651168823, 178.870513916, 48.8388748169, 31.2585983276, 33.981010437, 25.9915180206, 40.3160972595, 36.1677246094, 29.1566143036, 23.0876350403, 23.9549617767, 30.079826355, 13.0812215805, 9.90916252136, 9.16444206238, 5.67887020111, 6.30621528625, 5.15079927444, 3.63880681992, 1.99163079262, 0.986766159534, 0.364167362452, 0.113028779626, 0.0493721924722, 0.0107287075371, 0.00062120903749, 3.06451329379e-05, 3.16562400258e-05],
        "min": [6.47343622404e-05, 0.000194952866877, 0.000346614280716, 0.00362268625759, 0.0137002458796, 0.037482611835, 0.0674774199724, 0.0435010716319, 0.220592528582, 0.186845287681, 0.336967170238, 0.417885810137, 0.253128826618, 0.108130581677, 0.0889121741056, 0.204246640205, 0.153882488608, 0.162788063288, 0.175861224532, 0.0967465862632, 0.0925075784326, 0.105557017028, 0.0716722309589, 0.0511163137853, 0.0288971811533, 0.026251712814, 0.0205159354955, 0.0286224652082, 0.0152204958722, 0.00973135884851, 0.00764516508207, 0.00429993961006, 0.0032374151051, 0.00117093278095, 0.000273841520539, 2.29639699683e-05, 1.56095234161e-06, 4.12662075178e-07, 6.57408065763e-07, 1.4124829022e-06],
        "stdev": [0.061609890312, 0.430562913418, 1.9049500227, 4.0594367981, 6.69815349579, 11.007519722, 37.9889717102, 41.7288169861, 16.7830543518, 22.9652690887, 69.6168899536, 93.3490142822, 65.100151062, 409.78717041, 91.4538269043, 42.6196022034, 40.052986145, 44.0449981689, 67.9349746704, 64.020072937, 63.0787315369, 46.8597335815, 36.2463417053, 51.2107467651, 15.6180505753, 12.7521467209, 12.49214077, 10.3597555161, 13.5526161194, 10.8067436218, 7.54697370529, 4.37029790878, 2.20144200325, 1.0143597126, 0.22789786756, 0.0832548737526, 0.0223773736507, 0.00201542419381, 4.45101068181e-05, 1.90874488908e-05]
    },
    "gfcc": {
        "mean": [-4.3652973175, 108.157218933, -136.690719604, 35.3626594543, -73.6055526733, 14.6601200104, -40.2575187683, 2.56647753716, -22.5860996246, -5.89875936508, -12.6907930374, -4.80124330521, -5.49004173279],
        "cov": [[4208.47949219, -1445.42504883, -1017.33312988, -50.7324905396, 206.006271362, 432.713470459, 339.357879639, 511.483123779, -135.818786621, 297.781005859, -147.311828613, 405.540405273, -244.263931274], [-1445.42504883, 872.246887207, 311.946014404, -34.8391227722, 66.1383743286, -160.857971191, -54.0061225891, -166.265853882, 63.9284820557, -137.969970703, 78.2519836426, -192.034057617, 107.615097046], [-1017.33312988, 311.946014404, 637.803955078, 133.898742676, -74.0071182251, -58.9604949951, -158.339950562, -158.166503906, -15.189745903, -31.2607784271, 3.1662633419, -90.732093811, 40.1369743347], [-50.7324905396, -34.8391227722, 133.898742676, 243.464828491, -23.8116092682, -25.304807663, -55.4645080566, -22.0188484192, 22.3137111664, -9.37936401367, 9.64122581482, -8.59262752533, 7.19519233704], [206.006271362, 66.1383743286, -74.0071182251, -23.8116092682, 218.003616333, 84.4358901978, 70.0834655762, 71.102180481, -16.7987098694, 16.9036121368, -14.5365571976, 24.8415145874, -22.7006435394], [432.713470459, -160.857971191, -58.9604949951, -25.304807663, 84.4358901978, 258.729217529, 145.918731689, 65.4160385132, -40.7692260742, 35.3557128906, -19.0741901398, 45.1357269287, -25.4748802185], [339.357879639, -54.0061225891, -158.339950562, -55.4645080566, 70.0834655762, 145.918731689, 209.726226807, 84.4602050781, -0.247227743268, 15.6343307495, 5.5868935585, 37.9192581177, 4.19429302216], [511.483123779, -166.265853882, -158.166503906, -22.0188484192, 71.102180481, 65.4160385132, 84.4602050781, 154.009368896, 10.3504724503, 43.939414978, -10.659866333, 62.3566474915, -35.4558258057], [-135.818786621, 63.9284820557, -15.189745903, 22.3137111664, -16.7987098694, -40.7692260742, -0.247227743268, 10.3504724503, 91.6632003784, 3.19418501854, 16.3197879791, -15.7544946671, 21.2272758484], [297.781005859, -137.969970703, -31.2607784271, -9.37936401367, 16.9036121368, 35.3557128906, 15.6343307495, 43.939414978, 3.19418501854, 116.328781128, 2.069688797, 42.7357788086, -27.6140899658], [-147.311828613, 78.2519836426, 3.1662633419, 9.64122581482, -14.5365571976, -19.0741901398, 5.5868935585, -10.659866333, 16.3197879791, 2.069688797, 74.5808563232, 3.99142479897, 24.5606689453], [405.540405273, -192.034057617, -90.732093811, -8.59262752533, 24.8415145874, 45.1357269287, 37.9192581177, 62.3566474915, -15.7544946671, 42.7357788086, 3.99142479897, 115.170982361, -11.061000824], [-244.263931274, 107.615097046, 40.1369743347, 7.19519233704, -22.7006435394, -25.4748802185, 4.19429302216, -35.4558258057, 21.2272758484, -27.6140899658, 24.5606689453, -11.061000824, 92.0265884399]],
        "icov": [[0.00119863031432, 0.00042459811084, 0.00134253955912, -0.000847287650686, 0.000171256615431, -0.000584467372391, 5.46029041288e-05, -0.00126828113571, 0.00136380689219, -0.00124244717881, 0.00133567652665, -0.00101876736153, 0.000388677697629], [0.00042459811084, 0.00852384231985, -0.00341014517471, 0.00349073880352, -0.00764168938622, 0.00470170006156, -0.0036946402397, 0.00345206656493, -0.00364577560686, 0.0043402002193, -0.00705614546314, 0.0074073462747, -0.0017945964355], [0.00134253955912, -0.00341014517471, 0.0060334620066, -0.00379645358771, 0.00375182251446, -0.00387598760426, 0.00343696819618, -0.00170579797123, 0.00404203822836, -0.00420248508453, 0.00502097420394, -0.00347417267039, 0.000304316054098], [-0.000847287650686, 0.00349073880352, -0.00379645358771, 0.007366288919, -0.00350322853774, 0.00207277084701, -0.000507262418978, 0.00205592461862, -0.00454175844789, 0.00382408127189, -0.00498278439045, 0.00341625814326, -0.000790707417764], [0.000171256615431, -0.00764168938622, 0.00375182251446, -0.00350322853774, 0.0130323292688, -0.00565961422399, 0.00302296411246, -0.00614155828953, 0.00486074807122, -0.00437849853188, 0.00741031207144, -0.00669279508293, 0.00195512734354], [-0.000584467372391, 0.00470170006156, -0.00387598760426, 0.00207277084701, -0.00565961422399, 0.0116454614326, -0.00853707268834, 0.00326918554492, -0.000313187367283, 0.00198463839479, -0.00341835711151, 0.00403747009113, 2.05858741538e-05], [5.46029041288e-05, -0.0036946402397, 0.00343696819618, -0.000507262418978, 0.00302296411246, -0.00853707268834, 0.0137614943087, -0.00521923229098, 0.000654936768115, -0.00105226575397, 0.00133288989309, -0.00248808856122, -0.00237116240896], [-0.00126828113571, 0.00345206656493, -0.00170579797123, 0.00205592461862, -0.00614155828953, 0.00326918554492, -0.00521923229098, 0.0175791420043, -0.00683163665235, 0.00185842323117, -0.00317917298526, 7.69549842516e-06, 0.00256366352551], [0.00136380689219, -0.00364577560686, 0.00404203822836, -0.00454175844789, 0.00486074807122, -0.000313187367283, 0.000654936768115, -0.00683163665235, 0.0186704862863, -0.00593849737197, 0.00365935708396, -0.00106519286055, -0.00226738583297], [-0.00124244717881, 0.0043402002193, -0.00420248508453, 0.00382408127189, -0.00437849853188, 0.00198463839479, -0.00105226575397, 0.00185842323117, -0.00593849737197, 0.0155276209116, -0.00706569151953, 0.0019116968615, 0.00153863907326], [0.00133567652665, -0.00705614546314, 0.00502097420394, -0.00498278439045, 0.00741031207144, -0.00341835711151, 0.00133288989309, -0.00317917298526, 0.00365935708396, -0.00706569151953, 0.02413030155, -0.00966835580766, -0.000973981630523], [-0.00101876736153, 0.0074073462747, -0.00347417267039, 0.00341625814326, -0.00669279508293, 0.00403747009113, -0.00248808856122, 7.69549842516e-06, -0.00106519286055, 0.0019116968615, -0.00966835580766, 0.0218622274697, -0.0045075668022], [0.000388677697629, -0.0017945964355, 0.000304316054098, -0.000790707417764, 0.00195512734354, 2.05858741538e-05, -0.00237116240896, 0.00256366352551, -0.00226738583297, 0.00153863907326, -0.000973981630523, -0.0045075668022, 0.016212400049]]
    },
    "melbands": {
        "max": [0.00432048877701, 0.00712500978261, 0.00597149413079, 0.00501258578151, 0.0104709528387, 0.0090000256896, 0.00417693890631, 0.0029207249172, 0.00679816026241, 0.00601849844679, 0.00517850741744, 0.0102736437693, 0.00502711441368, 0.00104182772338, 0.00109216116834, 0.000825902388897, 0.00089968694374, 0.00124490901362, 0.00128242769279, 0.00106433534529, 0.00100579974242, 0.000600583734922, 0.000451767147752, 0.000377448450308, 0.000379283184884, 0.000159895978868, 0.000121916200442, 0.000116779861855, 0.000113333655463, 9.11034148885e-05, 8.74969555298e-05, 0.000105358492874, 0.00015634126612, 5.70975171286e-05, 6.33125018794e-05, 5.07486220158e-05, 2.98162940453e-05, 1.72934069269e-05, 2.62409666902e-05, 1.59577230079e-05],
        "mean": [0.000363795261364, 0.00061419128906, 0.000622470630333, 0.000489354366437, 0.000757599365897, 0.000514748273417, 0.000189455444342, 0.000181093113497, 0.000337535690051, 0.000277492858004, 0.000145505619003, 0.000701439043041, 0.000259562249994, 7.34764762456e-05, 6.79002041579e-05, 8.05544405011e-05, 4.28013663623e-05, 5.61202687095e-05, 7.36790607334e-05, 3.70575835404e-05, 3.12231859425e-05, 2.52070658462e-05, 1.96159053303e-05, 2.21832779062e-05, 2.57902811427e-05, 1.05867602542e-05, 7.77483001002e-06, 6.35079095446e-06, 6.36464255876e-06, 3.7950208025e-06, 3.13094005833e-06, 3.61926868209e-06, 3.20622825711e-06, 2.74738090411e-06, 2.20659580918e-06, 1.61418381595e-06, 1.06218624296e-06, 7.44803287489e-07, 4.81055337787e-07, 2.43256948806e-07],
        "min": [5.07543859385e-07, 2.30752846164e-07, 8.87486748979e-07, 1.78818834229e-06, 2.31020635511e-06, 1.04932337308e-06, 3.01747536469e-06, 1.79707956249e-06, 2.47663319897e-06, 2.13322960008e-06, 7.3481447771e-07, 2.53485040957e-07, 2.77849295571e-07, 3.04195395984e-07, 2.13435967567e-07, 2.08427778148e-07, 1.80344471801e-07, 1.79047333404e-07, 1.61640684837e-07, 8.65384492954e-08, 1.00256585256e-07, 8.686939168e-08, 7.35174552347e-08, 4.95043330773e-08, 3.143012961e-08, 1.92003248856e-08, 1.7273725561e-08, 1.4186754882e-08, 1.01362740423e-08, 1.25179724364e-08, 1.11672848746e-08, 6.10893913233e-09, 3.81500830926e-09, 5.42638689538e-09, 4.66899141571e-09, 2.83879919571e-09, 2.05438777101e-09, 2.39993491746e-09, 1.25256494066e-09, 5.90157422931e-10],
        "stdev": [0.000513465958647, 0.000768752826843, 0.000694898131769, 0.00056759029394, 0.0010730298236, 0.000893114425708, 0.000265863578534, 0.000263235124294, 0.000649715657346, 0.000584979716223, 0.000347382650943, 0.00161838391796, 0.000609496317338, 0.000112016306957, 9.25299318624e-05, 0.000106106403109, 9.43180348258e-05, 0.00011203300528, 0.00012438466365, 8.62274100655e-05, 6.95911294315e-05, 5.48095886188e-05, 3.7045814679e-05, 3.66867388948e-05, 4.62783973489e-05, 1.54844237841e-05, 1.10523033072e-05, 9.55977611738e-06, 9.65627259575e-06, 5.78842309551e-06, 6.2368953877e-06, 7.47039530324e-06, 8.31822580949e-06, 5.3737194321e-06, 4.6396153266e-06, 3.57596582035e-06, 2.4022638172e-06, 1.66933727996e-06, 1.34092726967e-06, 6.82164284171e-07]
    },
    "melbands128": {
        "max": [0.00123424478807, 0.00503362389281, 0.00692301057279, 0.00737903360277, 0.010111710988, 0.0112642701715, 0.00696945562959, 0.00924768764526, 0.00940061267465, 0.00700751505792, 0.00620036385953, 0.0112188551575, 0.0192517824471, 0.017083035782, 0.0161994509399, 0.0171625204384, 0.00814765226096, 0.00500748772174, 0.00795594323426, 0.00388157879934, 0.00573276774958, 0.00806475616992, 0.0101055204868, 0.0140584278852, 0.00796437077224, 0.0127817522734, 0.00259755528532, 0.0103489523754, 0.0145331816748, 0.0193522702903, 0.0222971439362, 0.0170862544328, 0.00420075282454, 0.00290566985495, 0.00163897848688, 0.00230398890562, 0.00172240205575, 0.00240980950184, 0.0011596622644, 0.00130433775485, 0.00119408930186, 0.00152302405331, 0.00186930259224, 0.00265854923055, 0.00138914736453, 0.00235603819601, 0.00144748238381, 0.00204180111177, 0.00312589295208, 0.00223783007823, 0.00153815711383, 0.00360325770453, 0.00156725384295, 0.000850698212162, 0.000842050008941, 0.00118744443171, 0.00134209194221, 0.00103907159064, 0.000620075617917, 0.000606731220614, 0.00032989596366, 0.00123198749498, 0.000753086642362, 0.000670841545798, 0.000508796598297, 0.000172709245817, 9.73652277025e-05, 0.000109876207716, 0.000212180151721, 7.66351440689e-05, 0.000183980824659, 0.000223715906031, 0.000204887255677, 0.000168427970493, 0.000106467741716, 9.57863740041e-05, 0.000168008089531, 0.000140934687806, 8.77576967468e-05, 9.36789656407e-05, 0.000120217147924, 0.000145000463817, 0.000152151638758, 0.000201494156499, 0.000122989265947, 7.07908402546e-05, 7.36938454793e-05, 7.80267801019e-05, 7.39383176551e-05, 5.61898159503e-05, 6.95865164744e-05, 4.04684979003e-05, 5.43825735804e-05, 3.90074164898e-05, 3.47291606886e-05, 2.99230759992e-05, 1.90685132111e-05, 2.11523838516e-05, 2.67392388196e-05, 4.84376832901e-05, 2.31121885008e-05, 9.7041565823e-06, 6.1439068304e-06, 5.01147178511e-06, 5.30530041942e-06, 3.9319793359e-06, 2.40324970946e-06, 2.61925197265e-06, 1.74947024334e-06, 1.44979071592e-06, 1.71625470102e-06, 8.67224343892e-07, 1.25180417854e-06, 1.43184786339e-06, 1.4511693962e-06, 1.6375479106e-07, 5.28676942224e-08, 2.10961292879e-08, 2.06243431222e-08, 2.01450252035e-08, 1.97416127889e-08, 1.93835116846e-08, 1.90371292064e-08, 1.87447088962e-08, 1.84779960222e-08, 1.82989090547e-08, 1.81578361236e-08, 1.8071991903e-08],
        "mean": [5.12130209245e-05, 0.000287404749542, 0.000474586122436, 0.000550290336832, 0.000680216122419, 0.000568375748117, 0.000660148565657, 0.00065841601463, 0.000554169761017, 0.000476242392324, 0.000425810401794, 0.00054054177599, 0.000941201753449, 0.000935769698117, 0.000558927538805, 0.000269853277132, 0.000150402018335, 0.000176040062797, 0.000242400172283, 0.000171190797118, 0.000140128046041, 0.000223139810259, 0.000431721040513, 0.000372282403987, 0.000301241845591, 0.000285914517008, 8.26819159556e-05, 0.000130283791805, 0.000128095896798, 0.000499619287439, 0.00115822430234, 0.000685274717398, 6.45651089144e-05, 7.98544715508e-05, 3.93835871364e-05, 8.92928655958e-05, 9.75376169663e-05, 6.47822234896e-05, 4.60706214653e-05, 8.18280823296e-05, 0.000114199341624, 3.24538923451e-05, 3.41004924849e-05, 6.25728280284e-05, 2.7594211133e-05, 5.44419453945e-05, 8.46944385557e-05, 0.000100556630059, 5.57564126211e-05, 2.44713901338e-05, 3.86687170248e-05, 4.49752515124e-05, 3.64890984201e-05, 2.1598465537e-05, 2.77971721516e-05, 3.0324466934e-05, 1.79904454853e-05, 1.5997180526e-05, 2.0616223992e-05, 2.65121816483e-05, 1.429835811e-05, 2.62307785306e-05, 3.37325036526e-05, 2.5246068617e-05, 1.5289942894e-05, 9.75712464424e-06, 7.58217947805e-06, 7.96030963102e-06, 9.44871862885e-06, 4.41000338469e-06, 6.10999677519e-06, 7.7415652413e-06, 6.29789838058e-06, 6.6527418312e-06, 5.65086384086e-06, 3.93105301555e-06, 2.90369553113e-06, 2.97996302834e-06, 3.36633524967e-06, 2.94429946734e-06, 3.51270773535e-06, 4.11621294916e-06, 3.4034685541e-06, 3.23211770592e-06, 2.86826616502e-06, 2.8205408853e-06, 2.86534486804e-06, 2.28160456572e-06, 2.36213304561e-06, 1.84249870472e-06, 1.97940858015e-06, 1.41476903082e-06, 1.30012767841e-06, 1.0367853065e-06, 9.61049295256e-07, 8.63185221078e-07, 6.93335323376e-07, 5.76883678605e-07, 5.32270860276e-07, 4.18446148842e-07, 2.86992047904e-07, 2.24390660719e-07, 1.69304158248e-07, 1.37195669936e-07, 1.26688760815e-07, 9.60285007068e-08, 8.71398881941e-08, 8.92241303063e-08, 9.77433103344e-08, 8.23730204047e-08, 5.40611857502e-08, 4.2581486781e-08, 3.12158441318e-08, 1.76643482064e-08, 9.21592313574e-09, 3.58179108595e-09, 9.06415498214e-10, 2.20417278179e-11, 2.22436652431e-11, 2.09122528322e-11, 1.96455282597e-11, 1.90947691686e-11, 1.87490994952e-11, 1.84408616849e-11, 1.81456256271e-11, 1.79020322871e-11, 1.77264852103e-11, 1.76349282399e-11],
        "min": [5.1540345325e-09, 1.08873528859e-07, 3.73395266706e-07, 2.49753725257e-07, 8.38841245354e-08, 2.51518741834e-07, 6.45213788175e-07, 1.01962757526e-06, 1.32976208533e-06, 1.68789438248e-06, 8.21482387892e-07, 2.08390747503e-06, 2.18517993744e-06, 1.84565135442e-06, 7.15198950729e-07, 4.39972183131e-07, 6.25266750376e-07, 1.12342877401e-06, 1.15146974622e-06, 2.0727028982e-07, 5.24516735823e-07, 1.01028240351e-06, 5.54659209229e-07, 2.35971199913e-07, 2.20692484731e-07, 4.43819374141e-07, 3.55976283117e-07, 1.19607946658e-07, 2.20139213525e-07, 2.41257282596e-07, 1.54044528244e-07, 8.76183179344e-08, 5.02094330557e-08, 7.26297528786e-08, 1.33172292749e-07, 5.41891402861e-08, 8.45832843765e-08, 7.57909432991e-08, 1.73436411899e-08, 1.00432409056e-07, 5.83768091644e-08, 8.99132430732e-08, 1.58846262366e-07, 8.26300521339e-08, 5.24931884627e-08, 1.15720851568e-07, 7.70476518142e-08, 3.44763861904e-08, 2.53769982805e-08, 5.27953254448e-08, 6.50105249633e-08, 7.3716279303e-08, 3.60928176235e-08, 7.42803010212e-08, 1.59302206981e-08, 3.25034612558e-08, 4.23040624753e-08, 3.92052541542e-08, 3.19651078939e-08, 1.37920936893e-08, 2.28317027506e-08, 8.65964544516e-09, 1.31282016369e-08, 2.1685304219e-08, 1.24420047598e-08, 8.75624817098e-09, 9.4086667346e-09, 8.05748445742e-09, 6.97338808919e-09, 7.19330195409e-09, 7.61987095643e-09, 1.14914202598e-08, 3.18760640106e-09, 5.84473980325e-09, 5.93802917948e-09, 5.1808193291e-09, 1.02873771723e-08, 1.11446540885e-08, 7.01544644599e-09, 4.07524325396e-09, 3.8331156027e-09, 2.19882734243e-09, 3.23292481674e-09, 2.39146591419e-09, 1.99527017131e-09, 2.56491916595e-09, 3.87488929832e-09, 4.13859657655e-09, 4.19822487885e-09, 3.20555271216e-09, 2.76496292528e-09, 2.00553440521e-09, 1.6905077338e-09, 1.03614616886e-09, 1.03608854829e-09, 2.0619921326e-09, 1.62107005597e-09, 1.17750886819e-09, 1.31848432172e-09, 6.83854139982e-10, 5.3198895289e-10, 2.89819973576e-10, 2.42414699425e-10, 2.08859665674e-10, 8.20364817744e-11, 1.52835161193e-10, 1.02348886311e-10, 1.75754853379e-12, 1.16622843652e-13, 9.49252883329e-14, 1.03252408251e-13, 1.17962660039e-13, 9.54800745846e-14, 9.60344339316e-14, 1.11917047082e-13, 1.07882012514e-13, 1.01312269121e-13, 8.95153702139e-14, 6.05780481116e-14, 7.02514421961e-14, 6.91511328451e-14, 7.29023436129e-14, 7.65769487209e-14, 7.19276119785e-14, 5.1960250203e-14, 2.28872689979e-14, 2.3034957239e-15, 9.47991267459e-17],
        "stdev": [0.000115867034765, 0.000529648095835, 0.000731419131625, 0.000778154062573, 0.00102846254595, 0.000840694468934, 0.000911434122827, 0.000945420411881, 0.000814479426481, 0.000732122920454, 0.000712960783858, 0.000976019073278, 0.00167372147553, 0.00175748427864, 0.00130841834471, 0.000878439343069, 0.000316268997267, 0.000316068122629, 0.00041515743942, 0.000301722961012, 0.000355951226084, 0.00055232970044, 0.000955139112193, 0.00110952008981, 0.00080976204481, 0.000856333004776, 0.000226059099077, 0.000460932496935, 0.000625363260042, 0.0019146053819, 0.00285255163908, 0.00196943618357, 0.000164565411978, 0.000201593793463, 0.000100808108982, 0.000189571743249, 0.000170053346665, 0.000155343586812, 9.46261061472e-05, 0.00012819452968, 0.000180707167601, 7.21190299373e-05, 9.89018226392e-05, 0.000211149526876, 9.5306255389e-05, 0.000179666632903, 0.000187197350897, 0.000197897752514, 0.000173326057848, 0.000108032756543, 0.000124894955661, 0.000160162846441, 0.000128566534841, 5.05218849867e-05, 6.25128814136e-05, 9.43588675e-05, 7.49726241338e-05, 5.62238419661e-05, 4.52057975053e-05, 5.43544010725e-05, 3.26553890773e-05, 7.94008228695e-05, 8.30345525173e-05, 6.2693565269e-05, 4.24229656346e-05, 1.69407485373e-05, 1.06458937807e-05, 1.2402872926e-05, 1.80075876415e-05, 6.39620884613e-06, 1.22647024909e-05, 1.47309247041e-05, 1.40296724567e-05, 1.30767684823e-05, 1.03811098597e-05, 6.19553748038e-06, 7.24875417291e-06, 7.50385379433e-06, 6.68399616188e-06, 6.42986287858e-06, 7.40054110793e-06, 9.47226908465e-06, 9.77175386652e-06, 9.57170959737e-06, 7.60588181947e-06, 5.62315153729e-06, 5.86879423281e-06, 5.10554309585e-06, 5.26099574927e-06, 4.66820620204e-06, 4.63424248665e-06, 3.18024581247e-06, 3.10462360176e-06, 2.54365818364e-06, 2.25996154768e-06, 2.20683659791e-06, 1.5797118067e-06, 1.44116995671e-06, 1.52943493958e-06, 1.66594816164e-06, 9.02893418697e-07, 5.98879466907e-07, 3.64380895235e-07, 3.08296307594e-07, 2.80703687849e-07, 2.1327126376e-07, 1.85729035707e-07, 1.67696398989e-07, 1.74797378349e-07, 1.50206275862e-07, 9.36143393915e-08, 8.64843698878e-08, 7.89211043184e-08, 8.66105764885e-08, 5.90596336281e-08, 1.12122249263e-08, 3.29473937022e-09, 5.66020397219e-10, 5.53621204435e-10, 5.40511080338e-10, 5.29618737755e-10, 5.19987830572e-10, 5.10693931588e-10, 5.02829111682e-10, 4.95675389622e-10, 4.9086978926e-10, 4.87079210298e-10, 4.8477444281e-10]
    },
    "mfcc": {
        "mean": [-635.298339844, 124.528106689, -3.83954811096, 17.6820526123, -6.08817577362, 4.46031713486, -6.42826461792, 3.44981098175, -6.35439252853, 0.330565720797, -6.19044017792, -4.02913808823, -4.80043506622],
        "cov": [[4650.89697266, -1386.66003418, -1162.23779297, -248.529602051, -250.503845215, 80.7811508179, 278.248474121, 420.688049316, 70.4366760254, 240.317382812, 137.064300537, 22.2939167023, 147.608642578], [-1386.66003418, 832.51953125, 166.448120117, 32.7020835876, 115.144721985, -35.9494781494, -10.9450025558, -104.406303406, -1.38948571682, -34.4452133179, -31.607131958, -15.7333498001, -45.1566696167], [-1162.23779297, 166.448120117, 678.176452637, 128.952026367, 84.5692214966, 30.5440483093, -100.086219788, -160.809555054, -33.0604476929, -99.9188308716, -42.8766593933, -0.163710102439, -47.7387123108], [-248.529602051, 32.7020835876, 128.952026367, 206.893173218, 68.4422836304, -42.0085983276, -69.9219589233, -46.275226593, -6.27022314072, -38.3744773865, 0.449493378401, 9.24510288239, 0.362661480904], [-250.503845215, 115.144721985, 84.5692214966, 68.4422836304, 161.221176147, 5.2577214241, -8.40375804901, -23.1315860748, 6.12941980362, -30.7964458466, 7.24708843231, 7.1197104454, -2.53300285339], [80.7811508179, -35.9494781494, 30.5440483093, -42.0085983276, 5.2577214241, 149.791870117, 81.8702926636, 30.815574646, 18.7975234985, 29.4524974823, -5.23137331009, -6.48492765427, -2.65018486977], [278.248474121, -10.9450025558, -100.086219788, -69.9219589233, -8.40375804901, 81.8702926636, 180.191558838, 84.9784240723, 24.385055542, 41.0255775452, 6.55636644363, 4.85089731216, 14.1686010361], [420.688049316, -104.406303406, -160.809555054, -46.275226593, -23.1315860748, 30.815574646, 84.9784240723, 163.486404419, 36.8224067688, 36.1924438477, 6.55926990509, 4.0266456604, 25.2813720703], [70.4366760254, -1.38948571682, -33.0604476929, -6.27022314072, 6.12941980362, 18.7975234985, 24.385055542, 36.8224067688, 76.9874649048, 33.0371131897, -1.91420674324, -4.73588991165, 10.6075267792], [240.317382812, -34.4452133179, -99.9188308716, -38.3744773865, -30.7964458466, 29.4524974823, 41.0255775452, 36.1924438477, 33.0371131897, 105.143081665, 20.5754375458, -13.1709022522, 3.18353486061], [137.064300537, -31.607131958, -42.8766593933, 0.449493378401, 7.24708843231, -5.23137331009, 6.55636644363, 6.55926990509, -1.91420674324, 20.5754375458, 76.4840927124, 25.2457637787, 10.3800497055], [22.2939167023, -15.7333498001, -0.163710102439, 9.24510288239, 7.1197104454, -6.48492765427, 4.85089731216, 4.0266456604, -4.73588991165, -13.1709022522, 25.2457637787, 75.0126876831, 23.8213424683], [147.608642578, -45.1566696167, -47.7387123108, 0.362661480904, -2.53300285339, -2.65018486977, 14.1686010361, 25.2813720703, 10.6075267792, 3.18353486061, 10.3800497055, 23.8213424683, 66.5844726562]],
        "icov": [[0.00100478809327, 0.00139921985101, 0.00118794443551, -2.41022116825e-05, -0.000171157327713, -7.32502803658e-06, -0.000675270159263, -8.44103778945e-05, 9.04945409275e-05, -0.000386000989238, -0.000406921433751, 0.000225118783419, -0.000270825519692], [0.00139921985101, 0.00354123394936, 0.00146632711403, 0.000301021616906, -0.00138623116072, 0.000894502212759, -0.00173914339393, 0.000885632121935, -0.000254432234215, -0.000729243678506, 9.23793559195e-05, 0.000288816867396, 0.000323752086842], [0.00118794443551, 0.00146632711403, 0.00406303070486, -0.00105982332025, -0.00035887863487, -0.00185343169142, -0.000125469043269, 0.00164623185992, -0.000244562601438, 0.00112860405352, 0.000209098070627, -0.000195856700884, 0.000616448640358], [-2.41022116825e-05, 0.000301021616906, -0.00105982332025, 0.00714432587847, -0.00266746291891, 0.00158848706633, 0.00151258520782, -2.8301272323e-05, -0.00044664327288, 9.0526722488e-05, -8.1847414549e-05, -0.000277016777545, -0.000711867120117], [-0.000171157327713, -0.00138623116072, -0.00035887863487, -0.00266746291891, 0.0089705074206, -0.00147113797721, -0.000296486687148, 1.38248697112e-05, -0.00173743034247, 0.00280065019615, -0.00226224004291, 0.000294424360618, -7.27050282876e-05], [-7.32502803658e-06, 0.000894502212759, -0.00185343169142, 0.00158848706633, -0.00147113797721, 0.0110822636634, -0.00490380404517, 1.57226440933e-05, -0.000660051009618, -0.00248119467869, 0.00109839451034, 0.000355850846972, 0.00063326919917], [-0.000675270159263, -0.00173914339393, -0.000125469043269, 0.00151258520782, -0.000296486687148, -0.00490380404517, 0.011193646118, -0.00385562633164, 0.000457895541331, -0.000656804535538, 0.000141806420288, -0.00122967618518, -0.000528829987161], [-8.44103778945e-05, 0.000885632121935, 0.00164623185992, -2.8301272323e-05, 1.38248697112e-05, 1.57226440933e-05, -0.00385562633164, 0.0113000702113, -0.00350621319376, 0.000615917902905, 0.000745875004213, -0.000178313275683, -0.00102407834493], [9.04945409275e-05, -0.000254432234215, -0.000244562601438, -0.00044664327288, -0.00173743034247, -0.000660051009618, 0.000457895541331, -0.00350621319376, 0.0174768827856, -0.00578346475959, 0.00217946595512, 0.000350064481609, -0.00237732380629], [-0.000386000989238, -0.000729243678506, 0.00112860405352, 9.0526722488e-05, 0.00280065019615, -0.00248119467869, -0.000656804535538, 0.000615917902905, -0.00578346475959, 0.0160332527012, -0.00509629119188, 0.00338657782413, 0.000821183726657], [-0.000406921433751, 9.23793559195e-05, 0.000209098070627, -8.1847414549e-05, -0.00226224004291, 0.00109839451034, 0.000141806420288, 0.000745875004213, 0.00217946595512, -0.00509629119188, 0.0176704600453, -0.00634758640081, 0.000172058265889], [0.000225118783419, 0.000288816867396, -0.000195856700884, -0.000277016777545, 0.000294424360618, 0.000355850846972, -0.00122967618518, -0.000178313275683, 0.000350064481609, 0.00338657782413, -0.00634758640081, 0.0180350281298, -0.00576774496585], [-0.000270825519692, 0.000323752086842, 0.000616448640358, -0.000711867120117, -7.27050282876e-05, 0.00063326919917, -0.000528829987161, -0.00102407834493, -0.00237732380629, 0.000821183726657, 0.000172058265889, -0.00576774496585, 0.0191842336208]]
    },
    "spectral_contrast_coeffs": {
        "max": [-0.418039262295, -0.510700345039, -0.466516464949, -0.61484003067, -0.641819834709, -0.634195327759],
        "mean": [-0.693515181541, -0.753735125065, -0.737673580647, -0.774446547031, -0.786336779594, -0.749073028564],
        "min": [-0.945566654205, -0.904402852058, -0.898373901844, -0.900541543961, -0.883029341698, -0.843191027641],
        "stdev": [0.0772927850485, 0.0668281242251, 0.0868571773171, 0.0566542334855, 0.0450664460659, 0.0357410758734]
    },
    "spectral_contrast_valleys": {
        "max": [-5.26018619537, -4.70872831345, -5.74946784973, -6.12037038803, -6.15034866333, -8.25556659698],
        "mean": [-6.65734243393, -6.49732065201, -7.25387716293, -7.58798551559, -7.58598709106, -10.3401260376],
        "min": [-8.15402698517, -7.9182600975, -9.23119068146, -9.52816581726, -9.75896644592, -12.4542703629],
        "stdev": [0.499711602926, 0.499031990767, 0.643915057182, 0.667484760284, 0.811762392521, 0.776906490326]
    }
},
"rhythm": {
    "beats_count": 46,
    "beats_loudness": {
        "max": 0.0777047276497,
        "mean": 0.0294566042721,
        "min": 0.00210744515061,
        "stdev": 0.0151933096349
    },
    "bpm": 85.5145797729,
    "bpm_histogram_first_peak_bpm": 86,
    "bpm_histogram_first_peak_weight": 0.199999988079,
    "bpm_histogram_second_peak_bpm": 0,
    "bpm_histogram_second_peak_spread": 0,
    "bpm_histogram_second_peak_weight": 0,
    "danceability": 0.939312160015,
    "onset_rate": 2.83007788658,
    "beats_loudness_band_ratio": {
        "max": [0.780631363392, 0.923708260059, 0.579866468906, 0.838210940361, 0.488829642534, 0.264248877764],
        "mean": [0.218866348267, 0.314752429724, 0.179578468204, 0.18965138495, 0.0987112745643, 0.0422486700118],
        "min": [0.00675286445767, 0.010349418968, 0.00507860630751, 0.00280542275868, 0.00382249895483, 0.00166547938716],
        "stdev": [0.175714552402, 0.250924259424, 0.137507975101, 0.216514185071, 0.108598209918, 0.0454362891614]
    },
    "beats_position": [0.673378646374, 1.369977355, 2.06657600403, 2.76317453384, 3.47138309479, 4.1679816246, 4.85297060013, 5.53795909882, 6.2229475975, 6.91954612732, 7.61614513397, 8.31274318695, 9.02095222473, 9.71755123138, 10.4257593155, 11.1339683533, 11.8305664062, 12.5271654129, 13.2237634659, 13.9203624725, 14.6053514481, 15.301949501, 15.9985485077, 16.7067565918, 17.426574707, 18.1347846985, 18.8313827515, 19.5395908356, 20.247800827, 20.94439888, 21.640996933, 22.3608150482, 23.0574150085, 23.7656230927, 24.4854412079, 25.2052612305, 25.9134693146, 26.6332874298, 27.3298854828, 28.0264854431, 28.7230834961, 29.4312915802, 30.1394996643, 30.8477096558, 31.5559177399, 32.2525177002],
