{
"metadata": {
    "version": {
        "essentia": "2.1-beta5",
        "essentia_git_sha": "Undefined",
        "extractor": "music 2.0"
    },
    "audio_properties": {
        "analysis": {
            "equal_loudness": 0,
            "length": 12.7477550507,
            "sample_rate": 44100,
            "start_time": 0,
            "downmix": "mix"
        },
        "bit_rate": 192000,
        "length": 199.854171753,
        "lossless": 0,
        "number_channels": 2,
        "replay_gain": 12.9435558319,
        "sample_rate": 48000,
        "codec": "mp3",
        "md5_encoded": "585d2643f985c369e6e0aa6b64a855cc"
    },
    "tags": {
        "file_name": "Poland_Sama_Justyna.mp3",
        "encoding": ["Lavf58.29.100"]
    }
},
"lowlevel": {
    "average_loudness": 0.00013076045434,
    "barkbands_crest": {
        "max": 13.2969617844,
        "mean": 6.5384888649,
        "min": 3.98481273651,
        "stdev": 0.810729146004
    },
    "barkbands_flatness_db": {
        "max": 0.172584190965,
        "mean": 0.080120690167,
        "min": 0.0516584180295,
        "stdev": 0.0203997306526
    },
    "barkbands_kurtosis": {
        "max": 4.94618415833,
        "mean": 2.96340084076,
        "min": -0.220487117767,
        "stdev": 0.986066043377
    },
    "barkbands_skewness": {
        "max": 1.44201469421,
        "mean": -1.59448230267,
        "min": -2.18457198143,
        "stdev": 0.721092760563
    },
    "barkbands_spread": {
        "max": 42.1608276367,
        "mean": 25.1040458679,
        "min": 7.33684206009,
        "stdev": 5.5549864769
    },
    "dissonance": {
        "max": 0.499999850988,
        "mean": 0.49275380373,
        "min": 0.464159399271,
        "stdev": 0.0053738784045
    },
    "dynamic_complexity": 7.22867250443,
    "erbbands_crest": {
        "max": 13.3845787048,
        "mean": 3.82790207863,
        "min": 2.65539050102,
        "stdev": 1.3441478014
    },
    "erbbands_flatness_db": {
        "max": 0.274078458548,
        "mean": 0.112040817738,
        "min": 0.0808553248644,
        "stdev": 0.0407683327794
    },
    "erbbands_kurtosis": {
        "max": 2.88026618958,
        "mean": 0.213700249791,
        "min": -0.71862745285,
        "stdev": 0.480021595955
    },
    "erbbands_skewness": {
        "max": 1.14066171646,
        "mean": -0.51586151123,
        "min": -1.00835096836,
        "stdev": 0.387652635574
    },
    "erbbands_spread": {
        "max": 45.433807373,
        "mean": 34.2658576965,
        "min": 9.66979885101,
        "stdev": 7.00435829163
    },
    "hfc": {
        "max": 296.521026611,
        "mean": 9.3721075058,
        "min": 1.04057124067e-16,
        "stdev": 39.0077629089
    },
    "loudness_ebu128": {
        "integrated": -31.8576488495,
        "loudness_range": 15.4865608215,
        "momentary": {
            "max": -28.6794128418,
            "mean": -271.885742188,
            "min": -300.691009521,
            "stdev": 81.4230422974
        },
        "short_term": {
            "max": -35.5198669434,
            "mean": -265.482116699,
            "min": -300.691009521,
            "stdev": 87.1382827759
        }
    },
    "melbands_crest": {
        "max": 20.5649223328,
        "mean": 2.93180537224,
        "min": 1.09278428555,
        "stdev": 2.01506567001
    },
    "melbands_flatness_db": {
        "max": 0.157612547278,
        "mean": 0.0179042611271,
        "min": 5.96399513597e-05,
        "stdev": 0.0344722718
    },
    "melbands_kurtosis": {
        "max": 7.14377403259,
        "mean": -0.878231346607,
        "min": -1.43510389328,
        "stdev": 0.976534843445
    },
    "melbands_skewness": {
        "max": 2.17587280273,
        "mean": 0.0803291648626,
        "min": -0.350584417582,
        "stdev": 0.269562780857
    },
    "melbands_spread": {
        "max": 170.479202271,
        "mean": 120.936592102,
        "min": 14.0372819901,
        "stdev": 34.8078193665
    },
    "pitch_salience": {
        "max": 0.987782299519,
        "mean": 0.78919506073,
        "min": 0.546161830425,
        "stdev": 0.0232065524906
    },
    "silence_rate_20dB": {
        "max": 1,
        "mean": 1,
        "min": 1,
        "stdev": 0
    },
    "silence_rate_30dB": {
        "max": 1,
        "mean": 0.974545478821,
        "min": 0,
        "stdev": 0.157501131296
    },
    "silence_rate_60dB": {
        "max": 1,
        "mean": 0.914545476437,
        "min": 0,
        "stdev": 0.279557049274
    },
    "spectral_centroid": {
        "max": 11970.5800781,
        "mean": 10069.7089844,
        "min": 1541.00256348,
        "stdev": 2792.84716797
    },
    "spectral_complexity": {
        "max": 59,
        "mean": 3.61454534531,
        "min": 0,
        "stdev": 12.1792888641
    },
    "spectral_decrease": {
        "max": 2.167136781e-28,
        "mean": -1.50767864859e-09,
        "min": -5.12108471185e-08,
        "stdev": 6.39602282249e-09
    },
    "spectral_energy": {
        "max": 0.22017711401,
        "mean": 0.00654040789232,
        "min": 9.56588414964e-21,
        "stdev": 0.0276623368263
    },
    "spectral_energyband_high": {
        "max": 0.0121557284147,
        "mean": 0.000190350212506,
        "min": 6.88988055102e-21,
        "stdev": 0.000894422642887
    },
    "spectral_energyband_low": {
        "max": 0.000726460653823,
        "mean": 1.08702688522e-05,
        "min": 1.04633792605e-23,
        "stdev": 5.61437846045e-05
    },
    "spectral_energyband_middle_high": {
        "max": 0.135897859931,
        "mean": 0.0045634326525,
        "min": 1.05635881666e-21,
        "stdev": 0.0187242459506
    },
    "spectral_energyband_middle_low": {
        "max": 0.115819662809,
        "mean": 0.00185301364399,
        "min": 1.38650773303e-22,
        "stdev": 0.00977554824203
    },
    "spectral_entropy": {
        "max": 9.8281879425,
        "mean": 9.60801696777,
        "min": 7.69651985168,
        "stdev": 0.573066651821
    },
    "spectral_flux": {
        "max": 0.32243296504,
        "mean": 0.0142600024119,
        "min": 6.21467460826e-11,
        "stdev": 0.0510523691773
    },
    "spectral_kurtosis": {
        "max": 16.2064228058,
        "mean": -0.524710118771,
        "min": -1.28308355808,
        "stdev": 2.0896859169
    },
    "spectral_rms": {
        "max": 0.0146562941372,
        "mean": 0.000680092547555,
        "min": 3.05492545323e-12,
        "stdev": 0.00243276846595
    },
    "spectral_rolloff": {
        "max": 19961.2792969,
        "mean": 17114.3222656,
        "min": 1808.7890625,
        "stdev": 4972.47460938
    },
    "spectral_skewness": {
        "max": 3.02424240112,
        "mean": 0.182965114713,
        "min": -0.0970087051392,
        "stdev": 0.546257317066
    },
    "spectral_spread": {
        "max": 43027040,
        "mean": 36666304,
        "min": 2831770.5,
        "stdev": 11216484
    },
    "spectral_strongpeak": {
        "max": 5.92193603516,
        "mean": 0.186980932951,
        "min": 0,
        "stdev": 0.750073134899
    },
    "zerocrossingrate": {
        "max": 0.76708984375,
        "mean": 0.460237026215,
        "min": 0.04443359375,
        "stdev": 0.126028448343
    },
    "barkbands": {
        "max": [0.000151172775077, 0.000288017385174, 0.000276184116956, 0.000270603020908, 0.000838619540446, 0.00451016286388, 0.00524037284777, 0.00758810946718, 0.101637981832, 0.0226114261895, 0.029163248837, 0.0295450389385, 0.0465884581208, 0.0356012359262, 0.0284675918519, 0.0198009628803, 0.0108989644796, 0.00686293002218, 0.00193312624469, 0.00207693595439, 0.00412748474628, 0.00229928526096, 0.00241610920057, 0.00167297874577, 0.0012433512602, 0.00028342162841, 1.42559440519e-06],
        "mean": [7.51762854634e-07, 4.09918129662e-06, 4.59368175143e-06, 3.90325885746e-06, 2.30551286222e-05, 8.11079080449e-05, 9.46741856751e-05, 0.000143826837302, 0.00136863009539, 0.000463904085336, 0.000590803101659, 0.000638560391963, 0.000735939247534, 0.00070745497942, 0.000599969469476, 0.000455607834738, 0.000237776068388, 0.000108591331809, 6.32068695268e-05, 5.21168767591e-05, 6.70701556373e-05, 3.7850211811e-05, 2.47936332016e-05, 1.7000540538e-05, 1.35295404107e-05, 1.58909256243e-06, 3.38904992958e-09],
        "min": [1.09515340801e-25, 1.40606755101e-24, 2.06511619273e-25, 4.79160819149e-25, 3.7800968178e-24, 7.68410317342e-24, 3.55236056307e-24, 6.42487685371e-24, 4.89812413522e-24, 7.22481967693e-24, 1.17422860821e-23, 1.47059749718e-23, 2.32963120869e-23, 2.52052513478e-23, 4.04772987058e-23, 4.23160293462e-23, 6.20969910682e-23, 9.97593563851e-23, 9.70449238756e-23, 1.42707638814e-22, 1.97179923202e-22, 3.13071302083e-22, 3.13815557637e-22, 5.28117107253e-22, 7.50750012526e-22, 1.20375135524e-21, 1.92493612322e-21],
        "stdev": [7.0141559263e-06, 2.24304076255e-05, 2.47315565503e-05, 2.05483302125e-05, 0.000101984922367, 0.000413733738242, 0.000465274060844, 0.000685556733515, 0.0080544417724, 0.0020997307729, 0.00273882364854, 0.00287665100768, 0.00350960437208, 0.00328311743215, 0.00264991098084, 0.00202708970755, 0.00108976545744, 0.000498908862937, 0.000261767243501, 0.000220128276851, 0.000324008171447, 0.000178403439349, 0.000145254074596, 9.4093302323e-05, 8.01032074378e-05, 1.31673277792e-05, 6.0844719485e-08]
    },
    "erbbands": {
        "max": [0.00836077425629, 0.0671511813998, 0.296987503767, 0.562215030193, 1.79959642887, 3.68023395538, 12.1413326263, 54.5093841553, 82.2334289551, 172.059402466, 307.727050781, 3147.73046875, 1009.5401001, 979.334777832, 1056.2532959, 1224.44470215, 1925.95056152, 1424.9296875, 1210.24182129, 1394.12805176, 913.247131348, 566.806518555, 405.81918335, 147.787414551, 120.537559509, 87.6221160889, 239.378662109, 95.5129623413, 92.4638366699, 71.6851348877, 63.9955711365, 30.4686698914, 36.1467819214, 16.1993103027, 7.65772724152, 2.73786449432, 0.17133012414, 0.00424049561843, 0.000335756863933, 0.000306086440105],
        "mean": [0.000134771107696, 0.000894297671039, 0.00465964851901, 0.00979399681091, 0.0310781579465, 0.0805221050978, 0.266916960478, 0.829568445683, 1.10627949238, 2.20699000359, 5.12698698044, 36.5120697021, 18.9704341888, 18.5567836761, 25.265871048, 27.2603988647, 32.920135498, 36.6550827026, 33.9124412537, 29.3761520386, 21.8303623199, 13.3349475861, 6.90120220184, 4.03194236755, 2.88258051872, 2.50642991066, 3.45442247391, 1.80989718437, 1.43440043926, 1.01243305206, 0.64265447855, 0.325493276119, 0.329527646303, 0.209941893816, 0.058517921716, 0.015176079236, 0.00120984262321, 3.67469219782e-05, 6.82266636431e-06, 8.79006074683e-06],
        "min": [5.66710858553e-23, 4.32924946276e-22, 7.5614299384e-22, 4.03390700803e-21, 7.01264093939e-21, 9.57638708159e-21, 1.64416186197e-20, 4.68628674726e-20, 9.08152870351e-20, 1.33219208335e-19, 2.29821043808e-19, 1.88080217629e-19, 2.82264553138e-19, 4.7668857398e-19, 7.15164951374e-19, 8.20347893898e-19, 1.2869282174e-18, 1.65192414423e-18, 2.20799899935e-18, 2.16634342447e-18, 3.23370440648e-18, 3.84714754581e-18, 5.09077802802e-18, 5.24695055485e-18, 5.91412838075e-18, 7.39786830167e-18, 6.40675496737e-18, 8.59295982553e-18, 9.25732068785e-18, 8.96106429711e-18, 8.89844672474e-18, 1.00743443497e-17, 9.26878954705e-18, 7.44455602981e-18, 5.45958353516e-18, 3.79502400028e-18, 2.06505267693e-18, 8.11013212384e-19, 2.25675679867e-19, 2.55459351797e-20],
        "stdev": [0.000736922025681, 0.00510744890198, 0.0254104919732, 0.0492380447686, 0.152125164866, 0.362609416246, 1.2802785635, 4.43515014648, 5.43298530579, 11.4842643738, 25.8515205383, 229.689971924, 85.0513076782, 86.8532714844, 109.097885132, 122.825332642, 155.570373535, 164.235900879, 142.804656982, 126.003456116, 96.8665542603, 59.063041687, 31.1867313385, 17.2404918671, 12.1361045837, 10.513007164, 17.4248790741, 8.21445083618, 6.95456552505, 5.01863431931, 3.74562358856, 1.73744666576, 1.96894693375, 1.20845282078, 0.390253722668, 0.126627370715, 0.00860655400902, 0.00022968792473, 3.08945673169e-05, 3.70127745555e-05]
    },
    "gfcc": {
        "mean": [-1137.75415039, 4.16184282303, -21.0563831329, -0.668979048729, -8.15958786011, 2.55575990677, -4.36822795868, 0.810668945312, -2.04462170601, 0.315097153187, -1.59367823601, -0.500583052635, 0.0722970142961],
        "cov": [[145844.65625, 5307.63720703, -23861.5253906, -741.35949707, -9200.99902344, 2932.31860352, -4927.95556641, 934.167175293, -2268.94702148, 329.261871338, -1792.61730957, -633.477111816, 115.607162476], [5307.63720703, 268.665252686, -856.132568359, -23.7569789886, -321.214416504, 106.559814453, -172.311889648, 30.6568164825, -76.0120239258, 5.68418216705, -61.6541938782, -30.4972000122, 7.41832876205], [-23861.5253906, -856.132568359, 3936.81323242, 125.871795654, 1515.92419434, -479.331787109, 810.600891113, -149.785476685, 374.659332275, -52.7078361511, 294.219451904, 103.231246948, -16.782333374], [-741.35949707, -23.7569789886, 125.871795654, 8.2991771698, 47.4476737976, -13.6618156433, 26.0428237915, -4.46783065796, 12.1859092712, -1.54644572735, 9.78392124176, 3.28610181808, -0.473044365644], [-9200.99902344, -321.214416504, 1515.92419434, 47.4476737976, 590.829833984, -183.234649658, 313.539703369, -58.1916007996, 145.066635132, -20.0502605438, 114.103912354, 38.8296737671, -6.4400806427], [2932.31860352, 106.559814453, -479.331787109, -13.6618156433, -183.234649658, 62.5908317566, -98.9354782104, 18.9399147034, -46.3709754944, 7.76787805557, -35.5780029297, -12.0708465576, 2.31312680244], [-4927.95556641, -172.311889648, 810.600891113, 26.0428237915, 313.539703369, -98.9354782104, 170.729217529, -30.2530994415, 79.2473678589, -11.655175209, 61.3822937012, 20.1269607544, -3.23783278465], [934.167175293, 30.6568164825, -149.785476685, -4.46783065796, -58.1916007996, 18.9399147034, -30.2530994415, 8.8103017807, -13.4179553986, 3.06133151054, -11.1290225983, -3.87284398079, 0.798435926437], [-2268.94702148, -76.0120239258, 374.659332275, 12.1859092712, 145.066635132, -46.3709754944, 79.2473678589, -13.4179553986, 39.7639465332, -5.14683914185, 29.0496330261, 8.29849624634, -1.21506989002], [329.261871338, 5.68418216705, -52.7078361511, -1.54644572735, -20.0502605438, 7.76787805557, -11.655175209, 3.06133151054, -5.14683914185, 3.78846049309, -2.91447305679, 0.00997175928205, -0.362885534763], [-1792.61730957, -61.6541938782, 294.219451904, 9.78392124176, 114.103912354, -35.5780029297, 61.3822937012, -11.1290225983, 29.0496330261, -2.91447305679, 25.3348140717, 8.54284191132, -1.02906644344], [-633.477111816, -30.4972000122, 103.231246948, 3.28610181808, 38.8296737671, -12.0708465576, 20.1269607544, -3.87284398079, 8.29849624634, 0.00997175928205, 8.54284191132, 6.18051338196, -0.601245343685], [115.607162476, 7.41832876205, -16.782333374, -0.473044365644, -6.4400806427, 2.31312680244, -3.23783278465, 0.798435926437, -1.21506989002, -0.362885534763, -1.02906644344, -0.601245343685, 1.99104261398]],
        "icov": [[0.00259967637248, -0.00601394288242, 0.00634325901046, -0.00301084830426, 0.00820267666131, -0.00619518524036, 0.0110144382343, -0.0194003358483, 0.000349850422936, -0.0149544812739, 0.0128989284858, 0.0013498851331, -0.0118051692843], [-0.00601394288242, 0.0396278426051, -0.00223201955669, -0.0116387661546, -0.043514020741, -0.0043150158599, -0.00409254990518, 0.0466948896646, -0.0159742161632, 0.0855551734567, -0.063249707222, 0.0392567105591, 0.0038590785116], [0.00634325901046, -0.00223201955669, 0.0743005201221, -0.0811504721642, -0.0731357857585, 0.0715842545033, -0.0128922183067, -0.0441517345607, 0.00849144812673, -0.0459221415222, 0.0438744872808, -0.0232721567154, -0.0635263323784], [-0.00301084830426, -0.0116387661546, -0.0811504721642, 0.361874520779, 0.11120634526, -0.191240280867, -0.0255092605948, 0.0333844013512, -0.049986731261, 0.0706050395966, -0.056804522872, -0.0163968168199, 0.0952089950442], [0.00820267666131, -0.043514020741, -0.0731357857585, 0.11120634526, 0.264744579792, -0.130072101951, -0.0560168586671, 0.0153299700469, -0.00259613920934, -0.117604665458, 0.0286238491535, 0.0278823487461, 0.00620503071696], [-0.00619518524036, -0.0043150158599, 0.0715842545033, -0.191240280867, -0.130072101951, 0.500953495502, -0.0783316865563, -0.0111365057528, 0.165193378925, -0.232574269176, 0.0497694686055, -0.00747718382627, -0.110007286072], [0.0110144382343, -0.00409254990518, -0.0128922183067, -0.0255092605948, -0.0560168586671, -0.0783316865563, 0.535181701183, -0.205178871751, -0.192465290427, 0.210913136601, -0.0835590437055, 0.0400542356074, 0.0132823092863], [-0.0194003358483, 0.0466948896646, -0.0441517345607, 0.0333844013512, 0.0153299700469, -0.0111365057528, -0.205178871751, 0.618401527405, -0.084802120924, -0.121578395367, 0.00677165016532, 0.00396186066791, -8.46963521326e-05], [0.000349850422936, -0.0159742161632, 0.00849144812673, -0.049986731261, -0.00259613920934, 0.165193378925, -0.192465290427, -0.084802120924, 0.511295080185, -0.172026142478, -0.0944526940584, 0.189800173044, -0.0912210345268], [-0.0149544812739, 0.0855551734567, -0.0459221415222, 0.0706050395966, -0.117604665458, -0.232574269176, 0.210913136601, -0.121578395367, -0.172026142478, 0.960665643215, -0.341897726059, -0.12677963078, 0.315904051065], [0.0128989284858, -0.063249707222, 0.0438744872808, -0.056804522872, 0.0286238491535, 0.0497694686055, -0.0835590437055, 0.00677165016532, -0.0944526940584, -0.341897726059, 0.586300671101, -0.195231959224, -0.136698588729], [0.0013498851331, 0.0392567105591, -0.0232721567154, -0.0163968168199, 0.0278823487461, -0.00747718382627, 0.0400542356074, 0.00396186066791, 0.189800173044, -0.12677963078, -0.195231959224, 0.579488217831, -0.0954702347517], [-0.0118051692843, 0.0038590785116, -0.0635263323784, 0.0952089950442, 0.00620503071696, -0.110007286072, 0.0132823092863, -8.46963521326e-05, -0.0912210345268, 0.315904051065, -0.136698588729, -0.0954702347517, 0.732416033745]]
    },
    "melbands": {
        "max": [8.36488325149e-05, 0.000131366658024, 0.000135988535476, 0.000185056662303, 0.000353059382178, 0.00108443084173, 0.00124546932057, 0.00191534974147, 0.00354675762355, 0.0199109036475, 0.00427072308958, 0.00391140347347, 0.00372084113769, 0.00437640212476, 0.0051162596792, 0.00350860296749, 0.00302229449153, 0.00194064201787, 0.00204982561991, 0.00177567021456, 0.00104906002525, 0.000767904450186, 0.000323149171891, 0.000285318266833, 0.000124398124171, 6.6548884206e-05, 8.77673446666e-05, 5.970719576e-05, 0.000145115263877, 0.000100626944914, 4.76206914755e-05, 5.73059551243e-05, 3.77422838937e-05, 4.19514362875e-05, 3.86925930798e-05, 3.14007047564e-05, 1.40498041219e-05, 2.5854767955e-05, 2.03610215976e-05, 1.45548347064e-05],
        "mean": [1.14680960905e-06, 1.99332794182e-06, 2.26143106374e-06, 3.80525784749e-06, 8.19139495434e-06, 1.78095615411e-05, 1.78465725185e-05, 2.53627622442e-05, 4.83529838675e-05, 0.000241356872721, 8.75559926499e-05, 7.15028872946e-05, 8.22229703772e-05, 7.552671741e-05, 7.07522267476e-05, 7.20480456948e-05, 6.80606681271e-05, 5.57764615223e-05, 4.40875046479e-05, 3.56369673682e-05, 2.29455381486e-05, 1.50435353135e-05, 7.94600964582e-06, 4.71238763566e-06, 3.12754514198e-06, 2.11663723348e-06, 1.85366207006e-06, 1.57565114023e-06, 2.28051635531e-06, 1.48823187374e-06, 9.04114529021e-07, 8.59113185925e-07, 6.34672971955e-07, 5.39913401099e-07, 3.96551314452e-07, 2.46828875561e-07, 1.79843524961e-07, 2.2666650068e-07, 2.26529763836e-07, 1.61974639923e-07],
        "min": [5.59675315795e-25, 9.33364741662e-25, 1.20315102973e-24, 8.86742273303e-25, 6.51357469757e-25, 1.21053772603e-24, 1.07149300427e-24, 1.56034951559e-24, 1.5823426618e-24, 9.31504804863e-25, 1.24620281781e-24, 1.46043545017e-24, 1.78127730906e-24, 1.65098273106e-24, 1.33762844406e-24, 2.05752081806e-24, 2.43233308882e-24, 2.60095940428e-24, 2.81196687743e-24, 2.38567492451e-24, 2.52522974345e-24, 2.79959241084e-24, 3.48917477671e-24, 4.09623519215e-24, 3.63332490764e-24, 3.16395917714e-24, 3.43862535877e-24, 4.60172345515e-24, 3.61404948586e-24, 4.46822334086e-24, 4.25906673261e-24, 4.01319180465e-24, 4.66682025704e-24, 4.30755840688e-24, 4.14600206007e-24, 5.45172029166e-24, 5.65424179084e-24, 5.131891626e-24, 5.54679183581e-24, 4.87299536551e-24],
        "stdev": [6.27132385489e-06, 1.07900268631e-05, 1.1114656445e-05, 1.74336037162e-05, 3.83284859709e-05, 9.2585956736e-05, 8.64150570123e-05, 0.000129583204398, 0.000262343120994, 0.00148103467654, 0.000383201462682, 0.000340483384207, 0.00037083105417, 0.000353857903974, 0.000342975894455, 0.000340456987033, 0.00031333178049, 0.00023979548132, 0.000188794976566, 0.000161540985573, 0.000105416773295, 6.9527879532e-05, 3.511756222e-05, 2.13231633097e-05, 1.35419695653e-05, 8.70163785294e-06, 8.21753019409e-06, 6.61227386445e-06, 1.12418729259e-05, 7.31173349777e-06, 4.03631293011e-06, 4.2662013584e-06, 2.93750827041e-06, 2.86718523057e-06, 2.30363139053e-06, 1.57841031978e-06, 9.04856619854e-07, 1.3790322555e-06, 1.29500017465e-06, 9.76258661467e-07]
    },
    "melbands128": {
        "max": [7.31625550543e-05, 8.44997484819e-05, 7.98019318609e-05, 0.000119121337775, 0.000154338515131, 0.000127722436446, 9.81120756478e-05, 0.000148256207467, 0.000196839493583, 0.000246929848799, 0.000235471030464, 0.000298261933494, 0.000447719416115, 0.000639283738565, 0.00159522145987, 0.00120843760669, 0.000797932443675, 0.00196257629432, 0.00136865861714, 0.00245948438533, 0.00177739327773, 0.00212004152127, 0.00203990447335, 0.00618531368673, 0.0326749458909, 0.0212512444705, 0.00566934561357, 0.00388563331217, 0.00387133401819, 0.00431652693078, 0.00465846993029, 0.00632099620998, 0.00539547950029, 0.00500818900764, 0.0032832142897, 0.0074967937544, 0.00368605065159, 0.00549148675054, 0.00836522225291, 0.00519574759528, 0.00423961365595, 0.00600983202457, 0.00318677164614, 0.00474495906383, 0.00472408719361, 0.00305155990645, 0.00268746679649, 0.00294892373495, 0.00291982409544, 0.00166150333825, 0.00202921195887, 0.0013437558664, 0.00125015364029, 0.00164990965277, 0.00148830248509, 0.000862456276082, 0.000629340240266, 0.000434574496467, 0.00053052889416, 0.000533225771505, 0.000246014969889, 0.000144080389873, 0.000243438742473, 9.77911477094e-05, 0.00011895850912, 5.67279457755e-05, 0.000115159469715, 0.000150309497258, 8.04169176263e-05, 7.62974959798e-05, 6.28088528174e-05, 8.60773143359e-05, 7.25644786144e-05, 0.000144857069245, 0.00027813372435, 7.20259267837e-05, 6.67746717227e-05, 9.41511170822e-05, 3.01903492073e-05, 5.2283408877e-05, 6.28366033197e-05, 7.04693666194e-05, 4.03714620916e-05, 3.14934331982e-05, 4.03174562962e-05, 3.90741151932e-05, 5.04242270836e-05, 7.64150972827e-05, 2.22012276936e-05, 3.2926316635e-05, 4.83189724036e-05, 2.41627985815e-05, 1.24711532408e-05, 1.22034807646e-05, 1.66614554473e-05, 1.93021678569e-05, 3.07874070131e-05, 3.36822195095e-05, 1.63440327015e-05, 1.54294830281e-05, 1.97987319552e-05, 1.67400412465e-05, 1.18182178994e-05, 9.01340808923e-06, 4.65313178211e-06, 9.48866818362e-06, 1.16060627988e-05, 8.34760703583e-06, 2.47868410952e-06, 2.5594017643e-06, 2.05717810786e-06, 2.56951750544e-07, 9.11486068844e-08, 1.76288317277e-08, 7.12809944403e-09, 8.82744188857e-09, 6.81655754065e-09, 6.77684752759e-09, 6.52676490631e-09, 6.43007780354e-09, 6.16224227201e-09, 6.07644734529e-09, 5.7952012078e-09, 5.80453463073e-09, 5.6034266116e-09, 5.65204727465e-09, 5.58967849784e-09, 5.54823653687e-09],
        "mean": [4.74284604479e-07, 1.20520337532e-06, 1.17765318919e-06, 1.50207335992e-06, 2.26772567657e-06, 2.19842172555e-06, 1.7965189727e-06, 2.09528843698e-06, 3.1862148262e-06, 3.54514372702e-06, 4.1477992454e-06, 6.12842404735e-06, 8.76183548826e-06, 1.08400990939e-05, 1.95699158212e-05, 2.18527584366e-05, 1.56440655701e-05, 1.64000593941e-05, 2.07196826523e-05, 2.57085448538e-05, 2.55096019828e-05, 3.0340759622e-05, 3.17664489558e-05, 6.78815995343e-05, 0.000287880102405, 0.000335755496053, 9.0480374638e-05, 6.92725079716e-05, 6.45137479296e-05, 6.49559151498e-05, 7.57205489208e-05, 8.17967811599e-05, 8.34673337522e-05, 8.48723720992e-05, 7.23379343981e-05, 8.10107740108e-05, 6.44355095574e-05, 7.12490291335e-05, 7.1310903877e-05, 7.46619916754e-05, 7.4940668128e-05, 6.45744657959e-05, 6.64361432428e-05, 7.51515472075e-05, 5.92342476011e-05, 5.34457067261e-05, 4.89574595122e-05, 4.65472694486e-05, 4.12635963585e-05, 3.67166321666e-05, 3.78844706574e-05, 3.09538445435e-05, 2.47565221798e-05, 1.89987040358e-05, 1.906406942e-05, 1.6022417185e-05, 1.0359778571e-05, 8.80189963937e-06, 7.11937263986e-06, 6.18021749688e-06, 4.64772392661e-06, 3.52052438757e-06, 3.53655173058e-06, 3.08046742248e-06, 2.44652846959e-06, 1.7301981643e-06, 2.31423200603e-06, 2.0499958282e-06, 1.73514752078e-06, 1.53003259129e-06, 1.49072650402e-06, 1.69675126926e-06, 1.65384869888e-06, 2.777847385e-06, 2.67467066806e-06, 1.18076025046e-06, 1.28280601075e-06, 1.02975934624e-06, 7.78785647526e-07, 8.43181851451e-07, 9.05159083686e-07, 8.78463822573e-07, 7.2143370744e-07, 5.84562712902e-07, 6.07689401022e-07, 5.552113862e-07, 4.97800726862e-07, 5.19961815826e-07, 3.67959955838e-07, 3.5520585584e-07, 3.03531521695e-07, 2.00906171699e-07, 1.65118279938e-07, 1.85164012123e-07, 1.78892165081e-07, 2.00466217848e-07, 2.51155285014e-07, 2.52728341366e-07, 2.13899227219e-07, 2.26197911957e-07, 2.03905585749e-07, 1.51089011524e-07, 1.1847821213e-07, 7.45669339608e-08, 4.9478241948e-08, 4.98731331788e-08, 4.89019100769e-08, 3.62949919008e-08, 2.02669756533e-08, 1.75327112828e-08, 1.14352065594e-08, 3.00790814478e-09, 7.0389333251e-10, 1.25586485655e-10, 4.43366489356e-11, 4.72980821176e-11, 2.30636551524e-11, 1.55901593718e-11, 1.54598087804e-11, 1.49436019115e-11, 1.40454245456e-11, 1.37455220817e-11, 1.32651806206e-11, 1.30262727688e-11, 1.22968952729e-11, 1.16321900029e-11, 1.1066934695e-11, 1.09268601112e-11],
        "min": [4.53279445325e-26, 2.21705191241e-25, 1.86123817326e-25, 1.01934276568e-25, 2.47833497017e-25, 1.05785236662e-25, 2.82909383655e-25, 2.12317006911e-25, 1.92986229274e-25, 2.16137830054e-25, 3.14948920016e-25, 2.62459643801e-25, 8.0130783608e-26, 2.75516129947e-25, 2.75808156393e-25, 2.32487070922e-25, 2.65822114106e-25, 3.78885356827e-25, 2.77670854206e-25, 2.70440968661e-25, 2.59565806178e-25, 3.43039122864e-25, 1.92933880957e-25, 3.70241758585e-25, 2.70917095522e-25, 5.30492294075e-25, 4.58149558242e-25, 7.21012408573e-25, 3.49425790056e-25, 7.69886532475e-25, 6.6849971305e-25, 5.73250428682e-25, 4.92735044568e-25, 5.73858837655e-25, 8.1141468502e-25, 9.10277839802e-25, 6.12007855209e-25, 1.05675925193e-24, 4.43686434494e-25, 9.96466514332e-25, 8.35067643883e-25, 9.93554532908e-25, 7.87532857887e-25, 5.92899967755e-25, 1.02576727354e-24, 1.02238769482e-24, 1.03001006331e-24, 1.59632502413e-24, 9.89837814753e-25, 9.0899229235e-25, 1.09025724419e-24, 9.04730471309e-25, 1.33703216383e-24, 9.67682261799e-25, 1.39132492398e-24, 7.92833904563e-25, 9.67270575014e-25, 9.67964180965e-25, 1.20461446531e-24, 1.77659009477e-24, 1.58610424642e-24, 1.25796621302e-24, 1.76135561297e-24, 1.1655100386e-24, 1.82895961204e-24, 1.97151032749e-24, 1.37613047687e-24, 2.12074111708e-24, 1.41628172201e-24, 2.12117183514e-24, 1.53932844322e-24, 2.15267578425e-24, 1.43709966269e-24, 2.13530309496e-24, 1.55537377543e-24, 2.15873127777e-24, 1.60466614352e-24, 2.01355148614e-24, 2.20054761107e-24, 2.7452337808e-24, 1.98327283523e-24, 2.76655511335e-24, 3.14758124146e-24, 2.2867273123e-24, 2.26795893086e-24, 2.87593797482e-24, 2.7805041463e-24, 2.55118247837e-24, 2.27617038124e-24, 2.85408928876e-24, 2.82873529926e-24, 3.03216418571e-24, 3.14813383852e-24, 3.22977522297e-24, 3.41702121959e-24, 3.48956605172e-24, 3.54612619533e-24, 3.73827377918e-24, 2.34642357245e-24, 2.49072733404e-24, 3.34680234383e-24, 3.85957376514e-24, 4.02310226421e-24, 3.59857361262e-24, 2.67809935118e-24, 3.56367558946e-24, 3.67079895609e-24, 4.09458923387e-24, 4.38078481484e-24, 4.52390508786e-24, 3.57098754119e-24, 4.21501950067e-24, 4.14130123794e-24, 3.7418914953e-24, 5.26392603672e-24, 4.11906364345e-24, 4.55109712326e-24, 4.12755375894e-24, 4.80223059801e-24, 5.03618307667e-24, 4.73324471185e-24, 5.05999563196e-24, 4.57832110753e-24, 4.82536631064e-24, 3.8269192624e-24, 5.5437712874e-24, 4.87915755247e-24, 4.75359929535e-24],
        "stdev": [3.67500138054e-06, 6.82230711391e-06, 6.47790284347e-06, 9.0020157586e-06, 1.29933550852e-05, 1.1761220776e-05, 9.44533167058e-06, 1.14702415885e-05, 1.61444968398e-05, 1.83277461474e-05, 2.00306385523e-05, 2.8759090128e-05, 4.56660454802e-05, 5.86534079048e-05, 0.000115179362183, 0.00011865812121, 7.73230422055e-05, 0.000102598605736, 0.000113432870421, 0.000150929423398, 0.000134476358653, 0.000159068367793, 0.000161987947649, 0.000424536498031, 0.00213237805292, 0.00188392761629, 0.000428232800914, 0.000345854612533, 0.000318585342029, 0.000336698809406, 0.000388663844205, 0.000452462409157, 0.000432447413914, 0.000392668589484, 0.000345404754626, 0.000476165878354, 0.000305162480799, 0.000373226910597, 0.000447753875051, 0.000409496686189, 0.000374031340471, 0.000369144370779, 0.000318974693073, 0.000402701232815, 0.000309031020151, 0.000273164652754, 0.000232726539252, 0.00022331198852, 0.000199529196834, 0.000177983296453, 0.000185235301615, 0.000139921350637, 0.000116638570034, 0.000110780536488, 0.000100110410131, 7.82064525993e-05, 4.93476618431e-05, 4.26303849963e-05, 3.58184988727e-05, 3.33279895131e-05, 2.12919203477e-05, 1.63767490449e-05, 1.76781522896e-05, 1.34313604576e-05, 1.0948920135e-05, 7.19395575288e-06, 1.0311276128e-05, 1.02440226328e-05, 7.90599005995e-06, 7.11881057214e-06, 6.48960713079e-06, 7.85197062214e-06, 7.10125596015e-06, 1.4428898794e-05, 1.66740082932e-05, 5.601873454e-06, 6.26706514595e-06, 5.58874580747e-06, 3.4325685192e-06, 3.95122924601e-06, 4.61251192974e-06, 4.94924552186e-06, 3.44263753504e-06, 2.68787607638e-06, 3.00305669043e-06, 2.81810275737e-06, 2.90780303658e-06, 3.76153116122e-06, 1.81325845006e-06, 2.19270009438e-06, 2.3173952286e-06, 1.21523794405e-06, 8.1502764715e-07, 9.30556439016e-07, 1.0062273077e-06, 1.22246979117e-06, 1.593597176e-06, 1.69280951923e-06, 1.16624187285e-06, 1.30347143568e-06, 1.31928584324e-06, 9.70028168013e-07, 7.16273007129e-07, 4.69589593877e-07, 2.84090702962e-07, 4.32018083529e-07, 5.15164401804e-07, 3.70971150687e-07, 1.32022748289e-07, 1.25900612602e-07, 9.66029105598e-08, 1.83746049487e-08, 5.55663559609e-09, 1.0413881979e-09, 4.08258982176e-10, 4.89876084142e-10, 3.06388359128e-10, 2.88843643448e-10, 2.78384759689e-10, 2.74112427201e-10, 2.626116824e-10, 2.5894247857e-10, 2.46973663742e-10, 2.47357717642e-10, 2.38774444661e-10, 2.40821584896e-10, 2.38163405664e-10, 2.36398234321e-10]
    },
    "mfcc": {
        "mean": [-1199.7545166, 7.79549694061, -6.89878702164, -3.36939787865, -2.01726198196, -0.101615153253, -0.982813954353, -0.456043958664, 0.326795607805, -0.0231207367033, -0.281850188971, -0.366158038378, -0.223690763116],
        "cov": [[40730.671875, 4729.74462891, -4184.78222656, -2039.30993652, -1237.66003418, -86.4662246704, -604.348754883, -274.012329102, 224.202041626, -15.7008228302, -157.06729126, -190.785903931, -133.201873779], [4729.74462891, 572.05267334, -499.886657715, -240.687820435, -146.747787476, -8.31885528564, -71.4191055298, -32.3759918213, 24.1906013489, -2.11498212814, -19.7696380615, -25.6288166046, -15.9822177887], [-4184.78222656, -499.886657715, 447.445922852, 216.090698242, 130.690155029, 7.55005455017, 63.1145744324, 28.5644664764, -21.0157165527, 0.952045917511, 16.6929531097, 21.5648078918, 14.1790857315], [-2039.30993652, -240.687820435, 216.090698242, 107.51966095, 63.2256164551, 3.72615766525, 30.6681957245, 14.4501619339, -10.362569809, 0.81746250391, 8.82670307159, 10.7129201889, 6.76115083694], [-1237.66003418, -146.747787476, 130.690155029, 63.2256164551, 42.3774681091, 3.67448616028, 19.9229183197, 7.85732030869, -6.01051855087, 0.472808331251, 5.42115211487, 6.55176448822, 4.39544916153], [-86.4662246704, -8.31885528564, 7.55005455017, 3.72615766525, 3.67448616028, 3.63750815392, 2.14723491669, 0.441790133715, -0.759716033936, 0.0318442098796, 0.258317172527, -0.255447179079, 0.629735469818], [-604.348754883, -71.4191055298, 63.1145744324, 30.6681957245, 19.9229183197, 2.14723491669, 12.0581083298, 4.18187379837, -2.99637246132, -0.0927913188934, 2.64583659172, 3.29190778732, 2.3967499733], [-274.012329102, -32.3759918213, 28.5644664764, 14.4501619339, 7.85732030869, 0.441790133715, 4.18187379837, 3.62511062622, -0.765080928802, -0.0953280478716, 1.29929292202, 1.60185694695, 0.805164456367], [224.202041626, 24.1906013489, -21.0157165527, -10.362569809, -6.01051855087, -0.759716033936, -2.99637246132, -0.765080928802, 4.61011743546, 0.287762969732, -0.478192150593, -0.577741146088, -1.06344032288], [-15.7008228302, -2.11498212814, 0.952045917511, 0.81746250391, 0.472808331251, 0.0318442098796, -0.0927913188934, -0.0953280478716, 0.287762969732, 2.30525922775, 0.97683262825, 0.32821264863, -0.578503787518], [-157.06729126, -19.7696380615, 16.6929531097, 8.82670307159, 5.42115211487, 0.258317172527, 2.64583659172, 1.29929292202, -0.478192150593, 0.97683262825, 3.28112840652, 2.22499704361, 0.875059008598], [-190.785903931, -25.6288166046, 21.5648078918, 10.7129201889, 6.55176448822, -0.255447179079, 3.29190778732, 1.60185694695, -0.577741146088, 0.32821264863, 2.22499704361, 3.8239402771, 1.21698749065], [-133.201873779, -15.9822177887, 14.1790857315, 6.76115083694, 4.39544916153, 0.629735469818, 2.3967499733, 0.805164456367, -1.06344032288, -0.578503787518, 0.875059008598, 1.21698749065, 2.26413416862]],
        "icov": [[0.0011361206416, -0.00469057727605, 0.000631383096334, 0.00649840198457, 0.00341719645076, 0.000906166096684, 0.00184145336971, 0.00537381600589, -0.00739303696901, 0.00340960826725, -0.00155218376312, -0.00711737526581, 0.00144771055784], [-0.00469057727605, 0.111733525991, 0.108586549759, -0.0754583626986, 0.00140373059548, -0.0155781116337, 0.0155870998278, 0.0329301469028, -0.0118266446516, 0.0383436456323, 0.0113148093224, 0.0742837563157, -0.00858951173723], [0.000631383096334, 0.108586549759, 0.239476054907, -0.21795900166, -0.0606000423431, 0.0253332778811, 0.0177304353565, 0.0630757212639, -0.0507073402405, 0.062561750412, 0.0649540945888, 0.0424352772534, -0.0315471291542], [0.00649840198457, -0.0754583626986, -0.21795900166, 0.44239410758, -0.00539678148925, 0.0150937382132, -0.00758249033242, -0.149196624756, 0.0403036214411, -0.0381153672934, -0.110352441669, -0.0518058501184, 0.0405953340232], [0.00341719645076, 0.00140373059548, -0.0606000423431, -0.00539678148925, 0.358989447355, -0.116136856377, -0.114882849157, 0.157075315714, -0.0681896433234, 0.0254916399717, -0.0547358393669, -0.0418267399073, 0.0258262418211], [0.000906166096684, -0.0155781116337, 0.0253332778811, 0.0150937382132, -0.116136856377, 0.398274362087, -0.080464489758, -0.0574151836336, 0.0342335812747, -0.0560565888882, -0.00388690223917, 0.118863493204, -0.100724212825], [0.00184145336971, 0.0155870998278, 0.0177304353565, -0.00758249033242, -0.114882849157, -0.080464489758, 0.425771802664, -0.040101442486, -0.0168722271919, 0.0661507174373, -0.0107375113294, -0.0330530144274, -0.0301810093224], [0.00537381600589, 0.0329301469028, 0.0630757212639, -0.149196624756, 0.157075315714, -0.0574151836336, -0.040101442486, 0.775671482086, -0.18821875751, 0.169033676386, -0.0628565251827, -0.0439415052533, 0.0794565752149], [-0.00739303696901, -0.0118266446516, -0.0507073402405, 0.0403036214411, -0.0681896433234, 0.0342335812747, -0.0168722271919, -0.18821875751, 0.388615548611, -0.0806655362248, -0.00297251576558, -0.0132314348593, 0.0566052123904], [0.00340960826725, 0.0383436456323, 0.062561750412, -0.0381153672934, 0.0254916399717, -0.0560565888882, 0.0661507174373, 0.169033676386, -0.0806655362248, 0.672868847847, -0.26671141386, 0.00768449064344, 0.262235105038], [-0.00155218376312, 0.0113148093224, 0.0649540945888, -0.110352441669, -0.0547358393669, -0.00388690223917, -0.0107375113294, -0.0628565251827, -0.00297251576558, -0.26671141386, 0.681485652924, -0.258713394403, -0.141493737698], [-0.00711737526581, 0.0742837563157, 0.0424352772534, -0.0518058501184, -0.0418267399073, 0.118863493204, -0.0330530144274, -0.0439415052533, -0.0132314348593, 0.00768449064344, -0.258713394403, 0.632453560829, -0.150867447257], [0.00144771055784, -0.00858951173723, -0.0315471291542, 0.0405953340232, 0.0258262418211, -0.100724212825, -0.0301810093224, 0.0794565752149, 0.0566052123904, 0.262235105038, -0.141493737698, -0.150867447257, 0.753483831882]]
    },
    "spectral_contrast_coeffs": {
        "max": [-0.633680164814, -0.607239425182, -0.663655042648, -0.727076947689, -0.732618510723, -0.682997047901],
        "mean": [-0.940737068653, -0.947504341602, -0.943780422211, -0.946402609348, -0.944773972034, -0.93983489275],
        "min": [-0.983601808548, -0.985599160194, -0.977086007595, -0.973754823208, -0.971532642841, -0.965862512589],
        "stdev": [0.0696515515447, 0.0545244440436, 0.0519499443471, 0.0473088212311, 0.0475568920374, 0.0607584007084]
    },
    "spectral_contrast_valleys": {
        "max": [-6.47751426697, -4.9908323288, -4.67424249649, -4.53579568863, -5.66292190552, -7.88744354248],
        "mean": [-25.3102664948, -25.0735168457, -25.0837802887, -25.0693645477, -25.1689376831, -25.4535236359],
        "min": [-28.1625328064, -27.9631233215, -28.2362174988, -27.6474456787, -27.5237941742, -27.428937912],
        "stdev": [5.65447902679, 6.27722740173, 6.42885780334, 6.39208602905, 6.15396881104, 5.30987930298]
    }
},
"rhythm": {
    "beats_count": 18,
    "beats_loudness": {
        "max": 0.0523154959083,
        "mean": 0.00293170358054,
        "min": 0,
        "stdev": 0.0119777815416
    },
    "bpm": 88.7664337158,
    "bpm_histogram_first_peak_bpm": 88,
    "bpm_histogram_first_peak_weight": 0.235294103622,
    "bpm_histogram_second_peak_bpm": 0,
    "bpm_histogram_second_peak_spread": 0,
    "bpm_histogram_second_peak_weight": 0,
    "danceability": 1.06761443615,
    "onset_rate": 0.391869038343,
    "beats_loudness_band_ratio": {
        "max": [0.005690314807, 0.0294302664697, 0.148379340768, 0.564604759216, 0.392807245255, 0.072786860168],
        "mean": [0.000463255739305, 0.00248833419755, 0.0147971976548, 0.0537538267672, 0.0360872074962, 0.00610284507275],
        "min": [0, 0, 0, 0, 0, 0],
        "stdev": [0.00140495563392, 0.00741848256439, 0.0421585440636, 0.154407128692, 0.104558154941, 0.0182593800128]
    },
    "beats_position": [0.673378646374, 1.35836732388, 2.04335594177, 2.71673464775, 3.40172338486, 4.08671188354, 4.76009082794, 5.44507932663, 6.11845779419, 6.79183673859, 7.45360517502, 8.11537361145, 8.77714252472, 9.46213150024, 10.1471195221, 10.8321084976, 11.5170974731, 12.1672563553],
    "bpm_histogram": [0, 0, 0, 0, 0, 0, 0, 0, 0, 0, 0, 0, 0, 0, 0, 0, 0, 0, 0, 0, 0, 0, 0, 0, 0, 0, 0, 0, 0, 0, 0, 0, 0, 0, 0, 0, 0, 0, 0, 0, 0, 0, 0, 0, 0, 0, 0, 0, 0, 0, 0, 0, 0, 0, 0, 0, 0, 0, 0, 0, 0, 0, 0, 0, 0, 0, 0, 0, 0, 0, 0, 0, 0, 0, 0, 0, 0, 0, 0, 0, 0, 0, 0, 0, 0, 0, 0, 0, 0.529411792755, 0.235294118524, 0, 0.176470592618, 0.0588235296309, 0, 0, 0, 0, 0, 0, 0, 0, 0, 0, 0, 0, 0, 0, 0, 0, 0, 0, 0, 0, 0, 0, 0, 0, 0, 0, 0, 0, 0, 0, 0, 0, 0, 0, 0, 0, 0, 0, 0, 0, 0, 0, 0, 0, 0, 0, 0, 0, 0, 0, 0, 0, 0, 0, 0, 0, 0, 0, 0, 0, 0, 0, 0, 0, 0, 0, 0, 0, 0, 0, 0, 0, 0, 0, 0, 0, 0, 0, 0, 0, 0, 0, 0, 0, 0, 0, 0, 0, 0, 0, 0, 0, 0, 0, 0, 0, 0, 0, 0, 0, 0, 0, 0, 0, 0, 0, 0, 0, 0, 0, 0, 0, 0, 0, 0, 0, 0, 0, 0, 0, 0, 0, 0, 0, 0, 0, 0, 0, 0, 0, 0, 0, 0, 0, 0, 0, 0, 0, 0, 0, 0, 0, 0, 0, 0, 0, 0, 0, 0, 0, 0, 0, 0, 0, 0, 0, 0]
},
"tonal": {
    "chords_changes_rate": 0.0217391308397,
    "chords_number_rate": 0.0144927538931,
    "chords_strength": {
        "max": 0.63615500927,
        "mean": -0.754465937614,
        "min": -1,
        "stdev": 0.536137998104
