{
"metadata": {
    "version": {
        "essentia": "2.1-beta5",
        "essentia_git_sha": "Undefined",
        "extractor": "music 2.0"
    },
    "audio_properties": {
        "analysis": {
            "equal_loudness": 0,
            "length": 27.1673469543,
            "sample_rate": 44100,
            "start_time": 194.989562988,
            "downmix": "mix"
        },
        "bit_rate": 192000,
        "length": 222.16897583,
        "lossless": 0,
        "number_channels": 2,
        "replay_gain": -7.61296844482,
        "sample_rate": 48000,
        "codec": "mp3",
        "md5_encoded": "b63f39e14b1635249035978b43d4ff94"
    },
    "tags": {
        "file_name": "France_Il Me Donne Rendez-vous_Nathalie Santamaria.mp3",
        "encoding": ["Lavf58.29.100"]
    }
},
"lowlevel": {
    "average_loudness": 0.544201016426,
    "barkbands_crest": {
        "max": 22.185131073,
        "mean": 7.74240159988,
        "min": 3.3194861412,
        "stdev": 2.77361416817
    },
    "barkbands_flatness_db": {
        "max": 0.276197731495,
        "mean": 0.117831066251,
        "min": 0.0539496950805,
        "stdev": 0.0419786758721
    },
    "barkbands_kurtosis": {
        "max": 34.0320663452,
        "mean": 2.60116696358,
        "min": -1.80268418789,
        "stdev": 3.18380784988
    },
    "barkbands_skewness": {
        "max": 5.26517009735,
        "mean": -0.0844733789563,
        "min": -2.22803258896,
        "stdev": 1.57505369186
    },
    "barkbands_spread": {
        "max": 88.1925125122,
        "mean": 20.7429103851,
        "min": 3.26193261147,
        "stdev": 9.88579463959
    },
    "dissonance": {
        "max": 0.499979138374,
        "mean": 0.479250073433,
        "min": 0.377805024385,
        "stdev": 0.0221147760749
    },
    "dynamic_complexity": 3.60698628426,
    "erbbands_crest": {
        "max": 27.2736053467,
        "mean": 7.24027347565,
        "min": 2.6851670742,
        "stdev": 4.90595912933
    },
    "erbbands_flatness_db": {
        "max": 0.308615475893,
        "mean": 0.157269477844,
        "min": 0.0668312460184,
        "stdev": 0.0605755262077
    },
    "erbbands_kurtosis": {
        "max": 7.12066173553,
        "mean": 0.385575145483,
        "min": -1.74808359146,
        "stdev": 1.04045891762
    },
    "erbbands_skewness": {
        "max": 2.46342515945,
        "mean": 0.027613228187,
        "min": -1.22753238678,
        "stdev": 0.656687498093
    },
    "erbbands_spread": {
        "max": 157.920806885,
        "mean": 31.513917923,
        "min": 7.68667936325,
        "stdev": 16.0203971863
    },
    "hfc": {
        "max": 82.8361053467,
        "mean": 16.3590698242,
        "min": 1.04958691378e-16,
        "stdev": 18.8897705078
    },
    "loudness_ebu128": {
        "integrated": -14.6109647751,
        "loudness_range": 6.30457401276,
        "momentary": {
            "max": -12.3002882004,
            "mean": -123.792823792,
            "min": -300.691009521,
            "stdev": 137.626495361
        },
        "short_term": {
            "max": -13.297996521,
            "mean": -105.616096497,
            "min": -300.691009521,
            "stdev": 131.005813599
        }
    },
    "melbands_crest": {
        "max": 27.2275905609,
        "mean": 7.43465518951,
        "min": 1.53302264214,
        "stdev": 5.27681112289
    },
    "melbands_flatness_db": {
        "max": 0.38264977932,
        "mean": 0.111466497183,
        "min": 0.00228405604139,
        "stdev": 0.0923091247678
    },
    "melbands_kurtosis": {
        "max": 136.285507202,
        "mean": 3.59256291389,
        "min": -1.44005441666,
        "stdev": 9.36989688873
    },
    "melbands_skewness": {
        "max": 9.55608844757,
        "mean": 1.00631952286,
        "min": -0.674874603748,
        "stdev": 1.31881010532
    },
    "melbands_spread": {
        "max": 172.749404907,
        "mean": 64.5321578979,
        "min": 2.90031170845,
        "stdev": 54.8696479797
    },
    "pitch_salience": {
        "max": 0.877905189991,
        "mean": 0.685545802116,
        "min": 0.250868827105,
        "stdev": 0.130174413323
    },
    "silence_rate_20dB": {
        "max": 1,
        "mean": 1,
        "min": 1,
        "stdev": 0
    },
    "silence_rate_30dB": {
        "max": 1,
        "mean": 1,
        "min": 1,
        "stdev": 0
    },
    "silence_rate_60dB": {
        "max": 1,
        "mean": 0.422715634108,
        "min": 0,
        "stdev": 0.493988633156
    },
    "spectral_centroid": {
        "max": 11805.9677734,
        "mean": 5128.23583984,
        "min": 341.254364014,
        "stdev": 4682.20410156
    },
    "spectral_complexity": {
        "max": 49,
        "mean": 13.8138341904,
        "min": 0,
        "stdev": 12.993771553
    },
    "spectral_decrease": {
        "max": 2.02500026221e-28,
        "mean": -4.56074822353e-09,
        "min": -3.37235555037e-08,
        "stdev": 5.13869125029e-09
    },
    "spectral_energy": {
        "max": 0.13250413537,
        "mean": 0.0186971202493,
        "min": 9.8105858237e-21,
        "stdev": 0.0207766070962
    },
    "spectral_energyband_high": {
        "max": 0.00867206323892,
        "mean": 0.000429634092143,
        "min": 6.81044374723e-21,
        "stdev": 0.00087374279974
    },
    "spectral_energyband_low": {
        "max": 0.0572317577899,
        "mean": 0.00419026892632,
        "min": 6.65356605241e-24,
        "stdev": 0.00808169413358
    },
    "spectral_energyband_middle_high": {
        "max": 0.0524310097098,
        "mean": 0.00706305680797,
        "min": 1.05768602149e-21,
        "stdev": 0.0101725338027
    },
    "spectral_energyband_middle_low": {
        "max": 0.0804688483477,
        "mean": 0.0076272264123,
        "min": 1.18605527401e-22,
        "stdev": 0.0105447834358
    },
    "spectral_entropy": {
        "max": 9.82849502563,
        "mean": 8.43961811066,
        "min": 6.75128316879,
        "stdev": 1.10611987114
    },
    "spectral_flux": {
        "max": 0.271886259317,
        "mean": 0.0603656470776,
        "min": 6.26706672668e-11,
        "stdev": 0.058189149946
    },
    "spectral_kurtosis": {
        "max": 12.4030370712,
        "mean": 2.64807367325,
        "min": -1.27763676643,
        "stdev": 3.48848414421
    },
    "spectral_rms": {
        "max": 0.0113697992638,
        "mean": 0.00314488611184,
        "min": 3.09375225091e-12,
        "stdev": 0.00288977799937
    },
    "spectral_rolloff": {
        "max": 19616.7480469,
        "mean": 8254.09863281,
        "min": 107.666015625,
        "stdev": 8387.83789062
    },
    "spectral_skewness": {
        "max": 2.58239603043,
        "mean": 1.00002205372,
        "min": -0.100704863667,
        "stdev": 0.840610742569
    },
    "spectral_spread": {
        "max": 43326024,
        "mean": 17962122,
        "min": 2384571.5,
        "stdev": 17873302
    },
    "spectral_strongpeak": {
        "max": 7.84436607361,
        "mean": 0.926860690117,
        "min": 0,
        "stdev": 1.49727630615
    },
    "zerocrossingrate": {
        "max": 0.77197265625,
        "mean": 0.232333064079,
        "min": 0.00732421875,
        "stdev": 0.215391173959
    },
    "barkbands": {
        "max": [0.0023393407464, 0.0400126501918, 0.0277790371329, 0.0158210564405, 0.0541937090456, 0.0316328294575, 0.0301617570221, 0.014088829048, 0.0224978644401, 0.0513350777328, 0.0415092483163, 0.0199082288891, 0.00721537834033, 0.0143199143931, 0.00744754588231, 0.00996887777001, 0.00689317006618, 0.00611160229892, 0.00687923794612, 0.00330875487998, 0.00262330379337, 0.000832368736155, 0.0023260852322, 0.00572885246947, 0.00509538315237, 0.00079425657168, 1.37030192491e-05],
        "mean": [0.000106415798655, 0.00255701574497, 0.00122055516113, 0.000720397685654, 0.0023046110291, 0.00152453943156, 0.000677194504533, 0.000656983931549, 0.00107019359712, 0.0014005638659, 0.00204862025566, 0.00087760767201, 0.000434472603956, 0.00061355746584, 0.000474486965686, 0.00071240181569, 0.000322385050822, 0.000226505610044, 0.000257005885942, 0.000163145959959, 0.000131051667267, 4.26380138379e-05, 3.98759875679e-05, 6.24679669272e-05, 4.14031455875e-05, 1.09998300104e-05, 4.69765630839e-08],
        "min": [2.79157585841e-25, 1.34976635099e-24, 5.82514219507e-25, 3.43231950051e-25, 6.06127626857e-24, 3.44907382146e-24, 4.40636481298e-24, 5.3258157246e-24, 1.48105163967e-23, 1.37593261084e-23, 1.12026263368e-23, 1.73904291893e-23, 1.88536762383e-23, 2.19404889604e-23, 3.8038326958e-23, 4.74529937423e-23, 3.79049842215e-23, 7.56233302637e-23, 8.2198410178e-23, 1.21949792768e-22, 2.43683854166e-22, 2.29369954109e-22, 3.27272060555e-22, 5.23896739275e-22, 7.93306698091e-22, 1.19766856871e-21, 1.94427348952e-21],
        "stdev": [0.000275970436633, 0.0055869333446, 0.00283705675974, 0.00168172712438, 0.00428579840809, 0.00339188310318, 0.00188878236804, 0.00131363607943, 0.00215708743781, 0.00363873573951, 0.00506795151159, 0.00207923352718, 0.000874686404131, 0.00121245684568, 0.000899073085748, 0.00131900934502, 0.000584742520005, 0.000485416152515, 0.000492097286042, 0.000342767307302, 0.000251338235103, 7.59322720114e-05, 0.000134202695335, 0.000341334583936, 0.000227960656048, 4.43970857305e-05, 4.474445916e-07]
    },
    "erbbands": {
        "max": [1.36488449574, 10.67253685, 28.0909748077, 51.8061714172, 217.401977539, 108.732254028, 191.585327148, 390.209594727, 533.923095703, 334.478088379, 176.684646606, 376.323150635, 1694.48376465, 1002.84051514, 1963.37414551, 313.05770874, 241.389358521, 744.973632812, 355.287353516, 447.491485596, 304.40838623, 424.655090332, 211.090316772, 441.215667725, 181.345581055, 234.599777222, 141.555984497, 57.1945800781, 33.838432312, 26.0697383881, 64.4996643066, 99.7487564087, 132.142425537, 84.3165130615, 9.29489707947, 4.49588537216, 1.09782600403, 0.115028440952, 0.00232617324218, 0.00015298598737],
        "mean": [0.0766779258847, 0.56701362133, 1.30531907082, 2.06703710556, 5.19099283218, 7.55192613602, 8.89075565338, 13.9518918991, 12.0755929947, 13.8682861328, 10.7637023926, 21.4368724823, 50.2295379639, 37.4912223816, 99.6332702637, 30.9397315979, 20.1014766693, 31.4011993408, 24.8689155579, 35.3178596497, 29.0719966888, 17.4630775452, 12.1967849731, 16.8097839355, 9.10571479797, 7.48026704788, 6.85560369492, 3.98166584969, 1.69545447826, 1.11859476566, 1.18350481987, 1.06039726734, 1.17595076561, 0.637111127377, 0.197433099151, 0.0724800378084, 0.0160531625152, 0.000892177282367, 3.34355936502e-05, 2.43126050918e-05],
        "min": [5.60222382944e-23, 3.45430199711e-22, 1.47759276859e-21, 2.08798925471e-21, 6.86194947285e-21, 1.9559209034e-20, 3.58993671662e-20, 2.63231020614e-20, 8.10139334841e-20, 1.14017722604e-19, 1.78751701195e-19, 3.16782722551e-19, 3.53981965276e-19, 6.30605069088e-19, 8.57713296528e-19, 9.46141178757e-19, 1.25457294434e-18, 1.52292677526e-18, 2.12343715251e-18, 2.32730222512e-18, 2.8106765898e-18, 2.74441528684e-18, 4.45461285765e-18, 5.34267561765e-18, 6.01709210108e-18, 6.52278731421e-18, 8.16107228411e-18, 9.27705390855e-18, 9.00146710695e-18, 6.82147437518e-18, 9.21049978364e-18, 8.15558063202e-18, 7.29532768422e-18, 7.55196460517e-18, 5.74263564179e-18, 3.88611767883e-18, 2.18595897873e-18, 8.43313788124e-19, 2.23482126129e-19, 2.59533555588e-20],
        "stdev": [0.176027297974, 1.28250432014, 3.07293128967, 4.37841510773, 13.1930646896, 13.8147335052, 16.0701942444, 34.5981254578, 35.1862335205, 28.0170764923, 17.0843868256, 41.024559021, 127.255432129, 85.2748184204, 248.396896362, 52.6362113953, 37.6585540771, 59.8150291443, 45.8744850159, 59.1665039062, 46.2922401428, 33.1097297668, 21.1147422791, 33.0005493164, 15.3588438034, 16.1768264771, 14.9360761642, 6.87603521347, 2.8642385006, 2.34139370918, 4.211332798, 4.8844628334, 7.23469352722, 3.91699695587, 0.714302837849, 0.275107860565, 0.0665866583586, 0.00511966086924, 0.000114660077088, 2.69452066277e-05]
    },
    "gfcc": {
        "mean": [-490.889984131, 56.7430534363, -95.5384521484, 13.5271644592, -39.1196479797, 9.86675739288, -23.5530357361, 8.06547451019, -16.6748180389, 0.697016894817, -8.62585353851, -1.21047353745, 1.03811764717],
        "cov": [[382644.625, 28586.1933594, -45917.8554688, 7027.86230469, -19070.5859375, 4659.72412109, -11449.3349609, 3991.59008789, -8338.25390625, 318.439666748, -4193.68896484, -563.588928223, 512.195922852], [28586.1933594, 3315.22949219, -2751.22363281, 985.501159668, -1165.88195801, 100.961433411, -700.37713623, 202.912246704, -641.187194824, -14.6515493393, -193.281814575, -95.3183364868, 118.521781921], [-45917.8554688, -2751.22363281, 7046.47363281, -277.457427979, 2496.57080078, -712.072631836, 1421.67565918, -447.244537354, 915.976196289, -34.0028800964, 568.054504395, 114.827606201, -107.622680664], [7027.86230469, 985.501159668, -277.457427979, 499.933532715, -231.58984375, -26.5228633881, -151.112457275, 58.5444641113, -171.483673096, -7.61304855347, -15.3119373322, -15.994846344, 31.7313995361], [-19070.5859375, -1165.88195801, 2496.57080078, -231.58984375, 1097.74023438, -274.740875244, 622.56854248, -214.979888916, 389.818145752, -16.7982463837, 223.209228516, 28.7336673737, -17.9669876099], [4659.72412109, 100.961433411, -712.072631836, -26.5228633881, -274.740875244, 185.389907837, -153.320892334, 68.102897644, -88.6488113403, 7.70907306671, -73.7834091187, 5.66559934616, -9.601354599], [-11449.3349609, -700.37713623, 1421.67565918, -151.112457275, 622.56854248, -153.320892334, 437.165496826, -112.846191406, 244.866500854, -16.2390727997, 153.050674438, 7.866086483, 9.38573932648], [3991.59008789, 202.912246704, -447.244537354, 58.5444641113, -214.979888916, 68.102897644, -112.846191406, 114.534828186, -63.7625198364, 16.6889839172, -48.0277748108, -1.87970924377, 0.768207788467], [-8338.25390625, -641.187194824, 915.976196289, -171.483673096, 389.818145752, -88.6488113403, 244.866500854, -63.7625198364, 257.252685547, 6.68773555756, 99.1625823975, 8.04537200928, -6.36694335938], [318.439666748, -14.6515493393, -34.0028800964, -7.61304855347, -16.7982463837, 7.70907306671, -16.2390727997, 16.6889839172, 6.68773555756, 37.2621040344, 0.31125280261, 9.15943050385, -9.68853664398], [-4193.68896484, -193.281814575, 568.054504395, -15.3119373322, 223.209228516, -73.7834091187, 153.050674438, -48.0277748108, 99.1625823975, 0.31125280261, 96.4041519165, 6.80360269547, 11.3448286057], [-563.588928223, -95.3183364868, 114.827606201, -15.994846344, 28.7336673737, 5.66559934616, 7.866086483, -1.87970924377, 8.04537200928, 9.15943050385, 6.80360269547, 37.5010490417, -8.03613567352], [512.195922852, 118.521781921, -107.622680664, 31.7313995361, -17.9669876099, -9.601354599, 9.38573932648, 0.768207788467, -6.36694335938, -9.68853664398, 11.3448286057, -8.03613567352, 52.1961669922]],
        "icov": [[0.000443390046712, -0.00135583453812, 0.000929081114009, -0.00116789073218, 0.00150101038162, -0.00132432708051, 0.00118802755605, -0.00224700220861, 0.00210568751208, -0.00095746043371, 0.00125289137941, -0.0016692711506, 0.000995731796138], [-0.00135583453812, 0.00595928030089, -0.0022371225059, 0.000792272097897, -0.00480690412223, 0.00501222163439, -0.00345933926292, 0.0071826078929, -0.0051913196221, 0.00252643274143, -0.00436993362382, 0.00645420048386, -0.00375850941055], [0.000929081114009, -0.0022371225059, 0.00333910062909, -0.00412675924599, 0.00108210404869, -0.00164099712856, 0.00219541578554, -0.00523309782147, 0.00404079677537, -0.000863415480126, 0.00143145525362, -0.00499276304618, 0.00436215940863], [-0.00116789073218, 0.000792272097897, -0.00412675924599, 0.0114815682173, -0.00288038980216, 0.00336699024774, -0.00145256263204, 0.00358427176252, -0.0039113634266, 0.00327816838399, -0.00556610431522, 0.00437391549349, -0.00397659465671], [0.00150101038162, -0.00480690412223, 0.00108210404869, -0.00288038980216, 0.0163167528808, -0.00313692493364, -0.0040122307837, -0.00224206759594, 0.00557624921203, -0.00588537240401, 0.008286123164, -0.00616283062845, 0.00279994681478], [-0.00132432708051, 0.00501222163439, -0.00164099712856, 0.00336699024774, -0.00313692493364, 0.0161181651056, -0.00484555913135, 0.00419049477205, -0.00572115089744, 0.00445591285825, -0.00212685321458, 0.000934879644774, -0.000386016821722], [0.00118802755605, -0.00345933926292, 0.00219541578554, -0.00145256263204, -0.0040122307837, -0.00484555913135, 0.0209718756378, -0.00978572200984, 0.00553088355809, 0.0015019683633, -0.00646279705688, -0.000164337907336, -0.00195977580734], [-0.00224700220861, 0.0071826078929, -0.00523309782147, 0.00358427176252, -0.00224206759594, 0.00419049477205, -0.00978572200984, 0.0290824603289, -0.0128633091226, -0.00272360956296, -0.000111601111712, 0.00866222754121, -0.00661502266303], [0.00210568751208, -0.0051913196221, 0.00404079677537, -0.0039113634266, 0.00557624921203, -0.00572115089744, 0.00553088355809, -0.0128633091226, 0.023833680898, -0.00799623411149, -0.000315361045068, -0.00328920362517, 0.00288149924017], [-0.00095746043371, 0.00252643274143, -0.000863415480126, 0.00327816838399, -0.00588537240401, 0.00445591285825, 0.0015019683633, -0.00272360956296, -0.00799623411149, 0.0385363847017, -0.00992192700505, -0.00515425205231, 0.00598997110501], [0.00125289137941, -0.00436993362382, 0.00143145525362, -0.00556610431522, 0.008286123164, -0.00212685321458, -0.00646279705688, -0.000111601111712, -0.000315361045068, -0.00992192700505, 0.0376201532781, -0.00886850897223, -0.0038339192979], [-0.0016692711506, 0.00645420048386, -0.00499276304618, 0.00437391549349, -0.00616283062845, 0.000934879644774, -0.000164337907336, 0.00866222754121, -0.00328920362517, -0.00515425205231, -0.00886850897223, 0.0424375683069, -0.00617270125076], [0.000995731796138, -0.00375850941055, 0.00436215940863, -0.00397659465671, 0.00279994681478, -0.000386016821722, -0.00195977580734, -0.00661502266303, 0.00288149924017, 0.00598997110501, -0.0038339192979, -0.00617270125076, 0.0320225134492]]
    },
    "melbands": {
        "max": [0.0109236622229, 0.0138541366905, 0.0108073856682, 0.013193721883, 0.00515306042507, 0.00763389654458, 0.00679175183177, 0.00318361143582, 0.00163806008641, 0.00307550677098, 0.00861589517444, 0.00372079643421, 0.00597690977156, 0.00234954804182, 0.000656530086417, 0.000946385553107, 0.00169573107269, 0.000596612517256, 0.000603180902544, 0.000940764846746, 0.000359969999408, 0.00043059757445, 0.000304964574752, 0.000331911520334, 0.00043269485468, 0.000171435807715, 9.21896717045e-05, 0.000179533220944, 0.000130167478346, 5.92276919633e-05, 2.94755172945e-05, 1.84980199265e-05, 2.12252343772e-05, 1.67471516761e-05, 3.67359352822e-05, 4.67192330689e-05, 8.04947776487e-05, 9.33110277401e-05, 0.000104284335976, 5.32760823262e-05],
        "mean": [0.000712905602995, 0.000696262344718, 0.000454611494206, 0.000449283630587, 0.000341305945767, 0.000311239855364, 0.000175740075065, 0.000156874215463, 8.39485874167e-05, 0.000155113375513, 0.000251423654845, 0.000136542803375, 0.000295811973047, 0.000158820141223, 4.67770260002e-05, 4.30739928561e-05, 6.18914418737e-05, 3.97762632929e-05, 3.77949072572e-05, 6.17635232629e-05, 2.63611000264e-05, 1.84044492926e-05, 1.30578055177e-05, 1.09257580334e-05, 1.44423347592e-05, 7.51233346818e-06, 4.910984444e-06, 5.16211957802e-06, 4.63523429062e-06, 3.27656198351e-06, 2.03938157028e-06, 9.67249320638e-07, 6.64423737362e-07, 5.95483925281e-07, 7.01653959823e-07, 6.16758256911e-07, 6.66991240905e-07, 8.29559951399e-07, 7.81618325618e-07, 4.60575904526e-07],
        "min": [7.81146585125e-25, 9.20566558159e-25, 7.00009923744e-25, 8.16932027495e-25, 1.42096410452e-24, 5.09223124956e-25, 1.38327854275e-24, 9.71516421621e-25, 1.23271378937e-24, 1.94427746854e-24, 1.15855376453e-24, 2.21526026138e-24, 1.82098994753e-24, 2.22650527637e-24, 2.0337149681e-24, 2.19831296534e-24, 2.01309867998e-24, 2.40318073407e-24, 2.92888000789e-24, 2.51904093243e-24, 2.2473588144e-24, 2.09481973938e-24, 3.65224415873e-24, 3.90336422285e-24, 3.50538074072e-24, 3.44239571946e-24, 3.15211561394e-24, 3.33750325148e-24, 3.54318413859e-24, 3.97482752668e-24, 4.60370665146e-24, 4.89558439753e-24, 3.83484573677e-24, 3.5543646642e-24, 4.12676332032e-24, 4.45052485202e-24, 4.51950639945e-24, 4.85050730769e-24, 4.97379325097e-24, 5.02491774851e-24],
        "stdev": [0.00155661813915, 0.00151102640666, 0.000944500847254, 0.000884559587575, 0.000614023127127, 0.000745365745388, 0.000478333357023, 0.000320159422699, 0.000138858784339, 0.000306820933474, 0.000638998229988, 0.000352681585355, 0.000720537966117, 0.000352271512384, 9.28047811612e-05, 8.92695097718e-05, 0.000124624290038, 7.88138931966e-05, 7.12156979716e-05, 0.00012211597641, 4.24684694735e-05, 3.77185388061e-05, 2.25309395319e-05, 2.50345037784e-05, 2.99900475511e-05, 1.49683455675e-05, 8.40136999614e-06, 1.25846045194e-05, 1.12134284791e-05, 6.63324863126e-06, 3.50006212102e-06, 1.68551355273e-06, 1.38761959079e-06, 1.35653294819e-06, 2.49772324423e-06, 2.55150325756e-06, 3.4036361285e-06, 5.18844444741e-06, 5.43058740732e-06, 2.70232749244e-06]
    },
    "melbands128": {
        "max": [0.00217558816075, 0.0123558603227, 0.018112776801, 0.020455610007, 0.0170719567686, 0.0146376360208, 0.012146698311, 0.011163896881, 0.0282369051129, 0.0149609120563, 0.00581550225616, 0.00970797985792, 0.00719447201118, 0.0102464798838, 0.0104784537107, 0.0128170056269, 0.0152732497081, 0.00709695834666, 0.00498553924263, 0.00497096264735, 0.00490664783865, 0.00213740812615, 0.00209405925125, 0.00377901713364, 0.00447160145268, 0.00607219524682, 0.0100270556286, 0.01561426837, 0.00561198638752, 0.00485897995532, 0.00538258580491, 0.0133279599249, 0.00792784336954, 0.0130188157782, 0.00654607545584, 0.00157658755779, 0.0017335799057, 0.00130430574063, 0.000986525206827, 0.000929339788854, 0.000892694457434, 0.00335231004283, 0.0019574619364, 0.00308825960383, 0.00105362106115, 0.000981220975518, 0.00101988727693, 0.00129174324684, 0.000968178384937, 0.00143179832958, 0.00185419525951, 0.00116536254063, 0.000850302516483, 0.000476391549455, 0.000870379502885, 0.000875598285347, 0.00133936689235, 0.000392128364183, 0.000229864555877, 0.000240501874941, 0.00045417790534, 0.00105072092265, 0.000492124003358, 0.000832895224448, 0.000501539674588, 0.000217573935515, 0.000114554910397, 0.000219541616389, 0.000126974104205, 0.0001349420927, 0.000419263757067, 0.000278155581327, 0.000256608007476, 0.000243429443799, 0.000136816262966, 0.0001436706807, 8.13338847365e-05, 5.10852987645e-05, 5.62487366551e-05, 4.11252804042e-05, 2.66571387328e-05, 1.9845288989e-05, 3.01000218315e-05, 2.89415202133e-05, 1.80863407877e-05, 2.07996927202e-05, 1.98624948098e-05, 4.37211419921e-05, 5.13010745635e-05, 6.70949666528e-05, 6.17869882262e-05, 5.38567073818e-05, 3.03587748931e-05, 6.16834004177e-05, 0.00012494630937, 0.000139804775245, 0.000127685067127, 0.000141251439345, 0.00011102440476, 0.000189964586752, 8.47935953061e-05, 5.10769677931e-05, 3.71932619601e-05, 1.79497656063e-05, 1.14013364509e-05, 1.0793828551e-05, 8.12252437754e-06, 7.59901422498e-06, 1.36715088956e-05, 1.03857137219e-05, 5.79125162403e-06, 3.33182470058e-06, 4.08330197388e-06, 3.10210612042e-06, 2.31763488046e-06, 9.5135749234e-07, 3.89339220419e-07, 1.51328478637e-08, 1.4468058751e-08, 1.39732136972e-08, 1.35623725583e-08, 1.32328858982e-08, 1.29452812914e-08, 1.2684838957e-08, 1.25115553473e-08, 1.23558532295e-08, 1.22439569594e-08, 1.21796981389e-08],
        "mean": [9.3283066235e-05, 0.000554115802515, 0.0010609657038, 0.000867398979608, 0.000673700240441, 0.000596491910983, 0.000387194944778, 0.000383773993235, 0.00061143777566, 0.000378651136998, 0.000408650463214, 0.000489934871439, 0.000281518063275, 0.000227806711337, 0.00029755718424, 0.000400345365051, 0.000269930897048, 9.52183982008e-05, 0.000114250855404, 0.000157463116921, 0.000209094490856, 7.40462492104e-05, 6.99650627212e-05, 8.01464484539e-05, 9.99982657959e-05, 0.000184872886166, 0.00028468167875, 0.000306047673803, 0.000178804431926, 0.000130631990032, 0.000129751409986, 0.000127646824694, 0.000248511030804, 0.000564047426451, 0.000175235953066, 6.07782239967e-05, 5.35147592018e-05, 4.61427371192e-05, 4.38112547272e-05, 3.86915380659e-05, 4.52212661912e-05, 4.44519318989e-05, 6.24450549367e-05, 7.98866676632e-05, 3.99680684495e-05, 3.5006494727e-05, 3.18788697768e-05, 3.99478885811e-05, 3.86457177228e-05, 3.98559786845e-05, 8.98110447451e-05, 5.52947421966e-05, 2.08339151868e-05, 1.96816254174e-05, 1.97717654373e-05, 1.77811343747e-05, 1.71601004695e-05, 1.7864847905e-05, 9.23583593249e-06, 9.0025996542e-06, 9.14309021027e-06, 1.29928585011e-05, 1.89330075955e-05, 1.37386496135e-05, 9.60757188295e-06, 7.36298943593e-06, 6.24367748969e-06, 5.58740111956e-06, 4.63551941721e-06, 4.00981252824e-06, 4.29299598181e-06, 6.85641089149e-06, 5.45337297808e-06, 3.78483878194e-06, 4.14535224991e-06, 3.97338772018e-06, 2.54902965935e-06, 2.07088555726e-06, 2.44474722422e-06, 1.48018796153e-06, 8.40450809392e-07, 9.23516495277e-07, 7.27218832708e-07, 6.55618066503e-07, 5.58099088721e-07, 6.04297895279e-07, 5.72773899421e-07, 6.66078392442e-07, 7.6965881135e-07, 6.53359336411e-07, 6.76244894748e-07, 5.75752380882e-07, 5.76614070269e-07, 6.08942229974e-07, 7.90171952758e-07, 7.80211848905e-07, 8.43186228394e-07, 8.83850873379e-07, 8.49847253903e-07, 7.30950603156e-07, 5.19044476732e-07, 4.520294965e-07, 3.24785361272e-07, 2.42009804197e-07, 2.07109138728e-07, 1.66360763387e-07, 1.66138448776e-07, 1.3966774759e-07, 1.2442831121e-07, 1.07486222589e-07, 8.736760293e-08, 6.71565487664e-08, 4.82921507228e-08, 2.37322108632e-08, 9.12607678316e-09, 6.60598953317e-09, 1.81271753164e-09, 1.66754769715e-11, 1.52537912856e-11, 1.47485062357e-11, 1.43240436873e-11, 1.3985004127e-11, 1.36857088162e-11, 1.34123042533e-11, 1.32037740116e-11, 1.29951058594e-11, 1.28540485547e-11, 1.2782368046e-11],
        "min": [2.15254934464e-26, 1.20728554834e-25, 2.58292116291e-25, 1.3797567965e-25, 1.55170591734e-25, 3.30929097241e-25, 2.38248541196e-25, 9.92897498055e-26, 2.32777322432e-25, 3.16439374089e-25, 9.90503613357e-26, 3.99129425852e-25, 1.14727221542e-25, 5.05889595985e-25, 1.30206755588e-25, 1.98184489839e-25, 1.89648743673e-25, 2.76609688377e-25, 2.40828264267e-25, 1.84312074998e-25, 1.99155651569e-25, 4.57315830873e-25, 4.16027393436e-25, 1.42572729597e-25, 6.48933448106e-25, 4.72573189641e-25, 3.53020086859e-25, 7.35414198386e-25, 7.08493629742e-25, 8.56297468565e-25, 6.5543696532e-25, 7.87177377442e-25, 4.93870609841e-25, 1.42497405707e-25, 5.79110383309e-25, 4.89934834873e-25, 1.06354187799e-24, 2.80391117778e-25, 3.18333675642e-25, 6.60353787431e-25, 1.12437419644e-24, 7.65332635685e-25, 1.07867075104e-24, 4.27030523949e-25, 4.28707050588e-25, 1.03970930536e-24, 1.04529562386e-24, 9.56461109853e-25, 1.66766477263e-24, 7.78324780363e-25, 1.19511598837e-24, 1.34844195214e-24, 1.42759724144e-24, 1.15591660252e-24, 1.48636659002e-24, 1.43742043326e-24, 1.25738432949e-24, 1.42768046627e-24, 1.66530785346e-24, 1.4337800374e-24, 1.82738879277e-24, 1.85101123257e-24, 1.19283440542e-24, 2.35206175855e-24, 1.65005542507e-24, 1.24809352018e-24, 1.61545144982e-24, 1.63130380692e-24, 1.29883226475e-24, 2.58825282725e-24, 2.21110118947e-24, 1.77796350161e-24, 1.98030849317e-24, 2.13361729921e-24, 3.00580459577e-24, 2.48638110488e-24, 1.99638291462e-24, 1.75779035611e-24, 2.45493671477e-24, 2.79590527497e-24, 2.46805803542e-24, 2.54381471473e-24, 2.80182409834e-24, 2.64781044508e-24, 2.46162842461e-24, 2.71851111764e-24, 2.48019722425e-24, 2.89201574893e-24, 2.35777606973e-24, 2.74181978802e-24, 2.57845221657e-24, 2.71319833666e-24, 2.38541499484e-24, 3.62794960944e-24, 3.40711470434e-24, 3.56786838517e-24, 3.03266787339e-24, 2.9027864613e-24, 3.22952160419e-24, 2.58437182881e-24, 3.43061565957e-24, 4.15096675618e-24, 3.22827520396e-24, 3.36738727472e-24, 4.08995862035e-24, 4.61211866972e-24, 3.81000726788e-24, 3.81270320002e-24, 3.93019338223e-24, 4.38080216978e-24, 3.62604372149e-24, 4.22400778183e-24, 4.08322450924e-24, 4.52743997358e-24, 4.61255964297e-24, 4.89219071792e-24, 4.19121562286e-24, 4.52235773719e-24, 4.30986266958e-24, 3.88705689021e-24, 4.28866321605e-24, 5.00183725615e-24, 5.61817191481e-24, 4.72729354518e-24, 5.15334509274e-24, 5.21384086341e-24, 5.0815047134e-24, 4.86166929506e-24],
        "stdev": [0.00025436715805, 0.00139961496461, 0.00242589227855, 0.00213249842636, 0.00172699114773, 0.00135646457784, 0.000908550282475, 0.000970295921434, 0.0017033778131, 0.000934227660764, 0.000798566848971, 0.0010908812983, 0.00056407158263, 0.000588883587625, 0.000829132797662, 0.00121151190251, 0.000953754002694, 0.000372630078346, 0.00032165722223, 0.000363306840882, 0.00049924076302, 0.000149588420754, 0.000145142999827, 0.000203611532925, 0.000290755648166, 0.000449484185083, 0.000843578483909, 0.001000519027, 0.000557048770133, 0.00044977813377, 0.000416872557253, 0.000531187630259, 0.000768395548221, 0.00164048722945, 0.000589302042499, 0.000158265247592, 0.000133757523145, 0.000113600348413, 0.000105378254375, 9.32529947022e-05, 0.000104539190943, 0.000142348508234, 0.000141612777952, 0.000225060037337, 0.000108851592813, 8.54711688589e-05, 7.4204239354e-05, 8.86861016625e-05, 8.74791294336e-05, 0.000101941674075, 0.000225141746341, 0.000133010733407, 5.100058479e-05, 4.10420434491e-05, 4.83808289573e-05, 5.14224993822e-05, 5.45096991118e-05, 3.61412749044e-05, 2.03821509785e-05, 2.07984921872e-05, 2.43897029577e-05, 5.85181878705e-05, 4.67763929919e-05, 3.97228141082e-05, 3.31285773427e-05, 1.82831317943e-05, 1.31720471472e-05, 1.18487732834e-05, 1.0519258467e-05, 9.84112193692e-06, 1.65022847796e-05, 2.1218924303e-05, 1.88638532563e-05, 1.22386118164e-05, 1.06866264105e-05, 9.5957875601e-06, 6.66484129397e-06, 4.99163616041e-06, 5.31390696779e-06, 3.30453030983e-06, 1.89955471797e-06, 1.8296266262e-06, 1.77690924374e-06, 1.69241104686e-06, 1.18357991141e-06, 1.31129547754e-06, 1.53525274982e-06, 2.33146352002e-06, 3.16979458148e-06, 2.65096355179e-06, 3.15025363307e-06, 2.61991931438e-06, 2.34547201217e-06, 2.9678667488e-06, 4.70258873975e-06, 5.53860581931e-06, 5.86879650655e-06, 6.18746116743e-06, 6.00985958954e-06, 6.79776803736e-06, 3.39993039233e-06, 2.66754932454e-06, 1.63045353929e-06, 9.9955548194e-07, 7.0558689913e-07, 5.50906918306e-07, 5.98746282776e-07, 4.93365121201e-07, 6.10460688222e-07, 4.82277016545e-07, 3.40972832191e-07, 2.48496093036e-07, 2.26081368737e-07, 1.68746211671e-07, 8.22558448021e-08, 4.55980000424e-08, 1.43064839975e-08, 4.42002823231e-10, 4.22578139148e-10, 4.08120204298e-10, 3.96126437208e-10, 3.86500609295e-10, 3.78098830023e-10, 3.70495356616e-10, 3.65431240823e-10, 3.6088768085e-10, 3.57613549884e-10, 3.55738133395e-10]
    },
    "mfcc": {
        "mean": [-876.316162109, 73.0999450684, -18.5160560608, 5.09058380127, -2.84637999535, -1.41498720646, 1.1253259182, 0.080431766808, 2.20044851303, -0.773579955101, -4.77310085297, -0.739153802395, -0.976834595203],
        "cov": [[98783.609375, 18252.3417969, -4268.18652344, 1583.56750488, -705.728088379, -411.994293213, 396.850799561, 29.3860015869, 539.438781738, -207.505310059, -1237.08239746, -153.38142395, -256.403137207], [18252.3417969, 4251.80517578, -439.807769775, 826.483093262, -0.327620536089, -26.0922775269, 178.792755127, -24.0174598694, 82.7003631592, -52.9225234985, -264.299255371, 3.04000639915, -39.3094902039], [-4268.18652344, -439.807769775, 1183.92260742, 487.525146484, 258.745605469, 23.0477428436, 95.2724304199, 27.7364673615, -85.8889770508, 28.781578064, 17.5319862366, 58.450466156, 8.97011089325], [1583.56750488, 826.483093262, 487.525146484, 672.767944336, 147.131149292, 8.34187316895, 131.527420044, -17.07289505, -19.2039260864, -19.9920730591, -70.5617446899, 59.1260299683, -5.50584936142], [-705.728088379, -0.327620536089, 258.745605469, 147.131149292, 119.196365356, 18.8097667694, 24.9097118378, 4.19071388245, -10.6865310669, 0.0471021942794, 1.64715361595, 19.187871933, 1.83140027523], [-411.994293213, -26.0922775269, 23.0477428436, 8.34187316895, 18.8097667694, 73.6681671143, 12.6231412888, 7.22687387466, -8.62034988403, -13.1435661316, 6.84007263184, -4.12827968597, 9.79002857208], [396.850799561, 178.792755127, 95.2724304199, 131.527420044, 24.9097118378, 12.6231412888, 107.466400146, 9.27221012115, 4.53239250183, -10.1211519241, -23.6831741333, 4.70268726349, -3.66689753532], [29.3860015869, -24.0174598694, 27.7364673615, -17.07289505, 4.19071388245, 7.22687387466, 9.27221012115, 47.4281005859, 10.4876251221, 15.3277711868, 5.68035078049, -1.72564768791, 5.9868516922], [539.438781738, 82.7003631592, -85.8889770508, -19.2039260864, -10.6865310669, -8.62034988403, 4.53239250183, 10.4876251221, 47.2485771179, 11.7379007339, -4.63774394989, -0.200154080987, -0.811419188976], [-207.505310059, -52.9225234985, 28.781578064, -19.9920730591, 0.0471021942794, -13.1435661316, -10.1211519241, 15.3277711868, 11.7379007339, 55.3503723145, 21.8922901154, 2.13225865364, -1.19706082344], [-1237.08239746, -264.299255371, 17.5319862366, -70.5617446899, 1.64715361595, 6.84007263184, -23.6831741333, 5.68035078049, -4.63774394989, 21.8922901154, 53.3507118225, 10.2545928955, 4.49923229218], [-153.38142395, 3.04000639915, 58.450466156, 59.1260299683, 19.187871933, -4.12827968597, 4.70268726349, -1.72564768791, -0.200154080987, 2.13225865364, 10.2545928955, 41.0653533936, 9.23953914642], [-256.403137207, -39.3094902039, 8.97011089325, -5.50584936142, 1.83140027523, 9.79002857208, -3.66689753532, 5.9868516922, -0.811419188976, -1.19706082344, 4.49923229218, 9.23953914642, 31.6533527374]],
        "icov": [[9.76953888312e-05, -0.000451041472843, 3.07901500491e-05, 0.000365637941286, 8.97641148185e-05, 0.000219697103603, 6.05214518146e-05, -0.000372765498469, 8.43219459057e-05, -1.80172428372e-05, 0.000611278228462, -0.000440825038822, 0.000333744188538], [-0.000451041472843, 0.00271023320965, 0.000639623729512, -0.00283443927765, -0.000707866332959, -0.00109210982919, -0.000186324541573, 0.00116333912592, -0.000114248963655, -0.000746360572521, -0.0010448602261, 0.00217787153088, -0.00134334771428], [3.07901500491e-05, 0.000639623729512, 0.00350503064692, -0.00231393962167, -0.00417857198045, 0.0010319952853, -0.000613175914623, -0.00252254540101, 0.00453685224056, -0.00248435745016, 0.00102532957681, 0.000384103914257, -0.000258882297203], [0.000365637941286, -0.00283443927765, -0.00231393962167, 0.00770450336859, -0.00085379590746, 0.000129775085952, -0.00241684517823, 0.00184685143176, -9.23203406273e-05, -4.54929177067e-05, 0.00535386567935, -0.00728268595412, 0.0021783313714], [8.97641148185e-05, -0.000707866332959, -0.00417857198045, -0.00085379590746, 0.0191302057356, -0.00390772940591, 0.00181169738062, 0.000436838890892, -0.00522887473926, 0.00275865010917, -0.00186136283446, -0.00210113776848, 0.00196089083329], [0.000219697103603, -0.00109210982919, 0.0010319952853, 0.000129775085952, -0.00390772940591, 0.0189235303551, -0.00236161937937, -0.00430002808571, 0.00289494195022, 0.00606585852802, -0.00622685067356, 0.00552309304476, -0.00535702751949], [6.05214518146e-05, -0.000186324541573, -0.000613175914623, -0.00241684517823, 0.00181169738062, -0.00236161937937, 0.0141539666802, -0.00385769363493, -0.00316780316643, 0.00210889312439, 0.00302015664056, 0.000285429356154, 0.00249308301136], [-0.000372765498469, 0.00116333912592, -0.00252254540101, 0.00184685143176, 0.000436838890892, -0.00430002808571, -0.00385769363493, 0.0302192065865, -0.00738357845694, -0.00626033870503, -0.0020701342728, 0.0027592740953, -0.00633373251185], [8.43219459057e-05, -0.000114248963655, 0.00453685224056, -9.23203406273e-05, -0.00522887473926, 0.00289494195022, -0.00316780316643, -0.00738357845694, 0.0328456535935, -0.00935825519264, 0.0064231804572, -0.00428540864959, 0.000502094218973], [-1.80172428372e-05, -0.000746360572521, -0.00248435745016, -4.54929177067e-05, 0.00275865010917, 0.00606585852802, 0.00210889312439, -0.00626033870503, -0.00935825519264, 0.0306710433215, -0.0170221794397, 0.0048038396053, 0.00095328153111], [0.000611278228462, -0.0010448602261, 0.00102532957681, 0.00535386567935, -0.00186136283446, -0.00622685067356, 0.00302015664056, -0.0020701342728, 0.0064231804572, -0.0170221794397, 0.0476809851825, -0.0192073956132, 0.00541977584362], [-0.000440825038822, 0.00217787153088, 0.000384103914257, -0.00728268595412, -0.00210113776848, 0.00552309304476, 0.000285429356154, 0.0027592740953, -0.00428540864959, 0.0048038396053, -0.0192073956132, 0.0417091324925, -0.0136901158839], [0.000333744188538, -0.00134334771428, -0.000258882297203, 0.0021783313714, 0.00196089083329, -0.00535702751949, 0.00249308301136, -0.00633373251185, 0.000502094218973, 0.00095328153111, 0.00541977584362, -0.0136901158839, 0.0393845140934]]
    },
    "spectral_contrast_coeffs": {
        "max": [-0.554659307003, -0.548175811768, -0.495230078697, -0.605722367764, -0.666711568832, -0.610533952713],
        "mean": [-0.819925069809, -0.843538701534, -0.821483850479, -0.856750190258, -0.853969216347, -0.834109663963],
        "min": [-0.981782853603, -0.98250067234, -0.978943586349, -0.975022912025, -0.974206447601, -0.96684551239],
        "stdev": [0.124098040164, 0.108787760139, 0.129732713103, 0.0942220464349, 0.0907552912831, 0.106233358383]
    },
    "spectral_contrast_valleys": {
        "max": [-4.83759403229, -5.1231880188, -5.05088567734, -5.49039554596, -5.99708509445, -7.98499727249],
        "mean": [-14.8563261032, -14.5399684906, -14.7259302139, -14.8599967957, -15.0132932663, -16.8919506073],
        "min": [-28.1012821198, -28.0029964447, -27.9253501892, -27.6941051483, -27.5513782501, -27.458978653],
        "stdev": [9.88078689575, 10.0640258789, 9.94870090485, 9.82779884338, 9.71120834351, 8.23451137543]
    }
},
"rhythm": {
    "beats_count": 51,
    "beats_loudness": {
        "max": 0.0714513212442,
        "mean": 0.024106670171,
        "min": 0,
        "stdev": 0.0229750387371
    },
    "bpm": 128.411422729,
    "bpm_histogram_first_peak_bpm": 129,
    "bpm_histogram_first_peak_weight": 0.25,
    "bpm_histogram_second_peak_bpm": 105,
    "bpm_histogram_second_peak_spread": 0.437499940395,
    "bpm_histogram_second_peak_weight": 0.180000007153,
    "danceability": 0.77878010273,
    "onset_rate": 1.61889946461,
    "beats_loudness_band_ratio": {
        "max": [0.901665449142, 0.459446370602, 0.36696845293, 0.639648139477, 0.563716828823, 0.154404312372],
        "mean": [0.211383134127, 0.095560118556, 0.0854593664408, 0.166939243674, 0.0952954292297, 0.0237168781459],
        "min": [0, 0, 0, 0, 0, 0],
        "stdev": [0.274692982435, 0.130737632513, 0.0878291204572, 0.210126444697, 0.135351270437, 0.0289143845439]
    },
    "beats_position": [0.441179126501, 0.905578196049, 1.38158726692, 1.8575963974, 2.32199549675, 2.7863945961, 3.25079369545, 3.7151927948, 4.17959165573, 4.6439909935, 5.10838985443, 5.5727891922, 6.04879808426, 6.52480697632, 6.98920631409, 7.45360517502, 7.94122457504, 8.40562343597, 8.87002277374, 9.34603118896, 9.81043052673, 10.2748298645, 10.8321084976, 11.4009971619, 11.9698867798, 12.538775444, 13.1076641083, 13.6765527725, 14.2338323593, 14.7911109924, 15.3599996567, 15.9288883209, 16.5209980011, 17.1247158051, 17.7284355164, 18.2973232269, 18.8662128448, 19.458322525, 20.0504302979, 20.642539978, 21.1882076263, 21.733877182, 22.2795467377, 22.8136043549, 23.3360538483, 23.8585033417, 24.3809528351, 24.9034004211, 25.4258499146, 25.948299408, 26.470746994],
