{
"metadata": {
    "version": {
        "essentia": "2.1-beta5",
        "essentia_git_sha": "Undefined",
        "extractor": "music 2.0"
    },
    "audio_properties": {
        "analysis": {
            "equal_loudness": 0,
            "length": 12.7477550507,
            "sample_rate": 44100,
            "start_time": 0,
            "downmix": "mix"
        },
        "bit_rate": 192000,
        "length": 208.608978271,
        "lossless": 0,
        "number_channels": 2,
        "replay_gain": 28.3517093658,
        "sample_rate": 48000,
        "codec": "mp3",
        "md5_encoded": "626ebd01769385cdd3a93ac9073d904b"
    },
    "tags": {
        "file_name": "Austria_Die Welt Dreht Sich Verkehrt_Stella Jones.mp3",
        "encoding": ["Lavf58.29.100"]
    }
},
"lowlevel": {
    "average_loudness": 0.000114090900752,
    "barkbands_crest": {
        "max": 23.6194076538,
        "mean": 6.91547250748,
        "min": 3.47698068619,
        "stdev": 1.77238619328
    },
    "barkbands_flatness_db": {
        "max": 0.266374647617,
        "mean": 0.0814309343696,
        "min": 0.0333688333631,
        "stdev": 0.0277391355485
    },
    "barkbands_kurtosis": {
        "max": 49.4175872803,
        "mean": 3.44994425774,
        "min": -1.81595897675,
        "stdev": 2.81387805939
    },
    "barkbands_skewness": {
        "max": 6.02153539658,
        "mean": -1.53860211372,
        "min": -2.34001994133,
        "stdev": 1.03420948982
    },
    "barkbands_spread": {
        "max": 95.0891952515,
        "mean": 26.2084407806,
        "min": 2.68408441544,
        "stdev": 7.83418798447
    },
    "dissonance": {
        "max": 0.499887406826,
        "mean": 0.489906460047,
        "min": 0.260693967342,
        "stdev": 0.0220852866769
    },
    "dynamic_complexity": 16.3170909882,
    "erbbands_crest": {
        "max": 16.3114261627,
        "mean": 3.97848057747,
        "min": 2.42760062218,
        "stdev": 1.94149839878
    },
    "erbbands_flatness_db": {
        "max": 0.300577282906,
        "mean": 0.105738088489,
        "min": 0.0670604333282,
        "stdev": 0.0285064037889
    },
    "erbbands_kurtosis": {
        "max": 9.99053287506,
        "mean": 0.279703110456,
        "min": -1.29946184158,
        "stdev": 1.16212499142
    },
    "erbbands_skewness": {
        "max": 2.25508618355,
        "mean": -0.548362374306,
        "min": -1.81544041634,
        "stdev": 0.439109861851
    },
    "erbbands_spread": {
        "max": 91.6561431885,
        "mean": 36.1771774292,
        "min": 6.88767814636,
        "stdev": 7.01472473145
    },
    "hfc": {
        "max": 2232.08422852,
        "mean": 38.9298553467,
        "min": 1.06616288534e-16,
        "stdev": 234.956817627
    },
    "loudness_ebu128": {
        "integrated": -35.6509017944,
        "loudness_range": 18.2426567078,
        "momentary": {
            "max": -33.3075790405,
            "mean": -274.451721191,
            "min": -300.691009521,
            "stdev": 77.2968444824
        },
        "short_term": {
            "max": -41.8661804199,
            "mean": -268.514312744,
            "min": -300.691009521,
            "stdev": 83.1129302979
        }
    },
    "melbands_crest": {
        "max": 30.8258743286,
        "mean": 3.40340447426,
        "min": 1.58701920509,
        "stdev": 3.86943221092
    },
    "melbands_flatness_db": {
        "max": 0.378702253103,
        "mean": 0.0247649513185,
        "min": 0.00284954463132,
        "stdev": 0.062179107219
    },
    "melbands_kurtosis": {
        "max": 91.2594146729,
        "mean": 0.361052215099,
        "min": -1.49127984047,
        "stdev": 8.24310588837
    },
    "melbands_skewness": {
        "max": 8.5264339447,
        "mean": 0.234500810504,
        "min": -0.519262671471,
        "stdev": 0.987607479095
    },
    "melbands_spread": {
        "max": 179.693634033,
        "mean": 122.139633179,
        "min": 1.9622849226,
        "stdev": 32.790058136
    },
    "pitch_salience": {
        "max": 0.896907925606,
        "mean": 0.773978829384,
        "min": 0.167861312628,
        "stdev": 0.0691200941801
    },
    "silence_rate_20dB": {
        "max": 1,
        "mean": 0.970909118652,
        "min": 0,
        "stdev": 0.168061330914
    },
    "silence_rate_30dB": {
        "max": 1,
        "mean": 0.963636338711,
        "min": 0,
        "stdev": 0.187193244696
    },
    "silence_rate_60dB": {
        "max": 1,
        "mean": 0.912727296352,
        "min": 0,
        "stdev": 0.282234340906
    },
    "spectral_centroid": {
        "max": 11942.9082031,
        "mean": 10120.6728516,
        "min": 416.033416748,
        "stdev": 2805.92041016
    },
    "spectral_complexity": {
        "max": 61,
        "mean": 2.83454537392,
        "min": 0,
        "stdev": 10.9240322113
    },
    "spectral_decrease": {
        "max": 2.50103838509e-28,
        "mean": -8.10277889229e-09,
        "min": -5.20193054854e-07,
        "stdev": 4.89225477907e-08
    },
    "spectral_energy": {
        "max": 2.03720879555,
        "mean": 0.034112803638,
        "min": 9.7804995523e-21,
        "stdev": 0.202221304178
    },
    "spectral_energyband_high": {
        "max": 0.224604770541,
        "mean": 0.00288932421245,
        "min": 6.91162312267e-21,
        "stdev": 0.0206183753908
    },
    "spectral_energyband_low": {
        "max": 1.84229207039,
        "mean": 0.0166622642428,
        "min": 1.15984862054e-23,
        "stdev": 0.13506808877
    },
    "spectral_energyband_middle_high": {
        "max": 0.660470247269,
        "mean": 0.00722344173118,
        "min": 1.02037555125e-21,
        "stdev": 0.0535268895328
    },
    "spectral_energyband_middle_low": {
        "max": 1.06304228306,
        "mean": 0.00815830659121,
        "min": 1.41664474397e-22,
        "stdev": 0.0619762390852
    },
    "spectral_entropy": {
        "max": 9.82855033875,
        "mean": 9.59746646881,
        "min": 6.44669485092,
        "stdev": 0.66077286005
    },
    "spectral_flux": {
        "max": 1.09032428265,
        "mean": 0.03072524257,
        "min": 6.27258661678e-11,
        "stdev": 0.139154419303
    },
    "spectral_kurtosis": {
        "max": 15.8405380249,
        "mean": -0.640119850636,
        "min": -1.2778968811,
        "stdev": 2.04328250885
    },
    "spectral_rms": {
        "max": 0.04458161816,
        "mean": 0.00128286820836,
        "min": 3.08900496328e-12,
        "stdev": 0.00562450429425
    },
    "spectral_rolloff": {
        "max": 19745.9472656,
        "mean": 17214.0039062,
        "min": 86.1328125,
        "stdev": 4915.31738281
    },
    "spectral_skewness": {
        "max": 3.03127932549,
        "mean": 0.148455902934,
        "min": -0.100793249905,
        "stdev": 0.497770875692
    },
    "spectral_spread": {
        "max": 43910032,
        "mean": 37163260,
        "min": 2565646.25,
        "stdev": 10560782
    },
    "spectral_strongpeak": {
        "max": 16.0470905304,
        "mean": 0.174581617117,
        "min": 0,
        "stdev": 1.09090697765
    },
    "zerocrossingrate": {
        "max": 0.72802734375,
        "mean": 0.460912644863,
        "min": 0.0146484375,
        "stdev": 0.125594586134
    },
    "barkbands": {
        "max": [0.151534810662, 1.7820661068, 0.510200500488, 0.119199320674, 0.07407297194, 0.0880595743656, 0.100211448967, 0.145416557789, 0.737455427647, 0.175484791398, 0.146640941501, 0.0192614383996, 0.021596018225, 0.116248935461, 0.234429508448, 0.150345817208, 0.0675134137273, 0.0510637275875, 0.0257144030184, 0.0157045610249, 0.0269632283598, 0.0375152416527, 0.0966139286757, 0.0717844590545, 0.00564579712227, 0.00183186039794, 0.00119954091497],
        "mean": [0.000952477916144, 0.0114108659327, 0.00361537165008, 0.00131760258228, 0.00088950083591, 0.00101019022986, 0.00105186656583, 0.000889144197572, 0.00241528404877, 0.00122388312593, 0.000615586002823, 0.000168686456163, 0.000308826362016, 0.000885238929186, 0.00192460929975, 0.000794207095169, 0.000624208827503, 0.000653473252896, 0.000372162321582, 0.000242697191425, 0.000346941960743, 0.000391931156628, 0.0010521535296, 0.000843052519485, 8.36534745758e-05, 1.8523514882e-05, 9.50822868617e-06],
        "min": [1.35953496349e-25, 5.23228660074e-25, 4.57424052728e-25, 7.19086355369e-25, 5.46123355975e-24, 2.09678242532e-24, 6.75140294846e-24, 4.79736214293e-24, 1.06383288878e-23, 6.98761709134e-24, 9.81210121918e-24, 1.50245674925e-23, 2.31441439737e-23, 2.5005798912e-23, 2.32144693457e-23, 4.58128477907e-23, 5.9276592451e-23, 8.11403520666e-23, 1.23550953214e-22, 1.486802625e-22, 2.09350936253e-22, 2.89911330404e-22, 3.18279248183e-22, 4.49152963677e-22, 8.41497289401e-22, 1.10157597034e-21, 1.80650490252e-21],
        "stdev": [0.00810414366424, 0.107243165374, 0.0314824916422, 0.00943715777248, 0.00568705424666, 0.0055821230635, 0.00727834319696, 0.00901671405882, 0.0339914262295, 0.0112177440897, 0.00720472214743, 0.0012703348184, 0.00188754906412, 0.0074948775582, 0.0178034156561, 0.00784687884152, 0.00441936962306, 0.0044371271506, 0.00227223080583, 0.00147131329868, 0.00236449809745, 0.00287069426849, 0.00815289188176, 0.00661920243874, 0.00055198604241, 0.000147634404129, 7.87629542174e-05]
    },
    "erbbands": {
        "max": [75.1445159912, 304.974700928, 540.047790527, 438.552001953, 365.792572021, 214.566833496, 746.287780762, 335.128875732, 1246.75390625, 1073.17077637, 4119.515625, 10413.0087891, 18907.8964844, 6145.75488281, 1772.01843262, 590.303955078, 969.159545898, 3654.6940918, 10777.1503906, 19699.1972656, 4684.75683594, 3937.88574219, 2756.38598633, 1609.49523926, 1046.20507812, 722.975524902, 1215.07849121, 941.815734863, 1124.75695801, 1423.36108398, 3196.80688477, 2616.02075195, 701.792358398, 131.480010986, 28.7947502136, 10.750418663, 2.42307519913, 1.69620370865, 0.145930334926, 0.00963882636279],
        "mean": [0.439259976149, 2.14360070229, 4.03135538101, 4.72041940689, 3.41578149796, 2.54814338684, 8.08084011078, 6.19715213776, 14.7826814651, 10.231921196, 27.3293819427, 43.4603309631, 66.7856140137, 34.851726532, 13.9966268539, 6.77497053146, 14.2713241577, 34.033782959, 75.2848358154, 93.4442596436, 37.0153503418, 37.2503166199, 35.6353378296, 21.7962818146, 17.1721343994, 11.7151050568, 14.4834041595, 12.6814489365, 14.0588293076, 16.87682724, 32.5362472534, 29.3778400421, 7.51269006729, 1.59871649742, 0.323967695236, 0.095677703619, 0.0280987974256, 0.0111469076946, 0.00137839850504, 0.00013324849715],
        "min": [4.62098530853e-23, 1.76956117056e-22, 7.87856716843e-22, 4.30282350596e-21, 6.35928336605e-21, 1.91139693758e-20, 4.4012965306e-20, 4.50978514535e-20, 9.15320519606e-20, 1.06052057316e-19, 1.29447083796e-19, 2.29671918653e-19, 3.39191226291e-19, 5.09364379525e-19, 3.82669648744e-19, 8.84933742536e-19, 1.21855636309e-18, 1.17174197293e-18, 2.21734427912e-18, 2.47576563544e-18, 2.2448259074e-18, 3.72375618666e-18, 5.02124605291e-18, 6.36265135147e-18, 6.03228327303e-18, 7.81680633061e-18, 7.70248748841e-18, 8.89727460981e-18, 1.01418662759e-17, 1.06344862451e-17, 9.61948352109e-18, 8.70003752865e-18, 9.3422150613e-18, 7.29543108179e-18, 5.97416225447e-18, 3.74849385006e-18, 1.97041370227e-18, 8.52307205936e-19, 2.23677625097e-19, 2.70265044657e-20],
        "stdev": [4.52098464966, 19.7311229706, 35.381603241, 33.5003585815, 24.1239089966, 14.9539527893, 48.9940605164, 30.0708751678, 101.003501892, 70.8530578613, 295.213989258, 535.251098633, 888.966491699, 335.840423584, 126.228469849, 47.1954040527, 87.6578140259, 257.799713135, 660.958679199, 1019.24206543, 299.667327881, 261.478790283, 237.832260132, 135.573501587, 101.315391541, 72.1733932495, 99.3227539062, 87.3565750122, 101.193756104, 121.440391541, 255.500549316, 235.640426636, 57.4336013794, 10.7919740677, 2.38229441643, 0.777421593666, 0.220057636499, 0.0985996350646, 0.0109222903848, 0.0009076470742]
    },
    "gfcc": {
        "mean": [-1142.34375, 8.27548408508, -11.1340818405, 3.69766354561, -5.77881288528, 0.941315472126, -3.32995605469, 0.312519997358, -0.899116158485, -0.391699373722, -0.469368994236, -0.203685760498, -0.408318817616],
        "cov": [[147978.203125, 10023.8847656, -13234.8574219, 4704.20898438, -6745.40771484, 1282.06384277, -4014.38427734, 343.737792969, -985.267883301, -530.620056152, -575.32208252, -326.423065186, -523.549255371], [10023.8847656, 961.460021973, -900.305603027, 292.728546143, -495.220977783, 34.8385734558, -254.114181519, 4.32867145538, -80.2424316406, -44.5100402832, -26.0069274902, -17.4214878082, -20.9872493744], [-13234.8574219, -900.305603027, 1290.06396484, -382.86920166, 619.195373535, -107.397872925, 370.630371094, -24.7301025391, 85.5449447632, 41.1073493958, 50.0629272461, 45.4725265503, 47.6896934509], [4704.20898438, 292.728546143, -382.86920166, 241.472396851, -158.139419556, 88.490020752, -140.927947998, 0.0370700694621, -16.9207191467, -17.5475826263, 2.49121403694, -14.9199857712, -21.3289012909], [-6745.40771484, -495.220977783, 619.195373535, -158.139419556, 377.413970947, -13.5935297012, 165.591171265, -21.5222702026, 57.4794387817, 29.8611717224, 34.3724937439, 9.18510818481, 18.0951042175], [1282.06384277, 34.8385734558, -107.397872925, 88.490020752, -13.5935297012, 52.0537910461, -50.4190483093, -1.36791074276, 2.91969919205, -1.08395111561, 3.23652529716, -9.16888809204, -10.5246009827], [-4014.38427734, -254.114181519, 370.630371094, -140.927947998, 165.591171265, -50.4190483093, 126.564979553, -3.76264858246, 23.030216217, 10.0785837173, 13.1744194031, 12.3549442291, 16.201883316], [343.737792969, 4.32867145538, -24.7301025391, 0.0370700694621, -21.5222702026, -1.36791074276, -3.76264858246, 9.26423835754, -4.54563093185, -0.715997934341, -5.9193239212, 2.36225509644, -1.4548188448], [-985.267883301, -80.2424316406, 85.5449447632, -16.9207191467, 57.4794387817, 2.91969919205, 23.030216217, -4.54563093185, 18.5400524139, 4.7851858139, 9.43491268158, -1.70842957497, 1.88310265541], [-530.620056152, -44.5100402832, 41.1073493958, -17.5475826263, 29.8611717224, -1.08395111561, 10.0785837173, -0.715997934341, 4.7851858139, 7.88188028336, 2.86856937408, 1.92022514343, 1.653678298], [-575.32208252, -26.0069274902, 50.0629272461, 2.49121403694, 34.3724937439, 3.23652529716, 13.1744194031, -5.9193239212, 9.43491268158, 2.86856937408, 16.0425014496, -0.285071671009, 1.82315063477], [-326.423065186, -17.4214878082, 45.4725265503, -14.9199857712, 9.18510818481, -9.16888809204, 12.3549442291, 2.36225509644, -1.70842957497, 1.92022514343, -0.285071671009, 11.3980121613, 3.86727428436], [-523.549255371, -20.9872493744, 47.6896934509, -21.3289012909, 18.0951042175, -10.5246009827, 16.201883316, -1.4548188448, 1.88310265541, 1.653678298, 1.82315063477, 3.86727428436, 6.31241464615]],
        "icov": [[0.000972845591605, -0.00185789947864, 0.00324439373799, -0.0060027949512, 0.00404789764434, -0.00135624920949, 0.00420499267057, -0.0101073365659, -0.0016647655284, 0.00153727608267, 0.00737974978983, -0.003982888069, 0.00313196331263], [-0.00185789947864, 0.01011494454, -0.00262335548177, 0.00440163910389, -0.00824333075434, 0.0179574657232, -0.00625275773928, 0.0288526117802, 0.0082223052159, 0.00209662714042, -0.0168747324497, 0.00430886307731, -0.010271191597], [0.00324439373799, -0.00262335548177, 0.028707401827, -0.0262190029025, -0.00329828215763, 0.00901411287487, -0.00944692082703, -0.0223383679986, -0.00521258125082, 0.0197920445353, 0.0286492332816, -0.042932767421, 0.0128750549629], [-0.0060027949512, 0.00440163910389, -0.0262190029025, 0.0848090425134, -0.013178021647, -0.0650820359588, -0.012978230603, 0.0585778802633, 0.0150977056473, 0.0293126404285, -0.0774456635118, 0.0128729203716, -0.0202182102948], [0.00404789764434, -0.00824333075434, -0.00329828215763, -0.013178021647, 0.0637743473053, -0.0645376220345, -0.0014847770799, -0.00447637401521, -0.0100802564994, -0.0428380146623, 0.0333726517856, 0.00388976791874, 0.00328466622159], [-0.00135624920949, 0.0179574657232, 0.00901411287487, -0.0650820359588, -0.0645376220345, 0.230361282825, 0.065839342773, -0.0353910066187, -0.0247309654951, 0.00938319321722, -0.00478938827291, 0.0199922285974, 0.0452034808695], [0.00420499267057, -0.00625275773928, -0.00944692082703, -0.012978230603, -0.0014847770799, 0.065839342773, 0.164548009634, -0.127565354109, -0.020598731935, 0.0770388394594, -0.0214024335146, 0.0174647327513, -0.000776128552388], [-0.0101073365659, 0.0288526117802, -0.0223383679986, 0.0585778802633, -0.00447637401521, -0.0353910066187, -0.127565354109, 0.355487823486, 0.0279304869473, -0.0737300887704, -0.00839172769338, -0.0299596264958, 0.0192548893392], [-0.0016647655284, 0.0082223052159, -0.00521258125082, 0.0150977056473, -0.0100802564994, -0.0247309654951, -0.020598731935, 0.0279304869473, 0.145698130131, -0.0135939093307, -0.0588333047926, 0.0399107523263, -0.0207362696528], [0.00153727608267, 0.00209662714042, 0.0197920445353, 0.0293126404285, -0.0428380146623, 0.00938319321722, 0.0770388394594, -0.0737300887704, -0.0135939093307, 0.31084421277, -0.0561901070178, -0.0722045004368, -0.00920620933175], [0.00737974978983, -0.0168747324497, 0.0286492332816, -0.0774456635118, 0.0333726517856, -0.00478938827291, -0.0214024335146, -0.00839172769338, -0.0588333047926, -0.0561901070178, 0.207601577044, -0.0377711690962, 0.022647369653], [-0.003982888069, 0.00430886307731, -0.042932767421, 0.0128729203716, 0.00388976791874, 0.0199922285974, 0.0174647327513, -0.0299596264958, 0.0399107523263, -0.0722045004368, -0.0377711690962, 0.217354729772, -0.0929556787014], [0.00313196331263, -0.010271191597, 0.0128750549629, -0.0202182102948, 0.00328466622159, 0.0452034808695, -0.000776128552388, 0.0192548893392, -0.0207362696528, -0.00920620933175, 0.022647369653, -0.0929556787014, 0.349834561348]]
    },
    "melbands": {
        "max": [0.575517416, 0.260760515928, 0.0708445087075, 0.018110267818, 0.0193220861256, 0.00973142962903, 0.020548408851, 0.0119813447818, 0.0412760488689, 0.0900240167975, 0.0923282280564, 0.0216674059629, 0.0106988688931, 0.00234025437385, 0.00168340711389, 0.00283842836507, 0.0078871101141, 0.0177458878607, 0.0195937138051, 0.0219537317753, 0.00371738709509, 0.00441583944485, 0.00341878132895, 0.00216967565939, 0.00126137596089, 0.00123437435832, 0.00046540965559, 0.000514768413268, 0.000686873856466, 0.000677590142004, 0.000510816636961, 0.000590304262005, 0.000975081173237, 0.000831971003208, 0.00165495974943, 0.00246760784648, 0.00133688899223, 0.000552595243789, 0.000221177731873, 6.70376975904e-05],
        "mean": [0.00352809415199, 0.00226053968072, 0.000779003021307, 0.000192034407519, 0.000236939275055, 0.000162046781043, 0.000222525661229, 0.000103601894807, 0.000232821839745, 0.000323112122715, 0.000328084192006, 0.000135696624056, 5.87135218666e-05, 2.06045133382e-05, 1.96649998543e-05, 3.879210999e-05, 6.48848799756e-05, 0.000111559747893, 0.000152125619934, 8.45261383802e-05, 3.61262464139e-05, 3.75683230232e-05, 4.0093811549e-05, 2.63641741185e-05, 1.63407257787e-05, 1.47513228512e-05, 8.66744539962e-06, 7.56744611863e-06, 8.74101897352e-06, 8.96671917872e-06, 6.60548766973e-06, 7.42090696804e-06, 8.40456323203e-06, 9.85968563327e-06, 1.63908771356e-05, 2.39339569816e-05, 1.55576999532e-05, 5.65725486013e-06, 2.34269441535e-06, 9.04272212665e-07],
        "min": [6.56574256227e-25, 3.44709609786e-25, 1.41352879467e-24, 1.25237141426e-24, 1.30652050313e-24, 8.18436188026e-25, 1.54697664691e-24, 1.27250482089e-24, 8.37496053573e-25, 1.33938089856e-24, 1.46897891238e-24, 8.77889577617e-25, 1.31883629819e-24, 1.74125070394e-24, 2.23027287605e-24, 2.39142966481e-24, 1.76082510401e-24, 2.31686909585e-24, 1.77019558828e-24, 3.60500874545e-24, 2.23073810677e-24, 3.26406128728e-24, 2.77678565321e-24, 3.48920869773e-24, 3.99230868434e-24, 4.03676533508e-24, 4.04669354401e-24, 4.09611291871e-24, 4.2956671176e-24, 4.39931555193e-24, 3.76551985156e-24, 5.07606906733e-24, 4.6914899097e-24, 4.97806966593e-24, 4.56705538494e-24, 5.0130572248e-24, 5.38945944472e-24, 5.40302864115e-24, 5.01015539996e-24, 5.80152843274e-24],
        "stdev": [0.0340348295867, 0.0186102185398, 0.00539271533489, 0.0012819346739, 0.00135783990845, 0.000788519100752, 0.00151681946591, 0.000722812488675, 0.00261046597734, 0.00431938143447, 0.00432288786396, 0.00121550622862, 0.000590449024457, 0.000162988653756, 0.000123934732983, 0.000248910131631, 0.000508300960064, 0.00100639089942, 0.00146658951417, 0.00102435692679, 0.000263451802311, 0.000274176913081, 0.00027882255381, 0.00017791450955, 0.000101677105704, 9.28699446376e-05, 5.04432282469e-05, 4.83383919345e-05, 5.9264482843e-05, 6.15801982349e-05, 4.6974295401e-05, 5.35509570909e-05, 6.54194300296e-05, 7.11634711479e-05, 0.000126334925881, 0.00019560813962, 0.000124514073832, 4.47671736765e-05, 1.64512093761e-05, 6.13195788901e-06]
    },
    "melbands128": {
        "max": [0.141047358513, 0.654749035835, 0.8714209795, 0.425919353962, 0.283723384142, 0.216219544411, 0.0901014655828, 0.0454358756542, 0.0465080440044, 0.017038218677, 0.0135440090671, 0.0123424138874, 0.0311614014208, 0.0350909754634, 0.00620371615514, 0.00963725242764, 0.0261416658759, 0.035213522613, 0.0325996354222, 0.00723845139146, 0.00405433448032, 0.0351661890745, 0.0720409825444, 0.0501748397946, 0.032566588372, 0.103612959385, 0.26945874095, 0.0574038848281, 0.0249738227576, 0.00762097351253, 0.044211845845, 0.0303124915808, 0.00523658376187, 0.00670338096097, 0.00390289770439, 0.00105500745121, 0.00185417674948, 0.00148260022979, 0.00241595623083, 0.00281872111373, 0.00369942840189, 0.00538866175339, 0.0060110874474, 0.0140269426629, 0.0194933731109, 0.0192275382578, 0.0187794752419, 0.0384034402668, 0.0361928232014, 0.0386330895126, 0.0204303376377, 0.00536271976307, 0.00343441800214, 0.00348707847297, 0.00649791629985, 0.00422952650115, 0.0041234572418, 0.00283071352169, 0.00527065433562, 0.00226813205518, 0.00306009943597, 0.00256086862646, 0.00156290759332, 0.00102206366137, 0.00210986891761, 0.0016045778757, 0.000821331632324, 0.0007563540712, 0.00060423463583, 0.000386537896702, 0.000711613858584, 0.000595888704993, 0.000506870797835, 0.000848791969474, 0.00138065358624, 0.00111961958464, 0.000894828641322, 0.000667638203595, 0.000501672620885, 0.000524185947143, 0.00058109004749, 0.000916774733923, 0.000819602166303, 0.00129673536867, 0.000958610442467, 0.00080658175284, 0.00128682341892, 0.00103264115751, 0.00108009774704, 0.00289906864055, 0.00289676361717, 0.00308930012397, 0.00216028210707, 0.00162720691878, 0.000929177564103, 0.000711149710696, 0.000601720937993, 0.000336806668201, 0.000266363029368, 0.000145429934491, 0.000130471016746, 6.51349473628e-05, 5.71402961214e-05, 5.34420905751e-05, 4.67809113616e-05, 2.10400903597e-05, 2.30373643717e-05, 3.72209942725e-05, 1.78480731847e-05, 1.45678513945e-05, 1.26740551423e-05, 8.05669424153e-06, 1.01225205071e-05, 7.88867328083e-06, 7.15934902473e-06, 1.74849192263e-05, 1.98288980755e-05, 1.31211381813e-05, 6.25649408903e-06, 3.53753057425e-06, 2.50480707109e-06, 3.70926045434e-06, 3.49932702193e-06, 2.0828167635e-06, 1.43589454638e-06, 2.00137606043e-06, 2.03602394322e-06, 1.32126717745e-06],
        "mean": [0.000800467445515, 0.00371997524053, 0.00479458225891, 0.00301847117953, 0.00214904709719, 0.00168692518491, 0.00101431808434, 0.00055661983788, 0.000332456576871, 0.000150237261551, 0.000114737100375, 0.000152829583385, 0.000333596166456, 0.000282131775748, 8.56047918205e-05, 0.000118782125355, 0.00023865159892, 0.000265966664301, 0.000185601704288, 8.56334954733e-05, 5.68078321521e-05, 0.000151839791215, 0.000362305087037, 0.000164289725944, 0.000174257802428, 0.000387607928133, 0.000641026359517, 0.000272026925813, 0.000161410061992, 9.13880066946e-05, 0.000189258571481, 0.000101269397419, 3.26187982864e-05, 4.25066100433e-05, 2.56140083366e-05, 1.11103699965e-05, 1.63809963851e-05, 1.67624020833e-05, 2.41965717578e-05, 3.11128860631e-05, 3.97527364839e-05, 5.02388211316e-05, 6.24946551397e-05, 6.42078812234e-05, 0.000105613806227, 0.000107232997834, 0.000123799909488, 0.000187186058611, 0.000144451463711, 0.000135320136906, 7.21937249182e-05, 3.91619396396e-05, 3.47848908859e-05, 3.35734621331e-05, 4.03727426601e-05, 3.81691352231e-05, 3.5195320379e-05, 4.03500234825e-05, 4.83368494315e-05, 2.60975757556e-05, 2.75048751064e-05, 2.36838695855e-05, 1.64691555256e-05, 1.35407562993e-05, 1.75363747985e-05, 1.51528693095e-05, 1.35625641633e-05, 1.04900200313e-05, 7.31517411623e-06, 6.17023761151e-06, 7.82813640399e-06, 8.12585858512e-06, 7.69321195548e-06, 9.01293424249e-06, 9.68234235188e-06, 9.12867744773e-06, 9.13426447369e-06, 7.44888984627e-06, 5.89250794292e-06, 5.95442679696e-06, 6.73682643537e-06, 8.26105224405e-06, 8.84756991582e-06, 9.07692356122e-06, 7.23591392671e-06, 7.8371804193e-06, 1.18796542665e-05, 1.16000928756e-05, 1.26910645122e-05, 2.4342962206e-05, 2.4020415367e-05, 2.44166985794e-05, 2.27063392231e-05, 1.70039365912e-05, 1.02792691905e-05, 6.81787378198e-06, 5.10130803377e-06, 3.13955047204e-06, 2.4775165457e-06, 1.84774626177e-06, 1.26862403249e-06, 6.82862946633e-07, 5.95909909862e-07, 4.07032558769e-07, 3.45047567407e-07, 2.01635941721e-07, 1.90815896417e-07, 1.98016834929e-07, 1.50694248191e-07, 1.35230308729e-07, 1.2204490929e-07, 8.44973087055e-08, 7.82894389317e-08, 6.58910153106e-08, 8.24622787832e-08, 1.07336745714e-07, 9.66204609654e-08, 7.9466943248e-08, 6.33365502267e-08, 3.54582745388e-08, 2.61933106316e-08, 3.15066692735e-08, 2.54818584011e-08, 2.13790265491e-08, 1.88168538529e-08, 1.80905672664e-08, 1.77434387183e-08, 1.5386833141e-08],
        "min": [3.41266913907e-28, 2.69033566851e-25, 1.06137610968e-25, 6.62085965742e-26, 1.70099525521e-25, 1.53764706016e-25, 5.21559824829e-26, 2.9602777073e-25, 3.76609887546e-25, 1.56961922287e-25, 4.05983172656e-25, 3.41893179139e-25, 3.64318448567e-25, 2.19506216816e-25, 3.74837341744e-25, 3.22247042029e-25, 1.73036787472e-25, 4.23023603589e-25, 5.57963684846e-25, 3.0230094056e-25, 4.17441426608e-25, 3.8991269551e-25, 3.48545889672e-25, 6.41548970476e-25, 5.11349006488e-25, 3.64377835002e-25, 2.91136981029e-25, 5.9251224262e-25, 4.20405275637e-25, 2.48115564094e-25, 4.10171506373e-25, 8.11744872613e-25, 3.80319407346e-25, 8.60122457879e-25, 6.76773335528e-25, 8.42193818871e-25, 6.74685565838e-25, 1.04487900669e-24, 3.95108922293e-25, 3.97050308981e-25, 7.33819368154e-25, 1.28459746693e-24, 1.13776313816e-24, 4.47122860509e-25, 5.98578237855e-25, 8.08461880044e-25, 6.24761961109e-25, 1.19205589831e-24, 1.06080670001e-24, 1.05525873988e-24, 9.99426123233e-25, 1.06355657052e-24, 1.24330227487e-24, 1.67098074944e-24, 7.23122660799e-25, 1.06562535825e-24, 1.54368246238e-24, 6.89259623151e-25, 1.51628315378e-24, 2.19089293966e-24, 1.46810061437e-24, 1.30406379305e-24, 1.37993673074e-24, 2.22566652001e-24, 1.27023418339e-24, 1.71607637752e-24, 1.46594169929e-24, 1.80929291525e-24, 1.49339011448e-24, 1.97706765535e-24, 2.05710252457e-24, 1.65736836288e-24, 2.25391286801e-24, 1.99619437686e-24, 2.04335189013e-24, 2.62989285013e-24, 1.66086814428e-24, 2.38974012197e-24, 2.54907779748e-24, 1.84145457714e-24, 2.19351747989e-24, 2.70807231849e-24, 2.8422812243e-24, 1.98084886289e-24, 2.10185519537e-24, 3.31258865751e-24, 3.15168982627e-24, 3.21609420551e-24, 3.49624257599e-24, 3.15337207215e-24, 2.97952961117e-24, 2.94473985918e-24, 2.65470232838e-24, 2.55158460022e-24, 3.3835060696e-24, 3.17147938815e-24, 3.96532609151e-24, 2.53289609094e-24, 2.98532793604e-24, 4.20791659708e-24, 3.96347621268e-24, 3.51169714999e-24, 3.8149242379e-24, 3.0830898903e-24, 4.16760777698e-24, 4.20394152698e-24, 3.811529375e-24, 3.78321084622e-24, 3.66241218137e-24, 4.06392305504e-24, 4.29878272374e-24, 4.10122552623e-24, 4.44896211857e-24, 3.94344585101e-24, 4.57259003306e-24, 4.11825466659e-24, 3.79983530094e-24, 5.13490625795e-24, 4.29955896287e-24, 4.67775544691e-24, 4.18996646161e-24, 4.41291590837e-24, 3.89685454266e-24, 4.93195877387e-24, 4.71790097281e-24, 4.50108570845e-24, 4.74145912045e-24, 5.53544209953e-24],
        "stdev": [0.00742280809209, 0.0402880012989, 0.0478211082518, 0.0279804412276, 0.0198227409273, 0.0139969969168, 0.00732062151656, 0.00392807088792, 0.00266620633192, 0.00110212608706, 0.000774307642132, 0.000939141085837, 0.00213949289173, 0.00189108657651, 0.000502390204929, 0.000759881397244, 0.00184899254236, 0.00215902272612, 0.00182358105667, 0.000502641312778, 0.000312975607812, 0.00168744078837, 0.0044298726134, 0.00228208326735, 0.00205860403366, 0.00541905593127, 0.0117140393704, 0.00342504447326, 0.00138645793777, 0.000645346706733, 0.00228127348237, 0.00135635526385, 0.000287691218546, 0.000413837085944, 0.000227904121857, 7.4614508776e-05, 0.000127767925733, 0.000109238637378, 0.00015724718105, 0.000209894176805, 0.000276054895949, 0.000369997840608, 0.000457644870039, 0.000664581952151, 0.00104688445572, 0.00106347387191, 0.00114674214274, 0.00208348385058, 0.0017457944341, 0.00178950408008, 0.000939426361583, 0.000337304547429, 0.000264457979938, 0.000237459651544, 0.000346836546669, 0.000285452610115, 0.000256473489571, 0.000275459635304, 0.000382588681532, 0.000173772394191, 0.000204358089832, 0.000171600695467, 0.00011693432316, 8.3200779045e-05, 0.000129619453219, 0.000105068385892, 8.22706497274e-05, 6.49298235658e-05, 4.67045720143e-05, 3.74941628252e-05, 5.55902079213e-05, 5.21219990333e-05, 4.92572253279e-05, 6.44496394671e-05, 8.03798029665e-05, 7.18932496966e-05, 6.48423956591e-05, 5.68231553189e-05, 4.21622098656e-05, 4.29188403359e-05, 5.02659386257e-05, 6.34187745163e-05, 6.49532812531e-05, 8.03790026112e-05, 5.81309104746e-05, 5.72445933358e-05, 9.19192098081e-05, 8.73784156283e-05, 9.19968661037e-05, 0.000212257131352, 0.000203349554795, 0.000211590944673, 0.000186313074664, 0.000137706680107, 8.14771701698e-05, 5.66396774957e-05, 4.30888176197e-05, 2.37764470512e-05, 1.78150494321e-05, 1.24068401419e-05, 9.24685537029e-06, 4.87802708449e-06, 4.27917439083e-06, 3.42938074027e-06, 2.91406672659e-06, 1.58218949764e-06, 1.62335948062e-06, 1.95870825337e-06, 1.26287875446e-06, 1.08788856323e-06, 1.00510794709e-06, 6.77876585087e-07, 6.7913924795e-07, 5.46381613731e-07, 6.44180659037e-07, 1.00011288851e-06, 1.01153477772e-06, 7.35623302717e-07, 5.22087134414e-07, 2.90478112674e-07, 2.06261631774e-07, 2.54862840166e-07, 2.24937195981e-07, 1.73141529558e-07, 1.41425303468e-07, 1.43448048107e-07, 1.50123071307e-07, 1.23352634773e-07]
    },
    "mfcc": {
        "mean": [-1202.3248291, 10.5483608246, 0.487935692072, 2.37787604332, 0.279820233583, 0.476921707392, -0.789850711823, 0.511999428272, -0.413675218821, 0.628397107124, -0.339393079281, 0.112362764776, -0.209072157741],
        "cov": [[41293.5898438, 6254.48535156, 217.8097229, 1513.57714844, 367.887481689, 411.671203613, -520.249755859, 367.963134766, -256.906036377, 478.070343018, -207.231460571, 77.7405090332, -190.980941772], [6254.48535156, 1298.95593262, 57.4712219238, 243.428192139, -49.9612197876, 3.24137806892, -86.7639312744, 36.1789970398, -45.2750740051, 40.4384460449, -47.5756187439, -2.28287672997, -10.7100429535], [217.8097229, 57.4712219238, 78.5587005615, 38.3597755432, -9.67798519135, -2.24855279922, 4.61761713028, 14.6219654083, -1.9538820982, -7.13725709915, -12.2619447708, 6.277302742, 5.74458789825], [1513.57714844, 243.428192139, 38.3597755432, 86.3140411377, 27.24584198, 27.157907486, -9.17540168762, 19.1424617767, -15.1013755798, 15.343454361, -10.966635704, 10.6589193344, -2.82339978218], [367.887481689, -49.9612197876, -9.67798519135, 27.24584198, 96.5559997559, 56.5563049316, 6.6731672287, 6.34430360794, -9.97333621979, 15.3405656815, 9.96821784973, 16.1000919342, -4.18277359009], [411.671203613, 3.24137806892, -2.24855279922, 27.157907486, 56.5563049316, 39.6034088135, 1.75970578194, 5.89775943756, -8.19292926788, 10.7233352661, 4.39503622055, 11.4694423676, -3.7740957737], [-520.249755859, -86.7639312744, 4.61761713028, -9.17540168762, 6.6731672287, 1.75970578194, 16.1646575928, -0.492889285088, 1.31508302689, -3.91774511337, 2.67575979233, 0.456636786461, 2.84538650513], [367.963134766, 36.1789970398, 14.6219654083, 19.1424617767, 6.34430360794, 5.89775943756, -0.492889285088, 12.238530159, -0.771828711033, 5.15569972992, -2.85148501396, 2.88122868538, -1.75969994068], [-256.906036377, -45.2750740051, -1.9538820982, -15.1013755798, -9.97333621979, -8.19292926788, 1.31508302689, -0.771828711033, 9.02793502808, -3.49553537369, -0.408727765083, -2.87531089783, 0.671553313732], [478.070343018, 40.4384460449, -7.13725709915, 15.343454361, 15.3405656815, 10.7233352661, -3.91774511337, 5.15569972992, -3.49553537369, 14.377986908, 1.23636353016, 1.63100516796, -4.77582406998], [-207.231460571, -47.5756187439, -12.2619447708, -10.966635704, 9.96821784973, 4.39503622055, 2.67575979233, -2.85148501396, -0.408727765083, 1.23636353016, 7.58474493027, 2.62765789032, -0.0626126155257], [77.7405090332, -2.28287672997, 6.277302742, 10.6589193344, 16.1000919342, 11.4694423676, 0.456636786461, 2.88122868538, -2.87531089783, 1.63100516796, 2.62765789032, 9.10442352295, 0.444758743048], [-190.980941772, -10.7100429535, 5.74458789825, -2.82339978218, -4.18277359009, -3.7740957737, 2.84538650513, -1.75969994068, 0.671553313732, -4.77582406998, -0.0626126155257, 0.444758743048, 4.48607540131]],
        "icov": [[0.000751630985178, -0.00201370404102, 0.000248266413109, -0.00365271000192, -0.00287391594611, 0.000633020303212, 0.00936843641102, -0.00694988388568, -0.00103436713107, -0.0059288656339, 0.000276429840596, 0.00349758728407, 0.00725886784494], [-0.00201370404102, 0.0108849713579, 0.00415471894667, -0.0111983306706, 0.0103505495936, 0.00414412468672, -0.00820310227573, 0.019142607227, 0.0080640995875, 0.0207325909287, -0.00629588589072, 0.00290741957724, -0.0257713198662], [0.000248266413109, 0.00415471894667, 0.040495313704, -0.0296958331019, 0.00038121821126, 0.0187691431493, 0.00214098044671, -0.0299956928939, 0.00710700731725, 0.0225887671113, 0.0354696363211, -0.0201523080468, -0.021558701992], [-0.00365271000192, -0.0111983306706, -0.0296958331019, 0.163954377174, 0.0149507615715, -0.0638654753566, -0.0931114703417, -0.00213768519461, 0.045607637614, -0.0368530638516, 0.107934556901, -0.0910347178578, -0.0581222996116], [-0.00287391594611, 0.0103505495936, 0.00038121821126, 0.0149507615715, 0.0936992540956, -0.12164337188, -0.03689654544, 0.0242367703468, 0.0009200409404, 0.00164795410819, -0.023085642606, 0.00115352694411, -0.0695995688438], [0.000633020303212, 0.00414412468672, 0.0187691431493, -0.0638654753566, -0.12164337188, 0.259603559971, 0.00975793134421, 0.00655537704006, 0.0193383805454, 0.0280889645219, 0.00922946166247, -0.0638661906123, 0.107447229326], [0.00936843641102, -0.00820310227573, 0.00214098044671, -0.0931114703417, -0.03689654544, 0.00975793134421, 0.267627447844, -0.109222218394, 0.00841727666557, -0.0461686588824, -0.0546760223806, 0.125530049205, 0.0155019238591], [-0.00694988388568, 0.019142607227, -0.0299956928939, -0.00213768519461, 0.0242367703468, 0.00655537704006, -0.109222218394, 0.261345386505, -0.0583866238594, 0.00586086837575, -0.00356655311771, -0.0598535947502, 0.00766456592828], [-0.00103436713107, 0.0080640995875, 0.00710700731725, 0.045607637614, 0.0009200409404, 0.0193383805454, 0.00841727666557, -0.0583866238594, 0.219493761659, 0.00999091845006, 0.0749805569649, -0.00769200362265, -0.0367062464356], [-0.0059288656339, 0.0207325909287, 0.0225887671113, -0.0368530638516, 0.00164795410819, 0.0280889645219, -0.0461686588824, 0.00586086837575, 0.00999091845006, 0.249550372362, -0.0984851643443, 0.0294202212244, 0.0616050437093], [0.000276429840596, -0.00629588589072, 0.0354696363211, 0.107934556901, -0.023085642606, 0.00922946166247, -0.0546760223806, -0.00356655311771, 0.0749805569649, -0.0984851643443, 0.447673887014, -0.207103312016, -0.0505215376616], [0.00349758728407, 0.00290741957724, -0.0201523080468, -0.0910347178578, 0.00115352694411, -0.0638661906123, 0.125530049205, -0.0598535947502, -0.00769200362265, 0.0294202212244, -0.207103312016, 0.346073448658, -0.0361301787198], [0.00725886784494, -0.0257713198662, -0.021558701992, -0.0581222996116, -0.0695995688438, 0.107447229326, 0.0155019238591, 0.00766456592828, -0.0367062464356, 0.0616050437093, -0.0505215376616, -0.0361301787198, 0.554066300392]]
    },
    "spectral_contrast_coeffs": {
        "max": [-0.48394370079, -0.467245399952, -0.423802047968, -0.595823407173, -0.683320224285, -0.650962352753],
        "mean": [-0.937696874142, -0.94355404377, -0.941476166248, -0.946899294853, -0.94397175312, -0.939190804958],
        "min": [-0.984335184097, -0.982065320015, -0.976462423801, -0.973938584328, -0.96844381094, -0.964947879314],
        "stdev": [0.0839291289449, 0.0730526819825, 0.0679960995913, 0.0496611706913, 0.0531982034445, 0.0657702609897]
    },
    "spectral_contrast_valleys": {
        "max": [-3.61518716812, -4.22794103622, -4.25154542923, -4.22460794449, -4.5269575119, -6.62035083771],
        "mean": [-25.257818222, -25.2063426971, -25.341917038, -25.3172111511, -25.3298931122, -25.5988178253],
        "min": [-28.3559055328, -27.9845161438, -28.0467205048, -27.6963920593, -27.5243091583, -27.4260807037],
        "stdev": [6.15032529831, 6.12623882294, 5.93677091599, 5.94563817978, 5.93534040451, 5.15331602097]
    }
},
"rhythm": {
    "beats_count": 26,
    "beats_loudness": {
        "max": 1.78423345089,
        "mean": 0.0744027942419,
        "min": 0,
        "stdev": 0.342627346516
    },
    "bpm": 121.002906799,
    "bpm_histogram_first_peak_bpm": 120,
    "bpm_histogram_first_peak_weight": 0.285714268684,
    "bpm_histogram_second_peak_bpm": 126,
    "bpm_histogram_second_peak_spread": 0,
    "bpm_histogram_second_peak_weight": 0.319999992847,
    "danceability": 1.62844026089,
    "onset_rate": 0.470242828131,
    "beats_loudness_band_ratio": {
        "max": [0.0369079522789, 0.10378049314, 0.656136035919, 0.251801818609, 0.620514154434, 0.0640091821551],
        "mean": [0.00374478078447, 0.00682182516903, 0.0509134531021, 0.0196062214673, 0.0324421450496, 0.00479007465765],
        "min": [0, 0, 0, 0, 0, 0],
        "stdev": [0.0104789230973, 0.0217901989818, 0.168167546391, 0.0603551641107, 0.125033125281, 0.0158016402274]
    },
    "beats_position": [0.46439909935, 0.940408170223, 1.4164172411, 1.89242625237, 2.36843538284, 2.8444442749, 3.32045340538, 3.80807256699, 4.29569149017, 4.79492044449, 5.2941493988, 5.79337835312, 6.29260778427, 6.78022670746, 7.26784563065, 7.72063493729, 8.17342376709, 8.62621307373, 9.12544155121, 9.62467098236, 10.1239004135, 10.623128891, 11.1223583221, 11.6215867996, 12.0975961685, 12.5736055374],
    "bpm_histogram": [0, 0, 0, 0, 0, 0, 0, 0, 0, 0, 0, 0, 0, 0, 0, 0, 0, 0, 0, 0, 0, 0, 0, 0, 0, 0, 0, 0, 0, 0, 0, 0, 0, 0, 0, 0, 0, 0, 0, 0, 0, 0, 0, 0, 0, 0, 0, 0, 0, 0, 0, 0, 0, 0, 0, 0, 0, 0, 0, 0, 0, 0, 0, 0, 0, 0, 0, 0, 0, 0, 0, 0, 0, 0, 0, 0, 0, 0, 0, 0, 0, 0, 0, 0, 0, 0, 0, 0, 0, 0, 0, 0, 0, 0, 0, 0, 0, 0, 0, 0, 0, 0, 0, 0, 0, 0, 0, 0, 0, 0, 0, 0, 0, 0, 0, 0, 0, 0, 0, 0, 0.40000000596, 0, 0, 0.159999996424, 0, 0, 0.319999992847, 0, 0, 0, 0, 0, 0, 0.119999997318, 0, 0, 0, 0, 0, 0, 0, 0, 0, 0, 0, 0, 0, 0, 0, 0, 0, 0, 0, 0, 0, 0, 0, 0, 0, 0, 0, 0, 0, 0, 0, 0, 0, 0, 0, 0, 0, 0, 0, 0, 0, 0, 0, 0, 0, 0, 0, 0, 0, 0, 0, 0, 0, 0, 0, 0, 0, 0, 0, 0, 0, 0, 0, 0, 0, 0, 0, 0, 0, 0, 0, 0, 0, 0, 0, 0, 0, 0, 0, 0, 0, 0, 0, 0, 0, 0, 0, 0, 0, 0, 0, 0, 0, 0, 0, 0, 0, 0, 0, 0, 0, 0, 0, 0, 0, 0, 0, 0, 0, 0, 0, 0, 0, 0, 0, 0]
},
"tonal": {
    "chords_changes_rate": 0.0144927538931,
    "chords_number_rate": 0.0108695654199,
    "chords_strength": {
        "max": 0.739693343639,
        "mean": -0.718868374825,
        "min": -1,
        "stdev": 0.629044473171
    },
    "hpcp_crest": {
        "max": 35.2342147827,
        "mean": 1.17560243607,
        "min": 0,
