{
"metadata": {
    "version": {
        "essentia": "2.1-beta5",
        "essentia_git_sha": "Undefined",
        "extractor": "music 2.0"
    },
    "audio_properties": {
        "analysis": {
            "equal_loudness": 0,
            "length": 32.4963264465,
            "sample_rate": 44100,
            "start_time": 93.9943771362,
            "downmix": "mix"
        },
        "bit_rate": 192000,
        "length": 199.28527832,
        "lossless": 0,
        "number_channels": 2,
        "replay_gain": -9.7601776123,
        "sample_rate": 48000,
        "codec": "mp3",
        "md5_encoded": "95694a2c3c1e9c9abf19301aebdbe5b5"
    },
    "tags": {
        "file_name": "United KingdomUK_nan_Love City Groove.mp3",
        "encoding": ["Lavf58.29.100"]
    }
},
"lowlevel": {
    "average_loudness": 0.962039232254,
    "barkbands_crest": {
        "max": 19.141210556,
        "mean": 7.57900762558,
        "min": 2.92207050323,
        "stdev": 3.18677306175
    },
    "barkbands_flatness_db": {
        "max": 0.294769287109,
        "mean": 0.158839419484,
        "min": 0.0912235751748,
        "stdev": 0.0279428251088
    },
    "barkbands_kurtosis": {
        "max": 41.5175552368,
        "mean": 0.822282850742,
        "min": -1.77390766144,
        "stdev": 3.11206531525
    },
    "barkbands_skewness": {
        "max": 5.67323970795,
        "mean": 0.835789203644,
        "min": -1.09238255024,
        "stdev": 0.746215462685
    },
    "barkbands_spread": {
        "max": 69.3057250977,
        "mean": 23.440946579,
        "min": 4.56067228317,
        "stdev": 9.07220840454
    },
    "dissonance": {
        "max": 0.500000119209,
        "mean": 0.467381447554,
        "min": 0.283625721931,
        "stdev": 0.0230376962572
    },
    "dynamic_complexity": 1.93518519402,
    "erbbands_crest": {
        "max": 26.1965274811,
        "mean": 8.53967666626,
        "min": 2.93666100502,
        "stdev": 3.73277902603
    },
    "erbbands_flatness_db": {
        "max": 0.330884516239,
        "mean": 0.210769802332,
        "min": 0.126456558704,
        "stdev": 0.0282755289227
    },
    "erbbands_kurtosis": {
        "max": 12.9440908432,
        "mean": 0.094824463129,
        "min": -1.60962963104,
        "stdev": 1.30982661247
    },
    "erbbands_skewness": {
        "max": 2.4201259613,
        "mean": 0.187136158347,
        "min": -1.68480145931,
        "stdev": 0.607146263123
    },
    "erbbands_spread": {
        "max": 123.781257629,
        "mean": 32.0419082642,
        "min": 5.16284704208,
        "stdev": 12.587018013
    },
    "hfc": {
        "max": 99.1461181641,
        "mean": 23.824514389,
        "min": 0.0485828518867,
        "stdev": 14.7662010193
    },
    "loudness_ebu128": {
        "integrated": -13.7378263474,
        "loudness_range": 1.86956691742,
        "momentary": {
            "max": -9.90354061127,
            "mean": -14.0058231354,
            "min": -19.9904022217,
            "stdev": 1.57190167904
        },
        "short_term": {
            "max": -12.3413610458,
            "mean": -13.6989994049,
            "min": -15.5826625824,
            "stdev": 0.680553257465
        }
    },
    "melbands_crest": {
        "max": 28.0499458313,
        "mean": 10.9563846588,
        "min": 3.70040488243,
        "stdev": 4.25153779984
    },
    "melbands_flatness_db": {
        "max": 0.355170875788,
        "mean": 0.170175358653,
        "min": 0.0645726546645,
        "stdev": 0.041815225035
    },
    "melbands_kurtosis": {
        "max": 170.548294067,
        "mean": 4.86063623428,
        "min": -1.51184594631,
        "stdev": 9.97440433502
    },
    "melbands_skewness": {
        "max": 11.3488292694,
        "mean": 1.63607501984,
        "min": -0.546761035919,
        "stdev": 1.10322260857
    },
    "melbands_spread": {
        "max": 104.04271698,
        "mean": 30.0426921844,
        "min": 2.82400846481,
        "stdev": 12.4731998444
    },
    "pitch_salience": {
        "max": 0.856388092041,
        "mean": 0.571463644505,
        "min": 0.241034016013,
        "stdev": 0.0935266762972
    },
    "silence_rate_20dB": {
        "max": 1,
        "mean": 1,
        "min": 1,
        "stdev": 0
    },
    "silence_rate_30dB": {
        "max": 1,
        "mean": 1,
        "min": 1,
        "stdev": 0
    },
    "silence_rate_60dB": {
        "max": 1,
        "mean": 0.00571020692587,
        "min": 0,
        "stdev": 0.0753493234515
    },
    "spectral_centroid": {
        "max": 3657.78344727,
        "mean": 1535.04821777,
        "min": 386.065093994,
        "stdev": 474.318511963
    },
    "spectral_complexity": {
        "max": 54,
        "mean": 23.3975734711,
        "min": 0,
        "stdev": 8.21957588196
    },
    "spectral_decrease": {
        "max": -3.57846426102e-11,
        "mean": -6.23639540009e-09,
        "min": -2.27141256914e-08,
        "stdev": 3.44670381125e-09
    },
    "spectral_energy": {
        "max": 0.0925653651357,
        "mean": 0.0256985258311,
        "min": 0.000139466006658,
        "stdev": 0.0140499714762
    },
    "spectral_energyband_high": {
        "max": 0.00564801273867,
        "mean": 0.000766097917221,
        "min": 4.206956703e-07,
        "stdev": 0.000787162105553
    },
    "spectral_energyband_low": {
        "max": 0.0594258606434,
        "mean": 0.00575079442933,
        "min": 6.42918075755e-06,
        "stdev": 0.0062824562192
    },
    "spectral_energyband_middle_high": {
        "max": 0.0624446794391,
        "mean": 0.00821925792843,
        "min": 9.81010452961e-06,
        "stdev": 0.00656232377514
    },
    "spectral_energyband_middle_low": {
        "max": 0.0646340698004,
        "mean": 0.0119107672945,
        "min": 0.000100170560472,
        "stdev": 0.0087106321007
    },
    "spectral_entropy": {
        "max": 8.33971309662,
        "mean": 7.58246183395,
        "min": 6.6741194725,
        "stdev": 0.228387594223
    },
    "spectral_flux": {
        "max": 0.251292079687,
        "mean": 0.0935555920005,
        "min": 0.0249774139374,
        "stdev": 0.032839089632
    },
    "spectral_kurtosis": {
        "max": 17.3508968353,
        "mean": 2.54988145828,
        "min": -0.98192191124,
        "stdev": 2.20175409317
    },
    "spectral_rms": {
        "max": 0.0095030348748,
        "mean": 0.0048196176067,
        "min": 0.000368869077647,
        "stdev": 0.00135760428384
    },
    "spectral_rolloff": {
        "max": 7084.42382812,
        "mean": 1723.6854248,
        "min": 107.666015625,
        "stdev": 846.982910156
    },
    "spectral_skewness": {
        "max": 3.46653842926,
        "mean": 1.0576736927,
        "min": -0.0989244505763,
        "stdev": 0.335724949837
    },
    "spectral_spread": {
        "max": 21253310,
        "mean": 3313857.25,
        "min": 1928822.625,
        "stdev": 805460
    },
    "spectral_strongpeak": {
        "max": 9.72483539581,
        "mean": 1.24920284748,
        "min": 0,
        "stdev": 1.37738013268
    },
    "zerocrossingrate": {
        "max": 0.15478515625,
        "mean": 0.0624442361295,
        "min": 0.0087890625,
        "stdev": 0.0194400064647
    },
    "barkbands": {
        "max": [0.00120434421115, 0.0277856849134, 0.0278288666159, 0.0281257536262, 0.0251021329314, 0.0173189211637, 0.0345227904618, 0.0336687862873, 0.0361054427922, 0.029139759019, 0.032849509269, 0.0199848730117, 0.0108286682516, 0.0124072460458, 0.00867674592882, 0.0126637062058, 0.0134965628386, 0.00501307286322, 0.00516277039424, 0.00447722710669, 0.00302803469822, 0.00233407318592, 0.00104184437077, 0.00105828652158, 1.931933366e-05, 3.55484587544e-07, 2.58402252484e-07],
        "mean": [7.21443793736e-05, 0.00264779361896, 0.00230638706125, 0.00135959906038, 0.00208033341914, 0.00127475417685, 0.00154283083975, 0.00220844801515, 0.00282451487146, 0.00137933634687, 0.00109915086068, 0.00116462504957, 0.000713309971616, 0.00101095694117, 0.000837421684992, 0.000780752161518, 0.000696216302458, 0.000433306064224, 0.000344514701283, 0.000288514711428, 0.000281556305708, 0.000192169332877, 0.000118890704471, 4.05539794883e-05, 4.55022984625e-07, 1.29673838334e-09, 9.923805111e-10],
        "min": [1.61771467333e-08, 1.37729932703e-06, 8.04834598966e-07, 1.34595245527e-06, 1.94599451788e-05, 9.28482222662e-06, 1.51388067025e-05, 7.23345647202e-06, 2.04676643989e-06, 2.62865273726e-06, 2.11394717553e-06, 9.54323013502e-07, 7.2481003599e-07, 8.16322767605e-07, 5.97210316755e-07, 3.10690182914e-07, 5.63515030194e-08, 1.56217595304e-07, 1.77772420784e-07, 5.91901567759e-08, 1.71639896962e-07, 9.63026423051e-08, 6.74898643638e-08, 3.0318460631e-08, 3.39987926701e-10, 1.47585450805e-11, 1.68573818099e-11],
        "stdev": [0.000103040329122, 0.00335938925855, 0.00330427289009, 0.00234686117619, 0.0023353646975, 0.00155084801372, 0.00230035162531, 0.00299241882749, 0.00456419726834, 0.00208731740713, 0.00223433459178, 0.00197363598272, 0.00101133238059, 0.00113837793469, 0.00104208500125, 0.00126568297856, 0.000959133903962, 0.000530171906576, 0.000458431168227, 0.000392661080696, 0.000357048469596, 0.00021216107416, 0.00012350846373, 7.09395535523e-05, 9.48399701883e-07, 9.55627488253e-09, 6.98549662559e-09]
    },
    "erbbands": {
        "max": [0.604234278202, 7.50747013092, 30.3004779816, 80.1687316895, 61.7292251587, 99.1815948486, 82.9822769165, 162.679244995, 449.423034668, 700.912902832, 602.119934082, 806.703735352, 1172.70800781, 990.70880127, 660.302246094, 863.606140137, 545.588684082, 569.867248535, 353.496795654, 815.201293945, 870.873291016, 479.589813232, 360.433502197, 223.265472412, 142.487258911, 278.433227539, 191.024780273, 102.903442383, 122.068107605, 41.7809448242, 36.356628418, 34.4169273376, 10.6714229584, 0.656361758709, 0.0205530915409, 0.00181362277362, 0.000654520699754, 0.000196303779376, 5.45265938854e-05, 0.00011114681547],
        "mean": [0.056838542223, 0.670797526836, 2.52475166321, 3.87679386139, 5.75350284576, 6.69117212296, 6.58002567291, 12.5550231934, 21.1388454437, 32.1645011902, 54.5875930786, 50.2113685608, 66.5228500366, 38.3991699219, 44.1022109985, 41.633441925, 35.6561203003, 39.0681610107, 47.8592414856, 46.9502983093, 45.3969306946, 43.3436126709, 26.8124809265, 20.705575943, 14.9942274094, 14.3332061768, 13.0655698776, 9.16236686707, 7.26734447479, 4.93104410172, 3.03955674171, 1.50913882256, 0.326706111431, 0.0232935212553, 0.000913781987038, 0.00010728759662, 2.99331331917e-05, 9.50861704041e-06, 1.60143172252e-05, 3.15524666803e-05],
        "min": [4.99433954246e-05, 0.000294055673294, 0.00185451621655, 0.0124283730984, 0.0328959748149, 0.063135176897, 0.0689499750733, 0.08114823699, 0.177751287818, 0.275578171015, 0.199212044477, 0.0469608567655, 0.100186035037, 0.154952391982, 0.0405582599342, 0.0476195812225, 0.0380441695452, 0.0303412433714, 0.0390344560146, 0.0351697094738, 0.0102550210431, 0.00879299920052, 0.00817255303264, 0.00756711279973, 0.00878270063549, 0.00320680718869, 0.00290035270154, 0.00914077181369, 0.00431322213262, 0.00246098521166, 0.00151443469804, 0.000835410901345, 0.000436124828411, 9.94957590592e-05, 1.4838738025e-05, 5.83005930821e-06, 2.30987529903e-06, 5.82353948175e-07, 7.81041649134e-07, 2.27250666285e-07],
        "stdev": [0.0820877104998, 0.853432953358, 3.34916400909, 6.38709068298, 6.991065979, 8.79617023468, 8.24473762512, 15.8822879791, 30.6179542542, 47.9956207275, 65.3071212769, 77.7702941895, 119.709152222, 66.9413986206, 76.3571166992, 68.9805526733, 48.3297271729, 44.9745292664, 49.6312179565, 70.7877655029, 77.6440124512, 50.0399055481, 31.8839149475, 23.2807197571, 16.0712947845, 22.6787395477, 20.3627281189, 10.1767749786, 8.8719701767, 4.62377929688, 3.3246152401, 2.29960107803, 0.662926435471, 0.043986402452, 0.0014935095096, 0.000133535504574, 2.91290834866e-05, 8.69455925567e-06, 8.53634355735e-06, 1.69509494299e-05]
    },
    "gfcc": {
        "mean": [-11.7060947418, 142.997619629, -180.417663574, 58.5905609131, -74.1570510864, 9.82114219666, -18.1046028137, -16.835231781, 12.5346107483, -24.7854804993, 3.12517261505, -19.2960643768, -3.23509645462],
        "cov": [[1392.25402832, -191.092971802, -221.574462891, 1.02440428734, -74.7416381836, 44.4566383362, 4.0712223053, 63.7383384705, -46.8455543518, -35.5579566956, -13.2643384933, -23.9631481171, 9.47713756561], [-191.092971802, 453.832092285, 160.551467896, -38.4916496277, 163.863174438, -18.2269382477, 99.943649292, 1.96868360043, 64.7895736694, -13.8432254791, 2.87601327896, -19.7737865448, -14.3425798416], [-221.574462891, 160.551467896, 454.230529785, 197.439529419, 47.6527519226, 119.285247803, 18.6557178497, 22.631729126, 32.0229225159, 19.9706478119, -6.39295339584, -27.1898078918, -5.86895799637], [1.02440428734, -38.4916496277, 197.439529419, 275.651428223, 84.9599075317, 66.4435348511, -13.4746999741, 11.2432851791, 22.8294010162, 33.5387992859, -8.4979724884, -13.4278726578, -6.75972938538], [-74.7416381836, 163.863174438, 47.6527519226, 84.9599075317, 200.298126221, 30.8951835632, 40.1498718262, 13.9135923386, 48.2038497925, 9.38301372528, 0.846340060234, -6.71741437912, -8.13123035431], [44.4566383362, -18.2269382477, 119.285247803, 66.4435348511, 30.8951835632, 155.371658325, 49.4350547791, 32.0024795532, -2.21114206314, 11.0080823898, 13.6549243927, 1.69040215015, 2.15075874329], [4.0712223053, 99.943649292, 18.6557178497, -13.4746999741, 40.1498718262, 49.4350547791, 172.965209961, 44.9086799622, -3.44874763489, -1.03387010098, 4.06168937683, 6.6632361412, 9.75543212891], [63.7383384705, 1.96868360043, 22.631729126, 11.2432851791, 13.9135923386, 32.0024795532, 44.9086799622, 86.0546035767, 35.9999847412, 8.12137031555, 6.50871944427, -3.31396865845, 9.63564395905], [-46.8455543518, 64.7895736694, 32.0229225159, 22.8294010162, 48.2038497925, -2.21114206314, -3.44874763489, 35.9999847412, 96.5055770874, 44.1750793457, 2.29040956497, -7.15765142441, -5.86522865295], [-35.5579566956, -13.8432254791, 19.9706478119, 33.5387992859, 9.38301372528, 11.0080823898, -1.03387010098, 8.12137031555, 44.1750793457, 78.5768661499, 30.3556022644, -2.39115285873, 5.80568552017], [-13.2643384933, 2.87601327896, -6.39295339584, -8.4979724884, 0.846340060234, 13.6549243927, 4.06168937683, 6.50871944427, 2.29040956497, 30.3556022644, 63.8659210205, 28.3993282318, -3.75185894966], [-23.9631481171, -19.7737865448, -27.1898078918, -13.4278726578, -6.71741437912, 1.69040215015, 6.6632361412, -3.31396865845, -7.15765142441, -2.39115285873, 28.3993282318, 54.5047264099, 11.7732992172], [9.47713756561, -14.3425798416, -5.86895799637, -6.75972938538, -8.13123035431, 2.15075874329, 9.75543212891, 9.63564395905, -5.86522865295, 5.80568552017, -3.75185894966, 11.7732992172, 60.970085144]],
        "icov": [[0.00115459552035, -0.00170874549076, 0.00231312145479, -0.00199467269704, 0.00205881032161, -0.00185148883611, 0.00108623260166, -0.00187525642104, 0.0011759835761, -0.000174352811882, 0.0006115930737, 0.000450686638942, -3.71382084268e-05], [-0.00170874549076, 0.020703278482, -0.0154058197513, 0.0142814228311, -0.0170416962355, 0.0130740338936, -0.0128124663606, 0.0147471167147, -0.0159215889871, 0.0145087083802, -0.0150175252929, 0.00967293698341, -0.00348340952769], [0.00231312145479, -0.0154058197513, 0.0167341306806, -0.0145668946207, 0.0148655865341, -0.0129379872233, 0.00861899368465, -0.0095332423225, 0.00805041007698, -0.00629470450804, 0.00788681115955, -0.00275055854581, 0.000968959066086], [-0.00199467269704, 0.0142814228311, -0.0145668946207, 0.0185139644891, -0.0163287967443, 0.0093139288947, -0.0059929699637, 0.00702998647466, -0.00491809332743, 0.00122860446572, -0.00314347213134, 0.00137080508284, 0.000613449607044], [0.00205881032161, -0.0170416962355, 0.0148655865341, -0.0163287967443, 0.0232459362596, -0.0125093432143, 0.00709128845483, -0.00769689120352, 0.00401619821787, -0.00382734579034, 0.00625830097124, -0.00300407595932, 0.000630911323242], [-0.00185148883611, 0.0130740338936, -0.0129379872233, 0.0093139288947, -0.0125093432143, 0.0190050099045, -0.0093888444826, 0.00586264813319, -0.00563154369593, 0.00575199211016, -0.00912402570248, 0.00361727015115, -0.000961851677857], [0.00108623260166, -0.0128124663606, 0.00861899368465, -0.0059929699637, 0.00709128845483, -0.0093888444826, 0.0169549752027, -0.0157017484307, 0.0159798711538, -0.0140320872888, 0.0139695471153, -0.00979455001652, 0.00365228764713], [-0.00187525642104, 0.0147471167147, -0.0095332423225, 0.00702998647466, -0.00769689120352, 0.00586264813319, -0.0157017484307, 0.0345380865037, -0.0283046774566, 0.023145198822, -0.0221270117909, 0.0153368348256, -0.00980692543089], [0.0011759835761, -0.0159215889871, 0.00805041007698, -0.00491809332743, 0.00401619821787, -0.00563154369593, 0.0159798711538, -0.0283046774566, 0.044425252825, -0.0364229157567, 0.0289902668446, -0.0189505349845, 0.0121373431757], [-0.000174352811882, 0.0145087083802, -0.00629470450804, 0.00122860446572, -0.00382734579034, 0.00575199211016, -0.0140320872888, 0.023145198822, -0.0364229157567, 0.0507635138929, -0.0389591790736, 0.0257770437747, -0.0148681364954], [0.0006115930737, -0.0150175252929, 0.00788681115955, -0.00314347213134, 0.00625830097124, -0.00912402570248, 0.0139695471153, -0.0221270117909, 0.0289902668446, -0.0389591790736, 0.0530632100999, -0.0328763946891, 0.0153134288266], [0.000450686638942, 0.00967293698341, -0.00275055854581, 0.00137080508284, -0.00300407595932, 0.00361727015115, -0.00979455001652, 0.0153368348256, -0.0189505349845, 0.0257770437747, -0.0328763946891, 0.0413735620677, -0.0135821271688], [-3.71382084268e-05, -0.00348340952769, 0.000968959066086, 0.000613449607044, 0.000630911323242, -0.000961851677857, 0.00365228764713, -0.00980692543089, 0.0121373431757, -0.0148681364954, 0.0153134288266, -0.0135821271688, 0.0229810718447]]
    },
    "melbands": {
        "max": [0.00645705871284, 0.0133180348203, 0.0118767125532, 0.00483799865469, 0.00378010049462, 0.00422209780663, 0.00718491896987, 0.00707388622686, 0.00504435738549, 0.00438626110554, 0.00571157597005, 0.00369095848873, 0.00270498078316, 0.00276912585832, 0.00150603777729, 0.00104313727934, 0.000948478002101, 0.000884354987647, 0.000947202614043, 0.000832974677905, 0.00108583818655, 0.000341158825904, 0.00102003256325, 0.000362120568752, 0.000200627066079, 0.000213575040107, 0.000131819397211, 0.000260814907961, 0.000165693068993, 5.3249510529e-05, 7.13503031875e-05, 0.000102989492007, 2.87989005301e-05, 2.14369920286e-05, 2.31747690123e-05, 1.84430391528e-05, 2.22731123358e-05, 9.68093900156e-06, 1.93722917174e-06, 1.41579192814e-07],
        "mean": [0.000619673519395, 0.00117521965876, 0.000724686484318, 0.000459504721221, 0.000249290227657, 0.000282749766484, 0.000319178216159, 0.000392968533561, 0.000460773822851, 0.000330078153638, 0.000327940506395, 0.000149427913129, 0.000153761022375, 0.000132629007567, 9.84204671113e-05, 6.74427064951e-05, 7.35835565138e-05, 8.18207408884e-05, 6.88622312737e-05, 4.85173732159e-05, 5.10013815074e-05, 4.35689471487e-05, 3.23154999933e-05, 2.10602338484e-05, 1.62304258993e-05, 1.31278939079e-05, 9.84646067081e-06, 8.89751481736e-06, 9.16694261832e-06, 5.26289704794e-06, 5.10031668455e-06, 4.48869423053e-06, 3.04559966935e-06, 2.64021673502e-06, 1.85264161701e-06, 1.33550463488e-06, 7.45433453631e-07, 2.61137358848e-07, 5.12729982916e-08, 3.88536580687e-09],
        "min": [6.26172152352e-07, 6.83399093759e-07, 2.77574872598e-06, 3.94599055653e-06, 1.4771547967e-06, 1.83381382612e-06, 2.91178935186e-06, 3.16019531965e-06, 1.35468508233e-06, 2.32860401184e-07, 5.06750325258e-07, 6.44669114536e-07, 2.0316920768e-07, 6.46465707632e-08, 1.74403595565e-07, 3.42146222465e-08, 6.29875316349e-08, 7.08463616661e-08, 4.13045562198e-08, 3.84740097559e-08, 7.62532437193e-09, 3.59769170011e-09, 2.07496997362e-09, 1.05585442611e-08, 5.24478194208e-09, 7.2474928281e-09, 3.36843819504e-09, 2.01809946532e-09, 2.03426675505e-09, 1.10971443146e-09, 7.60872254091e-09, 2.84827583741e-09, 1.05967690178e-09, 1.55984247741e-09, 1.035469821e-09, 4.60915861034e-10, 4.36686464766e-10, 5.93185917053e-11, 6.41337885576e-11, 2.34038114409e-12],
        "stdev": [0.000814995029941, 0.00141311925836, 0.00102334166877, 0.000526868680026, 0.000323423591908, 0.000360655772965, 0.000460318929981, 0.000574116536882, 0.000591423246078, 0.00052169529954, 0.00059364765184, 0.000269820739049, 0.000283034838503, 0.00026684961631, 0.000140765681863, 9.90982734947e-05, 8.51447257446e-05, 9.84323996818e-05, 9.34377458179e-05, 7.58055975894e-05, 9.83118879958e-05, 5.35599792784e-05, 5.90625277255e-05, 3.27214074787e-05, 1.93441082956e-05, 1.84485761565e-05, 1.10068831418e-05, 1.75645363925e-05, 1.59508545039e-05, 6.13632482782e-06, 6.09385824646e-06, 6.32504770692e-06, 3.13983105116e-06, 2.59491685028e-06, 2.05327614822e-06, 1.78664436135e-06, 1.34910885663e-06, 5.85890916227e-07, 1.09612969368e-07, 7.79397257844e-09]
    },
    "melbands128": {
        "max": [0.000972352456301, 0.00502508226782, 0.00975829083472, 0.0167188681662, 0.0167502574623, 0.015052087605, 0.0191486254334, 0.0121080297977, 0.00695931026712, 0.00691311294213, 0.00748398341238, 0.00801210198551, 0.00328714959323, 0.003295855131, 0.00238890852779, 0.00888718850911, 0.00968717876822, 0.0114489803091, 0.0107013359666, 0.0130221452564, 0.0119275059551, 0.0108465114608, 0.00793698150665, 0.00864872895181, 0.00956753548235, 0.00341716501862, 0.0170829705894, 0.00636210758239, 0.00662319362164, 0.00626201322302, 0.00574553664774, 0.00974755827338, 0.00558413006365, 0.00310527952388, 0.00526146451011, 0.00595267210156, 0.00291880453005, 0.00300702522509, 0.00216806563549, 0.00183206889778, 0.0010788005311, 0.0032993440982, 0.00113368383609, 0.00148228358012, 0.00265328399837, 0.00103212252725, 0.00125483144075, 0.00156581890769, 0.00174017786048, 0.00286921090446, 0.000950001121964, 0.000383184029488, 0.00290069542825, 0.000521542795468, 0.00033777882345, 0.000637963414192, 0.000558041559998, 0.00286280806176, 0.000597375095822, 0.000236963751377, 0.000568539195228, 0.000495015352499, 0.000196594686713, 0.000164731172845, 0.000827227719128, 0.000150926513015, 0.00013417826267, 0.000272345496342, 0.000114817928988, 0.000294044672046, 0.000366167601896, 0.00035901874071, 0.000120722797874, 0.000405489437981, 0.000105586063, 7.20419848221e-05, 7.77577442932e-05, 0.00010452317656, 8.10489073046e-05, 6.60776568111e-05, 0.000145053229062, 0.000119315314805, 5.03871124238e-05, 4.37460003013e-05, 2.66916922556e-05, 4.26358747063e-05, 2.57653173321e-05, 2.49907152465e-05, 2.72265879175e-05, 2.69082229352e-05, 2.36433261307e-05, 2.33956579905e-05, 2.70745258604e-05, 2.29608285736e-05, 2.41103207372e-05, 9.74785052676e-06, 7.28940858608e-06, 6.77996331433e-06, 1.82858218523e-06, 8.13668975752e-07, 2.7483523013e-07, 6.65670043531e-08, 1.35811388802e-08, 5.27529397942e-09, 4.59437288214e-09, 4.04181577096e-09, 3.56606366658e-09, 3.16015125179e-09, 2.8329021351e-09, 2.54524779031e-09, 2.30761099118e-09, 2.08955852621e-09, 1.91737625777e-09, 1.75917624912e-09, 1.62116786662e-09, 1.50217960293e-09, 1.40617328892e-09, 1.31310273765e-09, 1.23834464905e-09, 1.17120380061e-09, 1.10677789156e-09, 1.06097541863e-09, 1.02293828963e-09, 9.87420256671e-10, 9.55919454704e-10, 9.32267707476e-10, 9.18062459387e-10, 9.09178565767e-10],
        "mean": [6.16350662312e-05, 0.000379434699425, 0.000782927963883, 0.00120808579959, 0.00134704401717, 0.00107086240314, 0.000792450504377, 0.000647901033517, 0.000573633413296, 0.000501548929606, 0.000335322489263, 0.0003277315991, 0.000207518867683, 0.000173434920725, 0.000243077549385, 0.000376866926672, 0.000377552147256, 0.000298611092148, 0.00024344677513, 0.000350856425939, 0.000472846237244, 0.000530213583261, 0.000405323458835, 0.000508074648678, 0.000275209284155, 0.000195121669094, 0.000578575243708, 0.000302123255096, 0.000217499895371, 0.000112664623884, 0.000131623004563, 0.000200989132281, 0.00016251624038, 9.34905474423e-05, 0.00018858043768, 0.000126815823023, 6.93101101206e-05, 0.000128782368847, 8.84539913386e-05, 7.12992987246e-05, 5.09472411068e-05, 8.10441633803e-05, 6.71499001328e-05, 5.57294915779e-05, 0.000131849650643, 6.93624897394e-05, 5.32121193828e-05, 7.13635163265e-05, 6.95642229402e-05, 7.71122067817e-05, 2.8088074032e-05, 3.24620268657e-05, 9.89392210613e-05, 2.81424436253e-05, 1.76802695933e-05, 6.13851079834e-05, 4.55488443549e-05, 4.29788633483e-05, 2.49644617725e-05, 1.71946539922e-05, 2.40428380494e-05, 2.09852696571e-05, 1.35461459649e-05, 1.24205871543e-05, 2.59773860307e-05, 1.12672087198e-05, 7.57215639169e-06, 9.97046208795e-06, 9.49262630456e-06, 1.10545215648e-05, 9.83768859442e-06, 7.75934404373e-06, 5.85810676057e-06, 1.42824374052e-05, 6.11878976997e-06, 4.18996296503e-06, 4.60592809759e-06, 6.94908703736e-06, 4.57137639387e-06, 4.40278699898e-06, 4.92646495331e-06, 4.37030212197e-06, 3.23569588545e-06, 3.0672322282e-06, 2.88369483314e-06, 2.37153699345e-06, 3.07424852508e-06, 2.19590242523e-06, 1.78323466571e-06, 1.50111270614e-06, 1.51481856392e-06, 1.27269140648e-06, 1.06297500224e-06, 8.07644369161e-07, 5.18738829669e-07, 3.41757100841e-07, 2.24332509902e-07, 1.11869390196e-07, 4.84688946756e-08, 2.07885548775e-08, 6.1944684937e-09, 8.81082873327e-10, 2.72173561466e-10, 1.86208531233e-11, 1.27286089655e-11, 1.60314209824e-11, 1.77868796081e-11, 1.96702220484e-11, 9.16267842849e-12, 6.87144525308e-12, 6.49720381662e-12, 6.15224624717e-12, 5.85152933053e-12, 5.57368344187e-12, 5.32435207035e-12, 5.10448454338e-12, 4.90853191426e-12, 4.72621030853e-12, 4.5709647005e-12, 4.42467937289e-12, 4.2891389225e-12, 4.18159127116e-12, 4.08706705632e-12, 4.00028317762e-12, 3.90520211654e-12, 3.80587705448e-12, 3.74420156338e-12, 3.71737710059e-12],
        "min": [1.72716108082e-09, 1.01296080857e-07, 3.61931597581e-07, 1.06809551426e-07, 3.9380608996e-07, 3.17623317869e-07, 4.1025327846e-07, 4.89614023991e-07, 1.55989232553e-06, 2.02813180294e-06, 1.10853534352e-06, 8.38176902107e-07, 4.06693914101e-07, 9.80236677606e-07, 1.73851049112e-06, 1.24233554288e-06, 2.26440192819e-06, 1.16768728731e-06, 6.9181390927e-07, 1.37394323474e-07, 1.29300156004e-06, 6.2372106413e-07, 2.58893351202e-07, 4.8795169505e-07, 1.12838456801e-07, 1.23425465404e-07, 2.67342102234e-07, 3.0127640116e-07, 2.78944867205e-07, 2.9517633493e-07, 1.50477688976e-07, 2.32772734421e-07, 1.41472000337e-07, 2.97618640843e-08, 2.29646417438e-08, 5.56682699937e-08, 1.58647679882e-07, 2.3148417938e-07, 1.15649854138e-07, 4.46685461952e-08, 6.6282663802e-09, 9.49986311838e-09, 6.16860589275e-08, 6.30224619158e-08, 8.85601068035e-08, 7.61219780543e-08, 3.92591061882e-08, 2.34355610473e-08, 4.86764797358e-08, 4.31325979378e-08, 3.55878810865e-08, 1.06584456816e-08, 3.85151555093e-09, 3.15405546125e-09, 3.3033109581e-09, 4.04396338638e-09, 2.74848832582e-09, 1.16992804333e-10, 4.55029763868e-10, 7.47640882537e-09, 1.69548091122e-08, 7.78773401322e-09, 4.40679226443e-09, 6.13295991769e-09, 2.84180523558e-09, 8.06156652544e-09, 9.911225618e-09, 5.18375919967e-09, 1.52789958463e-09, 1.20087717548e-09, 1.82862625042e-09, 2.72128586332e-09, 2.00814875839e-09, 2.63386668031e-09, 1.15441478599e-09, 3.77635478443e-10, 1.28280497336e-09, 2.51011189611e-09, 1.36736302281e-08, 5.54691048649e-09, 3.25074189789e-09, 1.31969724038e-09, 4.86409634792e-10, 4.82850870398e-10, 1.17178511339e-09, 7.09288350276e-10, 2.4937938381e-09, 1.0380091231e-09, 2.22653603887e-10, 3.6437752815e-10, 5.50633982854e-11, 8.18490136778e-11, 1.75940248481e-10, 2.4349650074e-10, 1.10500011918e-10, 1.71367937202e-11, 2.64996774524e-11, 2.51976686044e-11, 3.19235870377e-12, 6.71478237596e-12, 3.70349503018e-13, 1.09290106533e-13, 7.50733771481e-14, 6.0811415853e-14, 6.44401998667e-14, 5.28379626836e-14, 6.71934228635e-14, 5.60661102776e-14, 6.4934148824e-14, 6.74828980673e-14, 6.21662619928e-14, 5.10741487081e-14, 5.32147669842e-14, 5.75521685972e-14, 7.13970169878e-14, 6.14210153007e-14, 5.51928362497e-14, 6.45764434222e-14, 6.80237658736e-14, 6.30131323097e-14, 5.34714078028e-14, 5.48379260566e-14, 5.90886592585e-14, 5.22927072466e-14, 3.73186080833e-14, 1.77643358059e-14, 2.97515494635e-15, 8.80808650724e-17],
        "stdev": [9.10340095288e-05, 0.000605463748798, 0.0012350656325, 0.00162401725538, 0.00184109876864, 0.00162758899387, 0.00147857773118, 0.00108768919017, 0.000769073201809, 0.000694126472808, 0.000540412263945, 0.000574063393287, 0.000323618383845, 0.000258922489593, 0.000335840682965, 0.000666189356707, 0.000672914844472, 0.000584151886869, 0.000572717981413, 0.000711675267667, 0.000850414216984, 0.000889388495125, 0.000738483038731, 0.001099534682, 0.00074843026232, 0.000385044637369, 0.00163391546812, 0.000570414878894, 0.000435926223872, 0.000290072581265, 0.000364989391528, 0.000539827742614, 0.00041239647544, 0.00022827135399, 0.000455766188679, 0.00034936904558, 0.000185851284186, 0.000237296393607, 0.000180204646313, 0.000162583746715, 0.000109281041659, 0.000180322589586, 0.000108722655568, 9.43917548284e-05, 0.000218147513806, 9.85688675428e-05, 0.000105491606519, 0.000137469323818, 0.000133728346555, 0.00020758282335, 6.28468769719e-05, 4.42198070232e-05, 0.000245461240411, 4.39709874627e-05, 2.80169533653e-05, 9.30107853492e-05, 6.54487012071e-05, 0.000149376137415, 3.96998257202e-05, 2.36281775869e-05, 5.20084176969e-05, 4.03995545639e-05, 1.89513884834e-05, 1.71717783815e-05, 5.82432076044e-05, 1.6499292542e-05, 1.13233018055e-05, 1.51644362631e-05, 1.18250118248e-05, 2.32493257499e-05, 2.52440586337e-05, 2.24694213102e-05, 9.27732253331e-06, 3.44070358551e-05, 1.01966252259e-05, 6.26619930699e-06, 6.73178010402e-06, 1.05353774416e-05, 7.47982312532e-06, 7.881091733e-06, 8.76389549376e-06, 7.06763739799e-06, 4.28525299867e-06, 3.63342496712e-06, 3.26479266732e-06, 2.9837854072e-06, 3.6241935959e-06, 2.62859475697e-06, 2.40928488893e-06, 2.11001975003e-06, 2.23765755436e-06, 1.92149627765e-06, 1.74667138708e-06, 1.48118556353e-06, 1.41023861033e-06, 8.00412919943e-07, 5.00951557569e-07, 3.01959403259e-07, 1.08981218716e-07, 4.51333050933e-08, 1.42316292084e-08, 2.70162980875e-09, 6.93633372961e-10, 1.48987169823e-10, 1.24196639084e-10, 1.09845903207e-10, 9.77975547767e-11, 8.88290344059e-11, 7.60895305096e-11, 6.82601544733e-11, 6.19262557899e-11, 5.61163095159e-11, 5.15267099821e-11, 4.73114186716e-11, 4.36344745058e-11, 4.04640765339e-11, 3.79040757115e-11, 3.54244654444e-11, 3.34314520511e-11, 3.16418662105e-11, 2.99272030768e-11, 2.87045803793e-11, 2.76892276468e-11, 2.67417338273e-11, 2.5903400952e-11, 2.52745810392e-11, 2.4895472836e-11, 2.46581591951e-11]
    },
    "mfcc": {
        "mean": [-618.501464844, 133.389724731, -31.1348457336, 32.980430603, -19.9479141235, 20.7523803711, -21.4845695496, 16.9483890533, -9.06197357178, 14.7020168304, -6.4039645195, 7.92144823074, -8.85449886322],
        "cov": [[1614.19897461, -319.935455322, -199.966583252, -116.122596741, -73.5674514771, -89.3829345703, 31.5814819336, 14.4581918716, 7.19261980057, -16.5275173187, -36.6879425049, 5.91176128387, -23.7618045807], [-319.935455322, 549.814758301, -38.5275154114, 19.9821186066, 16.2902431488, 13.7379226685, 18.7500267029, 53.2648200989, 24.156545639, 31.8286476135, 45.6021575928, -14.0094947815, -3.68651890755], [-199.966583252, -38.5275154114, 440.40246582, 70.7040710449, 82.7537002563, 79.4532394409, 45.32554245, 13.1042423248, 33.9443664551, 26.9716053009, 27.1307945251, 10.0855464935, 4.11003780365], [-116.122596741, 19.9821186066, 70.7040710449, 213.336853027, 89.3925857544, 59.9522323608, -4.19663715363, 1.58470392227, 28.3090763092, 30.7900924683, 8.21387290955, 6.57227802277, 14.2916250229], [-73.5674514771, 16.2902431488, 82.7537002563, 89.3925857544, 202.985931396, 53.7386703491, -16.1391277313, -0.339379280806, 23.1009941101, 32.987991333, 23.4166316986, 2.920170784, 8.67346572876], [-89.3829345703, 13.7379226685, 79.4532394409, 59.9522323608, 53.7386703491, 130.365081787, 44.6719017029, 18.6166706085, 10.5839834213, 15.9468193054, 15.9650850296, 10.2471990585, 5.16822338104], [31.5814819336, 18.7500267029, 45.32554245, -4.19663715363, -16.1391277313, 44.6719017029, 146.374206543, 50.4344139099, 25.350479126, -1.17130577564, 12.1284742355, 3.42072892189, 6.56524562836], [14.4581918716, 53.2648200989, 13.1042423248, 1.58470392227, -0.339379280806, 18.6166706085, 50.4344139099, 105.195289612, 22.5836238861, -1.53568077087, 10.5453596115, 5.12670660019, -1.03906488419], [7.19261980057, 24.156545639, 33.9443664551, 28.3090763092, 23.1009941101, 10.5839834213, 25.350479126, 22.5836238861, 102.659141541, 38.613243103, 5.7481751442, 5.66644620895, 0.353057414293], [-16.5275173187, 31.8286476135, 26.9716053009, 30.7900924683, 32.987991333, 15.9468193054, -1.17130577564, -1.53568077087, 38.613243103, 86.7943572998, 24.2452030182, 10.145655632, 4.70843172073], [-36.6879425049, 45.6021575928, 27.1307945251, 8.21387290955, 23.4166316986, 15.9650850296, 12.1284742355, 10.5453596115, 5.7481751442, 24.2452030182, 89.7316055298, 19.2597370148, 6.07194328308], [5.91176128387, -14.0094947815, 10.0855464935, 6.57227802277, 2.920170784, 10.2471990585, 3.42072892189, 5.12670660019, 5.66644620895, 10.145655632, 19.2597370148, 67.3961181641, 14.2797679901], [-23.7618045807, -3.68651890755, 4.11003780365, 14.2916250229, 8.67346572876, 5.16822338104, 6.56524562836, -1.03906488419, 0.353057414293, 4.70843172073, 6.07194328308, 14.2797679901, 68.1168823242]],
        "icov": [[0.000828164222185, 0.000556456157938, 0.000407738436479, 0.000223806127906, -0.000108680855192, 0.000413951463997, -0.000394449831219, -0.000303088949295, -0.000144526507938, -0.000248663272941, 2.85018468276e-05, -7.59486283641e-05, 0.000294596189633], [0.000556456157938, 0.00247175968252, 0.0006097665173, -1.74841588887e-05, -5.82694701734e-05, 0.000178673755727, -0.000168971455423, -0.00125322956592, -0.000213672799873, -0.000744512770325, -0.00103791290894, 0.000826785166282, 0.000257560284808], [0.000407738436479, 0.0006097665173, 0.00299380416982, -0.000204652475077, -0.000738109229133, -0.000811745296232, -0.00079876097152, -4.45561709057e-05, -0.000538137857802, -0.000223461509449, -0.000510535319336, 1.72208947333e-05, 0.000329549337039], [0.000223806127906, -1.74841588887e-05, -0.000204652475077, 0.00656883465126, -0.00190214219037, -0.00209291023202, 0.000789472367615, 3.36261036864e-05, -0.00106063554995, -0.000754985259846, 0.000668692402542, -6.17016412434e-05, -0.000952302478254], [-0.000108680855192, -5.82694701734e-05, -0.000738109229133, -0.00190214219037, 0.00707703595981, -0.00202243425883, 0.00186969491187, -0.000136609261972, -0.000698415038642, -0.000808316341136, -0.00122500059661, 0.000854138692375, -0.000537784188055], [0.000413951463997, 0.000178673755727, -0.000811745296232, -0.00209291023202, -0.00202243425883, 0.0116766477004, -0.00378933991306, -0.000536314037163, 0.00151677976828, -0.000976731535047, -7.43498749216e-05, -0.00123491487466, 0.000695952156093], [-0.000394449831219, -0.000168971455423, -0.00079876097152, 0.000789472367615, 0.00186969491187, -0.00378933991306, 0.0102835064754, -0.00350974709727, -0.00212790444493, 0.00121372879948, -0.000977054354735, 0.000859613646753, -0.00142541457899], [-0.000303088949295, -0.00125322956592, -4.45561709057e-05, 3.36261036864e-05, -0.000136609261972, -0.000536314037163, -0.00350974709727, 0.0125576127321, -0.00212477543391, 0.00191468640696, -0.000553180463612, -0.00098712684121, 0.000544910028111], [-0.000144526507938, -0.000213672799873, -0.000538137857802, -0.00106063554995, -0.000698415038642, 0.00151677976828, -0.00212790444493, -0.00212477543391, 0.0134110823274, -0.00585396401584, 0.00156843196601, -0.000613613927271, 0.000663507380523], [-0.000248663272941, -0.000744512770325, -0.000223461509449, -0.000754985259846, -0.000808316341136, -0.000976731535047, 0.00121372879948, 0.00191468640696, -0.00585396401584, 0.0163077507168, -0.00338789122179, -0.000946220010519, -0.000462429830804], [2.85018468276e-05, -0.00103791290894, -0.000510535319336, 0.000668692402542, -0.00122500059661, -7.43498749216e-05, -0.000977054354735, -0.000553180463612, 0.00156843196601, -0.00338789122179, 0.0139080462977, -0.00361244753003, -0.000164781304193], [-7.59486283641e-05, 0.000826785166282, 1.72208947333e-05, -6.17016412434e-05, 0.000854138692375, -0.00123491487466, 0.000859613646753, -0.00098712684121, -0.000613613927271, -0.000946220010519, -0.00361244753003, 0.0171235539019, -0.00328193116002], [0.000294596189633, 0.000257560284808, 0.000329549337039, -0.000952302478254, -0.000537784188055, 0.000695952156093, -0.00142541457899, 0.000544910028111, 0.000663507380523, -0.000462429830804, -0.000164781304193, -0.00328193116002, 0.0158698689193]]
    },
    "spectral_contrast_coeffs": {
        "max": [-0.457201242447, -0.519286215305, -0.466971904039, -0.606958031654, -0.596335828304, -0.497475773096],
        "mean": [-0.715248525143, -0.740243852139, -0.747353494167, -0.769369900227, -0.767229497433, -0.606680333614],
        "min": [-0.877212464809, -0.900582075119, -0.905708789825, -0.903149664402, -0.897648572922, -0.913193702698],
        "stdev": [0.0632654651999, 0.0618132948875, 0.0677614957094, 0.0464499257505, 0.0433021076024, 0.0343952849507]
    },
    "spectral_contrast_valleys": {
        "max": [-5.31343841553, -4.72083854675, -5.3690495491, -5.98404836655, -5.97497797012, -9.27312755585],
        "mean": [-6.71319389343, -6.32248020172, -6.97465133667, -7.11703395844, -7.31934022903, -11.7602128983],
        "min": [-9.4677324295, -7.96052455902, -9.14027404785, -9.93613529205, -10.4661998749, -14.380941391],
        "stdev": [0.638264417648, 0.499514698982, 0.557866811752, 0.472108900547, 0.518387138844, 0.742606818676]
    }
},
"rhythm": {
    "beats_count": 53,
    "beats_loudness": {
        "max": 0.0782831758261,
        "mean": 0.0372826009989,
        "min": 0.0110737206414,
        "stdev": 0.0137478802353
    },
    "bpm": 98.8472595215,
    "bpm_histogram_first_peak_bpm": 99,
    "bpm_histogram_first_peak_weight": 0.0576922893524,
    "bpm_histogram_second_peak_bpm": 0,
    "bpm_histogram_second_peak_spread": 0,
    "bpm_histogram_second_peak_weight": 0,
    "danceability": 1.2691630125,
    "onset_rate": 3.81445288658,
    "beats_loudness_band_ratio": {
        "max": [0.773993372917, 0.368835836649, 0.74661141634, 0.622007191181, 0.409522980452, 0.239784702659],
        "mean": [0.300712108612, 0.138468295336, 0.252521276474, 0.169869095087, 0.136191174388, 0.0548526570201],
        "min": [0.00333068962209, 0.0299000181258, 0.0523561984301, 0.00912837963551, 0.0196450967342, 0.00940794683993],
        "stdev": [0.187659397721, 0.0859505012631, 0.14941328764, 0.112167090178, 0.0789351314306, 0.0393208526075]
    },
    "beats_position": [0.592108845711, 1.20743763447, 1.8111563921, 2.42648530006, 3.01859402657, 3.62231278419, 4.21442174911, 4.82975053787, 5.4334692955, 6.03718805313, 6.65251684189, 7.26784563065, 7.87156438828, 8.47528362274, 9.07900238037, 9.682721138, 10.2980499268, 10.9017686844, 11.505487442, 12.1208162308, 12.7245349884, 13.328253746, 13.9319725037, 14.5356912613, 15.1394100189, 15.7547388077, 16.3700675964, 16.9737873077, 17.5775051117, 18.181224823, 18.784942627, 19.3886623383, 19.9923801422, 20.5960998535, 21.2114276886, 21.826757431, 22.430475235, 23.0341949463, 23.6379127502, 24.2416324615, 24.8569602966, 25.4606800079, 26.076007843, 26.6797275543, 27.2834453583, 27.8871650696, 28.4908847809, 29.0946025848, 29.6983222961, 30.3020401001, 30.9173698425, 31.5326976776, 32.1596374512],
