{
"metadata": {
    "version": {
        "essentia": "2.1-beta5",
        "essentia_git_sha": "Undefined",
        "extractor": "music 2.0"
    },
    "audio_properties": {
        "analysis": {
            "equal_loudness": 0,
            "length": 50.0970535278,
            "sample_rate": 44100,
            "start_time": 175.240997314,
            "downmix": "mix"
        },
        "bit_rate": 192000,
        "length": 225.36126709,
        "lossless": 0,
        "number_channels": 2,
        "replay_gain": -6.46793174744,
        "sample_rate": 48000,
        "codec": "mp3",
        "md5_encoded": "b2b0df050ad4dc550812e11959a6d6ad"
    },
    "tags": {
        "file_name": "Norway_Nocturne_Secret Garden.mp3",
        "encoding": ["Lavf58.29.100"]
    }
},
"lowlevel": {
    "average_loudness": 0.717996776104,
    "barkbands_crest": {
        "max": 23.0455360413,
        "mean": 8.97809410095,
        "min": 3.2668261528,
        "stdev": 3.74195384979
    },
    "barkbands_flatness_db": {
        "max": 0.298237353563,
        "mean": 0.163852870464,
        "min": 0.0318350121379,
        "stdev": 0.0583847016096
    },
    "barkbands_kurtosis": {
        "max": 33.829284668,
        "mean": 3.22257256508,
        "min": -1.61012220383,
        "stdev": 3.61583924294
    },
    "barkbands_skewness": {
        "max": 4.74483823776,
        "mean": 0.550043463707,
        "min": -2.2149412632,
        "stdev": 1.41898441315
    },
    "barkbands_spread": {
        "max": 125.998771667,
        "mean": 13.7878217697,
        "min": 1.93071305752,
        "stdev": 8.39289951324
    },
    "dissonance": {
        "max": 0.499999970198,
        "mean": 0.448867470026,
        "min": 0.292061686516,
        "stdev": 0.0448440052569
    },
    "dynamic_complexity": 3.27420687675,
    "erbbands_crest": {
        "max": 32.5071258545,
        "mean": 9.72677898407,
        "min": 2.70178389549,
        "stdev": 5.71203708649
    },
    "erbbands_flatness_db": {
        "max": 0.355503052473,
        "mean": 0.203671604395,
        "min": 0.0793118104339,
        "stdev": 0.0656151399016
    },
    "erbbands_kurtosis": {
        "max": 24.8342685699,
        "mean": 1.17850744724,
        "min": -1.55577790737,
        "stdev": 2.0460627079
    },
    "erbbands_skewness": {
        "max": 2.8465719223,
        "mean": 0.350239008665,
        "min": -1.54350280762,
        "stdev": 0.728820323944
    },
    "erbbands_spread": {
        "max": 104.298988342,
        "mean": 22.7066173553,
        "min": 2.95835542679,
        "stdev": 11.0695705414
    },
    "hfc": {
        "max": 111.440170288,
        "mean": 18.1690483093,
        "min": 1.05747914327e-16,
        "stdev": 19.2244052887
    },
    "loudness_ebu128": {
        "integrated": -16.2954063416,
        "loudness_range": 6.52812099457,
        "momentary": {
            "max": -11.424665451,
            "mean": -72.6979675293,
            "min": -300.691009521,
            "stdev": 111.866218567
        },
        "short_term": {
            "max": -13.1871929169,
            "mean": -60.4426879883,
            "min": -300.691009521,
            "stdev": 100.872047424
        }
    },
    "melbands_crest": {
        "max": 27.3229522705,
        "mean": 9.88347530365,
        "min": 1.29121661186,
        "stdev": 5.45423221588
    },
    "melbands_flatness_db": {
        "max": 0.370023936033,
        "mean": 0.181240186095,
        "min": 0.00251243985258,
        "stdev": 0.10311756283
    },
    "melbands_kurtosis": {
        "max": 52.9503440857,
        "mean": 3.69372940063,
        "min": -1.41356217861,
        "stdev": 5.82763385773
    },
    "melbands_skewness": {
        "max": 6.11007547379,
        "mean": 1.11466872692,
        "min": -1.35075449944,
        "stdev": 1.04047846794
    },
    "melbands_spread": {
        "max": 163.129882812,
        "mean": 38.7505531311,
        "min": 2.76325941086,
        "stdev": 47.2815971375
    },
    "pitch_salience": {
        "max": 0.994580745697,
        "mean": 0.627845048904,
        "min": 0.26224064827,
        "stdev": 0.135866954923
    },
    "silence_rate_20dB": {
        "max": 1,
        "mean": 1,
        "min": 1,
        "stdev": 0
    },
    "silence_rate_30dB": {
        "max": 1,
        "mean": 1,
        "min": 1,
        "stdev": 0
    },
    "silence_rate_60dB": {
        "max": 1,
        "mean": 0.224641039968,
        "min": 0,
        "stdev": 0.417346864939
    },
    "spectral_centroid": {
        "max": 11896.7070312,
        "mean": 3011.89770508,
        "min": 257.818908691,
        "stdev": 4036.57836914
    },
    "spectral_complexity": {
        "max": 51,
        "mean": 14.0629920959,
        "min": 0,
        "stdev": 10.4226722717
    },
    "spectral_decrease": {
        "max": 2.3827261012e-28,
        "mean": -5.66432900584e-09,
        "min": -2.55061429755e-08,
        "stdev": 4.88770313112e-09
    },
    "spectral_energy": {
        "max": 0.106374032795,
        "mean": 0.0230264849961,
        "min": 9.7867017913e-21,
        "stdev": 0.0199011843652
    },
    "spectral_energyband_high": {
        "max": 0.00376289361157,
        "mean": 0.000184581615031,
        "min": 6.83719140782e-21,
        "stdev": 0.000297060643788
    },
    "spectral_energyband_low": {
        "max": 0.038103312254,
        "mean": 0.00247764098458,
        "min": 1.19901785218e-23,
        "stdev": 0.00468205427751
    },
    "spectral_energyband_middle_high": {
        "max": 0.0814893841743,
        "mean": 0.00878365244716,
        "min": 1.12976786485e-21,
        "stdev": 0.0118791665882
    },
    "spectral_energyband_middle_low": {
        "max": 0.0707150474191,
        "mean": 0.0122753670439,
        "min": 1.66192911487e-22,
        "stdev": 0.0115461908281
    },
    "spectral_entropy": {
        "max": 9.82848834991,
        "mean": 7.60223197937,
        "min": 6.11491298676,
        "stdev": 1.17403078079
    },
    "spectral_flux": {
        "max": 0.236873313785,
        "mean": 0.0628171637654,
        "min": 6.24656368298e-11,
        "stdev": 0.0453924462199
    },
    "spectral_kurtosis": {
        "max": 35.6526565552,
        "mean": 7.11819458008,
        "min": -1.27164936066,
        "stdev": 6.04348707199
    },
    "spectral_rms": {
        "max": 0.010187224485,
        "mean": 0.00399431027472,
        "min": 3.08998399784e-12,
        "stdev": 0.00255153491162
    },
    "spectral_rolloff": {
        "max": 19767.4804688,
        "mean": 4712.53808594,
        "min": 215.33203125,
        "stdev": 7075.48876953
    },
    "spectral_skewness": {
        "max": 4.38000869751,
        "mean": 1.83104097843,
        "min": -0.122336551547,
        "stdev": 1.03367590904
    },
    "spectral_spread": {
        "max": 43836868,
        "mean": 10706031,
        "min": 1579497.75,
        "stdev": 14970165
    },
    "spectral_strongpeak": {
        "max": 11.3699979782,
        "mean": 1.36031091213,
        "min": 0,
        "stdev": 1.79956007004
    },
    "zerocrossingrate": {
        "max": 0.68115234375,
        "mean": 0.137772426009,
        "min": 0.01171875,
        "stdev": 0.183478876948
    },
    "barkbands": {
        "max": [0.000501479255036, 0.0146457608789, 0.0322943814099, 0.0436734221876, 0.0528154373169, 0.0221083760262, 0.0403913483024, 0.0511740669608, 0.0288341417909, 0.0441750586033, 0.0352272726595, 0.0540966168046, 0.0507981739938, 0.0106699960306, 0.0165563430637, 0.0189487859607, 0.00334811210632, 0.00443751364946, 0.00396424345672, 0.00366345769726, 0.00110711343586, 0.000345386622939, 0.00030039640842, 0.000486782111693, 0.000370634603314, 0.000199313712073, 1.5269774849e-06],
        "mean": [7.2484458542e-06, 0.000481187453261, 0.00146596622653, 0.00101003772579, 0.00325447530486, 0.00134326075204, 0.00246163038537, 0.00254104356281, 0.00130989251193, 0.00201509124599, 0.00115511205513, 0.00240261247382, 0.00111191684846, 0.000467179372208, 0.000716082809959, 0.00047431801795, 0.000246745999902, 0.000182987452717, 0.000161384698004, 8.88595241122e-05, 4.67594181828e-05, 2.47602220043e-05, 1.86723500519e-05, 2.37884305534e-05, 1.17495592349e-05, 3.7251629692e-06, 7.36010896674e-09],
        "min": [1.67278555842e-26, 1.42130163838e-24, 2.29192787782e-25, 8.02106126339e-25, 4.46636399571e-24, 5.78013452499e-24, 4.89874575761e-24, 3.46411700449e-24, 9.87083112472e-24, 1.14926471043e-23, 6.06702390912e-24, 1.5425775838e-23, 1.75369553692e-23, 1.50368500568e-23, 2.58306003201e-23, 3.91584368682e-23, 4.57500102864e-23, 7.23465472138e-23, 9.25854931784e-23, 1.1686228364e-22, 2.27557189614e-22, 2.90804346193e-22, 2.68859422256e-22, 4.82741928959e-22, 8.15071433575e-22, 1.1938552782e-21, 1.78637811996e-21],
        "stdev": [1.75873228727e-05, 0.00104459410068, 0.00341044808738, 0.00220223586075, 0.0056913443841, 0.00224715494551, 0.00430953130126, 0.00540591962636, 0.0026681101881, 0.00405941018835, 0.00314689427614, 0.00674632750452, 0.00344580155797, 0.00115413614549, 0.00120097817853, 0.00117150368169, 0.000421409495175, 0.000371205213014, 0.000326630135532, 0.000205074160476, 8.75640835147e-05, 4.54757646366e-05, 2.89122890536e-05, 3.55656302418e-05, 2.72869874607e-05, 1.02001085907e-05, 4.00678636936e-08]
    },
    "erbbands": {
        "max": [0.274269342422, 3.83983135223, 32.5857925415, 65.7355957031, 177.260879517, 188.918365479, 158.573226929, 222.410461426, 617.273376465, 716.366516113, 1350.08093262, 665.893615723, 1540.99145508, 1680.77697754, 1672.41540527, 2806.24560547, 2224.17919922, 541.889282227, 839.480163574, 394.911773682, 749.54699707, 178.300476074, 169.937271118, 318.054077148, 170.974609375, 157.325775146, 157.597518921, 21.7263240814, 13.3760318756, 11.2307281494, 8.03550243378, 7.28315067291, 10.8319883347, 5.81376600266, 1.90690934658, 1.56962835789, 0.175833627582, 0.00856599863619, 0.000256150204223, 0.000130747735966],
        "mean": [0.00472681038082, 0.167153149843, 1.52781701088, 2.69707536697, 7.51609039307, 10.7673330307, 11.3343067169, 10.7312736511, 32.5778388977, 35.0001106262, 56.5158004761, 34.1245079041, 37.1895904541, 78.7908096313, 53.9106674194, 112.709213257, 58.9270210266, 26.4036464691, 40.1127700806, 24.6869258881, 25.5325870514, 12.6147651672, 10.211971283, 9.35374164581, 7.04036903381, 4.54712247849, 3.05456852913, 1.20107424259, 0.855326294899, 0.685715556145, 0.530050814152, 0.468049198389, 0.407118707895, 0.173807635903, 0.0633946359158, 0.0262937806547, 0.00447356933728, 0.000176934991032, 1.78386217158e-05, 2.76443552139e-05],
        "min": [5.05803097387e-23, 3.11672683253e-22, 4.14947273251e-22, 3.68051751733e-21, 5.58393482772e-21, 1.92263173051e-20, 3.69395112435e-20, 5.32194984484e-20, 8.33147169709e-20, 9.96985670415e-20, 1.67205991753e-19, 2.54946965107e-19, 4.00344921622e-19, 6.37302181821e-19, 7.20917268752e-19, 8.48054928901e-19, 1.31276820236e-18, 1.61669876124e-18, 2.08656702427e-18, 1.95857054385e-18, 2.3137695503e-18, 3.05945136582e-18, 4.33305080842e-18, 5.31113852961e-18, 7.14891175271e-18, 6.49338972883e-18, 7.24739256772e-18, 1.0114886953e-17, 1.00519103843e-17, 8.63174136137e-18, 7.97474157932e-18, 8.88744522259e-18, 8.21187192707e-18, 7.80203867513e-18, 5.85331737083e-18, 3.93853611425e-18, 2.01271509841e-18, 8.17067915974e-19, 2.26886206994e-19, 2.4583538002e-20],
        "stdev": [0.0135968895629, 0.34476813674, 3.50506806374, 5.01223421097, 15.6207418442, 19.3670558929, 19.3713378906, 19.7842464447, 58.551612854, 66.2512893677, 115.847114563, 59.4624023438, 101.326675415, 152.599105835, 135.046554565, 321.628875732, 162.734542847, 58.2445716858, 64.2362289429, 50.0892295837, 54.1156044006, 21.6702899933, 16.9703559875, 23.5484848022, 12.6437492371, 10.2139892578, 7.32223987579, 2.27876877785, 1.66724455357, 1.20913016796, 0.794500768185, 0.676840364933, 0.647442877293, 0.352683544159, 0.171164140105, 0.0760168582201, 0.0100267827511, 0.000447088619694, 1.89046277228e-05, 2.38418433582e-05]
    },
    "gfcc": {
        "mean": [-277.931365967, 95.4248428345, -119.792236328, 3.78399991989, -57.1792488098, 8.35387611389, -36.5575561523, 3.96080780029, -22.2443904877, -6.97365427017, -6.77046489716, -12.5162944794, -5.00913095474],
        "cov": [[248556.640625, 23352.7460938, -29904.6171875, 1111.09460449, -14105.0605469, 2202.59594727, -9078.6171875, 1046.47998047, -5626.04492188, -1672.86657715, -1793.45153809, -3009.63427734, -1342.46130371], [23352.7460938, 4015.33032227, -1878.24658203, 278.735351562, -1300.42016602, -124.433692932, -864.076721191, -123.31729126, -545.553222656, -350.104797363, 55.6927223206, -552.763305664, -94.1656036377], [-29904.6171875, -1878.24658203, 4901.24951172, 139.682418823, 1865.609375, -307.343048096, 979.71875, -223.348083496, 616.552001953, 169.386383057, 192.949996948, 384.063415527, 115.830749512], [1111.09460449, 278.735351562, 139.682418823, 191.808197021, 18.9935340881, -21.5523929596, -69.6957168579, -8.40362930298, -15.2564020157, -9.58335971832, -18.3786468506, -11.5032510757, -3.63815808296], [-14105.0605469, -1300.42016602, 1865.609375, 18.9935340881, 964.337463379, -89.7863693237, 496.948577881, -53.2903175354, 329.861968994, 119.984970093, 40.5132789612, 231.421447754, 61.0167198181], [2202.59594727, -124.433692932, -307.343048096, -21.5523929596, -89.7863693237, 210.717346191, -64.6384124756, 60.6199913025, -60.8018417358, 28.3382225037, -75.8624572754, 49.6370544434, -33.6456985474], [-9078.6171875, -864.076721191, 979.71875, -69.6957168579, 496.948577881, -64.6384124756, 434.387207031, -26.959854126, 202.351394653, 53.0790710449, 103.0284729, 81.1547546387, 42.5377616882], [1046.47998047, -123.31729126, -223.348083496, -8.40362930298, -53.2903175354, 60.6199913025, -26.959854126, 90.3976211548, 10.8862771988, 29.8943500519, -43.0159645081, 25.0939846039, -3.89224743843], [-5626.04492188, -545.553222656, 616.552001953, -15.2564020157, 329.861968994, -60.8018417358, 202.351394653, 10.8862771988, 204.726745605, 69.7859039307, 22.4040622711, 67.092590332, 45.6160545349], [-1672.86657715, -350.104797363, 169.386383057, -9.58335971832, 119.984970093, 28.3382225037, 53.0790710449, 29.8943500519, 69.7859039307, 109.311042786, -31.8539600372, 80.9308013916, -1.13379907608], [-1793.45153809, 55.6927223206, 192.949996948, -18.3786468506, 40.5132789612, -75.8624572754, 103.0284729, -43.0159645081, 22.4040622711, -31.8539600372, 172.259216309, -74.7629623413, 5.13495635986], [-3009.63427734, -552.763305664, 384.063415527, -11.5032510757, 231.421447754, 49.6370544434, 81.1547546387, 25.0939846039, 67.092590332, 80.9308013916, -74.7629623413, 189.47088623, 20.7801990509], [-1342.46130371, -94.1656036377, 115.830749512, -3.63815808296, 61.0167198181, -33.6456985474, 42.5377616882, -3.89224743843, 45.6160545349, -1.13379907608, 5.13495635986, 20.7801990509, 68.9832687378]],
        "icov": [[0.000397503055865, -0.00111907010432, 0.00110840948764, -0.00116724707186, 0.000999778392725, -0.000978634576313, 0.00118002912495, -0.0012573718559, 0.00162144389469, -0.000690605433192, 0.000782596936915, -0.000672423280776, 0.00118590774946], [-0.00111907010432, 0.0041671381332, -0.00337662524544, 0.00251268711872, -0.00196182820946, 0.00312745664269, -0.00225230492651, 0.00416941381991, -0.00410403683782, 0.00249224039726, -0.00220517045818, 0.00326680904254, -0.00346762873232], [0.00110840948764, -0.00337662524544, 0.00414134841412, -0.00373171293177, 0.00112189096399, -0.00261084036902, 0.00278510130011, -0.00244546402246, 0.00401429506019, -0.00177353271283, 0.00172227190342, -0.00281400815584, 0.00372524629347], [-0.00116724707186, 0.00251268711872, -0.00373171293177, 0.0114513589069, -0.00541493855417, 0.00334334676154, -0.000831668381579, 0.00113538792357, -0.00314475246705, 0.00106007582508, -0.0018341295654, 0.00339124398306, -0.0042065018788], [0.000999778392725, -0.00196182820946, 0.00112189096399, -0.00541493855417, 0.0121912090108, -0.00273853214458, -0.000323737680446, 0.000289068906568, -0.00139944918919, 2.81994143734e-05, 0.00311504513957, -0.00535520259291, 0.00501312594861], [-0.000978634576313, 0.00312745664269, -0.00261084036902, 0.00334334676154, -0.00273853214458, 0.0111927809194, -0.00333991646767, -0.00127286638599, 0.000466767465696, 0.000583641696721, -0.000318844889989, 0.000634784577414, -0.00081297417637], [0.00118002912495, -0.00225230492651, 0.00278510130011, -0.000831668381579, -0.000323737680446, -0.00333991646767, 0.0142157590017, -0.00457221642137, 0.00356702762656, -0.00112999603152, -0.00174693937879, 0.000531771103851, 0.00239521334879], [-0.0012573718559, 0.00416941381991, -0.00244546402246, 0.00113538792357, 0.000289068906568, -0.00127286638599, -0.00457221642137, 0.0255475733429, -0.0136353531852, 0.00194195436779, -0.00109520973638, -0.000445578072686, -0.00196317769587], [0.00162144389469, -0.00410403683782, 0.00401429506019, -0.00314475246705, -0.00139944918919, 0.000466767465696, 0.00356702762656, -0.0136353531852, 0.0285002533346, -0.0114720864221, 0.00447412487119, 0.00423319917172, -0.00310048577376], [-0.000690605433192, 0.00249224039726, -0.00177353271283, 0.00106007582508, 2.81994143734e-05, 0.000583641696721, -0.00112999603152, 0.00194195436779, -0.0114720864221, 0.0203430410475, -0.00185640261043, -0.00578338606283, 0.00386310764588], [0.000782596936915, -0.00220517045818, 0.00172227190342, -0.0018341295654, 0.00311504513957, -0.000318844889989, -0.00174693937879, -0.00109520973638, 0.00447412487119, -0.00185640261043, 0.0130407428369, 0.00367280817591, 0.00226951297373], [-0.000672423280776, 0.00326680904254, -0.00281400815584, 0.00339124398306, -0.00535520259291, 0.000634784577414, 0.000531771103851, -0.000445578072686, 0.00423319917172, -0.00578338606283, 0.00367280817591, 0.0195506568998, -0.00808630790561], [0.00118590774946, -0.00346762873232, 0.00372524629347, -0.0042065018788, 0.00501312594861, -0.00081297417637, 0.00239521334879, -0.00196317769587, -0.00310048577376, 0.00386310764588, 0.00226951297373, -0.00808630790561, 0.0243266131729]]
    },
    "melbands": {
        "max": [0.00335663906299, 0.0112004401162, 0.0145897939801, 0.011801706627, 0.00775589281693, 0.0048499321565, 0.00943307764828, 0.00984687916934, 0.00985818076879, 0.00427606515586, 0.00757120782509, 0.00712466798723, 0.00463172793388, 0.00669845938683, 0.00617560418323, 0.00307669606991, 0.00106834666803, 0.00120291067287, 0.000971044937614, 0.00151217880193, 0.000603133346885, 0.000210179889109, 0.000191171930055, 0.000254669575952, 0.000292894634185, 0.000152377804625, 4.33981622336e-05, 0.000113263486128, 0.000169822422322, 1.46468328239e-05, 1.60585732374e-05, 9.40801783145e-06, 7.43836199035e-06, 6.60690648147e-06, 5.26325084138e-06, 3.5478335576e-06, 5.48998741579e-06, 8.22046968096e-06, 7.71502982388e-06, 3.64635502592e-06],
        "mean": [8.44082096592e-05, 0.000584242050536, 0.000587657967117, 0.000723208766431, 0.000405140541261, 0.000240488865529, 0.000520309666172, 0.000406205072068, 0.000434813613538, 0.000197983434191, 0.000182416188181, 0.000324459775584, 0.000150461870362, 0.000286016002065, 0.000203320509172, 8.93625619938e-05, 4.43083044956e-05, 6.10669667367e-05, 4.55272311228e-05, 3.18328166031e-05, 2.82419823634e-05, 1.22727196867e-05, 1.25734532048e-05, 8.03145485406e-06, 7.4863505688e-06, 5.83108067076e-06, 3.21363427247e-06, 2.99369094137e-06, 2.29023635256e-06, 9.60449824561e-07, 6.15620933786e-07, 5.08116215769e-07, 4.09085259889e-07, 3.58567348258e-07, 3.12563827265e-07, 2.67052058689e-07, 2.94142722623e-07, 3.0007979035e-07, 2.23569074365e-07, 1.20735933251e-07],
        "min": [4.28812757949e-25, 4.76155111189e-25, 1.02315229825e-24, 7.32770528277e-25, 8.77447421079e-25, 1.29497374884e-24, 1.44787195278e-24, 7.69021349278e-25, 1.25810298178e-24, 1.58903279392e-24, 1.70205102227e-24, 1.96743073332e-24, 1.09852233711e-24, 1.90484586176e-24, 7.91786346584e-25, 1.76453669457e-24, 1.97169314601e-24, 2.26684979243e-24, 1.8083792171e-24, 3.11954256109e-24, 2.2180776781e-24, 2.78440506348e-24, 3.67035640512e-24, 2.59412372732e-24, 3.36382438444e-24, 3.14683537347e-24, 3.28497537038e-24, 4.1289650311e-24, 3.76809074925e-24, 4.65207920774e-24, 4.39988392621e-24, 4.69536085017e-24, 4.55064471153e-24, 4.48611036746e-24, 4.24423180885e-24, 4.51763482695e-24, 4.92123026556e-24, 5.2812210232e-24, 4.46601965793e-24, 6.03379787666e-24],
        "stdev": [0.000202448514756, 0.00124796223827, 0.00101273413748, 0.00126097910106, 0.000728841579985, 0.000436446542153, 0.00092447566567, 0.000829404511023, 0.000869713025168, 0.000385756720789, 0.000510848884005, 0.000639091827907, 0.000402041216148, 0.000777129200287, 0.00054424838163, 0.00022881712357, 0.000111516761535, 0.000100806850241, 8.47021656227e-05, 9.07550420379e-05, 5.6216144003e-05, 2.47085445153e-05, 2.18026834773e-05, 1.92682255147e-05, 2.12247814488e-05, 1.21936800497e-05, 5.33723687113e-06, 7.44105636841e-06, 6.86038720232e-06, 1.86422425941e-06, 1.28971305458e-06, 1.01905652627e-06, 7.96868505404e-07, 6.36537777154e-07, 5.00425755945e-07, 3.69627571217e-07, 4.61238641947e-07, 5.06265791955e-07, 3.93526676135e-07, 2.77336653198e-07]
    },
    "melbands128": {
        "max": [0.000239032582613, 0.00127661449369, 0.00572736887261, 0.00688138185069, 0.0167287923396, 0.0143659012392, 0.010533045046, 0.0263832081109, 0.0244008731097, 0.0166837330908, 0.0119679737836, 0.0169883016497, 0.00757989427075, 0.0056634908542, 0.00714463414624, 0.0102999433875, 0.00610180106014, 0.0182344913483, 0.0115286838263, 0.01257141307, 0.021157309413, 0.0154251977801, 0.015258227475, 0.00637134723365, 0.00744334841147, 0.00778395030648, 0.011329466477, 0.0116774821654, 0.00721591617912, 0.0106358341873, 0.00894780829549, 0.00608982285485, 0.00669889803976, 0.0114947296679, 0.0088153546676, 0.0135380635038, 0.0145021863282, 0.00898197852075, 0.0151940919459, 0.00721578253433, 0.00342781143263, 0.00145083083771, 0.00153820030391, 0.00201619276777, 0.00118256011046, 0.001643643016, 0.00245514605194, 0.0015766521683, 0.00124018720817, 0.000641012389679, 0.00204298528843, 0.00339604890905, 0.00126160797663, 0.000375887495466, 0.000652366550639, 0.000297767430311, 0.000302391097648, 0.000397038384108, 0.000263902416918, 0.000199059941224, 0.000417329516495, 0.000687344872858, 0.000729805207811, 0.000262788729742, 0.000233752871281, 0.000217165783397, 0.000312459626002, 0.000128422485432, 6.69125802233e-05, 0.000144207864651, 0.000268416042672, 8.84209366632e-05, 0.000422453158535, 0.000178981703357, 4.84419288114e-05, 2.4406986995e-05, 1.40771999213e-05, 1.73712451215e-05, 2.76430528174e-05, 1.78642094397e-05, 1.12347006507e-05, 1.19538690342e-05, 1.02022959254e-05, 9.58625423664e-06, 9.93844605546e-06, 8.1030302681e-06, 8.21731919132e-06, 7.7070790212e-06, 7.49891341911e-06, 5.70776273889e-06, 4.41210022473e-06, 4.7987873586e-06, 6.75159935781e-06, 9.58036252996e-06, 5.9662638705e-06, 1.19109490697e-05, 9.36424385145e-06, 1.12970328701e-05, 8.04495539342e-06, 9.44209477893e-06, 6.60337127556e-06, 3.53077280124e-06, 3.79304651688e-06, 3.79304833587e-06, 3.53796099262e-06, 3.12192764795e-06, 2.94908431897e-06, 5.79856487093e-06, 3.76339198738e-06, 2.73883051705e-06, 1.67954067365e-06, 9.60948796092e-07, 2.71467513357e-07, 1.25250849692e-07, 1.33274383529e-07, 9.28386612031e-08, 1.94537292941e-08, 7.43320294205e-09, 7.22340409709e-09, 6.97311364206e-09, 6.74714328852e-09, 6.52039222615e-09, 6.34230623575e-09, 6.17112316803e-09, 6.0415419334e-09, 5.94454885317e-09, 5.86974557848e-09, 5.82930992366e-09],
        "mean": [4.2613610276e-06, 1.31058895931e-05, 7.55517103244e-05, 0.000295199250104, 0.000768792291638, 0.000648281595204, 0.000526496907696, 0.000492757069878, 0.000765143602621, 0.000945109582972, 0.000526903313585, 0.000427307531936, 0.000400758581236, 0.00033520013676, 0.000237296699197, 0.000176075554918, 0.000284424633719, 0.000787527009379, 0.000566793605685, 0.000259827880654, 0.000412577734096, 0.000512651400641, 0.00054946920136, 0.000182535455679, 0.000218194036279, 0.000188185847946, 0.000176591871423, 0.000165658362675, 0.000150453008246, 0.000441204727395, 0.000366216205293, 0.000148692852235, 0.000109414133476, 0.000191278682905, 0.000149567640619, 0.000391536566895, 0.000403309939429, 0.00010033819126, 0.000191712751985, 0.000125126010971, 6.14925229456e-05, 3.93399932364e-05, 4.32755114161e-05, 4.93852858199e-05, 3.89244742109e-05, 5.73950419493e-05, 0.000104703496618, 3.81759491574e-05, 2.82878700091e-05, 2.50120774581e-05, 3.22873347613e-05, 3.75128765882e-05, 3.86216706829e-05, 1.77800066012e-05, 1.94850545086e-05, 8.95700486581e-06, 7.5946504694e-06, 2.0025712729e-05, 1.03596667032e-05, 6.38283927401e-06, 7.36286392566e-06, 9.85108817986e-06, 1.00519455373e-05, 5.91717434872e-06, 4.79193977299e-06, 5.71673490413e-06, 7.78127468948e-06, 3.02132548313e-06, 2.13551948036e-06, 2.79812661574e-06, 3.67157463188e-06, 2.58514842244e-06, 2.71211547442e-06, 2.53804114436e-06, 1.3458139847e-06, 1.10726045932e-06, 7.13470114988e-07, 5.36149570962e-07, 6.07405411301e-07, 7.28041356979e-07, 4.76189626397e-07, 4.73553370739e-07, 4.0438831661e-07, 3.64348750281e-07, 4.87562260787e-07, 3.46247531979e-07, 3.40843541835e-07, 3.15002864681e-07, 3.28683483986e-07, 2.92553664849e-07, 2.67437769708e-07, 2.52679654977e-07, 2.70878189212e-07, 3.08003421878e-07, 3.04231633663e-07, 2.81556481241e-07, 3.21678214732e-07, 2.98737688809e-07, 2.23388553877e-07, 1.97152814962e-07, 1.4021759398e-07, 1.07637553981e-07, 9.30399295385e-08, 8.46119547759e-08, 6.72951969705e-08, 5.82893520118e-08, 4.97129946098e-08, 5.87475774694e-08, 4.48653523222e-08, 3.96763013555e-08, 3.1462999317e-08, 2.07425525645e-08, 9.65351798499e-09, 2.66791211345e-09, 1.13198017626e-09, 1.09465803089e-09, 2.64097382852e-10, 7.12297104979e-12, 6.8065704982e-12, 6.5977210674e-12, 6.4080177796e-12, 6.23480997733e-12, 6.09634565052e-12, 5.95557891198e-12, 5.81164066524e-12, 5.65705381844e-12, 5.55753446735e-12, 5.51762021489e-12],
        "min": [1.63486800375e-26, 1.40657991617e-25, 2.5570359249e-25, 3.74455508414e-26, 1.74733430064e-25, 1.25892795772e-25, 1.31268993775e-25, 2.21752917325e-25, 2.8849032804e-25, 2.11757137536e-25, 3.76303784863e-25, 1.07233400395e-25, 3.36814936366e-25, 3.42459112883e-25, 1.89581591889e-25, 4.3497519143e-26, 5.98758541875e-25, 3.39147622714e-25, 2.65058965136e-25, 3.60018762203e-25, 3.30413256164e-25, 2.23147968533e-25, 5.70035228848e-25, 2.65760681563e-25, 5.06931878456e-25, 9.06228813991e-25, 4.22668024536e-25, 6.0080622757e-25, 2.85348960656e-25, 5.24378227629e-25, 2.15020655101e-25, 7.44005830416e-25, 4.0953097597e-25, 7.41982007764e-25, 5.65500560542e-25, 5.75940937407e-25, 4.55521616048e-25, 3.87923065048e-25, 6.69830324182e-25, 6.51778524265e-25, 6.14614547463e-25, 8.9321941298e-25, 7.79489237667e-25, 6.91041709239e-25, 1.01046948565e-24, 6.78560302693e-25, 3.87645040882e-25, 6.25214570054e-25, 7.8104807612e-25, 1.1134185948e-24, 1.32247166506e-24, 1.04604957767e-24, 9.80538032149e-25, 1.26451504043e-24, 1.1610078122e-24, 1.27326173293e-24, 1.17952632195e-24, 1.40487666687e-24, 1.33133579923e-24, 1.06199649948e-24, 1.78902392315e-24, 1.06868751907e-24, 2.26458378948e-24, 7.67277128512e-25, 1.46999545826e-24, 1.70992661512e-24, 1.08228028272e-24, 1.29991803317e-24, 2.41453165363e-24, 1.80349242101e-24, 1.66513450127e-24, 1.58648132193e-24, 2.0289821971e-24, 1.16351116367e-24, 1.76653764026e-24, 1.9574273854e-24, 2.86034495574e-24, 2.8505072686e-24, 2.87889127283e-24, 2.43836432487e-24, 2.43731316772e-24, 2.72208209374e-24, 2.50660197647e-24, 2.42415910934e-24, 2.95458425163e-24, 2.77747255385e-24, 3.04746453739e-24, 2.58362063601e-24, 3.59314743288e-24, 2.68163048981e-24, 3.16523200421e-24, 3.2955756888e-24, 3.00177844693e-24, 3.69757881167e-24, 3.47992617146e-24, 3.17719507984e-24, 3.0179840165e-24, 3.94562981243e-24, 3.31086420757e-24, 3.33037549877e-24, 3.72646334814e-24, 3.65884613565e-24, 4.26379477044e-24, 3.60889980187e-24, 3.72167575131e-24, 3.35630259571e-24, 4.24033680813e-24, 3.24947761572e-24, 3.69947759987e-24, 4.46136695631e-24, 3.4301951967e-24, 4.58245316095e-24, 4.43488765673e-24, 4.2275071688e-24, 3.52589230755e-24, 3.66465806837e-24, 4.95976927622e-24, 4.61741902615e-24, 4.49617071058e-24, 3.91897814674e-24, 4.87669117885e-24, 4.12796712206e-24, 4.56036505561e-24, 5.54723872551e-24, 5.27411062543e-24, 4.38059746037e-24, 4.99961582384e-24, 4.78859710941e-24],
        "stdev": [9.2915379355e-06, 4.93915940751e-05, 0.000300678046187, 0.000623095082119, 0.00182837690227, 0.00147487630602, 0.00108013744466, 0.00115998741239, 0.00198172871023, 0.00175733398646, 0.00110803393181, 0.00119095481932, 0.000775037973654, 0.000647618435323, 0.000539904925972, 0.000545183895156, 0.0005879875971, 0.00161290157121, 0.00110756896902, 0.000732088519726, 0.00148195668589, 0.00131182884797, 0.00134193431586, 0.000459544447949, 0.000487276527565, 0.000474161031889, 0.000723647535779, 0.000623777101282, 0.000469800026622, 0.000947650230955, 0.000795044412371, 0.000487715762574, 0.000381839083275, 0.00080410571536, 0.000533018843271, 0.00133538024966, 0.00146193534601, 0.000421992881456, 0.000851161894388, 0.000415882852394, 0.000187484096386, 0.000110963905172, 0.00013468421821, 0.000139211319038, 0.000108654247015, 0.000117383795441, 0.000187247074791, 0.000106521023554, 8.4885446995e-05, 6.81845194777e-05, 0.000132172746817, 0.000161380230566, 0.000101346777228, 3.90834320569e-05, 4.63287942694e-05, 2.66420556727e-05, 2.06229542528e-05, 3.98715965275e-05, 2.2280635676e-05, 1.67816324392e-05, 2.0467563445e-05, 3.87019208574e-05, 4.15399372287e-05, 1.84035525308e-05, 1.55044108396e-05, 1.68638416653e-05, 1.87836649275e-05, 7.0836526902e-06, 5.78739218327e-06, 8.80991865415e-06, 1.43928218677e-05, 7.31330919734e-06, 1.54956433107e-05, 8.3315453594e-06, 3.2748423564e-06, 2.6270968192e-06, 1.59389696819e-06, 1.45171304666e-06, 1.46840920934e-06, 1.55559962423e-06, 1.16367425562e-06, 1.06495372165e-06, 9.30021087697e-07, 8.46647651542e-07, 9.66628476817e-07, 7.19479203326e-07, 6.9421076887e-07, 6.33222441593e-07, 5.98202234414e-07, 4.94069638535e-07, 4.30610270996e-07, 3.99240377646e-07, 4.86739565986e-07, 5.47666843431e-07, 5.45903617422e-07, 6.00619728175e-07, 6.23861296845e-07, 5.45363946003e-07, 4.11545045154e-07, 4.53417584367e-07, 3.17031151553e-07, 2.75310810594e-07, 2.60275612618e-07, 2.62615060365e-07, 2.24364555379e-07, 1.79111637522e-07, 1.43211892123e-07, 2.06475945674e-07, 1.59603644079e-07, 1.21276315213e-07, 7.8051769492e-08, 5.06974586756e-08, 2.75986096199e-08, 8.47626502321e-09, 5.30682875421e-09, 4.46220349559e-09, 9.59405332956e-10, 1.59997085025e-10, 1.55482599018e-10, 1.5009637977e-10, 1.45233450266e-10, 1.40356240519e-10, 1.36522820826e-10, 1.32841140865e-10, 1.3005237165e-10, 1.27967081376e-10, 1.2635663349e-10, 1.25487051306e-10]
    },
    "mfcc": {
        "mean": [-783.787780762, 118.505516052, -15.7519464493, -4.60456943512, -3.69690871239, -8.04697322845, -1.28976500034, -3.35149741173, -6.76727771759, 2.41068720818, -8.45348453522, -1.08773946762, -1.35900330544],
        "cov": [[61657.8710938, 13633.9482422, -2419.37426758, -625.468566895, -509.403259277, -892.980407715, -94.6296157837, -329.3800354, -755.807983398, 306.881408691, -1031.85302734, -108.137550354, -152.685455322], [13633.9482422, 4996.68554688, 358.621002197, 292.681854248, 45.084728241, -282.810272217, 26.1792201996, -203.153289795, -369.286132812, 82.9193191528, -338.910949707, -8.05393600464, -38.8393783569], [-2419.37426758, 358.621002197, 1038.80981445, 353.547332764, 269.124847412, 79.2177200317, 46.7741127014, -27.4726467133, -72.590423584, -0.627544164658, -66.5213928223, 6.83642148972, 10.5168790817], [-625.468566895, 292.681854248, 353.547332764, 312.587432861, 131.704574585, 5.41028690338, -11.105846405, -43.6526527405, -18.2738628387, 1.21617567539, -51.3210525513, 23.6686859131, 17.5454273224], [-509.403259277, 45.084728241, 269.124847412, 131.704574585, 207.22984314, 64.310005188, -24.4226036072, 8.12542915344, 25.7818107605, -0.445061802864, -39.0566368103, 2.59362030029, 1.1146671772], [-892.980407715, -282.810272217, 79.2177200317, 5.41028690338, 64.310005188, 150.994781494, -2.17463850975, 36.4263038635, 56.257019043, -29.1182594299, 28.2296333313, -23.8477687836, -9.39505767822], [-94.6296157837, 26.1792201996, 46.7741127014, -11.105846405, -24.4226036072, -2.17463850975, 110.215148926, 15.7405366898, -58.7705802917, 16.8607635498, 0.177480876446, 22.6026210785, 11.972905159], [-329.3800354, -203.153289795, -27.4726467133, -43.6526527405, 8.12542915344, 36.4263038635, 15.7405366898, 76.4706802368, 41.5945472717, -9.4309835434, 12.8404941559, -8.87436294556, -3.66596484184], [-755.807983398, -369.286132812, -72.590423584, -18.2738628387, 25.7818107605, 56.257019043, -58.7705802917, 41.5945472717, 152.45614624, -10.2255582809, 29.0896835327, -19.7918148041, -6.02426195145], [306.881408691, 82.9193191528, -0.627544164658, 1.21617567539, -0.445061802864, -29.1182594299, 16.8607635498, -9.4309835434, -10.2255582809, 70.0305252075, -2.31784844398, 25.4147891998, 11.0135126114], [-1031.85302734, -338.910949707, -66.5213928223, -51.3210525513, -39.0566368103, 28.2296333313, 0.177480876446, 12.8404941559, 29.0896835327, -2.31784844398, 104.151489258, 10.5404319763, -13.3401947021], [-108.137550354, -8.05393600464, 6.83642148972, 23.6686859131, 2.59362030029, -23.8477687836, 22.6026210785, -8.87436294556, -19.7918148041, 25.4147891998, 10.5404319763, 85.7649917603, 34.3915748596], [-152.685455322, -38.8393783569, 10.5168790817, 17.5454273224, 1.1146671772, -9.39505767822, 11.972905159, -3.66596484184, -6.02426195145, 11.0135126114, -13.3401947021, 34.3915748596, 74.2794723511]],
        "icov": [[9.47220396483e-05, -0.000277445011307, 0.00030499449349, 0.000195328713744, -9.68759923126e-05, -0.000166731930221, 7.88874967839e-05, -0.000133504901896, 2.52136433119e-05, -0.00015997090668, 0.000353950425051, -7.05434649717e-05, 4.33681816503e-05], [-0.000277445011307, 0.00114718452096, -0.000906076398678, -0.000733816355933, 0.000391793437302, 0.000629610789474, -1.99936202989e-05, 0.000585859932471, 0.00050232472131, 0.000144907855429, -0.000171023202711, 0.000227294833167, 0.000320352963172], [0.00030499449349, -0.000906076398678, 0.00318670156412, -0.00113634637091, -0.00228950800374, -0.00100358924828, -0.000897827558219, -0.000410376960644, 0.00116230093408, -0.000550753960852, 0.000598294544034, 0.000720507174265, -4.79476329929e-05], [0.000195328713744, -0.000733816355933, -0.00113634637091, 0.00727897090837, -0.00222299108282, 0.000471610663226, 3.00528554362e-05, 0.00313751888461, -0.00164432718884, 0.00106690567918, 0.00169673061464, -0.00198298739269, -0.000366339401808], [-9.68759923126e-05, 0.000391793437302, -0.00228950800374, -0.00222299108282, 0.011592044495, -0.00423287134618, 0.00398161355406, -0.00254669156857, -0.00026668002829, -0.00219175359234, 0.00407270202413, -0.00271132355556, 0.00166829465888], [-0.000166731930221, 0.000629610789474, -0.00100358924828, 0.000471610663226, -0.00423287134618, 0.0125115504488, -0.0033467868343, -0.000610490969848, -0.00326571334153, 0.00426275003701, -0.00433972850442, 0.00312169338576, -0.000949121720623], [7.88874967839e-05, -1.99936202989e-05, -0.000897827558219, 3.00528554362e-05, 0.00398161355406, -0.0033467868343, 0.0173674169928, -0.00816469546407, 0.00843705609441, -0.00454206671566, 0.00132833665702, -0.0030129137449, -0.000422426179284], [-0.000133504901896, 0.000585859932471, -0.000410376960644, 0.00313751888461, -0.00254669156857, -0.000610490969848, -0.00816469546407, 0.022394971922, -0.0074602602981, 0.0032142882701, 0.00050269102212, 0.000487826880999, 0.000514005543664], [2.52136433119e-05, 0.00050232472131, 0.00116230093408, -0.00164432718884, -0.00026668002829, -0.00326571334153, 0.00843705609441, -0.0074602602981, 0.0149056660011, -0.00330085563473, -0.000957570155151, 0.00136223621666, -0.000703249650542], [-0.00015997090668, 0.000144907855429, -0.000550753960852, 0.00106690567918, -0.00219175359234, 0.00426275003701, -0.00454206671566, 0.0032142882701, -0.00330085563473, 0.0189267303795, -0.00169445201755, -0.00353675917722, -0.000705063634086], [0.000353950425051, -0.000171023202711, 0.000598294544034, 0.00169673061464, 0.00407270202413, -0.00433972850442, 0.00132833665702, 0.00050269102212, -0.000957570155151, -0.00169445201755, 0.0179240517318, -0.00581635721028, 0.00543895782903], [-7.05434649717e-05, 0.000227294833167, 0.000720507174265, -0.00198298739269, -0.00271132355556, 0.00312169338576, -0.0030129137449, 0.000487826880999, 0.00136223621666, -0.00353675917722, -0.00581635721028, 0.0191598199308, -0.00799527484924], [4.33681816503e-05, 0.000320352963172, -4.79476329929e-05, -0.000366339401808, 0.00166829465888, -0.000949121720623, -0.000422426179284, 0.000514005543664, -0.000703249650542, -0.000705063634086, 0.00543895782903, -0.00799527484924, 0.0184871628881]]
    },
    "spectral_contrast_coeffs": {
        "max": [-0.384410381317, -0.449502527714, -0.449317157269, -0.525506734848, -0.593900918961, -0.710389852524],
        "mean": [-0.730818986893, -0.764072775841, -0.763101100922, -0.800818741322, -0.810849905014, -0.82743370533],
        "min": [-0.985198915005, -0.996964812279, -0.992704868317, -0.987362623215, -0.988775134087, -0.965740442276],
        "stdev": [0.13333375752, 0.123023472726, 0.121812641621, 0.100343942642, 0.0864192768931, 0.0719635412097]
    },
    "spectral_contrast_valleys": {
        "max": [-5.23767089844, -4.81067323685, -4.79336166382, -5.38502836227, -6.26024532318, -8.73158550262],
        "mean": [-11.2095470428, -10.6558713913, -11.1685218811, -11.5875825882, -11.954287529, -14.1643371582],
        "min": [-28.1682186127, -28.1965389252, -28.3360347748, -27.7423362732, -27.6431789398, -27.4383850098],
        "stdev": [8.07382965088, 8.31358146667, 8.07958889008, 7.87546682358, 7.69098806381, 6.59565782547]
    }
},
"rhythm": {
    "beats_count": 110,
    "beats_loudness": {
        "max": 0.070191770792,
        "mean": 0.0227179583162,
        "min": 0,
        "stdev": 0.0199368167669
    },
    "bpm": 155.02180481,
    "bpm_histogram_first_peak_bpm": 157,
    "bpm_histogram_first_peak_weight": 0.322580635548,
    "bpm_histogram_second_peak_bpm": 148,
    "bpm_histogram_second_peak_spread": 0.645161271095,
    "bpm_histogram_second_peak_weight": 0.100917428732,
    "danceability": 0.775820732117,
    "onset_rate": 0.977874875069,
    "beats_loudness_band_ratio": {
        "max": [0.689817249775, 0.682293236256, 0.795771062374, 0.701888978481, 0.624731302261, 0.0990176349878],
        "mean": [0.143787622452, 0.16139999032, 0.235933423042, 0.188982546329, 0.0740237087011, 0.0146984448656],
        "min": [0, 0, 0, 0, 0, 0],
        "stdev": [0.183987423778, 0.181757986546, 0.212121859193, 0.196364745498, 0.11429771781, 0.0204558055848]
    },
