{
"metadata": {
    "version": {
        "essentia": "2.1-beta5",
        "essentia_git_sha": "Undefined",
        "extractor": "music 2.0"
    },
    "audio_properties": {
        "analysis": {
            "equal_loudness": 0,
            "length": 48.7502937317,
            "sample_rate": 44100,
            "start_time": 12.7477550507,
            "downmix": "mix"
        },
        "bit_rate": 192000,
        "length": 199.761276245,
        "lossless": 0,
        "number_channels": 2,
        "replay_gain": -0.617794036865,
        "sample_rate": 44100,
        "codec": "mp3",
        "md5_encoded": "0505ecae772b7bf6682dd0fa4a99e342"
    },
    "tags": {
        "file_name": "Slovenia_Prisluhni Mi_Darja Svajger.mp3",
        "encoding": ["Lavf58.29.100"]
    }
},
"lowlevel": {
    "average_loudness": 0.91428565979,
    "barkbands_crest": {
        "max": 24.522851944,
        "mean": 10.6025562286,
        "min": 3.4650349617,
        "stdev": 4.56053590775
    },
    "barkbands_flatness_db": {
        "max": 0.370617300272,
        "mean": 0.21491637826,
        "min": 0.0892806202173,
        "stdev": 0.0548662804067
    },
    "barkbands_kurtosis": {
        "max": 90.3066482544,
        "mean": 5.09358882904,
        "min": -1.85549962521,
        "stdev": 8.41991710663
    },
    "barkbands_skewness": {
        "max": 7.28229188919,
        "mean": 1.44853150845,
        "min": -0.802066862583,
        "stdev": 1.1789535284
    },
    "barkbands_spread": {
        "max": 73.0330963135,
        "mean": 9.43236255646,
        "min": 0.935748338699,
        "stdev": 7.02356338501
    },
    "dissonance": {
        "max": 0.500000178814,
        "mean": 0.43015936017,
        "min": 0.232978522778,
        "stdev": 0.0496744029224
    },
    "dynamic_complexity": 2.21544003487,
    "erbbands_crest": {
        "max": 30.7598323822,
        "mean": 12.3735132217,
        "min": 2.95575475693,
        "stdev": 5.77394342422
    },
    "erbbands_flatness_db": {
        "max": 0.400557160378,
        "mean": 0.260909497738,
        "min": 0.12188051641,
        "stdev": 0.0464348308742
    },
    "erbbands_kurtosis": {
        "max": 25.25573349,
        "mean": 1.70524346828,
        "min": -1.83807194233,
        "stdev": 3.02004575729
    },
    "erbbands_skewness": {
        "max": 4.41925573349,
        "mean": 0.803181946278,
        "min": -1.63449549675,
        "stdev": 0.753519952297
    },
    "erbbands_spread": {
        "max": 118.207450867,
        "mean": 18.884973526,
        "min": 2.82313299179,
        "stdev": 11.848567009
    },
    "hfc": {
        "max": 122.85446167,
        "mean": 17.7477531433,
        "min": 0.0898021236062,
        "stdev": 12.9285583496
    },
    "loudness_ebu128": {
        "integrated": -23.5059833527,
        "loudness_range": 2.95297622681,
        "momentary": {
            "max": -18.6653156281,
            "mean": -24.097902298,
            "min": -31.2471942902,
            "stdev": 2.4440112114
        },
        "short_term": {
            "max": -21.3987693787,
            "mean": -23.5587024689,
            "min": -26.2895374298,
            "stdev": 1.06596314907
        }
    },
    "melbands_crest": {
        "max": 31.3485546112,
        "mean": 13.5117750168,
        "min": 3.71480131149,
        "stdev": 6.13740825653
    },
    "melbands_flatness_db": {
        "max": 0.421285957098,
        "mean": 0.252995103598,
        "min": 0.0958648473024,
        "stdev": 0.0727379992604
    },
    "melbands_kurtosis": {
        "max": 139.501480103,
        "mean": 8.38920783997,
        "min": -1.56426239014,
        "stdev": 13.7512197495
    },
    "melbands_skewness": {
        "max": 9.75245285034,
        "mean": 1.77757358551,
        "min": -0.683734297752,
        "stdev": 1.41433906555
    },
    "melbands_spread": {
        "max": 97.5994796753,
        "mean": 13.0639038086,
        "min": 1.03446877003,
        "stdev": 8.31571292877
    },
    "pitch_salience": {
        "max": 0.909728169441,
        "mean": 0.562736093998,
        "min": 0.139637246728,
        "stdev": 0.142227709293
    },
    "silence_rate_20dB": {
        "max": 1,
        "mean": 1,
        "min": 1,
        "stdev": 0
    },
    "silence_rate_30dB": {
        "max": 1,
        "mean": 0.99714422226,
        "min": 0,
        "stdev": 0.0533628463745
    },
    "silence_rate_60dB": {
        "max": 1,
        "mean": 0.00666349334642,
        "min": 0,
        "stdev": 0.0813584700227
    },
    "spectral_centroid": {
        "max": 3168.47216797,
        "mean": 895.128295898,
        "min": 309.792114258,
        "stdev": 474.025634766
    },
    "spectral_complexity": {
        "max": 53,
        "mean": 16.4450263977,
        "min": 0,
        "stdev": 8.49067687988
    },
    "spectral_decrease": {
        "max": -4.60192647878e-11,
        "mean": -6.46697895235e-09,
        "min": -3.58962246594e-08,
        "stdev": 4.41432357334e-09
    },
    "spectral_energy": {
        "max": 0.139488086104,
        "mean": 0.0260176695883,
        "min": 0.0001818328019,
        "stdev": 0.0174514520913
    },
    "spectral_energyband_high": {
        "max": 0.0158796738833,
        "mean": 0.000215310879867,
        "min": 3.18541907518e-07,
        "stdev": 0.000767188961618
    },
    "spectral_energyband_low": {
        "max": 0.101582556963,
        "mean": 0.00206441967748,
        "min": 4.34646551639e-07,
        "stdev": 0.00548550253734
    },
    "spectral_energyband_middle_high": {
        "max": 0.0443128012121,
        "mean": 0.00676228059456,
        "min": 2.05349297175e-05,
        "stdev": 0.0070120152086
    },
    "spectral_energyband_middle_low": {
        "max": 0.108266606927,
        "mean": 0.0183023661375,
        "min": 0.000149857500219,
        "stdev": 0.0151266921312
    },
    "spectral_entropy": {
        "max": 8.33271026611,
        "mean": 6.81249332428,
        "min": 5.4356341362,
        "stdev": 0.607388138771
    },
    "spectral_flux": {
        "max": 0.283770769835,
        "mean": 0.0641947090626,
        "min": 0.0107600279152,
        "stdev": 0.032102547586
    },
    "spectral_kurtosis": {
        "max": 72.4501953125,
        "mean": 11.8056468964,
        "min": -1.09460413456,
        "stdev": 8.68855476379
    },
    "spectral_rms": {
        "max": 0.0116655873135,
        "mean": 0.00477299373597,
        "min": 0.000421186239691,
        "stdev": 0.00161295733415
    },
    "spectral_rolloff": {
        "max": 8161.08398438,
        "mean": 1073.64611816,
        "min": 215.33203125,
        "stdev": 813.624389648
    },
    "spectral_skewness": {
        "max": 6.70405101776,
        "mean": 2.44972300529,
        "min": 0.106349542737,
        "stdev": 0.860264241695
    },
    "spectral_spread": {
        "max": 11370219,
        "mean": 2787099,
        "min": 1065434.875,
        "stdev": 1010162.75
    },
    "spectral_strongpeak": {
        "max": 6.77962446213,
        "mean": 1.53197789192,
        "min": 0.00555202364922,
        "stdev": 1.13256633282
    },
    "zerocrossingrate": {
        "max": 0.22412109375,
        "mean": 0.0411378704011,
        "min": 0.0048828125,
        "stdev": 0.0227564126253
    },
    "barkbands": {
        "max": [0.00647605070844, 0.0642869472504, 0.0600486546755, 0.0192911066115, 0.0547461658716, 0.0651791989803, 0.0526046268642, 0.0545484796166, 0.0555658042431, 0.0419680997729, 0.0223626792431, 0.0182443074882, 0.0138433016837, 0.0120999682695, 0.00935149565339, 0.00851348787546, 0.00394609663635, 0.00469063036144, 0.00429853750393, 0.00588747300208, 0.00311229727231, 0.00363249797374, 0.00486599979922, 0.00544566102326, 0.000987392966636, 5.68180839764e-05, 1.64315608231e-07],
        "mean": [2.50869979936e-05, 0.000832798716146, 0.00086246925639, 0.000793608778622, 0.00458706682548, 0.00447007035837, 0.00303315371275, 0.00268480181694, 0.00114202033728, 0.00244573736563, 0.000836524704937, 0.00109181914013, 0.000639116333332, 0.000708606210537, 0.000587472575717, 0.000423483958002, 0.000340796075761, 0.000136993243359, 0.000132576053147, 7.71331397118e-05, 5.30719153176e-05, 3.65858941223e-05, 3.50692498614e-05, 3.28243004333e-05, 8.10800702311e-06, 6.77102264035e-07, 1.13642317778e-09],
        "min": [4.54641613246e-09, 6.87250363285e-08, 2.80796879082e-08, 2.40798101458e-08, 2.04354864763e-06, 2.6182806323e-06, 1.09400361907e-05, 3.91563526136e-06, 2.67917880592e-06, 4.57237365481e-06, 2.60700801391e-07, 1.88295280168e-06, 3.23283444459e-07, 1.69483723766e-06, 3.82769030693e-07, 5.832917509e-07, 5.08764230744e-07, 1.97035021188e-07, 1.33484633125e-07, 9.42622975231e-08, 6.21374951493e-08, 3.00731350933e-08, 2.63202384332e-08, 3.35584289246e-08, 1.67408433782e-08, 1.95367277911e-10, 1.45441728105e-10],
        "stdev": [0.000191913539311, 0.00269344239496, 0.00303354556672, 0.00186849816237, 0.00677027413622, 0.00667741708457, 0.00541536929086, 0.00478076329455, 0.00373438070528, 0.00489507475868, 0.00174263201188, 0.00169953983277, 0.00124338862952, 0.00103030330501, 0.00095470371889, 0.00083528336836, 0.000522231915966, 0.000266917893896, 0.000267636554781, 0.000260388071183, 0.00014973882935, 0.000153679968207, 0.000196021486772, 0.000218658387894, 4.32171145803e-05, 2.89907529805e-06, 3.85394027802e-09]
    },
    "erbbands": {
        "max": [1.89228570461, 17.7001571655, 63.9496383667, 49.2365226746, 173.257247925, 328.438995361, 507.643859863, 598.195617676, 1057.20593262, 1661.72705078, 700.903381348, 1732.57189941, 1567.47509766, 511.695892334, 1056.60766602, 888.537109375, 701.184997559, 401.672180176, 523.325073242, 523.801696777, 373.585876465, 201.784820557, 277.390197754, 190.102874756, 210.357315063, 214.089660645, 209.179931641, 80.422088623, 143.774978638, 106.117881775, 121.890045166, 166.347457886, 63.0106468201, 18.6723194122, 3.46908688545, 0.577511250973, 0.0375002473593, 0.00135579449125, 0.00020450737793, 0.000156163514475],
        "mean": [0.016856694594, 0.219877198339, 0.93283700943, 1.94361555576, 6.99650096893, 15.6433801651, 32.373336792, 31.9306945801, 46.1512756348, 51.7032318115, 53.5315475464, 33.7070083618, 81.938621521, 37.2533226013, 38.7580490112, 50.8772163391, 32.6401023865, 37.0016517639, 31.1491775513, 30.4273109436, 22.6381969452, 16.0246543884, 8.07415485382, 6.82538700104, 5.89176130295, 3.67300772667, 3.00605034828, 1.68332576752, 1.42488741875, 1.01875543594, 0.969776153564, 0.848613262177, 0.421659618616, 0.139454647899, 0.0343377701938, 0.00697448151186, 0.000513598264661, 1.87699151866e-05, 1.50276528075e-05, 3.05439025396e-05],
        "min": [2.3888146643e-06, 3.01039672195e-05, 0.000117718998808, 0.000672830443364, 0.00207197107375, 0.00703492667526, 0.0149241043255, 0.0274285618216, 0.0753155127168, 0.209415614605, 0.352944463491, 0.130597531796, 0.225322842598, 0.0968013480306, 0.033601410687, 0.181729882956, 0.104206822813, 0.141915559769, 0.0671698525548, 0.0764896273613, 0.0436414256692, 0.0259881317616, 0.0144115630537, 0.00714434077963, 0.00498323934153, 0.0053782328032, 0.00317742163315, 0.00174955453258, 0.00120130961295, 0.000836826453451, 0.000864470552187, 0.000782303046435, 0.000575648271479, 0.000240527995629, 0.000128708270495, 1.61401458172e-05, 1.98407087737e-06, 3.70310772269e-07, 1.30400462695e-06, 3.67119127986e-07],
        "stdev": [0.0659538432956, 0.708263754845, 3.24313306808, 4.03879404068, 14.2839651108, 29.5142650604, 58.3515701294, 53.1320724487, 84.7287368774, 112.417472839, 85.9379043579, 100.093933105, 181.531600952, 54.4753303528, 77.1592407227, 77.9393615723, 56.709148407, 50.7950782776, 49.2699584961, 50.1615142822, 39.2411956787, 25.5938510895, 15.6906089783, 12.7790660858, 12.2555122375, 10.5805044174, 10.8226833344, 5.01125574112, 6.26459884644, 4.61737728119, 5.44717264175, 6.03408288956, 2.64020800591, 0.779373526573, 0.166548207402, 0.0297624152154, 0.00211810017936, 6.85861741658e-05, 1.22005649246e-05, 2.01039474632e-05]
    },
    "gfcc": {
        "mean": [-56.051448822, 134.434310913, -162.991775513, 0.78182309866, -77.9900054932, 0.576022088528, -46.9641685486, -2.57698059082, -14.1203374863, -7.9136300087, 2.5903544426, -9.97571086884, 6.17124843597],
        "cov": [[2996.32226562, -713.003479004, -358.560577393, 695.64251709, 187.913345337, 295.792602539, 202.695571899, 27.9752044678, -302.88381958, 106.188339233, -383.879821777, -14.6113729477, -157.774353027], [-713.003479004, 1859.00866699, 974.395935059, 162.789733887, 377.961700439, -334.340209961, 241.581039429, -178.977386475, 4.95413398743, -80.8106842041, 79.9954071045, -237.436599731, -69.8355255127], [-358.560577393, 974.395935059, 1016.18450928, 225.198013306, 24.0498828888, -171.817138672, 14.5854539871, -90.0323867798, -13.5356035233, -55.7376060486, 94.8622665405, -95.8180618286, -37.4233169556], [695.64251709, 162.789733887, 225.198013306, 554.01348877, 195.664749146, 50.4682884216, 142.526245117, -43.3199310303, -98.142364502, 53.8305740356, -127.568466187, -50.7916641235, -95.8192596436], [187.913345337, 377.961700439, 24.0498828888, 195.664749146, 358.906005859, 32.0886535645, 168.901992798, -33.6908378601, -66.3285140991, 30.0270042419, -128.267272949, -85.8671417236, -92.0623779297], [295.792602539, -334.340209961, -171.817138672, 50.4682884216, 32.0886535645, 231.94303894, 61.7918434143, 23.605928421, -33.8989219666, 50.4628334045, -102.394950867, 29.7336235046, -32.9934196472], [202.695571899, 241.581039429, 14.5854539871, 142.526245117, 168.901992798, 61.7918434143, 250.937850952, 0.49772170186, -48.6665611267, 50.6123809814, -86.2339782715, -52.3135490417, -53.7771186829], [27.9752044678, -178.977386475, -90.0323867798, -43.3199310303, -33.6908378601, 23.605928421, 0.49772170186, 148.346939087, 47.9585723877, 5.9788274765, 26.0010890961, 30.1456985474, 33.9912071228], [-302.88381958, 4.95413398743, -13.5356035233, -98.142364502, -66.3285140991, -33.8989219666, -48.6665611267, 47.9585723877, 147.531494141, 12.5094680786, 85.904296875, 32.1013336182, 39.4842185974], [106.188339233, -80.8106842041, -55.7376060486, 53.8305740356, 30.0270042419, 50.4628334045, 50.6123809814, 5.9788274765, 12.5094680786, 107.322845459, -6.62523126602, 7.84155321121, -18.3385105133], [-383.879821777, 79.9954071045, 94.8622665405, -127.568466187, -128.267272949, -102.394950867, -86.2339782715, 26.0010890961, 85.904296875, -6.62523126602, 238.236877441, 62.6584358215, 82.6892929077], [-14.6113729477, -237.436599731, -95.8180618286, -50.7916641235, -85.8671417236, 29.7336235046, -52.3135490417, 30.1456985474, 32.1013336182, 7.84155321121, 62.6584358215, 126.049377441, 54.2231559753], [-157.774353027, -69.8355255127, -37.4233169556, -95.8192596436, -92.0623779297, -32.9934196472, -53.7771186829, 33.9912071228, 39.4842185974, -18.3385105133, 82.6892929077, 54.2231559753, 118.153656006]],
        "icov": [[0.00077766214963, -0.000302269269014, 0.000614503747784, -0.00111639790703, 0.000726693018805, -0.000302292726701, 0.000339125865139, -0.00074929051334, 0.00125799525995, -0.000344624888385, 0.000471415260108, -0.000241322137299, 0.00030771503225], [-0.000302269269014, 0.0115431826562, -0.0086971623823, 0.00450922036543, -0.0114135872573, 0.00818276777864, -0.0105692921206, 0.00849849171937, -0.00707914540544, 0.00571327796206, -0.00339651457034, 0.00538082513958, -0.00338237197138], [0.000614503747784, -0.0086971623823, 0.0083761094138, -0.00486995652318, 0.00917974021286, -0.00575468782336, 0.00773337809369, -0.0060319933109, 0.00564130628482, -0.00336083606817, 0.00146145699546, -0.00293121160939, 0.00310004013591], [-0.00111639790703, 0.00450922036543, -0.00486995652318, 0.0062732999213, -0.00592962373048, 0.00345529359765, -0.00454651191831, 0.00369965191931, -0.00297047453932, 0.000867278897204, -0.00059606396826, 0.000983065809123, -0.000976311683189], [0.000726693018805, -0.0114135872573, 0.00917974021286, -0.00592962373048, 0.0168306995183, -0.00744338193908, 0.00802549347281, -0.00833282154053, 0.00749919656664, -0.0055741397664, 0.00438796263188, -0.00411440106109, 0.00485472055152], [-0.000302292726701, 0.00818276777864, -0.00575468782336, 0.00345529359765, -0.00744338193908, 0.0135251581669, -0.00856895372272, 0.00495733926073, -0.00426736334339, 0.00156476267148, 0.000930224952754, 0.000393652735511, -0.00109968357719], [0.000339125865139, -0.0105692921206, 0.00773337809369, -0.00454651191831, 0.00802549347281, -0.00856895372272, 0.0167087931186, -0.00892324093729, 0.00756325060502, -0.00758001627401, 0.00332856108434, -0.00347808236256, 0.00256334757432], [-0.00074929051334, 0.00849849171937, -0.0060319933109, 0.00369965191931, -0.00833282154053, 0.00495733926073, -0.00892324093729, 0.015250579454, -0.00873396825045, 0.00531131541356, -0.00318190664984, 0.00395075418055, -0.00428806245327], [0.00125799525995, -0.00707914540544, 0.00564130628482, -0.00297047453932, 0.00749919656664, -0.00426736334339, 0.00756325060502, -0.00873396825045, 0.0162649452686, -0.006504106801, 0.000596021185629, -0.00380582525395, 0.00236465944909], [-0.000344624888385, 0.00571327796206, -0.00336083606817, 0.000867278897204, -0.0055741397664, 0.00156476267148, -0.00758001627401, 0.00531131541356, -0.006504106801, 0.0162065699697, -0.00426968885586, 0.00264759385027, 0.000133255874971], [0.000471415260108, -0.00339651457034, 0.00146145699546, -0.00059606396826, 0.00438796263188, 0.000930224952754, 0.00332856108434, -0.00318190664984, 0.000596021185629, -0.00426968885586, 0.0110871316865, -0.00532740959898, -0.00146570452489], [-0.000241322137299, 0.00538082513958, -0.00293121160939, 0.000983065809123, -0.00411440106109, 0.000393652735511, -0.00347808236256, 0.00395075418055, -0.00380582525395, 0.00264759385027, -0.00532740959898, 0.016669601202, -0.00532748736441], [0.00030771503225, -0.00338237197138, 0.00310004013591, -0.000976311683189, 0.00485472055152, -0.00109968357719, 0.00256334757432, -0.00428806245327, 0.00236465944909, 0.000133255874971, -0.00146570452489, -0.00532748736441, 0.015642452985]]
    },
    "melbands": {
        "max": [0.0124868452549, 0.0219866316766, 0.00978036876768, 0.0121378079057, 0.0149228656664, 0.0141259860247, 0.0134871117771, 0.0171020925045, 0.00538832042366, 0.0111147351563, 0.00794930476695, 0.00188978016376, 0.00371686508879, 0.00181299739052, 0.0026658331044, 0.00104626931716, 0.000984837999567, 0.000947882712353, 0.000752935942728, 0.000657367345411, 0.00032073375769, 0.000224667994189, 0.00027342318208, 0.000190417064005, 0.000175019027665, 0.000273291312624, 5.43651440239e-05, 0.000181347568287, 0.000203852818231, 9.20653692447e-05, 5.88133261772e-05, 9.62311241892e-05, 4.63728320028e-05, 7.03139448888e-05, 7.99956833362e-05, 0.000116877701657, 9.00075101526e-05, 6.09769085713e-05, 1.9549868739e-05, 1.24670086734e-05],
        "mean": [0.00019382298342, 0.000419806572609, 0.000476265297038, 0.000775248685386, 0.0010835804278, 0.000794882769696, 0.000677419011481, 0.000548532058019, 0.000400497083319, 0.000193294879864, 0.000407637562603, 0.000144713398186, 0.000126073864521, 0.000123363308376, 9.66487932601e-05, 6.58635253785e-05, 6.97957657394e-05, 5.00639835082e-05, 4.15656759287e-05, 3.7391531805e-05, 2.55907434621e-05, 1.95435950445e-05, 8.95996527106e-06, 6.16725765212e-06, 5.38540098205e-06, 4.8897227316e-06, 2.5688907499e-06, 2.53420898844e-06, 2.06593995244e-06, 1.40923384606e-06, 8.58081705246e-07, 8.45493048018e-07, 6.14563759882e-07, 5.77205753416e-07, 5.75870501507e-07, 5.47572653886e-07, 5.0619570402e-07, 3.34598468044e-07, 1.75863050345e-07, 9.46687848113e-08],
        "min": [3.23269020441e-08, 8.32634725612e-08, 1.87495544424e-07, 3.12657363111e-07, 4.40362612153e-07, 5.99800046075e-07, 1.49001630234e-06, 1.60278216299e-06, 1.84937130143e-06, 4.24442134772e-07, 6.29773978744e-07, 2.63436277237e-07, 8.63119211658e-08, 3.30992889985e-07, 1.36630362135e-07, 2.54319694193e-08, 1.94056354985e-07, 6.69347244298e-08, 3.03038909522e-08, 3.79049467369e-08, 2.16891447025e-08, 2.73955027552e-08, 1.37364688513e-08, 1.16781588844e-08, 4.79890260863e-09, 5.93482019084e-09, 1.80820125539e-09, 2.1768402636e-09, 1.2838167196e-09, 8.39181391044e-10, 9.33640276202e-10, 6.42687070229e-10, 4.91705176575e-10, 3.92232107904e-10, 3.54444473771e-10, 5.36626465486e-10, 3.73862996117e-10, 4.00283028945e-10, 2.33979530195e-10, 1.10424940025e-10],
        "stdev": [0.000638627330773, 0.00131040217821, 0.000966632447671, 0.00124674919061, 0.00178215000778, 0.0012533221161, 0.00118602090515, 0.00119621586055, 0.000670032517519, 0.000646823260467, 0.000917782715987, 0.000230076781008, 0.000262409506831, 0.000185265453183, 0.000159519113367, 0.000121956232761, 9.83042846201e-05, 8.22846050141e-05, 7.23300836398e-05, 6.7768873123e-05, 4.28344392276e-05, 3.09244023811e-05, 1.96222481463e-05, 1.09740985863e-05, 1.11761637527e-05, 1.33925959744e-05, 4.35841593571e-06, 8.57489976624e-06, 9.12080213311e-06, 3.60078342965e-06, 3.03234014609e-06, 3.88826856579e-06, 2.61424543169e-06, 2.92798517876e-06, 3.31870546688e-06, 3.98910196964e-06, 3.579221584e-06, 2.32332422456e-06, 8.7379157776e-07, 5.39431880497e-07]
    },
    "melbands128": {
        "max": [0.00526537047699, 0.0182814225554, 0.0155640402809, 0.0365244038403, 0.0344516225159, 0.0240361019969, 0.0111027248204, 0.0121128968894, 0.0207933932543, 0.0165979769081, 0.0258549712598, 0.0220403093845, 0.0254750140011, 0.0267169754952, 0.0227272193879, 0.0330490358174, 0.0343844331801, 0.0182292312384, 0.0133773814887, 0.03132802248, 0.0227029398084, 0.00713532511145, 0.00931126531214, 0.0114890811965, 0.0181182101369, 0.0184517763555, 0.00817190483212, 0.0160191226751, 0.00913927517831, 0.00321289710701, 0.00233365199529, 0.00654921960086, 0.00765181845054, 0.00813641492277, 0.0029188063927, 0.00267180148512, 0.00542743969709, 0.00591110577807, 0.00375450402498, 0.00163750676438, 0.00201248540543, 0.0012308571022, 0.000944271858316, 0.00263668131083, 0.00138301053084, 0.00113045843318, 0.000987414154224, 0.000853541365359, 0.0010285761673, 0.000970690511167, 0.00111574132461, 0.00176976632793, 0.000584906665608, 0.000516733096447, 0.000573838187847, 0.000293156102998, 0.000205518648727, 0.000334688578732, 0.000490763632115, 0.000267631723545, 0.000202978349989, 0.000197692934307, 0.000492011778988, 0.000154129680595, 0.000183829339221, 0.000622457708232, 0.000248702912359, 8.41831788421e-05, 4.7414778237e-05, 0.000115825649118, 0.000216466592974, 0.000344085681718, 0.000426310842158, 0.000111641609692, 0.000148425169755, 0.000103700782347, 6.35203396087e-05, 4.95854801557e-05, 7.91527199908e-05, 0.000114539558126, 9.39668898354e-05, 0.000111449538963, 7.10331878508e-05, 5.47663294128e-05, 4.20874130214e-05, 4.97603250551e-05, 0.000143126089824, 0.000111357891001, 0.000109774802695, 4.97711735079e-05, 9.91793785943e-05, 0.000140493357321, 0.000149832034367, 8.40094508021e-05, 7.1604095865e-05, 0.000100080949778, 5.44735921721e-05, 2.06405347853e-05, 2.44502080022e-05, 1.95787943085e-05, 2.15594118345e-05, 7.35436333343e-06, 8.45069189381e-06, 6.7138275881e-06, 4.2022325033e-06, 2.17722572415e-06, 3.71790702047e-06, 1.92011452782e-06, 6.80653556628e-07, 4.41992966671e-07, 4.02419630063e-07, 2.16147171272e-07, 3.66172088206e-08, 5.25963406162e-09, 8.51054893225e-10, 8.24798729315e-10, 7.91613108397e-10, 7.58584306482e-10, 7.50842554798e-10, 7.20821624611e-10, 7.04860003697e-10, 6.95137947204e-10, 6.85766721187e-10, 6.66548316541e-10, 6.6508337726e-10, 6.52769338583e-10, 6.50305420624e-10, 6.46487641198e-10],
        "mean": [2.2384154363e-05, 0.000102392354165, 0.000255818798905, 0.000386393105146, 0.000481769326143, 0.000399688520702, 0.000348830246367, 0.000425732170697, 0.000797590473667, 0.000643202976789, 0.000839082698803, 0.00121315196157, 0.00126441509929, 0.000830916163977, 0.000486699515022, 0.000998212490231, 0.00105535821058, 0.000461197370896, 0.000388416374335, 0.000731718260795, 0.000495332875289, 0.000408378487919, 0.000541864603292, 0.000148252453073, 0.000208301935345, 0.000167326114024, 0.000240729059442, 0.000705224170815, 0.000228602089919, 0.000159148694365, 0.000110165492515, 0.000100383753306, 0.000155379137141, 0.000131057342514, 7.04200210748e-05, 0.000132537912577, 0.000203261792194, 5.86962596572e-05, 7.15157875675e-05, 7.1822621976e-05, 5.88187467656e-05, 6.7040338763e-05, 6.33780364296e-05, 9.02693354874e-05, 4.38828974438e-05, 4.19542921009e-05, 5.79523839406e-05, 3.28109199472e-05, 3.72206159227e-05, 5.18179331266e-05, 3.40507467627e-05, 3.15149663948e-05, 1.84313157661e-05, 2.38445136347e-05, 3.90736095142e-05, 1.46728425534e-05, 9.48678462009e-06, 1.06188244899e-05, 8.85659665073e-06, 5.65776144867e-06, 5.97413327341e-06, 6.0905213104e-06, 7.30354895495e-06, 4.65629045721e-06, 2.84145767182e-06, 5.52448500457e-06, 6.6648694883e-06, 2.36254527408e-06, 1.7332298512e-06, 2.22334051614e-06, 2.00216413759e-06, 3.37393566952e-06, 2.70242935585e-06, 1.55520160661e-06, 1.58431919317e-06, 1.96022870114e-06, 9.73642158897e-07, 7.18348303508e-07, 9.22719323171e-07, 9.13298492833e-07, 8.60278476011e-07, 7.86580471868e-07, 8.55654832321e-07, 5.82820632644e-07, 4.28199456337e-07, 4.95812457757e-07, 6.68617417432e-07, 6.93895458426e-07, 5.90750175888e-07, 4.48644044582e-07, 5.16136026363e-07, 6.00283385666e-07, 5.66784649436e-07, 5.06710534864e-07, 4.80229005007e-07, 4.06685728649e-07, 3.0848761412e-07, 2.19439542093e-07, 1.85139484188e-07, 1.46866710793e-07, 1.25064872236e-07, 7.74236497136e-08, 7.4289857821e-08, 4.71379273392e-08, 3.31772369577e-08, 2.34219932338e-08, 2.15762341327e-08, 1.54257406848e-08, 1.01359942661e-08, 6.99862390263e-09, 4.10832301512e-09, 1.31229993539e-09, 2.33872865518e-10, 2.65976407565e-11, 5.69680630794e-12, 5.54136727823e-12, 5.38644866557e-12, 5.20722440861e-12, 5.10812052379e-12, 5.00981287704e-12, 4.92329571208e-12, 4.84309597634e-12, 4.74982813498e-12, 4.64647200923e-12, 4.61630560167e-12, 4.58962555461e-12, 4.57279830321e-12, 4.53133190692e-12],
        "min": [3.93817201072e-11, 9.85587256253e-09, 9.41532896093e-09, 3.2615368184e-08, 2.30971348714e-08, 1.08142756972e-08, 1.65234848026e-08, 5.1996895678e-09, 4.07061406804e-08, 7.18717316772e-08, 1.75084878151e-07, 1.57851758331e-07, 2.17645407474e-07, 2.50335347118e-07, 2.80274150555e-07, 4.39335252622e-08, 5.90164404457e-07, 3.36424363923e-07, 1.36396963057e-07, 5.17510386544e-07, 3.37295659847e-07, 1.4405763693e-07, 1.07823808548e-07, 1.40363169976e-07, 1.2305946484e-07, 4.86420717039e-08, 6.98610165273e-08, 3.53720217561e-08, 3.45108077227e-07, 3.42863586411e-08, 3.40971411106e-08, 2.97668591998e-08, 3.04615106472e-08, 1.75216232634e-08, 2.96552897794e-08, 7.09250116415e-08, 5.327342123e-08, 4.51716921646e-08, 8.86548967571e-09, 1.1020151014e-08, 6.37864694397e-09, 2.58419063925e-08, 8.50082528814e-08, 1.41729827874e-08, 1.32699202737e-08, 1.61065081272e-08, 2.40666366835e-08, 1.80945605166e-08, 2.16290185762e-08, 2.26115730584e-08, 2.48007019366e-08, 9.69555369323e-09, 6.1087304104e-09, 5.04747355023e-09, 1.23616770153e-08, 5.47408873786e-09, 1.43091680727e-08, 7.907559052e-09, 4.12154133045e-09, 4.04681088639e-09, 3.70776298553e-09, 4.02360011975e-09, 3.47454176541e-09, 3.70900266056e-09, 3.19428239415e-09, 1.90918325593e-09, 1.12091225191e-09, 1.84006831994e-09, 5.54445711565e-10, 1.01279029607e-09, 5.82778880709e-10, 8.80555295346e-10, 1.26228594244e-09, 9.08216835072e-10, 8.1160383969e-10, 4.21674167805e-10, 4.49479398146e-10, 6.44991948739e-10, 6.72208122499e-10, 6.56717347169e-10, 6.5863164922e-10, 3.68116981342e-10, 7.80190079208e-11, 1.11065746877e-10, 8.23340839951e-11, 1.29457500275e-10, 3.41138617355e-10, 1.89608287404e-10, 1.31283234284e-10, 3.51585427438e-10, 2.549554734e-10, 2.15143430848e-10, 4.40162822857e-10, 2.58696758459e-10, 1.75191545299e-11, 4.55539217459e-11, 2.45888864825e-10, 1.93297822193e-10, 9.13098346933e-11, 7.38663158417e-11, 7.78977229943e-11, 8.48678349818e-11, 6.76813119438e-11, 9.18923548365e-11, 1.05835465392e-10, 7.25334653451e-11, 6.76820682832e-11, 3.77381199207e-12, 5.82889801964e-13, 5.1070400079e-13, 3.44577665012e-13, 2.91688873576e-13, 4.40690019199e-13, 4.0665967772e-13, 4.67289293198e-13, 4.79367088559e-13, 4.33100170311e-13, 4.06672552621e-13, 4.11927788971e-13, 4.02758365938e-13, 4.565509212e-13, 3.80170721292e-13, 4.31854530435e-13, 4.31518563286e-13, 4.16202716822e-13, 4.7846964021e-13, 4.5952499618e-13, 4.83148352055e-13],
        "stdev": [0.000171923195012, 0.000552684243303, 0.000893513206393, 0.00135740917176, 0.00179763475899, 0.00134224479552, 0.000778774963692, 0.00110299570952, 0.00182901252992, 0.00122279976495, 0.00209769397043, 0.00236485851929, 0.00276511185803, 0.00194984371774, 0.00138039817102, 0.00206993729807, 0.0023533734493, 0.00136281363666, 0.000974686350673, 0.00193729659077, 0.00163309264462, 0.000732315413188, 0.00110617966857, 0.000549004413188, 0.000940963684116, 0.00100691767875, 0.000572264601942, 0.00181225349661, 0.000608735717833, 0.000343911728123, 0.000255534832831, 0.000279283325654, 0.000414555339376, 0.000446970050689, 0.000198072360945, 0.000210168989724, 0.000395049486542, 0.000190317354281, 0.000185045108083, 0.000152238120791, 0.000165963123436, 0.000124256752315, 0.000100405377452, 0.000159129223903, 0.00010836221918, 9.24109117477e-05, 0.000105794453702, 8.47356568556e-05, 8.4160528786e-05, 9.32852344704e-05, 8.07521719253e-05, 9.10460803425e-05, 4.65871453343e-05, 4.49584476883e-05, 6.83214966557e-05, 3.24652901327e-05, 2.2462430934e-05, 2.48175110755e-05, 2.57420324488e-05, 1.51602280312e-05, 1.23224417621e-05, 1.21459825095e-05, 2.23809201998e-05, 1.0872355233e-05, 9.33193678065e-06, 2.63571728283e-05, 1.46423817569e-05, 5.17788248544e-06, 3.94331982534e-06, 6.30003569313e-06, 6.60119530949e-06, 1.48004010043e-05, 1.71810661413e-05, 5.92157493884e-06, 6.51517575534e-06, 4.61547551822e-06, 2.7173896342e-06, 2.47777597906e-06, 3.77792343897e-06, 3.72268891624e-06, 4.16131661041e-06, 4.33841478298e-06, 3.95843062506e-06, 2.88452497443e-06, 1.65394624219e-06, 2.11891574509e-06, 4.39638188254e-06, 4.48180753665e-06, 4.0610175347e-06, 2.10948292079e-06, 3.37795950145e-06, 5.20033700013e-06, 4.51775531474e-06, 3.45109265254e-06, 3.50928939952e-06, 3.54399458047e-06, 2.01264037969e-06, 1.02121271084e-06, 9.47173532495e-07, 8.39251526941e-07, 8.70541157383e-07, 4.14282652628e-07, 4.02067541927e-07, 2.49034343369e-07, 1.74805606434e-07, 9.69122524452e-08, 1.16917760806e-07, 7.95099950324e-08, 4.07675102565e-08, 2.65190269744e-08, 1.73520167124e-08, 8.27283130889e-09, 2.13145812111e-09, 2.36625857797e-10, 1.99386340771e-11, 1.93193100406e-11, 1.85694550014e-11, 1.78280099017e-11, 1.75996613117e-11, 1.69301881542e-11, 1.65486478687e-11, 1.62969880646e-11, 1.60698138824e-11, 1.56410023822e-11, 1.55821744396e-11, 1.53111291007e-11, 1.52365411954e-11, 1.51521694497e-11]
    },
    "mfcc": {
        "mean": [-684.03326416, 159.25553894, -28.1574058533, -5.91453027725, -11.0930519104, -12.0612449646, -15.9774122238, -8.07904052734, -12.4631385803, -0.420639902353, -8.29894161224, -0.90549492836, -1.66860675812],
        "cov": [[3603.99243164, -1324.23132324, -647.643676758, 291.016723633, -67.4523849487, 498.041473389, 299.492340088, 76.0182266235, 273.926727295, -45.9441337585, -30.9109916687, -48.8372344971, 58.8612442017], [-1324.23132324, 1832.43969727, 580.443725586, 502.831420898, 128.220062256, -3.30769538879, 138.949584961, -75.3844451904, -56.680316925, 62.5105819702, 25.8074550629, 4.57750892639, 21.5718746185], [-647.643676758, 580.443725586, 932.655517578, 262.774200439, 69.1857299805, -95.3268051147, -31.8228874207, -38.3300857544, -158.739944458, 27.8348617554, -19.946767807, 12.1875982285, -27.1440467834], [291.016723633, 502.831420898, 262.774200439, 667.934020996, 98.2026748657, 216.69442749, 195.678359985, -18.7285938263, 58.6082878113, 14.7357978821, 30.8023605347, 29.7569217682, 40.0422325134], [-67.4523849487, 128.220062256, 69.1857299805, 98.2026748657, 147.901107788, -1.35317194462, -0.339812487364, 1.81434118748, -8.80052757263, -0.0401361994445, 3.64363837242, 10.3627414703, -14.6297044754], [498.041473389, -3.30769538879, -95.3268051147, 216.69442749, -1.35317194462, 389.443634033, 162.668655396, 10.2767620087, 132.43069458, -26.0756969452, 49.1238212585, -5.59868621826, 41.0582962036], [299.492340088, 138.949584961, -31.8228874207, 195.678359985, -0.339812487364, 162.668655396, 236.014266968, 15.3306875229, 81.7005767822, 21.0887241364, 5.50796699524, -1.34873402119, 36.5527000427], [76.0182266235, -75.3844451904, -38.3300857544, -18.7285938263, 1.81434118748, 10.2767620087, 15.3306875229, 105.775688171, 34.4553909302, 2.0077586174, 10.9865207672, -10.3354291916, 4.90422916412], [273.926727295, -56.680316925, -158.739944458, 58.6082878113, -8.80052757263, 132.43069458, 81.7005767822, 34.4553909302, 193.672241211, 12.4179468155, 20.2022209167, -8.54614543915, 16.9253406525], [-45.9441337585, 62.5105819702, 27.8348617554, 14.7357978821, -0.0401361994445, -26.0756969452, 21.0887241364, 2.0077586174, 12.4179468155, 104.936531067, 8.16730690002, 0.670121729374, 10.0075407028], [-30.9109916687, 25.8074550629, -19.946767807, 30.8023605347, 3.64363837242, 49.1238212585, 5.50796699524, 10.9865207672, 20.2022209167, 8.16730690002, 89.3879699707, 19.6124248505, 13.4267435074], [-48.8372344971, 4.57750892639, 12.1875982285, 29.7569217682, 10.3627414703, -5.59868621826, -1.34873402119, -10.3354291916, -8.54614543915, 0.670121729374, 19.6124248505, 85.6586456299, 27.2404460907], [58.8612442017, 21.5718746185, -27.1440467834, 40.0422325134, -14.6297044754, 41.0582962036, 36.5527000427, 4.90422916412, 16.9253406525, 10.0075407028, 13.4267435074, 27.2404460907, 95.1583557129]],
        "icov": [[0.000712356413715, 0.000661387399305, 0.00023113876523, -0.000711551692802, 5.37339146831e-05, -0.000301754393149, -0.000440415431513, 2.52155987255e-05, -3.30555158143e-05, -5.51292177988e-05, 0.000463358766865, 0.000481102848426, -0.000110307919385], [0.000661387399305, 0.0014927322045, -0.000162422118592, -0.00108337332495, -0.00030926099862, 0.000159274452017, -0.000889413408004, 0.0005976864486, -6.62096645101e-05, -0.000154232664499, -7.87155295257e-05, 0.00093347375514, -0.000371497881133], [0.00023113876523, -0.000162422118592, 0.00187250459567, -0.00103170063812, 0.000169196224306, -6.30051799817e-05, 0.0004800807219, -0.000354638323188, 0.00131086702459, -0.000508014403749, 0.000617155514192, 1.39489084177e-05, 0.00047837611055], [-0.000711551692802, -0.00108337332495, -0.00103170063812, 0.00403494900092, -0.00153975002468, -0.00088309700368, -0.00120213162154, 0.00044143490959, -0.000400575081585, 0.000177262714715, -0.000598982151132, -0.00127360352781, -0.000221412323299], [5.37339146831e-05, -0.00030926099862, 0.000169196224306, -0.00153975002468, 0.00829033087939, 0.000128796018544, 0.00101753685158, -0.00108227087185, 0.000246497103944, 1.00000024759e-05, 0.000259028543951, -0.00118179339916, 0.00187382043805], [-0.000301754393149, 0.000159274452017, -6.30051799817e-05, -0.00088309700368, 0.000128796018544, 0.00570340408012, -0.00222016638145, 0.00104706292041, -0.0021628018003, 0.00231957482174, -0.00285697286017, 0.00131239718758, -0.000969862681814], [-0.000440415431513, -0.000889413408004, 0.0004800807219, -0.00120213162154, 0.00101753685158, -0.00222016638145, 0.00847943406552, -0.00133444194216, -0.000691063527483, -0.00184439821169, 0.00197975616902, -0.000401918019634, -0.00080456485739], [2.52155987255e-05, 0.0005976864486, -0.000354638323188, 0.00044143490959, -0.00108227087185, 0.00104706292041, -0.00133444194216, 0.0110501423478, -0.00208952580579, 0.000500256603118, -0.00205105217174, 0.0019900619518, -0.00107431795914], [-3.30555158143e-05, -6.62096645101e-05, 0.00131086702459, -0.000400575081585, 0.000246497103944, -0.0021628018003, -0.000691063527483, -0.00208952580579, 0.00861342065036, -0.00169405445922, 1.12242798878e-06, 0.000214344050619, 0.00050679029664], [-5.51292177988e-05, -0.000154232664499, -0.000508014403749, 0.000177262714715, 1.00000024759e-05, 0.00231957482174, -0.00184439821169, 0.000500256603118, -0.00169405445922, 0.0111162252724, -0.00198268610984, 0.000773099309299, -0.00127634417731], [0.000463358766865, -7.87155295257e-05, 0.000617155514192, -0.000598982151132, 0.000259028543951, -0.00285697286017, 0.00197975616902, -0.00205105217174, 1.12242798878e-06, -0.00198268610984, 0.0143184568733, -0.0032777255401, -9.66234583757e-05], [0.000481102848426, 0.00093347375514, 1.39489084177e-05, -0.00127360352781, -0.00118179339916, 0.00131239718758, -0.000401918019634, 0.0019900619518, 0.000214344050619, 0.000773099309299, -0.0032777255401, 0.0150390574709, -0.00462752068415], [-0.000110307919385, -0.000371497881133, 0.00047837611055, -0.000221412323299, 0.00187382043805, -0.000969862681814, -0.00080456485739, -0.00107431795914, 0.00050679029664, -0.00127634417731, -9.66234583757e-05, -0.00462752068415, 0.0133442645893]]
    },
    "spectral_contrast_coeffs": {
        "max": [-0.27400380373, -0.334478139877, -0.455937981606, -0.578042626381, -0.63323199749, -0.614031970501],
        "mean": [-0.619230926037, -0.687666714191, -0.696773290634, -0.757096469402, -0.760694980621, -0.773931384087],
        "min": [-0.852402567863, -0.940124869347, -0.903930425644, -0.928235411644, -0.8707716465, -0.896469891071],
        "stdev": [0.110888272524, 0.100940406322, 0.0824735984206, 0.0524137578905, 0.0453345775604, 0.051180511713]
    },
    "spectral_contrast_valleys": {
        "max": [-4.89001655579, -5.1799287796, -5.25000429153, -5.36792850494, -5.86838960648, -7.74801445007],
        "mean": [-7.74000644684, -6.63050079346, -7.45118284225, -7.90928316116, -8.46110439301, -11.3416461945],
        "min": [-10.4382600784, -8.43757724762, -9.30944728851, -10.1385526657, -11.3774461746, -13.4691419601],
        "stdev": [1.16100716591, 0.553952336311, 0.868467211723, 1.07508707047, 0.912131845951, 0.894136428833]
    }
},
"rhythm": {
    "beats_count": 100,
    "beats_loudness": {
        "max": 0.0944477021694,
        "mean": 0.029911281541,
        "min": 0.00336104468442,
        "stdev": 0.0196010880172
    },
    "bpm": 139.735519409,
    "bpm_histogram_first_peak_bpm": 140,
    "bpm_histogram_first_peak_weight": 0.594594597816,
    "bpm_histogram_second_peak_bpm": 161,
    "bpm_histogram_second_peak_spread": 0.266666710377,
    "bpm_histogram_second_peak_weight": 0.111111111939,
    "danceability": 1.01364886761,
    "onset_rate": 1.8251953125,
    "beats_loudness_band_ratio": {
        "max": [0.651487767696, 0.899262309074, 0.861364841461, 0.656284451485, 0.592668533325, 0.30314925313],
        "mean": [0.132632166147, 0.322876423597, 0.325499117374, 0.220189154148, 0.0969280749559, 0.0159773603082],
        "min": [0.000351002527168, 0.00679161679, 0.0462641268969, 0.00510194664821, 0.00183293805458, 0.000263022549916],
        "stdev": [0.17744487524, 0.238638728857, 0.208981990814, 0.179116621614, 0.146037936211, 0.0348984859884]
    },
