{
"metadata": {
    "version": {
        "essentia": "2.1-beta5",
        "essentia_git_sha": "Undefined",
        "extractor": "music 2.0"
    },
    "audio_properties": {
        "analysis": {
            "equal_loudness": 0,
            "length": 29.9537410736,
            "sample_rate": 44100,
            "start_time": 158.987030029,
            "downmix": "mix"
        },
        "bit_rate": 192000,
        "length": 188.964004517,
        "lossless": 0,
        "number_channels": 2,
        "replay_gain": -14.1739959717,
        "sample_rate": 48000,
        "codec": "mp3",
        "md5_encoded": "aee7221f4687d7fd70ad4835dd77bc77"
    },
    "tags": {
        "file_name": "Spain_Vuelve Conmigo_Anabel Conde.mp3",
        "encoding": ["Lavf58.29.100"]
    }
},
"lowlevel": {
    "average_loudness": 0.979033112526,
    "barkbands_crest": {
        "max": 23.4640483856,
        "mean": 9.29970932007,
        "min": 2.89036273956,
        "stdev": 3.74776482582
    },
    "barkbands_flatness_db": {
        "max": 0.248588144779,
        "mean": 0.135916680098,
        "min": 0.0591641031206,
        "stdev": 0.0315570496023
    },
    "barkbands_kurtosis": {
        "max": 27.4805755615,
        "mean": 3.65983176231,
        "min": -1.62483251095,
        "stdev": 3.72293972969
    },
    "barkbands_skewness": {
        "max": 4.01093006134,
        "mean": 1.32190585136,
        "min": -2.04063987732,
        "stdev": 0.802524507046
    },
    "barkbands_spread": {
        "max": 113.315490723,
        "mean": 15.1190214157,
        "min": 2.73401093483,
        "stdev": 9.18844127655
    },
    "dissonance": {
        "max": 0.500000119209,
        "mean": 0.457044392824,
        "min": 0.332689374685,
        "stdev": 0.0304416250437
    },
    "dynamic_complexity": 1.51252281666,
    "erbbands_crest": {
        "max": 26.6448345184,
        "mean": 9.68271160126,
        "min": 2.36961841583,
        "stdev": 4.1962223053
    },
    "erbbands_flatness_db": {
        "max": 0.304790228605,
        "mean": 0.183955490589,
        "min": 0.0754972323775,
        "stdev": 0.0336798168719
    },
    "erbbands_kurtosis": {
        "max": 21.775144577,
        "mean": 1.65594267845,
        "min": -1.62631952763,
        "stdev": 2.41174888611
    },
    "erbbands_skewness": {
        "max": 3.09429049492,
        "mean": 1.05775856972,
        "min": -1.0479195118,
        "stdev": 0.687053978443
    },
    "erbbands_spread": {
        "max": 69.8221206665,
        "mean": 25.9060230255,
        "min": 4.2716126442,
        "stdev": 10.9443540573
    },
    "hfc": {
        "max": 66.3263549805,
        "mean": 26.189157486,
        "min": 1.10871073994e-16,
        "stdev": 10.7183322906
    },
    "loudness_ebu128": {
        "integrated": -8.35862827301,
        "loudness_range": 1.60993099213,
        "momentary": {
            "max": -7.00032281876,
            "mean": -8.70740222931,
            "min": -53.2894744873,
            "stdev": 2.98903250694
        },
        "short_term": {
            "max": -7.41035842896,
            "mean": -8.39994525909,
            "min": -10.0352420807,
            "stdev": 0.526331543922
        }
    },
    "melbands_crest": {
        "max": 34.0335960388,
        "mean": 11.3768463135,
        "min": 1.89868843555,
        "stdev": 4.35772609711
    },
    "melbands_flatness_db": {
        "max": 0.303338885307,
        "mean": 0.177673310041,
        "min": 0.00422787154093,
        "stdev": 0.0401518605649
    },
    "melbands_kurtosis": {
        "max": 45.2181816101,
        "mean": 7.125893116,
        "min": -1.35590362549,
        "stdev": 6.28983736038
    },
    "melbands_skewness": {
        "max": 5.61849403381,
        "mean": 1.64958429337,
        "min": -0.469455033541,
        "stdev": 0.922648012638
    },
    "melbands_spread": {
        "max": 166.005767822,
        "mean": 19.5815067291,
        "min": 3.89809679985,
        "stdev": 14.9538936615
    },
    "pitch_salience": {
        "max": 0.907435894012,
        "mean": 0.634870827198,
        "min": 0.135776028037,
        "stdev": 0.0968103706837
    },
    "silence_rate_20dB": {
        "max": 1,
        "mean": 1,
        "min": 1,
        "stdev": 0
    },
    "silence_rate_30dB": {
        "max": 1,
        "mean": 1,
        "min": 1,
        "stdev": 0
    },
    "silence_rate_60dB": {
        "max": 1,
        "mean": 0.0216886140406,
        "min": 0,
        "stdev": 0.145664557815
    },
    "spectral_centroid": {
        "max": 11303.7753906,
        "mean": 1271.29309082,
        "min": 489.937652588,
        "stdev": 964.27545166
    },
    "spectral_complexity": {
        "max": 51,
        "mean": 22.6003093719,
        "min": 0,
        "stdev": 7.3538274765
    },
    "spectral_decrease": {
        "max": 7.71301299138e-29,
        "mean": -8.16012324378e-09,
        "min": -1.99014440483e-08,
        "stdev": 3.25549387448e-09
    },
    "spectral_energy": {
        "max": 0.0785745084286,
        "mean": 0.033173635602,
        "min": 1.0382496399e-20,
        "stdev": 0.0130061563104
    },
    "spectral_energyband_high": {
        "max": 0.00724956719205,
        "mean": 0.000612914620433,
        "min": 7.38747411812e-21,
        "stdev": 0.000750655017328
    },
    "spectral_energyband_low": {
        "max": 0.0228799656034,
        "mean": 0.0030036654789,
        "min": 1.4887345138e-23,
        "stdev": 0.00334881735034
    },
    "spectral_energyband_middle_high": {
        "max": 0.0389891043305,
        "mean": 0.00797113776207,
        "min": 1.3444040682e-21,
        "stdev": 0.00530508952215
    },
    "spectral_energyband_middle_low": {
        "max": 0.0733371078968,
        "mean": 0.0225346982479,
        "min": 2.33866789434e-22,
        "stdev": 0.0122703658417
    },
    "spectral_entropy": {
        "max": 9.82209777832,
        "mean": 7.50959634781,
        "min": 6.47930049896,
        "stdev": 0.367838680744
    },
    "spectral_flux": {
        "max": 0.259327501059,
        "mean": 0.10193067044,
        "min": 6.67335908755e-11,
        "stdev": 0.0314080193639
    },
    "spectral_kurtosis": {
        "max": 16.9959506989,
        "mean": 4.93408679962,
        "min": -1.24587976933,
        "stdev": 2.06544208527
    },
    "spectral_rms": {
        "max": 0.00875545851886,
        "mean": 0.00553720258176,
        "min": 3.18265054068e-12,
        "stdev": 0.00130534847267
    },
    "spectral_rolloff": {
        "max": 19164.5507812,
        "mean": 1357.00891113,
        "min": 21.533203125,
        "stdev": 1784.54956055
    },
    "spectral_skewness": {
        "max": 3.0440518856,
        "mean": 1.69524693489,
        "min": -0.0431312471628,
        "stdev": 0.390778630972
    },
    "spectral_spread": {
        "max": 41875480,
        "mean": 4311424,
        "min": 2140210.75,
        "stdev": 3334153
    },
    "spectral_strongpeak": {
        "max": 6.31632089615,
        "mean": 1.56269228458,
        "min": 0,
        "stdev": 1.05216479301
    },
    "zerocrossingrate": {
        "max": 0.62255859375,
        "mean": 0.0579659044743,
        "min": 0.0185546875,
        "stdev": 0.048362635076
    },
    "barkbands": {
        "max": [0.0020719920285, 0.0136023508385, 0.013514816761, 0.016698949039, 0.0235966760665, 0.0415424108505, 0.0515556260943, 0.0458540469408, 0.0487517639995, 0.0349244363606, 0.0131168738008, 0.00993381999433, 0.0094949491322, 0.00618179468438, 0.00556004559621, 0.00478741992265, 0.00474363425747, 0.0027415077202, 0.00390253588557, 0.00306885619648, 0.00193761242554, 0.00219571008347, 0.00096525909612, 0.00153052050155, 0.00039329030551, 0.00094220059691, 9.00559007277e-06],
        "mean": [0.000126142302179, 0.00144989904948, 0.0010715785902, 0.000865428417455, 0.00190754770301, 0.00450052507222, 0.0045509361662, 0.00432056840509, 0.0052421442233, 0.00283274240792, 0.00124987168238, 0.0010619625682, 0.000837011262774, 0.000586561684031, 0.000381773395929, 0.000369342800695, 0.000329793110723, 0.000252859492321, 0.000452832784504, 0.000369680667063, 0.000127047664137, 9.5644762041e-05, 7.2140377597e-05, 6.77878852002e-05, 3.70069865312e-05, 1.47988785102e-05, 3.94494037437e-08],
        "min": [1.44186369231e-24, 5.56603018113e-24, 4.7203630077e-24, 2.43539544686e-24, 2.29246323827e-23, 1.93625940741e-23, 2.3943660812e-23, 1.85008518876e-23, 3.44381204033e-23, 4.06461054732e-23, 2.33229945181e-23, 3.63583466861e-23, 5.15009893012e-23, 5.076084529e-23, 4.30877183272e-23, 1.26238873686e-22, 9.22411585487e-23, 1.07401556845e-22, 1.60466715326e-22, 2.63358701475e-22, 3.54999044626e-22, 3.74904718946e-22, 3.88358217881e-22, 7.03798223138e-22, 8.86789315445e-22, 1.43393374773e-21, 2.12980630429e-21],
        "stdev": [0.000232451304328, 0.00200999062508, 0.00141143263318, 0.00123310775962, 0.00189372652676, 0.0059689451009, 0.00580397434533, 0.00596342934296, 0.00646429788321, 0.00371095980518, 0.0013965285616, 0.00119227648247, 0.00103443209082, 0.000699563592207, 0.00052384333685, 0.000476315413835, 0.00039871968329, 0.000266261689831, 0.000538983440492, 0.000438126618974, 0.000203330462682, 0.000205394695513, 0.000104031911178, 0.000115938128147, 4.40416661149e-05, 3.81196841772e-05, 3.61829393114e-07]
    },
    "erbbands": {
        "max": [0.527170419693, 2.820748806, 13.614982605, 20.4727668762, 61.4574127197, 81.4719696045, 164.198852539, 416.507019043, 955.182312012, 797.243652344, 874.802734375, 1281.63793945, 1155.01721191, 1123.87280273, 511.977020264, 366.335479736, 406.040557861, 320.745025635, 233.767715454, 346.15145874, 190.557067871, 231.135650635, 152.102386475, 166.200927734, 222.383544922, 170.208724976, 85.9028320312, 82.7785186768, 83.7613143921, 47.7649917603, 27.1676635742, 38.0072174072, 17.5590877533, 4.66516828537, 4.2578291893, 7.30705690384, 0.359518021345, 0.0196190495044, 0.00143940269481, 0.000160035808221],
        "mean": [0.0413234867156, 0.322477936745, 1.11349403858, 2.18478918076, 4.35267591476, 6.71564340591, 14.2840061188, 43.6369934082, 72.7253494263, 81.4330978394, 77.0216598511, 119.927825928, 116.654312134, 55.9902801514, 56.2634239197, 40.8575134277, 36.773109436, 31.2118778229, 25.9854431152, 20.706571579, 19.3048992157, 18.845621109, 14.9585475922, 22.1421546936, 18.6399478912, 17.3952007294, 8.01587867737, 4.42251682281, 3.54561185837, 2.58248615265, 1.98555088043, 1.52765107155, 1.01744318008, 0.489808350801, 0.236052140594, 0.0978938043118, 0.0199374649674, 0.00145283236634, 5.28346245119e-05, 4.16706352553e-05],
        "min": [2.20701268906e-22, 1.18743291545e-21, 6.14875943781e-21, 7.13058041575e-21, 4.66185066874e-20, 2.95503068316e-20, 5.68115981131e-20, 1.32547563527e-19, 2.12994005875e-19, 3.00568586678e-19, 4.69452966668e-19, 6.49265901815e-19, 1.02466398674e-18, 1.15607537892e-18, 1.33977482218e-18, 1.66633507806e-18, 3.38661701452e-18, 2.97106380865e-18, 2.01242848033e-18, 3.54138230033e-18, 6.01356169423e-18, 5.69652363136e-18, 6.57889125284e-18, 6.5036777877e-18, 9.22948606024e-18, 1.17522231468e-17, 1.2105281203e-17, 1.39638906921e-17, 1.39329359393e-17, 1.25802292856e-17, 1.20017033011e-17, 1.54516577419e-17, 9.91453305532e-18, 8.91583819712e-18, 6.1179278993e-18, 4.42161083275e-18, 2.63263051244e-18, 1.02184268047e-18, 3.11579575553e-19, 3.20197414593e-20],
        "stdev": [0.0663099959493, 0.44764071703, 1.4634937048, 2.45440554619, 5.1040225029, 7.25967597961, 18.4818611145, 58.8173599243, 100.126708984, 97.7749023438, 94.6753234863, 150.224868774, 128.791748047, 75.3374633789, 59.9368247986, 42.1684455872, 41.9046173096, 32.8363990784, 31.5018749237, 27.6783733368, 21.9509887695, 22.26512146, 14.060965538, 22.8207607269, 23.68475914, 20.8970565796, 9.90808677673, 8.25549125671, 7.52731323242, 4.57189655304, 2.88364744186, 2.84096240997, 1.43421852589, 0.56273150444, 0.327355504036, 0.286883920431, 0.0279685929418, 0.00208466406912, 7.69401085563e-05, 1.62046835612e-05]
    },
    "gfcc": {
        "mean": [13.6373786926, 98.6897277832, -136.218170166, 13.6513814926, -77.2579116821, 7.03335046768, -35.6724510193, 18.6258659363, -25.0181541443, 4.57888746262, -10.4471445084, -3.20080041885, -10.1704540253],
        "cov": [[18174.5585938, 1376.54382324, -1459.11303711, 271.607849121, -1035.04016113, 105.092140198, -575.552001953, 268.982788086, -357.911468506, 41.3828926086, -180.417373657, -38.3271446228, -175.993606567], [1376.54382324, 664.316162109, 34.487323761, 86.9949035645, 34.8428039551, -55.2033729553, 59.0296401978, -2.006524086, -40.0561027527, -48.4428291321, 57.7436943054, -23.3971710205, 35.8447570801], [-1459.11303711, 34.487323761, 651.748046875, 123.684288025, 85.1728973389, -42.820980072, -68.978012085, 9.10910701752, 13.0449752808, -4.74628448486, 26.8931865692, 84.3112945557, 28.0005207062], [271.607849121, 86.9949035645, 123.684288025, 374.67276001, 70.9032211304, 32.4085197449, -34.9045982361, -58.4442825317, 23.0645046234, -34.5826835632, 15.796880722, 19.8801574707, 49.627910614], [-1035.04016113, 34.8428039551, 85.1728973389, 70.9032211304, 245.986877441, 79.14037323, 87.1636047363, 4.8668422699, 28.6784038544, -24.1324329376, -22.5209007263, -7.86813926697, 44.291847229], [105.092140198, -55.2033729553, -42.820980072, 32.4085197449, 79.14037323, 254.868148804, 81.7616119385, -16.7091579437, 16.4573783875, -8.24525547028, -74.3156433105, -16.714307785, -0.626735031605], [-575.552001953, 59.0296401978, -68.978012085, -34.9045982361, 87.1636047363, 81.7616119385, 210.262908936, -4.81002998352, -6.16119766235, -8.3346452713, 3.9065785408, -50.5402183533, -9.84254646301], [268.982788086, -2.006524086, 9.10910701752, -58.4442825317, 4.8668422699, -16.7091579437, -4.81002998352, 118.373077393, 6.14893054962, 5.52660894394, -10.0936927795, 14.449930191, 1.27197825909], [-357.911468506, -40.0561027527, 13.0449752808, 23.0645046234, 28.6784038544, 16.4573783875, -6.16119766235, 6.14893054962, 83.6876373291, 11.0457344055, -7.6271944046, 16.8401260376, 26.5323638916], [41.3828926086, -48.4428291321, -4.74628448486, -34.5826835632, -24.1324329376, -8.24525547028, -8.3346452713, 5.52660894394, 11.0457344055, 68.1406326294, 21.7210388184, 7.00503253937, -13.3051929474], [-180.417373657, 57.7436943054, 26.8931865692, 15.796880722, -22.5209007263, -74.3156433105, 3.9065785408, -10.0936927795, -7.6271944046, 21.7210388184, 106.695503235, 15.2738571167, 0.722896337509], [-38.3271446228, -23.3971710205, 84.3112945557, 19.8801574707, -7.86813926697, -16.714307785, -50.5402183533, 14.449930191, 16.8401260376, 7.00503253937, 15.2738571167, 74.9331741333, 29.5148143768], [-175.993606567, 35.8447570801, 28.0005207062, 49.627910614, 44.291847229, -0.626735031605, -9.84254646301, 1.27197825909, 26.5323638916, -13.3051929474, 0.722896337509, 29.5148143768, 74.1951828003]],
        "icov": [[0.000787753262557, -0.0023329583928, 0.00205078604631, -0.00187384500168, 0.00259159388952, -0.00165802275296, 0.00231545558199, -0.00281470967457, 0.00263295415789, -0.00242388457991, 0.002289225813, -0.00154607417062, 0.00148593029007], [-0.0023329583928, 0.00887321121991, -0.00621699448675, 0.00517066102475, -0.00748930918053, 0.0051904595457, -0.00742201507092, 0.0078927911818, -0.00688006542623, 0.00824153609574, -0.00783888809383, 0.00569825107232, -0.00579030858353], [0.00205078604631, -0.00621699448675, 0.00749357976019, -0.00538052152842, 0.00550797861069, -0.0038343349006, 0.00644045928493, -0.00729768676683, 0.00706455577165, -0.00636245310307, 0.00603106012568, -0.00670831464231, 0.00524056889117], [-0.00187384500168, 0.00517066102475, -0.00538052152842, 0.00845182687044, -0.00694209383801, 0.00279091740958, -0.00392347946763, 0.00839270930737, -0.00706393038854, 0.00744642829522, -0.00705508049577, 0.00433959392831, -0.00485831080005], [0.00259159388952, -0.00748930918053, 0.00550797861069, -0.00694209383801, 0.015623068437, -0.00646862061694, 0.00475179636851, -0.0102295344695, 0.00760936178267, -0.00723428558558, 0.00817037839442, -0.00303252390586, 0.000863327237312], [-0.00165802275296, 0.0051904595457, -0.0038343349006, 0.00279091740958, -0.00646862061694, 0.010448130779, -0.00793308019638, 0.00704550649971, -0.00576888676733, 0.00362244062126, 0.000556543178391, 0.000800387875643, -0.00169485958759], [0.00231545558199, -0.00742201507092, 0.00644045928493, -0.00392347946763, 0.00475179636851, -0.00793308019638, 0.0157267041504, -0.00843353848904, 0.0076896105893, -0.00610299920663, 0.00274613453075, 5.28797281731e-05, 0.00470694759861], [-0.00281470967457, 0.0078927911818, -0.00729768676683, 0.00839270930737, -0.0102295344695, 0.00704550649971, -0.00843353848904, 0.0201207138598, -0.0101213539019, 0.00811224337667, -0.00617434922606, 0.00248628715053, -0.00450164172798], [0.00263295415789, -0.00688006542623, 0.00706455577165, -0.00706393038854, 0.00760936178267, -0.00576888676733, 0.0076896105893, -0.0101213539019, 0.0243193469942, -0.011985343881, 0.00887183099985, -0.006302353926, -0.00019478687318], [-0.00242388457991, 0.00824153609574, -0.00636245310307, 0.00744642829522, -0.00723428558558, 0.00362244062126, -0.00610299920663, 0.00811224337667, -0.011985343881, 0.0272400379181, -0.0130656417459, 0.00420002127066, -0.00128289300483], [0.002289225813, -0.00783888809383, 0.00603106012568, -0.00705508049577, 0.00817037839442, 0.000556543178391, 0.00274613453075, -0.00617434922606, 0.00887183099985, -0.0130656417459, 0.0230945963413, -0.00977487582713, 0.00540541298687], [-0.00154607417062, 0.00569825107232, -0.00670831464231, 0.00433959392831, -0.00303252390586, 0.000800387875643, 5.28797281731e-05, 0.00248628715053, -0.006302353926, 0.00420002127066, -0.00977487582713, 0.0283573064953, -0.0131881954148], [0.00148593029007, -0.00579030858353, 0.00524056889117, -0.00485831080005, 0.000863327237312, -0.00169485958759, 0.00470694759861, -0.00450164172798, -0.00019478687318, -0.00128289300483, 0.00540541298687, -0.0131881954148, 0.0262770149857]]
    },
    "melbands": {
        "max": [0.00414818432182, 0.00568023882806, 0.00586450239643, 0.00244746194221, 0.00601970404387, 0.00917604472488, 0.0125580206513, 0.010269288905, 0.00660892343149, 0.00844285171479, 0.00596448872238, 0.00519234128296, 0.0020160805434, 0.00123905669898, 0.00171273353044, 0.0012944729533, 0.000720214273315, 0.000476730812807, 0.000438571791165, 0.000457050919067, 0.000257399689872, 0.000256886618445, 0.0002380891965, 0.000103952210338, 0.000169417995494, 0.000266137794824, 0.000203704476007, 0.000114210415632, 7.13841145625e-05, 3.98077972932e-05, 5.95485216763e-05, 6.10156675975e-05, 3.49390465999e-05, 2.4469307391e-05, 1.72843501787e-05, 2.48521228059e-05, 3.20726721839e-05, 1.43362285598e-05, 7.02255010765e-06, 3.46420301867e-06],
        "mean": [0.00038076392957, 0.000540096196346, 0.000451734173112, 0.000387252279324, 0.000465915043605, 0.00102606811561, 0.00104486919008, 0.000939067511354, 0.000610685965512, 0.000793841551058, 0.000581758678891, 0.000235130690271, 0.0001722198067, 0.000134095767862, 9.12800533115e-05, 8.07311589597e-05, 5.52210658498e-05, 4.58047907159e-05, 2.76053160633e-05, 2.79723008134e-05, 2.11761143873e-05, 2.05089963856e-05, 1.42736016642e-05, 1.19585529319e-05, 1.89825768757e-05, 1.62821525009e-05, 1.18827892948e-05, 1.16293185783e-05, 5.9672597672e-06, 2.78321704172e-06, 2.45739283855e-06, 2.19259413825e-06, 1.49934737692e-06, 1.38501093261e-06, 1.16939168038e-06, 1.02312606032e-06, 9.22141111914e-07, 7.67200958762e-07, 5.4856997167e-07, 3.63332048892e-07],
        "min": [1.82508433285e-24, 2.68377855806e-24, 1.64434091667e-24, 5.57025650343e-24, 2.19488082875e-24, 2.85483594561e-24, 3.7214761695e-24, 4.08519626707e-24, 3.68933245419e-24, 4.04204596998e-24, 4.9042646285e-24, 4.67762686259e-24, 3.71841262817e-24, 4.51146711797e-24, 7.01497557639e-24, 5.00118960134e-24, 4.13794226821e-24, 2.8997919453e-24, 3.76486273042e-24, 5.28148450274e-24, 4.92071158952e-24, 5.32029685371e-24, 5.11128026826e-24, 5.06220957009e-24, 5.11086138312e-24, 6.34958086917e-24, 7.90798584263e-24, 6.81977115653e-24, 6.95640738735e-24, 7.77303698529e-24, 7.12156803963e-24, 6.83520837559e-24, 6.78923987292e-24, 6.06486045809e-24, 6.00886868876e-24, 7.23232963275e-24, 9.12232518796e-24, 6.70741054236e-24, 6.86889431396e-24, 7.84464346738e-24],
        "stdev": [0.000534592254553, 0.000673168338835, 0.000506510317791, 0.000370825175196, 0.000552597281057, 0.00135071272962, 0.00137698859908, 0.00120611640159, 0.00075445213588, 0.00104422052391, 0.000661162077449, 0.000350150017766, 0.00018864692538, 0.000148447172251, 0.000108006119262, 0.000119676144095, 6.47017222946e-05, 5.96316094743e-05, 3.95072311221e-05, 3.88816843042e-05, 2.69579741143e-05, 2.59216358245e-05, 1.65816018125e-05, 1.20306713143e-05, 2.13339972106e-05, 2.60990873358e-05, 1.92109291675e-05, 1.45428757605e-05, 7.97543816589e-06, 4.31522630606e-06, 5.21077072335e-06, 5.09357096234e-06, 2.84620568891e-06, 2.36992445934e-06, 1.70388727838e-06, 1.61800528531e-06, 2.10114876609e-06, 1.17448848869e-06, 6.67235667606e-07, 4.308890027e-07]
    },
    "melbands128": {
        "max": [0.00184217921924, 0.00483430828899, 0.00477277021855, 0.00609333440661, 0.00695885904133, 0.00639660283923, 0.00417900970206, 0.0116675691679, 0.00649801176041, 0.00311329960823, 0.00433673942462, 0.0109523478895, 0.00714260805398, 0.0133395148441, 0.0150158386678, 0.0200264342129, 0.0244729444385, 0.0164833366871, 0.0129413893446, 0.0111415088177, 0.0188896805048, 0.011780899018, 0.00673843547702, 0.0170263275504, 0.0101049151272, 0.0154763236642, 0.0119510600343, 0.0108626941219, 0.0100950086489, 0.0120281372219, 0.00338168791495, 0.00217246636748, 0.00378814362921, 0.00243942416273, 0.00205251248553, 0.00152839312796, 0.00145426194649, 0.00311395060271, 0.00154321570881, 0.00129354652017, 0.00238403351977, 0.001132753212, 0.000796075444669, 0.00131251942366, 0.000741359370295, 0.00099503621459, 0.000831288693007, 0.000492319115438, 0.00106156826951, 0.000660361140035, 0.000930662383325, 0.0006601845962, 0.000391071429476, 0.000359978090273, 0.000842497916892, 0.00059044722002, 0.000460163952084, 0.000517658947501, 0.000286137801595, 0.000296218349831, 0.000136511371238, 0.000237930944422, 0.000316629681038, 0.000290891126497, 0.000477265333757, 0.000537536339834, 0.000296786049148, 0.000429000763688, 0.000445260200649, 0.000309049763018, 0.000219271489186, 0.000215655585635, 0.000181447845534, 0.000110966771899, 4.95613494422e-05, 4.71170897072e-05, 5.478672756e-05, 4.99901652802e-05, 7.71858540247e-05, 8.57388440636e-05, 0.000126496423036, 6.83121616021e-05, 3.39276848536e-05, 3.9179387386e-05, 4.81081369799e-05, 3.31873925461e-05, 3.07823538606e-05, 2.81175489363e-05, 2.47324860538e-05, 2.17975994019e-05, 3.37731689797e-05, 3.45925036527e-05, 3.14367498504e-05, 2.99902003462e-05, 6.24486419838e-05, 2.12674549402e-05, 1.43374327308e-05, 9.49675904849e-06, 1.29854443003e-05, 7.23585117157e-06, 5.17653506904e-06, 4.40406211055e-06, 3.68248606719e-06, 3.81135737371e-06, 4.48015634902e-06, 8.13585756987e-06, 4.69937049274e-06, 3.05449830194e-05, 2.13672719838e-05, 2.08143364944e-06, 9.95326672637e-07, 9.27331711864e-07, 8.86417126367e-07, 1.96874839276e-06, 5.81146423428e-07, 1.20675935023e-07, 8.89615492383e-08, 4.3743956013e-08, 9.24149645698e-08, 5.28342631867e-08, 3.87689347292e-08, 3.76505262523e-08, 3.6738704523e-08, 3.5967154588e-08, 3.53505846817e-08, 3.48667228423e-08, 3.4507870339e-08, 3.42870229986e-08],
        "mean": [0.000116123526823, 0.000344813714037, 0.000421621662099, 0.000579389394261, 0.000563303299714, 0.000537292973604, 0.000411722139688, 0.000471243431093, 0.000444474280812, 0.000358885416063, 0.00036418493255, 0.000387264299206, 0.000417594303144, 0.000652445072774, 0.000855507154483, 0.00127902824897, 0.00160907977261, 0.000809388235211, 0.00067590479739, 0.000862440152559, 0.00127702206373, 0.000601070001721, 0.000517939333804, 0.000578635314014, 0.000714124005754, 0.00103547412436, 0.000634074152913, 0.000566474394873, 0.000516178552061, 0.000254043581663, 0.000157723712618, 0.000135471535032, 0.000141867451021, 0.000252310419455, 0.000150199470227, 9.92845525616e-05, 9.45702850004e-05, 0.000111133034807, 7.1250135079e-05, 6.79841978126e-05, 0.000109620821604, 5.44094727957e-05, 4.58396898466e-05, 6.21591025265e-05, 5.61511478736e-05, 4.69142978545e-05, 2.63198744506e-05, 2.78326915577e-05, 2.81780958176e-05, 2.55675568042e-05, 3.10852701659e-05, 2.79186297121e-05, 1.81548257387e-05, 2.10588204936e-05, 2.03940417123e-05, 2.18889508687e-05, 1.9907094611e-05, 1.34320971483e-05, 1.19085625556e-05, 1.62472133525e-05, 1.0374456906e-05, 9.59197586781e-06, 1.63264503499e-05, 2.14883402805e-05, 2.46876425081e-05, 1.74568740476e-05, 9.77428680926e-06, 1.13859996418e-05, 1.27663824969e-05, 1.1987974176e-05, 1.1829183677e-05, 1.26168251882e-05, 8.07920332591e-06, 4.5850360948e-06, 3.34379433298e-06, 2.79705841422e-06, 2.63244396592e-06, 2.35047036767e-06, 2.4963510441e-06, 2.44749185185e-06, 2.45955720857e-06, 2.08199821827e-06, 1.47327057221e-06, 1.41408497711e-06, 1.58879663559e-06, 1.35443758609e-06, 1.39573410252e-06, 1.28725935156e-06, 1.20787240121e-06, 1.00337649656e-06, 1.05080596313e-06, 1.11531699076e-06, 8.35766968521e-07, 8.08763275018e-07, 1.15780119359e-06, 7.91747993389e-07, 7.28494626401e-07, 6.02178829467e-07, 6.11942368778e-07, 4.67282035288e-07, 4.2287106794e-07, 3.41806156712e-07, 3.02639790561e-07, 2.79767732536e-07, 2.57880202525e-07, 2.62598234713e-07, 2.11957242868e-07, 2.39678058733e-07, 1.95688883764e-07, 9.90930786315e-08, 7.04843543531e-08, 6.59591634644e-08, 6.64120491933e-08, 5.03567889609e-08, 3.29041505154e-08, 6.41669295476e-09, 8.35279900802e-10, 1.52005935616e-10, 1.94977090029e-10, 1.34750308134e-10, 8.13571848779e-11, 1.01041675027e-10, 5.87711754263e-11, 3.46749851055e-11, 3.28280840012e-11, 3.12653722356e-11, 3.05307897019e-11, 3.02831960897e-11],
        "min": [5.70923091797e-25, 7.90271289912e-25, 1.97179569792e-24, 1.60123597909e-24, 3.39202971168e-24, 1.64900308462e-24, 1.39709899138e-24, 9.5603118066e-25, 2.01525069253e-24, 1.77015437029e-24, 4.86270921095e-25, 2.37071003592e-24, 1.49669800547e-24, 1.10760390106e-24, 1.7797636822e-24, 1.972022101e-25, 1.61798625712e-24, 1.70653411879e-24, 7.11872616822e-25, 1.86771772882e-24, 8.8481390282e-25, 3.0259262681e-24, 1.60714247651e-24, 3.87844765672e-24, 1.07351298122e-24, 2.64599764272e-24, 2.38562897336e-24, 4.37991903999e-24, 4.62367903186e-24, 3.50524308449e-24, 2.50276495702e-24, 2.85976750955e-24, 2.79970285137e-24, 1.03820682116e-24, 2.79056725044e-24, 1.19202414666e-24, 3.58390356079e-24, 4.65607005506e-24, 4.21629232774e-24, 7.09954146543e-24, 1.01361072978e-24, 2.75472062205e-24, 1.80572864446e-24, 3.0973024028e-24, 2.89110244522e-24, 1.80947316996e-24, 1.32812681168e-24, 2.06600698925e-24, 3.06292483063e-24, 4.7882342334e-24, 4.46277665074e-24, 4.3170357818e-24, 2.23743001383e-24, 3.45645637624e-24, 2.12097757814e-24, 2.75241773985e-24, 1.89091319767e-24, 4.49600504979e-24, 5.37078474051e-24, 5.85575788681e-24, 4.04983794358e-24, 2.9475779835e-24, 2.20936865371e-24, 5.49569968156e-24, 2.45018008073e-24, 3.64677340836e-24, 3.49706969665e-24, 5.68114707531e-24, 6.84389610074e-24, 3.45488575418e-24, 3.95100195519e-24, 5.83960674863e-24, 3.4049058938e-24, 5.43084348223e-24, 6.74604658292e-24, 3.32948369152e-24, 7.05288507605e-24, 4.97596853491e-24, 6.13743566137e-24, 5.12304376208e-24, 4.71195296158e-24, 4.70890835292e-24, 5.6435996628e-24, 6.48775813976e-24, 5.32900666697e-24, 4.19767442152e-24, 7.58589156844e-24, 3.57614195835e-24, 6.16500871659e-24, 4.33469127772e-24, 3.71122334431e-24, 6.2254532113e-24, 6.51266247854e-24, 8.70277740413e-24, 6.46372628114e-24, 4.61496882417e-24, 4.34834961543e-24, 5.19010522207e-24, 6.2263430464e-24, 5.86650966651e-24, 6.38398072666e-24, 7.79318528167e-24, 5.89714429091e-24, 5.42626020038e-24, 4.23831653536e-24, 6.05669062013e-24, 5.35324086841e-24, 5.02836980383e-24, 5.2879847166e-24, 5.67605261158e-24, 8.60755952629e-24, 6.93521463913e-24, 6.18274230974e-24, 6.74728193909e-24, 7.76619519466e-24, 8.1204442282e-24, 8.21597843927e-24, 6.81469325889e-24, 6.2082240947e-24, 8.66631625309e-24, 7.83289811736e-24, 6.23299314383e-24, 9.09311761295e-24, 9.33540282935e-24, 6.1458251971e-24, 7.17380325333e-24, 8.25723113145e-24, 8.94773528128e-24],
        "stdev": [0.000217245164094, 0.000641744874883, 0.000574758800212, 0.000892972864676, 0.000818098720629, 0.000694268499501, 0.000491301645525, 0.000773362640757, 0.000573799945414, 0.000422346784035, 0.000472189218272, 0.000604037602898, 0.000695222464856, 0.00108913879376, 0.0014822332887, 0.00217991322279, 0.00267381733283, 0.00134411267936, 0.00127758947201, 0.00124518119264, 0.00210707774386, 0.0010524141835, 0.000849962059874, 0.00101381726563, 0.0011250381358, 0.00185122643597, 0.00118507794105, 0.000892914657015, 0.000902628526092, 0.000598170445301, 0.000307369045913, 0.000227498137974, 0.000229543875321, 0.000332016672473, 0.000232335674809, 0.000156002352014, 0.000137502313009, 0.000180774848559, 0.00010994758486, 0.000126849103253, 0.00020709115779, 9.87914900179e-05, 7.74265208747e-05, 0.000102988597064, 8.82215827005e-05, 8.97479476407e-05, 5.16546315339e-05, 4.60350238427e-05, 5.92978940404e-05, 5.35862200195e-05, 5.67950373807e-05, 4.61119088868e-05, 3.34772121278e-05, 3.67206375813e-05, 3.94279923057e-05, 4.10173997807e-05, 3.52800379915e-05, 2.8032633054e-05, 1.69767408806e-05, 2.2313248337e-05, 1.38296009027e-05, 1.87819241546e-05, 2.8029358873e-05, 3.41650338669e-05, 5.09185010742e-05, 4.50809529866e-05, 2.0354100343e-05, 2.61406221398e-05, 2.95040172205e-05, 2.59999869741e-05, 2.20292931772e-05, 2.23635106522e-05, 1.34867113957e-05, 9.22684193938e-06, 5.3317835409e-06, 4.38518873125e-06, 5.232631338e-06, 4.38599954578e-06, 5.45818875253e-06, 6.9577904469e-06, 6.72404712532e-06, 4.59874081571e-06, 2.86012209472e-06, 2.96627945318e-06, 3.31972387357e-06, 2.69532097263e-06, 2.42882424573e-06, 2.21257982957e-06, 1.88025205716e-06, 1.7613615455e-06, 1.74881654402e-06, 2.03354284167e-06, 1.54709948674e-06, 1.90915079656e-06, 3.61129787052e-06, 1.31323361074e-06, 1.04043874671e-06, 7.81829555763e-07, 8.91432989647e-07, 6.28331179087e-07, 5.51224616174e-07, 4.31681598911e-07, 4.01443742248e-07, 3.97854336143e-07, 3.73584555291e-07, 4.6131034992e-07, 3.59553553153e-07, 1.15967122838e-06, 7.82498943863e-07, 1.5519233898e-07, 9.07680686169e-08, 9.62731334653e-08, 9.51747338718e-08, 8.66643574682e-08, 5.37737854245e-08, 1.12389244578e-08, 3.46697515141e-09, 2.06602712716e-09, 3.33726868362e-09, 2.20803642037e-09, 1.36014399743e-09, 1.67667957296e-09, 1.11536224701e-09, 1.00097052869e-09, 9.83458203763e-10, 9.69923918959e-10, 9.59947454859e-10, 9.53805145976e-10]
    },
    "mfcc": {
        "mean": [-615.508789062, 129.07182312, -10.0055980682, 6.17814540863, -16.1036319733, -14.0523529053, -0.609097003937, 0.802145838737, -4.3792181015, 6.42843723297, -1.78599870205, 1.41396164894, 0.477859795094],
        "cov": [[6017.42382812, 655.049133301, 51.9199867249, 49.2077140808, -59.9683074951, -42.3662872314, -44.9574203491, 24.7231960297, -52.3054161072, 45.549747467, -9.34622097015, -38.5171394348, 30.3128128052], [655.049133301, 692.917907715, 39.0842971802, 64.6967391968, -25.8605594635, -90.8437728882, 97.2889633179, 18.6250686646, -23.9784488678, 23.9219112396, -11.6824197769, -11.1281356812, 16.1081981659], [51.9199867249, 39.0842971802, 442.29776001, 146.185638428, 89.5663299561, -32.86485672, -64.3828811646, -13.3836860657, -51.3979606628, -70.8987426758, -12.4632225037, 10.1205997467, 23.6731796265], [49.2077140808, 64.6967391968, 146.185638428, 310.252471924, 100.672447205, -11.4216756821, -6.76848363876, -6.21008825302, -32.1532745361, -36.2184371948, -56.2179145813, 29.3348503113, 27.4625854492], [-59.9683074951, -25.8605594635, 89.5663299561, 100.672447205, 209.324707031, 36.1836395264, -32.4465103149, 28.3283252716, 53.3473968506, -32.9547309875, -30.5833415985, -8.93729400635, -0.157842084765], [-42.3662872314, -90.8437728882, -32.86485672, -11.4216756821, 36.1836395264, 277.824920654, 62.0845451355, 39.4028816223, 73.0735702515, -2.59429383278, 36.2094078064, -19.8748893738, -47.0883750916], [-44.9574203491, 97.2889633179, -64.3828811646, -6.76848363876, -32.4465103149, 62.0845451355, 161.165847778, 42.6735572815, 9.98566532135, 34.4588317871, 19.5953903198, -14.5176239014, -7.81924676895], [24.7231960297, 18.6250686646, -13.3836860657, -6.21008825302, 28.3283252716, 39.4028816223, 42.6735572815, 90.9258575439, 56.7338485718, 2.47590351105, 3.75780534744, -16.6860237122, -2.77265238762], [-52.3054161072, -23.9784488678, -51.3979606628, -32.1532745361, 53.3473968506, 73.0735702515, 9.98566532135, 56.7338485718, 133.46647644, 14.6617994308, 3.91308999062, -21.5330047607, -25.291343689], [45.549747467, 23.9219112396, -70.8987426758, -36.2184371948, -32.9547309875, -2.59429383278, 34.4588317871, 2.47590351105, 14.6617994308, 72.8133163452, 23.0737094879, -11.700129509, -3.63893008232], [-9.34622097015, -11.6824197769, -12.4632225037, -56.2179145813, -30.5833415985, 36.2094078064, 19.5953903198, 3.75780534744, 3.91308999062, 23.0737094879, 63.6806793213, 5.44733428955, -12.6524276733], [-38.5171394348, -11.1281356812, 10.1205997467, 29.3348503113, -8.93729400635, -19.8748893738, -14.5176239014, -16.6860237122, -21.5330047607, -11.700129509, 5.44733428955, 62.8643836975, 28.1632118225], [30.3128128052, 16.1081981659, 23.6731796265, 27.4625854492, -0.157842084765, -47.0883750916, -7.81924676895, -2.77265238762, -25.291343689, -3.63893008232, -12.6524276733, 28.1632118225, 68.5478134155]],
        "icov": [[0.000200319933356, -0.000236859137658, 1.48649614857e-05, -2.04108346225e-05, 7.99628905952e-05, -0.000177472655196, 0.000388014217606, -0.000231206620811, 0.000197306086193, -0.00022412398539, 4.02082914661e-05, 0.000141550262924, -0.00010653615027], [-0.000236859137658, 0.00212080380879, -0.000293578777928, -0.000394113070797, 0.000122086581541, 0.00118871033192, -0.00195978325792, 0.000330012349878, -0.000558233936317, 0.000183496551472, -0.000112975903903, 0.00027948137722, 0.00014040224778], [1.48649614857e-05, -0.000293578777928, 0.00370163656771, -0.00157285667956, -0.000878013670444, 0.000282632623566, 0.0011498372769, -0.000167642603628, 0.00104680564255, 0.0030526262708, -0.00320773525164, 0.00199239491485, -0.00113168696407], [-2.04108346225e-05, -0.000394113070797, -0.00157285667956, 0.00612617051229, -0.00240034423769, -0.000957283307798, -0.000938400102314, -0.000293449731544, 0.00199006823823, -0.00187535071746, 0.0058002891019, -0.00416600098833, 0.000825367402285], [7.99628905952e-05, 0.000122086581541, -0.000878013670444, -0.00240034423769, 0.00817592721432, -0.000606721965596, 0.00150163599756, -0.000848728755955, -0.00362490629777, 0.00152971060015, 0.000946340092923, 0.00177542865276, -0.000871166936122], [-0.000177472655196, 0.00118871033192, 0.000282632623566, -0.000957283307798, -0.000606721965596, 0.00647484324872, -0.00339833064936, 0.00106811069418, -0.00318225496449, 0.00329537829384, -0.00426972843707, 0.000956673815381, 0.00200672005303], [0.000388014217606, -0.00195978325792, 0.0011498372769, -0.000938400102314, 0.00150163599756, -0.00339833064936, 0.0119693567976, -0.00612407084554, 0.00356734497473, -0.00428568152711, -0.000400862336392, 0.00104098254815, -0.000358548131771], [-0.000231206620811, 0.000330012349878, -0.000167642603628, -0.000293449731544, -0.000848728755955, 0.00106811069418, -0.00612407084554, 0.0198411811143, -0.008969030343, 0.00479865027592, -0.00295519852079, 0.00413703452796, -0.00426374841481], [0.000197306086193, -0.000558233936317, 0.00104680564255, 0.00199006823823, -0.00362490629777, -0.00318225496449, 0.00356734497473, -0.008969030343, 0.0160149876028, -0.00537636689842, 0.00319762038998, -0.00155205477495, 0.00358624150977], [-0.00022412398539, 0.000183496551472, 0.0030526262708, -0.00187535071746, 0.00152971060015, 0.00329537829384, -0.00428568152711, 0.00479865027592, -0.00537636689842, 0.0240302924067, -0.0109346909449, 0.00716825108975, -0.00394583074376], [4.02082914661e-05, -0.000112975903903, -0.00320773525164, 0.0058002891019, 0.000946340092923, -0.00426972843707, -0.000400862336392, -0.00295519852079, 0.00319762038998, -0.0109346909449, 0.0292042065412, -0.0104222074151, 0.00596842542291], [0.000141550262924, 0.00027948137722, 0.00199239491485, -0.00416600098833, 0.00177542865276, 0.000956673815381, 0.00104098254815, 0.00413703452796, -0.00155205477495, 0.00716825108975, -0.0104222074151, 0.0262362733483, -0.0110950861126], [-0.00010653615027, 0.00014040224778, -0.00113168696407, 0.000825367402285, -0.000871166936122, 0.00200672005303, -0.000358548131771, -0.00426374841481, 0.00358624150977, -0.00394583074376, 0.00596842542291, -0.0110950861126, 0.0225995909423]]
    },
    "spectral_contrast_coeffs": {
        "max": [-0.443240553141, -0.492872565985, -0.507242679596, -0.61028021574, -0.639532744884, -0.649020493031],
        "mean": [-0.719896256924, -0.73059284687, -0.730087995529, -0.783983409405, -0.782979249954, -0.785758018494],
        "min": [-0.979974806309, -0.975152373314, -0.971475720406, -0.966779828072, -0.966291904449, -0.96296697855],
        "stdev": [0.0665559321642, 0.0701481178403, 0.0678174570203, 0.0457285866141, 0.0458934083581, 0.0395688265562]
    },
    "spectral_contrast_valleys": {
        "max": [-5.41358470917, -4.48185348511, -5.31065654755, -5.82532310486, -5.90927743912, -8.51048088074],
        "mean": [-6.92622280121, -6.00038862228, -6.81800556183, -7.47337722778, -7.43371629715, -10.1296615601],
        "min": [-27.8393630981, -27.4934253693, -27.515586853, -27.4896678925, -27.3932342529, -27.3225784302],
        "stdev": [2.0171892643, 2.06002998352, 1.98086977005, 1.9360601902, 1.89466011524, 1.70313966274]
    }
},
"rhythm": {
    "beats_count": 54,
    "beats_loudness": {
        "max": 0.058325368911,
        "mean": 0.0334006696939,
        "min": 0.00294507364742,
        "stdev": 0.0101017467678
    },
    "bpm": 105.332893372,
    "bpm_histogram_first_peak_bpm": 105,
    "bpm_histogram_first_peak_weight": 0.648648619652,
    "bpm_histogram_second_peak_bpm": 140,
    "bpm_histogram_second_peak_spread": 0.199999988079,
    "bpm_histogram_second_peak_weight": 0.150943398476,
    "danceability": 1.07742094994,
    "onset_rate": 2.33603143692,
    "beats_loudness_band_ratio": {
        "max": [0.447002828121, 0.75504130125, 0.785295069218, 0.539047062397, 0.258635371923, 0.18252183497],
        "mean": [0.122856467962, 0.169556438923, 0.48810723424, 0.18966819346, 0.0582388006151, 0.0415111295879],
        "min": [0.00127153319772, 0.00626199319959, 0.0837214142084, 0.0132174035534, 0.00706757511944, 0.00433053867891],
        "stdev": [0.112929403782, 0.150831505656, 0.185926884413, 0.135729879141, 0.0502182543278, 0.0315656848252]
    },
    "beats_position": [0.603718817234, 1.19582760334, 1.79954648018, 2.39165520668, 3.00698399544, 3.61070299149, 4.20281171799, 4.78331041336, 5.36380958557, 5.93269824982, 6.5015873909, 7.05886602402, 7.61614513397, 8.18503379822, 8.75392246246, 9.33442115784, 9.90331077576, 10.4838094711, 11.0526981354, 11.6331968307, 12.1904764175, 12.7593650818, 13.3166437149, 13.8855323792, 14.4428119659, 15.0233106613, 15.5805892944, 16.1378688812, 16.6951465607, 17.2640361786, 17.8213157654, 18.390203476, 18.9474830627, 19.5047607422, 20.062040329, 20.642539978, 21.2114276886, 21.7803173065, 22.3608150482, 22.9297046661, 23.5102043152, 23.9978218079, 24.4738311768, 24.9498405457, 25.37940979, 25.8089790344, 26.2385482788, 26.6681175232, 27.0976867676, 27.527256012, 27.9568252563, 28.3980045319, 28.8391838074, 29.2687530518],
