{
"metadata": {
    "version": {
        "essentia": "2.1-beta5",
        "essentia_git_sha": "Undefined",
        "extractor": "music 2.0"
    },
    "audio_properties": {
        "analysis": {
            "equal_loudness": 0,
            "length": 12.7477550507,
            "sample_rate": 44100,
            "start_time": 0,
            "downmix": "mix"
        },
        "bit_rate": 192000,
        "length": 207.27293396,
        "lossless": 0,
        "number_channels": 2,
        "replay_gain": 10.0596561432,
        "sample_rate": 48000,
        "codec": "mp3",
        "md5_encoded": "0549c794c041b72b5d70a75a79a89858"
    },
    "tags": {
        "file_name": "Greece_Pia Prosefhi_Elina Constantopoulou.mp3",
        "encoding": ["Lavf58.29.100"]
    }
},
"lowlevel": {
    "average_loudness": 0.000108830747195,
    "barkbands_crest": {
        "max": 22.3911476135,
        "mean": 6.77233314514,
        "min": 3.40319800377,
        "stdev": 1.67540073395
    },
    "barkbands_flatness_db": {
        "max": 0.237873464823,
        "mean": 0.0801494568586,
        "min": 0.0387504883111,
        "stdev": 0.0235365629196
    },
    "barkbands_kurtosis": {
        "max": 8.99107551575,
        "mean": 3.01716637611,
        "min": -1.28733778,
        "stdev": 1.17382204533
    },
    "barkbands_skewness": {
        "max": 3.09233808517,
        "mean": -1.62872588634,
        "min": -2.31381177902,
        "stdev": 0.715655326843
    },
    "barkbands_spread": {
        "max": 49.646774292,
        "mean": 25.9320602417,
        "min": 5.35082817078,
        "stdev": 4.46412849426
    },
    "dissonance": {
        "max": 0.499854505062,
        "mean": 0.491641581059,
        "min": 0.410737335682,
        "stdev": 0.00876655336469
    },
    "dynamic_complexity": 20.2538070679,
    "erbbands_crest": {
        "max": 15.9021463394,
        "mean": 3.93719863892,
        "min": 2.47832322121,
        "stdev": 1.73364341259
    },
    "erbbands_flatness_db": {
        "max": 0.276829332113,
        "mean": 0.109804905951,
        "min": 0.0816198140383,
        "stdev": 0.037022896111
    },
    "erbbands_kurtosis": {
        "max": 8.46415710449,
        "mean": 0.161194428802,
        "min": -1.61263167858,
        "stdev": 0.728832602501
    },
    "erbbands_skewness": {
        "max": 1.69734811783,
        "mean": -0.562741219997,
        "min": -1.03697693348,
        "stdev": 0.309206753969
    },
    "erbbands_spread": {
        "max": 56.4784355164,
        "mean": 35.4975700378,
        "min": 5.57720851898,
        "stdev": 5.75216531754
    },
    "hfc": {
        "max": 1097.5534668,
        "mean": 17.7423858643,
        "min": 1.05919709814e-16,
        "stdev": 102.351333618
    },
    "loudness_ebu128": {
        "integrated": -25.1178436279,
        "loudness_range": 14.1518383026,
        "momentary": {
            "max": -20.6977920532,
            "mean": -273.461486816,
            "min": -300.691009521,
            "stdev": 80.3121948242
        },
        "short_term": {
            "max": -28.4702205658,
            "mean": -267.405029297,
            "min": -300.691009521,
            "stdev": 86.0791320801
        }
    },
    "melbands_crest": {
        "max": 26.5666904449,
        "mean": 3.18778014183,
        "min": 1.41410195827,
        "stdev": 3.26116967201
    },
    "melbands_flatness_db": {
        "max": 0.261419147253,
        "mean": 0.0184421166778,
        "min": 0.00217495067045,
        "stdev": 0.040700532496
    },
    "melbands_kurtosis": {
        "max": 30.5648231506,
        "mean": -0.763419151306,
        "min": -1.45416224003,
        "stdev": 2.19780015945
    },
    "melbands_skewness": {
        "max": 5.09609889984,
        "mean": 0.108030200005,
        "min": -1.40161299706,
        "stdev": 0.527998805046
    },
    "melbands_spread": {
        "max": 167.155197144,
        "mean": 123.040710449,
        "min": 8.03582382202,
        "stdev": 30.8823947906
    },
    "pitch_salience": {
        "max": 0.960768818855,
        "mean": 0.7791441679,
        "min": 0.238088428974,
        "stdev": 0.0594528131187
    },
    "silence_rate_20dB": {
        "max": 1,
        "mean": 0.980000019073,
        "min": 0,
        "stdev": 0.140000000596
    },
    "silence_rate_30dB": {
        "max": 1,
        "mean": 0.969090938568,
        "min": 0,
        "stdev": 0.173071458936
    },
    "silence_rate_60dB": {
        "max": 1,
        "mean": 0.920000016689,
        "min": 0,
        "stdev": 0.271293282509
    },
    "spectral_centroid": {
        "max": 11932.7949219,
        "mean": 10152.3613281,
        "min": 817.799072266,
        "stdev": 2685.83154297
    },
    "spectral_complexity": {
        "max": 60,
        "mean": 3.24181818962,
        "min": 0,
        "stdev": 11.475730896
    },
    "spectral_decrease": {
        "max": 1.86013680711e-28,
        "mean": -4.12493372792e-09,
        "min": -3.39016736461e-07,
        "stdev": 2.66468127563e-08
    },
    "spectral_energy": {
        "max": 1.37907862663,
        "mean": 0.0171777233481,
        "min": 9.74474418564e-21,
        "stdev": 0.109508737922
    },
    "spectral_energyband_high": {
        "max": 0.0426368527114,
        "mean": 0.000480509130284,
        "min": 6.72662183607e-21,
        "stdev": 0.00304507580586
    },
    "spectral_energyband_low": {
        "max": 0.00702080316842,
        "mean": 6.33550516795e-05,
        "min": 1.31528837654e-23,
        "stdev": 0.000437780283391
    },
    "spectral_energyband_middle_high": {
        "max": 0.711343586445,
        "mean": 0.00747129507363,
        "min": 1.09489238734e-21,
        "stdev": 0.051886767149
    },
    "spectral_energyband_middle_low": {
        "max": 1.09714746475,
        "mean": 0.00929809827358,
        "min": 1.4438860674e-22,
        "stdev": 0.0763429254293
    },
    "spectral_entropy": {
        "max": 9.82998371124,
        "mean": 9.61413764954,
        "min": 7.17536306381,
        "stdev": 0.585770428181
    },
    "spectral_flux": {
        "max": 0.806332588196,
        "mean": 0.0224665198475,
        "min": 6.35310345998e-11,
        "stdev": 0.0991311222315
    },
    "spectral_kurtosis": {
        "max": 13.0282936096,
        "mean": -0.692364871502,
        "min": -1.25723195076,
        "stdev": 1.73513662815
    },
    "spectral_rms": {
        "max": 0.0366802737117,
        "mean": 0.000900616752915,
        "min": 3.08335323419e-12,
        "stdev": 0.00399345066398
    },
    "spectral_rolloff": {
        "max": 19918.2128906,
        "mean": 17245.8984375,
        "min": 409.130859375,
        "stdev": 4694.69482422
    },
    "spectral_skewness": {
        "max": 2.41854667664,
        "mean": 0.135385662317,
        "min": -0.108026869595,
        "stdev": 0.435908645391
    },
    "spectral_spread": {
        "max": 43168724,
        "mean": 37113668,
        "min": 2570330.75,
        "stdev": 10726194
    },
    "spectral_strongpeak": {
        "max": 14.4654626846,
        "mean": 0.267987042665,
        "min": 0,
        "stdev": 1.31448626518
    },
    "zerocrossingrate": {
        "max": 0.61181640625,
        "mean": 0.462538182735,
        "min": 0.02294921875,
        "stdev": 0.120841503143
    },
    "barkbands": {
        "max": [0.00108394876588, 0.000792561215349, 0.00296443235129, 0.0115505252033, 0.0908253639936, 1.06998932362, 0.10055616498, 0.106013402343, 0.119265407324, 0.190959066153, 0.212763994932, 0.228164985776, 0.167998954654, 0.0689887851477, 0.0496726408601, 0.0789240375161, 0.124206990004, 0.0168524775654, 0.013267211616, 0.0172864422202, 0.01666521281, 0.00869703944772, 0.00377249531448, 0.00419253064319, 0.000477959518321, 0.000168971004314, 0.000183005060535],
        "mean": [6.99545489624e-06, 9.80730965239e-06, 3.0172886909e-05, 6.26295150141e-05, 0.000437896931544, 0.00681569194421, 0.000510868791025, 0.000394766451791, 0.000832977006212, 0.00105659337714, 0.00110880180728, 0.0012390955817, 0.00122137495782, 0.000540330423974, 0.000711841508746, 0.000642123981379, 0.000651476264466, 0.000215606181882, 0.000139257041155, 0.000179402777576, 0.000183821510291, 7.52922860556e-05, 5.89718474657e-05, 4.32963315689e-05, 6.43063867756e-06, 1.41874954807e-06, 6.43961527658e-07],
        "min": [3.13217160788e-26, 2.29307586765e-24, 6.27483531232e-25, 1.60618477472e-25, 3.08700678191e-24, 4.1397049779e-24, 5.64397752718e-24, 4.79528388888e-24, 1.00112444215e-23, 1.24258064463e-23, 9.38452598678e-24, 1.95187601343e-23, 2.06673226797e-23, 1.26932231934e-23, 2.37684421832e-23, 4.19847803412e-23, 5.27536404653e-23, 7.86753510644e-23, 1.08970380304e-22, 1.30700279691e-22, 2.10277828884e-22, 2.26786276872e-22, 2.84598042974e-22, 4.850802389e-22, 8.01526653967e-22, 1.19801935307e-21, 1.77432664773e-21],
        "stdev": [6.36895492789e-05, 5.84737281315e-05, 0.000242906156927, 0.000583689950872, 0.00420004781336, 0.0702298358083, 0.00479486072436, 0.00488358782604, 0.00677101360634, 0.00998908467591, 0.0119588132948, 0.0132495965809, 0.0111194979399, 0.00389075255953, 0.00387812312692, 0.00441676657647, 0.00628337217495, 0.00133335986175, 0.000889593095053, 0.00118107907474, 0.00125777011272, 0.000542916008271, 0.000333829666488, 0.000289808172965, 3.49638248736e-05, 1.07750811367e-05, 8.41128439788e-06]
    },
    "erbbands": {
        "max": [0.0296321418136, 0.171673372388, 2.36953997612, 16.442073822, 46.9549064636, 287.765777588, 5284.56103516, 8269.75292969, 3708.01220703, 966.900512695, 2115.74707031, 2659.7746582, 3961.15185547, 9297.18554688, 8826.96191406, 11458.7958984, 8435.87011719, 5735.09765625, 2043.12219238, 4470.2578125, 3608.86303711, 5031.46582031, 2793.27783203, 516.99810791, 870.91583252, 860.411071777, 1097.46875, 318.636383057, 393.983947754, 156.312866211, 95.0847015381, 132.037689209, 35.1326637268, 8.50704574585, 1.92044138908, 0.690356731415, 0.308108240366, 0.112355425954, 0.0260500293225, 0.002891771961],
        "mean": [0.000274451303994, 0.0028081019409, 0.027739720419, 0.123909927905, 0.524823129177, 1.9465880394, 31.2932109833, 49.7171974182, 14.3268623352, 6.43862819672, 11.4459161758, 18.5810127258, 21.8114738464, 47.2945861816, 49.7462234497, 50.0462532043, 53.9241104126, 35.612865448, 28.8848133087, 44.9926261902, 29.4203701019, 33.0398139954, 19.5956172943, 6.45926380157, 8.71296882629, 8.39022922516, 11.2931108475, 3.68819499016, 2.97598600388, 1.88667726517, 1.63695073128, 1.37733757496, 0.443025827408, 0.110975474119, 0.030632795766, 0.00923255179077, 0.0019654778298, 0.000457224407, 0.000111853551061, 2.95643312711e-05],
        "min": [2.02535714458e-23, 3.23716405708e-22, 1.13107305731e-21, 5.05015130103e-21, 3.93724966099e-21, 1.56171554247e-20, 3.53433757787e-20, 6.47923012865e-20, 7.09020188495e-20, 1.30148920697e-19, 2.09003350558e-19, 2.4382001585e-19, 4.89113447166e-19, 5.16106108313e-19, 6.69664072323e-19, 9.33256186355e-19, 1.43850441175e-18, 1.30923221203e-18, 1.60455564645e-18, 1.80516452258e-18, 2.59793959153e-18, 3.39479431526e-18, 5.0760719975e-18, 4.9756965253e-18, 6.56103904086e-18, 6.37249190563e-18, 8.27414042922e-18, 9.00000217008e-18, 8.93852776132e-18, 9.16019727623e-18, 9.05470362399e-18, 8.87521949314e-18, 8.86369604002e-18, 7.32456686451e-18, 5.903160793e-18, 3.59477019143e-18, 2.02591131752e-18, 9.11139237932e-19, 2.30817098512e-19, 2.30895189532e-20],
        "stdev": [0.00187068048399, 0.0160362068564, 0.208446606994, 1.01501643658, 3.45596003532, 15.4548368454, 347.954040527, 513.012451172, 176.119384766, 50.9356460571, 121.385780334, 148.194824219, 199.624450684, 484.118347168, 533.558227539, 564.139770508, 503.423370361, 311.519439697, 151.565505981, 290.931945801, 193.885543823, 287.484283447, 156.017333984, 37.4322395325, 59.9136962891, 54.8780593872, 80.3381652832, 23.6628894806, 22.906879425, 11.640789032, 9.31994438171, 9.14748287201, 2.6832754612, 0.597295641899, 0.172206014395, 0.057926800102, 0.0179143287241, 0.00541524449363, 0.00126836763229, 0.000204375421163]
    },
    "gfcc": {
        "mean": [-1147.5378418, 5.2846326828, -17.7180557251, 1.47003173828, -7.53533220291, 0.767238378525, -4.85524272919, -0.565379798412, -1.9336605072, -0.719056129456, -1.30555593967, -0.795471668243, 0.205200895667],
        "cov": [[137810.1875, 6616.4765625, -20474.2480469, 1705.60949707, -8719.40039062, 816.308654785, -5607.88867188, -728.526794434, -2196.87329102, -914.073547363, -1420.35083008, -915.474975586, 286.573181152], [6616.4765625, 419.356140137, -970.760009766, 92.932800293, -409.608032227, 26.5399608612, -277.438415527, -50.0364303589, -104.98110199, -53.3142433167, -66.5512542725, -58.3113441467, 11.3554821014], [-20474.2480469, -970.760009766, 3090.50952148, -256.186859131, 1312.13635254, -130.887252808, 839.955993652, 102.538833618, 328.493011475, 131.207061768, 221.521072388, 150.283050537, -39.6665725708], [1705.60949707, 92.932800293, -256.186859131, 47.813873291, -112.131713867, 4.04282140732, -83.1499023438, -11.6727333069, -23.8504905701, -11.9160842896, -16.9252490997, -12.7821006775, 7.41733074188], [-8719.40039062, -409.608032227, 1312.13635254, -112.131713867, 585.069030762, -31.1070308685, 369.280487061, 54.021270752, 135.373306274, 50.9734764099, 92.5769119263, 62.8926887512, -28.8139305115], [816.308654785, 26.5399608612, -130.887252808, 4.04282140732, -31.1070308685, 62.1655578613, -11.0724649429, 20.6089324951, -14.6847286224, -4.13376712799, -10.4631700516, -9.98155212402, -14.383348465], [-5607.88867188, -277.438415527, 839.955993652, -83.1499023438, 369.280487061, -11.0724649429, 252.183288574, 41.4938659668, 88.2228927612, 37.5069351196, 61.1023750305, 41.8657493591, -17.1140079498], [-728.526794434, -50.0364303589, 102.538833618, -11.6727333069, 54.021270752, 20.6089324951, 41.4938659668, 22.2053985596, 16.1775970459, 8.71355056763, 8.07443618774, 5.83483934402, -5.82294893265], [-2196.87329102, -104.98110199, 328.493011475, -23.8504905701, 135.373306274, -14.6847286224, 88.2228927612, 16.1775970459, 47.7020645142, 17.0515213013, 26.8017024994, 13.1363954544, 0.440356820822], [-914.073547363, -53.3142433167, 131.207061768, -11.9160842896, 50.9734764099, -4.13376712799, 37.5069351196, 8.71355056763, 17.0515213013, 13.2427177429, 9.98419094086, 8.03729057312, 0.293019652367], [-1420.35083008, -66.5512542725, 221.521072388, -16.9252490997, 92.5769119263, -10.4631700516, 61.1023750305, 8.07443618774, 26.8017024994, 9.98419094086, 22.3164978027, 13.0052423477, -0.699079930782], [-915.474975586, -58.3113441467, 150.283050537, -12.7821006775, 62.8926887512, -9.98155212402, 41.8657493591, 5.83483934402, 13.1363954544, 8.03729057312, 13.0052423477, 21.5056037903, 1.732224226], [286.573181152, 11.3554821014, -39.6665725708, 7.41733074188, -28.8139305115, -14.383348465, -17.1140079498, -5.82294893265, 0.440356820822, 0.293019652367, -0.699079930782, 1.732224226, 12.1823720932]],
        "icov": [[0.00168557011057, -0.00303550623357, 0.00740252481773, 0.00397000601515, 0.00543509144336, -0.00429071253166, 0.00569583568722, -0.000463478674646, -0.00107817153912, 0.0122431945056, -0.00839280337095, -0.0136698372662, 0.00164064508863], [-0.00303550623357, 0.0192169453949, -0.00714488234371, -0.0112845059484, -0.0157697983086, 0.00590598164126, -0.0101718353108, 0.0177044533193, -0.000969877175521, -0.0137263182551, 0.00364170386456, 0.0337510183454, -0.00327811762691], [0.00740252481773, -0.00714488234371, 0.0634030327201, 0.010673539713, -0.0193428769708, -0.0112630659714, -0.00115687667858, 0.050272654742, -0.0383886620402, 0.0208245553076, -0.0381352752447, -0.062570899725, 0.00342312362045], [0.00397000601515, -0.0112845059484, 0.010673539713, 0.077730730176, -7.33402848709e-05, -0.0244605764747, 0.0749143138528, -0.0208037570119, 0.00414380896837, 0.0289876479656, -0.0386154837906, -0.0290644653141, -0.0281299166381], [0.00543509144336, -0.0157697983086, -0.0193428769708, -7.33402848709e-05, 0.127955704927, -0.0102591486648, -0.00844927597791, -0.0561981126666, -6.12238727626e-05, 0.115870498121, -0.0119749903679, -0.0661362409592, 0.0816403329372], [-0.00429071253166, 0.00590598164126, -0.0112630659714, -0.0244605764747, -0.0102591486648, 0.0996195524931, -0.0431853868067, -0.103323161602, 0.0379337966442, -0.0159296691418, 0.0123902391642, 0.0572548620403, 0.0485279485583], [0.00569583568722, -0.0101718353108, -0.00115687667858, 0.0749143138528, -0.00844927597791, -0.0431853868067, 0.170027524233, -0.0701360180974, 0.0476052500308, 0.0331767164171, -0.081624776125, -0.0284862816334, -0.0426745153964], [-0.000463478674646, 0.0177044533193, 0.050272654742, -0.0208037570119, -0.0561981126666, -0.103323161602, -0.0701360180974, 0.36351698637, -0.183174982667, -0.101863540709, 0.0593516230583, -0.0680964589119, 0.0132323484868], [-0.00107817153912, -0.000969877175521, -0.0383886620402, 0.00414380896837, -6.12238727626e-05, 0.0379337966442, 0.0476052500308, -0.183174982667, 0.25313937664, -0.0139714321122, -0.104049518704, 0.119309075177, -0.109037220478], [0.0122431945056, -0.0137263182551, 0.0208245553076, 0.0289876479656, 0.115870498121, -0.0159296691418, 0.0331767164171, -0.101863540709, -0.0139714321122, 0.334184676409, -0.0537257753313, -0.114121414721, 0.0337277166545], [-0.00839280337095, 0.00364170386456, -0.0381352752447, -0.0386154837906, -0.0119749903679, 0.0123902391642, -0.081624776125, 0.0593516230583, -0.104049518704, -0.0537257753313, 0.283077061176, -0.00912680756301, 0.0159766115248], [-0.0136698372662, 0.0337510183454, -0.062570899725, -0.0290644653141, -0.0661362409592, 0.0572548620403, -0.0284862816334, -0.0680964589119, 0.119309075177, -0.114121414721, -0.00912680756301, 0.252971023321, -0.0953910574317], [0.00164064508863, -0.00327811762691, 0.00342312362045, -0.0281299166381, 0.0816403329372, 0.0485279485583, -0.0426745153964, 0.0132323484868, -0.109037220478, 0.0337277166545, 0.0159766115248, -0.0953910574317, 0.289198577404]]
    },
    "melbands": {
        "max": [0.00024216210295, 0.000885343179107, 0.00404436886311, 0.00892226956785, 0.142640531063, 0.19059894979, 0.0512318052351, 0.0144292134792, 0.0186993833631, 0.0202696565539, 0.0192911960185, 0.0383505001664, 0.0316438190639, 0.026014611125, 0.0169434025884, 0.0175366494805, 0.0091753359884, 0.00371088786051, 0.00430364301428, 0.00654544588178, 0.00319218006916, 0.00375014124438, 0.00806015264243, 0.000514361716341, 0.000418093986809, 0.000435074733105, 0.000607977737673, 0.000589480972849, 0.000788995646872, 0.000373734685127, 0.00012504926417, 0.000214618296013, 0.000165890902281, 8.13219958218e-05, 5.85557463637e-05, 9.31526737986e-05, 7.43967539165e-05, 3.30228867824e-05, 1.44300420288e-05, 4.50960396847e-06],
        "mean": [2.84269344775e-06, 1.11030603875e-05, 3.26123299601e-05, 6.41258448013e-05, 0.000888661888894, 0.00117847835645, 0.000191113635083, 6.91482709954e-05, 0.000101197045296, 0.000120237426017, 0.000105976134364, 0.000185723722097, 0.000161347299581, 0.000145486847032, 0.000116173068818, 0.000118864059914, 5.7478351664e-05, 4.26282749686e-05, 5.83969522268e-05, 5.66231137782e-05, 2.83485969703e-05, 3.07128721033e-05, 3.56365744665e-05, 8.44866463012e-06, 4.54379051007e-06, 5.24163351656e-06, 6.3970537667e-06, 5.42845964446e-06, 7.78510820965e-06, 4.31971830039e-06, 1.4889318436e-06, 1.69567601915e-06, 1.35021969072e-06, 9.62178546615e-07, 8.60808768266e-07, 1.10194832814e-06, 7.24238475414e-07, 3.4542637195e-07, 1.44247394473e-07, 7.21448074614e-08],
        "min": [4.39301058115e-25, 6.33525515513e-25, 1.19287552479e-24, 5.67273821249e-25, 1.31478273643e-24, 1.35791183287e-24, 1.18513936311e-24, 1.29131185652e-24, 1.9430245602e-24, 1.47365912552e-24, 2.1372995047e-24, 1.63100078573e-24, 1.69439552162e-24, 2.11384627556e-24, 2.29099288043e-24, 2.14936394895e-24, 1.47812644483e-24, 2.52332681373e-24, 1.189886235e-24, 2.92804065989e-24, 2.70168333402e-24, 3.02345713346e-24, 3.62004167329e-24, 3.24259342382e-24, 3.41868177179e-24, 4.12315191509e-24, 3.45427241482e-24, 4.06358384485e-24, 4.62411093321e-24, 4.36033872347e-24, 4.19004455884e-24, 4.58842444358e-24, 4.84684186549e-24, 5.2938637025e-24, 4.57110066367e-24, 5.07368828512e-24, 5.11946627788e-24, 5.03317238903e-24, 5.33601885155e-24, 4.71864250206e-24],
        "stdev": [1.7447711798e-05, 7.89218320278e-05, 0.000236582229263, 0.000467974954518, 0.00984472222626, 0.012075509876, 0.00244212429971, 0.000676954106893, 0.00103922595736, 0.00102803541813, 0.000976838869974, 0.00193668773863, 0.00173046474811, 0.00161728856619, 0.00107014097739, 0.00114655680954, 0.000486957724206, 0.000242621987127, 0.000336123892339, 0.000406304199714, 0.000177436479134, 0.000248937372817, 0.000380159646738, 5.11570397066e-05, 2.79733831121e-05, 3.31016781274e-05, 4.3088417442e-05, 3.69116569345e-05, 5.6452005083e-05, 3.00202227663e-05, 9.08817673917e-06, 1.28292640511e-05, 1.01335963336e-05, 5.73255556446e-06, 5.09299570695e-06, 6.65725156068e-06, 5.04277431901e-06, 2.19017420022e-06, 8.56977635522e-07, 3.77817030994e-07]
    },
    "melbands128": {
        "max": [0.000330216425937, 0.000242711175815, 0.000335434800945, 0.000241998175625, 0.00113809679169, 0.00178225548007, 0.00370041234419, 0.0073598222807, 0.00657847430557, 0.00524944951758, 0.0133768487722, 0.0374417677522, 0.162578731775, 0.48190921545, 0.248059779406, 0.178510606289, 0.11435225606, 0.00703744869679, 0.0076498426497, 0.00858251936734, 0.0199866387993, 0.0308991447091, 0.0272765420377, 0.0288938805461, 0.0137375248596, 0.0436801873147, 0.0204923246056, 0.0243934411556, 0.0104419915006, 0.0503579005599, 0.0533036254346, 0.033307839185, 0.0524004139006, 0.0283327959478, 0.0370418764651, 0.036100205034, 0.048402890563, 0.0141993165016, 0.0289028529078, 0.0271812807769, 0.0298677701503, 0.0291001945734, 0.00764745054767, 0.00364454369992, 0.00347284832969, 0.00612791627645, 0.002413849812, 0.00570911122486, 0.00540532078594, 0.0138993347064, 0.00631592329592, 0.0111516593024, 0.00217194017023, 0.00280560250394, 0.00160365062766, 0.00522494921461, 0.00516298925504, 0.022359713912, 0.00178485445213, 0.00155042763799, 0.000549502146896, 0.000435415218817, 0.000726430909708, 0.000212769213249, 0.000408591033192, 0.000344906788087, 0.000959482451435, 0.00137636414729, 0.000480041257106, 0.000355651020072, 0.000574124511331, 0.000823438342195, 0.000901875609998, 0.000763779040426, 0.000918319215998, 0.000472856248962, 0.000339357997291, 0.000112092828203, 0.000130474232719, 0.000143629556987, 0.000137001727126, 0.000310407951474, 0.000340111291735, 0.000126715211081, 7.93009894551e-05, 6.55456387904e-05, 0.000123887308291, 5.475755097e-05, 5.95404017076e-05, 8.16064930405e-05, 4.7963068937e-05, 0.000130636035465, 0.00011668640218, 7.80460832175e-05, 6.10771239735e-05, 5.24170827703e-05, 2.80639633274e-05, 2.03205818252e-05, 1.44395307871e-05, 1.2932880054e-05, 6.72259056955e-06, 2.90388220492e-06, 4.84887095809e-06, 3.6129615637e-06, 1.78542245521e-06, 1.91643334801e-06, 1.60597903687e-06, 1.56342196078e-06, 1.26994018501e-06, 1.19023343359e-06, 1.03760476122e-06, 9.93392859527e-07, 9.7453255421e-07, 9.52922960096e-07, 9.26823020109e-07, 9.00658903902e-07, 8.74322665823e-07, 8.50566777899e-07, 8.28869303859e-07, 8.10130472928e-07, 7.91682737145e-07, 7.75888963744e-07, 7.60419823109e-07, 7.48032903175e-07, 7.37290804409e-07, 7.29202952243e-07, 7.22914080598e-07, 7.19077945632e-07],
        "mean": [2.71627436632e-06, 2.18177410716e-06, 2.81687403003e-06, 4.22027233071e-06, 1.08834838102e-05, 1.5719786461e-05, 1.95963129954e-05, 3.74749106413e-05, 5.28387063241e-05, 5.49011892872e-05, 7.04887352185e-05, 0.000126515253214, 0.000759739719797, 0.00245834584348, 0.00118537340313, 0.000639887875877, 0.000330992217641, 5.65638620174e-05, 7.99503322924e-05, 6.31699076621e-05, 6.30891299807e-05, 8.88704744284e-05, 0.000101134966826, 0.000124112484627, 0.00010528635903, 0.000145326164784, 0.000104677150375, 0.000108429179818, 6.91973764333e-05, 0.000202453345992, 0.000229593657423, 0.0001503337553, 0.000158884737175, 0.000163360848092, 0.000161598087288, 0.000133213441586, 0.000139104216942, 9.66559673543e-05, 0.000122399753309, 0.000120809025248, 0.000130691332743, 9.89883046714e-05, 5.27166957909e-05, 3.71658643417e-05, 4.41292795585e-05, 4.36977898062e-05, 3.94258931919e-05, 5.75822377868e-05, 6.32949668216e-05, 7.15089481673e-05, 5.32751146238e-05, 5.12734659424e-05, 2.63412712229e-05, 2.41620473389e-05, 1.84885502676e-05, 2.56565144809e-05, 3.64117695426e-05, 7.0651556598e-05, 1.62327960425e-05, 1.36446160468e-05, 7.33170327294e-06, 5.37869573236e-06, 5.95969504502e-06, 3.54142002834e-06, 3.8530929487e-06, 3.63509047929e-06, 7.37376831239e-06, 8.68689039635e-06, 5.57047997063e-06, 4.16419879912e-06, 5.11419284521e-06, 5.8246196204e-06, 7.66093489801e-06, 7.90270587459e-06, 8.93420292414e-06, 4.61751051262e-06, 2.54527708421e-06, 1.47637001646e-06, 1.37737288242e-06, 1.41412056109e-06, 1.45929823248e-06, 1.95228153643e-06, 1.95457892005e-06, 1.18034904517e-06, 9.91038405118e-07, 9.52717186919e-07, 1.02919830169e-06, 8.36835624796e-07, 7.51015534206e-07, 1.00468560049e-06, 9.51683318817e-07, 1.30675016408e-06, 1.02079638964e-06, 7.31249201635e-07, 5.2847377674e-07, 4.10310434518e-07, 3.28099730496e-07, 2.19947011715e-07, 1.36066319101e-07, 1.10578362467e-07, 9.31016259642e-08, 5.985503293e-08, 5.84640176271e-08, 4.42093721631e-08, 2.98938971355e-08, 2.29183196865e-08, 1.94100557849e-08, 1.75771184274e-08, 1.69492349045e-08, 1.24014540859e-08, 9.61818802381e-09, 7.14202119667e-09, 4.74484052049e-09, 4.02066113736e-09, 3.51860096615e-09, 3.38506733755e-09, 3.32599858766e-09, 3.24712634558e-09, 3.50916717906e-09, 3.29143157174e-09, 3.15467185708e-09, 2.68643640666e-09, 2.53001064543e-09, 2.23979612635e-09, 2.08191508477e-09, 2.04612859989e-09, 2.20294715803e-09, 2.26183094476e-09],
        "min": [1.16680347158e-26, 3.69815249843e-26, 1.09701393337e-26, 1.00828860572e-25, 2.69425186986e-25, 3.84717701323e-25, 2.727579764e-25, 1.1290927926e-25, 5.97391667794e-26, 4.00269255904e-25, 2.71322570027e-25, 1.49889537753e-25, 6.49440402171e-26, 7.51469785782e-25, 4.75860471641e-25, 2.44147569089e-25, 3.20788216348e-25, 1.95717425965e-25, 2.2089838375e-25, 1.97971423439e-25, 7.19752844227e-25, 4.24001593896e-25, 6.16111509638e-25, 2.02890267006e-25, 5.54400498744e-25, 5.2236170194e-25, 5.43283032703e-25, 6.13371992929e-25, 9.71276509299e-25, 5.07061350252e-25, 6.86564184045e-25, 8.8533484684e-25, 4.92715963995e-25, 5.77756648692e-25, 6.70031828839e-25, 5.48965493626e-25, 6.92909633255e-25, 9.92570921967e-25, 1.0366375796e-24, 5.6124623368e-25, 7.62099094834e-25, 8.74502011675e-25, 5.69867152171e-25, 5.66901824028e-25, 6.22929880961e-25, 1.07578105493e-24, 1.04178006523e-24, 7.91674673462e-25, 1.06768980724e-24, 1.2309500936e-24, 9.82513438463e-25, 1.46985622431e-24, 1.47886846712e-24, 7.09252661844e-25, 1.36644651901e-24, 1.94778553298e-24, 7.29048041577e-25, 1.91983934655e-24, 1.48707124003e-24, 1.35881655772e-24, 1.96887789865e-24, 1.8243765274e-24, 1.68114048904e-24, 2.02981405092e-24, 1.58675180262e-24, 1.61726050509e-24, 1.36217306227e-24, 1.37805362115e-24, 1.12895777412e-24, 2.05371357812e-24, 2.22220243456e-24, 1.82761480142e-24, 1.60082399648e-24, 1.79562550563e-24, 1.9007159777e-24, 1.7638712904e-24, 2.64473724021e-24, 1.88005176629e-24, 2.76837777647e-24, 2.1422537484e-24, 1.53938109969e-24, 1.79147747778e-24, 2.22690818708e-24, 2.58587500326e-24, 2.42633616822e-24, 2.86367730142e-24, 3.08687306999e-24, 2.24901266129e-24, 2.72540891739e-24, 1.65951662834e-24, 3.14426289806e-24, 2.98937163704e-24, 2.4357587173e-24, 3.22935199909e-24, 3.12691703004e-24, 3.4280360844e-24, 3.20833240584e-24, 3.17455693176e-24, 3.06499026569e-24, 3.03370601434e-24, 3.99672591098e-24, 2.56406339366e-24, 4.32695452439e-24, 4.16099120613e-24, 3.90457275775e-24, 3.53116899814e-24, 4.02470759615e-24, 2.38233015427e-24, 3.64419974965e-24, 3.89199082074e-24, 4.42910964503e-24, 4.57966493208e-24, 4.24360111456e-24, 3.65450345637e-24, 3.99113959248e-24, 4.01246289718e-24, 4.31864821349e-24, 5.13370916152e-24, 5.14385746264e-24, 5.21490503677e-24, 4.46285711456e-24, 4.92783973666e-24, 5.00507631902e-24, 4.53127896517e-24, 5.18350600616e-24, 5.53068014068e-24, 5.3937283655e-24, 4.06118767985e-24],
        "stdev": [2.20802667172e-05, 1.61211009981e-05, 2.07351931749e-05, 2.41444286075e-05, 8.75192927197e-05, 0.000129320804263, 0.000193467727513, 0.000355285679689, 0.000413948117057, 0.000391246401705, 0.000656600692309, 0.00170009268913, 0.00858391448855, 0.0303654875606, 0.014016433619, 0.0092445500195, 0.00528664374724, 0.000455668545328, 0.000627544417512, 0.000528098724317, 0.000880691048224, 0.00134354329202, 0.00130233657546, 0.00139823649079, 0.000839981075842, 0.00194194039796, 0.00101835082751, 0.00126209331211, 0.000608967267908, 0.00226137274876, 0.0026992817875, 0.0017516905209, 0.00230802199803, 0.00191955419723, 0.00211853464134, 0.00169988919515, 0.00210668705404, 0.000844630878419, 0.00138083472848, 0.00135060481261, 0.00156392366625, 0.0012929487275, 0.000455750501715, 0.000241297500907, 0.000273199897492, 0.000322821986629, 0.000220810048631, 0.000388482148992, 0.000404831400374, 0.000690396642312, 0.000405532657169, 0.000502554292325, 0.000149164319737, 0.000161431729794, 0.000105154693301, 0.000240918685449, 0.000342826009728, 0.00098344613798, 0.000112771616841, 0.000101993391581, 4.53062966699e-05, 3.38572826877e-05, 4.69170481665e-05, 1.90257505892e-05, 2.36955820583e-05, 2.12238010135e-05, 5.96489117015e-05, 7.56811641622e-05, 3.42668827216e-05, 2.36624073295e-05, 3.48190842487e-05, 4.55963345303e-05, 6.09570706729e-05, 5.70727133891e-05, 6.79094373481e-05, 3.36557095579e-05, 1.96355595108e-05, 9.04267471924e-06, 8.51935510582e-06, 8.95951507118e-06, 9.69002667262e-06, 1.68292608578e-05, 1.86046381714e-05, 8.33270132716e-06, 5.83375367569e-06, 5.7567276599e-06, 7.02793795426e-06, 4.79450454804e-06, 4.54676910522e-06, 6.59967827232e-06, 5.0173011914e-06, 8.86606176209e-06, 7.67255005485e-06, 5.16394311489e-06, 3.61329784937e-06, 2.87369334728e-06, 2.12198028748e-06, 1.36575727083e-06, 8.4763837549e-07, 6.97789005244e-07, 5.03144292452e-07, 3.07580961589e-07, 3.38104939601e-07, 2.70398260227e-07, 1.71560003537e-07, 1.39819363199e-07, 1.22425731774e-07, 1.11617254106e-07, 1.08158928924e-07, 9.31234467316e-08, 7.88764680237e-08, 6.84108130145e-08, 5.18955687312e-08, 4.72038088617e-08, 4.42092158437e-08, 4.28078266168e-08, 4.15527701136e-08, 4.06497449035e-08, 4.12708978104e-08, 4.01488868818e-08, 3.86283005582e-08, 3.54713662887e-08, 3.45721886674e-08, 3.30317035946e-08, 3.22543520781e-08, 3.18765032148e-08, 3.21999600317e-08, 3.22237987405e-08]
    },
    "mfcc": {
        "mean": [-1204.27429199, 7.59046268463, -4.68293523788, -0.570947766304, -1.22286617756, -0.131027117372, -1.78483450413, -0.7628454566, -0.667027831078, -0.219283938408, -1.64284229279, -0.312517732382, -0.570879101753],
        "cov": [[39092.296875, 4683.71191406, -2952.4609375, -408.914794922, -806.168334961, -100.319084167, -1101.78186035, -432.847808838, -432.657653809, -126.865852356, -1031.5904541, -179.500915527, -336.837890625], [4683.71191406, 631.043212891, -364.420410156, -44.4957275391, -89.0040130615, -6.67050981522, -131.383300781, -59.1366386414, -54.1561927795, -24.1827373505, -121.652923584, -26.7683429718, -47.3661460876], [-2952.4609375, -364.420410156, 242.037597656, 36.540977478, 60.6945953369, 5.41855859756, 78.0807342529, 30.4590377808, 29.8822441101, 7.62749671936, 73.2948303223, 18.0231533051, 26.5119171143], [-408.914794922, -44.4957275391, 36.540977478, 33.6664619446, 9.89142036438, -7.69006872177, -7.64393806458, -9.28123283386, -2.02414369583, -7.16410589218, -6.87971305847, 3.11498212814, 7.823387146], [-806.168334961, -89.0040130615, 60.6945953369, 9.89142036438, 37.7190742493, 9.49214363098, 28.9127311707, 19.2336750031, 8.56605911255, 4.66540431976, 26.4173622131, 2.52477765083, 8.65385055542], [-100.319084167, -6.67050981522, 5.41855859756, -7.69006872177, 9.49214363098, 12.4599609375, 16.9855766296, 12.1232776642, 2.52910017967, 1.73901176453, 10.2421989441, 0.780225455761, 0.481041789055], [-1101.78186035, -131.383300781, 78.0807342529, -7.64393806458, 28.9127311707, 16.9855766296, 60.5850486755, 33.8291435242, 15.3364305496, 5.77329921722, 44.9902915955, 7.0100069046, 9.81925964355], [-432.847808838, -59.1366386414, 30.4590377808, -9.28123283386, 19.2336750031, 12.1232776642, 33.8291435242, 29.1738605499, 9.81752300262, 6.30041599274, 27.1137771606, 3.9220123291, 5.46626663208], [-432.657653809, -54.1561927795, 29.8822441101, -2.02414369583, 8.56605911255, 2.52910017967, 15.3364305496, 9.81752300262, 12.578619957, 5.62679386139, 16.182516098, 2.41140389442, 3.82205033302], [-126.865852356, -24.1827373505, 7.62749671936, -7.16410589218, 4.66540431976, 1.73901176453, 5.77329921722, 6.30041599274, 5.62679386139, 14.2941112518, 10.438583374, -0.112199127674, 1.22929024696], [-1031.5904541, -121.652923584, 73.2948303223, -6.87971305847, 26.4173622131, 10.2421989441, 44.9902915955, 27.1137771606, 16.182516098, 10.438583374, 48.097442627, 4.81485748291, 7.15013647079], [-179.500915527, -26.7683429718, 18.0231533051, 3.11498212814, 2.52477765083, 0.780225455761, 7.0100069046, 3.9220123291, 2.41140389442, -0.112199127674, 4.81485748291, 6.70757293701, 4.26940870285], [-336.837890625, -47.3661460876, 26.5119171143, 7.823387146, 8.65385055542, 0.481041789055, 9.81925964355, 5.46626663208, 3.82205033302, 1.22929024696, 7.15013647079, 4.26940870285, 9.6091632843]],
        "icov": [[0.00169771374203, -0.00425823032856, 0.00644705723971, 0.00917072128505, 0.00329899811186, -0.000971815374214, 0.0132527733222, -0.0148442108184, 0.0103254551068, -0.00170116138179, 0.00954818166792, -0.00889411848038, -0.00179562938865], [-0.00425823032856, 0.0322527587414, 0.0127639807761, -0.0229374468327, -0.0186262819916, -0.0178531538695, -0.0204937160015, 0.0482461638749, -0.0190745219588, 0.0199151281267, -0.029077950865, 0.00241508916952, 0.0299415308982], [0.00644705723971, 0.0127639807761, 0.0898543819785, 0.0100605105981, -0.0150359198451, -0.01009722054, 0.0355920381844, -0.0139490086585, 0.0330208279192, 0.00963833369315, 0.0103152189404, -0.085970968008, 0.0345759876072], [0.00917072128505, -0.0229374468327, 0.0100605105981, 0.169609472156, -0.0299396365881, 0.0257051289082, 0.105177588761, -0.0677326321602, 0.0688649639487, 0.0336552523077, 0.0837932825089, -0.0529616437852, -0.0712284147739], [0.00329899811186, -0.0186262819916, -0.0150359198451, -0.0299396365881, 0.114136703312, -0.0589925348759, 0.0402592457831, -0.0810530483723, 0.0299448668957, -0.024998517707, -0.00463751936331, 0.0505666658282, -0.0329082719982], [-0.000971815374214, -0.0178531538695, -0.01009722054, 0.0257051289082, -0.0589925348759, 0.250716984272, -0.104934826493, -0.00779287982732, -0.00337415141985, -0.0134652629495, 0.0372326076031, -0.0118042677641, 0.0177051406354], [0.0132527733222, -0.0204937160015, 0.0355920381844, 0.105177588761, 0.0402592457831, -0.104934826493, 0.258888393641, -0.177152991295, 0.0939626991749, 0.0386162623763, 0.0244907066226, -0.0615251660347, -0.0482678040862], [-0.0148442108184, 0.0482461638749, -0.0139490086585, -0.0677326321602, -0.0810530483723, -0.00779287982732, -0.177152991295, 0.300142258406, -0.113397732377, 0.0146161625162, -0.110754817724, 0.0178525652736, 0.0124897090718], [0.0103254551068, -0.0190745219588, 0.0330208279192, 0.0688649639487, 0.0299448668957, -0.00337415141985, 0.0939626991749, -0.113397732377, 0.23191832006, -0.0335732623935, 0.0314074270427, -0.0538963116705, -0.0249320548028], [-0.00170116138179, 0.0199151281267, 0.00963833369315, 0.0336552523077, -0.024998517707, -0.0134652629495, 0.0386162623763, 0.0146161625162, -0.0335732623935, 0.131452068686, -0.0391315855086, 0.0083866789937, -0.0181174688041], [0.00954818166792, -0.029077950865, 0.0103152189404, 0.0837932825089, -0.00463751936331, 0.0372326076031, 0.0244907066226, -0.110754817724, 0.0314074270427, -0.0391315855086, 0.183008119464, -0.0395438820124, 0.00888437777758], [-0.00889411848038, 0.00241508916952, -0.085970968008, -0.0529616437852, 0.0505666658282, -0.0118042677641, -0.0615251660347, 0.0178525652736, -0.0538963116705, 0.0083866789937, -0.0395438820124, 0.329365342855, -0.108336955309], [-0.00179562938865, 0.0299415308982, 0.0345759876072, -0.0712284147739, -0.0329082719982, 0.0177051406354, -0.0482678040862, 0.0124897090718, -0.0249320548028, -0.0181174688041, 0.00888437777758, -0.108336955309, 0.27603572607]]
    },
    "spectral_contrast_coeffs": {
        "max": [-0.21155333519, -0.346726357937, -0.540756642818, -0.611676752567, -0.627463579178, -0.60978281498],
        "mean": [-0.930019140244, -0.941927731037, -0.943036437035, -0.943793952465, -0.943176269531, -0.93933224678],
        "min": [-0.98269110918, -0.983463168144, -0.976960420609, -0.973201572895, -0.969210088253, -0.966501414776],
        "stdev": [0.113086044788, 0.0815966576338, 0.060755841434, 0.0584817379713, 0.0554625801742, 0.0660995543003]
    },
    "spectral_contrast_valleys": {
        "max": [-4.56213092804, -4.90700244904, -4.19631052017, -4.70615673065, -4.96874046326, -7.37445640564],
        "mean": [-25.4612083435, -25.289516449, -25.314163208, -25.2911605835, -25.3390026093, -25.6229248047],
        "min": [-28.3408489227, -28.0607700348, -28.096162796, -27.7048091888, -27.5843677521, -27.4942207336],
        "stdev": [5.48122644424, 5.97815275192, 6.02126026154, 6.06244277954, 5.9466919899, 5.07288694382]
    }
},
"rhythm": {
    "beats_count": 18,
    "beats_loudness": {
        "max": 0.778127789497,
        "mean": 0.0449830368161,
        "min": 0,
        "stdev": 0.177960172296
    },
    "bpm": 88.3578720093,
    "bpm_histogram_first_peak_bpm": 89,
    "bpm_histogram_first_peak_weight": 0.33333337307,
    "bpm_histogram_second_peak_bpm": 83,
    "bpm_histogram_second_peak_spread": 0,
    "bpm_histogram_second_peak_weight": 0.29411765933,
    "danceability": 1.89786636829,
    "onset_rate": 0.470242828131,
    "beats_loudness_band_ratio": {
        "max": [0.0134227881208, 0.0222583375871, 0.0795188620687, 0.835648059845, 0.643138885498, 0.148030251265],
        "mean": [0.00138386792969, 0.00200909539126, 0.00672361021861, 0.0542889684439, 0.0399691313505, 0.00952396728098],
        "min": [0, 0, 0, 0, 0, 0],
        "stdev": [0.00392744597048, 0.00585062569007, 0.0200447868556, 0.192251831293, 0.147327020764, 0.0340162217617]
    },
    "beats_position": [0.708208620548, 1.42802715302, 2.14784574509, 2.86766433716, 3.59909296036, 4.33052158356, 5.0387301445, 5.74693870544, 6.420317173, 7.0936961174, 7.79029464722, 8.48689365387, 9.16027164459, 9.83365058899, 10.5186395645, 11.1920175552, 11.8653964996, 12.538775444],
    "bpm_histogram": [0, 0, 0, 0, 0, 0, 0, 0, 0, 0, 0, 0, 0, 0, 0, 0, 0, 0, 0, 0, 0, 0, 0, 0, 0, 0, 0, 0, 0, 0, 0, 0, 0, 0, 0, 0, 0, 0, 0, 0, 0, 0, 0, 0, 0, 0, 0, 0, 0, 0, 0, 0, 0, 0, 0, 0, 0, 0, 0, 0, 0, 0, 0, 0, 0, 0, 0, 0, 0, 0, 0, 0, 0, 0, 0, 0, 0, 0, 0, 0, 0, 0, 0.117647059262, 0.176470592618, 0, 0.117647059262, 0.117647059262, 0, 0.0588235296309, 0.411764711142, 0, 0, 0, 0, 0, 0, 0, 0, 0, 0, 0, 0, 0, 0, 0, 0, 0, 0, 0, 0, 0, 0, 0, 0, 0, 0, 0, 0, 0, 0, 0, 0, 0, 0, 0, 0, 0, 0, 0, 0, 0, 0, 0, 0, 0, 0, 0, 0, 0, 0, 0, 0, 0, 0, 0, 0, 0, 0, 0, 0, 0, 0, 0, 0, 0, 0, 0, 0, 0, 0, 0, 0, 0, 0, 0, 0, 0, 0, 0, 0, 0, 0, 0, 0, 0, 0, 0, 0, 0, 0, 0, 0, 0, 0, 0, 0, 0, 0, 0, 0, 0, 0, 0, 0, 0, 0, 0, 0, 0, 0, 0, 0, 0, 0, 0, 0, 0, 0, 0, 0, 0, 0, 0, 0, 0, 0, 0, 0, 0, 0, 0, 0, 0, 0, 0, 0, 0, 0, 0, 0, 0, 0, 0, 0, 0, 0, 0, 0, 0, 0, 0, 0, 0, 0, 0, 0, 0, 0, 0, 0]
},
"tonal": {
    "chords_changes_rate": 0.0362318828702,
    "chords_number_rate": 0.0144927538931,
    "chords_strength": {
        "max": 0.548129379749,
        "mean": -0.767475008965,
        "min": -1,
        "stdev": 0.520204782486
    },
    "hpcp_crest": {
        "max": 34.1137886047,
        "mean": 1.20630955696,
        "min": 0,
