{
"metadata": {
    "version": {
        "essentia": "2.1-beta5",
        "essentia_git_sha": "Undefined",
        "extractor": "music 2.0"
    },
    "audio_properties": {
        "analysis": {
            "equal_loudness": 0,
            "length": 12.7477550507,
            "sample_rate": 44100,
            "start_time": 0,
            "downmix": "mix"
        },
        "bit_rate": 192000,
        "length": 184.737960815,
        "lossless": 0,
        "number_channels": 2,
        "replay_gain": -1.31365203857,
        "sample_rate": 44100,
        "codec": "mp3",
        "md5_encoded": "2dbd560bef54a3fbee72540c28b43a81"
    },
    "tags": {
        "file_name": "Denmark_Fra Mols Til Skagen_Aud Wilken.mp3",
        "encoding": ["Lavf58.29.100"]
    }
},
"lowlevel": {
    "average_loudness": 0.610327839851,
    "barkbands_crest": {
        "max": 26.611371994,
        "mean": 13.9517374039,
        "min": 2.54774975777,
        "stdev": 5.53378200531
    },
    "barkbands_flatness_db": {
        "max": 0.430602282286,
        "mean": 0.198810264468,
        "min": 0.0264203324914,
        "stdev": 0.0868535861373
    },
    "barkbands_kurtosis": {
        "max": 557.721252441,
        "mean": 32.5529251099,
        "min": -0.942320823669,
        "stdev": 56.6839523315
    },
    "barkbands_skewness": {
        "max": 21.5822086334,
        "mean": 3.485632658,
        "min": -1.9780548811,
        "stdev": 3.00459194183
    },
    "barkbands_spread": {
        "max": 65.8876495361,
        "mean": 10.3444242477,
        "min": 0.364130675793,
        "stdev": 11.24314785
    },
    "dissonance": {
        "max": 0.500000178814,
        "mean": 0.438989132643,
        "min": 0.201684877276,
        "stdev": 0.0489908233285
    },
    "dynamic_complexity": 9.05203914642,
    "erbbands_crest": {
        "max": 31.5897102356,
        "mean": 13.1013822556,
        "min": 2.18522572517,
        "stdev": 6.37355470657
    },
    "erbbands_flatness_db": {
        "max": 0.377891600132,
        "mean": 0.172920510173,
        "min": 0.056927241385,
        "stdev": 0.0705212131143
    },
    "erbbands_kurtosis": {
        "max": 91.0071640015,
        "mean": 7.25246334076,
        "min": -1.30786883831,
        "stdev": 12.4151544571
    },
    "erbbands_skewness": {
        "max": 8.64830493927,
        "mean": 1.80291998386,
        "min": -0.793887376785,
        "stdev": 1.50217759609
    },
    "erbbands_spread": {
        "max": 98.8509979248,
        "mean": 32.5452079773,
        "min": 2.41984915733,
        "stdev": 26.2811069489
    },
    "hfc": {
        "max": 55.172164917,
        "mean": 3.94871282578,
        "min": 1.20548683497e-16,
        "stdev": 8.13812446594
    },
    "loudness_ebu128": {
        "integrated": -24.5862369537,
        "loudness_range": 14.9076805115,
        "momentary": {
            "max": -19.1111354828,
            "mean": -31.5137958527,
            "min": -49.115234375,
            "stdev": 8.0780878067
        },
        "short_term": {
            "max": -23.3416385651,
            "mean": -29.6188869476,
            "min": -39.1423873901,
            "stdev": 6.26921796799
        }
    },
    "melbands_crest": {
        "max": 31.4888324738,
        "mean": 16.4974212646,
        "min": 1.61475384235,
        "stdev": 6.11623668671
    },
    "melbands_flatness_db": {
        "max": 0.549946069717,
        "mean": 0.288344889879,
        "min": 0.00257596652955,
        "stdev": 0.100968465209
    },
    "melbands_kurtosis": {
        "max": 499.755737305,
        "mean": 53.5665130615,
        "min": -1.2895680666,
        "stdev": 75.8909988403
    },
    "melbands_skewness": {
        "max": 15.4101572037,
        "mean": 4.14439153671,
        "min": -0.380569785833,
        "stdev": 3.18996191025
    },
    "melbands_spread": {
        "max": 139.911972046,
        "mean": 9.11086368561,
        "min": 0.446274846792,
        "stdev": 10.9018678665
    },
    "pitch_salience": {
        "max": 0.913842976093,
        "mean": 0.522566616535,
        "min": 0.127896100283,
        "stdev": 0.158722624183
    },
    "silence_rate_20dB": {
        "max": 1,
        "mean": 1,
        "min": 1,
        "stdev": 0
    },
    "silence_rate_30dB": {
        "max": 1,
        "mean": 0.985454559326,
        "min": 0,
        "stdev": 0.119724318385
    },
    "silence_rate_60dB": {
        "max": 1,
        "mean": 0.527272701263,
        "min": 0,
        "stdev": 0.499255299568
    },
    "spectral_centroid": {
        "max": 11092.4638672,
        "mean": 601.11895752,
        "min": 177.709487915,
        "stdev": 600.498718262
    },
    "spectral_complexity": {
        "max": 17,
        "mean": 3.88545465469,
        "min": 0,
        "stdev": 3.63762760162
    },
    "spectral_decrease": {
        "max": -1.21294353197e-29,
        "mean": -3.31606586634e-09,
        "min": -4.80146837845e-08,
        "stdev": 6.9316548057e-09
    },
    "spectral_energy": {
        "max": 0.185950636864,
        "mean": 0.012873747386,
        "min": 1.09799041704e-20,
        "stdev": 0.0268469229341
    },
    "spectral_energyband_high": {
        "max": 0.000809850345831,
        "mean": 1.56345831783e-05,
        "min": 8.14808203944e-21,
        "stdev": 5.35179715371e-05
    },
    "spectral_energyband_low": {
        "max": 0.0530226379633,
        "mean": 0.0021944057662,
        "min": 6.68309201169e-23,
        "stdev": 0.0051537794061
    },
    "spectral_energyband_middle_high": {
        "max": 0.00952435098588,
        "mean": 0.000464833981823,
        "min": 1.40612313178e-21,
        "stdev": 0.001017572009
    },
    "spectral_energyband_middle_low": {
        "max": 0.183396607637,
        "mean": 0.0106436507776,
        "min": 3.36114598079e-22,
        "stdev": 0.024728262797
    },
    "spectral_entropy": {
        "max": 9.79189300537,
        "mean": 6.95611906052,
        "min": 4.78409004211,
        "stdev": 0.835622310638
    },
    "spectral_flux": {
        "max": 0.312457472086,
        "mean": 0.0477304123342,
        "min": 1.04785034816e-10,
        "stdev": 0.0606737732887
    },
    "spectral_kurtosis": {
        "max": 58.359916687,
        "mean": 8.78672122955,
        "min": -1.24884855747,
        "stdev": 7.43646812439
    },
    "spectral_rms": {
        "max": 0.0134690478444,
        "mean": 0.00240307743661,
        "min": 3.27293465767e-12,
        "stdev": 0.00260479724966
    },
    "spectral_rolloff": {
        "max": 18733.8867188,
        "mean": 681.273864746,
        "min": 107.666015625,
        "stdev": 1097.17419434
    },
    "spectral_skewness": {
        "max": 6.44288158417,
        "mean": 2.39080381393,
        "min": 0.0130386054516,
        "stdev": 0.870344519615
    },
    "spectral_spread": {
        "max": 42259708,
        "mean": 5289221,
        "min": 1420606.125,
        "stdev": 2584788
    },
    "spectral_strongpeak": {
        "max": 5.13886547089,
        "mean": 0.557808995247,
        "min": 2.39183228778e-09,
        "stdev": 0.834594547749
    },
    "zerocrossingrate": {
        "max": 0.498046875,
        "mean": 0.0409801118076,
        "min": 0.00634765625,
        "stdev": 0.0369174443185
    },
    "barkbands": {
        "max": [0.00015554818674, 0.0134207839146, 0.031133249402, 0.0569099076092, 0.166080892086, 0.0321763418615, 0.0141862044111, 0.0448979772627, 0.00518645439297, 0.00584823545069, 0.00207053706981, 0.00183662108611, 0.000375599600375, 0.000244806171395, 0.000421895441832, 0.000354932097252, 0.000564929039683, 7.58049354772e-05, 0.00010223085701, 0.000190232749446, 0.000394097034587, 0.000152647306095, 0.000104284881672, 6.37514021946e-05, 8.60250383994e-06, 1.32710056278e-06, 1.82235083912e-07],
        "mean": [6.63213859298e-06, 0.000768280995544, 0.00101956853177, 0.00151562935207, 0.00632675783709, 0.000600248517003, 0.00028630925226, 0.00171262817457, 0.00010139621736, 0.000334480777383, 5.03105875396e-05, 4.40403309767e-05, 1.3735477296e-05, 7.73502779339e-06, 2.24324139708e-05, 1.40533275044e-05, 2.42143487412e-05, 3.48246180693e-06, 3.91489083995e-06, 4.63065543954e-06, 5.32979129275e-06, 2.63595507022e-06, 1.62787910085e-06, 1.3265596408e-06, 1.31577132834e-06, 9.84021653494e-07, 6.38549551013e-08],
        "min": [3.13187024823e-23, 2.88590972886e-23, 2.14408954606e-23, 2.44580691197e-23, 6.49025906549e-23, 4.22701712841e-23, 8.28205879294e-23, 3.35462721292e-23, 7.18126398422e-23, 6.11292922403e-23, 3.18235955497e-23, 9.62208734631e-23, 1.45521373135e-22, 7.94359139513e-23, 1.01287058103e-22, 1.54480725181e-22, 1.54878172238e-22, 2.08755440933e-22, 2.68584999635e-22, 2.6531358715e-22, 5.75480820873e-22, 4.69937845565e-22, 8.92256866203e-22, 9.27921457055e-22, 1.20880693128e-21, 1.99120831525e-21, 2.04074888107e-21],
        "stdev": [1.61294847203e-05, 0.00170195917599, 0.00304645486176, 0.00514179468155, 0.0175630170852, 0.00227916520089, 0.000929187866859, 0.00534378690645, 0.000424274330726, 0.000786819087807, 0.000163993317983, 0.000153420769493, 3.74975825252e-05, 2.00605099963e-05, 5.18995839229e-05, 3.35093391186e-05, 7.41453113733e-05, 8.8381138994e-06, 9.25053973333e-06, 1.57277863764e-05, 2.62152389041e-05, 9.68819495029e-06, 5.6410021898e-06, 2.90553066407e-06, 4.36360892309e-07, 1.30227462591e-07, 3.22558513233e-08]
    },
    "erbbands": {
        "max": [0.326577425003, 4.395591259, 31.5699920654, 82.3491592407, 472.447113037, 606.876586914, 853.225402832, 352.272857666, 107.289237976, 510.849609375, 1154.76806641, 167.203826904, 297.823242188, 213.759552002, 63.4270706177, 83.4215240479, 24.7140331268, 12.7797298431, 16.8024215698, 17.871465683, 23.5262966156, 15.1640729904, 3.56283569336, 6.41050624847, 4.67113494873, 9.62997436523, 19.0091114044, 14.2033376694, 6.35830450058, 4.37872076035, 2.33812594414, 1.5806787014, 0.82429265976, 0.207445055246, 0.024269323796, 0.00671318406239, 0.00268593337387, 0.000537070387509, 8.99555161595e-05, 0.000204928743187],
        "mean": [0.0148405944929, 0.207875207067, 0.983407437801, 3.06526589394, 14.3483352661, 20.0544338226, 14.7673606873, 5.38947916031, 3.82235884666, 15.2327518463, 35.2634468079, 4.86650323868, 6.76168584824, 9.22409057617, 2.45816230774, 1.96471083164, 0.803493201733, 0.455808281898, 1.02044129372, 0.906060218811, 1.08924150467, 0.808709442616, 0.260268986225, 0.203511044383, 0.197980418801, 0.209299206734, 0.23329731822, 0.179808869958, 0.105365559459, 0.0632214993238, 0.044715102762, 0.0296768266708, 0.0214399658144, 0.0142488777637, 0.00937680806965, 0.00449600676075, 0.00167929253075, 0.000300692830933, 1.21386337923e-05, 1.44461082527e-05],
        "min": [1.22895077849e-21, 5.53096134119e-21, 1.68953546507e-20, 5.53016057543e-20, 1.46810625905e-19, 1.78145455354e-19, 2.77561126626e-19, 4.55457535993e-19, 1.00779270757e-18, 1.11025732781e-18, 8.73771974145e-19, 2.05649859542e-18, 1.28363283323e-18, 2.16892857068e-18, 1.85531937825e-18, 3.91675934385e-18, 6.66850138296e-18, 4.51983646254e-18, 6.12003845063e-18, 5.11366446121e-18, 8.79981701722e-18, 1.03532324291e-17, 1.0990158192e-17, 9.66401230782e-18, 1.51741684249e-17, 1.39176910006e-17, 1.88328279789e-17, 2.17960933355e-17, 1.61902076062e-17, 2.8846312515e-17, 2.14573860357e-17, 1.97187367605e-17, 1.53509799352e-17, 1.14024026755e-17, 1.00159975108e-17, 6.51585719504e-18, 3.50594381494e-18, 1.50336695231e-18, 2.70078011366e-19, 3.15209386252e-20],
        "stdev": [0.0316880382597, 0.474264442921, 2.87089538574, 8.77252960205, 49.2225990295, 59.4302711487, 61.2706985474, 20.7320537567, 11.0088348389, 48.355594635, 132.36151123, 16.2948150635, 20.8035907745, 26.3950119019, 6.8816986084, 7.00125169754, 2.3047683239, 1.09836924076, 2.09269309044, 2.04922914505, 2.87431144714, 2.09632635117, 0.549776375294, 0.511490821838, 0.453062146902, 0.675993621349, 1.13656079769, 0.889440000057, 0.418494075537, 0.242441475391, 0.141587302089, 0.0774604976177, 0.0363001674414, 0.00960606802255, 0.00173197966069, 0.000711439410225, 0.000251074816333, 6.47177221254e-05, 1.2578746464e-05, 2.96116468235e-05]
    },
    "gfcc": {
        "mean": [-170.891983032, 98.8000183105, -73.6538619995, 15.4127521515, -62.6503067017, 7.38600826263, -43.6195106506, 4.70914125443, -34.2313117981, -2.838088274, -28.0172271729, -0.74207764864, -11.5666313171],
        "cov": [[7387.55810547, 2733.79443359, -705.444396973, -413.227661133, -188.64175415, -633.733886719, 432.299835205, -11.3482408524, 497.890197754, -164.652114868, -17.8093757629, -223.988128662, 287.966918945], [2733.79443359, 1646.2644043, 233.431045532, -99.5973892212, 50.1172790527, -277.17074585, 283.417022705, -29.2029685974, 241.59576416, -125.355476379, 42.8731193542, -113.040351868, 169.329330444], [-705.444396973, 233.431045532, 1187.20410156, 480.246368408, 154.275695801, 131.140106201, -28.4178924561, -163.500335693, -185.785919189, -104.003219604, 65.4935836792, 0.148465186357, -46.7437362671], [-413.227661133, -99.5973892212, 480.246368408, 370.248779297, 122.694854736, 128.277908325, -14.5822067261, -54.3393173218, -90.3786239624, -19.6569786072, 24.4920692444, 6.1743645668, -58.5787467957], [-188.64175415, 50.1172790527, 154.275695801, 122.694854736, 169.67350769, 103.058876038, 57.972366333, 58.5250663757, 21.6621761322, 3.34334421158, -0.90672826767, -10.1985006332, -16.8402614594], [-633.733886719, -277.17074585, 131.140106201, 128.277908325, 103.058876038, 218.904632568, 31.4098815918, 94.4141616821, -28.2965278625, 41.9535179138, -1.17774450779, 30.721244812, -53.0911407471], [432.299835205, 283.417022705, -28.4178924561, -14.5822067261, 57.972366333, 31.4098815918, 180.609481812, 119.805374146, 120.863861084, 5.15241146088, -4.91866540909, -25.5200481415, 31.4040126801], [-11.3482408524, -29.2029685974, -163.500335693, -54.3393173218, 58.5250663757, 94.4141616821, 119.805374146, 222.245605469, 133.866882324, 81.5283279419, -15.4622430801, 10.4615039825, 14.5238704681], [497.890197754, 241.59576416, -185.785919189, -90.3786239624, 21.6621761322, -28.2965278625, 120.863861084, 133.866882324, 193.058502197, 79.2744216919, 19.2863864899, -12.5374803543, 47.0243148804], [-164.652114868, -125.355476379, -104.003219604, -19.6569786072, 3.34334421158, 41.9535179138, 5.15241146088, 81.5283279419, 79.2744216919, 127.312004089, 48.7555961609, 36.4455451965, 0.897262990475], [-17.8093757629, 42.8731193542, 65.4935836792, 24.4920692444, -0.90672826767, -1.17774450779, -4.91866540909, -15.4622430801, 19.2863864899, 48.7555961609, 67.8073043823, 31.9177627563, 7.44792032242], [-223.988128662, -113.040351868, 0.148465186357, 6.1743645668, -10.1985006332, 30.721244812, -25.5200481415, 10.4615039825, -12.5374803543, 36.4455451965, 31.9177627563, 57.640914917, 13.0067367554], [287.966918945, 169.329330444, -46.7437362671, -58.5787467957, -16.8402614594, -53.0911407471, 31.4040126801, 14.5238704681, 47.0243148804, 0.897262990475, 7.44792032242, 13.0067367554, 66.9553375244]],
        "icov": [[0.00130009837449, -0.00373322167434, 0.00251534767449, -0.00308548705652, 0.00301762064919, -0.00154019298498, 0.00199496210553, -0.000903887790628, 0.00118281075265, -0.000859391700942, 0.00138796109241, 0.0003389986814, 0.000664920778945], [-0.00373322167434, 0.0139279449359, -0.00839048810303, 0.0101216854528, -0.00995584949851, 0.00645841518417, -0.00849110540003, 0.0037003387697, -0.00664048688486, 0.00638424837962, -0.00842269230634, 0.00249857525341, -0.00534305488691], [0.00251534767449, -0.00839048810303, 0.00807157810777, -0.00928939972073, 0.00650459853932, -0.00529256463051, 0.00596979446709, -0.00352291995659, 0.00528577622026, 0.000163382952451, -0.00228456361219, 0.00407144101337, -0.000938724959269], [-0.00308548705652, 0.0101216854528, -0.00928939972073, 0.0164144746959, -0.0111736934632, 0.00378801929764, -0.00813332945108, 0.00680203270167, -0.00449006585404, -8.51438471727e-06, -0.000381953053875, -0.00392595212907, 0.00203966186382], [0.00301762064919, -0.00995584949851, 0.00650459853932, -0.0111736934632, 0.0205537248403, -0.0117182815447, 0.00880226958543, -0.0051533957012, -0.000472277170047, 0.00240789470263, -0.000356319389539, 0.00693386327475, -0.00117571884766], [-0.00154019298498, 0.00645841518417, -0.00529256463051, 0.00378801929764, -0.0117182815447, 0.0262951646, -0.0142790302634, -0.00455178599805, 0.00879205390811, -0.00809298455715, 0.00628864439204, -0.0143474191427, 0.0115189542994], [0.00199496210553, -0.00849110540003, 0.00596979446709, -0.00813332945108, 0.00880226958543, -0.0142790302634, 0.0306318160146, -0.0129356067628, -0.00881344173104, 0.0157711878419, -0.0122092561796, 0.0132505623624, -0.00596131570637], [-0.000903887790628, 0.0037003387697, -0.00352291995659, 0.00680203270167, -0.0051533957012, -0.00455178599805, -0.0129356067628, 0.029324946925, -0.0145493736491, -0.0112392101437, 0.0235133059323, -0.0164391901344, 0.00376851251349], [0.00118281075265, -0.00664048688486, 0.00528577622026, -0.00449006585404, -0.000472277170047, 0.00879205390811, -0.00881344173104, -0.0145493736491, 0.0432192385197, -0.0241202712059, -0.00369037780911, 0.0142335742712, -0.00677419733256], [-0.000859391700942, 0.00638424837962, 0.000163382952451, -8.51438471727e-06, 0.00240789470263, -0.00809298455715, 0.0157711878419, -0.0112392101437, -0.0241202712059, 0.0496045053005, -0.0382797978818, 0.00848327856511, -0.00422800704837], [0.00138796109241, -0.00842269230634, -0.00228456361219, -0.000381953053875, -0.000356319389539, 0.00628864439204, -0.0122092561796, 0.0235133059323, -0.00369037780911, -0.0382797978818, 0.0760312452912, -0.0480336174369, 0.0229035560042], [0.0003389986814, 0.00249857525341, 0.00407144101337, -0.00392595212907, 0.00693386327475, -0.0143474191427, 0.0132505623624, -0.0164391901344, 0.0142335742712, 0.00848327856511, -0.0480336174369, 0.0750555992126, -0.0399981886148], [0.000664920778945, -0.00534305488691, -0.000938724959269, 0.00203966186382, -0.00117571884766, 0.0115189542994, -0.00596131570637, 0.00376851251349, -0.00677419733256, -0.00422800704837, 0.0229035560042, -0.0399981886148, 0.0475705228746]]
    },
    "melbands": {
        "max": [0.00287120207213, 0.0128687722608, 0.0296156276017, 0.0248092710972, 0.0368634276092, 0.00681087002158, 0.00160646822769, 0.00612963270396, 0.00832657050341, 0.000687363441102, 0.00143315666355, 0.000858884828631, 0.000177841022378, 0.000162080425071, 0.000176117639057, 3.27534435201e-05, 2.71773387794e-05, 2.096571734e-05, 3.42132661899e-05, 2.58318377746e-05, 3.45876032952e-05, 2.49521071964e-05, 9.65791696217e-06, 4.98139206684e-06, 5.33877482667e-06, 3.47239188159e-06, 3.53191012437e-06, 7.30117699277e-06, 1.07970245153e-05, 1.0571776329e-05, 8.73295084602e-06, 3.5088723962e-06, 2.61990544459e-06, 2.57637725554e-06, 1.55834402449e-06, 7.99578629085e-07, 9.85089855021e-07, 5.99705970217e-07, 3.56022411552e-07, 1.1050900639e-07],
        "mean": [0.000175918350578, 0.000439358700532, 0.000894171243999, 0.00125854008365, 0.000675983552355, 0.000111547720735, 5.4114683735e-05, 0.000207511300687, 0.000249842414632, 1.65879682754e-05, 3.36274861183e-05, 3.94062517444e-05, 6.90365368428e-06, 5.55588212592e-06, 3.54521762347e-06, 1.12972168154e-06, 7.812781746e-07, 1.38847258313e-06, 1.71461658738e-06, 1.16533419714e-06, 1.49840730046e-06, 1.10244775442e-06, 3.32351959287e-07, 1.90149535229e-07, 1.5911035689e-07, 1.41599841186e-07, 1.56924500061e-07, 1.3110530972e-07, 1.55560869075e-07, 1.1967981095e-07, 9.82420971241e-08, 6.10873556184e-08, 4.31813020896e-08, 3.27994627014e-08, 2.6928995922e-08, 1.96252454288e-08, 1.7823419185e-08, 1.49348302614e-08, 1.41531941722e-08, 1.13584315287e-08],
        "min": [1.07387808577e-23, 8.35421053569e-24, 1.30714307215e-23, 1.13473152597e-23, 1.04058941775e-23, 9.97297914561e-24, 1.61537934793e-23, 1.14768178214e-23, 6.74959251268e-24, 1.27128153429e-23, 5.73709190742e-24, 8.83059495888e-24, 4.78066590187e-24, 1.10912028894e-23, 9.79184090456e-24, 1.60399450735e-23, 7.23135223409e-24, 9.39379825786e-24, 7.73377458918e-24, 6.61001461956e-24, 1.16031491622e-23, 1.07541029031e-23, 1.23192794585e-23, 7.63027682727e-24, 7.8275299189e-24, 9.33926903665e-24, 1.06913766282e-23, 8.80562041148e-24, 9.81059686144e-24, 1.38764214657e-23, 1.29564660775e-23, 7.61199260921e-24, 1.23130245804e-23, 1.68446857487e-23, 1.22410481226e-23, 1.09247011736e-23, 1.31044058962e-23, 1.12904778315e-23, 9.60089633359e-24, 9.50017693979e-24],
        "stdev": [0.000369956949726, 0.00115219084546, 0.00281248940155, 0.00337485573255, 0.00272300862707, 0.000422030861955, 0.00016282236902, 0.000613219337538, 0.000961311219726, 5.8714831539e-05, 0.00010134929471, 0.000114503978693, 2.01667080546e-05, 1.58118327818e-05, 1.3530338947e-05, 3.07627942675e-06, 2.07013067666e-06, 2.73755676972e-06, 4.3873596951e-06, 2.71672683994e-06, 4.63567812403e-06, 3.26073813994e-06, 9.19881301797e-07, 5.1745695373e-07, 4.25982733532e-07, 3.31626779371e-07, 3.84800500797e-07, 4.84986969695e-07, 7.20487548733e-07, 6.32185617633e-07, 5.11196674324e-07, 2.33863559629e-07, 1.60878272482e-07, 1.33241243816e-07, 9.62559880691e-08, 4.93347833697e-08, 4.58921363133e-08, 2.63687969237e-08, 1.65747184866e-08, 5.33332533692e-09]
    },
    "melbands128": {
        "max": [0.000147201004438, 0.00229818047956, 0.00486699491739, 0.00888709072024, 0.0158728696406, 0.0146999265999, 0.0117681566626, 0.0409860908985, 0.0615864321589, 0.0283566284925, 0.0350461006165, 0.0758855938911, 0.0302465762943, 0.00714027276263, 0.0124337812886, 0.00390566233546, 0.00234119966626, 0.0018300274387, 0.00316306995228, 0.00828083325177, 0.00981292035431, 0.012921962887, 0.0128128118813, 0.000955336377956, 0.000472935964353, 0.000322760926792, 0.00276581733488, 0.00185752403922, 0.000418545067078, 0.00150556245353, 0.00121243891772, 0.000386070198147, 0.000156334601343, 0.000425485282904, 8.65239271661e-05, 0.000264235510258, 0.000294518889859, 0.000244466704316, 5.67622373637e-05, 7.51106781536e-05, 3.43055362464e-05, 2.11736296478e-05, 3.33024072461e-05, 5.23927301401e-05, 1.54735462274e-05, 2.07614921237e-05, 4.77928988403e-05, 7.71226768848e-05, 1.18312600534e-05, 4.05585669796e-05, 3.68623441318e-05, 1.54435019795e-05, 1.22887868201e-05, 6.5617969085e-05, 8.36809267639e-05, 2.63296442427e-05, 1.04595837911e-05, 2.59998651018e-05, 6.06091498412e-06, 4.99450516145e-06, 8.88608701644e-06, 6.7292858148e-06, 7.48415050111e-06, 7.31855971026e-06, 5.32299873157e-06, 3.81561085305e-06, 4.20409742219e-06, 3.23531753565e-06, 5.67971164855e-06, 4.03383046432e-06, 6.81895335219e-06, 1.02278800114e-05, 1.35127593239e-05, 8.06482330518e-06, 1.96118944586e-05, 1.35491927722e-05, 7.21106880519e-06, 7.03111845723e-06, 1.18705802379e-05, 7.80235222919e-06, 1.59197372795e-06, 4.0591285142e-06, 3.40104793395e-06, 2.95856193588e-06, 1.46148533986e-06, 2.59274156633e-06, 2.90546881843e-06, 2.91847345579e-06, 2.09255586014e-06, 9.23520644847e-07, 5.07793856741e-07, 7.62735680837e-07, 1.32066998049e-06, 1.03782849692e-06, 8.54811503359e-07, 4.9377644018e-07, 5.71520956782e-07, 7.22234176465e-07, 3.11676188858e-07, 2.14102854557e-07, 2.46093065925e-07, 5.5163280166e-08, 4.22718642312e-08, 3.23188658058e-08, 2.10217514507e-08, 1.98158556231e-08, 1.82496098233e-08, 1.99115497423e-08, 1.69879896816e-08, 1.44683118819e-08, 1.71167595653e-08, 1.13840279425e-08, 1.09597220188e-08, 1.18153486994e-08, 8.62854054873e-09, 7.89378695742e-09, 6.00467497947e-09, 9.07036390441e-11, 9.39769304042e-11, 9.40391028936e-11, 9.5771640618e-11, 9.80687406282e-11, 9.96234969519e-11, 9.72760136331e-11, 9.71691407892e-11, 9.49597692146e-11, 9.0841507927e-11, 9.13199169061e-11],
        "mean": [6.18221019977e-06, 8.07836549939e-05, 0.000246740295552, 0.000358357443474, 0.000443197204731, 0.000526754534803, 0.000440041796537, 0.000964445294812, 0.00168237625621, 0.00117676937953, 0.00104465405457, 0.00128448707983, 0.000449980114354, 0.000125930586364, 0.000132085944642, 8.77074344316e-05, 7.33003616915e-05, 3.31627124979e-05, 4.50207189715e-05, 0.000175604145625, 0.000257495499682, 0.00037329539191, 0.000328631169396, 1.9505068849e-05, 1.03318379843e-05, 8.03405964689e-06, 3.02505832224e-05, 4.26955739385e-05, 1.90837090486e-05, 7.11542088538e-05, 3.39843136317e-05, 4.52264885098e-06, 5.09810797666e-06, 1.06087027234e-05, 3.20011281474e-06, 5.2951413636e-06, 6.74666080158e-06, 3.29510544361e-06, 1.95737197828e-06, 1.48272090428e-06, 8.60936665958e-07, 7.63462878695e-07, 8.36666458781e-07, 7.73836291046e-07, 5.74756597871e-07, 1.16647322557e-06, 2.6172649541e-06, 2.86287786366e-06, 4.75094111607e-07, 8.34612421841e-07, 1.87580599231e-06, 7.28779468773e-07, 3.99945292884e-07, 2.45347905548e-06, 2.82172777588e-06, 2.84529221517e-07, 3.62406723298e-07, 6.48557033855e-07, 1.45013373753e-07, 1.42825754779e-07, 2.61355069142e-07, 1.51804897541e-07, 1.21437039979e-07, 2.07540537644e-07, 1.38350046086e-07, 1.53628363364e-07, 1.25765666326e-07, 1.23419525266e-07, 2.11065525946e-07, 1.37378521003e-07, 1.11371932121e-07, 1.33180179773e-07, 1.48026302327e-07, 1.83488822358e-07, 1.26066893813e-07, 1.3655079556e-07, 9.22720886365e-08, 1.22433547745e-07, 1.04664017897e-07, 7.80479538776e-08, 5.03413701836e-08, 6.64669173034e-08, 5.07978938913e-08, 4.48951418264e-08, 3.00633686834e-08, 3.33673959574e-08, 3.55571572186e-08, 2.90386470425e-08, 2.54596788096e-08, 2.88855979136e-08, 1.71997882603e-08, 1.90742905914e-08, 1.86832505022e-08, 1.41592497727e-08, 2.37518058555e-08, 1.27774324454e-08, 1.50490855333e-08, 1.38240094927e-08, 1.35356890141e-08, 1.63163687006e-08, 9.99906735188e-09, 1.08640278995e-08, 1.0518151683e-08, 1.35757538544e-08, 9.57372403576e-09, 1.02227986076e-08, 9.78672520802e-09, 8.35868974036e-09, 7.55032214528e-09, 6.84710554921e-09, 7.04697100673e-09, 5.9607918601e-09, 5.14402120899e-09, 4.57435689327e-09, 3.90521393001e-09, 3.73212394322e-09, 2.30063545992e-09, 3.8524591503e-12, 2.72143137019e-12, 2.67071889777e-12, 2.63026601367e-12, 2.61536387165e-12, 2.56288219813e-12, 2.50889500147e-12, 2.5246595179e-12, 2.51282805327e-12, 2.49975214139e-12, 2.47706174149e-12],
        "min": [9.34037423078e-24, 1.04522334448e-23, 1.40126640549e-23, 6.51809654688e-24, 5.52795541511e-24, 1.24523539824e-23, 9.22794577456e-24, 1.5141695982e-23, 1.63930471032e-23, 9.23242571565e-24, 8.02649720528e-24, 1.63378426171e-23, 9.9558158989e-24, 3.85131202488e-24, 9.8739510696e-24, 1.28748379065e-23, 1.51762906881e-23, 1.66850897212e-23, 1.77970554315e-23, 1.31378677981e-23, 6.20474364039e-24, 1.14625875595e-23, 3.09958122474e-24, 6.98059465156e-24, 1.85736463942e-23, 1.36665339778e-23, 1.92153066433e-24, 7.80589856402e-24, 4.68409236656e-24, 9.5642221901e-24, 1.06060810428e-23, 6.05880121748e-24, 3.09409233056e-24, 4.33219966055e-24, 1.02959364336e-23, 1.65066383404e-23, 5.93835990662e-24, 1.10688923253e-23, 5.34499845524e-24, 2.36445058241e-23, 1.5543139408e-23, 1.15525571458e-23, 6.06014267545e-24, 4.52708853604e-24, 1.02599328219e-23, 6.13855742158e-24, 1.59466244061e-23, 7.5989637825e-24, 4.00862114457e-24, 7.7708999611e-24, 8.09195924978e-24, 2.29118240427e-24, 1.19835505125e-23, 1.70621115914e-23, 9.15020589894e-24, 1.45599804841e-23, 5.26017973628e-24, 9.33053792415e-24, 2.20876446514e-23, 5.10946233831e-24, 6.00614554092e-24, 9.84928812226e-24, 5.91823369835e-24, 8.9068983188e-24, 6.93997068152e-24, 5.42183784614e-24, 1.44601185821e-23, 1.46078927401e-23, 7.95240265589e-24, 7.34520537309e-24, 1.34404906186e-23, 4.8711119601e-24, 8.21498841883e-24, 8.53965516843e-24, 1.24228442736e-23, 2.09761128147e-23, 9.35577516223e-24, 1.09739821032e-23, 1.80336521719e-23, 9.69850761542e-24, 4.88770604367e-24, 8.27214533572e-24, 9.97982093624e-24, 9.75317646501e-24, 1.41710278816e-23, 2.60484679249e-23, 1.12910805213e-23, 1.49646377295e-23, 1.1364526627e-23, 1.18688280487e-23, 1.1462562316e-23, 1.15840027192e-23, 7.07892379681e-24, 1.47179924789e-23, 1.68458785064e-23, 1.16331976629e-23, 1.09102413532e-23, 7.50476905725e-24, 1.23070071494e-23, 7.44615116997e-24, 9.89101807528e-24, 1.12578923541e-23, 7.61201075301e-24, 6.3468379998e-24, 1.38211996246e-23, 1.40118704608e-23, 1.214189304e-23, 8.66131960812e-24, 1.0624579831e-23, 1.37325348143e-23, 1.03421802488e-23, 1.49159965661e-23, 8.09515650302e-24, 9.63897938265e-24, 1.36325971817e-23, 1.74959566903e-23, 8.65581020356e-24, 1.15258139722e-23, 1.06235511564e-23, 7.12371216357e-24, 7.19993111537e-24, 7.4024182991e-24, 9.42864539949e-24, 1.01200283404e-23, 1.02708727449e-23, 6.69824792295e-24, 9.58164733864e-24, 1.47049052765e-23],
        "stdev": [1.56747883011e-05, 0.000194173931959, 0.00053376541473, 0.000907741370611, 0.0013615055941, 0.00153901195154, 0.0012816702947, 0.00349711021408, 0.00633899215609, 0.00354542536661, 0.0034776921384, 0.005523562897, 0.00206695077941, 0.000517905165907, 0.000644277897663, 0.000299491221085, 0.000240947396378, 0.000117363888421, 0.000178623886313, 0.000669731234666, 0.000849150121212, 0.00144894269761, 0.00141274358612, 7.72931089159e-05, 3.96873801947e-05, 2.96699108731e-05, 0.000161974967341, 0.000150479696458, 4.48549399152e-05, 0.000212305021705, 0.000111301575089, 2.13219373109e-05, 1.60786185006e-05, 4.18450181314e-05, 8.95538596524e-06, 2.06663662539e-05, 2.80662425212e-05, 1.61812567967e-05, 5.72293492951e-06, 5.23624112247e-06, 2.61326317741e-06, 1.86794329693e-06, 2.54736892202e-06, 2.81835241367e-06, 1.59398950927e-06, 2.80969857158e-06, 5.90372292208e-06, 9.59426870395e-06, 1.38339373734e-06, 2.97588667308e-06, 4.59608691017e-06, 1.9806493583e-06, 1.21165510336e-06, 8.9224513431e-06, 1.03963902802e-05, 1.31227852762e-06, 1.03899719761e-06, 2.27329337577e-06, 4.40066628471e-07, 4.47592412911e-07, 7.9674623521e-07, 5.22322409324e-07, 4.26483836691e-07, 6.64510480419e-07, 4.25771332857e-07, 4.16029394046e-07, 3.4170653862e-07, 3.26996286049e-07, 6.01334477324e-07, 3.51838991719e-07, 4.4303575919e-07, 5.6069495713e-07, 8.89408795501e-07, 6.64714093546e-07, 9.31201157073e-07, 8.10472954527e-07, 4.36417678884e-07, 5.27965198671e-07, 6.78058711401e-07, 3.89915527421e-07, 1.46200619611e-07, 2.86938956151e-07, 2.20060400125e-07, 1.53063155039e-07, 1.03705815491e-07, 1.6027271954e-07, 1.38703029506e-07, 1.48780742393e-07, 1.09570066797e-07, 6.54003002865e-08, 4.03518285452e-08, 5.18861611454e-08, 6.33876879874e-08, 4.7949683335e-08, 4.00955322277e-08, 2.32127952415e-08, 2.4933761722e-08, 3.11355670135e-08, 1.51910732882e-08, 1.46371190723e-08, 1.06447304304e-08, 4.31072288976e-09, 3.50335072064e-09, 3.93063048776e-09, 2.7443300965e-09, 2.90204793529e-09, 2.68613509213e-09, 2.28658669776e-09, 2.31022179165e-09, 2.05160044509e-09, 2.00489935764e-09, 1.64822921978e-09, 1.32501920547e-09, 1.40049616348e-09, 1.11831877092e-09, 1.06904751718e-09, 1.07767261781e-09, 6.83207006594e-12, 6.43491466709e-12, 6.31954384656e-12, 6.29348396314e-12, 6.27684406188e-12, 6.23857649568e-12, 6.11372541134e-12, 6.07420060431e-12, 5.97049796755e-12, 5.82901305349e-12, 5.82421871148e-12]
    },
    "mfcc": {
        "mean": [-830.21697998, 142.024887085, 33.0061302185, 16.2573757172, 2.97324252129, 0.111468993127, -1.84364783764, -1.25451028347, 0.928329527378, -5.07060480118, -10.9194173813, -7.14785957336, -4.62254810333],
        "cov": [[5759.32714844, 2348.76000977, -705.326171875, 137.067840576, -619.772583008, -322.532318115, -374.527313232, -9.6695766449, 395.558105469, 121.602630615, -72.5711364746, 134.897109985, 189.755340576], [2348.76000977, 1470.82971191, 124.476608276, 185.027740479, -151.396224976, -98.7302780151, -82.6370849609, 33.204788208, 171.840164185, 25.1411018372, -51.0788993835, 57.6453514099, 79.7265319824], [-705.326171875, 124.476608276, 905.593322754, 353.866638184, 241.22819519, 202.873657227, 171.816680908, 29.6150016785, -165.427520752, -99.7126617432, -24.4529895782, -43.4445266724, -74.2526931763], [137.067840576, 185.027740479, 353.866638184, 273.534393311, 115.146057129, 98.0778579712, 65.7455291748, 25.0419254303, -34.2030448914, -29.692522049, -7.5754532814, -7.76957035065, -18.1141433716], [-619.772583008, -151.396224976, 241.22819519, 115.146057129, 212.505706787, 116.410606384, 102.594223022, 36.6241645813, -41.6890411377, -9.56256008148, 21.5510101318, -3.63552975655, -17.7955493927], [-322.532318115, -98.7302780151, 202.873657227, 98.0778579712, 116.410606384, 126.953910828, 87.6253356934, 27.9908447266, -52.0019454956, -18.8965053558, 16.2814254761, -0.645763516426, -20.0825462341], [-374.527313232, -82.6370849609, 171.816680908, 65.7455291748, 102.594223022, 87.6253356934, 122.178352356, 71.8805465698, 0.0198839250952, 6.67574501038, 17.8390483856, 1.41932713985, -5.50586795807], [-9.6695766449, 33.204788208, 29.6150016785, 25.0419254303, 36.6241645813, 27.9908447266, 71.8805465698, 111.03881073, 90.9909820557, 48.5450134277, 15.2297286987, 18.6616916656, 27.9632339478], [395.558105469, 171.840164185, -165.427520752, -34.2030448914, -41.6890411377, -52.0019454956, 0.0198839250952, 90.9909820557, 202.62890625, 118.338508606, 27.2400188446, 43.4568367004, 68.8546676636], [121.602630615, 25.1411018372, -99.7126617432, -29.692522049, -9.56256008148, -18.8965053558, 6.67574501038, 48.5450134277, 118.338508606, 115.658683777, 56.3197860718, 40.3896942139, 49.3699913025], [-72.5711364746, -51.0788993835, -24.4529895782, -7.5754532814, 21.5510101318, 16.2814254761, 17.8390483856, 15.2297286987, 27.2400188446, 56.3197860718, 79.6447219849, 48.4032325745, 26.6393260956], [134.897109985, 57.6453514099, -43.4445266724, -7.76957035065, -3.63552975655, -0.645763516426, 1.41932713985, 18.6616916656, 43.4568367004, 40.3896942139, 48.4032325745, 66.6938781738, 45.7314529419], [189.755340576, 79.7265319824, -74.2526931763, -18.1141433716, -17.7955493927, -20.0825462341, -5.50586795807, 27.9632339478, 68.8546676636, 49.3699913025, 26.6393260956, 45.7314529419, 66.3874130249]],
        "icov": [[0.00249107228592, -0.00349981267937, 0.00352457235567, -0.00441815610975, 0.00441076979041, -0.003526535118, 0.00276151602156, -0.00216676713899, 0.00260477256961, -0.00257502682507, 0.00130849005654, -0.00076716823969, 0.000293442280963], [-0.00349981267937, 0.0063237468712, -0.00558106647804, 0.00501013034955, -0.00501758838072, 0.00549627561122, -0.00335765141062, 0.00369928707369, -0.00589119829237, 0.00492921005934, -0.000988282612525, -0.000507022778038, -0.000794791150838], [0.00352457235567, -0.00558106647804, 0.00878241844475, -0.00922053027898, 0.00517890974879, -0.00458914320916, 0.00062253937358, -0.00362424808554, 0.00771213555709, -0.00574975507334, 0.00329745886847, -0.00128168333322, 0.00135028630029], [-0.00441815610975, 0.00501013034955, -0.00922053027898, 0.0178977698088, -0.00993791501969, 0.00121234112885, -0.00139287568163, 0.0036697012838, -0.00728346826509, 0.00665006693453, -0.00375040946528, 0.00318548106588, -0.000856920843944], [0.00441076979041, -0.00501758838072, 0.00517890974879, -0.00993791501969, 0.0198355689645, -0.0113635715097, 0.000764340686146, -0.00173914863262, 0.00251091807149, -0.0036555705592, 0.000787784927525, -0.000411000830354, -0.000743941636756], [-0.003526535118, 0.00549627561122, -0.00458914320916, 0.00121234112885, -0.0113635715097, 0.0330887101591, -0.0159685015678, 0.00134772935417, 0.00430674385279, 0.000192918058019, -0.000795096508227, -0.00526125263423, 0.00308165536262], [0.00276151602156, -0.00335765141062, 0.00062253937358, -0.00139287568163, 0.000764340686146, -0.0159685015678, 0.0404007770121, -0.0250508971512, 0.00571526354179, -0.00167002528906, -0.00372110935859, 0.00349339586683, 0.000133028603159], [-0.00216676713899, 0.00369928707369, -0.00362424808554, 0.0036697012838, -0.00173914863262, 0.00134772935417, -0.0250508971512, 0.0406223274767, -0.0243678465486, 0.00986602064222, -0.000216863147216, 0.000243032947765, -0.00269232760184], [0.00260477256961, -0.00589119829237, 0.00771213555709, -0.00728346826509, 0.00251091807149, 0.00430674385279, 0.00571526354179, -0.0243678465486, 0.041789457202, -0.0336314924061, 0.016211444512, -0.00708612147719, -0.000973721442278], [-0.00257502682507, 0.00492921005934, -0.00574975507334, 0.00665006693453, -0.0036555705592, 0.000192918058019, -0.00167002528906, 0.00986602064222, -0.0336314924061, 0.0513720288873, -0.0320441387594, 0.0157849043608, -0.00972897186875], [0.00130849005654, -0.000988282612525, 0.00329745886847, -0.00375040946528, 0.000787784927525, -0.000795096508227, -0.00372110935859, -0.000216863147216, 0.016211444512, -0.0320441387594, 0.0485531315207, -0.0334689505398, 0.0104535343125], [-0.00076716823969, -0.000507022778038, -0.00128168333322, 0.00318548106588, -0.000411000830354, -0.00526125263423, 0.00349339586683, 0.000243032947765, -0.00708612147719, 0.0157849043608, -0.0334689505398, 0.0548792853951, -0.0280401222408], [0.000293442280963, -0.000794791150838, 0.00135028630029, -0.000856920843944, -0.000743941636756, 0.00308165536262, 0.000133028603159, -0.00269232760184, -0.000973721442278, -0.00972897186875, 0.0104535343125, -0.0280401222408, 0.0416991077363]]
    },
    "spectral_contrast_coeffs": {
        "max": [-0.316596329212, -0.396760076284, -0.597742795944, -0.67793238163, -0.704211711884, -0.652641832829],
        "mean": [-0.684650599957, -0.803665161133, -0.82056170702, -0.86363607645, -0.860226094723, -0.834353744984],
        "min": [-0.966202437878, -0.962062120438, -0.960925340652, -0.965828239918, -0.962962806225, -0.958021044731],
        "stdev": [0.105969436467, 0.0933686569333, 0.0753850191832, 0.0458132997155, 0.0406245961785, 0.0331499539316]
    },
    "spectral_contrast_valleys": {
        "max": [-4.95106697083, -4.64319467545, -5.98117208481, -7.02942609787, -7.01785850525, -9.7975730896],
        "mean": [-7.92987918854, -7.95028162003, -8.7971124649, -9.4354429245, -9.55679512024, -11.6689252853],
        "min": [-27.0245132446, -27.1123046875, -27.5225639343, -27.0097885132, -27.1099700928, -27.298242569],
        "stdev": [1.4597017765, 1.29832041264, 1.15653395653, 1.04056489468, 0.924491167068, 0.698623418808]
    }
},
"rhythm": {
    "beats_count": 20,
    "beats_loudness": {
        "max": 0.133604124188,
        "mean": 0.0320581160486,
        "min": 4.01076358685e-05,
        "stdev": 0.0393902882934
    },
    "bpm": 99.4036407471,
    "bpm_histogram_first_peak_bpm": 99,
    "bpm_histogram_first_peak_weight": 0.266666650772,
    "bpm_histogram_second_peak_bpm": 94,
    "bpm_histogram_second_peak_spread": 0,
    "bpm_histogram_second_peak_weight": 0.210526317358,
    "danceability": 1.00309693813,
    "onset_rate": 2.58633565903,
    "beats_loudness_band_ratio": {
        "max": [0.920831084251, 0.969754755497, 0.768631279469, 0.286214441061, 0.135847449303, 0.15204231441],
        "mean": [0.423096507788, 0.424001306295, 0.20102854073, 0.0519545674324, 0.0166102964431, 0.0233838055283],
        "min": [0.0450312159956, 0.0381462685764, 0.00499940384179, 0.00114972249139, 0.000246796495048, 0.000315576442517],
        "stdev": [0.315408051014, 0.233026832342, 0.222890779376, 0.0701849237084, 0.0298674814403, 0.0406444258988]
    },
    "beats_position": [0.603718817234, 1.21904754639, 1.83437633514, 2.43809509277, 3.05342388153, 3.69197273254, 4.33052158356, 4.96907043457, 5.60761880875, 6.2229475975, 6.82666635513, 7.4303855896, 8.03410434723, 8.62621307373, 9.21832180023, 9.81043052673, 10.4025392532, 11.0062580109, 11.6099767685, 12.2136955261],
