{
"metadata": {
    "version": {
        "essentia": "2.1-beta5",
        "essentia_git_sha": "Undefined",
        "extractor": "music 2.0"
    },
    "audio_properties": {
        "analysis": {
            "equal_loudness": 0,
            "length": 32.4963264465,
            "sample_rate": 44100,
            "start_time": 158.998641968,
            "downmix": "mix"
        },
        "bit_rate": 192000,
        "length": 215.434753418,
        "lossless": 0,
        "number_channels": 2,
        "replay_gain": -8.4862651825,
        "sample_rate": 48000,
        "codec": "mp3",
        "md5_encoded": "024508e85cc9a5be17176bc2ac00d467"
    },
    "tags": {
        "file_name": "BosniaHerzegovina_Dvadeset I Prvi Vijek_Davor Popovic.mp3",
        "encoding": ["Lavf58.29.100"]
    }
},
"lowlevel": {
    "average_loudness": 0.97927826643,
    "barkbands_crest": {
        "max": 22.3655796051,
        "mean": 8.57330799103,
        "min": 3.04399061203,
        "stdev": 3.6815738678
    },
    "barkbands_flatness_db": {
        "max": 0.236958175898,
        "mean": 0.132516399026,
        "min": 0.0398592911661,
        "stdev": 0.0320731326938
    },
    "barkbands_kurtosis": {
        "max": 58.9614753723,
        "mean": 2.61981916428,
        "min": -1.77032220364,
        "stdev": 3.87847757339
    },
    "barkbands_skewness": {
        "max": 6.34080696106,
        "mean": 1.24026072025,
        "min": -0.505338490009,
        "stdev": 0.76543211937
    },
    "barkbands_spread": {
        "max": 88.4195251465,
        "mean": 16.8857898712,
        "min": 2.86388325691,
        "stdev": 8.40442943573
    },
    "dissonance": {
        "max": 0.499990224838,
        "mean": 0.455433219671,
        "min": 0.235331460834,
        "stdev": 0.0296490881592
    },
    "dynamic_complexity": 1.5558539629,
    "erbbands_crest": {
        "max": 27.1466064453,
        "mean": 9.28111457825,
        "min": 3.416036129,
        "stdev": 3.95413136482
    },
    "erbbands_flatness_db": {
        "max": 0.271255552769,
        "mean": 0.175388947129,
        "min": 0.079562343657,
        "stdev": 0.0313847623765
    },
    "erbbands_kurtosis": {
        "max": 12.7741088867,
        "mean": 0.690184950829,
        "min": -1.67748844624,
        "stdev": 1.59285461903
    },
    "erbbands_skewness": {
        "max": 3.05513143539,
        "mean": 0.63846296072,
        "min": -1.45684874058,
        "stdev": 0.573463618755
    },
    "erbbands_spread": {
        "max": 111.818199158,
        "mean": 29.9438800812,
        "min": 8.40804481506,
        "stdev": 13.2470684052
    },
    "hfc": {
        "max": 67.7615432739,
        "mean": 23.9557628632,
        "min": 0.221469506621,
        "stdev": 11.6791038513
    },
    "loudness_ebu128": {
        "integrated": -14.3944301605,
        "loudness_range": 0.84876537323,
        "momentary": {
            "max": -12.2495555878,
            "mean": -14.5743293762,
            "min": -21.494052887,
            "stdev": 1.3554495573
        },
        "short_term": {
            "max": -13.6379528046,
            "mean": -14.3938999176,
            "min": -15.5899162292,
            "stdev": 0.332870900631
        }
    },
    "melbands_crest": {
        "max": 28.8065776825,
        "mean": 10.7934532166,
        "min": 3.36795687675,
        "stdev": 4.25539636612
    },
    "melbands_flatness_db": {
        "max": 0.320275723934,
        "mean": 0.17420424521,
        "min": 0.0428443402052,
        "stdev": 0.0407422743738
    },
    "melbands_kurtosis": {
        "max": 69.0745391846,
        "mean": 6.4350605011,
        "min": -1.12395918369,
        "stdev": 7.25338888168
    },
    "melbands_skewness": {
        "max": 6.65414857864,
        "mean": 1.7591612339,
        "min": -0.0865375027061,
        "stdev": 0.970134139061
    },
    "melbands_spread": {
        "max": 122.5548172,
        "mean": 20.8146305084,
        "min": 2.59355950356,
        "stdev": 10.0770483017
    },
    "pitch_salience": {
        "max": 0.852872490883,
        "mean": 0.611388385296,
        "min": 0.26560780406,
        "stdev": 0.0887230560184
    },
    "silence_rate_20dB": {
        "max": 1,
        "mean": 1,
        "min": 1,
        "stdev": 0
    },
    "silence_rate_30dB": {
        "max": 1,
        "mean": 1,
        "min": 1,
        "stdev": 0
    },
    "silence_rate_60dB": {
        "max": 1,
        "mean": 0.000713775865734,
        "min": 0,
        "stdev": 0.0267070475966
    },
    "spectral_centroid": {
        "max": 3244.0300293,
        "mean": 1104.77160645,
        "min": 319.424682617,
        "stdev": 379.424163818
    },
    "spectral_complexity": {
        "max": 39,
        "mean": 20.5888652802,
        "min": 0,
        "stdev": 5.57716178894
    },
    "spectral_decrease": {
        "max": -2.45767937251e-11,
        "mean": -7.42150074728e-09,
        "min": -2.29976144794e-08,
        "stdev": 3.47373219078e-09
    },
    "spectral_energy": {
        "max": 0.091597802937,
        "mean": 0.0301833394915,
        "min": 0.000112846886623,
        "stdev": 0.0138702522963
    },
    "spectral_energyband_high": {
        "max": 0.00876043271273,
        "mean": 0.000606088258792,
        "min": 8.14949544292e-06,
        "stdev": 0.000726013211533
    },
    "spectral_energyband_low": {
        "max": 0.0471158996224,
        "mean": 0.00303737912327,
        "min": 9.69471784629e-07,
        "stdev": 0.00366448471323
    },
    "spectral_energyband_middle_high": {
        "max": 0.0305397380143,
        "mean": 0.00777274789289,
        "min": 5.01875947521e-05,
        "stdev": 0.00523070245981
    },
    "spectral_energyband_middle_low": {
        "max": 0.0835605040193,
        "mean": 0.0194357447326,
        "min": 4.62491443614e-05,
        "stdev": 0.0120312990621
    },
    "spectral_entropy": {
        "max": 8.56279754639,
        "mean": 7.49429798126,
        "min": 6.50938415527,
        "stdev": 0.291497439146
    },
    "spectral_flux": {
        "max": 0.214310720563,
        "mean": 0.0931932479143,
        "min": 0.0306376870722,
        "stdev": 0.0322473607957
    },
    "spectral_kurtosis": {
        "max": 15.5292663574,
        "mean": 4.40491342545,
        "min": -0.70431637764,
        "stdev": 1.9243427515
    },
    "spectral_rms": {
        "max": 0.00945323798805,
        "mean": 0.0052731228061,
        "min": 0.000331804942107,
        "stdev": 0.00128114968538
    },
    "spectral_rolloff": {
        "max": 9259.27734375,
        "mean": 1341.7611084,
        "min": 215.33203125,
        "stdev": 932.742736816
    },
    "spectral_skewness": {
        "max": 3.06269454956,
        "mean": 1.67476570606,
        "min": 0.440809905529,
        "stdev": 0.328134179115
    },
    "spectral_spread": {
        "max": 13488991,
        "mean": 4328294.5,
        "min": 2512631,
        "stdev": 1045189.375
    },
    "spectral_strongpeak": {
        "max": 7.66188287735,
        "mean": 1.50785672665,
        "min": 0.0155524080619,
        "stdev": 1.18994450569
    },
    "zerocrossingrate": {
        "max": 0.2490234375,
        "mean": 0.0550778470933,
        "min": 0.01611328125,
        "stdev": 0.0220328103751
    },
    "barkbands": {
        "max": [0.00265535991639, 0.0199595931917, 0.0276739783585, 0.0120324632153, 0.0589789263904, 0.053620647639, 0.0285081975162, 0.0463189557195, 0.0731395035982, 0.0179273225367, 0.0147642940283, 0.0171178430319, 0.0173048842698, 0.00986771192402, 0.00567220291123, 0.0123502267525, 0.00808127969503, 0.00272926967591, 0.00174634414725, 0.00235080509447, 0.00362969352864, 0.00478193676099, 0.00265602697618, 0.0031131550204, 0.00158933841158, 0.000425158505095, 2.30650130106e-05],
        "mean": [0.000105892904685, 0.00131576682907, 0.00110850774217, 0.00108289974742, 0.0050410865806, 0.00355180515908, 0.00302898557857, 0.00257740262896, 0.00382767710835, 0.00141695979983, 0.00128215446603, 0.00104351493064, 0.00113820505794, 0.000762961048167, 0.000625597953331, 0.000812523183413, 0.000318928359775, 0.00026340605109, 0.000182419127668, 0.00020031366148, 0.000130562053528, 0.000140596544952, 8.31482175272e-05, 8.24920862215e-05, 4.53443244623e-05, 1.41565005833e-05, 4.93757923437e-08],
        "min": [2.48964973082e-08, 3.58454741445e-07, 1.3764199025e-07, 6.03293187851e-07, 1.26445252135e-06, 9.29260568228e-06, 1.05734370663e-05, 5.10234031026e-06, 7.5222619671e-06, 8.40561278892e-06, 5.80003870709e-06, 4.12005647377e-06, 5.80265896133e-06, 1.65141864272e-06, 3.26161239173e-06, 1.04100752196e-06, 7.56584086048e-06, 5.14245903105e-06, 9.50114099396e-07, 3.30773173118e-06, 2.16699663724e-06, 2.56377461483e-06, 9.51624315348e-07, 4.00645944865e-07, 1.73827245931e-07, 8.75752004248e-09, 2.26704714029e-11],
        "stdev": [0.000238592998357, 0.00186314841267, 0.0018155061407, 0.00138924224302, 0.00567291071638, 0.00534886261448, 0.00421069795266, 0.00395280402154, 0.00719832908362, 0.00187271577306, 0.00159680191427, 0.00151288451161, 0.00167208292987, 0.00113198789768, 0.000712855602615, 0.00138980650809, 0.000607375113759, 0.000295963283861, 0.000202336581424, 0.000209361169254, 0.000175807683263, 0.000211852209759, 0.000140511969221, 0.000209983816603, 9.83619975159e-05, 3.32133022312e-05, 6.29079011105e-07]
    },
    "erbbands": {
        "max": [0.5306417346, 5.68650627136, 28.114276886, 27.5009269714, 48.6575546265, 277.867767334, 426.680389404, 584.53314209, 475.548583984, 725.668212891, 758.4140625, 2005.37988281, 749.916809082, 542.279724121, 522.208251953, 670.649475098, 586.049377441, 593.640380859, 296.675415039, 588.883483887, 509.201293945, 319.236785889, 192.730743408, 99.1546478271, 118.856506348, 121.328269958, 121.93271637, 137.71446228, 192.66444397, 83.3581314087, 85.1005325317, 91.2725601196, 64.2657928467, 28.9666805267, 6.27860736847, 2.23753762245, 0.900918483734, 0.090937435627, 0.00328496284783, 0.000349038105924],
        "mean": [0.0344615392387, 0.31034129858, 1.1203263998, 2.72461509705, 6.29609060287, 20.3989849091, 29.0596675873, 29.527009964, 34.953212738, 60.7515830994, 56.489364624, 95.0906066895, 46.5538063049, 52.9149780273, 52.8872833252, 42.5733108521, 50.8360595703, 47.3117294312, 34.0332870483, 40.4379959106, 36.7073822021, 17.4211521149, 15.8621301651, 10.7343502045, 9.03545856476, 9.13155078888, 6.136323452, 5.47469568253, 5.42806959152, 3.24827480316, 2.26221776009, 1.89813256264, 1.24805319309, 0.61092031002, 0.276601284742, 0.103660941124, 0.0183784607798, 0.000952851085458, 4.408336099e-05, 3.82619291486e-05],
        "min": [9.76031878963e-06, 8.39509812067e-05, 0.000314314034767, 0.001268082764, 0.00275943148881, 0.00421741092578, 0.0108778281137, 0.103589147329, 0.202741682529, 0.0737504065037, 0.156106010079, 0.262616604567, 0.324941784143, 0.270818293095, 0.183047518134, 0.213108837605, 0.376463413239, 0.155725821853, 0.259935647249, 0.0649166852236, 0.123413212597, 0.503813326359, 0.377656340599, 0.107965454459, 0.0490491725504, 0.148137032986, 0.0712733268738, 0.110182851553, 0.0836540982127, 0.0510321520269, 0.0269794482738, 0.0106283361092, 0.00609409110621, 0.00270089088008, 0.000776333850808, 0.000142849370604, 9.05872911972e-06, 7.71739962602e-07, 2.06964045901e-06, 4.74171400811e-07],
        "stdev": [0.0566591955721, 0.465647280216, 1.84974122047, 3.07791209221, 6.44087219238, 26.1344947815, 43.2488174438, 47.9625473022, 53.1492118835, 90.9887084961, 75.1114273071, 195.354690552, 61.9749221802, 63.9825248718, 60.8077468872, 61.6323471069, 65.5349121094, 66.7981414795, 39.7803192139, 61.0175437927, 62.560710907, 25.9650726318, 19.3406181335, 10.6895713806, 10.9542331696, 9.23101902008, 7.0294675827, 7.77629375458, 8.31338500977, 4.67415761948, 4.09560632706, 4.26173877716, 3.58754706383, 1.49215483665, 0.567459821701, 0.213404878974, 0.0563492067158, 0.00406630290672, 0.000119869342598, 1.88578160305e-05]
    },
    "gfcc": {
        "mean": [23.537940979, 103.892875671, -137.03742981, 21.9496765137, -78.479309082, 14.3741159439, -46.4728088379, 5.09785366058, -24.153049469, 1.96263921261, -16.5139408112, -2.48141145706, -5.21078395844],
        "cov": [[1019.95172119, -308.082489014, -82.6856994629, -33.5866394043, -39.6303939819, 35.0937995911, -6.73707866669, 70.5276260376, -11.6087093353, 77.3755111694, -37.2169075012, 16.8558387756, -44.0684585571], [-308.082489014, 601.383239746, 99.4007034302, 64.4777832031, 128.364395142, 11.9127874374, 50.8437385559, -61.2975997925, 59.1109542847, -86.332611084, 39.683807373, -74.5983734131, 53.7009048462], [-82.6856994629, 99.4007034302, 591.765380859, 196.811782837, 71.1907501221, 29.3465099335, -61.6700668335, 46.5885124207, -7.66166973114, 9.40612983704, -43.2442054749, 44.5149841309, 31.874956131], [-33.5866394043, 64.4777832031, 196.811782837, 245.074996948, 77.143737793, -31.520658493, -54.24974823, 29.8434925079, 39.4835891724, -17.4911499023, -13.7699689865, 16.7983779907, 54.8965110779], [-39.6303939819, 128.364395142, 71.1907501221, 77.143737793, 140.074401855, 40.9197387695, 4.04801225662, 17.7953510284, 17.0195922852, -3.83350944519, -2.35126805305, 4.43103122711, 19.9209060669], [35.0937995911, 11.9127874374, 29.3465099335, -31.520658493, 40.9197387695, 156.359313965, 83.2130661011, 6.15672874451, -34.1112060547, 7.48305606842, 12.5308151245, -15.5434246063, -30.2041072845], [-6.73707866669, 50.8437385559, -61.6700668335, -54.24974823, 4.04801225662, 83.2130661011, 145.138916016, 11.1771306992, -30.5377483368, 1.50706660748, 19.2166442871, -25.1014118195, -41.1094818115], [70.5276260376, -61.2975997925, 46.5885124207, 29.8434925079, 17.7953510284, 6.15672874451, 11.1771306992, 82.863319397, 19.4472503662, 25.9794273376, -4.69040727615, 13.9094362259, -0.836202740669], [-11.6087093353, 59.1109542847, -7.66166973114, 39.4835891724, 17.0195922852, -34.1112060547, -30.5377483368, 19.4472503662, 96.1138916016, 9.58111572266, 6.54785871506, -0.860136628151, 33.4603385925], [77.3755111694, -86.332611084, 9.40612983704, -17.4911499023, -3.83350944519, 7.48305606842, 1.50706660748, 25.9794273376, 9.58111572266, 78.0409164429, 10.8319320679, 17.6162891388, -14.4309415817], [-37.2169075012, 39.683807373, -43.2442054749, -13.7699689865, -2.35126805305, 12.5308151245, 19.2166442871, -4.69040727615, 6.54785871506, 10.8319320679, 62.86693573, 11.6997613907, 5.03744268417], [16.8558387756, -74.5983734131, 44.5149841309, 16.7983779907, 4.43103122711, -15.5434246063, -25.1014118195, 13.9094362259, -0.860136628151, 17.6162891388, 11.6997613907, 80.7961654663, 29.2439174652], [-44.0684585571, 53.7009048462, 31.874956131, 54.8965110779, 19.9209060669, -30.2041072845, -41.1094818115, -0.836202740669, 33.4603385925, -14.4309415817, 5.03744268417, 29.2439174652, 89.9449081421]],
        "icov": [[0.00128618825693, 7.34793720767e-05, 0.000511435500812, -0.000366626918549, 0.000525653536897, -0.000853456847835, 0.000601836887654, -0.000952410977334, 0.000208113502595, -0.000982001540251, 0.00110065401532, -0.000296822690871, 0.000291905307677], [7.34793720767e-05, 0.00922381412238, -0.00472372770309, 0.00400627916679, -0.00971830543131, 0.00633175671101, -0.00745104067028, 0.00760638760403, -0.00603199610487, 0.00705997040495, -0.00896668620408, 0.00975377298892, -0.00459071341902], [0.000511435500812, -0.00472372770309, 0.00557303056121, -0.00458133406937, 0.00549944816157, -0.00531601486728, 0.00530975637957, -0.00497792242095, 0.00415388355032, -0.00463075749576, 0.00670715374872, -0.00627919984981, 0.00264706509188], [-0.000366626918549, 0.00400627916679, -0.00458133406937, 0.0101924687624, -0.00780676631257, 0.00528436806053, -0.00291054556146, 0.00179985153954, -0.00375779112801, 0.00536739686504, -0.00520164612681, 0.00547757837921, -0.00420931493863], [0.000525653536897, -0.00971830543131, 0.00549944816157, -0.00780676631257, 0.0210575051606, -0.011341846548, 0.00838121864945, -0.00899339653552, 0.0049159238115, -0.00760212354362, 0.0108545245603, -0.011010366492, 0.00407361984253], [-0.000853456847835, 0.00633175671101, -0.00531601486728, 0.00528436806053, -0.011341846548, 0.017184600234, -0.0112547874451, 0.00622649583966, -0.00198229285888, 0.00455124257132, -0.00887610670179, 0.00863930955529, -0.00318740936927], [0.000601836887654, -0.00745104067028, 0.00530975637957, -0.00291054556146, 0.00838121864945, -0.0112547874451, 0.0193183012307, -0.0104191889986, 0.00702053261921, -0.00458739651367, 0.00462862290442, -0.00594363268465, 0.0060605937615], [-0.000952410977334, 0.00760638760403, -0.00497792242095, 0.00179985153954, -0.00899339653552, 0.00622649583966, -0.0104191889986, 0.0239735189825, -0.00922777317464, 0.00179462821689, -0.00509121408686, 0.00504539068788, -0.00243339804001], [0.000208113502595, -0.00603199610487, 0.00415388355032, -0.00375779112801, 0.0049159238115, -0.00198229285888, 0.00702053261921, -0.00922777317464, 0.019903825596, -0.00784171093255, 0.00349971349351, -0.0017149298219, -0.00240769144148], [-0.000982001540251, 0.00705997040495, -0.00463075749576, 0.00536739686504, -0.00760212354362, 0.00455124257132, -0.00458739651367, 0.00179462821689, -0.00784171093255, 0.02385093458, -0.0107505070046, 0.00364138651639, 0.000963019556366], [0.00110065401532, -0.00896668620408, 0.00670715374872, -0.00520164612681, 0.0108545245603, -0.00887610670179, 0.00462862290442, -0.00509121408686, 0.00349971349351, -0.0107505070046, 0.0299503561109, -0.014263602905, 0.00330747268163], [-0.000296822690871, 0.00975377298892, -0.00627919984981, 0.00547757837921, -0.011010366492, 0.00863930955529, -0.00594363268465, 0.00504539068788, -0.0017149298219, 0.00364138651639, -0.014263602905, 0.0288286544383, -0.0117687508464], [0.000291905307677, -0.00459071341902, 0.00264706509188, -0.00420931493863, 0.00407361984253, -0.00318740936927, 0.0060605937615, -0.00243339804001, -0.00240769144148, 0.000963019556366, 0.00330747268163, -0.0117687508464, 0.0210989546031]]
    },
    "melbands": {
        "max": [0.00404353067279, 0.011623153463, 0.00460573425516, 0.0103624062613, 0.0120483404025, 0.0117216836661, 0.00603986950591, 0.00942576117814, 0.0060124732554, 0.0139493020251, 0.00363139039837, 0.00215900596231, 0.0018154400168, 0.00257535185665, 0.00181626609992, 0.00218897988088, 0.00124472926836, 0.0006319443346, 0.0005686780205, 0.00108936440665, 0.000798064516857, 0.000499165558722, 0.000159304690897, 0.000123318779515, 9.99152834993e-05, 9.78464231594e-05, 6.26729161013e-05, 9.22420731513e-05, 6.1120983446e-05, 0.000118557705719, 8.84253895492e-05, 0.000130707136123, 6.79414151818e-05, 3.51966009475e-05, 4.31734697486e-05, 7.47516314732e-05, 5.26794028701e-05, 5.71579548705e-05, 2.50359425991e-05, 2.38790344156e-05],
        "mean": [0.000341245322488, 0.000541194807738, 0.000554826809093, 0.000920160673559, 0.00106392451562, 0.000664627936203, 0.000553152465727, 0.000650885107461, 0.00048175433767, 0.000585793575738, 0.000218350236537, 0.000212449391256, 0.000174434986548, 0.000125431979541, 0.000100143101008, 0.000126197905047, 7.99443296273e-05, 5.3422711062e-05, 4.60260598629e-05, 6.35224860162e-05, 3.72881222575e-05, 1.85500794032e-05, 1.44516079672e-05, 1.26839477161e-05, 8.36191338749e-06, 5.91330262978e-06, 6.51570826449e-06, 6.1298487708e-06, 4.24764311902e-06, 3.15986858368e-06, 3.12567340188e-06, 3.44152067555e-06, 2.11793485505e-06, 1.64069660968e-06, 1.25340136492e-06, 1.29300008211e-06, 1.11243411993e-06, 9.48524302657e-07, 6.4781539777e-07, 4.64797778932e-07],
        "min": [9.6161798524e-08, 1.54599462121e-07, 2.67365720674e-07, 2.36135335285e-07, 3.29269369104e-07, 2.38641246142e-06, 2.82491510006e-06, 7.61215005696e-07, 1.44160424043e-06, 1.19708556667e-06, 1.5952538206e-06, 1.09272480131e-06, 7.35661274121e-07, 3.56271186774e-07, 5.68487394048e-07, 4.38890367604e-07, 1.81446736747e-07, 4.03830085816e-07, 2.02513007252e-07, 4.56547688543e-08, 1.25601786749e-07, 4.12546853568e-07, 2.37877969766e-07, 3.02249588913e-07, 6.22377882564e-08, 3.33812693043e-08, 3.25561302361e-08, 9.01115413399e-08, 5.1971930759e-08, 4.63192151301e-08, 4.73233043863e-08, 4.23062864741e-08, 3.90832042285e-08, 2.07262704777e-08, 1.61495297135e-08, 9.24016685389e-09, 5.57897861242e-09, 4.86034501535e-09, 2.35962960282e-09, 6.2855654015e-10],
        "stdev": [0.000484429561766, 0.000804433133453, 0.000576445367187, 0.000985303078778, 0.00142386916559, 0.00102687755134, 0.000783032854088, 0.000975651375484, 0.000689571490511, 0.00123459950555, 0.000303845561575, 0.000267305847956, 0.000208255456528, 0.00017409598513, 0.000154619032401, 0.000205437201657, 0.000122944838949, 7.31099280529e-05, 5.77116661589e-05, 0.00010978760838, 7.5094299973e-05, 3.42033636116e-05, 1.79495345947e-05, 1.41456494021e-05, 1.0114048564e-05, 8.49986827234e-06, 7.8006178228e-06, 6.82956988385e-06, 5.0166318033e-06, 4.73386762678e-06, 4.82830137116e-06, 5.53824520466e-06, 3.29952126776e-06, 2.51759206549e-06, 2.15221302824e-06, 3.00946044263e-06, 2.62036110144e-06, 3.0024566513e-06, 1.67549637808e-06, 1.13347391562e-06]
    },
    "melbands128": {
        "max": [0.00236983806826, 0.00552483275533, 0.00565767940134, 0.0107339015231, 0.0144094321877, 0.0129448035732, 0.00610070442781, 0.00778329512104, 0.00657940562814, 0.00878012925386, 0.0205261707306, 0.0174463335425, 0.0207158178091, 0.0184692181647, 0.0211665853858, 0.0147185437381, 0.0148302614689, 0.00988319795579, 0.0100251967087, 0.0137213487178, 0.0191266629845, 0.00986768584698, 0.0107326591387, 0.014193803072, 0.0219099670649, 0.027340978384, 0.00661096535623, 0.0065675242804, 0.00456802267581, 0.00269288569689, 0.00394311873242, 0.00460124667734, 0.00347426813096, 0.00342933018692, 0.00403024815023, 0.00544155109674, 0.00336411059834, 0.00335952523164, 0.0015960627934, 0.0017458886141, 0.00445323670283, 0.00271156593226, 0.00280228699557, 0.00159583077766, 0.00121726596262, 0.00121461809613, 0.000823016627692, 0.00118780857883, 0.00109839986544, 0.00222888332792, 0.00239624548703, 0.00146630185191, 0.00124011060689, 0.00143154361285, 0.00167827925179, 0.000583176559303, 0.000332065392286, 0.00042763617239, 0.000169302686118, 0.000478890375234, 0.000142309028888, 0.000134524016175, 0.000182355754077, 0.000129018619191, 0.000100602424936, 0.000214491374209, 0.00024524476612, 0.000113211222924, 8.95053817658e-05, 8.72354212333e-05, 0.000115148039185, 0.000134611560497, 0.000130332584376, 6.27638582955e-05, 0.000117063325888, 9.51413239818e-05, 0.000170127212186, 0.000101212208392, 9.21957107494e-05, 8.83218308445e-05, 0.000219138906687, 9.23846164369e-05, 9.26385255298e-05, 9.94943547994e-05, 5.7840385125e-05, 4.2738756747e-05, 5.92605538259e-05, 5.04688068759e-05, 3.04735858663e-05, 6.27651243121e-05, 0.000113762078399, 6.16705947323e-05, 5.54162652406e-05, 4.25666985393e-05, 7.33377455617e-05, 7.58042588132e-05, 6.76609197399e-05, 4.11477740272e-05, 3.17813064612e-05, 2.02874089155e-05, 4.02961777581e-05, 2.30138957704e-05, 1.17441804832e-05, 8.82348103914e-06, 1.04999253381e-05, 7.24470555724e-06, 5.59860154681e-06, 5.70649399378e-06, 6.59688930682e-06, 5.93820277572e-06, 5.429182238e-06, 4.59384818896e-06, 3.11176495416e-06, 5.01700378663e-06, 1.80958431883e-06, 5.16593445354e-07, 1.11079991427e-07, 1.08018078038e-07, 1.04965941716e-07, 1.0213726398e-07, 9.96414115662e-08, 9.73553966332e-08, 9.53732453013e-08, 9.37244166721e-08, 9.23350711446e-08, 9.12048534474e-08, 9.04036880911e-08, 8.9902549405e-08],
        "mean": [9.36977594392e-05, 0.000259666005149, 0.000423702149419, 0.000537718588021, 0.000538291234989, 0.000565775902942, 0.000535953848157, 0.000554191879928, 0.000552581390366, 0.000829895609058, 0.00124754116405, 0.00127554824576, 0.00100594188552, 0.00082497933181, 0.000699867785443, 0.000542603316717, 0.000536283652764, 0.00051308789989, 0.00060703814961, 0.000802613329142, 0.00060434959596, 0.000411933666328, 0.000428142375313, 0.000568029237911, 0.0007369145751, 0.000605824287049, 0.000249676522799, 0.000162386670127, 0.00017838588974, 0.000245959177846, 0.000221779308049, 0.000154600129463, 0.000173995664227, 0.000201648814254, 0.00012629792036, 0.00010258921975, 0.000114646121801, 0.000102085134131, 9.2910049716e-05, 0.000100982491858, 0.000158638766152, 0.000118916308566, 8.07372998679e-05, 6.00162784394e-05, 5.21847214259e-05, 5.38303029316e-05, 5.51606244699e-05, 3.92959918827e-05, 3.72350332327e-05, 6.92950270604e-05, 6.58642820781e-05, 6.83779653627e-05, 3.54632175004e-05, 3.06865222228e-05, 2.298340587e-05, 1.82431485882e-05, 1.2433869415e-05, 1.42798371598e-05, 1.39308694997e-05, 1.84695618373e-05, 1.11948511403e-05, 1.01295245258e-05, 1.1157834706e-05, 7.71946452005e-06, 3.6842091049e-06, 5.70087922824e-06, 7.19662557458e-06, 7.18737783245e-06, 5.93265895077e-06, 6.46433727525e-06, 5.01364957017e-06, 7.63828938943e-06, 5.67036704524e-06, 3.18633965435e-06, 2.95801874017e-06, 3.02470880342e-06, 3.54377652911e-06, 2.9299990274e-06, 3.03820729641e-06, 3.25453493133e-06, 3.81944528272e-06, 3.58778925147e-06, 2.29986790146e-06, 1.95805796466e-06, 1.96734663405e-06, 1.81086795692e-06, 1.55192697093e-06, 1.26565203118e-06, 1.22512653888e-06, 1.18257662507e-06, 1.40740837651e-06, 1.28957992729e-06, 1.19378228192e-06, 1.08248809738e-06, 1.10780501927e-06, 1.02955698367e-06, 9.70359224084e-07, 7.3131462841e-07, 6.97191524068e-07, 5.31623186362e-07, 5.8521726487e-07, 4.44379082865e-07, 3.48531898453e-07, 3.13417444886e-07, 2.91188143819e-07, 3.22984533341e-07, 2.76217775763e-07, 2.21248996013e-07, 1.79977945436e-07, 1.26112553289e-07, 9.05293475739e-08, 7.74532367132e-08, 5.42009388482e-08, 2.46690881056e-08, 1.01502211081e-08, 6.23726092996e-09, 1.37873534811e-09, 8.2384710165e-11, 7.94881938049e-11, 7.73468442072e-11, 7.54529425051e-11, 7.37280306251e-11, 7.22354606686e-11, 7.09832678747e-11, 6.99018343209e-11, 6.8988093016e-11, 6.83510956168e-11, 6.79680756122e-11],
        "min": [6.23575280301e-09, 7.43801464864e-08, 1.13354566622e-07, 1.42660439906e-07, 1.41178304602e-07, 4.88050275749e-08, 2.41441057369e-07, 3.19794338566e-07, 1.1529824917e-07, 1.91268384242e-07, 2.21392468802e-07, 3.00407350551e-07, 2.37617456378e-07, 4.3793710347e-07, 1.53025678173e-06, 6.01415081292e-07, 1.39334906635e-06, 5.74190380576e-07, 6.20230082404e-07, 5.2993141253e-07, 8.29614293707e-07, 6.77115622238e-07, 8.59252054397e-07, 1.07315565856e-06, 3.60514690101e-07, 2.50819141456e-07, 1.64703777727e-07, 7.38310461657e-07, 2.87458306047e-07, 6.51244818073e-07, 5.96389156726e-07, 3.16863577154e-07, 2.67874668225e-07, 3.35408799401e-07, 2.36138333776e-07, 2.96831217383e-07, 1.79523809152e-07, 2.34362389051e-07, 1.17113650333e-07, 2.04801054338e-07, 1.32134118758e-07, 1.24519459632e-07, 9.30928791831e-08, 6.096409777e-08, 1.52359547201e-07, 4.82263615709e-08, 1.74109999307e-07, 1.64636858813e-07, 3.75923114859e-08, 3.08403187432e-08, 2.69910138684e-08, 7.75275097453e-08, 1.18728650023e-07, 8.00198023398e-08, 1.52813726118e-07, 1.11828278193e-07, 1.56489150527e-07, 5.95921108015e-08, 1.55411044034e-07, 1.49574205466e-07, 8.82913298028e-08, 6.14819910538e-08, 3.61927376957e-08, 4.89383324975e-08, 1.62960791528e-08, 3.15327426392e-08, 2.45241302821e-08, 3.02340090741e-08, 3.55627882698e-08, 3.54804292613e-08, 4.1349235147e-08, 2.98704563306e-08, 4.86380073994e-08, 1.12192317658e-08, 3.48717787979e-09, 1.26166943559e-08, 2.09738004742e-08, 3.5369776441e-08, 2.25064606951e-08, 4.3780101322e-08, 2.04595060893e-08, 4.2630276198e-08, 4.50338184521e-08, 2.68501310074e-08, 1.74464709346e-08, 1.25311085952e-08, 1.19209584426e-08, 2.22530047722e-08, 1.15417675417e-08, 1.0650223814e-08, 9.40688682505e-09, 8.84577744387e-09, 4.44478942541e-09, 5.70749314477e-09, 5.51426904138e-09, 5.27627230795e-09, 4.12455136711e-09, 2.2955697343e-09, 1.60800128768e-09, 2.57274690441e-09, 1.03011370267e-10, 4.28041518896e-10, 8.00990940242e-11, 4.10809414264e-10, 5.00095798106e-10, 7.65418062265e-10, 7.06135150352e-10, 1.77754963526e-10, 7.2660745476e-11, 1.4126304293e-11, 1.2027739102e-13, 3.25113850771e-13, 2.04179853363e-13, 1.09403256582e-13, 9.86404426022e-14, 1.14311798959e-13, 6.60909993183e-14, 7.7079659387e-14, 7.72847565567e-14, 8.20433469968e-14, 7.81822726676e-14, 9.21525564732e-14, 6.63671456116e-14, 8.00551302766e-14, 5.80359328303e-14, 2.06915292056e-14, 3.47797466791e-15, 9.26275394099e-17],
        "stdev": [0.000217352513573, 0.000526031770278, 0.000636519282125, 0.000860324304085, 0.000990589614958, 0.000878631020896, 0.000659195822664, 0.000762507610489, 0.000713104032911, 0.000993576250039, 0.00186800933443, 0.00208503683098, 0.00188528641593, 0.00155345676467, 0.00153525930364, 0.00114034884609, 0.00130959018134, 0.000979618751444, 0.00110085029155, 0.00154317240231, 0.0012758015655, 0.000853917270433, 0.000904858112335, 0.00134562444873, 0.0018623144133, 0.00196651741862, 0.000503535207827, 0.00035736427526, 0.000375297298888, 0.000388560234569, 0.000400055316277, 0.000319774175296, 0.000317840953358, 0.000376047537429, 0.000248751894105, 0.000249089149293, 0.000279116240563, 0.000252640806139, 0.000180431408808, 0.000164193173987, 0.000389090302633, 0.000268437957857, 0.000194211228518, 0.00015002686996, 0.000120231394249, 0.000110134220449, 9.88093452179e-05, 7.75197331677e-05, 7.52493870095e-05, 0.0001822537306, 0.000166450612596, 0.000142241464346, 0.000107863379526, 0.000111011089757, 7.85739757703e-05, 3.95523711632e-05, 2.40847602981e-05, 2.95133104373e-05, 2.07123703149e-05, 4.24005993409e-05, 1.57449339895e-05, 1.50705427586e-05, 1.8201988496e-05, 1.22881892821e-05, 6.17020123173e-06, 1.19840224215e-05, 1.3360491721e-05, 1.2220917597e-05, 1.0082292647e-05, 8.71059182828e-06, 7.07805884304e-06, 1.21819330161e-05, 8.59974352352e-06, 5.16070895173e-06, 5.19802915733e-06, 4.91217861054e-06, 6.43547309664e-06, 4.86564067614e-06, 5.36696916242e-06, 5.72944736632e-06, 8.0655918282e-06, 5.48269554201e-06, 4.04008596888e-06, 3.77258993467e-06, 3.23919653056e-06, 2.81577990791e-06, 3.08725293507e-06, 2.22732796828e-06, 1.99465284823e-06, 2.77414369521e-06, 4.10407574236e-06, 2.83088479591e-06, 3.13548184749e-06, 2.21817913371e-06, 3.30347620547e-06, 3.76036632588e-06, 3.27840621139e-06, 2.11828387364e-06, 2.00862382371e-06, 1.3263644405e-06, 1.85094052085e-06, 1.04717446447e-06, 8.3997542788e-07, 6.87746933181e-07, 6.92364494626e-07, 6.90220531396e-07, 5.62669981718e-07, 5.00858902797e-07, 4.24053524739e-07, 3.03260065948e-07, 2.50620900033e-07, 2.54687734014e-07, 1.86846875749e-07, 1.90229386021e-07, 7.98104338173e-08, 2.59343675424e-08, 5.72730440851e-09, 2.88472068455e-09, 2.80319389923e-09, 2.72768052589e-09, 2.66103361568e-09, 2.59994825669e-09, 2.54703458324e-09, 2.5030131301e-09, 2.4659139175e-09, 2.4357256212e-09, 2.41430164749e-09, 2.40090547443e-09]
    },
    "mfcc": {
        "mean": [-609.758178711, 128.193115234, -5.19014453888, 6.21041488647, -9.09891223907, 0.992350876331, -10.6530914307, -3.36074304581, -2.94674801826, -1.30684506893, -5.3550453186, -2.22245645523, -3.0610871315],
        "cov": [[1116.5859375, -303.788482666, -211.697387695, -105.453842163, -91.2535018921, -32.6719207764, -2.99908423424, -23.7418117523, -0.0941442400217, 51.6729621887, 42.2823066711, -5.99531030655, -18.6198062897], [-303.788482666, 474.96206665, 41.9543800354, 35.804775238, 57.1348762512, 66.3001251221, 32.6277732849, 30.8752174377, -0.469538778067, 16.5913715363, 2.12653851509, -3.7490363121, -13.4220790863], [-211.697387695, 41.9543800354, 453.959197998, 150.719345093, 134.859100342, 13.1870260239, 4.95521783829, 9.72697257996, 50.2458763123, -27.5121231079, -46.6116256714, 27.2736129761, 22.4558315277], [-105.453842163, 35.804775238, 150.719345093, 248.272659302, 132.259368896, -28.3637771606, -57.5208320618, 5.5613117218, 57.734172821, -27.4936714172, -52.4037895203, 16.6817531586, 44.038318634], [-91.2535018921, 57.1348762512, 134.859100342, 132.259368896, 201.577011108, 11.5892820358, -39.8894233704, 7.85521841049, 51.9293251038, -9.75784683228, -45.7628860474, 13.8987922668, 29.7243938446], [-32.6719207764, 66.3001251221, 13.1870260239, -28.3637771606, 11.5892820358, 108.136360168, 67.5693283081, 22.6425952911, -7.02541017532, 15.3936452866, 20.5204048157, -7.97791099548, -17.6930084229], [-2.99908423424, 32.6277732849, 4.95521783829, -57.5208320618, -39.8894233704, 67.5693283081, 166.13873291, 43.4736442566, -16.6016216278, 19.2331237793, 46.1093254089, -11.9620008469, -24.1450805664], [-23.7418117523, 30.8752174377, 9.72697257996, 5.5613117218, 7.85521841049, 22.6425952911, 43.4736442566, 72.7080307007, 12.8280067444, 3.10562109947, 7.41738510132, 0.862815618515, -4.76425886154], [-0.0941442400217, -0.469538778067, 50.2458763123, 57.734172821, 51.9293251038, -7.02541017532, -16.6016216278, 12.8280067444, 78.0320587158, 9.66543674469, -18.6617183685, 7.07385540009, 19.7093982697], [51.6729621887, 16.5913715363, -27.5121231079, -27.4936714172, -9.75784683228, 15.3936452866, 19.2331237793, 3.10562109947, 9.66543674469, 76.9837188721, 39.8931503296, -4.44428014755, -16.979850769], [42.2823066711, 2.12653851509, -46.6116256714, -52.4037895203, -45.7628860474, 20.5204048157, 46.1093254089, 7.41738510132, -18.6617183685, 39.8931503296, 84.8272628784, 5.86735582352, -20.9284305573], [-5.99531030655, -3.7490363121, 27.2736129761, 16.6817531586, 13.8987922668, -7.97791099548, -11.9620008469, 0.862815618515, 7.07385540009, -4.44428014755, 5.86735582352, 62.2368965149, 25.8670501709], [-18.6198062897, -13.4220790863, 22.4558315277, 44.038318634, 29.7243938446, -17.6930084229, -24.1450805664, -4.76425886154, 19.7093982697, -16.979850769, -20.9284305573, 25.8670501709, 85.8000259399]],
        "icov": [[0.00124145485461, 0.000773364445195, 0.000481216789922, 8.93331452971e-05, -1.82408948604e-05, -1.16971177704e-05, -0.00010597029177, 0.000177915659151, -0.000345657899743, -0.000721532560419, 4.42470663984e-05, -0.000191660888959, 0.000207747463719], [0.000773364445195, 0.00293721514754, 0.000317874335451, -0.000405562954256, -0.000493322266266, -0.00136033422314, 1.6727599359e-05, -0.000594335782807, 0.00055215525208, -0.00111464492511, 0.000326469977153, -0.000170451472513, 0.000397967931349], [0.000481216789922, 0.000317874335451, 0.00343197048642, -0.00127684045583, -0.00121488212608, -0.000228923818213, -0.00134645868093, 0.000776297005359, -0.000795517291408, 0.000312613323331, 0.0009012860246, -0.00144958170131, 0.000850634532981], [8.93331452971e-05, -0.000405562954256, -0.00127684045583, 0.00803077686578, -0.0033284095116, 0.00191054900642, 0.000997661962174, -0.000825793424156, -0.00227850582451, 0.00146571476944, -8.12962316559e-05, 0.000544184644241, -0.0014202692546], [-1.82408948604e-05, -0.000493322266266, -0.00121488212608, -0.0033284095116, 0.00982327573001, -0.00310933613218, 0.00184080074541, -0.000403744750656, -0.00220191036351, -0.00119384424761, 0.00237052119337, -0.000667897518724, -0.000554418656975], [-1.16971177704e-05, -0.00136033422314, -0.000228923818213, 0.00191054900642, -0.00310933613218, 0.0147430654615, -0.00509805465117, -0.000751847750507, 0.000817969092168, -0.000676173891407, -0.000663913087919, 0.00070518522989, 0.000808690325357], [-0.00010597029177, 1.6727599359e-05, -0.00134645868093, 0.000997661962174, 0.00184080074541, -0.00509805465117, 0.0114597706124, -0.00519706029445, 0.000671823916491, 0.000527337775566, -0.00401340052485, 0.00211181025952, -0.000598314451054], [0.000177915659151, -0.000594335782807, 0.000776297005359, -0.000825793424156, -0.000403744750656, -0.000751847750507, -0.00519706029445, 0.0182118806988, -0.00423024781048, 0.00148938852362, -0.000170721585164, -0.00134465505835, 0.00133013410959], [-0.000345657899743, 0.00055215525208, -0.000795517291408, -0.00227850582451, -0.00220191036351, 0.000817969092168, 0.000671823916491, -0.00423024781048, 0.0197234284133, -0.0063720154576, 0.00365452561527, -0.000235958839767, -0.0025544881355], [-0.000721532560419, -0.00111464492511, 0.000312613323331, 0.00146571476944, -0.00119384424761, -0.000676173891407, 0.000527337775566, 0.00148938852362, -0.0063720154576, 0.0207988601178, -0.0103142056614, 0.00203126599081, 0.00179178337567], [4.42470663984e-05, 0.000326469977153, 0.0009012860246, -8.12962316559e-05, 0.00237052119337, -0.000663913087919, -0.00401340052485, -0.000170721585164, 0.00365452561527, -0.0103142056614, 0.0224275812507, -0.0058858692646, 0.00213382905349], [-0.000191660888959, -0.000170451472513, -0.00144958170131, 0.000544184644241, -0.000667897518724, 0.00070518522989, 0.00211181025952, -0.00134465505835, -0.000235958839767, 0.00203126599081, -0.0058858692646, 0.0205104313791, -0.00623475154862], [0.000207747463719, 0.000397967931349, 0.000850634532981, -0.0014202692546, -0.000554418656975, 0.000808690325357, -0.000598314451054, 0.00133013410959, -0.0025544881355, 0.00179178337567, 0.00213382905349, -0.00623475154862, 0.0158745516092]]
    },
    "spectral_contrast_coeffs": {
        "max": [-0.434165358543, -0.493395358324, -0.478024482727, -0.604807734489, -0.663197934628, -0.654819011688],
        "mean": [-0.668711781502, -0.725018441677, -0.720670342445, -0.748575568199, -0.781755268574, -0.757232546806],
        "min": [-0.96386218071, -0.908777117729, -0.924989819527, -0.874193310738, -0.878391325474, -0.849357485771],
        "stdev": [0.0730667486787, 0.0675138309598, 0.0596916675568, 0.0478670224547, 0.0342093780637, 0.0282841678709]
    },
    "spectral_contrast_valleys": {
        "max": [-5.19091415405, -4.90156745911, -5.47769975662, -6.30651903152, -6.15361261368, -8.09928321838],
        "mean": [-6.65406036377, -6.11008405685, -7.01047945023, -7.33385038376, -7.54008483887, -9.99959945679],
        "min": [-10.0298156738, -7.91360998154, -8.42998790741, -9.29209041595, -9.50315093994, -12.0571079254],
        "stdev": [0.66565489769, 0.418656468391, 0.497058868408, 0.425542831421, 0.429242134094, 0.51388669014]
    }
},
"rhythm": {
    "beats_count": 52,
    "beats_loudness": {
        "max": 0.0519688017666,
        "mean": 0.0325365886092,
        "min": 0.00523906201124,
        "stdev": 0.0101296454668
    },
    "bpm": 99.2016601562,
    "bpm_histogram_first_peak_bpm": 99,
    "bpm_histogram_first_peak_weight": 0.266666650772,
    "bpm_histogram_second_peak_bpm": 91,
    "bpm_histogram_second_peak_spread": 0.33333337307,
    "bpm_histogram_second_peak_weight": 0.0784313753247,
    "danceability": 1.31024372578,
    "onset_rate": 2.95312476158,
    "beats_loudness_band_ratio": {
        "max": [0.642915904522, 0.723641753197, 0.629648923874, 0.540652036667, 0.292290121317, 0.337511122227],
        "mean": [0.151520624757, 0.256048977375, 0.32238009572, 0.184613600373, 0.0852261781693, 0.0393899157643],
        "min": [0.00318873650394, 0.0442265458405, 0.0669757500291, 0.0138297826052, 0.0103306332603, 0.00631709396839],
        "stdev": [0.133580505848, 0.155924052, 0.143038719893, 0.135210499167, 0.0661389231682, 0.0445061847568]
    },
    "beats_position": [0.603718817234, 1.23065757751, 1.83437633514, 2.43809509277, 3.09986400604, 3.76163268089, 4.42340135574, 5.08516979218, 5.72371864319, 6.3622674942, 6.97759628296, 7.56970500946, 8.15020370483, 8.73070240021, 9.33442115784, 9.93814086914, 10.5418596268, 11.1455783844, 11.749297142, 12.3762359619, 12.9799547195, 13.5836734772, 14.1873922348, 14.7911109924, 15.3832197189, 15.9753284454, 16.602268219, 17.2059860229, 17.8097057343, 18.4134235382, 19.0055332184, 19.6092510223, 20.2013607025, 20.8050785065, 21.4087982178, 22.0125160217, 22.6278457642, 23.2431735992, 23.8585033417, 24.4854412079, 25.1007709503, 25.7044887543, 26.2965984344, 26.9119262695, 27.5156459808, 28.1193637848, 28.7230834961, 29.3268013, 29.9305210114, 30.5342407227, 31.1379585266, 31.753288269],
