{
"metadata": {
    "version": {
        "essentia": "2.1-beta5",
        "essentia_git_sha": "Undefined",
        "extractor": "music 2.0"
    },
    "audio_properties": {
        "analysis": {
            "equal_loudness": 0,
            "length": 48.7502937317,
            "sample_rate": 44100,
            "start_time": 126.490699768,
            "downmix": "mix"
        },
        "bit_rate": 192000,
        "length": 225.36126709,
        "lossless": 0,
        "number_channels": 2,
        "replay_gain": -8.45579147339,
        "sample_rate": 48000,
        "codec": "mp3",
        "md5_encoded": "b2b0df050ad4dc550812e11959a6d6ad"
    },
    "tags": {
        "file_name": "Norway_Nocturne_Secret Garden.mp3",
        "encoding": ["Lavf58.29.100"]
    }
},
"lowlevel": {
    "average_loudness": 0.899697363377,
    "barkbands_crest": {
        "max": 21.935426712,
        "mean": 8.96413326263,
        "min": 3.5264840126,
        "stdev": 3.16104006767
    },
    "barkbands_flatness_db": {
        "max": 0.303937703371,
        "mean": 0.185659512877,
        "min": 0.0783764645457,
        "stdev": 0.0392250455916
    },
    "barkbands_kurtosis": {
        "max": 14.8115024567,
        "mean": 1.32836067677,
        "min": -1.56092345715,
        "stdev": 2.14552593231
    },
    "barkbands_skewness": {
        "max": 3.50147747993,
        "mean": 0.976183891296,
        "min": -1.32614445686,
        "stdev": 0.647502839565
    },
    "barkbands_spread": {
        "max": 34.2765846252,
        "mean": 13.0325431824,
        "min": 3.04252004623,
        "stdev": 4.84420585632
    },
    "dissonance": {
        "max": 0.497196227312,
        "mean": 0.434116005898,
        "min": 0.291452944279,
        "stdev": 0.0327663235366
    },
    "dynamic_complexity": 1.48610305786,
    "erbbands_crest": {
        "max": 29.5489997864,
        "mean": 11.2505712509,
        "min": 3.95184326172,
        "stdev": 4.37516546249
    },
    "erbbands_flatness_db": {
        "max": 0.336715489626,
        "mean": 0.236122205853,
        "min": 0.134037747979,
        "stdev": 0.0391138195992
    },
    "erbbands_kurtosis": {
        "max": 10.9008808136,
        "mean": 0.249520897865,
        "min": -1.50136852264,
        "stdev": 1.14919638634
    },
    "erbbands_skewness": {
        "max": 2.42164111137,
        "mean": 0.292636036873,
        "min": -2.20835566521,
        "stdev": 0.496349573135
    },
    "erbbands_spread": {
        "max": 45.112865448,
        "mean": 21.1325473785,
        "min": 4.49261140823,
        "stdev": 6.12281370163
    },
    "hfc": {
        "max": 88.1444549561,
        "mean": 19.9047698975,
        "min": 0.593387782574,
        "stdev": 11.8322162628
    },
    "loudness_ebu128": {
        "integrated": -14.5586299896,
        "loudness_range": 3.90985298157,
        "momentary": {
            "max": -10.5171871185,
            "mean": -14.887298584,
            "min": -20.6999855042,
            "stdev": 1.6873421669
        },
        "short_term": {
            "max": -11.4850940704,
            "mean": -14.7335176468,
            "min": -17.3148555756,
            "stdev": 1.23949790001
        }
    },
    "melbands_crest": {
        "max": 25.4606666565,
        "mean": 11.7190532684,
        "min": 4.66991376877,
        "stdev": 3.92303371429
    },
    "melbands_flatness_db": {
        "max": 0.354570895433,
        "mean": 0.231037661433,
        "min": 0.120537176728,
        "stdev": 0.0424042791128
    },
    "melbands_kurtosis": {
        "max": 25.0818386078,
        "mean": 3.07649469376,
        "min": -1.55741715431,
        "stdev": 3.25668501854
    },
    "melbands_skewness": {
        "max": 4.23041057587,
        "mean": 1.37172806263,
        "min": -1.04773116112,
        "stdev": 0.692783713341
    },
    "melbands_spread": {
        "max": 47.4603843689,
        "mean": 18.8477172852,
        "min": 4.30481767654,
        "stdev": 7.57289505005
    },
    "pitch_salience": {
        "max": 0.811912357807,
        "mean": 0.530923306942,
        "min": 0.282312124968,
        "stdev": 0.0783545523882
    },
    "silence_rate_20dB": {
        "max": 1,
        "mean": 1,
        "min": 1,
        "stdev": 0
    },
    "silence_rate_30dB": {
        "max": 1,
        "mean": 1,
        "min": 1,
        "stdev": 0
    },
    "silence_rate_60dB": {
        "max": 0,
        "mean": 0,
        "min": 0,
        "stdev": 0
    },
    "spectral_centroid": {
        "max": 2099.68920898,
        "mean": 958.484191895,
        "min": 378.458190918,
        "stdev": 318.102996826
    },
    "spectral_complexity": {
        "max": 40,
        "mean": 17.8491191864,
        "min": 2,
        "stdev": 3.93031787872
    },
    "spectral_decrease": {
        "max": -1.72949737864e-10,
        "mean": -6.97062052524e-09,
        "min": -2.45946658595e-08,
        "stdev": 3.43722783569e-09
    },
    "spectral_energy": {
        "max": 0.0969235599041,
        "mean": 0.0281141884625,
        "min": 0.000706574879587,
        "stdev": 0.0138224931434
    },
    "spectral_energyband_high": {
        "max": 0.00289005716331,
        "mean": 0.000179403708898,
        "min": 2.45443925451e-06,
        "stdev": 0.00027616895386
    },
    "spectral_energyband_low": {
        "max": 0.0433202981949,
        "mean": 0.00292798574083,
        "min": 1.31574061015e-05,
        "stdev": 0.00379347987473
    },
    "spectral_energyband_middle_high": {
        "max": 0.0502412207425,
        "mean": 0.00789203401655,
        "min": 0.000221650610911,
        "stdev": 0.00598742160946
    },
    "spectral_energyband_middle_low": {
        "max": 0.0910278186202,
        "mean": 0.0178489554673,
        "min": 0.000344369589584,
        "stdev": 0.0110215786844
    },
    "spectral_entropy": {
        "max": 7.94723987579,
        "mean": 6.96245193481,
        "min": 6.05654335022,
        "stdev": 0.267551183701
    },
    "spectral_flux": {
        "max": 0.199596822262,
        "mean": 0.0711919814348,
        "min": 0.0222302582115,
        "stdev": 0.0229566637427
    },
    "spectral_kurtosis": {
        "max": 33.7679901123,
        "mean": 9.81875991821,
        "min": 1.99762487411,
        "stdev": 5.0703997612
    },
    "spectral_rms": {
        "max": 0.00972417462617,
        "mean": 0.00509323691949,
        "min": 0.000830265809782,
        "stdev": 0.00121959811077
    },
    "spectral_rolloff": {
        "max": 2842.3828125,
        "mean": 1164.0526123,
        "min": 279.931640625,
        "stdev": 389.588226318
    },
    "spectral_skewness": {
        "max": 4.19689464569,
        "mean": 2.13399267197,
        "min": 1.04867315292,
        "stdev": 0.452868133783
    },
    "spectral_spread": {
        "max": 9045396,
        "mean": 2654083.75,
        "min": 1547677.625,
        "stdev": 660612
    },
    "spectral_strongpeak": {
        "max": 11.7169275284,
        "mean": 1.74623167515,
        "min": 0.0217785257846,
        "stdev": 1.46172237396
    },
    "zerocrossingrate": {
        "max": 0.087890625,
        "mean": 0.0425899326801,
        "min": 0.01220703125,
        "stdev": 0.0117088183761
    },
    "barkbands": {
        "max": [0.000177381763933, 0.0145115051419, 0.0341257676482, 0.0161580815911, 0.0454298071563, 0.0591152384877, 0.0526228100061, 0.035541113466, 0.0412379167974, 0.0193175468594, 0.0219857618213, 0.0216085501015, 0.0465231016278, 0.0124817024916, 0.00977261271328, 0.00966581702232, 0.00763234030455, 0.00649844994769, 0.00363564561121, 0.00257895630784, 0.000774658634327, 0.000674743962009, 0.000241900343099, 0.000144898047438, 6.87995998305e-05, 5.83977198403e-05, 1.02745616459e-06],
        "mean": [9.60475426837e-06, 0.000640557380393, 0.00168468861375, 0.00120371486992, 0.00474363612011, 0.0030263250228, 0.00281913112849, 0.00361755536869, 0.00218874006532, 0.00140648463275, 0.000774030340835, 0.00146129087079, 0.00217463751324, 0.000206265671295, 0.000675426039379, 0.000429088482633, 0.000454013759736, 0.000247563933954, 0.000132384229801, 0.000120140182844, 3.42264029314e-05, 3.19325044984e-05, 1.2467675333e-05, 1.16808523671e-05, 5.17993839821e-06, 3.42558973898e-06, 8.84155504366e-09],
        "min": [2.03419379119e-08, 6.26202506737e-07, 7.07955564394e-07, 6.57191662867e-07, 2.20789934247e-05, 1.1833746612e-05, 5.15307829119e-06, 2.79248415609e-05, 1.29010750243e-05, 6.4024184212e-06, 1.20037393572e-05, 1.34748206619e-05, 8.94302684173e-06, 3.53173504664e-06, 3.82940652344e-06, 5.57406747248e-06, 1.07854339149e-05, 2.61167724602e-06, 2.6428936053e-06, 1.13455826067e-06, 8.03196940069e-07, 3.21903570466e-07, 1.96767629745e-07, 1.54895289484e-07, 8.2898353071e-08, 3.29106603081e-11, 2.50250323935e-11],
        "stdev": [1.42430044434e-05, 0.00109408178832, 0.00264472491108, 0.00164955633227, 0.00525187049061, 0.00466642994434, 0.00456126825884, 0.00424635363743, 0.00371859618463, 0.00223550666124, 0.0015280994121, 0.00208255974576, 0.00415919534862, 0.000638492987491, 0.000803095987067, 0.000561191758607, 0.00061917619314, 0.000455118832178, 0.000232348713325, 0.000208806872251, 6.48458953947e-05, 6.53440365568e-05, 2.32094535022e-05, 1.78203445103e-05, 8.50285323395e-06, 6.7379205575e-06, 3.59950966811e-08]
    },
    "erbbands": {
        "max": [0.159644976258, 4.78410816193, 33.2085266113, 46.5453186035, 134.979064941, 211.396087646, 474.538787842, 494.162078857, 727.681213379, 548.767272949, 930.68145752, 1133.5222168, 493.117156982, 810.050231934, 1193.05065918, 1120.00085449, 2502.74560547, 572.056518555, 569.24987793, 713.919677734, 380.398162842, 283.197387695, 456.823638916, 258.613616943, 211.183914185, 136.880096436, 66.7925567627, 22.205450058, 38.4179573059, 13.1362638474, 5.01362419128, 4.14381122589, 1.6905412674, 0.662551522255, 0.58670437336, 0.269808888435, 0.123303629458, 0.00729029299691, 0.00015496625565, 0.000112566609459],
        "mean": [0.0066041117534, 0.214498102665, 1.76070463657, 3.12859535217, 8.48753166199, 16.1749782562, 29.4018135071, 20.7390136719, 39.6058731079, 40.9351844788, 84.4365539551, 67.0055999756, 25.7226867676, 51.9365310669, 39.9512214661, 80.9040908813, 109.972190857, 23.7877559662, 34.9281997681, 22.6250152588, 26.8191394806, 18.8609218597, 19.1486682892, 5.44640874863, 7.40406560898, 6.15417766571, 2.82120466232, 1.14177823067, 1.27955436707, 0.507842898369, 0.34625634551, 0.275510698557, 0.160366475582, 0.0687492415309, 0.0328014492989, 0.0203543007374, 0.00524974009022, 0.000218334025703, 2.02952887776e-05, 3.31605733663e-05],
        "min": [4.73387663078e-05, 0.000441524927737, 0.00382590084337, 0.0149744348601, 0.044996317476, 0.0524382703006, 0.0589340478182, 0.307283043861, 0.582993090153, 1.08317005634, 1.10308361053, 0.498402744532, 0.375192284584, 0.698246598244, 0.383861422539, 1.31731581688, 1.5831938982, 0.900312364101, 0.529704451561, 0.42088714242, 0.672544002533, 0.762659072876, 0.209346085787, 0.0984747558832, 0.154772818089, 0.0736777186394, 0.034364964813, 0.0177950058132, 0.0118296435103, 0.00874901749194, 0.00585620524362, 0.00437833275646, 0.00214897980914, 0.00103298062459, 0.000431787775597, 6.14759410382e-05, 3.57393014383e-06, 5.68192660921e-07, 2.34266804e-06, 2.96362622976e-06],
        "stdev": [0.0118622360751, 0.343704968691, 2.74247670174, 3.97420930862, 10.0660057068, 19.301240921, 50.8932991028, 31.9835014343, 63.6371994019, 50.9564933777, 105.955718994, 105.037597656, 34.8948898315, 86.7583007812, 74.3385620117, 107.033874512, 211.149383545, 45.8630180359, 44.8971138, 34.4587554932, 32.2355804443, 22.8921813965, 32.6966018677, 10.0157661438, 13.5432987213, 10.0550174713, 4.77261352539, 2.06171226501, 2.95387935638, 1.05761134624, 0.570972561836, 0.439035385847, 0.242184609175, 0.107300929725, 0.0582103282213, 0.0378591679037, 0.0114670488983, 0.000501353002619, 1.6732927179e-05, 1.64979755937e-05]
    },
    "gfcc": {
        "mean": [-23.2812461853, 147.966003418, -158.338134766, 10.2239112854, -62.575969696, -2.79520058632, -42.2023124695, -3.64603257179, -23.4577102661, -8.6218624115, -9.45175647736, -15.8463773727, -5.27690982819],
        "cov": [[1913.55163574, -1016.86022949, 382.964935303, 225.53729248, -27.1518764496, 320.542480469, 33.3411712646, 336.069671631, -131.026931763, 291.777282715, -212.019561768, 169.949111938, -439.220733643], [-1016.86022949, 921.093017578, -100.085456848, -85.7157363892, 89.2117996216, -197.317581177, 59.3179206848, -227.519638062, 117.709495544, -186.025741577, 151.187789917, -104.552154541, 338.9112854], [382.964935303, -100.085456848, 332.046783447, 100.52155304, 27.5853023529, 98.7424621582, 29.0615386963, 76.9999313354, -45.4446220398, 89.1100769043, -80.1177139282, 55.5560836792, -104.15952301], [225.53729248, -85.7157363892, 100.52155304, 138.827163696, 46.1996116638, 67.1677474976, 11.1551942825, 44.6151123047, -9.71512413025, 34.9239883423, -20.0155277252, 18.991645813, -48.1247062683], [-27.1518764496, 89.2117996216, 27.5853023529, 46.1996116638, 101.421012878, 43.2112808228, 27.4077014923, 4.12117910385, 10.7438421249, -2.67740035057, 11.5258274078, -1.34142613411, 4.75301790237], [320.542480469, -197.317581177, 98.7424621582, 67.1677474976, 43.2112808228, 176.270858765, 44.1181793213, 86.9212112427, -15.5291290283, 58.1806106567, -29.636133194, 39.2881851196, -103.819068909], [33.3411712646, 59.3179206848, 29.0615386963, 11.1551942825, 27.4077014923, 44.1181793213, 90.1625518799, 31.612154007, 16.0947589874, 9.6937122345, 6.56601524353, 3.14376449585, 4.0360584259], [336.069671631, -227.519638062, 76.9999313354, 44.6151123047, 4.12117910385, 86.9212112427, 31.612154007, 154.320709229, 9.69941043854, 66.5080337524, -46.9885978699, 34.145160675, -100.550979614], [-131.026931763, 117.709495544, -45.4446220398, -9.71512413025, 10.7438421249, -15.5291290283, 16.0947589874, 9.69941043854, 90.7290649414, -4.52523517609, 28.7548179626, -20.192653656, 51.7799453735], [291.777282715, -186.025741577, 89.1100769043, 34.9239883423, -2.67740035057, 58.1806106567, 9.6937122345, 66.5080337524, -4.52523517609, 111.855430603, -30.1658000946, 29.303730011, -84.2741241455], [-212.019561768, 151.187789917, -80.1177139282, -20.0155277252, 11.5258274078, -29.636133194, 6.56601524353, -46.9885978699, 28.7548179626, -30.1658000946, 98.3753051758, -9.45916843414, 60.148223877], [169.949111938, -104.552154541, 55.5560836792, 18.991645813, -1.34142613411, 39.2881851196, 3.14376449585, 34.145160675, -20.192653656, 29.303730011, -9.45916843414, 72.0310668945, -26.300983429], [-439.220733643, 338.9112854, -104.15952301, -48.1247062683, 4.75301790237, -103.819068909, 4.0360584259, -100.550979614, 51.7799453735, -84.2741241455, 60.148223877, -26.300983429, 211.791091919]],
        "icov": [[0.00215456611477, 0.00208040303551, -0.00109455804341, -0.00106724270154, -0.00024690743885, 0.000494653359056, -0.00176988553721, 0.000112130255729, -0.000367314525647, -0.000554863130674, 0.000317933619954, -0.000892070762347, 0.00036124419421], [0.00208040303551, 0.0239167194813, -0.016682786867, 0.00719415163621, -0.0166099760681, 0.0125905545428, -0.0155529687181, 0.0134082408622, -0.0158038828522, 0.0155901927501, -0.0133634218946, 0.0109789790586, -0.0120947258547], [-0.00109455804341, -0.016682786867, 0.0176502447575, -0.00797608867288, 0.0112276002765, -0.00886287353933, 0.00889427401125, -0.00854077469558, 0.0122555084527, -0.0137432999909, 0.0130706671625, -0.0104083167389, 0.00900380034], [-0.00106724270154, 0.00719415163621, -0.00797608867288, 0.0152828823775, -0.010275920853, 0.00235513946973, -0.0020038925577, 0.00306670623831, -0.00506828026846, 0.00589010026306, -0.00618611741811, 0.00569426640868, -0.00524937268347], [-0.00024690743885, -0.0166099760681, 0.0112276002765, -0.010275920853, 0.0267660617828, -0.0127607388422, 0.00824393238872, -0.00834842398763, 0.0101753743365, -0.0102646863088, 0.00859844405204, -0.00720749329776, 0.00836853682995], [0.000494653359056, 0.0125905545428, -0.00886287353933, 0.00235513946973, -0.0127607388422, 0.0197729524225, -0.012522992678, 0.00578414881602, -0.00885944347829, 0.00851920247078, -0.00727849593386, 0.00244959001429, -0.00205447361805], [-0.00176988553721, -0.0155529687181, 0.00889427401125, -0.0020038925577, 0.00824393238872, -0.012522992678, 0.0263104997575, -0.0129358991981, 0.010257913731, -0.009914631024, 0.00561510631815, -0.00378288677894, 0.00365238287486], [0.000112130255729, 0.0134082408622, -0.00854077469558, 0.00306670623831, -0.00834842398763, 0.00578414881602, -0.0129358991981, 0.0242637675256, -0.0169626157731, 0.00834356807172, -0.00297896447591, 0.00167012051679, -0.00141770287883], [-0.000367314525647, -0.0158038828522, 0.0122555084527, -0.00506828026846, 0.0101753743365, -0.00885944347829, 0.010257913731, -0.0169626157731, 0.0302828419954, -0.0153478840366, 0.00523800309747, -0.00164874014445, 0.00138039351441], [-0.000554863130674, 0.0155901927501, -0.0137432999909, 0.00589010026306, -0.0102646863088, 0.00851920247078, -0.009914631024, 0.00834356807172, -0.0153478840366, 0.0285549405962, -0.0103776408359, 0.00581721542403, -0.0041780397296], [0.000317933619954, -0.0133634218946, 0.0130706671625, -0.00618611741811, 0.00859844405204, -0.00727849593386, 0.00561510631815, -0.00297896447591, 0.00523800309747, -0.0103776408359, 0.0251949448138, -0.0114544117823, 0.00779630197212], [-0.000892070762347, 0.0109789790586, -0.0104083167389, 0.00569426640868, -0.00720749329776, 0.00244959001429, -0.00378288677894, 0.00167012051679, -0.00164874014445, 0.00581721542403, -0.0114544117823, 0.0277863834053, -0.0115946829319], [0.00036124419421, -0.0120947258547, 0.00900380034, -0.00524937268347, 0.00836853682995, -0.00205447361805, 0.00365238287486, -0.00141770287883, 0.00138039351441, -0.0041780397296, 0.00779630197212, -0.0115946829319, 0.0204686969519]]
    },
    "melbands": {
        "max": [0.00217307452112, 0.0119317146018, 0.00652075232938, 0.00975082721561, 0.0130588496104, 0.0110275195912, 0.0116834221408, 0.00695787556469, 0.0074217072688, 0.00780944013968, 0.00241255783476, 0.00345146935433, 0.00311497203074, 0.00215419591404, 0.00363530009054, 0.00355336396024, 0.0012497920543, 0.000797588494606, 0.000468230602564, 0.000897861551493, 0.00045001678518, 0.000270640477538, 0.000592767435592, 0.000364542502211, 0.000268988223979, 0.000155903006089, 0.000114149363071, 0.000100654455309, 7.84007497714e-05, 3.95048264181e-05, 1.48821181938e-05, 2.88771352643e-05, 6.81372102918e-06, 6.91299783284e-06, 3.93380378227e-06, 1.53260134539e-06, 2.73971954812e-06, 1.30508703933e-06, 1.00691318039e-06, 5.39554832812e-07],
        "mean": [0.000115474955237, 0.000686052662786, 0.000675624934956, 0.000931820308324, 0.000961718265899, 0.000472801999422, 0.000616899458691, 0.000478574394947, 0.000668307126034, 0.000377061078325, 0.00011502164125, 0.000214400555706, 0.00010731434304, 0.000172029991518, 0.000225569106988, 0.000188881211216, 2.80189215118e-05, 5.00678215758e-05, 3.84751692764e-05, 2.85573023575e-05, 3.29463036906e-05, 1.76615249075e-05, 2.67310879281e-05, 1.00650486274e-05, 3.31478645421e-06, 5.88008470004e-06, 3.53189784619e-06, 4.44899296781e-06, 2.1695061605e-06, 8.58900932599e-07, 6.26656174063e-07, 8.98617429357e-07, 3.15652783911e-07, 2.68960803851e-07, 2.20201471279e-07, 1.31723382424e-07, 1.8520935896e-07, 1.1438062586e-07, 9.2161265286e-08, 4.47906067791e-08],
        "min": [2.07195554935e-07, 1.37836593694e-06, 4.83823896502e-06, 5.80078585699e-06, 1.89156935448e-06, 7.09991581971e-06, 7.37942946216e-06, 1.13209680421e-05, 4.48466653324e-06, 2.1877740437e-06, 1.82171470442e-06, 8.64378876031e-07, 1.39949884215e-06, 1.33386902235e-06, 2.31559397434e-06, 1.26984411963e-06, 3.85113338552e-07, 1.04272714907e-06, 2.55964835105e-07, 2.84237728465e-07, 6.20439493559e-07, 4.69134846526e-07, 9.98981022349e-08, 1.02672260027e-07, 5.41681011157e-08, 1.16821155416e-07, 7.85959315408e-08, 3.45820296843e-08, 1.40349802891e-08, 1.24399379686e-08, 8.5164879593e-09, 7.13757364323e-09, 2.73862710287e-09, 3.26993521149e-09, 2.3217805456e-09, 1.874740585e-09, 1.9509895921e-09, 1.64552971249e-09, 8.26416823863e-10, 6.22365103897e-10],
        "stdev": [0.000197331566596, 0.0010092894081, 0.000715819187462, 0.000980261829682, 0.00150079734158, 0.000723335135262, 0.001005453174, 0.00059258309193, 0.000823066977318, 0.000668868771754, 0.000163780205185, 0.000374536815798, 0.000205553267733, 0.000225027528359, 0.000342267710948, 0.000355822761776, 7.62932177167e-05, 6.54879404465e-05, 4.4469081331e-05, 4.13745401602e-05, 4.28588209616e-05, 2.45961200562e-05, 4.78574438603e-05, 2.10446360143e-05, 9.34005129238e-06, 1.09696420623e-05, 6.66098048896e-06, 7.69510734244e-06, 4.45894511358e-06, 2.54162955571e-06, 1.39117264553e-06, 2.22622679757e-06, 6.23054688731e-07, 6.77222146805e-07, 4.0285601699e-07, 1.86153116033e-07, 2.9784220601e-07, 1.75387057766e-07, 1.52141851117e-07, 7.15086301284e-08]
    },
    "melbands128": {
        "max": [7.99976696726e-05, 0.000585410860367, 0.00351232266985, 0.0101130502298, 0.0190419070423, 0.0174417719245, 0.0113542918116, 0.0082382382825, 0.0171115305275, 0.0145687200129, 0.014132430777, 0.0172813013196, 0.0232776515186, 0.0230727661401, 0.0158631037921, 0.00675405748188, 0.00509498128667, 0.0221109334379, 0.0111542874947, 0.00722099654377, 0.0152500905097, 0.00874048750848, 0.0135713107884, 0.00610170001164, 0.00876670237631, 0.015243860893, 0.00173075450584, 0.00489573879167, 0.000961151206866, 0.00625179940835, 0.0044820336625, 0.00369169167243, 0.00234094471671, 0.00895024370402, 0.00144047103822, 0.00309741124511, 0.00583633128554, 0.000848701165523, 0.00959207490087, 0.00868429150432, 0.00603224243969, 0.0013915465679, 0.000492559513077, 0.00357592501678, 0.000324974127579, 0.00077423377661, 0.00237448629923, 0.000436436559539, 0.00044143764535, 0.00279485899955, 0.000539451488294, 0.000355808762833, 0.00123197026551, 0.000681668054312, 0.000870819494594, 0.000364741310477, 0.000189827638678, 0.00157716672402, 0.000442643766291, 0.00110904150642, 0.000315185519867, 0.000128073079395, 0.000338738784194, 0.000388094515074, 0.000143202429172, 0.000256725586951, 0.00048049603356, 0.000109514512587, 0.000145120211528, 0.0001471498108, 0.000221288675675, 0.000199118308956, 0.000214569809032, 4.48677019449e-05, 4.7864872613e-05, 7.05568600097e-05, 4.40260191681e-05, 7.23875609765e-06, 1.78038353624e-05, 3.87628060707e-05, 3.36522098223e-05, 5.7324370573e-05, 1.35145301101e-05, 1.34397087095e-05, 1.11735198516e-05, 1.63579370565e-05, 1.35501441036e-05, 9.66815150605e-06, 6.03209855399e-06, 4.1701491682e-06, 2.16042303691e-06, 1.13614748898e-06, 5.33519323653e-06, 5.37358391739e-06, 2.57352394328e-06, 2.1867876967e-06, 1.69802444816e-06, 1.82896451406e-06, 1.77902211362e-06, 1.16937485473e-06, 1.10783662421e-06, 6.3125781935e-07, 9.62731178333e-07, 1.72642648977e-06, 6.48202956199e-07, 6.81671110669e-07, 1.09822474315e-06, 1.11833242045e-06, 6.98280132383e-07, 6.22974141606e-07, 9.15186831207e-07, 7.51801962906e-07, 4.24423490131e-07, 6.49840899314e-07, 5.31957375927e-08, 4.70546126508e-08, 1.38780817949e-08, 4.80564654737e-09, 4.67527527803e-09, 4.54573179098e-09, 4.43373426862e-09, 4.34739977351e-09, 4.25338253507e-09, 4.1826861974e-09, 4.12636858016e-09, 4.07091871324e-09, 4.03171762642e-09, 4.01161104335e-09],
        "mean": [5.52410574528e-06, 1.85927583516e-05, 0.000113477020932, 0.000384810817195, 0.000889308808837, 0.000750490580685, 0.00060301652411, 0.000604538654443, 0.000810815894511, 0.00113928003702, 0.000804868817795, 0.000920897349715, 0.00120017386507, 0.000750690698624, 0.000502136419527, 0.000267035356956, 0.00034654137562, 0.000963145692367, 0.000591482734308, 0.00032215443207, 0.000472577783512, 0.000674504204653, 0.000913459749427, 0.000300377985695, 0.000522731512319, 0.000397152471123, 6.1152917624e-05, 0.000105713756057, 5.9535712353e-05, 0.000349817506503, 0.00022125247051, 5.38631175004e-05, 7.90277044871e-05, 0.00020491007308, 4.85588352603e-05, 0.000192861931282, 0.000342992512742, 3.71250316675e-05, 0.000366703403415, 0.000299127510516, 0.000142079108628, 3.7717007217e-05, 1.41544869621e-05, 3.73238835891e-05, 9.39509391173e-06, 4.74908447359e-05, 0.000117668707389, 1.49585248437e-05, 1.71140200109e-05, 4.15440699726e-05, 2.1845125957e-05, 2.41374655161e-05, 4.33708773926e-05, 2.61886980297e-05, 3.81040626962e-05, 4.78898891743e-06, 6.86605790179e-06, 4.77307039546e-05, 1.89930487977e-05, 1.93017949641e-05, 1.01647174233e-05, 3.87852196582e-06, 3.72558383788e-06, 2.88043929686e-06, 2.91672927233e-06, 5.68994801142e-06, 9.8194959719e-06, 2.64426194008e-06, 2.07165089705e-06, 3.83066480936e-06, 4.86233329866e-06, 4.85877581013e-06, 3.56630403076e-06, 1.27798443827e-06, 1.02128035451e-06, 1.26706083847e-06, 5.62402419746e-07, 2.44428548513e-07, 6.03896467055e-07, 1.13624457754e-06, 8.40177392547e-07, 1.06840980152e-06, 3.50839059138e-07, 2.27891050031e-07, 2.74625165275e-07, 2.26771021516e-07, 3.43712230233e-07, 2.02375176173e-07, 2.49812956099e-07, 1.88638281884e-07, 1.21091318306e-07, 9.48266176692e-08, 1.76214939529e-07, 2.11849155107e-07, 1.8854893824e-07, 1.25048629229e-07, 9.22997216435e-08, 1.03362403081e-07, 1.05243934456e-07, 7.98740273922e-08, 6.12771913211e-08, 2.91391675233e-08, 3.82865152915e-08, 3.61113592362e-08, 3.48853745891e-08, 3.51096112183e-08, 3.82127858245e-08, 4.80107260614e-08, 3.35859624556e-08, 3.06775227443e-08, 2.84023311536e-08, 2.59633310407e-08, 1.70034422098e-08, 5.58224000358e-09, 1.18759302392e-09, 1.18240139901e-09, 3.1927449573e-10, 7.2612632053e-12, 6.90897426076e-12, 6.71716675338e-12, 6.54287908575e-12, 6.40029826013e-12, 6.26710315588e-12, 6.15416224925e-12, 6.03204422175e-12, 5.89438220455e-12, 5.80833818542e-12, 5.77212539918e-12],
        "min": [3.78834824621e-10, 4.32934825767e-08, 9.67470015212e-08, 6.78347475969e-08, 3.76356467768e-07, 2.19410750901e-07, 2.9526961498e-07, 3.9127971263e-07, 1.61757816386e-06, 9.08058495952e-07, 2.04525326808e-06, 1.17378715458e-06, 1.74844035428e-06, 3.32812419401e-07, 9.72450607151e-07, 3.13422390263e-07, 2.26495876632e-06, 2.69042544687e-07, 3.50735859911e-07, 8.0370074329e-07, 1.01203636405e-06, 3.27032694258e-06, 2.3281927497e-07, 8.66667619448e-07, 4.95416543345e-07, 2.32267836964e-07, 3.20144579291e-07, 1.00768559719e-07, 2.0983607385e-07, 3.04934985706e-07, 1.72400007159e-07, 8.22044015081e-08, 2.3366789037e-07, 2.28066468821e-07, 6.12743860984e-07, 4.57453097624e-07, 6.10437723481e-07, 4.22483026341e-07, 1.04373732768e-07, 4.63438396991e-07, 1.95057936025e-07, 8.56637001334e-08, 6.22573068654e-08, 9.96410847165e-08, 7.40946575206e-08, 1.42015551319e-07, 5.44622480447e-07, 1.01860365476e-07, 4.37440981216e-08, 3.85815326354e-08, 1.12164840971e-07, 7.39695877883e-08, 6.04264940307e-08, 2.0367548359e-07, 6.54685408108e-08, 5.25620436065e-08, 6.957566967e-08, 1.02326524143e-07, 4.57218689576e-08, 3.2745852252e-08, 6.17569497763e-08, 6.51540190688e-08, 1.38921789627e-08, 3.01803559921e-08, 2.0673574852e-08, 7.39573025044e-08, 3.57220599767e-08, 2.54739394023e-08, 8.63924753958e-09, 1.54795234408e-08, 1.30450352742e-08, 9.28267063216e-09, 1.0433241826e-08, 2.21067786299e-09, 3.32820171423e-09, 9.38328437172e-09, 6.48361275779e-09, 2.25782104124e-09, 5.88045345751e-09, 3.36532690604e-09, 1.09362396916e-09, 2.13253792403e-09, 3.71199559979e-09, 1.08747755245e-09, 1.65951474784e-09, 1.06416631063e-09, 2.17417572834e-09, 6.62187304989e-10, 6.30401841839e-10, 9.18437270681e-10, 5.22162646455e-10, 2.3495644319e-10, 1.1925544996e-09, 5.28665888844e-10, 6.9774158673e-10, 3.68824110142e-10, 1.14567313969e-10, 7.87243256695e-11, 3.55028145771e-10, 1.71833852702e-10, 2.82583262345e-10, 5.57900184384e-11, 1.84088837923e-11, 5.7083792554e-11, 5.51452702946e-11, 4.65158606078e-11, 2.73444305393e-11, 3.76610228463e-13, 1.85839746912e-13, 1.16331897999e-13, 8.94913551358e-14, 7.60656660814e-14, 7.07350166938e-14, 5.11495685217e-14, 6.1817887506e-14, 6.85533240959e-14, 7.17464350192e-14, 8.23567830686e-14, 7.34839774208e-14, 6.85581555719e-14, 8.50788691342e-14, 8.46535298457e-14, 7.50874988814e-14, 6.71098240998e-14, 5.82089647208e-14, 1.87891982382e-14, 2.9324630035e-15, 1.04962847134e-16],
        "stdev": [7.6226051533e-06, 4.00105709559e-05, 0.000264562986558, 0.000683642516378, 0.00147958565503, 0.00117616425268, 0.000906744273379, 0.000834368809592, 0.00125449348707, 0.00139558932278, 0.00114957406186, 0.00170879717916, 0.00249611632898, 0.00151580246165, 0.00101831834763, 0.000492328137625, 0.00054767052643, 0.0018845932791, 0.00102716416586, 0.000595458317548, 0.00100947765168, 0.000937676755711, 0.00143576378468, 0.000580492021982, 0.000957168813329, 0.00107859726995, 0.000101705249108, 0.000284038775135, 8.22706861072e-05, 0.00067277951166, 0.000414328940678, 0.00018224309315, 0.000177591529791, 0.000558158149943, 0.000110812128696, 0.000301453575958, 0.000561818364076, 5.72647877561e-05, 0.000858220970258, 0.000685503298882, 0.000472697633086, 9.09804584808e-05, 3.17496778734e-05, 0.000176438610652, 2.16976368392e-05, 6.71041125315e-05, 0.000190178820048, 2.84917077806e-05, 4.01861470891e-05, 0.000123244783026, 3.48460634996e-05, 3.50916234311e-05, 0.000100279787148, 4.87885081384e-05, 7.30020765332e-05, 1.302574492e-05, 1.46547672557e-05, 0.000100437922811, 4.27272170782e-05, 6.60892619635e-05, 2.09974150494e-05, 7.88384841144e-06, 1.36684720928e-05, 1.24110483739e-05, 8.47659612191e-06, 1.32044797283e-05, 2.3652541131e-05, 7.00592818248e-06, 6.54045879855e-06, 9.38103949011e-06, 1.05918916233e-05, 1.16967667054e-05, 1.14993481475e-05, 2.59821194959e-06, 3.16303407999e-06, 4.63197102363e-06, 1.94178869606e-06, 4.48340642834e-07, 1.50352002493e-06, 3.21069933307e-06, 2.53562734542e-06, 3.64144398191e-06, 8.33837077607e-07, 7.04041156041e-07, 8.01047633558e-07, 8.01502494596e-07, 1.16199441891e-06, 6.09977007571e-07, 5.40090979939e-07, 3.36814139246e-07, 1.86031513749e-07, 1.38109442105e-07, 4.38719126805e-07, 4.10279170637e-07, 3.09971596835e-07, 2.30171664839e-07, 1.71607709376e-07, 1.9739850643e-07, 1.99567139703e-07, 1.42948380244e-07, 1.14457904488e-07, 5.41404929777e-08, 8.45012095851e-08, 9.34649122541e-08, 7.18382437981e-08, 6.73591529221e-08, 9.54657934926e-08, 1.10198527636e-07, 6.72929232337e-08, 6.55582255149e-08, 6.99635762658e-08, 6.76357885254e-08, 4.49231585264e-08, 2.56787995312e-08, 4.10289580088e-09, 3.73528763475e-09, 1.07595599097e-09, 1.07273141758e-10, 1.04349758001e-10, 1.01407895969e-10, 9.88658876988e-11, 9.6873210842e-11, 9.47527126205e-11, 9.31490926059e-11, 9.18683948359e-11, 9.06217670349e-11, 8.97423316215e-11, 8.92876605985e-11]
    },
    "mfcc": {
        "mean": [-655.270751953, 173.970596313, -32.8150253296, 10.5614519119, -6.42389774323, -5.66109228134, -7.91967344284, -7.44998645782, -7.34515666962, -2.17379021645, -10.2265758514, 4.29072999954, -0.695566415787],
        "cov": [[1567.49438477, -828.16192627, 273.380523682, -0.425023794174, 27.3218307495, 61.791053772, 128.378204346, 138.122848511, 32.0037155151, 111.895072937, 262.849945068, 50.4105873108, -68.0836181641], [-828.16192627, 752.574157715, -118.261016846, 58.6271133423, -14.5272827148, -3.88343024254, -53.0914001465, -85.539390564, 26.4381942749, -69.133605957, -175.972747803, -40.1417655945, 62.9423294067], [273.380523682, -118.261016846, 243.961898804, 35.5956115723, 32.5384750366, 50.7398834229, 50.5827674866, 32.3198890686, 27.2362270355, 20.1209487915, 71.3888626099, 1.33184933662, -8.29225921631], [-0.425023794174, 58.6271133423, 35.5956115723, 109.246315002, 29.6280422211, 11.9826784134, 10.8888978958, -8.15240287781, 11.6245508194, -11.1256055832, 0.680493891239, -1.65783858299, 1.81438267231], [27.3218307495, -14.5272827148, 32.5384750366, 29.6280422211, 89.0456314087, 37.2072105408, 17.3794021606, 19.6988315582, 7.41345405579, 11.6557588577, 15.3538208008, 9.58534240723, 8.21482944489], [61.791053772, -3.88343024254, 50.7398834229, 11.9826784134, 37.2072105408, 100.448532104, 44.1785964966, 19.2077255249, 8.8524274826, 4.22560358047, 14.2264595032, 8.70907402039, 11.2395067215], [128.378204346, -53.0914001465, 50.5827674866, 10.8888978958, 17.3794021606, 44.1785964966, 95.2250366211, 45.5228233337, 4.33363962173, 9.76170635223, 40.1406822205, 19.4819259644, -1.84110093117], [138.122848511, -85.539390564, 32.3198890686, -8.15240287781, 19.6988315582, 19.2077255249, 45.5228233337, 103.727523804, 25.0809192657, 15.5321969986, 33.1983604431, 19.4381484985, 15.2785081863], [32.0037155151, 26.4381942749, 27.2362270355, 11.6245508194, 7.41345405579, 8.8524274826, 4.33363962173, 25.0809192657, 90.5237960815, 34.7249908447, 1.0405755043, -14.8535718918, 6.22621631622], [111.895072937, -69.133605957, 20.1209487915, -11.1256055832, 11.6557588577, 4.22560358047, 9.76170635223, 15.5321969986, 34.7249908447, 84.4890594482, 42.3125991821, -4.14984989166, -11.5868368149], [262.849945068, -175.972747803, 71.3888626099, 0.680493891239, 15.3538208008, 14.2264595032, 40.1406822205, 33.1983604431, 1.0405755043, 42.3125991821, 153.712844849, 46.7422561646, -42.0387077332], [50.4105873108, -40.1417655945, 1.33184933662, -1.65783858299, 9.58534240723, 8.70907402039, 19.4819259644, 19.4381484985, -14.8535718918, -4.14984989166, 46.7422561646, 92.9524612427, 22.7189445496], [-68.0836181641, 62.9423294067, -8.29225921631, 1.81438267231, 8.21482944489, 11.2395067215, -1.84110093117, 15.2785081863, 6.22621631622, -11.5868368149, -42.0387077332, 22.7189445496, 104.90675354]],
        "icov": [[0.00204497645609, 0.00200432701968, -0.000734225206543, -0.000935205316637, 0.000909087306354, -0.000531995436177, -0.000608862261288, -0.000281965680188, -0.00068274163641, -0.000399633951019, -0.000666001287755, 0.000150930529344, -0.00020424980903], [0.00200432701968, 0.00421292567626, 4.82985378767e-05, -0.00195489777252, 0.00101420038845, -0.000976190087385, -0.000868084316608, 0.00125100684818, -0.00219065719284, 0.000612236442976, 0.000967277213931, -1.62458454724e-05, -0.000772761239205], [-0.000734225206543, 4.82985378767e-05, 0.00647863838822, -0.0012614907464, -0.000656657270156, -0.00167506525759, -0.00107208255213, 0.000578681123443, -0.00152420077939, 0.00137027865276, -0.00259130983613, 0.00201597181149, -0.00107695814222], [-0.000935205316637, -0.00195489777252, -0.0012614907464, 0.0126327071339, -0.00492413062602, 0.00183812808245, -0.0017327403184, 0.00254538212903, -0.00189151463564, 0.00312085379846, -0.000780799775384, 0.000273097190075, 0.000120234835777], [0.000909087306354, 0.00101420038845, -0.000656657270156, -0.00492413062602, 0.0160866864026, -0.00563415372744, 0.00176971894689, -0.00297310668975, 0.0012530926615, -0.00308543466963, 2.43123413384e-05, -0.000866827031132, -0.000394936447265], [-0.000531995436177, -0.000976190087385, -0.00167506525759, 0.00183812808245, -0.00563415372744, 0.0155514413491, -0.00638343114406, 0.00163827941287, -0.000730985484552, 0.000918885634746, 0.00040267847362, 5.9445075749e-05, -0.00120598298963], [-0.000608862261288, -0.000868084316608, -0.00107208255213, -0.0017327403184, 0.00176971894689, -0.00638343114406, 0.0184045024216, -0.00698000798002, 0.00258876988664, -0.00094669329701, -0.00124884152319, -0.00141022005118, 0.00150255823974], [-0.000281965680188, 0.00125100684818, 0.000578681123443, 0.00254538212903, -0.00297310668975, 0.00163827941287, -0.00698000798002, 0.0163612049073, -0.0055507295765, 0.0021499954164, -0.00121628120542, -0.000472886429634, -0.00319797871634], [-0.00068274163641, -0.00219065719284, -0.00152420077939, -0.00189151463564, 0.0012530926615, -0.000730985484552, 0.00258876988664, -0.0055507295765, 0.0173268616199, -0.0079118674621, 0.00133670202922, 0.00174415158108, -0.00012675007747], [-0.000399633951019, 0.000612236442976, 0.00137027865276, 0.00312085379846, -0.00308543466963, 0.000918885634746, -0.00094669329701, 0.0021499954164, -0.0079118674621, 0.0192195195705, -0.00584736280143, 0.00333324703388, -0.00123162718955], [-0.000666001287755, 0.000967277213931, -0.00259130983613, -0.000780799775384, 2.43123413384e-05, 0.00040267847362, -0.00124884152319, -0.00121628120542, 0.00133670202922, -0.00584736280143, 0.0166207123548, -0.00877520442009, 0.00674181664363], [0.000150930529344, -1.62458454724e-05, 0.00201597181149, 0.000273097190075, -0.000866827031132, 5.9445075749e-05, -0.00141022005118, -0.000472886429634, 0.00174415158108, 0.00333324703388, -0.00877520442009, 0.0176002774388, -0.00669541629031], [-0.00020424980903, -0.000772761239205, -0.00107695814222, 0.000120234835777, -0.000394936447265, -0.00120598298963, 0.00150255823974, -0.00319797871634, -0.00012675007747, -0.00123162718955, 0.00674181664363, -0.00669541629031, 0.0144514916465]]
    },
    "spectral_contrast_coeffs": {
        "max": [-0.382188647985, -0.452871054411, -0.492840319872, -0.526924192905, -0.55954438448, -0.662326872349],
        "mean": [-0.647346377373, -0.704082369804, -0.695300936699, -0.718788146973, -0.74626749754, -0.754826843739],
        "min": [-0.903324604034, -0.900346517563, -0.924247384071, -0.858759403229, -0.851226687431, -0.848699450493],
        "stdev": [0.0754132419825, 0.0588148348033, 0.0557556524873, 0.0517674386501, 0.0429482571781, 0.0257133264095]
    },
    "spectral_contrast_valleys": {
        "max": [-5.30177927017, -4.92259550095, -5.93130970001, -6.47750520706, -6.37446308136, -9.72685623169],
        "mean": [-6.82203912735, -6.25059652328, -7.28852796555, -7.7260556221, -8.13561153412, -11.5486087799],
        "min": [-9.37821006775, -7.83411216736, -8.60112667084, -8.78223228455, -9.4375295639, -12.9191226959],
        "stdev": [0.631474673748, 0.430786401033, 0.392706334591, 0.357056707144, 0.427829682827, 0.743456482887]
    }
},
"rhythm": {
    "beats_count": 65,
    "beats_loudness": {
        "max": 0.0983232110739,
        "mean": 0.0321443676949,
        "min": 0.00862533971667,
        "stdev": 0.0150140542537
    },
    "bpm": 81.3547821045,
    "bpm_histogram_first_peak_bpm": 81,
    "bpm_histogram_first_peak_weight": 0.09375,
    "bpm_histogram_second_peak_bpm": 0,
    "bpm_histogram_second_peak_spread": 0,
    "bpm_histogram_second_peak_weight": 0,
    "danceability": 0.995546460152,
    "onset_rate": 0.73828125,
    "beats_loudness_band_ratio": {
        "max": [0.766887485981, 0.736552655697, 0.689724862576, 0.591885745525, 0.282195627689, 0.0368501842022],
        "mean": [0.228453189135, 0.307509958744, 0.285907387733, 0.168241158128, 0.0656890496612, 0.00826893746853],
        "min": [0.0115690920502, 0.0374179519713, 0.0522120371461, 0.0121671715751, 0.00760603835806, 0.000793180719484],
        "stdev": [0.173653081059, 0.206851303577, 0.138832643628, 0.123458281159, 0.0527039952576, 0.00726221082732]
    },
    "beats_position": [0.719818592072, 1.45124709606, 2.18267560005, 2.91410422325, 3.63392281532, 4.3653512001, 5.0967798233, 5.81659841537, 6.53641700745, 7.26784563065, 7.98766422272, 8.71909236908, 9.45052146912, 10.1819496155, 10.9133787155, 11.656416893, 12.3994560242, 13.1424942017, 13.8623123169, 14.5821313858, 15.3135595322, 16.0449886322, 16.7880268097, 17.5310649872, 18.2741031647, 19.0171432495, 19.760181427, 20.5032196045, 21.246257782, 21.9892959595, 22.7323360443, 23.4753742218, 24.2184123993, 24.9614505768, 25.7044887543, 26.4475269318, 27.1789569855, 27.9103851318, 28.6418132782, 29.3848514557, 30.1278915405, 30.870929718, 31.6023578644, 32.3453979492, 33.0884361267, 33.8314743042, 34.5745124817, 35.3175506592, 36.0489807129, 36.7804069519, 37.5234451294, 38.2664833069, 39.0095214844, 39.7525634766, 40.4839897156, 41.2270278931, 41.981678009, 42.7247161865, 43.467754364, 44.2107925415, 44.953830719, 45.6968688965, 46.439907074, 47.1829452515, 47.9259872437],
