{
"metadata": {
    "version": {
        "essentia": "2.1-beta5",
        "essentia_git_sha": "Undefined",
        "extractor": "music 2.0"
    },
    "audio_properties": {
        "analysis": {
            "equal_loudness": 0,
            "length": 12.7477550507,
            "sample_rate": 44100,
            "start_time": 0,
            "downmix": "mix"
        },
        "bit_rate": 192000,
        "length": 171.96697998,
        "lossless": 0,
        "number_channels": 2,
        "replay_gain": -2.79020309448,
        "sample_rate": 44100,
        "codec": "mp3",
        "md5_encoded": "fc34454da559fb8525bf15135b9014f4"
    },
    "tags": {
        "file_name": "Russia_Kolybelnaya Dlya Vulkana_Philipp Kirkorov.mp3",
        "encoding": ["Lavf58.29.100"]
    }
},
"lowlevel": {
    "average_loudness": 0.711808681488,
    "barkbands_crest": {
        "max": 20.8180465698,
        "mean": 7.46277809143,
        "min": 2.14619445801,
        "stdev": 3.54786658287
    },
    "barkbands_flatness_db": {
        "max": 0.355841219425,
        "mean": 0.140398830175,
        "min": 0.0106024807319,
        "stdev": 0.0715470165014
    },
    "barkbands_kurtosis": {
        "max": 22.2431850433,
        "mean": 1.37660455704,
        "min": -1.76645827293,
        "stdev": 3.49971628189
    },
    "barkbands_skewness": {
        "max": 3.67229247093,
        "mean": 0.822669148445,
        "min": -2.08511209488,
        "stdev": 0.779040634632
    },
    "barkbands_spread": {
        "max": 82.71144104,
        "mean": 25.246881485,
        "min": 1.51529109478,
        "stdev": 22.8502159119
    },
    "dissonance": {
        "max": 0.5,
        "mean": 0.453824847937,
        "min": 0.266092658043,
        "stdev": 0.0406463444233
    },
    "dynamic_complexity": 10.5677776337,
    "erbbands_crest": {
        "max": 29.176574707,
        "mean": 9.03823661804,
        "min": 2.04599189758,
        "stdev": 5.13141918182
    },
    "erbbands_flatness_db": {
        "max": 0.337244808674,
        "mean": 0.18203791976,
        "min": 0.0550697483122,
        "stdev": 0.0692211687565
    },
    "erbbands_kurtosis": {
        "max": 25.5174427032,
        "mean": 0.300579190254,
        "min": -1.77820980549,
        "stdev": 2.18306136131
    },
    "erbbands_skewness": {
        "max": 3.86283421516,
        "mean": 0.204822406173,
        "min": -2.46593880653,
        "stdev": 0.683411478996
    },
    "erbbands_spread": {
        "max": 103.000518799,
        "mean": 31.7622089386,
        "min": 4.13043832779,
        "stdev": 20.9186077118
    },
    "hfc": {
        "max": 65.8029556274,
        "mean": 11.1419630051,
        "min": 1.16806716929e-16,
        "stdev": 14.3407258987
    },
    "loudness_ebu128": {
        "integrated": -21.7587909698,
        "loudness_range": 6.60739326477,
        "momentary": {
            "max": -18.0778408051,
            "mean": -30.3934593201,
            "min": -53.1305007935,
            "stdev": 11.9811897278
        },
        "short_term": {
            "max": -20.0015201569,
            "mean": -24.319229126,
            "min": -49.1301422119,
            "stdev": 6.49915504456
        }
    },
    "melbands_crest": {
        "max": 30.6311588287,
        "mean": 10.3477678299,
        "min": 2.39285707474,
        "stdev": 4.43521642685
    },
    "melbands_flatness_db": {
        "max": 0.481388956308,
        "mean": 0.207557782531,
        "min": 0.00609365617856,
        "stdev": 0.0866569727659
    },
    "melbands_kurtosis": {
        "max": 37.8103523254,
        "mean": 4.57223558426,
        "min": -1.76377999783,
        "stdev": 5.50212812424
    },
    "melbands_skewness": {
        "max": 5.08468341827,
        "mean": 1.58088874817,
        "min": -0.460230320692,
        "stdev": 0.966621875763
    },
    "melbands_spread": {
        "max": 204.415374756,
        "mean": 28.1935119629,
        "min": 1.3504832983,
        "stdev": 23.9248428345
    },
    "pitch_salience": {
        "max": 0.898218393326,
        "mean": 0.612530529499,
        "min": 0.235202014446,
        "stdev": 0.121452137828
    },
    "silence_rate_20dB": {
        "max": 1,
        "mean": 1,
        "min": 1,
        "stdev": 0
    },
    "silence_rate_30dB": {
        "max": 1,
        "mean": 1,
        "min": 1,
        "stdev": 0
    },
    "silence_rate_60dB": {
        "max": 1,
        "mean": 0.396363645792,
        "min": 0,
        "stdev": 0.489142030478
    },
    "spectral_centroid": {
        "max": 11057.0400391,
        "mean": 1277.796875,
        "min": 202.232818604,
        "stdev": 893.029296875
    },
    "spectral_complexity": {
        "max": 36,
        "mean": 10.7872724533,
        "min": 0,
        "stdev": 9.31158542633
    },
    "spectral_decrease": {
        "max": -3.41225494376e-29,
        "mean": -4.16992440577e-09,
        "min": -2.42756481583e-08,
        "stdev": 5.01391017593e-09
    },
    "spectral_energy": {
        "max": 0.0966799408197,
        "mean": 0.016748867929,
        "min": 1.07234927207e-20,
        "stdev": 0.0201223008335
    },
    "spectral_energyband_high": {
        "max": 0.00583035917953,
        "mean": 0.000101573699794,
        "min": 7.66170549381e-21,
        "stdev": 0.000463278411189
    },
    "spectral_energyband_low": {
        "max": 0.0341441296041,
        "mean": 0.00319895520806,
        "min": 1.11205128586e-22,
        "stdev": 0.0051024206914
    },
    "spectral_energyband_middle_high": {
        "max": 0.027630938217,
        "mean": 0.00404341286048,
        "min": 1.67898156134e-21,
        "stdev": 0.00600480893627
    },
    "spectral_energyband_middle_low": {
        "max": 0.085759729147,
        "mean": 0.0103824594989,
        "min": 2.90815024214e-22,
        "stdev": 0.0132670709863
    },
    "spectral_entropy": {
        "max": 9.79494857788,
        "mean": 7.2715382576,
        "min": 5.4188747406,
        "stdev": 0.745709180832
    },
    "spectral_flux": {
        "max": 0.162686660886,
        "mean": 0.0364763587713,
        "min": 1.03554297082e-10,
        "stdev": 0.0316521637142
    },
    "spectral_kurtosis": {
        "max": 33.5943641663,
        "mean": 10.189614296,
        "min": -1.23395490646,
        "stdev": 8.25651359558
    },
    "spectral_rms": {
        "max": 0.00971194542944,
        "mean": 0.00312646361999,
        "min": 3.2344929686e-12,
        "stdev": 0.00256233871914
    },
    "spectral_rolloff": {
        "max": 18712.3535156,
        "mean": 2448.7512207,
        "min": 193.798828125,
        "stdev": 2775.7097168
    },
    "spectral_skewness": {
        "max": 5.03658771515,
        "mean": 2.18507194519,
        "min": -0.0587282851338,
        "stdev": 0.988520264626
    },
    "spectral_spread": {
        "max": 41297860,
        "mean": 4075108,
        "min": 1570353.875,
        "stdev": 2854729.25
    },
    "spectral_strongpeak": {
        "max": 6.9567489624,
        "mean": 0.966210961342,
        "min": 0,
        "stdev": 1.28287148476
    },
    "zerocrossingrate": {
        "max": 0.51025390625,
        "mean": 0.074180573225,
        "min": 0.00927734375,
        "stdev": 0.0653773471713
    },
    "barkbands": {
        "max": [4.53241664218e-05, 0.00668701529503, 0.0199346933514, 0.021176405251, 0.0179920643568, 0.019633796066, 0.015473104082, 0.0696651637554, 0.0356947742403, 0.00956622511148, 0.0125030344352, 0.00767534598708, 0.0130661195144, 0.00272214552388, 0.00691518746316, 0.00312292086892, 0.00266170408577, 0.00259052333422, 0.00118516944349, 0.00151305482723, 0.000571210635826, 0.00202003028244, 0.00147896830458, 0.00191829772666, 0.000272770528682, 2.05852484214e-06, 1.31429476369e-06],
        "mean": [5.1450774663e-06, 0.000882363296114, 0.00143223488703, 0.00140018668026, 0.0017244516639, 0.00142258580308, 0.00172852899414, 0.00221771933138, 0.00172548333649, 0.000770109414589, 0.00057431316236, 0.000371354806703, 0.000972729292698, 0.000375297939172, 0.00045028468594, 0.000184651114978, 0.000167130347108, 0.00014522721176, 7.16112845112e-05, 5.14357197972e-05, 2.43751019298e-05, 2.03947402042e-05, 1.45724352478e-05, 1.33709127113e-05, 2.56178259406e-06, 7.0221955184e-07, 6.12619501794e-08],
        "min": [1.16129010607e-23, 5.47073649376e-23, 2.24277778079e-23, 2.71381972239e-23, 1.40993977337e-23, 5.81852065441e-23, 1.9961107576e-23, 9.66044744332e-23, 7.23449821138e-23, 3.28273390101e-23, 2.14343756829e-22, 6.68168152839e-23, 1.29667805916e-22, 7.96765733253e-23, 1.39153574312e-22, 1.07935508393e-22, 2.1272514047e-22, 3.5846200516e-22, 2.29963833842e-22, 2.47547278362e-22, 4.32845277635e-22, 4.79295275757e-22, 5.45585895574e-22, 1.04021415346e-21, 1.29697446891e-21, 1.53294520718e-21, 2.4789809301e-21],
        "stdev": [7.08725428922e-06, 0.00102795823477, 0.00282893003896, 0.00270703062415, 0.00265561114065, 0.00278876023367, 0.00299331429414, 0.0073228715919, 0.00427981466055, 0.00169822678436, 0.00137777277268, 0.000817442138214, 0.00200278568082, 0.000554343394469, 0.00100717216264, 0.000424277997809, 0.000351499795215, 0.000356877921149, 0.000150943844346, 0.000137714305311, 5.92493342992e-05, 0.000127729406813, 0.000112493500637, 0.000130461834488, 1.82220846909e-05, 1.31804895886e-07, 5.94600457759e-08]
    },
    "erbbands": {
        "max": [0.0634630396962, 2.15680384636, 17.3415279388, 64.3635101318, 69.0184173584, 95.5418319702, 71.4676971436, 208.929199219, 232.774139404, 189.955932617, 1990.34692383, 1026.50134277, 351.775146484, 366.207550049, 387.973632812, 352.580383301, 703.13482666, 135.183609009, 401.533813477, 108.553855896, 216.806777954, 102.511817932, 114.285545349, 134.819671631, 79.2853012085, 95.4524002075, 23.1569957733, 34.2866592407, 75.7851486206, 44.3708953857, 44.7588920593, 62.0571632385, 16.5924530029, 4.85955286026, 0.551772117615, 0.0383140072227, 0.0043563391082, 0.00100895832293, 0.000211116755963, 0.000110312445031],
        "mean": [0.0130449933931, 0.262483656406, 1.42278194427, 3.77505636215, 5.42433929443, 5.60507965088, 7.20716905594, 12.4691200256, 22.9393501282, 19.4413871765, 65.9541549683, 49.4707145691, 17.7193279266, 29.8178367615, 21.4455013275, 20.9552249908, 49.5342903137, 16.8692073822, 30.9459552765, 10.7326965332, 12.6544342041, 7.6610584259, 7.11483049393, 6.27501487732, 4.12201929092, 2.97548365593, 1.2371032238, 0.80925154686, 0.840974152088, 0.519094288349, 0.398225933313, 0.396308600903, 0.137956827879, 0.0427854210138, 0.0102367037907, 0.00339172733948, 0.00119655812159, 0.000239090571995, 1.41596183312e-05, 1.96768687601e-05],
        "min": [1.552581861e-21, 1.2430871861e-20, 2.68971847936e-20, 8.33044224497e-20, 2.64929358121e-20, 4.39989161603e-20, 1.79760279931e-19, 5.21493018654e-19, 4.0518840015e-19, 5.93154156662e-19, 2.44023264466e-18, 1.92046915727e-18, 1.04731136473e-18, 4.21422176393e-18, 7.61356226384e-18, 3.08054116272e-18, 5.20876334828e-18, 4.45592931559e-18, 8.99103884096e-18, 4.96564255854e-18, 6.7581491498e-18, 1.24697022393e-17, 1.55744775192e-17, 1.40524056351e-17, 1.27274062232e-17, 1.25631273264e-17, 1.29462343728e-17, 1.90096973918e-17, 1.73672376413e-17, 1.59260937996e-17, 1.62938980047e-17, 2.02262782408e-17, 1.88565713712e-17, 1.60498234757e-17, 7.97056183569e-18, 5.69332905984e-18, 3.02809253521e-18, 1.25591783662e-18, 3.32143388978e-19, 3.59252747214e-20],
        "stdev": [0.0130777638406, 0.324322074652, 2.62792468071, 7.37124490738, 9.04545211792, 9.87018871307, 11.801322937, 25.4820690155, 43.8422851562, 27.2456283569, 206.102111816, 120.587966919, 36.8225326538, 59.3764762878, 42.067527771, 37.8252449036, 102.563812256, 22.4193382263, 63.38022995, 17.6555042267, 29.1095466614, 15.7500228882, 15.7704696655, 15.557059288, 9.32769203186, 8.33433818817, 2.84535479546, 2.58170676231, 4.78726196289, 3.5757317543, 3.28746700287, 3.8741505146, 1.2971752882, 0.356741398573, 0.0382171235979, 0.0023745240178, 0.000262532383204, 6.0720682086e-05, 1.36693215609e-05, 2.32701786445e-05]
    },
    "gfcc": {
        "mean": [-116.682327271, 114.091331482, -117.649673462, 8.50970840454, -49.7019195557, 8.59111881256, -36.5056419373, 5.62221097946, -25.3352813721, 5.93241691589, -17.1680641174, -2.93990802765, -15.4216918945],
        "cov": [[14935.4189453, 5918.95605469, -2897.28051758, -589.816711426, 912.834411621, -1132.42272949, 614.590332031, -546.276428223, 370.799072266, -484.334594727, 329.824798584, -736.474121094, -29.298412323], [5918.95605469, 3416.12207031, -869.332580566, -676.964050293, 668.245910645, -516.516418457, 200.084609985, -247.840072632, 134.473709106, -236.182632446, 208.190109253, -327.887481689, 27.5150165558], [-2897.28051758, -869.332580566, 1130.96569824, 130.811294556, -237.184539795, 292.966064453, -158.373596191, 83.9518051147, -117.434585571, 75.9469451904, -50.4912452698, 129.464324951, 39.0461997986], [-589.816711426, -676.964050293, 130.811294556, 517.224060059, -180.461700439, 45.9482002258, 96.0168228149, -19.9413394928, -19.3843154907, 16.5997505188, -82.1638412476, 6.87715435028, -14.9387769699], [912.834411621, 668.245910645, -237.184539795, -180.461700439, 333.864593506, -83.5572814941, 31.2340507507, -1.23720943928, 4.65826892853, -64.7077941895, 31.6104812622, -40.4942054749, 7.21933460236], [-1132.42272949, -516.516418457, 292.966064453, 45.9482002258, -83.5572814941, 196.664077759, -56.8849830627, 55.1648902893, -34.9427947998, 44.2848739624, -25.3091239929, 69.3436203003, 8.91979694366], [614.590332031, 200.084609985, -158.373596191, 96.0168228149, 31.2340507507, -56.8849830627, 159.174591064, -14.0326166153, 35.4476509094, -14.8006706238, -2.91881370544, -54.3531532288, -7.45998668671], [-546.276428223, -247.840072632, 83.9518051147, -19.9413394928, -1.23720943928, 55.1648902893, -14.0326166153, 91.2759246826, 0.43446290493, 18.6635570526, -10.4971351624, 32.4047393799, -3.10894989967], [370.799072266, 134.473709106, -117.434585571, -19.3843154907, 4.65826892853, -34.9427947998, 35.4476509094, 0.43446290493, 66.2620849609, 3.19095206261, 13.8394155502, -27.70677948, -8.62485408783], [-484.334594727, -236.182632446, 75.9469451904, 16.5997505188, -64.7077941895, 44.2848739624, -14.8006706238, 18.6635570526, 3.19095206261, 68.2841644287, -4.53909540176, 25.0920562744, -4.19404029846], [329.824798584, 208.190109253, -50.4912452698, -82.1638412476, 31.6104812622, -25.3091239929, -2.91881370544, -10.4971351624, 13.8394155502, -4.53909540176, 61.8871116638, -2.62186646461, 6.81146240234], [-736.474121094, -327.887481689, 129.464324951, 6.87715435028, -40.4942054749, 69.3436203003, -54.3531532288, 32.4047393799, -27.70677948, 25.0920562744, -2.62186646461, 92.0553817749, 19.6351833344], [-29.298412323, 27.5150165558, 39.0461997986, -14.9387769699, 7.21933460236, 8.91979694366, -7.45998668671, -3.10894989967, -8.62485408783, -4.19404029846, 6.81146240234, 19.6351833344, 53.431854248]],
        "icov": [[0.00104367826134, -0.00260517606512, 0.00228297058493, -0.00220840913244, 0.00237670727074, -0.00163556647021, 0.00144092482515, -0.00240215030499, 0.00117844599299, 0.000494095613249, -0.000286406546365, 0.000250006705755, -0.000184960561455], [-0.00260517606512, 0.00906509254128, -0.00654409173876, 0.00802657566965, -0.00841357372701, 0.00614831503481, -0.0058023026213, 0.0106305601075, -0.00478985672817, 0.00108130718581, -0.00160036596935, 0.00291866273619, -0.000708294857759], [0.00228297058493, -0.00654409173876, 0.00716037023813, -0.00594838988036, 0.00675476528704, -0.00603327574208, 0.00480847852305, -0.00768917892128, 0.00524856429547, 0.000101266094134, -0.000236541294726, 0.000179276845302, -0.00113599351607], [-0.00220840913244, 0.00802657566965, -0.00594838988036, 0.0112495301291, -0.00560453999788, 0.00524802459404, -0.00887570250779, 0.0113242166117, -0.00338531238958, 0.00213935156353, 0.00228826934472, 0.00119172676932, 0.000340508093359], [0.00237670727074, -0.00841357372701, 0.00675476528704, -0.00560453999788, 0.0132729411125, -0.005503884051, 0.00384597363882, -0.0115064755082, 0.0069498103112, 0.00233279005624, 0.00141977216117, -0.00224846461788, 7.58586611482e-05], [-0.00163556647021, 0.00614831503481, -0.00603327574208, 0.00524802459404, -0.005503884051, 0.0152034386992, -0.00356588955037, 0.00443781539798, -0.00259614642709, -0.00152705330402, 0.000172338142875, -0.000897792459, -0.000451755826361], [0.00144092482515, -0.0058023026213, 0.00480847852305, -0.00887570250779, 0.00384597363882, -0.00356588955037, 0.0159520339221, -0.00948786176741, 0.000158631344675, -0.00221796892583, -0.000193797066459, 0.00289785605855, -0.001655292348], [-0.00240215030499, 0.0106305601075, -0.00768917892128, 0.0113242166117, -0.0115064755082, 0.00443781539798, -0.00948786176741, 0.030515410006, -0.0104900067672, 0.00205906527117, 0.000519228342455, -0.000208281140658, 0.00173705606721], [0.00117844599299, -0.00478985672817, 0.00524856429547, -0.00338531238958, 0.0069498103112, -0.00259614642709, 0.000158631344675, -0.0104900067672, 0.026923943311, -0.00467826519161, -0.00303479586728, 0.00324234785512, 0.000411117856856], [0.000494095613249, 0.00108130718581, 0.000101266094134, 0.00213935156353, 0.00233279005624, -0.00152705330402, -0.00221796892583, 0.00205906527117, -0.00467826519161, 0.0238275267184, -0.00233576353639, -0.00067707587732, 0.00164982711431], [-0.000286406546365, -0.00160036596935, -0.000236541294726, 0.00228826934472, 0.00141977216117, 0.000172338142875, -0.000193797066459, 0.000519228342455, -0.00303479586728, -0.00233576353639, 0.0255445018411, -0.00717502599582, -3.06764850393e-05], [0.000250006705755, 0.00291866273619, 0.000179276845302, 0.00119172676932, -0.00224846461788, -0.000897792459, 0.00289785605855, -0.000208281140658, 0.00324234785512, -0.00067707587732, -0.00717502599582, 0.0272540543228, -0.00894801877439], [-0.000184960561455, -0.000708294857759, -0.00113599351607, 0.000340508093359, 7.58586611482e-05, -0.000451755826361, -0.001655292348, 0.00173705606721, 0.000411117856856, 0.00164982711431, -3.06764850393e-05, -0.00894801877439, 0.0233272239566]]
    },
    "melbands": {
        "max": [0.00119258253835, 0.00693404302001, 0.00937096681446, 0.00467706564814, 0.00205446733162, 0.00437268381938, 0.00356988562271, 0.00195263710339, 0.0167770106345, 0.00565215433016, 0.00177132152021, 0.00158776459284, 0.00183489103802, 0.000936071679462, 0.00106266827788, 0.0010480445344, 0.000292344077025, 0.000666305364575, 0.000391610403312, 0.000107257372292, 0.000263051275397, 8.18724511191e-05, 0.000186693025171, 0.00019976546173, 0.000111208573799, 6.90384913469e-05, 3.31430092047e-05, 8.45278118504e-05, 1.35411364681e-05, 1.37687284223e-05, 2.14884821617e-05, 4.6593209845e-05, 3.49183574144e-05, 2.38240099861e-05, 2.61615496129e-05, 2.9442646337e-05, 4.05494502047e-05, 1.50084679262e-05, 7.85381598689e-06, 2.73020145869e-06],
        "mean": [0.000190945749637, 0.000626468914561, 0.000673820497468, 0.000411146524129, 0.000238761407672, 0.000272162113106, 0.000369277986465, 0.000200584065169, 0.000579584972002, 0.000253435195191, 8.0032958067e-05, 0.00012123119086, 8.41410219437e-05, 4.45236510132e-05, 9.15890268516e-05, 7.59606991778e-05, 2.81629963865e-05, 5.1693063142e-05, 2.39243636315e-05, 9.330161447e-06, 1.54679419211e-05, 6.7868345468e-06, 8.45281738293e-06, 7.62431045587e-06, 4.55707413494e-06, 3.30790203407e-06, 1.93921778191e-06, 2.0056993435e-06, 8.59227441197e-07, 4.62266257273e-07, 4.81084953208e-07, 5.21705715073e-07, 3.30454184905e-07, 2.72662646239e-07, 2.22212165113e-07, 2.48500015232e-07, 2.36419467115e-07, 1.01619512805e-07, 5.96504818873e-08, 2.70648783385e-08],
        "min": [1.5764618418e-23, 1.57051177954e-23, 1.09216751031e-23, 1.79348788979e-24, 5.57440551736e-24, 1.16031854498e-23, 6.40468911429e-24, 8.51688075409e-24, 1.87849364767e-23, 1.16800812443e-23, 4.81322455801e-24, 1.48953962524e-23, 2.62983490829e-23, 1.17388561149e-23, 9.1431100951e-24, 1.07202371044e-23, 7.98310748891e-24, 1.49004875607e-23, 8.14945695457e-24, 6.8180869385e-24, 9.16604149275e-24, 1.39581269451e-23, 1.15870327339e-23, 1.75954036514e-23, 1.07303960552e-23, 8.27781724563e-24, 8.35536306147e-24, 8.76189069606e-24, 5.71535326745e-24, 1.27340530562e-23, 1.03823474683e-23, 9.52138230978e-24, 9.70974967218e-24, 8.62363177837e-24, 9.64541490991e-24, 9.45954902545e-24, 1.31743194828e-23, 1.12836699619e-23, 1.64487801262e-23, 1.22744903029e-23],
        "stdev": [0.000202054347028, 0.00104308058508, 0.00124932231847, 0.000636869110167, 0.000380415702239, 0.000552423589397, 0.000673761358485, 0.000285603862721, 0.00171777978539, 0.000641059014015, 0.000186059027328, 0.000256401137449, 0.000196833061636, 9.4864226412e-05, 0.000168275772012, 0.000145561352838, 4.0450519009e-05, 0.000102585065179, 5.19868153788e-05, 1.65030905919e-05, 3.49688671122e-05, 1.26620425362e-05, 2.24192281166e-05, 2.00092836167e-05, 1.19214073493e-05, 7.80740356277e-06, 4.12265990235e-06, 6.41118413114e-06, 1.90589071281e-06, 1.23820200315e-06, 1.62611820542e-06, 2.87152602141e-06, 2.36199912251e-06, 1.89576496723e-06, 1.8323103177e-06, 2.23274537348e-06, 2.40619738179e-06, 9.89933141682e-07, 5.37788650945e-07, 2.09892363046e-07]
    },
    "melbands128": {
        "max": [4.26608530688e-05, 0.000205949269002, 0.00122537370771, 0.00403332337737, 0.0078501868993, 0.0105837062001, 0.0159707777202, 0.00945732928813, 0.00764522049576, 0.00557348085567, 0.00711771473289, 0.0033478026744, 0.00204647565261, 0.00648584915325, 0.00460202991962, 0.00865773949772, 0.00350715918466, 0.00678891688585, 0.00263669574633, 0.00357597065158, 0.0012782313861, 0.00911113061011, 0.0331192798913, 0.00864754989743, 0.0124442903325, 0.00186126539484, 0.00397359440103, 0.00362929189578, 0.000898470345419, 0.00294463033788, 0.00197967863642, 0.00211038324051, 0.00337238307111, 0.000396172486944, 0.000707788043655, 0.00164649996441, 0.0013106103288, 0.000256958708633, 0.00307168369181, 0.00258364784531, 0.00024020714045, 0.000457679241663, 0.000271369732218, 0.000512300059199, 0.000718124501873, 0.000884145207237, 0.001233932795, 0.0006471616216, 0.000196251930902, 0.000141653072205, 4.63516116724e-05, 0.000182103991392, 0.00066389713902, 0.000170065453858, 0.000261828041403, 8.7930020527e-05, 0.000103412763565, 0.000541100162081, 6.93045949447e-05, 2.98573086184e-05, 0.000375776871806, 0.000291404314339, 0.000235757092014, 4.25967191404e-05, 6.34518655716e-05, 7.30909960112e-05, 9.97721363092e-05, 3.89954475395e-05, 8.78931950865e-06, 0.00010818161536, 0.000171039253473, 5.30519173481e-05, 2.19147204916e-05, 1.95697029994e-05, 1.05968110802e-05, 1.31765118567e-05, 2.19861594815e-05, 1.37589731821e-05, 1.82503172255e-05, 4.58986614831e-05, 3.72824906663e-05, 6.14989548922e-05, 3.13484779326e-05, 5.05498974235e-05, 2.5106166504e-05, 2.61804379988e-05, 2.44764923991e-05, 2.84465459117e-05, 2.93383127428e-05, 2.32388265431e-05, 2.27729287872e-05, 3.14857788908e-05, 5.32082412974e-05, 4.88102741656e-05, 3.27583584294e-05, 2.11227634281e-05, 1.39194035e-05, 1.11843992272e-05, 7.34940431357e-06, 1.038098344e-05, 3.51048174707e-06, 2.41195812123e-06, 1.36581058996e-06, 7.74410125359e-07, 3.24075585922e-07, 3.2886180179e-07, 1.43238878536e-07, 5.41104547835e-08, 1.90563280711e-08, 2.2375767017e-08, 1.54171697631e-08, 1.21973569023e-08, 1.38548017503e-08, 1.12279510134e-08, 8.42880343299e-09, 7.83706077812e-09, 6.23062534899e-09, 6.24343954314e-09, 6.10174044624e-09, 5.90506843423e-09, 5.71278713224e-09, 5.56495072246e-09, 5.42343281396e-09, 5.27955856811e-09, 5.17329290517e-09, 5.10383735275e-09, 5.05567010478e-09, 4.99125851761e-09],
        "mean": [4.63594460598e-06, 3.86430110666e-05, 0.000288329902105, 0.000445570563897, 0.000657596334349, 0.000708593754098, 0.000831826007925, 0.000596252502874, 0.00055313995108, 0.000472023210023, 0.000293736200547, 0.000151529384311, 0.000223139897571, 0.000342018698575, 0.000293816585327, 0.000244360096985, 0.000203074421734, 0.000530063989572, 0.000390368659282, 0.000158914917847, 5.92142750975e-05, 0.000388911663322, 0.000881542044226, 0.000398713309551, 0.000446189485956, 7.40144023439e-05, 9.17279467103e-05, 7.7792108641e-05, 5.13284139743e-05, 0.000179767579539, 0.000101607634861, 9.5848183264e-05, 0.000129913678393, 2.63325691776e-05, 4.02467849199e-05, 5.16754589626e-05, 5.70792290091e-05, 1.60388517543e-05, 0.000210862242966, 0.000129016509163, 2.28292392421e-05, 3.04055211018e-05, 1.88609410543e-05, 2.5124700187e-05, 5.89104274695e-05, 5.0397196901e-05, 6.38358906144e-05, 1.7473639673e-05, 1.14288795885e-05, 1.37476472446e-05, 2.69435713562e-06, 9.20153252082e-06, 2.79704181594e-05, 1.00236184153e-05, 9.43512804952e-06, 2.58350792137e-06, 5.32988269697e-06, 1.97212011699e-05, 3.31046248903e-06, 1.87625425951e-06, 8.66471054906e-06, 1.12626439659e-05, 7.12604605724e-06, 1.54451083745e-06, 2.55632198787e-06, 2.90692173621e-06, 4.78080755784e-06, 2.01811644729e-06, 5.75760054744e-07, 2.88755791189e-06, 2.26329234465e-06, 1.67893449543e-06, 8.64288836055e-07, 9.81369794317e-07, 3.76409587943e-07, 5.332345836e-07, 5.14898204074e-07, 1.98408216079e-07, 6.92462322149e-07, 4.71529318702e-07, 4.77467096971e-07, 6.57568023144e-07, 3.11590468982e-07, 3.41279758231e-07, 2.78293839528e-07, 2.51597697343e-07, 3.25380796085e-07, 2.1843675313e-07, 2.24618659672e-07, 1.9983411903e-07, 2.17620154785e-07, 2.57861103137e-07, 3.09124089881e-07, 2.46014053573e-07, 2.11312681131e-07, 1.11328304797e-07, 7.99274886276e-08, 7.78897089049e-08, 5.54275452203e-08, 6.33248546933e-08, 2.86411427908e-08, 2.41994264627e-08, 1.61495687934e-08, 1.46453036365e-08, 8.62544613511e-09, 8.78368844326e-09, 7.67744623431e-09, 6.14434636503e-09, 5.36318722766e-09, 4.80223416588e-09, 5.12457232205e-09, 4.10960199204e-09, 3.53203466474e-09, 3.27263705024e-09, 2.82667023122e-09, 2.84609247281e-09, 2.11376827153e-09, 1.51124390779e-11, 1.38660636792e-11, 1.34636407925e-11, 1.30733288778e-11, 1.27484047624e-11, 1.24472073273e-11, 1.21265029268e-11, 1.19090275835e-11, 1.17778599373e-11, 1.168686415e-11, 1.15517925087e-11],
        "min": [8.05903535103e-24, 1.14307530777e-23, 2.10796302981e-23, 2.03320457509e-23, 1.40862064017e-23, 1.09030106541e-23, 2.19153889842e-23, 6.37668336886e-24, 2.21673207861e-24, 6.03005670381e-25, 2.22624081075e-24, 4.81062052817e-24, 4.95895990494e-24, 9.29671472398e-24, 8.7259809588e-24, 1.92035660265e-23, 6.43718229497e-24, 4.56963219909e-24, 5.55158179922e-24, 4.95977992585e-24, 7.12891075693e-24, 2.4260804984e-23, 2.52464314648e-23, 5.95409176522e-24, 1.29312777488e-23, 1.50514124291e-23, 7.3232190308e-24, 1.64611141637e-24, 4.13928372617e-24, 6.61136830487e-24, 2.31696084037e-23, 2.44816560608e-23, 2.48130312835e-23, 3.44655664519e-23, 1.10764220026e-23, 7.03303418023e-24, 6.07927373569e-24, 4.43894713495e-24, 1.78214801428e-23, 1.07154069091e-23, 8.89460471045e-24, 1.20428957295e-23, 2.94393679877e-24, 9.0973096198e-24, 1.25068832036e-23, 1.73982341791e-23, 1.69770992071e-23, 9.74158573173e-24, 1.88363536417e-24, 6.18416462595e-24, 1.09337580856e-23, 3.45996641284e-24, 3.30140103215e-24, 9.35281377839e-24, 2.61118623649e-23, 1.12625852876e-23, 1.031746287e-23, 8.29815013546e-24, 1.59030698178e-23, 9.20763655056e-24, 1.71996037363e-23, 2.819017164e-23, 7.97624124359e-24, 9.44765142528e-24, 6.378001161e-24, 5.24423725181e-24, 1.22786373447e-23, 1.13320302908e-23, 5.08415804705e-24, 8.11522275787e-24, 9.13128901443e-24, 1.01425731962e-23, 5.08517922749e-24, 2.92008341994e-24, 8.50280589782e-24, 1.42864824083e-23, 1.33883043143e-23, 1.2542157119e-23, 9.3380754901e-24, 7.54263280298e-24, 1.35740668579e-23, 6.74559219903e-24, 1.04198136282e-23, 1.16888328671e-23, 7.39363433292e-24, 7.34617251656e-24, 1.0996141206e-23, 6.32488400081e-24, 1.37557005036e-23, 6.75845063179e-24, 8.07063870609e-24, 9.33898504672e-24, 1.3066527951e-23, 1.65681237371e-23, 1.13196743625e-23, 8.48715647519e-24, 9.86823103917e-24, 1.70232554587e-23, 1.59565435431e-23, 1.64086144844e-23, 1.7275709881e-23, 1.03562503719e-23, 8.52590137855e-24, 8.31263283282e-24, 8.64623737647e-24, 9.60121818884e-24, 7.81939676297e-24, 9.31168257079e-24, 1.07494541458e-23, 1.00023784138e-23, 9.06149454584e-24, 1.39783675382e-23, 1.00717871294e-23, 5.3238443612e-24, 9.33757377456e-24, 8.5624429934e-24, 1.03890543637e-23, 1.30321099497e-23, 8.47436351789e-24, 7.84873765548e-24, 1.20504183071e-23, 1.15901873887e-23, 1.07148113191e-23, 1.18753077522e-23, 7.88855935397e-24, 1.15147312654e-23, 1.10137462148e-23, 9.97872678617e-24],
        "stdev": [6.56813699607e-06, 4.48488208349e-05, 0.000285674992483, 0.000590484705754, 0.00120773597155, 0.00145303271711, 0.00168436160311, 0.00117827241775, 0.00101550493855, 0.000752526975702, 0.000623293803073, 0.000298583006952, 0.000383606820833, 0.000914126692805, 0.000695240625646, 0.000761886418331, 0.000416314258473, 0.00127727084327, 0.000606225454248, 0.000370766909327, 0.000143860801472, 0.00115851685405, 0.00327764754184, 0.00106408190913, 0.00140170753002, 0.000194118416402, 0.000321860658005, 0.000309373368509, 0.000115465270937, 0.00048641252215, 0.000227536787861, 0.000251601682976, 0.000353340932634, 3.97051153413e-05, 9.86088562058e-05, 0.00013594252232, 0.000163081844221, 3.40510850947e-05, 0.000472702347906, 0.000300651823636, 3.81492754968e-05, 6.49738867651e-05, 3.65242194675e-05, 5.28264790773e-05, 0.000126830869704, 0.000124263038742, 0.000160824638442, 6.71116868034e-05, 2.27834025281e-05, 2.29757879424e-05, 5.6282492551e-06, 2.60361248365e-05, 8.03694565548e-05, 2.06712447834e-05, 2.46045892709e-05, 7.48005095375e-06, 1.31023143695e-05, 6.03441367275e-05, 7.84348594607e-06, 3.83681390304e-06, 3.314139758e-05, 3.27587258653e-05, 2.35510087805e-05, 3.57990143129e-06, 5.75265494263e-06, 8.06901607575e-06, 1.20785134641e-05, 4.4734815674e-06, 1.23180711853e-06, 8.97731115401e-06, 1.16718811114e-05, 5.65939490116e-06, 2.17155957216e-06, 2.42422242991e-06, 1.06197819605e-06, 1.492960223e-06, 1.7126609464e-06, 9.6423298146e-07, 2.05545575227e-06, 2.38691200138e-06, 2.71781209449e-06, 4.00611452278e-06, 2.22185371967e-06, 2.78449533653e-06, 1.87455077594e-06, 1.96461496671e-06, 1.93081268662e-06, 2.01314378501e-06, 1.92865491044e-06, 1.760665441e-06, 1.79290577762e-06, 2.32529760069e-06, 3.34532842317e-06, 2.61206605501e-06, 2.26146153182e-06, 1.15839668524e-06, 8.46633270157e-07, 7.62426907386e-07, 4.90813647502e-07, 6.11411223872e-07, 2.43598066163e-07, 1.81764548302e-07, 9.3578783833e-08, 5.1962004477e-08, 2.0544648649e-08, 1.79990760074e-08, 8.00597099726e-09, 3.06010439211e-09, 1.83975445989e-09, 1.51864987252e-09, 1.5951112653e-09, 1.25639332271e-09, 1.05158592945e-09, 1.02748098918e-09, 8.18030643224e-10, 7.90530751971e-10, 8.91572649042e-10, 2.65862026838e-10, 2.59863547347e-10, 2.51486470537e-10, 2.43295994462e-10, 2.36999614378e-10, 2.30972047044e-10, 2.24845184138e-10, 2.20318707722e-10, 2.17359477639e-10, 2.15307480178e-10, 2.1256452154e-10]
    },
    "mfcc": {
        "mean": [-764.124511719, 155.131820679, -11.4047336578, 11.1372585297, 2.43337798119, 3.62670278549, -0.411116629839, -3.38919234276, -3.62363409996, 2.92995810509, 1.32521533966, 0.257513463497, -0.30196416378],
        "cov": [[14395.8027344, 5277.21533203, -3114.61621094, 753.942810059, -378.934692383, -103.813484192, -114.578102112, -50.8179969788, -211.768981934, 156.764572144, 287.56439209, -1.58914768696, -116.805076599], [5277.21533203, 3409.02685547, -1076.80432129, -47.9569396973, 190.919067383, -180.244995117, 23.9153938293, -92.6453018188, -129.98576355, -18.440290451, 128.971420288, 19.1806964874, -78.499786377], [-3114.61621094, -1076.80432129, 1234.60070801, -79.7662200928, 40.2395706177, 93.9725265503, 27.065196991, -20.7337779999, 9.07553863525, 8.6479139328, -123.240852356, 6.61469316483, 53.9321746826], [753.942810059, -47.9569396973, -79.7662200928, 337.578887939, -110.382331848, 68.9767684937, 20.7513313293, 24.2082500458, 21.3334522247, 31.3004322052, -14.0064439774, -23.4810771942, -0.129871666431], [-378.934692383, 190.919067383, 40.2395706177, -110.382331848, 195.649765015, -32.1033630371, 33.8018722534, 12.0162124634, -4.15872573853, -45.3581161499, -12.1259908676, -4.32273817062, -30.0011768341], [-103.813484192, -180.244995117, 93.9725265503, 68.9767684937, -32.1033630371, 102.95375061, 19.2608203888, 3.37580728531, 19.1184921265, 10.8102703094, -18.4896221161, -8.38462734222, 14.2227630615], [-114.578102112, 23.9153938293, 27.065196991, 20.7513313293, 33.8018722534, 19.2608203888, 77.5661849976, 24.3975791931, 21.7806510925, -0.532242238522, -8.2923784256, -1.22385108471, -12.187415123], [-50.8179969788, -92.6453018188, -20.7337779999, 24.2082500458, 12.0162124634, 3.37580728531, 24.3975791931, 74.808013916, 27.1287555695, -8.28736972809, 9.69071865082, -11.5921449661, -6.43058586121], [-211.768981934, -129.98576355, 9.07553863525, 21.3334522247, -4.15872573853, 19.1184921265, 21.7806510925, 27.1287555695, 71.8411178589, 8.54836177826, -1.86277163029, -2.77253842354, -11.4181280136], [156.764572144, -18.440290451, 8.6479139328, 31.3004322052, -45.3581161499, 10.8102703094, -0.532242238522, -8.28736972809, 8.54836177826, 73.2598114014, 9.98344707489, 6.9845199585, 7.15739393234], [287.56439209, 128.971420288, -123.240852356, -14.0064439774, -12.1259908676, -18.4896221161, -8.2923784256, 9.69071865082, -1.86277163029, 9.98344707489, 74.4806289673, 14.362944603, 0.117392450571], [-1.58914768696, 19.1806964874, 6.61469316483, -23.4810771942, -4.32273817062, -8.38462734222, -1.22385108471, -11.5921449661, -2.77253842354, 6.9845199585, 14.362944603, 51.1036987305, 12.1340608597], [-116.805076599, -78.499786377, 53.9321746826, -0.129871666431, -30.0011768341, 14.2227630615, -12.187415123, -6.43058586121, -11.4181280136, 7.15739393234, 0.117392450571, 12.1340608597, 51.2292060852]],
        "icov": [[0.000832387362607, -0.0011316408636, 0.00110921065789, -0.000918104371522, 0.00156196823809, -0.00149674422573, 0.00153238174971, -0.00178957136814, 0.00155809265561, -0.00116266647819, 0.00106844166294, -0.000937687756959, 0.00119332957547], [-0.0011316408636, 0.00210899650119, -0.00104650785215, 0.00105858710594, -0.00283663510345, 0.00241248961538, -0.00270523037761, 0.00339627824724, -0.00137923797593, 0.0013241552515, -0.00188297266141, 0.0013075665338, -0.00159016542602], [0.00110921065789, -0.00104650785215, 0.00301110651344, -0.000869235198479, 0.00126443221234, -0.00262974388897, 0.00143019808456, -0.00176107732113, 0.00264086737297, -0.00226035877131, 0.00296221161261, -0.00157781550661, 0.000614382443018], [-0.000918104371522, 0.00105858710594, -0.000869235198479, 0.00588756334037, 0.00120116677135, -0.000860590487719, -0.00285378727131, 8.62591841724e-05, -0.00129310949706, 0.000573927420191, 0.000532335834578, 0.00203332630917, -0.000118154042866], [0.00156196823809, -0.00283663510345, 0.00126443221234, 0.00120116677135, 0.0130023322999, -0.00212625274435, -0.000599864288233, -0.00547842867672, 0.00332963326946, 0.00169222732075, 0.00357278203592, -0.0015117151197, 0.00611661328003], [-0.00149674422573, 0.00241248961538, -0.00262974388897, -0.000860590487719, -0.00212625274435, 0.0175308771431, -0.00659967819229, 0.00583740789443, -0.00563489366323, 0.0023095018696, -0.00165791460313, 0.00423818361014, -0.00647786259651], [0.00153238174971, -0.00270523037761, 0.00143019808456, -0.00285378727131, -0.000599864288233, -0.00659967819229, 0.0221440587193, -0.00900901202112, -0.000136255592224, -0.00371597125195, 0.00392971280962, -0.00489337975159, 0.00509272841737], [-0.00178957136814, 0.00339627824724, -0.00176107732113, 8.62591841724e-05, -0.00547842867672, 0.00583740789443, -0.00900901202112, 0.0248570945114, -0.00885157473385, 0.00528558110818, -0.00784049276263, 0.0071016647853, -0.0052493349649], [0.00155809265561, -0.00137923797593, 0.00264086737297, -0.00129310949706, 0.00332963326946, -0.00563489366323, -0.000136255592224, -0.00885157473385, 0.0228881388903, -0.00499089853838, 0.00272005610168, -0.00369112100452, 0.00769313797355], [-0.00116266647819, 0.0013241552515, -0.00226035877131, 0.000573927420191, 0.00169222732075, 0.0023095018696, -0.00371597125195, 0.00528558110818, -0.00499089853838, 0.0191097632051, -0.00446916231886, 0.000504270545207, -0.00200302246958], [0.00106844166294, -0.00188297266141, 0.00296221161261, 0.000532335834578, 0.00357278203592, -0.00165791460313, 0.00392971280962, -0.00784049276263, 0.00272005610168, -0.00446916231886, 0.0211352258921, -0.00663634343073, 0.00169101078063], [-0.000937687756959, 0.0013075665338, -0.00157781550661, 0.00203332630917, -0.0015117151197, 0.00423818361014, -0.00489337975159, 0.0071016647853, -0.00369112100452, 0.000504270545207, -0.00663634343073, 0.0256875678897, -0.00776502396911], [0.00119332957547, -0.00159016542602, 0.000614382443018, -0.000118154042866, 0.00611661328003, -0.00647786259651, 0.00509272841737, -0.0052493349649, 0.00769313797355, -0.00200302246958, 0.00169101078063, -0.00776502396911, 0.0289202015847]]
    },
    "spectral_contrast_coeffs": {
        "max": [-0.570525705814, -0.452900201082, -0.54250138998, -0.609197974205, -0.635470271111, -0.641849994659],
        "mean": [-0.749747872353, -0.756789982319, -0.770694553852, -0.77752584219, -0.791358172894, -0.802837073803],
        "min": [-0.955527901649, -0.955062806606, -0.962758719921, -0.95583742857, -0.959283471107, -0.956255435944],
        "stdev": [0.0700813382864, 0.109180726111, 0.0923192426562, 0.0878738835454, 0.0738173499703, 0.0596909187734]
    },
    "spectral_contrast_valleys": {
        "max": [-5.26129770279, -5.10367870331, -5.73199939728, -6.3794298172, -6.77600002289, -8.388422966],
        "mean": [-7.53364276886, -7.42745923996, -8.29642963409, -8.64495277405, -9.14107322693, -11.7559633255],
        "min": [-27.1957149506, -27.3026752472, -27.2099285126, -27.3252887726, -27.197763443, -27.4703578949],
        "stdev": [1.68166220188, 1.54605531693, 1.42396092415, 1.3841329813, 1.15800476074, 0.76944309473]
    }
},
"rhythm": {
    "beats_count": 21,
    "beats_loudness": {
        "max": 0.07407014817,
        "mean": 0.0192620959133,
        "min": 1.20896556837e-05,
        "stdev": 0.0220036879182
    },
    "bpm": 104.338317871,
    "bpm_histogram_first_peak_bpm": 105,
    "bpm_histogram_first_peak_weight": 0.649999976158,
    "bpm_histogram_second_peak_bpm": 0,
    "bpm_histogram_second_peak_spread": 0,
    "bpm_histogram_second_peak_weight": 0,
    "danceability": 0.790095031261,
    "onset_rate": 1.41072845459,
    "beats_loudness_band_ratio": {
        "max": [0.69430577755, 0.422398835421, 0.509110033512, 0.369483619928, 0.218445584178, 0.360001951456],
        "mean": [0.271112293005, 0.193933039904, 0.275620877743, 0.154368236661, 0.0800220146775, 0.0749148502946],
        "min": [0.116392806172, 0.0359446816146, 0.0624307058752, 0.0353051833808, 0.0106196235865, 0.00133838143665],
        "stdev": [0.149889826775, 0.113034702837, 0.146468281746, 0.0702955797315, 0.0588205344975, 0.114484921098]
    },
    "beats_position": [0.557278871536, 1.1261677742, 1.68344664574, 2.24072551727, 2.80961441994, 3.3785033226, 3.94739222527, 4.5046710968, 5.07355976105, 5.64244890213, 6.21133756638, 6.79183673859, 7.37233543396, 7.95283412933, 8.53333282471, 9.12544155121, 9.71755123138, 10.2980499268, 10.8901586533, 11.4706573486, 12.0627660751],
