{
"metadata": {
    "version": {
        "essentia": "2.1-beta5",
        "essentia_git_sha": "Undefined",
        "extractor": "music 2.0"
    },
    "audio_properties": {
        "analysis": {
            "equal_loudness": 0,
            "length": 26.3082084656,
            "sample_rate": 44100,
            "start_time": 194.989562988,
            "downmix": "mix"
        },
        "bit_rate": 192000,
        "length": 221.320999146,
        "lossless": 0,
        "number_channels": 2,
        "replay_gain": -7.58503341675,
        "sample_rate": 48000,
        "codec": "mp3",
        "md5_encoded": "5e75c337c4b952590c31f772a2c56447"
    },
    "tags": {
        "file_name": "Israel_Amen_Liora.mp3",
        "encoding": ["Lavf58.29.100"]
    }
},
"lowlevel": {
    "average_loudness": 0.48261359334,
    "barkbands_crest": {
        "max": 21.1369419098,
        "mean": 7.16148090363,
        "min": 3.22049045563,
        "stdev": 2.48388981819
    },
    "barkbands_flatness_db": {
        "max": 0.268958181143,
        "mean": 0.104942843318,
        "min": 0.0358833149076,
        "stdev": 0.0344002954662
    },
    "barkbands_kurtosis": {
        "max": 11.7643175125,
        "mean": 1.55230855942,
        "min": -1.69078481197,
        "stdev": 1.73809719086
    },
    "barkbands_skewness": {
        "max": 3.06287455559,
        "mean": -0.515049636364,
        "min": -2.2525396347,
        "stdev": 1.16226577759
    },
    "barkbands_spread": {
        "max": 70.9561309814,
        "mean": 21.0494422913,
        "min": 3.79376244545,
        "stdev": 6.65815019608
    },
    "dissonance": {
        "max": 0.499999970198,
        "mean": 0.479501128197,
        "min": 0.354427963495,
        "stdev": 0.022538702935
    },
    "dynamic_complexity": 4.6776008606,
    "erbbands_crest": {
        "max": 23.9977588654,
        "mean": 6.95985841751,
        "min": 2.53317975998,
        "stdev": 3.94715952873
    },
    "erbbands_flatness_db": {
        "max": 0.348618328571,
        "mean": 0.160227715969,
        "min": 0.0755560100079,
        "stdev": 0.0565924160182
    },
    "erbbands_kurtosis": {
        "max": 6.20615100861,
        "mean": 0.429412305355,
        "min": -1.46350586414,
        "stdev": 0.868146717548
    },
    "erbbands_skewness": {
        "max": 1.80778717995,
        "mean": -0.0730089843273,
        "min": -1.61219227314,
        "stdev": 0.590905547142
    },
    "erbbands_spread": {
        "max": 68.5946731567,
        "mean": 26.9061546326,
        "min": 5.12486219406,
        "stdev": 9.31131267548
    },
    "hfc": {
        "max": 87.661605835,
        "mean": 20.3295555115,
        "min": 1.02353648166e-16,
        "stdev": 22.1969356537
    },
    "loudness_ebu128": {
        "integrated": -14.1590175629,
        "loudness_range": 11.3139095306,
        "momentary": {
            "max": -12.280831337,
            "mean": -127.937095642,
            "min": -300.691009521,
            "stdev": 138.462524414
        },
        "short_term": {
            "max": -12.9574279785,
            "mean": -110.091308594,
            "min": -300.691009521,
            "stdev": 132.084747314
        }
    },
    "melbands_crest": {
        "max": 26.458738327,
        "mean": 6.31375741959,
        "min": 1.5543063879,
        "stdev": 4.23992872238
    },
    "melbands_flatness_db": {
        "max": 0.288204729557,
        "mean": 0.0850872695446,
        "min": 0.00203342386521,
        "stdev": 0.0673255324364
    },
    "melbands_kurtosis": {
        "max": 31.1325874329,
        "mean": 0.305872887373,
        "min": -1.43894135952,
        "stdev": 2.02762556076
    },
    "melbands_skewness": {
        "max": 5.18147802353,
        "mean": 0.461321085691,
        "min": -0.923459947109,
        "stdev": 0.584519565105
    },
    "melbands_spread": {
        "max": 170.057571411,
        "mean": 70.8120422363,
        "min": 5.9320230484,
        "stdev": 51.0221176147
    },
    "pitch_salience": {
        "max": 0.848110675812,
        "mean": 0.695321261883,
        "min": 0.309146225452,
        "stdev": 0.108928874135
    },
    "silence_rate_20dB": {
        "max": 1,
        "mean": 1,
        "min": 1,
        "stdev": 0
    },
    "silence_rate_30dB": {
        "max": 1,
        "mean": 1,
        "min": 1,
        "stdev": 0
    },
    "silence_rate_60dB": {
        "max": 1,
        "mean": 0.470017641783,
        "min": 0,
        "stdev": 0.499101489782
    },
    "spectral_centroid": {
        "max": 11818.8583984,
        "mean": 5404.74316406,
        "min": 640.353027344,
        "stdev": 4583.48974609
    },
    "spectral_complexity": {
        "max": 47,
        "mean": 15.7821865082,
        "min": 0,
        "stdev": 14.9995718002
    },
    "spectral_decrease": {
        "max": 2.34412637251e-28,
        "mean": -4.39711600464e-09,
        "min": -1.84399002734e-08,
        "stdev": 4.9300665772e-09
    },
    "spectral_energy": {
        "max": 0.0755075216293,
        "mean": 0.0184396822006,
        "min": 9.96731554714e-21,
        "stdev": 0.0205472409725
    },
    "spectral_energyband_high": {
        "max": 0.00205514044501,
        "mean": 0.000376554729883,
        "min": 7.07114538847e-21,
        "stdev": 0.00045440334361
    },
    "spectral_energyband_low": {
        "max": 0.027700541541,
        "mean": 0.00162321235985,
        "min": 8.74569774826e-24,
        "stdev": 0.00283040711656
    },
    "spectral_energyband_middle_high": {
        "max": 0.0567943118513,
        "mean": 0.00906600058079,
        "min": 1.11401164938e-21,
        "stdev": 0.0105417789891
    },
    "spectral_energyband_middle_low": {
        "max": 0.0517855361104,
        "mean": 0.00766274472699,
        "min": 1.42490960812e-22,
        "stdev": 0.0103082321584
    },
    "spectral_entropy": {
        "max": 9.82656860352,
        "mean": 8.52421379089,
        "min": 6.75944423676,
        "stdev": 1.04908132553
    },
    "spectral_flux": {
        "max": 0.200069963932,
        "mean": 0.0547385551035,
        "min": 6.3124415417e-11,
        "stdev": 0.0529707334936
    },
    "spectral_kurtosis": {
        "max": 15.0029182434,
        "mean": 2.43377780914,
        "min": -1.27611386776,
        "stdev": 3.20117044449
    },
    "spectral_rms": {
        "max": 0.00858288258314,
        "mean": 0.00303915934637,
        "min": 3.11836667599e-12,
        "stdev": 0.00295862671919
    },
    "spectral_rolloff": {
        "max": 19767.4804688,
        "mean": 8617.78613281,
        "min": 193.798828125,
        "stdev": 8260.18359375
    },
    "spectral_skewness": {
        "max": 3.12991857529,
        "mean": 0.959797501564,
        "min": -0.0891125425696,
        "stdev": 0.806030511856
    },
    "spectral_spread": {
        "max": 43304628,
        "mean": 18294296,
        "min": 2197939.25,
        "stdev": 18111040
    },
    "spectral_strongpeak": {
        "max": 10.8855714798,
        "mean": 1.35349988937,
        "min": 0,
        "stdev": 1.84798026085
    },
    "zerocrossingrate": {
        "max": 0.6640625,
        "mean": 0.243550300598,
        "min": 0.03076171875,
        "stdev": 0.211237430573
    },
    "barkbands": {
        "max": [0.000748702674173, 0.0115622226149, 0.0188389252871, 0.00730193220079, 0.0149348070845, 0.012335287407, 0.00938099902123, 0.0457885339856, 0.0310009457171, 0.0309429261833, 0.0216521080583, 0.0425937958062, 0.0187013354152, 0.0258739106357, 0.0081195179373, 0.00517519004643, 0.00403969129547, 0.00572981918231, 0.00325221312232, 0.00200599757954, 0.000822456378955, 0.000542523164768, 0.000580402091146, 0.000308665679768, 0.000386925472412, 0.000148423045175, 1.11026440663e-06],
        "mean": [3.70028174075e-05, 0.000586147012655, 0.000786506978329, 0.000479689973872, 0.00118785072118, 0.000705553684384, 0.00038682896411, 0.00277370703407, 0.00197029742412, 0.000896846933756, 0.000930379435886, 0.00228356337175, 0.0010067615658, 0.00165189348627, 0.000685093458742, 0.000601102015935, 0.000281435728539, 0.000356380362064, 0.000333730567945, 0.000190599326743, 0.000116124894703, 7.81208218541e-05, 5.55150254513e-05, 3.29519025399e-05, 1.917719419e-05, 6.40545522401e-06, 1.6395825142e-08],
        "min": [1.90649167213e-25, 1.24765432187e-24, 4.16399735783e-25, 3.60680887673e-25, 2.55007255108e-24, 3.2637960328e-24, 4.0567495484e-24, 3.36991360177e-24, 1.40475616836e-23, 7.94333864409e-24, 1.00714597522e-23, 1.72304481977e-23, 2.12507294953e-23, 2.15284605988e-23, 3.51433841407e-23, 4.57457283494e-23, 5.08598694217e-23, 8.76345137848e-23, 7.15482199777e-23, 1.68065755628e-22, 2.17475446271e-22, 2.75262549426e-22, 3.38170129784e-22, 5.35722332224e-22, 7.3589468883e-22, 1.1056152411e-21, 1.82338092183e-21],
        "stdev": [8.84396940819e-05, 0.00104870833457, 0.0016672173515, 0.000931013841182, 0.00208747270517, 0.00144400261343, 0.00075605494203, 0.00581985991448, 0.00370432971977, 0.00211275089532, 0.00210595643148, 0.00422555953264, 0.00191268243361, 0.0031095885206, 0.00105218496174, 0.000825519207865, 0.000454298278783, 0.00052920676535, 0.000490598962642, 0.000277206621831, 0.000148859151523, 9.7270218248e-05, 7.76215383667e-05, 4.79160407849e-05, 3.50622722181e-05, 1.28885421873e-05, 6.12678903167e-08]
    },
    "erbbands": {
        "max": [0.307607829571, 3.45950722694, 15.4242219925, 21.8445301056, 57.0349235535, 84.3958282471, 69.8398208618, 158.012634277, 164.748718262, 248.900604248, 1132.97351074, 735.524536133, 664.514770508, 526.771484375, 822.767333984, 1274.06530762, 725.411437988, 1325.37866211, 1204.90576172, 426.948547363, 353.886260986, 284.38671875, 406.921569824, 143.749847412, 98.2531051636, 68.225189209, 51.8524398804, 29.2499370575, 29.1695384979, 21.3244476318, 16.8736476898, 9.65041160583, 4.08438920975, 2.71265792847, 3.44256353378, 0.806726098061, 0.340809166431, 0.0240173712373, 0.000493117840961, 9.29266316234e-05],
        "mean": [0.0133543917909, 0.154680073261, 0.817504286766, 1.29069972038, 2.88159751892, 3.61869120598, 4.86185836792, 7.04023218155, 6.44381523132, 16.0916938782, 66.693069458, 47.4747810364, 34.6005096436, 33.4123420715, 58.043094635, 75.6442718506, 43.7041168213, 46.73645401, 91.8887863159, 29.0894088745, 34.0004806519, 20.2509670258, 22.4243373871, 16.0851593018, 14.1415433884, 7.88904571533, 6.22249650955, 3.31304907799, 3.08832335472, 2.03415751457, 1.50301754475, 0.877728462219, 0.472835600376, 0.257845014334, 0.113040030003, 0.04042808339, 0.010927291587, 0.000487933662953, 2.36006289924e-05, 2.37760141317e-05],
        "min": [3.76436977125e-23, 4.59480402482e-22, 1.55341146499e-21, 2.84039766743e-21, 5.94626093866e-21, 8.84159785826e-21, 2.2467618073e-20, 3.22729556619e-20, 9.21337676951e-20, 1.19090136292e-19, 1.20408287372e-19, 2.61398534445e-19, 3.29953841897e-19, 3.61154086476e-19, 6.75851641799e-19, 9.24543492963e-19, 1.15515793223e-18, 1.85751781752e-18, 1.74677901302e-18, 2.73637054179e-18, 3.35117273886e-18, 3.28876361601e-18, 4.69051608295e-18, 5.35386488979e-18, 5.74604569387e-18, 7.81350587996e-18, 8.41739735797e-18, 8.37669924465e-18, 1.02655785811e-17, 1.04478511378e-17, 9.50427132383e-18, 1.05421265666e-17, 9.73630044873e-18, 7.71960599119e-18, 5.61298914284e-18, 3.2372705889e-18, 2.06695436515e-18, 8.61654191762e-19, 2.21064096253e-19, 2.72885236182e-20],
        "stdev": [0.0244533866644, 0.285614848137, 1.72857475281, 2.34684371948, 5.78888130188, 7.32506275177, 9.63443279266, 15.5412378311, 11.9420146942, 28.5433006287, 139.352340698, 88.5499343872, 60.1032676697, 63.1251678467, 100.353240967, 131.216140747, 75.3990478516, 79.1139297485, 170.102416992, 41.6573791504, 49.187538147, 30.6832580566, 33.3580627441, 21.8729419708, 18.6298294067, 10.1086301804, 8.29115104675, 4.16218900681, 3.94841909409, 2.78724122047, 2.12826299667, 1.34072995186, 0.651767969131, 0.428745090961, 0.226896613836, 0.0783108621836, 0.0247606430203, 0.0014853264438, 3.87843501812e-05, 2.63271522272e-05]
    },
    "gfcc": {
        "mean": [-501.737213135, 48.2082748413, -104.471420288, 9.67550945282, -41.2019691467, 11.9418420792, -23.6129512787, 6.24590015411, -13.8657245636, 0.622929036617, -9.58295059204, -3.54369974136, -6.70414447784],
        "cov": [[394474.75, 25676.2617188, -51875.3164062, 5494.78417969, -20516.3769531, 6317.10107422, -11718.7939453, 3277.28710938, -7105.84765625, 469.170410156, -4990.98828125, -1839.2833252, -3650.75561523], [25676.2617188, 2089.30371094, -2973.54980469, 521.75793457, -1224.59729004, 342.987915039, -685.925415039, 166.889785767, -461.09564209, 22.8555049896, -309.306671143, -153.403015137, -278.87600708], [-51875.3164062, -2973.54980469, 7761.10839844, -446.294647217, 2992.79858398, -787.976318359, 1725.01525879, -420.332000732, 926.926086426, -5.94770669937, 638.545471191, 239.011749268, 371.499023438], [5494.78417969, 521.75793457, -446.294647217, 259.343902588, -182.99949646, 85.9243774414, -129.802597046, 28.0048961639, -99.948638916, 8.42038154602, -63.6077194214, -34.9816246033, -83.7895584106], [-20516.3769531, -1224.59729004, 2992.79858398, -182.99949646, 1227.46240234, -264.338256836, 683.754333496, -149.061538696, 371.892059326, -7.16415882111, 251.132720947, 98.8474884033, 152.292312622], [6317.10107422, 342.987915039, -787.976318359, 85.9243774414, -264.338256836, 212.181030273, -146.369232178, 93.08644104, -109.954307556, 19.3626842499, -89.5451660156, -12.9257059097, -60.6281166077], [-11718.7939453, -685.925415039, 1725.01525879, -129.802597046, 683.754333496, -146.369232178, 441.352661133, -69.6087341309, 210.248413086, -5.6345334053, 146.281326294, 59.8906097412, 88.0044174194], [3277.28710938, 166.889785767, -420.332000732, 28.0048961639, -149.061538696, 93.08644104, -69.6087341309, 85.4453277588, -36.3607673645, 17.1717700958, -49.5524177551, -11.8148288727, -32.8404960632], [-7105.84765625, -461.09564209, 926.926086426, -99.948638916, 371.892059326, -109.954307556, 210.248413086, -36.3607673645, 179.207214355, 15.4916992188, 92.4767837524, 21.9268436432, 72.5009002686], [469.170410156, 22.8555049896, -5.94770669937, 8.42038154602, -7.16415882111, 19.3626842499, -5.6345334053, 17.1717700958, 15.4916992188, 45.2467842102, 2.21210026741, -0.893748521805, -9.95401668549], [-4990.98828125, -309.306671143, 638.545471191, -63.6077194214, 251.132720947, -89.5451660156, 146.281326294, -49.5524177551, 92.4767837524, 2.21210026741, 95.4002838135, 31.5280342102, 48.6284179688], [-1839.2833252, -153.403015137, 239.011749268, -34.9816246033, 98.8474884033, -12.9257059097, 59.8906097412, -11.8148288727, 21.9268436432, -0.893748521805, 31.5280342102, 44.8719711304, 29.7382850647], [-3650.75561523, -278.87600708, 371.499023438, -83.7895584106, 152.292312622, -60.6281166077, 88.0044174194, -32.8404960632, 72.5009002686, -9.95401668549, 48.6284179688, 29.7382850647, 82.824005127]],
        "icov": [[0.000558294123039, -0.00212113698944, 0.00122434692457, -0.0011950051412, 0.00170358875766, -0.00180980353616, 0.000814790779259, -0.00177311943844, 0.00219579855911, -0.00312186288647, 0.00275308149867, -0.00166133127641, 0.00142276973929], [-0.00212113698944, 0.0114887095988, -0.00416084937751, 6.62118109176e-05, -0.0042148292996, 0.00768947415054, -0.00607682019472, 0.00725886924192, -0.00638661021367, 0.010013833642, -0.00912581197917, 0.00866977218539, -0.00432977592573], [0.00122434692457, -0.00416084937751, 0.0076899221167, -0.00465284055099, -0.00344687607139, 0.00143480964471, -0.00512629561126, -0.000444087636424, 0.00401379959658, -0.0112370764837, 0.00998054910451, -0.00640129670501, 0.00499148387462], [-0.0011950051412, 6.62118109176e-05, -0.00465284055099, 0.0153616992757, -0.00646104849875, 0.000349344598362, 0.00634378008544, 0.00272183842026, -0.00417192373425, 0.00919011514634, -0.00876827444881, 0.00360080972314, -0.000954129209276], [0.00170358875766, -0.0042148292996, -0.00344687607139, -0.00646104849875, 0.0282836332917, -0.0152686573565, -0.000741621071938, -0.00215607555583, -0.000855954480357, -0.00178163067903, 0.00478625297546, -0.00441916845739, 0.00588569836691], [-0.00180980353616, 0.00768947415054, 0.00143480964471, 0.000349344598362, -0.0152686573565, 0.0262411348522, -0.00891902577132, -0.00288447667845, 0.000372491427697, 0.000221818059799, -0.000177011024789, 4.03065860155e-05, -0.00455728266388], [0.000814790779259, -0.00607682019472, -0.00512629561126, 0.00634378008544, -0.000741621071938, -0.00891902577132, 0.0319835357368, -0.0150272054598, 0.00579059962183, 0.00440767221153, -0.00724472710863, -1.0228452993e-05, -0.000524735893123], [-0.00177311943844, 0.00725886924192, -0.000444087636424, 0.00272183842026, -0.00215607555583, -0.00288447667845, -0.0150272054598, 0.0429167188704, -0.0237857550383, 0.00598027091473, 0.00507518881932, -0.0037515682634, 0.0057744346559], [0.00219579855911, -0.00638661021367, 0.00401379959658, -0.00417192373425, -0.000855954480357, 0.000372491427697, 0.00579059962183, -0.0237857550383, 0.0488571152091, -0.0280124563724, 0.000631678733043, 0.0149929290637, -0.0125668020919], [-0.00312186288647, 0.010013833642, -0.0112370764837, 0.00919011514634, -0.00178163067903, 0.000221818059799, 0.00440767221153, 0.00598027091473, -0.0280124563724, 0.0551539100707, -0.0241874735802, 0.00424540322274, 0.000763242249377], [0.00275308149867, -0.00912581197917, 0.00998054910451, -0.00876827444881, 0.00478625297546, -0.000177011024789, -0.00724472710863, 0.00507518881932, 0.000631678733043, -0.0241874735802, 0.0562447942793, -0.0250600352883, 0.0102819101885], [-0.00166133127641, 0.00866977218539, -0.00640129670501, 0.00360080972314, -0.00441916845739, 4.03065860155e-05, -1.0228452993e-05, -0.0037515682634, 0.0149929290637, 0.00424540322274, -0.0250600352883, 0.0548449195921, -0.0225960742682], [0.00142276973929, -0.00432977592573, 0.00499148387462, -0.000954129209276, 0.00588569836691, -0.00455728266388, -0.000524735893123, 0.0057744346559, -0.0125668020919, 0.000763242249377, 0.0102819101885, -0.0225960742682, 0.0387119874358]]
    },
    "melbands": {
        "max": [0.00247541535646, 0.00684432592243, 0.00350470165722, 0.00379702495411, 0.00247282395139, 0.0030192900449, 0.00223749922588, 0.00461160065606, 0.00772259058431, 0.00499291392043, 0.00380780175328, 0.00256481277756, 0.00245715933852, 0.00633120164275, 0.0017408846179, 0.00250437785871, 0.00249759969302, 0.002696252428, 0.000668950029649, 0.000400608609198, 0.000458195107058, 0.000315789977321, 0.000248942669714, 0.000266101997113, 0.000130198648549, 0.000152768800035, 0.000133899739012, 5.41966473975e-05, 4.3405489123e-05, 2.65358776232e-05, 1.48006920426e-05, 2.33016326092e-05, 9.16952649277e-06, 1.11997633212e-05, 1.20289405459e-05, 6.98462827131e-06, 7.26025064068e-06, 2.6209600037e-06, 2.97537667393e-06, 2.23320603254e-06],
        "mean": [0.000143367273267, 0.000343465391779, 0.000273603975074, 0.000240461275098, 0.000172538260813, 0.000149179104483, 9.0543893748e-05, 0.000299931911286, 0.000475616106996, 0.000304992485326, 0.000173696331331, 0.000136538656079, 0.00014637534332, 0.000312928139465, 9.07880676095e-05, 0.000108981708763, 7.91450875113e-05, 0.000181942537893, 4.2076662794e-05, 3.32645431627e-05, 3.90679815609e-05, 1.94326603378e-05, 1.75361656147e-05, 1.7482912881e-05, 1.26161821754e-05, 1.43413917613e-05, 7.94051084085e-06, 4.25010512117e-06, 4.7096864364e-06, 2.12189274862e-06, 1.74205240455e-06, 2.01595298677e-06, 1.15686441404e-06, 1.09079758204e-06, 8.84353198671e-07, 7.35601133783e-07, 4.64368923758e-07, 3.41198614251e-07, 2.58988109181e-07, 2.01233021357e-07],
        "min": [3.32925285109e-25, 9.011775404e-25, 1.16214347608e-24, 7.19010772634e-25, 4.48503810827e-25, 8.34849425236e-25, 1.56905992049e-24, 1.46451948168e-24, 9.03358938018e-25, 1.6872145208e-24, 1.3229461649e-24, 1.10568243311e-24, 1.89028585603e-24, 1.70248410691e-24, 2.70674821546e-24, 2.54775724432e-24, 2.97391883798e-24, 2.26365569462e-24, 3.1701990669e-24, 2.56697882635e-24, 3.23954368756e-24, 2.8365692797e-24, 3.36135288323e-24, 3.42012302066e-24, 3.68672724105e-24, 2.80326554443e-24, 3.66604015268e-24, 3.86343011167e-24, 3.93884166434e-24, 4.26298461029e-24, 4.61304715901e-24, 4.81994091976e-24, 4.6368908743e-24, 4.51690986378e-24, 4.6879992002e-24, 4.43694382268e-24, 5.44345302937e-24, 5.76374672854e-24, 5.4505551441e-24, 5.99764004264e-24],
        "stdev": [0.000248449738137, 0.000673662638292, 0.000483945914311, 0.000434705463704, 0.000333747128025, 0.000313599244691, 0.000165944147739, 0.000573572819121, 0.00096939667128, 0.000592532509472, 0.000318625476211, 0.000270352087682, 0.000275971397059, 0.000616542703938, 0.000167127800523, 0.000226430609473, 0.000141715761856, 0.00036076590186, 6.9199319114e-05, 4.53516950074e-05, 6.14574819338e-05, 3.38920144713e-05, 2.36742689594e-05, 2.70760974672e-05, 1.80483912118e-05, 2.25208368647e-05, 1.43428560477e-05, 5.71678810957e-06, 6.5835292844e-06, 2.80050994661e-06, 2.2686315333e-06, 2.72646843769e-06, 1.60474348831e-06, 1.53838129791e-06, 1.28611850414e-06, 1.10943733489e-06, 7.72858811615e-07, 4.51090784281e-07, 4.29824922321e-07, 3.48959304119e-07]
    },
    "melbands128": {
        "max": [0.000705316720996, 0.00258753960952, 0.00322303897701, 0.00689838267863, 0.00864019989967, 0.0102284811437, 0.00516348611563, 0.00473002204672, 0.00679355300963, 0.00562934018672, 0.00628294190392, 0.00430576084182, 0.00306285475381, 0.00336343050003, 0.00555211445317, 0.00332803186029, 0.00292446697131, 0.00336471572518, 0.00129007338546, 0.00282037840225, 0.00689738569781, 0.01841243729, 0.0115636484697, 0.0102858422324, 0.00674082152545, 0.00996963866055, 0.00715711480007, 0.00225165276788, 0.0108287082985, 0.00304676429369, 0.00319905229844, 0.00723008112982, 0.0028254520148, 0.00624228501692, 0.0103925652802, 0.00990263745189, 0.00151627499145, 0.00336174922995, 0.00172036478762, 0.00172336935066, 0.00492119044065, 0.00434933695942, 0.0046543776989, 0.00120229460299, 0.00612546922639, 0.00350060756318, 0.001029532752, 0.000981186167337, 0.00127582205459, 0.000757862057071, 0.000412826862885, 0.000521237030625, 0.00109780230559, 0.000362994498573, 0.000128961808514, 0.000490766833536, 0.000550547265448, 0.000219590161578, 0.00022819059086, 0.00105141103268, 0.000282287364826, 0.000364195584552, 0.000139444877277, 0.000237909771386, 0.00044488182175, 0.000241333036683, 8.62748856889e-05, 0.000140393371112, 0.00026381877251, 5.55646256544e-05, 4.01717661589e-05, 0.000108368862129, 6.36906406726e-05, 0.000100733719592, 3.89197120967e-05, 2.40533918259e-05, 4.86110293423e-05, 4.50850566267e-05, 2.13503499253e-05, 1.21106750157e-05, 2.77390554402e-05, 3.63984945579e-05, 1.04644859675e-05, 1.33681678562e-05, 2.66232655122e-05, 1.78403970494e-05, 1.94002586795e-05, 1.41065356729e-05, 1.39723979373e-05, 1.1935621842e-05, 7.31463114789e-06, 1.35090504045e-05, 5.38498215974e-06, 1.28075362227e-05, 5.84755616728e-06, 3.48297430719e-06, 3.60389299203e-06, 3.20727303915e-06, 4.3391746658e-06, 2.80820131593e-06, 2.79779305856e-06, 2.9473496852e-06, 3.27080465468e-06, 3.09496567752e-06, 2.1249134079e-06, 9.18283876672e-06, 2.53784537563e-06, 1.49073639477e-06, 1.03311151634e-06, 9.59293743108e-07, 9.8280520433e-07, 1.5266069795e-06, 1.58588773047e-06, 1.44613784414e-06, 4.43103516545e-07, 2.59118735357e-07, 3.28470441957e-08, 1.73735470455e-09, 1.68865410544e-09, 1.63714708457e-09, 1.61177104996e-09, 1.58227997371e-09, 1.54712831435e-09, 1.52260393183e-09, 1.50976253721e-09, 1.50032541946e-09, 1.48472334427e-09, 1.47703238529e-09],
        "mean": [3.20007420669e-05, 9.0567067673e-05, 0.000181500130566, 0.000259965192527, 0.000414696463849, 0.000360793870641, 0.000243799368036, 0.000252151017776, 0.000310921837809, 0.00025529411505, 0.000178397618583, 0.000204925847356, 0.000178603513632, 0.000109117383545, 0.000186006072909, 0.000145301426528, 0.000112257846922, 8.44387395773e-05, 5.89651681366e-05, 5.14404237038e-05, 0.000418036594056, 0.00103809009306, 0.000335335411364, 0.000185757409781, 0.000252774538239, 0.000456198555185, 0.000196655921172, 9.57447118708e-05, 0.000207685763598, 0.000124454672914, 0.000112558707769, 0.000159917137353, 8.77327693161e-05, 0.000148823732161, 0.000427341699833, 0.000388920889236, 6.66080522933e-05, 0.000113533467811, 6.37253833702e-05, 7.43357741158e-05, 0.000163311473443, 8.26914110803e-05, 5.29729913978e-05, 3.97246221837e-05, 0.000258038751781, 0.000242011752562, 4.74428161397e-05, 4.1983621486e-05, 3.82404832635e-05, 3.2549178286e-05, 2.8795646358e-05, 3.18106358463e-05, 6.97250288795e-05, 2.51471574302e-05, 8.96344681678e-06, 2.4833743737e-05, 2.49386393989e-05, 7.71775376052e-06, 1.52029606397e-05, 3.54624498868e-05, 1.45761687236e-05, 9.71314693743e-06, 7.879889381e-06, 8.85159897734e-06, 2.8749645935e-05, 1.64094180946e-05, 4.83246139993e-06, 7.88056604506e-06, 1.0003243915e-05, 5.86946771364e-06, 2.88323326458e-06, 4.82184441353e-06, 4.25508324042e-06, 6.32654928268e-06, 2.66733218268e-06, 1.91568278751e-06, 1.83659767572e-06, 2.12693498725e-06, 1.65555923104e-06, 1.29083230149e-06, 2.6959146453e-06, 2.03735635296e-06, 9.8916348179e-07, 1.14286785902e-06, 1.25852352539e-06, 1.03342745206e-06, 1.15294471925e-06, 9.75248212853e-07, 8.29752821119e-07, 8.49360787925e-07, 7.91676427525e-07, 8.066334658e-07, 4.70543227493e-07, 4.95090887398e-07, 4.09786309774e-07, 3.21089459021e-07, 3.80992219107e-07, 2.81179922013e-07, 2.6640597639e-07, 2.29039471833e-07, 2.41416387325e-07, 2.09755171454e-07, 1.3745511751e-07, 1.45806026808e-07, 1.28049777004e-07, 1.18119253045e-07, 9.1469424035e-08, 7.37193843747e-08, 6.32144221413e-08, 6.18239610617e-08, 5.31401838089e-08, 5.38380824366e-08, 3.69681494305e-08, 1.33991031603e-08, 3.51027584777e-09, 2.68156519212e-09, 6.65808408407e-10, 4.88252320519e-12, 4.46265463819e-12, 4.33583290799e-12, 4.23579097145e-12, 4.14896415835e-12, 4.06547365217e-12, 3.99295353726e-12, 3.91827152321e-12, 3.83481180838e-12, 3.77513081559e-12, 3.75131609803e-12],
        "min": [3.69145881336e-27, 2.70371302383e-25, 9.19585079607e-26, 1.621054433e-25, 3.15912341049e-25, 2.10349119428e-25, 1.41530114325e-25, 1.94897232491e-25, 2.38722104258e-25, 2.13527440015e-25, 1.00096828467e-25, 1.10863960148e-25, 8.21608740068e-26, 2.75943421387e-25, 8.55565196104e-26, 1.83643281187e-25, 2.91844367394e-25, 1.75499993322e-25, 2.17657126854e-25, 2.41750270102e-25, 3.88282588405e-25, 2.55991822543e-25, 2.6302279188e-25, 4.17854395292e-25, 4.76878841765e-25, 6.1474106103e-25, 4.56442019509e-25, 3.2829809821e-25, 5.26940299937e-25, 5.74591886651e-25, 7.34934472348e-25, 3.17709883881e-25, 6.60895340443e-25, 5.62197649235e-25, 1.11685309796e-24, 8.12394696784e-25, 3.64252899156e-25, 8.07990831476e-25, 5.88361503056e-25, 7.1776742924e-25, 1.3768742741e-24, 4.11243321824e-25, 1.30216658258e-24, 6.43107808929e-25, 1.11110703513e-24, 6.59595001848e-25, 1.48213040696e-24, 1.05400080256e-24, 8.84890422328e-25, 1.38722550968e-24, 1.08459864631e-24, 9.6705344105e-25, 1.76415666083e-24, 1.47866523683e-24, 8.86030326336e-25, 1.37292661691e-24, 1.64279612981e-24, 1.3507858551e-24, 1.7508866399e-24, 1.51555789478e-24, 1.86926764329e-24, 1.68624875783e-24, 1.30383107909e-24, 1.81778421403e-24, 1.71718472709e-24, 1.15617613776e-24, 9.24773454759e-25, 1.24527945612e-24, 2.23748740346e-24, 1.48193733325e-24, 1.64078492893e-24, 2.03169785076e-24, 2.35625672363e-24, 1.95530258855e-24, 1.83423985251e-24, 2.44012525963e-24, 1.9077683942e-24, 2.42845248481e-24, 2.31049056378e-24, 2.25130311892e-24, 3.12874127089e-24, 2.02735300211e-24, 3.07457709506e-24, 3.28468270299e-24, 2.61086256687e-24, 3.32751508913e-24, 3.06544405793e-24, 2.73962852964e-24, 3.01489503441e-24, 2.12140888784e-24, 3.16044460459e-24, 2.92912711857e-24, 3.35030725283e-24, 2.7752830704e-24, 3.43894208642e-24, 4.22995027102e-24, 3.32092612842e-24, 3.27571552386e-24, 3.6590267848e-24, 4.29444477762e-24, 4.38823757824e-24, 3.97502355862e-24, 2.72265165131e-24, 4.32706338719e-24, 3.8618425291e-24, 4.06326553947e-24, 3.94937256299e-24, 3.56256723989e-24, 3.39889004054e-24, 3.97198920514e-24, 4.42856217556e-24, 3.68566109554e-24, 4.41277825214e-24, 3.996101922e-24, 3.98270627497e-24, 4.32072449539e-24, 3.67382975968e-24, 4.81321943042e-24, 4.04608927655e-24, 4.36168018144e-24, 4.84384458848e-24, 4.85725759045e-24, 5.51846699614e-24, 4.92766066523e-24, 4.67129112623e-24, 5.35679902552e-24, 5.25184187094e-24, 5.35986059469e-24],
        "stdev": [7.74245199864e-05, 0.000191107552382, 0.000340326892911, 0.000520651461557, 0.000921505503356, 0.000759091461077, 0.000489228405058, 0.00054195325356, 0.000705319922417, 0.000509133853484, 0.00047063967213, 0.000467639678391, 0.000401881581638, 0.0002818419307, 0.000492732797284, 0.000336640165187, 0.000241549088969, 0.000194043866941, 0.000139792071423, 0.00015574664576, 0.000828407879453, 0.00228959927335, 0.000894637545571, 0.000693581474479, 0.000581550237257, 0.00104830286, 0.000512685975991, 0.000211660255445, 0.000644817133434, 0.000313400145387, 0.000295995298075, 0.000485734140966, 0.000245966308285, 0.000455365545349, 0.000931455870159, 0.000877614307683, 0.000125876496895, 0.000274594756775, 0.00015828620235, 0.000167008605786, 0.000414653593907, 0.000252569851, 0.000184397780686, 9.63470229181e-05, 0.000583886518143, 0.000509855512064, 9.16850112844e-05, 9.20871898415e-05, 8.69956857059e-05, 6.86662460794e-05, 4.98580666317e-05, 4.93542465847e-05, 0.000133591296617, 3.98943047912e-05, 1.43497773024e-05, 5.31805999344e-05, 4.87945690111e-05, 1.61967473105e-05, 2.49383519986e-05, 7.07437575329e-05, 2.70637410722e-05, 2.54559963651e-05, 1.56928472279e-05, 1.73897187778e-05, 5.47248782823e-05, 3.01901382045e-05, 8.41155906528e-06, 1.64322191267e-05, 2.25944477279e-05, 8.53024630487e-06, 4.67283507533e-06, 8.42649933475e-06, 6.87079409545e-06, 1.07138148451e-05, 4.04878437621e-06, 3.13366558657e-06, 3.04614991364e-06, 3.48407024831e-06, 2.63296033154e-06, 1.84968212125e-06, 4.02357773055e-06, 3.17234753311e-06, 1.4727368125e-06, 1.86946942904e-06, 2.1672396997e-06, 1.72175782609e-06, 1.81625193818e-06, 1.46857814798e-06, 1.39937264976e-06, 1.40940744586e-06, 1.18353398193e-06, 1.47354285218e-06, 7.05233048848e-07, 1.03713762201e-06, 6.67996800985e-07, 4.60373399847e-07, 5.34641401373e-07, 4.33671601741e-07, 5.23638448158e-07, 4.19916347028e-07, 3.96891920218e-07, 4.11958069435e-07, 2.92872186947e-07, 3.04371383208e-07, 2.34558967804e-07, 3.7567065192e-07, 2.21031882575e-07, 1.5029618794e-07, 1.20557075434e-07, 1.34758238346e-07, 1.04242182886e-07, 1.17557718227e-07, 9.86255983548e-08, 6.65015420509e-08, 2.17119247026e-08, 1.10822524491e-08, 2.22099427738e-09, 5.19638880536e-11, 5.04787947553e-11, 4.89422218031e-11, 4.81765911886e-11, 4.72914415961e-11, 4.62427075798e-11, 4.55081874962e-11, 4.5119481068e-11, 4.48331580194e-11, 4.43679398776e-11, 4.41376900306e-11]
    },
    "mfcc": {
        "mean": [-875.510070801, 64.0740661621, -25.631521225, -2.00786447525, -6.23038101196, 0.581836223602, -2.27641272545, 1.71201968193, -1.75078177452, 2.80371117592, 0.475536584854, -1.10282480717, -2.21392560005],
        "cov": [[106400.351562, 17529.7363281, -5895.33203125, 10.3196725845, -1431.05810547, 432.018463135, -315.394470215, 586.675720215, -367.621185303, 930.669250488, 219.227111816, -191.309280396, -540.620300293], [17529.7363281, 3141.16430664, -833.847351074, 137.608016968, -220.150421143, 85.308921814, -30.6301136017, 88.0495147705, -87.8832626343, 159.034332275, 40.2705459595, -28.4197559357, -90.7101593018], [-5895.33203125, -833.847351074, 780.27923584, 259.253173828, 175.835800171, 69.2744979858, 119.236846924, -3.98766970634, 18.7957057953, -3.82160592079, 15.2125234604, 38.9603843689, 50.6082420349], [10.3196725845, 137.608016968, 259.253173828, 246.779129028, 68.946144104, 47.7174606323, 40.9953575134, 0.092084415257, -31.1527290344, 19.8266487122, 10.9589395523, 10.5100212097, 8.94136810303], [-1431.05810547, -220.150421143, 175.835800171, 68.946144104, 104.553833008, 41.8948936462, 34.0649452209, 14.1246671677, 15.3849124908, 6.16408395767, 13.1527957916, 10.6018342972, 13.9906778336], [432.018463135, 85.308921814, 69.2744979858, 47.7174606323, 41.8948936462, 71.948135376, 46.788974762, 25.0587463379, 5.3692278862, 13.1256408691, 7.77820158005, 9.83393192291, 3.07498073578], [-315.394470215, -30.6301136017, 119.236846924, 40.9953575134, 34.0649452209, 46.788974762, 89.2090682983, 43.7766075134, 8.67934703827, 6.63793992996, 10.5641889572, 5.98564434052, 1.66357064247], [586.675720215, 88.0495147705, -3.98766970634, 0.092084415257, 14.1246671677, 25.0587463379, 43.7766075134, 62.9346809387, 21.0549621582, 11.6288700104, 9.94761180878, 1.35348594189, -5.14574432373], [-367.621185303, -87.8832626343, 18.7957057953, -31.1527290344, 15.3849124908, 5.3692278862, 8.67934703827, 21.0549621582, 59.1920089722, 19.6096553802, 5.05682039261, 6.88798189163, 6.12499666214], [930.669250488, 159.034332275, -3.82160592079, 19.8266487122, 6.16408395767, 13.1256408691, 6.63793992996, 11.6288700104, 19.6096553802, 57.8704414368, 28.3201999664, 4.65985631943, -0.628765285015], [219.227111816, 40.2705459595, 15.2125234604, 10.9589395523, 13.1527957916, 7.77820158005, 10.5641889572, 9.94761180878, 5.05682039261, 28.3201999664, 45.3751487732, 10.8617067337, -1.21445453167], [-191.309280396, -28.4197559357, 38.9603843689, 10.5100212097, 10.6018342972, 9.83393192291, 5.98564434052, 1.35348594189, 6.88798189163, 4.65985631943, 10.8617067337, 30.2552604675, 13.3104867935], [-540.620300293, -90.7101593018, 50.6082420349, 8.94136810303, 13.9906778336, 3.07498073578, 1.66357064247, -5.14574432373, 6.12499666214, -0.628765285015, -1.21445453167, 13.3104867935, 31.3364448547]],
        "icov": [[0.000208245852264, -0.000962761056144, 0.000481219583889, 0.000122618468595, 0.000207818520721, -0.000651792215649, 0.000219064313569, -0.00046345195733, 0.000131723820232, -0.000635739532299, 0.000153508954099, -6.41922888462e-05, -0.000128237777972], [-0.000962761056144, 0.00593732111156, -7.17127113603e-05, -0.00362057541497, 0.00167615478858, 0.00052781868726, -0.000892347539775, 0.00074582232628, 0.000219144829316, 0.00015164607612, -0.000277957529761, -0.000257712206803, 0.00115468795411], [0.000481219583889, -7.17127113603e-05, 0.00872850511223, -0.00778192840517, 0.000286282680463, -0.00209072744474, -0.00596885103732, 0.00230785342865, -0.00247843936086, -0.00282427761704, 0.000415097194491, -0.00236841174774, -0.00155853305478], [0.000122618468595, -0.00362057541497, -0.00778192840517, 0.0163605511189, -0.00682782288641, 0.001888569328, 0.00303904875182, -0.000703452853486, 0.00831581931561, -0.00226790597662, 0.00285126082599, 0.000131626977236, 0.000504349416588], [0.000207818520721, 0.00167615478858, 0.000286282680463, -0.00682782288641, 0.0263777580112, -0.0155919101089, 0.00619411189109, -0.00636132294312, -0.00351706310175, -0.000308444286929, -0.00649183988571, 0.00431910250336, -0.00310195749626], [-0.000651792215649, 0.00052781868726, -0.00209072744474, 0.001888569328, -0.0155919101089, 0.0357356667519, -0.015416033566, 0.00456014787778, -0.000133057881612, 0.000715337810107, 0.00534091563895, -0.00760524300858, 0.00162030302454], [0.000219064313569, -0.000892347539775, -0.00596885103732, 0.00303904875182, 0.00619411189109, -0.015416033566, 0.0341426134109, -0.0217003561556, 0.00582820503041, -0.00012979877647, -0.00278350082226, 0.00369746075012, 0.000519896391779], [-0.00046345195733, 0.00074582232628, 0.00230785342865, -0.000703452853486, -0.00636132294312, 0.00456014787778, -0.0217003561556, 0.0384694822133, -0.0145623693243, 0.00722940126434, -0.00435097096488, 0.000816952437162, 0.00297444616444], [0.000131723820232, 0.000219144829316, -0.00247843936086, 0.00831581931561, -0.00351706310175, -0.000133057881612, 0.00582820503041, -0.0145623693243, 0.0348476804793, -0.0196314230561, 0.0107421064749, -0.0063560642302, -0.000669702596497], [-0.000635739532299, 0.00015164607612, -0.00282427761704, -0.00226790597662, -0.000308444286929, 0.000715337810107, -0.00012979877647, 0.00722940126434, -0.0196314230561, 0.0440750680864, -0.0245675630867, 0.00830533076078, -0.00381742767058], [0.000153508954099, -0.000277957529761, 0.000415097194491, 0.00285126082599, -0.00649183988571, 0.00534091563895, -0.00278350082226, -0.00435097096488, 0.0107421064749, -0.0245675630867, 0.0416691862047, -0.0168185736984, 0.00833357777447], [-6.41922888462e-05, -0.000257712206803, -0.00236841174774, 0.000131626977236, 0.00431910250336, -0.00760524300858, 0.00369746075012, 0.000816952437162, -0.0063560642302, 0.00830533076078, -0.0168185736984, 0.0506288520992, -0.0200581774116], [-0.000128237777972, 0.00115468795411, -0.00155853305478, 0.000504349416588, -0.00310195749626, 0.00162030302454, 0.000519896391779, 0.00297444616444, -0.000669702596497, -0.00381742767058, 0.00833357777447, -0.0200581774116, 0.0459989160299]]
    },
    "spectral_contrast_coeffs": {
        "max": [-0.477329462767, -0.532436013222, -0.534627556801, -0.624032557011, -0.67894423008, -0.677462935448],
        "mean": [-0.81872099638, -0.834457933903, -0.828137993813, -0.842219412327, -0.846500813961, -0.836457967758],
        "min": [-0.98298817873, -0.981140077114, -0.976808130741, -0.973993122578, -0.969231247902, -0.966558694839],
        "stdev": [0.128704741597, 0.119861759245, 0.123555853963, 0.107908405364, 0.096374630928, 0.103213191032]
    },
    "spectral_contrast_valleys": {
        "max": [-5.52270460129, -4.50152397156, -5.42575025558, -5.77646255493, -6.04316186905, -8.77634143829],
        "mean": [-15.3698949814, -14.7821245193, -14.8801374435, -14.9829854965, -15.2184314728, -16.9621734619],
        "min": [-28.1946735382, -28.2781009674, -28.0873966217, -27.7507038116, -27.5342311859, -27.5227432251],
        "stdev": [9.75183010101, 10.1644153595, 10.0975542068, 9.98993301392, 9.82127380371, 8.40413188934]
    }
},
"rhythm": {
    "beats_count": 54,
    "beats_loudness": {
        "max": 0.0709341540933,
        "mean": 0.0219291821122,
        "min": 0,
        "stdev": 0.0208921488374
    },
    "bpm": 139.966537476,
    "bpm_histogram_first_peak_bpm": 140,
    "bpm_histogram_first_peak_weight": 0.214285731316,
    "bpm_histogram_second_peak_bpm": 99,
    "bpm_histogram_second_peak_spread": 0.45454543829,
    "bpm_histogram_second_peak_weight": 0.113207548857,
    "danceability": 0.694325625896,
    "onset_rate": 0.8358720541,
    "beats_loudness_band_ratio": {
        "max": [0.480665683746, 0.507398366928, 0.604972422123, 0.576898634434, 0.436338096857, 0.149490714073],
        "mean": [0.0851048380136, 0.0794097334146, 0.188437923789, 0.19083224237, 0.13052816689, 0.034796025604],
        "min": [0, 0, 0, 0, 0, 0],
        "stdev": [0.113739691675, 0.10540856421, 0.180237203836, 0.171355724335, 0.122528813779, 0.0335938148201]
    },
    "beats_position": [0.31346938014, 0.650158703327, 1.01006805897, 1.369977355, 1.71827661991, 2.08979582787, 2.46131515503, 2.83283448219, 3.21596360207, 3.59909296036, 3.99383211136, 4.38857126236, 4.78331041336, 5.17804956436, 5.5727891922, 6.00235795975, 6.43192720413, 6.86149644852, 7.30267572403, 7.72063493729, 8.15020370483, 8.57977294922, 9.0093421936, 9.43891143799, 9.86848068237, 10.2864398956, 10.71600914, 11.1455783844, 11.5751476288, 12.0859861374, 12.5968255997, 13.1076641083, 13.6068935394, 14.1061220169, 14.6053514481, 15.1161899567, 15.6502494812, 16.1959171295, 16.7415866852, 17.2756462097, 17.8329238892, 18.390203476, 18.9474830627, 19.5395908356, 20.1317005157, 20.7238082886, 21.3507480621, 21.9776859283, 22.5814056396, 23.1851234436, 23.7888431549, 24.3925609589, 24.9962806702, 25.6000003815],
