{
"metadata": {
    "version": {
        "essentia": "2.1-beta5",
        "essentia_git_sha": "Undefined",
        "extractor": "music 2.0"
    },
    "audio_properties": {
        "analysis": {
            "equal_loudness": 0,
            "length": 26.5055789948,
            "sample_rate": 44100,
            "start_time": 175.240997314,
            "downmix": "mix"
        },
        "bit_rate": 192000,
        "length": 201.769805908,
        "lossless": 0,
        "number_channels": 2,
        "replay_gain": -8.21674156189,
        "sample_rate": 48000,
        "codec": "mp3",
        "md5_encoded": "9e52c231956f3f138e9ad4bcd315ad13"
    },
    "tags": {
        "file_name": "Turkey_Sev!_Arzu Ece.mp3",
        "encoding": ["Lavf58.29.100"]
    }
},
"lowlevel": {
    "average_loudness": 0.616725206375,
    "barkbands_crest": {
        "max": 22.456993103,
        "mean": 6.80015611649,
        "min": 2.40882658958,
        "stdev": 2.42301249504
    },
    "barkbands_flatness_db": {
        "max": 0.225916430354,
        "mean": 0.0961414277554,
        "min": 0.0431632809341,
        "stdev": 0.028942219913
    },
    "barkbands_kurtosis": {
        "max": 20.7044792175,
        "mean": 1.38285529613,
        "min": -1.65444266796,
        "stdev": 2.09184074402
    },
    "barkbands_skewness": {
        "max": 3.37347579002,
        "mean": -0.362063378096,
        "min": -2.28668689728,
        "stdev": 1.25321507454
    },
    "barkbands_spread": {
        "max": 98.712677002,
        "mean": 24.2751789093,
        "min": 3.18035650253,
        "stdev": 7.99770116806
    },
    "dissonance": {
        "max": 0.499999910593,
        "mean": 0.482155531645,
        "min": 0.117346175015,
        "stdev": 0.0197156071663
    },
    "dynamic_complexity": 3.88488006592,
    "erbbands_crest": {
        "max": 23.4579391479,
        "mean": 6.73213863373,
        "min": 2.51849794388,
        "stdev": 3.68097519875
    },
    "erbbands_flatness_db": {
        "max": 0.302032589912,
        "mean": 0.151168912649,
        "min": 0.0805071145296,
        "stdev": 0.0493498630822
    },
    "erbbands_kurtosis": {
        "max": 14.3538417816,
        "mean": 0.0205858871341,
        "min": -1.65905308723,
        "stdev": 0.872000396252
    },
    "erbbands_skewness": {
        "max": 3.40016174316,
        "mean": -0.102500557899,
        "min": -1.19285786152,
        "stdev": 0.623856008053
    },
    "erbbands_spread": {
        "max": 105.944084167,
        "mean": 30.957742691,
        "min": 7.00947237015,
        "stdev": 9.62103652954
    },
    "hfc": {
        "max": 77.8012771606,
        "mean": 18.7593593597,
        "min": 1.01670469772e-16,
        "stdev": 19.8708229065
    },
    "loudness_ebu128": {
        "integrated": -14.3151264191,
        "loudness_range": 8.30919647217,
        "momentary": {
            "max": -12.3445205688,
            "mean": -121.750679016,
            "min": -300.691009521,
            "stdev": 136.934707642
        },
        "short_term": {
            "max": -13.4250411987,
            "mean": -103.195121765,
            "min": -300.691009521,
            "stdev": 129.549316406
        }
    },
    "melbands_crest": {
        "max": 27.3892765045,
        "mean": 6.743516922,
        "min": 1.54362535477,
        "stdev": 4.59577035904
    },
    "melbands_flatness_db": {
        "max": 0.247655153275,
        "mean": 0.0835320428014,
        "min": 0.00250794226304,
        "stdev": 0.064420349896
    },
    "melbands_kurtosis": {
        "max": 30.569480896,
        "mean": 1.03238832951,
        "min": -1.43059241772,
        "stdev": 3.32266569138
    },
    "melbands_skewness": {
        "max": 4.45815992355,
        "mean": 0.72654736042,
        "min": -0.423388302326,
        "stdev": 0.784317076206
    },
    "melbands_spread": {
        "max": 168.255783081,
        "mean": 71.2689666748,
        "min": 4.54931211472,
        "stdev": 49.321434021
    },
    "pitch_salience": {
        "max": 0.945637643337,
        "mean": 0.678785383701,
        "min": 0.342097103596,
        "stdev": 0.113344542682
    },
    "silence_rate_20dB": {
        "max": 1,
        "mean": 1,
        "min": 1,
        "stdev": 0
    },
    "silence_rate_30dB": {
        "max": 1,
        "mean": 1,
        "min": 1,
        "stdev": 0
    },
    "silence_rate_60dB": {
        "max": 1,
        "mean": 0.42519685626,
        "min": 0,
        "stdev": 0.494374334812
    },
    "spectral_centroid": {
        "max": 11809.1875,
        "mean": 5289.08740234,
        "min": 643.170166016,
        "stdev": 4489.92041016
    },
    "spectral_complexity": {
        "max": 45,
        "mean": 16.3814525604,
        "min": 0,
        "stdev": 14.8834791183
    },
    "spectral_decrease": {
        "max": 2.33276362658e-28,
        "mean": -3.62945207222e-09,
        "min": -1.74491869842e-08,
        "stdev": 3.8650904699e-09
    },
    "spectral_energy": {
        "max": 0.0712097808719,
        "mean": 0.0153999160975,
        "min": 9.73931419729e-21,
        "stdev": 0.0162805765867
    },
    "spectral_energyband_high": {
        "max": 0.0105601856485,
        "mean": 0.000585229194257,
        "min": 7.01612495304e-21,
        "stdev": 0.000867814174853
    },
    "spectral_energyband_low": {
        "max": 0.0297854002565,
        "mean": 0.00162540469319,
        "min": 1.06266143033e-23,
        "stdev": 0.00323642394505
    },
    "spectral_energyband_middle_high": {
        "max": 0.040731292218,
        "mean": 0.00664985971525,
        "min": 1.09691237613e-21,
        "stdev": 0.00772875919938
    },
    "spectral_energyband_middle_low": {
        "max": 0.0619165152311,
        "mean": 0.00743070803583,
        "min": 1.13101701663e-22,
        "stdev": 0.00881564896554
    },
    "spectral_entropy": {
        "max": 9.82291316986,
        "mean": 8.48164653778,
        "min": 7.03930234909,
        "stdev": 1.03849458694
    },
    "spectral_flux": {
        "max": 0.192678064108,
        "mean": 0.0528002008796,
        "min": 6.15399398107e-11,
        "stdev": 0.0490344725549
    },
    "spectral_kurtosis": {
        "max": 12.6585245132,
        "mean": 2.40099668503,
        "min": -1.27160322666,
        "stdev": 3.09041428566
    },
    "spectral_rms": {
        "max": 0.0083350436762,
        "mean": 0.00287724868394,
        "min": 3.08249411239e-12,
        "stdev": 0.00259725842625
    },
    "spectral_rolloff": {
        "max": 19896.6796875,
        "mean": 8507.25585938,
        "min": 409.130859375,
        "stdev": 8058.85546875
    },
    "spectral_skewness": {
        "max": 2.26170325279,
        "mean": 0.939004778862,
        "min": -0.0937373042107,
        "stdev": 0.76569133997
    },
    "spectral_spread": {
        "max": 43191300,
        "mean": 17642686,
        "min": 2502578,
        "stdev": 17833426
    },
    "spectral_strongpeak": {
        "max": 9.21908664703,
        "mean": 1.02026605606,
        "min": 0,
        "stdev": 1.40393173695
    },
    "zerocrossingrate": {
        "max": 0.78564453125,
        "mean": 0.239645272493,
        "min": 0.02685546875,
        "stdev": 0.208886295557
    },
    "barkbands": {
        "max": [0.00174401130062, 0.0142133133486, 0.0245218798518, 0.00561768002808, 0.00925112701952, 0.0482668876648, 0.0220456887037, 0.0356548726559, 0.0434694774449, 0.0266402419657, 0.0110182845965, 0.0137704228982, 0.00736966170371, 0.00732438685372, 0.0132893566042, 0.0191693473607, 0.00808654353023, 0.00656983302906, 0.00321332295425, 0.00318523519672, 0.0031862843316, 0.00297986506484, 0.00231195986271, 0.00162753392942, 0.000803117349278, 0.00025156911579, 1.92409515876e-06],
        "mean": [5.40217588423e-05, 0.000592740136199, 0.000818616827019, 0.000306349713355, 0.000944518484175, 0.000957125041168, 0.000940088822972, 0.00127743231133, 0.00177326751873, 0.00168152467813, 0.000510453712195, 0.000647741078865, 0.000376697949832, 0.000410126842326, 0.000917051394936, 0.000936518830713, 0.000576571619604, 0.000621295359451, 0.000343454797985, 0.00033762442763, 0.000140320204082, 7.40495961509e-05, 8.22891015559e-05, 4.77725589008e-05, 2.48342075793e-05, 7.4209478953e-06, 1.72630265638e-08],
        "min": [4.65270531678e-26, 1.52751949129e-24, 7.40384958861e-25, 7.34260045578e-25, 4.77285302347e-24, 3.89662774515e-24, 5.28013397287e-24, 6.28711846826e-24, 1.48710535826e-23, 7.9097741903e-24, 1.23282424961e-23, 2.51523598019e-23, 2.3105060649e-23, 2.82433156215e-23, 3.32066990639e-23, 4.45771792242e-23, 4.71121995203e-23, 8.82357393905e-23, 1.35978150422e-22, 1.43227289891e-22, 1.72753242858e-22, 2.56740246833e-22, 3.50039242612e-22, 4.7180566624e-22, 7.37710356333e-22, 1.2319622329e-21, 1.89536522411e-21],
        "stdev": [0.000161685617059, 0.00140646658838, 0.0019945919048, 0.000516860163771, 0.00131935451645, 0.00259082647972, 0.0020206051413, 0.00248094904236, 0.00373554648831, 0.0032907447312, 0.000873473822139, 0.00147596490569, 0.00068091036519, 0.000745042110793, 0.00145046995021, 0.00172254990321, 0.000902392494027, 0.000848706986289, 0.000496461347211, 0.000465264049126, 0.000307270063786, 0.000146585443872, 0.000140089352499, 0.000111210109026, 4.92466897413e-05, 1.45436461025e-05, 8.54789874438e-08]
    },
    "erbbands": {
        "max": [0.595528244972, 4.22751522064, 24.1821556091, 25.9733715057, 20.2351512909, 46.1155052185, 54.4242553711, 519.253112793, 442.86730957, 407.493408203, 1017.45263672, 1148.48596191, 940.585693359, 260.561065674, 496.817932129, 700.739440918, 374.427062988, 456.474884033, 317.617126465, 1057.21643066, 323.398590088, 477.003875732, 257.146728516, 330.000427246, 128.160766602, 169.181869507, 160.622299194, 155.750732422, 99.482635498, 82.2228240967, 66.974067688, 29.7159042358, 28.0706920624, 9.31204795837, 5.79705572128, 2.06079053879, 0.254253953695, 0.0236804876477, 0.000448546488769, 8.77154816408e-05],
        "mean": [0.0154872955754, 0.148075804114, 0.842173755169, 1.04356408119, 1.77333128452, 3.61571836472, 4.04587364197, 8.80723285675, 13.7663707733, 18.7523422241, 30.2841682434, 44.9596633911, 70.1685943604, 19.9160728455, 19.4618930817, 31.7215690613, 21.0686645508, 21.3361358643, 28.627412796, 78.3441772461, 34.089389801, 28.5423908234, 29.3323192596, 28.2624263763, 14.5744190216, 16.1320400238, 9.27166938782, 4.17860364914, 2.71230745316, 2.48968696594, 2.20584464073, 1.23192584515, 0.684716045856, 0.329831540585, 0.153136014938, 0.0549602545798, 0.00914316345006, 0.000460274983197, 2.26892425417e-05, 2.06771346711e-05],
        "min": [4.54470624552e-23, 2.19377901095e-22, 1.23826675877e-21, 2.96938917342e-21, 7.91997486862e-21, 1.09219853716e-20, 3.34036016994e-20, 3.29354110103e-20, 8.81046872536e-20, 1.01097852908e-19, 2.00158282418e-19, 3.36281334143e-19, 3.51142435179e-19, 5.36952248821e-19, 7.35016717389e-19, 9.36670994719e-19, 1.3201093269e-18, 1.34648067201e-18, 2.12147859562e-18, 1.77093165293e-18, 2.4958969368e-18, 4.01908903025e-18, 4.90828337333e-18, 5.08582611128e-18, 6.82309730355e-18, 6.81902550698e-18, 7.90160144238e-18, 9.19065075766e-18, 8.60177757086e-18, 9.82838054016e-18, 9.94889827387e-18, 9.09079268694e-18, 8.90693938809e-18, 7.17267582453e-18, 5.78853134449e-18, 3.47106119492e-18, 2.01226531896e-18, 9.03830270039e-19, 2.23973238769e-19, 2.52288616644e-20],
        "stdev": [0.0447276122868, 0.353455722332, 2.01795005798, 1.88950002193, 2.54962348938, 5.6196975708, 6.45390987396, 26.9389190674, 34.0323524475, 32.9625015259, 59.4969558716, 103.25868988, 124.868873596, 30.8367385864, 33.1926803589, 74.0659637451, 35.2222061157, 39.4918746948, 41.8134498596, 135.140365601, 46.3409881592, 45.5070571899, 39.5017814636, 38.9308357239, 19.7362136841, 22.3487586975, 17.6989860535, 8.73548793793, 5.34403610229, 4.2512345314, 3.88969779015, 2.63381075859, 1.75586271286, 0.682221353054, 0.295229971409, 0.108631007373, 0.0183802973479, 0.00131303351372, 3.47448512912e-05, 2.15030395339e-05]
    },
    "gfcc": {
        "mean": [-474.004974365, 49.4772377014, -100.291465759, 15.2455978394, -42.9175720215, 8.79300689697, -26.239616394, 12.0518350601, -12.8608636856, 0.48900821805, -12.576300621, -3.75663638115, -5.40493822098],
        "cov": [[389951.8125, 25389.2324219, -47856.4492188, 8056.86669922, -20681.4179688, 3916.89794922, -12856.2988281, 5817.48828125, -6335.79003906, 132.965759277, -6108.81201172, -1903.17822266, -2789.49047852], [25389.2324219, 1948.24145508, -2901.0300293, 627.549377441, -1261.08190918, 205.072769165, -821.596496582, 357.073150635, -397.821746826, -11.1306810379, -360.769805908, -142.503433228, -199.273071289], [-47856.4492188, -2901.0300293, 6536.12158203, -749.420654297, 2622.94360352, -583.49987793, 1534.26611328, -731.713684082, 773.821228027, -7.31830310822, 796.939758301, 249.311737061, 268.718811035], [8056.86669922, 627.549377441, -749.420654297, 364.767730713, -364.195953369, 20.3736190796, -275.212463379, 94.1167373657, -113.125030518, 7.56478643417, -91.9768447876, -26.237323761, -81.6215820312], [-20681.4179688, -1261.08190918, 2622.94360352, -364.195953369, 1197.421875, -221.783218384, 718.093383789, -301.306243896, 336.186584473, -12.1463937759, 321.848144531, 96.8134155273, 137.117736816], [3916.89794922, 205.072769165, -583.49987793, 20.3736190796, -221.783218384, 159.101821899, -68.5814666748, 66.9087905884, -72.1259460449, 4.56062793732, -81.3988265991, -29.953332901, -16.2343482971], [-12856.2988281, -821.596496582, 1534.26611328, -275.212463379, 718.093383789, -68.5814666748, 531.951782227, -175.443283081, 200.177078247, -11.9216651917, 177.911697388, 45.3512077332, 93.1958847046], [5817.48828125, 357.073150635, -731.713684082, 94.1167373657, -301.306243896, 66.9087905884, -175.443283081, 136.55847168, -85.7640991211, 2.89090681076, -99.2292938232, -33.7291793823, -38.1742362976], [-6335.79003906, -397.821746826, 773.821228027, -113.125030518, 336.186584473, -72.1259460449, 200.177078247, -85.7640991211, 143.498840332, 7.59683465958, 110.924003601, 29.4893379211, 48.6992263794], [132.965759277, -11.1306810379, -7.31830310822, 7.56478643417, -12.1463937759, 4.56062793732, -11.9216651917, 2.89090681076, 7.59683465958, 35.468788147, 8.19466781616, 10.8668022156, -3.49951314926], [-6108.81201172, -360.769805908, 796.939758301, -91.9768447876, 321.848144531, -81.3988265991, 177.911697388, -99.2292938232, 110.924003601, 8.19466781616, 147.027679443, 42.95154953, 37.6374778748], [-1903.17822266, -142.503433228, 249.311737061, -26.237323761, 96.8134155273, -29.953332901, 45.3512077332, -33.7291793823, 29.4893379211, 10.8668022156, 42.95154953, 43.3450050354, 19.8176059723], [-2789.49047852, -199.273071289, 268.718811035, -81.6215820312, 137.117736816, -16.2343482971, 93.1958847046, -38.1742362976, 48.6992263794, -3.49951314926, 37.6374778748, 19.8176059723, 56.1248054504]],
        "icov": [[0.000602397194598, -0.00179220282007, 0.00128642260097, -0.00215265504085, 0.00198414502665, -0.000886155816261, 0.00149634643458, -0.00266833556816, 0.00232010544278, -0.00107540283352, 0.00198718416505, -0.000931445218157, 0.0017996939132], [-0.00179220282007, 0.0090491855517, -0.00317443069071, 0.00312535348348, -0.00613996293396, 0.00239101191983, -0.00313756405376, 0.00655481545255, -0.00479889521375, 0.00447923317552, -0.00748009141535, 0.00668112793937, -0.00474113645032], [0.00128642260097, -0.00317443069071, 0.00472949352115, -0.00515030510724, 0.00165255437605, -0.000794855470303, 0.00273853493854, -0.00442551542073, 0.00439602788538, -0.00194188882597, 0.00241725891829, -0.00247672060505, 0.00602532410994], [-0.00215265504085, 0.00312535348348, -0.00515030510724, 0.0158256497234, -0.00704568298534, 0.00406702887267, -0.00455552944914, 0.0104732830077, -0.00980380177498, 0.0027461531572, -0.00555180385709, -0.00100214150734, -0.00238700676709], [0.00198414502665, -0.00613996293396, 0.00165255437605, -0.00704568298534, 0.0209451280534, 0.00150400830898, -0.00486083654687, -0.00789072457701, 0.00457922276109, -0.00234625651501, 0.00655418401584, -0.00431774742901, 0.00363470125012], [-0.000886155816261, 0.00239101191983, -0.000794855470303, 0.00406702887267, 0.00150400830898, 0.01640904136, -0.0107458531857, 0.00385131384246, -0.000678420881741, -0.00319357658736, -0.0019828195218, 0.00311486585997, -0.00367917725816], [0.00149634643458, -0.00313756405376, 0.00273853493854, -0.00455552944914, -0.00486083654687, -0.0107458531857, 0.0210617296398, -0.00722122332081, 0.00558439455926, -0.000489242374897, 0.00553041510284, 0.00210099271499, 0.00304954499006], [-0.00266833556816, 0.00655481545255, -0.00442551542073, 0.0104732830077, -0.00789072457701, 0.00385131384246, -0.00722122332081, 0.0323487445712, -0.0141193568707, 0.00277246162295, -0.0036475120578, 0.00405649421737, -0.00510428985581], [0.00232010544278, -0.00479889521375, 0.00439602788538, -0.00980380177498, 0.00457922276109, -0.000678420881741, 0.00558439455926, -0.0141193568707, 0.0396861284971, -0.0131853772327, -0.00261844741181, 0.00788243673742, -0.00357606541365], [-0.00107540283352, 0.00447923317552, -0.00194188882597, 0.0027461531572, -0.00234625651501, -0.00319357658736, -0.000489242374897, 0.00277246162295, -0.0131853772327, 0.0401180312037, -0.00583876948804, -0.0116470046341, 0.00522256270051], [0.00198718416505, -0.00748009141535, 0.00241725891829, -0.00555180385709, 0.00655418401584, -0.0019828195218, 0.00553041510284, -0.0036475120578, -0.00261844741181, -0.00583876948804, 0.0339539721608, -0.013373802416, 0.00817073788494], [-0.000931445218157, 0.00668112793937, -0.00247672060505, -0.00100214150734, -0.00431774742901, 0.00311486585997, 0.00210099271499, 0.00405649421737, 0.00788243673742, -0.0116470046341, -0.013373802416, 0.0493276305497, -0.0174666661769], [0.0017996939132, -0.00474113645032, 0.00602532410994, -0.00238700676709, 0.00363470125012, -0.00367917725816, 0.00304954499006, -0.00510428985581, -0.00357606541365, 0.00522256270051, 0.00817073788494, -0.0174666661769, 0.0437485724688]]
    },
    "melbands": {
        "max": [0.00420716684312, 0.00845251046121, 0.00372483977117, 0.00192680489272, 0.00182784488425, 0.0108893420547, 0.00574592966586, 0.00380976707675, 0.00827387999743, 0.00784015655518, 0.00482844235376, 0.00139466742985, 0.00170417455956, 0.00137667031959, 0.00122241652571, 0.00058136129519, 0.000823929673061, 0.000446784397354, 0.000927892688196, 0.00171999773011, 0.000360102305422, 0.000648058427032, 0.000220645146328, 0.000288513634587, 0.000275931844953, 8.95822959137e-05, 0.000113129710371, 0.000146334510646, 0.000109994180093, 8.04512310424e-05, 9.90923217614e-05, 5.40565342817e-05, 5.77686842007e-05, 3.96416980948e-05, 4.60673472844e-05, 2.18241602852e-05, 2.07595894608e-05, 2.50074936048e-05, 1.06676798168e-05, 6.40765392745e-06],
        "mean": [0.000149840474478, 0.000347099645296, 0.000200257942197, 0.000190705264686, 0.000151329615619, 0.000203370655072, 0.00020901064272, 0.00021048419876, 0.000261944660451, 0.000275245285593, 0.000343733583577, 7.37041700631e-05, 7.05913698766e-05, 6.17859404883e-05, 7.53467247705e-05, 3.34855430992e-05, 4.06396793551e-05, 3.80356977985e-05, 8.11557620182e-05, 9.10084781935e-05, 3.52362185367e-05, 3.44332802342e-05, 1.83154752449e-05, 3.48465218849e-05, 2.21848586079e-05, 9.83453537629e-06, 9.76064802671e-06, 1.14121812658e-05, 6.31261855233e-06, 4.29568672189e-06, 1.86990382645e-06, 1.62848141372e-06, 1.21925972962e-06, 1.49403240357e-06, 1.36984658639e-06, 9.25580252442e-07, 6.87628244123e-07, 5.14334374202e-07, 3.45390986922e-07, 2.52041928661e-07],
        "min": [4.20076123424e-25, 7.82515406707e-25, 6.86752425979e-25, 1.33391083844e-24, 8.49628339864e-25, 6.72299803942e-25, 1.62393831126e-24, 8.54944966543e-25, 1.30481094294e-24, 1.67139135154e-24, 1.43196082554e-24, 1.73931128941e-24, 2.06196565483e-24, 1.95855979523e-24, 2.13987967151e-24, 2.78784568032e-24, 1.93698247732e-24, 2.20021017581e-24, 2.01398910673e-24, 2.94869224953e-24, 2.57265468057e-24, 3.11804431701e-24, 3.34333569458e-24, 3.35479666024e-24, 3.04183640926e-24, 4.13924349427e-24, 3.32680748089e-24, 3.01713342723e-24, 3.59716944021e-24, 3.24056368471e-24, 4.00562031769e-24, 3.51405860511e-24, 5.24554597205e-24, 4.17791779458e-24, 5.28503753226e-24, 5.28008388021e-24, 5.17561700268e-24, 5.43081113894e-24, 5.52830211948e-24, 4.70509657703e-24],
        "stdev": [0.00037114211591, 0.000792244798504, 0.000317015714245, 0.000269544165349, 0.000233257378568, 0.000590230105445, 0.000494391773827, 0.000371585425455, 0.00051307794638, 0.000616308709141, 0.00062838132726, 0.000124484678963, 0.000122692625155, 0.000137010589242, 0.000147317841765, 5.52407436771e-05, 8.02819558885e-05, 5.83633518545e-05, 0.000125408216263, 0.000169723731233, 5.27912779944e-05, 6.0668669903e-05, 2.78037186945e-05, 5.04433301103e-05, 3.28233800246e-05, 1.34479669214e-05, 1.52820648509e-05, 1.71884330484e-05, 1.20584008982e-05, 1.05855715447e-05, 4.5489173317e-06, 3.30281409333e-06, 2.47715001933e-06, 2.46750119004e-06, 2.4422779461e-06, 1.85182420864e-06, 1.64541131653e-06, 1.44703858496e-06, 8.01935243544e-07, 5.03834542087e-07]
    },
    "melbands128": {
        "max": [0.00153868983034, 0.00546835316345, 0.00562538905069, 0.00844264775515, 0.0121230315417, 0.012708033435, 0.00609195884317, 0.00251969182864, 0.00212576193735, 0.00269917584956, 0.00324066495523, 0.0027698141057, 0.00254670646973, 0.00374964275397, 0.00948754511774, 0.0221643168479, 0.012921737507, 0.00548942247406, 0.00789347104728, 0.00743332132697, 0.00571506982669, 0.00677580432966, 0.0147476792336, 0.00821460876614, 0.0148270688951, 0.0161476861686, 0.00861990638077, 0.00925430562347, 0.00548900105059, 0.00185054715257, 0.0011021773098, 0.00165345985442, 0.00279185432009, 0.00195405329578, 0.00109130411875, 0.00200901995413, 0.00390773219988, 0.00181467784569, 0.00189539184794, 0.000890354684088, 0.000372930575395, 0.00218258821405, 0.00142575358041, 0.00158971629571, 0.000272693258012, 0.000554731406737, 0.00127613754012, 0.00122374517377, 0.00162367802113, 0.00363864307292, 0.00207481672987, 0.00123148120474, 0.000742784468457, 0.000711738422979, 0.000912956660613, 0.00118503766134, 0.00065995141631, 0.000342060520779, 0.000266509974608, 0.000658161123283, 0.000613211712334, 0.000758997863159, 0.000582567241509, 0.000267701107077, 0.000220415138756, 0.000112263420306, 0.000234308259678, 0.000195605462068, 0.000256860395893, 0.000192480671103, 0.000151406638906, 0.00024204463989, 0.000325661589159, 0.000159859482665, 0.000297976628644, 0.000156725247507, 9.50573376031e-05, 0.000105454375444, 0.000102794430859, 0.000110801760457, 5.16435829923e-05, 3.85638413718e-05, 5.13545783178e-05, 7.51217521611e-05, 4.47286911367e-05, 4.62636453449e-05, 3.17504200211e-05, 5.16869222338e-05, 6.18521880824e-05, 3.28991736751e-05, 2.74659414572e-05, 2.39257315116e-05, 1.88685971807e-05, 2.42512469413e-05, 3.63263206964e-05, 2.67703217105e-05, 2.91834821837e-05, 1.60622712428e-05, 1.39264921017e-05, 1.28828150991e-05, 6.40542612018e-06, 6.67205449645e-06, 5.89105138715e-06, 6.13298243479e-06, 7.15430496712e-06, 5.07671984451e-06, 9.72718044068e-06, 7.66300672694e-06, 2.77551907857e-06, 2.15445379581e-06, 1.13030000648e-06, 6.03354123996e-07, 1.00625777577e-06, 1.37687345614e-06, 5.1082633945e-07, 1.11078264808e-07, 6.03550773803e-08, 5.49767431579e-09, 5.33785238233e-09, 5.17106713005e-09, 5.03901986804e-09, 4.92123231055e-09, 4.83328133072e-09, 4.73782391097e-09, 4.66552574352e-09, 4.61716842537e-09, 4.57229409889e-09, 4.54724524701e-09],
        "mean": [4.53263819509e-05, 0.00012338977831, 0.000165003672009, 0.000252893369179, 0.000429334089858, 0.000375282688765, 0.000210312966374, 0.000144188117702, 0.000183014097274, 0.00017977115931, 0.00021630358242, 0.000190886901692, 0.000130279688165, 0.000110318847874, 0.000146924416185, 0.000314835313475, 0.000265702692559, 0.00016909527767, 0.000162064417964, 0.000226913238293, 0.00022250393522, 0.00019278327818, 0.000311513460474, 0.000230396952247, 0.000359014782589, 0.000203938878258, 0.000298195547657, 0.000551582255866, 0.000179093753104, 4.9723781558e-05, 5.01475624333e-05, 7.38149465178e-05, 9.63330385275e-05, 4.96304928674e-05, 2.22121543629e-05, 6.46414555376e-05, 0.000134573318064, 6.49610665278e-05, 5.57209568797e-05, 4.46480007668e-05, 1.88789235835e-05, 3.3521282603e-05, 3.83755141229e-05, 5.73917059228e-05, 2.06686781894e-05, 2.92921340588e-05, 6.57401178614e-05, 4.55034678453e-05, 7.36952570151e-05, 0.000209909965633, 6.4780957473e-05, 2.55576633208e-05, 2.27228665608e-05, 4.04282181989e-05, 6.17280093138e-05, 3.12257689075e-05, 1.52308284669e-05, 1.94074364117e-05, 1.69728373294e-05, 2.07979355764e-05, 4.02658988605e-05, 4.48025894002e-05, 2.5026172807e-05, 1.79274393304e-05, 1.03308102553e-05, 7.28110035197e-06, 1.27946623252e-05, 9.38537323236e-06, 8.59918691276e-06, 1.01578298199e-05, 1.17900108307e-05, 1.26390896185e-05, 9.64221180766e-06, 3.21939728565e-06, 4.68786083729e-06, 6.54346558804e-06, 2.91204310088e-06, 1.53963560479e-06, 1.78786478955e-06, 2.1737280349e-06, 1.76474384261e-06, 1.3382493762e-06, 1.32992840918e-06, 1.26059512695e-06, 9.93107164504e-07, 1.47487446611e-06, 1.74184492607e-06, 1.44611681208e-06, 1.40887209454e-06, 1.29420527628e-06, 9.70920268628e-07, 8.57763268414e-07, 7.55522762574e-07, 6.96224958574e-07, 6.61529156787e-07, 5.36389222816e-07, 5.23764526861e-07, 4.10904135606e-07, 3.45201499385e-07, 3.08967855744e-07, 2.88930664283e-07, 2.43049100845e-07, 2.08903927046e-07, 2.00841483888e-07, 1.74371024286e-07, 1.45744508018e-07, 1.3765678375e-07, 1.20318134122e-07, 9.40624502732e-08, 7.22153146171e-08, 4.72105590177e-08, 3.88015024555e-08, 2.55835157503e-08, 9.55342827069e-09, 5.34914246231e-09, 2.93049051692e-09, 6.77845723995e-10, 7.62264903975e-12, 7.10436440579e-12, 6.8947326147e-12, 6.71596675841e-12, 6.56047221756e-12, 6.44205045211e-12, 6.31450317382e-12, 6.19667641852e-12, 6.09069088567e-12, 6.01250126075e-12, 5.97621127932e-12],
        "min": [1.87089179696e-26, 1.72598045223e-25, 2.55409889714e-25, 2.28010729019e-25, 1.06323757489e-25, 2.68381252838e-25, 1.81287730198e-25, 3.65466216532e-25, 3.15647111221e-25, 5.76539436315e-25, 1.26165643038e-25, 1.76903450828e-25, 1.66115383519e-25, 3.74541050519e-25, 3.12124107722e-25, 9.20126497033e-26, 5.16425129197e-25, 1.03117339896e-25, 2.30039950439e-25, 5.11835930881e-25, 3.61845098458e-25, 3.73083876515e-25, 7.67419468602e-25, 3.1055905699e-25, 3.36363880491e-25, 4.17783249899e-25, 2.29832701888e-25, 8.90053418345e-25, 3.33403630641e-25, 7.39401446527e-25, 3.11349865396e-25, 6.73264876652e-25, 8.63551636234e-25, 8.48244086191e-25, 9.10388970582e-25, 5.93910301359e-25, 6.69130653863e-25, 9.0594255609e-25, 5.90935112455e-25, 2.40099825177e-25, 9.03269007875e-25, 4.14464166944e-25, 1.15077855423e-24, 7.30926072873e-25, 1.02418856566e-24, 4.41323352349e-25, 7.84642570138e-25, 1.04085285785e-24, 1.46259683044e-24, 6.7887915041e-25, 1.32354027577e-24, 1.02908857517e-24, 1.29854216115e-24, 9.26963431239e-25, 8.8078962752e-25, 1.31313401713e-24, 1.27578608783e-24, 1.21260306249e-24, 9.8043262061e-25, 1.86609287257e-24, 1.31876835754e-24, 8.38589414787e-25, 1.05674544686e-24, 2.50972330185e-24, 1.58449763258e-24, 2.1370598882e-24, 1.95513239181e-24, 1.66349169844e-24, 1.35877297316e-24, 2.1618608862e-24, 2.18557897539e-24, 9.88153793935e-25, 1.94378186667e-24, 1.71095667024e-24, 1.693921219e-24, 2.14181967769e-24, 2.5101863632e-24, 1.84410554421e-24, 1.47875082823e-24, 1.83403672083e-24, 2.07375123676e-24, 1.75778029813e-24, 2.92515185125e-24, 2.53593004998e-24, 3.30795488855e-24, 2.92600204609e-24, 2.87556366032e-24, 2.78284134395e-24, 2.92236717226e-24, 3.42085074485e-24, 3.78929099165e-24, 3.32575316829e-24, 3.34119590938e-24, 3.01104578763e-24, 2.88116417832e-24, 3.89503976814e-24, 3.69977302827e-24, 4.10228575529e-24, 3.64379703616e-24, 3.40461638185e-24, 2.43128311496e-24, 2.91942334057e-24, 3.73456849951e-24, 4.08771352222e-24, 3.36881708511e-24, 3.43083220188e-24, 3.34062516851e-24, 2.92136669941e-24, 3.98727535733e-24, 4.01038069882e-24, 4.68918801358e-24, 4.47643104415e-24, 4.33213536838e-24, 3.79995284121e-24, 4.69343800171e-24, 3.12274415307e-24, 4.45368147894e-24, 3.6655715693e-24, 4.0723299457e-24, 3.75573482089e-24, 5.34036468628e-24, 4.1840081952e-24, 4.65980176157e-24, 5.52487175783e-24, 4.50688580826e-24, 4.84839276603e-24, 5.28294034554e-24, 4.97268174595e-24],
        "stdev": [0.000140479969559, 0.00040675784112, 0.000475257344078, 0.00064540153835, 0.00106093997601, 0.000918531499337, 0.000416692637373, 0.000240234963712, 0.000290153984679, 0.000301483698422, 0.000378803932108, 0.000343491410604, 0.000244626600761, 0.000221873051487, 0.000497580855154, 0.00113161711488, 0.000803130795248, 0.000496515771374, 0.000438783346908, 0.00047594399075, 0.000501139671542, 0.000445307028713, 0.000752990075853, 0.000569504569285, 0.00116135703865, 0.00064455147367, 0.000561903114431, 0.00117400940508, 0.000446220597951, 0.000123789126519, 0.000110785556899, 0.000157890099217, 0.000210205573239, 0.000122551238746, 5.56392988074e-05, 0.000170124636497, 0.000398252508603, 0.000204687108635, 0.000127657098346, 0.00010067353287, 3.86999599868e-05, 9.70483160927e-05, 9.53472408582e-05, 0.000136016053148, 3.48336725438e-05, 5.93588010815e-05, 0.000145438141772, 0.000109579137643, 0.000165349410963, 0.000429686013376, 0.000162351207109, 6.81455858285e-05, 5.59380932827e-05, 8.01482747192e-05, 0.000117741525173, 8.16060055513e-05, 4.19597745349e-05, 4.06495419156e-05, 3.13621640089e-05, 4.91937316838e-05, 7.75937587605e-05, 8.01652568043e-05, 4.84978991153e-05, 3.37454621331e-05, 2.21563805098e-05, 1.19128908409e-05, 2.23216775339e-05, 1.76991361514e-05, 2.14961091842e-05, 2.14313531615e-05, 2.15565323742e-05, 2.88248047582e-05, 2.5825411285e-05, 7.19237777957e-06, 1.92711013369e-05, 1.86533852684e-05, 8.159267054e-06, 4.39247878603e-06, 4.76038940178e-06, 5.75107287659e-06, 4.0679869926e-06, 2.99361681755e-06, 2.73890327662e-06, 2.96793700727e-06, 2.16594548874e-06, 2.90905200018e-06, 3.09342044602e-06, 2.80115750684e-06, 3.05944240608e-06, 2.61947593572e-06, 2.15008094528e-06, 2.01289208235e-06, 1.51624180944e-06, 1.7675700974e-06, 2.06429831451e-06, 1.73735838871e-06, 1.52909649387e-06, 1.03140234842e-06, 8.91608181064e-07, 7.77557715992e-07, 5.78312494781e-07, 5.27108568349e-07, 4.41714774979e-07, 3.89455891536e-07, 3.58266646572e-07, 3.20581278856e-07, 3.72161167661e-07, 3.07351513129e-07, 1.97514594902e-07, 1.35771898613e-07, 8.58276365534e-08, 7.34497618282e-08, 7.07244680598e-08, 5.7569987888e-08, 2.79696319438e-08, 8.33958235802e-09, 2.61786459177e-09, 1.62567237449e-10, 1.57837312664e-10, 1.5290757549e-10, 1.49002032934e-10, 1.4551955474e-10, 1.42918468726e-10, 1.4009601812e-10, 1.37958339197e-10, 1.36528552352e-10, 1.35203473417e-10, 1.34463412627e-10]
    },
    "mfcc": {
        "mean": [-861.641357422, 65.587928772, -20.2448959351, 4.78473806381, -3.42198467255, -4.29001760483, -5.02369594574, 3.0866355896, 1.72054696083, 5.44091939926, -2.04449534416, -1.9790225029, -1.04481995106],
        "cov": [[105025.523438, 16845.7734375, -4597.37890625, 1925.8885498, -676.843994141, -1135.60778809, -1265.47827148, 813.411010742, 296.560028076, 1413.72119141, -556.186218262, -476.409484863, -192.460098267], [16845.7734375, 2882.53735352, -738.744567871, 313.197875977, -84.6358184814, -181.303710938, -189.81578064, 138.681121826, 42.3789520264, 234.916763306, -67.9731521606, -84.9733963013, -32.5369300842], [-4597.37890625, -738.744567871, 625.232116699, 114.477531433, 128.88218689, 43.4442138672, 33.1880149841, -60.085193634, -98.4696578979, -70.2070922852, 36.6166534424, 53.1390838623, 34.1001739502], [1925.8885498, 313.197875977, 114.477531433, 301.567749023, 81.8159942627, -28.4678707123, -49.7439079285, 3.70194101334, -51.5287475586, 24.786693573, -19.8188438416, 16.2096977234, 36.5246543884], [-676.843994141, -84.6358184814, 128.88218689, 81.8159942627, 88.518081665, -9.55861663818, -14.2904901505, -12.2585525513, -35.9911766052, -3.3913860321, 4.54248046875, 8.49255371094, 20.4749622345], [-1135.60778809, -181.303710938, 43.4442138672, -28.4678707123, -9.55861663818, 103.581634521, 52.4001312256, 1.6163892746, 22.2519798279, -17.8082370758, 6.05702638626, 17.5649471283, -4.65534448624], [-1265.47827148, -189.81578064, 33.1880149841, -49.7439079285, -14.2904901505, 52.4001312256, 98.9631500244, 20.7200756073, 28.4876556396, -13.377371788, 17.6104316711, -1.02585923672, -9.42805290222], [813.411010742, 138.681121826, -60.085193634, 3.70194101334, -12.2585525513, 1.6163892746, 20.7200756073, 47.4227561951, 24.6293716431, 20.3464317322, 0.0257867313921, -10.8592166901, -6.95820760727], [296.560028076, 42.3789520264, -98.4696578979, -51.5287475586, -35.9911766052, 22.2519798279, 28.4876556396, 24.6293716431, 82.5255279541, 12.6930456161, -1.1762111187, -13.9296627045, -16.0598201752], [1413.72119141, 234.916763306, -70.2070922852, 24.786693573, -3.3913860321, -17.8082370758, -13.377371788, 20.3464317322, 12.6930456161, 58.1935348511, 7.12411499023, -11.04778862, -8.68086624146], [-556.186218262, -67.9731521606, 36.6166534424, -19.8188438416, 4.54248046875, 6.05702638626, 17.6104316711, 0.0257867313921, -1.1762111187, 7.12411499023, 40.9064826965, 5.65935134888, -3.52564430237], [-476.409484863, -84.9733963013, 53.1390838623, 16.2096977234, 8.49255371094, 17.5649471283, -1.02585923672, -10.8592166901, -13.9296627045, -11.04778862, 5.65935134888, 37.5513381958, 16.4121208191], [-192.460098267, -32.5369300842, 34.1001739502, 36.5246543884, 20.4749622345, -4.65534448624, -9.42805290222, -6.95820760727, -16.0598201752, -8.68086624146, -3.52564430237, 16.4121208191, 35.5186195374]],
        "icov": [[0.000214558458538, -0.00109118886758, 3.95133974962e-05, -0.00030289744609, 0.000781602575444, 0.000179690759978, 0.000359331344953, -0.000177244655788, -6.92554240231e-05, -0.000510046840645, 0.000800096604507, -0.000335953693138, 0.000148886247189], [-0.00109118886758, 0.00660409312695, 0.00075233518146, 0.000193327345187, -0.00313249765895, -0.000689830980264, -0.000827861309517, -0.000506441399921, 0.000935039657634, 0.000944867730141, -0.00407329155132, 0.00210065161809, -0.000108966436528], [3.95133974962e-05, 0.00075233518146, 0.0047168941237, -0.00231742626056, -0.00299521768466, -0.000295527366688, -0.00111193361226, 0.00102643552236, 0.00239541288465, 0.00161496736109, -0.00247920840047, -0.00168334890623, 0.00236116745509], [-0.00030289744609, 0.000193327345187, -0.00231742626056, 0.00840246770531, -0.00558292865753, -0.00072071456816, -0.000117938056064, -0.00104264274705, 0.000844029535074, -0.00143202929758, 0.00322903087363, -0.00128467520699, -0.00404569227248], [0.000781602575444, -0.00313249765895, -0.00299521768466, -0.00558292865753, 0.0261232107878, 0.000689706823323, 0.00386955752037, -0.00144028128125, 0.00238644517958, -0.00503182085231, 0.000364582869224, 0.00524840690196, -0.00678094057366], [0.000179690759978, -0.000689830980264, -0.000295527366688, -0.00072071456816, 0.000689706823323, 0.0169422868639, -0.00756474258378, 0.00180127169006, -0.00409905193374, 0.00044797162991, 0.00355330761522, -0.0104072596878, 0.00495218113065], [0.000359331344953, -0.000827861309517, -0.00111193361226, -0.000117938056064, 0.00386955752037, -0.00756474258378, 0.0228947475553, -0.0129057476297, -0.00241754646413, 0.00315525522456, -0.00607633823529, 0.0050575947389, -0.00055778445676], [-0.000177244655788, -0.000506441399921, 0.00102643552236, -0.00104264274705, -0.00144028128125, 0.00180127169006, -0.0129057476297, 0.0381303057075, -0.00540113309398, -0.00655006384477, 0.00134700350463, 0.00211280048825, -0.00111266202293], [-6.92554240231e-05, 0.000935039657634, 0.00239541288465, 0.000844029535074, 0.00238644517958, -0.00409905193374, -0.00241754646413, -0.00540113309398, 0.0211632270366, -0.00327211129479, 0.00102862378117, 0.00356043851934, 0.000927056127694], [-0.000510046840645, 0.000944867730141, 0.00161496736109, -0.00143202929758, -0.00503182085231, 0.00044797162991, 0.00315525522456, -0.00655006384477, -0.00327211129479, 0.0348123200238, -0.0143571142107, 0.00204037153162, 0.00519848009571], [0.000800096604507, -0.00407329155132, -0.00247920840047, 0.00322903087363, 0.000364582869224, 0.00355330761522, -0.00607633823529, 0.00134700350463, 0.00102862378117, -0.0143571142107, 0.0386167317629, -0.00984337553382, 0.00390795199201], [-0.000335953693138, 0.00210065161809, -0.00168334890623, -0.00128467520699, 0.00524840690196, -0.0104072596878, 0.0050575947389, 0.00211280048825, 0.00356043851934, 0.00204037153162, -0.00984337553382, 0.0466389432549, -0.0200110785663], [0.000148886247189, -0.000108966436528, 0.00236116745509, -0.00404569227248, -0.00678094057366, 0.00495218113065, -0.00055778445676, -0.00111266202293, 0.000927056127694, 0.00519848009571, 0.00390795199201, -0.0200110785663, 0.0462706945837]]
    },
    "spectral_contrast_coeffs": {
        "max": [-0.532118082047, -0.512322545052, -0.544253110886, -0.610631287098, -0.619159698486, -0.63265222311],
        "mean": [-0.820117115974, -0.83408176899, -0.813424229622, -0.832195937634, -0.834029972553, -0.831565797329],
        "min": [-0.985952615738, -0.98290938139, -0.977876782417, -0.97442471981, -0.970291018486, -0.965616703033],
        "stdev": [0.121380552649, 0.112254597247, 0.125884741545, 0.111743874848, 0.106558375061, 0.105258561671]
    },
    "spectral_contrast_valleys": {
        "max": [-5.64856767654, -4.8471827507, -5.7639465332, -6.22545051575, -6.22626686096, -8.37546157837],
        "mean": [-14.7887792587, -14.2695274353, -14.6836709976, -14.7440948486, -14.7890796661, -16.6357345581],
        "min": [-28.0098781586, -28.0635433197, -28.0176200867, -27.8620605469, -27.5921020508, -27.4598388672],
        "stdev": [9.7464017868, 10.1045818329, 9.83357143402, 9.73720550537, 9.72610855103, 8.29365825653]
    }
},
"rhythm": {
    "beats_count": 38,
    "beats_loudness": {
        "max": 0.0503293648362,
        "mean": 0.0178799387068,
        "min": 0,
        "stdev": 0.0167611725628
    },
    "bpm": 81.946937561,
    "bpm_histogram_first_peak_bpm": 82,
    "bpm_histogram_first_peak_weight": 0.538461565971,
    "bpm_histogram_second_peak_bpm": 96,
    "bpm_histogram_second_peak_spread": 0.705882370472,
    "bpm_histogram_second_peak_weight": 0.135135129094,
    "danceability": 0.780512809753,
    "onset_rate": 0.980496108532,
    "beats_loudness_band_ratio": {
        "max": [0.612095236778, 0.80818271637, 0.698081731796, 0.420815944672, 0.405322492123, 0.110520683229],
        "mean": [0.0829602703452, 0.0822805613279, 0.224257066846, 0.138503432274, 0.131849765778, 0.0400622524321],
        "min": [0, 0, 0, 0, 0, 0],
        "stdev": [0.117115803063, 0.139733374119, 0.195677697659, 0.141747057438, 0.118496358395, 0.0367488190532]
    },
    "beats_position": [0.626938760281, 1.27709746361, 1.92725622654, 2.57741498947, 3.21596360207, 3.86612248421, 4.52789115906, 5.20126962662, 5.87464857101, 6.53641700745, 7.19818592072, 7.81351470947, 8.42884349823, 9.03256225586, 9.64789104462, 10.2748298645, 10.9017686844, 11.5170974731, 12.1324262619, 12.7593650818, 13.3979139328, 14.0248527527, 14.6517915726, 15.3948297501, 16.1262588501, 16.8576869965, 17.5891151428, 18.3669834137, 19.1448516846, 19.8994998932, 20.6541500092, 21.3855781555, 22.1170063019, 22.825214386, 23.5334243774, 24.2416324615, 24.9498405457, 25.6464385986],
