{
"metadata": {
    "version": {
        "essentia": "2.1-beta5",
        "essentia_git_sha": "Undefined",
        "extractor": "music 2.0"
    },
    "audio_properties": {
        "analysis": {
            "equal_loudness": 0,
            "length": 12.7477550507,
            "sample_rate": 44100,
            "start_time": 0,
            "downmix": "mix"
        },
        "bit_rate": 192000,
        "length": 215.434753418,
        "lossless": 0,
        "number_channels": 2,
        "replay_gain": 2.735414505,
        "sample_rate": 48000,
        "codec": "mp3",
        "md5_encoded": "024508e85cc9a5be17176bc2ac00d467"
    },
    "tags": {
        "file_name": "BosniaHerzegovina_Dvadeset I Prvi Vijek_Davor Popovic.mp3",
        "encoding": ["Lavf58.29.100"]
    }
},
"lowlevel": {
    "average_loudness": 0.000552527199034,
    "barkbands_crest": {
        "max": 16.2515182495,
        "mean": 6.69231796265,
        "min": 3.09435319901,
        "stdev": 1.10436367989
    },
    "barkbands_flatness_db": {
        "max": 0.198063284159,
        "mean": 0.0800185650587,
        "min": 0.0515623353422,
        "stdev": 0.0195769555867
    },
    "barkbands_kurtosis": {
        "max": 9.56765842438,
        "mean": 3.02122998238,
        "min": -1.4390540123,
        "stdev": 1.16984379292
    },
    "barkbands_skewness": {
        "max": 2.43905520439,
        "mean": -1.62963986397,
        "min": -2.27428603172,
        "stdev": 0.722921848297
    },
    "barkbands_spread": {
        "max": 40.0062980652,
        "mean": 25.7297306061,
        "min": 5.25843715668,
        "stdev": 4.53085422516
    },
    "dissonance": {
        "max": 0.499999880791,
        "mean": 0.489626526833,
        "min": 0,
        "stdev": 0.0244505163282
    },
    "dynamic_complexity": 2.55463266373,
    "erbbands_crest": {
        "max": 19.5160274506,
        "mean": 4.05657958984,
        "min": 2.65482664108,
        "stdev": 2.17526578903
    },
    "erbbands_flatness_db": {
        "max": 0.309960722923,
        "mean": 0.109946087003,
        "min": 0.082448117435,
        "stdev": 0.0366994664073
    },
    "erbbands_kurtosis": {
        "max": 5.01460075378,
        "mean": 0.135274648666,
        "min": -1.42353475094,
        "stdev": 0.463620215654
    },
    "erbbands_skewness": {
        "max": 2.05780696869,
        "mean": -0.549755692482,
        "min": -1.25118148327,
        "stdev": 0.360121428967
    },
    "erbbands_spread": {
        "max": 53.6474571228,
        "mean": 35.3127937317,
        "min": 7.81781005859,
        "stdev": 5.40943384171
    },
    "hfc": {
        "max": 397.328521729,
        "mean": 9.48010635376,
        "min": 1.04702543321e-16,
        "stdev": 42.0440444946
    },
    "loudness_ebu128": {
        "integrated": -21.7016010284,
        "loudness_range": 9.10855484009,
        "momentary": {
            "max": -19.1837711334,
            "mean": -274.038574219,
            "min": -300.691009521,
            "stdev": 81.7962646484
        },
        "short_term": {
            "max": -25.3394908905,
            "mean": -267.897369385,
            "min": -300.691009521,
            "stdev": 88.3151931763
        }
    },
    "melbands_crest": {
        "max": 21.0532188416,
        "mean": 3.2978823185,
        "min": 1.400821805,
        "stdev": 3.10638618469
    },
    "melbands_flatness_db": {
        "max": 0.222008854151,
        "mean": 0.0172157995403,
        "min": 0.002060465049,
        "stdev": 0.0353426858783
    },
    "melbands_kurtosis": {
        "max": 13.3535690308,
        "mean": -0.86663299799,
        "min": -1.4805649519,
        "stdev": 1.28778791428
    },
    "melbands_skewness": {
        "max": 2.39810466766,
        "mean": 0.107361912727,
        "min": -0.748766303062,
        "stdev": 0.392907470465
    },
    "melbands_spread": {
        "max": 174.74105835,
        "mean": 123.43711853,
        "min": 6.90092992783,
        "stdev": 31.2488708496
    },
    "pitch_salience": {
        "max": 0.997092008591,
        "mean": 0.781746089458,
        "min": 0.524538755417,
        "stdev": 0.0387951992452
    },
    "silence_rate_20dB": {
        "max": 1,
        "mean": 1,
        "min": 1,
        "stdev": 0
    },
    "silence_rate_30dB": {
        "max": 1,
        "mean": 0.985454559326,
        "min": 0,
        "stdev": 0.119724184275
    },
    "silence_rate_60dB": {
        "max": 1,
        "mean": 0.914545476437,
        "min": 0,
        "stdev": 0.279557049274
    },
    "spectral_centroid": {
        "max": 12023.4179688,
        "mean": 10213.6689453,
        "min": 794.874450684,
        "stdev": 2611.80273438
    },
    "spectral_complexity": {
        "max": 56,
        "mean": 3.36727261543,
        "min": 0,
        "stdev": 11.2995433807
    },
    "spectral_decrease": {
        "max": 2.39615416625e-28,
        "mean": -1.35507782772e-09,
        "min": -7.36717069572e-08,
        "stdev": 6.45842535008e-09
    },
    "spectral_energy": {
        "max": 0.314092129469,
        "mean": 0.00597424898297,
        "min": 9.96326123123e-21,
        "stdev": 0.0277782827616
    },
    "spectral_energyband_high": {
        "max": 0.0466719456017,
        "mean": 0.000516787054949,
        "min": 6.92269554909e-21,
        "stdev": 0.00324784731492
    },
    "spectral_energyband_low": {
        "max": 0.00350010441616,
        "mean": 3.32072231686e-05,
        "min": 6.8235592666e-24,
        "stdev": 0.000218512752326
    },
    "spectral_energyband_middle_high": {
        "max": 0.153399720788,
        "mean": 0.00313398241997,
        "min": 1.15804225528e-21,
        "stdev": 0.0155232502148
    },
    "spectral_energyband_middle_low": {
        "max": 0.187415391207,
        "mean": 0.00253230961971,
        "min": 1.22406827222e-22,
        "stdev": 0.0142424479127
    },
    "spectral_entropy": {
        "max": 9.83048725128,
        "mean": 9.62520503998,
        "min": 7.16462278366,
        "stdev": 0.563750267029
    },
    "spectral_flux": {
        "max": 0.463576614857,
        "mean": 0.0150192240253,
        "min": 6.26231427825e-11,
        "stdev": 0.0570252276957
    },
    "spectral_kurtosis": {
        "max": 10.4267511368,
        "mean": -0.728948175907,
        "min": -1.2656468153,
        "stdev": 1.62004935741
    },
    "spectral_rms": {
        "max": 0.0175051800907,
        "mean": 0.000647547072731,
        "min": 3.11773241772e-12,
        "stdev": 0.00232577254064
    },
    "spectral_rolloff": {
        "max": 20004.3457031,
        "mean": 17344.6425781,
        "min": 710.595703125,
        "stdev": 4551.42529297
    },
    "spectral_skewness": {
        "max": 2.63515853882,
        "mean": 0.131170213223,
        "min": -0.0910987108946,
        "stdev": 0.442432433367
    },
    "spectral_spread": {
        "max": 42835944,
        "mean": 37224928,
        "min": 2337049,
        "stdev": 10540096
    },
    "spectral_strongpeak": {
        "max": 15.860499382,
        "mean": 0.328505039215,
        "min": 0,
        "stdev": 1.47633087635
    },
    "zerocrossingrate": {
        "max": 0.53759765625,
        "mean": 0.464779824018,
        "min": 0.03515625,
        "stdev": 0.115767516196
    },
    "barkbands": {
        "max": [0.000126551647554, 0.000418537005316, 0.00178915297147, 0.00212975032628, 0.0147911384702, 0.0181759335101, 0.0230376422405, 0.13061311841, 0.0710156112909, 0.0273505728692, 0.00893431529403, 0.0199224315584, 0.0932629331946, 0.0475751310587, 0.00607890356332, 0.00778918806463, 0.012036611326, 0.0260450802743, 0.00638103159145, 0.0392848663032, 0.0156626533717, 0.00437497301027, 0.00565342744812, 0.0138164339587, 0.000612743431702, 7.63736461522e-05, 5.8174264268e-06],
        "mean": [1.73697344508e-06, 5.8349705796e-06, 1.44016694321e-05, 2.50927005254e-05, 9.74813519861e-05, 0.000201344722882, 0.000259559776168, 0.000641271763016, 0.000715877104085, 0.00077260035323, 0.000209515928873, 0.000246098352363, 0.000917955185287, 0.000437657494331, 0.00018960692978, 0.000196186461835, 0.000150765932631, 0.000161955060321, 0.000112258043373, 0.000260639091721, 0.000135486552608, 5.14962302987e-05, 7.06228383933e-05, 8.9425186161e-05, 8.49423577165e-06, 8.68359791184e-07, 1.7903401428e-08],
        "min": [6.2958144518e-26, 1.4793500667e-24, 3.44968454771e-25, 4.12249982295e-25, 3.08666816337e-24, 4.68558213038e-24, 6.15988900932e-24, 6.02529829483e-24, 9.8673467261e-24, 7.97042733872e-24, 1.31962135284e-23, 2.02044979866e-23, 2.10348229987e-23, 3.35045950299e-23, 2.22332084211e-23, 3.70297146481e-23, 4.56348302833e-23, 7.77488118431e-23, 9.555664627e-23, 1.66360415056e-22, 1.40777289868e-22, 2.49007920592e-22, 3.50635268046e-22, 5.36434351767e-22, 8.6587008739e-22, 1.26185847087e-21, 1.80148042654e-21],
        "stdev": [1.03437378129e-05, 2.9907152566e-05, 0.000110879896965, 0.000161000731168, 0.000759896356612, 0.00136246357579, 0.00161550927442, 0.00737138744444, 0.00480835745111, 0.00319344527088, 0.000861472450197, 0.0014537810348, 0.00757429562509, 0.00255426275544, 0.000735902809538, 0.000866123766173, 0.000821691588499, 0.00128582678735, 0.000614243093878, 0.00217840331607, 0.000906277564354, 0.000326716777636, 0.00049283739645, 0.000749795057345, 4.29664614785e-05, 4.84326574224e-06, 2.65289997969e-07]
    },
    "erbbands": {
        "max": [0.0178475566208, 0.0728868916631, 1.06410431862, 6.30080795288, 28.7649421692, 58.1486206055, 35.2953948975, 203.335601807, 492.146606445, 870.186462402, 3182.78564453, 2155.42700195, 1057.65710449, 650.213439941, 325.509460449, 761.098144531, 4039.74389648, 2595.30541992, 825.652587891, 398.321258545, 518.215576172, 751.325622559, 1658.68066406, 624.271057129, 730.496032715, 1579.67370605, 954.109924316, 463.050994873, 154.402008057, 217.863388062, 201.450363159, 342.044647217, 154.366439819, 15.9810237885, 1.51533126831, 0.585696220398, 0.101751841605, 0.00363588728942, 0.000836737046484, 0.000401883007726],
        "mean": [0.0002275670995, 0.00125416752417, 0.0117593556643, 0.0585872866213, 0.198836550117, 0.299973666668, 0.564127027988, 2.01452946663, 4.09841442108, 6.30733108521, 14.7509670258, 18.0120410919, 31.2397155762, 10.0723237991, 8.63173770905, 11.0710086823, 38.9057617188, 33.1173362732, 11.9270219803, 10.2024021149, 10.3378944397, 8.78058815002, 9.7736825943, 5.71680927277, 7.7704410553, 11.4987201691, 8.12648582458, 3.98229765892, 1.89942228794, 1.98158752918, 1.99451708794, 2.44001603127, 0.95203858614, 0.163957029581, 0.035484302789, 0.00786717515439, 0.000822477333713, 4.66165984108e-05, 9.27846031118e-06, 8.77653292264e-06],
        "min": [3.29884212515e-23, 2.72932519369e-22, 1.13807713241e-21, 2.27031189784e-21, 7.9295084483e-21, 9.77344428328e-21, 2.32994192648e-20, 3.87294105356e-20, 7.55427153435e-20, 1.04327521448e-19, 2.27232614725e-19, 2.87094615831e-19, 3.81471115736e-19, 4.66294170704e-19, 6.81408692853e-19, 9.92302199636e-19, 1.18564967076e-18, 1.82082904864e-18, 1.61269251874e-18, 2.45193063289e-18, 2.73110760514e-18, 3.08727813522e-18, 4.91237543582e-18, 4.99013413571e-18, 6.51227302144e-18, 7.22268799155e-18, 7.66734306573e-18, 6.78250424217e-18, 9.5295607167e-18, 8.55504682934e-18, 1.00573242814e-17, 9.54906149964e-18, 9.01006564941e-18, 7.6956144447e-18, 5.79177637403e-18, 3.77706053251e-18, 2.04492675224e-18, 9.05630835438e-19, 2.18671062741e-19, 2.49890826844e-20],
        "stdev": [0.00133577268571, 0.00607337243855, 0.0747724249959, 0.40159457922, 1.60732221603, 2.75848317146, 3.26753354073, 14.1724004745, 29.5941905975, 54.7046279907, 161.598861694, 138.896438599, 127.980812073, 45.1875648499, 35.7470550537, 63.1448440552, 312.046630859, 198.90763855, 52.9544715881, 41.9565467834, 47.0804748535, 47.5715026855, 78.8235244751, 38.637878418, 52.6755142212, 92.6530838013, 56.9885368347, 25.6035194397, 11.5064516068, 13.924492836, 14.3932857513, 19.4490756989, 8.3745880127, 0.996513426304, 0.156200677156, 0.0410296209157, 0.00525897182524, 0.000265238166321, 5.08142438775e-05, 3.83206097467e-05]
    },
    "gfcc": {
        "mean": [-1149.63806152, 4.49756813049, -17.2914409637, 0.698957324028, -7.61439561844, 1.61362791061, -3.62034416199, 0.884576678276, -1.78015398979, -0.0688834711909, -1.30625784397, -1.03896129131, -0.237092778087],
        "cov": [[138048.375, 5587.33935547, -20564.7773438, 813.797790527, -9104.23144531, 1938.74230957, -4305.03027344, 1009.68341064, -2124.52490234, -73.7259902954, -1523.5814209, -1301.26940918, -239.865356445], [5587.33935547, 323.253082275, -815.088317871, 9.83093833923, -355.809692383, 45.7973060608, -197.138824463, 17.7704315186, -86.0372009277, 3.09616851807, -61.8787841797, -56.3098678589, -17.272611618], [-20564.7773438, -815.088317871, 3091.39550781, -108.731567383, 1353.1427002, -290.627868652, 636.511413574, -153.81086731, 321.180267334, 9.74805450439, 229.246307373, 189.95640564, 37.9650726318], [813.797790527, 9.83093833923, -108.731567383, 49.531578064, -64.8661956787, 21.8298454285, -17.3776187897, 7.65361118317, -6.07945919037, -8.99312973022, -1.65213811398, -12.141626358, 7.04976844788], [-9104.23144531, -355.809692383, 1353.1427002, -64.8661956787, 611.519836426, -132.82333374, 281.343078613, -66.8048171997, 138.033462524, 8.52618694305, 98.3284912109, 88.1411590576, 11.6279935837], [1938.74230957, 45.7973060608, -290.627868652, 21.8298454285, -132.82333374, 54.0530738831, -48.8255729675, 26.7718982697, -26.1214637756, -4.53107738495, -20.0666217804, -17.9111003876, 0.723602771759], [-4305.03027344, -197.138824463, 636.511413574, -17.3776187897, 281.343078613, -48.8255729675, 156.143066406, -24.5083084106, 71.1342468262, 1.03927028179, 51.3477668762, 36.9918746948, 7.60141134262], [1009.68341064, 17.7704315186, -153.81086731, 7.65361118317, -66.8048171997, 26.7718982697, -24.5083084106, 20.603181839, -13.5366897583, -0.00547689665109, -11.6632928848, -6.4046163559, -1.63300311565], [-2124.52490234, -86.0372009277, 321.180267334, -6.07945919037, 138.033462524, -26.1214637756, 71.1342468262, -13.5366897583, 40.2674331665, 0.649865210056, 27.801738739, 17.9840087891, 4.22007513046], [-73.7259902954, 3.09616851807, 9.74805450439, -8.99312973022, 8.52618694305, -4.53107738495, 1.03927028179, -0.00547689665109, 0.649865210056, 5.34876012802, -1.14188337326, 2.66297149658, -2.81302881241], [-1523.5814209, -61.8787841797, 229.246307373, -1.65213811398, 98.3284912109, -20.0666217804, 51.3477668762, -11.6632928848, 27.801738739, -1.14188337326, 23.3791313171, 12.3895893097, 4.73217439651], [-1301.26940918, -56.3098678589, 189.95640564, -12.141626358, 88.1411590576, -17.9111003876, 36.9918746948, -6.4046163559, 17.9840087891, 2.66297149658, 12.3895893097, 17.2562332153, 2.12707471848], [-239.865356445, -17.272611618, 37.9650726318, 7.04976844788, 11.6279935837, 0.723602771759, 7.60141134262, -1.63300311565, 4.22007513046, -2.81302881241, 4.73217439651, 2.12707471848, 7.13869047165]],
        "icov": [[0.00414137169719, -0.00768700614572, 0.014708654955, -0.00626119179651, 0.0140440203249, -0.00248921848834, 0.00775854056701, -0.0157949663699, 0.00646684737876, -0.0122209815308, 0.000579323619604, 0.0188903771341, -0.000636146112811], [-0.00768700614572, 0.0451867431402, -0.0210687443614, 0.0175876580179, -0.0357746258378, 0.0093093868345, 0.0229692868888, 0.0505791790783, -0.0345258079469, -0.00450359191746, -0.0106286853552, 0.0169883724302, 0.0107829198241], [0.014708654955, -0.0210687443614, 0.0755654126406, -0.02837254107, 0.0087798256427, -0.00367984967306, 0.0315324626863, -0.0385687686503, -0.0207125302404, -0.0367764867842, 0.0196723435074, 0.0741836875677, -0.0243289992213], [-0.00626119179651, 0.0175876580179, -0.02837254107, 0.0567419975996, 0.00343667692505, 0.00600319448858, -0.00970792025328, 0.0204646512866, -0.0232056174427, 0.0521826595068, -0.0150379538536, -0.0166539195925, -0.0149461952969], [0.0140440203249, -0.0357746258378, 0.0087798256427, 0.00343667692505, 0.180101931095, 0.000225905925618, -0.0267326459289, -0.0348479300737, 0.051880158484, -0.0219809450209, -0.0167714469135, -0.0727579072118, 0.0558177120984], [-0.00248921848834, 0.0093093868345, -0.00367984967306, 0.00600319448858, 0.000225905925618, 0.104430727661, -0.0184559319168, -0.0740995630622, -0.0308510549366, 0.0498528070748, 0.0317660458386, 0.013650665991, -0.0429671853781], [0.00775854056701, 0.0229692868888, 0.0315324626863, -0.00970792025328, -0.0267326459289, -0.0184559319168, 0.137505024672, -0.0436878651381, -0.0166131686419, -0.0700121968985, -0.0487296767533, 0.174385428429, 0.00973668601364], [-0.0157949663699, 0.0505791790783, -0.0385687686503, 0.0204646512866, -0.0348479300737, -0.0740995630622, -0.0436878651381, 0.308772951365, -0.0986266061664, 0.0151733569801, 0.0331442691386, -0.20878598094, 0.0625135377049], [0.00646684737876, -0.0345258079469, -0.0207125302404, -0.0232056174427, 0.051880158484, -0.0308510549366, -0.0166131686419, -0.0986266061664, 0.355515837669, -0.0960216224194, -0.199892804027, 0.0710780918598, 0.0438988730311], [-0.0122209815308, -0.00450359191746, -0.0367764867842, 0.0521826595068, -0.0219809450209, 0.0498528070748, -0.0700121968985, 0.0151733569801, -0.0960216224194, 0.438700199127, 0.0881974101067, -0.214097976685, 0.0662571415305], [0.000579323619604, -0.0106286853552, 0.0196723435074, -0.0150379538536, -0.0167714469135, 0.0317660458386, -0.0487296767533, 0.0331442691386, -0.199892804027, 0.0881974101067, 0.357207387686, -0.0338568352163, -0.086232803762], [0.0188903771341, 0.0169883724302, 0.0741836875677, -0.0166539195925, -0.0727579072118, 0.013650665991, 0.174385428429, -0.20878598094, 0.0710780918598, -0.214097976685, -0.0338568352163, 0.641309976578, -0.113591037691], [-0.000636146112811, 0.0107829198241, -0.0243289992213, -0.0149461952969, 0.0558177120984, -0.0429671853781, 0.00973668601364, 0.0625135377049, 0.0438988730311, 0.0662571415305, -0.086232803762, -0.113591037691, 0.297478467226]]
    },
    "melbands": {
        "max": [0.000130535423523, 0.000491764803883, 0.000832505116705, 0.00400771340355, 0.00121832196601, 0.00499527063221, 0.0063901222311, 0.012835486792, 0.02176980488, 0.0137204881757, 0.00516062695533, 0.00288469693623, 0.00101161503699, 0.00135930359829, 0.00301934638992, 0.0122265173122, 0.00450464570895, 0.00146139168646, 0.000637761841062, 0.000694863672834, 0.000737084250432, 0.000706722319592, 0.00127725407947, 0.00128326599952, 0.000466186436825, 0.00035358403693, 0.00082802947145, 0.0011824418325, 0.000909601803869, 0.000580898195039, 0.000142152784974, 0.000102082733065, 8.61592779984e-05, 0.000144478530274, 0.000112575762614, 0.000137667797389, 0.000237912652665, 0.000146779188071, 2.3299959139e-05, 6.99949532645e-06],
        "mean": [1.84449515928e-06, 5.06874312123e-06, 1.37666793307e-05, 1.91444814845e-05, 1.80022070708e-05, 4.85760028823e-05, 5.81549429626e-05, 9.00633604033e-05, 0.000113417205284, 0.000118110612675, 0.000150872336235, 3.6472130887e-05, 3.00948049698e-05, 2.31456851907e-05, 4.03907324653e-05, 0.000110787303129, 5.29330536665e-05, 1.82170770131e-05, 1.44148534673e-05, 1.31374008561e-05, 1.18488860608e-05, 8.48213403515e-06, 1.03970969576e-05, 6.70397366775e-06, 4.31716398452e-06, 4.48351374871e-06, 6.94711116012e-06, 8.20026434667e-06, 5.80073356105e-06, 3.73023021893e-06, 1.71861665876e-06, 1.04041339455e-06, 9.31237707391e-07, 1.20656613944e-06, 1.04702428416e-06, 1.40901863688e-06, 1.52426991917e-06, 8.44017620238e-07, 2.07329122759e-07, 1.01098962091e-07],
        "min": [4.18359463487e-25, 9.2578723963e-25, 5.89876411817e-25, 6.69276248003e-25, 8.74294146826e-25, 1.13868166807e-24, 1.54899415868e-24, 8.58740373573e-25, 1.87916548106e-24, 1.38874337667e-24, 1.52361285488e-24, 1.43549827505e-24, 1.99249284428e-24, 1.80555746164e-24, 2.63831433472e-24, 1.58179361461e-24, 2.41780503196e-24, 1.30223472044e-24, 2.02559956153e-24, 3.12093529502e-24, 3.05097220741e-24, 2.58205652205e-24, 2.82900844235e-24, 3.11652950686e-24, 3.3422143288e-24, 3.45980627407e-24, 3.47364565536e-24, 4.03896625701e-24, 3.98828786031e-24, 3.80278485186e-24, 3.87655596827e-24, 4.68110140044e-24, 3.78245117317e-24, 3.75858615863e-24, 4.97714472652e-24, 4.88792771359e-24, 4.76884442678e-24, 5.12171177044e-24, 5.96746137985e-24, 5.37308742549e-24],
        "stdev": [9.84207326837e-06, 3.2414256566e-05, 7.89714686107e-05, 0.000187875310075, 0.000105656472442, 0.000340768281603, 0.000391365465475, 0.000898310740013, 0.00112113717478, 0.000861543696374, 0.000622820691206, 0.000178894857527, 0.000123398960568, 0.000115135568194, 0.000265798269538, 0.000920765625779, 0.000303878885461, 8.61351072672e-05, 5.97878388362e-05, 5.77062273805e-05, 5.73086399527e-05, 4.50533480034e-05, 7.24272758816e-05, 5.98373007961e-05, 3.01451345877e-05, 2.79716750811e-05, 5.31830119144e-05, 6.84629339958e-05, 4.66016717837e-05, 2.88790215563e-05, 9.71288864093e-06, 6.53779852655e-06, 6.1489449763e-06, 8.8395217972e-06, 7.67120764067e-06, 1.03025522549e-05, 1.2831249478e-05, 7.85048268881e-06, 1.39024712098e-06, 5.3842768466e-07]
    },
    "melbands128": {
        "max": [0.000113400790724, 0.000167561549461, 0.000147146667587, 0.000106236002466, 0.000292418000754, 0.00121116789524, 0.00162927713245, 0.00130709982477, 0.00223786779679, 0.00716385338455, 0.00292045646347, 0.00192560569849, 0.00152512290515, 0.00227562268265, 0.00545866414905, 0.00923871435225, 0.0161317605525, 0.00417034653947, 0.00204228167422, 0.00908045843244, 0.0251178070903, 0.0507408156991, 0.0190208088607, 0.0102277547121, 0.0194569099694, 0.0192819479853, 0.00665200734511, 0.00996648799628, 0.00286437757313, 0.00571750057861, 0.00239577936009, 0.00210333894938, 0.00195114547387, 0.00146524980664, 0.00227264058776, 0.00200485927053, 0.00275657232851, 0.00471729924902, 0.00409774947912, 0.0151109835133, 0.0251614358276, 0.0110863465816, 0.00522627774626, 0.00240122969262, 0.00338151515462, 0.000911556417122, 0.000706005666871, 0.00119990005624, 0.000857822538819, 0.000768296886235, 0.00126850639936, 0.0010329723591, 0.00109399796929, 0.000640688813291, 0.000786337128375, 0.000627209316008, 0.00138801941648, 0.00130848551635, 0.00104897026904, 0.00304031209089, 0.000834507867694, 0.000910853908863, 0.000703510828316, 0.000454544002423, 0.000221088703256, 0.000376914947992, 0.000389584340155, 0.000931904593017, 0.000995874288492, 0.00105259241536, 0.000974970986135, 0.00186861550901, 0.00170520064421, 0.000574912875891, 0.000426551152486, 0.000717276416253, 0.000674421433359, 0.000303683220409, 7.65207805671e-05, 0.000195144617464, 0.000107249194116, 8.55132384459e-05, 9.8341377452e-05, 8.10146739241e-05, 9.23037950997e-05, 0.00012144484208, 0.000233826518524, 6.89084481564e-05, 0.000113320915261, 0.000167666294146, 0.000144214762258, 0.000142052682349, 0.000281740911305, 0.000252861762419, 0.000189271275303, 0.000275460537523, 9.5721668913e-05, 4.0913142584e-05, 2.36126816162e-05, 1.53389737534e-05, 1.20832874018e-05, 7.17109787729e-06, 4.57762962469e-06, 2.46546687777e-06, 1.55939869728e-06, 1.62575713603e-06, 1.83757720151e-06, 1.29432112317e-06, 9.29363579871e-07, 1.06786069409e-06, 8.1753989889e-07, 5.26263704614e-07, 1.90364971786e-07, 3.0920155325e-08, 2.99079623289e-08, 2.8972456434e-08, 2.80771903505e-08, 2.71531508389e-08, 2.63788457744e-08, 2.58309338363e-08, 2.51675977836e-08, 2.45643416719e-08, 2.41644695365e-08, 2.36787087715e-08, 2.33204016098e-08, 2.3039602226e-08, 2.27914949136e-08, 2.26647820512e-08],
        "mean": [1.3802958847e-06, 2.16913485929e-06, 1.67946518559e-06, 1.89094782854e-06, 3.75205945602e-06, 8.31814668345e-06, 1.11490435302e-05, 1.30990374601e-05, 2.07244502235e-05, 2.35317475017e-05, 1.34324473038e-05, 1.8160271793e-05, 1.93493906409e-05, 1.70682178577e-05, 2.98520135402e-05, 7.49906757846e-05, 9.49422465055e-05, 4.2733427108e-05, 2.99048551824e-05, 5.410763697e-05, 0.000125472157379, 0.000186912031495, 8.67918352014e-05, 7.65200966271e-05, 0.000123161065858, 0.000109970838821, 0.000157595539349, 0.000238051550696, 5.25696705154e-05, 3.3751657611e-05, 3.46029410139e-05, 3.07657574012e-05, 3.61089696526e-05, 2.17070137296e-05, 2.43256436079e-05, 1.97818317247e-05, 2.71436747425e-05, 4.16701150243e-05, 3.27851303155e-05, 0.000106477949885, 0.000153605185915, 7.47468293412e-05, 6.42451341264e-05, 3.26806330122e-05, 1.95056109078e-05, 1.66511526913e-05, 1.52181482918e-05, 1.53279033839e-05, 1.34784040711e-05, 1.31798014991e-05, 1.34401698233e-05, 1.27347047965e-05, 1.30484741021e-05, 1.10728715299e-05, 9.11851202545e-06, 7.80409845902e-06, 8.13233600638e-06, 1.06820780275e-05, 1.05967055788e-05, 1.13153510028e-05, 5.373307431e-06, 4.85159716845e-06, 4.73930276712e-06, 4.33984951087e-06, 3.34072024089e-06, 3.93723985326e-06, 5.00015448779e-06, 7.41414123695e-06, 7.55774772188e-06, 6.04593833486e-06, 7.67939582147e-06, 1.03307465906e-05, 8.10964957054e-06, 4.23678602601e-06, 3.92673382521e-06, 4.0902341425e-06, 3.8443995436e-06, 2.25281632993e-06, 1.34395827445e-06, 1.22147605452e-06, 1.01849082057e-06, 1.00811951143e-06, 1.00294880667e-06, 8.72791758866e-07, 9.09722473352e-07, 1.0701270412e-06, 1.5813848222e-06, 9.89117438621e-07, 8.97518191323e-07, 1.21311666135e-06, 1.09359439193e-06, 1.48867843563e-06, 1.82915141522e-06, 1.57915053478e-06, 1.32402385589e-06, 1.28749263695e-06, 6.73199565426e-07, 3.14841514637e-07, 2.06592503105e-07, 1.53350086407e-07, 1.24953970726e-07, 8.95736675943e-08, 7.95664902853e-08, 4.83513957761e-08, 3.14945616253e-08, 2.33657164728e-08, 1.9168716392e-08, 1.68795448729e-08, 1.20998393527e-08, 9.15382791788e-09, 7.15966219644e-09, 2.13702211482e-09, 1.19107412822e-09, 3.00520303087e-10, 2.48161324823e-10, 2.33726787924e-10, 1.30579436153e-10, 9.71499616864e-11, 8.77238073849e-11, 8.03260583049e-11, 7.38626243502e-11, 6.86329951205e-11, 6.45942258015e-11, 6.12054226745e-11, 5.86969570171e-11, 5.69153058017e-11, 5.55639388666e-11, 5.48929408872e-11],
        "min": [1.28102825806e-27, 6.28754188935e-26, 2.3032297894e-25, 1.46382434731e-25, 1.66354100224e-25, 1.61175351641e-25, 1.39882245524e-25, 1.2997733265e-25, 2.93050141287e-25, 1.98169365896e-25, 1.86411874816e-25, 2.29711488479e-25, 1.5852355873e-25, 2.85436499565e-25, 2.9280381947e-25, 2.13325294408e-25, 4.85848387473e-25, 3.61663586494e-25, 4.47148449185e-25, 2.23768333679e-25, 4.62403490674e-25, 4.93940966373e-25, 2.87779909491e-25, 1.76413802399e-25, 5.55474877993e-25, 3.30609238795e-25, 7.06593017302e-25, 5.67130889514e-25, 4.85770980497e-25, 5.23058216815e-25, 2.86623365448e-25, 3.92481226618e-25, 7.42569561227e-25, 7.35501959161e-25, 5.30564967885e-25, 4.80384884755e-25, 6.68620063642e-25, 1.13694420193e-24, 4.16091685599e-25, 4.45758180447e-25, 9.25481556029e-25, 8.73256696128e-25, 8.21845299732e-25, 7.18321801241e-25, 8.96427217244e-25, 3.13905602165e-25, 7.33813599609e-25, 7.73462931997e-25, 5.35236355647e-25, 9.99887508255e-25, 1.11180231741e-24, 1.09129952666e-24, 6.73698750149e-25, 1.2703665148e-24, 9.13068238039e-25, 1.26729764867e-24, 1.55970038167e-24, 7.7370945103e-25, 1.40564866587e-24, 4.04125577788e-25, 1.59325517192e-24, 1.60914460549e-24, 1.61395034612e-24, 1.64618517486e-24, 2.13351119742e-24, 2.15102529002e-24, 1.77650805324e-24, 1.42364593578e-24, 1.34297849872e-24, 1.89116957746e-24, 1.74312661517e-24, 2.1314528621e-24, 1.58607318502e-24, 2.19684824785e-24, 2.1689651703e-24, 1.91133562321e-24, 1.82956052684e-24, 2.02927663943e-24, 1.71658933432e-24, 2.71891718379e-24, 2.84857199559e-24, 2.24410732696e-24, 2.49850451649e-24, 2.32292281443e-24, 2.92862441696e-24, 2.10636195772e-24, 2.43237332073e-24, 2.9845231007e-24, 2.37273445022e-24, 3.15688506697e-24, 2.80583170896e-24, 3.12552114067e-24, 3.34816707319e-24, 2.7460561683e-24, 3.08974334039e-24, 3.22347261877e-24, 2.9225710928e-24, 3.06091856013e-24, 3.38471026577e-24, 3.02145875158e-24, 3.70598885778e-24, 3.33113201638e-24, 3.92131356945e-24, 3.77685775492e-24, 4.24513584345e-24, 4.02639773064e-24, 4.62581881707e-24, 3.89732430933e-24, 4.33736236074e-24, 4.3198425489e-24, 5.0330749647e-24, 4.25665163494e-24, 3.53582919394e-24, 4.72433137248e-24, 4.36519928993e-24, 3.98593113835e-24, 4.42906941312e-24, 4.78963209492e-24, 4.93907390481e-24, 4.40515982795e-24, 4.26887700682e-24, 4.36277235936e-24, 3.67567727192e-24, 5.14691745409e-24, 4.95774269256e-24, 5.02144833825e-24, 4.32129050309e-24, 5.43325581888e-24],
        "stdev": [8.65571928443e-06, 1.36011485665e-05, 9.40495010582e-06, 9.83727204584e-06, 2.14834763028e-05, 7.14634152246e-05, 9.46956715779e-05, 8.59999418026e-05, 0.000158565904712, 0.00032526961877, 0.00013620610116, 0.000148394450662, 0.000128178420709, 0.000127368621179, 0.000272087549092, 0.000586655980442, 0.000851212884299, 0.000305799301714, 0.000170195504325, 0.000477626977954, 0.00150593731087, 0.00261541735381, 0.000906870292965, 0.000620823528152, 0.00124340387993, 0.001138401567, 0.000675713003147, 0.00106437609065, 0.000242254434852, 0.000265201699222, 0.000184894946869, 0.000150848311023, 0.00016922877694, 0.00011198419088, 0.00015119247837, 0.000109437016363, 0.00017434086476, 0.000327989633661, 0.000245474861003, 0.00100577843841, 0.00154607743025, 0.000666958396323, 0.000378063850803, 0.000165413483046, 0.000156757756486, 7.44739809306e-05, 6.53687675367e-05, 7.77847963036e-05, 6.4146668592e-05, 5.9221230913e-05, 7.47349986341e-05, 6.72150126775e-05, 7.72068742663e-05, 5.12394290126e-05, 5.36606858077e-05, 4.1501603846e-05, 6.39825157123e-05, 7.8114324424e-05, 6.75351620885e-05, 0.000132421657327, 4.23079545726e-05, 4.52656204288e-05, 3.75891540898e-05, 2.96260095638e-05, 1.85574608622e-05, 2.65091202891e-05, 3.18219899782e-05, 6.09432972851e-05, 6.34682146483e-05, 5.18679225934e-05, 6.43065941404e-05, 9.72375273705e-05, 8.0736259406e-05, 3.14953722409e-05, 2.84380021185e-05, 3.46834422089e-05, 3.22725645674e-05, 1.56658006745e-05, 6.78322567182e-06, 9.31727026909e-06, 6.34734124105e-06, 6.64922754368e-06, 7.28974509911e-06, 5.92556853007e-06, 6.48943068882e-06, 7.47784679334e-06, 1.3125919395e-05, 6.54757968732e-06, 7.16165413905e-06, 9.81434732239e-06, 8.37478273752e-06, 1.06846300696e-05, 1.52395468831e-05, 1.34533065648e-05, 1.18708039736e-05, 1.32452742037e-05, 5.95550136495e-06, 2.55327677223e-06, 1.37413439916e-06, 9.1211796871e-07, 7.50021797558e-07, 4.86980127334e-07, 3.84345867133e-07, 2.24595979148e-07, 1.42986309015e-07, 1.21902061778e-07, 1.13286674264e-07, 9.90287034597e-08, 6.66927206794e-08, 5.83307269153e-08, 4.70270471453e-08, 2.34439490043e-08, 1.11492450827e-08, 2.29527419293e-09, 2.01015604162e-09, 1.99076577445e-09, 1.46685696922e-09, 1.34731259482e-09, 1.26059596095e-09, 1.1975270775e-09, 1.14169496079e-09, 1.09688602645e-09, 1.06585007487e-09, 1.0361129732e-09, 1.01486408166e-09, 9.99029969861e-10, 9.85952874899e-10, 9.79287539948e-10]
    },
    "mfcc": {
        "mean": [-1203.65576172, 6.95283460617, -4.6191945076, -1.57140302658, -1.96821737289, -0.560864448547, -0.795259892941, -0.342972695827, 0.0564260594547, 0.469172686338, -0.412415862083, 0.024857385084, -0.822932124138],
        "cov": [[39503.3242188, 4427.66064453, -2951.32348633, -986.722473145, -1283.75366211, -354.388885498, -502.7706604, -219.248062134, 33.4190597534, 315.963531494, -278.209777832, 28.5023097992, -539.075134277], [4427.66064453, 620.63684082, -357.707611084, -116.584266663, -132.221176147, -53.7730064392, -81.2308578491, -55.0600738525, -3.27096796036, 0.784506559372, -8.90423774719, 7.65755224228, -68.969329834], [-2951.32348633, -357.707611084, 258.847808838, 87.2650146484, 98.7621917725, 31.3164463043, 34.9331359863, 20.8187026978, -4.07739019394, -10.6800298691, 9.82853889465, -4.49443054199, 44.7460632324], [-986.722473145, -116.584266663, 87.2650146484, 48.573135376, 33.0528030396, 9.48999977112, 9.24021911621, 1.71083045006, -5.68665790558, -5.39366674423, 0.367498248816, 0.416324317455, 14.3604345322], [-1283.75366211, -132.221176147, 98.7621917725, 33.0528030396, 53.4155426025, 9.94097900391, 11.4176168442, 4.71180534363, -2.39538764954, -14.5907211304, 7.80779695511, -1.42091715336, 17.6836204529], [-354.388885498, -53.7730064392, 31.3164463043, 9.48999977112, 9.94097900391, 9.65045166016, 8.14955329895, 6.15120077133, 1.38974201679, 1.7244464159, 1.44855129719, -0.386765599251, 5.57398271561], [-502.7706604, -81.2308578491, 34.9331359863, 9.24021911621, 11.4176168442, 8.14955329895, 16.4941501617, 11.5803689957, 2.78631544113, 3.30490088463, 2.83627963066, -0.706412136555, 7.19031000137], [-219.248062134, -55.0600738525, 20.8187026978, 1.71083045006, 4.71180534363, 6.15120077133, 11.5803689957, 15.1318683624, 4.11555767059, 9.34761238098, 0.16783477366, -0.636811614037, 5.61800193787], [33.4190597534, -3.27096796036, -4.07739019394, -5.68665790558, -2.39538764954, 1.38974201679, 2.78631544113, 4.11555767059, 4.6958322525, 3.46919703484, 1.2441880703, -0.0781322568655, 0.733205080032], [315.963531494, 0.784506559372, -10.6800298691, -5.39366674423, -14.5907211304, 1.7244464159, 3.30490088463, 9.34761238098, 3.46919703484, 18.1160144806, -6.71030759811, -0.0845255851746, -0.36577296257], [-278.209777832, -8.90423774719, 9.82853889465, 0.367498248816, 7.80779695511, 1.44855129719, 2.83627963066, 0.16783477366, 1.2441880703, -6.71030759811, 14.2157535553, 4.05010700226, 1.44800329208], [28.5023097992, 7.65755224228, -4.49443054199, 0.416324317455, -1.42091715336, -0.386765599251, -0.706412136555, -0.636811614037, -0.0781322568655, -0.0845255851746, 4.05010700226, 7.39898538589, -2.30207586288], [-539.075134277, -68.969329834, 44.7460632324, 14.3604345322, 17.6836204529, 5.57398271561, 7.19031000137, 5.61800193787, 0.733205080032, -0.36577296257, 1.44800329208, -2.30207586288, 12.7873668671]],
        "icov": [[0.00204998254776, -0.00778245739639, 0.00772558990866, 0.00118787935935, 0.00610042735934, -0.00668523367494, 0.00997423287481, -0.00983402319252, 0.00126939930487, -0.0151150347665, 0.0181346200407, -0.0024227136746, 0.00627301121131], [-0.00778245739639, 0.0783787444234, 0.0129705602303, -0.00207100203261, -0.0304720886052, 0.02392035909, 0.0945580005646, 0.068160995841, -1.2385447917e-05, 0.0144163528457, -0.125189185143, 0.0428397580981, 0.0224933866411], [0.00772558990866, 0.0129705602303, 0.100563511252, -0.0145193785429, -0.0229761339724, -0.0547370761633, 0.143941000104, -0.00503924582154, 0.0268342699856, -0.118074081838, 0.00941327121109, 0.0298470836133, 0.036354560405], [0.00118787935935, -0.00207100203261, -0.0145193785429, 0.0795240923762, -0.000271057360806, -0.0128334611654, -0.0124784884974, 0.037115521729, 0.0645175352693, -0.0238216873258, 0.0281177014112, -0.0346286036074, -0.0167125221342], [0.00610042735934, -0.0304720886052, -0.0229761339724, -0.000271057360806, 0.150184482336, -0.003986466676, 0.0356945730746, -0.105871476233, -0.0151761323214, 0.082433603704, 0.0790181308985, -0.0308146495372, -0.0172512065619], [-0.00668523367494, 0.02392035909, -0.0547370761633, -0.0128334611654, -0.003986466676, 0.258874952793, -0.0924724563956, 0.0213031861931, -0.0617193318903, 0.0481480807066, -0.057267639786, 0.00576122617349, 0.000883394852281], [0.00997423287481, 0.0945580005646, 0.143941000104, -0.0124784884974, 0.0356945730746, -0.0924724563956, 0.61564218998, -0.123667888343, -0.0110988691449, -0.132275134325, -0.081753872335, 0.0959389954805, 0.163301676512], [-0.00983402319252, 0.068160995841, -0.00503924582154, 0.037115521729, -0.105871476233, 0.0213031861931, -0.123667888343, 0.400214225054, -0.0333566181362, -0.141603216529, -0.143538787961, 0.0361329652369, -0.01953696087], [0.00126939930487, -1.2385447917e-05, 0.0268342699856, 0.0645175352693, -0.0151761323214, -0.0617193318903, -0.0110988691449, -0.0333566181362, 0.429595589638, -0.074997805059, -0.0465437360108, 0.00684290286154, -0.0643957853317], [-0.0151150347665, 0.0144163528457, -0.118074081838, -0.0238216873258, 0.082433603704, 0.0481480807066, -0.132275134325, -0.141603216529, -0.074997805059, 0.414901554585, 0.00724476343021, -0.0693619698286, -0.115059398115], [0.0181346200407, -0.125189185143, 0.00941327121109, 0.0281177014112, 0.0790181308985, -0.057267639786, -0.081753872335, -0.143538787961, -0.0465437360108, 0.00724476343021, 0.373330265284, -0.154410436749, -0.0177075918764], [-0.0024227136746, 0.0428397580981, 0.0298470836133, -0.0346286036074, -0.0308146495372, 0.00576122617349, 0.0959389954805, 0.0361329652369, 0.00684290286154, -0.0693619698286, -0.154410436749, 0.239255920053, 0.0918333306909], [0.00627301121131, 0.0224933866411, 0.036354560405, -0.0167125221342, -0.0172512065619, 0.000883394852281, 0.163301676512, -0.01953696087, -0.0643957853317, -0.115059398115, -0.0177075918764, 0.0918333306909, 0.314696550369]]
    },
    "spectral_contrast_coeffs": {
        "max": [-0.501573443413, -0.530305087566, -0.625240802765, -0.616636574268, -0.643088400364, -0.600679636002],
        "mean": [-0.938068270683, -0.945529103279, -0.941006660461, -0.945839643478, -0.943320870399, -0.940108418465],
        "min": [-0.983893275261, -0.997016787529, -0.978216826916, -0.973916828632, -0.969121158123, -0.965626060963],
        "stdev": [0.0835536792874, 0.0653639882803, 0.0665356740355, 0.0519815161824, 0.055610280484, 0.0649930089712]
    },
    "spectral_contrast_valleys": {
        "max": [-6.95550346375, -4.50208616257, -5.23202896118, -5.02033615112, -5.2973690033, -7.81063652039],
        "mean": [-25.5315437317, -25.3115615845, -25.3654651642, -25.3423137665, -25.396774292, -25.6479606628],
        "min": [-28.1383857727, -28.0160522461, -27.8694915771, -27.7261600494, -27.5307350159, -27.4488868713],
        "stdev": [5.45200681686, 5.97500705719, 6.01556301117, 6.0029258728, 5.90127944946, 5.10177707672]
    }
},
"rhythm": {
    "beats_count": 24,
    "beats_loudness": {
        "max": 0.213040173054,
        "mean": 0.0155528830364,
        "min": 0,
        "stdev": 0.0496848113835
    },
    "bpm": 104.062492371,
    "bpm_histogram_first_peak_bpm": 103,
    "bpm_histogram_first_peak_weight": 0.333333313465,
    "bpm_histogram_second_peak_bpm": 129,
    "bpm_histogram_second_peak_spread": 0,
    "bpm_histogram_second_peak_weight": 0.260869562626,
    "danceability": 1.33913016319,
    "onset_rate": 0.313495218754,
    "beats_loudness_band_ratio": {
        "max": [0.0132671659812, 0.0608455948532, 0.716678977013, 0.440964698792, 0.244524255395, 0.0433710552752],
        "mean": [0.000947345222812, 0.00331865414046, 0.0646842941642, 0.0373459197581, 0.019146759063, 0.00348150241189],
        "min": [0, 0, 0, 0, 0, 0],
        "stdev": [0.0029461926315, 0.0123493885621, 0.183293700218, 0.105479665101, 0.0588371306658, 0.0106996633112]
    },
    "beats_position": [0.568888902664, 1.14938771725, 1.72988653183, 2.31038546562, 2.87927436829, 3.44816327095, 4.01705217361, 4.59755086899, 5.17804956436, 5.75854873657, 6.29260778427, 6.82666635513, 7.36072540283, 7.87156438828, 8.38240337372, 8.893242836, 9.35764122009, 9.82204055786, 10.2864398956, 10.7508392334, 11.2152376175, 11.6796369553, 12.1208162308, 12.5619955063],
    "bpm_histogram": [0, 0, 0, 0, 0, 0, 0, 0, 0, 0, 0, 0, 0, 0, 0, 0, 0, 0, 0, 0, 0, 0, 0, 0, 0, 0, 0, 0, 0, 0, 0, 0, 0, 0, 0, 0, 0, 0, 0, 0, 0, 0, 0, 0, 0, 0, 0, 0, 0, 0, 0, 0, 0, 0, 0, 0, 0, 0, 0, 0, 0, 0, 0, 0, 0, 0, 0, 0, 0, 0, 0, 0, 0, 0, 0, 0, 0, 0, 0, 0, 0, 0, 0, 0, 0, 0, 0, 0, 0, 0, 0, 0, 0, 0, 0, 0, 0, 0, 0, 0, 0, 0, 0, 0.260869562626, 0, 0.130434781313, 0, 0, 0, 0, 0, 0, 0.130434781313, 0, 0, 0, 0, 0.130434781313, 0, 0, 0, 0, 0, 0, 0, 0, 0, 0, 0, 0.260869562626, 0, 0, 0, 0, 0, 0, 0.0869565233588, 0, 0, 0, 0, 0, 0, 0, 0, 0, 0, 0, 0, 0, 0, 0, 0, 0, 0, 0, 0, 0, 0, 0, 0, 0, 0, 0, 0, 0, 0, 0, 0, 0, 0, 0, 0, 0, 0, 0, 0, 0, 0, 0, 0, 0, 0, 0, 0, 0, 0, 0, 0, 0, 0, 0, 0, 0, 0, 0, 0, 0, 0, 0, 0, 0, 0, 0, 0, 0, 0, 0, 0, 0, 0, 0, 0, 0, 0, 0, 0, 0, 0, 0, 0, 0, 0, 0, 0, 0, 0, 0, 0, 0, 0, 0, 0, 0, 0, 0, 0, 0, 0, 0, 0, 0, 0, 0, 0, 0, 0, 0, 0, 0]
},
"tonal": {
    "chords_changes_rate": 0.0326086953282,
    "chords_number_rate": 0.0108695654199,
    "chords_strength": {
        "max": 0.490002393723,
