{
"metadata": {
    "version": {
        "essentia": "2.1-beta5",
        "essentia_git_sha": "Undefined",
        "extractor": "music 2.0"
    },
    "audio_properties": {
        "analysis": {
            "equal_loudness": 0,
            "length": 40.7394104004,
            "sample_rate": 44100,
            "start_time": 158.998641968,
            "downmix": "mix"
        },
        "bit_rate": 192000,
        "length": 199.761276245,
        "lossless": 0,
        "number_channels": 2,
        "replay_gain": -0.861207962036,
        "sample_rate": 44100,
        "codec": "mp3",
        "md5_encoded": "0505ecae772b7bf6682dd0fa4a99e342"
    },
    "tags": {
        "file_name": "Slovenia_Prisluhni Mi_Darja Svajger.mp3",
        "encoding": ["Lavf58.29.100"]
    }
},
"lowlevel": {
    "average_loudness": 0.875152051449,
    "barkbands_crest": {
        "max": 25.1027812958,
        "mean": 8.76451683044,
        "min": 3.02251005173,
        "stdev": 3.99436712265
    },
    "barkbands_flatness_db": {
        "max": 0.31524553895,
        "mean": 0.147424742579,
        "min": 0.0283712949604,
        "stdev": 0.0537999235094
    },
    "barkbands_kurtosis": {
        "max": 31.6983184814,
        "mean": 1.44598400593,
        "min": -1.72681164742,
        "stdev": 2.47011804581
    },
    "barkbands_skewness": {
        "max": 5.1671538353,
        "mean": 0.192944765091,
        "min": -2.27594590187,
        "stdev": 1.29591166973
    },
    "barkbands_spread": {
        "max": 66.0892105103,
        "mean": 19.0816345215,
        "min": 1.62516629696,
        "stdev": 8.08250045776
    },
    "dissonance": {
        "max": 0.500000059605,
        "mean": 0.468225210905,
        "min": 0.358307868242,
        "stdev": 0.0277159232646
    },
    "dynamic_complexity": 2.58946681023,
    "erbbands_crest": {
        "max": 31.0697002411,
        "mean": 9.0874376297,
        "min": 2.3188252449,
        "stdev": 5.15759515762
    },
    "erbbands_flatness_db": {
        "max": 0.33990034461,
        "mean": 0.20166029036,
        "min": 0.079916074872,
        "stdev": 0.0692029967904
    },
    "erbbands_kurtosis": {
        "max": 21.4580059052,
        "mean": -0.00468622427434,
        "min": -1.82846212387,
        "stdev": 1.51281070709
    },
    "erbbands_skewness": {
        "max": 3.98444437981,
        "mean": -0.0106301261112,
        "min": -1.47500491142,
        "stdev": 0.651009619236
    },
    "erbbands_spread": {
        "max": 86.5015487671,
        "mean": 28.789352417,
        "min": 4.30699586868,
        "stdev": 10.6563539505
    },
    "hfc": {
        "max": 60.9787216187,
        "mean": 20.2672920227,
        "min": 1.04281058403e-16,
        "stdev": 15.4044151306
    },
    "loudness_ebu128": {
        "integrated": -21.9689407349,
        "loudness_range": 4.05505752563,
        "momentary": {
            "max": -20.065864563,
            "mean": -89.7290802002,
            "min": -300.691009521,
            "stdev": 118.05355072
        },
        "short_term": {
            "max": -21.1842021942,
            "mean": -76.021270752,
            "min": -300.691009521,
            "stdev": 107.625862122
        }
    },
    "melbands_crest": {
        "max": 30.5184783936,
        "mean": 9.7753276825,
        "min": 1.46146273613,
        "stdev": 6.34478902817
    },
    "melbands_flatness_db": {
        "max": 0.362723708153,
        "mean": 0.149339020252,
        "min": 0.00220301421359,
        "stdev": 0.092562995851
    },
    "melbands_kurtosis": {
        "max": 62.6616897583,
        "mean": 2.42880439758,
        "min": -1.44133496284,
        "stdev": 4.2034702301
    },
    "melbands_skewness": {
        "max": 6.6356215477,
        "mean": 1.10139846802,
        "min": -0.943796038628,
        "stdev": 0.93824750185
    },
    "melbands_spread": {
        "max": 166.340332031,
        "mean": 49.9817848206,
        "min": 2.72840380669,
        "stdev": 47.8065109253
    },
    "pitch_salience": {
        "max": 0.944650948048,
        "mean": 0.618920564651,
        "min": 0.183682456613,
        "stdev": 0.153552159667
    },
    "silence_rate_20dB": {
        "max": 1,
        "mean": 1,
        "min": 1,
        "stdev": 0
    },
    "silence_rate_30dB": {
        "max": 1,
        "mean": 1,
        "min": 1,
        "stdev": 0
    },
    "silence_rate_60dB": {
        "max": 1,
        "mean": 0.283029615879,
        "min": 0,
        "stdev": 0.450471192598
    },
    "spectral_centroid": {
        "max": 11957.1445312,
        "mean": 3729.03466797,
        "min": 473.009918213,
        "stdev": 4160.92724609
    },
    "spectral_complexity": {
        "max": 39,
        "mean": 16.1093387604,
        "min": 0,
        "stdev": 11.0495376587
    },
    "spectral_decrease": {
        "max": 2.02734050783e-28,
        "mean": -5.64167690342e-09,
        "min": -2.16467253011e-08,
        "stdev": 4.41854020039e-09
    },
    "spectral_energy": {
        "max": 0.0848808884621,
        "mean": 0.0231312774122,
        "min": 9.91106161093e-21,
        "stdev": 0.0179142355919
    },
    "spectral_energyband_high": {
        "max": 0.00583064090461,
        "mean": 0.000199893242097,
        "min": 6.97501310725e-21,
        "stdev": 0.000404132792028
    },
    "spectral_energyband_low": {
        "max": 0.0387801341712,
        "mean": 0.00224982853979,
        "min": 8.77843074266e-24,
        "stdev": 0.00350385671481
    },
    "spectral_energyband_middle_high": {
        "max": 0.0409918390214,
        "mean": 0.0082155354321,
        "min": 1.16233951511e-21,
        "stdev": 0.00794921535999
    },
    "spectral_energyband_middle_low": {
        "max": 0.069827221334,
        "mean": 0.0132647017017,
        "min": 1.41210847822e-22,
        "stdev": 0.0128841716796
    },
    "spectral_entropy": {
        "max": 9.82209205627,
        "mean": 7.84784984589,
        "min": 5.9867978096,
        "stdev": 1.17875444889
    },
    "spectral_flux": {
        "max": 0.202285155654,
        "mean": 0.0587721318007,
        "min": 6.36908234486e-11,
        "stdev": 0.0430975928903
    },
    "spectral_kurtosis": {
        "max": 25.2967071533,
        "mean": 5.14370203018,
        "min": -1.29586958885,
        "stdev": 5.02629375458
    },
    "spectral_rms": {
        "max": 0.00910003390163,
        "mean": 0.0039603272453,
        "min": 3.10955428073e-12,
        "stdev": 0.00262354523875
    },
    "spectral_rolloff": {
        "max": 19681.3476562,
        "mean": 5941.68847656,
        "min": 387.59765625,
        "stdev": 7382.01025391
    },
    "spectral_skewness": {
        "max": 3.65335297585,
        "mean": 1.31729614735,
        "min": -0.0942848101258,
        "stdev": 0.822424769402
    },
    "spectral_spread": {
        "max": 43975976,
        "mean": 12128293,
        "min": 1788189.25,
        "stdev": 16234932
    },
    "spectral_strongpeak": {
        "max": 8.77336502075,
        "mean": 1.49833583832,
        "min": 0,
        "stdev": 1.56043863297
    },
    "zerocrossingrate": {
        "max": 0.53125,
        "mean": 0.165243446827,
        "min": 0.0205078125,
        "stdev": 0.191833794117
    },
    "barkbands": {
        "max": [0.00310544623062, 0.0212078038603, 0.0157009251416, 0.0250506047159, 0.0196288153529, 0.0345322042704, 0.0585126131773, 0.0298001412302, 0.029309546575, 0.0247830078006, 0.0280454363674, 0.0368866026402, 0.00857240427285, 0.0180556830019, 0.00913781952113, 0.0125781968236, 0.00772598572075, 0.00526832928881, 0.00286603742279, 0.00300247524865, 0.00210201833397, 0.00155686074868, 0.00156662147492, 0.0020007439889, 0.000365375541151, 2.4188811949e-05, 5.82646498515e-06],
        "mean": [4.23539386247e-05, 0.000895097560715, 0.00072452716995, 0.00123514875304, 0.00190522195771, 0.00196678424254, 0.00535230990499, 0.00136062817182, 0.0010265938472, 0.00156346918084, 0.000743033888284, 0.00141058315057, 0.000668523251079, 0.000616717152297, 0.000617956335191, 0.00147636223119, 0.00058882398298, 0.000426704384154, 0.00026218482526, 0.000100259283499, 5.09486926603e-05, 3.79383673135e-05, 2.68690873781e-05, 2.60555389104e-05, 5.52967912881e-06, 6.80330174418e-07, 4.19802859142e-09],
        "min": [1.70717610366e-25, 9.80601436844e-25, 3.54479208363e-25, 4.70816445709e-25, 4.37859848684e-24, 5.99234244723e-24, 2.95705220297e-24, 2.87493967134e-24, 8.48028234126e-24, 7.1703291099e-24, 1.08971478399e-23, 2.00449382467e-23, 1.70719344874e-23, 3.34932543655e-23, 3.39717584579e-23, 4.42429735685e-23, 4.53735595515e-23, 8.04376284614e-23, 1.17496767621e-22, 1.55249959227e-22, 2.00532619915e-22, 2.88882933463e-22, 3.36982976163e-22, 5.08076405189e-22, 7.43744624765e-22, 1.13873053643e-21, 1.84890073619e-21],
        "stdev": [0.000167720776517, 0.00153224705718, 0.00133393495344, 0.00219631241634, 0.00254293577746, 0.00353524601087, 0.00951430574059, 0.00323483091779, 0.00173525174614, 0.0029663303867, 0.00202116067521, 0.00395230343565, 0.00103142880835, 0.00115399691276, 0.000886883819476, 0.00203870213591, 0.000808817683719, 0.000587299698964, 0.000355744821718, 0.000188541191164, 0.000107484891487, 9.69726461335e-05, 7.41280891816e-05, 0.000118402029329, 1.80054139491e-05, 1.84515988622e-06, 1.38986763432e-07]
    },
    "erbbands": {
        "max": [0.870304346085, 5.76152563095, 16.5282516479, 66.6979904175, 60.2363891602, 73.7304000854, 134.02331543, 357.06741333, 830.865539551, 1077.26647949, 660.395324707, 540.382202148, 829.661560059, 729.514770508, 1306.30944824, 1796.82189941, 445.936889648, 796.506347656, 602.548950195, 649.459533691, 826.610778809, 317.490783691, 319.248291016, 163.437072754, 134.795806885, 208.968490601, 139.862808228, 26.3419742584, 52.1734924316, 56.2649803162, 55.2179260254, 52.9988937378, 33.1883850098, 5.60785341263, 1.07989668846, 0.207806274295, 0.016103964299, 0.00372095755301, 0.000838955573272, 0.000106127030449],
        "mean": [0.0231457259506, 0.214336454868, 0.741432249546, 2.7123734951, 5.12400102615, 5.85424232483, 11.0411891937, 19.1885299683, 75.4825668335, 43.8552894592, 30.4693889618, 25.3614578247, 39.577999115, 43.658657074, 39.2817153931, 59.6753234863, 34.2932510376, 28.6856384277, 40.3478393555, 30.8716831207, 91.6860961914, 36.2759895325, 27.273443222, 15.4652776718, 12.071428299, 5.90664434433, 2.84028911591, 1.56164050102, 1.28082764149, 0.934911727905, 0.822493135929, 0.64594066143, 0.350926846266, 0.0969949439168, 0.025183621794, 0.00624328386039, 0.000584877794608, 2.2481126507e-05, 1.45291805893e-05, 2.79105224763e-05],
        "min": [3.37800715688e-23, 1.98965702343e-22, 7.7372244988e-22, 2.4723517722e-21, 8.08509029709e-21, 1.65198808917e-20, 2.96542375519e-20, 3.73455761449e-20, 5.04492576523e-20, 1.03441436529e-19, 1.79198171931e-19, 2.00063777033e-19, 2.70880815999e-19, 5.93203167113e-19, 6.36039128724e-19, 7.69309919525e-19, 1.23572997678e-18, 1.40665909554e-18, 2.28075946039e-18, 2.41239615589e-18, 2.4540759258e-18, 2.99467133654e-18, 4.45267394629e-18, 5.79037802521e-18, 5.56105005859e-18, 7.48859926152e-18, 7.10716891028e-18, 7.00497736304e-18, 8.51408649977e-18, 1.05953291692e-17, 9.73520939751e-18, 1.10202361335e-17, 1.00235604231e-17, 7.38004255947e-18, 5.31969654023e-18, 3.980871218e-18, 1.97189518275e-18, 8.99539374009e-19, 2.2074894044e-19, 2.56840727265e-20],
        "stdev": [0.0490441136062, 0.352834761143, 1.29456031322, 4.97600841522, 8.28264808655, 8.14664936066, 17.2963943481, 36.1750831604, 126.769874573, 83.4191207886, 59.9170188904, 41.3244667053, 90.4812088013, 74.58152771, 81.9196472168, 184.372558594, 54.5563659668, 46.9407806396, 59.9190063477, 55.2149429321, 133.830276489, 43.0379714966, 35.7889328003, 17.8907318115, 17.1728878021, 11.5836524963, 6.69966745377, 2.38453745842, 3.2727496624, 2.73052620888, 2.43054533005, 2.79856872559, 1.63328635693, 0.343875676394, 0.069853618741, 0.0166504792869, 0.00154587440193, 9.92640925688e-05, 2.25360327022e-05, 2.13043476833e-05]
    },
    "gfcc": {
        "mean": [-325.930419922, 93.2345504761, -131.169021606, 17.8373012543, -47.11302948, 1.51200890541, -34.2266387939, 4.60915374756, -8.50965499878, -8.1147069931, -0.0738054215908, -7.12633323669, -0.367670506239],
        "cov": [[292811.59375, 29932.7050781, -39560.2148438, 6120.64746094, -14340.9785156, 415.696014404, -10481.1494141, 1465.96618652, -2660.61547852, -2572.99633789, 72.0148925781, -2226.69824219, -135.871063232], [29932.7050781, 4235.38183594, -3418.80737305, 995.075683594, -1081.80847168, -345.230529785, -1151.97839355, 77.5453262329, -89.5401000977, -381.258789062, 274.861114502, -339.094787598, -60.5192070007], [-39560.2148438, -3418.80737305, 6309.73583984, -315.004608154, 2142.53955078, -155.610473633, 1424.58007812, -204.025100708, 389.97958374, 319.558624268, 111.130233765, 270.929992676, -64.7146453857], [6120.64746094, 995.075683594, -315.004608154, 485.900939941, -150.927978516, -100.37613678, -242.162460327, 40.7242355347, -14.0433645248, -74.3552932739, 81.8046646118, -53.0551452637, -45.847492218], [-14340.9785156, -1081.80847168, 2142.53955078, -150.927978516, 904.230041504, -163.885559082, 485.678405762, -81.2017745972, 187.853240967, 86.5707550049, 84.2752456665, 82.2309570312, -10.5226955414], [415.696014404, -345.230529785, -155.610473633, -100.37613678, -163.885559082, 307.440917969, 94.6580963135, -3.90013623238, -136.118087769, 41.4470558167, -117.509086609, 16.6159572601, 2.55099487305], [-10481.1494141, -1151.97839355, 1424.58007812, -242.162460327, 485.678405762, 94.6580963135, 478.659759521, -41.0747756958, 37.4403190613, 105.693412781, -45.5381660461, 85.1288909912, 5.54796504974], [1465.96618652, 77.5453262329, -204.025100708, 40.7242355347, -81.2017745972, -3.90013623238, -41.0747756958, 77.666847229, 12.1292266846, -9.39068317413, -17.1474685669, 6.05963754654, 4.31961154938], [-2660.61547852, -89.5401000977, 389.97958374, -14.0433645248, 187.853240967, -136.118087769, 37.4403190613, 12.1292266846, 150.242889404, 5.65530967712, 64.0080718994, 8.58213043213, 5.08099126816], [-2572.99633789, -381.258789062, 319.558624268, -74.3552932739, 86.5707550049, 41.4470558167, 105.693412781, -9.39068317413, 5.65530967712, 84.5624008179, -19.4347705841, 34.0027389526, 1.65464758873], [72.0148925781, 274.861114502, 111.130233765, 81.8046646118, 84.2752456665, -117.509086609, -45.5381660461, -17.1474685669, 64.0080718994, -19.4347705841, 115.894180298, -15.474237442, -15.2785234451], [-2226.69824219, -339.094787598, 270.929992676, -53.0551452637, 82.2309570312, 16.6159572601, 85.1288909912, 6.05963754654, 8.58213043213, 34.0027389526, -15.474237442, 71.2943267822, 18.8789863586], [-135.871063232, -60.5192070007, -64.7146453857, -45.847492218, -10.5226955414, 2.55099487305, 5.54796504974, 4.31961154938, 5.08099126816, 1.65464758873, -15.2785234451, 18.8789863586, 47.8824234009]],
        "icov": [[0.000640812795609, -0.00208357675001, 0.00164081074763, -0.00159440387506, 0.00198965449817, -0.00124540692195, 0.00165245053358, -0.00214702449739, 0.00161811732687, -0.000794577295892, 0.000667662126943, -0.00100845214911, 0.000848103722092], [-0.00208357675001, 0.00987929850817, -0.00385513645597, 0.000758702051826, -0.0063825766556, 0.00513523444533, -0.00651549408212, 0.00880785658956, -0.0053400201723, 0.00522049935535, -0.00603136839345, 0.00834772177041, -0.00445513660088], [0.00164081074763, -0.00385513645597, 0.00675466516986, -0.00783671811223, 0.00303836585954, -0.00271322624758, 0.00041677308036, -0.00239642499946, 0.00205742078833, -0.00170949380845, 0.000777923676651, -0.00187128514517, 0.00321583054028], [-0.00159440387506, 0.000758702051826, -0.00783671811223, 0.0156336165965, -0.00448036380112, 0.00140269123949, 0.00289641600102, -0.0022467027884, 0.000206929908018, -0.000273175392067, 0.000711074331775, -0.00323462137021, 0.00110974768177], [0.00198965449817, -0.0063825766556, 0.00303836585954, -0.00448036380112, 0.0161455273628, 0.000666476378683, 0.000297659222269, -0.00428685732186, 0.00378037616611, -0.000578868261073, 0.000308151211357, -0.00249601504765, 0.00196150946431], [-0.00124540692195, 0.00513523444533, -0.00271322624758, 0.00140269123949, 0.000666476378683, 0.0137101020664, -0.00990265328437, 0.00644124345854, 0.00125041382853, 0.000893654709216, 0.000552141224034, 0.00398801127449, -0.000944838451687], [0.00165245053358, -0.00651549408212, 0.00041677308036, 0.00289641600102, 0.000297659222269, -0.00990265328437, 0.0244080666453, -0.0133829936385, 0.0092285098508, -0.00410823151469, 0.00313090719283, -0.00339126959443, 0.000261630630121], [-0.00214702449739, 0.00880785658956, -0.00239642499946, -0.0022467027884, -0.00428685732186, 0.00644124345854, -0.0133829936385, 0.0322297550738, -0.0163783859462, 0.00518095120788, 0.0032843449153, -0.00081529194722, -6.38726633042e-05], [0.00161811732687, -0.0053400201723, 0.00205742078833, 0.000206929908018, 0.00378037616611, 0.00125041382853, 0.0092285098508, -0.0163783859462, 0.024520162493, -0.00366754247807, -0.00503862928599, 0.00162238336634, -0.00272912718356], [-0.000794577295892, 0.00522049935535, -0.00170949380845, -0.000273175392067, -0.000578868261073, 0.000893654709216, -0.00410823151469, 0.00518095120788, -0.00366754247807, 0.0226263720542, -0.00374824367464, 7.05986094545e-05, -1.11937988549e-05], [0.000667662126943, -0.00603136839345, 0.000777923676651, 0.000711074331775, 0.000308151211357, 0.000552141224034, 0.00313090719283, 0.0032843449153, -0.00503862928599, -0.00374824367464, 0.0252936370671, -0.00889819394797, 0.00762627879158], [-0.00100845214911, 0.00834772177041, -0.00187128514517, -0.00323462137021, -0.00249601504765, 0.00398801127449, -0.00339126959443, -0.00081529194722, 0.00162238336634, 7.05986094545e-05, -0.00889819394797, 0.0348099283874, -0.0149702141061], [0.000848103722092, -0.00445513660088, 0.00321583054028, 0.00110974768177, 0.00196150946431, -0.000944838451687, 0.000261630630121, -6.38726633042e-05, -0.00272912718356, -1.11937988549e-05, 0.00762627879158, -0.0149702141061, 0.0321517325938]]
    },
    "melbands": {
        "max": [0.00608561979607, 0.00841633882374, 0.00905412342399, 0.00353088974953, 0.00492851948366, 0.00747446343303, 0.0131560582668, 0.0112555343658, 0.00515565602109, 0.00291397143155, 0.0042417338118, 0.00305916066281, 0.00428610993549, 0.00459624454379, 0.00210972013883, 0.000860933039803, 0.00184643920511, 0.00128435413353, 0.000599537859671, 0.000871989701409, 0.00122415879741, 0.000309750292217, 0.000628736393992, 0.000349780806573, 0.000163793185493, 0.000159205214004, 9.43175618886e-05, 0.000164928525919, 8.09095290606e-05, 4.44573815912e-05, 1.72160580405e-05, 3.28297464876e-05, 3.88378721254e-05, 2.52631925832e-05, 3.63609833585e-05, 2.58390064118e-05, 3.74548908439e-05, 2.87013881461e-05, 8.77605270944e-06, 3.23119479617e-06],
        "mean": [0.000232747552218, 0.000369397515897, 0.00054293742869, 0.000394476606743, 0.000355577009032, 0.000397217168938, 0.00120337144472, 0.000437340582721, 0.000227925498621, 0.000152486929437, 0.000197941655642, 0.000181851210073, 0.000118857307825, 0.00017904539709, 8.92771276995e-05, 6.65388870402e-05, 5.01310278196e-05, 6.72503010719e-05, 3.86042738683e-05, 5.0053542509e-05, 0.0001157161023, 2.52193603956e-05, 4.65033954242e-05, 1.42888084156e-05, 1.17842755571e-05, 1.07537898657e-05, 4.80469998365e-06, 3.61872253052e-06, 1.85549106391e-06, 1.03480874714e-06, 9.06433911041e-07, 7.7933322018e-07, 6.03637829499e-07, 4.69986133567e-07, 5.08396340138e-07, 3.67170088111e-07, 4.03892784107e-07, 2.81177619854e-07, 1.26409787526e-07, 6.54913066001e-08],
        "min": [4.01892361869e-25, 8.34317437163e-25, 7.1090143044e-25, 1.00877885813e-24, 1.12413556602e-24, 8.36894448525e-25, 6.13720669449e-25, 1.1627914267e-24, 1.40255534505e-24, 1.07157021403e-24, 1.28366246954e-24, 2.07589398019e-24, 1.68035143092e-24, 1.30259187721e-24, 2.80276974535e-24, 1.60865659641e-24, 2.48018696905e-24, 2.8901023668e-24, 2.52399280955e-24, 3.21857951179e-24, 2.0068637206e-24, 2.09241588299e-24, 2.98427815939e-24, 3.26135864982e-24, 3.20188050972e-24, 3.99534579883e-24, 4.21902375863e-24, 3.73839881364e-24, 3.57886116189e-24, 4.13924980516e-24, 3.64465018923e-24, 4.13828976143e-24, 4.97342288077e-24, 4.74943923737e-24, 4.22208296122e-24, 5.38190334054e-24, 5.02123810682e-24, 5.18940865789e-24, 5.70463304218e-24, 5.58439841288e-24],
        "stdev": [0.000423606019467, 0.000588793598581, 0.000848668219987, 0.000531210564077, 0.000541939341929, 0.000759335351177, 0.00205024983734, 0.000832592952065, 0.000437123584561, 0.000252546975389, 0.000463012140244, 0.000315918936394, 0.000297347345622, 0.000483499199618, 0.000225172392675, 9.40903046285e-05, 9.50386747718e-05, 0.000113963193144, 5.72615645069e-05, 7.620271208e-05, 0.000177450259798, 3.76548341592e-05, 6.37414123048e-05, 2.59948101302e-05, 1.47462833411e-05, 1.7037442376e-05, 7.39197548683e-06, 8.39394488139e-06, 4.37386461272e-06, 2.32189404414e-06, 1.50718642544e-06, 1.90969672076e-06, 2.05210722015e-06, 1.29316811126e-06, 1.46520710587e-06, 1.25630526782e-06, 1.96709265765e-06, 1.38822531426e-06, 4.96271695738e-07, 2.23270575361e-07]
    },
    "melbands128": {
        "max": [0.00283156521618, 0.00849651824683, 0.00682479608804, 0.010752549395, 0.00942240748554, 0.0074770655483, 0.0170822981745, 0.00801353622228, 0.00778216449544, 0.0048837759532, 0.00523165054619, 0.00823602732271, 0.00592028815299, 0.0041063176468, 0.00756115280092, 0.0144953746349, 0.00691017042845, 0.0252657905221, 0.0215862318873, 0.0201323330402, 0.0111666265875, 0.00954911950976, 0.00838074926287, 0.011869225651, 0.00406113127246, 0.00210683513433, 0.00507334712893, 0.00790420826524, 0.00619174074382, 0.00480899587274, 0.00479294266552, 0.00523050874472, 0.00606559077278, 0.00636774860322, 0.00649894727394, 0.0100364470854, 0.00833897851408, 0.00106859230436, 0.00208831322379, 0.00211782869883, 0.000820262881462, 0.0013710152125, 0.00188345881179, 0.00459186173975, 0.00362578267232, 0.00248775142245, 0.00124818237964, 0.000601931998972, 0.00154441245832, 0.00228995201178, 0.00103256385773, 0.00180074875243, 0.00244012568146, 0.00163664494175, 0.000565612048376, 0.000629485584795, 0.000649268971756, 0.00155188376084, 0.000877062731888, 0.000707316386979, 0.000793197716121, 0.000413022557041, 0.000267227500444, 0.000336376222549, 0.000224343602895, 0.000284877402009, 0.000254195474554, 0.000259456108324, 0.000140201329486, 0.000181063645869, 0.000418911717134, 5.51026205358e-05, 3.88876615034e-05, 0.000119944321341, 0.000224790142966, 4.72988795082e-05, 3.62422942999e-05, 2.49124404945e-05, 1.95545435417e-05, 2.34629878832e-05, 4.11513392464e-05, 3.49239380739e-05, 3.49160181941e-05, 5.4830496083e-05, 5.15262581757e-05, 2.33940500038e-05, 1.56792539201e-05, 2.59431581071e-05, 4.85632044729e-05, 3.50657937815e-05, 2.71930239251e-05, 2.36088908423e-05, 3.64933621313e-05, 5.35577310075e-05, 4.02289697377e-05, 3.29770846292e-05, 3.68022156181e-05, 1.95455831999e-05, 1.24838907141e-05, 7.77609875513e-06, 5.75567037231e-06, 3.25467158291e-06, 2.81710595118e-06, 2.32344586948e-06, 1.26575514514e-06, 7.37540062801e-07, 7.6775341995e-07, 5.55747817543e-07, 4.58423727423e-07, 3.00268908404e-07, 1.37757865559e-07, 1.07717795572e-07, 3.6722102692e-08, 3.24805462526e-08, 3.10348795551e-08, 2.9646367139e-08, 2.86209260736e-08, 2.76506977315e-08, 2.66372151003e-08, 2.58190251401e-08, 2.51116425432e-08, 2.45470257454e-08, 2.39722304229e-08, 2.35029844475e-08, 2.31432490949e-08, 2.28306813455e-08, 2.25470646598e-08, 2.24390124259e-08],
        "mean": [3.91117937397e-05, 0.000160479263286, 0.000324277614709, 0.000354036310455, 0.000339039019309, 0.000373625196517, 0.000538100430276, 0.00063288200181, 0.000511885678861, 0.000402544275858, 0.000284723413642, 0.000333051837515, 0.000420212338213, 0.000314240256557, 0.000385865132557, 0.000479433161672, 0.00051841250388, 0.00205315370113, 0.00112346792594, 0.000233948303503, 0.000256306142546, 0.000346013781382, 0.000202561874175, 0.000130616230308, 0.000199340138352, 0.00010702284635, 0.000181429539225, 0.000214929343201, 0.000206158583751, 0.000230886493227, 0.00016048202815, 9.52883419814e-05, 0.000153831992066, 8.20108907646e-05, 0.000148802180775, 0.000255183578702, 0.000166150304722, 3.33502248395e-05, 8.62139131641e-05, 8.80373772816e-05, 4.03117956012e-05, 7.45943107177e-05, 4.62777279608e-05, 3.469492367e-05, 6.63850223646e-05, 7.58202368161e-05, 7.46236910345e-05, 2.31209724006e-05, 2.77559684037e-05, 5.24377428519e-05, 2.17929755308e-05, 5.67216520722e-05, 0.000234119826928, 7.05400962033e-05, 1.55508314492e-05, 1.67999587575e-05, 2.97143433272e-05, 8.10586789157e-05, 3.81405116059e-05, 1.01815303424e-05, 1.30090347739e-05, 1.62184805959e-05, 1.71446608874e-05, 7.19506442692e-06, 9.55909945333e-06, 1.12828965939e-05, 1.36231292345e-05, 4.17490991822e-06, 2.61487684838e-06, 4.74201806355e-06, 5.34712899025e-06, 1.88506623999e-06, 1.4561013586e-06, 2.34747676586e-06, 1.61468562965e-06, 1.06658342247e-06, 7.24048391021e-07, 7.83160317042e-07, 8.31834995552e-07, 1.27700491248e-06, 7.3779642662e-07, 6.79530160141e-07, 5.63490914374e-07, 6.23627670393e-07, 6.41555914171e-07, 4.040735746e-07, 4.76455767284e-07, 4.52285149777e-07, 5.58500914849e-07, 5.21112383467e-07, 3.45265107171e-07, 2.87099737761e-07, 4.48172670531e-07, 4.59192932567e-07, 3.53023267508e-07, 2.94228698294e-07, 3.07498737584e-07, 1.97994197038e-07, 1.20470900811e-07, 8.84393642764e-08, 8.51556478665e-08, 5.86533310809e-08, 4.85435442954e-08, 3.55709595112e-08, 2.36435617751e-08, 1.85628028504e-08, 1.6917457657e-08, 1.41299221212e-08, 1.04773638654e-08, 6.32012575608e-09, 4.39627756421e-09, 1.97896365961e-09, 7.15819736818e-10, 1.21347723536e-10, 2.21580549048e-11, 2.12001232541e-11, 2.04783880825e-11, 1.97944594743e-11, 1.9135028631e-11, 1.85877702119e-11, 1.81101886959e-11, 1.77248701827e-11, 1.73177774204e-11, 1.69845509185e-11, 1.67489303676e-11, 1.65466737534e-11, 1.63657299518e-11, 1.62761765871e-11],
        "min": [1.65167767438e-26, 2.7932063353e-25, 5.91663613175e-26, 2.10284186314e-25, 1.27899657915e-25, 1.51532537803e-25, 2.91150120493e-25, 1.13697918298e-25, 2.45723885741e-25, 1.80676326019e-25, 1.26924909333e-25, 2.73521692363e-25, 1.8097573571e-25, 2.32328682444e-25, 2.13322040357e-25, 2.73152258941e-25, 6.99826661495e-25, 2.66683057176e-25, 3.56124008002e-25, 9.13071307201e-26, 1.63911318476e-25, 1.6018759918e-25, 3.03260515895e-25, 6.67788653551e-25, 3.76768399284e-25, 3.85911099961e-25, 7.26777650588e-25, 3.2205522557e-25, 4.21627418394e-25, 5.31742589305e-25, 4.87626282738e-25, 7.3822308555e-25, 6.01384117487e-25, 7.24010720963e-25, 7.58889515634e-25, 7.07744902135e-25, 1.08702981701e-24, 4.4951956785e-25, 7.27055181715e-25, 6.31405649045e-25, 8.60571418342e-25, 8.20975038242e-25, 6.45159636143e-25, 8.32882301961e-25, 5.05546392188e-25, 7.92613516547e-25, 2.68496968872e-25, 6.42665553784e-25, 1.43617718847e-24, 2.12811696655e-24, 1.153785692e-24, 1.33796972501e-24, 1.45331114873e-24, 1.39659727584e-24, 9.31432722698e-25, 1.23427425484e-24, 1.38118756831e-24, 1.80786704916e-24, 1.65587366868e-24, 1.23456800692e-24, 1.79518749061e-24, 1.34166287595e-24, 7.83829057329e-25, 1.70171043157e-24, 1.97582204398e-24, 1.51967762225e-24, 2.51365025144e-24, 1.21258225628e-24, 1.89171093326e-24, 2.57568134264e-24, 1.94027498552e-24, 1.6788914466e-24, 1.85948813464e-24, 2.56709025296e-24, 2.3482052148e-24, 2.26223199791e-24, 1.39832882553e-24, 1.62190768468e-24, 2.0615183707e-24, 2.20488535997e-24, 2.84444092824e-24, 2.30445301684e-24, 2.27706297735e-24, 2.88403780138e-24, 2.55376323682e-24, 2.53631284474e-24, 2.29811984428e-24, 2.74226095848e-24, 2.68107808996e-24, 2.19609646341e-24, 3.88315755076e-24, 2.94543642335e-24, 3.38129134261e-24, 3.13369965611e-24, 3.06916886191e-24, 3.27151010638e-24, 2.57976645884e-24, 3.32481915698e-24, 3.30367038776e-24, 3.69117602213e-24, 3.41415292133e-24, 3.66487066638e-24, 2.94099947519e-24, 3.73220664996e-24, 3.93634255299e-24, 3.75302745026e-24, 3.0258706534e-24, 3.37432530638e-24, 4.48257114301e-24, 4.12245456205e-24, 3.81361157335e-24, 3.4273572696e-24, 4.16711395005e-24, 3.73113458799e-24, 3.81074485282e-24, 4.83710811078e-24, 4.54147499237e-24, 4.1350810697e-24, 4.42671387446e-24, 5.57718151889e-24, 4.98252554676e-24, 5.55478378564e-24, 4.26430831889e-24, 5.06748073865e-24, 4.6108166548e-24, 5.13992499102e-24, 5.31845644122e-24, 5.01344810538e-24],
        "stdev": [0.000155463407282, 0.000433163717389, 0.000585866859183, 0.000619839003775, 0.000651256879792, 0.00070178846363, 0.00118461635429, 0.00109373161104, 0.0010309072677, 0.000595394871198, 0.000477028195746, 0.000664763327222, 0.000787794182543, 0.00050557765644, 0.000815731124021, 0.0013737436384, 0.000800161447842, 0.00381299224682, 0.00226485123858, 0.00109686539508, 0.000913023832254, 0.000887233298272, 0.000467730715172, 0.00037151898141, 0.000434995017713, 0.000240673907683, 0.000461597956019, 0.000667025800794, 0.000605063745752, 0.000427323888289, 0.000368917128071, 0.000300942454487, 0.000498112291098, 0.000292273878586, 0.000396906543756, 0.000899680075236, 0.000761030474678, 8.68661081768e-05, 0.000179538197699, 0.000180648872629, 7.35632347642e-05, 0.000151201005792, 0.000117408984806, 0.00014045512944, 0.000184703996638, 0.000159125600476, 0.00012325886928, 4.58231043012e-05, 8.00925845397e-05, 0.000170111641637, 5.67719143874e-05, 0.000122656841995, 0.000400415010517, 0.000153215689352, 3.94038870581e-05, 4.93920633744e-05, 7.1043796197e-05, 0.000135904934723, 7.57086818339e-05, 3.2498192013e-05, 4.67315039714e-05, 3.26491608575e-05, 2.77773215203e-05, 1.68250862771e-05, 2.18943769141e-05, 2.50472094194e-05, 2.44400380325e-05, 1.15462262329e-05, 7.39015467843e-06, 1.16579740279e-05, 1.86635661521e-05, 4.22249104304e-06, 2.817608447e-06, 6.43738076178e-06, 8.21740013635e-06, 2.80434210254e-06, 1.68674159795e-06, 1.8757974658e-06, 1.56570922627e-06, 2.61839932136e-06, 2.06988420359e-06, 2.45269825427e-06, 2.05671335607e-06, 2.48945093517e-06, 2.27753093895e-06, 1.30454600367e-06, 1.29322847897e-06, 1.2656008721e-06, 1.73895500666e-06, 1.63945264831e-06, 1.25457950162e-06, 1.06180823423e-06, 1.72366321749e-06, 2.3933889679e-06, 2.01229522645e-06, 1.53877226694e-06, 1.58415627993e-06, 8.916899219e-07, 5.05814568896e-07, 3.33564400989e-07, 3.36309852855e-07, 2.10867497685e-07, 1.60202844768e-07, 1.08725650705e-07, 6.97547619666e-08, 5.18386329418e-08, 4.88814215771e-08, 4.1965336095e-08, 2.95753999069e-08, 1.89750082313e-08, 1.12990639067e-08, 7.38971550618e-09, 2.92806201507e-09, 9.309481519e-10, 7.40323302661e-10, 7.07194025562e-10, 6.82736533975e-10, 6.59589216578e-10, 6.35414165728e-10, 6.1590293976e-10, 5.99020388847e-10, 5.85551829246e-10, 5.71845515385e-10, 5.606445308e-10, 5.52065282378e-10, 5.44609024544e-10, 5.37842492765e-10, 5.35265054502e-10]
    },
    "mfcc": {
        "mean": [-794.531860352, 106.46661377, -31.7705841064, 8.93265914917, 0.619689583778, -7.57725954056, -9.74840927124, 2.05590605736, -6.64413404465, 2.01895999908, -5.07720565796, 2.9078001976, 0.186351910233],
        "cov": [[76410.4921875, 16947.6992188, -4483.29638672, 1810.37963867, 185.086898804, -1154.85192871, -1387.43481445, 437.892059326, -1049.45349121, 323.732727051, -779.200134277, 438.988006592, 42.1686019897], [16947.6992188, 4690.24707031, -860.551940918, 857.797424316, 358.440002441, -382.994812012, -400.242553711, 51.3400611877, -405.735412598, 142.97694397, -214.721221924, 254.136398315, 54.5395202637], [-4483.29638672, -860.551940918, 958.98626709, 290.781219482, 169.786682129, 137.773742676, 155.550445557, 17.3731460571, -13.6599674225, 24.9370632172, 57.698184967, 20.9332046509, 22.3527202606], [1810.37963867, 857.797424316, 290.781219482, 624.198913574, 303.475708008, -119.961502075, -77.9171600342, 13.5995025635, -131.840835571, 43.3280982971, -38.3566474915, 138.771713257, 69.0429077148], [185.086898804, 358.440002441, 169.786682129, 303.475708008, 230.38067627, -64.7594070435, -51.0586662292, -1.26457810402, -81.5286331177, 28.2627906799, -20.9913654327, 88.5962600708, 36.8816833496], [-1154.85192871, -382.994812012, 137.773742676, -119.961502075, -64.7594070435, 159.173522949, 112.012054443, -0.366227209568, 32.4608383179, -15.2469854355, 30.2194004059, -59.7090797424, -21.6021175385], [-1387.43481445, -400.242553711, 155.550445557, -77.9171600342, -51.0586662292, 112.012054443, 154.565155029, 17.8510379791, 34.3709526062, -9.86784934998, 24.630815506, -57.1858901978, -18.04413414], [437.892059326, 51.3400611877, 17.3731460571, 13.5995025635, -1.26457810402, -0.366227209568, 17.8510379791, 69.2251815796, 12.3760118484, 3.40441179276, -2.76150369644, -13.6091775894, -0.341479122639], [-1049.45349121, -405.735412598, -13.6599674225, -131.840835571, -81.5286331177, 32.4608383179, 34.3709526062, 12.3760118484, 119.755714417, -19.3466281891, 16.866312027, -46.9934616089, -14.1752853394], [323.732727051, 142.97694397, 24.9370632172, 43.3280982971, 28.2627906799, -15.2469854355, -9.86784934998, 3.40441179276, -19.3466281891, 57.3246040344, 0.0797406435013, 15.3330106735, 4.59946012497], [-779.200134277, -214.721221924, 57.698184967, -38.3566474915, -20.9913654327, 30.2194004059, 24.630815506, -2.76150369644, 16.866312027, 0.0797406435013, 53.4595336914, -5.31327772141, -7.09538602829], [438.988006592, 254.136398315, 20.9332046509, 138.771713257, 88.5962600708, -59.7090797424, -57.1858901978, -13.6091775894, -46.9934616089, 15.3330106735, -5.31327772141, 97.3734436035, 30.1678543091], [42.1686019897, 54.5395202637, 22.3527202606, 69.0429077148, 36.8816833496, -21.6021175385, -18.04413414, -0.341479122639, -14.1752853394, 4.59946012497, -7.09538602829, 30.1678543091, 66.1802825928]],
        "icov": [[0.000130119209643, -0.000512028345838, 4.32055749116e-05, -5.80188279855e-05, 0.000618536316324, -0.000221926879021, 0.000273751677014, -0.000461445772089, -0.000120714001241, 0.000201803355594, 1.4016489331e-05, 0.000152237626025, -6.76700510667e-05], [-0.000512028345838, 0.00309899332933, 0.00141716806684, -0.00196803524159, -0.00169006292708, -0.000626804772764, -0.000254048762145, 0.000575215322897, 0.00219611218199, -0.00245329365134, 0.00125410105102, -0.00107853696682, 0.00128481525462], [4.32055749116e-05, 0.00141716806684, 0.00462693348527, -0.00445421272889, -7.1480339102e-05, -0.00414200173691, -0.000283869914711, -0.00181763060391, 0.00158526934683, -0.002835216932, 9.96514791041e-05, -0.000628976267762, 0.0013237351086], [-5.80188279855e-05, -0.00196803524159, -0.00445421272889, 0.0102395499125, -0.00643502827734, 0.00551398796961, -0.00199049431831, 0.00134293618612, -0.00166443432681, 0.00345605262555, -0.00119949539658, -0.000400405027904, -0.00321173132397], [0.000618536316324, -0.00169006292708, -7.1480339102e-05, -0.00643502827734, 0.0178293399513, -0.00183620734606, 0.00312616303563, -0.00289069418795, 0.00266396393999, -0.00112435501069, 0.00302277854644, -0.00369544373825, 0.000695498776622], [-0.000221926879021, -0.000626804772764, -0.00414200173691, 0.00551398796961, -0.00183620734606, 0.0193866807967, -0.00975084863603, 0.00483753345907, -0.000242207592237, 0.00359068973921, -0.00400907313451, 0.00370940007269, -0.00139996199869], [0.000273751677014, -0.000254048762145, -0.000283869914711, -0.00199049431831, 0.00312616303563, -0.00975084863603, 0.0171742793173, -0.00494961906224, 0.000802962924354, -0.000818331784103, 0.000587601040024, 0.00320767355151, 0.000769128964748], [-0.000461445772089, 0.000575215322897, -0.00181763060391, 0.00134293618612, -0.00289069418795, 0.00483753345907, -0.00494961906224, 0.0196159724146, -0.0035516412463, -0.00030191487167, -0.000801603018772, 0.00317987939343, -0.00130065763369], [-0.000120714001241, 0.00219611218199, 0.00158526934683, -0.00166443432681, 0.00266396393999, -0.000242207592237, 0.000802962924354, -0.0035516412463, 0.0157693158835, -0.0004489182611, 7.92986247689e-05, 0.00170061003882, 0.00074717507232], [0.000201803355594, -0.00245329365134, -0.002835216932, 0.00345605262555, -0.00112435501069, 0.00359068973921, -0.000818331784103, -0.00030191487167, -0.0004489182611, 0.0222917124629, -0.00351865123957, 0.000388040178223, -0.00138031912502], [1.4016489331e-05, 0.00125410105102, 9.96514791041e-05, -0.00119949539658, 0.00302277854644, -0.00400907313451, 0.000587601040024, -0.000801603018772, 7.92986247689e-05, -0.00351865123957, 0.0259363427758, -0.00551267247647, 0.0028933279682], [0.000152237626025, -0.00107853696682, -0.000628976267762, -0.000400405027904, -0.00369544373825, 0.00370940007269, 0.00320767355151, 0.00317987939343, 0.00170061003882, 0.000388040178223, -0.00551267247647, 0.0231458283961, -0.0052214092575], [-6.76700510667e-05, 0.00128481525462, 0.0013237351086, -0.00321173132397, 0.000695498776622, -0.00139996199869, 0.000769128964748, -0.00130065763369, 0.00074717507232, -0.00138031912502, 0.0028933279682, -0.0052214092575, 0.0193028412759]]
    },
    "spectral_contrast_coeffs": {
        "max": [-0.43875849247, -0.438483476639, -0.543418586254, -0.554061532021, -0.622921228409, -0.682774841785],
        "mean": [-0.763251304626, -0.770357251167, -0.787747740746, -0.788026273251, -0.790833055973, -0.81180202961],
        "min": [-0.983964145184, -0.983908951283, -0.987092792988, -0.975040256977, -0.972206890583, -0.965428769588],
        "stdev": [0.124641083181, 0.140300378203, 0.114734202623, 0.119642481208, 0.106926068664, 0.0871369019151]
    },
    "spectral_contrast_valleys": {
        "max": [-5.40397644043, -4.78697681427, -5.28912878036, -5.60825538635, -6.45344400406, -8.29396438599],
        "mean": [-12.0973863602, -11.5467720032, -12.0814733505, -12.1951494217, -12.535692215, -14.9201116562],
        "min": [-28.2898921967, -28.1184577942, -27.9549026489, -27.6731796265, -27.5739898682, -27.5013198853],
        "stdev": [8.6987953186, 8.95191764832, 8.67984676361, 8.60016536713, 8.39709758759, 7.0606637001]
    }
},
"rhythm": {
    "beats_count": 89,
    "beats_loudness": {
        "max": 0.0635371431708,
        "mean": 0.0255192257464,
        "min": 0,
        "stdev": 0.0189985893667
    },
    "bpm": 144.150878906,
    "bpm_histogram_first_peak_bpm": 144,
    "bpm_histogram_first_peak_weight": 0.513513565063,
    "bpm_histogram_second_peak_bpm": 123,
    "bpm_histogram_second_peak_spread": 0.515151500702,
    "bpm_histogram_second_peak_weight": 0.181818187237,
    "danceability": 0.825147092342,
    "onset_rate": 0.834334969521,
    "beats_loudness_band_ratio": {
        "max": [0.552995800972, 0.624661564827, 0.899177134037, 0.693806111813, 0.38889247179, 0.0770320668817],
        "mean": [0.106786929071, 0.122798278928, 0.254397034645, 0.177199482918, 0.122646421194, 0.0172125268728],
        "min": [0, 0, 0, 0, 0, 0],
        "stdev": [0.134939983487, 0.139977365732, 0.221515595913, 0.211982101202, 0.10115930438, 0.0177004691213]
    },
