{
"metadata": {
    "version": {
        "essentia": "2.1-beta5",
        "essentia_git_sha": "Undefined",
        "extractor": "music 2.0"
    },
    "audio_properties": {
        "analysis": {
            "equal_loudness": 0,
            "length": 39.7757835388,
            "sample_rate": 44100,
            "start_time": 175.240997314,
            "downmix": "mix"
        },
        "bit_rate": 192000,
        "length": 215.039993286,
        "lossless": 0,
        "number_channels": 2,
        "replay_gain": -6.51682090759,
        "sample_rate": 48000,
        "codec": "mp3",
        "md5_encoded": "37ad34153cc50607e3def6c1b6804170"
    },
    "tags": {
        "file_name": "Belgium_La Voix Est Libre_Frédéric Etherlinck.mp3",
        "encoding": ["Lavf58.29.100"]
    }
},
"lowlevel": {
    "average_loudness": 0.211321219802,
    "barkbands_crest": {
        "max": 24.8575954437,
        "mean": 9.13393306732,
        "min": 2.18609952927,
        "stdev": 4.28066587448
    },
    "barkbands_flatness_db": {
        "max": 0.370757222176,
        "mean": 0.161770239472,
        "min": 0.0477346777916,
        "stdev": 0.0831247344613
    },
    "barkbands_kurtosis": {
        "max": 76.6558914185,
        "mean": 4.54511165619,
        "min": -1.93363535404,
        "stdev": 8.23438072205
    },
    "barkbands_skewness": {
        "max": 6.4131937027,
        "mean": 0.432532548904,
        "min": -2.42566633224,
        "stdev": 1.70356798172
    },
    "barkbands_spread": {
        "max": 134.72505188,
        "mean": 18.0528450012,
        "min": 1.26128160954,
        "stdev": 12.1402978897
    },
    "dissonance": {
        "max": 0.499999970198,
        "mean": 0.448400855064,
        "min": 0.269210875034,
        "stdev": 0.0514267794788
    },
    "dynamic_complexity": 6.56062650681,
    "erbbands_crest": {
        "max": 30.0098438263,
        "mean": 9.65661144257,
        "min": 2.52109193802,
        "stdev": 5.7478928566
    },
    "erbbands_flatness_db": {
        "max": 0.349079042673,
        "mean": 0.18934738636,
        "min": 0.0806010663509,
        "stdev": 0.0697224065661
    },
    "erbbands_kurtosis": {
        "max": 38.6207695007,
        "mean": 1.86569201946,
        "min": -1.65695130825,
        "stdev": 4.70404052734
    },
    "erbbands_skewness": {
        "max": 5.02547264099,
        "mean": 0.331207603216,
        "min": -2.19753313065,
        "stdev": 1.10006225109
    },
    "erbbands_spread": {
        "max": 99.5036392212,
        "mean": 26.5259304047,
        "min": 4.19235801697,
        "stdev": 13.1121225357
    },
    "hfc": {
        "max": 84.4320907593,
        "mean": 12.2174654007,
        "min": 1.06676831537e-16,
        "stdev": 17.4671764374
    },
    "loudness_ebu128": {
        "integrated": -17.2438297272,
        "loudness_range": 14.9950914383,
        "momentary": {
            "max": -13.5937700272,
            "mean": -92.9345703125,
            "min": -300.691009521,
            "stdev": 121.31627655
        },
        "short_term": {
            "max": -14.296046257,
            "mean": -78.2318649292,
            "min": -300.691009521,
            "stdev": 111.864295959
        }
    },
    "melbands_crest": {
        "max": 38.8577728271,
        "mean": 9.84984207153,
        "min": 1.57184350491,
        "stdev": 6.53247356415
    },
    "melbands_flatness_db": {
        "max": 0.48776102066,
        "mean": 0.18111333251,
        "min": 0.00301341386512,
        "stdev": 0.133915275335
    },
    "melbands_kurtosis": {
        "max": 89.2509307861,
        "mean": 5.31332349777,
        "min": -1.66803371906,
        "stdev": 11.0464849472
    },
    "melbands_skewness": {
        "max": 6.91627883911,
        "mean": 1.22574400902,
        "min": -1.15877568722,
        "stdev": 1.31090867519
    },
    "melbands_spread": {
        "max": 172.390731812,
        "mean": 49.0987930298,
        "min": 1.60162067413,
        "stdev": 51.2429046631
    },
    "pitch_salience": {
        "max": 0.85724323988,
        "mean": 0.609459757805,
        "min": 0.0717788115144,
        "stdev": 0.140241518617
    },
    "silence_rate_20dB": {
        "max": 1,
        "mean": 1,
        "min": 1,
        "stdev": 0
    },
    "silence_rate_30dB": {
        "max": 1,
        "mean": 1,
        "min": 1,
        "stdev": 0
    },
    "silence_rate_60dB": {
        "max": 1,
        "mean": 0.514002323151,
        "min": 0,
        "stdev": 0.499807983637
    },
    "spectral_centroid": {
        "max": 11901.5253906,
        "mean": 3640.71411133,
        "min": 235.954803467,
        "stdev": 4416.27929688
    },
    "spectral_complexity": {
        "max": 45,
        "mean": 10.868727684,
        "min": 0,
        "stdev": 11.2668466568
    },
    "spectral_decrease": {
        "max": 2.22083580045e-28,
        "mean": -3.26160010111e-09,
        "min": -2.34665318288e-08,
        "stdev": 4.24177226677e-09
    },
    "spectral_energy": {
        "max": 0.0922824665904,
        "mean": 0.0134182069451,
        "min": 9.90935635871e-21,
        "stdev": 0.0174771975726
    },
    "spectral_energyband_high": {
        "max": 0.00958846695721,
        "mean": 0.000322885607602,
        "min": 6.97635889133e-21,
        "stdev": 0.000697574345395
    },
    "spectral_energyband_low": {
        "max": 0.0414589010179,
        "mean": 0.00160250393674,
        "min": 1.38842185669e-23,
        "stdev": 0.00309551740065
    },
    "spectral_energyband_middle_high": {
        "max": 0.0442074611783,
        "mean": 0.00410615280271,
        "min": 1.08639853896e-21,
        "stdev": 0.00648818351328
    },
    "spectral_energyband_middle_low": {
        "max": 0.0606029555202,
        "mean": 0.00755258835852,
        "min": 1.29407986688e-22,
        "stdev": 0.0107494173571
    },
    "spectral_entropy": {
        "max": 9.82821273804,
        "mean": 7.71804046631,
        "min": 5.44095659256,
        "stdev": 1.37642765045
    },
    "spectral_flux": {
        "max": 0.197526738048,
        "mean": 0.0387118980289,
        "min": 6.17833006977e-11,
        "stdev": 0.0416649915278
    },
    "spectral_kurtosis": {
        "max": 94.3175048828,
        "mean": 8.58913230896,
        "min": -1.28402459621,
        "stdev": 13.8593912125
    },
    "spectral_rms": {
        "max": 0.00948850251734,
        "mean": 0.00265067745931,
        "min": 3.10928691648e-12,
        "stdev": 0.00246267602779
    },
    "spectral_rolloff": {
        "max": 19702.8808594,
        "mean": 5797.20458984,
        "min": 21.533203125,
        "stdev": 7725.23730469
    },
    "spectral_skewness": {
        "max": 7.83895158768,
        "mean": 1.71425032616,
        "min": -0.104278057814,
        "stdev": 1.51341450214
    },
    "spectral_spread": {
        "max": 43748428,
        "mean": 13000868,
        "min": 756678,
        "stdev": 16398542
    },
    "spectral_strongpeak": {
        "max": 10.2086229324,
        "mean": 0.941922664642,
        "min": 0,
        "stdev": 1.44941556454
    },
    "zerocrossingrate": {
        "max": 0.62548828125,
        "mean": 0.164523437619,
        "min": 0.0048828125,
        "stdev": 0.201745897532
    },
    "barkbands": {
        "max": [0.000660952646285, 0.0356591977179, 0.0267092715949, 0.00957675371319, 0.0300298053771, 0.0415347144008, 0.0333451256156, 0.0494646392763, 0.0428647510707, 0.0254922881722, 0.0162078291178, 0.0174552574754, 0.0149035295472, 0.0119177810848, 0.0290242098272, 0.0145778050646, 0.00605259975418, 0.00510213151574, 0.00339777907357, 0.00253979070112, 0.00242236070335, 0.00412557739764, 0.00331447809003, 0.00232671410777, 0.000965636456385, 0.00018655724125, 6.65389677579e-07],
        "mean": [3.11624098686e-05, 0.00080205796985, 0.000632462848444, 0.000431510503404, 0.00171343726106, 0.00110492832027, 0.00132557074539, 0.00206952006556, 0.000837773608509, 0.000608578498941, 0.00031174212927, 0.00050456734607, 0.000408633903135, 0.000455704284832, 0.000780096568633, 0.000412724126363, 0.000188223159057, 0.000206339449505, 0.000165982128237, 0.000159421790158, 0.000104192971776, 7.55092696636e-05, 4.29311076005e-05, 2.93802531814e-05, 1.28788242364e-05, 2.8627730444e-06, 4.00645783216e-09],
        "min": [3.56562355821e-26, 1.84823996421e-24, 5.91310067904e-25, 4.94521765214e-25, 2.67940156332e-24, 3.71702304969e-24, 3.31593303332e-24, 4.17788071811e-24, 8.13049431613e-24, 7.88650279359e-24, 9.41255737019e-24, 1.5803813761e-23, 1.59158556753e-23, 2.5789188278e-23, 2.4666661298e-23, 4.77071962804e-23, 4.03062357962e-23, 6.01107655266e-23, 9.40557532009e-23, 1.32635084123e-22, 2.06648475497e-22, 2.7152473713e-22, 3.96988229966e-22, 4.59190253131e-22, 8.06481053861e-22, 1.1630783433e-21, 1.84638567092e-21],
        "stdev": [6.81441306369e-05, 0.00180664192885, 0.0013743583113, 0.000832430145238, 0.00310177938081, 0.00332108768634, 0.00360483070835, 0.00527779385448, 0.00278999982402, 0.00154001428746, 0.000970340857748, 0.00119762448594, 0.00112365325913, 0.00117643096019, 0.00218136166222, 0.00147189910058, 0.00054126890609, 0.000485572003527, 0.000329583213897, 0.000345950800693, 0.000220127258217, 0.000204885698622, 0.000148644729052, 0.000105439168692, 4.20742871938e-05, 8.87727765075e-06, 2.80373946282e-08]
    },
    "erbbands": {
        "max": [0.732307434082, 8.66673851013, 27.9747848511, 27.4159698486, 39.4061164856, 153.473754883, 233.482910156, 288.281524658, 452.818389893, 910.78112793, 1360.4510498, 1209.90856934, 251.093597412, 951.665466309, 939.821289062, 341.999298096, 768.185119629, 551.192016602, 1513.31958008, 666.951538086, 969.256286621, 340.412780762, 290.84463501, 130.931091309, 177.73928833, 169.437957764, 87.8709564209, 147.044494629, 201.64364624, 56.5692024231, 91.9385375977, 56.6613235474, 32.6363143921, 14.393491745, 4.98249387741, 1.34696125984, 0.188071995974, 0.00754299899563, 0.000285414687824, 0.00010476764146],
        "mean": [0.0191360618919, 0.194343417883, 0.733921527863, 1.00463688374, 3.33737778664, 6.02019453049, 9.43429470062, 8.37577056885, 16.7844467163, 23.3501033783, 49.4805908203, 18.8262634277, 15.2523880005, 20.7106380463, 18.9591770172, 16.7427978516, 18.9805622101, 21.3209171295, 50.483795166, 18.0865097046, 22.4748935699, 12.2013568878, 12.0881757736, 7.13788175583, 9.94212913513, 7.11996173859, 4.93886184692, 3.55721974373, 2.96795010567, 1.59370625019, 1.17900896072, 0.739524126053, 0.422297745943, 0.181155890226, 0.071857072413, 0.0205879528075, 0.00420301361009, 0.000164634722751, 1.29212266984e-05, 1.68007136381e-05],
        "min": [5.43784541163e-23, 4.15008135448e-22, 8.43786626857e-22, 2.83123203772e-21, 5.76131942878e-21, 1.09721590456e-20, 1.77698800442e-20, 4.87690244148e-20, 7.08212007187e-20, 1.14012526876e-19, 1.86600094245e-19, 1.88978665021e-19, 3.36738015389e-19, 4.83154438033e-19, 6.3577949741e-19, 7.22122057314e-19, 1.15711638572e-18, 1.74347049736e-18, 2.02961812064e-18, 2.16662011639e-18, 2.56884475425e-18, 3.21638738036e-18, 3.74298606795e-18, 5.54711165168e-18, 6.12599704617e-18, 6.91874792009e-18, 6.84270603356e-18, 8.74203266117e-18, 9.1729342033e-18, 9.66921113797e-18, 1.08209104213e-17, 1.0131955825e-17, 8.53805653956e-18, 6.92310013088e-18, 6.19431017065e-18, 3.66042186229e-18, 2.20390673007e-18, 8.93417617091e-19, 2.37640485536e-19, 2.53059009369e-20],
        "stdev": [0.0424550063908, 0.449238538742, 1.50270617008, 1.95637977123, 5.84944725037, 13.699962616, 25.1395835876, 22.1903972626, 48.025390625, 66.2151947021, 130.409133911, 61.3681221008, 27.0577640533, 54.6298217773, 57.7555923462, 34.0176963806, 49.7509498596, 50.4161567688, 131.910919189, 47.9234275818, 77.6351928711, 31.6227359772, 28.6079921722, 13.363158226, 20.6253585815, 14.6979446411, 9.9695482254, 8.25015926361, 8.73548793793, 4.05689764023, 4.36278915405, 2.75389552116, 1.49477541447, 0.616358458996, 0.220979511738, 0.0656203851104, 0.011488167569, 0.000465587305371, 2.17146407522e-05, 2.19752728299e-05]
    },
    "gfcc": {
        "mean": [-396.473083496, 99.8583526611, -95.8033676147, 15.9619417191, -52.1653518677, 6.46844482422, -28.1787281036, 1.67507958412, -14.2039165497, -4.95347356796, -7.37280750275, -9.26080989838, -4.42130279541],
        "cov": [[280438.25, 27479.5429688, -31183.8554688, 6144.55029297, -16255.7412109, 2519.79418945, -8967.01171875, 1167.99536133, -4704.19970703, -575.822753906, -2684.35424805, -2474.98681641, -1661.00866699], [27479.5429688, 5376.81396484, -2858.47436523, 47.8242225647, -1637.08435059, 21.3621234894, -755.206970215, -226.626953125, -334.745544434, -451.371643066, -109.048072815, -562.17767334, -69.3741455078], [-31183.8554688, -2858.47436523, 3973.01928711, -611.500732422, 1693.42456055, -282.867431641, 969.990722656, -142.694854736, 528.465637207, 41.2722625732, 349.750335693, 292.478607178, 168.721252441], [6144.55029297, 47.8242225647, -611.500732422, 490.046264648, -345.430541992, 72.9989700317, -248.660003662, 76.5583953857, -100.778778076, 58.7572555542, -69.2509155273, 24.1487979889, -34.5473899841], [-16255.7412109, -1637.08435059, 1693.42456055, -345.430541992, 1227.60974121, -74.0413131714, 621.150390625, -43.6430587769, 291.759887695, 140.69418335, 97.5258712769, 124.046829224, 85.8518600464], [2519.79418945, 21.3621234894, -282.867431641, 72.9989700317, -74.0413131714, 192.84085083, -0.482460200787, 35.2143592834, -85.5570907593, 63.0642204285, -43.6612625122, 4.45502471924, -35.6801795959], [-8967.01171875, -755.206970215, 969.990722656, -248.660003662, 621.150390625, -0.482460200787, 482.289337158, -29.4758663177, 147.640899658, 85.0306854248, 93.5477523804, 59.2741355896, 20.5860042572], [1167.99536133, -226.626953125, -142.694854736, 76.5583953857, -43.6430587769, 35.2143592834, -29.4758663177, 133.321990967, -10.9344844818, 62.8294563293, -22.4157447815, 23.5339660645, -26.2864437103], [-4704.19970703, -334.745544434, 528.465637207, -100.778778076, 291.759887695, -85.5570907593, 147.640899658, -10.9344844818, 161.831542969, 14.3122644424, 45.7224731445, 22.7582397461, 38.0509796143], [-575.822753906, -451.371643066, 41.2722625732, 58.7572555542, 140.69418335, 63.0642204285, 85.0306854248, 62.8294563293, 14.3122644424, 180.870773315, -16.691450119, 24.7369594574, -43.4046401978], [-2684.35424805, -109.048072815, 349.750335693, -69.2509155273, 97.5258712769, -43.6612625122, 93.5477523804, -22.4157447815, 45.7224731445, -16.691450119, 114.620536804, 18.1820411682, 15.8613119125], [-2474.98681641, -562.17767334, 292.478607178, 24.1487979889, 124.046829224, 4.45502471924, 59.2741355896, 23.5339660645, 22.7582397461, 24.7369594574, 18.1820411682, 119.636993408, 26.9284725189], [-1661.00866699, -69.3741455078, 168.721252441, -34.5473899841, 85.8518600464, -35.6801795959, 20.5860042572, -26.2864437103, 38.0509796143, -43.4046401978, 15.8613119125, 26.9284725189, 77.2933807373]],
        "icov": [[0.000414524343796, -0.00128637871239, 0.00103005999699, -0.00108910130803, 0.00124098174274, -0.000905620632693, 0.00127470854204, -0.00140709255356, 0.00118375488091, -0.00205951137468, 0.00131522980519, -0.00158794503659, 0.000947698659729], [-0.00128637871239, 0.00496212532744, -0.00272734905593, 0.00354336388409, -0.00302717881277, 0.00247105932795, -0.00447250064462, 0.00541463587433, -0.00445107882842, 0.00754953734577, -0.00457724742591, 0.00760071445256, -0.0033952400554], [0.00103005999699, -0.00272734905593, 0.00392965180799, -0.00253597134724, 0.00257672509179, -0.00202924362384, 0.00251215905882, -0.00249445461668, 0.00152682734188, -0.00389405386522, 0.00161222484894, -0.00433497270569, 0.00290119252168], [-0.00108910130803, 0.00354336388409, -0.00253597134724, 0.0066571678035, -0.00265210890211, 0.00178865180351, -0.00163468066603, 0.00370148476213, -0.00351156853139, 0.00362474448048, -0.00351683166809, 0.00281047425233, -0.00274048419669], [0.00124098174274, -0.00302717881277, 0.00257672509179, -0.00265210890211, 0.00888440385461, -0.00270062475465, 0.000254808255704, -0.0029344628565, 0.00123634852935, -0.00767426611856, 0.00618141284212, -0.00248294649646, -0.000361067097401], [-0.000905620632693, 0.00247105932795, -0.00202924362384, 0.00178865180351, -0.00270062475465, 0.0118582304567, -0.0056884190999, 0.0021145499777, 0.00332850962877, 0.00192107527982, -0.000729176623281, 0.00184933410492, -0.00236121867783], [0.00127470854204, -0.00447250064462, 0.00251215905882, -0.00163468066603, 0.000254808255704, -0.0056884190999, 0.013211610727, -0.00424234755337, 0.00286330073141, -0.00805503688753, 0.000907497305889, -0.00645923614502, 0.00542521523312], [-0.00140709255356, 0.00541463587433, -0.00249445461668, 0.00370148476213, -0.0029344628565, 0.0021145499777, -0.00424234755337, 0.0167834833264, -0.00730954250321, 0.00527344783768, -0.00479784840718, 0.00477727036923, -0.00132537144236], [0.00118375488091, -0.00445107882842, 0.00152682734188, -0.00351156853139, 0.00123634852935, 0.00332850962877, 0.00286330073141, -0.00730954250321, 0.0210049413145, -0.00862624868751, 0.00425490038469, -0.003375047585, -0.00142618152313], [-0.00205951137468, 0.00754953734577, -0.00389405386522, 0.00362474448048, -0.00767426611856, 0.00192107527982, -0.00805503688753, 0.00527344783768, -0.00862624868751, 0.0238465443254, -0.00699162716046, 0.00990749709308, 0.00160864554346], [0.00131522980519, -0.00457724742591, 0.00161222484894, -0.00351683166809, 0.00618141284212, -0.000729176623281, 0.000907497305889, -0.00479784840718, 0.00425490038469, -0.00699162716046, 0.0188618805259, -0.00615410367027, 0.00224110600539], [-0.00158794503659, 0.00760071445256, -0.00433497270569, 0.00281047425233, -0.00248294649646, 0.00184933410492, -0.00645923614502, 0.00477727036923, -0.003375047585, 0.00990749709308, -0.00615410367027, 0.0280015598983, -0.0108945323154], [0.000947698659729, -0.0033952400554, 0.00290119252168, -0.00274048419669, -0.000361067097401, -0.00236121867783, 0.00542521523312, -0.00132537144236, -0.00142618152313, 0.00160864554346, 0.00224110600539, -0.0108945323154, 0.0250547677279]]
    },
    "melbands": {
        "max": [0.00856297183782, 0.0108966380358, 0.0036431744229, 0.0058396612294, 0.0070108640939, 0.00690377270803, 0.00665537454188, 0.00938883330673, 0.010829702951, 0.00654215551913, 0.00124427885748, 0.00419733813033, 0.00267149531282, 0.00224973121658, 0.00138752697967, 0.00174669106491, 0.000923176703509, 0.00205354276113, 0.00166499509942, 0.00134199124295, 0.00113593402784, 0.0003759454994, 0.000467531470349, 0.000180265356903, 0.00011891037866, 0.00013087336265, 0.000153657078044, 0.000115969094622, 7.90371996118e-05, 4.13417401433e-05, 0.000106756982859, 0.000136782386107, 4.49932776974e-05, 3.72444883396e-05, 6.11372670392e-05, 4.31070948252e-05, 3.59136101906e-05, 3.0156406865e-05, 1.04255523183e-05, 1.24294756461e-05],
        "mean": [0.000191783678019, 0.00033447550959, 0.000250720826443, 0.000328980851918, 0.000330797251081, 0.000196160995984, 0.000260990404058, 0.000292812299449, 0.000378325552447, 0.000102538106148, 7.67406090745e-05, 8.78030841704e-05, 5.2525781939e-05, 6.68287320877e-05, 2.98320555885e-05, 4.96615029988e-05, 3.36719458573e-05, 7.72987768869e-05, 4.30772852269e-05, 2.17931556108e-05, 2.6540039471e-05, 1.03898646557e-05, 1.47263581312e-05, 7.80614846008e-06, 5.27587872057e-06, 7.31250247554e-06, 7.14875977792e-06, 3.94340759158e-06, 3.5768584894e-06, 1.98031398213e-06, 2.08951109926e-06, 1.84647046808e-06, 1.12042209821e-06, 8.16359374767e-07, 7.19034687791e-07, 5.3533051414e-07, 4.25716393693e-07, 3.30044514385e-07, 1.96748743519e-07, 1.37412968115e-07],
        "min": [1.19637747557e-24, 6.62237981703e-25, 8.8945664507e-25, 8.84546774796e-25, 6.90951088843e-25, 9.50539919898e-25, 9.77524879314e-25, 1.58733417918e-24, 1.72033504312e-24, 1.23185659339e-24, 1.43722676791e-24, 1.8859114251e-24, 1.69911961515e-24, 1.12193148865e-24, 2.13377369088e-24, 1.60839370851e-24, 3.05684172697e-24, 2.19950828682e-24, 2.5317725558e-24, 1.74655776568e-24, 2.71561954799e-24, 2.54217368683e-24, 2.7519974742e-24, 1.9318298351e-24, 3.42967297078e-24, 3.55879924578e-24, 3.09420454603e-24, 3.25785551575e-24, 3.59534835481e-24, 4.20783534441e-24, 5.26480522219e-24, 4.93178285789e-24, 4.19774739115e-24, 5.05660431892e-24, 4.2667123725e-24, 5.56584834869e-24, 4.69868392673e-24, 5.12789565108e-24, 5.78936340872e-24, 5.43605588067e-24],
        "stdev": [0.000436515576439, 0.000669287343044, 0.000425345875556, 0.000613413052633, 0.000787866942119, 0.000531952129677, 0.000721876858734, 0.00075397558976, 0.00102986767888, 0.000329721631715, 0.000140742122312, 0.000238668668317, 0.000160991083249, 0.000157710033818, 8.39289423311e-05, 0.000141749027534, 8.15122475615e-05, 0.000202548020752, 0.000118888936413, 9.87182429526e-05, 9.5654562756e-05, 3.02665321215e-05, 3.67878928955e-05, 1.83098272828e-05, 1.02701251308e-05, 1.47283690239e-05, 1.71015362866e-05, 8.6906929937e-06, 7.5694856605e-06, 4.36371055912e-06, 5.19794321008e-06, 5.60303851671e-06, 3.138548891e-06, 2.17388446799e-06, 2.83963959191e-06, 2.14354031414e-06, 1.61901130014e-06, 1.28882459194e-06, 6.10271854384e-07, 4.90643344619e-07]
    },
    "melbands128": {
        "max": [0.000498521723785, 0.00405527418479, 0.0128236403689, 0.0156555511057, 0.0148980151862, 0.0116316117346, 0.00710682664067, 0.00350039661862, 0.00539310276508, 0.00917270220816, 0.011091160588, 0.0118183661252, 0.011530417949, 0.0191436056048, 0.00919437035918, 0.00362867605872, 0.00654131872579, 0.0128386504948, 0.0141934622079, 0.0172827206552, 0.0101384799927, 0.0165561661124, 0.0199739187956, 0.0140134757385, 0.014740999788, 0.00219113775529, 0.00407330645248, 0.00077288702596, 0.00283928913996, 0.00841879658401, 0.00348407006823, 0.00324726081453, 0.00518280593678, 0.00630764709786, 0.00456160958856, 0.00123191508465, 0.00126816891134, 0.0025895871222, 0.00196299399249, 0.00378115405329, 0.00331329461187, 0.00266549503431, 0.00118149037007, 0.000411777611589, 0.00263332622126, 0.0029196543619, 0.00776430452242, 0.00154564925469, 0.00100681651384, 0.00235465029255, 0.00287972460501, 0.00199753371999, 0.00286970916204, 0.00200281525031, 0.000659387907945, 0.00043313705828, 0.000692944217008, 0.000599148334004, 0.000659209676087, 0.000602367625106, 0.000245537084993, 0.000230038815062, 0.000172427826328, 0.000156419235282, 0.000310681993142, 0.000176119458047, 0.000215557171032, 0.000280298263533, 0.000249428354437, 0.000151321306475, 0.000241670291871, 0.000182703137398, 0.000117914532893, 0.00016318813141, 5.84619883739e-05, 6.63043247187e-05, 6.8521425419e-05, 8.11101053841e-05, 0.000184558695764, 9.42885599216e-05, 0.000111230408947, 0.00018602097407, 8.77024576766e-05, 4.05644459534e-05, 3.25693363266e-05, 1.81105679076e-05, 4.12699264416e-05, 0.000107101390313, 7.36109213904e-05, 6.22326697339e-05, 5.21335714438e-05, 4.92159779242e-05, 3.29736176354e-05, 2.72497672995e-05, 5.52905730729e-05, 4.65919511043e-05, 3.48374633177e-05, 1.02570566014e-05, 9.51834317675e-06, 1.21480543385e-05, 1.32974728331e-05, 1.3110715372e-05, 1.22642222777e-05, 4.27871736974e-06, 7.03149999026e-06, 4.69620454169e-06, 2.72367992693e-06, 4.7837661441e-06, 2.22757603296e-06, 1.6714237745e-06, 1.31485910515e-06, 1.25215274238e-06, 7.16443082638e-07, 2.41691935798e-07, 6.20440729904e-08, 7.7210138727e-08, 1.93097076107e-08, 2.80616774262e-09, 2.78763723216e-09, 2.79816969595e-09, 2.79372036616e-09, 2.7917308465e-09, 2.78984924051e-09, 2.7902882227e-09, 2.7833468863e-09, 2.76291678425e-09, 2.76124723086e-09, 2.75422906704e-09],
        "mean": [2.77646795439e-05, 0.000145834914292, 0.000218753382796, 0.000356140895747, 0.000413249508711, 0.000274509220617, 0.00015988299856, 0.000259421154624, 0.000369722663891, 0.000291002070298, 0.000345336651662, 0.000356808450306, 0.00032524188282, 0.000319024606142, 0.000164689889061, 0.000141698910738, 0.000207611810765, 0.000339016405633, 0.000243602524279, 0.0002246441436, 0.000290882133413, 0.000554324302357, 0.00042633904377, 0.000180534945684, 9.84717044048e-05, 6.04334964009e-05, 0.000112503890705, 4.26994156442e-05, 8.48013223731e-05, 0.000131030916236, 7.40120303817e-05, 3.48662942997e-05, 4.42329510406e-05, 6.37707998976e-05, 9.99079420581e-05, 5.90229028603e-05, 2.74019002973e-05, 2.22196194954e-05, 3.81728750654e-05, 4.19886528107e-05, 4.716706826e-05, 6.91990644555e-05, 3.05157518596e-05, 1.17950730782e-05, 4.64887380076e-05, 7.21447577234e-05, 0.000161706164363, 2.06079112104e-05, 1.23587769849e-05, 1.40613592521e-05, 2.76523496723e-05, 2.01401326194e-05, 4.14228197769e-05, 2.07329721889e-05, 1.03714883153e-05, 7.94754487288e-06, 1.22908741105e-05, 1.58791717695e-05, 1.66440713656e-05, 1.02596277429e-05, 7.10499534762e-06, 6.50280207992e-06, 4.0061108848e-06, 4.30561476605e-06, 8.53160599945e-06, 6.45997306492e-06, 7.89343175711e-06, 7.39144616091e-06, 7.09473533789e-06, 6.91053264745e-06, 3.02125135931e-06, 3.259376399e-06, 3.44989348378e-06, 4.73925911137e-06, 1.98214002012e-06, 1.94848144019e-06, 1.87218063274e-06, 1.95433767658e-06, 2.28011549552e-06, 2.13062162402e-06, 1.84498856015e-06, 1.88042861282e-06, 1.35318111916e-06, 1.11324413865e-06, 8.86359885044e-07, 6.44086128432e-07, 9.50973515046e-07, 8.16478916477e-07, 7.15664270956e-07, 6.19478100816e-07, 6.1056806544e-07, 4.96882762491e-07, 4.32125375482e-07, 4.25428936524e-07, 4.35500709273e-07, 3.75387884333e-07, 3.31086880578e-07, 2.22248786486e-07, 2.03629738849e-07, 1.82719674058e-07, 1.41811653975e-07, 1.31881193965e-07, 1.29944041305e-07, 9.48575689108e-08, 8.00452184535e-08, 6.27414706855e-08, 5.23024823451e-08, 4.16649825752e-08, 3.33463745505e-08, 2.35062529441e-08, 2.48125697766e-08, 1.72709100354e-08, 1.42312943652e-08, 4.54616566614e-09, 6.84156065134e-10, 6.40777708671e-10, 1.47191120403e-10, 4.24757624906e-12, 4.07503805006e-12, 4.0014489118e-12, 3.89406562551e-12, 3.8480477485e-12, 3.80282003803e-12, 3.75611434317e-12, 3.68144707427e-12, 3.57822083595e-12, 3.52375073565e-12, 3.50398616372e-12],
        "min": [2.49366882379e-26, 2.48765634784e-25, 8.28992971179e-26, 2.88838536174e-25, 1.03626173668e-25, 3.09765388964e-25, 3.08520960886e-25, 1.92820469876e-25, 1.63523371474e-25, 3.23233857718e-25, 3.42614765001e-25, 7.45825029945e-26, 1.5798623352e-25, 3.1081356324e-25, 2.84243495357e-25, 3.42477379944e-25, 5.78645744236e-25, 4.5452134042e-25, 3.1177695962e-25, 2.94328219213e-25, 6.76051527799e-25, 2.58352612061e-25, 4.30240892011e-25, 2.58578891882e-25, 5.72315628509e-25, 6.14615829362e-25, 2.0200218219e-25, 6.4390219186e-25, 6.34822156322e-25, 7.32251457801e-25, 6.64528833772e-25, 7.1506143912e-25, 6.93674532511e-25, 7.10508084671e-25, 5.32345476252e-25, 4.92760534636e-25, 5.70630572312e-25, 6.58177616016e-25, 7.27103992483e-25, 6.61795134913e-25, 1.01342672797e-24, 6.62154954093e-25, 9.33721405399e-25, 1.07981489517e-24, 9.11867197311e-25, 1.17290797617e-24, 5.6672349216e-25, 1.39448233976e-24, 1.22965369931e-24, 8.64744886961e-25, 1.31220118911e-24, 7.93631048507e-25, 8.93088757893e-25, 1.30540377191e-24, 5.48678249649e-25, 1.1349128851e-24, 1.61706043024e-24, 8.1108789939e-25, 8.18669986677e-25, 1.62497260651e-24, 1.29374213975e-24, 7.28969056879e-25, 1.10592914936e-24, 1.14805491335e-24, 2.49044827449e-24, 1.3154986277e-24, 2.09127124582e-24, 1.22738039939e-24, 1.6628280692e-24, 1.85146186936e-24, 1.96226487768e-24, 1.74371135832e-24, 1.784379899e-24, 2.24794237425e-24, 2.04162231259e-24, 2.05302509976e-24, 2.00881516527e-24, 2.20822164995e-24, 2.07165799435e-24, 2.43421767752e-24, 2.66701131952e-24, 3.2261632261e-24, 3.05729473035e-24, 2.3936676632e-24, 2.38389998747e-24, 3.53095758342e-24, 3.14864640089e-24, 3.25671186465e-24, 1.98630146946e-24, 3.45040186879e-24, 2.49830809012e-24, 2.86282651493e-24, 3.261816978e-24, 3.21528641194e-24, 2.99976310453e-24, 3.23014855139e-24, 2.83792710653e-24, 2.85159412172e-24, 2.93418647799e-24, 2.9874515496e-24, 2.04906837068e-24, 3.40395847186e-24, 4.396992751e-24, 3.5767643696e-24, 4.63396222819e-24, 3.9712516202e-24, 3.93718347871e-24, 4.24637356621e-24, 3.71539681293e-24, 3.75609651362e-24, 4.18654596073e-24, 4.70177507819e-24, 4.59131916867e-24, 4.56832071784e-24, 3.92688923833e-24, 4.38512276096e-24, 4.4819234882e-24, 4.76118853169e-24, 4.76484963515e-24, 4.17106298774e-24, 4.28341886875e-24, 4.51081315228e-24, 5.37435394167e-24, 4.69673820131e-24, 4.48285789395e-24, 4.75425286661e-24, 5.14204466028e-24, 5.15784712193e-24],
        "stdev": [6.23288506176e-05, 0.000316187943099, 0.000618432939518, 0.000824832532089, 0.000846234965138, 0.000617849524133, 0.000408466876252, 0.000497784174513, 0.000712074921466, 0.000777915818617, 0.000945411564317, 0.000970526481979, 0.000962270889431, 0.00145147333387, 0.000583812652621, 0.000339489110047, 0.000685459934175, 0.0011930684559, 0.000788632198237, 0.00111788755748, 0.000893508491572, 0.00158808392007, 0.00153687770944, 0.000966969586443, 0.000560239015613, 0.000147833896335, 0.000278710591374, 8.81550004124e-05, 0.00022848007211, 0.000436770555098, 0.000227264099522, 0.000127974955831, 0.000191351631656, 0.000339163583703, 0.000288951880066, 0.000125927093904, 0.000103692735138, 9.51500551309e-05, 0.000132453642436, 0.000161649761139, 0.000191689192434, 0.000225140654948, 8.76982885529e-05, 3.53440118488e-05, 0.000188324964256, 0.000214542465983, 0.000542208785191, 7.56176013965e-05, 4.43626377091e-05, 9.92271379801e-05, 0.000175748049514, 0.000113113033876, 0.000183644922799, 9.32129696594e-05, 5.04863673996e-05, 2.91806354653e-05, 4.41310294264e-05, 4.85267446493e-05, 5.24988936377e-05, 3.92629335693e-05, 1.89699094335e-05, 1.61037423823e-05, 1.04372502392e-05, 1.04477203422e-05, 2.17577689909e-05, 1.52065713337e-05, 2.00384893105e-05, 2.30434307014e-05, 2.07081648114e-05, 1.72627824213e-05, 9.48572869675e-06, 1.07469932118e-05, 8.4596722445e-06, 1.17257050078e-05, 4.99304269397e-06, 5.17504713571e-06, 4.89067451781e-06, 5.14386601935e-06, 7.19995432519e-06, 5.36963671038e-06, 5.39106622455e-06, 7.03977866578e-06, 5.0537100833e-06, 3.14186854666e-06, 2.45383057518e-06, 1.59907108355e-06, 2.60594288193e-06, 3.81167251362e-06, 3.1536901588e-06, 2.42284204433e-06, 2.56014072875e-06, 2.36438222601e-06, 1.51669189563e-06, 1.59528951826e-06, 1.98618772629e-06, 1.77765411991e-06, 1.27366649849e-06, 6.92308674388e-07, 6.22515074156e-07, 6.52857238492e-07, 5.42814973414e-07, 4.90366176109e-07, 4.89252670377e-07, 2.60249123585e-07, 2.71466547019e-07, 2.06485722742e-07, 1.81363631668e-07, 1.82434078511e-07, 1.05775981751e-07, 7.9253510421e-08, 7.17321952948e-08, 6.20596765089e-08, 4.26749302562e-08, 1.58193014244e-08, 3.58932816802e-09, 3.4833478324e-09, 7.97520716134e-10, 6.80042827605e-11, 6.74985137228e-11, 6.7758340605e-11, 6.76244407694e-11, 6.75687075735e-11, 6.75152503349e-11, 6.75208292056e-11, 6.734866137e-11, 6.68536545567e-11, 6.68118338432e-11, 6.66415048145e-11]
    },
    "mfcc": {
        "mean": [-865.850219727, 116.255989075, -0.722403466702, 9.10804748535, -5.18911409378, -1.28769922256, -3.83625483513, 0.300311177969, -4.05084609985, 1.56666839123, -1.07314562798, -1.49961316586, -4.52727890015],
        "cov": [[70028.65625, 12348.984375, -1583.79931641, 1774.91577148, -817.67175293, 73.3469161987, -481.638366699, -85.6676635742, -350.203155518, 539.248413086, 14.8235054016, -97.783782959, -356.381225586], [12348.984375, 6908.08251953, 295.027099609, 165.291320801, -225.578277588, -48.9956130981, -80.3311233521, 12.4908761978, -169.824890137, 62.428894043, 14.6520404816, -119.31338501, -302.456420898], [-1583.79931641, 295.027099609, 707.063049316, 25.4399490356, 5.94604730606, -67.6784210205, -43.5133934021, 44.5501899719, -116.14730835, -70.6532592773, -52.6200065613, 21.8176841736, 6.0395283699], [1774.91577148, 165.291320801, 25.4399490356, 242.192855835, 25.4068889618, -3.53049516678, -42.7592315674, -19.8102111816, -2.31397676468, 16.9226989746, -14.9716463089, 25.9230957031, 20.2557010651], [-817.67175293, -225.578277588, 5.94604730606, 25.4068889618, 144.196884155, -4.511926651, -21.9369297028, -8.41763877869, 36.4041900635, -7.65918493271, -28.6453971863, 8.2690820694, 6.51009845734], [73.3469161987, -48.9956130981, -67.6784210205, -3.53049516678, -4.511926651, 178.158218384, 90.0316390991, -12.5972480774, 45.8634986877, 25.0243778229, 41.4685325623, -25.6057701111, 14.397600174], [-481.638366699, -80.3311233521, -43.5133934021, -42.7592315674, -21.9369297028, 90.0316390991, 168.772857666, 9.93504524231, 25.1782627106, 44.6704978943, 49.5288467407, 14.585105896, 19.866765976], [-85.6676635742, 12.4908761978, 44.5501899719, -19.8102111816, -8.41763877869, -12.5972480774, 9.93504524231, 80.8530731201, -2.22530412674, -24.2034950256, -14.3917369843, -2.26390266418, 4.93973207474], [-350.203155518, -169.824890137, -116.14730835, -2.31397676468, 36.4041900635, 45.8634986877, 25.1782627106, -2.22530412674, 114.016090393, 33.8709945679, 11.4215936661, -10.1271791458, 15.0081501007], [539.248413086, 62.428894043, -70.6532592773, 16.9226989746, -7.65918493271, 25.0243778229, 44.6704978943, -24.2034950256, 33.8709945679, 112.050285339, 59.9395599365, 16.5027713776, 5.06024456024], [14.8235054016, 14.6520404816, -52.6200065613, -14.9716463089, -28.6453971863, 41.4685325623, 49.5288467407, -14.3917369843, 11.4215936661, 59.9395599365, 88.3309249878, 5.83192682266, 0.155483067036], [-97.783782959, -119.31338501, 21.8176841736, 25.9230957031, 8.2690820694, -25.6057701111, 14.585105896, -2.26390266418, -10.1271791458, 16.5027713776, 5.83192682266, 71.1428070068, 25.541765213], [-356.381225586, -302.456420898, 6.0395283699, 20.2557010651, 6.51009845734, 14.397600174, 19.866765976, 4.93973207474, 15.0081501007, 5.06024456024, 0.155483067036, 25.541765213, 69.0795822144]],
        "icov": [[3.9652135456e-05, -6.18536141701e-05, 0.000152787077241, -0.000232708902331, 0.00015044779866, -0.000117449038953, 0.00013658926764, -0.000135787704494, 0.000201357674086, -0.000230860110605, 0.000192335093743, -1.8605902369e-05, -5.10364843649e-05], [-6.18536141701e-05, 0.000310674542561, -0.000334094307618, 0.000117686635349, 7.37572554499e-05, 0.000130121421535, -0.000228623976, 8.00900452305e-05, -0.000207819466596, 3.89517190342e-05, -0.000129629130242, 0.000183082098374, 0.00103669683449], [0.000152787077241, -0.000334094307618, 0.00249375682324, -0.000917150406167, -4.10638240282e-05, -0.000439028575784, 0.000581698608585, -0.00138097244781, 0.00269902660511, -0.000563618785236, 0.00105645181611, -0.000297668186249, -0.00103424617555], [-0.000232708902331, 0.000117686635349, -0.000917150406167, 0.00680442294106, -0.00158786971588, -0.000775931286626, 0.0014999298146, 0.00142779329326, -0.000675155373756, -0.00037115055602, 0.000344235479133, -0.00203455216251, -0.00189703912474], [0.00015044779866, 7.37572554499e-05, -4.10638240282e-05, -0.00158786971588, 0.00992767699063, -0.000832811638247, 0.00129078840837, 0.000668614113238, -0.00312973977998, -0.000962356105447, 0.00384985562414, -0.00198161765002, 0.00186172383837], [-0.000117449038953, 0.000130121421535, -0.000439028575784, -0.000775931286626, -0.000832811638247, 0.0111956689507, -0.00625701714307, 0.00278604752384, -0.00319379335269, 0.00330083421431, -0.00416856491938, 0.00585783878341, -0.00212940224446], [0.00013658926764, -0.000228623976, 0.000581698608585, 0.0014999298146, 0.00129078840837, -0.00625701714307, 0.0119519876316, -0.00331458426081, 0.00100131763611, -0.00364663731307, -0.000629835936707, -0.00443895580247, -0.00111257063691], [-0.000135787704494, 8.00900452305e-05, -0.00138097244781, 0.00142779329326, 0.000668614113238, 0.00278604752384, -0.00331458426081, 0.0156090604141, -0.00300584314391, 0.00443538604304, 5.28277632839e-05, 0.00103259866592, -0.0015081622405], [0.000201357674086, -0.000207819466596, 0.00269902660511, -0.000675155373756, -0.00312973977998, -0.00319379335269, 0.00100131763611, -0.00300584314391, 0.016070259735, -0.00632113683969, 0.00295316963457, 0.00289419759065, -0.00312666641548], [-0.000230860110605, 3.89517190342e-05, -0.000563618785236, -0.00037115055602, -0.000962356105447, 0.00330083421431, -0.00364663731307, 0.00443538604304, -0.00632113683969, 0.0200426056981, -0.0120896240696, -0.00233792886138, 6.87576975906e-05], [0.000192335093743, -0.000129629130242, 0.00105645181611, 0.000344235479133, 0.00384985562414, -0.00416856491938, -0.000629835936707, 5.28277632839e-05, 0.00295316963457, -0.0120896240696, 0.023484479636, -0.00151845312212, 0.00166732142679], [-1.8605902369e-05, 0.000183082098374, -0.000297668186249, -0.00203455216251, -0.00198161765002, 0.00585783878341, -0.00443895580247, 0.00103259866592, 0.00289419759065, -0.00233792886138, -0.00151845312212, 0.0220885146409, -0.0071243676357], [-5.10364843649e-05, 0.00103669683449, -0.00103424617555, -0.00189703912474, 0.00186172383837, -0.00212940224446, -0.00111257063691, -0.0015081622405, -0.00312666641548, 6.87576975906e-05, 0.00166732142679, -0.0071243676357, 0.0233993586153]]
    },
    "spectral_contrast_coeffs": {
        "max": [-0.432626575232, -0.445964396, -0.561955034733, -0.584882855415, -0.61070227623, -0.605571806431],
        "mean": [-0.764465928078, -0.787337660789, -0.795937478542, -0.816233873367, -0.834862470627, -0.817762434483],
        "min": [-0.985421419144, -0.987505733967, -0.981531143188, -0.97551202774, -0.970822691917, -0.96544277668],
        "stdev": [0.135183483362, 0.123436555266, 0.110848076642, 0.102928884327, 0.0862863883376, 0.0979263409972]
    },
    "spectral_contrast_valleys": {
        "max": [-5.42658281326, -4.98969745636, -5.65590763092, -6.0861287117, -6.0966424942, -8.00546646118],
        "mean": [-12.4800281525, -12.3526144028, -13.0022296906, -13.4243011475, -13.5691213608, -15.6788463593],
        "min": [-28.3123435974, -28.0568981171, -27.9548721313, -27.7984542847, -27.5311527252, -27.4654064178],
        "stdev": [8.80150032043, 8.87969303131, 8.53321743011, 8.29796791077, 8.25790786743, 7.01747179031]
    }
},
"rhythm": {
    "beats_count": 84,
    "beats_loudness": {
        "max": 0.0657752305269,
        "mean": 0.016695395112,
        "min": 0,
        "stdev": 0.0187694374472
    },
    "bpm": 113.486557007,
    "bpm_histogram_first_peak_bpm": 115,
    "bpm_histogram_first_peak_weight": 0.294117689133,
    "bpm_histogram_second_peak_bpm": 144,
    "bpm_histogram_second_peak_spread": 0.600000023842,
    "bpm_histogram_second_peak_weight": 0.120481930673,
    "danceability": 0.831887662411,
    "onset_rate": 1.55828261375,
    "beats_loudness_band_ratio": {
        "max": [0.810398280621, 0.883724093437, 0.890235424042, 0.726029753685, 0.327929705381, 0.296123921871],
        "mean": [0.179023861885, 0.204925969243, 0.230318278074, 0.105032816529, 0.0666259750724, 0.026045748964],
        "min": [0, 0, 0, 0, 0, 0],
        "stdev": [0.198973476887, 0.231487214565, 0.219873830676, 0.145846754313, 0.089512526989, 0.0450449436903]
    },
