{
"metadata": {
    "version": {
        "essentia": "2.1-beta5",
        "essentia_git_sha": "Undefined",
        "extractor": "music 2.0"
    },
    "audio_properties": {
        "analysis": {
            "equal_loudness": 0,
            "length": 29.8608608246,
            "sample_rate": 44100,
            "start_time": 178.735595703,
            "downmix": "mix"
        },
        "bit_rate": 192000,
        "length": 208.608978271,
        "lossless": 0,
        "number_channels": 2,
        "replay_gain": -8.98459434509,
        "sample_rate": 48000,
        "codec": "mp3",
        "md5_encoded": "626ebd01769385cdd3a93ac9073d904b"
    },
    "tags": {
        "file_name": "Austria_Die Welt Dreht Sich Verkehrt_Stella Jones.mp3",
        "encoding": ["Lavf58.29.100"]
    }
},
"lowlevel": {
    "average_loudness": 0.204408377409,
    "barkbands_crest": {
        "max": 22.9035644531,
        "mean": 8.12818145752,
        "min": 2.87999653816,
        "stdev": 3.60261487961
    },
    "barkbands_flatness_db": {
        "max": 0.281238615513,
        "mean": 0.110827617347,
        "min": 0.0440971031785,
        "stdev": 0.0406019203365
    },
    "barkbands_kurtosis": {
        "max": 29.1571807861,
        "mean": 2.2554037571,
        "min": -1.87573838234,
        "stdev": 2.8731071949
    },
    "barkbands_skewness": {
        "max": 4.56067895889,
        "mean": -0.327068090439,
        "min": -2.40220975876,
        "stdev": 1.42305040359
    },
    "barkbands_spread": {
        "max": 135.434753418,
        "mean": 23.047044754,
        "min": 2.70065593719,
        "stdev": 11.412481308
    },
    "dissonance": {
        "max": 0.500000059605,
        "mean": 0.47762081027,
        "min": 0.330042332411,
        "stdev": 0.0277518015355
    },
    "dynamic_complexity": 3.91595983505,
    "erbbands_crest": {
        "max": 28.7751064301,
        "mean": 7.66532611847,
        "min": 2.6106801033,
        "stdev": 5.52848386765
    },
    "erbbands_flatness_db": {
        "max": 0.292235344648,
        "mean": 0.155174314976,
        "min": 0.0761099308729,
        "stdev": 0.0576428957283
    },
    "erbbands_kurtosis": {
        "max": 14.9039669037,
        "mean": 0.628043115139,
        "min": -1.65787029266,
        "stdev": 1.79182350636
    },
    "erbbands_skewness": {
        "max": 3.29418063164,
        "mean": -0.0079366825521,
        "min": -1.7585555315,
        "stdev": 0.853257775307
    },
    "erbbands_spread": {
        "max": 90.5321426392,
        "mean": 29.7721347809,
        "min": 4.59674692154,
        "stdev": 11.2975692749
    },
    "hfc": {
        "max": 132.915130615,
        "mean": 14.5762081146,
        "min": 1.04851045402e-16,
        "stdev": 19.2387714386
    },
    "loudness_ebu128": {
        "integrated": -13.8889894485,
        "loudness_range": 10.4744625092,
        "momentary": {
            "max": -10.2355957031,
            "mean": -133.035202026,
            "min": -300.691009521,
            "stdev": 139.716110229
        },
        "short_term": {
            "max": -11.5450534821,
            "mean": -117.774162292,
            "min": -300.691009521,
            "stdev": 135.307388306
        }
    },
    "melbands_crest": {
        "max": 27.9887485504,
        "mean": 7.9883890152,
        "min": 1.52824985981,
        "stdev": 6.13687133789
    },
    "melbands_flatness_db": {
        "max": 0.326269745827,
        "mean": 0.0975072681904,
        "min": 0.00229280581698,
        "stdev": 0.084433734417
    },
    "melbands_kurtosis": {
        "max": 88.9657669067,
        "mean": 2.06927967072,
        "min": -1.3996193409,
        "stdev": 6.37865972519
    },
    "melbands_skewness": {
        "max": 8.41182804108,
        "mean": 0.777222752571,
        "min": -1.32886171341,
        "stdev": 1.08973097801
    },
    "melbands_spread": {
        "max": 178.702545166,
        "mean": 70.9283905029,
        "min": 3.45816421509,
        "stdev": 53.3175735474
    },
    "pitch_salience": {
        "max": 0.903933346272,
        "mean": 0.661576867104,
        "min": 0.237117826939,
        "stdev": 0.154774054885
    },
    "silence_rate_20dB": {
        "max": 1,
        "mean": 1,
        "min": 1,
        "stdev": 0
    },
    "silence_rate_30dB": {
        "max": 1,
        "mean": 0.998445987701,
        "min": 0,
        "stdev": 0.0393899232149
    },
    "silence_rate_60dB": {
        "max": 1,
        "mean": 0.473193466663,
        "min": 0,
        "stdev": 0.49928188324
    },
    "spectral_centroid": {
        "max": 12061.6142578,
        "mean": 5564.82617188,
        "min": 397.840606689,
        "stdev": 4659.20947266
    },
    "spectral_complexity": {
        "max": 49,
        "mean": 12.5555553436,
        "min": 0,
        "stdev": 12.5392045975
    },
    "spectral_decrease": {
        "max": 2.66375876165e-28,
        "mean": -3.70656394466e-09,
        "min": -3.32251701707e-08,
        "stdev": 5.00973529327e-09
    },
    "spectral_energy": {
        "max": 0.137455299497,
        "mean": 0.0153115401044,
        "min": 9.80292794068e-21,
        "stdev": 0.0204673875123
    },
    "spectral_energyband_high": {
        "max": 0.00442983955145,
        "mean": 0.000356889679097,
        "min": 6.86803215841e-21,
        "stdev": 0.00060413160827
    },
    "spectral_energyband_low": {
        "max": 0.0847204476595,
        "mean": 0.00281423167326,
        "min": 7.71333520312e-24,
        "stdev": 0.00750647997484
    },
    "spectral_energyband_middle_high": {
        "max": 0.104735970497,
        "mean": 0.00656257662922,
        "min": 1.05150115005e-21,
        "stdev": 0.0118797458708
    },
    "spectral_energyband_middle_low": {
        "max": 0.0762535408139,
        "mean": 0.00608639372513,
        "min": 1.41109734786e-22,
        "stdev": 0.0093163466081
    },
    "spectral_entropy": {
        "max": 9.82942581177,
        "mean": 8.47518634796,
        "min": 6.13143396378,
        "stdev": 1.15117788315
    },
    "spectral_flux": {
        "max": 0.264897495508,
        "mean": 0.0490115210414,
        "min": 6.15819895078e-11,
        "stdev": 0.0541923753917
    },
    "spectral_kurtosis": {
        "max": 18.0886478424,
        "mean": 2.35575413704,
        "min": -1.27800035477,
        "stdev": 3.39181232452
    },
    "spectral_rms": {
        "max": 0.011580273509,
        "mean": 0.00270452233963,
        "min": 3.09254466653e-12,
        "stdev": 0.00276110693812
    },
    "spectral_rolloff": {
        "max": 19767.4804688,
        "mean": 8904.25488281,
        "min": 172.265625,
        "stdev": 8384.6875
    },
    "spectral_skewness": {
        "max": 3.36171221733,
        "mean": 0.91666162014,
        "min": -0.101470984519,
        "stdev": 0.835377454758
    },
    "spectral_spread": {
        "max": 42918548,
        "mean": 19035192,
        "min": 2491943.75,
        "stdev": 18177342
    },
    "spectral_strongpeak": {
        "max": 10.7493400574,
        "mean": 1.01981282234,
        "min": 0,
        "stdev": 1.73369204998
    },
    "zerocrossingrate": {
        "max": 0.6943359375,
        "mean": 0.248162597418,
        "min": 0.02001953125,
        "stdev": 0.216239482164
    },
    "barkbands": {
        "max": [0.00101038545836, 0.0386870764196, 0.0450714826584, 0.0276833623648, 0.0223300233483, 0.0267501287162, 0.0344174802303, 0.0201877616346, 0.0673532560468, 0.045182403177, 0.0991204380989, 0.00459695514292, 0.00975876301527, 0.0064662178047, 0.0116767184809, 0.00942625757307, 0.00534836249426, 0.00281865149736, 0.00513705983758, 0.00229160138406, 0.00246055005118, 0.00107229629066, 0.00113079790026, 0.000577691593207, 0.00225783511996, 0.00115670985542, 3.25789210365e-06],
        "mean": [3.43974024872e-05, 0.00152207491919, 0.00104146834929, 0.000380128447432, 0.000747447367758, 0.00113103061449, 0.00120744446758, 0.000452200241853, 0.00151114072651, 0.00121533346828, 0.00277021550573, 0.000257898907876, 0.000380963814678, 0.00041236137622, 0.00060287542874, 0.000448028207757, 0.000266731105512, 0.000320409366395, 0.000173391075805, 0.000160851152032, 0.000135539012263, 4.32277702203e-05, 4.95286913065e-05, 2.32470974879e-05, 1.40220463436e-05, 9.56534677243e-06, 2.09645989457e-08],
        "min": [8.47866036928e-26, 1.4379403912e-24, 5.07387642844e-25, 6.6193693266e-25, 2.75568441286e-24, 5.59251184729e-24, 5.28043255673e-24, 4.46080725949e-24, 7.66741560983e-24, 1.22676989994e-23, 1.06410228478e-23, 1.16304950255e-23, 1.42264753369e-23, 1.98032265322e-23, 3.09434255724e-23, 4.17007588609e-23, 6.23414874617e-23, 7.8584480599e-23, 7.84303750435e-23, 1.48198590342e-22, 2.13062974885e-22, 2.86883089027e-22, 3.17010027785e-22, 5.86035047722e-22, 7.98593606012e-22, 1.16955250582e-21, 1.7467116188e-21],
        "stdev": [7.70859405748e-05, 0.00318904593587, 0.00370259955525, 0.00192404934205, 0.00174075423274, 0.00248907855712, 0.00370446708985, 0.00147958938032, 0.00397288845852, 0.00350202526897, 0.00963130034506, 0.00051484873984, 0.000870436953846, 0.000768645142671, 0.0010778834112, 0.000836600549519, 0.000410529319197, 0.00046103465138, 0.000321095401887, 0.000268994743237, 0.000274826423265, 8.36963299662e-05, 0.000100183227914, 4.38968600065e-05, 7.24923520465e-05, 4.27675477113e-05, 1.49297321173e-07]
    },
    "erbbands": {
        "max": [0.722113668919, 11.1645421982, 46.1806335449, 83.3206634521, 58.3801269531, 63.8181343079, 172.336120605, 285.985534668, 556.680114746, 490.035644531, 543.768981934, 2059.93115234, 1895.66174316, 1067.13195801, 3227.91381836, 218.19303894, 543.54486084, 325.765777588, 615.970092773, 550.782165527, 611.571044922, 206.4503479, 151.58102417, 113.203735352, 353.373199463, 131.482208252, 127.702430725, 85.052482605, 27.7561740875, 54.6067085266, 21.0403079987, 11.5240879059, 10.3698272705, 11.0164823532, 23.4720687866, 7.88714933395, 1.300147295, 0.118891485035, 0.00243898457848, 0.000165248522535],
        "mean": [0.0267847497016, 0.397780299187, 1.24891388416, 1.27078568935, 1.45807719231, 2.63538360596, 5.47396945953, 10.1171216965, 17.3570995331, 12.3913602829, 12.7818021774, 30.5625724792, 51.7324447632, 49.9218063354, 92.5845565796, 14.2388839722, 19.398059845, 21.1257915497, 21.6730003357, 40.2315979004, 18.9247970581, 15.1970453262, 14.912528038, 11.9483289719, 9.24997425079, 9.03123378754, 6.64711046219, 3.82606601715, 1.5715739727, 1.75399696827, 1.21165204048, 0.594514012337, 0.338516354561, 0.183161899447, 0.0845230296254, 0.0502445176244, 0.0171098969877, 0.000735554203857, 2.67158393399e-05, 1.97959343495e-05],
        "min": [3.21932084382e-23, 3.98546160834e-22, 1.31795054544e-21, 3.77987127931e-21, 4.86365882751e-21, 1.37179228889e-20, 1.97368783823e-20, 5.23486646715e-20, 7.46864670872e-20, 8.31686549693e-20, 1.32053180939e-19, 2.35455513797e-19, 4.43495366962e-19, 4.86285316652e-19, 6.99456791542e-19, 5.96745206195e-19, 9.21468862626e-19, 1.57183083045e-18, 1.97568201559e-18, 2.35929240134e-18, 2.30441434437e-18, 3.96817978586e-18, 4.62111273443e-18, 4.47896464129e-18, 6.16099547148e-18, 7.46287642601e-18, 8.05019037736e-18, 8.66940785775e-18, 9.9060776151e-18, 9.92882425476e-18, 8.67699310396e-18, 8.55454142198e-18, 8.70817119561e-18, 7.77309397114e-18, 5.19899848115e-18, 4.04686947753e-18, 1.95131989219e-18, 8.83008893251e-19, 2.14027322481e-19, 2.5923220012e-20],
        "stdev": [0.0560032092035, 0.880472362041, 3.81349682808, 5.99573135376, 4.37058162689, 5.88754177094, 12.9805812836, 23.2393360138, 55.8035964966, 34.8272438049, 37.7735443115, 99.2802352905, 136.444335938, 125.367645264, 317.691223145, 24.4699687958, 45.338092804, 36.1969528198, 48.03358078, 66.9158935547, 40.8323440552, 21.402961731, 21.3850498199, 16.1030426025, 18.3494529724, 14.7229986191, 12.8319044113, 7.32911872864, 2.99127984047, 4.00416326523, 2.31557297707, 1.07892012596, 0.710473775864, 0.560109615326, 0.692832410336, 0.288634479046, 0.0607620552182, 0.0044396193698, 9.5879426226e-05, 2.59470798483e-05]
    },
    "gfcc": {
        "mean": [-534.902709961, 48.3021812439, -92.6012268066, 14.0553617477, -36.990146637, 8.39313316345, -20.9160938263, 8.12717437744, -11.2142019272, 2.29107904434, -8.92219257355, 0.796571195126, -2.92106580734],
        "cov": [[389406, 26429.6992188, -47898.296875, 7930.27441406, -19276.1035156, 4356.40771484, -10781.4746094, 4311.45117188, -5949.62792969, 1183.0489502, -4768.44384766, 509.89263916, -1545.18139648], [26429.6992188, 2410.56030273, -2752.44140625, 866.821166992, -1149.06323242, 196.269134521, -659.760070801, 218.225463867, -332.719726562, 65.7592773438, -223.178970337, 35.1828422546, -112.239585876], [-47898.296875, -2752.44140625, 6978.80029297, -548.380004883, 2642.45239258, -664.1640625, 1391.35998535, -568.397766113, 771.867797852, -55.1376724243, 643.025756836, 22.6795959473, 119.542320251], [7930.27441406, 866.821166992, -548.380004883, 611.443847656, -200.495254517, -21.3329753876, -167.360153198, 37.5031013489, -92.1470031738, 43.9968223572, -27.7683372498, 24.0098266602, -64.0331497192], [-19276.1035156, -1149.06323242, 2642.45239258, -200.495254517, 1114.1953125, -245.830123901, 601.278503418, -223.687088013, 290.430541992, -48.442073822, 249.332397461, 7.09572839737, 58.4094047546], [4356.40771484, 196.269134521, -664.1640625, -21.3329753876, -245.830123901, 149.789169312, -96.0971374512, 69.1205291748, -73.7053146362, -15.1102876663, -84.1064376831, -3.5213637352, 4.3196349144], [-10781.4746094, -659.760070801, 1391.35998535, -167.360153198, 601.278503418, -96.0971374512, 428.877441406, -100.493118286, 163.388931274, -70.2090759277, 117.689933777, 3.79853320122, 62.0728683472], [4311.45117188, 218.225463867, -568.397766113, 37.5031013489, -223.687088013, 69.1205291748, -100.493118286, 95.5035095215, -64.3993988037, 8.27097988129, -76.9239501953, 8.65982246399, -16.5661125183], [-5949.62792969, -332.719726562, 771.867797852, -92.1470031738, 290.430541992, -73.7053146362, 163.388931274, -64.3993988037, 149.575790405, -15.0523777008, 93.7509078979, -20.6863040924, 24.659526825], [1183.0489502, 65.7592773438, -55.1376724243, 43.9968223572, -48.442073822, -15.1102876663, -70.2090759277, 8.27097988129, -15.0523777008, 72.9246139526, 3.82162308693, 17.2735824585, -28.9294872284], [-4768.44384766, -223.178970337, 643.025756836, -27.7683372498, 249.332397461, -84.1064376831, 117.689933777, -76.9239501953, 93.7509078979, 3.82162308693, 124.430091858, -1.42888128757, 16.7894039154], [509.89263916, 35.1828422546, 22.6795959473, 24.0098266602, 7.09572839737, -3.5213637352, 3.79853320122, 8.65982246399, -20.6863040924, 17.2735824585, -1.42888128757, 55.1477737427, 1.36163449287], [-1545.18139648, -112.239585876, 119.542320251, -64.0331497192, 58.4094047546, 4.3196349144, 62.0728683472, -16.5661125183, 24.659526825, -28.9294872284, 16.7894039154, 1.36163449287, 49.2597579956]],
        "icov": [[0.000380690384191, -0.00138924620114, 0.000693883572239, -0.00111001858022, 0.00161039060913, -0.00120435131248, 0.000658683362417, -0.00162157113664, 0.00113798456732, -0.00131682225037, 0.00168045109604, -0.00164240482263, 0.000599620514549], [-0.00138924620114, 0.00742384511977, -0.00278923497535, 0.00123504025396, -0.00289028906263, 0.00361426803283, -0.00281920377165, 0.00659716920927, -0.00452731177211, 0.00611810665578, -0.00679313251749, 0.00472200848162, -0.00136260455474], [0.000693883572239, -0.00278923497535, 0.00333726056851, -0.00131398206577, -0.000943301711231, -0.000894049182534, 0.000869728566613, -0.00145160942338, -0.000465123885078, -0.00369975017384, 0.00374555541202, -0.00417499989271, 0.00211519096047], [-0.00111001858022, 0.00123504025396, -0.00131398206577, 0.00887558050454, -0.00882471445948, 0.00575596140698, -0.00105636729859, 0.00374841107987, -0.00222881184891, 0.00281021255068, -0.00495150499046, 0.00530439987779, -0.000420855765697], [0.00161039060913, -0.00289028906263, -0.000943301711231, -0.00882471445948, 0.0252909138799, -0.0053957211785, -0.00654822541401, -0.00194938422646, 0.00615593511611, -0.00395244592801, 0.004671046976, -0.00813857745379, 0.00605763541535], [-0.00120435131248, 0.00361426803283, -0.000894049182534, 0.00575596140698, -0.0053957211785, 0.0196668542922, -0.00412194663659, 0.00232973252423, -0.00303936237469, 0.00451839761809, -0.00146184896585, 0.00608303723857, -0.00473490683362], [0.000658683362417, -0.00281920377165, 0.000869728566613, -0.00105636729859, -0.00654822541401, -0.00412194663659, 0.0179682038724, -0.00908265542239, 0.000713550485671, 0.00541151734069, 0.00308721070178, -0.00464728241786, -0.00491922348738], [-0.00162157113664, 0.00659716920927, -0.00145160942338, 0.00374841107987, -0.00194938422646, 0.00232973252423, -0.00908265542239, 0.0388603247702, -0.0117258075625, 0.00256978813559, 0.00417813612148, -0.000550212163944, 0.00515307765454], [0.00113798456732, -0.00452731177211, -0.000465123885078, -0.00222881184891, 0.00615593511611, -0.00303936237469, 0.000713550485671, -0.0117258075625, 0.0278420355171, -0.0046789329499, -0.00522961420938, 0.00619042245671, -0.00333747221157], [-0.00131682225037, 0.00611810665578, -0.00369975017384, 0.00281021255068, -0.00395244592801, 0.00451839761809, 0.00541151734069, 0.00256978813559, -0.0046789329499, 0.0322663709521, -0.0109878145158, -0.00377134350128, 0.0087421676144], [0.00168045109604, -0.00679313251749, 0.00374555541202, -0.00495150499046, 0.004671046976, -0.00146184896585, 0.00308721070178, 0.00417813612148, -0.00522961420938, -0.0109878145158, 0.0334248803556, -0.00977692101151, -0.00114469928667], [-0.00164240482263, 0.00472200848162, -0.00417499989271, 0.00530439987779, -0.00813857745379, 0.00608303723857, -0.00464728241786, -0.000550212163944, 0.00619042245671, -0.00377134350128, -0.00977692101151, 0.0350995771587, -0.0118965711445], [0.000599620514549, -0.00136260455474, 0.00211519096047, -0.000420855765697, 0.00605763541535, -0.00473490683362, -0.00491922348738, 0.00515307765454, -0.00333747221157, 0.0087421676144, -0.00114469928667, -0.0118965711445, 0.0390126183629]]
    },
    "melbands": {
        "max": [0.00773315504193, 0.0202266033739, 0.0135364523157, 0.0025369154755, 0.00573811819777, 0.00622048974037, 0.00751943187788, 0.00467818323523, 0.00400823680684, 0.0133658219129, 0.00935444422066, 0.00469119893387, 0.0151761444286, 0.000416264781961, 0.00063663237961, 0.000870292598847, 0.000623932166491, 0.000939343532082, 0.00117837439757, 0.000741428346373, 0.000972156762145, 0.000247678079177, 0.000233918908634, 0.000202097027795, 9.70389664872e-05, 0.000215329317143, 0.000166440164321, 7.75200460339e-05, 6.17185505689e-05, 9.01163075469e-05, 2.97077294817e-05, 1.54797689902e-05, 2.71094850177e-05, 3.18676211464e-05, 1.44920777529e-05, 7.0991627581e-06, 7.34739523978e-06, 5.32447620571e-06, 1.01086943687e-05, 7.94899551693e-06],
        "mean": [0.000332466122927, 0.000612369796727, 0.000224684830755, 0.000142759105074, 0.000185190452612, 0.000233107100939, 0.000264474918367, 0.000122711542645, 0.000105681829154, 0.00021749487496, 0.000251389836194, 0.000172767831828, 0.000413257948821, 3.60242447641e-05, 3.5404751543e-05, 3.95266324631e-05, 3.87662512367e-05, 3.13808413921e-05, 4.76270506624e-05, 4.29578503827e-05, 1.91097897186e-05, 1.60704130394e-05, 1.15358934636e-05, 1.78525460797e-05, 8.28739484859e-06, 7.99753706815e-06, 5.12493852511e-06, 5.72220733375e-06, 4.25003099735e-06, 3.39690927831e-06, 1.70149428413e-06, 8.60393868152e-07, 7.9896403804e-07, 1.06906441033e-06, 7.83561404205e-07, 4.40105992539e-07, 3.23865577911e-07, 2.32035617387e-07, 2.20258087325e-07, 1.30711299562e-07],
        "min": [3.65117441404e-25, 9.18155108979e-25, 9.80794313335e-25, 6.03578038272e-25, 9.23886183456e-25, 1.34230826278e-24, 1.10278455258e-24, 1.18783381614e-24, 1.04584703763e-24, 1.31641676318e-24, 1.76274736082e-24, 1.29020883176e-24, 1.31947300755e-24, 9.99208890661e-25, 1.63812528439e-24, 1.94822552015e-24, 2.13665737192e-24, 2.37368206938e-24, 2.43439280465e-24, 3.14057753713e-24, 2.33023516059e-24, 3.28429261127e-24, 3.17197400394e-24, 3.30793496981e-24, 3.08008413304e-24, 3.1559567749e-24, 3.71592337759e-24, 4.46169906675e-24, 3.83659661355e-24, 3.84059258847e-24, 4.55429910968e-24, 4.26483488354e-24, 4.43199450936e-24, 4.13000593307e-24, 3.86655873402e-24, 5.07797258869e-24, 4.62545988535e-24, 5.2023092947e-24, 4.68597143324e-24, 5.35545717312e-24],
        "stdev": [0.000680259312503, 0.00167705817148, 0.000974109454546, 0.000301389227388, 0.000430861313362, 0.00055892689852, 0.000837085070089, 0.000327012035996, 0.000285040412564, 0.000669208006002, 0.000674855604302, 0.000437436072389, 0.00146864168346, 6.61006924929e-05, 6.92481989972e-05, 8.19505366962e-05, 7.08522929926e-05, 7.71545746829e-05, 8.05036033853e-05, 7.15796631994e-05, 5.33088823431e-05, 2.42334990617e-05, 2.22346025112e-05, 2.93200919259e-05, 1.16777318908e-05, 1.52706761583e-05, 9.61998102866e-06, 9.45124338614e-06, 8.16724605102e-06, 8.13250971987e-06, 3.08947005578e-06, 1.68162910086e-06, 1.75266893621e-06, 2.48056562668e-06, 1.52505424467e-06, 8.13497592844e-07, 6.39692359528e-07, 4.38744962139e-07, 6.73307397392e-07, 3.99834675591e-07]
    },
    "melbands128": {
        "max": [0.000772892264649, 0.00456305127591, 0.0110997250304, 0.0221738964319, 0.0246961601079, 0.0217847116292, 0.0185494609177, 0.0118338540196, 0.00522059574723, 0.00360221788287, 0.00453708693385, 0.00833667628467, 0.00753084011376, 0.00576942693442, 0.00823989696801, 0.0128582427278, 0.0149493403733, 0.0132947526872, 0.0102810543031, 0.00965962745249, 0.00247003138065, 0.0066640288569, 0.00620964448899, 0.00293387752026, 0.0197471473366, 0.0165383722633, 0.0097603816539, 0.0170048307627, 0.00445046834648, 0.00903282873333, 0.00550981983542, 0.0160066056997, 0.0297014284879, 0.00277854898013, 0.000907844048925, 0.000544395705219, 0.000909980561119, 0.000605904264376, 0.00138132716529, 0.00255288742483, 0.000760112132411, 0.00108409777749, 0.00139238056727, 0.00119805568829, 0.00158953282516, 0.00148559513036, 0.00196493580006, 0.0015541841276, 0.00170448375866, 0.0016220076941, 0.000948988716118, 0.000994018977508, 0.00149348471314, 0.00213860301301, 0.000394684087951, 0.00032781920163, 0.00020592295914, 0.000636760494672, 0.000257900072029, 0.000248527474469, 0.000344499654602, 0.000359681813279, 0.000256519357208, 0.000130475731567, 0.000342601793818, 0.000188820122276, 0.00066924787825, 0.000199880058062, 8.49550706334e-05, 0.000117244773719, 0.000139089097502, 8.26184768812e-05, 0.000145703699673, 0.000100679986645, 0.00021458354604, 0.000172472282429, 0.000166211422766, 4.97374530823e-05, 3.85775238101e-05, 2.56231924141e-05, 2.34955077758e-05, 1.96651126316e-05, 1.84171258297e-05, 3.12301199301e-05, 4.7002624342e-05, 6.91555687808e-05, 3.79564407922e-05, 4.11391520174e-05, 1.79967555596e-05, 1.26863642436e-05, 1.32658369694e-05, 7.7733920989e-06, 1.01044515759e-05, 8.62862634676e-06, 7.98636665422e-06, 6.99526208336e-06, 3.95438610212e-06, 1.13795549623e-05, 9.69953453023e-06, 1.39207777465e-05, 5.05471143697e-06, 1.06002626126e-05, 9.85009955912e-06, 3.63302569895e-05, 3.33552197844e-05, 3.4114542359e-05, 1.19626438391e-05, 6.1970704337e-06, 2.69022966677e-05, 1.61452517204e-05, 5.51548646399e-06, 6.04213573752e-06, 4.95973108627e-06, 2.755404239e-06, 1.70392092969e-06, 2.0679606223e-06, 1.98885217628e-07, 6.86122625382e-09, 6.45194431215e-09, 6.15569506479e-09, 5.89978332854e-09, 5.69973446218e-09, 5.52009993271e-09, 5.37934186084e-09, 5.26191401562e-09, 5.16906917269e-09, 5.1025099701e-09, 5.06189001825e-09],
        "mean": [2.96115013043e-05, 0.000156997382874, 0.00040760342381, 0.000759979768191, 0.00073038629489, 0.000459189148387, 0.000260623957729, 0.000172134910827, 0.000134116213303, 0.000141271928442, 0.000141344193253, 0.000167997219251, 0.000158806244144, 0.000258355139522, 0.000224401272135, 0.00022246138542, 0.000275520927971, 0.000303734123008, 0.000217138280277, 0.000130488479044, 6.3063496782e-05, 0.000110576263978, 0.000101661338704, 0.000107808788016, 0.000191742859897, 0.000213338294998, 0.000385299645131, 0.000290419498924, 0.000112491681648, 0.000114530339488, 0.000111061504867, 0.00041883205995, 0.000747357204091, 0.000104182458017, 3.22423657053e-05, 2.85609748971e-05, 2.81371758319e-05, 2.47054013016e-05, 4.80899507238e-05, 5.48312928004e-05, 2.22586531891e-05, 4.42387827206e-05, 4.45344630862e-05, 3.42396706401e-05, 2.81295979221e-05, 2.82644541585e-05, 4.09446874983e-05, 2.93128323392e-05, 5.29995450052e-05, 9.14996126085e-05, 2.74770500255e-05, 1.61834577739e-05, 2.30476707657e-05, 1.87091500266e-05, 1.43126162584e-05, 1.94235035451e-05, 1.21148741528e-05, 1.55540365085e-05, 9.49648620008e-06, 7.04071089785e-06, 2.13608182094e-05, 2.6068655643e-05, 7.4704457802e-06, 4.08853293266e-06, 5.97094049226e-06, 1.01583609649e-05, 8.41749078972e-06, 3.35463846568e-06, 3.09598362946e-06, 9.16023600439e-06, 7.70734823163e-06, 2.35513107327e-06, 3.9057331378e-06, 5.48927982891e-06, 3.45810917679e-06, 3.59843215847e-06, 3.29496356244e-06, 2.60557749243e-06, 1.22959113469e-06, 1.22752715015e-06, 8.36608819554e-07, 7.63683260629e-07, 7.20197249393e-07, 8.07611286291e-07, 7.54273969505e-07, 1.19807452847e-06, 1.0966444961e-06, 1.05629169411e-06, 8.13790961729e-07, 5.3219395113e-07, 5.25140592345e-07, 3.5891670791e-07, 4.03779637281e-07, 3.47667963752e-07, 2.60008874875e-07, 2.53116382964e-07, 2.11779777715e-07, 2.21078309437e-07, 2.48892973786e-07, 2.14879634086e-07, 1.44478008224e-07, 1.17017151524e-07, 1.0379583415e-07, 1.10855857827e-07, 9.54740642101e-08, 9.21996488046e-08, 6.30835046422e-08, 5.30912664942e-08, 8.00211310548e-08, 1.0791419669e-07, 1.52275376308e-07, 7.63607488352e-08, 4.56223183676e-08, 1.35190756367e-08, 7.8213560073e-09, 4.85177631404e-09, 8.71098415622e-10, 7.78893616271e-12, 6.99059473502e-12, 6.70395293098e-12, 6.45207151595e-12, 6.25125385484e-12, 6.0767124839e-12, 5.93084826042e-12, 5.79602381715e-12, 5.67266763077e-12, 5.58916411417e-12, 5.54591442214e-12],
        "min": [3.00811826164e-27, 8.00684882484e-26, 2.14808821296e-25, 1.67594288175e-25, 2.16374463674e-25, 2.86091352723e-25, 2.3094403434e-25, 1.53218432165e-25, 1.22470384365e-25, 2.67026039107e-25, 1.85256255219e-25, 2.27568202704e-25, 2.26770935499e-25, 4.03136222953e-25, 2.59174950251e-25, 1.06567232012e-25, 4.47824305765e-25, 2.35296007391e-25, 3.63490686958e-25, 3.14576405106e-25, 4.10553339703e-25, 3.95583915165e-25, 4.01574426272e-25, 5.74445996688e-25, 5.98165318475e-25, 4.8449095507e-25, 4.63875258604e-25, 7.72684819321e-25, 5.66624243597e-25, 5.96520149057e-25, 5.68002728725e-25, 6.52361492474e-25, 7.71591458107e-25, 6.40629553091e-25, 4.17173115293e-25, 6.26951050121e-25, 7.47368004898e-25, 7.11401025912e-25, 7.06772285943e-25, 7.7607440672e-25, 8.53185017863e-25, 2.42343740022e-25, 8.37269256062e-25, 1.11783808941e-24, 7.43624071042e-25, 1.02183864763e-24, 5.73260733178e-25, 9.71905823086e-25, 8.12514702249e-25, 9.3737836734e-25, 1.13729376592e-24, 9.33910436193e-25, 1.66852305329e-24, 1.31266425046e-24, 1.35796882807e-24, 1.80076887873e-24, 1.38495615407e-24, 1.72475601684e-24, 1.04734557753e-24, 1.96114903393e-24, 1.3514800527e-24, 1.66702125934e-24, 1.50461274554e-24, 1.7333078607e-24, 1.71241152697e-24, 2.19976841371e-24, 2.00482057086e-24, 1.62091904475e-24, 2.18989522783e-24, 2.27391049196e-24, 1.42555478195e-24, 1.53522252082e-24, 2.08585334912e-24, 2.10815129147e-24, 2.12322701501e-24, 1.94491013498e-24, 1.52223215108e-24, 2.3199770106e-24, 2.86006412125e-24, 2.26772700576e-24, 2.74778752077e-24, 3.08654056512e-24, 3.19787644898e-24, 1.46880970171e-24, 2.11128129432e-24, 2.93801994755e-24, 3.04646051468e-24, 2.42614072793e-24, 2.44370629371e-24, 2.26621239282e-24, 2.25365155784e-24, 3.37233382703e-24, 3.04051565889e-24, 3.11264673348e-24, 3.57769995863e-24, 3.92724738118e-24, 3.65437289989e-24, 3.52330563264e-24, 2.94256990004e-24, 3.60066922161e-24, 3.56423331412e-24, 3.68697494338e-24, 3.59643461627e-24, 3.20189313149e-24, 3.86818220976e-24, 2.59144534733e-24, 4.1447252887e-24, 3.96619462736e-24, 4.37375882519e-24, 4.05500656023e-24, 3.95592168623e-24, 3.61784035694e-24, 4.15923204632e-24, 4.05843100542e-24, 3.64437487677e-24, 4.89726664341e-24, 4.69710304947e-24, 4.85943445212e-24, 4.53761746254e-24, 4.12427998619e-24, 4.88138845111e-24, 4.33697857991e-24, 4.28642245665e-24, 4.82132221521e-24, 4.77214068207e-24, 4.51577705952e-24, 3.69787502894e-24, 5.16081323893e-24],
        "stdev": [6.65017942083e-05, 0.000376587646315, 0.000904959801119, 0.00169090728741, 0.0019829783123, 0.0017758711474, 0.0013222823618, 0.000826115370728, 0.000419926509494, 0.000321854167851, 0.000343258900102, 0.000545170973055, 0.000532058358658, 0.000542471767403, 0.000514482380822, 0.0009472243255, 0.00118412717711, 0.00123975169845, 0.000851780176163, 0.000487690325826, 0.000186534700333, 0.000481167575344, 0.000362061313353, 0.000250702374615, 0.000907973910216, 0.000825812341645, 0.00107561808545, 0.00109940988477, 0.000359070516424, 0.000460138980998, 0.000452872976894, 0.00151564134285, 0.00285619008355, 0.000311310432153, 8.22297879495e-05, 6.06687463005e-05, 7.74757063482e-05, 5.72931930947e-05, 0.000124255660921, 0.000189123224118, 5.82142420171e-05, 9.13540789043e-05, 9.15160271688e-05, 9.1276015155e-05, 8.85296540218e-05, 8.60790169099e-05, 0.000131732143927, 7.29516541469e-05, 0.000120498880278, 0.000179493188625, 6.56232441543e-05, 4.61367053504e-05, 8.06337266113e-05, 7.84864387242e-05, 3.37076126016e-05, 3.76520765712e-05, 2.05380492844e-05, 4.13737725466e-05, 2.23626611842e-05, 1.953544961e-05, 4.51637788501e-05, 4.9248446885e-05, 1.727108247e-05, 9.72895304585e-06, 1.82066723937e-05, 2.19811263378e-05, 2.7719177524e-05, 1.16348610391e-05, 7.40978703107e-06, 1.76035282493e-05, 1.52009870362e-05, 5.32891090188e-06, 1.20279973999e-05, 1.15828061098e-05, 1.17665022117e-05, 1.18383086374e-05, 9.24486084841e-06, 4.95295125802e-06, 3.20316007674e-06, 2.74650847132e-06, 1.91950607586e-06, 1.86708098227e-06, 1.59889805218e-06, 1.74839738065e-06, 2.16632565753e-06, 3.64466222891e-06, 2.68075041276e-06, 2.66529491455e-06, 1.56833368692e-06, 1.2201193158e-06, 1.11173642381e-06, 7.20885566352e-07, 7.97516349849e-07, 8.05534682513e-07, 5.50564891455e-07, 5.20118305758e-07, 4.07684296988e-07, 6.21734614015e-07, 7.4854807508e-07, 8.60783529788e-07, 4.04914800356e-07, 3.92933401372e-07, 3.5891537209e-07, 1.03659976958e-06, 9.95024606709e-07, 9.86806412584e-07, 3.92832561147e-07, 2.69572012712e-07, 8.50259823437e-07, 5.30594434167e-07, 4.17177744794e-07, 2.57868208564e-07, 1.90642452935e-07, 1.01403706765e-07, 7.57363380899e-08, 6.05867995773e-08, 6.71740174596e-09, 1.9118737149e-10, 1.79770157094e-10, 1.7151756404e-10, 1.64387808921e-10, 1.5881315707e-10, 1.5380723084e-10, 1.4988785213e-10, 1.46614317909e-10, 1.44027734184e-10, 1.42175091145e-10, 1.41044134705e-10]
    },
    "mfcc": {
        "mean": [-900.100158691, 64.1827087402, -19.3098068237, 6.30648946762, -4.33026361465, 0.124376557767, -3.0717113018, 2.75574111938, 0.715446531773, 4.11370229721, -3.24158430099, -0.153938934207, -0.888832628727],
        "cov": [[100162.304688, 17357.8105469, -4705.51025391, 2142.30664062, -1117.45446777, 145.035919189, -674.686584473, 894.303283691, 281.976715088, 1164.85522461, -942.526611328, -92.8895797729, -202.751586914], [17357.8105469, 3426.27416992, -562.12310791, 601.997619629, -103.878448486, 75.4611206055, -124.253791809, 160.486755371, -14.4713897705, 244.800735474, -186.205978394, 26.7797317505, -6.33612728119], [-4705.51025391, -562.12310791, 816.057922363, 313.78817749, 227.582519531, 70.2012252808, 41.0212898254, -52.8906936646, -75.2560577393, -4.18116092682, 27.392074585, 62.9929351807, 64.7144622803], [2142.30664062, 601.997619629, 313.78817749, 685.887145996, 154.504974365, 100.171531677, 39.8767929077, 28.7384796143, -84.3332366943, 75.6377487183, -44.4284477234, 86.0415420532, 38.0250434875], [-1117.45446777, -103.878448486, 227.582519531, 154.504974365, 128.046051025, 36.5275993347, 9.81765556335, -24.5095386505, -43.8343009949, 0.493968516588, 10.9244184494, 36.6081733704, 15.4854564667], [145.035919189, 75.4611206055, 70.2012252808, 100.171531677, 36.5275993347, 70.2493133545, 30.8301086426, 20.1786594391, 0.677135229111, 11.3695058823, -11.2902545929, 4.19452524185, 12.3969669342], [-674.686584473, -124.253791809, 41.0212898254, 39.8767929077, 9.81765556335, 30.8301086426, 79.4678268433, 31.1134548187, 18.5486221313, -10.5010089874, -3.46252155304, -11.0402450562, 9.21309089661], [894.303283691, 160.486755371, -52.8906936646, 28.7384796143, -24.5095386505, 20.1786594391, 31.1134548187, 95.5601272583, 41.8650245667, 27.2367267609, -28.5871162415, -30.5321578979, 0.413805246353], [281.976715088, -14.4713897705, -75.2560577393, -84.3332366943, -43.8343009949, 0.677135229111, 18.5486221313, 41.8650245667, 75.650390625, 6.80513954163, -9.40270423889, -40.1088447571, -5.65043926239], [1164.85522461, 244.800735474, -4.18116092682, 75.6377487183, 0.493968516588, 11.3695058823, -10.5010089874, 27.2367267609, 6.80513954163, 58.9120826721, -8.09359169006, 3.24139165878, -3.8979742527], [-942.526611328, -186.205978394, 27.392074585, -44.4284477234, 10.9244184494, -11.2902545929, -3.46252155304, -28.5871162415, -9.40270423889, -8.09359169006, 45.2966156006, 15.3207273483, -4.63651227951], [-92.8895797729, 26.7797317505, 62.9929351807, 86.0415420532, 36.6081733704, 4.19452524185, -11.0402450562, -30.5321578979, -40.1088447571, 3.24139165878, 15.3207273483, 59.9826660156, 12.9018688202], [-202.751586914, -6.33612728119, 64.7144622803, 38.0250434875, 15.4854564667, 12.3969669342, 9.21309089661, 0.413805246353, -5.65043926239, -3.8979742527, -4.63651227951, 12.9018688202, 35.4572067261]],
        "icov": [[0.000152227075887, -0.000692855683155, 0.000395379116526, -0.000215122359805, 7.67871533753e-05, 0.000141952157719, 0.00014167529298, 0.000202338400413, -0.000606584129855, 0.000121323304484, -0.000126566010294, 0.000134164773044, -1.53046494233e-05], [-0.000692855683155, 0.00404730718583, -0.000982290133834, 0.000203088799026, 1.07925188786e-05, -0.00134682084899, 0.000761658477131, -0.000969835266005, 0.00310911634006, -0.00262739066966, 0.00246738106944, -0.00068449229002, -0.000605696695857], [0.000395379116526, -0.000982290133834, 0.00469202082604, -0.00178876472637, -0.00389973842539, 0.000210942191188, 0.000969668210018, 0.00153684080578, -0.00133309548255, -0.00194559909869, -0.000206374403206, 0.00224319356494, -0.00447000935674], [-0.000215122359805, 0.000203088799026, -0.00178876472637, 0.00524567114189, -0.00243437173776, -0.00108484481461, -0.00393169512972, -0.000966301944572, 0.00346675375476, -0.00302028516307, 0.00382206588984, -0.00449312245473, 0.00127584650181], [7.67871533753e-05, 1.07925188786e-05, -0.00389973842539, -0.00243437173776, 0.0217791795731, -0.006489852909, 0.00217750761658, 0.000344284373568, 0.00352673861198, 0.00221374328248, -0.00252488232218, -0.00248050503433, 0.0037345525343], [0.000141952157719, -0.00134682084899, 0.000210942191188, -0.00108484481461, -0.006489852909, 0.0247551389039, -0.00805823225528, -0.000336215540301, -0.00288924807683, -0.00154308846686, 0.00152359413914, 0.00118977320381, -0.00323739205487], [0.00014167529298, 0.000761658477131, 0.000969668210018, -0.00393169512972, 0.00217750761658, -0.00805823225528, 0.0248524714261, -0.00755936698988, -0.0043965280056, 0.0082019912079, -0.00439401296899, 0.00273412652314, -0.00247846008278], [0.000202338400413, -0.000969835266005, 0.00153684080578, -0.000966301944572, 0.000344284373568, -0.000336215540301, -0.00755936698988, 0.0237012635916, -0.00709428172559, -0.00948769599199, 0.00732942530885, 0.00539849605411, -0.00230968440883], [-0.000606584129855, 0.00310911634006, -0.00133309548255, 0.00346675375476, 0.00352673861198, -0.00288924807683, -0.0043965280056, -0.00709428172559, 0.0311421845108, -0.00680191395804, -0.000307292793877, 0.00960628688335, -0.00282322033308], [0.000121323304484, -0.00262739066966, -0.00194559909869, -0.00302028516307, 0.00221374328248, -0.00154308846686, 0.0082019912079, -0.00948769599199, -0.00680191395804, 0.0353505387902, -0.00998593866825, -0.00221152533777, 0.00686770444736], [-0.000126566010294, 0.00246738106944, -0.000206374403206, 0.00382206588984, -0.00252488232218, 0.00152359413914, -0.00439401296899, 0.00732942530885, -0.000307292793877, -0.00998593866825, 0.0424552410841, -0.0142692225054, 0.00721817929298], [0.000134164773044, -0.00068449229002, 0.00224319356494, -0.00449312245473, -0.00248050503433, 0.00118977320381, 0.00273412652314, 0.00539849605411, 0.00960628688335, -0.00221152533777, -0.0142692225054, 0.0390528403223, -0.0135252354667], [-1.53046494233e-05, -0.000605696695857, -0.00447000935674, 0.00127584650181, 0.0037345525343, -0.00323739205487, -0.00247846008278, -0.00230968440883, -0.00282322033308, 0.00686770444736, 0.00721817929298, -0.0135252354667, 0.0411396659911]]
    },
    "spectral_contrast_coeffs": {
        "max": [-0.546739935875, -0.462673157454, -0.44662964344, -0.641112923622, -0.603613138199, -0.609258770943],
        "mean": [-0.837482750416, -0.840792417526, -0.830529034138, -0.848917365074, -0.845132887363, -0.831195831299],
        "min": [-0.986559689045, -0.983626544476, -0.982259094715, -0.974293887615, -0.968521118164, -0.965357661247],
        "stdev": [0.114542447031, 0.119610749185, 0.131980270147, 0.105426698923, 0.105562984943, 0.114302545786]
    },
    "spectral_contrast_valleys": {
        "max": [-5.12456655502, -4.6279540062, -5.30412483215, -5.61575174332, -6.11802101135, -8.72618293762],
        "mean": [-15.6379022598, -15.2774028778, -15.5357103348, -15.60501194, -15.7789916992, -17.530872345],
        "min": [-28.1480979919, -28.0581665039, -27.9427890778, -27.7780303955, -27.5598258972, -27.4225521088],
        "stdev": [9.88338565826, 10.1268730164, 9.95764541626, 9.85292625427, 9.72889041901, 8.24851512909]
    }
},
"rhythm": {
    "beats_count": 63,
    "beats_loudness": {
        "max": 0.0864841714501,
        "mean": 0.0159853622317,
        "min": 0,
        "stdev": 0.0199076700956
    },
    "bpm": 155.947113037,
    "bpm_histogram_first_peak_bpm": 157,
    "bpm_histogram_first_peak_weight": 0.142857134342,
    "bpm_histogram_second_peak_bpm": 148,
    "bpm_histogram_second_peak_spread": 0.181818187237,
    "bpm_histogram_second_peak_weight": 0.145161285996,
    "danceability": 0.779337406158,
    "onset_rate": 1.50640368462,
    "beats_loudness_band_ratio": {
        "max": [0.73054009676, 0.734360873699, 0.780836939812, 0.743991732597, 0.447103083134, 0.139759838581],
        "mean": [0.102454453707, 0.0605147406459, 0.147555142641, 0.177639588714, 0.0975018069148, 0.0223491694778],
        "min": [0, 0, 0, 0, 0, 0],
        "stdev": [0.189533442259, 0.120340876281, 0.19945807755, 0.232308954, 0.119398146868, 0.0279930755496]
    },
    "beats_position": [0.568888902664, 1.16099774837, 1.764716506, 2.35682535172, 2.96054410934, 3.55265307426, 4.15637159348, 4.76009082794, 5.36380958557, 5.95591831207, 6.54802703857, 7.1517457962, 7.59292507172, 8.03410434723, 8.48689365387, 8.93968200684, 9.4040813446, 9.85687065125, 10.3096599579, 10.6927890778, 11.0759181976, 11.4706573486, 11.8537864685, 12.2369155884, 12.6084346771, 12.9915647507, 13.3746938705, 13.7462129593, 14.1293420792, 14.512471199, 14.8956003189, 15.2787294388, 15.6618595123, 16.0449886322, 16.4513378143, 16.8576869965, 17.2524261475, 17.6819953918, 18.088344574, 18.4946937561, 18.9010429382, 19.3073921204, 19.7137413025, 20.1200904846, 20.5264396667, 20.9676189423, 21.3971881866, 21.826757431, 22.2911567688, 22.7555541992, 23.219953537, 23.6727428436, 24.1487522125, 24.6247615814, 25.1007709503, 25.6000003815, 26.0992279053, 26.5984573364, 27.1092967987, 27.620136261, 28.1309738159, 28.6418132782, 29.1526527405],
