{
"metadata": {
    "version": {
        "essentia": "2.1-beta5",
        "essentia_git_sha": "Undefined",
        "extractor": "music 2.0"
    },
    "audio_properties": {
        "analysis": {
            "equal_loudness": 0,
            "length": 32.4963264465,
            "sample_rate": 44100,
            "start_time": 158.998641968,
            "downmix": "mix"
        },
        "bit_rate": 192000,
        "length": 216.537689209,
        "lossless": 0,
        "number_channels": 2,
        "replay_gain": -7.46046447754,
        "sample_rate": 48000,
        "codec": "mp3",
        "md5_encoded": "a5dd715a644cf17ee9e93c1a8ff13629"
    },
    "tags": {
        "file_name": "Cyprus_Sti Fotia_Alexandros Panayi.mp3",
        "encoding": ["Lavf58.29.100"]
    }
},
"lowlevel": {
    "average_loudness": 0.968677818775,
    "barkbands_crest": {
        "max": 22.7858753204,
        "mean": 7.86726713181,
        "min": 2.62110447884,
        "stdev": 3.60869860649
    },
    "barkbands_flatness_db": {
        "max": 0.262052237988,
        "mean": 0.123127326369,
        "min": 0.0400101393461,
        "stdev": 0.0318584404886
    },
    "barkbands_kurtosis": {
        "max": 13.0455169678,
        "mean": 0.857538640499,
        "min": -1.64462864399,
        "stdev": 1.69844543934
    },
    "barkbands_skewness": {
        "max": 2.78498387337,
        "mean": 0.591042518616,
        "min": -1.11814677715,
        "stdev": 0.532117664814
    },
    "barkbands_spread": {
        "max": 70.1362304688,
        "mean": 20.0052223206,
        "min": 4.10113334656,
        "stdev": 8.69908428192
    },
    "dissonance": {
        "max": 0.499861389399,
        "mean": 0.464160114527,
        "min": 0.254443913698,
        "stdev": 0.0268332976848
    },
    "dynamic_complexity": 1.88278949261,
    "erbbands_crest": {
        "max": 29.2466201782,
        "mean": 9.8576593399,
        "min": 2.57632994652,
        "stdev": 4.58088302612
    },
    "erbbands_flatness_db": {
        "max": 0.326306372881,
        "mean": 0.186970636249,
        "min": 0.0954272001982,
        "stdev": 0.0352621860802
    },
    "erbbands_kurtosis": {
        "max": 15.5273857117,
        "mean": 1.14012694359,
        "min": -1.57978415489,
        "stdev": 1.80659389496
    },
    "erbbands_skewness": {
        "max": 3.12777447701,
        "mean": 0.610854566097,
        "min": -2.22036004066,
        "stdev": 0.64497923851
    },
    "erbbands_spread": {
        "max": 83.7562713623,
        "mean": 24.5162849426,
        "min": 6.00895023346,
        "stdev": 10.541554451
    },
    "hfc": {
        "max": 83.0898666382,
        "mean": 32.2365455627,
        "min": 0.859061360359,
        "stdev": 15.680472374
    },
    "loudness_ebu128": {
        "integrated": -14.8385391235,
        "loudness_range": 2.78469562531,
        "momentary": {
            "max": -12.6430530548,
            "mean": -15.1395721436,
            "min": -22.8906230927,
            "stdev": 1.80725300312
        },
        "short_term": {
            "max": -13.502907753,
            "mean": -14.9222774506,
            "min": -19.0145435333,
            "stdev": 1.05173933506
        }
    },
    "melbands_crest": {
        "max": 29.9874076843,
        "mean": 10.0724744797,
        "min": 3.76955914497,
        "stdev": 4.21689844131
    },
    "melbands_flatness_db": {
        "max": 0.321744173765,
        "mean": 0.150181517005,
        "min": 0.0425726994872,
        "stdev": 0.0352269820869
    },
    "melbands_kurtosis": {
        "max": 25.2570571899,
        "mean": 2.48847055435,
        "min": -1.41916966438,
        "stdev": 3.0421090126
    },
    "melbands_skewness": {
        "max": 4.31894540787,
        "mean": 1.00767111778,
        "min": -0.79815787077,
        "stdev": 0.7149528265
    },
    "melbands_spread": {
        "max": 126.354682922,
        "mean": 29.3554325104,
        "min": 5.915807724,
        "stdev": 12.4523534775
    },
    "pitch_salience": {
        "max": 0.858259320259,
        "mean": 0.602143764496,
        "min": 0.257664680481,
        "stdev": 0.0917999967933
    },
    "silence_rate_20dB": {
        "max": 1,
        "mean": 1,
        "min": 1,
        "stdev": 0
    },
    "silence_rate_30dB": {
        "max": 1,
        "mean": 1,
        "min": 1,
        "stdev": 0
    },
    "silence_rate_60dB": {
        "max": 1,
        "mean": 0.00499643106014,
        "min": 0,
        "stdev": 0.070507735014
    },
    "spectral_centroid": {
        "max": 3824.9309082,
        "mean": 1486.71557617,
        "min": 614.208007812,
        "stdev": 379.433074951
    },
    "spectral_complexity": {
        "max": 45,
        "mean": 25.0528202057,
        "min": 0,
        "stdev": 6.93624448776
    },
    "spectral_decrease": {
        "max": -1.17597598326e-10,
        "mean": -7.46679695851e-09,
        "min": -1.92989340064e-08,
        "stdev": 3.44291684051e-09
    },
    "spectral_energy": {
        "max": 0.0797296836972,
        "mean": 0.0311054140329,
        "min": 0.000521760550328,
        "stdev": 0.0142041947693
    },
    "spectral_energyband_high": {
        "max": 0.0100388582796,
        "mean": 0.000844480877277,
        "min": 1.26505647131e-05,
        "stdev": 0.000818768574391
    },
    "spectral_energyband_low": {
        "max": 0.0298613645136,
        "mean": 0.00378345022909,
        "min": 2.07403591048e-05,
        "stdev": 0.00388020649552
    },
    "spectral_energyband_middle_high": {
        "max": 0.0624187625945,
        "mean": 0.0152860339731,
        "min": 0.000135554466397,
        "stdev": 0.0100613292307
    },
    "spectral_energyband_middle_low": {
        "max": 0.0535221584141,
        "mean": 0.0123226977885,
        "min": 0.000132783170557,
        "stdev": 0.00829703453928
    },
    "spectral_entropy": {
        "max": 8.56797409058,
        "mean": 7.65296125412,
        "min": 6.98202610016,
        "stdev": 0.221360042691
    },
    "spectral_flux": {
        "max": 0.222099021077,
        "mean": 0.103986993432,
        "min": 0.0177543014288,
        "stdev": 0.0320562645793
    },
    "spectral_kurtosis": {
        "max": 16.1659984589,
        "mean": 3.8350083828,
        "min": -0.24805188179,
        "stdev": 2.02904701233
    },
    "spectral_rms": {
        "max": 0.00881958380342,
        "mean": 0.00533490162343,
        "min": 0.000713466666639,
        "stdev": 0.0013731297804
    },
    "spectral_rolloff": {
        "max": 7988.81835938,
        "mean": 1656.16589355,
        "min": 86.1328125,
        "stdev": 869.593505859
    },
    "spectral_skewness": {
        "max": 2.84355831146,
        "mean": 1.44452536106,
        "min": 0.249095529318,
        "stdev": 0.32707747817
    },
    "spectral_spread": {
        "max": 14913407,
        "mean": 3833265,
        "min": 1928047.5,
        "stdev": 787607.9375
    },
    "spectral_strongpeak": {
        "max": 9.65116882324,
        "mean": 2.12193322182,
        "min": 0,
        "stdev": 1.82404136658
    },
    "zerocrossingrate": {
        "max": 0.1982421875,
        "mean": 0.0639181435108,
        "min": 0.017578125,
        "stdev": 0.0205178260803
    },
    "barkbands": {
        "max": [0.000845078669954, 0.0195898208767, 0.0199010893703, 0.0121117727831, 0.0160888936371, 0.0163481514901, 0.0367625318468, 0.0243312064558, 0.0315459519625, 0.0364560484886, 0.0498672313988, 0.0229315571487, 0.0289871972054, 0.0181549806148, 0.020089039579, 0.0154498433694, 0.0154705420136, 0.00390190258622, 0.00303101749159, 0.00209746253677, 0.00339557998814, 0.00443643983454, 0.00199876958504, 0.00175955332816, 0.000305242545437, 0.000162035677931, 3.48739854417e-06],
        "mean": [4.69648766739e-05, 0.00185885245446, 0.00116213259753, 0.00131984369364, 0.00180314353202, 0.00146429799497, 0.00186250091065, 0.00164110516198, 0.00345876510255, 0.00295261014253, 0.0038544444833, 0.00250437879004, 0.00221501966007, 0.00107561226469, 0.000674695242196, 0.000539973960258, 0.000665002502501, 0.000611245690379, 0.000396116898628, 0.000254411483184, 0.000199376168894, 0.000297275488265, 0.000146356134792, 6.98797375662e-05, 2.53065318248e-05, 6.06680214332e-06, 1.37378597387e-08],
        "min": [1.00020855598e-07, 1.15854527394e-05, 3.48734010913e-06, 8.13840301817e-07, 5.46009232494e-06, 8.9070008471e-06, 3.2828379517e-06, 4.70275017506e-06, 1.09313841676e-05, 1.02854310171e-05, 6.77670004734e-06, 6.62842285237e-06, 9.045033039e-06, 9.42930000747e-06, 2.72756074082e-06, 1.65946369179e-06, 4.76623108625e-06, 3.00673787024e-06, 1.7065068505e-06, 1.25975839183e-06, 2.65289054369e-06, 1.01305693079e-06, 1.21739753922e-06, 3.53540571041e-07, 4.15575641455e-07, 6.71551286802e-11, 3.23071326636e-11],
        "stdev": [7.73034043959e-05, 0.00263997283764, 0.00162468990311, 0.00173340458423, 0.00196128408425, 0.00153624883387, 0.00292090396397, 0.00242178491317, 0.00420033559203, 0.00415027281269, 0.00591134466231, 0.00317870429717, 0.00309195113368, 0.00153640948702, 0.00120481324848, 0.000969014305156, 0.000988024286926, 0.000598767015617, 0.000399038835894, 0.000251021003351, 0.000205545598874, 0.000352632050635, 0.000177567475475, 0.000115946830192, 3.12348638545e-05, 8.72980035638e-06, 1.02236569433e-07]
    },
    "erbbands": {
        "max": [0.712957382202, 4.98843336105, 16.6513118744, 27.7279586792, 67.2897262573, 71.2523651123, 80.3079376221, 130.932510376, 492.048675537, 804.993041992, 531.174865723, 856.212158203, 1026.25646973, 2043.2364502, 769.776123047, 953.409790039, 1266.08361816, 759.948730469, 480.008087158, 725.826416016, 915.485778809, 819.338134766, 183.198364258, 238.011688232, 150.461547852, 73.7436676025, 87.6102905273, 175.776321411, 146.329208374, 100.227081299, 68.7406692505, 59.2395477295, 11.9077663422, 4.56144332886, 2.06820225716, 0.577740848064, 0.481191754341, 0.0343089550734, 0.000656456861179, 9.72503767116e-05],
        "mean": [0.0454233251512, 0.44701141119, 1.23111128807, 3.29562067986, 4.84769058228, 6.65865755081, 9.09066772461, 11.6562356949, 18.7005634308, 35.8089904785, 49.0407447815, 69.875793457, 84.0888824463, 166.225616455, 87.5342559814, 111.351959229, 101.16759491, 64.8735427856, 39.7909622192, 31.689250946, 33.7136535645, 39.61145401, 32.2036933899, 28.3117027283, 16.6743068695, 10.8487100601, 8.93407821655, 7.59334373474, 11.285861969, 7.63021612167, 3.5873465538, 2.04993343353, 0.83673030138, 0.339499533176, 0.160286322236, 0.0417203232646, 0.00964626297355, 0.000408480031183, 3.09847018798e-05, 3.95551869588e-05],
        "min": [0.000196091263206, 0.00301271281205, 0.00650241225958, 0.0041547450237, 0.0134950820357, 0.0208174549043, 0.0448745451868, 0.0808254107833, 0.0521553270519, 0.173684462905, 0.253156930208, 0.31399795413, 0.839342534542, 0.602227330208, 0.196423113346, 0.323127686977, 0.388361513615, 1.35768604279, 0.284328490496, 0.187323927879, 0.171151995659, 0.378642231226, 0.211918011308, 0.145297259092, 0.0554044768214, 0.0638818666339, 0.1542686373, 0.0622024089098, 0.0440679863095, 0.0347233377397, 0.0365821048617, 0.0139480978251, 0.00370476511307, 0.00381180737168, 0.00280330632813, 0.000134465692099, 7.97694428911e-06, 1.11978590667e-06, 9.35301841309e-07, 1.0323603874e-06],
        "stdev": [0.0820891931653, 0.604832053185, 1.59590005875, 4.05677127838, 5.86700820923, 7.90935277939, 9.76549053192, 13.7877998352, 29.711648941, 62.3803977966, 60.2933959961, 88.7987060547, 114.418479919, 228.366897583, 108.247329712, 134.580627441, 123.165924072, 81.3608016968, 49.9479217529, 45.9438400269, 59.8483009338, 52.5654220581, 28.328119278, 28.9017543793, 15.8999261856, 9.91467380524, 8.77630138397, 8.7753572464, 13.6631832123, 8.81200695038, 4.64568996429, 3.58476948738, 1.18841135502, 0.443351924419, 0.202485233545, 0.0517005138099, 0.0187586862594, 0.00111199333332, 2.87955845124e-05, 1.73917178472e-05]
    },
    "gfcc": {
        "mean": [28.9339580536, 101.900375366, -155.22013855, 28.0992012024, -72.9150238037, 24.7404613495, -30.7171192169, 7.50625658035, -22.8677082062, -5.86356544495, -12.8087110519, -0.281190305948, -11.1829299927],
        "cov": [[1610.97790527, -384.572021484, 4.14624834061, 22.8187332153, -47.3929977417, -52.2670631409, -69.0637588501, 1.74526560307, -125.095314026, 77.8754577637, -170.409637451, -20.685503006, -154.699035645], [-384.572021484, 521.275634766, 13.4657306671, -49.7545433044, 104.096496582, -51.6099319458, 37.0459289551, -1.37957930565, 60.1164970398, -2.88093495369, 68.5793533325, -93.1065216064, 80.3945236206], [4.14624834061, 13.4657306671, 272.387268066, 84.0131454468, 17.9743118286, -3.17636370659, -59.3210449219, 34.036781311, -16.1376647949, 80.1831054688, -46.3380088806, -7.51976680756, -9.40787410736], [22.8187332153, -49.7545433044, 84.0131454468, 182.129592896, 40.931427002, 22.4007835388, -9.60782527924, -1.87276625633, 19.8567676544, 5.26520776749, -13.8443775177, 16.5496253967, 4.80060625076], [-47.3929977417, 104.096496582, 17.9743118286, 40.931427002, 125.70199585, 21.5016498566, 6.08370113373, 11.9719924927, 14.7607030869, 14.486330986, 9.07019329071, -10.9188270569, 16.4775772095], [-52.2670631409, -51.6099319458, -3.17636370659, 22.4007835388, 21.5016498566, 141.845245361, 100.383804321, 5.32947540283, 0.501399636269, -28.8201999664, 39.9067077637, 27.281419754, 0.497389703989], [-69.0637588501, 37.0459289551, -59.3210449219, -9.60782527924, 6.08370113373, 100.383804321, 181.693893433, 25.6397094727, 3.22731304169, -55.3211097717, 62.7103805542, 26.9201145172, 0.811252117157], [1.74526560307, -1.37957930565, 34.036781311, -1.87276625633, 11.9719924927, 5.32947540283, 25.6397094727, 78.5590438843, 22.9415016174, 21.3702487946, 5.42081737518, 5.95934009552, -0.530131995678], [-125.095314026, 60.1164970398, -16.1376647949, 19.8567676544, 14.7607030869, 0.501399636269, 3.22731304169, 22.9415016174, 97.1635360718, 18.9173717499, 22.7448348999, -3.01988339424, 28.9923744202], [77.8754577637, -2.88093495369, 80.1831054688, 5.26520776749, 14.486330986, -28.8201999664, -55.3211097717, 21.3702487946, 18.9173717499, 118.835945129, -3.89687752724, -14.9932565689, -2.0361726284], [-170.409637451, 68.5793533325, -46.3380088806, -13.8443775177, 9.07019329071, 39.9067077637, 62.7103805542, 5.42081737518, 22.7448348999, -3.89687752724, 101.860488892, 26.6775169373, 24.2109127045], [-20.685503006, -93.1065216064, -7.51976680756, 16.5496253967, -10.9188270569, 27.281419754, 26.9201145172, 5.95934009552, -3.01988339424, -14.9932565689, 26.6775169373, 87.1500778198, 5.04923582077], [-154.699035645, 80.3945236206, -9.40787410736, 4.80060625076, 16.4775772095, 0.497389703989, 0.811252117157, -0.530131995678, 28.9923744202, -2.0361726284, 24.2109127045, 5.04923582077, 71.5646286011]],
        "icov": [[0.00114771095105, 0.000165453297086, 0.00103755819146, -0.0006249564467, 0.000143248093082, 4.87868674099e-05, -0.000422285578679, -0.000405570113799, 0.00128840934485, -0.00168059649877, 0.00180664204527, -5.25533505424e-05, 0.00126461102627], [0.000165453297086, 0.0128589654341, -0.00904964376241, 0.00694167427719, -0.0112924017012, 0.0133282868192, -0.00930347852409, 0.00791459158063, -0.00691927783191, 0.00713139306754, -0.0102622322738, 0.0129871619865, -0.00751016195863], [0.00103755819146, -0.00904964376241, 0.0147496182472, -0.00894233491272, 0.009087565355, -0.0115351583809, 0.00793799292296, -0.00983884185553, 0.00961659569293, -0.0110757388175, 0.0111056361347, -0.00876676663756, 0.00542322266847], [-0.0006249564467, 0.00694167427719, -0.00894233491272, 0.0125146126375, -0.00888870004565, 0.0067567168735, -0.00495878281072, 0.00732627650723, -0.00806681532413, 0.0067839557305, -0.00548828952014, 0.00472507392988, -0.00406961748376], [0.000143248093082, -0.0112924017012, 0.009087565355, -0.00888870004565, 0.0198047403246, -0.0137351797894, 0.00875755306333, -0.00912434142083, 0.00727063743398, -0.00805219542235, 0.00879051256925, -0.00895134918392, 0.00463793054223], [4.87868674099e-05, 0.0133282868192, -0.0115351583809, 0.0067567168735, -0.0137351797894, 0.027328921482, -0.017218047753, 0.0112610505894, -0.00802421290427, 0.00824823975563, -0.0119635816664, 0.01144567132, -0.00686052720994], [-0.000422285578679, -0.00930347852409, 0.00793799292296, -0.00495878281072, 0.00875755306333, -0.017218047753, 0.0209314767271, -0.0118014421314, 0.00594522617757, -0.000292279117275, 0.00151849142276, -0.00826119724661, 0.00634555751458], [-0.000405570113799, 0.00791459158063, -0.00983884185553, 0.00732627650723, -0.00912434142083, 0.0112610505894, -0.0118014421314, 0.0240348912776, -0.0106709254906, 0.00294714281335, -0.00519775832072, 0.00537985190749, -0.00343253440224], [0.00128840934485, -0.00691927783191, 0.00961659569293, -0.00806681532413, 0.00727063743398, -0.00802421290427, 0.00594522617757, -0.0106709254906, 0.0209202878177, -0.00905900355428, 0.00572345452383, -0.00501067005098, 0.000282949418761], [-0.00168059649877, 0.00713139306754, -0.0110757388175, 0.0067839557305, -0.00805219542235, 0.00824823975563, -0.000292279117275, 0.00294714281335, -0.00905900355428, 0.0212396215647, -0.0127840470523, 0.00874466728419, -0.00375117105432], [0.00180664204527, -0.0102622322738, 0.0111056361347, -0.00548828952014, 0.00879051256925, -0.0119635816664, 0.00151849142276, -0.00519775832072, 0.00572345452383, -0.0127840470523, 0.0284442659467, -0.0147414160892, 0.00400004349649], [-5.25533505424e-05, 0.0129871619865, -0.00876676663756, 0.00472507392988, -0.00895134918392, 0.01144567132, -0.00826119724661, 0.00537985190749, -0.00501067005098, 0.00874466728419, -0.0147414160892, 0.0275118239224, -0.00873284228146], [0.00126461102627, -0.00751016195863, 0.00542322266847, -0.00406961748376, 0.00463793054223, -0.00686052720994, 0.00634555751458, -0.00343253440224, 0.000282949418761, -0.00375117105432, 0.00400004349649, -0.00873284228146, 0.0240537635982]]
    },
    "melbands": {
        "max": [0.00589403370395, 0.00632143346593, 0.00430733710527, 0.00417036097497, 0.00233969930559, 0.00292979576625, 0.00708120316267, 0.00740912882611, 0.00425881659612, 0.00537296803668, 0.00514135835692, 0.00830072723329, 0.00432242592797, 0.00307307206094, 0.0034049381502, 0.00376604218036, 0.00175741652492, 0.000724202778656, 0.00220344075933, 0.000895789824426, 0.000938112090807, 0.00117925077211, 0.000300000072457, 0.000278474239167, 0.00020683540788, 0.000130503671244, 0.000127115417854, 4.79392911075e-05, 5.14247039973e-05, 8.55386024341e-05, 0.000119948803331, 8.91536546987e-05, 7.39570095902e-05, 4.88114565087e-05, 3.73738330381e-05, 4.55302470073e-05, 3.45850530721e-05, 9.98128052743e-06, 6.34768093732e-06, 3.92626361645e-06],
        "mean": [0.000471136096166, 0.00064957421273, 0.000606318935752, 0.000404067715863, 0.000311943003908, 0.000273615209153, 0.000315678102197, 0.000371810339857, 0.000445942219812, 0.000452656444395, 0.000407048763009, 0.000651579059195, 0.000401144236093, 0.000206382508622, 0.000354552816134, 0.000178827278432, 0.00011172642553, 6.51039736113e-05, 5.36994084541e-05, 3.43421925209e-05, 3.9151564124e-05, 4.3184380047e-05, 2.79977921309e-05, 3.0536113627e-05, 2.2419500965e-05, 1.39782787301e-05, 1.05077342596e-05, 6.11623318036e-06, 6.06084904575e-06, 4.26119368058e-06, 4.31244416177e-06, 6.4077407842e-06, 5.82387383474e-06, 3.7146755858e-06, 2.14449164559e-06, 1.55146108227e-06, 1.11141901016e-06, 6.30085082776e-07, 3.6066779785e-07, 2.60556362264e-07],
        "min": [2.78791208075e-06, 3.99968439524e-06, 1.35024049541e-06, 1.45647993577e-06, 1.24291648262e-06, 1.66944118973e-06, 1.02233661892e-06, 1.28588965254e-06, 1.75670982117e-06, 1.6802484879e-06, 1.99366127163e-06, 2.54543874689e-06, 7.89971863924e-07, 4.59588250123e-07, 9.90481908048e-07, 1.05518404325e-06, 1.57287786351e-06, 4.71591334872e-07, 1.81278352329e-07, 1.71845940145e-07, 1.61927559361e-07, 2.53407648643e-07, 4.38697270511e-07, 9.90858382011e-08, 1.25285538388e-07, 3.3721491377e-08, 3.07747995976e-08, 3.41640564727e-08, 8.1211986469e-08, 4.85308113696e-08, 2.89208479387e-08, 2.47781155593e-08, 9.13356323906e-09, 1.85248971718e-08, 2.38893953508e-08, 1.20326042463e-08, 5.17730169847e-09, 2.15922679736e-09, 8.30934654417e-10, 3.0996418765e-09],
        "stdev": [0.000726178346667, 0.000740258139558, 0.000679343182128, 0.000455661240267, 0.000316189310979, 0.000311239942675, 0.000472623447422, 0.000635829172097, 0.000580114603508, 0.000580381543841, 0.000589603965636, 0.000886678288225, 0.000578513776418, 0.000285633082967, 0.00050551246386, 0.000299124920275, 0.000159302901011, 8.6635693151e-05, 0.000112078858365, 6.02668987995e-05, 7.27407750674e-05, 6.70124718454e-05, 2.75096645055e-05, 3.19156752084e-05, 2.49411114055e-05, 1.58241637109e-05, 1.2633246115e-05, 6.16898068984e-06, 6.24401673122e-06, 4.97801374877e-06, 5.5160003285e-06, 8.12645976112e-06, 7.21616015653e-06, 4.31753687735e-06, 2.78565016743e-06, 2.54593419413e-06, 2.13435100704e-06, 9.37263678225e-07, 5.04115121203e-07, 3.48300176256e-07]
    },
    "melbands128": {
        "max": [0.000786807795521, 0.00555638363585, 0.00932965893298, 0.00933285523206, 0.00860073789954, 0.0103662144393, 0.00664763525128, 0.00714366091415, 0.0086597846821, 0.00759754003957, 0.0045548309572, 0.00415000924841, 0.00395529484376, 0.00615527341142, 0.00405843183398, 0.00454551586881, 0.0062665482983, 0.0123064722866, 0.012283754535, 0.0132977776229, 0.007727406919, 0.00720035284758, 0.00768442731351, 0.0102067068219, 0.010903917253, 0.00968952011317, 0.0115328766406, 0.00996625889093, 0.00978392269462, 0.00771545246243, 0.0147414728999, 0.0133974552155, 0.00709128100425, 0.0033958114218, 0.00475200498477, 0.00364279095083, 0.00512868585065, 0.00712162395939, 0.00582114048302, 0.00454113446176, 0.00856464542449, 0.00200746557675, 0.00149922876153, 0.00516063580289, 0.00144773710053, 0.00135301030241, 0.00226209964603, 0.00465535977855, 0.00140255619772, 0.000677342060953, 0.0017341687344, 0.00302017945796, 0.00162762892433, 0.00103812583257, 0.00288516283035, 0.0019312473014, 0.000819778069854, 0.00038414215669, 0.000490573700517, 0.000259472173639, 0.000606262125075, 0.000640148005914, 0.000293370976578, 0.000202768642339, 0.000426711485488, 0.000239830696955, 0.000226415839279, 0.000129191423184, 0.000241476504016, 0.000110542518087, 6.01289793849e-05, 6.79922595737e-05, 8.85358749656e-05, 7.33446286176e-05, 8.0508456449e-05, 9.17190191103e-05, 8.03480943432e-05, 7.36323563615e-05, 0.000135297785164, 0.000175151377334, 0.000123963254737, 0.000115764822112, 0.000120102136862, 0.000100308032415, 5.92809883528e-05, 6.90859451424e-05, 4.68781981908e-05, 4.60288320028e-05, 4.03194499086e-05, 4.99285488331e-05, 4.53907086921e-05, 3.99759446736e-05, 5.15759238624e-05, 4.09816530009e-05, 4.4409007387e-05, 1.08044796434e-05, 9.71739791567e-06, 8.22497349873e-06, 7.51798279452e-06, 6.61156400383e-06, 5.25957511854e-06, 4.89972262585e-06, 3.36831408276e-06, 3.36093012265e-06, 3.53572113454e-06, 1.61773448326e-06, 1.74121771579e-06, 1.58719637966e-06, 9.44908492784e-07, 8.68568633905e-07, 1.05169829112e-06, 2.12455188375e-06, 2.2178621748e-06, 1.56165629051e-06, 6.34499997432e-07, 1.40021640505e-07, 3.25710551863e-08, 1.60788200532e-08, 1.57644155507e-08, 1.54403156927e-08, 1.51145425065e-08, 1.4853865693e-08, 1.45823149111e-08, 1.4328076503e-08, 1.41519107544e-08, 1.40176190655e-08, 1.3909075669e-08, 1.38378917214e-08],
        "mean": [3.91723842768e-05, 0.000295875797747, 0.000685281178448, 0.000750179286115, 0.000607247289736, 0.00059304718161, 0.000693501438946, 0.000623289146461, 0.000472196581541, 0.000383942271583, 0.000390200264519, 0.000280424108496, 0.000311747629894, 0.00033548756619, 0.000227153403102, 0.000272429810138, 0.000283048255369, 0.000251132325502, 0.000451580242952, 0.000462626456283, 0.000278924853774, 0.000272156466963, 0.000508040247951, 0.000598646991421, 0.000372671609512, 0.000455717789009, 0.000473202351714, 0.000394509203034, 0.000364167179214, 0.000399215321522, 0.000906719651539, 0.000873804092407, 0.000310935487505, 0.000112053719931, 0.000171991836396, 0.000197227593162, 0.000313948054099, 0.000524055096321, 0.000242694906774, 0.000147172861034, 0.000219340334297, 0.000136258589919, 9.87830935628e-05, 0.000118355172162, 7.3429881013e-05, 5.63390931347e-05, 4.53457978438e-05, 7.0529851655e-05, 4.56235175079e-05, 3.50363006874e-05, 2.88287301373e-05, 3.83918850275e-05, 4.67624377052e-05, 3.2869156712e-05, 3.73535694962e-05, 5.21559668414e-05, 4.29200736107e-05, 2.3572370992e-05, 2.57711399172e-05, 2.85543428618e-05, 3.16171463055e-05, 3.28437854478e-05, 2.39457913267e-05, 1.82772892003e-05, 2.16226944758e-05, 1.42505168697e-05, 9.45839747146e-06, 1.00025390566e-05, 1.28271731228e-05, 7.32612124921e-06, 5.43522264707e-06, 6.05738114245e-06, 6.09460403211e-06, 6.77638126945e-06, 4.79583786728e-06, 4.38942515757e-06, 3.69453846361e-06, 4.40700159743e-06, 4.23435767516e-06, 4.35748961536e-06, 5.87884369452e-06, 7.37336449674e-06, 7.45459101381e-06, 5.61605202165e-06, 4.76365630675e-06, 3.84016220778e-06, 3.53204427483e-06, 3.01232239508e-06, 1.93455434783e-06, 1.63208278536e-06, 1.69684847151e-06, 1.44890555021e-06, 1.45742410496e-06, 1.14665090223e-06, 9.4018736263e-07, 6.77072705457e-07, 6.01069189088e-07, 4.79815014387e-07, 3.71017051748e-07, 2.91055727075e-07, 2.70988977036e-07, 2.44705432806e-07, 2.74772162356e-07, 1.94829681277e-07, 2.23944567779e-07, 1.33205972475e-07, 9.51067491428e-08, 7.7947305499e-08, 6.37833679207e-08, 5.32616724058e-08, 5.51063834564e-08, 4.46893508865e-08, 3.23960627213e-08, 8.33845259507e-09, 3.04971781162e-09, 2.04263383985e-09, 4.86312323744e-10, 1.61247491054e-11, 1.55557823567e-11, 1.52144234711e-11, 1.48754307483e-11, 1.46039343812e-11, 1.43408245348e-11, 1.40855192093e-11, 1.38644729378e-11, 1.36501651996e-11, 1.35015922054e-11, 1.34259018833e-11],
        "min": [4.63347724633e-08, 5.33849458861e-07, 1.19961896416e-06, 2.41879502028e-06, 4.49372873845e-06, 1.50943469635e-06, 3.91088576635e-07, 5.01628335314e-07, 3.7897149241e-07, 5.75729472985e-07, 3.01301980699e-07, 2.51296029319e-07, 7.32295006856e-07, 1.28335034333e-06, 7.95914274931e-07, 2.43538721634e-07, 2.48233334332e-07, 5.8931317426e-07, 7.62354261497e-07, 1.1854396007e-06, 2.80046492662e-07, 2.23211216621e-07, 6.30638282928e-07, 7.45692886994e-07, 1.14769250104e-06, 3.63845003903e-07, 9.73930468717e-07, 2.56639765439e-07, 3.33417233378e-07, 4.70303234579e-07, 1.38549887652e-06, 1.29233990265e-06, 8.94193874501e-07, 3.73262764697e-07, 5.51854881792e-08, 3.55306383426e-07, 1.08280880795e-06, 5.75004378334e-07, 5.29070064204e-07, 2.55675757899e-07, 1.19403193821e-06, 1.48030107994e-06, 7.39257075111e-07, 6.27413385246e-07, 3.21932333236e-07, 9.86418626781e-08, 1.98018824449e-07, 1.42649000168e-07, 5.99040603788e-08, 1.30438550627e-07, 1.39054890269e-07, 7.21087616284e-08, 5.54951533616e-08, 6.30147596326e-08, 6.52038991689e-08, 1.09681458582e-07, 1.01668781838e-07, 2.28801440016e-07, 2.46556794536e-07, 3.0721128752e-08, 9.06099018039e-08, 8.36303541973e-08, 1.57908814913e-07, 1.20389060498e-07, 6.02780403369e-08, 1.93781346525e-08, 1.25437189524e-08, 3.74876663045e-08, 3.29693286005e-08, 2.21598757122e-08, 1.86087802945e-08, 1.51942280979e-08, 4.79956128174e-08, 6.03756902251e-08, 4.30667235207e-08, 3.21457491737e-08, 1.09043147845e-08, 1.06838591307e-08, 4.55201174532e-08, 1.75168874961e-08, 2.29525856099e-08, 1.04686437297e-08, 6.64277743923e-09, 6.87608681105e-09, 1.32611099879e-09, 4.83589923661e-09, 1.86706969885e-08, 3.30342508903e-08, 1.98470821999e-08, 9.5369321329e-09, 7.92340504319e-09, 8.28429769228e-09, 7.36028393789e-09, 1.64823676929e-09, 1.04047337413e-09, 8.95092888697e-10, 6.02734029354e-10, 5.29338628485e-10, 2.14043407998e-10, 9.55747460341e-12, 3.22998702437e-12, 1.12899745108e-09, 1.11821296667e-09, 1.00313179985e-09, 1.21613483173e-10, 9.56528856122e-10, 3.35349387148e-11, 2.52009567728e-12, 1.80429157942e-13, 1.48690792751e-13, 1.27570005883e-13, 9.54365913012e-14, 1.09342791982e-13, 1.2853662633e-13, 1.01748457207e-13, 1.22245055333e-13, 9.05768583509e-14, 9.08508430162e-14, 9.18859037252e-14, 9.9406431437e-14, 1.13448753701e-13, 9.17157517467e-14, 8.04126527192e-14, 8.08742585704e-14, 7.69021348337e-14, 2.46570393091e-14, 3.86085833578e-15, 1.47492033925e-16],
        "stdev": [7.11177708581e-05, 0.000637655961327, 0.00114718056284, 0.00105291313957, 0.000856457918417, 0.000830907723866, 0.000936948810704, 0.000824308837764, 0.00067463493906, 0.000588939990848, 0.000534758029971, 0.000417068426032, 0.00039996104897, 0.000442530639702, 0.000348350324202, 0.000453484040918, 0.000597222300712, 0.000526880437974, 0.000783938332461, 0.00105911202263, 0.00070181384217, 0.000529477139935, 0.000814174709376, 0.00108824577183, 0.000758107285947, 0.000841084460262, 0.000946979038417, 0.000828174757771, 0.000810840225313, 0.000722293625586, 0.00165037193801, 0.00160598382354, 0.000658451404888, 0.000249866396189, 0.000423998833867, 0.000373737770133, 0.000554392987397, 0.000949064909946, 0.000472452433314, 0.000286276772385, 0.000618646736257, 0.000200134847546, 0.000155548172188, 0.000352105969796, 0.000130470754812, 0.000101208483102, 0.000118200674478, 0.000227865835768, 9.13414696697e-05, 6.50492729619e-05, 8.76010235515e-05, 0.000120014912682, 0.000117317285913, 7.53602216719e-05, 0.000123320511193, 9.82893543551e-05, 7.14371271897e-05, 4.05793725804e-05, 3.79680859623e-05, 3.58830147889e-05, 4.82426512463e-05, 5.52202582185e-05, 3.23134663631e-05, 2.34780782193e-05, 4.08529340348e-05, 2.12485902011e-05, 1.61637453857e-05, 1.28142191897e-05, 2.15325162571e-05, 1.0232828572e-05, 7.07408707967e-06, 8.68902316142e-06, 8.48508261697e-06, 8.25301412988e-06, 6.33762920188e-06, 6.8937101787e-06, 4.64736376671e-06, 6.14652662989e-06, 6.23423193247e-06, 7.05255024513e-06, 8.38631876832e-06, 1.04667524283e-05, 1.03236734503e-05, 7.99444569566e-06, 6.3562683863e-06, 5.27216889168e-06, 4.51476716989e-06, 3.88447369915e-06, 3.00833562505e-06, 2.68689927907e-06, 2.84692941932e-06, 2.67528162112e-06, 2.84510610982e-06, 2.32660613619e-06, 2.2560184334e-06, 1.13525300094e-06, 8.81690255028e-07, 6.97915993442e-07, 5.77979676564e-07, 4.66161139911e-07, 4.34686626249e-07, 3.80397011668e-07, 3.66972017218e-07, 2.85417655732e-07, 3.49560707491e-07, 1.86923315937e-07, 1.46219122144e-07, 1.14463674095e-07, 9.66816386949e-08, 7.57577325317e-08, 7.2202759327e-08, 9.08951562906e-08, 8.7740964716e-08, 4.63425280373e-08, 1.96164311461e-08, 6.24987883668e-09, 1.67151203989e-09, 4.29346336261e-10, 4.20957130265e-10, 4.12301692787e-10, 4.03603594989e-10, 3.96643773382e-10, 3.89392573741e-10, 3.82604059546e-10, 3.77900960524e-10, 3.74317771223e-10, 3.71420755263e-10, 3.69519859156e-10]
    },
    "mfcc": {
        "mean": [-597.076843262, 120.83203125, -21.0621337891, 6.55630874634, -14.4030370712, 9.07067584991, -1.75727105141, 14.1305065155, -5.11129999161, -1.73712348938, 2.41406154633, -1.16869819164, -4.07873535156],
        "cov": [[1643.41894531, -371.238433838, -51.6626739502, 3.18212413788, -59.8273735046, -35.7646369934, 14.5787067413, -85.9094619751, -8.5534324646, 18.815536499, -37.6708106995, -41.7013053894, -13.4315109253], [-371.238433838, 537.613586426, -62.4865188599, 4.01401329041, 42.2400741577, -48.4114227295, 26.0045814514, -63.6223564148, 25.4525585175, 63.3745689392, 0.547091960907, 9.56017398834, 21.7745857239], [-51.6626739502, -62.4865188599, 223.132919312, 58.637550354, 28.5420722961, 10.2148427963, -2.02114629745, -31.2666301727, 25.5820026398, 9.17435359955, -11.7135562897, 20.9163188934, 25.2974834442], [3.18212413788, 4.01401329041, 58.637550354, 149.343429565, 73.6516036987, -0.920951187611, -25.2599086761, -30.3215141296, 27.1260604858, 5.12551879883, -9.14237880707, -1.55317592621, 29.3136444092], [-59.8273735046, 42.2400741577, 28.5420722961, 73.6516036987, 148.145553589, 4.98443555832, -37.2668991089, -55.742477417, 34.3559570312, 20.8406600952, -17.9096813202, 6.59843349457, 30.9486408234], [-35.7646369934, -48.4114227295, 10.2148427963, -0.920951187611, 4.98443555832, 118.044265747, 44.1365127563, 53.5279464722, -7.40439176559, -4.71790552139, 12.8716421127, -2.35756039619, -10.467086792], [14.5787067413, 26.0045814514, -2.02114629745, -25.2599086761, -37.2668991089, 44.1365127563, 139.192810059, 62.9967918396, -19.3012809753, 7.74973487854, 17.7533988953, 5.77552747726, -10.8130331039], [-85.9094619751, -63.6223564148, -31.2666301727, -30.3215141296, -55.742477417, 53.5279464722, 62.9967918396, 185.672424316, -16.2441539764, -31.9927616119, 41.3660316467, -14.6066322327, -30.6161441803], [-8.5534324646, 25.4525585175, 25.5820026398, 27.1260604858, 34.3559570312, -7.40439176559, -19.3012809753, -16.2441539764, 73.1471786499, 33.4889602661, -6.57685184479, 4.08304834366, 12.4785509109], [18.815536499, 63.3745689392, 9.17435359955, 5.12551879883, 20.8406600952, -4.71790552139, 7.74973487854, -31.9927616119, 33.4889602661, 84.5742263794, 12.5024089813, 7.5206193924, 4.41424226761], [-37.6708106995, 0.547091960907, -11.7135562897, -9.14237880707, -17.9096813202, 12.8716421127, 17.7533988953, 41.3660316467, -6.57685184479, 12.5024089813, 72.1401367188, 16.3430690765, -4.76580715179], [-41.7013053894, 9.56017398834, 20.9163188934, -1.55317592621, 6.59843349457, -2.35756039619, 5.77552747726, -14.6066322327, 4.08304834366, 7.5206193924, 16.3430690765, 64.1129150391, 22.2065582275], [-13.4315109253, 21.7745857239, 25.2974834442, 29.3136444092, 30.9486408234, -10.467086792, -10.8130331039, -30.6161441803, 12.4785509109, 4.41424226761, -4.76580715179, 22.2065582275, 68.5270843506]],
        "icov": [[0.000964939186815, 0.000987734994851, 0.000670934969094, -0.000375711300876, 0.00047884741798, 0.000421943288529, -0.000861922802869, 0.00100916228257, -0.000217972396058, -0.000624796375632, 0.000171082298039, 0.000624884618446, -0.000159296701895], [0.000987734994851, 0.00342614785768, 0.00160192628391, -0.000373581977328, -0.000163003263879, 0.00144636654295, -0.0021080202423, 0.00167739274912, -0.00056704954477, -0.00179803464562, 2.15945692617e-05, 0.000698565563653, -0.000621091050562], [0.000670934969094, 0.00160192628391, 0.00630045402795, -0.00233504967764, 0.000844326568767, -0.000276765145827, -0.00146234920248, 0.00166880420875, -0.00165699480567, -0.000676429423038, 0.000931049929932, -0.00127890112344, -0.000788800301962], [-0.000375711300876, -0.000373581977328, -0.00233504967764, 0.0104404147714, -0.00447252904996, 0.000117581199447, 0.00047415815061, -0.000242371956119, -0.00141111086123, 0.00164507969748, -0.00142241711728, 0.00222206255421, -0.00222259550355], [0.00047884741798, -0.000163003263879, 0.000844326568767, -0.00447252904996, 0.0116944089532, -0.00265632104129, 0.00159425055608, 0.00218134187162, -0.00226469221525, -0.00134819431696, 0.00154335657135, -0.00040220390656, -0.00197704369202], [0.000421943288529, 0.00144636654295, -0.000276765145827, 0.000117581199447, -0.00265632104129, 0.0117588480935, -0.00356456800364, -0.00208335183561, 0.00069957372034, -0.000617466052063, -0.000395217619371, 0.000523573427927, 0.000892729265615], [-0.000861922802869, -0.0021080202423, -0.00146234920248, 0.00047415815061, 0.00159425055608, -0.00356456800364, 0.0119182430208, -0.00455997511744, 0.00363423139788, -0.0029434976168, 0.0014656430576, -0.0023597846739, -0.000188789606909], [0.00100916228257, 0.00167739274912, 0.00166880420875, -0.000242371956119, 0.00218134187162, -0.00208335183561, -0.00455997511744, 0.0116555467248, -0.0037839312572, 0.00450214324519, -0.00569510832429, 0.00335139990784, 0.00125384645071], [-0.000217972396058, -0.00056704954477, -0.00165699480567, -0.00141111086123, -0.00226469221525, 0.00069957372034, 0.00363423139788, -0.0037839312572, 0.0209818277508, -0.00911241583526, 0.00373631133698, -0.00128873065114, -0.001190946321], [-0.000624796375632, -0.00179803464562, -0.000676429423038, 0.00164507969748, -0.00134819431696, -0.000617466052063, -0.0029434976168, 0.00450214324519, -0.00911241583526, 0.0199838615954, -0.00668015750125, 0.000887581496499, 0.00167626701295], [0.000171082298039, 2.15945692617e-05, 0.000931049929932, -0.00142241711728, 0.00154335657135, -0.000395217619371, 0.0014656430576, -0.00569510832429, 0.00373631133698, -0.00668015750125, 0.0203223899007, -0.00665510259569, 0.000540786248166], [0.000624884618446, 0.000698565563653, -0.00127890112344, 0.00222206255421, -0.00040220390656, 0.000523573427927, -0.0023597846739, 0.00335139990784, -0.00128873065114, 0.000887581496499, -0.00665510259569, 0.0212904065847, -0.00637592049316], [-0.000159296701895, -0.000621091050562, -0.000788800301962, -0.00222259550355, -0.00197704369202, 0.000892729265615, -0.000188789606909, 0.00125384645071, -0.001190946321, 0.00167626701295, 0.000540786248166, -0.00637592049316, 0.0197731368244]]
    },
    "spectral_contrast_coeffs": {
        "max": [-0.508881807327, -0.537771582603, -0.457511305809, -0.612546265125, -0.642160892487, -0.582932472229],
        "mean": [-0.73086643219, -0.75287759304, -0.711108148098, -0.763339281082, -0.766137599945, -0.712751448154],
        "min": [-0.962829709053, -0.925613582134, -0.87375575304, -0.880250811577, -0.876707434654, -0.831565737724],
        "stdev": [0.0580920949578, 0.0612195767462, 0.0699881985784, 0.0477668941021, 0.0403556600213, 0.0377998389304]
    },
    "spectral_contrast_valleys": {
        "max": [-5.15501689911, -4.90966033936, -5.28592634201, -5.89829587936, -5.99112892151, -8.43383216858],
        "mean": [-6.61130094528, -6.26418161392, -6.57569313049, -7.08164787292, -7.22280311584, -10.2279253006],
        "min": [-9.12101650238, -8.20914649963, -8.30506706238, -8.83465480804, -9.09597587585, -12.530957222],
        "stdev": [0.523349285126, 0.549530446529, 0.509307444096, 0.455760478973, 0.46484169364, 0.618902802467]
    }
},
"rhythm": {
    "beats_count": 59,
    "beats_loudness": {
        "max": 0.0678732171655,
        "mean": 0.0357325822115,
        "min": 0.0113106463104,
        "stdev": 0.0135667007416
    },
    "bpm": 104.100349426,
    "bpm_histogram_first_peak_bpm": 103,
    "bpm_histogram_first_peak_weight": 0.444444477558,
    "bpm_histogram_second_peak_bpm": 136,
    "bpm_histogram_second_peak_spread": 0.583333313465,
    "bpm_histogram_second_peak_weight": 0.0862068980932,
    "danceability": 1.03045773506,
    "onset_rate": 2.67626929283,
    "beats_loudness_band_ratio": {
        "max": [0.71288651228, 0.580018520355, 0.6396946311, 0.884099900723, 0.485252350569, 0.23307877779],
        "mean": [0.179310187697, 0.116801358759, 0.266506016254, 0.32473769784, 0.105704985559, 0.0478699207306],
        "min": [0.00518004177138, 0.0125063331798, 0.018303534016, 0.0618106387556, 0.0086307618767, 0.0017847022973],
        "stdev": [0.131538942456, 0.0948592722416, 0.142131909728, 0.187483027577, 0.0838616266847, 0.0410371124744]
    },
    "beats_position": [0.452789098024, 0.905578196049, 1.35836732388, 1.78793644905, 2.21750569344, 2.6470746994, 3.08825397491, 3.52943301201, 3.97061228752, 4.41179132462, 4.86458063126, 5.30575942993, 5.75854873657, 6.33904743195, 6.91954612732, 7.50004529953, 8.08054447174, 8.66104316711, 9.24154186249, 9.81043052673, 10.379319191, 10.9482088089, 11.5287075043, 12.0975961685, 12.6664848328, 13.235373497, 13.8158731461, 14.4079818726, 14.9884805679, 15.5573692322, 16.1378688812, 16.7183666229, 17.2872562408, 17.8561439514, 18.4366436005, 19.0055332184, 19.574420929, 20.154920578, 20.7354183197, 21.3159179688, 21.8964176178, 22.4885253906, 23.0806350708, 23.6611328125, 24.2300224304, 24.7989120483, 25.3677997589, 25.9250793457, 26.4939670563, 27.0628566742, 27.6317462921, 28.2122440338, 28.7927436829, 29.3732414246, 29.9537410736, 30.5342407227, 31.1147384644, 31.6952381134, 32.2757377625],
