{
"metadata": {
    "version": {
        "essentia": "2.1-beta5",
        "essentia_git_sha": "Undefined",
        "extractor": "music 2.0"
    },
    "audio_properties": {
        "analysis": {
            "equal_loudness": 0,
            "length": 34.0985031128,
            "sample_rate": 44100,
            "start_time": 175.240997314,
            "downmix": "mix"
        },
        "bit_rate": 192000,
        "length": 209.362731934,
        "lossless": 0,
        "number_channels": 2,
        "replay_gain": -7.30591011047,
        "sample_rate": 48000,
        "codec": "mp3",
        "md5_encoded": "870bc6d47a4b07c3f5f3f4a6c4504930"
    },
    "tags": {
        "file_name": "Ireland_Dreamin__Eddie Friel.mp3",
        "encoding": ["Lavf58.29.100"]
    }
},
"lowlevel": {
    "average_loudness": 0.734889388084,
    "barkbands_crest": {
        "max": 21.3305339813,
        "mean": 7.99573040009,
        "min": 3.09805893898,
        "stdev": 3.01787471771
    },
    "barkbands_flatness_db": {
        "max": 0.220583155751,
        "mean": 0.120660819113,
        "min": 0.0496142730117,
        "stdev": 0.036397587508
    },
    "barkbands_kurtosis": {
        "max": 23.3068180084,
        "mean": 2.61884355545,
        "min": -1.67262482643,
        "stdev": 2.67108988762
    },
    "barkbands_skewness": {
        "max": 4.20327329636,
        "mean": 0.287657946348,
        "min": -2.20904612541,
        "stdev": 1.53746759892
    },
    "barkbands_spread": {
        "max": 59.5776672363,
        "mean": 19.1910133362,
        "min": 5.13678789139,
        "stdev": 7.93217039108
    },
    "dissonance": {
        "max": 0.499999910593,
        "mean": 0.470738917589,
        "min": 0.364089280367,
        "stdev": 0.027188103646
    },
    "dynamic_complexity": 3.39493727684,
    "erbbands_crest": {
        "max": 23.9651794434,
        "mean": 7.33979415894,
        "min": 2.63421297073,
        "stdev": 3.8769133091
    },
    "erbbands_flatness_db": {
        "max": 0.29274469614,
        "mean": 0.162287294865,
        "min": 0.0820333138108,
        "stdev": 0.0520080216229
    },
    "erbbands_kurtosis": {
        "max": 8.12090492249,
        "mean": 0.299183815718,
        "min": -1.60314810276,
        "stdev": 1.1374591589
    },
    "erbbands_skewness": {
        "max": 2.36128354073,
        "mean": 0.203534886241,
        "min": -2.00066876411,
        "stdev": 0.700760483742
    },
    "erbbands_spread": {
        "max": 82.910987854,
        "mean": 31.8414001465,
        "min": 8.10017871857,
        "stdev": 12.4820833206
    },
    "hfc": {
        "max": 107.426132202,
        "mean": 19.0840301514,
        "min": 1.02786640821e-16,
        "stdev": 17.6718978882
    },
    "loudness_ebu128": {
        "integrated": -14.9315776825,
        "loudness_range": 5.95067405701,
        "momentary": {
            "max": -12.3289966583,
            "mean": -97.3224411011,
            "min": -300.691009521,
            "stdev": 128.139205933
        },
        "short_term": {
            "max": -13.4204044342,
            "mean": -81.1189498901,
            "min": -300.691009521,
            "stdev": 118.316200256
        }
    },
    "melbands_crest": {
        "max": 24.8648548126,
        "mean": 8.62418651581,
        "min": 1.45065426826,
        "stdev": 5.35081338882
    },
    "melbands_flatness_db": {
        "max": 0.287480890751,
        "mean": 0.121506601572,
        "min": 0.00289372471161,
        "stdev": 0.0793322324753
    },
    "melbands_kurtosis": {
        "max": 61.2115249634,
        "mean": 4.22126293182,
        "min": -1.43084228039,
        "stdev": 6.68519878387
    },
    "melbands_skewness": {
        "max": 6.43495225906,
        "mean": 1.22934937477,
        "min": -0.485257208347,
        "stdev": 1.23832988739
    },
    "melbands_spread": {
        "max": 169.95300293,
        "mean": 53.5053024292,
        "min": 4.89721679688,
        "stdev": 51.9076271057
    },
    "pitch_salience": {
        "max": 0.879611551762,
        "mean": 0.671211540699,
        "min": 0.34302842617,
        "stdev": 0.11731904
    },
    "silence_rate_20dB": {
        "max": 1,
        "mean": 1,
        "min": 1,
        "stdev": 0
    },
    "silence_rate_30dB": {
        "max": 1,
        "mean": 1,
        "min": 1,
        "stdev": 0
    },
    "silence_rate_60dB": {
        "max": 1,
        "mean": 0.328571438789,
        "min": 0,
        "stdev": 0.469692677259
    },
    "spectral_centroid": {
        "max": 11864.0048828,
        "mean": 4113.40869141,
        "min": 456.955596924,
        "stdev": 4464.4375
    },
    "spectral_complexity": {
        "max": 46,
        "mean": 16.2326526642,
        "min": 0,
        "stdev": 12.4271183014
    },
    "spectral_decrease": {
        "max": 2.21757110845e-28,
        "mean": -5.73698999418e-09,
        "min": -2.16817479526e-08,
        "stdev": 5.11419129268e-09
    },
    "spectral_energy": {
        "max": 0.0859749242663,
        "mean": 0.0233837198466,
        "min": 9.65386740936e-21,
        "stdev": 0.0206296928227
    },
    "spectral_energyband_high": {
        "max": 0.0154145183042,
        "mean": 0.000511767284479,
        "min": 6.82977505508e-21,
        "stdev": 0.000915277283639
    },
    "spectral_energyband_low": {
        "max": 0.0670087635517,
        "mean": 0.00255083921365,
        "min": 1.23052850661e-23,
        "stdev": 0.00490991026163
    },
    "spectral_energyband_middle_high": {
        "max": 0.0564256049693,
        "mean": 0.00676783919334,
        "min": 1.14286341026e-21,
        "stdev": 0.00903593655676
    },
    "spectral_energyband_middle_low": {
        "max": 0.0706759914756,
        "mean": 0.0143300453201,
        "min": 1.44962354743e-22,
        "stdev": 0.015116263181
    },
    "spectral_entropy": {
        "max": 9.82573604584,
        "mean": 8.21110725403,
        "min": 6.82046222687,
        "stdev": 1.0394307375
    },
    "spectral_flux": {
        "max": 0.237966194749,
        "mean": 0.061120852828,
        "min": 6.35187180631e-11,
        "stdev": 0.0480340607464
    },
    "spectral_kurtosis": {
        "max": 14.4515724182,
        "mean": 2.62252759933,
        "min": -1.26952683926,
        "stdev": 3.00862121582
    },
    "spectral_rms": {
        "max": 0.00915849208832,
        "mean": 0.00382597208954,
        "min": 3.0689424526e-12,
        "stdev": 0.00285927136429
    },
    "spectral_rolloff": {
        "max": 20155.078125,
        "mean": 6511.67089844,
        "min": 215.33203125,
        "stdev": 7887.76611328
    },
    "spectral_skewness": {
        "max": 2.53874063492,
        "mean": 1.10427522659,
        "min": -0.108359262347,
        "stdev": 0.754495918751
    },
    "spectral_spread": {
        "max": 43123048,
        "mean": 14692023,
        "min": 2300927.75,
        "stdev": 16648255
    },
    "spectral_strongpeak": {
        "max": 7.09604215622,
        "mean": 0.937943994999,
        "min": 0,
        "stdev": 1.11230742931
    },
    "zerocrossingrate": {
        "max": 0.65673828125,
        "mean": 0.188554286957,
        "min": 0.01416015625,
        "stdev": 0.202162846923
    },
    "barkbands": {
        "max": [0.00519324280322, 0.040754429996, 0.0257942192256, 0.0322954207659, 0.0604598261416, 0.0549853108823, 0.0224758051336, 0.0532419160008, 0.0247060265392, 0.0438816472888, 0.0276790428907, 0.0129003142938, 0.0187882576138, 0.0101029071957, 0.0096570327878, 0.0104027288035, 0.00423616869375, 0.00146999058779, 0.00128572620451, 0.00316521315835, 0.00360357807949, 0.00242538983002, 0.00372005323879, 0.00366294616833, 0.000744678603951, 0.000109470442112, 2.63567176262e-06],
        "mean": [9.91949418676e-05, 0.00112407153938, 0.000772399420384, 0.00139001302887, 0.00454164715484, 0.00244830199517, 0.00143930665217, 0.00134656263981, 0.00261591654271, 0.00166400149465, 0.00090317678405, 0.000803361064754, 0.000905365042854, 0.000582241686061, 0.000677581061609, 0.000731858075596, 0.000433789129602, 0.000170643412275, 0.000158293842105, 0.000138130344567, 0.000144336358062, 0.000131575696287, 8.1888436398e-05, 5.54947582714e-05, 2.05300857488e-05, 4.04031698054e-06, 7.5105184294e-09],
        "min": [2.66007194433e-26, 2.0270238499e-24, 5.70012351881e-25, 4.95052027654e-25, 4.28185574087e-24, 4.27574680202e-24, 5.90282606158e-24, 4.5747432289e-24, 1.23308765027e-23, 6.99981209207e-24, 6.56424806528e-24, 1.20456733088e-23, 2.85620627588e-23, 2.53692255533e-23, 3.29135583516e-23, 2.59447200941e-23, 5.90713119108e-23, 8.73022645042e-23, 1.09762055865e-22, 1.39090680009e-22, 2.17155282339e-22, 2.74126488748e-22, 3.17420639352e-22, 4.95077138674e-22, 7.70975951752e-22, 1.21301785817e-21, 1.82445932624e-21],
        "stdev": [0.000369820190826, 0.0030562102329, 0.00161488109734, 0.00239574792795, 0.00749903079122, 0.00526984641328, 0.00226337928325, 0.00407193927094, 0.00365744018927, 0.00366300111637, 0.00206045014784, 0.0015082503669, 0.00194634438958, 0.00112620962318, 0.00104217161424, 0.00113396043889, 0.000587814603932, 0.000222619215492, 0.000181001552846, 0.000190657097846, 0.000249877339229, 0.000204309268156, 0.00023420425714, 0.000198133493541, 4.64556978841e-05, 7.19028048479e-06, 7.37992422728e-08]
    },
    "erbbands": {
        "max": [1.23386824131, 10.7619829178, 31.8328037262, 55.8011016846, 109.802612305, 245.505371094, 180.442001343, 553.945678711, 339.84286499, 657.265258789, 858.879882812, 614.218322754, 1015.93823242, 1071.41149902, 1124.11987305, 490.38671875, 1007.12994385, 411.002655029, 543.106323242, 836.066467285, 415.052764893, 240.364135742, 104.244918823, 65.0718307495, 86.097328186, 156.138290405, 179.626159668, 143.91204834, 84.2837677002, 111.851585388, 116.123687744, 92.5832672119, 40.0153045654, 12.4901199341, 3.7968173027, 0.990940272808, 0.0982246920466, 0.00643426179886, 0.000381575257052, 0.000102298472484],
        "mean": [0.0320195369422, 0.256024390459, 0.85740685463, 2.8607711792, 10.1817779541, 17.1820373535, 10.9038057327, 24.7302379608, 25.3606376648, 17.0403442383, 34.8784828186, 62.4154243469, 57.7071151733, 43.0371513367, 41.1470069885, 31.1194801331, 46.5119781494, 27.061214447, 30.0143947601, 50.9122886658, 34.699382782, 24.1245594025, 10.9362888336, 7.48743486404, 8.04161071777, 6.59372997284, 5.57544088364, 6.42385721207, 5.07630443573, 3.09825849533, 2.08238744736, 1.40573990345, 0.739910244942, 0.292235732079, 0.124759666622, 0.0326977819204, 0.00434886664152, 0.000168237864273, 1.97788922378e-05, 2.87784423563e-05],
        "min": [5.55258554584e-23, 3.29682062175e-22, 1.37094220733e-21, 3.64906243973e-21, 7.29376683318e-21, 1.45490229158e-20, 3.30801320746e-20, 4.03440735537e-20, 7.84042885114e-20, 1.76296538664e-19, 2.03100460459e-19, 2.37752878702e-19, 3.79398046024e-19, 4.27519510804e-19, 7.03165249023e-19, 8.82828981467e-19, 1.33489828227e-18, 1.70384017082e-18, 1.73243415023e-18, 3.13888117735e-18, 3.56014482458e-18, 3.75404878146e-18, 4.87700767437e-18, 4.59124737841e-18, 6.32033816801e-18, 7.06569324719e-18, 8.16933581843e-18, 9.10526586611e-18, 8.97879739508e-18, 9.41012741677e-18, 9.04586685351e-18, 9.56266779353e-18, 8.17433116215e-18, 7.60363940521e-18, 5.72637327095e-18, 3.59997398466e-18, 2.0735871129e-18, 8.79476832035e-19, 2.13475851506e-19, 2.60476282992e-20],
        "stdev": [0.102390512824, 0.67847943306, 1.8106546402, 4.55377483368, 15.2739953995, 30.1020298004, 19.4985103607, 54.3119697571, 37.922794342, 43.5217285156, 76.9648971558, 88.723739624, 118.161201477, 86.0498580933, 85.3910675049, 55.6923217773, 102.67653656, 51.3473167419, 50.8390159607, 83.8085861206, 48.6547966003, 31.7296886444, 13.168926239, 8.97581863403, 9.39591026306, 9.24343776703, 9.22428703308, 11.7935447693, 7.98930168152, 6.6543545723, 6.47331142426, 5.13893270493, 2.43640208244, 0.760736405849, 0.268759429455, 0.0590742006898, 0.00889355782419, 0.000445542944362, 2.36273226619e-05, 2.50213925028e-05]
    },
    "gfcc": {
        "mean": [-362.342102051, 69.5629501343, -107.864952087, 19.3243770599, -52.6521720886, 11.5991401672, -30.9368362427, 4.34032821655, -14.5939226151, -1.96809732914, -13.4548864365, -3.13976860046, -1.05393242836],
        "cov": [[342480.46875, 26816.4511719, -39551.3476562, 7797.45117188, -19877.7910156, 4259.17578125, -11731.2226562, 1492.44689941, -5489.73046875, -785.208068848, -5188.33544922, -1243.64587402, -477.832397461], [26816.4511719, 2470.05273438, -2733.78686523, 754.226013184, -1532.82458496, 250.678527832, -939.477966309, 45.2444953918, -427.46762085, -94.4328613281, -409.358459473, -141.923522949, -50.416179657], [-39551.3476562, -2733.78686523, 5628.35546875, -467.087341309, 2255.09545898, -675.289794922, 1197.61279297, -324.745727539, 629.143676758, 86.2545928955, 544.958312988, 114.443756104, -11.5222034454], [7797.45117188, 754.226013184, -467.087341309, 451.744293213, -445.188140869, 4.72364234924, -371.374786377, -47.2227554321, -117.060150146, -31.8715744019, -155.673950195, -32.1130981445, -8.8292016983], [-19877.7910156, -1532.82458496, 2255.09545898, -445.188140869, 1276.49389648, -185.372848511, 737.076477051, -67.3203582764, 317.643585205, 49.5491294861, 309.862487793, 84.7281265259, 36.7571182251], [4259.17578125, 250.678527832, -675.289794922, 4.72364234924, -185.372848511, 201.232833862, -23.2989196777, 79.2303314209, -68.8789138794, 4.71241855621, -27.0390090942, -2.12361001968, -12.9732627869], [-11731.2226562, -939.477966309, 1197.61279297, -371.374786377, 737.076477051, -23.2989196777, 588.69708252, 23.2109088898, 179.444137573, 35.988986969, 210.018630981, 41.1436386108, 4.78813791275], [1492.44689941, 45.2444953918, -324.745727539, -47.2227554321, -67.3203582764, 79.2303314209, 23.2109088898, 92.0393447876, -2.79702448845, 8.31064414978, -15.282913208, -2.6525182724, 1.709851861], [-5489.73046875, -427.46762085, 629.143676758, -117.060150146, 317.643585205, -68.8789138794, 179.444137573, -2.79702448845, 153.917739868, 20.6209812164, 69.3921203613, 17.239315033, 12.2289800644], [-785.208068848, -94.4328613281, 86.2545928955, -31.8715744019, 49.5491294861, 4.71241855621, 35.988986969, 8.31064414978, 20.6209812164, 48.9436759949, 31.3182029724, 14.5118951797, -17.8554592133], [-5188.33544922, -409.358459473, 544.958312988, -155.673950195, 309.862487793, -27.0390090942, 210.018630981, -15.282913208, 69.3921203613, 31.3182029724, 149.607330322, 32.029712677, -0.00916372612119], [-1243.64587402, -141.923522949, 114.443756104, -32.1130981445, 84.7281265259, -2.12361001968, 41.1436386108, -2.6525182724, 17.239315033, 14.5118951797, 32.029712677, 52.8271141052, 20.3887710571], [-477.832397461, -50.416179657, -11.5222034454, -8.8292016983, 36.7571182251, -12.9732627869, 4.78813791275, 1.709851861, 12.2289800644, -17.8554592133, -0.00916372612119, 20.3887710571, 64.502784729]],
        "icov": [[0.000536100938916, -0.00170967553277, 0.00115808669943, -0.00159977620933, 0.001923779957, -0.00200738850981, 0.00128853949718, -0.00141000573058, 0.00158553034998, -0.00128247321118, 0.00148780771997, -0.00104718795046, 0.00074031233089], [-0.00170967553277, 0.00834993645549, -0.00296562048607, 0.00200959364884, -0.00481657264754, 0.00638238852844, -0.00475346995518, 0.00505255628377, -0.00443560630083, 0.00516217667609, -0.0054938448593, 0.00578654464334, -0.00170603266452], [0.00115808669943, -0.00296562048607, 0.0048866388388, -0.00657517788932, 0.00276503129862, -0.000250960991252, -0.00013953918824, -0.000768658821471, 0.00177069182973, -0.00215036305599, 0.00192843610421, -0.00256193126552, 0.00451766932383], [-0.00159977620933, 0.00200959364884, -0.00657517788932, 0.0158938281238, -0.00552602903917, 0.00077244482236, 0.00232045981102, 0.00448966166005, -0.00346128526144, 0.00210096756928, 0.000124553131172, 0.00156400504056, -0.00552271027118], [0.001923779957, -0.00481657264754, 0.00276503129862, -0.00552602903917, 0.0152661213651, -0.00860827509314, 0.000200670066988, -0.00227521336637, 0.00325557496399, -0.00438060751185, 0.00437000207603, -0.0043758423999, -0.000607394089457], [-0.00200738850981, 0.00638238852844, -0.000250960991252, 0.00077244482236, -0.00860827509314, 0.0258993487805, -0.0128432549536, 0.00142714986578, -0.00509172910824, 0.0055522704497, -0.00846696086228, -0.000384198705433, 0.00383144849911], [0.00128853949718, -0.00475346995518, -0.00013953918824, 0.00232045981102, 0.000200670066988, -0.0128432549536, 0.0187315102667, -0.0107901291922, 0.0061528631486, -0.00120435457211, 0.001814131625, 0.000244090770138, 0.000744030054193], [-0.00141000573058, 0.00505255628377, -0.000768658821471, 0.00448966166005, -0.00227521336637, 0.00142714986578, -0.0107901291922, 0.030757509172, -0.0112941926345, -0.00190306222066, 0.000450837047538, 0.00393888074905, -0.00408016238362], [0.00158553034998, -0.00443560630083, 0.00177069182973, -0.00346128526144, 0.00325557496399, -0.00509172910824, 0.0061528631486, -0.0112941926345, 0.0227817017585, -0.00829408317804, 0.00646384153515, 0.000227223383263, -0.00160152965691], [-0.00128247321118, 0.00516217667609, -0.00215036305599, 0.00210096756928, -0.00438060751185, 0.0055522704497, -0.00120435457211, -0.00190306222066, -0.00829408317804, 0.0377570204437, -0.0110602360219, -0.00819732621312, 0.0128044430166], [0.00148780771997, -0.0054938448593, 0.00192843610421, 0.000124553131172, 0.00437000207603, -0.00846696086228, 0.001814131625, 0.000450837047538, 0.00646384153515, -0.0110602360219, 0.0239481721073, -0.00634892424569, 0.000472352461657], [-0.00104718795046, 0.00578654464334, -0.00256193126552, 0.00156400504056, -0.0043758423999, -0.000384198705433, 0.000244090770138, 0.00393888074905, 0.000227223383263, -0.00819732621312, -0.00634892424569, 0.034978594631, -0.0145540088415], [0.00074031233089, -0.00170603266452, 0.00451766932383, -0.00552271027118, -0.000607394089457, 0.00383144849911, 0.000744030054193, -0.00408016238362, -0.00160152965691, 0.0128044430166, 0.000472352461657, -0.0145540088415, 0.029323220253]]
    },
    "melbands": {
        "max": [0.00943269021809, 0.0152258025482, 0.012375863269, 0.0158444214612, 0.00548792723566, 0.0115632312372, 0.00498524168506, 0.00974762346596, 0.0065464572981, 0.00331365549937, 0.00496598985046, 0.00530293025076, 0.00394919700921, 0.00182551948819, 0.00151473411825, 0.00144653907046, 0.000803779170383, 0.00106311507989, 0.00056561519159, 0.00101507850923, 0.000532612903044, 0.000341248611221, 0.000140801435919, 7.93068174971e-05, 5.72375356569e-05, 6.97183277225e-05, 5.10745376232e-05, 0.000122189958347, 0.000125840611872, 9.67201704043e-05, 9.56171788857e-05, 4.85549971927e-05, 5.21111251146e-05, 6.85607665218e-05, 6.18790072622e-05, 8.25869065011e-05, 6.70043664286e-05, 3.64486186299e-05, 1.84154596354e-05, 1.01527011793e-05],
        "mean": [0.00030277465703, 0.000419850257458, 0.000678052776493, 0.00114793295506, 0.000427265564213, 0.000526156101841, 0.000367805623682, 0.000209192294278, 0.000307174108457, 0.000387747015338, 0.000282842374872, 0.000177110094228, 0.000137587441714, 0.000104017381091, 8.44569658511e-05, 8.28858610475e-05, 4.74210282846e-05, 4.93363877467e-05, 5.36811894563e-05, 5.92317192059e-05, 3.82645812351e-05, 2.69637403107e-05, 1.50232490341e-05, 6.99011843608e-06, 5.75777630729e-06, 6.49413141218e-06, 5.00775740875e-06, 4.16952661908e-06, 3.79109019377e-06, 2.70757459475e-06, 4.09025733461e-06, 3.19266746374e-06, 1.86740521713e-06, 1.74751448867e-06, 1.31751335175e-06, 9.50082551299e-07, 8.17132047359e-07, 5.6415990457e-07, 3.42872226611e-07, 2.12663792354e-07],
        "min": [6.06645080168e-25, 8.42769194293e-25, 8.54155809815e-25, 5.76448865222e-25, 1.12461499623e-24, 9.83156064278e-25, 1.13327353353e-24, 1.86207658449e-24, 1.47415719258e-24, 1.61860995027e-24, 1.41668916867e-24, 1.37583021669e-24, 1.02804077067e-24, 1.93946541701e-24, 2.50198891511e-24, 2.8344929978e-24, 2.58093495906e-24, 2.30514050912e-24, 2.36736980163e-24, 2.89887331678e-24, 3.4454348061e-24, 3.39748507927e-24, 3.27388004175e-24, 3.09803229635e-24, 3.24533530711e-24, 3.40476902644e-24, 3.76007079486e-24, 4.16110243552e-24, 3.96082800663e-24, 4.67264205053e-24, 4.00012708477e-24, 4.76497309189e-24, 3.50437849294e-24, 3.84876400415e-24, 4.74519398241e-24, 5.11047996888e-24, 5.11338021599e-24, 4.71948185006e-24, 5.73245537745e-24, 5.61855609008e-24],
        "stdev": [0.000868916220497, 0.000872531789355, 0.000964634411503, 0.00192364782561, 0.000699641183019, 0.00112446490675, 0.000545693968888, 0.000635470438283, 0.000607668771408, 0.000540012901183, 0.000600237050094, 0.000378445140086, 0.000297537451843, 0.000198195295525, 0.000170943065314, 0.000166330282809, 9.63419515756e-05, 9.13694238989e-05, 7.95488522272e-05, 9.59370663622e-05, 5.77381542826e-05, 4.09125605074e-05, 1.82205094461e-05, 1.0600952919e-05, 7.2554930739e-06, 7.79294259701e-06, 6.06120738667e-06, 6.65067273076e-06, 6.77922298564e-06, 4.95365384268e-06, 7.78825051384e-06, 5.01471549796e-06, 3.52043866769e-06, 4.30241925642e-06, 4.09798121837e-06, 3.61447268915e-06, 3.12633119393e-06, 2.02400883609e-06, 1.00438876416e-06, 5.3401021205e-07]
    },
    "melbands128": {
        "max": [0.00420288695022, 0.0117569612339, 0.013973094523, 0.0188010968268, 0.0192155838013, 0.0103621780872, 0.0121198035777, 0.0193255972117, 0.0127060636878, 0.0271143894643, 0.0132150575519, 0.00675463723019, 0.00521869771183, 0.0188905075192, 0.0199655108154, 0.0119227152318, 0.00840731803328, 0.00903952959925, 0.00529573997483, 0.00526597816497, 0.0219957660884, 0.0108920428902, 0.0121490219608, 0.00757157802582, 0.00750570744276, 0.00557010807097, 0.00900031998754, 0.00758776487783, 0.010276091285, 0.0116107910872, 0.00329234125093, 0.00276760407723, 0.00506839901209, 0.00436964537948, 0.00274767493829, 0.00192729313858, 0.00204428820871, 0.000964998616837, 0.00397817278281, 0.00382657861337, 0.000878222403117, 0.00113288580906, 0.00121493195184, 0.00167515780777, 0.00174717092887, 0.00118561461568, 0.00145714625251, 0.000654643285088, 0.000824592949357, 0.00321092270315, 0.000726437952835, 0.000426897866419, 0.00106669601519, 0.000560245709494, 0.000624053354841, 0.000607860682067, 0.000210173442611, 0.000272306293482, 0.00014816330804, 0.000142655204399, 0.000105219740362, 0.000121335389849, 7.36464571673e-05, 8.68505230756e-05, 0.000207966499147, 7.47566882637e-05, 0.000171320687514, 8.62104498083e-05, 5.42260568182e-05, 6.76616400597e-05, 0.000145477795741, 0.000132442917675, 0.000151805652422, 0.000130360960611, 0.000130684813485, 0.000104730272142, 0.000122130659292, 0.000133043373353, 0.000129735126393, 4.9815953389e-05, 6.95656999596e-05, 6.92432877258e-05, 5.90241215832e-05, 5.89326118643e-05, 8.07978576631e-05, 7.26375437807e-05, 5.83278851991e-05, 8.49821808515e-05, 7.52114792704e-05, 6.8930501584e-05, 0.00013346063497, 7.47731319279e-05, 7.15039350325e-05, 6.77809875924e-05, 6.99134106981e-05, 5.50679760636e-05, 4.6979104809e-05, 2.7540823794e-05, 3.03070028167e-05, 1.24911330204e-05, 1.34003721541e-05, 9.93308185571e-06, 7.58312626203e-06, 4.48087212135e-06, 5.46052342543e-06, 4.44306579084e-06, 4.54748897027e-06, 2.74615081253e-06, 1.56655937644e-06, 8.530085438e-07, 5.40381392966e-07, 4.47533693659e-07, 3.30082372102e-07, 1.02045781603e-07, 1.10356850769e-07, 6.70508057965e-08, 1.43599647728e-08, 1.23514762862e-08, 1.20125767111e-08, 1.1669669675e-08, 1.13973213089e-08, 1.11367874922e-08, 1.09099955736e-08, 1.06830349011e-08, 1.0525130989e-08, 1.04118322852e-08, 1.03130979312e-08, 1.02567234705e-08],
        "mean": [8.59720748849e-05, 0.000249028584221, 0.000381516991183, 0.000430162297562, 0.000429207168054, 0.000369857443729, 0.000509964884259, 0.000768196012359, 0.000822298461571, 0.00175638590008, 0.000882264401298, 0.000363865023246, 0.000259435590124, 0.000506229116581, 0.000654245959595, 0.000490692793392, 0.000357837299816, 0.000475577835459, 0.000184231816093, 0.000119200347399, 0.000259235210251, 0.000360330712283, 0.000220020272536, 0.000342294719303, 0.00055194972083, 0.000267634051852, 0.000376452109776, 0.000266306102276, 0.000243513379246, 0.000225137409871, 0.000134457470267, 0.000114653819764, 0.000174420623807, 0.000106625513581, 0.000136997914524, 9.98262548819e-05, 5.81345120736e-05, 4.44184152002e-05, 0.000135760317789, 0.000141544689541, 3.71751193597e-05, 6.07883994235e-05, 4.20381838921e-05, 3.863555321e-05, 6.82663521729e-05, 4.47398742836e-05, 4.19284042437e-05, 2.6790839911e-05, 5.88549119129e-05, 0.000125711361761, 3.34686483257e-05, 2.84158686554e-05, 5.71860691707e-05, 2.4910295906e-05, 3.58536562999e-05, 3.21586594509e-05, 1.31189508465e-05, 2.36538144236e-05, 1.18701254905e-05, 5.99895156483e-06, 7.63362822909e-06, 7.43243708712e-06, 4.17237788497e-06, 4.48130595032e-06, 9.90092212305e-06, 5.22043001183e-06, 6.41194219497e-06, 5.47358058611e-06, 4.3548211579e-06, 4.37535709352e-06, 4.97696555612e-06, 3.12335600938e-06, 4.21571849074e-06, 4.35606762039e-06, 2.92290019388e-06, 2.02262867788e-06, 2.60778551819e-06, 4.35861829828e-06, 4.43693215857e-06, 3.72276485905e-06, 3.65898540622e-06, 2.93893799608e-06, 2.07675884667e-06, 1.78610400781e-06, 1.71654016867e-06, 1.27794510263e-06, 1.95118377633e-06, 2.40504641624e-06, 9.49056811805e-07, 8.69496773248e-07, 1.0045862382e-06, 9.48589445215e-07, 9.29540874495e-07, 8.18136243197e-07, 7.91988156834e-07, 6.13115844317e-07, 5.28328655491e-07, 4.48157607025e-07, 3.82281257316e-07, 2.65045088099e-07, 2.26689323313e-07, 2.03161107493e-07, 1.96779140538e-07, 1.89981335552e-07, 1.63559604971e-07, 8.59400373088e-08, 7.26287510133e-08, 6.50746798669e-08, 5.31520178981e-08, 4.70785757045e-08, 3.32992904362e-08, 1.66488227649e-08, 7.70871455558e-09, 2.42980680021e-09, 9.39582411874e-10, 8.71889116461e-10, 2.28502772259e-10, 1.22009477174e-11, 1.17784757642e-11, 1.14478140509e-11, 1.11704812067e-11, 1.09188526276e-11, 1.07038440611e-11, 1.04869264314e-11, 1.03030136506e-11, 1.0132219716e-11, 1.00094507335e-11, 9.95032355122e-12],
        "min": [1.30064920863e-26, 1.38895429836e-25, 2.30233689747e-25, 2.39170719594e-25, 2.03358591538e-25, 1.80673959436e-25, 5.54296011652e-26, 1.12778611846e-25, 3.01890017984e-25, 1.02409355722e-25, 5.77931208819e-26, 1.85057745768e-25, 3.51261888465e-25, 2.51313063862e-25, 1.33929254614e-25, 2.00168450363e-25, 4.49282761667e-25, 5.61448379287e-25, 8.25300559801e-25, 7.05540085209e-25, 5.18759664439e-25, 3.257781067e-25, 4.85415450747e-25, 4.92911848018e-25, 4.46646142003e-25, 2.60888923131e-25, 4.75819697392e-25, 4.79049096723e-25, 2.83965717711e-25, 5.59615115847e-25, 9.01242226994e-25, 5.68651813339e-25, 2.60690820436e-25, 5.24654033123e-25, 4.65866442136e-25, 3.9220266011e-25, 6.3345890607e-25, 7.21100366564e-25, 6.86828255233e-25, 5.37786989473e-25, 6.67322042326e-25, 1.04311649422e-24, 1.01781683752e-24, 6.76566013021e-25, 1.06723364842e-24, 5.29102616982e-25, 8.40948010286e-25, 1.31459222652e-24, 1.40303812792e-24, 6.34222523427e-25, 1.26922739966e-24, 1.02500197986e-24, 9.35826086294e-25, 5.92480589576e-25, 1.07605577574e-24, 1.29668429511e-24, 1.33901250052e-24, 2.06804540583e-24, 1.22659272178e-24, 1.41856389661e-24, 1.25884875116e-24, 1.59203963587e-24, 1.00700480856e-24, 1.15491948234e-24, 1.73937222891e-24, 2.19809583137e-24, 1.53896744075e-24, 8.86544072e-25, 2.22336442667e-24, 2.39620030113e-24, 2.04045755947e-24, 2.49975781925e-24, 2.35554063514e-24, 2.21335437343e-24, 1.99425969549e-24, 2.40908752731e-24, 2.71702687584e-24, 2.26961021395e-24, 2.02398555212e-24, 2.22179124081e-24, 2.39470442364e-24, 1.93227593594e-24, 2.85817894091e-24, 2.70693655601e-24, 2.44889837897e-24, 3.53948359208e-24, 2.47572339684e-24, 3.16595933397e-24, 2.82750467625e-24, 2.28179357899e-24, 3.12783033376e-24, 3.66007951968e-24, 3.70425809695e-24, 2.95738746885e-24, 2.94587542445e-24, 3.18116206412e-24, 2.84220845188e-24, 3.92865747005e-24, 4.19514020586e-24, 3.93940215001e-24, 3.95960961096e-24, 3.7967133839e-24, 3.70109870903e-24, 4.17304500077e-24, 4.34262524627e-24, 3.91251343162e-24, 3.84586375703e-24, 3.98261634483e-24, 3.86524449175e-24, 3.34128781167e-24, 3.44325005582e-24, 4.50537671735e-24, 4.7382618672e-24, 3.49933057201e-24, 4.14280007366e-24, 3.39860565618e-24, 3.26163968151e-24, 5.20721719282e-24, 4.05450247811e-24, 4.33892430533e-24, 4.49743328246e-24, 4.51107860397e-24, 5.33618490677e-24, 5.50252924484e-24, 3.96651490489e-24, 5.1120513798e-24, 5.31330872938e-24, 4.74957216043e-24],
        "stdev": [0.000328472931869, 0.000892276118975, 0.0011982046999, 0.00114197679795, 0.00101798900869, 0.000739967101254, 0.000891422969289, 0.0013373157708, 0.00135340110864, 0.00328429159708, 0.00163510709535, 0.000748019432649, 0.000498868059367, 0.00158346351236, 0.0017563609872, 0.00122044398449, 0.000661923200823, 0.000830430712085, 0.000352039234713, 0.000393921043724, 0.00132345536258, 0.000987424864434, 0.00078490463784, 0.000695129449014, 0.000987173756585, 0.000529648445081, 0.000977822463028, 0.000792985490989, 0.000755588000175, 0.000623364874627, 0.00031959664193, 0.000266606686637, 0.000411933549913, 0.000306897767587, 0.000299341947539, 0.000214920015424, 0.000176114321221, 0.00011200831068, 0.000339134130627, 0.000369903777028, 9.61906916928e-05, 0.000143481694977, 0.000100434597698, 0.000122427140013, 0.000147385813762, 9.69320099102e-05, 8.58226558194e-05, 5.85450652579e-05, 0.000112855632324, 0.000272544100881, 6.64810140734e-05, 4.79305381305e-05, 0.000104399063275, 4.27618615504e-05, 7.29291568859e-05, 6.10936622252e-05, 2.11484002648e-05, 3.23567001033e-05, 1.65131623362e-05, 1.15441171147e-05, 1.32751829369e-05, 1.25287460833e-05, 7.36255651645e-06, 7.37251912142e-06, 1.4578072296e-05, 8.32474597701e-06, 1.22177516459e-05, 7.31350701244e-06, 6.70507233735e-06, 6.68338088872e-06, 9.16465978662e-06, 6.11449513599e-06, 9.45007741393e-06, 8.24927246867e-06, 5.51844914298e-06, 4.49926301371e-06, 5.92087417317e-06, 9.37596360018e-06, 1.0426384506e-05, 5.7764768826e-06, 6.40971484245e-06, 5.24142114955e-06, 3.89051183447e-06, 3.59626460522e-06, 4.0481936594e-06, 3.2623329389e-06, 5.0549806474e-06, 8.39622498461e-06, 3.58754891749e-06, 3.26595682054e-06, 4.80529615743e-06, 3.36582434102e-06, 3.64449624612e-06, 3.15910074278e-06, 3.29569343194e-06, 2.68342409981e-06, 1.90659397958e-06, 1.32488298732e-06, 1.31196247821e-06, 7.43613668419e-07, 6.7360065259e-07, 5.19693173828e-07, 4.53277408496e-07, 4.2667036837e-07, 4.40429431592e-07, 1.96376163331e-07, 1.86112202982e-07, 1.30333503989e-07, 1.04362420927e-07, 8.71261391922e-08, 5.25612300351e-08, 4.18994900997e-08, 2.94643527354e-08, 9.17597198224e-09, 4.57632065576e-09, 4.00135791168e-09, 1.11455655816e-09, 3.22017273957e-10, 3.1318103666e-10, 3.04244601734e-10, 2.97140867467e-10, 2.90351687138e-10, 2.8443969402e-10, 2.78519263208e-10, 2.7440508199e-10, 2.71453748368e-10, 2.68878364018e-10, 2.67409538957e-10]
    },
    "mfcc": {
        "mean": [-804.841186523, 83.7628326416, -13.4630661011, 5.56322479248, -5.41117525101, 1.742192626, -7.92848825455, 0.676949858665, 1.73601269722, -0.534884810448, -5.19134569168, -2.55857849121, -1.90427327156],
        "cov": [[91187.75, 16389.0917969, -1861.59814453, 1515.3260498, -947.51763916, 439.119934082, -1632.28405762, 85.8920669556, 355.888458252, -131.45149231, -1059.59082031, -483.336425781, -367.042755127], [16389.0917969, 3229.40039062, -247.182067871, 335.491455078, -157.070175171, 81.0780487061, -274.819213867, 2.16706705093, 42.5771217346, -21.0557346344, -190.799377441, -76.9311523438, -75.2670593262], [-1861.59814453, -247.182067871, 919.803100586, 412.852874756, 153.243347168, -0.326610058546, -125.843353271, -134.583099365, -79.3058013916, -64.7240219116, -28.9764881134, 29.3731594086, 32.9876251221], [1515.3260498, 335.491455078, 412.852874756, 362.634277344, 106.278015137, 18.1505336761, -140.211502075, -83.0414581299, -15.2426519394, -54.5207252502, -87.5744247437, -21.6180438995, 35.3142776489], [-947.51763916, -157.070175171, 153.243347168, 106.278015137, 131.647537231, 13.6495113373, -42.2548904419, -34.1247024536, -4.32411575317, -30.6718730927, -16.5244445801, -0.507730960846, 32.8154983521], [439.119934082, 81.0780487061, -0.326610058546, 18.1505336761, 13.6495113373, 82.2043914795, 38.0795631409, 26.1431865692, -2.36283230782, 3.52997469902, 9.01531028748, 5.92568302155, 5.92621612549], [-1632.28405762, -274.819213867, -125.843353271, -140.211502075, -42.2548904419, 38.0795631409, 210.476669312, 70.3481140137, -13.780213356, 47.0000305176, 51.2415275574, 26.1215744019, -20.4425983429], [85.8920669556, 2.16706705093, -134.583099365, -83.0414581299, -34.1247024536, 26.1431865692, 70.3481140137, 87.2177963257, 36.7573242188, 30.6263179779, 20.4915809631, 1.38771903515, -8.67049789429], [355.888458252, 42.5771217346, -79.3058013916, -15.2426519394, -4.32411575317, -2.36283230782, -13.780213356, 36.7573242188, 79.8212203979, 20.8772716522, -10.2846698761, -17.1635475159, -0.401004850864], [-131.45149231, -21.0557346344, -64.7240219116, -54.5207252502, -30.6718730927, 3.52997469902, 47.0000305176, 30.6263179779, 20.8772716522, 66.8430557251, 31.323677063, 7.95109224319, -18.3822460175], [-1059.59082031, -190.799377441, -28.9764881134, -87.5744247437, -16.5244445801, 9.01531028748, 51.2415275574, 20.4915809631, -10.2846698761, 31.323677063, 98.8431243896, 37.4295501709, -8.72195148468], [-483.336425781, -76.9311523438, 29.3731594086, -21.6180438995, -0.507730960846, 5.92568302155, 26.1215744019, 1.38771903515, -17.1635475159, 7.95109224319, 37.4295501709, 44.2053337097, 4.50684547424], [-367.042755127, -75.2670593262, 32.9876251221, 35.3142776489, 32.8154983521, 5.92621612549, -20.4425983429, -8.67049789429, -0.401004850864, -18.3822460175, -8.72195148468, 4.50684547424, 49.5171813965]],
        "icov": [[0.000163819815498, -0.000716982292943, 0.000175543580553, -9.46368745645e-05, 0.000371358182747, -0.000437031238107, 0.000554264581297, -0.000178716116352, 1.47092498537e-06, 1.19474980238e-05, 0.00023438797507, -9.21597675188e-05, 0.000132874338306], [-0.000716982292943, 0.00401579402387, 0.00030374180642, -0.00173835630994, -0.000155086338054, 0.000808050041087, -0.00103460263927, -4.15349823015e-05, 0.000697530689649, -0.000219857814955, -0.000313903728966, -0.000962018617429, 0.00135487155057], [0.000175543580553, 0.00030374180642, 0.00471603963524, -0.0068949367851, 0.00122115039267, -0.000318681442877, 0.00152194360271, -0.000434006855357, 0.00193186383694, 0.000351965310983, -0.000852433440741, -0.00385178416036, 0.00366634270176], [-9.46368745645e-05, -0.00173835630994, -0.0068949367851, 0.0169995781034, -0.00537591287866, -0.00234521646053, -1.83838146768e-05, 0.00396698992699, -0.00236454675905, -0.00170073623303, 0.00511021073908, 0.00469966372475, -0.00652191182598], [0.000371358182747, -0.000155086338054, 0.00122115039267, -0.00537591287866, 0.0158191360533, -0.00495540350676, 0.00257050571963, 0.00177597941365, -0.00208236509934, 0.00269317231141, -1.73412570348e-06, -0.00148015702143, -0.00186354119796], [-0.000437031238107, 0.000808050041087, -0.000318681442877, -0.00234521646053, -0.00495540350676, 0.0205128211528, -0.00642782403156, -0.00586043391377, 0.00206081825309, 0.00140408670995, -0.00461051054299, 0.001666654367, -0.00340303010307], [0.000554264581297, -0.00103460263927, 0.00152194360271, -1.83838146768e-05, 0.00257050571963, -0.00642782403156, 0.0148302856833, -0.00886216480285, 0.00700424518436, -0.0048706238158, 0.00393533566967, -0.00455274386331, 0.00452771503478], [-0.000178716116352, -4.15349823015e-05, -0.000434006855357, 0.00396698992699, 0.00177597941365, -0.00586043391377, -0.00886216480285, 0.0304977446795, -0.0144730964676, 0.000188046818948, -0.00198272289708, 0.00164616375696, -0.00326838041656], [1.47092498537e-06, 0.000697530689649, 0.00193186383694, -0.00236454675905, -0.00208236509934, 0.00206081825309, 0.00700424518436, -0.0144730964676, 0.0248317774385, -0.00856421515346, 0.00251267408021, 0.00385189638473, 7.50511171645e-05], [1.19474980238e-05, -0.000219857814955, 0.000351965310983, -0.00170073623303, 0.00269317231141, 0.00140408670995, -0.0048706238158, 0.000188046818948, -0.00856421515346, 0.0259484183043, -0.00713618565351, -0.00108367542271, 0.00520726153627], [0.00023438797507, -0.000313903728966, -0.000852433440741, 0.00511021073908, -1.73412570348e-06, -0.00461051054299, 0.00393533566967, -0.00198272289708, 0.00251267408021, -0.00713618565351, 0.0232745762914, -0.014295136556, 0.0027859301772], [-9.21597675188e-05, -0.000962018617429, -0.00385178416036, 0.00469966372475, -0.00148015702143, 0.001666654367, -0.00455274386331, 0.00164616375696, 0.00385189638473, -0.00108367542271, -0.014295136556, 0.042056389153, -0.0104577746242], [0.000132874338306, 0.00135487155057, 0.00366634270176, -0.00652191182598, -0.00186354119796, -0.00340303010307, 0.00452771503478, -0.00326838041656, 7.50511171645e-05, 0.00520726153627, 0.0027859301772, -0.0104577746242, 0.0317635573447]]
    },
    "spectral_contrast_coeffs": {
        "max": [-0.457515627146, -0.509199857712, -0.500777363777, -0.587099730968, -0.691647410393, -0.635429859161],
        "mean": [-0.767125546932, -0.79904127121, -0.802043139935, -0.811449050903, -0.829525589943, -0.80715149641],
        "min": [-0.987795591354, -0.987684309483, -0.982261776924, -0.973122298717, -0.969582855701, -0.965497970581],
        "stdev": [0.146826833487, 0.122435830534, 0.116365589201, 0.10898733139, 0.0872918069363, 0.101990103722]
    },
    "spectral_contrast_valleys": {
        "max": [-5.05312204361, -5.06912708282, -4.81669473648, -5.32460069656, -6.30818223953, -7.94569730759],
        "mean": [-12.8880681992, -12.4618368149, -12.9211015701, -13.082028389, -13.2280416489, -15.1216621399],
        "min": [-28.1889381409, -28.1973590851, -27.9225597382, -27.8042507172, -27.5937957764, -27.4284763336],
        "stdev": [9.28660106659, 9.51608467102, 9.2569437027, 9.12162685394, 9.04049682617, 7.82819700241]
    }
},
"rhythm": {
    "beats_count": 48,
    "beats_loudness": {
        "max": 0.0715300440788,
        "mean": 0.0301223117858,
        "min": 0,
        "stdev": 0.0236340127885
    },
    "bpm": 90.1965560913,
    "bpm_histogram_first_peak_bpm": 89,
    "bpm_histogram_first_peak_weight": 0.400000035763,
    "bpm_histogram_second_peak_bpm": 94,
    "bpm_histogram_second_peak_spread": 0,
    "bpm_histogram_second_peak_weight": 0.106382980943,
    "danceability": 0.774191737175,
    "onset_rate": 1.23130631447,
    "beats_loudness_band_ratio": {
        "max": [0.606455564499, 0.757556021214, 0.71859651804, 0.537906110287, 0.598136246204, 0.120668068528],
        "mean": [0.162453576922, 0.166594281793, 0.178603097796, 0.144025444984, 0.0989062413573, 0.0274034868926],
        "min": [0, 0, 0, 0, 0, 0],
        "stdev": [0.178676322103, 0.20925796032, 0.169023737311, 0.169181913137, 0.135502740741, 0.0277966093272]
    },
    "beats_position": [0.638548731804, 1.27709746361, 1.91564619541, 2.55419492722, 3.19274377823, 3.83129239082, 4.48145103455, 5.14321994781, 5.80498838425, 6.47836732864, 7.14013576508, 7.80190467834, 8.47528362274, 9.13705158234, 9.79882049561, 10.47219944, 11.1455783844, 11.807346344, 12.4691152573, 13.1192741394, 13.7810430527, 14.4544210434, 15.1277999878, 15.8127889633, 16.4977779388, 17.1711559296, 17.8793640137, 18.5991840363, 19.2841720581, 19.9575500488, 20.642539978, 21.3159179688, 21.9892959595, 22.6626758575, 23.3360538483, 24.009431839, 24.6944217682, 25.4490699768, 26.2037181854, 27.0048065186, 27.8058948517, 28.6069831848, 29.4080715179, 30.1743297577, 30.9405899048, 31.7068481445, 32.4614944458, 33.2161445618],
