{
"metadata": {
    "version": {
        "essentia": "2.1-beta5",
        "essentia_git_sha": "Undefined",
        "extractor": "music 2.0"
    },
    "audio_properties": {
        "analysis": {
            "equal_loudness": 0,
            "length": 48.7502937317,
            "sample_rate": 44100,
            "start_time": 77.7404098511,
            "downmix": "mix"
        },
        "bit_rate": 192000,
        "length": 220.496704102,
        "lossless": 0,
        "number_channels": 2,
        "replay_gain": -10.9115695953,
        "sample_rate": 48000,
        "codec": "mp3",
        "md5_encoded": "3958a0073fd1317927f0bef928960968"
    },
    "tags": {
        "file_name": "Hungary_Ùj Nèv Egy Règi Hàz Fàlan_Czaba Szigeti.mp3",
        "encoding": ["Lavf58.29.100"]
    }
},
"lowlevel": {
    "average_loudness": 0.871402323246,
    "barkbands_crest": {
        "max": 22.9361038208,
        "mean": 9.73695373535,
        "min": 2.92332315445,
        "stdev": 3.86982274055
    },
    "barkbands_flatness_db": {
        "max": 0.383085370064,
        "mean": 0.17585721612,
        "min": 0.043947711587,
        "stdev": 0.0522358864546
    },
    "barkbands_kurtosis": {
        "max": 31.25207901,
        "mean": 2.91172218323,
        "min": -1.86322200298,
        "stdev": 3.90475392342
    },
    "barkbands_skewness": {
        "max": 5.0256562233,
        "mean": 1.37788152695,
        "min": -1.70724797249,
        "stdev": 0.88077801466
    },
    "barkbands_spread": {
        "max": 75.4725875854,
        "mean": 16.7158889771,
        "min": 1.69252228737,
        "stdev": 11.5144863129
    },
    "dissonance": {
        "max": 0.500000059605,
        "mean": 0.447172880173,
        "min": 0.287326157093,
        "stdev": 0.0336096324027
    },
    "dynamic_complexity": 3.09115982056,
    "erbbands_crest": {
        "max": 30.8777732849,
        "mean": 9.58648109436,
        "min": 2.69899702072,
        "stdev": 4.08433008194
    },
    "erbbands_flatness_db": {
        "max": 0.366946816444,
        "mean": 0.215343341231,
        "min": 0.0882347747684,
        "stdev": 0.0479943715036
    },
    "erbbands_kurtosis": {
        "max": 16.9721374512,
        "mean": 0.317952573299,
        "min": -1.72742009163,
        "stdev": 1.66118621826
    },
    "erbbands_skewness": {
        "max": 3.09088563919,
        "mean": 0.570790171623,
        "min": -2.78222894669,
        "stdev": 0.664283335209
    },
    "erbbands_spread": {
        "max": 107.253326416,
        "mean": 31.3030223846,
        "min": 5.56424617767,
        "stdev": 14.2886648178
    },
    "hfc": {
        "max": 186.933059692,
        "mean": 18.2480049133,
        "min": 0.179597616196,
        "stdev": 20.9994850159
    },
    "loudness_ebu128": {
        "integrated": -13.8915996552,
        "loudness_range": 6.31662750244,
        "momentary": {
            "max": -8.8011341095,
            "mean": -15.0206565857,
            "min": -25.2428646088,
            "stdev": 3.3077814579
        },
        "short_term": {
            "max": -10.6016616821,
            "mean": -14.4391756058,
            "min": -21.3968677521,
            "stdev": 2.27453017235
        }
    },
    "melbands_crest": {
        "max": 28.9011535645,
        "mean": 12.6059427261,
        "min": 4.53848695755,
        "stdev": 4.70545482635
    },
    "melbands_flatness_db": {
        "max": 0.451253503561,
        "mean": 0.211475223303,
        "min": 0.053606338799,
        "stdev": 0.0703200399876
    },
    "melbands_kurtosis": {
        "max": 91.958770752,
        "mean": 7.83773899078,
        "min": -1.82447946072,
        "stdev": 8.322265625
    },
    "melbands_skewness": {
        "max": 7.96777677536,
        "mean": 2.09278941154,
        "min": -0.633230805397,
        "stdev": 1.04913520813
    },
    "melbands_spread": {
        "max": 155.531509399,
        "mean": 21.7667045593,
        "min": 1.9601688385,
        "stdev": 19.153011322
    },
    "pitch_salience": {
        "max": 0.84685087204,
        "mean": 0.576860785484,
        "min": 0.20315939188,
        "stdev": 0.099986679852
    },
    "silence_rate_20dB": {
        "max": 1,
        "mean": 1,
        "min": 1,
        "stdev": 0
    },
    "silence_rate_30dB": {
        "max": 1,
        "mean": 1,
        "min": 1,
        "stdev": 0
    },
    "silence_rate_60dB": {
        "max": 1,
        "mean": 0.0723465010524,
        "min": 0,
        "stdev": 0.259060442448
    },
    "spectral_centroid": {
        "max": 4276.19824219,
        "mean": 1153.83447266,
        "min": 320.027069092,
        "stdev": 721.698669434
    },
    "spectral_complexity": {
        "max": 37,
        "mean": 15.0456924438,
        "min": 1,
        "stdev": 5.86723613739
    },
    "spectral_decrease": {
        "max": -8.99862753756e-11,
        "mean": -4.31914770616e-09,
        "min": -2.36441959345e-08,
        "stdev": 3.28476956746e-09
    },
    "spectral_energy": {
        "max": 0.092717602849,
        "mean": 0.0179565995932,
        "min": 0.000355919182766,
        "stdev": 0.0137517061085
    },
    "spectral_energyband_high": {
        "max": 0.030513478443,
        "mean": 0.00101441680454,
        "min": 4.42413011115e-07,
        "stdev": 0.00227382639423
    },
    "spectral_energyband_low": {
        "max": 0.0368568114936,
        "mean": 0.00139790971298,
        "min": 3.08587232212e-06,
        "stdev": 0.00255742436275
    },
    "spectral_energyband_middle_high": {
        "max": 0.0759235024452,
        "mean": 0.00508802430704,
        "min": 3.21473635267e-05,
        "stdev": 0.00697825383395
    },
    "spectral_energyband_middle_low": {
        "max": 0.0849365219474,
        "mean": 0.0109981615096,
        "min": 0.000300301297102,
        "stdev": 0.00948934163898
    },
    "spectral_entropy": {
        "max": 8.70496082306,
        "mean": 7.19847774506,
        "min": 5.48888349533,
        "stdev": 0.468289524317
    },
    "spectral_flux": {
        "max": 0.243712097406,
        "mean": 0.0614906772971,
        "min": 0.00980010163039,
        "stdev": 0.0369080789387
    },
    "spectral_kurtosis": {
        "max": 62.8912811279,
        "mean": 7.46169042587,
        "min": -0.994292497635,
        "stdev": 8.97012996674
    },
    "spectral_rms": {
        "max": 0.00951084587723,
        "mean": 0.00388670573011,
        "min": 0.000589269213378,
        "stdev": 0.00155310507398
    },
    "spectral_rolloff": {
        "max": 10658.9355469,
        "mean": 1499.53637695,
        "min": 172.265625,
        "stdev": 1391.93054199
    },
    "spectral_skewness": {
        "max": 5.75751018524,
        "mean": 1.7609539032,
        "min": -0.0182951111346,
        "stdev": 0.858083665371
    },
    "spectral_spread": {
        "max": 12587043,
        "mean": 3693785,
        "min": 1112484,
        "stdev": 1539089.25
    },
    "spectral_strongpeak": {
        "max": 14.6822881699,
        "mean": 1.38934969902,
        "min": 0.0186217110604,
        "stdev": 1.68044006824
    },
    "zerocrossingrate": {
        "max": 0.32763671875,
        "mean": 0.0564593486488,
        "min": 0.00537109375,
        "stdev": 0.037327606231
    },
    "barkbands": {
        "max": [0.00139502226375, 0.0291751567274, 0.0178127530962, 0.00647090561688, 0.0636920034885, 0.0387502796948, 0.0292843673378, 0.0482980385423, 0.0422787964344, 0.0271400082856, 0.0713780671358, 0.0331351719797, 0.0193046871573, 0.0254129655659, 0.0108756590635, 0.02395337075, 0.00618713581935, 0.00152287271339, 0.00542688183486, 0.0148963434622, 0.012776311487, 0.011906103231, 0.0062052984722, 0.00284094642848, 0.00168248487171, 0.000633712101262, 1.93232813217e-06],
        "mean": [2.71536973742e-05, 0.000544859096408, 0.000628334004432, 0.000382152298698, 0.00313569256105, 0.00307586812414, 0.000979006406851, 0.00145345181227, 0.00132199749351, 0.0011561877327, 0.000874455145095, 0.000795519794337, 0.000431313033914, 0.000698517833371, 0.000302935426589, 0.00041938474169, 0.000259721389739, 6.64949257043e-05, 8.96294222912e-05, 0.000566353381146, 0.000172028536326, 0.000270248652669, 0.000175283537828, 0.000102043653897, 2.35273564613e-05, 4.46371859653e-06, 8.59050341973e-09],
        "min": [2.91487944892e-09, 4.03169337915e-07, 1.25036038412e-07, 7.66853531786e-07, 1.56765036081e-05, 1.82476796908e-05, 3.6359610931e-06, 3.37826577379e-06, 4.29500869359e-06, 1.76058460966e-06, 5.59019690627e-06, 1.42219050758e-06, 1.54387919338e-06, 3.31123465003e-06, 2.18714762923e-06, 1.50856646997e-06, 1.70480313955e-06, 5.37135633749e-07, 3.07029210944e-07, 2.21462400418e-07, 1.44927668089e-07, 4.66944811706e-08, 1.66015947656e-08, 1.48006371603e-08, 5.71061420374e-09, 1.35672558257e-11, 1.2204965337e-11],
        "stdev": [0.000101608675322, 0.00124598748516, 0.00143029983155, 0.000710886262823, 0.00440088054165, 0.00406258879229, 0.00161610532086, 0.00256106304005, 0.00385355739854, 0.00254675443284, 0.00347473938018, 0.0020543448627, 0.00136755686253, 0.00189189519733, 0.000847088755108, 0.0014405149268, 0.000497332890518, 0.000108685570012, 0.000342252838891, 0.001310318592, 0.000649485562462, 0.000665095925797, 0.000436480069766, 0.000233940474573, 8.58442654135e-05, 2.58899053733e-05, 6.64592434418e-08]
    },
    "erbbands": {
        "max": [0.579591691494, 7.35312175751, 18.1307849884, 14.297662735, 52.9322128296, 252.832809448, 419.611083984, 403.339050293, 636.139099121, 402.984130859, 1059.39648438, 1016.7878418, 1063.36328125, 1730.50292969, 1699.10412598, 1660.48571777, 894.754821777, 861.244750977, 974.471740723, 623.016540527, 1506.88085938, 284.06552124, 82.4626083374, 73.0121307373, 434.746917725, 871.891540527, 487.613861084, 484.584777832, 434.112670898, 278.542907715, 216.941879272, 63.9435386658, 44.715221405, 20.4139041901, 12.7972555161, 3.43169951439, 1.25599908829, 0.0667041391134, 0.00152576598339, 0.000118369003758],
        "mean": [0.0132761159912, 0.136779770255, 0.653151512146, 1.08193790913, 2.03909063339, 12.5366287231, 27.6920623779, 20.529302597, 18.4446964264, 21.6907024384, 28.6117038727, 29.3387432098, 41.5326881409, 29.4242343903, 31.4326057434, 38.1429138184, 21.9817466736, 29.4522190094, 25.0142612457, 17.2704029083, 23.1228275299, 14.7422990799, 4.79477357864, 2.9235625267, 11.0780515671, 28.8833503723, 8.45237827301, 8.13300514221, 9.83798885345, 7.18896865845, 4.79674816132, 3.15451383591, 1.12516915798, 0.365525603294, 0.121541827917, 0.0343067906797, 0.00555284041911, 0.000292672892101, 2.08458204725e-05, 2.36171563301e-05],
        "min": [1.57213598868e-05, 0.00014937009837, 0.000548979034647, 0.00515471631661, 0.00819101557136, 0.0785725712776, 0.351921468973, 0.374520391226, 0.109666787088, 0.123981535435, 0.135224953294, 0.226357862353, 0.0862735286355, 0.109982930124, 0.261599391699, 0.240218877792, 0.0971198230982, 0.173004627228, 0.126325562596, 0.131337091327, 0.0733221173286, 0.0906549319625, 0.0638085901737, 0.0258055534214, 0.0147388065234, 0.0134558677673, 0.00858611427248, 0.00441334070638, 0.00185563357081, 0.00101742439438, 0.000477981986478, 0.000382489903131, 0.000168315455085, 9.12770192372e-05, 2.58068594121e-05, 3.80644814868e-06, 5.95383085056e-07, 1.18709380104e-07, 4.18719736217e-07, 8.74374052273e-07],
        "stdev": [0.033271651715, 0.311471283436, 1.52022147179, 1.76495563984, 2.94185566902, 18.083814621, 38.8273468018, 28.3526287079, 31.2643928528, 30.6931438446, 61.9086265564, 86.980682373, 98.5592422485, 100.704650879, 99.2112960815, 98.2414779663, 58.6846923828, 67.3606109619, 71.5995025635, 42.4597396851, 83.1598205566, 29.8350467682, 7.29965019226, 5.05233240128, 33.3771934509, 67.9887695312, 27.9583854675, 26.7767620087, 24.3438072205, 17.7143859863, 12.8045902252, 6.71249294281, 3.11996889114, 1.2127212286, 0.539546191692, 0.178705230355, 0.0394656136632, 0.00231957202777, 5.70048723603e-05, 1.91511535377e-05]
    },
    "gfcc": {
        "mean": [-49.3142662048, 125.161125183, -151.792297363, 21.0469722748, -81.3704986572, 2.89856982231, -44.9766311646, -10.9514350891, -18.8021717072, -4.17132329941, -6.63265800476, -6.469830513, 2.53182148933],
        "cov": [[5648.36181641, -2889.45776367, 375.833679199, 1037.7611084, -1053.05981445, 1067.96875, -12.1214447021, 411.11126709, -117.10748291, 300.96383667, -314.863800049, 301.553070068, -57.9412765503], [-2889.45776367, 2409.57519531, -78.8080749512, -526.105712891, 1004.42120361, -622.011535645, 163.769195557, -155.161056519, 109.268417358, -207.279190063, 190.537979126, -201.290710449, 33.1506462097], [375.833679199, -78.8080749512, 452.279052734, 153.15814209, 32.1762924194, 127.298957825, -1.38031005859, 111.590408325, -48.6996078491, 66.9663619995, -61.9179115295, 63.8301200867, -48.8225898743], [1037.7611084, -526.105712891, 153.15814209, 431.301116943, -129.32800293, 228.795837402, 26.0689334869, 103.975868225, -3.93152809143, 81.6957473755, -78.8203277588, 48.3023681641, -12.3291950226], [-1053.05981445, 1004.42120361, 32.1762924194, -129.32800293, 638.826599121, -205.460067749, 50.197681427, 4.89779043198, 45.017868042, -36.0930938721, 19.2638092041, -56.6118965149, -18.1727638245], [1067.96875, -622.011535645, 127.298957825, 228.795837402, -205.460067749, 393.033599854, 30.5933361053, 96.4960403442, -24.8549404144, 63.1938896179, -61.3073539734, 68.3839187622, -47.477355957], [-12.1214447021, 163.769195557, -1.38031005859, 26.0689334869, 50.197681427, 30.5933361053, 185.861846924, 22.4315319061, -28.8538665771, -9.84640789032, 30.9748573303, -18.5286712646, -19.6110897064], [411.11126709, -155.161056519, 111.590408325, 103.975868225, 4.89779043198, 96.4960403442, 22.4315319061, 151.923171997, -5.91122341156, 47.3370246887, -46.8374786377, 28.4199581146, -15.1583652496], [-117.10748291, 109.268417358, -48.6996078491, -3.93152809143, 45.017868042, -24.8549404144, -28.8538665771, -5.91122341156, 117.654251099, 0.998983323574, 3.54201078415, -14.8325443268, 13.3205194473], [300.96383667, -207.279190063, 66.9663619995, 81.6957473755, -36.0930938721, 63.1938896179, -9.84640789032, 47.3370246887, 0.998983323574, 100.178451538, -21.1898422241, 25.9217300415, -26.714050293], [-314.863800049, 190.537979126, -61.9179115295, -78.8203277588, 19.2638092041, -61.3073539734, 30.9748573303, -46.8374786377, 3.54201078415, -21.1898422241, 96.3951873779, -23.4662227631, 3.75121760368], [301.553070068, -201.290710449, 63.8301200867, 48.3023681641, -56.6118965149, 68.3839187622, -18.5286712646, 28.4199581146, -14.8325443268, 25.9217300415, -23.4662227631, 101.271354675, -1.49565947056], [-57.9412765503, 33.1506462097, -48.8225898743, -12.3291950226, -18.1727638245, -47.477355957, -19.6110897064, -15.1583652496, 13.3205194473, -26.714050293, 3.75121760368, -1.49565947056, 83.0294647217]],
        "icov": [[0.000753658358008, 0.000481939932797, 4.24341924372e-05, -0.000620011240244, 0.000134863570565, -0.000623100844678, -0.000269448384643, -0.000578347127885, -1.93124969883e-06, -1.19626292872e-05, 0.000338585901773, -0.000330628710799, -0.000254403130384], [0.000481939932797, 0.0060818400234, -0.00277826841921, 0.00199783220887, -0.00630266638473, 0.00251823943108, -0.00412707543001, 0.00138574605808, -0.00365509977564, 0.00452641677111, -0.00394099997357, 0.00244987430051, -0.001825341722], [4.24341924372e-05, -0.00277826841921, 0.00479667028412, -0.00189071369823, 0.00249474518932, -0.00164969358593, 0.00255064480007, -0.00226866663434, 0.00317673035897, -0.00266568781808, 0.00232200440951, -0.00244366400875, 0.00195337529294], [-0.000620011240244, 0.00199783220887, -0.00189071369823, 0.00578922126442, -0.00242121121846, 9.91379856714e-05, -0.00246142689139, 0.000889964634553, -0.00222184695303, -4.62932184746e-05, -0.000107238200144, 0.00175919453613, -0.00199649622664], [0.000134863570565, -0.00630266638473, 0.00249474518932, -0.00242121121846, 0.00947642885149, -0.00188130838796, 0.00338257011026, -0.00272753904574, 0.00283719063736, -0.00440840050578, 0.00520032737404, -0.00260327104479, 0.00286192283966], [-0.000623100844678, 0.00251823943108, -0.00164969358593, 9.91379856714e-05, -0.00188130838796, 0.00736907310784, -0.00273356819525, -4.17381170337e-06, -0.0022512418218, 0.00278958911076, -0.00144263880793, -2.06703953154e-05, 0.00208346685395], [-0.000269448384643, -0.00412707543001, 0.00255064480007, -0.00246142689139, 0.00338257011026, -0.00273356819525, 0.010251916945, -0.00282393442467, 0.00474160024896, -0.00160632003099, -0.000921694387216, -0.000501524657011, 0.0024323083926], [-0.000578347127885, 0.00138574605808, -0.00226866663434, 0.000889964634553, -0.00272753904574, -4.17381170337e-06, -0.00282393442467, 0.0118416203186, -0.00159430864733, -0.0016800831072, 0.00176902546082, 0.000702801393345, -0.00161525479052], [-1.93124969883e-06, -0.00365509977564, 0.00317673035897, -0.00222184695303, 0.00283719063736, -0.0022512418218, 0.00474160024896, -0.00159430864733, 0.0125888418406, -0.0038820579648, 0.00170263531618, -0.000551573233679, -0.000196921115275], [-1.19626292872e-05, 0.00452641677111, -0.00266568781808, -4.62932184746e-05, -0.00440840050578, 0.00278958911076, -0.00160632003099, -0.0016800831072, -0.0038820579648, 0.0184257607907, -0.00423215609044, 0.000347511871951, 0.00330280838534], [0.000338585901773, -0.00394099997357, 0.00232200440951, -0.000107238200144, 0.00520032737404, -0.00144263880793, -0.000921694387216, 0.00176902546082, 0.00170263531618, -0.00423215609044, 0.0184959955513, -0.00140329182614, 0.001082041068], [-0.000330628710799, 0.00244987430051, -0.00244366400875, 0.00175919453613, -0.00260327104479, -2.06703953154e-05, -0.000501524657011, 0.000702801393345, -0.000551573233679, 0.000347511871951, -0.00140329182614, 0.0141683854163, -0.00243738573045], [-0.000254403130384, -0.001825341722, 0.00195337529294, -0.00199649622664, 0.00286192283966, 0.00208346685395, 0.0024323083926, -0.00161525479052, -0.000196921115275, 0.00330280838534, 0.001082041068, -0.00243738573045, 0.0165461339056]]
    },
    "melbands": {
        "max": [0.0070201093331, 0.00703037343919, 0.00254045031033, 0.00996255595237, 0.0151107404381, 0.0081269685179, 0.00823362264782, 0.00595533382148, 0.00744585925713, 0.00742869637907, 0.00513490103185, 0.00684647774324, 0.00915638636798, 0.00276662013493, 0.00311104487628, 0.00177622155752, 0.00163443782367, 0.00213409564458, 0.000820778368507, 0.000993949593976, 0.00162198080216, 0.000382004625862, 0.00013531492732, 7.7127609984e-05, 5.9944941313e-05, 0.000350704824086, 0.000569878437091, 0.000691675115377, 0.000317314726999, 0.000371948990505, 0.000273992831353, 0.000236991894781, 0.000231270940276, 0.000120968354167, 0.00015035267279, 7.39324896131e-05, 4.56999623566e-05, 3.43481879099e-05, 2.26820829994e-05, 1.54348999786e-05],
        "mean": [0.000134178349981, 0.000283977686195, 0.000204950760235, 0.000451523461379, 0.000953093287535, 0.000506290700287, 0.000251568213571, 0.000256662198808, 0.00023669131042, 0.000187577548786, 0.00020363611111, 0.000112599838758, 0.000109382672235, 8.55335019878e-05, 8.57519771671e-05, 3.86331739719e-05, 5.88012480875e-05, 4.58959984826e-05, 2.33231403399e-05, 2.79994019365e-05, 2.51337769441e-05, 1.75675886567e-05, 5.90593845118e-06, 2.85358805741e-06, 2.00922954718e-06, 3.98171596316e-06, 1.6175190467e-05, 1.98518937395e-05, 5.17891794516e-06, 3.76092339138e-06, 5.00821442984e-06, 5.49048763787e-06, 5.28544978806e-06, 3.52106189894e-06, 2.77712592833e-06, 2.46500894718e-06, 1.72698412371e-06, 8.60806494529e-07, 4.37104205275e-07, 2.5574328788e-07],
        "min": [1.20891570532e-07, 3.71368457763e-07, 5.00012447446e-07, 1.07717175979e-06, 1.06679572127e-05, 7.65127515479e-06, 1.24512894217e-06, 8.29579505535e-07, 1.34753997827e-06, 8.68081656336e-07, 3.85995690522e-07, 3.69082385987e-07, 8.06556215593e-07, 1.90018155877e-07, 2.50618143127e-07, 1.52979822587e-07, 3.69568539327e-07, 2.05521772045e-07, 1.7061051949e-07, 1.37064276373e-07, 7.27934406086e-08, 8.5495251767e-08, 8.11922049593e-08, 2.46568419016e-08, 1.09344977517e-08, 1.22330625629e-08, 5.33012212145e-09, 5.29368060498e-09, 5.38776934178e-09, 4.16137435622e-09, 1.50724832615e-09, 8.63552729324e-10, 4.71270633629e-10, 2.37874747677e-10, 1.17209492112e-10, 1.67470509682e-10, 1.36454889055e-10, 1.07622834256e-10, 6.83618994746e-11, 6.1356204839e-11],
        "stdev": [0.000313445896609, 0.00059270154452, 0.000317989935866, 0.000615130586084, 0.00126344547607, 0.000666427600663, 0.00041652348591, 0.000386320665712, 0.000537020212505, 0.000601683626883, 0.00048963946756, 0.000392083020415, 0.000425227626693, 0.000210091428016, 0.000234331280808, 0.000111395253043, 0.000144590652781, 0.000152169857756, 6.43567691441e-05, 8.95979828783e-05, 9.37820441322e-05, 3.77139513148e-05, 1.04938635559e-05, 4.87633633384e-06, 3.45698140336e-06, 1.8053333406e-05, 4.33075292676e-05, 5.21044894413e-05, 1.97779481823e-05, 1.64241864695e-05, 1.61811731232e-05, 1.45393360071e-05, 1.29717655e-05, 8.88790691533e-06, 8.24890230433e-06, 5.69409803575e-06, 3.99868804379e-06, 2.43067188421e-06, 1.44502337207e-06, 9.13384212708e-07]
    },
    "melbands128": {
        "max": [0.00123814295512, 0.00405330630019, 0.0112691875547, 0.0127015095204, 0.00936574582011, 0.00749897258356, 0.00339692272246, 0.00261781970039, 0.00306176650338, 0.0156776569784, 0.0152342524379, 0.0277175456285, 0.020851848647, 0.0162494666874, 0.0124689778313, 0.0162462051958, 0.0210893452168, 0.00308125792071, 0.00475691072643, 0.00765520799905, 0.0108650419861, 0.0178437232971, 0.00996993202716, 0.0132745681331, 0.00930755771697, 0.0170455891639, 0.0103518180549, 0.00898911524564, 0.00330198789015, 0.00554758589715, 0.0138984974474, 0.0210195630789, 0.0120649393648, 0.0090955235064, 0.0028302303981, 0.00509080197662, 0.0100757665932, 0.00665335543454, 0.00468973396346, 0.00339723867364, 0.00330983288586, 0.00325455493294, 0.00354200322181, 0.00378189003095, 0.0058300611563, 0.00332645908929, 0.00252434308641, 0.00154344958719, 0.00200174725614, 0.00119196355809, 0.00211632903665, 0.00310644018464, 0.00322901178151, 0.00105178693775, 0.000682761659846, 0.00087300123414, 0.000442087766714, 0.00034784845775, 0.000176867542905, 0.000170445171534, 0.000151076339534, 4.53832908534e-05, 3.47370805684e-05, 8.61717271619e-05, 0.000131710199639, 0.00062487530522, 0.000717030954547, 0.000729687395506, 0.000865105132107, 0.00101689388976, 0.00170988193713, 0.00154895149171, 0.000585967674851, 0.000439732248196, 0.000395275419578, 0.000526277523022, 0.000316381250741, 0.000467850477435, 0.000361640413757, 0.000395158829633, 0.000317293073749, 0.000336332042934, 0.000204276002478, 0.000248330063187, 0.00024384437711, 0.000111694113002, 0.000183032432687, 0.00013409886742, 0.000186705612577, 0.000153864617459, 8.52358498378e-05, 8.6104410002e-05, 6.17170662736e-05, 6.50553774904e-05, 6.05112327321e-05, 5.27928132215e-05, 4.57577589259e-05, 3.14010903821e-05, 2.45352330239e-05, 1.86622346519e-05, 2.47944863077e-05, 1.71877582034e-05, 1.52612337843e-05, 2.79075211438e-05, 1.62354263011e-05, 1.0864977412e-05, 1.08177546281e-05, 7.18648198017e-06, 8.26790710562e-06, 4.2788533392e-06, 5.61070874028e-06, 6.83506141286e-06, 3.71435407942e-06, 2.81127768176e-06, 1.58655018367e-06, 4.2384687049e-07, 1.05680022955e-07, 1.97965865922e-09, 1.93181226571e-09, 1.87797888351e-09, 1.83195136838e-09, 1.79811743273e-09, 1.75489212051e-09, 1.7251533535e-09, 1.703859831e-09, 1.68242009213e-09, 1.667604832e-09, 1.65874425306e-09],
        "mean": [2.31010271818e-05, 9.65990475379e-05, 0.000165414414369, 0.000234428327531, 0.000330383831169, 0.000294097757433, 0.000218418063014, 0.000184983189683, 0.000166055411682, 0.000255185324932, 0.000732194283046, 0.00114756915718, 0.00103471602779, 0.000768918078393, 0.000368126900867, 0.000455878325738, 0.000465481396532, 0.000137895753141, 9.71716144704e-05, 0.000251110934187, 0.00037321462878, 0.000175844834303, 0.00027122584288, 0.000224889532547, 0.000139109266456, 0.000214996733121, 0.000182843607035, 0.00028600366204, 0.000123267745948, 8.25551032904e-05, 0.000126001221361, 0.00013046929962, 0.000102238678664, 0.000122214318253, 3.83764199796e-05, 8.4354855062e-05, 0.00014466556604, 8.98208745639e-05, 5.33592792635e-05, 3.2832067518e-05, 3.60162521247e-05, 4.36314076069e-05, 4.9341670092e-05, 7.64739525039e-05, 7.0645888627e-05, 3.34068099619e-05, 2.55054910667e-05, 2.86417143798e-05, 1.99978276214e-05, 1.45800286191e-05, 3.42915664078e-05, 3.3416403312e-05, 3.17898702633e-05, 1.71702122316e-05, 1.98965444724e-05, 2.32874353969e-05, 9.57919382927e-06, 6.52702783555e-06, 4.56421685158e-06, 4.14196574638e-06, 3.00393821817e-06, 1.53837538619e-06, 2.41490351982e-06, 1.85519809293e-06, 1.79473147455e-06, 3.43764713762e-06, 4.78178708363e-06, 1.00448287412e-05, 1.74499873538e-05, 2.75291204161e-05, 2.34251820075e-05, 1.58990678756e-05, 5.81353651796e-06, 3.23135213876e-06, 4.09210906582e-06, 3.41076543009e-06, 3.67461257156e-06, 4.70444501843e-06, 5.4979759625e-06, 5.06385913468e-06, 4.79234222439e-06, 5.87026715948e-06, 6.42530176265e-06, 5.28295913682e-06, 4.60650198875e-06, 3.34206515618e-06, 3.53090240424e-06, 2.96280063594e-06, 2.741971457e-06, 2.56435373558e-06, 2.66642678071e-06, 2.46477156907e-06, 2.09079280467e-06, 1.82491487521e-06, 1.47882553847e-06, 1.03098773252e-06, 7.31188549707e-07, 5.99163797688e-07, 4.280265955e-07, 3.73010209387e-07, 3.06337113898e-07, 2.41434236159e-07, 1.84765440281e-07, 1.72210434357e-07, 1.28022648482e-07, 1.06236896613e-07, 8.6587540693e-08, 7.33884348847e-08, 5.55767023513e-08, 4.05661459979e-08, 3.23732223251e-08, 2.35786057345e-08, 1.31309532136e-08, 6.95567559106e-09, 2.96309110581e-09, 2.02867611598e-09, 3.81683712414e-10, 4.79071469994e-12, 4.51486070752e-12, 4.39074557962e-12, 4.28020422924e-12, 4.18811166303e-12, 4.1038947414e-12, 4.02905400015e-12, 3.95186834645e-12, 3.86934234653e-12, 3.81708770494e-12, 3.79315806195e-12],
        "min": [7.48788975269e-10, 1.17482681361e-08, 1.71258847104e-08, 5.39333271377e-08, 1.23736924706e-07, 5.1951730029e-08, 2.21917318299e-07, 2.87883722194e-07, 4.57980213753e-08, 4.11606634998e-07, 3.05264649114e-08, 1.42475676057e-06, 3.93646405428e-06, 1.293115929e-06, 1.39094368024e-06, 7.68686732044e-07, 8.8733230541e-07, 2.24301430762e-07, 2.39171207284e-08, 6.59677482417e-07, 3.05136751422e-07, 1.9861306555e-07, 2.383219595e-07, 1.87182422451e-07, 1.82490055067e-07, 4.83267648121e-08, 1.40149992944e-07, 2.94852185334e-07, 1.52892596361e-07, 8.52558201814e-08, 7.48465893707e-08, 5.65753950355e-08, 3.92729930354e-07, 1.54194935931e-07, 5.60205570821e-08, 2.94404305379e-08, 3.76960329618e-08, 9.31125612169e-08, 5.32409316634e-08, 6.52524363431e-08, 5.83029624579e-08, 6.56000196386e-08, 1.66721349615e-07, 1.77646001021e-07, 4.10768663528e-08, 1.75443393147e-08, 4.42922569732e-08, 1.08307013136e-07, 4.10826430652e-08, 9.61285717693e-09, 3.78576778814e-08, 1.02901296373e-07, 1.60576263397e-08, 1.40196982912e-08, 2.75453562182e-08, 1.33241417899e-08, 1.56458295208e-08, 2.1255107896e-08, 1.29569999174e-08, 1.15951710455e-08, 1.22841106176e-08, 3.68343688883e-09, 3.52842732809e-09, 6.32003782641e-09, 2.85507750775e-09, 3.33925931351e-09, 4.26723767433e-09, 4.60088989129e-09, 3.07930636545e-09, 1.64757607557e-09, 2.01394545485e-09, 3.33561067656e-09, 1.82490544898e-09, 2.62737898105e-09, 1.60469859622e-09, 2.08284034464e-09, 1.4550265437e-09, 1.23154109133e-09, 7.18505366315e-10, 5.04880470764e-10, 3.45182160633e-10, 4.06479599979e-10, 3.6175729079e-10, 1.60500654434e-10, 2.09099612625e-10, 1.56460649992e-10, 4.27907639877e-11, 1.85796187463e-11, 4.12554088114e-11, 9.85907744333e-11, 1.0117603283e-10, 6.34571978297e-11, 5.68743906137e-11, 4.58629419164e-11, 2.71549605718e-11, 1.27473673978e-11, 2.62984044264e-11, 1.54241567435e-11, 4.11410246148e-11, 6.65983934667e-12, 1.52617796872e-11, 2.06529342239e-11, 5.31617827017e-13, 5.92294139082e-12, 5.13280433781e-12, 7.57601555275e-13, 2.62646675242e-13, 1.39118073615e-13, 3.50139703472e-14, 5.65482854769e-14, 3.98716467015e-14, 3.64329402693e-14, 3.98269233619e-14, 3.97267837387e-14, 2.85029602188e-14, 4.59035580543e-14, 4.06668073511e-14, 4.55059980583e-14, 3.66465314854e-14, 4.01996449637e-14, 4.05154256227e-14, 2.89883846365e-14, 3.61830418329e-14, 4.21921815519e-14, 2.62444383445e-14, 9.06048019678e-15, 1.56188216792e-15, 4.0492439822e-17],
        "stdev": [9.13684270927e-05, 0.000277063518297, 0.000431682012277, 0.000561557651963, 0.000823397131171, 0.000611475377809, 0.000372790935216, 0.000365827232599, 0.000291543750791, 0.000539448927157, 0.00115254870616, 0.00192224280909, 0.00166786136106, 0.00139077694621, 0.000744232267607, 0.000894990458619, 0.000979594653472, 0.000251988763921, 0.000267146126134, 0.00044706906192, 0.000629156711511, 0.000674796348903, 0.000767243269365, 0.000822291302029, 0.000582844135351, 0.00112578086555, 0.000740100629628, 0.000806253112387, 0.000331723422278, 0.000288499315502, 0.000657317519654, 0.000910196744371, 0.000547516916413, 0.000464415817987, 0.000143377677887, 0.000322092237184, 0.000499862188008, 0.000349050213117, 0.000283925735857, 0.000152146894834, 0.000140025222208, 0.000199598274776, 0.000159392555361, 0.000264946749667, 0.00032723104232, 0.000175345136086, 0.00011370600987, 9.41308899201e-05, 9.70408291323e-05, 5.69764597458e-05, 0.000156252339366, 0.000156030931976, 0.000197753863176, 6.22597071924e-05, 4.57193091279e-05, 7.29320163373e-05, 2.50790599239e-05, 1.67536290974e-05, 1.08415169962e-05, 9.77635500021e-06, 7.855513104e-06, 3.40257383868e-06, 3.72919998881e-06, 3.84514987672e-06, 7.48371894588e-06, 2.28602639254e-05, 2.90818716167e-05, 4.61214222014e-05, 6.06987996434e-05, 8.5083542217e-05, 8.06830794318e-05, 7.35327994335e-05, 2.77581984847e-05, 1.65265537362e-05, 2.05596188607e-05, 1.99276037165e-05, 1.53918736032e-05, 1.77323654498e-05, 1.90307291632e-05, 1.71995288838e-05, 1.50689666043e-05, 1.74934666575e-05, 1.67089165188e-05, 1.42950566442e-05, 1.61480857059e-05, 9.04028820514e-06, 9.94519268716e-06, 9.00731447473e-06, 1.00404540717e-05, 7.87574572314e-06, 7.06979517417e-06, 6.07663696428e-06, 4.73918998978e-06, 4.97480186823e-06, 4.0840532165e-06, 2.96020971291e-06, 2.60745559899e-06, 2.24824157158e-06, 1.5498447965e-06, 1.13465750928e-06, 1.20611866805e-06, 9.38566699915e-07, 7.12165046934e-07, 8.98597647847e-07, 5.9730666635e-07, 5.30457782588e-07, 5.04453680605e-07, 4.01253061e-07, 3.29912978714e-07, 2.12388513887e-07, 1.94042328872e-07, 1.95625233346e-07, 1.18003875116e-07, 8.4241719378e-08, 3.91383814247e-08, 1.71998149057e-08, 3.34283489778e-09, 4.69273855885e-11, 4.57874502202e-11, 4.45423350981e-11, 4.34655887671e-11, 4.26641361129e-11, 4.16876949627e-11, 4.09827310976e-11, 4.04626193662e-11, 3.99670366247e-11, 3.96249560941e-11, 3.94143190308e-11]
    },
    "mfcc": {
        "mean": [-677.839477539, 144.541168213, -14.7969636917, 9.34153938293, -14.9993276596, 3.23947381973, -18.2099647522, -9.6042137146, -10.4701766968, -4.97876739502, -11.5324048996, -1.67547261715, -0.976023077965],
        "cov": [[5894.31640625, -3442.07641602, 1198.57055664, -239.546905518, -365.486297607, 473.22958374, -36.0928382874, 336.911743164, 197.976074219, 293.309539795, -158.574813843, 80.1493225098, 210.29498291], [-3442.07641602, 2913.07495117, -921.428405762, 317.357574463, 421.379882812, -274.33682251, 162.568237305, -119.836112976, -45.1170272827, -172.803588867, 189.931228638, -34.2233200073, -168.235107422], [1198.57055664, -921.428405762, 640.718566895, -69.164642334, -105.575767517, 113.602462769, 6.8648314476, 77.4880828857, 44.8054542542, 41.5233802795, -36.3171615601, 50.1630401611, 39.6683044434], [-239.546905518, 317.357574463, -69.164642334, 285.547546387, 109.788955688, -4.88069534302, 71.9457702637, 0.744249939919, 56.1836204529, -5.5436873436, 54.7119522095, -5.74486303329, 0.432203412056], [-365.486297607, 421.379882812, -105.575767517, 109.788955688, 284.887695312, -4.37125205994, 19.7814216614, 3.65735054016, 57.0380973816, -6.67054748535, 60.9905433655, -1.85294020176, -31.6576862335], [473.22958374, -274.33682251, 113.602462769, -4.88069534302, -4.37125205994, 176.940505981, 34.0450210571, 66.2554092407, 12.447766304, 37.8994598389, 24.188829422, -3.69975972176, 24.0309314728], [-36.0928382874, 162.568237305, 6.8648314476, 71.9457702637, 19.7814216614, 34.0450210571, 190.869049072, 55.398349762, 9.68046283722, 23.6947555542, 34.0391921997, 1.43129360676, 0.430876553059], [336.911743164, -119.836112976, 77.4880828857, 0.744249939919, 3.65735054016, 66.2554092407, 55.398349762, 132.381439209, 30.7407550812, 26.0769138336, 12.8108797073, 3.93445396423, 16.3506908417], [197.976074219, -45.1170272827, 44.8054542542, 56.1836204529, 57.0380973816, 12.447766304, 9.68046283722, 30.7407550812, 127.102424622, 17.2152233124, 2.58457970619, 17.2680263519, 2.42747569084], [293.309539795, -172.803588867, 41.5233802795, -5.5436873436, -6.67054748535, 37.8994598389, 23.6947555542, 26.0769138336, 17.2152233124, 119.955352783, 5.60564661026, 1.38292229176, 7.92217063904], [-158.574813843, 189.931228638, -36.3171615601, 54.7119522095, 60.9905433655, 24.188829422, 34.0391921997, 12.8108797073, 2.58457970619, 5.60564661026, 128.47984314, 7.39828157425, -10.4318132401], [80.1493225098, -34.2233200073, 50.1630401611, -5.74486303329, -1.85294020176, -3.69975972176, 1.43129360676, 3.93445396423, 17.2680263519, 1.38292229176, 7.39828157425, 90.2027664185, 0.780234694481], [210.29498291, -168.235107422, 39.6683044434, 0.432203412056, -31.6576862335, 24.0309314728, 0.430876553059, 16.3506908417, 2.42747569084, 7.92217063904, -10.4318132401, 0.780234694481, 84.1769943237]],
        "icov": [[0.000738843111321, 0.000828702002764, -1.78452264663e-05, -0.000139795869472, -0.000132213564939, -0.000302488508169, -0.000178119560587, -0.000734182191081, -0.000441555457655, -0.000267659372184, 1.89304591913e-05, -0.00023461964156, 4.21441473009e-05], [0.000828702002764, 0.00217127520591, 0.00121670903172, -0.000521238776855, -0.00108524691314, 0.000647098466288, -0.00127305940259, -0.00081141712144, -4.54047185485e-05, 0.000792209291831, -0.000723207253031, -0.00051628658548, 0.00111164571717], [-1.78452264663e-05, 0.00121670903172, 0.00339425960556, -0.000108195607027, -0.000218649045564, -0.0001741629967, -0.000974084076006, -0.000490830338094, -0.000344147149008, 0.000979724223725, -0.000262576562818, -0.00132666598074, 0.000842587731313], [-0.000139795869472, -0.000521238776855, -0.000108195607027, 0.00535122957081, -0.000871307158377, 2.88069568342e-05, -0.00161771732382, 0.00130925991107, -0.00220051128417, 0.000302547472529, -0.0011308445828, 0.000800441892352, -0.0013635045616], [-0.000132213564939, -0.00108524691314, -0.000218649045564, -0.000871307158377, 0.00586580485106, -0.000956611183938, 0.0011739913607, -5.81630156375e-05, -0.00231007579714, -0.000467121368274, -0.00105431955308, 0.000366552907508, 0.000729798804969], [-0.000302488508169, 0.000647098466288, -0.0001741629967, 2.88069568342e-05, -0.000956611183938, 0.0091440603137, -0.00100341695361, -0.00254020979628, 0.000942970626056, -0.000460703391582, -0.00225248979405, 0.00111170078162, -0.00061405467568], [-0.000178119560587, -0.00127305940259, -0.000974084076006, -0.00161771732382, 0.0011739913607, -0.00100341695361, 0.00800191611052, -0.00277735176496, 0.000773754029069, -0.00181931559928, -9.26363427425e-05, -1.92495572264e-05, -0.000267890369287], [-0.000734182191081, -0.00081141712144, -0.000490830338094, 0.00130925991107, -5.81630156375e-05, -0.00254020979628, -0.00277735176496, 0.0120514156297, -0.00201666262001, -3.28079659084e-05, -0.000448702485301, 0.000547492527403, -0.00118574080989], [-0.000441555457655, -4.54047185485e-05, -0.000344147149008, -0.00220051128417, -0.00231007579714, 0.000942970626056, 0.000773754029069, -0.00201666262001, 0.0113223204389, -0.000793582468759, 0.00121403334197, -0.00176467257552, 0.000350606627762], [-0.000267659372184, 0.000792209291831, 0.000979724223725, 0.000302547472529, -0.000467121368274, -0.000460703391582, -0.00181931559928, -3.28079659084e-05, -0.000793582468759, 0.0104049751535, -0.000946469954215, 7.87265671534e-05, 0.000685878156219], [1.89304591913e-05, -0.000723207253031, -0.000262576562818, -0.0011308445828, -0.00105431955308, -0.00225248979405, -9.26363427425e-05, -0.000448702485301, 0.00121403334197, -0.000946469954215, 0.010400088504, -0.00138393533416, 0.000326765555656], [-0.00023461964156, -0.00051628658548, -0.00132666598074, 0.000800441892352, 0.000366552907508, 0.00111170078162, -1.92495572264e-05, 0.000547492527403, -0.00176467257552, 7.87265671534e-05, -0.00138393533416, 0.0123702092096, -0.000353074370651], [4.21441473009e-05, 0.00111164571717, 0.000842587731313, -0.0013635045616, 0.000729798804969, -0.00061405467568, -0.000267890369287, -0.00118574080989, 0.000350606627762, 0.000685878156219, 0.000326765555656, -0.000353074370651, 0.0142566636205]]
    },
    "spectral_contrast_coeffs": {
        "max": [-0.331447869539, -0.494725257158, -0.490209728479, -0.520110607147, -0.549047291279, -0.513971090317],
        "mean": [-0.630789995193, -0.722731888294, -0.73781979084, -0.765354692936, -0.757965683937, -0.727313220501],
        "min": [-0.879310190678, -0.888345777988, -0.930187940598, -0.928263187408, -0.867943167686, -0.865217745304],
        "stdev": [0.0912515744567, 0.0606190599501, 0.0692637786269, 0.0499504543841, 0.0571119263768, 0.0494445003569]
    },
    "spectral_contrast_valleys": {
        "max": [-5.10018205643, -5.13825702667, -5.71654939651, -6.02558422089, -6.26173353195, -8.01492118835],
        "mean": [-7.38292312622, -6.69909524918, -7.47939157486, -7.92113780975, -8.35480499268, -11.2906675339],
        "min": [-9.78842544556, -8.18036842346, -9.2281703949, -9.46087360382, -10.2741537094, -14.2003631592],
        "stdev": [0.840601801872, 0.463166385889, 0.550286412239, 0.578144848347, 0.77728664875, 1.43646752834]
    }
},
"rhythm": {
    "beats_count": 125,
    "beats_loudness": {
        "max": 0.0876555815339,
        "mean": 0.0226267818362,
        "min": 0.000886531081051,
        "stdev": 0.0154875246808
    },
    "bpm": 154.986785889,
    "bpm_histogram_first_peak_bpm": 157,
    "bpm_histogram_first_peak_weight": 0.199999988079,
    "bpm_histogram_second_peak_bpm": 152,
    "bpm_histogram_second_peak_spread": 0.395348846912,
    "bpm_histogram_second_peak_weight": 0.209677413106,
    "danceability": 0.96488314867,
    "onset_rate": 2.830078125,
    "beats_loudness_band_ratio": {
        "max": [0.693491339684, 0.87857323885, 0.723881423473, 0.804731607437, 0.527843534946, 0.555335223675],
        "mean": [0.107289366424, 0.386897325516, 0.266167670488, 0.165637582541, 0.0747719034553, 0.0624351464212],
        "min": [0.000264068919932, 0.0203703846782, 0.0302961245179, 0.0165677294135, 0.00396021362394, 0.000263390218606],
        "stdev": [0.128499642015, 0.212694525719, 0.161172494292, 0.145493000746, 0.0823657363653, 0.0955279096961]
    },
