{
"metadata": {
    "version": {
        "essentia": "2.1-beta5",
        "essentia_git_sha": "Undefined",
        "extractor": "music 2.0"
    },
    "audio_properties": {
        "analysis": {
            "equal_loudness": 0,
            "length": 25.3097515106,
            "sample_rate": 44100,
            "start_time": 178.735595703,
            "downmix": "mix"
        },
        "bit_rate": 192000,
        "length": 204.068588257,
        "lossless": 0,
        "number_channels": 2,
        "replay_gain": -7.15012359619,
        "sample_rate": 48000,
        "codec": "mp3",
        "md5_encoded": "d6393265e11f1e2298ca31ccded1fabb"
    },
    "tags": {
        "file_name": "Portugal_Baunilha E Chocolate_Tó Cruz.mp3",
        "encoding": ["Lavf58.29.100"]
    }
},
"lowlevel": {
    "average_loudness": 0.310068398714,
    "barkbands_crest": {
        "max": 24.5821666718,
        "mean": 8.19979476929,
        "min": 2.91830611229,
        "stdev": 3.4451444149
    },
    "barkbands_flatness_db": {
        "max": 0.349620252848,
        "mean": 0.117132291198,
        "min": 0.0269419364631,
        "stdev": 0.0489066839218
    },
    "barkbands_kurtosis": {
        "max": 60.09116745,
        "mean": 2.57697892189,
        "min": -1.71453237534,
        "stdev": 4.28505945206
    },
    "barkbands_skewness": {
        "max": 6.35993051529,
        "mean": -0.458109587431,
        "min": -2.31006169319,
        "stdev": 1.40877377987
    },
    "barkbands_spread": {
        "max": 69.07371521,
        "mean": 19.7820968628,
        "min": 1.59656870365,
        "stdev": 8.36989688873
    },
    "dissonance": {
        "max": 0.5,
        "mean": 0.473997235298,
        "min": 0.259614229202,
        "stdev": 0.0360620841384
    },
    "dynamic_complexity": 5.45869445801,
    "erbbands_crest": {
        "max": 29.2540969849,
        "mean": 8.45578193665,
        "min": 2.59067511559,
        "stdev": 6.36392831802
    },
    "erbbands_flatness_db": {
        "max": 0.336877137423,
        "mean": 0.166775584221,
        "min": 0.0826578661799,
        "stdev": 0.0656279698014
    },
    "erbbands_kurtosis": {
        "max": 25.7594680786,
        "mean": 1.28081977367,
        "min": -1.55830907822,
        "stdev": 2.82406353951
    },
    "erbbands_skewness": {
        "max": 3.79354286194,
        "mean": 0.0210853815079,
        "min": -1.51604068279,
        "stdev": 0.763814270496
    },
    "erbbands_spread": {
        "max": 90.1597290039,
        "mean": 26.5148487091,
        "min": 3.63190054893,
        "stdev": 11.9801139832
    },
    "hfc": {
        "max": 88.244102478,
        "mean": 16.7405414581,
        "min": 1.05242639321e-16,
        "stdev": 21.5615386963
    },
    "loudness_ebu128": {
        "integrated": -15.1655740738,
        "loudness_range": 9.65920543671,
        "momentary": {
            "max": -12.9465818405,
            "mean": -135.286529541,
            "min": -300.691009521,
            "stdev": 138.55847168
        },
        "short_term": {
            "max": -13.6259336472,
            "mean": -117.272666931,
            "min": -300.691009521,
            "stdev": 133.225799561
        }
    },
    "melbands_crest": {
        "max": 31.1442508698,
        "mean": 7.24405479431,
        "min": 1.47204291821,
        "stdev": 5.47881889343
    },
    "melbands_flatness_db": {
        "max": 0.386105686426,
        "mean": 0.0963607728481,
        "min": 0.00281471153721,
        "stdev": 0.0879350081086
    },
    "melbands_kurtosis": {
        "max": 64.7474441528,
        "mean": 1.31793105602,
        "min": -1.50647175312,
        "stdev": 5.88656282425
    },
    "melbands_skewness": {
        "max": 5.76423120499,
        "mean": 0.516257226467,
        "min": -0.724018454552,
        "stdev": 0.905376911163
    },
    "melbands_spread": {
        "max": 166.556976318,
        "mean": 71.0721282959,
        "min": 1.76785457134,
        "stdev": 54.3451385498
    },
    "pitch_salience": {
        "max": 0.990639686584,
        "mean": 0.683230042458,
        "min": 0.210598155856,
        "stdev": 0.129779949784
    },
    "silence_rate_20dB": {
        "max": 1,
        "mean": 1,
        "min": 1,
        "stdev": 0
    },
    "silence_rate_30dB": {
        "max": 1,
        "mean": 1,
        "min": 1,
        "stdev": 0
    },
    "silence_rate_60dB": {
        "max": 1,
        "mean": 0.499541699886,
        "min": 0,
        "stdev": 0.499999582767
    },
    "spectral_centroid": {
        "max": 11924.2363281,
        "mean": 5477.24072266,
        "min": 286.281097412,
        "stdev": 4729.14355469
    },
    "spectral_complexity": {
        "max": 41,
        "mean": 11.7882680893,
        "min": 0,
        "stdev": 12.3289384842
    },
    "spectral_decrease": {
        "max": 2.3290764337e-28,
        "mean": -3.98293531489e-09,
        "min": -2.52935645761e-08,
        "stdev": 4.97416419165e-09
    },
    "spectral_energy": {
        "max": 0.100593172014,
        "mean": 0.016550924629,
        "min": 9.67928544174e-21,
        "stdev": 0.020584942773
    },
    "spectral_energyband_high": {
        "max": 0.00344586162828,
        "mean": 0.000282917026198,
        "min": 6.97434829314e-21,
        "stdev": 0.000457761285361
    },
    "spectral_energyband_low": {
        "max": 0.0339038744569,
        "mean": 0.00114914402366,
        "min": 1.31737104822e-23,
        "stdev": 0.0023637029808
    },
    "spectral_energyband_middle_high": {
        "max": 0.06289473176,
        "mean": 0.00838962104172,
        "min": 1.09099266292e-21,
        "stdev": 0.0118307536468
    },
    "spectral_energyband_middle_low": {
        "max": 0.0937382653356,
        "mean": 0.00711694173515,
        "min": 1.51709463132e-22,
        "stdev": 0.0110247479752
    },
    "spectral_entropy": {
        "max": 9.82814884186,
        "mean": 8.45546150208,
        "min": 5.88984966278,
        "stdev": 1.18989694118
    },
    "spectral_flux": {
        "max": 0.284820199013,
        "mean": 0.0444940850139,
        "min": 6.3135205397e-11,
        "stdev": 0.0495363175869
    },
    "spectral_kurtosis": {
        "max": 18.9428482056,
        "mean": 2.46944928169,
        "min": -1.28827261925,
        "stdev": 3.62323355675
    },
    "spectral_rms": {
        "max": 0.00990654714406,
        "mean": 0.00276702223346,
        "min": 3.07297980465e-12,
        "stdev": 0.00291390344501
    },
    "spectral_rolloff": {
        "max": 19918.2128906,
        "mean": 8960.63476562,
        "min": 258.3984375,
        "stdev": 8471.13964844
    },
    "spectral_skewness": {
        "max": 3.14171051979,
        "mean": 0.984604716301,
        "min": -0.102000698447,
        "stdev": 0.879443943501
    },
    "spectral_spread": {
        "max": 42939500,
        "mean": 19076904,
        "min": 2048090.375,
        "stdev": 18217352
    },
    "spectral_strongpeak": {
        "max": 14.0222826004,
        "mean": 1.65905416012,
        "min": 0,
        "stdev": 2.51325798035
    },
    "zerocrossingrate": {
        "max": 0.77880859375,
        "mean": 0.253050982952,
        "min": 0.01220703125,
        "stdev": 0.2180377841
    },
    "barkbands": {
        "max": [0.00107707618736, 0.0153293516487, 0.0168485138565, 0.00833701062948, 0.027643494308, 0.0235451385379, 0.0563275441527, 0.0895258635283, 0.0279963500798, 0.0415510348976, 0.0338543690741, 0.0496049672365, 0.0409309417009, 0.0186463128775, 0.0315382368863, 0.00360842235386, 0.00443177763373, 0.00257021654397, 0.00234571588226, 0.00211474718526, 0.0014475203352, 0.000952965056058, 0.000694555579685, 0.000278062623693, 0.000122903235024, 4.74295884487e-05, 2.10136295209e-05],
        "mean": [1.74752112798e-05, 0.000317268451909, 0.000568886636756, 0.000466267782031, 0.00154646800365, 0.000865307461936, 0.00165120454039, 0.00119601120241, 0.00110623799264, 0.00214208126999, 0.000407535815611, 0.00169509102125, 0.00137081264984, 0.000644967483822, 0.00130159885157, 0.000222306072828, 0.000310863892082, 0.00018719380023, 0.000191324666957, 0.000104602615465, 9.54202114372e-05, 5.85010238865e-05, 4.76518798678e-05, 2.22834223678e-05, 1.1246057511e-05, 2.31249305216e-06, 2.18737010726e-08],
        "min": [2.46069012387e-25, 2.91446732194e-24, 2.76858179562e-25, 1.14633679895e-25, 3.83787377936e-24, 4.42873651382e-24, 4.80755935342e-24, 3.47179814312e-24, 8.26892047234e-24, 5.61103035704e-24, 1.17282333139e-23, 1.09167746992e-23, 2.42124683209e-23, 2.95231856422e-23, 2.97849170688e-23, 4.0489406143e-23, 5.26104275011e-23, 8.02163245785e-23, 9.6994865918e-23, 1.34982885638e-22, 1.94964259044e-22, 2.79754260311e-22, 3.77279934955e-22, 5.93111016446e-22, 7.81308136344e-22, 1.21088164808e-21, 1.88057270637e-21],
        "stdev": [5.98293117946e-05, 0.000814652827103, 0.00139356893487, 0.00106605468318, 0.00364204100333, 0.00251964502968, 0.00477373180911, 0.00441388366744, 0.00251559447497, 0.00499926274642, 0.00175965542439, 0.00461767893285, 0.00415683304891, 0.00158687424846, 0.0037850572262, 0.000393537280615, 0.000594949524384, 0.000352081464371, 0.000337503501214, 0.000225094045163, 0.00017077816301, 0.000104977865703, 8.05596719147e-05, 3.68408364011e-05, 1.9586428607e-05, 4.52206677437e-06, 6.35991568743e-07]
    },
    "erbbands": {
        "max": [0.378793567419, 4.08106279373, 18.2414550781, 35.3822746277, 44.3716964722, 161.068313599, 134.519744873, 250.527511597, 961.168884277, 1705.66174316, 2248.74487305, 638.481628418, 1099.45715332, 1805.30126953, 1601.05505371, 1826.76672363, 2270.78027344, 646.213562012, 1708.71704102, 382.186279297, 198.072433472, 220.234359741, 153.07371521, 194.247467041, 132.992462158, 88.3692245483, 75.1729660034, 40.8678665161, 26.6652088165, 28.1120796204, 18.4147319794, 7.46954870224, 3.97013497353, 2.05127859116, 0.841557502747, 0.366186976433, 0.0736644268036, 0.0130196008831, 0.00299359136261, 0.000336200348102],
        "mean": [0.00871994160116, 0.0802092403173, 0.552075862885, 1.22410607338, 2.03399014473, 6.72299528122, 6.42979097366, 8.44206905365, 22.9821453094, 21.6254673004, 26.506772995, 28.80701828, 34.4705696106, 69.2642669678, 37.8858833313, 65.5776519775, 71.6090240479, 31.3761138916, 82.5845184326, 24.0713844299, 13.407661438, 14.3716201782, 13.1988162994, 7.97935533524, 10.2824668884, 5.11268138885, 4.66655111313, 2.86747312546, 1.96398246288, 1.70359277725, 1.3509221077, 0.632547140121, 0.317727059126, 0.15921933949, 0.0599411614239, 0.0176313724369, 0.00304199033417, 0.00012220388453, 1.60865256476e-05, 2.085345659e-05],
        "min": [4.09115287688e-23, 4.9526389045e-22, 6.40749733289e-22, 4.39193888836e-21, 6.28851095607e-21, 9.53690374763e-21, 3.22498656906e-20, 4.32009259761e-20, 9.16011926276e-20, 1.2646306851e-19, 2.35171945943e-19, 2.25662651772e-19, 4.63505899956e-19, 4.9178415487e-19, 6.38915959497e-19, 9.80534935037e-19, 1.52141262115e-18, 1.92774007486e-18, 2.04246526953e-18, 1.77935028361e-18, 3.0648495465e-18, 3.9161344089e-18, 4.03027995676e-18, 5.49351696543e-18, 6.72811422176e-18, 6.98675374697e-18, 8.41244089173e-18, 6.71672973499e-18, 7.90836777979e-18, 9.09355712454e-18, 9.07608955155e-18, 9.84715505853e-18, 8.91246330022e-18, 7.54991319725e-18, 5.90554390035e-18, 4.13258979082e-18, 1.99468835132e-18, 7.43493457511e-19, 2.19584632029e-19, 2.6081109727e-20],
        "stdev": [0.0238625518978, 0.201140955091, 1.25241148472, 2.67516207695, 4.09900760651, 17.3992118835, 16.2955684662, 26.1307182312, 68.6936416626, 76.9695053101, 95.3939666748, 67.3481292725, 84.9234313965, 188.797317505, 112.756202698, 159.177322388, 211.420822144, 66.6199798584, 224.031646729, 45.6622314453, 22.9271125793, 24.9891529083, 22.5270671844, 15.1354036331, 19.6392936707, 9.80394554138, 8.56944656372, 5.26636219025, 3.48526978493, 2.94480895996, 2.33475446701, 1.02783668041, 0.549193203449, 0.280978888273, 0.106567673385, 0.0315882749856, 0.00755242165178, 0.00050878408365, 9.18555597309e-05, 2.71281060122e-05]
    },
    "gfcc": {
        "mean": [-551.777587891, 51.6341285706, -97.5122909546, 7.92645072937, -42.7295837402, 11.3736019135, -22.8772182465, 2.5359787941, -13.0238895416, -1.3558152914, -7.25007867813, -3.72465395927, -3.76923441887],
        "cov": [[383686.8125, 29615.2832031, -50253.1835938, 4936.1171875, -22290.0234375, 5994.45068359, -11881.5087891, 1150.30273438, -6873.77246094, -744.077270508, -3685.77099609, -2149.28027344, -2122.80273438], [29615.2832031, 3187.265625, -3325.02905273, 530.444580078, -1649.2890625, 302.700775146, -828.416931152, -19.6933288574, -471.41506958, -197.706054688, -195.464569092, -231.272842407, -187.031707764], [-50253.1835938, -3325.02905273, 7450.20507812, -395.473144531, 2998.96508789, -882.548400879, 1641.8671875, -249.003265381, 911.552307129, 52.2318916321, 555.893981934, 245.523101807, 189.284133911], [4936.1171875, 530.444580078, -395.473144531, 237.52293396, -179.169708252, 69.1498336792, -127.792976379, -13.6882991791, -98.1308135986, -1.94313871861, -26.4905014038, -42.6475334167, -57.395488739], [-22290.0234375, -1649.2890625, 2998.96508789, -179.169708252, 1464.17419434, -322.680511475, 718.168395996, -61.9511260986, 397.753326416, 74.495880127, 233.322982788, 123.780937195, 116.516273499], [5994.45068359, 302.700775146, -882.548400879, 69.1498336792, -322.680511475, 203.389022827, -152.156280518, 46.0856666565, -117.081993103, 14.6975984573, -74.6735076904, -30.7772293091, -23.633562088], [-11881.5087891, -828.416931152, 1641.8671875, -127.792976379, 718.168395996, -152.156280518, 463.827728271, -21.7436885834, 225.515518188, 20.8930072784, 131.503601074, 62.5399932861, 64.6517715454], [1150.30273438, -19.6933288574, -249.003265381, -13.6882991791, -61.9511260986, 46.0856666565, -21.7436885834, 64.7095031738, -5.60549020767, 24.2096042633, -15.2841005325, 5.50671052933, 1.86666202545], [-6873.77246094, -471.41506958, 911.552307129, -98.1308135986, 397.753326416, -117.081993103, 225.515518188, -5.60549020767, 169.464523315, 10.8289384842, 78.7474060059, 35.0866127014, 45.6909103394], [-744.077270508, -197.706054688, 52.2318916321, -1.94313871861, 74.495880127, 14.6975984573, 20.8930072784, 24.2096042633, 10.8289384842, 77.3413925171, 12.8587017059, 21.5262546539, 2.56078052521], [-3685.77099609, -195.464569092, 555.893981934, -26.4905014038, 233.322982788, -74.6735076904, 131.503601074, -15.2841005325, 78.7474060059, 12.8587017059, 80.8238220215, 32.7531471252, 11.5786447525], [-2149.28027344, -231.272842407, 245.523101807, -42.6475334167, 123.780937195, -30.7772293091, 62.5399932861, 5.50671052933, 35.0866127014, 21.5262546539, 32.7531471252, 50.9606018066, 17.0827465057], [-2122.80273438, -187.031707764, 189.284133911, -57.395488739, 116.516273499, -23.633562088, 64.6517715454, 1.86666202545, 45.6909103394, 2.56078052521, 11.5786447525, 17.0827465057, 59.3988800049]],
        "icov": [[0.000432524713688, -0.00151087378617, 0.000766581506468, -0.00139057368506, 0.00181268982124, -0.00166898407042, 0.00122408405878, -0.00113049638458, 0.000982592930086, -0.00166714587249, 0.00102591072209, -0.00118039082736, 0.000852666038554], [-0.00151087378617, 0.00801044795662, -0.00158002704848, 0.000557443883736, -0.00425471039489, 0.00776666030288, -0.00570559548214, 0.00522805424407, -0.00432213349268, 0.00952869746834, -0.00876566395164, 0.00788476876915, -0.00336224515922], [0.000766581506468, -0.00158002704848, 0.00409867567942, -0.00479392660782, 0.00235819234513, 0.000656338816043, -0.00230101915076, 0.00245371623896, -0.00105578755029, -0.00171615194995, 0.000840300985146, -0.00181196676567, 0.00403389940038], [-0.00139057368506, 0.000557443883736, -0.00479392660782, 0.0192629750818, -0.0102281728759, -0.000116202114441, 0.00125742785167, 0.00143134302925, 0.00343020074069, -0.00072204117896, -5.17038606631e-05, 0.00386920804158, 0.000842198671307], [0.00181268982124, -0.00425471039489, 0.00235819234513, -0.0102281728759, 0.0149970566854, -0.00574369635433, 0.00200042501092, -0.00405734684318, 0.00191251875367, -0.00736716622487, 0.000896611891221, -0.00343761523254, -0.000105748855276], [-0.00166898407042, 0.00776666030288, 0.000656338816043, -0.000116202114441, -0.00574369635433, 0.0240023396909, -0.0141733484343, 0.004108204972, -0.000966116029304, 0.00531612709165, -0.00184531940613, 0.00745564559475, -0.00255097751506], [0.00122408405878, -0.00570559548214, -0.00230101915076, 0.00125742785167, 0.00200042501092, -0.0141733484343, 0.0232410188764, -0.0112746879458, 0.00301379780285, -0.00268195359968, -0.00205089524388, -0.00200507114641, -0.00140294665471], [-0.00113049638458, 0.00522805424407, 0.00245371623896, 0.00143134302925, -0.00405734684318, 0.004108204972, -0.0112746879458, 0.0362000651658, -0.0164228640497, -0.00166988535784, 0.00235958513804, -0.00297685991973, 0.00345245329663], [0.000982592930086, -0.00432213349268, -0.00105578755029, 0.00343020074069, 0.00191251875367, -0.000966116029304, 0.00301379780285, -0.0164228640497, 0.0360289923847, -0.00347587559372, -0.00797189120203, 0.0066404719837, -0.00663475692272], [-0.00166714587249, 0.00952869746834, -0.00171615194995, -0.00072204117896, -0.00736716622487, 0.00531612709165, -0.00268195359968, -0.00166988535784, -0.00347587559372, 0.0314822234213, -0.0141561850905, 0.00416670460254, -0.00239033508115], [0.00102591072209, -0.00876566395164, 0.000840300985146, -5.17038606631e-05, 0.000896611891221, -0.00184531940613, -0.00205089524388, 0.00235958513804, -0.00797189120203, -0.0141561850905, 0.0508534610271, -0.0263387579471, 0.0104051101953], [-0.00118039082736, 0.00788476876915, -0.00181196676567, 0.00386920804158, -0.00343761523254, 0.00745564559475, -0.00200507114641, -0.00297685991973, 0.0066404719837, 0.00416670460254, -0.0263387579471, 0.0470181703568, -0.00953494943678], [0.000852666038554, -0.00336224515922, 0.00403389940038, 0.000842198671307, -0.000105748855276, -0.00255097751506, -0.00140294665471, 0.00345245329663, -0.00663475692272, -0.00239033508115, 0.0104051101953, -0.00953494943678, 0.0312118176371]]
    },
    "melbands": {
        "max": [0.00354143977165, 0.00784324388951, 0.00479247840121, 0.00657961238176, 0.00596708245575, 0.00511832628399, 0.0133893629536, 0.0174870230258, 0.0155638661236, 0.00380886299536, 0.00585812190548, 0.0076556080021, 0.00509190699086, 0.00664904760197, 0.00298727909103, 0.00410490017384, 0.00146082020365, 0.00230033113621, 0.00186742376536, 0.000312450778438, 0.000301056948956, 0.000246417941526, 0.000391069595935, 0.000175766224856, 0.000180143630132, 0.000118703886983, 0.000129543856019, 5.22384434589e-05, 5.64175061299e-05, 3.09853712679e-05, 3.44828367815e-05, 1.65679466591e-05, 2.479099021e-05, 1.18906973512e-05, 1.43485804074e-05, 9.96072958515e-06, 4.00881026508e-06, 3.5548644064e-06, 2.6856155273e-06, 1.50288246914e-06],
        "mean": [8.04378578323e-05, 0.000226330972509, 0.000225880736252, 0.000309420487611, 0.000257829902694, 0.000178690665052, 0.000359450146789, 0.000243736198172, 0.000211901133298, 0.000167451944435, 0.000170977858943, 0.000297490565572, 8.76982303453e-05, 0.000214092215174, 0.000152954366058, 0.00011345668463, 4.99950183439e-05, 0.000127086823341, 6.81834062561e-05, 1.53908949869e-05, 1.58976909006e-05, 1.24194730233e-05, 2.05817559618e-05, 7.69498001318e-06, 5.85757516092e-06, 8.53472374729e-06, 4.87439729113e-06, 2.94189726446e-06, 3.20080994243e-06, 2.00630688596e-06, 1.64830987615e-06, 1.09050984065e-06, 1.08044582703e-06, 8.92009381914e-07, 8.17166096567e-07, 5.60559158203e-07, 3.24508050653e-07, 2.36344689597e-07, 1.68070357631e-07, 1.20294743056e-07],
        "min": [7.74709825265e-25, 7.32578637862e-25, 9.86233509277e-25, 8.76125290202e-25, 8.51764279373e-25, 9.48433858497e-25, 1.19239353078e-24, 1.31637791178e-24, 1.64310999784e-24, 1.31412877074e-24, 2.16675221824e-24, 1.60840879548e-24, 1.42137303029e-24, 1.27281868893e-24, 1.82107041135e-24, 3.01125325805e-24, 3.01210976377e-24, 2.87454208545e-24, 2.35690615337e-24, 1.46533003626e-24, 2.7009810506e-24, 3.28382146409e-24, 3.81116058252e-24, 2.96640000748e-24, 3.55437570825e-24, 3.59699155207e-24, 3.71017060944e-24, 3.86920575679e-24, 3.98880811407e-24, 4.36400968769e-24, 3.38349108124e-24, 4.4274475151e-24, 4.62489466651e-24, 4.77638396488e-24, 4.14482981277e-24, 5.68708759236e-24, 5.86727052286e-24, 5.20057143413e-24, 5.40562281023e-24, 5.28083960895e-24],
        "stdev": [0.000209502904909, 0.000498665263876, 0.000449647282949, 0.00071246852167, 0.000650166592095, 0.000540741893928, 0.00104354659561, 0.000854981713928, 0.000680114666466, 0.000389596010791, 0.000434641784523, 0.000809689809103, 0.000301870313706, 0.000615788041614, 0.000400376564357, 0.000325475382851, 0.00012527583749, 0.000333133357344, 0.000186205463251, 2.75310794677e-05, 3.06367546727e-05, 2.38610718952e-05, 4.40412113676e-05, 1.72982126969e-05, 1.25531141748e-05, 1.59178307513e-05, 1.05671315396e-05, 5.85398402109e-06, 6.55633402857e-06, 3.46072829416e-06, 3.40734641213e-06, 2.01747093342e-06, 2.09770473703e-06, 1.5346741975e-06, 1.43833563016e-06, 1.01956277376e-06, 5.45909699667e-07, 4.29454217965e-07, 3.08468003141e-07, 2.18193605406e-07]
    },
    "melbands128": {
        "max": [0.00102669361513, 0.0037895666901, 0.00466029439121, 0.00711319362745, 0.00992812588811, 0.0100735537708, 0.00891903229058, 0.00463716220111, 0.00535338232294, 0.00718906102702, 0.0126332826912, 0.0121507495642, 0.00633781775832, 0.00523284310475, 0.00614450126886, 0.00882531702518, 0.0151168126613, 0.0220993049443, 0.0103143630549, 0.0297213699669, 0.0150142423809, 0.03359561041, 0.016114551574, 0.00715378858149, 0.00712262047455, 0.00582652306184, 0.00913368258625, 0.00929885078222, 0.0115642743185, 0.0111706685275, 0.0103449197486, 0.00102004688233, 0.00980588514358, 0.00954282004386, 0.0163586307317, 0.00599948270246, 0.0105799688026, 0.00399723509327, 0.00892255082726, 0.0101216416806, 0.00449957046658, 0.00264191580936, 0.00209929211996, 0.0026135223452, 0.004277438391, 0.00447983294725, 0.00842232257128, 0.00179745268542, 0.000566284870729, 0.000584999390412, 0.000386766099837, 0.000346634886228, 0.000596892845351, 0.000513062288519, 0.000650882255286, 0.000390751927625, 0.000581830914598, 0.000934674753807, 0.000303574139252, 0.000269430136541, 0.000359345809557, 0.000291756732622, 0.000376551033696, 0.000179068068974, 0.000203356350539, 0.000138542527566, 0.00027936763945, 0.000178814399987, 0.00021802939591, 0.000145496145706, 6.5293526859e-05, 8.00648704171e-05, 0.000133738358272, 0.000112887464638, 4.71611601824e-05, 4.42546406703e-05, 2.87847542495e-05, 3.93845657527e-05, 7.12407345418e-05, 3.29982794938e-05, 2.46848303505e-05, 1.80497681868e-05, 2.32046368183e-05, 2.93753728329e-05, 3.6449633626e-05, 1.27919438455e-05, 1.91287181224e-05, 1.59463197633e-05, 2.19693065446e-05, 1.75884015334e-05, 1.53816872626e-05, 8.50186916068e-06, 7.40972609492e-06, 5.87711519984e-06, 4.65468428956e-06, 4.1832822717e-06, 4.94214827995e-06, 3.01140357806e-06, 4.15555587097e-06, 3.00115311802e-06, 1.9649337446e-06, 2.45740284299e-06, 2.4332537123e-06, 2.89443710244e-06, 1.12090936e-06, 1.29038562591e-06, 1.47855678279e-06, 9.77418153525e-07, 5.54051950985e-07, 3.45624016518e-07, 6.35902722479e-07, 3.43490597743e-07, 4.28800944974e-07, 1.11301211803e-07, 1.0774154191e-07, 1.04278150559e-07, 1.01102884287e-07, 9.81024399493e-08, 9.53794412339e-08, 9.29797394633e-08, 9.07909480929e-08, 8.88792683895e-08, 8.71717276141e-08, 8.56385753423e-08, 8.44502352493e-08, 8.34470981204e-08, 8.27313755281e-08, 8.22734094186e-08],
        "mean": [1.44105697473e-05, 6.91277818987e-05, 9.33872142923e-05, 0.000129453226691, 0.000254420156125, 0.000276852573734, 0.000253167381743, 0.0002242053597, 0.000146625476191, 0.00031115298043, 0.000423841149313, 0.000355324125849, 0.000213162231375, 0.000134890942718, 0.000176603745786, 0.000210916477954, 0.000214861982386, 0.000553772551939, 0.000308209215291, 0.000200531023438, 0.00022198955412, 0.000286412599962, 0.000178665097337, 0.00016763403255, 0.000261941488134, 9.70804321696e-05, 0.000131444132421, 0.000149958519614, 0.000199739253731, 0.000452056614449, 0.000306134810671, 3.71423884644e-05, 6.97197101545e-05, 7.56379740778e-05, 0.000285519199679, 0.000235003462876, 0.000146608115756, 6.60372534185e-05, 0.000256217928836, 0.000194313484826, 4.34333924204e-05, 5.49489923287e-05, 5.04561212438e-05, 3.9097500121e-05, 7.22131444491e-05, 0.000129256543005, 0.000248060154263, 3.24398752127e-05, 2.02601440833e-05, 2.67210434686e-05, 9.86045051832e-06, 9.68793301581e-06, 2.1030096832e-05, 1.3956926523e-05, 1.57048671099e-05, 7.15029091225e-06, 9.46387990552e-06, 3.87599175156e-05, 1.52456977958e-05, 6.64151821184e-06, 8.17448108137e-06, 8.1089356172e-06, 4.75357455798e-06, 5.13115310241e-06, 7.87680164649e-06, 7.03451814843e-06, 1.28795691126e-05, 4.32527349403e-06, 3.213994205e-06, 4.28270186603e-06, 2.91432547783e-06, 2.29163833865e-06, 2.82559403786e-06, 4.22932680522e-06, 2.27024793276e-06, 2.57347869592e-06, 1.47259504502e-06, 1.17893455354e-06, 2.05460696634e-06, 1.72754744199e-06, 1.02547664937e-06, 7.99208748958e-07, 1.12978341349e-06, 1.12961220111e-06, 1.13478711228e-06, 7.35496882953e-07, 1.01522539353e-06, 7.49847970383e-07, 7.69867483541e-07, 9.16612179935e-07, 6.87824297074e-07, 4.37992014213e-07, 3.69472417105e-07, 3.64181772738e-07, 2.63831253733e-07, 2.31959447206e-07, 2.75088751778e-07, 1.61174099844e-07, 1.66381212807e-07, 1.78335284318e-07, 1.39216297157e-07, 9.86214985232e-08, 1.17010458212e-07, 7.26741475887e-08, 7.14287864412e-08, 4.80385331514e-08, 4.5421362671e-08, 3.38435093283e-08, 2.86146466522e-08, 2.08251016431e-08, 2.61991210948e-08, 1.04016448788e-08, 8.15323897285e-09, 2.27405583253e-09, 5.66054925155e-10, 5.16235776349e-10, 2.01487493356e-10, 9.2423846354e-11, 8.98206439781e-11, 8.7559702544e-11, 8.54917872606e-11, 8.36901242751e-11, 8.2083992381e-11, 8.06366917683e-11, 7.94887558553e-11, 7.84989642733e-11, 7.78006617463e-11, 7.73663286213e-11],
        "min": [2.31103720125e-26, 1.56772238217e-25, 2.44165096592e-25, 3.38956718375e-25, 1.27696193431e-25, 1.92531401658e-25, 9.99938636302e-26, 7.5177057598e-26, 1.80395454559e-25, 2.82799115691e-25, 1.63509495534e-26, 3.6031882517e-25, 2.06727039929e-25, 5.37245633676e-25, 3.08964571886e-25, 2.44451034019e-25, 8.07003473446e-25, 3.68792769014e-25, 1.22156047946e-25, 2.72992391348e-25, 5.34175633552e-25, 3.22329083563e-25, 6.003468147e-25, 3.34943289913e-25, 2.93642255353e-25, 1.0373577603e-25, 5.4424884497e-25, 6.09911851784e-25, 1.56462141926e-25, 1.92165481132e-25, 8.54501232284e-25, 7.805698785e-25, 4.95596933324e-25, 4.57723770569e-25, 3.80591342491e-25, 7.8824825612e-25, 6.96747244344e-25, 9.41978905532e-25, 7.70600451595e-25, 7.16765822409e-25, 5.73359340791e-25, 8.08666145715e-25, 1.04885555591e-24, 1.08422364156e-24, 7.06561955904e-25, 1.0885062688e-24, 1.35873392455e-24, 1.07850824569e-24, 1.02361388049e-24, 1.33613098885e-24, 8.43024686619e-25, 7.4564680901e-25, 1.44000198057e-24, 3.83159627079e-25, 1.07590776572e-24, 1.49395474168e-24, 1.42656087543e-24, 1.92498232522e-24, 6.99334954632e-25, 1.00553940082e-24, 1.83083808707e-24, 1.76663683952e-24, 1.43223189787e-24, 1.67285173029e-24, 1.53913822914e-24, 2.537160673e-24, 2.22248464955e-24, 2.37854125534e-24, 2.38017202805e-24, 1.83886869109e-24, 2.18562334882e-24, 1.43677258124e-24, 2.11412750447e-24, 1.93880395715e-24, 2.22697602911e-24, 2.38909522818e-24, 2.55773949022e-24, 1.86569824491e-24, 1.87522965679e-24, 2.51246064919e-24, 2.60679717219e-24, 2.28427375767e-24, 2.57531826941e-24, 2.80687201928e-24, 2.10573560216e-24, 3.17256959392e-24, 2.85899639802e-24, 2.50464855965e-24, 2.78610643924e-24, 3.20645176145e-24, 2.72286267161e-24, 3.76653511554e-24, 3.50451891018e-24, 3.37874450517e-24, 3.49834134043e-24, 3.2514318214e-24, 2.64809029349e-24, 3.37260480075e-24, 3.94980761978e-24, 3.05569590651e-24, 3.61154919122e-24, 2.84184242042e-24, 3.64432872841e-24, 3.81718353553e-24, 4.18645484729e-24, 3.5907619175e-24, 3.53772324897e-24, 4.15243561519e-24, 4.09940207425e-24, 3.18271138693e-24, 4.5256658254e-24, 4.46456144854e-24, 4.24150432227e-24, 4.46145451987e-24, 3.52584615918e-24, 5.04743578305e-24, 5.0097207376e-24, 4.50864772909e-24, 5.24437254146e-24, 5.0766749125e-24, 4.79322259533e-24, 4.71223576822e-24, 4.15915552681e-24, 4.81011289617e-24, 4.58665660629e-24, 3.99194659718e-24, 4.9605526151e-24, 4.6209038192e-24],
        "stdev": [5.29001445102e-05, 0.000204716314329, 0.000260981585598, 0.000352786068106, 0.000595097546466, 0.000730603991542, 0.000608041649684, 0.000538830761798, 0.000345905980794, 0.000816502608359, 0.00121976609807, 0.00120788370259, 0.000644688261673, 0.000339188263752, 0.000596498721279, 0.000883942877408, 0.000780953967478, 0.00180448568426, 0.00092423975002, 0.0012305744458, 0.000926400534809, 0.00141621462535, 0.000759246817324, 0.000492189952638, 0.000766367535107, 0.000309099297738, 0.000506742391735, 0.000643355597276, 0.00062341109151, 0.00128759071231, 0.00106380286161, 9.09417576622e-05, 0.000446925376309, 0.000411171873566, 0.00110440037679, 0.000709501910023, 0.000616223434918, 0.000311690353556, 0.000934052863158, 0.000693127163686, 0.000210268204683, 0.000205770440516, 0.000170315572177, 0.000153450513608, 0.000269477925031, 0.000389381253626, 0.000883308821358, 0.000114976865007, 5.37437917956e-05, 6.01615647611e-05, 2.44216407737e-05, 2.31483081734e-05, 5.03463379573e-05, 3.4611493902e-05, 4.99189809489e-05, 2.37630756601e-05, 3.3452284697e-05, 0.000102691847133, 3.52506140189e-05, 2.07764787774e-05, 2.37227759499e-05, 2.58881264017e-05, 1.75685072463e-05, 1.44909135997e-05, 2.00823124032e-05, 1.49151037476e-05, 3.16490913974e-05, 1.38039868034e-05, 1.08154326881e-05, 1.21354296425e-05, 5.87056092627e-06, 5.43867690794e-06, 7.79959464126e-06, 1.01546102087e-05, 4.4719536163e-06, 5.27750262336e-06, 2.91604305858e-06, 3.16361729347e-06, 5.62721743336e-06, 3.58454485649e-06, 2.30105570154e-06, 1.78732057066e-06, 2.47862794822e-06, 2.43348063123e-06, 2.92135950986e-06, 1.36253686378e-06, 1.98564885068e-06, 1.43797205965e-06, 1.58269040185e-06, 1.90044283954e-06, 1.4909563788e-06, 8.47419357797e-07, 7.06334901679e-07, 6.94979007676e-07, 5.09253027303e-07, 4.44005962663e-07, 6.02641989644e-07, 3.1867028838e-07, 3.63034558859e-07, 3.83008341487e-07, 2.71858795031e-07, 2.20120028871e-07, 2.30023857739e-07, 1.83323905389e-07, 1.48543037426e-07, 1.01126289564e-07, 1.0835937303e-07, 7.15953873964e-08, 5.80231152014e-08, 4.06624245386e-08, 5.57554891145e-08, 3.1335282813e-08, 3.42490338312e-08, 9.46422407111e-09, 4.63623450742e-09, 4.40955849612e-09, 3.15598036593e-09, 2.96864177685e-09, 2.88625656708e-09, 2.8136282193e-09, 2.74742761874e-09, 2.68952304872e-09, 2.63788413335e-09, 2.59151544668e-09, 2.5554696137e-09, 2.52518317367e-09, 2.5034945228e-09, 2.48964604488e-09]
    },
    "mfcc": {
        "mean": [-910.167480469, 66.5455169678, -19.4977226257, -3.28359460831, -7.87078046799, 1.77132773399, -3.48519992828, 0.807132959366, -3.3050532341, 1.41360712051, -1.7707606554, -1.41648888588, -2.85142731667],
        "cov": [[100759.085938, 18495.6523438, -4669.95117188, -359.033050537, -2024.85803223, 737.883117676, -716.200012207, 231.844268799, -1020.98028564, 466.483734131, -416.556732178, -310.252593994, -707.81463623], [18495.6523438, 4009.14086914, -635.270080566, 81.3096008301, -385.621917725, 89.713218689, -191.758560181, 89.8781356812, -269.771026611, 88.1380157471, -104.269416809, -79.0589065552, -146.829498291], [-4669.95117188, -635.270080566, 809.304992676, 263.0078125, 110.037956238, -5.22678756714, 46.8572654724, 11.4226922989, -54.9703063965, -2.32294487953, 27.4208564758, 2.81101369858, 34.1677322388], [-359.033050537, 81.3096008301, 263.0078125, 245.827346802, 85.3344573975, 29.571685791, 32.1076202393, -3.29187631607, -51.9065628052, 6.95680809021, 5.5043258667, 4.18056964874, 21.9964561462], [-2024.85803223, -385.621917725, 110.037956238, 85.3344573975, 140.177383423, 15.5304899216, 32.1974906921, -18.4770812988, 11.166062355, -3.59957575798, 12.1303443909, 6.87615728378, 19.1574440002], [737.883117676, 89.713218689, -5.22678756714, 29.571685791, 15.5304899216, 77.1936340332, 43.3118476868, 5.0471868515, -2.57325053215, 4.73744153976, 8.30979824066, -2.73218536377, -3.41556358337], [-716.200012207, -191.758560181, 46.8572654724, 32.1076202393, 32.1974906921, 43.3118476868, 86.0811080933, 9.62181854248, 23.5472431183, -2.78732895851, 23.9949092865, 14.6586017609, 12.7118320465], [231.844268799, 89.8781356812, 11.4226922989, -3.29187631607, -18.4770812988, 5.0471868515, 9.62181854248, 54.8962249756, 2.42423844337, 6.00650119781, 5.41600799561, -3.36825871468, -2.90254187584], [-1020.98028564, -269.771026611, -54.9703063965, -51.9065628052, 11.166062355, -2.57325053215, 23.5472431183, 2.42423844337, 85.4013137817, 9.68613815308, 2.83823680878, 1.2211689949, 3.10334038734], [466.483734131, 88.1380157471, -2.32294487953, 6.95680809021, -3.59957575798, 4.73744153976, -2.78732895851, 6.00650119781, 9.68613815308, 41.5231895447, 5.37799024582, -5.1842250824, -2.48908662796], [-416.556732178, -104.269416809, 27.4208564758, 5.5043258667, 12.1303443909, 8.30979824066, 23.9949092865, 5.41600799561, 2.83823680878, 5.37799024582, 44.5121040344, 15.1452121735, 10.8442106247], [-310.252593994, -79.0589065552, 2.81101369858, 4.18056964874, 6.87615728378, -2.73218536377, 14.6586017609, -3.36825871468, 1.2211689949, -5.1842250824, 15.1452121735, 54.5169029236, 25.2309169769], [-707.81463623, -146.829498291, 34.1677322388, 21.9964561462, 19.1574440002, -3.41556358337, 12.7118320465, -2.90254187584, 3.10334038734, -2.48908662796, 10.8442106247, 25.2309169769, 41.118938446]],
        "icov": [[0.000124795828015, -0.000474301545182, 0.000289760791929, 5.34850587428e-05, 0.00036644298234, -0.000650068337563, -0.000102763864561, 0.000431431893958, 0.000207921242691, -0.000398557429435, -5.58620158699e-05, -6.57601849525e-05, 3.79310258722e-05], [-0.000474301545182, 0.00311173452064, 0.000338783924235, -0.00286618038081, 0.00160990725271, 0.00085063977167, 0.00203447742388, -0.00326109328307, 0.00193292100448, -0.000647135311738, 0.00121784117073, -0.00046551329433, 0.00243958085775], [0.000289760791929, 0.000338783924235, 0.00437986152247, -0.00490874378011, 0.00378081109375, -0.00157027144451, 0.000595607445575, -0.00139585707802, 0.00394345540553, -0.0029371373821, 2.85071673716e-05, -7.81370399636e-05, 0.00257453764789], [5.34850587428e-05, -0.00286618038081, -0.00490874378011, 0.0153952753171, -0.0101309400052, 0.0014014756307, -0.00612110178918, 0.00342385447584, 0.000956810137723, -2.10014131881e-05, 0.0016182254767, 0.0016659181565, -0.00802276842296], [0.00036644298234, 0.00160990725271, 0.00378081109375, -0.0101309400052, 0.0195250622928, -0.00642336485907, 0.00291611091234, 0.00155364628881, 0.00242976262234, -0.00360858184285, -0.000225286828936, -0.000639477511868, 0.00396227510646], [-0.000650068337563, 0.00085063977167, -0.00157027144451, 0.0014014756307, -0.00642336485907, 0.0276348367333, -0.0155279133469, -0.000109065316792, 0.000562132685445, 0.000760856666602, 0.000228257180424, 0.00383280776441, 7.49173705117e-05], [-0.000102763864561, 0.00203447742388, 0.000595607445575, -0.00612110178918, 0.00291611091234, -0.0155279133469, 0.0294865500182, -0.00577757135034, -0.00725899450481, 0.00498212082312, -0.00790639501065, -0.00467741349712, 0.0019080771599], [0.000431431893958, -0.00326109328307, -0.00139585707802, 0.00342385447584, 0.00155364628881, -0.000109065316792, -0.00577757135034, 0.0243636611849, -0.00297598703764, -0.00106473255437, -0.00330972392112, 0.00248512811959, -0.00260882382281], [0.000207921242691, 0.00193292100448, 0.00394345540553, 0.000956810137723, 0.00242976262234, 0.000562132685445, -0.00725899450481, -0.00297598703764, 0.0263598635793, -0.0130857899785, 0.00654541142285, 0.000133863519295, 0.00305140879937], [-0.000398557429435, -0.000647135311738, -0.0029371373821, -2.10014131881e-05, -0.00360858184285, 0.000760856666602, 0.00498212082312, -0.00106473255437, -0.0130857899785, 0.0343114882708, -0.00886354129761, 0.00363486725837, -0.00341879948974], [-5.58620158699e-05, 0.00121784117073, 2.85071673716e-05, 0.0016182254767, -0.000225286828936, 0.000228257180424, -0.00790639501065, -0.00330972392112, 0.00654541142285, -0.00886354129761, 0.0322576388717, -0.00626983540133, -0.000858246290591], [-6.57601849525e-05, -0.00046551329433, -7.81370399636e-05, 0.0016659181565, -0.000639477511868, 0.00383280776441, -0.00467741349712, 0.00248512811959, 0.000133863519295, 0.00363486725837, -0.00626983540133, 0.0289320852607, -0.0172722730786], [3.79310258722e-05, 0.00243958085775, 0.00257453764789, -0.00802276842296, 0.00396227510646, 7.49173705117e-05, 0.0019080771599, -0.00260882382281, 0.00305140879937, -0.00341879948974, -0.000858246290591, -0.0172722730786, 0.0436101108789]]
    },
    "spectral_contrast_coeffs": {
        "max": [-0.38358515501, -0.451106011868, -0.48518756032, -0.594389379025, -0.647120594978, -0.657412588596],
        "mean": [-0.814782202244, -0.841283977032, -0.829330503941, -0.844098269939, -0.854173362255, -0.834859609604],
        "min": [-0.984825432301, -0.988930344582, -0.976515829563, -0.975965440273, -0.973092675209, -0.965525686741],
        "stdev": [0.142743989825, 0.124556317925, 0.130414426327, 0.11410292238, 0.0970269367099, 0.111542873085]
    },
    "spectral_contrast_valleys": {
        "max": [-5.5386762619, -4.64357376099, -5.67864465714, -5.91881656647, -6.23021125793, -9.0630979538],
        "mean": [-15.9074602127, -15.3711633682, -15.5392131805, -15.7459688187, -15.9579515457, -17.6671676636],
        "min": [-27.9847164154, -28.1376399994, -27.8876476288, -27.6996555328, -27.569152832, -27.4577693939],
        "stdev": [9.72662258148, 10.1459703445, 9.99809169769, 9.80606937408, 9.64132499695, 8.19308185577]
    }
},
"rhythm": {
    "beats_count": 58,
    "beats_loudness": {
        "max": 0.0570123232901,
        "mean": 0.0148751111701,
        "min": 0,
        "stdev": 0.018851544708
    },
    "bpm": 143.434967041,
    "bpm_histogram_first_peak_bpm": 144,
    "bpm_histogram_first_peak_weight": 0.360000014305,
    "bpm_histogram_second_peak_bpm": 161,
    "bpm_histogram_second_peak_spread": 0.250000059605,
    "bpm_histogram_second_peak_weight": 0.157894730568,
    "danceability": 0.745669841766,
    "onset_rate": 0.750354647636,
    "beats_loudness_band_ratio": {
        "max": [0.254526257515, 0.856217265129, 0.667942464352, 0.676734983921, 0.622593164444, 0.789579212666],
        "mean": [0.0394263751805, 0.0714031904936, 0.135310873389, 0.194757759571, 0.109445348382, 0.0339970625937],
        "min": [0, 0, 0, 0, 0, 0],
        "stdev": [0.0597754567862, 0.146688014269, 0.17197419703, 0.210308402777, 0.156702920794, 0.103097401559]
    },
    "beats_position": [0.510838985443, 1.02167797089, 1.53251695633, 2.0549659729, 2.57741498947, 3.04181408882, 3.51782298088, 3.99383211136, 4.45823097229, 4.92263031006, 5.3754196167, 5.85142850876, 6.30421733856, 6.7570066452, 7.20979595184, 7.66258478165, 8.11537361145, 8.56816291809, 8.98612213135, 9.4040813446, 9.82204055786, 10.2516098022, 10.6695690155, 11.0875282288, 11.505487442, 11.9118366241, 12.3297958374, 12.7361450195, 13.1424942017, 13.5140132904, 13.8855323792, 14.2570514679, 14.6401815414, 15.0233106613, 15.4064397812, 15.7779588699, 16.1494789124, 16.5209980011, 16.8925170898, 17.2640361786, 17.6355552673, 18.0535144806, 18.4714736938, 18.8894329071, 19.3073921204, 19.7021312714, 20.0968704224, 20.4916095734, 20.9211788177, 21.3507480621, 21.7803173065, 22.2098865509, 22.6278457642, 23.0458049774, 23.4637641907, 23.8817234039, 24.2996826172, 24.7060317993],
