{
"metadata": {
    "version": {
        "essentia": "2.1-beta5",
        "essentia_git_sha": "Undefined",
        "extractor": "music 2.0"
    },
    "audio_properties": {
        "analysis": {
            "equal_loudness": 0,
            "length": 29.0017242432,
            "sample_rate": 44100,
            "start_time": 0,
            "downmix": "mix"
        },
        "bit_rate": 192000,
        "length": 221.320999146,
        "lossless": 0,
        "number_channels": 2,
        "replay_gain": -4.08275222778,
        "sample_rate": 48000,
        "codec": "mp3",
        "md5_encoded": "5e75c337c4b952590c31f772a2c56447"
    },
    "tags": {
        "file_name": "Israel_Amen_Liora.mp3",
        "encoding": ["Lavf58.29.100"]
    }
},
"lowlevel": {
    "average_loudness": 0.0164753310382,
    "barkbands_crest": {
        "max": 18.7719192505,
        "mean": 7.1903219223,
        "min": 2.79033613205,
        "stdev": 2.53701138496
    },
    "barkbands_flatness_db": {
        "max": 0.319404900074,
        "mean": 0.121752627194,
        "min": 0.0377545021474,
        "stdev": 0.0535541810095
    },
    "barkbands_kurtosis": {
        "max": 21.278131485,
        "mean": 2.10013389587,
        "min": -1.58052909374,
        "stdev": 1.9098700285
    },
    "barkbands_skewness": {
        "max": 4.09148025513,
        "mean": -0.281784772873,
        "min": -2.19124817848,
        "stdev": 1.40367031097
    },
    "barkbands_spread": {
        "max": 52.21301651,
        "mean": 18.8017959595,
        "min": 2.73269629478,
        "stdev": 7.94828939438
    },
    "dissonance": {
        "max": 0.499999701977,
        "mean": 0.481905370951,
        "min": 0.321319907904,
        "stdev": 0.022548917681
    },
    "dynamic_complexity": 10.8456449509,
    "erbbands_crest": {
        "max": 26.3962574005,
        "mean": 6.25036621094,
        "min": 2.58328390121,
        "stdev": 3.41121768951
    },
    "erbbands_flatness_db": {
        "max": 0.388469576836,
        "mean": 0.173730045557,
        "min": 0.0798193067312,
        "stdev": 0.0746875628829
    },
    "erbbands_kurtosis": {
        "max": 10.221572876,
        "mean": 0.386540830135,
        "min": -1.53817903996,
        "stdev": 1.03104507923
    },
    "erbbands_skewness": {
        "max": 2.90084266663,
        "mean": -0.0705983489752,
        "min": -1.35366261005,
        "stdev": 0.619946479797
    },
    "erbbands_spread": {
        "max": 64.5501556396,
        "mean": 27.4892368317,
        "min": 4.92769575119,
        "stdev": 10.9002571106
    },
    "hfc": {
        "max": 232.407272339,
        "mean": 10.6553554535,
        "min": 1.06305037013e-16,
        "stdev": 27.6732120514
    },
    "loudness_ebu128": {
        "integrated": -19.636838913,
        "loudness_range": 18.3505134583,
        "momentary": {
            "max": -14.177069664,
            "mean": -134.870346069,
            "min": -300.691009521,
            "stdev": 132.806610107
        },
        "short_term": {
            "max": -16.4146404266,
            "mean": -116.808883667,
            "min": -300.691009521,
            "stdev": 128.966217041
        }
    },
    "melbands_crest": {
        "max": 30.2834453583,
        "mean": 7.08169937134,
        "min": 1.44963109493,
        "stdev": 5.33331775665
    },
    "melbands_flatness_db": {
        "max": 0.361151695251,
        "mean": 0.106384642422,
        "min": 0.00268413824961,
        "stdev": 0.0967651829123
    },
    "melbands_kurtosis": {
        "max": 47.6897697449,
        "mean": 1.55924344063,
        "min": -1.43821775913,
        "stdev": 3.95898294449
    },
    "melbands_skewness": {
        "max": 5.61307525635,
        "mean": 0.713963389397,
        "min": -0.74006575346,
        "stdev": 0.954844295979
    },
    "melbands_spread": {
        "max": 163.349182129,
        "mean": 65.4721832275,
        "min": 3.61589598656,
        "stdev": 54.9180412292
    },
    "pitch_salience": {
        "max": 0.882077932358,
        "mean": 0.731299936771,
        "min": 0.28688159585,
        "stdev": 0.0998756289482
    },
    "silence_rate_20dB": {
        "max": 1,
        "mean": 1,
        "min": 1,
        "stdev": 0
    },
    "silence_rate_30dB": {
        "max": 1,
        "mean": 0.981599986553,
        "min": 0,
        "stdev": 0.134394302964
    },
    "silence_rate_60dB": {
        "max": 1,
        "mean": 0.639199972153,
        "min": 0,
        "stdev": 0.480231821537
    },
    "spectral_centroid": {
        "max": 11768.3671875,
        "mean": 5279.70605469,
        "min": 431.141815186,
        "stdev": 4701.26367188
    },
    "spectral_complexity": {
        "max": 49,
        "mean": 9.73519992828,
        "min": 0,
        "stdev": 12.6413965225
    },
    "spectral_decrease": {
        "max": 2.51496430304e-28,
        "mean": -2.03565564405e-09,
        "min": -5.75174077255e-08,
        "stdev": 5.86838755368e-09
    },
    "spectral_energy": {
        "max": 0.230491816998,
        "mean": 0.00864950474352,
        "min": 9.84984620664e-21,
        "stdev": 0.0244418419898
    },
    "spectral_energyband_high": {
        "max": 0.0295793619007,
        "mean": 0.000263003981672,
        "min": 6.90005794217e-21,
        "stdev": 0.00142829469405
    },
    "spectral_energyband_low": {
        "max": 0.0037861391902,
        "mean": 0.000130639076815,
        "min": 7.21408722431e-24,
        "stdev": 0.000430912070442
    },
    "spectral_energyband_middle_high": {
        "max": 0.115117192268,
        "mean": 0.00445877527818,
        "min": 1.12580442572e-21,
        "stdev": 0.0118867149577
    },
    "spectral_energyband_middle_low": {
        "max": 0.200575783849,
        "mean": 0.00393289979547,
        "min": 1.41275016923e-22,
        "stdev": 0.014951877296
    },
    "spectral_entropy": {
        "max": 9.82779979706,
        "mean": 8.4781627655,
        "min": 6.34320878983,
        "stdev": 1.12298727036
    },
    "spectral_flux": {
        "max": 0.404606163502,
        "mean": 0.0346900224686,
        "min": 6.27701224332e-11,
        "stdev": 0.0589995160699
    },
    "spectral_kurtosis": {
        "max": 39.6413383484,
        "mean": 3.72758316994,
        "min": -1.27177023888,
        "stdev": 5.69444847107
    },
    "spectral_rms": {
        "max": 0.0149956680834,
        "mean": 0.00161912140902,
        "min": 3.0999365401e-12,
        "stdev": 0.00241184420884
    },
    "spectral_rolloff": {
        "max": 19982.8125,
        "mean": 8540.12402344,
        "min": 215.33203125,
        "stdev": 8355.45703125
    },
    "spectral_skewness": {
        "max": 4.18215370178,
        "mean": 1.10213935375,
        "min": -0.0928619131446,
        "stdev": 0.972114086151
    },
    "spectral_spread": {
        "max": 42905288,
        "mean": 18129970,
        "min": 1298833.5,
        "stdev": 18329574
    },
    "spectral_strongpeak": {
        "max": 11.9137907028,
        "mean": 0.55257999897,
        "min": 0,
        "stdev": 1.17799532413
    },
    "zerocrossingrate": {
        "max": 0.6181640625,
        "mean": 0.239496871829,
        "min": 0.00634765625,
        "stdev": 0.214479103684
    },
    "barkbands": {
        "max": [3.99308337364e-05, 0.00063803687226, 0.00337928091176, 0.0027918596752, 0.0985444933176, 0.0641438364983, 0.148195743561, 0.121422871947, 0.065724439919, 0.0970506072044, 0.0423479266465, 0.0461416579783, 0.0457781851292, 0.0547599866986, 0.0399166531861, 0.0246682409197, 0.0150583172217, 0.0093103768304, 0.00756982481107, 0.0171008147299, 0.0059966170229, 0.00680224504322, 0.0070153195411, 0.00804480351508, 0.000805409916211, 2.19559133257e-05, 1.80800981298e-07],
        "mean": [1.237981337e-06, 1.36636690513e-05, 0.000100127675978, 4.42851815023e-05, 0.000594977405854, 0.000463362695882, 0.000865337380674, 0.000605160545092, 0.00106705818325, 0.000912778370548, 0.000386273954064, 0.000441268581199, 0.000540754583199, 0.0006622239016, 0.000634986208752, 0.000485017866595, 0.000245600094786, 0.000125672915601, 0.00012326783326, 0.000134690839332, 7.56490189815e-05, 4.33407039964e-05, 3.63328654203e-05, 3.89600354538e-05, 6.96047982274e-06, 5.21302126799e-07, 2.63027266634e-09],
        "min": [2.53024127817e-25, 9.93123814854e-25, 4.59973651174e-25, 4.36587241015e-26, 5.18789088951e-24, 4.00189373877e-24, 1.7726321824e-24, 3.3072159231e-24, 1.31502978794e-23, 7.69549511375e-24, 8.85038195697e-24, 1.98109573691e-23, 2.02357778992e-23, 2.89920108848e-23, 3.06505499173e-23, 3.74308157086e-23, 4.72718050141e-23, 6.82251528808e-23, 1.06083502801e-22, 1.52889700021e-22, 2.2203433024e-22, 2.92190772389e-22, 3.60945717943e-22, 5.35557441363e-22, 7.80453288802e-22, 1.26762662181e-21, 1.71745515334e-21],
        "stdev": [3.7686320411e-06, 5.36452680535e-05, 0.000362179504009, 0.000197994100745, 0.00442910287529, 0.00358562008478, 0.00766484485939, 0.00454592145979, 0.00407628202811, 0.00499904854223, 0.00167227978818, 0.00216626771726, 0.00231435196474, 0.00288924900815, 0.00271432148293, 0.00174254237209, 0.000811701116618, 0.000480863964185, 0.000504712981638, 0.00086766819004, 0.000332715309924, 0.000287036789814, 0.000292900513159, 0.000351505557774, 4.10345892305e-05, 1.34327126489e-06, 7.64970575773e-09]
    },
    "erbbands": {
        "max": [0.024263266474, 0.160580575466, 2.68640351295, 3.71148967743, 25.315530777, 215.297042847, 1143.68273926, 298.646148682, 1541.0012207, 3756.33398438, 1211.20849609, 1165.27148438, 1449.3359375, 3039.74804688, 737.920166016, 1948.12548828, 2568.06591797, 2776.66064453, 1946.78857422, 1768.32214355, 1578.43054199, 841.935424805, 471.175598145, 445.720794678, 418.424926758, 910.330688477, 280.311828613, 243.141235352, 217.304824829, 205.569320679, 213.335006714, 233.321609497, 94.6886138916, 17.9395389557, 2.21364593506, 0.262502491474, 0.0213820133358, 0.000866350834258, 0.000247860647505, 0.000267230992904],
        "mean": [0.000424662401201, 0.00470645353198, 0.0782490745187, 0.156593710184, 0.6046692729, 2.12804245949, 4.34974002838, 3.39148974419, 9.01443481445, 15.5932207108, 13.9004745483, 22.6041812897, 28.762090683, 26.5135688782, 15.030172348, 18.9058742523, 25.9486846924, 32.6543464661, 33.0519294739, 31.2885150909, 24.9197177887, 13.7762613297, 7.80281257629, 5.88442325592, 6.81505537033, 6.2607178688, 4.02632951736, 2.39355945587, 1.62991499901, 1.20542919636, 1.03558909893, 1.04599416256, 0.469485193491, 0.128117382526, 0.0282136630267, 0.0054335584864, 0.000376067415345, 1.88180438272e-05, 6.85563827574e-06, 1.11823464977e-05],
        "min": [3.57599893786e-23, 4.44537130262e-22, 9.70220052575e-22, 2.09802265665e-21, 5.37403936288e-21, 1.76105718437e-20, 3.23324157308e-20, 4.96153271167e-20, 6.18296699121e-20, 1.0395008152e-19, 1.50816157548e-19, 3.22685121511e-19, 5.13255437127e-19, 5.39908385535e-19, 7.01045443607e-19, 7.47775254555e-19, 1.38513554581e-18, 1.7709115938e-18, 1.53487643319e-18, 2.32596157215e-18, 2.56661219378e-18, 3.48202381958e-18, 3.58030983355e-18, 5.93179199555e-18, 6.09578303353e-18, 7.52188831809e-18, 7.58505844711e-18, 6.5146937655e-18, 9.88922215576e-18, 9.72828837732e-18, 1.07077239893e-17, 9.79932416679e-18, 8.42739218131e-18, 6.30358238393e-18, 5.77358832672e-18, 4.24269497498e-18, 2.13807783576e-18, 8.98573640644e-19, 2.30622788616e-19, 2.58730641094e-20],
        "stdev": [0.00171569373924, 0.0161522366107, 0.27889084816, 0.445856153965, 2.2891535759, 13.0747842789, 49.0435371399, 18.0749855042, 75.1002807617, 140.259963989, 71.2229766846, 88.8416595459, 99.1978225708, 163.32749939, 44.9360313416, 90.1906967163, 119.609680176, 145.548294067, 126.609657288, 114.927093506, 90.9465713501, 43.9610748291, 28.2447834015, 24.0020465851, 28.6631736755, 41.4973945618, 17.2818145752, 12.3599386215, 10.3674488068, 8.80521869659, 8.63330936432, 9.77304553986, 4.17494297028, 0.884332299232, 0.129284322262, 0.01500473544, 0.00102472759318, 4.83533622173e-05, 1.83952070074e-05, 3.04663608404e-05]
    },
    "gfcc": {
        "mean": [-591.501281738, 51.6690711975, -108.80783844, 1.19875776768, -40.0387191772, 6.4742064476, -25.2740192413, 1.5021122694, -11.3266735077, -3.22130823135, -9.38436889648, -6.51205682755, -1.47880733013],
        "cov": [[315257.09375, 21942.9550781, -52323.4335938, -20.6515903473, -19097.7636719, 2870.85205078, -11895.9443359, 590.342529297, -5137.86816406, -1564.67358398, -4214.35595703, -3219.07226562, -355.415496826], [21942.9550781, 3471.98999023, -2958.43359375, 120.019615173, -758.647705078, -233.214691162, -704.713806152, -100.831855774, -320.817443848, -207.618240356, -254.15965271, -338.098022461, -124.427619934], [-52323.4335938, -2958.43359375, 9210.86328125, 155.10144043, 3310.67993164, -612.475158691, 2016.25097656, -139.983657837, 837.971801758, 232.951034546, 679.856811523, 497.546600342, -2.05905342102], [-20.6515903473, 120.019615173, 155.10144043, 160.607192993, 21.8620681763, -19.0732917786, -13.5359382629, -25.6668682098, -8.30554771423, -11.9137716293, -6.08597898483, -5.70368003845, -6.33728599548], [-19097.7636719, -758.647705078, 3310.67993164, 21.8620681763, 1438.61206055, -274.064849854, 778.828186035, -53.3581924438, 345.095092773, 72.6632385254, 277.197937012, 175.324050903, -7.76413249969], [2870.85205078, -233.214691162, -612.475158691, -19.0732917786, -274.064849854, 263.834503174, -106.336845398, 93.6273422241, -50.0198707581, 28.4471416473, -56.8639144897, 34.8529853821, -0.0667088478804], [-11895.9443359, -704.713806152, 2016.25097656, -13.5359382629, 778.828186035, -106.336845398, 533.659667969, 9.01167392731, 216.685424805, 54.5397644043, 166.074249268, 111.034454346, 4.11894178391], [590.342529297, -100.831855774, -139.983657837, -25.6668682098, -53.3581924438, 93.6273422241, 9.01167392731, 82.0384902954, 11.4848852158, 25.0732021332, -10.4522895813, 19.1835193634, -8.20748806], [-5137.86816406, -320.817443848, 837.971801758, -8.30554771423, 345.095092773, -50.0198707581, 216.685424805, 11.4848852158, 139.236404419, 38.0696105957, 84.1385421753, 42.7652282715, 8.46094703674], [-1564.67358398, -207.618240356, 232.951034546, -11.9137716293, 72.6632385254, 28.4471416473, 54.5397644043, 25.0732021332, 38.0696105957, 52.6614494324, 24.9849090576, 33.5138473511, -1.51881349087], [-4214.35595703, -254.15965271, 679.856811523, -6.08597898483, 277.197937012, -56.8639144897, 166.074249268, -10.4522895813, 84.1385421753, 24.9849090576, 96.5320739746, 44.445980072, 11.7930278778], [-3219.07226562, -338.098022461, 497.546600342, -5.70368003845, 175.324050903, 34.8529853821, 111.034454346, 19.1835193634, 42.7652282715, 33.5138473511, 44.445980072, 84.0821075439, 10.3821868896], [-355.415496826, -124.427619934, -2.05905342102, -6.33728599548, -7.76413249969, -0.0667088478804, 4.11894178391, -8.20748806, 8.46094703674, -1.51881349087, 11.7930278778, 10.3821868896, 38.7029037476]],
        "icov": [[0.000454854161944, -0.00108163733967, 0.00149699917529, -0.000895041041076, 0.001353283762, -0.000163972377777, 0.000481387716718, -0.00130309944507, 0.000682988786139, -0.000361077254638, 0.000741505238693, 0.000449854123872, 6.62191960146e-05], [-0.00108163733967, 0.00366885284893, -0.00281914905645, 0.00111067958642, -0.00444218795747, 0.00204215524718, -0.00104846875183, 0.00255903159268, -0.000924751686398, 0.00158991862554, -0.00128521199804, -0.000469164369861, 0.00244283326901], [0.00149699917529, -0.00281914905645, 0.00703758141026, -0.00506880600005, 0.00309577235021, 0.00158995005768, -0.0025826273486, -0.00157598033547, 0.001882697572, -0.00255921902135, 0.00373906129971, -0.00171426869929, 0.00360118993558], [-0.000895041041076, 0.00111067958642, -0.00506880600005, 0.0108107971027, -0.00163376808632, -0.00280624465086, 0.00350393494591, 0.00293318531476, -0.00185938598588, 0.00267204735428, -0.00183217739686, 0.00136177567765, -0.00252718152478], [0.001353283762, -0.00444218795747, 0.00309577235021, -0.00163376808632, 0.0120481709018, -5.89372721151e-05, -0.00272414740175, -0.000448228383902, -0.00384263042361, 0.000750205188524, 0.000544859969523, -0.00484057981521, 0.00265694013797], [-0.000163972377777, 0.00204215524718, 0.00158995005768, -0.00280624465086, -5.89372721151e-05, 0.014506816864, -0.00332957855426, -0.00685763824731, 0.000453814282082, -0.00135270063765, 0.00467815902084, -0.0103504937142, 0.00479678250849], [0.000481387716718, -0.00104846875183, -0.0025826273486, 0.00350393494591, -0.00272414740175, -0.00332957855426, 0.0237605813891, -0.0138285914436, -0.000789186160546, 0.00648913020268, -0.00454428326339, 0.00943739619106, -0.00524700339884], [-0.00130309944507, 0.00255903159268, -0.00157598033547, 0.00293318531476, -0.000448228383902, -0.00685763824731, -0.0138285914436, 0.0398110859096, -0.0133615713567, -0.0058335615322, 0.00342709291726, -0.0111820325255, 0.011116893962], [0.000682988786139, -0.000924751686398, 0.001882697572, -0.00185938598588, -0.00384263042361, 0.000453814282082, -0.000789186160546, -0.0133615713567, 0.0344825945795, -0.0111694466323, -0.00777550367638, 0.0153551669791, -0.0101514002308], [-0.000361077254638, 0.00158991862554, -0.00255921902135, 0.00267204735428, 0.000750205188524, -0.00135270063765, 0.00648913020268, -0.0058335615322, -0.0111694466323, 0.0382331758738, -0.00563093554229, -0.00792955048382, 0.00810258463025], [0.000741505238693, -0.00128521199804, 0.00373906129971, -0.00183217739686, 0.000544859969523, 0.00467815902084, -0.00454428326339, 0.00342709291726, -0.00777550367638, -0.00563093554229, 0.0349115543067, -0.00878272205591, -0.0028987727128], [0.000449854123872, -0.000469164369861, -0.00171426869929, 0.00136177567765, -0.00484057981521, -0.0103504937142, 0.00943739619106, -0.0111820325255, 0.0153551669791, -0.00792955048382, -0.00878272205591, 0.0437000840902, -0.0143246063963], [6.62191960146e-05, 0.00244283326901, 0.00360118993558, -0.00252718152478, 0.00265694013797, 0.00479678250849, -0.00524700339884, 0.011116893962, -0.0101514002308, 0.00810258463025, -0.0028987727128, -0.0143246063963, 0.0447975769639]]
    },
    "melbands": {
        "max": [0.00019082815561, 0.000951559690293, 0.00114067853428, 0.00610788771883, 0.0362104289234, 0.00746698724106, 0.0264660287648, 0.0409004725516, 0.00818071141839, 0.00914556346834, 0.00718977022916, 0.0142043232918, 0.00401283567771, 0.00540139665827, 0.0049051376991, 0.00420377450064, 0.00562612432986, 0.00295522809029, 0.00386218680069, 0.00173067348078, 0.00215931772254, 0.00103864772245, 0.000422821380198, 0.000408325518947, 0.000350070127752, 0.000381292542443, 0.000529780809302, 0.000582409615163, 0.000240446708631, 0.000133855108288, 0.000133510329761, 9.44203056861e-05, 0.000193050364032, 7.2213668318e-05, 9.52226037043e-05, 0.000157840346219, 0.000154109482537, 7.806315989e-05, 2.92232816719e-05, 9.29471934796e-06],
        "mean": [3.77091237169e-06, 2.91204596579e-05, 3.80715246138e-05, 9.46201180341e-05, 0.000146263686474, 7.92371210991e-05, 0.000154683730216, 0.000165118806763, 0.00011652597459, 0.000150945459609, 0.000143959769048, 0.000110364853754, 5.0604576245e-05, 4.94636005897e-05, 5.17862499692e-05, 5.52979472559e-05, 6.13383817836e-05, 5.24730676261e-05, 4.69530823466e-05, 3.58417164534e-05, 2.76312439382e-05, 1.5099409211e-05, 8.5559559011e-06, 5.74357545702e-06, 4.52921631222e-06, 4.89881949761e-06, 4.99475299875e-06, 3.88604257751e-06, 2.76428318102e-06, 1.80453935172e-06, 1.2236675957e-06, 9.3009128932e-07, 7.85982138041e-07, 6.07654328633e-07, 5.45179545952e-07, 6.66007963446e-07, 6.40479470349e-07, 3.67601757034e-07, 1.78805066753e-07, 8.2291606418e-08],
        "min": [4.74525768293e-25, 8.65353295934e-25, 8.47761106102e-25, 1.1455013706e-24, 8.05946646352e-25, 1.22690816753e-24, 7.26288261004e-25, 6.50242661386e-25, 1.00469748902e-24, 1.65267986669e-24, 2.16669009545e-24, 1.59841156123e-24, 1.8699166786e-24, 1.92129893644e-24, 2.35932894242e-24, 1.92791333792e-24, 2.81180239993e-24, 1.70294519611e-24, 2.06126692129e-24, 2.50754229866e-24, 2.46717431399e-24, 2.84570882493e-24, 3.5506487349e-24, 3.24252597621e-24, 4.42480364778e-24, 3.83296706452e-24, 2.68618734483e-24, 3.87826109112e-24, 3.48800331827e-24, 3.48163523861e-24, 3.0491769572e-24, 5.27259127933e-24, 5.05288365646e-24, 4.86636065087e-24, 4.90142394038e-24, 5.47912295293e-24, 5.6178181107e-24, 5.65386155989e-24, 4.52667320078e-24, 5.48799921583e-24],
        "stdev": [1.50326504809e-05, 0.000101795274531, 0.00011241586617, 0.000430046726251, 0.00153778272215, 0.000471314764582, 0.00135381694417, 0.00145887269173, 0.000558925385121, 0.000597627833486, 0.000522739719599, 0.000730575702619, 0.000164662065799, 0.000249920238275, 0.000219518362428, 0.000233514656429, 0.000291415664833, 0.00019950105343, 0.000199847781914, 0.000120926808449, 0.000110315384518, 4.99673005834e-05, 2.79278738162e-05, 2.40887438849e-05, 1.94192580238e-05, 2.15664549614e-05, 2.85409660137e-05, 2.67306604655e-05, 1.30989074023e-05, 8.10029450804e-06, 6.65469542582e-06, 5.5296300161e-06, 6.71924999551e-06, 4.07975585404e-06, 4.15065460402e-06, 6.37428593109e-06, 6.12438861936e-06, 3.42042312695e-06, 1.37341487516e-06, 5.20389392022e-07]
    },
    "melbands128": {
        "max": [3.59322730219e-05, 0.00020519537793, 0.000274743710179, 0.000213403822272, 0.00101961242035, 0.00180202978663, 0.000716784445103, 0.00198569241911, 0.00344192027114, 0.00552609516308, 0.0125673264265, 0.0462860614061, 0.0552262887359, 0.0253227055073, 0.00425403937697, 0.0172083247453, 0.0131651787087, 0.0461685955524, 0.0570103265345, 0.0630103200674, 0.0448548309505, 0.0193624272943, 0.00955353770405, 0.0124124549329, 0.0109709622338, 0.019299082458, 0.0179291497916, 0.00704707764089, 0.0171801224351, 0.0342842936516, 0.0134135950357, 0.0129208639264, 0.00212673586793, 0.00107371073682, 0.00958789046854, 0.00880718883127, 0.00793727301061, 0.00395761616528, 0.00896249432117, 0.0110295712948, 0.00483790040016, 0.00570997828618, 0.0104125514627, 0.00676458096132, 0.00239997077733, 0.00579937035218, 0.00974611006677, 0.00494905514643, 0.00597377633676, 0.00424832897261, 0.00270691490732, 0.00328675168566, 0.00400912808254, 0.00402399199083, 0.00127880182117, 0.00128927291371, 0.000764774391428, 0.000975420232862, 0.000647846842185, 0.000918141973671, 0.000524084840436, 0.000222791175474, 0.000560730579309, 0.000348724599462, 0.00051324715605, 0.000366326741641, 0.00033129635267, 0.000513961247634, 0.000516292522661, 0.00141835422255, 0.000623243919108, 0.000432949658716, 0.000395599345211, 0.000224547751714, 0.000134358560899, 0.000154717199621, 0.000162664335221, 0.000211792692426, 0.000130008338601, 7.12827095413e-05, 0.000106937222881, 0.000121251367091, 0.00014348347031, 0.000351487629814, 0.00010599851521, 0.000109804299427, 6.04276174272e-05, 5.69092844671e-05, 5.69026669837e-05, 0.000210713158594, 0.000169071150594, 0.000157518530614, 0.00013070445857, 0.000166565936524, 0.000205946402275, 8.98689104361e-05, 6.02687723585e-05, 4.97050314152e-05, 3.35116637871e-05, 1.89724196389e-05, 1.52560314746e-05, 9.22947310755e-06, 5.24153711012e-06, 4.09133917856e-06, 2.12375698538e-06, 1.85928217888e-06, 1.19261505915e-06, 7.26153643882e-07, 3.27951795498e-07, 2.65561993729e-07, 2.69495274097e-07, 5.84144643767e-08, 4.96606631373e-08, 1.06844586512e-08, 1.11063902519e-09, 1.08901621054e-09, 3.74814890236e-09, 7.91578080861e-10, 7.52602924425e-10, 7.41604333498e-10, 7.2681277663e-10, 7.09025171908e-10, 7.02589930679e-10, 6.89753920646e-10, 6.77539468974e-10, 6.70796418412e-10, 6.6313338154e-10, 6.58852639113e-10],
        "mean": [9.66198967944e-07, 3.01909540212e-06, 5.10653353558e-06, 4.95950098411e-06, 2.77903709502e-05, 5.51493649255e-05, 2.81361844827e-05, 2.57620213233e-05, 5.85034249525e-05, 8.8778368081e-05, 0.000116706214612, 0.000167587597389, 0.000176092595211, 9.56575531745e-05, 5.40499095223e-05, 8.83954999154e-05, 9.22780309338e-05, 0.000175168155693, 0.000226594827836, 0.000181294817594, 0.000135405600304, 0.000103941776615, 0.000111307272164, 0.000131750319269, 0.000136879796628, 0.000159138493473, 0.000185547673027, 0.000134930043714, 0.000110084518383, 0.000147681450471, 9.84048092505e-05, 6.68372595101e-05, 4.52635613328e-05, 3.73363618564e-05, 5.29069911863e-05, 5.07318545715e-05, 5.09199453518e-05, 4.21852964791e-05, 6.10269962635e-05, 6.45159816486e-05, 4.6525754442e-05, 5.23642775079e-05, 6.96907009115e-05, 6.36565164314e-05, 4.73103791592e-05, 5.40604778507e-05, 5.33912461833e-05, 4.3507454393e-05, 4.93605111842e-05, 4.15121576225e-05, 3.06748370349e-05, 3.45307671523e-05, 3.11838557536e-05, 2.4281684091e-05, 1.95046723093e-05, 1.43275156006e-05, 1.16592455015e-05, 9.4870065368e-06, 7.27024826119e-06, 7.04352487446e-06, 6.02711224928e-06, 4.2283518269e-06, 4.77998719361e-06, 4.28597104474e-06, 4.91797345603e-06, 4.69153565064e-06, 4.97064957017e-06, 5.34757236892e-06, 4.54540622741e-06, 5.44117756363e-06, 3.89544220525e-06, 3.11658141072e-06, 3.38314930559e-06, 2.68866119768e-06, 2.05544802157e-06, 1.99854639504e-06, 1.59424394042e-06, 1.39680457778e-06, 1.20390507163e-06, 1.02645310562e-06, 9.20481966205e-07, 9.66100856203e-07, 7.76697618221e-07, 8.44205146677e-07, 6.53578183574e-07, 7.37224468139e-07, 5.32163824118e-07, 4.93544007441e-07, 4.70496985372e-07, 6.72658984513e-07, 6.50564004445e-07, 6.48261618608e-07, 7.1908755217e-07, 6.83151085923e-07, 5.86231749367e-07, 4.30590091582e-07, 3.26222107105e-07, 2.67237936669e-07, 1.88067630802e-07, 1.29995569864e-07, 1.02030959681e-07, 7.814924885e-08, 5.43329967684e-08, 3.92908319213e-08, 2.70348312625e-08, 2.01654390963e-08, 1.41022971079e-08, 1.09197859643e-08, 8.80717188068e-09, 5.71437475116e-09, 3.46567508025e-09, 5.01885921711e-10, 8.56733919918e-11, 3.33790321771e-11, 1.80424390706e-11, 5.30201819948e-11, 7.43424696803e-11, 7.27207009887e-12, 4.490945376e-12, 3.01481973067e-12, 2.39813789486e-12, 2.37140298717e-12, 2.16941568876e-12, 1.77982606951e-12, 1.68350272958e-12, 1.56785522065e-12, 1.50209662417e-12, 1.48603622897e-12],
        "min": [3.36354173804e-26, 1.66065032007e-25, 8.70792122097e-26, 4.1762084316e-25, 1.01054850733e-25, 1.61533814967e-25, 1.25612232461e-25, 1.94012697549e-26, 6.07399107934e-26, 1.48414330882e-25, 4.92347411878e-26, 1.00258729842e-25, 2.97388974874e-25, 4.57226245856e-25, 1.96121692527e-25, 8.12253219511e-26, 7.96909874904e-26, 1.54793109465e-25, 2.66140246918e-25, 3.36729813344e-25, 1.95464004399e-25, 3.38450442238e-25, 4.52893821765e-25, 3.08975468027e-25, 2.62544618912e-25, 4.23112843479e-25, 6.21403089983e-25, 4.99234568174e-25, 4.1563927387e-25, 2.14334395417e-25, 6.10617241344e-25, 7.36597933478e-25, 7.25794779204e-25, 6.31344413718e-25, 2.46553619502e-25, 4.8576402866e-25, 4.41563018153e-25, 1.00411807068e-24, 6.8862754835e-25, 8.09471720611e-25, 2.80386187397e-25, 7.94238471404e-25, 7.03746018295e-25, 7.94335994334e-25, 8.06577439253e-25, 5.19729075884e-25, 1.320774135e-24, 1.14715373837e-24, 1.13918565158e-24, 1.21394570375e-24, 8.04986109592e-25, 1.05471807433e-24, 1.16209121404e-24, 1.20902508524e-24, 1.15875798089e-24, 1.7111154285e-24, 6.0860816053e-25, 1.14508850052e-24, 1.85793565638e-24, 1.01798733008e-24, 1.17280039526e-24, 1.8515620547e-24, 1.60461969933e-24, 2.12873602514e-24, 1.19361212366e-24, 1.9142536197e-24, 2.17467553717e-24, 1.25931269998e-24, 2.01648545707e-24, 1.37285818323e-24, 2.67922367519e-24, 1.50739338163e-24, 2.2181967961e-24, 2.00025247457e-24, 1.47385880594e-24, 1.61381909939e-24, 2.11299785565e-24, 1.41397440247e-24, 2.01334026864e-24, 1.72299429323e-24, 2.73176398084e-24, 2.37593623942e-24, 2.7768554674e-24, 3.19787644898e-24, 3.04312264697e-24, 2.98474358733e-24, 2.3179460882e-24, 2.90752376825e-24, 3.35618742202e-24, 2.40620207134e-24, 3.06723122231e-24, 3.37916417917e-24, 2.73119817036e-24, 2.95432629411e-24, 1.9999497492e-24, 2.70685806435e-24, 4.1534189303e-24, 2.74313481915e-24, 2.87410643701e-24, 3.40538473237e-24, 3.2214355827e-24, 3.50883042946e-24, 4.08439005122e-24, 3.12010166625e-24, 3.94470171757e-24, 3.27051909986e-24, 3.15050673212e-24, 3.67690828937e-24, 4.24017075291e-24, 3.17298690134e-24, 3.92603292982e-24, 3.42319168959e-24, 4.01343516824e-24, 4.42313007937e-24, 3.89710973916e-24, 3.8899243996e-24, 4.06236032158e-24, 4.62846938971e-24, 3.31801602054e-24, 4.38018883042e-24, 3.9998308675e-24, 5.1698224249e-24, 4.46145373101e-24, 4.54864771015e-24, 5.12092212068e-24, 5.0974010495e-24, 5.52174234662e-24, 4.86695032439e-24],
        "stdev": [3.17850822285e-06, 1.27088733279e-05, 2.32060465351e-05, 1.93026153283e-05, 0.000100700955954, 0.000198971814825, 8.87162896106e-05, 0.000136745962664, 0.000266263989033, 0.000388144369936, 0.00069605151657, 0.00199531461112, 0.00223390222527, 0.00124956970103, 0.000282452092506, 0.000682469806634, 0.000633503426798, 0.00201160670258, 0.00253448286094, 0.00207494175993, 0.00146395666525, 0.000844354333822, 0.000632529670838, 0.000711302855052, 0.000638876575977, 0.000949371606112, 0.000775720982347, 0.000500031455886, 0.000819567008875, 0.001476652571, 0.00066814821912, 0.000413565721828, 0.00012703302491, 0.000100498917163, 0.000375682546292, 0.000311096169753, 0.000335058575729, 0.000156763882842, 0.000358749501174, 0.000435695459601, 0.000208580080653, 0.000264867470833, 0.000458280788735, 0.000319869111991, 0.000176826142706, 0.000278934137896, 0.000370419351384, 0.000202416573302, 0.000286924216198, 0.0001762482716, 0.000111423003545, 0.000169971230207, 0.000156064837938, 0.000133082969114, 7.64881624491e-05, 5.27931515535e-05, 4.3546238885e-05, 3.94596063416e-05, 2.74523063126e-05, 3.66318417946e-05, 3.05099256366e-05, 1.56344212883e-05, 2.48002761509e-05, 1.93634186871e-05, 2.7934096579e-05, 2.1519321308e-05, 2.17769193114e-05, 2.78906754829e-05, 2.81874818029e-05, 5.22092741448e-05, 2.66088864009e-05, 1.90232804016e-05, 2.04972893698e-05, 1.29527916215e-05, 8.16904776002e-06, 8.84065775608e-06, 8.85524150362e-06, 9.12794075703e-06, 6.51638993077e-06, 5.16723457622e-06, 5.44294107385e-06, 6.69882001603e-06, 5.45238799532e-06, 1.04723740151e-05, 4.62670732304e-06, 5.99666873313e-06, 3.19736886922e-06, 3.09280108013e-06, 3.11289568344e-06, 7.05086313246e-06, 6.55373059999e-06, 6.31614238955e-06, 6.61610010866e-06, 6.50577976558e-06, 6.75443743603e-06, 4.1263165258e-06, 2.91392257168e-06, 2.33694072449e-06, 1.43716647472e-06, 9.16580461308e-07, 7.24755011561e-07, 4.92332958402e-07, 2.7435473271e-07, 1.8841059557e-07, 1.1320373261e-07, 8.91444429385e-08, 5.46366010212e-08, 3.21128439396e-08, 2.36135466736e-08, 1.53070462972e-08, 1.17128218236e-08, 2.22921325843e-09, 1.60000324101e-09, 3.88909487947e-10, 7.6669101623e-11, 1.13282487557e-10, 2.1168199138e-10, 2.75501149671e-11, 2.35009494504e-11, 2.18229462279e-11, 2.11278581436e-11, 2.06072468117e-11, 2.03991493836e-11, 1.99412101415e-11, 1.9589919964e-11, 1.9392975073e-11, 1.91729809113e-11, 1.90499109542e-11]
    },
    "mfcc": {
        "mean": [-964.171691895, 70.7290039062, -32.1184577942, -6.93989133835, -6.0669670105, -1.943359375, -6.08312177658, -2.31610441208, 0.120994605124, 0.286549478769, -3.53866791725, -2.87599945068, -3.06867647171],
        "cov": [[75546.9453125, 12055.4042969, -9131.22460938, -2747.90551758, -2173.04174805, -868.52520752, -1864.38049316, -826.940979004, -146.545471191, -12.98736763, -1017.45355225, -654.20098877, -835.15814209], [12055.4042969, 5195.06787109, -1164.93505859, 310.571777344, 59.4281425476, -113.638999939, -149.731307983, -138.5365448, -25.3137207031, 44.1670417786, -108.179702759, -187.215103149, -142.73600769], [-9131.22460938, -1164.93505859, 1401.1081543, 476.778259277, 278.912750244, 119.275733948, 231.609481812, 83.960609436, 11.2760915756, 19.0738220215, 96.3870849609, 67.878868103, 82.910697937], [-2747.90551758, 310.571777344, 476.778259277, 432.636352539, 194.955825806, 19.6097011566, 85.2387008667, -13.9661960602, -21.7513561249, 14.71808815, 9.87419986725, -12.6134529114, 16.2861766815], [-2173.04174805, 59.4281425476, 278.912750244, 194.955825806, 192.754379272, 53.4581604004, 74.3680725098, 34.3231048584, 5.44427871704, 4.0597281456, 40.7552337646, 16.4748916626, 34.8277397156], [-868.52520752, -113.638999939, 119.275733948, 19.6097011566, 53.4581604004, 69.3863372803, 40.8526878357, 34.1415367126, 18.5486526489, -3.48492383957, 19.5115756989, 13.7850494385, 18.6523284912], [-1864.38049316, -149.731307983, 231.609481812, 85.2387008667, 74.3680725098, 40.8526878357, 104.112693787, 56.7105445862, 18.0387210846, 7.89252948761, 45.472076416, 19.7718715668, 18.4558048248], [-826.940979004, -138.5365448, 83.960609436, -13.9661960602, 34.3231048584, 34.1415367126, 56.7105445862, 82.8038253784, 33.8843803406, 9.19719409943, 42.1425094604, 21.1447105408, 12.6727399826], [-146.545471191, -25.3137207031, 11.2760915756, -21.7513561249, 5.44427871704, 18.5486526489, 18.0387210846, 33.8843803406, 50.8326339722, 20.2808113098, 23.1833438873, 10.380982399, 4.60785722733], [-12.98736763, 44.1670417786, 19.0738220215, 14.71808815, 4.0597281456, -3.48492383957, 7.89252948761, 9.19719409943, 20.2808113098, 45.347240448, 23.3635540009, 5.20159769058, 2.87511944771], [-1017.45355225, -108.179702759, 96.3870849609, 9.87419986725, 40.7552337646, 19.5115756989, 45.472076416, 42.1425094604, 23.1833438873, 23.3635540009, 74.0431442261, 24.9129810333, 20.1920604706], [-654.20098877, -187.215103149, 67.878868103, -12.6134529114, 16.4748916626, 13.7850494385, 19.7718715668, 21.1447105408, 10.380982399, 5.20159769058, 24.9129810333, 42.5257797241, 18.7475299835], [-835.15814209, -142.73600769, 82.910697937, 16.2861766815, 34.8277397156, 18.6523284912, 18.4558048248, 12.6727399826, 4.60785722733, 2.87511944771, 20.1920604706, 18.7475299835, 41.1263847351]],
        "icov": [[0.000216334490688, -0.000323331943946, 0.000735312467441, 0.000229868004681, 0.00083275284851, -0.000746404577512, 0.00102896150202, -0.000380885903724, 0.000429679086665, -0.00091058423277, 0.000933240982704, -0.000438744173152, 0.000743774464354], [-0.000323331943946, 0.000945300271269, -0.000332674448146, -0.00143955659587, -0.00142779410817, 0.000796814507339, -0.00147612113506, 0.00052966340445, -0.000861353299115, 0.00103105662856, -0.00160357437562, 0.00122968037613, -0.000446235993877], [0.000735312467441, -0.000332674448146, 0.00558642437682, -0.00302792550065, 0.0034769505728, -0.00453527551144, 0.00173768366221, -0.0014203278115, 0.00149815296754, -0.00334881222807, 0.00252190465108, -0.00245122914203, 0.00243011303246], [0.000229868004681, -0.00143955659587, -0.00302792550065, 0.0120624499395, -0.00709744915366, 0.00435534399003, -0.00317484512925, 0.004628428258, 0.00177934393287, -0.00435043917969, 0.00498323794454, 0.00264603202231, 0.00148485496175], [0.00083275284851, -0.00142779410817, 0.0034769505728, -0.00709744915366, 0.0202702712268, -0.0105950022116, 0.00480620702729, -0.00519343605265, 0.00300274300389, 8.81117448444e-05, -0.00145396927837, -0.00373112550005, -0.00308849196881], [-0.000746404577512, 0.000796814507339, -0.00453527551144, 0.00435534399003, -0.0105950022116, 0.030166964978, -0.00849666725844, -0.000186944904272, -0.00911909062415, 0.00813555344939, 0.000674682611134, 0.00284093082882, -0.00698573235422], [0.00102896150202, -0.00147612113506, 0.00173768366221, -0.00317484512925, 0.00480620702729, -0.00849666725844, 0.0335681773722, -0.0160590466112, 0.00404164707288, -0.00193289667368, -0.00305409450084, -0.00250888383016, 0.00551954470575], [-0.000380885903724, 0.00052966340445, -0.0014203278115, 0.004628428258, -0.00519343605265, -0.000186944904272, -0.0160590466112, 0.0325797796249, -0.0125666968524, 0.00406323047355, -0.00646729208529, -0.000833861122373, 0.00146371463779], [0.000429679086665, -0.000861353299115, 0.00149815296754, 0.00177934393287, 0.00300274300389, -0.00911909062415, 0.00404164707288, -0.0125666968524, 0.0369769483805, -0.0165928341448, 0.00141675048508, -0.00198376900516, 0.00288850883953], [-0.00091058423277, 0.00103105662856, -0.00334881222807, -0.00435043917969, 8.81117448444e-05, 0.00813555344939, -0.00193289667368, 0.00406323047355, -0.0165928341448, 0.0394783653319, -0.0158936176449, 0.00118931871839, -0.0042275278829], [0.000933240982704, -0.00160357437562, 0.00252190465108, 0.00498323794454, -0.00145396927837, 0.000674682611134, -0.00305409450084, -0.00646729208529, 0.00141675048508, -0.0158936176449, 0.0338282696903, -0.00784436240792, -0.00146350730211], [-0.000438744173152, 0.00122968037613, -0.00245122914203, 0.00264603202231, -0.00373112550005, 0.00284093082882, -0.00250888383016, -0.000833861122373, -0.00198376900516, 0.00118931871839, -0.00784436240792, 0.0388624332845, -0.0112189184874], [0.000743774464354, -0.000446235993877, 0.00243011303246, 0.00148485496175, -0.00308849196881, -0.00698573235422, 0.00551954470575, 0.00146371463779, 0.00288850883953, -0.0042275278829, -0.00146350730211, -0.0112189184874, 0.0410437695682]]
    },
    "spectral_contrast_coeffs": {
        "max": [-0.227163523436, -0.395177543163, -0.554826080799, -0.612714886665, -0.632963478565, -0.646282434464],
        "mean": [-0.815119743347, -0.863132417202, -0.869469642639, -0.880377829075, -0.870486795902, -0.856340646744],
        "min": [-0.985155284405, -0.988454639912, -0.979019284248, -0.974947988987, -0.970287978649, -0.966492772102],
        "stdev": [0.151867955923, 0.107481494546, 0.0909730121493, 0.0781300738454, 0.0832597389817, 0.0911312401295]
    },
    "spectral_contrast_valleys": {
        "max": [-6.7493057251, -5.07546901703, -5.26949596405, -5.20547008514, -5.53277111053, -7.61558198929],
        "mean": [-16.3722171783, -15.4425106049, -15.4679002762, -15.5098199844, -16.0036258698, -17.8123588562],
        "min": [-27.9125118256, -27.968454361, -27.9636974335, -27.7319107056, -27.5686340332, -27.5151386261],
        "stdev": [8.86443710327, 9.63177967072, 9.69059085846, 9.65526008606, 9.26583576202, 7.80030679703]
    }
},
"rhythm": {
    "beats_count": 64,
    "beats_loudness": {
        "max": 0.150216639042,
        "mean": 0.0142603935674,
        "min": 0,
        "stdev": 0.0303174704313
    },
    "bpm": 156.221282959,
    "bpm_histogram_first_peak_bpm": 157,
    "bpm_histogram_first_peak_weight": 0.266666710377,
    "bpm_histogram_second_peak_bpm": 123,
    "bpm_histogram_second_peak_spread": 0.400000035763,
    "bpm_histogram_second_peak_weight": 0.142857149243,
    "danceability": 0.864727139473,
    "onset_rate": 1.58547794819,
    "beats_loudness_band_ratio": {
        "max": [0.674510061741, 0.548315167427, 0.592298448086, 0.857562184334, 0.556459486485, 0.113228961825],
        "mean": [0.104546606541, 0.0853558182716, 0.15510609746, 0.184529781342, 0.139761611819, 0.019938390702],
        "min": [0, 0, 0, 0, 0, 0],
        "stdev": [0.195100456476, 0.128205731511, 0.161833718419, 0.217671856284, 0.163849949837, 0.0235912296921]
    },
    "beats_position": [0.487619042397, 0.975238084793, 1.47446703911, 1.97369611263, 2.46131515503, 2.97215414047, 3.47138309479, 3.95900225639, 4.446621418, 4.93424034119, 5.42185926437, 5.90947818756, 6.40870714188, 6.90793657303, 7.40716552734, 7.89478445053, 8.38240337372, 8.91646194458, 9.43891143799, 9.96135997772, 10.5186395645, 11.0759181976, 11.6448068619, 12.1672563553, 12.7013149261, 13.235373497, 13.6649427414, 14.0712919235, 14.4892511368, 14.90721035, 15.3251695633, 15.7431287766, 16.1610889435, 16.5790481567, 16.99700737, 17.4381847382, 17.8561439514, 18.2857131958, 18.7152824402, 19.1448516846, 19.574420929, 20.0156002045, 20.45677948, 20.8166885376, 21.1765975952, 21.5365066528, 21.8964176178, 22.2563266754, 22.6278457642, 22.9993648529, 23.3708839417, 23.7424030304, 24.1255321503, 24.5086612701, 24.89179039, 25.2749195099, 25.6580486298, 26.0411777496, 26.4243087769, 26.8074378967, 27.1905670166, 27.5736961365, 27.9568252563, 28.3515644073],
