{
"metadata": {
    "version": {
        "essentia": "2.1-beta5",
        "essentia_git_sha": "Undefined",
        "extractor": "music 2.0"
    },
    "audio_properties": {
        "analysis": {
            "equal_loudness": 0,
            "length": 52.2448997498,
            "sample_rate": 44100,
            "start_time": 126.490699768,
            "downmix": "mix"
        },
        "bit_rate": 192000,
        "length": 218.139877319,
        "lossless": 0,
        "number_channels": 2,
        "replay_gain": -7.79089164734,
        "sample_rate": 48000,
        "codec": "mp3",
        "md5_encoded": "97c2beeab4d75149bd9f979ba24555bd"
    },
    "tags": {
        "file_name": "Malta_Keep Me In Mind_Mike Spiteri.mp3",
        "encoding": ["Lavf58.29.100"]
    }
},
"lowlevel": {
    "average_loudness": 0.970363736153,
    "barkbands_crest": {
        "max": 25.1525497437,
        "mean": 8.44285678864,
        "min": 3.05338311195,
        "stdev": 3.24719285965
    },
    "barkbands_flatness_db": {
        "max": 0.281841158867,
        "mean": 0.143354982138,
        "min": 0.0618474967778,
        "stdev": 0.0317510478199
    },
    "barkbands_kurtosis": {
        "max": 41.7841262817,
        "mean": 3.73530983925,
        "min": -1.85895049572,
        "stdev": 4.4086356163
    },
    "barkbands_skewness": {
        "max": 5.18456935883,
        "mean": 1.43704998493,
        "min": -0.977043449879,
        "stdev": 0.852643847466
    },
    "barkbands_spread": {
        "max": 78.604850769,
        "mean": 17.4422245026,
        "min": 2.58899760246,
        "stdev": 9.6986913681
    },
    "dissonance": {
        "max": 0.499451637268,
        "mean": 0.450525909662,
        "min": 0.305348157883,
        "stdev": 0.0299552753568
    },
    "dynamic_complexity": 1.75286471844,
    "erbbands_crest": {
        "max": 31.5364933014,
        "mean": 9.96545124054,
        "min": 3.02363228798,
        "stdev": 4.69880723953
    },
    "erbbands_flatness_db": {
        "max": 0.294011712074,
        "mean": 0.162202358246,
        "min": 0.0748399794102,
        "stdev": 0.0323171392083
    },
    "erbbands_kurtosis": {
        "max": 27.7110843658,
        "mean": 1.42434811592,
        "min": -1.7626734972,
        "stdev": 2.60510611534
    },
    "erbbands_skewness": {
        "max": 3.62510037422,
        "mean": 0.779888033867,
        "min": -2.09959197044,
        "stdev": 0.671853780746
    },
    "erbbands_spread": {
        "max": 120.51411438,
        "mean": 32.5698280334,
        "min": 4.04514169693,
        "stdev": 16.169927597
    },
    "hfc": {
        "max": 82.0998001099,
        "mean": 23.3660812378,
        "min": 2.84843873978,
        "stdev": 13.4136390686
    },
    "loudness_ebu128": {
        "integrated": -14.7208461761,
        "loudness_range": 2.07458114624,
        "momentary": {
            "max": -11.8177804947,
            "mean": -14.9660291672,
            "min": -19.909034729,
            "stdev": 1.53536260128
        },
        "short_term": {
            "max": -13.3031463623,
            "mean": -14.7911214828,
            "min": -17.4016342163,
            "stdev": 0.726275086403
        }
    },
    "melbands_crest": {
        "max": 31.8449897766,
        "mean": 10.7525787354,
        "min": 4.34446430206,
        "stdev": 3.53675889969
    },
    "melbands_flatness_db": {
        "max": 0.354035079479,
        "mean": 0.200818836689,
        "min": 0.0733862817287,
        "stdev": 0.0411871448159
    },
    "melbands_kurtosis": {
        "max": 89.0315933228,
        "mean": 8.83020782471,
        "min": -1.38996171951,
        "stdev": 9.0992641449
    },
    "melbands_skewness": {
        "max": 7.410551548,
        "mean": 2.05757689476,
        "min": -0.857430100441,
        "stdev": 1.07759773731
    },
    "melbands_spread": {
        "max": 131.27003479,
        "mean": 18.8751564026,
        "min": 2.41519355774,
        "stdev": 10.7092037201
    },
    "pitch_salience": {
        "max": 0.815734088421,
        "mean": 0.590012252331,
        "min": 0.137596711516,
        "stdev": 0.088177010417
    },
    "silence_rate_20dB": {
        "max": 1,
        "mean": 1,
        "min": 1,
        "stdev": 0
    },
    "silence_rate_30dB": {
        "max": 1,
        "mean": 1,
        "min": 1,
        "stdev": 0
    },
    "silence_rate_60dB": {
        "max": 0,
        "mean": 0,
        "min": 0,
        "stdev": 0
    },
    "spectral_centroid": {
        "max": 3320.91235352,
        "mean": 968.915588379,
        "min": 277.715270996,
        "stdev": 401.644561768
    },
    "spectral_complexity": {
        "max": 51,
        "mean": 19.6654815674,
        "min": 5,
        "stdev": 6.88463020325
    },
    "spectral_decrease": {
        "max": -8.00112531785e-10,
        "mean": -9.38603417211e-09,
        "min": -3.11005763365e-08,
        "stdev": 4.05542621706e-09
    },
    "spectral_energy": {
        "max": 0.119928643107,
        "mean": 0.0375444963574,
        "min": 0.00328547996469,
        "stdev": 0.0161106809974
    },
    "spectral_energyband_high": {
        "max": 0.0103448117152,
        "mean": 0.000650758098345,
        "min": 2.38332486333e-05,
        "stdev": 0.0010408492526
    },
    "spectral_energyband_low": {
        "max": 0.0619439333677,
        "mean": 0.00942596234381,
        "min": 1.47240252772e-05,
        "stdev": 0.0062867407687
    },
    "spectral_energyband_middle_high": {
        "max": 0.0493362024426,
        "mean": 0.00759047968313,
        "min": 0.000275210419204,
        "stdev": 0.007625029888
    },
    "spectral_energyband_middle_low": {
        "max": 0.0973631665111,
        "mean": 0.021530084312,
        "min": 0.00113029405475,
        "stdev": 0.0119671737775
    },
    "spectral_entropy": {
        "max": 8.5607624054,
        "mean": 7.47175121307,
        "min": 6.26627874374,
        "stdev": 0.293784439564
    },
    "spectral_flux": {
        "max": 0.245544180274,
        "mean": 0.0905879735947,
        "min": 0.0168239120394,
        "stdev": 0.0349031873047
    },
    "spectral_kurtosis": {
        "max": 14.0788173676,
        "mean": 4.19747018814,
        "min": -0.649145364761,
        "stdev": 2.06381320953
    },
    "spectral_rms": {
        "max": 0.0108168181032,
        "mean": 0.00589893711731,
        "min": 0.00179034809116,
        "stdev": 0.00135325605515
    },
    "spectral_rolloff": {
        "max": 8720.94726562,
        "mean": 1040.875,
        "min": 172.265625,
        "stdev": 930.630004883
    },
    "spectral_skewness": {
        "max": 2.96168828011,
        "mean": 1.65114486217,
        "min": 0.0888631045818,
        "stdev": 0.363160312176
    },
    "spectral_spread": {
        "max": 10396898,
        "mean": 4516228.5,
        "min": 2533321.25,
        "stdev": 1159249.375
    },
    "spectral_strongpeak": {
        "max": 7.90207099915,
        "mean": 1.17736983299,
        "min": 0,
        "stdev": 1.27844965458
    },
    "zerocrossingrate": {
        "max": 0.25244140625,
        "mean": 0.0474005900323,
        "min": 0.0107421875,
        "stdev": 0.0221878159791
    },
    "barkbands": {
        "max": [0.00411010533571, 0.0329965017736, 0.0382178872824, 0.0271902512759, 0.091674476862, 0.0496591776609, 0.0445717386901, 0.0580091588199, 0.0426976345479, 0.0558113344014, 0.0200030580163, 0.0153405033052, 0.0260203164071, 0.00834888033569, 0.01114396099, 0.0144777940586, 0.00648208288476, 0.00526510551572, 0.00299667799845, 0.00317971571349, 0.0031029318925, 0.00348067795858, 0.0052602076903, 0.00434493180364, 0.00133593857754, 0.000382207741495, 5.33522597834e-06],
        "mean": [0.000259470485616, 0.00549433054402, 0.00271458248608, 0.00253597227857, 0.00666737556458, 0.00389823853038, 0.00217852019705, 0.00266723730601, 0.00250130309723, 0.00254084146582, 0.00109996460378, 0.0010640185792, 0.00112747750245, 0.000553170044441, 0.000411656394135, 0.000332869269187, 0.000262104935246, 0.000229135825066, 0.000274443533272, 0.000161149728228, 0.000112230962259, 0.000163149845321, 0.000142114615301, 9.94675428956e-05, 3.98076408601e-05, 1.37947472467e-05, 3.29386402598e-08],
        "min": [3.509421731e-08, 1.51150243255e-06, 1.15343004836e-06, 5.08031598656e-06, 2.18758395931e-05, 2.30050754908e-05, 1.40177417052e-05, 2.31316698773e-05, 1.67461803358e-05, 8.61486023496e-06, 1.35314814997e-06, 7.62642503105e-06, 2.01310558623e-06, 2.7031414902e-06, 2.73008004115e-06, 6.01239389653e-06, 6.98297708368e-06, 5.59790305488e-06, 4.20053629568e-06, 1.82187864084e-06, 2.4153710001e-06, 2.77743583865e-06, 1.89382319604e-06, 1.49849984155e-06, 6.48019181426e-07, 1.2745058342e-08, 2.81296496513e-11],
        "stdev": [0.000402894394938, 0.00378945772536, 0.00294068385847, 0.00296118902043, 0.00633376976475, 0.00436725420877, 0.00313388137147, 0.0041826586239, 0.00418331241235, 0.0056926147081, 0.0017103360733, 0.0017759965267, 0.00234645651653, 0.000944320578128, 0.000864890986122, 0.000723519478925, 0.000445746292826, 0.00030250029522, 0.000343703548424, 0.00021768672741, 0.000179305672646, 0.000254133774433, 0.000357130309567, 0.000285881833406, 8.80028528627e-05, 2.63000001723e-05, 1.59588921633e-07]
    },
    "erbbands": {
        "max": [1.4412676096, 8.68791007996, 34.7724342346, 46.2144775391, 191.927459717, 467.108764648, 484.208770752, 555.458618164, 562.231079102, 855.416442871, 800.373779297, 1182.17443848, 2085.50317383, 954.274536133, 705.845581055, 619.901672363, 1221.9465332, 630.914428711, 666.906921387, 371.759185791, 610.966125488, 283.557006836, 371.843963623, 129.861068726, 182.879608154, 104.856117249, 151.306564331, 124.652244568, 124.338623047, 157.407958984, 161.949508667, 125.79070282, 63.7296295166, 20.8180122375, 6.18777561188, 2.1103720665, 0.735948383808, 0.0582916140556, 0.00116982799955, 0.000132063927595],
        "mean": [0.152584478259, 1.24286293983, 3.01501059532, 5.90247488022, 13.5491991043, 24.339176178, 28.73046875, 36.0467567444, 34.2459564209, 42.0181159973, 50.5318908691, 61.2985496521, 86.770362854, 54.5565376282, 53.4481239319, 41.2635612488, 49.6705436707, 39.2894744873, 27.1402873993, 14.7288341522, 17.7633838654, 13.9488506317, 13.979847908, 11.3452186584, 13.9614372253, 7.40408277512, 4.91323328018, 4.85588502884, 5.92872428894, 4.89947462082, 3.99442958832, 2.66872215271, 1.31770396233, 0.540303885937, 0.237776890397, 0.0929862931371, 0.0211878623813, 0.000971925910562, 4.58844842797e-05, 4.59817165392e-05],
        "min": [5.90471463511e-05, 0.000439161201939, 0.00416692253202, 0.0307820681483, 0.0174210891128, 0.0778438225389, 0.114357963204, 0.248542293906, 0.421980530024, 0.599840641022, 0.48766964674, 0.696976423264, 0.467414706945, 0.491189837456, 0.263354569674, 0.509385108948, 0.288476288319, 0.44282823801, 0.526676416397, 0.520221114159, 0.434336960316, 0.508027732372, 0.33176112175, 0.250904768705, 0.259054809809, 0.129113763571, 0.0872228145599, 0.0880391746759, 0.106356933713, 0.0958484709263, 0.0480591207743, 0.0357152670622, 0.0135759236291, 0.0073874713853, 0.00444881105796, 0.000937143922783, 3.84624181606e-05, 2.34162439483e-06, 2.96731491289e-06, 4.25658936365e-06],
        "stdev": [0.120065853, 0.902511954308, 2.93563556671, 6.1644411087, 13.9668207169, 27.7201747894, 38.8810119629, 44.4731369019, 40.8302650452, 63.5791015625, 81.2293319702, 99.23097229, 196.332702637, 89.4421005249, 84.6525268555, 67.7387084961, 99.8049697876, 59.3891563416, 50.3490409851, 24.3035984039, 37.0262870789, 22.2312927246, 18.8259944916, 14.0119018555, 19.136428833, 8.96624469757, 7.55036497116, 7.58486890793, 9.11857509613, 10.0168247223, 10.3480091095, 7.35083150864, 4.00826311111, 1.36617612839, 0.461369544268, 0.164074674249, 0.0447890013456, 0.00280471844599, 6.34442985756e-05, 1.94850617845e-05]
    },
    "gfcc": {
        "mean": [28.3721809387, 116.071350098, -116.775283813, 33.7439002991, -73.1880874634, 20.1357269287, -38.322177887, 7.67046785355, -22.3271846771, 0.498594164848, -11.8984508514, 0.805173039436, -8.19815444946],
        "cov": [[1221.91662598, -289.621246338, -88.0286483765, 35.6413574219, 44.5506782532, 123.69884491, 69.7616043091, 80.0048294067, -77.1934432983, 10.5950317383, -25.3981876373, 2.62604999542, -98.1475982666], [-289.621246338, 592.015136719, -83.3176956177, -55.9722099304, 131.273361206, -14.9793767929, 120.064155579, -50.717300415, 45.8037757874, -72.4682693481, 95.2500915527, -24.6973323822, 52.098236084], [-88.0286483765, -83.3176956177, 448.591430664, 67.8929214478, -51.0542602539, 17.3928375244, -36.3681297302, 25.4565124512, -3.36737155914, 55.6333427429, -71.0672302246, 29.3153896332, -22.1602420807], [35.6413574219, -55.9722099304, 67.8929214478, 162.252319336, 29.4969997406, 6.50652360916, -18.6571025848, 11.4181337357, 29.3218154907, 16.830537796, -4.66483974457, -13.4716243744, 4.80881118774], [44.5506782532, 131.273361206, -51.0542602539, 29.4969997406, 197.481704712, 52.334602356, 45.283164978, 17.5284862518, 1.03174245358, -2.62191605568, 22.8960571289, 7.62601804733, -3.69993281364], [123.69884491, -14.9793767929, 17.3928375244, 6.50652360916, 52.334602356, 137.832290649, 57.6550483704, -7.11328458786, -25.3099822998, -2.95537042618, 16.9948501587, 8.72286224365, -18.3485546112], [69.7616043091, 120.064155579, -36.3681297302, -18.6571025848, 45.283164978, 57.6550483704, 136.879226685, 25.8426589966, -14.5443286896, -18.1539745331, 17.5414562225, -1.6832447052, -3.41671180725], [80.0048294067, -50.717300415, 25.4565124512, 11.4181337357, 17.5284862518, -7.11328458786, 25.8426589966, 104.685935974, 37.4614105225, 17.0668582916, -22.6740512848, 6.61560916901, -2.19755101204], [-77.1934432983, 45.8037757874, -3.36737155914, 29.3218154907, 1.03174245358, -25.3099822998, -14.5443286896, 37.4614105225, 106.590080261, 25.5283508301, 8.28174209595, -2.81754088402, 20.5217227936], [10.5950317383, -72.4682693481, 55.6333427429, 16.830537796, -2.62191605568, -2.95537042618, -18.1539745331, 17.0668582916, 25.5283508301, 88.7550125122, 3.92019128799, 7.49040365219, -10.5404777527], [-25.3981876373, 95.2500915527, -71.0672302246, -4.66483974457, 22.8960571289, 16.9948501587, 17.5414562225, -22.6740512848, 8.28174209595, 3.92019128799, 94.6855773926, 14.4502830505, 10.2257452011], [2.62604999542, -24.6973323822, 29.3153896332, -13.4716243744, 7.62601804733, 8.72286224365, -1.6832447052, 6.61560916901, -2.81754088402, 7.49040365219, 14.4502830505, 68.3268432617, 14.2967662811], [-98.1475982666, 52.098236084, -22.1602420807, 4.80881118774, -3.69993281364, -18.3485546112, -3.41671180725, -2.19755101204, 20.5217227936, -10.5404777527, 10.2257452011, 14.2967662811, 67.5864486694]],
        "icov": [[0.00130446418189, 0.000242524096393, 0.000693015463185, -0.000658982433379, 0.000217557142605, -0.000918764621019, -0.000162080046721, -0.00123000319581, 0.000961590267252, -0.000165372970514, 0.000282811844954, -0.000484482006868, 0.00143770524301], [0.000242524096393, 0.0129910549149, -0.00619456451386, 0.00787523481995, -0.0111137228087, 0.0102184023708, -0.0133950933814, 0.0119065372273, -0.0115336934105, 0.0103283664212, -0.0113195236772, 0.00929048191756, -0.00551732815802], [0.000693015463185, -0.00619456451386, 0.00695788115263, -0.00588739616796, 0.00668602017686, -0.00648523494601, 0.00662972312421, -0.00664877193049, 0.00661278096959, -0.00691795768216, 0.00840935669839, -0.0071840393357, 0.00436655199155], [-0.000658982433379, 0.00787523481995, -0.00588739616796, 0.013252697885, -0.00877786241472, 0.00613862695172, -0.00661296630278, 0.00769544299692, -0.00933322776109, 0.00639440352097, -0.00799880921841, 0.00909334328026, -0.0056810635142], [0.000217557142605, -0.0111137228087, 0.00668602017686, -0.00877786241472, 0.0162235870957, -0.0110596325248, 0.0104609532282, -0.0117752449587, 0.0104319918901, -0.00905688945204, 0.00940652750432, -0.00938767567277, 0.00571378553286], [-0.000918764621019, 0.0102184023708, -0.00648523494601, 0.00613862695172, -0.0110596325248, 0.0198153760284, -0.014972508885, 0.0126148443669, -0.00904797762632, 0.00835525151342, -0.0103751672432, 0.00638510100543, -0.00307731167413], [-0.000162080046721, -0.0133950933814, 0.00662972312421, -0.00661296630278, 0.0104609532282, -0.014972508885, 0.0252435617149, -0.0172189604491, 0.0138183571398, -0.00875771697611, 0.00921954028308, -0.00732309091836, 0.00455111870542], [-0.00123000319581, 0.0119065372273, -0.00664877193049, 0.00769544299692, -0.0117752449587, 0.0126148443669, -0.0172189604491, 0.0273806676269, -0.0176478493959, 0.00814234092832, -0.0057850186713, 0.00592366699129, -0.00464125210419], [0.000961590267252, -0.0115336934105, 0.00661278096959, -0.00933322776109, 0.0104319918901, -0.00904797762632, 0.0138183571398, -0.0176478493959, 0.0255468804389, -0.0126118548214, 0.00775111885741, -0.00642779655755, 0.00182184204459], [-0.000165372970514, 0.0103283664212, -0.00691795768216, 0.00639440352097, -0.00905688945204, 0.00835525151342, -0.00875771697611, 0.00814234092832, -0.0126118548214, 0.0228924378753, -0.0117453457788, 0.00669122021645, -0.00156909960788], [0.000282811844954, -0.0113195236772, 0.00840935669839, -0.00799880921841, 0.00940652750432, -0.0103751672432, 0.00921954028308, -0.0057850186713, 0.00775111885741, -0.0117453457788, 0.0256924629211, -0.0131282061338, 0.00514338212088], [-0.000484482006868, 0.00929048191756, -0.0071840393357, 0.00909334328026, -0.00938767567277, 0.00638510100543, -0.00732309091836, 0.00592366699129, -0.00642779655755, 0.00669122021645, -0.0131282061338, 0.026322633028, -0.0104121631011], [0.00143770524301, -0.00551732815802, 0.00436655199155, -0.0056810635142, 0.00571378553286, -0.00307731167413, 0.00455111870542, -0.00464125210419, 0.00182184204459, -0.00156909960788, 0.00514338212088, -0.0104121631011, 0.0231555178761]]
    },
    "melbands": {
        "max": [0.0105699058622, 0.0132167832926, 0.0109961209819, 0.021924238652, 0.0144217619672, 0.0107225999236, 0.00940026156604, 0.0108222654089, 0.00622241431847, 0.00791319087148, 0.0105187697336, 0.00421068118885, 0.00315549154766, 0.00175616657361, 0.00122832751367, 0.00324257463217, 0.000911502516828, 0.00109594094101, 0.000835301820189, 0.00118291680701, 0.000679133634549, 0.000321961531881, 0.000349022127921, 0.000185316079296, 0.000118388648843, 0.000187162688235, 0.000204812240554, 6.80343218846e-05, 0.000115526323498, 8.43313973746e-05, 7.35502835596e-05, 7.8701566963e-05, 7.70370679675e-05, 0.00010601633403, 0.000124368147226, 8.64683970576e-05, 8.50143187563e-05, 4.93766165164e-05, 5.04271120008e-05, 1.20066115414e-05],
        "mean": [0.00146380497608, 0.0016124190297, 0.00128109008074, 0.00132369704079, 0.00109132006764, 0.000780735164881, 0.000507895136252, 0.00049829488853, 0.000383787963074, 0.000398385018343, 0.000433114124462, 0.000223459908739, 0.000158323426149, 0.000134064583108, 8.67443959578e-05, 0.00012314209016, 6.52974413242e-05, 4.29257888754e-05, 2.49770891969e-05, 2.41364214162e-05, 1.92192928807e-05, 1.51693784574e-05, 1.30843345687e-05, 1.0493924492e-05, 8.66929622134e-06, 1.13506648631e-05, 7.01712860973e-06, 4.56315865449e-06, 3.32065019393e-06, 2.61863806372e-06, 2.86063414023e-06, 3.41689337802e-06, 3.07988966597e-06, 2.56404450738e-06, 2.36138794207e-06, 1.99073679141e-06, 1.49750928813e-06, 9.71871600086e-07, 6.52477524454e-07, 3.9019400333e-07],
        "min": [4.09448944083e-07, 1.27244220494e-06, 6.90772321832e-06, 4.35508991359e-06, 3.61617321687e-06, 3.77521473638e-06, 5.16776663062e-06, 5.04999661644e-06, 2.66420147454e-06, 3.77414380637e-06, 1.80632969204e-06, 5.92585138293e-07, 2.16700598799e-07, 9.71718463916e-07, 7.04243348082e-07, 4.79344748783e-07, 6.1606226609e-07, 2.2667880728e-07, 1.51741772925e-07, 2.94220029673e-07, 4.33357939755e-07, 2.97068311284e-07, 2.44880340006e-07, 1.73572828999e-07, 7.06974887521e-08, 1.37432806468e-07, 1.15905471887e-07, 5.22217398213e-08, 5.06556077084e-08, 5.7212645288e-08, 3.30741549703e-08, 4.00790582944e-08, 4.14085796763e-08, 5.09738207199e-08, 2.67599062909e-08, 2.25366747486e-08, 1.83281780863e-08, 8.81195205693e-09, 5.12153786048e-09, 5.74384184659e-09],
        "stdev": [0.00100045814179, 0.00127854046877, 0.00122024747543, 0.00131430453621, 0.00125647266395, 0.000892857380677, 0.000626809662208, 0.000775612366851, 0.000644392916001, 0.000669812550768, 0.00100869010203, 0.000392732908949, 0.000244302267674, 0.000209991034353, 0.000149610947119, 0.000266682094662, 0.000103836042399, 8.03142902441e-05, 5.16790496476e-05, 4.82593895867e-05, 4.33625828009e-05, 2.64004302153e-05, 1.89501570276e-05, 1.31170236273e-05, 1.18720890896e-05, 1.67649923242e-05, 1.08197909867e-05, 5.65808704778e-06, 5.38156928087e-06, 4.45789783043e-06, 4.57344367533e-06, 5.40645851288e-06, 5.2076634347e-06, 6.03008220423e-06, 6.4218420448e-06, 5.55228552912e-06, 4.24935478804e-06, 2.98719123748e-06, 2.18811828745e-06, 8.71127383562e-07]
    },
    "melbands128": {
        "max": [0.00407525477931, 0.013700125739, 0.011861808598, 0.0169235803187, 0.0158187132329, 0.0189915597439, 0.0115415100008, 0.0159081183374, 0.023666581139, 0.0279933027923, 0.0322179012001, 0.0203738622367, 0.0234932638705, 0.00995055120438, 0.0203876681626, 0.0100157335401, 0.00908898562193, 0.0170066282153, 0.0120078893378, 0.0143202282488, 0.0237998850644, 0.0122301476076, 0.0119055006653, 0.0112108848989, 0.0133323511109, 0.0128497816622, 0.0134406927973, 0.0212259721011, 0.0127641130239, 0.00844486616552, 0.00644011190161, 0.00240589329042, 0.00638015195727, 0.00524859083816, 0.00442930450663, 0.00289080291986, 0.00359456846491, 0.00232914322987, 0.00271671824157, 0.00483436370268, 0.00541678071022, 0.00374109414406, 0.00129214057233, 0.00173921242822, 0.000924516818486, 0.0022595024202, 0.0024373838678, 0.00142506661359, 0.000694487651344, 0.00137594540138, 0.00193253497127, 0.00181451498065, 0.00126084778458, 0.000892639218364, 0.00063413172029, 0.000505359319504, 0.000453915970866, 0.000299650098896, 0.000523924070876, 0.000646220694762, 0.00016077455075, 0.000127195802634, 0.000335021642968, 0.000219960624236, 0.000130134998471, 0.00029208077467, 0.000297588179819, 0.000104498874862, 0.000454101449577, 9.36010401347e-05, 7.37709851819e-05, 9.46058935369e-05, 0.0002025020367, 0.000122678640764, 7.98482724349e-05, 0.000118196381663, 0.000101745514257, 8.51581789902e-05, 8.85997505975e-05, 0.000101725418062, 9.55844079726e-05, 9.90544431261e-05, 8.47271294333e-05, 6.9599278504e-05, 0.000100145283795, 0.00010951548029, 0.000137997762067, 0.000187421203009, 0.000145312515087, 9.35291536734e-05, 0.000134845759021, 0.00010475704039, 0.000119294221804, 0.000103017307993, 7.48566308175e-05, 5.52366727788e-05, 6.64563121973e-05, 7.12630935595e-05, 0.000110469787614, 3.18545862683e-05, 1.59334831551e-05, 1.25489414131e-05, 1.05083754534e-05, 8.14492887002e-06, 1.07359055619e-05, 7.17962484487e-06, 7.91693128122e-06, 5.95287065153e-06, 3.91171761294e-06, 3.22964569932e-06, 3.56472310159e-06, 3.80922256227e-06, 2.54935002886e-06, 1.91636900126e-06, 1.42047895224e-06, 5.19408786204e-07, 1.85675446573e-07, 7.49279838175e-09, 7.31300708878e-09, 7.11809278187e-09, 6.95499435821e-09, 6.81015155379e-09, 6.69337474335e-09, 6.58716992064e-09, 6.50031628524e-09, 6.42229203152e-09, 6.36746255722e-09, 6.33476737733e-09],
        "mean": [0.000237811225816, 0.00111844635103, 0.0020191736985, 0.00206530606374, 0.00159994571004, 0.00132763839792, 0.00105982134119, 0.00143491046038, 0.00137417030055, 0.00116188672837, 0.00142195413355, 0.00143945822492, 0.00100786203984, 0.000617455050815, 0.000923453306314, 0.000784126692452, 0.000596009194851, 0.000460449722596, 0.000416440423578, 0.000408250460168, 0.000645653228275, 0.000450372957857, 0.000402265286539, 0.000207197706914, 0.000347655877704, 0.000559867010452, 0.000336423632689, 0.000550967408344, 0.000359869736712, 0.000225572279305, 0.000218846005737, 0.000105697217805, 0.000114784263133, 0.000259261374595, 0.000142901160871, 8.98047073861e-05, 0.000128087180201, 6.17650221102e-05, 8.11506615719e-05, 0.000118240321171, 0.000160227544256, 8.96612909855e-05, 5.74761834287e-05, 6.49260837235e-05, 3.10889809043e-05, 3.83614424209e-05, 5.99158229306e-05, 2.42980859184e-05, 1.0718298654e-05, 1.26138229462e-05, 2.91029973596e-05, 3.55630763806e-05, 1.44680097947e-05, 1.50052092067e-05, 2.1060821382e-05, 1.47774044308e-05, 1.06598990897e-05, 1.24866664919e-05, 1.29499248942e-05, 1.70252224052e-05, 9.1336278274e-06, 6.6433617576e-06, 1.01844625533e-05, 8.91187119123e-06, 6.9054699452e-06, 1.25213755382e-05, 1.47487935465e-05, 6.78586957292e-06, 6.48196873954e-06, 4.749323125e-06, 3.70517727788e-06, 5.44304748473e-06, 4.26788983532e-06, 2.72557826975e-06, 2.34891263062e-06, 2.51823439612e-06, 3.00173769574e-06, 2.43842441705e-06, 2.8939296044e-06, 3.08678500005e-06, 3.42299199474e-06, 3.40749875249e-06, 3.70733482669e-06, 2.82206906377e-06, 2.92096297017e-06, 2.69927932095e-06, 2.41849920712e-06, 2.3139023142e-06, 2.51617780123e-06, 2.26371730605e-06, 2.0435886654e-06, 2.06639015232e-06, 1.6145893369e-06, 1.62368996826e-06, 1.32938100705e-06, 1.01355135484e-06, 9.5402037914e-07, 7.84429573741e-07, 7.53193432956e-07, 5.19382069797e-07, 4.02833421731e-07, 3.76794815793e-07, 3.68136795714e-07, 2.83603640128e-07, 2.52153398606e-07, 2.42547884e-07, 2.35925995185e-07, 1.77357392772e-07, 1.51747258315e-07, 1.37550358659e-07, 1.09296465212e-07, 9.63329185311e-08, 6.66442900865e-08, 2.80506853301e-08, 7.69625252417e-09, 5.42208322685e-09, 1.27653876358e-09, 1.27878610479e-11, 1.1704482869e-11, 1.10240549328e-11, 1.06251734841e-11, 1.03788358116e-11, 1.01683470671e-11, 9.97296689675e-12, 9.79725328643e-12, 9.59588311589e-12, 9.47257463441e-12, 9.41403031918e-12],
        "min": [1.02670654201e-08, 3.1797348754e-08, 1.99006635171e-07, 2.62503725423e-08, 3.48766832303e-07, 4.66721218118e-07, 2.65324479187e-06, 1.23793540752e-06, 3.96490605681e-07, 2.28095814236e-06, 1.14790827865e-06, 1.1168126548e-06, 7.63394155001e-07, 1.85455451174e-06, 7.46388877815e-07, 1.03534330265e-06, 7.21062065168e-07, 1.88938884094e-06, 8.93689787063e-07, 8.52412142649e-07, 1.29842248953e-06, 2.87677858068e-06, 2.77994189446e-07, 7.32095486455e-07, 4.91154253268e-07, 2.4211709615e-07, 4.70293457511e-07, 4.14350495248e-07, 4.40701313664e-07, 3.92404274407e-07, 1.8495015297e-07, 3.51915510066e-08, 1.2159533469e-07, 8.46972341151e-08, 1.16649793824e-07, 1.85677421882e-07, 1.65351409009e-07, 1.3828376666e-07, 5.10065341075e-08, 1.6413801518e-07, 1.60913955938e-07, 1.55411711944e-07, 8.25848829322e-08, 5.66340006003e-08, 1.73848793139e-08, 1.00241685175e-07, 6.86210057665e-08, 5.30543289301e-08, 3.90267942407e-08, 8.69778276069e-08, 1.54574735234e-07, 1.34866638746e-07, 5.31966932726e-08, 7.69396422129e-08, 1.55359046516e-07, 2.76146057132e-08, 8.34653945958e-08, 6.47166942258e-08, 4.80021888905e-08, 1.10128887343e-07, 7.26331848e-08, 4.0599051232e-08, 4.06896170091e-08, 4.51867521178e-08, 3.93190120462e-08, 7.24343562908e-09, 9.47455873757e-08, 6.97695412555e-08, 3.09284118316e-08, 1.94327096636e-08, 2.98101561214e-08, 7.53801217002e-08, 3.93898993423e-08, 7.04857061606e-09, 3.96721944185e-08, 5.24589971462e-08, 4.09362641562e-08, 3.07431484714e-08, 2.21588276617e-08, 2.30239844967e-08, 1.74663377095e-08, 2.52193181893e-08, 2.68503939083e-08, 1.4920646052e-08, 3.09777874463e-08, 1.84849380247e-08, 1.60548410122e-08, 2.57018104577e-08, 1.35122029121e-08, 2.11729371813e-08, 1.76112422423e-08, 1.39006504085e-08, 1.19281917677e-08, 8.99577390356e-09, 6.53990595012e-09, 8.09563527326e-09, 4.23486845591e-09, 5.14894082926e-09, 3.92189569709e-09, 3.10778935919e-09, 5.01199703962e-09, 3.37730443611e-09, 4.6524015751e-09, 2.28254837253e-09, 1.84567061634e-09, 2.34223174189e-09, 2.01793892707e-09, 9.98909732708e-10, 1.73410938387e-11, 1.65161135636e-12, 2.06649720122e-13, 1.56451620322e-13, 1.24505643967e-13, 9.82296451753e-14, 1.20696557132e-13, 7.36807872202e-14, 9.20374277551e-14, 1.20986987789e-13, 8.8796632265e-14, 9.44325929844e-14, 8.54759581799e-14, 9.17729027538e-14, 1.0506844689e-13, 8.61982401147e-14, 6.00687509174e-14, 2.75726283575e-14, 3.16132982354e-15, 8.40919884004e-17],
        "stdev": [0.000368551671272, 0.0011212999234, 0.0014506962616, 0.00179185555317, 0.00161742628552, 0.0014478181256, 0.00132053589914, 0.00172765098978, 0.0016526413383, 0.00159599515609, 0.00191225786693, 0.00192113500088, 0.00186240905896, 0.000962234975304, 0.00149150600191, 0.00105295015965, 0.000898588798009, 0.000932694296353, 0.000874416145962, 0.00079753389582, 0.00134978210554, 0.000946141488384, 0.00094600871671, 0.000637635414023, 0.000850716605783, 0.0011421473464, 0.000913841940928, 0.00170633045491, 0.00119173817802, 0.000560415035579, 0.000512249360327, 0.000224282834097, 0.000273509911494, 0.000546075461898, 0.000340091704857, 0.000224931791308, 0.000319725746522, 0.000156943540787, 0.000229894314543, 0.000340131082339, 0.000426838931162, 0.000231462152442, 0.000126118015032, 0.000145992657053, 7.65729200793e-05, 0.000110065891931, 0.00015598560276, 6.92629328114e-05, 2.44477978413e-05, 4.4768297812e-05, 6.94349655532e-05, 8.19253909867e-05, 5.6691631471e-05, 5.32109806954e-05, 4.88627047162e-05, 3.40971673722e-05, 2.51165947702e-05, 2.19768971874e-05, 2.63556994469e-05, 3.20302824548e-05, 1.41452792377e-05, 1.05686685856e-05, 2.08436013054e-05, 1.39490930451e-05, 1.09295460788e-05, 2.47743810178e-05, 2.66905226454e-05, 1.07239966383e-05, 1.78962291102e-05, 8.42901226861e-06, 5.74176056034e-06, 7.73100146034e-06, 8.43934321892e-06, 5.72311500946e-06, 4.57257920061e-06, 4.82919494971e-06, 5.91673551753e-06, 4.60088176624e-06, 5.12383667228e-06, 5.66390053791e-06, 6.20964738118e-06, 6.59418674331e-06, 7.22232516637e-06, 5.22786331203e-06, 6.37617677057e-06, 6.21075378149e-06, 6.45186810289e-06, 8.30388307804e-06, 6.98588837622e-06, 6.38789697405e-06, 6.14326927462e-06, 6.03786611464e-06, 5.13148461323e-06, 4.96442771691e-06, 3.72288081962e-06, 3.33621619575e-06, 3.20863432535e-06, 2.84362795355e-06, 3.22520691043e-06, 1.65315759659e-06, 1.02662579593e-06, 8.33263868572e-07, 7.71188183535e-07, 5.96604479597e-07, 5.73770762458e-07, 5.11789892244e-07, 4.89218393795e-07, 3.46926441352e-07, 2.93671519103e-07, 2.4937270382e-07, 2.14652033037e-07, 2.21586674343e-07, 1.55158687676e-07, 1.06144874223e-07, 4.87077898015e-08, 2.08180725991e-08, 5.38776312453e-09, 2.10417266944e-10, 2.00432670461e-10, 1.93409524507e-10, 1.8787411904e-10, 1.83283832556e-10, 1.79531958744e-10, 1.76079706371e-10, 1.7368556593e-10, 1.71259659232e-10, 1.69705402508e-10, 1.6875109643e-10]
    },
    "mfcc": {
        "mean": [-610.106140137, 136.486572266, 11.7297458649, 16.4176712036, -5.11347579956, 7.40550708771, -4.46712589264, 6.08356285095, -5.89172792435, 1.86048996449, -0.872548997402, -2.461145401, -1.16201651096],
        "cov": [[1349.57971191, -288.91583252, -209.90637207, -60.6133384705, -13.507689476, 25.0324115753, 137.753311157, 81.7636947632, -34.0260391235, 66.1197509766, 32.4806594849, -0.910177409649, -60.1928405762], [-288.91583252, 555.304321289, -129.001708984, -3.79088377953, -1.6389285326, 35.2356796265, 61.9766731262, 60.4015846252, -17.9493618011, -26.6218891144, 31.3983478546, -9.59112930298, 12.7040290833], [-209.90637207, -129.001708984, 431.941375732, 42.9917831421, -10.414185524, 0.866994440556, -57.0574989319, -43.6692695618, 41.2164955139, -3.61678266525, -23.1949939728, 16.4057388306, 36.0581092834], [-60.6133384705, -3.79088377953, 42.9917831421, 143.143432617, 45.4369506836, -14.841463089, -24.2730560303, -15.09370327, 36.9047927856, 17.4516582489, 0.511451900005, 2.06463551521, 21.0984134674], [-13.507689476, -1.6389285326, -10.414185524, 45.4369506836, 138.806350708, 26.0181751251, -8.14403343201, 5.07799816132, 10.2778587341, 17.9658908844, -2.07148933411, 4.85898685455, 14.5796842575], [25.0324115753, 35.2356796265, 0.866994440556, -14.841463089, 26.0181751251, 127.923583984, 65.3410110474, 17.4291439056, -21.439289093, -9.83389186859, 12.8018960953, 2.50194048882, -9.3948392868], [137.753311157, 61.9766731262, -57.0574989319, -24.2730560303, -8.14403343201, 65.3410110474, 155.530548096, 53.6662101746, -19.0213661194, -4.04529190063, 14.4234924316, 1.71868121624, -16.8317699432], [81.7636947632, 60.4015846252, -43.6692695618, -15.09370327, 5.07799816132, 17.4291439056, 53.6662101746, 105.597373962, 13.5670385361, -4.35862445831, 14.9615697861, -10.680978775, -4.4105682373], [-34.0260391235, -17.9493618011, 41.2164955139, 36.9047927856, 10.2778587341, -21.439289093, -19.0213661194, 13.5670385361, 105.078414917, 31.410326004, -0.339195638895, -3.12565946579, 12.6708059311], [66.1197509766, -26.6218891144, -3.61678266525, 17.4516582489, 17.9658908844, -9.83389186859, -4.04529190063, -4.35862445831, 31.410326004, 82.7523956299, 18.0114574432, 1.11417555809, 5.13405799866], [32.4806594849, 31.3983478546, -23.1949939728, 0.511451900005, -2.07148933411, 12.8018960953, 14.4234924316, 14.9615697861, -0.339195638895, 18.0114574432, 65.5909423828, 18.2588405609, 3.36554026604], [-0.910177409649, -9.59112930298, 16.4057388306, 2.06463551521, 4.85898685455, 2.50194048882, 1.71868121624, -10.680978775, -3.12565946579, 1.11417555809, 18.2588405609, 63.612827301, 25.2141952515], [-60.1928405762, 12.7040290833, 36.0581092834, 21.0984134674, 14.5796842575, -9.3948392868, -16.8317699432, -4.4105682373, 12.6708059311, 5.13405799866, 3.36554026604, 25.2141952515, 72.9056243896]],
        "icov": [[0.00127502589021, 0.000971742265392, 0.000609021808486, 1.00913766801e-05, 0.000202477924176, 8.43439993332e-05, -0.000893117219675, -0.000952804868575, 0.000547632051166, -0.00099950551521, -0.000165187797393, -0.000187633762835, 0.000333500240231], [0.000971742265392, 0.00294666388072, 0.00106150179636, -0.000310869829264, 0.000347924680682, -0.000281631597318, -0.0010194136994, -0.00136772461701, 0.00048334087478, 0.000148719598656, -0.00108577555511, 0.000641175720375, -0.000836277322378], [0.000609021808486, 0.00106150179636, 0.0033132690005, -0.000698957592249, 0.000998095143586, -0.00121321424376, 0.000407685962273, 4.95262829645e-05, -0.000849838892464, 5.03190058225e-05, 0.00071444112109, -0.000509995792527, -0.00108983099926], [1.00913766801e-05, -0.000310869829264, -0.000698957592249, 0.00932644028217, -0.00320163182914, 0.0013597762445, -0.000466247991426, 0.00195105618332, -0.00265562324785, 0.000164645607583, -0.00118124240544, 0.00109915225767, -0.00134059984703], [0.000202477924176, 0.000347924680682, 0.000998095143586, -0.00320163182914, 0.00967188831419, -0.00356240966357, 0.00190606759861, -0.00190899928566, 0.000634626252577, -0.00249346531928, 0.00220001256093, -0.00116456975229, -0.00116275250912], [8.43439993332e-05, -0.000281631597318, -0.00121321424376, 0.0013597762445, -0.00356240966357, 0.0119210286066, -0.00524234119803, 0.00105315400288, 0.00110077450518, 0.00155583757441, -0.00254381773993, 0.000710614549462, 0.000998032977805], [-0.000893117219675, -0.0010194136994, 0.000407685962273, -0.000466247991426, 0.00190606759861, -0.00524234119803, 0.0116111282259, -0.0042612021789, 0.000999144627713, -0.000914867967367, 0.00134214397985, -0.00205182167701, 0.00127814302687], [-0.000952804868575, -0.00136772461701, 4.95262829645e-05, 0.00195105618332, -0.00190899928566, 0.00105315400288, -0.0042612021789, 0.0148886209354, -0.00431943032891, 0.00346640800126, -0.00352799496613, 0.00368108437397, -0.00130667490885], [0.000547632051166, 0.00048334087478, -0.000849838892464, -0.00265562324785, 0.000634626252577, 0.00110077450518, 0.000999144627713, -0.00431943032891, 0.0136257437989, -0.00537147559226, 0.00132121797651, 0.000148891864228, -0.000561289140023], [-0.00099950551521, 0.000148719598656, 5.03190058225e-05, 0.000164645607583, -0.00249346531928, 0.00155583757441, -0.000914867967367, 0.00346640800126, -0.00537147559226, 0.0171009171754, -0.00582500966266, 0.00223038392141, -0.000999223557301], [-0.000165187797393, -0.00108577555511, 0.00071444112109, -0.00118124240544, 0.00220001256093, -0.00254381773993, 0.00134214397985, -0.00352799496613, 0.00132121797651, -0.00582500966266, 0.0207480657846, -0.0072303796187, 0.00109336269088], [-0.000187633762835, 0.000641175720375, -0.000509995792527, 0.00109915225767, -0.00116456975229, 0.000710614549462, -0.00205182167701, 0.00368108437397, 0.000148891864228, 0.00223038392141, -0.0072303796187, 0.0217065457255, -0.00761535204947], [0.000333500240231, -0.000836277322378, -0.00108983099926, -0.00134059984703, -0.00116275250912, 0.000998032977805, 0.00127814302687, -0.00130667490885, -0.000561289140023, -0.000999223557301, 0.00109336269088, -0.00761535204947, 0.0183927733451]]
    },
    "spectral_contrast_coeffs": {
        "max": [-0.433322250843, -0.508027017117, -0.514387607574, -0.603612303734, -0.63301217556, -0.60459125042],
        "mean": [-0.701256811619, -0.729562342167, -0.731336295605, -0.778459429741, -0.790055632591, -0.7546479702],
        "min": [-0.878996551037, -0.890874803066, -0.899851381779, -0.885653614998, -0.880247831345, -0.844965279102],
        "stdev": [0.0639075189829, 0.0592304058373, 0.0602865926921, 0.047644123435, 0.0402696095407, 0.0288193803281]
    },
    "spectral_contrast_valleys": {
        "max": [-5.00381326675, -4.43944692612, -5.424451828, -6.07947015762, -5.85117197037, -7.86168909073],
        "mean": [-6.10386943817, -6.14199018478, -6.92954063416, -7.45606184006, -7.54147291183, -10.0299119949],
        "min": [-9.06537055969, -7.76985692978, -9.1542634964, -9.25333404541, -9.17551898956, -11.6072368622],
        "stdev": [0.537764012814, 0.472581714392, 0.573081791401, 0.513265252113, 0.492545634508, 0.582262814045]
    }
},
"rhythm": {
    "beats_count": 141,
    "beats_loudness": {
        "max": 0.0812344327569,
        "mean": 0.0420021489263,
        "min": 0.00942924525589,
        "stdev": 0.0141111938283
    },
    "bpm": 163.687973022,
    "bpm_histogram_first_peak_bpm": 161,
    "bpm_histogram_first_peak_weight": 0.168674707413,
    "bpm_histogram_second_peak_bpm": 167,
    "bpm_histogram_second_peak_spread": 0,
    "bpm_histogram_second_peak_weight": 0.357142865658,
    "danceability": 1.05131137371,
    "onset_rate": 2.79391050339,
    "beats_loudness_band_ratio": {
        "max": [0.777293145657, 0.591109454632, 0.712158024311, 0.553839862347, 0.319213360548, 0.155202507973],
        "mean": [0.337313354015, 0.266043633223, 0.229767844081, 0.144302666187, 0.0480000600219, 0.0340070053935],
        "min": [0.0472900681198, 0.053482118994, 0.0476109087467, 0.00750181823969, 0.00353458593599, 0.00300339050591],
        "stdev": [0.159564688802, 0.132354155183, 0.138485923409, 0.121096067131, 0.0499868839979, 0.0264943484217]
    },
