{
"metadata": {
    "version": {
        "essentia": "2.1-beta5",
        "essentia_git_sha": "Undefined",
        "extractor": "music 2.0"
    },
    "audio_properties": {
        "analysis": {
            "equal_loudness": 0,
            "length": 32.4963264465,
            "sample_rate": 44100,
            "start_time": 126.490699768,
            "downmix": "mix"
        },
        "bit_rate": 192000,
        "length": 188.964004517,
        "lossless": 0,
        "number_channels": 2,
        "replay_gain": -14.0389919281,
        "sample_rate": 48000,
        "codec": "mp3",
        "md5_encoded": "aee7221f4687d7fd70ad4835dd77bc77"
    },
    "tags": {
        "file_name": "Spain_Vuelve Conmigo_Anabel Conde.mp3",
        "encoding": ["Lavf58.29.100"]
    }
},
"lowlevel": {
    "average_loudness": 0.982655465603,
    "barkbands_crest": {
        "max": 23.6974105835,
        "mean": 9.28207588196,
        "min": 3.32154893875,
        "stdev": 3.35678601265
    },
    "barkbands_flatness_db": {
        "max": 0.246512934566,
        "mean": 0.143001034856,
        "min": 0.0719508603215,
        "stdev": 0.0270174518228
    },
    "barkbands_kurtosis": {
        "max": 28.2825508118,
        "mean": 4.0656876564,
        "min": -1.35068058968,
        "stdev": 4.03969240189
    },
    "barkbands_skewness": {
        "max": 4.75351953506,
        "mean": 1.37867641449,
        "min": -0.333310246468,
        "stdev": 0.797309577465
    },
    "barkbands_spread": {
        "max": 57.8835487366,
        "mean": 12.746679306,
        "min": 2.39153575897,
        "stdev": 5.14003705978
    },
    "dissonance": {
        "max": 0.499848753214,
        "mean": 0.449441879988,
        "min": 0.215729728341,
        "stdev": 0.0303345117718
    },
    "dynamic_complexity": 0.837515354156,
    "erbbands_crest": {
        "max": 29.0951805115,
        "mean": 11.7561368942,
        "min": 3.27239465714,
        "stdev": 4.55391073227
    },
    "erbbands_flatness_db": {
        "max": 0.312544494867,
        "mean": 0.190827697515,
        "min": 0.094460979104,
        "stdev": 0.0274345111102
    },
    "erbbands_kurtosis": {
        "max": 22.18592453,
        "mean": 1.89178693295,
        "min": -1.61719703674,
        "stdev": 2.19377326965
    },
    "erbbands_skewness": {
        "max": 3.70108318329,
        "mean": 1.16002237797,
        "min": -0.504970550537,
        "stdev": 0.547216057777
    },
    "erbbands_spread": {
        "max": 95.0004882812,
        "mean": 23.553861618,
        "min": 5.16138219833,
        "stdev": 9.24416351318
    },
    "hfc": {
        "max": 68.8195419312,
        "mean": 28.545545578,
        "min": 1.65076541901,
        "stdev": 9.93009185791
    },
    "loudness_ebu128": {
        "integrated": -8.11688423157,
        "loudness_range": 0.8299741745,
        "momentary": {
            "max": -6.98562335968,
            "mean": -8.15536594391,
            "min": -11.1585187912,
            "stdev": 0.596030056477
        },
        "short_term": {
            "max": -7.55718278885,
            "mean": -8.13820457458,
            "min": -8.62516021729,
            "stdev": 0.271692723036
        }
    },
    "melbands_crest": {
        "max": 28.312335968,
        "mean": 10.7141056061,
        "min": 3.87404417992,
        "stdev": 3.71108007431
    },
    "melbands_flatness_db": {
        "max": 0.296936511993,
        "mean": 0.187184646726,
        "min": 0.0918921157718,
        "stdev": 0.0319960638881
    },
    "melbands_kurtosis": {
        "max": 63.1728668213,
        "mean": 7.17617702484,
        "min": -0.964915752411,
        "stdev": 7.08979082108
    },
    "melbands_skewness": {
        "max": 6.06813526154,
        "mean": 1.56609678268,
        "min": -0.367122262716,
        "stdev": 0.958412349224
    },
    "melbands_spread": {
        "max": 54.8225288391,
        "mean": 16.7456531525,
        "min": 3.13717126846,
        "stdev": 6.65459251404
    },
    "pitch_salience": {
        "max": 0.878229379654,
        "mean": 0.597060084343,
        "min": 0.25996363163,
        "stdev": 0.0995108708739
    },
    "silence_rate_20dB": {
        "max": 1,
        "mean": 1,
        "min": 1,
        "stdev": 0
    },
    "silence_rate_30dB": {
        "max": 1,
        "mean": 1,
        "min": 1,
        "stdev": 0
    },
    "silence_rate_60dB": {
        "max": 0,
        "mean": 0,
        "min": 0,
        "stdev": 0
    },
    "spectral_centroid": {
        "max": 2556.953125,
        "mean": 1106.33410645,
        "min": 437.811096191,
        "stdev": 330.098297119
    },
    "spectral_complexity": {
        "max": 38,
        "mean": 21.3140621185,
        "min": 5,
        "stdev": 4.72890520096
    },
    "spectral_decrease": {
        "max": -4.99411567656e-10,
        "mean": -9.02549235349e-09,
        "min": -1.85990565171e-08,
        "stdev": 2.84766277225e-09
    },
    "spectral_energy": {
        "max": 0.0743963941932,
        "mean": 0.0366534665227,
        "min": 0.00203462387435,
        "stdev": 0.0113860787824
    },
    "spectral_energyband_high": {
        "max": 0.00702330237255,
        "mean": 0.000554699567147,
        "min": 3.35106087732e-05,
        "stdev": 0.000485530385049
    },
    "spectral_energyband_low": {
        "max": 0.0266623087227,
        "mean": 0.00216764956713,
        "min": 5.17109729117e-05,
        "stdev": 0.00221598148346
    },
    "spectral_energyband_middle_high": {
        "max": 0.0654307678342,
        "mean": 0.0105592189357,
        "min": 0.00043445211486,
        "stdev": 0.00757107278332
    },
    "spectral_energyband_middle_low": {
        "max": 0.0674849748611,
        "mean": 0.0242718402296,
        "min": 0.00151040276978,
        "stdev": 0.0114372624084
    },
    "spectral_entropy": {
        "max": 8.39828586578,
        "mean": 7.3695268631,
        "min": 6.61074304581,
        "stdev": 0.245607718825
    },
    "spectral_flux": {
        "max": 0.270275175571,
        "mean": 0.108738124371,
        "min": 0.044286519289,
        "stdev": 0.0307092666626
    },
    "spectral_kurtosis": {
        "max": 16.3196659088,
        "mean": 5.35963869095,
        "min": -0.446710348129,
        "stdev": 1.99966478348
    },
    "spectral_rms": {
        "max": 0.00851949770004,
        "mean": 0.00590202398598,
        "min": 0.00140889990143,
        "stdev": 0.000962087360676
    },
    "spectral_rolloff": {
        "max": 8354.8828125,
        "mean": 1057.80310059,
        "min": 387.59765625,
        "stdev": 518.868652344
    },
    "spectral_skewness": {
        "max": 3.28251647949,
        "mean": 1.76861953735,
        "min": 0.77296435833,
        "stdev": 0.294293433428
    },
    "spectral_spread": {
        "max": 17068042,
        "mean": 4012244.25,
        "min": 2553863.5,
        "stdev": 928613.125
    },
    "spectral_strongpeak": {
        "max": 8.26328277588,
        "mean": 2.25983858109,
        "min": 0.0378433354199,
        "stdev": 1.42672026157
    },
    "zerocrossingrate": {
        "max": 0.1865234375,
        "mean": 0.0499956794083,
        "min": 0.01416015625,
        "stdev": 0.0136764263734
    },
    "barkbands": {
        "max": [0.00132021808531, 0.0105914846063, 0.0134125398472, 0.0114119509235, 0.0196974948049, 0.0523145869374, 0.0403955057263, 0.0373252667487, 0.0559206344187, 0.0616158172488, 0.0392420850694, 0.0202654674649, 0.0105857765302, 0.0107532022521, 0.00526576768607, 0.00478435866535, 0.00568118551746, 0.00216177408583, 0.00307413493283, 0.00268860254437, 0.000702381890733, 0.000713344896212, 0.00202386802994, 0.00304460874759, 0.00117850268725, 0.000741857977118, 3.42532462128e-06],
        "mean": [7.5487914728e-05, 0.00100389891304, 0.000761567731388, 0.000792426115368, 0.00215198309161, 0.00615779822692, 0.00596349546686, 0.00336744985543, 0.00465614441782, 0.00340369995683, 0.00267603225075, 0.00209493306465, 0.000715572969057, 0.000437916052761, 0.000260041182628, 0.000464614509838, 0.000262981979176, 0.00026530426112, 0.00038196350215, 0.000436073372839, 8.47519477247e-05, 5.81702734053e-05, 6.54349350953e-05, 6.0749687691e-05, 3.79897282983e-05, 1.69588511199e-05, 3.24949560593e-08],
        "min": [6.81512801748e-08, 1.54869248945e-05, 1.1292115687e-06, 2.83587746708e-06, 4.28042585554e-05, 0.000116499591968, 0.000113194422738, 7.38805683795e-05, 5.2141782362e-05, 4.0146514948e-05, 1.89452239283e-05, 2.45954051934e-05, 3.30300713358e-06, 8.08094227978e-06, 6.58339558868e-06, 6.47032902634e-06, 5.61927845411e-06, 4.98393637827e-06, 1.33099028972e-05, 1.6860296455e-05, 5.39480879524e-06, 3.17394597005e-06, 2.92730078399e-06, 1.74323884039e-06, 1.53623523147e-06, 6.88802401783e-07, 1.42116084526e-11],
        "stdev": [0.00012847079779, 0.00106930709444, 0.00117469520774, 0.000940029043704, 0.0018107277574, 0.00630933232605, 0.00561650050804, 0.00434358837083, 0.00587336532772, 0.00530467228964, 0.00422789342701, 0.00309532368556, 0.00118631054647, 0.000648406683467, 0.000416501163272, 0.000549992662854, 0.000358740857337, 0.000254916521953, 0.000373257847968, 0.000383233826142, 8.35877945065e-05, 6.77616408211e-05, 9.35546486289e-05, 0.000139170588227, 7.27455917513e-05, 4.05159480579e-05, 1.6366649902e-07]
    },
    "erbbands": {
        "max": [0.471451967955, 3.06428718567, 13.3604297638, 35.2483634949, 33.9675140381, 80.212638855, 253.312484741, 667.013305664, 780.811645508, 455.158630371, 905.184448242, 1512.8223877, 1289.28710938, 1485.81848145, 1633.04296875, 550.534973145, 466.175872803, 640.599243164, 201.513153076, 301.280456543, 185.461746216, 191.197616577, 133.862686157, 205.357254028, 199.790161133, 104.553016663, 54.833732605, 26.3188991547, 24.9656486511, 20.17253685, 63.2472076416, 79.8276367188, 38.714099884, 16.8490867615, 8.43525695801, 5.76946592331, 0.737156331539, 0.0541539378464, 0.00106403673999, 9.7895579529e-05],
        "mean": [0.0263752955943, 0.235821917653, 0.767589509487, 1.91064310074, 4.99246120453, 7.49285316467, 15.9553899765, 59.8613052368, 102.415206909, 68.3478164673, 71.2903213501, 102.339813232, 124.869880676, 75.0683822632, 155.105712891, 57.3791885376, 30.7165412903, 25.8436546326, 17.0785980225, 20.4455184937, 21.1148376465, 14.6958742142, 15.9895792007, 19.4576568604, 18.3162403107, 17.8010978699, 7.94603872299, 2.83571362495, 2.21208739281, 1.85075497627, 1.82455730438, 1.41065824032, 0.941012501717, 0.507227003574, 0.237881928682, 0.106840483844, 0.0235536806285, 0.00175723002758, 5.8509856899e-05, 4.57462738268e-05],
        "min": [0.000385743856896, 0.00551540730521, 0.0127441780642, 0.028989834711, 0.0791017562151, 0.113949373364, 0.61116784811, 1.00655412674, 1.64283144474, 3.48422718048, 2.30602908134, 2.09051346779, 2.09365272522, 1.36061048508, 1.13534784317, 1.44582402706, 1.09998631477, 0.965158641338, 0.665400803089, 0.303821861744, 0.44034782052, 0.337717324495, 0.287426143885, 0.386163860559, 1.0864880085, 0.740539193153, 0.406043201685, 0.205216541886, 0.130488470197, 0.098283931613, 0.0920382887125, 0.0293092951179, 0.0364347137511, 0.0184811167419, 0.010457996279, 0.00384769565426, 0.00111748289783, 5.31137629878e-05, 5.35808430868e-06, 7.11799975761e-06],
        "stdev": [0.0324631072581, 0.260310858488, 1.12139892578, 2.1085062027, 4.53307342529, 7.13761949539, 19.7234039307, 61.6369171143, 102.595878601, 68.1751480103, 97.186340332, 125.797180176, 149.053970337, 125.064857483, 225.167160034, 58.8103790283, 43.978729248, 37.7584228516, 21.3561897278, 26.797876358, 23.5026092529, 17.0852642059, 14.9218702316, 17.8290920258, 17.7501106262, 15.5833005905, 7.37691068649, 2.9301738739, 2.47685027122, 2.09258055687, 2.71935868263, 3.10808968544, 2.13896489143, 0.995208621025, 0.477085977793, 0.296701699495, 0.0393763259053, 0.00284188427031, 6.68398643029e-05, 1.42039025377e-05]
    },
    "gfcc": {
        "mean": [31.3400268555, 103.724830627, -134.132064819, 11.2243289948, -79.5808029175, 2.13100266457, -36.9890861511, 17.527885437, -28.352563858, 4.0648188591, -8.09120941162, 0.62959253788, -8.08641242981],
        "cov": [[514.707702637, -228.823577881, 8.23955535889, 10.1887664795, -26.3059844971, 84.8576660156, 3.64960241318, 49.5870857239, -34.3381462097, 16.4034690857, -53.7384719849, 6.10791969299, -15.752240181], [-228.823577881, 352.597961426, -17.3146915436, 12.2695159912, 91.9839248657, -49.4473724365, 59.6580963135, -31.1195335388, 8.15268039703, -41.6490516663, 56.5393028259, -30.5041790009, 21.9344844818], [8.23955535889, -17.3146915436, 249.916137695, 36.8147468567, -45.9008827209, -5.46984767914, -103.35382843, 12.6167955399, 34.738697052, 3.38680696487, -33.2490539551, 38.4412155151, -9.21478748322], [10.1887664795, 12.2695159912, 36.8147468567, 117.198005676, 47.7070655823, -27.070356369, -32.0140228271, 10.0656700134, 12.0903110504, -13.7056112289, -0.136434614658, 27.9978427887, 20.0683479309], [-26.3059844971, 91.9839248657, -45.9008827209, 47.7070655823, 159.013381958, 3.26209330559, 40.3113288879, 23.8019866943, -18.7794380188, -3.24722027779, 15.9485769272, 17.5881996155, 28.1186237335], [84.8576660156, -49.4473724365, -5.46984767914, -27.070356369, 3.26209330559, 139.965774536, 65.3644790649, -7.89687347412, -26.4835567474, 8.59598445892, -19.9032554626, -15.8712749481, -20.4504528046], [3.64960241318, 59.6580963135, -103.35382843, -32.0140228271, 40.3113288879, 65.3644790649, 173.141830444, 4.79274129868, -58.3509483337, 6.93049860001, 24.9930553436, -35.815448761, -10.040140152], [49.5870857239, -31.1195335388, 12.6167955399, 10.0656700134, 23.8019866943, -7.89687347412, 4.79274129868, 90.9031295776, 27.996881485, -0.249364599586, -15.8704032898, -0.181546106935, 12.3319387436], [-34.3381462097, 8.15268039703, 34.738697052, 12.0903110504, -18.7794380188, -26.4835567474, -58.3509483337, 27.996881485, 104.238883972, 4.33869075775, -23.5394802094, 8.64837551117, 4.67293119431], [16.4034690857, -41.6490516663, 3.38680696487, -13.7056112289, -3.24722027779, 8.59598445892, 6.93049860001, -0.249364599586, 4.33869075775, 62.7748641968, 19.659280777, 6.49342060089, -4.11618852615], [-53.7384719849, 56.5393028259, -33.2490539551, -0.136434614658, 15.9485769272, -19.9032554626, 24.9930553436, -15.8704032898, -23.5394802094, 19.659280777, 81.2230300903, 16.4332427979, 12.2023000717], [6.10791969299, -30.5041790009, 38.4412155151, 27.9978427887, 17.5881996155, -15.8712749481, -35.815448761, -0.181546106935, 8.64837551117, 6.49342060089, 16.4332427979, 84.7687911987, 32.9083786011], [-15.752240181, 21.9344844818, -9.21478748322, 20.0683479309, 28.1186237335, -20.4504528046, -10.040140152, 12.3319387436, 4.67293119431, -4.11618852615, 12.2023000717, 32.9083786011, 64.4118423462]],
        "icov": [[0.00322604738176, 0.00114683574066, 0.000530644436367, -0.00106580602005, 0.00060552690411, -0.00158747541718, 0.000574525620323, -0.00204847892746, 0.0018012591172, -0.000593152130023, 0.00116056064144, -0.000383192498703, 0.000327111774823], [0.00114683574066, 0.0153716215864, -0.00904501508921, 0.00472861668095, -0.0121470559388, 0.00672831712291, -0.0105740744621, 0.012207810767, -0.0121740596369, 0.0141175827011, -0.0124481497332, 0.0124111101031, -0.00646521802992], [0.000530644436367, -0.00904501508921, 0.0124984197319, -0.00532691786066, 0.00952998362482, -0.00628113280982, 0.0103221042082, -0.0101866871119, 0.0090779196471, -0.00986409094185, 0.00935974996537, -0.01046437677, 0.00634660432115], [-0.00106580602005, 0.00472861668095, -0.00532691786066, 0.0143720610067, -0.00872713327408, 0.00442312611267, -0.00300964340568, 0.00553422514349, -0.00578908482566, 0.00759000796825, -0.00500539969653, 0.00301400129683, -0.00311197759584], [0.00060552690411, -0.0121470559388, 0.00952998362482, -0.00872713327408, 0.0198815036565, -0.00690755154938, 0.00746826082468, -0.0135560864583, 0.0123676508665, -0.0122426589951, 0.0106137245893, -0.0119525650516, 0.00367055647075], [-0.00158747541718, 0.00672831712291, -0.00628113280982, 0.00442312611267, -0.00690755154938, 0.015284598805, -0.0107536083087, 0.00914019346237, -0.00630255229771, 0.00535614043474, -0.00195716950111, 0.00505386432633, -0.00192578032147], [0.000574525620323, -0.0105740744621, 0.0103221042082, -0.00300964340568, 0.00746826082468, -0.0107536083087, 0.0209873057902, -0.0130684608594, 0.0138189997524, -0.0106681594625, 0.00583837926388, -0.00615994585678, 0.00561151234433], [-0.00204847892746, 0.012207810767, -0.0101866871119, 0.00553422514349, -0.0135560864583, 0.00914019346237, -0.0130684608594, 0.027004385367, -0.0166529230773, 0.0120096560568, -0.00870238430798, 0.012310792692, -0.00889252964407], [0.0018012591172, -0.0121740596369, 0.0090779196471, -0.00578908482566, 0.0123676508665, -0.00630255229771, 0.0138189997524, -0.0166529230773, 0.0262235626578, -0.0152371749282, 0.0145912943408, -0.0112162269652, 0.00572085333988], [-0.000593152130023, 0.0141175827011, -0.00986409094185, 0.00759000796825, -0.0122426589951, 0.00535614043474, -0.0106681594625, 0.0120096560568, -0.0152371749282, 0.0330860204995, -0.0188058558851, 0.0104472870007, -0.00420090043917], [0.00116056064144, -0.0124481497332, 0.00935974996537, -0.00500539969653, 0.0106137245893, -0.00195716950111, 0.00583837926388, -0.00870238430798, 0.0145912943408, -0.0188058558851, 0.0306634008884, -0.0149389905855, 0.00430591357872], [-0.000383192498703, 0.0124111101031, -0.01046437677, 0.00301400129683, -0.0119525650516, 0.00505386432633, -0.00615994585678, 0.012310792692, -0.0112162269652, 0.0104472870007, -0.0149389905855, 0.0295872073621, -0.0140558155254], [0.000327111774823, -0.00646521802992, 0.00634660432115, -0.00311197759584, 0.00367055647075, -0.00192578032147, 0.00561151234433, -0.00889252964407, 0.00572085333988, -0.00420090043917, 0.00430591357872, -0.0140558155254, 0.0257296543568]]
    },
    "melbands": {
        "max": [0.00340436818078, 0.00603238120675, 0.00533835124224, 0.00468225777149, 0.00777790835127, 0.0128512633964, 0.0102613372728, 0.00528831779957, 0.00640212418512, 0.00871612690389, 0.00620247842744, 0.00746359676123, 0.00644955923781, 0.00281859422103, 0.00110010663047, 0.00136321701575, 0.00130031246226, 0.00041262130253, 0.000492584775202, 0.000449777231552, 0.000282710359897, 0.000300345767755, 0.000147824626765, 0.000103134996607, 0.000213844177779, 0.000170986138983, 0.000132785877213, 7.08035004209e-05, 5.72152639506e-05, 1.68837232195e-05, 1.82465992111e-05, 1.52209495354e-05, 1.3173717889e-05, 1.37300467031e-05, 3.12901538564e-05, 5.27281590621e-05, 4.61963136331e-05, 2.65703110927e-05, 2.23439219553e-05, 1.0976975318e-05],
        "mean": [0.000263023306616, 0.000381207733881, 0.000423544959631, 0.000451328494819, 0.000505142263137, 0.00142991147004, 0.00145553471521, 0.000731592241209, 0.000576143793296, 0.000678875658195, 0.000634106690995, 0.00030994854751, 0.000433961598901, 0.0003040782467, 7.68753961893e-05, 7.07876315573e-05, 4.55170957139e-05, 3.02380722133e-05, 2.11615242733e-05, 3.69471199519e-05, 2.0848821805e-05, 1.52130805873e-05, 1.4182133782e-05, 1.29235622808e-05, 1.65479577845e-05, 1.28812707771e-05, 1.43026445585e-05, 1.18372490761e-05, 6.79966433381e-06, 1.92387574316e-06, 1.44138459746e-06, 1.31727847474e-06, 9.87807993624e-07, 1.04326113615e-06, 1.0466827689e-06, 1.04974526494e-06, 7.96362542133e-07, 6.79578477047e-07, 5.70604584027e-07, 3.74296945438e-07],
        "min": [3.67834854842e-06, 7.43718419471e-06, 8.93980995897e-06, 1.21830198623e-05, 1.61728239618e-05, 2.20453312068e-05, 2.08210549317e-05, 1.58153834491e-05, 9.41205053095e-06, 9.60823126661e-06, 6.46153557682e-06, 3.79612879442e-06, 2.87943248622e-06, 2.4751861929e-06, 1.32849856982e-06, 3.45998273588e-07, 1.08615574845e-06, 9.04921023448e-07, 5.5623740991e-07, 2.7154320037e-07, 5.61214108075e-07, 3.61440697816e-07, 1.92368119656e-07, 3.24666359575e-07, 2.78488244021e-07, 4.62102917709e-07, 4.4088679374e-07, 3.87976911043e-07, 1.23843648225e-07, 1.04249622268e-07, 7.07093050778e-08, 7.34752703124e-08, 2.63063881789e-08, 4.88616684891e-08, 5.16563183339e-08, 2.98375937291e-08, 1.40135023585e-08, 2.46732483333e-08, 1.57110715548e-08, 1.30036852397e-08],
        "stdev": [0.000282900087768, 0.000475348613691, 0.000400490127504, 0.000379369244911, 0.000562022731174, 0.00143144652247, 0.00137933739461, 0.000775955908466, 0.00078812771244, 0.000859799794853, 0.000778307206929, 0.000596984580625, 0.000649276305921, 0.000425914156949, 0.000104605533124, 0.000135499416501, 7.1317939728e-05, 4.21493605245e-05, 3.84018640034e-05, 4.67323334306e-05, 2.76479167951e-05, 2.10262223845e-05, 1.41363161674e-05, 1.30573880597e-05, 1.67541129485e-05, 1.63948625413e-05, 1.33142712002e-05, 1.13226797112e-05, 7.39849247111e-06, 1.99384066946e-06, 1.73727676156e-06, 1.53816188231e-06, 1.20501601941e-06, 1.19767992146e-06, 1.41132829867e-06, 2.20869583245e-06, 1.87402815754e-06, 1.56363535098e-06, 1.23158633869e-06, 7.46300429455e-07]
    },
    "melbands128": {
        "max": [0.00117989815772, 0.00432240916416, 0.00437659351155, 0.00554305501282, 0.0066737215966, 0.00671807210892, 0.00849678553641, 0.00458043860272, 0.00435030227527, 0.00720618246123, 0.00489121023566, 0.00832522660494, 0.0117716602981, 0.010498448275, 0.0204078555107, 0.0190595258027, 0.0229902006686, 0.0137110343203, 0.0103676961735, 0.00690056942403, 0.010060980916, 0.0113454125822, 0.00926025398076, 0.0126793105155, 0.016038691625, 0.0111260851845, 0.0188377667218, 0.0106655471027, 0.0141069497913, 0.0165095552802, 0.00485273031518, 0.00617692060769, 0.0125824855641, 0.0082919774577, 0.00591631699353, 0.00380384596065, 0.00211545522325, 0.00193475047126, 0.00133650284261, 0.00205162353814, 0.00283088232391, 0.00247434293851, 0.00294452626258, 0.00188906711992, 0.000761431874707, 0.000745703291614, 0.000415566988522, 0.00109089154284, 0.000731833279133, 0.000612710020505, 0.000683090940583, 0.000600307655986, 0.000433347420767, 0.00053927913541, 0.00100393628236, 0.000219798486796, 0.000390097411582, 0.000289882358629, 0.000187430036021, 0.000273200828815, 0.000191304992768, 0.000302575790556, 0.000237336629652, 0.000396092334995, 0.000357311830157, 0.000415255461121, 0.000406461418606, 0.000302344473312, 0.0002122578735, 0.000150050720549, 0.000122672165162, 0.00018654075393, 0.00015525672643, 6.28733832855e-05, 4.18839990743e-05, 2.96293401334e-05, 2.16181815631e-05, 2.06616896321e-05, 2.16989483306e-05, 2.32596503338e-05, 1.66540576174e-05, 1.70440634975e-05, 1.27162020362e-05, 2.10823018278e-05, 1.40810479934e-05, 1.34858510137e-05, 2.26652846322e-05, 1.82609255717e-05, 3.40054139087e-05, 3.4117467294e-05, 5.55943079235e-05, 5.0433256547e-05, 5.43769965589e-05, 6.58600183669e-05, 2.80112799373e-05, 2.82526707451e-05, 2.93689081445e-05, 3.14773533319e-05, 2.9601425922e-05, 1.59405135491e-05, 1.98989218916e-05, 2.00313188543e-05, 6.87179999659e-06, 1.48599401655e-05, 1.31614579004e-05, 9.54574352363e-06, 7.4154804679e-06, 2.41959151026e-05, 1.50591713464e-05, 3.86997999158e-06, 3.73203374693e-06, 3.50565051122e-06, 1.67503128523e-06, 2.24855853048e-06, 1.2204890254e-06, 2.70632142474e-07, 5.67794558037e-08, 6.84762042624e-08, 3.89039698234e-08, 3.44822552734e-08, 3.52690641137e-08, 1.17208278638e-08, 1.14853362376e-08, 1.12893259185e-08, 1.11254427893e-08, 1.09964153339e-08, 1.08972804114e-08, 1.08384687891e-08],
        "mean": [6.8248315074e-05, 0.000193431129446, 0.000342066108715, 0.000402455654694, 0.000367903354345, 0.00039375925553, 0.000354573305231, 0.000432213651948, 0.000531108002178, 0.000462847499875, 0.000404270744184, 0.000360649632057, 0.000461169955088, 0.000753222848289, 0.0010738351848, 0.00195698183961, 0.00244214711711, 0.00103395595215, 0.000797533488367, 0.000686960236635, 0.000801777699962, 0.000552539248019, 0.000579548999667, 0.000535727536771, 0.000586906680837, 0.000821839726996, 0.000698849267792, 0.000588372000493, 0.000641844584607, 0.000383625505492, 0.000165735662449, 0.000203392570256, 0.000270551710855, 0.000893345742952, 0.000440672069089, 9.47844237089e-05, 9.94412694126e-05, 9.11346724024e-05, 5.04458621435e-05, 4.69289479952e-05, 0.000113235735625, 4.46189624199e-05, 2.98556042253e-05, 6.22428342467e-05, 3.68495275325e-05, 2.75347374554e-05, 1.34500278364e-05, 2.16724711208e-05, 2.35139686993e-05, 2.30883233598e-05, 4.64748591185e-05, 4.62820826215e-05, 1.44938412632e-05, 1.55477391672e-05, 1.81931645784e-05, 1.40231923069e-05, 1.42628032336e-05, 1.37977731356e-05, 1.20883560157e-05, 1.92169300135e-05, 1.19939113574e-05, 8.76333342603e-06, 1.60994477483e-05, 1.95474440261e-05, 1.61416555784e-05, 1.2628866898e-05, 9.55418727244e-06, 1.5921488739e-05, 1.64727898664e-05, 1.04926639324e-05, 9.43486247706e-06, 1.4793754417e-05, 1.32180675791e-05, 3.42981707036e-06, 2.10355824493e-06, 2.14121837416e-06, 1.69469296907e-06, 1.54418353304e-06, 1.49423590301e-06, 1.20686468108e-06, 1.40648751312e-06, 1.4312362282e-06, 9.70951759882e-07, 9.03535351426e-07, 1.03083743852e-06, 9.65436925071e-07, 1.10921394025e-06, 1.1042297956e-06, 1.06761467578e-06, 9.33934416025e-07, 1.12031204935e-06, 1.15308125714e-06, 7.90899093772e-07, 7.9500512129e-07, 7.83410655458e-07, 7.59372596804e-07, 6.27497513506e-07, 6.00704424869e-07, 6.37376729173e-07, 5.15396209266e-07, 4.48856013691e-07, 3.44363144222e-07, 2.93104335469e-07, 2.7968732752e-07, 2.84410134554e-07, 2.40142782104e-07, 1.94830747091e-07, 2.71670472785e-07, 2.17813649783e-07, 1.14067148616e-07, 8.40150775616e-08, 7.82854172598e-08, 7.85935938552e-08, 6.13123987137e-08, 4.17128198649e-08, 7.71954944412e-09, 8.61138604868e-10, 1.12838467736e-10, 8.9974347417e-11, 9.29398641381e-11, 6.80768844075e-11, 4.67195032661e-11, 3.61185317765e-11, 2.36628373146e-11, 2.237849836e-11, 2.11042346793e-11, 2.03861372228e-11, 2.01958380575e-11],
        "min": [1.3291282519e-09, 1.39936545906e-07, 2.73329465017e-06, 6.24377616987e-06, 3.43481292475e-06, 4.22824570023e-07, 7.53152392008e-07, 2.19273692892e-06, 3.3828089272e-06, 4.67971995022e-06, 6.40538928565e-07, 9.32816931254e-07, 1.16421506391e-06, 7.85942120274e-06, 6.25860320724e-06, 8.8139104264e-06, 7.79779111326e-06, 3.76790967493e-06, 2.13997304854e-06, 4.82904351884e-06, 5.69167514186e-06, 3.22983487422e-06, 4.37560447608e-06, 1.80122674465e-06, 2.4134828891e-06, 8.05703507467e-07, 2.97747646982e-06, 2.97281917483e-06, 7.7070410498e-07, 7.80489642693e-07, 8.23473158107e-07, 1.79761968866e-07, 6.82453901391e-07, 3.38842994552e-07, 4.81021231735e-07, 3.32556595595e-07, 7.10558765604e-07, 5.05892671754e-07, 2.15338218368e-07, 2.08391554679e-07, 1.59951440537e-07, 1.0699284303e-07, 2.58386194218e-07, 5.76075024128e-07, 1.15592520444e-07, 1.2506676228e-07, 1.66907284438e-07, 1.14296774711e-07, 2.92534934943e-07, 2.24344063326e-07, 8.29852666584e-08, 4.04233475138e-07, 1.76769063387e-07, 1.61210820693e-07, 2.27382514595e-07, 2.52714414728e-07, 2.97835299534e-07, 2.22113584414e-07, 8.03073021416e-08, 1.33919442646e-07, 1.8966390769e-07, 1.40703861007e-07, 1.96732742097e-07, 1.74620097937e-07, 1.20878112853e-07, 7.90721088606e-08, 1.30813177179e-07, 2.05029920153e-07, 1.93334159349e-07, 1.15594048111e-07, 1.25593558664e-07, 2.66014126282e-07, 1.0404423989e-07, 3.51863072012e-08, 6.8458490432e-08, 7.12171015493e-08, 4.34893792089e-08, 2.95836635189e-08, 3.03587697204e-08, 1.82384365388e-08, 3.35539347418e-08, 1.80341963585e-08, 1.94389393471e-08, 1.30703483592e-08, 2.06722834406e-08, 2.40567068488e-08, 2.10060111527e-08, 1.91037585751e-08, 2.68433559825e-08, 2.25593304037e-08, 3.08420347039e-08, 1.29176136454e-08, 1.02473309838e-08, 9.96257476515e-09, 7.5581123582e-09, 2.06340917686e-08, 1.49252397108e-08, 1.18317586839e-08, 9.74796776632e-09, 1.35522837397e-08, 1.10719113877e-08, 8.90228246675e-09, 6.97432644969e-09, 6.34901020646e-09, 4.69729855013e-09, 9.0733367486e-09, 6.09250516703e-09, 1.84070392262e-09, 3.16746207041e-09, 2.37607444831e-09, 4.57344717653e-10, 1.98469485291e-09, 1.59210133965e-09, 9.87261383756e-10, 3.25999505169e-10, 4.60868947172e-11, 1.15952034216e-13, 3.38718378974e-14, 2.78605568791e-14, 2.06405700095e-14, 2.72443963142e-14, 2.77321941182e-14, 3.06275492435e-14, 2.54792050631e-14, 1.65914238728e-14, 8.73499169318e-15, 1.75621376064e-15, 3.90826031121e-17],
        "stdev": [0.00011642267782, 0.000289236020762, 0.000380200421205, 0.000474957138067, 0.000568031799048, 0.000594535144046, 0.000459180155303, 0.00054456864018, 0.000551086908672, 0.00052840297576, 0.000489419850055, 0.000489233236294, 0.000790759688243, 0.00109830440488, 0.00155095488299, 0.00240744836628, 0.00298519665375, 0.00127330725081, 0.00133547151927, 0.000862133922055, 0.00110804336146, 0.00106595526449, 0.00104911625385, 0.00101977097802, 0.0010545294499, 0.00135829579085, 0.0015091515379, 0.000917439348996, 0.00129460799508, 0.00117246329319, 0.000408689142205, 0.000577660743147, 0.00080656184582, 0.00150388898328, 0.00086799665587, 0.000207575780223, 0.000177922236617, 0.00016078032786, 0.000109190070361, 0.000120545329992, 0.000256247178186, 0.000132210101583, 0.000114475413284, 0.000108730069769, 5.98059777985e-05, 6.84792321408e-05, 2.88578248728e-05, 5.40458240721e-05, 5.49217329535e-05, 5.46263290744e-05, 7.55484215915e-05, 7.0289876021e-05, 3.51096932718e-05, 3.93562841055e-05, 4.76041313959e-05, 2.16416774492e-05, 2.55861123151e-05, 2.23480747081e-05, 1.64218490681e-05, 2.67493833235e-05, 1.7747257516e-05, 1.68143724295e-05, 2.2152747988e-05, 2.8086356906e-05, 3.05966350425e-05, 2.68509065791e-05, 2.13336152228e-05, 2.22216021939e-05, 1.97370172828e-05, 1.67068465089e-05, 1.58313941938e-05, 2.05750384339e-05, 1.95085394807e-05, 5.67072720514e-06, 3.15544161822e-06, 2.73354839919e-06, 2.41811267188e-06, 2.18257423512e-06, 1.99216651708e-06, 1.86683985248e-06, 1.93600681087e-06, 1.85256806162e-06, 1.24344535379e-06, 1.37868448746e-06, 1.40782913149e-06, 1.19157573408e-06, 1.55831810389e-06, 1.41607677051e-06, 1.53904159106e-06, 1.5789456711e-06, 2.47076104642e-06, 2.62034200205e-06, 1.98976977117e-06, 2.33138644035e-06, 1.64045491147e-06, 1.68450117144e-06, 1.60330080234e-06, 1.57442934778e-06, 1.51985364027e-06, 9.99897451948e-07, 9.05753324787e-07, 8.77947570643e-07, 5.35094670795e-07, 6.64146398321e-07, 5.90450440541e-07, 5.45715693079e-07, 4.15809182641e-07, 1.14804879559e-06, 7.64715366586e-07, 2.49036247624e-07, 1.57222174835e-07, 1.56052607281e-07, 1.22941983705e-07, 1.05589982979e-07, 7.32248182089e-08, 1.43419534027e-08, 2.6993973723e-09, 1.94804328224e-09, 1.23615728764e-09, 1.25846266741e-09, 1.06242081799e-09, 5.42759226452e-10, 4.64604882344e-10, 3.71330771687e-10, 3.65130592428e-10, 3.60249691189e-10, 3.56830148762e-10, 3.5478581184e-10]
    },
    "mfcc": {
        "mean": [-606.856628418, 135.720611572, -7.13028144836, 8.56907749176, -17.905921936, -18.3263874054, -0.678872525692, -0.470781236887, -7.43113803864, 4.27638721466, -7.25149917603, 0.959098517895, 4.85802984238],
        "cov": [[552.533691406, -230.094223022, -21.8300762177, -67.2401428223, -28.1153869629, 23.5250530243, 42.0241241455, 20.3967571259, 31.1716690063, 41.8027534485, -2.48450779915, -34.4309616089, -8.59445953369], [-230.094223022, 316.049255371, -55.611240387, 45.617980957, 10.8116178513, -6.38249349594, 51.9157409668, 11.8499479294, -17.4348907471, 8.10939216614, -9.82095050812, 9.95039272308, 18.6333122253], [-21.8300762177, -55.611240387, 267.816986084, -27.0310878754, 29.5365962982, -5.96141242981, -111.713172913, -11.8688211441, -1.12602674961, -46.0329589844, 31.6704387665, 4.70031547546, -43.8177947998], [-67.2401428223, 45.617980957, -27.0310878754, 174.188262939, 75.0778656006, -44.8857727051, -13.7770719528, 7.49713659286, 2.89800548553, -29.5260677338, -47.8278388977, 24.7453327179, 42.0713577271], [-28.1153869629, 10.8116178513, 29.5365962982, 75.0778656006, 153.562866211, -32.1575469971, -65.9141082764, 13.9536561966, 27.978559494, -23.9881896973, -31.233505249, 10.6780614853, 13.5180339813], [23.5250530243, -6.38249349594, -5.96141242981, -44.8857727051, -32.1575469971, 126.111572266, 54.9921531677, 3.11788511276, -1.98044061661, -2.04090309143, 10.8868246078, -2.41087150574, -5.97519159317], [42.0241241455, 51.9157409668, -111.713172913, -13.7770719528, -65.9141082764, 54.9921531677, 212.079864502, 16.6294326782, -19.6396255493, 29.6939277649, -15.6332817078, -4.32294559479, 31.6533679962], [20.3967571259, 11.8499479294, -11.8688211441, 7.49713659286, 13.9536561966, 3.11788511276, 16.6294326782, 72.3558502197, 27.9267196655, 3.07959914207, -6.39803409576, -5.53812646866, -4.68640899658], [31.1716690063, -17.4348907471, -1.12602674961, 2.89800548553, 27.978559494, -1.98044061661, -19.6396255493, 27.9267196655, 82.2560958862, 19.668012619, -9.44497585297, -2.04608154297, 0.48640859127], [41.8027534485, 8.10939216614, -46.0329589844, -29.5260677338, -23.9881896973, -2.04090309143, 29.6939277649, 3.07959914207, 19.668012619, 94.3926467896, 31.142950058, -33.53465271, -27.6282691956], [-2.48450779915, -9.82095050812, 31.6704387665, -47.8278388977, -31.233505249, 10.8868246078, -15.6332817078, -6.39803409576, -9.44497585297, 31.142950058, 98.2355575562, -3.47181987762, -56.7550888062], [-34.4309616089, 9.95039272308, 4.70031547546, 24.7453327179, 10.6780614853, -2.41087150574, -4.32294559479, -5.53812646866, -2.04608154297, -33.53465271, -3.47181987762, 73.5938262939, 43.3852577209], [-8.59445953369, 18.6333122253, -43.8177947998, 42.0713577271, 13.5180339813, -5.97519159317, 31.6533679962, -4.68640899658, 0.48640859127, -27.6282691956, -56.7550888062, 43.3852577209, 106.149742126]],
        "icov": [[0.0031099433545, 0.00242306548171, 0.000126292885398, 0.000635584816337, -0.000290981726721, 4.77868416056e-05, -0.000892013427801, -0.000893931486644, -0.00016876362497, -0.00109890091699, 0.000403400830692, 0.000589455186855, -0.000417521659983], [0.00242306548171, 0.00547084305435, 0.000413437519455, -0.000286862516077, -0.000669316621497, 0.000181450377568, -0.00141442636959, -0.0013627075823, 0.000994215835817, -0.00149749394041, 0.000201790244319, -0.000107414191007, -0.000265258422587], [0.000126292885398, 0.000413437519455, 0.00582141289487, 0.00105606403667, -0.000713316723704, -0.000183378535439, 0.00200794148259, 0.000369089655578, -0.000248112075496, 0.00318551063538, -0.00131997151766, -1.15158472909e-05, 0.00154938665219], [0.000635584816337, -0.000286862516077, 0.00105606403667, 0.0095240958035, -0.00380536797456, 0.00235611503012, -0.000499496934935, -0.000491383194458, 0.000762182171457, 0.000940785743296, 0.00214914884418, -0.00154104374815, -0.00047222932335], [-0.000290981726721, -0.000669316621497, -0.000713316723704, -0.00380536797456, 0.0106815090403, -4.02616569772e-05, 0.00285496423021, -0.00119178672321, -0.00234811753035, 0.000411488988902, 0.00181554851588, -8.21108988021e-05, 0.000163341595908], [4.77868416056e-05, 0.000181450377568, -0.000183378535439, 0.00235611503012, -4.02616569772e-05, 0.0104134464636, -0.00348737393506, 0.000508340308443, -0.0016279022675, 0.00289713800885, -0.0011371356668, 0.000217620065087, 0.00068074115552], [-0.000892013427801, -0.00141442636959, 0.00200794148259, -0.000499496934935, 0.00285496423021, -0.00348737393506, 0.00933707877994, -0.00274947029538, 0.00299566169269, -0.00263968552463, 0.00143837172072, -0.000173062377144, -0.00212363200262], [-0.000893931486644, -0.0013627075823, 0.000369089655578, -0.000491383194458, -0.00119178672321, 0.000508340308443, -0.00274947029538, 0.0180628243834, -0.0071212714538, 0.00327563402243, -0.000445219426183, 0.00108601967804, 0.00251494534314], [-0.00016876362497, 0.000994215835817, -0.000248112075496, 0.000762182171457, -0.00234811753035, -0.0016279022675, 0.00299566169269, -0.0071212714538, 0.0184690468013, -0.00754927098751, 0.0038744173944, -0.00308803026564, -0.000308843853418], [-0.00109890091699, -0.00149749394041, 0.00318551063538, 0.000940785743296, 0.000411488988902, 0.00289713800885, -0.00263968552463, 0.00327563402243, -0.00754927098751, 0.0212721023709, -0.00848765298724, 0.00855874922127, -0.000306572648697], [0.000403400830692, 0.000201790244319, -0.00131997151766, 0.00214914884418, 0.00181554851588, -0.0011371356668, 0.00143837172072, -0.000445219426183, 0.0038744173944, -0.00848765298724, 0.0219750609249, -0.0102760158479, 0.0115792891011], [0.000589455186855, -0.000107414191007, -1.15158472909e-05, -0.00154104374815, -8.21108988021e-05, 0.000217620065087, -0.000173062377144, 0.00108601967804, -0.00308803026564, 0.00855874922127, -0.0102760158479, 0.0253817755729, -0.0128316003829], [-0.000417521659983, -0.000265258422587, 0.00154938665219, -0.00047222932335, 0.000163341595908, 0.00068074115552, -0.00212363200262, 0.00251494534314, -0.000308843853418, -0.000306572648697, 0.0115792891011, -0.0128316003829, 0.0223791785538]]
    },
    "spectral_contrast_coeffs": {
        "max": [-0.46987387538, -0.470581650734, -0.488234311342, -0.643730938435, -0.634556889534, -0.714286148548],
        "mean": [-0.706180214882, -0.722621440887, -0.686113297939, -0.766289532185, -0.763804733753, -0.791271030903],
        "min": [-0.853089332581, -0.900296568871, -0.863590717316, -0.878230750561, -0.860157728195, -0.909561216831],
        "stdev": [0.0610714405775, 0.0643000975251, 0.0638764128089, 0.0422196090221, 0.0395080633461, 0.0250184554607]
    },
    "spectral_contrast_valleys": {
        "max": [-5.3580160141, -4.2643904686, -5.58515977859, -6.27576112747, -5.99984407425, -7.93775844574],
        "mean": [-6.67236423492, -5.68227481842, -6.7604932785, -7.48048496246, -7.36626052856, -9.99513339996],
        "min": [-8.10567760468, -7.14318132401, -8.1145401001, -8.57833957672, -8.38994216919, -11.1562356949],
        "stdev": [0.43116119504, 0.378089994192, 0.410448431969, 0.365077704191, 0.346685141325, 0.497196555138]
    }
},
"rhythm": {
    "beats_count": 57,
    "beats_loudness": {
        "max": 0.0633486509323,
        "mean": 0.0364674553275,
        "min": 0.0181431155652,
        "stdev": 0.00895960722119
    },
    "bpm": 106.274375916,
    "bpm_histogram_first_peak_bpm": 108,
    "bpm_histogram_first_peak_weight": 0.489361703396,
    "bpm_histogram_second_peak_bpm": 103,
    "bpm_histogram_second_peak_spread": 0,
    "bpm_histogram_second_peak_weight": 0.160714283586,
    "danceability": 1.39603972435,
    "onset_rate": 2.64550757408,
    "beats_loudness_band_ratio": {
        "max": [0.355620115995, 0.837940514088, 0.784769415855, 0.503998219967, 0.128298923373, 0.0623973421752],
        "mean": [0.0882397219539, 0.243692010641, 0.507262051105, 0.181094765663, 0.0415473766625, 0.0312701053917],
        "min": [0.00626043463126, 0.0519385784864, 0.254687100649, 0.0152909224853, 0.00507242698222, 0.011050847359],
        "stdev": [0.0842256397009, 0.167545109987, 0.14439637959, 0.115176029503, 0.0235002711415, 0.0125612141564]
    },
    "beats_position": [0.53405892849, 1.06811785698, 1.6137868166, 2.17106580734, 2.72834467888, 3.29723358154, 3.85451245308, 4.42340135574, 4.99229001999, 5.5727891922, 6.13006782532, 6.68734693527, 7.26784563065, 7.83673477173, 8.40562343597, 8.98612213135, 9.54340076447, 10.1006803513, 10.6695690155, 11.2384576797, 11.8189563751, 12.3994560242, 12.9567346573, 13.5140132904, 14.0829019547, 14.6517915726, 15.2206802368, 15.7895689011, 16.3584575653, 16.9273471832, 17.4846248627, 18.0535144806, 18.6107940674, 19.1680717468, 19.7369613647, 20.2942390442, 20.851518631, 21.43201828, 21.9892959595, 22.5581855774, 23.1386852264, 23.707572937, 24.2764625549, 24.8453502655, 25.4026298523, 25.9599094391, 26.5171871185, 27.0976867676, 27.6549663544, 28.2354640961, 28.7927436829, 29.3500213623, 29.9073009491, 30.476190567, 31.0450782776, 31.6023578644, 32.1596374512],
