{
"metadata": {
    "version": {
        "essentia": "2.1-beta5",
        "essentia_git_sha": "Undefined",
        "extractor": "music 2.0"
    },
    "audio_properties": {
        "analysis": {
            "equal_loudness": 0,
            "length": 39.3810424805,
            "sample_rate": 44100,
            "start_time": 178.735595703,
            "downmix": "mix"
        },
        "bit_rate": 192000,
        "length": 218.139877319,
        "lossless": 0,
        "number_channels": 2,
        "replay_gain": -7.22385406494,
        "sample_rate": 48000,
        "codec": "mp3",
        "md5_encoded": "97c2beeab4d75149bd9f979ba24555bd"
    },
    "tags": {
        "file_name": "Malta_Keep Me In Mind_Mike Spiteri.mp3",
        "encoding": ["Lavf58.29.100"]
    }
},
"lowlevel": {
    "average_loudness": 0.850903570652,
    "barkbands_crest": {
        "max": 23.7117557526,
        "mean": 7.29987430573,
        "min": 2.95174884796,
        "stdev": 2.59847664833
    },
    "barkbands_flatness_db": {
        "max": 0.265616625547,
        "mean": 0.114424459636,
        "min": 0.0543527714908,
        "stdev": 0.0334487743676
    },
    "barkbands_kurtosis": {
        "max": 61.4381332397,
        "mean": 2.28423094749,
        "min": -1.84846746922,
        "stdev": 3.00385332108
    },
    "barkbands_skewness": {
        "max": 6.49984073639,
        "mean": 0.21905875206,
        "min": -2.22110056877,
        "stdev": 1.43160045147
    },
    "barkbands_spread": {
        "max": 83.7598648071,
        "mean": 20.6149082184,
        "min": 1.76651299,
        "stdev": 8.80637073517
    },
    "dissonance": {
        "max": 0.499998956919,
        "mean": 0.468836009502,
        "min": 0.349371224642,
        "stdev": 0.0273027885705
    },
    "dynamic_complexity": 2.90810441971,
    "erbbands_crest": {
        "max": 22.0997619629,
        "mean": 7.51294326782,
        "min": 2.51593923569,
        "stdev": 3.82743620872
    },
    "erbbands_flatness_db": {
        "max": 0.316521137953,
        "mean": 0.15273244679,
        "min": 0.0795424282551,
        "stdev": 0.0453105531633
    },
    "erbbands_kurtosis": {
        "max": 9.11784076691,
        "mean": 0.757925629616,
        "min": -1.64493811131,
        "stdev": 1.26449453831
    },
    "erbbands_skewness": {
        "max": 2.61916637421,
        "mean": 0.243484467268,
        "min": -1.75665271282,
        "stdev": 0.703959047794
    },
    "erbbands_spread": {
        "max": 115.576339722,
        "mean": 30.4058055878,
        "min": 8.14339160919,
        "stdev": 13.2692222595
    },
    "hfc": {
        "max": 107.360954285,
        "mean": 21.2535305023,
        "min": 1.07001582646e-16,
        "stdev": 19.6109275818
    },
    "loudness_ebu128": {
        "integrated": -14.6988296509,
        "loudness_range": 4.60354232788,
        "momentary": {
            "max": -13.125916481,
            "mean": -93.1895370483,
            "min": -300.691009521,
            "stdev": 126.540145874
        },
        "short_term": {
            "max": -13.9425992966,
            "mean": -78.9061889648,
            "min": -300.691009521,
            "stdev": 117.619140625
        }
    },
    "melbands_crest": {
        "max": 28.2548542023,
        "mean": 7.50687789917,
        "min": 1.57116687298,
        "stdev": 4.43303728104
    },
    "melbands_flatness_db": {
        "max": 0.336972773075,
        "mean": 0.125059634447,
        "min": 0.00286921625957,
        "stdev": 0.0790323466063
    },
    "melbands_kurtosis": {
        "max": 67.4844589233,
        "mean": 3.36689949036,
        "min": -1.41477668285,
        "stdev": 6.25145673752
    },
    "melbands_skewness": {
        "max": 6.43646764755,
        "mean": 1.12016665936,
        "min": -0.420865148306,
        "stdev": 1.07514357567
    },
    "melbands_spread": {
        "max": 162.661987305,
        "mean": 53.3513870239,
        "min": 1.9479765892,
        "stdev": 49.7416992188
    },
    "pitch_salience": {
        "max": 0.869982659817,
        "mean": 0.669011294842,
        "min": 0.280089378357,
        "stdev": 0.106395870447
    },
    "silence_rate_20dB": {
        "max": 1,
        "mean": 1,
        "min": 1,
        "stdev": 0
    },
    "silence_rate_30dB": {
        "max": 1,
        "mean": 1,
        "min": 1,
        "stdev": 0
    },
    "silence_rate_60dB": {
        "max": 1,
        "mean": 0.311726570129,
        "min": 0,
        "stdev": 0.463200390339
    },
    "spectral_centroid": {
        "max": 11833.0390625,
        "mean": 3922.64916992,
        "min": 287.634368896,
        "stdev": 4408.30664062
    },
    "spectral_complexity": {
        "max": 45,
        "mean": 16.5863285065,
        "min": 0,
        "stdev": 12.0559806824
    },
    "spectral_decrease": {
        "max": 2.12622473267e-28,
        "mean": -6.67275745769e-09,
        "min": -2.61281307701e-08,
        "stdev": 5.54363488448e-09
    },
    "spectral_energy": {
        "max": 0.102307669818,
        "mean": 0.0271122772247,
        "min": 9.85006592649e-21,
        "stdev": 0.0224444363266
    },
    "spectral_energyband_high": {
        "max": 0.0138611085713,
        "mean": 0.000577586237341,
        "min": 6.98331560953e-21,
        "stdev": 0.00128218613099
    },
    "spectral_energyband_low": {
        "max": 0.0511813759804,
        "mean": 0.00482008839026,
        "min": 8.71487616383e-24,
        "stdev": 0.00520377000794
    },
    "spectral_energyband_middle_high": {
        "max": 0.0632869154215,
        "mean": 0.00816982891411,
        "min": 1.08967272824e-21,
        "stdev": 0.00931591168046
    },
    "spectral_energyband_middle_low": {
        "max": 0.0822639092803,
        "mean": 0.0142385577783,
        "min": 1.55308057255e-22,
        "stdev": 0.0136535894126
    },
    "spectral_entropy": {
        "max": 9.83588504791,
        "mean": 8.22435474396,
        "min": 6.37290430069,
        "stdev": 1.00147783756
    },
    "spectral_flux": {
        "max": 0.240204125643,
        "mean": 0.070421949029,
        "min": 6.23500626129e-11,
        "stdev": 0.0543178804219
    },
    "spectral_kurtosis": {
        "max": 12.4248628616,
        "mean": 2.70997738838,
        "min": -1.27725660801,
        "stdev": 2.89779257774
    },
    "spectral_rms": {
        "max": 0.00999061390758,
        "mean": 0.00419034808874,
        "min": 3.09997101773e-12,
        "stdev": 0.00298194866627
    },
    "spectral_rolloff": {
        "max": 19832.0800781,
        "mean": 6207.13378906,
        "min": 107.666015625,
        "stdev": 7842.21435547
    },
    "spectral_skewness": {
        "max": 2.77575182915,
        "mean": 1.15694391727,
        "min": -0.0792871415615,
        "stdev": 0.764885008335
    },
    "spectral_spread": {
        "max": 43184476,
        "mean": 14305465,
        "min": 2417371.5,
        "stdev": 16297180
    },
    "spectral_strongpeak": {
        "max": 9.78035831451,
        "mean": 1.09516191483,
        "min": 0,
        "stdev": 1.48699939251
    },
    "zerocrossingrate": {
        "max": 0.73388671875,
        "mean": 0.180800452828,
        "min": 0.013671875,
        "stdev": 0.201174423099
    },
    "barkbands": {
        "max": [0.00227563804947, 0.0217890627682, 0.0242188517004, 0.0193320438266, 0.0464038439095, 0.04923838377, 0.0304418615997, 0.0333770997822, 0.04632589221, 0.0307561326772, 0.0352588146925, 0.0243701655418, 0.0342072956264, 0.0197953507304, 0.00803519692272, 0.0127362916246, 0.00467766914517, 0.00294112344272, 0.00430102646351, 0.00213617435656, 0.00357055850327, 0.00559845939279, 0.00535012036562, 0.00422958936542, 0.0009051663219, 0.000254289596342, 3.46631054526e-06],
        "mean": [0.000105371240352, 0.00266385707073, 0.00158834527247, 0.00119982194155, 0.00382597115822, 0.00342258601449, 0.00124538037926, 0.0019370141672, 0.00220172619447, 0.00141527503729, 0.00165696034674, 0.00150901975576, 0.00148505426478, 0.00067787693115, 0.000466636673082, 0.000352137052687, 0.000237858868786, 0.0002098052355, 0.000253019068623, 0.000156422800501, 0.000110945016786, 0.000135416121338, 0.000132189801661, 8.434351912e-05, 3.0525989132e-05, 8.70247822604e-06, 2.27374634676e-08],
        "min": [1.65331477646e-25, 6.76916908212e-25, 5.15338818427e-25, 3.63561117446e-25, 3.39968324018e-24, 5.44590204805e-24, 1.5364385499e-24, 3.94784138397e-24, 1.10766988928e-23, 1.33277639729e-23, 8.33926398812e-24, 1.74398576359e-23, 2.22470687072e-23, 1.78956094021e-23, 3.45226547379e-23, 4.57902295708e-23, 4.86245594716e-23, 7.38186815698e-23, 8.81370308032e-23, 1.45388087196e-22, 2.20267509004e-22, 2.64969946718e-22, 3.13820177207e-22, 5.006868611e-22, 8.11310447701e-22, 1.19978761318e-21, 1.88842991245e-21],
        "stdev": [0.000237878150074, 0.00306742498651, 0.00226979749277, 0.00187295908108, 0.00502193532884, 0.00550138903782, 0.00214793346822, 0.00342723913491, 0.00408913940191, 0.00252235447988, 0.00269998051226, 0.00266141025349, 0.00310029787943, 0.00163492234424, 0.000727747159544, 0.000667227781378, 0.000368861830793, 0.000284275127342, 0.000366633496014, 0.000197104614927, 0.000168700149516, 0.000330535462126, 0.0004755523114, 0.000319455110002, 7.56355293561e-05, 1.8203369109e-05, 1.26861294802e-07]
    },
    "erbbands": {
        "max": [0.821375072002, 6.29318904877, 27.8081626892, 45.4537887573, 79.0433425903, 213.784347534, 501.436553955, 508.836578369, 306.782012939, 468.856750488, 750.045471191, 919.853515625, 1048.63549805, 1089.40454102, 1815.57775879, 1055.88354492, 1077.61022949, 1431.73608398, 478.846862793, 311.199249268, 804.006958008, 303.223632812, 176.420776367, 235.033874512, 193.714828491, 89.6153106689, 184.864730835, 66.4276046753, 130.946838379, 289.899871826, 165.190246582, 130.701782227, 80.5132522583, 18.3824958801, 5.469643116, 2.35201692581, 0.305844008923, 0.0209499932826, 0.000605207460467, 0.000118168478366],
        "mean": [0.0744075551629, 0.609036147594, 1.67300653458, 3.0192117691, 6.70833539963, 14.6452884674, 18.4520797729, 35.3421211243, 20.7939567566, 27.6364994049, 37.6066970825, 50.0540046692, 48.5219650269, 54.4332771301, 82.350769043, 53.3163146973, 60.5568389893, 53.7964706421, 28.0318527222, 18.6974639893, 18.0558681488, 12.6627902985, 13.4762411118, 11.4442777634, 12.2371015549, 6.8070306778, 5.19596862793, 4.23430490494, 4.63996458054, 4.88695859909, 3.54508852959, 2.21212720871, 1.17055404186, 0.44349271059, 0.173052161932, 0.0613509193063, 0.012276308611, 0.000529557932168, 3.07804330077e-05, 3.38192330673e-05],
        "min": [4.13679352895e-23, 2.22857345667e-22, 8.31654728685e-22, 1.96879648663e-21, 1.1606741477e-20, 1.3003945659e-20, 2.73987777466e-20, 4.32323200653e-20, 4.53626655718e-20, 1.35092565627e-19, 1.19742872268e-19, 2.76898012118e-19, 3.87219426457e-19, 4.97816938174e-19, 7.69406441163e-19, 7.82334498656e-19, 1.44199490714e-18, 1.48515067746e-18, 1.82453047508e-18, 2.55118941126e-18, 2.61924135346e-18, 3.83422284874e-18, 4.69968455286e-18, 4.83720911996e-18, 6.45976773206e-18, 6.92959763459e-18, 7.05200671677e-18, 8.76490255074e-18, 9.21565477322e-18, 9.07923283787e-18, 1.09868693219e-17, 1.00518822601e-17, 8.90121777979e-18, 7.66028225202e-18, 5.88347430802e-18, 3.97964161402e-18, 2.29138045946e-18, 9.1973902117e-19, 2.20630395118e-19, 2.7082495869e-20],
        "stdev": [0.092372700572, 0.714567244053, 2.33378219604, 4.20771551132, 9.13615512848, 21.4029102325, 31.066493988, 58.3637657166, 33.2602920532, 43.2864952087, 75.797203064, 87.7429504395, 84.0672531128, 95.404876709, 135.455551147, 93.231803894, 111.939804077, 115.311851501, 43.9242706299, 27.8176822662, 35.0700111389, 19.2445087433, 18.2823028564, 16.4117145538, 17.3928394318, 8.30557537079, 8.15269565582, 6.06081104279, 9.60088729858, 17.4655513763, 12.8138008118, 8.26517486572, 4.69762992859, 1.26038134098, 0.404415488243, 0.133853167295, 0.0261183045805, 0.0012909444049, 4.25055477535e-05, 2.80138847302e-05]
    },
    "gfcc": {
        "mean": [-332.434234619, 75.5327835083, -100.043441772, 19.1910800934, -51.8947296143, 16.6408500671, -26.6151199341, 5.1042342186, -18.317773819, 0.978496849537, -7.35786628723, 1.01069676876, -4.71595430374],
        "cov": [[340569.125, 28148.6933594, -35289.375, 7319.5, -18702.8613281, 5943.10498047, -9594.07714844, 1790.93017578, -6694.70361328, 363.036224365, -2607.51733398, 401.730102539, -1833.02087402], [28148.6933594, 2916.10766602, -2599.85522461, 752.447143555, -1402.64746094, 419.952697754, -713.307434082, 110.264122009, -532.30480957, 9.16062736511, -138.986923218, 29.9003677368, -144.524765015], [-35289.375, -2599.85522461, 4554.38427734, -443.894165039, 2012.23352051, -678.323852539, 1014.95855713, -218.938919067, 686.762207031, -7.95188188553, 294.770019531, 0.895101010799, 122.672370911], [7319.5, 752.447143555, -443.894165039, 352.499603271, -352.390594482, 114.155937195, -198.103942871, 22.4701747894, -137.884613037, 8.12972354889, -40.499710083, 11.5606956482, -56.6749954224], [-18702.8613281, -1402.64746094, 2012.23352051, -352.390594482, 1170.60095215, -306.776763916, 561.101074219, -110.289054871, 347.87310791, -17.1528320312, 167.108642578, -20.5241851807, 85.1636123657], [5943.10498047, 419.952697754, -678.323852539, 114.155937195, -306.776763916, 205.418319702, -122.259063721, 31.7912940979, -145.489273071, -4.15189599991, -37.0677833557, 5.65388870239, -42.177192688], [-9594.07714844, -713.307434082, 1014.95855713, -198.103942871, 561.101074219, -122.259063721, 369.834533691, -33.3870925903, 170.704071045, -27.7829933167, 97.5047225952, -8.34705066681, 41.1575431824], [1790.93017578, 110.264122009, -218.938919067, 22.4701747894, -110.289054871, 31.7912940979, -33.3870925903, 63.3976745605, -15.5291929245, -0.124417051673, -23.732334137, 5.47458648682, -8.54740428925], [-6694.70361328, -532.30480957, 686.762207031, -137.884613037, 347.87310791, -145.489273071, 170.704071045, -15.5291929245, 193.180099487, 3.6669459343, 45.3229103088, -9.74974632263, 48.6947212219], [363.036224365, 9.16062736511, -7.95188188553, 8.12972354889, -17.1528320312, -4.15189599991, -27.7829933167, -0.124417051673, 3.6669459343, 47.290687561, 1.67498207092, 7.91697883606, -6.7170343399], [-2607.51733398, -138.986923218, 294.770019531, -40.499710083, 167.108642578, -37.0677833557, 97.5047225952, -23.732334137, 45.3229103088, 1.67498207092, 72.726852417, 12.7132415771, 17.1861305237], [401.730102539, 29.9003677368, 0.895101010799, 11.5606956482, -20.5241851807, 5.65388870239, -8.34705066681, 5.47458648682, -9.74974632263, 7.91697883606, 12.7132415771, 47.5154342651, 10.2802190781], [-1833.02087402, -144.524765015, 122.672370911, -56.6749954224, 85.1636123657, -42.177192688, 41.1575431824, -8.54740428925, 48.6947212219, -6.7170343399, 17.1861305237, 10.2802190781, 59.4763679504]],
        "icov": [[0.000574123347178, -0.00187026360072, 0.00105900247581, -0.00129132997245, 0.00201680650935, -0.00182929309085, 0.00206228415482, -0.00178869441152, 0.00218824809417, -0.00154099590145, 0.00166708184406, -0.00184168515261, 0.0017364739906], [-0.00187026360072, 0.0080671319738, -0.00235310080461, 0.000866021320689, -0.00620316341519, 0.00789964012802, -0.00768619123846, 0.00623406050727, -0.00604052422568, 0.00523170037195, -0.00717370258644, 0.00578267360106, -0.00505019631237], [0.00105900247581, -0.00235310080461, 0.00465025799349, -0.00609921803698, 0.00239896867424, 0.000420788768679, 0.000145352925756, -0.000173419495695, 0.00258010718971, -0.00333221605979, 0.00388558232225, -0.00623756088316, 0.00572100142017], [-0.00129132997245, 0.000866021320689, -0.00609921803698, 0.0150458822027, -0.00350753730163, -0.00198925263248, 0.00173847237602, 0.000738316506613, -0.00443047191948, 0.00461998442188, -0.00404693325981, 0.00603539543226, -0.00398629484698], [0.00201680650935, -0.00620316341519, 0.00239896867424, -0.00350753730163, 0.0139273079112, -0.00601381063461, 0.0032652374357, -0.00360522791743, 0.00666601397097, -0.00598802696913, 0.00363697181456, -0.004391501192, 0.00538246659562], [-0.00182929309085, 0.00789964012802, 0.000420788768679, -0.00198925263248, -0.00601381063461, 0.023408761248, -0.0145567655563, 0.00758750457317, -0.000952973146923, 0.00382787105627, -0.00526339933276, 0.00302587193437, -0.00135992525611], [0.00206228415482, -0.00768619123846, 0.000145352925756, 0.00173847237602, 0.0032652374357, -0.0145567655563, 0.0272898972034, -0.0159208606929, 0.00809420086443, 0.00180944427848, -0.00293225352652, -0.00216289795935, 0.00486563518643], [-0.00178869441152, 0.00623406050727, -0.000173419495695, 0.000738316506613, -0.00360522791743, 0.00758750457317, -0.0159208606929, 0.0339988209307, -0.0159040093422, 0.00417174352333, 0.00374850723892, -0.00321903941222, 0.000494851847179], [0.00218824809417, -0.00604052422568, 0.00258010718971, -0.00443047191948, 0.00666601397097, -0.000952973146923, 0.00809420086443, -0.0159040093422, 0.0308024715632, -0.0102616269141, 0.0037210045848, 0.000122337223729, -0.00236277701333], [-0.00154099590145, 0.00523170037195, -0.00333221605979, 0.00461998442188, -0.00598802696913, 0.00382787105627, 0.00180944427848, 0.00417174352333, -0.0102616269141, 0.0311612281948, -0.00930151809007, 0.000296108686598, 0.00168887712061], [0.00166708184406, -0.00717370258644, 0.00388558232225, -0.00404693325981, 0.00363697181456, -0.00526339933276, -0.00293225352652, 0.00374850723892, 0.0037210045848, -0.00930151809007, 0.0355814620852, -0.0154916588217, 0.00400283513591], [-0.00184168515261, 0.00578267360106, -0.00623756088316, 0.00603539543226, -0.004391501192, 0.00302587193437, -0.00216289795935, -0.00321903941222, 0.000122337223729, 0.000296108686598, -0.0154916588217, 0.0370779782534, -0.0166225284338], [0.0017364739906, -0.00505019631237, 0.00572100142017, -0.00398629484698, 0.00538246659562, -0.00135992525611, 0.00486563518643, 0.000494851847179, -0.00236277701333, 0.00168887712061, 0.00400283513591, -0.0166225284338, 0.0343345701694]]
    },
    "melbands": {
        "max": [0.00672904402018, 0.0123694380745, 0.00746150640771, 0.0118088554591, 0.0134500339627, 0.00977315381169, 0.00534021388739, 0.00608330452815, 0.0062787393108, 0.00674030557275, 0.00538195669651, 0.00417087972164, 0.00478322478011, 0.0027873297222, 0.00268944352865, 0.00409123580903, 0.00285106827505, 0.000808778975625, 0.000414623180404, 0.00043697655201, 0.00100933853537, 0.000372800161131, 0.000211598555325, 0.000131977998535, 0.00022100811475, 0.000139785435749, 0.000144882782479, 3.97302901547e-05, 0.000136107555591, 5.13457380293e-05, 3.47216846421e-05, 7.35050562071e-05, 0.000126415732666, 0.000155176749104, 9.79078322416e-05, 8.7593907665e-05, 7.58764581406e-05, 6.15974422544e-05, 3.57842982339e-05, 9.74582235358e-06],
        "mean": [0.0007117568166, 0.000851227319799, 0.000642841972876, 0.000739883864298, 0.000705268001184, 0.00073104549665, 0.000304922752548, 0.000335955002811, 0.000282983120997, 0.000343150692061, 0.000240357825533, 0.000211411024793, 0.000240083492827, 0.000194518172066, 0.000110502973257, 0.000157031332492, 9.2082816991e-05, 4.31143635069e-05, 3.16388141073e-05, 2.73235855275e-05, 1.84299115062e-05, 1.32331842906e-05, 1.2839840565e-05, 9.87209386949e-06, 9.1281508503e-06, 9.54471033765e-06, 6.77358093526e-06, 4.07995685237e-06, 3.59748378287e-06, 2.51835990639e-06, 2.43319141191e-06, 2.61241552835e-06, 2.64600407718e-06, 2.70789496426e-06, 2.06502181754e-06, 1.71581041286e-06, 1.21068705994e-06, 8.77219633821e-07, 5.57416512947e-07, 3.11335810466e-07],
        "min": [5.74628765899e-25, 8.91281477559e-25, 1.10129715534e-24, 1.14255763752e-24, 1.0266034661e-24, 8.3020441501e-25, 5.81625025356e-25, 1.17997350747e-24, 1.01930107931e-24, 1.73283868568e-24, 1.71311716305e-24, 1.8364169114e-24, 1.58221910646e-24, 2.06038300264e-24, 1.36499609963e-24, 1.98625808211e-24, 2.4152370925e-24, 2.6980784369e-24, 3.54245838656e-24, 2.46764625003e-24, 2.66790845158e-24, 3.35675776845e-24, 3.43033009192e-24, 2.46460972719e-24, 3.13728049297e-24, 3.71081116449e-24, 3.79416772976e-24, 3.93915444769e-24, 4.11785076981e-24, 4.11407843696e-24, 4.13874296202e-24, 4.06789773071e-24, 2.90205893433e-24, 4.03991565111e-24, 5.27499257192e-24, 4.57393937963e-24, 5.34696784649e-24, 5.92887503753e-24, 5.48818578143e-24, 5.14082942005e-24],
        "stdev": [0.000808436481748, 0.00104529946111, 0.000846502953209, 0.00100037094671, 0.00105107785203, 0.00117702328134, 0.000494915700983, 0.000543412927072, 0.000613217940554, 0.000636999553535, 0.000430184154538, 0.000388873304473, 0.000374239927623, 0.000322463718476, 0.000249982753303, 0.000347245542798, 0.000220012429054, 7.35194262234e-05, 5.01912727486e-05, 4.6704797569e-05, 3.90004461224e-05, 2.26597057917e-05, 1.69724953594e-05, 1.37578372232e-05, 1.45222584251e-05, 1.49791112563e-05, 9.68162021309e-06, 5.2193618103e-06, 6.06342655374e-06, 3.79915741178e-06, 3.59831642527e-06, 4.99059524373e-06, 7.70730548538e-06, 1.03631437014e-05, 7.36024594516e-06, 6.57700593365e-06, 4.65925995741e-06, 3.67923098565e-06, 2.01949183065e-06, 7.69539212797e-07]
    },
    "melbands128": {
        "max": [0.00213805004023, 0.00727368751541, 0.0105473781005, 0.0126525890082, 0.0157875213772, 0.0111882090569, 0.00998286064714, 0.0106312595308, 0.0105471126735, 0.0174730699509, 0.0143635235727, 0.0164312999696, 0.0226721167564, 0.0172884631902, 0.0157852247357, 0.0123092448339, 0.00722619751468, 0.00786378420889, 0.0094154374674, 0.007279147394, 0.0136086484417, 0.00631819199771, 0.0122968498617, 0.0116070592776, 0.00907734967768, 0.014945609495, 0.0130845000967, 0.0102640595287, 0.00701153464615, 0.00799735076725, 0.00898606795818, 0.00390801532194, 0.00357318436727, 0.0135969445109, 0.00523002492264, 0.0049873306416, 0.00337946624495, 0.00560175394639, 0.00364875444211, 0.00306856958196, 0.00919112935662, 0.00587065657601, 0.00329373334534, 0.00527955731377, 0.00098471774254, 0.000925338536035, 0.00203435239382, 0.000763702963013, 0.000805270217825, 0.00076007359894, 0.000649579509627, 0.00111949536949, 0.00235909852199, 0.000417854491388, 0.000619318860117, 0.000734446395654, 0.000257710344158, 0.00046961355838, 0.00017509511963, 0.00040465965867, 0.000152808730491, 0.000120820310258, 0.000200202717679, 0.000294728873996, 0.000430274114478, 0.000272666744422, 0.000414274225477, 0.000208556622965, 0.000147484417539, 7.21808319213e-05, 5.25784344063e-05, 7.38565722713e-05, 0.000128306885017, 0.000253206962952, 0.00012806362065, 5.33192178409e-05, 4.05647188018e-05, 5.78248254897e-05, 3.81829995604e-05, 6.94192276569e-05, 5.85514899285e-05, 9.2263930128e-05, 0.000100122895674, 0.000119810385513, 0.000308403890813, 0.000210131940548, 0.000175408087671, 0.000115360933705, 0.000110045941256, 0.000142543649417, 0.000123850055388, 9.00684462977e-05, 9.92995555862e-05, 0.000100190249213, 6.4162632043e-05, 6.43527746433e-05, 6.67539934511e-05, 8.68674760568e-05, 3.47519417119e-05, 3.36054254149e-05, 1.93937921722e-05, 1.10132777991e-05, 1.09523516585e-05, 9.88490683085e-06, 5.953690561e-06, 5.52485926164e-06, 6.74077182339e-06, 3.88910848415e-06, 6.83688449499e-06, 3.89358592656e-06, 2.03474337468e-06, 1.69496877334e-06, 1.65680125974e-06, 8.85335623479e-07, 2.82484251102e-07, 2.02802326044e-07, 1.06311517811e-07, 8.5090920976e-09, 8.29559088089e-09, 8.10459077627e-09, 7.92776866376e-09, 7.77636355309e-09, 7.63979812746e-09, 7.52226725353e-09, 7.40356265183e-09, 7.31316474045e-09, 7.25922078004e-09, 7.22005433218e-09],
        "mean": [9.51714173425e-05, 0.000536941632163, 0.00100768811535, 0.000986742903478, 0.000852658995427, 0.000784358882811, 0.000551085278857, 0.000673445290886, 0.000662627862766, 0.000640032405499, 0.000881404732354, 0.00087968702428, 0.000548003125004, 0.000584333203733, 0.00103272823617, 0.000655565236229, 0.000313851633109, 0.000279256841168, 0.000236630250583, 0.00026924550184, 0.000455079396488, 0.000338215206284, 0.000310957286274, 0.000135605601827, 0.00023294769926, 0.000565147085581, 0.000301667576423, 0.000200860551558, 0.000156429305207, 0.000219473135076, 0.000254407757893, 0.000153334403876, 0.00015425721358, 0.000428782455856, 0.000240163499257, 0.000104742823169, 0.000137545241159, 0.000111527457193, 9.38390148804e-05, 0.000114629459858, 0.000234027960687, 0.000124620593851, 7.16762951924e-05, 0.000106806430267, 2.44546990871e-05, 3.43308092852e-05, 5.83625696891e-05, 3.1802632293e-05, 2.1647038011e-05, 1.61674288393e-05, 2.98088580166e-05, 4.12086774304e-05, 1.4627587916e-05, 1.16817482194e-05, 1.73077696672e-05, 1.26695158542e-05, 1.00107663457e-05, 1.40423717312e-05, 1.05369581433e-05, 1.78740610863e-05, 8.2427613961e-06, 5.48870866623e-06, 1.06966881503e-05, 9.74945123744e-06, 7.56825420467e-06, 9.63977072388e-06, 1.17294948723e-05, 7.47642661736e-06, 6.31471675661e-06, 4.00243334298e-06, 3.39453640663e-06, 4.87336410515e-06, 4.35855190517e-06, 3.34350397679e-06, 2.51013443631e-06, 2.86054773824e-06, 2.2861411253e-06, 2.19413254854e-06, 2.61600916929e-06, 2.47383650276e-06, 2.50810694524e-06, 2.85004375655e-06, 2.39660062107e-06, 2.44567922891e-06, 3.0854760098e-06, 2.87141028821e-06, 2.67700306722e-06, 2.21198479267e-06, 1.88317596894e-06, 2.17619867726e-06, 1.792088824e-06, 1.67483528912e-06, 1.37219922181e-06, 1.3092694644e-06, 1.00773604572e-06, 9.28922588628e-07, 8.99711210423e-07, 7.24019685094e-07, 6.12790302057e-07, 4.42093153197e-07, 3.40019141731e-07, 2.99362142187e-07, 2.60778989514e-07, 2.23135586452e-07, 1.86418063208e-07, 1.66933617152e-07, 1.45041227029e-07, 1.24599196738e-07, 9.90609905216e-08, 8.92652636253e-08, 6.67875639238e-08, 5.71208111921e-08, 3.65217012188e-08, 1.15774199116e-08, 3.37070393819e-09, 3.12542591807e-09, 8.45597203369e-10, 9.60447346654e-12, 8.95635215298e-12, 8.73341590019e-12, 8.52645645061e-12, 8.35578047725e-12, 8.20087227293e-12, 8.06373544326e-12, 7.9093927588e-12, 7.75605534659e-12, 7.66306722938e-12, 7.61669373406e-12],
        "min": [6.41410668677e-27, 2.9401006175e-25, 1.37829136411e-25, 1.31138187694e-26, 2.24708360055e-25, 2.33453721354e-25, 1.88601161043e-25, 2.11702632178e-25, 3.69318027117e-25, 1.12966656565e-25, 2.59017104114e-25, 2.81591634653e-26, 2.15457240308e-25, 6.31673960361e-25, 3.58343566767e-25, 3.38765419606e-25, 5.66495905789e-25, 1.87728459015e-25, 2.33364333553e-25, 1.96199025548e-25, 1.20734298727e-25, 2.00207560608e-25, 1.18457436614e-25, 3.52114770363e-25, 5.99231661203e-25, 3.08240323619e-25, 4.16469845796e-25, 5.81496391724e-25, 8.769425501e-25, 7.43799789808e-25, 8.13715693673e-25, 4.01900053263e-25, 3.65478789003e-25, 1.33447309905e-24, 8.00447003944e-25, 7.13633354362e-25, 5.58635350603e-25, 8.09807528837e-25, 7.75394704442e-25, 4.43047752984e-25, 3.66675466344e-25, 5.61346271103e-25, 6.2692694056e-25, 5.95801891203e-25, 7.65901996043e-25, 1.0412252988e-24, 8.47227737522e-25, 9.0973963945e-25, 1.33066211202e-24, 6.5010204693e-25, 1.17937111356e-24, 6.50329534693e-25, 9.98122629195e-25, 1.56458747359e-24, 1.54750912803e-24, 1.12057523954e-24, 1.41713872078e-24, 1.19379415332e-24, 1.80005318468e-24, 1.69846209958e-24, 1.50193840847e-24, 1.73897227643e-24, 1.69111524076e-24, 1.2650236585e-24, 2.1838848966e-24, 1.67825128597e-24, 1.50755499951e-24, 2.21556732549e-24, 2.056683245e-24, 2.88996490779e-24, 1.72957832356e-24, 2.17274677226e-24, 2.37967524289e-24, 2.48914625957e-24, 2.12271898859e-24, 2.07563878369e-24, 2.48759338688e-24, 2.04160692981e-24, 2.43913622527e-24, 2.16442212034e-24, 2.66201487176e-24, 2.93558867824e-24, 2.96548473162e-24, 2.35942794447e-24, 1.73346188579e-24, 2.27584832877e-24, 2.51411982089e-24, 2.9200518655e-24, 3.78039066848e-24, 3.79101544159e-24, 3.57040260083e-24, 3.10046455174e-24, 3.9596632535e-24, 2.49244369815e-24, 3.25141722747e-24, 3.46599054914e-24, 2.89202403197e-24, 3.38538000868e-24, 3.42129290139e-24, 3.31533823219e-24, 2.85916087552e-24, 3.46477412562e-24, 3.9393256305e-24, 3.43281855364e-24, 3.13476284339e-24, 3.35062003618e-24, 3.25937584793e-24, 2.8467355274e-24, 4.24159109697e-24, 4.05672233269e-24, 3.95117116585e-24, 4.14433914129e-24, 5.22220042243e-24, 4.64544212651e-24, 4.54182406332e-24, 3.46980074731e-24, 4.68234503966e-24, 4.03932952746e-24, 4.33479816837e-24, 4.59717409431e-24, 4.13155446703e-24, 5.21075562841e-24, 5.46080718043e-24, 4.09927270106e-24, 4.88331011628e-24, 5.06780574935e-24, 4.74024111922e-24, 4.31386061665e-24],
        "stdev": [0.000215838081203, 0.000783271563705, 0.00115527480375, 0.00135109468829, 0.00128248077817, 0.00111054594163, 0.000854165176861, 0.00109664024785, 0.00102707184851, 0.00114231382031, 0.00144846562762, 0.00152397179045, 0.00124705571216, 0.00137621862814, 0.00194972858299, 0.00116053281818, 0.000691798806656, 0.000655992538668, 0.000520504079759, 0.000533004582394, 0.000929690606426, 0.000745657540392, 0.000962432939559, 0.000500966736581, 0.000500280060805, 0.00126764143351, 0.000791215512436, 0.000565318332519, 0.000432975590229, 0.000503668677993, 0.000606209563557, 0.000343331892509, 0.000313361582812, 0.000893562275451, 0.000533658312634, 0.000282234774204, 0.00035836911411, 0.000422443146817, 0.000245121802436, 0.000273696583463, 0.000629997462966, 0.000376961543225, 0.000216378626646, 0.000349126959918, 5.80549822189e-05, 7.07199724275e-05, 0.000126100116177, 6.26169348834e-05, 4.93501247547e-05, 4.5067503379e-05, 5.55469086976e-05, 8.9503118943e-05, 6.72084497637e-05, 2.54248425335e-05, 3.9353442844e-05, 3.10961731884e-05, 1.94238364202e-05, 2.56789116975e-05, 1.54808894877e-05, 3.41223640135e-05, 1.33291823659e-05, 9.39959136304e-06, 1.79648650374e-05, 1.89490037883e-05, 1.97999488591e-05, 1.97066729015e-05, 2.45004503086e-05, 1.15562997962e-05, 1.12492989501e-05, 6.72958003634e-06, 5.2225645959e-06, 7.42362135497e-06, 7.78060984885e-06, 8.53874280438e-06, 5.59239651921e-06, 4.65198081656e-06, 3.79901234737e-06, 3.64494326277e-06, 4.08560572396e-06, 4.50208017355e-06, 4.67747713628e-06, 6.21051276539e-06, 6.07559832133e-06, 6.76252966514e-06, 1.27956554934e-05, 1.26744207591e-05, 1.05152594188e-05, 7.86626515037e-06, 6.56780184727e-06, 9.47822445596e-06, 7.49714126869e-06, 6.4378755269e-06, 5.29506814928e-06, 5.6113312894e-06, 3.93561367673e-06, 4.01894112656e-06, 4.19974594479e-06, 3.4354491163e-06, 2.2515685032e-06, 1.52527036335e-06, 9.57824568104e-07, 7.27844621906e-07, 6.53652023175e-07, 5.96248639795e-07, 4.49987140883e-07, 4.06861431657e-07, 3.87345551189e-07, 2.94899564324e-07, 2.55248380654e-07, 1.98707553523e-07, 1.36863178568e-07, 1.31593267838e-07, 9.41030506851e-08, 3.85009322201e-08, 1.25555947861e-08, 1.09552518168e-08, 3.79805253914e-09, 2.06532901892e-10, 2.01343358652e-10, 1.9670964857e-10, 1.92415403055e-10, 1.88742160789e-10, 1.85424328669e-10, 1.8257259593e-10, 1.79691914126e-10, 1.77498307719e-10, 1.76190451118e-10, 1.75240391642e-10]
    },
    "mfcc": {
        "mean": [-787.463317871, 91.3187255859, -6.21423387527, 5.0202703476, -6.16646528244, 5.47613954544, -0.461815088987, 3.64527440071, -4.52677869797, 0.0798117741942, -1.67519712448, -1.32396411896, -0.358227610588],
        "cov": [[91346.859375, 17369.6835938, -623.175476074, 1290.75231934, -1075.49377441, 1078.44494629, -21.2986755371, 697.063232422, -964.719238281, 48.6591339111, -283.866516113, -239.303421021, -61.5709648132], [17369.6835938, 3751.68603516, -54.3162460327, 393.545623779, -154.704315186, 234.435348511, 35.428314209, 149.705215454, -206.364044189, 6.14716768265, -36.3552017212, -41.5080528259, 0.946730136871], [-623.175476074, -54.3162460327, 630.158508301, 276.003082275, 83.2427062988, 31.4797668457, -6.41594791412, -1.59105145931, -35.4102630615, -0.731888234615, 8.90742301941, 20.8201370239, 11.9158859253], [1290.75231934, 393.545623779, 276.003082275, 266.229705811, 71.2236862183, 37.9242362976, 0.420177847147, 8.40718841553, -36.9438972473, 10.3927373886, 0.834023535252, 0.429686307907, 15.7482423782], [-1075.49377441, -154.704315186, 83.2427062988, 71.2236862183, 112.493812561, 17.4699745178, 0.518349885941, -18.4194030762, -3.13265180588, 8.29162025452, 1.20101690292, -2.25186872482, 8.26748180389], [1078.44494629, 234.435348511, 31.4797668457, 37.9242362976, 17.4699745178, 98.2699279785, 57.5936317444, 19.5931053162, -32.5600013733, -3.02316522598, 4.0528087616, -2.59623169899, -3.7766315937], [-21.2986755371, 35.428314209, -6.41594791412, 0.420177847147, 0.518349885941, 57.5936317444, 130.26550293, 46.9743652344, -22.6005306244, -9.05642700195, 12.7774972916, 9.59812450409, -8.55084609985], [697.063232422, 149.705215454, -1.59105145931, 8.40718841553, -18.4194030762, 19.5931053162, 46.9743652344, 79.4000854492, 4.29818058014, -5.62311983109, 4.1262550354, 5.29638671875, -3.04701972008], [-964.719238281, -206.364044189, -35.4102630615, -36.9438972473, -3.13265180588, -32.5600013733, -22.6005306244, 4.29818058014, 65.2675170898, 12.36906147, -1.89824748039, 0.947783589363, 1.53627789021], [48.6591339111, 6.14716768265, -0.731888234615, 10.3927373886, 8.29162025452, -3.02316522598, -9.05642700195, -5.62311983109, 12.36906147, 38.4386138916, 10.0679445267, -6.45341587067, -0.758288502693], [-283.866516113, -36.3552017212, 8.90742301941, 0.834023535252, 1.20101690292, 4.0528087616, 12.7774972916, 4.1262550354, -1.89824748039, 10.0679445267, 40.6438674927, 12.2691640854, -2.28700852394], [-239.303421021, -41.5080528259, 20.8201370239, 0.429686307907, -2.25186872482, -2.59623169899, 9.59812450409, 5.29638671875, 0.947783589363, -6.45341587067, 12.2691640854, 36.4057235718, 11.2672300339], [-61.5709648132, 0.946730136871, 11.9158859253, 15.7482423782, 8.26748180389, -3.7766315937, -8.55084609985, -3.04701972008, 1.53627789021, -0.758288502693, -2.28700852394, 11.2672300339, 32.3257217407]],
        "icov": [[0.00012852990767, -0.000559703505132, -5.54824473511e-05, 0.000278230087133, 0.00035789332469, -0.000327874964569, 0.000403328274842, -0.000241685062065, 0.000368611974409, -0.000467643752927, 0.00051128101768, -0.000151822518092, 0.00016078063345], [-0.000559703505132, 0.00332668120973, 0.00127559993416, -0.00354711455293, 0.000498672947288, -0.000406364764785, -0.000358000484994, -0.000440793432062, 0.000402709410992, 0.00115265278146, -0.00136128207669, 0.000374048395315, -0.000435696187196], [-5.54824473511e-05, 0.00127559993416, 0.00434700958431, -0.00615983223543, 0.0018744362751, -0.00196313112974, 0.00172826473136, -0.00117231626064, 0.00183675705921, 0.000224451039685, 0.000462545140181, -0.00230678077787, 0.00164812325966], [0.000278230087133, -0.00354711455293, -0.00615983223543, 0.0159003343433, -0.00770037900656, 0.0031124658417, -0.00135934387799, 0.000289356743451, -0.000286800001049, -0.00218115281314, -0.000156966969371, 0.00196127453819, -0.00357326422818], [0.00035789332469, 0.000498672947288, 0.0018744362751, -0.00770037900656, 0.0180462505668, -0.00705001037568, 0.00273203803226, 0.000463763164589, 0.00258291023783, -0.00365556008182, 0.00278148986399, 0.000458706374047, -0.00111674261279], [-0.000327874964569, -0.000406364764785, -0.00196313112974, 0.0031124658417, -0.00705001037568, 0.0213549174368, -0.010067211464, 0.00229110289365, 0.000799153815024, 0.00177820282988, -0.00275232852437, 0.00338321737945, -0.000924537773244], [0.000403328274842, -0.000358000484994, 0.00172826473136, -0.00135934387799, 0.00273203803226, -0.010067211464, 0.0176407191902, -0.0101432688534, 0.00727471476421, -0.00204902049154, 0.000992587534711, -0.00454786140472, 0.00390082411468], [-0.000241685062065, -0.000440793432062, -0.00117231626064, 0.000289356743451, 0.000463763164589, 0.00229110289365, -0.0101432688534, 0.0220889225602, -0.0103712650016, 0.00548072531819, -0.00320299435407, 0.000689979176968, -0.000453852204373], [0.000368611974409, 0.000402709410992, 0.00183675705921, -0.000286800001049, 0.00258291023783, 0.000799153815024, 0.00727471476421, -0.0103712650016, 0.0292159561068, -0.0125348987058, 0.00681600859389, -0.003845005529, 0.000672342139296], [-0.000467643752927, 0.00115265278146, 0.000224451039685, -0.00218115281314, -0.00365556008182, 0.00177820282988, -0.00204902049154, 0.00548072531819, -0.0125348987058, 0.0381761603057, -0.015660662204, 0.0108404764906, -0.00222254591063], [0.00051128101768, -0.00136128207669, 0.000462545140181, -0.000156966969371, 0.00278148986399, -0.00275232852437, 0.000992587534711, -0.00320299435407, 0.00681600859389, -0.015660662204, 0.036417901516, -0.0157342366874, 0.00721683213487], [-0.000151822518092, 0.000374048395315, -0.00230678077787, 0.00196127453819, 0.000458706374047, 0.00338321737945, -0.00454786140472, 0.000689979176968, -0.003845005529, 0.0108404764906, -0.0157342366874, 0.0420190468431, -0.0165873337537], [0.00016078063345, -0.000435696187196, 0.00164812325966, -0.00357326422818, -0.00111674261279, -0.000924537773244, 0.00390082411468, -0.000453852204373, 0.000672342139296, -0.00222254591063, 0.00721683213487, -0.0165873337537, 0.0397621169686]]
    },
    "spectral_contrast_coeffs": {
        "max": [-0.42941236496, -0.512328267097, -0.531860589981, -0.537363052368, -0.673618197441, -0.677100300789],
        "mean": [-0.782065570354, -0.799632608891, -0.795319080353, -0.818572700024, -0.835325658321, -0.812538683414],
        "min": [-0.986115217209, -0.98334300518, -0.97773706913, -0.973405003548, -0.968763947487, -0.964942216873],
        "stdev": [0.12440867722, 0.117409162223, 0.115708991885, 0.0996574759483, 0.0829450562596, 0.0941117927432]
    },
    "spectral_contrast_valleys": {
        "max": [-5.06939744949, -4.59735107422, -5.2860045433, -5.84882116318, -6.23970127106, -7.8654999733],
        "mean": [-12.2735652924, -12.0759477615, -12.3809318542, -12.7843618393, -12.8710737228, -14.7616872787],
        "min": [-28.1301937103, -28.0952358246, -27.9916210175, -27.8409004211, -27.5657672882, -27.4114532471],
        "stdev": [9.35203075409, 9.41496658325, 9.26059627533, 8.99302387238, 8.94411849976, 7.77749252319]
    }
},
"rhythm": {
    "beats_count": 96,
    "beats_loudness": {
        "max": 0.0698767974973,
        "mean": 0.0323477201164,
        "min": 0,
        "stdev": 0.0213877614588
    },
    "bpm": 164.586242676,
    "bpm_histogram_first_peak_bpm": 167,
    "bpm_histogram_first_peak_weight": 0,
    "bpm_histogram_second_peak_bpm": 161,
    "bpm_histogram_second_peak_spread": 0.185185194016,
    "bpm_histogram_second_peak_weight": 0.231578946114,
    "danceability": 0.81830650568,
    "onset_rate": 1.54851210117,
    "beats_loudness_band_ratio": {
        "max": [0.821626365185, 0.714793980122, 0.462534993887, 0.742026567459, 0.430005759001, 0.109180115163],
        "mean": [0.184359192848, 0.205925837159, 0.163393691182, 0.200057685375, 0.0586913339794, 0.0278861243278],
        "min": [0, 0, 0, 0, 0, 0],
        "stdev": [0.16947902739, 0.182558298111, 0.129657909274, 0.183242961764, 0.0774422362447, 0.0233740303665]
    },
