{
"metadata": {
    "version": {
        "essentia": "2.1-beta5",
        "essentia_git_sha": "Undefined",
        "extractor": "music 2.0"
    },
    "audio_properties": {
        "analysis": {
            "equal_loudness": 0,
            "length": 32.4963264465,
            "sample_rate": 44100,
            "start_time": 45.2440834045,
            "downmix": "mix"
        },
        "bit_rate": 192000,
        "length": 220.496704102,
        "lossless": 0,
        "number_channels": 2,
        "replay_gain": -7.75861167908,
        "sample_rate": 48000,
        "codec": "mp3",
        "md5_encoded": "3958a0073fd1317927f0bef928960968"
    },
    "tags": {
        "file_name": "Hungary_Ùj Nèv Egy Règi Hàz Fàlan_Czaba Szigeti.mp3",
        "encoding": ["Lavf58.29.100"]
    }
},
"lowlevel": {
    "average_loudness": 0.90312743187,
    "barkbands_crest": {
        "max": 23.4908447266,
        "mean": 10.9434108734,
        "min": 3.81251621246,
        "stdev": 3.82746839523
    },
    "barkbands_flatness_db": {
        "max": 0.343781471252,
        "mean": 0.205830961466,
        "min": 0.0521190240979,
        "stdev": 0.0553496964276
    },
    "barkbands_kurtosis": {
        "max": 44.0192718506,
        "mean": 5.42264223099,
        "min": -1.87841081619,
        "stdev": 5.60803318024
    },
    "barkbands_skewness": {
        "max": 5.82900667191,
        "mean": 1.83854484558,
        "min": -1.98751294613,
        "stdev": 0.929910957813
    },
    "barkbands_spread": {
        "max": 85.1704406738,
        "mean": 11.6526660919,
        "min": 2.18025493622,
        "stdev": 10.2962360382
    },
    "dissonance": {
        "max": 0.499999850988,
        "mean": 0.439391553402,
        "min": 0.178752809763,
        "stdev": 0.0357346087694
    },
    "dynamic_complexity": 2.75750780106,
    "erbbands_crest": {
        "max": 24.3179969788,
        "mean": 9.26520347595,
        "min": 3.4912917614,
        "stdev": 3.63116955757
    },
    "erbbands_flatness_db": {
        "max": 0.35050112009,
        "mean": 0.225545689464,
        "min": 0.0898365676403,
        "stdev": 0.0582142993808
    },
    "erbbands_kurtosis": {
        "max": 16.2867221832,
        "mean": 0.900642156601,
        "min": -1.74433231354,
        "stdev": 2.05150961876
    },
    "erbbands_skewness": {
        "max": 3.53440833092,
        "mean": 0.824046313763,
        "min": -3.0549697876,
        "stdev": 0.64591884613
    },
    "erbbands_spread": {
        "max": 118.869674683,
        "mean": 28.8968315125,
        "min": 5.47024297714,
        "stdev": 17.188999176
    },
    "hfc": {
        "max": 438.537567139,
        "mean": 16.7372837067,
        "min": 0.0567870438099,
        "stdev": 30.4239273071
    },
    "loudness_ebu128": {
        "integrated": -15.9000759125,
        "loudness_range": 5.93590354919,
        "momentary": {
            "max": -11.1099090576,
            "mean": -16.778503418,
            "min": -33.8957901001,
            "stdev": 3.0405330658
        },
        "short_term": {
            "max": -13.2497177124,
            "mean": -16.1318798065,
            "min": -21.0924701691,
            "stdev": 1.98233354092
        }
    },
    "melbands_crest": {
        "max": 27.6686553955,
        "mean": 13.6618518829,
        "min": 4.37449216843,
        "stdev": 4.14519882202
    },
    "melbands_flatness_db": {
        "max": 0.417108863592,
        "mean": 0.260689467192,
        "min": 0.0614068619907,
        "stdev": 0.064937248826
    },
    "melbands_kurtosis": {
        "max": 91.4920806885,
        "mean": 11.4727430344,
        "min": -1.79866826534,
        "stdev": 11.6641712189
    },
    "melbands_skewness": {
        "max": 8.47430515289,
        "mean": 2.43701076508,
        "min": -0.134401500225,
        "stdev": 1.14959692955
    },
    "melbands_spread": {
        "max": 164.634918213,
        "mean": 13.2161455154,
        "min": 2.23305702209,
        "stdev": 14.5858974457
    },
    "pitch_salience": {
        "max": 0.847796559334,
        "mean": 0.577328979969,
        "min": 0.230172976851,
        "stdev": 0.0956285521388
    },
    "silence_rate_20dB": {
        "max": 1,
        "mean": 1,
        "min": 1,
        "stdev": 0
    },
    "silence_rate_30dB": {
        "max": 1,
        "mean": 0.996431112289,
        "min": 0,
        "stdev": 0.0596340075135
    },
    "silence_rate_60dB": {
        "max": 1,
        "mean": 0.0478229820728,
        "min": 0,
        "stdev": 0.213395163417
    },
    "spectral_centroid": {
        "max": 4284.98632812,
        "mean": 666.582763672,
        "min": 248.382797241,
        "stdev": 397.919586182
    },
    "spectral_complexity": {
        "max": 44,
        "mean": 15.1006422043,
        "min": 0,
        "stdev": 5.82843828201
    },
    "spectral_decrease": {
        "max": -2.51644278332e-11,
        "mean": -6.59130083847e-09,
        "min": -3.2996769761e-08,
        "stdev": 4.51516335431e-09
    },
    "spectral_energy": {
        "max": 0.129608035088,
        "mean": 0.0263951830566,
        "min": 0.00010118985665,
        "stdev": 0.0182409863919
    },
    "spectral_energyband_high": {
        "max": 0.0665851384401,
        "mean": 0.000749888946302,
        "min": 2.78980451185e-07,
        "stdev": 0.00431509083137
    },
    "spectral_energyband_low": {
        "max": 0.0582535639405,
        "mean": 0.00292105134577,
        "min": 5.75909871259e-06,
        "stdev": 0.00407838542014
    },
    "spectral_energyband_middle_high": {
        "max": 0.024562234059,
        "mean": 0.00317280832678,
        "min": 2.07917619264e-05,
        "stdev": 0.00300529645756
    },
    "spectral_energyband_middle_low": {
        "max": 0.123285017908,
        "mean": 0.0207649841905,
        "min": 6.8533270678e-05,
        "stdev": 0.0152258668095
    },
    "spectral_entropy": {
        "max": 8.54765987396,
        "mean": 6.97313022614,
        "min": 5.69182395935,
        "stdev": 0.541943192482
    },
    "spectral_flux": {
        "max": 0.307672441006,
        "mean": 0.0618023425341,
        "min": 0.00403882982209,
        "stdev": 0.0321284197271
    },
    "spectral_kurtosis": {
        "max": 55.7824058533,
        "mean": 11.7468490601,
        "min": -1.16653180122,
        "stdev": 11.0358419418
    },
    "spectral_rms": {
        "max": 0.0112448595464,
        "mean": 0.00476115290076,
        "min": 0.000314200267894,
        "stdev": 0.00175579637289
    },
    "spectral_rolloff": {
        "max": 9130.078125,
        "mean": 945.942199707,
        "min": 150.732421875,
        "stdev": 1169.70129395
    },
    "spectral_skewness": {
        "max": 5.82660675049,
        "mean": 2.33779740334,
        "min": 0.0887144207954,
        "stdev": 0.931244492531
    },
    "spectral_spread": {
        "max": 13497419,
        "mean": 3552002.75,
        "min": 1212110.375,
        "stdev": 2020081.5
    },
    "spectral_strongpeak": {
        "max": 10.9082756042,
        "mean": 1.03491353989,
        "min": 0.0199212282896,
        "stdev": 0.730868577957
    },
    "zerocrossingrate": {
        "max": 0.23974609375,
        "mean": 0.0394514538348,
        "min": 0.00634765625,
        "stdev": 0.0296868942678
    },
    "barkbands": {
        "max": [0.000515369116329, 0.0513319298625, 0.0202018339187, 0.0272876992822, 0.111753828824, 0.0486854091287, 0.0252439491451, 0.0289071314037, 0.014438053593, 0.00732349790633, 0.00690449494869, 0.0118151949719, 0.0132018188015, 0.00726116588339, 0.00206485926174, 0.00162281107623, 0.0028838661965, 0.00643186317757, 0.0153112839907, 0.0108691276982, 0.0174565315247, 0.0253407135606, 0.0197060797364, 0.0105129554868, 0.00285428878851, 0.00045091463835, 9.31926297199e-06],
        "mean": [1.47207374539e-05, 0.000576809514314, 0.00136678433046, 0.00178749335464, 0.00775548396632, 0.00532686058432, 0.00192697823513, 0.0027633337304, 0.000753966101911, 0.000779609777965, 0.000508767610881, 0.000533247890417, 0.00043056847062, 0.000442850927357, 0.00020717146981, 0.000143975776155, 0.000152097592945, 4.60748997284e-05, 8.80866791704e-05, 8.76084668562e-05, 0.000109057407826, 0.000238056149101, 0.000185003009392, 0.000124267171486, 3.90520763176e-05, 7.25521294953e-06, 2.31068089107e-08],
        "min": [1.14213563052e-08, 6.86593580213e-07, 3.67933182588e-07, 2.82235191662e-07, 9.47230000747e-06, 1.84203508979e-05, 5.97655343881e-06, 1.52099289608e-06, 2.17719048123e-06, 1.00026647942e-06, 4.68838970846e-06, 3.33091236371e-07, 1.1618053577e-06, 1.36371932058e-06, 3.0189323752e-07, 9.54449106416e-08, 1.51020813632e-07, 5.66755744558e-08, 4.49080701515e-08, 5.98405804908e-08, 8.3137507545e-08, 6.72206184049e-08, 3.0353177749e-08, 2.15681641436e-08, 7.58867280126e-09, 6.25438034696e-11, 2.47835398037e-11],
        "stdev": [3.25599248754e-05, 0.00168906233739, 0.00204280554317, 0.00306411972269, 0.0100930742919, 0.00635631009936, 0.00267498055473, 0.00354235805571, 0.0012611260172, 0.000866905378643, 0.000685367558617, 0.000765592674725, 0.000779945752583, 0.000630991708022, 0.000234820006881, 0.000181094976142, 0.000221587892156, 0.000199047819478, 0.0006716932985, 0.00065754778916, 0.000865318521392, 0.00162411248311, 0.00118762149941, 0.000626958149951, 0.00018299286603, 3.52776369255e-05, 2.95159850339e-07]
    },
    "erbbands": {
        "max": [1.13825297356, 12.381228447, 20.6708030701, 60.2211799622, 165.830718994, 518.458251953, 519.023803711, 607.804199219, 541.515441895, 575.718017578, 431.38684082, 255.417922974, 288.097747803, 236.345123291, 232.618865967, 600.758972168, 426.353118896, 577.169799805, 231.512969971, 90.6744308472, 85.3000030518, 185.135772705, 116.995506287, 431.137695312, 806.031066895, 593.211853027, 547.121704102, 912.020324707, 1206.11901855, 516.513671875, 606.75189209, 214.08732605, 184.098266602, 54.1502799988, 13.320441246, 3.86335659027, 0.609683036804, 0.0372310578823, 0.00114471407142, 0.000270119984634],
        "mean": [0.00785872805864, 0.175596863031, 1.29027295113, 4.3973326683, 9.3077583313, 30.0316677094, 49.2784881592, 36.4208068848, 35.0731925964, 53.0712776184, 35.8030052185, 15.9069976807, 25.3293628693, 18.5058879852, 19.9422702789, 23.8697719574, 20.3114242554, 22.4386901855, 15.1021442413, 8.37253570557, 9.046210289, 7.90947532654, 3.07259559631, 3.46280217171, 4.94376182556, 4.01912879944, 3.89927911758, 5.60087680817, 9.33256053925, 6.23466014862, 5.08999967575, 2.93970227242, 1.95341944695, 0.613870382309, 0.207646071911, 0.0600089840591, 0.00754986237735, 0.000384646089515, 2.79777723335e-05, 3.27022025886e-05],
        "min": [2.18154655158e-05, 0.00031027890509, 0.00177823915146, 0.00268843327649, 0.0065793255344, 0.0486935824156, 0.121692314744, 0.160049423575, 0.137005478144, 0.0799791067839, 0.0597537830472, 0.0406158268452, 0.0441207811236, 0.0820634886622, 0.200543642044, 0.02754596062, 0.043968912214, 0.0847054645419, 0.0348068028688, 0.0108131645247, 0.00604333449155, 0.00912301708013, 0.00421119341627, 0.00272107124329, 0.00341442413628, 0.00297188945115, 0.00259032379836, 0.00237331259996, 0.00243203830905, 0.00144501100294, 0.000839313084725, 0.000604265078437, 0.000358581921319, 0.000217701686779, 4.03459234803e-05, 6.54032919556e-06, 8.63216882863e-07, 1.30525947384e-07, 7.38261505262e-08, 1.22013688042e-07],
        "stdev": [0.0340984463692, 0.432565867901, 1.88917922974, 6.75827121735, 15.2103643417, 44.141368866, 56.0493049622, 47.2101783752, 52.6152534485, 68.5483627319, 40.0891304016, 22.2104492188, 29.377368927, 27.0033302307, 25.4900836945, 35.660369873, 29.8978443146, 33.5865592957, 20.7964630127, 9.25178527832, 11.306684494, 12.3032474518, 5.22027349472, 23.2894821167, 38.1239051819, 30.7362174988, 29.8005084991, 45.1566505432, 69.6187438965, 34.4519577026, 34.5467300415, 15.1483516693, 10.0908088684, 3.04276514053, 0.927538156509, 0.277655720711, 0.0408336594701, 0.00229312805459, 7.59493996156e-05, 2.74102694675e-05]
    },
    "gfcc": {
        "mean": [-52.4209785461, 150.149581909, -135.647598267, 12.8926715851, -75.5049667358, 2.72383594513, -50.2166976929, -15.6928129196, -16.274887085, -10.4868164062, -9.62568283081, -11.5807476044, -0.294028967619],
        "cov": [[4524.85498047, -1960.60803223, 534.976745605, 593.272705078, -641.878540039, 672.560424805, -421.206512451, 202.318145752, -194.614181519, 169.831756592, -341.170257568, 236.295379639, -289.395690918], [-1960.60803223, 2409.36962891, -758.303649902, -653.099731445, 882.938598633, -829.787841797, 523.634887695, -280.433959961, 216.107009888, -177.888015747, 429.815002441, -227.111633301, 241.619262695], [534.976745605, -758.303649902, 565.99810791, 299.67086792, -317.541412354, 386.762451172, -178.348098755, 150.052154541, -39.8304176331, 65.3871841431, -144.650375366, 52.2139968872, -93.1794281006], [593.272705078, -653.099731445, 299.67086792, 438.410186768, -221.551879883, 298.461303711, -83.1582336426, 115.34526825, -26.4914398193, 49.7519416809, -116.082687378, 31.8020420074, -61.4315223694], [-641.878540039, 882.938598633, -317.541412354, -221.551879883, 450.463256836, -318.312255859, 214.130096436, -79.704284668, 55.8514938354, -48.5821037292, 153.633148193, -65.3859100342, 87.1295623779], [672.560424805, -829.787841797, 386.762451172, 298.461303711, -318.312255859, 501.207366943, -149.475769043, 131.309143066, -64.5055999756, 57.2667617798, -158.410964966, 77.0692596436, -101.110984802], [-421.206512451, 523.634887695, -178.348098755, -83.1582336426, 214.130096436, -149.475769043, 258.039672852, -28.2468528748, 20.8104553223, -15.4016723633, 98.2571868896, -40.1394386292, 42.5733528137], [202.318145752, -280.433959961, 150.052154541, 115.34526825, -79.704284668, 131.309143066, -28.2468528748, 137.508514404, -12.7786092758, 32.9307479858, -54.9708137512, 12.4733715057, -36.4896774292], [-194.614181519, 216.107009888, -39.8304176331, -26.4914398193, 55.8514938354, -64.5055999756, 20.8104553223, -12.7786092758, 95.3244094849, -7.73890018463, 37.3458099365, -32.3053131104, 20.775188446], [169.831756592, -177.888015747, 65.3871841431, 49.7519416809, -48.5821037292, 57.2667617798, -15.4016723633, 32.9307479858, -7.73890018463, 79.2745285034, -9.21703529358, 24.2346172333, -15.7733926773], [-341.170257568, 429.815002441, -144.650375366, -116.082687378, 153.633148193, -158.410964966, 98.2571868896, -54.9708137512, 37.3458099365, -9.21703529358, 174.075302124, -10.7530088425, 63.3755683899], [236.295379639, -227.111633301, 52.2139968872, 31.8020420074, -65.3859100342, 77.0692596436, -40.1394386292, 12.4733715057, -32.3053131104, 24.2346172333, -10.7530088425, 102.270927429, -10.458024025], [-289.395690918, 241.619262695, -93.1794281006, -61.4315223694, 87.1295623779, -101.110984802, 42.5733528137, -36.4896774292, 20.775188446, -15.7733926773, 63.3755683899, -10.458024025, 92.068649292]],
        "icov": [[0.000387384003261, 0.000106672865513, 0.000191210303456, -0.000301256164676, -5.53224454052e-05, -1.082505878e-05, 0.000284110370558, 3.64188927051e-05, 0.000205750708119, -0.000265756301815, 8.27974304229e-07, -0.000380775833037, 0.000717956922017], [0.000106672865513, 0.00835390388966, -0.00203597918153, 0.0041228113696, -0.00677177589387, 0.00121300958563, -0.00622788257897, 0.00426293350756, -0.00714711705223, 0.00628925068304, -0.00439611263573, 0.00541361561045, -0.00225659273565], [0.000191210303456, -0.00203597918153, 0.00553611107171, -0.00210345350206, 0.00247757486068, -0.00225372286513, 0.00297697959468, -0.00305381091312, 0.00158658786677, -0.00240828725509, 0.000683842576109, -0.00102742377203, 0.00137885799631], [-0.000301256164676, 0.0041228113696, -0.00210345350206, 0.00680774450302, -0.00273767136969, -0.000869713199791, -0.00422114692628, 0.00119810469914, -0.00436442904174, 0.00285688787699, -0.00139449478593, 0.00345656485297, -0.00246380874887], [-5.53224454052e-05, -0.00677177589387, 0.00247757486068, -0.00273767136969, 0.0116349048913, 0.000496319553349, 0.00227425433695, -0.00430493894964, 0.00512241292745, -0.00422734161839, 0.00243890215643, -0.00385708687827, 0.00105778523721], [-1.082505878e-05, 0.00121300958563, -0.00225372286513, -0.000869713199791, 0.000496319553349, 0.00668111024424, -0.00135921838228, -0.000416768132709, -0.000221364243771, 0.00115795736201, 0.000460881565232, -0.00124963081907, 0.00104147463571], [0.000284110370558, -0.00622788257897, 0.00297697959468, -0.00422114692628, 0.00227425433695, -0.00135921838228, 0.0123013509437, -0.00425315229222, 0.00673800939694, -0.00558710563928, 0.00110257952474, -0.00301051489078, 0.00283608213067], [3.64188927051e-05, 0.00426293350756, -0.00305381091312, 0.00119810469914, -0.00430493894964, -0.000416768132709, -0.00425315229222, 0.0140567542985, -0.00397903099656, 0.000734716537409, -0.000725007383153, 0.00320683652535, -0.000322958279867], [0.000205750708119, -0.00714711705223, 0.00158658786677, -0.00436442904174, 0.00512241292745, -0.000221364243771, 0.00673800939694, -0.00397903099656, 0.0195291507989, -0.00596437603235, 0.00145929423161, -0.00131549569778, 0.00173085881397], [-0.000265756301815, 0.00628925068304, -0.00240828725509, 0.00285688787699, -0.00422734161839, 0.00115795736201, -0.00558710563928, 0.000734716537409, -0.00596437603235, 0.0207820702344, -0.00508231576532, 0.00160453026183, -0.00113766209688], [8.27974304229e-07, -0.00439611263573, 0.000683842576109, -0.00139449478593, 0.00243890215643, 0.000460881565232, 0.00110257952474, -0.000725007383153, 0.00145929423161, -0.00508231576532, 0.013660736382, -0.00509869772941, -0.0024805245921], [-0.000380775833037, 0.00541361561045, -0.00102742377203, 0.00345656485297, -0.00385708687827, -0.00124963081907, -0.00301051489078, 0.00320683652535, -0.00131549569778, 0.00160453026183, -0.00509869772941, 0.0173793323338, -0.00314110703766], [0.000717956922017, -0.00225659273565, 0.00137885799631, -0.00246380874887, 0.00105778523721, 0.00104147463571, 0.00283608213067, -0.000322958279867, 0.00173085881397, -0.00113766209688, -0.0024805245921, -0.00314110703766, 0.0182602945715]]
    },
    "melbands": {
        "max": [0.0128801465034, 0.00968660134822, 0.0090875858441, 0.0192686505616, 0.0240041445941, 0.0117009524256, 0.0070581510663, 0.00658018374816, 0.0035973333288, 0.00188725441694, 0.00140152068343, 0.00104104063939, 0.000697572599165, 0.0011327250395, 0.00105183455162, 0.00150892150123, 0.000935745250899, 0.000508372148033, 0.000152660330059, 0.00013599578233, 0.000116132643598, 0.000249802833423, 5.93047734583e-05, 0.000269606360234, 0.000370258756448, 0.00074868806405, 0.000411773187807, 0.000433735200204, 0.000331899325829, 0.000322005944327, 0.000589455652516, 0.000779372407123, 0.000360626610927, 0.000275912287179, 0.000405639788369, 0.000239649612922, 0.000116776245704, 0.0001699875138, 8.83895918378e-05, 2.94900728477e-05],
        "mean": [0.000113125075586, 0.000554218131583, 0.00086930237012, 0.00128439068794, 0.00180275540333, 0.000893445452675, 0.000485566677526, 0.000622112886049, 0.000263848545728, 9.23219922697e-05, 0.000124910773593, 7.13219051249e-05, 6.38283090666e-05, 4.75212764286e-05, 7.80962436693e-05, 3.53349932993e-05, 4.34134090028e-05, 2.59632761299e-05, 1.6352698367e-05, 9.23390507523e-06, 1.05924336822e-05, 9.17523539101e-06, 4.28553130405e-06, 1.92471816263e-06, 2.79087294075e-06, 3.65579944628e-06, 3.25185874317e-06, 2.53794428318e-06, 2.4269484129e-06, 2.23629331231e-06, 3.55066822522e-06, 5.53807103643e-06, 4.23000210503e-06, 3.28468422595e-06, 3.1081826819e-06, 2.32717457038e-06, 1.54335327807e-06, 1.55278212333e-06, 8.50258800256e-07, 3.97705605337e-07],
        "min": [1.89251210259e-07, 9.25473102598e-07, 6.68255552227e-07, 1.49001868976e-06, 4.28999692303e-06, 4.00939870815e-06, 2.13044859265e-06, 5.93054380715e-07, 4.82006612401e-07, 2.27732996905e-07, 1.81741370398e-07, 2.64974545416e-07, 6.4532810029e-07, 7.09486585038e-08, 5.75422589577e-08, 1.59587187909e-07, 1.48351048779e-07, 5.01081274251e-08, 2.12702442326e-08, 7.96273713632e-09, 6.39286934501e-09, 1.05685895591e-08, 4.60430715776e-09, 2.28452368134e-09, 1.49895307278e-09, 1.81577142211e-09, 2.50664644597e-09, 1.69061220578e-09, 1.09720221797e-09, 1.46781853338e-09, 1.1255457677e-09, 1.3787616604e-09, 8.28890400761e-10, 6.62516208561e-10, 3.96397636937e-10, 4.11812306478e-10, 2.24789409309e-10, 1.79307346748e-10, 1.6649784329e-10, 9.54812964804e-11],
        "stdev": [0.000397359195631, 0.000782872724812, 0.00116601295304, 0.00170149561018, 0.00212073232979, 0.00110146997031, 0.000714447873179, 0.000830241828226, 0.000325091765262, 0.000136816350278, 0.000146356076584, 0.000110556997242, 8.09311022749e-05, 6.72879177728e-05, 0.000123547011754, 8.22180882096e-05, 6.38532656012e-05, 4.15181748394e-05, 1.84958535101e-05, 1.16389983305e-05, 1.41166292451e-05, 1.53641722136e-05, 5.90564923186e-06, 8.65953370521e-06, 1.97346234927e-05, 3.02672397083e-05, 2.45327300945e-05, 2.05466549232e-05, 1.82284620678e-05, 1.75987479452e-05, 2.86069353024e-05, 4.38884308096e-05, 2.5277824534e-05, 1.80968727364e-05, 2.23148290388e-05, 1.41516902659e-05, 7.36042238714e-06, 8.36544040794e-06, 4.37002654508e-06, 1.94898007067e-06]
    },
    "melbands128": {
        "max": [0.000476728077047, 0.0061797243543, 0.020735040307, 0.0209871828556, 0.0105973929167, 0.00958652049303, 0.0143030527979, 0.011122812517, 0.0195771474391, 0.029647635296, 0.0409966669977, 0.0519322156906, 0.0164109580219, 0.0176488980651, 0.0221373122185, 0.0152627481148, 0.0174222830683, 0.00792357604951, 0.00512780854478, 0.0109765212983, 0.0116708017886, 0.00336790620349, 0.0057875001803, 0.00571309542283, 0.00112102692947, 0.00438361102715, 0.00201338366605, 0.00245798309334, 0.00100615865085, 0.00214192341082, 0.0016040635528, 0.00189787615091, 0.000950420624577, 0.00168162595946, 0.00068794580875, 0.00135409645736, 0.00315587641671, 0.00207094079815, 0.00111431756523, 0.00101594650187, 0.002366903238, 0.00334349344485, 0.000645039661322, 0.00115619250573, 0.00140260509215, 0.000405156315537, 0.000417179166107, 0.000260329979938, 0.000216209504288, 0.000184625707334, 0.00029022624949, 0.000139554482303, 0.00018769709277, 0.000214842832065, 0.000216926739085, 0.000494986772537, 0.000154939363711, 9.94837901089e-05, 5.51076518605e-05, 3.77435644623e-05, 6.31856164546e-05, 0.000707426806912, 0.000663539336529, 0.000368160748621, 0.000411652319599, 0.000818559725303, 0.00116173888091, 0.000528521661181, 0.000572404707782, 0.000341768551152, 0.000756686262321, 0.000330832379404, 0.000427033897722, 0.000352353992639, 0.000472975632874, 0.000251448975177, 0.000346738001099, 0.000643446517643, 0.000766010489315, 0.000727671314962, 0.00107235030737, 0.00116214156151, 0.000850078242365, 0.000334360229317, 0.000254739803495, 0.000351428258, 0.000439714232925, 0.000407959072618, 0.0006191796856, 0.000652144663036, 0.00026092826738, 0.000275868544122, 0.000191559054656, 0.000110822256829, 8.07732649264e-05, 0.00024322225363, 0.000193439962459, 0.000132992019644, 7.8311888501e-05, 8.6040214228e-05, 5.12634360348e-05, 1.95790944417e-05, 2.77497874777e-05, 1.42732033055e-05, 1.54537938215e-05, 2.14544979826e-05, 1.5723551769e-05, 9.77830131887e-06, 7.68125846662e-06, 4.98189001519e-06, 5.10326117364e-06, 3.45939793078e-06, 1.9220701688e-06, 5.72720807668e-07, 3.59676278094e-07, 4.46074608362e-07, 2.8919930628e-07, 6.35605068577e-10, 6.17874695852e-10, 6.03105565489e-10, 5.89207405088e-10, 5.73503022849e-10, 5.63178836899e-10, 5.54182644219e-10, 5.44020106741e-10, 5.39142008815e-10, 5.34573219024e-10, 5.31867716536e-10],
        "mean": [1.08468138933e-05, 3.76305069949e-05, 0.000118509618915, 0.000323446787661, 0.000549689866602, 0.000710919266567, 0.000909635913558, 0.000851626333315, 0.00093323236797, 0.000875764817465, 0.00175353209488, 0.00243974640034, 0.00174012442585, 0.00128846196458, 0.000631452130619, 0.000880323234014, 0.000855744583532, 0.000275232072454, 0.000213270017412, 0.000656828458887, 0.000938532175496, 0.000220174115384, 0.000240255074459, 0.000192314604647, 5.96663776378e-05, 7.16307986295e-05, 9.65513536357e-05, 0.00019517664623, 6.77073767292e-05, 7.47248050175e-05, 7.55412111175e-05, 5.89902920183e-05, 5.1004190027e-05, 9.60542893154e-05, 2.80513831967e-05, 3.45832995663e-05, 6.3012514147e-05, 0.00012986708316, 4.19450443587e-05, 2.46156832873e-05, 4.39414652647e-05, 3.43943938788e-05, 3.80398341804e-05, 5.85564994253e-05, 3.2703665056e-05, 1.72742620634e-05, 1.86595116247e-05, 2.43992253672e-05, 1.05334274849e-05, 5.82961320106e-06, 9.3667076726e-06, 1.25417291201e-05, 1.09231850729e-05, 8.43195903144e-06, 1.27524981508e-05, 9.30884743866e-06, 6.55495796309e-06, 5.89885621594e-06, 2.86692738882e-06, 2.10957182389e-06, 1.62644789725e-06, 1.88615160823e-06, 2.87047305392e-06, 2.74060357697e-06, 3.27075508721e-06, 3.73135458176e-06, 3.94836706619e-06, 3.75187164536e-06, 3.21860920849e-06, 2.08527967516e-06, 3.27977249981e-06, 1.84727002761e-06, 2.61637569565e-06, 2.50164589488e-06, 2.45298701884e-06, 1.89736147149e-06, 2.09976360566e-06, 3.18807860822e-06, 3.52167012352e-06, 4.14284249928e-06, 5.25596033185e-06, 6.31668626738e-06, 5.89642377236e-06, 3.8739926822e-06, 2.97894371215e-06, 3.21466768582e-06, 3.54327630703e-06, 3.16957061841e-06, 3.36851235261e-06, 2.84975294562e-06, 2.33064565691e-06, 2.36585128732e-06, 1.90135290268e-06, 1.41950226862e-06, 1.28924500586e-06, 1.78164771114e-06, 1.69119516613e-06, 1.1752933915e-06, 9.15934322165e-07, 6.37819709937e-07, 4.91646233058e-07, 3.38351668461e-07, 3.152598822e-07, 2.59454878915e-07, 2.25438455459e-07, 2.05290774602e-07, 1.59400187272e-07, 1.38557695095e-07, 9.35260757728e-08, 6.67015882527e-08, 5.03795085649e-08, 3.11380219387e-08, 1.49208645439e-08, 4.2289629576e-09, 3.13455439382e-09, 3.33411853681e-09, 9.15039044536e-10, 5.81125902607e-12, 5.16599523576e-12, 4.99445883956e-12, 4.86424745968e-12, 4.75154551122e-12, 4.66094437351e-12, 4.57368908371e-12, 4.46370891638e-12, 4.33944590331e-12, 4.26370570794e-12, 4.23446911216e-12],
        "min": [5.04270347701e-10, 2.55488856737e-08, 5.01851147305e-08, 7.33741600811e-08, 6.308104048e-07, 1.9475939439e-07, 3.97181281642e-07, 6.21526012878e-08, 1.70653990494e-07, 4.88203340865e-07, 2.28824046644e-06, 8.23705136099e-07, 1.62692390404e-06, 6.93744368618e-07, 9.15345708563e-07, 8.97890515716e-07, 1.1815977814e-06, 1.9885432323e-07, 2.42151202201e-07, 1.92553855527e-07, 5.92173847735e-08, 1.27284124574e-07, 2.09498622894e-07, 2.11021188079e-07, 6.62704309207e-08, 3.95015860022e-08, 1.11872573427e-07, 2.37364005784e-07, 7.97305759193e-08, 7.26138722484e-08, 7.22615141058e-08, 1.30840192014e-07, 3.43543717918e-07, 1.683245614e-07, 4.90209011161e-08, 1.5143577059e-08, 1.43860683366e-08, 2.00885672541e-08, 2.56085979089e-08, 1.44930467627e-08, 7.38626937391e-08, 1.49643398117e-07, 8.5247052084e-08, 7.07322342919e-08, 3.03061788998e-08, 1.96835898691e-08, 2.15457767183e-08, 1.75714394146e-08, 6.63824684111e-09, 6.91630042127e-09, 4.51823156666e-09, 8.37505709228e-09, 5.97266192059e-09, 5.44151079751e-09, 7.13393699669e-09, 1.00433750205e-08, 5.88193627138e-09, 3.66368690941e-09, 3.54318752116e-09, 1.71234093571e-09, 2.28859264872e-09, 1.21351417803e-09, 6.11086403701e-10, 9.25205911884e-10, 1.60694246798e-09, 2.8355942594e-10, 7.89061149753e-10, 1.61494861928e-09, 1.97213134712e-09, 1.21948595666e-09, 1.08714237612e-09, 7.15419667952e-10, 4.86073681305e-10, 3.60566770885e-10, 1.05438990872e-09, 5.83705472845e-10, 1.7501236016e-09, 4.65177091291e-10, 1.08004272192e-09, 9.21434706314e-10, 8.0881584763e-10, 8.77165784452e-10, 4.52929915795e-10, 1.00024440119e-10, 2.39929798251e-10, 6.10538841705e-10, 3.3207275818e-10, 1.64634222921e-10, 1.50271559085e-10, 3.57588597621e-10, 1.27748644996e-10, 2.64536642591e-10, 1.22527654689e-10, 2.67854054908e-11, 1.06562161872e-10, 1.59984150927e-10, 5.18163290053e-11, 8.4066260897e-11, 4.84136411516e-11, 4.44116410314e-11, 4.33218912133e-11, 1.47727368532e-11, 1.13455789902e-11, 2.12554518257e-12, 3.08473515828e-12, 4.4908660124e-12, 7.40450452688e-13, 3.57044526323e-13, 1.04124025482e-13, 5.5355324274e-14, 1.04035378402e-13, 7.7691271385e-14, 7.55775447108e-14, 7.34223201985e-14, 7.83406000661e-14, 1.05885867565e-13, 7.30201218501e-14, 8.75295929487e-14, 7.71807680158e-14, 8.8417608738e-14, 7.67156656126e-14, 7.50339867279e-14, 7.04462191164e-14, 8.57019262415e-14, 7.39981941824e-14, 2.28908807464e-14, 2.90901903735e-15, 1.12007269431e-16],
        "stdev": [2.74200338026e-05, 0.000193430605577, 0.000610648887232, 0.000793492479715, 0.000929272733629, 0.00106078630779, 0.00160588824656, 0.00149485934526, 0.00191411143169, 0.00183332758024, 0.00296724122018, 0.00403656391427, 0.00214542075992, 0.00198827614076, 0.00130713579711, 0.00164173403755, 0.00157456542365, 0.000569423253182, 0.00043650312, 0.00101506256033, 0.00144324498251, 0.0003088839876, 0.000471787818242, 0.000468341459054, 9.41508551477e-05, 0.000209252364584, 0.000164827812114, 0.000269750074949, 9.45982246776e-05, 0.000156885289471, 0.000145053447341, 0.000127282590256, 7.82759816502e-05, 0.00015922554303, 4.57235582871e-05, 7.80126283644e-05, 0.000148725725012, 0.000244594557444, 7.81929993536e-05, 4.95196982229e-05, 0.000133585825097, 0.000118884905532, 5.98717415414e-05, 9.25848871702e-05, 9.06696586753e-05, 3.37888086506e-05, 3.24658685713e-05, 3.05545909214e-05, 1.75364020834e-05, 1.20139475257e-05, 1.66595291375e-05, 1.74290780706e-05, 1.96627479454e-05, 1.58843267855e-05, 2.05054475373e-05, 2.39278724621e-05, 1.37362885653e-05, 9.30574424274e-06, 4.7917055781e-06, 3.31710157297e-06, 3.84086479244e-06, 2.02878109121e-05, 2.52368536167e-05, 1.92112856894e-05, 2.74440935755e-05, 3.23274252878e-05, 4.08292689826e-05, 2.90375101031e-05, 2.82645123661e-05, 1.52143738887e-05, 3.18242236972e-05, 1.30432572405e-05, 2.04381576623e-05, 1.98283287318e-05, 2.13807797991e-05, 1.38737696034e-05, 1.76642497536e-05, 2.89000690827e-05, 3.08829876303e-05, 3.24314351019e-05, 4.65888660983e-05, 5.51943194296e-05, 4.42632335762e-05, 2.15255913645e-05, 1.4923713934e-05, 1.87165896932e-05, 2.06873573916e-05, 2.1082098101e-05, 2.82767578028e-05, 2.41353882302e-05, 1.47206719703e-05, 1.46286538438e-05, 1.11855888463e-05, 6.8546323746e-06, 4.82654058942e-06, 1.08534077299e-05, 9.63072943705e-06, 6.02210320721e-06, 4.97493329021e-06, 3.64824518329e-06, 2.74973922387e-06, 1.56679539032e-06, 1.62533558523e-06, 1.15714794902e-06, 1.0463968465e-06, 1.01526143226e-06, 7.81222354362e-07, 6.77702360008e-07, 4.65651993409e-07, 3.40086330652e-07, 2.80341311054e-07, 1.98354442205e-07, 1.09150931848e-07, 3.14645589583e-08, 2.29359180537e-08, 2.42339623924e-08, 9.5345944473e-09, 2.73050748678e-11, 2.52908093773e-11, 2.45984933811e-11, 2.39585296047e-11, 2.33050193726e-11, 2.28452361195e-11, 2.24545347594e-11, 2.202458875e-11, 2.17919033513e-11, 2.15990073049e-11, 2.14819776551e-11]
    },
    "mfcc": {
        "mean": [-686.08581543, 172.652954102, -4.78595590591, 5.2003903389, -5.75891304016, 4.07330322266, -20.8907604218, -9.95885658264, -9.11354064941, -8.73778343201, -8.86018562317, -3.12252306938, -6.04467725754],
        "cov": [[4541.95166016, -2095.58422852, 871.196960449, -151.816345215, 44.922668457, 249.17024231, -154.1693573, 166.557373047, -55.3301887512, 45.8536987305, 17.9852790833, -61.4084091187, -23.2163925171], [-2095.58422852, 2816.80029297, -1460.53161621, 279.783691406, -63.7321891785, -289.949432373, 194.913208008, -189.834747314, -48.6519012451, -57.5146942139, -10.9764518738, 132.265853882, 13.0060586929], [871.196960449, -1460.53161621, 1121.87353516, -193.041854858, 89.9689483643, 189.537261963, -100.294151306, 136.553756714, 51.0937042236, 66.7886505127, 39.2845001221, -65.2801437378, 12.1759853363], [-151.816345215, 279.783691406, -193.041854858, 253.335494995, -7.68584489822, -30.1696910858, 66.9557113647, -16.9320049286, 28.6420764923, 20.3597106934, 19.1645202637, 14.1366863251, 10.9573230743], [44.922668457, -63.7321891785, 89.9689483643, -7.68584489822, 140.973800659, 4.57332658768, -23.2993526459, 14.5149040222, 9.64182758331, 22.9741382599, -6.88042879105, -2.93689656258, -2.54035615921], [249.17024231, -289.949432373, 189.537261963, -30.1696910858, 4.57332658768, 158.26322937, 7.08695363998, 54.6326560974, 16.021478653, 6.64504623413, 18.7282371521, -10.1775770187, 6.99691915512], [-154.1693573, 194.913208008, -100.294151306, 66.9557113647, -23.2993526459, 7.08695363998, 173.255584717, 20.0749340057, 13.7782716751, 18.4671440125, 10.7537603378, 17.8770046234, 24.3390846252], [166.557373047, -189.834747314, 136.553756714, -16.9320049286, 14.5149040222, 54.6326560974, 20.0749340057, 115.420021057, 18.3652572632, 17.7070770264, 17.1641216278, -17.7007579803, 14.1990680695], [-55.3301887512, -48.6519012451, 51.0937042236, 28.6420764923, 9.64182758331, 16.021478653, 13.7782716751, 18.3652572632, 99.7615661621, 22.2962226868, 8.79567241669, -3.67055249214, -9.04702377319], [45.8536987305, -57.5146942139, 66.7886505127, 20.3597106934, 22.9741382599, 6.64504623413, 18.4671440125, 17.7070770264, 22.2962226868, 88.1160736084, 23.4193782806, -4.71072387695, 5.79860925674], [17.9852790833, -10.9764518738, 39.2845001221, 19.1645202637, -6.88042879105, 18.7282371521, 10.7537603378, 17.1641216278, 8.79567241669, 23.4193782806, 68.7047348022, 3.64297533035, 5.46898841858], [-61.4084091187, 132.265853882, -65.2801437378, 14.1366863251, -2.93689656258, -10.1775770187, 17.8770046234, -17.7007579803, -3.67055249214, -4.71072387695, 3.64297533035, 77.3173675537, 19.1462783813], [-23.2163925171, 13.0060586929, 12.1759853363, 10.9573230743, -2.54035615921, 6.99691915512, 24.3390846252, 14.1990680695, -9.04702377319, 5.79860925674, 5.46898841858, 19.1462783813, 68.8589172363]],
        "icov": [[0.000376648327801, 0.000393973430619, 0.000245032511884, -0.000105265433376, -6.86238781782e-05, -0.000161880408996, 8.63462191774e-05, -0.000232690552366, 0.000419251649873, -0.000159189410624, -6.55804469716e-05, -0.000284597248537, 0.000210208338103], [0.000393973430619, 0.00167923979461, 0.00180847686715, 6.23011237622e-06, -0.000676433672197, 0.000353918527253, -0.000460955896415, 4.795327186e-05, 0.000239607717958, -9.99334079097e-05, -0.000921812781598, -0.000829655211419, -6.91975365044e-05], [0.000245032511884, 0.00180847686715, 0.00369680230506, 0.00104210712016, -0.00135406304616, -0.00076962064486, 0.000202824812732, -0.000546166847926, -0.000592153170146, -0.000899036647752, -0.00154503912199, -8.92441967153e-05, -0.000863870722242], [-0.000105265433376, 6.23011237622e-06, 0.00104210712016, 0.0055197738111, -0.000477599678561, 0.00028729843325, -0.00136941007804, 0.000760086986702, -0.00188191002235, -0.000762131006923, -0.00165342330001, 0.000477251771372, -0.00100325106177], [-6.86238781782e-05, -0.000676433672197, -0.00135406304616, -0.000477599678561, 0.00847811251879, 0.000207791876164, 0.00143095338717, -0.00105311768129, -6.71321613481e-05, -0.00227778987028, 0.00241866568103, -0.000573780562263, 0.000573524797801], [-0.000161880408996, 0.000353918527253, -0.00076962064486, 0.00028729843325, 0.000207791876164, 0.00923700071871, -0.00112297700252, -0.00233535794541, -0.000708327628672, 0.00138668250293, -0.0016374818515, -0.000342702842318, -6.79835575284e-05], [8.63462191774e-05, -0.000460955896415, 0.000202824812732, -0.00136941007804, 0.00143095338717, -0.00112297700252, 0.00799111928791, -0.00206467718817, -0.000422779994551, -0.00175296398811, 0.000714360270649, -0.000886538124178, -0.00165185949299], [-0.000232690552366, 4.795327186e-05, -0.000546166847926, 0.000760086986702, -0.00105311768129, -0.00233535794541, -0.00206467718817, 0.0127364955842, -0.00158443278633, -5.90540985286e-05, -0.00187529157847, 0.00284601026215, -0.00265557225794], [0.000419251649873, 0.000239607717958, -0.000592153170146, -0.00188191002235, -6.71321613481e-05, -0.000708327628672, -0.000422779994551, -0.00158443278633, 0.0123874787241, -0.00219468679279, 0.00040617652121, -0.00092159252381, 0.00308225373738], [-0.000159189410624, -9.99334079097e-05, -0.000899036647752, -0.000762131006923, -0.00227778987028, 0.00138668250293, -0.00175296398811, -5.90540985286e-05, -0.00219468679279, 0.0149247292429, -0.00436267396435, 0.00113686779514, -0.000862470304128], [-6.55804469716e-05, -0.000921812781598, -0.00154503912199, -0.00165342330001, 0.00241866568103, -0.0016374818515, 0.000714360270649, -0.00187529157847, 0.00040617652121, -0.00436267396435, 0.0182898920029, -0.00141250307206, 0.000438974326244], [-0.000284597248537, -0.000829655211419, -8.92441967153e-05, 0.000477251771372, -0.000573780562263, -0.000342702842318, -0.000886538124178, 0.00284601026215, -0.00092159252381, 0.00113686779514, -0.00141250307206, 0.0160406138748, -0.0048240008764], [0.000210208338103, -6.91975365044e-05, -0.000863870722242, -0.00100325106177, 0.000573524797801, -6.79835575284e-05, -0.00165185949299, -0.00265557225794, 0.00308225373738, -0.000862470304128, 0.000438974326244, -0.0048240008764, 0.0178623627871]]
    },
    "spectral_contrast_coeffs": {
        "max": [-0.348640948534, -0.509933888912, -0.571694195271, -0.645731985569, -0.626704096794, -0.573887884617],
        "mean": [-0.596218645573, -0.707413673401, -0.753073692322, -0.777071356773, -0.78844422102, -0.75482827425],
        "min": [-0.832815945148, -0.903154611588, -0.902580678463, -0.906090378761, -0.892545938492, -0.96514326334],
        "stdev": [0.0811661705375, 0.0667898356915, 0.0467566661537, 0.0408449843526, 0.0373208709061, 0.0413930825889]
    },
    "spectral_contrast_valleys": {
        "max": [-5.13939428329, -4.87287187576, -5.63102054596, -6.0043797493, -5.90424728394, -7.39297103882],
        "mean": [-7.01368141174, -6.49060583115, -7.35065364838, -7.83400297165, -8.58045959473, -11.3854827881],
        "min": [-9.31254863739, -8.98574924469, -10.026465416, -10.2405576706, -10.8176364899, -13.7300338745],
        "stdev": [0.664165496826, 0.546988844872, 0.615574538708, 0.60147690773, 0.75191873312, 1.4405272007]
    }
},
"rhythm": {
    "beats_count": 80,
    "beats_loudness": {
        "max": 0.107551142573,
        "mean": 0.0339149348438,
        "min": 0.00132242660038,
        "stdev": 0.0201498363167
    },
    "bpm": 154.437530518,
    "bpm_histogram_first_peak_bpm": 157,
    "bpm_histogram_first_peak_weight": 0.47058826685,
    "bpm_histogram_second_peak_bpm": 152,
    "bpm_histogram_second_peak_spread": 0.272727251053,
    "bpm_histogram_second_peak_weight": 0.202531650662,
    "danceability": 1.09907877445,
    "onset_rate": 2.58398413658,
    "beats_loudness_band_ratio": {
        "max": [0.876829206944, 0.831170141697, 0.581137657166, 0.436269283295, 0.127535328269, 0.703573584557],
        "mean": [0.207583710551, 0.467752307653, 0.250919520855, 0.0971869528294, 0.031910687685, 0.0414222851396],
        "min": [0.00272102979943, 0.0550717189908, 0.0169505979866, 0.00804267358035, 0.00221960013732, 0.000487068842631],
        "stdev": [0.175438806415, 0.194381400943, 0.122692935169, 0.076157733798, 0.0283598564565, 0.123516507447]
    },
