{
"metadata": {
    "version": {
        "essentia": "2.1-beta5",
        "essentia_git_sha": "Undefined",
        "extractor": "music 2.0"
    },
    "audio_properties": {
        "analysis": {
            "equal_loudness": 0,
            "length": 48.7502937317,
            "sample_rate": 44100,
            "start_time": 12.7477550507,
            "downmix": "mix"
        },
        "bit_rate": 192000,
        "length": 184.737960815,
        "lossless": 0,
        "number_channels": 2,
        "replay_gain": -6.79623985291,
        "sample_rate": 44100,
        "codec": "mp3",
        "md5_encoded": "2dbd560bef54a3fbee72540c28b43a81"
    },
    "tags": {
        "file_name": "Denmark_Fra Mols Til Skagen_Aud Wilken.mp3",
        "encoding": ["Lavf58.29.100"]
    }
},
"lowlevel": {
    "average_loudness": 0.890083014965,
    "barkbands_crest": {
        "max": 26.4289455414,
        "mean": 14.3030538559,
        "min": 3.94221735001,
        "stdev": 4.83183908463
    },
    "barkbands_flatness_db": {
        "max": 0.441000789404,
        "mean": 0.245509892702,
        "min": 0.0757685229182,
        "stdev": 0.0566899627447
    },
    "barkbands_kurtosis": {
        "max": 297.733612061,
        "mean": 19.1659393311,
        "min": -1.90123736858,
        "stdev": 25.7272701263
    },
    "barkbands_skewness": {
        "max": 15.8754653931,
        "mean": 2.74320483208,
        "min": -1.68553721905,
        "stdev": 1.68781590462
    },
    "barkbands_spread": {
        "max": 91.9385452271,
        "mean": 6.86046457291,
        "min": 0.270742118359,
        "stdev": 8.58743000031
    },
    "dissonance": {
        "max": 0.49941316247,
        "mean": 0.420151621103,
        "min": 0.259871780872,
        "stdev": 0.0473465435207
    },
    "dynamic_complexity": 4.64153003693,
    "erbbands_crest": {
        "max": 27.9471759796,
        "mean": 12.3065338135,
        "min": 3.18752074242,
        "stdev": 4.70283746719
    },
    "erbbands_flatness_db": {
        "max": 0.372721165419,
        "mean": 0.226269006729,
        "min": 0.0769390910864,
        "stdev": 0.0500273443758
    },
    "erbbands_kurtosis": {
        "max": 113.628051758,
        "mean": 5.12810182571,
        "min": -1.75236213207,
        "stdev": 9.03363323212
    },
    "erbbands_skewness": {
        "max": 8.77938365936,
        "mean": 1.52246892452,
        "min": -2.87861585617,
        "stdev": 1.26072192192
    },
    "erbbands_spread": {
        "max": 123.596321106,
        "mean": 22.7217121124,
        "min": 1.71130812168,
        "stdev": 15.9049043655
    },
    "hfc": {
        "max": 64.1845626831,
        "mean": 7.6374206543,
        "min": 0.0421875528991,
        "stdev": 8.96751213074
    },
    "loudness_ebu128": {
        "integrated": -19.0633220673,
        "loudness_range": 3.92765808105,
        "momentary": {
            "max": -13.6900253296,
            "mean": -20.2099590302,
            "min": -32.8578262329,
            "stdev": 3.30595612526
        },
        "short_term": {
            "max": -16.9375801086,
            "mean": -19.2921543121,
            "min": -23.2254581451,
            "stdev": 1.43143296242
        }
    },
    "melbands_crest": {
        "max": 31.428527832,
        "mean": 16.3561687469,
        "min": 5.05732631683,
        "stdev": 5.08840227127
    },
    "melbands_flatness_db": {
        "max": 0.549449265003,
        "mean": 0.330739825964,
        "min": 0.058508452028,
        "stdev": 0.0707328766584
    },
    "melbands_kurtosis": {
        "max": 292.890014648,
        "mean": 23.5736541748,
        "min": -1.49293231964,
        "stdev": 25.8418102264
    },
    "melbands_skewness": {
        "max": 11.8456249237,
        "mean": 2.97661685944,
        "min": -1.00265514851,
        "stdev": 1.51703810692
    },
    "melbands_spread": {
        "max": 123.085395813,
        "mean": 7.5984954834,
        "min": 0.374870479107,
        "stdev": 9.38480091095
    },
    "pitch_salience": {
        "max": 0.86708688736,
        "mean": 0.528399646282,
        "min": 0.12201077491,
        "stdev": 0.123992435634
    },
    "silence_rate_20dB": {
        "max": 1,
        "mean": 1,
        "min": 1,
        "stdev": 0
    },
    "silence_rate_30dB": {
        "max": 1,
        "mean": 0.99857211113,
        "min": 0,
        "stdev": 0.037760540843
    },
    "silence_rate_60dB": {
        "max": 1,
        "mean": 0.206092342734,
        "min": 0,
        "stdev": 0.404502362013
    },
    "spectral_centroid": {
        "max": 3947.04443359,
        "mean": 522.442810059,
        "min": 160.456115723,
        "stdev": 403.569610596
    },
    "spectral_complexity": {
        "max": 35,
        "mean": 7.99904823303,
        "min": 0,
        "stdev": 4.84190654755
    },
    "spectral_decrease": {
        "max": -4.40080576147e-11,
        "mean": -4.97999685933e-09,
        "min": -4.05655669056e-08,
        "stdev": 5.29740384891e-09
    },
    "spectral_energy": {
        "max": 0.157258883119,
        "mean": 0.0194883737713,
        "min": 0.0001706337207,
        "stdev": 0.020689221099
    },
    "spectral_energyband_high": {
        "max": 0.00337643665262,
        "mean": 8.0850928498e-05,
        "min": 9.59473027251e-07,
        "stdev": 0.000235903615248
    },
    "spectral_energyband_low": {
        "max": 0.0211718510836,
        "mean": 0.00169210950844,
        "min": 4.5606002459e-06,
        "stdev": 0.00245940848254
    },
    "spectral_energyband_middle_high": {
        "max": 0.042845454067,
        "mean": 0.00154037738685,
        "min": 2.70854707196e-06,
        "stdev": 0.00316659850068
    },
    "spectral_energyband_middle_low": {
        "max": 0.155942976475,
        "mean": 0.0166854914278,
        "min": 3.61996389984e-05,
        "stdev": 0.019319338724
    },
    "spectral_entropy": {
        "max": 8.34604644775,
        "mean": 6.5274310112,
        "min": 4.54664611816,
        "stdev": 0.603565871716
    },
    "spectral_flux": {
        "max": 0.270672261715,
        "mean": 0.0647409111261,
        "min": 0.00411015795544,
        "stdev": 0.0455456376076
    },
    "spectral_kurtosis": {
        "max": 66.1150970459,
        "mean": 12.839963913,
        "min": -1.03816604614,
        "stdev": 9.22706031799
    },
    "spectral_rms": {
        "max": 0.0123864160851,
        "mean": 0.0037664140109,
        "min": 0.000408009713283,
        "stdev": 0.00219708727673
    },
    "spectral_rolloff": {
        "max": 7321.2890625,
        "mean": 582.196960449,
        "min": 129.19921875,
        "stdev": 768.256652832
    },
    "spectral_skewness": {
        "max": 6.65332841873,
        "mean": 2.63709425926,
        "min": -0.304485857487,
        "stdev": 1.04487013817
    },
    "spectral_spread": {
        "max": 26722868,
        "mean": 3216195.5,
        "min": 1054000.125,
        "stdev": 1246558.875
    },
    "spectral_strongpeak": {
        "max": 6.72655153275,
        "mean": 0.767180323601,
        "min": 0.0137809952721,
        "stdev": 0.751762449741
    },
    "zerocrossingrate": {
        "max": 0.21533203125,
        "mean": 0.0244875028729,
        "min": 0.00439453125,
        "stdev": 0.0194677971303
    },
    "barkbands": {
        "max": [0.000154508263222, 0.00527184270322, 0.0131700560451, 0.027856554836, 0.12259311974, 0.0563864931464, 0.0202119387686, 0.0253704637289, 0.0578286461532, 0.0190923754126, 0.0268375054002, 0.0402488335967, 0.00787455867976, 0.0119301686063, 0.00292377662845, 0.00615997612476, 0.00298970844597, 0.00222522439435, 0.00183727068361, 0.002493013395, 0.000704547856003, 0.00195545959286, 0.00122673879378, 0.000485005934024, 4.11519067711e-05, 1.23881034142e-06, 9.7454403658e-07],
        "mean": [4.66474875793e-06, 0.000525416748133, 0.00077426363714, 0.0013213227503, 0.0103451190516, 0.00221432209946, 0.00085990538355, 0.000929892004933, 0.000801858026534, 0.000525200332049, 0.000291126605589, 0.000233922153711, 9.1451453045e-05, 0.000194636813831, 5.97066682531e-05, 6.00394887442e-05, 5.38551103091e-05, 4.81673159811e-05, 5.02729672007e-05, 5.67872848478e-05, 1.58379334607e-05, 1.42102271639e-05, 1.19150590763e-05, 3.55207498615e-06, 6.72035412208e-07, 2.82742604441e-07, 2.26387601998e-08],
        "min": [2.83676793167e-09, 1.39156568935e-07, 4.25634084422e-07, 2.36127334574e-07, 4.81077358927e-06, 2.50069365393e-06, 7.93566869106e-07, 2.85332362182e-07, 4.45249042968e-07, 1.98412237751e-07, 2.59374047573e-07, 1.77676838575e-07, 9.3614829666e-08, 5.92210760431e-08, 1.16218849655e-07, 1.11547109327e-07, 5.72787115516e-08, 5.35681934366e-08, 8.99128878018e-08, 8.54853112742e-08, 1.11004460734e-07, 7.03236366917e-08, 7.18723640603e-08, 1.30333873471e-07, 1.45412997199e-07, 1.56739076829e-07, 3.48781026283e-09],
        "stdev": [9.05601700651e-06, 0.000735472538508, 0.00144961941987, 0.0029345753137, 0.0140063175932, 0.00536671141163, 0.00183488067705, 0.0024374704808, 0.00252080080099, 0.00158271868713, 0.00092139368644, 0.00107059197035, 0.000380545854568, 0.000792652310338, 0.000187847792404, 0.000247098651016, 0.000239262721152, 0.000185766577488, 0.000122609984828, 0.000199841539143, 4.67883437523e-05, 8.65195761435e-05, 7.42306292523e-05, 2.09167264984e-05, 1.98158772946e-06, 4.72021355336e-08, 3.11252037477e-08]
    },
    "erbbands": {
        "max": [0.107801899314, 1.42532515526, 11.624578476, 44.9415283203, 195.891143799, 491.263580322, 901.181274414, 447.83013916, 233.858703613, 507.586090088, 664.416381836, 1793.17370605, 639.883789062, 754.585693359, 1353.09094238, 972.945983887, 356.579833984, 672.835388184, 165.640350342, 142.437362671, 219.963027954, 124.848831177, 128.218170166, 121.024620056, 54.0276412964, 141.71736145, 34.434513092, 38.7672805786, 78.2192001343, 68.5761795044, 31.4796447754, 17.6182785034, 3.55420899391, 0.857885420322, 0.0962148755789, 0.00773442257196, 0.00212247553281, 0.000673675152939, 0.000142905060784, 0.00017346048844],
        "mean": [0.0105444071814, 0.143210142851, 0.727383971214, 2.70226788521, 14.3831396103, 38.2801055908, 41.5758132935, 14.0082464218, 11.3332042694, 17.9597911835, 16.0325336456, 22.1477298737, 15.6634178162, 13.1270961761, 16.3064193726, 8.24397468567, 4.6387925148, 9.78738689423, 5.20863342285, 2.68930745125, 3.31950044632, 2.70650172234, 2.36345267296, 3.29436802864, 1.94830441475, 2.98426485062, 1.18384754658, 0.497606575489, 0.522120475769, 0.434144586325, 0.321628630161, 0.12519030273, 0.0361026972532, 0.0107514383271, 0.00336648966186, 0.00134078587871, 0.000487729674205, 9.2930822575e-05, 1.14550821309e-05, 2.19279991143e-05],
        "min": [1.87309815374e-05, 0.000382608530344, 0.00284560071304, 0.00297749508172, 0.0203747842461, 0.00842417962849, 0.0215674377978, 0.0274929478765, 0.013062691316, 0.0103912623599, 0.0125402109697, 0.0122626423836, 0.0112553499639, 0.0137718925253, 0.0115140983835, 0.00653436779976, 0.00571731245145, 0.00474308710545, 0.00651121838018, 0.00384339736775, 0.00615133205429, 0.00401834212244, 0.00313568371348, 0.00436072610319, 0.00493783177808, 0.00368166528642, 0.00367184681818, 0.00414186203852, 0.00252937013283, 0.00196160492487, 0.00239663524553, 0.0024500421714, 0.00211210595444, 0.00158126477618, 0.0010395135032, 0.000603861641139, 0.00028675107751, 4.26726837759e-05, 1.09911331947e-06, 2.31173558518e-07],
        "stdev": [0.0151419434696, 0.199505060911, 1.28463542461, 4.9133849144, 26.2287025452, 56.6149787903, 85.114616394, 27.553850174, 23.1206798553, 41.0796966553, 46.98412323, 75.2539825439, 45.1290550232, 47.3513069153, 51.8469161987, 30.7072982788, 16.96758461, 40.8382110596, 14.4751348495, 8.14441680908, 12.9167098999, 10.823600769, 9.1026058197, 9.1453294754, 4.72081327438, 11.1296825409, 2.80755162239, 2.06060361862, 3.25305843353, 2.70585560799, 1.96308946609, 0.779693603516, 0.179811701179, 0.0444549247622, 0.00451015727594, 0.000390891713323, 8.24244489195e-05, 2.62505564024e-05, 1.06091019916e-05, 2.3071825126e-05]
    },
    "gfcc": {
        "mean": [-117.396697998, 144.421432495, -94.2668151855, 14.3233261108, -62.4745445251, -7.2237200737, -36.7132492065, -8.13419532776, -35.42237854, -7.02903604507, -14.4345550537, -7.50581979752, -6.76647424698],
        "cov": [[4287.78222656, 437.666900635, -2034.56567383, -156.156509399, -349.779174805, -737.075012207, 195.568359375, -363.878936768, 35.942489624, -350.642974854, 198.016815186, -343.340332031, 142.305633545], [437.666900635, 489.405548096, -1.39609336853, -270.680267334, 120.101318359, -162.903778076, 35.1034812927, -31.4136943817, -70.1532821655, -24.4212970734, 46.5395202637, -83.1182785034, 7.22322130203], [-2034.56567383, -1.39609336853, 1521.83544922, 262.355163574, 173.924804688, 413.896331787, -56.181842804, 124.679504395, 42.8288574219, 138.861236572, -78.5756912231, 147.52305603, -81.4144363403], [-156.156509399, -270.680267334, 262.355163574, 563.273986816, 39.2370033264, 158.669540405, 57.4471664429, 59.7459564209, 141.077774048, 24.2003421783, -41.9018516541, 48.2184143066, -17.0195217133], [-349.779174805, 120.101318359, 173.924804688, 39.2370033264, 320.36038208, 80.5674133301, 12.3614530563, 96.3816223145, -33.9203453064, 45.1100463867, -17.1021022797, 5.81308078766, -8.69112491608], [-737.075012207, -162.903778076, 413.896331787, 158.669540405, 80.5674133301, 428.816711426, 88.0877227783, 64.6022415161, 16.138835907, 81.7689056396, -16.8077068329, 64.4331436157, -40.0013885498], [195.568359375, 35.1034812927, -56.181842804, 57.4471664429, 12.3614530563, 88.0877227783, 181.332977295, 47.4668388367, -16.9337806702, 19.0931415558, 28.3034687042, -20.8315315247, -2.14500594139], [-363.878936768, -31.4136943817, 124.679504395, 59.7459564209, 96.3816223145, 64.6022415161, 47.4668388367, 187.497833252, 41.0107269287, 55.3180885315, -2.88648486137, 38.8340110779, -6.77995347977], [35.942489624, -70.1532821655, 42.8288574219, 141.077774048, -33.9203453064, 16.138835907, -16.9337806702, 41.0107269287, 135.671188354, 30.4500465393, -15.0658321381, 23.7748222351, 0.654688477516], [-350.642974854, -24.4212970734, 138.861236572, 24.2003421783, 45.1100463867, 81.7689056396, 19.0931415558, 55.3180885315, 30.4500465393, 134.826965332, 12.0319490433, 15.770152092, -17.956155777], [198.016815186, 46.5395202637, -78.5756912231, -41.9018516541, -17.1021022797, -16.8077068329, 28.3034687042, -2.88648486137, -15.0658321381, 12.0319490433, 93.5353088379, 0.289939880371, 5.66288805008], [-343.340332031, -83.1182785034, 147.52305603, 48.2184143066, 5.81308078766, 64.4331436157, -20.8315315247, 38.8340110779, 23.7748222351, 15.770152092, 0.289939880371, 115.687698364, 9.79873371124], [142.305633545, 7.22322130203, -81.4144363403, -17.0195217133, -8.69112491608, -40.0013885498, -2.14500594139, -6.77995347977, 0.654688477516, -17.956155777, 5.66288805008, 9.79873371124, 59.8683128357]],
        "icov": [[0.0131926257163, -0.018572781235, 0.0156328808516, -0.0126974768937, 0.0077186464332, -0.00144498585723, -0.0040383329615, 0.0100779840723, -0.0121943345293, 0.0138194281608, -0.0119446674362, 0.00866163522005, -0.00632636202499], [-0.018572781235, 0.0396141931415, -0.0265252292156, 0.0271277185529, -0.0206230022013, 0.0099488273263, -0.00666806939989, -0.00650858879089, 0.0062238802202, -0.0144678940997, 0.0116275688633, -0.00779878534377, 0.00945479329675], [0.0156328808516, -0.0265252292156, 0.0212534237653, -0.0185395684093, 0.0123077686876, -0.00522584142163, 0.000349019508576, 0.00901320390403, -0.01013687253, 0.0140909561887, -0.011919952929, 0.00806543137878, -0.00685399444774], [-0.0126974768937, 0.0271277185529, -0.0185395684093, 0.0218737591058, -0.0149883273989, 0.00649599637836, -0.00647948263213, -0.00347165321, 0.000143698969623, -0.00869017001241, 0.00862317625433, -0.00599561445415, 0.00701195374131], [0.0077186464332, -0.0206230022013, 0.0123077686876, -0.0149883273989, 0.0163195356727, -0.00708060059696, 0.00801495835185, -0.00265975506045, 0.00410888437182, 0.0034083398059, -0.00273116538301, 0.00322823948227, -0.00505111599341], [-0.00144498585723, 0.0099488273263, -0.00522584142163, 0.00649599637836, -0.00708060059696, 0.00934408511966, -0.00959667656571, 0.00434101745486, -0.00504878768697, 0.000159416551469, -0.000938432465773, -0.000419705320382, 0.00259814434685], [-0.0040383329615, -0.00666806939989, 0.000349019508576, -0.00647948263213, 0.00801495835185, -0.00959667656571, 0.0224568489939, -0.0139805106446, 0.0177400000393, -0.0093659767881, 0.00584512483329, -0.00322336144745, -1.94606855075e-05], [0.0100779840723, -0.00650858879089, 0.00901320390403, -0.00347165321, -0.00265975506045, 0.00434101745486, -0.0139805106446, 0.0215504541993, -0.0197056010365, 0.0120843630284, -0.0114268464968, 0.00587767316028, -0.00348704820499], [-0.0121943345293, 0.0062238802202, -0.01013687253, 0.000143698969623, 0.00410888437182, -0.00504878768697, 0.0177400000393, -0.0197056010365, 0.0349997058511, -0.0204290356487, 0.0161988884211, -0.0112176025286, 0.00391142675653], [0.0138194281608, -0.0144678940997, 0.0140909561887, -0.00869017001241, 0.0034083398059, 0.000159416551469, -0.0093659767881, 0.0120843630284, -0.0204290356487, 0.0270919892937, -0.016781475395, 0.0112126274034, -0.00467572500929], [-0.0119446674362, 0.0116275688633, -0.011919952929, 0.00862317625433, -0.00273116538301, -0.000938432465773, 0.00584512483329, -0.0114268464968, 0.0161988884211, -0.016781475395, 0.0257319957018, -0.0115013457835, 0.005360850133], [0.00866163522005, -0.00779878534377, 0.00806543137878, -0.00599561445415, 0.00322823948227, -0.000419705320382, -0.00322336144745, 0.00587767316028, -0.0112176025286, 0.0112126274034, -0.0115013457835, 0.0199915133417, -0.00834403932095], [-0.00632636202499, 0.00945479329675, -0.00685399444774, 0.00701195374131, -0.00505111599341, 0.00259814434685, -1.94606855075e-05, -0.00348704820499, 0.00391142675653, -0.00467572500929, 0.005360850133, -0.00834403932095, 0.0232934411615]]
    },
    "melbands": {
        "max": [0.00115836551413, 0.00460124202073, 0.0120929311961, 0.0178472660482, 0.0329377427697, 0.00965864956379, 0.00363991456106, 0.00568288750947, 0.00505866296589, 0.0114150606096, 0.0031424947083, 0.00328036979772, 0.00378775945865, 0.00568496109918, 0.000892339041457, 0.000917714089155, 0.00152779067867, 0.000337274366757, 0.000218366709305, 0.000537293206435, 0.000219890629523, 0.000175027904334, 0.000128051557112, 0.000157075424795, 0.000113867405162, 3.80983401556e-05, 8.63935711095e-05, 9.0403817012e-05, 2.88069713861e-05, 1.70140065165e-05, 2.37613894569e-05, 5.21294568898e-05, 3.84461454814e-05, 3.83591032005e-05, 2.07270713872e-05, 1.49402003444e-05, 8.42228655529e-06, 2.47342222792e-06, 1.87048681255e-06, 4.73781028631e-07],
        "mean": [0.000123229488963, 0.000322969834087, 0.00078634521924, 0.00190205452964, 0.00165672053117, 0.000312942545861, 0.000174927990884, 0.000206842043553, 0.000124376281747, 0.000135735623189, 7.34688073862e-05, 5.25382820342e-05, 4.49539766123e-05, 3.75813142455e-05, 1.12100024126e-05, 9.23129664443e-06, 2.02435312531e-05, 9.22915842239e-06, 3.89596198147e-06, 4.04599813919e-06, 4.0020436245e-06, 3.21263701153e-06, 1.70199450622e-06, 2.62136313722e-06, 2.75196202892e-06, 1.46829438563e-06, 1.42452097407e-06, 2.15603427023e-06, 8.74743648183e-07, 3.35623525416e-07, 2.65290992729e-07, 3.04658527739e-07, 2.6074783932e-07, 2.36056166614e-07, 2.06246838275e-07, 1.16466935651e-07, 5.95520681657e-08, 2.5517694624e-08, 1.60230424484e-08, 6.41714859029e-09],
        "min": [1.22757811027e-07, 5.27906195202e-07, 6.44183160148e-07, 7.8976779605e-07, 8.22285471713e-07, 4.25560642725e-07, 1.99140870905e-07, 1.24696512671e-07, 9.74712577317e-08, 4.83180677691e-08, 5.22269019143e-08, 4.40630358867e-08, 3.19581019426e-08, 1.5871798098e-08, 2.07784740525e-08, 1.39613831607e-08, 7.26736493206e-09, 7.2022325881e-09, 6.39429886817e-09, 6.5168630492e-09, 5.94869487003e-09, 3.68759200953e-09, 2.58515231444e-09, 2.01409067202e-09, 3.26607607626e-09, 3.19480975008e-09, 2.63567079273e-09, 2.6021556021e-09, 1.663916116e-09, 2.51926568495e-09, 1.75824532711e-09, 1.27109867076e-09, 1.26903643149e-09, 1.0200070788e-09, 1.43990619428e-09, 1.03579855804e-09, 1.78548964502e-09, 1.41846179247e-09, 1.30318866809e-09, 1.32203414882e-09],
        "stdev": [0.000168714803294, 0.000509435194544, 0.0014627991477, 0.00262910057791, 0.00299347774126, 0.000649243767839, 0.000369549379684, 0.000486729899421, 0.000374551920686, 0.000464929093141, 0.000223581009777, 0.000203391638934, 0.000137062248541, 0.000158243550686, 4.40276708105e-05, 3.28825080942e-05, 8.99614751688e-05, 2.77924391412e-05, 1.22747942441e-05, 1.87881232705e-05, 1.65569144883e-05, 1.40588072099e-05, 5.99235681875e-06, 1.11411154649e-05, 7.73724877945e-06, 3.26276745e-06, 5.18113711223e-06, 8.173428796e-06, 2.1665832719e-06, 1.06792720089e-06, 1.29890963763e-06, 1.97296049009e-06, 1.69336396993e-06, 1.53451128426e-06, 1.29634645418e-06, 7.47927288103e-07, 3.60839607083e-07, 1.232273803e-07, 8.28603603509e-08, 2.13869242316e-08]
    },
    "melbands128": {
        "max": [9.85525766737e-05, 0.000797339424025, 0.00179128162563, 0.00289678364061, 0.00603231228888, 0.00695430580527, 0.00704815378413, 0.017928108573, 0.0261853244156, 0.0271654035896, 0.0339587405324, 0.057824678719, 0.0454146191478, 0.0160145647824, 0.0142561430112, 0.00564191676676, 0.00504512246698, 0.00640199845657, 0.00712981354445, 0.00936021376401, 0.0102714719251, 0.00779236992821, 0.00978466495872, 0.00555467559025, 0.0178069192916, 0.0134246079251, 0.00532648060471, 0.00593344029039, 0.00425669969991, 0.00618789158762, 0.00378520577215, 0.000833690399304, 0.00332442112267, 0.00908110942692, 0.0115173943341, 0.0050759036094, 0.00153289386071, 0.00151755812112, 0.00236174836755, 0.000903004547581, 0.00191965699196, 0.00183334096801, 0.00264396797866, 0.00263148057275, 0.00086175580509, 0.000389048887882, 0.000733564316761, 0.000422860030085, 0.000146915816003, 0.000271412049187, 0.000898585713003, 0.000833008962218, 0.000255809398368, 0.000466024939669, 0.00048970541684, 0.000319584301906, 9.95068257907e-05, 0.000264936126769, 7.73900683271e-05, 0.000145939091453, 0.000346363493009, 0.000196357490495, 0.000173752967385, 0.000186031684279, 7.66746961745e-05, 5.74853183934e-05, 5.56877021154e-05, 6.28418929409e-05, 0.000154634632054, 0.00023927478469, 0.000206686891033, 0.000127527295263, 5.1880862884e-05, 4.48466889793e-05, 3.45954285876e-05, 1.9245682779e-05, 2.39878936554e-05, 2.37784497585e-05, 2.72531560768e-05, 3.62037535524e-05, 7.38044909667e-05, 6.54315881548e-05, 3.67327884305e-05, 5.61388260394e-05, 2.69219690381e-05, 8.6888219812e-05, 4.50916886621e-05, 2.87071343337e-05, 2.85791538772e-05, 1.92778570636e-05, 1.4035374079e-05, 2.11777423829e-05, 1.32626919367e-05, 8.57368468132e-06, 5.18476463185e-06, 2.33962896345e-06, 2.49102868111e-06, 2.7029263947e-06, 2.52524182542e-06, 1.41087434713e-06, 7.82176414305e-07, 3.19018994333e-07, 2.24219348866e-07, 1.54832449084e-07, 8.58482209765e-08, 4.10580760501e-08, 2.57789611879e-08, 2.3937046123e-08, 2.03929637621e-08, 7.08995573362e-09, 8.20244494548e-09, 7.77469821855e-09, 6.26875173992e-09, 5.69069502632e-09, 6.21969720171e-09, 5.97688343262e-09, 5.00843633233e-09, 4.53482273954e-09, 4.39193748036e-09, 4.27449231566e-09, 4.17105638917e-09, 4.07694056292e-09, 3.99449451294e-09, 3.93300991774e-09, 3.88320531286e-09, 3.82709419711e-09, 3.79540887607e-09, 3.77743969437e-09],
        "mean": [4.09134736401e-06, 5.57959792786e-05, 0.000181372204679, 0.000237482076045, 0.000308310496621, 0.000408550840802, 0.000401720084483, 0.000818087952211, 0.00143083289731, 0.00190575246233, 0.00215474213473, 0.00257142609917, 0.00152993376832, 0.000565925089177, 0.000329347763909, 0.00014204326726, 0.000111080393253, 0.000231499332585, 0.000187806552276, 0.000187121811905, 0.000259074440692, 0.000133044406539, 0.000109530636109, 8.98934304132e-05, 0.000178842004971, 0.000146825026604, 5.45536786376e-05, 9.6634044894e-05, 4.38367824245e-05, 7.16239446774e-05, 5.39147222298e-05, 1.53610544658e-05, 3.36420162057e-05, 8.61621228978e-05, 4.6435285185e-05, 2.40254576056e-05, 1.68417682289e-05, 6.96935785527e-06, 1.27116636577e-05, 8.72953751241e-06, 7.24469828128e-06, 1.08693720904e-05, 2.10082780541e-05, 3.00034353131e-05, 9.04261560208e-06, 5.71697773921e-06, 7.9316787378e-06, 3.77081869374e-06, 1.91026242646e-06, 3.44951649822e-06, 4.94642063131e-06, 4.31658509115e-06, 2.72758393294e-06, 4.39847053713e-06, 5.42296766071e-06, 2.93907987725e-06, 1.4998511233e-06, 2.10546045309e-06, 1.42294197758e-06, 1.53248674906e-06, 3.29147451339e-06, 2.51556275543e-06, 3.42046655533e-06, 2.77832577922e-06, 1.85285421139e-06, 1.42082751609e-06, 1.23278812225e-06, 1.13150053949e-06, 1.19226524475e-06, 2.27666600949e-06, 2.54404358202e-06, 2.03383774533e-06, 1.13336579943e-06, 7.25892107312e-07, 4.60826043991e-07, 3.46989935451e-07, 2.68943011861e-07, 2.61706588844e-07, 2.42897129965e-07, 2.96076336781e-07, 3.14874085916e-07, 3.06783874748e-07, 2.88495527911e-07, 2.61592873585e-07, 2.22407152251e-07, 2.56333152038e-07, 2.24473993171e-07, 2.31595890909e-07, 2.2345477646e-07, 1.80727667498e-07, 1.29216459754e-07, 1.0195962119e-07, 8.5985448095e-08, 6.06687251548e-08, 4.53474910955e-08, 2.67808193399e-08, 2.26069580833e-08, 1.97720790851e-08, 1.80578751952e-08, 1.39610403238e-08, 7.21362658496e-09, 5.34705968391e-09, 4.33742863848e-09, 4.72520156336e-09, 3.25374682753e-09, 3.23785065426e-09, 2.85726353688e-09, 2.44600761867e-09, 2.20171214593e-09, 1.97357352683e-09, 2.01906535935e-09, 1.70120573184e-09, 1.45561518394e-09, 1.30792066066e-09, 1.12705977884e-09, 1.12194720181e-09, 7.6438883001e-10, 7.72152047163e-12, 7.12143495216e-12, 6.94236595294e-12, 6.7815258617e-12, 6.64510980963e-12, 6.50499229135e-12, 6.40099648633e-12, 6.3201254126e-12, 6.24355471837e-12, 6.19722632586e-12, 6.16245769691e-12],
        "min": [4.29784180467e-10, 6.01814598156e-09, 2.13740527499e-08, 4.48599841718e-08, 2.47097915462e-07, 1.53553855853e-07, 1.70040053149e-07, 1.53180153006e-07, 9.2300030019e-07, 2.41761057396e-07, 2.38472779301e-07, 5.03283331454e-07, 1.98218089054e-07, 2.94810178048e-07, 9.50321563664e-08, 1.75117733647e-08, 7.94787169411e-08, 7.27630293795e-08, 3.49515119069e-08, 6.32217762586e-08, 3.80818434564e-08, 2.1870247835e-08, 3.84193370451e-08, 3.16313233384e-08, 1.55863286722e-08, 1.15567573289e-08, 1.26197701178e-08, 1.33420590132e-08, 1.20355752031e-08, 7.39265626493e-09, 2.27414957976e-08, 1.22359091748e-08, 1.62813797999e-08, 7.35070315727e-09, 9.27925825067e-09, 3.06044101173e-09, 4.38685265891e-09, 6.42984554489e-09, 3.70596309196e-09, 3.5600189463e-09, 5.09329201037e-09, 3.73581166002e-09, 3.61466767629e-09, 2.70516231637e-09, 1.66108182764e-09, 3.90781362825e-09, 3.11964343247e-09, 4.24307877722e-09, 8.84544881785e-10, 1.70183001025e-09, 4.49807391334e-09, 2.30956653802e-09, 2.42256481542e-09, 1.91843541053e-09, 1.521549442e-09, 1.55162993565e-09, 1.4158852979e-09, 1.1027384561e-09, 1.48995704663e-09, 1.5704819667e-09, 1.17404119759e-09, 1.57513735388e-09, 1.04165132075e-09, 1.20303600415e-09, 2.18702544963e-09, 1.78374703896e-09, 1.96385463447e-09, 1.90402071887e-09, 1.32640731731e-09, 1.00792374447e-09, 9.9227925876e-10, 9.4294838604e-10, 1.25175525501e-09, 1.23144594522e-09, 7.74290243033e-10, 1.37239120068e-09, 1.15832332614e-09, 3.91747717599e-10, 6.42810915608e-10, 1.10891262839e-09, 6.08681716141e-10, 8.77583061776e-10, 7.9312634238e-10, 1.03627595394e-09, 7.50660478221e-10, 7.7354750383e-10, 1.09500697398e-09, 9.10238606711e-10, 1.01005270814e-09, 1.05726993826e-09, 7.61392893178e-10, 6.09246542105e-10, 1.14276521579e-09, 7.17193193722e-10, 1.65369506977e-09, 9.61734358818e-10, 7.66173846589e-10, 9.68273128343e-10, 1.05565678421e-09, 1.60873281363e-09, 9.13326470009e-10, 1.0018745833e-09, 9.42456668263e-10, 1.42589684504e-09, 8.57243276364e-10, 9.26431820147e-10, 9.24179344164e-10, 8.17036771572e-10, 5.15019915603e-10, 3.669369808e-10, 6.88863077691e-10, 6.02998206922e-10, 5.7037075063e-10, 4.53409504386e-10, 3.60347252037e-10, 3.67404606738e-10, 1.35232339216e-10, 2.01492522754e-13, 5.52654506902e-14, 7.5210813326e-14, 6.77180208609e-14, 6.68344435242e-14, 7.23837629375e-14, 7.61509182535e-14, 7.23482417638e-14, 7.68552634186e-14, 9.5492786855e-14, 7.0860248821e-14],
        "stdev": [8.02972772362e-06, 9.48150263866e-05, 0.000261711189523, 0.000372506590793, 0.000566135742702, 0.000766396697145, 0.000767859688494, 0.0019287847681, 0.00318584172055, 0.00346171739511, 0.0036092614755, 0.00499657075852, 0.00378769030795, 0.00147174636368, 0.00076127203647, 0.000356918375473, 0.000286126480205, 0.000611600407865, 0.000476939458167, 0.000572755117901, 0.000764420197811, 0.000438205519458, 0.000586391135585, 0.000324802094838, 0.00079327437561, 0.000520499597769, 0.000208615587326, 0.000400577468099, 0.00016826512001, 0.000347627850715, 0.000240932844463, 4.82505165564e-05, 0.000125050442875, 0.000321103696479, 0.000285618705675, 0.00013624021085, 7.69575199229e-05, 4.32460328739e-05, 8.73143144418e-05, 3.66376953025e-05, 4.58213071397e-05, 5.60361222597e-05, 0.000128153609694, 0.000153097586008, 4.23951787525e-05, 2.33097161981e-05, 3.53807408828e-05, 1.71175124706e-05, 8.02949762146e-06, 1.51459871631e-05, 3.03416381939e-05, 2.71591143246e-05, 1.26988752527e-05, 2.59094140347e-05, 3.24827669829e-05, 1.53954879352e-05, 6.38971050648e-06, 9.37436198001e-06, 5.81276481171e-06, 8.07861306384e-06, 1.85320477613e-05, 1.16868741316e-05, 1.22784413179e-05, 9.68414860836e-06, 5.72469843974e-06, 3.98211250285e-06, 2.96269081446e-06, 3.99929058403e-06, 5.18333217769e-06, 1.19684473248e-05, 1.23269346659e-05, 7.78247886046e-06, 3.27960628965e-06, 2.33504761127e-06, 1.48344201989e-06, 1.13098064958e-06, 1.1179087096e-06, 1.27365399294e-06, 1.21483822113e-06, 1.73997273123e-06, 2.27143755183e-06, 2.22471430789e-06, 1.85596309166e-06, 1.98961993192e-06, 1.31390345359e-06, 2.23771348828e-06, 1.61504442531e-06, 1.51509277657e-06, 1.50102277985e-06, 1.15683326385e-06, 8.17919044493e-07, 7.71000372879e-07, 5.95914173118e-07, 3.58517979748e-07, 2.65852293069e-07, 1.3102750529e-07, 1.04578418814e-07, 1.0742888179e-07, 1.07076850497e-07, 6.52253007161e-08, 3.31839551393e-08, 1.4355973299e-08, 9.73903535595e-09, 6.94068935658e-09, 3.56782670075e-09, 2.03737804405e-09, 1.25040955368e-09, 9.72004032818e-10, 8.57884985273e-10, 5.67218716441e-10, 5.766319644e-10, 4.95949115109e-10, 3.93159088619e-10, 4.02868932659e-10, 3.50030338048e-10, 3.28004540195e-10, 3.7397671071e-10, 1.39793093767e-10, 1.35464417461e-10, 1.31838526207e-10, 1.28647342779e-10, 1.25748633728e-10, 1.23195453838e-10, 1.21306076295e-10, 1.19749363203e-10, 1.18035581309e-10, 1.17061721427e-10, 1.16500656344e-10]
    },
    "mfcc": {
        "mean": [-771.430664062, 180.354721069, 16.1542205811, 24.8490161896, -6.70694446564, -1.7646317482, 1.46742534637, -7.21559095383, -12.9012613297, -2.38582634926, -14.1385622025, -9.50582122803, -6.413230896],
        "cov": [[5792.14990234, -31.5689468384, -1922.62207031, 103.498069763, -860.914245605, -422.603210449, -258.445892334, -133.502944946, -407.081237793, 187.741622925, -323.79699707, -185.784469604, -216.295471191], [-31.5689468384, 864.459777832, -154.886459351, -154.398239136, 21.5359668732, -184.585617065, 117.886222839, -129.247695923, -75.2635192871, -9.97496509552, -35.3157348633, -65.1356735229, 26.946723938], [-1922.62207031, -154.886459351, 1202.91027832, 81.8870620728, 269.167053223, 310.951751709, 28.9345149994, 109.003929138, 166.105163574, -89.3911514282, 130.146606445, 137.481216431, 96.0459442139], [103.498069763, -154.398239136, 81.8870620728, 343.342346191, 93.4294815063, 16.8618240356, -40.4387168884, 52.0116233826, 82.0344085693, -0.197484448552, 25.4768695831, 72.1315765381, -4.10655164719], [-860.914245605, 21.5359668732, 269.167053223, 93.4294815063, 330.105834961, 90.87109375, 37.2838783264, 52.7426986694, 89.0455245972, -8.76263237, 63.3817100525, 28.4026527405, 24.4893188477], [-422.603210449, -184.585617065, 310.951751709, 16.8618240356, 90.87109375, 297.361419678, 75.8603134155, 56.7337799072, 64.9352722168, 5.24145889282, 78.9868850708, 15.0655918121, 0.889615297318], [-258.445892334, 117.886222839, 28.9345149994, -40.4387168884, 37.2838783264, 75.8603134155, 264.137756348, 47.3075752258, 8.12341308594, 67.2778396606, 28.3419933319, 1.75342857838, 15.0920658112], [-133.502944946, -129.247695923, 109.003929138, 52.0116233826, 52.7426986694, 56.7337799072, 47.3075752258, 158.914382935, 60.53307724, -2.13109326363, 26.8098716736, 26.9809741974, 24.5205554962], [-407.081237793, -75.2635192871, 166.105163574, 82.0344085693, 89.0455245972, 64.9352722168, 8.12341308594, 60.53307724, 162.600326538, 10.3272647858, 52.688117981, 42.2417602539, 11.5025892258], [187.741622925, -9.97496509552, -89.3911514282, -0.197484448552, -8.76263237, 5.24145889282, 67.2778396606, -2.13109326363, 10.3272647858, 154.307312012, 27.1101379395, -24.0028457642, -12.8412027359], [-323.79699707, -35.3157348633, 130.146606445, 25.4768695831, 63.3817100525, 78.9868850708, 28.3419933319, 26.8098716736, 52.688117981, 27.1101379395, 120.616096497, 39.0184135437, 18.2240943909], [-185.784469604, -65.1356735229, 137.481216431, 72.1315765381, 28.4026527405, 15.0655918121, 1.75342857838, 26.9809741974, 42.2417602539, -24.0028457642, 39.0184135437, 127.309806824, 41.9808540344], [-216.295471191, 26.946723938, 96.0459442139, -4.10655164719, 24.4893188477, 0.889615297318, 15.0920658112, 24.5205554962, 11.5025892258, -12.8412027359, 18.2240943909, 41.9808540344, 82.1983261108]],
        "icov": [[0.00112565618474, -0.000747345678974, 0.00145064352546, -0.00128729199059, 0.00197546789423, -0.00170058419462, 0.00176276266575, -0.00162896688562, 0.00161475979257, -0.00165361934341, 0.00141672883183, -0.00103028456215, 0.000767628662288], [-0.000747345678974, 0.00284291128628, -0.00109812256414, 0.00125709210988, -0.00194519327488, 0.00316295912489, -0.0031718199607, 0.00318565010093, -0.00135400844738, 0.0022520928178, -0.00164277292788, 0.00216212472878, -0.00157399382442], [0.00145064352546, -0.00109812256414, 0.00354238273576, -0.0014623820316, 0.00186370266601, -0.00374595914036, 0.00267225573771, -0.00220755185001, 0.00151490001008, -0.00153847492766, 0.00183928234037, -0.00232095317915, -5.6582983234e-05], [-0.00128729199059, 0.00125709210988, -0.0014623820316, 0.0057567502372, -0.00345679488964, 0.00227217515931, -0.00133157952223, 0.00122340151574, -0.00289857666939, 0.00135847250931, -0.00106224184856, -0.00131267972756, 0.000605470675509], [0.00197546789423, -0.00194519327488, 0.00186370266601, -0.00345679488964, 0.00809317734092, -0.0033962354064, 0.00290871085599, -0.0033766888082, 0.00175137445331, -0.00258370349184, 0.00138831161894, -0.000715874601156, 0.000993434339762], [-0.00170058419462, 0.00316295912489, -0.00374595914036, 0.00227217515931, -0.0033962354064, 0.0103541417047, -0.00580061553046, 0.00352492672391, -0.00298362644389, 0.00393745210022, -0.00541887525469, 0.00415081949905, 6.1502837525e-06], [0.00176276266575, -0.0031718199607, 0.00267225573771, -0.00133157952223, 0.00290871085599, -0.00580061553046, 0.00975688919425, -0.00583932176232, 0.00349677936174, -0.00607632193714, 0.00334269693121, -0.00383857707493, 0.00141681462992], [-0.00162896688562, 0.00318565010093, -0.00220755185001, 0.00122340151574, -0.0033766888082, 0.00352492672391, -0.00583932176232, 0.0126939723268, -0.0049683325924, 0.0042542424053, -0.00251123448834, 0.00327228056267, -0.00419156206772], [0.00161475979257, -0.00135400844738, 0.00151490001008, -0.00289857666939, 0.00175137445331, -0.00298362644389, 0.00349677936174, -0.0049683325924, 0.0121027464047, -0.00371920526959, 0.000392124929931, -0.00294963875785, 0.00227346923202], [-0.00165361934341, 0.0022520928178, -0.00153847492766, 0.00135847250931, -0.00258370349184, 0.00393745210022, -0.00607632193714, 0.0042542424053, -0.00371920526959, 0.0119807943702, -0.00547757418826, 0.00454520061612, -0.00136517453939], [0.00141672883183, -0.00164277292788, 0.00183928234037, -0.00106224184856, 0.00138831161894, -0.00541887525469, 0.00334269693121, -0.00251123448834, 0.000392124929931, -0.00547757418826, 0.0151591608301, -0.00522900559008, 0.000243791233515], [-0.00103028456215, 0.00216212472878, -0.00232095317915, -0.00131267972756, -0.000715874601156, 0.00415081949905, -0.00383857707493, 0.00327228056267, -0.00294963875785, 0.00454520061612, -0.00522900559008, 0.0152844153345, -0.00640052603558], [0.000767628662288, -0.00157399382442, -5.6582983234e-05, 0.000605470675509, 0.000993434339762, 6.1502837525e-06, 0.00141681462992, -0.00419156206772, 0.00227346923202, -0.00136517453939, 0.000243791233515, -0.00640052603558, 0.0181756466627]]
    },
    "spectral_contrast_coeffs": {
        "max": [-0.301984667778, -0.434688985348, -0.463359296322, -0.589405179024, -0.620608270168, -0.574132859707],
        "mean": [-0.618728578091, -0.747514247894, -0.76248383522, -0.815074086189, -0.825115203857, -0.803270339966],
        "min": [-0.876662790775, -0.933434903622, -0.926112473011, -0.952103197575, -0.915419876575, -0.95895755291],
        "stdev": [0.115178368986, 0.0846615731716, 0.0839310288429, 0.0648038759828, 0.05586027354, 0.051135096699]
    },
    "spectral_contrast_valleys": {
        "max": [-5.24064016342, -4.83502531052, -5.91521263123, -6.74022817612, -6.34533929825, -9.16875743866],
        "mean": [-7.13071870804, -7.25262260437, -8.24532413483, -8.93126678467, -9.02579402924, -11.9380664825],
        "min": [-9.45469379425, -9.29653358459, -10.6243991852, -10.953619957, -10.6574792862, -12.6799764633],
        "stdev": [0.658634245396, 0.783850550652, 0.748000204563, 0.779216766357, 0.875635206699, 0.470197230577]
    }
},
"rhythm": {
    "beats_count": 81,
    "beats_loudness": {
        "max": 0.180185601115,
        "mean": 0.038146212697,
        "min": 0.00144250271842,
        "stdev": 0.029372593388
    },
    "bpm": 100.89289093,
    "bpm_histogram_first_peak_bpm": 101,
    "bpm_histogram_first_peak_weight": 0.410256445408,
    "bpm_histogram_second_peak_bpm": 96,
    "bpm_histogram_second_peak_spread": 0,
    "bpm_histogram_second_peak_weight": 0.0125000001863,
    "danceability": 1.18842148781,
    "onset_rate": 3.404296875,
    "beats_loudness_band_ratio": {
        "max": [0.906938254833, 0.977112770081, 0.591071426868, 0.416509240866, 0.119466498494, 0.425589352846],
        "mean": [0.319568842649, 0.547449529171, 0.150830075145, 0.046291872859, 0.0102638211101, 0.00960835348815],
        "min": [0.0117056285962, 0.120080858469, 0.00418820232153, 0.000874502118677, 0.000113193695142, 0.00011190182704],
        "stdev": [0.301817119122, 0.259148478508, 0.139571622014, 0.0719823390245, 0.0204727351665, 0.0477396287024]
    },
