{
"metadata": {
    "version": {
        "essentia": "2.1-beta5",
        "essentia_git_sha": "Undefined",
        "extractor": "music 2.0"
    },
    "audio_properties": {
        "analysis": {
            "equal_loudness": 0,
            "length": 32.4963264465,
            "sample_rate": 44100,
            "start_time": 45.2440834045,
            "downmix": "mix"
        },
        "bit_rate": 192000,
        "length": 204.068588257,
        "lossless": 0,
        "number_channels": 2,
        "replay_gain": -8.45209693909,
        "sample_rate": 48000,
        "codec": "mp3",
        "md5_encoded": "d6393265e11f1e2298ca31ccded1fabb"
    },
    "tags": {
        "file_name": "Portugal_Baunilha E Chocolate_Tó Cruz.mp3",
        "encoding": ["Lavf58.29.100"]
    }
},
"lowlevel": {
    "average_loudness": 0.849871039391,
    "barkbands_crest": {
        "max": 24.8502197266,
        "mean": 10.557882309,
        "min": 3.2163734436,
        "stdev": 4.5111207962
    },
    "barkbands_flatness_db": {
        "max": 0.311290711164,
        "mean": 0.170763015747,
        "min": 0.0461774691939,
        "stdev": 0.0453735254705
    },
    "barkbands_kurtosis": {
        "max": 62.0397262573,
        "mean": 6.3376584053,
        "min": -1.87185561657,
        "stdev": 7.6448225975
    },
    "barkbands_skewness": {
        "max": 6.50029277802,
        "mean": 1.69592154026,
        "min": -2.33830928802,
        "stdev": 1.09583902359
    },
    "barkbands_spread": {
        "max": 91.8098907471,
        "mean": 13.5457515717,
        "min": 1.47311043739,
        "stdev": 10.7966575623
    },
    "dissonance": {
        "max": 0.499245226383,
        "mean": 0.437882512808,
        "min": 0.255901843309,
        "stdev": 0.0398343205452
    },
    "dynamic_complexity": 3.76531672478,
    "erbbands_crest": {
        "max": 30.4008274078,
        "mean": 11.8283605576,
        "min": 2.78543758392,
        "stdev": 5.64714765549
    },
    "erbbands_flatness_db": {
        "max": 0.345802515745,
        "mean": 0.199464291334,
        "min": 0.0762719660997,
        "stdev": 0.0467088334262
    },
    "erbbands_kurtosis": {
        "max": 27.8694515228,
        "mean": 2.63365674019,
        "min": -1.70715665817,
        "stdev": 4.23598432541
    },
    "erbbands_skewness": {
        "max": 4.23526906967,
        "mean": 1.05947005749,
        "min": -4.04914569855,
        "stdev": 0.910924255848
    },
    "erbbands_spread": {
        "max": 108.379188538,
        "mean": 28.5847663879,
        "min": 3.64242982864,
        "stdev": 17.5380096436
    },
    "hfc": {
        "max": 97.8136062622,
        "mean": 15.035574913,
        "min": 0.0357418507338,
        "stdev": 14.8092880249
    },
    "loudness_ebu128": {
        "integrated": -16.2652568817,
        "loudness_range": 5.28807830811,
        "momentary": {
            "max": -11.7038583755,
            "mean": -17.3275051117,
            "min": -27.9481143951,
            "stdev": 3.19580411911
        },
        "short_term": {
            "max": -13.8626432419,
            "mean": -16.824306488,
            "min": -22.2173538208,
            "stdev": 2.08512330055
        }
    },
    "melbands_crest": {
        "max": 31.2183361053,
        "mean": 13.362405777,
        "min": 4.21418428421,
        "stdev": 5.35404348373
    },
    "melbands_flatness_db": {
        "max": 0.392691046,
        "mean": 0.217132002115,
        "min": 0.047490093857,
        "stdev": 0.0541688986123
    },
    "melbands_kurtosis": {
        "max": 96.7625198364,
        "mean": 11.8495740891,
        "min": -1.89766800404,
        "stdev": 13.1146173477
    },
    "melbands_skewness": {
        "max": 7.11081504822,
        "mean": 2.13910794258,
        "min": -0.968020796776,
        "stdev": 1.37262368202
    },
    "melbands_spread": {
        "max": 248.6953125,
        "mean": 16.423456192,
        "min": 1.72162330151,
        "stdev": 19.3644447327
    },
    "pitch_salience": {
        "max": 0.847516059875,
        "mean": 0.577829420567,
        "min": 0.190998733044,
        "stdev": 0.118776597083
    },
    "silence_rate_20dB": {
        "max": 1,
        "mean": 1,
        "min": 1,
        "stdev": 0
    },
    "silence_rate_30dB": {
        "max": 1,
        "mean": 1,
        "min": 1,
        "stdev": 0
    },
    "silence_rate_60dB": {
        "max": 1,
        "mean": 0.0571020692587,
        "min": 0,
        "stdev": 0.232036396861
    },
    "spectral_centroid": {
        "max": 4999.89404297,
        "mean": 929.14453125,
        "min": 229.600738525,
        "stdev": 546.235656738
    },
    "spectral_complexity": {
        "max": 39,
        "mean": 13.3304786682,
        "min": 0,
        "stdev": 5.55641126633
    },
    "spectral_decrease": {
        "max": -4.11717743232e-11,
        "mean": -5.34064037438e-09,
        "min": -2.55403342919e-08,
        "stdev": 4.48831860567e-09
    },
    "spectral_energy": {
        "max": 0.100269824266,
        "mean": 0.0215205922723,
        "min": 0.000158633250976,
        "stdev": 0.0179821122438
    },
    "spectral_energyband_high": {
        "max": 0.0126507757232,
        "mean": 0.000393592024921,
        "min": 1.0012633993e-06,
        "stdev": 0.00118066987488
    },
    "spectral_energyband_low": {
        "max": 0.0381865762174,
        "mean": 0.00196773186326,
        "min": 9.52503887675e-06,
        "stdev": 0.00299588707276
    },
    "spectral_energyband_middle_high": {
        "max": 0.0690528601408,
        "mean": 0.00484226737171,
        "min": 4.68636426376e-06,
        "stdev": 0.0086289672181
    },
    "spectral_energyband_middle_low": {
        "max": 0.0928008779883,
        "mean": 0.0148970540613,
        "min": 6.41321457806e-05,
        "stdev": 0.0150886559859
    },
    "spectral_entropy": {
        "max": 8.66705608368,
        "mean": 7.2703537941,
        "min": 6.01784896851,
        "stdev": 0.425782084465
    },
    "spectral_flux": {
        "max": 0.232515379786,
        "mean": 0.0727575421333,
        "min": 0.00826812442392,
        "stdev": 0.0406956896186
    },
    "spectral_kurtosis": {
        "max": 25.8960151672,
        "mean": 5.29268169403,
        "min": -1.02520298958,
        "stdev": 3.50417542458
    },
    "spectral_rms": {
        "max": 0.0098906122148,
        "mean": 0.00417630746961,
        "min": 0.000393400754547,
        "stdev": 0.00188524601981
    },
    "spectral_rolloff": {
        "max": 9108.54492188,
        "mean": 1052.57556152,
        "min": 172.265625,
        "stdev": 1081.70080566
    },
    "spectral_skewness": {
        "max": 3.62135863304,
        "mean": 1.74526703358,
        "min": -0.350206583738,
        "stdev": 0.554420232773
    },
    "spectral_spread": {
        "max": 16235814,
        "mean": 4089229.25,
        "min": 1686658.625,
        "stdev": 1298056.375
    },
    "spectral_strongpeak": {
        "max": 10.3335809708,
        "mean": 1.42784011364,
        "min": 0,
        "stdev": 1.58905506134
    },
    "zerocrossingrate": {
        "max": 0.31787109375,
        "mean": 0.0461709834635,
        "min": 0.0068359375,
        "stdev": 0.0306499768049
    },
    "barkbands": {
        "max": [0.00131250498816, 0.0183690525591, 0.020408872515, 0.0131521839648, 0.0376594290137, 0.0391211472452, 0.0777932107449, 0.0707640200853, 0.0675212666392, 0.0472071915865, 0.0670912787318, 0.0195486843586, 0.0119185242802, 0.00787613354623, 0.00251154787838, 0.00463204132393, 0.00497535429895, 0.00368286552839, 0.00328691047616, 0.00215803040192, 0.00521465810016, 0.00511621218175, 0.005046823062, 0.00656344136223, 0.00130773033015, 0.000238093867665, 1.68187762029e-06],
        "mean": [7.6639233157e-05, 0.000848971772939, 0.000702473218553, 0.000637774530333, 0.00292051327415, 0.00325624411926, 0.00397982029244, 0.00175641593523, 0.00186260440387, 0.00178084673826, 0.00140585005283, 0.00052142154891, 0.000344031053828, 0.00032789184479, 0.000142363933264, 0.0001116505955, 0.000140465737786, 9.83094141702e-05, 0.000160416122526, 9.77744639385e-05, 7.98003238742e-05, 8.86625784915e-05, 9.81068442343e-05, 5.79936022405e-05, 1.95384127437e-05, 4.00579438065e-06, 1.01704245026e-08],
        "min": [7.75502506656e-09, 9.60974148256e-07, 5.6011020888e-07, 6.47161130019e-07, 7.53977292334e-06, 1.97606786969e-05, 2.84781185655e-06, 3.01799582303e-06, 8.37740799398e-07, 1.48586093474e-06, 3.16987296856e-07, 2.55932235405e-07, 2.19222641817e-07, 2.50675839197e-07, 4.10916214832e-07, 2.20957502961e-07, 2.28360207188e-07, 1.56632097514e-07, 1.80252982318e-07, 3.64961152854e-07, 2.34694127244e-07, 1.71483691247e-07, 1.34329411594e-07, 7.22129129826e-08, 2.56358649864e-08, 5.82964232443e-11, 2.41566801285e-11],
        "stdev": [0.000182382122148, 0.00156127638184, 0.00141524965875, 0.000876206788234, 0.00401030434296, 0.00556766055524, 0.00763282040134, 0.00445713941008, 0.00572052411735, 0.00459920847788, 0.00596105819568, 0.00100279320031, 0.00098006229382, 0.000720010604709, 0.000241999325226, 0.000269547541393, 0.000321102124872, 0.00021901987202, 0.000313710479531, 0.000213873398025, 0.000333544885507, 0.000305236433633, 0.000327960588038, 0.000330253998982, 7.42273477954e-05, 1.30511170937e-05, 7.03573945771e-08]
    },
    "erbbands": {
        "max": [0.440208435059, 4.86447238922, 23.4852237701, 38.7705955505, 61.4374351501, 186.316864014, 400.756286621, 366.190826416, 1192.59545898, 1476.32543945, 1972.34985352, 1613.55700684, 953.923095703, 2093.17089844, 2316.59741211, 926.236450195, 492.071716309, 438.846160889, 166.056365967, 228.900878906, 161.264282227, 165.34664917, 179.973388672, 190.966186523, 168.187561035, 124.548324585, 183.620651245, 243.450637817, 179.361495972, 202.285293579, 188.155136108, 186.158111572, 81.9075546265, 27.570268631, 6.34349727631, 1.52008759975, 0.331428349018, 0.0365182384849, 0.000688818108756, 0.000112563502626],
        "mean": [0.0235966332257, 0.195844918489, 0.723989248276, 1.73187220097, 5.16127872467, 11.3471889496, 13.6894359589, 26.6133785248, 62.1199264526, 44.1055488586, 44.4463157654, 41.5725860596, 42.969833374, 68.8332595825, 44.535533905, 26.9648303986, 15.9359521866, 20.0372276306, 8.74968624115, 7.53162097931, 6.64384126663, 6.65048265457, 5.43582057953, 7.44658756256, 7.23908853531, 4.6706829071, 3.22909545898, 3.18629932404, 3.14543294907, 3.13171005249, 2.75708937645, 1.5495506525, 0.818482160568, 0.316928803921, 0.0935023501515, 0.0287240035832, 0.00538498954847, 0.00030155692366, 2.00869017135e-05, 2.61484055954e-05],
        "min": [1.96599630726e-05, 0.000349084439222, 0.00122037588153, 0.00436731567606, 0.0113610289991, 0.0193662680686, 0.0644576922059, 0.120139576495, 0.0602337941527, 0.0248329862952, 0.0881906971335, 0.0324705205858, 0.0252952538431, 0.0378820560873, 0.0162141341716, 0.00881851278245, 0.0112814763561, 0.0141816409305, 0.0124911302701, 0.0178251415491, 0.016404254362, 0.0148493163288, 0.0120823653415, 0.0117831258103, 0.0101981535554, 0.0171871371567, 0.0092556597665, 0.00651605147868, 0.0061078206636, 0.00439760321751, 0.00410159258172, 0.00199628109112, 0.00101233751047, 0.000386106810765, 0.000115541719424, 1.53885957843e-05, 7.54070129005e-07, 1.21087410321e-07, 1.05137914375e-07, 1.78708020826e-07],
        "stdev": [0.0507810339332, 0.370147943497, 1.47026968002, 2.42872333527, 6.66691923141, 19.6035079956, 27.9706249237, 47.6350402832, 120.275444031, 103.413803101, 119.154556274, 124.63886261, 85.7729949951, 205.838180542, 192.688751221, 48.9218330383, 36.2037734985, 45.8058395386, 13.0700817108, 16.1094970703, 12.6312437057, 13.1725673676, 11.1906518936, 16.1103038788, 13.84897995, 10.4304294586, 11.2178783417, 13.8826217651, 11.3069210052, 9.86661434174, 10.3022880554, 8.0424451828, 4.75891399384, 1.33016169071, 0.330443680286, 0.0844121798873, 0.0203681010753, 0.00169685587753, 3.69667141058e-05, 2.13142066059e-05]
    },
    "gfcc": {
        "mean": [-40.514087677, 120.457420349, -129.812194824, 27.4153671265, -83.6675567627, 9.99310684204, -43.0294494629, 2.09445238113, -19.9582939148, -6.06791591644, -6.36775064468, -6.23815011978, -6.55073451996],
        "cov": [[3149.64501953, -818.403686523, -347.786315918, -164.932403564, -332.529693604, 65.0379714966, 53.4473724365, 130.225845337, -106.100822449, 40.4587211609, -7.93501329422, 171.353012085, -130.540603638], [-818.403686523, 1134.14624023, -108.720169067, -152.803634644, 300.142089844, -51.5791015625, 116.986526489, -55.2650260925, 178.951675415, -134.020874023, 133.446868896, -158.056808472, 95.8587188721], [-347.786315918, -108.720169067, 648.691101074, 259.025238037, 32.1411247253, 44.7073745728, -86.6836242676, 29.9073104858, -23.5853233337, 84.0013580322, -82.6446533203, 22.8162746429, -28.61536026], [-164.932403564, -152.803634644, 259.025238037, 373.942962646, 65.0621871948, -1.37776947021, -62.8306083679, -3.97178292274, -26.525970459, 52.3469581604, -35.3701057434, -3.76208496094, -3.55445742607], [-332.529693604, 300.142089844, 32.1411247253, 65.0621871948, 287.809173584, 74.4781112671, 20.4112548828, 4.55003166199, 34.8354034424, 37.5238380432, -0.190157204866, -46.4015808105, 21.7274246216], [65.0379714966, -51.5791015625, 44.7073745728, -1.37776947021, 74.4781112671, 221.447189331, 72.4179382324, 9.45671844482, -16.8520736694, 43.2201881409, -26.8272151947, 10.4270172119, 4.09897375107], [53.4473724365, 116.986526489, -86.6836242676, -62.8306083679, 20.4112548828, 72.4179382324, 186.327682495, 16.4559631348, -8.76738452911, -35.15391922, 16.3373508453, 12.1566457748, 20.2233638763], [130.225845337, -55.2650260925, 29.9073104858, -3.97178292274, 4.55003166199, 9.45671844482, 16.4559631348, 102.146408081, 20.2404823303, 12.6204299927, -11.579457283, 17.8393421173, -10.3481721878], [-106.100822449, 178.951675415, -23.5853233337, -26.525970459, 34.8354034424, -16.8520736694, -8.76738452911, 20.2404823303, 146.96081543, -6.93040132523, 33.9782371521, -41.2485351562, 5.86123514175], [40.4587211609, -134.020874023, 84.0013580322, 52.3469581604, 37.5238380432, 43.2201881409, -35.15391922, 12.6204299927, -6.93040132523, 143.164413452, -15.1445703506, 4.25880765915, -17.6232681274], [-7.93501329422, 133.446868896, -82.6446533203, -35.3701057434, -0.190157204866, -26.8272151947, 16.3373508453, -11.579457283, 33.9782371521, -15.1445703506, 136.81980896, 18.2878875732, 15.5937080383], [171.353012085, -158.056808472, 22.8162746429, -3.76208496094, -46.4015808105, 10.4270172119, 12.1566457748, 17.8393421173, -41.2485351562, 4.25880765915, 18.2878875732, 127.659172058, 7.09297800064], [-130.540603638, 95.8587188721, -28.61536026, -3.55445742607, 21.7274246216, 4.09897375107, 20.2233638763, -10.3481721878, 5.86123514175, -17.6232681274, 15.5937080383, 7.09297800064, 82.0883331299]],
        "icov": [[0.000515823601745, 0.000107404877781, 0.00040839711437, -6.60615114612e-05, 0.000435005378677, -0.000294400175335, 5.00714895679e-06, -0.000592213997152, 0.000110870787466, -0.000137825336424, -2.21493883146e-05, -0.000362749560736, 0.000656086427625], [0.000107404877781, 0.00583499809727, -0.00227352348156, 0.00344633311033, -0.00632478110492, 0.00329256081022, -0.00343048642389, 0.00287890364416, -0.00297968671657, 0.00398749252781, -0.00395077001303, 0.00458960374817, -0.00314587540925], [0.00040839711437, -0.00227352348156, 0.00378377293237, -0.00297403638251, 0.00307477428578, -0.00218043173663, 0.00213862909004, -0.00219012191519, 0.00102108239662, -0.00213224464096, 0.00252741482109, -0.00281315902248, 0.0022189381998], [-6.60615114612e-05, 0.00344633311033, -0.00297403638251, 0.00616613496095, -0.00480592995882, 0.00265931640752, -0.00155905704014, 0.00218801083975, -0.000972433655988, 0.00193035160191, -0.00235574948601, 0.00304149580188, -0.0024315144401], [0.000435005378677, -0.00632478110492, 0.00307477428578, -0.00480592995882, 0.0121202254668, -0.00545048713684, 0.0035058313515, -0.00413368549198, 0.00260822125711, -0.00539484340698, 0.00391419138759, -0.00370795326307, 0.0028530289419], [-0.000294400175335, 0.00329256081022, -0.00218043173663, 0.00265931640752, -0.00545048713684, 0.00885238777846, -0.00502638379112, 0.00272236042656, -0.00156820646953, 0.000247968477197, -0.000906603643671, 0.00207193638198, -0.0022174809128], [5.00714895679e-06, -0.00343048642389, 0.00213862909004, -0.00155905704014, 0.0035058313515, -0.00502638379112, 0.00997488759458, -0.00368091533892, 0.00282293371856, -6.09168928349e-05, 0.00131327915005, -0.00275506265461, 0.000867465336341], [-0.000592213997152, 0.00287890364416, -0.00219012191519, 0.00218801083975, -0.00413368549198, 0.00272236042656, -0.00368091533892, 0.0140543794259, -0.00465648807585, 0.00114204408601, -7.31700565666e-05, -1.40150796142e-05, -0.000742823234759], [0.000110870787466, -0.00297968671657, 0.00102108239662, -0.000972433655988, 0.00260822125711, -0.00156820646953, 0.00282293371856, -0.00465648807585, 0.0109006995335, -0.00164419598877, -0.000904312240891, 0.00105851236731, 0.0010241761338], [-0.000137825336424, 0.00398749252781, -0.00213224464096, 0.00193035160191, -0.00539484340698, 0.000247968477197, -6.09168928349e-05, 0.00114204408601, -0.00164419598877, 0.0119107617065, -0.00310573168099, 0.00299435225315, -0.000955033465289], [-2.21493883146e-05, -0.00395077001303, 0.00252741482109, -0.00235574948601, 0.00391419138759, -0.000906603643671, 0.00131327915005, -7.31700565666e-05, -0.000904312240891, -0.00310573168099, 0.0122452378273, -0.00603415397927, 0.00162687257398], [-0.000362749560736, 0.00458960374817, -0.00281315902248, 0.00304149580188, -0.00370795326307, 0.00207193638198, -0.00275506265461, -1.40150796142e-05, 0.00105851236731, 0.00299435225315, -0.00603415397927, 0.014715064317, -0.00478832237422], [0.000656086427625, -0.00314587540925, 0.0022189381998, -0.0024315144401, 0.0028530289419, -0.0022174809128, 0.000867465336341, -0.000742823234759, 0.0010241761338, -0.000955033465289, 0.00162687257398, -0.00478832237422, 0.0164419189095]]
    },
    "melbands": {
        "max": [0.00403170380741, 0.00993573386222, 0.00573544437066, 0.00949511025101, 0.0109526347369, 0.0102192284539, 0.0181036368012, 0.0133475074545, 0.0155609473586, 0.00865943729877, 0.00482688192278, 0.00827434286475, 0.0105907227844, 0.00135481520556, 0.00188075180631, 0.0013141091913, 0.000768170983065, 0.000303660170175, 0.00017100815603, 0.000433205452282, 0.00018370183534, 0.000216428670683, 0.000371798931155, 0.000176837129402, 0.000177351525053, 0.000113664689707, 0.000113737260108, 9.48308006627e-05, 8.49888892844e-05, 0.000160051262355, 0.000157796122949, 0.000123749181512, 0.000138090676046, 9.85056904028e-05, 0.000101178215118, 0.000100904471765, 0.000129190346343, 6.85762061039e-05, 3.2597417885e-05, 2.20951715164e-05],
        "mean": [0.000225031384616, 0.000345282955095, 0.000373767368728, 0.000616946490481, 0.000471531791845, 0.000668865686748, 0.000930317095481, 0.000434459798271, 0.000368899520254, 0.000251204561209, 0.000209737932892, 0.000274825782981, 0.000190652193851, 5.9143632825e-05, 4.9944872444e-05, 3.46325032297e-05, 3.69219778804e-05, 1.41006057675e-05, 9.33546016313e-06, 9.46783166e-06, 8.00062844064e-06, 7.30404599381e-06, 6.01382453169e-06, 4.53708480563e-06, 6.17354726273e-06, 5.95133406023e-06, 4.1434313971e-06, 2.86377439807e-06, 1.94060612557e-06, 2.03597960535e-06, 1.76411310804e-06, 1.72559896328e-06, 1.80940958217e-06, 1.71672331817e-06, 1.66225561316e-06, 1.25546580421e-06, 8.39587073642e-07, 5.98081669523e-07, 4.01901559144e-07, 2.23400647315e-07],
        "min": [1.96983592105e-07, 1.04733783246e-06, 1.24489179143e-06, 1.21086907257e-06, 2.2762608296e-06, 2.77911044577e-06, 8.19820172637e-07, 2.8042171607e-07, 6.50317304007e-07, 1.62281267535e-07, 1.24512155253e-07, 1.44794825019e-07, 5.05065038681e-08, 2.49746392456e-08, 1.31972663908e-08, 2.57270613702e-08, 2.68755186994e-08, 1.50806958032e-08, 3.23518420942e-08, 1.4228973555e-08, 1.8668066204e-08, 1.58256803218e-08, 1.14293747799e-08, 7.69648789145e-09, 9.50403578059e-09, 6.139412978e-09, 8.21652079708e-09, 1.09811271187e-08, 5.01384089802e-09, 4.27884971899e-09, 2.50124676526e-09, 2.84419288121e-09, 2.29546115449e-09, 1.84668946801e-09, 1.78377390636e-09, 1.35695432668e-09, 1.07414077632e-09, 7.12864545171e-10, 5.25700538656e-10, 1.91178115005e-10],
        "stdev": [0.000421963399276, 0.000641059770714, 0.000430498330388, 0.00093295017723, 0.000833164958749, 0.00123337213881, 0.0017533901846, 0.000989643158391, 0.00103523139842, 0.000740342831705, 0.000443015480414, 0.000850250537042, 0.000888115086127, 0.000101464502222, 0.000111833040137, 9.12116738618e-05, 8.26752511784e-05, 2.36241139646e-05, 1.62482647283e-05, 2.40040681092e-05, 1.57924696396e-05, 1.50666692207e-05, 1.86506404134e-05, 1.02461644929e-05, 1.42271710502e-05, 1.17288136607e-05, 8.68488587003e-06, 7.28480063117e-06, 6.17836485617e-06, 8.58577732288e-06, 8.27045460028e-06, 6.88937416271e-06, 6.07974243394e-06, 5.30226952833e-06, 6.0146812757e-06, 5.51747143618e-06, 5.09411438543e-06, 3.69582744497e-06, 1.94698509404e-06, 9.15088548936e-07]
    },
    "melbands128": {
        "max": [0.00120036187582, 0.0042028692551, 0.00550074875355, 0.00936339609325, 0.0134658701718, 0.00864062737674, 0.00936060026288, 0.00553240720183, 0.00802466832101, 0.013770872727, 0.0124185513705, 0.00836462620646, 0.0197005216032, 0.0165699906647, 0.00946931913495, 0.0200537797064, 0.0303661264479, 0.0343813821673, 0.021348759532, 0.0270186234266, 0.0081524476409, 0.0176068525761, 0.0280125141144, 0.0235415771604, 0.0161168854684, 0.0108535783365, 0.0126184113324, 0.00911322981119, 0.00643551815301, 0.0161172710359, 0.0167418885976, 0.00989177636802, 0.0215844046324, 0.00251436559483, 0.000799680594355, 0.00133026624098, 0.00571967894211, 0.00183208519593, 0.00322378473356, 0.000777509587351, 0.00267488649115, 0.00242475466803, 0.00128046399914, 0.00116419431288, 0.00060946343001, 0.000567244482227, 0.000516021449585, 0.000276168197161, 0.000375177449314, 0.000753409985919, 0.000673893955536, 0.000458642316516, 0.000185940923984, 0.000328999012709, 0.000661285128444, 0.000312132528052, 0.000216009182623, 0.000971961708274, 0.000404498830903, 0.000196920940652, 0.00023377375328, 0.000589690578636, 0.00015837753017, 0.000301528401906, 0.000216670101508, 0.00023427985434, 0.000104278413346, 0.000355928001227, 0.00015916400298, 9.15622294997e-05, 0.00012309793965, 0.000135010952363, 7.05790371285e-05, 0.000120379547297, 0.000139892712468, 0.000224652685574, 0.000190975653823, 0.000148253631778, 0.000216083237319, 0.000115958922834, 0.000130134139908, 0.000170031169546, 8.1086094724e-05, 0.000182924311957, 0.000139984374982, 0.000116353796329, 9.39073288464e-05, 0.00010731551447, 0.00010131039744, 0.000232208680245, 0.000119298376376, 9.85993465292e-05, 9.52513655648e-05, 0.000205634278245, 0.000131842229166, 7.12043329258e-05, 8.96750498214e-05, 6.04951237619e-05, 2.95992722386e-05, 2.87079819827e-05, 3.59602163371e-05, 2.36265786953e-05, 9.89119416772e-06, 1.35539094117e-05, 6.68893017064e-06, 6.18411468167e-06, 5.51778202862e-06, 2.41236648435e-06, 2.08820029002e-06, 4.47699130746e-06, 2.61681066149e-06, 1.14644160476e-06, 9.62652507042e-07, 1.37479037221e-06, 1.00133104297e-06, 3.31952662691e-07, 8.18857941454e-08, 1.00862700136e-10, 9.57926307721e-11, 9.19545065092e-11, 8.94017221365e-11, 8.82231163124e-11, 8.54982681875e-11, 8.36707717e-11, 8.29830232307e-11, 8.07238512146e-11, 7.95558965927e-11, 7.92758497736e-11],
        "mean": [6.58619610476e-05, 0.000184817850823, 0.000274369056569, 0.000335067481501, 0.000353248236934, 0.000349932000972, 0.000349803449353, 0.000300657004118, 0.000509222270921, 0.000710349529982, 0.000672153255437, 0.000459295522887, 0.000515856780112, 0.000353924639057, 0.000287906441372, 0.00112420006189, 0.00127051759046, 0.000821566267405, 0.000619624217506, 0.000528109492734, 0.000267416617135, 0.000333815900376, 0.000423736491939, 0.000356820528395, 0.000268242263701, 0.000189693353605, 0.000253770500422, 0.000216973669012, 0.000131223889184, 0.000333720206982, 0.000299248320516, 0.000211384613067, 0.000303137494484, 5.54786238354e-05, 1.95026386791e-05, 8.0390527728e-05, 0.000100272554846, 3.00851315842e-05, 4.28235034633e-05, 2.46428026003e-05, 2.91507585644e-05, 5.44287795492e-05, 4.0145147068e-05, 3.14588251058e-05, 1.39605517688e-05, 1.07918704089e-05, 1.47575046867e-05, 5.69391204408e-06, 7.59326303523e-06, 1.5269339201e-05, 7.74008276494e-06, 7.40006362321e-06, 5.79820971325e-06, 8.59900592332e-06, 1.24552425405e-05, 5.26229041498e-06, 4.68334110337e-06, 8.47437968332e-06, 5.63548019272e-06, 3.21417564919e-06, 4.63384685645e-06, 5.07686445417e-06, 5.62821560379e-06, 6.74369948683e-06, 6.82330846757e-06, 5.7504371398e-06, 5.84949475524e-06, 4.66979372504e-06, 3.6696794723e-06, 3.54863277607e-06, 2.71223279924e-06, 2.85997589344e-06, 2.08785854738e-06, 1.69913926129e-06, 1.74899923877e-06, 2.26164229389e-06, 2.07349671655e-06, 1.73128307779e-06, 1.87581872524e-06, 1.56446333222e-06, 1.67714199506e-06, 1.79938786005e-06, 1.79486869456e-06, 1.89561524166e-06, 1.71363456047e-06, 1.71120996129e-06, 1.77524486844e-06, 1.65011999798e-06, 1.66491497566e-06, 1.73278101556e-06, 1.3523532516e-06, 1.21196910641e-06, 8.7241556912e-07, 9.14323550205e-07, 7.7518791386e-07, 5.41753081507e-07, 6.22957429641e-07, 5.69332257783e-07, 4.13425084389e-07, 3.11221953098e-07, 2.67423644118e-07, 2.21562231673e-07, 1.55393394152e-07, 1.25938285578e-07, 9.25060064105e-08, 8.08043196798e-08, 6.59958132587e-08, 5.73423264427e-08, 4.52379573801e-08, 4.29736424223e-08, 3.08309822117e-08, 2.18934133045e-08, 1.35856410566e-08, 7.71921815357e-09, 4.35801705834e-09, 1.77123882228e-09, 4.13603706839e-10, 3.6490320314e-12, 3.31677545672e-12, 3.22084199589e-12, 3.13493089994e-12, 3.0633850491e-12, 3.00679208094e-12, 2.94801401172e-12, 2.87161310356e-12, 2.77590298838e-12, 2.7190723631e-12, 2.69926051996e-12],
        "min": [5.52613510507e-10, 4.10832399211e-08, 1.43352792747e-07, 2.82265773421e-07, 5.82283377071e-08, 2.27718061296e-07, 1.94071049009e-07, 4.45545538241e-07, 1.36282039875e-07, 1.91111155345e-07, 3.53490719363e-07, 8.10859830835e-07, 1.2487685126e-06, 3.13431741006e-07, 5.41141730537e-07, 8.84525206857e-07, 5.31717887498e-07, 4.40339306351e-07, 1.54579964828e-07, 7.13224039828e-08, 5.11869018283e-08, 3.13280452247e-07, 2.89161249611e-07, 1.05318555654e-07, 4.39294325361e-08, 1.64419979853e-08, 3.06476586331e-08, 9.89771677951e-08, 5.30382209263e-08, 6.1955049091e-08, 4.4466631266e-08, 3.39327463905e-08, 3.14598622708e-08, 3.06483229906e-08, 1.92668228038e-08, 1.53020156546e-08, 1.16782636894e-08, 6.33236796332e-09, 1.26215011775e-08, 2.87086692197e-08, 2.32350938489e-08, 6.11620754043e-09, 2.02215986178e-08, 9.95642235324e-09, 8.1572126831e-09, 4.4694097312e-09, 1.51614845123e-08, 8.65252491877e-09, 2.80502163719e-08, 1.43108644934e-08, 4.43826930763e-09, 1.81257711063e-08, 1.09393152314e-08, 7.62336771487e-09, 1.35270896706e-08, 1.32451996038e-08, 6.90302215389e-09, 5.07034370045e-09, 6.00178351462e-09, 9.21966858414e-09, 4.35292868417e-09, 6.17050588403e-09, 2.17681939141e-09, 5.38067990163e-09, 4.50153381237e-09, 4.42110614784e-09, 3.50738682542e-09, 4.05224165334e-09, 4.51453718853e-09, 6.36171737511e-09, 5.67736746504e-09, 4.8367021499e-09, 5.84113424296e-09, 2.49201259628e-09, 2.66552158124e-09, 2.51858600642e-09, 2.37570585426e-09, 1.23831811472e-09, 1.98747196478e-09, 1.46552114888e-09, 2.12547823786e-09, 1.44931211477e-09, 2.11276751649e-09, 1.73435132922e-09, 1.09044995256e-09, 1.25314802979e-09, 6.78376799179e-10, 1.29422716988e-09, 9.70176827764e-10, 6.98745672434e-10, 1.34466482393e-09, 8.57254378595e-10, 1.19901755191e-09, 4.38995145791e-10, 4.702166434e-10, 1.24192184314e-10, 1.5407629339e-10, 8.28319982049e-11, 1.15424378389e-10, 6.71760216897e-11, 9.68262067746e-11, 6.5042915498e-11, 3.92089052198e-12, 8.69222471778e-11, 1.34237681734e-11, 3.10792711011e-11, 8.35682391342e-12, 1.46066990968e-12, 1.43144488775e-13, 7.77609110458e-14, 7.90500071001e-14, 6.31980700953e-14, 8.21913609221e-14, 7.57503733134e-14, 5.50531063066e-14, 7.61642200589e-14, 8.10145543316e-14, 7.05177629072e-14, 7.69638056086e-14, 6.46495389774e-14, 8.04551737732e-14, 5.72424730229e-14, 6.57136291996e-14, 6.82143957206e-14, 5.29167638527e-14, 2.33478414689e-14, 2.97622877237e-15, 8.07619974823e-17],
        "stdev": [0.00016425170179, 0.000461061688839, 0.0005493243807, 0.000675413699355, 0.000799677742179, 0.000681671372149, 0.000572045333683, 0.000406365550589, 0.000745833152905, 0.0012817652896, 0.00138998625334, 0.000872833828907, 0.00132326839957, 0.000944358704146, 0.00058843404986, 0.00264900107868, 0.00286507303827, 0.0024123317562, 0.0017202552408, 0.00174590293318, 0.000762809300795, 0.00113859237172, 0.00148584274575, 0.00176027673297, 0.00111679092515, 0.000807550153695, 0.000927058572415, 0.000559881213121, 0.000442931806901, 0.00128733576275, 0.00128343596589, 0.000901303661522, 0.00176041328814, 0.000220906294999, 5.39345237485e-05, 0.000156210255227, 0.000244962895522, 0.000107463849417, 0.000194714622921, 6.32414012216e-05, 0.000138864750625, 0.000206034135772, 0.000126644023112, 7.69094767747e-05, 4.13337620557e-05, 2.8009790185e-05, 3.18341335515e-05, 1.31745673571e-05, 2.06956137845e-05, 4.59118346043e-05, 3.0219402106e-05, 2.91097003355e-05, 1.28260571728e-05, 2.26376014325e-05, 3.47172754118e-05, 1.42921380757e-05, 1.19784117487e-05, 4.01331344619e-05, 1.82377425517e-05, 7.9281599028e-06, 1.21173807202e-05, 2.10407433769e-05, 1.33922521854e-05, 1.96467735805e-05, 1.9411503672e-05, 1.4343060684e-05, 1.26277127492e-05, 1.51610383909e-05, 9.66427796811e-06, 7.76718843554e-06, 8.36120216263e-06, 9.18947262107e-06, 5.96590052737e-06, 6.19923866907e-06, 7.3833202805e-06, 1.05544240796e-05, 9.12552877708e-06, 7.86125656305e-06, 1.06828429125e-05, 7.20401658327e-06, 7.62354784456e-06, 7.68246081861e-06, 5.36556763109e-06, 7.36461743145e-06, 6.25255961495e-06, 5.96036124989e-06, 5.57721614314e-06, 5.12136057296e-06, 6.14744203631e-06, 9.02706869965e-06, 5.70873680772e-06, 5.55635506316e-06, 4.2032111196e-06, 6.42919303573e-06, 5.58974943488e-06, 3.27539578393e-06, 4.09550784752e-06, 3.65278697245e-06, 1.84596183317e-06, 1.40696806739e-06, 1.23746610825e-06, 9.56029793997e-07, 5.80559458285e-07, 5.44066551811e-07, 3.28945958472e-07, 3.10181263785e-07, 2.41621791019e-07, 1.66684159808e-07, 1.37443905146e-07, 1.76788176987e-07, 1.08581815539e-07, 7.957429915e-08, 6.21634370646e-08, 5.89814348473e-08, 4.07820621717e-08, 1.17734524352e-08, 2.94349433716e-09, 6.9393609782e-12, 6.30619645045e-12, 6.1169068942e-12, 5.95879378826e-12, 5.8302186863e-12, 5.70130444591e-12, 5.59812699669e-12, 5.51962772363e-12, 5.43802936709e-12, 5.384904328e-12, 5.35663787632e-12]
    },
    "mfcc": {
        "mean": [-673.392211914, 138.078948975, 5.92316436768, 12.8569984436, -10.8768796921, -1.92518758774, -11.2634782791, 1.66373431683, -12.5433731079, 1.55695128441, -3.46812295914, -3.09673380852, -0.580603718758],
        "cov": [[3380.01831055, -766.308898926, -300.056243896, -298.762695312, -359.993103027, -148.590866089, -0.684703171253, 98.2754135132, -113.577972412, -39.4458198547, 38.6691551208, -10.2597703934, 60.7667236328], [-766.308898926, 1111.30773926, -260.754364014, -75.6133956909, 112.089553833, 7.3160238266, 23.2826156616, 66.4447937012, 34.1513214111, 73.0116729736, 24.8223266602, 30.9246406555, -2.94704461098], [-300.056243896, -260.754364014, 564.168212891, 164.485137939, 76.0549163818, 31.1239433289, -20.478099823, -34.964138031, 23.2993812561, -19.8527317047, -9.25089740753, 3.56059217453, -14.912194252], [-298.762695312, -75.6133956909, 164.485137939, 322.25491333, 113.750434875, 3.10626006126, -6.35821628571, -42.448589325, 10.550195694, -12.2606096268, -1.21067976952, -8.07936000824, 3.98510193825], [-359.993103027, 112.089553833, 76.0549163818, 113.750434875, 276.416259766, 62.2064323425, -9.91563129425, -49.8239631653, 42.5622329712, 37.3643722534, 19.6907901764, 29.2958545685, 11.8268508911], [-148.590866089, 7.3160238266, 31.1239433289, 3.10626006126, 62.2064323425, 203.185668945, 87.2732620239, -15.7610654831, 50.6726226807, 10.0711994171, 21.1810417175, 6.28364467621, -23.4223194122], [-0.684703171253, 23.2826156616, -20.478099823, -6.35821628571, -9.91563129425, 87.2732620239, 170.976745605, 17.6765785217, 27.0014514923, -14.8962106705, 3.42742109299, 3.15019631386, -7.1365814209], [98.2754135132, 66.4447937012, -34.964138031, -42.448589325, -49.8239631653, -15.7610654831, 17.6765785217, 162.673080444, -3.3248872757, -2.06003499031, 6.10816192627, -31.1164283752, -0.692409515381], [-113.577972412, 34.1513214111, 23.2993812561, 10.550195694, 42.5622329712, 50.6726226807, 27.0014514923, -3.3248872757, 123.489486694, 36.8613357544, -8.49703216553, 1.35100507736, -25.8727436066], [-39.4458198547, 73.0116729736, -19.8527317047, -12.2606096268, 37.3643722534, 10.0711994171, -14.8962106705, -2.06003499031, 36.8613357544, 123.337600708, 23.0083255768, 8.50671482086, -10.2528457642], [38.6691551208, 24.8223266602, -9.25089740753, -1.21067976952, 19.6907901764, 21.1810417175, 3.42742109299, 6.10816192627, -8.49703216553, 23.0083255768, 80.9561920166, 14.3224163055, -4.10186862946], [-10.2597703934, 30.9246406555, 3.56059217453, -8.07936000824, 29.2958545685, 6.28364467621, 3.15019631386, -31.1164283752, 1.35100507736, 8.50671482086, 14.3224163055, 83.5574645996, 29.5267333984], [60.7667236328, -2.94704461098, -14.912194252, 3.98510193825, 11.8268508911, -23.4223194122, -7.1365814209, -0.692409515381, -25.8727436066, -10.2528457642, -4.10186862946, 29.5267333984, 101.025505066]],
        "icov": [[0.000501039321534, 0.000448833423434, 0.000308462942485, 0.000296236597933, 0.000203254050575, 0.000290384050459, -0.000133469016873, -0.000246954819886, 4.17139854108e-05, -7.78046669438e-05, -0.000400305259973, -0.000122721714433, -0.00019962528313], [0.000448833423434, 0.00160178018268, 0.0008378776256, 0.000418186798925, -0.000600022205617, 0.000472916784929, -0.000297592458082, -0.000858540763147, -2.01461843972e-05, -0.000422362791141, -0.000265214475803, -0.000635817355942, 0.000163953271112], [0.000308462942485, 0.0008378776256, 0.0026342459023, -0.000816226296593, -0.000294636964099, -0.000193333515199, 0.000394451402826, -0.000469940772746, -0.000257112464169, 0.000239443324972, 8.21369176265e-05, -0.000728364684619, 0.000448916107416], [0.000296236597933, 0.000418186798925, -0.000816226296593, 0.00463591935113, -0.00177634798456, 0.00109844491817, -0.000678961107042, 0.000605859793723, -7.10778258508e-05, 0.000555659411475, -0.000592998636421, 0.00135510065593, -0.000432469620137], [0.000203254050575, -0.000600022205617, -0.000294636964099, -0.00177634798456, 0.00605350313708, -0.00176717503928, 0.00120926403906, 0.000974852708168, -0.00109677959699, -0.00088603439508, -0.000883295258973, -0.000868217262905, -0.00129237619694], [0.000290384050459, 0.000472916784929, -0.000193333515199, 0.00109844491817, -0.00176717503928, 0.00822236388922, -0.004028854426, 0.000705291284248, -0.0018288041465, 0.000284890818875, -0.00219519040547, 0.000433638546383, 0.000945375824813], [-0.000133469016873, -0.000297592458082, 0.000394451402826, -0.000678961107042, 0.00120926403906, -0.004028854426, 0.00844842940569, -0.00102084723767, -0.0011306127999, 0.00142490421422, 0.00029814383015, -0.000917782308534, -0.000193814368686], [-0.000246954819886, -0.000858540763147, -0.000469940772746, 0.000605859793723, 0.000974852708168, 0.000705291284248, -0.00102084723767, 0.00791326351464, -0.000578419596422, 0.000164519646205, -0.00144613918383, 0.00361585360952, -0.00118521088734], [4.17139854108e-05, -2.01461843972e-05, -0.000257112464169, -7.10778258508e-05, -0.00109677959699, -0.0018288041465, -0.0011306127999, -0.000578419596422, 0.0113333975896, -0.00340714608319, 0.00323967868462, -0.00091455533402, 0.0025152862072], [-7.78046669438e-05, -0.000422362791141, 0.000239443324972, 0.000555659411475, -0.00088603439508, 0.000284890818875, 0.00142490421422, 0.000164519646205, -0.00340714608319, 0.0104744238779, -0.00301338010468, -0.000161316333106, 0.000434714253061], [-0.000400305259973, -0.000265214475803, 8.21369176265e-05, -0.000592998636421, -0.000883295258973, -0.00219519040547, 0.00029814383015, -0.00144613918383, 0.00323967868462, -0.00301338010468, 0.0153637332842, -0.00315259071067, 0.0019432476256], [-0.000122721714433, -0.000635817355942, -0.000728364684619, 0.00135510065593, -0.000868217262905, 0.000433638546383, -0.000917782308534, 0.00361585360952, -0.00091455533402, -0.000161316333106, -0.00315259071067, 0.0163802206516, -0.00510961236432], [-0.00019962528313, 0.000163953271112, 0.000448916107416, -0.000432469620137, -0.00129237619694, 0.000945375824813, -0.000193814368686, -0.00118521088734, 0.0025152862072, 0.000434714253061, 0.0019432476256, -0.00510961236432, 0.0127159059048]]
    },
    "spectral_contrast_coeffs": {
        "max": [-0.434623479843, -0.406205832958, -0.452544480562, -0.616222441196, -0.623767316341, -0.614417433739],
        "mean": [-0.683805286884, -0.711677849293, -0.736106455326, -0.791561305523, -0.796066522598, -0.75885206461],
        "min": [-0.907380700111, -0.902114212513, -0.900616586208, -0.9171910882, -0.896654546261, -0.894721925259],
        "stdev": [0.0751951485872, 0.0873847976327, 0.0770971849561, 0.0490370802581, 0.0425493977964, 0.0397788472474]
    },
    "spectral_contrast_valleys": {
        "max": [-5.31093883514, -4.48574399948, -5.77805805206, -6.39004039764, -6.21688938141, -7.83748340607],
        "mean": [-7.011095047, -6.60545396805, -7.5586566925, -8.07212734222, -8.07793712616, -10.8001928329],
        "min": [-9.29243946075, -9.02476119995, -9.97971534729, -10.3149881363, -10.1754989624, -13.3490180969],
        "stdev": [0.627953350544, 0.609389007092, 0.676015555859, 0.579060137272, 0.664142847061, 0.867286503315]
    }
},
"rhythm": {
    "beats_count": 49,
    "beats_loudness": {
        "max": 0.0654617249966,
        "mean": 0.0249922219664,
        "min": 0.000474555650726,
        "stdev": 0.0146160963923
    },
    "bpm": 90.0801391602,
    "bpm_histogram_first_peak_bpm": 91,
    "bpm_histogram_first_peak_weight": 0.368421077728,
    "bpm_histogram_second_peak_bpm": 101,
    "bpm_histogram_second_peak_spread": 0.444444417953,
    "bpm_histogram_second_peak_weight": 0.104166664183,
    "danceability": 0.970322430134,
    "onset_rate": 3.47607398033,
    "beats_loudness_band_ratio": {
        "max": [0.887083947659, 0.750620961189, 0.894885063171, 0.720316052437, 0.2196893543, 0.376592308283],
        "mean": [0.219151034951, 0.353567034006, 0.316616714001, 0.128943502903, 0.0330814532936, 0.0532957017422],
        "min": [0.00502939987928, 0.052251547575, 0.00962064694613, 0.00168561690953, 0.00117983622476, 0.0032535190694],
        "stdev": [0.234804913402, 0.213877931237, 0.21782258153, 0.165226846933, 0.0328763686121, 0.0669629350305]
    },
    "beats_position": [0.673378646374, 1.35836732388, 2.03174591064, 2.71673464775, 3.41333317757, 4.08671188354, 4.77170038223, 5.4334692955, 6.08362817764, 6.74539661407, 7.40716552734, 8.08054447174, 8.74231243134, 9.4040813446, 10.077460289, 10.7508392334, 11.412607193, 12.0743761063, 12.7361450195, 13.3979139328, 14.0712919235, 14.7446708679, 15.4180498123, 16.0914287567, 16.7531967163, 17.4149665833, 18.0767345428, 18.7385025024, 19.4002723694, 20.062040329, 20.7354183197, 21.3971881866, 22.0589561462, 22.7091159821, 23.3592739105, 24.0326519012, 24.6828117371, 25.3445796967, 26.0063495636, 26.6565074921, 27.2486171722, 27.8175048828, 28.3980045319, 28.9785022736, 29.5706119537, 30.1627197266, 30.7432193756, 31.3353290558, 31.9274368286],
