{
"metadata": {
    "version": {
        "essentia": "2.1-beta5",
        "essentia_git_sha": "Undefined",
        "extractor": "music 2.0"
    },
    "audio_properties": {
        "analysis": {
            "equal_loudness": 0,
            "length": 29.0017242432,
            "sample_rate": 44100,
            "start_time": 0,
            "downmix": "mix"
        },
        "bit_rate": 192000,
        "length": 213.019882202,
        "lossless": 0,
        "number_channels": 2,
        "replay_gain": 7.78518104553,
        "sample_rate": 48000,
        "codec": "mp3",
        "md5_encoded": "f3c276453fd0f0728b293a0c87382afd"
    },
    "tags": {
        "file_name": "Germany_Verliebt In Dich_Stone and Stone.mp3",
        "encoding": ["Lavf58.29.100"]
    }
},
"lowlevel": {
    "average_loudness": 0.0468520484865,
    "barkbands_crest": {
        "max": 23.2995052338,
        "mean": 6.90535879135,
        "min": 2.34763503075,
        "stdev": 2.48629975319
    },
    "barkbands_flatness_db": {
        "max": 0.260601729155,
        "mean": 0.111790366471,
        "min": 0.0301794484258,
        "stdev": 0.0530542172492
    },
    "barkbands_kurtosis": {
        "max": 46.810634613,
        "mean": 1.98636269569,
        "min": -1.82784855366,
        "stdev": 2.68895840645
    },
    "barkbands_skewness": {
        "max": 6.56030845642,
        "mean": -0.524166703224,
        "min": -4.78944396973,
        "stdev": 1.26478838921
    },
    "barkbands_spread": {
        "max": 92.7116851807,
        "mean": 22.3975524902,
        "min": 2.41899991035,
        "stdev": 16.1284923553
    },
    "dissonance": {
        "max": 0.500000178814,
        "mean": 0.482279628515,
        "min": 0.276077449322,
        "stdev": 0.0315554924309
    },
    "dynamic_complexity": 6.94863557816,
    "erbbands_crest": {
        "max": 32.2161216736,
        "mean": 6.68064069748,
        "min": 2.47912693024,
        "stdev": 4.62339401245
    },
    "erbbands_flatness_db": {
        "max": 0.356835514307,
        "mean": 0.170103400946,
        "min": 0.0769205093384,
        "stdev": 0.0751827061176
    },
    "erbbands_kurtosis": {
        "max": 63.4294128418,
        "mean": 0.949162602425,
        "min": -1.68098795414,
        "stdev": 2.63069534302
    },
    "erbbands_skewness": {
        "max": 3.72497391701,
        "mean": -0.124479286373,
        "min": -7.10724449158,
        "stdev": 0.804342448711
    },
    "erbbands_spread": {
        "max": 101.961448669,
        "mean": 27.2975616455,
        "min": 2.10743999481,
        "stdev": 14.7204504013
    },
    "hfc": {
        "max": 604.744812012,
        "mean": 20.6454772949,
        "min": 1.04819566217e-16,
        "stdev": 48.8482894897
    },
    "loudness_ebu128": {
        "integrated": -29.5770778656,
        "loudness_range": 13.5529403687,
        "momentary": {
            "max": -22.453245163,
            "mean": -138.097167969,
            "min": -300.691009521,
            "stdev": 129.921005249
        },
        "short_term": {
            "max": -26.0398750305,
            "mean": -121.418457031,
            "min": -300.691009521,
            "stdev": 125.528381348
        }
    },
    "melbands_crest": {
        "max": 29.6997928619,
        "mean": 6.71871566772,
        "min": 1.04841220379,
        "stdev": 5.13311910629
    },
    "melbands_flatness_db": {
        "max": 0.370334595442,
        "mean": 0.0914861485362,
        "min": 1.18912639664e-05,
        "stdev": 0.0933600589633
    },
    "melbands_kurtosis": {
        "max": 169.894973755,
        "mean": 1.17649114132,
        "min": -1.74647259712,
        "stdev": 6.48549938202
    },
    "melbands_skewness": {
        "max": 11.1750679016,
        "mean": 0.53269046545,
        "min": -2.25414609909,
        "stdev": 0.909254729748
    },
    "melbands_spread": {
        "max": 220.167404175,
        "mean": 73.3000488281,
        "min": 2.58667755127,
        "stdev": 56.6355705261
    },
    "pitch_salience": {
        "max": 0.996638715267,
        "mean": 0.740063071251,
        "min": 0.146413996816,
        "stdev": 0.093244753778
    },
    "silence_rate_20dB": {
        "max": 1,
        "mean": 1,
        "min": 1,
        "stdev": 0
    },
    "silence_rate_30dB": {
        "max": 1,
        "mean": 0.972800016403,
        "min": 0,
        "stdev": 0.162666156888
    },
    "silence_rate_60dB": {
        "max": 1,
        "mean": 0.573599994183,
        "min": 0,
        "stdev": 0.494551956654
    },
    "spectral_centroid": {
        "max": 11849.0683594,
        "mean": 5556.40869141,
        "min": 371.431488037,
        "stdev": 4520.40625
    },
    "spectral_complexity": {
        "max": 59,
        "mean": 12.279999733,
        "min": 0,
        "stdev": 15.7345132828
    },
    "spectral_decrease": {
        "max": 2.38303280554e-28,
        "mean": -3.50716589104e-09,
        "min": -7.75307142931e-08,
        "stdev": 8.30224777815e-09
    },
    "spectral_energy": {
        "max": 0.327224433422,
        "mean": 0.0151094691828,
        "min": 9.84170849424e-21,
        "stdev": 0.0354593321681
    },
    "spectral_energyband_high": {
        "max": 0.0218771472573,
        "mean": 0.000444099365268,
        "min": 6.91895950384e-21,
        "stdev": 0.0015596159501
    },
    "spectral_energyband_low": {
        "max": 0.0169535800815,
        "mean": 0.000632207840681,
        "min": 7.51225771383e-24,
        "stdev": 0.00229805894196
    },
    "spectral_energyband_middle_high": {
        "max": 0.314997226,
        "mean": 0.0106341121718,
        "min": 1.04528719804e-21,
        "stdev": 0.030243108049
    },
    "spectral_energyband_middle_low": {
        "max": 0.114491052926,
        "mean": 0.00368625670671,
        "min": 1.35715705865e-22,
        "stdev": 0.0100158443674
    },
    "spectral_entropy": {
        "max": 9.82565593719,
        "mean": 8.55018901825,
        "min": 6.1661157608,
        "stdev": 1.11208605766
    },
    "spectral_flux": {
        "max": 0.482796549797,
        "mean": 0.0472346544266,
        "min": 6.29067978264e-11,
        "stdev": 0.0687307491899
    },
    "spectral_kurtosis": {
        "max": 48.6296577454,
        "mean": 3.97947025299,
        "min": -1.27555716038,
        "stdev": 7.4084277153
    },
    "spectral_rms": {
        "max": 0.0178673826158,
        "mean": 0.00236535980366,
        "min": 3.09865566366e-12,
        "stdev": 0.00302423653193
    },
    "spectral_rolloff": {
        "max": 19832.0800781,
        "mean": 9125.25390625,
        "min": 107.666015625,
        "stdev": 8016.43603516
    },
    "spectral_skewness": {
        "max": 5.34467124939,
        "mean": 1.10650026798,
        "min": -0.109328731894,
        "stdev": 1.15458953381
    },
    "spectral_spread": {
        "max": 42857088,
        "mean": 18377338,
        "min": 1092086.5,
        "stdev": 18112352
    },
    "spectral_strongpeak": {
        "max": 17.4575099945,
        "mean": 0.905449032784,
        "min": 0,
        "stdev": 1.67443132401
    },
    "zerocrossingrate": {
        "max": 0.59326171875,
        "mean": 0.255913674831,
        "min": 0.01171875,
        "stdev": 0.204502791166
    },
    "barkbands": {
        "max": [0.000471457286039, 0.00512105040252, 0.0129800280556, 0.00709437998012, 0.018452083692, 0.0142077440396, 0.0750484764576, 0.0572454184294, 0.0665119290352, 0.117004394531, 0.103455111384, 0.106089353561, 0.185836613178, 0.0637151896954, 0.067852281034, 0.0163089577109, 0.0440358407795, 0.0689885914326, 0.0432706512511, 0.0330434255302, 0.00409004371613, 0.00350542878732, 0.00678411126137, 0.0061903949827, 0.00170375197195, 0.000698894902598, 2.29533793572e-06],
        "mean": [8.06469597592e-06, 0.000125521619339, 0.000417843577452, 0.000186352597666, 0.000334956945153, 0.000267635303317, 0.000722924014553, 0.000476885557873, 0.00128836010117, 0.00208812765777, 0.00144802464638, 0.00104332400952, 0.00211999053136, 0.00104987726081, 0.000974141992629, 0.00093892699806, 0.000531632453203, 0.000310299772536, 0.000253360718489, 0.000178219866939, 9.34402196435e-05, 7.07144135959e-05, 7.72788334871e-05, 7.47576923459e-05, 2.36996038439e-05, 5.06338028572e-06, 4.96925451898e-08],
        "min": [2.18058780314e-26, 2.12446631549e-24, 2.54644398813e-25, 5.77360048872e-25, 4.3373773491e-24, 5.98166087614e-24, 4.56754881744e-24, 1.97929756792e-24, 3.8937491917e-24, 8.35616454415e-24, 1.32678925857e-23, 1.32251781342e-23, 2.71559560606e-23, 2.36297714801e-23, 2.16811509378e-23, 3.69890693789e-23, 6.28412340006e-23, 7.5225321538e-23, 1.10515361232e-22, 1.35122103811e-22, 2.16586166528e-22, 3.01858521529e-22, 3.65975141665e-22, 5.30947969321e-22, 8.59775284928e-22, 1.161330379e-21, 1.82603048473e-21],
        "stdev": [2.98275608657e-05, 0.000399289681809, 0.00169354234822, 0.000727977487259, 0.00141583371442, 0.000844590598717, 0.00319135305472, 0.00207995832898, 0.00407627597451, 0.00745277944952, 0.00577642535791, 0.00451234867796, 0.0114111378789, 0.003668616293, 0.00273754680529, 0.00194246985484, 0.00199515325949, 0.00225667678751, 0.00185045041144, 0.00140207423829, 0.000257199630141, 0.00020684786432, 0.00036896992242, 0.000376639363822, 9.97992683551e-05, 3.10350333166e-05, 1.43359713434e-07]
    },
    "erbbands": {
        "max": [0.0843561962247, 1.32298338413, 13.2841701508, 15.5563430786, 41.0098266602, 108.854751587, 58.9974784851, 124.734405518, 549.097229004, 1200.28527832, 1166.12451172, 1689.63391113, 2404.1875, 4480.0390625, 2432.45751953, 3883.92944336, 7706.08837891, 3619.82080078, 2977.09716797, 1878.26098633, 867.339416504, 2668.74560547, 3729.58886719, 2114.09887695, 2557.65307617, 1694.37963867, 425.163696289, 94.2390289307, 140.987930298, 109.517539978, 222.225311279, 143.074935913, 92.0190353394, 27.7829303741, 10.2662267685, 4.43145704269, 0.939873814583, 0.0368330106139, 0.00108061253559, 0.000399355456466],
        "mean": [0.00260046473704, 0.0406761281192, 0.437292665243, 0.506476283073, 0.753305494785, 1.44257831573, 1.25662469864, 2.54710936546, 5.42191934586, 16.1889209747, 13.1583251953, 30.7357940674, 42.1370201111, 81.5685501099, 43.7405700684, 50.1626739502, 92.3872528076, 65.2301330566, 52.7759933472, 49.7228469849, 48.4903526306, 30.7443275452, 18.8865680695, 14.5288763046, 10.2855081558, 8.80924797058, 5.15488243103, 3.14202547073, 2.80641174316, 2.1197476387, 2.22703242302, 1.54730319977, 1.27739262581, 0.38007080555, 0.126242488623, 0.0397512465715, 0.00533011648804, 0.000256373285083, 2.0367306206e-05, 2.04548941838e-05],
        "min": [5.54543594168e-23, 5.96129741006e-22, 1.03544655583e-21, 4.45713913833e-21, 9.68494161229e-21, 1.49453167463e-20, 2.00269425119e-20, 4.94417322792e-20, 6.55760419922e-20, 8.14907320214e-20, 2.39270936071e-19, 2.18958352907e-19, 3.29187278113e-19, 5.03789854281e-19, 8.53724321422e-19, 8.69295686261e-19, 1.1898931073e-18, 1.48844306309e-18, 1.95227756055e-18, 2.36861886275e-18, 2.87746005053e-18, 4.25491077826e-18, 4.91974768303e-18, 5.68623309095e-18, 5.67433451143e-18, 5.66359563913e-18, 7.86071307752e-18, 9.20472854451e-18, 9.54874799819e-18, 8.9066060343e-18, 1.18802293466e-17, 9.8344843059e-18, 8.67865242827e-18, 8.0767180596e-18, 5.44917925742e-18, 3.18158830558e-18, 2.17456456579e-18, 8.7566570076e-19, 2.41457562171e-19, 2.5973060875e-20],
        "stdev": [0.00726489629596, 0.14157615602, 1.75856018066, 1.86258101463, 3.10297179222, 6.83660173416, 3.86523914337, 8.03478717804, 26.0997390747, 58.2901954651, 48.1452560425, 95.8689575195, 147.665328979, 294.438537598, 154.866897583, 212.557647705, 491.461669922, 249.000198364, 160.131622314, 105.230422974, 104.081848145, 119.181854248, 123.211845398, 96.8045883179, 83.3472900391, 73.6473388672, 21.4568386078, 7.92469358444, 8.72963047028, 7.518014431, 11.1353559494, 8.28357505798, 6.83828258514, 1.64725577831, 0.54823410511, 0.206978991628, 0.0411586761475, 0.00155110296328, 5.79970183026e-05, 4.56119414594e-05]
    },
    "gfcc": {
        "mean": [-538.928222656, 38.9851455688, -103.124801636, 5.35591268539, -42.5713195801, 14.6038417816, -22.5324401855, 6.11564397812, -10.4127979279, -0.772772073746, -8.70798397064, -2.57070326805, -2.1111805439],
        "cov": [[355144.34375, 18590.4589844, -51345.5898438, 1950.85864258, -20654.3535156, 7051.75488281, -11064.5976562, 3004.35229492, -5122.55615234, -434.429595947, -4280.55419922, -1315.35021973, -879.487670898], [18590.4589844, 2749.22607422, -2007.12512207, -184.912948608, -818.745422363, 5.65517902374, -444.458312988, 61.1775474548, -111.650680542, -193.253143311, -204.13973999, -228.854690552, -141.140426636], [-51345.5898438, -2007.12512207, 8582.65039062, 48.4725952148, 2946.44995117, -1105.63928223, 1699.75378418, -474.234344482, 796.300720215, 74.8105545044, 649.577331543, 136.591049194, -25.2781276703], [1950.85864258, -184.912948608, 48.4725952148, 450.24520874, -233.401092529, 150.811187744, -51.3250083923, 27.529914856, -44.3947296143, 62.1467056274, 6.49944543839, 27.6100997925, -42.8614006042], [-20654.3535156, -818.745422363, 2946.44995117, -233.401092529, 1321.4230957, -461.73223877, 662.606506348, -176.249145508, 322.033691406, -13.5992641449, 243.871322632, 55.8569602966, 56.9750671387], [7051.75488281, 5.65517902374, -1105.63928223, 150.811187744, -461.73223877, 312.505615234, -224.698257446, 86.674659729, -113.948280334, 31.3479251862, -97.6325683594, 13.3077554703, 8.13767623901], [-11064.5976562, -444.458312988, 1699.75378418, -51.3250083923, 662.606506348, -224.698257446, 409.584747314, -82.7489013672, 181.55355835, -1.41643643379, 138.811599731, 26.9990520477, 16.5943717957], [3004.35229492, 61.1775474548, -474.234344482, 27.529914856, -176.249145508, 86.674659729, -82.7489013672, 75.8964767456, -36.6787338257, 9.8490896225, -38.7461471558, -1.43429625034, -2.57714176178], [-5122.55615234, -111.650680542, 796.300720215, -44.3947296143, 322.033691406, -113.948280334, 181.55355835, -36.6787338257, 125.304145813, -1.80491816998, 64.9374160767, 2.45944452286, 6.03711366653], [-434.429595947, -193.253143311, 74.8105545044, 62.1467056274, -13.5992641449, 31.3479251862, -1.41643643379, 9.8490896225, -1.80491816998, 50.8859367371, 11.9426841736, 22.6704807281, -2.42040801048], [-4280.55419922, -204.13973999, 649.577331543, 6.49944543839, 243.871322632, -97.6325683594, 138.811599731, -38.7461471558, 64.9374160767, 11.9426841736, 83.0355148315, 18.8865623474, 6.15677976608], [-1315.35021973, -228.854690552, 136.591049194, 27.6100997925, 55.8569602966, 13.3077554703, 26.9990520477, -1.43429625034, 2.45944452286, 22.6704807281, 18.8865623474, 45.5948448181, 19.7695026398], [-879.487670898, -141.140426636, -25.2781276703, -42.8614006042, 56.9750671387, 8.13767623901, 16.5943717957, -2.57714176178, 6.03711366653, -2.42040801048, 6.15677976608, 19.7695026398, 47.9063262939]],
        "icov": [[0.000388069223845, -0.00120321009308, 0.000927354616579, -0.000550779048353, 0.00180221337359, -0.000889063405339, 0.000670991663355, -0.00129490846302, 0.00153667887207, -0.000618932710495, 0.000617369718384, -0.000157924587256, 0.00104251119774], [-0.00120321009308, 0.0049418346025, -0.00284145725891, 0.00197463692166, -0.00455891434103, 0.00356502179056, -0.00132001657039, 0.00413567014039, -0.00694463029504, 0.00530493026599, -0.00174796220381, 0.00182696350385, -0.00115227012429], [0.000927354616579, -0.00284145725891, 0.0042059533298, -0.00306917238049, 0.00252586021088, -0.000377264921553, -0.00223331269808, 5.33474340045e-05, 0.00217158393934, -0.00401217816398, 0.00290216179565, -0.00176905246917, 0.00584396952763], [-0.000550779048353, 0.00197463692166, -0.00306917238049, 0.00693773431703, 0.000982040539384, -0.00269145728089, 0.000512275088113, 0.000445410143584, -0.00122014398221, 0.00237275590189, -0.00607225857675, -0.000608719710726, 0.000734808854759], [0.00180221337359, -0.00455891434103, 0.00252586021088, 0.000982040539384, 0.0187495034188, -0.00210616691038, -0.000399367738282, -0.00530306389555, 0.00231460272335, 0.00170811661519, 0.00110273901373, -0.00307156471536, 0.000698412011843], [-0.000889063405339, 0.00356502179056, -0.000377264921553, -0.00269145728089, -0.00210616691038, 0.0158705338836, -0.0055233091116, 0.00289056636393, -0.00723655056208, -0.00232111825608, 0.00868701189756, -0.00336139090359, -0.00548265781254], [0.000670991663355, -0.00132001657039, -0.00223331269808, 0.000512275088113, -0.000399367738282, -0.0055233091116, 0.0270784944296, -0.010622757487, -0.0016658421373, 0.00956645235419, -0.00761684961617, 0.00361377326772, -0.000647881999612], [-0.00129490846302, 0.00413567014039, 5.33474340045e-05, 0.000445410143584, -0.00530306389555, 0.00289056636393, -0.010622757487, 0.0317966230214, -0.0109151238576, -0.00537221832201, 0.00450062239543, -0.00357560394332, 0.00204581301659], [0.00153667887207, -0.00694463029504, 0.00217158393934, -0.00122014398221, 0.00231460272335, -0.00723655056208, -0.0016658421373, -0.0109151238576, 0.0382251776755, -0.00969454180449, -0.00261469488032, 0.00840893667191, -0.00216945121065], [-0.000618932710495, 0.00530493026599, -0.00401217816398, 0.00237275590189, 0.00170811661519, -0.00232111825608, 0.00956645235419, -0.00537221832201, -0.00969454180449, 0.0479316264391, -0.0115583762527, -0.0100118787959, 0.00829291902483], [0.000617369718384, -0.00174796220381, 0.00290216179565, -0.00607225857675, 0.00110273901373, 0.00868701189756, -0.00761684961617, 0.00450062239543, -0.00261469488032, -0.0115583762527, 0.0446247570217, -0.0076057119295, -0.000474737928016], [-0.000157924587256, 0.00182696350385, -0.00176905246917, -0.000608719710726, -0.00307156471536, -0.00336139090359, 0.00361377326772, -0.00357560394332, 0.00840893667191, -0.0100118787959, -0.0076057119295, 0.0499288663268, -0.0174071062356], [0.00104251119774, -0.00115227012429, 0.00584396952763, 0.000734808854759, 0.000698412011843, -0.00548265781254, -0.000647881999612, 0.00204581301659, -0.00216945121065, 0.00829291902483, -0.000474737928016, -0.0174071062356, 0.0487312078476]]
    },
    "melbands": {
        "max": [0.00111805577762, 0.00466162804514, 0.0030035560485, 0.00462934561074, 0.00225063529797, 0.00268440064974, 0.00996875856072, 0.0105565711856, 0.00966411549598, 0.0094843255356, 0.011794436723, 0.0182195864618, 0.0111928973347, 0.00565740792081, 0.0160753745586, 0.0145025020465, 0.00645531946793, 0.00484320661053, 0.00475157424808, 0.00135360157583, 0.00129411078524, 0.00260957493447, 0.00473233964294, 0.00241578626446, 0.00197786558419, 0.00171132630203, 0.00172234443016, 0.00126113707665, 0.000383128877729, 9.69824250205e-05, 5.63522189623e-05, 8.09752164059e-05, 6.49108478683e-05, 8.6417356215e-05, 0.00010125553672, 0.000181955445441, 8.80869338289e-05, 8.71453739819e-05, 4.20043506892e-05, 1.87322657439e-05],
        "mean": [2.73462028417e-05, 0.000157936461619, 9.7012380138e-05, 8.54760437505e-05, 4.7311954404e-05, 5.64902475162e-05, 9.92996720015e-05, 0.000164410885191, 0.000129916195874, 0.000184978038305, 0.000213673134567, 0.000338501064107, 0.000173240798176, 0.000102516663901, 0.00018621525669, 0.000198961832211, 0.000109331158455, 8.29750206321e-05, 7.29263920221e-05, 6.27609333606e-05, 5.54712460143e-05, 3.28560636262e-05, 2.18857148866e-05, 1.33104058477e-05, 1.17327526823e-05, 8.47219780553e-06, 6.10188408245e-06, 5.89907267567e-06, 3.48591538568e-06, 2.34068284044e-06, 1.61048876635e-06, 1.69924942384e-06, 1.14310068966e-06, 1.22049641504e-06, 1.2623178236e-06, 1.15845591608e-06, 8.7382051106e-07, 1.00535703496e-06, 5.26133476342e-07, 2.52638528764e-07],
        "min": [9.06881990821e-25, 8.38291619795e-25, 1.00888762232e-24, 6.72823361064e-25, 7.48248028541e-25, 1.20017988374e-24, 9.21804182311e-25, 8.39236083514e-25, 1.68485681276e-24, 8.54277787432e-25, 1.70610576732e-24, 1.66528103219e-24, 2.3898014559e-24, 1.67893483395e-24, 1.49215327919e-24, 2.90012622511e-24, 2.33404654206e-24, 2.62043066078e-24, 2.41610641722e-24, 2.21898900966e-24, 3.35404329808e-24, 3.53643543354e-24, 3.15130249556e-24, 3.73539246473e-24, 3.83243695e-24, 3.3668429607e-24, 3.40288167672e-24, 2.98526127729e-24, 3.376491124e-24, 4.83203534073e-24, 4.46295177786e-24, 3.56482062107e-24, 5.40265590437e-24, 4.01626244573e-24, 5.31085103323e-24, 5.09660469441e-24, 5.25821310604e-24, 5.22836339825e-24, 5.55195177499e-24, 5.99721839648e-24],
        "stdev": [8.03037473815e-05, 0.000616444915067, 0.000357967423042, 0.000379319681088, 0.000149031111505, 0.000177145877387, 0.000479294394609, 0.000581356522162, 0.000470045313705, 0.000565772876143, 0.000768509577028, 0.00123214919586, 0.000669965229463, 0.000349600391928, 0.00102908781264, 0.00104108708911, 0.000406883598771, 0.000261678302195, 0.000189697282622, 0.000122821627883, 0.000129665058921, 0.000115340000775, 0.000153936023708, 8.71892698342e-05, 8.11776699265e-05, 6.30496069789e-05, 5.51073717361e-05, 5.07059594383e-05, 1.75849709194e-05, 6.48547347737e-06, 3.97808344132e-06, 5.3809039855e-06, 3.45854778061e-06, 4.91069204145e-06, 6.05203285886e-06, 7.24823621567e-06, 4.61673744212e-06, 5.5173563851e-06, 2.66792903858e-06, 1.06035349745e-06]
    },
    "melbands128": {
        "max": [0.000318671460263, 0.00046987409587, 0.00155265419744, 0.0025320132263, 0.00680709304288, 0.00552082527429, 0.0030584926717, 0.00375701976009, 0.00322262546979, 0.00716121820733, 0.00857776869088, 0.00395024335012, 0.00140743213706, 0.00450612138957, 0.00411229534075, 0.00230216560885, 0.00502234930173, 0.0150609090924, 0.030393242836, 0.0142897572368, 0.0161450784653, 0.0137238046154, 0.00797155778855, 0.0194629244506, 0.0170567017049, 0.0114958304912, 0.0130565604195, 0.0232395902276, 0.0209137201309, 0.0358338057995, 0.0300256982446, 0.0280098114163, 0.0158451255411, 0.00634520407766, 0.00763357616961, 0.00669357413426, 0.0107475128025, 0.0313112996519, 0.0334658771753, 0.0269963350147, 0.0277046374977, 0.016657281667, 0.0089101716876, 0.00845463573933, 0.00715487031266, 0.00596924684942, 0.00602586101741, 0.00601853476837, 0.00341208511963, 0.00168844673317, 0.00161394954193, 0.00137638882734, 0.00145209929906, 0.0027370271273, 0.00202845945023, 0.00289907352999, 0.00495409220457, 0.00649326480925, 0.004812954925, 0.00262710847892, 0.00329900626093, 0.00117245141882, 0.00250193849206, 0.00413236860186, 0.00148472900037, 0.00152791384608, 0.00198951968923, 0.0025072444696, 0.00150924385525, 0.00153532822151, 0.00136516743805, 0.00150582334027, 0.000625207088888, 0.000302818370983, 0.000132338973344, 0.00011575937242, 0.000122571349493, 7.26920261513e-05, 5.54857506359e-05, 5.36288680451e-05, 8.96444689715e-05, 0.000106115978269, 9.06964560272e-05, 5.9830792452e-05, 4.16080802097e-05, 9.69437678577e-05, 0.00018039054703, 7.40266841603e-05, 9.42071928876e-05, 0.000138729563332, 0.000277680985164, 0.000182102128747, 0.000112053479825, 0.000128122905153, 6.89398439135e-05, 8.39645435917e-05, 0.000131702065119, 9.34507916099e-05, 4.05061655329e-05, 4.35658439528e-05, 2.56511721091e-05, 2.38294651353e-05, 1.87028526852e-05, 2.81362481473e-05, 1.03007450889e-05, 7.31775253371e-06, 3.8633334043e-06, 3.99050304623e-06, 6.89227454131e-06, 1.64841585502e-05, 8.17290583655e-06, 3.83982069252e-06, 1.26580823689e-06, 1.06606671579e-06, 2.95643559411e-07, 2.22820347062e-07, 4.54621016388e-08, 1.5316782509e-08, 1.33078223996e-08, 1.14497558101e-08, 1.00469907949e-08, 8.61934790208e-09, 7.67196173257e-09, 7.60355245433e-09, 7.43862793584e-09, 7.32085680966e-09, 7.30406357619e-09, 7.28772553416e-09],
        "mean": [6.06995536145e-06, 1.94639633264e-05, 2.43480899371e-05, 6.38339406578e-05, 0.000225513533223, 0.000176137255039, 9.50224057306e-05, 9.91904453258e-05, 5.00197456859e-05, 0.000116188493848, 8.44193273224e-05, 3.56953205483e-05, 2.84019624814e-05, 7.06784703652e-05, 6.24856693321e-05, 4.28402527177e-05, 5.77984792471e-05, 8.71183947311e-05, 0.00016235181829, 0.000248126045335, 0.000114393784315, 8.26743271318e-05, 7.75148873799e-05, 0.000242906811764, 0.000261324661551, 0.000111935762106, 0.000151910848217, 0.000200181704713, 0.000274009478744, 0.000384185637813, 0.000347869150573, 0.000289371469989, 0.000164565979503, 9.05625129235e-05, 9.1146583145e-05, 0.000104570426629, 0.00011839652143, 0.000198509835172, 0.000218232424231, 0.00021317070059, 0.000212841056054, 0.000152636057464, 0.000107290521555, 8.72667587828e-05, 8.3469763922e-05, 8.31461657071e-05, 8.25951865409e-05, 7.60068069212e-05, 6.66127598379e-05, 6.45196196274e-05, 6.37304328848e-05, 5.96231220698e-05, 6.04423876212e-05, 5.60988737561e-05, 3.71821624867e-05, 3.20620820276e-05, 2.76048576779e-05, 2.39622022491e-05, 2.03749823413e-05, 1.55303732754e-05, 1.40885304063e-05, 9.93170579022e-06, 1.18804846352e-05, 1.3367950487e-05, 9.8327818705e-06, 8.84912969923e-06, 6.96664847055e-06, 6.38533629171e-06, 5.7315887716e-06, 6.27160306976e-06, 6.04302567808e-06, 6.03753960604e-06, 4.13650286646e-06, 2.93598350254e-06, 2.71879821412e-06, 2.60113802142e-06, 2.08196070162e-06, 1.77004835678e-06, 1.44337786878e-06, 1.51078745603e-06, 1.81786379017e-06, 1.83554175237e-06, 1.42214423704e-06, 9.74862700787e-07, 9.53566939188e-07, 1.17586557735e-06, 1.4560158661e-06, 1.08342237581e-06, 1.11424742499e-06, 1.5005654177e-06, 1.41152111155e-06, 1.02531373614e-06, 8.45167505759e-07, 9.04187118067e-07, 8.45026249863e-07, 8.38263872538e-07, 1.27632858948e-06, 8.95438688531e-07, 4.68114336627e-07, 3.94691767269e-07, 2.8531005114e-07, 2.41897595288e-07, 1.76498943461e-07, 1.93655893099e-07, 1.46392338252e-07, 1.05126495953e-07, 6.32669596712e-08, 6.51032578958e-08, 6.79859937236e-08, 8.02801167765e-08, 4.74985242249e-08, 1.69636873437e-08, 6.04531535942e-09, 3.39635808366e-09, 1.37630618013e-09, 1.44323752949e-09, 1.38980349451e-09, 1.24371388188e-10, 8.48216705207e-11, 5.06469866046e-11, 4.09064414286e-11, 3.76699192672e-11, 3.41084487043e-11, 3.06899228253e-11, 2.82379866018e-11, 2.56761209516e-11, 2.41874575924e-11, 2.35766284967e-11],
        "min": [1.92170507039e-26, 1.57696450397e-25, 2.67668911441e-25, 2.65065547194e-25, 4.3168182041e-26, 1.60615186443e-25, 1.98738023675e-25, 3.46117110205e-25, 1.62942893107e-25, 3.15735315731e-25, 2.14634902118e-25, 2.61545033537e-25, 2.50384969007e-25, 2.11019749805e-25, 6.04986795937e-25, 1.7108305018e-25, 5.28270565943e-25, 4.48952869898e-25, 3.39787783339e-25, 3.33123732931e-25, 1.44673996204e-25, 7.64068880515e-25, 2.82781169106e-25, 4.23828488231e-25, 7.41536646479e-25, 2.44802274337e-25, 5.82506133683e-25, 5.19531860657e-25, 6.14850318266e-25, 5.9998245957e-25, 4.78796020284e-25, 6.78620157514e-25, 7.21724848578e-25, 5.83448921072e-25, 5.93911977689e-25, 5.7368883813e-25, 3.56591506696e-25, 4.63094779346e-25, 7.13931001442e-25, 8.84968913988e-25, 6.72563973737e-25, 1.00638003072e-24, 1.45625034585e-24, 7.18902600082e-25, 1.1244993295e-24, 3.82099225459e-25, 6.97701174394e-25, 1.06398462617e-24, 7.12979635191e-25, 5.45877399005e-25, 1.04187098145e-24, 8.13127499261e-25, 1.10256426317e-24, 8.42104381766e-25, 1.05589061746e-24, 1.24644539254e-24, 1.38679991922e-24, 1.23522749464e-24, 1.57086167879e-24, 1.56040552471e-24, 1.06100963448e-24, 1.70606001339e-24, 2.20499264505e-24, 1.61773904783e-24, 1.64692936652e-24, 1.90747907946e-24, 2.05444426053e-24, 2.01209367119e-24, 2.2558154033e-24, 1.4021143718e-24, 1.24311423015e-24, 1.17903397413e-24, 1.82421796636e-24, 2.27922228687e-24, 2.62820311007e-24, 1.83566433809e-24, 2.50399696054e-24, 2.34905126812e-24, 2.25293468049e-24, 2.7293737323e-24, 2.64131654211e-24, 2.66389906603e-24, 2.29334644694e-24, 3.01252273246e-24, 3.00732611124e-24, 1.90838607229e-24, 2.74160186519e-24, 3.07971869322e-24, 3.00199400317e-24, 3.8303646124e-24, 2.71424969103e-24, 3.21003259831e-24, 3.35575354852e-24, 2.86482824948e-24, 3.07480803409e-24, 3.6066270936e-24, 3.65615375338e-24, 2.84726958623e-24, 3.83603100028e-24, 3.69945551176e-24, 3.44755447535e-24, 3.76931466694e-24, 3.27547630179e-24, 3.95314410698e-24, 3.77675993617e-24, 4.40747197926e-24, 3.4242487632e-24, 3.82604835996e-24, 3.65582598167e-24, 4.22963275451e-24, 4.6329300037e-24, 3.79480236836e-24, 4.19397742489e-24, 5.19820130154e-24, 4.63306963208e-24, 4.31814886453e-24, 4.02026985913e-24, 4.7811092417e-24, 4.8197354215e-24, 5.40972370365e-24, 4.99608014926e-24, 4.78903256063e-24, 5.15268166072e-24, 5.16634433717e-24, 4.72174943074e-24, 5.19886512799e-24, 4.83361503469e-24, 4.7909774972e-24],
        "stdev": [2.14234987652e-05, 5.36688894499e-05, 7.97282118583e-05, 0.000224246556172, 0.00090943952091, 0.000709905289114, 0.000348270521499, 0.000396950141294, 0.00021970171656, 0.000566555187106, 0.000459362694528, 0.000169809660292, 0.000102511236037, 0.000273334735539, 0.000229210025282, 0.000185187673196, 0.000324935594108, 0.000567775918171, 0.00106241018511, 0.000869099225383, 0.000587587361224, 0.000466036755824, 0.000350671412889, 0.000994059140794, 0.000933414732572, 0.000441733543994, 0.000692629546393, 0.00106689764652, 0.00117867044173, 0.00181078712922, 0.00160453806166, 0.00143126235344, 0.000776115746703, 0.000328320078552, 0.000377341813873, 0.000352118979208, 0.000500057183672, 0.00139934918843, 0.00145360594615, 0.0013701969292, 0.00135410868097, 0.0008934995858, 0.000460002775071, 0.000315333454637, 0.000295974692563, 0.000304723653244, 0.000280884443782, 0.000223196955631, 0.000165049219504, 0.000143447716255, 0.000137587354402, 0.000131026332383, 0.000152475142386, 0.000170375496964, 0.000110328350274, 0.00012958906882, 0.000156836307724, 0.000200908601983, 0.000161295669386, 8.76239282661e-05, 0.000113978436275, 5.8228346461e-05, 9.07700086827e-05, 0.000127161692944, 7.34323839424e-05, 6.21897561359e-05, 6.01755673415e-05, 7.32713888283e-05, 4.82669711346e-05, 6.18424019194e-05, 5.5769312894e-05, 5.48645330127e-05, 2.65355902229e-05, 1.25557126012e-05, 8.36037997942e-06, 7.98464861873e-06, 6.4539599407e-06, 4.95004314871e-06, 3.5356852095e-06, 3.85606472264e-06, 6.12867597738e-06, 6.92122148394e-06, 5.12696806254e-06, 2.76795231002e-06, 2.68392273028e-06, 4.66268420496e-06, 7.72941984906e-06, 4.55073950434e-06, 5.59206364414e-06, 7.98501059762e-06, 1.00277939055e-05, 7.14053476258e-06, 4.92626941195e-06, 5.33809725312e-06, 4.24750487582e-06, 4.4615085244e-06, 8.26908126328e-06, 5.58113652005e-06, 2.21335358219e-06, 1.8868670395e-06, 1.20702532058e-06, 1.16884439194e-06, 7.4293217267e-07, 1.09908387458e-06, 6.76395302435e-07, 4.63234158588e-07, 2.03470747806e-07, 2.55713558772e-07, 3.60916857289e-07, 6.60971352318e-07, 3.39146680517e-07, 1.62424868222e-07, 6.28787617529e-08, 4.52459580913e-08, 1.5995556879e-08, 8.80909389878e-09, 3.39825168005e-09, 6.68716026997e-10, 5.74208569581e-10, 4.95099516939e-10, 4.48301090694e-10, 4.08603789692e-10, 3.7319869417e-10, 3.49510809183e-10, 3.31365074269e-10, 3.20702547851e-10, 3.16481396645e-10, 3.13613635061e-10]
    },
    "mfcc": {
        "mean": [-912.881286621, 57.3742294312, -24.3502559662, -8.78906059265, -6.37579727173, 1.22139370441, -3.63111805916, 2.09434700012, 2.37315750122, 1.06468188763, -1.90494048595, 0.179300621152, -0.6998052001],
        "cov": [[88101.3203125, 12858.5439453, -7485.11621094, -2900.61938477, -1762.44274902, 44.9525260925, -984.072570801, 410.1668396, 563.760131836, 190.152542114, -595.951416016, -125.199180603, -211.98475647], [12858.5439453, 4207.51464844, -664.354553223, -219.503158569, -151.486907959, -129.298995972, -212.622451782, 66.7783660889, 111.479423523, 32.1523971558, -2.53590536118, -14.8026971817, -26.6356582642], [-7485.11621094, -664.354553223, 1658.41455078, 659.203186035, 199.136566162, 113.221336365, 128.556137085, -18.3858451843, -68.6428375244, 44.4933776855, 135.166763306, 104.017028809, 19.7764377594], [-2900.61938477, -219.503158569, 659.203186035, 366.805938721, 91.572227478, 34.2156906128, 58.8442077637, -4.24089097977, -44.8731193542, 19.5734043121, 58.2414169312, 41.008605957, 13.9987821579], [-1762.44274902, -151.486907959, 199.136566162, 91.572227478, 92.7301940918, 15.5182924271, 18.7417392731, -1.89663624763, -4.3332490921, -2.33473134041, 16.6112289429, 13.0361309052, 6.98297071457], [44.9525260925, -129.298995972, 113.221336365, 34.2156906128, 15.5182924271, 93.9464874268, 21.8831214905, 18.6869392395, 10.473200798, 9.88506889343, -1.94364142418, 20.2751426697, 1.49110269547], [-984.072570801, -212.622451782, 128.556137085, 58.8442077637, 18.7417392731, 21.8831214905, 52.8568496704, 12.1964626312, -5.75468635559, 4.32013940811, 9.62768173218, 1.03636217117, 4.41397857666], [410.1668396, 66.7783660889, -18.3858451843, -4.24089097977, -1.89663624763, 18.6869392395, 12.1964626312, 47.8732376099, 24.949174881, 14.2608356476, 2.05364632607, 0.0849980190396, 0.8658375144], [563.760131836, 111.479423523, -68.6428375244, -44.8731193542, -4.3332490921, 10.473200798, -5.75468635559, 24.949174881, 49.3507156372, 12.4514627457, -2.84825563431, -1.44463896751, 0.488659858704], [190.152542114, 32.1523971558, 44.4933776855, 19.5734043121, -2.33473134041, 9.88506889343, 4.32013940811, 14.2608356476, 12.4514627457, 36.5500450134, 15.9611158371, 4.14824771881, -2.31389498711], [-595.951416016, -2.53590536118, 135.166763306, 58.2414169312, 16.6112289429, -1.94364142418, 9.62768173218, 2.05364632607, -2.84825563431, 15.9611158371, 40.3748512268, 14.0970401764, 4.04440975189], [-125.199180603, -14.8026971817, 104.017028809, 41.008605957, 13.0361309052, 20.2751426697, 1.03636217117, 0.0849980190396, -1.44463896751, 4.14824771881, 14.0970401764, 39.3287734985, 10.2920427322], [-211.98475647, -26.6356582642, 19.7764377594, 13.9987821579, 6.98297071457, 1.49110269547, 4.41397857666, 0.8658375144, 0.488659858704, -2.31389498711, 4.04440975189, 10.2920427322, 22.74933815]],
        "icov": [[7.59342801757e-05, -0.000179437571205, 0.00028553136508, -0.000128202198539, 0.000729253923055, -0.000572103366721, 0.000109445820272, -4.5527543989e-05, 0.000147862359881, -0.000425940117566, 0.000325500615872, -0.000530720106326, 0.000258042186033], [-0.000179437571205, 0.000782408169471, -0.000576250837184, -5.42081070307e-05, -0.00132292613853, 0.00162467756309, 0.00122397439554, -0.000608398811892, -0.00091032817727, 0.00120208144654, -0.00116146181244, 0.00121878879145, -0.000339505932061], [0.00028553136508, -0.000576250837184, 0.00392518099397, -0.004548586905, 0.00193769845646, -0.00352840847336, -0.00100423768163, 0.00196205335669, -0.000759857706726, -0.00123125291429, -0.00177088659257, -0.00381143204868, 0.00305961351842], [-0.000128202198539, -5.42081070307e-05, -0.004548586905, 0.0121695110574, -0.00424382276833, 0.00225535174832, -0.00254515069537, -0.00289666210301, 0.00734945153818, -0.00255986861885, 3.4787626646e-05, 0.000750941515435, -0.0037976722233], [0.000729253923055, -0.00132292613853, 0.00193769845646, -0.00424382276833, 0.02351552248, -0.00619398616254, 0.0018666239921, 0.000118672302051, -0.00354995322414, 0.00183139089495, 0.000287699425826, -0.00424895389006, 0.00112821604125], [-0.000572103366721, 0.00162467756309, -0.00352840847336, 0.00225535174832, -0.00619398616254, 0.0216395705938, -0.00546116242185, -0.00429735239595, -0.00320810568519, -0.00061802106211, 0.00738498242572, -0.00626744236797, 0.00148534995969], [0.000109445820272, 0.00122397439554, -0.00100423768163, -0.00254515069537, 0.0018666239921, -0.00546116242185, 0.0370368883014, -0.0129613447934, 0.00408246973529, 0.00203422619961, -0.00399195216596, 0.010259157978, -0.00582821946591], [-4.5527543989e-05, -0.000608398811892, 0.00196205335669, -0.00289666210301, 0.000118672302051, -0.00429735239595, -0.0129613447934, 0.0379947833717, -0.0162794347852, -0.00624660030007, -0.000983834732324, 0.000304785906337, 5.59373484066e-06], [0.000147862359881, -0.00091032817727, -0.000759857706726, 0.00734945153818, -0.00354995322414, -0.00320810568519, 0.00408246973529, -0.0162794347852, 0.038331028074, -0.0110539058223, 0.00275799073279, 0.000101909601653, -0.00490661244839], [-0.000425940117566, 0.00120208144654, -0.00123125291429, -0.00255986861885, 0.00183139089495, -0.00061802106211, 0.00203422619961, -0.00624660030007, -0.0110539058223, 0.0465415939689, -0.0209854133427, 0.00542065966874, 0.00565513875335], [0.000325500615872, -0.00116146181244, -0.00177088659257, 3.4787626646e-05, 0.000287699425826, 0.00738498242572, -0.00399195216596, -0.000983834732324, 0.00275799073279, -0.0209854133427, 0.0500716269016, -0.0138111058623, -0.00141631660517], [-0.000530720106326, 0.00121878879145, -0.00381143204868, 0.000750941515435, -0.00424895389006, -0.00626744236797, 0.010259157978, 0.000304785906337, 0.000101909601653, 0.00542065966874, -0.0138111058623, 0.0473087579012, -0.0193527322263], [0.000258042186033, -0.000339505932061, 0.00305961351842, -0.0037976722233, 0.00112821604125, 0.00148534995969, -0.00582821946591, 5.59373484066e-06, -0.00490661244839, 0.00565513875335, -0.00141631660517, -0.0193527322263, 0.0560161620378]]
    },
    "spectral_contrast_coeffs": {
        "max": [-0.392622917891, -0.542480409145, -0.550648868084, -0.630930185318, -0.586015224457, -0.65538752079],
        "mean": [-0.84052336216, -0.870775103569, -0.862133383751, -0.880117595196, -0.865979969501, -0.849115848541],
        "min": [-0.98327177763, -0.987541258335, -0.986216187477, -0.979116499424, -0.981292843819, -0.965653836727],
        "stdev": [0.115715160966, 0.0956799015403, 0.0956360772252, 0.074765086174, 0.0832980126143, 0.093887321651]
    },
    "spectral_contrast_valleys": {
        "max": [-5.58665084839, -4.65179920197, -4.81335687637, -4.68036079407, -5.04147672653, -7.8278169632],
        "mean": [-15.8115510941, -15.0247364044, -15.0299358368, -15.1101751328, -15.5009450912, -17.0999412537],
        "min": [-28.0457077026, -28.4664058685, -27.8932914734, -27.6601276398, -27.5776882172, -27.4505081177],
        "stdev": [9.31087112427, 9.93398666382, 9.9911108017, 9.9220495224, 9.61163806915, 8.30461215973]
    }
},
"rhythm": {
    "beats_count": 63,
    "beats_loudness": {
        "max": 0.198530212045,
        "mean": 0.019456287846,
        "min": 0,
        "stdev": 0.0393262729049
    },
    "bpm": 166.336456299,
    "bpm_histogram_first_peak_bpm": 167,
    "bpm_histogram_first_peak_weight": 0,
    "bpm_histogram_second_peak_bpm": 172,
    "bpm_histogram_second_peak_spread": 0,
    "bpm_histogram_second_peak_weight": 0.193548381329,
    "danceability": 0.801509261131,
    "onset_rate": 1.72334551811,
    "beats_loudness_band_ratio": {
        "max": [0.579000473022, 0.305880784988, 0.646955251694, 0.895970404148, 0.544812738895, 0.953188598156],
        "mean": [0.0553188212216, 0.0324626676738, 0.107537120581, 0.216043546796, 0.139415532351, 0.159717932343],
        "min": [0, 0, 0, 0, 0, 0],
        "stdev": [0.120444335043, 0.0650167390704, 0.158990204334, 0.257510483265, 0.170063972473, 0.297285497189]
    },
    "beats_position": [0.580498874187, 1.17260766029, 1.764716506, 2.35682535172, 2.97215414047, 3.5758728981, 4.17959165573, 4.77170038223, 5.35219955444, 5.93269824982, 6.5015873909, 7.05886602402, 7.60453510284, 8.15020370483, 8.6958732605, 9.24154186249, 9.78721046448, 10.4025392532, 11.0062580109, 11.6099767685, 12.0859861374, 12.5619955063, 13.0263938904, 13.5024032593, 13.966802597, 14.4312019348, 14.8607711792, 15.2787294388, 15.7082986832, 16.1378688812, 16.5674381256, 16.99700737, 17.4381847382, 17.8677539825, 18.2973232269, 18.7152824402, 19.1332416534, 19.4815406799, 19.8414516449, 20.2013607025, 20.5612697601, 20.9211788177, 21.2926979065, 21.6526069641, 22.0125160217, 22.3608150482, 22.7207260132, 23.0806350708, 23.4289340973, 23.7888431549, 24.1487522125, 24.497051239, 24.8453502655, 25.1936511993, 25.5419502258, 25.8902492523, 26.2385482788, 26.5868473053, 26.9351463318, 27.2834453583, 27.6433563232, 28.0032653809, 28.3631744385],
