{
"metadata": {
    "version": {
        "essentia": "2.1-beta5",
        "essentia_git_sha": "Undefined",
        "extractor": "music 2.0"
    },
    "audio_properties": {
        "analysis": {
            "equal_loudness": 0,
            "length": 12.7477550507,
            "sample_rate": 44100,
            "start_time": 0,
            "downmix": "mix"
        },
        "bit_rate": 192000,
        "length": 221.622879028,
        "lossless": 0,
        "number_channels": 2,
        "replay_gain": 11.1144886017,
        "sample_rate": 48000,
        "codec": "mp3",
        "md5_encoded": "c8fdb48f2665f4715d3c24746634fa51"
    },
    "tags": {
        "file_name": "Croatia_Nostalgija_Magazin and Lidija.mp3",
        "encoding": ["Lavf58.29.100"]
    }
},
"lowlevel": {
    "average_loudness": 9.75855073193e-05,
    "barkbands_crest": {
        "max": 21.6246070862,
        "mean": 6.7134513855,
        "min": 3.01841831207,
        "stdev": 1.71831011772
    },
    "barkbands_flatness_db": {
        "max": 0.245946913958,
        "mean": 0.0800148323178,
        "min": 0.0420200750232,
        "stdev": 0.0247190147638
    },
    "barkbands_kurtosis": {
        "max": 16.3856506348,
        "mean": 3.12461543083,
        "min": -1.41569685936,
        "stdev": 1.31732261181
    },
    "barkbands_skewness": {
        "max": 3.47029304504,
        "mean": -1.62129330635,
        "min": -2.21508455276,
        "stdev": 0.784339845181
    },
    "barkbands_spread": {
        "max": 47.221736908,
        "mean": 25.6461143494,
        "min": 4.17175102234,
        "stdev": 4.7285118103
    },
    "dissonance": {
        "max": 0.5,
        "mean": 0.490338295698,
        "min": 0.358525425196,
        "stdev": 0.0158134829253
    },
    "dynamic_complexity": 19.159318924,
    "erbbands_crest": {
        "max": 25.7963085175,
        "mean": 4.0198392868,
        "min": 2.63890194893,
        "stdev": 2.39485239983
    },
    "erbbands_flatness_db": {
        "max": 0.30727159977,
        "mean": 0.110090084374,
        "min": 0.0781989321113,
        "stdev": 0.0375415273011
    },
    "erbbands_kurtosis": {
        "max": 6.00438308716,
        "mean": 0.19837218523,
        "min": -1.34489238262,
        "stdev": 0.617631077766
    },
    "erbbands_skewness": {
        "max": 2.22124648094,
        "mean": -0.541674315929,
        "min": -0.951291203499,
        "stdev": 0.394169151783
    },
    "erbbands_spread": {
        "max": 47.3293952942,
        "mean": 34.9096679688,
        "min": 6.64126968384,
        "stdev": 5.46526622772
    },
    "hfc": {
        "max": 498.760681152,
        "mean": 11.7500619888,
        "min": 1.06124367532e-16,
        "stdev": 57.1899871826
    },
    "loudness_ebu128": {
        "integrated": -27.2512149811,
        "loudness_range": 14.4418487549,
        "momentary": {
            "max": -24.5147571564,
            "mean": -273.703308105,
            "min": -300.691009521,
            "stdev": 79.5913925171
        },
        "short_term": {
            "max": -31.6067008972,
            "mean": -267.705169678,
            "min": -300.691009521,
            "stdev": 85.2967071533
        }
    },
    "melbands_crest": {
        "max": 27.6289215088,
        "mean": 3.2281961441,
        "min": 1.38364946842,
        "stdev": 3.56552457809
    },
    "melbands_flatness_db": {
        "max": 0.268752396107,
        "mean": 0.0184214208275,
        "min": 0.00205601286143,
        "stdev": 0.0426784530282
    },
    "melbands_kurtosis": {
        "max": 23.3546161652,
        "mean": -0.755379617214,
        "min": -1.42895364761,
        "stdev": 2.11378788948
    },
    "melbands_skewness": {
        "max": 3.70124411583,
        "mean": 0.104365736246,
        "min": -1.05521667004,
        "stdev": 0.48208090663
    },
    "melbands_spread": {
        "max": 158.093688965,
        "mean": 122.955184937,
        "min": 5.21672058105,
        "stdev": 30.6602058411
    },
    "pitch_salience": {
        "max": 0.909406900406,
        "mean": 0.781560301781,
        "min": 0.360244214535,
        "stdev": 0.0530504696071
    },
    "silence_rate_20dB": {
        "max": 1,
        "mean": 0.980000019073,
        "min": 0,
        "stdev": 0.139999955893
    },
    "silence_rate_30dB": {
        "max": 1,
        "mean": 0.969090938568,
        "min": 0,
        "stdev": 0.173071458936
    },
    "silence_rate_60dB": {
        "max": 1,
        "mean": 0.927272737026,
        "min": 0,
        "stdev": 0.259688317776
    },
    "spectral_centroid": {
        "max": 11908.9365234,
        "mean": 10180.1914062,
        "min": 775.002380371,
        "stdev": 2702.10327148
    },
    "spectral_complexity": {
        "max": 56,
        "mean": 3.11454534531,
        "min": 0,
        "stdev": 11.3061351776
    },
    "spectral_decrease": {
        "max": 2.43518458102e-28,
        "mean": -3.07212921768e-09,
        "min": -1.74447976065e-07,
        "stdev": 1.70547700407e-08
    },
    "spectral_energy": {
        "max": 0.703643620014,
        "mean": 0.0126606784761,
        "min": 9.89491220194e-21,
        "stdev": 0.0694377794862
    },
    "spectral_energyband_high": {
        "max": 0.00911844428629,
        "mean": 0.000209191130125,
        "min": 6.92824509089e-21,
        "stdev": 0.000958463235293
    },
    "spectral_energyband_low": {
        "max": 0.0113492486998,
        "mean": 7.48144011595e-05,
        "min": 9.3244794724e-24,
        "stdev": 0.000588988652453
    },
    "spectral_energyband_middle_high": {
        "max": 0.152241438627,
        "mean": 0.0036589470692,
        "min": 1.07625133909e-21,
        "stdev": 0.0172942467034
    },
    "spectral_energyband_middle_low": {
        "max": 0.587408542633,
        "mean": 0.00879115238786,
        "min": 1.37098951374e-22,
        "stdev": 0.0539529696107
    },
    "spectral_entropy": {
        "max": 9.82883644104,
        "mean": 9.61350440979,
        "min": 7.01328659058,
        "stdev": 0.593254745007
    },
    "spectral_flux": {
        "max": 0.824168622494,
        "mean": 0.0213283542544,
        "min": 6.26945231841e-11,
        "stdev": 0.0937681347132
    },
    "spectral_kurtosis": {
        "max": 21.0626087189,
        "mean": -0.680661141872,
        "min": -1.27585315704,
        "stdev": 1.83907842636
    },
    "spectral_rms": {
        "max": 0.0262007936835,
        "mean": 0.000802312686574,
        "min": 3.10701984974e-12,
        "stdev": 0.00342172151431
    },
    "spectral_rolloff": {
        "max": 19875.1464844,
        "mean": 17234.6660156,
        "min": 602.9296875,
        "stdev": 4713.44580078
    },
    "spectral_skewness": {
        "max": 3.82246828079,
        "mean": 0.133801117539,
        "min": -0.0918446853757,
        "stdev": 0.445455551147
    },
    "spectral_spread": {
        "max": 42934536,
        "mean": 37036612,
        "min": 2449821.75,
        "stdev": 10760678
    },
    "spectral_strongpeak": {
        "max": 12.8738555908,
        "mean": 0.277992337942,
        "min": 0,
        "stdev": 1.35703098774
    },
    "zerocrossingrate": {
        "max": 0.6962890625,
        "mean": 0.463084161282,
        "min": 0.01904296875,
        "stdev": 0.121445581317
    },
    "barkbands": {
        "max": [0.000887119735125, 0.00803951174021, 0.0027835201472, 0.00408827839419, 0.010456090793, 0.0214344523847, 0.218860477209, 0.390859812498, 0.353454977274, 0.0179900210351, 0.0595289543271, 0.0743345692754, 0.092630200088, 0.0397934243083, 0.0248831510544, 0.017470035702, 0.00688623217866, 0.00482850382105, 0.00638401601464, 0.00957995466888, 0.00405319640413, 0.00401875330135, 0.00123702012934, 0.00212509883568, 0.000374538300093, 7.79279871495e-05, 4.728251497e-06],
        "mean": [5.38561062058e-06, 3.32935087499e-05, 2.24563336815e-05, 4.98449262523e-05, 0.00011631250527, 0.000298471772112, 0.00126592745073, 0.00478751445189, 0.00216559343971, 0.000295855425065, 0.000402612407925, 0.000749462109525, 0.000810819794424, 0.000449410435976, 0.000322375097312, 0.000249637756497, 0.000145972124301, 0.000104943552287, 9.93729627226e-05, 0.000143643017509, 6.13654410699e-05, 3.48773173755e-05, 1.87020596059e-05, 1.98435500351e-05, 6.3206739469e-06, 6.58938688503e-07, 2.03120986697e-08],
        "min": [2.29756207032e-25, 5.43111011722e-25, 5.69002560619e-25, 5.39569026258e-25, 4.16483966406e-24, 4.56887252604e-24, 5.91407206264e-24, 4.1462225467e-24, 1.22590302069e-23, 1.1474613744e-23, 8.21787959405e-24, 1.36878837093e-23, 1.84037115557e-23, 2.30918109412e-23, 2.30001405709e-23, 4.15231294732e-23, 3.08188518137e-23, 8.90188889428e-23, 1.28923828041e-22, 1.42009881877e-22, 2.08160942733e-22, 2.69878756763e-22, 3.37945588416e-22, 4.73012964213e-22, 8.13613416674e-22, 1.1715294796e-21, 1.86953339948e-21],
        "stdev": [4.95596395922e-05, 0.000373946124455, 0.000203836141736, 0.000323744636262, 0.000701319426298, 0.00190597865731, 0.0111313024536, 0.0361231453717, 0.018821965903, 0.00164951232728, 0.00308803119697, 0.00522325700149, 0.0062553063035, 0.00293316156603, 0.00183815765195, 0.00132991222199, 0.000667190353852, 0.000481371564092, 0.000548895681277, 0.000743038952351, 0.000317140453262, 0.000217019347474, 0.000110271539597, 0.00013558640785, 3.49240654032e-05, 4.47916590929e-06, 2.40980597255e-07]
    },
    "erbbands": {
        "max": [0.166838496923, 2.00907087326, 3.73914813995, 6.37633705139, 41.587802887, 26.0873603821, 65.2028274536, 221.040786743, 763.135253906, 8628.99609375, 10309.8964844, 8826.23046875, 750.107055664, 685.838256836, 2800.37866211, 3501.52709961, 4419.10058594, 2390.35620117, 1017.51940918, 1371.06652832, 781.298217773, 331.884033203, 279.710784912, 331.105621338, 552.316162109, 462.57321167, 166.002090454, 126.551597595, 175.584457397, 42.0937614441, 35.7786941528, 36.5073432922, 41.6785316467, 7.10324478149, 1.52552247047, 0.577255904675, 0.0546330697834, 0.00318045704626, 0.000911786395591, 0.000851627846714],
        "mean": [0.000904506421648, 0.00775922322646, 0.0252103749663, 0.0927828848362, 0.373279303312, 0.366282761097, 0.688944399357, 3.04145312309, 6.9282951355, 68.1203384399, 95.5215072632, 55.6481590271, 12.717707634, 10.1135835648, 20.3991851807, 34.0711669922, 37.0941352844, 27.3478794098, 17.5693149567, 17.4406909943, 11.8373088837, 8.16920948029, 6.30132675171, 4.56894397736, 6.34732675552, 6.82048273087, 3.52042841911, 1.89354133606, 1.41174304485, 0.693974912167, 0.522740185261, 0.401565909386, 0.330968946218, 0.110139392316, 0.024391848594, 0.005896482151, 0.000576809921768, 3.42991552316e-05, 1.1156972505e-05, 1.56750029419e-05],
        "min": [2.68078412095e-23, 1.14994033824e-22, 1.0112691934e-21, 3.10582187181e-21, 7.67937274691e-21, 1.49008816377e-20, 3.86651747912e-20, 3.95615671566e-20, 8.72721170424e-20, 1.66172313256e-19, 1.75411067668e-19, 2.30293596582e-19, 4.74653761372e-19, 4.24827994338e-19, 6.88683849738e-19, 7.28420779185e-19, 1.35926454158e-18, 1.2887923723e-18, 1.34938790167e-18, 1.96014425497e-18, 3.44769458339e-18, 2.95455638555e-18, 4.31235350872e-18, 5.22362116644e-18, 5.32270375535e-18, 7.19114511325e-18, 7.76024537468e-18, 8.85067208128e-18, 9.60089098246e-18, 9.93748566296e-18, 9.8710448618e-18, 1.03760311811e-17, 8.54587587789e-18, 8.47849953545e-18, 5.26815160754e-18, 4.13447493544e-18, 2.00514205311e-18, 9.49479783107e-19, 2.27162692114e-19, 2.41445021984e-20],
        "stdev": [0.00959535781294, 0.0917690396309, 0.232821777463, 0.538336157799, 2.73031067848, 2.14678955078, 4.56114339828, 19.5571632385, 46.0910797119, 581.344238281, 733.745544434, 466.59463501, 70.3905105591, 55.3538627625, 152.835540771, 235.004241943, 282.23324585, 179.38508606, 90.8188476562, 98.4233093262, 61.6211128235, 36.2955589294, 27.9322566986, 23.284029007, 37.194683075, 34.4305229187, 16.6802253723, 10.3825969696, 9.19005203247, 3.74297070503, 3.1061398983, 2.53559660912, 2.42234349251, 0.635561645031, 0.124621652067, 0.0370548442006, 0.00364705524407, 0.000237969798036, 6.68455686537e-05, 8.39561471366e-05]
    },
    "gfcc": {
        "mean": [-1148.69494629, 6.06019020081, -17.137840271, 1.3467361927, -7.33513784409, 1.03240001202, -3.95132946968, 0.439592212439, -1.69818198681, 0.391510337591, -1.14181756973, -1.20036327839, -0.532915174961],
        "cov": [[135042.609375, 7586.09619141, -19625.3613281, 1510.05432129, -8452.15429688, 1090.01049805, -4475.75097656, 468.164916992, -1929.38269043, 395.838043213, -1234.60949707, -1480.91271973, -606.968933105], [7586.09619141, 529.802001953, -1082.90222168, 71.0915985107, -475.577270508, 28.2789916992, -248.345489502, 8.69316005707, -104.555778503, 17.0759677887, -63.026184082, -95.9123840332, -34.0526123047], [-19625.3613281, -1082.90222168, 2883.75830078, -217.815643311, 1233.55493164, -151.675186157, 658.896057129, -66.9415817261, 280.536132812, -58.2228546143, 184.568939209, 216.470550537, 87.044921875], [1510.05432129, 71.0915985107, -217.815643311, 66.0864944458, -78.6099319458, 42.4504318237, -66.0616378784, 1.91706752777, -22.4723377228, 2.65407991409, -20.7136650085, -3.33636140823, 6.59392213821], [-8452.15429688, -475.577270508, 1233.55493164, -78.6099319458, 546.15637207, -52.06224823, 278.22479248, -25.3393821716, 122.503616333, -24.5732765198, 75.6280441284, 96.0878143311, 41.1057319641], [1090.01049805, 28.2789916992, -151.675186157, 42.4504318237, -52.06224823, 55.7793731689, -38.0693588257, 13.520275116, -18.1339626312, 4.14457273483, -14.1660223007, 0.807214677334, -0.31800609827], [-4475.75097656, -248.345489502, 658.896057129, -66.0616378784, 278.22479248, -38.0693588257, 170.118453979, -9.23484992981, 63.2508239746, -12.9877538681, 47.2182426453, 43.1568374634, 14.4776573181], [468.164916992, 8.69316005707, -66.9415817261, 1.91706752777, -25.3393821716, 13.520275116, -9.23484992981, 13.2299509048, -4.20208692551, 3.74161291122, -2.23727893829, -3.60677695274, -4.1324300766], [-1929.38269043, -104.555778503, 280.536132812, -22.4723377228, 122.503616333, -18.1339626312, 63.2508239746, -4.20208692551, 36.4510650635, -5.10356426239, 21.344701767, 18.2998180389, 10.0257663727], [395.838043213, 17.0759677887, -58.2228546143, 2.65407991409, -24.5732765198, 4.14457273483, -12.9877538681, 3.74161291122, -5.10356426239, 7.7924323082, -2.39115095139, -2.72031378746, -2.40614795685], [-1234.60949707, -63.026184082, 184.568939209, -20.7136650085, 75.6280441284, -14.1660223007, 47.2182426453, -2.23727893829, 21.344701767, -2.39115095139, 18.4752025604, 10.7831163406, 4.58413887024], [-1480.91271973, -95.9123840332, 216.470550537, -3.33636140823, 96.0878143311, 0.807214677334, 43.1568374634, -3.60677695274, 18.2998180389, -2.72031378746, 10.7831163406, 28.3579025269, 10.403380394], [-606.968933105, -34.0526123047, 87.044921875, 6.59392213821, 41.1057319641, -0.31800609827, 14.4776573181, -4.1324300766, 10.0257663727, -2.40614795685, 4.58413887024, 10.403380394, 9.43623924255]],
        "icov": [[0.00275956257246, -0.0064394203946, 0.00834517646581, -0.00806736759841, 0.01187739335, -0.00339242327027, 0.00386385852471, -0.0157653596252, 0.00718592153862, -0.000655798590742, -0.00585795147344, 0.00386218796484, 0.00902213063091], [-0.0064394203946, 0.0277441442013, -0.0159153193235, 0.0164509825408, -0.0271211378276, 0.0096433442086, -0.00488736806437, 0.0508386716247, -0.0115387467667, 0.00513651920483, -0.00427772663534, 0.00257808854803, -0.0177313890308], [0.00834517646581, -0.0159153193235, 0.0597660951316, -0.0118789672852, -0.00593802891672, -0.012073898688, -0.0168817583472, 0.00444413535297, 0.00135688926093, 0.0100987982005, -0.0426196046174, -0.0282802488655, 0.0426652207971], [-0.00806736759841, 0.0164509825408, -0.0118789672852, 0.141320645809, -0.059004791081, -0.056212130934, 0.018081407994, 0.0940796434879, -0.00927838962525, 0.010437361896, 0.0173485502601, -0.0124212112278, -0.162342697382], [0.01187739335, -0.0271211378276, -0.00593802891672, -0.059004791081, 0.148498997092, -0.018133001402, 0.00313626648858, -0.0952281057835, -0.0133737316355, -0.0169334132224, 0.0432840511203, 0.0285824108869, 0.0254677087069], [-0.00339242327027, 0.0096433442086, -0.012073898688, -0.056212130934, -0.018133001402, 0.0861009210348, -0.0111782848835, -0.0568140931427, 0.0185034889728, 0.00586583418772, 0.0059580989182, -0.0190129838884, 0.0413099452853], [0.00386385852471, -0.00488736806437, -0.0168817583472, 0.018081407994, 0.00313626648858, -0.0111782848835, 0.136531665921, -0.0856956467032, 0.0982813686132, 0.0206257309765, -0.0973556637764, 0.0678723677993, -0.0137483226135], [-0.0157653596252, 0.0508386716247, 0.00444413535297, 0.0940796434879, -0.0952281057835, -0.0568140931427, -0.0856956467032, 0.364205390215, -0.150418043137, -0.0193443708122, 0.00868715904653, -0.0854674577713, 0.0114272711799], [0.00718592153862, -0.0115387467667, 0.00135688926093, -0.00927838962525, -0.0133737316355, 0.0185034889728, 0.0982813686132, -0.150418043137, 0.287366896868, 0.00798020232469, -0.155414447188, 0.108577594161, -0.0907227620482], [-0.000655798590742, 0.00513651920483, 0.0100987982005, 0.010437361896, -0.0169334132224, 0.00586583418772, 0.0206257309765, -0.0193443708122, 0.00798020232469, 0.188688337803, -0.0636187568307, -0.041983384639, 0.0265757627785], [-0.00585795147344, -0.00427772663534, -0.0426196046174, 0.0173485502601, 0.0432840511203, 0.0059580989182, -0.0973556637764, 0.00868715904653, -0.155414447188, -0.0636187568307, 0.364302873611, -0.0127421356738, -0.0604228898883], [0.00386218796484, 0.00257808854803, -0.0282802488655, -0.0124212112278, 0.0285824108869, -0.0190129838884, 0.0678723677993, -0.0854674577713, 0.108577594161, -0.041983384639, -0.0127421356738, 0.216202542186, -0.0976671427488], [0.00902213063091, -0.0177313890308, 0.0426652207971, -0.162342697382, 0.0254677087069, 0.0413099452853, -0.0137483226135, 0.0114272711799, -0.0907227620482, 0.0265757627785, -0.0604228898883, -0.0976671427488, 0.498942047358]]
    },
    "melbands": {
        "max": [0.00194409885444, 0.00219360250048, 0.00208227289841, 0.00251392647624, 0.00197792844847, 0.00479257991537, 0.0206220541149, 0.102644868195, 0.0833402276039, 0.0485100261867, 0.00349333579652, 0.00282134325244, 0.00843768659979, 0.00841203052551, 0.0105928871781, 0.0100646689534, 0.00449007563293, 0.00155398284551, 0.00228731730022, 0.00129419274163, 0.00094494887162, 0.000433661101852, 0.000217338718357, 0.000241198911681, 0.000290490541374, 0.000280892389128, 0.000502346956637, 0.000257753272308, 0.000109997898107, 8.92440657481e-05, 6.22907682555e-05, 0.000127887091367, 3.47193235939e-05, 2.04096668313e-05, 2.47192256211e-05, 2.42759688263e-05, 2.09407535294e-05, 3.39628568327e-05, 1.58474431373e-05, 2.90849447993e-06],
        "mean": [8.99136193766e-06, 1.24074458654e-05, 2.53373636951e-05, 2.76458886219e-05, 2.18634722842e-05, 6.60763616906e-05, 0.000135112830321, 0.000836367544252, 0.000759289599955, 0.000293768622214, 5.26530639036e-05, 3.77497781301e-05, 6.07009897067e-05, 8.42228546389e-05, 8.99957376532e-05, 7.30571118766e-05, 4.8352216254e-05, 2.80576423393e-05, 2.38351240114e-05, 2.07798984775e-05, 1.24911684907e-05, 8.8110782599e-06, 6.42484201308e-06, 4.74021180707e-06, 3.4830372897e-06, 4.03274088967e-06, 5.31691875949e-06, 4.35027004642e-06, 2.37407220993e-06, 1.4445091665e-06, 9.59438352766e-07, 8.85771783032e-07, 4.96488496537e-07, 3.45706126836e-07, 3.05786727495e-07, 2.61992312289e-07, 2.407545594e-07, 2.52453986604e-07, 1.72598944914e-07, 6.42306190457e-08],
        "min": [4.07908436999e-25, 6.80119190449e-25, 9.60566342004e-25, 7.38527437948e-25, 1.19962452566e-24, 8.47225173724e-25, 1.42553821587e-24, 1.81415289007e-24, 1.57582686794e-24, 1.38026055814e-24, 2.20251167751e-24, 1.7487249638e-24, 1.85123704401e-24, 1.53244612486e-24, 2.03334341461e-24, 2.1665224625e-24, 1.74971537867e-24, 1.81734442407e-24, 2.07467321794e-24, 2.23821650815e-24, 2.43554710536e-24, 2.25895684464e-24, 3.35999328146e-24, 3.56452913696e-24, 3.04137926437e-24, 2.64671945045e-24, 3.58245757875e-24, 4.0388715937e-24, 4.33123567252e-24, 3.2972569486e-24, 4.49297740164e-24, 4.32285836414e-24, 5.21937945583e-24, 5.05400817768e-24, 4.93789613548e-24, 4.60718276704e-24, 5.42717094029e-24, 4.86163537405e-24, 5.6713356178e-24, 6.16901849657e-24],
        "stdev": [9.54848219408e-05, 0.000116612558486, 0.00015446463658, 0.000169211707544, 0.000137334835017, 0.000429235573392, 0.00103752606083, 0.00691507617012, 0.00579126132652, 0.00253740116023, 0.000287480856059, 0.000216147323954, 0.000454339926364, 0.000591038784478, 0.00068616354838, 0.00057760317577, 0.00033703801455, 0.000149170373334, 0.000140401345561, 0.000114143847895, 6.7882676376e-05, 4.10889624618e-05, 2.72184552159e-05, 2.18267105083e-05, 1.8719370928e-05, 2.28577937378e-05, 3.31371702487e-05, 2.10257385334e-05, 1.12660318337e-05, 7.56986855777e-06, 5.38984977538e-06, 6.28746010989e-06, 2.70802797786e-06, 1.93284085981e-06, 1.80436370556e-06, 1.71885619693e-06, 1.51069480125e-06, 1.90824471247e-06, 1.19670460208e-06, 3.27327541072e-07]
    },
    "melbands128": {
        "max": [0.000749261991587, 0.00150555733126, 0.00298708188348, 0.00348460068926, 0.00234887888655, 0.00142208556645, 0.00112255476415, 0.00289986166172, 0.00563857425004, 0.00321186403744, 0.00198732316494, 0.000959000899456, 0.00188679737039, 0.00650205090642, 0.00672256248072, 0.0102020082995, 0.0134749012068, 0.00570101803169, 0.0657271146774, 0.126471191645, 0.15103314817, 0.104456543922, 0.145351335406, 0.101721093059, 0.0912501960993, 0.0157260019332, 0.00420248601586, 0.00564427254722, 0.00372809218243, 0.00343680847436, 0.00306142307818, 0.00321302493103, 0.00966709293425, 0.0165832191706, 0.0115970335901, 0.0111422017217, 0.0143816797063, 0.0128716873005, 0.0205044820905, 0.0135894827545, 0.0140176489949, 0.00933293625712, 0.00677208229899, 0.0085315387696, 0.00257185520604, 0.00216738577001, 0.00401184055954, 0.00198571290821, 0.00439452938735, 0.00231055426411, 0.00132719660178, 0.00197358778678, 0.000655293464661, 0.00192445656285, 0.000571589160245, 0.000420186144765, 0.000394202972529, 0.000260824861471, 0.000258466141531, 0.000372057722416, 0.000245027680648, 0.000280940759694, 0.00020669917285, 0.000417882256443, 0.000248840166023, 0.000310064118821, 0.000514666375238, 0.000618257618044, 0.00049685058184, 0.000555480248295, 0.000238796143094, 0.000152043867274, 0.000143572848174, 0.000147958286107, 0.000103012724139, 7.91077836766e-05, 9.91763008642e-05, 0.000160883922945, 5.84567023907e-05, 0.000116944938782, 0.00015954655828, 0.00014057844237, 5.88393340877e-05, 3.5597178794e-05, 2.80617732642e-05, 3.30609182129e-05, 2.06846361834e-05, 2.96268626698e-05, 3.12653573928e-05, 2.42593941948e-05, 2.76957598544e-05, 2.67562718363e-05, 1.77804759005e-05, 2.31105932471e-05, 1.68832211784e-05, 2.75774236798e-05, 4.97983637615e-05, 2.85627502308e-05, 2.26541978918e-05, 1.23993304442e-05, 5.00457190356e-06, 2.64434402197e-06, 3.94771723222e-06, 3.41002919413e-06, 1.37607798933e-06, 1.15291038583e-06, 9.64279820437e-07, 2.2687333967e-06, 1.09482152766e-06, 6.76131548971e-07, 6.98350106632e-07, 1.35715225724e-07, 4.03326581022e-08, 3.55997151757e-08, 2.91700601451e-08, 3.92948358297e-08, 2.23132268218e-08, 1.9379077898e-08, 1.87121163009e-08, 1.90062969807e-08, 2.28562893057e-08, 2.52791085842e-08, 2.20547402563e-08, 1.7660990892e-08, 1.77035754945e-08, 1.8398988999e-08, 1.68338392115e-08, 1.60914002123e-08],
        "mean": [3.56653026756e-06, 6.88023101247e-06, 1.11615863716e-05, 1.32532168209e-05, 1.2697701095e-05, 1.07895721158e-05, 1.40930351336e-05, 3.03705637634e-05, 4.30466861872e-05, 2.88809260383e-05, 1.91107319552e-05, 1.00650249806e-05, 1.35175396281e-05, 4.66323981527e-05, 6.79694494465e-05, 8.16406391095e-05, 6.33689705865e-05, 5.26654002897e-05, 0.000292689102935, 0.000907434383407, 0.00104628514964, 0.000838947191369, 0.000799066969194, 0.000575198908336, 0.00042222609045, 0.000145987054566, 5.12151891598e-05, 5.11924736202e-05, 4.49501130788e-05, 3.34300311806e-05, 3.51693270204e-05, 4.47405618615e-05, 6.96807037457e-05, 6.50858346489e-05, 6.35388059891e-05, 0.000108685162559, 8.66766204126e-05, 8.80333391251e-05, 9.3867063697e-05, 8.19979031803e-05, 7.35963039915e-05, 5.06640208187e-05, 5.20018547832e-05, 4.77230896649e-05, 2.75938837149e-05, 2.68187723123e-05, 2.52056761383e-05, 2.06539170904e-05, 2.54869828495e-05, 2.61319164565e-05, 2.04278385354e-05, 1.57840004249e-05, 1.15236707643e-05, 1.34041993078e-05, 9.2475411293e-06, 8.82360018295e-06, 7.57936140872e-06, 6.55235044178e-06, 5.6945873439e-06, 6.98222402207e-06, 3.98611109631e-06, 4.17813726017e-06, 3.46570664078e-06, 3.34859532813e-06, 3.33331900038e-06, 3.68861810784e-06, 4.67252857561e-06, 5.25539189766e-06, 5.53432028028e-06, 5.3227272474e-06, 4.88411205879e-06, 3.61183492714e-06, 2.61720265371e-06, 2.28781959777e-06, 1.91801609617e-06, 1.5063264982e-06, 1.19831167922e-06, 1.17967658753e-06, 7.80547736667e-07, 9.41099244756e-07, 9.47173589338e-07, 9.22530034586e-07, 6.44477495371e-07, 4.39823310217e-07, 3.70184210396e-07, 3.59384614512e-07, 3.23144661252e-07, 3.46085812453e-07, 2.90679651016e-07, 2.98455688608e-07, 2.83311010207e-07, 2.52484767316e-07, 2.2360690366e-07, 2.39240932842e-07, 2.53892523006e-07, 2.4598622872e-07, 2.86143261974e-07, 2.05870051673e-07, 1.98309962229e-07, 1.39260052379e-07, 8.83289459352e-08, 4.39235172678e-08, 4.53273827361e-08, 3.79391735805e-08, 2.2874475647e-08, 1.71365961421e-08, 1.33459368001e-08, 1.20106458112e-08, 9.38402866524e-09, 7.96412624737e-09, 6.17138073977e-09, 1.22666632407e-09, 3.1458011196e-10, 2.01061015059e-10, 1.97585850459e-10, 2.16271583975e-10, 1.22209076192e-10, 9.15083842035e-11, 8.68494026696e-11, 8.49566181294e-11, 9.34032295952e-11, 9.89853962685e-11, 8.96261606598e-11, 7.38963057412e-11, 7.3292719116e-11, 7.28411359008e-11, 6.52286627489e-11, 6.06526009972e-11],
        "min": [9.3647788878e-27, 6.40675664476e-26, 2.3620097876e-25, 3.91240619585e-26, 2.38869670551e-26, 2.28925511847e-25, 1.42263644034e-25, 2.63576177805e-25, 2.34984703156e-25, 2.77660303191e-25, 2.80906958854e-25, 1.92134111585e-25, 2.10319241321e-25, 2.65956466979e-25, 3.17529924987e-25, 1.76882854163e-25, 2.02699966638e-25, 5.11550018107e-25, 2.75997963723e-26, 5.09787998667e-25, 5.6408874604e-25, 4.73157636964e-25, 6.06493027228e-25, 4.41381580145e-25, 6.09848299177e-25, 6.3707711522e-25, 2.89310053128e-25, 7.93359680356e-25, 8.27693273534e-25, 6.87128071681e-25, 7.41682585746e-25, 5.94709269545e-25, 4.10832448552e-25, 6.31419256896e-25, 6.86765738006e-25, 5.82954995538e-25, 6.17101677985e-25, 7.77271355232e-25, 5.09620612244e-25, 3.73096547594e-25, 5.06101405138e-25, 1.18226790941e-24, 1.27266131118e-24, 7.77704637084e-25, 8.30909065014e-25, 5.54188492376e-25, 9.87550808381e-25, 8.78739180812e-25, 1.09572700849e-24, 9.83755302743e-25, 8.22240469742e-25, 1.1242907744e-24, 1.18406700532e-24, 7.52181683445e-25, 5.22970406736e-25, 7.91297745861e-25, 1.55644406246e-24, 1.27950911687e-24, 1.75416159595e-24, 1.42170612681e-24, 1.54727217393e-24, 1.59226071414e-24, 1.28020203257e-24, 1.590839384e-24, 1.57474977698e-24, 1.12096473961e-24, 1.56466843044e-24, 1.57699093081e-24, 1.3850173894e-24, 2.0677988868e-24, 1.55130561974e-24, 1.58934784525e-24, 2.55369914187e-24, 2.02634030192e-24, 2.14018752447e-24, 1.54097804998e-24, 2.35280880983e-24, 2.57276374059e-24, 2.91680491402e-24, 2.59869280968e-24, 2.28134018118e-24, 2.65070438131e-24, 2.28273311233e-24, 3.23540354831e-24, 3.31000632134e-24, 2.86314659524e-24, 2.12780773307e-24, 3.45610730529e-24, 3.31772532529e-24, 2.6716726986e-24, 3.54360341816e-24, 3.44024962337e-24, 3.21391635776e-24, 2.74989870976e-24, 3.11137508971e-24, 2.83596304009e-24, 3.42269115734e-24, 3.85980450695e-24, 3.02885235041e-24, 3.87473685503e-24, 2.94769986251e-24, 2.73261299239e-24, 3.17776739843e-24, 3.97110844194e-24, 4.33002713761e-24, 3.71909854273e-24, 3.83468204813e-24, 4.8849138705e-24, 3.62563430268e-24, 4.00859235115e-24, 4.90907076357e-24, 4.43086328282e-24, 3.54292420892e-24, 3.9988361139e-24, 5.00405237757e-24, 5.01893857728e-24, 5.057219236e-24, 4.26240085322e-24, 3.38580875458e-24, 4.05916464606e-24, 5.00226284661e-24, 4.60298405487e-24, 4.7439854475e-24, 4.18641382653e-24, 5.52133292781e-24, 5.32855425524e-24, 4.88816279414e-24, 5.03104877547e-24],
        "stdev": [3.52897222911e-05, 7.61151313782e-05, 0.000136781323818, 0.000161127682077, 0.000134845206048, 9.44074345171e-05, 9.15219061426e-05, 0.000207694945857, 0.00035791148548, 0.000197373054107, 0.000141720622196, 6.56115007587e-05, 0.000108214451757, 0.000396145071136, 0.000494778447319, 0.00068376888521, 0.000660433550365, 0.000426443381002, 0.00302446610294, 0.00864574126899, 0.0100549114868, 0.00774199515581, 0.00836471281946, 0.00559428986162, 0.00450609065592, 0.00110318162479, 0.000335354852723, 0.000355632189894, 0.000298602128169, 0.000234736522543, 0.000219157576794, 0.00027845375007, 0.000587949820329, 0.000737264344934, 0.000552047102246, 0.000870679738, 0.000786065531429, 0.000768156605773, 0.000980130280368, 0.000768130063079, 0.000750353909098, 0.000467674282845, 0.000409713538829, 0.000427080289228, 0.000176036701305, 0.000157816597493, 0.000191853076103, 0.000120065808005, 0.00020746102382, 0.000160303010489, 0.000118418960483, 0.000103336446045, 6.0198657593e-05, 9.72674970399e-05, 4.84248848807e-05, 4.41726078861e-05, 3.84672930522e-05, 3.00965530187e-05, 2.66759507213e-05, 3.50107548002e-05, 1.90687351278e-05, 2.20707970584e-05, 1.7835151084e-05, 2.19713547267e-05, 1.83510510396e-05, 2.19353350985e-05, 2.99194252875e-05, 3.76263415092e-05, 3.49267429556e-05, 3.22809464706e-05, 2.3393846277e-05, 1.68875685631e-05, 1.27789471662e-05, 1.17724948723e-05, 9.94215133687e-06, 7.80145182944e-06, 6.8857448241e-06, 8.5686069724e-06, 4.11169366998e-06, 6.14710779701e-06, 7.48083311919e-06, 7.06312039256e-06, 4.01082525059e-06, 2.37218728216e-06, 2.07605444302e-06, 2.19487924369e-06, 1.89074353329e-06, 2.13173279917e-06, 1.7904313836e-06, 1.83842007573e-06, 2.02634350899e-06, 1.75049876816e-06, 1.38801215144e-06, 1.60662693816e-06, 1.56831060849e-06, 1.79543815193e-06, 2.51040978583e-06, 1.57505292009e-06, 1.52343727677e-06, 9.64523678704e-07, 4.72588254752e-07, 2.24868287546e-07, 2.52687812008e-07, 2.09113267147e-07, 1.24001459767e-07, 9.63238164786e-08, 7.95416070787e-08, 1.06879546991e-07, 7.15790875461e-08, 5.16567482123e-08, 4.51804957891e-08, 9.07185615517e-09, 2.70206190756e-09, 1.90973103997e-09, 1.89853599508e-09, 2.21738027939e-09, 1.22369891997e-09, 1.04588715466e-09, 1.00599317765e-09, 1.0075067447e-09, 1.16411846829e-09, 1.26629251529e-09, 1.11563414062e-09, 8.95387264332e-10, 8.89875617638e-10, 9.08003228162e-10, 8.23033696751e-10, 7.81636477765e-10]
    },
    "mfcc": {
        "mean": [-1205.69555664, 8.58228397369, -4.32951688766, -0.399305194616, -1.53001952171, -0.308704733849, -0.968407452106, -0.935926198959, -0.081125035882, 0.208215013146, -0.201311439276, 0.305719554424, -0.0652809590101],
        "cov": [[37380.6875, 5290.07128906, -2679.4987793, -276.718597412, -1045.33740234, -267.829162598, -579.58984375, -574.434265137, -83.1279296875, 152.894699097, -84.2168655396, 215.78868103, -41.1525802612], [5290.07128906, 813.878845215, -395.248443604, -40.8390274048, -170.208740234, -53.629447937, -94.3623657227, -97.8645629883, -17.8521442413, 17.0608615875, -7.11061477661, 33.0374107361, -8.30759334564], [-2679.4987793, -395.248443604, 212.8074646, 17.587884903, 77.6803588867, 26.8939437866, 46.5275001526, 46.9748725891, 5.80924224854, -13.2589454651, 5.84659862518, -13.0926513672, 3.85702347755], [-276.718597412, -40.8390274048, 17.587884903, 16.5260829926, 14.5560913086, 7.18665885925, -2.08810544014, 0.415912568569, 1.79991936684, -5.16297912598, -5.94063091278, -4.52646589279, 1.88181483746], [-1045.33740234, -170.208740234, 77.6803588867, 14.5560913086, 64.946762085, 28.9876194, 14.1309747696, 24.7097129822, 10.1623935699, -2.83785963058, -3.76292562485, -12.040766716, 2.23238134384], [-267.829162598, -53.629447937, 26.8939437866, 7.18665885925, 28.9876194, 26.9266910553, 9.8406419754, 12.3425960541, 6.59860563278, -3.50965833664, -5.00421667099, -5.50254631042, -0.732258617878], [-579.58984375, -94.3623657227, 46.5275001526, -2.08810544014, 14.1309747696, 9.8406419754, 27.0827522278, 17.8004207611, 3.66704392433, 1.69332075119, 5.56000947952, 0.461695224047, 0.524310946465], [-574.434265137, -97.8645629883, 46.9748725891, 0.415912568569, 24.7097129822, 12.3425960541, 17.8004207611, 22.7631702423, 4.96465730667, -0.316143423319, 1.69121611118, -4.01698493958, 0.750466346741], [-83.1279296875, -17.8521442413, 5.80924224854, 1.79991936684, 10.1623935699, 6.59860563278, 3.66704392433, 4.96465730667, 5.45138692856, 1.92913293839, -0.61531406641, -0.992043435574, 0.608245551586], [152.894699097, 17.0608615875, -13.2589454651, -5.16297912598, -2.83785963058, -3.50965833664, 1.69332075119, -0.316143423319, 1.92913293839, 9.40760612488, 4.68054294586, 2.22418737411, -0.637281179428], [-84.2168655396, -7.11061477661, 5.84659862518, -5.94063091278, -3.76292562485, -5.00421667099, 5.56000947952, 1.69121611118, -0.61531406641, 4.68054294586, 9.66456604004, 3.54796218872, -1.16793465614], [215.78868103, 33.0374107361, -13.0926513672, -4.52646589279, -12.040766716, -5.50254631042, 0.461695224047, -4.01698493958, -0.992043435574, 2.22418737411, 3.54796218872, 8.02586364746, 1.2623809576], [-41.1525802612, -8.30759334564, 3.85702347755, 1.88181483746, 2.23238134384, -0.732258617878, 0.524310946465, 0.750466346741, 0.608245551586, -0.637281179428, -1.16793465614, 1.2623809576, 5.47561454773]],
        "icov": [[0.000762068142649, -0.00192805961706, 0.00449226656929, 0.00180130638182, 0.00350544787943, -0.00693528959528, 0.004394271411, -0.00414212048054, 0.00451398035511, -0.00607674941421, 0.00455545587465, -0.00546111818403, -0.0021688984707], [-0.00192805961706, 0.0428887121379, 0.0355956293643, 0.0196483768523, 0.03408620134, -0.0382680296898, 0.0423577725887, 0.0145103838295, -0.00830303598195, 0.0266673564911, -0.0359081551433, -0.0174430906773, -0.00591674167663], [0.00449226656929, 0.0355956293643, 0.109371133149, 0.0302596259862, 0.0450079143047, -0.0869307219982, 0.0596014708281, -0.0266801360995, 0.045052330941, 0.0197154693305, -0.024855857715, -0.0657265111804, -0.0245565399528], [0.00180130638182, 0.0196483768523, 0.0302596259862, 0.14526759088, 0.0138798458502, -0.0510735176504, 0.0427476763725, 0.0474670268595, -0.027990931645, 0.0262465216219, 0.0321795605123, -0.0102764898911, -0.0355815850198], [0.00350544787943, 0.03408620134, 0.0450079143047, 0.0138798458502, 0.164321869612, -0.164861276746, 0.138925179839, -0.0535964630544, -0.0113032860681, -0.0738061740994, -0.0213660802692, -0.0164583288133, -0.0615070275962], [-0.00693528959528, -0.0382680296898, -0.0869307219982, -0.0510735176504, -0.164861276746, 0.284140497446, -0.185000702739, 0.0425320900977, -0.106725461781, 0.115348212421, 0.0363525934517, 0.0756196081638, 0.101300448179], [0.004394271411, 0.0423577725887, 0.0596014708281, 0.0427476763725, 0.138925179839, -0.185000702739, 0.249786302447, -0.0976123586297, 0.0256896372885, -0.0828841030598, -0.0343646705151, -0.104058392346, -0.0471425428987], [-0.00414212048054, 0.0145103838295, -0.0266801360995, 0.0474670268595, -0.0535964630544, 0.0425320900977, -0.0976123586297, 0.200474321842, -0.0831942334771, 0.0637380704284, -0.0201448369771, 0.070733293891, -0.00117013894487], [0.00451398035511, -0.00830303598195, 0.045052330941, -0.027990931645, -0.0113032860681, -0.106725461781, 0.0256896372885, -0.0831942334771, 0.451306283474, -0.16876758635, 0.0651874616742, -0.0829722061753, -0.0382501259446], [-0.00607674941421, 0.0266673564911, 0.0197154693305, 0.0262465216219, -0.0738061740994, 0.115348212421, -0.0828841030598, 0.0637380704284, -0.16876758635, 0.335817605257, -0.151140630245, 0.0538042113185, 0.0297873616219], [0.00455545587465, -0.0359081551433, -0.024855857715, 0.0321795605123, -0.0213660802692, 0.0363525934517, -0.0343646705151, -0.0201448369771, 0.0651874616742, -0.151140630245, 0.312799841166, -0.112215414643, 0.0735888034105], [-0.00546111818403, -0.0174430906773, -0.0657265111804, -0.0102764898911, -0.0164583288133, 0.0756196081638, -0.104058392346, 0.070733293891, -0.0829722061753, 0.0538042113185, -0.112215414643, 0.336833417416, -0.0866986066103], [-0.0021688984707, -0.00591674167663, -0.0245565399528, -0.0355815850198, -0.0615070275962, 0.101300448179, -0.0471425428987, -0.00117013894487, -0.0382501259446, 0.0297873616219, 0.0735888034105, -0.0866986066103, 0.273574084044]]
    },
    "spectral_contrast_coeffs": {
        "max": [-0.494826942682, -0.408201217651, -0.637154102325, -0.660193860531, -0.736333012581, -0.629517674446],
        "mean": [-0.937692224979, -0.939478397369, -0.945303082466, -0.946053683758, -0.945105433464, -0.939789831638],
        "min": [-0.982150614262, -0.989757835865, -0.977700948715, -0.97471344471, -0.969531774521, -0.966349601746],
        "stdev": [0.0841576084495, 0.0898908600211, 0.0541572608054, 0.0529486313462, 0.0481518022716, 0.0652385130525]
    },
    "spectral_contrast_valleys": {
        "max": [-6.09114742279, -4.54258918762, -4.45697546005, -5.05926847458, -5.28403377533, -8.45311927795],
        "mean": [-25.4473819733, -25.2667617798, -25.3247718811, -25.2984199524, -25.3567790985, -25.6380271912],
        "min": [-28.2179298401, -28.1043624878, -27.7922286987, -27.6338100433, -27.6743125916, -27.4437732697],
        "stdev": [5.55948543549, 6.01134061813, 6.00760126114, 6.00374174118, 5.92143678665, 5.00296592712]
    }
},
"rhythm": {
    "beats_count": 28,
    "beats_loudness": {
        "max": 0.520018815994,
        "mean": 0.019708622247,
        "min": 0,
        "stdev": 0.0981455296278
    },
    "bpm": 126.061668396,
    "bpm_histogram_first_peak_bpm": 126,
    "bpm_histogram_first_peak_weight": 0.181818187237,
    "bpm_histogram_second_peak_bpm": 133,
    "bpm_histogram_second_peak_spread": 0.111111104488,
    "bpm_histogram_second_peak_weight": 0.296296298504,
    "danceability": 1.76895713806,
    "onset_rate": 0.54861664772,
    "beats_loudness_band_ratio": {
        "max": [0.0617529004812, 0.424615412951, 0.752870202065, 0.195750162005, 0.232168704271, 0.0770924910903],
        "mean": [0.00241028820165, 0.0160474851727, 0.0343770645559, 0.0104265082628, 0.00921425782144, 0.00388899887912],
        "min": [0, 0, 0, 0, 0, 0],
        "stdev": [0.0116549450904, 0.0801434516907, 0.14473977685, 0.0397858284414, 0.0438372567296, 0.0152920819819]
    },
    "beats_position": [0.46439909935, 0.940408170223, 1.4164172411, 1.89242625237, 2.36843538284, 2.8444442749, 3.30884337425, 3.78485250473, 4.26086139679, 4.74848079681, 5.22448968887, 5.70049858093, 6.13006782532, 6.5596370697, 6.98920631409, 7.41877555847, 7.8251247406, 8.23147392273, 8.63782310486, 9.0906124115, 9.54340076447, 9.99619007111, 10.4489793777, 10.9017686844, 11.354557991, 11.807346344, 12.2601356506, 12.7013149261],
    "bpm_histogram": [0, 0, 0, 0, 0, 0, 0, 0, 0, 0, 0, 0, 0, 0, 0, 0, 0, 0, 0, 0, 0, 0, 0, 0, 0, 0, 0, 0, 0, 0, 0, 0, 0, 0, 0, 0, 0, 0, 0, 0, 0, 0, 0, 0, 0, 0, 0, 0, 0, 0, 0, 0, 0, 0, 0, 0, 0, 0, 0, 0, 0, 0, 0, 0, 0, 0, 0, 0, 0, 0, 0, 0, 0, 0, 0, 0, 0, 0, 0, 0, 0, 0, 0, 0, 0, 0, 0, 0, 0, 0, 0, 0, 0, 0, 0, 0, 0, 0, 0, 0, 0, 0, 0, 0, 0, 0, 0, 0, 0, 0, 0, 0, 0, 0, 0, 0, 0, 0, 0, 0, 0, 0, 0, 0.037037037313, 0, 0, 0.333333343267, 0, 0, 0.037037037313, 0, 0, 0, 0.296296298504, 0, 0, 0.037037037313, 0, 0, 0, 0.148148149252, 0, 0, 0, 0, 0, 0, 0, 0.111111111939, 0, 0, 0, 0, 0, 0, 0, 0, 0, 0, 0, 0, 0, 0, 0, 0, 0, 0, 0, 0, 0, 0, 0, 0, 0, 0, 0, 0, 0, 0, 0, 0, 0, 0, 0, 0, 0, 0, 0, 0, 0, 0, 0, 0, 0, 0, 0, 0, 0, 0, 0, 0, 0, 0, 0, 0, 0, 0, 0, 0, 0, 0, 0, 0, 0, 0, 0, 0, 0, 0, 0, 0, 0, 0, 0, 0, 0, 0, 0, 0, 0, 0, 0, 0, 0, 0, 0, 0, 0, 0, 0, 0, 0, 0, 0, 0, 0, 0, 0, 0, 0]
},
"tonal": {
    "chords_changes_rate": 0.0253623183817,
    "chords_number_rate": 0.0108695654199,
