{
"metadata": {
    "version": {
        "essentia": "2.1-beta5",
        "essentia_git_sha": "Undefined",
        "extractor": "music 2.0"
    },
    "audio_properties": {
        "analysis": {
            "equal_loudness": 0,
            "length": 42.1209983826,
            "sample_rate": 44100,
            "start_time": 175.240997314,
            "downmix": "mix"
        },
        "bit_rate": 192000,
        "length": 217.385223389,
        "lossless": 0,
        "number_channels": 2,
        "replay_gain": -6.83401298523,
        "sample_rate": 48000,
        "codec": "mp3",
        "md5_encoded": "37841361908aed41c7b9521a93db7519"
    },
    "tags": {
        "file_name": "Iceland_Núna_Bó Halldórsson.mp3",
        "encoding": ["Lavf58.29.100"]
    }
},
"lowlevel": {
    "average_loudness": 0.484689980745,
    "barkbands_crest": {
        "max": 24.9288768768,
        "mean": 9.52676391602,
        "min": 3.03912520409,
        "stdev": 4.14077806473
    },
    "barkbands_flatness_db": {
        "max": 0.312866985798,
        "mean": 0.159819588065,
        "min": 0.0548818968236,
        "stdev": 0.0642188116908
    },
    "barkbands_kurtosis": {
        "max": 91.1842651367,
        "mean": 5.88209009171,
        "min": -1.89857161045,
        "stdev": 8.75877571106
    },
    "barkbands_skewness": {
        "max": 8.58949661255,
        "mean": 0.840283632278,
        "min": -2.21531105042,
        "stdev": 1.84171366692
    },
    "barkbands_spread": {
        "max": 139.413955688,
        "mean": 15.3896589279,
        "min": 1.20008981228,
        "stdev": 11.4436607361
    },
    "dissonance": {
        "max": 0.499997258186,
        "mean": 0.447957187891,
        "min": 0.242121070623,
        "stdev": 0.0496669523418
    },
    "dynamic_complexity": 4.7481842041,
    "erbbands_crest": {
        "max": 29.8602657318,
        "mean": 9.43899726868,
        "min": 2.36028456688,
        "stdev": 5.53691768646
    },
    "erbbands_flatness_db": {
        "max": 0.351697891951,
        "mean": 0.19125033915,
        "min": 0.0762716531754,
        "stdev": 0.0648525133729
    },
    "erbbands_kurtosis": {
        "max": 55.7437057495,
        "mean": 1.94243490696,
        "min": -1.76789963245,
        "stdev": 4.12379789352
    },
    "erbbands_skewness": {
        "max": 5.85653114319,
        "mean": 0.593309283257,
        "min": -3.54364037514,
        "stdev": 1.10123348236
    },
    "erbbands_spread": {
        "max": 122.099258423,
        "mean": 27.9151325226,
        "min": 2.53283548355,
        "stdev": 16.0673542023
    },
    "hfc": {
        "max": 119.021118164,
        "mean": 11.8993616104,
        "min": 1.05320010487e-16,
        "stdev": 14.8405580521
    },
    "loudness_ebu128": {
        "integrated": -17.472366333,
        "loudness_range": 6.01058673859,
        "momentary": {
            "max": -13.3947572708,
            "mean": -84.2417984009,
            "min": -300.691009521,
            "stdev": 118.344810486
        },
        "short_term": {
            "max": -15.0317001343,
            "mean": -69.9155273438,
            "min": -300.691009521,
            "stdev": 107.885749817
        }
    },
    "melbands_crest": {
        "max": 32.1485671997,
        "mean": 10.5321741104,
        "min": 1.52875781059,
        "stdev": 6.51630020142
    },
    "melbands_flatness_db": {
        "max": 0.37249225378,
        "mean": 0.172322839499,
        "min": 0.00271677179262,
        "stdev": 0.109029874206
    },
    "melbands_kurtosis": {
        "max": 176.30305481,
        "mean": 7.95100593567,
        "min": -1.8570779562,
        "stdev": 13.9305114746
    },
    "melbands_skewness": {
        "max": 10.1728258133,
        "mean": 1.48795151711,
        "min": -0.439929962158,
        "stdev": 1.47350847721
    },
    "melbands_spread": {
        "max": 201.863388062,
        "mean": 43.6520576477,
        "min": 1.47815573215,
        "stdev": 52.2065963745
    },
    "pitch_salience": {
        "max": 0.889690876007,
        "mean": 0.643940865993,
        "min": 0.120965257287,
        "stdev": 0.136461630464
    },
    "silence_rate_20dB": {
        "max": 1,
        "mean": 1,
        "min": 1,
        "stdev": 0
    },
    "silence_rate_30dB": {
        "max": 1,
        "mean": 0.999449014664,
        "min": 0,
        "stdev": 0.0234660897404
    },
    "silence_rate_60dB": {
        "max": 1,
        "mean": 0.316804409027,
        "min": 0,
        "stdev": 0.465232908726
    },
    "spectral_centroid": {
        "max": 11982.2197266,
        "mean": 3332.83862305,
        "min": 258.711273193,
        "stdev": 4307.36230469
    },
    "spectral_complexity": {
        "max": 43,
        "mean": 10.6611566544,
        "min": 0,
        "stdev": 8.85487270355
    },
    "spectral_decrease": {
        "max": 1.95815737274e-28,
        "mean": -4.16708578754e-09,
        "min": -2.81040453132e-08,
        "stdev": 4.94265162132e-09
    },
    "spectral_energy": {
        "max": 0.109510965645,
        "mean": 0.0168068669736,
        "min": 9.78206263285e-21,
        "stdev": 0.0196693316102
    },
    "spectral_energyband_high": {
        "max": 0.0192776788026,
        "mean": 0.000351029855665,
        "min": 6.88493846998e-21,
        "stdev": 0.00130071025342
    },
    "spectral_energyband_low": {
        "max": 0.0339222550392,
        "mean": 0.000749366125092,
        "min": 1.07703195167e-23,
        "stdev": 0.00211166776717
    },
    "spectral_energyband_middle_high": {
        "max": 0.0467030517757,
        "mean": 0.00331444549374,
        "min": 1.08503437757e-21,
        "stdev": 0.00600375328213
    },
    "spectral_energyband_middle_low": {
        "max": 0.106994472444,
        "mean": 0.0129772871733,
        "min": 1.51363058532e-22,
        "stdev": 0.0173287019134
    },
    "spectral_entropy": {
        "max": 9.8252325058,
        "mean": 7.74937582016,
        "min": 5.88125276566,
        "stdev": 1.23122036457
    },
    "spectral_flux": {
        "max": 0.231325626373,
        "mean": 0.0487213917077,
        "min": 6.30147808933e-11,
        "stdev": 0.0437832288444
    },
    "spectral_kurtosis": {
        "max": 43.06873703,
        "mean": 5.28216362,
        "min": -1.27424836159,
        "stdev": 6.21811342239
    },
    "spectral_rms": {
        "max": 0.0103363422677,
        "mean": 0.00316523271613,
        "min": 3.08925172769e-12,
        "stdev": 0.00252549815923
    },
    "spectral_rolloff": {
        "max": 19982.8125,
        "mean": 5332.10839844,
        "min": 129.19921875,
        "stdev": 7520.86621094
    },
    "spectral_skewness": {
        "max": 4.8283572197,
        "mean": 1.51955080032,
        "min": -0.19115421176,
        "stdev": 1.02609288692
    },
    "spectral_spread": {
        "max": 42991912,
        "mean": 12378807,
        "min": 1413938.25,
        "stdev": 15683516
    },
    "spectral_strongpeak": {
        "max": 6.63244247437,
        "mean": 0.998138904572,
        "min": 0,
        "stdev": 1.16561233997
    },
    "zerocrossingrate": {
        "max": 0.61279296875,
        "mean": 0.156196460128,
        "min": 0.0107421875,
        "stdev": 0.193851724267
    },
    "barkbands": {
        "max": [0.00133950391319, 0.0153871010989, 0.0204347409308, 0.0375924557447, 0.0514483749866, 0.095958866179, 0.0589712746441, 0.0721503794193, 0.063314691186, 0.0367690362036, 0.0162716638297, 0.00725318538025, 0.0103688715026, 0.00773748569191, 0.00472114887089, 0.00330309337005, 0.00176224659663, 0.0014397916384, 0.0010747234337, 0.00235873204656, 0.00422098627314, 0.00637180963531, 0.00566292088479, 0.00279067247175, 0.00123308890034, 0.00069303746568, 3.25674955093e-05],
        "mean": [1.02984859041e-05, 0.000206981276278, 0.000246621697443, 0.000794836552814, 0.00313886464573, 0.00257150875404, 0.00221066223457, 0.00204566284083, 0.00173631112557, 0.00106481090188, 0.000542033521924, 0.000396413932322, 0.000543699832633, 0.000312805525027, 0.000233940692851, 0.000162548691151, 0.000104168648249, 5.68509713048e-05, 4.51091291325e-05, 6.96515417076e-05, 8.60774744069e-05, 0.000107921769086, 6.3787549152e-05, 3.74154224119e-05, 1.39897510962e-05, 3.85501061828e-06, 3.17674739847e-08],
        "min": [1.05519427515e-25, 2.10514632306e-24, 2.37855515901e-25, 9.74133369067e-25, 5.04336762736e-24, 7.27356023682e-24, 4.78301473522e-24, 3.1971631215e-24, 6.33594146412e-24, 9.99900682232e-24, 7.81329176842e-24, 1.69562874787e-23, 2.0197899954e-23, 2.69962275045e-23, 3.96110473903e-23, 4.33658517498e-23, 4.33777446168e-23, 4.66203447459e-23, 1.02074953443e-22, 1.51838003284e-22, 2.28965300019e-22, 2.58347377378e-22, 3.30731032608e-22, 5.35774283448e-22, 7.08118404108e-22, 1.25889538309e-21, 1.77630897315e-21],
        "stdev": [5.91397947574e-05, 0.000609682057984, 0.00109295384027, 0.00199439795688, 0.00577862281352, 0.0073133665137, 0.00551232136786, 0.00665774103254, 0.00423429999501, 0.00330499443226, 0.00145601900294, 0.000832507270388, 0.00104046519846, 0.000713312008884, 0.000543601287063, 0.000420976837631, 0.000212352359085, 0.00012361635163, 9.70368419075e-05, 0.000164947559824, 0.000300555722788, 0.000476698682178, 0.000372157956008, 0.000175841501914, 5.32592712261e-05, 2.79253999906e-05, 8.20708919491e-07]
    },
    "erbbands": {
        "max": [0.292613327503, 4.25079917908, 21.5763893127, 71.4943466187, 90.3481063843, 235.312759399, 873.418640137, 729.354675293, 747.593688965, 1131.51501465, 1982.26806641, 1095.70410156, 1398.77453613, 1282.83398438, 439.664031982, 370.575775146, 479.996734619, 425.226806641, 245.596313477, 263.320922852, 156.962524414, 113.296188354, 70.0225067139, 75.111038208, 55.9853515625, 106.905212402, 208.938995361, 146.209625244, 264.994049072, 207.51210022, 170.103256226, 91.380897522, 26.2405776978, 12.8823328018, 8.7675485611, 5.19485378265, 1.14604890347, 0.0798186212778, 0.00462237140164, 0.000482595787616],
        "mean": [0.00361689925194, 0.0563373565674, 0.268522292376, 1.44473874569, 4.4529838562, 12.620100975, 23.9525489807, 17.2308826447, 20.4236354828, 42.8676109314, 45.8778152466, 44.2986373901, 38.2356948853, 29.5934715271, 18.6964931488, 16.7045211792, 24.1682510376, 21.0648021698, 12.4774007797, 10.6158103943, 8.34252262115, 5.4226102829, 3.57515883446, 2.8624932766, 2.24060034752, 3.14518141747, 3.48182892799, 3.51828241348, 3.98541355133, 2.72758364677, 1.69847309589, 1.03635168076, 0.501854300499, 0.203382596374, 0.0753265917301, 0.0278605036438, 0.0048756133765, 0.000271173979854, 1.88868252735e-05, 2.0703584596e-05],
        "min": [5.15993760333e-23, 3.65070311896e-22, 1.3904902058e-21, 3.89889319905e-21, 1.0159750554e-20, 1.43987523098e-20, 3.51842566019e-20, 5.91974907301e-20, 7.45748752527e-20, 9.89907847804e-20, 1.74982316692e-19, 2.42638750237e-19, 3.98084081911e-19, 3.77233986445e-19, 5.13968518513e-19, 9.13730381201e-19, 1.5764323328e-18, 1.64492164675e-18, 2.14476683179e-18, 2.27200602836e-18, 2.35124083205e-18, 3.53928705184e-18, 4.34724936363e-18, 4.10433288751e-18, 6.08730401866e-18, 6.5875030302e-18, 8.06035973581e-18, 8.4283351672e-18, 9.60684337415e-18, 9.70288400635e-18, 8.90350079828e-18, 9.55749212444e-18, 9.12390968994e-18, 7.24153861053e-18, 5.79926773525e-18, 4.06700181287e-18, 2.23539067175e-18, 8.0058117239e-19, 2.1848890206e-19, 2.46790062769e-20],
        "stdev": [0.0147483982146, 0.163249418139, 0.964656829834, 4.01498031616, 7.17535495758, 24.4105358124, 76.8514480591, 46.8053321838, 49.3517684937, 102.864089966, 155.512390137, 100.191551208, 115.286552429, 80.3616790771, 46.6994972229, 31.9369068146, 46.9777069092, 43.4387893677, 27.5144290924, 26.9020061493, 20.2757740021, 11.3920660019, 7.15365123749, 6.35039138794, 4.55175828934, 7.78588581085, 12.1699066162, 11.4176864624, 17.1745109558, 13.9211063385, 10.4155282974, 5.95707654953, 1.90900373459, 0.695888400078, 0.343480318785, 0.181428179145, 0.0424886494875, 0.00288664526306, 0.000125682723592, 2.57933006651e-05]
    },
    "gfcc": {
        "mean": [-341.794677734, 92.3073501587, -108.727783203, 11.6011991501, -63.3041038513, 6.20400524139, -34.7344284058, -3.98628640175, -16.2294692993, -2.69657468796, -9.57883071899, -9.01917076111, -2.4031317234],
        "cov": [[268173.46875, 25845.0332031, -30941.5664062, 3287.2421875, -18577.5019531, 1954.60449219, -9891.32128906, -1040.29162598, -4816.37451172, -763.740844727, -3021.1340332, -2532.91186523, -772.847717285], [25845.0332031, 4101.30224609, -2907.00341797, 231.122207642, -1632.67651367, -173.230926514, -911.212158203, -313.599273682, -383.343383789, -204.996032715, -45.4949645996, -437.285186768, -23.898519516], [-30941.5664062, -2907.00341797, 4448.86376953, -113.795967102, 1965.90258789, -263.661743164, 1071.00500488, 46.7014961243, 539.043579102, 75.7359390259, 315.277008057, 316.964477539, 43.436378479], [3287.2421875, 231.122207642, -113.795967102, 412.450958252, -282.659240723, 54.6235733032, -174.255310059, -48.3651771545, -31.4222927094, -24.4101238251, -53.3086166382, -30.8256912231, 13.0801687241], [-18577.5019531, -1632.67651367, 1965.90258789, -282.659240723, 1513.61083984, -127.133598328, 679.797607422, 120.406066895, 321.13973999, 52.3752861023, 250.321716309, 160.73614502, 65.0425872803], [1954.60449219, -173.230926514, -263.661743164, 54.6235733032, -127.133598328, 189.055603027, -67.0450210571, 60.0923728943, -58.477142334, 9.826379776, -83.0633850098, 25.8035812378, -16.9940929413], [-9891.32128906, -911.212158203, 1071.00500488, -174.255310059, 679.797607422, -67.0450210571, 509.844268799, 44.5199584961, 171.389022827, 29.458147049, 107.533760071, 68.3964157104, 16.4707641602], [-1040.29162598, -313.599273682, 46.7014961243, -48.3651771545, 120.406066895, 60.0923728943, 44.5199584961, 134.711013794, -5.81174039841, 24.5370235443, -15.7880134583, 27.8180065155, -6.21034193039], [-4816.37451172, -383.343383789, 539.043579102, -31.4222927094, 321.13973999, -58.477142334, 171.389022827, -5.81174039841, 165.728668213, 12.0420589447, 67.4775772095, 42.0355873108, 21.6970710754], [-763.740844727, -204.996032715, 75.7359390259, -24.4101238251, 52.3752861023, 9.826379776, 29.458147049, 24.5370235443, 12.0420589447, 70.4240951538, 0.764372348785, 22.0055351257, -16.5266361237], [-3021.1340332, -45.4949645996, 315.277008057, -53.3086166382, 250.321716309, -83.0633850098, 107.533760071, -15.7880134583, 67.4775772095, 0.764372348785, 127.567771912, 8.62808990479, 18.9154319763], [-2532.91186523, -437.285186768, 316.964477539, -30.8256912231, 160.73614502, 25.8035812378, 68.3964157104, 27.8180065155, 42.0355873108, 22.0055351257, 8.62808990479, 107.64087677, 11.7157974243], [-772.847717285, -23.898519516, 43.436378479, 13.0801687241, 65.0425872803, -16.9940929413, 16.4707641602, -6.21034193039, 21.6970710754, -16.5266361237, 18.9154319763, 11.7157974243, 61.9567260742]],
        "icov": [[0.00033976326813, -0.000943621736951, 0.000767051242292, -0.000616453762632, 0.00137607241049, -0.000662184611429, 0.000770832877606, -0.000699825759511, 0.00112100096885, -0.000838397536427, 0.0010436961893, -0.000916174380109, 0.000803690229077], [-0.000943621736951, 0.00403349241242, -0.00167021795642, 0.00172489683609, -0.00334135582671, 0.00309507991187, -0.00132054067217, 0.00287497160025, -0.00264041847549, 0.00410265428945, -0.00469118729234, 0.00470709474757, -0.00185098277871], [0.000767051242292, -0.00167021795642, 0.0028489434626, -0.00231901463121, 0.00241411174648, -6.70795179758e-06, 0.00105911167338, -0.000943943625316, 0.00242626969703, -0.00102146016434, 0.00225493591279, -0.00309746409766, 0.00327897653915], [-0.000616453762632, 0.00172489683609, -0.00231901463121, 0.00528465397656, -0.00143244105857, -0.00110330875032, 0.00037661040551, 0.00196046568453, -0.00306691578589, 0.00142930517904, -0.00210910197347, 0.00399717548862, -0.00387328048237], [0.00137607241049, -0.00334135582671, 0.00241411174648, -0.00143244105857, 0.00928232166916, -0.00314344326034, 0.00208005448803, -0.00470723258331, 0.0032660884317, -0.00298910005949, 0.000523483497091, -0.00277044018731, 0.0012774906354], [-0.000662184611429, 0.00309507991187, -6.70795179758e-06, -0.00110330875032, -0.00314344326034, 0.0134852053598, -0.00195576157421, -0.00106917158701, -0.000128431755002, 0.00387777388096, 0.00135484978091, -0.00133888528217, 0.00150191911962], [0.000770832877606, -0.00132054067217, 0.00105911167338, 0.00037661040551, 0.00208005448803, -0.00195576157421, 0.00859857536852, -0.000909108726773, 0.00118253973778, -0.00131332501769, 0.00165123969782, 0.00139132631011, 0.00165520305745], [-0.000699825759511, 0.00287497160025, -0.000943943625316, 0.00196046568453, -0.00470723258331, -0.00106917158701, -0.000909108726773, 0.0137852514163, -0.000214778745431, 0.000554772967007, -0.00132312811911, 0.00304398708977, -0.00104934023693], [0.00112100096885, -0.00264041847549, 0.00242626969703, -0.00306691578589, 0.0032660884317, -0.000128431755002, 0.00118253973778, -0.000214778745431, 0.0166549421847, -0.00326241995208, 0.00206891237758, -0.00408473750576, 0.00154948560521], [-0.000838397536427, 0.00410265428945, -0.00102146016434, 0.00142930517904, -0.00298910005949, 0.00387777388096, -0.00131332501769, 0.000554772967007, -0.00326241995208, 0.0219151768833, -0.00484496494755, 0.001287213061, 0.00436909077689], [0.0010436961893, -0.00469118729234, 0.00225493591279, -0.00210910197347, 0.000523483497091, 0.00135484978091, 0.00165123969782, -0.00132312811911, 0.00206891237758, -0.00484496494755, 0.0217750668526, -0.0052998252213, 0.00166172382887], [-0.000916174380109, 0.00470709474757, -0.00309746409766, 0.00399717548862, -0.00277044018731, -0.00133888528217, 0.00139132631011, 0.00304398708977, -0.00408473750576, 0.001287213061, -0.0052998252213, 0.0223873220384, -0.00665007764474], [0.000803690229077, -0.00185098277871, 0.00327897653915, -0.00387328048237, 0.0012774906354, 0.00150191911962, 0.00165520305745, -0.00104934023693, 0.00154948560521, 0.00436909077689, 0.00166172382887, -0.00665007764474, 0.0238690748811]]
    },
    "melbands": {
        "max": [0.0030977006536, 0.00779197365046, 0.0123506104574, 0.00996921770275, 0.0225881990045, 0.0141041828319, 0.0122561687604, 0.012815403752, 0.0153168672696, 0.00600486714393, 0.00696743186563, 0.0056797764264, 0.00191676383838, 0.000954676361289, 0.00102094269823, 0.000969237473328, 0.000928261724766, 0.00039674792788, 0.000374867959181, 0.000305337074678, 0.000204299794859, 0.00012544351921, 8.30511562526e-05, 8.30429271446e-05, 6.63839527988e-05, 4.55212903034e-05, 8.85662666406e-05, 7.83814321039e-05, 0.000132931570988, 0.000141749973409, 8.60942527652e-05, 0.000153138447786, 0.000143094846862, 0.000114504320663, 0.000105125785922, 0.000123217178043, 4.53176726296e-05, 2.12162085518e-05, 2.10140824493e-05, 1.05008612081e-05],
        "mean": [4.52289314126e-05, 0.000126332000946, 0.000337485107593, 0.000591223710217, 0.000785350217484, 0.000394713657442, 0.000369995599613, 0.000462265656097, 0.000351583497832, 0.000277313549304, 0.000185281372978, 0.000118799231132, 6.59374709358e-05, 4.78905312775e-05, 4.03098529205e-05, 5.97083453613e-05, 3.54530893674e-05, 1.88449339475e-05, 1.71131978277e-05, 1.26729728436e-05, 9.04293210624e-06, 5.98873521085e-06, 4.04687534683e-06, 2.57393503489e-06, 2.37196718444e-06, 1.27276905459e-06, 2.12825784729e-06, 2.04144453164e-06, 2.14714987123e-06, 2.08559436032e-06, 2.02356159207e-06, 2.40120357375e-06, 1.83825295608e-06, 1.35064362894e-06, 9.80861386779e-07, 8.41623887027e-07, 5.58374892989e-07, 3.71788786424e-07, 2.49696512356e-07, 1.44788927514e-07],
        "min": [6.94054171821e-25, 1.03675048532e-24, 9.66518100318e-25, 1.66728888041e-24, 1.41432021937e-24, 1.41608263324e-24, 1.18855848349e-24, 1.31623009897e-24, 1.07854749152e-24, 1.31130967768e-24, 1.67892162053e-24, 1.07948515131e-24, 1.58010466341e-24, 1.61838719568e-24, 2.44736345286e-24, 1.64068415195e-24, 2.14425390522e-24, 2.80773128602e-24, 3.26280167363e-24, 2.61802936819e-24, 2.23323130166e-24, 2.94028752823e-24, 3.13869413171e-24, 2.43913346426e-24, 3.12879826609e-24, 3.68827656387e-24, 4.47452200076e-24, 3.88679498839e-24, 4.55759615383e-24, 4.25933810076e-24, 3.48460293334e-24, 4.48234000676e-24, 5.50531195169e-24, 4.59909339289e-24, 5.16047955077e-24, 4.85478885025e-24, 5.73956893066e-24, 5.09482936295e-24, 5.87675775853e-24, 5.69304704206e-24],
        "stdev": [0.000143329933053, 0.000397374999011, 0.000719484814908, 0.00101458095014, 0.00219263532199, 0.0010431612609, 0.000903485284653, 0.00112614617683, 0.00124895398039, 0.000629635818768, 0.00058364646975, 0.000342765270034, 0.000173544423888, 0.000104038277641, 8.10485289549e-05, 0.000110337721708, 7.87242388469e-05, 4.37305679952e-05, 4.05498103646e-05, 3.32563213306e-05, 2.25989733735e-05, 1.29011459649e-05, 8.51278582559e-06, 5.65450000067e-06, 5.71612736167e-06, 2.95149015983e-06, 5.50419645151e-06, 5.60027319807e-06, 7.67891833675e-06, 8.65322635946e-06, 6.542828487e-06, 1.00236202343e-05, 9.4029619504e-06, 6.96920233167e-06, 6.02978298048e-06, 5.77476657782e-06, 2.99942166748e-06, 1.47322623434e-06, 8.98225152923e-07, 5.16283591878e-07]
    },
    "melbands128": {
        "max": [0.00119293190073, 0.00281353062019, 0.00394241744652, 0.00835123471916, 0.0115601625293, 0.0104955835268, 0.0178616307676, 0.0188462939113, 0.0112432846799, 0.0131708709523, 0.0185506753623, 0.0240596868098, 0.0407002232969, 0.0363729856908, 0.0267147775739, 0.0112875606865, 0.00906640104949, 0.0227150078863, 0.0249254927039, 0.0179333239794, 0.0177370458841, 0.0216264370829, 0.0287938378751, 0.0264982860535, 0.00967827625573, 0.008944042027, 0.00948481541127, 0.0133230965585, 0.0079188933596, 0.0109184877947, 0.00483562937006, 0.00529218045995, 0.00168965035118, 0.00283191213384, 0.00195851153694, 0.00215941714123, 0.00171841180418, 0.000808629265521, 0.00259927520528, 0.00217851623893, 0.00178852071986, 0.00198364676908, 0.00145782425534, 0.0011188647477, 0.000439708790509, 0.000671101151966, 0.000726786383893, 0.000787853612565, 0.000722517434042, 0.000555417267606, 0.000521508627571, 0.000345748645486, 0.000330163486069, 0.000279640778899, 0.000194084830582, 0.000199964997591, 0.000177872061613, 0.000137259135954, 0.000102401041659, 0.000128125422634, 0.000125975464471, 0.000119892582006, 0.00010761932208, 0.000107400905108, 0.000175490509719, 3.00808078464e-05, 0.000130019485368, 6.35168180452e-05, 0.000170400729985, 0.000114300448331, 9.06962668523e-05, 0.000107106592623, 0.000127869701828, 0.000218897097511, 0.00013784308976, 0.000220464615268, 0.000164442681125, 0.000102053985756, 7.93754879851e-05, 0.000118840544019, 0.000190655555343, 0.000296212994726, 0.000137493130751, 0.000205339005333, 0.000222174727242, 0.00013144640252, 0.000114205533464, 0.000120757125842, 0.000129492706037, 0.000128697021864, 0.000156598864123, 0.0001316654525, 6.88661020831e-05, 6.03433982178e-05, 4.50030129286e-05, 3.64256229659e-05, 2.2029837055e-05, 2.55028280662e-05, 2.86686936306e-05, 1.39613348438e-05, 9.3182825367e-06, 1.35391637741e-05, 8.6205345724e-06, 6.31991815681e-06, 6.0576908254e-06, 1.68437964021e-05, 1.51043186634e-05, 1.90062655747e-05, 7.59749536883e-06, 5.50991853743e-06, 6.14183682046e-06, 4.6421287152e-06, 5.00475834997e-06, 4.24799281973e-06, 1.15944237677e-06, 7.97081611381e-07, 4.10610283552e-07, 1.5242686402e-07, 1.47899982039e-07, 1.44030295246e-07, 1.40545537874e-07, 1.37454335913e-07, 1.3480985217e-07, 1.32498755079e-07, 1.30549636879e-07, 1.29047066366e-07, 1.27957846985e-07, 1.27261401417e-07],
        "mean": [7.84126041253e-06, 2.13195799006e-05, 5.28179989487e-05, 0.000105208360765, 0.000122546800412, 0.000123559962958, 0.000244731782004, 0.000460716255475, 0.000382113386877, 0.000563221110497, 0.000769515463617, 0.000697607116308, 0.00098318932578, 0.00063109153416, 0.000422984943725, 0.000239527478698, 0.000161453266628, 0.000365313026123, 0.000702047487721, 0.000462190015242, 0.000361313461326, 0.000386547675589, 0.000434398127254, 0.000188230609638, 0.000265607581241, 0.000365518993931, 0.000168760860106, 0.000225442345254, 0.000109776978206, 0.000128242769279, 0.000119468852063, 0.000105343067844, 4.37666822108e-05, 6.45642212476e-05, 4.5720156777e-05, 4.63768847112e-05, 4.52519889222e-05, 3.00903029711e-05, 4.53788197774e-05, 5.64096699236e-05, 7.06160499249e-05, 5.27784141013e-05, 3.5128370655e-05, 3.06310685119e-05, 1.45490066643e-05, 1.7656278942e-05, 2.22268754442e-05, 1.77107995114e-05, 1.5240256289e-05, 1.20295926536e-05, 1.35299760586e-05, 1.22402034322e-05, 8.91376294021e-06, 7.83292580309e-06, 8.55984217196e-06, 5.632686225e-06, 3.7865622744e-06, 5.23005883224e-06, 3.47390277966e-06, 3.15490910907e-06, 2.55500003732e-06, 1.97436702365e-06, 2.98000441035e-06, 2.37439212469e-06, 1.5300989844e-06, 1.0376326145e-06, 1.31980470996e-06, 1.79134963219e-06, 2.63411538981e-06, 1.79089329322e-06, 2.24734526455e-06, 1.9548238015e-06, 2.11808674067e-06, 2.24231825996e-06, 1.99683609026e-06, 2.44900479629e-06, 1.74472518211e-06, 2.03378090191e-06, 1.90680384549e-06, 2.34895878748e-06, 2.25339022109e-06, 2.7781350127e-06, 1.90988589566e-06, 1.70611008343e-06, 1.80734434707e-06, 1.53998075803e-06, 1.1369090771e-06, 1.06959532786e-06, 9.80887875812e-07, 8.6080700612e-07, 1.02489366327e-06, 7.98655605649e-07, 6.32469436823e-07, 5.69833105146e-07, 5.05763864567e-07, 4.35058524317e-07, 3.29007292521e-07, 3.07846505621e-07, 2.83795088762e-07, 1.87761571624e-07, 1.72890850081e-07, 1.41269651976e-07, 1.11811957026e-07, 9.43269142795e-08, 7.44215711279e-08, 7.52137978566e-08, 7.04435549892e-08, 6.26461300612e-08, 4.43060628186e-08, 3.59510892167e-08, 3.11156078681e-08, 1.89750526403e-08, 1.14865743583e-08, 7.80006903511e-09, 2.62467025891e-09, 1.7560066734e-09, 6.28165797156e-10, 8.69113392366e-11, 8.39889130466e-11, 8.17846901313e-11, 7.98034069383e-11, 7.80500525321e-11, 7.65537772063e-11, 7.52376078106e-11, 7.40960764967e-11, 7.31780538943e-11, 7.25247223388e-11, 7.21249865387e-11],
        "min": [2.37483139658e-26, 3.53809071024e-25, 2.35134660684e-25, 2.10943747987e-25, 5.07341038421e-26, 7.68734351819e-26, 2.70468036451e-25, 2.30669732612e-25, 2.11427738804e-25, 4.8118488832e-25, 1.01188297648e-25, 6.9584286462e-26, 4.57229253389e-25, 3.13353744658e-25, 4.65521414098e-25, 2.46845818512e-25, 5.39747999075e-25, 5.07270497e-25, 1.94234540027e-25, 6.37918533983e-25, 3.12241302871e-25, 4.77900225585e-26, 3.48977544499e-25, 6.15926078021e-25, 2.49451647949e-25, 1.63536893043e-25, 1.09036571256e-24, 4.83184404196e-25, 4.75269466911e-25, 4.59502947733e-25, 3.59914928386e-25, 5.51112625099e-25, 2.8703320334e-25, 5.13759223072e-25, 6.56164393682e-25, 5.69964773708e-25, 5.97761125868e-25, 7.75056431025e-25, 8.18557623302e-25, 6.01043970525e-25, 5.96920249447e-25, 7.52440627037e-25, 6.60660703627e-25, 7.22307225142e-25, 1.23996864729e-24, 1.18239057729e-24, 1.00634078489e-24, 9.35867698707e-25, 1.62304029173e-24, 1.21274081732e-24, 5.83494329878e-25, 8.38935034471e-25, 9.76991905165e-25, 1.39820073424e-24, 1.73887504933e-24, 1.0414234015e-24, 9.71714721531e-25, 1.43946476629e-24, 1.1124459293e-24, 1.89238580376e-24, 1.4545037092e-24, 1.65100531221e-24, 1.52876096114e-24, 1.92048680414e-24, 1.39355227275e-24, 2.02780896371e-24, 1.40712600513e-24, 2.60708648693e-24, 2.53732791151e-24, 2.11118781431e-24, 1.50839464333e-24, 2.20451380648e-24, 2.13307732392e-24, 3.04113136483e-24, 2.41978172017e-24, 2.38194597901e-24, 2.63494806802e-24, 2.08419831894e-24, 2.16578014439e-24, 3.11214935668e-24, 2.18161672428e-24, 2.45611665347e-24, 2.236895955e-24, 3.2752108501e-24, 1.2741653731e-24, 2.23053852496e-24, 2.87623123386e-24, 3.36346308615e-24, 2.20989778216e-24, 2.9167528492e-24, 1.79353147436e-24, 3.52226630839e-24, 3.0724262658e-24, 3.59406448368e-24, 3.79081112661e-24, 3.75031100774e-24, 3.76100283402e-24, 3.85161573632e-24, 4.27888962386e-24, 2.98696403356e-24, 3.07077557436e-24, 3.61204854017e-24, 3.07230123135e-24, 3.34283397905e-24, 4.38584338539e-24, 2.97171377454e-24, 3.5258579921e-24, 4.37740296814e-24, 4.44178032889e-24, 4.11111626426e-24, 3.84897305229e-24, 3.59196059165e-24, 4.24797337613e-24, 4.02951964767e-24, 3.76937028164e-24, 4.09838247153e-24, 4.17721728609e-24, 3.77650473966e-24, 3.74216523003e-24, 4.91466733726e-24, 5.32709722915e-24, 4.56712243812e-24, 3.82958995099e-24, 4.37205764664e-24, 4.95831816659e-24, 4.78422879215e-24, 4.70166739867e-24, 5.48221725983e-24],
        "stdev": [5.03023438796e-05, 0.000127234234242, 0.000178984890226, 0.000308155955281, 0.000453738612123, 0.000597065722104, 0.000888145586941, 0.001074712025, 0.000742809090298, 0.00120521208737, 0.00171011744533, 0.00207700254396, 0.00364910694771, 0.002267585136, 0.00152578786947, 0.00061411736533, 0.000485974480398, 0.00127399794292, 0.00196008803323, 0.00142168696038, 0.00154819141608, 0.00161388702691, 0.00199246965349, 0.00120722921565, 0.000787073629908, 0.000965008570347, 0.00055097870063, 0.000979222473688, 0.000426197628258, 0.00060499261599, 0.000320354418363, 0.000360231293598, 0.000143103519804, 0.000209428981179, 0.000157017595484, 0.000123169826111, 0.000107769286842, 7.60606417316e-05, 0.000152087115566, 0.000142713615787, 0.000152519627591, 0.000160905576195, 0.000102590674942, 7.39007737138e-05, 4.29555911978e-05, 5.59067266295e-05, 5.82425382163e-05, 4.99773595948e-05, 4.61345807707e-05, 4.37373819295e-05, 3.887245839e-05, 3.08543967549e-05, 2.89110466838e-05, 2.38458105741e-05, 1.9731309294e-05, 1.49020279423e-05, 1.10033397505e-05, 1.29789787024e-05, 8.61076932779e-06, 8.60735963215e-06, 6.33841182207e-06, 6.11788846072e-06, 7.98832024884e-06, 6.80861739966e-06, 7.02284660292e-06, 2.4038695301e-06, 4.64829827251e-06, 4.81044389744e-06, 8.72879445524e-06, 6.15461522102e-06, 7.48735783418e-06, 6.27151803201e-06, 7.83362065704e-06, 1.03622851384e-05, 7.91329875938e-06, 1.32425439006e-05, 8.59963347466e-06, 6.78981132296e-06, 6.32767114439e-06, 9.05880642676e-06, 1.02143840195e-05, 1.34678521135e-05, 9.51990114118e-06, 1.00363558886e-05, 1.00033703347e-05, 8.21510548121e-06, 6.05124978392e-06, 6.33633999314e-06, 6.55107851344e-06, 6.06170078754e-06, 7.42568363421e-06, 5.86531450608e-06, 3.80897404284e-06, 3.26245663018e-06, 2.53021448771e-06, 2.1570995159e-06, 1.22124231439e-06, 1.22083326914e-06, 1.13458236228e-06, 6.81374729083e-07, 6.22074992407e-07, 5.73222166622e-07, 4.0326335693e-07, 3.43139220149e-07, 3.09242636831e-07, 5.48583614091e-07, 4.83651092509e-07, 5.2491174074e-07, 3.0250009786e-07, 2.14204305848e-07, 2.26058688213e-07, 1.6212838716e-07, 1.43376183814e-07, 1.29832855578e-07, 3.56829943371e-08, 2.3376037106e-08, 1.09597584341e-08, 3.57674578844e-09, 3.47057427241e-09, 3.37980865517e-09, 3.2980616016e-09, 3.22552451415e-09, 3.16333248485e-09, 3.10912739998e-09, 3.06341285672e-09, 3.02817260156e-09, 3.00262636976e-09, 2.9862916584e-09]
    },
    "mfcc": {
        "mean": [-823.920227051, 110.858306885, -5.9508690834, 2.03766870499, -10.5659637451, 0.674961388111, -10.6446380615, -7.0686712265, -3.86925315857, -4.46516275406, -1.501745224, -2.23525953293, -5.14793300629],
        "cov": [[64089.1992188, 14367.6982422, -639.941040039, 14.0719461441, -1792.8848877, 142.999832153, -1428.8527832, -846.128295898, -417.43838501, -595.543334961, -265.842071533, -337.525970459, -841.528747559], [14367.6982422, 5256.18896484, -263.485198975, 236.240020752, -320.956512451, -102.379402161, -323.219207764, -351.725769043, -265.462768555, -215.535644531, 34.0611953735, -63.6280021667, -173.196746826], [-639.941040039, -263.485198975, 948.214660645, 270.87399292, 5.38489675522, 75.3413009644, -117.86277771, -2.18656396866, -61.1766891479, -20.9718036652, -30.6623535156, 2.33065247536, -29.0683784485], [14.0719461441, 236.240020752, 270.87399292, 279.770202637, 53.6084976196, 28.015996933, -49.7791213989, -43.7182693481, -28.9263343811, -11.79550457, -0.451039344072, -4.80931472778, 9.47675132751], [-1792.8848877, -320.956512451, 5.38489675522, 53.6084976196, 276.198547363, -19.2488803864, 41.9543228149, 22.3129940033, 6.91332960129, 20.6634063721, -8.07078170776, -16.2421360016, 51.5795974731], [142.999832153, -102.379402161, 75.3413009644, 28.015996933, -19.2488803864, 107.890518188, -15.8887605667, 14.6311912537, 8.00162220001, 5.55634260178, -13.5999288559, 6.89875221252, -4.94075393677], [-1428.8527832, -323.219207764, -117.86277771, -49.7791213989, 41.9543228149, -15.8887605667, 177.612808228, 42.2861213684, 29.6917457581, 30.8930969238, 12.6909046173, 4.71882629395, 23.9156494141], [-846.128295898, -351.725769043, -2.18656396866, -43.7182693481, 22.3129940033, 14.6311912537, 42.2861213684, 98.2513122559, 29.0126533508, 20.188117981, -1.34465432167, -12.0597047806, 18.057762146], [-417.43838501, -265.462768555, -61.1766891479, -28.9263343811, 6.91332960129, 8.00162220001, 29.6917457581, 29.0126533508, 95.6445541382, 11.6590766907, -0.685586750507, -11.3876285553, 0.302539259195], [-595.543334961, -215.535644531, -20.9718036652, -11.79550457, 20.6634063721, 5.55634260178, 30.8930969238, 20.188117981, 11.6590766907, 79.8300018311, 1.81002211571, 32.6118469238, 1.23676466942], [-265.842071533, 34.0611953735, -30.6623535156, -0.451039344072, -8.07078170776, -13.5999288559, 12.6909046173, -1.34465432167, -0.685586750507, 1.81002211571, 56.4424972534, -3.78208470345, 10.3736495972], [-337.525970459, -63.6280021667, 2.33065247536, -4.80931472778, -16.2421360016, 6.89875221252, 4.71882629395, -12.0597047806, -11.3876285553, 32.6118469238, -3.78208470345, 122.028457642, -20.9954319], [-841.528747559, -173.196746826, -29.0683784485, 9.47675132751, 51.5795974731, -4.94075393677, 23.9156494141, 18.057762146, 0.302539259195, 1.23676466942, 10.3736495972, -20.9954319, 107.200698853]],
        "icov": [[6.85531122144e-05, -0.000192487947061, -2.06429540413e-05, 0.000170782514033, 0.000168668848346, -0.000178838890861, 0.000203734540264, -2.05054802791e-05, -0.000212811108213, -0.000136834350997, 0.000362933409633, 0.000159612725838, 7.33837150619e-05], [-0.000192487947061, 0.000937372155022, 0.000423619087087, -0.00101864768658, -0.000134618006996, 0.000707682338543, -0.000242225651164, 0.000587905407883, 0.00143934704829, 0.00086024182383, -0.00111061928328, -0.000156682697707, 0.000323523941915], [-2.06429540413e-05, 0.000423619087087, 0.00208297884092, -0.00223911600187, 0.00041387139936, -0.000196711611352, 0.000889707705937, -0.000839595624711, 0.0016426469665, 0.000657108670566, 0.000377471529646, 0.000145966158016, 0.000999708427116], [0.000170782514033, -0.00101864768658, -0.00223911600187, 0.00736208399758, -0.00146414875053, -0.00202453997917, 0.000312032672809, 0.00256610056385, -0.00171323039103, -0.0010851592524, -0.000159371062182, 0.00032697696588, -0.00135697366204], [0.000168668848346, -0.000134618006996, 0.00041387139936, -0.00146414875053, 0.00535902706906, 0.000991114531644, 2.82891342067e-05, -0.000496404245496, 0.000140354648465, -0.00106954202056, 0.00239028921351, 0.00112035125494, -0.00110722624231], [-0.000178838890861, 0.000707682338543, -0.000196711611352, -0.00202453997917, 0.000991114531644, 0.0116031654179, 0.00044027302647, -0.00203850655816, -0.000198940222617, -0.00012017114932, 0.00136366277002, -0.000912607938517, -0.000140588861541], [0.000203734540264, -0.000242225651164, 0.000889707705937, 0.000312032672809, 2.82891342067e-05, 0.00044027302647, 0.0084738349542, -0.00203264993615, -0.000954190152697, -0.00159821519628, -0.000191183615243, 0.000208222976653, -3.9315338654e-05], [-2.05054802791e-05, 0.000587905407883, -0.000839595624711, 0.00256610056385, -0.000496404245496, -0.00203850655816, -0.00203264993615, 0.0159422941506, -0.00170333334245, -0.00201859790832, -0.000185530836461, 0.0022264465224, -0.00127062934916], [-0.000212811108213, 0.00143934704829, 0.0016426469665, -0.00171323039103, 0.000140354648465, -0.000198940222617, -0.000954190152697, -0.00170333334245, 0.0149968704209, 0.00041279947618, -0.000944504979998, 0.00157007377129, 0.00202665920369], [-0.000136834350997, 0.00086024182383, 0.000657108670566, -0.0010851592524, -0.00106954202056, -0.00012017114932, -0.00159821519628, -0.00201859790832, 0.00041279947618, 0.0171443372965, -0.00170045020059, -0.00471019884571, 0.000838532403577], [0.000362933409633, -0.00111061928328, 0.000377471529646, -0.000159371062182, 0.00239028921351, 0.00136366277002, -0.000191183615243, -0.000185530836461, -0.000944504979998, -0.00170045020059, 0.0214440487325, 0.0013932128204, -0.0016221642727], [0.000159612725838, -0.000156682697707, 0.000145966158016, 0.00032697696588, 0.00112035125494, -0.000912607938517, 0.000208222976653, 0.0022264465224, 0.00157007377129, -0.00471019884571, 0.0013932128204, 0.0107757356018, 0.00203342270106], [7.33837150619e-05, 0.000323523941915, 0.000999708427116, -0.00135697366204, -0.00110722624231, -0.000140588861541, -3.9315338654e-05, -0.00127062934916, 0.00202665920369, 0.000838532403577, -0.0016221642727, 0.00203342270106, 0.012106994167]]
    },
    "spectral_contrast_coeffs": {
        "max": [-0.341064751148, -0.445129513741, -0.516438663006, -0.586620748043, -0.673986554146, -0.575654029846],
        "mean": [-0.715402066708, -0.775822520256, -0.796746730804, -0.816951036453, -0.830926179886, -0.794857025146],
        "min": [-0.979971885681, -0.987099349499, -0.978229105473, -0.974703788757, -0.969121217728, -0.96545124054],
        "stdev": [0.159258216619, 0.128329664469, 0.11182051897, 0.0933026969433, 0.0794958099723, 0.101752102375]
    },
    "spectral_contrast_valleys": {
        "max": [-5.14908361435, -5.13827800751, -5.33791732788, -5.55748987198, -6.37255048752, -8.12888908386],
        "mean": [-12.1505002975, -11.5326662064, -12.1936807632, -12.5359277725, -12.8430299759, -14.984703064],
        "min": [-28.2649650574, -28.2218608856, -28.1710147858, -27.7361946106, -27.582233429, -27.4397602081],
        "stdev": [8.39755058289, 8.72635746002, 8.41478919983, 8.20316886902, 8.03638935089, 6.89527273178]
    }
},
"rhythm": {
    "beats_count": 74,
    "beats_loudness": {
        "max": 0.087444037199,
        "mean": 0.0214898493141,
        "min": 0,
        "stdev": 0.0225897636265
    },
    "bpm": 120.112480164,
    "bpm_histogram_first_peak_bpm": 120,
    "bpm_histogram_first_peak_weight": 0.600000023842,
    "bpm_histogram_second_peak_bpm": 99,
    "bpm_histogram_second_peak_spread": 0.315789401531,
    "bpm_histogram_second_peak_weight": 0.178082197905,
    "danceability": 0.860950529575,
    "onset_rate": 1.11552560329,
    "beats_loudness_band_ratio": {
        "max": [0.921359121799, 0.837173521519, 0.885239303112, 0.54543620348, 0.400017857552, 0.670796096325],
        "mean": [0.130778387189, 0.247651621699, 0.269380569458, 0.137635290623, 0.0549611970782, 0.0292527638376],
        "min": [0, 0, 0, 0, 0, 0],
        "stdev": [0.181020379066, 0.222625419497, 0.239350602031, 0.16283082962, 0.0961421877146, 0.0842738002539]
    },
