{
"metadata": {
    "version": {
        "essentia": "2.1-beta5",
        "essentia_git_sha": "Undefined",
        "extractor": "music 2.0"
    },
    "audio_properties": {
        "analysis": {
            "equal_loudness": 0,
            "length": 46.3586387634,
            "sample_rate": 44100,
            "start_time": 175.240997314,
            "downmix": "mix"
        },
        "bit_rate": 192000,
        "length": 221.622879028,
        "lossless": 0,
        "number_channels": 2,
        "replay_gain": -7.61935806274,
        "sample_rate": 48000,
        "codec": "mp3",
        "md5_encoded": "c8fdb48f2665f4715d3c24746634fa51"
    },
    "tags": {
        "file_name": "Croatia_Nostalgija_Magazin and Lidija.mp3",
        "encoding": ["Lavf58.29.100"]
    }
},
"lowlevel": {
    "average_loudness": 0.714109838009,
    "barkbands_crest": {
        "max": 26.3717861176,
        "mean": 9.96514701843,
        "min": 2.63708329201,
        "stdev": 5.51602077484
    },
    "barkbands_flatness_db": {
        "max": 0.417821854353,
        "mean": 0.14216338098,
        "min": 0.0438367910683,
        "stdev": 0.0689255744219
    },
    "barkbands_kurtosis": {
        "max": 71.8527679443,
        "mean": 2.09856534004,
        "min": -1.61605358124,
        "stdev": 4.83562517166
    },
    "barkbands_skewness": {
        "max": 6.16300153732,
        "mean": -0.105941139162,
        "min": -2.33389997482,
        "stdev": 1.20568025112
    },
    "barkbands_spread": {
        "max": 120.866622925,
        "mean": 18.4625244141,
        "min": 0.840698480606,
        "stdev": 8.8277387619
    },
    "dissonance": {
        "max": 0.500000059605,
        "mean": 0.470104306936,
        "min": 0.268858790398,
        "stdev": 0.0328600779176
    },
    "dynamic_complexity": 3.34953594208,
    "erbbands_crest": {
        "max": 33.2192611694,
        "mean": 11.0600528717,
        "min": 2.53060007095,
        "stdev": 7.62842512131
    },
    "erbbands_flatness_db": {
        "max": 0.481652200222,
        "mean": 0.203641727567,
        "min": 0.0667901486158,
        "stdev": 0.0822359025478
    },
    "erbbands_kurtosis": {
        "max": 69.2294006348,
        "mean": 1.37817382812,
        "min": -1.8126655817,
        "stdev": 3.89888358116
    },
    "erbbands_skewness": {
        "max": 7.42546653748,
        "mean": 0.275212585926,
        "min": -1.22837030888,
        "stdev": 0.878349900246
    },
    "erbbands_spread": {
        "max": 70.2100753784,
        "mean": 23.8431949615,
        "min": 1.27573084831,
        "stdev": 11.7959766388
    },
    "hfc": {
        "max": 90.9178085327,
        "mean": 23.205247879,
        "min": 1.05325198564e-16,
        "stdev": 19.3180980682
    },
    "loudness_ebu128": {
        "integrated": -15.0232410431,
        "loudness_range": 6.62738704681,
        "momentary": {
            "max": -12.1438322067,
            "mean": -79.158996582,
            "min": -300.691009521,
            "stdev": 117.616600037
        },
        "short_term": {
            "max": -13.4445915222,
            "mean": -66.1042327881,
            "min": -300.691009521,
            "stdev": 107.449607849
        }
    },
    "melbands_crest": {
        "max": 34.9013023376,
        "mean": 10.1494188309,
        "min": 1.52719569206,
        "stdev": 6.98969602585
    },
    "melbands_flatness_db": {
        "max": 0.431195050478,
        "mean": 0.138356283307,
        "min": 0.00301028345712,
        "stdev": 0.0917743816972
    },
    "melbands_kurtosis": {
        "max": 90.3507995605,
        "mean": 2.15094351768,
        "min": -1.43111634254,
        "stdev": 6.86106586456
    },
    "melbands_skewness": {
        "max": 6.00385379791,
        "mean": 0.554876804352,
        "min": -1.79297888279,
        "stdev": 0.823305666447
    },
    "melbands_spread": {
        "max": 170.243057251,
        "mean": 50.4822235107,
        "min": 1.34168219566,
        "stdev": 45.0690612793
    },
    "pitch_salience": {
        "max": 0.851227104664,
        "mean": 0.588369369507,
        "min": 0.0867213234305,
        "stdev": 0.177432030439
    },
    "silence_rate_20dB": {
        "max": 1,
        "mean": 1,
        "min": 1,
        "stdev": 0
    },
    "silence_rate_30dB": {
        "max": 1,
        "mean": 1,
        "min": 1,
        "stdev": 0
    },
    "silence_rate_60dB": {
        "max": 1,
        "mean": 0.285785794258,
        "min": 0,
        "stdev": 0.451788634062
    },
    "spectral_centroid": {
        "max": 12086.4365234,
        "mean": 3840.40942383,
        "min": 712.683410645,
        "stdev": 3898.22875977
    },
    "spectral_complexity": {
        "max": 49,
        "mean": 17.001001358,
        "min": 0,
        "stdev": 12.9285459518
    },
    "spectral_decrease": {
        "max": 2.14112661562e-28,
        "mean": -4.68358996031e-09,
        "min": -2.02149799122e-08,
        "stdev": 4.06459399471e-09
    },
    "spectral_energy": {
        "max": 0.083382293582,
        "mean": 0.0197817310691,
        "min": 9.79250498029e-21,
        "stdev": 0.0169540010393
    },
    "spectral_energyband_high": {
        "max": 0.00819354690611,
        "mean": 0.000538602063898,
        "min": 6.73377161693e-21,
        "stdev": 0.000787517870776
    },
    "spectral_energyband_low": {
        "max": 0.0380812175572,
        "mean": 0.00125260732602,
        "min": 9.33860244918e-24,
        "stdev": 0.00251872045919
    },
    "spectral_energyband_middle_high": {
        "max": 0.0671594962478,
        "mean": 0.011306066066,
        "min": 1.05357707854e-21,
        "stdev": 0.0104127032682
    },
    "spectral_energyband_middle_low": {
        "max": 0.0708561092615,
        "mean": 0.00719000119716,
        "min": 1.34030863054e-22,
        "stdev": 0.00920137297362
    },
    "spectral_entropy": {
        "max": 9.8280582428,
        "mean": 7.86703681946,
        "min": 5.43436002731,
        "stdev": 1.16031455994
    },
    "spectral_flux": {
        "max": 0.227518215775,
        "mean": 0.0695898830891,
        "min": 6.22848855825e-11,
        "stdev": 0.0502043068409
    },
    "spectral_kurtosis": {
        "max": 35.4843139648,
        "mean": 4.25203227997,
        "min": -1.26891458035,
        "stdev": 4.57801628113
    },
    "spectral_rms": {
        "max": 0.00901934504509,
        "mean": 0.00364070991054,
        "min": 3.09090014868e-12,
        "stdev": 0.00245854863897
    },
    "spectral_rolloff": {
        "max": 19832.0800781,
        "mean": 5705.66162109,
        "min": 538.330078125,
        "stdev": 7083.80371094
    },
    "spectral_skewness": {
        "max": 4.22660779953,
        "mean": 1.19647824764,
        "min": -0.0909832790494,
        "stdev": 0.744397997856
    },
    "spectral_spread": {
        "max": 44923100,
        "mean": 11715625,
        "min": 1461510.625,
        "stdev": 15614502
    },
    "spectral_strongpeak": {
        "max": 8.81491947174,
        "mean": 1.97988152504,
        "min": 0,
        "stdev": 1.82541120052
    },
    "zerocrossingrate": {
        "max": 0.6552734375,
        "mean": 0.166966766119,
        "min": 0.029296875,
        "stdev": 0.18139436841
    },
    "barkbands": {
        "max": [0.00137920456473, 0.0102877514437, 0.0327246412635, 0.0168211311102, 0.0346808023751, 0.00879648979753, 0.0534617044032, 0.0309640616179, 0.0583816021681, 0.0376104824245, 0.0406459234655, 0.0201386343688, 0.0357291102409, 0.0254039708525, 0.0110577614978, 0.00919039733708, 0.0102523406968, 0.00430803606287, 0.00429516704753, 0.00752161396667, 0.00184261065442, 0.0038465927355, 0.0022606018465, 0.0011290331604, 0.00158490752801, 0.000245476607233, 1.9208566755e-06],
        "mean": [2.53051293839e-05, 0.000462328229332, 0.000556292769033, 0.000547352712601, 0.00110492028762, 0.000595557910856, 0.00154597708024, 0.00114018900786, 0.00176321412437, 0.00229171197861, 0.0019849811215, 0.000923644576687, 0.00251262937672, 0.00124740763567, 0.000633525894955, 0.000436815811554, 0.000415602407884, 0.000265368958935, 0.000388501386624, 0.000639323901851, 0.000125959952129, 6.24503736617e-05, 4.6296758228e-05, 3.95234601456e-05, 2.11899405258e-05, 5.67188226341e-06, 1.20885212951e-08],
        "min": [2.51317846331e-25, 7.87357927981e-25, 3.50425227519e-25, 7.52048168737e-25, 5.84788426611e-24, 5.90472484978e-24, 6.35342341064e-24, 3.78972525957e-24, 9.09658229004e-24, 8.70663887826e-24, 7.98909336546e-24, 1.74591799949e-23, 1.55408785327e-23, 2.26984470286e-23, 3.58025310695e-23, 5.14543234455e-23, 4.53678576649e-23, 7.3561721174e-23, 1.07876627815e-22, 1.39718701642e-22, 1.82599665837e-22, 3.06534838488e-22, 3.20499923186e-22, 5.16340486789e-22, 8.54592683351e-22, 1.32972878149e-21, 1.80766206681e-21],
        "stdev": [9.16636417969e-05, 0.000842705368996, 0.00166857684962, 0.00107223994564, 0.00200796918944, 0.0010435563745, 0.00355704524554, 0.00296329404227, 0.00444232020527, 0.004742866382, 0.00489186588675, 0.00195589428768, 0.0043080393225, 0.00257320585661, 0.00104808202013, 0.000702258897945, 0.000633502670098, 0.000390788220102, 0.00061873998493, 0.0011280347826, 0.000178757982212, 0.000147176135215, 0.000115508402814, 8.45652684802e-05, 7.84551593824e-05, 1.68572496477e-05, 7.66669927543e-08]
    },
    "erbbands": {
        "max": [0.319337517023, 2.90685582161, 24.7199344635, 51.8904724121, 41.8521652222, 188.422286987, 74.7001266479, 93.2837219238, 871.797851562, 750.617614746, 803.454040527, 1090.21484375, 1259.70629883, 882.127258301, 1287.69592285, 790.287902832, 1546.46679688, 1064.94177246, 1482.57995605, 446.699737549, 610.149291992, 714.83001709, 255.783752441, 238.029983521, 365.243865967, 462.154449463, 80.5336456299, 90.5519561768, 147.405151367, 104.719146729, 54.2104988098, 27.3128185272, 23.7812461853, 15.0563087463, 12.0875463486, 2.33526992798, 0.27642711997, 0.0212609022856, 0.000494576815981, 0.000101822850411],
        "mean": [0.0119747566059, 0.113821223378, 0.536748588085, 1.26706290245, 2.47066831589, 4.60173606873, 3.67355465889, 5.93061208725, 16.0795097351, 28.2087173462, 27.8457317352, 37.4046325684, 61.6441688538, 74.4679946899, 66.4134521484, 51.6159362793, 121.268348694, 50.7845039368, 55.4352912903, 31.2309780121, 22.3550815582, 24.79986763, 16.054567337, 18.4782161713, 22.7656650543, 31.6790981293, 8.2675151825, 3.87651181221, 2.374573946, 1.60836994648, 1.19901800156, 0.981951057911, 0.589395701885, 0.278399646282, 0.131471738219, 0.0425919443369, 0.00712561840191, 0.00034339906415, 2.20533784159e-05, 2.56237999565e-05],
        "min": [5.90847667224e-23, 2.16282966261e-22, 1.21099251775e-21, 3.64909717486e-21, 5.651368223e-21, 1.81393955179e-20, 3.39842243283e-20, 5.72001080447e-20, 1.06580722663e-19, 1.40287996582e-19, 1.56022936387e-19, 2.15758598578e-19, 3.9352189649e-19, 4.25753092455e-19, 4.84855173072e-19, 8.46198528811e-19, 1.10243592152e-18, 1.40935601453e-18, 1.78145938738e-18, 1.88335790589e-18, 3.21993784634e-18, 3.41350265918e-18, 4.7598842763e-18, 3.67237751727e-18, 5.85002891431e-18, 7.31305581911e-18, 7.86349075002e-18, 8.66495266297e-18, 1.00866255002e-17, 1.05016211864e-17, 1.00556740561e-17, 1.00723012136e-17, 8.8313607227e-18, 7.62907107314e-18, 5.3802407844e-18, 4.12870162835e-18, 2.31473052738e-18, 8.97031258995e-19, 2.29492678954e-19, 2.61868256711e-20],
        "stdev": [0.0246063359082, 0.208699479699, 1.42879724503, 2.71803379059, 3.79826545715, 9.84415531158, 6.29149484634, 10.4446229935, 41.4844398499, 65.3705368042, 69.7627639771, 85.8407516479, 138.897277832, 124.692871094, 142.385772705, 81.3655471802, 208.299850464, 81.4057846069, 121.867622375, 48.737865448, 37.8854217529, 38.4117355347, 21.2308807373, 27.6214771271, 35.036693573, 59.6902580261, 11.0436382294, 5.62810373306, 5.57598352432, 4.45641756058, 2.89715361595, 1.8307185173, 1.52825570107, 0.843872666359, 0.594994068146, 0.141218751669, 0.020567568019, 0.00138846912887, 3.73902948922e-05, 2.14551691897e-05]
    },
    "gfcc": {
        "mean": [-298.699249268, 69.6298980713, -132.850219727, 15.4259548187, -49.2426757812, 11.4487361908, -25.829668045, 4.19010925293, -25.8374195099, -0.555018663406, -5.47026824951, -7.09894704819, -6.2781047821],
        "cov": [[279717.90625, 20080.7207031, -36698.3125, 4756.29638672, -14627.875, 3155.82495117, -7642.80273438, 1572.10192871, -6939.40966797, 171.664489746, -2079.20166016, -2193.06884766, -1839.09667969], [20080.7207031, 2055.6628418, -2506.74462891, 459.047485352, -942.006958008, 105.876747131, -472.890777588, 4.20437717438, -529.578674316, -43.5432891846, -51.7917175293, -228.582717896, -159.547073364], [-36698.3125, -2506.74462891, 5658.91064453, -377.508666992, 1855.53967285, -457.638000488, 990.342956543, -115.508674622, 996.430236816, 94.6067504883, 166.527740479, 253.292480469, 220.367904663], [4756.29638672, 459.047485352, -377.508666992, 277.678588867, -210.962585449, 27.5520496368, -73.5841217041, 28.1670417786, -135.958251953, 21.1533470154, -0.562430500984, -62.6096916199, -32.8159332275], [-14627.875, -942.006958008, 1855.53967285, -210.962585449, 919.70513916, -144.195983887, 453.446228027, -133.80897522, 290.901885986, -37.9479866028, 159.157714844, 111.972862244, 76.0643539429], [3155.82495117, 105.876747131, -457.638000488, 27.5520496368, -144.195983887, 184.339187622, -27.0532360077, 50.6538085938, -94.3090057373, -20.360906601, -59.01329422, -2.88307237625, 41.5962638855], [-7642.80273438, -472.890777588, 990.342956543, -73.5841217041, 453.446228027, -27.0532360077, 391.498840332, -16.9823951721, 134.001144409, -40.8255004883, 94.7752456665, 48.6516456604, 135.120239258], [1572.10192871, 4.20437717438, -115.508674622, 28.1670417786, -133.80897522, 50.6538085938, -16.9823951721, 142.817611694, 33.8493995667, 38.0445709229, -84.7163314819, -6.78513622284, 56.6846237183], [-6939.40966797, -529.578674316, 996.430236816, -135.958251953, 290.901885986, -94.3090057373, 134.001144409, 33.8493995667, 311.902770996, 48.354637146, -26.371471405, 42.0270042419, 47.7621612549], [171.664489746, -43.5432891846, 94.6067504883, 21.1533470154, -37.9479866028, -20.360906601, -40.8255004883, 38.0445709229, 48.354637146, 99.2422790527, -15.4007968903, -0.333401203156, -19.3719348907], [-2079.20166016, -51.7917175293, 166.527740479, -0.562430500984, 159.157714844, -59.01329422, 94.7752456665, -84.7163314819, -26.371471405, -15.4007968903, 165.095489502, 26.0114440918, -14.4002189636], [-2193.06884766, -228.582717896, 253.292480469, -62.6096916199, 111.972862244, -2.88307237625, 48.6516456604, -6.78513622284, 42.0270042419, -0.333401203156, 26.0114440918, 85.0372543335, 38.2897491455], [-1839.09667969, -159.547073364, 220.367904663, -32.8159332275, 76.0643539429, 41.5962638855, 135.120239258, 56.6846237183, 47.7621612549, -19.3719348907, -14.4002189636, 38.2897491455, 169.140716553]],
        "icov": [[0.000537450716365, -0.0014030932216, 0.00133063667454, -0.00174520071596, 0.00200920063071, -0.00141786027234, 0.000957484415267, -0.00160337763373, 0.002331584692, -0.00163173093461, 0.00158678519074, -0.000671484798659, 0.00110744871199], [-0.0014030932216, 0.00582818640396, -0.00276851817034, 0.0023421633523, -0.004756486509, 0.00490746181458, -0.00262678368017, 0.00548265408725, -0.00602227449417, 0.00484292954206, -0.00372939952649, 0.00346669927239, -0.00335090328008], [0.00133063667454, -0.00276851817034, 0.00483974022791, -0.00613709585741, 0.0038912515156, -0.0019559408538, 0.000692129950039, -0.00251470692456, 0.00367628503591, -0.00484498450533, 0.00566305266693, -0.0027134087868, 0.00288482988253], [-0.00174520071596, 0.0023421633523, -0.00613709585741, 0.0148823708296, -0.00548020703718, 0.0031699182, -0.00259115267545, 0.00148035550956, -0.00305282673799, 0.00338477594778, -0.00751191657037, 0.00465016392991, -0.00306704314426], [0.00200920063071, -0.004756486509, 0.0038912515156, -0.00548020703718, 0.0149099165574, -0.00551700592041, -0.00112219539005, -0.00204329076223, 0.00776789430529, -0.00504860701039, 0.00505369948223, -0.00405820179731, 0.00603676587343], [-0.00141786027234, 0.00490746181458, -0.0019559408538, 0.0031699182, -0.00551700592041, 0.0151637354866, -0.0059285541065, 0.00415060250089, -0.00357659603469, 0.00400660466403, 0.00152222206816, -0.000697357638273, -0.0037708953023], [0.000957484415267, -0.00262678368017, 0.000692129950039, -0.00259115267545, -0.00112219539005, -0.0059285541065, 0.0166088286787, -0.00846451427788, 0.00606571091339, 0.000837656261865, -0.00466800294816, 0.00554052507505, -0.0052087395452], [-0.00160337763373, 0.00548265408725, -0.00251470692456, 0.00148035550956, -0.00204329076223, 0.00415060250089, -0.00846451427788, 0.0252103842795, -0.0122126378119, -0.000791732687503, 0.00269766058773, -3.66024942196e-05, -0.00689138704911], [0.002331584692, -0.00602227449417, 0.00367628503591, -0.00305282673799, 0.00776789430529, -0.00357659603469, 0.00606571091339, -0.0122126378119, 0.023825885728, -0.00965033937246, 0.00851500686258, -0.000205977252335, 0.003860818455], [-0.00163173093461, 0.00484292954206, -0.00484498450533, 0.00338477594778, -0.00504860701039, 0.00400660466403, 0.000837656261865, -0.000791732687503, -0.00965033937246, 0.0215461757034, -0.00872610323131, 0.00224634981714, -0.00138219771907], [0.00158678519074, -0.00372939952649, 0.00566305266693, -0.00751191657037, 0.00505369948223, 0.00152222206816, -0.00466800294816, 0.00269766058773, 0.00851500686258, -0.00872610323131, 0.0212021358311, -0.00836505088955, 0.00537272216752], [-0.000671484798659, 0.00346669927239, -0.0027134087868, 0.00465016392991, -0.00405820179731, -0.000697357638273, 0.00554052507505, -3.66024942196e-05, -0.000205977252335, 0.00224634981714, -0.00836505088955, 0.0235700178891, -0.00774349924177], [0.00110744871199, -0.00335090328008, 0.00288482988253, -0.00306704314426, 0.00603676587343, -0.0037708953023, -0.0052087395452, -0.00689138704911, 0.003860818455, -0.00138219771907, 0.00537272216752, -0.00774349924177, 0.0160842947662]]
    },
    "melbands": {
        "max": [0.0022395614069, 0.00900922436267, 0.00732168881223, 0.00783345568925, 0.00421850616112, 0.00199126312509, 0.0124020827934, 0.00698658498004, 0.00602095248178, 0.00848841294646, 0.00643719127402, 0.00388123188168, 0.00536031229421, 0.00254149595276, 0.00409262487665, 0.00307433120906, 0.00190663209651, 0.00316502270289, 0.00118536443915, 0.00052512716502, 0.000787177763414, 0.000772134284489, 0.00039705002564, 0.000155124318553, 0.000231962985708, 0.000228411663556, 0.000480129587231, 0.000309398048557, 7.75042062742e-05, 4.85060700157e-05, 4.77260873595e-05, 8.31532961456e-05, 7.90476115071e-05, 5.50620461581e-05, 3.38684767485e-05, 2.53582420555e-05, 1.39251769724e-05, 1.64854118339e-05, 1.63211989275e-05, 1.27208450067e-05],
        "mean": [0.000118459684018, 0.000238533553784, 0.000263785448624, 0.000243719929131, 0.00015677374904, 0.000135361144203, 0.000258757936535, 0.000298622180708, 0.000232828606386, 0.00023651990341, 0.000319820712321, 0.000311103503918, 0.000273238139926, 8.77464190125e-05, 0.000282015185803, 0.000184116332093, 8.43971065478e-05, 0.000102819118183, 4.42228410975e-05, 3.26087683789e-05, 2.40903227677e-05, 2.41595971602e-05, 2.10677935684e-05, 1.23122872537e-05, 1.50155592564e-05, 1.57700451382e-05, 2.32649763348e-05, 1.93189134734e-05, 5.41371127838e-06, 2.54798328569e-06, 2.09687345887e-06, 1.41730970427e-06, 9.91852857624e-07, 8.64606818141e-07, 6.58064948311e-07, 7.29717896775e-07, 5.41064594017e-07, 4.36858641706e-07, 3.03401265001e-07, 2.11356876889e-07],
        "min": [4.94502684641e-25, 6.35204655254e-25, 7.78102075069e-25, 1.00051001812e-24, 1.40093285538e-24, 1.28001379064e-24, 1.650655551e-24, 6.50899092267e-25, 1.19925987471e-24, 1.34961479109e-24, 1.2990284939e-24, 1.23848529296e-24, 1.35455375061e-24, 1.84424181993e-24, 1.74880937192e-24, 1.99102359084e-24, 1.91296205718e-24, 2.39006552709e-24, 2.62322086181e-24, 2.31605933013e-24, 3.72597740982e-24, 2.79549132021e-24, 3.58943544789e-24, 3.66918928541e-24, 2.09380486983e-24, 3.64782377665e-24, 4.37952460954e-24, 3.53491174871e-24, 4.14627855582e-24, 4.01462437606e-24, 4.67197427977e-24, 4.01405126861e-24, 4.65986842032e-24, 4.35254083342e-24, 4.3832724877e-24, 4.47724751519e-24, 5.27050079793e-24, 5.30084946025e-24, 5.1203537464e-24, 5.92632543908e-24],
        "stdev": [0.000220221307245, 0.000552922429051, 0.000473502441309, 0.000436144444393, 0.000285323098069, 0.000234410588746, 0.000635771139059, 0.000665496161673, 0.000574248610064, 0.000586344627663, 0.000730050902348, 0.000542547844816, 0.000656390679069, 0.000190752849448, 0.000467466044938, 0.000328255060595, 0.000153189423145, 0.000260410568444, 8.34893144201e-05, 5.12771730428e-05, 4.68311845907e-05, 4.15435060859e-05, 3.31866249326e-05, 1.91404706129e-05, 2.4956123525e-05, 2.78787920251e-05, 4.88586993015e-05, 3.95733623009e-05, 9.00692975847e-06, 3.60985973202e-06, 3.41431723427e-06, 3.2256969007e-06, 2.96074676953e-06, 2.4828241294e-06, 1.70367536612e-06, 1.8821390313e-06, 1.05387437088e-06, 1.13486350983e-06, 9.14732936508e-07, 6.79520780977e-07]
    },
    "melbands128": {
        "max": [0.00125897524413, 0.00308628426865, 0.00311341672204, 0.00592450704426, 0.00956933014095, 0.0182478129864, 0.012836728245, 0.00910037849098, 0.00395209435374, 0.00801160186529, 0.0139242596924, 0.00793587230146, 0.00214677443728, 0.00293491617776, 0.0019328353228, 0.00389768090099, 0.0126900095493, 0.0199490785599, 0.0123621989042, 0.0146709876135, 0.0085090091452, 0.0123874535784, 0.00919972080737, 0.010473431088, 0.0123001886532, 0.0194645561278, 0.0195058695972, 0.0124525250867, 0.0122234439477, 0.00738291582093, 0.00616196310148, 0.0113664828241, 0.011252945289, 0.00656433217227, 0.00475880643353, 0.00444242637604, 0.00279996637255, 0.00911888852715, 0.0107284067199, 0.00816173572093, 0.00583643559366, 0.00380270462483, 0.00377098144963, 0.0018875496462, 0.00562957907096, 0.00541846919805, 0.00203713821247, 0.00266262167133, 0.00136422272772, 0.0012358679669, 0.000894296099432, 0.000802171416581, 0.0018092818791, 0.00062784057809, 0.000459402421257, 0.00105362944305, 0.00142836302985, 0.00083643977996, 0.000605337554589, 0.000291132979328, 0.00031998832128, 0.000277107144939, 0.000374735653168, 0.000441943440819, 0.000558971660212, 0.00051118346164, 0.000297450285871, 0.000928472727537, 0.000939107092563, 0.000913203519303, 0.00070589245297, 0.000286199676339, 0.00015272537712, 0.000119575008284, 5.9217451053e-05, 6.53766401228e-05, 4.82743635075e-05, 8.72528762557e-05, 6.61586382193e-05, 6.56904885545e-05, 8.40452921693e-05, 7.33981942176e-05, 0.000122232813737, 8.59316351125e-05, 4.51069390692e-05, 6.90056476742e-05, 6.41340666334e-05, 4.13450106862e-05, 3.12289048452e-05, 3.81213430956e-05, 6.09011840425e-05, 2.9622035072e-05, 1.69962750078e-05, 1.49770603457e-05, 2.1889944037e-05, 1.78196714842e-05, 2.120552017e-05, 1.90707287402e-05, 1.8903216187e-05, 1.57601989486e-05, 1.59566061484e-05, 1.52626107592e-05, 1.86153210961e-05, 2.91929372906e-05, 2.35767693084e-05, 1.1027200344e-05, 9.34455692914e-06, 5.47646777704e-06, 3.82020243705e-06, 2.52099539466e-06, 1.93798314285e-06, 2.12726308746e-06, 9.21081209526e-07, 8.76125739069e-07, 4.15882510651e-07, 3.04585427102e-07, 5.0317950695e-08, 9.44500389011e-09, 8.97403396038e-09, 8.571543475e-09, 8.21508105986e-09, 7.951679315e-09, 7.73879538229e-09, 7.52581730268e-09, 7.36493666054e-09, 7.25258697543e-09, 7.17086745539e-09, 7.11535141917e-09],
        "mean": [2.10189482459e-05, 8.62850938574e-05, 0.000155737128807, 0.000187321493286, 0.000246651761699, 0.000281596876448, 0.000232338410569, 0.000308771617711, 0.000238069245825, 0.00020076072542, 0.000298977945931, 0.000208647499676, 8.78105784068e-05, 0.000138058589073, 0.00012321806571, 0.000118254334666, 0.000227956101298, 0.000281841988908, 0.000272410834441, 0.000397595198592, 0.000230319521506, 0.000257869454799, 0.000191057348275, 0.000270913384156, 0.000262691028183, 0.000177060894202, 0.000294685276458, 0.000271372671705, 0.000440322619397, 0.000345252803527, 0.000194901571376, 0.00037159974454, 0.000376214185962, 0.000117874798889, 9.44380735746e-05, 7.33957713237e-05, 7.54631328164e-05, 0.000267449533567, 0.000462893542135, 0.00029547381564, 6.70543668093e-05, 0.000106253595732, 8.44162859721e-05, 5.43142559764e-05, 0.000144197765621, 0.000121442266391, 4.31224398199e-05, 4.16756884078e-05, 4.22375305789e-05, 5.05843272549e-05, 2.50122102443e-05, 2.25102194236e-05, 3.44787586073e-05, 1.91684521269e-05, 1.29347145048e-05, 2.62146040768e-05, 3.20775106957e-05, 2.9062415706e-05, 1.49840025188e-05, 8.71923384693e-06, 1.37754213938e-05, 1.35910968311e-05, 1.08936183096e-05, 1.44435152833e-05, 2.36087580561e-05, 1.69469203684e-05, 9.43632494455e-06, 1.50169771587e-05, 2.75291731668e-05, 3.32753479597e-05, 2.47457865044e-05, 8.93874675967e-06, 6.06826779403e-06, 5.52926167074e-06, 3.57808266926e-06, 2.26890460908e-06, 2.21420532398e-06, 2.39944529312e-06, 2.07690118259e-06, 1.89673926343e-06, 1.49496440827e-06, 1.21211462556e-06, 1.1513619711e-06, 9.75719785856e-07, 8.6288031298e-07, 8.51223262543e-07, 9.60135253081e-07, 7.13076076408e-07, 6.29410578767e-07, 5.56085296921e-07, 8.05744889476e-07, 7.70439953612e-07, 6.27583915502e-07, 5.66198252727e-07, 4.740561792e-07, 4.22882465045e-07, 4.73345181717e-07, 3.85281651916e-07, 3.05140702039e-07, 2.61300726834e-07, 2.33196175259e-07, 1.98814305463e-07, 1.89652283211e-07, 1.79918387744e-07, 1.52045984692e-07, 1.21541759768e-07, 1.11937929148e-07, 8.78507506741e-08, 6.91913868422e-08, 5.33887885013e-08, 4.81927742157e-08, 3.120608838e-08, 1.55482737796e-08, 7.60503393593e-09, 3.36433703119e-09, 2.34275754352e-09, 4.74692951613e-10, 7.98346805331e-12, 7.47873204338e-12, 7.17183040386e-12, 6.91406740888e-12, 6.72135611057e-12, 6.56391607734e-12, 6.40366145527e-12, 6.2523541032e-12, 6.11100276285e-12, 6.01802852343e-12, 5.97237407099e-12],
        "min": [4.25425783653e-26, 1.37567579717e-25, 1.94641789469e-25, 2.39934460209e-25, 1.23065160835e-25, 1.58166093807e-25, 1.87509919892e-25, 4.1294442641e-25, 8.88224962026e-26, 2.61149099318e-25, 9.45037368565e-26, 3.63186876902e-25, 1.87318239018e-25, 2.5127586414e-25, 2.77826802146e-25, 1.36214905132e-25, 3.31847553201e-25, 2.34016622914e-25, 4.59363763087e-25, 5.4080275541e-25, 6.72131973784e-25, 4.81704796961e-25, 5.41746282356e-25, 2.99860377482e-25, 2.88788172336e-25, 4.11229097676e-25, 7.67251293318e-25, 3.87333909211e-25, 1.47005080179e-25, 8.65151544757e-25, 4.5822607775e-25, 5.45940951612e-25, 8.56700970918e-25, 3.39657818505e-25, 5.45740285119e-25, 5.44230701169e-25, 6.6839208284e-25, 9.16098548599e-25, 5.85239142289e-25, 6.61815842511e-25, 7.89694287464e-25, 8.20927706588e-25, 3.55043539733e-25, 1.11863424728e-24, 8.51508984262e-25, 8.10267779872e-25, 4.99265974698e-25, 6.26696543872e-25, 9.11204356936e-25, 1.09270310743e-24, 8.31403976624e-25, 9.4964377391e-25, 1.69281523601e-24, 9.69924303099e-25, 8.86869378516e-25, 1.32605654484e-24, 8.22238398982e-25, 1.31915815344e-24, 1.59936154697e-24, 1.40719759426e-24, 1.39165663999e-24, 6.59225223299e-25, 1.80238525473e-24, 1.06021623763e-24, 1.45853843691e-24, 1.88607846639e-24, 1.43908956433e-24, 1.99156336892e-24, 2.32273743212e-24, 1.87001134191e-24, 1.29009848984e-24, 1.59543055447e-24, 1.91391007077e-24, 2.34983480421e-24, 1.76035691507e-24, 2.00558576594e-24, 2.02312490487e-24, 2.09389637769e-24, 2.49000138479e-24, 2.20860582521e-24, 1.56677202665e-24, 2.17854588599e-24, 2.44278391809e-24, 2.18991376606e-24, 2.2057846614e-24, 2.31312812022e-24, 2.59959073061e-24, 3.26857061343e-24, 2.97689895727e-24, 2.89424112554e-24, 2.65609959826e-24, 2.6483650143e-24, 3.09961159589e-24, 3.63340931576e-24, 2.74966027656e-24, 2.86896759986e-24, 3.56204777498e-24, 3.56383099506e-24, 3.05435859006e-24, 3.85165084063e-24, 2.54195970831e-24, 4.12256026941e-24, 3.62142691304e-24, 4.00887397449e-24, 3.49077616435e-24, 4.10566878528e-24, 3.87697722e-24, 2.8053142162e-24, 3.08434930674e-24, 4.58198063327e-24, 4.36206948429e-24, 3.79083873674e-24, 3.77579200384e-24, 4.34771221582e-24, 4.79730968368e-24, 3.61557080411e-24, 4.67286845361e-24, 3.92265068869e-24, 4.8516834993e-24, 4.29939330208e-24, 4.85658035337e-24, 4.72520582479e-24, 5.07355260104e-24, 4.40914357552e-24, 4.99178992923e-24, 5.51931186617e-24, 5.10793549803e-24, 4.41739861046e-24],
        "stdev": [7.93800645624e-05, 0.000210190424696, 0.000297243183013, 0.00037131991121, 0.000626062275842, 0.000879901752342, 0.000589637376834, 0.000570875068661, 0.00039228174137, 0.000443901371909, 0.000713978952263, 0.00046142321662, 0.000184831820661, 0.000263367575826, 0.000232641090406, 0.000318975478876, 0.000621217302978, 0.0009369426989, 0.00079456862295, 0.00113856350072, 0.000672602967825, 0.000912948918995, 0.000672194408253, 0.000834171136376, 0.000759508635383, 0.000775604508817, 0.00126202998217, 0.00086597999325, 0.00119079998694, 0.000837126106489, 0.0004749315558, 0.00121660879813, 0.00108490046114, 0.000339585967595, 0.000302615429973, 0.000230304474826, 0.00022401168826, 0.000637911376543, 0.00091267406242, 0.000747857382521, 0.000241095840465, 0.000261211389443, 0.000224742645514, 0.000148302046, 0.000426984275691, 0.00037039606832, 0.000106416242488, 0.000127554623759, 0.000101015772088, 9.51628535404e-05, 5.51488628844e-05, 5.22216505487e-05, 8.87762798811e-05, 4.17014671257e-05, 3.1661867979e-05, 5.98325605097e-05, 7.27621736587e-05, 5.76252750761e-05, 3.57963108399e-05, 1.88498033822e-05, 2.65108101303e-05, 2.7047643016e-05, 2.86197609967e-05, 3.55430420313e-05, 5.53590980417e-05, 4.21977747465e-05, 2.39285400312e-05, 5.10591489729e-05, 8.08870972833e-05, 8.86219131644e-05, 7.77805180405e-05, 2.23438619287e-05, 1.41242380778e-05, 1.16367773444e-05, 6.57662212689e-06, 4.37801008957e-06, 3.81070731237e-06, 4.18639547206e-06, 4.20029073211e-06, 3.90591640098e-06, 3.45784360434e-06, 3.54506096301e-06, 3.72062027054e-06, 3.37312621923e-06, 2.48966807703e-06, 2.72792863143e-06, 2.9367749903e-06, 2.02959927265e-06, 1.84182692919e-06, 1.78303901066e-06, 3.04521768157e-06, 2.34134290622e-06, 1.19124581488e-06, 1.21856112401e-06, 1.24039183902e-06, 1.14290730835e-06, 1.33341700348e-06, 1.12444615752e-06, 1.0457663393e-06, 8.28255735996e-07, 6.99232714396e-07, 7.117986911e-07, 7.21873334442e-07, 1.00657098301e-06, 8.41184942146e-07, 5.9239522443e-07, 4.27180367524e-07, 3.18241120567e-07, 2.37645849666e-07, 1.70142214984e-07, 1.22933172975e-07, 9.43799634001e-08, 5.61278703515e-08, 4.90719465063e-08, 2.25226557404e-08, 1.46336809337e-08, 2.65330601934e-09, 2.11266268368e-10, 2.007325417e-10, 1.91733962041e-10, 1.83761367234e-10, 1.77870967955e-10, 1.73111594504e-10, 1.68346059315e-10, 1.64749269782e-10, 1.62236668544e-10, 1.60410268402e-10, 1.59169233349e-10]
    },
    "mfcc": {
        "mean": [-786.285461426, 90.5492782593, -30.6698932648, 4.90838289261, -8.90567588806, 0.200870126486, 6.14990711212, -0.517093062401, -7.76724290848, 2.55285382271, -5.79345607758, 2.0936293602, -1.45832467079],
        "cov": [[74204.5625, 12625.4960938, -3595.14599609, 801.555847168, -1372.58959961, -198.543045044, 251.734222412, -335.371002197, -656.933349609, 882.368164062, -350.217498779, -283.086883545, -624.345092773], [12625.4960938, 2872.08544922, -729.459838867, 325.850097656, -213.270065308, 20.6677494049, 209.3881073, -45.0187034607, -298.195892334, 52.8919792175, -149.571044922, 111.111488342, -47.8805503845], [-3595.14599609, -729.459838867, 747.329284668, 172.257598877, 99.6312026978, 3.36010241508, -45.3796386719, -35.9072341919, 72.3327713013, 82.0258636475, 50.7447319031, -69.127494812, 6.0387468338], [801.555847168, 325.850097656, 172.257598877, 297.900238037, 20.3804073334, 5.34470939636, 77.6332855225, -32.0834960938, -79.1190872192, 36.3315811157, -30.7753791809, 49.1460876465, 34.5240516663], [-1372.58959961, -213.270065308, 99.6312026978, 20.3804073334, 109.84828949, 19.7959594727, -20.8769893646, -4.59398460388, -10.6956787109, -31.1685371399, 26.2581882477, 30.5271778107, 7.33233547211], [-198.543045044, 20.6677494049, 3.36010241508, 5.34470939636, 19.7959594727, 100.005943298, 76.1097869873, 31.9690151215, -16.0714302063, -16.4585952759, -31.1209640503, 0.544725716114, 5.53018522263], [251.734222412, 209.3881073, -45.3796386719, 77.6332855225, -20.8769893646, 76.1097869873, 241.913146973, 65.4384918213, -38.9739494324, -18.027097702, -116.070823669, 46.2138633728, 67.3941192627], [-335.371002197, -45.0187034607, -35.9072341919, -32.0834960938, -4.59398460388, 31.9690151215, 65.4384918213, 87.3257522583, 24.5602931976, -11.3103866577, -52.2648086548, -13.2973594666, 15.2922019958], [-656.933349609, -298.195892334, 72.3327713013, -79.1190872192, -10.6956787109, -16.0714302063, -38.9739494324, 24.5602931976, 222.511016846, 53.5195388794, 44.3445014954, -134.472671509, -57.1522789001], [882.368164062, 52.8919792175, 82.0258636475, 36.3315811157, -31.1685371399, -16.4585952759, -18.027097702, -11.3103866577, 53.5195388794, 139.889587402, 8.1279001236, -82.1585998535, -37.4660797119], [-350.217498779, -149.571044922, 50.7447319031, -30.7753791809, 26.2581882477, -31.1209640503, -116.070823669, -52.2648086548, 44.3445014954, 8.1279001236, 174.202987671, -8.76635074615, -69.8259963989], [-283.086883545, 111.111488342, -69.127494812, 49.1460876465, 30.5271778107, 0.544725716114, 46.2138633728, -13.2973594666, -134.472671509, -82.1585998535, -8.76635074615, 200.660110474, 80.4330825806], [-624.345092773, -47.8805503845, 6.0387468338, 34.5240516663, 7.33233547211, 5.53018522263, 67.3941192627, 15.2922019958, -57.1522789001, -37.4660797119, -69.8259963989, 80.4330825806, 130.803955078]],
        "icov": [[8.63320456119e-05, -0.000383689475711, 6.29532223684e-05, 0.000110278400825, 0.000177856796654, -1.48864264702e-05, 0.000158312002895, 8.09816774563e-05, -7.68950485508e-05, -0.000320216699038, -4.83051262563e-05, 0.000120536526083, -8.59853898874e-05], [-0.000383689475711, 0.00282239750959, 0.00104813859798, -0.00232079043053, 0.000348767847754, -0.000329416128807, -0.000800446316134, 0.000148067891132, 0.00103892106563, 0.000952994741965, 0.000618946622126, -0.000537842686754, 0.00154340197332], [6.29532223684e-05, 0.00104813859798, 0.00391834555194, -0.00356702832505, -0.000492508814204, -0.000940883124713, 0.000561187160201, 0.000889323884621, 2.28379285545e-05, -0.00160392536782, -0.000103359838249, 0.00112394394819, -7.67301535234e-05], [0.000110278400825, -0.00232079043053, -0.00356702832505, 0.00940699037164, -0.00262163695879, 0.00231241271831, -0.00297342590056, 0.001951609971, 0.000868557603098, -0.00164260272868, -0.000329732196406, -0.000486932811327, -0.00125588348601], [0.000177856796654, 0.000348767847754, -0.000492508814204, -0.00262163695879, 0.0157596003264, -0.0049814991653, 0.00339665520005, -0.00080013286788, -0.000309146736981, 0.00195467099547, -0.00064660172211, -0.0025220324751, 0.000992421642877], [-1.48864264702e-05, -0.000329416128807, -0.000940883124713, 0.00231241271831, -0.0049814991653, 0.0170954577625, -0.00680775847286, -0.00226593040861, 0.00293472898193, 0.001256137155, -0.000982849975117, 0.00313190743327, 0.00176196102984], [0.000158312002895, -0.000800446316134, 0.000561187160201, -0.00297342590056, 0.00339665520005, -0.00680775847286, 0.0115153007209, -0.0040622302331, -0.00242367014289, -0.000544293783605, 0.00345569825731, -0.00281454832293, -0.00177861191332], [8.09816774563e-05, 0.000148067891132, 0.000889323884621, 0.001951609971, -0.00080013286788, -0.00226593040861, -0.0040622302331, 0.0202016048133, -0.00284876162186, 0.000325108412653, 0.00448192143813, 0.000375329196686, 0.000766617013142], [-7.68950485508e-05, 0.00103892106563, 2.28379285545e-05, 0.000868557603098, -0.000309146736981, 0.00293472898193, -0.00242367014289, -0.00284876162186, 0.0106388852, -0.000612666306552, -0.00332292518578, 0.00619403272867, 0.000148342325701], [-0.000320216699038, 0.000952994741965, -0.00160392536782, -0.00164260272868, 0.00195467099547, 0.001256137155, -0.000544293783605, 0.000325108412653, -0.000612666306552, 0.0131401699036, 8.95656630746e-05, 0.00332674896345, 0.000905932043679], [-4.83051262563e-05, 0.000618946622126, -0.000103359838249, -0.000329732196406, -0.00064660172211, -0.000982849975117, 0.00345569825731, 0.00448192143813, -0.00332292518578, 8.95656630746e-05, 0.01284253411, -0.00492580235004, 0.00631947023794], [0.000120536526083, -0.000537842686754, 0.00112394394819, -0.000486932811327, -0.0025220324751, 0.00313190743327, -0.00281454832293, 0.000375329196686, 0.00619403272867, 0.00332674896345, -0.00492580235004, 0.0147860581055, -0.00619208579883], [-8.59853898874e-05, 0.00154340197332, -7.67301535234e-05, -0.00125588348601, 0.000992421642877, 0.00176196102984, -0.00177861191332, 0.000766617013142, 0.000148342325701, 0.000905932043679, 0.00631947023794, -0.00619208579883, 0.0163365975022]]
    },
    "spectral_contrast_coeffs": {
        "max": [-0.477368563414, -0.474071979523, -0.429831802845, -0.513433992863, -0.522998034954, -0.602936148643],
        "mean": [-0.770539045334, -0.803261041641, -0.765709459782, -0.777567505836, -0.784573614597, -0.786798357964],
        "min": [-0.982620477676, -0.981880843639, -0.977478742599, -0.975796461105, -0.970123887062, -0.966063141823],
        "stdev": [0.119443103671, 0.110369674861, 0.133518174291, 0.1175955832, 0.109369255602, 0.0987862125039]
    },
    "spectral_contrast_valleys": {
        "max": [-5.65860319138, -4.83685493469, -5.1127166748, -5.56806516647, -6.00557136536, -8.10127925873],
        "mean": [-11.9736213684, -11.4308271408, -11.7243843079, -11.9239530563, -12.0587453842, -14.5860652924],
        "min": [-28.1441421509, -28.1049919128, -27.9128799438, -27.87550354, -27.6384315491, -27.4802131653],
        "stdev": [8.31101417542, 8.58116054535, 8.43776988983, 8.32805728912, 8.25931739807, 6.9293255806]
    }
},
"rhythm": {
    "beats_count": 110,
    "beats_loudness": {
        "max": 0.0679773017764,
        "mean": 0.0202534552664,
        "min": 0,
        "stdev": 0.0171231571585
    },
    "bpm": 132.300048828,
    "bpm_histogram_first_peak_bpm": 133,
    "bpm_histogram_first_peak_weight": 0.627451002598,
    "bpm_histogram_second_peak_bpm": 161,
    "bpm_histogram_second_peak_spread": 0.125,
    "bpm_histogram_second_peak_weight": 0.128440365195,
    "danceability": 0.778040349483,
    "onset_rate": 1.61741626263,
    "beats_loudness_band_ratio": {
        "max": [0.39848318696, 0.357083857059, 0.790515720844, 0.976832270622, 0.47269064188, 0.328011095524],
        "mean": [0.0572171024978, 0.0670784860849, 0.15434063971, 0.388988345861, 0.10883013159, 0.0503581687808],
        "min": [0, 0, 0, 0, 0, 0],
        "stdev": [0.0762004181743, 0.0873502492905, 0.158644795418, 0.287195712328, 0.11553991586, 0.0560516268015]
    },
