{
"metadata": {
    "version": {
        "essentia": "2.1-beta5",
        "essentia_git_sha": "Undefined",
        "extractor": "music 2.0"
    },
    "audio_properties": {
        "analysis": {
            "equal_loudness": 0,
            "length": 48.7502937317,
            "sample_rate": 44100,
            "start_time": 61.4980506897,
            "downmix": "mix"
        },
        "bit_rate": 192000,
        "length": 184.737960815,
        "lossless": 0,
        "number_channels": 2,
        "replay_gain": -7.24761390686,
        "sample_rate": 44100,
        "codec": "mp3",
        "md5_encoded": "2dbd560bef54a3fbee72540c28b43a81"
    },
    "tags": {
        "file_name": "Denmark_Fra Mols Til Skagen_Aud Wilken.mp3",
        "encoding": ["Lavf58.29.100"]
    }
},
"lowlevel": {
    "average_loudness": 0.883096456528,
    "barkbands_crest": {
        "max": 25.6008548737,
        "mean": 11.8727731705,
        "min": 3.24861502647,
        "stdev": 4.61193227768
    },
    "barkbands_flatness_db": {
        "max": 0.396463274956,
        "mean": 0.218915969133,
        "min": 0.0838184431195,
        "stdev": 0.0468501225114
    },
    "barkbands_kurtosis": {
        "max": 187.950271606,
        "mean": 9.83830451965,
        "min": -1.75587034225,
        "stdev": 15.6340341568
    },
    "barkbands_skewness": {
        "max": 11.9448642731,
        "mean": 2.08302593231,
        "min": -1.01084458828,
        "stdev": 1.39353394508
    },
    "barkbands_spread": {
        "max": 65.8238143921,
        "mean": 8.94774246216,
        "min": 0.373932093382,
        "stdev": 7.16240787506
    },
    "dissonance": {
        "max": 0.4998306036,
        "mean": 0.425733715296,
        "min": 0.174763664603,
        "stdev": 0.0415789932013
    },
    "dynamic_complexity": 3.77060770988,
    "erbbands_crest": {
        "max": 28.6361656189,
        "mean": 11.2058830261,
        "min": 3.65578126907,
        "stdev": 4.49328231812
    },
    "erbbands_flatness_db": {
        "max": 0.342985719442,
        "mean": 0.232278764248,
        "min": 0.101956918836,
        "stdev": 0.0407694429159
    },
    "erbbands_kurtosis": {
        "max": 45.7559509277,
        "mean": 2.09644556046,
        "min": -1.89421308041,
        "stdev": 4.18620634079
    },
    "erbbands_skewness": {
        "max": 5.88215112686,
        "mean": 1.00477349758,
        "min": -1.39754343033,
        "stdev": 0.911027491093
    },
    "erbbands_spread": {
        "max": 112.446983337,
        "mean": 23.8950176239,
        "min": 2.18136620522,
        "stdev": 14.192073822
    },
    "hfc": {
        "max": 65.0693740845,
        "mean": 11.3277139664,
        "min": 0.0518644303083,
        "stdev": 11.6301393509
    },
    "loudness_ebu128": {
        "integrated": -17.9559574127,
        "loudness_range": 4.55434417725,
        "momentary": {
            "max": -13.6236543655,
            "mean": -18.9303073883,
            "min": -31.7292633057,
            "stdev": 3.13125443459
        },
        "short_term": {
            "max": -15.2800245285,
            "mean": -18.3320789337,
            "min": -23.9843139648,
            "stdev": 1.81848454475
        }
    },
    "melbands_crest": {
        "max": 30.5123443604,
        "mean": 13.9854373932,
        "min": 4.21554708481,
        "stdev": 4.87695789337
    },
    "melbands_flatness_db": {
        "max": 0.481611132622,
        "mean": 0.292943298817,
        "min": 0.0540770664811,
        "stdev": 0.0616453029215
    },
    "melbands_kurtosis": {
        "max": 209.688934326,
        "mean": 14.8375663757,
        "min": -1.21282041073,
        "stdev": 20.376865387
    },
    "melbands_skewness": {
        "max": 11.9514904022,
        "mean": 2.47136497498,
        "min": -0.59469217062,
        "stdev": 1.47066867352
    },
    "melbands_spread": {
        "max": 139.398788452,
        "mean": 10.9840126038,
        "min": 0.512167155743,
        "stdev": 9.09094905853
    },
    "pitch_salience": {
        "max": 0.887133955956,
        "mean": 0.561277925968,
        "min": 0.121982626617,
        "stdev": 0.11194448173
    },
    "silence_rate_20dB": {
        "max": 1,
        "mean": 1,
        "min": 1,
        "stdev": 0
    },
    "silence_rate_30dB": {
        "max": 1,
        "mean": 1,
        "min": 1,
        "stdev": 0
    },
    "silence_rate_60dB": {
        "max": 1,
        "mean": 0.124702520669,
        "min": 0,
        "stdev": 0.330380499363
    },
    "spectral_centroid": {
        "max": 4076.78930664,
        "mean": 688.572875977,
        "min": 187.22102356,
        "stdev": 419.975585938
    },
    "spectral_complexity": {
        "max": 32,
        "mean": 11.4435987473,
        "min": 0,
        "stdev": 6.08703947067
    },
    "spectral_decrease": {
        "max": -2.77964734563e-11,
        "mean": -5.38836042452e-09,
        "min": -2.76440079716e-08,
        "stdev": 4.48874493131e-09
    },
    "spectral_energy": {
        "max": 0.108174495399,
        "mean": 0.0213642846793,
        "min": 0.000109614469693,
        "stdev": 0.0177695825696
    },
    "spectral_energyband_high": {
        "max": 0.00369353755377,
        "mean": 0.00010528153507,
        "min": 1.33801131597e-06,
        "stdev": 0.000210017620702
    },
    "spectral_energyband_low": {
        "max": 0.0162835698575,
        "mean": 0.00154369592201,
        "min": 1.0749188732e-05,
        "stdev": 0.002023069188
    },
    "spectral_energyband_middle_high": {
        "max": 0.047252509743,
        "mean": 0.00354168843478,
        "min": 5.0470075621e-06,
        "stdev": 0.00565439462662
    },
    "spectral_energyband_middle_low": {
        "max": 0.103143371642,
        "mean": 0.0169224441051,
        "min": 7.80136688263e-05,
        "stdev": 0.0154705801979
    },
    "spectral_entropy": {
        "max": 8.25628757477,
        "mean": 6.74563550949,
        "min": 5.19027900696,
        "stdev": 0.459235668182
    },
    "spectral_flux": {
        "max": 0.245536357164,
        "mean": 0.0706902295351,
        "min": 0.00695166690275,
        "stdev": 0.0421081222594
    },
    "spectral_kurtosis": {
        "max": 57.7645111084,
        "mean": 11.4388132095,
        "min": -1.03556168079,
        "stdev": 7.93634700775
    },
    "spectral_rms": {
        "max": 0.0102730756626,
        "mean": 0.00412818742916,
        "min": 0.000327018264215,
        "stdev": 0.00194968911819
    },
    "spectral_rolloff": {
        "max": 6416.89453125,
        "mean": 768.501525879,
        "min": 129.19921875,
        "stdev": 634.301147461
    },
    "spectral_skewness": {
        "max": 6.10183238983,
        "mean": 2.32338094711,
        "min": -0.0839639380574,
        "stdev": 0.921492636204
    },
    "spectral_spread": {
        "max": 8059580.5,
        "mean": 2854948,
        "min": 1218846.75,
        "stdev": 950480.75
    },
    "spectral_strongpeak": {
        "max": 10.5853757858,
        "mean": 0.992850184441,
        "min": 0.00947017036378,
        "stdev": 1.01878881454
    },
    "zerocrossingrate": {
        "max": 0.1953125,
        "mean": 0.0307494010776,
        "min": 0.00634765625,
        "stdev": 0.0176877249032
    },
    "barkbands": {
        "max": [8.42153822305e-05, 0.00487496750429, 0.0107428180054, 0.0211338941008, 0.0787818804383, 0.0490975789726, 0.0320464260876, 0.0373969823122, 0.0297628771514, 0.0199581049383, 0.0392772108316, 0.0192795358598, 0.0106744933873, 0.0210484825075, 0.0105966133997, 0.00532864499837, 0.00661852955818, 0.00412839325145, 0.00745113613084, 0.00277386768721, 0.00111970747821, 0.00160859443713, 0.000654565636069, 0.000264667061856, 2.77601720882e-05, 5.35210620001e-06, 5.64573747397e-06],
        "mean": [3.36618882102e-06, 0.00041998596862, 0.000661341880914, 0.0014594013337, 0.00772002199665, 0.00333814439364, 0.00162490527146, 0.00121201795992, 0.00105312955566, 0.00107420235872, 0.00082011136692, 0.000420750147896, 0.000241333284066, 0.00035800106707, 0.000226364878472, 0.000131004329887, 0.000116857874673, 0.00011767930846, 0.000211418999243, 0.000100148034107, 2.25776693696e-05, 1.73942771653e-05, 9.91162869468e-06, 3.44931936525e-06, 5.46290095826e-07, 2.61347508967e-07, 2.50802401069e-08],
        "min": [4.43222747393e-09, 7.03590004036e-08, 7.64514538787e-07, 1.23470044855e-06, 2.96143552987e-05, 5.60377475267e-06, 1.19085461847e-06, 6.27239899131e-07, 4.91850187245e-07, 6.63362868636e-07, 5.05565822095e-07, 6.00688963459e-07, 9.15135132118e-08, 1.59494703666e-07, 7.75361428396e-08, 1.16195074895e-07, 1.24898690501e-07, 7.24979756228e-08, 1.06625833496e-07, 1.12765441429e-07, 8.1418519926e-08, 9.9980006496e-08, 1.09941794335e-07, 1.5690187638e-07, 2.27031023314e-07, 1.71614274791e-07, 2.75112244097e-09],
        "stdev": [6.57166037854e-06, 0.000583379413001, 0.00119043141603, 0.00248049385846, 0.0102238235995, 0.00537652801722, 0.00298835709691, 0.00228166929446, 0.00219162739813, 0.00220443331636, 0.00194073969033, 0.00111550826114, 0.000637447752524, 0.0014217334101, 0.000660649151541, 0.000423917750595, 0.000424616766395, 0.000373192393454, 0.000577941013034, 0.00022957699548, 5.64839974686e-05, 7.91170023149e-05, 4.30090949521e-05, 1.61500192917e-05, 1.28308647618e-06, 1.21962898447e-07, 1.30407869392e-07]
    },
    "erbbands": {
        "max": [0.0973282381892, 1.34828865528, 10.5622034073, 33.3447418213, 178.411804199, 398.091766357, 533.521728516, 458.372619629, 470.934112549, 748.148742676, 526.524536133, 880.583557129, 1277.54638672, 799.350646973, 1988.07128906, 952.202453613, 512.149719238, 987.865478516, 514.666442871, 302.648742676, 251.682632446, 268.669464111, 297.621490479, 478.297973633, 131.604537964, 136.660202026, 49.9793815613, 58.5838813782, 70.1213760376, 31.0101852417, 14.4028902054, 8.94602203369, 2.99414587021, 0.634571969509, 0.0787130743265, 0.0214511360973, 0.00982085242867, 0.00353957270272, 0.000811019795947, 0.000120861710457],
        "mean": [0.00765043264255, 0.116965085268, 0.617486000061, 2.82609224319, 11.2955799103, 27.143239975, 38.0684776306, 26.588727951, 24.5630226135, 27.8928108215, 19.7033157349, 28.9245071411, 33.187084198, 27.4474716187, 37.1094398499, 18.1771278381, 12.0029211044, 19.3117866516, 13.2763957977, 9.67485523224, 7.29166269302, 5.43646287918, 5.89249324799, 12.7585716248, 6.67143964767, 4.92249441147, 2.13177347183, 0.543480396271, 0.648302316666, 0.455205500126, 0.259637743235, 0.121388725936, 0.033320184797, 0.00837019830942, 0.00299821118824, 0.00123433570843, 0.000453988788649, 8.95066332305e-05, 1.30969137899e-05, 2.44965376623e-05],
        "min": [1.383144172e-05, 0.000183098207344, 0.00373163446784, 0.00606437213719, 0.0236552394927, 0.0795119255781, 0.0523177608848, 0.0470767840743, 0.0307181831449, 0.0273695010692, 0.030181415379, 0.0151008656248, 0.0295620374382, 0.0250222608447, 0.0266650430858, 0.023304278031, 0.00697058625519, 0.012085407041, 0.00766349025071, 0.0057741929777, 0.0121930604801, 0.00922463554889, 0.00583574175835, 0.00541092688218, 0.00543586025015, 0.00490505155176, 0.00365834194236, 0.00412198156118, 0.00348249729723, 0.0026277306024, 0.00340873422101, 0.00310075725429, 0.00264272396453, 0.00231442134827, 0.00155226013158, 0.000728783954401, 0.000256329483818, 4.28931307397e-05, 1.28994304305e-06, 1.84036480277e-07],
        "stdev": [0.0108885029331, 0.160356506705, 1.04344058037, 4.17957735062, 19.7843532562, 40.3589668274, 66.595954895, 39.5592651367, 42.2962379456, 48.2569122314, 38.1353797913, 56.2100296021, 74.0873565674, 62.4687423706, 92.1840438843, 49.1017684937, 30.0494403839, 73.3853759766, 35.5974998474, 26.766626358, 21.5502738953, 16.8320293427, 18.4675292969, 37.4351348877, 16.4389019012, 11.5874071121, 4.36010169983, 2.01424717903, 3.10668826103, 1.93364334106, 1.08724069595, 0.568047404289, 0.144457578659, 0.0279207751155, 0.00328099005856, 0.000537241052371, 0.000225611322094, 8.20224813651e-05, 2.0495202989e-05, 2.03034232982e-05]
    },
    "gfcc": {
        "mean": [-84.3666229248, 149.576965332, -122.864257812, 7.43183803558, -61.3818244934, -14.8101539612, -35.1331558228, -7.04559373856, -34.5630378723, -7.89391756058, -12.019867897, -7.99783229828, -7.07355594635],
        "cov": [[3537.85302734, 287.678222656, -1636.67822266, 52.816783905, -122.95324707, -518.90802002, 199.965377808, -228.31010437, 136.224502563, -189.653411865, 250.282470703, -253.65737915, 86.9947280884], [287.678222656, 442.501098633, 33.7409591675, -184.676025391, 214.546386719, -119.78276825, 22.7470397949, 0.281366705894, -56.6844978333, 38.7787857056, 38.9258155823, -66.6139221191, 15.480225563], [-1636.67822266, 33.7409591675, 1204.38317871, 192.593460083, 102.783416748, 308.802947998, -77.3203582764, 64.6418151855, -9.10244560242, 73.1888809204, -112.356811523, 143.378082275, -44.5370292664], [52.816783905, -184.676025391, 192.593460083, 518.979797363, 12.5792140961, 92.4102172852, 58.1186408997, 40.5750617981, 128.356628418, -13.9050064087, -7.45556116104, 65.6871414185, -13.7772493362], [-122.95324707, 214.546386719, 102.783416748, 12.5792140961, 320.367797852, -6.58084583282, 28.5843696594, 110.492485046, -41.2768669128, 57.7191390991, 16.6055488586, -25.4928741455, 6.66538619995], [-518.90802002, -119.78276825, 308.802947998, 92.4102172852, -6.58084583282, 372.044006348, 86.419631958, 29.9263858795, 29.5346164703, 34.4805374146, -52.0135955811, 29.6738147736, -44.7097091675], [199.965377808, 22.7470397949, -77.3203582764, 58.1186408997, 28.5843696594, 86.419631958, 160.134033203, 28.3067131042, -2.58032298088, 21.3721466064, 13.138502121, -22.7908668518, -0.905276358128], [-228.31010437, 0.281366705894, 64.6418151855, 40.5750617981, 110.492485046, 29.9263858795, 28.3067131042, 182.496810913, 37.2329559326, 29.9885902405, 9.97907733917, 16.4351139069, -3.43130803108], [136.224502563, -56.6844978333, -9.10244560242, 128.356628418, -41.2768669128, 29.5346164703, -2.58032298088, 37.2329559326, 149.232620239, 25.4004421234, -11.0004034042, 25.0419178009, -10.7765083313], [-189.653411865, 38.7787857056, 73.1888809204, -13.9050064087, 57.7191390991, 34.4805374146, 21.3721466064, 29.9885902405, 25.4004421234, 133.817901611, 8.88682365417, -1.27761268616, -12.311416626], [250.282470703, 38.9258155823, -112.356811523, -7.45556116104, 16.6055488586, -52.0135955811, 13.138502121, 9.97907733917, -11.0004034042, 8.88682365417, 109.212875366, -2.13858675957, 10.907989502], [-253.65737915, -66.6139221191, 143.378082275, 65.6871414185, -25.4928741455, 29.6738147736, -22.7908668518, 16.4351139069, 25.0419178009, -1.27761268616, -2.13858675957, 117.511047363, 19.5796890259], [86.9947280884, 15.480225563, -44.5370292664, -13.7772493362, 6.66538619995, -44.7097091675, -0.905276358128, -3.43130803108, -10.7765083313, -12.311416626, 10.907989502, 19.5796890259, 68.1990432739]],
        "icov": [[0.0110559267923, -0.0153598347679, 0.0133303273469, -0.00999311730266, 0.00574542582035, -0.000386716448702, -0.00376877863891, 0.00889607239515, -0.0111185126007, 0.0104051306844, -0.0096109136939, 0.00693571940064, -0.00467998534441], [-0.0153598347679, 0.0354275293648, -0.0240715201944, 0.0230236891657, -0.0199458226562, 0.00865109544247, -0.00656438898295, -0.00316224107519, 0.00322254886851, -0.00887388177216, 0.00783039163798, -0.00574890337884, 0.00716277910396], [0.0133303273469, -0.0240715201944, 0.0202588010579, -0.0165734551847, 0.011218726635, -0.00523643009365, 0.00227041938342, 0.00668745022267, -0.00672486703843, 0.00907868333161, -0.0081122405827, 0.00522830523551, -0.005448453594], [-0.00999311730266, 0.0230236891657, -0.0165734551847, 0.0185561198741, -0.0138845387846, 0.00616430491209, -0.00675534643233, -0.00107166159432, -0.00186983821914, -0.00359941623174, 0.00433241995052, -0.00487123476341, 0.00546149676666], [0.00574542582035, -0.0199458226562, 0.011218726635, -0.0138845387846, 0.0186676960438, -0.00653615174815, 0.0082015665248, -0.00673931045458, 0.00759957451373, -0.00161603966262, -0.000405010359827, 0.00248358561657, -0.00435876473784], [-0.000386716448702, 0.00865109544247, -0.00523643009365, 0.00616430491209, -0.00653615174815, 0.0100503312424, -0.010847767815, 0.00510455155745, -0.00795408710837, 0.0031814055983, -0.00186530896463, 0.00145237892866, 0.0028944965452], [-0.00376877863891, -0.00656438898295, 0.00227041938342, -0.00675534643233, 0.0082015665248, -0.010847767815, 0.0226379167289, -0.0126428101212, 0.0178286414593, -0.0109351463616, 0.0075936964713, -0.0037659893278, -0.00112343067303], [0.00889607239515, -0.00316224107519, 0.00668745022267, -0.00107166159432, -0.00673931045458, 0.00510455155745, -0.0126428101212, 0.0218565221876, -0.02090860717, 0.013098154217, -0.0122871231288, 0.0063544427976, -0.00234087416902], [-0.0111185126007, 0.00322254886851, -0.00672486703843, -0.00186983821914, 0.00759957451373, -0.00795408710837, 0.0178286414593, -0.02090860717, 0.0352918505669, -0.0201061721891, 0.0166459418833, -0.0110476352274, 0.00436573987827], [0.0104051306844, -0.00887388177216, 0.00907868333161, -0.00359941623174, -0.00161603966262, 0.0031814055983, -0.0109351463616, 0.013098154217, -0.0201061721891, 0.0226707197726, -0.0131658008322, 0.00797771010548, -0.00256855366752], [-0.0096109136939, 0.00783039163798, -0.0081122405827, 0.00433241995052, -0.000405010359827, -0.00186530896463, 0.0075936964713, -0.0122871231288, 0.0166459418833, -0.0131658008322, 0.021917976439, -0.00917126610875, 0.00374018354341], [0.00693571940064, -0.00574890337884, 0.00522830523551, -0.00487123476341, 0.00248358561657, 0.00145237892866, -0.0037659893278, 0.0063544427976, -0.0110476352274, 0.00797771010548, -0.00917126610875, 0.0187868569046, -0.00836519524455], [-0.00467998534441, 0.00716277910396, -0.005448453594, 0.00546149676666, -0.00435876473784, 0.0028944965452, -0.00112343067303, -0.00234087416902, 0.00436573987827, -0.00256855366752, 0.00374018354341, -0.00836519524455, 0.0207725744694]]
    },
    "melbands": {
        "max": [0.00107059744187, 0.0039901076816, 0.0101130446419, 0.0140358880162, 0.0164527446032, 0.00889221951365, 0.00730713596568, 0.00915346201509, 0.00434985291213, 0.00584997516125, 0.00618921965361, 0.00323619553819, 0.00550643960014, 0.00236243591644, 0.00194007623941, 0.000954781484324, 0.00226660585031, 0.000738967268262, 0.000683199206833, 0.000432075030403, 0.000370320427464, 0.000411927670939, 0.000179084861884, 0.000241873334744, 0.000488012185087, 0.00013833848061, 0.000122454948723, 7.8531447798e-05, 3.87195286748e-05, 1.61503503477e-05, 4.24527206633e-05, 4.14174392063e-05, 2.68345775112e-05, 1.67956204677e-05, 1.00846427813e-05, 8.75472960615e-06, 4.57540818388e-06, 2.73803357231e-06, 1.04681271296e-06, 3.27281213686e-07],
        "mean": [9.4908515166e-05, 0.000279447238427, 0.000750385108404, 0.00131452921778, 0.00145584647544, 0.000589492847212, 0.000370857102098, 0.000304957880871, 0.000144089353853, 0.000184020158486, 0.000160968382261, 0.00010661266424, 0.000111600318633, 6.99212905602e-05, 3.05488320009e-05, 2.30178811762e-05, 3.92013062083e-05, 2.11584192584e-05, 1.50963287524e-05, 1.1808509953e-05, 8.18717489892e-06, 6.57057125864e-06, 4.08724963563e-06, 6.0618021962e-06, 1.1389570318e-05, 5.46461069462e-06, 3.4208312627e-06, 3.21858533425e-06, 1.76045875833e-06, 3.87758746001e-07, 2.75780024594e-07, 3.69721590232e-07, 3.32011893533e-07, 2.250371125e-07, 1.58735574018e-07, 1.05986842414e-07, 6.08582269024e-08, 2.49605811575e-08, 1.1540240763e-08, 5.18132692306e-09],
        "min": [2.33012773521e-08, 1.26361919683e-06, 8.62685226366e-07, 5.57998964723e-06, 2.34247590924e-06, 1.01544458175e-06, 4.63461901745e-07, 3.10010477733e-07, 2.17279009007e-07, 9.80707426379e-08, 8.5478674805e-08, 6.35001100591e-08, 8.11625113784e-08, 6.83519374434e-08, 1.40029055018e-08, 8.64024762848e-09, 1.95362268585e-08, 1.27321619914e-08, 7.5810406841e-09, 5.50175727199e-09, 1.15695968361e-08, 7.31047267166e-09, 4.53476411977e-09, 3.09303493928e-09, 4.18986001449e-09, 3.84551146482e-09, 3.32660254898e-09, 2.38852582157e-09, 2.17579221307e-09, 1.76897352322e-09, 1.9164918541e-09, 1.85643811434e-09, 1.59504742747e-09, 1.13557918624e-09, 1.70648395414e-09, 1.29860655562e-09, 1.74808045816e-09, 1.53471424458e-09, 1.61783098029e-09, 1.51068879628e-09],
        "stdev": [0.000128558269353, 0.000411532440921, 0.00117553723976, 0.00175555353053, 0.00230180798098, 0.000864017696586, 0.000652728660498, 0.000537044426892, 0.000289181189146, 0.000381447753171, 0.000370063236915, 0.000256939674728, 0.000260081927991, 0.000166139740031, 9.08395522856e-05, 5.81227905059e-05, 0.000163080068887, 6.01057472522e-05, 4.50489096693e-05, 3.59225778084e-05, 2.71108601737e-05, 2.3167767722e-05, 1.22828487292e-05, 1.96891251107e-05, 3.51665694325e-05, 1.4205057596e-05, 8.84344444785e-06, 7.60686043577e-06, 3.94354219679e-06, 9.37330867146e-07, 1.35796744871e-06, 1.86936119917e-06, 1.53069049702e-06, 1.0014413192e-06, 6.68253278491e-07, 4.91716150464e-07, 2.9759547715e-07, 1.13838751759e-07, 4.45913137526e-08, 1.50482417638e-08]
    },
    "melbands128": {
        "max": [6.53703609714e-05, 0.000544740003534, 0.00185362063348, 0.00279201520607, 0.00575216999277, 0.00598233612254, 0.00725280446932, 0.0146919339895, 0.0236428417265, 0.0192971900105, 0.0302410386503, 0.0338588245213, 0.0251177735627, 0.0170045122504, 0.0166927017272, 0.0118634346873, 0.00921174418181, 0.0131590478122, 0.0110805742443, 0.0101254824549, 0.0138706760481, 0.00449561420828, 0.00834490358829, 0.00228829495609, 0.00714444089681, 0.0106263682246, 0.0152597557753, 0.00699776038527, 0.00455971015617, 0.00540442299098, 0.00559848221019, 0.00435482477769, 0.0045393332839, 0.0136128049344, 0.00322470697574, 0.00310541759245, 0.00602687802166, 0.0024966893252, 0.00298400362954, 0.00219821580686, 0.00195730896667, 0.00139051605947, 0.0030641888734, 0.0059386882931, 0.00117597251665, 0.00110927259084, 0.00264062988572, 0.00102508347481, 0.000913353578653, 0.000894987257197, 0.00075234984979, 0.000837198458612, 0.00044117734069, 0.000765320437495, 0.00147020886652, 0.000420520053012, 0.00032309468952, 0.000221710753976, 0.000317003403325, 0.000739815353882, 0.000431249383837, 0.000491773185786, 0.000867228489369, 0.000706463528331, 0.000249654054642, 0.000288746552542, 0.000242434791289, 0.000103819307697, 0.000178094895091, 0.000273653655313, 0.000160362673341, 0.000124629194033, 8.51866207086e-05, 8.87440619408e-05, 2.99180701404e-05, 1.72464515344e-05, 2.25504536502e-05, 3.25523724314e-05, 5.09882556798e-05, 5.07559598191e-05, 3.64505613106e-05, 3.53576360794e-05, 6.04179804213e-05, 2.80296626443e-05, 2.17222477659e-05, 1.52429174705e-05, 2.98943559756e-05, 1.69978266058e-05, 8.62817978486e-06, 8.09423454484e-06, 9.27924793359e-06, 9.52682239586e-06, 7.9459960034e-06, 5.55601718588e-06, 4.67164500151e-06, 4.29613510278e-06, 2.20736797019e-06, 1.57582871907e-06, 1.42235717249e-06, 9.44000817071e-07, 6.46890896405e-07, 3.89379181343e-07, 1.73514763446e-07, 1.46719671079e-07, 8.58787956304e-08, 3.9996734813e-08, 4.18438865779e-08, 3.80347380258e-08, 4.0288760772e-08, 3.02647258366e-08, 3.47517605803e-08, 3.41394610359e-08, 3.06705274511e-08, 2.7801773328e-08, 3.03288807402e-08, 2.93418480624e-08, 2.70350728471e-08, 2.64848853959e-08, 2.5686922811e-08, 2.5005808979e-08, 2.44016362672e-08, 2.38746054038e-08, 2.34440999947e-08, 2.30454055838e-08, 2.27257466179e-08, 2.24258833725e-08, 2.22023039953e-08, 2.21159961455e-08],
        "mean": [2.82615928882e-06, 3.71545102098e-05, 0.00013648388267, 0.000199729591259, 0.000249882024946, 0.000357514276402, 0.000442776072305, 0.000885874673259, 0.0012120945612, 0.00104058941361, 0.00149589159992, 0.00220906222239, 0.00138001795858, 0.000663462677039, 0.000634169671685, 0.000527339929249, 0.000401888857596, 0.00035175026278, 0.000328706228174, 0.000304890680127, 0.000335013814038, 0.000163859207532, 0.000130029991851, 8.33230296848e-05, 0.000204145719181, 0.000238028951571, 0.000112955167424, 0.000229128156207, 9.33382689254e-05, 0.000127146136947, 0.000113210066047, 6.01775755058e-05, 9.18919249671e-05, 0.000202484618057, 5.63344256079e-05, 4.61974741484e-05, 5.20956891705e-05, 1.69502291101e-05, 3.36790180882e-05, 2.33944156207e-05, 2.18309396587e-05, 1.80722454388e-05, 4.19367170252e-05, 5.86669011682e-05, 1.25118913274e-05, 1.73757725861e-05, 2.50512221101e-05, 1.39567655424e-05, 1.14700424092e-05, 1.34388637889e-05, 1.18422722153e-05, 1.14301374197e-05, 5.04162107973e-06, 7.19245508662e-06, 1.40383435792e-05, 4.81522829432e-06, 2.66327788268e-06, 3.56454688699e-06, 4.70711802336e-06, 5.09389201397e-06, 5.36384550287e-06, 5.33322008778e-06, 1.56011356012e-05, 1.32451523314e-05, 4.81285496789e-06, 5.42080624655e-06, 6.29315854894e-06, 2.44219017986e-06, 2.79211485577e-06, 4.60930141344e-06, 2.87839270641e-06, 2.99539465232e-06, 2.65882840722e-06, 1.51855806507e-06, 7.47329011119e-07, 3.72213406763e-07, 2.29761596415e-07, 2.43666249844e-07, 2.75853977882e-07, 3.13011923936e-07, 3.52488882527e-07, 3.99255554839e-07, 4.04797418696e-07, 3.28825166207e-07, 2.7744093245e-07, 2.27701420386e-07, 2.23104933639e-07, 1.83712501212e-07, 1.58569775977e-07, 1.39309577207e-07, 1.14667223272e-07, 9.99506539756e-08, 8.33824742585e-08, 6.35004795413e-08, 4.70796237551e-08, 3.028947404e-08, 2.05740011694e-08, 1.62506097467e-08, 1.13972244975e-08, 1.01572492639e-08, 5.67427482778e-09, 4.45438219643e-09, 3.76964015558e-09, 4.15315115632e-09, 2.97759328305e-09, 2.9475217822e-09, 2.65871258343e-09, 2.25684781974e-09, 2.0150154878e-09, 1.81340398253e-09, 1.85750048676e-09, 1.58262702943e-09, 1.35150723946e-09, 1.21866772229e-09, 1.03729902445e-09, 1.05618436219e-09, 7.57094775761e-10, 2.25901502365e-11, 2.15326194375e-11, 2.09878208562e-11, 2.0492744654e-11, 2.00670365741e-11, 1.96865562047e-11, 1.93503910811e-11, 1.90885571238e-11, 1.88570253162e-11, 1.86911059546e-11, 1.85987232559e-11],
        "min": [2.10803652312e-10, 2.92927859746e-09, 2.10028261449e-08, 1.58334998446e-08, 1.34785395289e-07, 2.4285165523e-07, 4.55511468545e-07, 3.89607862417e-07, 9.0107869255e-07, 1.46047796079e-06, 1.84593261565e-06, 4.29069871188e-07, 4.63283299723e-07, 4.53131036693e-07, 1.60637299018e-07, 2.13481541778e-07, 1.57047793437e-07, 5.32151105403e-08, 5.71868525867e-08, 1.07556410001e-07, 7.02295679389e-08, 7.03197002849e-08, 3.07610932282e-08, 4.91823115567e-08, 1.49572105812e-08, 3.46586830346e-08, 9.99693128279e-09, 2.47188634006e-08, 3.51344624505e-08, 2.26878142939e-08, 3.1338384332e-08, 1.27418999796e-08, 3.52181999119e-08, 1.85288797638e-08, 2.57599523934e-08, 1.77133614443e-08, 1.89943705209e-08, 4.40959313508e-09, 6.52400178325e-09, 3.94673982385e-09, 8.73926353506e-09, 6.76236133756e-09, 8.09704836513e-09, 4.67208982613e-09, 5.5705711155e-09, 4.40914460498e-09, 2.29231233995e-09, 2.17889972731e-09, 3.78827991199e-09, 4.41122294248e-09, 3.58015395108e-09, 4.35215241623e-09, 3.12508685596e-09, 4.8293062882e-09, 4.35728342296e-09, 3.2197646771e-09, 3.04491321046e-09, 2.74943667833e-09, 1.89154114594e-09, 2.44821785067e-09, 2.10889816721e-09, 2.36265917941e-09, 2.72244027322e-09, 1.48630108221e-09, 2.36721664493e-09, 1.24612542507e-09, 1.55660417889e-09, 1.85423054688e-09, 2.5603177356e-09, 2.24723439857e-09, 1.62511659685e-09, 1.26898513919e-09, 1.01170127831e-09, 1.09325493103e-09, 1.08495901152e-09, 1.59935775734e-09, 1.2742280564e-09, 9.68921942679e-10, 7.99880439661e-10, 1.75156045223e-09, 1.03888520009e-09, 8.14407208338e-10, 1.13317943917e-09, 1.15788656441e-09, 8.00836286174e-10, 9.43820577248e-10, 1.02257158296e-09, 7.00339897186e-10, 9.54888723648e-10, 9.58583545874e-10, 5.06200470429e-10, 1.03409969476e-09, 8.65177596232e-10, 5.58365353953e-10, 1.48452006243e-09, 8.69481320276e-10, 9.58672918827e-10, 1.10482289983e-09, 8.55560955415e-10, 1.14283627006e-09, 9.24703702498e-10, 8.71366090394e-10, 8.20184919981e-10, 9.89980764032e-10, 8.56892390377e-10, 9.78137348895e-10, 7.38515082421e-10, 7.73730635117e-10, 5.52028311951e-10, 7.06413594287e-10, 6.64051924559e-10, 5.71772518221e-10, 5.17083598162e-10, 3.74056702279e-10, 3.30022065231e-10, 3.70231817426e-10, 1.20032345174e-10, 1.36374689753e-13, 5.5581997067e-14, 7.19697738905e-14, 7.95771529726e-14, 6.0548930507e-14, 5.3775238521e-14, 6.33933484591e-14, 6.67362961226e-14, 6.6398031821e-14, 5.02448187494e-14, 6.60130655109e-14],
        "stdev": [5.67265215068e-06, 6.51879381621e-05, 0.000196157241589, 0.000308387505356, 0.000461352872662, 0.000634811352938, 0.000703345402144, 0.00161484593991, 0.00248523335904, 0.00186691014096, 0.00258188950829, 0.00382009381428, 0.00296363118105, 0.00147629540879, 0.001186250709, 0.00102357764263, 0.000851209217217, 0.000862858840264, 0.000820541114081, 0.000643288251013, 0.000751835294068, 0.000371804810129, 0.000439000403276, 0.000206804237678, 0.000440134492237, 0.000679101794958, 0.000429884705227, 0.000640855112579, 0.00027774926275, 0.000385841180105, 0.000358400517143, 0.000207209013752, 0.000225262803724, 0.00062837562291, 0.000161201067385, 0.000157845512149, 0.000237351559917, 7.77934983489e-05, 0.000131816836074, 7.84544754424e-05, 7.84668009146e-05, 7.85997472121e-05, 0.000202965398785, 0.000318730832078, 5.37353625987e-05, 6.94457266945e-05, 0.000110314511403, 5.98747465119e-05, 5.29178978468e-05, 5.76828460908e-05, 4.90610400448e-05, 5.05224197695e-05, 2.4308794309e-05, 3.62215978384e-05, 6.8782530434e-05, 2.03548916033e-05, 1.31677052195e-05, 1.25178075905e-05, 1.95212378458e-05, 2.68827643595e-05, 2.85926598735e-05, 2.49936747423e-05, 6.39120189589e-05, 4.84674383188e-05, 1.80595270649e-05, 2.03552826861e-05, 2.14982737816e-05, 7.41909070712e-06, 9.42034057516e-06, 1.54408044182e-05, 9.23728202906e-06, 9.32876264415e-06, 7.62449235481e-06, 4.96187385579e-06, 2.02327646548e-06, 9.77282638814e-07, 8.1048415268e-07, 1.19452454328e-06, 1.47357229707e-06, 1.72765601292e-06, 1.90169259895e-06, 2.08769188248e-06, 2.25521830544e-06, 1.61761590789e-06, 1.26131715206e-06, 9.92621949081e-07, 1.2740991906e-06, 8.57925329001e-07, 6.49046910439e-07, 6.02459465426e-07, 5.41919348507e-07, 5.07899073909e-07, 4.06345861848e-07, 3.2610779499e-07, 2.50304026395e-07, 1.6626503907e-07, 8.22595396244e-08, 6.82376608552e-08, 4.70934153896e-08, 3.83409854976e-08, 2.35626487211e-08, 1.19428573697e-08, 7.04267755225e-09, 4.46119363673e-09, 3.26648952331e-09, 1.77139181101e-09, 1.34796251938e-09, 1.07813424854e-09, 1.06733721861e-09, 8.24303292291e-10, 9.06407671142e-10, 8.51478831887e-10, 7.60589369264e-10, 7.11891712246e-10, 7.34714566963e-10, 7.1413069902e-10, 6.87158607793e-10, 6.12512263132e-10, 5.94420457301e-10, 5.78828152076e-10, 5.64895186184e-10, 5.52742351889e-10, 5.42698830319e-10, 5.33488919707e-10, 5.26119425803e-10, 5.19252640885e-10, 5.14223497117e-10, 5.12101749894e-10]
    },
    "mfcc": {
        "mean": [-730.569763184, 185.851577759, -10.8916521072, 22.6441173553, -12.0523757935, -8.56405830383, -0.308532595634, -7.40142154694, -15.3818368912, -1.77950596809, -14.45200634, -9.53875160217, -4.43754720688],
        "cov": [[4828.32714844, -140.993881226, -1595.61706543, 183.566879272, -556.166320801, -259.732452393, -190.647903442, -43.7987670898, -326.24307251, 263.02432251, -212.461761475, -39.5194892883, -22.5138835907], [-140.993881226, 800.695983887, -191.012451172, -89.1815414429, 111.485183716, -142.617004395, 158.068099976, -172.093566895, -13.3379497528, -2.90545964241, -11.4939451218, -23.5584449768, 47.5101585388], [-1595.61706543, -191.012451172, 1030.60913086, 44.0501060486, 165.975616455, 282.861785889, -35.8148193359, 116.893707275, 128.161941528, -134.552322388, 106.261360168, 47.2691116333, -11.7228393555], [183.566879272, -89.1815414429, 44.0501060486, 374.799224854, 106.164840698, -7.00607681274, -16.8964099884, 46.4947776794, 44.294719696, -16.8060150146, 17.2362594604, 75.9646453857, 3.8459584713], [-556.166320801, 111.485183716, 165.975616455, 106.164840698, 272.908935547, 0.12608101964, 55.9383811951, 32.0168991089, 64.1298751831, 1.35881638527, 40.6555137634, 35.4091758728, 9.61305618286], [-259.732452393, -142.617004395, 282.861785889, -7.00607681274, 0.12608101964, 292.835205078, 25.1557559967, 53.3019104004, 67.3661270142, -0.0368475727737, 73.848739624, -11.2414779663, -0.0635822564363], [-190.647903442, 158.068099976, -35.8148193359, -16.8964099884, 55.9383811951, 25.1557559967, 251.638900757, 17.8171615601, -7.85064554214, 72.9371032715, 21.1061058044, -26.3371810913, -2.89991617203], [-43.7987670898, -172.093566895, 116.893707275, 46.4947776794, 32.0168991089, 53.3019104004, 17.8171615601, 175.551422119, 41.6815605164, 10.2617540359, 21.4556484222, 4.59165477753, 2.76740527153], [-326.24307251, -13.3379497528, 128.161941528, 44.294719696, 64.1298751831, 67.3661270142, -7.85064554214, 41.6815605164, 164.416503906, -3.03534793854, 41.0678634644, 39.4054336548, 18.7685203552], [263.02432251, -2.90545964241, -134.552322388, -16.8060150146, 1.35881638527, -0.0368475727737, 72.9371032715, 10.2617540359, -3.03534793854, 192.052032471, 31.8072357178, -42.1540107727, -4.45311403275], [-212.461761475, -11.4939451218, 106.261360168, 17.2362594604, 40.6555137634, 73.848739624, 21.1061058044, 21.4556484222, 41.0678634644, 31.8072357178, 119.85193634, 23.6349449158, 14.4021139145], [-39.5194892883, -23.5584449768, 47.2691116333, 75.9646453857, 35.4091758728, -11.2414779663, -26.3371810913, 4.59165477753, 39.4054336548, -42.1540107727, 23.6349449158, 132.204315186, 34.8992805481], [-22.5138835907, 47.5101585388, -11.7228393555, 3.8459584713, 9.61305618286, -0.0635822564363, -2.89991617203, 2.76740527153, 18.7685203552, -4.45311403275, 14.4021139145, 34.8992805481, 85.451675415]],
        "icov": [[0.00122653052676, -0.000816615822259, 0.00177468638867, -0.0012753077317, 0.00164192775264, -0.0016335810069, 0.00183200417086, -0.00177754065953, 0.00180131068919, -0.00159528967924, 0.00110955431592, -0.00130900624208, 0.000880687090103], [-0.000816615822259, 0.00341894035228, -0.000954469083808, 0.00139587570447, -0.00236613652669, 0.00232704426162, -0.00320438644849, 0.00395577587187, -0.00204193009995, 0.00224054441787, -0.00128099694848, 0.00213808310218, -0.00237081572413], [0.00177468638867, -0.000954469083808, 0.00455787871033, -0.001478109858, 0.00107812019996, -0.00386077584699, 0.00291516585276, -0.00305842072703, 0.00240140012465, -0.00082182692131, 0.000833335856441, -0.00196684338152, 0.00185643415898], [-0.0012753077317, 0.00139587570447, -0.001478109858, 0.00494186673313, -0.00330942776054, 0.00170989788603, -0.00181551126298, 0.00151963287499, -0.00204793550074, 0.00186603388283, -0.00109170540236, -0.000316313555231, -0.000414312991779], [0.00164192775264, -0.00236613652669, 0.00107812019996, -0.00330942776054, 0.00849569309503, -0.000904920569155, 0.00170652917586, -0.00337818125263, 0.00119898084085, -0.00288975448348, 0.000772148021497, -0.0021458985284, 0.00158823060337], [-0.0016335810069, 0.00232704426162, -0.00386077584699, 0.00170989788603, -0.000904920569155, 0.00883711781353, -0.00419984199107, 0.00322902062908, -0.00436975853518, 0.00254882872105, -0.00413461448625, 0.00381433242001, -0.00223790039308], [0.00183200417086, -0.00320438644849, 0.00291516585276, -0.00181551126298, 0.00170652917586, -0.00419984199107, 0.00913719460368, -0.00502184033394, 0.00410815281793, -0.00465166894719, 0.00193880032748, -0.00258466671221, 0.00260764034465], [-0.00177754065953, 0.00395577587187, -0.00305842072703, 0.00151963287499, -0.00337818125263, 0.00322902062908, -0.00502184033394, 0.0120022911578, -0.00447493884712, 0.00272317742929, -0.00187882850878, 0.00357900816016, -0.00335260829888], [0.00180131068919, -0.00204193009995, 0.00240140012465, -0.00204793550074, 0.00119898084085, -0.00436975853518, 0.00410815281793, -0.00447493884712, 0.0113389967009, -0.00322083616629, 0.00118591624778, -0.00410815188661, 0.000997299212031], [-0.00159528967924, 0.00224054441787, -0.00082182692131, 0.00186603388283, -0.00288975448348, 0.00254882872105, -0.00465166894719, 0.00272317742929, -0.00322083616629, 0.0103850560263, -0.00478884810582, 0.0046723508276, -0.00163432443514], [0.00110955431592, -0.00128099694848, 0.000833335856441, -0.00109170540236, 0.000772148021497, -0.00413461448625, 0.00193880032748, -0.00187882850878, 0.00118591624778, -0.00478884810582, 0.0135318012908, -0.00398465525359, 4.13868474425e-05], [-0.00130900624208, 0.00213808310218, -0.00196684338152, -0.000316313555231, -0.0021458985284, 0.00381433242001, -0.00258466671221, 0.00357900816016, -0.00410815188661, 0.0046723508276, -0.00398465525359, 0.0135701447725, -0.00547339813784], [0.000880687090103, -0.00237081572413, 0.00185643415898, -0.000414312991779, 0.00158823060337, -0.00223790039308, 0.00260764034465, -0.00335260829888, 0.000997299212031, -0.00163432443514, 4.13868474425e-05, -0.00547339813784, 0.0154669582844]]
    },
    "spectral_contrast_coeffs": {
        "max": [-0.308443576097, -0.498004734516, -0.466254353523, -0.577433526516, -0.571938753128, -0.553025901318],
        "mean": [-0.620254456997, -0.728744208813, -0.733543097973, -0.790618777275, -0.794996380806, -0.789287388325],
        "min": [-0.915777087212, -0.92908757925, -0.908553481102, -0.936914205551, -0.903615653515, -0.900552630424],
        "stdev": [0.100987814367, 0.0744103267789, 0.0760372057557, 0.0593810603023, 0.0601383969188, 0.0527151972055]
    },
    "spectral_contrast_valleys": {
        "max": [-5.22753334045, -4.58176088333, -5.53204774857, -6.45247220993, -6.48022031784, -9.23827934265],
        "mean": [-7.11252307892, -6.81456851959, -7.77825593948, -8.43274116516, -8.5796957016, -11.9410200119],
        "min": [-9.32835865021, -9.36335372925, -9.9707069397, -10.8674497604, -10.5219287872, -12.5211601257],
        "stdev": [0.665929853916, 0.804931521416, 0.773325800896, 0.797845721245, 0.801516532898, 0.44406285882]
    }
},
"rhythm": {
    "beats_count": 81,
    "beats_loudness": {
        "max": 0.0824491232634,
        "mean": 0.0340902395546,
        "min": 0.00222759903409,
        "stdev": 0.0192604940385
    },
    "bpm": 100.987693787,
    "bpm_histogram_first_peak_bpm": 101,
    "bpm_histogram_first_peak_weight": 0.5625,
    "bpm_histogram_second_peak_bpm": 0,
    "bpm_histogram_second_peak_spread": 0,
    "bpm_histogram_second_peak_weight": 0,
    "danceability": 1.11608493328,
    "onset_rate": 3.076171875,
    "beats_loudness_band_ratio": {
        "max": [0.850270032883, 0.930381655693, 0.702558398247, 0.667372643948, 0.247321739793, 0.175986796618],
        "mean": [0.236401692033, 0.491324067116, 0.215277031064, 0.0990115255117, 0.0325107350945, 0.0134652676061],
        "min": [0.0102529488504, 0.0696355104446, 0.00534798623994, 0.00311694620177, 0.000716092938092, 0.000315228098771],
        "stdev": [0.25000166893, 0.2249199301, 0.139997035265, 0.118027575314, 0.0516708083451, 0.0248227138072]
    },
