{
"metadata": {
    "version": {
        "essentia": "2.1-beta5",
        "essentia_git_sha": "Undefined",
        "extractor": "music 2.0"
    },
    "audio_properties": {
        "analysis": {
            "equal_loudness": 0,
            "length": 25.0195007324,
            "sample_rate": 44100,
            "start_time": 191.4949646,
            "downmix": "mix"
        },
        "bit_rate": 192000,
        "length": 216.537689209,
        "lossless": 0,
        "number_channels": 2,
        "replay_gain": -7.10387039185,
        "sample_rate": 48000,
        "codec": "mp3",
        "md5_encoded": "a5dd715a644cf17ee9e93c1a8ff13629"
    },
    "tags": {
        "file_name": "Cyprus_Sti Fotia_Alexandros Panayi.mp3",
        "encoding": ["Lavf58.29.100"]
    }
},
"lowlevel": {
    "average_loudness": 0.429117292166,
    "barkbands_crest": {
        "max": 20.547454834,
        "mean": 7.37790679932,
        "min": 2.56193828583,
        "stdev": 2.41771745682
    },
    "barkbands_flatness_db": {
        "max": 0.239070147276,
        "mean": 0.107148528099,
        "min": 0.043570484966,
        "stdev": 0.0398789644241
    },
    "barkbands_kurtosis": {
        "max": 10.0729370117,
        "mean": 1.951623559,
        "min": -1.74585044384,
        "stdev": 1.70858311653
    },
    "barkbands_skewness": {
        "max": 2.71379160881,
        "mean": -0.413653403521,
        "min": -2.23826026917,
        "stdev": 1.29254329205
    },
    "barkbands_spread": {
        "max": 63.4419631958,
        "mean": 21.7258052826,
        "min": 3.67379236221,
        "stdev": 9.16319942474
    },
    "dissonance": {
        "max": 0.499999910593,
        "mean": 0.481560766697,
        "min": 0.319465130568,
        "stdev": 0.0218951459974
    },
    "dynamic_complexity": 3.99719142914,
    "erbbands_crest": {
        "max": 20.4712810516,
        "mean": 6.94171762466,
        "min": 2.63693284988,
        "stdev": 4.06223344803
    },
    "erbbands_flatness_db": {
        "max": 0.329834789038,
        "mean": 0.159111529589,
        "min": 0.0815501585603,
        "stdev": 0.063860848546
    },
    "erbbands_kurtosis": {
        "max": 9.39537715912,
        "mean": 0.827014088631,
        "min": -1.69311666489,
        "stdev": 1.44368302822
    },
    "erbbands_skewness": {
        "max": 2.50482487679,
        "mean": 0.117024980485,
        "min": -1.52220594883,
        "stdev": 0.775206148624
    },
    "erbbands_spread": {
        "max": 81.952835083,
        "mean": 28.3515453339,
        "min": 7.23918533325,
        "stdev": 12.237575531
    },
    "hfc": {
        "max": 85.7891998291,
        "mean": 19.1829071045,
        "min": 1.04023739058e-16,
        "stdev": 22.0154647827
    },
    "loudness_ebu128": {
        "integrated": -14.7444190979,
        "loudness_range": 8.60285282135,
        "momentary": {
            "max": -12.4295253754,
            "mean": -133.904296875,
            "min": -300.691009521,
            "stdev": 139.397735596
        },
        "short_term": {
            "max": -13.7909011841,
            "mean": -115.428207397,
            "min": -300.691009521,
            "stdev": 133.84677124
        }
    },
    "melbands_crest": {
        "max": 21.480304718,
        "mean": 6.67294454575,
        "min": 1.54412281513,
        "stdev": 4.53351831436
    },
    "melbands_flatness_db": {
        "max": 0.238973557949,
        "mean": 0.0885431915522,
        "min": 0.00275395973586,
        "stdev": 0.0735781863332
    },
    "melbands_kurtosis": {
        "max": 20.0228214264,
        "mean": 1.06120073795,
        "min": -1.45075666904,
        "stdev": 2.95361232758
    },
    "melbands_skewness": {
        "max": 3.91701889038,
        "mean": 0.605440616608,
        "min": -0.663959503174,
        "stdev": 0.794408977032
    },
    "melbands_spread": {
        "max": 161.972503662,
        "mean": 71.2900314331,
        "min": 5.50359869003,
        "stdev": 53.3976364136
    },
    "pitch_salience": {
        "max": 0.935134768486,
        "mean": 0.705334842205,
        "min": 0.38091930747,
        "stdev": 0.102966368198
    },
    "silence_rate_20dB": {
        "max": 1,
        "mean": 1,
        "min": 1,
        "stdev": 0
    },
    "silence_rate_30dB": {
        "max": 1,
        "mean": 1,
        "min": 1,
        "stdev": 0
    },
    "silence_rate_60dB": {
        "max": 1,
        "mean": 0.468952745199,
        "min": 0,
        "stdev": 0.499036222696
    },
    "spectral_centroid": {
        "max": 11791.6191406,
        "mean": 5527.19628906,
        "min": 689.448486328,
        "stdev": 4673.83447266
    },
    "spectral_complexity": {
        "max": 52,
        "mean": 14.6181650162,
        "min": 0,
        "stdev": 14.3587398529
    },
    "spectral_decrease": {
        "max": 2.64117651083e-28,
        "mean": -4.25788071468e-09,
        "min": -1.86828597037e-08,
        "stdev": 4.88857532233e-09
    },
    "spectral_energy": {
        "max": 0.0781922787428,
        "mean": 0.0178101751953,
        "min": 9.81438326126e-21,
        "stdev": 0.0203339736909
    },
    "spectral_energyband_high": {
        "max": 0.0125031778589,
        "mean": 0.000548535084818,
        "min": 6.94625404068e-21,
        "stdev": 0.00103642162867
    },
    "spectral_energyband_low": {
        "max": 0.04449211061,
        "mean": 0.00207386538386,
        "min": 8.30985683129e-24,
        "stdev": 0.00398888904601
    },
    "spectral_energyband_middle_high": {
        "max": 0.0559387505054,
        "mean": 0.0096389548853,
        "min": 1.16463445664e-21,
        "stdev": 0.0124062690884
    },
    "spectral_energyband_middle_low": {
        "max": 0.0477876923978,
        "mean": 0.00610552914441,
        "min": 1.25393277904e-22,
        "stdev": 0.00791581347585
    },
    "spectral_entropy": {
        "max": 9.82873058319,
        "mean": 8.59173202515,
        "min": 7.19321727753,
        "stdev": 1.039945364
    },
    "spectral_flux": {
        "max": 0.198758989573,
        "mean": 0.0584571845829,
        "min": 6.29981344868e-11,
        "stdev": 0.0588756278157
    },
    "spectral_kurtosis": {
        "max": 15.1175136566,
        "mean": 1.89419734478,
        "min": -1.27067565918,
        "stdev": 3.15976047516
    },
    "spectral_rms": {
        "max": 0.00873413681984,
        "mean": 0.00296684144996,
        "min": 3.09435094735e-12,
        "stdev": 0.00292806071229
    },
    "spectral_rolloff": {
        "max": 19832.0800781,
        "mean": 8929.01464844,
        "min": 538.330078125,
        "stdev": 8405.31445312
    },
    "spectral_skewness": {
        "max": 2.80399656296,
        "mean": 0.875233888626,
        "min": -0.095478631556,
        "stdev": 0.802794098854
    },
    "spectral_spread": {
        "max": 43242680,
        "mean": 19193754,
        "min": 2408533.5,
        "stdev": 18148264
    },
    "spectral_strongpeak": {
        "max": 11.0143537521,
        "mean": 1.08337211609,
        "min": 0,
        "stdev": 1.56129693985
    },
    "zerocrossingrate": {
        "max": 0.69873046875,
        "mean": 0.251248538494,
        "min": 0.03662109375,
        "stdev": 0.21422547102
    },
    "barkbands": {
        "max": [0.000648485380225, 0.013911286369, 0.034032791853, 0.00926056969911, 0.0223716553301, 0.0229380279779, 0.0118256742135, 0.039991132915, 0.0211578663439, 0.0332648791373, 0.0477967560291, 0.0233027115464, 0.0197919216007, 0.0092916963622, 0.0091864624992, 0.0157393943518, 0.00963816605508, 0.00358844944276, 0.00442087417468, 0.00276415399276, 0.00326057057828, 0.00642824778333, 0.00305817625485, 0.00229449407198, 0.000765769684222, 0.000189371450688, 5.3130293054e-07],
        "mean": [2.0534505893e-05, 0.000660038902424, 0.00108669651672, 0.000655098934658, 0.00107482122257, 0.000696947972756, 0.000612023693975, 0.000764405820519, 0.00172736146487, 0.00155789789278, 0.00361022097059, 0.00127093703486, 0.00113276275806, 0.000679679680616, 0.000390961882658, 0.00042351972661, 0.000264254660578, 0.000350948685082, 0.000196104636416, 0.000160056122695, 0.000145214580698, 0.000163965421962, 9.5153300208e-05, 4.75008237117e-05, 1.86123070307e-05, 4.45176829089e-06, 1.00415276094e-08],
        "min": [1.32901418159e-25, 8.54000798647e-25, 6.50843378965e-25, 6.93251555154e-25, 5.19336716191e-24, 3.50841548862e-24, 3.10722923122e-24, 3.04785048759e-24, 8.4561786963e-24, 1.07398032214e-23, 5.88083538055e-24, 1.41587579391e-23, 1.78252477425e-23, 2.34291657296e-23, 3.68148447148e-23, 5.5157829758e-23, 4.71554101653e-23, 8.78920358496e-23, 1.19993947838e-22, 1.30188769658e-22, 2.29592905133e-22, 2.70540188233e-22, 3.2887179474e-22, 5.09186465012e-22, 8.352441594e-22, 1.20984009925e-21, 1.67498066077e-21],
        "stdev": [4.67586178274e-05, 0.00142743682954, 0.00259458296932, 0.00117913179565, 0.00201456481591, 0.00175033824053, 0.00127128907479, 0.00226425891742, 0.00294571183622, 0.00344171584584, 0.00681007374078, 0.00253147701733, 0.0021783199627, 0.00114846578799, 0.00068220065441, 0.00120100018103, 0.000639888923615, 0.000527297379449, 0.000384727929486, 0.000272847857559, 0.000275348429568, 0.000394355040044, 0.000219197565457, 0.000136868227855, 4.94793530379e-05, 1.17133540698e-05, 4.30822311159e-08]
    },
    "erbbands": {
        "max": [0.407287180424, 3.90448021889, 24.7856502533, 51.3621177673, 64.5628509521, 78.9207229614, 150.294403076, 245.71647644, 130.094406128, 469.270019531, 469.218292236, 636.858825684, 1206.00976562, 1112.40930176, 1453.70837402, 886.66229248, 938.756347656, 509.69821167, 273.725830078, 557.126525879, 858.571105957, 631.763793945, 176.437072754, 153.555999756, 232.87046814, 104.404518127, 114.091262817, 200.501998901, 272.38369751, 157.438461304, 87.8221435547, 53.8673706055, 31.1367073059, 11.1600189209, 3.64036679268, 0.809929192066, 0.398263305426, 0.0259252320975, 0.000543963222299, 9.89263644442e-05],
        "mean": [0.0137444101274, 0.177251860499, 0.983385443687, 1.96350669861, 3.41004371643, 3.41194939613, 4.20647287369, 5.74208021164, 5.52569961548, 15.8540210724, 19.8916397095, 33.2164611816, 56.8131752014, 86.5437316895, 106.969810486, 57.1554832458, 52.8474349976, 39.77186203, 20.2989826202, 27.106338501, 19.547876358, 16.6513595581, 16.2967720032, 15.5245361328, 9.13283538818, 7.89619827271, 5.79017591476, 5.93748426437, 6.22455120087, 4.37046194077, 2.42526865005, 1.27403557301, 0.637959003448, 0.268700569868, 0.10606341064, 0.0304473433644, 0.00673245918006, 0.000308151211357, 1.96228938876e-05, 2.29243469221e-05],
        "min": [2.35087507509e-23, 2.95302771862e-22, 1.77735445997e-21, 5.11486606706e-21, 9.00765436623e-21, 2.34385374729e-20, 2.06706263534e-20, 5.29113445897e-20, 8.51848237019e-20, 1.03998768853e-19, 1.55684154227e-19, 2.09909384747e-19, 3.23248173014e-19, 4.79756483475e-19, 6.25960605045e-19, 8.34186211956e-19, 1.20220610431e-18, 1.51278978026e-18, 2.06541456844e-18, 1.63388685058e-18, 3.14866010655e-18, 3.30003932853e-18, 4.46669713922e-18, 4.26163120715e-18, 6.51954683416e-18, 6.69787622088e-18, 7.74294737371e-18, 8.25416236306e-18, 8.73228102893e-18, 1.04371962243e-17, 9.99761838477e-18, 1.01798082234e-17, 8.72931724079e-18, 8.27590232392e-18, 5.93926102289e-18, 3.94350622896e-18, 1.9950564467e-18, 8.34046263336e-19, 2.20400257962e-19, 2.67987276824e-20],
        "stdev": [0.031643871218, 0.371602267027, 2.11986398697, 3.998939991, 6.19787120819, 7.43220758438, 10.3260612488, 15.3699865341, 10.1800670624, 37.3784866333, 45.9341583252, 64.2386398315, 116.870529175, 152.431762695, 192.808288574, 101.898757935, 100.694572449, 62.8034629822, 32.5328445435, 47.6777534485, 67.7389831543, 42.0752182007, 22.6752796173, 22.7567081451, 18.8364105225, 13.6015396118, 10.7369775772, 12.4656829834, 14.8464479446, 11.2337865829, 5.54046487808, 3.58550310135, 1.83933782578, 0.755955696106, 0.249562308192, 0.0703651756048, 0.0216919742525, 0.00124837865587, 3.42494058714e-05, 2.58585187112e-05]
    },
    "gfcc": {
        "mean": [-530.047729492, 47.7560424805, -98.9691848755, 10.3534183502, -43.2642860413, 16.0060691833, -17.6410140991, 4.61029195786, -15.0680980682, -3.78472995758, -9.39440250397, -1.56506252289, -5.20829057693],
        "cov": [[398479.125, 26834.3632812, -51623.59375, 6464.91015625, -22991.6484375, 8563.95800781, -9279.54199219, 2317.54272461, -8226.71386719, -2118.42822266, -4957.54833984, -768.97064209, -3009.71777344], [26834.3632812, 2351.67333984, -2998.70605469, 717.398620605, -1412.64880371, 551.729492188, -514.456115723, 86.3427734375, -580.830688477, -201.198989868, -265.060852051, -72.4325256348, -272.053527832], [-51623.59375, -2998.70605469, 7819.66162109, -274.458709717, 3163.83496094, -1147.1895752, 1283.41162109, -388.798614502, 1016.82806396, 269.828399658, 691.836242676, 151.333709717, 258.609863281], [6464.91015625, 717.398620605, -274.458709717, 484.460296631, -270.910217285, 106.438819885, -126.127967834, -33.881439209, -150.672698975, -44.0393295288, -62.5889816284, 3.34524655342, -111.292549133], [-22991.6484375, -1412.64880371, 3163.83496094, -270.910217285, 1424.13476562, -491.025512695, 573.284301758, -152.017837524, 459.424072266, 112.984420776, 301.672454834, 45.7370262146, 149.353149414], [8563.95800781, 551.729492188, -1147.1895752, 106.438819885, -491.025512695, 234.929855347, -174.465820312, 59.0967445374, -179.500991821, -49.5607032776, -104.406440735, -19.4615535736, -65.3335037231], [-9279.54199219, -514.456115723, 1283.41162109, -126.127967834, 573.284301758, -174.465820312, 306.592529297, -52.9566574097, 181.929733276, 29.2640571594, 139.057556152, 9.97461032867, 51.7124710083], [2317.54272461, 86.3427734375, -388.798614502, -33.881439209, -152.017837524, 59.0967445374, -52.9566574097, 61.6542358398, -33.7752914429, 0.97368401289, -33.0691490173, -5.03679084778, -5.95577192307], [-8226.71386719, -580.830688477, 1016.82806396, -150.672698975, 459.424072266, -179.500991821, 181.929733276, -33.7752914429, 211.258117676, 54.8333129883, 95.4780197144, 12.7378816605, 72.4350891113], [-2118.42822266, -201.198989868, 269.828399658, -44.0393295288, 112.984420776, -49.5607032776, 29.2640571594, 0.97368401289, 54.8333129883, 48.9332046509, 26.2180843353, 15.8887748718, 21.2169055939], [-4957.54833984, -265.060852051, 691.836242676, -62.5889816284, 301.672454834, -104.406440735, 139.057556152, -33.0691490173, 95.4780197144, 26.2180843353, 104.182754517, 22.0534210205, 30.4526138306], [-768.97064209, -72.4325256348, 151.333709717, 3.34524655342, 45.7370262146, -19.4615535736, 9.97461032867, -5.03679084778, 12.7378816605, 15.8887748718, 22.0534210205, 37.9923248291, 5.69656944275], [-3009.71777344, -272.053527832, 258.609863281, -111.292549133, 149.353149414, -65.3335037231, 51.7124710083, -5.95577192307, 72.4350891113, 21.2169055939, 30.4526138306, 5.69656944275, 65.718963623]],
        "icov": [[0.000419256801251, -0.00133920670487, 0.000955235329457, -0.00109562522266, 0.00142773333937, -0.00137131812517, 0.000580208201427, -0.00133594672661, 0.00161123287398, -0.00114988419227, 0.00178983574733, -0.00174081732985, 0.000773736624978], [-0.00133920670487, 0.00899007637054, -0.0015524426708, -0.00186638580635, -0.00370007613674, 0.00502285081893, -0.00351552525535, 0.00269049219787, -0.00314328866079, 0.00806733779609, -0.0116400932893, 0.00901818089187, 0.000717111339327], [0.000955235329457, -0.0015524426708, 0.00549632729962, -0.00620458927006, -0.000534946564585, 0.000216940345126, -0.00175835227128, -0.00255246530287, 0.0027480146382, -0.00308893853799, 0.00264247902669, -0.0060123577714, 0.00503314193338], [-0.00109562522266, -0.00186638580635, -0.00620458927006, 0.0146782333031, -0.00205018767156, 0.000567319453694, 0.0029815803282, 0.00876797828823, -0.00438514864072, -0.000734956935048, 0.00276958895847, 0.00118747947272, -0.00127368059475], [0.00142773333937, -0.00370007613674, -0.000534946564585, -0.00205018767156, 0.019292159006, -0.00327159580775, -0.00316267926246, -0.00107206264511, 0.00429720431566, -0.00389924366027, 0.00321149919182, -0.0016077515902, -0.000828913412988], [-0.00137131812517, 0.00502285081893, 0.000216940345126, 0.000567319453694, -0.00327159580775, 0.0286305733025, -0.0106943845749, 0.000170617451658, -5.15393112437e-05, 0.00337008852512, -0.00316318566911, 0.00238726474345, 0.0026538122911], [0.000580208201427, -0.00351552525535, -0.00175835227128, 0.0029815803282, -0.00316267926246, -0.0106943845749, 0.0244524981827, -0.00637612305582, -0.000277478276985, 0.00711331935599, -0.00687842909247, 0.00371788186021, 0.00159848853946], [-0.00133594672661, 0.00269049219787, -0.00255246530287, 0.00876797828823, -0.00107206264511, 0.000170617451658, -0.00637612305582, 0.0381781198084, -0.00966496299952, -0.00882596336305, 0.000189999569557, 0.00255080661736, -0.000875972851645], [0.00161123287398, -0.00314328866079, 0.0027480146382, -0.00438514864072, 0.00429720431566, -5.15393112437e-05, -0.000277478276985, -0.00966496299952, 0.0331213586032, -0.0105855632573, 0.00601239083335, 5.53697973373e-05, -0.00381670636125], [-0.00114988419227, 0.00806733779609, -0.00308893853799, -0.000734956935048, -0.00389924366027, 0.00337008852512, 0.00711331935599, -0.00882596336305, -0.0105855632573, 0.0480315089226, -0.014078010805, -0.00053678418044, 0.000190859878785], [0.00178983574733, -0.0116400932893, 0.00264247902669, 0.00276958895847, 0.00321149919182, -0.00316318566911, -0.00687842909247, 0.000189999569557, 0.00601239083335, -0.014078010805, 0.0493161156774, -0.0251917596906, 0.000311080628308], [-0.00174081732985, 0.00901818089187, -0.0060123577714, 0.00118747947272, -0.0016077515902, 0.00238726474345, 0.00371788186021, 0.00255080661736, 5.53697973373e-05, -0.00053678418044, -0.0251917596906, 0.050368655473, -0.00596938282251], [0.000773736624978, 0.000717111339327, 0.00503314193338, -0.00127368059475, -0.000828913412988, 0.0026538122911, 0.00159848853946, -0.000875972851645, -0.00381670636125, 0.000190859878785, 0.000311080628308, -0.00596938282251, 0.0393600352108]]
    },
    "melbands": {
        "max": [0.00344996363856, 0.0094985421747, 0.00711349630728, 0.00567571725696, 0.00457082455978, 0.00495543191209, 0.00184739241377, 0.00716094346717, 0.00362586346455, 0.00348936324008, 0.00610251072794, 0.0042967540212, 0.0066979941912, 0.0028124875389, 0.00345257576555, 0.00122117146384, 0.00106673850678, 0.000467297883006, 0.000804905721452, 0.000971964909695, 0.000815663137473, 0.000810397672467, 0.000210369806155, 0.000185708719073, 0.000134302201332, 0.000222868155106, 0.000168587852386, 7.20203315723e-05, 9.35006901273e-05, 8.6281215772e-05, 0.000145311889355, 0.000194239648408, 0.000111063396616, 7.49312384869e-05, 4.85210002807e-05, 4.97536857438e-05, 3.75191339117e-05, 2.78721618088e-05, 1.54979388753e-05, 7.47822059566e-06],
        "mean": [0.000154049455887, 0.000427575258072, 0.000389218592318, 0.000243325019255, 0.000147670769366, 0.000129735009978, 9.36465221457e-05, 0.000173241365701, 0.000177537833224, 0.000224944073125, 0.000279993721051, 0.000320891471347, 0.000470624974696, 0.000118636417028, 0.000183774754987, 8.8558466814e-05, 7.01557364664e-05, 3.21660518239e-05, 3.28849928337e-05, 3.28817659465e-05, 1.97947720153e-05, 1.71686042449e-05, 1.29153058879e-05, 1.81785617315e-05, 1.19757260109e-05, 7.27521910449e-06, 5.79193283556e-06, 4.80320341012e-06, 3.57623798664e-06, 3.35059326062e-06, 3.3272544897e-06, 3.55042379852e-06, 3.10529730996e-06, 2.21533264266e-06, 1.53239886913e-06, 9.32639807161e-07, 6.90231217959e-07, 4.7684858373e-07, 3.00538573583e-07, 2.00308051035e-07],
        "min": [2.82571973054e-25, 1.05074300423e-24, 9.12850709645e-25, 9.18224923169e-25, 7.14545228265e-25, 9.34177169787e-25, 1.19118351676e-24, 1.20789888769e-24, 1.37040896733e-24, 1.27215220007e-24, 1.38659678754e-24, 2.00486218327e-24, 1.85747338389e-24, 2.02850927498e-24, 9.75421578925e-25, 2.21165516704e-24, 2.54314260524e-24, 2.02155526889e-24, 2.49450183626e-24, 2.04445807033e-24, 3.16464982486e-24, 2.55344315651e-24, 3.03733161907e-24, 3.64970757649e-24, 2.39224751635e-24, 3.59044518985e-24, 3.67558181975e-24, 3.1215076136e-24, 3.67576010232e-24, 4.75679575974e-24, 3.26778845784e-24, 3.47089568625e-24, 4.84861404151e-24, 4.95935946298e-24, 4.7530273712e-24, 5.54554898545e-24, 5.70453995659e-24, 4.84479043271e-24, 5.82384925205e-24, 5.66298197524e-24],
        "stdev": [0.00034123918158, 0.000859771273099, 0.000690528366249, 0.000468144658953, 0.000329156697262, 0.000332059426, 0.000174791872269, 0.00044248017366, 0.000395129434764, 0.000405143771786, 0.000590392621234, 0.000577154685743, 0.000888862239663, 0.000235842293478, 0.000389063818147, 0.000153011453222, 0.000117126081022, 5.76935344725e-05, 5.83671353525e-05, 7.45973811718e-05, 7.10733947926e-05, 4.87233301101e-05, 2.16368080146e-05, 2.8612495953e-05, 1.81227751455e-05, 1.78696063813e-05, 1.07999112515e-05, 8.61171338329e-06, 7.2043126238e-06, 6.58776662021e-06, 7.55003702579e-06, 9.11870210984e-06, 7.78846060712e-06, 5.69970416109e-06, 3.37095184477e-06, 2.5400222512e-06, 2.10463599615e-06, 1.43804879826e-06, 9.38702328313e-07, 5.4669334304e-07]
    },
    "melbands128": {
        "max": [0.000611346855294, 0.00324695557356, 0.00541581166908, 0.00806453637779, 0.00818628072739, 0.0197386741638, 0.0125792343169, 0.0045506907627, 0.00722140958533, 0.00798211153597, 0.00532113667578, 0.00390943977982, 0.00635358784348, 0.00736227771267, 0.00783432926983, 0.00724158249795, 0.00213290401734, 0.0013565691188, 0.00361620122567, 0.00488652428612, 0.0164305828512, 0.00665123667568, 0.00475469278172, 0.00650713965297, 0.00821039453149, 0.00536331906915, 0.00821377895772, 0.00984060484916, 0.00626777950674, 0.00566141773015, 0.00724674575031, 0.0141870966181, 0.0131272142753, 0.00393198151141, 0.00733727496117, 0.00280437758192, 0.00302703678608, 0.00705987541005, 0.00522320903838, 0.00241190055385, 0.00190041866153, 0.00151348800864, 0.00220368988812, 0.001794221811, 0.000864085159265, 0.000664173450787, 0.000461216288386, 0.000568579358514, 0.00204757833853, 0.00129694130737, 0.000632844341453, 0.00368215003982, 0.00169590674341, 0.000624606618658, 0.000701955170371, 0.00154213467613, 0.00105082942173, 0.000363834638847, 0.000316037476296, 0.000115920542157, 0.000234590246691, 0.000512629572768, 0.000295704114251, 0.000159055212862, 0.000302658154396, 0.000442249816842, 0.000378777767764, 0.000103571321233, 0.0003684219555, 0.000123776058899, 0.000107450287032, 4.17031187681e-05, 0.000137856826768, 9.07781941351e-05, 8.25568713481e-05, 6.41518927296e-05, 0.000163231350598, 9.2712121841e-05, 0.000172131811269, 0.000163456294104, 0.000285475281999, 0.000180889954208, 0.000104892103991, 0.000149776780745, 0.000117957031762, 9.84262951533e-05, 6.077526632e-05, 6.56515403534e-05, 4.71163693874e-05, 5.59903346584e-05, 3.70363959519e-05, 6.39411227894e-05, 4.81856368424e-05, 3.34225696861e-05, 4.60785631731e-05, 4.2634048441e-05, 2.41407669819e-05, 2.13394396269e-05, 1.88371868717e-05, 1.62522428582e-05, 1.35842610689e-05, 6.29885153103e-06, 6.70536701364e-06, 3.72210615751e-06, 4.52029962617e-06, 5.63119965591e-06, 2.35811148741e-06, 1.94940957954e-06, 1.04768184883e-06, 1.82140854577e-06, 1.24067798879e-06, 1.75472007413e-06, 1.78890161351e-06, 1.3104458958e-06, 4.65283591211e-07, 1.01420276621e-07, 2.24485585676e-08, 3.1399643996e-10, 3.50739576271e-10, 3.69020924929e-10, 3.84157067268e-10, 3.91229409979e-10, 3.98789751221e-10, 4.09413891678e-10, 4.14875439558e-10, 4.14386330805e-10, 4.17603063241e-10, 4.18292844806e-10],
        "mean": [1.68042170117e-05, 8.5857900558e-05, 0.000200768176001, 0.000304060871713, 0.000429764360888, 0.000572869495954, 0.000390572706237, 0.00033750696457, 0.000385930004995, 0.000218950342969, 0.000188940699445, 0.000132640241645, 0.000127865787363, 0.000183727388503, 0.000136036076583, 0.000102678452095, 7.90042613517e-05, 6.62865641061e-05, 0.000130380009068, 0.000222665272304, 0.000163973571034, 0.00013500865316, 0.000168670274434, 0.000238037522649, 0.000195443499251, 0.000183761469088, 0.000374836468836, 0.000282209919533, 0.000236808846239, 0.00017147163453, 0.000315717014018, 0.000682231155224, 0.000652669812553, 0.000164528391906, 0.000111989640573, 9.64642385952e-05, 0.00013742299052, 0.000264396017883, 0.000152944034198, 7.93475992396e-05, 7.12460750947e-05, 0.000105559905933, 8.2182326878e-05, 4.42529017164e-05, 4.37967137259e-05, 2.8058369935e-05, 2.13420335058e-05, 2.94069850497e-05, 3.24041648128e-05, 5.59475738555e-05, 2.00936301553e-05, 3.12631636916e-05, 2.52154186455e-05, 1.3047554603e-05, 1.04031050796e-05, 2.27277087106e-05, 1.77745732799e-05, 1.2743190382e-05, 1.18003436e-05, 1.09360134957e-05, 1.88154372154e-05, 2.54168262472e-05, 1.37829365485e-05, 8.25819824968e-06, 7.80400296208e-06, 7.79933634476e-06, 6.7966284405e-06, 4.9168793339e-06, 5.54645475859e-06, 6.56895326756e-06, 6.28070438324e-06, 2.48763649324e-06, 3.81612198908e-06, 3.67882853425e-06, 3.65012124348e-06, 2.77866752185e-06, 3.45788475897e-06, 4.23631172453e-06, 2.91362584903e-06, 3.00421083921e-06, 3.30883744937e-06, 4.04236925533e-06, 3.58985357707e-06, 3.16080081575e-06, 2.5233875931e-06, 2.27771079153e-06, 2.13156704376e-06, 2.01298303182e-06, 1.58918987836e-06, 1.11597796604e-06, 9.90251578514e-07, 8.30932890494e-07, 9.28106203446e-07, 7.08301911345e-07, 5.57357907383e-07, 4.77037303881e-07, 5.12704218636e-07, 3.9288914877e-07, 3.02399968177e-07, 2.386569804e-07, 2.48782583867e-07, 1.74716944912e-07, 1.80817792739e-07, 1.3498409146e-07, 1.27911022219e-07, 9.50088789864e-08, 6.94655710731e-08, 5.71239482383e-08, 4.58130315906e-08, 4.46549428545e-08, 3.76247974998e-08, 3.15187556055e-08, 2.02195327148e-08, 6.91475809944e-09, 2.93654278671e-09, 1.65430769083e-09, 4.19942441932e-10, 3.18049037627e-12, 2.9350853345e-12, 2.87998661377e-12, 2.82724755066e-12, 2.78170628892e-12, 2.7447438853e-12, 2.71085671272e-12, 2.65289006041e-12, 2.57820761268e-12, 2.5366356151e-12, 2.52168750291e-12],
        "min": [1.05377410982e-26, 1.88037865053e-25, 9.56492183577e-26, 2.99444130095e-25, 1.18115329826e-25, 2.14953897747e-25, 4.55101942046e-25, 2.98494218306e-25, 2.23760814848e-25, 1.47993904997e-25, 2.97925104466e-25, 1.12774840105e-25, 1.17735419344e-25, 3.88799390906e-25, 3.11448941395e-25, 3.31681645892e-25, 4.12565230834e-25, 2.57025575455e-25, 3.43355530042e-25, 2.50113329685e-25, 3.1550021053e-25, 3.75935263561e-25, 2.66807376724e-25, 6.46300329012e-25, 3.0895776796e-25, 5.10427518343e-25, 1.94607572627e-25, 6.19052185877e-25, 4.35912752615e-25, 7.91820957856e-25, 5.4713992158e-25, 8.61891872889e-25, 5.60930245583e-25, 4.57911519464e-25, 4.16267207151e-25, 6.98504678529e-25, 5.74294288875e-25, 3.23312300074e-25, 7.43804276455e-25, 9.59007257032e-25, 5.37395615856e-25, 7.9705825471e-25, 9.58736677742e-25, 6.69193466912e-25, 9.58439671611e-25, 1.20987784388e-24, 8.42688237443e-25, 9.94011677802e-25, 8.61507500413e-25, 7.526162965e-25, 1.28413420836e-24, 9.47031263807e-25, 1.12975156541e-24, 1.33076604444e-24, 1.10176514707e-24, 1.54465995965e-24, 1.567654762e-24, 1.55021038498e-24, 1.53794024525e-24, 1.94735678708e-24, 1.53770299533e-24, 1.45518656692e-24, 1.90596012779e-24, 1.87052489035e-24, 1.55699163054e-24, 1.4988355227e-24, 7.94190153674e-25, 1.80094301978e-24, 1.58484857708e-24, 2.14837570345e-24, 2.19985203296e-24, 1.78769883404e-24, 2.65378606644e-24, 1.46421093846e-24, 1.45129570772e-24, 2.23931539139e-24, 2.25745662842e-24, 2.29503737029e-24, 1.45686960166e-24, 2.35782774012e-24, 2.90513351971e-24, 2.54017924925e-24, 2.03049542953e-24, 2.66661333919e-24, 2.70236352934e-24, 2.19904068952e-24, 2.69643878951e-24, 3.23113699411e-24, 3.30345266215e-24, 2.5911690488e-24, 2.72281494552e-24, 3.04647589746e-24, 2.72423785338e-24, 2.6591335573e-24, 3.16415481465e-24, 2.70438952136e-24, 3.24604015433e-24, 3.41826959197e-24, 3.54028980793e-24, 3.24208796119e-24, 3.62102932715e-24, 3.5592425856e-24, 3.9508232782e-24, 3.82313627992e-24, 3.88367425465e-24, 4.33632185321e-24, 4.44368740013e-24, 4.07121528525e-24, 3.1125848079e-24, 4.3197648461e-24, 4.11669982175e-24, 4.4912490074e-24, 4.45817206964e-24, 3.23070903707e-24, 4.61458859322e-24, 4.65270359115e-24, 4.82941868911e-24, 4.23048077998e-24, 4.33753472685e-24, 4.81096762696e-24, 4.5601059148e-24, 4.40526514088e-24, 4.57278448727e-24, 4.61692441036e-24, 4.2541253079e-24, 5.10754106757e-24, 5.5344469515e-24, 4.18696326815e-24],
        "stdev": [4.02525001846e-05, 0.000215251071495, 0.000508566154167, 0.000671683053952, 0.000877300393768, 0.00143299659248, 0.000906711851712, 0.00060379417846, 0.000743442797102, 0.000557081890292, 0.000475118256873, 0.000312390882755, 0.000371685164282, 0.000528307282366, 0.000442811433459, 0.000300396874081, 0.000167460981174, 0.00014299423492, 0.000332886265824, 0.000541708490346, 0.000730277446564, 0.000516952190083, 0.000480437971419, 0.00063263438642, 0.000633351737633, 0.00039767040289, 0.000849490868859, 0.000778395100497, 0.000610373273958, 0.000459348753793, 0.00075345474761, 0.00154449988622, 0.00142998574302, 0.000357332144631, 0.000387232255889, 0.000247078889515, 0.000329384463839, 0.000670226174407, 0.000410854554502, 0.000237750573433, 0.000159656206961, 0.000201113143703, 0.000170705621713, 0.000113401132694, 9.20284437598e-05, 6.12899457337e-05, 4.52659696748e-05, 6.26411856501e-05, 9.12996110856e-05, 0.000119939017168, 4.34680878243e-05, 0.000215022140765, 0.000105243285361, 3.94206981582e-05, 3.1698258681e-05, 8.54292156873e-05, 5.44300346519e-05, 2.97557126032e-05, 2.23225906666e-05, 1.86392262549e-05, 3.31030896632e-05, 5.13562372362e-05, 2.69186202786e-05, 1.57070480782e-05, 2.13773109863e-05, 2.46230210905e-05, 2.33503378695e-05, 1.00321676655e-05, 1.66319077834e-05, 1.43255238072e-05, 1.26449349409e-05, 4.55303870694e-06, 9.27172277443e-06, 7.98216206022e-06, 8.31351917441e-06, 5.94500761508e-06, 8.39540734887e-06, 9.63287402556e-06, 7.68513200455e-06, 7.78757475928e-06, 1.08597087092e-05, 1.05823446575e-05, 8.04264436738e-06, 8.91498712008e-06, 7.82926326792e-06, 6.87327701598e-06, 5.06649712406e-06, 4.6115819714e-06, 3.56183318218e-06, 3.10793984681e-06, 2.62150661001e-06, 2.63150286628e-06, 2.81835013993e-06, 2.11497626879e-06, 2.13313683162e-06, 1.75307627615e-06, 1.52551388055e-06, 1.10292012323e-06, 1.0308756373e-06, 9.30285295908e-07, 7.8252980984e-07, 4.92177548495e-07, 4.48687870858e-07, 3.25532028e-07, 3.40284742606e-07, 2.92909760446e-07, 1.69807037764e-07, 1.43016833931e-07, 1.1770999464e-07, 1.12181417933e-07, 9.12428319566e-08, 1.02097509114e-07, 8.56997246501e-08, 5.61706450242e-08, 2.02514041092e-08, 6.78446676616e-09, 1.76497982896e-09, 1.14306134003e-11, 1.22219283305e-11, 1.26302657569e-11, 1.29733220694e-11, 1.31117573396e-11, 1.32731863695e-11, 1.35292367587e-11, 1.36481164911e-11, 1.36048490182e-11, 1.36754964991e-11, 1.36838951628e-11]
    },
    "mfcc": {
        "mean": [-889.803771973, 61.2655029297, -20.3049621582, -3.54554772377, -10.6775465012, 4.40310144424, 0.327192544937, 6.78208684921, -1.12433719635, -0.61430644989, -0.914910495281, -2.58097934723, -3.0267264843],
        "cov": [[107109.265625, 17463.140625, -4622.96728516, -179.628738403, -2789.72631836, 1483.12817383, 273.935058594, 2016.63537598, -482.565032959, -226.199859619, -213.371444702, -662.9609375, -798.620605469], [17463.140625, 3132.32958984, -673.621582031, 70.9856948853, -439.863006592, 277.601501465, 112.655799866, 371.808898926, -121.041793823, -39.2011871338, -9.99016952515, -99.335144043, -141.072311401], [-4622.96728516, -673.621582031, 948.228027344, 491.770050049, 280.818847656, 71.5547866821, 48.5583267212, -59.8919372559, -67.7847824097, -27.4119243622, 34.0350036621, 71.0389404297, 75.6999740601], [-179.628738403, 70.9856948853, 491.770050049, 420.382843018, 139.78477478, 101.797920227, 38.296836853, 4.65479040146, -61.0339012146, -30.420135498, 8.85506534576, 26.9210567474, 37.6662826538], [-2789.72631836, -439.863006592, 280.818847656, 139.78477478, 163.695083618, -2.60537791252, -4.79835891724, -60.05884552, -3.20203065872, -1.36044716835, -0.313803821802, 28.6866645813, 38.1698455811], [1483.12817383, 277.601501465, 71.5547866821, 101.797920227, -2.60537791252, 92.9267959595, 36.6074066162, 44.4761657715, -27.8130989075, -12.8378286362, 3.82286000252, -0.83876490593, -14.1824531555], [273.935058594, 112.655799866, 48.5583267212, 38.296836853, -4.79835891724, 36.6074066162, 86.7088928223, 36.7237586975, -23.184627533, -0.505234360695, 6.34688043594, 8.04959201813, -8.23657608032], [2016.63537598, 371.808898926, -59.8919372559, 4.65479040146, -60.05884552, 44.4761657715, 36.7237586975, 86.0356445312, -17.0389919281, -4.77225637436, 11.9335889816, -10.0307035446, -22.967754364], [-482.565032959, -121.041793823, -67.7847824097, -61.0339012146, -3.20203065872, -27.8130989075, -23.184627533, -17.0389919281, 55.1033401489, 17.5025978088, -2.61937379837, -8.31941890717, 1.41479146481], [-226.199859619, -39.2011871338, -27.4119243622, -30.420135498, -1.36044716835, -12.8378286362, -0.505234360695, -4.77225637436, 17.5025978088, 30.4346237183, 6.59965133667, -0.405949234962, -0.377722918987], [-213.371444702, -9.99016952515, 34.0350036621, 8.85506534576, -0.313803821802, 3.82286000252, 6.34688043594, 11.9335889816, -2.61937379837, 6.59965133667, 34.914932251, 8.91219234467, -2.50185251236], [-662.9609375, -99.335144043, 71.0389404297, 26.9210567474, 28.6866645813, -0.83876490593, 8.04959201813, -10.0307035446, -8.31941890717, -0.405949234962, 8.91219234467, 31.9519577026, 15.2536382675], [-798.620605469, -141.072311401, 75.6999740601, 37.6662826538, 38.1698455811, -14.1824531555, -8.23657608032, -22.967754364, 1.41479146481, -0.377722918987, -2.50185251236, 15.2536382675, 38.7315940857]],
        "icov": [[0.000164774202858, -0.000814513885416, -2.09010140679e-05, 0.000102329846413, 0.0005958614056, -0.000638572324533, 0.000736969115678, -0.000177843816346, -0.000251199264312, -2.29170673265e-05, 0.000752330757678, -7.33422057237e-05, -0.000311187555781], [-0.000814513885416, 0.00582282152027, 0.0019312115619, -0.00330608338118, -0.000265332724666, 0.00136789737735, -0.00284250942059, -0.00272393738851, 0.00334696192294, -0.00137295434251, -0.0025349711068, 0.000479193433421, 0.00190887239296], [-2.09010140679e-05, 0.0019312115619, 0.00651127938181, -0.00674514332786, -0.00118131574709, -0.000782108458225, -0.000806877971627, -0.00225664977916, 0.00292764347978, -0.000428627012298, -0.00261122034863, -0.00120231613982, -1.69081386048e-06], [0.000102329846413, -0.00330608338118, -0.00674514332786, 0.0144056780264, -0.00582042476162, -0.00508285546675, 0.000650295754895, 0.00363281695172, -0.000609533395618, 0.00338762719184, -0.000282903551124, 0.00358369736932, -0.0059650093317], [0.0005958614056, -0.000265332724666, -0.00118131574709, -0.00582042476162, 0.0247779693455, -0.00485615711659, 0.00349970743991, 0.00233780313283, -0.000956096046139, -0.00442965514958, 0.00726896803826, -0.0045869089663, -0.0025094745215], [-0.000638572324533, 0.00136789737735, -0.000782108458225, -0.00508285546675, -0.00485615711659, 0.0295696295798, -0.00688677513972, -0.00399573566392, -0.000441593641881, 0.00342058809474, -0.00145305949263, -0.00222837645561, 0.0108995707706], [0.000736969115678, -0.00284250942059, -0.000806877971627, 0.000650295754895, 0.00349970743991, -0.00688677513972, 0.0214088652283, -0.00964621361345, 0.00413914350793, -0.00624192412943, 0.00753364525735, -0.0057063610293, 0.00117093254812], [-0.000177843816346, -0.00272393738851, -0.00225664977916, 0.00363281695172, 0.00233780313283, -0.00399573566392, -0.00964621361345, 0.035652987659, -0.00284430361353, 0.00506271608174, -0.0126928417012, 0.00388155970722, 0.000417720031692], [-0.000251199264312, 0.00334696192294, 0.00292764347978, -0.000609533395618, -0.000956096046139, -0.000441593641881, 0.00413914350793, -0.00284430361353, 0.0327724069357, -0.0149442758411, 0.000153236280312, 0.00758592644706, -0.00246458197944], [-2.29170673265e-05, -0.00137295434251, -0.000428627012298, 0.00338762719184, -0.00442965514958, 0.00342058809474, -0.00624192412943, 0.00506271608174, -0.0149442758411, 0.0471364557743, -0.0123776011169, 0.00116940436419, -0.000891739036888], [0.000752330757678, -0.0025349711068, -0.00261122034863, -0.000282903551124, 0.00726896803826, -0.00145305949263, 0.00753364525735, -0.0126928417012, 0.000153236280312, -0.0123776011169, 0.0448082201183, -0.0143773434684, 0.00646805763245], [-7.33422057237e-05, 0.000479193433421, -0.00120231613982, 0.00358369736932, -0.0045869089663, -0.00222837645561, -0.0057063610293, 0.00388155970722, 0.00758592644706, 0.00116940436419, -0.0143773434684, 0.0521529056132, -0.0178432017565], [-0.000311187555781, 0.00190887239296, -1.69081386048e-06, -0.0059650093317, -0.0025094745215, 0.0108995707706, 0.00117093254812, 0.000417720031692, -0.00246458197944, -0.000891739036888, 0.00646805763245, -0.0178432017565, 0.0466463975608]]
    },
    "spectral_contrast_coeffs": {
        "max": [-0.524501144886, -0.588531315327, -0.522389650345, -0.592777192593, -0.656607151031, -0.578339099884],
        "mean": [-0.826811909676, -0.854509711266, -0.827778458595, -0.857520997524, -0.856924295425, -0.823368608952],
        "min": [-0.984320402145, -0.984461128712, -0.977847576141, -0.975361645222, -0.969575583935, -0.96582865715],
        "stdev": [0.123993314803, 0.10410041362, 0.126554444432, 0.0981226488948, 0.0924545451999, 0.121540181339]
    },
    "spectral_contrast_valleys": {
        "max": [-5.25708389282, -4.98483848572, -5.03539705276, -5.75695323944, -5.92237329483, -8.18197631836],
        "mean": [-15.7281894684, -15.2133741379, -15.1856088638, -15.4673347473, -15.6599912643, -17.3688697815],
        "min": [-28.1643161774, -28.0701637268, -27.8251361847, -27.8183345795, -27.6089935303, -27.4651851654],
        "stdev": [9.87612533569, 10.206735611, 10.2705917358, 10.0167331696, 9.87493610382, 8.42685031891]
    }
},
"rhythm": {
    "beats_count": 47,
    "beats_loudness": {
        "max": 0.0702524706721,
        "mean": 0.0185209494084,
        "min": 0,
        "stdev": 0.0217132791877
    },
    "bpm": 109.049827576,
    "bpm_histogram_first_peak_bpm": 110,
    "bpm_histogram_first_peak_weight": 0.0909090638161,
    "bpm_histogram_second_peak_bpm": 105,
    "bpm_histogram_second_peak_spread": 0.5625,
    "bpm_histogram_second_peak_weight": 0.152173906565,
    "danceability": 0.753087699413,
    "onset_rate": 0.998757123947,
    "beats_loudness_band_ratio": {
        "max": [0.545338571072, 0.343516588211, 0.469913780689, 0.774599850178, 0.510003387928, 0.208778828382],
        "mean": [0.0812405645847, 0.0461638495326, 0.11315266788, 0.269764184952, 0.0840232819319, 0.027319278568],
        "min": [0, 0, 0, 0, 0, 0],
        "stdev": [0.138261720538, 0.078089274466, 0.124318502843, 0.262049764395, 0.113396398723, 0.0375889800489]
    },
    "beats_position": [0.568888902664, 1.14938771725, 1.74149656296, 2.33360528946, 2.92571425438, 3.50621318817, 4.08671188354, 4.66721057892, 5.23609972, 5.80498838425, 6.38548755646, 6.96598625183, 7.53487491608, 8.10376358032, 8.67265319824, 9.22993183136, 9.79882049561, 10.3677091599, 10.7856683731, 11.2036275864, 11.6099767685, 11.9814968109, 12.3530158997, 12.7245349884, 13.0960540771, 13.5372333527, 13.9784126282, 14.4195919037, 14.8956003189, 15.3716096878, 15.8476190567, 16.3468475342, 16.8344669342, 17.3220863342, 17.8445339203, 18.3669834137, 18.8894329071, 19.4351024628, 19.9807701111, 20.5264396667, 21.0721092224, 21.6177768707, 22.1634464264, 22.7091159821, 23.2547836304, 23.800453186, 24.3461227417],
