{
"metadata": {
    "version": {
        "essentia": "2.1-beta5",
        "essentia_git_sha": "Undefined",
        "extractor": "music 2.0"
    },
    "audio_properties": {
        "analysis": {
            "equal_loudness": 0,
            "length": 48.7502937317,
            "sample_rate": 44100,
            "start_time": 110.248344421,
            "downmix": "mix"
        },
        "bit_rate": 192000,
        "length": 184.737960815,
        "lossless": 0,
        "number_channels": 2,
        "replay_gain": -7.65105819702,
        "sample_rate": 44100,
        "codec": "mp3",
        "md5_encoded": "2dbd560bef54a3fbee72540c28b43a81"
    },
    "tags": {
        "file_name": "Denmark_Fra Mols Til Skagen_Aud Wilken.mp3",
        "encoding": ["Lavf58.29.100"]
    }
},
"lowlevel": {
    "average_loudness": 0.90927875042,
    "barkbands_crest": {
        "max": 25.2726612091,
        "mean": 10.4469327927,
        "min": 3.37405443192,
        "stdev": 4.46698141098
    },
    "barkbands_flatness_db": {
        "max": 0.412381619215,
        "mean": 0.205072313547,
        "min": 0.0858930647373,
        "stdev": 0.0420241877437
    },
    "barkbands_kurtosis": {
        "max": 248.10357666,
        "mean": 6.46529579163,
        "min": -1.76817178726,
        "stdev": 15.6435499191
    },
    "barkbands_skewness": {
        "max": 10.6946105957,
        "mean": 1.56980752945,
        "min": -1.35418736935,
        "stdev": 1.31995427608
    },
    "barkbands_spread": {
        "max": 59.8003158569,
        "mean": 10.8059558868,
        "min": 0.332344353199,
        "stdev": 7.30840396881
    },
    "dissonance": {
        "max": 0.499906927347,
        "mean": 0.432819247246,
        "min": 0.27089074254,
        "stdev": 0.0383051820099
    },
    "dynamic_complexity": 3.27917265892,
    "erbbands_crest": {
        "max": 30.1282958984,
        "mean": 11.0965099335,
        "min": 2.78143405914,
        "stdev": 4.54285955429
    },
    "erbbands_flatness_db": {
        "max": 0.377805799246,
        "mean": 0.243452057242,
        "min": 0.105348862708,
        "stdev": 0.0353462807834
    },
    "erbbands_kurtosis": {
        "max": 94.478187561,
        "mean": 1.71476089954,
        "min": -1.80539131165,
        "stdev": 4.80539131165
    },
    "erbbands_skewness": {
        "max": 8.63764858246,
        "mean": 0.758351325989,
        "min": -2.23807692528,
        "stdev": 0.924908936024
    },
    "erbbands_spread": {
        "max": 89.2756958008,
        "mean": 22.4815940857,
        "min": 1.94462585449,
        "stdev": 12.2701101303
    },
    "hfc": {
        "max": 66.8129501343,
        "mean": 15.2906036377,
        "min": 0.0440562479198,
        "stdev": 13.8192052841
    },
    "loudness_ebu128": {
        "integrated": -17.1400299072,
        "loudness_range": 4.0056476593,
        "momentary": {
            "max": -13.4100914001,
            "mean": -18.0045681,
            "min": -27.044916153,
            "stdev": 3.01918387413
        },
        "short_term": {
            "max": -14.6258974075,
            "mean": -17.4134044647,
            "min": -24.1023235321,
            "stdev": 2.06488323212
        }
    },
    "melbands_crest": {
        "max": 29.255531311,
        "mean": 12.7265758514,
        "min": 4.0755443573,
        "stdev": 4.7944817543
    },
    "melbands_flatness_db": {
        "max": 0.518153071404,
        "mean": 0.268106222153,
        "min": 0.0743034109473,
        "stdev": 0.0586211383343
    },
    "melbands_kurtosis": {
        "max": 219.693084717,
        "mean": 9.39222812653,
        "min": -1.48627924919,
        "stdev": 16.2365016937
    },
    "melbands_skewness": {
        "max": 9.91146087646,
        "mean": 1.92720711231,
        "min": -1.02178108692,
        "stdev": 1.2963694334
    },
    "melbands_spread": {
        "max": 93.114112854,
        "mean": 14.5688428879,
        "min": 0.396405816078,
        "stdev": 9.70932197571
    },
    "pitch_salience": {
        "max": 0.910736978054,
        "mean": 0.571459949017,
        "min": 0.14723469317,
        "stdev": 0.0999723225832
    },
    "silence_rate_20dB": {
        "max": 1,
        "mean": 1,
        "min": 1,
        "stdev": 0
    },
    "silence_rate_30dB": {
        "max": 1,
        "mean": 1,
        "min": 1,
        "stdev": 0
    },
    "silence_rate_60dB": {
        "max": 1,
        "mean": 0.0832936689258,
        "min": 0,
        "stdev": 0.27632689476
    },
    "spectral_centroid": {
        "max": 3078.3737793,
        "mean": 880.090820312,
        "min": 182.261077881,
        "stdev": 498.40447998
    },
    "spectral_complexity": {
        "max": 34,
        "mean": 14.4178962708,
        "min": 0,
        "stdev": 6.44196653366
    },
    "spectral_decrease": {
        "max": -3.03841223015e-11,
        "mean": -5.51060042042e-09,
        "min": -2.41145308166e-08,
        "stdev": 3.96624155741e-09
    },
    "spectral_energy": {
        "max": 0.0935434997082,
        "mean": 0.0221851542592,
        "min": 0.000118672767712,
        "stdev": 0.0159746799618
    },
    "spectral_energyband_high": {
        "max": 0.00498850923032,
        "mean": 0.000208105891943,
        "min": 1.19684477795e-06,
        "stdev": 0.000438576738816
    },
    "spectral_energyband_low": {
        "max": 0.0117926672101,
        "mean": 0.00106090144254,
        "min": 1.38993004839e-06,
        "stdev": 0.00139408174437
    },
    "spectral_energyband_middle_high": {
        "max": 0.0442837364972,
        "mean": 0.00584979914129,
        "min": 2.1644325443e-06,
        "stdev": 0.0072731655091
    },
    "spectral_energyband_middle_low": {
        "max": 0.0918209925294,
        "mean": 0.0159449260682,
        "min": 9.6157687949e-05,
        "stdev": 0.0127202188596
    },
    "spectral_entropy": {
        "max": 8.22431087494,
        "mean": 6.85270309448,
        "min": 4.77782344818,
        "stdev": 0.411987632513
    },
    "spectral_flux": {
        "max": 0.221905976534,
        "mean": 0.0758856162429,
        "min": 0.0048265773803,
        "stdev": 0.0405831933022
    },
    "spectral_kurtosis": {
        "max": 63.2017440796,
        "mean": 11.2233734131,
        "min": -0.844621658325,
        "stdev": 7.98850345612
    },
    "spectral_rms": {
        "max": 0.00955311208963,
        "mean": 0.00429184315726,
        "min": 0.000340262136888,
        "stdev": 0.00179558363743
    },
    "spectral_rolloff": {
        "max": 6201.5625,
        "mean": 1030.95019531,
        "min": 193.798828125,
        "stdev": 728.095092773
    },
    "spectral_skewness": {
        "max": 6.36076784134,
        "mean": 2.18373465538,
        "min": 0.119074828923,
        "stdev": 0.930963516235
    },
    "spectral_spread": {
        "max": 14717226,
        "mean": 2650129.25,
        "min": 1226064.5,
        "stdev": 862914.3125
    },
    "spectral_strongpeak": {
        "max": 8.23711967468,
        "mean": 1.3333915472,
        "min": 0.00510557182133,
        "stdev": 1.2844107151
    },
    "zerocrossingrate": {
        "max": 0.18310546875,
        "mean": 0.0378047302365,
        "min": 0.00390625,
        "stdev": 0.0182820372283
    },
    "barkbands": {
        "max": [0.000100989622297, 0.00280294148251, 0.00806583091617, 0.0182719901204, 0.0780958682299, 0.03646556288, 0.0323582552373, 0.0228776130825, 0.0254912152886, 0.0331321582198, 0.0273236520588, 0.0273715015501, 0.0121036116034, 0.0193899814039, 0.0119970962405, 0.0047742058523, 0.00653028348461, 0.00527456402779, 0.00700150895864, 0.00426870957017, 0.00337934657, 0.0015901690349, 0.000487108540256, 0.00011876111239, 8.09897665022e-06, 7.83987070463e-06, 8.44478472573e-06],
        "mean": [2.41377665589e-06, 0.000246412935667, 0.000446743477369, 0.00111102988012, 0.00516609381884, 0.00409402372316, 0.00196898216382, 0.00133548886515, 0.0013385808561, 0.00160571641754, 0.00124136125669, 0.000726248254068, 0.000742369040381, 0.000613861542661, 0.000383109989343, 0.000198648835067, 0.000201253700652, 0.000154078312335, 0.000319496990414, 0.000208500176086, 5.17119078722e-05, 1.76834728336e-05, 8.31256784295e-06, 2.36600999415e-06, 4.35565823409e-07, 2.42325000954e-07, 2.17731184193e-08],
        "min": [1.93350210842e-10, 1.59755330742e-07, 4.67648163749e-07, 1.11945587378e-06, 2.30347632169e-05, 1.89412355667e-06, 5.12838994382e-07, 8.24499636565e-07, 4.43345783196e-07, 4.19866267976e-07, 1.21793434005e-07, 2.413697473e-07, 1.44203923469e-07, 8.41373264393e-08, 6.75061642141e-08, 9.22972134276e-08, 8.83157156295e-08, 5.21791037045e-08, 7.4548431428e-08, 8.3489190672e-08, 9.93371571667e-08, 1.09261343084e-07, 1.18037590369e-07, 1.49015320972e-07, 2.07237917493e-07, 1.60012589845e-07, 1.18065368593e-09],
        "stdev": [4.71293196824e-06, 0.000329903938109, 0.00083780370187, 0.00173325056676, 0.00803987309337, 0.00528652314097, 0.00329212634824, 0.0020378890913, 0.00235911970958, 0.00293150916696, 0.00229555740952, 0.00190487760119, 0.00157103512902, 0.00193386338651, 0.000892760814168, 0.000486248522066, 0.000542322755791, 0.000406893173931, 0.00068126572296, 0.000451260129921, 0.000163476943271, 7.72907515056e-05, 3.02485423163e-05, 7.14623865861e-06, 3.92533308968e-07, 1.69193256738e-07, 1.8413263092e-07]
    },
    "erbbands": {
        "max": [0.0643412768841, 0.873091161251, 7.08185052872, 27.8740005493, 135.495529175, 372.664428711, 405.695098877, 444.119781494, 655.007751465, 576.803405762, 380.057342529, 626.148620605, 1247.94519043, 928.226257324, 1459.6706543, 1326.31030273, 474.339691162, 1113.8470459, 974.952453613, 501.529144287, 247.838241577, 282.571929932, 222.015563965, 526.384460449, 184.075546265, 225.105895996, 199.037872314, 28.814043045, 62.3940658569, 32.5019416809, 12.6504573822, 4.25443220139, 1.22180974483, 0.124351836741, 0.0580929592252, 0.0321966148913, 0.0140580367297, 0.00521388510242, 0.00119896407705, 0.000129648426082],
        "mean": [0.00415673526004, 0.0705137550831, 0.417969614267, 2.11598849297, 7.59111118317, 18.1300601959, 27.8995952606, 38.5763778687, 34.0562210083, 31.6524543762, 19.3814430237, 35.8108596802, 56.2119750977, 34.3276176453, 57.8531494141, 31.556344986, 34.3929176331, 36.8534393311, 21.1571884155, 17.2338428497, 11.7458190918, 9.21266937256, 7.7939043045, 18.7419338226, 10.3531894684, 9.89936256409, 5.67751693726, 0.881493330002, 0.664263248444, 0.431828588247, 0.223106235266, 0.0880536213517, 0.0206299927086, 0.00599178252742, 0.00269502401352, 0.00115344172809, 0.000421570817707, 8.04631927167e-05, 1.3839852727e-05, 2.59551634372e-05],
        "min": [9.46744148678e-06, 6.41549704596e-05, 0.000614422548097, 0.00372954132035, 0.0197509136051, 0.0659129917622, 0.0290677286685, 0.0168933048844, 0.0115639921278, 0.0179667249322, 0.0102109080181, 0.00992592424154, 0.00849660672247, 0.0113616213202, 0.00646039517596, 0.0111254323274, 0.00855857878923, 0.00636344309896, 0.00536693027243, 0.0033249699045, 0.00464366050437, 0.00506233237684, 0.00342108565383, 0.00396327674389, 0.00424236757681, 0.00419786898419, 0.00394356064498, 0.00398685224354, 0.00356721761636, 0.00313170789741, 0.00324650853872, 0.00307522015646, 0.00256796902977, 0.00208377325907, 0.00139618758112, 0.000681307865307, 0.000258302025031, 3.91564062738e-05, 1.05960191377e-06, 1.81041514224e-07],
        "stdev": [0.00651292083785, 0.0918647050858, 0.725864470005, 2.93474149704, 13.5418262482, 32.0455245972, 45.1162185669, 55.7306632996, 58.2827720642, 42.7397155762, 28.9461116791, 61.2946853638, 105.729911804, 62.5376167297, 114.376983643, 82.1953048706, 65.4819564819, 101.916969299, 46.875202179, 42.2029495239, 24.6480369568, 23.569190979, 18.7575740814, 45.2698631287, 20.6577072144, 20.6894836426, 15.3921632767, 2.25568270683, 2.90935826302, 1.81214845181, 0.789694845676, 0.274164229631, 0.0578692369163, 0.00768960826099, 0.00206299568526, 0.000744484481402, 0.000303917156998, 0.000113220346975, 2.7227190003e-05, 1.87869718502e-05]
    },
    "gfcc": {
        "mean": [-69.2948608398, 148.876800537, -142.936141968, 1.12282693386, -62.4453315735, -19.1372013092, -34.4085006714, -8.36790370941, -32.6631774902, -5.43957233429, -11.2701330185, -8.43015289307, -6.31721162796],
        "cov": [[3541.87304688, 162.458129883, -1733.67443848, 281.300048828, 76.1993255615, -346.83102417, 325.580474854, -223.62713623, 111.911941528, -135.99772644, 361.343841553, -183.964233398, 138.169326782], [162.458129883, 452.533660889, 121.262039185, -178.537948608, 234.819915771, -41.378578186, 28.0420417786, 37.113571167, -56.7879600525, 28.6517238617, 51.1002960205, -21.730846405, 17.2983703613], [-1733.67443848, 121.262039185, 1272.10339355, 8.44475841522, -19.6390991211, 242.211196899, -155.476516724, 73.5965118408, -18.9750499725, 34.7813262939, -189.133560181, 109.805656433, -81.3781814575], [281.300048828, -178.537948608, 8.44475841522, 414.891876221, -61.741973877, 20.4195423126, 37.6363334656, -4.72781085968, 101.281036377, -41.5803146362, -1.91472887993, 16.1992511749, -11.1280202866], [76.1993255615, 234.819915771, -19.6390991211, -61.741973877, 280.506225586, -24.1985168457, 28.3594150543, 98.7129898071, -44.5937728882, 24.9895782471, 50.0348472595, -15.6815233231, 14.279800415], [-346.83102417, -41.378578186, 242.211196899, 20.4195423126, -24.1985168457, 283.121368408, 56.5911598206, -14.6941289902, 10.9538297653, 14.7173643112, -47.8844909668, 30.4323863983, -38.8784179688], [325.580474854, 28.0420417786, -155.476516724, 37.6363334656, 28.3594150543, 56.5911598206, 152.042831421, 18.4933834076, -9.12901878357, 11.3296804428, 42.9883384705, -20.0702896118, 15.6261758804], [-223.62713623, 37.113571167, 73.5965118408, -4.72781085968, 98.7129898071, -14.6941289902, 18.4933834076, 207.757873535, 43.3996963501, 14.0166454315, 9.17849159241, 27.5738887787, 3.18113470078], [111.911941528, -56.7879600525, -18.9750499725, 101.281036377, -44.5937728882, 10.9538297653, -9.12901878357, 43.3996963501, 144.342010498, 10.8467197418, -8.96502399445, 31.4323062897, -9.0162820816], [-135.99772644, 28.6517238617, 34.7813262939, -41.5803146362, 24.9895782471, 14.7173643112, 11.3296804428, 14.0166454315, 10.8467197418, 117.780891418, 28.5061588287, -13.4481716156, -7.26715660095], [361.343841553, 51.1002960205, -189.133560181, -1.91472887993, 50.0348472595, -47.8844909668, 42.9883384705, 9.17849159241, -8.96502399445, 28.5061588287, 133.935348511, -7.85367393494, 22.0140800476], [-183.964233398, -21.730846405, 109.805656433, 16.1992511749, -15.6815233231, 30.4323863983, -20.0702896118, 27.5738887787, 31.4323062897, -13.4481716156, -7.85367393494, 95.861076355, 13.9976119995], [138.169326782, 17.2983703613, -81.3781814575, -11.1280202866, 14.279800415, -38.8784179688, 15.6261758804, 3.18113470078, -9.0162820816, -7.26715660095, 22.0140800476, 13.9976119995, 69.6474609375]],
        "icov": [[0.0135375261307, -0.0177691336721, 0.0155180543661, -0.011409197934, 0.00596604356542, 0.000241093919612, -0.0065853795968, 0.0110236313194, -0.0132499681786, 0.0140343271196, -0.0113952094689, 0.0085063688457, -0.00460746278986], [-0.0177691336721, 0.0347135588527, -0.0255699884146, 0.0214976612478, -0.0182764586061, 0.00569587294012, -0.000800062494818, -0.0069899042137, 0.00880910083652, -0.013720610179, 0.0105900326744, -0.00829868670553, 0.00564219197258], [0.0155180543661, -0.0255699884146, 0.0221559740603, -0.0168180167675, 0.0116857364774, -0.00411727465689, -0.000784310512245, 0.00791146047413, -0.00916835572571, 0.0124374292791, -0.00932126305997, 0.00686071673408, -0.00443530036137], [-0.011409197934, 0.0214976612478, -0.0168180167675, 0.0170128736645, -0.0109423846006, 0.00403425935656, -0.00209661037661, -0.00388371013105, 0.00277260527946, -0.00703229987994, 0.00624569971114, -0.00501691922545, 0.00416482239962], [0.00596604356542, -0.0182764586061, 0.0116857364774, -0.0109423846006, 0.0176104325801, -0.00577130261809, 0.00613909866661, -0.00516059948131, 0.00434881448746, 0.00134401500691, -0.00252888677642, 0.00214259605855, -0.00229274434969], [0.000241093919612, 0.00569587294012, -0.00411727465689, 0.00403425935656, -0.00577130261809, 0.0103076035157, -0.0109674623236, 0.00649939570576, -0.00649257097393, 0.00275729759596, -0.00121409411076, -0.00061511201784, 0.00299641117454], [-0.0065853795968, -0.000800062494818, -0.000784310512245, -0.00209661037661, 0.00613909866661, -0.0109674623236, 0.0246814377606, -0.0151365157217, 0.0172652471811, -0.0123602412641, 0.00750444829464, -0.00422351388261, -0.00079324375838], [0.0110236313194, -0.0069899042137, 0.00791146047413, -0.00388371013105, -0.00516059948131, 0.00649939570576, -0.0151365157217, 0.0222684759647, -0.0209299214184, 0.0152845550328, -0.0120850186795, 0.00716369226575, -0.00317908078432], [-0.0132499681786, 0.00880910083652, -0.00916835572571, 0.00277260527946, 0.00434881448746, -0.00649257097393, 0.0172652471811, -0.0209299214184, 0.032846737653, -0.0212610624731, 0.016299655661, -0.014305238612, 0.00615156395361], [0.0140343271196, -0.013720610179, 0.0124374292791, -0.00703229987994, 0.00134401500691, 0.00275729759596, -0.0123602412641, 0.0152845550328, -0.0212610624731, 0.0280719213188, -0.017625587061, 0.0132622476667, -0.00460437126458], [-0.0113952094689, 0.0105900326744, -0.00932126305997, 0.00624569971114, -0.00252888677642, -0.00121409411076, 0.00750444829464, -0.0120850186795, 0.016299655661, -0.017625587061, 0.0235688965768, -0.011279518716, 0.00388003024273], [0.0085063688457, -0.00829868670553, 0.00686071673408, -0.00501691922545, 0.00214259605855, -0.00061511201784, -0.00422351388261, 0.00716369226575, -0.014305238612, 0.0132622476667, -0.011279518716, 0.0224312767386, -0.00917277205735], [-0.00460746278986, 0.00564219197258, -0.00443530036137, 0.00416482239962, -0.00229274434969, 0.00299641117454, -0.00079324375838, -0.00317908078432, 0.00615156395361, -0.00460437126458, 0.00388003024273, -0.00917277205735, 0.0209792014211]]
    },
    "melbands": {
        "max": [0.000578151841182, 0.0025998649653, 0.00861162599176, 0.0181198269129, 0.0165826566517, 0.00849862582982, 0.00849465839565, 0.00653137965128, 0.00280820368789, 0.00430295942351, 0.00624238932505, 0.00391205912456, 0.00382152944803, 0.00274897040799, 0.00350545160472, 0.00147554231808, 0.00245550484397, 0.00176503695548, 0.00067646621028, 0.000443430937594, 0.000332794879796, 0.000434714689618, 0.000220050031203, 0.000228243152378, 0.000517776468769, 0.00017773322179, 8.78731152625e-05, 0.000199856440304, 0.000198428955628, 4.94066880492e-05, 1.82453095476e-05, 2.99327039102e-05, 4.15575013903e-05, 1.13069318104e-05, 8.82002495928e-06, 4.23576148023e-06, 2.24229074774e-06, 1.08719586933e-06, 2.58341373183e-07, 7.97288066678e-08],
        "mean": [5.36700281373e-05, 0.000187346086022, 0.000541529792827, 0.000858336919919, 0.00105689209886, 0.000837814819533, 0.000499219284393, 0.000345941778505, 0.000133593479404, 0.000239473083639, 0.000274915073533, 0.000128725238028, 0.000169349819771, 0.000112897701911, 6.85462000547e-05, 7.54547072574e-05, 6.99587835697e-05, 3.36375887855e-05, 2.57405044977e-05, 1.95760003407e-05, 1.34680612973e-05, 1.18261223179e-05, 5.67653842154e-06, 7.35272988095e-06, 1.69364320755e-05, 8.3232189354e-06, 5.50351751372e-06, 6.82245308781e-06, 4.99444468005e-06, 7.85080828791e-07, 3.66142757002e-07, 3.72995998532e-07, 3.30784502012e-07, 2.01282688295e-07, 1.40583736652e-07, 8.02543951295e-08, 4.10725178313e-08, 1.45249252625e-08, 7.83515474723e-09, 3.88290466447e-09],
        "min": [4.24939869959e-08, 2.41938096224e-07, 6.47928345643e-07, 5.68441373616e-06, 1.49670586325e-06, 3.1636238873e-07, 1.43558381183e-07, 2.0441768811e-07, 7.0197181401e-08, 6.09947932162e-08, 3.60957912449e-08, 4.12377012537e-08, 1.51791681446e-08, 1.51764254497e-08, 1.87009696617e-08, 1.51848276175e-08, 9.49264844508e-09, 7.01057878416e-09, 4.60485605203e-09, 7.28509474968e-09, 3.64680508014e-09, 4.92726837109e-09, 3.36181060767e-09, 2.23347318418e-09, 2.68600652831e-09, 2.59199350872e-09, 2.07336814384e-09, 2.61421795322e-09, 1.99663041656e-09, 2.01757188734e-09, 1.53265777847e-09, 1.26429877678e-09, 1.95748217635e-09, 1.5005705567e-09, 1.50231926899e-09, 1.53985113549e-09, 1.63350521998e-09, 1.41998746095e-09, 1.46595413586e-09, 1.38536970784e-09],
        "stdev": [7.45337310946e-05, 0.000279385480098, 0.000812101876363, 0.0012967560906, 0.00171027949546, 0.0011555448873, 0.000838333508, 0.000486201694002, 0.000208988290979, 0.000426932791015, 0.000526451796759, 0.000250953336945, 0.000316769001074, 0.000232862672419, 0.000182769625098, 0.000180192990229, 0.000218933084398, 8.30231729196e-05, 6.1561804614e-05, 4.64785662189e-05, 3.05510184262e-05, 3.3214706491e-05, 1.42619110193e-05, 1.85593071365e-05, 4.32276792708e-05, 1.82013209269e-05, 1.05401431938e-05, 1.53074288392e-05, 1.47988921526e-05, 2.43489171226e-06, 1.30092882955e-06, 1.65055894286e-06, 1.60631338986e-06, 8.17433317479e-07, 5.11282678417e-07, 2.6051938562e-07, 1.32621821081e-07, 4.65696103902e-08, 1.45115350847e-08, 3.87559762061e-09]
    },
    "melbands128": {
        "max": [5.69919793634e-05, 0.000441078533186, 0.000988707062788, 0.00150213879533, 0.00305994856171, 0.00399420456961, 0.00491699390113, 0.0116332573816, 0.0163717810065, 0.0231299903244, 0.0252826288342, 0.0337675586343, 0.0193312764168, 0.0143242329359, 0.0155422417447, 0.0166527274996, 0.0212669447064, 0.014497930184, 0.00705669214949, 0.00907348096371, 0.00846548378468, 0.00396555801854, 0.00406841048971, 0.00324636162259, 0.00588747113943, 0.00857558473945, 0.00635111983865, 0.0126371309161, 0.00479681743309, 0.00546693615615, 0.00537932757288, 0.00243621598929, 0.00352017628029, 0.010503558442, 0.00320452870801, 0.00543616572395, 0.00858713407069, 0.00694345263764, 0.00238911481574, 0.00147446047049, 0.0032015752513, 0.00400453619659, 0.00429874705151, 0.00393030187115, 0.00142179359682, 0.00359343690798, 0.00230973516591, 0.0011230915552, 0.00166360009462, 0.00154551607557, 0.000733677065, 0.000958994671237, 0.000306398287648, 0.000758979935199, 0.00133453693707, 0.000652778020594, 0.000489613681566, 0.000415665184846, 0.000447905593319, 0.000386290514143, 0.000435205904068, 0.000426438171417, 0.00140789872967, 0.000843338668346, 0.000365897576557, 0.000353922543582, 0.000398258474888, 0.000187675308553, 0.000108110900328, 0.000279440748272, 0.000349891022779, 0.000284365814878, 0.000570931064431, 0.000327370536979, 0.000246868788963, 4.15415088355e-05, 1.82861167559e-05, 2.51332603511e-05, 2.10857397178e-05, 2.53269699897e-05, 2.82436503767e-05, 3.34840151481e-05, 7.11709872121e-05, 4.75787383039e-05, 2.74868289125e-05, 1.37671868288e-05, 1.15451266538e-05, 1.52852189785e-05, 8.05561649031e-06, 7.4998947639e-06, 4.58655085822e-06, 3.79066796086e-06, 4.04081856686e-06, 2.34354001805e-06, 3.28456621901e-06, 1.48267736222e-06, 5.67486267755e-07, 4.92304536692e-07, 3.18736596228e-07, 1.99227372377e-07, 1.05719884402e-07, 6.89670898169e-08, 6.48046025731e-08, 6.9346107523e-08, 6.7225009559e-08, 6.46673470328e-08, 5.84235273493e-08, 6.22064106892e-08, 6.13884907352e-08, 4.68981653512e-08, 4.36872547027e-08, 4.60920368539e-08, 4.66299390212e-08, 4.22252774968e-08, 3.91969336988e-08, 4.46788490649e-08, 4.0680138369e-08, 3.919092606e-08, 3.83030567264e-08, 3.73456288116e-08, 3.65194985363e-08, 3.57377203386e-08, 3.50218236633e-08, 3.44226833704e-08, 3.39119097248e-08, 3.35542225116e-08, 3.32497513966e-08, 3.31225891159e-08],
        "mean": [1.88822798464e-06, 1.94575623027e-05, 7.31875406927e-05, 0.000122738609207, 0.000165367819136, 0.000242087058723, 0.000340305705322, 0.000665152270813, 0.00082689843839, 0.000599590595812, 0.00100012659095, 0.00156432343647, 0.000939139921684, 0.000614485878032, 0.00096333201509, 0.000922254752368, 0.000655398122035, 0.000399704877054, 0.000348591944203, 0.000342730229022, 0.000404270889703, 0.000160100840731, 0.000109660206363, 6.01429455855e-05, 0.000222840521019, 0.000345352309523, 0.000204957133974, 0.000412633351516, 0.000150507563376, 0.000127772742417, 0.000143775352626, 7.80329282861e-05, 0.000128284751554, 0.000333644915372, 9.12754912861e-05, 6.69669534545e-05, 9.12668765523e-05, 4.57274763903e-05, 8.6982450739e-05, 6.61172016407e-05, 9.87683160929e-05, 3.93287991756e-05, 7.08045990905e-05, 0.000101994213765, 2.00787198992e-05, 2.63137535512e-05, 3.87895706808e-05, 1.96469354705e-05, 2.53496527876e-05, 2.51056935667e-05, 1.72964992089e-05, 1.8120799723e-05, 6.42481472823e-06, 1.29347317852e-05, 2.55342220044e-05, 9.82103574643e-06, 3.09088454742e-06, 4.56740554e-06, 6.76951367495e-06, 8.06584557722e-06, 4.17768978878e-06, 6.177665e-06, 2.54159167525e-05, 1.87806926988e-05, 6.11065797784e-06, 8.86189172888e-06, 1.00537308754e-05, 3.38411382472e-06, 4.10214715885e-06, 8.70623989613e-06, 6.5161175371e-06, 5.32269541509e-06, 8.94054210221e-06, 4.32742990597e-06, 1.73237663148e-06, 7.98910946287e-07, 3.58098816378e-07, 3.71418309442e-07, 3.77132920448e-07, 3.51659821263e-07, 3.54566509486e-07, 3.93634365992e-07, 3.91494836549e-07, 3.28596740928e-07, 2.86098753577e-07, 2.20524782435e-07, 1.68829700442e-07, 1.62583503993e-07, 1.52996520342e-07, 1.16133122674e-07, 8.53302282167e-08, 7.11751937388e-08, 6.90728612085e-08, 4.02466469041e-08, 2.75605263056e-08, 1.52035397605e-08, 1.32614772497e-08, 9.9922923269e-09, 8.12764078262e-09, 7.15727521694e-09, 3.827218098e-09, 3.47958484248e-09, 3.13910852867e-09, 3.76182862638e-09, 2.74684519574e-09, 2.81403744751e-09, 2.50373921595e-09, 2.11308592846e-09, 1.89253723804e-09, 1.6752969012e-09, 1.72832292922e-09, 1.46064538242e-09, 1.24979282479e-09, 1.13014853032e-09, 9.61404511557e-10, 9.39915589804e-10, 6.30611451946e-10, 2.3706647756e-11, 2.2831011387e-11, 2.22677796341e-11, 2.17757374632e-11, 2.13178572017e-11, 2.08920849371e-11, 2.05314671514e-11, 2.02324303145e-11, 2.00221315222e-11, 1.98464820966e-11, 1.97612082947e-11],
        "min": [1.47447158649e-11, 6.33292351893e-09, 1.33758977228e-08, 2.90603789921e-08, 8.88330831117e-08, 1.56911170279e-07, 2.04323271191e-07, 3.79488824365e-07, 7.43366854294e-07, 2.17183765017e-06, 1.02343847175e-06, 3.78603175477e-07, 3.79585429755e-07, 3.25420415948e-07, 1.79043496473e-07, 3.08348084843e-08, 2.03830751389e-07, 5.45502985005e-08, 4.95963590197e-08, 1.14389393957e-07, 1.74466251224e-07, 6.52101306287e-08, 3.64986298962e-08, 2.97873086197e-08, 2.35310473329e-08, 2.28234888766e-08, 2.63806185785e-08, 1.97000460389e-08, 1.40437208529e-08, 2.719799852e-08, 1.54617012527e-08, 1.2104898417e-08, 1.01883728121e-08, 3.5387841546e-09, 4.7758392796e-09, 4.51736781315e-09, 1.19366045936e-08, 1.67712776999e-08, 8.50270520658e-09, 5.62519231195e-09, 2.56991627978e-09, 2.73285927221e-09, 5.15190912154e-09, 3.47142714574e-09, 2.98795654885e-09, 3.11078474091e-09, 3.56981377791e-09, 4.07440081673e-09, 1.94234961448e-09, 1.18193099752e-09, 1.64451585682e-09, 3.04235836524e-09, 2.07931138974e-09, 3.70612762701e-09, 3.39839445473e-09, 1.62019930805e-09, 2.17944529091e-09, 1.66159852544e-09, 1.81925963183e-09, 1.48359469154e-09, 1.35327804518e-09, 1.11922804358e-09, 1.23116605799e-09, 1.65891023141e-09, 9.82629533297e-10, 1.53780432832e-09, 1.96181804135e-09, 1.56085611103e-09, 1.64335800523e-09, 1.43221812188e-09, 1.17066067951e-09, 1.22645971157e-09, 1.63345093007e-09, 1.60244950642e-09, 8.77910133479e-10, 1.66780111943e-09, 1.18912357738e-09, 9.24410159531e-10, 1.12388787166e-09, 9.1543755909e-10, 1.08249620379e-09, 7.09394265552e-10, 8.345700242e-10, 1.30484734129e-09, 6.30973495674e-10, 8.0048551121e-10, 1.12024300947e-09, 4.88543039356e-10, 7.10870973197e-10, 1.26234989128e-09, 7.3910233489e-10, 5.78628700509e-10, 7.76115227641e-10, 5.02369812416e-10, 1.71914471547e-09, 6.89357571027e-10, 1.03864050693e-09, 8.60038096295e-10, 1.12141107511e-09, 1.48123713295e-09, 8.55191861771e-10, 5.82905668178e-10, 8.83008055563e-10, 1.16856524457e-09, 8.21766543702e-10, 8.33252078447e-10, 7.7831252554e-10, 6.43797903876e-10, 4.50399467722e-10, 6.46867837073e-10, 6.44738873401e-10, 4.98828978124e-10, 5.11878150977e-10, 3.65531743762e-10, 3.34562461068e-10, 3.20653198438e-10, 3.44665268548e-11, 1.60646696683e-13, 5.31350510195e-14, 6.23967904797e-14, 6.40402580141e-14, 5.98180156124e-14, 6.1306618419e-14, 5.87994618815e-14, 6.20890261405e-14, 6.81630858528e-14, 7.14327753307e-14, 6.41417122324e-14],
        "stdev": [3.7603488181e-06, 4.05745922762e-05, 0.000117484640214, 0.00017059755919, 0.000311275944114, 0.00044388504466, 0.000513826846145, 0.00112307036761, 0.00169894506689, 0.00118951126933, 0.00200806255452, 0.00310785905458, 0.0018604232464, 0.00107980403118, 0.00175860954914, 0.00164652883541, 0.00144112948328, 0.00101685617119, 0.000671729154419, 0.000575425103307, 0.000733582361136, 0.000312650197884, 0.000283350236714, 0.000141956857988, 0.000428485684097, 0.000796589360107, 0.000503771763761, 0.00094923179131, 0.00039047919563, 0.000317537924275, 0.000386268366128, 0.000190215811017, 0.000286444148514, 0.000795556523371, 0.00022434827406, 0.000262372253928, 0.000398242205847, 0.0002542315342, 0.000210171798244, 0.000142356089782, 0.000345242820913, 0.000187647106941, 0.000285042071482, 0.000400712975534, 8.6287574959e-05, 0.000109245462227, 0.000126967919641, 6.19189740974e-05, 0.000101582489151, 9.80619297479e-05, 5.28582349943e-05, 7.14954294381e-05, 1.90808350453e-05, 4.70307641081e-05, 8.63011955516e-05, 4.00360622734e-05, 1.47126838783e-05, 1.75465247594e-05, 2.19647281483e-05, 2.69839219982e-05, 2.23565639317e-05, 2.33301816479e-05, 8.27502663014e-05, 5.87594731769e-05, 2.34877170442e-05, 2.58958571067e-05, 2.92001368507e-05, 1.0674861187e-05, 1.06214356492e-05, 2.11121696339e-05, 2.15740128624e-05, 1.72313211806e-05, 3.30151124217e-05, 1.70554449141e-05, 9.24587038753e-06, 2.51124083661e-06, 1.06484901607e-06, 1.3686467355e-06, 1.43657985063e-06, 1.46244531152e-06, 1.62044170793e-06, 1.87773321159e-06, 2.30069485951e-06, 1.68059159478e-06, 1.34022229759e-06, 9.81665607469e-07, 6.69744167681e-07, 6.88019042627e-07, 5.52587607672e-07, 4.37511147311e-07, 3.18131412769e-07, 2.20266542783e-07, 2.23622549811e-07, 1.33913999889e-07, 1.19313611435e-07, 5.9401404684e-08, 3.77261919482e-08, 2.48156819538e-08, 1.66966405146e-08, 1.09961248995e-08, 5.15627451847e-09, 3.43922490487e-09, 2.95086288737e-09, 2.82239165372e-09, 2.6526880692e-09, 2.4165935919e-09, 1.90953564072e-09, 1.56214785552e-09, 1.45023681952e-09, 1.1002105893e-09, 1.03021646769e-09, 1.05068631573e-09, 1.04264419321e-09, 9.56915324757e-10, 8.75263805877e-10, 9.85901915662e-10, 9.1908963773e-10, 8.55339077344e-10, 8.35987334913e-10, 8.15093548212e-10, 7.97054089396e-10, 7.79998565736e-10, 7.64378393914e-10, 7.51305184732e-10, 7.40158656587e-10, 7.32351734811e-10, 7.25706272853e-10, 7.22927717689e-10]
    },
    "mfcc": {
        "mean": [-709.817077637, 186.339508057, -29.5141277313, 18.7710933685, -17.3940181732, -10.60850811, -3.43288016319, -10.9682121277, -15.1106204987, -1.49061453342, -15.8028879166, -6.94313192368, -1.37357962132],
        "cov": [[4898.95117188, -354.371185303, -1739.8170166, 336.906219482, -438.200622559, -32.188117981, 11.5413045883, 48.2746162415, -390.628936768, 359.432037354, -174.485321045, -49.8176727295, -36.2304153442], [-354.371185303, 789.74786377, -66.248588562, -119.83102417, 171.594650269, -109.70337677, 187.625854492, -99.0863876343, 25.0046806335, -43.5741996765, 28.493314743, -3.15889763832, 51.0904960632], [-1739.8170166, -66.248588562, 1099.50427246, -23.6333427429, 116.695030212, 196.845672607, -114.482666016, 58.3136940002, 157.108474731, -170.294647217, 91.6754837036, 25.9712963104, -24.4708366394], [336.906219482, -119.83102417, -23.6333427429, 297.645812988, 49.605430603, -50.7335510254, -34.48046875, 44.3895874023, -3.43358516693, 33.5846748352, 3.47343683243, 6.09473752975, -0.247088357806], [-438.200622559, 171.594650269, 116.695030212, 49.605430603, 221.580276489, -46.763633728, 28.0154972076, 31.4161567688, 44.0987319946, -11.4040355682, 34.0395698547, 12.2737998962, 19.990146637], [-32.188117981, -109.70337677, 196.845672607, -50.7335510254, -46.763633728, 272.394805908, -0.0153576536104, 18.2358379364, 19.304523468, -29.046579361, 41.8073654175, -8.13882637024, -29.4761505127], [11.5413045883, 187.625854492, -114.482666016, -34.48046875, 28.0154972076, -0.0153576536104, 248.926956177, -6.64622592926, -31.7107849121, 58.4817047119, -18.5508899689, -0.764538526535, 29.8250293732], [48.2746162415, -99.0863876343, 58.3136940002, 44.3895874023, 31.4161567688, 18.2358379364, -6.64622592926, 176.73046875, 47.9178581238, -8.62446212769, 13.6972570419, 5.78410387039, 20.8363304138], [-390.628936768, 25.0046806335, 157.108474731, -3.43358516693, 44.0987319946, 19.304523468, -31.7107849121, 47.9178581238, 150.631713867, -25.0213813782, 36.6605300903, 18.3060283661, 5.85605287552], [359.432037354, -43.5741996765, -170.294647217, 33.5846748352, -11.4040355682, -29.046579361, 58.4817047119, -8.62446212769, -25.0213813782, 157.142364502, 0.440414845943, 2.12225031853, 9.07855129242], [-174.485321045, 28.493314743, 91.6754837036, 3.47343683243, 34.0395698547, 41.8073654175, -18.5508899689, 13.6972570419, 36.6605300903, 0.440414845943, 105.10684967, 28.0741958618, 5.23611021042], [-49.8176727295, -3.15889763832, 25.9712963104, 6.09473752975, 12.2737998962, -8.13882637024, -0.764538526535, 5.78410387039, 18.3060283661, 2.12225031853, 28.0741958618, 92.7825698853, 28.1746425629], [-36.2304153442, 51.0904960632, -24.4708366394, -0.247088357806, 19.990146637, -29.4761505127, 29.8250293732, 20.8363304138, 5.85605287552, 9.07855129242, 5.23611021042, 28.1746425629, 87.4562149048]],
        "icov": [[0.00178396946285, -0.00148352619726, 0.0024649805855, -0.00232508964837, 0.00253267283551, -0.00259377690963, 0.00234304997139, -0.0026441954542, 0.00249797734432, -0.00228661368601, 0.00168749387376, -0.00127748737577, 0.00104729109444], [-0.00148352619726, 0.00439944677055, -0.00162543833721, 0.00293857138604, -0.00418386328965, 0.00328330160119, -0.00432629371062, 0.004325308837, -0.00308968685567, 0.00396814849228, -0.00303370459005, 0.00214634812437, -0.00183822819963], [0.0024649805855, -0.00162543833721, 0.00501937512308, -0.00309421238489, 0.00240817363374, -0.0044681453146, 0.00329949590378, -0.00329815666191, 0.00239547062665, -0.00173220597208, 0.0018602804048, -0.00185550260358, 0.00147641135845], [-0.00232508964837, 0.00293857138604, -0.00309421238489, 0.00739224860445, -0.00495039345697, 0.00426322361454, -0.00286393077113, 0.00296111335047, -0.00288995401934, 0.00244694482535, -0.00258391117677, 0.00169405003544, -0.00113672274165], [0.00253267283551, -0.00418386328965, 0.00240817363374, -0.00495039345697, 0.011350533925, -0.00246497546323, 0.00327963754535, -0.00554666155949, 0.00327172013931, -0.00399544043466, 0.00131762365345, -0.00193688028958, 0.00167177792173], [-0.00259377690963, 0.00328330160119, -0.0044681453146, 0.00426322361454, -0.00246497546323, 0.00962820183486, -0.00526030082256, 0.00376128451899, -0.00365028507076, 0.00426911190152, -0.00540389772505, 0.00294618518092, -0.000348786677932], [0.00234304997139, -0.00432629371062, 0.00329949590378, -0.00286393077113, 0.00327963754535, -0.00526030082256, 0.0101962964982, -0.00505530787632, 0.00481798313558, -0.00641788868234, 0.00476121343672, -0.00251277419738, 0.000485824653879], [-0.0026441954542, 0.004325308837, -0.00329815666191, 0.00296111335047, -0.00554666155949, 0.00376128451899, -0.00505530787632, 0.0121879931539, -0.00642632273957, 0.00506319850683, -0.00337652140297, 0.0031320808921, -0.00408307276666], [0.00249797734432, -0.00308968685567, 0.00239547062665, -0.00288995401934, 0.00327172013931, -0.00365028507076, 0.00481798313558, -0.00642632273957, 0.0129587128758, -0.00394581817091, 0.00126774003729, -0.00296392058954, 0.00183259998448], [-0.00228661368601, 0.00396814849228, -0.00173220597208, 0.00244694482535, -0.00399544043466, 0.00426911190152, -0.00641788868234, 0.00506319850683, -0.00394581817091, 0.0129256779328, -0.00483404705301, 0.0022999595385, -0.00193777354434], [0.00168749387376, -0.00303370459005, 0.0018602804048, -0.00258391117677, 0.00131762365345, -0.00540389772505, 0.00476121343672, -0.00337652140297, 0.00126774003729, -0.00483404705301, 0.0154943317175, -0.00513487774879, 0.0011862750398], [-0.00127748737577, 0.00214634812437, -0.00185550260358, 0.00169405003544, -0.00193688028958, 0.00294618518092, -0.00251277419738, 0.0031320808921, -0.00296392058954, 0.0022999595385, -0.00513487774879, 0.0145256919786, -0.00516348239034], [0.00104729109444, -0.00183822819963, 0.00147641135845, -0.00113672274165, 0.00167177792173, -0.000348786677932, 0.000485824653879, -0.00408307276666, 0.00183259998448, -0.00193777354434, 0.0011862750398, -0.00516348239034, 0.015330215916]]
    },
    "spectral_contrast_coeffs": {
        "max": [-0.332613557577, -0.473067641258, -0.52815759182, -0.611306130886, -0.567275166512, -0.568642556667],
        "mean": [-0.630291759968, -0.715614438057, -0.723639428616, -0.77740085125, -0.778943836689, -0.774134635925],
        "min": [-0.933840215206, -0.956523418427, -0.907104730606, -0.952065289021, -0.931002557278, -0.924557685852],
        "stdev": [0.0904186815023, 0.0760734006763, 0.0674590393901, 0.0616275779903, 0.0674804076552, 0.0545542277396]
    },
    "spectral_contrast_valleys": {
        "max": [-5.62527084351, -4.72600650787, -5.67572593689, -6.42176294327, -6.52786064148, -9.99821567535],
        "mean": [-7.2473988533, -6.58831119537, -7.44312858582, -8.05659866333, -8.36288261414, -11.9944162369],
        "min": [-9.85856342316, -9.69616317749, -10.4659366608, -10.9238462448, -11.5296325684, -12.6940441132],
        "stdev": [0.653523862362, 0.677464604378, 0.770936310291, 0.788652539253, 0.820492088795, 0.400350153446]
    }
},
"rhythm": {
    "beats_count": 81,
    "beats_loudness": {
        "max": 0.07032802701,
        "mean": 0.0311358626932,
        "min": 0.00249387836084,
        "stdev": 0.0139390183613
    },
    "bpm": 101.036560059,
    "bpm_histogram_first_peak_bpm": 101,
    "bpm_histogram_first_peak_weight": 0.607594966888,
    "bpm_histogram_second_peak_bpm": 108,
    "bpm_histogram_second_peak_spread": 0,
    "bpm_histogram_second_peak_weight": 0.0125000001863,
    "danceability": 1.0365998745,
    "onset_rate": 2.87109375,
    "beats_loudness_band_ratio": {
        "max": [0.749513447285, 0.885046303272, 0.886246860027, 0.605255365372, 0.299546808004, 0.100285097957],
        "mean": [0.177540898323, 0.42158973217, 0.260937094688, 0.16059961915, 0.0493201427162, 0.0191009771079],
        "min": [0.00458758790046, 0.0519719198346, 0.0363856554031, 0.00699547724798, 0.000803591043223, 0.000196891269297],
        "stdev": [0.169650167227, 0.223912850022, 0.163153961301, 0.146665781736, 0.0592603050172, 0.0240868423134]
    },
