{
"metadata": {
    "version": {
        "essentia": "2.1-beta5",
        "essentia_git_sha": "Undefined",
        "extractor": "music 2.0"
    },
    "audio_properties": {
        "analysis": {
            "equal_loudness": 0,
            "length": 32.4963264465,
            "sample_rate": 44100,
            "start_time": 29.0017242432,
            "downmix": "mix"
        },
        "bit_rate": 192000,
        "length": 221.320999146,
        "lossless": 0,
        "number_channels": 2,
        "replay_gain": -7.66835784912,
        "sample_rate": 48000,
        "codec": "mp3",
        "md5_encoded": "5e75c337c4b952590c31f772a2c56447"
    },
    "tags": {
        "file_name": "Israel_Amen_Liora.mp3",
        "encoding": ["Lavf58.29.100"]
    }
},
"lowlevel": {
    "average_loudness": 0.911773920059,
    "barkbands_crest": {
        "max": 26.0207538605,
        "mean": 11.9464406967,
        "min": 3.75349235535,
        "stdev": 4.51514673233
    },
    "barkbands_flatness_db": {
        "max": 0.372613102198,
        "mean": 0.191811695695,
        "min": 0.0860134810209,
        "stdev": 0.0412191413343
    },
    "barkbands_kurtosis": {
        "max": 228.608169556,
        "mean": 5.46542453766,
        "min": -1.65933716297,
        "stdev": 14.2333087921
    },
    "barkbands_skewness": {
        "max": 13.9030723572,
        "mean": 1.38483929634,
        "min": -0.815785706043,
        "stdev": 1.25463652611
    },
    "barkbands_spread": {
        "max": 71.9557952881,
        "mean": 10.8321361542,
        "min": 0.870561301708,
        "stdev": 6.51821279526
    },
    "dissonance": {
        "max": 0.499848634005,
        "mean": 0.436032503843,
        "min": 0.230648368597,
        "stdev": 0.036753334105
    },
    "dynamic_complexity": 3.20787262917,
    "erbbands_crest": {
        "max": 30.9735622406,
        "mean": 13.1256914139,
        "min": 3.28291797638,
        "stdev": 5.67363071442
    },
    "erbbands_flatness_db": {
        "max": 0.351822257042,
        "mean": 0.233657196164,
        "min": 0.089846983552,
        "stdev": 0.0418969616294
    },
    "erbbands_kurtosis": {
        "max": 31.8351249695,
        "mean": 2.1684627533,
        "min": -1.68609201908,
        "stdev": 3.36849951744
    },
    "erbbands_skewness": {
        "max": 5.49203395844,
        "mean": 1.02998173237,
        "min": -1.62708997726,
        "stdev": 0.72482085228
    },
    "erbbands_spread": {
        "max": 123.634735107,
        "mean": 22.07670784,
        "min": 3.40550470352,
        "stdev": 12.8183002472
    },
    "hfc": {
        "max": 67.7197036743,
        "mean": 16.2148208618,
        "min": 0.298652052879,
        "stdev": 13.5699129105
    },
    "loudness_ebu128": {
        "integrated": -16.8095417023,
        "loudness_range": 4.65756607056,
        "momentary": {
            "max": -13.1026763916,
            "mean": -17.7530422211,
            "min": -26.9751644135,
            "stdev": 3.11615300179
        },
        "short_term": {
            "max": -14.3232326508,
            "mean": -17.1585903168,
            "min": -20.5880203247,
            "stdev": 1.76846277714
        }
    },
    "melbands_crest": {
        "max": 32.1242485046,
        "mean": 13.1002635956,
        "min": 4.32120990753,
        "stdev": 4.53715515137
    },
    "melbands_flatness_db": {
        "max": 0.443385958672,
        "mean": 0.237529486418,
        "min": 0.0580910220742,
        "stdev": 0.0446183234453
    },
    "melbands_kurtosis": {
        "max": 337.839202881,
        "mean": 9.52480316162,
        "min": -1.09109687805,
        "stdev": 27.3519115448
    },
    "melbands_skewness": {
        "max": 13.8503074646,
        "mean": 1.61064207554,
        "min": -1.14909911156,
        "stdev": 1.62262141705
    },
    "melbands_spread": {
        "max": 112.53364563,
        "mean": 14.4714279175,
        "min": 0.769726574421,
        "stdev": 8.61538505554
    },
    "pitch_salience": {
        "max": 0.836323738098,
        "mean": 0.56501698494,
        "min": 0.0852484256029,
        "stdev": 0.104672849178
    },
    "silence_rate_20dB": {
        "max": 1,
        "mean": 1,
        "min": 1,
        "stdev": 0
    },
    "silence_rate_30dB": {
        "max": 1,
        "mean": 1,
        "min": 1,
        "stdev": 0
    },
    "silence_rate_60dB": {
        "max": 1,
        "mean": 0.0478229820728,
        "min": 0,
        "stdev": 0.213394969702
    },
    "spectral_centroid": {
        "max": 3617.70141602,
        "mean": 894.56427002,
        "min": 252.832351685,
        "stdev": 327.480438232
    },
    "spectral_complexity": {
        "max": 36,
        "mean": 14.311205864,
        "min": 1,
        "stdev": 5.40694713593
    },
    "spectral_decrease": {
        "max": -1.93354054989e-10,
        "mean": -5.79800474299e-09,
        "min": -2.53336729372e-08,
        "stdev": 4.32295976793e-09
    },
    "spectral_energy": {
        "max": 0.0996084213257,
        "mean": 0.0233537405729,
        "min": 0.000760685128625,
        "stdev": 0.0174515601248
    },
    "spectral_energyband_high": {
        "max": 0.00727089773864,
        "mean": 0.000138406627229,
        "min": 2.37080556076e-07,
        "stdev": 0.00044024552335
    },
    "spectral_energyband_low": {
        "max": 0.0325056798756,
        "mean": 0.00163729593623,
        "min": 8.92425123311e-06,
        "stdev": 0.00248289527372
    },
    "spectral_energyband_middle_high": {
        "max": 0.0720152407885,
        "mean": 0.00554463313892,
        "min": 2.37782533077e-05,
        "stdev": 0.00744191836566
    },
    "spectral_energyband_middle_low": {
        "max": 0.0846876427531,
        "mean": 0.0165209472179,
        "min": 0.000517058477271,
        "stdev": 0.0137275829911
    },
    "spectral_entropy": {
        "max": 8.36856174469,
        "mean": 6.92618703842,
        "min": 5.47706031799,
        "stdev": 0.380211234093
    },
    "spectral_flux": {
        "max": 0.229202926159,
        "mean": 0.0574021041393,
        "min": 0.00580495083705,
        "stdev": 0.0331160314381
    },
    "spectral_kurtosis": {
        "max": 27.9006500244,
        "mean": 8.00932121277,
        "min": -0.41082572937,
        "stdev": 4.12722110748
    },
    "spectral_rms": {
        "max": 0.00985793862492,
        "mean": 0.00442013563588,
        "min": 0.000861470703967,
        "stdev": 0.00180180242751
    },
    "spectral_rolloff": {
        "max": 6869.09179688,
        "mean": 923.729187012,
        "min": 236.865234375,
        "stdev": 550.20880127
    },
    "spectral_skewness": {
        "max": 3.83579778671,
        "mean": 2.02994012833,
        "min": 0.109002903104,
        "stdev": 0.463242560625
    },
    "spectral_spread": {
        "max": 18152770,
        "mean": 3121804.25,
        "min": 1616689.375,
        "stdev": 938643.875
    },
    "spectral_strongpeak": {
        "max": 8.21418094635,
        "mean": 1.99991440773,
        "min": 0.0362212471664,
        "stdev": 1.68890976906
    },
    "zerocrossingrate": {
        "max": 0.17041015625,
        "mean": 0.0393109954894,
        "min": 0.00927734375,
        "stdev": 0.0151949813589
    },
    "barkbands": {
        "max": [0.00208610971458, 0.0236963778734, 0.0159129835665, 0.0112435724586, 0.0620257072151, 0.0685350075364, 0.0345205813646, 0.0237510241568, 0.0531021654606, 0.0670983418822, 0.0141608575359, 0.0142044257373, 0.0126436157152, 0.00969187915325, 0.00535581307486, 0.00430879788473, 0.000684597645886, 0.0012121736072, 0.00255595310591, 0.00329225952737, 0.0027005742304, 0.00258505647071, 0.000652204093058, 0.000324473250657, 0.000112562418508, 5.16000545758e-05, 3.33760368676e-07],
        "mean": [3.78865879611e-05, 0.000900361104868, 0.000465727003757, 0.000695430440828, 0.00318135647103, 0.00300001562573, 0.00155748904217, 0.00115376408212, 0.00616152072325, 0.00263976142742, 0.00066941510886, 0.000719162693713, 0.000627463043202, 0.000528653268702, 0.000279476400465, 0.000140198637382, 6.26208056929e-05, 9.78854732239e-05, 0.00021368302987, 0.000119669181004, 2.72121615126e-05, 1.9134795366e-05, 2.48633023148e-05, 2.77059752989e-05, 2.67914856522e-06, 6.06664912084e-07, 9.73514779901e-09],
        "min": [7.66606245151e-09, 1.70011662703e-06, 4.17394147689e-07, 8.01241071713e-07, 7.48982711229e-06, 1.63910826814e-05, 5.24885535924e-06, 3.12406086778e-06, 1.14333738566e-06, 9.0720186563e-07, 6.00050043431e-07, 1.78612162927e-06, 2.02291516871e-07, 9.7280042155e-07, 1.51290828398e-06, 1.03510456029e-06, 3.07549186118e-07, 4.49451334816e-07, 2.59721929297e-07, 2.45560016765e-07, 5.85026036504e-08, 2.33533459237e-08, 1.64033338024e-08, 1.50844687852e-08, 6.34088914708e-09, 4.08108477568e-11, 3.67964339554e-11],
        "stdev": [0.000151631102199, 0.00153043610044, 0.000958412012551, 0.00133970205206, 0.00498853484169, 0.00414038822055, 0.00233781966381, 0.00251309480518, 0.00977032072842, 0.00640382897109, 0.00144280283712, 0.00161579519045, 0.00120281579439, 0.000920451129787, 0.000615043856669, 0.000242655412876, 7.04396297806e-05, 0.000129431602545, 0.000280795502476, 0.000210363898077, 0.000152152802912, 0.000136203147122, 5.60220869374e-05, 3.76814059564e-05, 6.84967426423e-06, 2.65579569714e-06, 1.61839306401e-08]
    },
    "erbbands": {
        "max": [0.464960604906, 6.40722179413, 14.778924942, 23.8861103058, 112.756271362, 371.642700195, 398.704162598, 850.214050293, 533.843566895, 564.374816895, 964.046081543, 1354.03930664, 1553.94934082, 896.184265137, 545.253295898, 430.889251709, 652.16204834, 515.571105957, 279.312591553, 220.545974731, 296.240570068, 36.0758247375, 79.494430542, 71.939201355, 169.746780396, 128.872268677, 153.496063232, 107.005760193, 106.976013184, 32.1754951477, 17.9626636505, 11.1072511673, 4.70586442947, 1.53976297379, 0.605004608631, 0.327565819025, 0.0710789114237, 0.00483807036653, 9.60432080319e-05, 0.000113371810585],
        "mean": [0.0203864276409, 0.219052031636, 0.585174262524, 1.35091090202, 4.28892707825, 13.3132791519, 21.0045757294, 24.2926120758, 17.78373909, 30.0016040802, 40.0517616272, 103.952590942, 151.079879761, 45.7083816528, 27.0065670013, 25.8007011414, 32.850769043, 25.669254303, 15.9180221558, 13.8834819794, 7.53723478317, 3.98788261414, 4.83842134476, 9.37170124054, 9.95035552979, 5.14163064957, 1.33098733425, 1.12598001957, 0.789717435837, 0.535898923874, 0.707620739937, 0.629194974899, 0.422853380442, 0.0598628222942, 0.0137865925208, 0.0048198364675, 0.000640076003037, 4.40220974269e-05, 1.37907118187e-05, 2.7346666684e-05],
        "min": [2.90122097795e-05, 0.00053626782028, 0.00122956186533, 0.00650078151375, 0.00567467883229, 0.0320091620088, 0.106829456985, 0.128778666258, 0.171470478177, 0.0627940520644, 0.102881744504, 0.0305097270757, 0.0535396039486, 0.0707297250628, 0.0526855736971, 0.060017362237, 0.0284262355417, 0.042304739356, 0.0684675499797, 0.0645380914211, 0.05494402349, 0.0204469244927, 0.0264283623546, 0.0103905480355, 0.0174242127687, 0.0133171025664, 0.00324930786155, 0.00219478597865, 0.00111416343134, 0.000568289775401, 0.000461291201646, 0.000296682381304, 0.000271365774097, 0.000119499862194, 2.70841828751e-05, 3.1783565646e-06, 1.48904439357e-06, 4.76677541883e-07, 4.580093389e-07, 8.65852655352e-07],
        "stdev": [0.0424697436392, 0.374824345112, 1.11721372604, 2.14368247986, 9.01728057861, 24.5132541656, 32.8475227356, 36.3123779297, 29.042257309, 49.6037483215, 82.8686447144, 178.786941528, 260.807495117, 84.748840332, 52.7282180786, 48.1728820801, 60.9161949158, 44.6539611816, 25.5147819519, 24.0929069519, 15.6902542114, 4.4605255127, 5.75858020782, 11.1527233124, 13.264084816, 9.3408241272, 7.16521692276, 5.98996067047, 5.56080675125, 2.26217198372, 1.50593614578, 1.01075708866, 0.598833978176, 0.103544980288, 0.0427584275603, 0.0179980341345, 0.00402809353545, 0.000218737332034, 1.06867282739e-05, 2.03864310606e-05]
    },
    "gfcc": {
        "mean": [-50.87550354, 141.556518555, -147.688095093, 16.8453578949, -71.7108078003, 5.07742786407, -40.3207511902, 3.70180106163, -19.4080963135, -14.8811635971, 8.13067913055, -19.8149433136, 1.63961970806],
        "cov": [[3003.95751953, -455.994506836, -198.945220947, 65.6361236572, -245.436431885, 324.242004395, 166.445419312, 226.88142395, -63.6118087769, 88.4828720093, -28.1251087189, -31.1743583679, -108.301116943], [-455.994506836, 535.612365723, -20.3352985382, -86.5927505493, 233.887435913, -114.17766571, 72.3145523071, -59.7441520691, 114.806045532, -50.7183914185, 22.7099494934, -21.4139099121, 28.5483016968], [-198.945220947, -20.3352985382, 325.086517334, 175.652160645, 27.446805954, -9.86147403717, -105.214233398, -56.7475013733, 14.7323093414, 37.619934082, -91.270690918, 73.8859634399, -33.1153144836], [65.6361236572, -86.5927505493, 175.652160645, 293.982910156, 40.3555793762, -1.7761619091, -74.4077072144, -55.8180198669, 51.6991195679, 53.233631134, -107.798171997, 81.849647522, -17.853767395], [-245.436431885, 233.887435913, 27.446805954, 40.3555793762, 233.712768555, -20.8138942719, 52.876701355, -23.3637828827, 62.4210662842, 18.510055542, -51.2446708679, 38.6184806824, 20.1943283081], [324.242004395, -114.17766571, -9.86147403717, -1.7761619091, -20.8138942719, 174.072067261, 61.6688041687, 62.2730903625, -50.2517471313, 25.932926178, 8.05320167542, -23.7452392578, -4.50989294052], [166.445419312, 72.3145523071, -105.214233398, -74.4077072144, 52.876701355, 61.6688041687, 193.467544556, 64.5499572754, -17.4235172272, 8.71901893616, 43.4322776794, -15.7135477066, 31.7520141602], [226.88142395, -59.7441520691, -56.7475013733, -55.8180198669, -23.3637828827, 62.2730903625, 64.5499572754, 143.048171997, 2.93184638023, 5.33853816986, 32.1927337646, -30.2873210907, 18.1461238861], [-63.6118087769, 114.806045532, 14.7323093414, 51.6991195679, 62.4210662842, -50.2517471313, -17.4235172272, 2.93184638023, 148.107910156, 11.666674614, -29.9785137177, 22.5969219208, 0.992364406586], [88.4828720093, -50.7183914185, 37.619934082, 53.233631134, 18.510055542, 25.932926178, 8.71901893616, 5.33853816986, 11.666674614, 125.812324524, -24.337184906, 54.8278923035, -11.5145521164], [-28.1251087189, 22.7099494934, -91.270690918, -107.798171997, -51.2446708679, 8.05320167542, 43.4322776794, 32.1927337646, -29.9785137177, -24.337184906, 151.420074463, -46.652671814, 21.1003551483], [-31.1743583679, -21.4139099121, 73.8859634399, 81.849647522, 38.6184806824, -23.7452392578, -15.7135477066, -30.2873210907, 22.5969219208, 54.8278923035, -46.652671814, 124.295280457, 5.66176080704], [-108.301116943, 28.5483016968, -33.1153144836, -17.853767395, 20.1943283081, -4.50989294052, 31.7520141602, 18.1461238861, 0.992364406586, -11.5145521164, 21.1003551483, 5.66176080704, 82.0064926147]],
        "icov": [[0.000646204396617, -0.000370034045773, 0.000753533735406, -0.000722702476196, 0.00107613799628, -0.000893540447578, -0.000337706005666, -0.000789990008343, 0.000135710317409, -5.7901332184e-05, 0.000526896503288, -0.000461189309135, 0.00100708554965], [-0.000370034045773, 0.00925367325544, -0.00309478654526, 0.00451133912429, -0.00832978915423, 0.00370573508553, -0.0031757960096, 0.00501914229244, -0.00557786365971, 0.00175804703031, -0.00285398121923, 0.0036921268329, -0.000809823686723], [0.000753533735406, -0.00309478654526, 0.00724011193961, -0.00423262640834, 0.00264712772332, -0.00246959598735, 0.00293157156557, -0.00249684345908, 0.00279286899604, -0.000460503943032, 0.00186921667773, -0.00310239102691, 0.00233920104802], [-0.000722702476196, 0.00451133912429, -0.00423262640834, 0.00953657645732, -0.00430461997166, 0.000826587202027, -0.000495405984111, 0.00456624943763, -0.00471601216123, -1.22272040244e-05, 0.000615996075794, 0.000563135079574, -0.00201302603818], [0.00107613799628, -0.00832978915423, 0.00264712772332, -0.00430461997166, 0.0150693571195, -0.00391077576205, -0.00109967950266, -0.00317857833579, 0.00219855108298, -0.0017346625682, 0.00517145823687, -0.00395523011684, 0.000328225025441], [-0.000893540447578, 0.00370573508553, -0.00246959598735, 0.000826587202027, -0.00391077576205, 0.0118403285742, -0.00325226550922, -0.000818512227852, 0.00124998425599, -0.00126754690427, -0.00108602258842, 0.0041484455578, -0.000432922242908], [-0.000337706005666, -0.0031757960096, 0.00293157156557, -0.000495405984111, -0.00109967950266, -0.00325226550922, 0.0112412450835, -0.0037551750429, 0.00322141684592, -0.00116714881733, -0.000783065625001, -0.00211593788117, -0.00154937489424], [-0.000789990008343, 0.00501914229244, -0.00249684345908, 0.00456624943763, -0.00317857833579, -0.000818512227852, -0.0037551750429, 0.0143994428217, -0.00612867577001, 7.16880322216e-06, -0.00177956174593, 0.00361233996227, -0.00351562444121], [0.000135710317409, -0.00557786365971, 0.00279286899604, -0.00471601216123, 0.00219855108298, 0.00124998425599, 0.00322141684592, -0.00612867577001, 0.0133054628968, -0.00158974097576, 0.00181531300768, -0.00210081436671, 0.00115198281128], [-5.7901332184e-05, 0.00175804703031, -0.000460503943032, -1.22272040244e-05, -0.0017346625682, -0.00126754690427, -0.00116714881733, 7.16880322216e-06, -0.00158974097576, 0.0115802641958, -0.000891073374078, -0.00452892389148, 0.00211785454303], [0.000526896503288, -0.00285398121923, 0.00186921667773, 0.000615996075794, 0.00517145823687, -0.00108602258842, -0.000783065625001, -0.00177956174593, 0.00181531300768, -0.000891073374078, 0.0115609401837, 0.000233576298342, -0.00119579222519], [-0.000461189309135, 0.0036921268329, -0.00310239102691, 0.000563135079574, -0.00395523011684, 0.0041484455578, -0.00211593788117, 0.00361233996227, -0.00210081436671, -0.00452892389148, 0.000233576298342, 0.0153013831005, -0.00352949276567], [0.00100708554965, -0.000809823686723, 0.00233920104802, -0.00201302603818, 0.000328225025441, -0.000432922242908, -0.00154937489424, -0.00351562444121, 0.00115198281128, 0.00211785454303, -0.00119579222519, -0.00352949276567, 0.0164203904569]]
    },
    "melbands": {
        "max": [0.00487547228113, 0.00706592341885, 0.00618301099166, 0.0127389319241, 0.0128015419468, 0.0166079364717, 0.00799744576216, 0.00614234805107, 0.010882393457, 0.00808960292488, 0.0086190328002, 0.00517364498228, 0.0023256172426, 0.00208451435901, 0.00204595481046, 0.000895274220966, 0.000900910643395, 0.000636131910142, 0.000595089688431, 0.000126811457449, 0.000375241070287, 3.48616449628e-05, 6.85629856889e-05, 5.20768735441e-05, 6.54971663607e-05, 0.000108308573544, 0.000125754537294, 7.61501069064e-05, 0.000107240994112, 6.82209138176e-05, 6.10159004282e-05, 7.6514610555e-05, 3.4307828173e-05, 1.4701661712e-05, 1.20910935948e-05, 8.75039040693e-06, 5.99560098635e-06, 4.04106640417e-06, 1.65565325005e-06, 1.18505658975e-06],
        "mean": [0.000218819419388, 0.000303691253066, 0.000325448112562, 0.00057921174448, 0.000752799678594, 0.000550301396288, 0.000283008732367, 0.000310179224471, 0.000395548384404, 0.000748336780816, 0.000761912495364, 0.000201903181733, 9.47383159655e-05, 8.1739271991e-05, 6.98193762219e-05, 6.52283997624e-05, 4.45767946076e-05, 2.59870612354e-05, 2.65311300609e-05, 9.7406173154e-06, 8.31182751426e-06, 3.51868561665e-06, 3.74939259018e-06, 5.28526743437e-06, 7.89085243014e-06, 8.45450631459e-06, 6.3936299739e-06, 2.68936219072e-06, 7.72314479036e-07, 6.28713223705e-07, 6.48712841667e-07, 5.05668708684e-07, 2.48644710155e-07, 3.35239292326e-07, 4.03068270316e-07, 4.56955575601e-07, 3.40582687386e-07, 3.53232337602e-07, 1.24494377474e-07, 2.57512660085e-08],
        "min": [4.11061364503e-07, 7.47143417357e-07, 1.0543398048e-06, 1.86158547422e-06, 3.26938720718e-06, 2.9416291909e-06, 3.0333480936e-06, 4.36669523651e-07, 2.08358926557e-07, 2.24993343068e-07, 2.8418810416e-07, 2.45270598498e-07, 1.64065298236e-07, 1.61621031225e-07, 9.76750413884e-08, 4.10251814742e-08, 7.90175391785e-08, 9.5665249944e-08, 1.01877702718e-07, 6.84422261088e-08, 4.31180104954e-08, 1.75265757463e-08, 2.58729624392e-08, 1.9016971109e-08, 5.99155480785e-09, 1.32429773814e-08, 1.02687733872e-08, 7.57255058659e-09, 1.42703115991e-09, 1.212329237e-09, 1.17891596485e-09, 5.4311355413e-10, 2.07603698121e-10, 3.01596941865e-10, 3.05773018017e-10, 1.80967171803e-10, 1.25349994273e-10, 1.98800434448e-10, 1.21437707112e-10, 6.29403543173e-11],
        "stdev": [0.000388112850487, 0.000521720969118, 0.000588107097428, 0.000941408623476, 0.00108290091157, 0.000774610729422, 0.000427628488978, 0.000526521180291, 0.000891027681064, 0.00122520443983, 0.00134083221201, 0.000463236181531, 0.000208316501812, 0.000214451385546, 0.000160254261573, 0.000107504078187, 7.99571353127e-05, 5.2122552006e-05, 6.61834783386e-05, 1.21489283629e-05, 1.94907806872e-05, 4.15457316194e-06, 4.65654693471e-06, 7.20253547115e-06, 1.00246752481e-05, 1.13253508971e-05, 9.420969036e-06, 5.8156324485e-06, 4.76713194075e-06, 3.83955239158e-06, 3.38315203408e-06, 3.6277158415e-06, 1.88830063053e-06, 1.12396821805e-06, 9.7874885796e-07, 8.25934137083e-07, 5.40047210507e-07, 5.0461187584e-07, 2.0092065256e-07, 6.81346321585e-08]
    },
    "melbands128": {
        "max": [0.00180749851279, 0.00452863052487, 0.00669768685475, 0.0125748217106, 0.00871627498418, 0.00832555163652, 0.00576540827751, 0.00847559794784, 0.0152726043016, 0.0153295937926, 0.0289502553642, 0.0189504940063, 0.019423533231, 0.00993197690696, 0.0242143571377, 0.0223756954074, 0.00760505069047, 0.0124012734741, 0.00533565972, 0.00970418378711, 0.00713179819286, 0.00963050685823, 0.0145290978253, 0.0220828615129, 0.0158221572638, 0.0141172204167, 0.0218128040433, 0.0104921087623, 0.0243412535638, 0.00558721926063, 0.00272923288867, 0.00198474596255, 0.00487819127738, 0.00223944778554, 0.00413549970835, 0.00315415277146, 0.00187804491725, 0.00454885605723, 0.00299772177823, 0.00184793386143, 0.00138676154893, 0.00218363828026, 0.00145372620318, 0.000789517420344, 0.00188334204722, 0.000710364314727, 0.000186176141142, 0.00121748738457, 0.000501339440234, 0.000361242913641, 0.000191993065528, 0.000128399813548, 0.000992883113213, 0.000127990409965, 7.52720079618e-05, 5.32537706022e-05, 5.84356312174e-05, 6.03083026363e-05, 0.000137354392791, 0.000130744840135, 8.95682969713e-05, 0.000152443346451, 0.000148881284986, 9.77540403255e-05, 0.000291372503852, 0.000137918235851, 0.000130914660986, 0.000252262951108, 0.000102531266748, 0.000105498482299, 0.000102993035398, 7.4241492257e-05, 0.000114295173262, 0.000144552934216, 9.39170931815e-05, 8.54958561831e-05, 8.19296546979e-05, 7.82271163189e-05, 7.96390304458e-05, 7.05380152795e-05, 0.000109700769826, 5.96345671511e-05, 5.41610788787e-05, 3.08424532705e-05, 2.82456076093e-05, 2.27781783906e-05, 1.49757752297e-05, 2.73308050964e-05, 1.68650258274e-05, 1.26797394842e-05, 1.12656134661e-05, 1.57611648319e-05, 1.1298584468e-05, 8.18024818727e-06, 5.8156679188e-06, 5.05867410538e-06, 8.37321204017e-06, 4.6592263061e-06, 1.94265044229e-06, 2.15034310713e-06, 1.41570433243e-06, 1.1115982943e-06, 1.10626456262e-06, 8.35867297155e-07, 7.54585755658e-07, 1.31712204166e-06, 1.14448698696e-06, 9.20874015264e-07, 6.15858084529e-07, 4.79678647025e-07, 4.89223225486e-07, 4.67647197411e-07, 4.06913045481e-07, 3.14277855296e-07, 1.23596535673e-07, 9.02720174167e-08, 1.07285851314e-08, 3.58262752798e-10, 6.56563026169e-10, 4.40204234176e-10, 3.19041126851e-10, 3.10103942525e-10, 3.04874792079e-10, 3.00410418763e-10, 2.97292190865e-10, 2.90573287653e-10, 2.89942875265e-10, 2.88662344028e-10],
        "mean": [3.32766358042e-05, 0.000138074814458, 0.000284864800051, 0.000395110837417, 0.000336762052029, 0.000205359145184, 0.000219003020902, 0.000411179673392, 0.000427478342317, 0.00040263068513, 0.00086657871725, 0.000808217970189, 0.000672740919981, 0.000787194236182, 0.000551070203073, 0.000465816206997, 0.000305766996462, 0.00018794911739, 0.000305158871925, 0.000427424791269, 0.000227317781537, 0.000244722323259, 0.000314350763801, 0.000698856136296, 0.000605151173659, 0.000609628623351, 0.00148131884634, 0.00050760328304, 0.00065421970794, 0.000171515464899, 9.26805732888e-05, 0.000108646025183, 0.000125579565065, 3.00722131215e-05, 0.00012277479982, 8.47822593641e-05, 3.25117762259e-05, 7.98690889496e-05, 8.40829743538e-05, 8.0420395534e-05, 4.2396812205e-05, 7.25670906832e-05, 4.72433566756e-05, 2.26370411838e-05, 5.22753143741e-05, 1.68479746208e-05, 7.92367154645e-06, 4.40586263721e-05, 2.00419526664e-05, 1.83363881661e-05, 4.73958152725e-06, 5.76276534048e-06, 1.57130416483e-05, 5.1007705224e-06, 2.03369859264e-06, 3.69784129362e-06, 4.41034080723e-06, 4.29935198554e-06, 3.35566232934e-06, 3.11241001327e-06, 5.8337336668e-06, 6.93778565619e-06, 4.08748155678e-06, 6.79928689351e-06, 1.68372134794e-05, 6.90360775479e-06, 4.15021440858e-06, 9.76466617431e-06, 6.06694857197e-06, 3.57879480362e-06, 3.49043421011e-06, 1.68065298567e-06, 8.19106674044e-07, 7.30941565052e-07, 5.57172597837e-07, 6.04144020144e-07, 6.40389941964e-07, 7.24020026155e-07, 6.55224710044e-07, 5.75755223053e-07, 5.8107195855e-07, 4.81116501305e-07, 3.02638511585e-07, 2.2901382124e-07, 1.82284068728e-07, 2.4475005489e-07, 4.09119252254e-07, 4.99011207467e-07, 3.69431518266e-07, 3.53141587084e-07, 4.36300325646e-07, 5.19800551047e-07, 4.54680105122e-07, 3.06998316546e-07, 2.70215821274e-07, 3.63256191349e-07, 4.35536520627e-07, 2.6910842621e-07, 1.15759682728e-07, 5.18879552658e-08, 2.91289463661e-08, 2.27286847121e-08, 1.87282473973e-08, 1.66842504257e-08, 1.55242805278e-08, 1.11553104531e-08, 1.0496014724e-08, 1.0299218367e-08, 8.59367155215e-09, 6.69467636882e-09, 4.28988089496e-09, 2.39828845672e-09, 1.19057952386e-09, 3.93898191842e-10, 2.38577962941e-10, 3.11888875837e-10, 3.12811415659e-10, 9.3915829974e-12, 8.46502208607e-12, 6.17835426917e-12, 4.1643346757e-12, 4.00241645382e-12, 3.93375219551e-12, 3.85995619148e-12, 3.76763984594e-12, 3.64935035316e-12, 3.58065508667e-12, 3.55597040529e-12],
        "min": [3.36833139158e-09, 6.25222611461e-08, 9.26552985447e-08, 3.86438472333e-07, 3.23142103298e-07, 1.34633978632e-07, 2.86988012022e-07, 2.56881492078e-07, 1.30732928483e-07, 5.16258864991e-07, 1.972890459e-06, 1.00192892205e-06, 5.7922642327e-07, 3.4543168681e-07, 1.33662211965e-07, 6.05272020948e-07, 9.66522293311e-07, 1.31503966827e-07, 4.02881255468e-07, 3.69784544318e-07, 5.47845274923e-07, 3.36134426959e-08, 2.57860861552e-08, 2.89980768287e-08, 5.58093660175e-09, 1.25425003716e-07, 1.36891657121e-07, 5.81696646407e-08, 4.67220040434e-08, 7.07262373112e-08, 9.61093178375e-08, 5.29837755892e-08, 2.20508802329e-08, 3.7565062172e-08, 1.6530385949e-07, 9.34805370889e-08, 4.40720917538e-08, 1.13623336517e-07, 6.12911632558e-09, 2.14022968237e-08, 1.1104782871e-08, 2.33546355588e-08, 4.65972895825e-08, 4.51355646192e-08, 3.42608927895e-08, 9.03979611167e-08, 1.48394150301e-08, 2.16243645212e-08, 4.3300030228e-08, 8.34778717262e-08, 1.39058240478e-08, 1.58304906961e-08, 2.82512964134e-08, 2.28458301166e-08, 1.40886218247e-08, 1.32537509856e-08, 1.91993976273e-08, 7.00370739182e-09, 6.09521766393e-09, 2.37151613902e-08, 8.95111185173e-09, 5.90619864127e-09, 4.84923701194e-09, 4.45770664825e-09, 4.91138241188e-09, 4.08045774947e-09, 5.8612541487e-09, 2.41431230563e-09, 3.2355051971e-09, 6.89857104774e-09, 4.40968017656e-09, 1.45781631211e-09, 1.90821691781e-09, 7.48655859528e-10, 5.65833935262e-10, 8.22187928851e-10, 1.33391897528e-09, 4.41915476435e-10, 3.61750240874e-10, 3.46929041051e-10, 1.81983011993e-10, 1.20774973356e-10, 1.11739228981e-11, 1.02836164063e-12, 6.55687726336e-11, 1.86690621296e-10, 1.87929755091e-10, 2.47463521896e-10, 1.18071108446e-10, 1.54009416331e-10, 1.33416971915e-10, 1.31151672855e-10, 6.51609877167e-11, 1.33106026201e-10, 1.66270011648e-10, 1.0176377796e-10, 1.6354637089e-10, 1.44821044046e-10, 9.02517852119e-11, 1.54367369581e-11, 3.14550208796e-12, 1.92679227608e-12, 4.11174675037e-13, 2.43156948569e-12, 8.52796305795e-12, 2.32955256647e-12, 2.49804219194e-13, 1.56315132821e-13, 1.46755003982e-13, 9.56197943633e-14, 1.09516887746e-13, 9.43576000754e-14, 1.18257034482e-13, 8.64178113834e-14, 8.44872809951e-14, 1.30494166905e-13, 1.48296170266e-13, 1.11131298662e-13, 8.66809540269e-14, 8.14233527607e-14, 8.38347064837e-14, 7.54259393658e-14, 8.23269268512e-14, 8.70652427107e-14, 5.58984621286e-14, 2.50184665736e-14, 3.81893401654e-15, 1.35294574197e-16],
        "stdev": [0.000138211544254, 0.000368835491827, 0.00053188536549, 0.00071022490738, 0.000670775189064, 0.000427602324635, 0.000389471097151, 0.000890824652743, 0.00117481837515, 0.000792865292169, 0.00185892288573, 0.0015712355962, 0.00139766896609, 0.00147673964966, 0.00101803708822, 0.000974532100372, 0.000615783385001, 0.000487962824991, 0.000517765467521, 0.000892430602107, 0.000572927179746, 0.000721449963748, 0.00114747055341, 0.00192461290862, 0.00191420456395, 0.00138233008329, 0.00345505122095, 0.00119696615729, 0.00210393941961, 0.000539515167475, 0.000274095073109, 0.000230288103921, 0.000409381987993, 0.000105737759441, 0.000400933524361, 0.00024300107907, 9.73800561042e-05, 0.000294463010505, 0.000250736658927, 0.000194131105673, 0.000100362412923, 0.00020612469234, 0.000116601418995, 5.93377080804e-05, 0.000139827898238, 4.04591773986e-05, 1.57816011779e-05, 0.000142885983223, 4.68319594802e-05, 3.09135793941e-05, 8.83349912328e-06, 1.05873314169e-05, 4.83071744384e-05, 8.51251934364e-06, 3.55078373104e-06, 6.07061701885e-06, 5.86470696362e-06, 6.55267558614e-06, 6.81389838064e-06, 7.24012170394e-06, 1.01378100226e-05, 1.29491545522e-05, 1.09080465336e-05, 1.19901760627e-05, 3.22382256854e-05, 1.22595338325e-05, 8.62639535626e-06, 1.7940199541e-05, 1.05731633084e-05, 8.01810165285e-06, 8.21034882392e-06, 4.82939594804e-06, 5.45149987374e-06, 5.67075039726e-06, 4.10996926803e-06, 4.14908663515e-06, 4.2070564632e-06, 3.65262917512e-06, 3.48316575582e-06, 3.52051597474e-06, 4.33162858826e-06, 3.67459711015e-06, 2.62068692791e-06, 1.85012413567e-06, 1.34969809551e-06, 1.12788086426e-06, 1.15835985071e-06, 1.99162377612e-06, 1.00436704997e-06, 8.5352496626e-07, 8.85511667548e-07, 1.09140137283e-06, 8.25939537208e-07, 6.00555665642e-07, 4.81638039673e-07, 5.62346883726e-07, 7.42108113627e-07, 4.96403117722e-07, 2.17288814497e-07, 1.1762278973e-07, 7.76768160904e-08, 6.88896548695e-08, 5.95789693136e-08, 5.689257776e-08, 5.67164057941e-08, 5.56312080846e-08, 4.52509318905e-08, 3.93949086686e-08, 3.13873584901e-08, 2.74063367556e-08, 2.41425741621e-08, 2.35439046037e-08, 1.44691609805e-08, 8.5144300499e-09, 3.58928664568e-09, 2.69742228554e-09, 5.51394874204e-10, 2.3745134331e-11, 3.92860605158e-11, 2.45873408439e-11, 1.3784800558e-11, 1.338596161e-11, 1.31299467826e-11, 1.29385738235e-11, 1.27758949253e-11, 1.25562971479e-11, 1.24664376044e-11, 1.24028174883e-11]
    },
    "mfcc": {
        "mean": [-682.274108887, 160.277786255, -14.2067232132, 7.08529758453, -1.98065710068, -13.3598489761, 0.563803792, -0.578545987606, -20.7896404266, 14.5173063278, -10.5223588943, -4.73933362961, -9.46395015717],
        "cov": [[3177.10107422, -573.640136719, -24.7256984711, -142.115890503, -235.10005188, 51.7978515625, 134.532165527, 159.67326355, -16.5931491852, 258.759613037, 115.089126587, -16.7492256165, 0.12921525538], [-573.640136719, 642.4921875, -191.538345337, 26.3525505066, 64.5341262817, -7.81284093857, -19.4762420654, 6.96070194244, 39.3116188049, -5.94970417023, 12.6816053391, 33.7479171753, 10.1144580841], [-24.7256984711, -191.538345337, 289.506713867, 62.0401687622, 32.4197425842, 45.8846817017, -67.913230896, -6.05042409897, -36.731098175, -19.45154953, -25.6574554443, 0.488279461861, -13.0729131699], [-142.115890503, 26.3525505066, 62.0401687622, 285.256622314, 62.7102470398, 113.692398071, -140.429656982, -13.3432655334, 101.440132141, -102.339408875, 3.31066966057, 47.0963439941, 25.9216709137], [-235.10005188, 64.5341262817, 32.4197425842, 62.7102470398, 134.919769287, 23.0200710297, -49.6035194397, -2.46473574638, 42.02784729, -22.7502593994, -17.3032245636, 18.8022098541, 1.64382863045], [51.7978515625, -7.81284093857, 45.8846817017, 113.692398071, 23.0200710297, 180.341644287, -39.5300369263, -7.01723432541, 63.1998939514, -61.8632774353, 28.0949077606, 19.6424045563, 17.3386459351], [134.532165527, -19.4762420654, -67.913230896, -140.429656982, -49.6035194397, -39.5300369263, 278.945465088, 19.1107540131, -27.4045257568, 65.5115966797, 5.92475652695, -47.3225517273, -3.22267270088], [159.67326355, 6.96070194244, -6.05042409897, -13.3432655334, -2.46473574638, -7.01723432541, 19.1107540131, 94.6781997681, 0.404116392136, 34.426235199, 6.85082149506, -11.7727041245, -6.29802036285], [-16.5931491852, 39.3116188049, -36.731098175, 101.440132141, 42.02784729, 63.1998939514, -27.4045257568, 0.404116392136, 194.711227417, -53.5210952759, 28.6571483612, 23.2814407349, 34.8460006714], [258.759613037, -5.94970417023, -19.45154953, -102.339408875, -22.7502593994, -61.8632774353, 65.5115966797, 34.426235199, -53.5210952759, 176.141220093, 19.0765800476, -24.5843162537, -28.3011322021], [115.089126587, 12.6816053391, -25.6574554443, 3.31066966057, -17.3032245636, 28.0949077606, 5.92475652695, 6.85082149506, 28.6571483612, 19.0765800476, 79.3832855225, 9.80736160278, 8.534075737], [-16.7492256165, 33.7479171753, 0.488279461861, 47.0963439941, 18.8022098541, 19.6424045563, -47.3225517273, -11.7727041245, 23.2814407349, -24.5843162537, 9.80736160278, 82.1145706177, 38.9360084534], [0.12921525538, 10.1144580841, -13.0729131699, 25.9216709137, 1.64382863045, 17.3386459351, -3.22267270088, -6.29802036285, 34.8460006714, -28.3011322021, 8.534075737, 38.9360084534, 89.4245300293]],
        "icov": [[0.000596355821472, 0.000599056482315, 0.00035906190169, 5.35959989065e-05, 0.00070236355532, -0.000544833485037, 8.20323984954e-05, -0.000792669015937, -0.000157068949193, -0.000858445826452, -0.000119753727631, -0.000456156383734, 7.75912758399e-06], [0.000599056482315, 0.00285701616667, 0.00216329027899, -0.000213480147067, -0.000681919278577, -0.000620216655079, 0.000250126613537, -0.00100687507074, 0.000261858280282, -0.000873409386259, -0.000257052452071, -0.00105175958015, 0.000229030687478], [0.00035906190169, 0.00216329027899, 0.00597930001095, -0.000865708047058, -0.00138431135565, -0.00169167271815, 0.000867931870744, -0.00062492955476, 0.00175282766577, -0.000826037605293, 0.000950732792262, -0.000212188140722, 0.000277776038274], [5.35959989065e-05, -0.000213480147067, -0.000865708047058, 0.00761712295935, -0.000603707972914, -0.0026852414012, 0.00231834128499, -0.000479283189634, -0.00230444525369, 0.00153149769176, 0.000649417401291, -0.00124647363555, 0.000134463582071], [0.00070236355532, -0.000681919278577, -0.00138431135565, -0.000603707972914, 0.0110957333818, -0.000800954469014, 0.00066183967283, -0.000969483924564, -0.00262628542259, -0.00167866598349, 0.00288392161019, -0.00190643407404, 0.00100261520129], [-0.000544833485037, -0.000620216655079, -0.00169167271815, -0.0026852414012, -0.000800954469014, 0.00935618113726, -0.000924391148146, 0.000692115689162, -0.000653334776871, 0.00268982769921, -0.00350841204636, 0.000620811770204, -1.15419588838e-05], [8.20323984954e-05, 0.000250126613537, 0.000867931870744, 0.00231834128499, 0.00066183967283, -0.000924391148146, 0.00548238726333, -0.000423372694058, -0.000508385652211, -0.000974474940449, 0.000415483111283, 0.00218581268564, -0.00134039542172], [-0.000792669015937, -0.00100687507074, -0.00062492955476, -0.000479283189634, -0.000969483924564, 0.000692115689162, -0.000423372694058, 0.0126864435151, -0.000358509161742, -0.00126137770712, -0.000185526107089, 0.00199671718292, -0.000186724108062], [-0.000157068949193, 0.000261858280282, 0.00175282766577, -0.00230444525369, -0.00262628542259, -0.000653334776871, -0.000508385652211, -0.000358509161742, 0.00832851603627, 0.00142221583519, -0.00267584109679, 0.000865309440996, -0.00189042987768], [-0.000858445826452, -0.000873409386259, -0.000826037605293, 0.00153149769176, -0.00167866598349, 0.00268982769921, -0.000974474940449, -0.00126137770712, 0.00142221583519, 0.0101771391928, -0.0032894522883, 0.000559455424082, 0.00165770680178], [-0.000119753727631, -0.000257052452071, 0.000950732792262, 0.000649417401291, 0.00288392161019, -0.00350841204636, 0.000415483111283, -0.000185526107089, -0.00267584109679, -0.0032894522883, 0.016974709928, -0.00211732764728, -8.72781020007e-05], [-0.000456156383734, -0.00105175958015, -0.000212188140722, -0.00124647363555, -0.00190643407404, 0.000620811770204, 0.00218581268564, 0.00199671718292, 0.000865309440996, 0.000559455424082, -0.00211732764728, 0.0188341159374, -0.00757456803694], [7.75912758399e-06, 0.000229030687478, 0.000277776038274, 0.000134463582071, 0.00100261520129, -1.15419588838e-05, -0.00134039542172, -0.000186724108062, -0.00189042987768, 0.00165770680178, -8.72781020007e-05, -0.00757456803694, 0.0156482998282]]
    },
    "spectral_contrast_coeffs": {
        "max": [-0.388140499592, -0.448160558939, -0.397833049297, -0.591949224472, -0.604557693005, -0.589144289494],
        "mean": [-0.656043708324, -0.692400157452, -0.674600422382, -0.755695641041, -0.743873476982, -0.773944437504],
        "min": [-0.848429322243, -0.899983406067, -0.895752072334, -0.881561934948, -0.876624345779, -0.914203822613],
        "stdev": [0.0851138830185, 0.0749918743968, 0.0991589352489, 0.0501664094627, 0.0484362095594, 0.032388780266]
    },
    "spectral_contrast_valleys": {
        "max": [-5.13814973831, -5.2118678093, -6.20708990097, -6.72541332245, -6.2534828186, -9.02365684509],
        "mean": [-7.18438339233, -6.8483133316, -7.72610473633, -7.98562049866, -8.47531509399, -11.4438667297],
        "min": [-9.64461135864, -9.27685546875, -9.74856853485, -9.95901870728, -10.7191553116, -13.7136726379],
        "stdev": [0.682178556919, 0.647152423859, 0.557842969894, 0.508427977562, 0.595150232315, 0.707330584526]
    }
},
"rhythm": {
    "beats_count": 43,
    "beats_loudness": {
        "max": 0.0761571377516,
        "mean": 0.0296942163259,
        "min": 0.0021600779146,
        "stdev": 0.0177363213152
    },
    "bpm": 80.7853546143,
    "bpm_histogram_first_peak_bpm": 81,
    "bpm_histogram_first_peak_weight": 0.324999988079,
    "bpm_histogram_second_peak_bpm": 86,
    "bpm_histogram_second_peak_spread": 0,
    "bpm_histogram_second_peak_weight": 0.047619048506,
    "danceability": 1.08220565319,
    "onset_rate": 2.70703101158,
    "beats_loudness_band_ratio": {
        "max": [0.623452723026, 0.951833546162, 0.822923839092, 0.700441122055, 0.153220951557, 0.0797342658043],
        "mean": [0.142884671688, 0.304454892874, 0.386013388634, 0.145666912198, 0.0419983640313, 0.018959986046],
        "min": [0.00739922607318, 0.0539657957852, 0.0144762322307, 0.00156513962429, 0.00315661984496, 0.00208115950227],
        "stdev": [0.141745597124, 0.204552188516, 0.197673454881, 0.161357343197, 0.0367081835866, 0.0154604176059]
    },
    "beats_position": [0.731428563595, 1.48607707024, 2.2523355484, 2.97215414047, 3.66875267029, 4.3653512001, 5.07355976105, 5.78176879883, 6.5015873909, 7.22140598297, 7.94122457504, 8.66104316711, 9.42730140686, 10.1935596466, 10.95981884, 11.7260770798, 12.4691152573, 13.2121543884, 13.9551925659, 14.6982307434, 15.4412698746, 16.1843090057, 16.9273471832, 17.6819953918, 18.4134235382, 19.1448516846, 19.8878898621, 20.6193199158, 21.3739681244, 22.128616333, 22.8716545105, 23.614692688, 24.3577327728, 25.1007709503, 25.8438091278, 26.5868473053, 27.3298854828, 28.0729255676, 28.8159637451, 29.5706119537, 30.3252601624, 31.0915184021, 31.8461666107],
