{
"metadata": {
    "version": {
        "essentia": "2.1-beta5",
        "essentia_git_sha": "Undefined",
        "extractor": "music 2.0"
    },
    "audio_properties": {
        "analysis": {
            "equal_loudness": 0,
            "length": 52.2448997498,
            "sample_rate": 44100,
            "start_time": 77.7520217896,
            "downmix": "mix"
        },
        "bit_rate": 192000,
        "length": 199.320983887,
        "lossless": 0,
        "number_channels": 2,
        "replay_gain": -1.63865661621,
        "sample_rate": 48000,
        "codec": "mp3",
        "md5_encoded": "25baad1e2788b2617c28f8b7f61ce474"
    },
    "tags": {
        "file_name": "Greece_Everything_Anna Vissi.mp3",
        "encoding": ["Lavf58.29.100"]
    }
},
"lowlevel": {
    "average_loudness": 0.97050768137,
    "barkbands_crest": {
        "max": 25.6258392334,
        "mean": 10.1086273193,
        "min": 2.41156673431,
        "stdev": 4.46578645706
    },
    "barkbands_flatness_db": {
        "max": 0.252834051847,
        "mean": 0.103192672133,
        "min": 0.0215494856238,
        "stdev": 0.0434408038855
    },
    "barkbands_kurtosis": {
        "max": 61.5015029907,
        "mean": 4.29306697845,
        "min": -1.94046139717,
        "stdev": 7.29279851913
    },
    "barkbands_skewness": {
        "max": 6.83297014236,
        "mean": 1.59848964214,
        "min": -2.66189193726,
        "stdev": 1.30349493027
    },
    "barkbands_spread": {
        "max": 117.300987244,
        "mean": 33.5811691284,
        "min": 3.12771821022,
        "stdev": 21.9129428864
    },
    "dissonance": {
        "max": 0.499921470881,
        "mean": 0.473066926003,
        "min": 0.317150264978,
        "stdev": 0.0221939701587
    },
    "dynamic_complexity": 2.37050580978,
    "erbbands_crest": {
        "max": 31.3019199371,
        "mean": 8.85336875916,
        "min": 2.20527172089,
        "stdev": 5.64882326126
    },
    "erbbands_flatness_db": {
        "max": 0.306977778673,
        "mean": 0.112750165164,
        "min": 0.0304176397622,
        "stdev": 0.0420362353325
    },
    "erbbands_kurtosis": {
        "max": 34.7737617493,
        "mean": 0.48790922761,
        "min": -1.69095301628,
        "stdev": 2.56915283203
    },
    "erbbands_skewness": {
        "max": 4.52828502655,
        "mean": 0.199757114053,
        "min": -4.10296773911,
        "stdev": 0.89313596487
    },
    "erbbands_spread": {
        "max": 153.659851074,
        "mean": 52.5975112915,
        "min": 3.08309602737,
        "stdev": 23.9993190765
    },
    "hfc": {
        "max": 393.875091553,
        "mean": 34.9195404053,
        "min": 0.783061146736,
        "stdev": 42.1755027771
    },
    "loudness_ebu128": {
        "integrated": -21.4773979187,
        "loudness_range": 4.25957679749,
        "momentary": {
            "max": -18.6673355103,
            "mean": -21.8991985321,
            "min": -28.0649452209,
            "stdev": 2.03993535042
        },
        "short_term": {
            "max": -19.711687088,
            "mean": -21.7159194946,
            "min": -25.3137302399,
            "stdev": 1.59189724922
        }
    },
    "melbands_crest": {
        "max": 32.8360786438,
        "mean": 14.0997505188,
        "min": 3.96781826019,
        "stdev": 4.80211925507
    },
    "melbands_flatness_db": {
        "max": 0.353637039661,
        "mean": 0.176391914487,
        "min": 0.0402372814715,
        "stdev": 0.0605422444642
    },
    "melbands_kurtosis": {
        "max": 203.975769043,
        "mean": 19.3541297913,
        "min": -1.83956575394,
        "stdev": 25.5560760498
    },
    "melbands_skewness": {
        "max": 12.6546211243,
        "mean": 3.21677446365,
        "min": -1.51104068756,
        "stdev": 1.99304485321
    },
    "melbands_spread": {
        "max": 286.03237915,
        "mean": 30.1739253998,
        "min": 1.97310483456,
        "stdev": 29.256860733
    },
    "pitch_salience": {
        "max": 0.849794983864,
        "mean": 0.546000957489,
        "min": 0.136643826962,
        "stdev": 0.113339290023
    },
    "silence_rate_20dB": {
        "max": 1,
        "mean": 1,
        "min": 1,
        "stdev": 0
    },
    "silence_rate_30dB": {
        "max": 1,
        "mean": 1,
        "min": 1,
        "stdev": 0
    },
    "silence_rate_60dB": {
        "max": 1,
        "mean": 0.00399822322652,
        "min": 0,
        "stdev": 0.063106007874
    },
    "spectral_centroid": {
        "max": 6296.18359375,
        "mean": 1549.08850098,
        "min": 252.952087402,
        "stdev": 779.881469727
    },
    "spectral_complexity": {
        "max": 54,
        "mean": 19.4873390198,
        "min": 2,
        "stdev": 9.24613380432
    },
    "spectral_decrease": {
        "max": -2.76660083731e-10,
        "mean": -6.41923181277e-09,
        "min": -2.57460488484e-08,
        "stdev": 3.72386321779e-09
    },
    "spectral_energy": {
        "max": 0.0991892442107,
        "mean": 0.027394965291,
        "min": 0.00111519976053,
        "stdev": 0.0150860557333
    },
    "spectral_energyband_high": {
        "max": 0.0395663306117,
        "mean": 0.00232878094539,
        "min": 1.18337875392e-05,
        "stdev": 0.00419485149905
    },
    "spectral_energyband_low": {
        "max": 0.0869815647602,
        "mean": 0.0100467987359,
        "min": 2.54579827015e-05,
        "stdev": 0.0101849706843
    },
    "spectral_energyband_middle_high": {
        "max": 0.0916272103786,
        "mean": 0.00657690735534,
        "min": 0.000115360984637,
        "stdev": 0.00973648857325
    },
    "spectral_energyband_middle_low": {
        "max": 0.0654579252005,
        "mean": 0.00976340379566,
        "min": 0.000316458870657,
        "stdev": 0.00805521663278
    },
    "spectral_entropy": {
        "max": 8.93455600739,
        "mean": 7.88584136963,
        "min": 6.49219799042,
        "stdev": 0.39944306016
    },
    "spectral_flux": {
        "max": 0.293646425009,
        "mean": 0.0878669843078,
        "min": 0.0149154430255,
        "stdev": 0.0418344810605
    },
    "spectral_kurtosis": {
        "max": 12.0070867538,
        "mean": 2.78530097008,
        "min": -1.34142696857,
        "stdev": 1.79939162731
    },
    "spectral_rms": {
        "max": 0.00983717385679,
        "mean": 0.00497577432543,
        "min": 0.00104307231959,
        "stdev": 0.00140302546788
    },
    "spectral_rolloff": {
        "max": 13781.25,
        "mean": 2285.59667969,
        "min": 86.1328125,
        "stdev": 2781.71191406
    },
    "spectral_skewness": {
        "max": 2.94314265251,
        "mean": 1.41029715538,
        "min": -0.237192645669,
        "stdev": 0.389228075743
    },
    "spectral_spread": {
        "max": 17352660,
        "mean": 6617269.5,
        "min": 3213771,
        "stdev": 2149470
    },
    "spectral_strongpeak": {
        "max": 13.5778169632,
        "mean": 1.0705858469,
        "min": 0.0268957838416,
        "stdev": 1.72558295727
    },
    "zerocrossingrate": {
        "max": 0.431640625,
        "mean": 0.0929556488991,
        "min": 0.0078125,
        "stdev": 0.064008846879
    },
    "barkbands": {
        "max": [0.00386433419771, 0.0808187276125, 0.0399216711521, 0.0369020812213, 0.0325548574328, 0.0413201898336, 0.0195751339197, 0.0166957210749, 0.0574677959085, 0.0869583785534, 0.0320194885135, 0.0383988879621, 0.0299802832305, 0.025786653161, 0.0103901531547, 0.0198793504387, 0.0230821575969, 0.0198346078396, 0.00866077747196, 0.00605632178485, 0.00473606586456, 0.00689962692559, 0.00925633125007, 0.0208178516477, 0.0187108628452, 0.0093241520226, 0.00229310244322],
        "mean": [0.000183039563126, 0.0060280226171, 0.00289021572098, 0.00155888451263, 0.00326750986278, 0.00211158581078, 0.000970457040239, 0.000369430461433, 0.000868795672432, 0.00252245552838, 0.00051902316045, 0.000451417203294, 0.000372785580112, 0.000364598439774, 0.000341461913195, 0.000509022909682, 0.000690550135914, 0.000526723160874, 0.000374026800273, 0.000347387162037, 0.00019500151393, 0.000192691310076, 0.000315739685902, 0.000507719407324, 0.00063205556944, 0.00023170800705, 5.26840849489e-05],
        "min": [2.22285592599e-07, 6.47019851385e-06, 2.01990951609e-06, 2.08762912735e-06, 4.19936714025e-06, 3.4493050407e-06, 4.99984071212e-06, 2.30228988585e-06, 3.73881402993e-06, 7.40407995181e-06, 3.72729164155e-06, 4.45516889158e-06, 4.68643747809e-06, 3.34139440383e-06, 4.19082152803e-06, 2.41627890318e-06, 1.70918576714e-06, 2.45255773734e-06, 2.74210765383e-06, 1.92808829524e-06, 1.77141168933e-06, 1.63564345712e-06, 1.4510355868e-06, 1.12004852326e-06, 5.4746465139e-07, 1.19742082916e-07, 4.51076243024e-09],
        "stdev": [0.000255164806731, 0.00799150578678, 0.00360663980246, 0.00196416839026, 0.00433831475675, 0.00413790950552, 0.00162181374617, 0.000708438514266, 0.00330686848611, 0.00774454139173, 0.00153476151172, 0.00149565783795, 0.00128856056836, 0.00126764690503, 0.000696613045875, 0.00131202465855, 0.00182315928396, 0.0010382811306, 0.000625974556897, 0.000519901281223, 0.000314020522637, 0.000372651964426, 0.00061881786678, 0.00142348418012, 0.00153001444414, 0.000656101852655, 0.000153555040015]
    },
    "erbbands": {
        "max": [2.31247663498, 20.1889686584, 36.6473884583, 67.6516036987, 92.4220046997, 150.332824707, 358.502716064, 507.79083252, 341.424865723, 309.438323975, 194.993408203, 965.737304688, 2265.07836914, 2497.15942383, 985.35748291, 1816.34851074, 1558.40844727, 1497.13586426, 742.860717773, 888.109619141, 1259.23339844, 1139.90161133, 1365.53344727, 600.509155273, 249.674026489, 267.631530762, 241.803497314, 156.986373901, 258.691497803, 209.098403931, 236.356887817, 427.823516846, 328.052032471, 207.021194458, 124.635482788, 67.850227356, 12.1476430893, 2.49811124802, 0.421002447605, 0.0102100204676],
        "mean": [0.135185286403, 1.46614313126, 3.47816514969, 4.85707807541, 7.76728487015, 11.1969242096, 11.7289333344, 19.8196868896, 18.0322914124, 9.29955482483, 7.87578678131, 18.7608032227, 55.2041358948, 68.527305603, 20.8035430908, 20.1056251526, 19.0105381012, 18.4505596161, 18.809431076, 20.869758606, 32.3150444031, 36.940662384, 29.5749778748, 25.6134033203, 15.1833715439, 17.0916233063, 10.8568992615, 6.74581813812, 6.58604955673, 7.26930093765, 9.6437664032, 9.87274169922, 9.04522418976, 7.79688358307, 3.97835421562, 1.32439279556, 0.359973400831, 0.0749744400382, 0.0104722268879, 0.000341003469657],
        "min": [0.000210639307625, 0.00124279817101, 0.00278459233232, 0.0179595388472, 0.011362134479, 0.0199837442487, 0.0228421669453, 0.0657740011811, 0.0968281552196, 0.096737191081, 0.108348980546, 0.145842596889, 0.262180924416, 0.416723072529, 0.275245398283, 0.253982692957, 0.254683583975, 0.26294106245, 0.301981329918, 0.177840724587, 0.144422709942, 0.151678800583, 0.167657509446, 0.209130883217, 0.100334100425, 0.100479096174, 0.0676792114973, 0.0715975537896, 0.0631078258157, 0.0520131736994, 0.0430881455541, 0.0276304092258, 0.0117789814249, 0.00839923508465, 0.00234963046387, 0.000738391885534, 0.000150589505211, 2.38415032072e-05, 3.02657531392e-06, 1.43326349189e-06],
        "stdev": [0.214950457215, 1.89328384399, 3.95567321777, 6.02462434769, 10.2221088409, 18.3847522736, 20.1254692078, 43.9339675903, 29.5634613037, 16.9616355896, 11.8665189743, 58.5864334106, 178.394104004, 236.67401123, 54.3010673523, 64.472869873, 63.8637695312, 63.4654884338, 42.5367851257, 47.237247467, 77.6275939941, 95.6655273438, 62.1580467224, 46.9864654541, 21.2420902252, 26.3400173187, 18.8667469025, 10.1250629425, 12.8932094574, 13.5491886139, 18.7123184204, 26.6331920624, 24.6833648682, 18.4122982025, 10.2935914993, 3.90236449242, 1.05100226402, 0.204442754388, 0.0301518701017, 0.000883710570633]
    },
    "gfcc": {
        "mean": [38.9619064331, 57.764667511, -88.4565200806, 34.4080963135, -51.3087272644, 20.7260417938, -40.4485588074, 16.0371284485, -27.956829071, -0.421740233898, -14.2809391022, 3.0200521946, -8.43536472321],
        "cov": [[2033.28308105, -964.517028809, -140.970733643, -75.6497039795, 43.2140274048, -97.0483551025, -101.520225525, 156.594223022, 60.5845565796, 68.9966812134, -13.9333181381, -13.7392587662, -12.6272411346], [-964.517028809, 1168.98413086, -212.394393921, 15.638343811, -6.19277000427, -15.9766998291, 112.434997559, -83.2832946777, -41.2148857117, -64.7216262817, 75.2450637817, -24.5458431244, 4.30764055252], [-140.970733643, -212.394393921, 705.392272949, 55.8854751587, 93.677986145, 58.9385223389, 2.30545091629, -60.1670837402, 14.2213191986, 63.3272361755, -24.5194625854, 36.1268234253, -44.7576599121], [-75.6497039795, 15.638343811, 55.8854751587, 258.393432617, 20.6647434235, -8.98975372314, -37.9105529785, -9.01953411102, 35.6745605469, 34.3653564453, 23.2719268799, 5.52947854996, -25.9044456482], [43.2140274048, -6.19277000427, 93.677986145, 20.6647434235, 216.543823242, -2.52521157265, 49.329914093, 27.4299106598, 26.4417877197, 1.45890808105, -8.16674995422, -1.13276982307, -12.1905021667], [-97.0483551025, -15.9766998291, 58.9385223389, -8.98975372314, -2.52521157265, 176.286697388, 51.8034439087, 3.15297579765, -21.7598018646, 3.570551157, -0.185283526778, -12.0449142456, 8.07854557037], [-101.520225525, 112.434997559, 2.30545091629, -37.9105529785, 49.329914093, 51.8034439087, 175.902038574, 0.135207757354, -5.32270765305, -23.832201004, -10.1259622574, -15.1179170609, -4.42955732346], [156.594223022, -83.2832946777, -60.1670837402, -9.01953411102, 27.4299106598, 3.15297579765, 0.135207757354, 119.657234192, 32.5750160217, -2.97885632515, -5.18170499802, 4.03007650375, 20.1509437561], [60.5845565796, -41.2148857117, 14.2213191986, 35.6745605469, 26.4417877197, -21.7598018646, -5.32270765305, 32.5750160217, 89.36743927, 13.877117157, 1.08927822113, 5.44397115707, -8.46713733673], [68.9966812134, -64.7216262817, 63.3272361755, 34.3653564453, 1.45890808105, 3.570551157, -23.832201004, -2.97885632515, 13.877117157, 96.5466842651, 29.4295654297, 6.03042793274, -9.058344841], [-13.9333181381, 75.2450637817, -24.5194625854, 23.2719268799, -8.16674995422, -0.185283526778, -10.1259622574, -5.18170499802, 1.08927822113, 29.4295654297, 92.980178833, 20.8368759155, -8.9048538208], [-13.7392587662, -24.5458431244, 36.1268234253, 5.52947854996, -1.13276982307, -12.0449142456, -15.1179170609, 4.03007650375, 5.44397115707, 6.03042793274, 20.8368759155, 63.6957511902, 16.2533836365], [-12.6272411346, 4.30764055252, -44.7576599121, -25.9044456482, -12.1905021667, 8.07854557037, -4.42955732346, 20.1509437561, -8.46713733673, -9.058344841, -8.9048538208, 16.2533836365, 74.3905563354]],
        "icov": [[0.00108632049523, 0.000977415358648, 0.000420718861278, 0.000304060260532, -0.000316357909469, 0.000628051522654, -5.82661668886e-05, -0.000558736734092, 2.14483352465e-05, -0.000374317052774, -0.000665614265017, 0.000669301953167, 0.000245592294959], [0.000977415358648, 0.00209232931957, 0.000645149499178, -3.16445448334e-06, -0.00037023355253, 0.000856714439578, -0.000871017517056, 0.000470332073746, 0.000132590590511, 0.000523334310856, -0.0019492066931, 0.00122997001745, -0.000324410822941], [0.000420718861278, 0.000645149499178, 0.00235957629047, -1.98510097107e-05, -0.00112845760304, -0.000743833370507, 8.16892425064e-05, 0.00127330317628, -0.000227914017159, -0.00137490360066, 0.00110957084689, -0.00177159940358, 0.00132913992275], [0.000304060260532, -3.16445448334e-06, -1.98510097107e-05, 0.00474148755893, -0.000557519262657, -0.000206360666198, 0.00122318032663, 0.000295075849863, -0.00173596176319, -0.00102563085966, -0.000584515277296, 1.21498014778e-05, 0.00121979601681], [-0.000316357909469, -0.00037023355253, -0.00112845760304, -0.000557519262657, 0.00596475275233, 0.000722034950741, -0.00186915451195, -0.00168809178285, -0.00068577833008, 0.000335201009875, 0.000185730066733, 0.000282322202111, 0.000262979709078], [0.000628051522654, 0.000856714439578, -0.000743833370507, -0.000206360666198, 0.000722034950741, 0.00762048922479, -0.00256312033162, -0.00141947669908, 0.00194589537568, -0.000362293416401, -0.00167279411107, 0.00264931027777, -0.00154145655688], [-5.82661668886e-05, -0.000871017517056, 8.16892425064e-05, 0.00122318032663, -0.00186915451195, -0.00256312033162, 0.00796134397388, 0.000130786720547, -0.000588985625654, 0.000963605649304, 0.000852315220982, 0.000283506145934, 0.00101668667048], [-0.000558736734092, 0.000470332073746, 0.00127330317628, 0.000295075849863, -0.00168809178285, -0.00141947669908, 0.000130786720547, 0.0122250430286, -0.00435536727309, 0.000635327538475, 6.42464801786e-05, -0.000686658546329, -0.0029400982894], [2.14483352465e-05, 0.000132590590511, -0.000227914017159, -0.00173596176319, -0.00068577833008, 0.00194589537568, -0.000588985625654, -0.00435536727309, 0.0146619109437, -0.00156511983369, 0.000618970370851, -0.000948413042352, 0.00183490046766], [-0.000374317052774, 0.000523334310856, -0.00137490360066, -0.00102563085966, 0.000335201009875, -0.000362293416401, 0.000963605649304, 0.000635327538475, -0.00156511983369, 0.0141823608428, -0.00538368523121, 0.00187299936078, -0.000803525443189], [-0.000665614265017, -0.0019492066931, 0.00110957084689, -0.000584515277296, 0.000185730066733, -0.00167279411107, 0.000852315220982, 6.42464801786e-05, 0.000618970370851, -0.00538368523121, 0.0165133737028, -0.00748685887083, 0.00373676605523], [0.000669301953167, 0.00122997001745, -0.00177159940358, 1.21498014778e-05, 0.000282322202111, 0.00264931027777, 0.000283506145934, -0.000686658546329, -0.000948413042352, 0.00187299936078, -0.00748685887083, 0.0219850782305, -0.00663737999275], [0.000245592294959, -0.000324410822941, 0.00132913992275, 0.00121979601681, 0.000262979709078, -0.00154145655688, 0.00101668667048, -0.0029400982894, 0.00183490046766, -0.000803525443189, 0.00373676605523, -0.00663737999275, 0.0178034249693]]
    },
    "melbands": {
        "max": [0.0201806146652, 0.0164840146899, 0.0128248222172, 0.00855905003846, 0.0102543588728, 0.00990243721753, 0.0045029707253, 0.00387116777711, 0.00224709510803, 0.00669451570138, 0.0113992439583, 0.011185368523, 0.0029076221399, 0.00265372474678, 0.00368184223771, 0.00349630601704, 0.00336243771017, 0.00168392702471, 0.000893139105756, 0.00130188267212, 0.00198069470935, 0.00167932512704, 0.000908873742446, 0.000983171863481, 0.000612510251813, 0.000259644701146, 0.000136703951284, 0.000208656740142, 0.000209020523471, 0.000106151266664, 9.66267543845e-05, 0.000136260088766, 0.000145522484672, 0.000126206272398, 0.000123591249576, 0.000292537151836, 0.000283780449536, 0.000253074540524, 0.000194178312086, 0.000211566803046],
        "mean": [0.00146821141243, 0.00188939040527, 0.000889698800165, 0.000717756338418, 0.000429089268437, 0.000434402754763, 0.000257427804172, 9.28986119106e-05, 6.32661758573e-05, 0.000130097658257, 0.000284200679744, 0.000296762824291, 6.94766640663e-05, 4.92763283546e-05, 4.98383305967e-05, 3.4756045352e-05, 3.51751696144e-05, 3.01479394693e-05, 2.43877420871e-05, 3.218353595e-05, 4.01353281632e-05, 4.18563395215e-05, 2.85482310574e-05, 2.37209278566e-05, 2.10670386878e-05, 1.13071018859e-05, 1.01929508673e-05, 1.16932005767e-05, 7.86795408203e-06, 4.15523209085e-06, 3.83014412364e-06, 3.69707208847e-06, 3.68986275134e-06, 4.12759663959e-06, 5.28929467691e-06, 6.19946831648e-06, 5.94679568167e-06, 6.15639009993e-06, 6.55076246403e-06, 6.70572717354e-06],
        "min": [2.11082692658e-06, 1.39866710924e-06, 2.67489645012e-06, 1.00739907793e-06, 8.37247057461e-07, 9.17701584058e-07, 1.58622947311e-06, 8.78663740878e-07, 7.48637717152e-07, 3.93039300661e-07, 1.08159326828e-06, 1.00034208117e-06, 1.02751880604e-06, 4.62874595542e-07, 4.53321121086e-07, 5.62488764899e-07, 2.59066780472e-07, 3.79465035394e-07, 2.33304533026e-07, 1.42315400353e-07, 1.69224634305e-07, 1.20367076306e-07, 1.91424064155e-07, 1.18433092666e-07, 1.1957938284e-07, 6.37542925119e-08, 6.63420749447e-08, 5.89848276888e-08, 3.63071528398e-08, 4.56786501957e-08, 3.97334396496e-08, 3.22361586313e-08, 2.80795955376e-08, 1.9141920049e-08, 2.2034015501e-08, 2.12718127557e-08, 1.04934425593e-08, 6.92613921771e-09, 7.62178586911e-09, 6.79197054154e-09],
        "stdev": [0.00210620299913, 0.00198939233087, 0.000930248061195, 0.00102205609437, 0.000674151349813, 0.000900134036783, 0.000410231063142, 0.000182197094546, 0.00011258397717, 0.000461655290565, 0.00092743721325, 0.00104270246811, 0.00019117629563, 0.000128776402562, 0.000190512131667, 0.000121970871987, 0.000140281830681, 7.83945652074e-05, 5.16659929417e-05, 8.17367545096e-05, 0.000113024609163, 0.000122267898405, 6.39187928755e-05, 4.95587701153e-05, 4.25408616138e-05, 1.806689761e-05, 1.46623124238e-05, 1.91360959434e-05, 1.56238656928e-05, 6.69838254908e-06, 6.1386795096e-06, 7.48876391299e-06, 7.7195763879e-06, 7.7172753663e-06, 9.76843966782e-06, 1.5179228285e-05, 1.75027107616e-05, 1.83851097972e-05, 1.56467303896e-05, 1.63138192875e-05]
    },
    "melbands128": {
        "max": [0.00312027195469, 0.0179121419787, 0.0343407355249, 0.0338740646839, 0.0238458141685, 0.0224000979215, 0.0134946545586, 0.0191256739199, 0.0118077620864, 0.0155146820471, 0.011550841853, 0.0148523906246, 0.0176940485835, 0.0123712019995, 0.0154917361215, 0.0116411009803, 0.00760883372277, 0.00572896702215, 0.00481975497678, 0.00438911793754, 0.0063489289023, 0.00326437409967, 0.00200601667166, 0.00604074262083, 0.0059881573543, 0.0137478439137, 0.02398747392, 0.0215519871563, 0.0170015972108, 0.0247532315552, 0.0129635715857, 0.00784690212458, 0.00387998856604, 0.00752120604739, 0.00296795531176, 0.00246226950549, 0.011229111813, 0.00778428465128, 0.00613253936172, 0.00764854159206, 0.00290856068023, 0.00177873077337, 0.00610471237451, 0.00382097647525, 0.00428971648216, 0.00223822682165, 0.00157561327796, 0.00177605671342, 0.00134846603032, 0.00336741609499, 0.00252624042332, 0.00151431339327, 0.00266199395992, 0.0050526377745, 0.00378485838883, 0.00296492874622, 0.00222317455336, 0.00262320647016, 0.00163717998657, 0.00301481666975, 0.00107932277024, 0.00112976937089, 0.00109653326217, 0.00116444856394, 0.000493918254506, 0.000607348920312, 0.000337717880029, 0.000416428083554, 0.000220879839617, 0.00038353484706, 0.000421587319579, 0.000467772042612, 0.000436729751527, 0.000358813296771, 0.000153912886162, 0.00011968529725, 0.000116405004519, 0.00010421454499, 0.000111704946903, 9.51501351665e-05, 0.000232929276535, 0.000165441815625, 0.000258970569121, 0.000191319122678, 0.000185218217666, 0.000150701962411, 0.000155668196385, 0.000111805078632, 0.000122223384096, 0.000157387679792, 0.000278861640254, 0.000395532872062, 0.000321601313772, 0.000255821651081, 0.000388260319596, 0.000373858434614, 0.000292868702672, 0.000299869832816, 0.000236604479142, 0.000186639575986, 0.000222877613851, 0.000253396690823, 0.000258523767116, 0.000255756865954, 0.000131760636577, 0.000121350181871, 0.000259011983871, 0.000152562381118, 0.000170599887497, 9.07271096366e-05, 6.31616203464e-05, 9.36188807827e-05, 4.43765238742e-05, 3.9986010961e-05, 2.69979173027e-05, 1.94488075067e-05, 2.47463394771e-05, 2.12200247915e-05, 1.76255744009e-05, 2.4024695449e-05, 1.24611669889e-05, 1.08954627649e-05, 7.49414357415e-06, 3.8352249021e-07, 4.99468821857e-09, 4.96180962983e-09, 4.92409535369e-09, 4.90521090413e-09],
        "mean": [0.000153292596224, 0.000871696160175, 0.00202249549329, 0.00260921358131, 0.00200246600434, 0.00134244188666, 0.001033327193, 0.000666238600388, 0.000779045338277, 0.000854121812154, 0.000589430099353, 0.000467511970783, 0.000386639905628, 0.000353878509486, 0.000494047766551, 0.000454247870948, 0.000354204908945, 0.000228597506066, 0.000133461260702, 8.88321155799e-05, 8.4369785327e-05, 5.66215203435e-05, 6.22047955403e-05, 6.21248400421e-05, 9.16502613109e-05, 0.000167262842297, 0.000205140036996, 0.00031359330751, 0.000303743057884, 0.000427082122769, 0.0002736634342, 7.39087845432e-05, 6.28742418485e-05, 6.20281352894e-05, 3.85580824513e-05, 4.53370921605e-05, 6.76331255818e-05, 4.3673277105e-05, 4.69597871415e-05, 4.5722030336e-05, 2.9412767617e-05, 2.24055311264e-05, 3.79258126486e-05, 4.17475057475e-05, 2.75692655123e-05, 3.02762891806e-05, 3.14913486363e-05, 1.98041616386e-05, 2.223136471e-05, 3.14095887006e-05, 3.43702267855e-05, 3.15471334034e-05, 3.63579929399e-05, 4.09492095059e-05, 5.55663318664e-05, 4.3090836698e-05, 3.01996824419e-05, 2.79511223198e-05, 2.77497911156e-05, 3.14348835673e-05, 1.90504633792e-05, 2.1331348762e-05, 2.88214614557e-05, 1.91047838598e-05, 1.27292723846e-05, 1.05024746517e-05, 1.14963149827e-05, 8.82429230842e-06, 9.42061069509e-06, 1.24641701404e-05, 1.25537999338e-05, 1.11567860586e-05, 9.70479595708e-06, 7.80703157943e-06, 4.8652955229e-06, 4.24239715358e-06, 3.81349877898e-06, 3.52644769919e-06, 3.92688025386e-06, 4.00149065172e-06, 3.81116319659e-06, 3.30396278514e-06, 3.94752623833e-06, 3.3983526464e-06, 4.00395992983e-06, 3.79393009098e-06, 4.33588274973e-06, 4.44349916506e-06, 5.31053638042e-06, 5.80825872021e-06, 6.18704552835e-06, 6.37542188997e-06, 6.22193101663e-06, 5.76255570195e-06, 5.84514054935e-06, 6.16586612523e-06, 6.13916381553e-06, 6.34027446722e-06, 6.61277408653e-06, 6.46666376269e-06, 6.86261228111e-06, 6.96510551279e-06, 6.35646711089e-06, 5.37104915566e-06, 4.59363218397e-06, 3.62390233022e-06, 3.14524868372e-06, 2.76781770481e-06, 2.13054295273e-06, 1.74545698428e-06, 1.51339429522e-06, 1.31522176616e-06, 1.05501931102e-06, 8.5659337401e-07, 8.13013059542e-07, 6.31800901374e-07, 5.0089653314e-07, 4.18889726461e-07, 4.32365709457e-07, 3.73678517462e-07, 2.71009014341e-07, 2.18617216774e-07, 1.18060597742e-07, 3.86566156863e-09, 6.30420932471e-12, 5.88994001141e-12, 5.66095477786e-12, 5.5961476772e-12],
        "min": [1.91258884286e-08, 2.44983198172e-07, 1.76784510586e-06, 1.26066993289e-06, 4.00453615157e-07, 8.23459004096e-07, 1.75990953721e-06, 4.78057188502e-07, 5.83602457027e-07, 6.70296685712e-07, 3.01182922158e-07, 2.99496640821e-08, 3.08342606559e-07, 8.03326827281e-08, 4.02881028094e-07, 4.65653130277e-07, 1.83841194712e-07, 3.63671119885e-07, 5.22546997672e-07, 2.31481237734e-07, 1.97584142825e-07, 7.09124563514e-08, 2.06604013897e-07, 1.74104684447e-07, 3.45131319079e-08, 3.34303962291e-07, 4.2752014906e-07, 3.81908193958e-07, 4.85959162688e-07, 2.21244377485e-07, 2.74524950328e-07, 3.61664405091e-07, 2.15161207962e-07, 2.08123253742e-07, 1.1014247292e-07, 2.26348220167e-07, 1.37371301889e-07, 9.58567341058e-08, 1.76446945943e-07, 1.40375234992e-07, 3.63832874939e-08, 1.1387884058e-07, 7.03334563923e-08, 8.14353171563e-08, 3.21359578948e-08, 1.07579239739e-07, 1.77472486484e-07, 2.20318998601e-08, 6.85178562776e-08, 5.16498488423e-08, 5.18840614916e-08, 8.7871200094e-08, 8.44634229225e-08, 4.76536321514e-08, 5.12115043705e-08, 6.15307413909e-08, 2.15476880783e-08, 7.61081366818e-08, 1.15546207269e-07, 6.76760265605e-08, 7.75656943119e-08, 4.81792632456e-08, 6.17646946921e-08, 2.82031038523e-08, 2.35642012569e-08, 7.02077471715e-08, 4.73472212548e-08, 5.36084350244e-08, 1.85803816777e-08, 3.54852822682e-08, 4.75229455787e-08, 2.10620729746e-08, 2.87424484213e-08, 1.46081973185e-08, 2.79397056602e-08, 2.26524967673e-08, 2.03456327341e-08, 1.71062612964e-08, 2.58774157658e-08, 2.43083064788e-08, 2.11555413188e-08, 1.3269194632e-08, 1.93077696053e-08, 1.91709563779e-08, 1.08321138725e-08, 1.46087169028e-08, 1.55917234679e-08, 1.20911538559e-08, 1.00978176931e-08, 1.46046641447e-08, 1.34723903145e-08, 8.05794719838e-09, 1.20330376774e-08, 6.82782319572e-09, 3.53181150992e-09, 4.39869740632e-09, 4.41711778265e-09, 7.49758921614e-10, 6.0430278559e-09, 3.29651039799e-09, 8.97431551294e-09, 4.66038452274e-09, 2.07845585187e-09, 3.34537353375e-09, 2.14108886176e-09, 1.8248119682e-09, 7.22008619558e-10, 7.53382634056e-10, 1.78802611606e-10, 6.45783704289e-10, 6.00669403106e-10, 3.79220654878e-10, 1.14535825269e-10, 6.47679548882e-11, 1.22770918431e-10, 8.20265938506e-11, 2.58549553295e-11, 1.21757118277e-12, 4.82592969493e-13, 4.51941327244e-13, 4.80668727477e-13, 2.83712289773e-13, 3.69024526648e-13, 3.36818002959e-13, 2.50931301562e-13, 9.38270863999e-14, 1.47813093823e-14, 4.66976463601e-16],
        "stdev": [0.000217721055378, 0.00149887893349, 0.00342437275685, 0.00329099874943, 0.00245479750447, 0.00183142628521, 0.0014802555088, 0.000876459409483, 0.00120731710922, 0.00154617591761, 0.00122849841136, 0.000969719490968, 0.000830480654258, 0.000982140307315, 0.00137102685403, 0.00112303125206, 0.000769748643506, 0.000461079180241, 0.000323637505062, 0.000217877808609, 0.000243662303546, 0.000129519510665, 0.000105560349766, 0.000266126036877, 0.000280161504634, 0.000872997858096, 0.00111224758439, 0.00141804036684, 0.001322935801, 0.00179020198993, 0.00117291358765, 0.000287520437269, 0.000249032629654, 0.000283102912363, 0.000153692744789, 0.000142554810736, 0.000327921618009, 0.00030313062598, 0.000215570355067, 0.000241111483774, 0.00011259393068, 7.05575657776e-05, 0.000214012630749, 0.000180191462277, 0.000137630529935, 9.89969339571e-05, 8.7372638518e-05, 6.41081278445e-05, 6.84641563566e-05, 0.000124862068333, 0.000119871059724, 0.000101830119092, 0.000138531118864, 0.000181293144124, 0.000226649659453, 0.000195458924281, 0.000117642295663, 0.000109129672637, 8.09919729363e-05, 0.000115291877592, 5.62833374715e-05, 6.42659069854e-05, 8.03551447461e-05, 5.25511823071e-05, 2.85951446131e-05, 2.4982571631e-05, 2.28043281822e-05, 1.75598215719e-05, 1.73521366378e-05, 2.82732198684e-05, 2.77578856185e-05, 2.55287795881e-05, 2.31193935178e-05, 2.23518654821e-05, 9.74434624368e-06, 8.47359660838e-06, 6.94314030625e-06, 6.36278082311e-06, 6.93373522154e-06, 7.39986717235e-06, 9.81253560894e-06, 7.62824674894e-06, 9.02483770915e-06, 8.4931798483e-06, 9.00229679246e-06, 7.9557457866e-06, 9.05472643353e-06, 9.01389921637e-06, 1.03792299342e-05, 1.18740035759e-05, 1.59387745953e-05, 1.82255589607e-05, 1.7748454411e-05, 1.68463320733e-05, 2.10026501009e-05, 1.94682525034e-05, 1.92934621737e-05, 1.86835241038e-05, 1.66554073076e-05, 1.56335881911e-05, 1.69773156813e-05, 1.76685316546e-05, 1.76039648068e-05, 1.60331237566e-05, 1.20245676953e-05, 1.01220675788e-05, 1.03420052255e-05, 8.27356143418e-06, 7.54339407649e-06, 5.52198616788e-06, 4.55417421108e-06, 4.23794381277e-06, 3.48384628523e-06, 2.6825466648e-06, 2.35890388467e-06, 1.77661718226e-06, 1.58609270784e-06, 1.32990328439e-06, 1.28558860979e-06, 1.2124701243e-06, 8.31508032206e-07, 7.0443235245e-07, 4.10611761481e-07, 1.75114678314e-08, 1.05531340611e-10, 1.04834273207e-10, 1.04040352722e-10, 1.03640984683e-10]
    },
    "mfcc": {
        "mean": [-614.661987305, 95.2478027344, 20.160326004, 20.1141910553, 16.8197898865, 2.28739690781, 7.08111047745, 7.75853252411, 0.177319824696, 0.257080286741, -3.73911547661, -2.50546860695, -0.0708938911557],
        "cov": [[2098.24047852, -769.390808105, -352.340515137, -56.5763473511, 31.849653244, -229.765670776, -91.4294891357, -54.9536399841, 26.1011066437, 101.948280334, -66.0739059448, 94.5297622681, 45.1149673462], [-769.390808105, 885.203918457, -87.3644180298, 30.8043403625, -83.2065963745, 53.3347969055, 78.7236938477, 40.5982170105, -56.6283760071, -16.4723072052, 24.4109249115, -56.6329078674, -5.72175216675], [-352.340515137, -87.3644180298, 488.332214355, 21.3194332123, 47.055316925, 116.013366699, -4.08617448807, -26.8609600067, -6.99886894226, -46.0106925964, 53.8838920593, 20.5997772217, -4.69857406616], [-56.5763473511, 30.8043403625, 21.3194332123, 228.509750366, 56.288734436, 8.44951820374, -29.745677948, -9.83846569061, -7.60596418381, -11.090259552, 29.4148616791, 42.5681037903, 20.8430576324], [31.849653244, -83.2065963745, 47.055316925, 56.288734436, 177.089187622, -7.43376636505, -15.1828346252, 2.06810569763, 17.2963371277, 7.82692861557, 9.18916416168, 22.8406352997, 14.2044858932], [-229.765670776, 53.3347969055, 116.013366699, 8.44951820374, -7.43376636505, 162.972595215, 55.0081672668, 1.8308378458, -1.36542260647, 0.234966441989, 31.6458854675, -10.2438106537, -8.78266334534], [-91.4294891357, 78.7236938477, -4.08617448807, -29.745677948, -15.1828346252, 55.0081672668, 132.802810669, 28.1501083374, 9.17214107513, 13.3259134293, 5.21524238586, -13.9062309265, 1.82226192951], [-54.9536399841, 40.5982170105, -26.8609600067, -9.83846569061, 2.06810569763, 1.8308378458, 28.1501083374, 107.310920715, 30.187871933, 7.03212738037, -0.551852881908, -10.4921255112, -4.82306909561], [26.1011066437, -56.6283760071, -6.99886894226, -7.60596418381, 17.2963371277, -1.36542260647, 9.17214107513, 30.187871933, 110.648841858, 26.579416275, -11.0636482239, -17.4828186035, -11.569852829], [101.948280334, -16.4723072052, -46.0106925964, -11.090259552, 7.82692861557, 0.234966441989, 13.3259134293, 7.03212738037, 26.579416275, 81.3020706177, 6.63637208939, 3.29138541222, -0.0103101963177], [-66.0739059448, 24.4109249115, 53.8838920593, 29.4148616791, 9.18916416168, 31.6458854675, 5.21524238586, -0.551852881908, -11.0636482239, 6.63637208939, 81.7562789917, 22.2079620361, -2.71560788155], [94.5297622681, -56.6329078674, 20.5997772217, 42.5681037903, 22.8406352997, -10.2438106537, -13.9062309265, -10.4921255112, -17.4828186035, 3.29138541222, 22.2079620361, 85.8243179321, 32.9931106567], [45.1149673462, -5.72175216675, -4.69857406616, 20.8430576324, 14.2044858932, -8.78266334534, 1.82226192951, -4.82306909561, -11.569852829, -0.0103101963177, -2.71560788155, 32.9931106567, 67.3100585938]],
        "icov": [[0.0011023893021, 0.000954048591666, 0.000741001276765, 0.00010669304902, 0.000135817404953, 0.000683588266838, -9.00214799913e-05, 0.000316371879308, 0.00028858485166, -0.00085892516654, 6.95553680998e-05, -0.000590839248616, -0.000211567414226], [0.000954048591666, 0.00231168768369, 0.000943723600358, -0.000454733963124, 0.000644288025796, 0.000359994417522, -0.000715953588951, -0.000262083398411, 0.00116550980601, -0.000545510847587, -0.000583659217227, 0.000817330670543, -0.000548570940737], [0.000741001276765, 0.000943723600358, 0.0036199435126, 0.000474691594718, -0.00069900485687, -0.00188100349624, 0.000532484322321, 0.000749681377783, -0.00024107612262, 0.00152344710659, -0.00137417775113, -0.000900849699974, -2.44410257437e-05], [0.00010669304902, -0.000454733963124, 0.000474691594718, 0.00576964393258, -0.00167016021442, -0.000854228506796, 0.00147757353261, 0.000375513773179, -0.000647182983812, 0.00113140500616, -0.00130081374664, -0.00235629617237, -0.000644318410195], [0.000135817404953, 0.000644288025796, -0.00069900485687, -0.00167016021442, 0.0069093904458, 0.00083362008445, 2.79602886621e-06, -0.000449821556685, -0.000704981095623, -0.00104420620482, -0.000104026767076, -0.000228578035603, -0.000963004073128], [0.000683588266838, 0.000359994417522, -0.00188100349624, -0.000854228506796, 0.00083362008445, 0.010209755972, -0.00392517354339, 0.000622451480012, 0.000407529703807, -0.00151126366109, -0.00196395325474, 0.00130624696612, 0.000363065482816], [-9.00214799913e-05, -0.000715953588951, 0.000532484322321, 0.00147757353261, 2.79602886621e-06, -0.00392517354339, 0.0104771768674, -0.00203684903681, -0.000473549036542, -0.000914569827728, -3.03861706925e-05, 0.000305307272356, -0.00159565336071], [0.000316371879308, -0.000262083398411, 0.000749681377783, 0.000375513773179, -0.000449821556685, 0.000622451480012, -0.00203684903681, 0.0111673306674, -0.00313870818354, 0.000526238989551, -0.000668027088977, -0.000257802545093, 0.000293184799375], [0.00028858485166, 0.00116550980601, -0.00024107612262, -0.000647182983812, -0.000704981095623, 0.000407529703807, -0.000473549036542, -0.00313870818354, 0.0121604790911, -0.00413619540632, 0.00156054121908, 0.00243967585266, 0.00103582243901], [-0.00085892516654, -0.000545510847587, 0.00152344710659, 0.00113140500616, -0.00104420620482, -0.00151126366109, -0.000914569827728, 0.000526238989551, -0.00413619540632, 0.0161131285131, -0.00273912888952, -0.00111706228927, 9.94988658931e-05], [6.95553680998e-05, -0.000583659217227, -0.00137417775113, -0.00130081374664, -0.000104026767076, -0.00196395325474, -3.03861706925e-05, -0.000668027088977, 0.00156054121908, -0.00273912888952, 0.0164683368057, -0.00486670713872, 0.0032470242586], [-0.000590839248616, 0.000817330670543, -0.000900849699974, -0.00235629617237, -0.000228578035603, 0.00130624696612, 0.000305307272356, -0.000257802545093, 0.00243967585266, -0.00111706228927, -0.00486670713872, 0.0193031933159, -0.00791474431753], [-0.000211567414226, -0.000548570940737, -2.44410257437e-05, -0.000644318410195, -0.000963004073128, 0.000363065482816, -0.00159565336071, 0.000293184799375, 0.00103582243901, 9.94988658931e-05, 0.0032470242586, -0.00791474431753, 0.0196530092508]]
    },
    "spectral_contrast_coeffs": {
        "max": [-0.456121146679, -0.463654696941, -0.463962376118, -0.582115590572, -0.609762370586, -0.703048944473],
        "mean": [-0.72951233387, -0.764644801617, -0.761157274246, -0.808178007603, -0.791927397251, -0.801392555237],
        "min": [-0.883139014244, -0.935038566589, -0.911253094673, -0.908224284649, -0.88208335638, -0.871207296848],
        "stdev": [0.0658744350076, 0.0665758699179, 0.0802367329597, 0.04537916556, 0.0420440770686, 0.026640670374]
    },
    "spectral_contrast_valleys": {
        "max": [-5.07594490051, -5.38514280319, -5.9874458313, -5.14443969727, -5.43914461136, -7.08082103729],
        "mean": [-6.32119083405, -6.76419782639, -7.28314161301, -7.43638849258, -7.27591228485, -9.27338886261],
        "min": [-9.03240299225, -8.43264770508, -9.03405761719, -9.18424606323, -9.36576747894, -11.7033243179],
        "stdev": [0.474058538675, 0.502308726311, 0.452294170856, 0.52531427145, 0.612670302391, 0.772536695004]
    }
},
"rhythm": {
    "beats_count": 76,
    "beats_loudness": {
        "max": 0.0887706205249,
        "mean": 0.0362581536174,
        "min": 0.01694781892,
        "stdev": 0.0128208659589
    },
    "bpm": 88.1182479858,
    "bpm_histogram_first_peak_bpm": 88,
    "bpm_histogram_first_peak_weight": 0.0400000214577,
    "bpm_histogram_second_peak_bpm": 0,
    "bpm_histogram_second_peak_spread": 0,
    "bpm_histogram_second_peak_weight": 0,
    "danceability": 1.31451582909,
    "onset_rate": 3.2723197937,
    "beats_loudness_band_ratio": {
        "max": [0.93201315403, 0.749149620533, 0.841055631638, 0.715611040592, 0.487204670906, 0.908133149147],
        "mean": [0.427596658468, 0.232764169574, 0.104287363589, 0.118557155132, 0.0823547840118, 0.1207812801],
        "min": [0.00184692349285, 0.0019543170929, 0.00354435807094, 0.00574579043314, 0.00443371245638, 0.0108295576647],
        "stdev": [0.232752293348, 0.181417062879, 0.122404158115, 0.174394190311, 0.0959037318826, 0.127008840442]
    },
