{
"metadata": {
    "version": {
        "essentia": "2.1-beta5",
        "essentia_git_sha": "Undefined",
        "extractor": "music 2.0"
    },
    "audio_properties": {
        "analysis": {
            "equal_loudness": 0,
            "length": 32.4963264465,
            "sample_rate": 44100,
            "start_time": 110.248344421,
            "downmix": "mix"
        },
        "bit_rate": 192000,
        "length": 190.392974854,
        "lossless": 0,
        "number_channels": 2,
        "replay_gain": 2.33039665222,
        "sample_rate": 48000,
        "codec": "mp3",
        "md5_encoded": "1babaf15917148a19b2448a3f53782ab"
    },
    "tags": {
        "file_name": "France_Il était Temps_Virginie Pouchin.mp3",
        "encoding": ["Lavf58.29.100"]
    }
},
"lowlevel": {
    "average_loudness": 0.622603058815,
    "barkbands_crest": {
        "max": 25.2808132172,
        "mean": 12.0377664566,
        "min": 4.31749391556,
        "stdev": 4.19229221344
    },
    "barkbands_flatness_db": {
        "max": 0.330677419901,
        "mean": 0.17642877996,
        "min": 0.0257786307484,
        "stdev": 0.0535017326474
    },
    "barkbands_kurtosis": {
        "max": 136.145019531,
        "mean": 9.15799617767,
        "min": -1.96300315857,
        "stdev": 15.5002632141
    },
    "barkbands_skewness": {
        "max": 11.0533618927,
        "mean": 1.84538245201,
        "min": -4.66654586792,
        "stdev": 1.77690243721
    },
    "barkbands_spread": {
        "max": 99.6843948364,
        "mean": 17.7752838135,
        "min": 0.873305916786,
        "stdev": 17.3965988159
    },
    "dissonance": {
        "max": 0.499999880791,
        "mean": 0.431493639946,
        "min": 0.18687851727,
        "stdev": 0.0448374822736
    },
    "dynamic_complexity": 4.1258893013,
    "erbbands_crest": {
        "max": 29.6201057434,
        "mean": 12.0169353485,
        "min": 2.37396144867,
        "stdev": 5.07822132111
    },
    "erbbands_flatness_db": {
        "max": 0.309300929308,
        "mean": 0.185134768486,
        "min": 0.0380009934306,
        "stdev": 0.0537102334201
    },
    "erbbands_kurtosis": {
        "max": 23.7305850983,
        "mean": 2.41875052452,
        "min": -1.80957603455,
        "stdev": 3.35761260986
    },
    "erbbands_skewness": {
        "max": 3.54417896271,
        "mean": 0.670576810837,
        "min": -4.41270685196,
        "stdev": 1.04274702072
    },
    "erbbands_spread": {
        "max": 176.034164429,
        "mean": 32.8365631104,
        "min": 5.21881771088,
        "stdev": 27.6895332336
    },
    "hfc": {
        "max": 281.316711426,
        "mean": 22.8571453094,
        "min": 0.128591254354,
        "stdev": 27.9497280121
    },
    "loudness_ebu128": {
        "integrated": -25.6807117462,
        "loudness_range": 7.92761611938,
        "momentary": {
            "max": -21.1901817322,
            "mean": -27.6063690186,
            "min": -43.6419372559,
            "stdev": 4.56548547745
        },
        "short_term": {
            "max": -22.8035964966,
            "mean": -27.2664413452,
            "min": -36.6945419312,
            "stdev": 3.23546695709
        }
    },
    "melbands_crest": {
        "max": 30.3648815155,
        "mean": 15.0046482086,
        "min": 5.65067195892,
        "stdev": 4.82644128799
    },
    "melbands_flatness_db": {
        "max": 0.456210196018,
        "mean": 0.24879360199,
        "min": 0.0757825821638,
        "stdev": 0.0697829648852
    },
    "melbands_kurtosis": {
        "max": 352.78012085,
        "mean": 16.1893596649,
        "min": -1.8312240839,
        "stdev": 25.4890708923
    },
    "melbands_skewness": {
        "max": 12.1172790527,
        "mean": 2.52622032166,
        "min": -0.89295321703,
        "stdev": 1.99827301502
    },
    "melbands_spread": {
        "max": 251.775268555,
        "mean": 19.6579990387,
        "min": 0.817122995853,
        "stdev": 24.3319816589
    },
    "pitch_salience": {
        "max": 0.819508194923,
        "mean": 0.503619670868,
        "min": 0.104126632214,
        "stdev": 0.112065538764
    },
    "silence_rate_20dB": {
        "max": 1,
        "mean": 1,
        "min": 1,
        "stdev": 0
    },
    "silence_rate_30dB": {
        "max": 1,
        "mean": 0.972876489162,
        "min": 0,
        "stdev": 0.162444725633
    },
    "silence_rate_60dB": {
        "max": 1,
        "mean": 0.102069951594,
        "min": 0,
        "stdev": 0.302742451429
    },
    "spectral_centroid": {
        "max": 6722.52636719,
        "mean": 941.087280273,
        "min": 166.970672607,
        "stdev": 647.15625
    },
    "spectral_complexity": {
        "max": 39,
        "mean": 11.7637405396,
        "min": 0,
        "stdev": 5.75358915329
    },
    "spectral_decrease": {
        "max": 8.76368509012e-12,
        "mean": -6.71895339366e-09,
        "min": -7.56842482019e-08,
        "stdev": 8.12963385499e-09
    },
    "spectral_energy": {
        "max": 0.2910772264,
        "mean": 0.0274320654571,
        "min": 0.00028633774491,
        "stdev": 0.0320328958333
    },
    "spectral_energyband_high": {
        "max": 0.0207030195743,
        "mean": 0.000731755804736,
        "min": 2.85496014385e-07,
        "stdev": 0.00184578448534
    },
    "spectral_energyband_low": {
        "max": 0.273266911507,
        "mean": 0.00846557039768,
        "min": 2.00348267754e-07,
        "stdev": 0.0257154051214
    },
    "spectral_energyband_middle_high": {
        "max": 0.077946446836,
        "mean": 0.00898252055049,
        "min": 4.30542922913e-06,
        "stdev": 0.0129521442577
    },
    "spectral_energyband_middle_low": {
        "max": 0.0796526297927,
        "mean": 0.0112920422107,
        "min": 3.13401396852e-05,
        "stdev": 0.00889608170837
    },
    "spectral_entropy": {
        "max": 8.94707202911,
        "mean": 7.03224945068,
        "min": 5.46186923981,
        "stdev": 0.597450494766
    },
    "spectral_flux": {
        "max": 0.471097975969,
        "mean": 0.0724422708154,
        "min": 0.00360563443974,
        "stdev": 0.0592863336205
    },
    "spectral_kurtosis": {
        "max": 41.0337181091,
        "mean": 8.2125711441,
        "min": -1.39677011967,
        "stdev": 5.95832967758
    },
    "spectral_rms": {
        "max": 0.0168516393751,
        "mean": 0.00457216100767,
        "min": 0.000528539414518,
        "stdev": 0.00242039281875
    },
    "spectral_rolloff": {
        "max": 15439.3066406,
        "mean": 1714.12487793,
        "min": 86.1328125,
        "stdev": 2664.42651367
    },
    "spectral_skewness": {
        "max": 4.82084035873,
        "mean": 2.2534532547,
        "min": -0.34137609601,
        "stdev": 0.715653777122
    },
    "spectral_spread": {
        "max": 19125254,
        "mean": 5260396,
        "min": 1396260.375,
        "stdev": 3135067.25
    },
    "spectral_strongpeak": {
        "max": 12.6290206909,
        "mean": 1.81077957153,
        "min": 0,
        "stdev": 2.2221558094
    },
    "zerocrossingrate": {
        "max": 0.52099609375,
        "mean": 0.0656739994884,
        "min": 0.00439453125,
        "stdev": 0.0707258880138
    },
    "barkbands": {
        "max": [0.0160493347794, 0.255465120077, 0.103078886867, 0.0335050821304, 0.0210630707443, 0.0299843177199, 0.0225940644741, 0.00944402627647, 0.0511603876948, 0.071926265955, 0.0437983311713, 0.012937114574, 0.0364754423499, 0.0200190935284, 0.0271867346019, 0.0153892152011, 0.0203138291836, 0.00650541344658, 0.00232846895233, 0.0037074687425, 0.00217912229709, 0.00172690488398, 0.00241098133847, 0.00324148894288, 0.00932431314141, 0.00935624819249, 0.00132598972414],
        "mean": [0.000133992085466, 0.00479517877102, 0.00272605102509, 0.00168056797702, 0.00372248515487, 0.001651599654, 0.000704763166141, 0.00043949962128, 0.00144194439054, 0.00442636245862, 0.000923530256841, 0.000677943171468, 0.000966430292465, 0.00092312740162, 0.000435539492173, 0.000383465900086, 0.000340355647495, 0.000175408815267, 9.8090589745e-05, 0.000137307855766, 3.16136574838e-05, 3.05148150801e-05, 6.44171159365e-05, 0.000103470825707, 0.000172014159034, 0.000215319800191, 3.10866089421e-05],
        "min": [4.45859438258e-09, 4.04361273354e-08, 1.44492382503e-08, 1.51964307804e-08, 7.74023283157e-06, 8.26220002637e-06, 2.74046016102e-07, 3.96071300202e-07, 4.67021834538e-07, 3.38346239914e-07, 6.40117718831e-08, 5.33334656438e-08, 1.48230000718e-07, 2.20194309009e-07, 3.09975860091e-07, 1.58872182965e-07, 1.19116265296e-07, 1.69202792222e-07, 9.40470386013e-08, 1.05849125021e-07, 5.70016425172e-08, 2.54531968835e-08, 2.43900029062e-08, 2.30142180868e-08, 1.76065650948e-08, 1.07883266764e-08, 2.9898031273e-10],
        "stdev": [0.000897983089089, 0.0213806126267, 0.00691368849948, 0.00311075942591, 0.0030937702395, 0.00182893150486, 0.0015253535239, 0.000827643147204, 0.00453615002334, 0.00949491001666, 0.00297861732543, 0.00129292625934, 0.00380666786805, 0.00237487792037, 0.00166850886308, 0.00130438723136, 0.00125594995916, 0.000417680043029, 0.000192732273717, 0.000232816164498, 0.000111903354991, 9.48749293457e-05, 0.000142510980368, 0.000290625466732, 0.000639069534373, 0.000736126559786, 0.000105814549897]
    },
    "erbbands": {
        "max": [5.5898938179, 66.4728240967, 114.475540161, 91.1316375732, 97.7154922485, 77.8389587402, 268.556976318, 161.151229858, 295.524414062, 227.912155151, 257.028961182, 831.877441406, 1751.58532715, 2228.47216797, 503.910949707, 536.57598877, 1247.85424805, 1269.50610352, 812.117980957, 1531.21252441, 512.048400879, 921.964782715, 269.053863525, 176.822097778, 138.67149353, 136.513275146, 73.7852478027, 97.7270584106, 55.9161834717, 92.5168304443, 63.8819313049, 45.2247848511, 65.3936920166, 116.747070312, 60.7612838745, 37.7169151306, 23.1971435547, 3.4563703537, 0.23956951499, 0.0045645320788],
        "mean": [0.0943953767419, 1.23310136795, 3.40350651741, 4.37866353989, 9.16627883911, 12.646484375, 15.711233139, 10.510140419, 11.3198013306, 8.28737068176, 13.6671514511, 31.1872386932, 137.413818359, 73.145149231, 22.4224529266, 30.2528800964, 33.1912956238, 54.7926025391, 30.4309139252, 30.3031520844, 17.1399345398, 17.2050361633, 10.2711782455, 7.45483255386, 3.99700331688, 6.82198047638, 2.50394773483, 1.13378179073, 1.05734348297, 1.3697988987, 1.85779500008, 1.8648597002, 1.96467876434, 1.92031216621, 1.23074638844, 0.813848614693, 0.461926698685, 0.0734887644649, 0.0055028013885, 0.000130934888148],
        "min": [1.21966695588e-06, 1.27740722746e-05, 6.51664013276e-05, 0.000627296802122, 0.000959814526141, 0.0259369220585, 0.0909247398376, 0.0293654892594, 0.00655555864796, 0.0101711424068, 0.00705536687747, 0.0119733139873, 0.0136572634801, 0.00779452733696, 0.00317091168836, 0.00286937435158, 0.00685731042176, 0.0139286741614, 0.012772269547, 0.00917225703597, 0.0099722314626, 0.00689921667799, 0.009954941459, 0.00878839194775, 0.00810322538018, 0.00536095770076, 0.00280724908225, 0.0020685615018, 0.00104377185926, 0.000693801848684, 0.000720291514881, 0.000567565148231, 0.000290877011139, 0.000195644504856, 9.48942251853e-05, 5.25011018908e-05, 2.02302962862e-05, 1.78939797024e-06, 4.18825379711e-07, 5.14948396813e-07],
        "stdev": [0.456579744816, 5.2876996994, 8.4247674942, 8.12165737152, 10.1665029526, 12.3170127869, 17.657119751, 11.8040943146, 23.1033554077, 15.1030044556, 27.1639347076, 84.8787155151, 271.847412109, 167.29498291, 49.4996337891, 53.7247428894, 103.371284485, 140.472564697, 69.8866958618, 106.087661743, 46.7718505859, 56.7479896545, 22.6923236847, 14.9470624924, 7.66895723343, 10.942896843, 5.40256929398, 4.69455099106, 3.27603793144, 3.99528169632, 4.08405399323, 4.62198114395, 5.92810106277, 7.64965295792, 4.35037565231, 2.66535520554, 1.65593016148, 0.251765072346, 0.0186438784003, 0.000343786232406]
    },
    "gfcc": {
        "mean": [-34.6305084229, 84.9057617188, -102.434310913, -2.20976018906, -58.6657524109, 1.2877471447, -54.3287658691, 1.21755337715, -39.3152084351, -10.4810400009, -22.5719108582, -5.79248094559, -10.2700786591],
        "cov": [[7566.45654297, -1489.32971191, -316.542449951, -97.4065093994, 430.775390625, 1013.53161621, 730.999450684, 506.705322266, -182.856155396, 97.0538711548, 59.8459434509, 158.222213745, -135.014022827], [-1489.32971191, 2360.74951172, -284.850402832, 193.061279297, 224.786514282, -101.42137146, 258.067047119, -152.79586792, 138.905456543, -112.070053101, 121.778793335, -186.309326172, 33.5066337585], [-316.542449951, -284.850402832, 1479.86376953, 295.404388428, 237.840332031, 290.92489624, 187.308502197, 183.20652771, 70.7085571289, 230.516677856, -19.9777050018, 198.147293091, -74.8439483643], [-97.4065093994, 193.061279297, 295.404388428, 438.305847168, 133.754653931, 14.9719171524, 17.6300144196, 94.0565185547, 113.867904663, 22.7083320618, 10.0145540237, 28.9020061493, 42.6869506836], [430.775390625, 224.786514282, 237.840332031, 133.754653931, 369.766235352, 127.601463318, 151.709152222, 117.166481018, 69.7550735474, 91.3620529175, 22.2379322052, 45.270942688, -8.48407459259], [1013.53161621, -101.42137146, 290.92489624, 14.9719171524, 127.601463318, 496.056213379, 337.272644043, 94.8157119751, -19.2653331757, 72.7226257324, 72.34349823, 25.2177257538, -65.260017395], [730.999450684, 258.067047119, 187.308502197, 17.6300144196, 151.709152222, 337.272644043, 452.583129883, 73.1798934937, -3.88102960587, 56.9014434814, 78.3291320801, 15.382689476, -70.2870254517], [506.705322266, -152.79586792, 183.20652771, 94.0565185547, 117.166481018, 94.8157119751, 73.1798934937, 216.223175049, 71.0062637329, 73.28490448, 14.2428436279, 82.7315979004, 22.9982795715], [-182.856155396, 138.905456543, 70.7085571289, 113.867904663, 69.7550735474, -19.2653331757, -3.88102960587, 71.0062637329, 134.904663086, 34.6053009033, 17.630569458, 28.3907051086, 37.6106643677], [97.0538711548, -112.070053101, 230.516677856, 22.7083320618, 91.3620529175, 72.7226257324, 56.9014434814, 73.28490448, 34.6053009033, 150.154693604, 18.9251384735, 56.326965332, -13.6258764267], [59.8459434509, 121.778793335, -19.9777050018, 10.0145540237, 22.2379322052, 72.34349823, 78.3291320801, 14.2428436279, 17.630569458, 18.9251384735, 99.5631103516, 6.18022203445, -7.68416070938], [158.222213745, -186.309326172, 198.147293091, 28.9020061493, 45.270942688, 25.2177257538, 15.382689476, 82.7315979004, 28.3907051086, 56.326965332, 6.18022203445, 118.226196289, 7.6876206398], [-135.014022827, 33.5066337585, -74.8439483643, 42.6869506836, -8.48407459259, -65.260017395, -70.2870254517, 22.9982795715, 37.6106643677, -13.6258764267, -7.68416070938, 7.6876206398, 86.1618728638]],
        "icov": [[0.00041169085307, 0.000275064492598, 0.000527245574631, -0.000247549673077, -0.000469798134873, -0.00061384314904, -0.000324317370541, -0.000633353658486, 0.000577918777708, 0.000193242100067, 0.000358088029316, -0.000417363771703, 0.000359540514182], [0.000275064492598, 0.00115792464931, 0.000238901018747, -0.000251438788837, -0.00102862669155, 0.000510855286848, -0.0013889829861, 0.000508664990775, -0.000653088558465, 0.000827165029477, -0.000769301957916, 0.00105748057831, -0.000417453411501], [0.000527245574631, 0.000238901018747, 0.00221551861614, -0.00136855163146, -0.000508110213559, -0.00162549002562, -0.000172622298123, -0.000470121274702, 0.000840777647682, -0.00122915057, 0.0018652016297, -0.00265115895309, 0.00188076135237], [-0.000247549673077, -0.000251438788837, -0.00136855163146, 0.00407100329176, -0.000459971081, 0.000628503505141, 0.000353087001713, -0.000435276218923, -0.00235911877826, 0.00142890051939, -0.000873866956681, 0.0015712371096, -0.00162320677191], [-0.000469798134873, -0.00102862669155, -0.000508110213559, -0.000459971081, 0.00528801372275, 2.55512113654e-05, 0.000114180693345, -0.000895674282219, -0.000785048934631, -0.00225210073404, 0.000938915414736, -0.000261272594798, 0.000416201975895], [-0.00061384314904, 0.000510855286848, -0.00162549002562, 0.000628503505141, 2.55512113654e-05, 0.00671828491613, -0.00347824092023, 0.000222139642574, -0.000362701102858, 0.000284725130768, -0.00309959799051, 0.00323336804286, -0.00105112581514], [-0.000324317370541, -0.0013889829861, -0.000172622298123, 0.000353087001713, 0.000114180693345, -0.00347824092023, 0.00694572506472, -0.00094769638963, 0.000662555044983, -0.000569809286389, -0.00073796370998, -0.00111602863763, 0.00265726447105], [-0.000633353658486, 0.000508664990775, -0.000470121274702, -0.000435276218923, -0.000895674282219, 0.000222139642574, -0.00094769638963, 0.0110528003424, -0.00431448360905, -0.00117302453145, -0.000155172572704, -0.00296886544675, -0.00307735218666], [0.000577918777708, -0.000653088558465, 0.000840777647682, -0.00235911877826, -0.000785048934631, -0.000362701102858, 0.000662555044983, -0.00431448360905, 0.014718182385, -0.00216504489072, -0.000878807564732, -0.00163144839462, -0.00230110040866], [0.000193242100067, 0.000827165029477, -0.00122915057, 0.00142890051939, -0.00225210073404, 0.000284725130768, -0.000569809286389, -0.00117302453145, -0.00216504489072, 0.0119529720396, -0.00239859288558, -0.000644490297418, 0.000726637372281], [0.000358088029316, -0.000769301957916, 0.0018652016297, -0.000873866956681, 0.000938915414736, -0.00309959799051, -0.00073796370998, -0.000155172572704, -0.000878807564732, -0.00239859288558, 0.014849236235, -0.00363403279334, 0.00175044278149], [-0.000417363771703, 0.00105748057831, -0.00265115895309, 0.0015712371096, -0.000261272594798, 0.00323336804286, -0.00111602863763, -0.00296886544675, -0.00163144839462, -0.000644490297418, -0.00363403279334, 0.0174669809639, -0.00311359926127], [0.000359540514182, -0.000417453411501, 0.00188076135237, -0.00162320677191, 0.000416201975895, -0.00105112581514, 0.00265726447105, -0.00307735218666, -0.00230110040866, 0.000726637372281, 0.00175044278149, -0.00311359926127, 0.0185569003224]]
    },
    "melbands": {
        "max": [0.0627948865294, 0.0516649372876, 0.0145952254534, 0.00467165093869, 0.0072012799792, 0.00338003761135, 0.00420485716313, 0.00216185674071, 0.00221331021748, 0.00699359085411, 0.00847552809864, 0.00986037310213, 0.00353264180012, 0.00158564618323, 0.00261302548461, 0.00373284658417, 0.002014931757, 0.00134886766318, 0.00260454253294, 0.00145994883496, 0.000854437123053, 0.00139618047979, 0.000608009751886, 0.000451748463092, 0.000158968687174, 9.68399472185e-05, 0.000165431192727, 6.65178522468e-05, 4.46519770776e-05, 5.06807191414e-05, 5.79269544687e-05, 3.1272546039e-05, 3.98616066377e-05, 5.52077253815e-05, 4.42009913968e-05, 2.73585355899e-05, 3.42087696481e-05, 4.34754874732e-05, 9.22879844438e-05, 0.000116724339023],
        "mean": [0.00112358643673, 0.00171946594492, 0.000899409584235, 0.000799383618869, 0.00055332609918, 0.000262114306679, 0.000163646851433, 8.2199658209e-05, 0.000125968406792, 0.000205704331165, 0.000718755123671, 0.000333520438289, 9.70412438619e-05, 5.31543410034e-05, 8.18535409053e-05, 9.60795296123e-05, 0.000106419603981, 5.76168167754e-05, 3.67666725651e-05, 3.56542113877e-05, 1.81615832844e-05, 2.21275495278e-05, 7.35803405405e-06, 9.62783269642e-06, 5.85096177019e-06, 2.54189421867e-06, 3.66572044186e-06, 4.80127755509e-06, 1.88683281976e-06, 6.98312362601e-07, 6.07030187894e-07, 5.61236561225e-07, 6.43140367629e-07, 8.33999308725e-07, 1.05058563804e-06, 1.22078620279e-06, 1.08179415292e-06, 1.26435088532e-06, 1.59068963512e-06, 1.6338781279e-06],
        "min": [1.13528688672e-08, 1.82228774293e-08, 6.38559498611e-08, 4.96469283462e-07, 3.10313976115e-06, 7.50611775402e-07, 9.76616760795e-08, 1.0591462285e-07, 4.91101559419e-08, 7.73604398319e-08, 4.9550990866e-08, 3.16956807467e-08, 1.07214823686e-08, 4.36561276018e-09, 1.11463851482e-08, 1.40581857266e-08, 2.19366018683e-08, 1.85848119116e-08, 2.06526884483e-08, 1.09220286149e-08, 8.44917646958e-09, 6.49268816488e-09, 5.83432990808e-09, 6.14954531741e-09, 4.40712266681e-09, 3.37130390271e-09, 3.90631127445e-09, 2.89400814424e-09, 1.58206747702e-09, 1.15647025289e-09, 8.25251977865e-10, 5.01530705854e-10, 4.5377421265e-10, 3.42153472221e-10, 4.10029565856e-10, 3.08887110334e-10, 3.19776372049e-10, 1.74202874348e-10, 1.73668482373e-10, 1.53961635108e-10],
        "stdev": [0.00525967683643, 0.00488163856789, 0.00137896474916, 0.000689567707013, 0.000575057114474, 0.000281153508695, 0.000327751215082, 0.000142531353049, 0.00027170201065, 0.000666828593239, 0.00143745727837, 0.000787853146903, 0.000281789398286, 0.000105721504951, 0.000189734098967, 0.000401767698349, 0.0002683509083, 0.000144464342156, 0.000155701505719, 0.000124143771245, 6.09238159086e-05, 8.3518694737e-05, 2.42646037805e-05, 2.50713837886e-05, 1.29436430143e-05, 5.14407474839e-06, 7.72681323724e-06, 7.99077588454e-06, 4.48454920843e-06, 2.73001296591e-06, 2.77207482213e-06, 1.75229627075e-06, 1.96889618564e-06, 2.3844415864e-06, 2.45784690378e-06, 2.51615165325e-06, 3.08816402139e-06, 3.78815980184e-06, 5.56020222575e-06, 6.94921436661e-06]
    },
    "melbands128": {
        "max": [0.016047142446, 0.0430319681764, 0.103629611433, 0.123553924263, 0.0636695474386, 0.0451236441731, 0.0209115911275, 0.0193858202547, 0.0117302015424, 0.00783417187631, 0.00596652179956, 0.00949866883457, 0.0115856025368, 0.0109677063301, 0.00389980641194, 0.00512296054512, 0.00770834740251, 0.00621225778013, 0.00688748154789, 0.00303558632731, 0.00130705151241, 0.00220080488361, 0.00428592041135, 0.0056797475554, 0.00415693456307, 0.0160015020519, 0.013364771381, 0.0132110994309, 0.0192788764834, 0.0212117116898, 0.0107923196629, 0.012903816998, 0.00211205449887, 0.00127392553259, 0.00297720194794, 0.00160727766342, 0.00270036794245, 0.00459127267823, 0.00377991842106, 0.00514191063121, 0.00697602145374, 0.00899247266352, 0.00384427444078, 0.0058562872, 0.00305561441928, 0.00313908257522, 0.00299428985454, 0.00370111432858, 0.00667037116364, 0.00307772867382, 0.0025407501962, 0.00177988945507, 0.0013882399071, 0.00202246732078, 0.00433246372268, 0.00166556041222, 0.000690023472998, 0.000987790990621, 0.000666336505674, 0.000424694095273, 0.000597431790084, 0.000805165967904, 0.000415993912611, 0.000353109207936, 0.000125382837723, 0.000138119969051, 9.21734826989e-05, 0.000120878125017, 0.000281143467873, 9.27444125409e-05, 0.000103068450699, 0.000147153215948, 0.00011669046944, 6.12345102127e-05, 3.72075592168e-05, 5.64328001929e-05, 5.43408095837e-05, 6.6713328124e-05, 7.63343268773e-05, 4.20025680796e-05, 3.05061785184e-05, 2.77492727037e-05, 4.18949712184e-05, 3.19569116982e-05, 4.60286573798e-05, 7.28110608179e-05, 3.9039998228e-05, 6.38012425043e-05, 5.44105168956e-05, 3.7257814256e-05, 2.96316920867e-05, 3.96085742977e-05, 3.30937327817e-05, 4.45703808509e-05, 6.32750889054e-05, 5.77091777814e-05, 4.69153455924e-05, 5.49092401343e-05, 9.74434951786e-05, 0.00011917752272, 0.000178369547939, 0.000129688545712, 0.00015012678341, 0.000134840694955, 7.0908543421e-05, 6.23936139164e-05, 5.53371428396e-05, 5.23753151356e-05, 6.96182542015e-05, 0.000115563103464, 8.9329048933e-05, 0.000103477643279, 9.76726951194e-05, 6.90019660397e-05, 4.04021011491e-05, 3.41825107171e-05, 1.98205925699e-05, 1.81399063877e-05, 1.72149557329e-05, 9.60448687692e-06, 4.15338627135e-06, 7.0779356065e-07, 5.93937414806e-08, 3.79802642669e-08, 3.74084372368e-08, 3.70698209906e-08, 3.6765456457e-08, 3.65773011879e-08],
        "mean": [0.000111166482384, 0.000531616387889, 0.00157603377011, 0.00220405426808, 0.00200969469734, 0.00115466036368, 0.000839423504658, 0.000844394729938, 0.000964261242189, 0.000837104395032, 0.000676217663568, 0.000608583271969, 0.000592484022491, 0.000417923060013, 0.00018263416132, 0.000219536144868, 0.00025015155552, 0.00011915658979, 0.000116373397759, 8.86176130734e-05, 6.76728232065e-05, 4.94412706757e-05, 0.00016248250904, 0.000173171501956, 9.54216448008e-05, 0.000297402089927, 0.000289236311801, 0.000956951000262, 0.000960428034887, 0.000267976603936, 0.000188606354641, 0.000235143699683, 5.87321774219e-05, 4.23695892096e-05, 3.34098294843e-05, 3.06093897962e-05, 0.000128782325191, 0.000104699123767, 4.26532969868e-05, 3.18442835123e-05, 0.000147145343362, 0.000140865755384, 4.74076077808e-05, 0.000156689362484, 8.77609127201e-05, 3.31797346007e-05, 2.29833822232e-05, 3.06699294015e-05, 4.16226357629e-05, 5.63409230381e-05, 3.19782193401e-05, 2.24453178816e-05, 1.15615948744e-05, 1.11740173452e-05, 4.27598351962e-05, 2.17088854697e-05, 1.02089270513e-05, 5.82306029173e-06, 5.81799258725e-06, 1.05965200419e-05, 1.22899518828e-05, 7.32961552785e-06, 4.55013378087e-06, 8.00669749879e-06, 3.35070421897e-06, 1.75457898877e-06, 2.03323179448e-06, 3.00399096886e-06, 3.8364687498e-06, 4.69861379315e-06, 6.72825899528e-06, 3.0393475754e-06, 3.44296654475e-06, 1.39787960052e-06, 6.65806737743e-07, 7.65624690757e-07, 6.34537116184e-07, 6.68473376209e-07, 6.1275028429e-07, 5.52494839212e-07, 5.22143238868e-07, 5.86336909691e-07, 5.99202792273e-07, 6.83246696553e-07, 6.22433560693e-07, 7.0825194598e-07, 8.04950389011e-07, 1.27828150198e-06, 1.0565025832e-06, 9.33166916184e-07, 9.96941707854e-07, 1.64421624049e-06, 1.02322258044e-06, 1.04894024844e-06, 1.05156220798e-06, 1.13805197088e-06, 1.26270026612e-06, 1.51824497152e-06, 1.56995531597e-06, 1.62110654855e-06, 1.77708795945e-06, 1.67331893408e-06, 1.40070778798e-06, 1.44343584907e-06, 1.40562474371e-06, 1.34269873797e-06, 1.23942606933e-06, 1.29836098495e-06, 1.52094048644e-06, 1.38155826335e-06, 1.43541126363e-06, 1.68004089574e-06, 1.78945822427e-06, 1.41341263316e-06, 9.03451052636e-07, 5.12509359396e-07, 4.36233648315e-07, 3.79418764851e-07, 3.23195621377e-07, 1.94289981437e-07, 6.80024854205e-08, 7.07699587821e-09, 1.99584279659e-10, 3.52046829188e-11, 3.27953358914e-11, 3.17518338011e-11, 3.10991406238e-11, 3.08730783993e-11],
        "min": [1.19658838393e-10, 9.79280212476e-10, 5.97335914065e-09, 4.08075795377e-09, 2.25363971929e-09, 7.08783387537e-09, 7.39225747282e-09, 1.06711857129e-08, 2.57416434835e-08, 8.08392286444e-08, 3.61670458915e-07, 2.459418738e-06, 9.30964972667e-07, 8.65935362526e-07, 1.40571358997e-07, 1.29711068553e-07, 2.69502251626e-08, 2.08301962346e-08, 1.65751767867e-08, 5.61268365118e-08, 3.75299116229e-08, 2.19041105254e-08, 8.2883344632e-09, 1.28693340429e-08, 1.81623107665e-08, 3.43542012615e-08, 2.2623055429e-08, 1.72551679611e-08, 1.28871526783e-08, 8.39809555231e-09, 1.15367795317e-08, 2.66761324141e-09, 3.82193121595e-09, 4.93522733791e-09, 3.36890115804e-09, 2.41892039732e-09, 3.95179799995e-09, 2.87877544025e-09, 9.60076018686e-10, 2.03802064114e-09, 8.64274340984e-09, 7.24274995534e-09, 8.05103450574e-09, 4.87761919743e-09, 2.65060995375e-09, 1.22398153835e-08, 7.12448766649e-09, 3.92615140399e-09, 5.78234260473e-09, 2.37240938006e-09, 7.53895834649e-10, 2.71428146625e-09, 2.5074042842e-09, 2.43565834168e-09, 3.01569191841e-09, 1.84051707208e-09, 1.45025125242e-09, 2.52125409439e-09, 3.45601569585e-09, 2.89155122069e-09, 2.29432162158e-09, 3.12415604498e-09, 2.31004149143e-09, 1.40508937818e-09, 1.45644285521e-09, 9.49583967014e-10, 1.00395325386e-09, 1.7482713055e-09, 2.12500084196e-09, 2.09929362782e-09, 2.25580043534e-09, 1.15127285483e-09, 8.66921978648e-10, 5.49225387392e-10, 5.25312016109e-10, 6.40427766374e-10, 4.0916037225e-10, 6.10491546205e-10, 3.98258398482e-10, 3.81138287597e-10, 2.63988608751e-10, 2.93724738976e-10, 1.77443837401e-10, 1.99280522639e-10, 1.93126348247e-10, 3.24479637603e-10, 3.24409193952e-10, 1.11840307848e-10, 3.12941589309e-10, 2.96886015771e-10, 3.0126348638e-10, 1.76869519031e-10, 2.53259024863e-10, 2.28776289579e-10, 1.69066122213e-10, 1.16954862461e-10, 1.21245001886e-11, 1.14340828472e-10, 1.27522770121e-10, 1.42608064246e-10, 1.1806806921e-10, 9.73632910406e-11, 1.11265018032e-10, 1.49230731938e-11, 8.23519655246e-11, 6.707646244e-11, 4.37333814995e-11, 6.47131931375e-11, 5.58202060963e-11, 4.42581978011e-11, 4.39173003519e-11, 3.53857672331e-11, 3.91401321076e-11, 3.0044650795e-11, 1.62319324648e-11, 4.02367028585e-12, 1.57697477039e-12, 9.69750538551e-13, 8.11990719888e-13, 7.8866085754e-13, 9.86244614622e-13, 8.90570440743e-13, 7.62142465024e-13, 6.9629962603e-13, 4.71092186528e-13, 2.04822310913e-13, 2.70284181592e-14, 7.08757412653e-16],
        "stdev": [0.0007687198231, 0.00267405086197, 0.00839200709015, 0.0092991553247, 0.00531350495294, 0.0030296870973, 0.00175268168095, 0.00161219423171, 0.00119061779696, 0.000879120547324, 0.000847014656756, 0.000833162630443, 0.00076076190453, 0.000623520521913, 0.000296620681183, 0.000343989871908, 0.000556051556487, 0.000387619365938, 0.000357156764949, 0.000191055994947, 0.000120940232591, 0.000128220854094, 0.000409260450397, 0.000536053383257, 0.00031584413955, 0.00144631974399, 0.00110797036905, 0.00215005828068, 0.00255645764992, 0.00129203568213, 0.000680238532368, 0.000900061801076, 0.000195617933059, 0.000128750354634, 0.000177842171979, 9.46428626776e-05, 0.000276077596936, 0.000303698034259, 0.000228106684517, 0.000263081601588, 0.000692951784004, 0.00072140089469, 0.000238882872509, 0.000501556380186, 0.000294350553304, 0.000190948907402, 0.000115938324598, 0.000186349046999, 0.000290596595732, 0.000280924199615, 0.000162975324201, 0.000114315975225, 6.29216447123e-05, 7.33690030756e-05, 0.000229336728808, 8.59465726535e-05, 4.40737676399e-05, 3.69427943951e-05, 2.72942870652e-05, 3.00298543152e-05, 4.06394610764e-05, 3.68669607269e-05, 1.69682516571e-05, 2.29615088756e-05, 9.19401009014e-06, 5.48292609892e-06, 5.28056580151e-06, 7.26350117475e-06, 1.20097565741e-05, 9.35483330977e-06, 1.50628875417e-05, 8.72793953022e-06, 1.08914373413e-05, 3.83095994039e-06, 2.58525733443e-06, 3.16058003591e-06, 2.82247697214e-06, 3.22453524859e-06, 3.28668102156e-06, 2.26879842558e-06, 1.70911812347e-06, 1.70127134425e-06, 2.20341462409e-06, 1.97345593733e-06, 2.09732502299e-06, 2.73154296337e-06, 2.32268871514e-06, 3.27455654769e-06, 2.8024421681e-06, 2.27019700105e-06, 2.42486703428e-06, 3.52942674908e-06, 2.62105686488e-06, 3.05880712403e-06, 4.00841554438e-06, 3.92502943214e-06, 3.75503805117e-06, 4.49701610705e-06, 5.61180149816e-06, 6.54546738588e-06, 7.9846540757e-06, 7.51029483581e-06, 6.40035295874e-06, 6.25746270089e-06, 5.25482255398e-06, 4.89656122227e-06, 4.33034938396e-06, 4.20510514232e-06, 5.03026603837e-06, 5.65778736927e-06, 5.40718156117e-06, 6.61033209326e-06, 6.57037071505e-06, 5.23760354554e-06, 3.2387081319e-06, 1.85553199117e-06, 1.52385541696e-06, 1.32328682412e-06, 1.16721992072e-06, 6.87101362473e-07, 2.55583756825e-07, 3.55280107556e-08, 2.26859531161e-09, 1.01606989489e-09, 9.99438198868e-10, 9.90394655176e-10, 9.82264936056e-10, 9.77235736777e-10]
    },
    "mfcc": {
        "mean": [-693.55267334, 135.532974243, 5.65945243835, 1.67206907272, 9.25078868866, -12.1089200974, -3.68686056137, -5.10761928558, -11.3244714737, -3.4376502037, -17.4659442902, -15.7532081604, -8.95848846436],
        "cov": [[7499.49853516, -1225.21606445, -594.232910156, -540.292114258, 12.5292215347, 260.84286499, 768.210693359, 565.542358398, 124.842178345, 367.763427734, -25.2660102844, -29.2579154968, 188.529815674], [-1225.21606445, 1718.20019531, -147.241714478, 242.221298218, -31.8774490356, 147.928405762, 86.0178222656, 17.2332859039, 32.1175689697, -1.05645382404, 111.56022644, 43.2396354675, 5.90489387512], [-594.232910156, -147.241714478, 927.838745117, 145.229431152, 101.486351013, 244.616470337, 171.278945923, 106.080970764, 135.22454834, -19.9305591583, 156.612106323, 187.330718994, 42.773475647], [-540.292114258, 242.221298218, 145.229431152, 434.519958496, 166.717269897, -12.601392746, -67.5373458862, 0.966311395168, 98.2885971069, -28.9027729034, 31.6205768585, 83.8807373047, 30.6876506805], [12.5292215347, -31.8774490356, 101.486351013, 166.717269897, 299.225860596, -13.081079483, -20.5147018433, 18.4638614655, 102.3463974, 14.6153030396, -0.850529074669, 80.7783584595, 41.5076141357], [260.84286499, 147.928405762, 244.616470337, -12.601392746, -13.081079483, 318.517822266, 244.061691284, 120.884552002, 35.3955802917, 88.9949569702, 102.841896057, 50.2537002563, 11.7899827957], [768.210693359, 86.0178222656, 171.278945923, -67.5373458862, -20.5147018433, 244.061691284, 377.752197266, 173.282455444, 41.8091011047, 113.480979919, 100.010871887, 68.5741271973, 45.2018623352], [565.542358398, 17.2332859039, 106.080970764, 0.966311395168, 18.4638614655, 120.884552002, 173.282455444, 221.778366089, 49.4930534363, 83.6481704712, 53.615234375, 45.2016410828, 42.0276794434], [124.842178345, 32.1175689697, 135.22454834, 98.2885971069, 102.3463974, 35.3955802917, 41.8091011047, 49.4930534363, 169.965713501, 13.830991745, 45.6549758911, 75.0122909546, 47.38022995], [367.763427734, -1.05645382404, -19.9305591583, -28.9027729034, 14.6153030396, 88.9949569702, 113.480979919, 83.6481704712, 13.830991745, 148.324493408, 20.7073612213, 8.0912322998, 16.4165248871], [-25.2660102844, 111.56022644, 156.612106323, 31.6205768585, -0.850529074669, 102.841896057, 100.010871887, 53.615234375, 45.6549758911, 20.7073612213, 165.543731689, 60.0263328552, 13.4873838425], [-29.2579154968, 43.2396354675, 187.330718994, 83.8807373047, 80.7783584595, 50.2537002563, 68.5741271973, 45.2016410828, 75.0122909546, 8.0912322998, 60.0263328552, 174.928421021, 74.3217544556], [188.529815674, 5.90489387512, 42.773475647, 30.6876506805, 41.5076141357, 11.7899827957, 45.2018623352, 42.0276794434, 47.38022995, 16.4165248871, 13.4873838425, 74.3217544556, 112.855834961]],
        "icov": [[0.000376588461222, 0.000369510729797, 0.000605303153861, 8.99719670997e-05, -0.000114208974992, -0.000196867578779, -0.000763437477872, -0.000545996706933, -0.000427351827966, 0.000244626571657, 5.32144113095e-05, 9.12226532819e-05, -0.000253244215855], [0.000369510729797, 0.00119176192675, 0.00113189592957, -0.000585320871323, 0.000182526884601, -0.000914996140637, -0.000848243886139, -0.000418207695475, -0.000481914496049, 0.000669116037898, -0.000362062739441, -0.000176821849891, -0.000160827621585], [0.000605303153861, 0.00113189592957, 0.0032847947441, -0.00041013432201, -0.000215333813685, -0.00225544394925, -0.00115142413415, -0.00113647605758, -0.00124275183771, 0.00202077417634, -0.000637931167148, -0.00145950226579, 0.000260568951489], [8.99719670997e-05, -0.000585320871323, -0.00041013432201, 0.00397820910439, -0.00161612755619, 0.000151986911078, 0.00108085584361, -0.000527084106579, -0.000854410405736, 0.00016399451124, -0.000163486212841, -0.000458302703919, -4.78774745716e-05], [-0.000114208974992, 0.000182526884601, -0.000215333813685, -0.00161612755619, 0.00549800088629, 0.00025450164685, 0.000576889724471, 0.000272639008472, -0.00200511957519, -0.00124810542911, 0.00103904819116, -0.00149251299445, 0.000203091985895], [-0.000196867578779, -0.000914996140637, -0.00225544394925, 0.000151986911078, 0.00025450164685, 0.00886800233275, -0.00342739070766, 0.000227135140449, 0.000590094132349, -0.00272523262538, -0.00106441834942, 0.00091209099628, 0.00113362877164], [-0.000763437477872, -0.000848243886139, -0.00115142413415, 0.00108085584361, 0.000576889724471, -0.00342739070766, 0.0091563379392, -0.00159596384037, 0.000743692391552, -0.00196887599304, -0.00097474467475, -0.00134892459027, -0.000485906086396], [-0.000545996706933, -0.000418207695475, -0.00113647605758, -0.000527084106579, 0.000272639008472, 0.000227135140449, -0.00159596384037, 0.008833816275, -0.000309864932206, -0.00266966759227, -0.000313403987093, 0.000415817950852, -0.000984404818155], [-0.000427351827966, -0.000481914496049, -0.00124275183771, -0.000854410405736, -0.00200511957519, 0.000590094132349, 0.000743692391552, -0.000309864932206, 0.00993779860437, -0.000348369998392, -0.00141588051338, -0.000790953345131, -0.00149559450801], [0.000244626571657, 0.000669116037898, 0.00202077417634, 0.00016399451124, -0.00124810542911, -0.00272523262538, -0.00196887599304, -0.00266966759227, -0.000348369998392, 0.0112732350826, 1.46207175931e-05, 0.000238032327616, -0.000379733624868], [5.32144113095e-05, -0.000362062739441, -0.000637931167148, -0.000163486212841, 0.00103904819116, -0.00106441834942, -0.00097474467475, -0.000313403987093, -0.00141588051338, 1.46207175931e-05, 0.00927961990237, -0.00194596406072, 0.00121727294754], [9.12226532819e-05, -0.000176821849891, -0.00145950226579, -0.000458302703919, -0.00149251299445, 0.00091209099628, -0.00134892459027, 0.000415817950852, -0.000790953345131, 0.000238032327616, -0.00194596406072, 0.0119327185676, -0.00595461810008], [-0.000253244215855, -0.000160827621585, 0.000260568951489, -4.78774745716e-05, 0.000203091985895, 0.00113362877164, -0.000485906086396, -0.000984404818155, -0.00149559450801, -0.000379733624868, 0.00121727294754, -0.00595461810008, 0.0140337776393]]
    },
    "spectral_contrast_coeffs": {
        "max": [-0.34089666605, -0.426237255335, -0.399641990662, -0.518025696278, -0.527405977249, -0.70233130455],
        "mean": [-0.611332893372, -0.732038497925, -0.689142286777, -0.752191245556, -0.761514186859, -0.812223613262],
        "min": [-0.848254561424, -0.90630453825, -0.897064507008, -0.905908584595, -0.888280451298, -0.880369246006],
        "stdev": [0.0991841629148, 0.0684178546071, 0.103759326041, 0.0821190029383, 0.0677700862288, 0.0331799797714]
    },
    "spectral_contrast_valleys": {
        "max": [-4.87501811981, -5.51969003677, -5.71570491791, -6.320748806, -5.97996091843, -7.53753328323],
        "mean": [-7.34777259827, -7.21399402618, -7.98647880554, -8.36696147919, -8.62068557739, -10.7427024841],
        "min": [-11.1836528778, -10.0813751221, -10.7408790588, -10.7027339935, -10.8044157028, -13.9338417053],
        "stdev": [1.24614799023, 0.7286683321, 0.85088044405, 0.765344440937, 0.851214289665, 1.19213318825]
    }
},
"rhythm": {
    "beats_count": 62,
    "beats_loudness": {
        "max": 0.185439690948,
        "mean": 0.0289122350514,
        "min": 0.000353379902663,
        "stdev": 0.0297591071576
    },
    "bpm": 99.7721557617,
    "bpm_histogram_first_peak_bpm": 99,
    "bpm_histogram_first_peak_weight": 0.407407402992,
    "bpm_histogram_second_peak_bpm": 161,
    "bpm_histogram_second_peak_spread": 0.0999999642372,
    "bpm_histogram_second_peak_weight": 0.147540986538,
    "danceability": 0.882599890232,
    "onset_rate": 3.62988257408,
    "beats_loudness_band_ratio": {
        "max": [0.96609890461, 0.802067875862, 0.620740950108, 0.760537028313, 0.453255236149, 0.83880084753],
        "mean": [0.290038704872, 0.340515822172, 0.162739917636, 0.208049923182, 0.0701787769794, 0.0524676628411],
        "min": [0.000395255076, 0.0315968394279, 0.00617141416296, 0.00257228524424, 0.000892177748028, 0.000499074405525],
        "stdev": [0.24934387207, 0.238060757518, 0.143377244473, 0.238161057234, 0.0988806411624, 0.132976830006]
    },
    "beats_position": [0.650158703327, 1.25387752056, 1.8575963974, 2.4497051239, 3.04181408882, 3.64553284645, 4.2492518425, 4.841360569, 5.4334692955, 6.03718805313, 6.64090681076, 7.24462556839, 7.84834432602, 8.45206356049, 9.05578231812, 9.65950107574, 10.2632198334, 10.866938591, 11.4706573486, 12.0975961685, 12.7245349884, 13.3630838394, 13.9435825348, 14.5240812302, 15.1394100189, 15.7547388077, 16.3468475342, 16.9389572144, 17.5310649872, 18.0767345428, 18.6224040985, 19.1680717468, 19.7137413025, 20.2594108582, 20.7934684753, 21.2810878754, 21.7570972443, 22.2447166443, 22.616235733, 22.9877548218, 23.3592739105, 23.7307929993, 24.0907020569, 24.4622211456, 24.8221302032, 25.1936511993, 25.5767803192, 25.948299408, 26.3082084656, 26.6797275543, 27.0396366119, 27.3995456696, 27.7710647583, 28.2354640961, 28.6882534027, 29.1410427094, 29.6054420471, 30.0582313538, 30.5110206604, 30.9754180908, 31.4282073975, 31.8809967041],
