{
"metadata": {
    "version": {
        "essentia": "2.1-beta5",
        "essentia_git_sha": "Undefined",
        "extractor": "music 2.0"
    },
    "audio_properties": {
        "analysis": {
            "equal_loudness": 0,
            "length": 25.2052612305,
            "sample_rate": 44100,
            "start_time": 175.240997314,
            "downmix": "mix"
        },
        "bit_rate": 192000,
        "length": 200.469482422,
        "lossless": 0,
        "number_channels": 2,
        "replay_gain": -0.830450057983,
        "sample_rate": 48000,
        "codec": "mp3",
        "md5_encoded": "b3d78cac9290b9bdebbd26dcc9e431ae"
    },
    "tags": {
        "file_name": "Israel_Ze Hazman_Eddie Butler.mp3",
        "encoding": ["Lavf58.29.100"]
    }
},
"lowlevel": {
    "average_loudness": 0.747217953205,
    "barkbands_crest": {
        "max": 26.8899307251,
        "mean": 10.773733139,
        "min": 2.74950242043,
        "stdev": 4.84044408798
    },
    "barkbands_flatness_db": {
        "max": 0.573040127754,
        "mean": 0.129136502743,
        "min": 0.0412128083408,
        "stdev": 0.0409543476999
    },
    "barkbands_kurtosis": {
        "max": 4572.93457031,
        "mean": 8.81478309631,
        "min": -1.74278140068,
        "stdev": 144.534454346
    },
    "barkbands_skewness": {
        "max": 65.8009262085,
        "mean": 1.00506174564,
        "min": -1.19672334194,
        "stdev": 2.43286943436
    },
    "barkbands_spread": {
        "max": 72.8382873535,
        "mean": 14.7532548904,
        "min": 0.117753773928,
        "stdev": 7.14399576187
    },
    "dissonance": {
        "max": 0.499999970198,
        "mean": 0.461677879095,
        "min": 0.308940112591,
        "stdev": 0.0365334376693
    },
    "dynamic_complexity": 4.85566234589,
    "erbbands_crest": {
        "max": 31.2563362122,
        "mean": 13.0219345093,
        "min": 2.22256970406,
        "stdev": 6.86578989029
    },
    "erbbands_flatness_db": {
        "max": 0.303301244974,
        "mean": 0.195561394095,
        "min": 0.0304650142789,
        "stdev": 0.0348773151636
    },
    "erbbands_kurtosis": {
        "max": 39.9399642944,
        "mean": 3.38142538071,
        "min": -1.56889021397,
        "stdev": 4.72352838516
    },
    "erbbands_skewness": {
        "max": 4.74224615097,
        "mean": 0.970485508442,
        "min": -1.78380525112,
        "stdev": 0.791482150555
    },
    "erbbands_spread": {
        "max": 159.096969604,
        "mean": 19.8069477081,
        "min": 3.63146710396,
        "stdev": 11.3042078018
    },
    "hfc": {
        "max": 126.304107666,
        "mean": 27.4375019073,
        "min": 3.91613139072e-06,
        "stdev": 25.9177894592
    },
    "loudness_ebu128": {
        "integrated": -22.0523147583,
        "loudness_range": 10.8306312561,
        "momentary": {
            "max": -18.7631626129,
            "mean": -24.0803356171,
            "min": -33.2496337891,
            "stdev": 4.47190141678
        },
        "short_term": {
            "max": -19.1552524567,
            "mean": -23.7036724091,
            "min": -31.944852829,
            "stdev": 3.91525745392
        }
    },
    "melbands_crest": {
        "max": 39.9395980835,
        "mean": 12.5790472031,
        "min": 3.3846206665,
        "stdev": 5.29698085785
    },
    "melbands_flatness_db": {
        "max": 0.56016522646,
        "mean": 0.156443759799,
        "min": 0.0613039135933,
        "stdev": 0.0520872250199
    },
    "melbands_kurtosis": {
        "max": 7537.99414062,
        "mean": 13.1916313171,
        "min": -1.64111840725,
        "stdev": 230.396316528
    },
    "melbands_skewness": {
        "max": 82.0255203247,
        "mean": 1.1980754137,
        "min": -1.57713508606,
        "stdev": 2.91487407684
    },
    "melbands_spread": {
        "max": 78.0588607788,
        "mean": 22.7838363647,
        "min": 0.112213738263,
        "stdev": 9.96489048004
    },
    "pitch_salience": {
        "max": 0.869642436504,
        "mean": 0.58874386549,
        "min": 0.00721326703206,
        "stdev": 0.162322461605
    },
    "silence_rate_20dB": {
        "max": 1,
        "mean": 1,
        "min": 1,
        "stdev": 0
    },
    "silence_rate_30dB": {
        "max": 1,
        "mean": 1,
        "min": 1,
        "stdev": 0
    },
    "silence_rate_60dB": {
        "max": 1,
        "mean": 0.186752527952,
        "min": 0,
        "stdev": 0.389712929726
    },
    "spectral_centroid": {
        "max": 4003.18652344,
        "mean": 1454.28100586,
        "min": 524.912231445,
        "stdev": 387.581878662
    },
    "spectral_complexity": {
        "max": 42,
        "mean": 17.2575893402,
        "min": 0,
        "stdev": 8.0377407074
    },
    "spectral_decrease": {
        "max": -7.46497420899e-15,
        "mean": -5.46088418929e-09,
        "min": -2.58535362008e-08,
        "stdev": 5.05607955503e-09
    },
    "spectral_energy": {
        "max": 0.102232925594,
        "mean": 0.0230993255973,
        "min": 2.85297634406e-08,
        "stdev": 0.0211329404265
    },
    "spectral_energyband_high": {
        "max": 0.0121526494622,
        "mean": 0.0007341899327,
        "min": 1.37744191053e-10,
        "stdev": 0.0011219115695
    },
    "spectral_energyband_low": {
        "max": 0.0830220878124,
        "mean": 0.00201655598357,
        "min": 1.78814865137e-08,
        "stdev": 0.00786498934031
    },
    "spectral_energyband_middle_high": {
        "max": 0.0719403773546,
        "mean": 0.0128606371582,
        "min": 1.16954668172e-10,
        "stdev": 0.0138988392428
    },
    "spectral_energyband_middle_low": {
        "max": 0.0853851735592,
        "mean": 0.00776840373874,
        "min": 2.97860625054e-10,
        "stdev": 0.00920552294701
    },
    "spectral_entropy": {
        "max": 8.98837757111,
        "mean": 7.68397378922,
        "min": 6.59094667435,
        "stdev": 0.325814038515
    },
    "spectral_flux": {
        "max": 0.29679787159,
        "mean": 0.0802584141493,
        "min": 0.00028390053194,
        "stdev": 0.0494176521897
    },
    "spectral_kurtosis": {
        "max": 17.1003932953,
        "mean": 4.94074392319,
        "min": -0.378743886948,
        "stdev": 2.04056882858
    },
    "spectral_rms": {
        "max": 0.00998696312308,
        "mean": 0.00416999449953,
        "min": 5.27578595211e-06,
        "stdev": 0.00226870505139
    },
    "spectral_rolloff": {
        "max": 9259.27734375,
        "mean": 1696.8223877,
        "min": 21.533203125,
        "stdev": 851.576049805
    },
    "spectral_skewness": {
        "max": 3.24833512306,
        "mean": 1.84754860401,
        "min": 0.808916389942,
        "stdev": 0.311262786388
    },
    "spectral_spread": {
        "max": 16000711,
        "mean": 4878690,
        "min": 2590919.25,
        "stdev": 1282438.375
    },
    "spectral_strongpeak": {
        "max": 14.0661058426,
        "mean": 2.62788462639,
        "min": 0,
        "stdev": 2.74750518799
    },
    "zerocrossingrate": {
        "max": 0.2509765625,
        "mean": 0.074630215764,
        "min": 0,
        "stdev": 0.0246696658432
    },
    "barkbands": {
        "max": [0.00451733870432, 0.0712644681334, 0.0315369926393, 0.0184834524989, 0.0186216719449, 0.0242330767214, 0.0311475787312, 0.0498742349446, 0.0776717066765, 0.0190943256021, 0.0477531924844, 0.0589459910989, 0.0623081997037, 0.0363510884345, 0.0154803665355, 0.0197379495949, 0.013354533352, 0.00307222944684, 0.00469718733802, 0.00149055942893, 0.00226220069453, 0.0018723156536, 0.0020232447423, 0.00632689567283, 0.00316199380904, 0.00126194453333, 0.00024004248553],
        "mean": [7.82153947512e-05, 0.00144696771167, 0.000399974465836, 0.000192454244825, 0.000939781137276, 0.000827417650726, 0.000737466500141, 0.00269630132243, 0.00203675031662, 0.001504749991, 0.000443601049483, 0.00526351621374, 0.00319520197809, 0.000962935679127, 0.000377571850549, 0.000349417008692, 0.000426641374361, 0.000253882957622, 0.00016621722898, 0.000122800207464, 0.000119312018796, 0.00010021108028, 0.000127303108457, 0.000152973036165, 0.000116402690765, 5.80967280257e-05, 3.1409440453e-06],
        "min": [1.25157706421e-09, 9.0740241987e-09, 1.03817773822e-10, 1.09418307748e-10, 1.64117316959e-10, 2.74486943591e-12, 6.05244456983e-12, 9.16708202403e-12, 5.26212927399e-12, 3.94876752824e-12, 5.55258139814e-12, 1.00072814618e-11, 8.42954352154e-12, 1.53774944167e-11, 8.57561851392e-12, 4.0933558626e-12, 1.60679265032e-11, 1.17136595562e-11, 2.28138462982e-11, 2.35624610101e-11, 2.29881183533e-11, 1.72426031786e-11, 1.6508665962e-11, 2.06542144499e-11, 1.6171763581e-11, 1.5596801628e-11, 1.73567479833e-11],
        "stdev": [0.000430737592978, 0.00607812823728, 0.00176707922947, 0.00100336421747, 0.00190063740592, 0.00194875150919, 0.00188581447583, 0.00471129128709, 0.00522349728271, 0.00224219541997, 0.00170764082577, 0.0102579779923, 0.00728415278718, 0.00248600193299, 0.000933932256885, 0.000820331333671, 0.000819465785753, 0.000347473483998, 0.000293890276225, 0.000186313816812, 0.000185797282029, 0.000161140764249, 0.000208139812457, 0.000367224100046, 0.000217583074118, 0.000102196427179, 1.19533615361e-05]
    },
    "erbbands": {
        "max": [2.71529650688, 15.7777690887, 35.3589859009, 39.0851631165, 37.8858604431, 77.2520599365, 232.482818604, 168.594497681, 227.785964966, 1697.94262695, 1033.42651367, 1619.22143555, 592.280822754, 913.077758789, 1901.81921387, 2578.73266602, 1981.67468262, 2157.75292969, 582.088867188, 1325.09545898, 516.176391602, 443.774383545, 170.487869263, 266.324310303, 111.847106934, 42.5614700317, 84.4066467285, 59.5947036743, 64.000579834, 96.6238708496, 47.6391448975, 79.8050842285, 129.399032593, 41.5201835632, 22.5048713684, 7.15257692337, 2.15425491333, 0.423578023911, 0.0378748811781, 0.000649438821711],
        "mean": [0.0383375771344, 0.328056067228, 0.563919484615, 0.56245559454, 1.01047730446, 3.1718454361, 8.30884170532, 6.10122871399, 9.60077476501, 24.6256122589, 63.3625221252, 47.6016235352, 45.3866157532, 33.4768676758, 43.3630447388, 226.892044067, 161.514968872, 70.374420166, 30.8591766357, 20.7407989502, 18.6610107422, 24.9366855621, 15.9632873535, 9.86236286163, 7.50072574615, 5.00584077835, 4.67031097412, 5.09305906296, 3.53687047958, 3.70095252991, 3.59863257408, 2.81748771667, 2.69095373154, 1.53811001778, 0.732873558998, 0.299485832453, 0.102760732174, 0.0125919505954, 0.000608055153862, 4.40868134319e-05],
        "min": [4.7808924819e-07, 7.3209440643e-07, 1.80329820409e-07, 3.30132991166e-07, 6.28400641745e-07, 4.26632539074e-07, 1.38444434583e-07, 4.59421585219e-08, 8.40150278236e-08, 7.55700000354e-08, 2.59143263293e-07, 1.57266683232e-07, 1.0406734674e-07, 2.35136099036e-07, 2.94658406119e-07, 2.89664768616e-07, 3.9909843963e-07, 6.79502022649e-07, 4.75068532069e-07, 5.04829301917e-07, 3.11000121656e-07, 1.01153091236e-06, 7.18946978395e-07, 8.61544776853e-07, 1.24610812691e-06, 1.13842486371e-06, 1.00221245702e-06, 8.50600997637e-07, 5.64690083138e-07, 6.45995612558e-07, 4.30975262589e-07, 3.5712537283e-07, 3.74490781496e-07, 1.85623250104e-07, 1.19591078374e-07, 7.26096445192e-08, 2.61271750901e-08, 1.06334514527e-08, 2.60580002021e-09, 2.48735809727e-10],
        "stdev": [0.185965880752, 1.34055554867, 2.36086654663, 2.43758177757, 2.87945389748, 7.71356678009, 18.7731266022, 11.5255298615, 16.1528625488, 79.1877670288, 104.07673645, 117.202217102, 65.0883483887, 49.1745071411, 112.668167114, 431.196289062, 313.607849121, 171.352249146, 50.1967506409, 57.3614082336, 36.3795166016, 41.9660415649, 20.5837287903, 17.0717582703, 10.5745668411, 6.73329019547, 7.684882164, 7.77768516541, 5.69776153564, 7.04014778137, 5.63462638855, 5.73741483688, 7.13104915619, 2.93125033379, 1.45617997646, 0.5445317626, 0.188262104988, 0.0267436932772, 0.00194116437342, 5.06523101649e-05]
    },
    "gfcc": {
        "mean": [-14.4775428772, 45.4564437866, -150.421508789, -11.4681749344, -73.150970459, 18.0308933258, -43.3578567505, 15.4767189026, -24.1345100403, 7.56459760666, -17.495803833, 2.78930091858, -16.6136989594],
        "cov": [[6792.09179688, 139.272277832, 896.734558105, 402.797790527, 152.101638794, 475.573242188, 35.1931877136, -290.896453857, -398.523468018, 201.86605835, 356.145202637, 151.325714111, -285.726837158], [139.272277832, 953.602233887, 619.122680664, 299.480560303, 167.942596436, 48.859703064, 174.870574951, 52.6037368774, 88.5743713379, 114.850395203, 228.60118103, 2.08643937111, 37.6739425659], [896.734558105, 619.122680664, 1025.07434082, 462.398468018, 246.7603302, 258.691162109, 174.318466187, -66.5243453979, -60.3701438904, 174.276855469, 298.132629395, 47.5066452026, -51.6331710815], [402.797790527, 299.480560303, 462.398468018, 396.356018066, 237.655670166, 165.836868286, 108.561073303, -31.5351390839, -26.9620437622, 52.8492088318, 110.81463623, 4.26001358032, -24.7131481171], [152.101638794, 167.942596436, 246.7603302, 237.655670166, 252.549697876, 125.834114075, 106.551528931, 4.91967582703, 6.83500814438, 37.2073173523, 64.7079620361, 1.37259852886, -19.596326828], [475.573242188, 48.859703064, 258.691162109, 165.836868286, 125.834114075, 247.299926758, 140.68598938, -21.6752986908, -58.3781166077, 76.782989502, 109.687995911, 20.3824501038, -40.3605232239], [35.1931877136, 174.870574951, 174.318466187, 108.561073303, 106.551528931, 140.68598938, 206.794342041, 50.3272972107, 7.69173717499, 56.0657234192, 86.3367004395, 20.9226436615, 11.7386360168], [-290.896453857, 52.6037368774, -66.5243453979, -31.5351390839, 4.91967582703, -21.6752986908, 50.3272972107, 104.393463135, 78.8103408813, -0.0438582263887, -15.9656867981, -7.0226764679, 31.2921886444], [-398.523468018, 88.5743713379, -60.3701438904, -26.9620437622, 6.83500814438, -58.3781166077, 7.69173717499, 78.8103408813, 137.251235962, 34.3229026794, 3.02164554596, -29.1978721619, 8.72751998901], [201.86605835, 114.850395203, 174.276855469, 52.8492088318, 37.2073173523, 76.782989502, 56.0657234192, -0.0438582263887, 34.3229026794, 142.142623901, 129.041915894, 13.2325124741, -33.2444839478], [356.145202637, 228.60118103, 298.132629395, 110.81463623, 64.7079620361, 109.687995911, 86.3367004395, -15.9656867981, 3.02164554596, 129.041915894, 202.320037842, 47.3560638428, -27.9320373535], [151.325714111, 2.08643937111, 47.5066452026, 4.26001358032, 1.37259852886, 20.3824501038, 20.9226436615, -7.0226764679, -29.1978721619, 13.2325124741, 47.3560638428, 80.3016662598, 33.5965843201], [-285.726837158, 37.6739425659, -51.6331710815, -24.7131481171, -19.596326828, -40.3605232239, 11.7386360168, 31.2921886444, 8.72751998901, -33.2444839478, -27.9320373535, 33.5965843201, 95.1064834595]],
        "icov": [[0.000253434467595, -0.00019474705914, 1.35548925755e-05, -8.29193159007e-05, 9.42251135712e-05, -0.000341900420608, 0.000378242402803, -0.000275781203527, 0.00068593659671, -0.000274570746114, 0.000236033243709, -0.000740947492886, 0.000914861273486], [-0.00019474705914, 0.00394835555926, -0.0017297900049, -0.000860874715727, -8.13143778942e-05, 0.00365514238365, -0.00254914280958, -0.000151725209435, -0.00147327920422, 0.00204870803282, -0.00481256563216, 0.00451663509011, -0.00357057410292], [1.35548925755e-05, -0.0017297900049, 0.00414454704151, -0.00293165189214, 0.000601149862632, -0.00108913751319, 0.000873875629622, -0.000176808724063, 0.00212692050263, -0.00163404759951, -0.00118074170314, -0.000954432820436, 0.00105022196658], [-8.29193159007e-05, -0.000860874715727, -0.00293165189214, 0.0109341237694, -0.00660897791386, -0.0027780176606, 0.00121577118989, 0.00248083146289, -0.00135540659539, 0.00214665033855, 0.000885947782081, 0.00130642298609, -0.00149202311877], [9.42251135712e-05, -8.13143778942e-05, 0.000601149862632, -0.00660897791386, 0.0112125715241, -0.00170748389792, -0.00238864147104, 0.000663619197439, -0.00313488789834, 0.000699684664141, 0.00159360002726, -0.00248432927765, 0.00246437662281], [-0.000341900420608, 0.00365514238365, -0.00108913751319, -0.0027780176606, -0.00170748389792, 0.0166189242154, -0.0087165562436, -0.00141058908775, 0.00590621074662, -0.00289255217649, -0.00461446912959, 0.0046925926581, -0.000113436522952], [0.000378242402803, -0.00254914280958, 0.000873875629622, 0.00121577118989, -0.00238864147104, -0.0087165562436, 0.0155540574342, -0.00908468943089, 0.00420244317502, -0.00131635880098, -0.00058551679831, -0.00144122040365, -0.000694099522661], [-0.000275781203527, -0.000151725209435, -0.000176808724063, 0.00248083146289, 0.000663619197439, -0.00141058908775, -0.00908468943089, 0.029276708141, -0.018595751375, 0.00427529634908, 0.0038071856834, -0.00223098089918, -0.00408594077453], [0.00068593659671, -0.00147327920422, 0.00212692050263, -0.00135540659539, -0.00313488789834, 0.00590621074662, 0.00420244317502, -0.018595751375, 0.0278868749738, -0.0111257303506, -0.00174445996527, 0.00556570664048, 0.0019805887714], [-0.000274570746114, 0.00204870803282, -0.00163404759951, 0.00214665033855, 0.000699684664141, -0.00289255217649, -0.00131635880098, 0.00427529634908, -0.0111257303506, 0.0244662500918, -0.0146158542484, 0.00338581600226, -0.000208766388823], [0.000236033243709, -0.00481256563216, -0.00118074170314, 0.000885947782081, 0.00159360002726, -0.00461446912959, -0.00058551679831, 0.0038071856834, -0.00174445996527, -0.0146158542484, 0.0281239338219, -0.0164065752178, 0.00850094202906], [-0.000740947492886, 0.00451663509011, -0.000954432820436, 0.00130642298609, -0.00248432927765, 0.0046925926581, -0.00144122040365, -0.00223098089918, 0.00556570664048, 0.00338581600226, -0.0164065752178, 0.0315520279109, -0.0170939471573], [0.000914861273486, -0.00357057410292, 0.00105022196658, -0.00149202311877, 0.00246437662281, -0.000113436522952, -0.000694099522661, -0.00408594077453, 0.0019805887714, -0.000208766388823, 0.00850094202906, -0.0170939471573, 0.0250299740583]]
    },
    "melbands": {
        "max": [0.0193192008883, 0.0155561659485, 0.00608425913379, 0.0028163860552, 0.00676332321018, 0.00344173936173, 0.00298716453835, 0.0179936010391, 0.0107370754704, 0.00868624169379, 0.00301711494103, 0.00377203267999, 0.00755581632257, 0.00870004761964, 0.00962519738823, 0.00758923357353, 0.00403359765187, 0.00116716523189, 0.00139662192669, 0.00178111635614, 0.000719971256331, 0.000661866448354, 0.00036416889634, 0.000210687285289, 0.000238998181885, 0.000137659255415, 7.96870954218e-05, 3.04174609482e-05, 6.87545689289e-05, 8.5426188889e-05, 2.86886570393e-05, 4.49375984317e-05, 5.2640461945e-05, 4.97862747579e-05, 3.4276257793e-05, 3.1669242162e-05, 5.30209545104e-05, 0.000106606174086, 5.79451698286e-05, 2.83923891402e-05],
        "mean": [0.000379353819881, 0.000342181534506, 0.000106973806396, 0.000137960319989, 0.000273852201644, 0.000146195176058, 0.000136741291499, 0.000368284469005, 0.000494854873978, 0.000281510583591, 0.0002287880925, 0.00014784069208, 7.98122273409e-05, 0.000465555698611, 0.000569032854401, 0.000297943042824, 0.000104621081846, 5.3576000937e-05, 2.91347278107e-05, 2.59100288531e-05, 2.04478983505e-05, 2.75670317933e-05, 1.7389525965e-05, 1.18225752885e-05, 7.53204449211e-06, 6.19784032097e-06, 4.7428511607e-06, 2.9597615594e-06, 2.92883532893e-06, 3.1263477922e-06, 2.71434942078e-06, 2.03698277801e-06, 1.8263773427e-06, 2.12026088775e-06, 2.16163425648e-06, 1.80195002031e-06, 1.7032911046e-06, 1.95567940864e-06, 1.70343673744e-06, 1.14452484468e-06],
        "min": [4.06816624832e-09, 7.12988279528e-11, 6.14242545716e-11, 4.00682403923e-11, 6.81349638168e-12, 8.91355565746e-13, 1.08868795055e-12, 9.57952684191e-13, 1.99700152248e-12, 8.17279024404e-13, 4.59449806759e-13, 8.89322849303e-13, 8.5697220804e-13, 1.11028579993e-12, 7.13209873104e-13, 9.32133602076e-13, 1.30511736401e-12, 8.92258326685e-13, 6.0799060014e-13, 4.71601165238e-13, 3.12463352718e-13, 1.01182094387e-12, 7.61291420528e-13, 5.78149886906e-13, 6.8084866087e-13, 1.01973453553e-12, 7.85853532855e-13, 7.33654510841e-13, 6.32904644492e-13, 5.56646905219e-13, 4.87236065296e-13, 3.36968246275e-13, 2.85787046155e-13, 3.80887785504e-13, 2.49335572805e-13, 2.16094286562e-13, 2.11137653043e-13, 2.65197287958e-13, 2.08186739332e-13, 1.45392405797e-13],
        "stdev": [0.00166441022884, 0.00134354294278, 0.0003958613961, 0.000325029948726, 0.000572586024646, 0.000278717197943, 0.000244173657848, 0.000916687597055, 0.000898795144167, 0.000683894788381, 0.000343791791238, 0.00021909030329, 0.000294975150609, 0.00103813037276, 0.00115785456728, 0.000804549606983, 0.000283452303847, 9.87160092336e-05, 8.86532798177e-05, 6.92761823302e-05, 4.38473543909e-05, 4.98016124766e-05, 2.76949594991e-05, 1.81363175216e-05, 1.47259597725e-05, 1.05917861219e-05, 7.86210057413e-06, 4.10282063967e-06, 5.61128717891e-06, 5.4379715948e-06, 4.031096978e-06, 3.38351378559e-06, 3.35716822519e-06, 4.23362007496e-06, 3.53596374225e-06, 2.94023561764e-06, 3.95346432924e-06, 5.7824945543e-06, 3.6543576698e-06, 2.11539054362e-06]
    },
    "melbands128": {
        "max": [0.00449240533635, 0.0247213058174, 0.0297799054533, 0.0254095438868, 0.0198475942016, 0.0125613706186, 0.00928024295717, 0.00796386413276, 0.00467488076538, 0.00400168588385, 0.00554405665025, 0.0081085069105, 0.0105541199446, 0.0100331623107, 0.00557274417952, 0.00249133282341, 0.0061139492318, 0.00309290713631, 0.00643283966929, 0.0308727677912, 0.017018256709, 0.0114713888615, 0.0130275301635, 0.03104721196, 0.0147497616708, 0.00759189669043, 0.00765551673248, 0.00356494192965, 0.00568717857823, 0.00263843219727, 0.00485883187503, 0.00405657012016, 0.014016168192, 0.00763594824821, 0.0123562635854, 0.0136756738648, 0.0159130748361, 0.0219179354608, 0.00838406383991, 0.0104976706207, 0.0174271035939, 0.00845557358116, 0.00907522067428, 0.00233492348343, 0.00307529116981, 0.000826211005915, 0.00177447823808, 0.00264052348211, 0.00129289296456, 0.00286316382699, 0.00212997384369, 0.000839067273773, 0.000917776196729, 0.00112535688095, 0.00220265053213, 0.001125807059, 0.000963110884186, 0.000959447294008, 0.000341289211065, 0.000262500863755, 0.00046275529894, 0.000434574147221, 0.000309985800413, 0.000381447433028, 0.000225837196922, 0.000211513732211, 9.81482226052e-05, 8.99573133211e-05, 0.000187029057997, 9.21544487937e-05, 3.75660420104e-05, 6.48657151032e-05, 0.000162609256222, 6.28622947261e-05, 5.07616714458e-05, 0.000161926684086, 6.14044402028e-05, 7.02349570929e-05, 3.24947977788e-05, 5.23994749528e-05, 5.11389662279e-05, 7.14055568096e-05, 4.96571483382e-05, 3.84018385375e-05, 7.40964605939e-05, 8.31657744129e-05, 7.39029055694e-05, 4.83505500597e-05, 4.34810826846e-05, 5.42022353329e-05, 3.96561372327e-05, 3.00725296256e-05, 4.88917139592e-05, 5.5017604609e-05, 9.9336153653e-05, 0.000130331216496, 0.000137492737849, 0.000119456788525, 5.41659101145e-05, 3.67963766621e-05, 3.59052319254e-05, 2.86172235064e-05, 2.29570523516e-05, 3.98980155296e-05, 3.50413210981e-05, 1.81399445864e-05, 1.70483071997e-05, 1.95979737327e-05, 1.15816392281e-05, 9.66351490206e-06, 8.91533545655e-06, 1.2436443285e-05, 7.98376913735e-06, 8.16701412987e-06, 3.05192384076e-06, 4.0893842197e-06, 2.73750310953e-06, 4.48768878414e-06, 3.66819426745e-06, 8.24520043352e-07, 3.51839616997e-07, 8.39972074118e-08, 2.31837127274e-08, 2.86705881258e-09, 2.64328092747e-09, 2.47046227919e-09, 2.36273423049e-09, 2.30531793655e-09],
        "mean": [6.11358846072e-05, 0.000273856596323, 0.000525513896719, 0.000561501772609, 0.0003597070463, 0.00016803467588, 0.000112138448458, 8.91444506124e-05, 9.58764212555e-05, 0.000111971450679, 0.000163530974532, 0.000295781792374, 0.000324132648529, 0.00022971467115, 0.000132137385663, 7.90139238234e-05, 0.000175632361788, 0.000138682618854, 9.44042112678e-05, 0.000201771705179, 0.000525514304172, 0.000826893316116, 0.000355445576133, 0.000403200770961, 0.000314854871249, 0.00024509607465, 0.000172157757333, 0.000210093654459, 0.000329962465912, 0.000155815359903, 0.00010917281179, 5.8232977608e-05, 5.46730407223e-05, 8.39393615024e-05, 0.000268028088612, 0.000616368313786, 0.000714291410986, 0.000765103206504, 0.000293188379146, 0.000299028353766, 0.00037285630242, 0.000176372064743, 9.24967098399e-05, 6.16123288637e-05, 9.21415557968e-05, 4.08123087254e-05, 2.86886897811e-05, 3.31266128342e-05, 2.56278181041e-05, 2.69914689852e-05, 2.95191657642e-05, 2.05563774216e-05, 1.89674901776e-05, 2.14351603063e-05, 2.13889761653e-05, 3.44134241459e-05, 2.63313886535e-05, 1.78053342097e-05, 1.46536640386e-05, 1.48565677591e-05, 1.32755039886e-05, 8.16040574136e-06, 7.07146182322e-06, 6.80761559124e-06, 9.436847904e-06, 6.01826286584e-06, 4.39328414359e-06, 5.33600359631e-06, 5.21385481989e-06, 3.42091584571e-06, 2.31414514928e-06, 3.00516171592e-06, 3.69436384062e-06, 2.5958322567e-06, 2.44971647589e-06, 2.85965552393e-06, 3.46825413544e-06, 4.1084804252e-06, 1.95551047e-06, 2.33638274949e-06, 2.12558779822e-06, 1.90344644579e-06, 1.72062061665e-06, 1.71521639913e-06, 1.9948595309e-06, 2.23590268433e-06, 2.10035136661e-06, 2.05739047487e-06, 2.47544198828e-06, 1.83266809017e-06, 2.01054990612e-06, 1.66332301887e-06, 1.7598690647e-06, 1.35098730425e-06, 1.96670771402e-06, 2.17662091018e-06, 1.80368056135e-06, 1.89690661045e-06, 1.90048922377e-06, 1.41686552979e-06, 1.48147739765e-06, 1.02547710412e-06, 8.61894193349e-07, 9.38976654652e-07, 8.88087754447e-07, 7.38542098588e-07, 6.35113167391e-07, 5.43997316527e-07, 4.57725548131e-07, 4.75573244785e-07, 4.9686013881e-07, 3.97173465672e-07, 3.28103880065e-07, 2.31652379057e-07, 1.81425050982e-07, 1.12931537899e-07, 5.8582678264e-08, 3.86620833126e-08, 2.6367429129e-08, 1.52893608885e-08, 5.42760281164e-09, 6.93459178969e-10, 2.13532483362e-10, 1.01661639176e-11, 6.00970445283e-12, 5.46968373372e-12, 5.16209471002e-12, 5.06555257809e-12],
        "min": [6.02828507598e-12, 1.74743153281e-09, 1.3473497873e-09, 1.1552348661e-10, 4.20031648352e-11, 6.55630480462e-11, 6.04505057122e-11, 5.64788736612e-11, 6.89030221768e-11, 4.61482206615e-11, 1.62306782597e-11, 1.33452641299e-11, 3.21594682308e-12, 2.93243646596e-13, 6.59824137602e-13, 8.5071874675e-13, 2.30467142766e-12, 5.3812217269e-13, 6.16408508437e-13, 8.32054911082e-13, 5.12475858191e-13, 2.93418891614e-12, 2.26956821392e-12, 1.08002994569e-12, 1.29385000977e-12, 5.01883799277e-13, 1.65029258705e-13, 6.32100600161e-13, 5.77290927735e-13, 3.0362875842e-13, 1.57689681625e-12, 9.20998086823e-13, 4.1016295178e-13, 8.76860595852e-13, 1.94361150438e-12, 9.43103017556e-13, 2.59330859738e-13, 6.93032653834e-13, 1.08693696405e-12, 7.37913473815e-13, 8.62370884338e-13, 1.01714383444e-12, 1.65967619422e-12, 1.06667908013e-12, 1.5943271009e-12, 8.02515443422e-13, 1.12516319504e-13, 5.00368897791e-13, 8.76737159435e-13, 9.33119358691e-13, 1.99596795255e-13, 3.01093216115e-13, 3.54032937949e-13, 2.69692986476e-13, 3.11682157948e-13, 1.08947323819e-12, 1.55675439987e-12, 5.47110805011e-13, 5.26161525374e-13, 7.72705250479e-13, 4.72862146574e-13, 5.4620191833e-13, 7.18634190783e-13, 4.99480285691e-13, 8.46120699546e-13, 1.14029532344e-12, 7.32247324841e-13, 8.31264690328e-13, 7.64913035255e-13, 6.80857171857e-13, 7.99752625236e-13, 5.93158009689e-13, 6.70853943143e-13, 6.53113305625e-13, 5.7306156348e-13, 5.93409273542e-13, 5.45408770231e-13, 3.46762034234e-13, 5.05524062281e-13, 4.59045345139e-13, 3.57897359752e-13, 3.06769068698e-13, 1.69398688328e-13, 2.45504381798e-13, 4.25474651171e-13, 3.97050854651e-13, 3.96020157856e-13, 2.84120844256e-13, 2.23215353536e-13, 2.49005243508e-13, 1.89859629754e-13, 2.12253893389e-13, 2.56952147277e-13, 1.78429685849e-13, 2.27458134792e-13, 1.89887453092e-13, 2.7496239877e-13, 3.89846927526e-13, 1.78035375071e-13, 1.43019846183e-13, 1.5116323449e-13, 1.28964493164e-13, 1.66180600097e-13, 1.350597287e-13, 1.45862488754e-13, 1.12328271413e-13, 1.28512855197e-13, 1.40012513302e-13, 1.36167796873e-13, 1.16072949863e-13, 1.12640596178e-13, 7.60148644334e-14, 8.66690684606e-14, 6.49354837479e-14, 6.36708500051e-14, 8.15281205719e-14, 1.15634403637e-13, 5.95728571725e-14, 7.23161493795e-14, 1.28539878936e-13, 6.31960372162e-14, 6.25968054517e-14, 5.8853746529e-14, 4.82906459774e-14, 7.93974125812e-14, 5.77448042182e-14, 1.7885503869e-14, 5.72910268573e-16],
        "stdev": [0.000345814711181, 0.00150307442527, 0.00235926709138, 0.00226591946557, 0.00151554180775, 0.000720969808754, 0.000551317411009, 0.000438041897723, 0.000306343601551, 0.000356435717549, 0.000513255712576, 0.000651544309221, 0.000794190156739, 0.000743798911572, 0.000313486088999, 0.000156965077622, 0.000346634333255, 0.000262329995167, 0.000407278566854, 0.00133664731402, 0.0011693543056, 0.00148064026143, 0.000906214350834, 0.0017627349589, 0.00101940741297, 0.000728140352294, 0.000501485599671, 0.000373942777514, 0.000719725212548, 0.000231925834669, 0.000239768778556, 0.000191743703908, 0.000433940265793, 0.000388935790397, 0.00102804531343, 0.00180343887769, 0.0017999263946, 0.00221877684817, 0.000981999444775, 0.00102776731364, 0.00136834243312, 0.00072721397737, 0.000460507057142, 0.000186476958334, 0.000243571848841, 7.75960288593e-05, 8.93136602826e-05, 0.000144529243698, 7.86583987065e-05, 0.000114717287943, 8.51268996485e-05, 5.192205208e-05, 4.40155490651e-05, 6.39567660983e-05, 8.34085876704e-05, 7.13989284122e-05, 6.16425822955e-05, 5.1039205573e-05, 2.74425237876e-05, 2.46007020905e-05, 2.89113977487e-05, 2.20846504817e-05, 2.00721788133e-05, 1.79156468221e-05, 1.77925921889e-05, 1.42337294164e-05, 9.33305091166e-06, 9.44969815464e-06, 1.24994139696e-05, 8.42953068059e-06, 3.28050487042e-06, 5.18744718647e-06, 1.06105126179e-05, 5.31657769898e-06, 4.66569872515e-06, 7.43440978113e-06, 6.95090375302e-06, 8.19231627247e-06, 3.17066860589e-06, 3.98301017412e-06, 3.76283060177e-06, 3.895871032e-06, 3.39083021572e-06, 3.23213316733e-06, 4.24467452831e-06, 5.73218130739e-06, 4.56629140899e-06, 4.20395053879e-06, 4.70812301501e-06, 3.43776105183e-06, 3.63772346645e-06, 2.96385383081e-06, 3.78674894819e-06, 3.40790666087e-06, 5.42984162166e-06, 6.63119044475e-06, 6.66663299853e-06, 5.64871425013e-06, 4.30913951277e-06, 3.11733947456e-06, 3.08520975523e-06, 1.97321969608e-06, 1.59713033554e-06, 2.16058970182e-06, 1.99231931219e-06, 1.67437906384e-06, 1.33965363602e-06, 1.16319063181e-06, 8.94003619578e-07, 8.59052192936e-07, 9.51516256009e-07, 8.42161739456e-07, 7.31060822545e-07, 5.44069337138e-07, 3.53512774609e-07, 2.62152894948e-07, 1.65718347489e-07, 1.89469247402e-07, 1.59642965514e-07, 6.03425718282e-08, 2.3252507475e-08, 4.48881776194e-09, 1.49576939723e-09, 9.91749043999e-11, 8.02244520814e-11, 7.50046899589e-11, 7.1750348718e-11, 7.00136060239e-11]
    },
    "mfcc": {
        "mean": [-652.029846191, 93.4479446411, -27.9079742432, -22.2682437897, -11.4997787476, -8.52041149139, -7.12557601929, -0.0162960775197, -2.38213419914, 0.373128533363, 4.42047691345, 3.51232671738, -3.99207210541],
        "cov": [[5299.22949219, 0.849702894688, 732.696411133, 192.94921875, 208.610168457, 433.675415039, 378.415649414, -57.2063865662, -400.400878906, -243.607711792, 130.658630371, 278.813873291, 22.8711719513], [0.849702894688, 700.221069336, 387.866088867, 243.881561279, 83.7910919189, 24.3018360138, 110.154556274, -2.67913007736, 3.02605032921, 51.4423866272, 99.9989395142, 111.304840088, 94.8452758789], [732.696411133, 387.866088867, 883.86315918, 331.33190918, 201.69090271, 282.779876709, 327.208984375, -40.2532539368, -141.01423645, -28.7486476898, 138.822357178, 252.506820679, 106.719261169], [192.94921875, 243.881561279, 331.33190918, 333.041778564, 189.787384033, 163.244308472, 149.805664062, 27.8405971527, -23.7031822205, 24.8493366241, 58.6566581726, 76.4719696045, 41.3033828735], [208.610168457, 83.7910919189, 201.69090271, 189.787384033, 197.630004883, 126.494377136, 89.0480651855, 14.6394786835, -32.8187904358, 16.3470973969, 55.6118965149, 52.3977775574, -1.25407838821], [433.675415039, 24.3018360138, 282.779876709, 163.244308472, 126.494377136, 263.671630859, 228.51751709, 21.1038455963, -50.2026519775, -9.31640720367, 57.5071525574, 125.849937439, 44.5326881409], [378.415649414, 110.154556274, 327.208984375, 149.805664062, 89.0480651855, 228.51751709, 299.754760742, 47.6818084717, -29.0455036163, -17.2973937988, 53.4151763916, 149.163253784, 78.993637085], [-57.2063865662, -2.67913007736, -40.2532539368, 27.8405971527, 14.6394786835, 21.1038455963, 47.6818084717, 97.3036117554, 55.2200737, 5.77758550644, -19.9406242371, -17.8225574493, 5.01321840286], [-400.400878906, 3.02605032921, -141.01423645, -23.7031822205, -32.8187904358, -50.2026519775, -29.0455036163, 55.2200737, 133.280715942, 47.7365646362, -29.8212356567, -61.4748802185, -11.3215684891], [-243.607711792, 51.4423866272, -28.7486476898, 24.8493366241, 16.3470973969, -9.31640720367, -17.2973937988, 5.77758550644, 47.7365646362, 103.480834961, 53.6055870056, 11.4768390656, -10.3431415558], [130.658630371, 99.9989395142, 138.822357178, 58.6566581726, 55.6118965149, 57.5071525574, 53.4151763916, -19.9406242371, -29.8212356567, 53.6055870056, 146.273040771, 121.880699158, 18.3132915497], [278.813873291, 111.304840088, 252.506820679, 76.4719696045, 52.3977775574, 125.849937439, 149.163253784, -17.8225574493, -61.4748802185, 11.4768390656, 121.880699158, 200.06578064, 74.8610305786], [22.8711719513, 94.8452758789, 106.719261169, 41.3033828735, -1.25407838821, 44.5326881409, 78.993637085, 5.01321840286, -11.3215684891, -10.3431415558, 18.3132915497, 74.8610305786, 101.498092651]],
        "icov": [[0.0002911274496, -4.38016249973e-05, -5.74760670133e-05, 9.13068433874e-05, 5.32237936568e-05, -0.000338798592566, -3.20490726153e-05, -0.000242557667661, 0.000621334766038, 0.000526095682289, -0.000298559083603, 8.98703874554e-05, 0.000295338308206], [-4.38016249973e-05, 0.0033075818792, -0.0011178663699, -0.00250485353172, 0.000701865646988, 0.00333234551363, -0.00117377866991, 0.000502847658936, -0.000902126368601, -0.000582319917157, -0.00137987243943, 0.000463501783088, -0.00170380121563], [-5.74760670133e-05, -0.0011178663699, 0.00403451640159, -0.0016651150072, -0.000592226337176, 0.000184004122275, -0.00272070267238, 0.00247606425546, 0.00110797339585, 0.00110166124068, 0.000194122127141, -0.00159784243442, 0.000779533584137], [9.13068433874e-05, -0.00250485353172, -0.0016651150072, 0.0118505647406, -0.0073549808003, -0.00393847795203, 0.00128257961478, -0.00211672438309, 0.000453699787613, -0.0019258109387, 0.000954166811425, 0.00260721985251, -0.00224886508659], [5.32237936568e-05, 0.000701865646988, -0.000592226337176, -0.0073549808003, 0.0149950711057, -0.003992756363, 0.00234556943178, -0.00232184072956, 0.00179872347508, 0.000307326146867, -0.00343266106211, 0.00116416625679, 0.00316681177355], [-0.000338798592566, 0.00333234551363, 0.000184004122275, -0.00393847795203, -0.003992756363, 0.0197475049645, -0.0126439463347, 0.00304533797316, 0.000644060957711, -0.00167191482615, 0.000695333234034, -0.00219427235425, 0.000742530217394], [-3.20490726153e-05, -0.00117377866991, -0.00272070267238, 0.00128257961478, 0.00234556943178, -0.0126439463347, 0.0189780853689, -0.00757163669914, -0.00232865358703, 0.00145106436685, 0.00317897368222, -0.00595351913944, -0.00167125079315], [-0.000242557667661, 0.000502847658936, 0.00247606425546, -0.00211672438309, -0.00232184072956, 0.00304533797316, -0.00757163669914, 0.0198178775609, -0.00791116245091, 0.00210204976611, 7.28045506548e-06, 0.00140767323319, -0.000315949582728], [0.000621334766038, -0.000902126368601, 0.00110797339585, 0.000453699787613, 0.00179872347508, 0.000644060957711, -0.00232865358703, -0.00791116245091, 0.0190093144774, -0.0079463403672, 0.00118392822333, 0.00400480814278, -0.000560670974664], [0.000526095682289, -0.000582319917157, 0.00110166124068, -0.0019258109387, 0.000307326146867, -0.00167191482615, 0.00145106436685, 0.00210204976611, -0.0079463403672, 0.0210616420954, -0.0104744229466, 0.00101113005076, 0.00195919652469], [-0.000298559083603, -0.00137987243943, 0.000194122127141, 0.000954166811425, -0.00343266106211, 0.000695333234034, 0.00317897368222, 7.28045506548e-06, 0.00118392822333, -0.0104744229466, 0.0260889139026, -0.018482061103, 0.00593142770231], [8.98703874554e-05, 0.000463501783088, -0.00159784243442, 0.00260721985251, 0.00116416625679, -0.00219427235425, -0.00595351913944, 0.00140767323319, 0.00400480814278, 0.00101113005076, -0.018482061103, 0.0277865137905, -0.010902998969], [0.000295338308206, -0.00170380121563, 0.000779533584137, -0.00224886508659, 0.00316681177355, 0.000742530217394, -0.00167125079315, -0.000315949582728, -0.000560670974664, 0.00195919652469, 0.00593142770231, -0.010902998969, 0.0196116622537]]
    },
    "spectral_contrast_coeffs": {
        "max": [-0.327451229095, -0.426979362965, -0.458759188652, -0.546415865421, -0.622866868973, -0.720351099968],
        "mean": [-0.71652251482, -0.741347849369, -0.727403461933, -0.782251656055, -0.785795867443, -0.797067940235],
        "min": [-0.966051399708, -0.956623136997, -0.958483338356, -0.962642550468, -0.938524663448, -0.913848221302],
        "stdev": [0.0854670926929, 0.0867537781596, 0.097843773663, 0.0811086446047, 0.0428894087672, 0.0266241878271]
    },
    "spectral_contrast_valleys": {
        "max": [-5.21145296097, -5.16396379471, -5.74823331833, -6.05762195587, -5.99187326431, -7.72709703445],
        "mean": [-8.16784191132, -6.78327846527, -7.08970880508, -7.32046699524, -7.71031951904, -9.87457370758],
        "min": [-17.9363059998, -17.2709445953, -17.0912876129, -16.6891403198, -16.9295196533, -18.3412685394],
        "stdev": [1.26966750622, 0.721154391766, 0.692779958248, 0.719014167786, 0.655182719231, 0.820957064629]
    }
},
"rhythm": {
    "beats_count": 60,
    "beats_loudness": {
        "max": 0.0837145000696,
        "mean": 0.0253622457385,
        "min": 0.000866259681061,
        "stdev": 0.0209878981113
    },
    "bpm": 119.860122681,
    "bpm_histogram_first_peak_bpm": 120,
    "bpm_histogram_first_peak_weight": 0.375,
    "bpm_histogram_second_peak_bpm": 178,
    "bpm_histogram_second_peak_spread": 0,
    "bpm_histogram_second_peak_weight": 0.169491529465,
    "danceability": 0.784247398376,
    "onset_rate": 1.66555154324,
    "beats_loudness_band_ratio": {
        "max": [0.945254087448, 0.626651585102, 0.878573179245, 0.799642801285, 0.411809504032, 0.320183813572],
        "mean": [0.0726679340005, 0.0798993781209, 0.293419867754, 0.406203240156, 0.123935885727, 0.0523126460612],
        "min": [0.00061512645334, 0.00249402085319, 0.0219987109303, 0.0116690862924, 0.00850241631269, 0.00256220903248],
        "stdev": [0.145984351635, 0.103870347142, 0.202419936657, 0.203783228993, 0.111074879766, 0.0494403876364]
    },
    "beats_position": [0.359909296036, 0.719818592072, 1.06811785698, 1.39319729805, 1.71827661991, 2.0549659729, 2.39165520668, 2.72834467888, 3.06503391266, 3.39011335373, 3.73841261864, 4.06349182129, 4.38857126236, 4.74848079681, 5.10838985443, 5.45668935776, 5.80498838425, 6.15328788757, 6.5015873909, 6.84988641739, 7.20979595184, 7.5464849472, 7.89478445053, 8.2198638916, 8.55655288696, 8.893242836, 9.24154186249, 9.57823085785, 9.91492080688, 10.2516098022, 10.6347389221, 11.017868042, 11.4009971619, 11.900226593, 12.3994560242, 12.8986845016, 13.3979139328, 13.8971424103, 14.3963718414, 14.8839902878, 15.3716096878, 15.870839119, 16.3700675964, 16.8692970276, 17.3685264587, 17.8329238892, 18.2973232269, 18.7617225647, 19.2261219025, 19.6905212402, 20.154920578, 20.6193199158, 21.1417675018, 21.6642169952, 22.1866664886, 22.7091159821, 23.219953537, 23.7307929993, 24.2416324615, 24.7524719238],
