{
"metadata": {
    "version": {
        "essentia": "2.1-beta5",
        "essentia_git_sha": "Undefined",
        "extractor": "music 2.0"
    },
    "audio_properties": {
        "analysis": {
            "equal_loudness": 0,
            "length": 31.7416782379,
            "sample_rate": 44100,
            "start_time": 191.4949646,
            "downmix": "mix"
        },
        "bit_rate": 192000,
        "length": 223.248977661,
        "lossless": 0,
        "number_channels": 2,
        "replay_gain": -2.71836280823,
        "sample_rate": 48000,
        "codec": "mp3",
        "md5_encoded": "df634f5491d59643f9dadcef96de337e"
    },
    "tags": {
        "file_name": "Iceland_Congratulations_Silvia Night.mp3",
        "encoding": ["Lavf58.29.100"]
    }
},
"lowlevel": {
    "average_loudness": 0.21560664475,
    "barkbands_crest": {
        "max": 20.8836193085,
        "mean": 8.23431110382,
        "min": 3.20272946358,
        "stdev": 2.84983086586
    },
    "barkbands_flatness_db": {
        "max": 0.215415507555,
        "mean": 0.136597275734,
        "min": 0.0519533865154,
        "stdev": 0.0226684827358
    },
    "barkbands_kurtosis": {
        "max": 16.5414085388,
        "mean": 1.73171567917,
        "min": -1.62851130962,
        "stdev": 1.68646073341
    },
    "barkbands_skewness": {
        "max": 3.62584996223,
        "mean": 1.1300317049,
        "min": -1.92135083675,
        "stdev": 0.487453073263
    },
    "barkbands_spread": {
        "max": 135.84979248,
        "mean": 12.888677597,
        "min": 3.85771417618,
        "stdev": 6.04284095764
    },
    "dissonance": {
        "max": 0.5,
        "mean": 0.482724249363,
        "min": 0.253129899502,
        "stdev": 0.0162841826677
    },
    "dynamic_complexity": 4.44431066513,
    "erbbands_crest": {
        "max": 27.6755256653,
        "mean": 9.11886405945,
        "min": 3.25464439392,
        "stdev": 3.63584327698
    },
    "erbbands_flatness_db": {
        "max": 0.299049645662,
        "mean": 0.221097394824,
        "min": 0.0932938084006,
        "stdev": 0.0236835088581
    },
    "erbbands_kurtosis": {
        "max": 11.3931446075,
        "mean": 1.00400578976,
        "min": -1.55309200287,
        "stdev": 1.32790875435
    },
    "erbbands_skewness": {
        "max": 3.04234242439,
        "mean": 0.888143897057,
        "min": -0.753434538841,
        "stdev": 0.412118673325
    },
    "erbbands_spread": {
        "max": 61.5851287842,
        "mean": 19.8662090302,
        "min": 6.10779428482,
        "stdev": 5.68743371964
    },
    "hfc": {
        "max": 178.97694397,
        "mean": 14.5124778748,
        "min": 1.16048066576e-16,
        "stdev": 21.5866279602
    },
    "loudness_ebu128": {
        "integrated": -22.7936515808,
        "loudness_range": 12.8696193695,
        "momentary": {
            "max": -16.197052002,
            "mean": -25.2974662781,
            "min": -42.5708465576,
            "stdev": 4.47728204727
        },
        "short_term": {
            "max": -17.1533336639,
            "mean": -25.1555519104,
            "min": -32.7030639648,
            "stdev": 3.77306175232
        }
    },
    "melbands_crest": {
        "max": 29.274225235,
        "mean": 10.0292949677,
        "min": 1.90574169159,
        "stdev": 3.51749658585
    },
    "melbands_flatness_db": {
        "max": 0.228610336781,
        "mean": 0.14063616097,
        "min": 0.00976534746587,
        "stdev": 0.0253134742379
    },
    "melbands_kurtosis": {
        "max": 32.2619895935,
        "mean": 4.37115955353,
        "min": -1.44177043438,
        "stdev": 2.83277583122
    },
    "melbands_skewness": {
        "max": 4.74388360977,
        "mean": 1.49950730801,
        "min": -0.326025247574,
        "stdev": 0.535450279713
    },
    "melbands_spread": {
        "max": 186.083877563,
        "mean": 19.7222270966,
        "min": 4.63707685471,
        "stdev": 11.3639125824
    },
    "pitch_salience": {
        "max": 0.974515318871,
        "mean": 0.688794136047,
        "min": 0.328312665224,
        "stdev": 0.0798762366176
    },
    "silence_rate_20dB": {
        "max": 1,
        "mean": 1,
        "min": 1,
        "stdev": 0
    },
    "silence_rate_30dB": {
        "max": 1,
        "mean": 1,
        "min": 1,
        "stdev": 0
    },
    "silence_rate_60dB": {
        "max": 1,
        "mean": 0.211988300085,
        "min": 0,
        "stdev": 0.40871527791
    },
    "spectral_centroid": {
        "max": 11421.5244141,
        "mean": 1737.65551758,
        "min": 822.643554688,
        "stdev": 523.98449707
    },
    "spectral_complexity": {
        "max": 54,
        "mean": 16.3691520691,
        "min": 0,
        "stdev": 9.27625370026
    },
    "spectral_decrease": {
        "max": -2.72690878577e-30,
        "mean": -2.4353716821e-09,
        "min": -2.28298073779e-08,
        "stdev": 3.19324344744e-09
    },
    "spectral_energy": {
        "max": 0.0995383039117,
        "mean": 0.0105079738423,
        "min": 1.05943927685e-20,
        "stdev": 0.0138820912689
    },
    "spectral_energyband_high": {
        "max": 0.0147353336215,
        "mean": 0.000470152415801,
        "min": 7.26384292828e-21,
        "stdev": 0.00125598418526
    },
    "spectral_energyband_low": {
        "max": 0.000499593443237,
        "mean": 9.65211984294e-06,
        "min": 3.81049888599e-23,
        "stdev": 3.41480626957e-05
    },
    "spectral_energyband_middle_high": {
        "max": 0.0843422040343,
        "mean": 0.00618805224076,
        "min": 1.50371681255e-21,
        "stdev": 0.0088234487921
    },
    "spectral_energyband_middle_low": {
        "max": 0.0756720900536,
        "mean": 0.00403046375141,
        "min": 4.16526358213e-22,
        "stdev": 0.00601341482252
    },
    "spectral_entropy": {
        "max": 9.79954528809,
        "mean": 7.77678823471,
        "min": 7.27452898026,
        "stdev": 0.158457934856
    },
    "spectral_flux": {
        "max": 0.253267765045,
        "mean": 0.0557332634926,
        "min": 6.94871035711e-11,
        "stdev": 0.0368757992983
    },
    "spectral_kurtosis": {
        "max": 15.085062027,
        "mean": 5.14384698868,
        "min": -1.18738770485,
        "stdev": 1.31488001347
    },
    "spectral_rms": {
        "max": 0.00985446758568,
        "mean": 0.00274902838282,
        "min": 3.21496388539e-12,
        "stdev": 0.00164150248747
    },
    "spectral_rolloff": {
        "max": 19272.2167969,
        "mean": 2057.55517578,
        "min": 753.662109375,
        "stdev": 1267.17590332
    },
    "spectral_skewness": {
        "max": 2.82035326958,
        "mean": 1.77052462101,
        "min": -0.0309474188834,
        "stdev": 0.217968851328
    },
    "spectral_spread": {
        "max": 41232416,
        "mean": 4039586.5,
        "min": 2556576.75,
        "stdev": 1543339.875
    },
    "spectral_strongpeak": {
        "max": 9.55745506287,
        "mean": 1.18855118752,
        "min": 0,
        "stdev": 1.20068144798
    },
    "zerocrossingrate": {
        "max": 0.607421875,
        "mean": 0.0798928812146,
        "min": 0.0302734375,
        "stdev": 0.0337100550532
    },
    "barkbands": {
        "max": [6.01720694249e-06, 9.21225291677e-05, 0.000384715676773, 0.000211990263779, 0.000957050709985, 0.0017254143022, 0.0676360055804, 0.026993945241, 0.0521792210639, 0.0460412055254, 0.0341046564281, 0.0566322021186, 0.0173610467464, 0.0149923535064, 0.0224940683693, 0.011796140112, 0.0140498960391, 0.0158983897418, 0.00552111770958, 0.00649226037785, 0.00952424481511, 0.00528004439548, 0.00480123050511, 0.00245748832822, 0.00164771138225, 0.00113540724851, 2.70989457931e-05],
        "mean": [1.63380278195e-07, 2.21027380576e-06, 4.99118323205e-06, 4.44759780294e-06, 1.66209047165e-05, 0.000144622419612, 0.000553141580895, 0.000830114644486, 0.0020879781805, 0.0013978468487, 0.000712180917617, 0.0015441585565, 0.000694827351253, 0.000471999606816, 0.000454690336483, 0.000253175094258, 0.000294967903756, 0.000312683579978, 0.000199036090635, 0.000119930766232, 0.000153346089064, 8.76430131029e-05, 6.25618777121e-05, 4.76924942632e-05, 4.21378354076e-05, 1.42201506605e-05, 5.94557661771e-07],
        "min": [1.09696443543e-24, 1.66142011026e-23, 1.45705449094e-23, 3.82244287119e-24, 1.65514819275e-23, 5.7845933246e-23, 5.25681224684e-23, 3.327033174e-23, 1.32808494683e-22, 4.40455343057e-23, 2.48522108492e-23, 9.36240885135e-23, 1.50882635929e-22, 7.00422718879e-23, 6.35804156015e-23, 1.04670930599e-22, 9.73548957242e-23, 1.35679127962e-22, 2.95422527258e-22, 3.40364854418e-22, 2.63941827456e-22, 3.65544335258e-22, 5.13242194563e-22, 8.37089109419e-22, 1.27836159247e-21, 1.53112393561e-21, 2.0316468651e-21],
        "stdev": [3.41944996762e-07, 4.45492878498e-06, 2.25447147386e-05, 1.63900804182e-05, 3.89726119465e-05, 0.000194071370061, 0.00263464660384, 0.00208068359643, 0.00327720399946, 0.0026936782524, 0.00190841034055, 0.00348198949359, 0.0012393752113, 0.00101626955438, 0.0014933916973, 0.000687100167852, 0.000895824399777, 0.000824656861369, 0.000350344082108, 0.000294928497169, 0.000505776028149, 0.000312277319608, 0.000232560225413, 0.00015036125842, 0.000107567480882, 5.08780431119e-05, 1.62141907367e-06]
    },
    "erbbands": {
        "max": [0.000609987066127, 0.0306414347142, 0.294148266315, 0.694590449333, 2.94535541534, 2.63928365707, 2.89805173874, 17.995262146, 540.781311035, 797.439147949, 914.715637207, 926.109924316, 969.837280273, 1909.24755859, 1098.57800293, 1841.09228516, 748.903869629, 650.190124512, 1007.3739624, 1619.12060547, 414.489013672, 884.236877441, 1096.24890137, 509.17980957, 184.94090271, 210.175674438, 286.32421875, 391.385345459, 156.440567017, 162.737762451, 136.0440979, 92.0237197876, 21.4496803284, 10.8448047638, 15.7589178085, 8.19018268585, 0.547498643398, 0.147544026375, 0.00399778876454, 0.000209846373764],
        "mean": [3.3526954212e-05, 0.000656750344206, 0.00442917458713, 0.0122438631952, 0.0248774867505, 0.0616893991828, 0.251098841429, 1.62392604351, 6.04931688309, 10.3013219833, 26.6040229797, 47.2145080566, 43.0819702148, 39.1214752197, 39.0237388611, 61.075504303, 36.4053192139, 26.6439151764, 21.4318199158, 22.1278953552, 13.7206745148, 16.6105709076, 15.5241098404, 14.716217041, 8.62732124329, 5.14432573318, 5.72688531876, 6.02673006058, 3.21867251396, 2.18202495575, 1.77570331097, 1.27724611759, 0.627123534679, 0.41279321909, 0.34312710166, 0.0978269949555, 0.0180417560041, 0.00250423420221, 0.000116490598884, 1.72291693161e-05],
        "min": [8.61156611927e-22, 2.60186935375e-21, 1.59482829325e-20, 2.48519387238e-20, 3.14028036628e-20, 4.95828732024e-20, 2.88408488836e-19, 4.63724896023e-19, 1.19554192371e-18, 9.35846502444e-19, 1.18611578704e-18, 3.6664160266e-18, 1.77839489001e-18, 1.41872900485e-18, 1.3847564903e-18, 4.80899647081e-18, 6.50458106893e-18, 4.97678178626e-18, 2.51217481728e-18, 4.40430993665e-18, 5.54203896657e-18, 4.91712179817e-18, 5.48407593951e-18, 9.79199203784e-18, 1.6633367965e-17, 1.59523584385e-17, 1.44842369283e-17, 9.03885401627e-18, 1.48748630464e-17, 1.23928811486e-17, 1.39842409896e-17, 1.77837578213e-17, 1.47941748863e-17, 1.31809725142e-17, 8.92152010074e-18, 5.12422383532e-18, 2.7722645969e-18, 1.20995926819e-18, 2.37657132546e-19, 3.53741688695e-20],
        "stdev": [4.55564404547e-05, 0.00151880737394, 0.0180425271392, 0.0491071976721, 0.107438288629, 0.135261535645, 0.304189890623, 2.15693712234, 20.0556602478, 38.3874435425, 66.0425643921, 71.6172180176, 56.3239173889, 97.5948486328, 86.2359695435, 136.362182617, 59.0972213745, 47.6652259827, 51.9513168335, 87.709526062, 29.7465801239, 50.2120552063, 39.9946479797, 31.9756031036, 14.678894043, 11.1411075592, 17.8575305939, 21.0664558411, 10.5356769562, 7.87516832352, 6.85745429993, 4.8561873436, 1.458096385, 0.862761795521, 1.09796154499, 0.352691680193, 0.0470971949399, 0.00861584022641, 0.000307293143123, 2.53136076935e-05]
    },
    "gfcc": {
        "mean": [-69.508972168, 24.1195869446, -195.115814209, -27.7286262512, -90.5200424194, 8.8071308136, -38.552230835, 19.406332016, -24.8211631775, 8.04419803619, -13.1588783264, 1.37800586224, -14.0646286011],
        "cov": [[7934.35546875, -268.076568604, -957.674377441, -455.635528564, -621.655639648, -149.068023682, -120.795181274, 92.8611526489, 0.541660010815, 112.938491821, -89.9628753662, 84.1174163818, -55.0694389343], [-268.076568604, 402.496063232, 68.8092346191, 39.7975349426, 67.0394287109, 22.732219696, 10.0158042908, -0.526197135448, -19.8374137878, -46.5616722107, -3.82522678375, -37.7997741699, 5.0042219162], [-957.674377441, 68.8092346191, 303.675231934, 94.5000610352, 110.608436584, 52.5815353394, 0.539843320847, -4.18490314484, -5.19806432724, -16.983423233, -11.8306398392, -24.1528358459, -10.6122455597], [-455.635528564, 39.7975349426, 94.5000610352, 179.056594849, 80.8094787598, 57.8684577942, -0.202228620648, -3.59629917145, -21.6079521179, -12.247086525, -12.7885837555, -37.3194885254, -16.7908363342], [-621.655639648, 67.0394287109, 110.608436584, 80.8094787598, 130.388412476, 48.8119277954, 22.6910438538, -4.92762851715, -18.4023971558, -23.0528755188, -6.28950738907, -23.4730224609, -8.58831310272], [-149.068023682, 22.732219696, 52.5815353394, 57.8684577942, 48.8119277954, 85.2879104614, 3.11375164986, 3.032984972, -12.8546276093, -9.36938667297, -4.68822526932, -26.0545253754, -11.5574188232], [-120.795181274, 10.0158042908, 0.539843320847, -0.202228620648, 22.6910438538, 3.11375164986, 67.4239044189, 13.0723724365, 5.32875728607, -4.15968942642, -0.56657063961, -2.89804315567, -0.414236575365], [92.8611526489, -0.526197135448, -4.18490314484, -3.59629917145, -4.92762851715, 3.032984972, 13.0723724365, 45.6825942993, 15.093287468, 2.1873087883, 1.55923724174, 1.68430864811, -2.50350165367], [0.541660010815, -19.8374137878, -5.19806432724, -21.6079521179, -18.4023971558, -12.8546276093, 5.32875728607, 15.093287468, 56.4294242859, 19.8743247986, 4.81441402435, 10.7314348221, 7.39602136612], [112.938491821, -46.5616722107, -16.983423233, -12.247086525, -23.0528755188, -9.36938667297, -4.15968942642, 2.1873087883, 19.8743247986, 56.5509796143, 18.0792922974, 5.67650127411, 4.80188322067], [-89.9628753662, -3.82522678375, -11.8306398392, -12.7885837555, -6.28950738907, -4.68822526932, -0.56657063961, 1.55923724174, 4.81441402435, 18.0792922974, 54.9136123657, 18.4737949371, 8.42593383789], [84.1174163818, -37.7997741699, -24.1528358459, -37.3194885254, -23.4730224609, -26.0545253754, -2.89804315567, 1.68430864811, 10.7314348221, 5.67650127411, 18.4737949371, 59.1499862671, 18.109331131], [-55.0694389343, 5.0042219162, -10.6122455597, -16.7908363342, -8.58831310272, -11.5574188232, -0.414236575365, -2.50350165367, 7.39602136612, 4.80188322067, 8.42593383789, 18.109331131, 42.261554718]],
        "icov": [[0.000345084670698, -0.000183114199899, 0.000756467168685, 0.000305012334138, 0.000987631967291, -0.000566203612834, 0.00036408341839, -0.000725609599613, 0.000657847500406, -0.000790952355601, 0.0011495774379, -0.000565746391658, 0.000776907429099], [-0.000183114199899, 0.0032914923504, -0.000662500737235, 5.82354141443e-06, -0.00156532612164, 0.000875284895301, -6.59126499158e-06, -4.24968675361e-05, -0.000379732926376, 0.0030193743296, -0.00193108606618, 0.00285310368054, -0.00198789546266], [0.000756467168685, -0.000662500737235, 0.00679986458272, -0.000199166985112, -0.00181182159577, -0.00181715423241, 0.00223725219257, -0.00147126126103, -8.17706240923e-05, -0.00187137001194, 0.0031740614213, -0.00164393126033, 0.00206072558649], [0.000305012334138, 5.82354141443e-06, -0.000199166985112, 0.00959778111428, -0.00298791052774, -0.00319145410322, 0.00179374823347, -0.00114456645679, 0.00200469139963, -0.00169629557058, 0.00165307475254, 0.00195681140758, 0.00130363961216], [0.000987631967291, -0.00156532612164, -0.00181182159577, -0.00298791052774, 0.0200230199844, -0.00556562887505, -0.00483579002321, 0.000437863753177, 0.00341145368293, 0.000592933094595, 0.00194096332416, -0.00168765184935, 0.0020275330171], [-0.000566203612834, 0.000875284895301, -0.00181715423241, -0.00319145410322, -0.00556562887505, 0.0187669526786, 0.00048907531891, -0.00158482149709, 0.000334931450197, 0.00204206630588, -0.00352918170393, 0.00580421183258, -0.000727739883587], [0.00036408341839, -6.59126499158e-06, 0.00223725219257, 0.00179374823347, -0.00483579002321, 0.00048907531891, 0.018326850608, -0.00591164641082, -0.000947246036958, -0.000133371038828, 0.00121318676975, 0.000560335931368, 0.000429075676948], [-0.000725609599613, -4.24968675361e-05, -0.00147126126103, -0.00114456645679, 0.000437863753177, -0.00158482149709, -0.00591164641082, 0.027883887291, -0.00867392215878, 0.00307597615756, -0.00314380228519, -6.6366068495e-05, 0.00130847271066], [0.000657847500406, -0.000379732926376, -8.17706240923e-05, 0.00200469139963, 0.00341145368293, 0.000334931450197, -0.000947246036958, -0.00867392215878, 0.0256148334593, -0.00945849623531, 0.00418362207711, -0.00297665828839, -0.0010267640464], [-0.000790952355601, 0.0030193743296, -0.00187137001194, -0.00169629557058, 0.000592933094595, 0.00204206630588, -0.000133371038828, 0.00307597615756, -0.00945849623531, 0.0279957056046, -0.0115967625752, 0.00596571899951, -0.00344209535979], [0.0011495774379, -0.00193108606618, 0.0031740614213, 0.00165307475254, 0.00194096332416, -0.00352918170393, 0.00121318676975, -0.00314380228519, 0.00418362207711, -0.0115967625752, 0.0275824218988, -0.00997581053525, 0.0017963310238], [-0.000565746391658, 0.00285310368054, -0.00164393126033, 0.00195681140758, -0.00168765184935, 0.00580421183258, 0.000560335931368, -6.6366068495e-05, -0.00297665828839, 0.00596571899951, -0.00997581053525, 0.0280521493405, -0.0096529815346], [0.000776907429099, -0.00198789546266, 0.00206072558649, 0.00130363961216, 0.0020275330171, -0.000727739883587, 0.000429075676948, 0.00130847271066, -0.0010267640464, -0.00344209535979, 0.0017963310238, -0.0096529815346, 0.0305890645832]]
    },
    "melbands": {
        "max": [1.48139606608e-05, 0.000108720021672, 0.000135648340802, 0.00023829555721, 8.22951478767e-05, 0.000432372267824, 0.0110770249739, 0.00707428716123, 0.00839585997164, 0.00749958166853, 0.00487277517095, 0.00817033834755, 0.00455514062196, 0.00789596885443, 0.00437713228166, 0.00188331864774, 0.00142334110569, 0.00146098714322, 0.00224290811457, 0.00166222953703, 0.000655173265841, 0.00126017420553, 0.000808679440524, 0.000624786654953, 0.000430744199548, 0.000238412176259, 5.87793110753e-05, 0.000187521320186, 0.000257510080701, 0.000412457680795, 0.000141936354339, 7.68414320191e-05, 0.000134383502882, 9.47917578742e-05, 8.26319155749e-05, 7.99028930487e-05, 5.48089228687e-05, 1.73365260707e-05, 7.86284999776e-06, 1.08417780211e-05],
        "mean": [4.67454668751e-07, 1.91429671759e-06, 2.399681307e-06, 2.92400522994e-06, 7.25958534531e-06, 3.71183123207e-05, 0.000100407698483, 0.00011694116256, 0.000246506300755, 0.000300741550745, 0.000215046005906, 0.000163523931406, 0.000111616340291, 0.000164810888236, 0.000126126775285, 6.545677752e-05, 4.70363993372e-05, 3.2885967812e-05, 3.46592933056e-05, 2.28256030823e-05, 1.47747541632e-05, 1.87050027307e-05, 1.26046970763e-05, 1.56589230755e-05, 1.17095387395e-05, 6.77817115502e-06, 4.74594389743e-06, 3.13113469019e-06, 3.53333712155e-06, 4.05628134104e-06, 3.24940856444e-06, 1.7777215362e-06, 1.66732797879e-06, 1.07591256437e-06, 1.05506103409e-06, 8.81204073266e-07, 7.29230691832e-07, 4.42429751502e-07, 3.42189991898e-07, 3.45114500533e-07],
        "min": [5.69240490929e-24, 6.01553101354e-24, 4.62721588973e-24, 2.94965130717e-24, 9.28728546958e-24, 1.12873405317e-23, 1.79293079622e-23, 1.00523101537e-23, 1.15840027192e-23, 2.21972016539e-23, 7.73565365585e-24, 5.14889591724e-24, 3.38010213479e-24, 1.02287546724e-23, 1.08015923296e-23, 1.73466568754e-23, 8.02741149507e-24, 3.49738011342e-24, 6.49762284538e-24, 5.76851697044e-24, 5.74722482574e-24, 5.63849691604e-24, 3.50869356209e-24, 6.47270272938e-24, 7.14561330888e-24, 1.33058541502e-23, 8.72324361146e-24, 1.07859602619e-23, 1.1108049014e-23, 5.04911960665e-24, 4.94425395994e-24, 9.870829547e-24, 4.76679062741e-24, 7.43469690962e-24, 7.27722686231e-24, 1.0726228503e-23, 1.00018238446e-23, 1.02085661441e-23, 8.81125840037e-24, 1.15154002194e-23],
        "stdev": [7.67410256231e-07, 7.11106940798e-06, 9.14608244784e-06, 9.05912929738e-06, 8.93207197805e-06, 4.94419036841e-05, 0.000408970692661, 0.000369617773686, 0.000599556777161, 0.000457269226899, 0.000289952033199, 0.000420322176069, 0.000276840524748, 0.000384385552024, 0.000289139366942, 0.000121948447486, 9.57605225267e-05, 8.11192585388e-05, 0.000121008175483, 8.76554768183e-05, 3.7079109461e-05, 6.95626076777e-05, 3.0735584005e-05, 3.98585652874e-05, 2.66444767476e-05, 1.395021809e-05, 7.38969265512e-06, 8.91747822607e-06, 1.20226259241e-05, 1.67132839124e-05, 1.10575128929e-05, 5.57545899937e-06, 7.37747677704e-06, 4.35488800576e-06, 4.17186447521e-06, 3.44795967067e-06, 2.88936666948e-06, 1.08502752028e-06, 6.5833859253e-07, 8.0650312384e-07]
    },
    "melbands128": {
        "max": [2.9213263133e-06, 3.69252461496e-06, 1.13846454042e-05, 5.99029444857e-05, 0.000112621120934, 0.00021551156533, 0.000172216503415, 0.000135865644552, 0.000360803649528, 0.000333771720761, 0.000112780522613, 9.250081348e-05, 0.000136563976412, 0.00017050637689, 0.000362398626748, 0.000781802926213, 0.00148617802188, 0.0128250196576, 0.0275071971118, 0.00611526751891, 0.00485126161948, 0.00609828904271, 0.0147902062163, 0.0123008182272, 0.00669043371454, 0.0139192733914, 0.0122271850705, 0.00222837645561, 0.00344080175273, 0.0123928729445, 0.0111305350438, 0.00923216436058, 0.00683184806257, 0.00645393645391, 0.0139355715364, 0.00826735049486, 0.00789551995695, 0.00831576157361, 0.00307626044378, 0.00136157486122, 0.00426845951006, 0.00216784281656, 0.00199023587629, 0.00203550956212, 0.00289823906496, 0.00182789261453, 0.00376208103262, 0.00419122446328, 0.00301706697792, 0.00348587846383, 0.00181265117135, 0.000901664723642, 0.000625317334197, 0.00118811335415, 0.00118871370796, 0.00272143725306, 0.000299756007735, 0.000689558393788, 0.00108244037256, 0.00240005436353, 0.000509158708155, 0.00111115316395, 0.000942820915952, 0.000762379262596, 0.000512675615028, 0.000508689612616, 0.000316818361171, 9.94893416646e-05, 8.27542025945e-05, 0.00013992190361, 7.37133595976e-05, 0.000351408874849, 0.000658172881231, 0.000151628657477, 0.000436992238974, 0.000124662357848, 0.00118536315858, 0.000334041949827, 0.000256559345871, 0.000183193114935, 0.000112519104732, 9.25200583879e-05, 0.000133230409119, 0.000268273055553, 7.74730433477e-05, 0.000122925557662, 9.91429551505e-05, 0.000131737309857, 8.29309792607e-05, 0.000194167718291, 5.66038252146e-05, 7.7961187344e-05, 0.000173133477801, 0.000124492042232, 1.90369228221e-05, 3.808521069e-05, 2.27780765272e-05, 1.71069168573e-05, 1.24209109345e-05, 1.12618236017e-05, 1.58976126841e-05, 1.31341776068e-05, 4.38755450887e-05, 1.93434152607e-05, 4.1715666157e-05, 4.51985142718e-05, 1.41211803566e-05, 5.2558581956e-05, 4.53898746855e-06, 3.36857146976e-06, 3.02620173898e-06, 3.46573551724e-06, 2.03984291147e-06, 1.71317788045e-06, 3.07263007926e-06, 2.51488813774e-06, 7.25610618701e-07, 3.67666473267e-07, 1.93452905251e-07, 1.0865307587e-07, 1.04541761914e-07, 6.36826200662e-08, 7.00664344322e-08, 1.13345492991e-08, 1.11564535388e-08, 1.10356523919e-08, 1.09481828048e-08, 1.08931743625e-08],
        "mean": [8.88617677219e-08, 1.56820547659e-07, 5.60030514407e-07, 1.17471859085e-06, 1.81751750006e-06, 2.69530187325e-06, 2.52478389484e-06, 2.14401643461e-06, 2.39104451794e-06, 2.82958285425e-06, 3.23299855154e-06, 4.06796061725e-06, 6.36000640952e-06, 1.28481487991e-05, 2.77047874988e-05, 5.14796229254e-05, 7.92691207607e-05, 0.000105485050881, 0.000137650757097, 0.000102602032712, 0.0001042843287, 0.00016178561782, 0.00027578137815, 0.000316663907142, 0.000309397961246, 0.000317445636028, 0.000234792503761, 0.00019367695495, 0.000197529661818, 0.000221096037421, 0.000129349544295, 9.60479737842e-05, 9.77045929176e-05, 0.000130668835482, 0.000159616014571, 0.000167295700521, 0.000189871687326, 0.000141032331157, 7.37421505619e-05, 7.39322058507e-05, 6.48212298984e-05, 5.04926865688e-05, 5.17533662787e-05, 4.26218284701e-05, 3.61869279004e-05, 2.51257642958e-05, 3.77194919565e-05, 3.60499216185e-05, 3.44546642737e-05, 2.98996801575e-05, 2.12711620406e-05, 1.58850034495e-05, 1.29305381051e-05, 1.40656256917e-05, 1.87869809452e-05, 2.33933751588e-05, 1.3387778381e-05, 1.36933067552e-05, 1.05189192254e-05, 1.42625840454e-05, 1.44972082126e-05, 1.99568621611e-05, 1.38524947033e-05, 9.89154978015e-06, 6.47174147161e-06, 6.89296257406e-06, 6.90617753207e-06, 5.53122299607e-06, 4.51339383289e-06, 3.17626449942e-06, 2.19274784286e-06, 3.70322118215e-06, 4.37168546341e-06, 3.17971876029e-06, 3.21207676279e-06, 2.9352868296e-06, 6.32483352092e-06, 2.97093083645e-06, 3.03067849927e-06, 3.17705917041e-06, 1.49849449826e-06, 1.33408389047e-06, 1.78184973265e-06, 2.18775130634e-06, 1.02994397366e-06, 9.58040118348e-07, 1.12874351998e-06, 1.16733440336e-06, 1.02887679532e-06, 1.05201104361e-06, 8.94482298008e-07, 7.52190771891e-07, 9.75397142611e-07, 8.34345030398e-07, 4.93146217195e-07, 4.91582227369e-07, 4.05807526249e-07, 4.36438654106e-07, 3.1269891565e-07, 3.23340714203e-07, 3.24609942481e-07, 3.22516001461e-07, 4.05237784662e-07, 4.65564284013e-07, 4.52004826457e-07, 3.78917917487e-07, 2.39960286308e-07, 2.66815277428e-07, 1.28796287413e-07, 1.03576120125e-07, 7.32839779971e-08, 6.57993552977e-08, 4.97543339861e-08, 3.78961644287e-08, 3.64492542815e-08, 2.52629153152e-08, 1.36081244051e-08, 6.03806205035e-09, 3.37339689516e-09, 2.20852114374e-09, 1.32002575537e-09, 6.73850308885e-10, 2.76423550716e-10, 1.29854243677e-11, 9.88085221282e-12, 9.55494190713e-12, 9.36265127927e-12, 9.29823926188e-12],
        "min": [1.08421910561e-24, 8.29116792759e-24, 6.71860921177e-24, 2.56936828604e-24, 8.18507323558e-24, 5.69092737281e-24, 5.19784631413e-24, 1.23406185405e-24, 3.23258711767e-24, 4.07247943485e-24, 1.45246647591e-24, 3.35725475082e-24, 7.94272806575e-24, 7.46038379842e-24, 7.35454706393e-24, 8.5004535146e-24, 2.43319255278e-23, 6.0786158257e-24, 8.92558485592e-24, 7.42641465898e-24, 3.84458895781e-24, 6.49461215773e-24, 1.13077704514e-23, 1.40307131924e-23, 3.73372915151e-23, 1.70505295356e-23, 4.33102780767e-24, 1.02635402828e-23, 2.6662599295e-24, 3.45296803331e-24, 4.30093631401e-24, 3.02121065482e-24, 2.327952986e-24, 4.6069011437e-24, 2.42870728689e-24, 1.43209524744e-23, 1.60011299615e-23, 7.68478632696e-24, 1.0369163236e-23, 1.16304902923e-23, 1.36037169839e-23, 2.20639015159e-23, 4.77768479651e-24, 2.92558710526e-24, 6.92068855442e-24, 1.87630152155e-24, 1.91732406356e-24, 3.65931116915e-24, 7.80571554829e-24, 4.99519110302e-24, 1.58108718967e-24, 9.12057786106e-24, 2.54709045964e-24, 4.86053136321e-24, 3.56962872828e-24, 4.78325060463e-24, 3.90068722336e-24, 4.23340114305e-24, 2.14495914687e-24, 4.32912428631e-24, 3.3574306668e-24, 8.87310982851e-24, 6.0802219465e-24, 6.31074366908e-24, 1.08177553007e-23, 7.84210412413e-24, 8.42262528656e-24, 7.4187769077e-24, 8.04475223549e-24, 1.01887578467e-23, 9.30114575568e-24, 8.57004840138e-24, 1.28311831329e-23, 1.38602719052e-23, 5.11608482561e-24, 5.22185845122e-24, 4.0890344698e-24, 5.1157842696e-24, 4.70621320964e-24, 3.65764509492e-24, 1.19911803751e-23, 9.735561201e-24, 3.31919063442e-24, 3.3250680426e-24, 7.35558204944e-24, 7.23419292221e-24, 7.03304759087e-24, 7.56548768113e-24, 7.3487647135e-24, 4.58206819683e-24, 1.2142692156e-23, 1.00853776251e-23, 1.01307426492e-23, 1.13444832491e-23, 7.64366300797e-24, 5.63055939761e-24, 9.85681622188e-24, 7.71801472601e-24, 8.92007387364e-24, 3.23028561598e-24, 9.94359171031e-24, 1.09266149501e-23, 9.16890190239e-24, 8.79605705073e-24, 5.09024095349e-24, 9.1196872371e-24, 1.06423986212e-23, 1.10382924108e-23, 7.19744304807e-24, 6.1964763781e-24, 7.41494541028e-24, 9.11760622203e-24, 7.9179665108e-24, 7.14888550391e-24, 1.28495620142e-23, 1.15352550595e-23, 7.61300708434e-24, 8.50344566402e-24, 5.57110295118e-24, 5.77498405214e-24, 5.7362730698e-24, 1.06555702317e-23, 9.11152489331e-24, 8.1992703653e-24, 1.13135551684e-23, 9.67570243551e-24, 1.0086705278e-23, 1.16267305812e-23],
        "stdev": [1.81836142588e-07, 2.54742587913e-07, 7.25858512851e-07, 2.82752148451e-06, 6.86716384735e-06, 1.27087077999e-05, 1.09485108624e-05, 8.05742274679e-06, 1.2502694517e-05, 1.16099299703e-05, 7.98748897068e-06, 6.5234221438e-06, 9.58206419455e-06, 1.85646968021e-05, 3.98977645091e-05, 8.19154302008e-05, 0.000134296584292, 0.000442414544523, 0.00104551482946, 0.000403241429012, 0.000295591831673, 0.000429903593613, 0.000878321530763, 0.000740799878258, 0.000507961551193, 0.000614977849182, 0.000472404732136, 0.00025937819737, 0.000357684883056, 0.000721524760593, 0.000465052202344, 0.000383110047551, 0.000338061421644, 0.000382618396543, 0.000535233004484, 0.000471097999252, 0.000551984878257, 0.00046233489411, 0.000168517610291, 0.000140691132401, 0.000212380677112, 0.000102354249975, 0.00012475719268, 0.000128935731482, 0.000140326155815, 7.00906239217e-05, 0.0001713319798, 0.000158760434715, 0.000187041048775, 0.000177073423401, 8.47018600325e-05, 4.63609685539e-05, 3.70372908947e-05, 5.67097122257e-05, 7.73967331043e-05, 0.000129382809973, 2.67858013103e-05, 3.81611243938e-05, 3.71056157746e-05, 7.18720984878e-05, 3.81621794077e-05, 7.70385959186e-05, 4.31836160715e-05, 2.80442127405e-05, 1.80709175766e-05, 2.19125431613e-05, 1.74936139956e-05, 1.05072022052e-05, 8.67900052981e-06, 7.04698823029e-06, 4.01839588449e-06, 1.75239965756e-05, 2.24379509746e-05, 9.99652729661e-06, 1.80073675438e-05, 8.89892817213e-06, 4.24003264925e-05, 1.40693482535e-05, 1.40328347698e-05, 1.28547108034e-05, 6.21160506853e-06, 4.14957457906e-06, 8.17054933577e-06, 1.3054062947e-05, 4.25916823588e-06, 5.05542539031e-06, 5.30127545062e-06, 5.66143489777e-06, 4.27538816439e-06, 6.49327057545e-06, 3.05145567836e-06, 2.89146419163e-06, 6.05734339842e-06, 4.9809355005e-06, 1.2506479834e-06, 1.72984562141e-06, 1.12417524178e-06, 1.30731268655e-06, 6.39689915261e-07, 7.09619541794e-07, 8.37030313505e-07, 7.58658018185e-07, 1.70933049048e-06, 1.55163536419e-06, 1.98070870283e-06, 1.89134198081e-06, 8.58702321693e-07, 1.7629569129e-06, 3.61976617569e-07, 2.78074509197e-07, 1.88833425341e-07, 1.9617880298e-07, 1.451228826e-07, 1.19566152534e-07, 1.78805038331e-07, 1.22260942703e-07, 4.26696082911e-08, 2.10311839055e-08, 1.19926513165e-08, 7.82859288506e-09, 5.66624791531e-09, 3.66727492818e-09, 2.56835863688e-09, 3.14027720494e-10, 3.01503461086e-10, 2.98245095287e-10, 2.95883595403e-10, 2.94396118594e-10]
    },
    "mfcc": {
        "mean": [-689.672973633, 75.0315475464, -62.764881134, -37.9809951782, -36.0856323242, -22.4453315735, -9.05603599548, -2.03531217575, -5.32698297501, 1.60666942596, 4.89320325851, 1.2497395277, -3.38180875778],
        "cov": [[4576.94238281, -198.188598633, -376.701416016, -319.01864624, -464.743591309, -221.463027954, -219.754119873, -60.2077102661, 47.5521888733, -102.408798218, 13.5325584412, 164.517868042, 48.8119812012], [-198.188598633, 326.791381836, 22.0645008087, 4.86499404907, 39.6860542297, -9.57563591003, 34.6686248779, 18.4133281708, 12.5511045456, -8.44573116302, -7.7561545372, -17.8957939148, -8.67223358154], [-376.701416016, 22.0645008087, 172.249038696, 45.4029045105, 86.4657516479, 37.5519218445, 21.4322929382, 4.65239429474, 2.64622664452, 21.0777988434, -6.42624044418, -15.2998886108, 1.98970592022], [-319.01864624, 4.86499404907, 45.4029045105, 113.462341309, 56.1693992615, 41.6955070496, 33.63022995, 8.39206600189, 3.62034320831, 16.9572143555, 0.0121094062924, -20.9027519226, -8.41604328156], [-464.743591309, 39.6860542297, 86.4657516479, 56.1693992615, 134.786697388, 55.4047584534, 43.1876487732, 17.1078777313, -7.31130552292, 26.3328285217, -9.00994777679, -31.8152141571, -5.69147109985], [-221.463027954, -9.57563591003, 37.5519218445, 41.6955070496, 55.4047584534, 81.9218521118, 35.558052063, 6.11341428757, 0.591314673424, 18.9230613708, -4.90753889084, -14.5665903091, -5.14336299896], [-219.754119873, 34.6686248779, 21.4322929382, 33.63022995, 43.1876487732, 35.558052063, 84.6288452148, 17.876750946, -4.04322862625, 18.1886043549, -0.496437847614, -18.0338611603, -5.05401325226], [-60.2077102661, 18.4133281708, 4.65239429474, 8.39206600189, 17.1078777313, 6.11341428757, 17.876750946, 62.5183906555, 8.92056083679, -1.21164631844, 4.32069063187, -11.58963871, -11.1498823166], [47.5521888733, 12.5511045456, 2.64622664452, 3.62034320831, -7.31130552292, 0.591314673424, -4.04322862625, 8.92056083679, 55.705280304, 4.42229318619, 0.676570892334, 5.84320449829, -6.19423007965], [-102.408798218, -8.44573116302, 21.0777988434, 16.9572143555, 26.3328285217, 18.9230613708, 18.1886043549, -1.21164631844, 4.42229318619, 58.5336494446, 6.98799848557, -7.86943483353, 1.12967443466], [13.5325584412, -7.7561545372, -6.42624044418, 0.0121094062924, -9.00994777679, -4.90753889084, -0.496437847614, 4.32069063187, 0.676570892334, 6.98799848557, 51.8942298889, 10.4773540497, -5.5845375061], [164.517868042, -17.8957939148, -15.2998886108, -20.9027519226, -31.8152141571, -14.5665903091, -18.0338611603, -11.58963871, 5.84320449829, -7.86943483353, 10.4773540497, 53.1292877197, 11.1935434341], [48.8119812012, -8.67223358154, 1.98970592022, -8.41604328156, -5.69147109985, -5.14336299896, -5.05401325226, -11.1498823166, -6.19423007965, 1.12967443466, -5.5845375061, 11.1935434341, 46.7529220581]],
        "icov": [[0.000379685428925, 8.081075066e-05, 0.000268549047178, 0.000440866802819, 0.000771460530814, 1.37767374326e-05, 0.000240277629928, -8.59559804667e-05, -0.000230934165302, -2.09958197956e-05, 0.000151578264195, -0.000346947374055, -0.000141498589073], [8.081075066e-05, 0.00364653579891, -4.98637655255e-06, 0.00056808500085, -0.00141699844971, 0.00194821099285, -0.00180418684613, -1.70515450009e-05, -0.00138958101161, 0.00121550390031, 0.000221406808123, 0.000510786834639, 0.000227910917602], [0.000268549047178, -4.98637655255e-06, 0.00909268204123, -0.000763021002058, -0.00514056347311, -0.000158091614139, 0.00106926343869, 0.000591133721173, -0.00128466216847, -0.000576641235966, 0.00026895411429, -0.000910494942218, -0.00109838717617], [0.000440866802819, 0.00056808500085, -0.000763021002058, 0.0131584089249, -0.00166291790083, -0.00290706590749, -0.00187928392552, 0.000608134607319, -0.00184890325181, 8.73268363648e-05, -0.00103098154068, 0.00176300574094, 0.000673541799188], [0.000771460530814, -0.00141699844971, -0.00514056347311, -0.00166291790083, 0.0190414637327, -0.00597880315036, -0.000679416116327, -0.00275721633807, 0.00285482499748, -0.00302237062715, 0.00167179876007, 0.002894239733, -0.000261556066107], [1.37767374326e-05, 0.00194821099285, -0.000158091614139, -0.00290706590749, -0.00597880315036, 0.0206362493336, -0.00527977664024, 0.00116961228196, -0.00154495122842, -0.00127772055566, 0.0014809690183, -0.000605390465353, 0.00122902612202], [0.000240277629928, -0.00180418684613, 0.00106926343869, -0.00187928392552, -0.000679416116327, -0.00527977664024, 0.0180435013026, -0.00378817785531, 0.0022611382883, -0.00335356756113, -0.000169699240359, 0.00104906933848, -0.00047660729615], [-8.59559804667e-05, -1.70515450009e-05, 0.000591133721173, 0.000608134607319, -0.00275721633807, 0.00116961228196, -0.00378817785531, 0.0193480327725, -0.00398417562246, 0.00288390181959, -0.00262014870532, 0.00312762381509, 0.00250930502079], [-0.000230934165302, -0.00138958101161, -0.00128466216847, -0.00184890325181, 0.00285482499748, -0.00154495122842, 0.0022611382883, -0.00398417562246, 0.0207860358059, -0.00345642003231, 0.00160685041919, -0.00341814570129, 0.00302476645447], [-2.09958197956e-05, 0.00121550390031, -0.000576641235966, 8.73268363648e-05, -0.00302237062715, -0.00127772055566, -0.00335356756113, 0.00288390181959, -0.00345642003231, 0.0214378647506, -0.00436504464597, 0.00250968593173, -0.00199379539117], [0.000151578264195, 0.000221406808123, 0.00026895411429, -0.00103098154068, 0.00167179876007, 0.0014809690183, -0.000169699240359, -0.00262014870532, 0.00160685041919, -0.00436504464597, 0.0221151802689, -0.00592756085098, 0.00378815294243], [-0.000346947374055, 0.000510786834639, -0.000910494942218, 0.00176300574094, 0.002894239733, -0.000605390465353, 0.00104906933848, 0.00312762381509, -0.00341814570129, 0.00250968593173, -0.00592756085098, 0.0261877253652, -0.0055332724005], [-0.000141498589073, 0.000227910917602, -0.00109838717617, 0.000673541799188, -0.000261556066107, 0.00122902612202, -0.00047660729615, 0.00250930502079, 0.00302476645447, -0.00199379539117, 0.00378815294243, -0.0055332724005, 0.02462349087]]
    },
    "spectral_contrast_coeffs": {
        "max": [-0.553489565849, -0.481017500162, -0.617181539536, -0.629115700722, -0.649286985397, -0.616528689861],
        "mean": [-0.745584785938, -0.800263702869, -0.787175774574, -0.818139135838, -0.794934213161, -0.789685189724],
        "min": [-0.977296352386, -0.974593937397, -0.979711413383, -0.969010472298, -0.961857020855, -0.960223317146],
        "stdev": [0.0502506457269, 0.056574434042, 0.0444017574191, 0.0371564887464, 0.0341868326068, 0.0355940014124]
    },
    "spectral_contrast_valleys": {
        "max": [-7.3021030426, -5.04097318649, -5.06862449646, -5.76837205887, -5.91937828064, -8.13815116882],
        "mean": [-9.63936042786, -6.73871040344, -6.76141834259, -7.32009983063, -7.71131515503, -10.3260374069],
        "min": [-27.5152587891, -27.8015956879, -27.3020267487, -27.3415775299, -27.4129009247, -27.3045921326],
        "stdev": [0.99128973484, 1.20172631741, 1.19007766247, 1.08398222923, 1.06426084042, 0.975544393063]
    }
},
"rhythm": {
    "beats_count": 58,
    "beats_loudness": {
        "max": 0.0774216279387,
        "mean": 0.00970837660134,
        "min": 0.000470560247777,
        "stdev": 0.0131640806794
    },
    "bpm": 107.154693604,
    "bpm_histogram_first_peak_bpm": 108,
    "bpm_histogram_first_peak_weight": 0.5,
    "bpm_histogram_second_peak_bpm": 140,
    "bpm_histogram_second_peak_spread": 0.399999976158,
    "bpm_histogram_second_peak_weight": 0.105263158679,
    "danceability": 0.822348296642,
    "onset_rate": 1.0707552433,
    "beats_loudness_band_ratio": {
        "max": [0.0178979635239, 0.0911804288626, 0.612691342831, 0.749817967415, 0.63456684351, 0.295095592737],
        "mean": [0.002178120194, 0.0257269218564, 0.365263104439, 0.411184310913, 0.15595215559, 0.07291803509],
        "min": [7.09853411536e-05, 0.00170890940353, 0.0151920411736, 0.164845377207, 0.0488076098263, 0.0167769249529],
        "stdev": [0.00324848550372, 0.0190792903304, 0.127100065351, 0.1313303262, 0.0922938361764, 0.0595833435655]
    },
    "beats_position": [0.568888902664, 1.16099774837, 1.75310659409, 2.34521532059, 2.92571425438, 3.52943301201, 4.13315200806, 4.72526073456, 5.32897949219, 5.93269824982, 6.5015873909, 7.05886602402, 7.6277551651, 8.19664382935, 8.76553249359, 9.32281208038, 9.8800907135, 10.4257593155, 10.9830379486, 11.5403175354, 12.0975961685, 12.6548748016, 13.2121543884, 13.7694330215, 14.3267116547, 14.9420404434, 15.5689792633, 16.1959171295, 16.8112468719, 17.426574707, 18.0070743561, 18.5875740051, 19.1680717468, 19.7137413025, 20.2594108582, 20.8050785065, 21.3507480621, 21.8964176178, 22.4188652039, 22.9413146973, 23.4637641907, 23.9281635284, 24.3925609589, 24.8569602966, 25.3213596344, 25.774148941, 26.2269382477, 26.6797275543, 27.1209068298, 27.5620861053, 28.0032653809, 28.4328346252, 28.8624038696, 29.3035831451, 29.7331504822, 30.1627197266, 30.5922889709, 31.0218582153],
