{
"metadata": {
    "version": {
        "essentia": "2.1-beta5",
        "essentia_git_sha": "Undefined",
        "extractor": "music 2.0"
    },
    "audio_properties": {
        "analysis": {
            "equal_loudness": 0,
            "length": 48.7502937317,
            "sample_rate": 44100,
            "start_time": 77.7404098511,
            "downmix": "mix"
        },
        "bit_rate": 192000,
        "length": 193.120376587,
        "lossless": 0,
        "number_channels": 2,
        "replay_gain": -4.08902168274,
        "sample_rate": 48000,
        "codec": "mp3",
        "md5_encoded": "5e15bacb4f4138472450bebba965f473"
    },
    "tags": {
        "file_name": "Poland_Follow My Heart_Ich Troje.mp3",
        "encoding": ["Lavf58.29.100"]
    }
},
"lowlevel": {
    "average_loudness": 0.944118261337,
    "barkbands_crest": {
        "max": 24.3322200775,
        "mean": 9.32652378082,
        "min": 2.31506347656,
        "stdev": 4.18454504013
    },
    "barkbands_flatness_db": {
        "max": 0.238862127066,
        "mean": 0.0868938714266,
        "min": 0.0178691446781,
        "stdev": 0.0346833914518
    },
    "barkbands_kurtosis": {
        "max": 69.9214706421,
        "mean": 2.72001290321,
        "min": -1.932523489,
        "stdev": 5.11459064484
    },
    "barkbands_skewness": {
        "max": 7.54969167709,
        "mean": 1.3411949873,
        "min": -2.42725300789,
        "stdev": 1.10360896587
    },
    "barkbands_spread": {
        "max": 122.61831665,
        "mean": 36.051815033,
        "min": 3.40352725983,
        "stdev": 20.2660503387
    },
    "dissonance": {
        "max": 0.500000059605,
        "mean": 0.46817150712,
        "min": 0.301832318306,
        "stdev": 0.0236575081944
    },
    "dynamic_complexity": 1.83634102345,
    "erbbands_crest": {
        "max": 26.4967803955,
        "mean": 8.67553901672,
        "min": 2.14722132683,
        "stdev": 4.54264688492
    },
    "erbbands_flatness_db": {
        "max": 0.246953263879,
        "mean": 0.106766961515,
        "min": 0.0393577180803,
        "stdev": 0.0372298397124
    },
    "erbbands_kurtosis": {
        "max": 16.9283256531,
        "mean": 0.663287520409,
        "min": -1.77633082867,
        "stdev": 2.16639757156
    },
    "erbbands_skewness": {
        "max": 3.60679912567,
        "mean": 0.40903070569,
        "min": -2.75384378433,
        "stdev": 0.836583971977
    },
    "erbbands_spread": {
        "max": 135.983810425,
        "mean": 52.1465950012,
        "min": 7.41976308823,
        "stdev": 25.5451507568
    },
    "hfc": {
        "max": 410.886383057,
        "mean": 48.4582099915,
        "min": 0.550926864147,
        "stdev": 46.2308197021
    },
    "loudness_ebu128": {
        "integrated": -18.0378856659,
        "loudness_range": 2.13935852051,
        "momentary": {
            "max": -15.2831134796,
            "mean": -18.2181472778,
            "min": -21.5983982086,
            "stdev": 1.23503351212
        },
        "short_term": {
            "max": -15.7826805115,
            "mean": -18.2450695038,
            "min": -19.9779167175,
            "stdev": 0.782109200954
        }
    },
    "melbands_crest": {
        "max": 31.7899932861,
        "mean": 13.586640358,
        "min": 3.73017191887,
        "stdev": 5.41341161728
    },
    "melbands_flatness_db": {
        "max": 0.348468333483,
        "mean": 0.153951272368,
        "min": 0.023040054366,
        "stdev": 0.052480686456
    },
    "melbands_kurtosis": {
        "max": 164.847824097,
        "mean": 13.9645662308,
        "min": -1.81587731838,
        "stdev": 18.8125839233
    },
    "melbands_skewness": {
        "max": 11.6413478851,
        "mean": 2.71236991882,
        "min": -0.47829669714,
        "stdev": 1.74744331837
    },
    "melbands_spread": {
        "max": 248.407852173,
        "mean": 33.2931976318,
        "min": 1.92759811878,
        "stdev": 29.7508335114
    },
    "pitch_salience": {
        "max": 0.862143397331,
        "mean": 0.578354418278,
        "min": 0.157902553678,
        "stdev": 0.111648231745
    },
    "silence_rate_20dB": {
        "max": 1,
        "mean": 1,
        "min": 1,
        "stdev": 0
    },
    "silence_rate_30dB": {
        "max": 1,
        "mean": 0.999524056911,
        "min": 0,
        "stdev": 0.0218115169555
    },
    "silence_rate_60dB": {
        "max": 1,
        "mean": 0.000475963839563,
        "min": 0,
        "stdev": 0.0218116063625
    },
    "spectral_centroid": {
        "max": 5123.06347656,
        "mean": 1548.66235352,
        "min": 343.695281982,
        "stdev": 674.775268555
    },
    "spectral_complexity": {
        "max": 53,
        "mean": 22.5230846405,
        "min": 1,
        "stdev": 8.54679965973
    },
    "spectral_decrease": {
        "max": -2.43884690221e-10,
        "mean": -8.35515212572e-09,
        "min": -3.04232123938e-08,
        "stdev": 5.47287948294e-09
    },
    "spectral_energy": {
        "max": 0.122247047722,
        "mean": 0.0359295755625,
        "min": 0.000970449706074,
        "stdev": 0.0213162563741
    },
    "spectral_energyband_high": {
        "max": 0.0391801334918,
        "mean": 0.00341344554909,
        "min": 2.82279306703e-05,
        "stdev": 0.00494337501004
    },
    "spectral_energyband_low": {
        "max": 0.0962576046586,
        "mean": 0.0118724359199,
        "min": 8.34206221043e-05,
        "stdev": 0.0164119135588
    },
    "spectral_energyband_middle_high": {
        "max": 0.0754366219044,
        "mean": 0.00816339068115,
        "min": 0.000123214747873,
        "stdev": 0.00926801282912
    },
    "spectral_energyband_middle_low": {
        "max": 0.0821200683713,
        "mean": 0.015235600993,
        "min": 0.000239193439484,
        "stdev": 0.0110759278759
    },
    "spectral_entropy": {
        "max": 8.97695827484,
        "mean": 8.00182914734,
        "min": 6.84537315369,
        "stdev": 0.336516141891
    },
    "spectral_flux": {
        "max": 0.259811580181,
        "mean": 0.110726803541,
        "min": 0.0308636240661,
        "stdev": 0.0404374189675
    },
    "spectral_kurtosis": {
        "max": 10.5545558929,
        "mean": 2.51061940193,
        "min": -1.13155829906,
        "stdev": 1.54962396622
    },
    "spectral_rms": {
        "max": 0.0109208701178,
        "mean": 0.00565869826823,
        "min": 0.000973026326392,
        "stdev": 0.00174137682188
    },
    "spectral_rolloff": {
        "max": 12467.7246094,
        "mean": 2847.265625,
        "min": 64.599609375,
        "stdev": 2984.61889648
    },
    "spectral_skewness": {
        "max": 2.56510925293,
        "mean": 1.4005510807,
        "min": 0.0282308552414,
        "stdev": 0.362479388714
    },
    "spectral_spread": {
        "max": 15412569,
        "mean": 7373731.5,
        "min": 3143890.25,
        "stdev": 1964140.125
    },
    "spectral_strongpeak": {
        "max": 15.0234870911,
        "mean": 1.23938858509,
        "min": 0,
        "stdev": 1.53591191769
    },
    "zerocrossingrate": {
        "max": 0.4375,
        "mean": 0.114133477211,
        "min": 0.01025390625,
        "stdev": 0.0652857273817
    },
    "barkbands": {
        "max": [0.00602683844045, 0.0885603278875, 0.0423858389258, 0.0439895316958, 0.0423406474292, 0.0279460456222, 0.0496711879969, 0.0645829439163, 0.0378229096532, 0.0586256757379, 0.0228607468307, 0.0220832712948, 0.0240224953741, 0.0201325453818, 0.0105056837201, 0.0105860577896, 0.00977292098105, 0.0161922071129, 0.00573361944407, 0.00286953058094, 0.00353562436067, 0.00705438153818, 0.0134319961071, 0.0124756246805, 0.0186081733555, 0.00762511882931, 0.00265580764972],
        "mean": [0.000241499263211, 0.00705983489752, 0.00279981992207, 0.00336912018247, 0.00399452773854, 0.00184355140664, 0.00122145924252, 0.00123327563051, 0.00199764920399, 0.00273781898431, 0.00156110292301, 0.000867499387823, 0.000606541114394, 0.000907290668692, 0.000438810442574, 0.000292257085675, 0.000361491489457, 0.000479176174849, 0.000352650880814, 0.000310031318804, 0.000303437525872, 0.000410692533478, 0.000484522490297, 0.000655450217891, 0.000813773833215, 0.000452059379313, 0.000134214191348],
        "min": [3.08279695105e-08, 5.32987132829e-06, 5.60868193134e-06, 1.59209366757e-06, 3.10337964038e-05, 1.58020375238e-05, 1.35334485094e-05, 9.80276945484e-06, 1.54545432451e-05, 1.38128616527e-05, 9.36359356274e-06, 7.97036045697e-06, 6.16353054284e-06, 8.74324359756e-06, 2.16957073462e-06, 3.95708411816e-06, 4.66372330266e-06, 3.4290712847e-06, 2.81965935756e-06, 2.89606896331e-06, 3.08895323542e-06, 2.5756710329e-06, 4.27767326983e-06, 7.77573677624e-06, 5.53126574232e-06, 2.5132205792e-06, 4.33225544327e-08],
        "stdev": [0.000563761917874, 0.0146675342694, 0.0043288259767, 0.0044436850585, 0.00459637772292, 0.002856915351, 0.00294708227739, 0.00314833712764, 0.0035005309619, 0.00594911910594, 0.00314739532769, 0.00191287510097, 0.00152246060316, 0.00194729305804, 0.000779658847023, 0.000564441201277, 0.000709713902324, 0.00101338559762, 0.000426022626925, 0.000323999294778, 0.000359863246558, 0.000653466384392, 0.000944536819588, 0.00128877151292, 0.00169613421895, 0.0006352525088, 0.000272781500826]
    },
    "erbbands": {
        "max": [3.85582947731, 16.5061855316, 35.5745544434, 125.57019043, 162.765136719, 143.531265259, 231.597946167, 338.676177979, 511.381744385, 977.873901367, 1845.51940918, 853.329711914, 1965.27111816, 1237.03503418, 930.920349121, 986.595275879, 1005.01092529, 879.438903809, 523.336425781, 507.8230896, 682.593078613, 528.601074219, 998.950500488, 405.465484619, 355.978118896, 150.502319336, 153.466827393, 178.619506836, 251.193969727, 660.384155273, 295.798919678, 254.089324951, 253.236221313, 215.315658569, 139.487319946, 45.4724197388, 12.4813051224, 1.73124504089, 0.582175254822, 0.0202543139458],
        "mean": [0.253408938646, 1.40560460091, 2.8569829464, 8.28378295898, 12.7444581985, 13.019446373, 12.5262565613, 16.398481369, 16.6180419922, 21.2477474213, 31.1543159485, 46.4434127808, 97.1363525391, 66.2852325439, 44.5004463196, 37.404750824, 28.0911006927, 46.3968315125, 27.5217819214, 21.383852005, 17.4158935547, 20.8768806458, 26.9811344147, 21.1510505676, 15.9130525589, 14.2765455246, 13.6218280792, 11.0493240356, 13.207983017, 18.0023708344, 12.6152257919, 12.2366666794, 11.6264123917, 9.7235994339, 5.27743530273, 2.44590711594, 0.750308930874, 0.151154860854, 0.0268215928227, 0.000935694493819],
        "min": [0.00020033675537, 0.00341976690106, 0.0173717886209, 0.0728939473629, 0.107783362269, 0.193088695407, 0.0743181034923, 0.163034841418, 0.171399891376, 0.261075228453, 0.375277340412, 0.593717575073, 0.548704922199, 0.601956248283, 0.415303885937, 0.462452828884, 0.397546499968, 0.50269562006, 0.211954519153, 0.106666684151, 0.257038682699, 0.243954539299, 0.22573839128, 0.118489153683, 0.149449333549, 0.154191792011, 0.183812513947, 0.0624930523336, 0.0801981315017, 0.139510020614, 0.118223205209, 0.135109320283, 0.142587453127, 0.0581422112882, 0.040926322341, 0.0154443671927, 0.00315923662856, 0.000403026380809, 2.71861881629e-05, 8.72235796123e-06],
        "stdev": [0.596279978752, 2.71810555458, 4.01251316071, 10.5912036896, 16.3114376068, 16.0497512817, 20.7853775024, 26.9375801086, 32.0550804138, 52.0928459167, 76.9229812622, 79.971824646, 203.86366272, 123.738265991, 78.1315078735, 83.2512664795, 61.7608718872, 91.0735168457, 39.9088935852, 34.6501617432, 35.2953147888, 38.6509590149, 60.1188163757, 29.9570198059, 17.9417114258, 14.5754423141, 15.8594341278, 13.7419452667, 20.3577289581, 36.3679351807, 23.5906143188, 22.490026474, 24.7897853851, 21.3348903656, 10.8509645462, 3.82685518265, 1.05385708809, 0.232143774629, 0.0567236952484, 0.00208564382046]
    },
    "gfcc": {
        "mean": [68.392829895, 41.505191803, -85.6789016724, 17.9213123322, -58.6112213135, 18.0328769684, -38.0274581909, 12.143737793, -31.4878025055, 0.00385466078296, -22.5303840637, -1.05582857132, -14.5155143738],
        "cov": [[1096.6517334, -402.448303223, 129.352386475, -122.527359009, 51.8721046448, -39.9825401306, 95.3638153076, -49.6834869385, 33.9773979187, -16.9697437286, -13.6772842407, 10.3610639572, -19.0315074921], [-402.448303223, 921.841552734, -193.990692139, 30.4361076355, 77.0818481445, 48.6437072754, 82.9104537964, 127.583686829, 8.80261611938, 44.2641448975, 87.4919586182, 20.0454711914, 68.4293441772], [129.352386475, -193.990692139, 595.637390137, 175.909454346, 54.2028198242, 3.01836442947, -56.5371665955, 15.8264732361, 56.8287506104, 34.593547821, -1.37862014771, 34.0697784424, -45.2219619751], [-122.527359009, 30.4361076355, 175.909454346, 351.385986328, 50.3192100525, -9.60421180725, -90.0016784668, 45.4217453003, 64.0700683594, 29.7232494354, 6.97548484802, 29.48736763, -0.0102723855525], [51.8721046448, 77.0818481445, 54.2028198242, 50.3192100525, 194.6534729, 18.3844814301, 41.9806747437, 14.3515882492, 26.5078048706, 19.9842605591, 8.54949760437, 7.64809179306, 13.4855165482], [-39.9825401306, 48.6437072754, 3.01836442947, -9.60421180725, 18.3844814301, 187.558319092, 83.7685852051, 13.7394609451, -23.7368450165, 47.1114387512, 23.1161651611, 4.77041292191, 27.1021785736], [95.3638153076, 82.9104537964, -56.5371665955, -90.0016784668, 41.9806747437, 83.7685852051, 191.578170776, 26.8988571167, -16.2683486938, 13.0417509079, 27.0798435211, 5.39681100845, 22.5454883575], [-49.6834869385, 127.583686829, 15.8264732361, 45.4217453003, 14.3515882492, 13.7394609451, 26.8988571167, 151.699234009, 54.2057571411, 17.9232711792, 21.6454620361, 31.6801223755, -7.44145584106], [33.9773979187, 8.80261611938, 56.8287506104, 64.0700683594, 26.5078048706, -23.7368450165, -16.2683486938, 54.2057571411, 109.893180847, 30.1467208862, 11.7906599045, 13.6239109039, -5.72862005234], [-16.9697437286, 44.2641448975, 34.593547821, 29.7232494354, 19.9842605591, 47.1114387512, 13.0417509079, 17.9232711792, 30.1467208862, 90.3852996826, 37.1185836792, 8.06141662598, 9.13765621185], [-13.6772842407, 87.4919586182, -1.37862014771, 6.97548484802, 8.54949760437, 23.1161651611, 27.0798435211, 21.6454620361, 11.7906599045, 37.1185836792, 78.2383346558, 32.7589530945, 14.821562767], [10.3610639572, 20.0454711914, 34.0697784424, 29.48736763, 7.64809179306, 4.77041292191, 5.39681100845, 31.6801223755, 13.6239109039, 8.06141662598, 32.7589530945, 79.8362731934, 22.2282714844], [-19.0315074921, 68.4293441772, -45.2219619751, -0.0102723855525, 13.4855165482, 27.1021785736, 22.5454883575, -7.44145584106, -5.72862005234, 9.13765621185, 14.821562767, 22.2282714844, 95.337562561]],
        "icov": [[0.00138719798997, 0.000629323127214, -0.000238252803683, 0.000459405680886, -0.000417626200942, 0.000570397125557, -0.00103756680619, 0.000285559654003, -0.00068113906309, 0.000113436450192, -0.000183510681381, -0.000237888554693, -9.09785521799e-05], [0.000629323127214, 0.00196510297246, 0.000424114317866, -9.1867565061e-05, -0.000809560355265, 0.000444036500994, -0.000507161195856, -0.00147916097194, 0.000479596026707, -8.67880007718e-05, -0.00173587410245, 0.000863643130288, -0.000985275837593], [-0.000238252803683, 0.000424114317866, 0.00245884107426, -0.00102833448909, -0.000518842134625, -0.000399100186769, 0.000347181980032, 3.50751324731e-05, -0.000221905720537, -0.000624378095381, 0.000196184439119, -0.00101547990926, 0.00117448554374], [0.000459405680886, -9.1867565061e-05, -0.00102833448909, 0.00465539330617, -0.0011164767202, -0.000520014029462, 0.00221492373385, -0.000671479618177, -0.00141621893272, -0.000134573900141, 0.000118524527352, -0.000709547952283, -0.00052526401123], [-0.000417626200942, -0.000809560355265, -0.000518842134625, -0.0011164767202, 0.00652816798538, 0.000126741535496, -0.00191736454144, 0.000972805253696, -0.00116676511243, -0.000569236988667, 0.00112186116166, -0.000106132989458, -0.000343827006873], [0.000570397125557, 0.000444036500994, -0.000399100186769, -0.000520014029462, 0.000126741535496, 0.00891773123294, -0.00393139477819, -0.000933362636715, 0.0032152349595, -0.00489488244057, 0.000578294682782, 0.000426613580203, -0.0016174109187], [-0.00103756680619, -0.000507161195856, 0.000347181980032, 0.00221492373385, -0.00191736454144, -0.00393139477819, 0.00988188572228, -0.00212982739322, 0.000767503806856, 0.00130209792405, -0.00216450146399, 0.000712293433025, -0.000700739852618], [0.000285559654003, -0.00147916097194, 3.50751324731e-05, -0.000671479618177, 0.000972805253696, -0.000933362636715, -0.00212982739322, 0.0112568754703, -0.00554868532345, 0.00073971785605, 0.00125962146558, -0.00428522704169, 0.00304426578805], [-0.00068113906309, 0.000479596026707, -0.000221905720537, -0.00141621893272, -0.00116676511243, 0.0032152349595, 0.000767503806856, -0.00554868532345, 0.0153780160472, -0.0053418665193, -7.00925811543e-05, 0.000790394784417, -0.000686548592057], [0.000113436450192, -8.67880007718e-05, -0.000624378095381, -0.000134573900141, -0.000569236988667, -0.00489488244057, 0.00130209792405, 0.00073971785605, -0.0053418665193, 0.0186904203147, -0.00817241147161, 0.00280123436823, -0.000484379212139], [-0.000183510681381, -0.00173587410245, 0.000196184439119, 0.000118524527352, 0.00112186116166, 0.000578294682782, -0.00216450146399, 0.00125962146558, -7.00925811543e-05, -0.00817241147161, 0.0221290756017, -0.00867084041238, 0.000949908862822], [-0.000237888554693, 0.000863643130288, -0.00101547990926, -0.000709547952283, -0.000106132989458, 0.000426613580203, 0.000712293433025, -0.00428522704169, 0.000790394784417, 0.00280123436823, -0.00867084041238, 0.0192367173731, -0.00511640775949], [-9.09785521799e-05, -0.000985275837593, 0.00117448554374, -0.00052526401123, -0.000343827006873, -0.0016174109187, -0.000700739852618, 0.00304426578805, -0.000686548592057, -0.000484379212139, 0.000949908862822, -0.00511640775949, 0.0136972740293]]
    },
    "melbands": {
        "max": [0.029206732288, 0.0144157633185, 0.0176607798785, 0.0101960115135, 0.00696927914396, 0.00665677431971, 0.00800534151495, 0.0103321503848, 0.0145850609988, 0.00586659414694, 0.010150840506, 0.00550640141591, 0.00283738854341, 0.00308031984605, 0.00378922210075, 0.00332418386824, 0.00199420354329, 0.0010573832551, 0.00113233039156, 0.0003771353513, 0.00104877562262, 0.000632750452496, 0.000808415992651, 0.000772682484239, 0.000345621607266, 0.000285283866106, 0.000160573938047, 9.72730413196e-05, 0.000111926980026, 9.16306235013e-05, 0.000102131518361, 0.000151254382217, 0.00021014844242, 0.000456020788988, 0.000176827335963, 0.000146904581925, 0.000168954502442, 0.000183518248377, 0.000256438972428, 0.000187887140783],
        "mean": [0.00210829079151, 0.0016249261098, 0.00155592185911, 0.000914363248739, 0.000475436681882, 0.000362581224181, 0.000255812745309, 0.000235645231442, 0.000261054286966, 0.000301398598822, 0.000483565032482, 0.000259588123299, 0.000171419727849, 0.000101049030491, 7.53442654968e-05, 6.23468586127e-05, 9.35181815294e-05, 4.87518627779e-05, 3.44765976479e-05, 2.21160589717e-05, 2.01984912565e-05, 2.18370259972e-05, 2.26183074119e-05, 2.28390035772e-05, 1.67222278833e-05, 1.20686918308e-05, 1.06378611235e-05, 9.08818401513e-06, 8.84324981598e-06, 7.39331426303e-06, 6.04508522883e-06, 6.86989596943e-06, 9.06578497961e-06, 1.04571372503e-05, 7.3182009146e-06, 6.70629333399e-06, 7.69944836065e-06, 7.70762562752e-06, 8.91038143891e-06, 8.04112278274e-06],
        "min": [1.59695139246e-06, 1.176902515e-05, 1.63406311913e-05, 8.85087592906e-06, 1.9945157419e-06, 3.16368686981e-06, 2.3941145173e-06, 2.6488628464e-06, 3.7759582483e-06, 2.38936945607e-06, 1.93516257241e-06, 1.56777798566e-06, 1.54556596499e-06, 1.00037914308e-06, 8.9089218136e-07, 6.09120149875e-07, 9.41525570397e-07, 3.69984832105e-07, 1.38336247346e-07, 1.93496859424e-07, 3.24490827097e-07, 2.41394502609e-07, 2.91311749834e-07, 1.38580659836e-07, 8.92977354283e-08, 9.94603936988e-08, 1.19355547668e-07, 8.6127570853e-08, 1.27368934955e-07, 5.39714335446e-08, 3.46311885835e-08, 4.02980226966e-08, 5.73815412963e-08, 8.70999556923e-08, 7.29666709276e-08, 4.88776947805e-08, 9.95547537741e-08, 1.11792033408e-07, 7.05422209535e-08, 4.01368716041e-08],
        "stdev": [0.00465775188059, 0.00204631569795, 0.00181744457223, 0.00104962987825, 0.000688623462338, 0.000562169821933, 0.000517523963936, 0.000554158352315, 0.000611859315541, 0.000547180883586, 0.00103070086334, 0.00049148441758, 0.000311852461891, 0.000211100879824, 0.000202994342544, 0.000162008247571, 0.000202534822165, 8.16060783109e-05, 6.96544811944e-05, 3.40042715834e-05, 4.889740012e-05, 4.51779560535e-05, 4.94449232065e-05, 5.05773459736e-05, 2.49457516475e-05, 1.55497400556e-05, 1.26719041873e-05, 9.61791374721e-06, 1.10056744234e-05, 8.87230180524e-06, 8.06160005595e-06, 1.03659776869e-05, 1.63970071299e-05, 2.26333195315e-05, 1.41112177516e-05, 1.23577910927e-05, 1.44915957208e-05, 1.6377240172e-05, 2.04914558708e-05, 1.80720653589e-05]
    },
    "melbands128": {
        "max": [0.00599430827424, 0.0324072912335, 0.0441401749849, 0.0217953659594, 0.0178682226688, 0.022730583325, 0.0313618294895, 0.0173472780734, 0.0216213725507, 0.0114752147347, 0.00953717622906, 0.0154555533081, 0.011486530304, 0.0100862430409, 0.0102409319952, 0.00991631858051, 0.0081706289202, 0.0151089504361, 0.0181007552892, 0.0171133317053, 0.0191318746656, 0.0167877264321, 0.0243457593024, 0.00948078744113, 0.00573127157986, 0.0106461774558, 0.0107528492808, 0.0179827809334, 0.0116672841832, 0.00880830083042, 0.00630970019847, 0.00768362777308, 0.00371338520199, 0.00577390007675, 0.00636992510408, 0.00561109837145, 0.00589567190036, 0.00738192070276, 0.00278327288106, 0.00354409427382, 0.00596658699214, 0.0052133849822, 0.00223066331819, 0.00583562860265, 0.00154542340897, 0.00119531201199, 0.00228888797574, 0.00126796518452, 0.00196152389981, 0.00067299627699, 0.000529289653059, 0.00109408027492, 0.00155938707758, 0.00151037576143, 0.00199225335382, 0.00107223563828, 0.000788529403508, 0.000732292071916, 0.00157790316734, 0.00245576305315, 0.0010370753007, 0.000890411552973, 0.00052475911798, 0.000373373943148, 0.000243501548539, 0.000356831180397, 0.000467529403977, 0.00018874592206, 0.000267345138127, 0.000162475844263, 9.68784006545e-05, 0.000121009587019, 0.000179935843335, 0.000146372432937, 0.000136623784783, 0.000172765227035, 0.000162354277563, 9.41760008573e-05, 9.35993884923e-05, 0.00011548375187, 0.000168451399077, 0.000151760410517, 0.00020432274323, 0.000205708405701, 0.000334746582666, 0.000702858727891, 0.000432443514001, 0.000285384157905, 0.000204561860301, 0.000207477482036, 0.000202925642952, 0.000131924185553, 0.000201838091016, 0.000199768794118, 0.000216346306843, 0.000199776302907, 0.000254868587945, 0.000277846032986, 0.000373376038624, 0.000318679463817, 0.000224578325287, 0.00027175564901, 0.000329626229359, 0.000278739840724, 0.000247036979999, 0.000158674782142, 0.00012604931544, 8.74151155585e-05, 8.73636163305e-05, 8.39951972011e-05, 5.50392651348e-05, 6.04251872574e-05, 4.65678276669e-05, 2.21561149374e-05, 2.13666753552e-05, 1.68766819115e-05, 2.31542016991e-05, 1.97249792109e-05, 1.44522891787e-05, 2.70269720204e-05, 2.25117564696e-05, 2.13360035559e-05, 1.36716516863e-05, 1.63034349043e-06, 2.00942587014e-08, 2.03271159904e-08, 2.04010479621e-08, 2.04301926487e-08],
        "mean": [0.000219669323997, 0.00200706860051, 0.00311689008959, 0.00195775949396, 0.00131270301063, 0.00145393703133, 0.00172411848325, 0.00162181304768, 0.00131416169461, 0.000852337107062, 0.000713776273187, 0.000557516294066, 0.000403581012506, 0.000372911017621, 0.000402456818847, 0.000339540070854, 0.000277647224721, 0.000225551586482, 0.000252576603089, 0.000235036874074, 0.000227323995205, 0.000234020437347, 0.00029041338712, 0.000258192769252, 0.000251487857895, 0.000347190856701, 0.000340050144587, 0.000733777298592, 0.000347636610968, 0.000160818512086, 0.000300846324535, 0.000300303450786, 0.000111554661999, 0.000150883177412, 8.21091161924e-05, 8.68665083544e-05, 0.000129819483845, 7.21278047422e-05, 4.68475736852e-05, 5.29287135578e-05, 8.14572558738e-05, 4.92562030558e-05, 6.93872716511e-05, 0.000171938314452, 4.47743332188e-05, 3.05989815388e-05, 3.14300195896e-05, 3.8036985643e-05, 3.54584117304e-05, 2.51073142863e-05, 1.9179771698e-05, 2.14393821807e-05, 1.7655414922e-05, 1.981301466e-05, 2.5013114282e-05, 2.2930205887e-05, 1.86816523637e-05, 1.78463833436e-05, 2.53894195339e-05, 2.99269213428e-05, 2.30094556173e-05, 1.68887218024e-05, 1.96041382878e-05, 1.62929954968e-05, 1.2914686522e-05, 1.21701859825e-05, 1.20869326565e-05, 9.24151936488e-06, 1.17664221762e-05, 9.98968516797e-06, 8.29853343021e-06, 9.06731293071e-06, 9.66767311184e-06, 8.7757498477e-06, 7.40639961805e-06, 9.05347042135e-06, 6.17710156803e-06, 6.08544405623e-06, 5.93850609221e-06, 5.99015766056e-06, 6.89136504661e-06, 6.56827432977e-06, 8.41501423565e-06, 8.9420200311e-06, 9.75591956376e-06, 1.14407193905e-05, 1.08378990262e-05, 8.86358157004e-06, 6.83211146679e-06, 6.35925107417e-06, 6.2610565692e-06, 6.5679173531e-06, 7.86751661508e-06, 7.79520451033e-06, 7.56508325139e-06, 7.78890080255e-06, 7.30179590391e-06, 8.22489892016e-06, 9.39100209507e-06, 9.03556065168e-06, 8.28060910862e-06, 7.92069749878e-06, 7.76125125412e-06, 6.91175546308e-06, 5.70905012864e-06, 5.30251645614e-06, 4.74965463582e-06, 4.71643124911e-06, 4.63742026113e-06, 3.58867941941e-06, 3.02534840557e-06, 2.73670571005e-06, 2.51749406743e-06, 1.7466453528e-06, 1.33235573685e-06, 1.01846762846e-06, 1.19604726478e-06, 9.90538296719e-07, 8.55324060467e-07, 9.74529939413e-07, 7.95111589014e-07, 7.11726272584e-07, 4.29311853622e-07, 2.28567529348e-08, 2.03926354969e-11, 2.00211566076e-11, 1.98014243891e-11, 1.97108371291e-11],
        "min": [3.60569529789e-09, 1.38739139288e-07, 6.58516114527e-07, 1.62365085998e-06, 1.76798073426e-06, 2.16496323446e-06, 8.40072971187e-06, 1.15573698167e-06, 1.74307217549e-06, 3.30674629367e-06, 1.85480143955e-06, 6.61958210912e-07, 2.4521344244e-07, 7.87666408542e-07, 1.14214208224e-06, 7.41127166748e-07, 8.30534816032e-07, 5.39959614798e-07, 4.66877480676e-07, 8.43800648909e-07, 4.34813074435e-07, 1.29884097078e-06, 8.01032228992e-07, 9.18772116165e-07, 9.38884966217e-07, 4.5556078021e-07, 3.51006150368e-07, 8.83294148935e-07, 8.67333142196e-07, 5.10985728397e-07, 4.37741277892e-07, 4.01375302772e-07, 2.7974834893e-07, 2.44752243361e-07, 1.52264789222e-07, 1.04186121064e-07, 2.97601616239e-07, 1.85760526961e-07, 2.31850847854e-07, 3.34503425847e-07, 1.09741471022e-07, 1.66108193866e-07, 5.91412401718e-07, 4.02014421752e-07, 1.40051568565e-07, 1.35061213768e-07, 1.69977923292e-07, 1.33087141307e-07, 7.69469892248e-08, 1.08880932714e-07, 1.84922456015e-07, 3.02471960367e-07, 5.82442183372e-08, 1.6273259007e-07, 2.57472350995e-07, 1.91814251593e-07, 9.7306660507e-08, 7.92057619492e-08, 1.38314931064e-07, 1.33939821012e-07, 1.19522312048e-07, 6.2596463124e-08, 6.2424213354e-08, 1.17395146049e-07, 8.58686206584e-08, 1.02229783749e-07, 8.34125870597e-08, 1.58867635491e-07, 6.48645510637e-08, 1.79374026743e-07, 9.12556004096e-08, 3.45763488951e-08, 7.62896661399e-08, 1.51788015046e-07, 1.37442668802e-07, 4.02996747084e-08, 1.98764151804e-08, 2.3634257218e-08, 3.66375445537e-08, 4.76706851771e-08, 3.65201167085e-08, 2.79899321498e-08, 6.75684219686e-08, 4.92371086125e-08, 6.33862384802e-08, 7.86107676731e-08, 6.16705477796e-08, 3.53044562473e-08, 4.92801817131e-08, 6.71416984233e-08, 4.99869976522e-08, 1.94332745451e-08, 8.70804228725e-08, 8.07120557056e-08, 6.72672513247e-08, 9.8059288689e-08, 6.09517485373e-08, 1.13940096469e-07, 3.63415963989e-08, 5.22561123262e-08, 3.15975583476e-08, 3.03449461114e-08, 4.43958612095e-08, 2.2166231517e-08, 4.3002209793e-08, 4.30739852675e-08, 4.97596808202e-09, 3.3009488476e-08, 1.12599725099e-08, 5.83376769114e-09, 3.44093264992e-09, 4.65775729097e-09, 2.40112774108e-09, 9.04825436798e-10, 1.27246280179e-09, 1.09578723873e-09, 3.64344748816e-10, 3.75339473044e-12, 4.0218821112e-13, 4.38064786269e-13, 3.18962765271e-13, 2.8360609217e-13, 2.3993575681e-13, 2.38087219211e-13, 1.5440818383e-13, 6.37496715031e-14, 1.11537586486e-14, 3.52598004844e-16],
        "stdev": [0.000536110601388, 0.00496216770262, 0.00722182774916, 0.00364658376202, 0.00203541805968, 0.00227417284623, 0.00242069922388, 0.00221951748244, 0.0019466415979, 0.0012286901474, 0.00102922599763, 0.00102973880712, 0.000865482026711, 0.000853060162626, 0.00084475876065, 0.000628394074738, 0.000566165836062, 0.000687001971528, 0.000880808802322, 0.000751412240788, 0.000642739003524, 0.000862366578076, 0.000870006333571, 0.00061521230964, 0.000579777697567, 0.000930092937779, 0.000762237643357, 0.00194541015662, 0.00085372076137, 0.0004888518597, 0.000740830379073, 0.000838413310703, 0.000269509386271, 0.0004413377319, 0.00026315645664, 0.000276466220384, 0.000364539184375, 0.000308342685457, 0.000172353364178, 0.000179882656084, 0.000282748282189, 0.000176579269464, 0.000158664566698, 0.000503819901496, 9.51789552346e-05, 6.82374302414e-05, 8.83777756826e-05, 9.63405618677e-05, 0.000103726699308, 5.08889825142e-05, 3.86243918911e-05, 5.57548592042e-05, 5.85664565733e-05, 6.46809567115e-05, 7.62613271945e-05, 6.07346373727e-05, 4.25096550316e-05, 4.83143230667e-05, 7.35912035452e-05, 9.97792885755e-05, 6.24105814495e-05, 4.26341102866e-05, 3.58292272722e-05, 2.77894487226e-05, 2.34135168284e-05, 1.9337176127e-05, 1.99698079086e-05, 1.23454074128e-05, 1.90390474017e-05, 1.42637909448e-05, 1.04361679405e-05, 1.20487939057e-05, 1.37938723128e-05, 1.37752322189e-05, 1.11080626084e-05, 1.18517891678e-05, 8.92636853678e-06, 9.50217054196e-06, 8.42574445414e-06, 9.38073753787e-06, 1.111156962e-05, 1.10594774014e-05, 1.62937558343e-05, 1.70329967659e-05, 2.0385683456e-05, 2.90468760795e-05, 2.47877433139e-05, 1.91938033822e-05, 1.40009942697e-05, 1.36698045026e-05, 1.21989887703e-05, 1.26905933939e-05, 1.60713625519e-05, 1.51355661728e-05, 1.61823099916e-05, 1.64706925716e-05, 1.70930470631e-05, 2.01227503567e-05, 2.3200898795e-05, 2.18494114961e-05, 1.90128339455e-05, 1.88488756976e-05, 2.0032746761e-05, 1.72789386852e-05, 1.32130389829e-05, 1.08020658445e-05, 8.88047270564e-06, 7.60009334044e-06, 7.70970200392e-06, 6.00764587944e-06, 4.66106894237e-06, 4.32624210589e-06, 3.84293480238e-06, 2.56885118688e-06, 2.21085019803e-06, 1.60402180427e-06, 2.16509579332e-06, 1.87712873867e-06, 1.6458054688e-06, 2.32989418691e-06, 1.92816264644e-06, 1.80689403351e-06, 1.26992824789e-06, 9.76563896415e-08, 4.7458431629e-10, 4.7839987527e-10, 4.79251971441e-10, 4.79461470526e-10]
    },
    "mfcc": {
        "mean": [-589.337768555, 89.6350708008, 21.6612186432, 8.87556552887, 4.84836292267, 1.43120193481, 5.21054267883, 4.13667058945, 0.604510784149, 0.608701765537, -1.49849498272, -6.86546278, -6.3813419342],
        "cov": [[986.568237305, -222.647354126, -92.1935424805, -73.3620834351, -91.2313919067, 11.7944278717, -5.34917020798, 16.185136795, 4.42432498932, 4.10203170776, -2.14886760712, -13.7903575897, -14.869685173], [-222.647354126, 705.622375488, -155.572647095, -19.7958164215, -16.9882240295, -32.4092597961, 122.931190491, 45.4529075623, 32.9922714233, 38.848361969, 21.1747093201, 29.9028892517, 11.5722513199], [-92.1935424805, -155.572647095, 460.206115723, 119.563461304, 107.337738037, 27.5007362366, -48.1295623779, 1.54924762249, -6.35669612885, -2.54893302917, 34.7762298584, 45.7136573792, 39.9206733704], [-73.3620834351, -19.7958164215, 119.563461304, 294.561157227, 146.657028198, -23.9401817322, -71.2615280151, 15.5612916946, 12.8113241196, 4.20933246613, 16.8142566681, 30.2729492188, 37.5936775208], [-91.2313919067, -16.9882240295, 107.337738037, 146.657028198, 205.052993774, 10.3635625839, -52.843547821, -2.52589583397, 18.7486839294, 7.95541477203, 12.558506012, 29.273683548, 24.8219661713], [11.7944278717, -32.4092597961, 27.5007362366, -23.9401817322, 10.3635625839, 156.505752563, 72.308883667, -23.3207092285, 11.4617519379, 16.3272590637, -13.6240682602, -8.01661014557, 6.16930437088], [-5.34917020798, 122.931190491, -48.1295623779, -71.2615280151, -52.843547821, 72.308883667, 176.789825439, 26.7002620697, 17.4004020691, 17.6442317963, -5.14771795273, -2.86020207405, 0.837928652763], [16.185136795, 45.4529075623, 1.54924762249, 15.5612916946, -2.52589583397, -23.3207092285, 26.7002620697, 115.623138428, 24.1563968658, 1.84452331066, 37.5017356873, 17.9948616028, -0.659864187241], [4.42432498932, 32.9922714233, -6.35669612885, 12.8113241196, 18.7486839294, 11.4617519379, 17.4004020691, 24.1563968658, 78.3731384277, 33.796710968, -2.36680912971, 2.66989398003, 6.35564422607], [4.10203170776, 38.848361969, -2.54893302917, 4.20933246613, 7.95541477203, 16.3272590637, 17.6442317963, 1.84452331066, 33.796710968, 85.021736145, 27.3095493317, -2.46931958199, 5.24795341492], [-2.14886760712, 21.1747093201, 34.7762298584, 16.8142566681, 12.558506012, -13.6240682602, -5.14771795273, 37.5017356873, -2.36680912971, 27.3095493317, 102.111930847, 43.3086395264, 1.25182592869], [-13.7903575897, 29.9028892517, 45.7136573792, 30.2729492188, 29.273683548, -8.01661014557, -2.86020207405, 17.9948616028, 2.66989398003, -2.46931958199, 43.3086395264, 87.0325317383, 32.552947998], [-14.869685173, 11.5722513199, 39.9206733704, 37.5936775208, 24.8219661713, 6.16930437088, 0.837928652763, -0.659864187241, 6.35564422607, 5.24795341492, 1.25182592869, 32.552947998, 69.5437011719]],
        "icov": [[0.0012091594981, 0.00050390639808, 0.000335574120982, 3.24724787788e-05, 0.000464321608888, -0.000127364648506, 7.17399670975e-05, -0.000350843271008, -0.000124735946883, -0.00027912229416, 5.0311376981e-05, -0.000279337575193, -3.1807085179e-05], [0.00050390639808, 0.0021985268686, 0.000767291232478, -0.000130010579596, -0.000241898276727, 0.00115217536222, -0.00180290185381, -0.000108054809971, -0.000173348380486, -0.000771220133174, 1.05753415482e-05, -0.000847364659421, -0.00015294647892], [0.000335574120982, 0.000767291232478, 0.00306573300622, -0.000552821962629, -0.000728518993128, -0.000605499488302, 8.35394457681e-05, -0.000217232663999, 0.000368968350813, 3.54075236828e-05, -0.000696236616932, -0.000721601943951, -0.000892338110134], [3.24724787788e-05, -0.000130010579596, -0.000552821962629, 0.00598708773032, -0.00354876113124, 0.0005931086489, 0.00125513831154, -0.00113866582979, 0.000107717343781, -0.000232655875152, 0.000141685581184, 0.000408581312513, -0.00188854930457], [0.000464321608888, -0.000241898276727, -0.000728518993128, -0.00354876113124, 0.00898506585509, -0.00196826085448, 0.00214293133467, 0.000409180822317, -0.00181113614235, -5.79240440857e-05, 0.000117924828373, -0.00157003616914, 0.000324462977005], [-0.000127364648506, 0.00115217536222, -0.000605499488302, 0.0005931086489, -0.00196826085448, 0.0102855088189, -0.00578610645607, 0.00294921151362, -0.000912883144338, -0.000817433872726, 2.27491782425e-05, 0.000676843861584, -0.000476335786516], [7.17399670975e-05, -0.00180290185381, 8.35394457681e-05, 0.00125513831154, 0.00214293133467, -0.00578610645607, 0.0111216781661, -0.00356508349068, 8.93067626748e-05, -0.00107185100205, 0.0015265570255, -0.000605933368206, -0.000501636241097], [-0.000350843271008, -0.000108054809971, -0.000217232663999, -0.00113866582979, 0.000409180822317, 0.00294921151362, -0.00356508349068, 0.0132592413574, -0.00563017139211, 0.0041697639972, -0.00609493209049, 0.000980768818408, 0.000294793979265], [-0.000124735946883, -0.000173348380486, 0.000368968350813, 0.000107717343781, -0.00181113614235, -0.000912883144338, 8.93067626748e-05, -0.00563017139211, 0.019323669374, -0.00917051080614, 0.00601545022801, -0.00249116984196, 0.000388917949749], [-0.00027912229416, -0.000771220133174, 3.54075236828e-05, -0.000232655875152, -5.79240440857e-05, -0.000817433872726, -0.00107185100205, 0.0041697639972, -0.00917051080614, 0.0194526724517, -0.00940313003957, 0.00593386171386, -0.00291842734441], [5.0311376981e-05, 1.05753415482e-05, -0.000696236616932, 0.000141685581184, 0.000117924828373, 2.27491782425e-05, 0.0015265570255, -0.00609493209049, 0.00601545022801, -0.00940313003957, 0.0192467495799, -0.0102369403467, 0.00481695961207], [-0.000279337575193, -0.000847364659421, -0.000721601943951, 0.000408581312513, -0.00157003616914, 0.000676843861584, -0.000605933368206, 0.000980768818408, -0.00249116984196, 0.00593386171386, -0.0102369403467, 0.0210901275277, -0.00911641120911], [-3.1807085179e-05, -0.00015294647892, -0.000892338110134, -0.00188854930457, 0.000324462977005, -0.000476335786516, -0.000501636241097, 0.000294793979265, 0.000388917949749, -0.00291842734441, 0.00481695961207, -0.00911641120911, 0.0202318392694]]
    },
    "spectral_contrast_coeffs": {
        "max": [-0.462312251329, -0.532900571823, -0.505320131779, -0.609728395939, -0.57559132576, -0.669809222221],
        "mean": [-0.695894181728, -0.769259691238, -0.745561659336, -0.794624090195, -0.791718363762, -0.795574843884],
        "min": [-0.884697258472, -0.915025651455, -0.907075047493, -0.894519865513, -0.90399992466, -0.886574149132],
        "stdev": [0.0681208148599, 0.0618549212813, 0.0730055198073, 0.0505703128874, 0.0373167060316, 0.0264552645385]
    },
    "spectral_contrast_valleys": {
        "max": [-5.02086353302, -4.91612291336, -5.0110168457, -5.94211196899, -5.83745288849, -7.02537059784],
        "mean": [-6.40636730194, -6.37801551819, -6.96227645874, -7.30155038834, -7.11118888855, -8.90634250641],
        "min": [-8.43470096588, -7.93349838257, -8.44658184052, -9.39918994904, -9.02034091949, -10.696097374],
        "stdev": [0.548874437809, 0.465938955545, 0.550088644028, 0.424743980169, 0.418245941401, 0.607155740261]
    }
},
"rhythm": {
    "beats_count": 86,
    "beats_loudness": {
        "max": 0.0935704708099,
        "mean": 0.0455240979791,
        "min": 0.020304588601,
        "stdev": 0.0157768446952
    },
    "bpm": 107.235290527,
    "bpm_histogram_first_peak_bpm": 108,
    "bpm_histogram_first_peak_weight": 0.309523761272,
    "bpm_histogram_second_peak_bpm": 103,
    "bpm_histogram_second_peak_spread": 0,
    "bpm_histogram_second_peak_weight": 0.0117647061124,
    "danceability": 1.39488279819,
    "onset_rate": 5.373046875,
    "beats_loudness_band_ratio": {
        "max": [0.859681487083, 0.493234604597, 0.603775978088, 0.614302158356, 0.357066273689, 0.704102814198],
        "mean": [0.351306468248, 0.154906764627, 0.166557371616, 0.136278569698, 0.0759156495333, 0.166887238622],
        "min": [0.00798505730927, 0.0187734682113, 0.0143478307873, 0.00292104063556, 0.00723020825535, 0.0157073382288],
        "stdev": [0.259015709162, 0.116960264742, 0.145747587085, 0.143160939217, 0.0684375613928, 0.14851886034]
    },
