{
"metadata": {
    "version": {
        "essentia": "2.1-beta5",
        "essentia_git_sha": "Undefined",
        "extractor": "music 2.0"
    },
    "audio_properties": {
        "analysis": {
            "equal_loudness": 0,
            "length": 48.7502937317,
            "sample_rate": 44100,
            "start_time": 126.502311707,
            "downmix": "mix"
        },
        "bit_rate": 192000,
        "length": 199.529083252,
        "lossless": 0,
        "number_channels": 2,
        "replay_gain": -4.6785774231,
        "sample_rate": 48000,
        "codec": "mp3",
        "md5_encoded": "c268fa9d6466b151094f11bc05ba6ae8"
    },
    "tags": {
        "file_name": "Albania_Zjarr E Ftohtë_Luiz Ejlli.mp3",
        "encoding": ["Lavf58.29.100"]
    }
},
"lowlevel": {
    "average_loudness": 0.954513728619,
    "barkbands_crest": {
        "max": 23.286939621,
        "mean": 9.71201038361,
        "min": 2.44712662697,
        "stdev": 3.91927266121
    },
    "barkbands_flatness_db": {
        "max": 0.212269946933,
        "mean": 0.0901885777712,
        "min": 0.0161945167929,
        "stdev": 0.032134462148
    },
    "barkbands_kurtosis": {
        "max": 46.5439376831,
        "mean": 1.08700716496,
        "min": -1.91813540459,
        "stdev": 2.7288172245
    },
    "barkbands_skewness": {
        "max": 6.51876926422,
        "mean": 0.951167464256,
        "min": -2.91103386879,
        "stdev": 0.858487844467
    },
    "barkbands_spread": {
        "max": 110.86026001,
        "mean": 32.8030776978,
        "min": 5.66958332062,
        "stdev": 14.6551542282
    },
    "dissonance": {
        "max": 0.499862283468,
        "mean": 0.473801791668,
        "min": 0.33241251111,
        "stdev": 0.0221829842776
    },
    "dynamic_complexity": 2.06384587288,
    "erbbands_crest": {
        "max": 31.4679641724,
        "mean": 12.7447061539,
        "min": 2.60202026367,
        "stdev": 7.21476793289
    },
    "erbbands_flatness_db": {
        "max": 0.27986240387,
        "mean": 0.129169568419,
        "min": 0.0432724431157,
        "stdev": 0.0410817414522
    },
    "erbbands_kurtosis": {
        "max": 27.8056812286,
        "mean": 1.42519247532,
        "min": -1.55303859711,
        "stdev": 3.10830712318
    },
    "erbbands_skewness": {
        "max": 3.97157931328,
        "mean": 0.359257429838,
        "min": -3.99038982391,
        "stdev": 0.753761410713
    },
    "erbbands_spread": {
        "max": 114.137573242,
        "mean": 38.4994697571,
        "min": 4.2687830925,
        "stdev": 18.9376659393
    },
    "hfc": {
        "max": 558.273376465,
        "mean": 35.2692832947,
        "min": 1.32635390759,
        "stdev": 47.6138305664
    },
    "loudness_ebu128": {
        "integrated": -17.6464481354,
        "loudness_range": 3.55013084412,
        "momentary": {
            "max": -14.6656627655,
            "mean": -17.9008235931,
            "min": -21.5103416443,
            "stdev": 1.49788343906
        },
        "short_term": {
            "max": -15.4515476227,
            "mean": -17.8291816711,
            "min": -19.7390499115,
            "stdev": 1.2105666399
        }
    },
    "melbands_crest": {
        "max": 30.2915897369,
        "mean": 13.2961359024,
        "min": 3.3038122654,
        "stdev": 4.5216126442
    },
    "melbands_flatness_db": {
        "max": 0.311956197023,
        "mean": 0.15476180613,
        "min": 0.0238555725664,
        "stdev": 0.0400135479867
    },
    "melbands_kurtosis": {
        "max": 212.981185913,
        "mean": 7.27376317978,
        "min": -1.87636339664,
        "stdev": 10.6015491486
    },
    "melbands_skewness": {
        "max": 12.4888525009,
        "mean": 2.07089829445,
        "min": -1.07840502262,
        "stdev": 1.31084823608
    },
    "melbands_spread": {
        "max": 268.709747314,
        "mean": 35.3803100586,
        "min": 2.38884329796,
        "stdev": 24.6907653809
    },
    "pitch_salience": {
        "max": 0.86066031456,
        "mean": 0.539614975452,
        "min": 0.205034151673,
        "stdev": 0.107367120683
    },
    "silence_rate_20dB": {
        "max": 1,
        "mean": 1,
        "min": 1,
        "stdev": 0
    },
    "silence_rate_30dB": {
        "max": 1,
        "mean": 1,
        "min": 1,
        "stdev": 0
    },
    "silence_rate_60dB": {
        "max": 0,
        "mean": 0,
        "min": 0,
        "stdev": 0
    },
    "spectral_centroid": {
        "max": 5326.19677734,
        "mean": 1628.13708496,
        "min": 331.785675049,
        "stdev": 509.447052002
    },
    "spectral_complexity": {
        "max": 50,
        "mean": 21.4745349884,
        "min": 2,
        "stdev": 9.01110839844
    },
    "spectral_decrease": {
        "max": -3.30166199936e-10,
        "mean": -6.37374597545e-09,
        "min": -4.10710043752e-08,
        "stdev": 3.80359965746e-09
    },
    "spectral_energy": {
        "max": 0.159435898066,
        "mean": 0.027254993096,
        "min": 0.00136642891448,
        "stdev": 0.0156908221543
    },
    "spectral_energyband_high": {
        "max": 0.0647560656071,
        "mean": 0.00211821077392,
        "min": 2.71928456641e-05,
        "stdev": 0.00490246620029
    },
    "spectral_energyband_low": {
        "max": 0.0748909562826,
        "mean": 0.00791899301112,
        "min": 8.66845075507e-05,
        "stdev": 0.00885960273445
    },
    "spectral_energyband_middle_high": {
        "max": 0.0438174083829,
        "mean": 0.00770056014881,
        "min": 0.000531188619789,
        "stdev": 0.00578131014481
    },
    "spectral_energyband_middle_low": {
        "max": 0.149996250868,
        "mean": 0.0104151275009,
        "min": 0.000525977578945,
        "stdev": 0.0109179858118
    },
    "spectral_entropy": {
        "max": 8.9314250946,
        "mean": 7.91847276688,
        "min": 6.94037055969,
        "stdev": 0.294263750315
    },
    "spectral_flux": {
        "max": 0.320135742426,
        "mean": 0.0902207046747,
        "min": 0.0163691155612,
        "stdev": 0.0392598360777
    },
    "spectral_kurtosis": {
        "max": 11.7433757782,
        "mean": 2.67469668388,
        "min": -1.38987910748,
        "stdev": 1.36747324467
    },
    "spectral_rms": {
        "max": 0.0124718565494,
        "mean": 0.00496764434502,
        "min": 0.00115460006054,
        "stdev": 0.00138300703838
    },
    "spectral_rolloff": {
        "max": 13329.0527344,
        "mean": 2112.23095703,
        "min": 107.666015625,
        "stdev": 2069.01708984
    },
    "spectral_skewness": {
        "max": 2.83053207397,
        "mean": 1.34809160233,
        "min": -0.0563310422003,
        "stdev": 0.278717905283
    },
    "spectral_spread": {
        "max": 16652125,
        "mean": 6080934.5,
        "min": 2867862.25,
        "stdev": 1769404.875
    },
    "spectral_strongpeak": {
        "max": 20.5945701599,
        "mean": 1.70544290543,
        "min": 0.0277074817568,
        "stdev": 2.17386603355
    },
    "zerocrossingrate": {
        "max": 0.41064453125,
        "mean": 0.0911731049418,
        "min": 0.01904296875,
        "stdev": 0.0510473102331
    },
    "barkbands": {
        "max": [0.00340727414005, 0.0493426173925, 0.053744032979, 0.04829223454, 0.0998646840453, 0.030768904835, 0.0215774774551, 0.0428701154888, 0.0878406837583, 0.00726057821885, 0.0270828399807, 0.0402386672795, 0.0260549951345, 0.0182276517153, 0.0173597708344, 0.0155739998445, 0.0123559525236, 0.0139294164255, 0.00418677646667, 0.00281357974745, 0.00226639676839, 0.00512754032388, 0.0141806956381, 0.0423185303807, 0.0378379710019, 0.00867947191, 0.00155649101362],
        "mean": [0.000174622764462, 0.00334293022752, 0.00356941879727, 0.00155026465654, 0.00313138891943, 0.000914202013519, 0.000651597511023, 0.00171501259319, 0.00233469135128, 0.00054076150991, 0.000739992887247, 0.00117395457346, 0.00250608287752, 0.000476433691802, 0.000457618036307, 0.000416505296016, 0.000519446330145, 0.000422185345087, 0.000369824760128, 0.000233640501392, 0.00023930115276, 0.000287535804091, 0.00029353343416, 0.000465782475658, 0.000502866168972, 0.000167723643244, 5.76937418373e-05],
        "min": [2.40721416134e-08, 2.31388403336e-05, 6.36546610622e-06, 2.12908980757e-06, 3.10952964355e-05, 7.02810939401e-06, 5.72803992327e-06, 5.9718263401e-06, 9.71699955699e-06, 7.89407295088e-06, 2.68905705525e-06, 1.15428983918e-05, 2.14232277358e-05, 8.08158529253e-06, 2.60830529442e-06, 5.1266315495e-06, 3.3157919006e-06, 2.36935898101e-06, 3.28617875311e-06, 5.52368283024e-06, 6.09929793427e-06, 5.40942801308e-06, 4.26290444011e-06, 3.68188852917e-06, 1.58919283422e-06, 9.34328340918e-07, 2.72763536202e-08],
        "stdev": [0.000343738036463, 0.00417357962579, 0.0054677342996, 0.00208231504075, 0.00487396679819, 0.00185666093603, 0.00155579322018, 0.00496393814683, 0.00642485311255, 0.000631152302958, 0.00176933465991, 0.00262746843509, 0.00375255290419, 0.00109987845644, 0.00111167831346, 0.00108009157702, 0.00108756462578, 0.000634608964901, 0.00039176014252, 0.00027383849374, 0.000204576863325, 0.000247877644142, 0.000743769167457, 0.0019249211764, 0.00235119624995, 0.000538395775948, 0.000140914664371]
    },
    "erbbands": {
        "max": [0.806084871292, 14.1458768845, 51.3216781616, 79.5170516968, 480.131164551, 204.433059692, 355.034240723, 157.711776733, 350.546600342, 462.516448975, 1370.68457031, 2672.23754883, 678.726135254, 794.872009277, 1274.44677734, 1363.50817871, 1304.27172852, 500.384918213, 1012.01708984, 1273.89196777, 986.683410645, 542.319091797, 711.035095215, 315.946624756, 253.503265381, 151.933578491, 97.3925247192, 98.601524353, 141.964981079, 336.255523682, 458.561676025, 1345.32006836, 522.644042969, 571.633239746, 209.181671143, 58.3952407837, 15.4739265442, 1.80721926689, 0.329992860556, 0.0110812531784],
        "mean": [0.0713506639004, 0.871127963066, 3.78987336159, 4.97254705429, 7.69713497162, 11.0274457932, 10.0786161423, 6.15625143051, 8.4525604248, 13.8486881256, 49.8323822021, 63.7454795837, 16.0444602966, 22.1556415558, 37.4494438171, 65.9080505371, 124.42300415, 25.9147415161, 27.976436615, 21.7630271912, 25.5096607208, 26.9077720642, 24.4234466553, 20.1051445007, 17.0927829742, 12.0464963913, 8.39129161835, 10.4493646622, 10.3708457947, 8.58326339722, 8.6602678299, 9.37563419342, 7.9869852066, 6.5051817894, 2.95433950424, 0.931737303734, 0.279471963644, 0.0651702955365, 0.0112974895164, 0.000397469411837],
        "min": [0.000447495724075, 0.00639285286888, 0.038726542145, 0.0696000903845, 0.10005838424, 0.129511862993, 0.0935077890754, 0.136465162039, 0.148393034935, 0.143369197845, 0.176093399525, 0.242733031511, 0.299122929573, 0.421955257654, 1.00664031506, 1.03918671608, 1.26278197765, 0.830313682556, 0.514572620392, 0.217818766832, 0.34705761075, 0.179535031319, 0.144054293633, 0.198222205043, 0.19349463284, 0.237682133913, 0.240585789084, 0.173784404993, 0.172026142478, 0.179558753967, 0.113342642784, 0.0582074597478, 0.0418935380876, 0.020420787856, 0.0107957348228, 0.00670005008578, 0.00118767132517, 0.000147957165609, 8.35836272017e-06, 4.61296531284e-06],
        "stdev": [0.0889705941081, 1.13222920895, 5.51196718216, 6.01050949097, 14.2519130707, 18.4510231018, 20.8005046844, 9.88005161285, 20.8531570435, 32.8159599304, 136.640975952, 181.552627563, 33.4307441711, 32.5793037415, 83.4359436035, 112.843643188, 183.485870361, 35.5104827881, 61.6577224731, 54.942325592, 69.8971176147, 51.4969711304, 34.7260246277, 23.1024284363, 18.4275913239, 14.4906072617, 9.25286865234, 7.80536794662, 8.50914287567, 11.3399333954, 23.8873882294, 48.3055801392, 30.9371681213, 32.0458641052, 13.055109024, 3.4189517498, 0.858264148235, 0.139952555299, 0.0300237629563, 0.00098469434306]
    },
    "gfcc": {
        "mean": [48.4720726013, 53.973110199, -100.766319275, 28.727558136, -50.6959953308, 27.6545848846, -29.7616882324, 3.15251541138, -31.4220123291, -0.448319494724, -14.2682294846, 1.53900146484, -21.3794078827],
        "cov": [[1431.2479248, -489.471557617, 86.2384109497, -216.081481934, -67.0711669922, -351.707824707, -283.256622314, 216.121765137, 154.447296143, -32.6997909546, -161.160522461, -115.764076233, 72.2903900146], [-489.471557617, 573.883117676, -219.037002563, 101.069664001, -18.3457241058, 42.7883071899, 121.375328064, -23.7746391296, 6.94153022766, -18.1158065796, 48.6037788391, 34.2678222656, -38.106086731], [86.2384109497, -219.037002563, 391.17678833, 14.969704628, 49.522026062, 29.6923351288, -29.2242031097, -28.1868267059, -29.1186714172, 9.27778434753, 12.0636091232, -4.7160525322, 16.0475311279], [-216.081481934, 101.069664001, 14.969704628, 211.435302734, 36.4078712463, 112.600074768, 4.1218380928, -49.0224647522, -27.9255523682, 13.063586235, 32.0544471741, 33.3944892883, -4.53285312653], [-67.0711669922, -18.3457241058, 49.522026062, 36.4078712463, 138.363265991, 44.7602539062, 9.28729152679, -57.408531189, -3.66134214401, 9.9569272995, 6.14244937897, 21.8344669342, 9.98489189148], [-351.707824707, 42.7883071899, 29.6923351288, 112.600074768, 44.7602539062, 304.942016602, 127.05696106, -103.377326965, -90.622177124, 35.4894790649, 64.7344360352, 61.5184707642, -37.2713813782], [-283.256622314, 121.375328064, -29.2242031097, 4.1218380928, 9.28729152679, 127.05696106, 247.773269653, -39.2287406921, -41.5292549133, 9.83806800842, 55.622882843, 32.095741272, -51.364490509], [216.121765137, -23.7746391296, -28.1868267059, -49.0224647522, -57.408531189, -103.377326965, -39.2287406921, 166.517852783, 80.3895797729, -8.35790157318, -33.6241912842, -42.5754013062, 10.0624170303], [154.447296143, 6.94153022766, -29.1186714172, -27.9255523682, -3.66134214401, -90.622177124, -41.5292549133, 80.3895797729, 114.5027771, 9.30674171448, -26.5093994141, -31.373872757, 9.23983383179], [-32.6997909546, -18.1158065796, 9.27778434753, 13.063586235, 9.9569272995, 35.4894790649, 9.83806800842, -8.35790157318, 9.30674171448, 62.7209281921, 23.7372894287, 4.85852098465, -10.3789358139], [-161.160522461, 48.6037788391, 12.0636091232, 32.0544471741, 6.14244937897, 64.7344360352, 55.622882843, -33.6241912842, -26.5093994141, 23.7372894287, 79.9703369141, 38.3805923462, -16.3052501678], [-115.764076233, 34.2678222656, -4.7160525322, 33.3944892883, 21.8344669342, 61.5184707642, 32.095741272, -42.5754013062, -31.373872757, 4.85852098465, 38.3805923462, 78.0189743042, 8.34293746948], [72.2903900146, -38.106086731, 16.0475311279, -4.53285312653, 9.98489189148, -37.2713813782, -51.364490509, 10.0624170303, 9.23983383179, -10.3789358139, -16.3052501678, 8.34293746948, 72.0577392578]],
        "icov": [[0.00180947780609, 0.00126188260037, 6.65730767651e-05, 0.000333958800184, 0.000271117867669, 0.000780093832873, 0.000581449479796, -0.00074551947182, -0.000920254678931, 0.000306834030198, 0.00117190228775, -0.000333282834617, 0.000208652229048], [0.00126188260037, 0.00412468472496, 0.00165899202693, -0.00170531822369, 0.00062728888588, 0.00125307694543, -0.00105408451054, 0.000264931964921, -0.0019784916658, 0.00204970408231, -0.000725870137103, -0.000328462920152, 0.000634110532701], [6.65730767651e-05, 0.00165899202693, 0.0037244844716, -0.000773627718445, -0.0010067546973, 9.38555385801e-05, -9.69099564827e-05, 4.65598204755e-05, 0.000457404385088, 0.000688337662723, -0.001797814155, 0.0012750501046, -0.000469065416837], [0.000333958800184, -0.00170531822369, -0.000773627718445, 0.00778105761856, -0.00102943670936, -0.00309323170222, 0.00270525482483, -0.00030150465318, -0.000164330689586, -0.000133202367579, -0.000536926905625, -0.000463020376628, -0.000127925115521], [0.000271117867669, 0.00062728888588, -0.0010067546973, -0.00102943670936, 0.0102973170578, -0.000462058611447, -0.000746968842577, 0.00439814152196, -0.00422184495255, -0.000173797103344, 0.00188483053353, -0.00176303042099, -0.00144636817276], [0.000780093832873, 0.00125307694543, 9.38555385801e-05, -0.00309323170222, -0.000462058611447, 0.00820473767817, -0.00271493080072, 0.000468754267786, 0.00300026452169, -0.00298645580187, 0.000768453464843, -0.00218562455848, 0.00158377294429], [0.000581449479796, -0.00105408451054, -9.69099564827e-05, 0.00270525482483, -0.000746968842577, -0.00271493080072, 0.00756687717512, -0.00110820378177, 0.00033483383595, 0.00104986166116, -0.00213110330515, -0.000406072445912, 0.00297190737911], [-0.00074551947182, 0.000264931964921, 4.65598204755e-05, -0.00030150465318, 0.00439814152196, 0.000468754267786, -0.00110820378177, 0.0126107912511, -0.00739271519706, 0.00146872794721, -0.000173036794877, 0.00178988103289, -0.00114614504855], [-0.000920254678931, -0.0019784916658, 0.000457404385088, -0.000164330689586, -0.00422184495255, 0.00300026452169, 0.00033483383595, -0.00739271519706, 0.0190397519618, -0.00663732038811, 0.00136431399733, 0.0016555035254, -0.000107761174149], [0.000306834030198, 0.00204970408231, 0.000688337662723, -0.000133202367579, -0.000173797103344, -0.00298645580187, 0.00104986166116, 0.00146872794721, -0.00663732038811, 0.022452538833, -0.00785586517304, 0.00204137014225, 0.00170815968886], [0.00117190228775, -0.000725870137103, -0.001797814155, -0.000536926905625, 0.00188483053353, 0.000768453464843, -0.00213110330515, -0.000173036794877, 0.00136431399733, -0.00785586517304, 0.0242688544095, -0.00936388596892, 0.00271767401136], [-0.000333282834617, -0.000328462920152, 0.0012750501046, -0.000463020376628, -0.00176303042099, -0.00218562455848, -0.000406072445912, 0.00178988103289, 0.0016555035254, 0.00204137014225, -0.00936388596892, 0.0219058543444, -0.00615143263713], [0.000208652229048, 0.000634110532701, -0.000469065416837, -0.000127925115521, -0.00144636817276, 0.00158377294429, 0.00297190737911, -0.00114614504855, -0.000107761174149, 0.00170815968886, 0.00271767401136, -0.00615143263713, 0.0189853310585]]
    },
    "melbands": {
        "max": [0.00904072634876, 0.0198870487511, 0.0273570809513, 0.0246058311313, 0.00931347161531, 0.00317328888923, 0.00499111786485, 0.00629918696359, 0.01275660377, 0.0150948576629, 0.00354491593316, 0.00293316878378, 0.00418538227677, 0.0053516891785, 0.00277037289925, 0.00166521687061, 0.00125524762552, 0.00155799125787, 0.00117879395839, 0.00111245550215, 0.00158159970306, 0.00077230745228, 0.000552607234567, 0.000897208519746, 0.000241737230681, 0.000196334265638, 0.000141692522448, 0.000123412071844, 7.3635528679e-05, 6.5365798946e-05, 6.16753386566e-05, 5.38981294085e-05, 0.000147641578224, 0.000219295208808, 0.000335961580276, 0.000828995718621, 0.000682922895066, 0.000406631617807, 0.000788616132922, 0.000403393787565],
        "mean": [0.000796289823484, 0.00167690496892, 0.000931475195102, 0.000711722765118, 0.000375737843569, 0.000142789212987, 0.000130739150336, 0.000173493695911, 0.000454976630863, 0.000356200878741, 6.56377451378e-05, 8.58252751641e-05, 0.000111234090582, 0.000142851451528, 0.00027758354554, 0.000168416445376, 4.00071076001e-05, 4.67957252113e-05, 3.05518806272e-05, 2.62948378804e-05, 3.22384148603e-05, 2.76641021628e-05, 2.68909716397e-05, 1.98644484044e-05, 1.5617479221e-05, 1.40681440826e-05, 9.55138239078e-06, 7.39445795261e-06, 5.14539760843e-06, 4.86277667733e-06, 6.90072647558e-06, 6.00544581175e-06, 5.23688686371e-06, 4.57434634882e-06, 4.84501015308e-06, 5.4638067013e-06, 5.69887333768e-06, 5.26474468643e-06, 6.09391599937e-06, 5.31212072019e-06],
        "min": [5.26017356606e-06, 1.68334991031e-05, 1.59172595886e-05, 1.00374700196e-05, 2.84049247057e-06, 2.20834363063e-06, 2.00909130399e-06, 1.45272690588e-06, 1.85048463663e-06, 1.21980428958e-06, 1.23742995584e-06, 1.51454003117e-06, 1.01247201201e-06, 2.01608213501e-06, 2.73188356914e-06, 2.42394662564e-06, 7.00164832779e-07, 6.12197879946e-07, 1.93570471652e-07, 4.43471691369e-07, 2.67629502559e-07, 1.40029598583e-07, 2.24771241619e-07, 1.06718438531e-07, 1.71653908865e-07, 9.74198286485e-08, 2.35829247686e-07, 1.20523552027e-07, 1.03926851125e-07, 1.39947147204e-07, 9.71323359522e-08, 9.63999653436e-08, 9.58029389153e-08, 8.8900840467e-08, 5.97873395236e-08, 5.49815943884e-08, 2.67799702414e-08, 2.66774762281e-08, 2.17446807227e-08, 1.47281795648e-08],
        "stdev": [0.000951199734118, 0.00221204408444, 0.00110136717558, 0.00115236849524, 0.000665314262733, 0.000240000284975, 0.000318260572385, 0.00044129890739, 0.00117740919814, 0.00104777968954, 0.000158501410624, 0.000125637743622, 0.000257607578533, 0.000333883974236, 0.000381634396035, 0.000234731764067, 7.69661928643e-05, 0.000111221270345, 7.4680945545e-05, 6.04579217907e-05, 0.000103532445792, 6.05994573561e-05, 4.31584521721e-05, 3.35900258506e-05, 1.87366822502e-05, 1.53598884935e-05, 1.12781153803e-05, 9.7948623079e-06, 6.55829671814e-06, 5.31571868123e-06, 5.21385936736e-06, 4.81506185679e-06, 5.53073004994e-06, 7.08770994606e-06, 1.21450793813e-05, 2.84642137558e-05, 2.78205570794e-05, 1.8910779545e-05, 3.22335545206e-05, 2.6626048566e-05]
    },
    "melbands128": {
        "max": [0.00291033415124, 0.00791708007455, 0.0112144006416, 0.0292036756873, 0.0294323209673, 0.0274522546679, 0.0127468127757, 0.0314576439559, 0.0630460307002, 0.0255315322429, 0.0161275025457, 0.0144007261842, 0.0177774522454, 0.0109330853447, 0.00548194348812, 0.00330171152018, 0.0060355681926, 0.00894646253437, 0.00814456027001, 0.00896854698658, 0.0149026680738, 0.0115085765719, 0.0245588421822, 0.0126273930073, 0.0337767004967, 0.0132264308631, 0.0100616626441, 0.0019718722906, 0.00185774080455, 0.00186605902854, 0.00491485185921, 0.00793261453509, 0.00869012344629, 0.00926451198757, 0.00932327471673, 0.0106836864725, 0.00812348630279, 0.00484920432791, 0.00760275730863, 0.00288128247485, 0.00251305336133, 0.00148797174916, 0.00215305294842, 0.00306393578649, 0.00513021089137, 0.00211937632412, 0.00315155507997, 0.00221493700519, 0.00217225588858, 0.00344954081811, 0.00110254099127, 0.000959289027378, 0.0017037197249, 0.00424523372203, 0.00219824491069, 0.00116407161113, 0.000761138799135, 0.0015513348626, 0.00108898500912, 0.000600742350798, 0.00147987075616, 0.000683080463205, 0.000240236608079, 0.000274332676781, 0.000643596460577, 0.000254775746725, 0.000311783922371, 0.000336216267897, 0.000236840030993, 0.000319393613609, 0.000141499316669, 0.000183379801456, 9.57916854532e-05, 0.000139036972541, 7.29636958567e-05, 0.000135612412123, 5.76995225856e-05, 5.38854110346e-05, 8.28419724712e-05, 9.95724039967e-05, 4.48358441645e-05, 7.5735457358e-05, 9.95792070171e-05, 0.000188499412616, 0.000167242586031, 0.000101964673377, 0.000334620039212, 0.000272170174867, 0.000462377356598, 0.000351003662217, 0.000458740425529, 0.00108979071956, 0.00187278527301, 0.000594554468989, 0.000435844558524, 0.000459490984213, 0.000455157860415, 0.000504794938024, 0.00109889730811, 0.00131966627669, 0.000639901089016, 0.000456721551018, 0.0006558909663, 0.000455297005828, 0.00028988433769, 0.00019036429876, 0.000112844631076, 8.29779819469e-05, 0.000145271842484, 0.000120514763694, 0.000168759332155, 0.000105190229078, 4.50850202469e-05, 5.04623312736e-05, 2.4632552595e-05, 2.23747574637e-05, 1.62580017786e-05, 1.21205066534e-05, 1.10572291305e-05, 1.20978838822e-05, 1.39999665407e-05, 1.40759975693e-05, 5.84548570259e-06, 6.74614113905e-07, 5.29897348223e-10, 9.25027388021e-10, 1.21353005422e-09, 1.36424105346e-09],
        "mean": [0.000148337087012, 0.000464790791739, 0.00101440562867, 0.00152672396507, 0.00198399927467, 0.00164687505458, 0.00101410795469, 0.000727045815438, 0.000740576069802, 0.000858999148477, 0.000588032708038, 0.000423774094088, 0.000366268941434, 0.000251744000707, 0.000141390089993, 7.62062045396e-05, 9.28473018575e-05, 0.000175733643118, 0.000128822895931, 0.000122001190903, 0.000192167644855, 0.000326506764395, 0.000543745409232, 0.000461511459434, 0.000602764892392, 0.00019991719455, 6.50921138003e-05, 5.61796550755e-05, 5.09550882271e-05, 0.000110321663669, 7.8379191109e-05, 7.77403984102e-05, 0.000124013065943, 0.00013491154823, 9.52448899625e-05, 0.000184799093404, 0.000162708136486, 9.39642486628e-05, 0.000631087285001, 0.000255950522842, 3.98920346925e-05, 3.66778549505e-05, 3.59679906978e-05, 4.02757541451e-05, 5.58739011467e-05, 4.34817920905e-05, 4.81568895339e-05, 2.40582539845e-05, 2.51780111284e-05, 3.59546975233e-05, 2.31652429648e-05, 2.14525953197e-05, 2.64970403805e-05, 4.45710757049e-05, 3.11829644488e-05, 2.23261158681e-05, 2.37905078393e-05, 3.78155673388e-05, 2.25301228056e-05, 1.84868458746e-05, 2.18239674723e-05, 1.88818539755e-05, 1.60249510373e-05, 1.54385197675e-05, 1.4073985767e-05, 1.37947399708e-05, 1.5439287381e-05, 9.26068059925e-06, 7.32881107979e-06, 1.11594099508e-05, 7.55275141273e-06, 6.07410720477e-06, 4.86302360514e-06, 5.34399350727e-06, 4.5046813284e-06, 5.32302692591e-06, 4.87034185426e-06, 4.14216765421e-06, 8.37418883748e-06, 8.79127492226e-06, 4.80186372442e-06, 5.81815811529e-06, 5.9210155996e-06, 5.08273342348e-06, 4.89179592478e-06, 4.32342949352e-06, 4.81686538478e-06, 4.26232918471e-06, 5.28062173544e-06, 4.60268438474e-06, 5.03484125147e-06, 5.52773917661e-06, 6.66967116558e-06, 5.74488103666e-06, 5.23050812262e-06, 4.90557067678e-06, 5.27839938513e-06, 5.64698439121e-06, 6.19555021331e-06, 6.39614199827e-06, 5.79867628403e-06, 4.94408095619e-06, 5.05197886014e-06, 4.29812507718e-06, 3.33802904606e-06, 2.57452870756e-06, 1.96132327801e-06, 1.68281644619e-06, 1.53737528308e-06, 1.36895414471e-06, 1.25363669667e-06, 1.04089644992e-06, 7.88572776855e-07, 7.1249434086e-07, 5.49482990664e-07, 4.5699513862e-07, 5.35575281901e-07, 4.47925543767e-07, 3.86304321864e-07, 3.84210068205e-07, 3.32601814534e-07, 3.11237215556e-07, 1.56923888994e-07, 6.02089667012e-09, 4.49618987874e-12, 4.43469913569e-12, 4.42663483993e-12, 4.44911121833e-12],
        "min": [1.29612995892e-08, 6.21404126377e-07, 1.19134483612e-06, 6.39525978841e-06, 1.10263999886e-05, 2.55859822573e-06, 2.05169408218e-06, 7.97982522727e-07, 4.62737943963e-06, 4.48613491244e-06, 3.54247549694e-06, 7.10282392902e-07, 6.5407442662e-07, 4.30467565593e-07, 7.55826420118e-07, 2.80707780576e-07, 5.88598538798e-07, 3.0527090189e-07, 4.59987859358e-07, 4.06932258556e-07, 3.82052519399e-07, 7.9870034142e-08, 3.73069497073e-07, 7.03281784808e-07, 6.03869068527e-07, 2.67743132554e-07, 3.37375780646e-07, 2.13907497937e-07, 6.00032251441e-07, 1.16520516258e-06, 9.11551410354e-07, 3.59235968972e-07, 2.4724369041e-07, 4.13159455093e-07, 4.37075669879e-07, 2.17356429744e-07, 5.7707097767e-07, 6.11926225247e-07, 6.86085456891e-07, 5.59739078199e-07, 2.07499823546e-07, 3.16280448942e-07, 1.81700258395e-07, 3.50383800196e-07, 1.14074850899e-07, 1.88139452462e-07, 1.9627323411e-07, 1.51552839611e-07, 9.77093748133e-08, 1.36679048524e-07, 1.50392864384e-07, 1.66319210848e-07, 5.1346759733e-08, 1.23070364566e-07, 5.17673051093e-08, 6.17890094645e-08, 1.6141710546e-07, 2.49309408673e-07, 6.09626980008e-08, 4.5782638125e-08, 9.11447202157e-08, 1.43945158015e-07, 2.24244232072e-07, 1.66473796526e-07, 9.16353428693e-08, 9.44514368939e-08, 1.14697847664e-07, 7.6621049061e-08, 2.27603990766e-07, 9.92316486759e-08, 5.64321993579e-08, 3.44005854913e-08, 2.62002686213e-08, 3.49636870567e-08, 6.60706049871e-08, 1.06158466906e-07, 7.89248844058e-08, 3.96359176591e-08, 9.82435466312e-08, 1.59199942118e-07, 4.94849814459e-08, 1.02645138611e-07, 1.07780635972e-07, 7.8969712547e-08, 1.01613764514e-07, 8.7631946144e-08, 6.43325250849e-08, 3.98987545225e-08, 3.74232982381e-08, 5.99731322382e-08, 4.20787884536e-08, 2.62913886218e-08, 4.67008689498e-08, 2.13422257644e-08, 1.89194278022e-08, 2.21122018473e-08, 2.11272350725e-08, 3.01102325295e-08, 1.38342848288e-08, 1.93264195758e-08, 1.3597396098e-08, 7.88162779486e-09, 6.39321973139e-09, 4.46335413073e-09, 1.02241211053e-08, 5.94711124791e-09, 9.5573335912e-09, 6.42693187558e-09, 2.07793715568e-09, 5.83491255313e-09, 1.55945223401e-09, 2.59043142492e-09, 2.09304085175e-09, 1.35181554839e-09, 8.6953888534e-10, 8.33193958272e-10, 2.73536832074e-10, 2.14111679775e-11, 3.4989621877e-13, 2.37339688918e-13, 2.1255860841e-13, 2.02271101886e-13, 2.33135966045e-13, 1.7511438534e-13, 9.98572155953e-14, 4.94023428394e-14, 7.8329312505e-15, 3.69581518362e-16],
        "stdev": [0.000301073625451, 0.000733380904421, 0.00132512522396, 0.00217849761248, 0.00293625704944, 0.00256299041212, 0.00133764836937, 0.00110858283006, 0.00175248563755, 0.00163171591703, 0.00119833357166, 0.000889844784979, 0.000954301678576, 0.000617119192611, 0.000280144886347, 0.000160057039466, 0.000276578095509, 0.000524449278601, 0.000362570339348, 0.00041127653094, 0.000789193785749, 0.00107328349259, 0.00199662940577, 0.00132839381695, 0.0021309517324, 0.000843608344439, 0.000362418533769, 0.00012399116531, 9.78867174126e-05, 0.000139272757224, 0.000193111234694, 0.000241666421061, 0.000366605614545, 0.000492066901643, 0.000330765498802, 0.000596304133069, 0.000409816362662, 0.000272167322692, 0.00106610835064, 0.000389040564187, 0.000112864763651, 7.20358657418e-05, 8.70027943165e-05, 0.000124841404613, 0.00022840424208, 0.000124940343085, 0.000169247461599, 9.21184036997e-05, 9.17915822356e-05, 0.000139567826409, 5.90455019847e-05, 5.04447925778e-05, 8.78255596035e-05, 0.000234615377849, 0.000110262779344, 6.11260766163e-05, 5.86724672758e-05, 8.19889828563e-05, 4.70998638775e-05, 3.55748925358e-05, 5.04737363372e-05, 3.830253263e-05, 2.3329646865e-05, 2.20864185394e-05, 2.49524418905e-05, 1.75218901859e-05, 2.16800290218e-05, 1.853071808e-05, 1.18256439237e-05, 2.14309693547e-05, 1.12942816486e-05, 1.25750730149e-05, 6.91493232807e-06, 9.25498989091e-06, 6.09796006756e-06, 8.16685042082e-06, 5.63778212381e-06, 4.63779088022e-06, 7.24779238226e-06, 7.99728604761e-06, 5.17175431014e-06, 6.15849057795e-06, 6.67068798066e-06, 6.62421962261e-06, 6.00065050094e-06, 5.65756499782e-06, 9.3116050266e-06, 1.10783212222e-05, 1.39649446282e-05, 1.4270448446e-05, 1.81124160008e-05, 3.57397475454e-05, 5.22048576386e-05, 2.9325054129e-05, 2.03465879167e-05, 1.78800546564e-05, 1.9787948986e-05, 2.54117785516e-05, 3.62189493899e-05, 4.13998350268e-05, 3.1859792216e-05, 2.57970059465e-05, 2.80581425613e-05, 2.16398566408e-05, 1.62267533597e-05, 1.10263108581e-05, 7.49619221097e-06, 6.08281607128e-06, 6.53223241898e-06, 5.42358657185e-06, 5.30937813892e-06, 3.89878414353e-06, 2.2269823603e-06, 2.27838381761e-06, 1.45453316236e-06, 1.03943375507e-06, 1.11063980057e-06, 1.09826532935e-06, 9.91029764918e-07, 1.11999111141e-06, 1.10003259124e-06, 1.01770467609e-06, 4.77464652704e-07, 2.75327263211e-08, 1.97660603163e-11, 2.56864876591e-11, 3.06091749169e-11, 3.33682456666e-11]
    },
    "mfcc": {
        "mean": [-602.010498047, 92.2433395386, 9.7416601181, 12.6048288345, 5.86986875534, 16.9625225067, 11.6284322739, 9.5338344574, -6.92062616348, -3.96756529808, 5.69431591034, 1.42564833164, -3.79060196877],
        "cov": [[1361.23669434, -239.109893799, -108.666694641, -32.7506942749, 90.2288513184, -433.832397461, -300.927093506, -106.743492126, 142.726547241, 129.252182007, -97.4737472534, -46.6095352173, -62.16040802], [-239.109893799, 344.110015869, -105.028411865, 35.043926239, -84.5258102417, 6.48273658752, 9.64992618561, 55.2820243835, -13.3138942719, -14.9847326279, 50.044380188, 0.721389234066, 6.34415912628], [-108.666694641, -105.028411865, 282.556304932, 2.63902997971, 44.6963615417, 59.5501823425, 67.2383956909, -10.0377616882, -26.1188373566, -9.75699615479, -16.9579200745, 18.0275554657, 13.2073326111], [-32.7506942749, 35.043926239, 2.63902997971, 122.936256409, 35.8078384399, -8.29724121094, -22.2893428802, -6.28433036804, 4.20698976517, 2.51886820793, -9.2890253067, 1.16821718216, 4.27077293396], [90.2288513184, -84.5258102417, 44.6963615417, 35.8078384399, 197.718154907, -14.0165128708, -70.7909011841, -53.2325401306, 23.9090080261, 1.95191705227, -53.6548423767, -10.0244188309, 5.04577541351], [-433.832397461, 6.48273658752, 59.5501823425, -8.29724121094, -14.0165128708, 377.767456055, 180.026306152, 54.2422027588, -81.1243743896, -78.7735137939, 29.7835845947, 23.939081192, 36.7511291504], [-300.927093506, 9.64992618561, 67.2383956909, -22.2893428802, -70.7909011841, 180.026306152, 193.267364502, 58.9305686951, -54.9328994751, -44.5455513, 33.0514678955, 22.252155304, 23.807144165], [-106.743492126, 55.2820243835, -10.0377616882, -6.28433036804, -53.2325401306, 54.2422027588, 58.9305686951, 101.746459961, -6.20947360992, -13.8277511597, 33.7182807922, 10.0237627029, 4.25000047684], [142.726547241, -13.3138942719, -26.1188373566, 4.20698976517, 23.9090080261, -81.1243743896, -54.9328994751, -6.20947360992, 81.4738540649, 49.3635559082, -15.9386367798, -13.8269557953, -10.8290185928], [129.252182007, -14.9847326279, -9.75699615479, 2.51886820793, 1.95191705227, -78.7735137939, -44.5455513, -13.8277511597, 49.3635559082, 99.9880599976, 14.8900709152, -3.71265888214, -14.9716949463], [-97.4737472534, 50.044380188, -16.9579200745, -9.2890253067, -53.6548423767, 29.7835845947, 33.0514678955, 33.7182807922, -15.9386367798, 14.8900709152, 98.1670761108, 31.5953941345, -3.72063994408], [-46.6095352173, 0.721389234066, 18.0275554657, 1.16821718216, -10.0244188309, 23.939081192, 22.252155304, 10.0237627029, -13.8269557953, -3.71265888214, 31.5953941345, 66.4011230469, 21.8095817566], [-62.16040802, 6.34415912628, 13.2073326111, 4.27077293396, 5.04577541351, 36.7511291504, 23.807144165, 4.25000047684, -10.8290185928, -14.9716949463, -3.72063994408, 21.8095817566, 56.6636886597]],
        "icov": [[0.0017535086954, 0.00122875371017, 0.000531298748683, 0.000410884560551, 0.000264350965153, 0.00104676780757, 0.00136880029459, -0.000333996664267, -0.000348025059793, -0.00057674117852, 0.000869009236339, -0.000308138289256, 0.00033549091313], [0.00122875371017, 0.0051253894344, 0.00149228062946, -0.00141207396518, 0.00149646366481, 0.000834915554151, 0.00157655181829, -0.00164230877999, 0.000112795336463, 0.000456774287159, -0.00106276548468, 0.000945199630223, -0.000972608337179], [0.000531298748683, 0.00149228062946, 0.00512515148148, -0.000290073163342, -0.00137692911085, 0.000835225859191, -0.00233439868316, 5.69539588469e-05, 0.00142373295967, -0.00118320214096, 0.00119381665718, -0.00120142323431, 0.000300732586766], [0.000410884560551, -0.00141207396518, -0.000290073163342, 0.00949061475694, -0.0019272796344, 0.000116917559353, 0.00100469961762, -0.000272700592177, 0.000394706061343, -0.000878252612893, 0.00112109503243, -0.000884820241481, -8.71841984917e-05], [0.000264350965153, 0.00149646366481, -0.00137692911085, -0.0019272796344, 0.00903680268675, -0.00199352623895, 0.00460370443761, 0.0017496086657, -0.00239822501317, 0.00108649081085, 0.00194551656023, -0.000197202767595, -0.000956162111834], [0.00104676780757, 0.000834915554151, 0.000835225859191, 0.000116917559353, -0.00199352623895, 0.00653845723718, -0.00430921232328, -0.00085488212062, 0.00190606806427, 0.001028681756, -0.00058325950522, 0.00044259391143, -0.000909827882424], [0.00136880029459, 0.00157655181829, -0.00233439868316, 0.00100469961762, 0.00460370443761, -0.00430921232328, 0.015632096678, -0.00384290330112, 0.00136104400735, 0.000182555508218, 0.000298518687487, -0.000132904024213, -0.00172207714058], [-0.000333996664267, -0.00164230877999, 5.69539588469e-05, -0.000272700592177, 0.0017496086657, -0.00085488212062, -0.00384290330112, 0.0151525540277, -0.00475000916049, 0.00276926485822, -0.00339595158584, 3.17849262501e-05, 0.000290210504318], [-0.000348025059793, 0.000112795336463, 0.00142373295967, 0.000394706061343, -0.00239822501317, 0.00190606806427, 0.00136104400735, -0.00475000916049, 0.0236396174878, -0.0102100325748, 0.00421410426497, 0.00101370632183, -0.000287656002911], [-0.00057674117852, 0.000456774287159, -0.00118320214096, -0.000878252612893, 0.00108649081085, 0.001028681756, 0.000182555508218, 0.00276926485822, -0.0102100325748, 0.0181210637093, -0.00654070731252, 0.00103727204259, 0.000617800396867], [0.000869009236339, -0.00106276548468, 0.00119381665718, 0.00112109503243, 0.00194551656023, -0.00058325950522, 0.000298518687487, -0.00339595158584, 0.00421410426497, -0.00654070731252, 0.0189205911011, -0.00886538159102, 0.00477565219626], [-0.000308138289256, 0.000945199630223, -0.00120142323431, -0.000884820241481, -0.000197202767595, 0.00044259391143, -0.000132904024213, 3.17849262501e-05, 0.00101370632183, 0.00103727204259, -0.00886538159102, 0.022497586906, -0.00908671040088], [0.00033549091313, -0.000972608337179, 0.000300732586766, -8.71841984917e-05, -0.000956162111834, -0.000909827882424, -0.00172207714058, 0.000290210504318, -0.000287656002911, 0.000617800396867, 0.00477565219626, -0.00908671040088, 0.0233576670289]]
    },
    "spectral_contrast_coeffs": {
        "max": [-0.409780353308, -0.45049393177, -0.515025258064, -0.581285357475, -0.617411971092, -0.675411522388],
        "mean": [-0.724179029465, -0.781621813774, -0.772331297398, -0.769099891186, -0.785463690758, -0.769092857838],
        "min": [-0.954609334469, -0.925287544727, -0.897943139076, -0.882237493992, -0.889232516289, -0.861093938351],
        "stdev": [0.0608484074473, 0.080948241055, 0.0566774755716, 0.0500967502594, 0.0377049855888, 0.029523678124]
    },
    "spectral_contrast_valleys": {
        "max": [-4.92297506332, -4.93013858795, -5.50618124008, -5.73474121094, -5.92654705048, -6.94540309906],
        "mean": [-6.37534475327, -6.67553472519, -7.03907728195, -7.30557060242, -7.24615812302, -9.29502773285],
        "min": [-7.76577758789, -8.05272102356, -8.41839313507, -8.73903942108, -8.67603206635, -11.2226448059],
        "stdev": [0.410218775272, 0.536206543446, 0.432717740536, 0.484832555056, 0.517039358616, 0.654922187328]
    }
},
"rhythm": {
    "beats_count": 90,
    "beats_loudness": {
        "max": 0.0674628615379,
        "mean": 0.0373662374914,
        "min": 0.0101853078231,
        "stdev": 0.014351548627
    },
    "bpm": 111.96736908,
    "bpm_histogram_first_peak_bpm": 112,
    "bpm_histogram_first_peak_weight": 0.218390822411,
    "bpm_histogram_second_peak_bpm": 120,
    "bpm_histogram_second_peak_spread": 0,
    "bpm_histogram_second_peak_weight": 0.0224719103426,
    "danceability": 1.15105724335,
    "onset_rate": 4.9833984375,
    "beats_loudness_band_ratio": {
        "max": [0.865544438362, 0.668921947479, 0.694127738476, 0.760770320892, 0.440297275782, 0.236537098885],
        "mean": [0.433494359255, 0.119419299066, 0.143537059426, 0.194448888302, 0.0633226856589, 0.0719355717301],
        "min": [0.0810244306922, 0.0180929545313, 0.00405066413805, 0.0152148911729, 0.00655745854601, 0.0132168158889],
        "stdev": [0.218639612198, 0.118758372962, 0.193405255675, 0.199979558587, 0.0726699233055, 0.0403053425252]
    },
