{
"metadata": {
    "version": {
        "essentia": "2.1-beta5",
        "essentia_git_sha": "Undefined",
        "extractor": "music 2.0"
    },
    "audio_properties": {
        "analysis": {
            "equal_loudness": 0,
            "length": 52.2448997498,
            "sample_rate": 44100,
            "start_time": 61.4980506897,
            "downmix": "mix"
        },
        "bit_rate": 192000,
        "length": 177.40045166,
        "lossless": 0,
        "number_channels": 2,
        "replay_gain": -3.80998802185,
        "sample_rate": 48000,
        "codec": "mp3",
        "md5_encoded": "adae7e60dada31b261791fc8753013f8"
    },
    "tags": {
        "file_name": "Belarus_Mum_Polina Smolova.mp3",
        "encoding": ["Lavf58.29.100"]
    }
},
"lowlevel": {
    "average_loudness": 0.966504395008,
    "barkbands_crest": {
        "max": 21.868970871,
        "mean": 8.2029914856,
        "min": 1.69398438931,
        "stdev": 3.81313848495
    },
    "barkbands_flatness_db": {
        "max": 0.20941619575,
        "mean": 0.0844198316336,
        "min": 0.0265274904668,
        "stdev": 0.0286473631859
    },
    "barkbands_kurtosis": {
        "max": 20.4910068512,
        "mean": 0.204291775823,
        "min": -1.92799770832,
        "stdev": 1.96446716785
    },
    "barkbands_skewness": {
        "max": 4.1647977829,
        "mean": 0.704549729824,
        "min": -2.31621575356,
        "stdev": 0.774427175522
    },
    "barkbands_spread": {
        "max": 118.657043457,
        "mean": 39.6286888123,
        "min": 6.32581663132,
        "stdev": 15.9974412918
    },
    "dissonance": {
        "max": 0.499998003244,
        "mean": 0.480142086744,
        "min": 0.36214441061,
        "stdev": 0.0152639774606
    },
    "dynamic_complexity": 1.68949151039,
    "erbbands_crest": {
        "max": 25.9034767151,
        "mean": 8.00720691681,
        "min": 2.09366941452,
        "stdev": 3.97561478615
    },
    "erbbands_flatness_db": {
        "max": 0.248048961163,
        "mean": 0.125544935465,
        "min": 0.0520575270057,
        "stdev": 0.0336441993713
    },
    "erbbands_kurtosis": {
        "max": 26.759967804,
        "mean": 0.265239179134,
        "min": -1.53459584713,
        "stdev": 1.62023150921
    },
    "erbbands_skewness": {
        "max": 2.59244084358,
        "mean": 0.0117171034217,
        "min": -4.76057720184,
        "stdev": 0.624652922153
    },
    "erbbands_spread": {
        "max": 112.887741089,
        "mean": 41.612361908,
        "min": 6.99014091492,
        "stdev": 16.7493095398
    },
    "hfc": {
        "max": 277.065490723,
        "mean": 42.2917442322,
        "min": 2.62600755692,
        "stdev": 32.2788619995
    },
    "loudness_ebu128": {
        "integrated": -18.5504055023,
        "loudness_range": 2.54387664795,
        "momentary": {
            "max": -16.2503929138,
            "mean": -18.6918792725,
            "min": -22.6250133514,
            "stdev": 1.13933849335
        },
        "short_term": {
            "max": -17.067987442,
            "mean": -18.6249370575,
            "min": -21.0950164795,
            "stdev": 0.852821826935
        }
    },
    "melbands_crest": {
        "max": 28.0830001831,
        "mean": 12.2317380905,
        "min": 2.70919394493,
        "stdev": 4.49582958221
    },
    "melbands_flatness_db": {
        "max": 0.299215734005,
        "mean": 0.122852221131,
        "min": 0.0235574282706,
        "stdev": 0.0430144891143
    },
    "melbands_kurtosis": {
        "max": 99.6552505493,
        "mean": 5.90505552292,
        "min": -1.71767234802,
        "stdev": 7.91693973541
    },
    "melbands_skewness": {
        "max": 8.99113559723,
        "mean": 1.96185767651,
        "min": -0.70254945755,
        "stdev": 1.20061910152
    },
    "melbands_spread": {
        "max": 292.966400146,
        "mean": 45.0196456909,
        "min": 4.80838394165,
        "stdev": 27.2977275848
    },
    "pitch_salience": {
        "max": 0.803850829601,
        "mean": 0.580529630184,
        "min": 0.205709993839,
        "stdev": 0.100660122931
    },
    "silence_rate_20dB": {
        "max": 1,
        "mean": 1,
        "min": 1,
        "stdev": 0
    },
    "silence_rate_30dB": {
        "max": 1,
        "mean": 1,
        "min": 1,
        "stdev": 0
    },
    "silence_rate_60dB": {
        "max": 1,
        "mean": 0.000444247009,
        "min": 0,
        "stdev": 0.0210722479969
    },
    "spectral_centroid": {
        "max": 5891.78955078,
        "mean": 2122.86572266,
        "min": 569.517883301,
        "stdev": 601.964660645
    },
    "spectral_complexity": {
        "max": 58,
        "mean": 29.2754325867,
        "min": 1,
        "stdev": 8.98202133179
    },
    "spectral_decrease": {
        "max": -5.72312919278e-10,
        "mean": -6.39332453645e-09,
        "min": -2.27766285832e-08,
        "stdev": 4.08176337174e-09
    },
    "spectral_energy": {
        "max": 0.0934018492699,
        "mean": 0.0279659312218,
        "min": 0.0025593561586,
        "stdev": 0.0166711565107
    },
    "spectral_energyband_high": {
        "max": 0.0296572372317,
        "mean": 0.00285955145955,
        "min": 7.58962778491e-05,
        "stdev": 0.00312779750675
    },
    "spectral_energyband_low": {
        "max": 0.056137803942,
        "mean": 0.00874328333884,
        "min": 1.61021234817e-05,
        "stdev": 0.0104710282758
    },
    "spectral_energyband_middle_high": {
        "max": 0.0562061555684,
        "mean": 0.00937539432198,
        "min": 0.000204873649636,
        "stdev": 0.00813518092036
    },
    "spectral_energyband_middle_low": {
        "max": 0.0555407032371,
        "mean": 0.00816474854946,
        "min": 0.000235715298913,
        "stdev": 0.0073297759518
    },
    "spectral_entropy": {
        "max": 8.91329956055,
        "mean": 8.06737327576,
        "min": 7.24777173996,
        "stdev": 0.251694887877
    },
    "spectral_flux": {
        "max": 0.25948998332,
        "mean": 0.108007542789,
        "min": 0.0314689949155,
        "stdev": 0.0447811596096
    },
    "spectral_kurtosis": {
        "max": 10.2430725098,
        "mean": 2.61129689217,
        "min": -1.18354821205,
        "stdev": 1.28228473663
    },
    "spectral_rms": {
        "max": 0.00954587664455,
        "mean": 0.00500100804493,
        "min": 0.00158016860951,
        "stdev": 0.00150788272731
    },
    "spectral_rolloff": {
        "max": 12618.4570312,
        "mean": 3178.58081055,
        "min": 107.666015625,
        "stdev": 2310.84619141
    },
    "spectral_skewness": {
        "max": 2.41566514969,
        "mean": 1.29789412022,
        "min": -0.11580516398,
        "stdev": 0.270056962967
    },
    "spectral_spread": {
        "max": 14117024,
        "mean": 5915668.5,
        "min": 2782277.25,
        "stdev": 1650944
    },
    "spectral_strongpeak": {
        "max": 12.7004337311,
        "mean": 1.03412854671,
        "min": 0.0305546987802,
        "stdev": 1.33958160877
    },
    "zerocrossingrate": {
        "max": 0.4052734375,
        "mean": 0.112579524517,
        "min": 0.02587890625,
        "stdev": 0.0534502342343
    },
    "barkbands": {
        "max": [0.00164901604876, 0.0460688173771, 0.0369543805718, 0.0213542059064, 0.0287732761353, 0.0305803269148, 0.0409599468112, 0.0240183994174, 0.0327046252787, 0.0379912815988, 0.0264376532286, 0.0223421081901, 0.0391668155789, 0.0277684088796, 0.0159788113087, 0.00961783528328, 0.012619772926, 0.00689298147336, 0.0107244411483, 0.00806288979948, 0.0112227378413, 0.00330863357522, 0.0082841264084, 0.0184715930372, 0.0164400786161, 0.00414410047233, 0.000287017755909],
        "mean": [0.000110022810986, 0.00507030449808, 0.00270576449111, 0.00143908639438, 0.00163193116896, 0.00158134428784, 0.0016830539098, 0.000466810917715, 0.000815494393464, 0.00155261496548, 0.000772933941334, 0.00116424285807, 0.00146492861677, 0.00106651277747, 0.000923219136894, 0.000588910654187, 0.000560625921935, 0.000474395579658, 0.000634151801933, 0.000750788021833, 0.000444028381025, 0.000318262493238, 0.000365322368452, 0.000525528332219, 0.00058309151791, 0.000270164542599, 2.35793322645e-06],
        "min": [9.07989594623e-09, 1.67712983057e-06, 8.59276951815e-07, 8.9579299356e-07, 6.93795982443e-06, 9.17862689676e-06, 6.90371462042e-06, 1.94407357412e-06, 1.11181825559e-05, 5.24175902683e-06, 3.40731844517e-06, 3.30027887685e-06, 5.63600497117e-06, 1.05523195089e-05, 1.04307882793e-05, 5.06512651555e-06, 7.43585769669e-06, 6.58570115775e-06, 1.14451095214e-05, 1.9096849428e-05, 1.12842935778e-05, 6.50889251119e-06, 8.13778478914e-06, 5.79044035476e-06, 4.45089199275e-06, 5.85071063597e-07, 7.64899948935e-11],
        "stdev": [0.000158895461936, 0.00792223773897, 0.00432682363316, 0.00237716687843, 0.00252647371963, 0.00286331446841, 0.00348698161542, 0.00117313361261, 0.00189407018479, 0.00350516382605, 0.00194149708841, 0.00217167311348, 0.00283220759593, 0.00208061747253, 0.00140228995588, 0.00076907069888, 0.000742920092307, 0.000519454071764, 0.000626761699095, 0.000846782699227, 0.000481119321194, 0.000355824886356, 0.000429541367339, 0.00109405722469, 0.00113163446076, 0.000486711302074, 1.21301645777e-05]
    },
    "erbbands": {
        "max": [1.07051360607, 11.7852125168, 34.4752960205, 63.664604187, 72.5940551758, 120.155326843, 141.922546387, 363.994110107, 615.530517578, 721.937194824, 513.885803223, 868.759155273, 945.48046875, 917.387573242, 792.659118652, 949.489929199, 2080.28564453, 1493.29785156, 1019.49603271, 447.295715332, 642.172729492, 782.856811523, 357.310668945, 739.19720459, 296.208892822, 339.20614624, 398.143066406, 424.34664917, 129.033554077, 166.423858643, 267.357086182, 234.320480347, 367.305969238, 199.502426147, 104.184242249, 27.595287323, 6.53613615036, 1.03487360477, 0.0436579100788, 0.00183957163244],
        "mean": [0.101415634155, 1.29287338257, 3.01037693024, 4.64325237274, 4.84496688843, 5.3969244957, 6.68985033035, 14.849773407, 26.234457016, 16.3259849548, 11.1611089706, 18.978925705, 42.3598670959, 40.3255271912, 33.6934432983, 52.6975898743, 70.8711624146, 59.1932678223, 45.1506080627, 44.8180885315, 34.6199874878, 29.3988895416, 25.7250099182, 36.2233543396, 29.3741531372, 37.0156860352, 21.7402076721, 15.3645114899, 12.056728363, 11.3755073547, 9.91145610809, 9.63060760498, 9.45304489136, 7.29855632782, 3.67891907692, 1.35388743877, 0.48595264554, 0.0503153130412, 0.00121609517373, 8.95390621736e-05],
        "min": [2.87347793346e-05, 0.000544355076272, 0.00447627622634, 0.0131163597107, 0.0155851598829, 0.0436542406678, 0.145507290959, 0.0973724126816, 0.115501761436, 0.11750458926, 0.131651625037, 0.200264319777, 0.257695704699, 0.272393226624, 0.226344659925, 0.129750862718, 0.247676104307, 0.90655207634, 0.685381650925, 0.771426200867, 0.415731698275, 0.425230562687, 0.408049315214, 0.607818067074, 0.697466731071, 0.879739463329, 0.726244747639, 0.409299015999, 0.242181867361, 0.266259938478, 0.264287292957, 0.135553851724, 0.0817483365536, 0.0510858893394, 0.0186455100775, 0.00815941207111, 0.000494332809467, 1.97203098651e-05, 4.94781033922e-06, 5.31173418494e-06],
        "stdev": [0.166147023439, 1.99983274937, 4.25932312012, 7.41776418686, 7.02609872818, 9.49177837372, 11.7705421448, 28.3019790649, 53.7101974487, 34.7944068909, 26.893825531, 46.813873291, 99.5060806274, 86.0510635376, 67.4480667114, 90.6587295532, 134.221740723, 109.005813599, 80.8568572998, 46.4392967224, 44.6719932556, 39.8236236572, 27.8064823151, 39.4193344116, 26.3170509338, 41.853225708, 23.7351074219, 17.1641902924, 13.1192903519, 13.2783088684, 12.0842247009, 15.784743309, 22.5964584351, 14.4173650742, 7.4000043869, 2.38996911049, 0.904312312603, 0.107493646443, 0.00304168160073, 0.000122692334116]
    },
    "gfcc": {
        "mean": [57.9766693115, 47.0496368408, -118.806930542, 36.5056495667, -57.6665458679, 27.8178977966, -43.2240524292, 16.5859279633, -33.0092353821, 12.2067222595, -16.759935379, 0.614776790142, -13.9007482529],
        "cov": [[1208.06994629, -364.638214111, 258.354919434, -72.0987243652, 72.7081604004, 49.5869102478, 46.0594482422, 40.627456665, -42.5768661499, 5.48211336136, -71.1127624512, 59.7560958862, -76.4445037842], [-364.638214111, 838.374938965, -197.896286011, 116.775428772, 76.552696228, -9.80926418304, 102.872535706, -21.2239723206, 14.1812553406, -27.7735366821, 51.8598022461, -51.1611022949, 98.5461578369], [258.354919434, -197.896286011, 573.189147949, 105.455307007, 81.1571273804, 22.9055290222, -39.4800682068, 34.2479629517, 25.4948310852, 12.0333042145, -44.1530723572, 54.2888526917, -35.8430213928], [-72.0987243652, 116.775428772, 105.455307007, 272.872619629, 70.2628479004, 14.40878582, 26.3304233551, 17.6231212616, 52.6701087952, 22.7923774719, 14.2893285751, 5.97497701645, 28.6884441376], [72.7081604004, 76.552696228, 81.1571273804, 70.2628479004, 184.168548584, 81.1438751221, 61.9736404419, 33.213180542, -4.26469612122, 10.2698669434, -7.93844175339, -13.8126916885, -10.6857051849], [49.5869102478, -9.80926418304, 22.9055290222, 14.40878582, 81.1438751221, 181.020339966, 109.866149902, 24.7931232452, -17.1415748596, 4.64357089996, 4.04524326324, -17.0538291931, 1.20310151577], [46.0594482422, 102.872535706, -39.4800682068, 26.3304233551, 61.9736404419, 109.866149902, 158.634292603, 28.0522480011, -16.7990512848, 9.0156879425, 7.5809879303, -11.5690317154, 14.8941011429], [40.627456665, -21.2239723206, 34.2479629517, 17.6231212616, 33.213180542, 24.7931232452, 28.0522480011, 99.1147232056, 47.0092658997, 11.9287347794, 8.43292140961, 1.614828825, 6.27772712708], [-42.5768661499, 14.1812553406, 25.4948310852, 52.6701087952, -4.26469612122, -17.1415748596, -16.7990512848, 47.0092658997, 98.4247131348, 32.8767280579, 18.6842975616, 14.2252492905, 7.45192813873], [5.48211336136, -27.7735366821, 12.0333042145, 22.7923774719, 10.2698669434, 4.64357089996, 9.0156879425, 11.9287347794, 32.8767280579, 77.4363250732, 38.5879020691, 15.4797258377, 2.60665559769], [-71.1127624512, 51.8598022461, -44.1530723572, 14.2893285751, -7.93844175339, 4.04524326324, 7.5809879303, 8.43292140961, 18.6842975616, 38.5879020691, 84.9173049927, 19.8185253143, 21.2128868103], [59.7560958862, -51.1611022949, 54.2888526917, 5.97497701645, -13.8126916885, -17.0538291931, -11.5690317154, 1.614828825, 14.2252492905, 15.4797258377, 19.8185253143, 68.992980957, 12.2692556381], [-76.4445037842, 98.5461578369, -35.8430213928, 28.6884441376, -10.6857051849, 1.20310151577, 14.8941011429, 6.27772712708, 7.45192813873, 2.60665559769, 21.2128868103, 12.2692556381, 73.9535064697]],
        "icov": [[0.00123026699293, 0.000363674480468, -0.000302333530271, 0.000329033035086, -0.000437705079094, 0.000398168747779, -0.000861672917381, -0.000389496592106, 0.000511284393724, -0.000200042530196, 0.000740005576517, -0.00108610722236, 0.000573261117097], [0.000363674480468, 0.00278235599399, 0.000135221402161, -2.64074333245e-05, -0.00216417363845, 0.00253717135638, -0.0030669181142, 0.00240456871688, -0.00220259581693, 0.002757770475, -0.00219534756616, 0.00223359791562, -0.00281243701465], [-0.000302333530271, 0.000135221402161, 0.00294512044638, -0.00134768744465, -0.00071033090353, -0.0010947228875, 0.00189208216034, -0.00100743432995, 0.00052868766943, -0.000552751764189, 0.00184322334826, -0.00259303906932, 0.000944832223468], [0.000329033035086, -2.64074333245e-05, -0.00134768744465, 0.00579490512609, -0.00224423711188, 0.00117195607163, -0.0018135268474, 0.00223625567742, -0.00386246806011, 0.000436935661128, -0.000733914785087, 0.00105336273555, -0.00228423927911], [-0.000437705079094, -0.00216417363845, -0.00071033090353, -0.00224423711188, 0.0104499030858, -0.00444944435731, 0.00165606010705, -0.00445189839229, 0.0041238097474, -0.00354394689202, 0.002337269485, -0.000483361131046, 0.00370356836356], [0.000398168747779, 0.00253717135638, -0.0010947228875, 0.00117195607163, -0.00444944435731, 0.0135283293203, -0.0099673140794, 0.0024703363888, -0.00204541138373, 0.00325521850027, -0.00378315965645, 0.00425178837031, -0.00254867249168], [-0.000861672917381, -0.0030669181142, 0.00189208216034, -0.0018135268474, 0.00165606010705, -0.0099673140794, 0.0170709118247, -0.00617755297571, 0.00620403699577, -0.00527388136834, 0.00363208237104, -0.0033698505722, 0.00138241972309], [-0.000389496592106, 0.00240456871688, -0.00100743432995, 0.00223625567742, -0.00445189839229, 0.0024703363888, -0.00617755297571, 0.0193233899772, -0.0127883013338, 0.00532311061397, -0.00409922655672, 0.00436912337318, -0.00449024233967], [0.000511284393724, -0.00220259581693, 0.00052868766943, -0.00386246806011, 0.0041238097474, -0.00204541138373, 0.00620403699577, -0.0127883013338, 0.0225120279938, -0.00939872302115, 0.00341441226192, -0.00464061740786, 0.00353672704659], [-0.000200042530196, 0.002757770475, -0.000552751764189, 0.000436935661128, -0.00354394689202, 0.00325521850027, -0.00527388136834, 0.00532311061397, -0.00939872302115, 0.0232814010233, -0.0114162731916, 0.00190665666014, -0.00118898367509], [0.000740005576517, -0.00219534756616, 0.00184322334826, -0.000733914785087, 0.002337269485, -0.00378315965645, 0.00363208237104, -0.00409922655672, 0.00341441226192, -0.0114162731916, 0.0215333998203, -0.00775536382571, 5.24576680618e-05], [-0.00108610722236, 0.00223359791562, -0.00259303906932, 0.00105336273555, -0.000483361131046, 0.00425178837031, -0.0033698505722, 0.00436912337318, -0.00464061740786, 0.00190665666014, -0.00775536382571, 0.0232997704297, -0.00683624669909], [0.000573261117097, -0.00281243701465, 0.000944832223468, -0.00228423927911, 0.00370356836356, -0.00254867249168, 0.00138241972309, -0.00449024233967, 0.00353672704659, -0.00118898367509, 5.24576680618e-05, -0.00683624669909, 0.0206903144717]]
    },
    "melbands": {
        "max": [0.0115092629567, 0.0140371145681, 0.00987360347062, 0.00592400878668, 0.00405371468514, 0.00729098822922, 0.00861022528261, 0.00752920238301, 0.00495513668284, 0.00542775448412, 0.00521218776703, 0.00405975431204, 0.00266543147154, 0.00229011545889, 0.00411008670926, 0.0037247564178, 0.00259825214744, 0.0018226900138, 0.00116521131713, 0.00063494394999, 0.000920436810702, 0.000715839967597, 0.000505649484694, 0.00044292586972, 0.000733100692742, 0.000223714625463, 0.000219787529204, 0.000290941854473, 0.000270043412456, 0.000173313266714, 0.000237595872022, 7.94186125859e-05, 8.30839198898e-05, 0.000100021832623, 0.000169153106981, 9.77409217739e-05, 0.000203822157346, 0.000248313182965, 0.000215825202758, 0.000177500536665],
        "mean": [0.00121742754709, 0.00166061648633, 0.000794321997091, 0.000369538291125, 0.000236688108998, 0.000342530140188, 0.000390332977986, 0.000156672220328, 9.5309347671e-05, 0.000119367185107, 0.000214480503928, 0.000167627833434, 0.00010972723976, 0.000126213170006, 0.000158182578161, 0.000133291221573, 0.000108241365524, 7.15236237738e-05, 6.39467980363e-05, 4.63118703919e-05, 4.05757054978e-05, 2.98450431728e-05, 2.75134916592e-05, 2.31844660448e-05, 3.06411166093e-05, 2.00948343263e-05, 2.40681110881e-05, 2.39901200985e-05, 1.44583909787e-05, 9.81722769211e-06, 8.87155783857e-06, 6.86386829329e-06, 5.90543504586e-06, 6.69371320328e-06, 5.74990963287e-06, 5.43567057321e-06, 6.06202956988e-06, 6.62687216391e-06, 6.37951279714e-06, 6.21506706011e-06],
        "min": [4.40201006313e-07, 3.07088544105e-06, 2.93966445497e-06, 1.93812320504e-06, 3.46809565599e-06, 1.92781021724e-06, 1.51248173097e-06, 1.06446111658e-06, 1.04000559986e-06, 1.42713167861e-06, 1.10707219392e-06, 9.08541437639e-07, 6.15097178525e-07, 4.13941904753e-07, 3.61556004691e-07, 7.30119779746e-07, 1.8104440187e-06, 8.18508112843e-07, 8.73573753779e-07, 6.80824712163e-07, 5.20007574778e-07, 4.25444824259e-07, 3.68284901242e-07, 3.45840447835e-07, 5.16242437243e-07, 3.89094338971e-07, 5.59240618259e-07, 6.0080486719e-07, 4.45218404366e-07, 2.72209376817e-07, 2.02588523734e-07, 1.64355299148e-07, 7.85056997188e-08, 1.65085140225e-07, 1.33930527113e-07, 8.53921804378e-08, 7.27560447444e-08, 5.62092132839e-08, 4.42966907599e-08, 3.7892203153e-08],
        "stdev": [0.00194767501671, 0.00210279109888, 0.00117852236144, 0.000542597146705, 0.000411359855207, 0.000635160133243, 0.000789983139839, 0.000345900072716, 0.000248559343163, 0.000289337709546, 0.000519195338711, 0.000375387666281, 0.000247934833169, 0.000234900304349, 0.000304337649141, 0.00025405845372, 0.000219782639761, 0.000138859366416, 8.97110658116e-05, 5.16988548043e-05, 5.78111139475e-05, 4.21545009885e-05, 3.74518931494e-05, 2.65048875008e-05, 3.70877787645e-05, 2.00071990548e-05, 2.64768023044e-05, 2.82338496618e-05, 1.76829653356e-05, 1.1145215467e-05, 1.04415148598e-05, 7.65063123254e-06, 7.34332843422e-06, 8.06053958513e-06, 7.13505278327e-06, 7.10895801603e-06, 1.1511955563e-05, 1.63452095876e-05, 1.4919588466e-05, 1.20998674902e-05]
    },
    "melbands128": {
        "max": [0.00148487498518, 0.00792629551142, 0.0202176459134, 0.0203916765749, 0.0176730230451, 0.018623104319, 0.0147728584707, 0.00946455076337, 0.00861833523959, 0.0088473604992, 0.00748104974627, 0.00741856917739, 0.00511231087148, 0.0125857554376, 0.0107399895787, 0.0131195383146, 0.019230755046, 0.0151426792145, 0.0129521526396, 0.0127812298015, 0.00678106956184, 0.00772276800126, 0.00877977628261, 0.0112252989784, 0.00978099927306, 0.00616012699902, 0.00759294722229, 0.00951689668, 0.01204694435, 0.00853710714728, 0.00654549477622, 0.00778210815042, 0.00454003596678, 0.00395991606638, 0.00516565749422, 0.00379556091502, 0.00503101525828, 0.00721520977095, 0.00722328480333, 0.00798740983009, 0.00670890323818, 0.00642636697739, 0.00371651421301, 0.00401495397091, 0.00264503248036, 0.00403385935351, 0.00337503128685, 0.00253141555004, 0.00128300138749, 0.00132675538771, 0.000839513319079, 0.00150287093129, 0.00180344481487, 0.00124400435016, 0.000963483122177, 0.0011207080679, 0.00250688940287, 0.0010776888812, 0.000697939482052, 0.000434020941611, 0.000689158623572, 0.000936496071517, 0.0012812014902, 0.000759700138588, 0.000395193463191, 0.000346705171978, 0.000443087832537, 0.000564430956729, 0.000394592265366, 0.00064366980223, 0.000650728004985, 0.000563398061786, 0.000767392280977, 0.00056899827905, 0.000700003118254, 0.0002077157842, 0.000115619754069, 0.000571752956603, 0.000171561492607, 0.000107453612145, 0.000133781300974, 9.91336055449e-05, 0.000164956756635, 8.90589581104e-05, 0.000202124312636, 0.00016496173339, 0.000139697804116, 0.000166201745742, 0.000134432848427, 0.000241388828726, 0.00011526014714, 0.000107439271233, 0.000121731769468, 0.000222646849579, 0.000353228417225, 0.000200288006454, 0.000277410756098, 0.000439707451733, 0.000228886347031, 0.000198027424631, 0.000212502956856, 0.000191570768948, 0.000192904044525, 0.000194157153601, 0.00017484005366, 0.000144597419421, 6.54197210679e-05, 5.62603090657e-05, 6.65636034682e-05, 5.68091236346e-05, 5.35706167284e-05, 2.71378303296e-05, 2.50891025644e-05, 3.65070300177e-05, 3.82032376365e-05, 1.19611522678e-05, 4.76328432342e-06, 3.19791433867e-06, 2.34698973145e-06, 2.23648453357e-06, 1.37326219374e-06, 1.27662963223e-06, 7.69599580508e-07, 4.19298018528e-08, 1.60738125032e-08, 1.5650046592e-08, 1.53348995724e-08, 1.51547787652e-08],
        "mean": [8.48208073876e-05, 0.000522791116964, 0.00185958249494, 0.00224424013868, 0.00162862753496, 0.00134929642081, 0.0010040064808, 0.000625397777185, 0.000463274423964, 0.000396204763092, 0.000277206447208, 0.000241534857196, 0.000197251079953, 0.000266301969532, 0.00029235490365, 0.000419139803853, 0.000472561514471, 0.000408995780163, 0.000266965973424, 0.00017255837156, 0.000102940997749, 8.38697960717e-05, 8.09018165455e-05, 0.000120576383779, 0.000137325463584, 8.67134003784e-05, 0.000156596681336, 0.000268196628895, 0.000225721363677, 0.00018755873316, 0.000145021258504, 0.000123028046801, 0.000117012335977, 8.52583980304e-05, 0.000111633831693, 0.000143714758451, 0.000146877733641, 0.00011783411901, 0.000220669520786, 0.000164074255736, 9.28499139263e-05, 0.000116842697025, 0.000120024320495, 0.000103340178612, 6.98042931617e-05, 6.91747554811e-05, 7.22465629224e-05, 4.66113269795e-05, 7.63545394875e-05, 6.96479255566e-05, 3.12164447678e-05, 3.43422289006e-05, 4.5464897994e-05, 4.26911210525e-05, 3.34304641001e-05, 2.48694705078e-05, 2.66739498329e-05, 4.0425806219e-05, 2.19298308366e-05, 1.71292467712e-05, 2.09563986573e-05, 2.56807834376e-05, 4.26881597377e-05, 2.80064286926e-05, 1.85761309694e-05, 2.10354955925e-05, 2.06884287763e-05, 1.81750838237e-05, 2.31468493439e-05, 3.5244414903e-05, 2.57583324128e-05, 1.75698569365e-05, 1.71842930285e-05, 1.3580468476e-05, 1.21343737192e-05, 1.02528993011e-05, 9.00370650925e-06, 7.27524957256e-06, 1.04149166873e-05, 8.722741768e-06, 6.25348138783e-06, 6.43992370897e-06, 6.99177644492e-06, 5.29028829988e-06, 5.66703647564e-06, 6.34834350421e-06, 7.57837642595e-06, 6.32499632047e-06, 5.74753084948e-06, 5.1670058383e-06, 5.14155408382e-06, 5.42417365068e-06, 6.13176916886e-06, 5.31850491825e-06, 6.88968248141e-06, 6.60578052702e-06, 6.3454103838e-06, 7.0312353273e-06, 6.37078665022e-06, 6.03384069109e-06, 6.23134201305e-06, 6.41213091512e-06, 6.18778949502e-06, 4.77159665024e-06, 4.38480992671e-06, 3.3264097965e-06, 2.62737876255e-06, 2.36110827245e-06, 2.52429549619e-06, 1.94310359802e-06, 1.82507903901e-06, 1.61998889325e-06, 1.47084824675e-06, 1.65205699432e-06, 1.23750908188e-06, 3.62814404298e-07, 4.880677551e-08, 1.61756261718e-08, 1.47732270861e-08, 1.06436255365e-08, 7.67208607755e-09, 4.93718799177e-09, 2.17660556245e-09, 8.37487787453e-11, 1.13403349211e-11, 1.09113378055e-11, 1.06342365469e-11, 1.05138458703e-11],
        "min": [7.41027517126e-11, 3.09893337658e-08, 1.51946494498e-07, 5.3080248108e-07, 6.369355674e-07, 5.20601645349e-07, 1.59132571298e-06, 3.93561890633e-07, 4.45945033789e-07, 5.17644878073e-07, 4.474612183e-07, 3.41523417546e-07, 3.13972464028e-07, 8.39606173031e-07, 1.33918115353e-06, 4.00068159934e-07, 8.3872612322e-07, 5.80507958148e-07, 6.08854236361e-07, 8.9033835593e-07, 1.43542223441e-07, 8.25240462632e-08, 3.29380952735e-07, 4.71333976293e-07, 7.39058066301e-07, 2.35857015696e-07, 1.61909284202e-07, 3.29682819711e-07, 3.1225067687e-07, 3.862912763e-07, 2.15936040604e-07, 3.22809256659e-07, 6.73803356221e-07, 3.35984992716e-07, 3.60210719919e-07, 1.42679326132e-07, 7.54940145953e-08, 4.33511303299e-07, 4.92787705753e-07, 3.57087344582e-07, 2.85796147637e-07, 7.84998746894e-07, 8.01511021109e-07, 3.3951118894e-07, 3.79152595542e-07, 2.22460982968e-07, 2.15915932245e-07, 2.67077240323e-07, 6.52208484553e-07, 7.40182997561e-07, 2.92197000817e-07, 2.27990398116e-07, 2.42488084723e-07, 5.43262501651e-07, 3.26134738771e-07, 1.7877626135e-07, 2.41918201027e-07, 1.57903173204e-07, 1.55305258431e-07, 3.06839353925e-07, 3.10738016651e-07, 2.65178300651e-07, 1.66880099073e-07, 4.12463180055e-07, 4.68154013333e-07, 2.9433536497e-07, 1.5901458994e-07, 1.91901307289e-07, 2.43766805852e-07, 2.96705621849e-07, 2.53043623388e-07, 3.1242541354e-07, 2.5178104579e-07, 2.14031814494e-07, 1.51377875568e-07, 1.95585158735e-07, 1.18915032488e-07, 7.69172103787e-08, 9.78120482387e-08, 1.54317021384e-07, 9.48621661223e-08, 7.13355490234e-08, 7.05939484646e-08, 3.70815698147e-08, 7.26199260725e-08, 7.01181832596e-08, 8.54690682672e-08, 8.63048867927e-08, 1.00192615093e-07, 5.83349013539e-08, 2.70107616274e-08, 3.06385814497e-08, 5.78201593271e-08, 4.91576983563e-08, 4.99211374461e-08, 5.04030239767e-08, 4.74535468697e-08, 3.70420814022e-08, 3.19139452643e-08, 1.99767224984e-08, 2.0708410986e-08, 1.66940701263e-08, 2.5120273861e-08, 1.16983018827e-08, 6.08882833042e-10, 2.75199885102e-09, 8.79231909501e-10, 1.0709875653e-08, 4.62493021658e-09, 5.46218048569e-09, 2.52117726696e-09, 9.35771682364e-10, 2.52745685492e-10, 1.26055166305e-10, 5.06383858456e-11, 4.19626220707e-13, 3.62833623823e-13, 2.78628736836e-13, 2.3193591687e-13, 2.17739441386e-13, 2.22757657589e-13, 2.05854390066e-13, 2.18140081194e-13, 2.07723839215e-13, 1.62378790969e-13, 6.24074495423e-14, 8.31460585332e-15, 2.68224364753e-16],
        "stdev": [0.000126924045617, 0.000902689353097, 0.00331097678281, 0.00352703058161, 0.00231287279166, 0.00219113403, 0.00171783287078, 0.00101131235715, 0.000748344871681, 0.00064622197533, 0.000588328402955, 0.000582422770094, 0.000416291324655, 0.000677838281263, 0.000717222515959, 0.00102423026692, 0.00113626976963, 0.0011628473876, 0.000743935990613, 0.000474461441627, 0.000311437470373, 0.000249649514444, 0.000337685807608, 0.000418124865973, 0.0004610264441, 0.000301943073282, 0.000435056368588, 0.000785129144788, 0.000831096607726, 0.000540994806215, 0.000470889586722, 0.000403691985412, 0.000350732618244, 0.000282935739961, 0.000319612270687, 0.000345497392118, 0.000370786205167, 0.00038221036084, 0.000538315623999, 0.000443849392468, 0.000282159133349, 0.00032089027809, 0.000317355792504, 0.000293844612315, 0.000187090714462, 0.000212538347114, 0.000221406124183, 0.000133948327857, 0.000103810256405, 9.97698662104e-05, 5.48574098502e-05, 7.30461179046e-05, 9.57563242991e-05, 7.7227356087e-05, 5.31128935108e-05, 4.98623230669e-05, 8.20042405394e-05, 6.80371231283e-05, 4.29595384048e-05, 3.09743045364e-05, 3.2113151974e-05, 4.08064988733e-05, 6.62042002659e-05, 4.04919555876e-05, 2.58236232185e-05, 2.88264200208e-05, 2.76880000456e-05, 2.62054090854e-05, 3.28680253006e-05, 5.96042264078e-05, 3.72206086467e-05, 2.77187991742e-05, 3.17351041303e-05, 2.11515434785e-05, 2.07775992749e-05, 1.29561412905e-05, 1.15709835882e-05, 1.51392850967e-05, 1.32607628984e-05, 1.10969713205e-05, 9.29432462726e-06, 8.44416899781e-06, 1.00821453088e-05, 6.6256111495e-06, 1.02389794847e-05, 9.26636403165e-06, 1.00128745544e-05, 8.37459174363e-06, 7.41869143894e-06, 8.2355863924e-06, 7.30644660507e-06, 8.23608206701e-06, 9.04543503566e-06, 1.11521194412e-05, 1.70176135725e-05, 1.50383866639e-05, 1.84757227544e-05, 1.97343215405e-05, 1.62282303791e-05, 1.4221442143e-05, 1.2338851775e-05, 1.32952063723e-05, 1.29872578327e-05, 1.1068904314e-05, 1.02591784525e-05, 7.07714252712e-06, 4.80595053887e-06, 4.45651858172e-06, 5.04670151713e-06, 3.87413274439e-06, 3.58671923095e-06, 2.93091238746e-06, 2.96719849757e-06, 3.75234958483e-06, 3.06302786157e-06, 9.12551001875e-07, 2.07928550822e-07, 1.00587300267e-07, 1.0537301165e-07, 8.55511217424e-08, 6.30364169751e-08, 4.82655764245e-08, 2.67171849089e-08, 1.41907585682e-09, 3.38882311102e-10, 3.29956340028e-10, 3.23319315765e-10, 3.19525850223e-10]
    },
    "mfcc": {
        "mean": [-583.467407227, 79.441444397, -1.50816047192, 14.3914165497, 9.12558174133, 7.35546636581, 8.60226726532, -0.851485490799, -0.969653666019, 3.69019794464, -0.223860651255, 0.787996411324, 2.36115241051],
        "cov": [[1019.34979248, -183.468933105, 13.6388874054, -49.3258705139, -17.1390209198, 11.3090429306, 48.5735816956, 50.6737518311, 20.1226139069, -9.41349697113, 11.639216423, -2.36668634415, -6.00884389877], [-183.468933105, 562.624389648, -120.579177856, 67.8202056885, -10.3108072281, 32.6605148315, 64.2894897461, 12.6195802689, 10.1926593781, 22.1076183319, -28.833278656, -25.3526172638, -2.84192919731], [13.6388874054, -120.579177856, 382.435668945, 81.4120101929, 96.130065918, 16.1568260193, -37.5727081299, 20.1520252228, 21.7418365479, -10.5906181335, -1.82596719265, 17.4948921204, 9.34441184998], [-49.3258705139, 67.8202056885, 81.4120101929, 242.012420654, 69.3322067261, 29.10587883, -19.0271778107, 0.483066737652, 33.5469741821, 2.99191021919, -3.59846711159, 28.8261184692, 21.7987384796], [-17.1390209198, -10.3108072281, 96.130065918, 69.3322067261, 161.699188232, 14.4729709625, 4.21207857132, 21.7237033844, 29.1612472534, 18.9435977936, 8.06483078003, 17.856010437, 14.1940937042], [11.3090429306, 32.6605148315, 16.1568260193, 29.10587883, 14.4729709625, 154.208786011, 90.987449646, 31.9591255188, 15.3895244598, 19.2134609222, 20.225944519, -8.18067741394, -7.82225847244], [48.5735816956, 64.2894897461, -37.5727081299, -19.0271778107, 4.21207857132, 90.987449646, 180.762298584, 48.3934669495, 24.4753189087, 33.178691864, 20.5167922974, -14.4490833282, -2.49757456779], [50.6737518311, 12.6195802689, 20.1520252228, 0.483066737652, 21.7237033844, 31.9591255188, 48.3934669495, 91.4656829834, 40.233959198, 13.8541889191, 10.7046918869, 1.09031784534, -5.57864379883], [20.1226139069, 10.1926593781, 21.7418365479, 33.5469741821, 29.1612472534, 15.3895244598, 24.4753189087, 40.233959198, 92.3200836182, 30.4701976776, 7.4467959404, 13.6471414566, 5.47137212753], [-9.41349697113, 22.1076183319, -10.5906181335, 2.99191021919, 18.9435977936, 19.2134609222, 33.178691864, 13.8541889191, 30.4701976776, 69.8495635986, 22.871383667, 2.04012918472, 4.88455820084], [11.639216423, -28.833278656, -1.82596719265, -3.59846711159, 8.06483078003, 20.225944519, 20.5167922974, 10.7046918869, 7.4467959404, 22.871383667, 68.5027160645, 24.3533267975, 8.60873889923], [-2.36668634415, -25.3526172638, 17.4948921204, 28.8261184692, 17.856010437, -8.18067741394, -14.4490833282, 1.09031784534, 13.6471414566, 2.04012918472, 24.3533267975, 78.8505020142, 33.5845832825], [-6.00884389877, -2.84192919731, 9.34441184998, 21.7987384796, 14.1940937042, -7.82225847244, -2.49757456779, -5.57864379883, 5.47137212753, 4.88455820084, 8.60873889923, 33.5845832825, 64.4120101929]],
        "icov": [[0.00110866397154, 0.000419171585236, 4.67799109174e-05, 8.53029632708e-06, 0.000168774844497, 0.000128181447508, -0.000387775071431, -0.000548683397938, -0.000143701443449, 0.000289522489766, 2.51227575063e-05, 8.92276366358e-05, -3.15666839015e-05], [0.000419171585236, 0.00242930348031, 0.000832462974358, -0.00104895525146, 0.000167290170793, 5.85675916227e-05, -0.00082926498726, -0.000547758711036, 0.000270453572739, -0.000634355528746, 0.00125337298959, 0.000442066753749, -0.000101711273601], [4.67799109174e-05, 0.000832462974358, 0.00365470559336, -0.000802635913715, -0.00169655412901, -0.000699183729012, 0.00084010529099, -0.000837012543343, -0.000152481617988, 0.000681933248416, 0.000430868851254, 0.000169738807017, -0.000153287386638], [8.53029632708e-06, -0.00104895525146, -0.000802635913715, 0.0060559855774, -0.00175332615618, -0.00186280405615, 0.00142034946475, 0.00126255210489, -0.0020172575023, 0.000822267495096, 0.000536323583219, -0.00138249737211, -0.000895825331099], [0.000168774844497, 0.000167290170793, -0.00169655412901, -0.00175332615618, 0.00853686779737, 0.000318791338941, -0.000288000301225, -0.00130265729968, -0.000349710171577, -0.00202715187334, 6.45273612463e-05, -0.000475472072139, -0.00068115349859], [0.000128181447508, 5.85675916227e-05, -0.000699183729012, -0.00186280405615, 0.000318791338941, 0.0104209864512, -0.00517171714455, -0.000873629236594, 0.000716695096344, -0.000115120164992, -0.00205892045051, 0.000826104776934, 0.00145777966827], [-0.000387775071431, -0.00082926498726, 0.00084010529099, 0.00142034946475, -0.000288000301225, -0.00517171714455, 0.0102781197056, -0.00294706923887, -0.000437281065388, -0.00197224318981, -0.000887439004146, 0.00155126664322, -0.00160014629364], [-0.000548683397938, -0.000547758711036, -0.000837012543343, 0.00126255210489, -0.00130265729968, -0.000873629236594, -0.00294706923887, 0.0165301766247, -0.00649208109826, 0.00180060497951, -0.00139854766894, -0.000328920548782, 0.00189047434833], [-0.000143701443449, 0.000270453572739, -0.000152481617988, -0.0020172575023, -0.000349710171577, 0.000716695096344, -0.000437281065388, -0.00649208109826, 0.0169428829104, -0.00674385391176, 0.00229481840506, -0.00263074645773, 0.000425409001764], [0.000289522489766, -0.000634355528746, 0.000681933248416, 0.000822267495096, -0.00202715187334, -0.000115120164992, -0.00197224318981, 0.00180060497951, -0.00674385391176, 0.0209466312081, -0.00672105699778, 0.00270925555378, -0.00139591761399], [2.51227575063e-05, 0.00125337298959, 0.000430868851254, 0.000536323583219, 6.45273612463e-05, -0.00205892045051, -0.000887439004146, -0.00139854766894, 0.00229481840506, -0.00672105699778, 0.0207022670656, -0.00716536212713, 0.000677741249092], [8.92276366358e-05, 0.000442066753749, 0.000169738807017, -0.00138249737211, -0.000475472072139, 0.000826104776934, 0.00155126664322, -0.000328920548782, -0.00263074645773, 0.00270925555378, -0.00716536212713, 0.0201282911003, -0.00881142821163], [-3.15666839015e-05, -0.000101711273601, -0.000153287386638, -0.000895825331099, -0.00068115349859, 0.00145777966827, -0.00160014629364, 0.00189047434833, 0.000425409001764, -0.00139591761399, 0.000677741249092, -0.00881142821163, 0.0208452939987]]
    },
    "spectral_contrast_coeffs": {
        "max": [-0.445319890976, -0.486840158701, -0.53778553009, -0.584656178951, -0.64827311039, -0.624430656433],
        "mean": [-0.733061909676, -0.7673407197, -0.767180979252, -0.784203469753, -0.788309335709, -0.784149289131],
        "min": [-0.896221101284, -0.936620652676, -0.917907118797, -0.89468729496, -0.864221394062, -0.852105021477],
        "stdev": [0.0582111030817, 0.0712689161301, 0.0672366172075, 0.0451276749372, 0.0300743263215, 0.0303725190461]
    },
    "spectral_contrast_valleys": {
        "max": [-5.15872716904, -5.19941568375, -5.51832485199, -5.76950311661, -5.49017953873, -7.41590499878],
        "mean": [-6.62523317337, -6.57489109039, -6.98013830185, -6.89665079117, -6.75984239578, -8.96776294708],
        "min": [-9.07082176208, -8.21921539307, -8.60656642914, -8.57941818237, -8.29230213165, -10.8701248169],
        "stdev": [0.598401367664, 0.427301615477, 0.463679850101, 0.359501868486, 0.372074604034, 0.603689014912]
    }
},
"rhythm": {
    "beats_count": 110,
    "beats_loudness": {
        "max": 0.084806509316,
        "mean": 0.0387538895011,
        "min": 0.00956969428807,
        "stdev": 0.0168290231377
    },
    "bpm": 127.028404236,
    "bpm_histogram_first_peak_bpm": 126,
    "bpm_histogram_first_peak_weight": 0.330097079277,
    "bpm_histogram_second_peak_bpm": 133,
    "bpm_histogram_second_peak_spread": 0.5,
    "bpm_histogram_second_peak_weight": 0.0275229364634,
    "danceability": 1.32035791874,
    "onset_rate": 4.8797750473,
    "beats_loudness_band_ratio": {
        "max": [0.792595088482, 0.729769706726, 0.730904400349, 0.654376924038, 0.341094523668, 0.503945112228],
        "mean": [0.3502202034, 0.121561169624, 0.139938205481, 0.190113574266, 0.109414190054, 0.138083174825],
        "min": [0.00880562327802, 0.00978761538863, 0.0166090857238, 0.0137724215165, 0.0252660568804, 0.0265342537314],
        "stdev": [0.231222450733, 0.125374704599, 0.124659217894, 0.159027248621, 0.0679839998484, 0.092637129128]
    },
