{
"metadata": {
    "version": {
        "essentia": "2.1-beta5",
        "essentia_git_sha": "Undefined",
        "extractor": "music 2.0"
    },
    "audio_properties": {
        "analysis": {
            "equal_loudness": 0,
            "length": 48.7502937317,
            "sample_rate": 44100,
            "start_time": 61.4980506897,
            "downmix": "mix"
        },
        "bit_rate": 192000,
        "length": 194.45552063,
        "lossless": 0,
        "number_channels": 2,
        "replay_gain": -1.18635749817,
        "sample_rate": 48000,
        "codec": "mp3",
        "md5_encoded": "c0268cb9369abae7d6f7672c40c280bf"
    },
    "tags": {
        "file_name": "Romania_Tornero_Mihai Traistariu.mp3",
        "encoding": ["Lavf58.29.100"]
    }
},
"lowlevel": {
    "average_loudness": 0.916970610619,
    "barkbands_crest": {
        "max": 25.533946991,
        "mean": 11.9462165833,
        "min": 2.40203118324,
        "stdev": 4.66400527954
    },
    "barkbands_flatness_db": {
        "max": 0.282407402992,
        "mean": 0.113858416677,
        "min": 0.0108063509688,
        "stdev": 0.0465850271285
    },
    "barkbands_kurtosis": {
        "max": 132.331466675,
        "mean": 5.35239028931,
        "min": -1.90949094296,
        "stdev": 10.161611557
    },
    "barkbands_skewness": {
        "max": 9.26799488068,
        "mean": 1.4846944809,
        "min": -2.44281148911,
        "stdev": 1.40587615967
    },
    "barkbands_spread": {
        "max": 118.865112305,
        "mean": 29.9005279541,
        "min": 1.38291573524,
        "stdev": 19.9541320801
    },
    "dissonance": {
        "max": 0.499917030334,
        "mean": 0.461807668209,
        "min": 0.286625176668,
        "stdev": 0.0311361141503
    },
    "dynamic_complexity": 2.59732460976,
    "erbbands_crest": {
        "max": 30.7453327179,
        "mean": 11.5170249939,
        "min": 2.72719502449,
        "stdev": 6.10859107971
    },
    "erbbands_flatness_db": {
        "max": 0.304790437222,
        "mean": 0.127822101116,
        "min": 0.0394149683416,
        "stdev": 0.0466706603765
    },
    "erbbands_kurtosis": {
        "max": 43.2561759949,
        "mean": 2.85049128532,
        "min": -1.65565693378,
        "stdev": 4.77522230148
    },
    "erbbands_skewness": {
        "max": 5.32994031906,
        "mean": 0.765838027,
        "min": -4.25061845779,
        "stdev": 1.10156476498
    },
    "erbbands_spread": {
        "max": 124.482620239,
        "mean": 35.9879074097,
        "min": 2.87115716934,
        "stdev": 20.0042648315
    },
    "hfc": {
        "max": 352.292877197,
        "mean": 36.7010803223,
        "min": 1.03215181828,
        "stdev": 33.0964698792
    },
    "loudness_ebu128": {
        "integrated": -21.3731155396,
        "loudness_range": 4.17380332947,
        "momentary": {
            "max": -18.2722873688,
            "mean": -21.7928714752,
            "min": -29.2127590179,
            "stdev": 2.08787322044
        },
        "short_term": {
            "max": -19.1714286804,
            "mean": -21.6486587524,
            "min": -25.1510276794,
            "stdev": 1.49991428852
        }
    },
    "melbands_crest": {
        "max": 38.4565696716,
        "mean": 16.3881092072,
        "min": 3.11990952492,
        "stdev": 6.1092414856
    },
    "melbands_flatness_db": {
        "max": 0.376197248697,
        "mean": 0.189168438315,
        "min": 0.0422441475093,
        "stdev": 0.0627273097634
    },
    "melbands_kurtosis": {
        "max": 255.662780762,
        "mean": 14.0987272263,
        "min": -1.77539336681,
        "stdev": 22.8777103424
    },
    "melbands_skewness": {
        "max": 14.2498397827,
        "mean": 2.40829324722,
        "min": -1.83026444912,
        "stdev": 1.92802679539
    },
    "melbands_spread": {
        "max": 290.00769043,
        "mean": 29.3569831848,
        "min": 1.11537075043,
        "stdev": 25.772983551
    },
    "pitch_salience": {
        "max": 0.870091795921,
        "mean": 0.490496367216,
        "min": 0.0658228769898,
        "stdev": 0.118743695319
    },
    "silence_rate_20dB": {
        "max": 1,
        "mean": 1,
        "min": 1,
        "stdev": 0
    },
    "silence_rate_30dB": {
        "max": 1,
        "mean": 0.999524056911,
        "min": 0,
        "stdev": 0.0218114424497
    },
    "silence_rate_60dB": {
        "max": 1,
        "mean": 0.000951927679125,
        "min": 0,
        "stdev": 0.0308388955891
    },
    "spectral_centroid": {
        "max": 6941.88525391,
        "mean": 1432.87255859,
        "min": 251.020797729,
        "stdev": 711.331787109
    },
    "spectral_complexity": {
        "max": 46,
        "mean": 17.9519271851,
        "min": 0,
        "stdev": 7.53883266449
    },
    "spectral_decrease": {
        "max": -1.1719626658e-10,
        "mean": -7.96474708409e-09,
        "min": -2.90939894398e-08,
        "stdev": 4.49173409578e-09
    },
    "spectral_energy": {
        "max": 0.118504934013,
        "mean": 0.0333897098899,
        "min": 0.000589570321608,
        "stdev": 0.0179671682417
    },
    "spectral_energyband_high": {
        "max": 0.0351194776595,
        "mean": 0.00195133546367,
        "min": 1.00055231087e-05,
        "stdev": 0.00307971402071
    },
    "spectral_energyband_low": {
        "max": 0.082466237247,
        "mean": 0.01167287305,
        "min": 4.87977740704e-05,
        "stdev": 0.0106607312337
    },
    "spectral_energyband_middle_high": {
        "max": 0.0842094868422,
        "mean": 0.00957649201155,
        "min": 0.000177217269083,
        "stdev": 0.0120130339637
    },
    "spectral_energyband_middle_low": {
        "max": 0.107959017158,
        "mean": 0.0110553670675,
        "min": 8.55867547216e-05,
        "stdev": 0.0126588912681
    },
    "spectral_entropy": {
        "max": 9.00233268738,
        "mean": 7.83922290802,
        "min": 6.08955955505,
        "stdev": 0.444324105978
    },
    "spectral_flux": {
        "max": 0.276683777571,
        "mean": 0.1001201123,
        "min": 0.0227639712393,
        "stdev": 0.0420696176589
    },
    "spectral_kurtosis": {
        "max": 14.8818893433,
        "mean": 3.55712461472,
        "min": -1.23515594006,
        "stdev": 2.06366038322
    },
    "spectral_rms": {
        "max": 0.0107524218038,
        "mean": 0.00547697022557,
        "min": 0.000758413167205,
        "stdev": 0.00160564214457
    },
    "spectral_rolloff": {
        "max": 15030.1757812,
        "mean": 1913.55200195,
        "min": 43.06640625,
        "stdev": 2355.85961914
    },
    "spectral_skewness": {
        "max": 3.2488079071,
        "mean": 1.66280794144,
        "min": -0.297918051481,
        "stdev": 0.417436271906
    },
    "spectral_spread": {
        "max": 15007623,
        "mean": 6887787.5,
        "min": 3381884.25,
        "stdev": 1806322.25
    },
    "spectral_strongpeak": {
        "max": 13.6594362259,
        "mean": 1.60974740982,
        "min": 0,
        "stdev": 2.24771213531
    },
    "zerocrossingrate": {
        "max": 0.45361328125,
        "mean": 0.0861083194613,
        "min": 0.00830078125,
        "stdev": 0.0560762546957
    },
    "barkbands": {
        "max": [0.0268380884081, 0.0735551714897, 0.0273526795208, 0.0402538590133, 0.102970212698, 0.0304742641747, 0.0351440608501, 0.085799343884, 0.0992233082652, 0.0817269161344, 0.0510410740972, 0.0706370994449, 0.012886941433, 0.0354525968432, 0.0179414153099, 0.0241198521107, 0.0193932615221, 0.00792799331248, 0.00594871630892, 0.0154675571248, 0.00643303757533, 0.00677081849426, 0.00874138157815, 0.0123109575361, 0.0232452563941, 0.0049128420651, 0.00486434018239],
        "mean": [0.000833597383462, 0.00868197344244, 0.00162616069429, 0.00140989699867, 0.00331497634761, 0.000941414153203, 0.000534257094841, 0.00146575830877, 0.0026457211934, 0.00328554515727, 0.00122752017342, 0.00107924453914, 0.000656496267766, 0.00131875497755, 0.000569231517147, 0.000821956666186, 0.00045178597793, 0.000255112216109, 0.000235122803133, 0.000197097702767, 0.000149747691466, 0.000193206229596, 0.000225280149607, 0.000399658107199, 0.000550999538973, 0.000250764860539, 6.84463666403e-05],
        "min": [8.26245027952e-08, 6.40492635284e-06, 1.87949660813e-06, 8.39225492655e-07, 4.27652548751e-06, 1.18134894365e-05, 3.33816024067e-06, 3.58032684744e-06, 6.70089457344e-06, 8.46520106279e-06, 4.11800692746e-06, 2.69362567451e-06, 6.03918124398e-06, 3.19245395985e-06, 5.70202610106e-06, 3.59459727406e-06, 3.27784118781e-06, 4.06651724916e-06, 3.62210539606e-06, 1.67613472968e-06, 1.14526028483e-06, 9.80868094302e-07, 9.94772221929e-07, 1.37671986522e-06, 7.1490933351e-07, 2.99413699167e-07, 1.5099377304e-09],
        "stdev": [0.00230712606572, 0.00912453699857, 0.00296123838052, 0.00296486844309, 0.0073033827357, 0.00220566638745, 0.001497875317, 0.00564043037593, 0.0068572233431, 0.00938840582967, 0.00436394382268, 0.00279005640186, 0.00118484161794, 0.00310590281151, 0.00140045455191, 0.00231098616496, 0.00129757332616, 0.000514622428454, 0.000439938274212, 0.000529520213604, 0.000281163840555, 0.000351314636646, 0.000438956107246, 0.000783508527093, 0.0013741456205, 0.000414743437432, 0.000181943803909]
    },
    "erbbands": {
        "max": [4.10468530655, 11.7828912735, 29.5547180176, 53.3207702637, 209.508728027, 503.278137207, 262.132110596, 326.348114014, 465.526977539, 702.874816895, 2330.71899414, 2305.39404297, 1736.41271973, 1553.63183594, 2047.88769531, 2893.0949707, 997.733581543, 1601.11962891, 1360.16174316, 1184.53845215, 1665.05236816, 697.187316895, 362.132537842, 446.582092285, 474.839935303, 814.981872559, 409.616271973, 192.139389038, 197.170410156, 339.133270264, 239.290557861, 216.54649353, 199.364486694, 279.229309082, 151.020233154, 20.3416233063, 10.2082920074, 4.60252761841, 0.766741573811, 0.0168102234602],
        "mean": [0.306230992079, 1.71159803867, 2.07425308228, 3.64852523804, 8.52701568604, 10.5109786987, 9.65639019012, 7.69151687622, 8.65633392334, 12.2696971893, 37.7298126221, 58.1923027039, 102.650558472, 63.6653137207, 55.018737793, 40.945400238, 33.1361160278, 56.6833572388, 41.2165031433, 37.2475357056, 46.2480049133, 26.0580463409, 15.8905391693, 12.24243927, 10.6872797012, 9.56216239929, 7.08093309402, 5.71813106537, 6.51472139359, 6.62913608551, 6.6355381012, 7.62387943268, 7.25049781799, 6.48012399673, 3.60211396217, 1.32205402851, 0.415977358818, 0.0961254611611, 0.0135395340621, 0.000465496355901],
        "min": [0.000241003348492, 0.00204149098136, 0.0171275828034, 0.0156778041273, 0.0339520163834, 0.0354743786156, 0.0420749336481, 0.0895735248923, 0.0335585512221, 0.103245601058, 0.294241994619, 0.401357114315, 0.307324618101, 0.307723611593, 0.261380970478, 0.133551836014, 0.310245335102, 0.212325900793, 0.320922315121, 0.240358427167, 0.224899053574, 0.246699541807, 0.229321867228, 0.197447583079, 0.227037966251, 0.107130348682, 0.0447915270925, 0.0375236980617, 0.0351567156613, 0.0353966467083, 0.0270663276315, 0.0248030312359, 0.018147950992, 0.0104180686176, 0.0032391322311, 0.00175794982351, 0.000517198815942, 0.000125429651234, 7.77503373683e-06, 5.10433028467e-06],
        "stdev": [0.435912340879, 1.73423719406, 3.01348853111, 6.11666631699, 22.4391460419, 28.963968277, 23.4572925568, 19.6118659973, 21.0035762787, 36.3692474365, 132.500335693, 155.764526367, 229.306213379, 173.980911255, 156.259368896, 101.58341217, 56.5338020325, 145.141448975, 80.5187988281, 87.9991455078, 145.844192505, 64.0028610229, 31.0265884399, 21.0028610229, 23.4403743744, 26.2573833466, 15.7140378952, 9.7691078186, 11.2949638367, 14.5693702698, 12.5671415329, 13.1857814789, 15.8341779709, 17.5142745972, 8.38494968414, 2.10219335556, 0.756151556969, 0.21347334981, 0.0333914607763, 0.000961559999269]
    },
    "gfcc": {
        "mean": [42.4013710022, 48.0553741455, -89.2188720703, 12.8013544083, -42.298789978, 30.9519081116, -30.1714076996, 19.2280349731, -23.2434425354, 5.20201349258, -17.6675624847, 1.65784132481, -9.47758293152],
        "cov": [[1917.9888916, -882.493041992, -155.306945801, -51.5357246399, -26.2112236023, 258.821380615, 46.4517211914, 57.7390975952, 24.5518264771, 41.3217430115, -130.151748657, -18.2669944763, -18.6794052124], [-882.493041992, 981.495300293, 132.561599731, 60.3774108887, 27.3824653625, -168.872772217, -23.9220962524, -55.2760276794, -34.8558349609, -55.9875183105, 58.3187789917, 2.60585045815, -4.28886508942], [-155.306945801, 132.561599731, 546.144714355, 117.341682434, -25.9994010925, -93.9332199097, -20.5697784424, -60.7372169495, -31.0299377441, 8.30628108978, 67.5247802734, 6.17709636688, -31.663854599], [-51.5357246399, 60.3774108887, 117.341682434, 339.856079102, 33.0626564026, -12.1306257248, -60.2005119324, 11.6160745621, 6.6568312645, 5.34530591965, 16.5397586823, 18.1998271942, 14.3494176865], [-26.2112236023, 27.3824653625, -25.9994010925, 33.0626564026, 246.505554199, 69.6479873657, 60.5813560486, 26.4555397034, 37.8156471252, -0.681908905506, 2.49515223503, 28.1334896088, 24.6637020111], [258.821380615, -168.872772217, -93.9332199097, -12.1306257248, 69.6479873657, 294.596252441, 159.220001221, 57.54429245, -14.8537960052, 28.7717418671, -28.3134593964, -12.8456935883, 14.9567565918], [46.4517211914, -23.9220962524, -20.5697784424, -60.2005119324, 60.5813560486, 159.220001221, 232.927001953, 42.2381439209, -7.88146209717, 15.857049942, 1.21423006058, -17.3664894104, -4.90802192688], [57.7390975952, -55.2760276794, -60.7372169495, 11.6160745621, 26.4555397034, 57.54429245, 42.2381439209, 147.289962769, 71.3217391968, 17.999879837, -13.3406982422, 4.69639396667, 11.5922517776], [24.5518264771, -34.8558349609, -31.0299377441, 6.6568312645, 37.8156471252, -14.8537960052, -7.88146209717, 71.3217391968, 127.930938721, 41.8939247131, -0.595176815987, 13.3563718796, 12.029540062], [41.3217430115, -55.9875183105, 8.30628108978, 5.34530591965, -0.681908905506, 28.7717418671, 15.857049942, 17.999879837, 41.8939247131, 90.1582183838, 46.0348396301, 16.7165756226, -4.65161466599], [-130.151748657, 58.3187789917, 67.5247802734, 16.5397586823, 2.49515223503, -28.3134593964, 1.21423006058, -13.3406982422, -0.595176815987, 46.0348396301, 107.069160461, 38.6579017639, 0.163839578629], [-18.2669944763, 2.60585045815, 6.17709636688, 18.1998271942, 28.1334896088, -12.8456935883, -17.3664894104, 4.69639396667, 13.3563718796, 16.7165756226, 38.6579017639, 92.9392547607, 43.4141578674], [-18.6794052124, -4.28886508942, -31.663854599, 14.3494176865, 24.6637020111, 14.9567565918, -4.90802192688, 11.5922517776, 12.029540062, -4.65161466599, 0.163839578629, 43.4141578674, 88.5100021362]],
        "icov": [[0.00100540940184, 0.000754467910156, -4.88259647682e-05, -1.04087366708e-05, 0.000131673295982, -0.000562087108847, 0.000168548387592, 0.000156120731845, -0.000108046559035, -0.00019296600658, 0.000978950061835, -0.000520579284057, 0.000538230349775], [0.000754467910156, 0.00187537446618, -7.71742707002e-05, -0.000245571718551, -0.00019706551393, 0.0004991068854, -0.000395326351281, 0.000184813558008, 6.65738407406e-05, 0.000790702586528, -0.00020549549663, 3.30077164108e-05, 0.000203445291845], [-4.88259647682e-05, -7.71742707002e-05, 0.0024229134433, -0.000951486872509, 0.000188431076822, 0.000801393412985, -0.000733724154998, 0.000697747687809, 0.000124626589241, 0.000100977049442, -0.00115129409824, 3.314861533e-05, 0.000661233672872], [-1.04087366708e-05, -0.000245571718551, -0.000951486872509, 0.00372584047727, -0.000710259133484, -0.000823662907351, 0.00181906623766, -0.000986145576462, 0.000440937757958, -0.000356860546162, -8.16388928797e-05, 0.000108520274807, -0.000523156952113], [0.000131673295982, -0.00019706551393, 0.000188431076822, -0.000710259133484, 0.00554024800658, -0.00170614605304, -0.00113475357648, 0.00126633606851, -0.00327269127592, 0.00255718478002, -0.000592184369452, -0.00187551253475, 0.000216741420445], [-0.000562087108847, 0.0004991068854, 0.000801393412985, -0.000823662907351, -0.00170614605304, 0.00888430699706, -0.00467052403837, -0.00235952273943, 0.00470772944391, -0.00479203369468, 0.00251241284423, 0.00108599872328, -0.00207906239666], [0.000168548387592, -0.000395326351281, -0.000733724154998, 0.00181906623766, -0.00113475357648, -0.00467052403837, 0.00851804297417, -0.0015664070379, 0.000503360526636, 0.000233838669374, -0.00149179506116, 0.00137042684946, 0.000516403408255], [0.000156120731845, 0.000184813558008, 0.000697747687809, -0.000986145576462, 0.00126633606851, -0.00235952273943, -0.0015664070379, 0.0117694903165, -0.00791586283594, 0.00273314584047, -0.000252922880463, -0.000927474990021, 0.000543814327102], [-0.000108046559035, 6.65738407406e-05, 0.000124626589241, 0.000440937757958, -0.00327269127592, 0.00470772944391, 0.000503360526636, -0.00791586283594, 0.0174443442374, -0.0105742746964, 0.00447832373902, 0.000507093034685, -0.00204903283156], [-0.00019296600658, 0.000790702586528, 0.000100977049442, -0.000356860546162, 0.00255718478002, -0.00479203369468, 0.000233838669374, 0.00273314584047, -0.0105742746964, 0.023822940886, -0.0116733172908, -0.000818358617835, 0.0029559652321], [0.000978950061835, -0.00020549549663, -0.00115129409824, -8.16388928797e-05, -0.000592184369452, 0.00251241284423, -0.00149179506116, -0.000252922880463, 0.00447832373902, -0.0116733172908, 0.0195708591491, -0.00688388617709, 0.00160704669543], [-0.000520579284057, 3.30077164108e-05, 3.314861533e-05, 0.000108520274807, -0.00187551253475, 0.00108599872328, 0.00137042684946, -0.000927474990021, 0.000507093034685, -0.000818358617835, -0.00688388617709, 0.018732458353, -0.00886488799006], [0.000538230349775, 0.000203445291845, 0.000661233672872, -0.000523156952113, 0.000216741420445, -0.00207906239666, 0.000516403408255, 0.000543814327102, -0.00204903283156, 0.0029559652321, 0.00160704669543, -0.00886488799006, 0.0167704075575]]
    },
    "melbands": {
        "max": [0.0258798692375, 0.0103739462793, 0.0161165185273, 0.0280807819217, 0.00897686649114, 0.00693582324311, 0.00740587851033, 0.0118399290368, 0.0167666524649, 0.0124871972948, 0.00878696888685, 0.00835394952446, 0.00809654500335, 0.00391202885658, 0.00938287749887, 0.00148593704216, 0.00333156390116, 0.00319330766797, 0.00188377476297, 0.00142104015686, 0.00207473919727, 0.000947743130382, 0.000620803155471, 0.000426875660196, 0.000370781956008, 0.000257654086454, 0.000478290399769, 0.000577658414841, 0.000318093370879, 0.000132162196678, 9.59783719736e-05, 8.61391526996e-05, 0.000170557032106, 0.000185376236914, 0.000138099043397, 9.96406306513e-05, 0.000160232462804, 0.000180830029421, 0.000276545673842, 0.000245178962359],
        "mean": [0.00262622185983, 0.00146728788968, 0.000768462719861, 0.000705037207808, 0.000375966366846, 0.000173892141902, 0.000125802354887, 0.000183482843568, 0.000304450833937, 0.000382983445888, 0.000539870408829, 0.000295011792332, 0.00018837711832, 0.000136322312756, 8.24928210932e-05, 6.94846748956e-05, 0.000111877336167, 7.48980382923e-05, 4.73534746561e-05, 4.68307225674e-05, 5.61003871553e-05, 2.60342712863e-05, 1.93193645828e-05, 1.1832443306e-05, 9.53982998908e-06, 9.26292614167e-06, 6.30686554359e-06, 6.42952181806e-06, 4.71494422527e-06, 3.42638031725e-06, 3.21579432239e-06, 3.54285634785e-06, 4.01582519771e-06, 3.43539431924e-06, 3.47071909346e-06, 4.54093014923e-06, 4.66713936476e-06, 4.91707487527e-06, 5.63535149922e-06, 5.3164098972e-06],
        "min": [2.5484496291e-06, 9.09593927645e-06, 3.00256942865e-06, 2.80728841062e-06, 1.5495571688e-06, 1.90321986793e-06, 6.08123514212e-07, 9.98116092887e-07, 2.25308644985e-06, 9.86828581517e-07, 1.39557914736e-06, 1.00761553767e-06, 7.98344672148e-07, 3.47800863665e-07, 4.25359559131e-07, 4.48974418532e-07, 3.02962405385e-07, 4.91009927828e-07, 3.88165091181e-07, 2.83717611183e-07, 2.08733013096e-07, 2.33141747685e-07, 1.36155463792e-07, 1.53715532747e-07, 1.47127778405e-07, 1.58140124995e-07, 7.13687882126e-08, 5.55287904547e-08, 2.52053897754e-08, 2.13625845902e-08, 1.75189551754e-08, 2.0798568201e-08, 1.47152006136e-08, 2.10196251516e-08, 1.32836435185e-08, 1.14904823434e-08, 1.32142332632e-08, 1.11457447716e-08, 1.00612140841e-08, 7.10731296039e-09],
        "stdev": [0.00307448604144, 0.00148578116205, 0.00140050926711, 0.00171558372676, 0.000898404920008, 0.000427650404163, 0.000322294101352, 0.000607463414781, 0.000977454241365, 0.00102387135848, 0.00125379418023, 0.000907411507796, 0.00063131400384, 0.000333405856509, 0.000263471651124, 0.000132527566166, 0.000300904852338, 0.000179202776053, 0.000125709644635, 0.000114829519589, 0.000196872759261, 7.3054288805e-05, 4.70857848995e-05, 2.6270021408e-05, 1.72237814695e-05, 1.88947433344e-05, 1.754247387e-05, 1.87803289009e-05, 1.17447170851e-05, 6.2988819991e-06, 5.31670593773e-06, 5.74843716095e-06, 8.5101564764e-06, 7.90492777014e-06, 7.08661309545e-06, 7.76608339947e-06, 8.6257869043e-06, 1.09917427835e-05, 1.55166835611e-05, 1.43694460348e-05]
    },
    "melbands128": {
        "max": [0.0236947126687, 0.044353954494, 0.0358313396573, 0.0188609305769, 0.0161133985966, 0.0143614877015, 0.0132843703032, 0.0287225954235, 0.029045721516, 0.0465376526117, 0.0372344627976, 0.0198687128723, 0.0132705457509, 0.0104013644159, 0.0080642234534, 0.00988043751568, 0.00582775939256, 0.0125532243401, 0.00733266398311, 0.00856375880539, 0.0256431754678, 0.0269982032478, 0.0238624829799, 0.0338851772249, 0.0216174162924, 0.0166600365192, 0.0271545909345, 0.0136535828933, 0.027803003788, 0.0145547399297, 0.00603415351361, 0.01131784264, 0.015286302194, 0.0111704785377, 0.00737785222009, 0.00782816950232, 0.0133353359997, 0.0169932171702, 0.00377231626771, 0.00273911654949, 0.00336551130749, 0.00520085031167, 0.00753663759679, 0.00858341157436, 0.00942841172218, 0.00290109473281, 0.000851720105857, 0.00310491234995, 0.00313838431612, 0.00247782026418, 0.00273161823861, 0.00153240328655, 0.00554054323584, 0.0034139752388, 0.00287691201083, 0.0021318201907, 0.00200639059767, 0.00172216701321, 0.000480702874484, 0.000696151400916, 0.00069317035377, 0.000637599092443, 0.000339504680596, 0.000415605376475, 0.000469632301247, 0.000412132358178, 0.000419828371378, 0.000529609678779, 0.000426285347203, 0.000653149792925, 0.000525572162587, 0.000787637662143, 0.000429419596912, 0.000360843288945, 0.000223468363401, 9.98928735498e-05, 0.000155797577463, 0.000160034091095, 6.4490501245e-05, 0.000101697900391, 7.72673301981e-05, 0.000113728492579, 0.00018174626166, 0.000191450308193, 0.000191329134395, 0.000266482296865, 0.000178722300916, 0.000146665464854, 0.000154804511112, 0.000180685849045, 0.000131722001242, 9.92392306216e-05, 0.000130544358399, 0.0001638509857, 0.00016343142488, 0.000253184873145, 0.000220301153604, 0.000182336196303, 0.000265364826191, 0.000490673352033, 0.000426799495472, 0.000203735791729, 0.000374571565771, 0.000272979697911, 0.000338615500368, 0.000159933159011, 6.54912510072e-05, 5.22426526004e-05, 5.20675566804e-05, 4.40965450252e-05, 3.8218247937e-05, 5.59241234441e-05, 4.72761057608e-05, 3.31083356286e-05, 2.16280022869e-05, 3.44378240698e-05, 3.43439714925e-05, 9.43861159612e-05, 3.8320908061e-05, 2.38805205299e-05, 1.33322273541e-05, 1.12965662993e-05, 6.91013110554e-06, 4.4577163294e-07, 2.80031891009e-08, 2.78658713881e-08, 2.7678323633e-08, 2.75504969949e-08],
        "mean": [0.000677424308378, 0.0024608715903, 0.00369965378195, 0.00252630957402, 0.00118904805277, 0.000795316940639, 0.000709074025508, 0.000715141533874, 0.000942529004533, 0.000731592357624, 0.000550613447558, 0.000511780846864, 0.000337004108587, 0.000196340974071, 0.000160817231517, 0.000174865679583, 0.000154830850079, 0.000122091398225, 8.27730837045e-05, 8.09521225165e-05, 0.000242368056206, 0.000462488009362, 0.000225270909141, 0.000265067472355, 0.000414232956246, 0.000348264729837, 0.000511834106874, 0.0004213846114, 0.000826689531095, 0.000386675703339, 5.87718532188e-05, 0.000176856468897, 0.000263883615844, 0.000123317397083, 0.000162082447787, 0.000155112342327, 6.49324138067e-05, 9.45471620071e-05, 7.88556280895e-05, 6.54408650007e-05, 5.11396065122e-05, 9.40766112763e-05, 0.000131363107357, 9.38571101869e-05, 0.000138017567224, 5.75607045903e-05, 2.44909606408e-05, 4.95858621434e-05, 5.63134926779e-05, 4.97161709063e-05, 4.68873913633e-05, 3.222473606e-05, 8.3753016952e-05, 5.26055773662e-05, 2.64868776867e-05, 2.28328335652e-05, 2.56618022831e-05, 2.62189059868e-05, 1.41262034958e-05, 1.17569661597e-05, 1.34106148835e-05, 1.06964316728e-05, 7.59290651331e-06, 8.93906508281e-06, 1.32971254061e-05, 9.66162133409e-06, 6.48243440082e-06, 7.11916482032e-06, 5.85242787565e-06, 5.74028945266e-06, 7.34438344807e-06, 6.3600359681e-06, 5.18582146469e-06, 4.45792511528e-06, 4.16969396611e-06, 3.11947974296e-06, 3.2745815588e-06, 3.51627500095e-06, 3.0048379358e-06, 3.13988721246e-06, 3.53200357495e-06, 3.66253061657e-06, 3.77874971491e-06, 3.94544804294e-06, 4.54883729617e-06, 3.40266979038e-06, 3.31788896801e-06, 2.92633262688e-06, 3.27225939145e-06, 3.94141943616e-06, 4.502345746e-06, 4.50845391242e-06, 4.8652705118e-06, 4.79959862787e-06, 4.34881530964e-06, 5.01395470565e-06, 5.00552550875e-06, 4.7447229008e-06, 5.19008199262e-06, 6.6707930273e-06, 6.07694028076e-06, 4.73753334518e-06, 4.95265203426e-06, 4.53625352748e-06, 4.2799520088e-06, 3.84062468584e-06, 3.00280498777e-06, 2.46340277954e-06, 2.12978989111e-06, 2.00259455596e-06, 1.64839207173e-06, 1.42718465668e-06, 1.28387955556e-06, 1.08138351607e-06, 9.90825014924e-07, 8.78626281064e-07, 6.1501464188e-07, 6.05733418979e-07, 5.01810973219e-07, 4.57784807395e-07, 3.62032380963e-07, 3.22168091316e-07, 1.92338617921e-07, 6.90984292007e-09, 1.81624732615e-11, 1.76218310777e-11, 1.72915223806e-11, 1.71675677146e-11],
        "min": [3.08333270027e-09, 1.86786337508e-07, 1.32481068249e-06, 1.61814625699e-06, 1.63743220583e-06, 5.87031308896e-07, 8.00717202765e-07, 1.80443748832e-07, 8.90806006737e-07, 5.60183536891e-07, 3.91527066768e-07, 6.53627239444e-07, 3.63887295407e-07, 7.99966471732e-07, 3.06907622871e-07, 2.023822816e-07, 2.27792753549e-07, 2.91108108286e-07, 1.73080266563e-07, 1.36959044994e-07, 3.53423786237e-07, 4.9572804528e-07, 2.92623553833e-07, 3.83361822287e-07, 3.92677947048e-07, 1.14073912982e-07, 4.38895199295e-07, 7.29549412881e-07, 4.54193354926e-07, 4.06621779803e-07, 2.26783740231e-07, 1.97491345943e-07, 1.48076807704e-07, 3.93180897618e-07, 1.06008521072e-07, 1.97839796101e-07, 3.45377003441e-07, 2.59862559915e-07, 3.34257862278e-07, 3.35586406663e-07, 1.85901100735e-07, 1.29057823983e-07, 1.91719635723e-07, 2.41974191795e-07, 1.55544256586e-07, 2.17847627937e-07, 1.72201694681e-07, 1.17329392424e-07, 2.0117320787e-07, 1.86940866342e-07, 1.08762222339e-07, 1.20528937941e-07, 1.33129091751e-07, 8.76566446095e-08, 9.4047898358e-08, 1.48285252521e-07, 7.91442857917e-08, 7.08947567318e-08, 1.13257790701e-07, 5.06861859151e-08, 4.49193002794e-08, 5.64602267161e-08, 4.45282708483e-08, 1.03907282778e-07, 1.40878981369e-07, 9.95686590954e-08, 1.03622596725e-07, 2.35001351712e-08, 3.22836086752e-08, 3.46120643258e-08, 2.77649778724e-08, 1.87994384504e-08, 8.17184275803e-09, 1.779265979e-08, 1.51118850766e-08, 1.37756419605e-08, 1.5282672905e-08, 1.50825609779e-08, 1.42736285014e-08, 1.33463267105e-08, 9.52552081657e-09, 9.87076465009e-09, 4.09796063749e-09, 1.33882407383e-08, 1.06865822858e-08, 9.9205763604e-09, 1.01406518738e-08, 5.92479976191e-09, 8.4434876868e-09, 7.78865416606e-09, 3.37502981118e-09, 6.38657393637e-09, 7.41707717467e-09, 6.75853462084e-09, 9.97288385207e-09, 6.75598110789e-09, 1.12743299141e-08, 9.11035957785e-09, 9.32428623202e-09, 4.32250901738e-09, 5.61400614885e-09, 4.00382038634e-09, 7.15356351932e-09, 2.43336084615e-09, 1.77287895475e-09, 2.93415447494e-09, 2.72025801884e-09, 2.29842145316e-09, 6.36732000459e-10, 1.73367564749e-09, 1.04934305689e-09, 6.61720678252e-10, 7.91352317009e-10, 4.94288165953e-10, 1.42087439037e-10, 3.89905829845e-10, 1.61212598826e-10, 2.27189469494e-12, 5.10276499874e-13, 4.59179623578e-13, 5.60122369493e-13, 4.99755998303e-13, 5.81140821229e-13, 4.43943628603e-13, 2.24831912528e-13, 1.15523611727e-13, 1.12634087577e-14, 4.03016476359e-16],
        "stdev": [0.00196116836742, 0.00437138183042, 0.00413005566224, 0.00273784413002, 0.00172543723602, 0.00144323764835, 0.00130173098296, 0.00181371497456, 0.00286350911483, 0.00239035417326, 0.00192890421022, 0.00153779715765, 0.00100822269451, 0.000630999682471, 0.000513185863383, 0.000609703711234, 0.000385022518458, 0.000453637068858, 0.000363760918844, 0.000364800420357, 0.00101637362968, 0.0020118963439, 0.00105327472556, 0.0011506829178, 0.00154364935588, 0.00121200119611, 0.00191878119949, 0.00124479923397, 0.0028863446787, 0.00154815416317, 0.000259433552856, 0.000805765739642, 0.00107926141936, 0.000544789189007, 0.000482487346744, 0.000518805522006, 0.000333315168973, 0.000469945371151, 0.000187743236893, 0.000166225232533, 0.000160074356245, 0.000328051333781, 0.000536581559572, 0.000351319817128, 0.00046787559404, 0.000168179045431, 6.35141332168e-05, 0.000184168951819, 0.000207873919862, 0.000183683121577, 0.000170492072357, 0.000110500768642, 0.000403688696679, 0.000237050073338, 0.000139281968586, 9.33073606575e-05, 9.76819574134e-05, 9.56323274295e-05, 3.81309728255e-05, 3.75602721761e-05, 3.73567854695e-05, 3.02151966025e-05, 1.9039527615e-05, 1.98506804736e-05, 2.89518520731e-05, 2.46607432928e-05, 1.88776011782e-05, 2.50140074058e-05, 1.71331284946e-05, 1.87389541679e-05, 1.98125308088e-05, 2.47249172389e-05, 1.43938532347e-05, 1.26789436763e-05, 9.52741447691e-06, 5.48334719497e-06, 7.03350951881e-06, 7.68324116507e-06, 5.32169997314e-06, 5.10342442794e-06, 5.6812909861e-06, 7.26274402041e-06, 8.24755807116e-06, 9.09409209271e-06, 1.02440271803e-05, 9.44920157053e-06, 7.88790475781e-06, 6.99203565091e-06, 7.18719184079e-06, 8.0857616922e-06, 8.58964176587e-06, 8.12402959127e-06, 8.74398847373e-06, 8.91694344318e-06, 1.00253200799e-05, 1.14924914669e-05, 1.2924292605e-05, 1.07217047116e-05, 1.54594599735e-05, 2.22049202421e-05, 1.9327560949e-05, 1.12398865895e-05, 1.69587638084e-05, 1.35355412567e-05, 1.17871722978e-05, 8.0511726992e-06, 5.54837833988e-06, 4.24064955951e-06, 3.73364332518e-06, 3.32934860126e-06, 2.56154885392e-06, 3.24761526826e-06, 2.7796638733e-06, 2.02393562176e-06, 1.82027929441e-06, 2.18957507059e-06, 1.64568064065e-06, 2.43555086854e-06, 1.506725539e-06, 1.22346943954e-06, 8.46188584092e-07, 8.11373240595e-07, 4.63703372588e-07, 2.24675194005e-08, 6.10716865967e-10, 6.07729977453e-10, 6.03643135477e-10, 6.0085525444e-10]
    },
    "mfcc": {
        "mean": [-617.39440918, 99.1784362793, 11.7269668579, 1.61346185207, 14.7053251266, 9.11130332947, 12.5424642563, 9.76003837585, 7.60260772705, 7.43551588058, 3.40515184402, -1.78385901451, -1.82382917404],
        "cov": [[2006.0826416, -872.643371582, -186.018997192, -238.473190308, -20.950422287, 122.46887207, 1.81780982018, 47.6297645569, 135.794006348, 77.3859634399, 5.04841804504, 4.35252714157, -60.9168395996], [-872.643371582, 850.447509766, 72.7288589478, 115.795524597, 3.37801480293, -66.573928833, -5.68186998367, -16.5353889465, -82.1911087036, -61.1705093384, -0.0513121411204, -20.1450004578, 20.238243103], [-186.018997192, 72.7288589478, 467.656311035, 140.900497437, -17.9772605896, -16.9637203217, 6.82135677338, -55.6583862305, -87.3907394409, -22.9328079224, -15.3636789322, 21.2978954315, 16.3199176788], [-238.473190308, 115.795524597, 140.900497437, 293.84664917, 94.7008895874, -34.2203636169, -50.0245819092, -17.8715057373, -37.8731269836, -44.199344635, -21.6602325439, 25.0289993286, 34.6372947693], [-20.950422287, 3.37801480293, -17.9772605896, 94.7008895874, 179.666534424, 3.36067557335, -35.4182662964, 18.0523700714, 33.0589942932, -18.3375225067, -17.3844871521, 30.8228282928, 30.1950492859], [122.46887207, -66.573928833, -16.9637203217, -34.2203636169, 3.36067557335, 181.721420288, 115.389579773, 35.1773300171, 31.6008815765, 26.3493595123, 7.67514324188, -2.52635860443, -12.0353307724], [1.81780982018, -5.68186998367, 6.82135677338, -50.0245819092, -35.4182662964, 115.389579773, 204.787994385, 62.9580345154, 13.374127388, 35.6081504822, 24.5523471832, -11.6703853607, -19.4166316986], [47.6297645569, -16.5353889465, -55.6583862305, -17.8715057373, 18.0523700714, 35.1773300171, 62.9580345154, 108.81678772, 71.5616912842, 26.2365074158, 8.28746604919, 4.37739658356, 4.38950777054], [135.794006348, -82.1911087036, -87.3907394409, -37.8731269836, 33.0589942932, 31.6008815765, 13.374127388, 71.5616912842, 143.965591431, 55.4347953796, 6.57404232025, 11.1354951859, 2.9594502449], [77.3859634399, -61.1705093384, -22.9328079224, -44.199344635, -18.3375225067, 26.3493595123, 35.6081504822, 26.2365074158, 55.4347953796, 98.8765716553, 38.5271377563, 0.649080991745, -11.545334816], [5.04841804504, -0.0513121411204, -15.3636789322, -21.6602325439, -17.3844871521, 7.67514324188, 24.5523471832, 8.28746604919, 6.57404232025, 38.5271377563, 84.9133148193, 38.9125061035, 4.46458292007], [4.35252714157, -20.1450004578, 21.2978954315, 25.0289993286, 30.8228282928, -2.52635860443, -11.6703853607, 4.37739658356, 11.1354951859, 0.649080991745, 38.9125061035, 123.180908203, 57.9179840088], [-60.9168395996, 20.238243103, 16.3199176788, 34.6372947693, 30.1950492859, -12.0353307724, -19.4166316986, 4.38950777054, 2.9594502449, -11.545334816, 4.46458292007, 57.9179840088, 81.8307723999]],
        "icov": [[0.00100424722768, 0.000912210438401, 4.59453076473e-05, 0.000391924724681, 1.37322658702e-05, -0.000495585380122, 0.000518886314239, -0.000315028184559, -0.000136722592288, 0.000151222091517, -3.39040270774e-05, -0.000165432255017, 0.000554205442313], [0.000912210438401, 0.00222239037976, 4.41440861323e-05, -0.000119775737403, 7.34513159841e-05, 8.31007273518e-05, 9.51747206273e-05, -0.00050469028065, 0.000288068666123, 0.000807525473647, -0.00069563195575, 0.000575870333705, -6.00182829658e-05], [4.59453076473e-05, 4.41440861323e-05, 0.00306929531507, -0.00161720346659, 0.000870099582244, 0.000187949495739, -0.000876114936545, 0.00100907462183, 0.0011714497814, -0.00101735792123, 0.00131059298292, -0.0010589902522, 3.2382500649e-05], [0.000391924724681, -0.000119775737403, -0.00161720346659, 0.00587621796876, -0.00294168014079, -0.000106453051558, 0.00111143989488, -0.000934010779019, 0.000958276563324, 0.000605797220487, 1.90466889762e-05, 3.22363302985e-05, -0.000432789442129], [1.37322658702e-05, 7.34513159841e-05, 0.000870099582244, -0.00294168014079, 0.00853695441037, -0.00120882561896, 0.00126845145132, -0.000744314456824, -0.00201827171259, 0.00110490398947, 0.00132759928238, -0.0014501005644, -0.000740492541809], [-0.000495585380122, 8.31007273518e-05, 0.000187949495739, -0.000106453051558, -0.00120882561896, 0.00982510298491, -0.00642945850268, 0.00216494197957, -0.00178626761772, 3.64620791515e-05, 0.000805126561318, -0.000306855421513, 0.000110487766506], [0.000518886314239, 9.51747206273e-05, -0.000876114936545, 0.00111143989488, 0.00126845145132, -0.00642945850268, 0.0116376522928, -0.00728854024783, 0.00364833627827, -0.00168759340886, -0.00148579548113, 0.00040544042713, 0.00122972519603], [-0.000315028184559, -0.00050469028065, 0.00100907462183, -0.000934010779019, -0.000744314456824, 0.00216494197957, -0.00728854024783, 0.0191148631275, -0.00945563428104, 0.00184105255175, -0.000474215950817, 0.000721311138477, -0.00196022703312], [-0.000136722592288, 0.000288068666123, 0.0011714497814, 0.000958276563324, -0.00201827171259, -0.00178626761772, 0.00364833627827, -0.00945563428104, 0.0165973920375, -0.00829189922661, 0.00343006057665, -0.001956572989, 0.000470162340207], [0.000151222091517, 0.000807525473647, -0.00101735792123, 0.000605797220487, 0.00110490398947, 3.64620791515e-05, -0.00168759340886, 0.00184105255175, -0.00829189922661, 0.0189564246684, -0.00884705223143, 0.00297880661674, 0.000306562607875], [-3.39040270774e-05, -0.00069563195575, 0.00131059298292, 1.90466889762e-05, 0.00132759928238, 0.000805126561318, -0.00148579548113, -0.000474215950817, 0.00343006057665, -0.00884705223143, 0.0203550439328, -0.00887676980346, 0.00297876424156], [-0.000165432255017, 0.000575870333705, -0.0010589902522, 3.22363302985e-05, -0.0014501005644, -0.000306855421513, 0.00040544042713, 0.000721311138477, -0.001956572989, 0.00297880661674, -0.00887676980346, 0.0165544785559, -0.0102621121332], [0.000554205442313, -6.00182829658e-05, 3.2382500649e-05, -0.000432789442129, -0.000740492541809, 0.000110487766506, 0.00122972519603, -0.00196022703312, 0.000470162340207, 0.000306562607875, 0.00297876424156, -0.0102621121332, 0.0206379294395]]
    },
    "spectral_contrast_coeffs": {
        "max": [-0.431433409452, -0.452660948038, -0.410290956497, -0.555039942265, -0.616235494614, -0.695076942444],
        "mean": [-0.741759061813, -0.759493052959, -0.734690785408, -0.787991940975, -0.799559831619, -0.813097119331],
        "min": [-0.928527534008, -0.943555295467, -0.948535859585, -0.901131808758, -0.881765723228, -0.897376537323],
        "stdev": [0.0791643336415, 0.0810276567936, 0.0871298462152, 0.059337746352, 0.038707498461, 0.0229857321829]
    },
    "spectral_contrast_valleys": {
        "max": [-5.16693401337, -4.93718671799, -5.49469709396, -5.81480693817, -5.84014606476, -7.27911329269],
        "mean": [-6.58120822906, -6.84910202026, -7.12426900864, -7.2688627243, -7.45912647247, -9.26236248016],
        "min": [-8.37424850464, -8.33797931671, -8.6769361496, -8.81165790558, -9.1109828949, -11.5316867828],
        "stdev": [0.495279818773, 0.443576067686, 0.4568836689, 0.494669258595, 0.515229105949, 0.762084901333]
    }
},
"rhythm": {
    "beats_count": 106,
    "beats_loudness": {
        "max": 0.0804077908397,
        "mean": 0.0413058511913,
        "min": 0.00683200079948,
        "stdev": 0.0170278064907
    },
    "bpm": 129.89994812,
    "bpm_histogram_first_peak_bpm": 129,
    "bpm_histogram_first_peak_weight": 0.252631545067,
    "bpm_histogram_second_peak_bpm": 161,
    "bpm_histogram_second_peak_spread": 0.16666662693,
    "bpm_histogram_second_peak_weight": 0.047619048506,
    "danceability": 1.12112832069,
    "onset_rate": 4.0810546875,
    "beats_loudness_band_ratio": {
        "max": [0.969384670258, 0.76172041893, 0.736023008823, 0.722575485706, 0.422572433949, 0.787254571915],
        "mean": [0.488621979952, 0.115293838084, 0.131997287273, 0.159029856324, 0.0727779716253, 0.0700723826885],
        "min": [0.0877854526043, 0.00221222359687, 0.00701855262741, 0.00608595274389, 0.00378720136359, 0.00234556989744],
        "stdev": [0.222957804799, 0.174930810928, 0.154419049621, 0.170664846897, 0.0917893946171, 0.0963349193335]
    },
