{
"metadata": {
    "version": {
        "essentia": "2.1-beta5",
        "essentia_git_sha": "Undefined",
        "extractor": "music 2.0"
    },
    "audio_properties": {
        "analysis": {
            "equal_loudness": 0,
            "length": 12.7477550507,
            "sample_rate": 44100,
            "start_time": 0,
            "downmix": "mix"
        },
        "bit_rate": 192000,
        "length": 189.881195068,
        "lossless": 0,
        "number_channels": 2,
        "replay_gain": 0.194137573242,
        "sample_rate": 48000,
        "codec": "mp3",
        "md5_encoded": "c372df0fc32db1b3858489d703a9c414"
    },
    "tags": {
        "file_name": "Bulgaria_Let Me Cry_Mariana Popova.mp3",
        "encoding": ["Lavf58.29.100"]
    }
},
"lowlevel": {
    "average_loudness": 0.928361356258,
    "barkbands_crest": {
        "max": 25.1661701202,
        "mean": 11.0958862305,
        "min": 2.60119366646,
        "stdev": 5.63159418106
    },
    "barkbands_flatness_db": {
        "max": 0.250804394484,
        "mean": 0.122817449272,
        "min": 0.0189026053995,
        "stdev": 0.0437762476504
    },
    "barkbands_kurtosis": {
        "max": 73.6455459595,
        "mean": 5.00983190536,
        "min": -1.55328202248,
        "stdev": 9.59339237213
    },
    "barkbands_skewness": {
        "max": 7.64458560944,
        "mean": 1.5567637682,
        "min": -5.30671358109,
        "stdev": 1.56090223789
    },
    "barkbands_spread": {
        "max": 75.1900177002,
        "mean": 19.9223155975,
        "min": 2.30800533295,
        "stdev": 12.61332798
    },
    "dissonance": {
        "max": 0.499999523163,
        "mean": 0.471028894186,
        "min": 0.344456583261,
        "stdev": 0.0238028913736
    },
    "dynamic_complexity": 2.2046456337,
    "erbbands_crest": {
        "max": 30.8753490448,
        "mean": 9.93169784546,
        "min": 2.95956850052,
        "stdev": 5.66441583633
    },
    "erbbands_flatness_db": {
        "max": 0.328389823437,
        "mean": 0.166495397687,
        "min": 0.0584585778415,
        "stdev": 0.0532691217959
    },
    "erbbands_kurtosis": {
        "max": 45.5726318359,
        "mean": 0.818862318993,
        "min": -1.78066682816,
        "stdev": 3.5617723465
    },
    "erbbands_skewness": {
        "max": 2.79475188255,
        "mean": 0.468288838863,
        "min": -6.3943734169,
        "stdev": 0.926796317101
    },
    "erbbands_spread": {
        "max": 121.440216064,
        "mean": 36.2902488708,
        "min": 3.65901589394,
        "stdev": 19.1433486938
    },
    "hfc": {
        "max": 1927.50146484,
        "mean": 32.4881248474,
        "min": 2.85774312943e-05,
        "stdev": 129.556213379
    },
    "loudness_ebu128": {
        "integrated": -23.3335819244,
        "loudness_range": 2.44880485535,
        "momentary": {
            "max": -17.5918292999,
            "mean": -23.9888362885,
            "min": -30.0051937103,
            "stdev": 2.27290225029
        },
        "short_term": {
            "max": -22.4931354523,
            "mean": -23.8801746368,
            "min": -25.4402503967,
            "stdev": 0.909041762352
        }
    },
    "melbands_crest": {
        "max": 29.4231433868,
        "mean": 13.1599149704,
        "min": 3.91586756706,
        "stdev": 5.75352525711
    },
    "melbands_flatness_db": {
        "max": 0.328098922968,
        "mean": 0.163934871554,
        "min": 0.0520162209868,
        "stdev": 0.0546955913305
    },
    "melbands_kurtosis": {
        "max": 130.95980835,
        "mean": 13.8405942917,
        "min": -1.93594706059,
        "stdev": 20.0361995697
    },
    "melbands_skewness": {
        "max": 8.92377281189,
        "mean": 2.50360584259,
        "min": -1.09912621975,
        "stdev": 1.84745538235
    },
    "melbands_spread": {
        "max": 282.132843018,
        "mean": 24.6296443939,
        "min": 1.92057526112,
        "stdev": 26.4883975983
    },
    "pitch_salience": {
        "max": 0.928310394287,
        "mean": 0.592494368553,
        "min": 0.173482254148,
        "stdev": 0.145430862904
    },
    "silence_rate_20dB": {
        "max": 1,
        "mean": 1,
        "min": 1,
        "stdev": 0
    },
    "silence_rate_30dB": {
        "max": 1,
        "mean": 0.992727279663,
        "min": 0,
        "stdev": 0.0849696174264
    },
    "silence_rate_60dB": {
        "max": 1,
        "mean": 0.00181818183046,
        "min": 0,
        "stdev": 0.0426010377705
    },
    "spectral_centroid": {
        "max": 8174.78662109,
        "mean": 1436.9498291,
        "min": 303.725128174,
        "stdev": 874.362976074
    },
    "spectral_complexity": {
        "max": 52,
        "mean": 21.0581817627,
        "min": 0,
        "stdev": 9.67322158813
    },
    "spectral_decrease": {
        "max": -3.25292140195e-15,
        "mean": -5.03206321056e-09,
        "min": -3.42291919253e-08,
        "stdev": 4.16855483465e-09
    },
    "spectral_energy": {
        "max": 0.194848626852,
        "mean": 0.0219389330596,
        "min": 1.48693288793e-08,
        "stdev": 0.019989380613
    },
    "spectral_energyband_high": {
        "max": 0.188184693456,
        "mean": 0.00191138335504,
        "min": 2.40163089416e-09,
        "stdev": 0.0125516634434
    },
    "spectral_energyband_low": {
        "max": 0.0253815576434,
        "mean": 0.00129074358847,
        "min": 5.95405280635e-10,
        "stdev": 0.0026401032228
    },
    "spectral_energyband_middle_high": {
        "max": 0.0515604093671,
        "mean": 0.00644072378054,
        "min": 2.24636909074e-09,
        "stdev": 0.00698809465393
    },
    "spectral_energyband_middle_low": {
        "max": 0.128113046288,
        "mean": 0.0126330209896,
        "min": 9.63313340208e-09,
        "stdev": 0.0153424171731
    },
    "spectral_entropy": {
        "max": 8.66724205017,
        "mean": 7.71867799759,
        "min": 6.5992808342,
        "stdev": 0.340435147285
    },
    "spectral_flux": {
        "max": 0.32595589757,
        "mean": 0.0809936523438,
        "min": 0.00012193985458,
        "stdev": 0.0384410433471
    },
    "spectral_kurtosis": {
        "max": 11.9369859695,
        "mean": 4.37371778488,
        "min": -1.40174031258,
        "stdev": 2.00335693359
    },
    "spectral_rms": {
        "max": 0.0137875387445,
        "mean": 0.00431557092816,
        "min": 3.80876122108e-06,
        "stdev": 0.00166723795701
    },
    "spectral_rolloff": {
        "max": 11649.4628906,
        "mean": 2002.66589355,
        "min": 215.33203125,
        "stdev": 1824.96032715
    },
    "spectral_skewness": {
        "max": 2.75856041908,
        "mean": 1.70847570896,
        "min": -0.708571434021,
        "stdev": 0.375119537115
    },
    "spectral_spread": {
        "max": 17290372,
        "mean": 5399956.5,
        "min": 2466462,
        "stdev": 2023450.875
    },
    "spectral_strongpeak": {
        "max": 34.866065979,
        "mean": 1.64829969406,
        "min": 0,
        "stdev": 2.96281456947
    },
    "zerocrossingrate": {
        "max": 0.462890625,
        "mean": 0.0817471593618,
        "min": 0.0146484375,
        "stdev": 0.0456536225975
    },
    "barkbands": {
        "max": [0.0338188707829, 0.0145441973582, 0.00926058087498, 0.0163766443729, 0.123588219285, 0.0527772307396, 0.00718766497448, 0.00803816691041, 0.0376361832023, 0.0182647369802, 0.0235206633806, 0.0124245584011, 0.0432129949331, 0.00683991145343, 0.02652011998, 0.00459842989221, 0.00526418955997, 0.00494464999065, 0.00453575188294, 0.00183453946374, 0.0010639259126, 0.00221056467853, 0.00532666314393, 0.0226062238216, 0.154795125127, 0.016419056803, 0.000743123935536],
        "mean": [0.000294016266707, 0.000495279266033, 0.00040792269283, 0.000628943089396, 0.00693609332666, 0.00172461022157, 0.00090926408302, 0.000421434582677, 0.00145567639265, 0.00121061713435, 0.000848455587402, 0.000464797340101, 0.00143431220204, 0.000502104696352, 0.000767769059166, 0.000361228157999, 0.000363437226042, 0.000527118390892, 0.000198615380214, 0.000153235494508, 9.96111411951e-05, 0.000131695371238, 0.00012977514416, 0.00026270491071, 0.00106493476778, 0.000136787319207, 8.49159005156e-06],
        "min": [1.5693479849e-10, 2.50104270627e-10, 1.79305917336e-10, 1.78018599861e-10, 9.49149980833e-10, 2.91065971325e-09, 3.39155015183e-09, 1.7530352725e-09, 4.48712123013e-10, 8.71958200088e-11, 1.37016051283e-10, 1.08228530304e-10, 9.12418612886e-11, 3.31127972264e-11, 3.69254182786e-10, 6.00087313174e-10, 1.71206812616e-10, 2.07048003742e-10, 3.20565463063e-10, 1.4461148945e-10, 5.04815800273e-10, 4.23229479241e-10, 4.03653721559e-10, 4.22036877668e-10, 2.88483487099e-10, 1.9178961197e-10, 1.43005648989e-10],
        "stdev": [0.0018242696533, 0.00144661834929, 0.000854382116813, 0.00126343511511, 0.0144080165774, 0.00445218244568, 0.00112525909208, 0.000568524061237, 0.00293342513032, 0.00168595684227, 0.00180025491863, 0.000968848820776, 0.00390577293001, 0.000654264818877, 0.00205150875263, 0.000503769377246, 0.000525838346221, 0.000687510415446, 0.000336544471793, 0.000218870351091, 0.000141027892823, 0.000255347287748, 0.000378905184334, 0.00159320503008, 0.00998366251588, 0.000918148609344, 5.25409413967e-05]
    },
    "erbbands": {
        "max": [0.726732194424, 3.33424448967, 9.6954126358, 27.3440933228, 116.319610596, 717.034179688, 250.821243286, 383.899841309, 119.288658142, 103.621459961, 242.772369385, 743.971679688, 1054.46948242, 590.016296387, 525.798461914, 565.428100586, 2133.09106445, 348.535369873, 1139.1697998, 1386.19567871, 312.912841797, 197.30909729, 211.401473999, 343.510070801, 85.6643981934, 92.1771011353, 52.6571846008, 48.933921814, 107.538902283, 148.642776489, 119.227470398, 197.28465271, 831.026123047, 2525.72875977, 559.225036621, 125.769454956, 23.5467758179, 2.27189588547, 0.136828675866, 0.004806001205],
        "mean": [0.0172555986792, 0.105344966054, 0.463349789381, 1.36747074127, 9.63018321991, 32.1416091919, 16.6155757904, 12.8807115555, 13.0432033539, 11.0535774231, 10.5729789734, 29.6351299286, 46.4832992554, 35.2885360718, 28.1556148529, 26.093711853, 68.8334732056, 29.7878627777, 40.7192993164, 26.1892490387, 21.6402511597, 20.2684173584, 29.1912918091, 15.7831411362, 9.22944068909, 7.284096241, 4.84422826767, 3.86069917679, 5.07588768005, 4.11227035522, 3.69618606567, 3.48674917221, 6.68436431885, 15.6998825073, 4.88401699066, 0.974671423435, 0.228578791022, 0.0240224134177, 0.00149886356667, 7.57874513511e-05],
        "min": [8.77786199283e-09, 5.21702823164e-08, 1.84175405593e-07, 4.474864852e-07, 1.11732219921e-06, 3.53656992047e-06, 1.11968174679e-05, 2.80946896964e-05, 4.59322618553e-05, 4.80907365272e-05, 3.19235950883e-05, 1.1382183402e-05, 1.96020278054e-06, 6.21654453425e-06, 3.29361955664e-06, 5.41501458429e-06, 4.50086508863e-06, 1.88163278381e-06, 7.49689161239e-06, 3.75095150957e-05, 1.93617051991e-05, 1.09917718873e-05, 1.15908278531e-05, 2.241985203e-05, 8.42416920932e-06, 6.78602100379e-06, 1.41388527481e-05, 2.09481422644e-05, 2.06249478651e-05, 6.77439220453e-06, 1.34165002237e-05, 1.30017406264e-05, 4.91372657052e-06, 4.24899053542e-06, 1.37977622217e-06, 8.99087297057e-07, 3.11199357839e-07, 9.04659600565e-08, 2.82136802809e-08, 1.16592968613e-09],
        "stdev": [0.0622769072652, 0.274871736765, 0.964015781879, 2.23374295235, 17.8194465637, 76.5335540771, 33.8729019165, 29.606584549, 17.4229259491, 11.4312105179, 14.7332086563, 52.9564208984, 90.0158157349, 51.6678390503, 50.3653907776, 47.2661323547, 192.183807373, 37.7925453186, 101.06590271, 70.9814834595, 30.787519455, 26.4781761169, 35.9991264343, 29.0335350037, 12.4676971436, 10.3759832382, 7.17901849747, 5.76229143143, 10.1177120209, 11.1511859894, 9.81135177612, 14.184844017, 50.8696060181, 156.382446289, 40.6353263855, 7.11886882782, 1.52986824512, 0.150315329432, 0.0092456182465, 0.000340339087415]
    },
    "gfcc": {
        "mean": [5.66148233414, 48.7683448792, -134.108398438, 1.99894821644, -70.7120132446, 9.43752479553, -54.3237190247, 9.12501239777, -33.396232605, -1.23086071014, -21.0324192047, 1.9311248064, -11.4736452103],
        "cov": [[2223.7956543, 111.114555359, 657.270141602, 381.162750244, 178.688156128, 204.033737183, 62.1274032593, -3.41297006607, -85.7631149292, -23.6292037964, -50.2410507202, -2.53294706345, -13.0632534027], [111.114555359, 733.533508301, 607.702941895, 202.277374268, 58.2232246399, -87.9613800049, -172.99331665, -216.833740234, -109.408546448, -47.3212547302, 18.4298362732, -19.2445716858, -31.7586097717], [657.270141602, 607.702941895, 2401.84204102, 649.000793457, 197.946777344, -0.884832382202, -463.813964844, -249.783950806, -260.486877441, -84.1139144897, -97.702583313, 8.24854373932, -71.2029800415], [381.162750244, 202.277374268, 649.000793457, 463.949005127, 121.110115051, 36.619644165, 16.4353466034, 7.83337688446, 17.6341342926, -40.3431968689, -60.8877449036, 8.63849639893, -22.8818759918], [178.688156128, 58.2232246399, 197.946777344, 121.110115051, 118.890907288, 29.4971675873, 37.2129096985, 12.8503093719, 6.78776884079, -5.19334554672, -18.7908668518, 0.384287416935, -19.4200649261], [204.033737183, -87.9613800049, -0.884832382202, 36.619644165, 29.4971675873, 146.083389282, 139.428649902, 75.2234191895, 31.1642074585, 17.5006885529, 14.9989881516, -7.4432477951, -17.511259079], [62.1274032593, -172.99331665, -463.813964844, 16.4353466034, 37.2129096985, 139.428649902, 428.803710938, 236.933227539, 151.912353516, 2.70412302017, -19.560426712, -24.3011417389, -40.1870613098], [-3.41297006607, -216.833740234, -249.783950806, 7.83337688446, 12.8503093719, 75.2234191895, 236.933227539, 239.007171631, 110.340354919, -8.79385852814, -36.661190033, -17.8561210632, -13.690662384], [-85.7631149292, -109.408546448, -260.486877441, 17.6341342926, 6.78776884079, 31.1642074585, 151.912353516, 110.340354919, 122.643287659, 17.9124393463, -9.85908508301, 0.556245326996, 2.29982018471], [-23.6292037964, -47.3212547302, -84.1139144897, -40.3431968689, -5.19334554672, 17.5006885529, 2.70412302017, -8.79385852814, 17.9124393463, 63.733379364, 27.9002361298, 7.79776716232, -2.75477719307], [-50.2410507202, 18.4298362732, -97.702583313, -60.8877449036, -18.7908668518, 14.9989881516, -19.560426712, -36.661190033, -9.85908508301, 27.9002361298, 90.0779495239, 13.9096002579, 4.01389408112], [-2.53294706345, -19.2445716858, 8.24854373932, 8.63849639893, 0.384287416935, -7.4432477951, -24.3011417389, -17.8561210632, 0.556245326996, 7.79776716232, 13.9096002579, 64.8157501221, 10.2679491043], [-13.0632534027, -31.7586097717, -71.2029800415, -22.8818759918, -19.4200649261, -17.511259079, -40.1870613098, -13.690662384, 2.29982018471, -2.75477719307, 4.01389408112, 10.2679491043, 70.1550674438]],
        "icov": [[0.00069982605055, -2.44857383223e-05, 0.00015168102982, -0.000583830755204, -0.000503592251334, -0.00109319412149, 3.73186558136e-05, -4.13375310018e-05, 0.00125139311422, -0.000243833172135, 0.000472881773021, -6.33218878647e-05, -0.000384597107768], [-2.44857383223e-05, 0.00314480834641, -0.00061263598036, -0.000754643639084, -0.000280682434095, 0.00249278848059, -0.00187342276331, 0.00323572638445, -5.05564858031e-05, 0.00164910103194, -0.00221128249541, 0.00177176098805, 0.000587573507801], [0.00015168102982, -0.00061263598036, 0.00189070135821, -0.00199973606504, -0.000849822885357, -0.00234893709421, 0.00271387514658, -0.00122022174764, 0.00235095759854, -9.25283820834e-05, 0.00148296542466, -0.00028060915065, 0.00138804723974], [-0.000583830755204, -0.000754643639084, -0.00199973606504, 0.00669120438397, -0.00162989925593, 0.000392767658923, -0.00112801452633, 0.000890419178177, -0.00594305060804, 0.00219965726137, 0.000791702012066, -0.00127968995366, -0.00069987209281], [-0.000503592251334, -0.000280682434095, -0.000849822885357, -0.00162989925593, 0.0131311416626, 0.000395830371417, -0.00216208817437, 0.00052636192413, -0.000558352970984, -0.00141053611878, 0.000593015691265, -0.000586493813898, 0.000997787574306], [-0.00109319412149, 0.00249278848059, -0.00234893709421, 0.000392767658923, 0.000395830371417, 0.0184354241937, -0.00883999373764, 0.000567872717511, 0.0021889670752, -0.0039203921333, -0.00687168585137, 0.00209967745468, -0.00171267334372], [3.73186558136e-05, -0.00187342276331, 0.00271387514658, -0.00112801452633, -0.00216208817437, -0.00883999373764, 0.0131561066955, -0.00618665199727, -0.00438888883218, 0.00275565055199, 0.00240364437923, -0.000158512950293, 0.00520701054484], [-4.13375310018e-05, 0.00323572638445, -0.00122022174764, 0.000890419178177, 0.00052636192413, 0.000567872717511, -0.00618665199727, 0.0154409408569, -0.00692335469648, 0.0049075470306, 0.000915770127904, 0.00221565831453, 0.000308862741804], [0.00125139311422, -5.05564858031e-05, 0.00235095759854, -0.00594305060804, -0.000558352970984, 0.0021889670752, -0.00438888883218, -0.00692335469648, 0.0276506375521, -0.010087014176, 0.00154864881188, -0.00149573432282, -0.00398776307702], [-0.000243833172135, 0.00164910103194, -9.25283820834e-05, 0.00219965726137, -0.00141053611878, -0.0039203921333, 0.00275565055199, 0.0049075470306, -0.010087014176, 0.0248951371759, -0.00508075533435, -0.000331866758643, 0.00413936376572], [0.000472881773021, -0.00221128249541, 0.00148296542466, 0.000791702012066, 0.000593015691265, -0.00687168585137, 0.00240364437923, 0.000915770127904, 0.00154864881188, -0.00508075533435, 0.0184725876898, -0.00395789789036, 0.000126993807498], [-6.33218878647e-05, 0.00177176098805, -0.00028060915065, -0.00127968995366, -0.000586493813898, 0.00209967745468, -0.000158512950293, 0.00221565831453, -0.00149573432282, -0.000331866758643, -0.00395789789036, 0.0181088149548, -0.00159655790776], [-0.000384597107768, 0.000587573507801, 0.00138804723974, -0.00069987209281, 0.000997787574306, -0.00171267334372, 0.00520701054484, 0.000308862741804, -0.00398776307702, 0.00413936376572, 0.000126993807498, -0.00159655790776, 0.0190404206514]]
    },
    "melbands": {
        "max": [0.00593834929168, 0.00369572010823, 0.00582210253924, 0.0302382670343, 0.0122401462868, 0.00902077369392, 0.00169744610321, 0.00109772803262, 0.00201433012262, 0.00582383340225, 0.00507387891412, 0.00221134233288, 0.00270163198002, 0.000940665369853, 0.00407074112445, 0.00266991485842, 0.00071033713175, 0.00170449283905, 0.0021904008463, 0.000770902726799, 0.000452963227872, 0.000223487586481, 0.000252437195741, 0.00027803145349, 0.000329315429553, 6.45421896479e-05, 6.28419002169e-05, 7.73490100983e-05, 4.2094510718e-05, 2.57812735072e-05, 3.56768105121e-05, 6.10649949522e-05, 6.34364769212e-05, 0.000124067810248, 9.68124659266e-05, 4.6698267397e-05, 0.000153787710587, 0.000349596055457, 0.0015463597374, 0.00223653903231],
        "mean": [0.000156787180458, 0.000204534953809, 0.000411035609432, 0.00160052487627, 0.00079044548329, 0.000297976075672, 0.00019465375226, 0.000111224639113, 9.46523650782e-05, 0.000208381941775, 0.000229456214583, 0.000138671675813, 0.000110583976493, 5.33148959221e-05, 0.000135459456942, 0.000110036904516, 4.97960245411e-05, 6.24757158221e-05, 4.6721095714e-05, 2.63447236648e-05, 2.56996263488e-05, 2.02571518457e-05, 2.22788457904e-05, 2.80610711343e-05, 1.09663187686e-05, 6.90311026119e-06, 5.78388107897e-06, 4.64303820991e-06, 3.23355106957e-06, 2.28926842283e-06, 2.20119704863e-06, 2.87025500256e-06, 2.46605532084e-06, 2.28936096391e-06, 2.32269826483e-06, 1.62029277817e-06, 2.33278979067e-06, 3.49638867192e-06, 8.74966281117e-06, 1.50335499711e-05],
        "min": [8.14025999385e-11, 8.83422224263e-11, 9.30958296563e-11, 1.55671683877e-10, 3.49843015668e-10, 6.30283714109e-10, 7.07267078237e-10, 5.02711205996e-10, 2.28853741513e-10, 5.76376966988e-11, 7.30621292633e-12, 2.45022595963e-11, 1.48546210055e-11, 9.44231585281e-12, 1.55137916402e-11, 7.00737341416e-12, 2.75166499829e-12, 7.42545521598e-12, 3.52289447614e-11, 5.79482677121e-11, 1.33526514498e-11, 7.45044130557e-12, 1.83130715453e-11, 6.10914357296e-12, 2.11650072468e-11, 5.87848172917e-12, 7.09392397255e-12, 3.11135188794e-12, 5.45431018059e-12, 1.62375113355e-11, 9.28792199401e-12, 1.41335797232e-11, 4.13631628948e-12, 3.96396891006e-12, 7.40016554979e-12, 8.66560729423e-12, 7.31515889529e-12, 2.17151231892e-12, 4.54598381508e-12, 3.27300751606e-12],
        "stdev": [0.000519032648299, 0.000407920160796, 0.000658986275084, 0.00335707049817, 0.00159587280359, 0.000708349689376, 0.000256309373071, 0.000117352967209, 0.000130619257106, 0.00041985543794, 0.000442229065811, 0.000203531657462, 0.000226896518143, 0.000103309095721, 0.00037074967986, 0.000254366081208, 6.85205304762e-05, 0.000151479485794, 0.000127809020341, 4.79029913549e-05, 4.26860387961e-05, 2.86297672574e-05, 2.79246123682e-05, 4.09673084505e-05, 2.5143925086e-05, 9.52467871684e-06, 7.91151524027e-06, 7.21021933714e-06, 5.00147052662e-06, 3.31140063281e-06, 3.58903889719e-06, 5.6756189224e-06, 5.32767626282e-06, 7.9290184658e-06, 7.25751715436e-06, 3.77761534764e-06, 1.06152720036e-05, 2.19851099246e-05, 8.47755436553e-05, 0.000151035026647]
    },
    "melbands128": {
        "max": [0.0120348799974, 0.00804537720978, 0.0058160033077, 0.00562289264053, 0.00510716158897, 0.00405972683802, 0.00471081864089, 0.00953445862979, 0.0104166790843, 0.034212552011, 0.0544708892703, 0.0271090399474, 0.0100494157523, 0.0236026421189, 0.0110791344196, 0.00191831891425, 0.00180851633195, 0.00316906301305, 0.00149014696945, 0.00180063559674, 0.00107333378401, 0.00189723121002, 0.00298252841458, 0.00160035211593, 0.00234578223899, 0.0118682663888, 0.0112736113369, 0.00695268111303, 0.00167555257212, 0.00205953465775, 0.00232603168115, 0.00671507883817, 0.00291816750541, 0.000894992146641, 0.00162270921282, 0.00130510283634, 0.00133675138932, 0.00282163009979, 0.0123575236648, 0.00448580691591, 0.00159204693045, 0.000896423356608, 0.000524818198755, 0.00133421481587, 0.000586392357945, 0.00263688270934, 0.00332616828382, 0.00195921678096, 0.0038701845333, 0.00169000390451, 0.000702119956259, 0.000213714214624, 0.000833302736282, 0.00111727323383, 0.000614567019511, 0.000482126575662, 0.000544662761968, 0.000422184413765, 0.000371635891497, 0.000391019799281, 0.000577076047193, 0.000492896826472, 0.00063118734397, 0.000467633391963, 0.00016458373284, 7.48392703827e-05, 9.43278137129e-05, 8.91900344868e-05, 7.24324199837e-05, 6.65308398311e-05, 0.000111147324787, 8.36819017422e-05, 6.44073152216e-05, 4.14128153352e-05, 3.25926521327e-05, 2.85757269012e-05, 3.20157778333e-05, 2.1297193598e-05, 4.61096569779e-05, 5.43283749721e-05, 5.30761790287e-05, 0.000170185609022, 8.24546950753e-05, 7.72219209466e-05, 5.39493848919e-05, 2.93038810923e-05, 0.000345512235072, 3.40061596944e-05, 0.000174156695721, 4.33717505075e-05, 4.57430178358e-05, 4.24982354161e-05, 9.10138624022e-05, 0.000125658800243, 0.000245162809733, 0.000407102750614, 0.000306999718305, 0.000411379878642, 0.00103109551128, 0.00265842908993, 0.00369176501408, 0.00311715039425, 0.00117717124522, 0.000732237065677, 0.000403662997996, 0.000508401193656, 0.00048433165648, 0.000348244531779, 0.000125860591652, 0.000105630570033, 0.000104336781078, 7.94170628069e-05, 0.00011838345381, 5.47629897483e-05, 1.75643399416e-05, 1.32845034386e-05, 1.09974071165e-05, 1.27545954456e-05, 1.2086161405e-05, 4.29809188063e-06, 4.5647672664e-07, 4.31349491237e-07, 3.00032809264e-07, 2.69364086591e-08, 5.78006664753e-09, 5.7096030126e-09, 5.65631363969e-09, 5.62050983532e-09],
        "mean": [0.000147949001985, 0.000159940987942, 0.000145192025229, 0.000178390459041, 0.000239706423599, 0.000181003691978, 0.0002155242546, 0.000357757759048, 0.000764425843954, 0.00196302798577, 0.00208690972067, 0.00100074964575, 0.000342521641869, 0.000669639848638, 0.000315408367896, 9.13011317607e-05, 0.000148076956975, 0.000284513836959, 0.000148315477418, 0.00011980200361, 9.62982667261e-05, 6.21788058197e-05, 8.57854684e-05, 0.000131515625981, 0.000172399901203, 0.000230195961194, 0.000321949395584, 0.000252638303209, 0.00012501468882, 0.000141948476085, 0.000131970300572, 0.000153488712385, 0.000133467648993, 5.93398508499e-05, 5.26927760802e-05, 5.50618424313e-05, 4.83503717987e-05, 6.28421184956e-05, 0.000306214846205, 0.000148430277477, 5.45387229067e-05, 5.33466809429e-05, 5.16823492944e-05, 5.02805123688e-05, 3.62898390449e-05, 7.53434578655e-05, 8.55558100739e-05, 3.46537453879e-05, 4.37693379354e-05, 2.85791065835e-05, 2.43507402047e-05, 2.10656471609e-05, 2.66222505161e-05, 2.83670724457e-05, 2.30600489886e-05, 1.64562134159e-05, 2.15048021346e-05, 1.9857305233e-05, 2.15185282286e-05, 2.88042829197e-05, 3.60906888091e-05, 2.13383063965e-05, 1.2054493709e-05, 8.72613145475e-06, 7.1828981163e-06, 6.70771760269e-06, 7.06835362507e-06, 6.09765720583e-06, 5.61773913432e-06, 5.10743848281e-06, 4.92136086905e-06, 4.21805225415e-06, 3.70107250092e-06, 3.19164587381e-06, 2.54597830462e-06, 2.32144589063e-06, 2.19621597353e-06, 1.97132158064e-06, 2.22762537305e-06, 2.43550493906e-06, 2.19372304855e-06, 3.89602428186e-06, 2.82890482595e-06, 2.37455742536e-06, 2.04013576877e-06, 1.58830698638e-06, 3.56818372893e-06, 1.47829473462e-06, 2.95390213978e-06, 1.90623677554e-06, 1.55929569701e-06, 1.53320888785e-06, 1.72824593392e-06, 1.99325540962e-06, 2.69216070592e-06, 3.9945921344e-06, 2.97527435578e-06, 3.91727417082e-06, 6.62375032334e-06, 1.09919847091e-05, 1.88940539374e-05, 1.62110372912e-05, 1.0921113244e-05, 5.73547868044e-06, 4.04013144362e-06, 4.83438998344e-06, 3.05713228954e-06, 1.98531051865e-06, 1.12514646844e-06, 9.44279804571e-07, 1.05409174012e-06, 7.55027258492e-07, 8.46068473948e-07, 5.11477992404e-07, 2.23473975325e-07, 1.47177203758e-07, 1.43214563764e-07, 9.97203386532e-08, 7.95300252321e-08, 3.79952176388e-08, 1.24319736727e-08, 5.62649971059e-09, 2.73424083375e-09, 8.06033781386e-11, 1.4054819808e-11, 1.34423175716e-11, 1.30872682483e-11, 1.29695186882e-11],
        "min": [7.83583267716e-11, 7.91870874428e-11, 8.22283768853e-11, 8.6417588363e-11, 8.93384949352e-11, 8.94945229035e-11, 8.80664013936e-11, 8.98027208152e-11, 1.04022589154e-10, 1.387461257e-10, 1.92560564716e-10, 2.6485991178e-10, 3.61289942408e-10, 4.9033743732e-10, 6.18985196432e-10, 7.1122452372e-10, 7.48504980219e-10, 7.2136258078e-10, 6.46750597522e-10, 5.50667955679e-10, 4.38005964831e-10, 3.27262911215e-10, 2.09370756843e-10, 1.2457726517e-10, 7.15215525693e-11, 3.31147366472e-11, 8.32746285123e-12, 1.58862094486e-12, 6.91756591245e-12, 2.11406777501e-11, 3.24729895751e-11, 2.93979215971e-11, 1.51977597174e-11, 3.39588231667e-12, 2.55962525481e-12, 1.22235494296e-11, 1.92099218477e-11, 1.71930213122e-11, 1.29857635062e-11, 8.79265670689e-12, 6.21161238765e-12, 3.41713246241e-12, 2.00922243253e-12, 2.70234876143e-12, 3.71736755961e-12, 7.12836560612e-12, 1.19068080048e-11, 2.59016419424e-11, 4.65317541443e-11, 6.68847061069e-11, 6.83316320194e-11, 4.19789931982e-11, 1.57099524362e-11, 2.50406965129e-12, 5.42506740486e-13, 4.68955733621e-12, 1.53637050998e-11, 2.47918074958e-11, 1.99697845066e-11, 5.15117462574e-12, 1.34049715772e-12, 7.25984767094e-12, 2.29515018102e-11, 3.02637394312e-11, 1.09979117827e-11, 2.554134855e-12, 3.90572643671e-12, 5.40790676129e-12, 8.86655245752e-12, 8.29065462116e-12, 2.64176202615e-12, 4.53092018115e-13, 2.03618805844e-12, 5.65517858236e-12, 9.86686513743e-12, 1.58631493358e-11, 2.0939605952e-11, 1.5180454116e-11, 4.76331821209e-12, 4.88739257398e-12, 1.75282861142e-11, 1.78840275922e-11, 8.28246585899e-12, 1.05895446492e-12, 2.48521407446e-12, 1.78501484427e-12, 4.23228856475e-12, 8.98581816594e-12, 4.52968522066e-12, 9.17729347377e-12, 1.12439233271e-11, 4.24679432245e-12, 1.23353835826e-11, 1.09247220645e-11, 1.8829373824e-12, 2.30725459354e-13, 2.41510500834e-12, 4.82026614804e-12, 4.28559748453e-12, 4.61798784976e-12, 4.55560155571e-12, 1.92560745994e-12, 3.36382440999e-12, 3.18979413196e-12, 6.91412584738e-13, 6.65529643114e-13, 5.24898646683e-13, 2.12831640332e-12, 1.12482289108e-12, 2.06908708916e-12, 1.83634921505e-12, 1.64244475225e-12, 7.15789623754e-13, 3.56634914742e-13, 3.99230128123e-13, 5.07965143472e-13, 7.06785921022e-13, 7.38671547974e-13, 6.37078606015e-13, 5.99302454451e-13, 4.33072848416e-13, 4.75000626939e-13, 5.6486195929e-13, 1.69243091763e-13, 1.09586527407e-13, 8.55395263085e-14, 1.67821197883e-14, 7.98074654661e-16],
        "stdev": [0.000833898084238, 0.000633456045762, 0.000502362090629, 0.000476062006783, 0.000544957816601, 0.000367808766896, 0.000374247087166, 0.000779980560765, 0.00151676556561, 0.00432980712503, 0.00562010286376, 0.00284344819374, 0.00102457008325, 0.00195687194355, 0.000844170688652, 0.000160922762007, 0.000207092874916, 0.000475966604427, 0.000195515705855, 0.000177643800271, 0.000133148743771, 0.000114304748422, 0.000174818822416, 0.000181997631444, 0.000256752915448, 0.000711084285285, 0.000912857532967, 0.000535183819011, 0.00019838604203, 0.00022934966546, 0.000242603375227, 0.000411671615439, 0.000321578903822, 9.39177116379e-05, 0.000126067490783, 0.000126926519442, 0.000101231191366, 0.00016709783813, 0.0010594293708, 0.00042267452227, 0.000127120743855, 8.60475411173e-05, 7.41282710806e-05, 8.95069970284e-05, 5.60489606869e-05, 0.000229661527555, 0.000287572911475, 0.000114155329356, 0.000211407881579, 7.99657136668e-05, 5.08654084115e-05, 2.64171249e-05, 5.91378629906e-05, 7.0705631515e-05, 4.57022797491e-05, 3.15312172461e-05, 4.4919863285e-05, 3.5141594708e-05, 3.75158742827e-05, 4.98922127008e-05, 6.86506245984e-05, 4.77375215269e-05, 4.14029818785e-05, 2.58083073277e-05, 1.32187578856e-05, 9.93673438643e-06, 1.17975660032e-05, 9.66187599261e-06, 9.09887603484e-06, 7.08398647475e-06, 9.23600964597e-06, 7.52380310587e-06, 6.49967978461e-06, 5.38842914466e-06, 4.0291397454e-06, 3.64340257875e-06, 3.58838451575e-06, 2.92990716844e-06, 4.08713231081e-06, 4.81893175674e-06, 4.33034711023e-06, 1.13268488349e-05, 6.57054124531e-06, 5.86669420954e-06, 5.01930981045e-06, 3.17963917951e-06, 2.0396322725e-05, 2.869857326e-06, 1.21129451145e-05, 4.31788566857e-06, 3.51953372046e-06, 3.59573368769e-06, 6.08874734098e-06, 8.75609384821e-06, 1.48902627188e-05, 2.34995532082e-05, 1.96779474209e-05, 2.83656008833e-05, 6.0290320107e-05, 0.000124412996229, 0.00020487747679, 0.000174780114321, 8.98329162737e-05, 5.26779367647e-05, 3.09874994855e-05, 3.68659348169e-05, 3.01617783407e-05, 1.70759958564e-05, 6.45700947643e-06, 6.12656094745e-06, 6.47459910397e-06, 5.07285449203e-06, 6.42301074549e-06, 3.69765507457e-06, 1.29865429699e-06, 8.04922535735e-07, 8.4708273107e-07, 7.06927210103e-07, 6.31473881185e-07, 2.62919115812e-07, 4.31444782123e-08, 2.36093686823e-08, 1.60840851748e-08, 1.17774889841e-09, 2.46126369285e-10, 2.43144143708e-10, 2.40884423519e-10, 2.39361058751e-10]
    },
    "mfcc": {
        "mean": [-635.164855957, 94.4245147705, -15.5057973862, -7.60004901886, -1.80341875553, -10.7632055283, -8.05980682373, -3.2078306675, -6.48062086105, -6.56180238724, -4.65442466736, -7.47164773941, -9.42794895172],
        "cov": [[1862.90075684, -121.743286133, -69.6029586792, 121.733901978, -6.19735097885, 175.514266968, 169.714767456, 168.807800293, 107.288864136, 128.803314209, 32.4012641907, -16.3102798462, 15.5927343369], [-121.743286133, 637.090881348, 497.97354126, 181.44972229, 190.684448242, 56.7937164307, -46.8422203064, -150.150772095, -198.849884033, -122.319831848, -82.0229644775, -44.0714530945, -23.482624054], [-69.6029586792, 497.97354126, 1776.86206055, 589.858581543, 641.183105469, 169.590713501, 10.2935390472, -138.475784302, -179.444366455, -164.787979126, -159.121810913, -82.7826843262, 23.0378665924], [121.733901978, 181.44972229, 589.858581543, 435.82131958, 233.403762817, 116.835975647, -2.32042050362, 41.9735031128, 1.50387001038, -10.3422880173, -55.082321167, -26.2073764801, 20.3925113678], [-6.19735097885, 190.684448242, 641.183105469, 233.403762817, 334.833709717, 53.3282089233, -25.139881134, -103.373764038, -86.9451599121, -99.5312271118, -84.1165008545, -32.7340774536, 0.460344791412], [175.514266968, 56.7937164307, 169.590713501, 116.835975647, 53.3282089233, 144.74861145, 38.3206520081, 28.0557899475, -15.3198022842, 19.112077713, 17.9727725983, -10.2056398392, 19.4311218262], [169.714767456, -46.8422203064, 10.2935390472, -2.32042050362, -25.139881134, 38.3206520081, 142.551635742, 99.3013916016, 52.9313392639, 74.0955963135, 51.2841911316, 17.330488205, 2.06151628494], [168.807800293, -150.150772095, -138.475784302, 41.9735031128, -103.373764038, 28.0557899475, 99.3013916016, 240.668182373, 145.792755127, 121.972595215, 68.328453064, 34.5235366821, 20.5624599457], [107.288864136, -198.849884033, -179.444366455, 1.50387001038, -86.9451599121, -15.3198022842, 52.9313392639, 145.792755127, 190.862594604, 112.624588013, 32.4395713806, 22.4242305756, 19.6403484344], [128.803314209, -122.319831848, -164.787979126, -10.3422880173, -99.5312271118, 19.112077713, 74.0955963135, 121.972595215, 112.624588013, 153.558456421, 63.4847297668, 17.5278224945, 6.6700835228], [32.4012641907, -82.0229644775, -159.121810913, -55.082321167, -84.1165008545, 17.9727725983, 51.2841911316, 68.328453064, 32.4395713806, 63.4847297668, 104.187568665, 32.0186042786, 7.24352169037], [-16.3102798462, -44.0714530945, -82.7826843262, -26.2073764801, -32.7340774536, -10.2056398392, 17.330488205, 34.5235366821, 22.4242305756, 17.5278224945, 32.0186042786, 66.4424362183, 20.9770298004], [15.5927343369, -23.482624054, 23.0378665924, 20.3925113678, 0.460344791412, 19.4311218262, 2.06151628494, 20.5624599457, 19.6403484344, 6.6700835228, 7.24352169037, 20.9770298004, 53.7179336548]],
        "icov": [[0.000724573270418, 0.000114818023576, 0.000307231734041, -0.000171411622432, -0.000351857219357, -0.000796949025244, -0.000795801286586, -0.000105001352495, 4.41893898824e-05, -0.000149593528477, 0.000541444576811, 0.000318010977935, -5.9571411839e-05], [0.000114818023576, 0.0030424464494, -0.000339210731909, -0.00123708415776, 0.000843666959554, -9.2675050837e-05, -0.000653469527606, 0.000516526924912, 0.00285554025322, -0.000225360607146, 0.00113881239668, -0.000230464924243, 0.000685796083417], [0.000307231734041, -0.000339210731909, 0.00263978168368, -0.00132001482416, -0.00365107390098, -4.43401550001e-05, -0.00179195054807, -0.000236055653659, 0.000943064049352, -8.49472708069e-05, 0.000518654240295, 0.00136194145307, -0.00159805442672], [-0.000171411622432, -0.00123708415776, -0.00132001482416, 0.00772133469582, -0.00311085954309, -0.00338749447837, 0.00411911308765, -0.00405777152628, -0.00161347759422, -0.00143375433981, 0.00129868939985, -0.000347776251147, 0.000519705237821], [-0.000351857219357, 0.000843666959554, -0.00365107390098, -0.00311085954309, 0.0136489793658, 0.000152534572408, -0.00128765695263, 0.00449658138677, -0.00133271003142, 0.00339579046704, 0.00110786920413, -0.00221589114517, 0.00215530162677], [-0.000796949025244, -9.2675050837e-05, -4.43401550001e-05, -0.00338749447837, 0.000152534572408, 0.013290707022, -0.00232902658172, 3.99803975597e-05, 0.00375073961914, -0.00154576671775, -0.00371724320576, 0.00367829063907, -0.0053535583429], [-0.000795801286586, -0.000653469527606, -0.00179195054807, 0.00411911308765, -0.00128765695263, -0.00232902658172, 0.0152838574722, -0.00528887473047, -0.000333237578161, -0.00375348329544, -0.00271488446742, -0.00206758431159, 0.0032029892318], [-0.000105001352495, 0.000516526924912, -0.000236055653659, -0.00405777152628, 0.00449658138677, 3.99803975597e-05, -0.00528887473047, 0.0138143599033, -0.00608658511192, 0.000189270547708, -0.00252339732833, -0.00195517879911, 6.56093106954e-05], [4.41893898824e-05, 0.00285554025322, 0.000943064049352, -0.00161347759422, -0.00133271003142, 0.00375073961914, -0.000333237578161, -0.00608658511192, 0.0178592782468, -0.00815168395638, 0.00471599586308, 0.000724322744645, -0.00399544043466], [-0.000149593528477, -0.000225360607146, -8.49472708069e-05, -0.00143375433981, 0.00339579046704, -0.00154576671775, -0.00375348329544, 0.000189270547708, -0.00815168395638, 0.0183224268258, -0.00547671550885, 0.00137310510036, 0.00203490606509], [0.000541444576811, 0.00113881239668, 0.000518654240295, 0.00129868939985, 0.00110786920413, -0.00371724320576, -0.00271488446742, -0.00252339732833, 0.00471599586308, -0.00547671550885, 0.019979506731, -0.00592542765662, 0.000606016430538], [0.000318010977935, -0.000230464924243, 0.00136194145307, -0.000347776251147, -0.00221589114517, 0.00367829063907, -0.00206758431159, -0.00195517879911, 0.000724322744645, 0.00137310510036, -0.00592542765662, 0.022874571383, -0.00969781633466], [-5.9571411839e-05, 0.000685796083417, -0.00159805442672, 0.000519705237821, 0.00215530162677, -0.0053535583429, 0.0032029892318, 6.56093106954e-05, -0.00399544043466, 0.00203490606509, 0.000606016430538, -0.00969781633466, 0.0261043682694]]
    },
    "spectral_contrast_coeffs": {
        "max": [-0.355703890324, -0.568900227547, -0.505479156971, -0.582504749298, -0.699410557747, -0.692991733551],
        "mean": [-0.637040793896, -0.770453572273, -0.783537328243, -0.805793881416, -0.797627687454, -0.798484146595],
        "min": [-0.955234050751, -0.948404490948, -0.92057454586, -0.914193093777, -0.927590429783, -0.883447051048],
        "stdev": [0.125190347433, 0.0579829365015, 0.0515853576362, 0.0473006814718, 0.0307262036949, 0.0357885323465]
    },
    "spectral_contrast_valleys": {
        "max": [-5.56365394592, -5.32549285889, -5.13128948212, -5.52498292923, -5.99252414703, -7.40478897095],
        "mean": [-7.79879522324, -6.62706041336, -6.94683122635, -7.12590932846, -7.37634658813, -9.64406204224],
        "min": [-12.6120080948, -12.2917575836, -14.3483171463, -13.8477773666, -13.6746492386, -15.3704738617],
        "stdev": [1.15523970127, 0.46458864212, 0.723640501499, 0.655280947685, 0.58854842186, 0.563976407051]
    }
},
"rhythm": {
    "beats_count": 20,
    "beats_loudness": {
        "max": 0.147229239345,
        "mean": 0.0269364230335,
        "min": 0.0042665367946,
        "stdev": 0.0307074375451
    },
    "bpm": 99.2957382202,
    "bpm_histogram_first_peak_bpm": 99,
    "bpm_histogram_first_peak_weight": 0.615384578705,
    "bpm_histogram_second_peak_bpm": 91,
    "bpm_histogram_second_peak_spread": 0.200000047684,
    "bpm_histogram_second_peak_weight": 0.210526317358,
    "danceability": 0.940661430359,
    "onset_rate": 1.88097131252,
    "beats_loudness_band_ratio": {
        "max": [0.45308226347, 0.781004071236, 0.373808145523, 0.545161187649, 0.442295074463, 0.958177149296],
        "mean": [0.151879101992, 0.283328294754, 0.162360370159, 0.205314725637, 0.142428398132, 0.127794668078],
        "min": [0.00121720333118, 0.00651700235903, 0.0026213019155, 0.00160976685584, 0.00101440318394, 0.0146198179573],
        "stdev": [0.15844540298, 0.258069306612, 0.101365640759, 0.165914028883, 0.135984897614, 0.204737320542]
    },
    "beats_position": [0.650158703327, 1.31192743778, 1.9620860815, 2.62385487556, 3.27401351929, 3.9125623703, 4.53950119019, 5.16644001007, 5.79337835312, 6.40870714188, 7.01242637634, 7.61614513397, 8.2198638916, 8.82358264923, 9.41569137573, 10.0078001022, 10.5999088287, 11.1920175552, 11.7725172043, 12.3297958374],
