{
"metadata": {
    "version": {
        "essentia": "2.1-beta5",
        "essentia_git_sha": "Undefined",
        "extractor": "music 2.0"
    },
    "audio_properties": {
        "analysis": {
            "equal_loudness": 0,
            "length": 29.0017242432,
            "sample_rate": 44100,
            "start_time": 113.742950439,
            "downmix": "mix"
        },
        "bit_rate": 192000,
        "length": 177.40045166,
        "lossless": 0,
        "number_channels": 2,
        "replay_gain": -4.45301628113,
        "sample_rate": 48000,
        "codec": "mp3",
        "md5_encoded": "adae7e60dada31b261791fc8753013f8"
    },
    "tags": {
        "file_name": "Belarus_Mum_Polina Smolova.mp3",
        "encoding": ["Lavf58.29.100"]
    }
},
"lowlevel": {
    "average_loudness": 0.981036424637,
    "barkbands_crest": {
        "max": 22.2076835632,
        "mean": 7.5724697113,
        "min": 2.12918806076,
        "stdev": 3.52516174316
    },
    "barkbands_flatness_db": {
        "max": 0.183325573802,
        "mean": 0.0743597298861,
        "min": 0.0240182802081,
        "stdev": 0.0246917307377
    },
    "barkbands_kurtosis": {
        "max": 18.2830486298,
        "mean": -0.29672896862,
        "min": -1.87353086472,
        "stdev": 1.51263892651
    },
    "barkbands_skewness": {
        "max": 4.14020776749,
        "mean": 0.475130528212,
        "min": -1.87550497055,
        "stdev": 0.667199552059
    },
    "barkbands_spread": {
        "max": 109.985214233,
        "mean": 43.6847839355,
        "min": 10.1233205795,
        "stdev": 15.6464281082
    },
    "dissonance": {
        "max": 0.499998539686,
        "mean": 0.482527583838,
        "min": 0.409354954958,
        "stdev": 0.0141407726333
    },
    "dynamic_complexity": 1.65423095226,
    "erbbands_crest": {
        "max": 24.9660224915,
        "mean": 8.00467681885,
        "min": 2.35896611214,
        "stdev": 4.01032304764
    },
    "erbbands_flatness_db": {
        "max": 0.25615003705,
        "mean": 0.123398438096,
        "min": 0.0558015704155,
        "stdev": 0.0318663865328
    },
    "erbbands_kurtosis": {
        "max": 7.5358877182,
        "mean": 0.206003218889,
        "min": -1.47034096718,
        "stdev": 1.16381788254
    },
    "erbbands_skewness": {
        "max": 2.13527369499,
        "mean": 0.0177193582058,
        "min": -2.05376935005,
        "stdev": 0.584985494614
    },
    "erbbands_spread": {
        "max": 108.372550964,
        "mean": 39.6065635681,
        "min": 10.6329603195,
        "stdev": 14.8885469437
    },
    "hfc": {
        "max": 395.521728516,
        "mean": 50.2497940063,
        "min": 1.89908587933,
        "stdev": 33.4192123413
    },
    "loudness_ebu128": {
        "integrated": -17.6075458527,
        "loudness_range": 0.933259963989,
        "momentary": {
            "max": -15.7492465973,
            "mean": -17.7059688568,
            "min": -20.8223762512,
            "stdev": 0.942017614841
        },
        "short_term": {
            "max": -17.0241909027,
            "mean": -17.642578125,
            "min": -18.6095714569,
            "stdev": 0.363297909498
        }
    },
    "melbands_crest": {
        "max": 27.0512580872,
        "mean": 11.870013237,
        "min": 3.04257559776,
        "stdev": 4.57953500748
    },
    "melbands_flatness_db": {
        "max": 0.273334950209,
        "mean": 0.104687161744,
        "min": 0.0219468232244,
        "stdev": 0.0392924286425
    },
    "melbands_kurtosis": {
        "max": 64.7947769165,
        "mean": 4.20924091339,
        "min": -1.4900226593,
        "stdev": 6.5743970871
    },
    "melbands_skewness": {
        "max": 7.5513343811,
        "mean": 1.68508982658,
        "min": -0.743458390236,
        "stdev": 1.08002245426
    },
    "melbands_spread": {
        "max": 210.771286011,
        "mean": 52.4967956543,
        "min": 5.70687007904,
        "stdev": 23.5340061188
    },
    "pitch_salience": {
        "max": 0.843817055225,
        "mean": 0.587712407112,
        "min": 0.179878786206,
        "stdev": 0.0948310121894
    },
    "silence_rate_20dB": {
        "max": 1,
        "mean": 1,
        "min": 1,
        "stdev": 0
    },
    "silence_rate_30dB": {
        "max": 1,
        "mean": 1,
        "min": 1,
        "stdev": 0
    },
    "silence_rate_60dB": {
        "max": 1,
        "mean": 0.00639999983832,
        "min": 0,
        "stdev": 0.079743809998
    },
    "spectral_centroid": {
        "max": 4027.00195312,
        "mean": 2409.14331055,
        "min": 791.104919434,
        "stdev": 517.554138184
    },
    "spectral_complexity": {
        "max": 56,
        "mean": 33.0103988647,
        "min": 2,
        "stdev": 9.50354862213
    },
    "spectral_decrease": {
        "max": -1.52039394963e-10,
        "mean": -6.06187944285e-09,
        "min": -2.25835155021e-08,
        "stdev": 3.48322060084e-09
    },
    "spectral_energy": {
        "max": 0.0968084931374,
        "mean": 0.0274367555976,
        "min": 0.000767059158534,
        "stdev": 0.0146252373233
    },
    "spectral_energyband_high": {
        "max": 0.0377973467112,
        "mean": 0.00370058021508,
        "min": 6.55644980725e-05,
        "stdev": 0.00323757715523
    },
    "spectral_energyband_low": {
        "max": 0.0493915788829,
        "mean": 0.00726894848049,
        "min": 1.16540450108e-05,
        "stdev": 0.00820083171129
    },
    "spectral_energyband_middle_high": {
        "max": 0.0843422859907,
        "mean": 0.0106619186699,
        "min": 0.000148517108755,
        "stdev": 0.00853706803173
    },
    "spectral_energyband_middle_low": {
        "max": 0.0581900812685,
        "mean": 0.00691955629736,
        "min": 0.000155731497216,
        "stdev": 0.00655477587134
    },
    "spectral_entropy": {
        "max": 8.79932594299,
        "mean": 8.13720226288,
        "min": 7.28928613663,
        "stdev": 0.211386144161
    },
    "spectral_flux": {
        "max": 0.301450937986,
        "mean": 0.109553225338,
        "min": 0.022241525352,
        "stdev": 0.0403382144868
    },
    "spectral_kurtosis": {
        "max": 11.7500295639,
        "mean": 2.43933939934,
        "min": -1.23770320415,
        "stdev": 1.00470685959
    },
    "spectral_rms": {
        "max": 0.00971840042621,
        "mean": 0.00499307410792,
        "min": 0.000865072477609,
        "stdev": 0.00135528750252
    },
    "spectral_rolloff": {
        "max": 11692.5292969,
        "mean": 3863.72680664,
        "min": 107.666015625,
        "stdev": 2202.04003906
    },
    "spectral_skewness": {
        "max": 2.62572741508,
        "mean": 1.26349723339,
        "min": 0.374811530113,
        "stdev": 0.216541454196
    },
    "spectral_spread": {
        "max": 14449306,
        "mean": 6014879,
        "min": 2923489.75,
        "stdev": 1396135.625
    },
    "spectral_strongpeak": {
        "max": 13.1520023346,
        "mean": 1.25869643688,
        "min": 0.0133195742965,
        "stdev": 1.70148682594
    },
    "zerocrossingrate": {
        "max": 0.40478515625,
        "mean": 0.128932029009,
        "min": 0.0341796875,
        "stdev": 0.0456153005362
    },
    "barkbands": {
        "max": [0.00139675685205, 0.0458423346281, 0.0287463888526, 0.0152753936127, 0.0217853747308, 0.0272934511304, 0.0366939529777, 0.04751188308, 0.0227160230279, 0.0554284453392, 0.0289042070508, 0.0228304695338, 0.0371771082282, 0.0244345068932, 0.021371845156, 0.0103820888326, 0.00509294262156, 0.00461407704279, 0.010701643303, 0.00850343797356, 0.00476410705596, 0.0033605042845, 0.00533851142973, 0.0100862151012, 0.0240297876298, 0.00294166104868, 0.000120828328363],
        "mean": [0.000107036081317, 0.00424855202436, 0.00221434375271, 0.00117848487571, 0.00122169032693, 0.00108187168371, 0.00119786686264, 0.000422599900048, 0.00105639407411, 0.00169390277006, 0.000810809142422, 0.00128457846586, 0.00177148880903, 0.00158062297851, 0.000940322468523, 0.00050256884424, 0.000539408472832, 0.000500997935887, 0.000867845839821, 0.00101077137515, 0.000670272798743, 0.000428527971962, 0.000484587915707, 0.000546278373804, 0.000732909480575, 0.000339539081324, 2.48090100285e-06],
        "min": [1.99978451576e-08, 1.95705729311e-06, 1.40688746342e-06, 3.4718976849e-07, 8.71400061442e-06, 3.97114990847e-06, 6.28953830528e-06, 3.4911261082e-06, 1.19168589663e-05, 5.07254662807e-06, 5.52250912733e-06, 8.20458262751e-06, 1.2826270904e-05, 1.11276440293e-05, 1.48538720168e-05, 1.19260766951e-05, 1.00539509731e-05, 6.27048393653e-06, 1.40758411362e-05, 3.09050556098e-05, 1.03094416772e-05, 9.48817705648e-06, 1.13994219646e-05, 1.03049678728e-05, 9.77974104899e-06, 2.80453264168e-06, 8.5402747374e-11],
        "stdev": [0.000161513962667, 0.00635851360857, 0.00330491783097, 0.00192960584536, 0.0021805902943, 0.00202513998374, 0.00288538588211, 0.00156063516624, 0.0017979061231, 0.00374226714484, 0.00179541460238, 0.00217259046622, 0.0026703204494, 0.00267783505842, 0.00159982778132, 0.000640020647552, 0.000467012083391, 0.000464431504952, 0.000884512788616, 0.000889035407454, 0.000574827718083, 0.000394302245695, 0.000467545352876, 0.000686951738317, 0.00143783225212, 0.000466310302727, 9.36464039114e-06]
    },
    "erbbands": {
        "max": [1.07291209698, 10.7994642258, 28.2479228973, 44.2404174805, 39.7904815674, 116.412452698, 93.9732818604, 310.779174805, 644.657226562, 790.939147949, 497.199645996, 472.488464355, 1039.46057129, 2373.87890625, 822.32409668, 1058.8215332, 2014.29943848, 1288.07116699, 1511.88098145, 1249.95800781, 196.283096313, 319.492889404, 166.846755981, 598.473205566, 356.944488525, 382.273498535, 284.063354492, 120.822463989, 143.583709717, 178.607498169, 113.009529114, 100.878234863, 222.460540771, 353.13168335, 172.071029663, 25.0505332947, 6.00102043152, 0.887415468693, 0.0224467515945, 0.000810571247712],
        "mean": [0.0888062566519, 1.06967496872, 2.48839831352, 3.75082230568, 3.3988032341, 4.3831820488, 5.1991147995, 10.3308191299, 17.967792511, 13.3203754425, 11.1692790985, 24.162311554, 53.0311317444, 38.177898407, 33.3761100769, 60.5799484253, 81.4689407349, 91.3033447266, 46.6622390747, 49.8044242859, 28.322265625, 27.4025535583, 27.1962280273, 45.7793769836, 39.2013511658, 48.4531669617, 35.1651878357, 20.5740852356, 15.9961261749, 15.6977863312, 12.852183342, 11.1723880768, 9.24462795258, 8.64072990417, 4.90139198303, 1.79647386074, 0.584550142288, 0.0591324940324, 0.00135022809263, 9.83426652965e-05],
        "min": [5.66103844903e-05, 0.000240147172008, 0.0036941615399, 0.0115188471973, 0.0109628019854, 0.0227499771863, 0.0227393619716, 0.0480481758714, 0.126874685287, 0.196218192577, 0.252553403378, 0.31373488903, 0.170186012983, 0.278792709112, 0.274480849504, 0.352163344622, 0.591455221176, 0.652404904366, 0.856690704823, 0.469303190708, 0.805874824524, 0.565645396709, 0.403138101101, 0.54674243927, 0.850254833698, 1.41155636311, 0.654818475246, 0.29823577404, 0.33571305871, 0.335387706757, 0.340901315212, 0.243571951985, 0.149837568402, 0.100184798241, 0.0606579259038, 0.0199925899506, 0.00261935638264, 0.000100532088254, 9.53284234129e-06, 3.04731429424e-06],
        "stdev": [0.139551997185, 1.5937795639, 3.30792236328, 5.81850576401, 4.64762544632, 9.51381587982, 8.68946170807, 21.1399993896, 44.7134094238, 37.3765716553, 24.1309947968, 41.5559005737, 108.040504456, 106.416984558, 58.8892440796, 93.1172027588, 127.240386963, 141.159576416, 83.8846130371, 87.3722076416, 23.502412796, 22.0809364319, 22.2085475922, 45.5405807495, 33.3630638123, 42.8381156921, 33.2446098328, 16.4952468872, 14.6222553253, 15.4890966415, 11.9904060364, 12.0884256363, 13.65924263, 17.4786052704, 9.70034503937, 2.49170732498, 0.83491230011, 0.0997169837356, 0.00236002961174, 0.000100314602605]
    },
    "gfcc": {
        "mean": [67.7092819214, 33.7351608276, -120.620140076, 35.2257652283, -58.291431427, 30.1793365479, -39.7476806641, 17.236530304, -34.8943405151, 14.4944934845, -17.6324310303, 0.111735865474, -16.8889026642],
        "cov": [[1106.25415039, -200.68548584, 211.684951782, -131.971405029, 0.620551526546, 15.9404582977, 38.0894889832, -12.4319992065, -48.255191803, -24.4307842255, -57.7074584961, 64.3342590332, -41.5337944031], [-200.68548584, 521.555847168, -60.7723693848, 136.082000732, 78.7076873779, 9.03807926178, 45.7208404541, 10.6216039658, 52.2337341309, -1.45048975945, 35.4084625244, -13.0537128448, 45.809677124], [211.684951782, -60.7723693848, 492.676055908, 113.655487061, 93.8551177979, -5.26540803909, -34.2330932617, 14.7752075195, 30.9938144684, 8.53336715698, -49.385219574, 44.8433418274, -23.2426357269], [-131.971405029, 136.082000732, 113.655487061, 286.662017822, 84.7614440918, 12.4548158646, 14.9175853729, 11.7472877502, 67.3768463135, 23.9487724304, -2.90475940704, 8.08804702759, 25.9861240387], [0.620551526546, 78.7076873779, 93.8551177979, 84.7614440918, 175.30581665, 91.863822937, 42.9835853577, 28.2764282227, 18.8781776428, 10.6633787155, 4.78038024902, 5.11300802231, 8.7472114563], [15.9404582977, 9.03807926178, -5.26540803909, 12.4548158646, 91.863822937, 156.663040161, 94.8491592407, 34.5783615112, -0.302400648594, 9.10359764099, 21.2539577484, -3.14126300812, 7.60072660446], [38.0894889832, 45.7208404541, -34.2330932617, 14.9175853729, 42.9835853577, 94.8491592407, 142.800979614, 48.4771118164, 4.03659820557, 16.4056987762, 18.6459407806, 0.839746236801, 7.81072998047], [-12.4319992065, 10.6216039658, 14.7752075195, 11.7472877502, 28.2764282227, 34.5783615112, 48.4771118164, 88.8374328613, 46.8714675903, 21.2352466583, 13.4499206543, -4.7701253891, 8.37261486053], [-48.255191803, 52.2337341309, 30.9938144684, 67.3768463135, 18.8781776428, -0.302400648594, 4.03659820557, 46.8714675903, 89.1377944946, 28.7855968475, 7.43547105789, 10.3387384415, 11.0274591446], [-24.4307842255, -1.45048975945, 8.53336715698, 23.9487724304, 10.6633787155, 9.10359764099, 16.4056987762, 21.2352466583, 28.7855968475, 65.2196273804, 33.9344863892, 4.35838365555, 10.4647216797], [-57.7074584961, 35.4084625244, -49.385219574, -2.90475940704, 4.78038024902, 21.2539577484, 18.6459407806, 13.4499206543, 7.43547105789, 33.9344863892, 78.512550354, 16.867773056, 12.3056030273], [64.3342590332, -13.0537128448, 44.8433418274, 8.08804702759, 5.11300802231, -3.14126300812, 0.839746236801, -4.7701253891, 10.3387384415, 4.35838365555, 16.867773056, 58.3918876648, 13.3768310547], [-41.5337944031, 45.809677124, -23.2426357269, 25.9861240387, 8.7472114563, 7.60072660446, 7.81072998047, 8.37261486053, 11.0274591446, 10.4647216797, 12.3056030273, 13.3768310547, 53.7311172485]],
        "icov": [[0.00132446736097, 0.000143007200677, -0.000519416702446, 0.00075879949145, -5.98715923843e-05, 0.00010286802717, -0.000869783863891, 0.00022048165556, 0.000277877261396, -0.000235044994042, 0.00108228810132, -0.00155699299648, 0.000525998184457], [0.000143007200677, 0.00346015510149, 3.45069893228e-05, -0.000365000305464, -0.00227593909949, 0.00273720128462, -0.00293203000911, 0.00279789138585, -0.00343110621907, 0.00352246291004, -0.00328893656842, 0.00316866021603, -0.00269196787849], [-0.000519416702446, 3.45069893228e-05, 0.00393870146945, -0.00171249511186, -0.00153452099767, -0.000153854271048, 0.00235946360044, -0.00263897515833, 0.00179835408926, -0.00220793858171, 0.00326688960195, -0.00406175339594, 0.00276483199559], [0.00075879949145, -0.000365000305464, -0.00171249511186, 0.00674965465441, -0.0023936603684, 0.001598369563, -0.00276102381758, 0.0043707061559, -0.00548173114657, 0.000182098301593, -9.43021314015e-06, 0.00169999268837, -0.00255501759239], [-5.98715923843e-05, -0.00227593909949, -0.00153452099767, -0.0023936603684, 0.0127992071211, -0.00901424977928, 0.00378050887957, -0.00354697345756, 0.00323896692134, -0.00230009295046, 0.00225048698485, -0.00225812685676, 0.00141260051169], [0.00010286802717, 0.00273720128462, -0.000153854271048, 0.001598369563, -0.00901424977928, 0.0181423481554, -0.0111777419224, 0.00350838387385, -0.00335748563521, 0.00488511798903, -0.00591603480279, 0.00531303090975, -0.00334463012405], [-0.000869783863891, -0.00293203000911, 0.00235946360044, -0.00276102381758, 0.00378050887957, -0.0111777419224, 0.0189008507878, -0.0116340564564, 0.00888940878212, -0.00653082504869, 0.00515497336164, -0.00681398622692, 0.00417777709663], [0.00022048165556, 0.00279789138585, -0.00263897515833, 0.0043707061559, -0.00354697345756, 0.00350838387385, -0.0116340564564, 0.0279612857848, -0.0189073570073, 0.00516651151702, -0.00722741056234, 0.0112540405244, -0.00632739532739], [0.000277877261396, -0.00343110621907, 0.00179835408926, -0.00548173114657, 0.00323896692134, -0.00335748563521, 0.00888940878212, -0.0189073570073, 0.0295879542828, -0.0119347851723, 0.00858316384256, -0.0119006345049, 0.00541978795081], [-0.000235044994042, 0.00352246291004, -0.00220793858171, 0.000182098301593, -0.00230009295046, 0.00488511798903, -0.00653082504869, 0.00516651151702, -0.0119347851723, 0.0293195676059, -0.0163080524653, 0.0097905350849, -0.00636372342706], [0.00108228810132, -0.00328893656842, 0.00326688960195, -9.43021314015e-06, 0.00225048698485, -0.00591603480279, 0.00515497336164, -0.00722741056234, 0.00858316384256, -0.0163080524653, 0.0272307507694, -0.0148808192462, 0.00478861946613], [-0.00155699299648, 0.00316866021603, -0.00406175339594, 0.00169999268837, -0.00225812685676, 0.00531303090975, -0.00681398622692, 0.0112540405244, -0.0119006345049, 0.0097905350849, -0.0148808192462, 0.0322959460318, -0.0117280418053], [0.000525998184457, -0.00269196787849, 0.00276483199559, -0.00255501759239, 0.00141260051169, -0.00334463012405, 0.00417777709663, -0.00632739532739, 0.00541978795081, -0.00636372342706, 0.00478861946613, -0.0117280418053, 0.0263165533543]]
    },
    "melbands": {
        "max": [0.0117648206651, 0.011257362552, 0.00717026367784, 0.00453309621662, 0.00391876092181, 0.00633124448359, 0.00904295872897, 0.0103122163564, 0.00317421136424, 0.00322325038724, 0.005094635766, 0.0102354278788, 0.00300022703595, 0.00275125843473, 0.00312873581424, 0.00361733627506, 0.00291387457401, 0.00282909907401, 0.00191889773123, 0.000962364021689, 0.000265612325165, 0.000324970169459, 0.000245315779466, 0.000250830868026, 0.000576474471018, 0.000393035821617, 0.000247188872891, 0.000311661540763, 0.000228124074056, 0.000109501736006, 7.44815988583e-05, 0.000102293335658, 7.03052719473e-05, 0.000119900403661, 6.97463838151e-05, 5.38759995834e-05, 6.97314972058e-05, 0.000125826642034, 0.000224639923545, 0.000332340918249],
        "mean": [0.00103374244645, 0.00136775942519, 0.000628913985565, 0.000268476724159, 0.000192374747712, 0.000235241575865, 0.000267773721134, 0.000130758082378, 0.000104721031676, 0.000152530628839, 0.000266479270067, 0.000156567824888, 0.000111343171739, 0.000135768685141, 0.000180199640454, 0.000168817612575, 0.00017064466374, 7.58875539759e-05, 6.68334032525e-05, 4.80859271192e-05, 3.17731537507e-05, 2.74049070867e-05, 2.68439671345e-05, 2.66540373559e-05, 3.88069020119e-05, 2.95506324619e-05, 3.10231407639e-05, 3.14854587486e-05, 2.45825285674e-05, 1.44371060742e-05, 1.13767155199e-05, 8.79782328411e-06, 8.3556114987e-06, 9.20188267628e-06, 7.44226417737e-06, 6.98795020071e-06, 6.71995485391e-06, 6.4142463998e-06, 6.39600239083e-06, 7.79141919338e-06],
        "min": [7.02905197159e-07, 1.6247502117e-06, 2.40816189034e-06, 2.19244725486e-06, 1.01573255051e-06, 1.0164046671e-06, 1.62813216775e-06, 1.84907366929e-06, 2.05927699426e-06, 1.65562892107e-06, 7.29170324121e-07, 1.07557059437e-06, 8.47467674703e-07, 7.57874090596e-07, 1.09778943624e-06, 1.28593694626e-06, 1.06902814423e-06, 1.35904735998e-06, 8.52849495914e-07, 6.17132229763e-07, 8.48273600695e-07, 5.97440021011e-07, 2.52049005667e-07, 2.79959067484e-07, 3.57808289664e-07, 4.71869157082e-07, 9.57918018685e-07, 7.74623515554e-07, 3.97849362344e-07, 2.91775876349e-07, 1.2608596478e-07, 1.79899018349e-07, 2.00948235829e-07, 1.14460576128e-07, 2.28921436474e-07, 1.2563189955e-07, 1.54331999624e-07, 1.05313702647e-07, 1.00361823741e-07, 7.00851643387e-08],
        "stdev": [0.00157403026242, 0.00164878868964, 0.000918877543882, 0.000429123727372, 0.000351669412339, 0.000464634911623, 0.000654402712826, 0.000412585650338, 0.000220280693611, 0.000255333608948, 0.000553061137907, 0.000457142101368, 0.00021845678566, 0.000238760869252, 0.000280207197648, 0.000246366485953, 0.000293278222671, 0.00016210557078, 0.000117849114758, 7.62924755691e-05, 2.76742248388e-05, 2.31321901083e-05, 2.56804687524e-05, 2.7485024475e-05, 4.34763387602e-05, 3.41973063769e-05, 2.77796498267e-05, 2.97795832012e-05, 2.62291177933e-05, 1.26014483612e-05, 9.90186345007e-06, 8.32245041238e-06, 8.38749019749e-06, 9.67413234321e-06, 7.16659269528e-06, 7.24605979485e-06, 7.81656217441e-06, 8.97900736163e-06, 1.23837235151e-05, 1.66713671206e-05]
    },
    "melbands128": {
        "max": [0.00107344856951, 0.00619726860896, 0.0187404975295, 0.0181884597987, 0.0139441806823, 0.0138356629759, 0.0103354789317, 0.00648262444884, 0.00407710298896, 0.00404214346781, 0.00852638762444, 0.00752884894609, 0.00413114530966, 0.00410743942484, 0.0112838875502, 0.0114739015698, 0.0113648837432, 0.0126382233575, 0.00892330240458, 0.0121613657102, 0.0180639848113, 0.00616814615205, 0.00507340580225, 0.00807586777955, 0.00457040825859, 0.00545161496848, 0.0055621098727, 0.00901492964476, 0.0121041182429, 0.0147808464244, 0.0133249722421, 0.00515592191368, 0.00560165429488, 0.00387490075082, 0.00505120353773, 0.00509465066716, 0.0039913742803, 0.00504294317216, 0.00529289292172, 0.00963688082993, 0.00468248035759, 0.00448697712272, 0.00360943423584, 0.00517033040524, 0.00425766734406, 0.00620360905305, 0.00266495253891, 0.00203650863841, 0.00510323280469, 0.00307321338914, 0.00109914818313, 0.000808896322269, 0.000511847552843, 0.000452289241366, 0.000672750989906, 0.000355376134394, 0.000643803738058, 0.00059078889899, 0.000259939668467, 0.000281563668977, 0.000518883869518, 0.00050205597654, 0.000536555191502, 0.00131399044767, 0.00176443194505, 0.000577089842409, 0.000484097719891, 0.000397759431507, 0.000335113727488, 0.000695796101354, 0.000321843777783, 0.000721592747141, 0.000410855282098, 0.000471800478408, 0.000226224306971, 0.000161014031619, 0.000159552510013, 0.000115093913337, 0.000108429296233, 9.80041513685e-05, 0.000203286050237, 7.26334037608e-05, 0.000105778039142, 7.41270705475e-05, 0.00012386101298, 0.000149844534462, 0.000151965505211, 0.000101384117443, 8.2150385424e-05, 5.61187371204e-05, 7.25717181922e-05, 6.95291673765e-05, 8.03813745733e-05, 9.8012475064e-05, 0.000118076415674, 0.000120670054457, 0.000150016698171, 0.000147639409988, 0.000355360243702, 0.000189922458958, 0.000411327986512, 0.000421899487264, 0.000353181530954, 0.000302464235574, 0.000241471556365, 0.00012852641521, 7.58827227401e-05, 5.07959484821e-05, 4.37746566604e-05, 4.48498140031e-05, 4.27977938671e-05, 2.12267023016e-05, 1.9623856133e-05, 2.86503764073e-05, 2.62511257461e-05, 1.33784214995e-05, 3.56976102012e-06, 1.68651445165e-06, 1.38950701967e-06, 7.95274729626e-07, 9.00721659036e-07, 5.90064644257e-07, 2.67852840352e-07, 1.43365470606e-08, 1.38439641972e-08, 1.34930440154e-08, 1.32142536913e-08, 1.30577557655e-08],
        "mean": [8.42596855364e-05, 0.000486279051984, 0.00156269513536, 0.00184616085608, 0.00135653011966, 0.00109031307511, 0.000812500307802, 0.000512615719344, 0.000306851376081, 0.000252760626609, 0.000247281161137, 0.000221112990403, 0.000153175438754, 0.00018756253121, 0.000213186460314, 0.000273645826383, 0.000314738514135, 0.000285544927465, 0.000183395124623, 0.000153585249791, 9.82432684395e-05, 7.46897203499e-05, 7.56192966946e-05, 0.000169422230101, 0.000184498756425, 8.87660498847e-05, 0.000218721601414, 0.000357484968845, 0.000242788504693, 0.000158942275448, 0.000127513820189, 0.00013799458975, 0.000122853394714, 7.72398198023e-05, 9.94385991362e-05, 0.000165509976796, 0.000181092094863, 0.000133715569973, 0.000250493205385, 0.000163170494488, 0.000129051884869, 0.000204911921173, 0.000190679973457, 0.000160426992807, 7.87156677688e-05, 7.60118055041e-05, 4.76463646919e-05, 4.58653121314e-05, 9.49411623878e-05, 8.00217530923e-05, 3.05026896967e-05, 2.82303371932e-05, 3.29516187776e-05, 3.31153751176e-05, 3.1052808481e-05, 2.10128509934e-05, 2.59762073256e-05, 4.33681416325e-05, 1.79228482011e-05, 1.69740633282e-05, 2.79891555692e-05, 2.97549158859e-05, 4.13844645664e-05, 4.06313338317e-05, 3.68962610082e-05, 3.13570781145e-05, 2.29086181207e-05, 2.4362869226e-05, 3.14992721542e-05, 4.3885436753e-05, 3.00316896755e-05, 2.75001075352e-05, 2.70254640782e-05, 2.6163237635e-05, 1.89350048458e-05, 1.53035962285e-05, 1.24474718177e-05, 9.52871323534e-06, 1.34840529427e-05, 1.06108036562e-05, 7.68017616792e-06, 8.30394856166e-06, 1.01606528915e-05, 7.73853207647e-06, 7.50323624743e-06, 9.12056020752e-06, 1.02828689705e-05, 8.48175022838e-06, 7.26758253222e-06, 6.52700282444e-06, 6.93816673447e-06, 6.88333739163e-06, 7.64912965678e-06, 5.9990252339e-06, 6.92342973707e-06, 6.80538505549e-06, 6.08276059211e-06, 6.22655943516e-06, 6.40408097752e-06, 6.15760200162e-06, 7.35164439902e-06, 8.32593650557e-06, 8.28709198686e-06, 6.56517886455e-06, 5.74299201617e-06, 4.37707012679e-06, 3.74366982214e-06, 3.4014776702e-06, 3.37689971275e-06, 2.35984794017e-06, 2.18216041503e-06, 1.96311862055e-06, 1.74615331616e-06, 1.9618778424e-06, 1.44581963468e-06, 4.13055630588e-07, 5.59250459276e-08, 2.42632669512e-08, 1.55956882963e-08, 7.94755194988e-09, 4.51673010105e-09, 2.75276423878e-09, 1.14483267311e-09, 3.62030648515e-11, 1.68113630655e-11, 1.63052696345e-11, 1.59429431462e-11, 1.57666414646e-11],
        "min": [2.57490540001e-09, 5.47433671727e-08, 3.85494274724e-07, 1.50606950911e-07, 6.11610914802e-07, 6.97976759056e-07, 7.97620032245e-07, 7.84321656511e-08, 5.77741502639e-07, 7.88780994299e-07, 4.85223381474e-07, 6.4002608724e-07, 4.30684877983e-07, 2.66181643838e-07, 4.37518764329e-07, 6.9299238703e-07, 7.15913415661e-07, 9.33928561153e-07, 6.7086261879e-07, 4.31884188856e-07, 1.85797745189e-07, 3.23700305671e-07, 4.66115153586e-07, 4.3137399075e-07, 1.1837173588e-06, 5.9467038227e-07, 2.77143044514e-07, 3.6581468521e-07, 9.17061470318e-07, 6.99189286024e-07, 1.97260902723e-07, 4.48907911732e-07, 4.52860319911e-07, 2.45456504899e-07, 2.73277237284e-07, 4.8301615152e-07, 4.52386814231e-07, 6.62540344365e-07, 7.76581600803e-07, 5.76650904804e-07, 3.71783130504e-07, 5.64357549138e-07, 1.1187759128e-06, 6.52779476695e-07, 5.80929736316e-07, 5.13275779213e-07, 6.75170326758e-07, 2.12518173726e-07, 6.54971472613e-07, 3.21115948054e-07, 2.8627272286e-07, 1.01138752484e-07, 3.16880687024e-07, 5.67754909753e-07, 3.88487308101e-07, 2.49276212116e-07, 2.5308804652e-07, 2.05521217822e-07, 2.89234492357e-07, 2.71518445061e-07, 2.65204107563e-07, 2.74066138672e-07, 2.45315760594e-07, 3.45953935721e-07, 3.65711201766e-07, 4.060960066e-07, 3.64193851965e-07, 3.92556046336e-07, 8.51344964303e-07, 9.20236516322e-07, 1.19605672921e-07, 4.36796341319e-07, 3.45988951267e-07, 3.04129741835e-07, 2.72735547924e-07, 3.00245972085e-07, 2.10137685031e-07, 1.4478436583e-07, 7.70640937731e-08, 1.03490705783e-07, 1.87151968589e-07, 1.50152061451e-07, 2.16599261194e-07, 1.11020085569e-07, 8.21169336973e-08, 8.28622290783e-08, 1.09125366521e-07, 1.30446537128e-07, 1.22959818327e-07, 1.42839567729e-07, 1.03862689116e-07, 8.61305693434e-08, 1.49019470541e-07, 1.12261211882e-07, 1.41280736443e-07, 1.05198182609e-07, 7.11077134952e-08, 1.16035273834e-07, 9.98446125777e-08, 2.03514005648e-08, 9.97937092961e-08, 3.56036089499e-08, 4.15959853228e-08, 3.53869467062e-08, 5.50585532721e-08, 4.66416558709e-08, 2.10280930446e-08, 2.58768633188e-08, 1.23379733097e-08, 1.73012875138e-08, 1.48243124443e-08, 4.25341939447e-09, 2.53755794155e-09, 1.88316340299e-09, 4.0453015937e-10, 8.18047777955e-13, 4.62217232804e-13, 3.18883347462e-13, 2.06797510431e-13, 1.91567952907e-13, 2.20071356971e-13, 2.29254386742e-13, 1.75058101695e-13, 2.05067232184e-13, 1.64745319708e-13, 5.82407657258e-14, 9.80408872711e-15, 3.87181407168e-16],
        "stdev": [0.000135551352287, 0.000839079613797, 0.00263855955563, 0.00282663013786, 0.00184261903632, 0.00166539195925, 0.00134094397072, 0.000825127353892, 0.000454906723462, 0.00043470892706, 0.000635438831523, 0.000594360521063, 0.000305369700072, 0.000348377245246, 0.000533013429958, 0.000755829678383, 0.000813189311884, 0.00100215221755, 0.000534969207365, 0.000507529475726, 0.000555336882826, 0.000242251189775, 0.000224203089601, 0.000465820980025, 0.000400063901907, 0.000239476677962, 0.000518319138791, 0.000908556918148, 0.000717125774827, 0.000639673671685, 0.000600560219027, 0.000357137731044, 0.00032125870348, 0.000246894574957, 0.000282983062789, 0.000380040612072, 0.000405554572353, 0.000338203739375, 0.000500004447531, 0.000453762739198, 0.000264875037828, 0.000383287813747, 0.000426383252488, 0.00043213868048, 0.000241037996602, 0.000283864006633, 0.000126366576296, 0.000111334418762, 0.000253016070928, 0.000197941903025, 5.8324978454e-05, 4.36930858996e-05, 4.24815152655e-05, 3.48124995071e-05, 4.08267333114e-05, 2.46723375312e-05, 3.16095538437e-05, 5.85996713198e-05, 2.05865453609e-05, 2.32972815866e-05, 4.16641705669e-05, 4.09957792726e-05, 5.20576031704e-05, 7.17114598956e-05, 8.52017183206e-05, 5.19664172316e-05, 3.17735466524e-05, 3.1590461731e-05, 3.57673270628e-05, 5.94979683228e-05, 3.18593229167e-05, 4.18982490373e-05, 3.33864954882e-05, 3.83385195164e-05, 2.26356496569e-05, 1.54484841914e-05, 1.33738321892e-05, 1.10578166641e-05, 1.3706719983e-05, 1.08322365122e-05, 1.04857617771e-05, 9.10600101633e-06, 1.16412602438e-05, 8.53595975059e-06, 9.97227652988e-06, 1.13193209472e-05, 1.20231125038e-05, 1.01997384263e-05, 7.76187062002e-06, 6.61115564071e-06, 8.15872772364e-06, 8.60058935359e-06, 8.9459163064e-06, 7.74781528889e-06, 9.51930633164e-06, 1.01937121144e-05, 9.4597635325e-06, 9.76910450845e-06, 1.63589193107e-05, 1.19496526167e-05, 1.58332986757e-05, 2.03009858524e-05, 2.01914917852e-05, 1.67719917954e-05, 1.27317644001e-05, 8.13363203633e-06, 5.78622029934e-06, 5.06910282638e-06, 5.17673333889e-06, 3.52693723471e-06, 3.16444470627e-06, 2.8130350529e-06, 2.67923201136e-06, 3.62117543773e-06, 2.79930191027e-06, 8.65195772803e-07, 1.93568808982e-07, 1.10670519859e-07, 8.17222201022e-08, 4.8145867737e-08, 4.02065722938e-08, 2.61139554425e-08, 1.16169003306e-08, 5.10583797464e-10, 3.97028243615e-10, 3.87184173611e-10, 3.79339809564e-10, 3.74911046652e-10]
    },
    "mfcc": {
        "mean": [-573.740722656, 68.551109314, -3.61912584305, 12.2209177017, 5.47772693634, 9.17650604248, 11.7471199036, -0.673509597778, -1.53624165058, 5.61521673203, 2.45611023903, 0.969562590122, 0.577181816101],
        "cov": [[953.307922363, -67.9626617432, 29.2915897369, -88.0765609741, -79.9042358398, 5.1408624649, 17.6231632233, 39.3371200562, -15.7203826904, -28.7995738983, -28.6257228851, -15.8506240845, -21.6595745087], [-67.9626617432, 335.943115234, -25.3486843109, 44.9300994873, 38.7203483582, 16.2727470398, 24.717168808, 21.3266010284, 12.5433654785, 12.9295501709, 6.17416810989, 0.501814186573, 1.24647760391], [29.2915897369, -25.3486843109, 302.195037842, 111.997421265, 86.414024353, 11.8890857697, -40.1694717407, 7.66635513306, 31.6039524078, -15.5605220795, -13.4337186813, 28.1862869263, 17.9181213379], [-88.0765609741, 44.9300994873, 111.997421265, 241.178146362, 84.3762893677, 38.2438545227, -38.6312179565, -0.422580301762, 50.2084312439, 3.20135307312, -11.7029676437, 47.0148506165, 25.0873088837], [-79.9042358398, 38.7203483582, 86.414024353, 84.3762893677, 174.16053772, 44.4332504272, -3.78500890732, 20.0129032135, 33.1556854248, 10.9588108063, -0.775824487209, 21.1479701996, 14.8702974319], [5.1408624649, 16.2727470398, 11.8890857697, 38.2438545227, 44.4332504272, 124.982299805, 65.9778671265, 38.5210533142, 17.2441577911, 14.4292030334, 11.782330513, 0.684267640114, -2.52989721298], [17.6231632233, 24.717168808, -40.1694717407, -38.6312179565, -3.78500890732, 65.9778671265, 151.328598022, 40.8743057251, 9.96777629852, 30.5949325562, 34.6087722778, -6.41810321808, -1.18897008896], [39.3371200562, 21.3266010284, 7.66635513306, -0.422580301762, 20.0129032135, 38.5210533142, 40.8743057251, 92.9748001099, 32.3761444092, 18.1513175964, 16.440568924, 4.05256509781, -2.42489647865], [-15.7203826904, 12.5433654785, 31.6039524078, 50.2084312439, 33.1556854248, 17.2441577911, 9.96777629852, 32.3761444092, 93.7965011597, 36.0256538391, 4.88537073135, 24.248374939, 11.210100174], [-28.7995738983, 12.9295501709, -15.5605220795, 3.20135307312, 10.9588108063, 14.4292030334, 30.5949325562, 18.1513175964, 36.0256538391, 69.425819397, 28.8581676483, 8.55922031403, 6.38145256042], [-28.6257228851, 6.17416810989, -13.4337186813, -11.7029676437, -0.775824487209, 11.782330513, 34.6087722778, 16.440568924, 4.88537073135, 28.8581676483, 71.1250228882, 22.6991386414, -0.816645860672], [-15.8506240845, 0.501814186573, 28.1862869263, 47.0148506165, 21.1479701996, 0.684267640114, -6.41810321808, 4.05256509781, 24.248374939, 8.55922031403, 22.6991386414, 74.0543518066, 32.0608520508], [-21.6595745087, 1.24647760391, 17.9181213379, 25.0873088837, 14.8702974319, -2.52989721298, -1.18897008896, -2.42489647865, 11.210100174, 6.38145256042, -0.816645860672, 32.0608520508, 59.0152816772]],
        "icov": [[0.00123365630861, 0.000114840579045, -0.000400328543037, 0.000492509861942, 0.000644810614176, -0.000251420482527, -8.35785904201e-05, -0.000697674462572, 0.000114593342005, 0.000163562799571, 0.000849156989716, -0.000551040691789, 0.00043058139272], [0.000114840579045, 0.00333103444427, 0.000669944216497, -0.00100269191898, -0.000735446752515, 0.000648445042316, -0.00070934073301, -0.000766082375776, 0.000270100979833, -8.30585195217e-05, -5.81081485507e-06, 0.000461115880171, 6.90576343914e-05], [-0.000400328543037, 0.000669944216497, 0.00477794976905, -0.00170922640245, -0.00188689131755, 0.000499326561112, 0.000454978144262, -0.000359628058504, -0.000777734385338, 0.00158409180585, -0.000511140679009, 0.000237629647017, -0.000553646241315], [0.000492509861942, -0.00100269191898, -0.00170922640245, 0.00773513969034, -0.00086025649216, -0.00323081878014, 0.00226778886281, 0.00141758541577, -0.00242050550878, 0.000134928122861, 0.00153207720723, -0.00341984280385, -6.08411282883e-05], [0.000644810614176, -0.000735446752515, -0.00188689131755, -0.00086025649216, 0.00864940602332, -0.00271366676316, 0.000992520013824, -0.000874158926308, -0.000552117067855, -0.000842920679133, 0.000638519413769, -0.000555309467018, -0.000614359683823], [-0.000251420482527, 0.000648445042316, 0.000499326561112, -0.00323081878014, -0.00271366676316, 0.0138538805768, -0.00619482109323, -0.00298765348271, 0.00102073978633, 0.000173998108949, 0.000335102813551, 0.00102039973717, 0.00138352566864], [-8.35785904201e-05, -0.00070934073301, 0.000454978144262, 0.00226778886281, 0.000992520013824, -0.00619482109323, 0.0119049055502, -0.0016673495993, -0.000479331734823, -0.00181888008956, -0.00367780448869, 0.00169430638198, -0.0021457998082], [-0.000697674462572, -0.000766082375776, -0.000359628058504, 0.00141758541577, -0.000874158926308, -0.00298765348271, -0.0016673495993, 0.0155678931624, -0.00540077872574, 0.000851597520523, -0.00250092311762, 0.000570100499317, 0.000554453697987], [0.000114593342005, 0.000270100979833, -0.000777734385338, -0.00242050550878, -0.000552117067855, 0.00102073978633, -0.000479331734823, -0.00540077872574, 0.0188010931015, -0.00999430567026, 0.00515947304666, -0.00499462522566, 0.00154693156946], [0.000163562799571, -8.30585195217e-05, 0.00158409180585, 0.000134928122861, -0.000842920679133, 0.000173998108949, -0.00181888008956, 0.000851597520523, -0.00999430567026, 0.0244814679027, -0.00960279069841, 0.00426490977407, -0.00345697696321], [0.000849156989716, -5.81081485507e-06, -0.000511140679009, 0.00153207720723, 0.000638519413769, 0.000335102813551, -0.00367780448869, -0.00250092311762, 0.00515947304666, -0.00960279069841, 0.0242098364979, -0.0116559220478, 0.00621786992997], [-0.000551040691789, 0.000461115880171, 0.000237629647017, -0.00341984280385, -0.000555309467018, 0.00102039973717, 0.00169430638198, 0.000570100499317, -0.00499462522566, 0.00426490977407, -0.0116559220478, 0.0257468633354, -0.0122501906008], [0.00043058139272, 6.90576343914e-05, -0.000553646241315, -6.08411282883e-05, -0.000614359683823, 0.00138352566864, -0.0021457998082, 0.000554453697987, 0.00154693156946, -0.00345697696321, 0.00621786992997, -0.0122501906008, 0.0243100505322]]
    },
    "spectral_contrast_coeffs": {
        "max": [-0.460985720158, -0.444841712713, -0.545961141586, -0.612752854824, -0.657047629356, -0.682884514332],
        "mean": [-0.745866477489, -0.784246504307, -0.768042802811, -0.780978024006, -0.783098995686, -0.77985471487],
        "min": [-0.904238283634, -0.931108236313, -0.913667082787, -0.879194259644, -0.859644651413, -0.856986224651],
        "stdev": [0.0621056631207, 0.062850959599, 0.0693950653076, 0.0469183549285, 0.0294687710702, 0.0269008446485]
    },
    "spectral_contrast_valleys": {
        "max": [-5.39355421066, -5.25286865234, -5.55534934998, -5.88884735107, -5.72574949265, -7.48633623123],
        "mean": [-6.69479751587, -6.5503783226, -6.90157365799, -6.82351541519, -6.60414123535, -8.76224422455],
        "min": [-9.06694507599, -8.08730602264, -8.67944717407, -8.44581413269, -8.04905128479, -10.6493864059],
        "stdev": [0.588298857212, 0.440019875765, 0.456929385662, 0.344352960587, 0.347517877817, 0.486329138279]
    }
},
"rhythm": {
    "beats_count": 61,
    "beats_loudness": {
        "max": 0.0602123811841,
        "mean": 0.0353692658246,
        "min": 0.0116267157719,
        "stdev": 0.012920810841
    },
    "bpm": 126.915275574,
    "bpm_histogram_first_peak_bpm": 126,
    "bpm_histogram_first_peak_weight": 0.440677940845,
    "bpm_histogram_second_peak_bpm": 133,
    "bpm_histogram_second_peak_spread": 0,
    "bpm_histogram_second_peak_weight": 0.0166666675359,
    "danceability": 1.32446682453,
    "onset_rate": 5.0321688652,
    "beats_loudness_band_ratio": {
        "max": [0.842344939709, 0.299319177866, 0.587382376194, 0.650428950787, 0.306606173515, 0.446398288012],
        "mean": [0.318766653538, 0.0691678002477, 0.140828803182, 0.217026129365, 0.112192779779, 0.18335750699],
        "min": [0.00269755069166, 0.00794891640544, 0.0140417432413, 0.0150042278692, 0.0242316741496, 0.0243164580315],
        "stdev": [0.230932146311, 0.0581670291722, 0.125386685133, 0.161123946309, 0.0674658045173, 0.112735934556]
    },
    "beats_position": [0.46439909935, 0.940408170223, 1.4164172411, 1.88081634045, 2.34521532059, 2.83283448219, 3.29723358154, 3.7732424736, 4.2492518425, 4.71365070343, 5.18965959549, 5.66566896439, 6.13006782532, 6.60607719421, 7.08208608627, 7.56970500946, 8.05732440948, 8.51011276245, 8.97451210022, 9.45052146912, 9.91492080688, 10.379319191, 10.8553285599, 11.3313379288, 11.807346344, 12.2833557129, 12.7593650818, 13.235373497, 13.6997728348, 14.1641721725, 14.6401815414, 15.1161899567, 15.5921993256, 16.0682086945, 16.5326080322, 16.99700737, 17.4730148315, 17.9490242004, 18.4134235382, 18.9010429382, 19.365442276, 19.853061676, 20.3174591064, 20.7818584442, 21.2578678131, 21.733877182, 22.1982765198, 22.6742858887, 23.1502952576, 23.614692688, 24.0907020569, 24.5667114258, 25.0311107635, 25.5071201324, 25.9831295013, 26.4591369629, 26.9351463318, 27.3995456696, 27.8755550385, 28.3515644073, 28.8159637451],
