{
"metadata": {
    "version": {
        "essentia": "2.1-beta5",
        "essentia_git_sha": "Undefined",
        "extractor": "music 2.0"
    },
    "audio_properties": {
        "analysis": {
            "equal_loudness": 0,
            "length": 12.7477550507,
            "sample_rate": 44100,
            "start_time": 0,
            "downmix": "mix"
        },
        "bit_rate": 192000,
        "length": 199.006622314,
        "lossless": 0,
        "number_channels": 2,
        "replay_gain": -10.6900978088,
        "sample_rate": 48000,
        "codec": "mp3",
        "md5_encoded": "697e8f17a62d150020e3d3b137453000"
    },
    "tags": {
        "file_name": "Finland_Hard Rock Hallelujah_Lordi.mp3",
        "encoding": ["Lavf58.29.100"]
    }
},
"lowlevel": {
    "average_loudness": 0.981766045094,
    "barkbands_crest": {
        "max": 24.329996109,
        "mean": 9.53620433807,
        "min": 2.54339671135,
        "stdev": 3.99250364304
    },
    "barkbands_flatness_db": {
        "max": 0.255105912685,
        "mean": 0.119293406606,
        "min": 0.0277604050934,
        "stdev": 0.0439470745623
    },
    "barkbands_kurtosis": {
        "max": 85.0776596069,
        "mean": 4.11659955978,
        "min": -1.59266316891,
        "stdev": 9.21635341644
    },
    "barkbands_skewness": {
        "max": 7.98946142197,
        "mean": 1.54852235317,
        "min": -0.205784842372,
        "stdev": 1.17390942574
    },
    "barkbands_spread": {
        "max": 74.532661438,
        "mean": 22.9033565521,
        "min": 2.29758930206,
        "stdev": 15.4173374176
    },
    "dissonance": {
        "max": 0.499999940395,
        "mean": 0.485591709614,
        "min": 0.414355278015,
        "stdev": 0.0144873224199
    },
    "dynamic_complexity": 3.0083053112,
    "erbbands_crest": {
        "max": 21.457239151,
        "mean": 7.49510383606,
        "min": 2.70286941528,
        "stdev": 3.52240276337
    },
    "erbbands_flatness_db": {
        "max": 0.290424376726,
        "mean": 0.159802615643,
        "min": 0.0488525740802,
        "stdev": 0.063226595521
    },
    "erbbands_kurtosis": {
        "max": 15.660741806,
        "mean": 1.31949043274,
        "min": -1.61096847057,
        "stdev": 2.9017355442
    },
    "erbbands_skewness": {
        "max": 3.41252875328,
        "mean": 0.651678800583,
        "min": -1.32539403439,
        "stdev": 0.866283774376
    },
    "erbbands_spread": {
        "max": 95.8580551147,
        "mean": 34.7759819031,
        "min": 7.04322576523,
        "stdev": 20.9599704742
    },
    "hfc": {
        "max": 104.095481873,
        "mean": 31.9633522034,
        "min": 1.20006206998e-05,
        "stdev": 18.959980011
    },
    "loudness_ebu128": {
        "integrated": -10.4973983765,
        "loudness_range": 2.77370738983,
        "momentary": {
            "max": -7.81535339355,
            "mean": -11.3599071503,
            "min": -34.1452789307,
            "stdev": 3.47771310806
        },
        "short_term": {
            "max": -8.67401218414,
            "mean": -10.4139785767,
            "min": -11.8518133163,
            "stdev": 0.949157476425
        }
    },
    "melbands_crest": {
        "max": 32.716506958,
        "mean": 13.5266180038,
        "min": 3.35659718513,
        "stdev": 5.6451048851
    },
    "melbands_flatness_db": {
        "max": 0.385826438665,
        "mean": 0.1677095294,
        "min": 0.0551340803504,
        "stdev": 0.0516470819712
    },
    "melbands_kurtosis": {
        "max": 188.405715942,
        "mean": 12.9919691086,
        "min": -0.600722551346,
        "stdev": 21.6311588287
    },
    "melbands_skewness": {
        "max": 10.8861236572,
        "mean": 2.53321790695,
        "min": -0.358812868595,
        "stdev": 1.82947087288
    },
    "melbands_spread": {
        "max": 72.1731414795,
        "mean": 22.056640625,
        "min": 1.31186628342,
        "stdev": 13.0435361862
    },
    "pitch_salience": {
        "max": 0.870081663132,
        "mean": 0.636483848095,
        "min": 0.129203513265,
        "stdev": 0.14239962399
    },
    "silence_rate_20dB": {
        "max": 1,
        "mean": 1,
        "min": 1,
        "stdev": 0
    },
    "silence_rate_30dB": {
        "max": 1,
        "mean": 1,
        "min": 1,
        "stdev": 0
    },
    "silence_rate_60dB": {
        "max": 1,
        "mean": 0.0327272713184,
        "min": 0,
        "stdev": 0.177924215794
    },
    "spectral_centroid": {
        "max": 3137.10302734,
        "mean": 1618.23754883,
        "min": 385.771240234,
        "stdev": 529.164916992
    },
    "spectral_complexity": {
        "max": 56,
        "mean": 29.8418178558,
        "min": 0,
        "stdev": 11.9449501038
    },
    "spectral_decrease": {
        "max": -3.55146621103e-15,
        "mean": -7.95844368184e-09,
        "min": -3.00930373953e-08,
        "stdev": 4.7184092189e-09
    },
    "spectral_energy": {
        "max": 0.118758179247,
        "mean": 0.0329361706972,
        "min": 1.44925627055e-08,
        "stdev": 0.0189268719405
    },
    "spectral_energyband_high": {
        "max": 0.0109674232081,
        "mean": 0.00153529213276,
        "min": 5.61020896406e-10,
        "stdev": 0.00184723874554
    },
    "spectral_energyband_low": {
        "max": 0.0752992630005,
        "mean": 0.00943463109434,
        "min": 3.18938386812e-09,
        "stdev": 0.0131125580519
    },
    "spectral_energyband_middle_high": {
        "max": 0.0480521470308,
        "mean": 0.0106972130015,
        "min": 2.9605049523e-09,
        "stdev": 0.00868687592447
    },
    "spectral_energyband_middle_low": {
        "max": 0.0696654692292,
        "mean": 0.0123753771186,
        "min": 5.87337689595e-09,
        "stdev": 0.0113607123494
    },
    "spectral_entropy": {
        "max": 8.57336139679,
        "mean": 7.89988279343,
        "min": 7.20325565338,
        "stdev": 0.273358076811
    },
    "spectral_flux": {
        "max": 0.279231697321,
        "mean": 0.110460594296,
        "min": 0.000120385062473,
        "stdev": 0.0416499823332
    },
    "spectral_kurtosis": {
        "max": 10.748208046,
        "mean": 4.08435964584,
        "min": 0.795284032822,
        "stdev": 2.19408583641
    },
    "spectral_rms": {
        "max": 0.0107639040798,
        "mean": 0.00538909249008,
        "min": 3.76019761461e-06,
        "stdev": 0.00175798928831
    },
    "spectral_rolloff": {
        "max": 6007.76367188,
        "mean": 1660.09216309,
        "min": 21.533203125,
        "stdev": 1058.63342285
    },
    "spectral_skewness": {
        "max": 2.80205798149,
        "mean": 1.55889701843,
        "min": 0.611090779305,
        "stdev": 0.479789018631
    },
    "spectral_spread": {
        "max": 8861329,
        "mean": 4845003.5,
        "min": 2636945.25,
        "stdev": 1257567.25
    },
    "spectral_strongpeak": {
        "max": 5.25832796097,
        "mean": 0.872701406479,
        "min": 0,
        "stdev": 0.845882236958
    },
    "zerocrossingrate": {
        "max": 0.1630859375,
        "mean": 0.0719069615006,
        "min": 0.0068359375,
        "stdev": 0.026056330651
    },
    "barkbands": {
        "max": [0.0178284160793, 0.0607956945896, 0.0500614270568, 0.0256058201194, 0.0445385463536, 0.0355730503798, 0.0366675108671, 0.0325127653778, 0.0371846072376, 0.0289573464543, 0.0204117204994, 0.0162847526371, 0.00778651237488, 0.00766202434897, 0.00455085001886, 0.00339598581195, 0.0021082193125, 0.00260933954269, 0.00144533044659, 0.00244831596501, 0.00335336313583, 0.00288011156954, 0.00191299105063, 0.00176921579987, 0.00164185720496, 0.00092602474615, 0.000396543124225],
        "mean": [0.000530451827217, 0.00554717099294, 0.00283908820711, 0.00119947164785, 0.00240318360738, 0.00101481494494, 0.000688678643201, 0.00144518830348, 0.00436101760715, 0.00335265463218, 0.00233591697179, 0.00144852080848, 0.000893105927389, 0.000898430182133, 0.000583765271585, 0.000475784472656, 0.000413592119003, 0.000442569114966, 0.000364387786249, 0.000357151991921, 0.000418430630816, 0.000299632665701, 0.000192219056771, 0.000206316661206, 0.000139693045639, 7.41785552236e-05, 1.0773302165e-05],
        "min": [7.79385056493e-10, 9.5755148255e-10, 5.65760660542e-10, 2.63953831015e-10, 6.94642621202e-10, 3.00090341465e-10, 3.23348486875e-10, 2.90978130479e-09, 1.27025323593e-09, 8.23724533028e-10, 5.48648348975e-10, 1.85022747123e-10, 1.23440133115e-10, 1.91961169183e-10, 3.78382353228e-10, 3.75063646807e-10, 9.96224699956e-11, 1.12930088891e-10, 8.20390422263e-11, 1.37978739545e-10, 1.74664671615e-10, 9.40340860733e-11, 4.09685549374e-11, 6.89703016921e-11, 6.77312095299e-11, 4.83952947161e-11, 2.36655521568e-11],
        "stdev": [0.00168276601471, 0.00915612280369, 0.00513379229233, 0.00231570261531, 0.00526198884472, 0.00347460480407, 0.00196018721908, 0.00313737825491, 0.00548356212676, 0.00426049437374, 0.00288128620014, 0.00169612676837, 0.00104086357169, 0.00100558903068, 0.000625460816082, 0.000426889600931, 0.000341770326486, 0.000369399145711, 0.000272831384791, 0.000401275232434, 0.000543206464499, 0.000416843104176, 0.000280390289845, 0.000308462535031, 0.000207930090255, 0.000121926925203, 3.63716717402e-05]
    },
    "erbbands": {
        "max": [2.53402853012, 12.7024202347, 52.1929588318, 50.4777908325, 135.421539307, 243.139572144, 328.680908203, 350.717346191, 145.16065979, 985.688781738, 694.971435547, 989.32623291, 1142.04492188, 720.583129883, 602.393615723, 521.958190918, 368.765045166, 467.117248535, 311.538848877, 180.43309021, 170.627944946, 112.167884827, 108.86781311, 109.032325745, 81.3402633667, 119.231719971, 152.662277222, 141.473388672, 116.578659058, 68.1741638184, 64.6840667725, 39.0289115906, 37.8166351318, 17.2681446075, 14.9131698608, 6.27926826477, 1.46029067039, 0.307692348957, 0.0779562368989, 0.00294452393427],
        "mean": [0.131593510509, 1.32708346844, 3.50835156441, 3.77360582352, 5.61812400818, 8.77332401276, 9.13571071625, 7.52352190018, 7.08485507965, 19.0711174011, 41.5986785889, 96.4431838989, 119.463439941, 95.2453689575, 90.893989563, 53.7927589417, 41.6831817627, 46.4547195435, 36.2854537964, 29.1902885437, 25.7651252747, 23.3313579559, 22.7197933197, 21.7781257629, 17.848241806, 16.821554184, 16.4373455048, 15.8872089386, 11.163236618, 8.01416683197, 5.29353284836, 4.3262796402, 3.25066757202, 1.76769983768, 0.914788842201, 0.449790894985, 0.103678159416, 0.0163566321135, 0.00213392917067, 0.00011337226897],
        "min": [5.96507376827e-08, 1.30374942842e-07, 6.76550030221e-07, 6.42853990485e-07, 1.97990539164e-06, 2.32166485148e-06, 2.27930217989e-06, 2.23901793106e-06, 1.82036217211e-06, 2.67398991127e-05, 6.26132532489e-05, 2.37122421822e-05, 2.38515312958e-05, 3.97758121835e-05, 1.42205190059e-05, 7.5080906754e-06, 5.05474781676e-06, 1.22368692246e-05, 1.24098705783e-05, 1.91218987311e-05, 1.73123171407e-05, 5.69123221794e-06, 5.60779790248e-06, 5.75572175876e-06, 5.71233795199e-06, 6.26390465186e-06, 7.29404109734e-06, 4.75134811495e-06, 4.82325276607e-06, 1.17807587685e-06, 1.40248278058e-06, 1.23559186704e-06, 1.35800530643e-06, 9.05489798697e-07, 3.36295158831e-07, 2.06309508144e-07, 8.81340227465e-08, 2.57788830282e-08, 4.30160218556e-09, 2.248845693e-10],
        "stdev": [0.290619701147, 2.12506580353, 5.88052415848, 6.51030063629, 12.7219209671, 21.4401912689, 29.4360752106, 26.2943611145, 12.2369785309, 65.192741394, 70.6807632446, 126.98462677, 155.48777771, 110.511756897, 102.930419922, 57.4825630188, 46.4196968079, 52.3057403564, 38.9723167419, 29.254365921, 21.2627677917, 18.0715026855, 16.4302196503, 16.8672084808, 14.7735891342, 18.208026886, 22.3364486694, 20.3740062714, 15.164056778, 11.8106479645, 7.86637449265, 6.1956152916, 5.13229942322, 2.49644303322, 1.51410484314, 0.727650523186, 0.182599261403, 0.0350308865309, 0.00726100988686, 0.000262068992015]
    },
    "gfcc": {
        "mean": [24.0222530365, 53.0385284424, -138.009399414, 10.762969017, -65.9774703979, 22.7562770844, -27.330532074, 18.8423652649, -26.5263233185, 1.3880199194, -22.4728221893, 0.899401366711, -11.805644989],
        "cov": [[6912.96142578, 80.4574661255, 282.961914062, 841.45123291, -181.831542969, 302.73059082, -175.63760376, -200.859619141, -186.655944824, -68.063911438, -73.896522522, -65.3307723999, 6.95290851593], [80.4574661255, 1110.52368164, 890.849853516, 812.198059082, 305.416595459, 205.63659668, 214.333175659, -41.046962738, 9.32550525665, 2.71615028381, 19.8896636963, -81.836151123, 30.8793296814], [282.961914062, 890.849853516, 2402.40039062, 1448.58496094, 707.108520508, 371.45715332, 268.436859131, 17.1516857147, 56.0635490417, 89.8588485718, 48.9518890381, -22.9921379089, 6.91903114319], [841.45123291, 812.198059082, 1448.58496094, 1644.37536621, 570.993041992, 278.071685791, 107.811607361, -197.507217407, -67.1011199951, 93.5746078491, 13.1630630493, -99.1221389771, 75.3261871338], [-181.831542969, 305.416595459, 707.108520508, 570.993041992, 435.109283447, 155.159744263, 143.640869141, -2.83881545067, 46.4026985168, 51.0658874512, 24.0238857269, -24.2341403961, 12.9869289398], [302.73059082, 205.63659668, 371.45715332, 278.071685791, 155.159744263, 166.983230591, 109.133979797, 32.4976234436, 25.3561935425, 1.36524569988, 1.25284922123, -11.8496522903, -2.28382635117], [-175.63760376, 214.333175659, 268.436859131, 107.811607361, 143.640869141, 109.133979797, 196.437454224, 82.3869094849, 58.5817832947, -10.9538631439, 5.58982896805, -10.4999265671, -18.0409679413], [-200.859619141, -41.046962738, 17.1516857147, -197.507217407, -2.83881545067, 32.4976234436, 82.3869094849, 122.334403992, 64.419708252, -8.95277023315, 12.1953258514, 25.2133541107, -26.0469875336], [-186.655944824, 9.32550525665, 56.0635490417, -67.1011199951, 46.4026985168, 25.3561935425, 58.5817832947, 64.419708252, 96.4269790649, 20.2439136505, 33.1671791077, 11.8262310028, -7.56535577774], [-68.063911438, 2.71615028381, 89.8588485718, 93.5746078491, 51.0658874512, 1.36524569988, -10.9538631439, -8.95277023315, 20.2439136505, 65.3039169312, 24.643497467, 5.39037847519, 10.7701444626], [-73.896522522, 19.8896636963, 48.9518890381, 13.1630630493, 24.0238857269, 1.25284922123, 5.58982896805, 12.1953258514, 33.1671791077, 24.643497467, 51.0920181274, 18.7248077393, 11.011015892], [-65.3307723999, -81.836151123, -22.9921379089, -99.1221389771, -24.2341403961, -11.8496522903, -10.4999265671, 25.2133541107, 11.8262310028, 5.39037847519, 18.7248077393, 49.4708747864, 6.9995174408], [6.95290851593, 30.8793296814, 6.91903114319, 75.3261871338, 12.9869289398, -2.28382635117, -18.0409679413, -26.0469875336, -7.56535577774, 10.7701444626, 11.011015892, 6.9995174408, 42.6817131042]],
        "icov": [[0.000239507397055, 0.000112233166874, 4.25577272836e-05, -0.000266680144705, 0.000487525830977, -0.000911606650334, 0.00032329998794, 0.000169430175447, -5.09640849486e-05, 0.000291962234769, -0.000121529345051, -3.16470141115e-05, 0.000340300204698], [0.000112233166874, 0.00221210741438, -0.000449757586466, -0.000575007055886, 0.00107673648745, -0.000587792485021, -0.00222799624316, 0.00118059862871, 6.20442006039e-05, 0.00112151948269, -0.00186953658704, 0.00251491437666, -0.00131346844137], [4.25577272836e-05, -0.000449757586466, 0.00167658284772, -0.00165005843155, -0.000785496609751, -9.11138431547e-06, 0.000907857727725, -0.00250995066017, -0.000181740004336, 0.000305477675283, 0.000348758650944, -0.00257308664732, 0.00227198377252], [-0.000266680144705, -0.000575007055886, -0.00165005843155, 0.00495847314596, -0.00195418973453, -0.00232217716984, -0.000713797286153, 0.00580453686416, 0.00220730761066, -0.00292363902554, -0.000853686651681, 0.00386443943717, -0.00359755102545], [0.000487525830977, 0.00107673648745, -0.000785496609751, -0.00195418973453, 0.00811226852238, -0.00256646145135, -0.0034382159356, 0.00253200926818, -0.00255115539767, -0.00131987256464, -0.000289147603326, 0.00033166303183, 0.000105027000245], [-0.000911606650334, -0.000587792485021, -9.11138431547e-06, -0.00232217716984, -0.00256646145135, 0.0188554171473, -0.00446662632748, -0.0069283102639, -0.00092603371013, 0.00174621783663, 0.00305581814609, -0.0020153329242, -0.000715347588994], [0.00032329998794, -0.00222799624316, 0.000907857727725, -0.000713797286153, -0.0034382159356, -0.00446662632748, 0.0175771024078, -0.0106488587335, -0.00227106385864, 0.0041174874641, 0.00148288952187, 0.00133496196941, 0.00236695935018], [0.000169430175447, 0.00118059862871, -0.00250995066017, 0.00580453686416, 0.00253200926818, -0.0069283102639, -0.0106488587335, 0.0344009324908, -0.00899046380073, -0.00117931433488, 0.000324453314533, -0.0060166134499, 0.00423937244341], [-5.09640849486e-05, 6.20442006039e-05, -0.000181740004336, 0.00220730761066, -0.00255115539767, -0.00092603371013, -0.00227106385864, -0.00899046380073, 0.0254405997694, -0.00601157406345, -0.012580987066, 0.00653862720355, -0.00142279081047], [0.000291962234769, 0.00112151948269, 0.000305477675283, -0.00292363902554, -0.00131987256464, 0.00174621783663, 0.0041174874641, -0.00117931433488, -0.00601157406345, 0.0255030188709, -0.00729379802942, -0.000850133539643, 0.000287195813144], [-0.000121529345051, -0.00186953658704, 0.000348758650944, -0.000853686651681, -0.000289147603326, 0.00305581814609, 0.00148288952187, 0.000324453314533, -0.012580987066, -0.00729379802942, 0.0374393165112, -0.0138824693859, -0.00387271028012], [-3.16470141115e-05, 0.00251491437666, -0.00257308664732, 0.00386443943717, 0.00033166303183, -0.0020153329242, 0.00133496196941, -0.0060166134499, 0.00653862720355, -0.000850133539643, -0.0138824693859, 0.0395413264632, -0.013063127175], [0.000340300204698, -0.00131346844137, 0.00227198377252, -0.00359755102545, 0.000105027000245, -0.000715347588994, 0.00236695935018, 0.00423937244341, -0.00142279081047, 0.000287195813144, -0.00387271028012, -0.013063127175, 0.0366389043629]]
    },
    "melbands": {
        "max": [0.0184780545533, 0.0191854108125, 0.0101295383647, 0.0108427433297, 0.0106878727674, 0.0071945656091, 0.0036242576316, 0.0096900863573, 0.0058969380334, 0.00652932282537, 0.00573819689453, 0.0029376167804, 0.0024065382313, 0.00201765890233, 0.000623245665338, 0.000888527254574, 0.00087974377675, 0.000582284643315, 0.000282280292595, 0.00030788287404, 0.000230136021855, 0.000133398323669, 9.09000664251e-05, 0.000154054447194, 8.84711043909e-05, 6.8513538281e-05, 8.0977777543e-05, 8.43152593006e-05, 0.000115489077871, 9.51654437813e-05, 9.20438251342e-05, 6.81862802594e-05, 5.08595257998e-05, 3.88034568459e-05, 4.33787972725e-05, 2.7926886105e-05, 2.4851420676e-05, 2.85604965029e-05, 1.98191628442e-05, 1.55168672791e-05],
        "mean": [0.00138569541741, 0.00180652656127, 0.000698281219229, 0.000522793619893, 0.000339233694831, 0.000171963256435, 0.000115605078463, 0.000225154260988, 0.00037457421422, 0.000645609747153, 0.000591863528825, 0.00038246368058, 0.000321213068673, 0.000187814148376, 9.92655113805e-05, 9.04398111743e-05, 8.56678670971e-05, 6.10675124335e-05, 4.31355474575e-05, 3.49576621375e-05, 2.91319156531e-05, 2.46457202593e-05, 2.06547611015e-05, 2.10254183912e-05, 1.73470434675e-05, 1.3446833691e-05, 1.20191161841e-05, 1.09105430965e-05, 9.98962241283e-06, 1.07124933493e-05, 8.47540377436e-06, 6.4189666773e-06, 5.39746179129e-06, 4.03017975259e-06, 3.10993459607e-06, 2.59682428805e-06, 2.67081009042e-06, 2.42850092036e-06, 1.75238881184e-06, 1.42260773828e-06],
        "min": [5.74256919794e-10, 2.76678790989e-10, 1.58123694693e-10, 1.65819302733e-10, 8.07993394414e-11, 4.99184305003e-11, 3.184023184e-11, 3.7740194303e-10, 4.74263683881e-10, 1.46009440649e-10, 1.1774028974e-10, 1.61031230017e-10, 5.51416690087e-11, 2.67137111043e-11, 1.33434183841e-11, 1.63555193694e-11, 2.12194185834e-11, 1.3089682116e-11, 3.40099962082e-11, 2.72019871905e-11, 1.61894716383e-11, 4.50401608371e-12, 6.36930915995e-12, 5.03513116618e-12, 4.60880032055e-12, 3.27295048702e-12, 5.5965171733e-12, 3.4560258301e-12, 3.43896374051e-12, 6.7499048885e-12, 1.35588198655e-12, 2.83221016084e-12, 1.37762511902e-12, 4.56159795267e-13, 8.04427379743e-13, 7.62141489242e-13, 7.46048513765e-13, 9.78067995518e-13, 9.0385874783e-13, 7.10267673669e-13],
        "stdev": [0.00250403699465, 0.00273112626746, 0.00116082862951, 0.00116871192586, 0.000980631448328, 0.000582808046602, 0.000231163896387, 0.000711877830327, 0.000604337139521, 0.000861215521581, 0.000778846791945, 0.000456819077954, 0.00038505642442, 0.000221865004278, 9.99974290607e-05, 0.000108615800855, 9.93731082417e-05, 6.84385886416e-05, 4.68046055175e-05, 3.40567712556e-05, 2.51508590736e-05, 2.05050073419e-05, 1.56611167768e-05, 1.97366680368e-05, 1.39495077747e-05, 1.08908971015e-05, 1.20680842883e-05, 1.25997939904e-05, 1.46472157212e-05, 1.45662479554e-05, 1.11041499622e-05, 9.33964383876e-06, 7.48875208956e-06, 6.29616670267e-06, 4.86852923132e-06, 3.71358373741e-06, 3.97069425162e-06, 3.97221310777e-06, 2.69989436674e-06, 2.0678924102e-06]
    },
    "melbands128": {
        "max": [0.00986804906279, 0.0231960956007, 0.0258804447949, 0.0237492565066, 0.027568878606, 0.0214215368032, 0.0120756467804, 0.0160949118435, 0.0159666594118, 0.0149600869045, 0.0179003886878, 0.0149078965187, 0.0143826324493, 0.0132009359077, 0.0104219317436, 0.00691943289712, 0.00197303993627, 0.00247489102185, 0.00997281074524, 0.0170570127666, 0.0109294122085, 0.00888119451702, 0.00844892021269, 0.0102613586932, 0.00879715755582, 0.0118982307613, 0.00955350697041, 0.00721030496061, 0.0046923304908, 0.00315204891376, 0.00379348453134, 0.00465735280886, 0.00389795727096, 0.0022485696245, 0.00449461303651, 0.0038424488157, 0.00128822878469, 0.000741569441743, 0.000795953616034, 0.00136626977473, 0.00117931957357, 0.00117169169243, 0.00154095655307, 0.000644279294647, 0.000902291154489, 0.000764100288507, 0.000448983308161, 0.000434191955719, 0.000460720999399, 0.000299519742839, 0.000480384856928, 0.000316834804835, 0.000205174757866, 0.000335239747074, 0.000230542878853, 0.000150322535774, 0.000147047045175, 0.000150889813085, 0.000141637268825, 0.000120024938951, 0.000215403109905, 0.000423154298915, 0.00010674353689, 9.64385617408e-05, 8.85286208359e-05, 9.52900372795e-05, 9.18111254578e-05, 9.82738565654e-05, 0.000110371685878, 9.74994691205e-05, 0.000126803308376, 8.65541951498e-05, 0.000170106475707, 0.000148926206748, 8.95258344826e-05, 0.00014433877368, 0.000138778152177, 8.10470519355e-05, 0.000100803888927, 0.000131234031869, 0.00015113450354, 0.000100315897726, 6.02710388193e-05, 5.59562722628e-05, 8.15246021375e-05, 6.37944103801e-05, 5.07417971676e-05, 4.98061599501e-05, 4.44566430815e-05, 4.8737758334e-05, 2.58774780377e-05, 3.56458949682e-05, 3.33454772772e-05, 3.19793180097e-05, 3.10737959808e-05, 4.42212585767e-05, 3.9139893488e-05, 3.86493447877e-05, 3.06783113047e-05, 1.63067143149e-05, 2.40704666794e-05, 1.8061909941e-05, 2.06294971576e-05, 2.86204904114e-05, 1.42237950058e-05, 3.33323405357e-05, 2.4348450097e-05, 1.21835209939e-05, 9.44954081206e-06, 1.11619092422e-05, 8.09517496236e-06, 8.35626178741e-06, 4.67457130071e-06, 4.51606547358e-06, 3.26827739627e-06, 2.18112882067e-06, 3.08651033265e-06, 4.28805196862e-06, 3.02322678181e-06, 3.06558399643e-06, 2.50978064287e-06, 2.48311835094e-06, 1.91045432985e-06, 1.1359627905e-07, 9.33299926231e-09, 9.20163589768e-09, 9.10681929867e-09, 9.04687169623e-09],
        "mean": [0.000354716816219, 0.000942590471823, 0.0017265441129, 0.00240147276781, 0.00207917089574, 0.00123741198331, 0.000768315163441, 0.000545440532733, 0.000564503541682, 0.000547506555449, 0.000509668316226, 0.000368133187294, 0.000312194635626, 0.00027944429894, 0.000179389724508, 0.000110665838292, 9.22501276364e-05, 0.000103861326352, 0.000151217624079, 0.000232110993238, 0.000233741971897, 0.00028801697772, 0.000374376191758, 0.000474125903565, 0.000609880604316, 0.000735805544537, 0.000701619079337, 0.000609936425462, 0.000475984270452, 0.000380297307856, 0.000355457741534, 0.000360780395567, 0.0003378361871, 0.000287602539174, 0.000225701325689, 0.000161163989105, 0.000120161152154, 9.39622477745e-05, 8.86448979145e-05, 8.82718813955e-05, 9.24501218833e-05, 8.96935671335e-05, 9.11759489099e-05, 8.03634757176e-05, 7.45748839108e-05, 5.83369292144e-05, 4.43897006335e-05, 4.4622549467e-05, 4.28060593549e-05, 3.58569086529e-05, 3.57214921678e-05, 3.21508377965e-05, 2.86336689896e-05, 2.88195733447e-05, 2.71299722954e-05, 2.50139437412e-05, 2.15858981392e-05, 2.16463322431e-05, 1.95493794308e-05, 1.99777168746e-05, 1.96867331397e-05, 2.48609539995e-05, 1.87857222045e-05, 1.48044509842e-05, 1.50040114022e-05, 1.34204547066e-05, 1.26393715618e-05, 1.24543748825e-05, 1.19741798699e-05, 1.11463377834e-05, 1.14571494123e-05, 1.02093918031e-05, 1.05312010419e-05, 1.00017241493e-05, 9.04166699911e-06, 1.0761370504e-05, 1.20954564409e-05, 9.63174898061e-06, 8.32969362818e-06, 6.54445966575e-06, 6.93999527357e-06, 6.24300810159e-06, 5.4940883274e-06, 5.71290729567e-06, 4.89269996251e-06, 4.31222133557e-06, 3.6600747535e-06, 3.50088635059e-06, 3.08758944811e-06, 2.92779236588e-06, 2.50612856689e-06, 2.50390985457e-06, 2.7099347335e-06, 2.7057335501e-06, 2.52224913311e-06, 2.83618919639e-06, 2.25491385208e-06, 2.2023832571e-06, 1.81560085366e-06, 1.47689615915e-06, 1.47604021095e-06, 1.43231022776e-06, 1.34009894737e-06, 1.2050929854e-06, 9.01488419913e-07, 9.58059331424e-07, 8.65884089762e-07, 8.82474182617e-07, 7.90891135694e-07, 7.80567745551e-07, 5.56467341539e-07, 3.87045673733e-07, 2.62820066155e-07, 1.95489988641e-07, 1.62630016121e-07, 1.40337505172e-07, 1.1242261877e-07, 8.15609695337e-08, 6.79596325881e-08, 6.67319426384e-08, 6.03723080417e-08, 5.42842819584e-08, 3.33073657544e-08, 9.40772793001e-10, 2.11061255279e-11, 2.07634118232e-11, 2.05291894595e-11, 2.03922122244e-11],
        "min": [9.18796011495e-11, 7.19766246604e-10, 1.68630567843e-10, 2.47424636335e-10, 3.94386356906e-10, 2.24690682726e-10, 9.91405152417e-11, 1.59720958681e-10, 2.11645825865e-10, 1.94750840454e-10, 1.23688184694e-10, 6.41604686047e-11, 7.18727022342e-11, 9.7657833209e-11, 6.12525516419e-11, 1.84795512226e-11, 6.72610101296e-12, 1.78070908713e-11, 6.55512658043e-11, 2.82097289972e-10, 5.39176925329e-10, 6.6592431569e-10, 5.32488719784e-10, 2.17993498253e-10, 5.52141492249e-11, 1.59549859435e-10, 2.36356823002e-10, 6.70328584307e-11, 4.94046123456e-11, 1.86430912374e-10, 2.11067510691e-10, 1.01821405474e-10, 2.40600473572e-11, 4.94640890747e-11, 2.13998298249e-11, 3.09023674705e-11, 1.02729057899e-11, 1.8660245224e-11, 9.24811876385e-12, 3.54470272579e-12, 9.09232151375e-12, 5.07392426685e-11, 2.67852701824e-11, 4.02967936797e-12, 4.88693330594e-12, 4.20613327154e-12, 3.59514813753e-11, 4.98544990013e-11, 2.5430197878e-11, 1.24445523331e-11, 2.95072508094e-11, 4.26974046397e-11, 2.15724677705e-11, 4.39984160217e-12, 1.66953170039e-12, 4.21792288596e-12, 5.52096953224e-12, 1.14698181508e-11, 2.73863961023e-12, 5.93823861611e-12, 2.50177201004e-12, 6.89335177481e-12, 8.67499128088e-12, 1.33591195831e-12, 3.00395342281e-12, 2.69650968221e-12, 4.18352462048e-12, 4.64521173263e-12, 5.25941703383e-12, 8.85135888196e-12, 1.58351272633e-12, 1.9988860827e-12, 3.99585486227e-12, 3.28931933774e-12, 1.92969034848e-12, 1.33583404754e-11, 3.84262630396e-12, 1.16199476256e-12, 1.61744977221e-12, 1.4025296766e-12, 8.50110346701e-13, 6.03845445868e-12, 2.39157240019e-12, 4.63470136835e-13, 5.99388594313e-13, 3.78128030189e-13, 3.54052887269e-13, 6.97840710998e-13, 7.13963447824e-13, 1.09019087161e-12, 8.0742525296e-13, 5.08532289629e-13, 1.00158043751e-12, 4.92779428374e-13, 8.93849447584e-13, 8.76851868024e-13, 1.04827344721e-12, 1.06935380689e-12, 6.48122397764e-13, 1.08613877441e-12, 9.19111466623e-13, 6.35364590801e-13, 4.21055307591e-13, 4.15011829156e-13, 2.20528456607e-13, 3.33972622777e-13, 5.62642272182e-13, 4.39112586353e-13, 3.58130869795e-13, 2.6757385912e-13, 2.45955464112e-13, 2.52627237705e-13, 3.19005211786e-13, 2.85394781809e-13, 2.53127082012e-13, 2.55044764605e-13, 2.28037396908e-13, 6.58245837394e-14, 8.49593087397e-14, 6.25294900494e-14, 5.81794269879e-14, 4.56813304902e-14, 5.70026068448e-14, 2.62282210517e-14, 1.71238145733e-14, 1.19026585937e-14, 1.64475904786e-15, 4.38036305792e-17],
        "stdev": [0.00109007395804, 0.00255821575411, 0.00343990302645, 0.00395329715684, 0.00351445842534, 0.00227897102013, 0.00144918437582, 0.00115871510934, 0.00146607100032, 0.00152232684195, 0.00143033196218, 0.0011562439613, 0.00113522692118, 0.00114409078378, 0.000756936322432, 0.000401053985115, 0.000166913290741, 0.00019829600933, 0.000522237154655, 0.00105769943912, 0.000755070650484, 0.000669300323352, 0.000788197270595, 0.000832508143503, 0.000967748463154, 0.00131187483203, 0.0011564734159, 0.000944964645896, 0.000705582206137, 0.000532049743924, 0.000483699084725, 0.000567824637983, 0.000506971904542, 0.000373088638298, 0.00035573184141, 0.000261786626652, 0.000156860769494, 0.000116053248348, 0.000119023708976, 0.00012959416199, 0.000136061556987, 0.000119837532111, 0.000143403638504, 9.97405295493e-05, 9.60938778007e-05, 8.17358886707e-05, 5.81072854402e-05, 5.79569896217e-05, 5.52619749215e-05, 4.40609401267e-05, 4.46253943664e-05, 3.75946692657e-05, 2.92446238745e-05, 3.15215766022e-05, 2.91055657726e-05, 2.50734774454e-05, 2.21049085667e-05, 2.30971418205e-05, 1.72433719854e-05, 1.7353126168e-05, 2.19866615225e-05, 4.00701428589e-05, 1.74685519596e-05, 1.47674372784e-05, 1.47159871631e-05, 1.32688091981e-05, 1.31662873173e-05, 1.38258437801e-05, 1.4408133211e-05, 1.28789533846e-05, 1.43323504744e-05, 1.353531934e-05, 1.8909580831e-05, 1.57804715855e-05, 1.35982518259e-05, 1.69779468706e-05, 1.81272334885e-05, 1.33103576445e-05, 1.18124526125e-05, 1.05521148726e-05, 1.29580766952e-05, 9.48163506109e-06, 8.06980369816e-06, 7.96778567747e-06, 9.22966864891e-06, 7.51602465243e-06, 6.05851846558e-06, 5.96492736804e-06, 5.18812339578e-06, 5.20355570188e-06, 3.77351511816e-06, 3.77282799491e-06, 4.19096750193e-06, 4.28936618846e-06, 4.10043867305e-06, 5.20829144079e-06, 3.96631548938e-06, 4.03044259656e-06, 3.20992012348e-06, 2.33459945775e-06, 2.14890224015e-06, 2.3249788228e-06, 2.26627230404e-06, 2.40252052208e-06, 1.60132367455e-06, 2.01240345632e-06, 1.79730216132e-06, 1.49614686507e-06, 1.34352058012e-06, 1.35630887144e-06, 1.03611830582e-06, 7.90746014445e-07, 5.07197569277e-07, 4.01794409299e-07, 3.16880147011e-07, 2.88884194788e-07, 2.95686305662e-07, 2.79684087445e-07, 2.41445121674e-07, 2.58438348055e-07, 2.34960822354e-07, 2.33990448351e-07, 1.51835578777e-07, 6.09617512026e-09, 3.97483379544e-10, 3.91890575546e-10, 3.87853249517e-10, 3.85300236161e-10]
    },
    "mfcc": {
        "mean": [-613.120239258, 93.4822692871, -19.2715263367, -3.62667608261, -12.6325893402, 0.277719795704, 5.52956342697, 10.7360048294, 7.27960586548, 2.55097484589, 0.749506235123, -2.18148469925, -4.59973907471],
        "cov": [[7033.89550781, -455.287506104, 53.4348716736, 175.68460083, -72.5210418701, 250.44921875, -57.4502563477, -125.851318359, -148.351028442, -70.6452407837, -214.258239746, -106.352828979, -132.556671143], [-455.287506104, 639.867614746, 418.131378174, 220.595031738, 109.547271729, 122.231681824, 158.311141968, 126.711906433, 124.831451416, 23.8396987915, 39.6465682983, 116.791976929, 44.2331390381], [53.4348716736, 418.131378174, 1725.11096191, 1117.16540527, 665.579956055, 554.626647949, 373.353179932, 121.642791748, 185.632904053, 34.8160972595, 25.3760757446, 215.658172607, 67.3495178223], [175.68460083, 220.595031738, 1117.16540527, 1218.91870117, 623.834411621, 607.216796875, 321.319885254, -24.1273365021, 101.255828857, 44.9270629883, -19.2653160095, 93.9388046265, 2.07503843307], [-72.5210418701, 109.547271729, 665.579956055, 623.834411621, 444.347686768, 339.395111084, 182.134841919, 18.9513320923, 70.8499755859, 52.6560134888, 5.04592514038, 72.1239776611, 23.5172214508], [250.44921875, 122.231681824, 554.626647949, 607.216796875, 339.395111084, 382.027069092, 196.399383545, 22.8567390442, 72.8876724243, 52.7472305298, -9.84985733032, 50.981716156, 1.82267844677], [-57.4502563477, 158.311141968, 373.353179932, 321.319885254, 182.134841919, 196.399383545, 175.918243408, 80.4315719604, 79.0956420898, 38.111000061, 9.62012004852, 50.3623580933, 20.944103241], [-125.851318359, 126.711906433, 121.642791748, -24.1273365021, 18.9513320923, 22.8567390442, 80.4315719604, 157.897659302, 78.3782730103, 39.5559768677, 35.303981781, 40.7275314331, 32.6694984436], [-148.351028442, 124.831451416, 185.632904053, 101.255828857, 70.8499755859, 72.8876724243, 79.0956420898, 78.3782730103, 85.1252670288, 37.8186607361, 24.0069217682, 42.590927124, 20.7257823944], [-70.6452407837, 23.8396987915, 34.8160972595, 44.9270629883, 52.6560134888, 52.7472305298, 38.111000061, 39.5559768677, 37.8186607361, 78.6757202148, 24.4918079376, 20.942527771, 15.5514183044], [-214.258239746, 39.6465682983, 25.3760757446, -19.2653160095, 5.04592514038, -9.84985733032, 9.62012004852, 35.303981781, 24.0069217682, 24.4918079376, 60.2805671692, 27.2910671234, 19.5362415314], [-106.352828979, 116.791976929, 215.658172607, 93.9388046265, 72.1239776611, 50.981716156, 50.3623580933, 40.7275314331, 42.590927124, 20.942527771, 27.2910671234, 78.1561050415, 31.6479530334], [-132.556671143, 44.2331390381, 67.3495178223, 2.07503843307, 23.5172214508, 1.82267844677, 20.944103241, 32.6694984436, 20.7257823944, 15.5514183044, 19.5362415314, 31.6479530334, 49.0753898621]],
        "icov": [[0.000203357980354, 0.000130612228531, -0.000129900116008, 9.90044718492e-05, 0.000432290980825, -0.000729283376131, 0.000349005567841, -0.000262477929937, 0.000422909972258, -5.55622100364e-05, 0.000536109204404, -0.000168197031599, 0.000185412369319], [0.000130612228531, 0.00286487280391, 2.40682802541e-05, -0.000353612937033, 0.0010223275749, -5.13555569341e-05, -0.00127753592096, -0.000381091842428, -0.00205600843765, 0.00121968460735, 0.000404205668019, -0.00314832106233, 0.000414627691498], [-0.000129900116008, 2.40682802541e-05, 0.00297381193377, -0.00201029609889, -0.00196259608492, 0.00145867164247, -0.000376999319997, -0.00142176251393, -0.00150483823381, 0.00267553864978, 0.00032955018105, -0.00415484420955, -3.91667817894e-05], [9.90044718492e-05, -0.000353612937033, -0.00201029609889, 0.00829084590077, -0.00251191761345, -0.00693316198885, -0.00370897445828, 0.00557102030143, -3.84612030757e-05, 0.00131755555049, -0.00140860758256, 0.00233378610574, 0.00098439049907], [0.000432290980825, 0.0010223275749, -0.00196259608492, -0.00251191761345, 0.0121272141114, -0.00527288997546, 0.00183313619345, -0.000586727051996, 0.0019243665738, -0.00328248832375, 0.000716007023584, -0.00044477492338, -0.00273226364516], [-0.000729283376131, -5.13555569341e-05, 0.00145867164247, -0.00693316198885, -0.00527288997546, 0.0221688449383, -0.00841096322984, 0.000230667530559, -0.00207596714608, -0.00480949087068, 0.00175352115184, -0.000534258084372, 0.00355450506322], [0.000349005567841, -0.00127753592096, -0.000376999319997, -0.00370897445828, 0.00183313619345, -0.00841096322984, 0.0286444742233, -0.011112623848, -0.00385262654163, 0.00021900270076, 0.003418113105, 0.00113724486437, -0.00316115678288], [-0.000262477929937, -0.000381091842428, -0.00142176251393, 0.00557102030143, -0.000586727051996, 0.000230667530559, -0.011112623848, 0.0204109810293, -0.0108323106542, -0.00110700796358, -0.00417638802901, 0.00307183736004, -0.00261513912119], [0.000422909972258, -0.00205600843765, -0.00150483823381, -3.84612030757e-05, 0.0019243665738, -0.00207596714608, -0.00385262654163, -0.0108323106542, 0.0375828668475, -0.00824224296957, -0.000927643035538, -0.00334236281924, 0.00233687483706], [-5.55622100364e-05, 0.00121968460735, 0.00267553864978, 0.00131755555049, -0.00328248832375, -0.00480949087068, 0.00021900270076, -0.00110700796358, -0.00824224296957, 0.0232061333954, -0.00561621971428, -0.00313934893347, -0.00219445372932], [0.000536109204404, 0.000404205668019, 0.00032955018105, -0.00140860758256, 0.000716007023584, 0.00175352115184, 0.003418113105, -0.00417638802901, -0.000927643035538, -0.00561621971428, 0.0263787787408, -0.0073071392253, -0.00201302231289], [-0.000168197031599, -0.00314832106233, -0.00415484420955, 0.00233378610574, -0.00044477492338, -0.000534258084372, 0.00113724486437, 0.00307183736004, -0.00334236281924, -0.00313934893347, -0.0073071392253, 0.033989444375, -0.0109146283939], [0.000185412369319, 0.000414627691498, -3.91667817894e-05, 0.00098439049907, -0.00273226364516, 0.00355450506322, -0.00316115678288, -0.00261513912119, 0.00233687483706, -0.00219445372932, -0.00201302231289, -0.0109146283939, 0.0323318429291]]
    },
    "spectral_contrast_coeffs": {
        "max": [-0.513126134872, -0.604951500893, -0.613024652004, -0.714440941811, -0.731103658676, -0.654983401299],
        "mean": [-0.734147906303, -0.785450220108, -0.788002371788, -0.829973340034, -0.807911217213, -0.765760779381],
        "min": [-0.928691267967, -0.925915837288, -0.915000200272, -0.921744048595, -0.917253792286, -0.880879759789],
        "stdev": [0.0629610344768, 0.0662326812744, 0.0512533225119, 0.0292445905507, 0.0282077174634, 0.0433926135302]
    },
    "spectral_contrast_valleys": {
        "max": [-5.34025716782, -5.00685167313, -4.85481834412, -5.73751544952, -5.78213787079, -7.89984512329],
        "mean": [-7.27142190933, -6.41850137711, -6.31254673004, -6.89303302765, -7.0187959671, -9.55217456818],
        "min": [-13.2944955826, -13.3431110382, -13.5884895325, -14.0866889954, -14.131275177, -16.4080448151],
        "stdev": [1.50169241428, 0.776735603809, 0.951422393322, 0.914244055748, 0.885591089725, 0.912544310093]
    }
},
"rhythm": {
    "beats_count": 26,
    "beats_loudness": {
        "max": 0.114050038159,
        "mean": 0.043823197484,
        "min": 0.00449708104134,
        "stdev": 0.0261050444096
    },
    "bpm": 123.219520569,
    "bpm_histogram_first_peak_bpm": 123,
    "bpm_histogram_first_peak_weight": 0.263157904148,
    "bpm_histogram_second_peak_bpm": 133,
    "bpm_histogram_second_peak_spread": 0.399999976158,
    "bpm_histogram_second_peak_weight": 0.119999997318,
    "danceability": 1.03552126884,
    "onset_rate": 2.50796175003,
    "beats_loudness_band_ratio": {
        "max": [0.958384275436, 0.329012304544, 0.54210960865, 0.625923514366, 0.192500188947, 0.194752573967],
        "mean": [0.379879027605, 0.0813173428178, 0.208707585931, 0.227076426148, 0.0834819748998, 0.0607493966818],
        "min": [0.000257357110968, 0.00479540415108, 0.0108289169148, 0.00916041526943, 0.00745314499363, 0.00778201036155],
        "stdev": [0.298949837685, 0.102887943387, 0.158045843244, 0.203452348709, 0.0568895488977, 0.0471991896629]
    },
    "beats_position": [0.441179126501, 0.905578196049, 1.35836732388, 1.8111563921, 2.27555561066, 2.72834467888, 3.20435357094, 3.68036270142, 4.15637159348, 4.6439909935, 5.13160991669, 5.61922883987, 6.11845779419, 6.62929677963, 7.12852573395, 7.61614513397, 8.10376358032, 8.59138298035, 9.07900238037, 9.56662082672, 10.0542402267, 10.5418596268, 11.0294780731, 11.5170974731, 12.0047159195, 12.4923353195],
