{
"metadata": {
    "version": {
        "essentia": "2.1-beta5",
        "essentia_git_sha": "Undefined",
        "extractor": "music 2.0"
    },
    "audio_properties": {
        "analysis": {
            "equal_loudness": 0,
            "length": 32.4963264465,
            "sample_rate": 44100,
            "start_time": 126.490699768,
            "downmix": "mix"
        },
        "bit_rate": 192000,
        "length": 190.13659668,
        "lossless": 0,
        "number_channels": 2,
        "replay_gain": -1.06028556824,
        "sample_rate": 48000,
        "codec": "mp3",
        "md5_encoded": "7cff2ae7c24e93a96b94e7a8bffaabe0"
    },
    "tags": {
        "file_name": "Croatia_Moja tikla_Severina.mp3",
        "encoding": ["Lavf58.29.100"]
    }
},
"lowlevel": {
    "average_loudness": 0.87142264843,
    "barkbands_crest": {
        "max": 26.252904892,
        "mean": 9.16449356079,
        "min": 2.20647096634,
        "stdev": 4.43722057343
    },
    "barkbands_flatness_db": {
        "max": 0.284567326307,
        "mean": 0.0952431038022,
        "min": 0.0241659712046,
        "stdev": 0.0402747951448
    },
    "barkbands_kurtosis": {
        "max": 71.5854492188,
        "mean": 1.33378660679,
        "min": -1.72635865211,
        "stdev": 4.5648522377
    },
    "barkbands_skewness": {
        "max": 5.87201738358,
        "mean": 0.725021958351,
        "min": -3.75939273834,
        "stdev": 0.8822067976
    },
    "barkbands_spread": {
        "max": 94.8857269287,
        "mean": 28.6436328888,
        "min": 1.06616473198,
        "stdev": 14.3826541901
    },
    "dissonance": {
        "max": 0.499963402748,
        "mean": 0.472614437342,
        "min": 0.228473260999,
        "stdev": 0.0267454329878
    },
    "dynamic_complexity": 3.01059103012,
    "erbbands_crest": {
        "max": 31.897726059,
        "mean": 9.744099617,
        "min": 2.32827734947,
        "stdev": 4.72721099854
    },
    "erbbands_flatness_db": {
        "max": 0.346842348576,
        "mean": 0.156280815601,
        "min": 0.0575378909707,
        "stdev": 0.047975923866
    },
    "erbbands_kurtosis": {
        "max": 65.9323272705,
        "mean": 1.29813563824,
        "min": -1.49165952206,
        "stdev": 4.06594181061
    },
    "erbbands_skewness": {
        "max": 6.44039011002,
        "mean": 0.527391254902,
        "min": -1.69182515144,
        "stdev": 0.842540025711
    },
    "erbbands_spread": {
        "max": 99.9066772461,
        "mean": 30.3959732056,
        "min": 1.88083255291,
        "stdev": 14.9326686859
    },
    "hfc": {
        "max": 128.270523071,
        "mean": 30.4540290833,
        "min": 0.204926908016,
        "stdev": 25.6691436768
    },
    "loudness_ebu128": {
        "integrated": -22.6962947845,
        "loudness_range": 3.29355239868,
        "momentary": {
            "max": -18.9633731842,
            "mean": -23.1387348175,
            "min": -33.9562911987,
            "stdev": 2.05369997025
        },
        "short_term": {
            "max": -20.5164165497,
            "mean": -22.9421825409,
            "min": -25.5593585968,
            "stdev": 1.07846927643
        }
    },
    "melbands_crest": {
        "max": 31.628736496,
        "mean": 12.4162931442,
        "min": 3.51043748856,
        "stdev": 5.8653717041
    },
    "melbands_flatness_db": {
        "max": 0.359405964613,
        "mean": 0.137968823314,
        "min": 0.0220532063395,
        "stdev": 0.0495671443641
    },
    "melbands_kurtosis": {
        "max": 119.744972229,
        "mean": 5.03452730179,
        "min": -1.63002991676,
        "stdev": 9.7537689209
    },
    "melbands_skewness": {
        "max": 9.67833328247,
        "mean": 1.41271829605,
        "min": -2.52523779869,
        "stdev": 1.22149384022
    },
    "melbands_spread": {
        "max": 201.015411377,
        "mean": 36.1811180115,
        "min": 2.18636775017,
        "stdev": 20.1111392975
    },
    "pitch_salience": {
        "max": 0.813656568527,
        "mean": 0.574034631252,
        "min": 0.0981289446354,
        "stdev": 0.116421863437
    },
    "silence_rate_20dB": {
        "max": 1,
        "mean": 1,
        "min": 1,
        "stdev": 0
    },
    "silence_rate_30dB": {
        "max": 1,
        "mean": 1,
        "min": 1,
        "stdev": 0
    },
    "silence_rate_60dB": {
        "max": 1,
        "mean": 0.105638831854,
        "min": 0,
        "stdev": 0.307375013828
    },
    "spectral_centroid": {
        "max": 4994.24804688,
        "mean": 1847.06384277,
        "min": 526.059997559,
        "stdev": 514.908935547
    },
    "spectral_complexity": {
        "max": 48,
        "mean": 20.7144889832,
        "min": 0,
        "stdev": 10.7953453064
    },
    "spectral_decrease": {
        "max": -3.59392619831e-11,
        "mean": -5.2587911803e-09,
        "min": -2.99312254981e-08,
        "stdev": 4.65948302164e-09
    },
    "spectral_energy": {
        "max": 0.124138697982,
        "mean": 0.0226101968437,
        "min": 0.000154230394401,
        "stdev": 0.0193939562887
    },
    "spectral_energyband_high": {
        "max": 0.00907634478062,
        "mean": 0.00120386690833,
        "min": 7.56462850404e-06,
        "stdev": 0.00144307781011
    },
    "spectral_energyband_low": {
        "max": 0.0580143071711,
        "mean": 0.00528197223321,
        "min": 5.37348910257e-07,
        "stdev": 0.00951234716922
    },
    "spectral_energyband_middle_high": {
        "max": 0.12097774446,
        "mean": 0.010313488543,
        "min": 9.70550099737e-05,
        "stdev": 0.0122460015118
    },
    "spectral_energyband_middle_low": {
        "max": 0.0463639125228,
        "mean": 0.00622513890266,
        "min": 5.19769637322e-05,
        "stdev": 0.00615820474923
    },
    "spectral_entropy": {
        "max": 8.75878429413,
        "mean": 7.83030557632,
        "min": 6.31233930588,
        "stdev": 0.329844683409
    },
    "spectral_flux": {
        "max": 0.253806829453,
        "mean": 0.0922304913402,
        "min": 0.00901839602739,
        "stdev": 0.047908321023
    },
    "spectral_kurtosis": {
        "max": 13.5690193176,
        "mean": 4.35543346405,
        "min": -0.475672483444,
        "stdev": 2.05410170555
    },
    "spectral_rms": {
        "max": 0.0110050411895,
        "mean": 0.00422998750582,
        "min": 0.000387902924558,
        "stdev": 0.00204105325975
    },
    "spectral_rolloff": {
        "max": 13824.3164062,
        "mean": 2661.38745117,
        "min": 107.666015625,
        "stdev": 2186.41210938
    },
    "spectral_skewness": {
        "max": 3.10611367226,
        "mean": 1.66107201576,
        "min": 0.533224821091,
        "stdev": 0.314097583294
    },
    "spectral_spread": {
        "max": 26610928,
        "mean": 5279238,
        "min": 2412340,
        "stdev": 1816077
    },
    "spectral_strongpeak": {
        "max": 11.7741775513,
        "mean": 1.43360853195,
        "min": 0.0119955539703,
        "stdev": 1.69203436375
    },
    "zerocrossingrate": {
        "max": 0.37353515625,
        "mean": 0.0987994074821,
        "min": 0.0146484375,
        "stdev": 0.0465168692172
    },
    "barkbands": {
        "max": [0.00412072008476, 0.0501645468175, 0.018410731107, 0.00548188807443, 0.00828567426652, 0.012666339986, 0.0330850668252, 0.0144937606528, 0.0393999032676, 0.0727712661028, 0.119391858578, 0.0167569834739, 0.0222683567554, 0.0164408814162, 0.0161795541644, 0.00575888296589, 0.00904646143317, 0.00614660000429, 0.00647210236639, 0.00365598429926, 0.00298133515753, 0.00167944049463, 0.00110544485506, 0.00289164995775, 0.00314575922675, 0.00309571577236, 0.000679183052853],
        "mean": [0.000257046893239, 0.00394998863339, 0.000925941101741, 0.000306938833091, 0.000471725710668, 0.000613247451838, 0.00112518202513, 0.000560989719816, 0.00258500967175, 0.00199735630304, 0.00232857838273, 0.000973403220996, 0.001081796363, 0.00085562968161, 0.000863857800141, 0.0005576092517, 0.000709396030288, 0.000510707555804, 0.000590074050706, 0.000230494115385, 0.000164065830177, 0.000108842003101, 0.00010399374878, 0.000307913287543, 0.000189815313206, 0.000208701152587, 3.18696438626e-05],
        "min": [3.51023210499e-09, 8.79056472058e-08, 1.49201028421e-07, 2.01735389282e-07, 1.31906881506e-06, 1.10863356895e-06, 7.33403112463e-07, 1.87830028153e-06, 4.51395544587e-06, 5.22579011886e-06, 1.53667133418e-06, 5.09951678396e-06, 3.32871763931e-06, 2.69731026492e-06, 2.74282410828e-06, 2.25908615903e-06, 1.58238844961e-06, 2.25759549721e-06, 1.39319433856e-06, 2.24320888265e-06, 1.22316043871e-06, 7.36326910555e-07, 1.02043293282e-06, 6.48375305445e-07, 5.61531180665e-07, 2.09684955621e-07, 6.13153416928e-10],
        "stdev": [0.000525796262082, 0.00748842116445, 0.00206950190477, 0.000634063908365, 0.000826377188787, 0.0008457210497, 0.0026920766104, 0.00115861243103, 0.00395585317165, 0.00507829198614, 0.00842963997275, 0.00205712276511, 0.00223311292939, 0.0015838437248, 0.00170296139549, 0.000732558371965, 0.000951715977862, 0.000668557884637, 0.00071220373502, 0.000286608817987, 0.000221827329369, 0.000148721257574, 0.000128996383864, 0.000460912735434, 0.000318641890772, 0.000463612173917, 8.44833994051e-05]
    },
    "erbbands": {
        "max": [2.0555729866, 10.2611923218, 23.7667655945, 19.2626247406, 32.597492218, 25.2934837341, 38.5004806519, 129.372268677, 582.082946777, 398.476806641, 243.265380859, 996.638000488, 1087.30639648, 2654.70385742, 2548.13769531, 726.880981445, 986.940917969, 880.952819824, 699.694091797, 875.974121094, 322.285980225, 579.553466797, 377.166015625, 234.173141479, 437.023529053, 160.449279785, 96.5060501099, 121.875076294, 39.5401268005, 38.4580841064, 36.803604126, 56.6258277893, 47.9027137756, 45.8841094971, 16.4565944672, 12.3583660126, 8.37904644012, 1.23239266872, 0.147154375911, 0.00382153550163],
        "mean": [0.148604139686, 0.747210264206, 1.11871826649, 1.08698582649, 1.20044159889, 1.68673181534, 2.47624278069, 6.41355276108, 14.7919988632, 14.8251810074, 15.4887189865, 49.0164718628, 73.0797576904, 89.6346206665, 63.0792007446, 44.0236091614, 49.1062469482, 46.7601776123, 44.8600502014, 36.0506286621, 35.100643158, 41.0915031433, 30.6518611908, 29.0721359253, 23.9301509857, 10.9733285904, 6.63703155518, 6.22097587585, 3.87791061401, 3.52050638199, 3.08929443359, 6.14182472229, 4.29666805267, 1.84340691566, 1.42706155777, 0.820611774921, 0.466759443283, 0.0644829422235, 0.00637284992263, 0.000213267179788],
        "min": [2.25785720431e-06, 2.44727798417e-05, 0.000231997779338, 0.000839578337036, 0.00182975269854, 0.00424488261342, 0.00623179459944, 0.0123559199274, 0.0163693260401, 0.0302946530282, 0.0279264114797, 0.140725240111, 0.244398102164, 0.222474336624, 0.144478395581, 0.265681385994, 0.208377480507, 0.238226532936, 0.365757763386, 0.235340759158, 0.168333977461, 0.0937773510814, 0.129250004888, 0.133169203997, 0.0679533854127, 0.0855510234833, 0.0642747282982, 0.0382471829653, 0.0282468367368, 0.0219762139022, 0.0287594702095, 0.0144036700949, 0.00965491309762, 0.00720225647092, 0.00317377760075, 0.000929791480303, 0.000306523259496, 3.34644282702e-05, 1.38958648677e-06, 2.80346597492e-07],
        "stdev": [0.298756420612, 1.50916445255, 2.59114384651, 2.04969453812, 2.65704369545, 2.77962803841, 3.63057470322, 9.16937351227, 42.483581543, 26.7128582001, 26.6317424774, 77.5556030273, 117.17263031, 250.875228882, 187.947021484, 91.268157959, 98.4283447266, 76.1011505127, 80.8013534546, 70.4123382568, 42.6574859619, 53.7393760681, 39.004486084, 31.901966095, 32.8694801331, 13.4365348816, 7.86451864243, 9.52380561829, 4.92444992065, 4.45723295212, 3.88756585121, 9.00064849854, 6.16200304031, 2.99092292786, 2.53459000587, 1.73332929611, 1.03929948807, 0.177685976028, 0.0171246882528, 0.000430568994489]
    },
    "gfcc": {
        "mean": [15.2212743759, 44.6284942627, -130.433822632, 10.8597326279, -55.7603607178, 19.1735553741, -34.9614295959, 28.0441646576, -19.9759731293, 6.23934984207, -13.3493852615, 3.73093605042, -9.04886817932],
        "cov": [[3735.81567383, -489.954406738, 482.956695557, -78.9737625122, 411.302398682, 18.1082057953, 184.25453186, -16.5627861023, 33.9680595398, -9.47169399261, 50.9593734741, 46.2502403259, -159.372955322], [-489.954406738, 903.476074219, -46.6765899658, 267.945373535, 75.7961120605, 141.517990112, 94.231628418, -31.0838451385, 17.1289768219, -89.4172363281, 34.9905815125, -35.7278594971, 45.4749298096], [482.956695557, -46.6765899658, 874.667602539, 178.643569946, 161.315429688, 128.265274048, 48.3264579773, 23.2767944336, 46.8020248413, 28.989522934, -72.5850372314, 45.8132247925, -18.6954860687], [-78.9737625122, 267.945373535, 178.643569946, 485.944030762, 93.6874237061, 93.9794540405, -33.5039749146, 23.5391960144, 126.378982544, 33.6679115295, -2.7615814209, -23.5978317261, 38.1913566589], [411.302398682, 75.7961120605, 161.315429688, 93.6874237061, 275.214630127, 122.42880249, 62.5355072021, 14.4411716461, 19.7614784241, -11.0369729996, 19.810136795, -5.40874290466, -28.108549118], [18.1082057953, 141.517990112, 128.265274048, 93.9794540405, 122.42880249, 315.919342041, 144.507293701, 23.4877376556, -34.7924003601, -66.1017379761, 29.8930892944, -9.80913639069, -4.96417284012], [184.25453186, 94.231628418, 48.3264579773, -33.5039749146, 62.5355072021, 144.507293701, 198.118453979, 22.874206543, -36.8218803406, -71.8529815674, 18.8962917328, 18.3435649872, -6.72342300415], [-16.5627861023, -31.0838451385, 23.2767944336, 23.5391960144, 14.4411716461, 23.4877376556, 22.874206543, 119.636161804, 64.8914489746, 10.4831113815, 8.82353687286, 6.71838855743, 3.15664029121], [33.9680595398, 17.1289768219, 46.8020248413, 126.378982544, 19.7614784241, -34.7924003601, -36.8218803406, 64.8914489746, 170.958084106, 63.9872665405, -1.4020512104, 3.46418380737, 29.418012619], [-9.47169399261, -89.4172363281, 28.989522934, 33.6679115295, -11.0369729996, -66.1017379761, -71.8529815674, 10.4831113815, 63.9872665405, 117.438156128, 11.2843523026, -3.80408549309, -2.14598035812], [50.9593734741, 34.9905815125, -72.5850372314, -2.7615814209, 19.810136795, 29.8930892944, 18.8962917328, 8.82353687286, -1.4020512104, 11.2843523026, 88.1076812744, 13.880566597, -6.00352239609], [46.2502403259, -35.7278594971, 45.8132247925, -23.5978317261, -5.40874290466, -9.80913639069, 18.3435649872, 6.71838855743, 3.46418380737, -3.80408549309, 13.880566597, 77.7833175659, 30.4308452606], [-159.372955322, 45.4749298096, -18.6954860687, 38.1913566589, -28.108549118, -4.96417284012, -6.72342300415, 3.15664029121, 29.418012619, -2.14598035812, -6.00352239609, 30.4308452606, 83.4762802124]],
        "icov": [[0.00048853358021, 0.000396870542318, -0.00020321275224, -6.78818687447e-05, -0.000650917703751, 0.000547555857338, -0.000700124481227, 0.000591779476963, -0.000523145426996, 0.000532781530637, -0.000606209854595, 6.41017177259e-05, 0.00056775927078], [0.000396870542318, 0.00213211402297, -5.40476612514e-05, -0.00111786101479, -0.000591404445004, 0.000666117412038, -0.00145791319665, 0.00134124141186, -0.000721407530364, 0.00187324953731, -0.00156437768601, 0.00131370034069, -0.000521158392075], [-0.00020321275224, -5.40476612514e-05, 0.00205733673647, -0.000630407303106, -0.000415049085859, -0.00108287995681, 6.23976084171e-05, -0.000201284012292, 0.000288780778646, -0.0014795481693, 0.00296003138646, -0.00255391607061, 0.00120322918519], [-6.78818687447e-05, -0.00111786101479, -0.000630407303106, 0.00420959712937, -0.000327675254084, -0.00163961038925, 0.00202456396073, 0.000338005222147, -0.0025306888856, -0.000265203503659, 2.2818790967e-05, 0.000969899236225, -0.00111221743282], [-0.000650917703751, -0.000591404445004, -0.000415049085859, -0.000327675254084, 0.00613978970796, -0.00203975662589, 0.00039483726141, -0.000196448425413, -0.000549810298253, -0.000262211193331, -0.00036706958781, -8.22647270979e-05, 0.00131236296147], [0.000547555857338, 0.000666117412038, -0.00108287995681, -0.00163961038925, -0.00203975662589, 0.0078268237412, -0.00476909196004, -0.000605815148447, 0.00171699456405, 0.0021227132529, -0.003506971756, 0.00335033214651, -0.00141654768959], [-0.000700124481227, -0.00145791319665, 6.23976084171e-05, 0.00202456396073, 0.00039483726141, -0.00476909196004, 0.0115922288969, -0.00240638316609, 0.000125507445773, 0.00269106216729, 0.00054645142518, -0.00296862307005, 0.000565713678952], [0.000591779476963, 0.00134124141186, -0.000201284012292, 0.000338005222147, -0.000196448425413, -0.000605815148447, -0.00240638316609, 0.0131856575608, -0.00722100632265, 0.00215113232844, -0.00181368400808, -0.000185500917723, 0.00194208975881], [-0.000523145426996, -0.000721407530364, 0.000288780778646, -0.0025306888856, -0.000549810298253, 0.00171699456405, 0.000125507445773, -0.00722100632265, 0.0140590406954, -0.00619144784287, 0.00166995904874, 0.000258204730926, -0.00427091866732], [0.000532781530637, 0.00187324953731, -0.0014795481693, -0.000265203503659, -0.000262211193331, 0.0021227132529, 0.00269106216729, 0.00215113232844, -0.00619144784287, 0.0171376131475, -0.006344914902, 0.00254024192691, 0.00120017502923], [-0.000606209854595, -0.00156437768601, 0.00296003138646, 2.2818790967e-05, -0.00036706958781, -0.003506971756, 0.00054645142518, -0.00181368400808, 0.00166995904874, -0.006344914902, 0.018360266462, -0.00754416873679, 0.00344678992406], [6.41017177259e-05, 0.00131370034069, -0.00255391607061, 0.000969899236225, -8.22647270979e-05, 0.00335033214651, -0.00296862307005, -0.000185500917723, 0.000258204730926, 0.00254024192691, -0.00754416873679, 0.0217958949506, -0.0101833837107], [0.00056775927078, -0.000521158392075, 0.00120322918519, -0.00111221743282, 0.00131236296147, -0.00141654768959, 0.000565713678952, 0.00194208975881, -0.00427091866732, 0.00120017502923, 0.00344678992406, -0.0101833837107, 0.0199516098946]]
    },
    "melbands": {
        "max": [0.016316216439, 0.0118713546544, 0.00301658827811, 0.0018250142457, 0.0011626771884, 0.00273846555501, 0.00779117830098, 0.00440852437168, 0.00213833618909, 0.00651557883248, 0.00533906416968, 0.011790827848, 0.0143743855879, 0.00218148855492, 0.00239587482065, 0.00168946851045, 0.00200525997207, 0.00118465023115, 0.00165583076887, 0.000604578177445, 0.000406705803471, 0.000784174597356, 0.000394908362068, 0.000170898463693, 0.00021401703998, 0.000306428293698, 0.000198526860913, 8.25165625429e-05, 5.6867072999e-05, 8.41358778416e-05, 7.56537774578e-05, 3.10000104946e-05, 2.69286556431e-05, 2.581134504e-05, 2.2770729629e-05, 2.57667670667e-05, 5.5422216974e-05, 4.12951667386e-05, 2.87309958367e-05, 4.33145687566e-05],
        "mean": [0.00120725575835, 0.000691994675435, 0.000193912652321, 9.99734256766e-05, 8.52755110827e-05, 0.000145051220898, 0.000223693758016, 0.000147765458678, 0.000134475470986, 0.000359060766641, 0.000365677464288, 0.000356441887561, 0.00027792507899, 0.000108594234916, 0.000111520057544, 0.000103708582174, 8.44552632771e-05, 7.04757258063e-05, 6.38742349111e-05, 3.59500336344e-05, 4.1208575567e-05, 4.28586572525e-05, 3.59914047294e-05, 2.1658364858e-05, 2.38632037508e-05, 2.22791986744e-05, 1.15836164696e-05, 6.09500784776e-06, 4.07343532061e-06, 3.88498756365e-06, 3.44222144122e-06, 1.94391714103e-06, 2.35440461438e-06, 1.77317951966e-06, 1.64565710747e-06, 1.88969602277e-06, 5.15231567988e-06, 3.8539947127e-06, 1.65982658018e-06, 1.45651290495e-06],
        "min": [2.40753443848e-08, 9.55604733122e-08, 1.83578237056e-07, 2.93377098615e-07, 9.94741284899e-08, 2.75363248647e-07, 2.57903650436e-07, 3.71254742504e-07, 1.65399214325e-07, 1.00755096355e-06, 1.21192294955e-06, 7.91006755207e-07, 4.10667752249e-07, 5.24739391494e-07, 4.79402160636e-07, 2.98962703482e-07, 3.68022028852e-07, 2.73474881851e-07, 2.14725048409e-07, 2.70944298109e-07, 1.59356531526e-07, 1.03698859277e-07, 1.08725885184e-07, 9.23609775327e-08, 9.35838571081e-08, 3.64273056164e-08, 5.3282565915e-08, 5.50375816033e-08, 3.22506039652e-08, 2.89442940726e-08, 1.98069933788e-08, 1.48637697706e-08, 1.07201376665e-08, 1.11424682814e-08, 1.45433816101e-08, 1.30247492791e-08, 6.87366741303e-09, 6.07766903471e-09, 6.87747725436e-09, 5.55673906888e-09],
        "stdev": [0.002308702562, 0.0014449324226, 0.000352453294909, 0.000189475889783, 0.000118298026791, 0.000209562873351, 0.000593675067648, 0.000275468773907, 0.000241989662754, 0.000560199900065, 0.000607780064456, 0.00100420624949, 0.00100061821286, 0.000224737334065, 0.00024631904671, 0.000203920717468, 0.000154646346346, 0.000139133742778, 0.000134014160722, 5.84895060456e-05, 5.26986223122e-05, 6.22077204753e-05, 5.03322953591e-05, 2.62940829998e-05, 2.70206728601e-05, 2.82450473605e-05, 1.7603242668e-05, 7.31697491574e-06, 4.94819687447e-06, 5.62420382266e-06, 5.80197593081e-06, 2.71729663837e-06, 3.55375323124e-06, 2.31164517572e-06, 2.19478738472e-06, 2.57545025306e-06, 8.63508830662e-06, 6.06267030889e-06, 2.64537129624e-06, 2.53650614468e-06]
    },
    "melbands128": {
        "max": [0.00393056543544, 0.0192499943078, 0.0257302820683, 0.0173722021282, 0.0148193389177, 0.00749847199768, 0.00428561493754, 0.00298937573098, 0.0045630838722, 0.00206408649683, 0.0016441202024, 0.0012478439603, 0.00186031544581, 0.00222406815737, 0.00262492755428, 0.00480479281396, 0.01201941818, 0.0122238788754, 0.00645866710693, 0.00651717372239, 0.00555045576766, 0.00311760557815, 0.00370635045692, 0.00589920813218, 0.00884281191975, 0.00890711136162, 0.0159688182175, 0.00738035468385, 0.0112042352557, 0.0208850223571, 0.0185994375497, 0.0381881147623, 0.0182503852993, 0.00519249215722, 0.00388422771357, 0.00414214003831, 0.00372535269707, 0.00427322648466, 0.00684283813462, 0.0034161049407, 0.00292563880794, 0.00289427000098, 0.00369301089086, 0.00317588937469, 0.00311385351233, 0.00204848428257, 0.00307847838849, 0.00237434939481, 0.00310780853033, 0.00199422426522, 0.000709340558387, 0.000715710397344, 0.00101526721846, 0.00075523625128, 0.00103670195676, 0.00173316558357, 0.000862175482325, 0.000792804872617, 0.000879151572008, 0.000440401752712, 0.000305369787384, 0.00047629934852, 0.000215825377381, 0.000264813948888, 0.000521608570125, 0.000269736076007, 0.000915965705644, 0.000321542407619, 0.000318054080708, 0.000277321290923, 7.3207411333e-05, 6.86047133058e-05, 7.18266164768e-05, 6.44110114081e-05, 9.83891586657e-05, 0.000119547541544, 0.00015092852118, 0.000114568450954, 0.000121416574984, 0.000169174658367, 4.04843231081e-05, 3.77397773264e-05, 3.20275612467e-05, 5.20371067978e-05, 2.66159295279e-05, 2.29604756896e-05, 3.72004651581e-05, 3.19704231515e-05, 2.44084822043e-05, 2.30097393796e-05, 3.16319565172e-05, 4.44674478786e-05, 4.7746601922e-05, 5.04774543515e-05, 0.00016321525618, 6.85089617036e-05, 3.57424578397e-05, 4.30452892033e-05, 3.13160744554e-05, 4.49922990811e-05, 4.90585625812e-05, 4.60942610516e-05, 3.47232744389e-05, 3.82862672268e-05, 2.99355051538e-05, 2.81519496639e-05, 5.20972207596e-05, 2.79127398244e-05, 1.96473556571e-05, 2.93005323329e-05, 2.07722096093e-05, 6.03114713158e-05, 2.77591916529e-05, 4.15894210164e-05, 1.59248284035e-05, 1.1554361663e-05, 7.31711588742e-06, 9.11213101062e-06, 5.65705795452e-06, 5.62544619243e-06, 5.63499133932e-06, 5.93833010498e-06, 1.58950103923e-06, 6.41319033434e-08, 8.68868266224e-09, 8.59837445688e-09, 8.53873594053e-09, 8.49927506152e-09],
        "mean": [0.000238311942667, 0.0012397991959, 0.00167133484501, 0.00106744433288, 0.000635201111436, 0.00042166718049, 0.000219058871153, 0.000145226105815, 0.000119290249131, 9.04739790712e-05, 9.65405633906e-05, 8.58324856381e-05, 7.72094499553e-05, 9.09930240596e-05, 0.000126747618197, 0.000169298538822, 0.000243506350671, 0.000249797391007, 0.000167535763467, 0.000194701045984, 0.000105991013697, 0.000103425627458, 0.000126193452161, 0.000174990200321, 0.00024354015477, 0.000467004050734, 0.00057695992291, 0.000287923699943, 0.000268999428954, 0.000292775599519, 0.000360243837349, 0.000539984903298, 0.000283745728666, 0.000101283534605, 9.73313435679e-05, 0.000110765788122, 0.000131620545289, 9.48716915445e-05, 0.000120927274111, 0.000107642816147, 0.000101112207631, 9.59275712376e-05, 8.16534011392e-05, 8.61494991113e-05, 6.59022553009e-05, 6.81821329636e-05, 7.31193795218e-05, 7.32002154109e-05, 5.98651640757e-05, 3.63844446838e-05, 3.08496091748e-05, 3.10329487547e-05, 5.64972215216e-05, 3.17469894071e-05, 3.98336342187e-05, 4.78080619359e-05, 4.16381299146e-05, 4.10757493228e-05, 3.48047651642e-05, 2.49046152021e-05, 2.06517670449e-05, 1.89834991033e-05, 1.94608855963e-05, 2.31520625675e-05, 3.59201912943e-05, 2.05726282729e-05, 1.75388231582e-05, 1.34668844112e-05, 1.01398281913e-05, 9.04258013179e-06, 6.13391466686e-06, 4.60674527858e-06, 4.34169078289e-06, 4.01420129492e-06, 3.71463329429e-06, 3.84304303225e-06, 3.83521410185e-06, 4.23926439908e-06, 3.79743119083e-06, 2.25016151489e-06, 1.65605786151e-06, 1.81859809345e-06, 2.4622033834e-06, 2.69933002528e-06, 1.87282785191e-06, 2.0535328531e-06, 1.61330501669e-06, 1.53745554599e-06, 1.58981367804e-06, 1.75449611106e-06, 1.83915778962e-06, 1.89547472473e-06, 2.08367055166e-06, 2.75975367003e-06, 1.11690560516e-05, 4.81717688672e-06, 2.1484941044e-06, 1.66993299899e-06, 1.66583595274e-06, 1.64917207712e-06, 1.53425457938e-06, 1.40628014833e-06, 1.39763415063e-06, 1.31844626594e-06, 1.51474068844e-06, 1.83705788004e-06, 2.25408484766e-06, 1.36996084166e-06, 1.15120894861e-06, 1.30905448259e-06, 1.1435296301e-06, 2.53216853707e-06, 1.28160195345e-06, 1.58381828896e-06, 6.9548667625e-07, 5.01901013195e-07, 3.49076742623e-07, 2.87075806682e-07, 2.06999672514e-07, 1.72507142793e-07, 1.76776438821e-07, 1.73234653289e-07, 3.87707501659e-08, 5.12357933857e-10, 1.66403470864e-11, 1.57826876568e-11, 1.53057080898e-11, 1.51114711022e-11],
        "min": [2.43785192033e-09, 9.5978691661e-09, 1.62448579033e-08, 4.18107575229e-08, 9.1946219527e-08, 4.73548524837e-08, 1.02246914935e-07, 4.41870255941e-08, 1.26827941926e-07, 1.47887490698e-07, 1.37202249562e-07, 1.29141909611e-07, 3.91408363498e-08, 7.19607911037e-08, 3.41208128418e-08, 3.82425859868e-08, 1.294097558e-07, 8.20967258619e-08, 4.43274004169e-08, 6.73098412562e-08, 9.38903781389e-08, 3.36569137005e-08, 8.05651296787e-08, 9.08257860033e-08, 9.01839740663e-08, 1.83756213801e-07, 6.15280043803e-07, 1.57303588821e-07, 1.64522191426e-07, 3.44891105897e-07, 1.38298560159e-07, 1.19131733811e-07, 1.17011815348e-07, 1.75219668108e-07, 1.23665017782e-07, 2.79739566622e-07, 1.57886631769e-07, 2.44326344045e-07, 7.71262875787e-08, 1.25309483678e-07, 9.29053030063e-08, 1.44144877368e-07, 6.73345041946e-08, 1.70488078766e-07, 1.77109257038e-07, 1.09890393674e-07, 1.1072680195e-07, 1.10312441848e-07, 8.59377777829e-08, 1.45952100183e-07, 1.03164971677e-07, 1.08964641754e-07, 3.90659167238e-08, 6.07543029219e-08, 7.35017025022e-08, 6.31927079553e-08, 2.47923637176e-08, 7.33830773925e-08, 6.1844765753e-08, 8.3194720446e-08, 6.7459126285e-08, 8.33099420561e-08, 6.79442990759e-08, 2.90255162128e-08, 3.30600968823e-08, 1.95254639124e-08, 1.87016944153e-08, 2.48679317139e-08, 1.80294179586e-08, 4.32732392142e-08, 2.93514492711e-08, 1.68785749821e-08, 3.0641704285e-08, 2.23437162106e-08, 1.61951891897e-08, 2.14002682242e-08, 1.67098175297e-08, 1.16560601171e-08, 7.44438510836e-09, 3.6818024185e-09, 7.40626759921e-09, 8.92206308833e-09, 7.54116680213e-09, 1.16765077607e-08, 4.12519840509e-09, 7.31422700184e-09, 8.69876970455e-09, 6.26065865816e-09, 9.0161531574e-09, 9.8628785139e-09, 1.03386508243e-08, 1.15550848889e-08, 7.35439975585e-09, 5.3783559828e-09, 6.64832322528e-09, 3.87101461996e-09, 4.02654531939e-09, 5.49557555019e-09, 5.77011416425e-09, 4.7992410046e-09, 6.44126219029e-09, 4.01154487406e-09, 1.19619136818e-09, 2.69296074329e-09, 2.79361533906e-09, 1.66803659774e-09, 1.29077570854e-09, 1.27132648853e-09, 5.87729795387e-11, 7.52038764595e-10, 8.79933292897e-10, 2.16115514373e-10, 3.31769639539e-10, 1.00287174398e-10, 9.09886055389e-11, 1.65903679683e-11, 1.01543556549e-11, 1.02075173401e-12, 4.42059393648e-13, 4.18732783907e-13, 4.19784595539e-13, 3.74693521652e-13, 3.27395201878e-13, 3.42151789757e-13, 3.24586332204e-13, 1.06724518275e-13, 1.37281636728e-14, 4.12737741145e-16],
        "stdev": [0.000494374136906, 0.0026512874756, 0.00335471099243, 0.00233502010815, 0.00159893149976, 0.000883932807483, 0.000435579597251, 0.000304784975015, 0.000311698473524, 0.000220542904572, 0.000167907288414, 0.000132530971314, 0.000140053060022, 0.000167039324879, 0.000207063363632, 0.000296420213999, 0.000812143494841, 0.000874924531672, 0.000389068998629, 0.000413561356254, 0.000314578326652, 0.000270592194283, 0.000286254828097, 0.00042458740063, 0.000590829527937, 0.000823898299132, 0.00114322872832, 0.000712721899617, 0.00086818006821, 0.00120643887203, 0.00144364195876, 0.00240624183789, 0.00130377942696, 0.000304780434817, 0.000261312699877, 0.000320132385241, 0.000408690335462, 0.000304767367197, 0.000404627789976, 0.000290977506666, 0.000260320666712, 0.000230064382777, 0.000207074699574, 0.000223480106797, 0.000209918667679, 0.000199712085305, 0.000206030876143, 0.000188887439435, 0.000191600804101, 0.000103627746284, 6.68028951623e-05, 6.62326274323e-05, 9.22654435271e-05, 5.68596733501e-05, 8.61060907482e-05, 9.70166147454e-05, 7.2826143878e-05, 6.9683905167e-05, 6.89907392371e-05, 4.30229847552e-05, 3.1075822335e-05, 3.04512577713e-05, 2.83143890556e-05, 3.29544272972e-05, 5.45480361325e-05, 3.16948571708e-05, 4.33435270679e-05, 2.59301796177e-05, 1.83018855751e-05, 1.69538761838e-05, 8.55239341035e-06, 6.48479363008e-06, 6.43008479528e-06, 5.91696698393e-06, 6.51463960821e-06, 6.75266892358e-06, 7.21276774129e-06, 8.51279946801e-06, 7.39658571547e-06, 6.41653559796e-06, 2.52181757787e-06, 2.80084213955e-06, 4.03152898798e-06, 5.38082895218e-06, 2.7870012218e-06, 2.99865814668e-06, 2.37496942646e-06, 2.46486524702e-06, 2.39972041527e-06, 2.56325438386e-06, 2.73506043413e-06, 2.97128985949e-06, 3.44619866155e-06, 4.46348940386e-06, 2.24951545533e-05, 8.65346373757e-06, 3.20640970131e-06, 2.74864987659e-06, 2.81982988781e-06, 3.0541605156e-06, 2.94656842925e-06, 2.60651131612e-06, 2.6883137707e-06, 2.51897108683e-06, 2.82799169327e-06, 3.45794001078e-06, 6.0721022237e-06, 3.21522725244e-06, 2.35083052758e-06, 3.13291093335e-06, 2.55316854236e-06, 5.14987141287e-06, 2.82570135823e-06, 5.45665716345e-06, 2.12202689909e-06, 1.42784494983e-06, 9.67284222497e-07, 9.26824895942e-07, 6.34240279851e-07, 5.71655164094e-07, 5.76921991069e-07, 4.04352960004e-07, 1.05070014911e-07, 3.32487415378e-09, 3.29830024404e-10, 3.25320104189e-10, 3.2265173866e-10, 3.21016380145e-10]
    },
    "mfcc": {
        "mean": [-629.085449219, 89.7593688965, -18.2205677032, 0.0318315960467, 3.15688300133, -9.42976474762, 3.54281497002, 9.40709877014, 4.58455991745, 9.17074203491, 1.39802062511, 3.10176944733, -3.20253562927],
        "cov": [[3284.41601562, -194.61164856, -94.2565765381, 92.5514144897, 129.980697632, 78.1921768188, 100.779830933, 108.792297363, -81.0297317505, 78.6789093018, 90.4075469971, 32.9752578735, -20.482126236], [-194.61164856, 537.4609375, 33.5617446899, 45.5240974426, 23.9670066833, 89.9695968628, 104.152687073, 83.8066940308, -4.57186031342, -19.0031967163, -15.6762304306, 3.62987160683, -24.3285579681], [-94.2565765381, 33.5617446899, 608.445922852, 154.400268555, 128.417205811, 149.891937256, 31.0051670074, 46.3776092529, 112.093940735, 5.13873243332, -17.9143028259, 29.1004123688, 44.4957237244], [92.5514144897, 45.5240974426, 154.400268555, 321.211608887, 145.320068359, 61.9563827515, -86.1247177124, -24.6247577667, 56.6444969177, 52.8114967346, -0.318125396967, 17.5766372681, 26.7037563324], [129.980697632, 23.9670066833, 128.417205811, 145.320068359, 269.702606201, 106.389137268, 15.3119878769, 28.4987697601, 36.6255645752, 85.2310180664, 21.3411407471, 2.03864049911, 14.7801952362], [78.1921768188, 89.9695968628, 149.891937256, 61.9563827515, 106.389137268, 216.637786865, 118.926338196, 70.9370956421, 29.9760303497, 13.5435018539, -6.30485296249, 6.24413347244, -15.6751184464], [100.779830933, 104.152687073, 31.0051670074, -86.1247177124, 15.3119878769, 118.926338196, 252.309860229, 135.425964355, -25.8596401215, -16.1772556305, 8.84172534943, 3.04820489883, -34.732711792], [108.792297363, 83.8066940308, 46.3776092529, -24.6247577667, 28.4987697601, 70.9370956421, 135.425964355, 191.977676392, 34.1428070068, 2.77826404572, -0.438218027353, 5.94685697556, -9.14059257507], [-81.0297317505, -4.57186031342, 112.093940735, 56.6444969177, 36.6255645752, 29.9760303497, -25.8596401215, 34.1428070068, 120.584030151, 34.0639801025, -11.6509027481, 1.63309848309, 19.8882064819], [78.6789093018, -19.0031967163, 5.13873243332, 52.8114967346, 85.2310180664, 13.5435018539, -16.1772556305, 2.77826404572, 34.0639801025, 122.349411011, 29.6993350983, 16.7420310974, 0.423724800348], [90.4075469971, -15.6762304306, -17.9143028259, -0.318125396967, 21.3411407471, -6.30485296249, 8.84172534943, -0.438218027353, -11.6509027481, 29.6993350983, 79.2718734741, 32.4042129517, -8.70673942566], [32.9752578735, 3.62987160683, 29.1004123688, 17.5766372681, 2.03864049911, 6.24413347244, 3.04820489883, 5.94685697556, 1.63309848309, 16.7420310974, 32.4042129517, 76.9233551025, 14.165512085], [-20.482126236, -24.3285579681, 44.4957237244, 26.7037563324, 14.7801952362, -15.6751184464, -34.732711792, -9.14059257507, 19.8882064819, 0.423724800348, -8.70673942566, 14.165512085, 78.8013687134]],
        "icov": [[0.000363667117199, 0.000220883754082, 8.10191268101e-05, -0.000234031889704, -5.74335172132e-06, -0.000139757248689, -2.57477167906e-05, -0.0003605344682, 0.000439179333625, -0.000140882650157, -0.000262095534708, 3.39392645401e-05, -2.87581751763e-05], [0.000220883754082, 0.00236171623692, 0.000189137354027, -0.000851916498505, 0.000140736345202, -0.000448811566457, -0.000633082177956, -0.000783059454989, 0.000507236807607, 0.000272797420621, 0.000381989928428, -0.000277806073427, 0.000445561308879], [8.10191268101e-05, 0.000189137354027, 0.00271979323588, -0.000700868084095, -0.000648427463602, -0.00109779380728, -0.000561247114092, 0.000371080299374, -0.0021017966792, 0.00132661464158, 0.000227635362535, -0.00100702478085, -0.000790373887867], [-0.000234031889704, -0.000851916498505, -0.000700868084095, 0.00597636774182, -0.00226631877013, -0.00132226839196, 0.00316174235195, 0.000177844718564, -0.0005730992998, -0.000220278801862, 0.00057762383949, -0.0011210446246, 3.40965816576e-05], [-5.74335172132e-06, 0.000140736345202, -0.000648427463602, -0.00226631877013, 0.00790881924331, -0.00295415055007, 0.000291439180728, -0.000910360366106, 0.00167944200803, -0.0044658225961, -0.0020668299403, 0.00303160352632, -0.00204526819289], [-0.000139757248689, -0.000448811566457, -0.00109779380728, -0.00132226839196, -0.00295415055007, 0.010509101674, -0.00543659040704, 0.00128909666091, -0.00216261250898, 0.00103893538471, 0.00217558257282, -0.00138445093762, 0.00232037948444], [-2.57477167906e-05, -0.000633082177956, -0.000561247114092, 0.00316174235195, 0.000291439180728, -0.00543659040704, 0.0120009863749, -0.00640266761184, 0.0043843537569, -0.000227130149142, -0.00136406009551, 0.000304204702843, 0.00114341732115], [-0.0003605344682, -0.000783059454989, 0.000371080299374, 0.000177844718564, -0.000910360366106, 0.00128909666091, -0.00640266761184, 0.0108226295561, -0.00531100202352, 0.000850152631756, 0.000765667587984, -0.00102191825863, -0.000140632153489], [0.000439179333625, 0.000507236807607, -0.0021017966792, -0.0005730992998, 0.00167944200803, -0.00216261250898, 0.0043843537569, -0.00531100202352, 0.0150167969987, -0.00476846192032, 0.00111097586341, 0.00164859497454, -0.00171498570126], [-0.000140882650157, 0.000272797420621, 0.00132661464158, -0.000220278801862, -0.0044658225961, 0.00103893538471, -0.000227130149142, 0.000850152631756, -0.00476846192032, 0.0136259393767, -0.00280598807149, -0.00241671106778, 0.00167057325598], [-0.000262095534708, 0.000381989928428, 0.000227635362535, 0.00057762383949, -0.0020668299403, 0.00217558257282, -0.00136406009551, 0.000765667587984, 0.00111097586341, -0.00280598807149, 0.0188725721091, -0.00822741445154, 0.00333244260401], [3.39392645401e-05, -0.000277806073427, -0.00100702478085, -0.0011210446246, 0.00303160352632, -0.00138445093762, 0.000304204702843, -0.00102191825863, 0.00164859497454, -0.00241671106778, -0.00822741445154, 0.018538814038, -0.00460160290822], [-2.87581751763e-05, 0.000445561308879, -0.000790373887867, 3.40965816576e-05, -0.00204526819289, 0.00232037948444, 0.00114341732115, -0.000140632153489, -0.00171498570126, 0.00167057325598, 0.00333244260401, -0.00460160290822, 0.0162070505321]]
    },
    "spectral_contrast_coeffs": {
        "max": [-0.512172460556, -0.476377516985, -0.394143342972, -0.580397248268, -0.610773444176, -0.649429798126],
        "mean": [-0.779336154461, -0.766589820385, -0.726339101791, -0.775345563889, -0.770504176617, -0.79402834177],
        "min": [-0.92624938488, -0.924653708935, -0.911456167698, -0.898273289204, -0.890578389168, -0.924193680286],
        "stdev": [0.0609945431352, 0.0705609992146, 0.0807629004121, 0.0552161075175, 0.0463360622525, 0.0343720838428]
    },
    "spectral_contrast_valleys": {
        "max": [-5.03068637848, -4.97012662888, -5.20607089996, -5.79911470413, -5.9937081337, -7.6972823143],
        "mean": [-7.35897684097, -6.79764175415, -7.10542678833, -7.29755306244, -7.33274650574, -9.64525508881],
        "min": [-10.5640115738, -9.10366916656, -8.68143463135, -9.03967571259, -9.33662891388, -11.6693954468],
        "stdev": [0.903367996216, 0.645091772079, 0.629223167896, 0.62015247345, 0.62709736824, 0.687058925629]
    }
},
"rhythm": {
    "beats_count": 56,
    "beats_loudness": {
        "max": 0.0859688445926,
        "mean": 0.0443025194108,
        "min": 0.00050303468015,
        "stdev": 0.0154733713716
    },
    "bpm": 105.946090698,
    "bpm_histogram_first_peak_bpm": 105,
    "bpm_histogram_first_peak_weight": 0.294117689133,
    "bpm_histogram_second_peak_bpm": 94,
    "bpm_histogram_second_peak_spread": 0.666666686535,
    "bpm_histogram_second_peak_weight": 0.0181818176061,
    "danceability": 1.53440725803,
    "onset_rate": 3.84521460533,
    "beats_loudness_band_ratio": {
        "max": [0.829744637012, 0.19959436357, 0.691301941872, 0.676642477512, 0.448806345463, 0.265686154366],
        "mean": [0.393593043089, 0.0416327901185, 0.188331365585, 0.186054512858, 0.132770642638, 0.0839419364929],
        "min": [0.00164275488351, 0.00249591516331, 0.0217093359679, 0.015043255873, 0.0191207416356, 0.0183661971241],
        "stdev": [0.231323093176, 0.0413540676236, 0.137942999601, 0.179866939783, 0.101677842438, 0.0391476154327]
    },
    "beats_position": [0.603718817234, 1.21904754639, 1.84598636627, 2.48453521729, 3.08825397491, 3.66875267029, 4.22603178024, 4.79492044449, 5.36380958557, 5.93269824982, 6.48997735977, 7.05886602402, 7.61614513397, 8.18503379822, 8.75392246246, 9.32281208038, 9.89170074463, 10.4605894089, 11.0294780731, 11.5867567062, 12.144036293, 12.7129249573, 13.2818136215, 13.8507022858, 14.4195919037, 14.9768705368, 15.545759201, 16.114648819, 16.6719264984, 17.2408161163, 17.8097057343, 18.3785934448, 18.9474830627, 19.5047607422, 20.0736503601, 20.642539978, 21.2114276886, 21.7803173065, 22.3375968933, 22.9064846039, 23.4753742218, 24.0326519012, 24.6015415192, 25.1704311371, 25.7393188477, 26.3082084656, 26.865486145, 27.4343757629, 28.0032653809, 28.5721530914, 29.1294326782, 29.6983222961, 30.2555999756, 30.8244895935, 31.3933773041, 31.9738769531],
