{
"metadata": {
    "version": {
        "essentia": "2.1-beta5",
        "essentia_git_sha": "Undefined",
        "extractor": "music 2.0"
    },
    "audio_properties": {
        "analysis": {
            "equal_loudness": 0,
            "length": 21.640996933,
            "sample_rate": 44100,
            "start_time": 175.240997314,
            "downmix": "mix"
        },
        "bit_rate": 192000,
        "length": 196.905212402,
        "lossless": 0,
        "number_channels": 2,
        "replay_gain": -1.575548172,
        "sample_rate": 44100,
        "codec": "mp3",
        "md5_encoded": "fb89a949f28ef1026e7ebba3502ac9f8"
    },
    "tags": {
        "file_name": "Monaco_La Coco-dance_Séverine Ferrer.mp3",
        "encoding": ["Lavf58.29.100"]
    }
},
"lowlevel": {
    "average_loudness": 0.437160402536,
    "barkbands_crest": {
        "max": 24.2035617828,
        "mean": 9.3499212265,
        "min": 2.55225038528,
        "stdev": 4.44266891479
    },
    "barkbands_flatness_db": {
        "max": 0.261086255312,
        "mean": 0.11047077924,
        "min": 0.0280677434057,
        "stdev": 0.0386645458639
    },
    "barkbands_kurtosis": {
        "max": 91.5876617432,
        "mean": 4.4126906395,
        "min": -1.78863072395,
        "stdev": 9.50684356689
    },
    "barkbands_skewness": {
        "max": 8.66861724854,
        "mean": 1.52366840839,
        "min": -1.87046718597,
        "stdev": 1.28962290287
    },
    "barkbands_spread": {
        "max": 95.9936218262,
        "mean": 20.9449234009,
        "min": 2.69698643684,
        "stdev": 12.54018116
    },
    "dissonance": {
        "max": 0.500000059605,
        "mean": 0.480416625738,
        "min": 0,
        "stdev": 0.0241801179945
    },
    "dynamic_complexity": 5.20133638382,
    "erbbands_crest": {
        "max": 26.4288597107,
        "mean": 7.48677492142,
        "min": 2.44339299202,
        "stdev": 3.19642329216
    },
    "erbbands_flatness_db": {
        "max": 0.272938102484,
        "mean": 0.153305485845,
        "min": 0.0474234782159,
        "stdev": 0.049353979528
    },
    "erbbands_kurtosis": {
        "max": 11.8212356567,
        "mean": 0.755784630775,
        "min": -1.66460871696,
        "stdev": 1.49019360542
    },
    "erbbands_skewness": {
        "max": 2.79819393158,
        "mean": 0.696362137794,
        "min": -0.907643258572,
        "stdev": 0.540696799755
    },
    "erbbands_spread": {
        "max": 143.039260864,
        "mean": 35.0800285339,
        "min": 11.7225704193,
        "stdev": 21.6301078796
    },
    "hfc": {
        "max": 203.707855225,
        "mean": 24.226436615,
        "min": 1.17752018933e-16,
        "stdev": 32.0680160522
    },
    "loudness_ebu128": {
        "integrated": -21.4037303925,
        "loudness_range": 14.084022522,
        "momentary": {
            "max": -17.3138504028,
            "mean": -24.9554481506,
            "min": -38.4886169434,
            "stdev": 5.74235343933
        },
        "short_term": {
            "max": -18.2194404602,
            "mean": -24.2470779419,
            "min": -35.1492843628,
            "stdev": 4.75621080399
        }
    },
    "melbands_crest": {
        "max": 32.8336296082,
        "mean": 12.6930236816,
        "min": 1.62845659256,
        "stdev": 5.67473268509
    },
    "melbands_flatness_db": {
        "max": 0.360323786736,
        "mean": 0.148230478168,
        "min": 0.00462556863204,
        "stdev": 0.0617490783334
    },
    "melbands_kurtosis": {
        "max": 231.546905518,
        "mean": 14.45566082,
        "min": -1.09158289433,
        "stdev": 25.960269928
    },
    "melbands_skewness": {
        "max": 11.833565712,
        "mean": 2.42471313477,
        "min": -0.0696719661355,
        "stdev": 1.97536373138
    },
    "melbands_spread": {
        "max": 142.178100586,
        "mean": 23.5127487183,
        "min": 1.49882459641,
        "stdev": 13.7766962051
    },
    "pitch_salience": {
        "max": 0.980563461781,
        "mean": 0.649094283581,
        "min": 0.135674729943,
        "stdev": 0.134692639112
    },
    "silence_rate_20dB": {
        "max": 1,
        "mean": 1,
        "min": 1,
        "stdev": 0
    },
    "silence_rate_30dB": {
        "max": 1,
        "mean": 0.973204731941,
        "min": 0,
        "stdev": 0.161482557654
    },
    "silence_rate_60dB": {
        "max": 1,
        "mean": 0.276527345181,
        "min": 0,
        "stdev": 0.447279542685
    },
    "spectral_centroid": {
        "max": 11106.5146484,
        "mean": 1542.49145508,
        "min": 292.451629639,
        "stdev": 645.98260498
    },
    "spectral_complexity": {
        "max": 55,
        "mean": 18.155412674,
        "min": 0,
        "stdev": 11.2186880112
    },
    "spectral_decrease": {
        "max": 9.70003764658e-29,
        "mean": -6.54302079184e-09,
        "min": -4.08872189439e-08,
        "stdev": 7.87126186452e-09
    },
    "spectral_energy": {
        "max": 0.161720409989,
        "mean": 0.0268922615796,
        "min": 1.08226534201e-20,
        "stdev": 0.0316672846675
    },
    "spectral_energyband_high": {
        "max": 0.0183616578579,
        "mean": 0.00123370112851,
        "min": 7.67191438891e-21,
        "stdev": 0.00242653046735
    },
    "spectral_energyband_low": {
        "max": 0.131576195359,
        "mean": 0.0120743438601,
        "min": 8.41155819914e-23,
        "stdev": 0.0223658643663
    },
    "spectral_energyband_middle_high": {
        "max": 0.0475785024464,
        "mean": 0.0058317813091,
        "min": 1.62917745286e-21,
        "stdev": 0.00749823777005
    },
    "spectral_energyband_middle_low": {
        "max": 0.0813186690211,
        "mean": 0.00911512691528,
        "min": 2.48915958343e-22,
        "stdev": 0.0109005849808
    },
    "spectral_entropy": {
        "max": 9.82356643677,
        "mean": 7.96736574173,
        "min": 7.11490535736,
        "stdev": 0.233558699489
    },
    "spectral_flux": {
        "max": 0.300615757704,
        "mean": 0.0837333500385,
        "min": 6.59514387547e-11,
        "stdev": 0.0588695518672
    },
    "spectral_kurtosis": {
        "max": 7.6237783432,
        "mean": 3.65714597702,
        "min": -1.23486578465,
        "stdev": 1.50195717812
    },
    "spectral_rms": {
        "max": 0.0125608919188,
        "mean": 0.00421270402148,
        "min": 3.24941332522e-12,
        "stdev": 0.00291367201135
    },
    "spectral_rolloff": {
        "max": 19056.8847656,
        "mean": 2015.39660645,
        "min": 64.599609375,
        "stdev": 1928.4284668
    },
    "spectral_skewness": {
        "max": 2.29925680161,
        "mean": 1.66291058064,
        "min": -0.020135615021,
        "stdev": 0.270827025175
    },
    "spectral_spread": {
        "max": 42019104,
        "mean": 5784021,
        "min": 3612315,
        "stdev": 2431698.25
    },
    "spectral_strongpeak": {
        "max": 19.3082752228,
        "mean": 0.672657489777,
        "min": 0,
        "stdev": 0.896179318428
    },
    "zerocrossingrate": {
        "max": 0.50341796875,
        "mean": 0.0849808230996,
        "min": 0.01123046875,
        "stdev": 0.0443919152021
    },
    "barkbands": {
        "max": [0.0141689404845, 0.122801207006, 0.0567371919751, 0.043780926615, 0.0258055571467, 0.0587137117982, 0.0220916513354, 0.0235961861908, 0.0738502442837, 0.0296563189477, 0.0155422575772, 0.0176819339395, 0.0187023561448, 0.00989955663681, 0.0155512094498, 0.0072338078171, 0.00822667218745, 0.00337202334777, 0.00231820857152, 0.00171368231531, 0.00189347018022, 0.00244775903411, 0.00300046196207, 0.0035764160566, 0.0134589616209, 0.00356543855742, 0.000352470728103],
        "mean": [0.000546523253433, 0.00841588713229, 0.00200873007998, 0.00194400222972, 0.0015342241386, 0.0010404670611, 0.000616939913016, 0.000960626231972, 0.00247635086998, 0.00162499863654, 0.000725791207515, 0.000759197981097, 0.000650277244858, 0.000690415792633, 0.000479123438708, 0.000368321721908, 0.000334427139023, 0.00021555137937, 0.000190703460248, 0.00015052476374, 0.000108894739242, 0.000115998096589, 0.000145821177284, 0.000242396345129, 0.000390819041058, 0.000150443156599, 4.8229312597e-06],
        "min": [4.68159719952e-24, 1.99444799659e-23, 2.88395019838e-23, 1.2869203073e-23, 1.97329327147e-23, 3.30346264124e-23, 3.61234712402e-23, 3.90727981284e-23, 2.433759586e-23, 3.95709101475e-23, 2.52924283665e-23, 1.27535205656e-22, 7.88120259494e-23, 5.89954866006e-23, 8.97165322838e-23, 1.51826416495e-22, 1.6539094918e-22, 2.8115777639e-22, 2.6724474389e-22, 2.76257372447e-22, 3.1366833726e-22, 3.6968321706e-22, 6.71119489745e-22, 8.28781406967e-22, 1.00430399336e-21, 1.57392023294e-21, 2.61262451925e-21],
        "stdev": [0.00127727887593, 0.0175287183374, 0.0054331459105, 0.00481393747032, 0.00289114192128, 0.00314487307332, 0.00168048357591, 0.00190934515558, 0.00447315583006, 0.0027547145728, 0.00147952348925, 0.00173176429234, 0.0015430629719, 0.0012449255446, 0.00101712602191, 0.000608090718742, 0.000610788236372, 0.000291561736958, 0.000272284960374, 0.000223622962949, 0.000193203377421, 0.000225497540669, 0.000303762906697, 0.000469086604426, 0.00121275603306, 0.000391614332329, 1.98864327103e-05]
    },
    "erbbands": {
        "max": [4.08090639114, 30.04870224, 66.0617828369, 145.721176147, 91.8413009644, 79.9693756104, 141.763046265, 704.675048828, 203.568481445, 696.680053711, 460.086090088, 2311.43969727, 747.19128418, 476.471832275, 793.327026367, 889.816955566, 720.94128418, 407.437561035, 940.960876465, 386.071655273, 261.042907715, 333.259918213, 167.43170166, 120.738571167, 94.9635009766, 81.777130127, 71.0315551758, 103.09236145, 97.4168624878, 97.7350845337, 80.9135665894, 79.5678024292, 102.073722839, 203.367218018, 81.0687561035, 20.1210517883, 6.0230255127, 1.51152431965, 0.0305850766599, 0.000944770581555],
        "mean": [0.233069777489, 1.87499439716, 2.69424819946, 5.22459936142, 4.770632267, 5.59437322617, 6.23155450821, 9.44642543793, 8.69124984741, 12.1670370102, 27.151424408, 54.8473548889, 59.2709770203, 39.8329620361, 31.148103714, 30.5889148712, 29.2024745941, 30.9760246277, 36.0979537964, 22.6113185883, 18.5842552185, 18.3196773529, 12.6098575592, 11.0110092163, 8.69120883942, 7.13142585754, 4.98845911026, 4.23435735703, 4.21502828598, 3.97145700455, 4.29541540146, 4.30225992203, 4.54935741425, 4.79966449738, 2.43704032898, 0.843944728374, 0.239375531673, 0.0369325019419, 0.000752192747314, 6.20971550234e-05],
        "min": [1.04713967063e-21, 2.27089108583e-21, 2.64683207265e-20, 5.69167146744e-20, 8.11685710222e-20, 8.82140108038e-20, 5.97262788614e-20, 3.19072384336e-19, 4.56088623102e-19, 7.97647731444e-19, 7.53321345465e-19, 4.99675923203e-19, 1.86421529215e-18, 1.00231532435e-18, 1.89884045221e-18, 5.57227572668e-18, 4.00430524475e-18, 3.52601576609e-18, 6.64588998733e-18, 4.59764396609e-18, 9.60741247441e-18, 9.71761609306e-18, 1.36486323084e-17, 1.5782594507e-17, 1.23254609656e-17, 1.23732835856e-17, 1.67595278976e-17, 1.30434595276e-17, 1.45275679575e-17, 1.37090363454e-17, 1.87472065137e-17, 1.60424930011e-17, 1.48298495318e-17, 1.10609532719e-17, 7.4603427718e-18, 5.72510603025e-18, 3.20806387545e-18, 1.22411491341e-18, 3.72709282645e-19, 3.40115212885e-20],
        "stdev": [0.528637945652, 3.99477458, 6.29142904282, 13.1199026108, 10.4643859863, 11.1116962433, 14.5902204514, 32.879283905, 20.5873966217, 34.8730239868, 45.08177948, 114.818382263, 96.3525466919, 67.2583847046, 61.8597679138, 67.2638015747, 63.6596832275, 48.9039230347, 81.3344955444, 35.3690299988, 26.8647193909, 30.207490921, 16.7369270325, 16.0115089417, 11.9007139206, 10.4957237244, 8.00852775574, 8.30979061127, 8.36854553223, 8.69552516937, 8.55365753174, 8.20108413696, 9.83388328552, 15.7439031601, 7.43672609329, 2.13058209419, 0.639333605766, 0.121487781405, 0.00234737270512, 0.000105781538878]
    },
    "gfcc": {
        "mean": [-18.414100647, 42.2259597778, -138.063995361, 2.82159113884, -68.0139389038, 26.2407360077, -42.862247467, 23.469865799, -25.4693984985, 5.32142829895, -24.4595127106, -2.77451872826, -14.5356330872],
        "cov": [[14048.8261719, 1154.68200684, 1667.87683105, 803.859191895, 236.224990845, 478.29876709, -64.2727737427, 177.468139648, -419.191101074, 46.7647323608, -13.79296875, 77.1518249512, -3.83203125], [1154.68200684, 980.604003906, 1007.66375732, 593.754150391, 271.040130615, 101.212219238, 28.2256946564, -69.2115097046, 12.2991428375, 42.9655952454, 109.128631592, 22.4491386414, 23.5493583679], [1667.87683105, 1007.66375732, 2129.01171875, 970.860839844, 575.570373535, 310.784851074, 108.594711304, -69.4377365112, -27.6905517578, 113.671157837, 150.760314941, 78.5201339722, 44.3495178223], [803.859191895, 593.754150391, 970.860839844, 636.632507324, 312.518890381, 146.436187744, 30.1358242035, -48.2899894714, 11.1675701141, 37.9488601685, 76.5817260742, 35.3536338806, 18.1495552063], [236.224990845, 271.040130615, 575.570373535, 312.518890381, 316.025787354, 151.109436035, 91.1630630493, -9.89378452301, 5.13005161285, 48.5282745361, 33.21459198, 28.5053081512, -3.9189426899], [478.29876709, 101.212219238, 310.784851074, 146.436187744, 151.109436035, 211.368591309, 98.5096206665, 36.0087509155, 2.08005571365, 27.7614555359, 14.0714406967, -5.63038492203, -1.76063632965], [-64.2727737427, 28.2256946564, 108.594711304, 30.1358242035, 91.1630630493, 98.5096206665, 145.229614258, 48.2435340881, 29.3966350555, 24.8279972076, 7.02431535721, 2.91875767708, -9.2788105011], [177.468139648, -69.2115097046, -69.4377365112, -48.2899894714, -9.89378452301, 36.0087509155, 48.2435340881, 91.2474441528, 18.2710514069, -6.56949043274, -4.52710103989, -9.17542743683, 3.78623962402], [-419.191101074, 12.2991428375, -27.6905517578, 11.1675701141, 5.13005161285, 2.08005571365, 29.3966350555, 18.2710514069, 72.3434829712, 25.5900650024, 19.1643009186, 4.13949871063, 2.55901479721], [46.7647323608, 42.9655952454, 113.671157837, 37.9488601685, 48.5282745361, 27.7614555359, 24.8279972076, -6.56949043274, 25.5900650024, 77.1119689941, 37.3585586548, 27.5922889709, -0.0698385536671], [-13.79296875, 109.128631592, 150.760314941, 76.5817260742, 33.21459198, 14.0714406967, 7.02431535721, -4.52710103989, 19.1643009186, 37.3585586548, 76.3684082031, 31.850276947, 23.3197040558], [77.1518249512, 22.4491386414, 78.5201339722, 35.3536338806, 28.5053081512, -5.63038492203, 2.91875767708, -9.17542743683, 4.13949871063, 27.5922889709, 31.850276947, 59.7634620667, 21.3169803619], [-3.83203125, 23.5493583679, 44.3495178223, 18.1495552063, -3.9189426899, -1.76063632965, -9.2788105011, 3.78623962402, 2.55901479721, -0.0698385536671, 23.3197040558, 21.3169803619, 49.514793396]],
        "icov": [[0.000170761646586, -0.000305341760395, 2.37071435549e-05, -0.000208434590604, 0.000451857107691, -0.000431894732174, 0.000354749819962, -0.000973685178906, 0.00126892584376, -0.00067998963641, 0.0006142744096, -0.000643579522148, 0.000296174112009], [-0.000305341760395, 0.00340623082593, -0.000565406575333, -0.00161245942581, -0.00052921572933, 0.00178232509643, -0.00158509251196, 0.00270905764773, -0.00219635502435, 0.00152316445019, -0.00327725918032, 0.00318481307477, -0.000740860588849], [2.37071435549e-05, -0.000565406575333, 0.00219236407429, -0.00228653731756, -0.000673510541674, -0.000444601115305, -0.000487578217871, -0.000246814946877, 0.00249449629337, -0.00181635725312, -0.000281746673863, 0.000106552477519, -0.00104106566869], [-0.000208434590604, -0.00161245942581, -0.00228653731756, 0.00902717653662, -0.00394939770922, -0.00119771354366, 0.00323331053369, 0.00191958039068, -0.00610138522461, 0.00505025591701, -0.00129275140353, -0.00113518850412, 0.00101383728907], [0.000451857107691, -0.00052921572933, -0.000673510541674, -0.00394939770922, 0.0114786420017, -0.00359044387005, -0.00289819249883, -0.0012003708398, 0.00432601617649, -0.00384236429818, 0.00389710208401, -0.00453292485327, 0.00255418615416], [-0.000431894732174, 0.00178232509643, -0.000444601115305, -0.00119771354366, -0.00359044387005, 0.0122217871249, -0.00598343880847, -0.000260797911324, 0.000363016879419, -0.0013488503173, -0.00217786245048, 0.007149329409, -0.00306765642017], [0.000354749819962, -0.00158509251196, -0.000487578217871, 0.00323331053369, -0.00289819249883, -0.00598343880847, 0.0162078272551, -0.00700326403603, -0.00308203487657, -0.000428248691605, 0.00200862740166, -0.00435899151489, 0.00425282819197], [-0.000973685178906, 0.00270905764773, -0.000246814946877, 0.00191958039068, -0.0012003708398, -0.000260797911324, -0.00700326403603, 0.0225884877145, -0.0108260530978, 0.00756320450455, -0.00470506818965, 0.00512476451695, -0.00441046757624], [0.00126892584376, -0.00219635502435, 0.00249449629337, -0.00610138522461, 0.00432601617649, 0.000363016879419, -0.00308203487657, -0.0108260530978, 0.0317633077502, -0.0141520546749, 0.00148082803935, -0.000307513808366, -0.000476026441902], [-0.00067998963641, 0.00152316445019, -0.00181635725312, 0.00505025591701, -0.00384236429818, -0.0013488503173, -0.000428248691605, 0.00756320450455, -0.0141520546749, 0.0288287270814, -0.011468520388, -0.00603676447645, 0.00676027406007], [0.0006142744096, -0.00327725918032, -0.000281746673863, -0.00129275140353, 0.00389710208401, -0.00217786245048, 0.00200862740166, -0.00470506818965, 0.00148082803935, -0.011468520388, 0.0290835313499, -0.00930611882359, -0.00648395437747], [-0.000643579522148, 0.00318481307477, 0.000106552477519, -0.00113518850412, -0.00453292485327, 0.007149329409, -0.00435899151489, 0.00512476451695, -0.000307513808366, -0.00603676447645, -0.00930611882359, 0.032900352031, -0.0123310741037], [0.000296174112009, -0.000740860588849, -0.00104106566869, 0.00101383728907, 0.00255418615416, -0.00306765642017, 0.00425282819197, -0.00441046757624, -0.000476026441902, 0.00676027406007, -0.00648395437747, -0.0123310741037, 0.0307559836656]]
    },
    "melbands": {
        "max": [0.0372441858053, 0.0277809519321, 0.0199088491499, 0.00636471435428, 0.00416888995096, 0.0139358844608, 0.00347846397199, 0.00666568102315, 0.00346066011116, 0.014482027851, 0.00414676917717, 0.00220400863327, 0.00243853055872, 0.00216288701631, 0.00179127219599, 0.0020414290484, 0.00084840337513, 0.00143782631494, 0.000827611540444, 0.00071029481478, 0.000427440478234, 0.000508641125634, 0.000205355405342, 0.000145038560731, 0.000109033586341, 7.3508672358e-05, 9.05487977434e-05, 6.26014589216e-05, 4.62629577669e-05, 4.51122650702e-05, 7.07972576492e-05, 5.60982516618e-05, 3.49764050043e-05, 7.59525501053e-05, 4.50133411505e-05, 5.71161872358e-05, 5.43057940376e-05, 5.76835154789e-05, 0.000114418449812, 0.000246570270974],
        "mean": [0.00227845367044, 0.00182241981383, 0.000852277560625, 0.000360768783139, 0.000225328854867, 0.000206465643714, 0.000131958193379, 0.000147871280205, 0.000237947198912, 0.000363772065612, 0.00029484560946, 0.000166588491993, 0.000102564779809, 8.41779401526e-05, 7.40064206184e-05, 6.38071869616e-05, 5.70152551518e-05, 6.43759558443e-05, 3.19197279168e-05, 2.85408132186e-05, 2.05069682124e-05, 2.00730501092e-05, 1.39287049024e-05, 9.71654662862e-06, 8.92052503332e-06, 6.54538325762e-06, 5.64063020647e-06, 4.53810844192e-06, 3.23862150253e-06, 2.49102231464e-06, 2.46263834924e-06, 2.42685746343e-06, 2.11894644053e-06, 2.26826227845e-06, 2.39840733229e-06, 2.53151324614e-06, 2.64520394921e-06, 3.07266282107e-06, 3.34346555064e-06, 4.47185448138e-06],
        "min": [9.98488542326e-24, 1.03218363149e-23, 9.71263453651e-24, 6.06829752506e-24, 2.00133913047e-24, 7.17014609417e-24, 7.50201514383e-24, 8.772989969e-24, 5.83563996157e-24, 3.2348943386e-24, 9.22981616377e-24, 4.05713056821e-24, 3.71762061182e-24, 1.72782705235e-23, 7.14234032498e-24, 7.09858615488e-24, 5.88424996498e-24, 1.11605540182e-23, 5.37323020931e-24, 7.79601255916e-24, 1.19095995358e-23, 1.09160615689e-23, 9.9249816927e-24, 1.32223500679e-23, 1.28614233268e-23, 9.18042479363e-24, 8.48942050598e-24, 7.46771152737e-24, 1.20575464542e-23, 6.04506004937e-24, 8.62398203261e-24, 7.33033140072e-24, 6.366139454e-24, 8.36407445245e-24, 1.03402798828e-23, 1.08534851776e-23, 9.76548585057e-24, 1.07367810953e-23, 8.6816091106e-24, 8.81414247584e-24],
        "stdev": [0.00483107287437, 0.00369597505778, 0.00197972217575, 0.000685581471771, 0.00048205271014, 0.000677341595292, 0.00032008488779, 0.000378026335966, 0.0003842455626, 0.000748211168684, 0.000492769642733, 0.000290782074444, 0.000208891709917, 0.000192415216588, 0.000164087134181, 0.000156921014423, 9.2846879852e-05, 0.00014795124298, 5.75543162995e-05, 5.49144315301e-05, 3.417033804e-05, 3.81223471777e-05, 1.89672300621e-05, 1.33394705699e-05, 1.37531951623e-05, 9.13361964194e-06, 8.50497963256e-06, 7.01070575815e-06, 5.15890815223e-06, 4.53824213764e-06, 5.19741388416e-06, 4.87041688757e-06, 4.14985106545e-06, 5.60169382879e-06, 4.91506398248e-06, 5.14775729243e-06, 5.09727033204e-06, 6.54280302115e-06, 8.80167499417e-06, 1.6348236386e-05]
    },
    "melbands128": {
        "max": [0.00691610062495, 0.0286468416452, 0.0660845339298, 0.0578835494816, 0.0384998209774, 0.0350908599794, 0.0366142913699, 0.0170615464449, 0.0111325327307, 0.00788711663336, 0.00522133102641, 0.00725728087127, 0.00577279459685, 0.00785499997437, 0.0204345732927, 0.0178573466837, 0.00593542959541, 0.00547758582979, 0.00610137078911, 0.0135978776962, 0.00538394460455, 0.00617965124547, 0.00540043832734, 0.00683798035607, 0.0245280973613, 0.0149593474343, 0.00793542247266, 0.00544173223898, 0.00984400976449, 0.00472189020365, 0.00384796084836, 0.00368559360504, 0.0036913533695, 0.00433226907626, 0.0035801527556, 0.00437907548621, 0.00289157428779, 0.00268843746744, 0.00272659771144, 0.00256617111154, 0.0038638652768, 0.00224611256272, 0.00149344850797, 0.0012114115525, 0.00248785736039, 0.00238631479442, 0.00401868345216, 0.000688631087542, 0.000658185919747, 0.000823478214443, 0.00147919286974, 0.000679074844811, 0.000351091468474, 0.00074929202674, 0.0016313897213, 0.000614874821622, 0.000393989525037, 0.000509724603035, 0.000261925772065, 0.000323711050441, 0.000213315506699, 0.000177979542059, 0.000214496671106, 0.000247521296842, 7.9639852629e-05, 0.000128760788357, 0.000161236850545, 9.92842251435e-05, 0.000122593744891, 8.46721231937e-05, 8.46266484587e-05, 0.000105113402242, 5.98233891651e-05, 4.35077054135e-05, 6.85176783009e-05, 6.47050037514e-05, 5.42099733138e-05, 6.30919239484e-05, 8.16372485133e-05, 0.000103996950202, 4.06656472478e-05, 8.0776932009e-05, 5.65471636946e-05, 3.72360445908e-05, 2.91906562779e-05, 6.79067015881e-05, 0.000129126739921, 5.820997103e-05, 5.42610832781e-05, 5.84755616728e-05, 6.87066203682e-05, 9.20059756027e-05, 6.91905734129e-05, 8.01524656708e-05, 4.7316414566e-05, 7.16944632586e-05, 7.82296192483e-05, 9.45302454056e-05, 0.000153131884872, 0.000158122638823, 0.000161802207003, 0.000320146238664, 0.000399512297008, 0.000184347954928, 0.000169693259522, 7.58100941312e-05, 6.32461014902e-05, 5.48057214473e-05, 4.66559868073e-05, 2.65759772446e-05, 2.23817751248e-05, 1.83099127753e-05, 1.90002774616e-05, 3.15743636747e-05, 2.48075048148e-05, 2.40965800913e-05, 1.26189615912e-05, 5.76322491952e-08, 7.04830860343e-09, 6.21248341659e-09, 6.22641538328e-09, 6.20638473947e-09, 6.13497519453e-09, 6.06098371492e-09, 5.98461458168e-09, 5.97665650304e-09, 5.92273741162e-09, 5.88735460383e-09],
        "mean": [0.000391527370084, 0.0016479435144, 0.00329937413335, 0.0030928500928, 0.00161074008793, 0.000973723072093, 0.00117175094783, 0.000806556257885, 0.000404541002354, 0.000366254913388, 0.00031423769542, 0.000232050719205, 0.000204559604754, 0.000206824232009, 0.000230910256505, 0.000201440285309, 0.000138762872666, 0.00012319254165, 0.000114841954201, 0.000123614168842, 0.000163010307006, 0.000225962838158, 0.000222130809561, 0.000280428299448, 0.000363090424798, 0.000398822390707, 0.000368999375496, 0.000273087585811, 0.000257957202848, 0.000198614114197, 0.000131631531985, 0.000100324788946, 0.000107161366032, 0.000101492434624, 8.22349684313e-05, 8.21176436148e-05, 7.82849019743e-05, 8.64385510795e-05, 6.10192437307e-05, 5.43952482985e-05, 7.48900420149e-05, 6.18521153228e-05, 4.45802179456e-05, 5.5228927522e-05, 8.63532623043e-05, 6.30680515314e-05, 4.8615205742e-05, 2.75262500509e-05, 2.6463827453e-05, 3.23217645928e-05, 3.19944156217e-05, 2.08433139051e-05, 1.83321590157e-05, 2.17362248804e-05, 2.28189146583e-05, 1.99466539925e-05, 1.77679303306e-05, 1.58282182383e-05, 1.24548623717e-05, 1.05160424937e-05, 9.48413708102e-06, 8.6479312813e-06, 1.05781582533e-05, 8.86136695044e-06, 6.55444500808e-06, 6.5702347456e-06, 6.59926672597e-06, 5.7838851717e-06, 5.62125978831e-06, 5.04488616571e-06, 4.67440577268e-06, 4.39802442997e-06, 3.3654418985e-06, 3.13157966048e-06, 2.94734445561e-06, 2.47526122621e-06, 2.29220677284e-06, 2.35410516325e-06, 2.51709161603e-06, 2.6130153401e-06, 2.28694398174e-06, 2.52685003943e-06, 2.28297562899e-06, 2.08794608625e-06, 1.93867231246e-06, 2.18279274122e-06, 2.57891838373e-06, 2.01055445359e-06, 2.41602583628e-06, 2.6301863727e-06, 2.49742515734e-06, 2.45593832915e-06, 2.68752728516e-06, 2.5755509796e-06, 2.60489105131e-06, 3.00462647829e-06, 3.14927183354e-06, 3.2467987694e-06, 3.29857402903e-06, 3.26969211528e-06, 3.91800540456e-06, 5.10736617798e-06, 4.78181209473e-06, 3.21894617628e-06, 2.57091869571e-06, 2.06012578019e-06, 2.07861921808e-06, 1.58696479957e-06, 1.50271512211e-06, 1.16974854336e-06, 8.86951795565e-07, 7.42818087929e-07, 7.63927801017e-07, 6.7765250833e-07, 5.7375217466e-07, 4.7394527769e-07, 1.8670888835e-07, 3.53591933511e-10, 2.45217093159e-11, 1.12673377572e-11, 1.11197067179e-11, 1.09861833172e-11, 1.0797323105e-11, 1.06154260729e-11, 1.0478648331e-11, 1.0448530062e-11, 1.03597616596e-11, 1.02753057798e-11],
        "min": [1.11404041441e-24, 8.79893954848e-24, 5.2946344196e-24, 2.53764878068e-24, 9.47547928257e-24, 1.05883703266e-23, 1.19026780702e-23, 4.05557256793e-24, 6.48901361189e-24, 3.63960147944e-24, 3.17611907356e-24, 8.29990337882e-25, 5.67656813218e-25, 4.27140648932e-24, 5.89091899507e-24, 1.09191231381e-23, 6.90614984793e-24, 5.02206443862e-24, 5.6491276056e-24, 1.05345305699e-23, 9.16320474893e-24, 6.39910634566e-24, 1.5763107355e-24, 4.7987955032e-24, 2.07047884451e-24, 1.23444671956e-24, 7.88890250847e-24, 9.15662801557e-24, 7.89727705584e-24, 3.12172612807e-24, 2.36005508889e-24, 6.00716514364e-24, 4.21687884583e-24, 4.72070438725e-25, 8.98724932402e-24, 2.88292815019e-23, 1.28903264015e-23, 4.03358149247e-24, 4.19237722054e-24, 7.08564015856e-24, 3.37740699151e-24, 9.77041702009e-24, 4.91440543544e-24, 5.71749739139e-24, 3.29188579191e-24, 1.21471302875e-23, 1.0467323565e-23, 3.71661954734e-24, 2.03097466253e-24, 3.73834359337e-24, 6.97501977154e-24, 1.11730369531e-23, 1.25766666281e-23, 1.06850625855e-23, 9.8827587016e-24, 9.13827043344e-24, 4.2540969089e-24, 6.1245937947e-24, 1.2992306395e-23, 1.543423716e-23, 6.69272984091e-24, 1.50612384805e-23, 1.72754732227e-23, 8.40723145485e-24, 7.56991240194e-24, 1.1340531056e-23, 8.1520373186e-24, 7.74926781736e-24, 8.24303242401e-24, 8.59564693776e-24, 4.95249163994e-24, 5.5424345626e-24, 1.64922226963e-23, 1.0999493076e-23, 8.18056647323e-24, 4.28075804092e-24, 5.43234823441e-24, 5.45254859561e-24, 8.53811925625e-24, 4.93303951331e-24, 6.38207404986e-24, 8.3987354229e-24, 8.80288464186e-24, 5.76540885847e-24, 3.31113005369e-24, 9.87304782386e-24, 8.91619188913e-24, 8.96902269281e-24, 9.21889044023e-24, 9.14986195558e-24, 1.30889142458e-23, 8.53127273245e-24, 7.88005701114e-24, 8.6581681088e-24, 6.22711021363e-24, 8.63298214668e-24, 9.75697877457e-24, 9.10772573919e-24, 6.96412796902e-24, 9.85671051451e-24, 7.20581365114e-24, 6.12919206491e-24, 8.38154219947e-24, 9.0672824183e-24, 8.97141530793e-24, 6.46644982342e-24, 6.54350851765e-24, 5.41256518063e-24, 1.27305978454e-23, 1.07004958603e-23, 8.65999353294e-24, 1.03591013152e-23, 1.02647125301e-23, 8.34178676529e-24, 8.14360202894e-24, 7.46115530439e-24, 1.01839260737e-23, 8.05975873649e-24, 7.65606863457e-24, 1.1934331114e-23, 1.03499639393e-23, 1.21448126142e-23, 7.84462769016e-24, 7.13912019477e-24, 1.06477013442e-23, 1.02594397838e-23, 1.0929275778e-23, 7.91160986962e-24],
        "stdev": [0.00094323878875, 0.00410399073735, 0.0075872358866, 0.00673370109871, 0.00388194574043, 0.00269401678815, 0.00317095220089, 0.00198578345589, 0.00106793094892, 0.000804123876151, 0.000710107153282, 0.000579836196266, 0.000566797854844, 0.000626177759841, 0.000926683307625, 0.000879716244526, 0.000401565019274, 0.000369592715288, 0.000414725363953, 0.000555526698008, 0.000432146392995, 0.000525816809386, 0.000444022065494, 0.000595088931732, 0.00109864457045, 0.000918751000427, 0.000838188512716, 0.000517711567227, 0.00061471760273, 0.0004211855412, 0.000304144632537, 0.000288607261609, 0.000284437293885, 0.000278046500171, 0.00026755858562, 0.000274998456007, 0.000226994699915, 0.000237204600126, 0.000183029755135, 0.000168304832187, 0.000270643446129, 0.000146372098243, 8.99389342521e-05, 0.000109745000373, 0.000236079125898, 0.000175782421138, 0.000191516402992, 5.37815867574e-05, 4.45832520199e-05, 7.24263372831e-05, 8.92565367394e-05, 4.3453554099e-05, 2.85040387098e-05, 5.28944656253e-05, 7.68072059145e-05, 4.47157253802e-05, 3.0666236853e-05, 2.77276376437e-05, 2.1135490897e-05, 1.80991155503e-05, 1.533611794e-05, 1.47705213749e-05, 2.08944456972e-05, 1.74380365934e-05, 1.02130579762e-05, 1.10977807708e-05, 1.25810875033e-05, 9.63427009992e-06, 1.05807557702e-05, 9.34004401643e-06, 8.41401197249e-06, 8.09793800727e-06, 5.94743551119e-06, 5.26532585354e-06, 5.80225423619e-06, 4.82252335132e-06, 4.56847237729e-06, 4.92354502057e-06, 5.9225349105e-06, 6.60041450828e-06, 4.61387662654e-06, 5.78794652029e-06, 5.02007742398e-06, 4.34166668128e-06, 3.80142932954e-06, 5.38062886335e-06, 8.23627760838e-06, 4.45439081886e-06, 5.49419428353e-06, 5.36860989087e-06, 5.51040557184e-06, 5.6923468037e-06, 6.11211999058e-06, 5.47210584045e-06, 5.14555222253e-06, 6.9482643994e-06, 7.45321494833e-06, 7.23270386516e-06, 8.87651185622e-06, 1.06093493741e-05, 1.35229856824e-05, 2.11377810047e-05, 1.99586629606e-05, 1.11769804789e-05, 1.01087662188e-05, 5.89309502175e-06, 5.51261291548e-06, 4.24476502303e-06, 4.30242425864e-06, 2.94365258924e-06, 2.30246359934e-06, 1.9579306354e-06, 2.11994461097e-06, 2.24672476179e-06, 1.98341354007e-06, 1.71283909367e-06, 7.18058743132e-07, 2.46292630735e-09, 3.36169037052e-10, 2.0333201789e-10, 2.0377421972e-10, 2.03109862262e-10, 2.00768457415e-10, 1.98344965452e-10, 1.958434942e-10, 1.95579871742e-10, 1.93813937122e-10, 1.92656682274e-10]
    },
    "mfcc": {
        "mean": [-653.596435547, 86.3566055298, -18.3506145477, -16.0547409058, -2.56256365776, -5.81699991226, -0.865977287292, 4.55806159973, 5.97828292847, 7.31695318222, 1.98777592182, -2.13889145851, -5.86120080948],
        "cov": [[7858.87011719, 822.234863281, 1344.92785645, 524.151367188, 485.230957031, 209.117858887, 494.838165283, 125.010017395, 10.444934845, 36.8185539246, -78.5079879761, -91.6538009644, 74.447555542], [822.234863281, 646.291931152, 661.060974121, 411.323516846, 275.504974365, 206.738128662, 133.238998413, 16.4722976685, -20.7360534668, 24.9525318146, 14.4005804062, 42.2601165771, 56.6204299927], [1344.92785645, 661.060974121, 1448.28759766, 733.12097168, 571.735229492, 404.785064697, 285.973205566, 55.8436050415, -0.840505361557, 27.0285129547, 17.5904560089, 61.1293334961, 100.047050476], [524.151367188, 411.323516846, 733.12097168, 567.32434082, 361.182373047, 243.676818848, 119.011817932, 27.6592578888, -18.3009910583, 5.62987613678, -5.12199306488, 46.5602416992, 78.5864944458], [485.230957031, 275.504974365, 571.735229492, 361.182373047, 349.476287842, 220.419998169, 139.351898193, 36.6029624939, 5.53832244873, 19.9607753754, -2.02377462387, 22.2721824646, 61.6048927307], [209.117858887, 206.738128662, 404.785064697, 243.676818848, 220.419998169, 264.598022461, 140.465209961, 40.4148750305, 23.1092643738, 37.1171379089, 27.5648765564, 30.7283649445, 56.3115272522], [494.838165283, 133.238998413, 285.973205566, 119.011817932, 139.351898193, 140.465209961, 178.823013306, 67.3796005249, 38.6828346252, 39.4043922424, 22.5352058411, 9.27491569519, 29.3139381409], [125.010017395, 16.4722976685, 55.8436050415, 27.6592578888, 36.6029624939, 40.4148750305, 67.3796005249, 86.7233123779, 47.8541870117, 26.5692272186, 14.6777801514, 4.78496026993, 5.18684148788], [10.444934845, -20.7360534668, -0.840505361557, -18.3009910583, 5.53832244873, 23.1092643738, 38.6828346252, 47.8541870117, 72.8504333496, 31.8310832977, 17.8951396942, 0.171102106571, -3.11791729927], [36.8185539246, 24.9525318146, 27.0285129547, 5.62987613678, 19.9607753754, 37.1171379089, 39.4043922424, 26.5692272186, 31.8310832977, 64.165977478, 27.8196372986, 7.7921705246, 11.695690155], [-78.5079879761, 14.4005804062, 17.5904560089, -5.12199306488, -2.02377462387, 27.5648765564, 22.5352058411, 14.6777801514, 17.8951396942, 27.8196372986, 53.7725715637, 23.6139526367, 8.82622718811], [-91.6538009644, 42.2601165771, 61.1293334961, 46.5602416992, 22.2721824646, 30.7283649445, 9.27491569519, 4.78496026993, 0.171102106571, 7.7921705246, 23.6139526367, 48.0448799133, 23.3262290955], [74.447555542, 56.6204299927, 100.047050476, 78.5864944458, 61.6048927307, 56.3115272522, 29.3139381409, 5.18684148788, -3.11791729927, 11.695690155, 8.82622718811, 23.3262290955, 64.8990097046]],
        "icov": [[0.000204680487514, -0.000177699635969, -0.000170354280272, 7.19974050298e-05, 5.46704432054e-05, 0.000407777319197, -0.000594009936322, -8.07876313047e-06, 5.89068076806e-05, -2.58653617493e-05, 0.000258706044406, 0.000524894916452, -0.000257446256001], [-0.000177699635969, 0.00354597042315, -0.000644256651867, -0.00170102121774, 0.000561389315408, -0.00038908541319, -0.000328031019308, 0.000552666198928, 0.00117643282283, -0.00126984424423, -0.000386450672522, -0.000969360989984, 0.000758183014113], [-0.000170354280272, -0.000644256651867, 0.0033394752536, -0.00216129748151, -0.00197258009575, -0.000163359756698, -0.00198751850985, 0.00147769344039, -0.000507279706653, 0.00106828566641, -0.00113829353359, -0.00088982260786, 0.00127812102437], [7.19974050298e-05, -0.00170102121774, -0.00216129748151, 0.00897028204054, -0.00442706421018, -0.00144002924208, 0.00388379860669, -0.0028833549004, 0.00144659774378, 0.000642629398499, 0.00228264112957, -0.00216657645069, -0.00177889596671], [5.46704432054e-05, 0.000561389315408, -0.00197258009575, -0.00442706421018, 0.0135225011036, -0.00351045839489, -0.00215146644041, -4.74937114632e-05, -0.000129783016746, -0.0011479438981, 0.0033119218424, 0.00236952072009, -0.00206688814797], [0.000407777319197, -0.00038908541319, -0.000163359756698, -0.00144002924208, -0.00351045839489, 0.0121378423646, -0.00604889076203, 0.00220208009705, -0.00150481937453, -0.000724814657588, -0.00257403659634, 8.93429751159e-05, -0.00239974493161], [-0.000594009936322, -0.000328031019308, -0.00198751850985, 0.00388379860669, -0.00215146644041, -0.00604889076203, 0.0185879617929, -0.00909610372037, 0.000370152672986, -0.00194739724975, -0.00178500160109, 0.0018274517497, -0.00109490996692], [-8.07876313047e-06, 0.000552666198928, 0.00147769344039, -0.0028833549004, -4.74937114632e-05, 0.00220208009705, -0.00909610372037, 0.0243350174278, -0.012250199914, -0.000258853804553, 9.9483091617e-05, -0.00222814292647, 0.00128408288583], [5.89068076806e-05, 0.00117643282283, -0.000507279706653, 0.00144659774378, -0.000129783016746, -0.00150481937453, 0.000370152672986, -0.012250199914, 0.0266870185733, -0.0077218124643, -0.0018505275948, 0.00127544812858, 0.0026440769434], [-2.58653617493e-05, -0.00126984424423, 0.00106828566641, 0.000642629398499, -0.0011479438981, -0.000724814657588, -0.00194739724975, -0.000258853804553, -0.0077218124643, 0.026369124651, -0.0106612304226, 0.0031626787968, -0.00347846909426], [0.000258706044406, -0.000386450672522, -0.00113829353359, 0.00228264112957, 0.0033119218424, -0.00257403659634, -0.00178500160109, 9.9483091617e-05, -0.0018505275948, -0.0106612304226, 0.0345029272139, -0.0154982544482, 0.00162948120851], [0.000524894916452, -0.000969360989984, -0.00088982260786, -0.00216657645069, 0.00236952072009, 8.93429751159e-05, 0.0018274517497, -0.00222814292647, 0.00127544812858, 0.0031626787968, -0.0154982544482, 0.036732621491, -0.0103387869895], [-0.000257446256001, 0.000758183014113, 0.00127812102437, -0.00177889596671, -0.00206688814797, -0.00239974493161, -0.00109490996692, 0.00128408288583, 0.0026440769434, -0.00347846909426, 0.00162948120851, -0.0103387869895, 0.0239105634391]]
    },
    "spectral_contrast_coeffs": {
        "max": [-0.402398198843, -0.478455662727, -0.536701977253, -0.600248932838, -0.679588913918, -0.737058639526],
        "mean": [-0.749940812588, -0.779365479946, -0.781133949757, -0.825188338757, -0.815339028835, -0.817161440849],
        "min": [-0.983479738235, -0.993483006954, -0.968743622303, -0.974311947823, -0.962915122509, -0.963121116161],
        "stdev": [0.0752751380205, 0.0685738474131, 0.0642927139997, 0.0441070720553, 0.0320820584893, 0.0201535467058]
    },
    "spectral_contrast_valleys": {
        "max": [-4.94525003433, -4.96917867661, -5.19183444977, -5.32601499557, -5.82150793076, -7.60587024689],
        "mean": [-7.86629152298, -6.84187269211, -7.02013969421, -7.1905579567, -7.5566534996, -9.63781070709],
        "min": [-27.1895198822, -27.5989398956, -27.2681598663, -26.8711433411, -27.3144130707, -27.2977752686],
        "stdev": [1.89322400093, 1.34413766861, 1.30913710594, 1.22422194481, 1.25752127171, 1.27152431011]
    }
},
"rhythm": {
    "beats_count": 56,
    "beats_loudness": {
        "max": 0.110919296741,
        "mean": 0.0278980694711,
        "min": 0.000481460272567,
        "stdev": 0.0311890542507
    },
    "bpm": 144.694015503,
    "bpm_histogram_first_peak_bpm": 144,
    "bpm_histogram_first_peak_weight": 0.277777731419,
    "bpm_histogram_second_peak_bpm": 178,
    "bpm_histogram_second_peak_spread": 0,
    "bpm_histogram_second_peak_weight": 0.20000000298,
    "danceability": 0.855291485786,
    "onset_rate": 2.07827162743,
    "beats_loudness_band_ratio": {
        "max": [0.915065944195, 0.346670329571, 0.655083537102, 0.501119911671, 0.354521661997, 0.339923381805],
        "mean": [0.232185125351, 0.0615064240992, 0.289489090443, 0.224896222353, 0.152015060186, 0.0682753100991],
        "min": [0.000419029733166, 0.00180897675455, 0.0218304656446, 0.00841362215579, 0.00524564599618, 0.00963832158595],
        "stdev": [0.318317145109, 0.07425609231, 0.175783798099, 0.132691040635, 0.10774473846, 0.0526632107794]
    },
    "beats_position": [0.394739210606, 0.766258478165, 1.13777780533, 1.52090704441, 1.90403628349, 2.27555561066, 2.6470746994, 3.01859402657, 3.39011335373, 3.76163268089, 4.13315200806, 4.5046710968, 4.88780021667, 5.25931978226, 5.64244890213, 6.025578022, 6.40870714188, 6.79183673859, 7.17496585846, 7.59292507172, 7.99927425385, 8.40562343597, 8.8119726181, 9.21832180023, 9.62467098236, 10.0426301956, 10.4605894089, 10.8785486221, 11.2965078354, 11.7144670486, 12.1324262619, 12.5503854752, 12.9683446884, 13.3863039017, 13.8042631149, 14.2222223282, 14.6401815414, 14.9768705368, 15.3135595322, 15.6502494812, 15.9869384766, 16.3236274719, 16.6603164673, 16.99700737, 17.3336963654, 17.6703853607, 18.0186843872, 18.3553733826, 18.6920623779, 19.0403633118, 19.3886623383, 19.7369613647, 20.0852603912, 20.4335594177, 20.7818584442, 21.1301574707],
