{
"metadata": {
    "version": {
        "essentia": "2.1-beta5",
        "essentia_git_sha": "Undefined",
        "extractor": "music 2.0"
    },
    "audio_properties": {
        "analysis": {
            "equal_loudness": 0,
            "length": 29.0017242432,
            "sample_rate": 44100,
            "start_time": 0,
            "downmix": "mix"
        },
        "bit_rate": 192000,
        "length": 199.320983887,
        "lossless": 0,
        "number_channels": 2,
        "replay_gain": 0.317430496216,
        "sample_rate": 48000,
        "codec": "mp3",
        "md5_encoded": "25baad1e2788b2617c28f8b7f61ce474"
    },
    "tags": {
        "file_name": "Greece_Everything_Anna Vissi.mp3",
        "encoding": ["Lavf58.29.100"]
    }
},
"lowlevel": {
    "average_loudness": 0.453776329756,
    "barkbands_crest": {
        "max": 26.5581741333,
        "mean": 11.5188159943,
        "min": 3.48048067093,
        "stdev": 5.52480649948
    },
    "barkbands_flatness_db": {
        "max": 0.33402633667,
        "mean": 0.151557594538,
        "min": 0.0440250635147,
        "stdev": 0.0499833524227
    },
    "barkbands_kurtosis": {
        "max": 274.740142822,
        "mean": 10.2670974731,
        "min": -1.90877366066,
        "stdev": 19.6473236084
    },
    "barkbands_skewness": {
        "max": 15.6206054688,
        "mean": 2.17000126839,
        "min": -3.89939451218,
        "stdev": 1.85109221935
    },
    "barkbands_spread": {
        "max": 94.8308258057,
        "mean": 15.3630514145,
        "min": 1.03087925911,
        "stdev": 14.57330513
    },
    "dissonance": {
        "max": 0.499995291233,
        "mean": 0.461648494005,
        "min": 0.342207312584,
        "stdev": 0.0293813627213
    },
    "dynamic_complexity": 4.83306026459,
    "erbbands_crest": {
        "max": 26.4387588501,
        "mean": 9.10451889038,
        "min": 2.44454431534,
        "stdev": 4.00158214569
    },
    "erbbands_flatness_db": {
        "max": 0.312347203493,
        "mean": 0.182334527373,
        "min": 0.061501134187,
        "stdev": 0.0521782524884
    },
    "erbbands_kurtosis": {
        "max": 48.0242500305,
        "mean": 1.5204552412,
        "min": -1.79609060287,
        "stdev": 3.44183731079
    },
    "erbbands_skewness": {
        "max": 6.42418289185,
        "mean": 0.917996704578,
        "min": -4.54708623886,
        "stdev": 0.871541976929
    },
    "erbbands_spread": {
        "max": 149.586334229,
        "mean": 33.0891418457,
        "min": 7.77699136734,
        "stdev": 21.788690567
    },
    "hfc": {
        "max": 261.842498779,
        "mean": 16.7538642883,
        "min": 4.27774029959e-05,
        "stdev": 24.5537071228
    },
    "loudness_ebu128": {
        "integrated": -24.060136795,
        "loudness_range": 10.8108558655,
        "momentary": {
            "max": -18.2671470642,
            "mean": -26.7164783478,
            "min": -34.3914108276,
            "stdev": 4.58675527573
        },
        "short_term": {
            "max": -18.5339775085,
            "mean": -26.4888858795,
            "min": -30.1347370148,
            "stdev": 3.73818445206
        }
    },
    "melbands_crest": {
        "max": 29.8711528778,
        "mean": 14.4651422501,
        "min": 4.29336261749,
        "stdev": 5.96475172043
    },
    "melbands_flatness_db": {
        "max": 0.422937244177,
        "mean": 0.208197876811,
        "min": 0.074544146657,
        "stdev": 0.0647954493761
    },
    "melbands_kurtosis": {
        "max": 446.941375732,
        "mean": 20.6446895599,
        "min": -1.91750836372,
        "stdev": 36.0813713074
    },
    "melbands_skewness": {
        "max": 15.190952301,
        "mean": 2.93482375145,
        "min": -0.709445655346,
        "stdev": 2.07457590103
    },
    "melbands_spread": {
        "max": 255.391525269,
        "mean": 17.6197547913,
        "min": 0.692437231541,
        "stdev": 22.9321556091
    },
    "pitch_salience": {
        "max": 0.96821397543,
        "mean": 0.592291653156,
        "min": 0.0648941770196,
        "stdev": 0.153548464179
    },
    "silence_rate_20dB": {
        "max": 1,
        "mean": 1,
        "min": 1,
        "stdev": 0
    },
    "silence_rate_30dB": {
        "max": 1,
        "mean": 1,
        "min": 1,
        "stdev": 0
    },
    "silence_rate_60dB": {
        "max": 1,
        "mean": 0.153600007296,
        "min": 0,
        "stdev": 0.360563457012
    },
    "spectral_centroid": {
        "max": 6096.79980469,
        "mean": 1026.14599609,
        "min": 261.665130615,
        "stdev": 655.542724609
    },
    "spectral_complexity": {
        "max": 53,
        "mean": 15.4695997238,
        "min": 0,
        "stdev": 12.5282087326
    },
    "spectral_decrease": {
        "max": -6.05661252759e-15,
        "mean": -3.66758179382e-09,
        "min": -1.67326366096e-08,
        "stdev": 3.69516017784e-09
    },
    "spectral_energy": {
        "max": 0.0698684602976,
        "mean": 0.0153619265184,
        "min": 2.67391104813e-08,
        "stdev": 0.0156803298742
    },
    "spectral_energyband_high": {
        "max": 0.0314363911748,
        "mean": 0.000497281958815,
        "min": 2.05641703666e-09,
        "stdev": 0.001900097006
    },
    "spectral_energyband_low": {
        "max": 0.0155877396464,
        "mean": 0.000759237911552,
        "min": 6.68357480471e-10,
        "stdev": 0.00133364647627
    },
    "spectral_energyband_middle_high": {
        "max": 0.0547432042658,
        "mean": 0.00738007668406,
        "min": 1.7314734535e-08,
        "stdev": 0.0125913787633
    },
    "spectral_energyband_middle_low": {
        "max": 0.041663646698,
        "mean": 0.00729128625244,
        "min": 7.16391301836e-09,
        "stdev": 0.00607700226828
    },
    "spectral_entropy": {
        "max": 9.00331115723,
        "mean": 7.40945291519,
        "min": 5.59963274002,
        "stdev": 0.503209114075
    },
    "spectral_flux": {
        "max": 0.186532467604,
        "mean": 0.0581756420434,
        "min": 0.000163520977367,
        "stdev": 0.0438974015415
    },
    "spectral_kurtosis": {
        "max": 21.9049568176,
        "mean": 5.7291674614,
        "min": -1.20127892494,
        "stdev": 3.5664229393
    },
    "spectral_rms": {
        "max": 0.00825617089868,
        "mean": 0.0034175158944,
        "min": 5.10753716298e-06,
        "stdev": 0.00181874225382
    },
    "spectral_rolloff": {
        "max": 13135.2539062,
        "mean": 1416.53955078,
        "min": 215.33203125,
        "stdev": 1829.0826416
    },
    "spectral_skewness": {
        "max": 3.95493817329,
        "mean": 1.90057361126,
        "min": -0.327803075314,
        "stdev": 0.58151948452
    },
    "spectral_spread": {
        "max": 28129472,
        "mean": 4930747,
        "min": 2074632.625,
        "stdev": 2457765
    },
    "spectral_strongpeak": {
        "max": 9.54861736298,
        "mean": 0.791159391403,
        "min": 0,
        "stdev": 0.85185700655
    },
    "zerocrossingrate": {
        "max": 0.37548828125,
        "mean": 0.0599414072931,
        "min": 0.01123046875,
        "stdev": 0.0468009263277
    },
    "barkbands": {
        "max": [0.0203097946942, 0.00985861942172, 0.00280959485099, 0.00733723305166, 0.0382034629583, 0.018282501027, 0.00397960888222, 0.00322426157072, 0.0289376452565, 0.0367530323565, 0.0252355411649, 0.0147187560797, 0.0115562127903, 0.0101151512936, 0.0054593575187, 0.00292961485684, 0.00353909144178, 0.00385143165477, 0.00182853848673, 0.00173252844252, 0.00196443405002, 0.00638861209154, 0.00749186705798, 0.00790539104491, 0.011843171902, 0.00155007082503, 0.000146898746607],
        "mean": [0.000111127876153, 0.000214465806494, 0.000241322180955, 0.000439463619841, 0.00284959003329, 0.000812009035144, 0.000259991560597, 0.000354364456143, 0.00180199299939, 0.00211305450648, 0.00170840322971, 0.00118204695173, 0.000687228108291, 0.000619197380729, 0.000416467955802, 0.000270408083452, 0.000258072104771, 0.000311825977406, 0.000176648696652, 7.85299271229e-05, 6.77118077874e-05, 8.90400333446e-05, 8.65704569151e-05, 8.89695002115e-05, 9.98620307655e-05, 2.17046017497e-05, 1.856333256e-06],
        "min": [1.5612315607e-10, 2.64868599276e-10, 1.98816976771e-10, 2.65520216924e-10, 9.45557188103e-10, 1.02448338701e-09, 5.69657709892e-10, 8.30169155641e-10, 2.69985322987e-09, 3.43114292534e-09, 3.98410682223e-09, 1.97562788351e-09, 3.34303784655e-09, 2.35537100934e-09, 8.34425639695e-10, 9.81453252002e-10, 1.48919210297e-10, 2.54363363705e-10, 2.65725497162e-10, 5.57156099035e-10, 3.92340798738e-10, 2.61479310426e-10, 2.89391927089e-10, 1.30065319626e-10, 2.332632143e-10, 2.31160479647e-10, 1.02040716154e-10],
        "stdev": [0.000817984517198, 0.000781973300036, 0.000369781191694, 0.000768820580561, 0.00446485960856, 0.00141338817775, 0.000363076047506, 0.000398848205805, 0.00342353130691, 0.00429473118857, 0.00348855671473, 0.00244948244654, 0.00124715594575, 0.00114953808952, 0.000795600528363, 0.000487843644805, 0.000455429893918, 0.00053406652296, 0.000311193638481, 0.000141609634738, 0.000145668993355, 0.000362828403013, 0.000479428475956, 0.000496786960866, 0.000586131238379, 9.62319827522e-05, 8.3453123807e-06]
    },
    "erbbands": {
        "max": [0.565475583076, 2.55120801926, 3.76671361923, 9.29106044769, 62.0263595581, 180.357788086, 156.543746948, 180.782546997, 71.0495910645, 52.5113067627, 98.7142105103, 659.219299316, 1488.56176758, 1042.89208984, 1092.72241211, 554.665222168, 461.095336914, 536.664855957, 402.040161133, 237.232788086, 155.515686035, 169.916748047, 227.917938232, 135.817092896, 68.6431808472, 84.9434280396, 97.0030822754, 63.130317688, 177.361175537, 288.194885254, 219.946594238, 200.608169556, 117.559341431, 142.14743042, 75.5068664551, 7.29096508026, 3.45252156258, 0.325366050005, 0.020251782611, 0.000457884802017],
        "mean": [0.00593672133982, 0.0495161861181, 0.224770501256, 1.10479867458, 4.51416778564, 11.9807109833, 7.18107509613, 7.28631162643, 4.58872795105, 4.50132417679, 10.804268837, 40.0736236572, 67.2216262817, 64.7263717651, 67.5002212524, 45.4589233398, 32.4199180603, 32.5877799988, 27.0071964264, 18.6790351868, 14.3518590927, 14.8914527893, 17.8209533691, 11.6980695724, 6.59404611588, 3.75165271759, 2.94164705276, 2.61623620987, 2.96550655365, 2.95011138916, 2.60403013229, 1.85817205906, 1.53247272968, 1.28704047203, 0.597831904888, 0.136345401406, 0.0349824130535, 0.00478804949671, 0.000336921715643, 2.95546142297e-05],
        "min": [9.54794288077e-09, 5.43675362508e-08, 1.99071891416e-07, 6.18825708898e-07, 1.64344066889e-06, 3.47417062585e-06, 6.16466513748e-06, 8.81139840203e-06, 8.50346714287e-06, 9.87585735857e-06, 2.64666268777e-05, 6.01744977757e-05, 8.75810219441e-05, 0.00014402846864, 0.000137610768434, 8.83292595972e-05, 0.000152364387759, 0.000129346226458, 7.14002599125e-05, 5.283631981e-05, 3.78115219064e-05, 1.04072969407e-05, 1.42877070175e-05, 1.63386685017e-05, 9.14977317734e-06, 2.7833842978e-05, 1.93131836568e-05, 1.52141838043e-05, 8.5364727056e-06, 7.21901824363e-06, 7.57044927013e-06, 3.96981158701e-06, 2.42345527113e-06, 2.73876753454e-06, 1.30361490847e-06, 5.88927719036e-07, 4.88961404699e-07, 1.74915044227e-07, 1.4261455128e-08, 8.78374317725e-10],
        "stdev": [0.0365628041327, 0.141051456332, 0.309619069099, 1.64448142052, 7.49375581741, 21.6342697144, 14.2732810974, 13.5447759628, 6.17553377151, 5.6314034462, 13.0984869003, 75.8055114746, 139.656311035, 127.59236145, 132.98638916, 91.8203582764, 57.5100059509, 59.1060752869, 50.3596954346, 34.6138687134, 25.7240142822, 25.6334190369, 30.6603717804, 20.37616539, 11.3035926819, 6.69763898849, 6.25010967255, 5.558634758, 10.4038648605, 15.7084331512, 14.7849931717, 11.3805055618, 7.96031332016, 7.10714244843, 3.79659152031, 0.597161769867, 0.172537460923, 0.0205386262387, 0.00133126974106, 4.57080859633e-05]
    },
    "gfcc": {
        "mean": [-53.4102516174, 76.5341033936, -128.514389038, 0.712457180023, -73.4069900513, 8.76950931549, -50.6191329956, 0.89723533392, -35.8509368896, -6.22402095795, -20.9866790771, -3.40701675415, -11.3991556168],
        "cov": [[4428.60839844, -1577.26086426, -1530.68994141, -135.208572388, -24.451833725, 461.752655029, 553.919006348, 492.965484619, 124.666984558, -33.9886894226, -93.4825897217, 185.818969727, -3.38854002953], [-1577.26086426, 1658.09863281, 764.862243652, 318.340789795, 263.372619629, -216.120071411, -147.251953125, -235.081817627, -61.4882774353, -38.8100547791, 71.1085891724, -130.701553345, 6.12359714508], [-1530.68994141, 764.862243652, 2679.6105957, 638.939880371, -33.8057098389, -164.806427002, -719.248657227, -407.093139648, -212.39364624, 22.834154129, -64.5182952881, -211.837265015, -73.245803833], [-135.208572388, 318.340789795, 638.939880371, 489.256256104, 28.9090023041, -3.23902964592, -130.022949219, -108.681999207, -7.99711704254, 26.7334594727, -40.7512931824, -80.0038528442, -31.1870269775], [-24.451833725, 263.372619629, -33.8057098389, 28.9090023041, 214.72857666, 50.5339355469, 83.9859619141, 59.303024292, 19.1160106659, -3.99673247337, 24.3096885681, 19.9135723114, 5.08796310425], [461.752655029, -216.120071411, -164.806427002, -3.23902964592, 50.5339355469, 216.526870728, 128.616409302, 120.109313965, 56.0298728943, 14.7284498215, -15.5689516068, 24.7200946808, -4.64193248749], [553.919006348, -147.251953125, -719.248657227, -130.022949219, 83.9859619141, 128.616409302, 327.264648438, 174.137283325, 92.8308868408, 6.6564040184, 16.8011550903, 66.9531936646, 19.8516483307], [492.965484619, -235.081817627, -407.093139648, -108.681999207, 59.303024292, 120.109313965, 174.137283325, 191.554672241, 71.8963012695, 13.299030304, 7.92765378952, 52.6523780823, -2.42568707466], [124.666984558, -61.4882774353, -212.39364624, -7.99711704254, 19.1160106659, 56.0298728943, 92.8308868408, 71.8963012695, 118.390190125, 23.1970348358, 2.02081036568, 8.65712451935, -1.06744253635], [-33.9886894226, -38.8100547791, 22.834154129, 26.7334594727, -3.99673247337, 14.7284498215, 6.6564040184, 13.299030304, 23.1970348358, 68.317276001, 7.17881202698, -11.3311672211, -4.87545251846], [-93.4825897217, 71.1085891724, -64.5182952881, -40.7512931824, 24.3096885681, -15.5689516068, 16.8011550903, 7.92765378952, 2.02081036568, 7.17881202698, 56.0461502075, 24.4199886322, 9.92706871033], [185.818969727, -130.701553345, -211.837265015, -80.0038528442, 19.9135723114, 24.7200946808, 66.9531936646, 52.6523780823, 8.65712451935, -11.3311672211, 24.4199886322, 117.988792419, 25.9744987488], [-3.38854002953, 6.12359714508, -73.245803833, -31.1870269775, 5.08796310425, -4.64193248749, 19.8516483307, -2.42568707466, -1.06744253635, -4.87545251846, 9.92706871033, 25.9744987488, 50.0398292542]],
        "icov": [[0.000566468399484, 0.000489872007165, 0.000176827350515, -0.000636808865238, -0.000114226291771, -0.000196117500309, -0.00033324569813, -0.000679085671436, 0.000556445855182, 0.000766041572206, 9.73423448158e-05, 0.000114319605927, -5.90828240092e-05], [0.000489872007165, 0.0023254964035, -0.000251774617936, -0.0010444567306, -0.00261369743384, 0.00137356936466, -0.00154978153296, 0.00129592732992, -0.000143649362144, 0.00208877795376, -0.00239267107099, 0.00191995699424, -0.000521565612871], [0.000176827350515, -0.000251774617936, 0.0015939528821, -0.00095898687141, -0.000330935698003, -0.00122630270198, 0.00306184496731, -0.000145783618791, 0.000911261828151, -0.000599392340519, 0.000660514982883, -3.84490012948e-05, 0.000326351466356], [-0.000636808865238, -0.0010444567306, -0.00095898687141, 0.00459830043837, -0.000141567012179, -0.000669811037369, -0.000249559612712, 0.00248514977284, -0.00179633742664, -0.00234376383014, 0.00243910658173, -0.00042030934128, 0.00118618947454], [-0.000114226291771, -0.00261369743384, -0.000330935698003, -0.000141567012179, 0.0100671863183, -0.00194223737344, -0.00111116596963, -0.00443930644542, 0.00120108842384, -0.000110178560135, -0.000413058442064, -0.00208643381484, -5.88367875025e-05], [-0.000196117500309, 0.00137356936466, -0.00122630270198, -0.000669811037369, -0.00194223737344, 0.00999599136412, -0.00375084765255, -0.00292890355922, -0.00119751389138, 0.000448757171398, 0.000874250312336, 0.000915373035241, -0.000553429243155], [-0.00033324569813, -0.00154978153296, 0.00306184496731, -0.000249559612712, -0.00111116596963, -0.00375084765255, 0.0140164103359, -0.00387188792229, -0.00124125077855, -0.00189136958215, 0.00160955975298, -0.00123670639005, -0.00137799815275], [-0.000679085671436, 0.00129592732992, -0.000145783618791, 0.00248514977284, -0.00443930644542, -0.00292890355922, -0.00387188792229, 0.0186485107988, -0.00439715199172, -0.0016856448492, -0.00131739058997, -0.00138471636456, 0.00447269249707], [0.000556445855182, -0.000143649362144, 0.000911261828151, -0.00179633742664, 0.00120108842384, -0.00119751389138, -0.00124125077855, -0.00439715199172, 0.0137851517648, -0.00272686243989, 0.00054864975391, 0.00074367254274, -0.000150861465954], [0.000766041572206, 0.00208877795376, -0.000599392340519, -0.00234376383014, -0.000110178560135, 0.000448757171398, -0.00189136958215, -0.0016856448492, -0.00272686243989, 0.0199722573161, -0.00682365801185, 0.0038495620247, -0.000577138678636], [9.73423448158e-05, -0.00239267107099, 0.000660514982883, 0.00243910658173, -0.000413058442064, 0.000874250312336, 0.00160955975298, -0.00131739058997, 0.00054864975391, -0.00682365801185, 0.0275527555496, -0.00670617306605, -0.000431046792073], [0.000114319605927, 0.00191995699424, -3.84490012948e-05, -0.00042030934128, -0.00208643381484, 0.000915373035241, -0.00123670639005, -0.00138471636456, 0.00074367254274, 0.0038495620247, -0.00670617306605, 0.0144895482808, -0.00562474830076], [-5.90828240092e-05, -0.000521565612871, 0.000326351466356, 0.00118618947454, -5.88367875025e-05, -0.000553429243155, -0.00137799815275, 0.00447269249707, -0.000150861465954, -0.000577138678636, -0.000431046792073, -0.00562474830076, 0.0249247588217]]
    },
    "melbands": {
        "max": [0.00399545626715, 0.00251279165968, 0.00332097359933, 0.0104831652716, 0.00571523280814, 0.0037809764035, 0.000977337709628, 0.00069229741348, 0.00115998659749, 0.0042553585954, 0.00740360748023, 0.00403416063637, 0.00353886652738, 0.00210003205575, 0.0012832947541, 0.00082987069618, 0.00105537136551, 0.000891379197128, 0.000372347974917, 0.000225127703743, 0.000184923483175, 0.000199668109417, 0.000212499406189, 0.000171901294379, 0.000117526156828, 6.38487981632e-05, 4.36592090409e-05, 6.69228465995e-05, 6.84063052176e-05, 4.42957789346e-05, 3.5563698475e-05, 8.64850517246e-05, 0.000148647566675, 0.000153657776536, 0.000120125157991, 0.000139351846883, 0.000136773087434, 0.000102597688965, 9.41625112318e-05, 0.000159390983754],
        "mean": [6.08675836702e-05, 0.000111901295895, 0.000256081228144, 0.000640058307908, 0.000315846787998, 0.000155600253493, 6.63320388412e-05, 5.14547573403e-05, 0.000101792691567, 0.000275060243439, 0.000336341327056, 0.000257611362031, 0.000235923260334, 0.000151624335558, 8.24988164823e-05, 6.81087112753e-05, 5.94473240199e-05, 4.50385159638e-05, 2.99024995911e-05, 2.07328685065e-05, 1.59617811732e-05, 1.49900179167e-05, 1.73549888132e-05, 1.36473763632e-05, 9.21583614399e-06, 5.83564951739e-06, 3.16010823553e-06, 2.35127799897e-06, 1.90141724943e-06, 1.60460172083e-06, 1.44254909173e-06, 1.52782524765e-06, 1.99817350222e-06, 1.43243312323e-06, 1.48508024722e-06, 1.32072239012e-06, 1.09747099941e-06, 1.03423951714e-06, 1.10673386189e-06, 1.11463532448e-06],
        "min": [8.67330582355e-11, 9.5899697905e-11, 1.33806729585e-10, 1.82829681949e-10, 2.08691675052e-10, 1.97268118507e-10, 1.27295424202e-10, 1.15111427335e-10, 2.46715731178e-10, 3.94962590411e-10, 4.37433367306e-10, 5.71857561305e-10, 5.20012033434e-10, 2.24089316547e-10, 3.11566744626e-10, 3.12118109136e-10, 2.34902847174e-10, 1.29191102261e-10, 5.83466955306e-11, 8.1840104138e-11, 3.31350780147e-11, 6.64223277075e-12, 1.81678613126e-11, 8.1004153038e-12, 1.44141157343e-11, 8.73064641416e-12, 6.96113609464e-12, 2.22904403269e-11, 1.21441277173e-11, 1.25006324736e-11, 7.7709462129e-12, 4.48464832978e-12, 5.22984520274e-12, 4.02275565289e-12, 3.99934469222e-12, 4.68527430394e-12, 1.62267887929e-12, 9.86801460857e-13, 3.05693946719e-12, 2.07722142438e-12],
        "stdev": [0.000287914910587, 0.000160117211635, 0.000359360594302, 0.00105124060065, 0.000587153190281, 0.000281013577478, 8.87429123395e-05, 6.56417105347e-05, 0.000140425545396, 0.000527311232872, 0.000703298486769, 0.000516405911185, 0.000473013526062, 0.000311804236844, 0.000164128112374, 0.000123191115563, 0.000109841203084, 8.77543134266e-05, 5.77853134018e-05, 3.87886684621e-05, 2.96525158774e-05, 2.69411011686e-05, 3.03447995975e-05, 2.3738721211e-05, 1.66413610714e-05, 1.04388000182e-05, 5.58819692742e-06, 4.48757964477e-06, 4.28734529123e-06, 3.52059078068e-06, 3.041797072e-06, 4.74661646876e-06, 9.72835096036e-06, 7.90341255197e-06, 7.95578216639e-06, 8.26932591735e-06, 7.0457244874e-06, 5.69600751987e-06, 5.47965646547e-06, 6.77830394125e-06]
    },
    "melbands128": {
        "max": [0.00857469812036, 0.00601214868948, 0.0035498496145, 0.00486671971157, 0.00279615726322, 0.00172859989107, 0.00192262104247, 0.00546284299344, 0.00661738868803, 0.0183343812823, 0.0127291018143, 0.0126394480467, 0.00690115103498, 0.00604597758502, 0.00642474647611, 0.00176259421278, 0.00165628700051, 0.00152343034279, 0.00140613608528, 0.000678009935655, 0.00132058910094, 0.000600104627665, 0.00115613522939, 0.0030212958809, 0.00676988810301, 0.00821067579091, 0.00724733481184, 0.0125315133482, 0.00793008133769, 0.00436273077503, 0.00722767971456, 0.00635114358738, 0.00539102731273, 0.00554489390925, 0.00360100739636, 0.0029894404579, 0.0022051979322, 0.00196852022782, 0.00213028094731, 0.00111738883425, 0.000913306430448, 0.00112183322199, 0.00175895169377, 0.000848701456562, 0.00182845734525, 0.00097591325175, 0.00134980643634, 0.000676995958202, 0.000399450625991, 0.000574109726585, 0.000354991672793, 0.000429207255365, 0.000261853507254, 0.00036233998253, 0.000312132033287, 0.00023517345835, 0.000315763958497, 0.000308501941618, 0.000365253014024, 0.000327894085785, 0.000162386713782, 0.000299095496302, 0.000209302219446, 0.000198609268409, 0.000148433668073, 8.54663376231e-05, 7.74451327743e-05, 5.67836032133e-05, 5.89912560827e-05, 5.45557122678e-05, 9.1572124802e-05, 7.02851612004e-05, 6.48361310596e-05, 0.000162392068887, 3.4258566302e-05, 3.90994719055e-05, 8.68776332936e-05, 6.15726676187e-05, 4.51877094747e-05, 3.0804945709e-05, 7.42495176382e-05, 0.00013841476175, 0.000120208453154, 0.000173930704477, 0.000292114069453, 0.000173956912477, 0.000167862672242, 9.08065776457e-05, 0.000122265133541, 0.00017523423594, 0.000235064042499, 0.000109053828055, 0.000128219471662, 0.000119589254609, 0.000178222398972, 0.000159257397172, 8.5748564743e-05, 0.000102074161987, 0.000171917781699, 8.46527473186e-05, 6.16057950538e-05, 0.000246371753747, 0.00020115483494, 0.000153674831381, 7.71167615312e-05, 4.8548597988e-05, 2.63917554548e-05, 9.99822441372e-06, 1.41352538776e-05, 1.52909324243e-05, 1.70262264874e-05, 1.92279876501e-05, 1.17649906315e-05, 4.7737503337e-06, 3.55100655725e-06, 2.69661677521e-06, 3.51154494638e-06, 1.93557502826e-06, 1.07413814021e-06, 7.79668937412e-07, 2.97792382753e-07, 3.10641866008e-07, 3.77661194761e-07, 3.95358368266e-09, 1.47830947483e-09, 1.45326795042e-09, 1.43198297664e-09, 1.42227896127e-09],
        "mean": [5.76204365643e-05, 5.27876327396e-05, 5.21154361195e-05, 9.4060182164e-05, 8.81242158357e-05, 0.000137978000566, 0.000223944167374, 0.000204645271879, 0.000392029905925, 0.00081203726586, 0.000733034918085, 0.000403778423788, 0.000215543681406, 0.000165464152815, 0.000203654068173, 0.000123570018332, 7.44824064896e-05, 6.37439879938e-05, 4.43503304268e-05, 4.50195584563e-05, 5.65360314795e-05, 6.02543659625e-05, 9.58562159212e-05, 0.000141657990753, 0.000256404542597, 0.000321680301568, 0.000354987132596, 0.000370378023945, 0.00028568302514, 0.000261458480963, 0.000247455958743, 0.000246575538768, 0.000262306886725, 0.00020645816403, 0.000171187290107, 0.000141227472341, 0.000109740700282, 7.80007248977e-05, 6.67235799483e-05, 7.10456442903e-05, 6.82321988279e-05, 6.44626052235e-05, 6.32259761915e-05, 5.36219667993e-05, 5.22547234141e-05, 4.2593357648e-05, 3.96602990804e-05, 3.04023142235e-05, 2.58225827565e-05, 2.39814798988e-05, 2.00954455067e-05, 1.79029339051e-05, 1.54705485329e-05, 1.46005450006e-05, 1.78658992809e-05, 1.43900733747e-05, 1.32854866024e-05, 1.59152459673e-05, 1.98223842744e-05, 1.86106699402e-05, 1.28257333927e-05, 1.06626030174e-05, 9.95959908323e-06, 8.78772334545e-06, 8.16739429865e-06, 5.58667761652e-06, 4.91499713462e-06, 3.63168578588e-06, 2.80619474324e-06, 2.28611111197e-06, 2.54690121437e-06, 2.15193881559e-06, 2.14960641642e-06, 1.93728556042e-06, 1.58675243256e-06, 1.46039690208e-06, 1.80206836831e-06, 1.48688150148e-06, 1.45752585468e-06, 1.27520752358e-06, 1.35941115786e-06, 1.65240862771e-06, 1.87058878964e-06, 2.13828820961e-06, 2.08888013731e-06, 1.5242644622e-06, 1.17428362501e-06, 1.22666699554e-06, 1.45469959989e-06, 1.73634759904e-06, 1.62079243182e-06, 1.07892037704e-06, 1.0491055491e-06, 1.09796224024e-06, 1.14617114377e-06, 1.05980541321e-06, 9.82782694336e-07, 1.02449700989e-06, 1.21694631616e-06, 1.06914183107e-06, 9.88106080513e-07, 1.18024661333e-06, 1.20677259474e-06, 9.87954990705e-07, 6.74589273331e-07, 4.2175111048e-07, 3.04986627953e-07, 2.32331430539e-07, 2.19490658537e-07, 1.81493334139e-07, 1.67481502444e-07, 1.40571103202e-07, 1.02885181263e-07, 6.77433362739e-08, 5.79301442372e-08, 4.04604456605e-08, 3.00886568994e-08, 1.92433589064e-08, 1.27687478368e-08, 8.56499227098e-09, 5.51975842811e-09, 4.32910418624e-09, 2.54523735421e-09, 5.1325180217e-11, 3.75938733269e-12, 3.2667998081e-12, 3.00085433932e-12, 2.94868036238e-12],
        "min": [8.06257421937e-11, 8.65828519991e-11, 8.84579909322e-11, 8.8654403263e-11, 9.14902112403e-11, 1.02161279436e-10, 1.19318860348e-10, 1.37797467881e-10, 1.62491187172e-10, 1.85191556534e-10, 1.95074997822e-10, 2.01174882308e-10, 2.11632600333e-10, 2.20264181894e-10, 2.08886866138e-10, 1.85388926432e-10, 1.46130871292e-10, 1.16986267895e-10, 1.03180845812e-10, 9.82315617737e-11, 1.18883985989e-10, 1.6882004128e-10, 2.52368764775e-10, 3.32997462937e-10, 3.91988913551e-10, 4.20050716432e-10, 4.12512357606e-10, 4.20744661334e-10, 4.67794636361e-10, 5.39486899598e-10, 6.11062533906e-10, 6.38891162197e-10, 5.69900959757e-10, 4.16987333551e-10, 2.40750780423e-10, 1.53314708151e-10, 2.0120234645e-10, 3.1417241031e-10, 3.86344789494e-10, 3.66538049912e-10, 2.87322943215e-10, 2.47465242742e-10, 2.43485009932e-10, 2.34968766666e-10, 1.77929670997e-10, 1.14894427306e-10, 6.47336004245e-11, 4.75265868327e-11, 5.51432441376e-11, 8.09433978177e-11, 9.52102702234e-11, 7.64906957218e-11, 4.07058796392e-11, 1.70197623356e-11, 4.42226333677e-12, 2.65671924564e-12, 1.01752052964e-11, 1.90967536923e-11, 2.3654798606e-11, 1.28328979387e-11, 2.37847762319e-12, 8.08238025118e-12, 1.34465607052e-11, 1.61447903657e-11, 1.72545172594e-11, 1.01083611967e-11, 2.21182100413e-12, 1.95667874264e-12, 6.71772923747e-12, 1.53649488965e-11, 2.39598254431e-11, 2.70567509369e-11, 1.79070005352e-11, 6.72362946569e-12, 7.86523277063e-12, 1.53189735203e-11, 1.47841027615e-11, 6.30012058148e-12, 6.12008577497e-12, 1.06132316477e-11, 4.12135473318e-12, 1.113814878e-12, 6.32570124753e-12, 7.7151011274e-12, 2.15367307321e-12, 2.42818005286e-12, 5.62738744492e-12, 5.35717607428e-12, 2.08913637258e-12, 4.11924747784e-12, 7.51501378488e-12, 3.89240939827e-12, 2.00243966374e-12, 2.11622581438e-12, 1.01902405784e-12, 2.558561273e-13, 9.30775638855e-13, 2.00578160851e-12, 3.28906541759e-12, 4.01059307292e-12, 1.65662535773e-12, 1.34804266274e-12, 2.88571120124e-12, 2.94016308695e-12, 1.15024819097e-12, 5.78501927351e-13, 7.22454485558e-13, 8.87646726955e-13, 1.34316874029e-12, 7.90163399121e-13, 9.33192976019e-13, 1.34552091691e-12, 1.20022102066e-12, 2.81612146796e-12, 1.49882298413e-12, 1.93745345288e-12, 9.80902208417e-13, 4.09345056766e-13, 4.69482254722e-13, 4.76703366451e-13, 3.11548231874e-13, 1.00661436109e-13, 2.26323151301e-13, 2.46120994678e-13, 2.07455390757e-13, 1.32477836752e-13, 1.96910985916e-14, 6.49407508105e-16],
        "stdev": [0.000425108562922, 0.00038235084503, 0.000259292370174, 0.000259759661276, 0.0001740057196, 0.000229950688663, 0.000383804232115, 0.000439250929048, 0.000798796478193, 0.00156868656632, 0.00149710231926, 0.00108529184945, 0.000595216522925, 0.000413712434238, 0.000476532411994, 0.000191442042706, 0.000138124771183, 0.0001208947142, 8.34109814605e-05, 7.45904399082e-05, 0.000104812104837, 7.35328503652e-05, 0.000144618330523, 0.000297521968605, 0.000580243882723, 0.000738071103115, 0.00085927627515, 0.000911434064619, 0.000672436843161, 0.000578901206609, 0.000573954370338, 0.000601851264946, 0.000593636068515, 0.000489384576213, 0.000402950827265, 0.000336058903486, 0.000265232723905, 0.000186537727132, 0.000148259408888, 0.000139901487273, 0.000140805481351, 0.000139370764373, 0.000138709961902, 0.000112013265607, 0.000126124563394, 9.80735567282e-05, 9.94749279926e-05, 6.98481308063e-05, 5.47283307242e-05, 5.25047034898e-05, 4.37004819105e-05, 3.81493846362e-05, 3.26020235661e-05, 3.08934577333e-05, 3.82138568966e-05, 2.97215447063e-05, 2.66994920821e-05, 3.03012711811e-05, 4.04499587603e-05, 3.79176526621e-05, 2.48113974521e-05, 2.09573827306e-05, 2.14551364479e-05, 1.8656210159e-05, 1.72411037056e-05, 1.09853654067e-05, 9.89378713712e-06, 6.95730614098e-06, 5.6938056332e-06, 4.55837880509e-06, 5.49318428966e-06, 4.53617394669e-06, 5.08868834004e-06, 7.62233730711e-06, 3.17425519825e-06, 3.04024865727e-06, 5.47964782527e-06, 4.25404687121e-06, 3.15456486533e-06, 2.5937463306e-06, 3.81115728487e-06, 6.59629085931e-06, 8.15515159047e-06, 1.01973009805e-05, 1.36667649713e-05, 9.30083206185e-06, 6.81443134454e-06, 5.29552062289e-06, 7.49436549086e-06, 1.09251641334e-05, 1.2189248082e-05, 6.15973567619e-06, 6.57220880385e-06, 6.83496637066e-06, 8.5504971139e-06, 7.05489628672e-06, 5.33822912985e-06, 5.17059652339e-06, 7.03968453308e-06, 5.14622342962e-06, 4.55189001514e-06, 8.74302349985e-06, 9.18415298656e-06, 7.7895283539e-06, 4.46406784249e-06, 2.3360069008e-06, 1.46694060277e-06, 9.06929926714e-07, 9.65656681728e-07, 8.80407014847e-07, 9.69174152488e-07, 8.20575905891e-07, 5.52025426259e-07, 2.92757732723e-07, 2.52788851185e-07, 1.62257691727e-07, 1.55272473989e-07, 1.08024721612e-07, 6.52023786074e-08, 3.96636572475e-08, 2.41655229161e-08, 2.23779679231e-08, 1.51697356898e-08, 2.84695322872e-10, 4.19412976571e-11, 4.12451392484e-11, 4.06492166316e-11, 4.0375126853e-11]
    },
    "mfcc": {
        "mean": [-694.86328125, 118.711647034, -7.69492435455, -7.05077505112, -5.64440727234, -6.25852441788, -5.41559648514, -4.52853727341, -8.77514648438, -8.93927764893, -5.90121984482, -10.8582315445, -10.9509878159],
        "cov": [[5655.69824219, -1768.58032227, -2054.21826172, -668.95703125, -688.251708984, 35.9169387817, 260.044342041, 724.387878418, 398.173828125, 235.931213379, 165.84703064, 45.9530525208, 71.3297729492], [-1768.58032227, 1399.87475586, 507.422637939, 403.209838867, 315.115356445, 33.4243164062, 31.9484958649, -170.113815308, -137.678894043, -69.5227203369, -42.7932891846, -2.32697486877, -40.8266029358], [-2054.21826172, 507.422637939, 2306.00952148, 640.716369629, 682.87109375, 104.317138672, -191.010559082, -513.98236084, -215.745452881, -153.899337769, -134.408340454, -80.0620422363, -59.4058876038], [-668.95703125, 403.209838867, 640.716369629, 480.15020752, 242.376876831, 88.8091506958, -46.6249923706, -163.943557739, -56.3531761169, -57.0063552856, -29.4478206635, 5.56551885605, -17.6827354431], [-688.251708984, 315.115356445, 682.87109375, 242.376876831, 351.030914307, 52.2051239014, -17.0174350739, -119.267654419, -50.780166626, -35.1959495544, -27.2440357208, -10.8804626465, -11.8506784439], [35.9169387817, 33.4243164062, 104.317138672, 88.8091506958, 52.2051239014, 131.951599121, 25.4085769653, 23.4641170502, 34.5378761292, 33.4712562561, 12.400141716, 3.32384610176, 8.30465316772], [260.044342041, 31.9484958649, -191.010559082, -46.6249923706, -17.0174350739, 25.4085769653, 131.754699707, 91.4058837891, 35.9513320923, 34.2656517029, 22.5321407318, 12.3076257706, 14.408539772], [724.387878418, -170.113815308, -513.98236084, -163.943557739, -119.267654419, 23.4641170502, 91.4058837891, 270.977050781, 99.9610977173, 58.5445213318, 60.1394233704, 30.3801574707, 27.1651535034], [398.173828125, -137.678894043, -215.745452881, -56.3531761169, -50.780166626, 34.5378761292, 35.9513320923, 99.9610977173, 118.102828979, 69.2167663574, 31.5048847198, 22.9854068756, 29.4064846039], [235.931213379, -69.5227203369, -153.899337769, -57.0063552856, -35.1959495544, 33.4712562561, 34.2656517029, 58.5445213318, 69.2167663574, 129.292724609, 28.5068626404, 16.5866012573, 41.0521278381], [165.84703064, -42.7932891846, -134.408340454, -29.4478206635, -27.2440357208, 12.400141716, 22.5321407318, 60.1394233704, 31.5048847198, 28.5068626404, 78.366355896, 25.0571403503, 10.6315002441], [45.9530525208, -2.32697486877, -80.0620422363, 5.56551885605, -10.8804626465, 3.32384610176, 12.3076257706, 30.3801574707, 22.9854068756, 16.5866012573, 25.0571403503, 54.8167114258, 21.8899478912], [71.3297729492, -40.8266029358, -59.4058876038, -17.6827354431, -11.8506784439, 8.30465316772, 14.408539772, 27.1651535034, 29.4064846039, 41.0521278381, 10.6315002441, 21.8899478912, 66.4013366699]],
        "icov": [[0.000532421865501, 0.000626887951512, 0.000290234544082, -0.000452376843896, -1.13066334961e-05, 4.14378810092e-05, -0.000552231853362, -0.00056027242681, -0.000219570749323, -0.000165969133377, 8.04323644843e-05, 0.000452690437669, 0.000332265568431], [0.000626887951512, 0.00198731920682, 0.000744372606277, -0.00146289414261, -0.00107143644709, 0.00026297182194, -0.00139386055525, -0.00038513893378, 0.0010713331867, -0.00059052783763, 0.000331280054525, 0.000358869117917, 0.00078006304102], [0.000290234544082, 0.000744372606277, 0.00213565910235, -0.000818255299237, -0.00287852273323, -0.000892412033863, 0.000490687089041, 0.00139672926161, 0.000698254501913, 0.000158391980221, 0.000396254734369, 0.00109657156281, -7.34377099434e-05], [-0.000452376843896, -0.00146289414261, -0.000818255299237, 0.00564691564068, -0.000736009387765, -0.00310632260516, 0.00126749742776, 0.00197171280161, -0.000894235097803, 0.00189652724657, -0.000162031137734, -0.00279293395579, -0.0002961330174], [-1.13066334961e-05, -0.00107143644709, -0.00287852273323, -0.000736009387765, 0.00903913937509, 0.000387426669477, -0.00156982347835, -0.00152078608517, -0.000955879397225, -0.000111472516437, -0.000473678373965, -0.000483394047478, -0.000162889933563], [4.14378810092e-05, 0.00026297182194, -0.000892412033863, -0.00310632260516, 0.000387426669477, 0.0122874081135, -0.0019440560136, -0.00234376592562, -0.00249138684012, -0.00284450897016, -0.000808618206065, 0.00204201880842, 0.000722865923308], [-0.000552231853362, -0.00139386055525, 0.000490687089041, 0.00126749742776, -0.00156982347835, -0.0019440560136, 0.0120409140363, -0.00219682906754, 0.000508458411787, -0.000639841484372, -3.1196657801e-05, -0.000309541093884, -0.000960894220043], [-0.00056027242681, -0.00038513893378, 0.00139672926161, 0.00197171280161, -0.00152078608517, -0.00234376592562, -0.00219682906754, 0.0106757683679, -0.00360953714699, 0.00213090330362, -0.00251937145367, -0.000981611548923, -0.000721322197933], [-0.000219570749323, 0.0010713331867, 0.000698254501913, -0.000894235097803, -0.000955879397225, -0.00249138684012, 0.000508458411787, -0.00360953714699, 0.0188297312707, -0.00622006319463, 0.000234598759562, -0.00257623242214, -0.000893226533663], [-0.000165969133377, -0.00059052783763, 0.000158391980221, 0.00189652724657, -0.000111472516437, -0.00284450897016, -0.000639841484372, 0.00213090330362, -0.00622006319463, 0.0142352692783, -0.00220077903941, 0.000944893690757, -0.00594046758488], [8.04323644843e-05, 0.000331280054525, 0.000396254734369, -0.000162031137734, -0.000473678373965, -0.000808618206065, -3.1196657801e-05, -0.00251937145367, 0.000234598759562, -0.00220077903941, 0.0177980288863, -0.00647652801126, 0.00202483986504], [0.000452690437669, 0.000358869117917, 0.00109657156281, -0.00279293395579, -0.000483394047478, 0.00204201880842, -0.000309541093884, -0.000981611548923, -0.00257623242214, 0.000944893690757, -0.00647652801126, 0.0267588701099, -0.00712893763557], [0.000332265568431, 0.00078006304102, -7.34377099434e-05, -0.0002961330174, -0.000162889933563, 0.000722865923308, -0.000960894220043, -0.000721322197933, -0.000893226533663, -0.00594046758488, 0.00202483986504, -0.00712893763557, 0.0215163547546]]
    },
    "spectral_contrast_coeffs": {
        "max": [-0.300895035267, -0.525866925716, -0.553539454937, -0.597920417786, -0.659593701363, -0.659303247929],
        "mean": [-0.629543244839, -0.751605391502, -0.787229120731, -0.814285576344, -0.801565587521, -0.801314651966],
        "min": [-0.927226483822, -0.957969605923, -0.963724195957, -0.940868735313, -0.945551216602, -0.919704675674],
        "stdev": [0.101795144379, 0.0559789948165, 0.050391793251, 0.0362936258316, 0.0395217761397, 0.0410635992885]
    },
    "spectral_contrast_valleys": {
        "max": [-6.28652763367, -5.35212182999, -4.63703155518, -5.57071208954, -5.98652076721, -7.06682252884],
        "mean": [-8.01363277435, -7.08521795273, -7.35539150238, -7.83241701126, -8.20903015137, -10.4670124054],
        "min": [-13.2080307007, -12.4882564545, -12.0395612717, -12.682510376, -13.6649827957, -14.860578537],
        "stdev": [0.902299702168, 0.565307080746, 1.23067092896, 1.0735244751, 1.00204885006, 0.95799612999]
    }
},
"rhythm": {
    "beats_count": 44,
    "beats_loudness": {
        "max": 0.063244946301,
        "mean": 0.0181678403169,
        "min": 0.00127430434804,
        "stdev": 0.0158685501665
    },
    "bpm": 84.3950881958,
    "bpm_histogram_first_peak_bpm": 85,
    "bpm_histogram_first_peak_weight": 0.608695626259,
    "bpm_histogram_second_peak_bpm": 99,
    "bpm_histogram_second_peak_spread": 0.300000011921,
    "bpm_histogram_second_peak_weight": 0.162790700793,
    "danceability": 0.817261576653,
    "onset_rate": 1.86121320724,
    "beats_loudness_band_ratio": {
        "max": [0.868297100067, 0.929538905621, 0.349386811256, 0.817719638348, 0.25920817256, 0.731591463089],
        "mean": [0.158170372248, 0.369340628386, 0.16416940093, 0.217141330242, 0.0812837556005, 0.0870772376657],
        "min": [3.37692908943e-05, 0.000391454086639, 0.0108613446355, 0.00706069311127, 0.00268032681197, 0.00106296560261],
        "stdev": [0.187604993582, 0.295450150967, 0.101501218975, 0.232765004039, 0.0676475539804, 0.166340246797]
    },
    "beats_position": [0.441179126501, 0.882358253002, 1.31192743778, 1.74149656296, 2.17106580734, 2.61224484444, 3.15791368484, 3.70358276367, 4.2492518425, 4.85297060013, 5.45668935776, 6.14167785645, 6.81505680084, 7.50004529953, 8.18503379822, 8.87002277374, 9.56662082672, 10.2748298645, 10.9946479797, 11.7028570175, 12.4342851639, 13.1541042328, 13.8855323792, 14.5937414169, 15.301949501, 16.0333786011, 16.7764167786, 17.5194549561, 18.2392749786, 18.9474830627, 19.6556911469, 20.3755092621, 21.153377533, 21.942855835, 22.6394557953, 23.3476638794, 23.9397735596, 24.5434913635, 25.1472110748, 25.7509288788, 26.3546485901, 26.958366394, 27.5504760742, 28.1309738159],
