{
"metadata": {
    "version": {
        "essentia": "2.1-beta5",
        "essentia_git_sha": "Undefined",
        "extractor": "music 2.0"
    },
    "audio_properties": {
        "analysis": {
            "equal_loudness": 0,
            "length": 23.7424030304,
            "sample_rate": 44100,
            "start_time": 175.240997314,
            "downmix": "mix"
        },
        "bit_rate": 192000,
        "length": 199.006622314,
        "lossless": 0,
        "number_channels": 2,
        "replay_gain": -9.84956932068,
        "sample_rate": 48000,
        "codec": "mp3",
        "md5_encoded": "697e8f17a62d150020e3d3b137453000"
    },
    "tags": {
        "file_name": "Finland_Hard Rock Hallelujah_Lordi.mp3",
        "encoding": ["Lavf58.29.100"]
    }
},
"lowlevel": {
    "average_loudness": 0.951837062836,
    "barkbands_crest": {
        "max": 20.2197322845,
        "mean": 8.47990322113,
        "min": 1.98785543442,
        "stdev": 2.84954690933
    },
    "barkbands_flatness_db": {
        "max": 0.206542149186,
        "mean": 0.117283709347,
        "min": 0.0269924663007,
        "stdev": 0.0388532504439
    },
    "barkbands_kurtosis": {
        "max": 18.4084510803,
        "mean": 1.45005428791,
        "min": -1.71826756001,
        "stdev": 2.10227179527
    },
    "barkbands_skewness": {
        "max": 3.79510712624,
        "mean": 1.10558354855,
        "min": -1.73215997219,
        "stdev": 0.592454075813
    },
    "barkbands_spread": {
        "max": 87.2733306885,
        "mean": 20.9170265198,
        "min": 5.04885816574,
        "stdev": 15.2956819534
    },
    "dissonance": {
        "max": 0.500000119209,
        "mean": 0.483794182539,
        "min": 0.386731982231,
        "stdev": 0.0163621921092
    },
    "dynamic_complexity": 1.8181848526,
    "erbbands_crest": {
        "max": 25.0287189484,
        "mean": 8.32250785828,
        "min": 2.59092998505,
        "stdev": 3.43064522743
    },
    "erbbands_flatness_db": {
        "max": 0.282963484526,
        "mean": 0.188397705555,
        "min": 0.0776399299502,
        "stdev": 0.0530221201479
    },
    "erbbands_kurtosis": {
        "max": 13.5797233582,
        "mean": 0.657657027245,
        "min": -1.57684636116,
        "stdev": 1.77765309811
    },
    "erbbands_skewness": {
        "max": 2.79658770561,
        "mean": 0.74367326498,
        "min": -1.06599962711,
        "stdev": 0.648992776871
    },
    "erbbands_spread": {
        "max": 80.2474212646,
        "mean": 27.9977416992,
        "min": 6.28360700607,
        "stdev": 14.8326396942
    },
    "hfc": {
        "max": 206.502685547,
        "mean": 38.5134887695,
        "min": 3.09849412794e-09,
        "stdev": 21.208650589
    },
    "loudness_ebu128": {
        "integrated": -11.015838623,
        "loudness_range": 2.71996116638,
        "momentary": {
            "max": -9.40538406372,
            "mean": -11.4175806046,
            "min": -28.6108341217,
            "stdev": 2.21325230598
        },
        "short_term": {
            "max": -9.64490699768,
            "mean": -11.0193824768,
            "min": -14.6644468307,
            "stdev": 0.993425011635
        }
    },
    "melbands_crest": {
        "max": 27.4012355804,
        "mean": 11.2803812027,
        "min": 3.56549263,
        "stdev": 3.71493029594
    },
    "melbands_flatness_db": {
        "max": 0.252027332783,
        "mean": 0.139955312014,
        "min": 0.0169162098318,
        "stdev": 0.0337080173194
    },
    "melbands_kurtosis": {
        "max": 53.1495437622,
        "mean": 5.44958591461,
        "min": -1.32280755043,
        "stdev": 5.11846113205
    },
    "melbands_skewness": {
        "max": 6.83013153076,
        "mean": 1.78353857994,
        "min": -0.415899038315,
        "stdev": 0.869399309158
    },
    "melbands_spread": {
        "max": 173.1640625,
        "mean": 25.9818172455,
        "min": 6.20834255219,
        "stdev": 17.5938072205
    },
    "pitch_salience": {
        "max": 0.856899738312,
        "mean": 0.687135100365,
        "min": 0.270272225142,
        "stdev": 0.0988308861852
    },
    "silence_rate_20dB": {
        "max": 1,
        "mean": 1,
        "min": 1,
        "stdev": 0
    },
    "silence_rate_30dB": {
        "max": 1,
        "mean": 1,
        "min": 1,
        "stdev": 0
    },
    "silence_rate_60dB": {
        "max": 1,
        "mean": 0.0224609375,
        "min": 0,
        "stdev": 0.148177057505
    },
    "spectral_centroid": {
        "max": 3773.52026367,
        "mean": 1770.56054688,
        "min": 537.317321777,
        "stdev": 467.341186523
    },
    "spectral_complexity": {
        "max": 52,
        "mean": 32.59375,
        "min": 0,
        "stdev": 8.41282367706
    },
    "spectral_decrease": {
        "max": -1.13918061881e-20,
        "mean": -7.21642656742e-09,
        "min": -2.57205883258e-08,
        "stdev": 3.87612431041e-09
    },
    "spectral_energy": {
        "max": 0.101420328021,
        "mean": 0.0307297520339,
        "min": 3.24038268006e-13,
        "stdev": 0.0157785285264
    },
    "spectral_energyband_high": {
        "max": 0.0213599316776,
        "mean": 0.00174910842907,
        "min": 2.36215371265e-13,
        "stdev": 0.0022764634341
    },
    "spectral_energyband_low": {
        "max": 0.0660841837525,
        "mean": 0.00355488131754,
        "min": 1.47071923054e-14,
        "stdev": 0.0069047966972
    },
    "spectral_energyband_middle_high": {
        "max": 0.0570212341845,
        "mean": 0.0136971194297,
        "min": 4.78222367576e-14,
        "stdev": 0.00796229485422
    },
    "spectral_energyband_middle_low": {
        "max": 0.0849996432662,
        "mean": 0.0129844751209,
        "min": 1.14989076339e-14,
        "stdev": 0.0111738312989
    },
    "spectral_entropy": {
        "max": 9.06864356995,
        "mean": 7.88405704498,
        "min": 7.12336778641,
        "stdev": 0.237825319171
    },
    "spectral_flux": {
        "max": 0.300137758255,
        "mean": 0.105900980532,
        "min": 4.19755233452e-05,
        "stdev": 0.0355244912207
    },
    "spectral_kurtosis": {
        "max": 11.114906311,
        "mean": 4.4369969368,
        "min": -0.394781827927,
        "stdev": 2.1470489502
    },
    "spectral_rms": {
        "max": 0.0099471937865,
        "mean": 0.00527392979711,
        "min": 1.77801826595e-08,
        "stdev": 0.00147168850526
    },
    "spectral_rolloff": {
        "max": 17205.0292969,
        "mean": 2255.4777832,
        "min": 150.732421875,
        "stdev": 1438.91943359
    },
    "spectral_skewness": {
        "max": 2.74941658974,
        "mean": 1.62097299099,
        "min": 0.623914599419,
        "stdev": 0.418982535601
    },
    "spectral_spread": {
        "max": 17909988,
        "mean": 4498080.5,
        "min": 2977201.5,
        "stdev": 1216705.625
    },
    "spectral_strongpeak": {
        "max": 7.89552116394,
        "mean": 1.35501277447,
        "min": 0,
        "stdev": 1.13014900684
    },
    "zerocrossingrate": {
        "max": 0.54638671875,
        "mean": 0.0835590362549,
        "min": 0.03125,
        "stdev": 0.0332159847021
    },
    "barkbands": {
        "max": [0.0006837885594, 0.0383343324065, 0.0486163422465, 0.0500643774867, 0.067590534687, 0.0371385924518, 0.0291275046766, 0.0420402772725, 0.0588048622012, 0.0321346931159, 0.0394448004663, 0.0248119365424, 0.0132832229137, 0.00808523967862, 0.00378151261248, 0.00781997665763, 0.00308170588687, 0.00736339902505, 0.00260955537669, 0.00245295767672, 0.0026550530456, 0.00435669301078, 0.0025883493945, 0.00925359409302, 0.00614056130871, 0.00272288569249, 0.000283328990918],
        "mean": [2.62283792836e-05, 0.00176092935726, 0.00136216450483, 0.000763343938161, 0.00198200554587, 0.000992661109194, 0.000642926257569, 0.00130799401086, 0.00562444515526, 0.0041898493655, 0.00275626103394, 0.00189339334611, 0.00120728241745, 0.00116547988728, 0.000674186041579, 0.000648890738375, 0.000527863565367, 0.000764346506912, 0.000501774833538, 0.000393255526433, 0.000416939787101, 0.000337360659614, 0.000238352004089, 0.00028852399555, 0.000197326371563, 6.15287353867e-05, 4.41310385213e-06],
        "min": [1.63851086697e-14, 3.49943382411e-15, 3.6332618534e-15, 5.52028735901e-16, 3.15504250973e-15, 1.18537358765e-15, 1.77600373254e-15, 2.30016031992e-15, 2.369164706e-15, 5.58969165052e-16, 8.55504335518e-16, 2.61912794038e-15, 3.61803135398e-15, 3.25243562856e-15, 2.06737724304e-15, 4.73554944986e-15, 1.07885629345e-14, 4.77044890135e-15, 1.05285534658e-14, 6.827320183e-15, 1.01586457074e-14, 1.20638413403e-14, 1.77671953891e-14, 3.87204340585e-14, 4.6303604939e-14, 3.79494883868e-14, 7.51911757141e-14],
        "stdev": [5.78993713134e-05, 0.00401680637151, 0.00322114955634, 0.00236001820303, 0.00488844979554, 0.00326007790864, 0.00194950727746, 0.0026189526543, 0.00614785449579, 0.00416770298034, 0.00338383880444, 0.00262117944658, 0.00134340778459, 0.000994374975562, 0.000517306674737, 0.000543751812074, 0.000375137431547, 0.000749771017581, 0.000333345000399, 0.000400943594286, 0.000473090534797, 0.000433205597801, 0.000349688751157, 0.00069075304782, 0.000455480971141, 0.000156441965373, 2.04734096769e-05]
    },
    "erbbands": {
        "max": [0.541659712791, 11.0943956375, 51.8426170349, 82.7197570801, 165.567214966, 253.205062866, 472.32635498, 398.425872803, 278.89932251, 446.115570068, 901.239318848, 751.742858887, 1407.59619141, 1171.83569336, 1554.86535645, 1153.64416504, 637.469909668, 507.243927002, 227.726699829, 254.987335205, 471.774261475, 181.794845581, 363.855316162, 171.103424072, 107.963623047, 108.439208984, 132.935424805, 118.288078308, 147.472503662, 99.1317672729, 93.5106735229, 211.38899231, 143.503067017, 96.0970153809, 32.4486236572, 20.2871589661, 4.18331098557, 0.741329371929, 0.0537125244737, 0.00262582977302],
        "mean": [0.0304410923272, 0.469094961882, 1.51349329948, 2.25946593285, 3.87015867233, 7.55004835129, 9.31199264526, 7.12485980988, 6.97924232483, 15.8501472473, 42.878288269, 117.939689636, 160.593399048, 111.471572876, 113.996955872, 67.6213531494, 56.0991172791, 62.1669273376, 43.6308517456, 33.3675346375, 36.0541305542, 31.4204521179, 39.8986778259, 34.8875541687, 21.1922225952, 18.2400474548, 17.2116222382, 15.2973184586, 12.556678772, 9.37880706787, 6.34229469299, 6.06466054916, 4.64693593979, 2.70755934715, 1.10137033463, 0.378105312586, 0.0907258167863, 0.0126701518893, 0.000814623432234, 6.67682106723e-05],
        "min": [2.62451274905e-13, 3.81482849867e-13, 3.39475908322e-12, 3.69830858646e-12, 5.01260838393e-12, 1.33388690718e-11, 6.25947080626e-12, 1.30373056101e-11, 1.62503326767e-11, 4.07379165124e-11, 5.65276679632e-11, 5.87982162958e-11, 1.95000612879e-11, 2.99654676073e-11, 3.50902432111e-11, 1.26646346188e-10, 1.52605594828e-10, 1.63973654099e-10, 1.4577995755e-10, 1.22850590811e-10, 3.93984012081e-10, 5.17018150514e-10, 3.23170518124e-10, 2.75039990782e-10, 6.41498743015e-10, 3.64298979871e-10, 3.1468280759e-10, 4.39429492793e-10, 4.80568973504e-10, 5.18837139918e-10, 4.96643115522e-10, 7.27814863932e-10, 6.50527187673e-10, 3.56500606813e-10, 3.71270736377e-10, 1.57586055316e-10, 6.76056571836e-11, 3.43441421136e-11, 1.12403506641e-11, 1.07554308341e-12],
        "stdev": [0.0623077712953, 1.09599125385, 3.55505633354, 5.01492929459, 11.3266611099, 20.8393211365, 31.220916748, 24.581653595, 19.6201438904, 33.9326171875, 69.2127227783, 120.532073975, 170.673446655, 111.250015259, 131.704055786, 92.0705795288, 61.9256439209, 54.9596977234, 30.3105430603, 22.8342571259, 31.4053325653, 21.5820217133, 36.8313789368, 24.5781040192, 16.0657958984, 18.3423805237, 19.8629188538, 17.8297958374, 16.340593338, 12.9652366638, 9.26333141327, 14.7378768921, 10.9738016129, 6.79472494125, 2.2286658287, 0.903196692467, 0.271162569523, 0.0492013655603, 0.00361068267375, 0.000142443808727]
    },
    "gfcc": {
        "mean": [29.1189918518, 36.1735343933, -165.376861572, -1.72732675076, -75.1580200195, 21.5270614624, -32.3401794434, 20.2122840881, -28.7667732239, -1.78079807758, -24.0146484375, -0.35434499383, -13.3502416611],
        "cov": [[5466.08496094, 743.211730957, 1403.65234375, 1265.65393066, 220.979232788, 459.868896484, 41.7289505005, -234.113433838, -296.062713623, 101.180343628, -13.557639122, -55.8763122559, 152.729476929], [743.211730957, 726.533203125, 767.778686523, 589.749450684, 179.697296143, 130.638900757, 81.8157806396, -89.4273147583, -80.5694046021, 54.1269226074, 23.5463676453, -42.7180557251, 73.6968841553], [1403.65234375, 767.778686523, 1750.36425781, 1304.74182129, 370.932250977, 363.618041992, 90.6414260864, -230.42427063, -206.484466553, 112.488983154, 58.8456687927, -27.0604763031, 166.994232178], [1265.65393066, 589.749450684, 1304.74182129, 1263.58483887, 344.651489258, 352.265350342, 47.0485572815, -220.199295044, -176.52722168, 106.555923462, 42.5733222961, -34.8044319153, 132.634689331], [220.979232788, 179.697296143, 370.932250977, 344.651489258, 185.938522339, 145.202423096, 60.9673843384, -37.4564743042, -47.4478378296, 27.6729259491, 10.4402179718, -22.404542923, 26.7540531158], [459.868896484, 130.638900757, 363.618041992, 352.265350342, 145.202423096, 220.606140137, 87.3899841309, -38.5696983337, -65.3244628906, 18.5213546753, 10.2027902603, -18.7945384979, 32.5954246521], [41.7289505005, 81.8157806396, 90.6414260864, 47.0485572815, 60.9673843384, 87.3899841309, 120.363204956, 35.9812469482, 1.43392944336, -6.5404920578, -5.30761957169, -17.1028938293, -6.74025011063], [-234.113433838, -89.4273147583, -230.42427063, -220.199295044, -37.4564743042, -38.5696983337, 35.9812469482, 103.074455261, 66.7489624023, -12.7377462387, -11.3992948532, -3.66025710106, -32.8515892029], [-296.062713623, -80.5694046021, -206.484466553, -176.52722168, -47.4478378296, -65.3244628906, 1.43392944336, 66.7489624023, 92.4115447998, 7.28242492676, -5.9481511116, -0.201816305518, -29.2432975769], [101.180343628, 54.1269226074, 112.488983154, 106.555923462, 27.6729259491, 18.5213546753, -6.5404920578, -12.7377462387, 7.28242492676, 53.6495399475, 28.0837688446, 6.96718883514, 14.2237787247], [-13.557639122, 23.5463676453, 58.8456687927, 42.5733222961, 10.4402179718, 10.2027902603, -5.30761957169, -11.3992948532, -5.9481511116, 28.0837688446, 54.6055717468, 29.1545219421, 17.0296173096], [-55.8763122559, -42.7180557251, -27.0604763031, -34.8044319153, -22.404542923, -18.7945384979, -17.1028938293, -3.66025710106, -0.201816305518, 6.96718883514, 29.1545219421, 54.6316757202, 21.3900947571], [152.729476929, 73.6968841553, 166.994232178, 132.634689331, 26.7540531158, 32.5954246521, -6.74025011063, -32.8515892029, -29.2432975769, 14.2237787247, 17.0296173096, 21.3900947571, 68.559211731]],
        "icov": [[0.000323844200466, -0.000248736498179, -3.9559785364e-05, -0.00014095538063, 0.0008034761413, -0.000791482219938, 0.000438031303929, -0.000557210296392, 0.000872459262609, -0.000777491834015, 0.000821220455691, -0.000209750724025, 0.000148718245327], [-0.000248736498179, 0.00365760317072, -0.000795856351033, -0.000844112189952, -0.00102257996332, 0.00397292943671, -0.0037597278133, 0.000691948633175, 0.000123432793771, 0.000155844798428, -0.00217642285861, 0.00334350368939, -0.0018161671469], [-3.9559785364e-05, -0.000795856351033, 0.00318792788312, -0.00255765602924, -0.000323090411257, 0.000922196602914, -0.00159374799114, 0.00022331760556, 0.0013653007336, -0.000661718193442, -0.000285262707621, -0.000233451821259, -0.00137208984233], [-0.00014095538063, -0.000844112189952, -0.00255765602924, 0.00666424445808, -0.0030309711583, -0.00460360199213, 0.00342957046814, 0.00458922469988, -0.00217485590838, -0.00261056330055, 0.0016906040255, 0.000324232591083, -0.000440884701675], [0.0008034761413, -0.00102257996332, -0.000323090411257, -0.0030309711583, 0.0174112189561, -0.00626196200028, -0.00120317691471, -0.00359979039058, 0.00309984642081, -0.00313330581412, 0.000934547977522, 0.00160985416733, 0.00153738539666], [-0.000791482219938, 0.00397292943671, 0.000922196602914, -0.00460360199213, -0.00626196200028, 0.0217106156051, -0.013660508208, -0.000316326564644, 0.0054486352019, 0.000572907738388, -0.00439409445971, 0.00395219866186, -0.00315692112781], [0.000438031303929, -0.0037597278133, -0.00159374799114, 0.00342957046814, -0.00120317691471, -0.013660508208, 0.0241920482367, -0.00964035280049, -0.00160263595171, 0.00416623381898, 0.00158600718714, -0.00222905259579, 0.0037895811256], [-0.000557210296392, 0.000691948633175, 0.00022331760556, 0.00458922469988, -0.00359979039058, -0.000316326564644, -0.00964035280049, 0.033071283251, -0.0182966776192, 0.00264052301645, -0.00127885316033, 0.00124617852271, -0.000893833232112], [0.000872459262609, 0.000123432793771, 0.0013653007336, -0.00217485590838, 0.00309984642081, 0.0054486352019, -0.00160263595171, -0.0182966776192, 0.033918324858, -0.0171259529889, 0.00684763025492, -0.000668741646223, 0.0026090934407], [-0.000777491834015, 0.000155844798428, -0.000661718193442, -0.00261056330055, -0.00313330581412, 0.000572907738388, 0.00416623381898, 0.00264052301645, -0.0171259529889, 0.0425380505621, -0.0217286404222, 0.00431735441089, -0.00122803379782], [0.000821220455691, -0.00217642285861, -0.000285262707621, 0.0016906040255, 0.000934547977522, -0.00439409445971, 0.00158600718714, -0.00127885316033, 0.00684763025492, -0.0217286404222, 0.0411747768521, -0.0209743548185, 0.00294695771299], [-0.000209750724025, 0.00334350368939, -0.000233451821259, 0.000324232591083, 0.00160985416733, 0.00395219866186, -0.00222905259579, 0.00124617852271, -0.000668741646223, 0.00431735441089, -0.0209743548185, 0.0379841215909, -0.0131365759298], [0.000148718245327, -0.0018161671469, -0.00137208984233, -0.000440884701675, 0.00153738539666, -0.00315692112781, 0.0037895811256, -0.000893833232112, 0.0026090934407, -0.00122803379782, 0.00294695771299, -0.0131365759298, 0.0259813591838]]
    },
    "melbands": {
        "max": [0.0076256794855, 0.0192731600255, 0.0183371789753, 0.0181116592139, 0.0140777574852, 0.00811508670449, 0.00458325166255, 0.00580636784434, 0.00701867509633, 0.00647904537618, 0.00704706739634, 0.00499001238495, 0.00654178485274, 0.00262228981592, 0.00262192822993, 0.00137867894955, 0.000984496902674, 0.000361028622137, 0.000348600151483, 0.000244737748289, 0.000680374505464, 0.000253766949754, 0.000244285532972, 0.000470096740173, 0.000167998878169, 9.24274136196e-05, 7.67827586969e-05, 8.10505152913e-05, 0.000101683595858, 9.23109764699e-05, 8.08298427728e-05, 8.13317019492e-05, 9.68374952208e-05, 7.0004745794e-05, 5.17003754794e-05, 0.000124979342218, 0.000156685899128, 0.000102828016679, 0.000115354690934, 6.65796833346e-05],
        "mean": [0.000390601489926, 0.000743366370443, 0.000429394742241, 0.000413887522882, 0.000333360396326, 0.000163290998898, 0.000114920032502, 0.0001908846898, 0.000407977378927, 0.000803001748864, 0.000798439257778, 0.000447359983809, 0.000381823570933, 0.000243853326538, 0.0001333985565, 0.000120263059216, 0.000115950380859, 7.37304071663e-05, 4.91324535687e-05, 4.19726748078e-05, 4.20761316491e-05, 3.22525302181e-05, 3.1344130548e-05, 3.88785883843e-05, 2.76455994026e-05, 1.55885627464e-05, 1.40144966281e-05, 1.15771008495e-05, 1.03860602394e-05, 1.10810824481e-05, 7.96735548647e-06, 6.98867506799e-06, 6.42576151222e-06, 4.91482524012e-06, 3.62500395568e-06, 3.44846830558e-06, 3.82870257454e-06, 3.30063676302e-06, 2.88954538519e-06, 2.09764198189e-06],
        "min": [2.44598720618e-15, 1.28616203804e-15, 6.28642654222e-16, 7.17155479628e-16, 3.02547251507e-16, 2.59739503372e-16, 2.98328100987e-16, 4.66008516701e-16, 4.71802698516e-16, 3.45146788355e-16, 8.3242394502e-17, 1.13310906077e-16, 1.21262374929e-16, 1.91862279916e-16, 4.51377557784e-16, 3.23651024448e-16, 2.91686647997e-16, 2.48302361592e-16, 1.55182576926e-16, 2.09246929709e-16, 5.59929594535e-16, 6.11086361143e-16, 3.63160982152e-16, 2.36269146846e-16, 1.9771053949e-16, 4.40532386156e-16, 3.75087788384e-16, 2.02059630158e-16, 1.81387036692e-16, 2.85742197243e-16, 1.95322515384e-16, 2.44809171248e-16, 2.81730490386e-16, 3.126713334e-16, 3.17905705846e-16, 1.89388983414e-16, 5.87905292838e-16, 4.82488389723e-16, 3.40427120773e-16, 3.02509902648e-16],
        "stdev": [0.000847698305734, 0.00162770063616, 0.0010032793507, 0.00112109142356, 0.000972342968453, 0.00054089887999, 0.000337403616868, 0.000395221199142, 0.000614372722339, 0.00084172579227, 0.00085533678066, 0.000460642389953, 0.000467671197839, 0.000315543613397, 0.000206312994123, 0.000127016290207, 0.000106454041088, 5.46994415345e-05, 3.94124217564e-05, 2.9310642276e-05, 4.22512530349e-05, 2.42821261054e-05, 2.6907729989e-05, 4.41536867584e-05, 2.17806809815e-05, 1.24412308651e-05, 1.33299463414e-05, 1.26365030155e-05, 1.2630065612e-05, 1.33739404191e-05, 9.77120907919e-06, 9.33570663619e-06, 9.07200865186e-06, 7.74958607508e-06, 5.17868738825e-06, 7.22344657333e-06, 1.02237327155e-05, 8.16453484731e-06, 7.1986310104e-06, 5.24677989233e-06]
    },
    "melbands128": {
        "max": [0.000402359699365, 0.00326545117423, 0.011176311411, 0.0242382250726, 0.0281359478831, 0.0204559732229, 0.0141104245558, 0.0291944686323, 0.0180399082601, 0.0318119898438, 0.0174628552049, 0.0131741175428, 0.0224105753005, 0.011098857969, 0.014057893306, 0.00778245320544, 0.00383756472729, 0.00611369218677, 0.012413832359, 0.00477665057406, 0.00872140470892, 0.00956667400897, 0.00882584415376, 0.0116548752412, 0.009143169038, 0.00926344562322, 0.023121451959, 0.00889267213643, 0.00560797238722, 0.00981857720762, 0.00427326979116, 0.00953195709735, 0.01367025543, 0.00687234243378, 0.00722585478798, 0.00357716134749, 0.00467702932656, 0.00373230618425, 0.00241555040702, 0.00258223456331, 0.00286340527236, 0.00159828388132, 0.00214920495637, 0.00148512260057, 0.000639650970697, 0.000551825389266, 0.000591906602494, 0.00032076012576, 0.000653389957733, 0.0003149601107, 0.000349626352545, 0.0003446895862, 0.000925083528273, 0.000842259556521, 0.00029510515742, 0.000559492385946, 0.000336639641318, 0.00034851001692, 0.000516102591064, 0.000385467050364, 0.00101100490429, 0.000505505944602, 0.000258802087046, 0.000310030882247, 0.00014326411474, 0.000147065482452, 0.00011542183347, 0.00014901382383, 0.000135421418236, 0.000109983862785, 9.35401112656e-05, 0.000134634916321, 0.00011777090549, 0.000170493294718, 0.000125180493342, 0.000182165211299, 9.82791607385e-05, 8.04244773462e-05, 0.000104516759166, 0.000104633581941, 9.81599514489e-05, 8.15404346213e-05, 0.000164816447068, 0.000156053269166, 0.000106227533252, 9.10470553208e-05, 0.000127548992168, 6.89274893375e-05, 5.72668323002e-05, 8.49004063639e-05, 8.15167659312e-05, 0.000232916005189, 0.000105091938167, 0.000206206561415, 0.000259432359599, 0.000124019439681, 0.00011223826732, 0.000100390228909, 9.06581335585e-05, 0.000203989242436, 0.000101297300716, 6.95604976499e-05, 4.30474647146e-05, 3.26973786287e-05, 5.21499168826e-05, 3.32187955792e-05, 4.33732311649e-05, 6.00405182922e-05, 3.57811695721e-05, 2.238363777e-05, 2.08436904359e-05, 1.67742164194e-05, 2.12028044189e-05, 1.5605624867e-05, 1.08372232717e-05, 9.00791019376e-06, 7.40746736483e-06, 2.13532803173e-06, 2.17587830775e-06, 1.35205345941e-06, 1.83588906566e-06, 2.74513695331e-06, 1.85458372925e-06, 1.51157863115e-07, 1.49377825664e-07, 1.47831073605e-07, 1.46641284005e-07, 1.45900614257e-07],
        "mean": [1.95971824724e-05, 0.000152779772179, 0.000536852574442, 0.000860395492055, 0.000821613240987, 0.000644998799544, 0.00045991782099, 0.000364031555364, 0.000367325352272, 0.00043978105532, 0.000444888049969, 0.000347950874129, 0.000340281316312, 0.000265992101049, 0.000168870828929, 0.000103792102891, 8.4005012468e-05, 0.000109637556307, 0.000165367222507, 0.000156900743605, 0.000213009043364, 0.000269545940682, 0.000380272133043, 0.000603126070928, 0.000737670925446, 0.000869211682584, 0.001020213007, 0.000828989373986, 0.00061172246933, 0.000435086491052, 0.000417081435444, 0.000396690302296, 0.000347847962985, 0.000430327811046, 0.000310580857331, 0.000174502609298, 0.000151359578012, 0.000135809692438, 0.000117964795209, 0.000119356394862, 0.000125748614664, 0.000113932386739, 0.000119278847706, 0.000121908989968, 8.79680665093e-05, 6.46013140795e-05, 5.69087533222e-05, 5.05428033648e-05, 4.58282556792e-05, 4.09671847592e-05, 4.12594927184e-05, 4.29051615356e-05, 4.49063954875e-05, 4.21440818172e-05, 3.41727827617e-05, 3.34944488714e-05, 2.77798590105e-05, 2.86370868707e-05, 3.304870188e-05, 3.47611239704e-05, 4.65505872853e-05, 3.43888132193e-05, 3.18281672662e-05, 2.82508372038e-05, 1.5311576135e-05, 1.62288561114e-05, 1.37226879815e-05, 1.55171564984e-05, 1.42456074173e-05, 1.17550634968e-05, 1.203586271e-05, 1.12216466732e-05, 1.05697854451e-05, 1.03943912109e-05, 9.59061708272e-06, 1.19543765322e-05, 1.19517426356e-05, 8.46499187901e-06, 7.54816346671e-06, 7.26818916519e-06, 6.5027538767e-06, 6.63064702167e-06, 8.42367990117e-06, 6.44290093987e-06, 4.94029927722e-06, 4.77207231597e-06, 5.36271272722e-06, 4.28177872891e-06, 3.38757126883e-06, 3.24385996464e-06, 3.25460496242e-06, 3.56793771061e-06, 3.63661797564e-06, 3.91074308936e-06, 4.11200562667e-06, 3.13440114041e-06, 3.27211455442e-06, 3.22713253809e-06, 2.96996790894e-06, 2.7475796287e-06, 2.29068132285e-06, 2.01171042136e-06, 1.85458816304e-06, 1.44467026075e-06, 1.2183884337e-06, 9.67222149484e-07, 8.82886411091e-07, 7.6610740507e-07, 6.27396275377e-07, 5.39049267445e-07, 4.15494525896e-07, 3.17465065791e-07, 2.6291127142e-07, 2.11323211374e-07, 1.58678162165e-07, 1.1880541706e-07, 7.72631025825e-08, 3.53241560447e-08, 2.92327371199e-08, 1.89760509528e-08, 1.4645893387e-08, 1.21644916362e-08, 7.69347430207e-09, 2.39968406257e-10, 1.49632806146e-10, 1.48023857061e-10, 1.46800460676e-10, 1.46050754823e-10],
        "min": [7.05161493095e-15, 3.20293184675e-15, 7.05761510059e-16, 5.78503280063e-16, 1.58584356533e-15, 1.76259191873e-15, 8.29014756521e-16, 1.33305409964e-16, 4.42943809547e-16, 9.40695521221e-16, 8.1847131391e-16, 4.03341287024e-16, 1.32209825786e-16, 1.8241774344e-16, 3.67044469396e-16, 2.71317993774e-16, 8.86690235751e-17, 3.15595185254e-16, 5.41654488121e-16, 4.43026236441e-16, 4.39215329332e-16, 5.03170340256e-16, 4.63150309899e-16, 4.631622213e-16, 4.45992916399e-16, 3.00142816137e-16, 1.02128919737e-16, 7.51852384367e-17, 3.16947618938e-17, 9.53072274002e-17, 1.34239607896e-16, 1.62826096363e-16, 1.5137614321e-16, 5.16510897417e-17, 9.6731691972e-17, 1.78777976691e-16, 4.37353815612e-16, 5.51049671693e-16, 4.30270476121e-16, 2.20701687127e-16, 2.58134852393e-16, 5.6876711279e-16, 2.50649251661e-16, 1.515058716e-16, 3.40806009199e-16, 2.08564697609e-16, 2.22836421912e-16, 2.14721316882e-16, 7.10829255242e-17, 1.39508338116e-16, 2.21910601666e-16, 3.13516645811e-16, 2.89715972905e-16, 7.87345711835e-16, 9.17639707913e-16, 5.82463423789e-16, 2.92112255583e-16, 5.88794359795e-16, 2.17707346249e-16, 2.80426244935e-16, 3.06360249728e-16, 1.57778891728e-16, 1.34855705251e-16, 2.41620065732e-16, 2.3789121494e-16, 2.88317097993e-16, 8.07305513841e-16, 4.49669886423e-16, 2.15002293592e-16, 3.07309773662e-16, 2.75456411466e-16, 5.90544951904e-17, 2.10768822922e-16, 2.41288717031e-16, 1.09103005213e-16, 1.34125906957e-16, 5.00967948714e-16, 4.04127545357e-16, 6.94120603916e-17, 7.03903371235e-17, 1.93401550539e-16, 2.72727800706e-16, 4.77493224674e-16, 2.02850401589e-16, 1.99374310722e-16, 3.13206419994e-16, 2.92638924788e-16, 4.89966896554e-16, 2.61592202655e-16, 3.09362955056e-16, 1.23837394794e-16, 2.00334740205e-16, 1.77647081827e-16, 7.29698078813e-16, 8.30862188319e-16, 3.0493199336e-16, 5.91997044308e-16, 3.73997021707e-16, 4.01453144706e-16, 2.76662506974e-16, 1.33676728032e-16, 1.78688932352e-16, 7.05388127347e-16, 5.27541913368e-16, 3.63028289147e-16, 3.36692023113e-16, 5.32106944498e-16, 2.95497608045e-16, 1.24861881143e-16, 2.2600609861e-16, 4.5064905651e-16, 2.09076927549e-16, 1.83937783768e-16, 1.31845204572e-16, 2.09473100741e-16, 2.91966592386e-16, 3.08588661064e-16, 1.71685081609e-16, 4.00154854956e-16, 5.59640597482e-16, 3.45923411689e-16, 1.2015322499e-16, 3.35016565474e-16, 3.9951542449e-16, 3.83305357931e-16, 1.82523490209e-16, 1.28717666109e-17, 7.8435923e-19],
        "stdev": [4.21732911491e-05, 0.000317108730087, 0.00124595069792, 0.00216361391358, 0.00205816072412, 0.00148491130676, 0.00101193634328, 0.00132539286278, 0.00121847179253, 0.00154094211757, 0.00138446304481, 0.0010731666116, 0.00139734649565, 0.0010176866781, 0.000732916465495, 0.000376652489649, 0.000269606447546, 0.000389771535993, 0.000645919062663, 0.000388288142858, 0.000493235827889, 0.000717000220902, 0.000686621817295, 0.000967698520981, 0.00098430190701, 0.00113005342428, 0.00184778869152, 0.00103586772457, 0.000719228584785, 0.000581355881877, 0.00056701694848, 0.000699168187566, 0.000687191670295, 0.000681367295329, 0.000570552889258, 0.000291170523269, 0.000335513730533, 0.000262234156253, 0.000186112214578, 0.000174027663888, 0.000173372172867, 0.000141687356518, 0.000153448243509, 0.000140536081744, 8.77435013535e-05, 6.49381399853e-05, 6.00943858444e-05, 5.13289087394e-05, 5.10353675054e-05, 3.63282197213e-05, 3.82574835385e-05, 3.90330897062e-05, 6.03911503276e-05, 5.7374334574e-05, 3.20318977174e-05, 3.6248453398e-05, 2.92580698442e-05, 2.99933399219e-05, 4.09637323173e-05, 4.08965934184e-05, 7.7145807154e-05, 4.516550689e-05, 3.15959223371e-05, 3.51920280082e-05, 1.51328904394e-05, 1.87709647435e-05, 1.35545287776e-05, 1.85990556929e-05, 1.60815598065e-05, 1.33637877298e-05, 1.48669796545e-05, 1.5975894712e-05, 1.47517212099e-05, 1.44280702443e-05, 1.38998166221e-05, 1.71252377186e-05, 1.64557659446e-05, 1.11850922622e-05, 1.06694042188e-05, 1.18771822599e-05, 1.0237132301e-05, 9.93121830106e-06, 1.81243194675e-05, 1.05135277408e-05, 7.58742544349e-06, 7.66484936321e-06, 1.07821251731e-05, 6.71753969073e-06, 5.22555455973e-06, 5.60023636353e-06, 6.07551783105e-06, 9.97473034658e-06, 8.56560927787e-06, 1.04016990008e-05, 1.40957818076e-05, 8.36749495647e-06, 8.55883808981e-06, 6.89944408805e-06, 6.93081619829e-06, 9.32009425014e-06, 6.47969318379e-06, 5.19550803801e-06, 3.84332224712e-06, 2.90844741357e-06, 2.75768593383e-06, 2.05490232474e-06, 2.00259046323e-06, 2.25355279326e-06, 1.59926617016e-06, 1.32324043989e-06, 1.0708102991e-06, 9.15992984574e-07, 1.11831241156e-06, 8.45862814458e-07, 6.41092469778e-07, 5.10237157414e-07, 3.60304284186e-07, 1.56494152748e-07, 1.43087504512e-07, 9.413455615e-08, 8.840800092e-08, 1.10021915134e-07, 7.96898973476e-08, 4.78422101935e-09, 4.66565763801e-09, 4.61736826551e-09, 4.5802122095e-09, 4.55706405944e-09]
    },
    "mfcc": {
        "mean": [-599.226867676, 78.63621521, -39.3848800659, -18.7838497162, -20.0304489136, -7.22940158844, 1.1163328886, 10.1915493011, 4.33201408386, 1.72458207607, 0.0359831228852, -5.39800834656, -8.40873718262],
        "cov": [[3457.22729492, 164.558227539, 1109.24194336, 759.119506836, 397.814880371, 565.075500488, 374.62109375, -73.7147750854, 42.5325126648, -12.4023790359, -175.497406006, 29.2933998108, 60.7993125916], [164.558227539, 435.204101562, 237.832687378, 161.54624939, 31.6280155182, 42.7040672302, 73.3335266113, -1.4824411869, 35.6558265686, 12.4916286469, -21.9450263977, 55.5301780701, 20.0061893463], [1109.24194336, 237.832687378, 1480.49475098, 992.1953125, 516.641540527, 617.230834961, 395.967254639, -101.11541748, 42.3025131226, -29.9071865082, -196.094009399, 98.8980636597, 99.8061141968], [759.119506836, 161.54624939, 992.1953125, 813.897644043, 413.425445557, 474.886291504, 273.816253662, -86.3066101074, 29.1049556732, -13.1271934509, -118.474075317, 64.7271499634, 64.9855957031], [397.814880371, 31.6280155182, 516.641540527, 413.425445557, 281.324859619, 278.876678467, 167.130187988, -43.7371864319, 18.0478210449, -2.68110513687, -62.9010238647, 29.0189304352, 33.1781158447], [565.075500488, 42.7040672302, 617.230834961, 474.886291504, 278.876678467, 392.322052002, 247.816131592, -23.5088939667, 29.1245594025, -4.57806777954, -74.0421981812, 33.4315223694, 39.0629386902], [374.62109375, 73.3335266113, 395.967254639, 273.816253662, 167.130187988, 247.816131592, 232.70022583, 22.0186424255, 35.7499771118, 4.07248449326, -50.7893600464, 32.3542747498, 26.61028862], [-73.7147750854, -1.4824411869, -101.11541748, -86.3066101074, -43.7371864319, -23.5088939667, 22.0186424255, 86.4912185669, 33.825428009, 21.6901683807, 28.0878810883, -0.955979943275, -8.86967468262], [42.5325126648, 35.6558265686, 42.3025131226, 29.1049556732, 18.0478210449, 29.1245594025, 35.7499771118, 33.825428009, 65.4344711304, 33.0743255615, 7.44870758057, 3.45315504074, -3.36217784882], [-12.4023790359, 12.4916286469, -29.9071865082, -13.1271934509, -2.68110513687, -4.57806777954, 4.07248449326, 21.6901683807, 33.0743255615, 63.0169639587, 31.9329605103, 4.8885307312, -6.06341171265], [-175.497406006, -21.9450263977, -196.094009399, -118.474075317, -62.9010238647, -74.0421981812, -50.7893600464, 28.0878810883, 7.44870758057, 31.9329605103, 80.9364776611, 5.09859418869, -13.3098392487], [29.2933998108, 55.5301780701, 98.8980636597, 64.7271499634, 29.0189304352, 33.4315223694, 32.3542747498, -0.955979943275, 3.45315504074, 4.8885307312, 5.09859418869, 59.1183319092, 25.8356704712], [60.7993125916, 20.0061893463, 99.8061141968, 64.9855957031, 33.1781158447, 39.0629386902, 26.61028862, -8.86967468262, -3.36217784882, -6.06341171265, -13.3098392487, 25.8356704712, 50.878036499]],
        "icov": [[0.00040565841482, -4.37420567323e-05, -0.000194954453036, 4.16199909523e-05, 0.000216836691834, -0.000383630394936, -0.000116769268061, 0.000177296853508, 1.10726941784e-05, -0.000196834807866, 0.000193040003069, 0.00030598527519, -2.07679531741e-05], [-4.37420567323e-05, 0.00352072925307, -0.000268381932983, -0.00182722730096, 0.00196735630743, 0.00263088499196, -0.00214770855382, 0.000761034258176, -0.00166845694184, -0.000102004087239, 0.000293859513476, -0.00228054495528, 0.000593835953623], [-0.000194954453036, -0.000268381932983, 0.00536737078801, -0.00439375033602, -0.000221453010454, -0.000691871857271, -0.00111011799891, 0.000465115532279, -0.000771778461058, -0.000317860452924, 0.00466120801866, -0.00271552498452, -0.000731719715986], [4.16199909523e-05, -0.00182722730096, -0.00439375033602, 0.0120903896168, -0.00610674452037, -0.00592754967511, 0.00388519768603, 0.00188649934717, -0.000278896128293, 0.000277290295344, -0.00180791912135, 0.0001501388615, 0.000140593823744], [0.000216836691834, 0.00196735630743, -0.000221453010454, -0.00610674452037, 0.0187506061047, -0.00424099573866, -0.00238436716609, 0.00369128026068, -0.00138294696808, -0.0017541279085, 0.000261029839749, -0.000113054244139, -5.37659216207e-05], [-0.000383630394936, 0.00263088499196, -0.000691871857271, -0.00592754967511, -0.00424099573866, 0.0218777861446, -0.0134471021593, 0.00108034710865, -0.000371521455236, 0.00134965439793, -0.00336762634106, 0.00296225468628, -0.000706786755472], [-0.000116769268061, -0.00214770855382, -0.00111011799891, 0.00388519768603, -0.00238436716609, -0.0134471021593, 0.0208899155259, -0.00925263110548, 0.000391644774936, -0.000943991413806, 0.00501934438944, -0.00381376920268, 0.000702663557604], [0.000177296853508, 0.000761034258176, 0.000465115532279, 0.00188649934717, 0.00369128026068, 0.00108034710865, -0.00925263110548, 0.0243177618831, -0.0107786543667, 0.00135621067602, -0.00552064739168, 0.000482351228129, -0.000230832636589], [1.10726941784e-05, -0.00166845694184, -0.000771778461058, -0.000278896128293, -0.00138294696808, -0.000371521455236, 0.000391644774936, -0.0107786543667, 0.0289335232228, -0.0129237258807, 0.00241515785456, 0.0021641284693, 0.00152092124335], [-0.000196834807866, -0.000102004087239, -0.000317860452924, 0.000277290295344, -0.0017541279085, 0.00134965439793, -0.000943991413806, 0.00135621067602, -0.0129237258807, 0.0282142665237, -0.0118521200493, 0.000201078481041, 0.000688252563123], [0.000193040003069, 0.000293859513476, 0.00466120801866, -0.00180791912135, 0.000261029839749, -0.00336762634106, 0.00501934438944, -0.00552064739168, 0.00241515785456, -0.0118521200493, 0.0293500497937, -0.0104097034782, 0.00335811497644], [0.00030598527519, -0.00228054495528, -0.00271552498452, 0.0001501388615, -0.000113054244139, 0.00296225468628, -0.00381376920268, 0.000482351228129, 0.0021641284693, 0.000201078481041, -0.0104097034782, 0.0298274420202, -0.0121580408886], [-2.07679531741e-05, 0.000593835953623, -0.000731719715986, 0.000140593823744, -5.37659216207e-05, -0.000706786755472, 0.000702663557604, -0.000230832636589, 0.00152092124335, 0.000688252563123, 0.00335811497644, -0.0121580408886, 0.0281067695469]]
    },
    "spectral_contrast_coeffs": {
        "max": [-0.507740080357, -0.558084964752, -0.535541534424, -0.678295016289, -0.689099907875, -0.653325915337],
        "mean": [-0.732344388962, -0.751667320728, -0.751784443855, -0.816920995712, -0.786191403866, -0.7713971138],
        "min": [-0.976314783096, -0.980375289917, -0.943001508713, -0.957379817963, -0.944962322712, -0.94131565094],
        "stdev": [0.0619456805289, 0.0669893100858, 0.058983091265, 0.0317891277373, 0.0304275657982, 0.0291209314018]
    },
    "spectral_contrast_valleys": {
        "max": [-5.28631162643, -4.77616691589, -4.9569940567, -5.78930807114, -5.799243927, -7.38642787933],
        "mean": [-7.83030509949, -6.48295783997, -6.16535282135, -6.5981464386, -6.84796619415, -9.33412647247],
        "min": [-18.9770202637, -19.1432247162, -19.9379863739, -19.2501544952, -18.9111557007, -20.123500824],
        "stdev": [1.52613329887, 0.698661804199, 0.74001789093, 0.647204577923, 0.660250008106, 0.758750557899]
    }
},
"rhythm": {
    "beats_count": 52,
    "beats_loudness": {
        "max": 0.0604870431125,
        "mean": 0.0311856102198,
        "min": 0.003873226,
        "stdev": 0.0144620873034
    },
    "bpm": 156.605148315,
    "bpm_histogram_first_peak_bpm": 157,
    "bpm_histogram_first_peak_weight": 0.318181872368,
    "bpm_histogram_second_peak_bpm": 123,
    "bpm_histogram_second_peak_spread": 0.400000035763,
    "bpm_histogram_second_peak_weight": 0.235294118524,
    "danceability": 0.998429477215,
    "onset_rate": 1.13665008545,
    "beats_loudness_band_ratio": {
        "max": [0.805967628956, 0.384635090828, 0.678797006607, 0.660488605499, 0.321461051702, 0.350309401751],
        "mean": [0.109863109887, 0.0600407272577, 0.32345944643, 0.349993228912, 0.133200779557, 0.072009049356],
        "min": [0.000134440517286, 0.00133020489011, 0.00974426232278, 0.0177604742348, 0.00804079137743, 0.00780686317012],
        "stdev": [0.191924721003, 0.098172724247, 0.167532175779, 0.14962823689, 0.0701532661915, 0.0671279281378]
    },
    "beats_position": [0.46439909935, 0.940408170223, 1.4164172411, 1.89242625237, 2.36843538284, 2.85605430603, 3.35528349876, 3.85451245308, 4.34213161469, 4.82975053787, 5.31736946106, 5.80498838425, 6.29260778427, 6.78022670746, 7.25623559952, 7.73224496841, 8.2198638916, 8.70748329163, 9.21832180023, 9.72916126251, 10.2516098022, 10.774058342, 11.2965078354, 11.8189563751, 12.3297958374, 12.840634346, 13.3514738083, 13.8390922546, 14.3267116547, 14.8143310547, 15.1858501434, 15.5573692322, 15.9288883209, 16.3004074097, 16.6719264984, 17.0550556183, 17.426574707, 17.7980957031, 18.181224823, 18.5643539429, 18.9474830627, 19.3306121826, 19.7137413025, 20.0968704224, 20.4799995422, 20.8631286621, 21.246257782, 21.6293869019, 22.0125160217, 22.3956451416, 22.7787742615, 23.1619052887],
