{
"metadata": {
    "version": {
        "essentia": "2.1-beta5",
        "essentia_git_sha": "Undefined",
        "extractor": "music 2.0"
    },
    "audio_properties": {
        "analysis": {
            "equal_loudness": 0,
            "length": 48.7502937317,
            "sample_rate": 44100,
            "start_time": 12.7477550507,
            "downmix": "mix"
        },
        "bit_rate": 192000,
        "length": 187.82623291,
        "lossless": 0,
        "number_channels": 2,
        "replay_gain": -0.781103134155,
        "sample_rate": 48000,
        "codec": "mp3",
        "md5_encoded": "fb71648da213d2364f41ed0b1e543f3f"
    },
    "tags": {
        "file_name": "Malta_I Do_Fabrizio Faniello.mp3",
        "encoding": ["Lavf58.29.100"]
    }
},
"lowlevel": {
    "average_loudness": 0.945134818554,
    "barkbands_crest": {
        "max": 25.7214584351,
        "mean": 12.044426918,
        "min": 2.92824244499,
        "stdev": 5.38072252274
    },
    "barkbands_flatness_db": {
        "max": 0.270709723234,
        "mean": 0.11562679708,
        "min": 0.0168334953487,
        "stdev": 0.0470889024436
    },
    "barkbands_kurtosis": {
        "max": 91.9019699097,
        "mean": 5.38710260391,
        "min": -1.94156289101,
        "stdev": 9.03450202942
    },
    "barkbands_skewness": {
        "max": 9.23650169373,
        "mean": 1.75062119961,
        "min": -2.29726362228,
        "stdev": 1.30534696579
    },
    "barkbands_spread": {
        "max": 113.285827637,
        "mean": 26.730463028,
        "min": 2.41140913963,
        "stdev": 17.9994335175
    },
    "dissonance": {
        "max": 0.499986380339,
        "mean": 0.458886772394,
        "min": 0.291643798351,
        "stdev": 0.0330221578479
    },
    "dynamic_complexity": 2.71964049339,
    "erbbands_crest": {
        "max": 30.4881248474,
        "mean": 9.67758846283,
        "min": 2.32064199448,
        "stdev": 5.6578707695
    },
    "erbbands_flatness_db": {
        "max": 0.290698796511,
        "mean": 0.12116446346,
        "min": 0.04096852988,
        "stdev": 0.0471277013421
    },
    "erbbands_kurtosis": {
        "max": 45.8431549072,
        "mean": 1.72505092621,
        "min": -1.67210435867,
        "stdev": 3.91220664978
    },
    "erbbands_skewness": {
        "max": 5.64002609253,
        "mean": 0.64788633585,
        "min": -3.14642357826,
        "stdev": 0.92544901371
    },
    "erbbands_spread": {
        "max": 133.784759521,
        "mean": 43.3155860901,
        "min": 3.12955260277,
        "stdev": 24.5528678894
    },
    "hfc": {
        "max": 348.685150146,
        "mean": 33.184967041,
        "min": 1.3863350153,
        "stdev": 29.7921123505
    },
    "loudness_ebu128": {
        "integrated": -21.5035037994,
        "loudness_range": 5.32956123352,
        "momentary": {
            "max": -18.886505127,
            "mean": -22.1355018616,
            "min": -30.2929458618,
            "stdev": 2.62490415573
        },
        "short_term": {
            "max": -19.6797504425,
            "mean": -21.9479045868,
            "min": -26.0618743896,
            "stdev": 2.08652949333
        }
    },
    "melbands_crest": {
        "max": 34.4827880859,
        "mean": 17.0027313232,
        "min": 4.25306081772,
        "stdev": 6.90672254562
    },
    "melbands_flatness_db": {
        "max": 0.379477858543,
        "mean": 0.197591289878,
        "min": 0.0363912992179,
        "stdev": 0.0613013133407
    },
    "melbands_kurtosis": {
        "max": 302.399291992,
        "mean": 19.3828716278,
        "min": -1.66809237003,
        "stdev": 30.7427330017
    },
    "melbands_skewness": {
        "max": 14.3683662415,
        "mean": 2.99089169502,
        "min": -1.35478293896,
        "stdev": 2.31453585625
    },
    "melbands_spread": {
        "max": 202.740020752,
        "mean": 22.1425075531,
        "min": 1.43065428734,
        "stdev": 16.5007247925
    },
    "pitch_salience": {
        "max": 0.819847643375,
        "mean": 0.488070875406,
        "min": 0.0684208795428,
        "stdev": 0.148848727345
    },
    "silence_rate_20dB": {
        "max": 1,
        "mean": 1,
        "min": 1,
        "stdev": 0
    },
    "silence_rate_30dB": {
        "max": 1,
        "mean": 0.993336498737,
        "min": 0,
        "stdev": 0.0813585147262
    },
    "silence_rate_60dB": {
        "max": 1,
        "mean": 0.00523560214788,
        "min": 0,
        "stdev": 0.0721691846848
    },
    "spectral_centroid": {
        "max": 4806.12548828,
        "mean": 1294.2845459,
        "min": 361.611907959,
        "stdev": 607.23638916
    },
    "spectral_complexity": {
        "max": 51,
        "mean": 19.4826278687,
        "min": 1,
        "stdev": 8.37133312225
    },
    "spectral_decrease": {
        "max": -3.48364975755e-10,
        "mean": -1.02443795669e-08,
        "min": -3.31907550333e-08,
        "stdev": 6.80674627773e-09
    },
    "spectral_energy": {
        "max": 0.133670061827,
        "mean": 0.0416746847332,
        "min": 0.0015380193945,
        "stdev": 0.0267779007554
    },
    "spectral_energyband_high": {
        "max": 0.0380129255354,
        "mean": 0.00193935341667,
        "min": 1.2132516531e-05,
        "stdev": 0.00289339828305
    },
    "spectral_energyband_low": {
        "max": 0.118023149669,
        "mean": 0.020358832553,
        "min": 0.00013757191482,
        "stdev": 0.0230462104082
    },
    "spectral_energyband_middle_high": {
        "max": 0.0847132280469,
        "mean": 0.00669076992199,
        "min": 0.000148286344483,
        "stdev": 0.00848362594843
    },
    "spectral_energyband_middle_low": {
        "max": 0.125123947859,
        "mean": 0.0138659197837,
        "min": 0.000281070359051,
        "stdev": 0.0134324384853
    },
    "spectral_entropy": {
        "max": 8.92325592041,
        "mean": 7.84309720993,
        "min": 6.44794178009,
        "stdev": 0.442402780056
    },
    "spectral_flux": {
        "max": 0.335144937038,
        "mean": 0.102072432637,
        "min": 0.0202463790774,
        "stdev": 0.047168277204
    },
    "spectral_kurtosis": {
        "max": 19.4864234924,
        "mean": 3.70739459991,
        "min": -0.920369625092,
        "stdev": 2.9628405571
    },
    "spectral_rms": {
        "max": 0.0114197116345,
        "mean": 0.0060079083778,
        "min": 0.00122495170217,
        "stdev": 0.00213618692942
    },
    "spectral_rolloff": {
        "max": 12575.390625,
        "mean": 1421.53381348,
        "min": 64.599609375,
        "stdev": 1718.13110352
    },
    "spectral_skewness": {
        "max": 3.5176358223,
        "mean": 1.62973558903,
        "min": 0.134910658002,
        "stdev": 0.535382986069
    },
    "spectral_spread": {
        "max": 16986010,
        "mean": 6558862.5,
        "min": 2380950.75,
        "stdev": 2021859.875
    },
    "spectral_strongpeak": {
        "max": 9.73913669586,
        "mean": 1.11316096783,
        "min": 0,
        "stdev": 1.36212849617
    },
    "zerocrossingrate": {
        "max": 0.33447265625,
        "mean": 0.070518411696,
        "min": 0.005859375,
        "stdev": 0.0421687737107
    },
    "barkbands": {
        "max": [0.00471093738452, 0.112778298557, 0.0753312110901, 0.0599002093077, 0.0801923125982, 0.0314197726548, 0.0237877462059, 0.0833172574639, 0.114141218364, 0.0621496327221, 0.0449125021696, 0.0231877770275, 0.0159884449095, 0.0309386067092, 0.00805778894573, 0.00954828318208, 0.00349228666164, 0.0122861303389, 0.00426006875932, 0.00584511132911, 0.00339114642702, 0.00324343703687, 0.00768086360767, 0.0112546309829, 0.0113229230046, 0.00694474857301, 0.000678786484059],
        "mean": [0.000591672142036, 0.0152210239321, 0.00376232899725, 0.0014487921726, 0.00284050009213, 0.00129065162037, 0.00118442089297, 0.00409195898101, 0.00231285928749, 0.00198694248684, 0.00137507007457, 0.000906642177142, 0.00060407986166, 0.000536559906323, 0.000421726726927, 0.000329334579874, 0.000283779401798, 0.000225931275054, 0.00020808444242, 0.000214617684833, 0.000170282233739, 0.000264174072072, 0.000331113580614, 0.000431983207818, 0.000443749973783, 0.000162202806678, 3.41921768268e-05],
        "min": [1.22556429005e-07, 1.4415858459e-05, 4.67419340566e-06, 2.96499752039e-06, 1.70849089045e-05, 3.23353219756e-06, 2.68243297796e-06, 6.80193716107e-06, 8.59100236994e-06, 3.70604584532e-06, 7.97628672444e-06, 5.75455032958e-06, 5.04274203195e-06, 6.14266537013e-06, 5.53330119146e-06, 7.07286335455e-06, 5.27914789927e-06, 4.73628324471e-06, 3.86047213397e-06, 2.98726467918e-06, 1.61032801316e-06, 1.30343823912e-06, 1.39690087053e-06, 1.53523888002e-06, 1.06116681309e-06, 2.87878918925e-07, 1.08561577505e-08],
        "stdev": [0.000739498413168, 0.0200294349343, 0.00820837542415, 0.00353857898153, 0.00374537543394, 0.00237412867136, 0.00211419072002, 0.00926870945841, 0.00516838161275, 0.00495924102142, 0.00345864566043, 0.00188848585822, 0.00111381069291, 0.00115137582179, 0.00063295813743, 0.000554319180083, 0.000379528821213, 0.000406405975809, 0.00027551423409, 0.000289923424134, 0.000237952132011, 0.0003553868155, 0.000574447272811, 0.000806771917269, 0.000773578591179, 0.000294353754725, 4.98489716847e-05]
    },
    "erbbands": {
        "max": [4.66080141068, 23.8604393005, 74.5807266235, 129.509963989, 134.128677368, 330.947692871, 262.801818848, 322.071929932, 322.293518066, 861.112548828, 2277.04125977, 2100.30615234, 2157.05297852, 1873.64489746, 1176.3536377, 938.751098633, 623.816223145, 1796.05029297, 459.916015625, 378.711669922, 465.92767334, 230.766662598, 791.454833984, 185.008865356, 262.02822876, 250.648300171, 214.005966187, 125.570449829, 121.337387085, 232.947250366, 207.796127319, 191.997711182, 221.596878052, 199.1978302, 72.9410705566, 39.3806419373, 10.6680984497, 1.13904345036, 0.110384754837, 0.00412412080914],
        "mean": [0.446254402399, 3.3114593029, 5.16103124619, 4.62952756882, 5.02781105042, 11.8374166489, 13.8441743851, 8.58713340759, 10.6909532547, 44.2582244873, 92.9845504761, 54.0745124817, 56.8443489075, 67.6503753662, 42.1251487732, 38.9546775818, 29.1541080475, 30.116191864, 22.8791465759, 19.4803371429, 17.6227245331, 15.4250478745, 13.0809316635, 11.2288351059, 10.7303962708, 9.44888305664, 7.13349294662, 7.27571868896, 9.92901802063, 8.45491313934, 9.80061817169, 8.523188591, 7.58852243423, 5.52252674103, 2.82369732857, 0.926142930984, 0.265659928322, 0.045992847532, 0.00705095287412, 0.000295451842248],
        "min": [0.000456250534626, 0.00558743951842, 0.0131467403844, 0.0487599000335, 0.0398449711502, 0.0572815164924, 0.0291272532195, 0.0478818975389, 0.111480563879, 0.203244388103, 0.413717716932, 0.205883219838, 0.25169891119, 0.222922325134, 0.23853674531, 0.415139436722, 0.273740112782, 0.29464033246, 0.461617290974, 0.366419255733, 0.59825438261, 0.314021915197, 0.333428233862, 0.281173765659, 0.203526765108, 0.155319035053, 0.0669173896313, 0.0576294437051, 0.046970885247, 0.0599047131836, 0.0446154624224, 0.027636859566, 0.0241161957383, 0.0147718656808, 0.00511632161215, 0.00188338907901, 0.000413681787904, 8.51395525387e-05, 5.30550914846e-06, 3.17704757435e-06],
        "stdev": [0.590847611427, 4.80665302277, 10.3282175064, 9.5259180069, 8.76821899414, 16.5244789124, 22.3618125916, 16.171546936, 18.1626243591, 89.7031478882, 218.67590332, 110.102676392, 131.122085571, 165.264328003, 87.672454834, 80.178855896, 49.9289207458, 62.9611930847, 34.0011978149, 28.9073257446, 26.0240764618, 20.7731113434, 24.4030761719, 14.959980011, 13.4964723587, 12.797955513, 10.5109558105, 9.96812152863, 13.3999853134, 13.1328792572, 17.3408298492, 15.0924596786, 14.599606514, 10.6942605972, 4.61821746826, 1.61721885204, 0.507329344749, 0.0790014266968, 0.00984626822174, 0.000347744295141]
    },
    "gfcc": {
        "mean": [45.3682479858, 63.2171440125, -88.2250442505, 16.9808292389, -50.9398880005, 26.0312805176, -32.5726280212, 19.3760509491, -18.6093196869, 5.46172952652, -14.3010520935, 1.80387926102, -9.92612743378],
        "cov": [[2577.46142578, -965.035339355, 169.781280518, 181.727096558, -282.002807617, 150.57711792, 48.7481765747, -19.0245857239, -20.0606441498, 52.9851074219, -81.7139816284, -42.7493057251, -84.7390670776], [-965.035339355, 932.918457031, -247.192703247, -280.550262451, 90.2440719604, -122.442428589, 30.563999176, -3.15832138062, 17.1322631836, -56.4888420105, 37.3509559631, -20.6994915009, 12.6733007431], [169.781280518, -247.192703247, 499.020111084, 148.445526123, 39.3918952942, 42.6841926575, -42.6664123535, 36.9235877991, 40.6882400513, 46.5560760498, 27.2970542908, 53.6520843506, 6.2563495636], [181.727096558, -280.550262451, 148.445526123, 423.53326416, 53.590637207, 45.649055481, -27.0011329651, -1.11646950245, 51.0743560791, 34.7929267883, -2.23897480965, 13.3494606018, 0.61560177803], [-282.002807617, 90.2440719604, 39.3918952942, 53.590637207, 238.507049561, 40.1784095764, 38.9171981812, 11.847158432, 19.8512973785, 21.0882320404, 30.3250808716, 36.9181594849, 27.2774066925], [150.57711792, -122.442428589, 42.6841926575, 45.649055481, 40.1784095764, 215.625289917, 124.078155518, 32.6744804382, -35.9091720581, 10.6440792084, 1.73918604851, 20.0861244202, 6.66298246384], [48.7481765747, 30.563999176, -42.6664123535, -27.0011329651, 38.9171981812, 124.078155518, 195.88269043, 35.030002594, -0.0157761387527, 2.23838949203, 6.93376255035, 12.7265281677, 3.1168346405], [-19.0245857239, -3.15832138062, 36.9235877991, -1.11646950245, 11.847158432, 32.6744804382, 35.030002594, 149.974761963, 79.2071304321, 33.1619529724, 1.23686110973, 1.35449266434, 8.4293088913], [-20.0606441498, 17.1322631836, 40.6882400513, 51.0743560791, 19.8512973785, -35.9091720581, -0.0157761387527, 79.2071304321, 154.264724731, 53.7121315002, 16.1458702087, -9.61807346344, 3.60952043533], [52.9851074219, -56.4888420105, 46.5560760498, 34.7929267883, 21.0882320404, 10.6440792084, 2.23838949203, 33.1619529724, 53.7121315002, 83.3916397095, 36.4298095703, 6.81447696686, 4.08627033234], [-81.7139816284, 37.3509559631, 27.2970542908, -2.23897480965, 30.3250808716, 1.73918604851, 6.93376255035, 1.23686110973, 16.1458702087, 36.4298095703, 93.1821670532, 41.7132873535, 19.9866657257], [-42.7493057251, -20.6994915009, 53.6520843506, 13.3494606018, 36.9181594849, 20.0861244202, 12.7265281677, 1.35449266434, -9.61807346344, 6.81447696686, 41.7132873535, 85.4270782471, 39.981212616], [-84.7390670776, 12.6733007431, 6.2563495636, 0.61560177803, 27.2774066925, 6.66298246384, 3.1168346405, 8.4293088913, 3.60952043533, 4.08627033234, 19.9866657257, 39.981212616, 68.2973556519]],
        "icov": [[0.000774075684603, 0.00074497924652, -6.05101058682e-06, 0.000125064878375, 0.000633286428638, -0.00011789038399, -0.000421311124228, 0.000356571894372, -0.000254521990428, -0.000284180190647, 0.000256428931607, -9.62481772149e-06, 0.000516449799761], [0.00074497924652, 0.00272828759626, 0.000511030433699, 0.00115850311704, -0.000609312555753, 0.000974042457528, -0.000907833047677, 0.000176993446075, -0.000891485775355, 0.00163747824263, -0.00129683467094, 0.000963617756497, 0.00029327053926], [-6.05101058682e-06, 0.000511030433699, 0.00285893841647, -0.000298397761071, -0.000392267189454, -0.000742149306461, 0.0012483864557, -0.000443166645709, -0.000679990975186, -0.000162463824381, -0.000180576098501, -0.0019579406362, 0.00110993720591], [0.000125064878375, 0.00115850311704, -0.000298397761071, 0.00371953006834, -0.00101316883229, -0.00108182663098, 0.000869474606588, 0.00132924178615, -0.0022864039056, 0.00051638786681, 0.000251223653322, -6.94715490681e-05, 0.000297556514852], [0.000633286428638, -0.000609312555753, -0.000392267189454, -0.00101316883229, 0.00617893971503, -0.00109208875801, -0.000836538965814, 0.00071999267675, -0.000390544912079, -0.00167832558509, 0.000526512973011, -0.00164042424876, -0.000540810346138], [-0.00011789038399, 0.000974042457528, -0.000742149306461, -0.00108182663098, -0.00109208875801, 0.0110822366551, -0.00672265607864, -0.0030058179982, 0.00533558707684, -0.00156208639964, -0.000160816140124, 0.000962737423833, -0.000921546597965], [-0.000421311124228, -0.000907833047677, 0.0012483864557, 0.000869474606588, -0.000836538965814, -0.00672265607864, 0.0103118298575, -0.000303145876387, -0.00242439028807, 0.00126847508363, -0.00026840576902, -0.00176551635377, 0.00124462076928], [0.000356571894372, 0.000176993446075, -0.000443166645709, 0.00132924178615, 0.00071999267675, -0.0030058179982, -0.000303145876387, 0.0113947568461, -0.00678339600563, -0.00127669982612, 0.00233355932869, -0.000949379289523, -0.000640889804345], [-0.000254521990428, -0.000891485775355, -0.000679990975186, -0.0022864039056, -0.000390544912079, 0.00533558707684, -0.00242439028807, -0.00678339600563, 0.0147471558303, -0.00638788752258, -0.000469578080811, 0.00289703300223, -0.00143987033516], [-0.000284180190647, 0.00163747824263, -0.000162463824381, 0.00051638786681, -0.00167832558509, -0.00156208639964, 0.00126847508363, -0.00127669982612, -0.00638788752258, 0.0222031846642, -0.00939859449863, 0.00323117268272, 0.000144238190842], [0.000256428931607, -0.00129683467094, -0.000180576098501, 0.000251223653322, 0.000526512973011, -0.000160816140124, -0.00026840576902, 0.00233355932869, -0.000469578080811, -0.00939859449863, 0.0191078335047, -0.00914249289781, 0.000450119230663], [-9.62481772149e-06, 0.000963617756497, -0.0019579406362, -6.94715490681e-05, -0.00164042424876, 0.000962737423833, -0.00176551635377, -0.000949379289523, 0.00289703300223, 0.00323117268272, -0.00914249289781, 0.0234539601952, -0.0106526585296], [0.000516449799761, 0.00029327053926, 0.00110993720591, 0.000297556514852, -0.000540810346138, -0.000921546597965, 0.00124462076928, -0.000640889804345, -0.00143987033516, 0.000144238190842, 0.000450119230663, -0.0106526585296, 0.0216238573194]]
    },
    "melbands": {
        "max": [0.0362424552441, 0.0296127907932, 0.0219469889998, 0.0183980707079, 0.00759289879352, 0.00619431491941, 0.00516815856099, 0.0112648354843, 0.0219818186015, 0.0113757541403, 0.0110962949693, 0.00730063254014, 0.00386135256849, 0.0025972854346, 0.00358272902668, 0.000857338076457, 0.00387636153027, 0.000731776992325, 0.000787861004937, 0.000879636791069, 0.000464377721073, 0.000223949216888, 0.000834497914184, 0.000438995746663, 0.000150562947965, 0.000201437913347, 0.000240053821472, 0.000144753721543, 0.000162767348229, 6.88336876919e-05, 7.41967378417e-05, 6.56900083413e-05, 7.84955336712e-05, 0.000155179819558, 0.000129835432745, 0.000115332579298, 0.000114318718261, 0.000161143572768, 0.000174520362634, 0.000163677992532],
        "mean": [0.0041623506695, 0.00323236407712, 0.000804046459962, 0.000583719694987, 0.000514790066518, 0.000199764079298, 0.000186081771972, 0.000563107081689, 0.00075565703446, 0.000314703851473, 0.000280586857116, 0.000272938108537, 0.000156053356477, 0.000100952136563, 9.04719272512e-05, 5.60301887162e-05, 5.65393165743e-05, 3.55622541974e-05, 3.21797742799e-05, 2.53552661889e-05, 1.88749963854e-05, 1.66091012943e-05, 1.36752796607e-05, 9.85141195997e-06, 9.01948351384e-06, 7.5936804933e-06, 8.11281643109e-06, 5.79067773288e-06, 4.6456743803e-06, 3.94429935113e-06, 4.22416951551e-06, 5.70291831536e-06, 4.96677148476e-06, 4.72563942822e-06, 5.77382024858e-06, 5.48789694221e-06, 5.0181338338e-06, 5.35344497621e-06, 5.12441147293e-06, 4.5154192776e-06],
        "min": [4.18745366915e-06, 1.39129660965e-05, 7.74892487243e-06, 5.14651264893e-06, 1.39589769788e-06, 8.19945796593e-07, 1.51045526309e-06, 2.18263880924e-06, 2.72406578006e-06, 1.40956376526e-06, 1.20483571209e-06, 8.00182192506e-07, 8.565489793e-07, 7.50246556436e-07, 5.44088891274e-07, 2.82064661405e-07, 4.20313284621e-07, 5.50458878479e-07, 4.28993473633e-07, 5.03602393565e-07, 5.40010660188e-07, 2.9470015761e-07, 2.86258483584e-07, 2.62235914761e-07, 1.33863494511e-07, 1.35461249329e-07, 1.12937826202e-07, 6.38546637788e-08, 3.41777841584e-08, 3.10158014827e-08, 2.76849654313e-08, 2.53796272887e-08, 2.60434038779e-08, 2.77260063797e-08, 1.60760578183e-08, 1.66112705813e-08, 1.16130589589e-08, 1.30737438653e-08, 1.80508727965e-08, 8.24145729439e-09],
        "stdev": [0.0053494782187, 0.00502083497122, 0.00150072854012, 0.000821949157398, 0.000715207774192, 0.000365545973182, 0.000322197622154, 0.0012570663821, 0.0018456899561, 0.000661141530145, 0.000681204081047, 0.00068592291791, 0.000349646870745, 0.000202062801691, 0.000206830081879, 9.68551757978e-05, 0.000131418200908, 5.72910103074e-05, 5.0034836022e-05, 4.61878480564e-05, 2.74017547781e-05, 2.32852144109e-05, 2.72821562248e-05, 1.63416443684e-05, 1.25870583361e-05, 1.0628504242e-05, 1.15722541523e-05, 8.05406216386e-06, 7.51756442696e-06, 5.7248939811e-06, 6.03692433288e-06, 7.77979312261e-06, 7.17148031981e-06, 8.017561413e-06, 1.07361092887e-05, 9.64245191426e-06, 9.14285465115e-06, 1.05450735646e-05, 9.96225389827e-06, 8.95799894352e-06]
    },
    "melbands128": {
        "max": [0.00434038741514, 0.0386819839478, 0.0543082430959, 0.0459993518889, 0.0444332808256, 0.0333752706647, 0.0285213328898, 0.0277285743505, 0.0134911667556, 0.0234577655792, 0.0203781239688, 0.0107230618596, 0.0123614948243, 0.01191773545, 0.0111873261631, 0.00666570756584, 0.00437624007463, 0.00933903828263, 0.00857796426862, 0.013457139954, 0.0257176440209, 0.0279234908521, 0.0412094816566, 0.0469528138638, 0.0125300753862, 0.0133308749646, 0.0109899584204, 0.0203612186015, 0.014697920531, 0.0146220987663, 0.015389194712, 0.010514642112, 0.00623161857948, 0.00717736082152, 0.00472317356616, 0.00513170473278, 0.00571339763701, 0.00715300114825, 0.00402382062748, 0.00155715411529, 0.00169921689667, 0.00262944493443, 0.00538005307317, 0.00490022683516, 0.00128455529921, 0.00145549408626, 0.00121042109095, 0.00177874916699, 0.00113921845332, 0.00076379487291, 0.00168176216539, 0.00153903744649, 0.000727078237105, 0.000563593523111, 0.000487623241497, 0.000367240776541, 0.000336411496392, 0.000740744057111, 0.00109009421431, 0.00107523612678, 0.000305972469505, 0.000233601720538, 0.000312712480081, 0.000218123866944, 0.000367999426089, 0.000308842922095, 0.0001467619295, 0.000185024910024, 0.000362952298019, 0.00021073211974, 0.000101527148217, 0.000185399025213, 0.000166431171237, 0.000190951264813, 9.37688018894e-05, 0.000105539278593, 0.000147743106936, 0.00010800248856, 7.75218941271e-05, 7.54347129259e-05, 0.000128664454678, 8.69194991537e-05, 0.000135639493237, 9.47981679928e-05, 0.00010504709644, 0.00020036631031, 0.00016598709044, 0.000160828160006, 0.00014459733211, 0.000123090212583, 0.000125069142086, 0.00017690860841, 0.000160820505698, 0.000107823550934, 0.000133749184897, 0.000236437641433, 0.000151123051182, 0.000236931402469, 0.000196095308638, 0.000161319694598, 0.000268673960818, 0.000158990020282, 0.000144647827256, 0.000132114364533, 7.04896301613e-05, 8.29882483231e-05, 4.58417016489e-05, 5.35133403901e-05, 8.95444318303e-05, 6.89105072524e-05, 6.75043847878e-05, 4.11167166021e-05, 2.86096674245e-05, 2.10894249904e-05, 2.08540404856e-05, 9.17184570426e-06, 1.08890517367e-05, 6.68626080369e-06, 7.67650089983e-06, 2.85996111415e-06, 3.62225659956e-06, 3.22509640682e-06, 2.32434240388e-06, 7.09110778985e-08, 1.56963277931e-08, 1.54169725874e-08, 1.52043515556e-08, 1.50936418919e-08],
        "mean": [0.000541312678251, 0.00329148280434, 0.00596851157025, 0.00536479242146, 0.00323067675345, 0.00161688507069, 0.000940847734455, 0.000660934951156, 0.000408855819842, 0.000556312676053, 0.000737553462386, 0.000599730934482, 0.000502771232277, 0.000355762487743, 0.000193133324501, 0.000117342213343, 0.000100474935607, 0.000165924313478, 0.000338149780873, 0.000435708701843, 0.000770668848418, 0.000715671863873, 0.000993718393147, 0.000465548160719, 0.000247131480137, 0.000329796253936, 0.000216443862882, 0.000332768075168, 0.000254812883213, 0.000254044949543, 0.000319234794006, 0.000237700951402, 0.000117053299618, 0.00013900733029, 7.94221195974e-05, 9.76879891823e-05, 0.000116569863167, 0.000104143393401, 6.50942020002e-05, 5.30939687451e-05, 6.00195708103e-05, 4.83385629195e-05, 6.13367083133e-05, 6.35016767774e-05, 3.25413056999e-05, 3.15330580634e-05, 3.50518203049e-05, 4.1346764192e-05, 2.63778474618e-05, 1.6526413674e-05, 3.04129607684e-05, 2.92768672807e-05, 1.59852261277e-05, 1.64385965036e-05, 1.96771943592e-05, 1.69890245161e-05, 1.33065295813e-05, 1.4566909158e-05, 1.34938309202e-05, 1.28983247123e-05, 8.65520360094e-06, 8.1014513853e-06, 1.06515708467e-05, 8.55840789882e-06, 8.0832560343e-06, 7.71320992499e-06, 6.86577141096e-06, 8.17984073365e-06, 9.43015766097e-06, 6.35204241917e-06, 5.5763475757e-06, 5.6982348724e-06, 5.37797177458e-06, 4.33280956713e-06, 3.8490420593e-06, 3.79577613785e-06, 4.15797512687e-06, 4.08143660025e-06, 4.09353742725e-06, 4.23214351031e-06, 5.85517454965e-06, 5.80256892135e-06, 6.69404244036e-06, 4.29533611168e-06, 4.54446580989e-06, 3.833473329e-06, 4.92532535645e-06, 6.14306372881e-06, 5.96080371906e-06, 5.47490117242e-06, 5.03276123709e-06, 6.22642301096e-06, 5.06320975546e-06, 4.90732963954e-06, 4.73843738291e-06, 5.62123068448e-06, 5.27614065504e-06, 5.31305249751e-06, 5.12469341629e-06, 5.2158784456e-06, 4.76321247334e-06, 4.44065381089e-06, 4.18063655161e-06, 3.634947916e-06, 3.34211972586e-06, 2.85592227556e-06, 2.16602848013e-06, 1.7352406303e-06, 1.52646293827e-06, 1.21487869365e-06, 1.23603933844e-06, 9.90919602373e-07, 8.30788735584e-07, 5.77581715788e-07, 5.08727794113e-07, 3.78112275712e-07, 2.84537946982e-07, 2.45753199124e-07, 2.37721494045e-07, 2.15753601651e-07, 2.20152401198e-07, 1.94085117755e-07, 1.18624939205e-07, 3.76168252103e-09, 1.39677783229e-11, 1.34287797895e-11, 1.3104847936e-11, 1.29979447344e-11],
        "min": [1.6004676695e-08, 6.25098095952e-07, 5.87150543652e-06, 2.06275649361e-06, 4.32589331467e-06, 3.29820818479e-06, 3.25605424223e-06, 1.29346369704e-06, 1.23201505176e-06, 9.09624191081e-07, 6.63714843085e-07, 6.17675425474e-07, 1.10217087013e-07, 1.48495743701e-07, 1.77179884986e-07, 2.68887987431e-07, 3.53742109382e-07, 3.96065672703e-07, 2.95106218573e-07, 1.02321791928e-06, 5.08627749696e-07, 5.88653961131e-07, 4.0374453647e-07, 2.21375955789e-07, 1.67901006876e-07, 1.23466236346e-07, 3.11215700322e-07, 1.3401960075e-07, 1.18546395811e-07, 2.04541180437e-07, 1.38842040087e-07, 4.31478213159e-07, 3.35120034833e-07, 1.74257138497e-07, 2.1822992835e-07, 2.5713657692e-07, 3.07878963213e-07, 1.8548418268e-07, 7.36909271382e-08, 1.37761944075e-07, 7.75214985538e-08, 1.8977928562e-07, 3.28964745222e-07, 2.5885159971e-07, 6.20942088858e-08, 1.42909371448e-07, 2.020454275e-07, 1.24641672983e-07, 1.54369487859e-07, 2.11518056403e-08, 3.25173147075e-07, 2.43652038989e-07, 1.62490408684e-07, 2.80050528545e-07, 9.06907970943e-08, 1.39006544941e-07, 1.66690483638e-07, 6.10269594858e-08, 1.49913205405e-07, 1.60473518918e-07, 1.1105667852e-07, 9.9186294733e-08, 5.32073265447e-08, 9.6438711239e-08, 7.67164038962e-08, 5.50640173458e-08, 7.40581072023e-08, 6.07697856481e-08, 3.92425150153e-08, 3.2332128086e-08, 3.10685486227e-08, 1.96943776842e-08, 2.25505871754e-08, 1.95655385227e-08, 1.87982305278e-08, 1.84015434002e-08, 1.29695081341e-08, 1.66198095286e-08, 1.45475365088e-08, 1.37215181439e-08, 1.14914779914e-08, 1.53775072675e-08, 1.0911824333e-08, 1.31789992253e-08, 1.92965448065e-08, 1.53144590342e-08, 1.34094824134e-08, 9.42609901244e-09, 9.36234556548e-09, 1.38752653811e-08, 7.68991537115e-09, 1.38548115203e-08, 1.11666436098e-08, 6.88006007721e-09, 5.25755794456e-09, 5.40024869267e-09, 1.04261594913e-08, 9.33351884669e-09, 8.94282781161e-09, 1.11434648176e-08, 7.75390507357e-09, 5.90793280963e-09, 5.69650016047e-09, 3.11749981385e-09, 1.23471854963e-09, 1.04741393336e-09, 1.4177894414e-09, 1.43524803153e-09, 1.16546816642e-09, 2.20348628233e-10, 5.16198195299e-10, 6.07300099098e-10, 4.67526906078e-10, 4.05421279881e-10, 9.32379520813e-11, 3.25069936247e-11, 2.10244988086e-10, 1.32716645833e-12, 4.87056467206e-13, 5.06412782802e-13, 5.64755870108e-13, 6.27766881447e-13, 5.61825488476e-13, 3.36170923997e-13, 2.51169121309e-13, 1.11701765188e-13, 1.38961353885e-14, 6.38584915199e-16],
        "stdev": [0.00068861147156, 0.0046020722948, 0.00886943098158, 0.00870300177485, 0.00678332895041, 0.00342919561081, 0.00219123577699, 0.00167985167354, 0.000863154069521, 0.00104423775338, 0.00114196632057, 0.000980488839559, 0.000972177251242, 0.000832213438116, 0.000485815719003, 0.000251574179856, 0.000247407850111, 0.000430811109254, 0.000700620643329, 0.00105936301406, 0.00245648110285, 0.00214203167707, 0.00320595595986, 0.00163954810705, 0.000709079089575, 0.000926950131543, 0.000597667472903, 0.00107370957267, 0.000954770541284, 0.000941111531574, 0.00101269758306, 0.000799314992037, 0.000343840423739, 0.00041873785085, 0.000229711411521, 0.000284457782982, 0.000341532810125, 0.000333654897986, 0.000200379567104, 0.000117503142974, 0.000140560834552, 0.000126968647237, 0.000190873324755, 0.000176652189111, 7.70035985624e-05, 7.208972238e-05, 7.57810776122e-05, 8.1310448877e-05, 6.24887616141e-05, 3.98276679334e-05, 7.37338195904e-05, 6.55729527352e-05, 3.68556575268e-05, 2.89698673441e-05, 3.4829685319e-05, 3.29909817083e-05, 2.29886572924e-05, 3.20962935803e-05, 3.38878780894e-05, 3.14192839141e-05, 1.61865573318e-05, 1.49442303155e-05, 1.92164825421e-05, 1.34829087983e-05, 1.64015036717e-05, 1.34267093017e-05, 1.04581267806e-05, 1.20857139336e-05, 1.69218928932e-05, 1.20623408293e-05, 8.38125924929e-06, 9.71332156041e-06, 1.01522764453e-05, 8.4184566731e-06, 6.58106409901e-06, 6.01623742114e-06, 8.25183906272e-06, 6.25840357316e-06, 6.74724424243e-06, 6.85423083269e-06, 9.86581289908e-06, 8.45424165163e-06, 1.11423742055e-05, 7.36158199288e-06, 7.22285494703e-06, 7.15735905032e-06, 9.19562717172e-06, 1.31465994855e-05, 1.14132508315e-05, 1.03236689029e-05, 9.12951600185e-06, 1.21472285173e-05, 1.01504365375e-05, 8.8505084932e-06, 9.85356291494e-06, 1.1997933143e-05, 1.05640647234e-05, 1.13930382213e-05, 1.08055592136e-05, 9.57284919423e-06, 1.13442183647e-05, 8.97289282875e-06, 8.38776941237e-06, 6.5901558628e-06, 5.37568621439e-06, 4.73115915156e-06, 3.73245688934e-06, 2.98524037134e-06, 3.04945774587e-06, 2.42206328949e-06, 2.51198662227e-06, 1.97201529772e-06, 1.72754926098e-06, 1.18354853385e-06, 1.06923687326e-06, 6.99222312051e-07, 5.67399013107e-07, 4.28090316973e-07, 3.84003357112e-07, 2.98417035083e-07, 3.30039853225e-07, 2.75021307061e-07, 1.77404544388e-07, 7.43044026308e-09, 3.43832129435e-10, 3.37952527074e-10, 3.33423649801e-10, 3.31055322045e-10]
    },
    "mfcc": {
        "mean": [-610.856445312, 108.638549805, 17.7831611633, 5.13496160507, 11.3048276901, 4.8993678093, 6.0945892334, 9.21015548706, 6.1698141098, 6.29537677765, 4.58702850342, 0.41248652339, 2.43910002708],
        "cov": [[2647.8425293, -1017.36737061, 226.07232666, -29.4369106293, -225.35874939, 119.312606812, -7.57677268982, -8.52958679199, 3.46935296059, 80.2288894653, 1.03850805759, -1.25823771954, -76.0597381592], [-1017.36737061, 1052.1328125, -307.03012085, -173.510986328, -37.4206619263, -125.00214386, 9.61323547363, 3.84180188179, -34.0410423279, -42.7096252441, 30.9113273621, -41.2472724915, 4.25585460663], [226.07232666, -307.03012085, 440.336181641, 85.6096115112, 67.6752090454, 18.5194301605, -22.2334461212, 6.56036710739, 3.66991257668, 16.445394516, 1.60137951374, 44.5830497742, 21.0219650269], [-29.4369106293, -173.510986328, 85.6096115112, 271.365997314, 127.294776917, 33.89686203, -59.6357421875, -13.7264795303, 16.9574451447, 4.50266838074, 2.45016002655, 40.9738578796, 32.1346054077], [-225.35874939, -37.4206619263, 67.6752090454, 127.294776917, 219.455734253, 6.19671487808, -26.5040893555, -9.76333808899, 19.6937007904, 5.88645553589, 8.25105857849, 32.7097244263, 33.1343269348], [119.312606812, -125.00214386, 18.5194301605, 33.89686203, 6.19671487808, 186.9375, 101.101844788, 39.3780555725, 9.02793884277, -0.430298000574, -6.45509672165, 3.69741392136, -3.45915436745], [-7.57677268982, 9.61323547363, -22.2334461212, -59.6357421875, -26.5040893555, 101.101844788, 175.39994812, 67.736366272, 7.32294225693, -4.00633382797, -3.17028856277, -5.38273000717, 0.929236531258], [-8.52958679199, 3.84180188179, 6.56036710739, -13.7264795303, -9.76333808899, 39.3780555725, 67.736366272, 116.686271667, 52.2876052856, 12.8094615936, 10.8328542709, 9.23582172394, 2.08592605591], [3.46935296059, -34.0410423279, 3.66991257668, 16.9574451447, 19.6937007904, 9.02793884277, 7.32294225693, 52.2876052856, 116.427322388, 54.1523170471, 18.7359848022, 19.476644516, 7.77694272995], [80.2288894653, -42.7096252441, 16.445394516, 4.50266838074, 5.88645553589, -0.430298000574, -4.00633382797, 12.8094615936, 54.1523170471, 107.305953979, 40.1175231934, 22.3260650635, 6.16975450516], [1.03850805759, 30.9113273621, 1.60137951374, 2.45016002655, 8.25105857849, -6.45509672165, -3.17028856277, 10.8328542709, 18.7359848022, 40.1175231934, 79.2461929321, 38.5982818604, 13.4898500443], [-1.25823771954, -41.2472724915, 44.5830497742, 40.9738578796, 32.7097244263, 3.69741392136, -5.38273000717, 9.23582172394, 19.476644516, 22.3260650635, 38.5982818604, 84.3551712036, 31.8899879456], [-76.0597381592, 4.25585460663, 21.0219650269, 32.1346054077, 33.1343269348, -3.45915436745, 0.929236531258, 2.08592605591, 7.77694272995, 6.16975450516, 13.4898500443, 31.8899879456, 70.3216705322]],
        "icov": [[0.000790847290773, 0.000821441411972, 2.75194543065e-06, 0.000285677495413, 0.000767302000895, -0.00022177802748, 0.000315796962241, -1.95447810256e-05, 0.000217925233301, -0.000295001984341, -0.000433816981968, 0.0001075313412, 0.000334492709953], [0.000821441411972, 0.00236952933483, 0.000907859706786, 0.00100158713758, 0.000291889562504, 0.000695566937793, 0.000158792696311, -0.000457405752968, 0.000572072865907, 0.000335026415996, -0.00147720787209, 0.000643113220576, -0.000176799789187], [2.75194543065e-06, 0.000907859706786, 0.00314345466904, 8.13900478533e-05, -0.000747286074329, 0.000260598259047, 0.000390352652175, -0.000897200487088, 0.000926194828935, -0.000314871023875, 0.000300199637422, -0.00100220786408, -0.000320384046063], [0.000285677495413, 0.00100158713758, 8.13900478533e-05, 0.00707132602111, -0.00281591061503, -0.00253380858339, 0.00364150851965, -0.000648161105346, 3.04184559354e-05, 0.000436325644841, 0.000306727743009, -0.00121775758453, -0.00138228619471], [0.000767302000895, 0.000291889562504, -0.000747286074329, -0.00281591061503, 0.0075847543776, -1.44758814713e-05, -0.000288683222607, 0.00114317261614, -0.0011171271326, 5.94737502979e-05, -0.000397027120925, -0.000400782708311, -0.000905955326743], [-0.00022177802748, 0.000695566937793, 0.000260598259047, -0.00253380858339, -1.44758814713e-05, 0.0100161591545, -0.00669999746606, 0.000121348035464, -2.98035120068e-05, 0.000222708869842, 7.16807062418e-06, -1.89618076547e-05, 0.00137342594098], [0.000315796962241, 0.000158792696311, 0.000390352652175, 0.00364150851965, -0.000288683222607, -0.00669999746606, 0.0129684321582, -0.00576472654939, 0.00203564949334, -0.000384347542422, 0.00062217033701, 6.88870059093e-05, -0.00198469846509], [-1.95447810256e-05, -0.000457405752968, -0.000897200487088, -0.000648161105346, 0.00114317261614, 0.000121348035464, -0.00576472654939, 0.0152249885723, -0.00749564450234, 0.00229542306624, -0.00153921928722, -0.00037691128091, 0.000756580906454], [0.000217925233301, 0.000572072865907, 0.000926194828935, 3.04184559354e-05, -0.0011171271326, -2.98035120068e-05, 0.00203564949334, -0.00749564450234, 0.0154328439385, -0.00716301053762, 0.00153618084732, -0.00111757591367, -0.000235503757722], [-0.000295001984341, 0.000335026415996, -0.000314871023875, 0.000436325644841, 5.94737502979e-05, 0.000222708869842, -0.000384347542422, 0.00229542306624, -0.00716301053762, 0.0154796587303, -0.00683181453496, 0.000488815712743, -1.76696380549e-06], [-0.000433816981968, -0.00147720787209, 0.000300199637422, 0.000306727743009, -0.000397027120925, 7.16807062418e-06, 0.00062217033701, -0.00153921928722, 0.00153618084732, -0.00683181453496, 0.0208184737712, -0.00875503849238, 2.13277726289e-05], [0.0001075313412, 0.000643113220576, -0.00100220786408, -0.00121775758453, -0.000400782708311, -1.89618076547e-05, 6.88870059093e-05, -0.00037691128091, -0.00111757591367, 0.000488815712743, -0.00875503849238, 0.0199565663934, -0.00615822151303], [0.000334492709953, -0.000176799789187, -0.000320384046063, -0.00138228619471, -0.000905955326743, 0.00137342594098, -0.00198469846509, 0.000756580906454, -0.000235503757722, -1.76696380549e-06, 2.13277726289e-05, -0.00615822151303, 0.0186332836747]]
    },
    "spectral_contrast_coeffs": {
        "max": [-0.420403897762, -0.443417817354, -0.487459510565, -0.576298594475, -0.612401127815, -0.645405650139],
        "mean": [-0.725317120552, -0.737832605839, -0.756662547588, -0.800354003906, -0.800060451031, -0.807612776756],
        "min": [-0.900714695454, -0.916296005249, -0.908902168274, -0.895712018013, -0.87888199091, -0.877048015594],
        "stdev": [0.0732032731175, 0.0849622115493, 0.0733843669295, 0.0441442281008, 0.0304928291589, 0.0293233282864]
    },
    "spectral_contrast_valleys": {
        "max": [-5.12556552887, -4.89170455933, -5.34394645691, -5.89173841476, -5.3319401741, -6.9297246933],
        "mean": [-6.40154600143, -6.58251285553, -7.01529026031, -7.30035352707, -7.44662332535, -9.28946113586],
        "min": [-8.26615333557, -8.32292747498, -8.66138648987, -8.76009750366, -8.91637611389, -11.4418783188],
        "stdev": [0.493591099977, 0.545566856861, 0.538627147675, 0.472769826651, 0.620305359364, 0.910756111145]
    }
},
"rhythm": {
    "beats_count": 108,
    "beats_loudness": {
        "max": 0.0914437249303,
        "mean": 0.0427816957235,
        "min": 0.00299423374236,
        "stdev": 0.0215778518468
    },
    "bpm": 135.388198853,
    "bpm_histogram_first_peak_bpm": 136,
    "bpm_histogram_first_peak_weight": 0.197802186012,
    "bpm_histogram_second_peak_bpm": 129,
    "bpm_histogram_second_peak_spread": 0.437499940395,
    "bpm_histogram_second_peak_weight": 0.0841121524572,
    "danceability": 1.21693015099,
    "onset_rate": 3.5888671875,
    "beats_loudness_band_ratio": {
        "max": [0.905134558678, 0.620398879051, 0.913615703583, 0.715646505356, 0.246410042048, 0.579158902168],
        "mean": [0.375113993883, 0.132320761681, 0.223688825965, 0.159258112311, 0.0491560213268, 0.0892131924629],
        "min": [0.0298396293074, 0.00636576768011, 0.010898177512, 0.0053420541808, 0.00519593199715, 0.00198002532125],
        "stdev": [0.228088274598, 0.124383881688, 0.198114350438, 0.172301530838, 0.0446140654385, 0.0820211470127]
    },
