{
"metadata": {
    "version": {
        "essentia": "2.1-beta5",
        "essentia_git_sha": "Undefined",
        "extractor": "music 2.0"
    },
    "audio_properties": {
        "analysis": {
            "equal_loudness": 0,
            "length": 32.4963264465,
            "sample_rate": 44100,
            "start_time": 12.7477550507,
            "downmix": "mix"
        },
        "bit_rate": 192000,
        "length": 190.13659668,
        "lossless": 0,
        "number_channels": 2,
        "replay_gain": -0.129035949707,
        "sample_rate": 48000,
        "codec": "mp3",
        "md5_encoded": "7cff2ae7c24e93a96b94e7a8bffaabe0"
    },
    "tags": {
        "file_name": "Croatia_Moja tikla_Severina.mp3",
        "encoding": ["Lavf58.29.100"]
    }
},
"lowlevel": {
    "average_loudness": 0.956420838833,
    "barkbands_crest": {
        "max": 24.98787117,
        "mean": 10.3017311096,
        "min": 2.89825558662,
        "stdev": 4.58767032623
    },
    "barkbands_flatness_db": {
        "max": 0.255334228277,
        "mean": 0.107486359775,
        "min": 0.018817698583,
        "stdev": 0.0487784482539
    },
    "barkbands_kurtosis": {
        "max": 62.5724105835,
        "mean": 2.34211230278,
        "min": -1.90228223801,
        "stdev": 6.71504831314
    },
    "barkbands_skewness": {
        "max": 7.07154369354,
        "mean": 1.0333930254,
        "min": -1.94041800499,
        "stdev": 1.18372189999
    },
    "barkbands_spread": {
        "max": 122.962898254,
        "mean": 31.9685134888,
        "min": 1.26435899734,
        "stdev": 18.6347827911
    },
    "dissonance": {
        "max": 0.5,
        "mean": 0.469937622547,
        "min": 0.319169789553,
        "stdev": 0.0257199462503
    },
    "dynamic_complexity": 2.8762857914,
    "erbbands_crest": {
        "max": 30.1159095764,
        "mean": 9.63524913788,
        "min": 2.18229341507,
        "stdev": 5.09731626511
    },
    "erbbands_flatness_db": {
        "max": 0.330021172762,
        "mean": 0.146582499146,
        "min": 0.0322852060199,
        "stdev": 0.0627031475306
    },
    "erbbands_kurtosis": {
        "max": 41.5924758911,
        "mean": 0.979743123055,
        "min": -1.73918449879,
        "stdev": 2.90013003349
    },
    "erbbands_skewness": {
        "max": 5.25768709183,
        "mean": 0.361963003874,
        "min": -3.04830217361,
        "stdev": 0.863340914249
    },
    "erbbands_spread": {
        "max": 127.42477417,
        "mean": 37.3495368958,
        "min": 2.69163417816,
        "stdev": 20.691072464
    },
    "hfc": {
        "max": 440.101287842,
        "mean": 32.9264793396,
        "min": 0.137545138597,
        "stdev": 33.4053421021
    },
    "loudness_ebu128": {
        "integrated": -23.6446475983,
        "loudness_range": 2.44490242004,
        "momentary": {
            "max": -20.1047763824,
            "mean": -23.9580669403,
            "min": -27.9067306519,
            "stdev": 1.65220046043
        },
        "short_term": {
            "max": -22.088842392,
            "mean": -23.751121521,
            "min": -25.2161922455,
            "stdev": 0.83186095953
        }
    },
    "melbands_crest": {
        "max": 31.5930900574,
        "mean": 14.0047235489,
        "min": 2.8221206665,
        "stdev": 5.91024446487
    },
    "melbands_flatness_db": {
        "max": 0.359393507242,
        "mean": 0.159464210272,
        "min": 0.0211628507823,
        "stdev": 0.0579507574439
    },
    "melbands_kurtosis": {
        "max": 142.99407959,
        "mean": 10.1016569138,
        "min": -1.61018061638,
        "stdev": 16.353559494
    },
    "melbands_skewness": {
        "max": 9.37676429749,
        "mean": 2.11626005173,
        "min": -1.08975207806,
        "stdev": 1.72280097008
    },
    "melbands_spread": {
        "max": 137.593505859,
        "mean": 33.5698509216,
        "min": 2.03338885307,
        "stdev": 19.9687232971
    },
    "pitch_salience": {
        "max": 0.857601225376,
        "mean": 0.552847623825,
        "min": 0.206713378429,
        "stdev": 0.11137842387
    },
    "silence_rate_20dB": {
        "max": 1,
        "mean": 1,
        "min": 1,
        "stdev": 0
    },
    "silence_rate_30dB": {
        "max": 1,
        "mean": 0.999286234379,
        "min": 0,
        "stdev": 0.0267072319984
    },
    "silence_rate_60dB": {
        "max": 1,
        "mean": 0.046395432204,
        "min": 0,
        "stdev": 0.210339024663
    },
    "spectral_centroid": {
        "max": 5557.54833984,
        "mean": 1812.04101562,
        "min": 320.477050781,
        "stdev": 565.490661621
    },
    "spectral_complexity": {
        "max": 48,
        "mean": 18.1234836578,
        "min": 0,
        "stdev": 8.50349807739
    },
    "spectral_decrease": {
        "max": -2.05376809309e-11,
        "mean": -5.85798121122e-09,
        "min": -2.75262408422e-08,
        "stdev": 5.30287369571e-09
    },
    "spectral_energy": {
        "max": 0.114408127964,
        "mean": 0.0250959079713,
        "min": 8.99897422642e-05,
        "stdev": 0.0219602286816
    },
    "spectral_energyband_high": {
        "max": 0.0401830933988,
        "mean": 0.00172036432195,
        "min": 1.12986281238e-05,
        "stdev": 0.00266501470469
    },
    "spectral_energyband_low": {
        "max": 0.0791141465306,
        "mean": 0.00911623239517,
        "min": 5.60304556529e-07,
        "stdev": 0.0140616409481
    },
    "spectral_energyband_middle_high": {
        "max": 0.0725432038307,
        "mean": 0.00747446995229,
        "min": 1.75014320121e-05,
        "stdev": 0.00929557904601
    },
    "spectral_energyband_middle_low": {
        "max": 0.085570730269,
        "mean": 0.00750403758138,
        "min": 4.55046429124e-05,
        "stdev": 0.00998054910451
    },
    "spectral_entropy": {
        "max": 8.78338432312,
        "mean": 7.79319858551,
        "min": 6.72395801544,
        "stdev": 0.392000228167
    },
    "spectral_flux": {
        "max": 0.333059519529,
        "mean": 0.0932842195034,
        "min": 0.0121253952384,
        "stdev": 0.0512011125684
    },
    "spectral_kurtosis": {
        "max": 15.3458690643,
        "mean": 4.07524824142,
        "min": -1.56198191643,
        "stdev": 2.33515763283
    },
    "spectral_rms": {
        "max": 0.0105649270117,
        "mean": 0.00447650579736,
        "min": 0.00029630199424,
        "stdev": 0.0021082428284
    },
    "spectral_rolloff": {
        "max": 14556.4453125,
        "mean": 2771.26513672,
        "min": 107.666015625,
        "stdev": 2785.48608398
    },
    "spectral_skewness": {
        "max": 3.18533563614,
        "mean": 1.59945321083,
        "min": -0.0598037950695,
        "stdev": 0.326771110296
    },
    "spectral_spread": {
        "max": 19092570,
        "mean": 5707818,
        "min": 1997993.375,
        "stdev": 2168138
    },
    "spectral_strongpeak": {
        "max": 12.311214447,
        "mean": 1.41662836075,
        "min": 0,
        "stdev": 1.80840969086
    },
    "zerocrossingrate": {
        "max": 0.380859375,
        "mean": 0.100417248905,
        "min": 0.0126953125,
        "stdev": 0.0549987331033
    },
    "barkbands": {
        "max": [0.00814544036984, 0.0745626538992, 0.0247511323541, 0.0122798075899, 0.0122114494443, 0.00999225117266, 0.0165455564857, 0.031421430409, 0.0787649005651, 0.0686829388142, 0.0526671893895, 0.0250858329237, 0.018167136237, 0.0147509006783, 0.0195074938238, 0.00901990290731, 0.00816962495446, 0.00914754997939, 0.0129285585135, 0.00429209368303, 0.00126344012097, 0.00151707418263, 0.00104851019569, 0.00845129974186, 0.0330670103431, 0.00397969968617, 0.000693032692652],
        "mean": [0.000487280602101, 0.00673708599061, 0.00148859247565, 0.000660730293021, 0.00104297080543, 0.000639460224193, 0.000323833170114, 0.000722031167243, 0.00336559978314, 0.00157390453387, 0.000937865755986, 0.00100459926762, 0.00115541007835, 0.000638320110738, 0.000524316506926, 0.000320047693094, 0.000448954262538, 0.000594098586589, 0.000597211532295, 0.000213581806747, 0.000117467192467, 0.000163246644661, 9.19326848816e-05, 0.000600711908191, 0.000268453528406, 0.000332490395522, 4.57071364508e-05],
        "min": [5.21534948561e-09, 1.51830505501e-07, 9.54829317834e-08, 3.66179406797e-08, 1.24939518287e-07, 2.18482796299e-06, 5.49498508917e-07, 7.48293246033e-07, 2.23484084927e-06, 1.37082599849e-06, 2.55509633007e-07, 5.62678394544e-07, 3.8880689317e-06, 2.17111892198e-06, 1.78717854737e-07, 1.18358366308e-06, 2.13160024032e-06, 9.52617426719e-07, 1.50132041199e-06, 2.17296064875e-06, 8.25105018976e-07, 9.40766256008e-07, 8.33310480175e-07, 2.35456332121e-06, 1.88973092463e-06, 3.59776862524e-07, 3.15607207035e-10],
        "stdev": [0.00107624311931, 0.0113848587498, 0.00296484609134, 0.00109456153587, 0.0013937742915, 0.00103092216887, 0.000975987466518, 0.00223636510782, 0.00782511383295, 0.00537812011316, 0.00348417460918, 0.0024520913139, 0.00204253103584, 0.00133129954338, 0.00139487395063, 0.000537640764378, 0.00070283038076, 0.000825582304969, 0.00118515198119, 0.000335378659656, 0.000139588097227, 0.000261644890998, 0.000124364960357, 0.0010881240014, 0.00120912166312, 0.000676140422001, 0.000107579369796]
    },
    "erbbands": {
        "max": [2.92986941338, 18.2292919159, 27.7410144806, 40.5562171936, 28.6140594482, 45.6111717224, 65.744934082, 117.386962891, 139.722839355, 373.263000488, 820.251464844, 1622.6875, 2622.39648438, 1528.16540527, 1082.48571777, 951.448425293, 944.338623047, 795.669311523, 574.002502441, 551.253540039, 350.956115723, 360.960113525, 432.867004395, 580.00177002, 481.967193604, 215.02494812, 56.0974693298, 31.8546562195, 57.0247535706, 43.5263290405, 45.2382926941, 162.430404663, 134.238204956, 209.001449585, 339.852996826, 36.5449562073, 9.49967956543, 1.58351457119, 0.181022405624, 0.00543999066576],
        "mean": [0.227610111237, 1.36372625828, 1.9044148922, 2.23448252678, 2.04229140282, 4.29550027847, 4.8124666214, 5.11183309555, 4.26644849777, 7.7515335083, 22.9370765686, 64.8646087646, 83.1906433105, 38.5484657288, 36.6159744263, 45.1825714111, 51.9477157593, 37.6082763672, 29.3830127716, 20.5403709412, 21.8087253571, 25.1164951324, 31.4060688019, 34.7744255066, 21.0398368835, 10.4094429016, 6.06380224228, 3.86131811142, 5.25041246414, 5.01211595535, 2.74980735779, 11.4598665237, 7.90646886826, 2.42593431473, 2.19947218895, 1.1156771183, 0.845366954803, 0.0910615622997, 0.00922159291804, 0.000348498026142],
        "min": [4.56824545836e-06, 3.25231267198e-05, 0.000144533420098, 0.00027295234031, 0.000566206232179, 0.00256980350241, 0.0115726524964, 0.020412536338, 0.0345582962036, 0.0139717459679, 0.0252541285008, 0.0505825988948, 0.0493471436203, 0.0287490505725, 0.0107306921855, 0.0330312810838, 0.16390042007, 0.201352283359, 0.0396130867302, 0.0169361010194, 0.098011597991, 0.105836316943, 0.0686897411942, 0.0542240552604, 0.116440661252, 0.09602214396, 0.0453766770661, 0.033094804734, 0.0244023259729, 0.0397414155304, 0.0243091806769, 0.0353304073215, 0.0428564436734, 0.0207413304597, 0.01188310422, 0.00340975355357, 0.00040920599713, 5.39760476386e-05, 2.65203948402e-06, 7.20883178928e-07],
        "stdev": [0.386172831059, 2.5930109024, 3.65676093102, 3.56632423401, 3.23065137863, 5.96757888794, 7.24319648743, 9.59729766846, 10.3068561554, 25.0006275177, 61.9482078552, 147.353179932, 231.064422607, 122.761665344, 96.7071990967, 94.7685089111, 94.9860839844, 71.4901351929, 59.4033660889, 44.597202301, 33.0025062561, 35.6866798401, 41.6628417969, 59.7140655518, 43.5549697876, 15.1867437363, 6.88417434692, 4.72614383698, 8.08224868774, 7.98007059097, 3.88950490952, 20.6155014038, 13.8406448364, 8.69386959076, 11.8027305603, 2.68357801437, 1.66022086143, 0.233212947845, 0.0218656305224, 0.000637070799712]
    },
    "gfcc": {
        "mean": [15.767209053, 44.8282089233, -119.087936401, 16.0597286224, -49.2288208008, 23.2600383759, -35.0731773376, 23.0293731689, -27.6505222321, 0.122537374496, -12.2470197678, 1.63988721371, -12.8984193802],
        "cov": [[3286.08325195, -514.454528809, 1013.66259766, 10.7940740585, 309.759338379, 132.483718872, 240.807861328, -73.4879455566, 136.289047241, 32.4782142639, -95.1807556152, 78.609375, -93.2864761353], [-514.454528809, 1069.98681641, 40.4253845215, 415.220794678, 131.070968628, 156.244613647, 34.3114356995, -23.5746650696, 10.7531433105, -36.9766960144, 55.8384895325, -27.4352836609, 31.4974555969], [1013.66259766, 40.4253845215, 1674.19299316, 446.267333984, 359.740020752, 288.712463379, 64.2809066772, -119.728858948, 118.923873901, 18.1388778687, -141.328323364, 123.526000977, -124.451553345], [10.7940740585, 415.220794678, 446.267333984, 557.053771973, 196.652069092, 135.344146729, -30.1020946503, -6.05082654953, 85.2508621216, -3.55695915222, -3.18449187279, -12.7627134323, -33.6109962463], [309.759338379, 131.070968628, 359.740020752, 196.652069092, 309.165924072, 121.302055359, 14.069776535, -28.0484008789, 19.0137691498, -9.68563175201, 7.34813261032, 28.1521587372, -25.5069732666], [132.483718872, 156.244613647, 288.712463379, 135.344146729, 121.302055359, 286.451599121, 123.146697998, -13.4959106445, 7.249584198, -33.3194122314, 14.4195022583, 17.9472885132, -23.9961643219], [240.807861328, 34.3114356995, 64.2809066772, -30.1020946503, 14.069776535, 123.146697998, 195.37562561, 24.3250141144, -6.54544067383, -24.5273456573, 8.13192176819, 13.672460556, -14.1481218338], [-73.4879455566, -23.5746650696, -119.728858948, -6.05082654953, -28.0484008789, -13.4959106445, 24.3250141144, 140.093933105, 52.2270812988, -6.46799612045, -2.04018950462, -43.5642280579, 10.7790107727], [136.289047241, 10.7531433105, 118.923873901, 85.2508621216, 19.0137691498, 7.249584198, -6.54544067383, 52.2270812988, 170.25201416, 53.2454528809, -37.6254310608, -38.700176239, -9.6331281662], [32.4782142639, -36.9766960144, 18.1388778687, -3.55695915222, -9.68563175201, -33.3194122314, -24.5273456573, -6.46799612045, 53.2454528809, 92.0903320312, -0.14855144918, -8.05991649628, -0.51776766777], [-95.1807556152, 55.8384895325, -141.328323364, -3.18449187279, 7.34813261032, 14.4195022583, 8.13192176819, -2.04018950462, -37.6254310608, -0.14855144918, 108.5340271, 18.4073371887, 6.00981235504], [78.609375, -27.4352836609, 123.526000977, -12.7627134323, 28.1521587372, 17.9472885132, 13.672460556, -43.5642280579, -38.700176239, -8.05991649628, 18.4073371887, 84.4601364136, -1.97708594799], [-93.2864761353, 31.4974555969, -124.451553345, -33.6109962463, -25.5069732666, -23.9961643219, -14.1481218338, 10.7790107727, -9.6331281662, -0.51776766777, 6.00981235504, -1.97708594799, 67.9983444214]],
        "icov": [[0.000557550403755, 0.000332931813318, -0.000290507217869, 5.13836275786e-05, -0.000509707897436, 0.000520815083291, -0.00102623389103, 0.000563411274925, -0.000522312824614, 0.000229579789448, -0.000235477709793, 0.000365946965758, -0.000246644252911], [0.000332931813318, 0.00188601296395, 0.000177299007191, -0.00150682381354, -0.000360100006219, 2.64628124569e-05, -0.00124848191626, 0.00119207112584, -0.000312700722134, 0.000505795003846, -0.000509787583724, 0.000730791478418, -0.00138580135535], [-0.000290507217869, 0.000177299007191, 0.00203376170248, -0.00111414445564, -0.00057560094865, -0.00128332653549, 0.000414999696659, 0.00033185936627, -0.00038374264841, -0.000692048284691, 0.00274488586001, -0.00304740690626, 0.00166495004669], [5.13836275786e-05, -0.00150682381354, -0.00111414445564, 0.00462654512376, -0.000916350749321, -0.000531709461939, 0.00185219477862, -0.000725385732949, -0.0012083882466, 0.000748075195588, -0.00121319468599, 0.00134045153391, 0.000965906365309], [-0.000509707897436, -0.000360100006219, -0.00057560094865, -0.000916350749321, 0.00568827800453, -0.00152114557568, 0.00147717352957, -0.00049554760335, 0.00052908831276, 0.000167841484654, -0.00107634929009, -0.00051132705994, 0.000100454366475], [0.000520815083291, 2.64628124569e-05, -0.00128332653549, -0.000531709461939, -0.00152114557568, 0.00797850638628, -0.00530414609239, 0.00169500184711, -0.000934033363592, 0.00221188133582, -0.00240859738551, 0.0021524860058, -0.000876694277395], [-0.00102623389103, -0.00124848191626, 0.000414999696659, 0.00185219477862, 0.00147717352957, -0.00530414609239, 0.0107874115929, -0.00374441826716, 0.00108925835229, -0.000131545501063, 0.000721543619875, -0.00243525230326, 0.00238457787782], [0.000563411274925, 0.00119207112584, 0.00033185936627, -0.000725385732949, -0.00049554760335, 0.00169500184711, -0.00374441826716, 0.0121438317001, -0.0050130225718, 0.00386646878906, -0.00173690228257, 0.00434123212472, -0.00222326209769], [-0.000522312824614, -0.000312700722134, -0.00038374264841, -0.0012083882466, 0.00052908831276, -0.000934033363592, 0.00108925835229, -0.0050130225718, 0.0121378786862, -0.00706606497988, 0.00286077870987, 0.00229882542044, 0.000498542271089], [0.000229579789448, 0.000505795003846, -0.000692048284691, 0.000748075195588, 0.000167841484654, 0.00221188133582, -0.000131545501063, 0.00386646878906, -0.00706606497988, 0.0164226964116, -0.00381528865546, 0.00170064263511, -0.00110225053504], [-0.000235477709793, -0.000509787583724, 0.00274488586001, -0.00121319468599, -0.00107634929009, -0.00240859738551, 0.000721543619875, -0.00173690228257, 0.00286077870987, -0.00381528865546, 0.0150847015902, -0.00657193455845, 0.00236080912873], [0.000365946965758, 0.000730791478418, -0.00304740690626, 0.00134045153391, -0.00051132705994, 0.0021524860058, -0.00243525230326, 0.00434123212472, 0.00229882542044, 0.00170064263511, -0.00657193455845, 0.021300688386, -0.00383958476596], [-0.000246644252911, -0.00138580135535, 0.00166495004669, 0.000965906365309, 0.000100454366475, -0.000876694277395, 0.00238457787782, -0.00222326209769, 0.000498542271089, -0.00110225053504, 0.00236080912873, -0.00383958476596, 0.0188532639295]]
    },
    "melbands": {
        "max": [0.0201292131096, 0.013259219937, 0.00565109308809, 0.00277452124283, 0.00191744789481, 0.00235682190396, 0.00251480937004, 0.003883425612, 0.00744538009167, 0.00997140817344, 0.0132144214585, 0.00622088927776, 0.00529051898047, 0.00349729321897, 0.00162438198458, 0.00244226888753, 0.00174987723585, 0.00094658031594, 0.00195080635604, 0.000912130868528, 0.000439814815763, 0.000351443013642, 0.000695368507877, 0.000450758467196, 0.000518288172316, 0.000407324696425, 0.000269497424597, 0.000124181140563, 4.25227772212e-05, 2.50976263487e-05, 1.86408633454e-05, 2.79043379123e-05, 4.72009269288e-05, 2.58023428614e-05, 2.89081381197e-05, 2.13677267311e-05, 0.00017102228594, 0.000111590474262, 0.000118738120364, 0.000215111998841],
        "mean": [0.0019841089379, 0.00125116528943, 0.000364894745871, 0.000225933617912, 0.000174668690306, 0.000114510083222, 6.61880840198e-05, 9.17894212762e-05, 0.0002092365321, 0.000467859441414, 0.000413553352701, 0.000151024840306, 0.000128806335852, 0.00011977700342, 0.000112168090709, 0.000108124069811, 6.41476581222e-05, 4.70729864901e-05, 3.90623827116e-05, 1.89681832126e-05, 2.7485890314e-05, 2.38825195993e-05, 3.11606927426e-05, 2.77952713077e-05, 2.88272058242e-05, 1.94565072889e-05, 9.54127062869e-06, 6.26823884886e-06, 4.08928599427e-06, 2.65360199592e-06, 2.00202430278e-06, 2.36935716202e-06, 4.27945178672e-06, 2.11304563891e-06, 1.33805622227e-06, 1.5786234826e-06, 1.10691344162e-05, 7.92272567196e-06, 1.86862746432e-06, 1.95709048967e-06],
        "min": [5.29271773075e-08, 7.27652036403e-08, 3.86841811917e-08, 2.24260734427e-08, 4.90341165005e-07, 4.17562972643e-07, 2.53405829653e-07, 1.2605869415e-07, 2.3383481107e-07, 3.2639576375e-07, 2.45791824227e-07, 1.25321264477e-07, 3.28007168093e-08, 3.72505937207e-08, 2.05950385634e-07, 3.78597377448e-07, 2.27401244501e-07, 6.88476191613e-08, 1.28499326735e-08, 3.54859110985e-08, 1.10011406207e-07, 1.27890515955e-07, 7.04247611338e-08, 3.89460907968e-08, 4.42025971381e-08, 5.38573949882e-08, 9.45553821907e-08, 4.61333264923e-08, 2.96071789307e-08, 1.79890093932e-08, 1.47547725149e-08, 1.55486521436e-08, 1.53732724328e-08, 2.10206145823e-08, 1.65927946938e-08, 1.27714763209e-08, 2.23048903791e-08, 2.15231832357e-08, 2.02943670757e-08, 1.35202178342e-08],
        "stdev": [0.00324105890468, 0.00225380854681, 0.000560704211239, 0.000319748010952, 0.000226069416385, 0.000204935044167, 0.000164708733791, 0.000295125733828, 0.00055395095842, 0.00109079456888, 0.00116709049325, 0.000521635869518, 0.000410564476624, 0.000317585596349, 0.000194130305317, 0.000199227593839, 0.000142008182593, 9.76531810011e-05, 0.00012397809769, 3.74237315555e-05, 4.50644511147e-05, 3.61443999282e-05, 4.7766166972e-05, 4.05798964493e-05, 5.16930122103e-05, 4.12559129472e-05, 2.13984476432e-05, 8.8810465968e-06, 4.8564293138e-06, 3.28180180986e-06, 2.62257071881e-06, 3.60800572707e-06, 8.10091205494e-06, 3.26105964632e-06, 2.09249265026e-06, 2.3734592105e-06, 2.15133459278e-05, 1.47071714309e-05, 4.82782706968e-06, 8.4796365627e-06]
    },
    "melbands128": {
        "max": [0.00809518806636, 0.0271463133395, 0.032278072089, 0.0317976213992, 0.0164461601526, 0.0104563683271, 0.0101095624268, 0.00396138429642, 0.00309816328809, 0.0031844091136, 0.00339339766651, 0.00191270490177, 0.00319450069219, 0.00253593549132, 0.00307446625084, 0.0035094153136, 0.0026236132253, 0.00390307931229, 0.0056688375771, 0.00679770763963, 0.00609781220555, 0.0119607197121, 0.0137573378161, 0.0102692153305, 0.0200818292797, 0.0199978612363, 0.0307217724621, 0.025671357289, 0.0176709908992, 0.0120841413736, 0.0113870669156, 0.0158542860299, 0.00799541920424, 0.00821188278496, 0.0071227112785, 0.00509101711214, 0.00567864486948, 0.00345534738153, 0.00427311938256, 0.00485075870529, 0.00457231979817, 0.00203360943124, 0.00261589535512, 0.00307843647897, 0.00292605813593, 0.00189091637731, 0.00133615545928, 0.00503965187818, 0.00110631319694, 0.00088712136494, 0.00185599841643, 0.000773478474002, 0.00112848402932, 0.00108166667633, 0.00094592088135, 0.000684155034833, 0.000782365910709, 0.00147068570368, 0.00107602984644, 0.000437070993939, 0.000846095383167, 0.000596509140451, 0.00113598746248, 0.000627856468782, 0.0014403492678, 0.000468977581477, 0.00054817419732, 0.000836618535686, 0.000244805269176, 0.000348181871232, 0.000217056556721, 8.97109785001e-05, 8.35982064018e-05, 6.81680903654e-05, 7.48352540541e-05, 2.59233947872e-05, 6.24485037406e-05, 3.69565314031e-05, 2.07664452319e-05, 3.12551128445e-05, 3.63335639122e-05, 4.04839520343e-05, 5.01752692799e-05, 9.46313739405e-05, 3.91853136534e-05, 3.90633140341e-05, 1.86102188309e-05, 1.56912501552e-05, 4.32241213275e-05, 3.9769889554e-05, 2.28493354371e-05, 3.83077276638e-05, 4.67179343104e-05, 6.09238231846e-05, 0.000488884572405, 0.000163872537087, 0.000118170057249, 0.000102570564195, 0.000146983860759, 0.000102072415757, 8.80216030055e-05, 0.000194828870008, 0.000380439480068, 0.000997739844024, 0.000423586490797, 0.000329291564412, 0.000111415814899, 8.01940259407e-05, 4.56506604678e-05, 3.00660703942e-05, 2.33077007579e-05, 7.7566721302e-05, 2.95246354654e-05, 6.16935503785e-05, 1.99414389499e-05, 1.50442674567e-05, 1.08489066406e-05, 1.4793851733e-05, 1.20247468658e-05, 8.37971492729e-06, 7.59372915127e-06, 8.96017718333e-06, 1.94460767489e-06, 1.37560874691e-07, 1.05782362425e-07, 1.04774031229e-07, 1.03951407482e-07, 1.03408979157e-07],
        "mean": [0.000446607678896, 0.00180353596807, 0.00279008527286, 0.0020717701409, 0.0011222474277, 0.000692000205163, 0.000489585683681, 0.000264709233306, 0.000161369287525, 0.000246493553277, 0.00026068839361, 0.000184696633369, 0.000174555389094, 0.000130158703541, 0.000113796711958, 0.000116219664051, 6.8421184551e-05, 5.3481249779e-05, 6.21262879577e-05, 8.97455975064e-05, 9.01464081835e-05, 0.000144758218084, 0.000225141848205, 0.000262309476966, 0.00034358058474, 0.000573506345972, 0.0007345333579, 0.000358691555448, 0.000207622913877, 0.000150384003064, 0.00011720519251, 0.000172493557329, 0.000144746038131, 8.08548866189e-05, 0.000109503293061, 0.000144887642819, 0.000122408819152, 7.40093528293e-05, 0.000154634326464, 0.000108890933916, 0.000100878518424, 9.68329914031e-05, 5.91717180214e-05, 5.24118549947e-05, 5.28471609869e-05, 4.34615831182e-05, 4.10455504607e-05, 5.477814193e-05, 2.8540911444e-05, 2.11155893339e-05, 1.499829159e-05, 1.85401695489e-05, 2.75348393188e-05, 3.35263175657e-05, 2.5997756893e-05, 1.77713227458e-05, 2.65474773187e-05, 3.27442394337e-05, 3.76606731152e-05, 1.86420711543e-05, 3.25200926454e-05, 2.61665372818e-05, 2.91838914563e-05, 2.95259560517e-05, 2.87769562419e-05, 1.93985943042e-05, 1.39629228215e-05, 1.2746282664e-05, 7.40499626772e-06, 6.99249630998e-06, 7.10685935701e-06, 5.61732167625e-06, 4.24828294854e-06, 4.20756032327e-06, 3.32136255565e-06, 2.51870665124e-06, 2.56193538917e-06, 2.16766079575e-06, 2.01487500817e-06, 1.75153968485e-06, 1.69284794538e-06, 2.58166096501e-06, 3.97246049033e-06, 5.65140180697e-06, 3.0823769066e-06, 2.84056682176e-06, 1.47570608533e-06, 1.32341426706e-06, 1.2499128843e-06, 1.41347163662e-06, 1.49710797359e-06, 1.62675428328e-06, 1.75985303486e-06, 4.24318795922e-06, 2.84651687252e-05, 1.06284969661e-05, 2.99684052152e-06, 2.08612823371e-06, 1.74696310751e-06, 1.80687777629e-06, 1.80961239948e-06, 1.89934792161e-06, 2.18170134758e-06, 2.72162924375e-06, 2.45230921792e-06, 2.6241177693e-06, 2.84342854684e-06, 1.67874247836e-06, 1.43591830692e-06, 1.67685323049e-06, 1.58655802807e-06, 5.63946287002e-06, 2.54504607256e-06, 2.19751723307e-06, 9.49826642227e-07, 6.46694104489e-07, 4.48707538681e-07, 3.89465213857e-07, 2.91650053441e-07, 2.05704921541e-07, 2.31901253755e-07, 3.59618780976e-07, 8.81831070387e-08, 1.12050291268e-09, 8.02123090171e-11, 7.89591031447e-11, 7.80883344098e-11, 7.76317690687e-11],
        "min": [1.72690017841e-09, 1.87410407193e-08, 2.37717525664e-08, 3.9624602266e-08, 5.64926594393e-08, 3.45575870142e-08, 1.4759526934e-08, 1.62232343115e-08, 1.55422732462e-08, 1.6179564355e-08, 1.60211097722e-08, 3.22591731106e-08, 8.80176003193e-08, 1.48290240531e-07, 2.16199751435e-07, 1.12503137473e-07, 4.00200228512e-08, 7.36086178676e-08, 4.39833129917e-08, 2.41630502273e-08, 6.35486046008e-08, 1.07990750564e-07, 2.38936820551e-07, 3.04414442098e-07, 3.37900956993e-07, 3.48506972614e-07, 8.59273967535e-08, 1.58132408501e-07, 1.74331631797e-07, 9.10728985559e-08, 9.18332290212e-08, 4.29639150923e-08, 1.86481088349e-08, 3.40980186309e-08, 1.81359212093e-08, 1.33387905166e-08, 3.02208107428e-08, 6.19913009814e-08, 1.84791417723e-07, 2.45627632012e-07, 2.71494030812e-07, 1.88513837429e-07, 5.11457898256e-08, 9.52015142275e-08, 1.05494294189e-07, 3.34135954461e-08, 1.61630850926e-08, 1.71531056026e-08, 6.27621243865e-09, 1.19688357003e-08, 2.94648270227e-08, 3.8676645886e-08, 4.89134031056e-08, 1.34973902277e-07, 9.03124544038e-08, 9.44404092706e-08, 7.55986846457e-08, 6.27306420142e-08, 5.31333270715e-08, 1.03177065114e-07, 1.69306293429e-08, 1.47419569885e-08, 2.76211071792e-08, 6.92928381341e-08, 4.79328434722e-08, 2.50530849399e-08, 5.10912308016e-08, 8.35571327684e-08, 7.91886307638e-08, 3.92074142042e-08, 3.02061735624e-08, 2.31169021703e-08, 1.88241529031e-08, 2.87942807375e-08, 1.23908341365e-08, 7.26710869259e-09, 6.55073195688e-09, 7.00762026185e-09, 5.6628159939e-09, 1.40080471667e-08, 9.24757159737e-09, 6.02029093244e-09, 1.47454881638e-09, 1.11316706963e-08, 1.76835754928e-08, 4.25173762864e-09, 1.26789974075e-08, 3.04290792563e-09, 9.01294150424e-09, 2.2842865377e-09, 2.85616486018e-09, 1.26249286581e-08, 1.08350723949e-08, 2.16073239301e-08, 1.40839020446e-08, 8.95192631134e-09, 1.58966901864e-08, 2.36151684874e-08, 1.52192960456e-08, 3.327239817e-09, 4.15383727415e-09, 7.24036608446e-09, 3.94141430604e-09, 4.35577707236e-09, 6.70943700598e-09, 4.28998658819e-09, 4.54778836811e-09, 1.81077697281e-09, 1.96766558602e-09, 1.06520670062e-09, 8.21718637578e-10, 1.16993648103e-09, 6.1286126174e-10, 1.58304633291e-10, 1.06147694801e-10, 2.40968286991e-11, 1.03365397838e-11, 1.32611554116e-12, 5.78327587642e-13, 6.17347102258e-13, 5.94833264676e-13, 4.84487504369e-13, 4.71323446851e-13, 4.91007625184e-13, 2.98502352393e-13, 1.18894897725e-13, 1.87324571951e-14, 6.79382892378e-16],
        "stdev": [0.00100694212597, 0.00343098212034, 0.00494810612872, 0.0042646182701, 0.00229301839136, 0.00130561902188, 0.000815405801404, 0.000436140282545, 0.000309059105348, 0.000425386766437, 0.000403239624575, 0.000249781704042, 0.000329519156367, 0.000242595822783, 0.000242265610723, 0.000295404606732, 0.000199081725441, 0.000184213189641, 0.000266312301392, 0.000372376525775, 0.00037377604167, 0.000579871062655, 0.000797349144705, 0.000793338229414, 0.00119067600463, 0.00170440168586, 0.00243208161555, 0.00150584266521, 0.00110175495502, 0.000697902520187, 0.000651837617625, 0.000921212078538, 0.000533231301233, 0.000382801285014, 0.000492872844916, 0.000455760164186, 0.000367139291484, 0.000174066517502, 0.000393121648813, 0.000323897635099, 0.000272376491921, 0.000203859584872, 0.000200940441573, 0.000214514686377, 0.000153173547005, 0.000143630779348, 0.000125915947137, 0.000281985208858, 8.26215109555e-05, 5.2679260989e-05, 5.75717567699e-05, 4.10281863878e-05, 6.63651080686e-05, 8.00314664957e-05, 6.08483642281e-05, 3.91426729038e-05, 6.66100822855e-05, 7.26711805328e-05, 6.96062561474e-05, 3.45828193531e-05, 6.14679011051e-05, 5.24632814631e-05, 7.84376970842e-05, 5.3526575357e-05, 0.00010511851724, 4.30019463238e-05, 4.38299866801e-05, 4.95105887239e-05, 1.71026167664e-05, 1.52662778419e-05, 1.53305627464e-05, 7.41804979043e-06, 6.09754988545e-06, 6.42168879494e-06, 5.22729760633e-06, 3.38903851116e-06, 4.23901428803e-06, 3.30983948515e-06, 2.90189223051e-06, 2.7503133424e-06, 2.93400876217e-06, 4.80787002743e-06, 7.44855333323e-06, 1.34632946356e-05, 5.4016836657e-06, 5.1136807997e-06, 2.19097705667e-06, 2.03194667847e-06, 2.25042890634e-06, 2.75319803222e-06, 2.25461326409e-06, 2.67566338152e-06, 3.24233246829e-06, 8.21546200314e-06, 5.99965715082e-05, 2.18683162529e-05, 5.70573956793e-06, 4.42187365479e-06, 5.42549105376e-06, 5.13662962476e-06, 5.49015112483e-06, 8.41496876092e-06, 1.39840249176e-05, 2.90504813165e-05, 1.45936819536e-05, 1.13041305667e-05, 8.67002745508e-06, 5.22939171788e-06, 3.42714315593e-06, 4.2707083594e-06, 3.55098472937e-06, 1.14987151392e-05, 5.09505389346e-06, 7.18551564205e-06, 2.78330094261e-06, 1.86996953744e-06, 1.21946391118e-06, 1.21982532164e-06, 9.264737173e-07, 6.6470386173e-07, 7.24573794741e-07, 7.878313113e-07, 2.12689528212e-07, 6.99909463719e-09, 2.82508150207e-09, 2.79816791959e-09, 2.77621348133e-09, 2.76173461877e-09]
    },
    "mfcc": {
        "mean": [-633.067871094, 90.2329788208, -11.1003065109, 3.83024168015, 10.2396726608, -3.48952364922, 11.5319766998, 11.9044351578, -1.89868843555, 5.33794212341, 2.58581733704, 3.01371359825, -11.3733968735],
        "cov": [[2575.44116211, -181.565612793, 232.196456909, 57.5092926025, 25.4885063171, 169.094863892, 55.9064292908, 67.5427703857, 83.2220153809, 84.0054016113, 42.4129981995, -24.0779438019, 27.6598300934], [-181.565612793, 569.424499512, 157.061599731, 162.659667969, 124.707130432, 176.018096924, 83.2280654907, 63.3294639587, 1.65918648243, -21.6775188446, -8.4241437912, 53.0911064148, 1.95008409023], [232.196456909, 157.061599731, 1062.70080566, 308.678985596, 299.619354248, 388.309234619, 15.4658050537, 121.906303406, 138.797348022, -27.3275871277, 63.1478462219, 58.7479743958, 54.0892181396], [57.5092926025, 162.659667969, 308.678985596, 379.116210938, 238.802581787, 123.729385376, -30.5338058472, 25.8522186279, 43.8804130554, 20.3427257538, 30.1688480377, 31.8766403198, 15.6802358627], [25.4885063171, 124.707130432, 299.619354248, 238.802581787, 381.618927002, 149.354217529, 10.1890859604, 44.9462623596, 41.6031799316, 24.6247348785, 25.1993045807, 24.4030799866, 4.71091651917], [169.094863892, 176.018096924, 388.309234619, 123.729385376, 149.354217529, 339.20715332, 92.2859191895, 82.131072998, 39.9803657532, -23.857301712, 29.1875858307, 38.8433570862, 5.47828006744], [55.9064292908, 83.2280654907, 15.4658050537, -30.5338058472, 10.1890859604, 92.2859191895, 214.097747803, 103.045982361, -41.0414047241, -28.4720516205, -2.4222111702, 10.6338376999, -16.8963890076], [67.5427703857, 63.3294639587, 121.906303406, 25.8522186279, 44.9462623596, 82.131072998, 103.045982361, 157.392349243, 25.5530834198, -3.13880991936, 21.0424442291, 9.73405361176, -13.943693161], [83.2220153809, 1.65918648243, 138.797348022, 43.8804130554, 41.6031799316, 39.9803657532, -41.0414047241, 25.5530834198, 151.563949585, 73.7280807495, 22.4515075684, 7.41235780716, 4.08596038818], [84.0054016113, -21.6775188446, -27.3275871277, 20.3427257538, 24.6247348785, -23.857301712, -28.4720516205, -3.13880991936, 73.7280807495, 133.251266479, 36.7828865051, -4.96257448196, -3.60195803642], [42.4129981995, -8.4241437912, 63.1478462219, 30.1688480377, 25.1993045807, 29.1875858307, -2.4222111702, 21.0424442291, 22.4515075684, 36.7828865051, 83.7447509766, 27.1052703857, 1.95244526863], [-24.0779438019, 53.0911064148, 58.7479743958, 31.8766403198, 24.4030799866, 38.8433570862, 10.6338376999, 9.73405361176, 7.41235780716, -4.96257448196, 27.1052703857, 84.1104354858, 25.1888275146], [27.6598300934, 1.95008409023, 54.0892181396, 15.6802358627, 4.71091651917, 5.47828006744, -16.8963890076, -13.943693161, 4.08596038818, -3.60195803642, 1.95244526863, 25.1888275146, 75.1297912598]],
        "icov": [[0.000453633983852, 0.000265610608039, 3.03292949866e-06, -0.000150315157953, 0.000141774842632, -0.000364083709428, -0.000128684056108, -9.18778969208e-05, -1.72243635461e-05, -0.000341583188856, 4.29460451414e-05, 0.000217061664443, -0.000262380519416], [0.000265610608039, 0.00269257207401, 0.000346269865986, -0.00112197559793, 0.000125361184473, -0.00135962036438, -0.000447435944807, -0.000438140763436, 0.000139036041219, -0.000344602274708, 0.00132082682103, -0.00122302630916, 7.81683411333e-05], [3.03292949866e-06, 0.000346269865986, 0.0025167404674, -0.000882377265953, -0.000499052694067, -0.00213051284663, 0.000665377825499, -0.00085802283138, -0.00171595055144, 0.0016890114639, -0.000809479737654, 0.000437352282461, -0.00141211145092], [-0.000150315157953, -0.00112197559793, -0.000882377265953, 0.00544246286154, -0.00250084558502, 0.000406029605074, 0.0013914401643, -0.000122153025586, 0.000633472925983, -0.000497208326124, -0.00048834446352, -0.000355021707946, 7.47292506276e-05], [0.000141774842632, 0.000125361184473, -0.000499052694067, -0.00250084558502, 0.00491627026349, -0.000920830527321, -0.000104046433989, -0.000331113493303, 0.000604582135566, -0.00139663275331, 0.000633708375972, -0.000162936587003, 0.000438131770352], [-0.000364083709428, -0.00135962036438, -0.00213051284663, 0.000406029605074, -0.000920830527321, 0.0074099553749, -0.00267577939667, 0.000927069340833, -0.00101647258271, 0.00138030212838, -0.00128309451975, -0.000565812457353, 0.00105065223761], [-0.000128684056108, -0.000447435944807, 0.000665377825499, 0.0013914401643, -0.000104046433989, -0.00267577939667, 0.00998596288264, -0.00639254925773, 0.0039692716673, -0.00124223611783, 0.00172089855187, -0.00116713484749, 0.000621722196229], [-9.18778969208e-05, -0.000438140763436, -0.00085802283138, -0.000122153025586, -0.000331113493303, 0.000927069340833, -0.00639254925773, 0.0121459895745, -0.00360948522575, 0.00185877853073, -0.0029373515863, 0.000884458015207, 0.00152337679174], [-1.72243635461e-05, 0.000139036041219, -0.00171595055144, 0.000633472925983, 0.000604582135566, -0.00101647258271, 0.0039692716673, -0.00360948522575, 0.013408225961, -0.00818823650479, 0.00282464036718, -0.00172315817326, 0.000747427984606], [-0.000341583188856, -0.000344602274708, 0.0016890114639, -0.000497208326124, -0.00139663275331, 0.00138030212838, -0.00124223611783, 0.00185877853073, -0.00818823650479, 0.0148457335308, -0.00672605773434, 0.00275828922167, -0.000517896434758], [4.29460451414e-05, 0.00132082682103, -0.000809479737654, -0.00048834446352, 0.000633708375972, -0.00128309451975, 0.00172089855187, -0.0029373515863, 0.00282464036718, -0.00672605773434, 0.0181662272662, -0.00657487660646, 0.00178647704888], [0.000217061664443, -0.00122302630916, 0.000437352282461, -0.000355021707946, -0.000162936587003, -0.000565812457353, -0.00116713484749, 0.000884458015207, -0.00172315817326, 0.00275828922167, -0.00657487660646, 0.0170312449336, -0.00564905861393], [-0.000262380519416, 7.81683411333e-05, -0.00141211145092, 7.47292506276e-05, 0.000438131770352, 0.00105065223761, 0.000621722196229, 0.00152337679174, 0.000747427984606, -0.000517896434758, 0.00178647704888, -0.00564905861393, 0.0165064428002]]
    },
    "spectral_contrast_coeffs": {
        "max": [-0.492754906416, -0.429160177708, -0.411498039961, -0.567798435688, -0.535513162613, -0.699703335762],
        "mean": [-0.753559470177, -0.768211483955, -0.731016695499, -0.771245658398, -0.765015006065, -0.793979287148],
        "min": [-0.923622369766, -0.923332870007, -0.90370285511, -0.884018659592, -0.909900665283, -0.875911414623],
        "stdev": [0.0661182999611, 0.0926662385464, 0.0896280258894, 0.0640646517277, 0.0544442459941, 0.032680798322]
    },
    "spectral_contrast_valleys": {
        "max": [-4.94525527954, -5.21313428879, -5.35818481445, -6.13782215118, -5.90390920639, -7.96877670288],
        "mean": [-7.13523244858, -7.09617996216, -7.32955408096, -7.49075984955, -7.42562007904, -9.69609165192],
        "min": [-10.6155672073, -8.66715431213, -9.49683094025, -9.90945720673, -9.02265262604, -11.4878082275],
        "stdev": [1.15059578419, 0.650394558907, 0.610070884228, 0.538004815578, 0.532734870911, 0.689327001572]
    }
},
"rhythm": {
    "beats_count": 56,
    "beats_loudness": {
        "max": 0.0993066132069,
        "mean": 0.05055513978,
        "min": 0.00917317997664,
        "stdev": 0.0181214697659
    },
    "bpm": 105.86164093,
    "bpm_histogram_first_peak_bpm": 105,
    "bpm_histogram_first_peak_weight": 0.294117629528,
    "bpm_histogram_second_peak_bpm": 98,
    "bpm_histogram_second_peak_spread": 0,
    "bpm_histogram_second_peak_weight": 0.0727272704244,
    "danceability": 1.43590354919,
    "onset_rate": 4.02978515625,
    "beats_loudness_band_ratio": {
        "max": [0.783289074898, 0.184040874243, 0.738703548908, 0.764916181564, 0.685908138752, 0.43807965517],
        "mean": [0.501035392284, 0.0456601269543, 0.136286884546, 0.143001481891, 0.0673596262932, 0.12159563601],
        "min": [0.000109677537694, 0.00208813138306, 0.0172688718885, 0.0115647772327, 0.0120543204248, 0.0295548643917],
        "stdev": [0.228956386447, 0.038992125541, 0.157906115055, 0.167985200882, 0.094013735652, 0.058950368315]
    },
    "beats_position": [0.592108845711, 1.20743763447, 1.8111563921, 2.42648530006, 3.04181408882, 3.62231278419, 4.20281171799, 4.77170038223, 5.34058952332, 5.90947818756, 6.47836732864, 7.03564596176, 7.59292507172, 8.17342376709, 8.73070240021, 9.29959201813, 9.86848068237, 10.4373693466, 11.0062580109, 11.5635375977, 12.1324262619, 12.7013149261, 13.2585935593, 13.8274831772, 14.3963718414, 14.9536504745, 15.5225391388, 16.0914287567, 16.6487064362, 17.2175960541, 17.786485672, 18.3553733826, 18.9242630005, 19.4815406799, 20.0504302979, 20.6193199158, 21.1882076263, 21.7570972443, 22.3143768311, 22.8832645416, 23.4521541595, 24.009431839, 24.5783214569, 25.1472110748, 25.7044887543, 26.2733783722, 26.8422679901, 27.4111557007, 27.9800453186, 28.537322998, 29.106212616, 29.6751022339, 30.2439899445, 30.8128795624, 31.3817672729, 31.9506568909],
