{
"metadata": {
    "version": {
        "essentia": "2.1-beta5",
        "essentia_git_sha": "Undefined",
        "extractor": "music 2.0"
    },
    "audio_properties": {
        "analysis": {
            "equal_loudness": 0,
            "length": 24.6247615814,
            "sample_rate": 44100,
            "start_time": 162.481628418,
            "downmix": "mix"
        },
        "bit_rate": 192000,
        "length": 187.129623413,
        "lossless": 0,
        "number_channels": 2,
        "replay_gain": -5.21769523621,
        "sample_rate": 48000,
        "codec": "mp3",
        "md5_encoded": "141c59b1efe924d13f19ec11a7c694c9"
    },
    "tags": {
        "file_name": "Portugal_Coisas De Nada_Nonstop.mp3",
        "encoding": ["Lavf58.29.100"]
    }
},
"lowlevel": {
    "average_loudness": 0.958056509495,
    "barkbands_crest": {
        "max": 26.9049758911,
        "mean": 9.62711811066,
        "min": 2.57326674461,
        "stdev": 4.20355558395
    },
    "barkbands_flatness_db": {
        "max": 0.602147638798,
        "mean": 0.104219183326,
        "min": 0.0211406685412,
        "stdev": 0.0453675352037
    },
    "barkbands_kurtosis": {
        "max": 3997.36987305,
        "mean": 6.73419952393,
        "min": -1.87798643112,
        "stdev": 126.271980286
    },
    "barkbands_skewness": {
        "max": 62.0971412659,
        "mean": 1.10186600685,
        "min": -2.26506209373,
        "stdev": 2.21670293808
    },
    "barkbands_spread": {
        "max": 104.403503418,
        "mean": 22.6960601807,
        "min": 0.140142709017,
        "stdev": 16.9865932465
    },
    "dissonance": {
        "max": 0.500000119209,
        "mean": 0.471836715937,
        "min": 0.362714141607,
        "stdev": 0.0240775961429
    },
    "dynamic_complexity": 2.62849712372,
    "erbbands_crest": {
        "max": 29.3505725861,
        "mean": 10.5275468826,
        "min": 2.17637634277,
        "stdev": 4.79061841965
    },
    "erbbands_flatness_db": {
        "max": 0.307476043701,
        "mean": 0.168642804027,
        "min": 0.0220470093191,
        "stdev": 0.0578931495547
    },
    "erbbands_kurtosis": {
        "max": 21.0776824951,
        "mean": 1.2124876976,
        "min": -1.71740984917,
        "stdev": 2.14193272591
    },
    "erbbands_skewness": {
        "max": 3.85075569153,
        "mean": 0.743740439415,
        "min": -2.77241873741,
        "stdev": 0.675872564316
    },
    "erbbands_spread": {
        "max": 152.019683838,
        "mean": 29.3859272003,
        "min": 3.96991801262,
        "stdev": 20.4834289551
    },
    "hfc": {
        "max": 286.758514404,
        "mean": 32.9475097656,
        "min": 5.24900087839e-07,
        "stdev": 30.4725055695
    },
    "loudness_ebu128": {
        "integrated": -17.5486392975,
        "loudness_range": 3.61602401733,
        "momentary": {
            "max": -14.7461414337,
            "mean": -18.2760982513,
            "min": -29.615606308,
            "stdev": 2.85615348816
        },
        "short_term": {
            "max": -15.7183246613,
            "mean": -17.5750846863,
            "min": -22.2136631012,
            "stdev": 1.45560789108
        }
    },
    "melbands_crest": {
        "max": 39.9897766113,
        "mean": 12.1887187958,
        "min": 3.56114411354,
        "stdev": 5.06189107895
    },
    "melbands_flatness_db": {
        "max": 0.58556997776,
        "mean": 0.147967800498,
        "min": 0.0527626015246,
        "stdev": 0.0404779203236
    },
    "melbands_kurtosis": {
        "max": 7611.35302734,
        "mean": 14.0813312531,
        "min": -1.02907335758,
        "stdev": 236.052764893
    },
    "melbands_skewness": {
        "max": 84.5733261108,
        "mean": 1.65958213806,
        "min": -0.584465563297,
        "stdev": 2.91035223007
    },
    "melbands_spread": {
        "max": 222.396102905,
        "mean": 27.0639514923,
        "min": 0.117849133909,
        "stdev": 19.768075943
    },
    "pitch_salience": {
        "max": 0.827386558056,
        "mean": 0.599175095558,
        "min": 0.00221014930867,
        "stdev": 0.110550306737
    },
    "silence_rate_20dB": {
        "max": 1,
        "mean": 1,
        "min": 1,
        "stdev": 0
    },
    "silence_rate_30dB": {
        "max": 1,
        "mean": 1,
        "min": 1,
        "stdev": 0
    },
    "silence_rate_60dB": {
        "max": 1,
        "mean": 0.0499058365822,
        "min": 0,
        "stdev": 0.217750623822
    },
    "spectral_centroid": {
        "max": 4446.45361328,
        "mean": 1592.55883789,
        "min": 414.908538818,
        "stdev": 462.292602539
    },
    "spectral_complexity": {
        "max": 42,
        "mean": 21.0762710571,
        "min": 0,
        "stdev": 7.14464187622
    },
    "spectral_decrease": {
        "max": -9.73599574848e-16,
        "mean": -5.7385816099e-09,
        "min": -2.74704206049e-08,
        "stdev": 4.13588407966e-09
    },
    "spectral_energy": {
        "max": 0.107555575669,
        "mean": 0.0246471706778,
        "min": 3.72219854938e-09,
        "stdev": 0.0170272309333
    },
    "spectral_energyband_high": {
        "max": 0.026167480275,
        "mean": 0.00137482804712,
        "min": 1.98785033573e-11,
        "stdev": 0.00270080543123
    },
    "spectral_energyband_low": {
        "max": 0.072526678443,
        "mean": 0.0032979042735,
        "min": 2.32868546668e-09,
        "stdev": 0.00834351871163
    },
    "spectral_energyband_middle_high": {
        "max": 0.0548698231578,
        "mean": 0.0117056686431,
        "min": 4.08903813587e-11,
        "stdev": 0.0100608691573
    },
    "spectral_energyband_middle_low": {
        "max": 0.0738296583295,
        "mean": 0.00871683470905,
        "min": 6.36056094946e-12,
        "stdev": 0.00888964347541
    },
    "spectral_entropy": {
        "max": 9.01696681976,
        "mean": 7.77360677719,
        "min": 6.96857452393,
        "stdev": 0.302491366863
    },
    "spectral_flux": {
        "max": 0.281543076038,
        "mean": 0.0930712148547,
        "min": 0.000413615343859,
        "stdev": 0.0452550165355
    },
    "spectral_kurtosis": {
        "max": 10.6431522369,
        "mean": 4.67445755005,
        "min": -1.49450850487,
        "stdev": 2.12940716743
    },
    "spectral_rms": {
        "max": 0.0102436449379,
        "mean": 0.00458896020427,
        "min": 1.90562673197e-06,
        "stdev": 0.0017284352798
    },
    "spectral_rolloff": {
        "max": 12812.2558594,
        "mean": 2232.31689453,
        "min": 21.533203125,
        "stdev": 2007.90307617
    },
    "spectral_skewness": {
        "max": 2.51561832428,
        "mean": 1.75235998631,
        "min": -0.0271504968405,
        "stdev": 0.374330610037
    },
    "spectral_spread": {
        "max": 18574238,
        "mean": 5452972.5,
        "min": 2724018.5,
        "stdev": 2431778.25
    },
    "spectral_strongpeak": {
        "max": 10.0467090607,
        "mean": 1.7505184412,
        "min": 0,
        "stdev": 1.53339588642
    },
    "zerocrossingrate": {
        "max": 0.4130859375,
        "mean": 0.0891016721725,
        "min": 0,
        "stdev": 0.0500011369586
    },
    "barkbands": {
        "max": [0.0126015422866, 0.0623670108616, 0.018127143383, 0.00662429071963, 0.022156463936, 0.0507707968354, 0.0471388995647, 0.0495046935976, 0.0417555086315, 0.0356902629137, 0.0484155155718, 0.0446026884019, 0.0148121835664, 0.0126836905256, 0.0103770522401, 0.0185518153012, 0.0106704346836, 0.00456348713487, 0.00244331546128, 0.00328436912969, 0.00108394352719, 0.0018664264353, 0.00299267610535, 0.00732800783589, 0.0173974633217, 0.00632170820609, 0.000581039872486],
        "mean": [0.000426676968345, 0.0019070453709, 0.000801179907285, 0.000500790483784, 0.00134440732654, 0.00118748378009, 0.00183565926272, 0.00169735809322, 0.00163528008852, 0.00289504113607, 0.00318236765452, 0.00141215021722, 0.000675393966958, 0.000894955242984, 0.000848760420922, 0.000668616441544, 0.000444477482233, 0.000418395356974, 0.000307451904519, 0.000318730250001, 0.000115216840641, 0.000111531779112, 0.000128776620841, 0.000265676528215, 0.000379235483706, 0.000211366219446, 3.31598203047e-05],
        "min": [6.43708919501e-10, 1.17452325643e-09, 4.46044893729e-12, 9.01855250635e-13, 1.0620894355e-12, 7.09197782965e-13, 7.09575573212e-13, 6.83458281289e-13, 1.71770898286e-12, 1.81303420627e-12, 2.21023525003e-12, 2.32140175138e-12, 2.95460877986e-12, 2.62076081323e-12, 2.3832843251e-12, 4.47214877977e-12, 4.02180589179e-12, 3.73073360399e-12, 3.14347332886e-12, 3.26231988472e-12, 2.83531726743e-12, 2.98717626156e-12, 3.14949975821e-12, 1.6631473759e-12, 1.87453112928e-12, 3.0407670739e-12, 2.86918297281e-12],
        "stdev": [0.00132868438959, 0.00647724187002, 0.00142233539373, 0.000755265413318, 0.00212936103344, 0.00307186460122, 0.00401949882507, 0.00416935747489, 0.0029120631516, 0.00485750474036, 0.00560365570709, 0.00367932999507, 0.00107135588769, 0.00126813841052, 0.00124641146977, 0.00122481770813, 0.000707277562469, 0.000585322675761, 0.000340016413247, 0.000449972023489, 0.000141845652252, 0.000182732226676, 0.00019472038548, 0.000649764144327, 0.00141434522811, 0.000541091663763, 6.95361959515e-05]
    },
    "erbbands": {
        "max": [2.77586770058, 11.8727464676, 24.007226944, 14.7075195312, 80.1101531982, 61.3604698181, 203.408981323, 476.262023926, 340.542388916, 1308.35119629, 873.827819824, 1179.30761719, 1383.7845459, 1668.93444824, 2178.3190918, 1300.31787109, 780.574951172, 757.598266602, 419.705291748, 804.190063477, 477.050598145, 702.011291504, 198.098556519, 257.568267822, 134.313827515, 193.803710938, 76.9992523193, 57.9218826294, 70.2853317261, 38.6184310913, 101.613800049, 186.107452393, 152.215744019, 217.750930786, 106.140060425, 40.8024101257, 8.633934021, 1.04844880104, 0.122783079743, 0.00454706419259],
        "mean": [0.0698513388634, 0.369799137115, 0.903017699718, 1.41575372219, 2.94551348686, 4.81731081009, 6.5924038887, 10.9613981247, 15.6673984528, 45.6849365234, 29.9348926544, 37.7593154907, 67.8870925903, 104.265792847, 128.063201904, 50.6474342346, 33.4548377991, 41.9275054932, 41.1660690308, 53.1873397827, 28.595287323, 25.798866272, 22.1323699951, 19.3091869354, 15.3998117447, 16.0176448822, 6.0059428215, 4.46534967422, 4.0649561882, 3.54196000099, 3.88063764572, 4.76123905182, 4.81709575653, 4.33967590332, 2.61072683334, 1.12203121185, 0.368659824133, 0.0519751012325, 0.00672922981903, 0.000216158674448],
        "min": [6.28920986401e-08, 1.68252128674e-07, 3.00514102491e-08, 1.41306095713e-08, 9.61048485237e-09, 5.82119330517e-09, 6.34705443758e-09, 7.13969150468e-09, 8.66328608851e-09, 1.64275739678e-08, 2.09384669603e-08, 4.04249611563e-08, 4.42661693967e-08, 5.67948106323e-08, 1.04282271707e-07, 1.12570262445e-07, 1.24267103274e-07, 1.38015536777e-07, 1.15094024977e-07, 1.58699535291e-07, 2.45407676402e-07, 2.31497523373e-07, 2.09184250366e-07, 1.79838707481e-07, 1.4743429233e-07, 1.56797980821e-07, 1.31472845055e-07, 1.04573558701e-07, 1.10953578769e-07, 9.88520554301e-08, 8.55595416738e-08, 5.00542753912e-08, 2.29651480055e-08, 2.34490045159e-08, 1.13508535904e-08, 1.22554180138e-08, 5.66928548551e-09, 1.53106882728e-09, 4.35352143224e-10, 4.35415176137e-11],
        "stdev": [0.279800236225, 1.15687191486, 1.80096065998, 1.95436060429, 5.77469062805, 7.50089216232, 14.6313533783, 30.5715236664, 32.7411651611, 102.382171631, 66.384262085, 73.9644927979, 119.258522034, 142.94744873, 226.63142395, 114.073204041, 51.7102279663, 59.5941200256, 52.7053565979, 78.7826156616, 44.2958488464, 40.0134391785, 28.6522140503, 23.2574081421, 18.4127998352, 22.480091095, 7.1817445755, 6.65014696121, 6.63115262985, 5.13540267944, 6.13156557083, 11.6786642075, 12.3604574203, 15.8691253662, 10.0730371475, 3.42426204681, 0.924003124237, 0.110080122948, 0.0141650624573, 0.000420853408286]
    },
    "gfcc": {
        "mean": [20.5512371063, 43.0071983337, -135.538467407, -3.91385555267, -60.8153533936, 17.7178668976, -36.8296508789, 20.0118217468, -26.1776332855, 3.22547125816, -17.5976409912, -0.189305692911, -11.9551582336],
        "cov": [[5539.59130859, 242.298034668, 1343.20703125, 477.315734863, 314.044799805, -136.967880249, -234.261505127, -172.492965698, -256.246765137, -48.5974388123, 84.9937362671, 12.2562646866, -14.0196237564], [242.298034668, 539.719848633, 27.7882881165, 110.283317566, 82.604927063, -40.2206344604, 35.1517448425, -28.343038559, -38.7823524475, -41.1991691589, 44.1730384827, -17.1182346344, 19.0296421051], [1343.20703125, 27.7882881165, 1928.08898926, 599.506530762, 353.286193848, -65.5268325806, -182.126983643, -203.363265991, -154.166046143, 15.8772602081, 17.8359489441, 67.2151565552, 0.919960677624], [477.315734863, 110.283317566, 599.506530762, 397.362365723, 174.214096069, 2.40611481667, -12.403254509, -66.7785110474, -49.0187110901, -13.3983459473, -23.0755138397, 13.9748878479, 3.87171697617], [314.044799805, 82.604927063, 353.286193848, 174.214096069, 244.498016357, 31.8129234314, 47.0850639343, -17.5423107147, -43.3532142639, -40.6930389404, -15.9473152161, 1.4330316782, 4.3160777092], [-136.967880249, -40.2206344604, -65.5268325806, 2.40611481667, 31.8129234314, 173.573486328, 90.8152694702, 6.615878582, 0.0486168600619, -9.49865150452, -34.7523040771, -6.69331359863, -3.49931716919], [-234.261505127, 35.1517448425, -182.126983643, -12.403254509, 47.0850639343, 90.8152694702, 174.2059021, 31.4172477722, 20.4072246552, -27.7778015137, -41.311214447, -4.37937688828, -4.32547712326], [-172.492965698, -28.343038559, -203.363265991, -66.7785110474, -17.5423107147, 6.615878582, 31.4172477722, 141.521835327, 76.0828857422, -10.0615720749, -22.1733264923, -11.3867826462, 0.213040918112], [-256.246765137, -38.7823524475, -154.166046143, -49.0187110901, -43.3532142639, 0.0486168600619, 20.4072246552, 76.0828857422, 116.318984985, 31.4996318817, -12.312297821, -3.01738548279, -11.5195884705], [-48.5974388123, -41.1991691589, 15.8772602081, -13.3983459473, -40.6930389404, -9.49865150452, -27.7778015137, -10.0615720749, 31.4996318817, 99.7038955688, 54.1900939941, 4.95366716385, -19.2349796295], [84.9937362671, 44.1730384827, 17.8359489441, -23.0755138397, -15.9473152161, -34.7523040771, -41.311214447, -22.1733264923, -12.312297821, 54.1900939941, 126.077362061, 14.9142370224, -1.6437356472], [12.2562646866, -17.1182346344, 67.2151565552, 13.9748878479, 1.4330316782, -6.69331359863, -4.37937688828, -11.3867826462, -3.01738548279, 4.95366716385, 14.9142370224, 51.2298240662, 16.0887145996], [-14.0196237564, 19.0296421051, 0.919960677624, 3.87171697617, 4.3160777092, -3.49931716919, -4.32547712326, 0.213040918112, -11.5195884705, -19.2349796295, -1.6437356472, 16.0887145996, 59.290813446]],
        "icov": [[0.000242924390477, -5.8646339312e-05, -9.51546680881e-05, -7.14091584086e-05, -9.19388621696e-05, 4.31449552707e-05, 0.00021543179173, -0.000157618575031, 0.000378343422199, 8.03567381809e-05, -9.95975642581e-05, 4.08985397371e-05, 0.000193643209059], [-5.8646339312e-05, 0.0026747151278, 0.000328458670992, -0.00112330901902, -0.0002974315139, 0.00104973383714, -0.00112311693374, 0.000661263882648, -0.000310469360556, 0.00157698895782, -0.00206822901964, 0.00168351863977, -0.000867660739459], [-9.51546680881e-05, 0.000328458670992, 0.00165462889709, -0.00150219548959, -0.00160301697906, 6.0844955442e-05, 0.00162000709679, 0.00081711972598, 0.00026518033701, -0.000642160419375, 0.000404974474804, -0.00142846710514, 0.000422071781941], [-7.14091584086e-05, -0.00112330901902, -0.00150219548959, 0.00607218360528, -0.00170737784356, -0.000263379595708, -0.000190852020751, 0.000778875895776, -0.000614354328718, -0.00105712271761, 0.00197798246518, -0.000300679181237, -0.000263425812591], [-9.19388621696e-05, -0.0002974315139, -0.00160301697906, -0.00170737784356, 0.00904703792185, -0.000440657429863, -0.00382414390333, -0.00190942490008, 0.00127333542332, 0.00266007613391, -0.00171997421421, 0.00180246878881, -0.000173040200025], [4.31449552707e-05, 0.00104973383714, 6.0844955442e-05, -0.000263379595708, -0.000440657429863, 0.0087688760832, -0.00473651569337, 0.000231732090469, 0.00137038086541, -0.00136334344279, 0.000959607539698, 0.00125806080177, -0.000598041980993], [0.00021543179173, -0.00112311693374, 0.00162000709679, -0.000190852020751, -0.00382414390333, -0.00473651569337, 0.0121537493542, 7.95974483481e-05, -0.00118925597053, 0.000450079882285, 0.00231630215421, -0.00343257142231, 0.00219454732724], [-0.000157618575031, 0.000661263882648, 0.00081711972598, 0.000778875895776, -0.00190942490008, 0.000231732090469, 7.95974483481e-05, 0.0138126881793, -0.00969352386892, 0.00391798047349, -0.000681499543134, 0.00179900287185, -0.00132354220841], [0.000378343422199, -0.000310469360556, 0.00026518033701, -0.000614354328718, 0.00127333542332, 0.00137038086541, -0.00118925597053, -0.00969352386892, 0.0192977618426, -0.0085166413337, 0.00398706551641, -0.00227722595446, 0.00187623943202], [8.03567381809e-05, 0.00157698895782, -0.000642160419375, -0.00105712271761, 0.00266007613391, -0.00136334344279, 0.000450079882285, 0.00391798047349, -0.0085166413337, 0.0208451263607, -0.0098259486258, 0.00145231024362, 0.0037778406404], [-9.95975642581e-05, -0.00206822901964, 0.000404974474804, 0.00197798246518, -0.00171997421421, 0.000959607539698, 0.00231630215421, -0.000681499543134, 0.00398706551641, -0.0098259486258, 0.0148857953027, -0.00470939883962, 0.000135608148412], [4.08985397371e-05, 0.00168351863977, -0.00142846710514, -0.000300679181237, 0.00180246878881, 0.00125806080177, -0.00343257142231, 0.00179900287185, -0.00227722595446, 0.00145231024362, -0.00470939883962, 0.0258310418576, -0.0079138725996], [0.000193643209059, -0.000867660739459, 0.000422071781941, -0.000263425812591, -0.000173040200025, -0.000598041980993, 0.00219454732724, -0.00132354220841, 0.00187623943202, 0.0037778406404, 0.000135608148412, -0.0079138725996, 0.0210844371468]]
    },
    "melbands": {
        "max": [0.0189501773566, 0.0117695098743, 0.00364539283328, 0.00529648223892, 0.00596179859713, 0.00957030802965, 0.00501090940088, 0.014794299379, 0.00608107447624, 0.00648441165686, 0.00688375905156, 0.00699808495119, 0.00768002728, 0.00671607069671, 0.00147801951971, 0.00125338253565, 0.00153076613788, 0.000658805598505, 0.00104415242095, 0.00179408234544, 0.000521766545717, 0.000849872012623, 0.000265112670604, 0.00028356682742, 0.000229602417676, 0.000105187995359, 0.00016137563216, 0.000117211951874, 8.09885677882e-05, 2.92955137411e-05, 4.599703243e-05, 5.05827847519e-05, 3.49499932781e-05, 2.10387624975e-05, 4.71537059639e-05, 0.000102497077023, 0.00010733158706, 8.16722385935e-05, 0.00023807270918, 0.000189787431736],
        "mean": [0.000592019234318, 0.000474216416478, 0.000287160190055, 0.000276898732409, 0.000235678278841, 0.000238634209381, 0.00027834426146, 0.000494294275995, 0.000223825118155, 0.000241007655859, 0.000350255082594, 0.000421842589276, 0.000464795390144, 0.000206111071748, 7.20104726497e-05, 7.28348895791e-05, 7.83059658716e-05, 6.6839842475e-05, 6.55922849546e-05, 6.37582779746e-05, 2.68541389232e-05, 2.74192352663e-05, 1.93679588847e-05, 2.24790983339e-05, 1.46581551235e-05, 1.20032282211e-05, 1.11985264084e-05, 1.01673504105e-05, 4.06259141528e-06, 2.48403034675e-06, 2.5395238481e-06, 2.33114724324e-06, 2.11426686292e-06, 1.92461857296e-06, 2.21397749556e-06, 2.31826061281e-06, 3.13285386255e-06, 3.2498710425e-06, 3.56981786354e-06, 3.70250086235e-06],
        "min": [5.34245148121e-10, 1.31522321246e-12, 8.72323914491e-13, 2.76032343684e-13, 1.2432622206e-13, 1.32030508488e-13, 1.23505968907e-13, 1.64760430776e-13, 1.97909424309e-13, 2.46866275252e-13, 2.2844513824e-13, 2.14916680372e-13, 3.85616153809e-13, 2.08697290135e-13, 3.29909439611e-13, 2.55371272089e-13, 2.63409221735e-13, 1.90024252301e-13, 1.83945754136e-13, 2.03202241817e-13, 2.69648236031e-13, 2.39655355023e-13, 2.20896922715e-13, 1.62991500722e-13, 1.452355624e-13, 1.10852197918e-13, 1.03643859445e-13, 1.04537513086e-13, 8.23677741681e-14, 6.93321336215e-14, 5.76777124325e-14, 6.40241914931e-14, 5.5920891561e-14, 5.37217297557e-14, 4.78314118185e-14, 4.85597314041e-14, 2.21477821299e-14, 1.46448557627e-14, 1.8060580497e-14, 2.06659725275e-14],
        "stdev": [0.00211311597377, 0.00104960787576, 0.000416403228883, 0.000454352120869, 0.000462303374661, 0.000643647217657, 0.000579309475143, 0.00110234576277, 0.000490239763167, 0.000464491371531, 0.000628609093837, 0.000615530472714, 0.000832225196064, 0.000524106028024, 0.000118460586236, 0.000110122942715, 0.000123534409795, 9.41924372455e-05, 0.00010150547314, 0.000116273105959, 4.6133165597e-05, 4.66897145088e-05, 2.94500678137e-05, 3.56291930075e-05, 1.89601742022e-05, 1.43048655445e-05, 1.65948349604e-05, 1.46738784679e-05, 5.87529166296e-06, 3.38981681125e-06, 4.23863457399e-06, 4.23840856456e-06, 3.41438749274e-06, 2.91607420877e-06, 3.30720877173e-06, 5.17713442605e-06, 8.04634328233e-06, 7.89770001575e-06, 1.24113548736e-05, 1.39506337291e-05]
    },
    "melbands128": {
        "max": [0.0113415122032, 0.0279404111207, 0.0247359834611, 0.0190778411925, 0.0150897093117, 0.00702472217381, 0.00326114613563, 0.00398556655273, 0.0101578328758, 0.00696141971275, 0.00460290489718, 0.00585898384452, 0.00909189879894, 0.0189560465515, 0.0158534236252, 0.00901083927602, 0.00663574365899, 0.00785154476762, 0.0166872572154, 0.019966557622, 0.0188140701503, 0.0127973053604, 0.00738161336631, 0.00915527530015, 0.0141933392733, 0.00764613831416, 0.0077775772661, 0.0111270174384, 0.0101006636396, 0.00927348248661, 0.00946074444801, 0.00859895721078, 0.0134864980355, 0.0118537712842, 0.0102267721668, 0.00959012471139, 0.00220417208038, 0.00167422671802, 0.00163930829149, 0.00320733617991, 0.00167645339388, 0.00114964693785, 0.00356620224193, 0.00176053156611, 0.00181842176244, 0.00118344416842, 0.00129831628874, 0.00205974420533, 0.0013068242697, 0.00204134499654, 0.0031508221291, 0.00101946294308, 0.00125596323051, 0.00088292453438, 0.000779089343268, 0.00147394754458, 0.000883560453076, 0.000560571614187, 0.000421397446189, 0.000295191275654, 0.000498531211633, 0.00061741983518, 0.000628892332315, 0.000367691623978, 0.000247474468779, 0.000202958806767, 0.00014019793889, 0.000272811186733, 0.000205307645956, 0.000403872720199, 0.000171585459611, 0.000168270038557, 0.000169605118572, 8.23019290692e-05, 5.63147841603e-05, 2.85370006168e-05, 7.74981381255e-05, 4.71471939818e-05, 5.50441327505e-05, 7.65755394241e-05, 8.93027099664e-05, 3.59022451448e-05, 9.11991301109e-05, 3.43349238392e-05, 2.52287736657e-05, 3.58668075933e-05, 2.20404672291e-05, 4.00909084419e-05, 4.8089408665e-05, 4.72939536849e-05, 9.37988515943e-05, 7.93297585915e-05, 0.000189966944163, 0.000123215620988, 0.000147252343595, 0.000102140111267, 0.000125984151964, 0.000117157338536, 0.000253623118624, 0.000328621681547, 0.000290886411676, 0.000204994052183, 0.000176283836481, 0.000193945830688, 0.00020869410946, 0.000207193472306, 0.000146333739394, 0.000119049938803, 6.23364976491e-05, 6.19079510216e-05, 6.53080933262e-05, 7.84126023063e-05, 2.71737480944e-05, 3.5047694837e-05, 1.33687644848e-05, 8.52132689033e-06, 8.29354667076e-06, 8.76045305631e-06, 4.40241637989e-06, 6.01420151725e-06, 4.07490051657e-06, 3.9266760723e-06, 4.37617154603e-06, 1.67331918988e-07, 1.19284460087e-09, 1.0693911312e-09, 1.02257891044e-09, 1.00100083777e-09],
        "mean": [0.000334198964993, 0.000624414358754, 0.000666381092742, 0.000598065089434, 0.000488857040182, 0.000378955213819, 0.000279853440588, 0.000247456569923, 0.000318511563819, 0.000263459834969, 0.00027950364165, 0.000238071894273, 0.000200225942535, 0.000261761451839, 0.0002763797238, 0.000208345678402, 0.000171565683559, 0.000237343876506, 0.000457897927845, 0.000625526707154, 0.0004610401229, 0.000283881643554, 0.000165628312971, 0.00018272503803, 0.000264002243057, 0.000237722910242, 0.000266120594461, 0.000296716141747, 0.000513624341693, 0.00045426064753, 0.000358142337063, 0.000399202108383, 0.000629754620604, 0.000367339147488, 0.000252521916991, 0.000184423595783, 7.91459460743e-05, 5.87948015891e-05, 7.32339613023e-05, 7.60569382692e-05, 6.27561603324e-05, 8.21163339424e-05, 8.33730882732e-05, 6.80523371557e-05, 8.71080992511e-05, 6.13095762674e-05, 5.35247672815e-05, 5.63510984648e-05, 6.80983357597e-05, 9.84538492048e-05, 6.06526773481e-05, 3.65303603758e-05, 2.88622959488e-05, 2.26229731197e-05, 2.14774900087e-05, 3.36433076882e-05, 2.511423736e-05, 2.3459258955e-05, 1.49735496962e-05, 1.53154069267e-05, 2.79426058114e-05, 2.41522830038e-05, 1.39795938594e-05, 1.24533034978e-05, 1.40708816616e-05, 1.32660079544e-05, 9.28574536374e-06, 1.03798292912e-05, 9.62406920735e-06, 1.60353411047e-05, 1.13909136417e-05, 7.38844164516e-06, 4.51461573903e-06, 4.08820869779e-06, 2.55500162893e-06, 1.8433798914e-06, 3.00524811792e-06, 2.75047591458e-06, 2.27884697779e-06, 2.44991610998e-06, 2.67912037089e-06, 1.84051020824e-06, 2.52016479863e-06, 2.25036546908e-06, 1.6277369923e-06, 2.06696859095e-06, 1.80325594101e-06, 2.03630929718e-06, 2.49766799243e-06, 2.05623837246e-06, 2.19462481255e-06, 2.13151361095e-06, 2.99338648801e-06, 3.25200630868e-06, 3.21303855344e-06, 3.15330521516e-06, 3.13529767482e-06, 3.56426130566e-06, 3.48822800333e-06, 3.50504637936e-06, 4.05162563766e-06, 3.67591496797e-06, 3.45710691363e-06, 3.335099791e-06, 3.15963120556e-06, 2.72261399914e-06, 2.14336910176e-06, 1.83011991339e-06, 1.83414647381e-06, 1.84060013453e-06, 2.10114876609e-06, 1.69454040133e-06, 9.76171349976e-07, 6.87146609835e-07, 4.87373711167e-07, 3.99183562649e-07, 3.37161850439e-07, 2.97028464047e-07, 2.46072744403e-07, 2.45557970402e-07, 1.80907179015e-07, 1.2573165975e-07, 5.47330110123e-08, 1.72569514234e-09, 4.34804406022e-12, 4.02397386245e-12, 3.86822865406e-12, 3.81258002599e-12],
        "min": [4.53179577198e-10, 6.57194576537e-10, 4.17859358226e-10, 3.11343642924e-13, 1.29043726659e-12, 2.43087602998e-12, 9.2262330588e-13, 5.49191009509e-13, 4.67985676253e-13, 3.18654607909e-13, 8.44538198055e-14, 9.02110282091e-14, 1.58024960305e-13, 1.57078804174e-13, 8.37935000249e-14, 1.53592687614e-13, 1.34263504177e-13, 6.48450612867e-14, 1.96055777407e-13, 1.83503643596e-13, 1.53751089551e-13, 9.30643162902e-14, 1.84082892159e-13, 3.34216351426e-13, 2.70975977117e-13, 2.34755194884e-13, 1.57029852446e-13, 2.24405821074e-13, 2.42566979957e-13, 3.60969826078e-13, 6.45803736551e-14, 2.27508333353e-13, 6.62861204728e-13, 2.267830021e-13, 1.44453418953e-13, 1.38847958196e-13, 4.78042735605e-13, 2.96615840613e-13, 2.99285932408e-13, 2.38907526574e-13, 2.77368216286e-13, 2.47703279329e-13, 3.08465899308e-13, 1.56219628162e-13, 3.3168568803e-13, 1.73848647067e-13, 1.08578700501e-13, 1.18970886745e-13, 2.36293759082e-13, 2.97722431561e-13, 8.1873777777e-14, 2.15781778838e-13, 2.67113479772e-13, 2.32237054023e-13, 1.71044520778e-13, 2.39586237134e-13, 2.11186537008e-13, 2.39703791755e-13, 2.26500364146e-13, 1.8302922383e-13, 1.35170886528e-13, 1.15155240486e-13, 1.41622851684e-13, 1.43854844486e-13, 1.22859811517e-13, 1.10663031744e-13, 1.08312196831e-13, 8.92276297336e-14, 1.05257016753e-13, 1.20496115256e-13, 1.04846016038e-13, 9.82004394793e-14, 8.27866760062e-14, 7.58942672705e-14, 8.96312172161e-14, 6.89368131806e-14, 6.82568557881e-14, 5.41635963511e-14, 5.66986744826e-14, 5.27979895047e-14, 7.02073151677e-14, 6.88372630924e-14, 5.66628314365e-14, 5.05160691923e-14, 5.55941774007e-14, 6.77287341337e-14, 4.05874742452e-14, 5.06292768398e-14, 4.58840729084e-14, 5.3233503353e-14, 4.59961150385e-14, 5.35869871426e-14, 4.01127190546e-14, 1.7946254766e-14, 1.32004274184e-14, 1.58959081792e-14, 1.6305702719e-14, 1.12876313588e-14, 1.7784083532e-14, 2.08497075263e-14, 2.22777135958e-14, 2.13564348226e-14, 1.70342899671e-14, 1.50911523404e-14, 4.74726052739e-15, 1.09984288997e-14, 1.82065581551e-14, 2.47980398016e-14, 2.46256397977e-14, 1.64087832406e-14, 2.63288756709e-14, 2.01223433939e-14, 1.88486413164e-14, 1.57759107156e-14, 1.13673617231e-14, 1.13969502781e-14, 1.06224699379e-14, 9.70693150696e-15, 1.88025966053e-14, 1.24707076873e-14, 1.28031249204e-14, 1.34511601822e-14, 1.52686514826e-14, 1.16742976641e-14, 7.32017392665e-15, 1.12798267973e-14, 4.97043253317e-15, 1.56665612502e-16],
        "stdev": [0.00112209108192, 0.00264097098261, 0.00257441611029, 0.0017909090966, 0.00112625421025, 0.000628726556897, 0.000407259823987, 0.000415602349676, 0.000707397761289, 0.000537717889529, 0.000471234612633, 0.000477263820358, 0.000548918964341, 0.000851448101457, 0.000943162420299, 0.000655342708342, 0.000506329000928, 0.000659278302919, 0.0012039358262, 0.00157896173187, 0.0013794064289, 0.000865225796588, 0.000545572256669, 0.000489128520712, 0.000745850731619, 0.000580160762183, 0.000589887436945, 0.000821357767563, 0.00113090407103, 0.000824029091746, 0.000770490441937, 0.000857868988533, 0.00142497965135, 0.0010032823775, 0.000809549877886, 0.000700815755408, 0.000215990483412, 0.000130756016006, 0.000152479813551, 0.000183661119081, 0.000137508439366, 0.00013149343431, 0.000203645759029, 0.000160224983119, 0.000182407864486, 0.000110207554826, 0.000126235725475, 0.000146153455717, 0.000129402484163, 0.000207476186915, 0.00017627379566, 9.26921420614e-05, 7.42375850677e-05, 5.53933059564e-05, 6.00590756221e-05, 6.99810916558e-05, 5.5400581914e-05, 4.83858129883e-05, 3.14791286655e-05, 3.24505999743e-05, 5.71624877921e-05, 4.74454500363e-05, 3.21148218063e-05, 2.16271546378e-05, 2.25372768909e-05, 2.17519555008e-05, 1.53122873598e-05, 2.23980096052e-05, 1.9750708816e-05, 3.25114888255e-05, 1.90578030015e-05, 1.55461275426e-05, 9.72997986537e-06, 7.19796753401e-06, 4.00697081204e-06, 2.56752559835e-06, 7.02210354575e-06, 4.74594207844e-06, 4.68262305731e-06, 5.45680632058e-06, 6.60107798467e-06, 3.16878072226e-06, 6.03423541179e-06, 3.94880453314e-06, 2.78816628452e-06, 3.73772445528e-06, 2.92765503218e-06, 3.40708425028e-06, 4.09995982409e-06, 3.50886216438e-06, 4.54830296803e-06, 5.23340713698e-06, 8.95814810065e-06, 8.77181446413e-06, 9.33949104365e-06, 8.44591977511e-06, 8.09304492577e-06, 9.33928822633e-06, 1.26282075144e-05, 1.53505297931e-05, 1.63290733326e-05, 1.42915841934e-05, 1.35110558404e-05, 1.46116499309e-05, 1.37144752443e-05, 1.1599516256e-05, 8.79645358509e-06, 6.36739423499e-06, 5.89605406276e-06, 5.5980876823e-06, 6.23475989414e-06, 5.05270327267e-06, 2.44863304033e-06, 1.92799438992e-06, 1.16720639198e-06, 9.22503772927e-07, 7.47097431031e-07, 7.01770261458e-07, 5.38481685908e-07, 5.74925593355e-07, 4.32098346437e-07, 3.37976587161e-07, 1.96272054609e-07, 8.72120420325e-09, 3.6790733654e-11, 3.30283821126e-11, 3.1600565914e-11, 3.09411177235e-11]
    },
    "mfcc": {
        "mean": [-622.807434082, 93.364440918, -21.7895812988, -12.4911870956, -3.70936012268, -9.01173305511, 3.09903240204, 4.21206998825, 1.80596315861, 6.7002620697, -2.35271573067, -3.65128827095, 0.614881753922],
        "cov": [[3533.29394531, 331.82232666, 660.396911621, 473.57913208, 370.913970947, 37.0844688416, 149.10369873, -84.0172576904, -163.300827026, -41.1008338928, -155.007263184, -34.0151634216, 99.0152282715], [331.82232666, 419.257751465, 59.6959609985, 120.818214417, 64.6268844604, -7.68784093857, 60.4993057251, -2.86919665337, -54.2977104187, 2.87310528755, -32.4499320984, -21.6568813324, -0.11694059521], [660.396911621, 59.6959609985, 1231.06115723, 553.415466309, 436.916320801, 173.118392944, 54.3353462219, -111.97882843, -119.291984558, -85.7312393188, -64.9069824219, -22.3114204407, 32.4017944336], [473.57913208, 120.818214417, 553.415466309, 488.469024658, 263.691986084, 95.3054351807, 54.4648780823, -21.9642429352, -43.682762146, -36.0755844116, -56.943447113, -12.5349187851, 13.3763303757], [370.913970947, 64.6268844604, 436.916320801, 263.691986084, 297.785644531, 43.9702148438, 55.2108955383, -19.381942749, -39.8478813171, -16.3982543945, -44.8298377991, -7.55184841156, 17.8930873871], [37.0844688416, -7.68784093857, 173.118392944, 95.3054351807, 43.9702148438, 224.593383789, 87.0296783447, 21.4954910278, 9.60685443878, -15.598865509, 11.9960212708, -34.9334449768, -30.9867897034], [149.10369873, 60.4993057251, 54.3353462219, 54.4648780823, 55.2108955383, 87.0296783447, 144.803726196, 31.4969730377, -15.3359146118, -1.43446397781, -19.020647049, -28.5624256134, -3.49885797501], [-84.0172576904, -2.86919665337, -111.97882843, -21.9642429352, -19.381942749, 21.4954910278, 31.4969730377, 140.310440063, 93.0490875244, 21.2693767548, 5.85904455185, -21.2238235474, -36.3512535095], [-163.300827026, -54.2977104187, -119.291984558, -43.682762146, -39.8478813171, 9.60685443878, -15.3359146118, 93.0490875244, 143.288360596, 30.943567276, 19.2356185913, -9.53354167938, -40.9760932922], [-41.1008338928, 2.87310528755, -85.7312393188, -36.0755844116, -16.3982543945, -15.598865509, -1.43446397781, 21.2693767548, 30.943567276, 73.2156219482, 27.5935611725, 4.49463653564, 3.63355898857], [-155.007263184, -32.4499320984, -64.9069824219, -56.943447113, -44.8298377991, 11.9960212708, -19.020647049, 5.85904455185, 19.2356185913, 27.5935611725, 84.7960205078, 32.1544570923, -7.82767009735], [-34.0151634216, -21.6568813324, -22.3114204407, -12.5349187851, -7.55184841156, -34.9334449768, -28.5624256134, -21.2238235474, -9.53354167938, 4.49463653564, 32.1544570923, 84.2041549683, 45.6990661621], [99.0152282715, -0.11694059521, 32.4017944336, 13.3763303757, 17.8930873871, -30.9867897034, -3.49885797501, -36.3512535095, -40.9760932922, 3.63355898857, -7.82767009735, 45.6990661621, 104.42615509]],
        "icov": [[0.000373241549823, -0.000156962152687, -6.11319337622e-05, -0.000130041677039, -0.000124799000332, 8.03977236501e-05, -0.000202417009859, 5.70510455873e-05, 9.76320952759e-05, -0.000112603025627, 0.000338958838256, 4.56781781395e-05, -0.000212486920645], [-0.000156962152687, 0.00312970625237, 0.000344764150213, -0.00106846902054, 0.000143425859278, 0.000775966909714, -0.00105186749715, -0.000440615578555, 0.00149220193271, -0.000725233810954, 2.63491801888e-05, 0.000390378496377, 0.000641181191895], [-6.11319337622e-05, 0.000344764150213, 0.00283371820115, -0.00152263045311, -0.00269627571106, -0.00130460946821, 0.00112861278467, 0.00114552909508, 0.000388551154174, 0.00147911615204, -0.000943932507653, 0.0011119293049, -0.00057077454403], [-0.000130041677039, -0.00106846902054, -0.00152263045311, 0.00559199647978, -0.00213037547655, -0.0012882403098, 0.000706030230504, -0.000666046107654, -0.000360880163498, -9.28172084969e-05, 0.00190565758385, -0.00148178357631, 0.000305754452711], [-0.000124799000332, 0.000143425859278, -0.00269627571106, -0.00213037547655, 0.00961563549936, 0.00187376816757, -0.00280309305526, -0.00070971949026, 6.10822244198e-05, -0.00228037824854, 0.0019502916839, -0.00154170580208, 0.000719608506188], [8.03977236501e-05, 0.000775966909714, -0.00130460946821, -0.0012882403098, 0.00187376816757, 0.00872208084911, -0.00565899303183, 0.000520963338204, -0.00161889730953, 0.00194732705131, -0.00421642232686, 0.00272077019326, 0.000543541566003], [-0.000202417009859, -0.00105186749715, 0.00112861278467, 0.000706030230504, -0.00280309305526, -0.00565899303183, 0.0131872724742, -0.00435247924179, 0.0040685236454, -0.00120163429528, 0.00199927249923, 0.00129640253726, -0.0013012625277], [5.70510455873e-05, -0.000440615578555, 0.00114552909508, -0.000666046107654, -0.00070971949026, 0.000520963338204, -0.00435247924179, 0.0157381035388, -0.0100690172985, 0.000716666283552, -0.000596696860157, 0.00147003948223, 0.000620165723376], [9.76320952759e-05, 0.00149220193271, 0.000388551154174, -0.000360880163498, 6.10822244198e-05, -0.00161889730953, 0.0040685236454, -0.0100690172985, 0.016693867743, -0.00469352211803, 0.00135655130725, -0.00163086969405, 0.003504417371], [-0.000112603025627, -0.000725233810954, 0.00147911615204, -9.28172084969e-05, -0.00228037824854, 0.00194732705131, -0.00120163429528, 0.000716666283552, -0.00469352211803, 0.0202721245587, -0.00895929243416, 0.00475146714598, -0.00446131732315], [0.000338958838256, 2.63491801888e-05, -0.000943932507653, 0.00190565758385, 0.0019502916839, -0.00421642232686, 0.00199927249923, -0.000596696860157, 0.00135655130725, -0.00895929243416, 0.0228571202606, -0.012156162411, 0.00587853975594], [4.56781781395e-05, 0.000390378496377, 0.0011119293049, -0.00148178357631, -0.00154170580208, 0.00272077019326, 0.00129640253726, 0.00147003948223, -0.00163086969405, 0.00475146714598, -0.012156162411, 0.0239077061415, -0.0107504008338], [-0.000212486920645, 0.000641181191895, -0.00057077454403, 0.000305754452711, 0.000719608506188, 0.000543541566003, -0.0013012625277, 0.000620165723376, 0.003504417371, -0.00446131732315, 0.00587853975594, -0.0107504008338, 0.016802135855]]
    },
    "spectral_contrast_coeffs": {
        "max": [-0.481310755014, -0.484173029661, -0.501357734203, -0.620316505432, -0.651608467102, -0.679887533188],
        "mean": [-0.74804931879, -0.74635052681, -0.711232542992, -0.776259958744, -0.776053071022, -0.805603742599],
        "min": [-0.944969296455, -0.963557481766, -0.937387049198, -0.959364116192, -0.93907725811, -0.910996854305],
        "stdev": [0.068213455379, 0.0744709596038, 0.0733731463552, 0.0550790354609, 0.0408930778503, 0.0299128908664]
    },
    "spectral_contrast_valleys": {
        "max": [-4.9024977684, -4.81624746323, -5.40777635574, -6.08601856232, -6.08595466614, -7.55327415466],
        "mean": [-7.49855136871, -6.64747858047, -6.90924453735, -7.1597571373, -7.38812589645, -9.55878162384],
        "min": [-19.48188591, -18.2254829407, -18.4735126495, -17.9304046631, -17.7916297913, -18.9375839233],
        "stdev": [1.26270890236, 0.75513613224, 0.779823005199, 0.679738163948, 0.628007531166, 0.763713419437]
    }
},
"rhythm": {
    "beats_count": 60,
    "beats_loudness": {
        "max": 0.0667180866003,
        "mean": 0.0303759984672,
        "min": 0.00224898080342,
        "stdev": 0.017730852589
    },
    "bpm": 147.423034668,
    "bpm_histogram_first_peak_bpm": 148,
    "bpm_histogram_first_peak_weight": 0.400000035763,
    "bpm_histogram_second_peak_bpm": 126,
    "bpm_histogram_second_peak_spread": 0.545454502106,
    "bpm_histogram_second_peak_weight": 0.0847457647324,
    "danceability": 0.931147575378,
    "onset_rate": 2.47601389885,
    "beats_loudness_band_ratio": {
        "max": [0.741204023361, 0.437554061413, 0.659849584103, 0.807923078537, 0.424322128296, 0.319507926702],
        "mean": [0.192725345492, 0.0811702385545, 0.218351811171, 0.33930054307, 0.125200182199, 0.0782597586513],
        "min": [0.000455301866168, 0.00135152577423, 0.0314174927771, 0.0235602017492, 0.0167074669152, 0.0146154509857],
        "stdev": [0.207482457161, 0.0943858325481, 0.161341711879, 0.223442524672, 0.0815244242549, 0.0595023520291]
    },
    "beats_position": [0.336689323187, 0.684988677502, 1.04489791393, 1.42802715302, 1.83437633514, 2.22911548615, 2.6470746994, 3.05342388153, 3.45977306366, 3.85451245308, 4.27247142792, 4.66721057892, 5.07355976105, 5.47990942001, 5.88625860214, 6.29260778427, 6.6989569664, 7.10530614853, 7.51165533066, 7.91800451279, 8.31274318695, 8.71909236908, 9.12544155121, 9.54340076447, 9.94974994659, 10.3560991287, 10.7508392334, 11.1571884155, 11.5635375977, 11.9814968109, 12.3994560242, 12.8174142838, 13.2237634659, 13.5488433838, 13.873922348, 14.1990022659, 14.512471199, 14.8375511169, 15.1742401123, 15.4993190765, 15.8360090256, 16.1726989746, 16.50938797, 16.8576869965, 17.2059860229, 17.5542850494, 17.9838542938, 18.4134235382, 18.8313827515, 19.3190021515, 19.7950115204, 20.2710208893, 20.7354183197, 21.2114276886, 21.6758270264, 22.1402263641, 22.616235733, 23.1038551331, 23.5798625946, 24.0674819946],
