{
"metadata": {
    "version": {
        "essentia": "2.1-beta5",
        "essentia_git_sha": "Undefined",
        "extractor": "music 2.0"
    },
    "audio_properties": {
        "analysis": {
            "equal_loudness": 0,
            "length": 29.0017242432,
            "sample_rate": 44100,
            "start_time": 0,
            "downmix": "mix"
        },
        "bit_rate": 192000,
        "length": 196.080978394,
        "lossless": 0,
        "number_channels": 2,
        "replay_gain": 2.27132987976,
        "sample_rate": 48000,
        "codec": "mp3",
        "md5_encoded": "469f4d47d874a62485af255e758b1627"
    },
    "tags": {
        "file_name": "Ireland_Every Song Is A Cry For Love_Brian Kennedy.mp3",
        "encoding": ["Lavf58.29.100"]
    }
},
"lowlevel": {
    "average_loudness": 0.851639091969,
    "barkbands_crest": {
        "max": 23.9670143127,
        "mean": 12.2316846848,
        "min": 3.36321687698,
        "stdev": 4.24261760712
    },
    "barkbands_flatness_db": {
        "max": 0.358005344868,
        "mean": 0.19886675477,
        "min": 0.0263890735805,
        "stdev": 0.0653170719743
    },
    "barkbands_kurtosis": {
        "max": 219.333877563,
        "mean": 14.6369438171,
        "min": -1.93507540226,
        "stdev": 21.6706809998
    },
    "barkbands_skewness": {
        "max": 11.2820596695,
        "mean": 2.3620762825,
        "min": -4.62693691254,
        "stdev": 2.00027346611
    },
    "barkbands_spread": {
        "max": 99.5053939819,
        "mean": 13.3835124969,
        "min": 0.853056252003,
        "stdev": 16.9351177216
    },
    "dissonance": {
        "max": 0.500000059605,
        "mean": 0.414517581463,
        "min": 0.200225844979,
        "stdev": 0.0643731728196
    },
    "dynamic_complexity": 4.08518362045,
    "erbbands_crest": {
        "max": 28.1235122681,
        "mean": 11.8363227844,
        "min": 2.79390406609,
        "stdev": 4.39767742157
    },
    "erbbands_flatness_db": {
        "max": 0.350195795298,
        "mean": 0.211793527007,
        "min": 0.0822056382895,
        "stdev": 0.0517451614141
    },
    "erbbands_kurtosis": {
        "max": 34.5002174377,
        "mean": 3.53221845627,
        "min": -1.83607172966,
        "stdev": 4.51152658463
    },
    "erbbands_skewness": {
        "max": 5.42916965485,
        "mean": 1.06011998653,
        "min": -4.11704397202,
        "stdev": 1.15661048889
    },
    "erbbands_spread": {
        "max": 156.627868652,
        "mean": 27.0411243439,
        "min": 3.23758625984,
        "stdev": 23.1321983337
    },
    "hfc": {
        "max": 658.23260498,
        "mean": 19.7593669891,
        "min": 4.01034085371e-05,
        "stdev": 45.681552887
    },
    "loudness_ebu128": {
        "integrated": -26.7666873932,
        "loudness_range": 8.81964302063,
        "momentary": {
            "max": -20.8874397278,
            "mean": -28.6669921875,
            "min": -41.1756210327,
            "stdev": 4.31153440475
        },
        "short_term": {
            "max": -23.3337078094,
            "mean": -27.9093513489,
            "min": -34.2774810791,
            "stdev": 2.77260661125
        }
    },
    "melbands_crest": {
        "max": 29.8851413727,
        "mean": 14.6714439392,
        "min": 4.7620716095,
        "stdev": 4.94099712372
    },
    "melbands_flatness_db": {
        "max": 0.473282784224,
        "mean": 0.266893625259,
        "min": 0.0602895282209,
        "stdev": 0.0894001796842
    },
    "melbands_kurtosis": {
        "max": 392.666931152,
        "mean": 22.0560092926,
        "min": -1.90662407875,
        "stdev": 42.8515319824
    },
    "melbands_skewness": {
        "max": 15.4996385574,
        "mean": 2.72034811974,
        "min": -1.29645776749,
        "stdev": 2.22713112831
    },
    "melbands_spread": {
        "max": 257.611114502,
        "mean": 18.001455307,
        "min": 0.62550675869,
        "stdev": 31.533952713
    },
    "pitch_salience": {
        "max": 0.955642104149,
        "mean": 0.541947603226,
        "min": 0.183660030365,
        "stdev": 0.128983333707
    },
    "silence_rate_20dB": {
        "max": 1,
        "mean": 1,
        "min": 1,
        "stdev": 0
    },
    "silence_rate_30dB": {
        "max": 1,
        "mean": 0.996800005436,
        "min": 0,
        "stdev": 0.0564780123532
    },
    "silence_rate_60dB": {
        "max": 1,
        "mean": 0.115199998021,
        "min": 0,
        "stdev": 0.319260150194
    },
    "spectral_centroid": {
        "max": 5846.62011719,
        "mean": 936.638183594,
        "min": 175.932250977,
        "stdev": 849.608337402
    },
    "spectral_complexity": {
        "max": 47,
        "mean": 11.1599998474,
        "min": 0,
        "stdev": 9.15996837616
    },
    "spectral_decrease": {
        "max": -7.06356783638e-15,
        "mean": -4.49642634237e-09,
        "min": -3.30721441344e-08,
        "stdev": 4.24416057854e-09
    },
    "spectral_energy": {
        "max": 0.127339094877,
        "mean": 0.0187627840787,
        "min": 3.0297030662e-08,
        "stdev": 0.0176935661584
    },
    "spectral_energyband_high": {
        "max": 0.0735336020589,
        "mean": 0.00108788360376,
        "min": 2.28365149013e-09,
        "stdev": 0.00522131798789
    },
    "spectral_energyband_low": {
        "max": 0.0418952032924,
        "mean": 0.00161395373289,
        "min": 2.2974813163e-09,
        "stdev": 0.00464026769623
    },
    "spectral_energyband_middle_high": {
        "max": 0.0390751436353,
        "mean": 0.00338619807735,
        "min": 5.88306869886e-09,
        "stdev": 0.00599058624357
    },
    "spectral_energyband_middle_low": {
        "max": 0.126883327961,
        "mean": 0.0135556561872,
        "min": 2.02512993042e-08,
        "stdev": 0.0150166684762
    },
    "spectral_entropy": {
        "max": 8.70003795624,
        "mean": 6.854575634,
        "min": 5.21011400223,
        "stdev": 0.808698296547
    },
    "spectral_flux": {
        "max": 0.24628649652,
        "mean": 0.0510749742389,
        "min": 0.00017406042025,
        "stdev": 0.0389463081956
    },
    "spectral_kurtosis": {
        "max": 45.8722763062,
        "mean": 9.43535900116,
        "min": -1.36853075027,
        "stdev": 7.6091299057
    },
    "spectral_rms": {
        "max": 0.0111459977925,
        "mean": 0.00384004740044,
        "min": 5.43673422726e-06,
        "stdev": 0.00188658526167
    },
    "spectral_rolloff": {
        "max": 11197.265625,
        "mean": 1475.90393066,
        "min": 150.732421875,
        "stdev": 2212.49560547
    },
    "spectral_skewness": {
        "max": 5.39377784729,
        "mean": 2.35382151604,
        "min": -0.164341911674,
        "stdev": 0.964241564274
    },
    "spectral_spread": {
        "max": 17194122,
        "mean": 4709837.5,
        "min": 1498224.125,
        "stdev": 2613271.25
    },
    "spectral_strongpeak": {
        "max": 16.5737419128,
        "mean": 1.09386110306,
        "min": 0,
        "stdev": 1.31026351452
    },
    "zerocrossingrate": {
        "max": 0.3896484375,
        "mean": 0.0559679679573,
        "min": 0.0087890625,
        "stdev": 0.0615241974592
    },
    "barkbands": {
        "max": [0.0196544975042, 0.0108801508322, 0.0140824168921, 0.069698356092, 0.099087074399, 0.0588362216949, 0.0282975118607, 0.0168768260628, 0.0327841825783, 0.013833893463, 0.011709892191, 0.00602569477633, 0.0192535184324, 0.0058279694058, 0.0126629471779, 0.0127517953515, 0.0164450649172, 0.00477824034169, 0.016468944028, 0.00331367203034, 0.00308997603133, 0.0194538328797, 0.0208689738065, 0.0156193170696, 0.0325232557952, 0.00457107415423, 0.00015913893003],
        "mean": [9.95364098344e-05, 0.000263342109974, 0.000607884081546, 0.00157233339269, 0.00534033263102, 0.00237658852711, 0.00110510969535, 0.000822961621452, 0.00178389833309, 0.00103408657014, 0.000306392263155, 0.000377610209398, 0.000269197713351, 0.000217542357859, 0.000310567818815, 0.000215228777961, 0.000386419240385, 0.000154773602844, 0.000387206935557, 7.8283745097e-05, 8.06273164926e-05, 0.000163914635777, 0.000225937314099, 0.000233949307585, 0.000285365356831, 5.9236492234e-05, 4.46691274192e-06],
        "min": [4.4109094155e-10, 8.22774626208e-10, 7.69702523939e-10, 1.02509789546e-09, 3.56556029146e-09, 4.67419125627e-09, 4.48722836666e-09, 3.64675223352e-09, 2.51020226827e-09, 9.53087164746e-10, 1.77316009098e-10, 6.65154320512e-10, 8.4673712486e-10, 9.76126734997e-10, 7.70925046023e-10, 2.73430250664e-10, 8.47382441993e-10, 4.8260456742e-10, 5.6423494349e-11, 2.09183823041e-10, 9.55124590529e-11, 2.94254426381e-10, 1.76721429157e-10, 5.23880383518e-10, 5.20204990195e-10, 3.24534982221e-10, 1.5417296606e-10],
        "stdev": [0.000891165283974, 0.000870507152285, 0.00179595639929, 0.00485546747223, 0.00943769421428, 0.00454187067226, 0.00229764683172, 0.00202122353949, 0.00326890475117, 0.0017428327119, 0.000949507870246, 0.000757150992285, 0.000855803024024, 0.000537877436727, 0.000939979334362, 0.000724292243831, 0.00122526392806, 0.000353350042133, 0.00158961012494, 0.000216121945414, 0.000290090218186, 0.000949681678321, 0.00144149328116, 0.00111632805783, 0.00162508606445, 0.000316622667015, 1.63027834787e-05]
    },
    "erbbands": {
        "max": [0.506433844566, 2.08777737617, 12.072719574, 122.81967926, 448.683685303, 309.377502441, 676.534790039, 294.46786499, 270.659790039, 426.289886475, 462.043365479, 803.929870605, 569.975952148, 336.094787598, 330.302642822, 283.866455078, 847.390686035, 313.094726562, 249.149078369, 1086.32373047, 612.071716309, 700.070678711, 222.882995605, 272.47277832, 1022.17053223, 116.993515015, 96.0016174316, 261.508636475, 648.938903809, 436.944763184, 700.622497559, 373.024597168, 200.245849609, 465.814239502, 147.960388184, 35.5318565369, 11.051486969, 0.820959746838, 0.0423872955143, 0.00224923156202],
        "mean": [0.00656862417236, 0.0683960914612, 0.523168444633, 3.48077774048, 15.7865390778, 15.2098970413, 15.4181613922, 17.2955741882, 17.9774074554, 14.2232189178, 24.8333263397, 41.6629600525, 43.0124778748, 19.9963722229, 13.8567323685, 12.9632167816, 12.1747131348, 11.7577781677, 11.921538353, 18.9093780518, 14.0026683807, 18.325761795, 11.171661377, 9.32750320435, 21.3960723877, 5.14328765869, 3.22868204117, 3.55757975578, 5.34077835083, 6.32872009277, 6.80769538879, 5.26361227036, 3.77659463882, 3.78500437737, 1.60743141174, 0.37338784337, 0.104141443968, 0.0119154732674, 0.000915991491638, 5.57003550057e-05],
        "min": [2.74270899325e-08, 1.78915485094e-07, 7.57334817081e-07, 2.3870250061e-06, 6.02698582952e-06, 1.30735406856e-05, 2.52789304795e-05, 4.19759489887e-05, 5.93035510974e-05, 7.42178963264e-05, 7.84047297202e-05, 5.86315400142e-05, 3.61494567187e-05, 2.20625570364e-05, 9.41537018662e-06, 2.74999820249e-05, 3.35570293828e-05, 6.14647287875e-05, 3.63683830074e-05, 3.65483538189e-05, 1.19074156828e-05, 5.03851333633e-05, 3.66062122339e-05, 5.61326669413e-06, 1.57311410476e-06, 9.62431113294e-06, 7.84757048677e-06, 4.75636898045e-06, 1.13911637527e-05, 8.71253087098e-06, 4.04215234084e-06, 1.0752192793e-05, 6.6674710979e-06, 3.73809189114e-06, 5.28750388185e-06, 1.94878703041e-06, 3.11394131813e-07, 2.07643140016e-07, 2.63650825616e-08, 9.86005055381e-10],
        "stdev": [0.0362160019577, 0.178944736719, 1.33563697338, 10.5008087158, 35.0943145752, 31.6766338348, 37.9336853027, 32.5373344421, 27.7794761658, 37.4079589844, 54.3793983459, 77.1436462402, 65.883140564, 45.2243385315, 32.111240387, 26.4955539703, 37.9658432007, 28.394903183, 26.219285965, 76.7385177612, 46.9783363342, 53.9015045166, 25.7621021271, 28.4226131439, 91.9338912964, 13.7922182083, 10.1274433136, 15.3796100616, 31.2248516083, 36.1347236633, 44.1425094604, 27.7103900909, 17.6191082001, 22.3176345825, 8.53942298889, 1.936840415, 0.634915590286, 0.0564183928072, 0.00356061407365, 0.000161853706231]
    },
    "gfcc": {
        "mean": [-68.7308197021, 85.7188644409, -102.481422424, -3.11439609528, -75.1850585938, -7.7090139389, -54.8133010864, 5.71007633209, -32.4030609131, -9.08083248138, -21.9386043549, -3.45467734337, -9.7057390213],
        "cov": [[6678.73681641, -2200.32446289, -1137.3425293, 764.777160645, -115.450721741, 732.923828125, 91.4289855957, 753.751525879, 8.0330619812, 91.5214157104, -124.953735352, -118.217773438, -352.212982178], [-2200.32446289, 2157.25830078, 232.259536743, -503.308410645, 319.065704346, -343.601715088, 83.0013046265, -254.341094971, 24.8781814575, -154.397949219, 141.197998047, 28.244890213, 67.3708572388], [-1137.3425293, 232.259536743, 2138.80273438, 475.526519775, -145.705276489, -161.883224487, -362.043487549, -287.914642334, -200.822921753, -90.8769989014, -73.109046936, -111.551979065, -65.6642227173], [764.777160645, -503.308410645, 475.526519775, 744.222412109, 87.6985549927, 150.830093384, -57.5387611389, 32.4076652527, -9.73970508575, 30.6894321442, -66.2363586426, -53.1693840027, -43.7328643799], [-115.450721741, 319.065704346, -145.705276489, 87.6985549927, 353.620849609, 27.6633243561, 50.1970214844, 17.0976600647, 42.066947937, 16.1144218445, -3.52605295181, -16.2430152893, 29.0538158417], [732.923828125, -343.601715088, -161.883224487, 150.830093384, 27.6633243561, 393.544616699, 167.611907959, 24.5726890564, 37.9206314087, 59.0750961304, -56.9414978027, -7.52771520615, -28.6705417633], [91.4289855957, 83.0013046265, -362.043487549, -57.5387611389, 50.1970214844, 167.611907959, 328.057891846, 18.3398227692, 64.6336898804, 23.3366165161, 34.4397315979, 78.2998886108, 24.1690807343], [753.751525879, -254.341094971, -287.914642334, 32.4076652527, 17.0976600647, 24.5726890564, 18.3398227692, 241.3019104, 53.2802352905, 16.945892334, 9.62567329407, -2.91835427284, -24.9975242615], [8.0330619812, 24.8781814575, -200.822921753, -9.73970508575, 42.066947937, 37.9206314087, 64.6336898804, 53.2802352905, 144.756668091, 52.046672821, 25.4637355804, 32.9212417603, 51.2047424316], [91.5214157104, -154.397949219, -90.8769989014, 30.6894321442, 16.1144218445, 59.0750961304, 23.3366165161, 16.945892334, 52.046672821, 120.716110229, 33.5910491943, 31.1608715057, 61.6903076172], [-124.953735352, 141.197998047, -73.109046936, -66.2363586426, -3.52605295181, -56.9414978027, 34.4397315979, 9.62567329407, 25.4637355804, 33.5910491943, 112.337631226, 65.1783599854, 39.1436233521], [-118.217773438, 28.244890213, -111.551979065, -53.1693840027, -16.2430152893, -7.52771520615, 78.2998886108, -2.91835427284, 32.9212417603, 31.1608715057, 65.1783599854, 143.418731689, 90.8062744141], [-352.212982178, 67.3708572388, -65.6642227173, -43.7328643799, 29.0538158417, -28.6705417633, 24.1690807343, -24.9975242615, 51.2047424316, 61.6903076172, 39.1436233521, 90.8062744141, 180.568206787]],
        "icov": [[0.000504234689288, 5.53123572899e-05, 0.00029792074929, -0.000459806120489, 0.000283419154584, -0.00077984429663, 0.00042220132309, -0.00113880517893, 0.000573384924792, 3.9335427573e-05, -0.000234219158301, -0.000169902603375, 0.00053647835739], [5.53123572899e-05, 0.0017866352573, -0.000560194079299, 0.00124230084475, -0.00204664631747, 0.00052829075139, -0.000781118229497, 0.00120603048708, -0.00128110253718, 0.00261909258552, -0.00243747793138, 0.00096675491659, -0.000266129849479], [0.00029792074929, -0.000560194079299, 0.00133578269742, -0.00142379896715, 0.00123914866708, -0.000481897353893, 0.00113044853788, -6.42660888843e-05, 0.0011350105051, -0.000431047024904, 0.000383851845982, -0.000187612342415, 0.000331489776727], [-0.000459806120489, 0.00124230084475, -0.00142379896715, 0.00359537731856, -0.00255676638335, 0.000223584851483, -0.000659765210003, 0.00105172873009, -0.00157350872178, 0.00111460220069, -0.000834272708744, 0.000373519898858, -0.000268158735707], [0.000283419154584, -0.00204664631747, 0.00123914866708, -0.00255676638335, 0.00603141868487, -0.00079257710604, 0.000532921345439, -0.00187562603969, 0.0013964533573, -0.00261204806156, 0.00233961874619, 0.000487831537612, -0.000535590632353], [-0.00077984429663, 0.00052829075139, -0.000481897353893, 0.000223584851483, -0.00079257710604, 0.0068626687862, -0.00397669710219, 0.00246798456647, -0.00131418125238, -0.00279866810888, 0.0034278833773, 0.000402867939556, 0.000634899362922], [0.00042220132309, -0.000781118229497, 0.00113044853788, -0.000659765210003, 0.000532921345439, -0.00397669710219, 0.00703637069091, -0.000771801569499, -0.000159754534252, 0.000903593900148, -0.00101190095302, -0.00335684185848, 0.00124452577438], [-0.00113880517893, 0.00120603048708, -6.42660888843e-05, 0.00105172873009, -0.00187562603969, 0.00246798456647, -0.000771801569499, 0.00954808853567, -0.00404700450599, 0.00190707645379, -0.00185758760199, 0.00101172644645, 6.88162472215e-05], [0.000573384924792, -0.00128110253718, 0.0011350105051, -0.00157350872178, 0.0013964533573, -0.00131418125238, -0.000159754534252, -0.00404700450599, 0.0120237851515, -0.00451290654019, 0.001107982127, -0.000359614379704, -0.00127134146169], [3.9335427573e-05, 0.00261909258552, -0.000431047024904, 0.00111460220069, -0.00261204806156, -0.00279866810888, 0.000903593900148, 0.00190707645379, -0.00451290654019, 0.0187663640827, -0.0094849942252, 0.00342848873697, -0.0054679820314], [-0.000234219158301, -0.00243747793138, 0.000383851845982, -0.000834272708744, 0.00233961874619, 0.0034278833773, -0.00101190095302, -0.00185758760199, 0.001107982127, -0.0094849942252, 0.0198559910059, -0.00790086016059, 0.0030314126052], [-0.000169902603375, 0.00096675491659, -0.000187612342415, 0.000373519898858, 0.000487831537612, 0.000402867939556, -0.00335684185848, 0.00101172644645, -0.000359614379704, 0.00342848873697, -0.00790086016059, 0.0163520555943, -0.00767493527383], [0.00053647835739, -0.000266129849479, 0.000331489776727, -0.000268158735707, -0.000535590632353, 0.000634899362922, 0.00124452577438, 6.88162472215e-05, -0.00127134146169, -0.0054679820314, 0.0030314126052, -0.00767493527383, 0.0122004905716]]
    },
    "melbands": {
        "max": [0.00470556085929, 0.00481736520305, 0.0218948181719, 0.0231331847608, 0.0181620270014, 0.00623190542683, 0.004890545737, 0.00402178242803, 0.00350493635051, 0.00430780090392, 0.00277531309985, 0.00148881971836, 0.00141983444337, 0.000709586951416, 0.00116918119602, 0.00183087110054, 0.000617323210463, 0.000412934256019, 0.00088009465253, 0.00107229640707, 0.000923783169128, 0.00108271872159, 0.000454666675068, 0.000245518429438, 0.000235850908211, 0.00055578222964, 0.000548210227862, 8.87597343535e-05, 6.52525559417e-05, 6.5166503191e-05, 0.000206763768801, 0.000401100842282, 0.000362847116776, 0.000258979620412, 0.000445240031695, 0.000310313451337, 0.000290269032121, 0.000125394202769, 0.000201639268198, 0.000461861491203],
        "mean": [6.94875052432e-05, 0.000239964967477, 0.000940952100791, 0.00122468266636, 0.000516591011547, 0.000412653054809, 0.000271882512607, 0.000146998732816, 0.000215956781176, 0.00026650345535, 0.000210297410376, 8.05651216069e-05, 4.47580641776e-05, 4.65357225039e-05, 2.51332257903e-05, 2.73672394542e-05, 2.07165994652e-05, 1.8789070964e-05, 2.16491407627e-05, 1.96370147023e-05, 1.79658927664e-05, 2.00275717361e-05, 1.62726300914e-05, 6.97458153809e-06, 7.02933721186e-06, 1.38926689033e-05, 1.14719250632e-05, 2.08468145502e-06, 1.90422906599e-06, 1.95603070097e-06, 2.10338953366e-06, 2.99643693324e-06, 3.36969674208e-06, 3.53476775672e-06, 4.09158519687e-06, 3.36302173309e-06, 3.19968762597e-06, 2.38479697146e-06, 3.01786667478e-06, 3.30535317516e-06],
        "min": [2.57257520841e-10, 3.53331086611e-10, 5.08960318335e-10, 6.73476552304e-10, 8.4492890462e-10, 9.44652134294e-10, 9.16769382631e-10, 8.15570555535e-10, 6.19946483038e-10, 3.44589190515e-10, 1.73582162533e-10, 9.38623068159e-11, 2.3099635052e-11, 7.24337811953e-11, 4.78330604292e-11, 1.11380356327e-10, 1.09941444837e-10, 5.33625886534e-11, 6.01893881957e-11, 3.29524671439e-11, 8.20773570637e-12, 4.57470242243e-11, 6.16497686234e-11, 1.35259338452e-11, 3.46517411119e-12, 1.56772489955e-12, 7.82093357091e-13, 8.41793041523e-12, 7.1665043691e-12, 9.84739091485e-13, 3.50175899562e-12, 7.33866179631e-12, 4.27231817632e-12, 5.03213963554e-12, 2.10851388432e-12, 1.95239961351e-12, 9.87692653359e-12, 6.76300812227e-12, 1.27325851685e-12, 3.65070777428e-12],
        "stdev": [0.000304335408146, 0.000607780646533, 0.0021145127248, 0.00229494995438, 0.00111031346023, 0.000750507751945, 0.000438988616224, 0.000356755772373, 0.00044904553215, 0.000482191768242, 0.00032949555316, 0.000191965431441, 0.000120620432426, 9.52921182034e-05, 7.85672236816e-05, 8.28450138215e-05, 5.1913139032e-05, 4.45227597083e-05, 6.60526930005e-05, 7.73490755819e-05, 7.14491179679e-05, 7.21831966075e-05, 4.55979825347e-05, 1.7533537175e-05, 2.23906008614e-05, 5.41564913874e-05, 4.97256223753e-05, 6.14894634055e-06, 6.3169409259e-06, 6.56926749798e-06, 1.03356469481e-05, 1.83167867362e-05, 1.95949032786e-05, 2.12335962715e-05, 2.74170070043e-05, 2.04165280593e-05, 1.7041573301e-05, 1.12007219286e-05, 1.49269944814e-05, 2.10964717553e-05]
    },
    "melbands128": {
        "max": [0.0105887474492, 0.00558234192431, 0.00477650668472, 0.00433791102841, 0.00531945610419, 0.00900073349476, 0.0249387845397, 0.0359138473868, 0.0636100396514, 0.0233235377818, 0.0238479990512, 0.00917117577046, 0.0325454585254, 0.0181968603283, 0.0100046722218, 0.008321326226, 0.0056463801302, 0.00663783121854, 0.0100592896342, 0.00847171247005, 0.00306407990865, 0.00465867016464, 0.0063451952301, 0.0112216239795, 0.00809550471604, 0.00812203250825, 0.00830842647702, 0.00536854658276, 0.00302589312196, 0.00351175526157, 0.00184993259609, 0.00349696935154, 0.00168815394863, 0.00151136319619, 0.00131294631865, 0.00101815152448, 0.000734840345103, 0.00138350902125, 0.00213972409256, 0.00240869726986, 0.00190615665633, 0.000792496954091, 0.00101247476414, 0.00087244505994, 0.000755983171985, 0.000676533323713, 0.000620100763626, 0.000471716397442, 0.001175379497, 0.00376961752772, 0.00125854264479, 0.000508881465066, 0.00145390245598, 0.00196152925491, 0.00332180527039, 0.00117712188512, 0.000599231105298, 0.00134823599365, 0.000402708770707, 0.00018545545754, 0.000329201167915, 0.000242627269472, 0.000129321808345, 0.000402390956879, 0.000690202228725, 0.000449782703072, 0.00118494557682, 0.00153210852295, 0.000114290327474, 0.000106758998299, 0.000104558188468, 0.00011478029046, 9.07340072445e-05, 8.98239013623e-05, 7.91358979768e-05, 7.4192736065e-05, 8.71313532116e-05, 0.000129026855575, 0.000182807154488, 0.000323908985592, 0.000644708634354, 0.000315943994792, 0.000285117450403, 0.000479337177239, 0.000343344232533, 0.000330582406605, 0.000368507317035, 0.000559267064091, 0.00043955212459, 0.000632317794953, 0.000364110746887, 0.000343744002748, 0.000302433501929, 0.000352183793439, 0.000373131188098, 0.000135885144118, 0.000156241498189, 0.000213002815144, 0.000202745315619, 0.000361456681276, 0.000575252983253, 0.00054943934083, 0.000312803807901, 0.00018643598014, 0.000130400789203, 0.000267824187176, 0.000126485407236, 7.28938175598e-05, 4.40570111095e-05, 2.7685180612e-05, 3.25060209434e-05, 7.93978906586e-05, 4.04602360504e-05, 2.84605139313e-05, 1.22940882648e-05, 6.02454792897e-06, 3.79260450245e-06, 1.84435987194e-06, 1.51682218075e-06, 8.26824020805e-07, 9.91173237708e-07, 1.39428334478e-06, 9.47160458509e-07, 7.34965084348e-08, 2.19709500593e-10, 2.12607847994e-10, 2.07752592907e-10, 2.05060524117e-10],
        "mean": [5.32074736839e-05, 5.37848718523e-05, 6.37781777186e-05, 0.000121551049233, 0.000166437035659, 0.000356371543603, 0.000621517247055, 0.000842036912218, 0.00188553938642, 0.0014741953928, 0.000714896537829, 0.000412615481764, 0.00058242387604, 0.000476885237731, 0.000314308417728, 0.000491230224725, 0.000363531027688, 0.000198465058929, 0.000194668435142, 0.000172577376361, 7.44590070099e-05, 0.000199934103875, 0.000227008393267, 0.00023588273325, 0.00029634690145, 0.000255130842561, 0.00027310688165, 0.000243528789724, 0.000116531184176, 9.15010023164e-05, 6.63426762912e-05, 5.77459322813e-05, 4.00274002459e-05, 2.87303810182e-05, 7.397490117e-05, 4.12129083998e-05, 2.30598980124e-05, 2.5708513931e-05, 2.53278412856e-05, 2.66041224677e-05, 3.02317330352e-05, 2.42883506871e-05, 2.13283165067e-05, 1.78801365109e-05, 1.85284279723e-05, 2.06795266422e-05, 1.72742238647e-05, 1.30929020088e-05, 2.32627244259e-05, 4.51960549981e-05, 1.02537114799e-05, 8.09037464933e-06, 1.19358528536e-05, 2.33537175518e-05, 3.025373735e-05, 1.60588788276e-05, 1.12907555376e-05, 3.02381686197e-05, 1.12489296953e-05, 5.38261565453e-06, 8.86442830961e-06, 6.18300828137e-06, 3.19591390507e-06, 8.44237092679e-06, 1.18158277473e-05, 6.03353555562e-06, 2.07782140933e-05, 2.69258653134e-05, 2.64081336354e-06, 2.45165642809e-06, 2.19246680899e-06, 1.75743832642e-06, 1.87862144685e-06, 1.98554221242e-06, 1.90081163964e-06, 2.04325056075e-06, 1.94222297978e-06, 1.74836782207e-06, 1.94462336367e-06, 2.53193320532e-06, 3.46721708411e-06, 2.7799592317e-06, 2.85540545519e-06, 3.52174674845e-06, 3.84882105209e-06, 3.22982305079e-06, 3.32016020366e-06, 4.26654332841e-06, 4.10140592066e-06, 4.20130209022e-06, 3.55823681275e-06, 2.97449469144e-06, 3.27002658196e-06, 3.47365880771e-06, 3.21209472531e-06, 1.96227983906e-06, 2.2731333047e-06, 2.74525973509e-06, 2.78326228909e-06, 3.31664728037e-06, 3.59065074917e-06, 3.41297163686e-06, 2.93795619655e-06, 2.12667396227e-06, 1.76096500581e-06, 1.51474648646e-06, 1.07633616153e-06, 6.93566448717e-07, 4.97764006013e-07, 4.23314048703e-07, 4.33937827893e-07, 4.42524054733e-07, 3.2983626852e-07, 2.31511450011e-07, 1.50068373728e-07, 1.00689263149e-07, 5.77784184941e-08, 3.40838504087e-08, 3.50451365705e-08, 2.31378542992e-08, 2.01696508384e-08, 1.63198095038e-08, 9.41962241541e-09, 3.73148845156e-10, 3.51166101406e-12, 2.75400926023e-12, 2.34363483481e-12, 2.26725886329e-12],
        "min": [2.25095608819e-10, 2.42194486688e-10, 2.64557598051e-10, 2.97201180333e-10, 3.41696809736e-10, 3.9658895612e-10, 4.62383881183e-10, 5.31417854166e-10, 5.93554760897e-10, 6.58244792007e-10, 7.32426785888e-10, 7.99635191395e-10, 8.62533100499e-10, 9.19665232857e-10, 9.47004585861e-10, 9.60624690904e-10, 9.50099110497e-10, 9.10638231488e-10, 8.76381966997e-10, 8.41847813682e-10, 7.9015749499e-10, 7.20259019094e-10, 6.19763407261e-10, 5.0176435229e-10, 3.91380206022e-10, 2.8163282817e-10, 2.13661810466e-10, 1.66665736767e-10, 1.37157729618e-10, 1.16938986272e-10, 8.40967920301e-11, 3.54548473913e-11, 7.03999619017e-12, 1.65079425823e-11, 6.07203939906e-11, 9.60075768885e-11, 8.59081833449e-11, 4.23012180839e-11, 1.95329186853e-11, 6.15220790978e-11, 1.44393580426e-10, 1.67106620208e-10, 1.29810898142e-10, 7.06206551571e-11, 4.88205656457e-11, 4.99744412519e-11, 5.802607006e-11, 6.46466838394e-11, 6.03486358108e-11, 5.09809278126e-11, 2.97065601285e-11, 1.59587967841e-11, 5.22618753829e-12, 2.53526583407e-12, 1.83138365584e-11, 4.49642614808e-11, 7.44963396526e-11, 7.78530920287e-11, 5.91036872222e-11, 2.71651035e-11, 9.96903774808e-12, 3.47129508298e-12, 2.41981846887e-12, 4.40579517313e-12, 3.52260560131e-12, 1.63089984226e-12, 2.0199992937e-13, 1.48583538051e-13, 3.03913984907e-13, 2.07443784372e-12, 7.9925267793e-12, 1.22915158954e-11, 1.15613013954e-11, 6.29916518252e-12, 1.99440182251e-12, 6.66996460234e-13, 5.07365633881e-13, 1.21357286199e-12, 3.25133821776e-12, 6.44176205433e-12, 7.70698695834e-12, 7.95531696074e-12, 6.47582855395e-12, 1.8036548817e-12, 4.27752668355e-12, 7.31991290498e-12, 4.93289393708e-12, 1.56781759884e-12, 2.517105014e-12, 1.95825820837e-12, 9.47551932751e-13, 2.70689764006e-12, 2.08123470714e-12, 6.85541857656e-12, 1.87912480715e-11, 1.30648122529e-11, 1.64321345159e-12, 1.54459496408e-12, 3.66219289052e-13, 1.27277019219e-12, 3.96780481735e-12, 3.86287833318e-12, 3.85929179239e-12, 2.24668222394e-12, 5.54981841733e-12, 1.17387289125e-11, 4.41975449295e-12, 7.70395639643e-12, 2.3590092553e-12, 6.31587013591e-13, 7.00868128724e-13, 3.71431726522e-13, 8.83178241911e-13, 1.01156919213e-12, 1.46729752914e-12, 2.30444613045e-12, 1.93818116938e-12, 1.3961743003e-12, 7.82233436011e-13, 8.03832749061e-13, 6.21662552165e-13, 7.25664916611e-13, 2.06320095557e-13, 9.58142866805e-14, 1.0702236894e-13, 9.50059326457e-14, 2.36426089345e-14, 1.00819610618e-15],
        "stdev": [0.000469374499517, 0.000367081578588, 0.000297842692817, 0.000321903877193, 0.000421194970841, 0.00111635925714, 0.00247074989602, 0.00251171924174, 0.0047988765873, 0.00313590350561, 0.00211234390736, 0.000943129125517, 0.00178883248009, 0.00158948299941, 0.000946874148212, 0.00071265239967, 0.000539125408977, 0.000671792891808, 0.000660427904222, 0.000647756678518, 0.000222841728828, 0.000591424584854, 0.00064293097239, 0.000723868084606, 0.000743118638638, 0.00060706801014, 0.00061172270216, 0.000442735181423, 0.000293022807455, 0.000260387372691, 0.000197856221348, 0.000207724442589, 0.000129599313368, 9.62482954492e-05, 0.000181539304322, 9.23247207538e-05, 6.51989757898e-05, 9.7922187706e-05, 0.000101734767668, 0.000100193203252, 0.000101932841062, 6.64659310132e-05, 6.23987507424e-05, 6.18189005763e-05, 5.51708508283e-05, 5.54645157536e-05, 4.86738499603e-05, 3.36738157785e-05, 8.84804831003e-05, 0.000252060242929, 4.46649937658e-05, 2.52407917287e-05, 6.27495974186e-05, 0.000116882889415, 0.000177919151611, 8.01057321951e-05, 3.34569449478e-05, 0.000119359254313, 3.19963801303e-05, 1.39795592986e-05, 2.6385365345e-05, 2.07538632822e-05, 8.08731419966e-06, 3.30463735736e-05, 5.08441225975e-05, 2.98354370898e-05, 0.000100960161944, 0.000135162685183, 7.32889702704e-06, 6.37268294668e-06, 7.17285138307e-06, 6.22403649686e-06, 7.06044784238e-06, 7.2830780482e-06, 6.91901777827e-06, 6.98307394487e-06, 7.40586483516e-06, 7.82845927461e-06, 1.02595640783e-05, 1.54941153596e-05, 2.45355058723e-05, 1.67918115039e-05, 1.63960048667e-05, 2.25717503781e-05, 2.29117122217e-05, 1.92187617358e-05, 2.16870430449e-05, 3.08595772367e-05, 2.75253150903e-05, 3.15491342917e-05, 2.45871615334e-05, 1.81941886694e-05, 1.75492405106e-05, 1.93227297132e-05, 1.94086605916e-05, 8.69864197739e-06, 1.15890215966e-05, 1.45563353726e-05, 1.38999366754e-05, 1.929924656e-05, 2.43689191848e-05, 2.40556164499e-05, 1.64410394063e-05, 1.05590888779e-05, 8.47694991535e-06, 1.024562971e-05, 6.59568149786e-06, 3.84024588129e-06, 2.4953949378e-06, 1.93742516785e-06, 2.15712611862e-06, 3.14920953315e-06, 2.33367131841e-06, 1.54484075665e-06, 8.63184482114e-07, 4.55071472061e-07, 2.32263815292e-07, 1.35676401669e-07, 1.35163773507e-07, 8.49840731121e-08, 8.73591829986e-08, 9.30994659143e-08, 5.96818594545e-08, 3.33418603837e-09, 7.83439806085e-12, 7.42622630057e-12, 7.2113391647e-12, 7.09669432594e-12]
    },
    "mfcc": {
        "mean": [-724.108032227, 133.932800293, 11.1939477921, 2.94998216629, -2.38251662254, -21.2391109467, -13.8488607407, -4.82733917236, -10.6342926025, -4.10660552979, -11.5002346039, -14.4367980957, -8.51409435272],
        "cov": [[7855.26416016, -2704.67211914, -1243.9753418, -305.429077148, -68.9740371704, 47.9452400208, 294.29675293, 673.011962891, 323.614227295, 371.312164307, 466.254241943, 214.704589844, 163.221176147], [-2704.67211914, 2454.08666992, -122.720161438, -46.1053924561, 22.433391571, -129.723709106, -68.3931427002, -83.7962188721, -239.136688232, -81.5685958862, -127.733024597, -90.8403625488, -15.6498413086], [-1243.9753418, -122.720161438, 1897.99584961, 485.440063477, 257.739379883, 80.8113479614, -81.5749206543, -246.601028442, -150.55581665, -143.112289429, -114.939804077, -79.4493026733, -42.4861907959], [-305.429077148, -46.1053924561, 485.440063477, 510.613250732, 257.838989258, 30.6417980194, -4.50014066696, -23.2237243652, -47.9235916138, -4.42461681366, -52.5272407532, -70.8170013428, 30.7483463287], [-68.9740371704, 22.433391571, 257.739379883, 257.838989258, 374.862731934, -22.9475650787, -30.072057724, -61.4883346558, 8.35851573944, 26.0354919434, -26.6457977295, -58.1571502686, 17.937713623], [47.9452400208, -129.723709106, 80.8113479614, 30.6417980194, -22.9475650787, 423.798980713, 128.345413208, 7.55516386032, 143.944198608, -21.5490856171, 7.84189367294, 88.4557418823, -48.659362793], [294.29675293, -68.3931427002, -81.5749206543, -4.50014066696, -30.072057724, 128.345413208, 169.17515564, 67.5597763062, 52.0879592896, 15.5390357971, 22.745426178, 40.1641235352, -2.99190187454], [673.011962891, -83.7962188721, -246.601028442, -23.2237243652, -61.4883346558, 7.55516386032, 67.5597763062, 230.307723999, 30.9123210907, 41.3581085205, 69.1825637817, 17.3795509338, 38.183052063], [323.614227295, -239.136688232, -150.55581665, -47.9235916138, 8.35851573944, 143.944198608, 52.0879592896, 30.9123210907, 229.816299438, 32.8029708862, -4.38619613647, 79.5220184326, 5.76405715942], [371.312164307, -81.5685958862, -143.112289429, -4.42461681366, 26.0354919434, -21.5490856171, 15.5390357971, 41.3581085205, 32.8029708862, 127.91255188, 46.1957588196, 9.87616539001, 22.2068099976], [466.254241943, -127.733024597, -114.939804077, -52.5272407532, -26.6457977295, 7.84189367294, 22.745426178, 69.1825637817, -4.38619613647, 46.1957588196, 132.996627808, 20.636932373, -14.0479354858], [214.704589844, -90.8403625488, -79.4493026733, -70.8170013428, -58.1571502686, 88.4557418823, 40.1641235352, 17.3795509338, 79.5220184326, 9.87616539001, 20.636932373, 125.195678711, 20.8722934723], [163.221176147, -15.6498413086, -42.4861907959, 30.7483463287, 17.937713623, -48.659362793, -2.99190187454, 38.183052063, 5.76405715942, 22.2068099976, -14.0479354858, 20.8722934723, 120.283805847]],
        "icov": [[0.000407812913181, 0.000429819338024, 0.000136791204568, 0.000308355258312, -0.000438607792603, 6.13216388956e-06, -0.000210286103538, -0.000766905897763, 0.00032570559415, -0.00031241614488, -0.000287082482828, -0.000267524330411, -0.000166903613717], [0.000429819338024, 0.000979858683422, 0.000274872261798, 0.000519713852555, -0.00072897830978, -0.000158194714459, -0.000158217735589, -0.000890136347152, 0.00116863613948, -0.000280621694401, 0.000421194679802, -0.000390623230487, -5.54023608856e-05], [0.000136791204568, 0.000274872261798, 0.000995377195068, -0.000627287081443, -0.000294541532639, -0.000292782555334, 0.000141754731885, 0.000396572053432, 0.000758893846069, 0.000543018744793, 2.19621797442e-05, -0.00033208556124, 8.87715068529e-05], [0.000308355258312, 0.000519713852555, -0.000627287081443, 0.00466939155012, -0.00285551999696, -0.00105363351759, -0.000273955549346, -0.00192213780247, 0.00163117004558, -0.000831405748613, 0.00135383673478, 0.00085003580898, -0.00107712624595], [-0.000438607792603, -0.00072897830978, -0.000294541532639, -0.00285551999696, 0.0056389044039, 0.000658077246044, 0.000229373705224, 0.00252859503962, -0.00260571786202, -0.000509137869813, -0.00110080838203, 0.00211475463584, -0.000522085465491], [6.13216388956e-06, -0.000158194714459, -0.000292782555334, -0.00105363351759, 0.000658077246044, 0.00490310229361, -0.00276269973256, 0.000558045634534, -0.00274235755205, 0.00117863074411, -0.000839317217469, -0.00178667635191, 0.00190233672038], [-0.000210286103538, -0.000158217735589, 0.000141754731885, -0.000273955549346, 0.000229373705224, -0.00276269973256, 0.00927140470594, -0.00205672485754, 0.000481345166918, -0.000720491341781, 0.000748126592953, -0.000900113489479, 0.000470065395348], [-0.000766905897763, -0.000890136347152, 0.000396572053432, -0.00192213780247, 0.00252859503962, 0.000558045634534, -0.00205672485754, 0.00915578939021, -0.00212312443182, 0.000974870112259, -0.00353729794733, 0.00226389849558, -0.0024368353188], [0.00032570559415, 0.00116863613948, 0.000758893846069, 0.00163117004558, -0.00260571786202, -0.00274235755205, 0.000481345166918, -0.00212312443182, 0.009760835208, -0.00224810442887, 0.00376262865029, -0.00418834621087, 0.000639813253656], [-0.00031241614488, -0.000280621694401, 0.000543018744793, -0.000831405748613, -0.000509137869813, 0.00117863074411, -0.000720491341781, 0.000974870112259, -0.00224810442887, 0.0113974204287, -0.00388776347972, 0.000660830293782, -0.00154807884246], [-0.000287082482828, 0.000421194679802, 2.19621797442e-05, 0.00135383673478, -0.00110080838203, -0.000839317217469, 0.000748126592953, -0.00353729794733, 0.00376262865029, -0.00388776347972, 0.013352420181, -0.00298866489902, 0.00368764484301], [-0.000267524330411, -0.000390623230487, -0.00033208556124, 0.00085003580898, 0.00211475463584, -0.00178667635191, -0.000900113489479, 0.00226389849558, -0.00418834621087, 0.000660830293782, -0.00298866489902, 0.0145184732974, -0.00459125218913], [-0.000166903613717, -5.54023608856e-05, 8.87715068529e-05, -0.00107712624595, -0.000522085465491, 0.00190233672038, 0.000470065395348, -0.0024368353188, 0.000639813253656, -0.00154807884246, 0.00368764484301, -0.00459125218913, 0.0119548430666]]
    },
    "spectral_contrast_coeffs": {
        "max": [-0.313106954098, -0.413008391857, -0.459851771593, -0.493545025587, -0.466057509184, -0.704933822155],
        "mean": [-0.59069609642, -0.687465250492, -0.711438477039, -0.806750118732, -0.782933712006, -0.811735570431],
        "min": [-0.976005136967, -0.975218296051, -0.93371462822, -0.937004864216, -0.919653534889, -0.917616069317],
        "stdev": [0.110056057572, 0.0906641110778, 0.0863742381334, 0.0677775517106, 0.082229219377, 0.0373472683132]
    },
    "spectral_contrast_valleys": {
        "max": [-5.60340881348, -5.36966466904, -4.97516202927, -5.45671129227, -5.97201776505, -6.78238582611],
        "mean": [-7.98106861115, -7.31409358978, -8.23437213898, -8.5344581604, -8.73887252808, -10.8794593811],
        "min": [-11.885632515, -11.8634271622, -13.3965120316, -13.4432792664, -13.7081651688, -15.5452547073],
        "stdev": [0.885395109653, 0.703051626682, 1.10213911533, 1.08177173138, 1.04128706455, 1.31680250168]
    }
},
"rhythm": {
    "beats_count": 63,
    "beats_loudness": {
        "max": 0.113338470459,
        "mean": 0.0229245908558,
        "min": 0.0020510412287,
        "stdev": 0.0194149296731
    },
    "bpm": 129.105819702,
    "bpm_histogram_first_peak_bpm": 129,
    "bpm_histogram_first_peak_weight": 0.622222185135,
    "bpm_histogram_second_peak_bpm": 136,
    "bpm_histogram_second_peak_spread": 0.111111104488,
    "bpm_histogram_second_peak_weight": 0.129032254219,
    "danceability": 0.982694804668,
    "onset_rate": 2.34375,
    "beats_loudness_band_ratio": {
        "max": [0.942365944386, 0.881699979305, 0.893035888672, 0.581570565701, 0.355753868818, 0.939617335796],
        "mean": [0.246419683099, 0.435348540545, 0.269983261824, 0.0938723161817, 0.0543514415622, 0.0749271959066],
        "min": [0.000634966650978, 0.00566534791142, 0.000847173621878, 0.000130855230964, 0.000483166833874, 0.00016817820142],
        "stdev": [0.273756235838, 0.278198957443, 0.20407615602, 0.129092186689, 0.090310126543, 0.176215872169]
    },
    "beats_position": [0.46439909935, 0.9287981987, 1.39319729805, 1.86920630932, 2.34521532059, 2.82122445107, 3.29723358154, 3.7732424736, 4.2492518425, 4.71365070343, 5.17804956436, 5.630838871, 6.08362817764, 6.54802703857, 7.01242637634, 7.45360517502, 7.89478445053, 8.33596324921, 8.77714252472, 9.21832180023, 9.63628101349, 10.0542402267, 10.47219944, 10.8901586533, 11.2965078354, 11.7028570175, 12.1092061996, 12.5271654129, 12.9567346573, 13.4095239639, 13.8507022858, 14.2918815613, 14.7446708679, 15.1974601746, 15.6502494812, 16.0914287567, 16.5442180634, 16.99700737, 17.4497947693, 17.9258041382, 18.4018135071, 18.877822876, 19.3538322449, 19.8298416138, 20.2942390442, 20.758638382, 21.2346477509, 21.7106571198, 22.1750564575, 22.6394557953, 23.0922451019, 23.5566444397, 24.0210418701, 24.4738311768, 24.9266204834, 25.37940979, 25.8438091278, 26.3082084656, 26.7726078033, 27.2370071411, 27.7130146027, 28.1890239716, 28.6534233093],
