{
"metadata": {
    "version": {
        "essentia": "2.1-beta5",
        "essentia_git_sha": "Undefined",
        "extractor": "music 2.0"
    },
    "audio_properties": {
        "analysis": {
            "equal_loudness": 0,
            "length": 48.7502937317,
            "sample_rate": 44100,
            "start_time": 126.490699768,
            "downmix": "mix"
        },
        "bit_rate": 192000,
        "length": 207.110397339,
        "lossless": 0,
        "number_channels": 2,
        "replay_gain": -0.518444061279,
        "sample_rate": 48000,
        "codec": "mp3",
        "md5_encoded": "86c2eaf2407154c01c95c8fcdb5b3961"
    },
    "tags": {
        "file_name": "Armenia_Without Your Love_André.mp3",
        "encoding": ["Lavf58.29.100"]
    }
},
"lowlevel": {
    "average_loudness": 0.976829349995,
    "barkbands_crest": {
        "max": 23.9567184448,
        "mean": 9.861743927,
        "min": 2.74878692627,
        "stdev": 4.17990398407
    },
    "barkbands_flatness_db": {
        "max": 0.215375557542,
        "mean": 0.089239180088,
        "min": 0.0208199247718,
        "stdev": 0.0335993804038
    },
    "barkbands_kurtosis": {
        "max": 33.7557945251,
        "mean": 2.0116584301,
        "min": -1.8536067009,
        "stdev": 3.70477938652
    },
    "barkbands_skewness": {
        "max": 5.28561067581,
        "mean": 1.31573605537,
        "min": -1.63378310204,
        "stdev": 0.854109108448
    },
    "barkbands_spread": {
        "max": 112.700325012,
        "mean": 32.6865577698,
        "min": 6.02808046341,
        "stdev": 15.118347168
    },
    "dissonance": {
        "max": 0.499997913837,
        "mean": 0.471266210079,
        "min": 0.363018482924,
        "stdev": 0.0216922685504
    },
    "dynamic_complexity": 1.61001515388,
    "erbbands_crest": {
        "max": 26.401550293,
        "mean": 8.39450263977,
        "min": 2.14018917084,
        "stdev": 4.18337869644
    },
    "erbbands_flatness_db": {
        "max": 0.235041901469,
        "mean": 0.113892778754,
        "min": 0.0427429266274,
        "stdev": 0.0331794954836
    },
    "erbbands_kurtosis": {
        "max": 14.0155467987,
        "mean": 0.449239313602,
        "min": -1.56490826607,
        "stdev": 1.53283381462
    },
    "erbbands_skewness": {
        "max": 2.61532950401,
        "mean": 0.224257647991,
        "min": -2.12228012085,
        "stdev": 0.708901882172
    },
    "erbbands_spread": {
        "max": 127.212203979,
        "mean": 43.2456588745,
        "min": 7.2120923996,
        "stdev": 17.8475532532
    },
    "hfc": {
        "max": 255.032791138,
        "mean": 38.6665992737,
        "min": 1.03968381882,
        "stdev": 24.5103664398
    },
    "loudness_ebu128": {
        "integrated": -21.4894351959,
        "loudness_range": 1.34935379028,
        "momentary": {
            "max": -19.623418808,
            "mean": -21.5739440918,
            "min": -24.7707576752,
            "stdev": 0.874400258064
        },
        "short_term": {
            "max": -20.6168441772,
            "mean": -21.4823131561,
            "min": -22.4369602203,
            "stdev": 0.428489118814
        }
    },
    "melbands_crest": {
        "max": 31.3566150665,
        "mean": 14.0130748749,
        "min": 3.2166249752,
        "stdev": 5.03889751434
    },
    "melbands_flatness_db": {
        "max": 0.330868184566,
        "mean": 0.159756034613,
        "min": 0.0275018513203,
        "stdev": 0.0478569418192
    },
    "melbands_kurtosis": {
        "max": 124.648735046,
        "mean": 11.1640729904,
        "min": -1.5224763155,
        "stdev": 14.0309047699
    },
    "melbands_skewness": {
        "max": 10.2895240784,
        "mean": 2.58168077469,
        "min": -0.724483788013,
        "stdev": 1.52221298218
    },
    "melbands_spread": {
        "max": 195.127655029,
        "mean": 29.5137062073,
        "min": 3.61026787758,
        "stdev": 18.3963489532
    },
    "pitch_salience": {
        "max": 0.914109230042,
        "mean": 0.532802402973,
        "min": 0.15085965395,
        "stdev": 0.114974327385
    },
    "silence_rate_20dB": {
        "max": 1,
        "mean": 1,
        "min": 1,
        "stdev": 0
    },
    "silence_rate_30dB": {
        "max": 1,
        "mean": 1,
        "min": 1,
        "stdev": 0
    },
    "silence_rate_60dB": {
        "max": 1,
        "mean": 0.00237981905229,
        "min": 0,
        "stdev": 0.0487256348133
    },
    "spectral_centroid": {
        "max": 4174.6953125,
        "mean": 1697.10876465,
        "min": 414.839935303,
        "stdev": 636.777954102
    },
    "spectral_complexity": {
        "max": 61,
        "mean": 25.7505950928,
        "min": 1,
        "stdev": 9.62439155579
    },
    "spectral_decrease": {
        "max": -1.95777921652e-10,
        "mean": -9.52749967809e-09,
        "min": -2.50843577021e-08,
        "stdev": 4.46670433973e-09
    },
    "spectral_energy": {
        "max": 0.101516656578,
        "mean": 0.0394661910832,
        "min": 0.000866130634677,
        "stdev": 0.0178943444043
    },
    "spectral_energyband_high": {
        "max": 0.0264099594206,
        "mean": 0.00232436461374,
        "min": 3.85209386877e-05,
        "stdev": 0.00226386659779
    },
    "spectral_energyband_low": {
        "max": 0.0798981338739,
        "mean": 0.0165760964155,
        "min": 6.5606465796e-05,
        "stdev": 0.0142907202244
    },
    "spectral_energyband_middle_high": {
        "max": 0.0657651349902,
        "mean": 0.00832919124514,
        "min": 0.000243214672082,
        "stdev": 0.00668287230656
    },
    "spectral_energyband_middle_low": {
        "max": 0.0681652799249,
        "mean": 0.01347150933,
        "min": 0.00025602633832,
        "stdev": 0.00945210736245
    },
    "spectral_entropy": {
        "max": 8.79469871521,
        "mean": 7.94166851044,
        "min": 6.97977304459,
        "stdev": 0.280788511038
    },
    "spectral_flux": {
        "max": 0.277172684669,
        "mean": 0.11230032146,
        "min": 0.0186742320657,
        "stdev": 0.0408447384834
    },
    "spectral_kurtosis": {
        "max": 10.8148832321,
        "mean": 2.89947342873,
        "min": -1.10953736305,
        "stdev": 1.46481311321
    },
    "spectral_rms": {
        "max": 0.00995191652328,
        "mean": 0.00602312618867,
        "min": 0.000919241807424,
        "stdev": 0.00149182241876
    },
    "spectral_rolloff": {
        "max": 12230.859375,
        "mean": 1905.82592773,
        "min": 86.1328125,
        "stdev": 1673.46362305
    },
    "spectral_skewness": {
        "max": 2.62790322304,
        "mean": 1.39781785011,
        "min": 0.222403675318,
        "stdev": 0.321853548288
    },
    "spectral_spread": {
        "max": 14700919,
        "mean": 6035651,
        "min": 3471732,
        "stdev": 1395646.625
    },
    "spectral_strongpeak": {
        "max": 11.9004650116,
        "mean": 0.944927632809,
        "min": 0,
        "stdev": 1.26028251648
    },
    "zerocrossingrate": {
        "max": 0.3310546875,
        "mean": 0.0819647833705,
        "min": 0.01123046875,
        "stdev": 0.0386791937053
    },
    "barkbands": {
        "max": [0.00929088238627, 0.0725527331233, 0.0563624352217, 0.0185442306101, 0.0248226709664, 0.0650806650519, 0.0345021784306, 0.0326994918287, 0.0420830696821, 0.0614551156759, 0.027015466243, 0.0277350246906, 0.0149661907926, 0.0467673502862, 0.0131768332794, 0.00632127048448, 0.00621547410265, 0.00397841399536, 0.00352890347131, 0.00390569167212, 0.00394996022806, 0.0140562281013, 0.00220968504436, 0.00665375497192, 0.00855678413063, 0.00775125762448, 0.000357162265573],
        "mean": [0.000728973187506, 0.0110616451129, 0.00377874728292, 0.00185332854744, 0.00238451943733, 0.00353541807272, 0.000977954245172, 0.00102157332003, 0.00300240470096, 0.00130240421277, 0.00101174146403, 0.00168748095166, 0.000763679738156, 0.00104348396417, 0.000760956900194, 0.000559688720386, 0.000446701975306, 0.000467584322905, 0.000438865856268, 0.000504292664118, 0.000454453052953, 0.000399395124987, 0.000315287266858, 0.000352912407834, 0.000394487869926, 0.000187833138625, 3.03846954921e-05],
        "min": [1.7508115846e-08, 1.58661237037e-06, 1.60500405855e-06, 7.93412891653e-06, 3.29619615513e-05, 1.56258684001e-05, 4.45787009085e-06, 2.82583073385e-06, 1.6889825929e-05, 9.09046229935e-06, 4.01553643314e-06, 3.55611905434e-06, 6.87979627401e-06, 9.71241206571e-06, 1.03361317088e-05, 4.59964394395e-06, 5.09632127432e-06, 5.38713447895e-06, 6.26244263913e-06, 5.59117233934e-06, 5.90581203141e-06, 3.19986634167e-06, 5.34992614121e-06, 8.109484952e-06, 4.77417142974e-06, 1.47732714595e-06, 7.33097083039e-10],
        "stdev": [0.00114689010661, 0.0114944502711, 0.00547490129247, 0.0024891293142, 0.00301827443764, 0.00513697462156, 0.00194091838785, 0.00206676451489, 0.00471250433475, 0.00319525017403, 0.0021917661652, 0.00300858030096, 0.00124310702085, 0.00246493075974, 0.00112759985495, 0.000703162397258, 0.000522799557075, 0.000431340187788, 0.000438924966147, 0.000516345899086, 0.000461453688331, 0.000545517948922, 0.000327118410496, 0.000439335533883, 0.000557150866371, 0.00031040594331, 5.25165451108e-05]
    },
    "erbbands": {
        "max": [1.95951354504, 18.2877922058, 60.5181503296, 82.3343429565, 73.4996109009, 108.271614075, 228.890930176, 725.668701172, 546.359008789, 356.884216309, 878.311340332, 903.950744629, 1568.22241211, 1367.75427246, 1277.63916016, 1404.34118652, 485.500793457, 2618.31005859, 480.828033447, 529.60546875, 435.803833008, 200.273727417, 259.794708252, 153.22505188, 181.394287109, 262.314453125, 199.139282227, 258.391479492, 499.73248291, 214.297729492, 67.7140579224, 130.279983521, 102.217964172, 115.337783813, 52.1935997009, 29.6790962219, 14.4148893356, 2.04060506821, 0.0779626220465, 0.00260916515253],
        "mean": [0.295199900866, 2.52261281013, 4.75289916992, 5.79361772537, 6.00138044357, 8.85720157623, 13.351026535, 34.2551841736, 20.0041885376, 14.687836647, 26.8832244873, 55.0504608154, 75.7833862305, 33.4440689087, 55.2059783936, 64.321144104, 37.2596817017, 61.1785850525, 30.3976306915, 41.1784934998, 32.0318031311, 23.7530021667, 25.2116470337, 23.754863739, 22.4931716919, 25.8513355255, 19.4300632477, 16.0231113434, 14.345038414, 11.6551513672, 8.67677593231, 7.0676612854, 5.92425298691, 4.829829216, 2.52923178673, 1.056640625, 0.306521326303, 0.0548843219876, 0.00596036016941, 0.000202389186597],
        "min": [7.58008100092e-05, 0.00230099470355, 0.0130142960697, 0.064882054925, 0.0591246820986, 0.109049648046, 0.17723877728, 0.0866033583879, 0.159827515483, 0.0821072682738, 0.396840959787, 0.348657488823, 0.563286066055, 0.240484520793, 0.17390422523, 0.235236123204, 0.573044300079, 0.620780289173, 0.797112882137, 0.343373328447, 0.219374164939, 0.280215203762, 0.400458365679, 0.358384668827, 0.365890949965, 0.29568374157, 0.22386738658, 0.182122319937, 0.122207283974, 0.181549295783, 0.146869450808, 0.179596707225, 0.118702702224, 0.0649707689881, 0.0282079018652, 0.00887994747609, 0.00241426960565, 0.00023043222609, 9.39706023928e-06, 2.12762506635e-06],
        "stdev": [0.321210205555, 2.78691864014, 5.99918365479, 7.16203832626, 7.46626281738, 12.8964881897, 17.5425014496, 53.6927375793, 36.6374702454, 24.922914505, 54.3173179626, 86.8917694092, 146.211990356, 72.1135253906, 101.463447571, 117.88092804, 52.4711532593, 143.274993896, 40.1086578369, 57.1155357361, 38.4918556213, 23.9613494873, 22.6303749084, 21.5103530884, 20.7219409943, 28.709022522, 20.5874099731, 17.218132019, 19.0939331055, 13.9573049545, 9.0013961792, 8.37994194031, 7.87017393112, 7.26947259903, 3.5263133049, 1.56737267971, 0.533930182457, 0.0933586210012, 0.0107116783038, 0.000300311861793]
    },
    "gfcc": {
        "mean": [69.056022644, 57.0697479248, -101.156646729, 29.8499183655, -54.3569526672, 23.717464447, -32.4664344788, 15.6979856491, -25.7239952087, 8.00012874603, -16.9377155304, 4.1990685463, -9.97215843201],
        "cov": [[1355.38964844, -380.713623047, 32.5730018616, -30.8468570709, 42.0954399109, 4.73648643494, -10.843834877, -13.5620908737, -11.2712526321, -2.70002698898, -59.4717178345, -8.40452575684, -53.9986114502], [-380.713623047, 654.32208252, -63.3320846558, -42.0971565247, 58.8433876038, 2.10155105591, 62.8474121094, 14.7058181763, 55.9890594482, 10.8524198532, 90.9416885376, 36.1680831909, 40.9471054077], [32.5730018616, -63.3320846558, 400.972412109, 105.343002319, 79.1579971313, 48.9313850403, 32.4785652161, 35.2655067444, 13.3371419907, 13.5202922821, -27.9398574829, -9.15452671051, -10.9766778946], [-30.8468570709, -42.0971565247, 105.343002319, 445.277282715, 75.0930480957, 40.4183959961, 43.3372535706, 33.4978294373, 65.5603942871, 43.2687225342, -36.3675041199, -48.0766105652, 0.590760707855], [42.0954399109, 58.8433876038, 79.1579971313, 75.0930480957, 167.235275269, 45.1182022095, 50.8592071533, 22.4720420837, 43.6713027954, 33.79139328, 0.834840714931, -3.03173089027, 0.665474236012], [4.73648643494, 2.10155105591, 48.9313850403, 40.4183959961, 45.1182022095, 138.19708252, 75.6204605103, 44.9081764221, 6.20781755447, 16.3678855896, 4.77345609665, -12.0862016678, -8.47974014282], [-10.843834877, 62.8474121094, 32.4785652161, 43.3372535706, 50.8592071533, 75.6204605103, 145.348297119, 61.9132270813, 12.3062372208, 5.24692869186, 18.7087020874, -5.03965044022, -8.28935050964], [-13.5620908737, 14.7058181763, 35.2655067444, 33.4978294373, 22.4720420837, 44.9081764221, 61.9132270813, 82.7163619995, 30.9618377686, 15.7759132385, 5.34950447083, 0.439490258694, 3.8862953186], [-11.2712526321, 55.9890594482, 13.3371419907, 65.5603942871, 43.6713027954, 6.20781755447, 12.3062372208, 30.9618377686, 91.7811737061, 46.9016838074, 7.2591252327, 10.3472204208, 17.9488334656], [-2.70002698898, 10.8524198532, 13.5202922821, 43.2687225342, 33.79139328, 16.3678855896, 5.24692869186, 15.7759132385, 46.9016838074, 73.1311645508, 22.8627986908, 11.1629199982, 7.08985090256], [-59.4717178345, 90.9416885376, -27.9398574829, -36.3675041199, 0.834840714931, 4.77345609665, 18.7087020874, 5.34950447083, 7.2591252327, 22.8627986908, 75.7309265137, 43.7524490356, 11.8085660934], [-8.40452575684, 36.1680831909, -9.15452671051, -48.0766105652, -3.03173089027, -12.0862016678, -5.03965044022, 0.439490258694, 10.3472204208, 11.1629199982, 43.7524490356, 73.5448760986, 32.7643699646], [-53.9986114502, 40.9471054077, -10.9766778946, 0.590760707855, 0.665474236012, -8.47974014282, -8.28935050964, 3.8862953186, 17.9488334656, 7.08985090256, 11.8085660934, 32.7643699646, 57.7618408203]],
        "icov": [[0.000974814873189, 0.000601643463597, 0.000105982049718, 0.000193468382349, -0.000504452211317, 4.56481357105e-05, -0.000248555181315, 0.000292098964565, -0.00042842849507, 0.000133132212795, 0.000504210649524, -0.000733152788598, 0.000889731978532], [0.000601643463597, 0.00274142832495, 0.000196579378098, 0.000469767517643, -0.00110007391777, 0.000361331796739, -0.000950516958255, 0.000922438281123, -0.00239100749604, 0.00210123788565, -0.00353564717807, 0.00165676989127, -0.00121303449851], [0.000105982049718, 0.000196579378098, 0.003138264874, -0.000538546708412, -0.00138171226718, -0.000466520810733, 0.000356804463081, -0.0011842995882, 0.000808936019894, -0.000162202020874, 0.00151782867033, -0.00158433418255, 0.000996851827949], [0.000193468382349, 0.000469767517643, -0.000538546708412, 0.00322723970748, -0.000467853824375, 3.31143855874e-05, -0.000983583973721, 0.000647109758575, -0.0020127329044, -0.00080475647701, 0.00031409598887, 0.00251416908577, -0.00122805894352], [-0.000504452211317, -0.00110007391777, -0.00138171226718, -0.000467853824375, 0.00937183666974, -0.00141312321648, -0.00262463232502, 0.0023626270704, -0.0024460691493, -0.00264293374494, 0.00197904440574, -0.000552166893613, 0.000192527164472], [4.56481357105e-05, 0.000361331796739, -0.000466520810733, 3.31143855874e-05, -0.00141312321648, 0.0115295136347, -0.00436415849254, -0.00289306836203, 0.00260835094377, -0.00276318821125, -0.000385288090911, 0.00183072639629, -0.000456273090094], [-0.000248555181315, -0.000950516958255, 0.000356804463081, -0.000983583973721, -0.00262463232502, -0.00436415849254, 0.0148366754875, -0.00880758278072, 0.00176629179623, 0.00352227059193, -0.00420657731593, 0.000917764322367, 0.00198886077851], [0.000292098964565, 0.000922438281123, -0.0011842995882, 0.000647109758575, 0.0023626270704, -0.00289306836203, -0.00880758278072, 0.0227696634829, -0.00804373435676, 8.38946943986e-05, 0.000583848566748, 0.00023198465351, -0.00162214564625], [-0.00042842849507, -0.00239100749604, 0.000808936019894, -0.0020127329044, -0.0024460691493, 0.00260835094377, 0.00176629179623, -0.00804373435676, 0.0241436865181, -0.0130066471174, 0.00579497125, -0.00333733204752, -0.00252301665023], [0.000133132212795, 0.00210123788565, -0.000162202020874, -0.00080475647701, -0.00264293374494, -0.00276318821125, 0.00352227059193, 8.38946943986e-05, -0.0130066471174, 0.0271329637617, -0.012258249335, 0.00300673022866, 0.000248737167567], [0.000504210649524, -0.00353564717807, 0.00151782867033, 0.00031409598887, 0.00197904440574, -0.000385288090911, -0.00420657731593, 0.000583848566748, 0.00579497125, -0.012258249335, 0.0330093353987, -0.0196289326996, 0.00663043791428], [-0.000733152788598, 0.00165676989127, -0.00158433418255, 0.00251416908577, -0.000552166893613, 0.00183072639629, 0.000917764322367, 0.00023198465351, -0.00333733204752, 0.00300673022866, -0.0196289326996, 0.0333062000573, -0.0160069447011], [0.000889731978532, -0.00121303449851, 0.000996851827949, -0.00122805894352, 0.000192527164472, -0.000456273090094, 0.00198886077851, -0.00162214564625, -0.00252301665023, 0.000248737167567, 0.00663043791428, -0.0160069447011, 0.0280091259629]]
    },
    "melbands": {
        "max": [0.0198692902923, 0.0218150820583, 0.0118056684732, 0.00571677088737, 0.00652700290084, 0.014590324834, 0.00789710134268, 0.00352879543789, 0.00685117254034, 0.00580055080354, 0.00857547111809, 0.00621499028057, 0.00390177266672, 0.00389327527955, 0.00211965106428, 0.00266572250985, 0.0045605939813, 0.000766800018027, 0.00138950755354, 0.000626464025117, 0.000573050871026, 0.000314493663609, 0.000316248973832, 0.000237939413637, 0.000145925398101, 0.000157771835802, 0.000145490397699, 0.000168963408214, 0.000169697363162, 0.000110180641059, 0.000165159246535, 0.000274808728136, 0.000287363916868, 6.69927467243e-05, 4.11455621361e-05, 6.41247825115e-05, 8.03279181127e-05, 8.09782359283e-05, 7.44295830373e-05, 0.000109173022793],
        "mean": [0.00294314068742, 0.00279041426256, 0.000992392189801, 0.000513714447152, 0.000468485959573, 0.00073840841651, 0.000287973904051, 0.000165296441992, 0.000225213501835, 0.000404803402489, 0.00037130882265, 0.000121714554552, 0.000163746502949, 0.000216670581722, 9.50325484155e-05, 9.18112855288e-05, 0.000111647568701, 4.14603673562e-05, 6.12659205217e-05, 4.20978431066e-05, 3.74202354578e-05, 2.31062276725e-05, 2.47480693361e-05, 2.36817159021e-05, 1.83997526619e-05, 1.69582308445e-05, 1.78773098014e-05, 1.5875999452e-05, 1.20032163977e-05, 1.04278051367e-05, 8.98335110833e-06, 7.80421123636e-06, 8.00085035735e-06, 6.08620075582e-06, 5.16247519045e-06, 4.52049926025e-06, 4.13642919739e-06, 3.95805182052e-06, 4.37991366198e-06, 3.96910991185e-06],
        "min": [4.64327115424e-07, 1.07340974864e-05, 1.14062931971e-05, 4.74732769362e-06, 5.14502153237e-06, 2.09317477129e-06, 2.19663547796e-06, 8.43455325139e-07, 2.73086607194e-06, 2.41444149651e-06, 2.8158792702e-06, 8.05565264272e-07, 5.92470598804e-07, 4.86061708216e-07, 6.94804782597e-07, 6.57707232676e-07, 1.05636888748e-06, 7.31118120711e-07, 6.79485992805e-07, 3.88480600577e-07, 1.93221097788e-07, 2.43764816332e-07, 2.61915630517e-07, 3.31959739697e-07, 2.25536780363e-07, 1.68389263422e-07, 1.63435359468e-07, 1.59869813388e-07, 1.63507181128e-07, 8.45721928044e-08, 9.91964768104e-08, 6.71387923035e-08, 6.16767081851e-08, 7.55145705966e-08, 5.93171485264e-08, 1.15913906029e-07, 9.36642052807e-08, 9.39899678087e-08, 4.75476547024e-08, 5.14065270352e-08],
        "stdev": [0.00304671935737, 0.00287798256613, 0.00113175064325, 0.000673749076668, 0.00057011411991, 0.00112225697376, 0.000515562074725, 0.000280689069768, 0.000460628594737, 0.000647668435704, 0.000729597581085, 0.000319130165735, 0.000327129964717, 0.000384916202165, 0.000183322947123, 0.000160807583597, 0.000269955286058, 5.89964329265e-05, 0.000100515761005, 5.84712943237e-05, 4.94520681968e-05, 2.67572086159e-05, 3.01436903101e-05, 2.30521527556e-05, 1.85725766642e-05, 1.73699190782e-05, 1.84691562026e-05, 1.78399823199e-05, 1.42079315992e-05, 1.17931731438e-05, 1.01747955341e-05, 1.05876706584e-05, 1.18080306493e-05, 6.91993727742e-06, 5.73648321733e-06, 5.48368734599e-06, 5.09091023559e-06, 5.1905494729e-06, 6.52732114759e-06, 6.23771484243e-06]
    },
    "melbands128": {
        "max": [0.00673979520798, 0.0174378156662, 0.0351113528013, 0.038660671562, 0.0329508148134, 0.0274880882353, 0.0198569260538, 0.00948108453304, 0.00829772464931, 0.00748021248728, 0.00703394692391, 0.0104687456042, 0.00682386104017, 0.0151857864112, 0.0241277106106, 0.016048040241, 0.0152762541547, 0.0126413088292, 0.00539448857307, 0.00705900648609, 0.00687779951841, 0.00771158188581, 0.0106977531686, 0.0120803900063, 0.00905517861247, 0.0125707983971, 0.0174924042076, 0.0103813288733, 0.0167922582477, 0.014218791388, 0.00684807403013, 0.00455711781979, 0.00601576361805, 0.00734579376876, 0.00673536909744, 0.00686490349472, 0.00602329103276, 0.00343346199952, 0.00279845157638, 0.0015839257976, 0.00213574129157, 0.0112277995795, 0.00713302521035, 0.00464818160981, 0.00221978523768, 0.000971884815954, 0.00230698799714, 0.00335044949315, 0.00172860687599, 0.00149571651127, 0.00129770184867, 0.000954070943408, 0.00138085510116, 0.000554896832909, 0.00111381581519, 0.000260594475549, 0.000386061466997, 0.000710765249096, 0.000399034441216, 0.000427100196248, 0.000412210560171, 0.000306954723783, 0.000277750717942, 0.000277343031485, 0.00024151999969, 0.000303292297758, 0.000199710266315, 0.00021546195785, 0.000226314950851, 0.000496106222272, 0.000274478865322, 0.000165784047567, 0.000212630417082, 0.000244037160883, 0.000322880077874, 9.5175622846e-05, 0.000255130347796, 0.000192652383703, 0.000165875739185, 0.000305317138555, 0.00020626548212, 0.000307130685542, 0.000339515245287, 0.000365511863492, 0.000183170093806, 9.90395419649e-05, 7.10828971933e-05, 0.000101059282315, 6.97514842614e-05, 4.68243088108e-05, 6.71494126436e-05, 7.26743382984e-05, 0.000119298827485, 7.15337591828e-05, 5.67449751543e-05, 0.000117304552987, 9.28661684156e-05, 0.000120740107377, 9.83592835837e-05, 9.53436610871e-05, 0.000172879343154, 0.000111565088446, 7.05391066731e-05, 6.96998395142e-05, 4.8830625019e-05, 6.26847759122e-05, 5.76002785238e-05, 8.36463877931e-05, 3.99665077566e-05, 3.29372160195e-05, 5.65256705158e-05, 3.81438076147e-05, 4.42847522208e-05, 6.0042450059e-05, 4.59646544186e-05, 2.13377279579e-05, 5.14979183208e-06, 4.54667997474e-06, 4.49573508376e-06, 4.85405371364e-06, 2.60724073087e-06, 2.68196617981e-06, 1.40580038988e-06, 6.98329074567e-08, 3.57222029734e-09, 3.52250495439e-09, 3.48791684424e-09, 3.46592265998e-09],
        "mean": [0.000606973189861, 0.00209331721999, 0.00411082571372, 0.0042522624135, 0.00281754788011, 0.00173510378227, 0.0012303609401, 0.000809852208477, 0.000561068474781, 0.000481851544464, 0.000514805724379, 0.000429173232988, 0.000356259319233, 0.000627815141343, 0.000866948161274, 0.000820031855255, 0.000405082741054, 0.000177648398676, 0.000136631439091, 0.000164407276316, 0.000160575873451, 0.00022560537036, 0.000237578147789, 0.000208115336136, 0.000288067152724, 0.000447923288448, 0.000774658401497, 0.000315441691782, 0.000111281849968, 0.000129754916998, 0.000118778960314, 0.000114295624371, 0.000191562663531, 0.000147516126162, 0.000250575511018, 0.000249250879278, 0.000154634253704, 6.79110235069e-05, 8.29788041301e-05, 6.46509142825e-05, 6.56464180793e-05, 0.000172380779986, 0.000150145177031, 5.92306241742e-05, 4.19191892433e-05, 3.19920000038e-05, 4.81450806546e-05, 6.74273323966e-05, 6.01135980105e-05, 6.72588939779e-05, 2.91109354293e-05, 2.92885470117e-05, 4.78463553009e-05, 3.56961863872e-05, 2.78282896033e-05, 1.79123144335e-05, 2.04936404771e-05, 3.40234437317e-05, 2.32344464166e-05, 1.46839820445e-05, 2.97920378216e-05, 2.44900966209e-05, 1.44314535646e-05, 1.81911491381e-05, 2.252284321e-05, 1.60750132636e-05, 1.37621500471e-05, 1.64145913004e-05, 1.40459169415e-05, 2.91618653137e-05, 1.58597704285e-05, 1.06141642391e-05, 9.56362873694e-06, 1.31438300741e-05, 1.38093155329e-05, 9.07780213311e-06, 1.09853290269e-05, 8.61085209181e-06, 9.07885623747e-06, 8.54565769259e-06, 7.55106748329e-06, 6.5313356572e-06, 1.03920629044e-05, 8.06393563835e-06, 6.64479512125e-06, 5.77295759285e-06, 5.75398462388e-06, 6.68034954288e-06, 5.10541804033e-06, 4.16676084569e-06, 4.35513629782e-06, 4.75113984066e-06, 4.76409741168e-06, 4.12586359744e-06, 3.61127536053e-06, 3.96034374717e-06, 3.87299724025e-06, 4.17523551732e-06, 4.64018876301e-06, 4.12994722865e-06, 4.70293343824e-06, 3.84468376069e-06, 3.27990574078e-06, 3.32383797286e-06, 2.59191824625e-06, 2.81123266177e-06, 2.47483035309e-06, 1.84563054972e-06, 1.80784832082e-06, 1.60291949669e-06, 1.46496256548e-06, 1.19703474866e-06, 8.85040776666e-07, 6.47922092867e-07, 5.7994020608e-07, 5.19905142937e-07, 3.50440700458e-07, 2.66060681042e-07, 2.62985366817e-07, 2.04545628435e-07, 1.43712341583e-07, 9.15512003985e-08, 3.88680589936e-08, 1.06940523104e-09, 1.04921661637e-11, 9.9694679595e-12, 9.66826098348e-12, 9.57456596645e-12],
        "min": [1.4207817145e-08, 6.33958592289e-08, 1.78297739239e-07, 5.80283312956e-07, 2.31380909099e-06, 4.80288406379e-07, 1.5525621393e-06, 4.51610276286e-06, 1.95963889382e-06, 8.04857620551e-07, 1.20951119698e-06, 9.00853862618e-08, 6.00958287578e-07, 7.70548865603e-07, 9.0075064918e-07, 8.80695495198e-07, 1.26029135572e-06, 4.41583750899e-07, 4.2236729314e-07, 1.70041502656e-07, 1.38303278163e-07, 9.4084875002e-08, 8.26360292194e-07, 8.03521686521e-07, 1.13735711693e-06, 9.05174943e-07, 1.06894412966e-06, 1.03281718111e-06, 5.35176241101e-07, 2.64514255832e-07, 2.98949004218e-07, 8.00250177235e-08, 3.39551576189e-07, 1.54416824216e-07, 7.62210419225e-08, 4.43047326826e-07, 1.86275656233e-07, 9.0231353056e-08, 2.02516986292e-07, 5.53380203883e-08, 5.10997381298e-07, 7.44784927065e-07, 5.10326231051e-07, 1.45323099332e-07, 2.72031485338e-07, 1.30113122054e-07, 2.19675712287e-07, 2.33980586017e-07, 2.59431772065e-07, 7.37185317234e-08, 6.03491443485e-08, 1.71508133917e-07, 1.71965012896e-07, 1.3905140861e-07, 1.10910981732e-07, 9.93011610717e-08, 1.37364636998e-07, 1.76678398134e-07, 1.5627655614e-07, 1.22290799709e-07, 3.24232360072e-07, 2.56909004293e-07, 1.09183119434e-07, 1.65898867976e-07, 1.04960257374e-07, 4.58155504646e-08, 1.14560066322e-07, 7.37515932769e-08, 5.22090068955e-08, 5.31653761016e-08, 1.2036547048e-07, 1.21198226566e-07, 6.86936019179e-08, 4.99960925993e-08, 5.91000954842e-08, 2.58390997487e-08, 6.31178309618e-08, 5.62181163843e-08, 4.57750104488e-08, 4.300132872e-08, 6.98485322914e-08, 6.22362250624e-08, 6.19380742251e-08, 4.88497704509e-08, 5.09030719797e-08, 3.97216126657e-08, 1.03597921353e-08, 2.84655623517e-08, 3.93910575269e-08, 6.6240225749e-08, 4.89582099306e-08, 2.14246327346e-08, 4.54121611426e-08, 3.62617420535e-08, 2.46037199503e-08, 5.58652999416e-08, 5.62855575481e-08, 3.73356314753e-08, 3.14671027013e-08, 2.74418301416e-08, 5.62984929786e-08, 3.8236652955e-08, 7.50593631693e-09, 4.28059969693e-08, 1.5733354175e-08, 1.21494627692e-08, 1.54623140958e-08, 1.87224564741e-08, 1.15956284574e-08, 6.40321973222e-09, 4.15702938739e-09, 6.92863055818e-09, 6.95221169522e-09, 3.09358605399e-09, 1.80309622788e-09, 1.48362999663e-09, 5.40722258635e-11, 9.95497954903e-13, 7.87860824757e-13, 9.25468469221e-13, 6.29414164018e-13, 5.52247592274e-13, 4.46033672236e-13, 4.30186837758e-13, 3.16857407283e-13, 1.23353624949e-13, 1.97481479547e-14, 6.01999232866e-16],
        "stdev": [0.000990698928945, 0.00257965433411, 0.00491969147697, 0.0050085070543, 0.00360130053014, 0.00250414200127, 0.00167093542404, 0.00113053130917, 0.000790619931649, 0.000819608336315, 0.000865839421749, 0.000711573520675, 0.000582894659601, 0.00131764006801, 0.00162231537979, 0.00152324000373, 0.000890412484296, 0.000579744344577, 0.000323192827636, 0.000400168239139, 0.000378155440558, 0.000526649004314, 0.000684393860865, 0.000541693822015, 0.000689102569595, 0.00101039570291, 0.0016827210784, 0.000877074548043, 0.000529834127519, 0.000559543434065, 0.000323497602949, 0.000246646057349, 0.000487734185299, 0.000490394013468, 0.000548678974155, 0.000565760477912, 0.000449428043794, 0.000222592614591, 0.000209965728573, 0.000140751333674, 0.000149135958054, 0.000522415095475, 0.000452665291959, 0.00020681040769, 9.83001300483e-05, 5.42814523214e-05, 0.000117216841318, 0.000171268780832, 0.000117197967484, 0.000130562533741, 6.43473831587e-05, 6.06269750278e-05, 8.5714396846e-05, 5.65645823372e-05, 6.22962470516e-05, 2.51104629569e-05, 2.93503853754e-05, 5.7898916566e-05, 3.77275464416e-05, 2.17603574129e-05, 3.71430505766e-05, 2.93281063932e-05, 2.11273454624e-05, 2.86378872261e-05, 2.9054510378e-05, 2.13398980122e-05, 1.95365264517e-05, 2.1667980036e-05, 1.90821865544e-05, 5.21688089066e-05, 2.03833988053e-05, 1.53258897626e-05, 1.45384965435e-05, 2.0201139705e-05, 2.43943140958e-05, 1.16503069876e-05, 2.12522572838e-05, 1.14050708362e-05, 1.14623244372e-05, 1.34861602419e-05, 1.19114920381e-05, 1.14539525384e-05, 1.73971293407e-05, 1.39765088534e-05, 1.22871661006e-05, 8.1643474914e-06, 7.01141470927e-06, 1.10561513793e-05, 6.4892278715e-06, 5.01071644976e-06, 5.91843081565e-06, 7.02385432305e-06, 6.56435122437e-06, 5.68975883652e-06, 4.92481376568e-06, 5.75606372877e-06, 5.45755574421e-06, 6.52483277008e-06, 7.94853349362e-06, 6.83981534166e-06, 8.26049927127e-06, 6.5936142164e-06, 5.20085495737e-06, 5.09173514729e-06, 3.94910694013e-06, 4.41755219072e-06, 3.56802547685e-06, 3.22561004396e-06, 2.89771469397e-06, 2.62568528342e-06, 2.5405577162e-06, 2.03999502446e-06, 1.66631275533e-06, 1.61439936619e-06, 1.31963793137e-06, 9.78699404186e-07, 6.00857447353e-07, 4.78554511574e-07, 4.92343701808e-07, 4.13871447336e-07, 3.1497191344e-07, 2.44857830012e-07, 1.12040197564e-07, 4.62180471672e-09, 1.28017915713e-10, 1.26358409847e-10, 1.25143326257e-10, 1.2434339669e-10]
    },
    "mfcc": {
        "mean": [-580.822021484, 94.9178848267, 10.1628141403, 16.2443466187, 5.26667404175, 7.96273612976, 7.43891191483, 5.67516565323, 3.74949216843, 3.69070744514, 1.76007091999, -0.612587749958, -0.217663303018],
        "cov": [[1356.11352539, -326.309783936, -95.4199371338, -12.5217609406, -7.11886644363, 12.0661411285, -31.5410785675, -12.776058197, 7.74978351593, -2.77658700943, -9.63549804688, -3.39274668694, 1.47096288204], [-326.309783936, 613.410888672, -72.9599227905, -100.997627258, -4.1025018692, -32.3909721375, 14.3498010635, 20.7303218842, -31.8365955353, -27.1707725525, 9.44600868225, 49.8792800903, 17.8663787842], [-95.4199371338, -72.9599227905, 277.156188965, 79.6676483154, 45.9645080566, 36.7758789062, 33.1875495911, 23.3739509583, 39.9312362671, 16.0660915375, 14.5241537094, -4.11298847198, 0.97389960289], [-12.5217609406, -100.997627258, 79.6676483154, 291.658996582, 72.6502456665, 70.139793396, -1.31995344162, 9.44109344482, 59.2992019653, 61.8428039551, 9.85295009613, 9.48816871643, 27.7866344452], [-7.11886644363, -4.1025018692, 45.9645080566, 72.6502456665, 119.447738647, 49.9648704529, -7.03936958313, -4.55889892578, 35.7658843994, 26.5527172089, 7.08281755447, 8.57665920258, 8.04041290283], [12.0661411285, -32.3909721375, 36.7758789062, 70.139793396, 49.9648704529, 106.56375885, 41.6910438538, 17.9546260834, 35.550617218, 38.4916000366, 23.0242767334, 14.1509103775, 12.6693220139], [-31.5410785675, 14.3498010635, 33.1875495911, -1.31995344162, -7.03936958313, 41.6910438538, 137.177474976, 60.1623878479, 15.8560266495, 17.549451828, 27.3410797119, 20.6753807068, -2.25833654404], [-12.776058197, 20.7303218842, 23.3739509583, 9.44109344482, -4.55889892578, 17.9546260834, 60.1623878479, 81.7420425415, 32.4001045227, 12.2255430222, 16.6005897522, 14.297085762, 6.74236822128], [7.74978351593, -31.8365955353, 39.9312362671, 59.2992019653, 35.7658843994, 35.550617218, 15.8560266495, 32.4001045227, 89.571685791, 51.2375221252, 17.1365261078, 1.4661232233, 7.3453245163], [-2.77658700943, -27.1707725525, 16.0660915375, 61.8428039551, 26.5527172089, 38.4916000366, 17.549451828, 12.2255430222, 51.2375221252, 84.4471206665, 31.8405017853, -0.169326946139, 0.250346899033], [-9.63549804688, 9.44600868225, 14.5241537094, 9.85295009613, 7.08281755447, 23.0242767334, 27.3410797119, 16.6005897522, 17.1365261078, 31.8405017853, 73.2019042969, 27.2797622681, -2.99975585938], [-3.39274668694, 49.8792800903, -4.11298847198, 9.48816871643, 8.57665920258, 14.1509103775, 20.6753807068, 14.297085762, 1.4661232233, -0.169326946139, 27.2797622681, 64.8420791626, 29.4597663879], [1.47096288204, 17.8663787842, 0.97389960289, 27.7866344452, 8.04041290283, 12.6693220139, -2.25833654404, 6.74236822128, 7.3453245163, 0.250346899033, -2.99975585938, 29.4597663879, 70.3996124268]],
        "icov": [[0.000920678605326, 0.000600796774961, 0.000447161059128, 0.000215728359763, -0.000103868747829, -0.000187758734683, 0.000228366217925, -0.000199020418222, -0.000149206956849, 0.000135321854032, 9.13428957574e-05, -0.000429636420449, 7.76154047344e-06], [0.000600796774961, 0.00236691557802, 0.000636018987279, 0.000784537871368, -0.000844837923069, 0.000500670284964, 0.000146672231494, -0.000965299375821, 0.000556145969313, -0.000192410952877, 0.000223870229092, -0.00173419294879, -0.000150258536451], [0.000447161059128, 0.000636018987279, 0.00471150362864, -0.00081619375851, -0.00138108211104, 9.42921833484e-05, -0.00109452905599, -0.000302853499306, -0.00141609297134, 0.00189531035721, -0.00119358149823, 0.00114599138033, -0.000168527825736], [0.000215728359763, 0.000784537871368, -0.00081619375851, 0.00549840182066, -0.00142799050082, -0.00168469944037, 0.00120401510503, -0.000610570481513, -0.000236493375269, -0.002959047677, 0.00145051605068, -0.00121077243239, -0.00119548675139], [-0.000103868747829, -0.000844837923069, -0.00138108211104, -0.00142799050082, 0.0131675917655, -0.00523725664243, 0.0020089300815, 0.002583256457, -0.00364292226732, 0.000251233112067, 0.00116599572357, -0.0020625514444, 0.00134696473833], [-0.000187758734683, 0.000500670284964, 9.42921833484e-05, -0.00168469944037, -0.00523725664243, 0.0167808737606, -0.00528317596763, 0.00115191715304, -0.000821414403617, -0.00253413035534, -0.00175355770625, 5.07713448314e-05, -0.00216232868843], [0.000228366217925, 0.000146672231494, -0.00109452905599, 0.00120401510503, 0.0020089300815, -0.00528317596763, 0.0138115920126, -0.00926588475704, 0.00304469256662, -0.00221271114424, -5.1041955885e-05, -0.00300737400539, 0.00249623507261], [-0.000199020418222, -0.000965299375821, -0.000302853499306, -0.000610570481513, 0.002583256457, 0.00115191715304, -0.00926588475704, 0.0231243409216, -0.00987195502967, 0.00396831473336, -0.00145155005157, -0.00046837766422, -0.00136988970917], [-0.000149206956849, 0.000556145969313, -0.00141609297134, -0.000236493375269, -0.00364292226732, -0.000821414403617, 0.00304469256662, -0.00987195502967, 0.0235909894109, -0.0118306456134, 0.00120658159722, 0.000816558953375, -0.00112771335989], [0.000135321854032, -0.000192410952877, 0.00189531035721, -0.002959047677, 0.000251233112067, -0.00253413035534, -0.00221271114424, 0.00396831473336, -0.0118306456134, 0.0253742989153, -0.00963099393994, 0.00565772224218, -0.000469756458187], [9.13428957574e-05, 0.000223870229092, -0.00119358149823, 0.00145051605068, 0.00116599572357, -0.00175355770625, -5.1041955885e-05, -0.00145155005157, 0.00120658159722, -0.00963099393994, 0.0232077427208, -0.0123233618215, 0.00575920147821], [-0.000429636420449, -0.00173419294879, 0.00114599138033, -0.00121077243239, -0.0020625514444, 5.07713448314e-05, -0.00300737400539, -0.00046837766422, 0.000816558953375, 0.00565772224218, -0.0123233618215, 0.0287467036396, -0.0115739665926], [7.76154047344e-06, -0.000150258536451, -0.000168527825736, -0.00119548675139, 0.00134696473833, -0.00216232868843, 0.00249623507261, -0.00136988970917, -0.00112771335989, -0.000469756458187, 0.00575920147821, -0.0115739665926, 0.0203713923693]]
    },
    "spectral_contrast_coeffs": {
        "max": [-0.474496692419, -0.490815073252, -0.500781059265, -0.565553545952, -0.656535565853, -0.640126526356],
        "mean": [-0.737784206867, -0.749317765236, -0.739812970161, -0.781703293324, -0.786720991135, -0.776010274887],
        "min": [-0.925543308258, -0.942798614502, -0.914638459682, -0.888220787048, -0.877432703972, -0.865114808083],
        "stdev": [0.0608134642243, 0.0754934549332, 0.0768237784505, 0.0510969012976, 0.035581342876, 0.0316098444164]
    },
    "spectral_contrast_valleys": {
        "max": [-4.9473361969, -4.99113082886, -5.43166399002, -5.60703611374, -5.63352108002, -7.42852973938],
        "mean": [-6.24356269836, -6.43870687485, -6.88134384155, -7.1188082695, -6.98322439194, -9.10042476654],
        "min": [-8.30887794495, -8.04959392548, -8.81247997284, -8.44155025482, -8.83479881287, -10.764040947],
        "stdev": [0.536500096321, 0.472966790199, 0.490753263235, 0.474592417479, 0.4800760746, 0.605884790421]
    }
},
"rhythm": {
    "beats_count": 135,
    "beats_loudness": {
        "max": 0.0893286913633,
        "mean": 0.0475903637707,
        "min": 0.0139260059223,
        "stdev": 0.0148651944473
    },
    "bpm": 166.247756958,
    "bpm_histogram_first_peak_bpm": 167,
    "bpm_histogram_first_peak_weight": 0,
    "bpm_histogram_second_peak_bpm": 172,
    "bpm_histogram_second_peak_spread": 0,
    "bpm_histogram_second_peak_weight": 0.149253726006,
    "danceability": 1.39197456837,
    "onset_rate": 4.2041015625,
    "beats_loudness_band_ratio": {
        "max": [0.908665060997, 0.647189855576, 0.504425942898, 0.608556687832, 0.354210972786, 0.293779432774],
        "mean": [0.415010452271, 0.143713459373, 0.149972096086, 0.141764894128, 0.0742117092013, 0.10655092448],
        "min": [0.0109374141321, 0.00709954928607, 0.00908373203129, 0.00703609548509, 0.00573607068509, 0.00314499251544],
        "stdev": [0.230344235897, 0.123589128256, 0.112464085221, 0.124216541648, 0.0570933483541, 0.0722263529897]
    },
