{
"metadata": {
    "version": {
        "essentia": "2.1-beta5",
        "essentia_git_sha": "Undefined",
        "extractor": "music 2.0"
    },
    "audio_properties": {
        "analysis": {
            "equal_loudness": 0,
            "length": 48.7502937317,
            "sample_rate": 44100,
            "start_time": 12.7477550507,
            "downmix": "mix"
        },
        "bit_rate": 192000,
        "length": 190.693893433,
        "lossless": 0,
        "number_channels": 2,
        "replay_gain": 0.0997009277344,
        "sample_rate": 48000,
        "codec": "mp3",
        "md5_encoded": "ede46aa1e1bdc1edafa6f464f5f141cc"
    },
    "tags": {
        "file_name": "Norway_Alvedansen_Christine Guldbrandsen.mp3",
        "encoding": ["Lavf58.29.100"]
    }
},
"lowlevel": {
    "average_loudness": 0.949582397938,
    "barkbands_crest": {
        "max": 22.090839386,
        "mean": 8.34304618835,
        "min": 2.99360656738,
        "stdev": 3.03673267365
    },
    "barkbands_flatness_db": {
        "max": 0.252522557974,
        "mean": 0.0940428599715,
        "min": 0.0290967207402,
        "stdev": 0.027306124568
    },
    "barkbands_kurtosis": {
        "max": 26.2639598846,
        "mean": 2.31133198738,
        "min": -1.91022324562,
        "stdev": 3.56549811363
    },
    "barkbands_skewness": {
        "max": 4.44627523422,
        "mean": 1.22265863419,
        "min": -2.23410534859,
        "stdev": 0.864654123783
    },
    "barkbands_spread": {
        "max": 120.367263794,
        "mean": 28.9148693085,
        "min": 4.17782068253,
        "stdev": 14.6260995865
    },
    "dissonance": {
        "max": 0.499854803085,
        "mean": 0.459368556738,
        "min": 0.309101581573,
        "stdev": 0.0245928913355
    },
    "dynamic_complexity": 2.06841373444,
    "erbbands_crest": {
        "max": 30.1348628998,
        "mean": 10.4860782623,
        "min": 2.4530570507,
        "stdev": 4.8000202179
    },
    "erbbands_flatness_db": {
        "max": 0.23996938765,
        "mean": 0.124727912247,
        "min": 0.042331751436,
        "stdev": 0.03431564942
    },
    "erbbands_kurtosis": {
        "max": 16.2816162109,
        "mean": 1.29795217514,
        "min": -1.61893200874,
        "stdev": 2.17076539993
    },
    "erbbands_skewness": {
        "max": 3.039260149,
        "mean": 0.607793152332,
        "min": -2.01881575584,
        "stdev": 0.564332485199
    },
    "erbbands_spread": {
        "max": 137.137405396,
        "mean": 37.7185668945,
        "min": 6.20016717911,
        "stdev": 19.7605133057
    },
    "hfc": {
        "max": 376.883636475,
        "mean": 36.9736595154,
        "min": 1.32835435867,
        "stdev": 26.1354961395
    },
    "loudness_ebu128": {
        "integrated": -22.2478656769,
        "loudness_range": 4.01007652283,
        "momentary": {
            "max": -19.2794246674,
            "mean": -22.6081695557,
            "min": -27.3263187408,
            "stdev": 1.81176102161
        },
        "short_term": {
            "max": -20.1969051361,
            "mean": -22.605890274,
            "min": -25.066570282,
            "stdev": 1.49062848091
        }
    },
    "melbands_crest": {
        "max": 32.2007637024,
        "mean": 12.4653224945,
        "min": 4.39395046234,
        "stdev": 4.69809579849
    },
    "melbands_flatness_db": {
        "max": 0.344379961491,
        "mean": 0.172798186541,
        "min": 0.0691726133227,
        "stdev": 0.0370601117611
    },
    "melbands_kurtosis": {
        "max": 128.705123901,
        "mean": 8.83557987213,
        "min": -1.55587422848,
        "stdev": 10.6716165543
    },
    "melbands_skewness": {
        "max": 10.1595754623,
        "mean": 2.09665393829,
        "min": -0.545367956161,
        "stdev": 1.29693186283
    },
    "melbands_spread": {
        "max": 232.100418091,
        "mean": 27.196598053,
        "min": 3.38580083847,
        "stdev": 14.8182039261
    },
    "pitch_salience": {
        "max": 0.802517473698,
        "mean": 0.531172454357,
        "min": 0.267103791237,
        "stdev": 0.0814603120089
    },
    "silence_rate_20dB": {
        "max": 1,
        "mean": 1,
        "min": 1,
        "stdev": 0
    },
    "silence_rate_30dB": {
        "max": 1,
        "mean": 0.999524056911,
        "min": 0,
        "stdev": 0.0218114424497
    },
    "silence_rate_60dB": {
        "max": 0,
        "mean": 0,
        "min": 0,
        "stdev": 0
    },
    "spectral_centroid": {
        "max": 5126.61376953,
        "mean": 1272.86914062,
        "min": 370.152252197,
        "stdev": 442.257019043
    },
    "spectral_complexity": {
        "max": 52,
        "mean": 20.608757019,
        "min": 1,
        "stdev": 6.67282676697
    },
    "spectral_decrease": {
        "max": -2.56124205178e-10,
        "mean": -9.34173094436e-09,
        "min": -2.79795671076e-08,
        "stdev": 4.29844293492e-09
    },
    "spectral_energy": {
        "max": 0.109879128635,
        "mean": 0.0386114306748,
        "min": 0.00108715891838,
        "stdev": 0.0174407809973
    },
    "spectral_energyband_high": {
        "max": 0.0367361679673,
        "mean": 0.00156696757767,
        "min": 3.14566095767e-05,
        "stdev": 0.00221724878065
    },
    "spectral_energyband_low": {
        "max": 0.0815834179521,
        "mean": 0.0123228775337,
        "min": 0.000114350914373,
        "stdev": 0.00960014294833
    },
    "spectral_energyband_middle_high": {
        "max": 0.058254417032,
        "mean": 0.0121509535238,
        "min": 0.000454754102975,
        "stdev": 0.0116123706102
    },
    "spectral_energyband_middle_low": {
        "max": 0.0598292797804,
        "mean": 0.013517822139,
        "min": 0.000364634033758,
        "stdev": 0.00718662748113
    },
    "spectral_entropy": {
        "max": 8.93894767761,
        "mean": 7.75891256332,
        "min": 6.53868055344,
        "stdev": 0.311692714691
    },
    "spectral_flux": {
        "max": 0.228837296367,
        "mean": 0.0970737636089,
        "min": 0.0287327375263,
        "stdev": 0.0337851829827
    },
    "spectral_kurtosis": {
        "max": 13.6421604156,
        "mean": 3.51973319054,
        "min": -1.18863344193,
        "stdev": 1.62840366364
    },
    "spectral_rms": {
        "max": 0.0103537021205,
        "mean": 0.00597597798333,
        "min": 0.00102987512946,
        "stdev": 0.00139911205042
    },
    "spectral_rolloff": {
        "max": 12403.125,
        "mean": 1562.00048828,
        "min": 107.666015625,
        "stdev": 1611.30432129
    },
    "spectral_skewness": {
        "max": 3.19030714035,
        "mean": 1.68766617775,
        "min": 0.0866164639592,
        "stdev": 0.319803923368
    },
    "spectral_spread": {
        "max": 16709067,
        "mean": 6599509.5,
        "min": 3438535.25,
        "stdev": 1884561.25
    },
    "spectral_strongpeak": {
        "max": 16.1580543518,
        "mean": 1.57111561298,
        "min": 0,
        "stdev": 2.06616425514
    },
    "zerocrossingrate": {
        "max": 0.4228515625,
        "mean": 0.0795119851828,
        "min": 0.013671875,
        "stdev": 0.0390363559127
    },
    "barkbands": {
        "max": [0.029298722744, 0.0463392101228, 0.0340411327779, 0.0160206221044, 0.0377274267375, 0.0502709411085, 0.0381578877568, 0.0314832367003, 0.0268801804632, 0.0311763491482, 0.0510038286448, 0.0472826138139, 0.0312958844006, 0.00927904434502, 0.0135582210496, 0.00903847906739, 0.00887626968324, 0.00567640503868, 0.00297643896192, 0.00191416672897, 0.0043005598709, 0.00265282695182, 0.00557457376271, 0.00983420480043, 0.0217633377761, 0.00496120331809, 0.000948179105762],
        "mean": [0.00148314633407, 0.00778971984982, 0.00249790865928, 0.0012548386585, 0.00358363077976, 0.00295350863598, 0.00230458914302, 0.00192231941037, 0.000772674276959, 0.00231100642122, 0.00265520252287, 0.00260973023251, 0.00112204672769, 0.000678914133459, 0.00138682185207, 0.000567863637116, 0.000388122105505, 0.000379732518923, 0.000303299369989, 0.000208219033084, 0.000121102311823, 0.000109170992801, 0.00018134911079, 0.000336357479682, 0.000440097035607, 0.000205210075364, 4.48708342446e-05],
        "min": [7.85318889029e-07, 3.94966409658e-05, 2.78693255495e-06, 2.88202500087e-06, 1.27996154333e-05, 8.05391118774e-06, 1.07139521788e-05, 2.75886350209e-06, 7.0270125434e-06, 6.78651213093e-06, 6.5313961386e-06, 9.74274280452e-06, 9.45636384131e-06, 6.84639962856e-06, 5.45411967323e-06, 7.09223195372e-06, 5.40891187484e-06, 7.01423414284e-06, 5.47299396203e-06, 4.21537606599e-06, 1.07374228264e-06, 1.74581680312e-06, 4.64948561785e-06, 4.32569368058e-06, 3.37746951118e-06, 6.91245134021e-07, 7.05029101766e-09],
        "stdev": [0.00209457590245, 0.00633106892928, 0.00339122558944, 0.00145212537609, 0.00366655201651, 0.00374319893308, 0.00322508648969, 0.00285880523734, 0.00147286790889, 0.0030904377345, 0.00540191866457, 0.0051440615207, 0.00293613504618, 0.00100407574791, 0.00174386508297, 0.000912032439373, 0.000560568994842, 0.000483711803099, 0.000317711295793, 0.00020879683143, 0.000208517652936, 0.00016807859356, 0.00026519948733, 0.000571021693759, 0.000979331322014, 0.000375355914002, 0.00010494167509]
    },
    "erbbands": {
        "max": [3.23409438133, 9.63901329041, 34.5063819885, 45.3003997803, 80.597984314, 192.982009888, 269.656311035, 627.140319824, 380.477996826, 858.108337402, 500.060241699, 754.590759277, 798.934753418, 1093.77783203, 2436.90795898, 2423.42797852, 1556.13439941, 681.928100586, 795.588012695, 708.503723145, 462.184570312, 393.779510498, 405.575714111, 332.174713135, 91.5564956665, 83.6376953125, 165.758605957, 148.481704712, 103.740234375, 76.3442153931, 207.227111816, 194.47026062, 231.7918396, 246.785079956, 140.702667236, 34.2122879028, 9.51147556305, 1.56291913986, 0.147004559636, 0.00402018940076],
        "mean": [0.297759622335, 1.4315687418, 3.11935400963, 3.73140907288, 6.79941320419, 11.5471200943, 23.0315647125, 22.3714256287, 35.848526001, 32.2458953857, 39.4531402588, 21.1541976929, 46.6444702148, 96.6243743896, 106.626556396, 119.659393311, 61.7833595276, 42.3903045654, 65.465133667, 45.9571914673, 35.0845565796, 17.8969936371, 20.0328159332, 21.0343818665, 11.2998800278, 9.45301246643, 7.01471614838, 4.05823612213, 3.96976089478, 3.89999556541, 5.54379844666, 5.95373058319, 6.39158248901, 5.95308971405, 2.46339011192, 0.983151137829, 0.361589968204, 0.0827455371618, 0.00786775909364, 0.000205248987186],
        "min": [0.00203622900881, 0.00449244538322, 0.00559636065736, 0.0352930612862, 0.125227183104, 0.164757415652, 0.158069759607, 0.0525653511286, 0.261469662189, 0.176750570536, 0.24995970726, 0.217851042747, 0.188572213054, 0.384725153446, 0.467873185873, 1.17307245731, 0.543143749237, 0.572312176228, 0.481867551804, 0.348598390818, 0.363508433104, 0.549914419651, 0.47872659564, 0.330530047417, 0.25482609868, 0.197733685374, 0.155525028706, 0.0403933115304, 0.0618746727705, 0.0845455601811, 0.106354631484, 0.0908743739128, 0.0679827332497, 0.0480391792953, 0.0105428798124, 0.00466687604785, 0.000909426773433, 9.04052940314e-05, 8.73570570548e-06, 7.24851133782e-06],
        "stdev": [0.308760821819, 1.16432595253, 3.6920337677, 4.34357738495, 6.97650575638, 14.9347801208, 32.8707885742, 36.1824836731, 42.855381012, 53.919960022, 58.1112060547, 36.161945343, 71.5536346436, 136.468292236, 243.755599976, 242.165939331, 143.839889526, 59.6120300293, 82.7538604736, 58.8906669617, 46.6868209839, 24.4650001526, 25.5269756317, 26.1286392212, 10.9786491394, 9.41232299805, 9.68007564545, 7.34056377411, 6.09124279022, 5.44513511658, 8.48795413971, 10.34770298, 10.9490995407, 11.5333557129, 6.71086502075, 1.88231992722, 0.69037514925, 0.166054129601, 0.0179421212524, 0.000352598377503]
    },
    "gfcc": {
        "mean": [63.7466964722, 67.8031082153, -93.5024719238, 15.6033153534, -48.4300918579, 27.2467517853, -42.6003875732, 17.9672603607, -28.3760261536, 8.04705524445, -8.71266269684, 6.2551856041, -8.53687572479],
        "cov": [[1232.5880127, -262.093658447, -221.171218872, -180.438369751, 26.4538822174, 57.9376983643, 59.491317749, 66.7478790283, 41.3857574463, 14.0780000687, -51.5819664001, -44.5141220093, -22.8618373871], [-262.093658447, 544.340759277, -296.002960205, -15.991692543, -3.04376649857, -10.7335414886, -28.3475513458, 4.51343584061, -3.25133943558, -35.8420181274, 2.769333601, -62.3734283447, 34.1095581055], [-221.171218872, -296.002960205, 563.758728027, 105.877708435, 10.7874641418, -55.1097793579, 3.78992056847, -67.020942688, -15.881231308, 15.0408945084, 2.64883089066, 88.5925216675, -23.3999977112], [-180.438369751, -15.991692543, 105.877708435, 163.026382446, 14.9122629166, -19.6412448883, -18.6053314209, -13.5973644257, 5.26475811005, 1.25621140003, -0.0892472192645, 18.381521225, 1.47165083885], [26.4538822174, -3.04376649857, 10.7874641418, 14.9122629166, 96.8798904419, 3.46226644516, 13.4899787903, 3.43486356735, 4.63066053391, -2.88783931732, 0.675376415253, 2.86425185204, -1.54488825798], [57.9376983643, -10.7335414886, -55.1097793579, -19.6412448883, 3.46226644516, 153.392791748, 41.7184143066, -8.73057842255, -37.2076301575, 10.1024532318, 26.8032836914, -27.3185424805, -9.24132537842], [59.491317749, -28.3475513458, 3.78992056847, -18.6053314209, 13.4899787903, 41.7184143066, 123.020965576, -3.35898733139, -22.4665222168, 11.1338386536, 18.309961319, 2.58752298355, -24.4318504333], [66.7478790283, 4.51343584061, -67.020942688, -13.5973644257, 3.43486356735, -8.73057842255, -3.35898733139, 95.0156326294, 40.291683197, -1.83269476891, 0.737775504589, -12.9403934479, 2.86316394806], [41.3857574463, -3.25133943558, -15.881231308, 5.26475811005, 4.63066053391, -37.2076301575, -22.4665222168, 40.291683197, 83.2905731201, 15.2308521271, -27.5521373749, -10.3197612762, 4.367811203], [14.0780000687, -35.8420181274, 15.0408945084, 1.25621140003, -2.88783931732, 10.1024532318, 11.1338386536, -1.83269476891, 15.2308521271, 59.4524497986, 20.6850967407, -4.40324926376, -14.1124267578], [-51.5819664001, 2.769333601, 2.64883089066, -0.0892472192645, 0.675376415253, 26.8032836914, 18.309961319, 0.737775504589, -27.5521373749, 20.6850967407, 88.8147277832, 21.8311500549, -8.45575904846], [-44.5141220093, -62.3734283447, 88.5925216675, 18.381521225, 2.86425185204, -27.3185424805, 2.58752298355, -12.9403934479, -10.3197612762, -4.40324926376, 21.8311500549, 82.457649231, 18.325170517], [-22.8618373871, 34.1095581055, -23.3999977112, 1.47165083885, -1.54488825798, -9.24132537842, -24.4318504333, 2.86316394806, 4.367811203, -14.1124267578, -8.45575904846, 18.325170517, 55.1410675049]],
        "icov": [[0.00154259661213, 0.00134212465491, 0.00105738430284, 0.00114441697951, -0.000602390617132, -3.50844129571e-05, -0.000389265274862, -3.92232868762e-05, -0.000410965323681, 9.85141305136e-05, 0.000732544343919, 0.000201507340535, 0.000137461247505], [0.00134212465491, 0.00441664317623, 0.00256506446749, 0.000249871256528, -0.000591664458625, 0.00130486651324, -0.000520517642144, 0.00154701410793, -0.000625236250926, 0.00195319182239, -0.00120614131447, 0.00269659771584, -0.00173432845622], [0.00105738430284, 0.00256506446749, 0.00439173029736, -0.000920491933357, -0.000542106979992, 0.00102998397779, -0.000247958116233, 0.00199744105339, -0.000197350236704, 0.000153361426783, 0.000617534038611, -0.00182052317541, 0.00143839989323], [0.00114441697951, 0.000249871256528, -0.000920491933357, 0.00832263752818, -0.00154192221817, -0.000241208414081, 0.000862223503646, 0.000160670315381, -0.00102905568201, -0.000107852501969, 0.000422877492383, -0.000388683925848, 0.000245163333602], [-0.000602390617132, -0.000591664458625, -0.000542106979992, -0.00154192221817, 0.0111019480973, -0.000440269068349, -0.00141126138624, -4.46241392638e-05, -0.0014193210518, 0.00141391123179, -0.000682427955326, -0.000261871260591, -1.71196711563e-06], [-3.50844129571e-05, 0.00130486651324, 0.00102998397779, -0.000241208414081, -0.000440269068349, 0.00987601932138, -0.00246242200956, 0.000650633708574, 0.00379007123411, -0.000943207531236, -0.00265281856991, 0.00506175681949, -0.00249080033973], [-0.000389265274862, -0.000520517642144, -0.000247958116233, 0.000862223503646, -0.00141126138624, -0.00246242200956, 0.0108322678134, -0.00118464720435, 0.00250470056199, -0.00184297992382, 0.000699618540239, -0.00286607258022, 0.00483088567853], [-3.92232868762e-05, 0.00154701410793, 0.00199744105339, 0.000160670315381, -4.46241392638e-05, 0.000650633708574, -0.00118464720435, 0.0167028401047, -0.0100563038141, 0.00545754423365, -0.00529977912083, 0.00246848538518, -0.00085397658404], [-0.000410965323681, -0.000625236250926, -0.000197350236704, -0.00102905568201, -0.0014193210518, 0.00379007123411, 0.00250470056199, -0.0100563038141, 0.0243291445076, -0.0110716642812, 0.00826913770288, -0.000102831334516, -0.001071061939], [9.85141305136e-05, 0.00195319182239, 0.000153361426783, -0.000107852501969, 0.00141391123179, -0.000943207531236, -0.00184297992382, 0.00545754423365, -0.0110716642812, 0.0256952997297, -0.00956165138632, 0.00393586233258, 0.00236116722226], [0.000732544343919, -0.00120614131447, 0.000617534038611, 0.000422877492383, -0.000682427955326, -0.00265281856991, 0.000699618540239, -0.00529977912083, 0.00826913770288, -0.00956165138632, 0.0197204388678, -0.00861527677625, 0.00420711934566], [0.000201507340535, 0.00269659771584, -0.00182052317541, -0.000388683925848, -0.000261871260591, 0.00506175681949, -0.00286607258022, 0.00246848538518, -0.000102831334516, 0.00393586233258, -0.00861527677625, 0.0234019346535, -0.0109867108986], [0.000137461247505, -0.00173432845622, 0.00143839989323, 0.000245163333602, -1.71196711563e-06, -0.00249080033973, 0.00483088567853, -0.00085397658404, -0.001071061939, 0.00236116722226, 0.00420711934566, -0.0109867108986, 0.0266218446195]]
    },
    "melbands": {
        "max": [0.0210395865142, 0.015689631924, 0.00691590970382, 0.00949187669903, 0.00754559831694, 0.0121431220323, 0.00548536377028, 0.00802595634013, 0.00386538752355, 0.00483632832766, 0.00396224996075, 0.0048224022612, 0.00720343738794, 0.00522465398535, 0.00536629371345, 0.00418926309794, 0.00108831212856, 0.00116058299318, 0.00113157276064, 0.000782165443525, 0.000524862960447, 0.000444567238446, 0.000337152538123, 0.000363669270882, 0.000293056713417, 0.000116112008982, 5.337499897e-05, 7.26976868464e-05, 0.000115208487841, 0.000124869751744, 7.65761433286e-05, 6.63570099277e-05, 4.30570398748e-05, 4.16124676121e-05, 0.000124209633213, 0.000111037239549, 0.000129769134219, 0.000149393934407, 0.000171829407918, 0.00025277005625],
        "mean": [0.00242103356868, 0.00169877172448, 0.000721960212104, 0.000657071126625, 0.000751059735194, 0.00052233284805, 0.000544170441572, 0.000356916716555, 0.000294781348202, 0.000123497724417, 0.000229238692555, 0.000377700402169, 0.000328586203977, 0.00031559341005, 0.000215076957829, 0.000113959235023, 7.32521511964e-05, 9.55991854426e-05, 8.50692667882e-05, 5.00596579514e-05, 3.92454421672e-05, 1.98748621187e-05, 1.72146119439e-05, 1.74838150997e-05, 1.75578679773e-05, 8.49424850458e-06, 6.29991882306e-06, 6.60504247207e-06, 5.22503523825e-06, 2.72418265013e-06, 2.22447079068e-06, 2.29205238611e-06, 2.009110176e-06, 2.23230131269e-06, 3.02505759464e-06, 3.65311052519e-06, 3.57104227078e-06, 4.16121838498e-06, 5.21684250998e-06, 5.00252826896e-06],
        "min": [1.82320454769e-05, 5.80036476094e-06, 7.14657835488e-06, 9.00363284018e-06, 6.81842766426e-06, 1.20241759305e-06, 3.46028036802e-06, 1.97817917069e-06, 5.17311548265e-07, 1.02291221538e-06, 7.95285814092e-07, 1.05635945147e-06, 1.0062955198e-06, 1.15837326575e-06, 1.64321397733e-06, 1.19173830626e-06, 6.9768020694e-07, 6.56795407394e-07, 3.8775672806e-07, 3.23422113979e-07, 2.64588692289e-07, 3.03473512986e-07, 3.77943962349e-07, 3.09326537717e-07, 2.20320231392e-07, 1.69943618289e-07, 1.53145407467e-07, 1.26162419178e-07, 1.06160648272e-07, 2.22865974564e-08, 2.41995632422e-08, 3.29142828548e-08, 3.8883786857e-08, 4.46338717097e-08, 6.25380351948e-08, 5.08925950271e-08, 5.64023245886e-08, 3.47584183658e-08, 4.05638651557e-08, 3.14266799251e-08],
        "stdev": [0.00217248266563, 0.00162025063764, 0.000712059671059, 0.000710746680852, 0.000993025489151, 0.000765475968365, 0.000659561366774, 0.00058146181982, 0.000449524901342, 0.000237515865592, 0.000359919009497, 0.000550067634322, 0.000714633322787, 0.000573607976548, 0.000480923394207, 0.000346277374774, 0.000110096239951, 0.000121795521409, 0.000114952592412, 7.23624252714e-05, 5.52480378246e-05, 3.2029223803e-05, 2.42926107603e-05, 2.15821182792e-05, 2.3791075364e-05, 9.76441151579e-06, 6.21913568466e-06, 7.42885413274e-06, 7.08531888449e-06, 5.29929729964e-06, 4.12611598222e-06, 3.7248253193e-06, 3.01557270177e-06, 3.1419735933e-06, 4.81764300275e-06, 5.76919546802e-06, 6.75879891787e-06, 7.7172926467e-06, 8.18791158963e-06, 1.09654920379e-05]
    },
    "melbands128": {
        "max": [0.0243820734322, 0.0362682417035, 0.0167840830982, 0.0191012434661, 0.0186049509794, 0.0166797712445, 0.0111210104078, 0.00678489822894, 0.0108451060951, 0.0152582712471, 0.0137849254534, 0.0103022027761, 0.0136208161712, 0.00890741497278, 0.0196262672544, 0.0134945595637, 0.00753833167255, 0.00983840227127, 0.0138244498521, 0.0154979778454, 0.0125321056694, 0.00548530602828, 0.00675934972242, 0.00399751542136, 0.0064852219075, 0.00644306233153, 0.00400962261483, 0.00749478023499, 0.00326495920308, 0.0102952979505, 0.00846434663981, 0.00901561789215, 0.00986111629754, 0.0149542270228, 0.00712630432099, 0.00956127047539, 0.010489596054, 0.0120530081913, 0.00460002524778, 0.00838469620794, 0.00687488308176, 0.000770733575337, 0.00120836263523, 0.00228656223044, 0.00100245408248, 0.0018294849433, 0.00294273067266, 0.00180691597052, 0.00175441557076, 0.00143612059765, 0.00128711340949, 0.00126111169811, 0.00139825174119, 0.000951123947743, 0.00158721476328, 0.000642949948087, 0.000739286770113, 0.000533305341378, 0.000720457814168, 0.00095360702835, 0.00075205473695, 0.000533981423359, 0.000884924549609, 0.000272143690381, 0.000293519056868, 0.000192254738067, 0.000148009130498, 8.1179132394e-05, 8.02517461125e-05, 9.38800149015e-05, 9.3197239039e-05, 0.000188496807823, 0.000127194492961, 0.000168996441062, 0.000101060548332, 0.000206925134989, 0.000143302459037, 8.11529171187e-05, 7.90064877947e-05, 7.84781950642e-05, 8.21496287244e-05, 6.23101441306e-05, 6.26449182164e-05, 4.7180805268e-05, 4.40962721768e-05, 4.15593240177e-05, 6.49165522191e-05, 6.580628542e-05, 0.000160763724125, 0.00012890130165, 0.000136104878038, 0.000152489781613, 0.000139497235068, 0.000120388431242, 0.000175539142219, 0.000179860944627, 0.000187664190889, 0.000243835907895, 0.00015283258108, 0.000211024715099, 0.000202904004254, 0.000262349203695, 0.000348964473233, 0.000366746273357, 0.000121435565234, 0.000215491410927, 0.00013126412523, 4.23484707426e-05, 4.5882876293e-05, 4.30332147516e-05, 5.06266842422e-05, 3.10144860123e-05, 3.45896405634e-05, 3.72475260519e-05, 3.96830764657e-05, 2.03093113669e-05, 1.47216023834e-05, 1.30438993438e-05, 1.17996423796e-05, 5.94363245909e-06, 4.14587429987e-06, 2.76513628705e-06, 2.98384543385e-06, 1.08389208719e-07, 1.09489750599e-08, 1.06963584656e-08, 1.05231068304e-08, 1.04210515772e-08],
        "mean": [0.00133334565908, 0.00277033634484, 0.00254270387813, 0.00239182449877, 0.0018411866622, 0.00110122456681, 0.000751468294766, 0.000584362365771, 0.000702128454577, 0.000678585551213, 0.000579787476454, 0.000777307781391, 0.000967350555584, 0.000483380397782, 0.00043242573156, 0.000612890697084, 0.000576121034101, 0.000590120500419, 0.000447148253443, 0.000302113156067, 0.000356427539373, 0.000334040727466, 0.000386160623748, 0.000109932065243, 0.000102694160887, 0.000132753659273, 0.000139349824167, 0.000316532183206, 0.000159240138601, 0.000415310292738, 0.000474460684927, 0.000291411677608, 0.000236324834987, 0.00052597746253, 0.000153072032845, 0.000338876940077, 0.000422911834903, 0.000200410984689, 8.51096701808e-05, 0.000148003789946, 0.000137055030791, 3.47188833985e-05, 6.66662672302e-05, 0.000118533454952, 2.96339294437e-05, 0.000101799101685, 0.000166692698258, 7.10081294528e-05, 6.53228198644e-05, 5.03844785271e-05, 4.67165700684e-05, 5.39184438821e-05, 3.80174751626e-05, 3.48639077856e-05, 3.90800014429e-05, 1.29164127429e-05, 8.36251547298e-06, 1.63456115843e-05, 2.1666775865e-05, 1.8901673684e-05, 1.54888657562e-05, 1.42833960126e-05, 2.77097951766e-05, 1.5716521375e-05, 7.46370142224e-06, 8.37407151266e-06, 9.12669656827e-06, 7.39950519346e-06, 5.52686651645e-06, 4.82990162709e-06, 5.58413421459e-06, 9.02286592463e-06, 6.76496665619e-06, 4.4868720579e-06, 3.14167800752e-06, 3.16790965371e-06, 2.27081545745e-06, 2.07355060411e-06, 2.25165786105e-06, 2.23181314141e-06, 2.55579880104e-06, 2.01475768336e-06, 2.37929953073e-06, 1.91648450709e-06, 1.81205609806e-06, 2.08465871765e-06, 2.36224764194e-06, 2.57632564171e-06, 3.06713423015e-06, 3.20598246617e-06, 3.75457489099e-06, 3.63541926163e-06, 3.8645607674e-06, 3.38506401931e-06, 3.5656619275e-06, 3.76265575142e-06, 4.34041885455e-06, 4.54274413642e-06, 5.28540340383e-06, 5.3110288718e-06, 5.91139405515e-06, 4.82166160509e-06, 4.3574486881e-06, 3.25693849845e-06, 2.58002228293e-06, 2.15846603169e-06, 1.95542111214e-06, 1.8171803049e-06, 1.69968700447e-06, 1.51415758864e-06, 1.34855167744e-06, 1.30249975427e-06, 1.13453120321e-06, 1.02434830751e-06, 8.26773202789e-07, 6.8403556952e-07, 6.07981348821e-07, 5.09675146532e-07, 4.37759325678e-07, 2.85800894062e-07, 1.28217735096e-07, 4.45309993324e-08, 2.45829365753e-08, 8.3302126308e-10, 1.64174611406e-11, 1.57127852396e-11, 1.5291818159e-11, 1.51442261509e-11],
        "min": [1.31713207452e-07, 8.73301087267e-06, 8.13288079371e-06, 2.59556691162e-06, 3.31626483785e-06, 1.51543042648e-06, 2.564173883e-06, 1.42892042732e-06, 5.74613841309e-06, 1.26244424337e-06, 9.91709498521e-07, 1.90630612451e-06, 3.26993017552e-07, 1.65545793607e-06, 7.82608765348e-07, 3.61124762094e-07, 1.74633396455e-06, 1.12657846785e-06, 6.25720133485e-07, 8.58233420331e-07, 5.4678429251e-07, 2.27142237463e-07, 4.22298228386e-07, 1.13962848047e-07, 1.71273171645e-07, 1.81061039939e-07, 5.45519291961e-08, 1.31702492467e-07, 4.54913163139e-07, 4.31672674495e-07, 5.86288592785e-07, 4.73769063092e-07, 6.01556394031e-07, 3.3006355693e-07, 6.01915189691e-07, 4.98469546528e-07, 3.9614792513e-07, 2.5848348173e-07, 7.57745581836e-08, 5.58812814688e-07, 5.67122299344e-07, 2.78020706901e-07, 3.61183339237e-07, 2.3647275782e-07, 2.05002734788e-07, 4.15617734006e-07, 2.0110287835e-07, 1.85060059721e-07, 1.65977198208e-07, 1.31771287215e-07, 1.24310787442e-07, 1.50026920664e-07, 1.00066174014e-07, 1.78175454835e-07, 2.05756194305e-07, 1.03355922931e-07, 7.04455374034e-08, 1.71397914528e-07, 1.63694323874e-07, 6.42905035875e-08, 1.4395205028e-07, 1.09901641565e-07, 1.95152409788e-07, 1.26423685742e-07, 8.72259633411e-08, 1.50256667553e-07, 1.40490811873e-07, 1.3587161618e-07, 4.37498535177e-08, 1.03400580542e-07, 7.39520018556e-08, 1.17770277086e-07, 6.30478993457e-08, 1.31668604908e-08, 2.59140140457e-08, 3.25088329589e-08, 1.49390508852e-08, 8.02685917733e-09, 2.01356051832e-08, 2.73325611033e-08, 7.72030084306e-09, 1.38381670567e-08, 2.48995171148e-08, 2.60502215355e-08, 1.78901640169e-08, 3.3705237712e-08, 4.13393728138e-08, 2.60021870702e-08, 3.16370645237e-08, 2.86452994658e-08, 3.95386301477e-08, 3.47340325391e-08, 1.6525000035e-08, 3.06813561224e-08, 4.1265579398e-08, 1.21147785137e-08, 1.34756605874e-08, 2.74193627803e-08, 3.7566973532e-08, 7.10060454878e-09, 2.11497148683e-08, 1.6209542153e-08, 1.45225298454e-08, 9.9510284457e-09, 9.03014385489e-10, 7.68556240871e-09, 6.63557253588e-09, 5.0127590967e-09, 3.63875263254e-09, 5.73143310589e-10, 2.16804596498e-09, 3.17422288454e-09, 7.74154143568e-11, 5.29368548996e-10, 3.09075959271e-11, 3.57031265663e-10, 1.93725382958e-11, 2.70516963864e-12, 9.79415984079e-13, 8.01533047833e-13, 7.16960182629e-13, 6.75201648065e-13, 4.7583952837e-13, 4.36812099078e-13, 3.73890317578e-13, 1.61093008507e-13, 2.42561267567e-14, 8.34839537402e-16],
        "stdev": [0.0018585533835, 0.00321718724445, 0.0023624941241, 0.00205322355032, 0.00213031563908, 0.00155849650037, 0.00101754360367, 0.000688727013767, 0.000860793690663, 0.000979120959528, 0.00100394745823, 0.00124822033104, 0.00161618890706, 0.000841436907649, 0.00112337758765, 0.00114105350804, 0.000939633522648, 0.00101017975248, 0.00095461239107, 0.000759392685723, 0.000808305223472, 0.000548782467376, 0.000692896603141, 0.000302089727484, 0.000282216351479, 0.000386407336919, 0.000287326431135, 0.000664294289891, 0.000294392899377, 0.000784348638263, 0.000821133027785, 0.00073014042573, 0.000725177582353, 0.00164423522074, 0.000414779002313, 0.000944534665905, 0.00106045301072, 0.000846111972351, 0.000256920990068, 0.000585476518609, 0.000467919453513, 6.53288225294e-05, 0.000110179462354, 0.000222005022806, 6.53858951409e-05, 0.000158210023073, 0.000286655995296, 0.000156482652528, 0.000126961283968, 0.000114919232146, 0.000107656640466, 0.000108674619696, 0.000104445476609, 7.55224391469e-05, 7.84191943239e-05, 3.88225125789e-05, 2.98467548419e-05, 3.12432421197e-05, 4.24818390456e-05, 4.34244466305e-05, 2.84781926894e-05, 2.98183585983e-05, 5.45360271644e-05, 2.38997217821e-05, 1.3095354916e-05, 1.49546358443e-05, 1.36140679388e-05, 9.69125267147e-06, 7.26286998542e-06, 6.50441188554e-06, 7.70402493799e-06, 1.48192921188e-05, 1.04312612166e-05, 8.81157302501e-06, 5.65920845474e-06, 6.63427499603e-06, 5.99750319452e-06, 4.04918819186e-06, 4.2371066229e-06, 4.8801794037e-06, 4.73381896882e-06, 3.32950321535e-06, 3.78852064387e-06, 3.27942120748e-06, 3.0399564821e-06, 3.24038387589e-06, 3.68749169866e-06, 3.85809062209e-06, 5.83742576055e-06, 5.44057002116e-06, 6.20110949967e-06, 6.36886670691e-06, 6.46852822683e-06, 6.61229523757e-06, 8.47916271596e-06, 7.89440309745e-06, 8.31459601613e-06, 9.18765454117e-06, 8.21795583761e-06, 9.54080951487e-06, 1.04099563032e-05, 1.19216047096e-05, 1.30681746668e-05, 1.27960129248e-05, 7.53971698941e-06, 6.94427535564e-06, 4.53583925264e-06, 3.39550456374e-06, 3.45097623722e-06, 2.90995126306e-06, 3.09741176352e-06, 2.62006574303e-06, 2.16281341636e-06, 2.21880964091e-06, 1.89959916952e-06, 1.45948990848e-06, 1.44286127579e-06, 1.29283796468e-06, 1.15805039513e-06, 7.21889477973e-07, 3.48047564103e-07, 1.85228458349e-07, 1.2619420886e-07, 5.33084110188e-09, 2.96807772804e-10, 2.91042079326e-10, 2.86997536847e-10, 2.84613471679e-10]
    },
    "mfcc": {
        "mean": [-591.869140625, 112.040458679, 13.3378019333, 2.13238525391, 18.9540328979, 2.05291152, 10.751033783, 2.48619127274, -1.65448820591, 1.36411631107, -2.36588644981, 1.71397566795, 5.87978744507],
        "cov": [[1372.06433105, -100.114936829, -363.41104126, -232.564865112, -75.2153625488, -36.7864608765, -5.6173415184, 28.0193462372, 70.9806900024, 150.035430908, -2.322463274, -91.80493927, 7.39225912094], [-100.114936829, 376.297363281, -174.453125, -31.5236377716, -15.679983139, -37.836139679, -12.1998596191, -10.9171495438, -5.44311761856, 28.5771999359, -12.6541576385, -53.195400238, -34.2121696472], [-363.41104126, -174.453125, 387.534942627, 103.940681458, 26.9824676514, 47.7237319946, -0.517435133457, -13.8696756363, -30.606098175, -85.0214614868, 2.59187936783, 59.7628479004, 0.949935972691], [-232.564865112, -31.5236377716, 103.940681458, 202.743682861, 33.008140564, -6.3076505661, -46.2717933655, 0.451248794794, 8.58355903625, -53.0402641296, -2.69823908806, 39.3300018311, -6.31649875641], [-75.2153625488, -15.679983139, 26.9824676514, 33.008140564, 122.714744568, -24.1232318878, -27.3350372314, -4.593542099, 10.6597204208, -5.017121315, -11.9642286301, -1.87107288837, -0.225959956646], [-36.7864608765, -37.836139679, 47.7237319946, -6.3076505661, -24.1232318878, 141.215774536, 55.4926567078, -7.52269554138, -24.5592136383, -13.4638433456, 14.9839286804, -2.4079387188, -2.62005853653], [-5.6173415184, -12.1998596191, -0.517435133457, -46.2717933655, -27.3350372314, 55.4926567078, 149.103927612, 21.3520965576, -50.2242279053, 3.71709108353, 6.3026766777, 16.8407077789, 33.3713264465], [28.0193462372, -10.9171495438, -13.8696756363, 0.451248794794, -4.593542099, -7.52269554138, 21.3520965576, 63.4000968933, 12.8748435974, -8.65264415741, -7.18881988525, 6.06214380264, 7.35779476166], [70.9806900024, -5.44311761856, -30.606098175, 8.58355903625, 10.6597204208, -24.5592136383, -50.2242279053, 12.8748435974, 88.8380432129, 26.0352725983, -1.23372578621, -18.3012256622, -16.071313858], [150.035430908, 28.5771999359, -85.0214614868, -53.0402641296, -5.017121315, -13.4638433456, 3.71709108353, -8.65264415741, 26.0352725983, 106.431144714, 15.9990158081, -25.6150913239, -5.52967691422], [-2.322463274, -12.6541576385, 2.59187936783, -2.69823908806, -11.9642286301, 14.9839286804, 6.3026766777, -7.18881988525, -1.23372578621, 15.9990158081, 56.7100410461, 23.1609897614, -0.593781292439], [-91.80493927, -53.195400238, 59.7628479004, 39.3300018311, -1.87107288837, -2.4079387188, 16.8407077789, 6.06214380264, -18.3012256622, -25.6150913239, 23.1609897614, 98.2688980103, 39.5926132202], [7.39225912094, -34.2121696472, 0.949935972691, -6.31649875641, -0.225959956646, -2.62005853653, 33.3713264465, 7.35779476166, -16.071313858, -5.52967691422, -0.593781292439, 39.5926132202, 73.5696640015]],
        "icov": [[0.00156827818137, 0.00138193881139, 0.00149032543413, 0.000943099905271, 0.000697642506566, 8.20137138362e-05, 0.000536340521649, -0.000357184326276, -9.61014957284e-05, -0.000820941466372, 0.00036407369771, 0.000575258978643, -4.50490915682e-05], [0.00138193881139, 0.00504352431744, 0.00310462387279, 0.000356701901183, 0.00093301339075, 0.000917426892556, 0.000179898372153, 0.000541573041119, 0.00109540834092, -0.000446057121735, 0.000730844971258, 0.00121524790302, 0.00165450945497], [0.00149032543413, 0.00310462387279, 0.0060735004954, -0.000317177822581, 8.41471483e-05, -0.00070565531496, 0.000207908640732, 0.00111413816921, 0.000600608764216, 0.00130681984592, 0.000891070754733, -0.00108860735781, 0.00178020796739], [0.000943099905271, 0.000356701901183, -0.000317177822581, 0.00788971502334, -0.000847153540235, -0.000386831758078, 0.00222572218627, -0.000701234152075, -0.0010509765707, 0.00159824930597, 0.00071747059701, -0.00265457620844, 0.001121695037], [0.000697642506566, 0.00093301339075, 8.41471483e-05, -0.000847153540235, 0.0095604993403, 0.00136618153192, 0.000891692412551, 0.000557219842449, -0.000376792711904, -0.000864860718139, 0.00157964206301, 0.00114467530511, -0.000842813402414], [8.20137138362e-05, 0.000917426892556, -0.00070565531496, -0.000386831758078, 0.00136618153192, 0.0102159185335, -0.00450115092099, 0.00235765636899, -0.000243418427999, 0.00181679415982, -0.00301109510474, 0.00273102219217, 0.001157583436], [0.000536340521649, 0.000179898372153, 0.000207908640732, 0.00222572218627, 0.000891692412551, -0.00450115092099, 0.013435954228, -0.00640844833106, 0.00671251490712, -0.00307226600125, 0.000406922481488, -0.000500767317135, -0.00388482864946], [-0.000357184326276, 0.000541573041119, 0.00111413816921, -0.000701234152075, 0.000557219842449, 0.00235765636899, -0.00640844833106, 0.0209728274494, -0.00665547698736, 0.00409886986017, 0.00225134310313, -0.00160688045435, 0.000845313246828], [-9.61014957284e-05, 0.00109540834092, 0.000600608764216, -0.0010509765707, -0.000376792711904, -0.000243418427999, 0.00671251490712, -0.00665547698736, 0.018403859809, -0.00503942882642, -0.000298233964713, 0.00168095296249, 0.000766569457483], [-0.000820941466372, -0.000446057121735, 0.00130681984592, 0.00159824930597, -0.000864860718139, 0.00181679415982, -0.00307226600125, 0.00409886986017, -0.00503942882642, 0.015762662515, -0.00545739103109, 0.00240028696135, -0.000210798025364], [0.00036407369771, 0.000730844971258, 0.000891070754733, 0.00071747059701, 0.00157964206301, -0.00301109510474, 0.000406922481488, 0.00225134310313, -0.000298233964713, -0.00545739103109, 0.0246448852122, -0.00952144619077, 0.00468893162906], [0.000575258978643, 0.00121524790302, -0.00108860735781, -0.00265457620844, 0.00114467530511, 0.00273102219217, -0.000500767317135, -0.00160688045435, 0.00168095296249, 0.00240028696135, -0.00952144619077, 0.0204905103892, -0.00977440644056], [-4.50490915682e-05, 0.00165450945497, 0.00178020796739, 0.001121695037, -0.000842813402414, 0.001157583436, -0.00388482864946, 0.000845313246828, 0.000766569457483, -0.000210798025364, 0.00468893162906, -0.00977440644056, 0.021605765447]]
    },
    "spectral_contrast_coeffs": {
        "max": [-0.467724472284, -0.473261654377, -0.487866103649, -0.537555277348, -0.615909576416, -0.715576589108],
        "mean": [-0.734696030617, -0.708870351315, -0.708907783031, -0.756604731083, -0.779897749424, -0.819372057915],
        "min": [-0.93407034874, -0.914466321468, -0.891317665577, -0.896949827671, -0.873920321465, -0.875457704067],
        "stdev": [0.0600330345333, 0.0733376517892, 0.0779770314693, 0.0630001202226, 0.0414803288877, 0.020002136007]
    },
    "spectral_contrast_valleys": {
        "max": [-4.8841381073, -4.89195156097, -5.33742713928, -6.02374649048, -5.75973892212, -7.09154653549],
        "mean": [-6.16596460342, -6.57413101196, -6.98388671875, -7.31404876709, -7.37832832336, -9.18403530121],
        "min": [-8.06440925598, -8.21584892273, -8.22349452972, -8.58289051056, -8.65120983124, -11.2769403458],
        "stdev": [0.355677515268, 0.534689426422, 0.44666031003, 0.429491996765, 0.395804256201, 0.54198294878]
    }
},
"rhythm": {
    "beats_count": 139,
    "beats_loudness": {
        "max": 0.0914409309626,
        "mean": 0.0461991764605,
        "min": 0.0141243105754,
        "stdev": 0.016441533342
    },
    "bpm": 172.265777588,
    "bpm_histogram_first_peak_bpm": 172,
    "bpm_histogram_first_peak_weight": 0,
    "bpm_histogram_second_peak_bpm": 167,
    "bpm_histogram_second_peak_spread": 0,
    "bpm_histogram_second_peak_weight": 0.0434782616794,
    "danceability": 1.00440466404,
    "onset_rate": 3.240234375,
    "beats_loudness_band_ratio": {
        "max": [0.849388241768, 0.609605848789, 0.519207000732, 0.492699503899, 0.34005433321, 0.340875923634],
        "mean": [0.413603633642, 0.165811136365, 0.161167010665, 0.165183782578, 0.0759102478623, 0.0667705535889],
        "min": [0.0844897776842, 0.0139798689634, 0.00660369265825, 0.0186658240855, 0.00641279807314, 0.00727655505762],
        "stdev": [0.159857735038, 0.122348062694, 0.104935243726, 0.123691879213, 0.0579152554274, 0.0498984418809]
    },
