{
"metadata": {
    "version": {
        "essentia": "2.1-beta5",
        "essentia_git_sha": "Undefined",
        "extractor": "music 2.0"
    },
    "audio_properties": {
        "analysis": {
            "equal_loudness": 0,
            "length": 48.7502937317,
            "sample_rate": 44100,
            "start_time": 29.0017242432,
            "downmix": "mix"
        },
        "bit_rate": 192000,
        "length": 194.037567139,
        "lossless": 0,
        "number_channels": 2,
        "replay_gain": 0.511177062988,
        "sample_rate": 48000,
        "codec": "mp3",
        "md5_encoded": "ee26363f79aed8660fc58b6ae5652abe"
    },
    "tags": {
        "file_name": "Latvia_I Hear Your Heart_Cosmos.mp3",
        "encoding": ["Lavf58.29.100"]
    }
},
"lowlevel": {
    "average_loudness": 0.843695342541,
    "barkbands_crest": {
        "max": 25.8174610138,
        "mean": 10.631193161,
        "min": 1.98041021824,
        "stdev": 4.54706907272
    },
    "barkbands_flatness_db": {
        "max": 0.36778280139,
        "mean": 0.149946585298,
        "min": 0.0217282101512,
        "stdev": 0.0582252629101
    },
    "barkbands_kurtosis": {
        "max": 204.136352539,
        "mean": 10.3118982315,
        "min": -1.94023120403,
        "stdev": 19.252117157
    },
    "barkbands_skewness": {
        "max": 12.4672307968,
        "mean": 1.7219991684,
        "min": -8.04303359985,
        "stdev": 1.90418708324
    },
    "barkbands_spread": {
        "max": 119.994369507,
        "mean": 18.1276702881,
        "min": 0.824295699596,
        "stdev": 18.6071643829
    },
    "dissonance": {
        "max": 0.500000059605,
        "mean": 0.433599889278,
        "min": 0.196061164141,
        "stdev": 0.0499913133681
    },
    "dynamic_complexity": 6.08911752701,
    "erbbands_crest": {
        "max": 30.2436523438,
        "mean": 11.7470598221,
        "min": 2.64990282059,
        "stdev": 5.30087709427
    },
    "erbbands_flatness_db": {
        "max": 0.355356276035,
        "mean": 0.176470503211,
        "min": 0.0493444874883,
        "stdev": 0.052139442414
    },
    "erbbands_kurtosis": {
        "max": 71.3549880981,
        "mean": 4.00152683258,
        "min": -1.8884691,
        "stdev": 6.65817070007
    },
    "erbbands_skewness": {
        "max": 7.11061906815,
        "mean": 1.04039716721,
        "min": -5.70886516571,
        "stdev": 1.3244407177
    },
    "erbbands_spread": {
        "max": 193.299575806,
        "mean": 30.7423152924,
        "min": 2.95132184029,
        "stdev": 26.036397934
    },
    "hfc": {
        "max": 711.507385254,
        "mean": 22.7773342133,
        "min": 0.00888793542981,
        "stdev": 44.2397003174
    },
    "loudness_ebu128": {
        "integrated": -24.8257579803,
        "loudness_range": 7.64768600464,
        "momentary": {
            "max": -19.8584289551,
            "mean": -28.4602584839,
            "min": -57.3324966431,
            "stdev": 7.92787361145
        },
        "short_term": {
            "max": -22.1365394592,
            "mean": -26.2890701294,
            "min": -34.4402008057,
            "stdev": 3.16799616814
        }
    },
    "melbands_crest": {
        "max": 30.4498252869,
        "mean": 12.9344215393,
        "min": 2.1458132267,
        "stdev": 5.13590526581
    },
    "melbands_flatness_db": {
        "max": 0.454928249121,
        "mean": 0.213702723384,
        "min": 0.00727935275063,
        "stdev": 0.0738081783056
    },
    "melbands_kurtosis": {
        "max": 292.311401367,
        "mean": 18.3750133514,
        "min": -1.96013367176,
        "stdev": 32.2312812805
    },
    "melbands_skewness": {
        "max": 14.6268482208,
        "mean": 2.2390692234,
        "min": -6.22456932068,
        "stdev": 2.20693683624
    },
    "melbands_spread": {
        "max": 329.192657471,
        "mean": 23.6304912567,
        "min": 0.807093799114,
        "stdev": 31.9433307648
    },
    "pitch_salience": {
        "max": 0.849165260792,
        "mean": 0.559165835381,
        "min": 0.128535687923,
        "stdev": 0.12461117655
    },
    "silence_rate_20dB": {
        "max": 1,
        "mean": 1,
        "min": 1,
        "stdev": 0
    },
    "silence_rate_30dB": {
        "max": 1,
        "mean": 0.985721111298,
        "min": 0,
        "stdev": 0.118638448417
    },
    "silence_rate_60dB": {
        "max": 1,
        "mean": 0.191337451339,
        "min": 0,
        "stdev": 0.393359541893
    },
    "spectral_centroid": {
        "max": 8327.45996094,
        "mean": 1187.95227051,
        "min": 193.782897949,
        "stdev": 940.224121094
    },
    "spectral_complexity": {
        "max": 58,
        "mean": 10.3331747055,
        "min": 0,
        "stdev": 8.13332271576
    },
    "spectral_decrease": {
        "max": -1.56868019009e-12,
        "mean": -4.83374451576e-09,
        "min": -1.02659548418e-07,
        "stdev": 6.7294467776e-09
    },
    "spectral_energy": {
        "max": 0.391871094704,
        "mean": 0.0203096587211,
        "min": 6.72672103974e-06,
        "stdev": 0.0268303584307
    },
    "spectral_energyband_high": {
        "max": 0.0703929886222,
        "mean": 0.00103000935633,
        "min": 2.00996950639e-07,
        "stdev": 0.00384157616645
    },
    "spectral_energyband_low": {
        "max": 0.34724187851,
        "mean": 0.00456671928987,
        "min": 1.07408602901e-07,
        "stdev": 0.019057335332
    },
    "spectral_energyband_middle_high": {
        "max": 0.0966567546129,
        "mean": 0.00710348738357,
        "min": 2.8947138162e-06,
        "stdev": 0.0112099135295
    },
    "spectral_energyband_middle_low": {
        "max": 0.100781716406,
        "mean": 0.00823242776096,
        "min": 2.10002554013e-06,
        "stdev": 0.00900191348046
    },
    "spectral_entropy": {
        "max": 8.87707042694,
        "mean": 7.31839036942,
        "min": 5.54245567322,
        "stdev": 0.615163862705
    },
    "spectral_flux": {
        "max": 0.529135882854,
        "mean": 0.0720705017447,
        "min": 0.00156215555035,
        "stdev": 0.0630919858813
    },
    "spectral_kurtosis": {
        "max": 20.2096405029,
        "mean": 5.49308729172,
        "min": -1.57381856441,
        "stdev": 3.32302570343
    },
    "spectral_rms": {
        "max": 0.0195528324693,
        "mean": 0.00375573453493,
        "min": 8.10102137621e-05,
        "stdev": 0.00238929735497
    },
    "spectral_rolloff": {
        "max": 12209.3261719,
        "mean": 1839.05639648,
        "min": 86.1328125,
        "stdev": 2510.1394043
    },
    "spectral_skewness": {
        "max": 3.91502737999,
        "mean": 1.93488490582,
        "min": -0.451069533825,
        "stdev": 0.64822691679
    },
    "spectral_spread": {
        "max": 18972658,
        "mean": 5733578.5,
        "min": 2373630.75,
        "stdev": 2539989.75
    },
    "spectral_strongpeak": {
        "max": 22.3087043762,
        "mean": 1.50471925735,
        "min": 0.0019131769659,
        "stdev": 1.7679271698
    },
    "zerocrossingrate": {
        "max": 0.44775390625,
        "mean": 0.0720464661717,
        "min": 0.005859375,
        "stdev": 0.0646317154169
    },
    "barkbands": {
        "max": [0.0228571631014, 0.253071844578, 0.124223023653, 0.0360768511891, 0.0670142769814, 0.0302043631673, 0.014127871953, 0.0470592789352, 0.0738041102886, 0.0543409138918, 0.0240703336895, 0.0177175886929, 0.0141351791099, 0.0288751721382, 0.0239266622812, 0.0279696751386, 0.0219129566103, 0.0155833000317, 0.0127403959632, 0.00843460857868, 0.00591215398163, 0.00242107710801, 0.00705881090835, 0.0231434442103, 0.0440082661808, 0.0124385729432, 0.00053446891252],
        "mean": [0.000156098481966, 0.00256512244232, 0.00152562907897, 0.000674881855957, 0.00189804215916, 0.00169776543044, 0.000534368969966, 0.00119448185433, 0.00172291439958, 0.00274009932764, 0.00105142779648, 0.000605295936111, 0.00038670518552, 0.00082487706095, 0.000534142891411, 0.000272290228168, 0.000330336682964, 0.000338616431691, 0.000166011799593, 0.000110577537271, 6.69278379064e-05, 8.056115621e-05, 0.000105393817648, 0.000288446550258, 0.000340102211339, 9.24100240809e-05, 6.12696248936e-06],
        "min": [9.58879850521e-11, 2.68087578803e-08, 8.5568094832e-09, 1.21802692377e-08, 1.03526545558e-07, 7.46829442733e-08, 1.09900327061e-07, 1.65167335808e-07, 2.28994750273e-07, 1.138915664e-07, 9.43772988649e-08, 7.34477865194e-08, 6.42111572802e-08, 1.03388416051e-07, 8.57267821175e-08, 8.9843858575e-08, 6.88609205213e-08, 6.60442154299e-08, 6.62939356744e-08, 4.9187320883e-08, 4.09763565301e-08, 1.93025346817e-08, 1.98260377005e-08, 1.79484942464e-08, 1.69206160194e-08, 8.16949619065e-09, 2.05869099545e-10],
        "stdev": [0.000665302155539, 0.0131072569638, 0.0063482853584, 0.00206821900792, 0.00359176332131, 0.00313646625727, 0.0010733390227, 0.00249518756755, 0.00420423457399, 0.00600295700133, 0.00281175528653, 0.0014545514714, 0.00110465532634, 0.00243902159855, 0.00167331565171, 0.00121421494987, 0.00129454839043, 0.00100284814835, 0.000549022632185, 0.000407913554227, 0.000291678356007, 0.000205256787012, 0.000346444110619, 0.00121293845586, 0.00194469420239, 0.000478476140415, 2.65266062343e-05]
    },
    "erbbands": {
        "max": [2.56679940224, 71.5558395386, 167.696365356, 88.7616577148, 171.683761597, 275.005828857, 363.239624023, 288.195007324, 259.411224365, 291.996124268, 986.862121582, 1583.90222168, 1566.39245605, 2075.88208008, 916.458679199, 426.869354248, 585.31640625, 946.503112793, 877.542541504, 1876.12158203, 1237.54870605, 1222.74816895, 967.860534668, 658.137695312, 497.44430542, 273.86239624, 262.955688477, 173.837524414, 97.2790222168, 119.361076355, 259.988342285, 202.598129272, 576.18939209, 718.003967285, 323.381652832, 79.0310058594, 12.2908802032, 1.47513699532, 0.0979302600026, 0.00441971747205],
        "mean": [0.0505320839584, 0.651672124863, 1.88516771793, 2.00938248634, 3.18924379349, 6.80633449554, 13.0900182724, 13.6974487305, 7.61070346832, 13.7401018143, 31.1759815216, 35.2804908752, 70.8457489014, 72.2913360596, 35.2777290344, 20.6388988495, 18.05585289, 38.7705307007, 30.5629405975, 23.4759578705, 16.3395233154, 19.3561458588, 19.5098590851, 9.08147525787, 8.45855331421, 5.25478076935, 3.22606992722, 2.66681146622, 2.78456735611, 2.76851630211, 3.31797170639, 3.97870850563, 6.00992488861, 4.5870347023, 1.94787144661, 0.549544394016, 0.142435193062, 0.0175836402923, 0.00129750766791, 6.79449658492e-05],
        "min": [6.77218338296e-07, 9.40290465223e-06, 1.28686688186e-05, 4.45634577773e-05, 0.000148209466715, 0.000409618165577, 0.000734769331757, 0.000993925496005, 0.00171511934604, 0.00251814327203, 0.00420780805871, 0.00574098341167, 0.00602002209052, 0.0050416267477, 0.00453607877716, 0.00421296292916, 0.00416143937036, 0.00670144381002, 0.00980309769511, 0.0064194588922, 0.00645139301196, 0.00511873234063, 0.00369373825379, 0.00453502312303, 0.00298985559493, 0.00221243058331, 0.00185744091868, 0.000969667220488, 0.000696268223692, 0.000543879636098, 0.000599541643169, 0.000423590507125, 0.000287507253233, 0.00016315819812, 0.000103366706753, 4.43137723778e-05, 1.15333887152e-05, 5.42907457657e-07, 5.27239052417e-08, 1.28952528655e-08],
        "stdev": [0.191741943359, 3.55954313278, 8.5522480011, 5.89600086212, 9.16244411469, 12.9104509354, 24.1640739441, 27.6233520508, 16.9375305176, 26.4527111053, 60.9122161865, 90.3870544434, 135.15322876, 162.811462402, 77.5506134033, 43.8454666138, 43.9331169128, 107.641700745, 72.7556610107, 84.2266540527, 65.8124542236, 71.4907302856, 56.3316841125, 29.6818122864, 27.0972251892, 17.085067749, 15.9000501633, 9.96804523468, 7.11645650864, 7.36088323593, 11.8762559891, 13.9168596268, 28.3183174133, 26.0402584076, 11.7618236542, 3.09459400177, 0.620783984661, 0.0722290202975, 0.00543983234093, 0.000199649191927]
    },
    "gfcc": {
        "mean": [-58.5761795044, 70.1206817627, -101.934997559, 6.22240781784, -64.0089416504, 15.6235742569, -46.2790298462, 16.698015213, -26.8935604095, -2.19121336937, -17.9120445251, 2.57904601097, -12.1553907394],
        "cov": [[12301.4042969, -687.337402344, -298.474884033, -593.651428223, 184.921707153, 646.392333984, 308.891906738, 506.027069092, -22.5100364685, -339.563232422, 8.64352416992, 84.8190078735, -105.304405212], [-687.337402344, 2194.71386719, 522.065246582, -70.4795608521, 93.7853469849, -263.830505371, -28.6490058899, -136.092651367, -139.916137695, -229.498352051, 175.85244751, 36.7161064148, -41.2692108154], [-298.474884033, 522.065246582, 1894.36462402, 575.037963867, -49.0938606262, 47.7901382446, -275.076934814, -221.780456543, -147.59942627, -110.507369995, 27.7564659119, 28.9271450043, 24.2964286804], [-593.651428223, -70.4795608521, 575.037963867, 609.31072998, 155.325698853, 44.7917327881, -111.896141052, -55.5688896179, 52.0269355774, 22.7551460266, -49.3665237427, -68.2910079956, 27.9254722595], [184.921707153, 93.7853469849, -49.0938606262, 155.325698853, 408.444274902, 117.890853882, 60.7937088013, 63.8813247681, 0.133291050792, -23.8041572571, -16.7510089874, -67.2050018311, -34.8120422363], [646.392333984, -263.830505371, 47.7901382446, 44.7917327881, 117.890853882, 314.058624268, 108.074424744, 56.3046035767, -29.2525577545, -15.3967409134, 1.55270159245, -38.781665802, -37.4358329773], [308.891906738, -28.6490058899, -275.076934814, -111.896141052, 60.7937088013, 108.074424744, 235.350021362, 89.1807250977, -8.38620471954, -0.69178378582, 4.72705316544, -0.332040548325, -48.6594200134], [506.027069092, -136.092651367, -221.780456543, -55.5688896179, 63.8813247681, 56.3046035767, 89.1807250977, 192.724655151, 68.6764297485, -9.04454612732, -24.0719089508, -35.8263206482, -17.4061393738], [-22.5100364685, -139.916137695, -147.59942627, 52.0269355774, 0.133291050792, -29.2525577545, -8.38620471954, 68.6764297485, 175.459274292, 59.5263023376, -43.494594574, -27.962272644, 13.8994474411], [-339.563232422, -229.498352051, -110.507369995, 22.7551460266, -23.8041572571, -15.3967409134, -0.69178378582, -9.04454612732, 59.5263023376, 132.160339355, -13.8473339081, -4.78045701981, 8.85266113281], [8.64352416992, 175.85244751, 27.7564659119, -49.3665237427, -16.7510089874, 1.55270159245, 4.72705316544, -24.0719089508, -43.494594574, -13.8473339081, 103.691253662, 33.2448730469, -1.37170004845], [84.8190078735, 36.7161064148, 28.9271450043, -68.2910079956, -67.2050018311, -38.781665802, -0.332040548325, -35.8263206482, -27.962272644, -4.78045701981, 33.2448730469, 105.485641479, 24.05884552], [-105.304405212, -41.2692108154, 24.2964286804, 27.9254722595, -34.8120422363, -37.4358329773, -48.6594200134, -17.4061393738, 13.8994474411, 8.85266113281, -1.37170004845, 24.05884552, 95.693107605]],
        "icov": [[0.000119819036627, 5.16179279657e-05, -4.24982317782e-05, 0.000158096838277, -6.31566217635e-05, -0.000196591790882, 6.87224237481e-05, -0.000209913559956, -0.000126417857246, 0.000330867856974, -1.00844245026e-05, -0.000212141909287, 5.65922055102e-05], [5.16179279657e-05, 0.0011558891274, -0.000562143803108, 0.000646805507131, -0.000835508282762, 0.00152054207865, -0.00104139011819, 0.000855504302308, -0.000807730481029, 0.00183685822412, -0.00177947804332, 0.000841889821459, 0.000136464179377], [-4.24982317782e-05, -0.000562143803108, 0.00151806208305, -0.00164881022647, 0.000996881513856, -0.00119940878358, 0.00148608488962, -0.000197083296371, 0.00122924160678, -5.48489188077e-05, 0.000714703463018, -0.00114823703188, 0.000545236922335], [0.000158096838277, 0.000646805507131, -0.00164881022647, 0.00442246161401, -0.00214052386582, 0.000446222256869, -0.000404886697652, 0.00127048406284, -0.00236380775459, 0.000333872769261, -0.000174907952896, 0.00190323172137, -0.0011664981721], [-6.31566217635e-05, -0.000835508282762, 0.000996881513856, -0.00214052386582, 0.0043591465801, -0.0017650652444, 0.000493368250318, -0.00137350382283, 0.00147773337085, -0.00051579461433, 0.00100250192918, 0.000256575120147, 0.000621000537649], [-0.000196591790882, 0.00152054207865, -0.00119940878358, 0.000446222256869, -0.0017650652444, 0.00730148842558, -0.00388934230432, 0.000860286876559, 4.20294090873e-05, 0.00141863641329, -0.0028105492238, 0.00303239375353, 6.67642088956e-05], [6.87224237481e-05, -0.00104139011819, 0.00148608488962, -0.000404886697652, 0.000493368250318, -0.00388934230432, 0.0092102624476, -0.00360374921001, 0.00208991835825, -0.00194693589583, 0.00180056656245, -0.00341660226695, 0.00281450571492], [-0.000209913559956, 0.000855504302308, -0.000197083296371, 0.00127048406284, -0.00137350382283, 0.000860286876559, -0.00360374921001, 0.0106754209846, -0.00495184119791, 0.00340776075609, -0.000992321758531, 0.00310054351576, -0.00062630668981], [-0.000126417857246, -0.000807730481029, 0.00122924160678, -0.00236380775459, 0.00147773337085, 4.20294090873e-05, 0.00208991835825, -0.00495184119791, 0.0112936636433, -0.00509627955034, 0.00306829041801, -0.000306414614897, -0.000441658688942], [0.000330867856974, 0.00183685822412, -5.48489188077e-05, 0.000333872769261, -0.00051579461433, 0.00141863641329, -0.00194693589583, 0.00340776075609, -0.00509627955034, 0.0138149056584, -0.00271682511084, 0.000730788568035, 0.000309488968924], [-1.00844245026e-05, -0.00177947804332, 0.000714703463018, -0.000174907952896, 0.00100250192918, -0.0028105492238, 0.00180056656245, -0.000992321758531, 0.00306829041801, -0.00271682511084, 0.0146069629118, -0.00436764024198, 0.00020446954295], [-0.000212141909287, 0.000841889821459, -0.00114823703188, 0.00190323172137, 0.000256575120147, 0.00303239375353, -0.00341660226695, 0.00310054351576, -0.000306414614897, 0.000730788568035, -0.00436764024198, 0.0154663426802, -0.00400215992704], [5.65922055102e-05, 0.000136464179377, 0.000545236922335, -0.0011664981721, 0.000621000537649, 6.67642088956e-05, 0.00281450571492, -0.00062630668981, -0.000441658688942, 0.000309488968924, 0.00020446954295, -0.00400215992704, 0.0133871082217]]
    },
    "melbands": {
        "max": [0.0471662655473, 0.0862134322524, 0.014476207085, 0.0177220292389, 0.0103157879785, 0.00570991635323, 0.0033903918229, 0.00514510599896, 0.00794684141874, 0.0107269538566, 0.00787773355842, 0.00905344355851, 0.00377859524451, 0.00252237613313, 0.000949285109527, 0.00191061804071, 0.00216004019603, 0.00218227133155, 0.00205013621598, 0.00211942195892, 0.00146739964839, 0.00132603058591, 0.00107929552905, 0.00076423608698, 0.000510152080096, 0.000482973089674, 0.000162665484822, 0.000275605416391, 0.000288670533337, 0.00017517679953, 7.16670692782e-05, 8.33919330034e-05, 6.67525309836e-05, 6.34480966255e-05, 0.000161158837727, 0.000134168498334, 0.000142645076266, 0.000395100709284, 0.000764130847529, 0.000556177168619],
        "mean": [0.000594762386754, 0.000944853120018, 0.000381366204238, 0.000346576969605, 0.000447094003903, 0.000306737551, 0.000108240245027, 0.000174343484105, 0.000271309021628, 0.000221992726438, 0.000374846247723, 0.000321659550536, 0.000135741443955, 6.95041162544e-05, 4.03669801017e-05, 4.24017453042e-05, 7.8696066339e-05, 5.07367003593e-05, 4.35110960098e-05, 2.1607904273e-05, 1.85188964679e-05, 1.97641147679e-05, 2.24487757805e-05, 1.25041906358e-05, 6.77499383528e-06, 5.64995889363e-06, 5.63937919651e-06, 3.0453211366e-06, 2.18146146835e-06, 1.65778578776e-06, 1.43604438563e-06, 1.47754190039e-06, 1.69802422079e-06, 1.44688397086e-06, 1.88658225397e-06, 1.97959411707e-06, 2.56599923887e-06, 4.0427357817e-06, 4.45366367785e-06, 3.81565405405e-06],
        "min": [7.69948460544e-09, 1.07548085992e-08, 1.23351915349e-08, 2.47238052253e-08, 2.05007850695e-08, 2.14043112123e-08, 2.69597180136e-08, 2.41168258697e-08, 3.41026300532e-08, 3.64034562494e-08, 2.27324239432e-08, 1.78736030421e-08, 1.28558284018e-08, 8.62344951003e-09, 6.91617030313e-09, 6.51028697618e-09, 1.01697299471e-08, 1.23090844184e-08, 5.73874281429e-09, 4.99473795657e-09, 3.90191390309e-09, 4.67744376564e-09, 3.47523387845e-09, 2.90283730386e-09, 2.52400722545e-09, 1.74194203506e-09, 2.23031038082e-09, 1.23493060222e-09, 9.19981479885e-10, 5.56193868739e-10, 3.11824788213e-10, 3.2911307013e-10, 3.15538706275e-10, 2.22866822219e-10, 2.88840285023e-10, 2.45579612201e-10, 2.21527948763e-10, 1.88949356161e-10, 1.83872389536e-10, 1.11798813263e-10],
        "stdev": [0.00274621113203, 0.00443741632625, 0.001085438882, 0.000749583065044, 0.0007709012134, 0.000584409455769, 0.000228456556215, 0.00035857790499, 0.000563118839636, 0.000555645558052, 0.000736560497899, 0.000739456503652, 0.000336717523169, 0.000181327617611, 9.58115488174e-05, 0.000118100790132, 0.000236493491684, 0.000138163450174, 0.000145875746966, 9.52155314735e-05, 7.82178976806e-05, 8.00932320999e-05, 6.91316599841e-05, 3.83672340831e-05, 2.30887671933e-05, 1.97731733351e-05, 1.68537117133e-05, 1.22376286527e-05, 1.32787017719e-05, 8.20341210783e-06, 4.89529338665e-06, 4.19239404437e-06, 4.44503166364e-06, 3.86035981137e-06, 7.09275082045e-06, 7.19946501704e-06, 9.03406089492e-06, 1.79023136297e-05, 2.56574785453e-05, 2.23749866564e-05]
    },
    "melbands128": {
        "max": [0.00971614569426, 0.0135991787538, 0.0571897849441, 0.148619651794, 0.110188096762, 0.0439292266965, 0.0203504227102, 0.0209424458444, 0.0201812274754, 0.0270871371031, 0.0159239862114, 0.0133895166218, 0.0180888175964, 0.012279025279, 0.0111928507686, 0.0064455177635, 0.00637029018253, 0.00364280538633, 0.0025934940204, 0.00367504870519, 0.0101171806455, 0.0158424414694, 0.00791945587844, 0.0203241426498, 0.0135331610218, 0.0231805630028, 0.0146713694558, 0.0144076850265, 0.0143552273512, 0.0166360307485, 0.0115968901664, 0.00815173238516, 0.00777470367029, 0.00449862983078, 0.00558729749173, 0.00318114622496, 0.00170950160827, 0.00160419405438, 0.00249148067087, 0.00176897807978, 0.00386848510243, 0.00255032698624, 0.00362915312871, 0.00583908613771, 0.00700805569068, 0.00225549354218, 0.00180786091369, 0.00376199535094, 0.00286014773883, 0.00546807656065, 0.00301590678282, 0.00216231611557, 0.00222275429405, 0.00190703442786, 0.00190555339213, 0.00229255063459, 0.00156042689923, 0.00116457953118, 0.00150818424299, 0.000974090478849, 0.00128738186322, 0.000827102572657, 0.000342539598932, 0.000684608472511, 0.000483468116727, 0.000523410446476, 0.000470651051728, 0.000499696063343, 0.000180033428478, 0.000389877444832, 0.000225460971706, 0.000589690811466, 0.000830927514471, 0.000199852525839, 0.000232662539929, 0.000170459054061, 0.000311520299874, 0.000166223180713, 9.02938409126e-05, 7.69890102674e-05, 0.000206693730433, 6.39560385025e-05, 0.000106809406134, 6.30371796433e-05, 0.000102364669146, 8.51602017065e-05, 4.76491513837e-05, 8.66541668074e-05, 0.000227515134611, 0.000148516934132, 0.000161833246239, 0.000129665175336, 0.000134175366838, 0.000176442510565, 0.000136958056828, 0.00033060205169, 0.000473824009532, 0.000518463668413, 0.000908509129658, 0.00082867819583, 0.00069185369648, 0.000530926685315, 0.000647817680147, 0.000887041504029, 0.000303007225739, 0.00017440924421, 0.00022524871747, 0.000328150577843, 0.000155832385644, 8.5711137217e-05, 7.87237513578e-05, 4.98681838508e-05, 4.53833417851e-05, 2.59342414211e-05, 2.63337897195e-05, 1.38806753966e-05, 1.14463264254e-05, 5.53461359232e-06, 5.58117335459e-06, 3.71528926735e-06, 3.09203937832e-06, 2.52119139077e-06, 1.97490476239e-06, 7.59845519838e-08, 1.33223954091e-09, 1.29387944803e-09, 1.27786814463e-09, 1.26865107308e-09],
        "mean": [0.000121162396681, 0.000321441417327, 0.000734793662559, 0.00122113502584, 0.00112074124627, 0.000658904493321, 0.00039578488213, 0.000327403249685, 0.000303986569634, 0.000325197150232, 0.000374001596356, 0.000462952884845, 0.000456749403384, 0.000448655307991, 0.000360859790817, 0.000193696949282, 0.000148303573951, 7.34909481253e-05, 7.46629375499e-05, 0.000148614912177, 0.000226067786571, 0.000269223499345, 0.000265271199169, 0.00030556859565, 0.000192269362742, 0.000198077206733, 0.000271803379292, 0.000316527555697, 0.000594158074819, 0.000373090762878, 0.000222534261411, 0.000209497738979, 0.000135505892104, 7.08529623807e-05, 0.000104395396193, 5.25069845025e-05, 4.55463778053e-05, 4.50119805464e-05, 3.23697458953e-05, 3.50206501025e-05, 4.19641874032e-05, 5.62853929296e-05, 8.11782956589e-05, 9.1482688731e-05, 7.40958057577e-05, 2.68197291007e-05, 4.25428042945e-05, 6.26798573649e-05, 3.30447001033e-05, 2.63013971562e-05, 1.70785206137e-05, 2.14988431253e-05, 1.68251372088e-05, 1.72112195287e-05, 2.22379985644e-05, 2.14149349631e-05, 1.55230845849e-05, 2.04246680369e-05, 3.06668589474e-05, 1.62905344041e-05, 1.08137273855e-05, 9.81081757345e-06, 7.18723822501e-06, 6.20224318482e-06, 5.38778294867e-06, 4.36444634033e-06, 5.94534685661e-06, 9.37303047976e-06, 3.61001707461e-06, 4.39291534349e-06, 2.78409879684e-06, 2.38471739067e-06, 3.25283303937e-06, 1.78674099516e-06, 1.60326192145e-06, 1.50493019646e-06, 1.82007852345e-06, 1.7952121425e-06, 1.21356754335e-06, 1.23622839965e-06, 1.44337241181e-06, 1.49298841734e-06, 1.83827876299e-06, 1.67357313785e-06, 1.73392800207e-06, 1.31755939492e-06, 1.3319830714e-06, 1.67582027188e-06, 2.01839043257e-06, 1.97028771254e-06, 1.84082614396e-06, 1.99189116756e-06, 2.16927287511e-06, 2.43311865233e-06, 2.70330428975e-06, 3.7124143546e-06, 4.27245777246e-06, 4.73513091492e-06, 4.8052497732e-06, 4.217262358e-06, 3.4573472476e-06, 3.91236562791e-06, 4.0067716327e-06, 3.27908151121e-06, 1.97235681298e-06, 1.3649819266e-06, 1.1009985883e-06, 1.15962257041e-06, 9.11099618861e-07, 7.49113382881e-07, 6.02484419687e-07, 5.05397792949e-07, 4.67881477562e-07, 3.2022452956e-07, 2.35720463593e-07, 1.66181195027e-07, 8.02662611932e-08, 4.46435493018e-08, 5.05967037157e-08, 3.87039662542e-08, 2.59224250954e-08, 1.97951202097e-08, 1.15910943066e-08, 3.41863870545e-10, 5.12112357728e-12, 4.58758248403e-12, 4.29584146033e-12, 4.23404453859e-12],
        "min": [2.92886340181e-11, 3.38775008046e-10, 1.87858351097e-09, 4.98188867937e-09, 5.26538945778e-09, 5.51126877468e-09, 4.7135690906e-09, 4.78355977052e-09, 3.89266308076e-09, 7.76884068188e-09, 1.06623474494e-08, 1.81295456425e-09, 1.02588826323e-09, 8.40542746516e-09, 6.630480609e-09, 7.06403557871e-09, 1.00274215598e-08, 6.43146336188e-09, 3.73209640969e-09, 8.73628813736e-09, 1.3803287402e-09, 1.41598182068e-08, 1.63407438691e-08, 1.87810051955e-08, 6.35572616758e-09, 1.34171589394e-08, 8.95070684237e-09, 6.07196426472e-09, 1.01563824018e-08, 6.55747012246e-09, 4.84738738038e-09, 3.08263548021e-09, 5.34739275082e-09, 5.64138424863e-09, 6.02196514876e-09, 2.15545270521e-09, 3.7346561399e-09, 2.18138485053e-09, 6.22203355505e-09, 3.78870490536e-09, 3.85315068741e-09, 4.82199435936e-09, 7.09484915262e-09, 1.78972059395e-09, 3.91812760014e-09, 2.41282638314e-09, 3.65482466513e-09, 3.69545749557e-09, 3.13156722775e-09, 1.41757716676e-09, 2.55867393939e-09, 1.27716470733e-09, 2.59801491431e-09, 4.62644006438e-10, 1.01572816824e-09, 1.90546733947e-09, 3.25375371091e-09, 1.84228754474e-09, 2.15010320659e-09, 1.96641014583e-09, 1.30535249276e-09, 7.7724976455e-10, 1.06907027675e-09, 9.56202117486e-10, 6.66860067167e-10, 1.612786793e-09, 1.09549758154e-09, 1.00725949803e-09, 5.71712122088e-10, 8.4066154038e-10, 3.90156573715e-10, 7.56944451563e-10, 7.90469911749e-10, 2.37083130905e-10, 4.23921842074e-10, 3.07931763421e-10, 3.69134667277e-10, 3.0186214639e-10, 2.11402256811e-10, 2.55307663899e-10, 2.23878318661e-10, 2.06102079847e-10, 1.93407442839e-10, 2.06427860916e-10, 1.31772232015e-10, 2.46531572934e-10, 1.47307901988e-10, 1.31184063612e-10, 1.67154942665e-10, 1.52048054702e-10, 2.16303253087e-10, 1.20886273214e-10, 1.13393926193e-10, 1.37558631153e-10, 9.5914935716e-11, 1.38924871607e-10, 1.71339289978e-10, 1.13179861316e-10, 9.52330644899e-11, 1.05760664115e-10, 9.08318906201e-11, 9.39762573315e-11, 8.83201428659e-11, 6.72927269463e-11, 1.07237586866e-11, 1.02390679269e-10, 8.85710740861e-11, 5.75721796625e-11, 4.10648424987e-11, 3.21157614391e-11, 2.94603196005e-11, 4.1731430811e-11, 2.7038307357e-11, 6.77464161158e-12, 1.51215552666e-12, 1.15209989986e-12, 8.66112249195e-13, 7.23615774505e-13, 5.42697180597e-13, 5.27140343095e-13, 4.89105175631e-13, 5.8925585765e-13, 4.45059543689e-13, 5.06180709327e-13, 2.97473552952e-13, 1.1318192477e-13, 1.59830356822e-14, 4.48029395362e-16],
        "stdev": [0.00039279932389, 0.000983607838862, 0.00381167070009, 0.00706170592457, 0.00562662491575, 0.00257020653225, 0.00120467122179, 0.00108229799662, 0.000989276799373, 0.000895012519322, 0.000773805135395, 0.000970659544691, 0.00101694418117, 0.000993456691504, 0.00093465502141, 0.000469021237222, 0.000427694729296, 0.000230399833526, 0.000171506631887, 0.000367530388758, 0.000595179502852, 0.000732513144612, 0.000687616528012, 0.00113280513324, 0.000808177457657, 0.000688002386596, 0.000762440613471, 0.000828225398436, 0.00154607801232, 0.00130089058075, 0.000801464775577, 0.000675417832099, 0.000485882046632, 0.000260145840002, 0.000374438677682, 0.000183611453394, 0.000139802476042, 0.00014454680786, 0.00012584036449, 0.000124812329886, 0.000174352579052, 0.00020052306354, 0.000318700971548, 0.000409343920182, 0.000327472138451, 9.88120882539e-05, 0.000164183293236, 0.000275822996628, 0.00015031392104, 0.000165656165336, 0.000103678816231, 0.000100698234746, 9.2599853815e-05, 9.24762425711e-05, 0.00010894319712, 9.50102694333e-05, 7.5308533269e-05, 7.9126075434e-05, 0.00010880620539, 5.40144610568e-05, 4.37554808741e-05, 3.84188533644e-05, 2.51440797001e-05, 2.80672629742e-05, 2.25258390856e-05, 2.06753502425e-05, 2.28553326451e-05, 3.93187292502e-05, 1.18182533697e-05, 1.76851535798e-05, 1.08715330498e-05, 1.63723088917e-05, 3.06852271024e-05, 1.06250190584e-05, 9.65058825386e-06, 8.3723480202e-06, 1.30604303195e-05, 1.02698595583e-05, 4.49908884548e-06, 4.57275564258e-06, 6.02263889959e-06, 4.26611040893e-06, 5.6199910432e-06, 4.74883518109e-06, 5.75176818529e-06, 3.92251240555e-06, 3.52039705831e-06, 5.43450732948e-06, 9.07628236746e-06, 7.77683635533e-06, 7.05481033947e-06, 7.88867419033e-06, 8.06034677225e-06, 9.14613883651e-06, 9.78907974059e-06, 1.5744164557e-05, 2.00174199563e-05, 2.52773643297e-05, 3.03399538097e-05, 2.59800599451e-05, 2.05284195545e-05, 2.37345630012e-05, 2.79549876723e-05, 2.53948364843e-05, 1.12284769784e-05, 8.16208466858e-06, 7.26512143956e-06, 9.44384555623e-06, 5.14927114637e-06, 3.66549852515e-06, 2.92693061965e-06, 2.26095335165e-06, 2.17414276449e-06, 1.26481711504e-06, 1.02759315723e-06, 6.6875105631e-07, 3.8574677319e-07, 2.20336730195e-07, 2.61477680397e-07, 1.75544812464e-07, 1.23135478702e-07, 9.85945618481e-08, 6.67442421332e-08, 2.28896679388e-09, 4.90501216033e-11, 4.82896882203e-11, 4.77816917976e-11, 4.75021966206e-11]
    },
    "mfcc": {
        "mean": [-713.010803223, 115.421607971, 11.6699981689, -1.46843183041, 6.7974319458, -8.60899925232, -3.26141214371, 6.78321456909, -3.81616687775, 0.64744412899, 0.239551708102, -8.67531585693, -6.66976881027],
        "cov": [[12189.2060547, -511.801300049, -675.934143066, -903.395446777, 30.6509151459, -149.955154419, 325.981445312, 752.026672363, 86.8058319092, 298.67565918, 245.273834229, -192.484710693, -211.423950195], [-511.801300049, 2042.76477051, 292.57699585, 110.592926025, -3.54995799065, -141.153442383, 96.4807128906, 118.137664795, -300.73248291, -178.498703003, -14.6173315048, -110.805931091, 13.5474586487], [-675.934143066, 292.57699585, 1738.89465332, 382.68862915, 270.999542236, 148.232879639, -8.4168138504, -92.5983123779, -119.688270569, -275.606506348, -109.171348572, 10.4562339783, 33.3774414062], [-903.395446777, 110.592926025, 382.68862915, 486.109954834, 216.225280762, 73.837059021, -62.7833023071, -82.8399505615, 31.7888011932, -42.560749054, -65.8087387085, 40.6413345337, 47.9454612732], [30.6509151459, -3.54995799065, 270.999542236, 216.225280762, 418.205291748, 99.2878036499, 64.2510528564, 14.2974424362, 35.083732605, 33.093082428, -46.2854003906, 5.18904924393, 8.19057273865], [-149.955154419, -141.153442383, 148.232879639, 73.837059021, 99.2878036499, 227.124389648, 90.1807479858, -2.67845010757, 17.8617038727, 3.85217905045, -0.361023545265, 37.0466575623, -8.96896839142], [325.981445312, 96.4807128906, -8.4168138504, -62.7833023071, 64.2510528564, 90.1807479858, 292.297454834, 119.709655762, -34.44972229, 15.4943037033, 21.5907554626, 0.544938743114, -26.2488155365], [752.026672363, 118.137664795, -92.5983123779, -82.8399505615, 14.2974424362, -2.67845010757, 119.709655762, 216.12197876, 0.957629799843, 51.858379364, 45.760559082, -32.1480369568, -22.6053581238], [86.8058319092, -300.73248291, -119.688270569, 31.7888011932, 35.083732605, 17.8617038727, -34.44972229, 0.957629799843, 192.756835938, 93.1667480469, 4.0020904541, 34.6660499573, 10.70307827], [298.67565918, -178.498703003, -275.606506348, -42.560749054, 33.093082428, 3.85217905045, 15.4943037033, 51.858379364, 93.1667480469, 195.879837036, 47.1124076843, 4.70076847076, 0.267158448696], [245.273834229, -14.6173315048, -109.171348572, -65.8087387085, -46.2854003906, -0.361023545265, 21.5907554626, 45.760559082, 4.0020904541, 47.1124076843, 109.871086121, 12.2936210632, -6.98620700836], [-192.484710693, -110.805931091, 10.4562339783, 40.6413345337, 5.18904924393, 37.0466575623, 0.544938743114, -32.1480369568, 34.6660499573, 4.70076847076, 12.2936210632, 110.190155029, 23.5861263275], [-211.423950195, 13.5474586487, 33.3774414062, 47.9454612732, 8.19057273865, -8.96896839142, -26.2488155365, -22.6053581238, 10.70307827, 0.267158448696, -6.98620700836, 23.5861263275, 86.0249099731]],
        "icov": [[0.000125464488519, 4.84814590891e-05, -1.66328700288e-05, 0.000196815584786, -0.000127562656417, 8.51172444527e-05, 5.86096466577e-05, -0.000384396204026, -1.7497502995e-05, 1.57968152052e-05, -8.1530874013e-05, 5.07492950419e-05, 0.000116964671179], [4.84814590891e-05, 0.000807655160315, -1.11806411951e-05, -0.000387891603168, 3.543881121e-06, 0.000595567282289, -0.000234813254792, -0.000631534610875, 0.00100919418037, 0.000281532731606, -0.000145826503285, 0.000388834247133, -0.000208245648537], [-1.66328700288e-05, -1.11806411951e-05, 0.00099681771826, -0.00040925887879, -0.000469155464089, -0.000459525675979, 0.000160688985488, -5.00773894601e-05, 0.000178566522663, 0.00133912730962, -3.70504785678e-05, 0.000116550829262, -0.000226492251386], [0.000196815584786, -0.000387891603168, -0.00040925887879, 0.00420146435499, -0.00177935871761, -0.000708662206307, 0.00114621897228, 5.26628246007e-05, -0.00098227604758, 0.000238144770265, 0.000596044876147, -0.000825374620035, -0.000782774179243], [-0.000127562656417, 3.543881121e-06, -0.000469155464089, -0.00177935871761, 0.00424250215292, -0.000685913895722, -0.000995335867628, 2.1963060135e-05, -5.91434400121e-05, -0.00181343732402, 0.00146203534678, 0.000435423920862, 9.86321101664e-05], [8.51172444527e-05, 0.000595567282289, -0.000459525675979, -0.000708662206307, -0.000685913895722, 0.00690068444237, -0.0024937838316, 0.000549427233636, 7.20153093425e-06, -0.000157925227541, -0.000720923650078, -0.00122005981393, 0.00113244610839], [5.86096466577e-05, -0.000234813254792, 0.000160688985488, 0.00114621897228, -0.000995335867628, -0.0024937838316, 0.00611888524145, -0.00316546927206, 0.0011569528142, 0.000111949724669, 0.000450506311608, -0.00118036044296, 0.000565771362744], [-0.000384396204026, -0.000631534610875, -5.00773894601e-05, 5.26628246007e-05, 2.1963060135e-05, 0.000549427233636, -0.00316546927206, 0.00906440615654, -0.00123373919632, -0.00118084764108, -0.00202818284743, 0.00179300270975, 0.00011688300583], [-1.7497502995e-05, 0.00100919418037, 0.000178566522663, -0.00098227604758, -5.91434400121e-05, 7.20153093425e-06, 0.0011569528142, -0.00123373919632, 0.0092661883682, -0.00346219772473, 0.00137296016328, -0.00191475916654, -0.000194194202777], [1.57968152052e-05, 0.000281532731606, 0.00133912730962, 0.000238144770265, -0.00181343732402, -0.000157925227541, 0.000111949724669, -0.00118084764108, -0.00346219772473, 0.0103006139398, -0.00329466117546, 0.00111012673005, -0.000950929243118], [-8.1530874013e-05, -0.000145826503285, -3.70504785678e-05, 0.000596044876147, 0.00146203534678, -0.000720923650078, 0.000450506311608, -0.00202818284743, 0.00137296016328, -0.00329466117546, 0.0126559427008, -0.00273900805041, 0.000513090111781], [5.07492950419e-05, 0.000388834247133, 0.000116550829262, -0.000825374620035, 0.000435423920862, -0.00122005981393, -0.00118036044296, 0.00179300270975, -0.00191475916654, 0.00111012673005, -0.00273900805041, 0.0122539671138, -0.0029267987702], [0.000116964671179, -0.000208245648537, -0.000226492251386, -0.000782774179243, 9.86321101664e-05, 0.00113244610839, 0.000565771362744, 0.00011688300583, -0.000194194202777, -0.000950929243118, 0.000513090111781, -0.0029267987702, 0.0136522259563]]
    },
    "spectral_contrast_coeffs": {
        "max": [-0.431784331799, -0.382600039244, -0.40882602334, -0.506556987762, -0.542895972729, -0.627718746662],
        "mean": [-0.697185516357, -0.723676025867, -0.714598894119, -0.783505856991, -0.776857435703, -0.817860364914],
        "min": [-0.908037245274, -0.953980028629, -0.936197042465, -0.926787436008, -0.905678570271, -0.925378441811],
        "stdev": [0.0892482995987, 0.0989996492863, 0.114304333925, 0.082069888711, 0.0748478770256, 0.0411345027387]
    },
    "spectral_contrast_valleys": {
        "max": [-4.47491836548, -4.89914512634, -5.59961605072, -5.3554353714, -5.06976413727, -7.15333747864],
        "mean": [-7.62600755692, -7.49658441544, -8.19668102264, -8.46636676788, -8.66430854797, -10.4227733612],
        "min": [-11.4379386902, -10.4304742813, -10.5427274704, -10.8883314133, -10.9327363968, -13.6004190445],
        "stdev": [1.29481005669, 0.93620288372, 1.01951313019, 0.95943403244, 0.936329722404, 1.24137485027]
    }
},
"rhythm": {
    "beats_count": 69,
    "beats_loudness": {
        "max": 0.158685609698,
        "mean": 0.0314685814083,
        "min": 1.81541199709e-05,
        "stdev": 0.0300444681197
    },
    "bpm": 86.9549407959,
    "bpm_histogram_first_peak_bpm": 88,
    "bpm_histogram_first_peak_weight": 0.449999988079,
    "bpm_histogram_second_peak_bpm": 83,
    "bpm_histogram_second_peak_spread": 0.16666662693,
    "bpm_histogram_second_peak_weight": 0.0735294148326,
    "danceability": 1.00496697426,
    "onset_rate": 3.1787109375,
    "beats_loudness_band_ratio": {
        "max": [0.960597097874, 0.951893866062, 0.800677359104, 0.768862009048, 0.729405581951, 0.998954772949],
        "mean": [0.155339717865, 0.248003035784, 0.209448024631, 0.182219088078, 0.13520796597, 0.106161817908],
        "min": [0.000248431111686, 0.000125975959236, 0.000140711912536, 0.000112349327537, 0.000350858579623, 0.00181286782026],
        "stdev": [0.198271468282, 0.246473193169, 0.165459424257, 0.188525542617, 0.175459444523, 0.174058392644]
    },
