{
"metadata": {
    "version": {
        "essentia": "2.1-beta5",
        "essentia_git_sha": "Undefined",
        "extractor": "music 2.0"
    },
    "audio_properties": {
        "analysis": {
            "equal_loudness": 0,
            "length": 32.4963264465,
            "sample_rate": 44100,
            "start_time": 142.744674683,
            "downmix": "mix"
        },
        "bit_rate": 192000,
        "length": 200.469482422,
        "lossless": 0,
        "number_channels": 2,
        "replay_gain": -1.32701873779,
        "sample_rate": 48000,
        "codec": "mp3",
        "md5_encoded": "b3d78cac9290b9bdebbd26dcc9e431ae"
    },
    "tags": {
        "file_name": "Israel_Ze Hazman_Eddie Butler.mp3",
        "encoding": ["Lavf58.29.100"]
    }
},
"lowlevel": {
    "average_loudness": 0.929572463036,
    "barkbands_crest": {
        "max": 24.8802280426,
        "mean": 10.2433023453,
        "min": 2.41201901436,
        "stdev": 4.8360118866
    },
    "barkbands_flatness_db": {
        "max": 0.251822561026,
        "mean": 0.0924085751176,
        "min": 0.0210262667388,
        "stdev": 0.0367854088545
    },
    "barkbands_kurtosis": {
        "max": 42.9068145752,
        "mean": 1.76974117756,
        "min": -1.84899628162,
        "stdev": 3.62397146225
    },
    "barkbands_skewness": {
        "max": 6.23795604706,
        "mean": 0.89007127285,
        "min": -1.46765494347,
        "stdev": 0.816254734993
    },
    "barkbands_spread": {
        "max": 96.2593841553,
        "mean": 27.9966545105,
        "min": 2.24633812904,
        "stdev": 15.5554819107
    },
    "dissonance": {
        "max": 0.499852836132,
        "mean": 0.462870448828,
        "min": 0.280121028423,
        "stdev": 0.0286441165954
    },
    "dynamic_complexity": 2.31602692604,
    "erbbands_crest": {
        "max": 32.1513977051,
        "mean": 11.8235340118,
        "min": 2.52791237831,
        "stdev": 6.4821023941
    },
    "erbbands_flatness_db": {
        "max": 0.309512257576,
        "mean": 0.149902448058,
        "min": 0.0539124272764,
        "stdev": 0.0438256822526
    },
    "erbbands_kurtosis": {
        "max": 30.3687400818,
        "mean": 1.9096249342,
        "min": -1.7089509964,
        "stdev": 3.84616351128
    },
    "erbbands_skewness": {
        "max": 4.85387182236,
        "mean": 0.818258285522,
        "min": -1.70776557922,
        "stdev": 0.867947936058
    },
    "erbbands_spread": {
        "max": 114.13331604,
        "mean": 34.8653678894,
        "min": 3.61008048058,
        "stdev": 18.6017627716
    },
    "hfc": {
        "max": 180.698242188,
        "mean": 43.6217422485,
        "min": 0.493640273809,
        "stdev": 26.4847335815
    },
    "loudness_ebu128": {
        "integrated": -20.6688957214,
        "loudness_range": 3.35014533997,
        "momentary": {
            "max": -17.7203979492,
            "mean": -21.0026512146,
            "min": -26.9886245728,
            "stdev": 1.8038071394
        },
        "short_term": {
            "max": -18.3450260162,
            "mean": -20.7411708832,
            "min": -22.6171836853,
            "stdev": 1.0152078867
        }
    },
    "melbands_crest": {
        "max": 30.7030067444,
        "mean": 12.7206792831,
        "min": 3.54152965546,
        "stdev": 5.15208864212
    },
    "melbands_flatness_db": {
        "max": 0.312583446503,
        "mean": 0.132736176252,
        "min": 0.024928888306,
        "stdev": 0.0455809496343
    },
    "melbands_kurtosis": {
        "max": 144.034317017,
        "mean": 5.77118444443,
        "min": -1.39362490177,
        "stdev": 8.28599739075
    },
    "melbands_skewness": {
        "max": 10.2679729462,
        "mean": 1.48718512058,
        "min": -1.47550225258,
        "stdev": 1.10559952259
    },
    "melbands_spread": {
        "max": 161.594436646,
        "mean": 34.2203903198,
        "min": 2.56089758873,
        "stdev": 20.4307594299
    },
    "pitch_salience": {
        "max": 0.847890973091,
        "mean": 0.567016780376,
        "min": 0.216818422079,
        "stdev": 0.110685616732
    },
    "silence_rate_20dB": {
        "max": 1,
        "mean": 1,
        "min": 1,
        "stdev": 0
    },
    "silence_rate_30dB": {
        "max": 1,
        "mean": 1,
        "min": 1,
        "stdev": 0
    },
    "silence_rate_60dB": {
        "max": 1,
        "mean": 0.0157030690461,
        "min": 0,
        "stdev": 0.124323710799
    },
    "spectral_centroid": {
        "max": 3992.67431641,
        "mean": 1633.43151855,
        "min": 557.320495605,
        "stdev": 525.058288574
    },
    "spectral_complexity": {
        "max": 57,
        "mean": 22.9850101471,
        "min": 1,
        "stdev": 9.30852794647
    },
    "spectral_decrease": {
        "max": -1.0123318156e-10,
        "mean": -7.06912661741e-09,
        "min": -2.59311505602e-08,
        "stdev": 4.3909276215e-09
    },
    "spectral_energy": {
        "max": 0.100686095655,
        "mean": 0.0306372065097,
        "min": 0.000497106520925,
        "stdev": 0.0179779138416
    },
    "spectral_energyband_high": {
        "max": 0.0181687772274,
        "mean": 0.00238636205904,
        "min": 1.2942487956e-05,
        "stdev": 0.00248326105066
    },
    "spectral_energyband_low": {
        "max": 0.0826388150454,
        "mean": 0.00360740418546,
        "min": 1.83497286343e-06,
        "stdev": 0.00873711425811
    },
    "spectral_energyband_middle_high": {
        "max": 0.0938818454742,
        "mean": 0.013873164542,
        "min": 0.000123315578094,
        "stdev": 0.0128270545974
    },
    "spectral_energyband_middle_low": {
        "max": 0.080816783011,
        "mean": 0.0121208559722,
        "min": 5.89542250964e-05,
        "stdev": 0.0106425127015
    },
    "spectral_entropy": {
        "max": 8.7850561142,
        "mean": 7.91278743744,
        "min": 6.8077173233,
        "stdev": 0.342342019081
    },
    "spectral_flux": {
        "max": 0.286252677441,
        "mean": 0.109773375094,
        "min": 0.0133342733607,
        "stdev": 0.0447459258139
    },
    "spectral_kurtosis": {
        "max": 9.95388126373,
        "mean": 2.90998411179,
        "min": -1.1694791317,
        "stdev": 1.76121532917
    },
    "spectral_rms": {
        "max": 0.00991112180054,
        "mean": 0.00519894110039,
        "min": 0.000696406466886,
        "stdev": 0.00169143232051
    },
    "spectral_rolloff": {
        "max": 12941.4550781,
        "mean": 2730.68994141,
        "min": 107.666015625,
        "stdev": 2259.42211914
    },
    "spectral_skewness": {
        "max": 2.63311719894,
        "mean": 1.47418522835,
        "min": 0.352452486753,
        "stdev": 0.362090289593
    },
    "spectral_spread": {
        "max": 15204003,
        "mean": 6334444.5,
        "min": 3029809.25,
        "stdev": 1588375.625
    },
    "spectral_strongpeak": {
        "max": 15.930311203,
        "mean": 2.37251925468,
        "min": 0,
        "stdev": 2.19646883011
    },
    "zerocrossingrate": {
        "max": 0.3193359375,
        "mean": 0.10565765202,
        "min": 0.03076171875,
        "stdev": 0.0475374944508
    },
    "barkbands": {
        "max": [0.00862210150808, 0.0669162869453, 0.0444929115474, 0.0306848939508, 0.0310909431428, 0.0289899818599, 0.02592622675, 0.0301644988358, 0.0549929067492, 0.0728588923812, 0.0338108837605, 0.0612664036453, 0.0578831955791, 0.0718260109425, 0.0172147117555, 0.00735234329477, 0.0114174503833, 0.00636152876541, 0.00317227421328, 0.00378943607211, 0.00297125196084, 0.00279356678948, 0.00585403898731, 0.00521788746119, 0.00645572412759, 0.00310153770261, 0.000564437592402],
        "mean": [0.000150887324708, 0.0021921810694, 0.00103242567275, 0.000498230103403, 0.00202650250867, 0.00167564919684, 0.000878684455529, 0.00188852497377, 0.00335621926934, 0.00493413722143, 0.00121273775585, 0.00200720992871, 0.00183125992771, 0.0018433717778, 0.000759842980187, 0.000561007123906, 0.00053704273887, 0.000443894125056, 0.000279144413071, 0.000297602062346, 0.000350031099515, 0.000334471696988, 0.000523545255419, 0.000387460517231, 0.000378083030228, 0.000241916088271, 1.51304338942e-05],
        "min": [7.24477455805e-09, 2.43910534437e-07, 5.22392610947e-07, 1.22094562016e-07, 1.40112729241e-06, 2.35304855778e-06, 9.29627390178e-07, 1.72381987795e-06, 7.81329981692e-06, 5.41899225937e-06, 1.70997270743e-06, 4.59460170532e-06, 5.19128479937e-06, 2.12453642234e-06, 7.54664915803e-06, 7.71709255787e-06, 5.76782804274e-06, 2.29784131989e-06, 1.32426134769e-06, 6.00602515988e-06, 3.40726523973e-06, 6.93201343438e-07, 8.52051812217e-07, 7.23583468698e-07, 8.60721513618e-07, 3.33048575385e-07, 3.82627840523e-09],
        "stdev": [0.00053470529383, 0.00635996367782, 0.00287447567098, 0.00112910976168, 0.0030510306824, 0.00249175773934, 0.00148181407712, 0.00361083750613, 0.00663912761956, 0.00934914220124, 0.00337830162607, 0.00527066458017, 0.00536898570135, 0.00542687065899, 0.00134024524596, 0.000839340325911, 0.000835163635202, 0.000616606790572, 0.000271107826848, 0.000336399592925, 0.000386072555557, 0.000402813893743, 0.000736104557291, 0.000499376677908, 0.000486679637106, 0.000333706499077, 3.28747846652e-05]
    },
    "erbbands": {
        "max": [1.82547307014, 15.0638370514, 30.2090892792, 119.776260376, 65.0001525879, 155.720001221, 395.619354248, 270.831298828, 382.47668457, 335.621429443, 1221.85961914, 1229.8828125, 2557.41918945, 1853.65722656, 1444.48059082, 3052.8125, 2956.14013672, 4092.60888672, 708.688598633, 726.260437012, 441.759979248, 707.060180664, 381.692230225, 156.850143433, 149.616073608, 198.772979736, 116.679779053, 110.137039185, 96.6738967896, 181.712997437, 195.889862061, 95.1323623657, 120.58821106, 79.770149231, 39.4336128235, 20.720293045, 4.28967618942, 0.757236540318, 0.108760692179, 0.00486847013235],
        "mean": [0.0517482049763, 0.531837522984, 1.22184550762, 1.57313513756, 3.50833725929, 6.33171463013, 13.0670642853, 13.950304985, 14.3419084549, 19.9598236084, 48.012096405, 76.0776138306, 155.307403564, 86.3892288208, 58.2262039185, 83.5219345093, 88.5347747803, 98.6398696899, 55.8058128357, 36.8671607971, 28.0686283112, 31.9388103485, 27.2372226715, 15.8604402542, 14.4306259155, 14.1511573792, 13.1707830429, 14.2477369308, 11.615111351, 13.0471439362, 15.6216592789, 8.46186923981, 6.62245178223, 4.46830272675, 2.5772895813, 1.46448647976, 0.32315531373, 0.0424233227968, 0.00278453645296, 0.000108979511424],
        "min": [1.12866937343e-05, 0.00011892143084, 0.000461323768832, 0.00169563258532, 0.00431183353066, 0.00448790704831, 0.0105241388083, 0.0212199706584, 0.010060146451, 0.045575093478, 0.0686695575714, 0.295367360115, 0.386850237846, 0.303420454264, 0.140835642815, 0.185907930136, 0.312848001719, 0.122727505863, 0.542709290981, 0.462767869234, 0.386258691549, 0.445384025574, 0.302696377039, 0.0736865103245, 0.099557004869, 0.234052985907, 0.18803332746, 0.0860927551985, 0.0287942383438, 0.0322662889957, 0.0198286194354, 0.00912874005735, 0.0159402433783, 0.0109221767634, 0.00523542100564, 0.00228042551316, 0.000402560894145, 6.66278283461e-05, 3.8002826841e-06, 7.05127320089e-07],
        "stdev": [0.16067250073, 1.50100398064, 2.86377239227, 4.51037120819, 6.16058015823, 10.4413604736, 20.6456375122, 24.2629699707, 24.0656318665, 34.3768043518, 88.1522674561, 143.39932251, 296.508026123, 156.663635254, 144.262924194, 204.808822632, 242.472991943, 306.846466064, 79.0823822021, 59.3815574646, 38.9516868591, 50.4314231873, 37.6539726257, 15.0040483475, 14.176527977, 17.2090396881, 14.145816803, 16.5206832886, 13.7513313293, 16.8604335785, 22.7242889404, 10.8173036575, 9.15670490265, 6.28513288498, 3.25250196457, 2.02348875999, 0.457333743572, 0.069581925869, 0.00573433516547, 0.000173993539647]
    },
    "gfcc": {
        "mean": [52.2227478027, 38.6542129517, -120.424163818, 8.28433322906, -69.6101303101, 21.6351299286, -43.0258560181, 13.5722875595, -28.5209922791, 6.30685186386, -21.4997844696, 4.74658918381, -12.8094930649],
        "cov": [[1744.04272461, -37.7305793762, 262.435058594, 208.139022827, 127.798950195, 203.335113525, 67.3185882568, -61.698638916, 3.27819395065, -0.131506502628, -65.7893600464, 5.81850528717, -30.8664398193], [-37.7305793762, 751.592041016, 82.0285186768, 39.0459709167, 129.683380127, 17.2296237946, 97.8139266968, 51.6510810852, 33.9194145203, -14.8381175995, 34.4878883362, -44.5367927551, -8.56837844849], [262.435058594, 82.0285186768, 567.026367188, 179.261322021, 63.8664894104, 77.7804794312, 32.5606193542, 42.7846832275, 27.6866073608, 37.4324989319, -10.5995349884, -18.2977390289, -44.0366477966], [208.139022827, 39.0459709167, 179.261322021, 343.034118652, 65.5211486816, 52.4098052979, -5.09726715088, 5.01312971115, 56.9177780151, 39.1090393066, -7.21031045914, -11.9795532227, -8.62765884399], [127.798950195, 129.683380127, 63.8664894104, 65.5211486816, 211.024978638, 113.001342773, 70.8736419678, 29.0362644196, 12.5263366699, 15.8395357132, 19.4921665192, 16.553565979, -0.701307535172], [203.335113525, 17.2296237946, 77.7804794312, 52.4098052979, 113.001342773, 277.83480835, 169.14604187, 18.8216609955, -53.4830703735, -11.1314926147, 39.2852020264, 12.5544366837, -21.2334117889], [67.3185882568, 97.8139266968, 32.5606193542, -5.09726715088, 70.8736419678, 169.14604187, 241.667694092, 79.7568435669, -31.0001850128, -19.2753105164, 29.4560565948, 26.0745620728, 3.69697165489], [-61.698638916, 51.6510810852, 42.7846832275, 5.01312971115, 29.0362644196, 18.8216609955, 79.7568435669, 119.698974609, 46.5852928162, 9.40711402893, -4.0998878479, 8.86668109894, 21.1637992859], [3.27819395065, 33.9194145203, 27.6866073608, 56.9177780151, 12.5263366699, -53.4830703735, -31.0001850128, 46.5852928162, 125.450202942, 67.9356994629, -11.278550148, -14.0386981964, 7.92532491684], [-0.131506502628, -14.8381175995, 37.4324989319, 39.1090393066, 15.8395357132, -11.1314926147, -19.2753105164, 9.40711402893, 67.9356994629, 111.328094482, 30.0502147675, -8.24755191803, -16.3234348297], [-65.7893600464, 34.4878883362, -10.5995349884, -7.21031045914, 19.4921665192, 39.2852020264, 29.4560565948, -4.0998878479, -11.278550148, 30.0502147675, 86.7388305664, 23.5412979126, -20.0599060059], [5.81850528717, -44.5367927551, -18.2977390289, -11.9795532227, 16.553565979, 12.5544366837, 26.0745620728, 8.86668109894, -14.0386981964, -8.24755191803, 23.5412979126, 86.7922744751, 43.358455658], [-30.8664398193, -8.56837844849, -44.0366477966, -8.62765884399, -0.701307535172, -21.2334117889, 3.69697165489, 21.1637992859, 7.92532491684, -16.3234348297, -20.0599060059, 43.358455658, 100.333061218]],
        "icov": [[0.000805567891803, 1.8195984012e-05, -0.00023688346846, -0.000167209334904, -0.000157472997671, -0.000556836370379, -0.000263405207079, 0.00104337732773, -0.000565355760045, 1.34857000376e-05, 0.00115334684961, -0.000608459056821, 0.000342094397638], [1.8195984012e-05, 0.00214143842459, -0.000409085856518, -3.78603135687e-06, -0.00165662402287, 0.00159627513494, -0.00165903405286, 0.000699929543771, -0.00120516261086, 0.00191121851094, -0.00240319105797, 0.00264558731578, -0.000969289103523], [-0.00023688346846, -0.000409085856518, 0.00256002810784, -0.00109438912477, 0.000244516733801, -0.000610490969848, 0.000814488856122, -0.00187640986405, 0.00129639613442, -0.00129540800117, 0.00121702183969, -0.000771344464738, 0.00142349256203], [-0.000167209334904, -3.78603135687e-06, -0.00109438912477, 0.0042017349042, -0.000534355523996, -0.00102170370519, 0.000499685877003, 0.00107812869828, -0.00242171646096, 0.000295641337289, -5.32080121047e-05, 0.000258229934843, -0.000519413501024], [-0.000157472997671, -0.00165662402287, 0.000244516733801, -0.000534355523996, 0.00800769682974, -0.00400097155944, 0.0015307579888, -0.00132502405904, -0.000430280546425, -0.00152661500033, 0.00143238587771, -0.00309410784394, 0.000712895416655], [-0.000556836370379, 0.00159627513494, -0.000610490969848, -0.00102170370519, -0.00400097155944, 0.0108975525945, -0.00706468056887, 0.0019624454435, 0.00242870720103, 0.000758712587412, -0.00379457185045, 0.00349003006704, -0.000601417734288], [-0.000263405207079, -0.00165903405286, 0.000814488856122, 0.000499685877003, 0.0015307579888, -0.00706468056887, 0.0127528673038, -0.00869255140424, 0.00343573489226, -0.000969859829638, 0.000556603539735, -0.00301404250786, 0.00104161514901], [0.00104337732773, 0.000699929543771, -0.00187640986405, 0.00107812869828, -0.00132502405904, 0.0019624454435, -0.00869255140424, 0.0191117879003, -0.010136866942, 0.00334247667342, 0.000500261608977, 0.000404163380153, -0.00238523818552], [-0.000565355760045, -0.00120516261086, 0.00129639613442, -0.00242171646096, -0.000430280546425, 0.00242870720103, 0.00343573489226, -0.010136866942, 0.0222422052175, -0.0127918496728, 0.00437971809879, 0.000592593394686, -0.000611978233792], [1.34857000376e-05, 0.00191121851094, -0.00129540800117, 0.000295641337289, -0.00152661500033, 0.000758712587412, -0.000969859829638, 0.00334247667342, -0.0127918496728, 0.0201657880098, -0.010027226992, 0.00350810703821, -0.000124722617329], [0.00115334684961, -0.00240319105797, 0.00121702183969, -5.32080121047e-05, 0.00143238587771, -0.00379457185045, 0.000556603539735, 0.000500261608977, 0.00437971809879, -0.010027226992, 0.0235628616065, -0.0113315917552, 0.00739068491384], [-0.000608459056821, 0.00264558731578, -0.000771344464738, 0.000258229934843, -0.00309410784394, 0.00349003006704, -0.00301404250786, 0.000404163380153, 0.000592593394686, 0.00350810703821, -0.0113315917552, 0.022806705907, -0.0111322617158], [0.000342094397638, -0.000969289103523, 0.00142349256203, -0.000519413501024, 0.000712895416655, -0.000601417734288, 0.00104161514901, -0.00238523818552, -0.000611978233792, -0.000124722617329, 0.00739068491384, -0.0111322617158, 0.0172282848507]]
    },
    "melbands": {
        "max": [0.0181760322303, 0.0147785525769, 0.0161529704928, 0.00680539291352, 0.0120315365493, 0.00571548799053, 0.0058009782806, 0.00450355140492, 0.0121068488806, 0.0079748230055, 0.0128772584721, 0.00847059767693, 0.00460409885272, 0.00711985910311, 0.0055858688429, 0.00588847044855, 0.00921920128167, 0.00156784639694, 0.0017456645146, 0.000760385941248, 0.000611297087744, 0.000763241376262, 0.000462134164991, 0.000439069757704, 0.000112423324026, 0.000153692773893, 0.000143299272167, 0.000151312109665, 5.61062552151e-05, 0.000100407087302, 7.20183015801e-05, 6.23559753876e-05, 6.79654767737e-05, 0.000120659839013, 0.000134991845698, 8.07996475487e-05, 4.8777765187e-05, 8.80679654074e-05, 8.30723656691e-05, 6.87181382091e-05],
        "mean": [0.000560644781217, 0.000661727157421, 0.000317847676342, 0.000364132254617, 0.000429259671364, 0.00031455050339, 0.000203979565413, 0.000264397560386, 0.000408090680139, 0.000491388258524, 0.000802669499535, 0.000387376378058, 0.0001740174921, 0.000212135884794, 0.00022766161419, 0.000172416199348, 0.000188936319319, 9.44208077271e-05, 5.53773788852e-05, 4.29497158621e-05, 2.96791404253e-05, 3.3343440009e-05, 2.72280412901e-05, 2.1519666916e-05, 1.16587270895e-05, 1.03992797449e-05, 1.02883186628e-05, 9.15082910069e-06, 7.72307430452e-06, 8.76714693732e-06, 8.04035607871e-06, 6.55463236399e-06, 6.3007528297e-06, 7.73979536461e-06, 9.73867190623e-06, 6.7460482569e-06, 4.61909621663e-06, 4.50741026725e-06, 4.63286687591e-06, 3.42496014127e-06],
        "min": [8.58534718873e-08, 2.28171501249e-07, 2.98396088283e-07, 3.12600832331e-07, 3.30316794361e-07, 4.57879622218e-07, 1.60197032528e-07, 5.94620871652e-07, 4.45451490805e-07, 1.19387016184e-06, 5.54848725187e-07, 1.29450927489e-06, 3.00026982814e-07, 5.64914444112e-07, 4.58378764279e-07, 4.15668921505e-07, 1.54955188236e-07, 7.91888112417e-07, 3.95985296109e-07, 5.46134856449e-07, 2.99413471794e-07, 2.72499619314e-07, 3.61599092003e-07, 1.21075373727e-07, 4.55216380146e-08, 4.91572507144e-08, 9.40138633609e-08, 1.3501568219e-07, 7.79474333967e-08, 6.9658916857e-08, 3.44303963118e-08, 1.37679068146e-08, 1.6001699521e-08, 2.01530276911e-08, 1.21120837804e-08, 6.40831032683e-09, 4.80421746829e-09, 1.14367200155e-08, 1.02314592354e-08, 9.22858323094e-09],
        "stdev": [0.00167644850444, 0.00155842723325, 0.000664517050609, 0.000631130766124, 0.000645322201308, 0.00050807511434, 0.000343964347849, 0.000488682067953, 0.000777988287155, 0.000979354488663, 0.00153652532026, 0.000735538022127, 0.000464803742943, 0.000623631407507, 0.000585245143156, 0.000512904836796, 0.000649400113616, 0.000143414799822, 0.000106039755337, 6.98344156262e-05, 4.60481314803e-05, 5.56705017516e-05, 4.04509301006e-05, 3.35549229931e-05, 1.16851997518e-05, 1.15985085358e-05, 1.07495297925e-05, 1.28565379782e-05, 8.85685494723e-06, 1.04746941361e-05, 9.7693364296e-06, 8.02231897978e-06, 8.18454918772e-06, 1.06871129901e-05, 1.48653098222e-05, 9.51037327468e-06, 5.95779874857e-06, 6.32905585007e-06, 6.86873408995e-06, 4.87930992676e-06]
    },
    "melbands128": {
        "max": [0.0056152837351, 0.0129637978971, 0.0279747638851, 0.0241536013782, 0.0155986454338, 0.0287655498832, 0.0304144341499, 0.00821397453547, 0.00770208565518, 0.0110788112506, 0.0108101963997, 0.0133546926081, 0.019421774894, 0.00905706826597, 0.00891632307321, 0.0122990813106, 0.0119055490941, 0.00996901467443, 0.00598641298711, 0.00508618354797, 0.00930103100836, 0.012114780955, 0.0153436474502, 0.0175762809813, 0.011423042044, 0.0140079306439, 0.0257696472108, 0.0253480896354, 0.0228802263737, 0.0181858856231, 0.00859257113189, 0.00985530018806, 0.00771727832034, 0.00951444543898, 0.0117525812238, 0.0140830054879, 0.0114863486961, 0.0105116842315, 0.0117809465155, 0.0135347694159, 0.0106193674728, 0.00976345129311, 0.0154620716348, 0.0140650402755, 0.00312863360159, 0.00213591731153, 0.00329564372078, 0.00246883253567, 0.00228808890097, 0.00177220755722, 0.00127536279615, 0.00145413691644, 0.00108655798249, 0.000670223555062, 0.000576074118726, 0.00171752797905, 0.0022497032769, 0.000810109020676, 0.000805088318884, 0.000753119005822, 0.000983148231171, 0.000373759627109, 0.000274542282568, 0.000184867996722, 0.000116950599477, 0.000265138194663, 0.000121119068353, 0.000170223225723, 0.000204586875043, 0.00042711707647, 0.000307438400341, 0.000245338946115, 0.000109238339064, 7.72972634877e-05, 0.000110031774966, 0.000207953547942, 0.000165856064996, 0.000143099736306, 0.000103990751086, 0.000123711361084, 0.000101794292277, 0.000100960212876, 7.38319286029e-05, 7.81533090048e-05, 0.000113516427518, 0.000106485298602, 0.000165235309396, 0.000218540415517, 0.000125032194774, 0.000177733250894, 0.000114298571134, 0.000130106243887, 9.77569870884e-05, 6.01677675149e-05, 7.29647363187e-05, 0.000105904589873, 0.000125459671835, 7.67529854784e-05, 9.54326678766e-05, 0.00014243570331, 9.58769378485e-05, 6.47636843496e-05, 9.03038817341e-05, 6.14703676547e-05, 4.69832702947e-05, 3.43818464899e-05, 4.94438208989e-05, 0.000126435697894, 2.92387958325e-05, 2.88526116492e-05, 2.02817609534e-05, 2.15089476114e-05, 1.87571058632e-05, 1.49594507093e-05, 1.63538352353e-05, 9.00574741536e-06, 7.4370668699e-06, 4.3784166337e-06, 5.49408605366e-06, 2.47898287853e-06, 3.32111062562e-06, 4.19577327193e-06, 3.12335191666e-06, 1.8041977512e-07, 8.05179034558e-09, 7.84050779856e-09, 7.72886288303e-09, 7.6597821419e-09],
        "mean": [0.000104501334135, 0.000327868998284, 0.000809609598946, 0.000903673120774, 0.000694982823916, 0.000477057357784, 0.000315905112075, 0.000232244768995, 0.0003606917453, 0.000416850496549, 0.000297838792903, 0.000444117322331, 0.00051589787472, 0.000333007745212, 0.000330916082021, 0.000283918285277, 0.00027231083368, 0.000188842677744, 0.000120900971524, 0.000175411856617, 0.000370632624254, 0.00043749899487, 0.000372167327441, 0.000443690223619, 0.000445284385933, 0.000543895235751, 0.000531677156687, 0.000947461463511, 0.000971564499196, 0.000454816356068, 0.000194762265892, 0.000175730121555, 0.000153603643412, 0.00019205037097, 0.000209096644539, 0.000211114806007, 0.000223453171202, 0.000249625125434, 0.000219062829274, 0.000186781413504, 0.000159422168508, 0.000148079532664, 0.000224693329073, 0.00019551301375, 0.000112391280709, 8.11993595562e-05, 6.65486295475e-05, 5.60799890081e-05, 4.98540903209e-05, 4.86578865093e-05, 4.43075696239e-05, 3.43780266121e-05, 3.33544230671e-05, 2.52292265941e-05, 2.59728512901e-05, 3.77509786631e-05, 3.71557725884e-05, 2.64352165686e-05, 2.44467664743e-05, 2.6804913432e-05, 2.49602635449e-05, 1.38838122439e-05, 1.25500937429e-05, 1.07108116936e-05, 1.1163574527e-05, 9.6201974884e-06, 1.08086142063e-05, 1.03876236608e-05, 1.05535409602e-05, 9.42905990087e-06, 9.74486374616e-06, 8.92913976713e-06, 7.23811854186e-06, 7.41093663237e-06, 7.90218200564e-06, 9.26053962758e-06, 8.92438765732e-06, 8.73181215866e-06, 7.96504718892e-06, 7.38002563594e-06, 6.77950583849e-06, 6.12134908806e-06, 5.87618433201e-06, 6.35955166217e-06, 6.71996758683e-06, 6.45572663416e-06, 7.91663569544e-06, 1.06763300209e-05, 9.48435808823e-06, 9.9063890957e-06, 8.18679109216e-06, 5.39977554581e-06, 5.17086164109e-06, 4.37099970441e-06, 4.46050444225e-06, 4.59107877759e-06, 4.12844156017e-06, 5.08407310917e-06, 4.6515115173e-06, 4.55522922493e-06, 4.15390786657e-06, 3.05800767819e-06, 2.7671621865e-06, 2.84233396997e-06, 2.69952397502e-06, 2.71609678748e-06, 3.45149646819e-06, 3.96203358832e-06, 2.23301708502e-06, 1.92766538021e-06, 1.68412498169e-06, 1.2342387663e-06, 8.69592895469e-07, 6.52287440062e-07, 4.81470181057e-07, 3.85084604204e-07, 2.35239454582e-07, 1.79951726409e-07, 1.35269218049e-07, 8.46282546263e-08, 3.42734125525e-08, 1.39660993881e-08, 6.48098774647e-09, 2.51725001954e-10, 1.07169741831e-11, 1.01684121193e-11, 9.86263241215e-12, 9.75155806798e-12],
        "min": [4.03735356258e-09, 2.7348334708e-09, 2.33631496371e-08, 1.11482343357e-07, 4.00907964604e-08, 1.82055543974e-07, 1.25736832501e-07, 6.92472923447e-08, 2.07389305729e-07, 9.422841174e-08, 1.61843487945e-07, 1.6252442947e-07, 6.4299840119e-08, 5.31266664439e-07, 5.77150558456e-07, 3.81702989216e-07, 1.46409462332e-07, 6.98692304013e-08, 8.12437122022e-08, 3.35281640673e-07, 1.53326510599e-07, 2.53906989656e-07, 2.33921184645e-07, 1.09022820993e-07, 6.54579991988e-07, 3.98593158479e-07, 1.6687772586e-07, 1.65732586765e-07, 3.70722091247e-07, 4.39523489604e-07, 1.60647985581e-07, 9.42981799312e-08, 9.26160339532e-08, 5.41993813385e-07, 8.86188189497e-08, 1.89068813938e-07, 1.79277861889e-07, 5.07558439722e-08, 1.17110182885e-07, 2.59705302597e-07, 3.62999884373e-07, 1.66428819171e-07, 1.27930675831e-07, 1.01909861883e-07, 1.65895670534e-07, 1.45394238871e-07, 1.82156682627e-07, 1.3834461754e-07, 3.21682307458e-08, 1.87115617223e-07, 4.07248336387e-07, 2.53756638813e-07, 1.32116980467e-07, 1.19687129541e-07, 2.07584818668e-07, 2.85538135358e-08, 1.71721751485e-07, 1.24303724647e-07, 1.04707503112e-07, 1.68175546378e-07, 1.80873755085e-07, 3.6132021819e-08, 2.52340033313e-08, 4.35338272098e-08, 2.02096028801e-08, 2.8594410395e-08, 3.93804029386e-08, 3.93745551719e-08, 4.22692707502e-08, 4.69534100489e-08, 1.17624537666e-07, 5.40152456097e-08, 4.61733797863e-08, 2.62797446027e-08, 5.12229476612e-08, 4.49384067736e-08, 5.14544353791e-08, 4.40378293831e-08, 3.2892987889e-08, 1.84784720858e-08, 1.0533832473e-08, 1.40480098665e-08, 1.47016310237e-08, 2.02708143604e-08, 1.06397930466e-08, 1.53081511911e-08, 3.46656960915e-08, 7.30049176667e-09, 7.01231117617e-09, 1.01903365746e-08, 4.81093742621e-09, 4.50071313551e-09, 5.05744424117e-09, 4.80751038978e-09, 4.06016553711e-09, 7.75593189672e-09, 1.27086385859e-08, 1.00852517448e-08, 1.15316503013e-08, 8.70334293523e-09, 8.32720115085e-09, 9.3443794924e-09, 1.16282530271e-08, 4.54081350298e-09, 4.54223236801e-09, 5.70335778605e-09, 6.77435529894e-09, 4.63062832523e-09, 3.9056051726e-09, 3.08654346526e-09, 2.15811146731e-09, 1.32222921501e-09, 1.00528219082e-09, 3.04728658973e-10, 7.26223303715e-10, 4.19679235808e-10, 8.3510080795e-11, 1.0666923074e-12, 4.35129498622e-13, 4.41993934942e-13, 3.80291609835e-13, 4.41524475401e-13, 3.61998815255e-13, 3.63930755106e-13, 2.66465452134e-13, 9.92793900475e-14, 1.29684301763e-14, 3.9075649501e-16],
        "stdev": [0.000362410151865, 0.00104781740811, 0.00258939596824, 0.00251794024371, 0.00157216144726, 0.00152667507064, 0.00109760079067, 0.000402441277402, 0.000706647871993, 0.000932446797378, 0.000595044228248, 0.000767219637055, 0.000952473550569, 0.000640589918476, 0.000777485081926, 0.000616937293671, 0.000559620733839, 0.00043941027252, 0.000315354758641, 0.000375045259716, 0.000857554841787, 0.00103578099515, 0.000963726080954, 0.00134017504752, 0.00118059001397, 0.0016046767123, 0.00164170737844, 0.00247814739123, 0.00217993371189, 0.00124652625527, 0.000636097975075, 0.000721752119716, 0.000603990105446, 0.000715433794539, 0.00085619307356, 0.00094384123804, 0.000722255092114, 0.000818068452645, 0.000921921920963, 0.000849470612593, 0.000663764541969, 0.000652812945191, 0.00105627102312, 0.000809264776763, 0.000229518700507, 0.000170044862898, 0.000212398619624, 0.00014852899767, 0.000146258171299, 0.000130921631353, 9.33940173127e-05, 7.73670908529e-05, 7.83607465564e-05, 5.35660001333e-05, 4.64473523607e-05, 8.9804379968e-05, 0.000111413603008, 5.64958354516e-05, 5.42746092833e-05, 5.7299152104e-05, 5.8918063587e-05, 2.15447416849e-05, 1.84191485459e-05, 1.49013530972e-05, 1.45860340126e-05, 1.55568595801e-05, 1.39118756124e-05, 1.34782258101e-05, 1.44767573147e-05, 1.68978222064e-05, 2.03024064831e-05, 1.61882890097e-05, 1.1517884559e-05, 9.61522255238e-06, 1.02232670542e-05, 1.43612160173e-05, 1.28582232719e-05, 1.45255926327e-05, 1.15742923299e-05, 1.05689223346e-05, 9.62907506619e-06, 8.68936422194e-06, 8.22512993182e-06, 9.19980902836e-06, 1.02734047687e-05, 9.31924569159e-06, 1.22843057397e-05, 1.97237040993e-05, 1.4545033082e-05, 1.74416618393e-05, 1.26754439407e-05, 8.83426673681e-06, 8.29429063742e-06, 6.41045744487e-06, 5.99732538831e-06, 6.7673936428e-06, 6.7373366619e-06, 8.17058389657e-06, 7.40052610126e-06, 8.38334926812e-06, 6.63637683829e-06, 4.62867501483e-06, 4.48621631222e-06, 4.19483012593e-06, 3.83071437682e-06, 3.60892840945e-06, 5.43296391697e-06, 7.62115178077e-06, 3.29663589582e-06, 3.06937408823e-06, 2.52665881817e-06, 2.04572233997e-06, 1.40753923006e-06, 1.10716371182e-06, 9.14222425763e-07, 6.91179366186e-07, 4.97724158777e-07, 4.00819686774e-07, 3.21670768244e-07, 1.9869554535e-07, 1.27761055069e-07, 1.27522341131e-07, 9.06588013549e-08, 5.18776754888e-09, 2.1540451367e-10, 2.09736783496e-10, 2.06734837582e-10, 2.04875658105e-10]
    },
    "mfcc": {
        "mean": [-594.250366211, 83.4247894287, -1.87934577465, -5.69339370728, -4.01349401474, 0.305941194296, -3.12337803841, 2.02407383919, -1.16209506989, 1.17800319195, -1.6579426527, -3.20331287384, -5.88330554962],
        "cov": [[1684.86962891, -160.19694519, 108.859741211, 86.4113845825, 79.0060348511, 242.245193481, 42.5701293945, 56.3209266663, 12.7311067581, 20.2920913696, 21.4653339386, 1.97884953022, -66.0184326172], [-160.19694519, 659.739990234, 6.42117977142, 17.0838565826, 35.233669281, -30.3777866364, 75.8604660034, 47.8270759583, 35.8133888245, 13.0186386108, 55.5234718323, 17.1140785217, -33.2510108948], [108.859741211, 6.42117977142, 455.989471436, 130.379211426, 75.2145004272, 58.1577911377, 31.1265716553, 9.48917102814, 20.8117465973, 37.9605979919, 46.5875816345, 21.3599376678, 15.132891655], [86.4113845825, 17.0838565826, 130.379211426, 251.473419189, 90.5224304199, 13.9425153732, -63.1614570618, -18.0017547607, 48.363193512, 28.1204681396, 9.19440841675, 34.801158905, 31.6819782257], [79.0060348511, 35.233669281, 75.2145004272, 90.5224304199, 184.629379272, 54.9324150085, -13.2540960312, -15.6596441269, 25.2810497284, 10.4920377731, 17.0988788605, 19.4365158081, 7.19177675247], [242.245193481, -30.3777866364, 58.1577911377, 13.9425153732, 54.9324150085, 198.806716919, 126.951049805, 54.4462623596, -2.97470593452, 12.2884531021, 27.4371242523, 26.2943248749, 13.2819976807], [42.5701293945, 75.8604660034, 31.1265716553, -63.1614570618, -13.2540960312, 126.951049805, 265.945007324, 133.42288208, 3.44853591919, -0.518326163292, 22.2201366425, 5.47338676453, 16.9431018829], [56.3209266663, 47.8270759583, 9.48917102814, -18.0017547607, -15.6596441269, 54.4462623596, 133.42288208, 161.062301636, 37.5869750977, 4.73936700821, -7.1360616684, -11.9121904373, 11.6686658859], [12.7311067581, 35.8133888245, 20.8117465973, 48.363193512, 25.2810497284, -2.97470593452, 3.44853591919, 37.5869750977, 133.777267456, 40.0402374268, -11.6158657074, -3.83807516098, 15.5632963181], [20.2920913696, 13.0186386108, 37.9605979919, 28.1204681396, 10.4920377731, 12.2884531021, -0.518326163292, 4.73936700821, 40.0402374268, 102.854263306, 50.9996299744, -1.63247692585, -8.78364562988], [21.4653339386, 55.5234718323, 46.5875816345, 9.19440841675, 17.0988788605, 27.4371242523, 22.2201366425, -7.1360616684, -11.6158657074, 50.9996299744, 116.534843445, 49.2570495605, -15.2899446487], [1.97884953022, 17.1140785217, 21.3599376678, 34.801158905, 19.4365158081, 26.2943248749, 5.47338676453, -11.9121904373, -3.83807516098, -1.63247692585, 49.2570495605, 109.034095764, 52.75157547], [-66.0184326172, -33.2510108948, 15.132891655, 31.6819782257, 7.19177675247, 13.2819976807, 16.9431018829, 11.6686658859, 15.5632963181, -8.78364562988, -15.2899446487, 52.75157547, 113.27406311]],
        "icov": [[0.00083152850857, 0.000151249027112, -6.16585020907e-05, -0.000194573527551, 0.000110518318252, -0.00128258729819, 0.000557860534173, -0.000417413946707, -0.000116601477202, 0.000124907994177, 8.93090182217e-05, -0.000187899626326, 0.000819884007797], [0.000151249027112, 0.00194720353466, 0.000147392609506, -0.000381599355023, -0.000604638247751, 0.0011152025545, -0.00110767513979, -0.00024227128597, -0.00052003946621, 0.000413471600041, -0.000847885676194, -0.000490648613777, 0.00106260401662], [-6.16585020907e-05, 0.000147392609506, 0.00285560800694, -0.00151555123739, -0.000419407879235, 5.16120110206e-07, -0.000766308046877, 0.000245520466706, 8.84445253178e-05, -8.96474375622e-05, -0.00117420440074, 0.000749006925616, -0.000360790028935], [-0.000194573527551, -0.000381599355023, -0.00151555123739, 0.00681539718062, -0.0019869916141, -0.000495771761052, 0.00246848422103, -0.000739571230952, -0.00107721670065, -0.00114632281475, 0.00108394050039, -0.00155433360487, -0.00110864429735], [0.000110518318252, -0.000604638247751, -0.000419407879235, -0.0019869916141, 0.00794490333647, -0.00332030886784, 0.00125141371973, 0.00111613387708, -0.00145560572855, 0.00137540267315, -0.00103078619577, 0.000732429674827, -9.21356622712e-05], [-0.00128258729819, 0.0011152025545, 5.16120110206e-07, -0.000495771761052, -0.00332030886784, 0.0120143750682, -0.006474126596, 0.000616142235231, 0.00136490236036, -0.00172515073791, 0.000537137093488, -0.00223167520016, 0.000215886655496], [0.000557860534173, -0.00110767513979, -0.000766308046877, 0.00246848422103, 0.00125141371973, -0.006474126596, 0.0114332009107, -0.00667171133682, 0.000286716647679, 0.00149742490612, -0.00220615533181, 0.00148189265747, -0.00184243672993], [-0.000417413946707, -0.00024227128597, 0.000245520466706, -0.000739571230952, 0.00111613387708, 0.000616142235231, -0.00667171133682, 0.0126814460382, -0.00312965014018, 0.000237558124354, 0.000724429031834, 0.00154205050785, -0.000763799005654], [-0.000116601477202, -0.00052003946621, 8.84445253178e-05, -0.00107721670065, -0.00145560572855, 0.00136490236036, 0.000286716647679, -0.00312965014018, 0.01142708119, -0.00618508085608, 0.00433818995953, -0.00141144171357, -0.000526008894667], [0.000124907994177, 0.000413471600041, -8.96474375622e-05, -0.00114632281475, 0.00137540267315, -0.00172515073791, 0.00149742490612, 0.000237558124354, -0.00618508085608, 0.018377572298, -0.0120909065008, 0.00704312650487, -0.0022438953165], [8.93090182217e-05, -0.000847885676194, -0.00117420440074, 0.00108394050039, -0.00103078619577, 0.000537137093488, -0.00220615533181, 0.000724429031834, 0.00433818995953, -0.0120909065008, 0.0223238654435, -0.0135903097689, 0.00772337242961], [-0.000187899626326, -0.000490648613777, 0.000749006925616, -0.00155433360487, 0.000732429674827, -0.00223167520016, 0.00148189265747, 0.00154205050785, -0.00141144171357, 0.00704312650487, -0.0135903097689, 0.0217744149268, -0.0113188875839], [0.000819884007797, 0.00106260401662, -0.000360790028935, -0.00110864429735, -9.21356622712e-05, 0.000215886655496, -0.00184243672993, -0.000763799005654, -0.000526008894667, -0.0022438953165, 0.00772337242961, -0.0113188875839, 0.0165229719132]]
    },
    "spectral_contrast_coeffs": {
        "max": [-0.419774711132, -0.504645109177, -0.470511674881, -0.56749022007, -0.597584247589, -0.693753123283],
        "mean": [-0.706218838692, -0.742770552635, -0.711584210396, -0.762584388256, -0.785066604614, -0.781290054321],
        "min": [-0.938355267048, -0.922688007355, -0.879048168659, -0.886751592159, -0.870051860809, -0.865635871887],
        "stdev": [0.0822875723243, 0.0741695016623, 0.0851533710957, 0.0587343536317, 0.0369667895138, 0.0298575703055]
    },
    "spectral_contrast_valleys": {
        "max": [-5.13439941406, -5.02095317841, -5.0532374382, -5.49120140076, -5.85281610489, -7.5274066925],
        "mean": [-7.07951641083, -6.52835607529, -6.94347667694, -7.19035100937, -7.17492961884, -9.0791053772],
        "min": [-9.99271202087, -9.01784515381, -9.02039241791, -8.86545562744, -8.91953754425, -11.7001276016],
        "stdev": [0.829564511776, 0.518071889877, 0.553703844547, 0.504340589046, 0.488410800695, 0.601827383041]
    }
},
"rhythm": {
    "beats_count": 48,
    "beats_loudness": {
        "max": 0.0896542742848,
        "mean": 0.0393802784383,
        "min": 0.0106044262648,
        "stdev": 0.0130454273894
    },
    "bpm": 89.6705245972,
    "bpm_histogram_first_peak_bpm": 89,
    "bpm_histogram_first_peak_weight": 0.510638296604,
    "bpm_histogram_second_peak_bpm": 0,
    "bpm_histogram_second_peak_spread": 0,
    "bpm_histogram_second_peak_weight": 0,
    "danceability": 0.981236100197,
    "onset_rate": 3.62988257408,
    "beats_loudness_band_ratio": {
        "max": [0.57070928812, 0.538038313389, 0.818481266499, 0.760883390903, 0.363356947899, 0.46835565567],
        "mean": [0.11915691942, 0.15177102387, 0.254847437143, 0.248988822103, 0.119374893606, 0.162884250283],
        "min": [0.00190641300287, 0.00483403122053, 0.010978131555, 0.0103480555117, 0.00963889900595, 0.0102655366063],
        "stdev": [0.113792672753, 0.113193571568, 0.169071257114, 0.193126693368, 0.0764253810048, 0.109938167036]
    },
    "beats_position": [0.696598649025, 1.38158726692, 2.06657600403, 2.76317453384, 3.45977306366, 4.1679816246, 4.87619018555, 5.54956912994, 6.2229475975, 6.8963265419, 7.56970500946, 8.23147392273, 8.893242836, 9.56662082672, 10.2399997711, 10.9017686844, 11.5635375977, 12.2253055573, 12.8870744705, 13.5604534149, 14.2338323593, 14.90721035, 15.5689792633, 16.242357254, 16.904127121, 17.5542850494, 18.2276649475, 18.9010429382, 19.574420929, 20.2361907959, 20.8979587555, 21.5597267151, 22.221496582, 22.8832645416, 23.5450344086, 24.2184123993, 24.8801803589, 25.553560257, 26.2153282166, 26.8887062073, 27.5620861053, 28.2354640961, 28.8856239319, 29.5590019226, 30.2323799133, 30.8941497803, 31.5559177399, 32.2292976379],
