{
"metadata": {
    "version": {
        "essentia": "2.1-beta5",
        "essentia_git_sha": "Undefined",
        "extractor": "music 2.0"
    },
    "audio_properties": {
        "analysis": {
            "equal_loudness": 0,
            "length": 32.4963264465,
            "sample_rate": 44100,
            "start_time": 12.7477550507,
            "downmix": "mix"
        },
        "bit_rate": 192000,
        "length": 167.926727295,
        "lossless": 0,
        "number_channels": 2,
        "replay_gain": -0.855310440063,
        "sample_rate": 48000,
        "codec": "mp3",
        "md5_encoded": "1a76bc4005d96c296cd4e24a884318dd"
    },
    "tags": {
        "file_name": "Lithuania_We Are The Winners_LT United.mp3",
        "encoding": ["Lavf58.29.100"]
    }
},
"lowlevel": {
    "average_loudness": 0.972064256668,
    "barkbands_crest": {
        "max": 25.4485569,
        "mean": 9.99738311768,
        "min": 2.13529038429,
        "stdev": 4.24582004547
    },
    "barkbands_flatness_db": {
        "max": 0.328130453825,
        "mean": 0.0968745872378,
        "min": 0.0125820729882,
        "stdev": 0.0415979996324
    },
    "barkbands_kurtosis": {
        "max": 104.554786682,
        "mean": 3.0963242054,
        "min": -1.94112694263,
        "stdev": 8.10041332245
    },
    "barkbands_skewness": {
        "max": 9.67771911621,
        "mean": 1.36276698112,
        "min": -3.46775436401,
        "stdev": 1.17350959778
    },
    "barkbands_spread": {
        "max": 109.981552124,
        "mean": 40.6642417908,
        "min": 1.47741043568,
        "stdev": 23.0642280579
    },
    "dissonance": {
        "max": 0.4999525249,
        "mean": 0.465585678816,
        "min": 0.320267885923,
        "stdev": 0.0294929966331
    },
    "dynamic_complexity": 2.52444052696,
    "erbbands_crest": {
        "max": 29.4527397156,
        "mean": 10.0223083496,
        "min": 2.00247001648,
        "stdev": 6.20925664902
    },
    "erbbands_flatness_db": {
        "max": 0.258827477694,
        "mean": 0.112407967448,
        "min": 0.034539077431,
        "stdev": 0.0456825271249
    },
    "erbbands_kurtosis": {
        "max": 32.7018661499,
        "mean": 1.05409288406,
        "min": -1.7699701786,
        "stdev": 3.4028544426
    },
    "erbbands_skewness": {
        "max": 4.77027606964,
        "mean": 0.400342404842,
        "min": -3.86370992661,
        "stdev": 1.10394155979
    },
    "erbbands_spread": {
        "max": 156.972640991,
        "mean": 53.8563461304,
        "min": 5.37389993668,
        "stdev": 27.0878429413
    },
    "hfc": {
        "max": 393.445007324,
        "mean": 47.1518783569,
        "min": 0.0694722533226,
        "stdev": 40.2854537964
    },
    "loudness_ebu128": {
        "integrated": -21.8376693726,
        "loudness_range": 2.32719612122,
        "momentary": {
            "max": -19.4078388214,
            "mean": -22.1049880981,
            "min": -30.1053638458,
            "stdev": 1.6429027319
        },
        "short_term": {
            "max": -20.5162715912,
            "mean": -21.8744564056,
            "min": -24.2333278656,
            "stdev": 0.829932689667
        }
    },
    "melbands_crest": {
        "max": 33.8207130432,
        "mean": 14.2810049057,
        "min": 2.74706816673,
        "stdev": 4.73903799057
    },
    "melbands_flatness_db": {
        "max": 0.431495010853,
        "mean": 0.166885271668,
        "min": 0.0198176186532,
        "stdev": 0.0537276826799
    },
    "melbands_kurtosis": {
        "max": 217.919052124,
        "mean": 16.4177703857,
        "min": -1.80608153343,
        "stdev": 22.7379646301
    },
    "melbands_skewness": {
        "max": 13.0932455063,
        "mean": 2.89935159683,
        "min": -0.854886412621,
        "stdev": 1.95201361179
    },
    "melbands_spread": {
        "max": 248.975021362,
        "mean": 33.1628646851,
        "min": 1.09661328793,
        "stdev": 25.5895214081
    },
    "pitch_salience": {
        "max": 0.851634204388,
        "mean": 0.53970593214,
        "min": 0.0528005771339,
        "stdev": 0.1162558496
    },
    "silence_rate_20dB": {
        "max": 1,
        "mean": 1,
        "min": 1,
        "stdev": 0
    },
    "silence_rate_30dB": {
        "max": 1,
        "mean": 1,
        "min": 1,
        "stdev": 0
    },
    "silence_rate_60dB": {
        "max": 1,
        "mean": 0.0199857242405,
        "min": 0,
        "stdev": 0.139948382974
    },
    "spectral_centroid": {
        "max": 5103.65576172,
        "mean": 1729.68469238,
        "min": 204.928909302,
        "stdev": 735.105041504
    },
    "spectral_complexity": {
        "max": 51,
        "mean": 18.870092392,
        "min": 0,
        "stdev": 9.95866584778
    },
    "spectral_decrease": {
        "max": -2.01686323892e-11,
        "mean": -7.43805683712e-09,
        "min": -2.13378275049e-08,
        "stdev": 4.10231137948e-09
    },
    "spectral_energy": {
        "max": 0.0878981649876,
        "mean": 0.0323498211801,
        "min": 8.24224625831e-05,
        "stdev": 0.0171209275723
    },
    "spectral_energyband_high": {
        "max": 0.0461796484888,
        "mean": 0.00356967514381,
        "min": 3.22508935824e-06,
        "stdev": 0.0045070964843
    },
    "spectral_energyband_low": {
        "max": 0.0518669374287,
        "mean": 0.0108278645203,
        "min": 7.6444066508e-06,
        "stdev": 0.00886531732976
    },
    "spectral_energyband_middle_high": {
        "max": 0.0636192932725,
        "mean": 0.00752361444756,
        "min": 1.23974323287e-05,
        "stdev": 0.00947507563978
    },
    "spectral_energyband_middle_low": {
        "max": 0.0795381292701,
        "mean": 0.0111233750358,
        "min": 5.86280402786e-05,
        "stdev": 0.0104809049517
    },
    "spectral_entropy": {
        "max": 8.767370224,
        "mean": 7.98582410812,
        "min": 6.25167751312,
        "stdev": 0.356918007135
    },
    "spectral_flux": {
        "max": 0.312437623739,
        "mean": 0.105499148369,
        "min": 0.0148182278499,
        "stdev": 0.0420265831053
    },
    "spectral_kurtosis": {
        "max": 11.4862194061,
        "mean": 2.05438113213,
        "min": -1.37288570404,
        "stdev": 1.39965450764
    },
    "spectral_rms": {
        "max": 0.00926036201417,
        "mean": 0.00537829985842,
        "min": 0.000283570378087,
        "stdev": 0.00162316241767
    },
    "spectral_rolloff": {
        "max": 13242.9199219,
        "mean": 2827.50634766,
        "min": 64.599609375,
        "stdev": 2793.14111328
    },
    "spectral_skewness": {
        "max": 2.90793466568,
        "mean": 1.26078259945,
        "min": 0.0380422286689,
        "stdev": 0.354752480984
    },
    "spectral_spread": {
        "max": 19830466,
        "mean": 7476946,
        "min": 2931067,
        "stdev": 1759989.375
    },
    "spectral_strongpeak": {
        "max": 13.2531175613,
        "mean": 1.40351080894,
        "min": 0,
        "stdev": 1.84354507923
    },
    "zerocrossingrate": {
        "max": 0.34814453125,
        "mean": 0.111647374928,
        "min": 0.005859375,
        "stdev": 0.0561191961169
    },
    "barkbands": {
        "max": [0.0112066967413, 0.0431768521667, 0.0286597013474, 0.021435815841, 0.0286929272115, 0.0606504790485, 0.0318993963301, 0.0264371726662, 0.0649050027132, 0.0636082589626, 0.00675315316767, 0.0475777685642, 0.0135415457189, 0.0203938726336, 0.0166910812259, 0.0125273875892, 0.0106301847845, 0.00609186384827, 0.00474280677736, 0.00651250826195, 0.00360363186337, 0.0205797664821, 0.0115726636723, 0.0232735853642, 0.0288892928511, 0.00284995278344, 0.00107845186722],
        "mean": [0.000810932717286, 0.00612554140389, 0.00343220005743, 0.00127395254094, 0.00246467767283, 0.00183815974742, 0.000661402125843, 0.000843451241963, 0.00324503914453, 0.00334150902927, 0.000337813311489, 0.000987716484815, 0.000606535002589, 0.000501007889397, 0.000483808311401, 0.000407742918469, 0.000382673781132, 0.000376785756089, 0.000447021593573, 0.000390003260691, 0.000426990998676, 0.000574073754251, 0.00053719553398, 0.000726995931473, 0.000702500226907, 0.000313495082082, 0.000110568129458],
        "min": [3.2071209688e-08, 2.39590167439e-06, 1.30840874135e-06, 1.13122062828e-07, 7.09275354893e-07, 3.30449120156e-06, 1.94809763343e-06, 4.06021217714e-06, 9.28474946704e-06, 2.50706966654e-06, 2.10970415537e-06, 1.26353847918e-06, 1.54648171247e-06, 5.41163103662e-07, 6.73361796544e-07, 9.02599651909e-07, 7.44087685689e-07, 3.00689833921e-07, 1.40410134009e-06, 6.00834994202e-07, 7.30167812435e-07, 6.80641164763e-07, 3.81342601941e-07, 4.44398835953e-07, 2.07126092278e-07, 1.10208361548e-07, 1.72791048136e-09],
        "stdev": [0.00112898659427, 0.00671215122566, 0.00425923569128, 0.00157081556972, 0.00305101065896, 0.00483664870262, 0.00165502785239, 0.00256908172742, 0.00657229032367, 0.00804374273866, 0.000716804584954, 0.002862340305, 0.00131473084912, 0.0012714829063, 0.00129770999774, 0.00113806978334, 0.000899081933312, 0.000563021865673, 0.000565050228033, 0.000578991137445, 0.000497510598507, 0.00101369572803, 0.00076835625805, 0.00156684138346, 0.0014608144993, 0.000326568930177, 0.000165020843269]
    },
    "erbbands": {
        "max": [1.88518512249, 11.450510025, 26.7605838776, 39.244354248, 113.975135803, 132.5834198, 230.694259644, 726.028076172, 324.876251221, 1045.24511719, 721.398071289, 1048.11474609, 2142.765625, 2144.09228516, 684.18170166, 2286.38867188, 492.145935059, 1245.13220215, 569.932312012, 941.925170898, 822.684631348, 494.517028809, 214.05229187, 281.059631348, 258.977508545, 358.911346436, 205.674438477, 186.589157104, 623.356323242, 611.086669922, 298.57800293, 479.649963379, 461.574707031, 526.010742188, 67.2998046875, 10.7477197647, 7.09838867188, 1.04980039597, 0.216955915093, 0.00736083555967],
        "mean": [0.183127790689, 1.34470117092, 3.69408750534, 4.4642996788, 5.82933425903, 8.34290218353, 10.9567861557, 17.2127437592, 11.2785978317, 12.8514060974, 20.4566020966, 55.9089546204, 105.284675598, 87.5946502686, 25.5774421692, 35.66929245, 25.6103363037, 34.773223877, 16.8246574402, 24.2376613617, 26.2099533081, 22.257818222, 19.6512851715, 20.554145813, 24.4115447998, 18.533657074, 18.0436096191, 16.6482219696, 20.4848060608, 17.3133678436, 15.1047687531, 14.3781070709, 12.6992378235, 8.90187835693, 4.12945842743, 1.54831504822, 0.5665589571, 0.141626998782, 0.02178873308, 0.000720144947991],
        "min": [6.12151343375e-05, 0.000753870641347, 0.00130410480779, 0.00359541689977, 0.00239857775159, 0.00243923114613, 0.00569010758772, 0.0275764763355, 0.0614450387657, 0.0370981693268, 0.149132058024, 0.246427863836, 0.155665293336, 0.0974684879184, 0.0862622261047, 0.0398072600365, 0.0690741464496, 0.0537699833512, 0.0259419903159, 0.0450041331351, 0.0448356866837, 0.0390832051635, 0.0187672711909, 0.0624732598662, 0.0505915246904, 0.0275356918573, 0.0173518043011, 0.0404436104, 0.0242659617215, 0.0161498226225, 0.0126832509413, 0.00824336428195, 0.00780953327194, 0.00224765366875, 0.00173101678956, 0.000640744226985, 0.000218748653424, 2.00988906727e-05, 2.15116324398e-06, 5.23795051777e-07],
        "stdev": [0.210728898644, 1.58242201805, 4.03236627579, 4.64440345764, 7.06831359863, 12.7153749466, 20.9892749786, 50.2921142578, 25.141330719, 40.633682251, 58.1697731018, 110.069671631, 219.073165894, 247.706390381, 47.1903343201, 118.610610962, 47.9918212891, 86.7895202637, 32.0735015869, 69.5828704834, 74.7069396973, 46.4176139832, 27.1584682465, 26.9593410492, 32.2124061584, 28.1440963745, 22.6993618011, 20.9782047272, 33.6557693481, 28.9730567932, 21.9667282104, 32.2349777222, 27.8847465515, 24.2966117859, 5.70840883255, 1.53379154205, 0.633213877678, 0.178460299969, 0.0346384681761, 0.00109369226266]
    },
    "gfcc": {
        "mean": [53.2760238647, 35.5316886902, -80.0774078369, 29.0020236969, -57.41381073, 23.6237220764, -29.1331577301, 14.7419366837, -27.5971775055, 2.52378225327, -18.321346283, 2.28097844124, -11.6411790848],
        "cov": [[2895.65917969, -795.348815918, 142.807235718, -4.10029411316, 60.7023086548, 48.1497383118, 86.0403823853, 24.4703044891, -47.2897949219, -50.4676246643, -32.2990188599, 77.9610519409, -38.0250015259], [-795.348815918, 835.095336914, -152.201843262, -66.5382232666, -11.2768783569, 20.6934013367, 58.1047706604, 48.2200012207, 4.26742362976, -24.3828372955, 7.44139862061, -18.1084537506, -5.83435106277], [142.807235718, -152.201843262, 927.423461914, 229.451293945, 92.9615631104, -50.5439186096, 28.0255947113, -82.8884963989, -23.4672260284, 15.3195562363, -13.3223056793, -51.5551795959, -26.9542274475], [-4.10029411316, -66.5382232666, 229.451293945, 435.97177124, 2.32971262932, -41.3770065308, -84.6644287109, -18.6740665436, 50.3795585632, 62.2643432617, 10.3697023392, -33.6890830994, 32.1847343445], [60.7023086548, -11.2768783569, 92.9615631104, 2.32971262932, 314.904388428, 55.0875053406, 5.82231235504, 3.36594772339, 64.6427459717, -9.7218580246, -13.8428010941, 22.7349872589, -0.991303265095], [48.1497383118, 20.6934013367, -50.5439186096, -41.3770065308, 55.0875053406, 200.073318481, 121.238304138, 49.7001953125, -34.5439872742, -45.2466392517, 12.5805845261, 23.1544818878, -5.22316360474], [86.0403823853, 58.1047706604, 28.0255947113, -84.6644287109, 5.82231235504, 121.238304138, 287.252532959, 74.7953262329, -59.1801834106, -69.1755218506, 4.6367855072, 7.60102748871, -37.9071464539], [24.4703044891, 48.2200012207, -82.8884963989, -18.6740665436, 3.36594772339, 49.7001953125, 74.7953262329, 116.924293518, 21.5950756073, -7.43590354919, -5.54177188873, 6.16456460953, 2.4512321949], [-47.2897949219, 4.26742362976, -23.4672260284, 50.3795585632, 64.6427459717, -34.5439872742, -59.1801834106, 21.5950756073, 126.215080261, 58.5927772522, 11.722659111, 7.54558181763, 19.0328922272], [-50.4676246643, -24.3828372955, 15.3195562363, 62.2643432617, -9.7218580246, -45.2466392517, -69.1755218506, -7.43590354919, 58.5927772522, 127.11995697, 31.1498661041, -20.2238788605, 7.74068784714], [-32.2990188599, 7.44139862061, -13.3223056793, 10.3697023392, -13.8428010941, 12.5805845261, 4.6367855072, -5.54177188873, 11.722659111, 31.1498661041, 79.8392868042, 25.2553367615, 13.9055166245], [77.9610519409, -18.1084537506, -51.5551795959, -33.6890830994, 22.7349872589, 23.1544818878, 7.60102748871, 6.16456460953, 7.54558181763, -20.2238788605, 25.2553367615, 91.2660598755, 30.5488052368], [-38.0250015259, -5.83435106277, -26.9542274475, 32.1847343445, -0.991303265095, -5.22316360474, -37.9071464539, 2.4512321949, 19.0328922272, 7.74068784714, 13.9055166245, 30.5488052368, 80.6480255127]],
        "icov": [[0.000511754886247, 0.000493493513204, -9.1888505267e-06, -3.83010119549e-05, -7.74684813223e-05, 7.19036033843e-05, -0.000116532326501, -0.000282662775135, 0.000191668746993, 1.83118118002e-05, 0.000191337996512, -0.000514490588102, 0.000361628422979], [0.000493493513204, 0.00177688209806, 0.000190965234651, 5.53651734663e-05, -0.000128579413285, 0.000230451798416, -0.000318548933137, -0.000582052045502, -8.15887415229e-06, 0.000448817299912, -0.000299544306472, 0.000209668622119, 0.000215336534893], [-9.1888505267e-06, 0.000190965234651, 0.00163227529265, -0.000916549412068, -0.000760700844694, 0.00072980823461, -0.000954487361014, 0.0010953778401, 0.000661536992993, -0.000227157725021, 7.27539008949e-05, 0.000462342490209, 0.000154783439939], [-3.83010119549e-05, 5.53651734663e-05, -0.000916549412068, 0.00326375709847, 0.000428831117461, -0.000512529513799, 0.000843982328661, -0.000357810873538, -0.00107687921263, -0.000317221245496, -0.000405307393521, 0.0013011416886, -0.00138160819188], [-7.74684813223e-05, -0.000128579413285, -0.000760700844694, 0.000428831117461, 0.00480823544785, -0.00232655624859, 0.000259956810623, 0.00121261866298, -0.00410073017702, 0.000897771096788, 0.00154695881065, -0.00100539403502, 0.000518253538758], [7.19036033843e-05, 0.000230451798416, 0.00072980823461, -0.000512529513799, -0.00232655624859, 0.00860658381134, -0.00248273042962, -0.00227401196025, 0.00308999163099, 0.000674233480822, -0.00209324993193, -0.000451954430901, -0.0003318398376], [-0.000116532326501, -0.000318548933137, -0.000954487361014, 0.000843982328661, 0.000259956810623, -0.00248273042962, 0.00726960645989, -0.00432058982551, 0.00165745883714, 0.00206291838549, -0.00208460027352, 0.000165760691743, 0.00236433953978], [-0.000282662775135, -0.000582052045502, 0.0010953778401, -0.000357810873538, 0.00121261866298, -0.00227401196025, -0.00432058982551, 0.0143668865785, -0.00523332785815, -0.000654596893582, 0.00322268088348, 0.000209484816878, -0.0016034670407], [0.000191668746993, -8.15887415229e-06, 0.000661536992993, -0.00107687921263, -0.00410073017702, 0.00308999163099, 0.00165745883714, -0.00523332785815, 0.0160096809268, -0.00553333666176, -0.0008315158193, -0.00186544994358, -0.000568715506233], [1.83118118002e-05, 0.000448817299912, -0.000227157725021, -0.000317221245496, 0.000897771096788, 0.000674233480822, 0.00206291838549, -0.000654596893582, -0.00553333666176, 0.0143763143569, -0.00647285114974, 0.0045933900401, 0.000438148330431], [0.000191337996512, -0.000299544306472, 7.27539008949e-05, -0.000405307393521, 0.00154695881065, -0.00209324993193, -0.00208460027352, 0.00322268088348, -0.0008315158193, -0.00647285114974, 0.0184666514397, -0.00641172379255, -0.000877570419107], [-0.000514490588102, 0.000209668622119, 0.000462342490209, 0.0013011416886, -0.00100539403502, -0.000451954430901, 0.000165760691743, 0.000209484816878, -0.00186544994358, 0.0045933900401, -0.00641172379255, 0.0175002571195, -0.00608628708869], [0.000361628422979, 0.000215336534893, 0.000154783439939, -0.00138160819188, 0.000518253538758, -0.0003318398376, 0.00236433953978, -0.0016034670407, -0.000568715506233, 0.000438148330431, -0.000877570419107, -0.00608628708869, 0.016882583499]]
    },
    "melbands": {
        "max": [0.0128052569926, 0.0116365030408, 0.00838799402118, 0.00624380866066, 0.0072406088002, 0.0140045806766, 0.00417388090864, 0.0102212084457, 0.00567763950676, 0.00897330418229, 0.0110686309636, 0.00917745754123, 0.00133848562837, 0.00564638432115, 0.00369791337289, 0.00181026232895, 0.00209558219649, 0.000657011405565, 0.0014351537684, 0.00097290793201, 0.00121258292347, 0.000741085037589, 0.000258681015112, 0.00024035028764, 0.000239618035266, 0.000220385642024, 0.000238939464907, 0.000295170058962, 0.000122942539747, 0.000103597725683, 0.000121426208352, 0.000299966486637, 0.000491184997372, 0.000256644067122, 0.000135840426083, 0.000276124192169, 0.000402468402172, 0.000331638351781, 0.000501273083501, 0.000461816351162],
        "mean": [0.0017068637535, 0.00187392218504, 0.000826382776722, 0.000491177604999, 0.00039567812928, 0.000369063578546, 0.00017311515694, 0.00015238202468, 0.000161497227964, 0.000437687762314, 0.000542292546015, 0.000384123442927, 5.99316772423e-05, 0.000119653843285, 5.72106509935e-05, 6.97770665283e-05, 5.97215985181e-05, 2.06358272408e-05, 4.23815799877e-05, 2.15177133214e-05, 3.33893294737e-05, 2.2899819669e-05, 1.84560885828e-05, 1.83127722266e-05, 1.59581577464e-05, 1.82924450201e-05, 1.64071934705e-05, 1.09492448246e-05, 1.1799490494e-05, 8.98523558135e-06, 1.00420493254e-05, 1.18220359582e-05, 1.08086169348e-05, 9.1955625976e-06, 8.37040261104e-06, 8.84734527062e-06, 8.79892195371e-06, 9.21016544453e-06, 8.00427278591e-06, 7.44681210563e-06],
        "min": [5.12119299856e-07, 1.05899948721e-06, 5.33815637027e-07, 1.54722201273e-07, 1.86625555898e-07, 3.67552161151e-07, 7.47920807953e-07, 3.86556962439e-07, 1.35399602641e-06, 1.40728616316e-06, 7.22171307643e-07, 3.50959595607e-07, 3.48769390257e-07, 1.64075913744e-07, 6.6618277117e-08, 2.1370820491e-07, 7.71117143472e-08, 3.17708028774e-08, 5.92673004007e-08, 7.09292820034e-08, 4.86397659927e-08, 4.74226240499e-08, 1.84552853e-08, 1.33468924801e-08, 5.7410765919e-08, 4.4271661892e-08, 3.30776366297e-08, 1.42265434988e-08, 7.83607490007e-09, 1.57910520215e-08, 2.99336555543e-08, 1.352083423e-08, 1.18928467074e-08, 7.20446902136e-09, 8.54998649658e-09, 5.3014006518e-09, 4.0060075257e-09, 6.12322059723e-09, 2.23667684374e-09, 1.91066851229e-09],
        "stdev": [0.00181843840983, 0.00183479930274, 0.00078340282198, 0.000617725367192, 0.000691368069965, 0.00104747898877, 0.000368722074199, 0.000460609066067, 0.000469415128464, 0.000881117710378, 0.00110754731577, 0.00112687621731, 0.00011391195585, 0.000341428531101, 0.000179257855052, 0.000159152128617, 0.000152237422299, 4.01699435315e-05, 0.000122101570014, 5.85400484852e-05, 0.000102898593468, 5.64019137528e-05, 3.03045308101e-05, 2.79652485915e-05, 2.25349285756e-05, 2.50906268775e-05, 2.41938814725e-05, 1.90838363778e-05, 1.54724621098e-05, 1.13541427709e-05, 1.34501360662e-05, 1.86058587133e-05, 2.18083660002e-05, 1.43013176057e-05, 1.1747831195e-05, 1.65896617546e-05, 2.21965965466e-05, 1.92861061805e-05, 2.48473606916e-05, 1.987705582e-05]
    },
    "melbands128": {
        "max": [0.00767276156694, 0.0188168548048, 0.0183282922953, 0.0222585368901, 0.0140463709831, 0.0140395145863, 0.00813701562583, 0.0117261456326, 0.0150232324377, 0.0100221280009, 0.0100075155497, 0.0111924214289, 0.00856727454811, 0.0231240745634, 0.0244917217642, 0.020132381469, 0.0097079789266, 0.00314749078825, 0.00726936105639, 0.019214913249, 0.00977948028594, 0.0101184220985, 0.010198189877, 0.00711814174429, 0.0090670408681, 0.019106708467, 0.0213114731014, 0.0172587968409, 0.012456599623, 0.0181443467736, 0.0113863833249, 0.00159556989092, 0.00118708715308, 0.00215421337634, 0.00719389179721, 0.0109228380024, 0.0105364713818, 0.00409878185019, 0.00218275608495, 0.00269816024229, 0.00327530223876, 0.00629651034251, 0.00304012466222, 0.00100200274028, 0.000579390616622, 0.000966681633145, 0.00163009914104, 0.00320527376607, 0.00211279815994, 0.00270379800349, 0.000678369426169, 0.00150161306374, 0.00227236235514, 0.00150497455616, 0.00198318995535, 0.000783405266702, 0.000800064299256, 0.000659388373606, 0.000468149839435, 0.000342674611602, 0.000377096846933, 0.000637110497337, 0.000561597000342, 0.000342256913427, 0.000363034603652, 0.000427646446042, 0.000325573142618, 0.00032969750464, 0.000321982603054, 0.00037059452734, 0.000577661208808, 0.000369680725271, 0.000144009944052, 0.000187433819519, 0.000278939580312, 0.000161715099239, 0.000127505059936, 0.000230666177231, 0.0001136946521, 0.000318533770042, 0.000219681140152, 0.000342369050486, 0.000532497011591, 0.000493184139486, 0.000476727989735, 0.000421097822255, 0.000204399228096, 0.000110522545583, 0.000136695525725, 0.000203772317036, 0.000426842510933, 0.000301045103697, 0.000538291933481, 0.000795304425992, 0.000394609611249, 0.00025255914079, 0.000355814234354, 0.000428198516602, 0.000628868059721, 0.000703654368408, 0.000645112828352, 0.000483176234411, 0.000197930072318, 0.000124167403555, 0.000103005375422, 7.67774399719e-05, 5.88104230701e-05, 2.45446099143e-05, 1.85183125723e-05, 4.85590826429e-05, 5.80582163821e-05, 1.63135446201e-05, 4.04224338126e-05, 3.66978929378e-05, 3.27796442434e-05, 1.23193776744e-05, 7.84908206697e-06, 2.49074037129e-05, 1.1405278201e-05, 7.06795071892e-06, 1.2788519598e-05, 8.35888658912e-06, 5.33360571353e-06, 7.29367855001e-07, 5.87016657505e-10, 5.78179226718e-10, 5.75372249845e-10, 5.72733749316e-10],
        "mean": [0.000622400839347, 0.00146693910938, 0.00211667688563, 0.00226167356595, 0.00196764850989, 0.00166414538398, 0.000895843200851, 0.0006307613221, 0.000612118921708, 0.000425169506343, 0.000478655972984, 0.000468728598207, 0.000389625551179, 0.000266085437033, 0.000397634488763, 0.000471034873044, 0.000200338297873, 0.000108296044345, 0.000146177844726, 0.000125165548525, 0.000172294996446, 0.000192789797438, 0.000154816007125, 0.000130134430947, 0.000216640037252, 0.00057875784114, 0.000928256718908, 0.000370165304048, 0.000345142791048, 0.000741493247915, 0.000238153210375, 4.61691997771e-05, 3.50364207407e-05, 6.50559304631e-05, 0.000153468150529, 0.000131030988996, 8.27568073873e-05, 4.88913574372e-05, 4.69647748105e-05, 4.41675801994e-05, 6.31330476608e-05, 0.00013019364269, 6.77669522702e-05, 2.37394724536e-05, 1.67277376022e-05, 1.8621525669e-05, 2.34581857512e-05, 5.39626780665e-05, 4.70183767902e-05, 2.54507285717e-05, 1.29822847157e-05, 2.09536447073e-05, 4.11312248616e-05, 3.44776490238e-05, 2.52999197983e-05, 2.04060361284e-05, 2.38259326579e-05, 1.88841459021e-05, 1.79770522664e-05, 1.45737012645e-05, 1.95979082491e-05, 2.05228443519e-05, 1.37206880026e-05, 1.48871813508e-05, 1.90654845937e-05, 1.78078917088e-05, 1.84791133506e-05, 1.85364406207e-05, 1.600593896e-05, 1.34960855576e-05, 1.11436265797e-05, 9.56039821176e-06, 9.40436075325e-06, 1.50426221808e-05, 1.05988428913e-05, 8.26061568659e-06, 8.81727919477e-06, 8.52898938319e-06, 9.79118067335e-06, 1.1946430277e-05, 1.23168292703e-05, 1.05889757833e-05, 1.30208745759e-05, 1.0653667232e-05, 9.45214014791e-06, 9.53201379161e-06, 9.47564512899e-06, 7.95774212747e-06, 8.16526062408e-06, 7.99659392214e-06, 1.04659757199e-05, 8.01979786047e-06, 8.42931603984e-06, 9.12238556339e-06, 8.74007491802e-06, 8.91153467819e-06, 1.06097604657e-05, 7.60352486395e-06, 8.01738679002e-06, 8.24616563477e-06, 7.21345850252e-06, 8.44909573061e-06, 6.19517322775e-06, 4.8506631174e-06, 4.64310278403e-06, 3.79359289582e-06, 4.60669025415e-06, 2.18862192014e-06, 2.29483225667e-06, 2.17713886741e-06, 3.29464046445e-06, 1.74382489604e-06, 1.54473957537e-06, 1.41227076256e-06, 1.84577800155e-06, 9.7757003914e-07, 8.6750662831e-07, 1.23429128962e-06, 6.6405260668e-07, 5.02220871113e-07, 8.54152403917e-07, 5.30861370862e-07, 2.78227247463e-07, 7.97534127628e-09, 6.20221192113e-12, 5.65987968298e-12, 5.38220032778e-12, 5.30117226158e-12],
        "min": [1.19696119683e-09, 2.20426187525e-07, 2.97855734743e-07, 7.54708025852e-07, 3.14458588946e-07, 4.21015954544e-07, 2.64923272653e-07, 4.41463186007e-08, 5.58716521937e-08, 9.53635890255e-08, 9.31105930135e-08, 1.09950605065e-07, 7.90182852484e-08, 3.39490270562e-07, 4.71468055707e-08, 6.6838993007e-08, 2.96253546139e-07, 8.7764341572e-08, 9.88421291481e-08, 1.76975731847e-07, 2.91660398943e-07, 3.06810306938e-07, 2.66418084038e-07, 4.75583846082e-07, 5.77698870075e-07, 3.06720494336e-07, 6.69894504313e-08, 3.46347519553e-07, 1.05854894628e-07, 1.45522832895e-07, 3.45855113437e-07, 4.41488907654e-08, 4.41210410429e-08, 1.4747385535e-07, 9.12490634164e-08, 8.664535045e-08, 3.86023124577e-08, 7.77245787731e-08, 4.03853164244e-08, 5.35915027911e-08, 1.24862410189e-07, 1.21298072031e-07, 6.48062581377e-08, 1.71962657447e-08, 2.8160355825e-08, 1.39847324832e-08, 5.84131498726e-08, 5.09796223014e-08, 3.04713516641e-08, 6.03658065756e-08, 7.20426598377e-08, 5.71536808991e-08, 2.33217551937e-08, 3.84925797903e-08, 3.94005503779e-08, 5.83461989834e-08, 2.29407515207e-08, 2.28467662566e-08, 1.27585888521e-08, 1.9439964305e-08, 6.28919494261e-09, 1.81340364946e-08, 1.95762019928e-08, 7.20349646599e-08, 4.95222600705e-08, 1.66002607216e-08, 3.26124585115e-08, 3.51065345683e-08, 3.51552493782e-08, 3.3406262645e-08, 4.17511447637e-09, 1.26858719085e-08, 1.09996509678e-08, 3.14208015162e-09, 6.83118850375e-09, 2.49448088852e-08, 1.21466658953e-08, 1.50215195838e-09, 1.43971554678e-08, 2.84324830346e-08, 1.40564591078e-08, 7.69907160247e-09, 8.57987991765e-09, 1.13711298155e-08, 5.13054665419e-09, 4.85073092804e-09, 5.04408870228e-09, 2.87344859018e-09, 3.85362985966e-09, 6.19310602801e-09, 2.79030087924e-09, 5.20016474326e-09, 4.42896563868e-09, 3.5677851784e-09, 1.39442579705e-09, 2.11498440983e-09, 3.88926046924e-09, 2.99549784977e-09, 9.2466134749e-10, 9.33809474191e-10, 1.29316835018e-09, 2.20316964672e-09, 1.44963341331e-09, 2.6655169183e-09, 1.94055593816e-09, 1.80783299442e-09, 1.09290776429e-09, 5.93408933103e-10, 5.44168154981e-10, 6.91090185079e-10, 5.85839765588e-10, 4.82500817078e-10, 1.00219832433e-10, 2.43882219975e-10, 1.65242666772e-10, 1.57969914927e-10, 2.84758696657e-12, 4.98564254117e-12, 5.92352664315e-13, 7.90768329723e-13, 7.36231279934e-13, 4.69210770498e-13, 4.49793441425e-13, 4.88654906469e-13, 2.54449158141e-13, 1.03034910519e-13, 1.44665976789e-14, 1.01393358973e-15],
        "stdev": [0.000832423800603, 0.00187428237405, 0.002685922198, 0.00287925289012, 0.00218733400106, 0.00215234118514, 0.00104424520396, 0.000826980103739, 0.000857469218317, 0.000751272309572, 0.000871266471222, 0.000887664617039, 0.000820223242044, 0.000977812334895, 0.00136112479959, 0.00150917028077, 0.000635827309452, 0.000252774654655, 0.000464511453174, 0.000651651236694, 0.000639319303446, 0.000719477538951, 0.000694676011335, 0.000496447959449, 0.000698473653756, 0.00146935402881, 0.00245059467852, 0.00128259870689, 0.00113332504407, 0.00237920461223, 0.000875168363564, 0.000118076008221, 9.77180097834e-05, 0.000175892244442, 0.000412187830079, 0.00055039540166, 0.000453435757663, 0.000216270651435, 0.000131551831146, 0.000147303537233, 0.000202702125534, 0.000423356803367, 0.000216722357436, 6.96244387655e-05, 3.75284034817e-05, 5.80456726311e-05, 6.99419397279e-05, 0.000181664494448, 0.000171779232915, 0.000129471794935, 3.27354173351e-05, 7.95927116997e-05, 0.000147348357132, 0.000126324317534, 0.000118726478831, 5.47413110326e-05, 6.20595965302e-05, 4.29115716543e-05, 3.95365022996e-05, 2.85660280497e-05, 3.65025261999e-05, 4.79982008983e-05, 3.0192619306e-05, 2.63917136181e-05, 3.13192176691e-05, 3.4684977436e-05, 3.62234641216e-05, 3.29990325554e-05, 3.09357819788e-05, 2.92123040708e-05, 2.55150043813e-05, 2.3802909709e-05, 1.43047354868e-05, 2.28116805374e-05, 1.96403798327e-05, 1.39096182465e-05, 1.2341603906e-05, 1.51923386511e-05, 1.41229984365e-05, 1.99285095732e-05, 1.86451688933e-05, 1.968565266e-05, 2.63954152615e-05, 2.31827634707e-05, 2.20095498662e-05, 1.81986724783e-05, 1.44310197356e-05, 1.2184615116e-05, 1.29059699248e-05, 1.26626682686e-05, 1.95072589122e-05, 1.74156393768e-05, 2.22741964535e-05, 3.03233482555e-05, 2.15996333282e-05, 1.81131017598e-05, 2.34870258282e-05, 2.04387088161e-05, 2.70271521003e-05, 3.37355631927e-05, 2.72341694654e-05, 2.03649833566e-05, 1.159504518e-05, 8.53711298987e-06, 6.98585654391e-06, 5.61467368243e-06, 7.0328842412e-06, 2.42769010583e-06, 2.40987947109e-06, 2.70048371931e-06, 5.51197126697e-06, 1.95752045329e-06, 2.06679851544e-06, 2.02778187486e-06, 3.33505568051e-06, 1.21289326671e-06, 1.09444044938e-06, 2.48228479904e-06, 9.89308318822e-07, 8.0348809206e-07, 1.85115743534e-06, 1.00429815575e-06, 5.28558700807e-07, 2.79522360813e-08, 2.31010471169e-11, 2.27424138549e-11, 2.26262151376e-11, 2.25162648942e-11]
    },
    "mfcc": {
        "mean": [-605.600219727, 78.9513626099, 28.6891860962, 16.055606842, 4.21052837372, 7.5466504097, 10.0127944946, 8.92799568176, 3.18891596794, 2.76920390129, 2.68166303635, -4.23160791397, -4.04340314865],
        "cov": [[2803.09960938, -689.683898926, -123.433105469, -35.3857078552, -43.4176635742, -8.54286289215, 18.0776176453, 104.823547363, -21.7056674957, -22.2436294556, -14.5996084213, -9.03621006012, -55.3763008118], [-689.683898926, 746.535888672, -106.856575012, -110.369026184, -26.5566215515, -18.0164165497, 46.1804008484, 64.6557617188, 14.9332437515, -14.9515028, 65.3109741211, -28.5659656525, -12.5392827988], [-123.433105469, -106.856575012, 690.830200195, 244.030136108, 13.9001579285, 50.2110824585, 60.7267417908, -78.2140655518, -8.37761688232, -2.66396164894, -27.3320198059, 16.645116806, 25.6553287506], [-35.3857078552, -110.369026184, 244.030136108, 331.10848999, 99.5691604614, 21.8611698151, -54.6140060425, -83.1111297607, 26.8177967072, 35.2783355713, -38.8785057068, 28.7836856842, 56.8414459229], [-43.4176635742, -26.5566215515, 13.9001579285, 99.5691604614, 306.28692627, 54.9144096375, -89.2622375488, -43.2238121033, 33.7282371521, 12.686498642, -33.3654975891, 37.2075195312, 9.63953971863], [-8.54286289215, -18.0164165497, 50.2110824585, 21.8611698151, 54.9144096375, 115.661186218, 57.8367538452, 29.8224105835, 4.22674894333, 4.47015714645, 9.45853710175, 12.2952423096, -18.5931243896], [18.0776176453, 46.1804008484, 60.7267417908, -54.6140060425, -89.2622375488, 57.8367538452, 223.140060425, 122.402130127, 7.2618970871, -0.467741519213, 52.6521110535, -29.7668914795, -52.3845252991], [104.823547363, 64.6557617188, -78.2140655518, -83.1111297607, -43.2238121033, 29.8224105835, 122.402130127, 215.572494507, 29.5674972534, -22.2038555145, 25.6131229401, -2.25784993172, -63.1778793335], [-21.7056674957, 14.9332437515, -8.37761688232, 26.8177967072, 33.7282371521, 4.22674894333, 7.2618970871, 29.5674972534, 89.3852920532, 32.9390449524, 6.73533630371, 7.69426679611, 4.62688779831], [-22.2436294556, -14.9515028, -2.66396164894, 35.2783355713, 12.686498642, 4.47015714645, -0.467741519213, -22.2038555145, 32.9390449524, 94.7027664185, 14.3702497482, -7.36652612686, 11.0987434387], [-14.5996084213, 65.3109741211, -27.3320198059, -38.8785057068, -33.3654975891, 9.45853710175, 52.6521110535, 25.6131229401, 6.73533630371, 14.3702497482, 108.909690857, 9.29686450958, -14.1917629242], [-9.03621006012, -28.5659656525, 16.645116806, 28.7836856842, 37.2075195312, 12.2952423096, -29.7668914795, -2.25784993172, 7.69426679611, -7.36652612686, 9.29686450958, 95.2003555298, 33.8498153687], [-55.3763008118, -12.5392827988, 25.6553287506, 56.8414459229, 9.63953971863, -18.5931243896, -52.3845252991, -63.1778793335, 4.62688779831, 11.0987434387, -14.1917629242, 33.8498153687, 111.767669678]],
        "icov": [[0.000514190818649, 0.000552487035748, 9.77716990747e-05, -2.12211762118e-06, -1.39891635627e-05, 0.000139240117278, 9.62127596722e-05, -0.000431712163845, 0.000132764413138, 0.000113524860353, -0.000241726302193, 0.000225302545005, 5.11734606334e-06], [0.000552487035748, 0.00213657156564, 0.000121278615552, 0.000355977477739, -0.000266646791715, 0.000437132403022, 0.000106848536234, -0.000823414186016, -0.000135401278385, 0.0005330502172, -0.00124078278895, 0.000983868376352, -0.000517937354743], [9.77716990747e-05, 0.000121278615552, 0.00251032505184, -0.00189003522974, 0.000290155672701, -0.00020361544739, -0.00189066049643, 0.00140586867929, 4.88750374643e-05, 0.000899773323908, 0.000578086590394, -0.00062377168797, 0.000467629608465], [-2.12211762118e-06, 0.000355977477739, -0.00189003522974, 0.00565787311643, -0.00105705100577, -0.000402984180255, 0.000925194646697, 0.000176078057848, -0.0010831633117, -0.00143320206553, 0.000608840200584, -3.91318972106e-05, -0.00157107703853], [-1.39891635627e-05, -0.000266646791715, 0.000290155672701, -0.00105705100577, 0.00544404890388, -0.00368616427295, 0.00265374733135, 0.00046169036068, -0.00200494425371, 0.000269358133664, 0.000793269078713, -0.000984204001725, 0.00131120777223], [0.000139240117278, 0.000437132403022, -0.00020361544739, -0.000402984180255, -0.00368616427295, 0.0136767672375, -0.00522561045364, -0.000118674659461, 0.00172855576966, -0.000903339474462, 0.000162216398166, -0.00230704154819, 0.00118400191423], [9.62127596722e-05, 0.000106848536234, -0.00189066049643, 0.000925194646697, 0.00265374733135, -0.00522561045364, 0.0120115177706, -0.00561911938712, -4.12056215282e-05, -0.000861405977048, -0.0036264474038, 0.00368214258924, -0.00011003378313], [-0.000431712163845, -0.000823414186016, 0.00140586867929, 0.000176078057848, 0.00046169036068, -0.000118674659461, -0.00561911938712, 0.0106491157785, -0.00414664298296, 0.00262148003094, 0.00188898062333, -0.00323215615936, 0.00373788969591], [0.000132764413138, -0.000135401278385, 4.88750374643e-05, -0.0010831633117, -0.00200494425371, 0.00172855576966, -4.12056215282e-05, -0.00414664298296, 0.0158660598099, -0.00571236200631, -0.000401542842155, -0.000480116927065, -0.00130768562667], [0.000113524860353, 0.0005330502172, 0.000899773323908, -0.00143320206553, 0.000269358133664, -0.000903339474462, -0.000861405977048, 0.00262148003094, -0.00571236200631, 0.0144663210958, -0.00246960413642, 0.00231170863844, -0.00067078176653], [-0.000241726302193, -0.00124078278895, 0.000578086590394, 0.000608840200584, 0.000793269078713, 0.000162216398166, -0.0036264474038, 0.00188898062333, -0.000401542842155, -0.00246960413642, 0.0127250216901, -0.00412484304979, 0.00175222137477], [0.000225302545005, 0.000983868376352, -0.00062377168797, -3.91318972106e-05, -0.000984204001725, -0.00230704154819, 0.00368214258924, -0.00323215615936, -0.000480116927065, 0.00231170863844, -0.00412484304979, 0.0152250919491, -0.00535952346399], [5.11734606334e-06, -0.000517937354743, 0.000467629608465, -0.00157107703853, 0.00131120777223, 0.00118400191423, -0.00011003378313, 0.00373788969591, -0.00130768562667, -0.00067078176653, 0.00175222137477, -0.00535952346399, 0.0136948190629]]
    },
    "spectral_contrast_coeffs": {
        "max": [-0.464283883572, -0.493022888899, -0.44140625, -0.562693953514, -0.591942191124, -0.638107895851],
        "mean": [-0.735669255257, -0.772399783134, -0.738864660263, -0.795167565346, -0.78044873476, -0.780729591846],
        "min": [-0.901486873627, -0.933745503426, -0.907424688339, -0.913353681564, -0.875108122826, -0.872096717358],
        "stdev": [0.0631391704082, 0.0825128778815, 0.100465387106, 0.0643085390329, 0.0520152114332, 0.0293227285147]
    },
    "spectral_contrast_valleys": {
        "max": [-5.18493843079, -5.25569343567, -5.34121322632, -6.07547044754, -5.69520330429, -6.9096865654],
        "mean": [-6.44336700439, -6.77677583694, -7.26525497437, -7.60320901871, -7.301902771, -8.97872543335],
        "min": [-9.3262758255, -8.41246891022, -9.03851509094, -9.93729305267, -10.0564880371, -11.9795446396],
        "stdev": [0.693591654301, 0.517753601074, 0.587648510933, 0.578484833241, 0.657600998878, 0.797624230385]
    }
},
"rhythm": {
    "beats_count": 70,
    "beats_loudness": {
        "max": 0.0820402726531,
        "mean": 0.045857436955,
        "min": 0.0171122457832,
        "stdev": 0.0137939956039
    },
    "bpm": 130.287033081,
    "bpm_histogram_first_peak_bpm": 129,
    "bpm_histogram_first_peak_weight": 0.32835817337,
    "bpm_histogram_second_peak_bpm": 136,
    "bpm_histogram_second_peak_spread": 0,
    "bpm_histogram_second_peak_weight": 0.0289855077863,
    "danceability": 1.17706513405,
    "onset_rate": 3.38378882408,
    "beats_loudness_band_ratio": {
        "max": [0.973442316055, 0.556705355644, 0.683137953281, 0.603153824806, 0.125834748149, 0.537198066711],
        "mean": [0.484657406807, 0.10731536895, 0.150605559349, 0.113220721483, 0.0311063043773, 0.138210609555],
        "min": [0.0911239609122, 0.00422808993608, 0.00550823751837, 0.00348458415829, 0.00378831732087, 0.00104624172673],
        "stdev": [0.20115070045, 0.113636337221, 0.166067123413, 0.138625741005, 0.022631149739, 0.0817631706595]
    },
    "beats_position": [0.429569154978, 0.870748281479, 1.3235373497, 1.77632653713, 2.22911548615, 2.68190479279, 3.12308382988, 3.5758728981, 4.02866220474, 4.48145103455, 4.94585037231, 5.41024923325, 5.87464857101, 6.33904743195, 6.80344676971, 7.26784563065, 7.72063493729, 8.17342376709, 8.63782310486, 9.10222244263, 9.56662082672, 10.0310201645, 10.4954195023, 10.9482088089, 11.4009971619, 11.8653964996, 12.3297958374, 12.7941951752, 13.2585935593, 13.722992897, 14.1873922348, 14.6401815414, 15.0929698944, 15.5573692322, 16.0217685699, 16.4861679077, 16.9505672455, 17.4033565521, 17.8561439514, 18.3205432892, 18.784942627, 19.2493419647, 19.7137413025, 20.1781406403, 20.642539978, 21.1069393158, 21.5713367462, 22.0241260529, 22.4769153595, 22.9413146973, 23.405714035, 23.8701133728, 24.3229026794, 24.7873020172, 25.2400894165, 25.7044887543, 26.168888092, 26.6332874298, 27.0976867676, 27.5504760742, 28.014875412, 28.4676647186, 28.932062149, 29.3964614868, 29.8608608246, 30.3252601624, 30.7896595001, 31.2540588379, 31.7184581757, 32.171245575],
