{
"metadata": {
    "version": {
        "essentia": "2.1-beta5",
        "essentia_git_sha": "Undefined",
        "extractor": "music 2.0"
    },
    "audio_properties": {
        "analysis": {
            "equal_loudness": 0,
            "length": 21.0256690979,
            "sample_rate": 44100,
            "start_time": 175.240997314,
            "downmix": "mix"
        },
        "bit_rate": 192000,
        "length": 196.289901733,
        "lossless": 0,
        "number_channels": 2,
        "replay_gain": -10.4741573334,
        "sample_rate": 48000,
        "codec": "mp3",
        "md5_encoded": "46eaa8b2aff69364f1aab8455576eff1"
    },
    "tags": {
        "file_name": "Ukraine_Wild Dances_Ruslana.mp3",
        "encoding": ["Lavf58.29.100"]
    }
},
"lowlevel": {
    "average_loudness": 0.675546348095,
    "barkbands_crest": {
        "max": 21.490322113,
        "mean": 8.17309093475,
        "min": 2.06371450424,
        "stdev": 3.35633349419
    },
    "barkbands_flatness_db": {
        "max": 0.279929995537,
        "mean": 0.140135318041,
        "min": 0.0136593068019,
        "stdev": 0.0674013867974
    },
    "barkbands_kurtosis": {
        "max": 25.5713577271,
        "mean": 0.759411811829,
        "min": -1.5303081274,
        "stdev": 1.77126860619
    },
    "barkbands_skewness": {
        "max": 4.29230308533,
        "mean": 0.759233057499,
        "min": -2.02783465385,
        "stdev": 0.632413566113
    },
    "barkbands_spread": {
        "max": 71.6742248535,
        "mean": 18.0841464996,
        "min": 4.45555400848,
        "stdev": 11.5047531128
    },
    "dissonance": {
        "max": 0.500000059605,
        "mean": 0.482909411192,
        "min": 0.37352257967,
        "stdev": 0.0186515580863
    },
    "dynamic_complexity": 3.90224695206,
    "erbbands_crest": {
        "max": 30.4032402039,
        "mean": 9.33826732635,
        "min": 2.86279320717,
        "stdev": 4.91415500641
    },
    "erbbands_flatness_db": {
        "max": 0.35927015543,
        "mean": 0.219704672694,
        "min": 0.0651940405369,
        "stdev": 0.0808022543788
    },
    "erbbands_kurtosis": {
        "max": 10.6366472244,
        "mean": 0.690360784531,
        "min": -1.10302877426,
        "stdev": 1.42115354538
    },
    "erbbands_skewness": {
        "max": 2.86182284355,
        "mean": 0.575532257557,
        "min": -1.06652486324,
        "stdev": 0.534107983112
    },
    "erbbands_spread": {
        "max": 69.6897735596,
        "mean": 20.2451705933,
        "min": 6.23335933685,
        "stdev": 10.4343194962
    },
    "hfc": {
        "max": 100.707710266,
        "mean": 22.3606433868,
        "min": 2.45722953096e-09,
        "stdev": 18.845659256
    },
    "loudness_ebu128": {
        "integrated": -13.9849157333,
        "loudness_range": 5.23792934418,
        "momentary": {
            "max": -8.83276748657,
            "mean": -15.1477499008,
            "min": -34.248046875,
            "stdev": 3.54307222366
        },
        "short_term": {
            "max": -10.6322431564,
            "mean": -14.2257452011,
            "min": -16.9993438721,
            "stdev": 1.67673003674
        }
    },
    "melbands_crest": {
        "max": 30.9349842072,
        "mean": 10.9572706223,
        "min": 3.04541182518,
        "stdev": 4.19643688202
    },
    "melbands_flatness_db": {
        "max": 0.312900096178,
        "mean": 0.166121378541,
        "min": 0.0223468076438,
        "stdev": 0.0418341644108
    },
    "melbands_kurtosis": {
        "max": 58.2670974731,
        "mean": 2.85744094849,
        "min": -1.53075098991,
        "stdev": 3.88133859634
    },
    "melbands_skewness": {
        "max": 5.91948986053,
        "mean": 1.27511429787,
        "min": -0.584192037582,
        "stdev": 0.845277011395
    },
    "melbands_spread": {
        "max": 177.764312744,
        "mean": 26.0050430298,
        "min": 3.38764691353,
        "stdev": 14.9712362289
    },
    "pitch_salience": {
        "max": 0.858766794205,
        "mean": 0.663340687752,
        "min": 0.247950553894,
        "stdev": 0.116607569158
    },
    "silence_rate_20dB": {
        "max": 1,
        "mean": 1,
        "min": 1,
        "stdev": 0
    },
    "silence_rate_30dB": {
        "max": 1,
        "mean": 1,
        "min": 1,
        "stdev": 0
    },
    "silence_rate_60dB": {
        "max": 1,
        "mean": 0.115766264498,
        "min": 0,
        "stdev": 0.319946587086
    },
    "spectral_centroid": {
        "max": 4272.20751953,
        "mean": 1672.96362305,
        "min": 409.64251709,
        "stdev": 313.649200439
    },
    "spectral_complexity": {
        "max": 41,
        "mean": 22.1797142029,
        "min": 0,
        "stdev": 8.62506866455
    },
    "spectral_decrease": {
        "max": -6.73124806983e-21,
        "mean": -4.46852599367e-09,
        "min": -2.08164898652e-08,
        "stdev": 3.8460719054e-09
    },
    "spectral_energy": {
        "max": 0.0874842405319,
        "mean": 0.0188933964819,
        "min": 2.48283300386e-13,
        "stdev": 0.016170097515
    },
    "spectral_energyband_high": {
        "max": 0.00488511007279,
        "mean": 0.000369927583961,
        "min": 1.98092451188e-13,
        "stdev": 0.000518323970027
    },
    "spectral_energyband_low": {
        "max": 0.0414755083621,
        "mean": 0.0015959070297,
        "min": 9.05213099302e-15,
        "stdev": 0.00297038862482
    },
    "spectral_energyband_middle_high": {
        "max": 0.0781578272581,
        "mean": 0.0129816997796,
        "min": 2.98846742437e-14,
        "stdev": 0.0131729245186
    },
    "spectral_energyband_middle_low": {
        "max": 0.0404070653021,
        "mean": 0.00477606570348,
        "min": 5.72699092671e-15,
        "stdev": 0.0047667264007
    },
    "spectral_entropy": {
        "max": 9.05206298828,
        "mean": 7.69663953781,
        "min": 6.78145599365,
        "stdev": 0.256541520357
    },
    "spectral_flux": {
        "max": 0.209042727947,
        "mean": 0.0806287527084,
        "min": 8.02875001682e-06,
        "stdev": 0.0396088212729
    },
    "spectral_kurtosis": {
        "max": 17.7895355225,
        "mean": 6.62806987762,
        "min": 1.18108177185,
        "stdev": 2.64708948135
    },
    "spectral_rms": {
        "max": 0.00923853181303,
        "mean": 0.00391581607983,
        "min": 1.55636623589e-08,
        "stdev": 0.00176038965583
    },
    "spectral_rolloff": {
        "max": 17635.6933594,
        "mean": 1960.75561523,
        "min": 193.798828125,
        "stdev": 972.958374023
    },
    "spectral_skewness": {
        "max": 2.85273003578,
        "mean": 1.83336031437,
        "min": 0.952674984932,
        "stdev": 0.288340955973
    },
    "spectral_spread": {
        "max": 16719319,
        "mean": 3557122.5,
        "min": 1975516.5,
        "stdev": 1305163
    },
    "spectral_strongpeak": {
        "max": 10.6384077072,
        "mean": 1.35022175312,
        "min": 0,
        "stdev": 1.38119471073
    },
    "zerocrossingrate": {
        "max": 0.58984375,
        "mean": 0.0728739574552,
        "min": 0.02587890625,
        "stdev": 0.0305185690522
    },
    "barkbands": {
        "max": [0.000845911039505, 0.0113291107118, 0.0220360923558, 0.0119115468115, 0.00778171140701, 0.00273870769888, 0.00426767813042, 0.00480971019715, 0.0207398254424, 0.0462133027613, 0.0407655090094, 0.0116682117805, 0.0176190827042, 0.0122109176591, 0.023923099041, 0.00783210806549, 0.00286737806164, 0.00443159136921, 0.00198512407951, 0.00330378022045, 0.00467695295811, 0.000566347211134, 0.000603169435635, 0.000364145991625, 0.000540575769264, 0.000500255730003, 8.2175618445e-05],
        "mean": [3.5568857129e-05, 0.000759070564527, 0.000563034787774, 0.000443058088422, 0.000378989760065, 0.000128901767312, 0.000162809054018, 0.000292182288831, 0.00226445426233, 0.00474417023361, 0.00269707618281, 0.00113960856106, 0.00094102404546, 0.00105795555282, 0.00106555176899, 0.000612843839917, 0.000421496952185, 0.00048711252748, 0.000249677454121, 0.000189100159332, 8.24294620543e-05, 4.98079280078e-05, 4.21528930019e-05, 3.053938417e-05, 2.557787775e-05, 2.50331850111e-05, 4.20007427238e-06],
        "min": [7.20493932934e-15, 4.80729949324e-15, 7.04965828484e-16, 2.32781541625e-16, 5.73569736662e-16, 5.40290818016e-16, 1.74101544847e-15, 1.36064609202e-15, 8.50873924033e-16, 1.48973719543e-15, 1.61129203496e-15, 3.37859758616e-15, 3.57167879943e-16, 1.82713604107e-15, 5.29553478975e-15, 1.74122868901e-15, 2.34970391228e-15, 1.41807450233e-15, 5.52807794454e-15, 1.062095629e-14, 1.35705401587e-14, 1.85138227448e-14, 1.2862219021e-14, 2.27966839064e-14, 2.64608637329e-14, 4.8582814746e-14, 5.15006026919e-14],
        "stdev": [8.49357820698e-05, 0.00155395513866, 0.00127339642495, 0.00099479209166, 0.000727855891455, 0.000262487621512, 0.000328455818817, 0.00037478734157, 0.00325279426761, 0.00641057593748, 0.00434841262177, 0.00166145863477, 0.00139890681021, 0.00146389240399, 0.00166352221277, 0.000715597416274, 0.000432233937318, 0.000511310470756, 0.000237901709625, 0.000343874387909, 0.000228227334446, 6.42738086754e-05, 6.40366051812e-05, 4.59078728454e-05, 4.72861647722e-05, 5.8446526964e-05, 8.56683618622e-06]
    },
    "erbbands": {
        "max": [0.555720210075, 3.24786734581, 21.802488327, 38.1530075073, 26.242483139, 31.5178966522, 25.4156112671, 31.3057785034, 23.0183238983, 134.863464355, 135.036315918, 428.813354492, 1276.66186523, 1537.00097656, 1121.67004395, 387.435760498, 764.542175293, 558.523376465, 568.33392334, 745.724365234, 217.284255981, 144.017166138, 161.780075073, 197.686019897, 51.6733818054, 159.969802856, 280.969818115, 30.6748027802, 23.5170574188, 17.2452545166, 18.3637523651, 10.9587812424, 5.1685795784, 4.60780715942, 5.28587627411, 3.42997646332, 0.629523575306, 0.0977609753609, 0.0173980202526, 0.000679983233567],
        "mean": [0.0223209355026, 0.171779289842, 0.595461547375, 1.16501176357, 1.33385956287, 1.32108044624, 0.962459504604, 1.09748494625, 1.83975219727, 4.00322055817, 10.8386831284, 47.9784126282, 112.468673706, 151.672805786, 95.7167892456, 46.4387283325, 43.9149627686, 52.5977783203, 56.5753211975, 48.7221412659, 29.0789909363, 24.0266189575, 24.2761535645, 21.958562851, 9.06715965271, 8.5374956131, 5.68446016312, 2.50472211838, 1.84853887558, 1.48036396503, 1.16767573357, 0.792018830776, 0.442090332508, 0.273715049028, 0.194242537022, 0.145477503538, 0.0351156555116, 0.00622050603852, 0.000836025807075, 4.88184996357e-05],
        "min": [2.51064116328e-13, 7.04251544234e-13, 9.3759028319e-13, 8.18802707928e-13, 1.20170561869e-12, 2.19129879173e-12, 1.55357953065e-12, 6.204243716e-12, 2.29465699914e-11, 2.53433905806e-11, 3.03954465763e-11, 1.81307486385e-11, 4.03913846814e-11, 3.52144459426e-11, 1.27976615416e-10, 1.04100235376e-10, 2.20438702014e-11, 8.21121295957e-11, 1.83796006192e-10, 2.10591905025e-10, 7.31081722938e-11, 1.40837855267e-10, 9.72911126662e-11, 2.01334365846e-10, 2.74636396957e-10, 6.64080790358e-10, 3.09317238489e-10, 7.04233837912e-10, 7.5770373309e-10, 5.49665979399e-10, 3.22044613199e-10, 2.78607248383e-10, 4.45484676925e-10, 3.14264725354e-10, 2.23754598183e-10, 1.50508730479e-10, 9.44938502445e-11, 2.95258192895e-11, 7.67440104521e-12, 8.35094526083e-13],
        "stdev": [0.05181350559, 0.343770414591, 1.30539917946, 2.48293089867, 2.4921541214, 2.92877793312, 1.96471345425, 2.28992152214, 2.87055301666, 8.79061508179, 13.2017335892, 68.6555252075, 155.979766846, 225.095031738, 151.659240723, 62.2015571594, 64.1092605591, 68.9580383301, 69.6879730225, 74.3531646729, 27.799243927, 24.1218948364, 25.3760623932, 22.6829376221, 7.97567558289, 13.1854639053, 17.7609729767, 3.1824131012, 2.39229393005, 2.05419993401, 1.80437207222, 1.27066349983, 0.646006941795, 0.448667347431, 0.403248697519, 0.360726326704, 0.0772215649486, 0.0122247599065, 0.00168214750011, 5.85784327995e-05]
    },
    "gfcc": {
        "mean": [-32.4965400696, 48.244884491, -180.755096436, -7.27709674835, -56.3063087463, 18.1381568909, -26.2015113831, 14.7439174652, -24.8219985962, -8.46664524078, -22.529624939, -3.62452626228, -10.1318626404],
        "cov": [[6876.75830078, 623.653076172, 1792.3885498, 870.924560547, 754.74822998, 343.411437988, 9.95049095154, 37.5207366943, -230.616241455, 92.7759475708, -118.61038208, 179.166610718, -77.7597427368], [623.653076172, 801.979309082, 1031.98022461, 620.621154785, 458.46496582, 184.258728027, 30.9551582336, -19.7201709747, -54.7976799011, 31.2209854126, -24.4313411713, 64.7877502441, -39.8079833984], [1792.3885498, 1031.98022461, 3703.90234375, 1624.69714355, 1189.31384277, 323.072357178, -179.306289673, -107.864547729, -256.662567139, 301.150268555, -67.4374084473, 334.725463867, -152.044189453], [870.924560547, 620.621154785, 1624.69714355, 880.66796875, 566.838928223, 198.577209473, -37.8859634399, -46.3412246704, -109.291694641, 118.768692017, -24.961643219, 119.328445435, -63.5506248474], [754.74822998, 458.46496582, 1189.31384277, 566.838928223, 559.516662598, 177.916412354, 19.1440620422, -1.6885355711, -94.8981552124, 57.7843894958, -39.3676261902, 104.84589386, -36.53748703], [343.411437988, 184.258728027, 323.072357178, 198.577209473, 177.916412354, 135.010848999, 54.3943061829, 20.4189720154, -13.4658021927, 9.54270935059, -10.3590011597, 24.0478782654, -11.0082406998], [9.95049095154, 30.9551582336, -179.306289673, -37.8859634399, 19.1440620422, 54.3943061829, 119.311836243, 46.4904670715, 22.5362510681, -36.4878501892, -3.87432003021, -29.5966796875, 17.4065227509], [37.5207366943, -19.7201709747, -107.864547729, -46.3412246704, -1.6885355711, 20.4189720154, 46.4904670715, 66.9747467041, 26.9955310822, -5.98531389236, -1.94191849232, -7.29632568359, 14.6542062759], [-230.616241455, -54.7976799011, -256.662567139, -109.291694641, -94.8981552124, -13.4658021927, 22.5362510681, 26.9955310822, 80.4449539185, 6.96774196625, 24.8078556061, -19.3286170959, 12.7052593231], [92.7759475708, 31.2209854126, 301.150268555, 118.768692017, 57.7843894958, 9.54270935059, -36.4878501892, -5.98531389236, 6.96774196625, 87.2103347778, 26.0214538574, 40.1780738831, -18.4808769226], [-118.61038208, -24.4313411713, -67.4374084473, -24.961643219, -39.3676261902, -10.3590011597, -3.87432003021, -1.94191849232, 24.8078556061, 26.0214538574, 52.5380477905, 10.1757497787, 1.65786898136], [179.166610718, 64.7877502441, 334.725463867, 119.328445435, 104.84589386, 24.0478782654, -29.5966796875, -7.29632568359, -19.3286170959, 40.1780738831, 10.1757497787, 82.4061203003, -0.765051066875], [-77.7597427368, -39.8079833984, -152.044189453, -63.5506248474, -36.53748703, -11.0082406998, 17.4065227509, 14.6542062759, 12.7052593231, -18.4808769226, 1.65786898136, -0.765051066875, 58.1571006775]],
        "icov": [[0.000192335239262, -2.23009610636e-05, 3.84734266845e-05, -4.56301095255e-05, -6.29388659945e-06, -0.00034421365126, 9.40575337154e-05, -0.000283654138912, 0.000469896040158, -0.00022929503757, 0.000301011255942, -0.000188131336472, 8.02600479801e-05], [-2.23009610636e-05, 0.00367432949133, 0.000452337553725, -0.00292990682647, -0.00161225197371, -0.000131382170366, -5.5399043049e-05, 0.000929829664528, -0.00255658850074, 0.00287253595889, -0.000553979945835, -0.000208246681723, 0.000695084454492], [3.84734266845e-05, 0.000452337553725, 0.0037718124222, -0.00415351055562, -0.00292099593207, 0.00107636267785, 0.00150314613711, 0.000365378626157, 0.000995735172182, -0.00398956937715, 0.00353686371818, -0.00401164405048, 0.00187099887989], [-4.56301095255e-05, -0.00292990682647, -0.00415351055562, 0.0110772103071, 0.000489934289362, -0.00431171571836, 0.000108767337224, 0.00160616182256, 0.00177963078022, -0.0017604335444, -0.00293433503248, 0.00566398398951, -0.00255645671859], [-6.29388659945e-06, -0.00161225197371, -0.00292099593207, 0.000489934289362, 0.0107701485977, -0.00338074844331, -0.00351877044886, -0.00235796906054, 0.00341437850147, 0.00192508019973, 0.000612086325418, -0.00197139778174, -0.00061693781754], [-0.00034421365126, -0.000131382170366, 0.00107636267785, -0.00431171571836, -0.00338074844331, 0.020968824625, -0.00859633088112, -0.00146081228741, -0.00278483238071, 0.00116161222104, 0.000741061579902, -0.00359228509478, 0.00324748409912], [9.40575337154e-05, -5.5399043049e-05, 0.00150314613711, 0.000108767337224, -0.00351877044886, -0.00859633088112, 0.0214718300849, -0.00799224618822, -0.00141769065522, 0.00441403593868, -0.0033832739573, 0.00547798257321, -0.00223316880874], [-0.000283654138912, 0.000929829664528, 0.000365378626157, 0.00160616182256, -0.00235796906054, -0.00146081228741, -0.00799224618822, 0.0263376589864, -0.00766751263291, -0.00424371752888, 0.00545054767281, -0.00146557681728, -0.00288286199793], [0.000469896040158, -0.00255658850074, 0.000995735172182, 0.00177963078022, 0.00341437850147, -0.00278483238071, -0.00141769065522, -0.00766751263291, 0.0270298868418, -0.0105509310961, -0.0041823303327, 0.00163192988839, -0.00171666173264], [-0.00022929503757, 0.00287253595889, -0.00398956937715, -0.0017604335444, 0.00192508019973, 0.00116161222104, 0.00441403593868, -0.00424371752888, -0.0105509310961, 0.0339428149164, -0.0149191459641, -0.00172890501563, 0.00397697277367], [0.000301011255942, -0.000553979945835, 0.00353686371818, -0.00293433503248, 0.000612086325418, 0.000741061579902, -0.0033832739573, 0.00545054767281, -0.0041823303327, -0.0149191459641, 0.0344203487039, -0.0100091248751, 0.00128738710191], [-0.000188131336472, -0.000208246681723, -0.00401164405048, 0.00566398398951, -0.00197139778174, -0.00359228509478, 0.00547798257321, -0.00146557681728, 0.00163192988839, -0.00172890501563, -0.0100091248751, 0.0285813808441, -0.00812613684684], [8.02600479801e-05, 0.000695084454492, 0.00187099887989, -0.00255645671859, -0.00061693781754, 0.00324748409912, -0.00223316880874, -0.00288286199793, -0.00171666173264, 0.00397697277367, 0.00128738710191, -0.00812613684684, 0.022992959246]]
    },
    "melbands": {
        "max": [0.00375218852423, 0.00912510417402, 0.00608912203461, 0.00181756226812, 0.00103300134651, 0.000622736290097, 0.000398546515498, 0.00127870717552, 0.00108263385482, 0.00296026421711, 0.00627568503842, 0.0066175176762, 0.00530549930409, 0.00156818609685, 0.00160159484949, 0.00184080458712, 0.000981783727184, 0.0010247916216, 0.00250483909622, 0.00079795345664, 0.000227632946917, 0.000164150289493, 0.000222710252274, 0.000233988306718, 0.000160490439157, 8.13936276245e-05, 9.14145857678e-05, 0.000108523054223, 0.000270904187346, 1.5305402485e-05, 1.77242145583e-05, 1.3552323253e-05, 1.14357972052e-05, 1.02723461168e-05, 1.21191560538e-05, 8.06065690995e-06, 6.26562086836e-06, 3.95813367504e-06, 3.12543784275e-06, 4.66446590508e-06],
        "mean": [0.0002045956644, 0.00028222342371, 0.000207141143619, 9.29028246901e-05, 3.95078168367e-05, 2.50852717727e-05, 2.92348322546e-05, 4.53274114989e-05, 0.000107294923509, 0.000334156415192, 0.000578526640311, 0.000635712000076, 0.000346490676748, 0.000157167523867, 0.000101382414869, 9.28178269533e-05, 9.80895856628e-05, 9.09470909392e-05, 7.58150272304e-05, 5.43275127711e-05, 2.88244664262e-05, 2.39135424636e-05, 2.38301563513e-05, 2.25626372412e-05, 1.77406382136e-05, 7.6865144365e-06, 5.21897300132e-06, 5.74402338316e-06, 4.77369212604e-06, 1.45728688494e-06, 1.39839880831e-06, 1.01938860553e-06, 9.50523315169e-07, 7.71028282998e-07, 6.55887276935e-07, 6.22350512458e-07, 4.37210275095e-07, 3.25919842226e-07, 2.39889033082e-07, 2.26567749451e-07],
        "min": [2.1342136483e-15, 6.08500369555e-16, 1.50482470511e-16, 1.25187816775e-16, 6.43037304181e-17, 1.45213991753e-16, 3.53961754358e-16, 2.8012787758e-16, 2.39767789964e-16, 1.07044285018e-16, 2.10947652753e-16, 1.39001653595e-16, 3.20239731602e-16, 4.67133482334e-16, 9.90903743277e-17, 3.28255045563e-17, 1.72048961669e-16, 2.2587157919e-16, 4.71650444344e-16, 1.63702921047e-16, 5.37079041133e-17, 1.20771320813e-16, 1.41261444854e-16, 7.64743894952e-17, 1.73970627964e-16, 2.01142174362e-16, 2.38989181397e-16, 4.78725445854e-16, 1.63472104569e-16, 1.90788149494e-16, 5.13553005426e-16, 4.22394790247e-16, 3.34744588488e-16, 3.12797647188e-16, 1.96008056206e-16, 9.74845785307e-17, 2.25476120683e-16, 3.09533738074e-16, 2.93608698103e-16, 2.62224645099e-16],
        "stdev": [0.000435118941823, 0.000572297547478, 0.000417933391873, 0.000172705666046, 8.23258669698e-05, 5.107508332e-05, 4.63859905722e-05, 8.78363134689e-05, 0.000140796488267, 0.000486271543195, 0.000806255324278, 0.000956595060416, 0.000550610595383, 0.000227600598009, 0.000151021551574, 0.000138414878165, 0.000134536181577, 0.000116898627311, 0.000142043514643, 7.48550883145e-05, 2.83006284008e-05, 2.51386900345e-05, 2.90099069389e-05, 2.39940400206e-05, 1.94031981664e-05, 7.77690183895e-06, 6.92578669259e-06, 1.04470054794e-05, 1.82215153472e-05, 1.79606001893e-06, 1.87413013464e-06, 1.35579603011e-06, 1.27371379222e-06, 1.12815234843e-06, 1.02412275282e-06, 1.04463651951e-06, 7.26285406927e-07, 4.76567038277e-07, 3.6616981447e-07, 3.98332531404e-07]
    },
    "melbands128": {
        "max": [0.000838664942421, 0.00525918090716, 0.00480273226276, 0.00635853502899, 0.0105632245541, 0.0107699260116, 0.00854770373553, 0.00484338775277, 0.00278940028511, 0.0020970555488, 0.0021016006358, 0.00164957589004, 0.000778845045716, 0.000714081805199, 0.00105899572372, 0.000653755967505, 0.00064158171881, 0.000499331741594, 0.00119356787764, 0.00268448260613, 0.000745256373193, 0.00116735592019, 0.00160255096853, 0.00272346497513, 0.00378787633963, 0.00557994935662, 0.00903094373643, 0.0101646985859, 0.00944755878299, 0.0104583222419, 0.00903011392802, 0.0111882109195, 0.00699558714405, 0.00834000203758, 0.00331175350584, 0.00177907268517, 0.00186424155254, 0.00233636843041, 0.00172112986911, 0.00234375614673, 0.00201248633675, 0.0020007675048, 0.00172195222694, 0.00197960855439, 0.00274683022872, 0.00163418799639, 0.00212105549872, 0.00602578883991, 0.00203789235093, 0.00182416092139, 0.00177474040538, 0.000571394048166, 0.000407516781706, 0.000296712532872, 0.000252828438533, 0.000221099035116, 0.000280761480099, 0.000418394454755, 0.000366042571841, 0.000350852002157, 0.00028402035241, 0.000661754864268, 0.000431851891335, 0.000131496184622, 0.000303268956486, 0.000116863935546, 4.89003723487e-05, 7.51683401177e-05, 0.000203857503948, 0.000175972585566, 0.000210035927012, 0.000283329485683, 0.000399151496822, 0.000608032860328, 2.05428423214e-05, 1.52551374413e-05, 2.07068169402e-05, 2.87089114863e-05, 2.13772746065e-05, 1.31233864522e-05, 1.41335776789e-05, 1.81502819032e-05, 1.95816028281e-05, 1.31379738377e-05, 1.45055146277e-05, 1.12683737825e-05, 1.27499251903e-05, 1.66930585692e-05, 1.28065094032e-05, 1.10236969704e-05, 1.5466932382e-05, 1.22700221254e-05, 7.08816423867e-06, 8.43973612064e-06, 4.24910422225e-06, 5.25286577613e-06, 4.20134665546e-06, 4.13501038565e-06, 3.43335545949e-06, 3.95149618271e-06, 3.11919188789e-06, 6.79487402522e-06, 7.64308697399e-06, 8.29552118375e-06, 6.29988517176e-06, 6.51165328236e-06, 6.63191622152e-06, 4.75385650134e-06, 1.01025534605e-05, 1.25872193166e-05, 4.00078261009e-06, 3.10850214191e-06, 1.80482527412e-06, 1.41331224768e-06, 9.98407358566e-07, 9.21069442938e-07, 9.5112255849e-07, 6.84345536683e-07, 7.33137142106e-07, 8.80123593561e-07, 5.29684143658e-07, 5.60727187349e-07, 3.49369940977e-07, 3.77673714524e-08, 5.75005731918e-09, 5.90213167229e-09, 5.96028604249e-09, 5.98449334532e-09],
        "mean": [3.1634746847e-05, 0.000171117004356, 0.000274206366157, 0.000276571227005, 0.000300533924019, 0.00026798734325, 0.000243874717853, 0.000209598510992, 0.000123984747916, 8.70833682711e-05, 7.45928336983e-05, 5.09884266648e-05, 2.87533148366e-05, 2.70901800832e-05, 2.23194874707e-05, 2.648820373e-05, 2.75860038528e-05, 2.8462978662e-05, 2.96334001177e-05, 5.05479365529e-05, 4.53734319308e-05, 5.32720878255e-05, 9.16271092137e-05, 0.000182577219675, 0.000272362754913, 0.000402184959967, 0.000485802709591, 0.000567865732592, 0.000666339008603, 0.000778466055635, 0.000600803992711, 0.000405805913033, 0.000347226072336, 0.00031917335582, 0.000166804442415, 0.000124168902403, 0.000100683697383, 0.000100079589174, 0.000104451006337, 9.2662681709e-05, 8.77738420968e-05, 9.49733366724e-05, 0.000102552774479, 9.74064168986e-05, 9.10125090741e-05, 9.3371651019e-05, 8.88098438736e-05, 7.50198742026e-05, 7.33309934731e-05, 6.24455569778e-05, 5.51617013116e-05, 4.29198044003e-05, 3.08873713948e-05, 2.22769667744e-05, 2.34368708334e-05, 2.27569162234e-05, 2.5400395316e-05, 2.70456584985e-05, 2.31987414736e-05, 1.88716039702e-05, 1.91613835341e-05, 2.93150351354e-05, 2.39170167333e-05, 1.29823292809e-05, 1.00321112768e-05, 8.55826692714e-06, 5.49346759726e-06, 4.20119386035e-06, 5.31876321475e-06, 6.49059029456e-06, 4.93325023854e-06, 5.78920844418e-06, 7.24778237782e-06, 4.78166066387e-06, 1.55314523909e-06, 1.39383644182e-06, 1.47294474573e-06, 1.31105116452e-06, 1.67778841842e-06, 1.09592997433e-06, 9.49595289512e-07, 9.98495238491e-07, 1.09975542273e-06, 8.91193963071e-07, 9.40977770369e-07, 7.77160380494e-07, 7.26111181848e-07, 6.98849305536e-07, 5.7672764342e-07, 6.6783843522e-07, 8.08823813259e-07, 5.34288972176e-07, 4.74726249422e-07, 4.88217608563e-07, 3.656951435e-07, 3.52988763552e-07, 3.23753084785e-07, 2.69614446324e-07, 2.37598484887e-07, 2.28619654763e-07, 2.25911890084e-07, 2.26842004736e-07, 2.29059665457e-07, 2.09304388932e-07, 2.14268496279e-07, 2.34114125419e-07, 2.02988942988e-07, 1.94731896386e-07, 3.04244395011e-07, 3.39330483712e-07, 1.79253703436e-07, 1.13160794513e-07, 9.01443684143e-08, 7.21431305806e-08, 6.07253696217e-08, 5.31795478764e-08, 4.26021884437e-08, 3.57600384859e-08, 2.96941884415e-08, 2.66019277717e-08, 2.39119462009e-08, 1.80541217532e-08, 1.05871418299e-08, 3.67941760393e-10, 9.06695465236e-12, 9.15646725108e-12, 9.1732463639e-12, 9.18102920078e-12],
        "min": [3.40608465233e-15, 2.59866595372e-15, 1.72281482801e-15, 1.01833011424e-15, 5.68595112163e-16, 3.09785889195e-16, 1.6406350562e-16, 1.06337654399e-16, 1.15492055621e-16, 1.37528200078e-16, 1.29520681467e-16, 9.22396644945e-17, 4.44149468303e-17, 2.71014709657e-17, 9.0740760285e-17, 2.17831754213e-16, 3.60171061727e-16, 4.03848686229e-16, 3.24129836291e-16, 2.62521715436e-16, 2.73522185261e-16, 2.77878608058e-16, 2.61452018703e-16, 1.79466482128e-16, 8.09852568383e-17, 8.48456094955e-17, 1.34551276316e-16, 2.3044261896e-16, 2.85006046202e-16, 1.84290559756e-16, 6.99657287715e-17, 7.07409756765e-17, 2.58749215977e-16, 5.41581537409e-16, 6.77038622817e-16, 4.37653241759e-16, 1.45423328005e-16, 1.00792275277e-16, 5.76872516646e-17, 1.18194158551e-17, 1.98288096847e-17, 6.11470040598e-17, 1.74019544116e-16, 2.51394508306e-16, 1.5816830189e-16, 1.00446341727e-16, 4.29915304618e-16, 7.26005121042e-16, 3.73705112977e-16, 1.10063256025e-16, 1.91392044281e-16, 1.51157383716e-16, 5.89038292049e-17, 2.10734005235e-17, 6.62895801378e-18, 8.24281046721e-17, 2.86736269816e-16, 2.08957800306e-16, 7.43204972069e-17, 2.71374582855e-17, 1.07431385692e-16, 6.01000779545e-17, 1.44113245969e-16, 1.52376330302e-16, 3.22453187512e-16, 1.47804072922e-16, 2.21608965292e-16, 1.42022715715e-16, 8.05394528103e-17, 5.86343046446e-16, 7.79121127796e-16, 2.12865639748e-16, 1.25046891668e-16, 2.21333931047e-16, 1.20298689663e-16, 1.83888404394e-16, 1.80677051028e-16, 3.08498266766e-16, 7.927880044e-16, 4.20137341563e-16, 3.52928400633e-16, 3.52182217546e-16, 6.88626827629e-16, 1.52463402642e-16, 3.18364956522e-16, 2.74598578849e-16, 4.22338489026e-16, 1.5314462889e-16, 1.96948448066e-16, 1.7964758836e-16, 1.82033336065e-16, 2.31100730472e-17, 6.00886297748e-17, 1.39348010661e-16, 4.76326066213e-16, 2.71588488452e-16, 1.78203622178e-16, 4.75496238622e-16, 3.34020904714e-16, 1.81076440298e-16, 2.23186828854e-16, 3.72100964924e-16, 1.83303038453e-16, 2.61097270716e-16, 3.1481623258e-16, 2.13496269012e-16, 1.54535073177e-16, 3.00386391049e-16, 4.13395409289e-16, 9.48272972088e-17, 2.19296049186e-16, 3.08654279647e-16, 3.53789144926e-16, 3.43565880769e-16, 2.47522588355e-16, 3.50743452675e-16, 1.70753093904e-16, 2.00691221962e-16, 8.7969275099e-17, 7.32449308e-17, 4.191084877e-16, 3.23954262243e-16, 2.64439398028e-16, 3.09759287066e-16, 2.31995812687e-16, 9.7823160099e-17, 1.01616483002e-17, 2.06152433802e-18],
        "stdev": [7.82501592766e-05, 0.000435770460172, 0.000615115219261, 0.000585494271945, 0.000680639233906, 0.000614548276644, 0.000544447102584, 0.000471746257972, 0.000252546771662, 0.000188918333151, 0.000192078732653, 0.000123735866509, 6.53867173241e-05, 6.4450672653e-05, 5.80110390729e-05, 6.35106116533e-05, 5.27899028384e-05, 5.71170712647e-05, 7.1127920819e-05, 0.000162362703122, 7.62737545301e-05, 8.2580569142e-05, 0.0001436980383, 0.000303515407722, 0.00047116400674, 0.000696838833392, 0.000847923278343, 0.00104634976014, 0.00113003980368, 0.00137863180134, 0.00119612482376, 0.000864331785124, 0.000650350062642, 0.000795222527813, 0.000295295059914, 0.000210819533095, 0.000172744883457, 0.000193026295165, 0.000168955622939, 0.000184779826668, 0.000151261585415, 0.000176912290044, 0.0001826890948, 0.000172509026015, 0.000193595391465, 0.000149853949551, 0.000164151191711, 0.000247646676144, 0.000176154993824, 0.000126599654322, 0.000115710136015, 5.52984165552e-05, 4.19224343204e-05, 2.56215535046e-05, 2.922292515e-05, 3.02673543047e-05, 3.38182835549e-05, 3.95651986764e-05, 3.85816019843e-05, 3.03003052977e-05, 2.39294586208e-05, 4.84747324663e-05, 3.98997653974e-05, 1.4647846001e-05, 1.53106502694e-05, 1.06780116766e-05, 6.08826167081e-06, 5.61333899896e-06, 1.05194349089e-05, 1.43067181853e-05, 1.08228559839e-05, 2.16446915147e-05, 3.26668960042e-05, 2.86000049528e-05, 1.80600738986e-06, 1.68888141161e-06, 2.27770715355e-06, 2.06636809708e-06, 2.43157933255e-06, 1.38645953029e-06, 1.45331057411e-06, 1.47862783706e-06, 1.54742110681e-06, 1.27205271383e-06, 1.51277015448e-06, 1.15520583677e-06, 1.1252046761e-06, 1.3200333342e-06, 9.81992911875e-07, 1.14828560527e-06, 1.69653515059e-06, 9.50967546487e-07, 8.08117647466e-07, 9.74514250629e-07, 5.49175865672e-07, 5.43314513379e-07, 5.13155725912e-07, 4.49598445584e-07, 3.82232542506e-07, 3.70449583897e-07, 3.73455293357e-07, 4.36986056229e-07, 4.99600560033e-07, 5.08841253577e-07, 4.90251181873e-07, 5.2484506341e-07, 4.49436413419e-07, 4.3844985953e-07, 9.10688129352e-07, 1.05515789528e-06, 4.67817926619e-07, 2.7501030786e-07, 2.02961260243e-07, 1.52849324309e-07, 1.21745785009e-07, 1.07332162713e-07, 9.54699146405e-08, 8.18386922674e-08, 6.71400073315e-08, 6.23518161547e-08, 5.22117105106e-08, 4.39099636651e-08, 2.59324526297e-08, 1.67101321669e-09, 1.90802984523e-10, 1.95848434692e-10, 1.97777530464e-10, 1.98580402122e-10]
    },
    "mfcc": {
        "mean": [-659.461853027, 93.7010955811, -63.7603607178, -17.1663894653, -13.6879940033, -3.0853600502, 2.48931121826, 14.2147378922, 4.18037509918, 4.54910516739, -4.23368501663, -9.09072303772, -7.69817066193],
        "cov": [[3854.58032227, 278.853637695, 443.502960205, 346.677429199, 317.499237061, 244.724014282, 249.406936646, 150.572814941, 50.4121398926, 81.3661422729, -69.411529541, -109.949310303, 30.3750038147], [278.853637695, 554.052734375, 650.737731934, 506.615234375, 435.808349609, 274.106140137, 163.770492554, 79.1967163086, 22.5421009064, 15.1796922684, -10.0172748566, -46.2653694153, 69.9613876343], [443.502960205, 650.737731934, 2115.82983398, 1310.11364746, 1088.5513916, 612.638671875, 285.307037354, -13.3025770187, -52.8244171143, -20.2634181976, -10.2269668579, -45.3054733276, 199.838363647], [346.677429199, 506.615234375, 1310.11364746, 934.584777832, 744.570861816, 430.112121582, 233.727676392, 30.7535514832, -15.9026117325, 8.15218639374, -25.8745765686, -54.8086738586, 132.272018433], [317.499237061, 435.808349609, 1088.5513916, 744.570861816, 681.644958496, 369.768768311, 206.891983032, 40.5019645691, -7.26734876633, 7.7470908165, -21.7768745422, -61.3603401184, 114.104324341], [244.724014282, 274.106140137, 612.638671875, 430.112121582, 369.768768311, 276.32208252, 147.988082886, 48.647315979, 6.09303569794, 10.4064798355, -4.71787595749, -19.8680763245, 64.8125610352], [249.406936646, 163.770492554, 285.307037354, 233.727676392, 206.891983032, 147.988082886, 153.324768066, 66.7766036987, 27.5787982941, 25.127948761, -17.346529007, -32.8190917969, 30.4093437195], [150.572814941, 79.1967163086, -13.3025770187, 30.7535514832, 40.5019645691, 48.647315979, 66.7766036987, 94.9763183594, 43.2109107971, 23.8918781281, -5.65337657928, -25.8502483368, -3.12844204903], [50.4121398926, 22.5421009064, -52.8244171143, -15.9026117325, -7.26734876633, 6.09303569794, 27.5787982941, 43.2109107971, 70.8138656616, 28.6120510101, -5.19825363159, -11.7523450851, -12.9023132324], [81.3661422729, 15.1796922684, -20.2634181976, 8.15218639374, 7.7470908165, 10.4064798355, 25.127948761, 23.8918781281, 28.6120510101, 57.4607620239, 9.26578426361, -6.88560056686, -6.72746992111], [-69.411529541, -10.0172748566, -10.2269668579, -25.8745765686, -21.7768745422, -4.71787595749, -17.346529007, -5.65337657928, -5.19825363159, 9.26578426361, 58.9538917542, 37.1817970276, 4.02980327606], [-109.949310303, -46.2653694153, -45.3054733276, -54.8086738586, -61.3603401184, -19.8680763245, -32.8190917969, -25.8502483368, -11.7523450851, -6.88560056686, 37.1817970276, 77.9120025635, 12.8364553452], [30.3750038147, 69.9613876343, 199.838363647, 132.272018433, 114.104324341, 64.8125610352, 30.4093437195, -3.12844204903, -12.9023132324, -6.72746992111, 4.02980327606, 12.8364553452, 68.8673934937]],
        "icov": [[0.000305333611323, -3.53059622284e-05, -0.000140565200127, 0.000171268271515, 0.000126464015921, -0.000114275637316, -0.000305104913423, -0.000250413810136, 0.000227461379836, -0.000404446327593, 0.000310527771944, 0.000165200966876, -4.43632379756e-05], [-3.53059622284e-05, 0.00462955981493, 0.00111481524073, -0.00235374923795, -0.00155125535093, -0.00142464856617, 0.000868753239047, -0.00200688233599, -0.000763613265008, 0.0010878451867, -0.00117716635577, 0.000349324516719, 1.50267396748e-06], [-0.000140565200127, 0.00111481524073, 0.00568380346522, -0.00543983420357, -0.00381225254387, -0.00156295206398, 0.00144715793431, 0.00268558296375, -0.000913985364605, 0.00247670826502, -0.00213824072853, -0.000943622610066, 0.000526496150997], [0.000171268271515, -0.00235374923795, -0.00543983420357, 0.0152388019487, -0.00431998912245, -0.00211323541589, -0.00246493495069, 0.00103318272159, 0.00161827879492, -0.00367161468603, 0.00396472448483, -1.54362114699e-05, -0.00117076199967], [0.000126464015921, -0.00155125535093, -0.00381225254387, -0.00431998912245, 0.0172312837094, -0.00374914938584, -0.00206100591458, -0.000248187483521, 0.000175991241122, -0.00073765713023, -0.00116573227569, 0.00692548044026, -0.00450478494167], [-0.000114275637316, -0.00142464856617, -0.00156295206398, -0.00211323541589, -0.00374914938584, 0.0206959359348, -0.00680519081652, -0.0044462820515, 0.000963777420111, 0.00101117813028, -0.000722819531802, -0.00498486496508, 0.000880077772308], [-0.000305104913423, 0.000868753239047, 0.00144715793431, -0.00246493495069, -0.00206100591458, -0.00680519081652, 0.0216408595443, -0.00862845033407, -0.000761129835155, -0.00364883779548, 0.00374758220278, 3.73356197088e-05, -0.0010667295428], [-0.000250413810136, -0.00200688233599, 0.00268558296375, 0.00103318272159, -0.000248187483521, -0.0044462820515, -0.00862845033407, 0.0261475108564, -0.00925131421536, 0.00139217451215, -0.00465019466355, 0.00546398572624, -0.000378245458705], [0.000227461379836, -0.000763613265008, -0.000913985364605, 0.00161827879492, 0.000175991241122, 0.000963777420111, -0.000761129835155, -0.00925131421536, 0.0239693354815, -0.00934469513595, 0.00462879939005, -0.0023936633952, 0.00268972525373], [-0.000404446327593, 0.0010878451867, 0.00247670826502, -0.00367161468603, -0.00073765713023, 0.00101117813028, -0.00364883779548, 0.00139217451215, -0.00934469513595, 0.0267283916473, -0.00945859123021, 0.00270547927357, 0.00179285358172], [0.000310527771944, -0.00117716635577, -0.00213824072853, 0.00396472448483, -0.00116573227569, -0.000722819531802, 0.00374758220278, -0.00465019466355, 0.00462879939005, -0.00945859123021, 0.0294043701142, -0.0141590498388, 0.00125612225384], [0.000165200966876, 0.000349324516719, -0.000943622610066, -1.54362114699e-05, 0.00692548044026, -0.00498486496508, 3.73356197088e-05, 0.00546398572624, -0.0023936633952, 0.00270547927357, -0.0141590498388, 0.0267726574093, -0.00855732988566], [-4.43632379756e-05, 1.50267396748e-06, 0.000526496150997, -0.00117076199967, -0.00450478494167, 0.000880077772308, -0.0010667295428, -0.000378245458705, 0.00268972525373, 0.00179285358172, 0.00125612225384, -0.00855732988566, 0.0245495978743]]
    },
    "spectral_contrast_coeffs": {
        "max": [-0.497799605131, -0.54964619875, -0.47280856967, -0.622055828571, -0.663174390793, -0.672449231148],
        "mean": [-0.751849830151, -0.764059007168, -0.751834273338, -0.808438956738, -0.779925167561, -0.776574671268],
        "min": [-0.95211493969, -0.96697974205, -0.951005756855, -0.939062774181, -0.94171243906, -0.91783708334],
        "stdev": [0.0508817695081, 0.0754903778434, 0.0740497633815, 0.0451579317451, 0.0357733815908, 0.0253317840397]
    },
    "spectral_contrast_valleys": {
        "max": [-4.98836326599, -5.87278747559, -4.63372325897, -5.41516017914, -6.28393983841, -8.69044971466],
        "mean": [-8.39046001434, -7.22476911545, -6.57453727722, -6.8554558754, -7.40167331696, -10.358259201],
        "min": [-20.4363594055, -19.221206665, -19.6459827423, -20.0195865631, -19.0750370026, -20.3055362701],
        "stdev": [1.72327435017, 0.761859059334, 0.982388436794, 0.815199017525, 0.725685536861, 0.785891354084]
    }
},
"rhythm": {
    "beats_count": 31,
    "beats_loudness": {
        "max": 0.0635593757033,
        "mean": 0.0230256840587,
        "min": 0.00258381431922,
        "stdev": 0.0165366027504
    },
    "bpm": 84.6526870728,
    "bpm_histogram_first_peak_bpm": 101,
    "bpm_histogram_first_peak_weight": 0.5,
    "bpm_histogram_second_peak_bpm": 83,
    "bpm_histogram_second_peak_spread": 0.333333313465,
    "bpm_histogram_second_peak_weight": 0.200000017881,
    "danceability": 0.884399056435,
    "onset_rate": 2.18659448624,
    "beats_loudness_band_ratio": {
        "max": [0.667953014374, 0.198304191232, 0.541653752327, 0.757130324841, 0.32045546174, 0.106438748538],
        "mean": [0.113615311682, 0.0313895903528, 0.217087820172, 0.472475081682, 0.174464300275, 0.0324208922684],
        "min": [4.5578693971e-05, 0.000217918903218, 0.0208288803697, 0.0742394775152, 0.0726075991988, 0.0108994059265],
        "stdev": [0.164369568229, 0.046712230891, 0.148447483778, 0.159861579537, 0.0550371259451, 0.0192330703139]
    },
    "beats_position": [0.66176867485, 1.33514738083, 2.00852608681, 2.67029476166, 3.33206343651, 4.00544214249, 4.67882061005, 5.36380958557, 6.06040811539, 6.78022670746, 7.4884352684, 8.19664382935, 8.91646194458, 9.63628101349, 10.3560991287, 11.0875282288, 11.8189563751, 12.5039453506, 13.1889343262, 13.7694330215, 14.3499317169, 14.9304304123, 15.5109291077, 16.0914287567, 16.6835365295, 17.2756462097, 17.8677539825, 18.4598636627, 19.0519733429, 19.6556911469, 20.247800827],
