{
"metadata": {
    "version": {
        "essentia": "2.1-beta5",
        "essentia_git_sha": "Undefined",
        "extractor": "music 2.0"
    },
    "audio_properties": {
        "analysis": {
            "equal_loudness": 0,
            "length": 23.312833786,
            "sample_rate": 44100,
            "start_time": 162.493240356,
            "downmix": "mix"
        },
        "bit_rate": 192000,
        "length": 185.829299927,
        "lossless": 0,
        "number_channels": 2,
        "replay_gain": 1.24508857727,
        "sample_rate": 44100,
        "codec": "mp3",
        "md5_encoded": "518f96004f5243d7d300550d5b141d7b"
    },
    "tags": {
        "file_name": "Switzerland_Celebrate_Piero Esteriore _ the MusicStars.mp3",
        "encoding": ["Lavf58.29.100"]
    }
},
"lowlevel": {
    "average_loudness": 0.903479099274,
    "barkbands_crest": {
        "max": 25.5666904449,
        "mean": 10.410867691,
        "min": 2.97517037392,
        "stdev": 4.50605154037
    },
    "barkbands_flatness_db": {
        "max": 0.353379666805,
        "mean": 0.170304298401,
        "min": 0.0268527064472,
        "stdev": 0.0514432713389
    },
    "barkbands_kurtosis": {
        "max": 80.9095153809,
        "mean": 2.61345648766,
        "min": -1.80758368969,
        "stdev": 5.09774494171
    },
    "barkbands_skewness": {
        "max": 6.95636415482,
        "mean": 1.10291802883,
        "min": -2.60948204994,
        "stdev": 0.923908472061
    },
    "barkbands_spread": {
        "max": 83.761390686,
        "mean": 17.8415775299,
        "min": 0.957274436951,
        "stdev": 13.7280302048
    },
    "dissonance": {
        "max": 0.499992698431,
        "mean": 0.469224750996,
        "min": 0.308349609375,
        "stdev": 0.0317245163023
    },
    "dynamic_complexity": 4.0921292305,
    "erbbands_crest": {
        "max": 30.6972541809,
        "mean": 11.1984195709,
        "min": 2.90623521805,
        "stdev": 5.56120586395
    },
    "erbbands_flatness_db": {
        "max": 0.39000031352,
        "mean": 0.223439350724,
        "min": 0.094500169158,
        "stdev": 0.0679529309273
    },
    "erbbands_kurtosis": {
        "max": 37.6394348145,
        "mean": 1.21228432655,
        "min": -1.6936930418,
        "stdev": 3.10790944099
    },
    "erbbands_skewness": {
        "max": 4.83204841614,
        "mean": 0.703202843666,
        "min": -2.4423122406,
        "stdev": 0.898695588112
    },
    "erbbands_spread": {
        "max": 104.903465271,
        "mean": 25.284784317,
        "min": 1.68925368786,
        "stdev": 16.336523056
    },
    "hfc": {
        "max": 112.684379578,
        "mean": 13.590212822,
        "min": 1.11343160825e-05,
        "stdev": 16.7472229004
    },
    "loudness_ebu128": {
        "integrated": -27.3501548767,
        "loudness_range": 4.93244552612,
        "momentary": {
            "max": -21.5808620453,
            "mean": -28.9657802582,
            "min": -40.5124664307,
            "stdev": 3.93684458733
        },
        "short_term": {
            "max": -25.219373703,
            "mean": -27.7207260132,
            "min": -31.1553096771,
            "stdev": 1.71498477459
        }
    },
    "melbands_crest": {
        "max": 32.135848999,
        "mean": 13.3627052307,
        "min": 4.16210174561,
        "stdev": 5.35673475266
    },
    "melbands_flatness_db": {
        "max": 0.355659097433,
        "mean": 0.177055552602,
        "min": 0.0311329588294,
        "stdev": 0.049818277359
    },
    "melbands_kurtosis": {
        "max": 85.5512237549,
        "mean": 6.27276659012,
        "min": -1.65426552296,
        "stdev": 7.7597360611
    },
    "melbands_skewness": {
        "max": 7.69759750366,
        "mean": 1.66450452805,
        "min": -0.984906256199,
        "stdev": 1.08712768555
    },
    "melbands_spread": {
        "max": 178.123962402,
        "mean": 23.6536388397,
        "min": 1.84624660015,
        "stdev": 20.5586128235
    },
    "pitch_salience": {
        "max": 0.831658124924,
        "mean": 0.610707104206,
        "min": 0.182745173573,
        "stdev": 0.13298599422
    },
    "silence_rate_20dB": {
        "max": 1,
        "mean": 1,
        "min": 1,
        "stdev": 0
    },
    "silence_rate_30dB": {
        "max": 1,
        "mean": 0.998009979725,
        "min": 0,
        "stdev": 0.0445654094219
    },
    "silence_rate_60dB": {
        "max": 1,
        "mean": 0.201990053058,
        "min": 0,
        "stdev": 0.401484966278
    },
    "spectral_centroid": {
        "max": 4560.14746094,
        "mean": 1410.81237793,
        "min": 280.478149414,
        "stdev": 504.079864502
    },
    "spectral_complexity": {
        "max": 41,
        "mean": 13.123383522,
        "min": 0,
        "stdev": 6.94001483917
    },
    "spectral_decrease": {
        "max": -5.29296859756e-16,
        "mean": -3.48560313945e-09,
        "min": -3.28548388495e-08,
        "stdev": 4.6152286437e-09
    },
    "spectral_energy": {
        "max": 0.133905678988,
        "mean": 0.0143881579861,
        "min": 3.00760460981e-09,
        "stdev": 0.0187940523028
    },
    "spectral_energyband_high": {
        "max": 0.00915085617453,
        "mean": 0.000254982092883,
        "min": 8.4432616454e-10,
        "stdev": 0.000543630507309
    },
    "spectral_energyband_low": {
        "max": 0.0166668891907,
        "mean": 0.00129686016589,
        "min": 3.31207075654e-11,
        "stdev": 0.00219836598262
    },
    "spectral_energyband_middle_high": {
        "max": 0.0942516773939,
        "mean": 0.00549345836043,
        "min": 1.62797963998e-09,
        "stdev": 0.0104861501604
    },
    "spectral_energyband_middle_low": {
        "max": 0.103619523346,
        "mean": 0.0080628618598,
        "min": 4.77982819991e-10,
        "stdev": 0.014076191932
    },
    "spectral_entropy": {
        "max": 8.67446422577,
        "mean": 7.59196996689,
        "min": 6.13499975204,
        "stdev": 0.355183452368
    },
    "spectral_flux": {
        "max": 0.281418800354,
        "mean": 0.0679771229625,
        "min": 0.0110849440098,
        "stdev": 0.0457598045468
    },
    "spectral_kurtosis": {
        "max": 17.6983985901,
        "mean": 5.42498016357,
        "min": -1.27388489246,
        "stdev": 3.15473079681
    },
    "spectral_rms": {
        "max": 0.011429771781,
        "mean": 0.00320330541581,
        "min": 1.71296483131e-06,
        "stdev": 0.00194320466835
    },
    "spectral_rolloff": {
        "max": 11455.6640625,
        "mean": 1785.41247559,
        "min": 86.1328125,
        "stdev": 1382.07434082
    },
    "spectral_skewness": {
        "max": 3.43819570541,
        "mean": 1.69783008099,
        "min": 0.218595787883,
        "stdev": 0.424283087254
    },
    "spectral_spread": {
        "max": 14209909,
        "mean": 3825744.5,
        "min": 1782684.25,
        "stdev": 1511349.875
    },
    "spectral_strongpeak": {
        "max": 11.7798814774,
        "mean": 1.23115754128,
        "min": 0.000177279900527,
        "stdev": 1.66733956337
    },
    "zerocrossingrate": {
        "max": 0.36572265625,
        "mean": 0.0652387440205,
        "min": 0.015625,
        "stdev": 0.0346293821931
    },
    "barkbands": {
        "max": [0.000479678506963, 0.0148857003078, 0.00532097648829, 0.00962372962385, 0.0429674275219, 0.0846688821912, 0.0318868495524, 0.0574613697827, 0.0954631641507, 0.098377622664, 0.0233200248331, 0.0235592778772, 0.0160789024085, 0.0169794950634, 0.0230269227177, 0.0158373061568, 0.00528289284557, 0.00214468804188, 0.00196733884513, 0.000909907277673, 0.000696455361322, 0.00378813385032, 0.00265322905034, 0.00177807046566, 0.00335243623704, 1.61654406838e-05, 6.29227952231e-06],
        "mean": [2.6429488571e-05, 0.000900343817193, 0.000258168787695, 0.000218704182771, 0.00065019534668, 0.00165780005045, 0.000545549788512, 0.000875066441949, 0.00300638563931, 0.00256739929318, 0.000478582544019, 0.000290198862785, 0.000371041678591, 0.000559023756068, 0.000696902279742, 0.000490858743433, 0.000215483494685, 0.000175888460944, 0.000120247619634, 5.55974038434e-05, 5.81425883865e-05, 4.19672396674e-05, 4.95676249557e-05, 4.07147635997e-05, 3.78237527912e-05, 6.9151596449e-08, 7.06532521377e-09],
        "min": [1.20092200073e-11, 1.31672780318e-11, 9.65711538514e-12, 1.29610020633e-11, 4.45219278111e-11, 4.69379569934e-11, 2.76490861456e-11, 6.06483405163e-11, 2.74618272567e-10, 1.27381896697e-10, 1.10832745759e-10, 6.40601044433e-11, 1.04004298229e-10, 1.47297854469e-10, 6.06079214593e-11, 2.70806488345e-10, 3.28632815405e-10, 2.06786698875e-10, 1.28836774582e-10, 1.10650905105e-10, 1.87760543224e-10, 1.72072217586e-10, 1.46321330052e-10, 1.03874159274e-10, 7.79768818959e-11, 8.34708691055e-11, 4.88347071115e-11],
        "stdev": [5.36632942385e-05, 0.00193938275333, 0.0005248914822, 0.000518116459716, 0.00276339170523, 0.00632409146056, 0.00219135684893, 0.00334448018111, 0.00915774423629, 0.00865887757391, 0.00130998296663, 0.00107382668648, 0.0010319709545, 0.0014969430631, 0.00199503428303, 0.00141370319761, 0.000412112509366, 0.000268862524536, 0.000194512671442, 8.38765408844e-05, 8.82874010131e-05, 0.000151857326273, 0.000165416451637, 0.000114052563731, 0.000162060052389, 6.08032735272e-07, 1.98362144488e-07]
    },
    "erbbands": {
        "max": [0.429531335831, 3.33817696571, 4.70441675186, 14.2109794617, 59.9616127014, 206.628387451, 470.883361816, 916.667724609, 541.046936035, 273.504577637, 1260.90966797, 2955.90332031, 3478.99560547, 2783.47045898, 666.964660645, 1138.40148926, 623, 749.878723145, 1897.04992676, 610.655761719, 877.419250488, 292.497589111, 123.143730164, 104.996482849, 86.7405090332, 38.30676651, 29.5477771759, 34.9888877869, 146.867370605, 97.9719467163, 76.0900421143, 43.6588783264, 23.3210659027, 30.8542690277, 26.2461357117, 2.27484846115, 0.0510083734989, 0.00391558324918, 0.00092758552637, 0.000168510247022],
        "mean": [0.0275279749185, 0.195476740599, 0.297804474831, 0.582574546337, 1.13337814808, 2.27756357193, 6.98204469681, 15.9606027603, 11.0929346085, 6.03749752045, 31.1088371277, 73.0174102783, 87.2435302734, 48.0885276794, 16.4166240692, 13.4336328506, 16.4830245972, 25.3385620117, 41.3824119568, 26.552816391, 24.4948768616, 12.2649030685, 9.76434803009, 7.58908176422, 5.09800386429, 2.74811172485, 2.59718203545, 1.85403800011, 1.52250742912, 1.48164856434, 1.41968488693, 0.984737038612, 0.595417916775, 0.416907995939, 0.273051083088, 0.018844909966, 0.000489476195071, 3.70407869923e-05, 1.29543459479e-05, 1.82458497875e-05],
        "min": [4.22263057853e-10, 2.91962098942e-09, 1.06330118044e-08, 2.78616614224e-08, 1.02213213893e-07, 1.76035868549e-07, 1.53913333634e-07, 4.80713595152e-07, 4.92282822506e-07, 2.54545369671e-07, 3.96880523112e-06, 5.64911078982e-06, 2.70277041636e-06, 3.95351617044e-06, 4.13214002037e-06, 3.06199990519e-06, 5.81698805036e-06, 7.85682550486e-06, 5.2963782764e-06, 5.60075068279e-06, 1.50717178258e-05, 1.802638144e-05, 1.48872941281e-05, 9.31670820137e-06, 4.81470624436e-06, 4.77690946354e-06, 5.41849522051e-06, 8.87668375071e-06, 7.66802440921e-06, 5.00278201798e-06, 3.14871090268e-06, 2.30883415497e-06, 1.4695332311e-06, 7.38522885513e-07, 6.29278304132e-07, 4.79538357467e-07, 1.20558112826e-07, 3.03292324588e-08, 6.61945875891e-09, 8.24648960229e-10],
        "stdev": [0.0651129558682, 0.411555409431, 0.515862643719, 1.18740570545, 3.87721729279, 11.3324699402, 25.2290344238, 66.6811141968, 38.9132652283, 16.8482379913, 94.7821807861, 248.33757019, 293.235900879, 170.328475952, 36.2287788391, 44.702167511, 42.9556350708, 60.2606277466, 131.912246704, 53.0926551819, 74.0962905884, 24.553440094, 14.6705102921, 11.6578674316, 8.50938892365, 4.00091743469, 3.68784785271, 3.20982861519, 5.47694396973, 5.39322423935, 4.69597196579, 2.77693152428, 1.65139317513, 1.51890361309, 1.27916705608, 0.10122371465, 0.00239988300018, 0.000183904267033, 3.45757689502e-05, 2.27789259952e-05]
    },
    "gfcc": {
        "mean": [-70.1634521484, 90.9929122925, -174.356994629, 20.0341434479, -75.8902816772, 23.6218795776, -39.0846633911, 17.5023517609, -11.8780879974, -8.24694824219, -9.39322376251, -14.5603265762, 5.30359888077],
        "cov": [[4982.55761719, 428.110076904, 1816.8963623, 1132.83654785, 188.943313599, 193.375518799, -529.473022461, 7.99853038788, -183.308105469, 506.279266357, 152.83291626, 205.557678223, 143.517211914], [428.110076904, 624.499084473, 335.087280273, 212.345001221, 144.208221436, -21.2185173035, -15.73640728, -63.0088424683, 19.3850269318, 34.0480918884, 50.729183197, -13.4991960526, 30.5780906677], [1816.8963623, 335.087280273, 1828.8737793, 1081.34936523, 80.0263366699, 199.829696655, -429.594390869, -54.1108169556, -213.670043945, 317.253112793, 26.0648956299, 174.180099487, -30.6487388611], [1132.83654785, 212.345001221, 1081.34936523, 903.914428711, 166.857498169, 157.425079346, -226.615997314, -7.32790899277, -87.925819397, 221.237854004, 26.0935096741, 119.599609375, -19.853729248], [188.943313599, 144.208221436, 80.0263366699, 166.857498169, 249.474334717, 94.1689071655, 44.5327453613, 61.3961105347, 29.1808700562, 51.2668838501, 24.5216083527, 15.8284902573, 27.6870574951], [193.375518799, -21.2185173035, 199.829696655, 157.425079346, 94.1689071655, 227.185302734, 107.878852844, 42.4522209167, -26.1624660492, 51.6111297607, 3.77061223984, 12.4300804138, -16.0572566986], [-529.473022461, -15.73640728, -429.594390869, -226.615997314, 44.5327453613, 107.878852844, 364.004760742, 79.8432312012, 68.2441482544, -79.7364120483, -1.66426193714, -71.6408538818, -15.8527593613], [7.99853038788, -63.0088424683, -54.1108169556, -7.32790899277, 61.3961105347, 42.4522209167, 79.8432312012, 117.243087769, 45.1013336182, 20.6943225861, 4.55006694794, 1.22494804859, 2.50344967842], [-183.308105469, 19.3850269318, -213.670043945, -87.925819397, 29.1808700562, -26.1624660492, 68.2441482544, 45.1013336182, 126.84828949, -2.0445189476, 28.8867855072, -12.9390640259, 19.1475563049], [506.279266357, 34.0480918884, 317.253112793, 221.237854004, 51.2668838501, 51.6111297607, -79.7364120483, 20.6943225861, -2.0445189476, 147.256195068, 41.7494506836, 55.2748756409, 14.5445680618], [152.83291626, 50.729183197, 26.0648956299, 26.0935096741, 24.5216083527, 3.77061223984, -1.66426193714, 4.55006694794, 28.8867855072, 41.7494506836, 75.21434021, 33.6650924683, 22.8360786438], [205.557678223, -13.4991960526, 174.180099487, 119.599609375, 15.8284902573, 12.4300804138, -71.6408538818, 1.22494804859, -12.9390640259, 55.2748756409, 33.6650924683, 80.8840484619, 26.8632526398], [143.517211914, 30.5780906677, -30.6487388611, -19.853729248, 27.6870574951, -16.0572566986, -15.8527593613, 2.50344967842, 19.1475563049, 14.5445680618, 22.8360786438, 26.8632526398, 73.5075912476]],
        "icov": [[0.000461183080915, -0.000193061860045, -6.41694059595e-05, -0.000232663849602, 0.00034437541035, -0.000319596758345, 0.000489769561682, -0.000661230878904, 0.000672810652759, -0.000761367438827, -0.000680566765368, 0.000999829149805, -0.00115965364967], [-0.000193061860045, 0.00551044708118, -0.00369199318811, 0.0012704115361, -0.00520964572206, 0.00508353905752, -0.00417614355683, 0.00595510564744, -0.0028533085715, 0.00179578899406, -0.00270289136097, 0.00380652956665, -0.00130578957032], [-6.41694059595e-05, -0.00369199318811, 0.00585381267592, -0.00371288182214, 0.00489004794508, -0.00502658309415, 0.00455271964893, -0.00451855454594, 0.00397977232933, -0.00236920989119, 0.00140678125899, -0.00236577377655, 0.00115450832527], [-0.000232663849602, 0.0012704115361, -0.00371288182214, 0.00587534718215, -0.00423117959872, 0.00153259537183, -0.00157564913388, 0.0031136686448, -0.00265906751156, -0.00053604983259, 0.0014917855151, -0.00228877412155, 0.00261891935952], [0.00034437541035, -0.00520964572206, 0.00489004794508, -0.00423117959872, 0.0124319465831, -0.00750268762931, 0.00493793934584, -0.00879713334143, 0.00296128191985, -0.0015605801018, 0.000374505383661, -0.000412958208472, -0.00299410312437], [-0.000319596758345, 0.00508353905752, -0.00502658309415, 0.00153259537183, -0.00750268762931, 0.0155747802928, -0.0102716377005, 0.00612797355279, -0.000363813858712, -0.00105256517418, -0.000299591803923, 0.000623168773018, 0.000800041772891], [0.000489769561682, -0.00417614355683, 0.00455271964893, -0.00157564913388, 0.00493793934584, -0.0102716377005, 0.0124118505046, -0.00842752866447, 0.0017161561409, 0.00126799813006, -0.00205850065686, 0.0025399508886, 0.000127108389279], [-0.000661230878904, 0.00595510564744, -0.00451855454594, 0.0031136686448, -0.00879713334143, 0.00612797355279, -0.00842752866447, 0.0212209578604, -0.00813299044967, -0.00121595931705, 0.00277717038989, -0.00146728637628, 0.00191519141663], [0.000672810652759, -0.0028533085715, 0.00397977232933, -0.00265906751156, 0.00296128191985, -0.000363813858712, 0.0017161561409, -0.00813299044967, 0.0171840880066, -0.00423909258097, -0.00502226362005, 0.00299629545771, -0.00290544470772], [-0.000761367438827, 0.00179578899406, -0.00236920989119, -0.00053604983259, -0.0015605801018, -0.00105256517418, 0.00126799813006, -0.00121595931705, -0.00423909258097, 0.0188527777791, -0.00630186405033, -0.0012199417688, 5.71070740989e-05], [-0.000680566765368, -0.00270289136097, 0.00140678125899, 0.0014917855151, 0.000374505383661, -0.000299591803923, -0.00205850065686, 0.00277717038989, -0.00502226362005, -0.00630186405033, 0.0261852834374, -0.0139850731939, 0.00222872523591], [0.000999829149805, 0.00380652956665, -0.00236577377655, -0.00228877412155, -0.000412958208472, 0.000623168773018, 0.0025399508886, -0.00146728637628, 0.00299629545771, -0.0012199417688, -0.0139850731939, 0.0324087627232, -0.0122889084741], [-0.00115965364967, -0.00130578957032, 0.00115450832527, 0.00261891935952, -0.00299410312437, 0.000800041772891, 0.000127108389279, 0.00191519141663, -0.00290544470772, 5.71070740989e-05, 0.00222872523591, -0.0122889084741, 0.0234088674188]]
    },
    "melbands": {
        "max": [0.00400736415759, 0.00250660511665, 0.00375471287407, 0.0107453810051, 0.0130062084645, 0.0175322610885, 0.00770880095661, 0.00599166564643, 0.00879262667149, 0.0168547779322, 0.0173105448484, 0.0120190950111, 0.00198802864179, 0.00266792601906, 0.00213292008266, 0.00063969520852, 0.0017028877046, 0.0037472655531, 0.00125551293604, 0.00109478342347, 0.000957768643275, 0.000289426912786, 0.000287474947982, 0.000122310812003, 9.30794631131e-05, 7.02512843418e-05, 5.74558289372e-05, 2.48533669946e-05, 2.58861509792e-05, 2.26156807912e-05, 2.0315304937e-05, 7.30658866814e-05, 9.30599708227e-05, 4.5876524382e-05, 5.33168822585e-05, 2.70793843811e-05, 3.06157962768e-05, 1.88414487639e-05, 1.38400455398e-05, 3.13963319059e-05],
        "mean": [0.000255183811532, 0.000190127029782, 0.000114215014037, 0.000118436495541, 0.000217747292481, 0.000340549304383, 0.00015569140669, 7.89398982306e-05, 0.000303191220155, 0.000452571286587, 0.000431549182395, 0.00020609011699, 5.99404884269e-05, 3.42833700415e-05, 3.70157904399e-05, 3.44278523698e-05, 4.79466434626e-05, 6.88468571752e-05, 4.28445928264e-05, 3.61987185897e-05, 2.4476341423e-05, 1.20647109725e-05, 1.06480529212e-05, 8.28247448226e-06, 5.8897389863e-06, 4.53416760138e-06, 2.3282834718e-06, 1.66288259607e-06, 1.5732942984e-06, 1.50696837409e-06, 9.26122709188e-07, 8.11783309018e-07, 8.66013181167e-07, 8.25695224194e-07, 8.67737355748e-07, 6.62719173761e-07, 5.8794631741e-07, 4.28648490924e-07, 3.45409915781e-07, 3.56669261237e-07],
        "min": [4.30468551429e-12, 5.03836642546e-12, 6.93962378881e-12, 1.04902284775e-11, 6.06128255226e-12, 1.04727389955e-11, 7.01178047915e-12, 1.84763879543e-12, 4.58356512467e-11, 3.07554953727e-11, 1.39030748719e-11, 1.70889188217e-11, 1.52667860992e-11, 5.93735824395e-12, 1.00351844889e-11, 1.46409065427e-11, 1.34457393136e-11, 9.14964545101e-12, 2.83228865708e-12, 1.46258248568e-11, 1.78676500678e-11, 1.71533152266e-11, 1.94274544368e-11, 9.41913127356e-12, 7.77734907725e-12, 3.16228748916e-12, 4.16655251967e-12, 2.48561913239e-12, 3.82264792737e-12, 3.15269880515e-12, 5.52017155944e-12, 4.376822689e-12, 2.67857329199e-12, 3.23439517357e-12, 1.94394739021e-12, 1.54933206022e-12, 1.35324499002e-12, 8.84683493997e-13, 1.07193930381e-12, 4.9857676581e-13],
        "stdev": [0.000570743985008, 0.000309809605824, 0.000248222990194, 0.00055173272267, 0.000770910701249, 0.00135314965155, 0.000552321667783, 0.000289892777801, 0.000909890746698, 0.0014631546801, 0.00149504456203, 0.000757077010348, 0.000138691888424, 0.000115135415399, 0.000133690002258, 7.0486938057e-05, 0.000129902124172, 0.000239273635088, 0.000110055683763, 9.10283706617e-05, 7.32731350581e-05, 2.31108133448e-05, 2.07650991797e-05, 1.38557406899e-05, 9.27159999264e-06, 7.89169826021e-06, 4.0257582441e-06, 2.45568276114e-06, 2.32424349633e-06, 2.48127571467e-06, 1.69575650943e-06, 2.68363464784e-06, 3.77360242965e-06, 2.99205134979e-06, 3.05052640215e-06, 1.87317209566e-06, 1.77275398983e-06, 1.26199893202e-06, 1.00455633856e-06, 1.4565202946e-06]
    },
    "melbands128": {
        "max": [0.000430513755418, 0.0034097302705, 0.00682302890345, 0.00533281685784, 0.00230906414799, 0.00288168294355, 0.00234608072788, 0.00600674003363, 0.00620667263865, 0.0149417025968, 0.013718332164, 0.0139645105228, 0.0123701123521, 0.0367873944342, 0.0310827605426, 0.0191524643451, 0.00825913064182, 0.0140700284392, 0.00277673685923, 0.00168361957185, 0.00902960263193, 0.0231293719262, 0.015796083957, 0.024376174435, 0.0377894751728, 0.0190437082201, 0.0293336454779, 0.0299622155726, 0.0225730463862, 0.0199317466468, 0.0139112472534, 0.0046214601025, 0.00277068093419, 0.00286561087705, 0.0055011571385, 0.00152085407171, 0.00685853743926, 0.00205433997326, 0.00449507962912, 0.00120359729044, 0.000978124677204, 0.00251829344779, 0.00220330501907, 0.00303893606178, 0.0024049570784, 0.00837285816669, 0.00492694182321, 0.00271247839555, 0.00154008949175, 0.00237466790713, 0.00113050010987, 0.00349035160616, 0.00231042364612, 0.000417906267103, 0.000465644494398, 0.000619589583948, 0.000667887041345, 0.00057172839297, 0.000146185455378, 0.000137271679705, 0.000187934361747, 0.000246612209594, 0.000110667831905, 0.000112893605547, 0.000101681587694, 8.91221352504e-05, 9.20010279515e-05, 0.000111132962047, 4.53275897598e-05, 2.80526364804e-05, 2.31067861023e-05, 3.06945221382e-05, 2.91556934826e-05, 3.97352923756e-05, 2.41209254455e-05, 2.94734400086e-05, 4.93901716254e-05, 2.31123613048e-05, 2.26699339692e-05, 3.32032541337e-05, 4.73538093502e-05, 7.61107512517e-05, 0.000159838004038, 0.000105688035546, 4.40781259385e-05, 3.91905596189e-05, 6.990654947e-05, 7.94483567006e-05, 6.30700524198e-05, 4.96216198371e-05, 4.05140090152e-05, 2.32073853113e-05, 2.40601002588e-05, 2.61303903244e-05, 4.51529922429e-05, 2.82296514342e-05, 1.57285103342e-05, 1.85209573829e-05, 1.36844255394e-05, 1.91040235222e-05, 1.75445056811e-05, 3.63467552233e-05, 4.75106207887e-05, 4.91757200507e-05, 2.5117840778e-05, 4.09761087212e-05, 1.98106899916e-05, 8.51005950153e-07, 3.91991683557e-08, 3.81020690554e-08, 3.6926415703e-08, 3.56864084949e-08, 3.43755637289e-08, 3.33856142731e-08, 3.22281046294e-08, 3.12141459347e-08, 3.02146396791e-08, 2.93962258979e-08, 2.85989774085e-08, 2.78355702932e-08, 2.71099160898e-08, 2.65153499157e-08, 2.61362860243e-08, 2.56417802547e-08, 2.5365626044e-08, 2.50125413714e-08, 2.47578810786e-08, 2.45617783889e-08],
        "mean": [2.43324775511e-05, 0.000194099047803, 0.000399260810809, 0.000290669384412, 0.000158844370162, 0.000129148145788, 0.00011802490917, 0.000106656145363, 0.000111632376502, 0.000117296942335, 0.000118081799883, 0.000149959727423, 0.000223667695536, 0.0003188396513, 0.000430422776844, 0.000317772850394, 0.000180079805432, 0.000169113933225, 5.89091068832e-05, 3.09398492391e-05, 8.29050768516e-05, 0.000226751901209, 0.000269470212515, 0.000436012051068, 0.00060532707721, 0.000347622844856, 0.000395114970161, 0.000545163173229, 0.000358011719072, 0.000266399758402, 0.000147550133988, 8.23756563477e-05, 6.1227408878e-05, 3.81111785828e-05, 3.16136502079e-05, 3.48365174432e-05, 3.71824426111e-05, 2.89805648208e-05, 4.9923251936e-05, 3.02326043311e-05, 3.02122734865e-05, 4.02758378186e-05, 4.47403544968e-05, 5.65045629628e-05, 5.04007839481e-05, 9.04349872144e-05, 6.3657600549e-05, 4.5455784857e-05, 2.9955557693e-05, 3.17237645504e-05, 2.88861028821e-05, 5.6897803006e-05, 2.607690476e-05, 1.38153518492e-05, 1.24855896502e-05, 1.00342740552e-05, 1.38790737765e-05, 1.26411696328e-05, 9.2563986982e-06, 7.2780753726e-06, 8.21190587885e-06, 9.73261921899e-06, 5.98953874942e-06, 5.21876972925e-06, 4.42822420155e-06, 5.20112234881e-06, 4.41344582214e-06, 2.25756161853e-06, 2.03399849852e-06, 1.99299915948e-06, 1.72912473317e-06, 1.4248074649e-06, 1.45877936575e-06, 1.57831175329e-06, 1.67693895037e-06, 1.84543443993e-06, 1.25608357848e-06, 1.03915544969e-06, 9.16982912713e-07, 7.51138770738e-07, 7.70588940213e-07, 7.76151182436e-07, 1.0454260746e-06, 8.65212712142e-07, 7.24843062017e-07, 8.13065582861e-07, 8.32262230688e-07, 9.30308885927e-07, 9.10911296614e-07, 7.85408474258e-07, 7.40689529266e-07, 6.02939508099e-07, 5.78868480261e-07, 6.50848676287e-07, 5.45395948848e-07, 4.70232578209e-07, 4.01322409971e-07, 3.66097651749e-07, 3.63449942142e-07, 3.18800061905e-07, 3.22373722383e-07, 3.66333779311e-07, 3.91178360815e-07, 3.9982950284e-07, 3.46707281551e-07, 3.40572967161e-07, 9.21708007695e-08, 3.47912854082e-09, 4.54208580469e-11, 4.30700544674e-11, 4.1612401025e-11, 4.02691560653e-11, 3.89103332887e-11, 3.77253159267e-11, 3.64062079095e-11, 3.5287866379e-11, 3.39675475247e-11, 3.28480367906e-11, 3.19951461158e-11, 3.12146662684e-11, 3.04307204435e-11, 2.98109002761e-11, 2.93858444522e-11, 2.88057546566e-11, 2.85248127202e-11, 2.82007629054e-11, 2.793916834e-11, 2.76798080984e-11],
        "min": [5.34756223677e-12, 3.82953261116e-12, 3.87391811338e-12, 5.15439340515e-12, 5.48153883395e-12, 4.58395951405e-12, 4.76064326849e-12, 7.36597675216e-12, 1.05419423191e-11, 1.17519414339e-11, 1.0643981356e-11, 5.3715183343e-12, 2.37147627924e-12, 9.83241092711e-12, 1.25492949365e-11, 9.62449044073e-12, 8.95401461309e-12, 7.31383877073e-12, 3.82656319825e-12, 1.09633352743e-12, 8.2002167643e-13, 3.63509808192e-12, 5.23209010839e-11, 9.42695366213e-11, 3.88036651422e-11, 7.60814067996e-12, 3.07807078437e-12, 9.64848513585e-12, 3.01006233827e-11, 2.12409673184e-11, 9.40021845086e-12, 1.42871495884e-11, 2.01079257411e-11, 1.42861165606e-11, 2.32663888156e-12, 3.42249882948e-12, 1.06225679294e-11, 1.17954144715e-11, 5.1135064065e-12, 1.86429916643e-11, 1.13438303889e-11, 1.68242485915e-11, 2.20854098898e-11, 5.70808201053e-12, 5.66066030855e-12, 1.63542287351e-11, 3.97528581234e-12, 7.88836227242e-13, 2.20792763413e-12, 6.60918368645e-12, 1.74240448458e-11, 2.31739211154e-11, 1.41128974826e-11, 2.21457522459e-11, 1.13418805597e-11, 1.23950971015e-11, 2.49832845384e-11, 2.48648879264e-11, 1.7068428268e-11, 1.32499618916e-11, 6.60608980713e-12, 8.58076717319e-12, 9.90352591601e-12, 7.97427401888e-12, 1.82156091426e-12, 5.0446877578e-12, 1.2600862194e-12, 4.11472678846e-12, 4.18271493829e-12, 6.12734429167e-12, 1.50667011419e-12, 9.73018866e-13, 3.48591316403e-12, 6.53886016513e-12, 1.01820949675e-12, 2.01638792469e-12, 3.44706706755e-12, 7.75052678287e-12, 6.00571458884e-12, 3.25520925319e-12, 3.12943941594e-12, 6.68188247788e-12, 3.96442427497e-12, 1.77925621285e-12, 2.00184053362e-12, 1.44814065253e-12, 6.16349029106e-12, 2.14411127741e-12, 2.09702177498e-12, 6.62794959975e-13, 1.80956812035e-12, 1.73096931753e-12, 1.08045115823e-12, 1.91417498172e-12, 1.0649837132e-12, 7.42020485854e-13, 7.58083591561e-13, 9.72130037059e-13, 1.99743520335e-12, 3.75931084222e-13, 4.21754590887e-13, 4.47613381907e-13, 6.59660802545e-13, 8.31240946301e-13, 3.91001006529e-13, 5.24858043312e-13, 1.72138258508e-12, 6.74918074987e-13, 5.4691581125e-13, 6.03009287468e-13, 3.7178528485e-13, 3.06803329487e-13, 4.56509287837e-13, 2.62659550143e-13, 3.47761045221e-13, 4.13715069147e-13, 1.35444552709e-13, 8.57798803777e-14, 1.98540660366e-13, 2.38238682254e-13, 1.87319547352e-13, 2.29571217722e-13, 1.79703704716e-13, 2.05768074021e-13, 2.87215292782e-13, 3.25501561468e-13, 2.74315509544e-13, 4.2244254427e-13],
        "stdev": [5.00370879308e-05, 0.000489137484692, 0.000938124605455, 0.000605540466495, 0.000276859645965, 0.000271902157692, 0.000246631389018, 0.000285730377072, 0.000373204791686, 0.000682724872604, 0.000709541433025, 0.000723272562027, 0.000816525833216, 0.00170931022149, 0.00215256307274, 0.00135242508259, 0.000625946791843, 0.000880273117218, 0.000235546569456, 0.000113974834676, 0.00046108578681, 0.00108586880378, 0.00101904443, 0.00190073275007, 0.00277165672742, 0.00122133165132, 0.00149969791528, 0.00236720941029, 0.0015832943609, 0.00133710727096, 0.000739005801734, 0.000268858944764, 0.000165468736668, 0.000124735204736, 0.000188174817595, 9.7958400147e-05, 0.000233818194829, 0.000124045051052, 0.000249569304287, 9.64690261753e-05, 8.53982201079e-05, 0.000121932738693, 0.00014845962869, 0.000229601515457, 0.000184961871128, 0.000485595752252, 0.000263409194304, 0.000174688539119, 9.41160906223e-05, 0.000107352774648, 8.43235611683e-05, 0.000242945694481, 0.000116605922813, 2.85664009425e-05, 2.34138933592e-05, 2.86905815301e-05, 4.38970055257e-05, 3.67018910765e-05, 1.70004277606e-05, 1.30590142362e-05, 1.67065900314e-05, 2.43248559855e-05, 1.0731587281e-05, 9.21272203414e-06, 8.2090655269e-06, 1.05601548057e-05, 8.5424471763e-06, 5.49839296582e-06, 3.95007327825e-06, 3.40379983754e-06, 2.88113642455e-06, 2.36831647271e-06, 2.43161844082e-06, 2.85956866719e-06, 2.80733229374e-06, 3.20043477586e-06, 3.01760064758e-06, 2.16993225877e-06, 1.75051081897e-06, 1.72320471847e-06, 1.935939963e-06, 2.78085349237e-06, 5.61532897336e-06, 4.22559105573e-06, 2.66937172455e-06, 2.74446142612e-06, 3.39141274708e-06, 3.93743493987e-06, 3.3214926134e-06, 2.63184915639e-06, 2.49507411354e-06, 1.51497977185e-06, 1.58886018653e-06, 1.93809978555e-06, 2.01529633159e-06, 1.63795334629e-06, 1.07090886559e-06, 1.05227752556e-06, 1.03861214029e-06, 1.12428870125e-06, 1.12039754185e-06, 1.49152151607e-06, 2.15156751437e-06, 2.14873375626e-06, 1.36123901484e-06, 1.91758681467e-06, 6.83516134359e-07, 2.96102200537e-08, 1.23631560545e-09, 1.20128462733e-09, 1.1641294595e-09, 1.12501397087e-09, 1.08367947949e-09, 1.05247022208e-09, 1.01597463775e-09, 9.84009429494e-10, 9.52506185037e-10, 9.26712040439e-10, 9.01577534851e-10, 8.77508676833e-10, 8.5463203181e-10, 8.35886748707e-10, 8.23936252559e-10, 8.08348332715e-10, 7.99641852733e-10, 7.88509146865e-10, 7.80479236795e-10, 7.74298625217e-10]
    },
    "mfcc": {
        "mean": [-688.320373535, 108.547615051, -35.374042511, -6.52337121964, -7.20959329605, -5.90761232376, -6.96799850464, 8.03602313995, 5.65553617477, 8.41546154022, -0.307391494513, -5.29455661774, -7.16602897644],
        "cov": [[3855.45922852, 53.9593009949, 1243.34924316, 779.705688477, 654.896789551, 232.037704468, 66.8778305054, -312.138519287, -97.4121932983, -12.8464345932, -54.3928756714, 115.448120117, 137.613723755], [53.9593009949, 516.380310059, -29.0010852814, 52.4977645874, 36.7034301758, 10.6189441681, 9.47262001038, -16.9720897675, -7.1266913414, 13.7393131256, 14.5110836029, -12.7469568253, -45.6070556641], [1243.34924316, -29.0010852814, 1671.26318359, 793.588378906, 559.061401367, 315.960632324, 35.9003372192, -216.753677368, -162.351501465, -107.692718506, -27.2577819824, 109.201774597, 105.406433105], [779.705688477, 52.4977645874, 793.588378906, 646.682556152, 417.240661621, 187.070281982, 21.1084518433, -102.036613464, -50.5316314697, -30.6535243988, -9.49148178101, 85.3424224854, 104.42288208], [654.896789551, 36.7034301758, 559.061401367, 417.240661621, 439.609893799, 133.327636719, 6.35429000854, -92.6248855591, -35.0100097656, -17.9853363037, -23.6455383301, 42.2534828186, 92.8600769043], [232.037704468, 10.6189441681, 315.960632324, 187.070281982, 133.327636719, 220.009643555, 111.435493469, 11.8195924759, 6.43890714645, 20.5652484894, 20.8559627533, 27.3535842896, 24.6272411346], [66.8778305054, 9.47262001038, 35.9003372192, 21.1084518433, 6.35429000854, 111.435493469, 185.820755005, 81.3780517578, 47.5613174438, 49.793586731, 39.561870575, 4.20881795883, -5.69150495529], [-312.138519287, -16.9720897675, -216.753677368, -102.036613464, -92.6248855591, 11.8195924759, 81.3780517578, 149.395553589, 72.9422988892, 48.0392684937, 33.9392623901, 2.43757653236, -7.29899406433], [-97.4121932983, -7.1266913414, -162.351501465, -50.5316314697, -35.0100097656, 6.43890714645, 47.5613174438, 72.9422988892, 104.107009888, 57.8601112366, 24.2970409393, 5.32356548309, -3.21595621109], [-12.8464345932, 13.7393131256, -107.692718506, -30.6535243988, -17.9853363037, 20.5652484894, 49.793586731, 48.0392684937, 57.8601112366, 88.8003311157, 37.3062515259, 12.299612999, -5.28036022186], [-54.3928756714, 14.5110836029, -27.2577819824, -9.49148178101, -23.6455383301, 20.8559627533, 39.561870575, 33.9392623901, 24.2970409393, 37.3062515259, 72.3374481201, 35.1099395752, -0.35199368], [115.448120117, -12.7469568253, 109.201774597, 85.3424224854, 42.2534828186, 27.3535842896, 4.20881795883, 2.43757653236, 5.32356548309, 12.299612999, 35.1099395752, 92.6753158569, 44.0705718994], [137.613723755, -45.6070556641, 105.406433105, 104.42288208, 92.8600769043, 24.6272411346, -5.69150495529, -7.29899406433, -3.21595621109, -5.28036022186, -0.35199368, 44.0705718994, 91.0126419067]],
        "icov": [[0.000450264109531, -5.83004202781e-06, -0.000120730779599, -0.000114666217996, -0.000223028211622, 0.000257409963524, -0.000641406048089, 0.000995707814582, -0.000162144293427, -0.000453682529042, 0.000481373193907, -0.000365830870578, -6.77472562529e-05], [-5.83004202781e-06, 0.0022823610343, 0.000506185577251, -0.00069589848863, -0.000486714154249, -4.38033275714e-05, -0.000127476334455, 0.000269799580565, 0.000600995146669, -0.000136591785122, -0.00063918629894, -0.000100750410638, 0.00194645521697], [-0.000120730779599, 0.000506185577251, 0.0023096089717, -0.00164565176237, -0.000613609852735, -0.00145994522609, -0.000406313862186, 0.000933128234465, 0.00149718322791, 0.00142913754098, -0.000208362020203, -0.00114942970686, 0.00141158921178], [-0.000114666217996, -0.00069589848863, -0.00164565176237, 0.00634572701529, -0.0030771677848, -0.000947886786889, 0.000542039633729, -0.000284403766273, -0.000872436445206, 0.00032706381171, 0.000289204152068, -0.00165053119417, -0.00135446095373], [-0.000223028211622, -0.000486714154249, -0.000613609852735, -0.0030771677848, 0.00745711056516, -0.000824827759061, 0.000443662924226, 0.00143489730544, -0.00104253354948, -0.00137737917248, 0.000902230327483, 0.00245644780807, -0.0042106481269], [0.000257409963524, -4.38033275714e-05, -0.00145994522609, -0.000947886786889, -0.000824827759061, 0.01072383672, -0.00570904416963, -2.48731739703e-05, 2.03754534596e-05, -0.001552150934, 0.000115205824841, -4.48701684945e-05, -0.000119149764942], [-0.000641406048089, -0.000127476334455, -0.000406313862186, 0.000542039633729, 0.000443662924226, -0.00570904416963, 0.0130852404982, -0.00655980594456, -0.000390892790165, -0.00145002920181, -0.00344380829483, 0.00308870803565, 0.000532082864083], [0.000995707814582, 0.000269799580565, 0.000933128234465, -0.000284403766273, 0.00143489730544, -2.48731739703e-05, -0.00655980594456, 0.0176025312394, -0.00652412092313, 5.97167345404e-05, -0.000408485124353, -0.00129313196521, -0.00218304782175], [-0.000162144293427, 0.000600995146669, 0.00149718322791, -0.000872436445206, -0.00104253354948, 2.03754534596e-05, -0.000390892790165, -0.00652412092313, 0.0204363204539, -0.00871229823679, 0.00125461316202, -0.00100003997795, 0.00102961889934], [-0.000453682529042, -0.000136591785122, 0.00142913754098, 0.00032706381171, -0.00137737917248, -0.001552150934, -0.00145002920181, 5.97167345404e-05, -0.00871229823679, 0.0229579471052, -0.00747778080404, -0.00081905972911, 0.00171837734524], [0.000481373193907, -0.00063918629894, -0.000208362020203, 0.000289204152068, 0.000902230327483, 0.000115205824841, -0.00344380829483, -0.000408485124353, 0.00125461316202, -0.00747778080404, 0.02537307702, -0.0109494971111, 0.00267214560881], [-0.000365830870578, -0.000100750410638, -0.00114942970686, -0.00165053119417, 0.00245644780807, -4.48701684945e-05, 0.00308870803565, -0.00129313196521, -0.00100003997795, -0.00081905972911, -0.0109494971111, 0.0216157957911, -0.00926922634244], [-6.77472562529e-05, 0.00194645521697, 0.00141158921178, -0.00135446095373, -0.0042106481269, -0.000119149764942, 0.000532082864083, -0.00218304782175, 0.00102961889934, 0.00171837734524, 0.00267214560881, -0.00926922634244, 0.0208058618009]]
    },
    "spectral_contrast_coeffs": {
        "max": [-0.279358297586, -0.373739510775, -0.463286519051, -0.606717824936, -0.651700735092, -0.698925435543],
        "mean": [-0.761812508106, -0.737672388554, -0.749793469906, -0.801227748394, -0.79895979166, -0.793433725834],
        "min": [-0.910013079643, -0.917275905609, -0.932148456573, -0.906339526176, -0.899559855461, -0.869677662849],
        "stdev": [0.0825479924679, 0.0907529890537, 0.0759829729795, 0.0597980767488, 0.0319159664214, 0.0257923621684]
    },
    "spectral_contrast_valleys": {
        "max": [-5.56190061569, -5.45091533661, -5.78013753891, -6.1255197525, -6.24747371674, -8.07402515411],
        "mean": [-8.01362419128, -7.16847991943, -7.29859018326, -7.46221399307, -7.85748243332, -10.5291538239],
        "min": [-14.8033761978, -14.2600536346, -14.191321373, -14.3171730042, -14.1205558777, -16.2583274841],
        "stdev": [1.3231664896, 0.614598453045, 0.540320634842, 0.509846389294, 0.587943077087, 0.877154350281]
    }
},
"rhythm": {
    "beats_count": 48,
    "beats_loudness": {
        "max": 0.115322396159,
        "mean": 0.0240755751729,
        "min": 0.00117653945927,
        "stdev": 0.0262162424624
    },
    "bpm": 111.196586609,
    "bpm_histogram_first_peak_bpm": 112,
    "bpm_histogram_first_peak_weight": 0.448275864124,
    "bpm_histogram_second_peak_bpm": 161,
    "bpm_histogram_second_peak_spread": 0,
    "bpm_histogram_second_peak_weight": 0.170212760568,
    "danceability": 1.23960828781,
    "onset_rate": 2.65815544128,
    "beats_loudness_band_ratio": {
        "max": [0.73803126812, 0.779125392437, 0.912051677704, 0.693333029747, 0.516993403435, 0.0863352268934],
        "mean": [0.169676721096, 0.0846362933517, 0.377431243658, 0.239008426666, 0.144556298852, 0.0229055862874],
        "min": [4.65807679575e-05, 0.00114478252362, 0.0232473369688, 0.0138717768714, 0.00656791916117, 0.00304479314946],
        "stdev": [0.220675647259, 0.13880123198, 0.228821665049, 0.193902626634, 0.112609557807, 0.019497141242]
    },
    "beats_position": [0.510838985443, 1.04489791393, 1.57895684242, 2.11301589012, 2.6470746994, 3.20435357094, 3.73841261864, 4.27247142792, 4.81814050674, 5.36380958557, 5.89786815643, 6.43192720413, 6.97759628296, 7.52326536179, 8.05732440948, 8.60299301147, 9.14866161346, 9.69433116913, 10.2399997711, 10.774058342, 11.3081178665, 11.8421764374, 12.3762359619, 12.9102945328, 13.4443531036, 13.9784126282, 14.5240812302, 15.0697498322, 15.6154193878, 16.1610889435, 16.5326080322, 16.904127121, 17.2756462097, 17.6471652985, 18.0070743561, 18.3669834137, 18.7385025024, 19.1100215912, 19.4699325562, 19.8298416138, 20.1781406403, 20.5264396667, 20.8747386932, 21.2230377197, 21.5713367462, 21.9196376801, 22.2911567688, 22.6626758575],
