{
"metadata": {
    "version": {
        "essentia": "2.1-beta5",
        "essentia_git_sha": "Undefined",
        "extractor": "music 2.0"
    },
    "audio_properties": {
        "analysis": {
            "equal_loudness": 0,
            "length": 32.4963264465,
            "sample_rate": 44100,
            "start_time": 126.502311707,
            "downmix": "mix"
        },
        "bit_rate": 192000,
        "length": 187.965545654,
        "lossless": 0,
        "number_channels": 2,
        "replay_gain": -8.03373718262,
        "sample_rate": 48000,
        "codec": "mp3",
        "md5_encoded": "9d81f80b844495deab0a3037fd88f73c"
    },
    "tags": {
        "file_name": "United KingdomUK_Hold On To Our Love_James Fox.mp3",
        "encoding": ["Lavf58.29.100"]
    }
},
"lowlevel": {
    "average_loudness": 0.959986209869,
    "barkbands_crest": {
        "max": 25.4232616425,
        "mean": 10.5713253021,
        "min": 2.93553566933,
        "stdev": 4.54723405838
    },
    "barkbands_flatness_db": {
        "max": 0.297818273306,
        "mean": 0.118547365069,
        "min": 0.036210205406,
        "stdev": 0.0339838713408
    },
    "barkbands_kurtosis": {
        "max": 80.7504043579,
        "mean": 2.46091890335,
        "min": -1.92306613922,
        "stdev": 4.84431648254
    },
    "barkbands_skewness": {
        "max": 8.76040935516,
        "mean": 1.20382976532,
        "min": -2.95417261124,
        "stdev": 1.10056245327
    },
    "barkbands_spread": {
        "max": 117.591140747,
        "mean": 29.3189487457,
        "min": 2.65831518173,
        "stdev": 17.8968868256
    },
    "dissonance": {
        "max": 0.499999940395,
        "mean": 0.469803273678,
        "min": 0.281897783279,
        "stdev": 0.0251159127802
    },
    "dynamic_complexity": 2.54451823235,
    "erbbands_crest": {
        "max": 25.1775550842,
        "mean": 8.69650363922,
        "min": 2.38248109818,
        "stdev": 4.40281677246
    },
    "erbbands_flatness_db": {
        "max": 0.293990761042,
        "mean": 0.13187970221,
        "min": 0.0488533601165,
        "stdev": 0.0367029607296
    },
    "erbbands_kurtosis": {
        "max": 25.9911975861,
        "mean": 1.0524572134,
        "min": -1.51033961773,
        "stdev": 2.92815613747
    },
    "erbbands_skewness": {
        "max": 2.70646357536,
        "mean": 0.232233002782,
        "min": -4.6446056366,
        "stdev": 0.875280976295
    },
    "erbbands_spread": {
        "max": 106.220977783,
        "mean": 39.168548584,
        "min": 3.28280591965,
        "stdev": 19.5240802765
    },
    "hfc": {
        "max": 741.35925293,
        "mean": 37.0709686279,
        "min": 1.45127379894,
        "stdev": 59.817905426
    },
    "loudness_ebu128": {
        "integrated": -14.5453624725,
        "loudness_range": 2.15105438232,
        "momentary": {
            "max": -11.4136552811,
            "mean": -14.8508481979,
            "min": -19.4222335815,
            "stdev": 1.65473663807
        },
        "short_term": {
            "max": -13.159740448,
            "mean": -14.7131166458,
            "min": -16.6205158234,
            "stdev": 0.785043120384
        }
    },
    "melbands_crest": {
        "max": 31.4464874268,
        "mean": 14.4933347702,
        "min": 3.80847525597,
        "stdev": 5.61016702652
    },
    "melbands_flatness_db": {
        "max": 0.389796435833,
        "mean": 0.173644930124,
        "min": 0.0453665480018,
        "stdev": 0.0453703552485
    },
    "melbands_kurtosis": {
        "max": 238.896728516,
        "mean": 10.6919107437,
        "min": -1.80753839016,
        "stdev": 15.8021373749
    },
    "melbands_skewness": {
        "max": 13.6368761063,
        "mean": 2.37166452408,
        "min": -1.19634759426,
        "stdev": 1.7133409977
    },
    "melbands_spread": {
        "max": 312.238555908,
        "mean": 31.4869594574,
        "min": 1.53831732273,
        "stdev": 34.1140556335
    },
    "pitch_salience": {
        "max": 0.817603230476,
        "mean": 0.538415789604,
        "min": 0.145332112908,
        "stdev": 0.112017869949
    },
    "silence_rate_20dB": {
        "max": 1,
        "mean": 1,
        "min": 1,
        "stdev": 0
    },
    "silence_rate_30dB": {
        "max": 1,
        "mean": 0.982155621052,
        "min": 0,
        "stdev": 0.132386088371
    },
    "silence_rate_60dB": {
        "max": 1,
        "mean": 0.00499643106014,
        "min": 0,
        "stdev": 0.0705081298947
    },
    "spectral_centroid": {
        "max": 7274.77880859,
        "mean": 1547.31054688,
        "min": 431.687164307,
        "stdev": 781.610473633
    },
    "spectral_complexity": {
        "max": 57,
        "mean": 21.5881519318,
        "min": 1,
        "stdev": 7.46533536911
    },
    "spectral_decrease": {
        "max": -2.73212397151e-10,
        "mean": -7.95760968231e-09,
        "min": -4.41762573189e-08,
        "stdev": 6.07113159745e-09
    },
    "spectral_energy": {
        "max": 0.184080153704,
        "mean": 0.0333962775767,
        "min": 0.00116280117072,
        "stdev": 0.0243507213891
    },
    "spectral_energyband_high": {
        "max": 0.0740944370627,
        "mean": 0.00223171105608,
        "min": 1.12399311547e-05,
        "stdev": 0.00616688653827
    },
    "spectral_energyband_low": {
        "max": 0.130485400558,
        "mean": 0.0124506792054,
        "min": 2.09205136343e-05,
        "stdev": 0.0150856515393
    },
    "spectral_energyband_middle_high": {
        "max": 0.0781749039888,
        "mean": 0.00859151873738,
        "min": 0.000386955682188,
        "stdev": 0.0100414725021
    },
    "spectral_energyband_middle_low": {
        "max": 0.123488895595,
        "mean": 0.0107760233805,
        "min": 0.00015246141993,
        "stdev": 0.0111577706411
    },
    "spectral_entropy": {
        "max": 8.93183422089,
        "mean": 7.85250473022,
        "min": 6.75596189499,
        "stdev": 0.354695230722
    },
    "spectral_flux": {
        "max": 0.350321292877,
        "mean": 0.0944034233689,
        "min": 0.0198830906302,
        "stdev": 0.0498300381005
    },
    "spectral_kurtosis": {
        "max": 14.9727554321,
        "mean": 3.66230869293,
        "min": -1.38013362885,
        "stdev": 2.20414972305
    },
    "spectral_rms": {
        "max": 0.0134011339396,
        "mean": 0.00539141893387,
        "min": 0.00106510100886,
        "stdev": 0.00187466142233
    },
    "spectral_rolloff": {
        "max": 11778.6621094,
        "mean": 1875.00183105,
        "min": 64.599609375,
        "stdev": 2347.91503906
    },
    "spectral_skewness": {
        "max": 3.34780621529,
        "mean": 1.53017675877,
        "min": -0.428860336542,
        "stdev": 0.477793961763
    },
    "spectral_spread": {
        "max": 23091566,
        "mean": 5666907,
        "min": 2842158,
        "stdev": 2386414.5
    },
    "spectral_strongpeak": {
        "max": 26.3726081848,
        "mean": 1.06878697872,
        "min": 0,
        "stdev": 1.74061739445
    },
    "zerocrossingrate": {
        "max": 0.4248046875,
        "mean": 0.0793256610632,
        "min": 0.0126953125,
        "stdev": 0.0640988722444
    },
    "barkbands": {
        "max": [0.00711391679943, 0.120771288872, 0.0225372463465, 0.0103759653866, 0.0493261218071, 0.018766624853, 0.0139192920178, 0.086958527565, 0.0585042499006, 0.0734405592084, 0.0543049387634, 0.0643588528037, 0.0335659086704, 0.016668446362, 0.0212478786707, 0.0123767377809, 0.00597251392901, 0.00320328376256, 0.0022880109027, 0.00209079287015, 0.00278432131745, 0.00522144790739, 0.00909341964871, 0.0233183838427, 0.0398104004562, 0.00782218761742, 3.64649058611e-05],
        "mean": [0.000456012116047, 0.0102987624705, 0.00127833895385, 0.000927950895857, 0.00285750604235, 0.00168243970256, 0.000969099113718, 0.00245056650601, 0.00143361615483, 0.0019046831876, 0.001439574291, 0.00152765389066, 0.000819619104732, 0.000733992434107, 0.000825932482257, 0.000503572868183, 0.000446530757472, 0.000320405786624, 0.000226566146011, 0.000135010413942, 0.000175373163074, 0.000221079244511, 0.000318973266985, 0.000574231613427, 0.000660980527755, 0.000207627905183, 2.06602095432e-07],
        "min": [9.81204184569e-09, 4.19498610427e-06, 1.61368893714e-06, 8.84741382379e-07, 1.89622314792e-05, 7.43714826967e-06, 4.40920848632e-06, 5.70122756471e-06, 6.10691040492e-06, 9.02951887838e-06, 2.97072847388e-06, 1.03587381091e-05, 9.29776979319e-06, 1.08759286377e-05, 9.53122253122e-06, 7.42631482353e-06, 1.28004148792e-05, 5.24095867149e-06, 4.47671936854e-06, 2.94476899398e-06, 2.49864092439e-06, 2.07899665838e-06, 2.09408199225e-06, 1.21463006053e-06, 5.1940622825e-07, 2.03645569741e-07, 3.12567680072e-11],
        "stdev": [0.000691859459039, 0.0140728652477, 0.00173435197212, 0.00133311771788, 0.00464590452611, 0.00222332705744, 0.00143834028859, 0.00607802625746, 0.00295473216102, 0.00398564059287, 0.00464368192479, 0.00393528910354, 0.00208716071211, 0.00138255639467, 0.00146140705328, 0.00107010768261, 0.000485986442072, 0.000321669707773, 0.000232972670346, 0.000199203335796, 0.000286315276753, 0.000400899996748, 0.000769807433244, 0.00210131518543, 0.00281242234632, 0.000608723436017, 1.32295599542e-06]
    },
    "erbbands": {
        "max": [3.73013353348, 27.5272445679, 25.5981884003, 35.0835762024, 163.702529907, 217.137924194, 176.459793091, 216.663009644, 194.40284729, 824.851135254, 1683.3157959, 1560.59619141, 2636.15942383, 1269.53588867, 1795.11413574, 1678.24645996, 703.902587891, 1138.90063477, 1257.02990723, 808.819152832, 877.151794434, 289.420562744, 190.598510742, 135.530792236, 110.463867188, 77.3709106445, 127.19178772, 247.033462524, 155.509063721, 106.275611877, 284.138275146, 431.84564209, 517.580810547, 575.368164062, 209.124267578, 53.3958282471, 10.3907108307, 0.701694905758, 0.0159516111016, 0.00146937300451],
        "mean": [0.357355773449, 2.05034804344, 1.90371870995, 2.43556213379, 6.3086514473, 9.4992609024, 13.447429657, 13.1141719818, 13.5583152771, 21.1632995605, 60.4371986389, 34.16614151, 47.1044692993, 63.7194404602, 68.3497085571, 57.2170600891, 34.8561439514, 46.2818870544, 47.4048576355, 31.9199733734, 25.7359924316, 24.0484161377, 19.652589798, 12.624920845, 9.84572219849, 6.7234172821, 6.98633241653, 7.34021806717, 7.66807031631, 7.36847019196, 9.81404685974, 10.5479001999, 10.4660520554, 8.42432403564, 3.99323749542, 1.30065476894, 0.31951624155, 0.0261191893369, 0.000558746454772, 7.58351598051e-05],
        "min": [6.46861226414e-05, 0.00169617985375, 0.0050265584141, 0.00976059120148, 0.0125290891156, 0.0332715660334, 0.0762671306729, 0.0737574547529, 0.1387989223, 0.276426523924, 0.310270100832, 0.28863915801, 0.305013239384, 0.454641848803, 0.4017752707, 0.538351237774, 0.599915921688, 0.908014059067, 0.432530999184, 0.326876550913, 0.429413586855, 0.783659100533, 0.411985337734, 0.267189651728, 0.27533391118, 0.185050517321, 0.11697627604, 0.0715183541179, 0.085330247879, 0.0539439059794, 0.065967656672, 0.0370600298047, 0.0120661044493, 0.00497457524762, 0.00512923626229, 0.00150611437857, 0.000241729823756, 1.39711355587e-05, 3.25550104208e-06, 2.33689934248e-06],
        "stdev": [0.48261910677, 2.97045040131, 2.42872905731, 2.92391467094, 13.1616926193, 16.4284954071, 19.4159736633, 19.7195854187, 19.3535060883, 41.2336807251, 151.150100708, 70.3283004761, 114.280227661, 121.150871277, 186.339355469, 133.154083252, 69.9348297119, 96.1339569092, 85.7297744751, 52.1242179871, 52.9342346191, 24.3097572327, 19.367980957, 11.39083004, 10.9299573898, 9.49986743927, 12.1666622162, 14.2693872452, 14.0090789795, 12.4594535828, 24.4614524841, 34.3947601318, 41.8208808899, 37.8695106506, 15.8065872192, 3.97019433975, 0.956891775131, 0.0745594576001, 0.00157893775031, 0.000124592828797]
    },
    "gfcc": {
        "mean": [39.1782302856, 75.7462615967, -107.842948914, 31.0225124359, -54.973651886, 29.0195083618, -42.2931404114, 21.2968177795, -20.6749897003, 7.99677324295, -17.072511673, 8.85902881622, -10.1764507294],
        "cov": [[1763.44433594, -550.185913086, 119.521430969, -246.874176025, -146.531143188, 186.932693481, 8.28134155273, 52.485534668, -67.9980621338, 93.9850082397, -76.7896194458, -6.60810947418, -73.2227783203], [-550.185913086, 996.441101074, -455.259368896, 37.1414833069, 98.6773681641, -234.09703064, 126.154922485, -55.7204055786, 76.8830108643, -37.5280647278, 94.4930343628, -21.7909202576, 49.1426048279], [119.521430969, -455.259368896, 562.929626465, 154.206100464, 24.1730213165, 62.8450012207, -158.428756714, 65.845954895, 13.7678155899, 38.7679214478, -36.5413131714, 40.8027076721, 3.60211181641], [-246.874176025, 37.1414833069, 154.206100464, 464.591827393, 50.3460540771, -88.6575088501, -120.195320129, -22.9683208466, 90.5259399414, -12.6933403015, 13.3850841522, -2.27977132797, 78.1122512817], [-146.531143188, 98.6773681641, 24.1730213165, 50.3460540771, 155.742019653, 3.16125011444, 0.709873318672, 24.7814311981, 26.7576389313, 11.4624433517, 5.84899425507, 10.8362932205, 9.28884792328], [186.932693481, -234.09703064, 62.8450012207, -88.6575088501, 3.16125011444, 209.216094971, 83.3350830078, 23.5127983093, -41.360332489, 3.70741868019, 16.9233589172, 4.60074615479, -14.3374481201], [8.28134155273, 126.154922485, -158.428756714, -120.195320129, 0.709873318672, 83.3350830078, 199.639404297, 13.4917316437, -27.5914516449, -5.7558259964, 33.8103904724, -4.27529144287, -14.9037818909], [52.485534668, -55.7204055786, 65.845954895, -22.9683208466, 24.7814311981, 23.5127983093, 13.4917316437, 101.207626343, 45.2690658569, 12.9005947113, 2.58909416199, 3.73406624794, -4.61061000824], [-67.9980621338, 76.8830108643, 13.7678155899, 90.5259399414, 26.7576389313, -41.360332489, -27.5914516449, 45.2690658569, 111.991096497, 18.0685997009, 19.6085624695, -8.55657100677, 19.4081287384], [93.9850082397, -37.5280647278, 38.7679214478, -12.6933403015, 11.4624433517, 3.70741868019, -5.7558259964, 12.9005947113, 18.0685997009, 66.1627044678, 6.03232908249, 4.41093730927, -12.0057907104], [-76.7896194458, 94.4930343628, -36.5413131714, 13.3850841522, 5.84899425507, 16.9233589172, 33.8103904724, 2.58909416199, 19.6085624695, 6.03232908249, 71.3669509888, 15.1837816238, 15.2777528763], [-6.60810947418, -21.7909202576, 40.8027076721, -2.27977132797, 10.8362932205, 4.60074615479, -4.27529144287, 3.73406624794, -8.55657100677, 4.41093730927, 15.1837816238, 56.4654350281, 20.230386734], [-73.2227783203, 49.1426048279, 3.60211181641, 78.1122512817, 9.28884792328, -14.3374481201, -14.9037818909, -4.61061000824, 19.4081287384, -12.0057907104, 15.2777528763, 20.230386734, 64.2495651245]],
        "icov": [[0.000898745085578, -8.51424374559e-06, 0.000255855848081, 3.70038651454e-05, 0.000955051451456, -0.00099983473774, 0.000443873170298, -0.00061764853308, 0.000240272987867, -0.00150094134733, 0.00117274245713, -0.000319896120345, 0.000137708499096], [-8.51424374559e-06, 0.00531243765727, 0.00103128701448, 0.00115192856174, -0.00418187119067, 0.0074726799503, -0.00445302156731, 0.00283920369111, -0.00183927884791, 0.00236159469932, -0.00593986455351, 0.00310513260774, -0.00265679578297], [0.000255855848081, 0.00103128701448, 0.00497692683712, -0.0019887026865, -3.74397018277e-06, -0.00179784221109, 0.00315145775676, -0.0035851309076, 0.00167805131059, -0.0020606261678, 0.000916474731639, -0.00301370513625, 0.00155371800065], [3.70038651454e-05, 0.00115192856174, -0.0019887026865, 0.00523401796818, -0.00216420716606, 0.00302558182739, -0.0010333864484, 0.00420112162828, -0.00383911840618, 0.00219222274609, -0.00251740124077, 0.00363117828965, -0.00501632364467], [0.000955051451456, -0.00418187119067, -3.74397018277e-06, -0.00216420716606, 0.0116073880345, -0.00750507367775, 0.00369920465164, -0.00467186840251, 0.00115418608766, -0.00458763446659, 0.00672210659832, -0.00490103755146, 0.00282718916424], [-0.00099983473774, 0.0074726799503, -0.00179784221109, 0.00302558182739, -0.00750507367775, 0.0201515201479, -0.0110103180632, 0.00438518775627, -0.000386251107557, 0.00538832135499, -0.0123798660934, 0.00765949161723, -0.00543457688764], [0.000443873170298, -0.00445302156731, 0.00315145775676, -0.0010333864484, 0.00369920465164, -0.0110103180632, 0.0149738015607, -0.00666634179652, 0.00441889930516, -0.00322803063318, 0.00264829886146, -0.00325034558773, 0.00345045397989], [-0.00061764853308, 0.00283920369111, -0.0035851309076, 0.00420112162828, -0.00467186840251, 0.00438518775627, -0.00666634179652, 0.0211507286876, -0.0127957100049, 0.00463738944381, -0.0021629454568, 0.00115658820141, -0.00127473368775], [0.000240272987867, -0.00183927884791, 0.00167805131059, -0.00383911840618, 0.00115418608766, -0.000386251107557, 0.00441889930516, -0.0127957100049, 0.0214193668216, -0.00666268588975, -0.00312842847779, 0.00434900913388, -0.00223294855095], [-0.00150094134733, 0.00236159469932, -0.0020606261678, 0.00219222274609, -0.00458763446659, 0.00538832135499, -0.00322803063318, 0.00463738944381, -0.00666268588975, 0.0224968343973, -0.00650265673175, 6.54457471683e-05, 0.00312515161932], [0.00117274245713, -0.00593986455351, 0.000916474731639, -0.00251740124077, 0.00672210659832, -0.0123798660934, 0.00264829886146, -0.0021629454568, -0.00312842847779, -0.00650265673175, 0.0286507252604, -0.0112723764032, 0.00208008568734], [-0.000319896120345, 0.00310513260774, -0.00301370513625, 0.00363117828965, -0.00490103755146, 0.00765949161723, -0.00325034558773, 0.00115658820141, 0.00434900913388, 6.54457471683e-05, -0.0112723764032, 0.029595721513, -0.0131783895195], [0.000137708499096, -0.00265679578297, 0.00155371800065, -0.00501632364467, 0.00282718916424, -0.00543457688764, 0.00345045397989, -0.00127473368775, -0.00223294855095, 0.00312515161932, 0.00208008568734, -0.0131783895195, 0.0277657173574]]
    },
    "melbands": {
        "max": [0.0328549556434, 0.0180530417711, 0.00750383269042, 0.0126835089177, 0.00477572577074, 0.00427306815982, 0.00284502515569, 0.0138503881171, 0.0136199370027, 0.0103331534192, 0.0133492359892, 0.0054241232574, 0.00834379717708, 0.00874099135399, 0.00262025394477, 0.00340932933614, 0.00178594689351, 0.00179375091102, 0.00133497838397, 0.00112399854697, 0.00114343955647, 0.00024115818087, 0.00023227953352, 0.000148642386193, 0.000124160738778, 0.000101594872831, 6.64629696985e-05, 5.65839764022e-05, 8.73867975315e-05, 6.12954972894e-05, 0.000212927130633, 0.000114852387924, 6.4155421569e-05, 6.94930495229e-05, 0.000143867117004, 0.000241682544583, 0.000272010249319, 0.00026400591014, 0.000577995786443, 0.000476294371765],
        "mean": [0.00307056889869, 0.00153143471107, 0.000522231042851, 0.000599078077357, 0.000453962071333, 0.000292783486657, 0.000208207377, 0.000274621212156, 0.0004707670887, 0.000201668619411, 0.000238077293034, 0.000259420805378, 0.000228331860853, 0.000196718989173, 7.32851258363e-05, 9.68994718278e-05, 7.85357915447e-05, 7.31498876121e-05, 5.07161239511e-05, 3.78515724151e-05, 2.85394489765e-05, 2.41588531935e-05, 2.29640827456e-05, 1.46966758621e-05, 9.50769936026e-06, 8.78558512341e-06, 4.89653393743e-06, 4.23065330324e-06, 4.56026737083e-06, 3.76774960387e-06, 4.44190072812e-06, 4.41420024799e-06, 4.12006420447e-06, 4.07331799579e-06, 5.54790904062e-06, 6.12321264271e-06, 6.47406841381e-06, 6.72673741065e-06, 8.22691163194e-06, 6.84409951646e-06],
        "min": [8.00406894541e-07, 3.336215741e-06, 2.12333020499e-06, 3.3418464227e-06, 3.51310859514e-06, 1.60006834449e-06, 1.89604179468e-06, 1.64374876022e-06, 2.48875426223e-06, 9.58018176789e-07, 1.26854479277e-06, 1.33085291054e-06, 1.03064189716e-06, 9.33239277856e-07, 4.94171160881e-07, 1.3423642713e-06, 1.36315998134e-06, 5.41052031622e-07, 4.57824512523e-07, 3.26622597413e-07, 3.97345246483e-07, 7.62508250318e-07, 5.83338191973e-07, 2.74675613809e-07, 1.97576454752e-07, 1.90025730262e-07, 1.34614509761e-07, 1.09694852313e-07, 7.25385049805e-08, 4.48860362212e-08, 3.47457564942e-08, 5.27274295337e-08, 3.1765733155e-08, 3.04654115268e-08, 5.09032602736e-08, 1.47497525305e-08, 1.88211384256e-08, 8.30931501383e-09, 3.60194762905e-09, 4.78958828154e-09],
        "stdev": [0.00415275665, 0.00197751470841, 0.000696818344295, 0.00112523022108, 0.000608401256613, 0.000417337316321, 0.000297135964502, 0.000612560019363, 0.0011647035135, 0.000450662802905, 0.000582802807912, 0.000507639255375, 0.000708393810783, 0.00052443362074, 0.000153111031977, 0.000245460192673, 0.000164128257893, 0.000134353074827, 8.87390124262e-05, 7.67018209444e-05, 6.73567337799e-05, 2.51409619523e-05, 2.37078766077e-05, 1.62116793945e-05, 9.21710034163e-06, 9.52163827606e-06, 6.44657029625e-06, 6.39990457785e-06, 8.39966105559e-06, 5.93099548496e-06, 1.04540731627e-05, 9.07904450287e-06, 6.46256194159e-06, 7.54703705752e-06, 1.2820192751e-05, 1.93909236259e-05, 2.19089797611e-05, 2.59618245764e-05, 3.78867953259e-05, 3.16740188282e-05]
    },
    "melbands128": {
        "max": [0.0061507280916, 0.027374535799, 0.0557546801865, 0.0423419214785, 0.0178352892399, 0.0107399281114, 0.00789826456457, 0.00696167768911, 0.0194686930627, 0.0189141593874, 0.0165570341051, 0.00930653326213, 0.00908117089421, 0.00572381261736, 0.00806046742946, 0.00510462932289, 0.00381122087128, 0.0052243694663, 0.00524256611243, 0.00617276225239, 0.0310704763979, 0.0220308247954, 0.0253694392741, 0.0096395239234, 0.0120762642473, 0.015403073281, 0.0076762069948, 0.0249538123608, 0.00828750990331, 0.00967311765999, 0.00726324319839, 0.00901699438691, 0.0163057316095, 0.00829647108912, 0.0174597110599, 0.0125246802345, 0.00629986077547, 0.00321628758684, 0.00210674386472, 0.00202626362443, 0.0059569478035, 0.007715547923, 0.00272838654928, 0.00143526226748, 0.00143053359352, 0.00211066333577, 0.00460462830961, 0.00230241380632, 0.00129552546423, 0.00302545726299, 0.0015709042782, 0.00210856646299, 0.00270991073921, 0.00111858639866, 0.000721866090316, 0.000324073305819, 0.000315734243486, 0.000556229671929, 0.000493871979415, 0.000222458009375, 0.000339391262969, 0.000100919314718, 0.000124257217976, 0.000167357735336, 0.00018328128499, 0.000146715246956, 0.000180148301297, 7.07318613422e-05, 0.000103072918137, 7.5338051829e-05, 8.16762913018e-05, 7.19454110367e-05, 9.80228505796e-05, 0.000113089568913, 0.000104555663711, 4.51487831015e-05, 7.52092164475e-05, 8.53976307553e-05, 0.000222142640268, 0.000416788243456, 9.32324619498e-05, 7.77146269684e-05, 0.000102721605799, 8.89662987902e-05, 6.6677108407e-05, 8.70730218594e-05, 0.000110431625217, 0.00013746280456, 0.000206377502764, 0.000207801844226, 0.000279580970528, 0.000314361823257, 0.000301147054415, 0.000352432078216, 0.000250256300205, 0.000281261076452, 0.000330971379299, 0.000566975271795, 0.000640406680759, 0.000636879587546, 0.00054330722196, 0.000536916253623, 0.000652980292216, 0.000320160557749, 0.000256049068412, 0.000207718650927, 0.000160850657267, 0.000126890343381, 9.0885318059e-05, 0.000101618148619, 5.33288985025e-05, 5.3170027968e-05, 3.82875223295e-05, 2.35428378801e-05, 1.79443795787e-05, 7.10459516995e-06, 1.09873769816e-06, 2.0903355491e-08, 2.10875654716e-08, 2.10471693407e-08, 2.08840233995e-08, 2.0630748665e-08, 2.03560794887e-08, 2.01024210611e-08, 1.99046255034e-08, 1.97279845793e-08, 1.95788629753e-08, 1.94896223604e-08],
        "mean": [0.00042070337804, 0.00276115071028, 0.00461583398283, 0.00293996394612, 0.0011902009137, 0.00057732447749, 0.000462375232019, 0.000470392318675, 0.000653200782835, 0.000705787912011, 0.000487988640089, 0.000444762321422, 0.000525080715306, 0.000350037764292, 0.000304338260321, 0.000270392483799, 0.000176666566404, 0.000238056614762, 0.000176311019459, 0.000206634009373, 0.000280527427094, 0.000581551983487, 0.000612013158388, 0.000200467795366, 0.000198623878532, 0.000173758235178, 0.000256374070887, 0.000224411662202, 0.000227475145948, 0.000344563042745, 0.000215727166506, 0.000197911707801, 0.000296024431009, 0.000165532372193, 0.000226556803682, 0.000219494104385, 0.00014422503591, 4.07997686125e-05, 5.19705281476e-05, 6.65500410832e-05, 0.000102930927824, 0.000153528861119, 8.03392467787e-05, 4.0824226744e-05, 4.6737412049e-05, 8.9886430942e-05, 9.8402320873e-05, 4.05825703638e-05, 3.31851078954e-05, 4.88458681502e-05, 4.03843332606e-05, 2.2492984499e-05, 3.53042341885e-05, 2.67173909378e-05, 2.51131186815e-05, 2.18793684326e-05, 2.46875260927e-05, 2.82957153104e-05, 2.2687983801e-05, 1.29940026454e-05, 1.79258713615e-05, 1.17140134535e-05, 7.99238750915e-06, 9.7882020782e-06, 1.05410308606e-05, 9.06490549824e-06, 8.22391666588e-06, 4.79433811051e-06, 4.16546572524e-06, 4.63893002234e-06, 4.61699164589e-06, 3.43086139765e-06, 4.57875694337e-06, 5.28998725713e-06, 3.89589376937e-06, 3.52563233719e-06, 3.57002227247e-06, 4.44497345597e-06, 4.26534825237e-06, 5.11499956701e-06, 4.44142642664e-06, 4.09470112572e-06, 4.10278971685e-06, 4.43881162937e-06, 3.92870197174e-06, 3.41317195307e-06, 4.21648519477e-06, 5.04295758219e-06, 5.99422492087e-06, 5.32747162652e-06, 6.24154290563e-06, 6.00044495513e-06, 6.5321769398e-06, 7.23114953871e-06, 5.7045781432e-06, 5.96715381107e-06, 6.88016825734e-06, 7.85233714851e-06, 8.82484346221e-06, 8.38921187096e-06, 6.8480749178e-06, 6.72754185871e-06, 6.62502543491e-06, 5.3802596085e-06, 4.65691255158e-06, 3.51357198269e-06, 3.05062826556e-06, 2.65687344836e-06, 2.27306327361e-06, 1.61229604601e-06, 1.37664392241e-06, 1.16335240818e-06, 9.69127768258e-07, 8.03130376426e-07, 5.38352026069e-07, 2.21613120743e-07, 9.86370096712e-09, 4.84532726441e-11, 4.22851753612e-11, 4.13828624146e-11, 4.05598020448e-11, 3.9813288083e-11, 3.91062147942e-11, 3.84951272248e-11, 3.79905343295e-11, 3.75379970163e-11, 3.71910939545e-11, 3.7000482539e-11],
        "min": [8.48005110576e-10, 1.31621192168e-07, 3.83500946555e-07, 2.58802970166e-06, 3.05563503389e-06, 1.00285478766e-06, 3.29687907197e-07, 5.02687555581e-07, 1.11092390398e-06, 1.58746865964e-06, 4.89057640607e-07, 1.45271826568e-06, 5.16514035098e-07, 6.49238472761e-07, 9.01246153262e-07, 5.78516505811e-07, 1.08898768758e-06, 5.12426765908e-07, 4.75994511362e-07, 9.43313551716e-08, 5.39862696769e-07, 8.33165358927e-07, 2.95586545462e-07, 4.5158739681e-07, 3.55263750862e-07, 1.57184160798e-07, 4.2220668206e-07, 1.68130327438e-07, 4.30932459494e-07, 4.80936250824e-07, 5.25368363924e-07, 1.50275369037e-07, 1.97588249762e-07, 2.00801679284e-07, 3.37255528393e-07, 5.48040702597e-07, 3.37428673447e-07, 1.23879232206e-07, 2.15575411744e-07, 2.16159008914e-07, 2.25214591865e-07, 4.08946874586e-07, 3.6524306779e-07, 1.93002861693e-07, 1.54923299078e-07, 4.41866802703e-07, 3.66649061334e-07, 2.00281633056e-07, 3.00240230899e-07, 3.95903867911e-07, 1.28766870944e-07, 1.44544898717e-07, 2.16740431824e-07, 3.05199250761e-07, 1.38824987062e-07, 4.60034385696e-07, 4.96083600865e-07, 4.22939848477e-07, 2.01496519026e-07, 2.05757217486e-07, 1.3452320502e-07, 1.54308111178e-07, 1.33263881708e-07, 1.59248514819e-07, 1.88128154832e-07, 5.66021114423e-08, 1.79014534751e-07, 1.22230829902e-08, 7.6512577607e-08, 4.59577833567e-08, 7.53633955242e-08, 4.04256255138e-08, 4.71837360294e-08, 5.36829070086e-08, 1.16619700563e-08, 2.71512732297e-08, 2.16658673224e-08, 3.00358422578e-08, 2.86654309178e-08, 4.29411279868e-08, 5.09293265338e-08, 3.50609106192e-08, 4.38522960167e-08, 1.74634173788e-08, 2.68410396131e-08, 1.5035061196e-08, 2.38939357189e-08, 3.08248324643e-08, 5.84007473492e-08, 1.10376898732e-08, 1.72564107448e-09, 1.32589175195e-08, 1.94724965041e-08, 1.93538607363e-08, 7.16151093982e-09, 2.2153283652e-09, 9.63003454757e-09, 5.12872500025e-09, 3.84623044525e-09, 1.85006357456e-10, 7.99844357413e-10, 4.89280438387e-09, 1.69422909035e-09, 3.54817997206e-09, 1.01610564407e-09, 1.93847118912e-10, 3.29860652681e-11, 9.09061437238e-10, 3.45558970327e-10, 4.90867790859e-10, 3.19992782272e-10, 2.45063330739e-10, 1.51168272344e-10, 2.04710109974e-10, 5.2367717801e-11, 6.40599448487e-11, 4.510310311e-13, 1.23513992003e-13, 7.75749974783e-14, 6.88507275281e-14, 1.01789033474e-13, 7.02849440432e-14, 7.80186801123e-14, 7.94460119436e-14, 6.11533325606e-14, 2.54190877467e-14, 3.44871518529e-15, 9.53568052974e-17],
        "stdev": [0.000638627680019, 0.00377868814394, 0.00671919202432, 0.00442986143753, 0.00166739022825, 0.000787965604104, 0.000601583684329, 0.000763374788221, 0.00156040024012, 0.00160343700554, 0.00100222346373, 0.000762230250984, 0.000920390011743, 0.000593403936364, 0.000591299438383, 0.000483426643768, 0.000332214549417, 0.000456189620309, 0.000358289835276, 0.000472230662126, 0.00116855325177, 0.0015734420158, 0.00190037267748, 0.000471823645057, 0.000595488061663, 0.000631830072962, 0.000715458183549, 0.000935613235924, 0.000620367645752, 0.000803881674074, 0.000593118777033, 0.000739549519494, 0.00122950819787, 0.000651548500173, 0.000840447144583, 0.00070959655568, 0.000412548921304, 0.000128238840261, 0.000127286082716, 0.000172721513081, 0.000394153699744, 0.000496103952173, 0.000210984057048, 0.000103775819298, 0.000110341243271, 0.000197245564777, 0.000268548319582, 0.00012096073624, 7.68655372667e-05, 0.000133860943606, 0.000102871490526, 7.22468757886e-05, 0.000127711100504, 6.2696992245e-05, 4.48191713076e-05, 2.6476689527e-05, 3.02875014313e-05, 4.25190992246e-05, 3.34773576469e-05, 1.97766403289e-05, 2.74635949609e-05, 1.39481689985e-05, 9.93990215648e-06, 1.25695059978e-05, 1.29279314933e-05, 1.14506665341e-05, 1.19222768262e-05, 7.02025454302e-06, 7.74658019509e-06, 7.31080626792e-06, 7.9012952483e-06, 6.29223450233e-06, 9.02338433661e-06, 1.04899472717e-05, 9.00639133761e-06, 5.26614712726e-06, 6.28720999885e-06, 7.64493961469e-06, 1.09059719762e-05, 1.83357751666e-05, 9.27226210479e-06, 7.56824147174e-06, 7.75779608375e-06, 7.705054486e-06, 6.51094433124e-06, 6.76857462167e-06, 9.16184126254e-06, 1.11347544589e-05, 1.37159668157e-05, 1.52778120537e-05, 2.14217634493e-05, 2.05056367122e-05, 2.20576202992e-05, 2.5600193112e-05, 2.12933919101e-05, 2.3332395358e-05, 2.73140321951e-05, 3.60140984412e-05, 4.32062479376e-05, 4.09000167565e-05, 3.25732180499e-05, 3.13352757075e-05, 3.6088295019e-05, 2.2999040084e-05, 1.88788599189e-05, 1.29059426399e-05, 1.07660398498e-05, 8.02331578598e-06, 6.16917077423e-06, 5.80043024456e-06, 4.378707672e-06, 3.89309388993e-06, 3.01099680655e-06, 2.33742366618e-06, 1.59455225912e-06, 6.70748647735e-07, 4.64641338738e-08, 8.18559942051e-10, 8.04034061552e-10, 7.91472165584e-10, 7.78796305223e-10, 7.66209318215e-10, 7.54030726746e-10, 7.43303751882e-10, 7.35093097504e-10, 7.28172189213e-10, 7.22419735144e-10, 7.19008241834e-10]
    },
    "mfcc": {
        "mean": [-606.604003906, 108.946578979, 6.82699251175, 12.0268573761, 13.3102273941, 6.50657463074, -1.2987588644, 11.1095285416, 3.19429659843, 4.12855911255, 3.21050286293, 1.12232851982, -0.0310364346951],
        "cov": [[1674.42370605, -302.485809326, 28.6833591461, -291.166046143, -152.179000854, 25.9316577911, 52.2451171875, -48.1893577576, 17.6933670044, 45.2322731018, 48.1919975281, -27.4704437256, -37.7908782959], [-302.485809326, 793.876220703, -423.057556152, 58.6543922424, -135.18182373, -48.3815803528, 8.2873249054, 22.7881088257, -47.6220970154, 28.6265201569, 39.186252594, -4.0913271904, -0.843300163746], [28.6833591461, -423.057556152, 474.176879883, 61.7732124329, 169.179107666, -4.84044027328, -42.1847763062, -20.7438049316, 35.7067871094, -28.4144115448, -20.3195209503, 24.6006774902, 26.4127292633], [-291.166046143, 58.6543922424, 61.7732124329, 427.360900879, 143.633666992, -23.6913452148, -135.96295166, -41.1932640076, 31.9850845337, -26.784286499, -46.0131568909, 21.0226974487, 39.9430046082], [-152.179000854, -135.18182373, 169.179107666, 143.633666992, 254.765029907, -15.0585565567, -77.6075439453, -13.6713151932, 36.9142532349, 3.42875099182, -16.4590034485, 5.45881843567, 31.2432613373], [25.9316577911, -48.3815803528, -4.84044027328, -23.6913452148, -15.0585565567, 115.120170593, 70.4299468994, 9.31599617004, -11.2327032089, -6.67440986633, -0.90640348196, 5.54565143585, -12.0004873276], [52.2451171875, 8.2873249054, -42.1847763062, -135.96295166, -77.6075439453, 70.4299468994, 161.941543579, 56.0124816895, -11.6463527679, 10.2029094696, 18.2452659607, 5.25360441208, -19.0340385437], [-48.1893577576, 22.7881088257, -20.7438049316, -41.1932640076, -13.6713151932, 9.31599617004, 56.0124816895, 92.0722122192, 16.6134796143, 15.4291801453, 7.98251533508, 5.38259840012, 3.51091980934], [17.6933670044, -47.6220970154, 35.7067871094, 31.9850845337, 36.9142532349, -11.2327032089, -11.6463527679, 16.6134796143, 64.862739563, 29.0515766144, -0.738565087318, 2.26415538788, 8.63342952728], [45.2322731018, 28.6265201569, -28.4144115448, -26.784286499, 3.42875099182, -6.67440986633, 10.2029094696, 15.4291801453, 29.0515766144, 76.9164276123, 37.0459709167, 1.8681794405, -4.01464700699], [48.1919975281, 39.186252594, -20.3195209503, -46.0131568909, -16.4590034485, -0.90640348196, 18.2452659607, 7.98251533508, -0.738565087318, 37.0459709167, 79.1125564575, 22.1624794006, -6.42486047745], [-27.4704437256, -4.0913271904, 24.6006774902, 21.0226974487, 5.45881843567, 5.54565143585, 5.25360441208, 5.38259840012, 2.26415538788, 1.8681794405, 22.1624794006, 56.4121551514, 21.5887298584], [-37.7908782959, -0.843300163746, 26.4127292633, 39.9430046082, 31.2432613373, -12.0004873276, -19.0340385437, 3.51091980934, 8.63342952728, -4.01464700699, -6.42486047745, 21.5887298584, 53.8920936584]],
        "icov": [[0.000836684252135, 0.000420241820393, 0.000104451020889, 0.000376512936782, 0.000583013053983, -0.000102132056782, 0.000109450003947, 0.000724289158825, -0.000546191993635, -0.000259986583842, -0.000482851348352, 0.000452593027148, -0.000276968028629], [0.000420241820393, 0.00333042349666, 0.00263354089111, -0.00119566835929, 0.00054177979473, 0.00178447924554, -0.000875792524312, -0.000183923577424, 0.00175583234522, -0.000666423933581, -0.00146839325316, 0.000520490168128, -0.000986272469163], [0.000104451020889, 0.00263354089111, 0.0053425473161, -0.000438347487943, -0.0019646207802, 0.00160333630629, -0.00100717286114, 0.000539441592991, -0.000358423829312, 0.00159263866954, -0.000863147026394, -0.00137717439793, -0.000449092651252], [0.000376512936782, -0.00119566835929, -0.000438347487943, 0.0049948701635, -0.00135902839247, -0.00208866130561, 0.00361504824832, 0.000698842632119, -0.00274534733035, 0.00117499590851, 0.00203980086371, -0.00238475715742, 3.79919765692e-05], [0.000583013053983, 0.00054177979473, -0.0019646207802, -0.00135902839247, 0.0075685470365, -0.00114908535033, 0.00219877110794, -0.00047071283916, -0.000953855749685, -0.00181108328979, -0.000805491290521, 0.00225140410475, -0.00242899009027], [-0.000102132056782, 0.00178447924554, 0.00160333630629, -0.00208866130561, -0.00114908535033, 0.014583049342, -0.00866191647947, 0.00206864229403, 0.00225281412713, 0.000333092233632, 0.000536787731107, -0.00155046291184, 0.00178697740193], [0.000109450003947, -0.000875792524312, -0.00100717286114, 0.00361504824832, 0.00219877110794, -0.00866191647947, 0.0165103636682, -0.00710716005415, 0.000276231730822, -0.000667148211505, 0.000488499761559, -0.0019801997114, 0.00172561279032], [0.000724289158825, -0.000183923577424, 0.000539441592991, 0.000698842632119, -0.00047071283916, 0.00206864229403, -0.00710716005415, 0.0168949775398, -0.00559788616374, -0.000121708464576, -7.51681436668e-05, -0.000159538714797, -0.00221196631901], [-0.000546191993635, 0.00175583234522, -0.000358423829312, -0.00274534733035, -0.000953855749685, 0.00225281412713, 0.000276231730822, -0.00559788616374, 0.0264361295849, -0.0120652876794, 0.00401631742716, -0.000387706706533, -0.00112792069558], [-0.000259986583842, -0.000666423933581, 0.00159263866954, 0.00117499590851, -0.00181108328979, 0.000333092233632, -0.000667148211505, -0.000121708464576, -0.0120652876794, 0.0243720989674, -0.0108714969829, 0.00269433786161, 0.00042528094491], [-0.000482851348352, -0.00146839325316, -0.000863147026394, 0.00203980086371, -0.000805491290521, 0.000536787731107, 0.000488499761559, -7.51681436668e-05, 0.00401631742716, -0.0108714969829, 0.0231911037117, -0.0116806244478, 0.00530423223972], [0.000452593027148, 0.000520490168128, -0.00137717439793, -0.00238475715742, 0.00225140410475, -0.00155046291184, -0.0019801997114, -0.000159538714797, -0.000387706706533, 0.00269433786161, -0.0116806244478, 0.0288083739579, -0.0122415916994], [-0.000276968028629, -0.000986272469163, -0.000449092651252, 3.79919765692e-05, -0.00242899009027, 0.00178697740193, 0.00172561279032, -0.00221196631901, -0.00112792069558, 0.00042528094491, 0.00530423223972, -0.0122415916994, 0.0268461611122]]
    },
    "spectral_contrast_coeffs": {
        "max": [-0.531717896461, -0.515102803707, -0.47289070487, -0.609304964542, -0.657539486885, -0.652978301048],
        "mean": [-0.753836989403, -0.757151901722, -0.740389227867, -0.779435873032, -0.780855536461, -0.775638699532],
        "min": [-0.93177074194, -0.942932665348, -0.887870907784, -0.888345420361, -0.862248837948, -0.914173603058],
        "stdev": [0.0588205829263, 0.0614073872566, 0.0708241984248, 0.0460053868592, 0.032663308084, 0.0338835418224]
    },
    "spectral_contrast_valleys": {
        "max": [-4.7237701416, -4.5839471817, -5.30737733841, -5.91572904587, -5.82425451279, -7.0412940979],
        "mean": [-6.30799341202, -6.4976940155, -7.13677501678, -7.25264930725, -7.38698863983, -9.60852622986],
        "min": [-8.67405891418, -7.90870189667, -8.52877426147, -8.57691478729, -8.75400733948, -12.3271722794],
        "stdev": [0.463091433048, 0.502257525921, 0.560397088528, 0.421363115311, 0.448769837618, 0.872931778431]
    }
},
"rhythm": {
    "beats_count": 67,
    "beats_loudness": {
        "max": 0.125719711185,
        "mean": 0.0503968559206,
        "min": 0.0172624513507,
        "stdev": 0.024911345914
    },
    "bpm": 125.184020996,
    "bpm_histogram_first_peak_bpm": 126,
    "bpm_histogram_first_peak_weight": 0.287878811359,
    "bpm_histogram_second_peak_bpm": 0,
    "bpm_histogram_second_peak_spread": 0,
    "bpm_histogram_second_peak_weight": 0,
    "danceability": 1.26923382282,
    "onset_rate": 3.26074194908,
    "beats_loudness_band_ratio": {
        "max": [0.884338140488, 0.45052370429, 0.768822491169, 0.688087880611, 0.239535570145, 0.653146207333],
        "mean": [0.411735028028, 0.136247366667, 0.170313507318, 0.162380769849, 0.0803854167461, 0.0758516266942],
        "min": [0.0613826699555, 0.0128838662058, 0.0113337300718, 0.00789577141404, 0.0172084439546, 0.0100135290995],
        "stdev": [0.229054927826, 0.108840160072, 0.141915664077, 0.159802854061, 0.051053930074, 0.0899947658181]
    },
    "beats_position": [0.452789098024, 0.9287981987, 1.40480720997, 1.88081634045, 2.35682535172, 2.83283448219, 3.30884337425, 3.78485250473, 4.27247142792, 4.74848079681, 5.22448968887, 5.70049858093, 6.17650794983, 6.66412687302, 7.14013576508, 7.6277551651, 8.10376358032, 8.57977294922, 9.05578231812, 9.53179073334, 10.0194101334, 10.4954195023, 10.9714279175, 11.4474372864, 11.9350566864, 12.4110651016, 12.8986845016, 13.3746938705, 13.8623123169, 14.3383216858, 14.8143310547, 15.2903394699, 15.7663488388, 16.2539672852, 16.7299766541, 17.2059860229, 17.693605423, 18.1696147919, 18.6456241608, 19.1332416534, 19.6092510223, 20.0852603912, 20.5728797913, 21.0488891602, 21.5248966217, 22.0125160217, 22.4885253906, 22.9645347595, 23.4521541595, 23.9281635284, 24.40417099, 24.89179039, 25.3677997589, 25.8438091278, 26.3198184967, 26.7958278656, 27.2834453583, 27.7710647583, 28.2470741272, 28.7230834961, 29.199092865, 29.6751022339, 30.1627197266, 30.6503391266, 31.1263484955, 31.6023578644, 32.0899772644],
