{
"metadata": {
    "version": {
        "essentia": "2.1-beta5",
        "essentia_git_sha": "Undefined",
        "extractor": "music 2.0"
    },
    "audio_properties": {
        "analysis": {
            "equal_loudness": 0,
            "length": 12.7477550507,
            "sample_rate": 44100,
            "start_time": 0,
            "downmix": "mix"
        },
        "bit_rate": 192000,
        "length": 195.628128052,
        "lossless": 0,
        "number_channels": 2,
        "replay_gain": 5.24487495422,
        "sample_rate": 48000,
        "codec": "mp3",
        "md5_encoded": "863ba20d55cafd31ed8bee2aed9afee7"
    },
    "tags": {
        "file_name": "Latvia_Dziesma Par Laimi_Fomins _ Kleins.mp3",
        "encoding": ["Lavf58.29.100"]
    }
},
"lowlevel": {
    "average_loudness": 0.84214925766,
    "barkbands_crest": {
        "max": 24.8886585236,
        "mean": 11.6375989914,
        "min": 2.63088393211,
        "stdev": 4.09133529663
    },
    "barkbands_flatness_db": {
        "max": 0.301871985197,
        "mean": 0.197599247098,
        "min": 0.0625374242663,
        "stdev": 0.0437251515687
    },
    "barkbands_kurtosis": {
        "max": 55.9839820862,
        "mean": 6.00547456741,
        "min": -1.35949611664,
        "stdev": 8.86333370209
    },
    "barkbands_skewness": {
        "max": 7.46923351288,
        "mean": 1.90873205662,
        "min": -1.85912597179,
        "stdev": 1.32584702969
    },
    "barkbands_spread": {
        "max": 111.274635315,
        "mean": 12.8239364624,
        "min": 2.10094809532,
        "stdev": 8.70302581787
    },
    "dissonance": {
        "max": 0.500000059605,
        "mean": 0.469974815845,
        "min": 0.269511342049,
        "stdev": 0.0290908757597
    },
    "dynamic_complexity": 4.43777132034,
    "erbbands_crest": {
        "max": 25.8552207947,
        "mean": 9.59230422974,
        "min": 3.09807085991,
        "stdev": 4.18824768066
    },
    "erbbands_flatness_db": {
        "max": 0.366680234671,
        "mean": 0.213421151042,
        "min": 0.0585437938571,
        "stdev": 0.0631680190563
    },
    "erbbands_kurtosis": {
        "max": 18.785282135,
        "mean": 1.03363764286,
        "min": -1.50097799301,
        "stdev": 2.13778686523
    },
    "erbbands_skewness": {
        "max": 2.77254247665,
        "mean": 0.461937844753,
        "min": -1.24112689495,
        "stdev": 0.742195904255
    },
    "erbbands_spread": {
        "max": 73.2610702515,
        "mean": 27.4106349945,
        "min": 3.52394199371,
        "stdev": 15.8090467453
    },
    "hfc": {
        "max": 91.2396774292,
        "mean": 11.055439949,
        "min": 1.2233241577e-16,
        "stdev": 14.4710235596
    },
    "loudness_ebu128": {
        "integrated": -30.0580635071,
        "loudness_range": 7.82111358643,
        "momentary": {
            "max": -24.4237976074,
            "mean": -32.4690704346,
            "min": -47.6147003174,
            "stdev": 4.96103811264
        },
        "short_term": {
            "max": -26.8713989258,
            "mean": -31.4681453705,
            "min": -36.5375671387,
            "stdev": 2.82633829117
        }
    },
    "melbands_crest": {
        "max": 37.9896659851,
        "mean": 15.7774324417,
        "min": 1.94430506229,
        "stdev": 5.49212312698
    },
    "melbands_flatness_db": {
        "max": 0.384497970343,
        "mean": 0.231377333403,
        "min": 0.00408130558208,
        "stdev": 0.0569447018206
    },
    "melbands_kurtosis": {
        "max": 141.98046875,
        "mean": 15.5464839935,
        "min": -1.61477220058,
        "stdev": 21.3792591095
    },
    "melbands_skewness": {
        "max": 10.5036525726,
        "mean": 2.85393738747,
        "min": -0.652960598469,
        "stdev": 1.89181268215
    },
    "melbands_spread": {
        "max": 135.098251343,
        "mean": 14.6390762329,
        "min": 1.79155957699,
        "stdev": 11.6305656433
    },
    "pitch_salience": {
        "max": 0.845771372318,
        "mean": 0.526842236519,
        "min": 0.0648731291294,
        "stdev": 0.163688719273
    },
    "silence_rate_20dB": {
        "max": 1,
        "mean": 1,
        "min": 1,
        "stdev": 0
    },
    "silence_rate_30dB": {
        "max": 1,
        "mean": 0.992727279663,
        "min": 0,
        "stdev": 0.0849696546793
    },
    "silence_rate_60dB": {
        "max": 1,
        "mean": 0.165454551578,
        "min": 0,
        "stdev": 0.3715890944
    },
    "spectral_centroid": {
        "max": 10783.0234375,
        "mean": 1067.69116211,
        "min": 246.916000366,
        "stdev": 605.990966797
    },
    "spectral_complexity": {
        "max": 39,
        "mean": 12.9218177795,
        "min": 0,
        "stdev": 7.7866601944
    },
    "spectral_decrease": {
        "max": 4.50520333531e-29,
        "mean": -5.7261524411e-09,
        "min": -4.21423038688e-08,
        "stdev": 6.75205269474e-09
    },
    "spectral_energy": {
        "max": 0.162924960256,
        "mean": 0.0226145982742,
        "min": 1.09258684353e-20,
        "stdev": 0.0265476815403
    },
    "spectral_energyband_high": {
        "max": 0.00108707940672,
        "mean": 0.00012248159328,
        "min": 7.99328375041e-21,
        "stdev": 0.000191868908587
    },
    "spectral_energyband_low": {
        "max": 0.133331879973,
        "mean": 0.0103735495359,
        "min": 4.75580573931e-23,
        "stdev": 0.0160097312182
    },
    "spectral_energyband_middle_high": {
        "max": 0.0696518197656,
        "mean": 0.0049525029026,
        "min": 1.52819719854e-21,
        "stdev": 0.00803933851421
    },
    "spectral_energyband_middle_low": {
        "max": 0.107196591794,
        "mean": 0.00888549350202,
        "min": 3.70030845973e-22,
        "stdev": 0.0136251831427
    },
    "spectral_entropy": {
        "max": 9.79577827454,
        "mean": 7.48296785355,
        "min": 6.30256271362,
        "stdev": 0.314396709204
    },
    "spectral_flux": {
        "max": 0.350123941898,
        "mean": 0.0740318596363,
        "min": 1.04526880207e-10,
        "stdev": 0.0527313537896
    },
    "spectral_kurtosis": {
        "max": 15.1598587036,
        "mean": 5.73713922501,
        "min": -1.19829177856,
        "stdev": 2.69945764542
    },
    "spectral_rms": {
        "max": 0.0126075847074,
        "mean": 0.0039907284081,
        "min": 3.26487122927e-12,
        "stdev": 0.00247731874697
    },
    "spectral_rolloff": {
        "max": 18863.0859375,
        "mean": 1041.54064941,
        "min": 21.533203125,
        "stdev": 1239.64904785
    },
    "spectral_skewness": {
        "max": 2.92020463943,
        "mean": 1.7526345253,
        "min": 0.0337187573314,
        "stdev": 0.374246865511
    },
    "spectral_spread": {
        "max": 40914240,
        "mean": 3489709.5,
        "min": 1996085.375,
        "stdev": 1895490.625
    },
    "spectral_strongpeak": {
        "max": 5.02991724014,
        "mean": 0.668926775455,
        "min": 0,
        "stdev": 0.65921074152
    },
    "zerocrossingrate": {
        "max": 0.6962890625,
        "mean": 0.04238813743,
        "min": 0.0078125,
        "stdev": 0.044294860214
    },
    "barkbands": {
        "max": [0.000117749368655, 0.059271633625, 0.0873033851385, 0.0444176234305, 0.0606520101428, 0.0277498271316, 0.0119872102514, 0.00734421843663, 0.033959440887, 0.0454917028546, 0.0139913940802, 0.00678721163422, 0.0143337342888, 0.0164688173681, 0.00133286695927, 0.0010957880877, 0.00103543093428, 0.00261931167915, 0.00113029615022, 0.00107238756027, 0.000395559967728, 0.000413057801779, 0.00023700708698, 0.000237430416746, 0.000111858185846, 5.9110066104e-06, 6.40047119305e-06],
        "mean": [8.52139510243e-06, 0.00364667410031, 0.00523878773674, 0.00282285595313, 0.00256209122017, 0.000646767439321, 0.000370136694983, 0.00037871368113, 0.00170119898394, 0.00209772167727, 0.00054298696341, 0.00035304564517, 0.00067512143869, 0.000724889279809, 0.00019040920597, 0.00012968966621, 0.000114577982458, 0.000143530240166, 9.20624515857e-05, 7.65869335737e-05, 3.04818186123e-05, 2.48392043432e-05, 1.86432953342e-05, 1.53237924678e-05, 8.9068471425e-06, 2.20487983427e-08, 1.30572761492e-08],
        "min": [1.29821537552e-24, 2.40560624469e-23, 1.49711679201e-23, 2.21660416482e-23, 3.49718889353e-23, 5.85253759882e-23, 2.92717472727e-23, 1.18856662848e-22, 4.65135676892e-23, 9.54188101818e-23, 5.21991248914e-23, 8.59717275252e-23, 1.08235982356e-22, 8.34403927872e-23, 6.75380613432e-23, 1.86606889909e-22, 2.45206343092e-22, 1.87723677137e-22, 2.33413087129e-22, 4.14248885226e-22, 3.24613081811e-22, 6.77388674644e-22, 6.11114160211e-22, 9.36153984218e-22, 1.13511737678e-21, 1.76233495223e-21, 2.49255448736e-21],
        "stdev": [1.38743862408e-05, 0.00633411575109, 0.00965291447937, 0.00560684502125, 0.00600077817217, 0.00189343921375, 0.00104801706038, 0.000728264043573, 0.00329906307161, 0.0038142693229, 0.00122567394283, 0.000776184082497, 0.00158530077897, 0.00174601620529, 0.000198606910999, 0.000149614061229, 0.000145819663885, 0.000276239676168, 0.000170121915289, 0.000145330530358, 5.84184599575e-05, 4.68420075777e-05, 2.98759878206e-05, 2.74071389867e-05, 1.60979743669e-05, 2.53658299698e-07, 2.72613704055e-07]
    },
    "erbbands": {
        "max": [0.535102546215, 17.1733207703, 93.9664077759, 130.94581604, 281.63293457, 158.459442139, 78.8778381348, 287.434814453, 188.812347412, 94.3687744141, 219.795837402, 1051.53369141, 1077.12548828, 811.803344727, 316.440612793, 335.199645996, 492.408325195, 904.43536377, 266.302337646, 49.319103241, 61.1550254822, 64.3639297485, 163.63067627, 84.5654373169, 90.9129867554, 43.30626297, 18.0790348053, 15.0760574341, 14.3012094498, 6.25387191772, 7.00201845169, 3.93698406219, 3.92695522308, 1.53821492195, 0.704733073711, 0.0490900240839, 0.0111114308238, 0.00397803541273, 0.000930774665903, 0.000181179639185],
        "mean": [0.0446715839207, 1.0791053772, 5.1174287796, 8.76576328278, 12.1203136444, 5.95702838898, 2.32752490044, 6.44028520584, 6.57430744171, 4.31725502014, 13.3634796143, 42.3240394592, 52.8846740723, 51.1505851746, 19.376159668, 16.1282253265, 27.4689273834, 42.5395240784, 17.8346271515, 8.53531932831, 6.96780633926, 6.63714790344, 7.78105115891, 5.20133161545, 5.3948264122, 3.36251831055, 1.59465265274, 1.05077731609, 0.896000862122, 0.639239192009, 0.532422482967, 0.335115581751, 0.246798232198, 0.125425383449, 0.0504417344928, 0.00311951548792, 0.000114770627988, 1.63858785527e-05, 1.39195472002e-05, 2.60841279669e-05],
        "min": [4.72711808674e-22, 6.44575524402e-21, 1.82359058465e-20, 3.9987212974e-20, 6.32098660006e-20, 1.06161897854e-19, 3.84974277329e-19, 5.54746196267e-19, 3.31595536919e-19, 9.10663919273e-19, 2.74897698112e-18, 1.13540103349e-18, 3.34051844578e-18, 1.68267168837e-18, 2.66764982406e-18, 3.5642526035e-18, 4.7371434269e-18, 4.04931751856e-18, 4.2158488282e-18, 5.29759675581e-18, 9.72416984505e-18, 1.32284841142e-17, 1.28816340485e-17, 7.83280483084e-18, 1.5479760376e-17, 2.0282323036e-17, 1.62269129187e-17, 1.39102083247e-17, 2.01797873816e-17, 2.15704566624e-17, 1.80304363149e-17, 1.92929653926e-17, 1.60895496518e-17, 1.10432698048e-17, 9.49754882699e-18, 6.43352914944e-18, 3.69209502153e-18, 1.11566098855e-18, 3.80187357274e-19, 3.72796472652e-20],
        "stdev": [0.0676924586296, 1.84967494011, 9.27931404114, 16.6487064362, 26.6588764191, 17.1116600037, 6.81565093994, 19.2029762268, 18.1563034058, 8.03938674927, 23.0956344604, 92.3664398193, 89.8882675171, 90.1582489014, 38.2350502014, 35.5310211182, 58.5449523926, 99.3913345337, 28.7853221893, 8.52525997162, 8.03767108917, 8.39561653137, 14.1531906128, 9.34218406677, 11.5133752823, 5.90599298477, 2.88379478455, 2.02618265152, 1.74120271206, 1.02127122879, 0.865671932697, 0.564226865768, 0.454988002777, 0.229512527585, 0.0927925258875, 0.00594150787219, 0.000496117863804, 0.000169576655026, 4.1560473619e-05, 3.06090296363e-05]
    },
    "gfcc": {
        "mean": [-84.8718338013, 117.574577332, -162.910507202, 25.7533168793, -63.6102752686, 27.3299617767, -27.3465747833, 9.16418838501, -15.0398664474, -17.1348991394, -11.3222360611, -24.4882659912, -0.162469804287],
        "cov": [[11946.0097656, 2081.64916992, 1024.22314453, 1283.18994141, 260.244537354, 779.584289551, -135.768951416, 44.7626075745, -385.119354248, -347.234039307, 263.270019531, -390.289123535, -213.297119141], [2081.64916992, 1097.35998535, 1042.92236328, 770.448608398, 517.378173828, 335.149780273, 94.8377609253, -16.5034370422, -7.08362579346, -47.0075263977, 93.0895080566, -52.7773780823, -71.7079849243], [1024.22314453, 1042.92236328, 2200.29663086, 1403.81384277, 877.655334473, 625.860961914, 50.0992660522, 29.936624527, -30.4074516296, 141.211502075, 125.155822754, 78.410949707, -123.420722961], [1283.18994141, 770.448608398, 1403.81384277, 1207.39160156, 664.348205566, 475.84475708, 92.6907348633, 30.6878414154, 34.9093742371, 71.7062683105, 54.7927322388, 42.8150901794, -64.2003860474], [260.244537354, 517.378173828, 877.655334473, 664.348205566, 505.315063477, 283.529205322, 125.7498703, 22.4571647644, 35.4107437134, 37.8023376465, 30.0857391357, 26.5779018402, -35.4386444092], [779.584289551, 335.149780273, 625.860961914, 475.84475708, 283.529205322, 323.783782959, 77.6158370972, 72.5270843506, 7.19792699814, 34.6768836975, 37.0007896423, 20.078496933, -25.1980342865], [-135.768951416, 94.8377609253, 50.0992660522, 92.6907348633, 125.7498703, 77.6158370972, 183.122009277, 49.2017097473, 56.2133331299, -30.4330177307, -17.8702754974, -12.4303188324, 28.1503295898], [44.7626075745, -16.5034370422, 29.936624527, 30.6878414154, 22.4571647644, 72.5270843506, 49.2017097473, 84.0692367554, 26.4837360382, 22.4801235199, 6.9706196785, 9.63876152039, 8.70363235474], [-385.119354248, -7.08362579346, -30.4074516296, 34.9093742371, 35.4107437134, 7.19792699814, 56.2133331299, 26.4837360382, 112.384979248, 11.5881757736, -19.4239597321, 15.8226089478, 25.422000885], [-347.234039307, -47.0075263977, 141.211502075, 71.7062683105, 37.8023376465, 34.6768836975, -30.4330177307, 22.4801235199, 11.5881757736, 109.307128906, 26.3836784363, 54.7489318848, -5.88882684708], [263.270019531, 93.0895080566, 125.155822754, 54.7927322388, 30.0857391357, 37.0007896423, -17.8702754974, 6.9706196785, -19.4239597321, 26.3836784363, 68.7241744995, 14.6450834274, -9.51316547394], [-390.289123535, -52.7773780823, 78.410949707, 42.8150901794, 26.5779018402, 20.078496933, -12.4303188324, 9.63876152039, 15.8226089478, 54.7489318848, 14.6450834274, 72.3732681274, 21.0725593567], [-213.297119141, -71.7079849243, -123.420722961, -64.2003860474, -35.4386444092, -25.1980342865, 28.1503295898, 8.70363235474, 25.422000885, -5.88882684708, -9.51316547394, 21.0725593567, 54.5766716003]],
        "icov": [[0.000533210462891, -0.00115658924915, 0.000831095501781, -0.00121502997354, 0.00139718141872, -0.0012840165291, 0.000925164029468, -0.000829978205729, 0.00140034838114, 0.000547631992958, -0.000795358559117, 0.0014985257294, -0.000326414767187], [-0.00115658924915, 0.00580358831212, -0.00226132944226, 0.00233053485863, -0.00498448731378, 0.00195245025679, -0.0015558633022, 0.00340939802118, -0.00411400105804, 0.00119360990357, -0.00237973267213, 3.19554274029e-05, 0.000274367426755], [0.000831095501781, -0.00226132944226, 0.00463290931657, -0.00314021878876, -0.000827455951367, -0.00364970695227, 0.00316112511791, -0.000973052636255, 0.00337724736892, -0.000136833827128, -0.00189624528866, 0.00111374747939, 0.0010138155194], [-0.00121502997354, 0.00233053485863, -0.00314021878876, 0.00792304985225, -0.00634052185342, -0.000120111333672, -0.000341860111803, 0.00332550075836, -0.00480510015041, -0.00148270966019, 0.00302761327475, -0.00260697025806, -0.000381749880034], [0.00139718141872, -0.00498448731378, -0.000827455951367, -0.00634052185342, 0.0191295351833, -0.00240615662187, -0.00665805628523, 0.000576822319999, 0.0030618775636, -0.000418166542659, 0.000619646685664, -0.000388747430407, 0.0030211370904], [-0.0012840165291, 0.00195245025679, -0.00364970695227, -0.000120111333672, -0.00240615662187, 0.0166391488165, -0.00428835721686, -0.00831176061183, -0.000674905721098, 0.000158871902386, 0.00204272777773, -0.00572009943426, 0.00170577736571], [0.000925164029468, -0.0015558633022, 0.00316112511791, -0.000341860111803, -0.00665805628523, -0.00428835721686, 0.0171008612961, -0.00737656280398, -0.000261283421423, 0.00447586458176, -0.000987123232335, 0.00740259885788, -0.00805504061282], [-0.000829978205729, 0.00340939802118, -0.000973052636255, 0.00332550075836, 0.000576822319999, -0.00831176061183, -0.00737656280398, 0.0272224675864, -0.00621496560052, -0.00659943465143, -0.00215321430005, 0.000975504983217, 0.000378667813493], [0.00140034838114, -0.00411400105804, 0.00337724736892, -0.00480510015041, 0.0030618775636, -0.000674905721098, -0.000261283421423, -0.00621496560052, 0.0176971666515, -0.00155413069297, 0.00222574546933, 0.00153180770576, -0.00375961977988], [0.000547631992958, 0.00119360990357, -0.000136833827128, -0.00148270966019, -0.000418166542659, 0.000158871902386, 0.00447586458176, -0.00659943465143, -0.00155413069297, 0.0227144937962, -0.00630700262263, -0.0108424527571, 0.00646240450442], [-0.000795358559117, -0.00237973267213, -0.00189624528866, 0.00302761327475, 0.000619646685664, 0.00204272777773, -0.000987123232335, -0.00215321430005, 0.00222574546933, -0.00630700262263, 0.0252090394497, -0.00748918671161, 0.000804658979177], [0.0014985257294, 3.19554274029e-05, 0.00111374747939, -0.00260697025806, -0.000388747430407, -0.00572009943426, 0.00740259885788, 0.000975504983217, 0.00153180770576, -0.0108424527571, -0.00748918671161, 0.0404259823263, -0.0203143563122], [-0.000326414767187, 0.000274367426755, 0.0010138155194, -0.000381749880034, 0.0030211370904, 0.00170577736571, -0.00805504061282, 0.000378667813493, -0.00375961977988, 0.00646240450442, 0.000804658979177, -0.0203143563122, 0.0365272425115]]
    },
    "melbands": {
        "max": [0.0107429623604, 0.0359886102378, 0.0184066593647, 0.0141207799315, 0.0022864502389, 0.00594646669924, 0.00284345378168, 0.000872742733918, 0.00183812121395, 0.00598174007609, 0.00601396057755, 0.0035767974332, 0.00120156689081, 0.000824253249448, 0.000515400315635, 0.00181554211304, 0.00166899012402, 0.000614431744907, 0.000104420694697, 7.91447309894e-05, 7.56390509196e-05, 8.08553304523e-05, 8.58621424413e-05, 0.000155436180648, 6.79182339809e-05, 5.47690578969e-05, 7.72008279455e-05, 1.70001294464e-05, 1.61733732966e-05, 1.12511143016e-05, 8.80577590578e-06, 9.20137426874e-06, 5.94960101807e-06, 3.24458551404e-06, 3.79650032301e-06, 3.88900389225e-06, 3.05549178847e-06, 3.49590936821e-06, 1.87667444607e-06, 1.35280629365e-06],
        "mean": [0.000735945533961, 0.00229264865629, 0.0016397688305, 0.00067062873859, 9.20614911593e-05, 0.000141223572427, 9.55485811573e-05, 4.90856255055e-05, 0.000127136605443, 0.000271809927654, 0.000274747813819, 0.000231118639931, 6.85644699843e-05, 4.17755072704e-05, 3.67935863324e-05, 8.19702399895e-05, 7.84024741733e-05, 3.20402905345e-05, 1.34107413032e-05, 9.48466458794e-06, 7.81953622209e-06, 7.00373539075e-06, 6.43332805339e-06, 7.11770644557e-06, 3.81062477572e-06, 3.48607341039e-06, 4.04572438129e-06, 1.77234528564e-06, 1.01584282675e-06, 7.68572022025e-07, 5.68262748857e-07, 5.3751273299e-07, 4.11484990082e-07, 3.30707223384e-07, 3.2155614349e-07, 2.38069617353e-07, 1.98075611024e-07, 1.85398917552e-07, 1.37574360792e-07, 9.48950216184e-08],
        "min": [6.0461964035e-24, 9.02108120167e-24, 8.47392570008e-24, 4.7969550907e-24, 1.28090500624e-23, 1.15780192092e-23, 5.28807701333e-24, 1.40163007037e-23, 1.98417387216e-23, 7.24821965796e-24, 1.65612590695e-23, 6.4952140586e-24, 8.52487191506e-24, 9.15827673486e-24, 1.28797548765e-23, 8.46847546009e-24, 7.36197971138e-24, 6.90105065104e-24, 5.46786590781e-24, 1.14545380228e-23, 1.05222353838e-23, 1.08959598154e-23, 1.87698439899e-23, 7.5681153768e-24, 5.84996646447e-24, 9.46797169334e-24, 1.31204181949e-23, 1.33746522874e-23, 1.14550555156e-23, 6.49650187403e-24, 9.48349016506e-24, 1.1145055268e-23, 1.35697833432e-23, 1.04666711771e-23, 1.01215271761e-23, 9.60395395846e-24, 1.34937892168e-23, 1.22805574321e-23, 1.00534587352e-23, 8.0702813521e-24],
        "stdev": [0.00120655540377, 0.00382592831738, 0.00282523129135, 0.00151119194925, 0.000250149460044, 0.000407179613831, 0.000261503009824, 8.54496101965e-05, 0.000223885392188, 0.000589426723309, 0.000483991752844, 0.000413148110965, 0.00014354979794, 9.35781863518e-05, 6.56177799101e-05, 0.00020029998268, 0.000188747013453, 6.01172359893e-05, 1.42991711982e-05, 1.03590346043e-05, 9.70540440903e-06, 9.36371816351e-06, 9.9521539596e-06, 1.50228806888e-05, 6.92669391356e-06, 6.7647247306e-06, 9.34124727792e-06, 2.977531949e-06, 1.8908972379e-06, 1.61707180268e-06, 1.12155532861e-06, 1.09715506369e-06, 7.10477195298e-07, 5.3362714425e-07, 5.28690975443e-07, 4.04806030474e-07, 3.58582923354e-07, 3.48422247498e-07, 2.6433198741e-07, 1.76377255912e-07]
    },
    "melbands128": {
        "max": [5.22211485077e-05, 0.000979544711299, 0.0120472460985, 0.0353412777185, 0.0505875051022, 0.0372248515487, 0.0324986986816, 0.0225753840059, 0.0401290953159, 0.0134758856148, 0.0118417842314, 0.00251933629625, 0.00378968263976, 0.00752658769488, 0.0097791897133, 0.00648118555546, 0.00479211658239, 0.00508865620941, 0.00313192699105, 0.00122919224668, 0.00135151809081, 0.0019822397735, 0.00314719602466, 0.00427933130413, 0.0131447911263, 0.00945218000561, 0.00395377120003, 0.00486493948847, 0.0155170345679, 0.00790157541633, 0.00655474374071, 0.00261217146181, 0.00238892808557, 0.0013537920313, 0.00115166127216, 0.00151290302165, 0.00120423664339, 0.000651632843073, 0.000584052701015, 0.00205067568459, 0.00392340775579, 0.00336092198268, 0.00287178368308, 0.00217642914504, 0.00202093366534, 0.00020248767396, 0.000209022487979, 0.000158595299581, 0.000135650800075, 0.000117132382002, 0.000106234314444, 0.000119076343253, 0.000105611507024, 0.000141989832628, 9.54573624767e-05, 0.000138374438393, 5.72683566133e-05, 0.000103583828604, 0.000135698457598, 0.000307903712383, 0.00019991506997, 0.000222498056246, 0.000118838426715, 6.00147977821e-05, 3.88865810237e-05, 6.16328179603e-05, 9.5526324003e-05, 0.000100818346255, 0.000113558286102, 5.73679171794e-05, 2.08526489587e-05, 2.88210758299e-05, 2.31230787904e-05, 2.04691223189e-05, 1.3715127352e-05, 1.76161775016e-05, 9.53076596488e-06, 8.38057530927e-06, 6.70953204462e-06, 1.78950049303e-05, 9.1533338491e-06, 1.19360529425e-05, 9.69031680143e-06, 6.6040947786e-06, 3.87532554669e-06, 4.45265823146e-06, 3.85213888876e-06, 4.05579521612e-06, 5.40045948583e-06, 5.57482599106e-06, 5.33124057256e-06, 2.94204869533e-06, 2.96374241771e-06, 2.17612978304e-06, 4.61852278022e-06, 5.79173638471e-06, 3.19248761116e-06, 2.57125225289e-06, 2.8423621643e-06, 1.91347749023e-06, 1.21585298984e-06, 1.89642901205e-06, 1.34944457386e-06, 1.33747141717e-06, 1.09973825602e-06, 1.0455677284e-06, 2.2032735103e-07, 3.95934449671e-08, 4.00183353122e-08, 3.88879080049e-08, 3.75796282981e-08, 3.65957184556e-08, 3.5245609098e-08, 3.40610313287e-08, 3.29331939497e-08, 3.19755244504e-08, 3.08321652653e-08, 2.99406330839e-08, 2.91798851748e-08, 2.817924738e-08, 2.78246137242e-08, 2.71279212427e-08, 2.6454484825e-08, 2.61319073047e-08, 2.55586609654e-08, 2.53502516756e-08, 2.52074112694e-08, 2.50631710941e-08],
        "mean": [5.13636632604e-06, 9.96741218842e-05, 0.00102219835389, 0.00197792006657, 0.00246195378713, 0.00264593027532, 0.00179920019582, 0.00137008132879, 0.00136107404251, 0.000676636176649, 0.000245107745286, 6.61050944473e-05, 5.14538260177e-05, 0.000106994171801, 0.000153920875164, 0.000161765259691, 0.000125636855955, 8.59332285472e-05, 5.77137689106e-05, 3.39014404744e-05, 4.72033098049e-05, 8.09060875326e-05, 0.000124560960103, 0.000174797722138, 0.00031854811823, 0.00031012823456, 0.000170572908246, 0.000232890466577, 0.00041121992399, 0.000336534430971, 0.000138199306093, 8.12488942756e-05, 7.52422929509e-05, 5.21346919413e-05, 3.08898597723e-05, 4.62268435513e-05, 4.64903314423e-05, 3.23665590258e-05, 2.91526139335e-05, 5.7753182773e-05, 0.000108198662929, 9.41918551689e-05, 8.20217101136e-05, 7.40926843719e-05, 4.66718593088e-05, 2.20272959268e-05, 1.6998483261e-05, 1.45784206325e-05, 1.084428186e-05, 1.0872191524e-05, 9.00261147763e-06, 8.88121667231e-06, 7.43419968785e-06, 7.82764436735e-06, 7.66303037381e-06, 7.41769963497e-06, 5.8049722611e-06, 5.79068955631e-06, 6.74556304148e-06, 7.50116259951e-06, 8.07865944807e-06, 6.28642283118e-06, 4.21118556915e-06, 3.16256478072e-06, 2.78667607745e-06, 3.10915925184e-06, 4.14677197114e-06, 4.79871505377e-06, 4.2052797653e-06, 2.76914215647e-06, 1.71500335e-06, 1.322008643e-06, 1.11628276045e-06, 9.44302257722e-07, 8.752470535e-07, 9.32727687086e-07, 6.39448558104e-07, 5.27496467839e-07, 5.0228118198e-07, 7.02525426277e-07, 5.43360499705e-07, 4.92174251576e-07, 4.58764475297e-07, 4.05323845598e-07, 3.76851971851e-07, 3.31461649239e-07, 3.17216233725e-07, 3.17704888175e-07, 3.31709941293e-07, 3.23327469687e-07, 2.72476768259e-07, 2.12064904304e-07, 1.82276011174e-07, 1.81054701898e-07, 2.26820333182e-07, 2.06440219586e-07, 1.75619305764e-07, 1.5502158135e-07, 1.47914377635e-07, 1.2426370688e-07, 1.02233663313e-07, 9.18126517035e-08, 8.39138394326e-08, 7.15070171964e-08, 6.67094823825e-08, 4.95507954668e-08, 1.33867557039e-08, 6.66973698493e-10, 8.19350767789e-11, 7.92154189466e-11, 7.69732957928e-11, 7.60882468143e-11, 7.50059112042e-11, 7.23836129923e-11, 7.02289407184e-11, 6.77941730531e-11, 6.35490202128e-11, 6.11510078685e-11, 5.96590069013e-11, 5.77397886448e-11, 5.68917933597e-11, 5.55772892985e-11, 5.43031071498e-11, 5.35957181413e-11, 5.16851283994e-11, 4.99034112644e-11, 4.89039087004e-11, 4.85240632397e-11],
        "min": [1.27735986534e-24, 2.0506358373e-24, 9.82642693322e-24, 1.04501287639e-23, 1.01817827386e-23, 6.31297220114e-24, 6.56452574432e-24, 1.32968185374e-23, 5.77652588078e-24, 8.73690372411e-25, 5.21012611741e-24, 1.32871013487e-23, 1.32088053262e-23, 1.35608108393e-23, 1.81745048642e-23, 5.67211264579e-24, 3.83039735013e-24, 4.55655327971e-24, 7.99457831533e-24, 5.10652501473e-24, 1.85534657545e-23, 3.75040882649e-23, 1.91697522926e-23, 4.39606031741e-24, 5.76740507099e-24, 3.96864759035e-24, 1.91536311312e-23, 2.34520332295e-23, 8.1655828492e-24, 9.32737143648e-24, 2.32654408042e-24, 7.9078067712e-24, 1.16765108598e-23, 5.79203449174e-24, 1.09624063583e-23, 1.0613691184e-23, 3.27944900531e-24, 1.82749536787e-23, 1.5183993126e-23, 7.30938714369e-24, 8.40691906593e-24, 6.49058660053e-24, 8.28116674903e-24, 7.30236864822e-24, 6.98253682711e-24, 6.36324354562e-24, 6.94877831353e-24, 6.43659538246e-24, 3.89732707034e-24, 5.25154289266e-24, 1.25528154186e-23, 1.91944341726e-23, 1.20364270701e-23, 5.76907548396e-24, 6.67264149796e-24, 7.04905673408e-24, 1.70781317787e-23, 2.88038233827e-23, 1.55273527236e-23, 9.7146666422e-24, 6.32210799928e-24, 7.12286334923e-24, 5.46534036962e-24, 6.15525090162e-24, 3.55336912174e-24, 1.04121813989e-23, 1.13493189664e-23, 1.39398506156e-23, 9.87036727451e-24, 1.99121776895e-23, 1.01374550666e-23, 1.36428791947e-23, 1.3103545249e-23, 1.15423366639e-23, 9.34983661733e-24, 5.20110075979e-24, 7.50794106695e-24, 3.47272939342e-24, 9.82622814028e-24, 1.51435987145e-23, 1.13426459921e-23, 9.37578146365e-24, 1.10211607185e-23, 1.42409604009e-23, 1.52941512405e-23, 1.39115573304e-23, 5.43762058627e-24, 1.0162548732e-23, 9.7352180465e-24, 1.12698151978e-23, 1.10780383786e-23, 8.78205240308e-24, 7.6646538078e-24, 1.35152083681e-23, 1.75941036087e-23, 1.54966013478e-23, 9.80940725919e-24, 9.72420160396e-24, 8.02839047145e-24, 1.09060777453e-23, 1.36081582708e-23, 4.6170466838e-24, 6.26306254939e-24, 9.6956022407e-24, 1.32504414047e-23, 1.21079538772e-23, 8.38123454372e-24, 1.03991864932e-23, 1.09458852443e-23, 1.24826280973e-23, 1.11666195697e-23, 1.41420041112e-23, 1.31737657025e-23, 1.15840240184e-23, 6.71939018407e-24, 6.20293162689e-24, 8.44519854136e-24, 1.0809104652e-23, 9.37869551583e-24, 1.33479635453e-23, 1.3947720292e-23, 1.0125372873e-23, 1.28410494162e-23, 1.05122626042e-23, 1.01663447307e-23, 9.28537169302e-24, 1.02935682732e-23, 1.42084356658e-23],
        "stdev": [7.83509767643e-06, 0.000142904071254, 0.00164176989347, 0.00369066838175, 0.00486384984106, 0.00496720802039, 0.00388012849726, 0.00284790853038, 0.00345024559647, 0.00190386141185, 0.00105548580177, 0.000211140897591, 0.000214177300222, 0.000491226208396, 0.000582041277084, 0.000511077581905, 0.000419283984229, 0.000342188432114, 0.000205875054235, 7.93748986325e-05, 0.00010035091691, 0.000202727082069, 0.000298100057989, 0.000399345008191, 0.000907259818632, 0.000842897978146, 0.000378879485652, 0.000563829322346, 0.00102403014898, 0.000705498387106, 0.000412947905716, 0.000212521204958, 0.000218585715629, 0.000135029273224, 8.08518088888e-05, 0.000148204111611, 0.000130606262246, 6.83677280904e-05, 5.15341234859e-05, 0.000147797982208, 0.000360693666153, 0.000294886092888, 0.000272616161965, 0.000226528354688, 0.000139929092256, 3.10545183311e-05, 2.37283911702e-05, 1.97083882085e-05, 1.38713558044e-05, 1.37691540658e-05, 1.20201957543e-05, 1.23911040646e-05, 1.07670166472e-05, 1.32620007207e-05, 1.11322233352e-05, 1.29054469653e-05, 8.33985905047e-06, 9.87686235021e-06, 1.31371234602e-05, 1.8870428903e-05, 2.02978917514e-05, 1.74627530214e-05, 9.06756486074e-06, 5.9272897488e-06, 4.8137731028e-06, 6.47028400635e-06, 1.09766715468e-05, 1.20933173093e-05, 1.11369790829e-05, 5.4815641306e-06, 3.00895044347e-06, 2.74047602034e-06, 2.33289733842e-06, 1.96106998374e-06, 1.88132253243e-06, 2.22256403504e-06, 1.36206585921e-06, 1.03935883544e-06, 9.4738294365e-07, 1.73003945747e-06, 1.12244890715e-06, 1.07796506654e-06, 9.95867821985e-07, 7.1034753546e-07, 6.34193554561e-07, 6.02561556207e-07, 5.41340853033e-07, 5.43470719094e-07, 5.95186065766e-07, 5.76603554236e-07, 5.35278786629e-07, 3.68489992297e-07, 3.32920109258e-07, 3.21473265785e-07, 4.89406147608e-07, 4.42832970293e-07, 3.19300426099e-07, 3.18129281141e-07, 3.13703395705e-07, 2.40562570752e-07, 1.89045778143e-07, 1.87974450228e-07, 1.74366803662e-07, 1.41805870157e-07, 1.2890065193e-07, 1.04798616007e-07, 2.85614376594e-08, 2.68715538709e-09, 1.7044855527e-09, 1.65635127836e-09, 1.60060886767e-09, 1.5586552049e-09, 1.50108447894e-09, 1.4506369439e-09, 1.4025964834e-09, 1.36182354282e-09, 1.31320065933e-09, 1.27525134896e-09, 1.24284638137e-09, 1.2002216998e-09, 1.18512144542e-09, 1.15544318557e-09, 1.12675524466e-09, 1.11301745598e-09, 1.08863351667e-09, 1.07981434905e-09, 1.07376052494e-09, 1.0676204365e-09]
    },
    "mfcc": {
        "mean": [-703.561767578, 132.736343384, -29.5593776703, 0.863641798496, -4.38879156113, 5.57981824875, 4.35570573807, 12.2860059738, 6.01482820511, 9.80814266205, -0.140830129385, -6.4201426506, -9.98719120026],
        "cov": [[8613.36621094, 902.501037598, 1050.83215332, 429.666473389, 651.975036621, 295.188690186, 608.632446289, 261.222747803, -290.727539062, 68.229095459, 88.8765792847, -92.0084381104, -180.540618896], [902.501037598, 671.832824707, 503.977050781, 347.69329834, 358.39276123, 244.517425537, 198.793838501, 109.145080566, -37.0454711914, 38.0864067078, 83.4370880127, 0.0436361916363, -23.9341201782], [1050.83215332, 503.977050781, 1444.53637695, 861.630493164, 889.066223145, 613.59387207, 390.307067871, 181.280639648, 12.0628499985, 16.8694381714, 191.883987427, 120.632713318, 73.3495483398], [429.666473389, 347.69329834, 861.630493164, 790.327209473, 627.331542969, 493.549285889, 254.658554077, 156.05078125, 91.4163742065, 15.8787460327, 110.799346924, 103.527282715, 71.4837265015], [651.975036621, 358.39276123, 889.066223145, 627.331542969, 645.617126465, 442.583862305, 261.809844971, 141.222076416, 33.5151138306, 18.6555080414, 126.315826416, 91.3400650024, 60.8211860657], [295.188690186, 244.517425537, 613.59387207, 493.549285889, 442.583862305, 393.665679932, 203.803009033, 138.755386353, 85.9471206665, 22.4157485962, 88.5540237427, 71.0268859863, 50.7761306763], [608.632446289, 198.793838501, 390.307067871, 254.658554077, 261.809844971, 203.803009033, 239.401290894, 108.705162048, 18.5600891113, 39.1590270996, 56.0484542847, 17.1642036438, 21.7274723053], [261.222747803, 109.145080566, 181.280639648, 156.05078125, 141.222076416, 138.755386353, 108.705162048, 135.032104492, 80.7058181763, 41.9250602722, 25.7667331696, 18.6348018646, 14.6218976974], [-290.727539062, -37.0454711914, 12.0628499985, 91.4163742065, 33.5151138306, 85.9471206665, 18.5600891113, 80.7058181763, 154.2006073, 36.2818260193, 3.13980126381, 36.5151138306, 33.2058448792], [68.229095459, 38.0864067078, 16.8694381714, 15.8787460327, 18.6555080414, 22.4157485962, 39.1590270996, 41.9250602722, 36.2818260193, 59.5169334412, 18.8603954315, 1.92564117908, 5.90371322632], [88.8765792847, 83.4370880127, 191.883987427, 110.799346924, 126.315826416, 88.5540237427, 56.0484542847, 25.7667331696, 3.13980126381, 18.8603954315, 73.8196258545, 34.2041397095, 17.1094665527], [-92.0084381104, 0.0436361916363, 120.632713318, 103.527282715, 91.3400650024, 71.0268859863, 17.1642036438, 18.6348018646, 36.5151138306, 1.92564117908, 34.2041397095, 67.1817245483, 42.6959114075], [-180.540618896, -23.9341201782, 73.3495483398, 71.4837265015, 60.8211860657, 50.7761306763, 21.7274723053, 14.6218976974, 33.2058448792, 5.90371322632, 17.1094665527, 42.6959114075, 67.2966079712]],
        "icov": [[0.000189284066437, -6.03253974987e-05, -4.65088269266e-05, 2.60684500972e-05, -0.000138607356348, 0.000257010688074, -0.000384811719414, -0.000407440733397, 0.000452463864349, -0.000107666412077, 0.000317380501656, -0.000338290730724, 0.000573594530579], [-6.03253974987e-05, 0.00285734608769, 0.000232366815908, -0.000649991678074, -0.000841983011924, -0.000294389203191, -3.63949948223e-05, -0.00127174297813, 0.00170064414851, -0.00121574930381, -0.0011183944298, 0.00109589041676, 0.00141927402001], [-4.65088269266e-05, 0.000232366815908, 0.00520606990904, -0.000224063755013, -0.00574001995847, -0.000788160134107, -0.00147290632594, 0.000648427463602, 0.000826336327009, 0.001236169599, -0.0022477300372, -2.34568324231e-05, 0.000708749284968], [2.60684500972e-05, -0.000649991678074, -0.000224063755013, 0.00812395010144, -0.00432182662189, -0.00524532608688, 4.65096345579e-05, 0.00188188417815, -0.00183791364543, 0.000533775775693, 0.0027934468817, -0.00171488150954, 0.000131138003781], [-0.000138607356348, -0.000841983011924, -0.00574001995847, -0.00432182662189, 0.0192376431078, -0.00600610626861, 0.000469259422971, -0.00200890144333, 0.00419091060758, -0.00115825410467, -0.000819670560304, -0.00298141152598, -0.00226053153165], [0.000257010688074, -0.000294389203191, -0.000788160134107, -0.00524532608688, -0.00600610626861, 0.0218603294343, -0.00343028828502, -0.00375317665748, -0.00673048850149, 0.00543550541624, -0.00434165960178, 0.00230903807096, 0.000355829164619], [-0.000384811719414, -3.63949948223e-05, -0.00147290632594, 4.65096345579e-05, 0.000469259422971, -0.00343028828502, 0.0131220556796, -0.00555970845744, 0.00336086633615, -0.00426218658686, -0.000632599112578, 0.00465958938003, -0.00443369057029], [-0.000407440733397, -0.00127174297813, 0.000648427463602, 0.00188188417815, -0.00200890144333, -0.00375317665748, -0.00555970845744, 0.0240198951215, -0.0111354952678, -0.0047021866776, 0.0020746383816, 0.000790591933765, 0.00185041700024], [0.000452463864349, 0.00170064414851, 0.000826336327009, -0.00183791364543, 0.00419091060758, -0.00673048850149, 0.00336086633615, -0.0111354952678, 0.0209950115532, -0.00877322629094, 0.00560020469129, -0.00819243118167, -0.000320724560879], [-0.000107666412077, -0.00121574930381, 0.001236169599, 0.000533775775693, -0.00115825410467, 0.00543550541624, -0.00426218658686, -0.0047021866776, -0.00877322629094, 0.0309637840837, -0.0123008824885, 0.00713156023994, -0.00307677849196], [0.000317380501656, -0.0011183944298, -0.0022477300372, 0.0027934468817, -0.000819670560304, -0.00434165960178, -0.000632599112578, 0.0020746383816, 0.00560020469129, -0.0123008824885, 0.031836733222, -0.0160590801388, 0.00411671306938], [-0.000338290730724, 0.00109589041676, -2.34568324231e-05, -0.00171488150954, -0.00298141152598, 0.00230903807096, 0.00465958938003, 0.000790591933765, -0.00819243118167, 0.00713156023994, -0.0160590801388, 0.0411898680031, -0.018027568236], [0.000573594530579, 0.00141927402001, 0.000708749284968, 0.000131138003781, -0.00226053153165, 0.000355829164619, -0.00443369057029, 0.00185041700024, -0.000320724560879, -0.00307677849196, 0.00411671306938, -0.018027568236, 0.0296143516898]]
    },
    "spectral_contrast_coeffs": {
        "max": [-0.427852720022, -0.524915337563, -0.5639513731, -0.664024353027, -0.677256405354, -0.653240859509],
        "mean": [-0.688253939152, -0.776934921741, -0.761209666729, -0.822516798973, -0.816161811352, -0.788218557835],
        "min": [-0.961485922337, -0.958389520645, -0.943654954433, -0.971247911453, -0.960959613323, -0.956940352917],
        "stdev": [0.0915549769998, 0.0775290802121, 0.0720109343529, 0.0469423048198, 0.033794298768, 0.0320314057171]
    },
    "spectral_contrast_valleys": {
        "max": [-5.53571796417, -5.12353610992, -5.59812259674, -6.2076125145, -6.28475856781, -9.02985477448],
        "mean": [-7.89036846161, -7.18911218643, -7.28251695633, -7.52965736389, -8.0645160675, -11.0220575333],
        "min": [-26.9634361267, -27.8106613159, -27.6098194122, -27.040813446, -27.2059078217, -27.3214664459],
        "stdev": [1.78590905666, 1.2181814909, 1.27598416805, 1.17933440208, 1.18341803551, 1.19747126102]
    }
},
"rhythm": {
    "beats_count": 22,
    "beats_loudness": {
        "max": 0.0763079300523,
        "mean": 0.0287089701742,
        "min": 0.000495043233968,
        "stdev": 0.020891642198
    },
    "bpm": 106.264442444,
    "bpm_histogram_first_peak_bpm": 108,
    "bpm_histogram_first_peak_weight": 0.33333337307,
    "bpm_histogram_second_peak_bpm": 103,
    "bpm_histogram_second_peak_spread": 0.166666686535,
    "bpm_histogram_second_peak_weight": 0.238095238805,
    "danceability": 0.918611109257,
    "onset_rate": 3.52682137489,
    "beats_loudness_band_ratio": {
        "max": [0.886615097523, 0.374768912792, 0.629474163055, 0.750571489334, 0.224483549595, 0.069745823741],
        "mean": [0.518122911453, 0.0857404395938, 0.169331759214, 0.217614546418, 0.0687967762351, 0.0192222949117],
        "min": [0.000418288749643, 0.00183072348591, 0.0185550879687, 0.0195817071944, 0.0113393729553, 0.00326509075239],
        "stdev": [0.352730721235, 0.0936265438795, 0.174672231078, 0.219910681248, 0.0533067770302, 0.0159421116114]
    },
    "beats_position": [0.545668900013, 1.10294783115, 1.64861679077, 2.20589566231, 2.76317453384, 3.32045340538, 3.87773227692, 4.43501138687, 4.99229001999, 5.54956912994, 6.11845779419, 6.68734693527, 7.26784563065, 7.8251247406, 8.40562343597, 8.97451210022, 9.54340076447, 10.1239004135, 10.6811790466, 11.261677742, 11.8421764374, 12.4342851639],
