{
"metadata": {
    "version": {
        "essentia": "2.1-beta5",
        "essentia_git_sha": "Undefined",
        "extractor": "music 2.0"
    },
    "audio_properties": {
        "analysis": {
            "equal_loudness": 0,
            "length": 97.5005874634,
            "sample_rate": 44100,
            "start_time": 12.7477550507,
            "downmix": "mix"
        },
        "bit_rate": 192000,
        "length": 186.456985474,
        "lossless": 0,
        "number_channels": 2,
        "replay_gain": 2.06419944763,
        "sample_rate": 48000,
        "codec": "mp3",
        "md5_encoded": "fb3efb3f3f356211a032c716be012f8f"
    },
    "tags": {
        "file_name": "Belarus_My Galileo_Aleksandra _ Konstantin.mp3",
        "encoding": ["Lavf58.29.100"]
    }
},
"lowlevel": {
    "average_loudness": 0.882299244404,
    "barkbands_crest": {
        "max": 25.2269115448,
        "mean": 11.2604780197,
        "min": 2.78590989113,
        "stdev": 4.50089597702
    },
    "barkbands_flatness_db": {
        "max": 0.330410569906,
        "mean": 0.165080308914,
        "min": 0.0591786429286,
        "stdev": 0.0391150452197
    },
    "barkbands_kurtosis": {
        "max": 138.335891724,
        "mean": 4.15934324265,
        "min": -1.91720092297,
        "stdev": 8.17707633972
    },
    "barkbands_skewness": {
        "max": 9.91690635681,
        "mean": 1.59381151199,
        "min": -2.23484039307,
        "stdev": 1.17062819004
    },
    "barkbands_spread": {
        "max": 97.9551696777,
        "mean": 22.9017219543,
        "min": 0.807177722454,
        "stdev": 14.0834884644
    },
    "dissonance": {
        "max": 0.5,
        "mean": 0.458920419216,
        "min": 0.313913702965,
        "stdev": 0.0278798695654
    },
    "dynamic_complexity": 2.83238601685,
    "erbbands_crest": {
        "max": 31.4093036652,
        "mean": 10.2568712234,
        "min": 2.24346923828,
        "stdev": 4.90220212936
    },
    "erbbands_flatness_db": {
        "max": 0.335791885853,
        "mean": 0.169890403748,
        "min": 0.0822836086154,
        "stdev": 0.0409062765539
    },
    "erbbands_kurtosis": {
        "max": 62.0643310547,
        "mean": 0.489322274923,
        "min": -1.79875218868,
        "stdev": 2.81682991982
    },
    "erbbands_skewness": {
        "max": 6.56559801102,
        "mean": 0.405561119318,
        "min": -3.05067038536,
        "stdev": 0.810665130615
    },
    "erbbands_spread": {
        "max": 138.284210205,
        "mean": 41.7912788391,
        "min": 2.80819249153,
        "stdev": 21.3370380402
    },
    "hfc": {
        "max": 196.562103271,
        "mean": 18.9173240662,
        "min": 0.879717171192,
        "stdev": 16.4071369171
    },
    "loudness_ebu128": {
        "integrated": -26.2495136261,
        "loudness_range": 4.05016136169,
        "momentary": {
            "max": -20.7816829681,
            "mean": -26.777381897,
            "min": -31.3871040344,
            "stdev": 2.10925722122
        },
        "short_term": {
            "max": -23.9997844696,
            "mean": -26.4379634857,
            "min": -29.8414707184,
            "stdev": 1.38325333595
        }
    },
    "melbands_crest": {
        "max": 30.9581222534,
        "mean": 14.618560791,
        "min": 3.9189760685,
        "stdev": 5.43971920013
    },
    "melbands_flatness_db": {
        "max": 0.406867772341,
        "mean": 0.19327493012,
        "min": 0.0445391759276,
        "stdev": 0.0517496727407
    },
    "melbands_kurtosis": {
        "max": 254.574798584,
        "mean": 13.9780044556,
        "min": -1.75634503365,
        "stdev": 18.7815685272
    },
    "melbands_skewness": {
        "max": 12.9076738358,
        "mean": 2.70113897324,
        "min": -0.812250435352,
        "stdev": 1.6323043108
    },
    "melbands_spread": {
        "max": 184.824829102,
        "mean": 23.0208759308,
        "min": 1.03342819214,
        "stdev": 15.7189693451
    },
    "pitch_salience": {
        "max": 0.810631811619,
        "mean": 0.518169105053,
        "min": 0.144022852182,
        "stdev": 0.111050620675
    },
    "silence_rate_20dB": {
        "max": 1,
        "mean": 1,
        "min": 1,
        "stdev": 0
    },
    "silence_rate_30dB": {
        "max": 1,
        "mean": 0.999285697937,
        "min": 0,
        "stdev": 0.0267165377736
    },
    "silence_rate_60dB": {
        "max": 1,
        "mean": 0.00999999977648,
        "min": 0,
        "stdev": 0.0994957461953
    },
    "spectral_centroid": {
        "max": 3723.03344727,
        "mean": 1233.81616211,
        "min": 247.842086792,
        "stdev": 494.15322876
    },
    "spectral_complexity": {
        "max": 39,
        "mean": 15.3109521866,
        "min": 2,
        "stdev": 5.62550544739
    },
    "spectral_decrease": {
        "max": -3.6904387879e-10,
        "mean": -6.17901552147e-09,
        "min": -2.93586399636e-08,
        "stdev": 4.2856607152e-09
    },
    "spectral_energy": {
        "max": 0.119567520916,
        "mean": 0.0250369012356,
        "min": 0.00153679179493,
        "stdev": 0.0172118302435
    },
    "spectral_energyband_high": {
        "max": 0.0210553407669,
        "mean": 0.000601101492066,
        "min": 1.49241677718e-05,
        "stdev": 0.000910176080652
    },
    "spectral_energyband_low": {
        "max": 0.0592321008444,
        "mean": 0.00674098264426,
        "min": 2.23765146075e-05,
        "stdev": 0.0077267261222
    },
    "spectral_energyband_middle_high": {
        "max": 0.0909285992384,
        "mean": 0.00537714920938,
        "min": 8.63651875989e-05,
        "stdev": 0.00724865822122
    },
    "spectral_energyband_middle_low": {
        "max": 0.106538459659,
        "mean": 0.0130166718736,
        "min": 0.000382863014238,
        "stdev": 0.0124470992014
    },
    "spectral_entropy": {
        "max": 8.76459693909,
        "mean": 7.5641708374,
        "min": 5.80489778519,
        "stdev": 0.387586921453
    },
    "spectral_flux": {
        "max": 0.308578789234,
        "mean": 0.0812825486064,
        "min": 0.0187842678279,
        "stdev": 0.0405334606767
    },
    "spectral_kurtosis": {
        "max": 21.0023899078,
        "mean": 3.64149475098,
        "min": -1.21997416019,
        "stdev": 2.54582452774
    },
    "spectral_rms": {
        "max": 0.0108005199581,
        "mean": 0.00465837493539,
        "min": 0.00122446275782,
        "stdev": 0.00165100826416
    },
    "spectral_rolloff": {
        "max": 10981.9335938,
        "mean": 1512.73657227,
        "min": 64.599609375,
        "stdev": 1583.1036377
    },
    "spectral_skewness": {
        "max": 3.37541031837,
        "mean": 1.5200086832,
        "min": 0.140545651317,
        "stdev": 0.413773804903
    },
    "spectral_spread": {
        "max": 13651281,
        "mean": 4991936.5,
        "min": 2001528.25,
        "stdev": 1615987.375
    },
    "spectral_strongpeak": {
        "max": 20.7762718201,
        "mean": 1.12411403656,
        "min": 0.0219769757241,
        "stdev": 1.41885066032
    },
    "zerocrossingrate": {
        "max": 0.32080078125,
        "mean": 0.0606398805976,
        "min": 0.00634765625,
        "stdev": 0.0339661166072
    },
    "barkbands": {
        "max": [0.00091862748377, 0.0359292924404, 0.0408528745174, 0.0275217778981, 0.068011328578, 0.0651633366942, 0.0780236274004, 0.0759185254574, 0.075507722795, 0.0471213757992, 0.0320720672607, 0.032312437892, 0.0181300751865, 0.0343315973878, 0.0313501283526, 0.0667912960052, 0.0292431283742, 0.0113394372165, 0.00718706520274, 0.00155883887783, 0.000707963015884, 0.00100563862361, 0.00395883154124, 0.00881132856011, 0.00723007228225, 1.29215086417e-05, 4.39074483438e-06],
        "mean": [9.92179775494e-05, 0.00463817175478, 0.00157532526646, 0.000869278854225, 0.00457916362211, 0.00208559050225, 0.00133148860186, 0.00151449046098, 0.00207794923335, 0.00115132995415, 0.000965927087236, 0.000407757150242, 0.000398901087465, 0.000487355573568, 0.000664271996357, 0.000406597158872, 0.000440935808001, 0.000453950866358, 0.000223338560318, 0.000116473151138, 5.87076428928e-05, 8.97608479136e-05, 0.00018541807367, 0.000117925315863, 9.74806389422e-05, 1.07853303177e-07, 2.20055573763e-09],
        "min": [7.1729866491e-09, 1.66929646639e-06, 1.66255540535e-06, 2.59575153905e-06, 5.72307217226e-05, 7.40654377296e-06, 2.70418331638e-06, 1.94632752937e-06, 4.63145715912e-06, 1.93259802472e-06, 3.07855339088e-06, 1.28234137264e-06, 2.67640348284e-06, 2.2168067062e-06, 3.40360975315e-06, 5.49249079995e-06, 5.1418928706e-06, 4.98188319398e-06, 4.01163379138e-06, 1.9122771846e-06, 1.09233269541e-06, 2.22147264139e-06, 2.48309697781e-06, 2.10966300074e-06, 9.43915040352e-07, 1.93471724752e-10, 2.25068477744e-10],
        "stdev": [0.000153084416525, 0.0061894254759, 0.00351688941009, 0.00211352249607, 0.00570189999416, 0.00476896204054, 0.00464795297012, 0.00449095061049, 0.00609276909381, 0.00239754351787, 0.00275520700961, 0.00136292120442, 0.000970510649495, 0.00164624303579, 0.00185425695963, 0.00188062223606, 0.00110746186692, 0.000894183060154, 0.000363677740097, 0.000167409569258, 6.98737931089e-05, 0.000122896133689, 0.000340989325196, 0.000265192094957, 0.000229112221859, 4.77775415675e-07, 6.78982061686e-08]
    },
    "erbbands": {
        "max": [1.11601412296, 8.85891628265, 34.3681564331, 65.0882568359, 136.60546875, 304.713592529, 477.538085938, 825.235290527, 541.292297363, 1706.49707031, 1865.73535156, 2181.84375, 1581.25170898, 707.510559082, 1441.79016113, 1319.82678223, 918.891235352, 713.705078125, 2367.05053711, 1323.12207031, 4000.2175293, 1084.00366211, 713.019836426, 443.418334961, 174.433532715, 87.043548584, 32.4966545105, 34.6916542053, 44.9703178406, 49.1016044617, 132.541870117, 253.80456543, 104.038513184, 86.2505187988, 40.7050285339, 2.40579366684, 0.0546482279897, 0.00399409001693, 0.000644134881441, 0.000220492045628],
        "mean": [0.143106549978, 0.997244715691, 1.77293336391, 2.63973021507, 6.04338502884, 18.4976654053, 17.8210792542, 20.4696063995, 14.1480474472, 35.5557479858, 27.1053142548, 57.1302337646, 40.9725456238, 27.1243991852, 42.8052253723, 17.5411014557, 17.5800304413, 21.3915481567, 39.4783172607, 26.5393199921, 21.4951438904, 23.3457069397, 26.6254673004, 17.348443985, 8.33056926727, 5.8703212738, 2.77974510193, 2.28116798401, 2.94332003593, 4.28759527206, 5.76432561874, 2.97046709061, 1.8506090641, 1.24642062187, 0.591718256474, 0.0366110727191, 0.000985776656307, 7.31860127416e-05, 2.35055613302e-05, 3.18617712765e-05],
        "min": [3.9571285015e-05, 0.000806509400718, 0.00760988285765, 0.033240634948, 0.0423840172589, 0.16568787396, 0.10165849328, 0.122676059604, 0.0613571442664, 0.0622128546238, 0.0631742328405, 0.136121660471, 0.147972598672, 0.105609886348, 0.132055819035, 0.0793219581246, 0.176447972655, 0.156003639102, 0.257297813892, 0.253561019897, 0.321558982134, 0.317660242319, 0.315460771322, 0.25794672966, 0.157549574971, 0.135058164597, 0.0509209893644, 0.0509116239846, 0.0735661387444, 0.0936032235622, 0.0709124207497, 0.049948617816, 0.0252164378762, 0.0121956560761, 0.00509307347238, 0.000269111187663, 1.56751248142e-05, 1.83857468983e-06, 1.28762371787e-06, 1.99559417524e-06],
        "stdev": [0.205621346831, 1.3965562582, 3.43748235703, 5.96055841446, 9.92098236084, 24.7960090637, 27.7108211517, 52.0455474854, 33.2642593384, 112.369476318, 84.8857574463, 175.464370728, 76.8771209717, 61.7479476929, 112.506652832, 50.0342979431, 40.505771637, 51.2728767395, 117.701751709, 75.5078887939, 103.22277832, 57.5155143738, 54.4867591858, 28.6569576263, 12.8677740097, 8.80491733551, 3.00752091408, 2.90967988968, 3.90387201309, 6.9781832695, 11.0533781052, 6.97149848938, 3.91599535942, 2.84715223312, 1.47390520573, 0.0923448428512, 0.00235434086062, 0.000164418801432, 2.61548993876e-05, 2.09046465898e-05]
    },
    "gfcc": {
        "mean": [-6.82316541672, 105.951271057, -128.758544922, 46.1229057312, -73.5277252197, 24.4333877563, -51.2768325806, 15.5651168823, -19.1432914734, -11.3468055725, -4.54626512527, -8.72004699707, 4.69052314758],
        "cov": [[1421.10083008, -274.844482422, -179.584091187, -141.685409546, -107.325813293, 51.3764533997, -21.6306228638, 39.98046875, -37.4765167236, 9.61748218536, -67.1670684814, -30.3291435242, -46.905632019], [-274.844482422, 743.556030273, -128.982894897, -95.9731750488, 250.019439697, -108.688186646, 186.339004517, -21.9472141266, 85.4057312012, 10.1244096756, 130.378234863, -51.7997550964, 113.390434265], [-179.584091187, -128.982894897, 472.060058594, 269.494384766, -35.102104187, 74.9724884033, -46.7544021606, 3.55533480644, 16.0406360626, 22.3371238708, -18.6224575043, 41.1607284546, -36.1903305054], [-141.685409546, -95.9731750488, 269.494384766, 398.867553711, 93.4038009644, 1.39308357239, 4.86442995071, 46.4416770935, 10.7197628021, -16.8036174774, 4.17369556427, 39.4182701111, -14.368021965], [-107.325813293, 250.019439697, -35.102104187, 93.4038009644, 294.434631348, 42.4740486145, 117.244087219, 53.8186378479, 48.5192947388, 16.4268798828, 49.1188087463, -15.6889514923, 56.9785118103], [51.3764533997, -108.688186646, 74.9724884033, 1.39308357239, 42.4740486145, 295.141845703, 100.779022217, -19.5001411438, 2.89143753052, 55.5658874512, -30.4243793488, -12.6854810715, -22.4865989685], [-21.6306228638, 186.339004517, -46.7544021606, 4.86442995071, 117.244087219, 100.779022217, 209.410888672, 37.4673271179, 24.8743915558, 26.5516262054, 38.631652832, -20.3269939423, 37.2101707458], [39.98046875, -21.9472141266, 3.55533480644, 46.4416770935, 53.8186378479, -19.5001411438, 37.4673271179, 148.621734619, 69.7360076904, -2.13547945023, -4.1789021492, 14.3999347687, 6.58985948563], [-37.4765167236, 85.4057312012, 16.0406360626, 10.7197628021, 48.5192947388, 2.89143753052, 24.8743915558, 69.7360076904, 138.862075806, 34.712677002, 3.52991604805, -4.48642635345, 14.5667200089], [9.61748218536, 10.1244096756, 22.3371238708, -16.8036174774, 16.4268798828, 55.5658874512, 26.5516262054, -2.13547945023, 34.712677002, 109.376777649, 35.7457008362, -12.0956268311, -8.55718994141], [-67.1670684814, 130.378234863, -18.6224575043, 4.17369556427, 49.1188087463, -30.4243793488, 38.631652832, -4.1789021492, 3.52991604805, 35.7457008362, 129.739761353, 32.6602249146, 20.6271018982], [-30.3291435242, -51.7997550964, 41.1607284546, 39.4182701111, -15.6889514923, -12.6854810715, -20.3269939423, 14.3999347687, -4.48642635345, -12.0956268311, 32.6602249146, 104.786598206, 42.8084182739], [-46.905632019, 113.390434265, -36.1903305054, -14.368021965, 56.9785118103, -22.4865989685, 37.2101707458, 6.58985948563, 14.5667200089, -8.55718994141, 20.6271018982, 42.8084182739, 117.057723999]],
        "icov": [[0.000862257846165, 0.000358148565283, 0.000330814305926, 0.000148466133396, 0.000105458217149, -5.26425537828e-05, -0.000114211579785, -0.000357924262062, 0.000181666415301, -0.000182815216249, 8.67622729857e-05, 0.000248332711635, -2.79826399492e-05], [0.000358148565283, 0.0100219743326, -0.00420808279887, 0.00635097548366, -0.00794885214418, 0.00871963240206, -0.00978156458586, 0.00892086327076, -0.00685062399134, 0.0038516188506, -0.00385709875263, 0.00289995758794, -0.00118141982239], [0.000330814305926, -0.00420808279887, 0.00688475789502, -0.00646876869723, 0.00535362306982, -0.00568295782432, 0.00559437088668, -0.00383852934465, 0.00214608572423, -0.00266656116582, 0.0014225182822, -0.00119104632176, 6.42685245111e-06], [0.000148466133396, 0.00635097548366, -0.00646876869723, 0.0102105773985, -0.00822398066521, 0.00733682932332, -0.00733808754012, 0.00531404512003, -0.00353784277104, 0.00328413583338, -0.00128360942472, -0.000711158558261, 0.00177335273474], [0.000105458217149, -0.00794885214418, 0.00535362306982, -0.00822398066521, 0.0135711804032, -0.00910434126854, 0.00742631917819, -0.00898201856762, 0.00459230830893, -0.00247732154094, -0.00011841882224, 0.0019837138243, -0.00327914324589], [-5.26425537828e-05, 0.00871963240206, -0.00568295782432, 0.00733682932332, -0.00910434126854, 0.0149830114096, -0.0134843373671, 0.0105730025098, -0.00570110697299, 2.4898106858e-05, 0.0016197913792, -0.00171126588248, 0.00272864219733], [-0.000114211579785, -0.00978156458586, 0.00559437088668, -0.00733808754012, 0.00742631917819, -0.0134843373671, 0.019930049777, -0.0123438239098, 0.0073574827984, -0.00269249477424, -0.00102979969233, 0.00245750299655, -0.00341696012765], [-0.000357924262062, 0.00892086327076, -0.00383852934465, 0.00531404512003, -0.00898201856762, 0.0105730025098, -0.0123438239098, 0.0200356263667, -0.0118050975725, 0.00392470508814, -0.000228087315918, -0.00242600077763, 0.00256306212395], [0.000181666415301, -0.00685062399134, 0.00214608572423, -0.00353784277104, 0.00459230830893, -0.00570110697299, 0.0073574827984, -0.0118050975725, 0.0162586178631, -0.00658414885402, 0.00341377290897, -0.000526649062522, -0.000980168348178], [-0.000182815216249, 0.0038516188506, -0.00266656116582, 0.00328413583338, -0.00247732154094, 2.4898106858e-05, -0.00269249477424, 0.00392470508814, -0.00658414885402, 0.0160472746938, -0.00785774271935, 0.00452126981691, -0.000656317221001], [8.67622729857e-05, -0.00385709875263, 0.0014225182822, -0.00128360942472, -0.00011841882224, 0.0016197913792, -0.00102979969233, -0.000228087315918, 0.00341377290897, -0.00785774271935, 0.0163917541504, -0.00961058121175, 0.00438921013847], [0.000248332711635, 0.00289995758794, -0.00119104632176, -0.000711158558261, 0.0019837138243, -0.00171126588248, 0.00245750299655, -0.00242600077763, -0.000526649062522, 0.00452126981691, -0.00961058121175, 0.0204682257026, -0.0104997875169], [-2.79826399492e-05, -0.00118141982239, 6.42685245111e-06, 0.00177335273474, -0.00327914324589, 0.00272864219733, -0.00341696012765, 0.00256306212395, -0.000980168348178, -0.000656317221001, 0.00438921013847, -0.0104997875169, 0.0160982087255]]
    },
    "melbands": {
        "max": [0.0104030771181, 0.0132145127282, 0.0102247465402, 0.0102006420493, 0.0180100500584, 0.0158965736628, 0.00888867489994, 0.0181087963283, 0.0127145769075, 0.0147113520652, 0.00816702097654, 0.00318507128395, 0.0051950304769, 0.00433248374611, 0.00163576903287, 0.00159769342281, 0.00170416652691, 0.00477906968445, 0.00248289434239, 0.00360874040052, 0.00399286253378, 0.00158041226678, 0.000862569082528, 0.000673232832924, 0.000381203077268, 0.00023013963073, 8.93932883628e-05, 6.28214183962e-05, 2.2377456844e-05, 1.81225368578e-05, 2.37547737925e-05, 2.37727781496e-05, 2.62213543465e-05, 3.23673739331e-05, 5.80369014642e-05, 0.000140740987263, 0.000161314441357, 8.58818384586e-05, 6.90598244546e-05, 7.83852883615e-05],
        "mean": [0.00129657669459, 0.00105099775828, 0.000537924177479, 0.000850270851515, 0.000755999353714, 0.00042739440687, 0.000232018806855, 0.000394223403418, 0.000208563113119, 0.000361580809113, 0.000194119769731, 0.000104972190456, 0.000141365366289, 6.5431711846e-05, 3.4692860936e-05, 3.93997070205e-05, 3.98505217163e-05, 6.63799364702e-05, 3.99044074584e-05, 3.35236727551e-05, 2.33251539612e-05, 2.32783058891e-05, 2.61665500148e-05, 2.17562046601e-05, 1.34487781907e-05, 6.93565880283e-06, 4.57964415546e-06, 3.69128633793e-06, 1.74583328771e-06, 1.38913742376e-06, 1.28874034999e-06, 1.56361033987e-06, 1.82759879408e-06, 2.60739943769e-06, 3.33311436407e-06, 2.71340832114e-06, 1.54236215621e-06, 1.32382444917e-06, 1.15227032893e-06, 1.01471164271e-06],
        "min": [4.23249787218e-07, 2.73103592008e-06, 4.28930070484e-06, 8.65739730216e-06, 4.54471046396e-06, 1.62527862813e-06, 8.00087036623e-07, 5.55748385977e-07, 4.12787557025e-07, 7.67752737829e-07, 5.07012316575e-07, 2.64762320512e-07, 5.06657954702e-07, 1.69185668142e-07, 2.38524819451e-07, 3.18513372122e-07, 1.90731057614e-07, 3.51339934923e-07, 2.59942851244e-07, 3.40730622383e-07, 3.22008077092e-07, 3.04043396682e-07, 2.46245491553e-07, 2.34109293729e-07, 1.8387008538e-07, 8.32714732724e-08, 8.10870304235e-08, 5.93382445402e-08, 2.87346644257e-08, 2.57233985224e-08, 2.65103494712e-08, 3.84139440257e-08, 3.29192602067e-08, 4.38590497254e-08, 4.02287767542e-08, 3.42743717852e-08, 2.09345127899e-08, 1.68311871107e-08, 1.0154741048e-08, 8.54855208843e-09],
        "stdev": [0.00175907381345, 0.0015374760842, 0.001006196253, 0.00108000694308, 0.00109110493213, 0.00104989786632, 0.000625604589004, 0.00116117764264, 0.000640395272058, 0.00112115440425, 0.000375536445063, 0.000266663730145, 0.000405318394769, 0.000186745281098, 0.000101703146356, 9.78061725618e-05, 0.000113662805234, 0.000218797242269, 0.000121259807202, 0.000125942766317, 0.000114601687528, 6.76019189996e-05, 5.48281823285e-05, 4.68679136247e-05, 2.4111566745e-05, 1.27063976834e-05, 6.92743606123e-06, 6.00761950409e-06, 1.98922498384e-06, 1.74446506662e-06, 1.76581875166e-06, 2.08585038308e-06, 2.66170809482e-06, 4.42669124823e-06, 6.2211452132e-06, 5.83927067055e-06, 3.9198439481e-06, 2.84231396108e-06, 2.47448542723e-06, 2.46533022619e-06]
    },
    "melbands128": {
        "max": [0.000878875725903, 0.00882951077074, 0.0187337044626, 0.0172630678862, 0.0181969814003, 0.0223774425685, 0.0155172944069, 0.0134277576581, 0.0169291961938, 0.015021648258, 0.0224595069885, 0.0325040817261, 0.0196939855814, 0.0198744125664, 0.0269900653511, 0.0246607474983, 0.0111982226372, 0.0113102942705, 0.0239678341895, 0.0298076253384, 0.0256940312684, 0.0304932110012, 0.0161478165537, 0.0174410715699, 0.0258105881512, 0.0255190227181, 0.00755653530359, 0.0141506828368, 0.0118341520429, 0.00707072159275, 0.00338462600484, 0.00904273521155, 0.010743862018, 0.00838346406817, 0.00931978225708, 0.00683283200487, 0.00441445363685, 0.0026546837762, 0.0037923483178, 0.00289830309339, 0.00334786507301, 0.00358982942998, 0.00258083478548, 0.00441866414621, 0.00633022515103, 0.0100968303159, 0.00471286103129, 0.00556619884446, 0.00318769691512, 0.00453150365502, 0.0040554641746, 0.0141339153051, 0.0064069069922, 0.00854678452015, 0.00429749256, 0.00281563983299, 0.00168445392046, 0.0015099538723, 0.00134267355315, 0.00125673762523, 0.00152464362327, 0.000877719547134, 0.000947973167058, 0.000459946633782, 0.000987575156614, 0.000238719425397, 0.000350664253347, 0.000235083949519, 9.93887879304e-05, 0.000192490842892, 0.000144224643009, 0.00011428239668, 3.95068382204e-05, 3.99001110054e-05, 2.05779942917e-05, 2.17022898141e-05, 4.0806033212e-05, 2.71378339676e-05, 3.88088265026e-05, 2.06316926779e-05, 2.40945373662e-05, 5.12623264513e-05, 4.13219459006e-05, 3.4913791751e-05, 3.33297975885e-05, 3.88150947401e-05, 5.51953089598e-05, 4.89682788611e-05, 5.65896916669e-05, 9.04037005967e-05, 0.000136278074933, 0.000193206782569, 0.00020705004863, 0.000162508382346, 0.000165202916833, 5.27865995537e-05, 0.000133813096909, 7.56537046982e-05, 7.85760639701e-05, 9.67181476881e-05, 6.32115115877e-05, 7.85203519627e-05, 0.000150361898704, 9.92730492726e-05, 6.88169966452e-05, 5.12730221089e-05, 1.33346984512e-05, 6.56791939946e-07, 4.67597445208e-08, 3.76820565862e-08, 3.28882343581e-08, 2.97622140266e-08, 2.74411959822e-08, 2.55105589986e-08, 2.41462849715e-08, 2.30121148803e-08, 2.19989573225e-08, 2.09711075172e-08, 2.02222185663e-08, 1.95068157183e-08, 1.89540223516e-08, 1.83857551406e-08, 1.79598256267e-08, 1.76273537988e-08, 1.72373137985e-08, 1.70131659871e-08, 1.68474940665e-08, 1.67418345853e-08],
        "mean": [9.56167714321e-05, 0.00104932393879, 0.00194921263028, 0.00152221450116, 0.000953085662331, 0.000776000670157, 0.000518111162819, 0.000436236063251, 0.000585709582083, 0.000735578243621, 0.00114266737364, 0.00116800668184, 0.000516759231687, 0.000419404444983, 0.000593407778069, 0.000335571239702, 0.000194149164599, 0.000167969832546, 0.000327206216753, 0.000469774677185, 0.000406573177315, 0.000235567349591, 0.000148733728565, 0.000191716681002, 0.000459061353467, 0.000427279795986, 0.000154222085257, 0.000244030350586, 0.000118209893117, 0.000144921432366, 6.5144704422e-05, 9.50833054958e-05, 0.000164557946846, 0.000188083926332, 5.79590341658e-05, 4.44338256784e-05, 4.13939305872e-05, 2.58948293776e-05, 4.05726023018e-05, 3.59737132385e-05, 4.91920727654e-05, 2.52654099313e-05, 3.12214360747e-05, 4.9500795285e-05, 6.10865754425e-05, 8.08613112895e-05, 6.22394800303e-05, 3.35402801284e-05, 3.41580816894e-05, 3.41755076079e-05, 3.55824231519e-05, 3.28686110151e-05, 1.67258349393e-05, 2.44664825004e-05, 2.56770363194e-05, 1.81359700946e-05, 2.5048999305e-05, 3.08693415718e-05, 2.28311855608e-05, 2.6583304134e-05, 2.32022048294e-05, 1.61426123668e-05, 1.82027670235e-05, 1.14657350423e-05, 8.41105611471e-06, 7.10680478733e-06, 5.99806799073e-06, 4.48749324278e-06, 4.00153021474e-06, 5.1718634495e-06, 3.77968626708e-06, 3.40281485478e-06, 1.66712891314e-06, 1.58855357313e-06, 1.50648941144e-06, 1.374482963e-06, 1.491973876e-06, 1.08510892005e-06, 1.33365801958e-06, 1.36234393722e-06, 1.30365560835e-06, 1.81040570624e-06, 1.81908342256e-06, 1.57132740242e-06, 2.06600407182e-06, 2.26705083151e-06, 3.39511416314e-06, 2.41519069277e-06, 2.60156480181e-06, 5.12892120241e-06, 2.9657514915e-06, 2.1526875571e-06, 1.81913026154e-06, 1.31873127884e-06, 1.67094913195e-06, 1.28173940084e-06, 1.35232312459e-06, 1.16980208986e-06, 1.1293220723e-06, 1.12981069833e-06, 1.14768454296e-06, 9.10058247428e-07, 1.01572857147e-06, 8.80888535448e-07, 7.59107820159e-07, 6.13551378592e-07, 1.61881871463e-07, 6.07187011781e-09, 5.15038671434e-11, 2.3380698419e-11, 1.82223541811e-11, 1.59210804263e-11, 1.38854526835e-11, 1.29229708531e-11, 1.20120953115e-11, 1.14298900206e-11, 1.08466499671e-11, 1.0475301182e-11, 1.02038421115e-11, 9.8968229445e-12, 9.60547093254e-12, 9.40609048983e-12, 9.26133909146e-12, 9.05660269002e-12, 8.53101790599e-12, 7.7846791513e-12, 7.36401911672e-12, 7.26957209707e-12],
        "min": [3.07479597339e-10, 1.86487355336e-07, 9.43494740113e-08, 8.46389923481e-07, 9.24293715343e-07, 7.76726949425e-07, 4.55535733579e-08, 8.39904089389e-07, 1.01110526884e-06, 1.76472099156e-06, 1.91711910702e-06, 2.17843694372e-06, 5.24057213624e-07, 3.93429047563e-07, 1.78668926765e-07, 3.20024867051e-07, 1.23275754049e-07, 1.71778566482e-07, 2.57281641325e-07, 6.53360416436e-07, 2.19583540684e-07, 2.41301364667e-07, 5.16997999966e-08, 1.81611653716e-07, 1.95447256601e-07, 8.4379983889e-08, 1.81315556347e-07, 2.24974286311e-07, 2.15101479739e-07, 8.59248459051e-08, 8.42773673071e-08, 5.59600223937e-08, 1.77572871962e-07, 5.60013297957e-08, 1.20619134236e-07, 4.98197714194e-08, 8.54707522535e-08, 2.24011582617e-08, 5.36206705704e-08, 1.115498236e-07, 1.28648053987e-07, 9.08656332399e-08, 9.77832925741e-08, 6.79285676597e-08, 5.71946827677e-08, 1.48549872847e-07, 8.6523328946e-08, 1.06488968754e-07, 7.50348831957e-08, 1.07971878549e-07, 2.16196326619e-07, 8.62685567427e-08, 5.65391644614e-08, 7.1459709261e-08, 2.05856565572e-07, 4.94310015142e-08, 1.25864445977e-07, 1.42611185083e-07, 3.86932583751e-08, 9.1975813632e-08, 9.21805067833e-08, 9.99880427344e-08, 8.44563388114e-08, 6.07515175943e-08, 2.25912124563e-08, 5.18942506744e-08, 6.1276807628e-08, 6.49317257739e-08, 2.29138858998e-08, 4.60566376148e-08, 3.0974788956e-08, 1.94385609831e-08, 2.30727099648e-08, 1.35873596818e-08, 2.39906121635e-08, 9.67953717179e-09, 1.1726254634e-08, 1.12880167435e-08, 1.55851775929e-08, 1.29139205995e-08, 1.28077584094e-08, 2.1548622442e-08, 2.33495427437e-08, 9.77379333023e-09, 2.02149195161e-08, 1.07979305497e-08, 2.97088575962e-08, 1.85655331109e-08, 2.68403912429e-08, 3.14354942077e-08, 2.31450627552e-08, 2.43462530136e-08, 2.30744703344e-08, 1.49447334508e-08, 1.66951892311e-08, 8.66450111658e-09, 1.26022863256e-08, 1.09452873431e-08, 7.47767181508e-09, 7.95147503396e-09, 9.12429065636e-09, 6.70278232917e-09, 7.57168283627e-09, 7.24875937053e-09, 4.78557860006e-09, 2.9980646854e-09, 3.16112358512e-10, 9.35840597724e-13, 6.14138134878e-13, 6.57368961782e-13, 6.92692810663e-13, 6.08303338256e-13, 5.87839293301e-13, 5.98232238486e-13, 5.62064338214e-13, 5.82911865478e-13, 6.53248505636e-13, 6.09367049008e-13, 5.59749566576e-13, 6.01546102427e-13, 7.20655956785e-13, 6.12857583692e-13, 8.36031818861e-13, 7.25200552821e-13, 5.3895565311e-13, 1.86729727817e-13, 2.31813402024e-14, 7.86800487315e-16],
        "stdev": [0.000151968983118, 0.00165391725022, 0.00287564308383, 0.00234955199994, 0.00187077303417, 0.0017630700022, 0.00136892753653, 0.000980935525149, 0.00114260509145, 0.00124014692847, 0.00168201688211, 0.0020191790536, 0.00101870170329, 0.00109041132964, 0.00169871980324, 0.0012097270228, 0.000590734824073, 0.000629261601716, 0.00159223901574, 0.0018205040833, 0.00130454171449, 0.00117227516603, 0.000717473856639, 0.000836313934997, 0.0016549952561, 0.0016171123134, 0.000391349254642, 0.000584961439017, 0.000431560911238, 0.000520558503922, 0.000192434352357, 0.000480682094349, 0.000642965198494, 0.00057282531634, 0.000271643017186, 0.000211160906474, 0.000181552299182, 0.000127431325382, 0.000160382231115, 0.000113321482786, 0.000165411969647, 0.00010503721569, 0.000108841624751, 0.000202001188882, 0.00029562661075, 0.000400472112233, 0.000215633248445, 0.00018390333571, 0.000183495430974, 0.000153642264195, 0.000143815559568, 0.000321830826579, 0.000137462790008, 0.000153971326654, 0.000106793981104, 9.32719340199e-05, 8.22305082693e-05, 8.69153518579e-05, 7.32248809072e-05, 7.37340742489e-05, 7.87798708188e-05, 4.70500854135e-05, 4.25516082032e-05, 2.75918937405e-05, 2.6850750146e-05, 1.71507781488e-05, 1.4751366507e-05, 9.75801049208e-06, 7.19888021194e-06, 1.05873468783e-05, 9.26616212382e-06, 6.08130721957e-06, 2.67065274784e-06, 2.32361253438e-06, 2.11350470636e-06, 2.0000254608e-06, 2.31643116422e-06, 1.6720404119e-06, 2.06538311431e-06, 2.14591887016e-06, 1.83378040219e-06, 2.9542673019e-06, 2.73932823802e-06, 2.51436495091e-06, 3.60253966392e-06, 4.07970719607e-06, 6.34832531432e-06, 4.18509398514e-06, 4.57101214124e-06, 1.14258937174e-05, 6.29805845165e-06, 5.59423642699e-06, 4.91505852551e-06, 3.8973730625e-06, 4.03660033044e-06, 2.66895472123e-06, 3.36735251949e-06, 2.67552923106e-06, 2.57562669503e-06, 2.76947048405e-06, 2.48768674282e-06, 2.38062170865e-06, 3.2539098811e-06, 2.53456846622e-06, 2.08105689126e-06, 1.64007406056e-06, 4.84033421344e-07, 2.46395668313e-08, 9.69905378234e-10, 6.37162211881e-10, 5.34998212398e-10, 4.70108840744e-10, 4.25884244537e-10, 3.95129595709e-10, 3.73464925651e-10, 3.55842716404e-10, 3.40149353129e-10, 3.24304305632e-10, 3.12716574857e-10, 3.01659031088e-10, 2.93095242521e-10, 2.8432803334e-10, 2.77730394238e-10, 2.72564776305e-10, 2.66572902641e-10, 2.63124050326e-10, 2.60564153587e-10, 2.58925825225e-10]
    },
    "mfcc": {
        "mean": [-636.509460449, 115.31577301, 8.82652854919, 15.9181566238, 12.0878896713, -3.71682024002, -4.52823781967, 9.39533901215, -3.41316342354, 0.959314227104, -2.96318650246, -5.56624412537, -2.97041273117],
        "cov": [[1500.04870605, -225.094116211, -177.383148193, -197.032745361, -126.283653259, -55.1089706421, -10.9658355713, -3.57345843315, -6.94750785828, 42.3525123596, 7.83266496658, -81.0435256958, -47.8528022766], [-225.094116211, 778.10534668, -316.740570068, 2.35400867462, -14.2080554962, -9.57730007172, 93.8304595947, -37.4679794312, 42.5391578674, 47.317817688, 36.6308822632, -1.68307495117, 24.6923160553], [-177.383148193, -316.740570068, 518.956542969, 93.8615722656, 41.7556915283, 75.0586700439, -59.6361465454, 7.38682842255, -19.1331443787, -39.5955810547, -0.125626385212, 49.0128288269, 10.6481246948], [-197.032745361, 2.35400867462, 93.8615722656, 392.949493408, 134.968215942, -59.4500007629, 21.9024734497, 48.061088562, 26.9425086975, -49.0900115967, 4.98076820374, 67.556350708, 32.5133209229], [-126.283653259, -14.2080554962, 41.7556915283, 134.968215942, 186.225158691, 19.7633857727, 4.53982686996, 38.843421936, 33.9242744446, 11.6823759079, 8.60526275635, 28.4817886353, 28.8956661224], [-55.1089706421, -9.57730007172, 75.0586700439, -59.4500007629, 19.7633857727, 263.030670166, 106.542724609, 1.88668191433, 31.9424304962, 54.233543396, 15.9733438492, -1.16051602364, 9.10568141937], [-10.9658355713, 93.8304595947, -59.6361465454, 21.9024734497, 4.53982686996, 106.542724609, 198.880386353, 30.8969993591, 12.0925989151, 35.4576454163, 21.2655086517, 4.52781772614, 16.7131252289], [-3.57345843315, -37.4679794312, 7.38682842255, 48.061088562, 38.843421936, 1.88668191433, 30.8969993591, 138.830291748, 58.1622428894, 6.89813518524, 2.24133086205, 6.80502462387, 4.88167285919], [-6.94750785828, 42.5391578674, -19.1331443787, 26.9425086975, 33.9242744446, 31.9424304962, 12.0925989151, 58.1622428894, 156.682662964, 52.9986190796, 20.9008235931, 5.00348997116, -10.7566680908], [42.3525123596, 47.317817688, -39.5955810547, -49.0900115967, 11.6823759079, 54.233543396, 35.4576454163, 6.89813518524, 52.9986190796, 129.333526611, 50.5722389221, -4.47280359268, -5.25283527374], [7.83266496658, 36.6308822632, -0.125626385212, 4.98076820374, 8.60526275635, 15.9733438492, 21.2655086517, 2.24133086205, 20.9008235931, 50.5722389221, 111.300178528, 49.8443222046, 4.04187440872], [-81.0435256958, -1.68307495117, 49.0128288269, 67.556350708, 28.4817886353, -1.16051602364, 4.52781772614, 6.80502462387, 5.00348997116, -4.47280359268, 49.8443222046, 102.21295166, 39.3918571472], [-47.8528022766, 24.6923160553, 10.6481246948, 32.5133209229, 28.8956661224, 9.10568141937, 16.7131252289, 4.88167285919, -10.7566680908, -5.25283527374, 4.04187440872, 39.3918571472, 90.3936386108]],
        "icov": [[0.000884941720869, 0.000503520830534, 0.000441669399152, 0.000143170109368, 0.000396289397031, 0.000207060787943, -0.000119598218589, 4.26295919169e-05, -0.00012530949607, -0.000142715041875, -0.000432273256592, 0.000566895992961, -0.000151240994455], [0.000503520830534, 0.00223029591143, 0.00138375733513, -0.000263591617113, 0.000407137151342, 0.00012095994316, -0.000623100728262, 0.000989410444163, -0.000755587068852, -4.54975197499e-05, -0.000731052481569, 0.000481049472, -0.000760934199207], [0.000441669399152, 0.00138375733513, 0.00364008010365, -0.00109131156933, 0.000601534498855, -0.00192726333626, 0.00159593333956, -6.85750492266e-05, 0.000394668924855, 0.000354834657628, -0.000444819161203, -0.000656578980852, -9.63663333096e-05], [0.000143170109368, -0.000263591617113, -0.00109131156933, 0.00505939684808, -0.00325763621368, 0.00233937823214, -0.00223638955504, 6.90753295203e-05, -0.00112260435708, 0.00179925502744, 0.000437752169091, -0.00194378849119, 0.000470475730253], [0.000396289397031, 0.000407137151342, 0.000601534498855, -0.00325763621368, 0.00870514195412, -0.00172037957236, 0.00180099054705, -0.00139700772706, -0.000151186526637, -0.00179643777665, -5.45265247638e-05, 0.000478112109704, -0.00199582986534], [0.000207060787943, 0.00012095994316, -0.00192726333626, 0.00233937823214, -0.00172037957236, 0.0073888595216, -0.00479149306193, 0.00155799137428, -0.00174764543772, -0.00104214635212, 0.00057247892255, 7.60329712648e-05, -0.000257689040154], [-0.000119598218589, -0.000623100728262, 0.00159593333956, -0.00223638955504, 0.00180099054705, -0.00479149306193, 0.00923584587872, -0.00276459101588, 0.00207657995634, -0.00116053421516, -0.000876686710399, 0.000450493593235, -0.000905538501684], [4.26295919169e-05, 0.000989410444163, -6.85750492266e-05, 6.90753295203e-05, -0.00139700772706, 0.00155799137428, -0.00276459101588, 0.0101812174544, -0.00427886005491, 0.00102415878791, 8.45428585308e-05, 0.000338834390277, -0.000614618998952], [-0.00012530949607, -0.000755587068852, 0.000394668924855, -0.00112260435708, -0.000151186526637, -0.00174764543772, 0.00207657995634, -0.00427886005491, 0.0100412070751, -0.00384787702933, 0.000500038091559, -0.00100066431332, 0.00195385981351], [-0.000142715041875, -4.54975197499e-05, 0.000354834657628, 0.00179925502744, -0.00179643777665, -0.00104214635212, -0.00116053421516, 0.00102415878791, -0.00384787702933, 0.0136250564829, -0.00643458869308, 0.0031828333158, -0.00067901640432], [-0.000432273256592, -0.000731052481569, -0.000444819161203, 0.000437752169091, -5.45265247638e-05, 0.00057247892255, -0.000876686710399, 8.45428585308e-05, 0.000500038091559, -0.00643458869308, 0.0165132731199, -0.0100022796541, 0.00328910909593], [0.000566895992961, 0.000481049472, -0.000656578980852, -0.00194378849119, 0.000478112109704, 7.60329712648e-05, 0.000450493593235, 0.000338834390277, -0.00100066431332, 0.0031828333158, -0.0100022796541, 0.0195545721799, -0.00732528464869], [-0.000151240994455, -0.000760934199207, -9.63663333096e-05, 0.000470475730253, -0.00199582986534, -0.000257689040154, -0.000905538501684, -0.000614618998952, 0.00195385981351, -0.00067901640432, 0.00328910909593, -0.00732528464869, 0.0151354232803]]
    },
    "spectral_contrast_coeffs": {
        "max": [-0.444672584534, -0.371604859829, -0.468750327826, -0.525624990463, -0.550853550434, -0.694368839264],
        "mean": [-0.697585523129, -0.72436183691, -0.733627676964, -0.780359983444, -0.774388432503, -0.808169484138],
        "min": [-0.895828008652, -0.904627919197, -0.924146473408, -0.914189457893, -0.883239030838, -0.874787807465],
        "stdev": [0.0790189430118, 0.0791587084532, 0.0759680941701, 0.0602528713644, 0.0468914657831, 0.0213242806494]
    },
    "spectral_contrast_valleys": {
        "max": [-5.24200344086, -4.99107122421, -5.41482543945, -5.78644132614, -6.29739713669, -7.27457427979],
        "mean": [-6.60390233994, -6.8283572197, -7.52110528946, -7.69290876389, -7.67462158203, -9.77447986603],
        "min": [-8.72363948822, -8.57141208649, -9.01771640778, -8.97325229645, -9.04479408264, -11.4256944656],
        "stdev": [0.532901704311, 0.503455758095, 0.521636545658, 0.418984025717, 0.454167217016, 0.663436353207]
    }
},
"rhythm": {
    "beats_count": 207,
    "beats_loudness": {
        "max": 0.0951856523752,
        "mean": 0.0382612645626,
        "min": 0.013424154371,
        "stdev": 0.0152504239231
    },
    "bpm": 128.037445068,
    "bpm_histogram_first_peak_bpm": 129,
    "bpm_histogram_first_peak_weight": 0.378640770912,
    "bpm_histogram_second_peak_bpm": 0,
    "bpm_histogram_second_peak_spread": 0,
    "bpm_histogram_second_peak_weight": 0,
    "danceability": 1.18765711784,
    "onset_rate": 4.50200080872,
    "beats_loudness_band_ratio": {
        "max": [0.97430986166, 0.835805356503, 0.717964172363, 0.603966653347, 0.478367477655, 0.30308508873],
        "mean": [0.529536247253, 0.173799619079, 0.134238794446, 0.0858979895711, 0.0756098031998, 0.0293183419853],
        "min": [0.0150070823729, 0.0108902789652, 0.00748136732727, 0.00213565980084, 0.00166578381322, 0.000576768710744],
        "stdev": [0.213442787528, 0.150657936931, 0.136232078075, 0.100573651493, 0.075899168849, 0.0300057083368]
    },
