{
"metadata": {
    "version": {
        "essentia": "2.1-beta5",
        "essentia_git_sha": "Undefined",
        "extractor": "music 2.0"
    },
    "audio_properties": {
        "analysis": {
            "equal_loudness": 0,
            "length": 12.7477550507,
            "sample_rate": 44100,
            "start_time": 0,
            "downmix": "mix"
        },
        "bit_rate": 192000,
        "length": 191.727172852,
        "lossless": 0,
        "number_channels": 2,
        "replay_gain": -6.13018608093,
        "sample_rate": 44100,
        "codec": "mp3",
        "md5_encoded": "82d5ef8c607a8b6ae85260624b413b43"
    },
    "tags": {
        "file_name": "Greece_Shake It_Sakis Rouvas.mp3",
        "encoding": ["Lavf58.29.100"]
    }
},
"lowlevel": {
    "average_loudness": 0.841329097748,
    "barkbands_crest": {
        "max": 19.3727931976,
        "mean": 7.49030637741,
        "min": 2.79925990105,
        "stdev": 2.74185466766
    },
    "barkbands_flatness_db": {
        "max": 0.278224110603,
        "mean": 0.153038948774,
        "min": 0.0372034870088,
        "stdev": 0.0695223584771
    },
    "barkbands_kurtosis": {
        "max": 12.3907976151,
        "mean": 0.695134103298,
        "min": -1.46410274506,
        "stdev": 2.00338506699
    },
    "barkbands_skewness": {
        "max": 3.43755722046,
        "mean": 0.814051091671,
        "min": -1.94701373577,
        "stdev": 0.717169106007
    },
    "barkbands_spread": {
        "max": 54.7261199951,
        "mean": 18.172580719,
        "min": 3.98648619652,
        "stdev": 11.1909475327
    },
    "dissonance": {
        "max": 0.500000119209,
        "mean": 0.485707223415,
        "min": 0.381220191717,
        "stdev": 0.0135974511504
    },
    "dynamic_complexity": 4.87340831757,
    "erbbands_crest": {
        "max": 22.1772403717,
        "mean": 8.19801425934,
        "min": 2.24428582191,
        "stdev": 3.11104249954
    },
    "erbbands_flatness_db": {
        "max": 0.365937829018,
        "mean": 0.225558385253,
        "min": 0.0571638792753,
        "stdev": 0.0885168090463
    },
    "erbbands_kurtosis": {
        "max": 5.75621032715,
        "mean": 0.167804643512,
        "min": -1.39571249485,
        "stdev": 0.92569309473
    },
    "erbbands_skewness": {
        "max": 2.32560276985,
        "mean": 0.274022907019,
        "min": -1.46103191376,
        "stdev": 0.596432924271
    },
    "erbbands_spread": {
        "max": 79.571723938,
        "mean": 23.4923591614,
        "min": 7.51683950424,
        "stdev": 13.1266469955
    },
    "hfc": {
        "max": 101.006149292,
        "mean": 23.98695755,
        "min": 1.23953067731e-16,
        "stdev": 20.3125724792
    },
    "loudness_ebu128": {
        "integrated": -17.9115142822,
        "loudness_range": 5.72474956512,
        "momentary": {
            "max": -14.5976142883,
            "mean": -20.4805145264,
            "min": -40.8432617188,
            "stdev": 5.78632974625
        },
        "short_term": {
            "max": -15.4905548096,
            "mean": -18.1800937653,
            "min": -22.5382022858,
            "stdev": 2.22811555862
        }
    },
    "melbands_crest": {
        "max": 27.1663074493,
        "mean": 10.1210975647,
        "min": 1.87498474121,
        "stdev": 3.76952719688
    },
    "melbands_flatness_db": {
        "max": 0.277757942677,
        "mean": 0.167511761189,
        "min": 0.00539561454207,
        "stdev": 0.05009842664
    },
    "melbands_kurtosis": {
        "max": 56.6765136719,
        "mean": 3.85311746597,
        "min": -1.36838316917,
        "stdev": 6.32449960709
    },
    "melbands_skewness": {
        "max": 6.76601266861,
        "mean": 1.502125144,
        "min": -0.493817955256,
        "stdev": 1.03217291832
    },
    "melbands_spread": {
        "max": 126.991981506,
        "mean": 25.9083690643,
        "min": 5.41968154907,
        "stdev": 16.1501560211
    },
    "pitch_salience": {
        "max": 0.87963706255,
        "mean": 0.670817196369,
        "min": 0.280980974436,
        "stdev": 0.0977399200201
    },
    "silence_rate_20dB": {
        "max": 1,
        "mean": 1,
        "min": 1,
        "stdev": 0
    },
    "silence_rate_30dB": {
        "max": 1,
        "mean": 1,
        "min": 1,
        "stdev": 0
    },
    "silence_rate_60dB": {
        "max": 1,
        "mean": 0.143636360765,
        "min": 0,
        "stdev": 0.350718915462
    },
    "spectral_centroid": {
        "max": 11512.4775391,
        "mean": 1780.30249023,
        "min": 508.735015869,
        "stdev": 576.592712402
    },
    "spectral_complexity": {
        "max": 51,
        "mean": 22.8181819916,
        "min": 0,
        "stdev": 11.8226156235
    },
    "spectral_decrease": {
        "max": 7.93592553983e-29,
        "mean": -4.27548885185e-09,
        "min": -2.40207107538e-08,
        "stdev": 3.55991680578e-09
    },
    "spectral_energy": {
        "max": 0.0947603359818,
        "mean": 0.0183123592287,
        "min": 1.09433919011e-20,
        "stdev": 0.0151018034667
    },
    "spectral_energyband_high": {
        "max": 0.00384740205482,
        "mean": 0.00040120666381,
        "min": 7.95714872078e-21,
        "stdev": 0.00057436019415
    },
    "spectral_energyband_low": {
        "max": 0.0596430040896,
        "mean": 0.00152434932534,
        "min": 5.71857008445e-23,
        "stdev": 0.00473280111328
    },
    "spectral_energyband_middle_high": {
        "max": 0.0562180653214,
        "mean": 0.0124364048243,
        "min": 1.52328864093e-21,
        "stdev": 0.0119894910604
    },
    "spectral_energyband_middle_low": {
        "max": 0.0619287602603,
        "mean": 0.00452882889658,
        "min": 2.87702671331e-22,
        "stdev": 0.00466300919652
    },
    "spectral_entropy": {
        "max": 9.79644489288,
        "mean": 7.6481552124,
        "min": 7.17790842056,
        "stdev": 0.20973213017
    },
    "spectral_flux": {
        "max": 0.258706688881,
        "mean": 0.0748985186219,
        "min": 1.04610667351e-10,
        "stdev": 0.0403155460954
    },
    "spectral_kurtosis": {
        "max": 16.5731468201,
        "mean": 6.47248697281,
        "min": -1.1789124012,
        "stdev": 2.85271692276
    },
    "spectral_rms": {
        "max": 0.00961504597217,
        "mean": 0.00378830172122,
        "min": 3.26748827648e-12,
        "stdev": 0.00187469797675
    },
    "spectral_rolloff": {
        "max": 19078.4179688,
        "mean": 2058.22216797,
        "min": 150.732421875,
        "stdev": 1043.03747559
    },
    "spectral_skewness": {
        "max": 2.91886925697,
        "mean": 1.73219287395,
        "min": -0.0438950397074,
        "stdev": 0.293892383575
    },
    "spectral_spread": {
        "max": 40250340,
        "mean": 3364188.75,
        "min": 1888860.25,
        "stdev": 1984621.125
    },
    "spectral_strongpeak": {
        "max": 12.5058755875,
        "mean": 1.23212432861,
        "min": 7.4752923851e-09,
        "stdev": 1.57889175415
    },
    "zerocrossingrate": {
        "max": 0.49658203125,
        "mean": 0.0737464502454,
        "min": 0.0166015625,
        "stdev": 0.0270319916308
    },
    "barkbands": {
        "max": [0.00247634458356, 0.052737519145, 0.0199644602835, 0.0063269706443, 0.0356598347425, 0.0174839571118, 0.0033151935786, 0.00196079583839, 0.0150299919769, 0.0247861947864, 0.0161598995328, 0.0213824231178, 0.00875452160835, 0.007411764469, 0.00319845159538, 0.00649916706607, 0.0184536669403, 0.0119719747454, 0.00366705376655, 0.00150133273564, 0.00127039384097, 0.000762819487136, 0.000514508457854, 0.000721802760381, 0.000908511457965, 0.000905178778339, 3.14462376991e-05],
        "mean": [5.49843352928e-05, 0.00094996712869, 0.000397413910832, 0.000260341650574, 0.000812498736195, 0.000314490316669, 0.000186345510883, 0.000205569012905, 0.00187395978719, 0.00283441809006, 0.0023374997545, 0.00169643526897, 0.00134880328551, 0.00097072328208, 0.000718247087207, 0.000591255957261, 0.000798258231953, 0.0009399378323, 0.000562127155717, 0.000130471074954, 9.3182134151e-05, 8.96614365047e-05, 4.53435022791e-05, 4.21352269768e-05, 3.67221909983e-05, 2.10376747418e-05, 5.41889107808e-07],
        "min": [4.24479615994e-23, 2.40507218586e-23, 9.12061257094e-24, 6.03099781487e-24, 3.03952271967e-23, 4.33455212265e-23, 2.50091925916e-23, 4.09436290967e-23, 1.37740617145e-22, 6.10385921689e-23, 1.11365879505e-22, 9.07825231805e-23, 4.88285084146e-23, 1.39362767602e-22, 5.8002866079e-23, 1.81621844346e-22, 1.09490813932e-22, 2.06122715481e-22, 3.49075696348e-22, 3.41997455704e-22, 3.59930523378e-22, 4.31742185032e-22, 7.87696117385e-22, 9.32600399343e-22, 1.09315653994e-21, 1.91002445592e-21, 2.50003081877e-21],
        "stdev": [0.000201049042516, 0.00348783144727, 0.00141812581569, 0.000671645044349, 0.00215822644532, 0.000990737578832, 0.000368063803762, 0.00023893036996, 0.00246461597271, 0.00385734904557, 0.00291530485265, 0.0026468615979, 0.00153794931248, 0.00123308540788, 0.00067841593409, 0.000709010637365, 0.00139393820427, 0.00151986884885, 0.000699024472851, 0.000156435664394, 0.000136091810418, 0.000120709148177, 7.8112934716e-05, 8.95366028999e-05, 9.85096849035e-05, 6.86892963131e-05, 2.33662922255e-06]
    },
    "erbbands": {
        "max": [1.61827933788, 11.2381401062, 18.871805191, 21.4555892944, 53.4129943848, 146.074234009, 265.899475098, 74.6297073364, 95.6605072021, 26.0169658661, 72.5861663818, 392.856567383, 654.053283691, 607.994384766, 593.671020508, 909.707763672, 377.648071289, 363.314727783, 193.576461792, 190.830062866, 330.687408447, 1214.41357422, 774.094238281, 224.056900024, 183.113754272, 89.6640090942, 57.2615585327, 38.2340393066, 35.2748565674, 18.4517669678, 16.6454391479, 17.1992702484, 8.84837150574, 11.0817298889, 7.01597499847, 3.97622919083, 1.60705852509, 0.279914200306, 0.00545266969129, 0.000249364529736],
        "mean": [0.0273368116468, 0.21255043149, 0.435948222876, 0.761928379536, 1.97597062588, 2.4465034008, 3.14943170547, 2.08081054688, 3.19445633888, 2.37464141846, 8.42775821686, 41.6032485962, 81.4921112061, 87.7027206421, 94.267539978, 69.6201171875, 64.2191162109, 55.0792694092, 38.5283050537, 36.8333587646, 36.6575546265, 45.0263557434, 55.4556465149, 37.7969589233, 16.6749038696, 6.67706632614, 4.26524925232, 3.62778067589, 3.64452123642, 1.88992142677, 1.29133212566, 1.02151334286, 0.585743784904, 0.442627966404, 0.241670668125, 0.110524512827, 0.035438220948, 0.00470952084288, 0.000105789098598, 2.70049167739e-05],
        "min": [1.34901909382e-21, 3.21715299095e-21, 1.32213641054e-20, 1.32354318303e-20, 1.69966551951e-20, 9.8460232428e-20, 2.53509299353e-19, 4.40316666964e-19, 3.89436684089e-19, 6.13270620472e-19, 1.18345123149e-18, 2.79247034452e-18, 1.68807369475e-18, 4.48224730755e-18, 3.78929081146e-18, 3.61543150877e-18, 2.27956604556e-18, 6.99276900438e-18, 4.5262123707e-18, 5.82583843088e-18, 8.20569536943e-18, 6.31432166982e-18, 1.01420176499e-17, 1.20646740795e-17, 2.00666323826e-17, 1.75495565202e-17, 1.53507450159e-17, 1.32884778697e-17, 1.63393036028e-17, 1.87813426032e-17, 2.14691088393e-17, 1.89052856918e-17, 1.6706426211e-17, 1.15619509264e-17, 8.48344111243e-18, 6.26082541807e-18, 3.53467179761e-18, 1.56748637448e-18, 3.31758775843e-19, 3.58227657178e-20],
        "stdev": [0.100835695863, 0.787108361721, 1.4433259964, 2.08548974991, 5.0412364006, 7.90983915329, 12.4896192551, 5.77584981918, 7.83510017395, 2.82141590118, 9.71410274506, 54.4912719727, 110.775512695, 111.07219696, 111.612892151, 109.935699463, 72.9898757935, 66.9995956421, 39.4999427795, 32.1710700989, 44.4452514648, 82.2898483276, 97.3702697754, 43.978717804, 22.4454574585, 7.90525054932, 5.76939821243, 5.14925956726, 5.33293008804, 2.47945761681, 2.44761300087, 2.19528198242, 1.21371853352, 1.16624617577, 0.697672963142, 0.343340247869, 0.115804299712, 0.0176529269665, 0.000347344641341, 2.51808451139e-05]
    },
    "gfcc": {
        "mean": [-51.6043777466, 53.4401473999, -191.947067261, -1.24575507641, -63.1616401672, 14.4025259018, -31.8490200043, 10.6991167068, -28.2766780853, -7.85131311417, -20.1517295837, 1.23159122467, -10.8092536926],
        "cov": [[9538.20605469, -909.548278809, 257.0519104, 67.917098999, -440.500549316, -34.2134742737, -427.83013916, 312.050140381, -435.137878418, 56.5490875244, -25.2728996277, 282.718292236, -61.0692024231], [-909.548278809, 1312.62792969, 1665.73498535, 1067.71228027, 539.544677734, 188.979232788, -63.8927612305, -64.5076522827, -3.02729105949, 190.906036377, -31.9283542633, 65.7926101685, -59.0912704468], [257.0519104, 1665.73498535, 4090.93945312, 2179.15380859, 899.011657715, 349.972747803, -425.313018799, 4.16697406769, -253.368255615, 521.681152344, -132.184997559, 269.812957764, -154.342269897], [67.917098999, 1067.71228027, 2179.15380859, 1349.4230957, 569.213867188, 210.571029663, -188.403121948, 12.7164993286, -74.8314590454, 277.332550049, -54.5280838013, 150.126876831, -83.0392379761], [-440.500549316, 539.544677734, 899.011657715, 569.213867188, 348.66116333, 137.542068481, -7.55036306381, 12.9228096008, -3.22305774689, 106.680778503, -18.7043361664, 50.0442428589, -23.3637561798], [-34.2134742737, 188.979232788, 349.972747803, 210.571029663, 137.542068481, 140.644622803, 35.0076560974, 56.3322677612, 10.0854883194, 49.4859428406, -2.68305492401, 18.939825058, -2.28778576851], [-427.83013916, -63.8927612305, -425.313018799, -188.403121948, -7.55036306381, 35.0076560974, 166.416824341, 36.9376831055, 84.4540863037, -57.4965667725, 27.9471626282, -37.4543228149, 25.5932292938], [312.050140381, -64.5076522827, 4.16697406769, 12.7164993286, 12.9228096008, 56.3322677612, 36.9376831055, 107.899719238, 18.0235118866, 5.63029623032, 16.0283966064, 15.8002634048, 9.11041164398], [-435.137878418, -3.02729105949, -253.368255615, -74.8314590454, -3.22305774689, 10.0854883194, 84.4540863037, 18.0235118866, 117.311042786, -2.54207634926, 33.3255081177, -26.4089851379, 23.2349948883], [56.5490875244, 190.906036377, 521.681152344, 277.332550049, 106.680778503, 49.4859428406, -57.4965667725, 5.63029623032, -2.54207634926, 126.010299683, -0.139928355813, 40.4064407349, -5.80029153824], [-25.2728996277, -31.9283542633, -132.184997559, -54.5280838013, -18.7043361664, -2.68305492401, 27.9471626282, 16.0283966064, 33.3255081177, -0.139928355813, 51.7430458069, 6.87856149673, 14.6549892426], [282.718292236, 65.7926101685, 269.812957764, 150.126876831, 50.0442428589, 18.939825058, -37.4543228149, 15.8002634048, -26.4089851379, 40.4064407349, 6.87856149673, 71.0296707153, -0.898621380329], [-61.0692024231, -59.0912704468, -154.342269897, -83.0392379761, -23.3637561798, -2.28778576851, 25.5932292938, 9.11041164398, 23.2349948883, -5.80029153824, 14.6549892426, -0.898621380329, 54.4061927795]],
        "icov": [[0.00023323779169, 3.34613469022e-05, 0.000329758331645, -0.000540571112651, 0.000629907997791, -0.000237316577113, 0.000277142651612, -0.000742603442632, 0.000999480020255, -0.000410600943724, 8.44155656523e-05, -0.000539576169103, 0.000160790223163], [3.34613469022e-05, 0.00371134886518, -0.000520260015037, -0.00239232322201, -0.00123746995814, -0.000856349244714, -0.00131204666104, 0.00357172568329, -0.000850070617162, 0.00173699762672, -0.00200359290466, 0.00195926241577, -0.000486796634505], [0.000329758331645, -0.000520260015037, 0.00427530240268, -0.00408887304366, -0.000283715926344, -0.00147673848551, 0.0020519066602, -0.00168045784812, 0.00551663106307, -0.0056415242143, 0.00191187404562, -0.00128709385172, 0.00133127090521], [-0.000540571112651, -0.00239232322201, -0.00408887304366, 0.0121024334803, -0.00668176077306, 0.00151922029909, 0.00383254047483, -0.00120337877888, -0.00749059999362, 0.00196248642169, 0.00111551280133, -0.00306887575425, 0.00231730053201], [0.000629907997791, -0.00123746995814, -0.000283715926344, -0.00668176077306, 0.0187751799822, -0.00457098055631, -0.00693473219872, 0.000421829987317, 0.00329591776244, 0.000499591988046, 0.000556943879928, -0.00105994811747, -0.00209994986653], [-0.000237316577113, -0.000856349244714, -0.00147673848551, 0.00151922029909, -0.00457098055631, 0.0198715571314, -0.00729109719396, -0.00791072379798, 0.00163724960294, -0.0035084085539, 0.00184429751243, 0.00238689873368, -0.000970459950622], [0.000277142651612, -0.00131204666104, 0.0020519066602, 0.00383254047483, -0.00693473219872, -0.00729109719396, 0.0233560986817, -0.00417619384825, -0.00818328559399, 0.00486500747502, -0.000430216430686, -0.00146238645539, 0.00108951318543], [-0.000742603442632, 0.00357172568329, -0.00168045784812, -0.00120337877888, 0.000421829987317, -0.00791072379798, -0.00417619384825, 0.0207044836134, -0.00497532589361, 0.00438899546862, -0.00446983287111, -0.000353093841113, -0.00142125657294], [0.000999480020255, -0.000850070617162, 0.00551663106307, -0.00749059999362, 0.00329591776244, 0.00163724960294, -0.00818328559399, -0.00497532589361, 0.0283771697432, -0.0133520523086, -0.00505637330934, 0.00433523394167, -0.00152623001486], [-0.000410600943724, 0.00173699762672, -0.0056415242143, 0.00196248642169, 0.000499591988046, -0.0035084085539, 0.00486500747502, 0.00438899546862, -0.0133520523086, 0.0271730888635, -0.00545737612993, -0.000470435945317, -0.00447826134041], [8.44155656523e-05, -0.00200359290466, 0.00191187404562, 0.00111551280133, 0.000556943879928, 0.00184429751243, -0.000430216430686, -0.00446983287111, -0.00505637330934, -0.00545737612993, 0.0308389682323, -0.00998629909009, -0.000581721251365], [-0.000539576169103, 0.00195926241577, -0.00128709385172, -0.00306887575425, -0.00105994811747, 0.00238689873368, -0.00146238645539, -0.000353093841113, 0.00433523394167, -0.000470435945317, -0.00998629909009, 0.0279858354479, -0.00517010921612], [0.000160790223163, -0.000486796634505, 0.00133127090521, 0.00231730053201, -0.00209994986653, -0.000970459950622, 0.00108951318543, -0.00142125657294, -0.00152623001486, -0.00447826134041, -0.000581721251365, -0.00517010921612, 0.0243740491569]]
    },
    "melbands": {
        "max": [0.0151627194136, 0.00724994484335, 0.0039666085504, 0.00567630678415, 0.00921816844493, 0.00196459772997, 0.00129833212122, 0.000254152255366, 0.000787824741565, 0.00263316673227, 0.00338876619935, 0.00284890178591, 0.00213892920874, 0.00215178844519, 0.00161662138999, 0.000757074682042, 0.000748766120523, 0.000356761593139, 0.000275688886177, 0.000480953720398, 0.000480900838738, 0.00116044271272, 0.000729813473299, 0.000490623468067, 0.000218175482587, 0.000168744343682, 5.76192105655e-05, 5.09476449224e-05, 3.17767553497e-05, 4.56186135125e-05, 1.76588819158e-05, 2.18421537284e-05, 1.23714462461e-05, 8.68154620548e-06, 1.05672952486e-05, 8.38998403196e-06, 1.21660468722e-05, 6.51572781862e-06, 5.94916855334e-06, 1.08298854684e-05],
        "mean": [0.000261819048319, 0.000247171730734, 0.000164929588209, 0.000165373174241, 0.00011103523866, 5.10338177264e-05, 4.64871809527e-05, 2.6140065529e-05, 8.70288495207e-05, 0.000284825684503, 0.000411992601585, 0.000354742456693, 0.000323075044435, 0.000210642290767, 0.00015672306472, 0.000129039966851, 9.90830667433e-05, 6.1888647906e-05, 5.21328984178e-05, 4.11621695093e-05, 4.61889831058e-05, 4.57174937765e-05, 5.47349591216e-05, 3.95354290958e-05, 3.09504393954e-05, 1.73633143277e-05, 5.02516013512e-06, 4.28690145782e-06, 2.71253338724e-06, 2.62625781033e-06, 1.86403372027e-06, 2.20402239393e-06, 1.45400656493e-06, 8.92165019195e-07, 7.57013481234e-07, 6.09928065387e-07, 6.53833296838e-07, 4.37854708935e-07, 3.37230858349e-07, 3.99891604275e-07],
        "min": [1.09482336832e-23, 5.60555250691e-24, 2.3437341484e-24, 3.3397002291e-24, 8.83070066624e-24, 9.24625760276e-24, 6.00426923525e-24, 7.22260849981e-24, 1.21910422298e-23, 1.82295610445e-23, 7.61195789933e-24, 1.70295679236e-23, 1.44993549458e-23, 9.13183175073e-24, 6.79362988386e-24, 6.66598508964e-24, 1.38320007081e-23, 7.43082991347e-24, 5.17784947904e-24, 1.25264343323e-23, 8.67589933537e-24, 6.06961571163e-24, 6.68813945931e-24, 1.17754482168e-23, 8.22923761336e-24, 1.75717330911e-23, 1.0679841904e-23, 1.17946940563e-23, 9.12735259851e-24, 9.26259885641e-24, 7.32641707291e-24, 8.72549975365e-24, 9.35103331933e-24, 1.09536839232e-23, 1.10031076367e-23, 1.36881361448e-23, 1.11677878727e-23, 1.29018027499e-23, 9.39817485816e-24, 9.84916032679e-24],
        "stdev": [0.000958165444899, 0.00078787986422, 0.000407615676522, 0.000417010567617, 0.000434547691839, 0.000149159124703, 0.000109372704173, 3.04724053422e-05, 0.000104872786324, 0.000378471042495, 0.000569573952816, 0.000464100332465, 0.000398285948904, 0.000303212640574, 0.000220216446905, 0.000145849146065, 0.000127448802232, 6.69145374559e-05, 4.95952881465e-05, 3.93269110646e-05, 6.46836415399e-05, 8.6142696091e-05, 9.8751297628e-05, 6.04965243838e-05, 3.87582040275e-05, 2.42170153797e-05, 6.6946277002e-06, 5.38435278941e-06, 3.80290180146e-06, 4.85267219119e-06, 2.47486013905e-06, 3.45042326444e-06, 2.05405058296e-06, 1.29685929551e-06, 1.45633873672e-06, 1.2297689409e-06, 1.49784762016e-06, 9.03675925201e-07, 8.07304104455e-07, 1.14013789698e-06]
    },
    "melbands128": {
        "max": [0.00208665709943, 0.0111747924238, 0.0244009997696, 0.01659838669, 0.00895132217556, 0.00963270012289, 0.00423298450187, 0.00350520387292, 0.00733000831679, 0.00548151321709, 0.00924452580512, 0.0105306580663, 0.0108816474676, 0.00572978006676, 0.0013175503118, 0.00375693105161, 0.00310182222165, 0.00085002661217, 0.000390709785279, 0.00029543650453, 0.000383638107451, 0.000368677254301, 0.000977565534413, 0.00139782531187, 0.00355753372423, 0.00353305251338, 0.00442588841543, 0.00551217095926, 0.00660120183602, 0.00426487671211, 0.00286085577682, 0.00411268789321, 0.00332774990238, 0.00335778063163, 0.00191357219592, 0.00370883732103, 0.00398689648136, 0.00227003893815, 0.00149719347246, 0.00141604722012, 0.000981761142612, 0.00121093727648, 0.00132577714976, 0.00125517998822, 0.000604330620263, 0.000611658790149, 0.000410906650359, 0.000622282503173, 0.000455807487015, 0.000403862039093, 0.000572614313569, 0.000840261345729, 0.000626419729088, 0.000801885558758, 0.00130152469501, 0.00148606393486, 0.00370376417413, 0.00123607518617, 0.00161106337328, 0.00171808747109, 0.00037108748802, 0.000622861552984, 0.000298023805954, 0.000440284085926, 0.000359708472388, 0.000275661994237, 0.00028862329782, 5.92646938458e-05, 3.5822566133e-05, 0.000168590762769, 4.1393450374e-05, 0.000106757855974, 9.14252377697e-05, 2.79452779068e-05, 3.00766096188e-05, 0.000108627071313, 6.68389548082e-05, 3.35232143698e-05, 2.11944352486e-05, 1.82009807759e-05, 2.29517318076e-05, 4.97746332258e-05, 1.62358301168e-05, 2.43586855504e-05, 2.46634863288e-05, 1.10900709842e-05, 2.00122540264e-05, 1.33822150019e-05, 1.68769965967e-05, 1.76910307346e-05, 1.54646404553e-05, 8.1217076513e-06, 1.32206178023e-05, 1.61091647897e-05, 2.00735212275e-05, 1.19789083328e-05, 4.57168653156e-06, 5.8341888689e-06, 1.0898967048e-05, 6.74740340401e-06, 1.28474894154e-05, 1.70032271853e-05, 6.59705028738e-06, 5.54167536393e-06, 9.83307018032e-06, 1.03974807644e-05, 8.01768328529e-06, 7.91146976553e-06, 6.22283596385e-06, 7.55750170356e-06, 6.72533633406e-06, 5.8290565903e-06, 4.97663677379e-06, 4.36210984844e-06, 4.47523279945e-06, 3.79108087145e-06, 1.52706400058e-06, 9.74689928768e-09, 2.63365973474e-09, 2.47870524106e-09, 2.38374742167e-09, 2.32463559513e-09, 2.25766050299e-09, 2.20921614336e-09, 2.17266649116e-09, 2.15263540326e-09, 2.11366835146e-09, 2.10654205191e-09],
        "mean": [4.54586588603e-05, 0.000195144413738, 0.000383338279789, 0.000336758501362, 0.000229048586334, 0.00019878904277, 0.000149258063175, 0.000129396852572, 0.000227913857088, 0.000176940724486, 0.00011837551574, 0.00013447344827, 0.000122881072457, 6.72967653372e-05, 3.41535996995e-05, 5.3266678151e-05, 5.80826890655e-05, 5.0174392527e-05, 2.58127365669e-05, 2.08363908314e-05, 2.79233136098e-05, 3.41041559295e-05, 7.5005038525e-05, 0.000148807899677, 0.000272319535725, 0.000321491854265, 0.000373282382498, 0.000444054545369, 0.000436405651271, 0.000355356372893, 0.000335020478815, 0.000321198167512, 0.000343506981153, 0.000328386755427, 0.000212306447793, 0.000185144002899, 0.0001856306626, 0.000144422316225, 0.000152984881424, 0.000146066668094, 0.000124024096294, 9.95980662992e-05, 0.000112759560579, 9.41420876188e-05, 6.46193002467e-05, 5.88707080169e-05, 5.48261741642e-05, 4.65215853183e-05, 5.57712628506e-05, 5.35294493602e-05, 3.7506899389e-05, 3.15289216815e-05, 3.54887088179e-05, 5.73491088289e-05, 5.92389515077e-05, 3.79135672119e-05, 4.23462697654e-05, 4.42951604782e-05, 6.75636838423e-05, 6.33138188277e-05, 2.83205408778e-05, 3.35151962645e-05, 2.86711856461e-05, 3.49375877704e-05, 2.61633886112e-05, 1.70456078195e-05, 1.35140999191e-05, 4.26585211244e-06, 3.32602348863e-06, 5.0781209211e-06, 3.73916282115e-06, 4.71473867947e-06, 3.78877734875e-06, 1.96117571249e-06, 1.61985951763e-06, 3.43722308571e-06, 2.70062241725e-06, 1.77422793968e-06, 1.81882069228e-06, 1.78391815098e-06, 2.03156582756e-06, 2.8430401926e-06, 1.72214595295e-06, 1.33475282382e-06, 1.16073147183e-06, 8.24882704364e-07, 1.0413889413e-06, 5.44868669294e-07, 8.1784583017e-07, 7.25873519514e-07, 7.94328457232e-07, 3.72738696797e-07, 7.01885255694e-07, 5.59128295663e-07, 8.35805508359e-07, 5.46176295302e-07, 3.11592884827e-07, 2.97620516676e-07, 3.82527417742e-07, 3.19317848607e-07, 3.51140556631e-07, 5.56923168915e-07, 2.27912622108e-07, 1.91682261175e-07, 2.64189225163e-07, 3.43668801861e-07, 2.64729578703e-07, 1.94581133428e-07, 1.7606831193e-07, 1.60339766353e-07, 1.80921176707e-07, 1.3956100986e-07, 9.19223666074e-08, 9.08723976067e-08, 7.22764568195e-08, 5.91664388594e-08, 2.22305445163e-08, 7.2920260108e-11, 7.77449979394e-12, 7.08561855023e-12, 6.84852565283e-12, 6.6887732332e-12, 6.51191036857e-12, 6.3708608701e-12, 6.27616925444e-12, 6.22078126858e-12, 6.12935917299e-12, 6.10646646096e-12],
        "min": [2.03677196188e-23, 1.53632948988e-23, 5.15271794832e-24, 5.76233190651e-24, 8.48989145594e-24, 2.68997131338e-24, 2.69088974469e-24, 2.65063910307e-24, 1.40901808801e-24, 1.05418865006e-24, 4.77234815249e-24, 1.32671889218e-23, 1.02680912214e-23, 2.56392928731e-24, 1.02988907177e-23, 1.35198610697e-23, 6.61509567265e-24, 4.53489628685e-24, 5.36719502896e-24, 5.9411560241e-24, 1.0624597186e-23, 4.82995748111e-24, 1.0702873487e-23, 2.09992090843e-23, 1.9259182298e-23, 1.69580813484e-23, 1.81566403202e-23, 2.97441877858e-24, 2.06019170387e-24, 1.20851597414e-23, 2.70826077736e-23, 1.7301032316e-23, 1.66216937035e-23, 9.33030047702e-24, 6.74516148098e-24, 9.70632128268e-24, 1.21580993984e-23, 7.80283778371e-24, 2.98733262882e-24, 1.7506379515e-24, 6.2976556778e-24, 1.6591581305e-23, 1.33821196448e-23, 1.46122535631e-23, 8.52100807435e-24, 4.87713451868e-24, 7.711033307e-24, 5.62021743114e-24, 2.6435519767e-24, 7.20158062352e-24, 1.89840244588e-23, 1.12055790432e-23, 1.04404265636e-23, 5.89845656102e-24, 7.87494755905e-24, 4.88733685677e-24, 6.09233293355e-24, 7.27115815536e-24, 6.80187505804e-24, 4.82382763744e-24, 1.94099635937e-23, 8.19297998844e-24, 9.16728079323e-24, 6.36751009982e-24, 8.20119203046e-24, 2.67721184322e-23, 1.68243015829e-23, 8.42950888681e-24, 8.48946310447e-24, 1.49446669268e-23, 1.10467253338e-23, 1.26998740797e-23, 7.36253191401e-24, 9.29442781621e-24, 9.62604364152e-24, 1.01218916298e-23, 9.37381404455e-24, 5.7706394007e-24, 7.80549151179e-24, 7.69811255423e-24, 7.30326637193e-24, 9.2682589334e-24, 1.21407200038e-23, 9.07203767184e-24, 4.12007220212e-24, 1.82851694275e-23, 7.16540346241e-24, 1.0159049345e-23, 9.24334197285e-24, 1.32364312351e-23, 1.87572064382e-23, 1.04019956269e-23, 1.14700273067e-23, 9.63284835569e-24, 1.04007705259e-23, 1.83548037573e-23, 1.30652089756e-23, 8.01595644586e-24, 1.00174283022e-23, 8.46619407435e-24, 9.43299281194e-24, 9.4287440071e-24, 1.12943116955e-23, 1.23386144393e-23, 8.81385059731e-24, 1.00168768884e-23, 5.16418680259e-24, 7.73367913701e-24, 6.82931952893e-24, 2.03705784507e-23, 1.27385653406e-23, 1.24229491921e-23, 8.97693496769e-24, 1.05957232991e-23, 1.18803580397e-23, 1.34575994339e-23, 1.25086463077e-23, 1.24490707433e-23, 1.2051989718e-23, 1.24443438887e-23, 9.14233780027e-24, 7.21565626865e-24, 6.90718720002e-24, 1.14382559338e-23, 1.28837039142e-23, 1.14539582101e-23, 1.12672198455e-23, 1.09735150975e-23],
        "stdev": [0.000173241918674, 0.000730479194317, 0.00148605834693, 0.00128010276239, 0.000776599626988, 0.000721136981156, 0.000446888559964, 0.000343361520208, 0.000643970794044, 0.000441128038801, 0.000483817217173, 0.000513772305567, 0.00051453744527, 0.00026918342337, 8.41134460643e-05, 0.000238756896579, 0.000216874512262, 0.000116423783766, 4.87997749588e-05, 3.22827945638e-05, 4.11020882893e-05, 4.41342090198e-05, 0.000114572700113, 0.000210752361454, 0.000400020420784, 0.000523092981894, 0.000590515497606, 0.000701410579495, 0.000765995413531, 0.000556076411158, 0.000506937911268, 0.00052951235557, 0.000520344823599, 0.000468909507617, 0.000328437134158, 0.000383098406019, 0.000408664200222, 0.000240115230554, 0.000227272001212, 0.000193647414562, 0.000165528035723, 0.000148226346937, 0.000177239257027, 0.000146839622175, 8.57606137288e-05, 7.50032268115e-05, 6.78810101817e-05, 6.28376001259e-05, 6.52606104268e-05, 5.83915643801e-05, 4.82357245346e-05, 5.08456105308e-05, 5.64117981412e-05, 0.0001028492552, 0.000119795440696, 8.55184844113e-05, 0.000195095344679, 8.92928583198e-05, 0.000163558594068, 0.000173531705514, 4.68031685159e-05, 6.4758118242e-05, 3.8839829358e-05, 6.15074750385e-05, 4.72352658107e-05, 2.58735817624e-05, 2.87125276373e-05, 6.38397250441e-06, 4.16074772147e-06, 1.06659899757e-05, 4.9765149015e-06, 9.99263647827e-06, 9.03103500605e-06, 2.41598718276e-06, 2.45282080868e-06, 8.15454768599e-06, 6.49553930998e-06, 3.24269262819e-06, 2.69556198873e-06, 2.54870951721e-06, 3.52716324414e-06, 6.24453468845e-06, 2.65744392891e-06, 2.82953556052e-06, 1.9327476366e-06, 1.23408949548e-06, 2.04393768399e-06, 9.85345536719e-07, 1.8138557607e-06, 1.8631576495e-06, 1.73883142907e-06, 7.14166446869e-07, 1.66799566159e-06, 1.59614796758e-06, 2.12485974771e-06, 1.33252183332e-06, 6.23038431513e-07, 7.21609410448e-07, 1.04351875052e-06, 7.97305858669e-07, 1.04086529973e-06, 1.7988769514e-06, 6.46182002129e-07, 5.51377354441e-07, 9.1016619308e-07, 1.07615164779e-06, 9.03121190277e-07, 6.81526387325e-07, 5.86786370604e-07, 5.7559537936e-07, 6.38747053472e-07, 4.97201824601e-07, 3.11749914772e-07, 3.21174269402e-07, 2.97391011372e-07, 2.47179940516e-07, 9.76009033593e-08, 4.86559459389e-10, 1.12234110894e-10, 1.0556528568e-10, 1.01521874241e-10, 9.90040271986e-11, 9.61522389487e-11, 9.4089631919e-11, 9.25325649437e-11, 9.16789075212e-11, 9.00197416609e-11, 8.97158736191e-11]
    },
    "mfcc": {
        "mean": [-672.04095459, 92.8930282593, -68.7569961548, -13.6045303345, -17.2352981567, -3.68241071701, -1.13399684429, 11.3594655991, -1.19849228859, -3.98467588425, -2.09000039101, -7.55684280396, -8.95687675476],
        "cov": [[7303.96289062, -1045.54284668, -365.003295898, -550.656921387, -385.734893799, -605.565612793, -17.5439395905, 51.3180160522, -188.463562012, -176.976028442, -142.985061646, -50.3204307556, -0.317549347878], [-1045.54284668, 750.206237793, 945.807861328, 708.913696289, 511.277099609, 358.854522705, 114.941314697, -16.9785861969, 39.4591941833, 33.3282928467, 41.4096565247, 42.8647193909, 52.8802223206], [-365.003295898, 945.807861328, 2841.78515625, 1725.71020508, 1309.03466797, 653.231384277, 249.328125, -151.950836182, 37.5707092285, 4.10412836075, 16.4138469696, 132.035217285, 151.615310669], [-550.656921387, 708.913696289, 1725.71020508, 1233.85888672, 874.520507812, 469.875, 151.565292358, -66.3461303711, 41.6409759521, 7.02112960815, 47.6814041138, 82.1020736694, 106.405967712], [-385.734893799, 511.277099609, 1309.03466797, 874.520507812, 702.133178711, 354.515930176, 146.731246948, -36.6701583862, 48.6644477844, 17.0920295715, 28.6231918335, 68.801574707, 81.6403274536], [-605.565612793, 358.854522705, 653.231384277, 469.875, 354.515930176, 273.674499512, 83.2867889404, -11.7754135132, 47.361869812, 27.1569690704, 34.3223419189, 41.7617607117, 40.7375221252], [-17.5439395905, 114.941314697, 249.328125, 151.565292358, 146.731246948, 83.2867889404, 111.166755676, 42.923915863, 36.006111145, 18.4565658569, 7.78525590897, 21.5979309082, 18.1592540741], [51.3180160522, -16.9785861969, -151.950836182, -66.3461303711, -36.6701583862, -11.7754135132, 42.923915863, 114.932952881, 29.6944580078, 15.5015544891, 34.6394767761, 1.39853942394, -11.7876996994], [-188.463562012, 39.4591941833, 37.5707092285, 41.6409759521, 48.6644477844, 47.361869812, 36.006111145, 29.6944580078, 85.6691207886, 34.8108596802, 17.2310657501, 22.6365070343, 17.0652275085], [-176.976028442, 33.3282928467, 4.10412836075, 7.02112960815, 17.0920295715, 27.1569690704, 18.4565658569, 15.5015544891, 34.8108596802, 58.9204521179, 22.78083992, 11.430472374, 9.06858825684], [-142.985061646, 41.4096565247, 16.4138469696, 47.6814041138, 28.6231918335, 34.3223419189, 7.78525590897, 34.6394767761, 17.2310657501, 22.78083992, 75.7185134888, 20.023443222, 8.55855369568], [-50.3204307556, 42.8647193909, 132.035217285, 82.1020736694, 68.801574707, 41.7617607117, 21.5979309082, 1.39853942394, 22.6365070343, 11.430472374, 20.023443222, 51.556350708, 23.3317718506], [-0.317549347878, 52.8802223206, 151.615310669, 106.405967712, 81.6403274536, 40.7375221252, 18.1592540741, -11.7876996994, 17.0652275085, 9.06858825684, 8.55855369568, 23.3317718506, 55.8594665527]],
        "icov": [[0.000242509515374, 0.000321808445733, -0.000198228051886, -8.49337084219e-05, 0.000115613409434, 0.000622498919256, -0.000313744269079, -0.000338810670655, 0.000281917862594, 0.00027156365104, 0.000128535495605, 2.0641964511e-05, -0.000354425719706], [0.000321808445733, 0.00453159352764, 0.000195369779249, -0.00183562748134, 0.000397616327973, -0.00311604770832, -0.00108669197652, -0.00057503208518, 0.00166676624212, -0.000914244737942, 0.000596738071181, 0.000746141187847, -0.000162262615049], [-0.000198228051886, 0.000195369779249, 0.00409484934062, -0.00289340387098, -0.00378501066007, -0.000171712279553, -0.00169661210384, 0.0028472233098, 0.00137529207859, -0.000765260891058, 0.00109612569213, -0.00187837856356, 0.00134140765294], [-8.49337084219e-05, -0.00183562748134, -0.00289340387098, 0.0116104399785, -0.00733507657424, -0.00257686688565, 0.00447581475601, -0.00141150085256, -0.000257793493802, 0.00313158729114, -0.00286139897071, 0.00208302028477, -0.00254044309258], [0.000115613409434, 0.000397616327973, -0.00378501066007, -0.00733507657424, 0.0199028495699, -0.00243460573256, -0.00506673660129, -0.0010920407949, -0.00180038204417, -0.000522210786585, 0.000775953056291, 1.10994023999e-05, -0.00151501863729], [0.000622498919256, -0.00311604770832, -0.000171712279553, -0.00257686688565, -0.00243460573256, 0.019123615697, -0.00319521012716, 0.00187870243099, -0.00362019892782, -0.000495290092658, -0.00262677925639, -0.00114557065535, 0.00144228851423], [-0.000313744269079, -0.00108669197652, -0.00169661210384, 0.00447581475601, -0.00506673660129, -0.00319521012716, 0.0223710089922, -0.0110022546723, -0.00187986588571, -0.00226558605209, 0.00545928068459, -0.00185384473298, -0.00187286699656], [-0.000338810670655, -0.00057503208518, 0.0028472233098, -0.00141150085256, -0.0010920407949, 0.00187870243099, -0.0110022546723, 0.019683515653, -0.00401336653158, 0.00173641042784, -0.00899511668831, 0.00168708362617, 0.00507723167539], [0.000281917862594, 0.00166676624212, 0.00137529207859, -0.000257793493802, -0.00180038204417, -0.00362019892782, -0.00187986588571, -0.00401336653158, 0.0210686605424, -0.00857269391418, 0.00335660623387, -0.00521222036332, -0.0031643754337], [0.00027156365104, -0.000914244737942, -0.000765260891058, 0.00313158729114, -0.000522210786585, -0.000495290092658, -0.00226558605209, 0.00173641042784, -0.00857269391418, 0.0264437906444, -0.00712801236659, 0.00159096252173, -0.00204029865563], [0.000128535495605, 0.000596738071181, 0.00109612569213, -0.00286139897071, 0.000775953056291, -0.00262677925639, 0.00545928068459, -0.00899511668831, 0.00335660623387, -0.00712801236659, 0.0227024145424, -0.00779858278111, -0.00106926250737], [2.0641964511e-05, 0.000746141187847, -0.00187837856356, 0.00208302028477, 1.10994023999e-05, -0.00114557065535, -0.00185384473298, 0.00168708362617, -0.00521222036332, 0.00159096252173, -0.00779858278111, 0.0305273123085, -0.00801982916892], [-0.000354425719706, -0.000162262615049, 0.00134140765294, -0.00254044309258, -0.00151501863729, 0.00144228851423, -0.00187286699656, 0.00507723167539, -0.0031643754337, -0.00204029865563, -0.00106926250737, -0.00801982916892, 0.0269062723964]]
    },
    "spectral_contrast_coeffs": {
        "max": [-0.549923539162, -0.58408164978, -0.643521487713, -0.722084879875, -0.648242294788, -0.65135461092],
        "mean": [-0.739152491093, -0.776589214802, -0.788513898849, -0.812232911587, -0.757995009422, -0.751535892487],
        "min": [-0.96352481842, -0.960617244244, -0.9630651474, -0.960632860661, -0.957993388176, -0.958819031715],
        "stdev": [0.0669297426939, 0.0673305243254, 0.0435723587871, 0.0301869288087, 0.0433595664799, 0.0315482802689]
    },
    "spectral_contrast_valleys": {
        "max": [-4.94451141357, -5.52302885056, -4.79140472412, -5.63431167603, -6.31073045731, -8.41444587708],
        "mean": [-8.60929489136, -7.28316116333, -6.63063716888, -7.00336933136, -7.59595251083, -10.7399053574],
        "min": [-27.5624675751, -27.1967887878, -27.0501689911, -27.2188682556, -27.4138832092, -27.2586250305],
        "stdev": [1.83696305752, 1.11339330673, 1.43033409119, 1.27807044983, 1.22382700443, 1.2212767601]
    }
},
"rhythm": {
    "beats_count": 22,
    "beats_loudness": {
        "max": 0.0420339740813,
        "mean": 0.019555432722,
        "min": 0.000115083974379,
        "stdev": 0.0126379020512
    },
    "bpm": 112.375518799,
    "bpm_histogram_first_peak_bpm": 112,
    "bpm_histogram_first_peak_weight": 0.272727310658,
    "bpm_histogram_second_peak_bpm": 101,
    "bpm_histogram_second_peak_spread": 0.600000023842,
    "bpm_histogram_second_peak_weight": 0.190476194024,
    "danceability": 0.741575360298,
    "onset_rate": 1.95934510231,
    "beats_loudness_band_ratio": {
        "max": [0.836563587189, 0.308246344328, 0.328797668219, 0.78286498785, 0.399838596582, 0.209361165762],
        "mean": [0.178164467216, 0.0891551747918, 0.156881913543, 0.378214746714, 0.176547706127, 0.0637309849262],
        "min": [1.12650459414e-05, 0.000239799672272, 0.0174590256065, 0.0359988883138, 0.0309232082218, 0.00930725596845],
        "stdev": [0.271071523428, 0.0909122377634, 0.0853625237942, 0.224887758493, 0.0912204608321, 0.0533181354403]
    },
    "beats_position": [0.592108845711, 1.19582760334, 1.79954648018, 2.39165520668, 2.97215414047, 3.55265307426, 4.14476203918, 4.73687076569, 5.32897949219, 5.93269824982, 6.48997735977, 7.05886602402, 7.59292507172, 8.12698364258, 8.66104316711, 9.19510173798, 9.72916126251, 10.2632198334, 10.7856683731, 11.3081178665, 11.8421764374, 12.3762359619],
