{
"metadata": {
    "version": {
        "essentia": "2.1-beta5",
        "essentia_git_sha": "Undefined",
        "extractor": "music 2.0"
    },
    "audio_properties": {
        "analysis": {
            "equal_loudness": 0,
            "length": 12.7477550507,
            "sample_rate": 44100,
            "start_time": 0,
            "downmix": "mix"
        },
        "bit_rate": 192000,
        "length": 196.289901733,
        "lossless": 0,
        "number_channels": 2,
        "replay_gain": -6.42098999023,
        "sample_rate": 48000,
        "codec": "mp3",
        "md5_encoded": "46eaa8b2aff69364f1aab8455576eff1"
    },
    "tags": {
        "file_name": "Ukraine_Wild Dances_Ruslana.mp3",
        "encoding": ["Lavf58.29.100"]
    }
},
"lowlevel": {
    "average_loudness": 0.627475619316,
    "barkbands_crest": {
        "max": 22.9785919189,
        "mean": 8.10011100769,
        "min": 2.92542624474,
        "stdev": 3.15880060196
    },
    "barkbands_flatness_db": {
        "max": 0.271174639463,
        "mean": 0.176308274269,
        "min": 0.0316519513726,
        "stdev": 0.0555085390806
    },
    "barkbands_kurtosis": {
        "max": 12.9668645859,
        "mean": 0.767613470554,
        "min": -1.32282841206,
        "stdev": 1.41228187084
    },
    "barkbands_skewness": {
        "max": 3.58942341805,
        "mean": 0.905552864075,
        "min": -0.810056746006,
        "stdev": 0.584973692894
    },
    "barkbands_spread": {
        "max": 81.6770935059,
        "mean": 14.4122571945,
        "min": 3.89411282539,
        "stdev": 9.58496952057
    },
    "dissonance": {
        "max": 0.499999970198,
        "mean": 0.483611881733,
        "min": 0.382102161646,
        "stdev": 0.015889050439
    },
    "dynamic_complexity": 4.65038204193,
    "erbbands_crest": {
        "max": 21.9433708191,
        "mean": 8.29685783386,
        "min": 2.86564564705,
        "stdev": 2.98813199997
    },
    "erbbands_flatness_db": {
        "max": 0.360257983208,
        "mean": 0.258268594742,
        "min": 0.0742395594716,
        "stdev": 0.0662633255124
    },
    "erbbands_kurtosis": {
        "max": 4.65341758728,
        "mean": 0.249455571175,
        "min": -1.33903372288,
        "stdev": 0.806668758392
    },
    "erbbands_skewness": {
        "max": 1.96335685253,
        "mean": 0.470894604921,
        "min": -1.03544533253,
        "stdev": 0.563126683235
    },
    "erbbands_spread": {
        "max": 58.7457580566,
        "mean": 19.6966934204,
        "min": 7.13689374924,
        "stdev": 9.53952026367
    },
    "hfc": {
        "max": 78.9016418457,
        "mean": 16.3240375519,
        "min": 0.105041801929,
        "stdev": 17.3951931
    },
    "loudness_ebu128": {
        "integrated": -19.0243911743,
        "loudness_range": 7.0308265686,
        "momentary": {
            "max": -14.3665351868,
            "mean": -21.2529373169,
            "min": -35.6667709351,
            "stdev": 4.64393806458
        },
        "short_term": {
            "max": -15.4563407898,
            "mean": -19.5912475586,
            "min": -22.8964252472,
            "stdev": 2.56353211403
        }
    },
    "melbands_crest": {
        "max": 30.5295543671,
        "mean": 11.5150375366,
        "min": 4.15954113007,
        "stdev": 4.51038551331
    },
    "melbands_flatness_db": {
        "max": 0.302506953478,
        "mean": 0.194805130363,
        "min": 0.0800863280892,
        "stdev": 0.0326656326652
    },
    "melbands_kurtosis": {
        "max": 48.2591209412,
        "mean": 3.46321463585,
        "min": -1.02185380459,
        "stdev": 3.93167233467
    },
    "melbands_skewness": {
        "max": 6.32798910141,
        "mean": 1.48257803917,
        "min": -0.675886452198,
        "stdev": 0.835483133793
    },
    "melbands_spread": {
        "max": 73.9908676147,
        "mean": 19.3039970398,
        "min": 5.08468484879,
        "stdev": 8.88905906677
    },
    "pitch_salience": {
        "max": 0.856578826904,
        "mean": 0.669515252113,
        "min": 0.255369514227,
        "stdev": 0.102377615869
    },
    "silence_rate_20dB": {
        "max": 1,
        "mean": 1,
        "min": 1,
        "stdev": 0
    },
    "silence_rate_30dB": {
        "max": 1,
        "mean": 1,
        "min": 1,
        "stdev": 0
    },
    "silence_rate_60dB": {
        "max": 1,
        "mean": 0.105454541743,
        "min": 0,
        "stdev": 0.307137131691
    },
    "spectral_centroid": {
        "max": 2784.15087891,
        "mean": 1518.06665039,
        "min": 647.623657227,
        "stdev": 326.326477051
    },
    "spectral_complexity": {
        "max": 41,
        "mean": 19.7000007629,
        "min": 0,
        "stdev": 10.2527551651
    },
    "spectral_decrease": {
        "max": -2.57051654268e-11,
        "mean": -3.42320416458e-09,
        "min": -1.64245967937e-08,
        "stdev": 3.24773230531e-09
    },
    "spectral_energy": {
        "max": 0.0691467598081,
        "mean": 0.014400601387,
        "min": 0.000145498648635,
        "stdev": 0.0138083761558
    },
    "spectral_energyband_high": {
        "max": 0.00355143006891,
        "mean": 0.000217143766349,
        "min": 1.8105770323e-06,
        "stdev": 0.000471901410492
    },
    "spectral_energyband_low": {
        "max": 0.0184914693236,
        "mean": 0.000721880875062,
        "min": 2.18319158307e-08,
        "stdev": 0.00171016796958
    },
    "spectral_energyband_middle_high": {
        "max": 0.0634364336729,
        "mean": 0.00934369582683,
        "min": 4.01558354497e-05,
        "stdev": 0.0112172113732
    },
    "spectral_energyband_middle_low": {
        "max": 0.0316453911364,
        "mean": 0.00464598741382,
        "min": 2.92313634418e-05,
        "stdev": 0.00437859119847
    },
    "spectral_entropy": {
        "max": 8.18824386597,
        "mean": 7.53638219833,
        "min": 6.89429569244,
        "stdev": 0.182072505355
    },
    "spectral_flux": {
        "max": 0.178408190608,
        "mean": 0.0654597878456,
        "min": 0.00663822097704,
        "stdev": 0.0359962657094
    },
    "spectral_kurtosis": {
        "max": 18.1224822998,
        "mean": 6.87552022934,
        "min": 0.774071455002,
        "stdev": 2.98259592056
    },
    "spectral_rms": {
        "max": 0.00821341946721,
        "mean": 0.0033476727549,
        "min": 0.000376762385713,
        "stdev": 0.00168595544528
    },
    "spectral_rolloff": {
        "max": 13070.6542969,
        "mean": 1684.20861816,
        "min": 150.732421875,
        "stdev": 791.702087402
    },
    "spectral_skewness": {
        "max": 2.63484835625,
        "mean": 1.69440901279,
        "min": 0.753852427006,
        "stdev": 0.346032887697
    },
    "spectral_spread": {
        "max": 7116678,
        "mean": 2648331,
        "min": 1894638.25,
        "stdev": 661524.375
    },
    "spectral_strongpeak": {
        "max": 7.18239212036,
        "mean": 0.923874557018,
        "min": 0,
        "stdev": 0.866557300091
    },
    "zerocrossingrate": {
        "max": 0.22265625,
        "mean": 0.0608460567892,
        "min": 0.02197265625,
        "stdev": 0.0168396998197
    },
    "barkbands": {
        "max": [0.00226106774062, 0.0129936076701, 0.00421292381361, 0.00349004636519, 0.00507190125063, 0.00465396232903, 0.0146810412407, 0.0043396553956, 0.0190282892436, 0.0313156358898, 0.0238251872361, 0.0101128406823, 0.00623278040439, 0.0067008822225, 0.00282816356048, 0.00235586497001, 0.0021491877269, 0.00208370969631, 0.0015705950791, 0.00351434969343, 0.000630820752122, 0.000404457008699, 0.000329025497194, 0.00014282988559, 0.000103024183773, 4.83337789774e-05, 2.03355284611e-05],
        "mean": [4.95966960443e-05, 0.000351985130692, 0.000210630183574, 0.00016099086497, 0.000133118592203, 0.00021142042533, 0.000875028257724, 0.000374854163965, 0.00206569139846, 0.00267979176715, 0.00227516726591, 0.00110083888285, 0.00107345811557, 0.000796637672465, 0.000506611366291, 0.000380995596061, 0.00031052887789, 0.000318344362313, 0.000202643976081, 0.000226453339565, 4.15065405832e-05, 2.81679076579e-05, 1.37211691253e-05, 7.48362072045e-06, 3.35495678883e-06, 1.21739606129e-06, 3.70714559494e-07],
        "min": [2.58788164509e-11, 1.00526675872e-09, 2.94444513216e-09, 2.42115234528e-08, 2.42609473844e-07, 8.85436975295e-07, 5.1164118986e-07, 1.05220885871e-06, 3.64891889149e-07, 8.32137857287e-07, 4.0577180016e-07, 8.11277800494e-07, 5.00870692122e-06, 1.81343466465e-06, 7.15605301593e-06, 5.21485787885e-07, 2.11324459087e-06, 8.82216284026e-07, 4.89564001782e-07, 4.1561014541e-07, 4.608052393e-07, 2.14802426513e-07, 1.47133974338e-07, 3.37041186071e-08, 1.15169696002e-08, 1.02732604645e-08, 2.95739932543e-10],
        "stdev": [0.000153549670358, 0.00104957085568, 0.000530718418304, 0.000397929892642, 0.000439182127593, 0.000581307976972, 0.00178634328768, 0.000494912848808, 0.00315303029492, 0.00402427464724, 0.00396641343832, 0.00159363716375, 0.00115181726869, 0.00105134991463, 0.000550321652554, 0.000429460022133, 0.000293645804049, 0.000333540490828, 0.000256013619946, 0.000507866439875, 6.20511491434e-05, 4.0516621084e-05, 2.67062769126e-05, 1.54873705469e-05, 9.36283413466e-06, 4.50442939837e-06, 1.93412779481e-06]
    },
    "erbbands": {
        "max": [0.424331128597, 3.03432369232, 4.80110836029, 7.65114068985, 8.35151672363, 24.1914653778, 15.9041280746, 46.8939437866, 224.053726196, 106.485954285, 95.2581863403, 477.844055176, 993.332336426, 920.19342041, 1038.27783203, 399.529724121, 236.249954224, 355.293792725, 215.039367676, 152.854125977, 149.812591553, 81.8653182983, 145.533248901, 101.998786926, 90.0447616577, 201.885025024, 53.3415908813, 23.0948009491, 12.6683626175, 12.9630432129, 9.2528219223, 4.40022563934, 2.00191092491, 1.42757320404, 0.660595297813, 0.24527156353, 0.0846786275506, 0.0355642922223, 0.00372465187684, 0.000100364137325],
        "mean": [0.0124419219792, 0.0713495314121, 0.202901169658, 0.50907355547, 0.377956539392, 0.474707961082, 0.629886090755, 2.2751455307, 12.2310705185, 9.0908870697, 11.7881097794, 45.3272438049, 76.3451919556, 92.7913665771, 81.1322937012, 46.3348960876, 48.3102111816, 45.9934120178, 31.4587669373, 23.7631511688, 19.8126716614, 17.275177002, 17.4279918671, 12.8833684921, 10.1756305695, 11.512213707, 3.06488180161, 1.4579461813, 1.05782103539, 0.675886213779, 0.358317524195, 0.201196447015, 0.100528515875, 0.0478341057897, 0.0187485422939, 0.00667750509456, 0.0018656027969, 0.000586373265833, 7.69180987845e-05, 1.93216073967e-05],
        "min": [6.24566709462e-08, 3.94225253331e-07, 5.5093832998e-06, 9.86636441667e-05, 0.000774353684392, 0.00106272264384, 0.00620560161769, 0.0068293265067, 0.0058205104433, 0.0150081580505, 0.0182775538415, 0.00976265314966, 0.0189255736768, 0.0437503866851, 0.0257274452597, 0.0674656629562, 0.222541511059, 0.110468380153, 0.375537335873, 0.193293839693, 0.0612181052566, 0.126374527812, 0.0728886649013, 0.0494168736041, 0.0233219508082, 0.0156930573285, 0.0149025423452, 0.0176703799516, 0.00918774306774, 0.00605362839997, 0.0036926525645, 0.000958988384809, 0.000392736721551, 0.000132247194415, 9.64032224147e-05, 5.48188363609e-05, 1.54364242917e-05, 1.36935614137e-06, 1.74016690835e-07, 2.83362169284e-07],
        "stdev": [0.0381971150637, 0.216445580125, 0.513129174709, 1.18993234634, 1.01139700413, 1.79771363735, 1.62353944778, 5.80206727982, 26.9568843842, 13.7968769073, 12.4497337341, 68.7726669312, 128.330230713, 132.774291992, 141.723571777, 62.5362434387, 48.8624229431, 58.84167099, 35.7915382385, 26.2372226715, 21.708946228, 15.8297653198, 18.5740947723, 15.2661008835, 14.7003479004, 26.6945323944, 6.2815785408, 2.12822341919, 1.45170927048, 1.1644616127, 0.707192063332, 0.41163277626, 0.215263724327, 0.122038245201, 0.0584811419249, 0.0223332867026, 0.00706427264959, 0.00295586930588, 0.000358553748811, 1.86408451555e-05]
    },
    "gfcc": {
        "mean": [-82.9737091064, 75.7922363281, -210.575317383, -11.2557039261, -68.9357452393, 2.22767734528, -25.4141368866, 4.23129987717, -17.1695461273, -7.128926754, -12.3042058945, -5.2090306282, -10.2128982544],
        "cov": [[2671.3515625, -494.114471436, -462.53616333, -184.871261597, -416.664916992, -87.9735565186, -32.8954772949, 24.3329277039, -225.694366455, -68.6961212158, 32.8517189026, -61.6727867126, 82.1958770752], [-494.114471436, 2406.93579102, 1848.06030273, 1464.95214844, 890.127807617, 255.882064819, 448.655303955, 59.445640564, 649.294067383, 447.364105225, 355.633178711, 263.624908447, -151.125854492], [-462.53616333, 1848.06030273, 2586.48632812, 1725.48498535, 1108.47888184, 337.786773682, 348.753845215, 24.624168396, 498.566040039, 462.584228516, 145.19303894, 325.353210449, -220.921279907], [-184.871261597, 1464.95214844, 1725.48498535, 1387.4107666, 770.609436035, 236.555557251, 259.006103516, -30.6012001038, 372.132385254, 284.406036377, 104.757514954, 214.733856201, -157.682434082], [-416.664916992, 890.127807617, 1108.47888184, 770.609436035, 584.458862305, 156.189849854, 206.383544922, -5.87693595886, 240.608688354, 188.884918213, 53.3762931824, 130.094070435, -116.050376892], [-87.9735565186, 255.882064819, 337.786773682, 236.555557251, 156.189849854, 122.613220215, 69.3911590576, 32.7544250488, 50.3924636841, 54.1315727234, 3.09635782242, 15.7891197205, -33.7879714966], [-32.8954772949, 448.655303955, 348.753845215, 259.006103516, 206.383544922, 69.3911590576, 175.364044189, 36.4229736328, 123.377250671, 90.3957443237, 59.9723205566, 31.0829315186, -38.9592056274], [24.3329277039, 59.445640564, 24.624168396, -30.6012001038, -5.87693595886, 32.7544250488, 36.4229736328, 87.1739273071, 34.4061698914, 52.3896980286, 48.3901023865, 10.8829288483, 9.133477211], [-225.694366455, 649.294067383, 498.566040039, 372.132385254, 240.608688354, 50.3924636841, 123.377250671, 34.4061698914, 251.984741211, 168.815231323, 144.60295105, 118.373680115, -31.3704242706], [-68.6961212158, 447.364105225, 462.584228516, 284.406036377, 188.884918213, 54.1315727234, 90.3957443237, 52.3896980286, 168.815231323, 199.995010376, 145.153549194, 113.414222717, -10.9030828476], [32.8517189026, 355.633178711, 145.19303894, 104.757514954, 53.3762931824, 3.09635782242, 59.9723205566, 48.3901023865, 144.60295105, 145.153549194, 189.058349609, 96.5390472412, 26.1737709045], [-61.6727867126, 263.624908447, 325.353210449, 214.733856201, 130.094070435, 15.7891197205, 31.0829315186, 10.8829288483, 118.373680115, 113.414222717, 96.5390472412, 130.825805664, 6.99989843369], [82.1958770752, -151.125854492, -220.921279907, -157.682434082, -116.050376892, -33.7879714966, -38.9592056274, 9.133477211, -31.3704242706, -10.9030828476, 26.1737709045, 6.99989843369, 68.3003540039]],
        "icov": [[0.000734640401788, 0.00033101713052, -0.000320132938214, -0.00100633886177, 0.00180870725308, 0.000718455063179, -0.00163297960535, -0.000216726853978, 0.00141395162791, 0.000247079937253, -0.00120888266247, 3.76412281184e-05, 0.000163961172802], [0.00033101713052, 0.0043941102922, -0.00104429619387, -0.00271741696633, -1.72348991327e-05, 3.41964951076e-05, -0.0024162963964, 0.000329210393829, -0.0050501851365, 0.00362706906162, -0.00684630684555, 0.00547285098583, -0.0014396001352], [-0.000320132938214, -0.00104429619387, 0.00622973311692, -0.00305331521668, -0.00535246590152, -0.000339908554452, 0.00308910966851, -0.00317480950616, 0.00222551054321, -0.00666058622301, 0.00538694718853, -0.00397729454562, 0.0024020941928], [-0.00100633886177, -0.00271741696633, -0.00305331521668, 0.00897940434515, -0.00112808623817, -0.00421762885526, 0.00181687250733, 0.00564784416929, -0.00172558624763, 0.000862612039782, 0.00304307951592, -0.00288959848695, 0.000805666088127], [0.00180870725308, -1.72348991327e-05, -0.00535246590152, -0.00112808623817, 0.0207068659365, -0.00171412760392, -0.0118005881086, 0.00637675262988, 0.00160351558588, -0.000145720478031, 0.00123365886975, -0.00458085536957, 0.00532945292071], [0.000718455063179, 3.41964951076e-05, -0.000339908554452, -0.00421762885526, -0.00171412760392, 0.0208591390401, -0.00165453227237, -0.0111835887656, 0.00507222348824, -0.000703279976733, 0.000815861218143, 0.00408320780843, -0.00218099611811], [-0.00163297960535, -0.0024162963964, 0.00308910966851, 0.00181687250733, -0.0118005881086, -0.00165453227237, 0.0204811859876, -0.00572819262743, -0.00378472707234, -0.00195756996982, 0.00185589212924, 0.00477776210755, -0.00086690945318], [-0.000216726853978, 0.000329210393829, -0.00317480950616, 0.00564784416929, 0.00637675262988, -0.0111835887656, -0.00572819262743, 0.0264748837799, -0.00416379142553, -0.00487509462982, -0.00149989465717, 0.00112633011304, 2.23935021495e-05], [0.00141395162791, -0.0050501851365, 0.00222551054321, -0.00172558624763, 0.00160351558588, 0.00507222348824, -0.00378472707234, -0.00416379142553, 0.027557278052, -0.00670474441722, -0.000607459165622, -0.0118689248338, 0.00700646545738], [0.000247079937253, 0.00362706906162, -0.00666058622301, 0.000862612039782, -0.000145720478031, -0.000703279976733, -0.00195756996982, -0.00487509462982, -0.00670474441722, 0.0339883565903, -0.0219717714936, 0.00199597026221, -0.0023230323568], [-0.00120888266247, -0.00684630684555, 0.00538694718853, 0.00304307951592, 0.00123365886975, 0.000815861218143, 0.00185589212924, -0.00149989465717, -0.000607459165622, -0.0219717714936, 0.036918785423, -0.0143487947062, -0.00194876198657], [3.76412281184e-05, 0.00547285098583, -0.00397729454562, -0.00288959848695, -0.00458085536957, 0.00408320780843, 0.00477776210755, 0.00112633011304, -0.0118689248338, 0.00199597026221, -0.0143487947062, 0.0344377830625, -0.0138239208609], [0.000163961172802, -0.0014396001352, 0.0024020941928, 0.000805666088127, 0.00532945292071, -0.00218099611811, -0.00086690945318, 2.23935021495e-05, 0.00700646545738, -0.0023230323568, -0.00194876198657, -0.0138239208609, 0.0333780162036]]
    },
    "melbands": {
        "max": [0.00329011725262, 0.00311880419031, 0.001273219008, 0.0013264385052, 0.000684698112309, 0.00112539052498, 0.00339911924675, 0.00098757178057, 0.000969710643403, 0.0029193717055, 0.00491940043867, 0.00385153503157, 0.00326596223749, 0.001302398392, 0.000727335514966, 0.00061462528538, 0.000679658609442, 0.000397034018533, 0.000240406312514, 0.000222376111196, 0.000203853080166, 0.000116330913443, 9.90830303635e-05, 0.000100793091406, 9.62627382251e-05, 6.05662935413e-05, 0.000111454246507, 0.000190550010302, 5.73816469114e-05, 1.47309210661e-05, 1.33375142468e-05, 7.18701494407e-06, 6.81491201249e-06, 7.51667994336e-06, 6.0066813603e-06, 3.12279121317e-06, 2.2896849714e-06, 1.40870986343e-06, 1.59459546012e-06, 1.04265859591e-06],
        "mean": [0.000106539439003, 0.000105015402369, 7.86555829109e-05, 3.01709169435e-05, 2.09634254134e-05, 4.9522430345e-05, 0.000190857768757, 9.17157085496e-05, 0.000107687876152, 0.000314549979521, 0.000382302096114, 0.000372431590222, 0.000299787789118, 0.000145033802255, 0.000110195142042, 0.000100282704807, 8.25700553833e-05, 5.12966362294e-05, 3.56729033228e-05, 2.83263125311e-05, 2.21981354116e-05, 1.77729161805e-05, 1.74020842678e-05, 1.43732167999e-05, 1.00579682112e-05, 7.17006969353e-06, 7.343494417e-06, 8.05983108876e-06, 2.09295035347e-06, 1.00066665709e-06, 7.56128997637e-07, 6.25044378921e-07, 4.77175547076e-07, 3.30607917931e-07, 2.14073466509e-07, 1.51867979525e-07, 1.11342856712e-07, 7.61493623713e-08, 4.79007660203e-08, 3.77999676004e-08],
        "min": [3.27668059352e-10, 1.87236270932e-09, 3.9612530145e-08, 5.23593044477e-08, 1.84252883173e-07, 1.63323292668e-07, 8.87964475282e-08, 2.08612021879e-07, 1.35641343491e-07, 4.94332077494e-08, 9.20138774063e-08, 1.64679249792e-07, 6.50095941523e-08, 9.19979541436e-08, 4.63896725478e-07, 3.20216997807e-07, 1.56918588345e-07, 5.47550541796e-07, 4.27396201985e-07, 1.37715034043e-07, 4.31672582124e-08, 1.14417481711e-07, 7.20795512166e-08, 4.31599467277e-08, 3.85407901149e-08, 1.64691975613e-08, 1.49472025868e-08, 5.90290039071e-09, 7.27784454924e-09, 1.06217434848e-08, 9.12207731574e-09, 4.63485072544e-09, 3.25115334654e-09, 3.16290127422e-09, 2.26896412769e-09, 4.33290903157e-10, 3.77444075994e-10, 2.04443670326e-10, 1.32038172063e-10, 8.54510351367e-11],
        "stdev": [0.000316152611049, 0.00026040271041, 0.000180218397873, 0.000104691447632, 5.78752806177e-05, 0.00013158271031, 0.000413608562667, 0.000133523484692, 0.000121170291095, 0.000487690384034, 0.000646487111226, 0.000532599398866, 0.000527844764292, 0.000227934215218, 0.000121565470181, 0.000111203611596, 0.000110088891233, 6.25610700808e-05, 4.03391677537e-05, 3.2089985325e-05, 2.58810996456e-05, 1.75419972948e-05, 1.76553749043e-05, 1.55327743414e-05, 1.30430898935e-05, 8.57717623148e-06, 1.54484660015e-05, 2.27131185966e-05, 5.76390084461e-06, 1.45278909258e-06, 1.18038428809e-06, 8.50524088492e-07, 7.44268277231e-07, 6.21677770596e-07, 4.25136732929e-07, 3.32242819923e-07, 2.21005095113e-07, 1.60285324569e-07, 1.22601448993e-07, 9.82082184464e-08]
    },
    "melbands128": {
        "max": [0.00167481624521, 0.00401560263708, 0.00473145162687, 0.00527993682772, 0.00297264405526, 0.00231605861336, 0.00187175488099, 0.00153854698874, 0.000730323954485, 0.00217646313831, 0.00150212703738, 0.000875672441907, 0.000565101043321, 0.000972434645519, 0.000979254953563, 0.00229025515728, 0.00244725542143, 0.00642403122038, 0.00274202506989, 0.00186672178097, 0.00102377240546, 0.0015071692178, 0.000825256167445, 0.00235400977544, 0.00493111088872, 0.00442391820252, 0.00791637785733, 0.00593720050529, 0.00673663336784, 0.00499835144728, 0.00547787221149, 0.00568645494059, 0.00431103166193, 0.00697823381051, 0.00199745548889, 0.00170619995333, 0.00155786145478, 0.00110744871199, 0.00112826109398, 0.000912096991669, 0.000692723260727, 0.00113890215289, 0.00112075835932, 0.00127887981944, 0.000551732198801, 0.00049428245984, 0.000297800084809, 0.000361019046977, 0.000275234604487, 0.00031967688119, 0.00037704751594, 0.000217953987885, 0.000275159458397, 0.000254849204794, 0.000328262889525, 0.000116615956358, 0.00016606641293, 0.000151643136633, 0.000174077387783, 0.000363576167729, 0.000143243727507, 0.000132661109092, 0.000202242285013, 0.000111573390313, 6.46122498438e-05, 7.09843006916e-05, 0.000100638644653, 0.000167091027834, 0.000169331819052, 0.00022495968733, 0.000243518734351, 0.00048600017908, 3.98270785809e-05, 1.96001274162e-05, 2.28961416724e-05, 1.8827171516e-05, 1.46321008287e-05, 1.39057474371e-05, 1.25687620312e-05, 1.53801083798e-05, 1.01836430986e-05, 5.67626739212e-06, 7.58790019972e-06, 7.1036765803e-06, 9.74875638349e-06, 6.58179669699e-06, 9.80419190455e-06, 4.91961100124e-06, 7.39960023566e-06, 5.59164300284e-06, 5.13200757268e-06, 2.99932230519e-06, 5.31586556463e-06, 2.15861746256e-06, 1.71475437583e-06, 1.86829117865e-06, 1.82467783816e-06, 1.4719646515e-06, 1.62386049851e-06, 1.83312613444e-06, 1.45213004998e-06, 1.28137662614e-06, 6.8382024665e-07, 7.87975579897e-07, 6.01753527008e-07, 9.90067746898e-07, 6.88767897827e-07, 6.34131083643e-07, 4.30203698443e-07, 3.56996253004e-07, 2.70163354799e-07, 3.06969354824e-07, 3.08406981731e-07, 2.24412175953e-07, 4.82416282921e-07, 3.07926001142e-07, 3.6178909113e-07, 2.76660756526e-07, 1.28463753413e-07, 3.54272430059e-07, 1.27434617525e-07, 8.96737617495e-08, 3.02131581975e-08, 2.54949794609e-09, 2.50637754995e-09, 2.48171505568e-09, 2.4659492226e-09, 2.45197195881e-09],
        "mean": [3.91088651668e-05, 0.000103777390905, 0.000138074843562, 0.000107550651592, 9.06150962692e-05, 0.000111788729555, 0.000120389464428, 5.7567798649e-05, 3.22851519741e-05, 3.38766076311e-05, 2.56514886132e-05, 1.92983607121e-05, 2.01576585823e-05, 2.1562411348e-05, 3.36106350005e-05, 7.36489600968e-05, 0.00011728239042, 0.000304682733258, 0.000152489024913, 8.37970001157e-05, 6.73534959788e-05, 7.51999177737e-05, 9.266937559e-05, 0.000155848625582, 0.000275701895589, 0.000389305263525, 0.000393959169742, 0.000400413991883, 0.000337629870046, 0.000392121146433, 0.000375998730306, 0.000351951137418, 0.000333154486725, 0.000244970084168, 0.000149997533299, 0.00013121883967, 0.000104387596366, 9.42395199672e-05, 0.000138371469802, 9.59668468568e-05, 8.79423096194e-05, 0.00010957345512, 9.12227624212e-05, 6.63602113491e-05, 5.27535157744e-05, 5.20449357282e-05, 4.5579894504e-05, 3.51423004759e-05, 3.14557255479e-05, 3.21901861753e-05, 2.85068454104e-05, 2.37435979216e-05, 2.2761632863e-05, 2.10109483305e-05, 2.19687644858e-05, 1.62283486134e-05, 1.51446747623e-05, 1.87901205209e-05, 1.791977229e-05, 1.58358052431e-05, 1.35680975291e-05, 1.4424685105e-05, 1.17753725135e-05, 8.63679724716e-06, 7.23871153241e-06, 6.9943298513e-06, 6.84145152263e-06, 8.11801419331e-06, 6.61748481434e-06, 7.92494302004e-06, 8.81432970345e-06, 9.71130702965e-06, 1.625772029e-06, 1.29087447931e-06, 1.08603023818e-06, 1.06521656562e-06, 9.36619244385e-07, 8.57647080466e-07, 7.14782231626e-07, 6.93873630553e-07, 6.14512316588e-07, 6.60469652303e-07, 4.94997550504e-07, 4.63063798861e-07, 4.82436291804e-07, 3.17598136235e-07, 3.2210016343e-07, 2.41032978465e-07, 2.12304087199e-07, 1.83990508162e-07, 1.77669633672e-07, 1.32875683789e-07, 1.31623593802e-07, 1.13784480504e-07, 9.97279627768e-08, 8.46319991865e-08, 7.42140002785e-08, 5.84666572934e-08, 4.75769361685e-08, 4.18897094789e-08, 4.26724540148e-08, 4.01631012892e-08, 2.81040772876e-08, 2.26481287058e-08, 1.89084232716e-08, 2.04737453657e-08, 1.49081120782e-08, 1.2145484618e-08, 1.10571782841e-08, 1.02019708237e-08, 8.1820221709e-09, 5.49412515483e-09, 5.13444176065e-09, 4.50160353438e-09, 5.96775118211e-09, 5.29353627599e-09, 5.18112885928e-09, 3.2025138097e-09, 2.1245893933e-09, 3.26336335732e-09, 1.54714319134e-09, 8.03728750221e-10, 4.02998912019e-10, 1.35243457058e-11, 8.04211038041e-12, 7.30928338688e-12, 6.69631320879e-12, 6.43432616215e-12],
        "min": [2.50577054765e-12, 2.51704369153e-11, 3.64609627213e-11, 2.26220681077e-10, 2.89942347909e-10, 1.17602805272e-09, 2.24868301757e-09, 8.53147152924e-09, 2.32408545742e-08, 2.32152146395e-08, 6.22349194401e-09, 6.08963475202e-08, 5.51896164325e-08, 5.73125120695e-08, 7.65570291605e-08, 5.78061474243e-08, 4.63370781745e-08, 4.48566019884e-08, 1.0468286149e-07, 7.73482611294e-08, 5.75796192948e-08, 9.93337394561e-08, 2.4950537636e-08, 2.47021123556e-08, 1.38117677295e-08, 2.63384212218e-08, 5.39174820346e-08, 4.47809718196e-08, 5.80461403388e-08, 1.51799497417e-07, 1.00101047451e-07, 6.88010217686e-08, 5.17917086995e-08, 1.7245739059e-08, 5.61058826065e-08, 3.91820762502e-08, 3.93745480665e-08, 1.43892819437e-07, 4.33261902799e-07, 2.07869632618e-07, 3.57559137854e-08, 7.77016850861e-08, 3.60920182629e-08, 1.13205949503e-07, 1.57515742671e-07, 3.08540222704e-07, 5.93833931362e-07, 5.24642658206e-08, 1.4934732917e-07, 8.55901518548e-08, 3.10777075185e-08, 4.37654534835e-08, 1.68223035502e-08, 1.63243765172e-08, 5.66462468043e-08, 3.96629147303e-08, 5.68259466149e-08, 1.06486716334e-07, 1.26987806937e-08, 2.84851466859e-08, 1.73209198095e-08, 1.70259859544e-08, 4.35329070569e-08, 3.07635055208e-08, 1.80160277807e-08, 8.46171399616e-09, 9.19687437317e-09, 1.13060973916e-08, 1.98039025179e-08, 3.44549877518e-09, 3.91633658836e-09, 4.64342742035e-09, 7.22034521061e-09, 4.75810413292e-09, 3.06555048013e-09, 4.44609327133e-09, 8.23550827533e-09, 1.17550333911e-08, 7.17937176375e-09, 4.05976541273e-09, 3.52798990022e-09, 3.15483816848e-09, 1.69044955811e-09, 2.14149409317e-09, 2.93406254848e-09, 3.55009199815e-09, 2.38354935789e-09, 2.98809599286e-09, 1.98673211216e-09, 9.31587806896e-10, 3.25804938583e-11, 2.15889597865e-10, 3.61696950169e-10, 5.36945155005e-10, 2.67140948251e-10, 1.1961068247e-10, 1.25815385887e-10, 1.35638389409e-10, 1.0779362819e-10, 3.0371039017e-11, 6.1047902844e-11, 7.66599839164e-11, 7.96742880005e-11, 2.90909206446e-11, 3.67258654044e-11, 4.67438934781e-11, 8.64220500718e-11, 8.48134826259e-11, 7.89789969535e-11, 4.43231701341e-11, 3.64714577983e-11, 3.7650410567e-11, 2.5554008562e-11, 1.87630570803e-11, 1.48181345666e-11, 7.68419963076e-12, 7.97240398698e-12, 6.63178279653e-13, 1.34680772936e-13, 1.42689760832e-13, 1.16652320399e-13, 1.21778306298e-13, 1.05385000043e-13, 1.18922260277e-13, 8.35149346055e-14, 3.49975955063e-14, 4.1991679536e-15, 1.61167685261e-16],
        "stdev": [0.000117169722216, 0.000326139153913, 0.000443439435912, 0.000342917162925, 0.000257699372014, 0.000281922344584, 0.000286724214675, 0.000151594911586, 9.0694265964e-05, 0.000153348024469, 0.000107677165943, 6.32946394035e-05, 5.52917808818e-05, 7.06013670424e-05, 9.73492496996e-05, 0.000248355034273, 0.000268096133368, 0.000745427445509, 0.000313842756441, 0.000192408100702, 0.000121912285977, 0.000133875888423, 0.000119392425404, 0.00024192580895, 0.000477896566736, 0.00070564285852, 0.000777847366408, 0.000831692887004, 0.0006398318219, 0.000583841931075, 0.000640384736471, 0.000674782204442, 0.000665012397803, 0.000565555936191, 0.000267313822405, 0.000233283557463, 0.000169554768945, 0.000148604565766, 0.000165365709108, 0.000118573807413, 0.000127802341012, 0.00017334560107, 0.000141998214531, 0.000109370739665, 8.32204459584e-05, 7.37033697078e-05, 5.27313422936e-05, 4.97421970067e-05, 4.02804398618e-05, 4.38522183686e-05, 3.93925074604e-05, 2.98981394735e-05, 2.98601862596e-05, 3.0120190786e-05, 3.06386609736e-05, 1.89142647287e-05, 1.76948888111e-05, 1.9656290533e-05, 2.40535118792e-05, 2.84694669972e-05, 1.665104719e-05, 1.85705539479e-05, 1.95147695194e-05, 1.48180661199e-05, 9.33563387662e-06, 9.04938133317e-06, 1.26502927742e-05, 1.914389577e-05, 1.80493516382e-05, 2.29444358411e-05, 2.82687669824e-05, 4.76684290334e-05, 3.2607583762e-06, 2.08291771742e-06, 1.85713895462e-06, 1.67128905559e-06, 1.36432481668e-06, 1.37732092753e-06, 1.22039136841e-06, 1.20993615838e-06, 9.41137784594e-07, 8.99867700355e-07, 7.8236189438e-07, 8.28052009183e-07, 8.70968165145e-07, 6.01000749612e-07, 6.8120641572e-07, 4.9841537475e-07, 4.50627027249e-07, 3.93224894424e-07, 4.48262142072e-07, 2.83744327589e-07, 3.33351465542e-07, 2.21138151346e-07, 1.93286723515e-07, 1.82609213084e-07, 1.67880358504e-07, 1.42324807939e-07, 1.29768963575e-07, 1.17869710436e-07, 1.17453630821e-07, 1.07296493468e-07, 7.26219937519e-08, 7.64514709317e-08, 5.79284069602e-08, 7.78677531343e-08, 5.168156747e-08, 4.83640185678e-08, 3.99149620023e-08, 3.29712541713e-08, 2.70150177784e-08, 2.08046575523e-08, 2.09598489675e-08, 2.03003054366e-08, 3.50509843372e-08, 2.53128860095e-08, 2.86343606604e-08, 2.13652029402e-08, 1.16831868624e-08, 2.26722942642e-08, 9.47372047477e-09, 5.49295897656e-09, 2.48564613337e-09, 1.22801158131e-10, 1.13067853691e-10, 1.08360431739e-10, 1.05680748874e-10, 1.04640851539e-10]
    },
    "mfcc": {
        "mean": [-698.548156738, 113.164726257, -83.7560272217, -15.9344940186, -30.3224391937, -7.91670084, -8.82633876801, 5.95956516266, -3.56909918785, -0.0900217369199, 0.363484025002, -3.24849152565, -5.09187459946],
        "cov": [[3291.15087891, -880.461181641, -747.623779297, -734.916381836, -657.382263184, -538.036499023, 11.9616613388, -159.593963623, -213.213348389, -52.3430328369, -361.9949646, -160.915283203, -104.783180237], [-880.461181641, 1410.95849609, 1046.80883789, 1116.69458008, 573.820007324, 597.221679688, 113.021949768, 195.33039856, 194.071655273, 135.639022827, 434.77835083, 436.852844238, 332.461212158], [-747.623779297, 1046.80883789, 1490.30664062, 1331.83996582, 784.293579102, 720.330688477, 135.50982666, 193.201705933, 195.065917969, 111.214866638, 389.794677734, 314.158233643, 305.878875732], [-734.916381836, 1116.69458008, 1331.83996582, 1437.61230469, 751.825866699, 766.567565918, 93.6032028198, 222.438720703, 168.068603516, 113.280281067, 388.071624756, 281.970367432, 291.332946777], [-657.382263184, 573.820007324, 784.293579102, 751.825866699, 492.060668945, 430.407653809, 63.3267097473, 117.244667053, 105.747344971, 53.6950187683, 217.280029297, 143.818115234, 145.872909546], [-538.036499023, 597.221679688, 720.330688477, 766.567565918, 430.407653809, 475.435241699, 74.6024627686, 134.616271973, 109.497833252, 63.588973999, 205.643951416, 138.265945435, 138.953491211], [11.9616613388, 113.021949768, 135.50982666, 93.6032028198, 63.3267097473, 74.6024627686, 121.4581604, 28.4861030579, 51.398147583, 31.3116283417, 25.1399002075, 55.1452026367, 32.6786308289], [-159.593963623, 195.33039856, 193.201705933, 222.438720703, 117.244667053, 134.616271973, 28.4861030579, 89.2397003174, 48.0949401855, 28.8086585999, 62.5035858154, 35.7963600159, 35.0297088623], [-213.213348389, 194.071655273, 195.065917969, 168.068603516, 105.747344971, 109.497833252, 51.398147583, 48.0949401855, 82.6854553223, 37.6012458801, 64.2891159058, 66.5181045532, 38.7092208862], [-52.3430328369, 135.639022827, 111.214866638, 113.280281067, 53.6950187683, 63.588973999, 31.3116283417, 28.8086585999, 37.6012458801, 50.6092834473, 50.7864074707, 49.6834640503, 37.5036430359], [-361.9949646, 434.77835083, 389.794677734, 388.071624756, 217.280029297, 205.643951416, 25.1399002075, 62.5035858154, 64.2891159058, 50.7864074707, 192.892150879, 166.691345215, 131.205093384], [-160.915283203, 436.852844238, 314.158233643, 281.970367432, 143.818115234, 138.265945435, 55.1452026367, 35.7963600159, 66.5181045532, 49.6834640503, 166.691345215, 232.325134277, 151.285858154], [-104.783180237, 332.461212158, 305.878875732, 291.332946777, 145.872909546, 138.953491211, 32.6786308289, 35.0297088623, 38.7092208862, 37.5036430359, 131.205093384, 151.285858154, 147.887634277]],
        "icov": [[0.000772700703237, 0.000514018349349, -0.000615371449385, -0.000983892008662, 0.00201369076967, 0.000564365356695, -0.000682359735947, -0.000529267883394, 0.00174308056012, -0.000852762605064, 0.00164392194711, -0.00110909319483, -0.000201321789064], [0.000514018349349, 0.00465558469296, 0.000668464112096, -0.00303021399304, 0.00130738678854, -1.96371547645e-05, -0.000154826440848, -0.0017268685624, -0.000379531644285, -0.000646834494546, -0.000793403945863, -0.00539852585644, 0.000146923484863], [-0.000615371449385, 0.000668464112096, 0.00807901937515, -0.0038092515897, -0.00821681600064, 0.00154847372323, -0.000912444258574, 0.00229637464508, -0.00521849608049, 0.00146799650975, -0.000733112450689, -0.000513794599101, -0.00266737584025], [-0.000983892008662, -0.00303021399304, -0.0038092515897, 0.0129048489034, -0.00307991215959, -0.00987755041569, 0.00379245402291, -0.002139555756, 0.00314627145417, -0.00180851586629, -0.0010156823555, 0.00365679780953, -0.00264535937458], [0.00201369076967, 0.00130738678854, -0.00821681600064, -0.00307991215959, 0.0253172367811, -0.00492076156661, -0.00248537794687, -0.000174044151208, 0.00284216483124, 0.00311143044382, -0.0037007718347, 0.00158210308291, 0.00192343222443], [0.000564365356695, -1.96371547645e-05, 0.00154847372323, -0.00987755041569, -0.00492076156661, 0.0220558643341, -0.00475875195116, -0.00292793265544, -0.00235067447647, 0.00093742023455, -0.000659896817524, 0.00139224005397, 0.00211381632835], [-0.000682359735947, -0.000154826440848, -0.000912444258574, 0.00379245402291, -0.00248537794687, -0.00475875195116, 0.0156373344362, -0.00109003449325, -0.00586185231805, -0.00501655088738, 0.00749903731048, -0.00464258622378, -0.00109090644401], [-0.000529267883394, -0.0017268685624, 0.00229637464508, -0.002139555756, -0.000174044151208, -0.00292793265544, -0.00109003449325, 0.0256159957498, -0.0100747654215, -0.000843657006044, -0.0047224117443, 0.00706347124651, -0.00011676766735], [0.00174308056012, -0.000379531644285, -0.00521849608049, 0.00314627145417, 0.00284216483124, -0.00235067447647, -0.00586185231805, -0.0100747654215, 0.0385303385556, -0.0140754319727, 0.00470836134627, -0.00915679242462, 0.00844483077526], [-0.000852762605064, -0.000646834494546, 0.00146799650975, -0.00180851586629, 0.00311143044382, 0.00093742023455, -0.00501655088738, -0.000843657006044, -0.0140754319727, 0.0392900183797, -0.0112751731649, 0.00535816559568, -0.0030227357056], [0.00164392194711, -0.000793403945863, -0.000733112450689, -0.0010156823555, -0.0037007718347, -0.000659896817524, 0.00749903731048, -0.0047224117443, 0.00470836134627, -0.0112751731649, 0.038153141737, -0.0164243932813, -0.00522304885089], [-0.00110909319483, -0.00539852585644, -0.000513794599101, 0.00365679780953, 0.00158210308291, 0.00139224005397, -0.00464258622378, 0.00706347124651, -0.00915679242462, 0.00535816559568, -0.0164243932813, 0.0303793344647, -0.0137743717059], [-0.000201321789064, 0.000146923484863, -0.00266737584025, -0.00264535937458, 0.00192343222443, 0.00211381632835, -0.00109090644401, -0.00011676766735, 0.00844483077526, -0.0030227357056, -0.00522304885089, -0.0137743717059, 0.0306834485382]]
    },
    "spectral_contrast_coeffs": {
        "max": [-0.484800219536, -0.522869229317, -0.63714659214, -0.726901590824, -0.698277175426, -0.611663460732],
        "mean": [-0.73380112648, -0.748897492886, -0.786190450191, -0.819144427776, -0.778101444244, -0.740886926651],
        "min": [-0.894631803036, -0.912390828133, -0.902874946594, -0.895922839642, -0.880185902119, -0.874992012978],
        "stdev": [0.0803927928209, 0.0701107829809, 0.0426444709301, 0.0266666933894, 0.0308059453964, 0.0375596433878]
    },
    "spectral_contrast_valleys": {
        "max": [-5.95787143707, -5.47991991043, -4.76054954529, -5.74632072449, -6.2375793457, -9.15892314911],
        "mean": [-9.09784412384, -7.09105539322, -6.6532292366, -7.01920986176, -7.73206758499, -11.3573513031],
        "min": [-12.4137830734, -9.55344772339, -9.805519104, -9.61747074127, -10.1337947845, -13.6418933868],
        "stdev": [1.53382575512, 0.629523575306, 0.976378083229, 0.782774269581, 0.764053583145, 0.866927921772]
    }
},
"rhythm": {
    "beats_count": 37,
    "beats_loudness": {
        "max": 0.0592134147882,
        "mean": 0.0162278264761,
        "min": 0.000328612484736,
        "stdev": 0.0163324810565
    },
    "bpm": 178.205825806,
    "bpm_histogram_first_peak_bpm": 178,
    "bpm_histogram_first_peak_weight": 0,
    "bpm_histogram_second_peak_bpm": 185,
    "bpm_histogram_second_peak_spread": 0,
    "bpm_histogram_second_peak_weight": 0.333333343267,
    "danceability": 0.681389331818,
    "onset_rate": 1.25398087502,
    "beats_loudness_band_ratio": {
        "max": [0.808517277241, 0.345333039761, 0.850472033024, 0.838551223278, 0.339715570211, 0.20435602963],
        "mean": [0.139000847936, 0.0378759615123, 0.302843660116, 0.402245223522, 0.121997021139, 0.0287424195558],
        "min": [3.31794690283e-05, 0.000522234884556, 0.0141112050042, 0.029489306733, 0.0428922064602, 0.0035867288243],
        "stdev": [0.240983620286, 0.0678588077426, 0.17973062396, 0.204262420535, 0.0588689371943, 0.0324095673859]
    },
    "beats_position": [0.325079351664, 0.673378646374, 1.02167797089, 1.35836732388, 1.69505667686, 2.03174591064, 2.35682535172, 2.69351458549, 3.03020405769, 3.36689329147, 3.69197273254, 3.99383211136, 4.33052158356, 4.65560102463, 4.99229001999, 5.31736946106, 5.64244890213, 5.9675283432, 6.29260778427, 6.6176867485, 6.94276618958, 7.26784563065, 7.59292507172, 7.92961454391, 8.26630401611, 8.60299301147, 8.92807197571, 9.26476192474, 9.6014509201, 9.93814086914, 10.2864398956, 10.6347389221, 10.9830379486, 11.3313379288, 11.6796369553, 12.0163259506, 12.3530158997],
