{
"metadata": {
    "version": {
        "essentia": "2.1-beta5",
        "essentia_git_sha": "Undefined",
        "extractor": "music 2.0"
    },
    "audio_properties": {
        "analysis": {
            "equal_loudness": 0,
            "length": 29.0017242432,
            "sample_rate": 44100,
            "start_time": 64.9926528931,
            "downmix": "mix"
        },
        "bit_rate": 192000,
        "length": 192.563110352,
        "lossless": 0,
        "number_channels": 2,
        "replay_gain": -8.25602531433,
        "sample_rate": 48000,
        "codec": "mp3",
        "md5_encoded": "4d03124e200759f4169cc5759ee04a09"
    },
    "tags": {
        "file_name": "Malta_On Again... Off Again_Julie _ Ludwig.mp3",
        "encoding": ["Lavf58.29.100"]
    }
},
"lowlevel": {
    "average_loudness": 0.965308070183,
    "barkbands_crest": {
        "max": 24.9135093689,
        "mean": 10.994972229,
        "min": 2.45678067207,
        "stdev": 4.2666258812
    },
    "barkbands_flatness_db": {
        "max": 0.278964608908,
        "mean": 0.133055239916,
        "min": 0.0495883114636,
        "stdev": 0.0386155955493
    },
    "barkbands_kurtosis": {
        "max": 99.6401519775,
        "mean": 5.05668497086,
        "min": -1.91040587425,
        "stdev": 9.4083147049
    },
    "barkbands_skewness": {
        "max": 8.43713092804,
        "mean": 1.71096527576,
        "min": -2.77604341507,
        "stdev": 1.4300121069
    },
    "barkbands_spread": {
        "max": 128.51864624,
        "mean": 29.9779663086,
        "min": 2.11192822456,
        "stdev": 20.5774288177
    },
    "dissonance": {
        "max": 0.499884784222,
        "mean": 0.465683192015,
        "min": 0.306820809841,
        "stdev": 0.0266343057156
    },
    "dynamic_complexity": 2.87752318382,
    "erbbands_crest": {
        "max": 25.8983745575,
        "mean": 8.44957733154,
        "min": 2.10514426231,
        "stdev": 4.13368082047
    },
    "erbbands_flatness_db": {
        "max": 0.263410657644,
        "mean": 0.124545395374,
        "min": 0.0484339334071,
        "stdev": 0.0391395166516
    },
    "erbbands_kurtosis": {
        "max": 15.8649501801,
        "mean": 0.524994850159,
        "min": -1.61064112186,
        "stdev": 2.10562562943
    },
    "erbbands_skewness": {
        "max": 3.23782038689,
        "mean": 0.224652931094,
        "min": -3.00290060043,
        "stdev": 0.77380156517
    },
    "erbbands_spread": {
        "max": 126.370231628,
        "mean": 49.2008857727,
        "min": 6.51833963394,
        "stdev": 24.7011184692
    },
    "hfc": {
        "max": 409.440917969,
        "mean": 27.2023601532,
        "min": 1.44235765934,
        "stdev": 33.8052978516
    },
    "loudness_ebu128": {
        "integrated": -15.458483696,
        "loudness_range": 3.162774086,
        "momentary": {
            "max": -11.4902915955,
            "mean": -15.8208599091,
            "min": -20.9895267487,
            "stdev": 1.77694690228
        },
        "short_term": {
            "max": -13.6463041306,
            "mean": -15.6691951752,
            "min": -17.6000843048,
            "stdev": 1.02294075489
        }
    },
    "melbands_crest": {
        "max": 35.161075592,
        "mean": 15.7689199448,
        "min": 3.66012096405,
        "stdev": 5.78564596176
    },
    "melbands_flatness_db": {
        "max": 0.37845531106,
        "mean": 0.190762832761,
        "min": 0.0458500757813,
        "stdev": 0.0539625994861
    },
    "melbands_kurtosis": {
        "max": 211.023345947,
        "mean": 20.4416675568,
        "min": -1.76345276833,
        "stdev": 26.6836414337
    },
    "melbands_skewness": {
        "max": 11.7458076477,
        "mean": 3.27638697624,
        "min": -0.716104507446,
        "stdev": 2.14170098305
    },
    "melbands_spread": {
        "max": 262.810821533,
        "mean": 25.767616272,
        "min": 1.29250228405,
        "stdev": 21.2957572937
    },
    "pitch_salience": {
        "max": 0.908783853054,
        "mean": 0.507091283798,
        "min": 0.148928582668,
        "stdev": 0.119833111763
    },
    "silence_rate_20dB": {
        "max": 1,
        "mean": 1,
        "min": 1,
        "stdev": 0
    },
    "silence_rate_30dB": {
        "max": 1,
        "mean": 0.998399972916,
        "min": 0,
        "stdev": 0.0399678684771
    },
    "silence_rate_60dB": {
        "max": 1,
        "mean": 0.00719999987632,
        "min": 0,
        "stdev": 0.0845472216606
    },
    "spectral_centroid": {
        "max": 5847.84814453,
        "mean": 1394.6817627,
        "min": 241.195114136,
        "stdev": 656.58581543
    },
    "spectral_complexity": {
        "max": 46,
        "mean": 16.3551998138,
        "min": 2,
        "stdev": 8.39058017731
    },
    "spectral_decrease": {
        "max": -3.08985254049e-10,
        "mean": -7.08569292129e-09,
        "min": -2.81597554164e-08,
        "stdev": 5.07771824587e-09
    },
    "spectral_energy": {
        "max": 0.115186423063,
        "mean": 0.0292104184628,
        "min": 0.00143154046964,
        "stdev": 0.0203882940114
    },
    "spectral_energyband_high": {
        "max": 0.0385596975684,
        "mean": 0.00136542366818,
        "min": 4.36160189565e-05,
        "stdev": 0.0029726435896
    },
    "spectral_energyband_low": {
        "max": 0.0691216289997,
        "mean": 0.0118487020954,
        "min": 1.66110676219e-05,
        "stdev": 0.0112996324897
    },
    "spectral_energyband_middle_high": {
        "max": 0.0740312561393,
        "mean": 0.006796608679,
        "min": 0.000114382368338,
        "stdev": 0.0101945912465
    },
    "spectral_energyband_middle_low": {
        "max": 0.0753786489367,
        "mean": 0.0101978005841,
        "min": 0.000459531409433,
        "stdev": 0.0114612681791
    },
    "spectral_entropy": {
        "max": 8.85106945038,
        "mean": 7.78193807602,
        "min": 6.36309957504,
        "stdev": 0.414439916611
    },
    "spectral_flux": {
        "max": 0.297519475222,
        "mean": 0.102178059518,
        "min": 0.0221473108977,
        "stdev": 0.056380815804
    },
    "spectral_kurtosis": {
        "max": 11.8592510223,
        "mean": 3.27363967896,
        "min": -1.54077041149,
        "stdev": 2.29551434517
    },
    "spectral_rms": {
        "max": 0.0106008015573,
        "mean": 0.00501919118688,
        "min": 0.00118178885896,
        "stdev": 0.00181814515963
    },
    "spectral_rolloff": {
        "max": 13156.7871094,
        "mean": 1747.22302246,
        "min": 64.599609375,
        "stdev": 2269.34130859
    },
    "spectral_skewness": {
        "max": 2.76091384888,
        "mean": 1.52398276329,
        "min": -0.168693482876,
        "stdev": 0.440695762634
    },
    "spectral_spread": {
        "max": 18521722,
        "mean": 6491018,
        "min": 2676073,
        "stdev": 2620238.75
    },
    "spectral_strongpeak": {
        "max": 14.9167156219,
        "mean": 0.870529472828,
        "min": 0,
        "stdev": 1.61652970314
    },
    "zerocrossingrate": {
        "max": 0.41845703125,
        "mean": 0.0778894498944,
        "min": 0.00927734375,
        "stdev": 0.0546751245856
    },
    "barkbands": {
        "max": [0.0115919159725, 0.0459881126881, 0.0555058829486, 0.0348158925772, 0.0454803816974, 0.0335843078792, 0.0287041030824, 0.0261250026524, 0.0598534122109, 0.0402693673968, 0.0260754358023, 0.0292540211231, 0.0458469614387, 0.0375726111233, 0.0376594550908, 0.0190611593425, 0.00887496583164, 0.00509966956452, 0.00419237557799, 0.00127881520893, 0.00139729096554, 0.00353504624218, 0.00197825371288, 0.00645107915625, 0.0257057715207, 0.00617412803695, 2.32570764638e-05],
        "mean": [0.000930859474465, 0.00692309485748, 0.0032235221006, 0.00177143386099, 0.00266407383606, 0.00236048409715, 0.00121802312788, 0.00069791986607, 0.00116270955186, 0.000993520603515, 0.00105262699071, 0.000793296319898, 0.000965001701843, 0.000756124267355, 0.000869968498591, 0.000433249719208, 0.000389177846955, 0.000280832638964, 0.000289371906547, 0.000157212562044, 0.000100343488157, 9.74296126515e-05, 0.000150221443619, 0.000315807381412, 0.000460541399661, 0.000153505170601, 5.68486271391e-08],
        "min": [1.90196828953e-07, 3.28826104123e-06, 4.69896758659e-06, 2.18696368393e-06, 2.77762392216e-05, 3.54337271347e-06, 4.11314294979e-06, 3.06804213324e-06, 5.66600328966e-06, 3.82029611501e-06, 2.42366058956e-06, 4.49552862847e-06, 4.79720074509e-06, 5.01847625856e-06, 6.71292173138e-06, 7.4858003245e-06, 2.31965623243e-06, 4.32233673564e-06, 3.10284076477e-06, 3.48728485733e-06, 3.21955462823e-06, 1.14278861929e-06, 5.15482815899e-06, 3.68021574104e-06, 3.28235023517e-06, 1.51105223267e-06, 3.48154109708e-11],
        "stdev": [0.00170501193497, 0.00701337680221, 0.0067187063396, 0.0045617907308, 0.0051737674512, 0.00371057656594, 0.00218922598287, 0.00168209592812, 0.00353772495873, 0.00296385958791, 0.00260292645544, 0.00256800395437, 0.00366358971223, 0.00206716009416, 0.00259030563757, 0.00113475963008, 0.000675880117342, 0.000456673122244, 0.000474347820273, 0.000206749202334, 0.000134242378408, 0.000169149672729, 0.000210092461202, 0.000659893965349, 0.00182618456893, 0.000446440506494, 6.76715671943e-07]
    },
    "erbbands": {
        "max": [1.66671741009, 11.0385332108, 53.7122955322, 105.049873352, 133.291183472, 153.607574463, 400.938262939, 243.312591553, 280.07901001, 436.008911133, 478.830169678, 1142.3248291, 1361.80200195, 754.369812012, 1124.35058594, 1493.01428223, 1714.99609375, 1692.58312988, 983.781494141, 1832.16711426, 929.881896973, 621.344604492, 228.219940186, 250.637573242, 126.12702179, 84.8797988892, 70.8174209595, 74.0160064697, 110.001464844, 101.960548401, 62.0006103516, 123.116317749, 165.824813843, 286.798828125, 144.121154785, 49.4388542175, 9.32221508026, 0.766247570515, 0.0132855558768, 0.00106325850356],
        "mean": [0.192511349916, 1.56012201309, 3.81498193741, 5.23324775696, 7.11003923416, 8.97023582458, 15.9560451508, 17.7894001007, 17.0934925079, 16.4843540192, 20.0116252899, 25.8449230194, 30.794095993, 40.5463981628, 25.6933555603, 36.8643798828, 41.5758285522, 40.9209442139, 35.5700454712, 40.8921585083, 25.2879905701, 23.3184242249, 16.0571651459, 17.0657615662, 10.1670064926, 6.49733734131, 5.68804693222, 3.25089359283, 3.46411681175, 3.72313165665, 4.30645656586, 6.61040639877, 5.28700351715, 5.67948818207, 2.81626915932, 1.06306827068, 0.197952866554, 0.0179283376783, 0.000388947257306, 5.89930714341e-05],
        "min": [6.66852502036e-05, 0.00157880713232, 0.0126458890736, 0.0246947575361, 0.0481144189835, 0.116564460099, 0.169944778085, 0.0626567751169, 0.117464706302, 0.124717161059, 0.169446602464, 0.177269518375, 0.183296531439, 0.0957654118538, 0.126438483596, 0.228994578123, 0.249362826347, 0.437671244144, 0.509479105473, 0.421644598246, 0.45681810379, 0.169247016311, 0.241319388151, 0.194970160723, 0.131105899811, 0.171415731311, 0.115937404335, 0.0920784175396, 0.0976349264383, 0.0706591829658, 0.162272542715, 0.160656243563, 0.0831363424659, 0.0547342039645, 0.015545854345, 0.0106078814715, 0.000964252161793, 3.27251145791e-05, 4.07552579418e-06, 3.06456627186e-06],
        "stdev": [0.256536275148, 1.63253200054, 6.24801921844, 12.0250463486, 16.6522254944, 17.124042511, 32.4470062256, 29.7985095978, 30.441028595, 31.8823299408, 39.8841629028, 80.6914978027, 91.1399688721, 86.9659042358, 59.1930847168, 119.789100647, 137.871414185, 104.024337769, 67.7109832764, 116.935760498, 58.9780387878, 42.4204711914, 24.7328128815, 27.7274284363, 14.254992485, 8.55562496185, 7.68763637543, 4.42673254013, 5.80570459366, 5.64478874207, 6.48300743103, 12.1512880325, 13.3893003464, 21.8822994232, 11.168135643, 3.15613484383, 0.628810882568, 0.0573297962546, 0.00114513433073, 8.11676800367e-05]
    },
    "gfcc": {
        "mean": [22.5668334961, 69.657951355, -98.0506134033, 32.4769897461, -54.194393158, 29.2665157318, -49.813835144, 18.964969635, -28.2729759216, 8.32137680054, -15.060751915, 3.45443987846, -10.6017637253],
        "cov": [[1911.90795898, -126.877365112, -326.001037598, -214.373641968, 32.2238349915, -4.8812122345, 18.5662231445, 109.73085022, 33.711555481, 83.9585266113, 37.3723449707, -5.58267879486, -9.5602016449], [-126.877365112, 779.699157715, -318.624389648, -37.7237052917, 110.228416443, -91.705368042, 135.048095703, -7.36249399185, 54.716255188, -25.7977790833, 55.4598731995, -48.2999458313, 58.5502090454], [-326.001037598, -318.624389648, 786.151245117, 197.003540039, -1.19553792477, 177.964950562, -61.0093688965, -40.1140365601, -23.9932174683, 2.27748012543, -51.3977355957, 46.1454696655, -52.3605804443], [-214.373641968, -37.7237052917, 197.003540039, 274.835327148, 67.7433242798, 11.764793396, -6.27531576157, -0.969435989857, 36.2307510376, -10.6011304855, -11.7348079681, 22.7090034485, 9.66215515137], [32.2238349915, 110.228416443, -1.19553792477, 67.7433242798, 254.633361816, 103.538208008, 66.5253067017, 56.042591095, 31.572227478, 20.3223819733, 5.79076910019, -16.4103336334, 3.92083978653], [-4.8812122345, -91.705368042, 177.964950562, 11.764793396, 103.538208008, 268.605773926, 97.7327957153, -17.3018283844, -16.0901069641, 28.0219230652, 8.83008289337, -11.500123024, -17.8317966461], [18.5662231445, 135.048095703, -61.0093688965, -6.27531576157, 66.5253067017, 97.7327957153, 170.159378052, 39.4530944824, 15.8849983215, 18.1036529541, 37.5745887756, -5.23561954498, 12.3901319504], [109.73085022, -7.36249399185, -40.1140365601, -0.969435989857, 56.042591095, -17.3018283844, 39.4530944824, 152.668304443, 75.7895431519, 15.1648740768, 17.8211650848, 14.429268837, 19.101732254], [33.711555481, 54.716255188, -23.9932174683, 36.2307510376, 31.572227478, -16.0901069641, 15.8849983215, 75.7895431519, 120.581611633, 48.3617095947, 16.0433082581, 11.2043123245, 17.425201416], [83.9585266113, -25.7977790833, 2.27748012543, -10.6011304855, 20.3223819733, 28.0219230652, 18.1036529541, 15.1648740768, 48.3617095947, 88.6015472412, 39.3035888672, 9.16703605652, 1.60550844669], [37.3723449707, 55.4598731995, -51.3977355957, -11.7348079681, 5.79076910019, 8.83008289337, 37.5745887756, 17.8211650848, 16.0433082581, 39.3035888672, 90.7328186035, 30.0094928741, 26.1709346771], [-5.58267879486, -48.2999458313, 46.1454696655, 22.7090034485, -16.4103336334, -11.500123024, -5.23561954498, 14.429268837, 11.2043123245, 9.16703605652, 30.0094928741, 77.9551925659, 26.7251682281], [-9.5602016449, 58.5502090454, -52.3605804443, 9.66215515137, 3.92083978653, -17.8317966461, 12.3901319504, 19.101732254, 17.425201416, 1.60550844669, 26.1709346771, 26.7251682281, 81.4083175659]],
        "icov": [[0.000670131237712, 0.000168821192347, 0.000308872811729, 0.000323098909575, -0.00012751815666, -0.000102742487798, 0.000133744222694, -0.000447778118541, 0.000192712454009, -0.00058423622977, 0.000102306461486, -0.000129766893224, 0.000165924750036], [0.000168821192347, 0.00483822682872, -0.000964150822256, 0.00298735010438, -0.00442578596994, 0.00555265881121, -0.00594130344689, 0.00696455826983, -0.00702831801027, 0.00639368081465, -0.00446507660672, 0.00360879814252, -0.00210609496571], [0.000308872811729, -0.000964150822256, 0.00338451191783, -0.00285125127994, 0.00230736401863, -0.00437138555571, 0.00338822579943, -0.00307102943771, 0.00294913188554, -0.00280614523217, 0.00257416535169, -0.00285234116018, 0.00191418244503], [0.000323098909575, 0.00298735010438, -0.00285125127994, 0.00854400079697, -0.00555652938783, 0.00574642978609, -0.00488675804809, 0.00714895129204, -0.0083339465782, 0.00684805214405, -0.00344766094349, 0.0015445855679, -0.00211583729833], [-0.00012751815666, -0.00442578596994, 0.00230736401863, -0.00555652938783, 0.0108175948262, -0.00863226968795, 0.0059128687717, -0.00978309754282, 0.00781784206629, -0.00746959354728, 0.00497646117583, -0.0020831595175, 0.00185341830365], [-0.000102742487798, 0.00555265881121, -0.00437138555571, 0.00574642978609, -0.00863226968795, 0.0159395318478, -0.0125012397766, 0.0112896850333, -0.00809802114964, 0.00640991562977, -0.00546592473984, 0.0054086567834, -0.00274993362837], [0.000133744222694, -0.00594130344689, 0.00338822579943, -0.00488675804809, 0.0059128687717, -0.0125012397766, 0.0183235090226, -0.0120275178924, 0.00938399415463, -0.00753891933709, 0.00257059093565, -0.00373924360611, 0.00259954971261], [-0.000447778118541, 0.00696455826983, -0.00307102943771, 0.00714895129204, -0.00978309754282, 0.0112896850333, -0.0120275178924, 0.023756608367, -0.0196484122425, 0.0144392242655, -0.00811224244535, 0.00383964576758, -0.00341665139422], [0.000192712454009, -0.00702831801027, 0.00294913188554, -0.0083339465782, 0.00781784206629, -0.00809802114964, 0.00938399415463, -0.0196484122425, 0.0300820525736, -0.0216350033879, 0.0104622272775, -0.00520276650786, 0.00132758996915], [-0.00058423622977, 0.00639368081465, -0.00280614523217, 0.00684805214405, -0.00746959354728, 0.00640991562977, -0.00753891933709, 0.0144392242655, -0.0216350033879, 0.0315907001495, -0.0157415568829, 0.00539348414168, -0.000463699980173], [0.000102306461486, -0.00446507660672, 0.00257416535169, -0.00344766094349, 0.00497646117583, -0.00546592473984, 0.00257059093565, -0.00811224244535, 0.0104622272775, -0.0157415568829, 0.0240060053766, -0.00990338716656, -0.00103169423528], [-0.000129766893224, 0.00360879814252, -0.00285234116018, 0.0015445855679, -0.0020831595175, 0.0054086567834, -0.00373924360611, 0.00383964576758, -0.00520276650786, 0.00539348414168, -0.00990338716656, 0.0219050683081, -0.00667556934059], [0.000165924750036, -0.00210609496571, 0.00191418244503, -0.00211583729833, 0.00185341830365, -0.00274993362837, 0.00259954971261, -0.00341665139422, 0.00132758996915, -0.000463699980173, -0.00103169423528, -0.00667556934059, 0.0172628406435]]
    },
    "melbands": {
        "max": [0.0122801568359, 0.0204108804464, 0.0146725559607, 0.00827307160944, 0.0135659305379, 0.00520253321156, 0.0047609936446, 0.0041763568297, 0.00497873453423, 0.00886545237154, 0.00704124988988, 0.00302065885626, 0.00314248539507, 0.00268173473887, 0.00415260344744, 0.00601437455043, 0.00269797840156, 0.00253413408063, 0.00404586596414, 0.00127221748699, 0.000839768967126, 0.000757423520554, 0.000335848919349, 0.00020364188822, 0.000236901338212, 0.000180172384717, 7.63186762924e-05, 6.43877938273e-05, 7.09396990715e-05, 3.10348841595e-05, 4.30777690781e-05, 5.65589652979e-05, 7.89678815636e-05, 4.2541694711e-05, 3.56328637281e-05, 5.82822103752e-05, 9.00252416614e-05, 8.48371637403e-05, 0.000249781878665, 0.000243171773036],
        "mean": [0.00188058486674, 0.00202750437893, 0.000953250506427, 0.000572896038648, 0.000519240973517, 0.000416879571276, 0.000260964501649, 0.000168925122125, 0.000182830030099, 0.000154718654812, 0.000154192486661, 0.000163004675414, 0.000110329521704, 6.97016439517e-05, 0.000106290470285, 9.49764289544e-05, 7.6117226854e-05, 5.35413637408e-05, 7.82905408414e-05, 3.51003363903e-05, 2.64255995717e-05, 2.56900166278e-05, 1.57345111802e-05, 1.2880608665e-05, 1.43601882883e-05, 9.82818346529e-06, 5.13548866365e-06, 4.14656869907e-06, 4.26674705523e-06, 2.38208281189e-06, 1.58076886692e-06, 1.9481894924e-06, 1.94336166714e-06, 2.11031579056e-06, 2.08205869967e-06, 3.76638399757e-06, 4.0661152525e-06, 3.37231153935e-06, 4.57284568256e-06, 4.81327742818e-06],
        "min": [9.48938065903e-07, 3.7126587813e-06, 6.13941983829e-06, 4.58875229015e-06, 6.60882687953e-06, 7.79180027166e-07, 1.14478473279e-06, 7.62593231229e-07, 5.97601513164e-07, 9.80364575298e-07, 6.47229001061e-07, 3.63548224414e-07, 3.72412102934e-07, 3.68929590877e-07, 5.62269292459e-07, 5.19191303283e-07, 3.72675003746e-07, 7.09325490789e-07, 5.01656131746e-07, 6.15822727923e-07, 3.32119668656e-07, 1.24154610148e-07, 2.50322926831e-07, 1.67802852502e-07, 1.11311976525e-07, 8.98595260423e-08, 5.84671298043e-08, 1.0430925812e-07, 6.43319921778e-08, 5.76499097349e-08, 4.03809714555e-08, 2.76975704594e-08, 1.70816676359e-08, 2.80010112874e-08, 7.87255842738e-08, 7.92287124796e-08, 3.0410863161e-08, 3.89051209027e-08, 4.79268820186e-08, 2.89892785332e-08],
        "stdev": [0.00201405724511, 0.00252622086555, 0.0019836393185, 0.00110003806185, 0.00106415769551, 0.000659586628899, 0.000450746272691, 0.000343739433447, 0.000379998935387, 0.000532102189027, 0.000477164721815, 0.000354666088242, 0.000256606028415, 0.000221448091906, 0.000346573709976, 0.000414833019022, 0.00020217213023, 0.000121677272546, 0.000272988661891, 8.19733977551e-05, 6.15661410848e-05, 4.91033242724e-05, 2.7465628591e-05, 2.05696596822e-05, 2.46462459472e-05, 1.67677335412e-05, 7.56927011025e-06, 6.17069508735e-06, 6.31961756881e-06, 3.67032748727e-06, 2.38057100432e-06, 3.2766406548e-06, 3.52411257154e-06, 2.99129828818e-06, 3.37476808454e-06, 5.75596641283e-06, 8.46804141474e-06, 7.59502381698e-06, 1.63704062288e-05, 1.90595528693e-05]
    },
    "melbands128": {
        "max": [0.00878078211099, 0.0162172690034, 0.0223987698555, 0.0179759282619, 0.0313408523798, 0.0258184466511, 0.0261371321976, 0.018372323364, 0.0162279903889, 0.0116062508896, 0.00912781991065, 0.0175891201943, 0.0173009131104, 0.0121818231419, 0.00823439192027, 0.00792222842574, 0.00614012684673, 0.00698051648214, 0.00702501321211, 0.00763948308304, 0.00936502590775, 0.00613327277824, 0.00785017944872, 0.00944917649031, 0.0106179220602, 0.0189658533782, 0.00920752808452, 0.0123226651922, 0.00794097036123, 0.00596994534135, 0.00464508216828, 0.00790961459279, 0.00397926289588, 0.00707334559411, 0.00262944190763, 0.00500280270353, 0.00892536900938, 0.00831228122115, 0.00931582134217, 0.00614976603538, 0.0134808309376, 0.0109830638394, 0.00257686665282, 0.00690116267651, 0.00743283564225, 0.0010417974554, 0.00180705508683, 0.006661769934, 0.00742021296173, 0.000995349488221, 0.00187709345482, 0.00430921418592, 0.0011378308991, 0.000927301880438, 0.00052263517864, 0.00146926357411, 0.000806013063993, 0.000378417520551, 0.000621025334112, 0.000332509371219, 0.00034323867294, 0.000345766398823, 0.000261453067651, 0.000341549399309, 0.000417304428993, 0.000281896296656, 0.000111670044134, 0.000113205816888, 0.000117289680929, 6.58629578538e-05, 0.000160900061019, 0.000126331768115, 0.000145587080624, 0.000132412053063, 4.84247902932e-05, 7.52385167289e-05, 2.95615773211e-05, 7.29152088752e-05, 3.09439528792e-05, 3.54228832293e-05, 4.69724327559e-05, 7.84748190199e-05, 5.59780855838e-05, 8.88373615453e-05, 8.77565180417e-05, 5.24941897311e-05, 2.46874988079e-05, 3.44715626852e-05, 4.25205143983e-05, 3.35759832524e-05, 3.95000715798e-05, 9.46915170061e-05, 8.39309213916e-05, 0.000133830952109, 0.000109246480861, 0.000137212351547, 7.33911801944e-05, 0.000128856685478, 0.000252897298196, 0.000374432769604, 0.000348217989085, 0.000243450354901, 0.00022164620168, 0.000249133561738, 0.000237074506003, 0.000139099021908, 0.000150101463078, 0.00010696285608, 9.73672504188e-05, 5.29007156729e-05, 5.0664992159e-05, 3.94830130972e-05, 2.18507520913e-05, 2.98445211229e-05, 2.37574931816e-05, 6.3113707256e-06, 1.60166024443e-07, 1.08035528967e-07, 1.05641667858e-07, 1.03151030828e-07, 1.00908899014e-07, 9.88614345943e-08, 9.70261950783e-08, 9.54377696871e-08, 9.41145756883e-08, 9.30718044856e-08, 9.22916569834e-08, 9.1812708547e-08],
        "mean": [0.000698965857737, 0.00148935476318, 0.00234293541871, 0.00269926036708, 0.00216738157906, 0.00148694007657, 0.00108355889097, 0.000817847438157, 0.000716195616405, 0.000579848594498, 0.000476328335935, 0.000426909013186, 0.000574065954424, 0.000598710670602, 0.000380856683478, 0.000352100119926, 0.000311083858833, 0.000211706472328, 0.000256757921306, 0.000173853579327, 0.000136586590088, 0.000122784214909, 0.000189019934624, 0.00025163468672, 0.000165961595485, 0.000128741725348, 9.60668476182e-05, 0.0001802467159, 0.000189015947399, 9.59391836659e-05, 0.000177690235432, 0.000251518504228, 6.64740291541e-05, 6.07445581409e-05, 4.69826263725e-05, 5.35973849765e-05, 0.000138834948302, 0.000126316241222, 8.07031101431e-05, 6.28345806035e-05, 0.000150320949615, 5.15743267897e-05, 5.43744499737e-05, 0.000114341724839, 6.65464685881e-05, 3.31753290084e-05, 4.15685317421e-05, 0.00010192366608, 9.15252821869e-05, 2.54466267506e-05, 2.69497541012e-05, 4.71715029562e-05, 2.62027970166e-05, 1.88683188753e-05, 2.24391969823e-05, 3.18887650792e-05, 2.45477913268e-05, 1.21074226627e-05, 1.52215034177e-05, 1.60724976013e-05, 1.16872051876e-05, 1.1602682207e-05, 1.27484772747e-05, 1.4916244254e-05, 1.80038732651e-05, 9.76725641522e-06, 5.02002149005e-06, 5.48045318283e-06, 6.05110381002e-06, 3.07997856908e-06, 3.51041376234e-06, 4.85911914438e-06, 5.93194408793e-06, 4.14258420278e-06, 2.21740128836e-06, 2.73338082479e-06, 2.18897525883e-06, 2.08336859941e-06, 1.22837025174e-06, 1.3120506992e-06, 2.14897818296e-06, 2.01992679649e-06, 2.00230078917e-06, 1.80070810529e-06, 2.02123783311e-06, 2.21375421461e-06, 1.95063967112e-06, 2.35445577346e-06, 1.88689136849e-06, 2.03700642487e-06, 2.85256260213e-06, 4.79548089061e-06, 4.27680834036e-06, 4.41708698418e-06, 3.65612368114e-06, 3.29252770825e-06, 3.35568006449e-06, 3.17140779771e-06, 4.4411417548e-06, 5.23129710928e-06, 5.84248209634e-06, 4.46242029284e-06, 4.05412174587e-06, 3.85852354157e-06, 3.30398233928e-06, 2.54617771134e-06, 2.30003252e-06, 1.94274775822e-06, 1.987332098e-06, 1.81759799034e-06, 8.31802367429e-07, 5.65080370052e-07, 4.97120993259e-07, 5.0951700814e-07, 3.89087460917e-07, 1.75076536379e-07, 4.62246108057e-09, 1.15331071082e-10, 1.06972812552e-10, 1.03882166758e-10, 1.01247336903e-10, 9.89352211267e-11, 9.69284166819e-11, 9.52129972087e-11, 9.37520686084e-11, 9.25852103317e-11, 9.17287079627e-11, 9.12205727621e-11],
        "min": [8.33295672464e-08, 8.11404561318e-08, 1.14673284202e-07, 1.26300733427e-06, 1.58214743351e-06, 2.05563969757e-06, 2.57752253674e-06, 1.01082252968e-06, 7.23261791791e-07, 1.49475044964e-06, 1.4798738448e-06, 7.090520171e-07, 8.6832415036e-07, 6.49414744203e-07, 2.43788377929e-07, 3.13115037898e-07, 4.38005741898e-07, 2.91910282613e-07, 3.29602869442e-07, 1.70330736182e-07, 1.24946467395e-07, 1.90913397091e-07, 3.5971777379e-07, 4.44555723789e-07, 3.35495599302e-07, 1.49069919075e-07, 5.57814274771e-08, 2.81719820805e-07, 3.18010506817e-07, 2.38963622223e-07, 2.26080629773e-07, 1.7332561697e-07, 1.63673178122e-07, 1.5699298217e-07, 6.25786142905e-08, 5.36008037955e-08, 2.74427293334e-07, 3.41921264635e-07, 6.60759837956e-08, 2.8769710525e-07, 3.32445864615e-07, 1.21524195151e-07, 1.65043644529e-07, 2.55315796949e-07, 1.10663833652e-07, 1.0334817091e-07, 1.93378596691e-07, 3.90347707935e-07, 3.51139561872e-07, 1.21409442499e-07, 2.24612278998e-07, 1.24742456364e-07, 1.59935069632e-07, 6.99408673199e-08, 7.28559896856e-08, 6.79981226881e-08, 6.46207567456e-08, 1.10137307274e-07, 5.57618839991e-08, 1.12389471951e-07, 7.39978247566e-08, 5.40525491033e-08, 4.10108214055e-08, 4.21193888656e-08, 3.24412248176e-08, 3.79359264002e-08, 2.77614233823e-08, 3.99045418931e-08, 3.03668699075e-08, 2.47211673354e-08, 2.77628195988e-08, 4.83693476383e-08, 2.86862213983e-08, 3.50627367141e-08, 1.09775086798e-08, 1.5906937989e-08, 2.58174690515e-08, 1.38662956672e-08, 4.70629357707e-09, 1.37365763209e-08, 1.87277109376e-08, 1.70440745961e-08, 3.56815519353e-08, 7.70734853717e-09, 1.73746572685e-09, 2.81590573081e-09, 6.38489883187e-09, 1.3675227617e-09, 2.36544939192e-09, 3.0464491374e-08, 5.38966062891e-08, 2.18648814609e-08, 1.83294552869e-08, 2.24678871064e-08, 1.50235006657e-08, 1.0799071859e-08, 3.40499606288e-09, 1.12759463988e-08, 3.08737568844e-08, 7.87005749459e-09, 1.74645471418e-08, 3.47529865996e-10, 1.56105503524e-10, 5.14420106512e-09, 8.36415159355e-10, 2.78651079988e-09, 2.59361893074e-10, 2.43840303504e-09, 6.02965855023e-09, 5.61093971285e-09, 6.46068754051e-10, 1.73878706572e-11, 7.51723613912e-11, 1.28976079816e-10, 1.58488958069e-10, 1.71929873116e-10, 3.00202218769e-13, 1.24879951215e-13, 8.49951009639e-14, 7.84713141905e-14, 9.44698759866e-14, 8.95120227397e-14, 6.19193213955e-14, 7.69494060485e-14, 7.28632716771e-14, 2.48504762232e-14, 2.16800878058e-15, 1.29501080596e-16],
        "stdev": [0.0013032866409, 0.002427194966, 0.00294514908455, 0.00300223613158, 0.00319689023308, 0.0034236414358, 0.00279636424966, 0.00220423308201, 0.00190126232337, 0.00122618372552, 0.00097283849027, 0.00118617131375, 0.00129970919807, 0.00112827972043, 0.000808955577668, 0.000732292071916, 0.000660291640088, 0.000509883568157, 0.000556025013793, 0.000452080013929, 0.000491086277179, 0.000362815277185, 0.000461262854515, 0.000706364575308, 0.000670214474667, 0.000891173898708, 0.000444815697847, 0.00071920506889, 0.000725869613234, 0.000353713548975, 0.000458334921859, 0.00074358395068, 0.000219887151616, 0.000283561879769, 0.000197729299543, 0.000247989606578, 0.000660971098114, 0.000478600966744, 0.000456765323179, 0.00030881294515, 0.000819514098112, 0.000357875949703, 0.000166256868397, 0.000406545266742, 0.000271374563454, 9.25942440517e-05, 0.000110710992885, 0.000419215706643, 0.000411729706684, 7.25849095033e-05, 7.95422674855e-05, 0.000208897399716, 8.08820550446e-05, 5.55941187486e-05, 4.69207661808e-05, 8.47013216116e-05, 6.24087915639e-05, 2.91920805466e-05, 4.03170597565e-05, 3.19341961585e-05, 2.67059222097e-05, 2.6134757718e-05, 2.40061253862e-05, 3.27881425619e-05, 4.31588596257e-05, 2.00382892217e-05, 7.99148983788e-06, 9.79153810476e-06, 1.09171669465e-05, 5.49463038624e-06, 9.65232538874e-06, 9.48270917434e-06, 1.19396418086e-05, 8.22894071462e-06, 4.67461222797e-06, 6.26853670838e-06, 3.18109505315e-06, 3.66142444364e-06, 2.25577764468e-06, 2.30571095017e-06, 3.28017199536e-06, 4.48839227829e-06, 3.34748347086e-06, 3.59256591764e-06, 4.23247001891e-06, 3.41916643265e-06, 2.69823999588e-06, 3.94550852434e-06, 3.65794267054e-06, 3.69546751244e-06, 4.33553304902e-06, 8.09255107015e-06, 7.81075323175e-06, 1.0061597095e-05, 8.61166881805e-06, 9.73289570538e-06, 6.61352805764e-06, 7.94200695964e-06, 1.5116915165e-05, 2.32114216487e-05, 2.4376095098e-05, 1.8221035134e-05, 1.66928548424e-05, 1.67517664522e-05, 1.44643308886e-05, 1.03169468275e-05, 9.22484559851e-06, 6.72302712701e-06, 5.45638567928e-06, 4.75572278447e-06, 2.96358757623e-06, 1.99946975954e-06, 1.68521137311e-06, 1.97950362235e-06, 1.44502212152e-06, 5.01132888076e-07, 1.39364422225e-08, 3.12667314262e-09, 3.05134961742e-09, 2.97597901877e-09, 2.90905410871e-09, 2.84845214082e-09, 2.79462741837e-09, 2.7481910081e-09, 2.70944311431e-09, 2.67909761043e-09, 2.65638844255e-09, 2.64245758608e-09]
    },
    "mfcc": {
        "mean": [-627.182006836, 104.250709534, 16.2239360809, 12.200838089, 21.0918083191, 4.68159198761, 4.58953952789, 3.0850622654, -1.13006711006, 4.61404180527, -1.55047416687, 0.600688755512, -0.586828768253],
        "cov": [[2053.68310547, 0.435072720051, -495.337921143, -149.754486084, -102.929725647, -171.926101685, -20.4200134277, -35.7566947937, -4.21204137802, 103.653076172, 14.0708703995, -2.08747649193, 43.1456718445], [0.435072720051, 638.814880371, -303.267425537, 16.469877243, -59.3241424561, -20.8892192841, 43.5547790527, 17.7874622345, 7.28911352158, 54.7592430115, 24.0874443054, -26.9458904266, -10.5225248337], [-495.337921143, -303.267425537, 691.957946777, 23.0696620941, 90.4398803711, 154.690658569, -3.43091392517, 5.83562040329, -18.2219696045, -69.467880249, -6.82106304169, 20.0169353485, -9.40651416779], [-149.754486084, 16.469877243, 23.0696620941, 247.872528076, 66.2018966675, -22.595582962, -44.4560279846, 22.8323726654, 27.0303401947, -18.9806098938, -2.66328930855, 17.6718730927, -16.4605960846], [-102.929725647, -59.3241424561, 90.4398803711, 66.2018966675, 207.791809082, 54.7085914612, 19.313293457, 27.9737415314, 47.7612762451, 11.8808059692, 20.5519046783, 14.905913353, -2.79033041], [-171.926101685, -20.8892192841, 154.690658569, -22.595582962, 54.7085914612, 250.130859375, 100.528404236, 18.1180877686, -2.54480195045, 24.5791454315, 3.03100037575, 12.7080631256, 8.75360488892], [-20.4200134277, 43.5547790527, -3.43091392517, -44.4560279846, 19.313293457, 100.528404236, 173.019821167, 49.2734603882, 5.86306667328, 30.4529685974, -0.355395764112, 8.94457435608, 29.9380321503], [-35.7566947937, 17.7874622345, 5.83562040329, 22.8323726654, 27.9737415314, 18.1180877686, 49.2734603882, 108.178016663, 42.1198921204, 18.496471405, 15.1603422165, 1.07460355759, 7.22049760818], [-4.21204137802, 7.28911352158, -18.2219696045, 27.0303401947, 47.7612762451, -2.54480195045, 5.86306667328, 42.1198921204, 92.8634185791, 46.1046028137, 19.0705623627, 8.60286712646, 5.39982366562], [103.653076172, 54.7592430115, -69.467880249, -18.9806098938, 11.8808059692, 24.5791454315, 30.4529685974, 18.496471405, 46.1046028137, 100.580368042, 31.7032279968, 8.52869319916, 13.0673856735], [14.0708703995, 24.0874443054, -6.82106304169, -2.66328930855, 20.5519046783, 3.03100037575, -0.355395764112, 15.1603422165, 19.0705623627, 31.7032279968, 88.5061416626, 28.9684066772, 6.03717422485], [-2.08747649193, -26.9458904266, 20.0169353485, 17.6718730927, 14.905913353, 12.7080631256, 8.94457435608, 1.07460355759, 8.60286712646, 8.52869319916, 28.9684066772, 71.7000350952, 34.0074310303], [43.1456718445, -10.5225248337, -9.40651416779, -16.4605960846, -2.79033041, 8.75360488892, 29.9380321503, 7.22049760818, 5.39982366562, 13.0673856735, 6.03717422485, 34.0074310303, 84.8990859985]],
        "icov": [[0.000688157335389, 0.000272865727311, 0.000478758156532, 0.000293578777928, -1.93390114873e-05, 0.000280489912257, 8.96423953236e-05, -1.77981000888e-05, 0.000408503750805, -0.000744842691347, 6.68262000545e-05, -5.09710298502e-05, -0.000161262782058], [0.000272865727311, 0.0023264165502, 0.00110423774458, -0.000537444429938, 0.000571704586037, -0.000215657171793, -0.000572305638343, -8.59646479512e-06, 0.000384085782571, -0.000724170065951, -0.000905211549252, 0.00103230099194, 0.000149283107021], [0.000478758156532, 0.00110423774458, 0.00280417874455, 0.000162947966601, -0.000391279812902, -0.00158210447989, 0.000747582758777, -0.000433637964306, 0.000253783335211, 0.00116047507618, -0.00035077080247, -0.000173965512658, 5.92357682763e-05], [0.000293578777928, -0.000537444429938, 0.000162947966601, 0.00566139165312, -0.00177554995753, 0.000281880551483, 0.00196111155674, -0.00170687946957, -0.000560690590646, 0.000859633029904, 0.00162891030777, -0.00278108404018, 0.00116761645768], [-1.93390114873e-05, 0.000571704586037, -0.000391279812902, -0.00177554995753, 0.00692269159481, -0.00117875135038, -0.000975403410848, 0.000580142368563, -0.00353069510311, 0.000799622852355, -0.00160240591504, 0.000441833748482, 0.00037521214108], [0.000280489912257, -0.000215657171793, -0.00158210447989, 0.000281880551483, -0.00117875135038, 0.00719837797806, -0.00376822520047, 0.000665778294206, 0.00166875985451, -0.00281921238638, 0.000648306100629, -0.000774363463279, 0.000793185026851], [8.96423953236e-05, -0.000572305638343, 0.000747582758777, 0.00196111155674, -0.000975403410848, -0.00376822520047, 0.0108619630337, -0.00513606797904, 0.00221166713163, -0.00149379740469, 0.0021380179096, -0.00118216522969, -0.00227966299281], [-1.77981000888e-05, -8.59646479512e-06, -0.000433637964306, -0.00170687946957, 0.000580142368563, 0.000665778294206, -0.00513606797904, 0.014366694726, -0.006618775893, 0.001845409628, -0.00279938871972, 0.00270499056205, -0.000578825303819], [0.000408503750805, 0.000384085782571, 0.000253783335211, -0.000560690590646, -0.00353069510311, 0.00166875985451, 0.00221166713163, -0.006618775893, 0.020323112607, -0.00957338139415, 0.00120010005776, -0.00122356717475, -0.000160004943609], [-0.000744842691347, -0.000724170065951, 0.00116047507618, 0.000859633029904, 0.000799622852355, -0.00281921238638, -0.00149379740469, 0.001845409628, -0.00957338139415, 0.0187643244863, -0.004919746425, 0.00108536297921, -0.00109337246977], [6.68262000545e-05, -0.000905211549252, -0.00035077080247, 0.00162891030777, -0.00160240591504, 0.000648306100629, 0.0021380179096, -0.00279938871972, 0.00120010005776, -0.004919746425, 0.0163093954325, -0.00781475380063, 0.00214688456617], [-5.09710298502e-05, 0.00103230099194, -0.000173965512658, -0.00278108404018, 0.000441833748482, -0.000774363463279, -0.00118216522969, 0.00270499056205, -0.00122356717475, 0.00108536297921, -0.00781475380063, 0.0225084908307, -0.00867305230349], [-0.000161262782058, 0.000149283107021, 5.92357682763e-05, 0.00116761645768, 0.00037521214108, 0.000793185026851, -0.00227966299281, -0.000578825303819, -0.000160004943609, -0.00109337246977, 0.00214688456617, -0.00867305230349, 0.0163956526667]]
    },
    "spectral_contrast_coeffs": {
        "max": [-0.38046708703, -0.456715255976, -0.461879193783, -0.501754820347, -0.614198327065, -0.68801420927],
        "mean": [-0.723007500172, -0.7520814538, -0.757820367813, -0.786800324917, -0.781143188477, -0.798473954201],
        "min": [-0.890023231506, -0.909319460392, -0.902919828892, -0.906289517879, -0.875769615173, -0.871344149113],
        "stdev": [0.079004779458, 0.0782917663455, 0.0806377902627, 0.0654280409217, 0.0488141104579, 0.0304385516793]
    },
    "spectral_contrast_valleys": {
        "max": [-5.12383890152, -4.49035024643, -5.46075344086, -5.58612108231, -6.14691495895, -7.61533308029],
        "mean": [-6.48818731308, -6.82357645035, -7.4662976265, -7.47587871552, -7.64887094498, -9.6238489151],
        "min": [-8.54134845734, -8.32116889954, -8.97512531281, -8.75587844849, -8.94724464417, -11.5053501129],
        "stdev": [0.557303845882, 0.613693058491, 0.556451797485, 0.513088345528, 0.533634245396, 0.758607268333]
    }
},
"rhythm": {
    "beats_count": 60,
    "beats_loudness": {
        "max": 0.100840181112,
        "mean": 0.0561975091696,
        "min": 0.0188921187073,
        "stdev": 0.0160984303802
    },
    "bpm": 125.241775513,
    "bpm_histogram_first_peak_bpm": 126,
    "bpm_histogram_first_peak_weight": 0.372881352901,
    "bpm_histogram_second_peak_bpm": 0,
    "bpm_histogram_second_peak_spread": 0,
    "bpm_histogram_second_peak_weight": 0,
    "danceability": 1.37035739422,
    "onset_rate": 4.6875,
    "beats_loudness_band_ratio": {
        "max": [0.940114915371, 0.602214992046, 0.350934416056, 0.612286269665, 0.218120053411, 0.130901947618],
        "mean": [0.641521453857, 0.201886564493, 0.0709998309612, 0.107277959585, 0.0524893030524, 0.0277100242674],
        "min": [0.287563741207, 0.0088186301291, 0.00898849032819, 0.00298949773423, 0.00231426814571, 0.00284163746983],
        "stdev": [0.151840224862, 0.161315202713, 0.0805316194892, 0.135975390673, 0.0500414296985, 0.01880768314]
    },
    "beats_position": [0.452789098024, 0.9287981987, 1.40480720997, 1.86920630932, 2.34521532059, 2.83283448219, 3.30884337425, 3.78485250473, 4.27247142792, 4.74848079681, 5.22448968887, 5.70049858093, 6.17650794983, 6.66412687302, 7.14013576508, 7.61614513397, 8.09215450287, 8.56816291809, 9.05578231812, 9.53179073334, 10.0194101334, 10.4954195023, 10.9714279175, 11.4474372864, 11.9350566864, 12.4110651016, 12.8870744705, 13.3746938705, 13.8507022858, 14.3267116547, 14.8027210236, 15.2787294388, 15.7663488388, 16.2539672852, 16.7299766541, 17.2059860229, 17.6819953918, 18.1580047607, 18.6340141296, 19.1100215912, 19.5976409912, 20.0852603912, 20.5728797913, 21.037279129, 21.5248966217, 22.0009059906, 22.4769153595, 22.9645347595, 23.4405441284, 23.9165534973, 24.3925609589, 24.8685703278, 25.3561897278, 25.8438091278, 26.3198184967, 26.7958278656, 27.2602272034, 27.747844696, 28.2354640961, 28.7230834961],
