{
"metadata": {
    "version": {
        "essentia": "2.1-beta5",
        "essentia_git_sha": "Undefined",
        "extractor": "music 2.0"
    },
    "audio_properties": {
        "analysis": {
            "equal_loudness": 0,
            "length": 28.9436511993,
            "sample_rate": 44100,
            "start_time": 158.998641968,
            "downmix": "mix"
        },
        "bit_rate": 192000,
        "length": 187.965545654,
        "lossless": 0,
        "number_channels": 2,
        "replay_gain": -7.88815879822,
        "sample_rate": 48000,
        "codec": "mp3",
        "md5_encoded": "9d81f80b844495deab0a3037fd88f73c"
    },
    "tags": {
        "file_name": "United KingdomUK_Hold On To Our Love_James Fox.mp3",
        "encoding": ["Lavf58.29.100"]
    }
},
"lowlevel": {
    "average_loudness": 0.841945052147,
    "barkbands_crest": {
        "max": 23.8056144714,
        "mean": 9.75825977325,
        "min": 2.86180567741,
        "stdev": 3.95245242119
    },
    "barkbands_flatness_db": {
        "max": 0.287474960089,
        "mean": 0.159548386931,
        "min": 0.0360496900976,
        "stdev": 0.0523031614721
    },
    "barkbands_kurtosis": {
        "max": 96.0461959839,
        "mean": 3.06393122673,
        "min": -1.79333126545,
        "stdev": 7.07557010651
    },
    "barkbands_skewness": {
        "max": 8.30022335052,
        "mean": 1.1737319231,
        "min": -3.62591052055,
        "stdev": 1.09221863747
    },
    "barkbands_spread": {
        "max": 101.851768494,
        "mean": 18.0325336456,
        "min": 1.48672163486,
        "stdev": 14.6878347397
    },
    "dissonance": {
        "max": 0.499999940395,
        "mean": 0.469775140285,
        "min": 0.320113182068,
        "stdev": 0.0290472675115
    },
    "dynamic_complexity": 3.71470856667,
    "erbbands_crest": {
        "max": 28.8804035187,
        "mean": 9.96814632416,
        "min": 2.77330565453,
        "stdev": 4.96517944336
    },
    "erbbands_flatness_db": {
        "max": 0.358829200268,
        "mean": 0.203869819641,
        "min": 0.0412725545466,
        "stdev": 0.0807166770101
    },
    "erbbands_kurtosis": {
        "max": 36.6134223938,
        "mean": 1.71935331821,
        "min": -1.81327319145,
        "stdev": 3.65728783607
    },
    "erbbands_skewness": {
        "max": 4.13477277756,
        "mean": 0.664255261421,
        "min": -4.14885091782,
        "stdev": 0.828121781349
    },
    "erbbands_spread": {
        "max": 106.261146545,
        "mean": 26.1400279999,
        "min": 2.60000705719,
        "stdev": 19.107088089
    },
    "hfc": {
        "max": 592.537597656,
        "mean": 23.0510425568,
        "min": 5.77709400318e-08,
        "stdev": 32.701385498
    },
    "loudness_ebu128": {
        "integrated": -16.2089653015,
        "loudness_range": 7.83745670319,
        "momentary": {
            "max": -11.2956409454,
            "mean": -17.8768520355,
            "min": -34.2219772339,
            "stdev": 4.28562879562
        },
        "short_term": {
            "max": -13.6315670013,
            "mean": -17.2034950256,
            "min": -25.6352462769,
            "stdev": 3.01788330078
        }
    },
    "melbands_crest": {
        "max": 31.9178085327,
        "mean": 13.6903791428,
        "min": 4.55375432968,
        "stdev": 5.64327335358
    },
    "melbands_flatness_db": {
        "max": 0.37917393446,
        "mean": 0.18928861618,
        "min": 0.0586265474558,
        "stdev": 0.0436232835054
    },
    "melbands_kurtosis": {
        "max": 240.459991455,
        "mean": 8.81893730164,
        "min": -1.84830534458,
        "stdev": 20.5215015411
    },
    "melbands_skewness": {
        "max": 12.0701341629,
        "mean": 1.88191413879,
        "min": -1.44959461689,
        "stdev": 1.64132452011
    },
    "melbands_spread": {
        "max": 270.06829834,
        "mean": 23.2262191772,
        "min": 1.28597962856,
        "stdev": 27.1782722473
    },
    "pitch_salience": {
        "max": 0.836825966835,
        "mean": 0.593724429607,
        "min": 0.150131255388,
        "stdev": 0.135114789009
    },
    "silence_rate_20dB": {
        "max": 1,
        "mean": 1,
        "min": 1,
        "stdev": 0
    },
    "silence_rate_30dB": {
        "max": 1,
        "mean": 0.995993614197,
        "min": 0,
        "stdev": 0.0631692633033
    },
    "silence_rate_60dB": {
        "max": 1,
        "mean": 0.100160256028,
        "min": 0,
        "stdev": 0.300214082003
    },
    "spectral_centroid": {
        "max": 6099.0703125,
        "mean": 1414.29052734,
        "min": 220.780349731,
        "stdev": 637.525085449
    },
    "spectral_complexity": {
        "max": 50,
        "mean": 18.8934288025,
        "min": 0,
        "stdev": 9.12725925446
    },
    "spectral_decrease": {
        "max": -3.35884430138e-17,
        "mean": -5.30128430043e-09,
        "min": -4.19861230228e-08,
        "stdev": 5.21746024162e-09
    },
    "spectral_energy": {
        "max": 0.172822713852,
        "mean": 0.0220990553498,
        "min": 1.3201077731e-10,
        "stdev": 0.0213943775743
    },
    "spectral_energyband_high": {
        "max": 0.0599357783794,
        "mean": 0.000834022124764,
        "min": 4.61696653131e-12,
        "stdev": 0.00298491399735
    },
    "spectral_energyband_low": {
        "max": 0.0822390764952,
        "mean": 0.00500086462125,
        "min": 7.79119199712e-11,
        "stdev": 0.00873848702759
    },
    "spectral_energyband_middle_high": {
        "max": 0.0725563019514,
        "mean": 0.00913941208273,
        "min": 4.49504886438e-12,
        "stdev": 0.0104027492926
    },
    "spectral_energyband_middle_low": {
        "max": 0.118951000273,
        "mean": 0.00766755081713,
        "min": 1.39161390744e-11,
        "stdev": 0.0111775407568
    },
    "spectral_entropy": {
        "max": 8.96935558319,
        "mean": 7.62983608246,
        "min": 6.16463422775,
        "stdev": 0.381825625896
    },
    "spectral_flux": {
        "max": 0.321131914854,
        "mean": 0.075373724103,
        "min": 0.00401631044224,
        "stdev": 0.0444202572107
    },
    "spectral_kurtosis": {
        "max": 16.7681026459,
        "mean": 5.81434631348,
        "min": -1.20911729336,
        "stdev": 3.33612656593
    },
    "spectral_rms": {
        "max": 0.0129848960787,
        "mean": 0.00417704088613,
        "min": 3.5887464378e-07,
        "stdev": 0.00202789646573
    },
    "spectral_rolloff": {
        "max": 11692.5292969,
        "mean": 1698.4140625,
        "min": 86.1328125,
        "stdev": 1811.94360352
    },
    "spectral_skewness": {
        "max": 3.17544531822,
        "mean": 1.78471767902,
        "min": -0.322328537703,
        "stdev": 0.494232237339
    },
    "spectral_spread": {
        "max": 15260084,
        "mean": 4296387,
        "min": 1927242.125,
        "stdev": 2207272.25
    },
    "spectral_strongpeak": {
        "max": 11.0315752029,
        "mean": 1.21039712429,
        "min": 0,
        "stdev": 1.56416118145
    },
    "zerocrossingrate": {
        "max": 0.4072265625,
        "mean": 0.0676789879799,
        "min": 0.0078125,
        "stdev": 0.0511281825602
    },
    "barkbands": {
        "max": [0.00500924373046, 0.0623925887048, 0.0212388373911, 0.0721461996436, 0.0425319112837, 0.0304936207831, 0.0948972031474, 0.0560554787517, 0.0583893619478, 0.0546900704503, 0.0386816225946, 0.0571314245462, 0.0406472347677, 0.0194000508636, 0.0182639118284, 0.0156847666949, 0.008444506675, 0.00214576651342, 0.0026784427464, 0.00166682421695, 0.00273476867005, 0.00443189544603, 0.00862321723253, 0.0178003460169, 0.0311100427061, 0.00578976003453, 2.26728570851e-05],
        "mean": [0.000185731929378, 0.00404913071543, 0.000545937742572, 0.000510507554282, 0.00143224128988, 0.000871331256349, 0.000731309875846, 0.00132931454573, 0.00186667649541, 0.00244356319308, 0.00167741125915, 0.00208686455153, 0.000857481791172, 0.000831574609037, 0.000676738563925, 0.000392129062675, 0.000308879360091, 0.000250900047831, 0.000176241635927, 9.27831642912e-05, 0.000101813544461, 0.000117488707474, 0.00013228955504, 0.000175097622559, 0.000190476959688, 6.50540823699e-05, 9.79501564302e-08],
        "min": [3.18948999156e-11, 3.91565738167e-11, 7.22225751426e-12, 3.76035313998e-12, 4.82893933174e-12, 2.40510931483e-12, 9.61590616161e-13, 8.63141155771e-13, 1.03891548142e-12, 3.75085108372e-13, 5.5595859947e-13, 4.49059111294e-13, 5.23686237604e-13, 6.53227472114e-13, 3.27162803142e-13, 3.82497744415e-13, 3.71322845518e-13, 5.13938013241e-13, 2.54659303627e-13, 3.44948651891e-13, 5.24439974954e-13, 1.08995733446e-12, 5.90272351397e-13, 4.90290859127e-13, 8.05217654706e-13, 3.98581422858e-13, 5.10374023859e-13],
        "stdev": [0.000437867885921, 0.00756679521874, 0.00124948169105, 0.0023689349182, 0.00336673343554, 0.00179603730794, 0.0042562931776, 0.00450923386961, 0.00358984083869, 0.00428118277341, 0.00347586930729, 0.00542539916933, 0.00220791925676, 0.00143868743908, 0.00123013393022, 0.000959368771873, 0.000483958778204, 0.000269228883553, 0.000222086673602, 0.000163334145327, 0.000211139791645, 0.000296934973449, 0.000451110419817, 0.000932925264351, 0.00124598492403, 0.000274478748906, 8.71308202477e-07]
    },
    "erbbands": {
        "max": [2.32306265831, 12.9155540466, 29.3010635376, 111.303894043, 243.906036377, 154.199813843, 181.573944092, 352.899688721, 554.387268066, 1406.13183594, 1544.48742676, 1571.18005371, 2652.25512695, 1351.09594727, 2276.58935547, 2646.6472168, 1102.45812988, 1107.52868652, 966.932006836, 682.765991211, 1084.57849121, 307.126373291, 137.78604126, 87.2183380127, 142.747879028, 72.453163147, 119.863105774, 151.150482178, 155.39225769, 128.49899292, 263.056060791, 379.689727783, 302.500640869, 430.937164307, 164.317306519, 40.4867477417, 8.1711063385, 0.611289680004, 0.0140354698524, 0.00123071600683],
        "mean": [0.152572035789, 0.762444853783, 0.771677196026, 1.19593477249, 3.18203306198, 4.60375547409, 8.03566265106, 6.05777406693, 8.05132102966, 13.1438379288, 36.8546562195, 39.7078132629, 73.9428405762, 72.1044082642, 83.5381393433, 79.5116271973, 38.4835891724, 50.3777351379, 39.9375953674, 24.9398155212, 21.8291950226, 16.7610340118, 14.5759744644, 10.9437417984, 7.20071411133, 4.51487588882, 4.32498073578, 4.14119958878, 4.07424688339, 3.65705394745, 3.86195731163, 3.75041985512, 2.95256948471, 2.40237975121, 1.14973676205, 0.401564359665, 0.102075099945, 0.00825796555728, 0.000184407370398, 3.78513686883e-05],
        "min": [2.08665151824e-09, 5.64712410167e-09, 8.74258887507e-09, 1.13927649537e-08, 1.42442253548e-08, 1.54226835747e-08, 1.9732702583e-08, 1.81505548369e-08, 1.54916133255e-08, 1.42399310121e-08, 2.10642330245e-08, 2.12124966481e-08, 1.6914231793e-08, 1.49564645113e-08, 2.62460471134e-08, 1.14665779094e-08, 2.12699280411e-08, 3.29892237971e-08, 2.81167427119e-08, 1.67059592826e-08, 2.32942269918e-08, 1.99095833153e-08, 2.39193234108e-08, 2.77205440824e-08, 8.39203018188e-09, 1.6401644487e-08, 2.01774401631e-08, 2.5688883909e-08, 4.51716211103e-08, 2.26636931444e-08, 1.50984327263e-08, 1.11364020228e-08, 8.76392292071e-09, 8.45447356568e-09, 5.66389823931e-09, 1.03947439545e-09, 6.70108801781e-10, 4.17639478556e-10, 8.17865081215e-11, 6.22401869627e-12],
        "stdev": [0.28933390975, 1.47730970383, 1.68836808205, 4.07925653458, 10.7676877975, 12.4772844315, 15.683927536, 16.1888790131, 31.0592536926, 61.4969711304, 126.621955872, 79.2160339355, 157.453674316, 119.289054871, 176.829055786, 219.138504028, 74.2372436523, 94.1081771851, 68.3874740601, 40.9667167664, 61.0018081665, 23.8475437164, 15.9412240982, 11.7494268417, 10.2791481018, 7.58988046646, 9.12373828888, 10.0802335739, 10.2235088348, 9.27155685425, 13.4140577316, 18.3804092407, 17.3119220734, 17.1679935455, 6.5890045166, 1.78875935078, 0.409695386887, 0.0345266908407, 0.000737408874556, 6.34354946669e-05]
    },
    "gfcc": {
        "mean": [-32.8465080261, 67.1416854858, -156.75553894, 1.44827771187, -66.4216003418, 22.8675575256, -36.3139915466, 12.8478841782, -25.9401931763, -1.62315046787, -18.9453544617, 1.49055325985, -9.72467136383],
        "cov": [[7512.89501953, -17.3841190338, 2133.93115234, 1322.73779297, 522.928466797, 641.765563965, 8.12460708618, 470.143432617, 181.300750732, 599.14050293, 52.9517478943, 437.844512939, -83.6586074829], [-17.3841190338, 1252.23974609, 879.027893066, 480.330932617, 287.35824585, -85.0094604492, -117.264587402, -55.0949859619, 32.4137115479, 115.655975342, 56.4071769714, 46.1371002197, 7.3085193634], [2133.93115234, 879.027893066, 3983.40869141, 1804.68920898, 571.006469727, 550.172485352, -469.964263916, 170.388519287, 9.33849811554, 544.668640137, -25.5213050842, 382.843109131, -139.229324341], [1322.73779297, 480.330932617, 1804.68920898, 1163.60290527, 355.339538574, 230.321426392, -205.900268555, 110.660644531, 106.677688599, 285.280914307, 7.67486095428, 190.913253784, -17.0163593292], [522.928466797, 287.35824585, 571.006469727, 355.339538574, 259.430328369, 117.455101013, -6.65083694458, 76.8583831787, 37.4355125427, 107.579101562, 17.3476524353, 76.1993789673, -7.98828744888], [641.765563965, -85.0094604492, 550.172485352, 230.321426392, 117.455101013, 304.19418335, 80.9889450073, 93.4122619629, -6.38498210907, 99.9157333374, 16.3367671967, 71.9301986694, -35.6745605469], [8.12460708618, -117.264587402, -469.964263916, -205.900268555, -6.65083694458, 80.9889450073, 242.644943237, 56.2123908997, 10.4169197083, -37.0713005066, 29.1206207275, -24.3207645416, 8.32710266113], [470.143432617, -55.0949859619, 170.388519287, 110.660644531, 76.8583831787, 93.4122619629, 56.2123908997, 137.610015869, 66.3348312378, 68.6560592651, 8.33653926849, 33.1904945374, -14.13788414], [181.300750732, 32.4137115479, 9.33849811554, 106.677688599, 37.4355125427, -6.38498210907, 10.4169197083, 66.3348312378, 128.0753479, 56.2413482666, 15.3016471863, 6.88597154617, 15.95586586], [599.14050293, 115.655975342, 544.668640137, 285.280914307, 107.579101562, 99.9157333374, -37.0713005066, 68.6560592651, 56.2413482666, 158.582855225, 22.9221153259, 67.8624267578, -23.5674724579], [52.9517478943, 56.4071769714, -25.5213050842, 7.67486095428, 17.3476524353, 16.3367671967, 29.1206207275, 8.33653926849, 15.3016471863, 22.9221153259, 56.0976295471, 20.8733711243, 8.86858654022], [437.844512939, 46.1371002197, 382.843109131, 190.913253784, 76.1993789673, 71.9301986694, -24.3207645416, 33.1904945374, 6.88597154617, 67.8624267578, 20.8733711243, 99.174697876, 6.61360931396], [-83.6586074829, 7.3085193634, -139.229324341, -17.0163593292, -7.98828744888, -35.6745605469, 8.32710266113, -14.13788414, 15.95586586, -23.5674724579, 8.86858654022, 6.61360931396, 63.0489616394]],
        "icov": [[0.000263506051851, -9.96772796498e-05, 0.000314029253786, -0.000319727434544, 0.000200963419047, -0.000367507105693, 0.000237449174165, -0.000618332996964, 0.00042362746899, -0.000798676221166, 0.000582420674618, -0.000957161770202, 0.000228599557886], [-9.96772796498e-05, 0.00292327185161, -0.0020899088122, 0.00084308499936, -0.00359277403913, 0.00434952508658, -0.00312735303305, 0.00319281686097, -0.00119484367315, 0.00074165512342, -0.00416156370193, 0.00381044251844, -0.000958542805165], [0.000314029253786, -0.0020899088122, 0.0039949552156, -0.00280701834708, 0.0023664846085, -0.00516519509256, 0.00500029884279, -0.00308470218442, 0.00324307475239, -0.00333814229816, 0.00470344675705, -0.00534862326458, 0.00257937866263], [-0.000319727434544, 0.00084308499936, -0.00280701834708, 0.00524742621928, -0.00322972773574, 0.00151995266788, -0.000959077558946, 0.00271554966457, -0.00434488616884, 0.00114885612857, -0.00150798924733, 0.00199435185641, -0.00258606625721], [0.000200963419047, -0.00359277403913, 0.0023664846085, -0.00322972773574, 0.0124446488917, -0.00488973036408, 0.00203254935332, -0.00622943183407, 0.00279707880691, -0.00179360306356, 0.0042753177695, -0.00548441009596, 0.00077760941349], [-0.000367507105693, 0.00434952508658, -0.00516519509256, 0.00151995266788, -0.00488973036408, 0.0161314979196, -0.0112616838887, 0.00286116800271, 0.000551649951376, 0.000582192384172, -0.00682590901852, 0.00601286208257, -0.000943337625358], [0.000237449174165, -0.00312735303305, 0.00500029884279, -0.000959077558946, 0.00203254935332, -0.0112616838887, 0.0162061676383, -0.00752060068771, 0.00242444919422, -0.000453475251561, 0.00162497186102, -0.00421574339271, 0.000949944078457], [-0.000618332996964, 0.00319281686097, -0.00308470218442, 0.00271554966457, -0.00622943183407, 0.00286116800271, -0.00752060068771, 0.0219174064696, -0.0113230170682, 0.000625281129032, -0.000908539164811, 0.00183937768452, 0.00250218994915], [0.00042362746899, -0.00119484367315, 0.00324307475239, -0.00434488616884, 0.00279707880691, 0.000551649951376, 0.00242444919422, -0.0113230170682, 0.020316131413, -0.0094766067341, 0.000714666151907, 0.00158572127111, -0.00445376709104], [-0.000798676221166, 0.00074165512342, -0.00333814229816, 0.00114885612857, -0.00179360306356, 0.000582192384172, -0.000453475251561, 0.000625281129032, -0.0094766067341, 0.023837344721, -0.00920339114964, 0.00046478305012, 0.0046494663693], [0.000582420674618, -0.00416156370193, 0.00470344675705, -0.00150798924733, 0.0042753177695, -0.00682590901852, 0.00162497186102, -0.000908539164811, 0.000714666151907, -0.00920339114964, 0.0324734598398, -0.0141602028161, 0.000792308652308], [-0.000957161770202, 0.00381044251844, -0.00534862326458, 0.00199435185641, -0.00548441009596, 0.00601286208257, -0.00421574339271, 0.00183937768452, 0.00158572127111, 0.00046478305012, -0.0141602028161, 0.0308186076581, -0.01077664271], [0.000228599557886, -0.000958542805165, 0.00257937866263, -0.00258606625721, 0.00077760941349, -0.000943337625358, 0.000949944078457, 0.00250218994915, -0.00445376709104, 0.0046494663693, 0.000792308652308, -0.01077664271, 0.0251575801522]]
    },
    "melbands": {
        "max": [0.0195514839143, 0.0159359853715, 0.0260142311454, 0.0107066603377, 0.005107476376, 0.00723572587594, 0.0130820777267, 0.0123356999829, 0.0123421261087, 0.0104255219921, 0.0128000034019, 0.0055712275207, 0.00557059282437, 0.00816637743264, 0.00368464412168, 0.00471096066758, 0.00194850179832, 0.00135841616429, 0.00122953485698, 0.000816230720375, 0.00127305858769, 0.000305603985908, 0.000300130486721, 0.000131364737172, 7.11426982889e-05, 0.00014126849419, 5.87569302297e-05, 4.70436752948e-05, 7.49667087803e-05, 5.20529574715e-05, 0.000119438605907, 0.000107832536742, 6.32454903098e-05, 6.90957458573e-05, 0.000100564866443, 0.000247074727667, 0.000248678785283, 0.000217811859329, 0.000338918209309, 0.000383591075661],
        "mean": [0.00124179176055, 0.000582176435273, 0.00026243715547, 0.000293828547001, 0.000259164487943, 0.000138490737299, 0.000137191949761, 0.000155950910994, 0.000300695246551, 0.000267960393103, 0.000367914733943, 0.000286276248517, 0.000257451698417, 0.00027225233498, 9.92078203126e-05, 9.86940649454e-05, 8.88365830178e-05, 6.21567742201e-05, 4.43675198767e-05, 2.71603094006e-05, 2.45442715823e-05, 1.6600914023e-05, 1.59011215146e-05, 1.18510697575e-05, 8.49498155731e-06, 6.62153570374e-06, 3.29653266817e-06, 2.90952721116e-06, 2.82319456346e-06, 2.31263447859e-06, 2.42814712692e-06, 2.38788879869e-06, 2.1128919343e-06, 1.96917744688e-06, 2.16431112676e-06, 2.38242205342e-06, 2.24347127187e-06, 1.94299013856e-06, 2.24043515118e-06, 1.9735209662e-06],
        "min": [1.77530646434e-11, 5.32708816295e-12, 2.04556120306e-12, 1.06923194257e-12, 6.85966691436e-13, 4.19574775314e-13, 2.27314410242e-13, 1.59872481464e-13, 1.73004256862e-13, 1.37757725149e-13, 8.6233212411e-14, 6.06029983141e-14, 8.81169255943e-14, 5.33390741514e-14, 3.02444633465e-14, 5.26870315768e-14, 6.31264314367e-14, 5.23987185022e-14, 1.56575971535e-14, 2.68291841515e-14, 2.72710914045e-14, 2.17807864707e-14, 1.52932188262e-14, 2.82105051531e-14, 2.28523475235e-14, 4.82547851436e-15, 6.83327016593e-15, 1.21083266636e-14, 1.16515107838e-14, 1.47927341627e-14, 1.34511881343e-14, 2.76918363863e-14, 1.90799490736e-14, 1.11052719416e-14, 1.01781579584e-14, 7.14035645525e-15, 5.39564264917e-15, 5.4293346552e-15, 7.23039944567e-15, 6.96966915198e-15],
        "stdev": [0.00232351315208, 0.00113014865201, 0.000908154936042, 0.000824963673949, 0.000476372602861, 0.000341238453984, 0.00064265349647, 0.000579484214541, 0.00103409891017, 0.000528319680598, 0.000773098203354, 0.000506011769176, 0.000555249280296, 0.000683530292008, 0.000234478779021, 0.000270507618552, 0.000161599702551, 0.000103993232187, 8.04645969765e-05, 5.13854793098e-05, 7.48980673961e-05, 2.32975362451e-05, 2.00606227736e-05, 1.37773149618e-05, 9.67735832091e-06, 9.69427401287e-06, 5.43688838661e-06, 5.2332834457e-06, 6.17192426944e-06, 4.53478924101e-06, 7.01235057932e-06, 6.60592968416e-06, 4.84670454171e-06, 5.29579983777e-06, 6.37809762338e-06, 1.17800218504e-05, 1.14549675345e-05, 1.11247209134e-05, 1.53517939907e-05, 1.47114633364e-05]
    },
    "melbands128": {
        "max": [0.00481303222477, 0.0181672032923, 0.0300164036453, 0.0242947880179, 0.0189262721688, 0.00863631721586, 0.0174993555993, 0.0438691452146, 0.0261716414243, 0.0148765230551, 0.0118405362591, 0.00462816376239, 0.00927474163473, 0.00564373005182, 0.0105617139488, 0.00754902511835, 0.00353466928937, 0.0112257217988, 0.0409127734601, 0.0142051307485, 0.00540447281674, 0.0123691558838, 0.0235468968749, 0.0132302325219, 0.0121797081083, 0.015902640298, 0.0198993012309, 0.0202988535166, 0.0059743989259, 0.0109157403931, 0.00842815916985, 0.00727063650265, 0.0092117190361, 0.0150828817859, 0.0157169625163, 0.018120771274, 0.0147696491331, 0.00105997221544, 0.000971745816059, 0.00245985225774, 0.00975413341075, 0.0052596507594, 0.00372138223611, 0.00110286055133, 0.00109146034811, 0.00294046266936, 0.00465046381578, 0.00262907426804, 0.000712333770934, 0.0026090387255, 0.000809061399195, 0.00116914254613, 0.00283944094554, 0.000920113292523, 0.000448438542662, 0.000257046718616, 0.00049081799807, 0.000786905002315, 0.000226373129408, 0.000159266623086, 0.000240223074798, 0.000141347161843, 0.000147033206304, 0.000131270368001, 0.000126066006487, 0.000216932239709, 0.000134736692416, 5.3501156799e-05, 8.16622487037e-05, 9.48841116042e-05, 7.14811394573e-05, 4.53522261523e-05, 0.000100330820715, 8.13375590951e-05, 0.00011611480295, 4.37540002167e-05, 5.14290695719e-05, 5.89582705288e-05, 0.000135042544571, 0.000233034385019, 7.93944927864e-05, 7.50943290768e-05, 8.91179734026e-05, 5.66711787542e-05, 0.000104108796222, 9.67578816926e-05, 6.91284585628e-05, 6.97571813362e-05, 8.50771175465e-05, 0.000143686367664, 0.000454830529634, 0.000231373152928, 0.000176743895281, 0.000354075105861, 0.00029484112747, 0.000348489644239, 0.000217193664866, 0.000264091504505, 0.000414768583141, 0.000393763533793, 0.000381819467293, 0.000436003203504, 0.000313065596856, 0.000180479546543, 0.000165032673976, 0.000191163620912, 8.91050221981e-05, 7.3442068242e-05, 4.80266207887e-05, 7.16862050467e-05, 5.33748061571e-05, 2.28678509302e-05, 2.3026152121e-05, 2.25000785576e-05, 1.33310804813e-05, 9.04537046154e-06, 4.14456991393e-07, 1.06504828068e-07, 1.02136027635e-07, 9.92040725123e-08, 9.68092450648e-08, 9.48239744503e-08, 9.30749592953e-08, 9.16389879535e-08, 9.04030130755e-08, 8.9467718567e-08, 8.87677202854e-08, 8.8341394644e-08],
        "mean": [0.000173744847416, 0.00124195893295, 0.00181079900358, 0.00105192174669, 0.000462484284071, 0.000239209053689, 0.000221220747335, 0.00026867564884, 0.00032235585968, 0.000347963126842, 0.000227347045438, 0.000230692559853, 0.000334159936756, 0.000200997965294, 0.000137919138069, 0.000106370061985, 7.88223842392e-05, 0.000149135157699, 0.000210184298339, 0.000114333015517, 0.000114414768177, 0.000302291242406, 0.000405304454034, 0.000184409916983, 0.000211515609408, 0.000262455723714, 0.000473382999189, 0.000400749093387, 0.00024176214356, 0.000359259982361, 0.000275060621789, 0.000201885632123, 0.000271597673418, 0.000275837723166, 0.00028204426053, 0.000310278555844, 0.00020772156131, 5.87085451116e-05, 5.81805506954e-05, 6.9868096034e-05, 0.000114023314381, 0.000131938228151, 0.00010220927652, 5.96799909545e-05, 4.81987117382e-05, 6.81696474203e-05, 7.45488141547e-05, 4.4873861043e-05, 3.07733025693e-05, 3.12290503643e-05, 2.35850493482e-05, 2.62045778072e-05, 3.13660711981e-05, 2.11080350709e-05, 1.70529565366e-05, 1.39859484989e-05, 1.79095895874e-05, 1.97903973458e-05, 1.39839730764e-05, 1.14040449262e-05, 1.25523820316e-05, 1.18435209515e-05, 8.05969284556e-06, 8.08404365671e-06, 8.20707100502e-06, 6.95167454978e-06, 5.93781942371e-06, 3.06861898025e-06, 3.02675221064e-06, 2.89452714242e-06, 2.95078530144e-06, 2.73794489658e-06, 3.03832416648e-06, 2.9649058888e-06, 2.47395837505e-06, 2.20877473112e-06, 2.23341385208e-06, 2.4924979698e-06, 2.26967767958e-06, 2.70375221589e-06, 2.52299605563e-06, 2.1173893856e-06, 2.21015352508e-06, 2.13169596464e-06, 2.07460857382e-06, 1.98795692086e-06, 1.84024418104e-06, 2.06255822377e-06, 2.34902631746e-06, 1.97805502467e-06, 2.49583104051e-06, 2.4135501917e-06, 2.30582622862e-06, 2.46721742769e-06, 2.04080265576e-06, 1.89508523363e-06, 1.95610709852e-06, 1.88013484603e-06, 2.46360650635e-06, 2.30664477385e-06, 2.01225338969e-06, 2.13945054384e-06, 1.56563851306e-06, 1.48263848132e-06, 1.33433661631e-06, 1.15142120194e-06, 8.91661898095e-07, 7.99545830432e-07, 7.16819442914e-07, 5.02555280946e-07, 4.7075366183e-07, 3.68967988607e-07, 3.04402306028e-07, 2.63018279156e-07, 1.59706956993e-07, 7.29628766294e-08, 3.60520169274e-09, 9.03962044108e-11, 8.50698053667e-11, 8.26225060591e-11, 8.06075275972e-11, 7.89456902628e-11, 7.74862535247e-11, 7.62333945969e-11, 7.51579076752e-11, 7.43067204989e-11, 7.36847874383e-11, 7.33228547323e-11],
        "min": [3.07458702595e-13, 2.17852715034e-11, 1.38985732645e-11, 8.10077959573e-12, 4.93619815162e-12, 3.36202289966e-12, 2.36140187265e-12, 1.73521006591e-12, 1.42377602763e-12, 1.106048521e-12, 7.88393330654e-13, 7.19921355603e-13, 7.30554017888e-13, 5.54205498767e-13, 3.91664267208e-13, 3.80722309148e-13, 2.98733856662e-13, 1.83817750517e-13, 1.60657037261e-13, 1.49402056481e-13, 1.62451690012e-13, 1.83048265131e-13, 1.84052805548e-13, 1.59175231047e-13, 1.05255580185e-13, 1.63529685127e-13, 1.33669971251e-13, 4.14487102409e-14, 9.21761446468e-14, 5.63371743733e-14, 2.86139723569e-14, 1.09526760762e-13, 7.35473219327e-14, 9.11639606036e-14, 1.1140618457e-13, 1.44791676478e-14, 8.16954637891e-15, 3.5304678831e-14, 3.0529740655e-14, 5.70204351943e-14, 5.26355929599e-14, 6.6226477156e-14, 6.24769130203e-14, 6.11235915398e-14, 5.73953252004e-14, 6.85845491185e-14, 2.34240507172e-14, 3.4895201505e-15, 1.85707162538e-14, 2.59235043371e-14, 3.00139822934e-14, 2.23941602973e-14, 3.69270213637e-14, 1.95325475764e-14, 2.55831885217e-14, 2.67943761796e-14, 1.21998045279e-14, 2.01975006273e-14, 8.3607217151e-15, 2.03627076274e-14, 3.10081956856e-14, 3.0935296642e-14, 3.95850209165e-14, 1.59400436779e-14, 4.64529258362e-15, 4.69998634806e-15, 4.22769687029e-15, 5.68209267479e-15, 7.21989369603e-15, 7.75274518249e-15, 1.16198071876e-14, 1.68793608648e-14, 1.04802852933e-14, 1.02003290458e-14, 1.48118008744e-14, 8.98791403716e-15, 1.90216681246e-14, 1.88685194856e-14, 4.1738603032e-15, 1.74999480239e-14, 3.09328707397e-14, 2.91441777124e-14, 2.79862718151e-14, 2.11981734927e-14, 7.56334522735e-15, 1.01790244731e-14, 1.19535093697e-14, 1.40665558764e-14, 1.38161509143e-14, 3.58803961138e-15, 3.64540322367e-15, 8.47249533579e-15, 1.2428694006e-14, 4.95435330673e-15, 1.03815237928e-15, 4.2184908927e-15, 8.00685676073e-15, 5.51083913e-15, 6.63222520184e-15, 8.10691676279e-15, 7.46724171619e-15, 5.19633579668e-15, 8.9330551013e-15, 9.35064912056e-15, 7.69459637066e-15, 4.82114467028e-15, 2.68259378978e-15, 1.70548707501e-15, 1.41619175984e-15, 1.00404193897e-15, 1.07926322925e-15, 1.62399297636e-15, 1.34836951412e-15, 2.426058215e-15, 5.92927340594e-15, 4.33883691033e-15, 1.63654187536e-15, 3.65393708061e-15, 3.38562372446e-15, 2.06005866662e-15, 2.80851751936e-15, 2.032515061e-15, 1.86135680742e-15, 1.40288074296e-15, 1.97727538383e-15, 1.41641177665e-15, 2.90375070417e-16, 1.47189100533e-16],
        "stdev": [0.000408254447393, 0.00241114408709, 0.00350145623088, 0.00216954015195, 0.00108008715324, 0.000552110199351, 0.000738655915484, 0.00138718239032, 0.00119747046847, 0.00110368279275, 0.000783053576015, 0.000468451704364, 0.000751466897782, 0.000445968471467, 0.000485416239826, 0.000346679706126, 0.000200260881684, 0.000684979953803, 0.00174545892514, 0.000622513645794, 0.000392499234295, 0.000993513735011, 0.00176808575634, 0.000675833085552, 0.000587236427236, 0.000712150766049, 0.00121716666035, 0.00117199716624, 0.000488224322908, 0.000811367179267, 0.000597665901296, 0.000506170326844, 0.000782834249549, 0.000852124532685, 0.000851340824738, 0.0010917566251, 0.000865054316819, 9.78124298854e-05, 9.99356925604e-05, 0.000145016558236, 0.000514965911862, 0.000376837706426, 0.00025682937121, 9.816938109e-05, 8.56684710016e-05, 0.000149141051224, 0.000229399491218, 0.000120901466289, 5.66148337384e-05, 0.000104446517071, 4.60098672193e-05, 6.78506112308e-05, 0.000151462256326, 5.41196423001e-05, 3.15781653626e-05, 1.88656376849e-05, 3.74916344299e-05, 3.74687551812e-05, 1.89222319023e-05, 1.71916526597e-05, 1.91344843188e-05, 1.63198601513e-05, 1.19297110359e-05, 1.19783135233e-05, 1.24825983221e-05, 1.29411455418e-05, 1.13446158139e-05, 5.35336857865e-06, 7.00674399923e-06, 5.80726054977e-06, 6.24673384664e-06, 5.46600904272e-06, 7.55977680456e-06, 6.90464094077e-06, 7.03999057805e-06, 4.39508175987e-06, 4.43788121629e-06, 5.40300470675e-06, 7.62429317547e-06, 1.12662028187e-05, 7.1350214057e-06, 5.12015503773e-06, 5.80439609621e-06, 5.01001159137e-06, 5.64789797863e-06, 6.30971726423e-06, 5.13497161592e-06, 5.49420792595e-06, 6.48371678835e-06, 7.3347146099e-06, 1.57647318701e-05, 1.18675361591e-05, 1.16725450425e-05, 1.32106542878e-05, 1.25045635286e-05, 1.32862624014e-05, 1.12135021482e-05, 1.17654335554e-05, 1.76215344254e-05, 1.72308209585e-05, 1.47016053234e-05, 1.66143490787e-05, 1.22870360428e-05, 8.20494369691e-06, 7.92874743638e-06, 6.65809693601e-06, 3.88252146877e-06, 3.43639385392e-06, 2.81564189208e-06, 2.79504752143e-06, 2.44868692789e-06, 1.32863488034e-06, 1.16881312806e-06, 1.0595290405e-06, 6.75015655816e-07, 3.81854476927e-07, 2.26012755178e-08, 3.01350189247e-09, 2.88989476793e-09, 2.80696332844e-09, 2.73920797156e-09, 2.6830002664e-09, 2.63354094088e-09, 2.59292498583e-09, 2.55795162829e-09, 2.53145193696e-09, 2.51163223552e-09, 2.49957721188e-09]
    },
    "mfcc": {
        "mean": [-664.826660156, 106.503555298, -34.3388938904, -13.6533136368, -9.88588047028, 0.422100752592, -1.43282592297, 8.93994140625, -0.58907520771, 0.812753558159, -1.61749351025, -4.39258146286, -6.71630525589],
        "cov": [[6104.07617188, -436.353302002, 860.862182617, 611.541015625, 496.039093018, 347.800567627, 191.837356567, 210.649002075, 247.780929565, 206.782073975, 280.846740723, 266.312835693, 241.562103271], [-436.353302002, 995.807434082, 389.37020874, 361.696685791, 240.287658691, 68.6413574219, 5.02468395233, -76.8964233398, -81.9160003662, 24.6571865082, -15.1735630035, 2.93359422684, 9.26671981812], [860.862182617, 389.37020874, 3047.08569336, 1312.34643555, 1229.92797852, 594.891479492, 98.8124542236, -35.8106117249, 48.096950531, 48.2284393311, 132.343490601, 217.985137939, 223.723693848], [611.541015625, 361.696685791, 1312.34643555, 933.082702637, 673.314086914, 267.098876953, -28.4111309052, -33.1754188538, 55.1515007019, 45.6613922119, 54.269329071, 121.824356079, 130.64491272], [496.039093018, 240.287658691, 1229.92797852, 673.314086914, 658.020385742, 255.451980591, 20.187543869, -10.1889467239, 43.7499961853, 47.0181083679, 60.4524536133, 101.77280426, 111.624847412], [347.800567627, 68.6413574219, 594.891479492, 267.098876953, 255.451980591, 236.425674438, 103.750022888, 36.9771232605, 26.8495731354, 30.474319458, 42.3069267273, 63.3619689941, 60.3178062439], [191.837356567, 5.02468395233, 98.8124542236, -28.4111309052, 20.187543869, 103.750022888, 178.175689697, 80.4558334351, 16.1932697296, 25.3030872345, 26.2259941101, 24.6303405762, 24.2478046417], [210.649002075, -76.8964233398, -35.8106117249, -33.1754188538, -10.1889467239, 36.9771232605, 80.4558334351, 108.587776184, 49.7957687378, 26.3412399292, 27.1136722565, 20.3588199615, 22.9750785828], [247.780929565, -81.9160003662, 48.096950531, 55.1515007019, 43.7499961853, 26.8495731354, 16.1932697296, 49.7957687378, 95.8065032959, 51.25623703, 32.6985969543, 30.7011013031, 28.946105957], [206.782073975, 24.6571865082, 48.2284393311, 45.6613922119, 47.0181083679, 30.474319458, 25.3030872345, 26.3412399292, 51.25623703, 92.7314071655, 50.015422821, 31.63712883, 27.0879554749], [280.846740723, -15.1735630035, 132.343490601, 54.269329071, 60.4524536133, 42.3069267273, 26.2259941101, 27.1136722565, 32.6985969543, 50.015422821, 92.9405212402, 51.4746437073, 29.7812995911], [266.312835693, 2.93359422684, 217.985137939, 121.824356079, 101.77280426, 63.3619689941, 24.6303405762, 20.3588199615, 30.7011013031, 31.63712883, 51.4746437073, 86.6132583618, 54.0857048035], [241.562103271, 9.26671981812, 223.723693848, 130.64491272, 111.624847412, 60.3178062439, 24.2478046417, 22.9750785828, 28.946105957, 27.0879554749, 29.7812995911, 54.0857048035, 83.3375701904]],
        "icov": [[0.000232228645473, 0.000157779519213, 8.16326210042e-05, -0.000222852730076, -4.30508844147e-05, -7.08925363142e-05, -0.000153887056513, -6.76751878927e-05, -2.3342523491e-05, -9.09476875677e-05, -0.000387264386518, -7.60620387155e-05, -0.000162640310009], [0.000157779519213, 0.00171970343217, 0.000259513908532, -0.00127298128791, -0.000207214412512, 0.000472851330414, -0.00108596740756, 0.000455099856481, 0.00226205727085, -0.00171764672268, 0.000180830218596, 0.000183566735359, 0.00036503263982], [8.16326210042e-05, 0.000259513908532, 0.00179797469173, -0.000540970533621, -0.00232217274606, -0.00142981158569, -0.000535664497875, 0.00103838043287, 0.000319111946737, 0.00103715911973, -0.000976647017524, -8.01537826192e-05, -0.000276252132608], [-0.000222852730076, -0.00127298128791, -0.000540970533621, 0.00591185921803, -0.00348140462302, -0.0016222858103, 0.00299561698921, 0.000201827177079, -0.00243232632056, 0.00109292485286, 0.00132261705585, -0.00144311320037, -0.00116446404718], [-4.30508844147e-05, -0.000207214412512, -0.00232217274606, -0.00348140462302, 0.0099720871076, -0.000888585287612, 0.00075669697253, -0.000772332714405, -4.11439723393e-05, -0.00175769464113, 8.95045523066e-05, 0.000988001702353, -0.000969136774074], [-7.08925363142e-05, 0.000472851330414, -0.00142981158569, -0.0016222858103, -0.000888585287612, 0.0140600539744, -0.00743158347905, 0.000176237590495, 0.000437005364802, -0.000724371755496, 0.000435905443737, -0.0016489335103, 0.000660091638565], [-0.000153887056513, -0.00108596740756, -0.000535664497875, 0.00299561698921, 0.00075669697253, -0.00743158347905, 0.0149519126862, -0.0091587472707, 0.00295820552856, -0.0018443785375, 0.0010986677371, -0.0005511912168, -0.000614349497482], [-6.76751878927e-05, 0.000455099856481, 0.00103838043287, 0.000201827177079, -0.000772332714405, 0.000176237590495, -0.0091587472707, 0.0214378386736, -0.00981287006289, 0.00344301108271, -0.00276217772625, 0.00128355121706, -0.00285349180922], [-2.3342523491e-05, 0.00226205727085, 0.000319111946737, -0.00243232632056, -4.11439723393e-05, 0.000437005364802, 0.00295820552856, -0.00981287006289, 0.0241944566369, -0.0114789213985, 0.00186387193389, -0.00179919681977, 0.000184999691555], [-9.09476875677e-05, -0.00171764672268, 0.00103715911973, 0.00109292485286, -0.00175769464113, -0.000724371755496, -0.0018443785375, 0.00344301108271, -0.0114789213985, 0.0226018745452, -0.0091992225498, 0.00136312213726, -0.00253368495032], [-0.000387264386518, 0.000180830218596, -0.000976647017524, 0.00132261705585, 8.95045523066e-05, 0.000435905443737, 0.0010986677371, -0.00276217772625, 0.00186387193389, -0.0091992225498, 0.0219921972603, -0.0105352606624, 0.00297828274779], [-7.60620387155e-05, 0.000183566735359, -8.01537826192e-05, -0.00144311320037, 0.000988001702353, -0.0016489335103, -0.0005511912168, 0.00128355121706, -0.00179919681977, 0.00136312213726, -0.0105352606624, 0.0275274831802, -0.0115643357858], [-0.000162640310009, 0.00036503263982, -0.000276252132608, -0.00116446404718, -0.000969136774074, 0.000660091638565, -0.000614349497482, -0.00285349180922, 0.000184999691555, -0.00253368495032, 0.00297828274779, -0.0115643357858, 0.0239832550287]]
    },
    "spectral_contrast_coeffs": {
        "max": [-0.419903367758, -0.4907592237, -0.491614103317, -0.611192882061, -0.674802005291, -0.668146193027],
        "mean": [-0.729882955551, -0.753265976906, -0.761444032192, -0.800583541393, -0.79060781002, -0.769069731236],
        "min": [-0.944519639015, -0.966256082058, -0.958886504173, -0.956942439079, -0.93375480175, -0.916605830193],
        "stdev": [0.0864885598421, 0.0658207833767, 0.0687815248966, 0.0477929450572, 0.0332694612443, 0.0362489707768]
    },
    "spectral_contrast_valleys": {
        "max": [-5.14037656784, -4.66885519028, -5.18292379379, -5.8134226799, -5.83863162994, -7.20979356766],
        "mean": [-7.93822526932, -7.09112167358, -6.83660507202, -7.27773666382, -7.76170921326, -10.4647312164],
        "min": [-18.2647514343, -17.6902236938, -17.0339164734, -17.0320072174, -17.2518844604, -18.4410419464],
        "stdev": [1.75123226643, 0.782789826393, 0.93702763319, 0.828632950783, 0.847710549831, 1.10363566875]
    }
},
"rhythm": {
    "beats_count": 59,
    "beats_loudness": {
        "max": 0.110643275082,
        "mean": 0.0293668899685,
        "min": 0.000266337010544,
        "stdev": 0.0257881879807
    },
    "bpm": 125.544891357,
    "bpm_histogram_first_peak_bpm": 126,
    "bpm_histogram_first_peak_weight": 0.529411792755,
    "bpm_histogram_second_peak_bpm": 136,
    "bpm_histogram_second_peak_spread": 0.181818187237,
    "bpm_histogram_second_peak_weight": 0.155172407627,
    "danceability": 0.905099511147,
    "onset_rate": 2.00308871269,
    "beats_loudness_band_ratio": {
        "max": [0.816256165504, 0.683278143406, 0.758972644806, 0.868782579899, 0.267207473516, 0.915544867516],
        "mean": [0.198031201959, 0.118208102882, 0.211993291974, 0.328028738499, 0.0995022654533, 0.0774106755853],
        "min": [2.18780351133e-05, 0.000359961850336, 0.0167220905423, 0.0103910705075, 0.00560614466667, 0.00436784233898],
        "stdev": [0.226988747716, 0.170882731676, 0.147916272283, 0.240324035287, 0.0695183873177, 0.158793672919]
    },
    "beats_position": [0.49922901392, 0.99845802784, 1.48607707024, 1.97369611263, 2.46131515503, 2.93732428551, 3.41333317757, 3.90095233917, 4.37696123123, 4.85297060013, 5.34058952332, 5.81659841537, 6.29260778427, 6.78022670746, 7.25623559952, 7.73224496841, 8.2198638916, 8.6958732605, 9.18349170685, 9.65950107574, 10.1355104446, 10.6115188599, 11.0991382599, 11.5751476288, 12.051156044, 12.5271654129, 13.0031747818, 13.4907932281, 13.9784126282, 14.4892511368, 15.0349206924, 15.5573692322, 16.0798187256, 16.602268219, 17.1247158051, 17.6471652985, 18.1580047607, 18.6688423157, 19.179681778, 19.6789112091, 20.1665306091, 20.6657600403, 21.1301574707, 21.5945568085, 22.0589561462, 22.523355484, 22.9877548218, 23.4521541595, 23.8933334351, 24.3345127106, 24.7756919861, 25.2168693542, 25.6580486298, 26.0992279053, 26.5404071808, 26.9815864563, 27.4227657318, 27.8755550385, 28.3283443451],
