{
"metadata": {
    "version": {
        "essentia": "2.1-beta5",
        "essentia_git_sha": "Undefined",
        "extractor": "music 2.0"
    },
    "audio_properties": {
        "analysis": {
            "equal_loudness": 0,
            "length": 30.8360996246,
            "sample_rate": 44100,
            "start_time": 158.987030029,
            "downmix": "mix"
        },
        "bit_rate": 192000,
        "length": 189.846359253,
        "lossless": 0,
        "number_channels": 2,
        "replay_gain": -9.23514556885,
        "sample_rate": 48000,
        "codec": "mp3",
        "md5_encoded": "9a8c8009085904aab331c8a8eb9de388"
    },
    "tags": {
        "file_name": "BosniaHerzegovina_In The Disco_Deen.mp3",
        "encoding": ["Lavf58.29.100"]
    }
},
"lowlevel": {
    "average_loudness": 0.949508309364,
    "barkbands_crest": {
        "max": 24.7227191925,
        "mean": 10.5710229874,
        "min": 2.97773051262,
        "stdev": 5.04188728333
    },
    "barkbands_flatness_db": {
        "max": 0.270503014326,
        "mean": 0.149249821901,
        "min": 0.025764785707,
        "stdev": 0.0477584302425
    },
    "barkbands_kurtosis": {
        "max": 46.0164833069,
        "mean": 1.43075239658,
        "min": -1.73948931694,
        "stdev": 3.89197874069
    },
    "barkbands_skewness": {
        "max": 6.37129020691,
        "mean": 0.989422380924,
        "min": -1.66524076462,
        "stdev": 1.03243100643
    },
    "barkbands_spread": {
        "max": 84.9321899414,
        "mean": 22.6853981018,
        "min": 2.96378159523,
        "stdev": 12.6153783798
    },
    "dissonance": {
        "max": 0.499999970198,
        "mean": 0.478070735931,
        "min": 0.348901003599,
        "stdev": 0.0197512172163
    },
    "dynamic_complexity": 3.20872402191,
    "erbbands_crest": {
        "max": 25.8981723785,
        "mean": 8.7184419632,
        "min": 2.69528102875,
        "stdev": 3.505245924
    },
    "erbbands_flatness_db": {
        "max": 0.354613423347,
        "mean": 0.192636802793,
        "min": 0.0595381855965,
        "stdev": 0.0729024857283
    },
    "erbbands_kurtosis": {
        "max": 25.6159744263,
        "mean": 0.549956858158,
        "min": -1.67726230621,
        "stdev": 1.7410197258
    },
    "erbbands_skewness": {
        "max": 4.80993080139,
        "mean": 0.00406375341117,
        "min": -2.55133676529,
        "stdev": 0.777453124523
    },
    "erbbands_spread": {
        "max": 78.0225753784,
        "mean": 26.9927406311,
        "min": 5.59031629562,
        "stdev": 13.7714138031
    },
    "hfc": {
        "max": 160.519714355,
        "mean": 18.9600410461,
        "min": 1.04230571196e-06,
        "stdev": 18.2455253601
    },
    "loudness_ebu128": {
        "integrated": -15.6388492584,
        "loudness_range": 3.44833087921,
        "momentary": {
            "max": -10.8637590408,
            "mean": -16.7248420715,
            "min": -38.9041213989,
            "stdev": 3.66307067871
        },
        "short_term": {
            "max": -13.5850505829,
            "mean": -15.8467359543,
            "min": -20.7815647125,
            "stdev": 1.32395112514
        }
    },
    "melbands_crest": {
        "max": 33.9222450256,
        "mean": 14.4165964127,
        "min": 3.80708575249,
        "stdev": 6.64449357986
    },
    "melbands_flatness_db": {
        "max": 0.335301995277,
        "mean": 0.177573025227,
        "min": 0.038558293134,
        "stdev": 0.0480502918363
    },
    "melbands_kurtosis": {
        "max": 118.988723755,
        "mean": 7.13913106918,
        "min": -1.65101575851,
        "stdev": 11.8521060944
    },
    "melbands_skewness": {
        "max": 9.24777126312,
        "mean": 1.95685708523,
        "min": -1.18116366863,
        "stdev": 1.56550621986
    },
    "melbands_spread": {
        "max": 101.123893738,
        "mean": 27.1279678345,
        "min": 2.63307404518,
        "stdev": 14.8853683472
    },
    "pitch_salience": {
        "max": 0.884811758995,
        "mean": 0.554783821106,
        "min": 0.135862216353,
        "stdev": 0.165413051844
    },
    "silence_rate_20dB": {
        "max": 1,
        "mean": 1,
        "min": 1,
        "stdev": 0
    },
    "silence_rate_30dB": {
        "max": 1,
        "mean": 1,
        "min": 1,
        "stdev": 0
    },
    "silence_rate_60dB": {
        "max": 1,
        "mean": 0.0925507918,
        "min": 0,
        "stdev": 0.289801090956
    },
    "spectral_centroid": {
        "max": 2800.43408203,
        "mean": 1817.48876953,
        "min": 651.887268066,
        "stdev": 415.175964355
    },
    "spectral_complexity": {
        "max": 39,
        "mean": 19.0669670105,
        "min": 0,
        "stdev": 7.81756544113
    },
    "spectral_decrease": {
        "max": -1.30535532817e-16,
        "mean": -5.10115816255e-09,
        "min": -3.28720197729e-08,
        "stdev": 4.84961892866e-09
    },
    "spectral_energy": {
        "max": 0.126065120101,
        "mean": 0.0209727007896,
        "min": 5.87211113068e-10,
        "stdev": 0.0194310359657
    },
    "spectral_energyband_high": {
        "max": 0.00267139403149,
        "mean": 0.000356348318746,
        "min": 5.93218321687e-11,
        "stdev": 0.000392113084672
    },
    "spectral_energyband_low": {
        "max": 0.118478871882,
        "mean": 0.00900305900723,
        "min": 3.29055914461e-11,
        "stdev": 0.0137452194467
    },
    "spectral_energyband_middle_high": {
        "max": 0.0647954046726,
        "mean": 0.00703338161111,
        "min": 2.32107680298e-10,
        "stdev": 0.00784933567047
    },
    "spectral_energyband_middle_low": {
        "max": 0.0534739755094,
        "mean": 0.00506069744006,
        "min": 2.41708431048e-10,
        "stdev": 0.00629888800904
    },
    "spectral_entropy": {
        "max": 8.59241485596,
        "mean": 7.69093894958,
        "min": 6.5625910759,
        "stdev": 0.2837279737
    },
    "spectral_flux": {
        "max": 0.278447508812,
        "mean": 0.0846165493131,
        "min": 0.0021050570067,
        "stdev": 0.0435723923147
    },
    "spectral_kurtosis": {
        "max": 21.574464798,
        "mean": 5.88209486008,
        "min": 0.0279221534729,
        "stdev": 2.74332952499
    },
    "spectral_rms": {
        "max": 0.0110901016742,
        "mean": 0.00405803741887,
        "min": 7.56894223741e-07,
        "stdev": 0.00199838029221
    },
    "spectral_rolloff": {
        "max": 11541.796875,
        "mean": 1886.10913086,
        "min": 64.599609375,
        "stdev": 1095.85119629
    },
    "spectral_skewness": {
        "max": 2.68560409546,
        "mean": 1.76562130451,
        "min": 1.01964139938,
        "stdev": 0.277189642191
    },
    "spectral_spread": {
        "max": 13419468,
        "mean": 4017168.25,
        "min": 1887503.125,
        "stdev": 1543492
    },
    "spectral_strongpeak": {
        "max": 11.6421260834,
        "mean": 0.952267587185,
        "min": 0,
        "stdev": 1.36548769474
    },
    "zerocrossingrate": {
        "max": 0.279296875,
        "mean": 0.0728696361184,
        "min": 0.01318359375,
        "stdev": 0.0291359238327
    },
    "barkbands": {
        "max": [0.00525648612529, 0.110146820545, 0.0314522981644, 0.0319835469127, 0.0104737365618, 0.0285744592547, 0.0116021605209, 0.0251376852393, 0.0408592447639, 0.0350182764232, 0.0355479046702, 0.0127597227693, 0.0405907258391, 0.0137998601422, 0.0403129830956, 0.017896136269, 0.00812618434429, 0.0304851513356, 0.00571064464748, 0.00199056579731, 0.000793293002062, 0.000500920286868, 0.000541133689694, 0.000472610321594, 0.00107849412598, 0.000486502685817, 1.98505517801e-06],
        "mean": [0.000261059904005, 0.00719051063061, 0.00124649191275, 0.000513984414283, 0.000454025081126, 0.000662091595586, 0.000365673506167, 0.000499789079186, 0.00216910080053, 0.000939517107327, 0.000731449108571, 0.000508597528096, 0.000987556530163, 0.000561567139812, 0.000715935777407, 0.000725714373402, 0.000614631106146, 0.00095223961398, 0.00045435060747, 0.000103511687485, 5.63622743357e-05, 6.89276494086e-05, 5.0130100135e-05, 5.31832920387e-05, 6.19138518232e-05, 2.4330765882e-05, 3.53613067716e-08],
        "min": [4.17840935463e-11, 1.84344241261e-11, 2.4215529755e-12, 4.99859442032e-12, 1.2942823896e-11, 4.64501909159e-11, 6.65221350227e-11, 4.05955755123e-11, 5.19887050077e-11, 5.31921000302e-11, 1.86705061134e-11, 1.11162121175e-11, 2.19042700644e-11, 1.82570694673e-11, 4.9742515662e-11, 2.51204473889e-11, 1.99043732885e-11, 1.19300645751e-11, 7.69818236934e-12, 1.19313760261e-11, 1.17602420857e-11, 4.67853186747e-12, 6.11605167553e-12, 7.76197682517e-12, 6.11371543668e-12, 7.3084351071e-12, 7.79658542588e-12],
        "stdev": [0.000531338562723, 0.0116465603933, 0.00359929795377, 0.00216465862468, 0.000915432232432, 0.00143328704871, 0.000812078127638, 0.00133556837682, 0.00391618395224, 0.00203685741872, 0.0018809348112, 0.000985632301308, 0.00289208837785, 0.00111103616655, 0.00160221522674, 0.00125756813213, 0.000929616566282, 0.00213839695789, 0.000726695347112, 0.000179411144927, 7.53593121772e-05, 7.61422052165e-05, 6.69362198096e-05, 6.52037124382e-05, 9.00770464796e-05, 4.36354785052e-05, 1.12178014433e-07]
    },
    "erbbands": {
        "max": [3.67348766327, 22.8416080475, 39.6196022034, 89.7850265503, 52.4081916809, 28.3845462799, 65.6943435669, 333.712432861, 89.163772583, 235.685455322, 1033.88232422, 644.161743164, 1311.4675293, 654.795715332, 1057.26489258, 456.703308105, 1313.87268066, 1054.80700684, 758.338012695, 2100.32739258, 978.007019043, 642.953674316, 1373.20568848, 812.251159668, 234.090301514, 96.5974349976, 59.0317840576, 18.222864151, 18.0160732269, 19.7963104248, 15.0463457108, 11.4315452576, 8.92156410217, 10.7995386124, 7.79736328125, 2.40433049202, 1.59950435162, 0.0712594687939, 0.00143209844828, 0.000150556152221],
        "mean": [0.221530660987, 1.5374802351, 1.69701802731, 1.81209671497, 1.36478233337, 1.42098891735, 2.79849624634, 6.61360883713, 4.9512591362, 6.75277996063, 17.255405426, 45.1266326904, 44.5498695374, 27.9669742584, 27.0935382843, 21.0190162659, 39.8955001831, 34.611328125, 32.0112457275, 40.1349716187, 41.5334625244, 35.380531311, 50.4114456177, 36.7407150269, 14.6891345978, 4.97727203369, 2.61736631393, 2.15909051895, 2.42739415169, 1.91007101536, 1.42881536484, 1.25433349609, 0.827830910683, 0.711238145828, 0.410925328732, 0.15842781961, 0.0358749814332, 0.00279089412652, 7.06652426743e-05, 2.89965937554e-05],
        "min": [7.78874242879e-10, 3.6067093756e-09, 3.33131611185e-09, 9.70826352642e-09, 1.77110592858e-08, 5.06407467071e-08, 1.99210376195e-07, 4.19614082148e-07, 8.1123715745e-07, 1.01813839137e-06, 8.95954997304e-07, 1.10581265744e-06, 1.67716689248e-06, 1.42392923408e-06, 4.60057094642e-07, 6.13509882896e-07, 1.0137633808e-06, 8.14776058178e-07, 1.99044279725e-06, 2.28095336752e-06, 1.37699191782e-06, 1.06662525923e-06, 7.49599507799e-07, 3.94065068576e-07, 3.93595882997e-07, 6.16729835201e-07, 5.42458280961e-07, 3.47337476114e-07, 1.80032188268e-07, 1.56769331738e-07, 1.87346955727e-07, 1.93310256691e-07, 9.60200097211e-08, 5.83428843015e-08, 4.97518684028e-08, 3.55498421811e-08, 1.1419817092e-08, 5.44325029495e-09, 1.09730780018e-09, 9.7387722886e-11],
        "stdev": [0.377191781998, 2.55857634544, 3.54134345055, 6.67697095871, 4.2742228508, 2.65584135056, 5.54297924042, 15.74122715, 9.4881029129, 14.8986768723, 51.4272384644, 78.7729873657, 91.8853302002, 54.3693199158, 56.3504447937, 39.5826416016, 106.273300171, 80.6203765869, 59.7007255554, 84.3539276123, 72.7802886963, 51.8099822998, 106.658889771, 61.4285621643, 25.3434143066, 8.19560813904, 3.86413264275, 2.64405250549, 2.62354660034, 2.40473651886, 1.91810619831, 1.58041489124, 1.04161334038, 1.0259604454, 0.628438293934, 0.264980345964, 0.0774244144559, 0.00519408099353, 0.000105811355752, 2.4642853532e-05]
    },
    "gfcc": {
        "mean": [-29.1157245636, 56.0051498413, -161.283111572, 12.0456609726, -58.4914169312, 17.8821792603, -41.9473800659, 26.3866844177, -18.4982376099, 2.12822318077, -15.2884511948, 5.07914972305, -9.74353027344],
        "cov": [[5892.06298828, 1001.58349609, 2706.24926758, 1589.8013916, 841.59942627, 593.748779297, 83.8942260742, 534.44720459, 131.42338562, 460.613952637, 149.008178711, 170.941207886, -156.645736694], [1001.58349609, 1104.35571289, 1302.60791016, 883.113037109, 528.129089355, 338.403076172, 169.692367554, 130.971511841, 140.192153931, 175.429733276, 116.375244141, 24.0114002228, -31.6789455414], [2706.24926758, 1302.60791016, 3198.33178711, 1737.19592285, 931.23614502, 637.034973145, 12.3797121048, 359.777099609, 147.472961426, 509.31451416, 102.005340576, 231.693832397, -93.8654251099], [1589.8013916, 883.113037109, 1737.19592285, 1237.79309082, 641.93157959, 357.996002197, 41.3796195984, 246.627731323, 183.058288574, 246.926834106, 84.5121536255, 101.084442139, -22.2841644287], [841.59942627, 528.129089355, 931.23614502, 641.93157959, 475.272491455, 257.746429443, 77.4404907227, 154.821502686, 101.981903076, 147.363479614, 64.9222412109, 56.9773025513, -16.9284915924], [593.748779297, 338.403076172, 637.034973145, 357.996002197, 257.746429443, 339.422393799, 177.391281128, 66.0520324707, -5.85922050476, 118.11138916, 50.4232215881, 5.30258178711, -48.6996498108], [83.8942260742, 169.692367554, 12.3797121048, 41.3796195984, 77.4404907227, 177.391281128, 248.156860352, 40.846622467, 1.84461796284, 3.62417149544, 38.4144668579, -52.5020751953, -30.3180389404], [534.44720459, 130.971511841, 359.777099609, 246.627731323, 154.821502686, 66.0520324707, 40.846622467, 170.467071533, 94.2964706421, 55.1758995056, 17.4042930603, 22.9170398712, -9.87160301208], [131.42338562, 140.192153931, 147.472961426, 183.058288574, 101.981903076, -5.85922050476, 1.84461796284, 94.2964706421, 164.182312012, 34.6434211731, 8.90932941437, 9.32688617706, 27.5239086151], [460.613952637, 175.429733276, 509.31451416, 246.926834106, 147.363479614, 118.11138916, 3.62417149544, 55.1758995056, 34.6434211731, 160.384384155, 57.6132354736, 56.3748397827, -10.5312328339], [149.008178711, 116.375244141, 102.005340576, 84.5121536255, 64.9222412109, 50.4232215881, 38.4144668579, 17.4042930603, 8.90932941437, 57.6132354736, 105.017211914, 39.5406112671, 7.82414674759], [170.941207886, 24.0114002228, 231.693832397, 101.084442139, 56.9773025513, 5.30258178711, -52.5020751953, 22.9170398712, 9.32688617706, 56.3748397827, 39.5406112671, 104.982246399, 28.2521934509], [-156.645736694, -31.6789455414, -93.8654251099, -22.2841644287, -16.9284915924, -48.6996498108, -30.3180389404, -9.87160301208, 27.5239086151, -10.5312328339, 7.82414674759, 28.2521934509, 62.7520599365]],
        "icov": [[0.000356331263902, -7.72982821218e-05, 3.13696400553e-05, -0.000306915811962, 0.000218471541302, -0.000202958646696, 0.000276733859209, -0.00103073986247, 0.00055039441213, -0.00033054445521, -5.15604915563e-05, -3.75078379875e-05, 0.000387821695767], [-7.72982821218e-05, 0.0054182484746, -0.0034506781958, 0.000278028630419, -0.00267195794731, 0.00300167757086, -0.0041349385865, 0.0060485820286, -0.00420239660889, 0.0044402461499, -0.00576411886141, 0.00448510516435, -0.000670264591463], [3.13696400553e-05, -0.0034506781958, 0.00584303820506, -0.00396564463153, 0.00184256420471, -0.00351919839159, 0.00350763974711, -0.00519264163449, 0.0048186480999, -0.00742632802576, 0.00720899924636, -0.00619362806901, 0.00284172827378], [-0.000306915811962, 0.000278028630419, -0.00396564463153, 0.00762225687504, -0.00360299553722, 5.34077516932e-05, 0.000708809646312, 0.0016704571899, -0.00426558451727, 0.0050269337371, -0.0040892129764, 0.00371787813492, -0.0026255948469], [0.000218471541302, -0.00267195794731, 0.00184256420471, -0.00360299553722, 0.0105933817104, -0.00540379760787, 0.00282771023922, -0.00530306715518, 0.00111113616731, -0.0017190790968, 0.00165420619305, -0.0031241774559, 0.000293603137834], [-0.000202958646696, 0.00300167757086, -0.00351919839159, 5.34077516932e-05, -0.00540379760787, 0.0173247680068, -0.0127330068499, 0.00672466540709, 0.00125061173458, -0.0023214998655, -0.00109460868407, 0.00299233524129, 0.000508130004164], [0.000276733859209, -0.0041349385865, 0.00350763974711, 0.000708809646312, 0.00282771023922, -0.0127330068499, 0.0166211407632, -0.009053343907, 0.00198726099916, 0.000497063621879, -0.000955533934757, 0.00129397469573, 0.000337540608598], [-0.00103073986247, 0.0060485820286, -0.00519264163449, 0.0016704571899, -0.00530306715518, 0.00672466540709, -0.009053343907, 0.0225697904825, -0.0125592434779, 0.00677410326898, -0.00555361108854, 0.00208134856075, 0.00267197540961], [0.00055039441213, -0.00420239660889, 0.0048186480999, -0.00426558451727, 0.00111113616731, 0.00125061173458, 0.00198726099916, -0.0125592434779, 0.0188797563314, -0.010111797601, 0.00741692539304, -0.00102351384703, -0.00524167483672], [-0.00033054445521, 0.0044402461499, -0.00742632802576, 0.0050269337371, -0.0017190790968, -0.0023214998655, 0.000497063621879, 0.00677410326898, -0.010111797601, 0.0252965576947, -0.0148647353053, 0.00381913292222, -5.19790664839e-05], [-5.15604915563e-05, -0.00576411886141, 0.00720899924636, -0.0040892129764, 0.00165420619305, -0.00109460868407, -0.000955533934757, -0.00555361108854, 0.00741692539304, -0.0148647353053, 0.0254930406809, -0.0134042697027, 0.00166254758369], [-3.75078379875e-05, 0.00448510516435, -0.00619362806901, 0.00371787813492, -0.0031241774559, 0.00299233524129, 0.00129397469573, 0.00208134856075, -0.00102351384703, 0.00381913292222, -0.0134042697027, 0.0268901921809, -0.0126869669184], [0.000387821695767, -0.000670264591463, 0.00284172827378, -0.0026255948469, 0.000293603137834, 0.000508130004164, 0.000337540608598, 0.00267197540961, -0.00524167483672, -5.19790664839e-05, 0.00166254758369, -0.0126869669184, 0.028735710308]]
    },
    "melbands": {
        "max": [0.0319184884429, 0.0191432237625, 0.0139236832038, 0.00270032626577, 0.00195026013535, 0.00657195458189, 0.0016020280309, 0.00213747797534, 0.0102924481034, 0.00556652573869, 0.00661683129147, 0.00241060648113, 0.00501591945067, 0.00171170767862, 0.0013250883203, 0.00517587130889, 0.00163222663105, 0.0015293455217, 0.00408306950703, 0.00103461218532, 0.00109070469625, 0.000474599335575, 0.00261937687173, 0.00165317347273, 0.0005354314344, 0.000301964959363, 9.45536739891e-05, 4.92530743941e-05, 4.92885083077e-05, 1.48343760884e-05, 1.11740191642e-05, 9.60551096796e-06, 1.41718101077e-05, 1.18024472613e-05, 8.52815901453e-06, 9.27402197703e-06, 7.98441124061e-06, 5.669249731e-06, 9.6829062386e-06, 1.23124391394e-05],
        "mean": [0.00204724445939, 0.0012612574501, 0.000293641147437, 9.40974787227e-05, 9.3021801149e-05, 0.000139661759022, 7.84430012573e-05, 7.27699152776e-05, 0.000162384574651, 0.000311842071824, 0.000219121182454, 0.000109745888039, 9.56541625783e-05, 6.12011863268e-05, 5.22090958839e-05, 0.000113721493108, 5.50497497898e-05, 4.9589718401e-05, 5.99078157393e-05, 4.66338788101e-05, 4.87349752802e-05, 3.42072271451e-05, 4.42043237854e-05, 4.59083785245e-05, 2.86333470285e-05, 1.4897179426e-05, 5.23561175214e-06, 2.70973896477e-06, 1.69755730894e-06, 1.25503299842e-06, 1.25481619762e-06, 1.28109616071e-06, 1.51293454564e-06, 8.7247360625e-07, 7.77465857027e-07, 8.470872217e-07, 7.47368062548e-07, 5.77682897074e-07, 5.65143579934e-07, 6.05097511652e-07],
        "min": [7.57408198659e-12, 2.554012557e-12, 1.85884489225e-12, 2.44861661329e-12, 5.86304832809e-12, 9.79450114763e-12, 1.27580472228e-11, 1.07906314092e-11, 7.17276325141e-12, 7.27419383409e-12, 8.4373515119e-12, 6.00129451342e-12, 1.93694019157e-12, 9.43029508649e-13, 2.46871750473e-12, 1.87079995592e-12, 1.44034903362e-12, 2.92760130374e-12, 3.78447620464e-12, 2.1372474103e-12, 1.57896579926e-12, 1.24604146445e-12, 7.02459466463e-13, 5.40347551859e-13, 2.96682275101e-13, 2.52839876856e-13, 3.31599033171e-13, 4.45806369251e-13, 3.26489052807e-13, 3.04820377923e-13, 1.72624230448e-13, 1.07850631637e-13, 7.68869085695e-14, 9.0333604041e-14, 1.02225546821e-13, 1.22548130498e-13, 1.17006176883e-13, 7.94150037614e-14, 4.15712115339e-14, 5.21664315749e-14],
        "stdev": [0.00333780772053, 0.00207870802842, 0.00102958572097, 0.000214675761526, 0.000176039524376, 0.000318910111673, 0.000152361026267, 0.000152065302245, 0.000513924285769, 0.000561724184081, 0.000462491851067, 0.000219734836719, 0.000240253197262, 0.000116314542538, 0.000105507577246, 0.000355088530341, 0.000127164792502, 0.000115498318337, 0.000157835951541, 7.8144359577e-05, 9.14323900361e-05, 5.15355204698e-05, 0.000118534357171, 9.95500740828e-05, 4.76248387713e-05, 2.73185760307e-05, 9.70135624812e-06, 4.79864820591e-06, 2.83238341581e-06, 1.75016134563e-06, 1.56870453338e-06, 1.39381188546e-06, 1.85377325579e-06, 1.17715967463e-06, 1.07272035166e-06, 1.14584599942e-06, 9.53255096192e-07, 7.1888155162e-07, 8.08286245046e-07, 9.33104445267e-07]
    },
    "melbands128": {
        "max": [0.00446043908596, 0.0304305441678, 0.0501610599458, 0.0335460975766, 0.0244154334068, 0.016270102933, 0.0209486596286, 0.0129768177867, 0.0047500366345, 0.00280326209031, 0.00171082955785, 0.00234551052563, 0.00287784729153, 0.00598977552727, 0.0125830415636, 0.00471138348803, 0.00222434708849, 0.00211568525992, 0.00468080444261, 0.00419148942456, 0.00267436658032, 0.0042664995417, 0.0185954850167, 0.014456614852, 0.00493415258825, 0.0116684716195, 0.0118485270068, 0.0127547327429, 0.00382129172795, 0.00472228741273, 0.00411130767316, 0.00978156365454, 0.00664601707831, 0.00260832090862, 0.00201562978327, 0.00248310831375, 0.00229843147099, 0.00226518907584, 0.00278871599585, 0.00396385695785, 0.0113780694082, 0.00754770403728, 0.00151365110651, 0.00150056742132, 0.00265812291764, 0.00327893462963, 0.000770529790316, 0.00348978489637, 0.00844902917743, 0.00142335763667, 0.000840974564198, 0.00392013648525, 0.00133994407952, 0.00211843638681, 0.00137575308327, 0.000842863635626, 0.000768129422795, 0.00249075563625, 0.0046226750128, 0.00172572035808, 0.00199262355454, 0.00272566312924, 0.000662440550514, 0.000400404067477, 0.000785792479292, 0.000601340609137, 0.000412481836975, 0.000207760036574, 0.000201372546144, 0.000214705214603, 8.78269347595e-05, 3.86063511542e-05, 7.5314710557e-05, 6.58853969071e-05, 2.69165338977e-05, 2.4593751732e-05, 1.65503570315e-05, 2.61329350906e-05, 1.92265306396e-05, 1.75695131475e-05, 1.14572394523e-05, 1.45298818097e-05, 2.38208667724e-05, 2.13891398744e-05, 1.27333505588e-05, 1.31165024868e-05, 1.30512507894e-05, 1.22383207781e-05, 8.97687732504e-06, 1.32521890919e-05, 1.38845043693e-05, 9.50872345129e-06, 1.11839863166e-05, 1.1179887224e-05, 1.06852585304e-05, 5.33845741302e-06, 6.78851574776e-06, 5.57251814826e-06, 1.29486279548e-05, 1.00416727946e-05, 1.00329580164e-05, 1.46413603943e-05, 2.08593664865e-05, 1.49313673319e-05, 7.34677360015e-06, 7.53733820602e-06, 1.49776251419e-05, 8.26920586405e-06, 5.92417154621e-06, 4.43076805823e-06, 5.80558025831e-06, 3.60217654816e-06, 1.56606784003e-05, 2.40874032897e-06, 9.37199445161e-07, 5.07308868691e-07, 7.21099411294e-08, 1.84589710184e-09, 1.97846072858e-09, 2.0548551749e-09, 2.08584194361e-09, 2.09949235774e-09, 2.11360196012e-09, 2.10972173065e-09, 2.10188333405e-09, 2.09826511721e-09, 2.09613371105e-09, 2.0943657919e-09],
        "mean": [0.000227452357649, 0.00157969479915, 0.0031775473617, 0.00231057964265, 0.00103491544724, 0.000592367607169, 0.000393798603909, 0.000209823221667, 0.000126846774947, 8.69274881552e-05, 7.00549426256e-05, 8.72922682902e-05, 8.9325440058e-05, 0.000106501785922, 0.00017394059978, 0.000150676263729, 7.40109026083e-05, 6.26729015494e-05, 8.4938154032e-05, 7.45356082916e-05, 6.17236946709e-05, 8.1772217527e-05, 0.000193000742001, 0.000215626816498, 0.000250305631198, 0.000401430210331, 0.000346428423654, 0.000189407641301, 0.000122155965073, 0.000105086372059, 0.000103492668131, 0.000122125231428, 9.00588202057e-05, 9.03935579117e-05, 6.5894848376e-05, 5.13316408615e-05, 5.19965760759e-05, 5.3029958508e-05, 4.54626024293e-05, 9.0217210527e-05, 0.000162276119227, 9.15676137083e-05, 4.00728313252e-05, 4.56020898127e-05, 5.46587980352e-05, 5.46603187104e-05, 3.33149910148e-05, 6.69228538754e-05, 7.13455301593e-05, 4.47581951448e-05, 3.8690322981e-05, 5.50778750039e-05, 5.21295769431e-05, 4.63425167254e-05, 3.87003237847e-05, 3.31143419317e-05, 2.57122501353e-05, 4.80442940898e-05, 4.65442353743e-05, 4.75316992379e-05, 4.52285312349e-05, 4.98655317642e-05, 3.07186091959e-05, 2.22889630095e-05, 2.40391491388e-05, 1.59207138495e-05, 9.58793498285e-06, 5.20733101439e-06, 5.13537179359e-06, 3.6556368741e-06, 2.76793230114e-06, 2.14792339648e-06, 1.84819123206e-06, 1.75290779225e-06, 1.30234820972e-06, 1.3398637293e-06, 1.180410095e-06, 1.10422558919e-06, 1.42664998748e-06, 1.20849585983e-06, 1.14100066639e-06, 1.36926587402e-06, 1.44332113905e-06, 1.88799299394e-06, 1.15868272133e-06, 9.36141930197e-07, 7.46990792777e-07, 7.64489186622e-07, 7.20146999811e-07, 8.18759758658e-07, 9.59974727266e-07, 8.16387000668e-07, 7.54433131078e-07, 7.81693131557e-07, 7.3562534908e-07, 6.10325230355e-07, 5.45051022982e-07, 5.16152226737e-07, 5.09867504661e-07, 6.0787874645e-07, 7.04269382368e-07, 5.74364150907e-07, 5.42371253687e-07, 5.34166076704e-07, 4.42648286025e-07, 4.34534683791e-07, 4.24621305228e-07, 3.31671259346e-07, 2.67008033461e-07, 2.04120937042e-07, 1.57150680025e-07, 1.329175916e-07, 1.15559352309e-07, 7.39759116186e-08, 4.98348988742e-08, 2.73407660956e-08, 1.76008319031e-09, 5.53135228593e-12, 4.56441525201e-12, 4.53365860478e-12, 4.48013848242e-12, 4.42975994427e-12, 4.37783750223e-12, 4.32156220531e-12, 4.24793967363e-12, 4.16253967059e-12, 4.11108647125e-12, 4.09176208541e-12],
        "min": [9.69407800561e-12, 6.45224542198e-12, 9.70716302479e-12, 4.22968431113e-12, 1.7715753994e-12, 9.64503650558e-13, 1.89654086706e-12, 2.58240347509e-12, 9.02575215088e-13, 3.14603443123e-12, 2.26141718199e-12, 3.60705215696e-12, 6.85709258472e-12, 9.08473730271e-12, 8.17112610213e-12, 1.05282466772e-11, 1.35491635272e-11, 1.21100933101e-11, 1.38643116085e-11, 1.17659744794e-11, 9.21069470694e-12, 7.97805745079e-12, 6.522183401e-12, 7.08777914832e-12, 6.40196142626e-12, 7.26027397924e-12, 9.30779672087e-12, 8.79075284788e-12, 7.62349905425e-12, 7.10779352042e-12, 5.62453989633e-12, 3.48292640388e-12, 1.8096230894e-12, 8.14132344439e-13, 1.64104976353e-13, 1.31876215677e-12, 1.54142237169e-12, 2.70068993211e-12, 3.08370061257e-12, 2.02931421667e-12, 1.87241108035e-12, 1.03900145865e-12, 1.235696441e-12, 1.52111786708e-12, 2.41292099148e-12, 3.16387215905e-12, 3.64932086286e-12, 3.84146880972e-12, 4.28105771319e-12, 2.70939217242e-12, 1.95107428477e-12, 1.22780420813e-12, 1.54310494504e-12, 1.65988728838e-12, 1.82015318616e-12, 1.34107362802e-12, 6.1736813578e-13, 6.14192670247e-13, 7.59304945308e-13, 8.47862632967e-13, 5.79790230583e-13, 2.88117972405e-13, 2.11288926351e-13, 3.44915204254e-13, 3.56072783021e-13, 2.05276618728e-13, 1.72733978813e-13, 4.14623088467e-13, 3.56231239168e-13, 2.33165862919e-13, 4.87880840328e-13, 6.47280297937e-13, 1.75721836713e-13, 3.32457070771e-13, 3.75832123669e-13, 3.3724010997e-13, 2.73599095853e-13, 1.49025824775e-13, 2.05992991761e-13, 1.3873391368e-13, 1.22910701257e-13, 9.25450173309e-14, 6.34916110572e-14, 8.52558380338e-14, 7.41571382209e-14, 8.79282947451e-14, 9.89051844439e-14, 8.82451460537e-14, 9.46769992591e-14, 1.29012591083e-13, 8.9455007258e-14, 1.39304678361e-13, 1.47365518226e-13, 9.12872140618e-14, 1.14131306402e-13, 1.38145205453e-13, 4.5560519875e-14, 4.47159907572e-14, 3.39339830107e-14, 5.65753227686e-14, 3.00943792727e-14, 6.06938205749e-14, 6.52861553881e-14, 3.35720085629e-14, 7.06155579432e-14, 5.41535911979e-14, 5.53035536203e-14, 5.21771922814e-14, 7.92879488194e-14, 5.71317149947e-14, 6.47566784809e-14, 3.37747272641e-14, 2.98352346247e-14, 2.69472673207e-14, 2.54192063313e-14, 4.65859786186e-14, 6.32813571509e-14, 3.44149994689e-14, 2.7286681893e-14, 4.07327031262e-14, 2.44514847416e-14, 3.40056081167e-14, 5.14487710518e-14, 3.13096242184e-14, 1.71970202428e-14, 9.85440671934e-15, 1.58632245658e-15, 1.157869422e-16],
        "stdev": [0.000477311667055, 0.00294871581718, 0.00538426451385, 0.00398456165567, 0.00196991628036, 0.00188208534382, 0.00155725365039, 0.000892439100426, 0.000397598923882, 0.000202623399673, 0.000139317999128, 0.000189296464669, 0.000211258942727, 0.000281817134237, 0.000512855651323, 0.000377409829525, 0.000172710875631, 0.000159088944201, 0.000249331234954, 0.000221964204684, 0.000140883712447, 0.000222245624173, 0.000834840990137, 0.000718736788258, 0.000544759852346, 0.00100757007021, 0.000995509675704, 0.000603629741818, 0.000294457335258, 0.000286412483547, 0.000270739401458, 0.000478569621919, 0.000300686020637, 0.000207772682188, 0.000145182857523, 0.000151878892211, 0.000152093867655, 0.000133963039843, 0.000147956525325, 0.00030814576894, 0.000605387846008, 0.000461811490823, 0.000100399731309, 0.000119729535072, 0.000163838121807, 0.000186874822248, 6.29942514934e-05, 0.000195046653971, 0.000281997519778, 0.000113805785077, 8.14496888779e-05, 0.000169548657141, 0.00012403583969, 0.000125925886096, 9.5500923635e-05, 7.07251019776e-05, 4.84642368974e-05, 0.000144675199408, 0.000199631060241, 0.000136544302222, 0.000133927052957, 0.000163764125318, 6.38466954115e-05, 4.33233071817e-05, 5.77316277486e-05, 3.8577018131e-05, 2.8889035093e-05, 1.37096685648e-05, 1.2747314031e-05, 1.11868557724e-05, 6.51331174595e-06, 3.50900904778e-06, 3.79373864234e-06, 3.62029504686e-06, 1.97687472792e-06, 2.18451418732e-06, 1.83392012332e-06, 1.62059757258e-06, 2.22086941903e-06, 1.5760150518e-06, 1.38684117701e-06, 1.78580592092e-06, 1.84407247161e-06, 2.66170127361e-06, 1.64739310549e-06, 1.38720986342e-06, 1.04639354959e-06, 1.22391736568e-06, 1.02864078144e-06, 1.28006763589e-06, 1.46170020798e-06, 1.16202704703e-06, 1.07699122509e-06, 1.14654756089e-06, 9.76357114268e-07, 7.98815051439e-07, 7.68534391682e-07, 7.87576709627e-07, 8.49712762374e-07, 9.65140316112e-07, 1.09237828383e-06, 1.0249988236e-06, 1.02670389879e-06, 9.40229028856e-07, 7.27700808056e-07, 6.88039733632e-07, 8.34652610138e-07, 6.01310887305e-07, 5.09124731707e-07, 3.97594362767e-07, 3.35832964993e-07, 2.78363643247e-07, 4.83092719605e-07, 1.54900362759e-07, 9.89579049815e-08, 5.13434947891e-08, 4.35762714801e-09, 5.09286293693e-11, 5.44248431045e-11, 5.64984482809e-11, 5.73350394939e-11, 5.76998102075e-11, 5.80785003423e-11, 5.79669923173e-11, 5.77488681874e-11, 5.7647657481e-11, 5.75875250264e-11, 5.75375441736e-11]
    },
    "mfcc": {
        "mean": [-659.938293457, 93.3628692627, -41.4631271362, -3.23347306252, 2.23042201996, -9.67097187042, -5.35322761536, 12.9015226364, 2.44583082199, 3.08410310745, 6.45758104324, -2.97133898735, -2.85958242416],
        "cov": [[4258.98291016, 414.838562012, 1500.71740723, 974.706604004, 817.227294922, 320.410919189, 370.893798828, 226.530548096, 158.706680298, 240.099075317, 326.872680664, 184.946044922, 173.365692139], [414.838562012, 640.309020996, 727.36340332, 476.771606445, 386.545349121, 306.911651611, 217.447555542, 93.0294036865, 75.8908004761, 98.1926193237, 132.895492554, 126.808029175, 95.7486114502], [1500.71740723, 727.36340332, 2171.27832031, 1233.3996582, 1052.4354248, 597.792236328, 364.293121338, 135.371810913, 202.952697754, 178.458694458, 233.849960327, 293.265808105, 276.237579346], [974.706604004, 476.771606445, 1233.3996582, 976.486938477, 780.443847656, 328.717041016, 161.047332764, 144.071487427, 170.502197266, 145.272537231, 157.435546875, 180.577835083, 180.947525024], [817.227294922, 386.545349121, 1052.4354248, 780.443847656, 753.036132812, 289.097351074, 128.869888306, 110.399864197, 142.985427856, 109.508262634, 139.942825317, 143.561187744, 164.753494263], [320.410919189, 306.911651611, 597.792236328, 328.717041016, 289.097351074, 368.955078125, 250.858322144, 68.782875061, 64.9175643921, 81.6549682617, 98.3563537598, 103.476821899, 61.7814369202], [370.893798828, 217.447555542, 364.293121338, 161.047332764, 128.869888306, 250.858322144, 315.382232666, 89.1392593384, 14.0435066223, 79.0394134521, 112.680160522, 54.9122276306, 14.6756162643], [226.530548096, 93.0294036865, 135.371810913, 144.071487427, 110.399864197, 68.782875061, 89.1392593384, 139.300552368, 69.4253158569, 57.3396034241, 64.1243286133, 28.3389377594, 6.59630393982], [158.706680298, 75.8908004761, 202.952697754, 170.502197266, 142.985427856, 64.9175643921, 14.0435066223, 69.4253158569, 128.161239624, 67.6041793823, 31.3547916412, 43.0226173401, 32.3139572144], [240.099075317, 98.1926193237, 178.458694458, 145.272537231, 109.508262634, 81.6549682617, 79.0394134521, 57.3396034241, 67.6041793823, 118.117668152, 80.8059082031, 31.949224472, 5.69581270218], [326.872680664, 132.895492554, 233.849960327, 157.435546875, 139.942825317, 98.3563537598, 112.680160522, 64.1243286133, 31.3547916412, 80.8059082031, 134.299499512, 49.5843429565, 13.3407821655], [184.946044922, 126.808029175, 293.265808105, 180.577835083, 143.561187744, 103.476821899, 54.9122276306, 28.3389377594, 43.0226173401, 31.949224472, 49.5843429565, 110.270378113, 75.7419052124], [173.365692139, 95.7486114502, 276.237579346, 180.947525024, 164.753494263, 61.7814369202, 14.6756162643, 6.59630393982, 32.3139572144, 5.69581270218, 13.3407821655, 75.7419052124, 129.614639282]],
        "icov": [[0.000377547432436, 0.000154106979608, -0.000217596490984, -0.000137614828418, -4.58036520286e-05, 0.00043187403935, -0.000359596480848, -0.000114857975859, 6.0959962866e-05, -0.000142292003147, -0.000410128239309, 0.00013291752839, -0.000108443382487], [0.000154106979608, 0.00330177089199, -0.000215704829316, -0.00102054746822, 0.000318535952829, -0.00128918373957, -0.000286324997433, -0.000314195785904, 0.000500040536281, -2.59627649939e-05, -0.00103578786366, -0.000262267451035, -0.000366400257917], [-0.000217596490984, -0.000215704829316, 0.0027828051243, -0.00196465430781, -0.000999633222818, -0.000677857547998, -0.0015108876396, 0.00230914913118, -0.0011814936297, 0.00117721955758, -5.44464382983e-05, -0.00125534948893, -0.000108343992906], [-0.000137614828418, -0.00102054746822, -0.00196465430781, 0.00905163493007, -0.00595276476815, 0.000503690098412, 0.00171204737853, -0.0033492250368, 0.00169491977431, -0.00364451343194, 0.00264157773927, -0.00198975671083, 0.000420149357524], [-4.58036520286e-05, 0.000318535952829, -0.000999633222818, -0.00595276476815, 0.0100331101567, -0.00257932278328, 0.00245187757537, -0.000208499564906, -0.00155561266001, 0.00249252305366, -0.00449799513444, 0.00459910277277, -0.00347024388611], [0.00043187403935, -0.00128918373957, -0.000677857547998, 0.000503690098412, -0.00257932278328, 0.0120068192482, -0.00858069583774, 0.00303994677961, -0.00311728916131, 9.88316314761e-05, 0.00248324079439, -0.00436702044681, 0.00255765253678], [-0.000359596480848, -0.000286324997433, -0.0015108876396, 0.00171204737853, 0.00245187757537, -0.00858069583774, 0.013664348051, -0.0069766594097, 0.00654758699238, -0.00329746911302, -0.00305210612714, 0.00280474242754, -0.00150851660874], [-0.000114857975859, -0.000314195785904, 0.00230914913118, -0.0033492250368, -0.000208499564906, 0.00303994677961, -0.0069766594097, 0.01717479527, -0.010334616527, 0.00423690956086, -0.00409400044009, -0.000224615127081, 0.00181492988486], [6.0959962866e-05, 0.000500040536281, -0.0011814936297, 0.00169491977431, -0.00155561266001, -0.00311728916131, 0.00654758699238, -0.010334616527, 0.0214463919401, -0.0124197127298, 0.00648577651009, -0.00320637761615, -0.000646123895422], [-0.000142292003147, -2.59627649939e-05, 0.00117721955758, -0.00364451343194, 0.00249252305366, 9.88316314761e-05, -0.00329746911302, 0.00423690956086, -0.0124197127298, 0.0236273296177, -0.0117489332333, 0.00258088577539, 0.00149000470992], [-0.000410128239309, -0.00103578786366, -5.44464382983e-05, 0.00264157773927, -0.00449799513444, 0.00248324079439, -0.00305210612714, -0.00409400044009, 0.00648577651009, -0.0117489332333, 0.0219789128751, -0.00809790380299, 0.00419893208891], [0.00013291752839, -0.000262267451035, -0.00125534948893, -0.00198975671083, 0.00459910277277, -0.00436702044681, 0.00280474242754, -0.000224615127081, -0.00320637761615, 0.00258088577539, -0.00809790380299, 0.0244829393923, -0.011388791725], [-0.000108443382487, -0.000366400257917, -0.000108343992906, 0.000420149357524, -0.00347024388611, 0.00255765253678, -0.00150851660874, 0.00181492988486, -0.000646123895422, 0.00149000470992, 0.00419893208891, -0.011388791725, 0.0173642113805]]
    },
    "spectral_contrast_coeffs": {
        "max": [-0.46762663126, -0.488381624222, -0.527979135513, -0.578786969185, -0.531762719154, -0.685283899307],
        "mean": [-0.762600779533, -0.765561282635, -0.775320470333, -0.779818594456, -0.748334348202, -0.779477059841],
        "min": [-0.921259284019, -0.974288403988, -0.913670182228, -0.95662933588, -0.935757637024, -0.900188446045],
        "stdev": [0.0729575902224, 0.0712590515614, 0.0680401921272, 0.0611777566373, 0.0618806742132, 0.0317179486156]
    },
    "spectral_contrast_valleys": {
        "max": [-4.97242546082, -4.68328046799, -5.41144561768, -6.02469730377, -6.14630508423, -8.58537483215],
        "mean": [-7.98958063126, -7.03469896317, -7.11369132996, -7.23536491394, -7.61497735977, -10.2897968292],
        "min": [-14.8711137772, -13.6961565018, -14.9626493454, -14.573972702, -15.0514345169, -17.405954361],
        "stdev": [1.86439323425, 0.732741355896, 0.686205327511, 0.517827689648, 0.565611243248, 0.842576503754]
    }
},
"rhythm": {
    "beats_count": 67,
    "beats_loudness": {
        "max": 0.140170753002,
        "mean": 0.0348324552178,
        "min": 0.000903187377844,
        "stdev": 0.0249430276453
    },
    "bpm": 133.769851685,
    "bpm_histogram_first_peak_bpm": 133,
    "bpm_histogram_first_peak_weight": 0.5,
    "bpm_histogram_second_peak_bpm": 108,
    "bpm_histogram_second_peak_spread": 0.111111104488,
    "bpm_histogram_second_peak_weight": 0.121212124825,
    "danceability": 1.30167961121,
    "onset_rate": 3.37140107155,
    "beats_loudness_band_ratio": {
        "max": [0.948766946793, 0.827681183815, 0.772363603115, 0.699132621288, 0.620997667313, 0.168379738927],
        "mean": [0.367996245623, 0.0465989820659, 0.175262719393, 0.193908050656, 0.19096262753, 0.0421974994242],
        "min": [1.66921508935e-05, 0.000770633865613, 0.00404301378876, 0.00354908569716, 0.0203715544194, 0.00465899752453],
        "stdev": [0.309015929699, 0.10314232856, 0.150130346417, 0.19364258647, 0.153922662139, 0.0286989323795]
    },
    "beats_position": [0.46439909935, 0.9287981987, 1.39319729805, 1.83437633514, 2.28716540337, 2.72834467888, 3.1811337471, 3.62231278419, 4.08671188354, 4.52789115906, 4.96907043457, 5.41024923325, 5.86303853989, 6.31582736969, 6.7570066452, 7.19818592072, 7.65097475052, 8.10376358032, 8.54494285583, 8.99773216248, 9.45052146912, 9.89170074463, 10.3328800201, 10.7856683731, 11.2384576797, 11.6796369553, 12.1208162308, 12.5736055374, 13.0263938904, 13.4675731659, 13.9087524414, 14.361541748, 14.8143310547, 15.2555103302, 15.7082986832, 16.1494789124, 16.602268219, 17.0434455872, 17.4962348938, 17.9490242004, 18.4018135071, 18.8546028137, 19.3073921204, 19.6905212402, 20.0736503601, 20.45677948, 20.851518631, 21.246257782, 21.640996933, 22.0473461151, 22.4420852661, 22.8368244171, 23.2315635681, 23.614692688, 24.0210418701, 24.4273910522, 24.8453502655, 25.2516994476, 25.8089790344, 26.3662586212, 26.9119262695, 27.4692058563, 28.0264854431, 28.5837631226, 29.1410427094, 29.6983222961, 30.2555999756],
