{
"metadata": {
    "version": {
        "essentia": "2.1-beta5",
        "essentia_git_sha": "Undefined",
        "extractor": "music 2.0"
    },
    "audio_properties": {
        "analysis": {
            "equal_loudness": 0,
            "length": 20.5844898224,
            "sample_rate": 44100,
            "start_time": 207.737319946,
            "downmix": "mix"
        },
        "bit_rate": 192000,
        "length": 228.345046997,
        "lossless": 0,
        "number_channels": 2,
        "replay_gain": -11.4835395813,
        "sample_rate": 48000,
        "codec": "mp3",
        "md5_encoded": "4b57db55bdc4ce94a72949368d6ea6b3"
    },
    "tags": {
        "file_name": "Andorra_Jugarem A Estimar-nos_Marta Roure.mp3",
        "encoding": ["Lavf58.29.100"]
    }
},
"lowlevel": {
    "average_loudness": 0.898913025856,
    "barkbands_crest": {
        "max": 21.2601833344,
        "mean": 9.18208408356,
        "min": 2.51400566101,
        "stdev": 3.52349877357
    },
    "barkbands_flatness_db": {
        "max": 0.324255615473,
        "mean": 0.171422183514,
        "min": 0.0421863235533,
        "stdev": 0.0615814849734
    },
    "barkbands_kurtosis": {
        "max": 25.5137424469,
        "mean": 2.04346466064,
        "min": -1.85879838467,
        "stdev": 2.91488647461
    },
    "barkbands_skewness": {
        "max": 4.9443397522,
        "mean": 1.15131425858,
        "min": -3.56425499916,
        "stdev": 0.863290548325
    },
    "barkbands_spread": {
        "max": 83.4311447144,
        "mean": 18.4787540436,
        "min": 2.93554353714,
        "stdev": 12.1007375717
    },
    "dissonance": {
        "max": 0.500000119209,
        "mean": 0.473521083593,
        "min": 0.272672265768,
        "stdev": 0.0239976830781
    },
    "dynamic_complexity": 4.44140815735,
    "erbbands_crest": {
        "max": 26.8225898743,
        "mean": 9.36929321289,
        "min": 3.10896229744,
        "stdev": 4.03450059891
    },
    "erbbands_flatness_db": {
        "max": 0.414482951164,
        "mean": 0.22161860764,
        "min": 0.0867204815149,
        "stdev": 0.0785857886076
    },
    "erbbands_kurtosis": {
        "max": 16.1262321472,
        "mean": 1.05371785164,
        "min": -1.62709057331,
        "stdev": 1.85148715973
    },
    "erbbands_skewness": {
        "max": 2.65293121338,
        "mean": 0.585921406746,
        "min": -3.52541160583,
        "stdev": 0.745315909386
    },
    "erbbands_spread": {
        "max": 129.661026001,
        "mean": 26.6400623322,
        "min": 3.33063530922,
        "stdev": 16.3289775848
    },
    "hfc": {
        "max": 216.476028442,
        "mean": 19.8373737335,
        "min": 2.14179984859e-09,
        "stdev": 22.6185302734
    },
    "loudness_ebu128": {
        "integrated": -12.5097312927,
        "loudness_range": 5.91097259521,
        "momentary": {
            "max": -8.14458656311,
            "mean": -14.5116252899,
            "min": -46.8928375244,
            "stdev": 5.50965642929
        },
        "short_term": {
            "max": -10.9663591385,
            "mean": -13.0554256439,
            "min": -21.4689159393,
            "stdev": 2.37148666382
        }
    },
    "melbands_crest": {
        "max": 29.6267242432,
        "mean": 11.9813957214,
        "min": 2.99746465683,
        "stdev": 4.27196884155
    },
    "melbands_flatness_db": {
        "max": 0.288350880146,
        "mean": 0.171337753534,
        "min": 0.0176090653986,
        "stdev": 0.041667714715
    },
    "melbands_kurtosis": {
        "max": 122.351211548,
        "mean": 6.52246570587,
        "min": -1.84499847889,
        "stdev": 8.77008056641
    },
    "melbands_skewness": {
        "max": 9.76565361023,
        "mean": 1.87567067146,
        "min": -0.551922619343,
        "stdev": 1.11764621735
    },
    "melbands_spread": {
        "max": 266.526428223,
        "mean": 23.7352409363,
        "min": 3.64411711693,
        "stdev": 22.9155292511
    },
    "pitch_salience": {
        "max": 0.863713681698,
        "mean": 0.630394935608,
        "min": 0.204270154238,
        "stdev": 0.105764172971
    },
    "silence_rate_20dB": {
        "max": 1,
        "mean": 1,
        "min": 1,
        "stdev": 0
    },
    "silence_rate_30dB": {
        "max": 1,
        "mean": 0.994369387627,
        "min": 0,
        "stdev": 0.0748255327344
    },
    "silence_rate_60dB": {
        "max": 1,
        "mean": 0.106981985271,
        "min": 0,
        "stdev": 0.309090167284
    },
    "spectral_centroid": {
        "max": 6113.55224609,
        "mean": 1430.60095215,
        "min": 453.790618896,
        "stdev": 491.393341064
    },
    "spectral_complexity": {
        "max": 40,
        "mean": 17.6306304932,
        "min": 0,
        "stdev": 8.12285041809
    },
    "spectral_decrease": {
        "max": -5.03537110214e-21,
        "mean": -4.83298245868e-09,
        "min": -3.44152084608e-08,
        "stdev": 4.95320851002e-09
    },
    "spectral_energy": {
        "max": 0.136115446687,
        "mean": 0.0200400929898,
        "min": 2.1327212186e-13,
        "stdev": 0.0204244330525
    },
    "spectral_energyband_high": {
        "max": 0.0101460823789,
        "mean": 0.000519808614627,
        "min": 1.69198788552e-13,
        "stdev": 0.000797261367552
    },
    "spectral_energyband_low": {
        "max": 0.0559531971812,
        "mean": 0.00348154804669,
        "min": 8.14102593254e-15,
        "stdev": 0.00645897770301
    },
    "spectral_energyband_middle_high": {
        "max": 0.122879609466,
        "mean": 0.0084141921252,
        "min": 2.51811002876e-14,
        "stdev": 0.012926986441
    },
    "spectral_energyband_middle_low": {
        "max": 0.124028198421,
        "mean": 0.0082876002416,
        "min": 5.5524538587e-15,
        "stdev": 0.0107640018687
    },
    "spectral_entropy": {
        "max": 9.10742664337,
        "mean": 7.67561578751,
        "min": 6.76998901367,
        "stdev": 0.286693066359
    },
    "spectral_flux": {
        "max": 0.326100766659,
        "mean": 0.0787972733378,
        "min": 1.53414782744e-06,
        "stdev": 0.0503341332078
    },
    "spectral_kurtosis": {
        "max": 19.0018310547,
        "mean": 4.11610269547,
        "min": -1.22013688087,
        "stdev": 2.53130841255
    },
    "spectral_rms": {
        "max": 0.0115236956626,
        "mean": 0.00390980113298,
        "min": 1.44246445899e-08,
        "stdev": 0.00206512748264
    },
    "spectral_rolloff": {
        "max": 17441.8945312,
        "mean": 1816.81640625,
        "min": 129.19921875,
        "stdev": 1747.05932617
    },
    "spectral_skewness": {
        "max": 2.9687936306,
        "mean": 1.54043734074,
        "min": -0.151541501284,
        "stdev": 0.360961586237
    },
    "spectral_spread": {
        "max": 19406140,
        "mean": 4079684.25,
        "min": 1940521.25,
        "stdev": 1735588.125
    },
    "spectral_strongpeak": {
        "max": 19.5498828888,
        "mean": 1.27170526981,
        "min": 0,
        "stdev": 1.73165595531
    },
    "zerocrossingrate": {
        "max": 0.865234375,
        "mean": 0.0735308676958,
        "min": 0.02294921875,
        "stdev": 0.0721260532737
    },
    "barkbands": {
        "max": [0.00321735534817, 0.0383444577456, 0.0226483792067, 0.0155327934772, 0.0284744650126, 0.107179194689, 0.0753896310925, 0.0243969280273, 0.0258573200554, 0.0261035300791, 0.0567724779248, 0.0397389903665, 0.0261550117284, 0.068345464766, 0.0854078754783, 0.0118273496628, 0.00278682098724, 0.00167381099891, 0.00217055738904, 0.00141765119042, 0.00150907493662, 0.000825275259558, 0.00136842567008, 0.00340978894383, 0.00631477078423, 0.000405916449381, 5.44746535525e-06],
        "mean": [0.000142714445246, 0.00197272095829, 0.000993444235064, 0.000723649456631, 0.00098716665525, 0.00134775810875, 0.00230203475803, 0.000855544989463, 0.00151406868827, 0.00172096758615, 0.00130579806864, 0.000888611190021, 0.000955947500188, 0.00159872311633, 0.00107256928459, 0.000457193731563, 0.000257742736721, 0.000196942593902, 0.000174487111508, 0.000107869622298, 0.000101638375781, 7.78627145337e-05, 9.32015609578e-05, 9.99129115371e-05, 8.49618154461e-05, 6.55018084217e-06, 7.2183539146e-09],
        "min": [6.23115975999e-15, 1.77792850903e-15, 3.18430495696e-16, 6.35449940382e-16, 8.96689194996e-16, 2.7919587664e-16, 4.3360574776e-16, 6.19741661435e-16, 1.71138528306e-15, 3.7574478949e-15, 8.75165081955e-16, 5.43306678824e-16, 1.037354686e-15, 5.65545317096e-16, 1.54193284795e-15, 2.4400450583e-15, 9.42434903378e-16, 2.52049772994e-15, 5.48153475464e-15, 6.99345637824e-15, 1.80889459363e-14, 9.03488963738e-15, 1.04073854027e-14, 2.18007273204e-14, 2.57979621958e-14, 4.01546573498e-14, 4.46191172931e-14],
        "stdev": [0.000343046936905, 0.00404898263514, 0.00221861852333, 0.00125455646776, 0.00204616109841, 0.00512691866606, 0.00580394780263, 0.00210562930442, 0.0021256103646, 0.00278524518944, 0.00423229811713, 0.00262400624342, 0.00228439667262, 0.00440278742462, 0.00451554777101, 0.000965725514106, 0.000312216783641, 0.000215654043132, 0.000217783031985, 0.000141884171171, 0.000155399335199, 9.67010928434e-05, 0.000123419915326, 0.000236023915932, 0.000332714582328, 2.94677956845e-05, 1.82766441981e-07]
    },
    "erbbands": {
        "max": [0.893176615238, 9.27460861206, 26.8377494812, 32.5192642212, 26.9950351715, 83.1616592407, 225.515609741, 1211.25256348, 1133.36547852, 791.097167969, 514.527587891, 723.6328125, 1043.59851074, 1131.20043945, 1630.89489746, 1905.0135498, 1114.04833984, 3873.37426758, 2712.42651367, 2790.07348633, 490.773101807, 190.913543701, 113.495674133, 110.841506958, 66.6165542603, 50.3614387512, 67.931137085, 41.6080551147, 32.4066200256, 34.0862617493, 40.9839248657, 50.8507499695, 63.6343612671, 112.197906494, 23.6169471741, 5.02679777145, 0.151539623737, 0.00577809661627, 0.000779576075729, 0.000170498955413],
        "mean": [0.0560805313289, 0.439147651196, 1.12706029415, 1.95929229259, 2.87448310852, 2.78299951553, 5.42190265656, 14.5056753159, 27.0992259979, 32.0069999695, 20.3814067841, 33.6538658142, 54.0923500061, 49.5479278564, 43.1980438232, 36.9880409241, 42.2329559326, 79.2596282959, 62.2479095459, 48.5579376221, 21.0203971863, 16.0722846985, 11.1894369125, 10.2015123367, 6.85050201416, 4.95313692093, 4.72159767151, 3.47332000732, 2.78504085541, 2.58302211761, 2.83273005486, 2.17448115349, 1.60007917881, 1.14226555824, 0.484377503395, 0.0872557759285, 0.00260318140499, 0.000118362215289, 2.31708527281e-05, 2.65110793407e-05],
        "min": [2.12823682288e-13, 1.84186677412e-13, 2.22608078347e-13, 1.35004030524e-12, 2.9419845466e-12, 2.80271509126e-12, 2.36687600942e-12, 2.22557671077e-12, 4.23036215433e-12, 9.02995647006e-12, 1.82103394863e-11, 3.70381295078e-11, 9.35170274552e-11, 9.24611290309e-11, 3.20282064759e-11, 2.69187658275e-11, 4.97179589165e-11, 3.2854156895e-11, 4.64924106158e-11, 1.0689089891e-10, 1.18746401601e-10, 6.18865028668e-11, 1.03113316496e-10, 1.47084538993e-10, 4.23967111418e-10, 3.56233847976e-10, 6.28639917899e-10, 6.24000628946e-10, 3.64666991048e-10, 3.38122918553e-10, 2.82507600646e-10, 3.42704337131e-10, 3.79157316654e-10, 2.42677350437e-10, 1.98692340359e-10, 1.28969238067e-10, 6.38367136929e-11, 3.06063091537e-11, 5.93620725492e-12, 7.8585087656e-13],
        "stdev": [0.119399994612, 0.945198237896, 2.51957654953, 3.47042918205, 4.48809671402, 6.01595067978, 17.2065620422, 58.1060333252, 75.2257003784, 79.0530548096, 42.5178833008, 49.9425163269, 86.7141494751, 95.2543487549, 122.676605225, 111.378234863, 88.0037536621, 230.293991089, 197.163085938, 152.074356079, 33.4069976807, 18.6741218567, 12.401720047, 11.71895504, 7.66600751877, 6.1158823967, 7.74528598785, 4.59775114059, 3.51993846893, 3.28247523308, 3.91551375389, 4.07844114304, 4.35216617584, 5.06492328644, 1.75951242447, 0.337290644646, 0.0108098033816, 0.000436265021563, 4.76010973216e-05, 2.61908699031e-05]
    },
    "gfcc": {
        "mean": [-59.9153900146, 77.3696060181, -184.420181274, 13.8881187439, -84.8482131958, 23.2683143616, -41.4648208618, 7.80095148087, -12.8111553192, -9.02809524536, -7.4477853775, -16.5459804535, -1.15043234825],
        "cov": [[20536.4824219, 2795.17578125, 3043.79443359, 2402.38647461, 590.157531738, 1254.56445312, -951.426635742, 557.656738281, -314.982910156, 1044.10119629, 351.471069336, 386.91317749, -86.0675582886], [2795.17578125, 1529.80395508, 972.81060791, 1087.4909668, 448.304504395, 211.821014404, 20.9104995728, -35.7127876282, -9.57757759094, 1.88631391525, 138.712127686, 36.5246276855, -5.77277135849], [3043.79443359, 972.81060791, 3192.37890625, 1835.08239746, 859.319396973, 600.023132324, -404.908111572, 236.648864746, -297.31161499, 626.751281738, 121.383560181, 436.507843018, -132.648971558], [2402.38647461, 1087.4909668, 1835.08239746, 1487.73901367, 638.253051758, 347.391387939, -164.403289795, 56.8272018433, -122.495498657, 239.084579468, 96.2997589111, 212.064315796, -39.0331230164], [590.157531738, 448.304504395, 859.319396973, 638.253051758, 453.035339355, 228.079360962, 2.57162165642, 85.8293457031, -39.2039489746, 141.345504761, 28.5151100159, 108.207748413, -22.4978504181], [1254.56445312, 211.821014404, 600.023132324, 347.391387939, 228.079360962, 289.384887695, -8.80859851837, 108.429191589, -47.3656196594, 159.806976318, 34.5216293335, 48.597114563, -26.9096126556], [-951.426635742, 20.9104995728, -404.908111572, -164.403289795, 2.57162165642, -8.80859851837, 254.562057495, -16.7443027496, 84.3610687256, -133.591430664, -3.657579422, -101.244369507, 14.8571891785], [557.656738281, -35.7127876282, 236.648864746, 56.8272018433, 85.8293457031, 108.429191589, -16.7443027496, 156.717163086, 14.8413305283, 126.572662354, -1.3995449543, 53.3697013855, -19.9559936523], [-314.982910156, -9.57757759094, -297.31161499, -122.495498657, -39.2039489746, -47.3656196594, 84.3610687256, 14.8413305283, 138.16557312, -38.0267562866, 28.8912963867, -48.2318496704, 21.3122024536], [1044.10119629, 1.88631391525, 626.751281738, 239.084579468, 141.345504761, 159.806976318, -133.591430664, 126.572662354, -38.0267562866, 289.565032959, 65.0990600586, 128.753768921, -42.1679382324], [351.471069336, 138.712127686, 121.383560181, 96.2997589111, 28.5151100159, 34.5216293335, -3.657579422, -1.3995449543, 28.8912963867, 65.0990600586, 126.321235657, 30.6695308685, 4.64328765869], [386.91317749, 36.5246276855, 436.507843018, 212.064315796, 108.207748413, 48.597114563, -101.244369507, 53.3697013855, -48.2318496704, 128.753768921, 30.6695308685, 145.637069702, -3.85839724541], [-86.0675582886, -5.77277135849, -132.648971558, -39.0331230164, -22.4978504181, -26.9096126556, 14.8571891785, -19.9559936523, 21.3122024536, -42.1679382324, 4.64328765869, -3.85839724541, 61.0421981812]],
        "icov": [[0.000267818628345, -0.00068824790651, 0.000562667206395, -0.000433402950875, 0.000948201224674, -0.00130594533402, 0.000978722469881, -0.0006535378634, 0.000338492594892, -0.000779654306825, 0.000345779641066, -0.000217652748688, -0.000116825431178], [-0.00068824790651, 0.00391513155773, -0.00110871868674, -0.000927282380871, -0.00280255358666, 0.00337628927082, -0.00232605240308, 0.000953192182351, -0.000684441591147, 0.0035460870713, -0.00310007901862, 0.00182080280501, 0.000770319602452], [0.000562667206395, -0.00110871868674, 0.00431567570195, -0.00380134722218, 0.00160352385137, -0.00360402022488, 0.00259267748334, -0.00193481671158, 0.0028320280835, -0.00358531018719, 0.000724370765965, -0.00209338823333, 0.00172172638122], [-0.000433402950875, -0.000927282380871, -0.00380134722218, 0.00742002949119, -0.00433898111805, 0.00138601195067, 7.52583437134e-05, 0.00356636848301, -0.00294719357044, 0.00308156828396, 4.4064148824e-05, -0.000254127429798, -0.000916935852729], [0.000948201224674, -0.00280255358666, 0.00160352385137, -0.00433898111805, 0.0128660909832, -0.00697939516976, -0.000948069617152, -0.00226373202167, 6.16150646238e-05, -0.00421589054167, 0.00444764457643, -0.00456991791725, -0.000623224012088], [-0.00130594533402, 0.00337628927082, -0.00360402022488, 0.00138601195067, -0.00697939516976, 0.018582470715, -0.00758729549125, -0.00278606102802, 0.00432152720168, -0.000754932232667, -0.00409707520157, 0.00901831313968, -0.00306083774194], [0.000978722469881, -0.00232605240308, 0.00259267748334, 7.52583437134e-05, -0.000948069617152, -0.00758729549125, 0.0142874037847, -0.00336129241623, -0.00208837282844, 0.00331664271653, -0.00166140904184, 0.00127682532184, 0.0017990419874], [-0.0006535378634, 0.000953192182351, -0.00193481671158, 0.00356636848301, -0.00226373202167, -0.00278606102802, -0.00336129241623, 0.0192268472165, -0.0086579779163, -0.00338962092064, 0.00636302866042, -0.00582226878032, 0.00211518770084], [0.000338492594892, -0.000684441591147, 0.0028320280835, -0.00294719357044, 6.16150646238e-05, 0.00432152720168, -0.00208837282844, -0.0086579779163, 0.0177587065846, -0.00423112697899, -0.0051837512292, 0.00591456377879, -0.00406717741862], [-0.000779654306825, 0.0035460870713, -0.00358531018719, 0.00308156828396, -0.00421589054167, -0.000754932232667, 0.00331664271653, -0.00338962092064, -0.00423112697899, 0.0205995589495, -0.00846989639103, -0.0033036202658, 0.00575630785897], [0.000345779641066, -0.00310007901862, 0.000724370765965, 4.4064148824e-05, 0.00444764457643, -0.00409707520157, -0.00166140904184, 0.00636302866042, -0.0051837512292, -0.00846989639103, 0.0167326591909, -0.00559422746301, -0.00155323185027], [-0.000217652748688, 0.00182080280501, -0.00209338823333, -0.000254127429798, -0.00456991791725, 0.00901831313968, 0.00127682532184, -0.00582226878032, 0.00591456377879, -0.0033036202658, -0.00559422746301, 0.0229053702205, -0.00724295293912], [-0.000116825431178, 0.000770319602452, 0.00172172638122, -0.000916935852729, -0.000623224012088, -0.00306083774194, 0.0017990419874, 0.00211518770084, -0.00406717741862, 0.00575630785897, -0.00155323185027, -0.00724295293912, 0.023176740855]]
    },
    "melbands": {
        "max": [0.00934892892838, 0.012490474619, 0.00499798962846, 0.00231662322767, 0.00812782440335, 0.0249276272953, 0.0171902086586, 0.00832362100482, 0.00325346342288, 0.00480461260304, 0.00514464266598, 0.00462317746133, 0.00735072698444, 0.00399583019316, 0.00370101188309, 0.00322611792944, 0.00697640748695, 0.00434031430632, 0.00901802629232, 0.00142270780634, 0.000466068333481, 0.000244023831328, 0.000116432798677, 8.89939983608e-05, 0.000108517546323, 9.95010559564e-05, 2.65767321252e-05, 4.31003281847e-05, 5.99320846959e-05, 2.72980760201e-05, 2.09486588574e-05, 2.31615013035e-05, 1.46347038026e-05, 2.16870012082e-05, 2.69367010333e-05, 1.48854232975e-05, 3.99815871788e-05, 4.52964195574e-05, 4.11355795222e-05, 0.000131014239741],
        "mean": [0.000528707168996, 0.000593286356889, 0.000367019703845, 0.000199276866624, 0.000180753369932, 0.000315222278005, 0.000433062203228, 0.000315783690894, 0.000164590077475, 0.000219961817493, 0.00027540003066, 0.000204411102459, 0.000173573323991, 8.75766927493e-05, 9.77352028713e-05, 0.000117747040349, 0.000144262769027, 0.000102477046312, 8.22462461656e-05, 4.27158338425e-05, 2.05022843147e-05, 1.78548471013e-05, 9.85275801213e-06, 9.55106224865e-06, 8.25303322927e-06, 6.19037837168e-06, 3.82291000278e-06, 3.08268249682e-06, 3.21130096381e-06, 2.35262132264e-06, 1.847289127e-06, 1.5508173874e-06, 1.4861532236e-06, 1.41160592193e-06, 1.67978714671e-06, 1.42495036926e-06, 1.29734019083e-06, 1.14528802442e-06, 9.86491954791e-07, 9.82404117167e-07],
        "min": [1.81324999469e-15, 1.01614783973e-16, 3.25307847363e-16, 2.15590690323e-16, 8.74150905584e-17, 4.95187107668e-17, 7.30429002072e-17, 1.03494369936e-16, 1.62464625053e-16, 2.46150871436e-16, 4.86261709744e-16, 4.07416600761e-16, 1.06679021911e-16, 7.50889479959e-17, 9.36083704756e-17, 9.06709197715e-17, 5.4531673433e-17, 5.74545161275e-17, 1.26104240249e-16, 1.89019928512e-16, 1.11929832091e-16, 6.9201777845e-17, 2.77230657632e-17, 1.64205979208e-16, 9.95781064866e-17, 2.28348118239e-16, 4.07227288898e-16, 1.61114520709e-16, 3.27895797714e-16, 3.89172622808e-16, 3.91448785626e-16, 1.95956638659e-16, 1.71330399797e-16, 2.07951300172e-16, 1.76343881933e-16, 1.05861072635e-16, 2.72180405664e-16, 3.36172500749e-16, 1.55325460796e-16, 2.25310869849e-16],
        "stdev": [0.00107934104744, 0.00124786130618, 0.00056254590163, 0.000308333575958, 0.000572045566514, 0.00119636685122, 0.00116057216655, 0.000785269017797, 0.000311110954499, 0.000331682094838, 0.000442781602032, 0.000375452917069, 0.000575412239414, 0.000249160220847, 0.000291427277261, 0.000303605309455, 0.000421108241426, 0.000325424305629, 0.000405420170864, 0.000109776352474, 3.41302838933e-05, 2.25950861932e-05, 1.12211891974e-05, 1.08701915451e-05, 1.02884832813e-05, 8.56694077811e-06, 4.19262369178e-06, 4.2876936277e-06, 5.91841717323e-06, 3.54788153345e-06, 2.47114394369e-06, 2.12112036024e-06, 1.86972170013e-06, 1.91206709133e-06, 2.48417336479e-06, 1.93675509763e-06, 2.87271291199e-06, 3.1054523788e-06, 2.74696935776e-06, 5.43903161088e-06]
    },
    "melbands128": {
        "max": [0.00301574636251, 0.00898669753224, 0.0138145824894, 0.0165074951947, 0.0156557261944, 0.00948718003929, 0.00808485876769, 0.00749341957271, 0.00344482739456, 0.0036556692794, 0.00379369733855, 0.0133604034781, 0.0101047679782, 0.00792308151722, 0.029349155724, 0.0386437736452, 0.0169260874391, 0.0316460430622, 0.0250770300627, 0.0130466260016, 0.0077477581799, 0.00893860310316, 0.00322596146725, 0.00465825293213, 0.00590718677267, 0.00709294388071, 0.00454326998442, 0.00974159594625, 0.00596536975354, 0.00467115687206, 0.00755763053894, 0.0142403766513, 0.014701616019, 0.00275562703609, 0.00263668620028, 0.00834727566689, 0.0114336768165, 0.00820878148079, 0.00385850807652, 0.00372581323609, 0.0054016164504, 0.0112916138023, 0.0136970467865, 0.00348492292687, 0.00529477791861, 0.00757468305528, 0.00959280319512, 0.020608605817, 0.00393624650314, 0.00485487561673, 0.000917887955438, 0.00202550087124, 0.000429257837823, 0.00065897568129, 0.000347281107679, 0.000510422803927, 0.000158427515998, 0.000186947523616, 0.000205075295526, 0.000194603650016, 0.000129255771753, 0.000122386045405, 0.000150746505824, 0.000150029489305, 0.000265194074018, 0.000168573082192, 6.22709558229e-05, 4.68296493636e-05, 4.7953108151e-05, 4.50522820756e-05, 6.23393862043e-05, 0.000100483448477, 0.000163091492141, 0.00012724030239, 4.39274044766e-05, 4.65375633212e-05, 5.9392368712e-05, 5.92632532062e-05, 2.12774357351e-05, 2.26123629545e-05, 3.85341518268e-05, 1.97499557544e-05, 1.599375355e-05, 1.90639184439e-05, 1.8444890884e-05, 2.35055140365e-05, 1.73305415956e-05, 2.72303423117e-05, 3.48445792042e-05, 2.48373889917e-05, 2.80283966276e-05, 1.62187261594e-05, 2.22969119932e-05, 6.40983853373e-05, 6.58581775497e-05, 4.7653378715e-05, 4.74125663459e-05, 5.79898696742e-05, 4.28852908954e-05, 3.35650038323e-05, 6.30964423181e-05, 0.000258408515947, 7.85478987382e-05, 5.00360511069e-05, 1.92768929992e-05, 2.28310855164e-05, 2.68407475232e-05, 1.41573109431e-05, 1.10648570626e-05, 3.31494902639e-06, 3.29978604441e-08, 3.47532456146e-08, 3.0425344022e-08, 2.92755046871e-08, 3.28352172119e-08, 2.78523444308e-08, 2.63846686721e-08, 2.55355363521e-08, 2.47951668086e-08, 2.41457804862e-08, 2.35407817684e-08, 2.30040164695e-08, 2.25399165998e-08, 2.21348113172e-08, 2.17992308649e-08, 2.15271978021e-08, 2.13411812666e-08, 2.12214441575e-08],
        "mean": [0.00012880905706, 0.000435549474787, 0.000674868584611, 0.000750879698899, 0.000612326723058, 0.000475022854516, 0.000401700090151, 0.00034751786734, 0.000303919950966, 0.000185120617971, 0.000124055848573, 0.000189157683053, 0.000172538202605, 0.000191167477169, 0.000336802972015, 0.000351194816176, 0.000400194810936, 0.000444293313194, 0.00047908956185, 0.000401490658987, 0.000193293410121, 0.000181900701136, 0.000128628817038, 0.000197359535377, 0.000209828693187, 0.00023601904104, 0.000234862265643, 0.000287460890831, 0.000325165194226, 0.000182178046089, 0.000156638910994, 0.000243370042881, 0.000223412673222, 7.47697995394e-05, 8.79931103555e-05, 8.36017134134e-05, 9.85390288406e-05, 0.00012980606698, 6.89474109095e-05, 6.33600793662e-05, 0.000109748420073, 0.000229803670663, 0.000158136783284, 8.64793692017e-05, 0.000129299718537, 0.000101149460534, 7.241898129e-05, 0.000108462700155, 5.96651698288e-05, 7.80052214395e-05, 3.04734803649e-05, 2.46169092861e-05, 2.59197913692e-05, 1.61462085089e-05, 1.39020430652e-05, 2.4576067517e-05, 1.46225438584e-05, 7.18775800124e-06, 9.93147932604e-06, 1.09331876956e-05, 9.88247029454e-06, 8.20399600343e-06, 7.76601973485e-06, 7.64763990446e-06, 1.04348036984e-05, 6.00804514761e-06, 3.97660005547e-06, 4.09012591263e-06, 3.8101948121e-06, 3.39036364494e-06, 2.89209515358e-06, 3.00618216897e-06, 3.44211639458e-06, 3.56863233719e-06, 2.47769912676e-06, 2.25680196309e-06, 2.44091711465e-06, 2.18668560592e-06, 1.64558184679e-06, 1.61639400176e-06, 1.62065305176e-06, 1.28836165914e-06, 1.89723175481e-06, 1.342790938e-06, 1.39911082897e-06, 1.40187660236e-06, 1.35187542583e-06, 1.56271755714e-06, 1.71006718119e-06, 1.84863949926e-06, 1.44259820445e-06, 1.31286640226e-06, 1.34264973894e-06, 1.36573032705e-06, 1.20176036944e-06, 1.20501943002e-06, 1.1467133163e-06, 1.0408335811e-06, 1.00690647287e-06, 9.52750724537e-07, 9.2393270279e-07, 1.15975990411e-06, 7.84270582699e-07, 7.31125112452e-07, 5.02885654896e-07, 4.17002752329e-07, 3.73490138372e-07, 2.13966671936e-07, 1.30516255581e-07, 2.28855316919e-08, 1.52638165996e-10, 1.52418147548e-10, 1.82522566505e-10, 1.91899648949e-10, 1.94200849846e-10, 1.71516162384e-10, 5.41725900249e-11, 3.22131314678e-11, 3.09857452196e-11, 3.01382530044e-11, 2.9352371228e-11, 2.86576925385e-11, 2.80530407931e-11, 2.75222501039e-11, 2.70411262826e-11, 2.66187245856e-11, 2.63457866634e-11, 2.61922549621e-11],
        "min": [2.93611371551e-15, 2.20891157809e-15, 3.67500279001e-16, 7.13891080823e-17, 3.68530469588e-17, 2.14987285227e-16, 1.21095032983e-16, 2.12759720925e-16, 3.06964343038e-16, 2.39111524719e-16, 1.42241064927e-16, 8.79062439364e-17, 7.91250732245e-17, 7.64636957042e-17, 5.4854631214e-17, 2.90204340339e-17, 3.58236008342e-17, 8.54991483538e-17, 1.14541830237e-16, 9.60318905564e-17, 9.53101787806e-17, 1.31045459886e-16, 1.67805406013e-16, 1.97119350198e-16, 2.17135850472e-16, 2.48745571582e-16, 3.5488033512e-16, 5.06215688399e-16, 6.11701307063e-16, 5.56474070687e-16, 3.25083886557e-16, 1.29691874767e-16, 8.03565466332e-17, 1.06530255133e-16, 7.09855961446e-17, 8.30388154271e-17, 5.35919896397e-17, 4.55756863705e-17, 1.71358126892e-16, 1.31390533168e-16, 4.74553351986e-17, 6.61267173742e-17, 7.89425310069e-17, 3.46192788019e-17, 2.20167586531e-17, 7.04486963701e-17, 7.79931857441e-17, 1.31611397009e-16, 1.56989271733e-16, 1.04088550313e-16, 1.84948479363e-16, 3.18390288101e-16, 1.05041442527e-16, 4.8786712173e-17, 4.80437484729e-17, 1.07313846636e-16, 4.70017060419e-17, 2.31802047283e-17, 1.70981723317e-17, 3.28131894913e-17, 2.30753480051e-16, 2.40545816196e-16, 2.95847333391e-17, 8.57879535016e-17, 1.48593944381e-16, 1.378024667e-16, 3.67991028715e-16, 3.66020062456e-16, 4.61441473868e-16, 4.55481538293e-16, 1.03870571678e-16, 3.77880489099e-17, 9.38283939011e-17, 4.07553899508e-16, 5.41810024546e-16, 5.76477071374e-16, 1.57066867891e-16, 2.75134618356e-16, 6.18587790803e-16, 2.699061222e-16, 1.58351102188e-16, 2.25630333619e-16, 1.19053299768e-16, 2.34926308457e-16, 1.22701880954e-16, 1.40396253638e-16, 3.32034215406e-16, 1.59171440363e-16, 1.69586531013e-16, 2.05355911812e-16, 4.982203128e-17, 1.15281859101e-16, 1.03521038239e-16, 2.15409412037e-16, 3.90464903918e-16, 5.58562059842e-16, 2.19419715996e-16, 2.00651914339e-16, 1.38571731435e-16, 1.46213887678e-16, 1.86009427834e-16, 2.17093445885e-16, 2.68513785323e-16, 4.02550131782e-16, 8.04898087387e-17, 2.08279207801e-16, 2.94575321514e-16, 2.3426660214e-16, 1.75542271128e-16, 1.72532207201e-16, 4.00790473773e-16, 1.78505787947e-16, 1.62479977525e-16, 1.81512093165e-16, 1.27909360104e-16, 4.86679085229e-16, 2.3692559738e-16, 1.19301917173e-16, 1.24508972807e-16, 1.80857204348e-16, 1.9621531458e-16, 1.58821099595e-16, 2.86165846065e-16, 3.83951194084e-16, 1.88327558487e-16, 7.52569119824e-17, 2.16301327805e-17, 4.39625940134e-18],
        "stdev": [0.000317896105116, 0.000999282579869, 0.00146556517575, 0.00166697916575, 0.00145800597966, 0.00103607180063, 0.000815415929537, 0.000601662904955, 0.000532304286025, 0.000345109845512, 0.000303676264593, 0.00079833122436, 0.000708065461367, 0.000588451337535, 0.00152728625108, 0.00168425193988, 0.00110332062468, 0.00171049439814, 0.00151754613034, 0.00113891356159, 0.000543699483387, 0.00062567909481, 0.000306588597596, 0.000405348779168, 0.000427609105827, 0.000484455755213, 0.000482013449073, 0.000674641283695, 0.000563503534067, 0.000397387484554, 0.000501940143295, 0.000920672377106, 0.000966535822954, 0.000202544833883, 0.000244655529968, 0.000384438433684, 0.00050515064504, 0.000506371259689, 0.000249331496889, 0.000239409637288, 0.000386025203625, 0.000862006330863, 0.00072187843034, 0.000312766089337, 0.000426475482527, 0.000478108006064, 0.000472628395073, 0.000854889629409, 0.00020475591009, 0.000304020155454, 8.22482761578e-05, 9.36408687267e-05, 4.32214837929e-05, 3.98127413064e-05, 2.85191908915e-05, 3.83671977033e-05, 1.93520718312e-05, 1.2424333363e-05, 1.64257562574e-05, 1.67439375218e-05, 1.41753289427e-05, 1.34075535243e-05, 1.16370320029e-05, 1.42825365401e-05, 1.87418136193e-05, 1.23219069792e-05, 5.21260972164e-06, 5.25979430677e-06, 5.26290614289e-06, 5.1852789511e-06, 4.67959262096e-06, 6.61329386276e-06, 9.29714315134e-06, 9.22600429476e-06, 5.12024416821e-06, 4.67273321192e-06, 4.20908645538e-06, 3.78687855118e-06, 2.54141855294e-06, 2.43316003434e-06, 2.75913089354e-06, 2.04246748581e-06, 2.53794041782e-06, 2.10992902794e-06, 2.00930480787e-06, 2.13847692976e-06, 2.07974153454e-06, 2.55974850916e-06, 3.09786582875e-06, 2.75560091723e-06, 2.1909509087e-06, 1.93585242414e-06, 2.51686446973e-06, 3.47335208062e-06, 3.19463310916e-06, 3.10366340273e-06, 3.33913067152e-06, 3.57320482181e-06, 2.77931599157e-06, 2.51853248301e-06, 3.51476342075e-06, 9.47983789956e-06, 3.93382106267e-06, 3.09116126118e-06, 1.52421591793e-06, 1.4176428067e-06, 1.38150005569e-06, 8.93364813237e-07, 6.53051529298e-07, 1.63467944958e-07, 1.59753699158e-09, 1.67207692137e-09, 1.52722445801e-09, 1.56319979183e-09, 1.70566927249e-09, 1.49924517245e-09, 9.17800391242e-10, 8.56411608297e-10, 8.31539725965e-10, 8.09757261244e-10, 7.89464438267e-10, 7.71458619209e-10, 7.55900231297e-10, 7.42309658186e-10, 7.310598793e-10, 7.21931903147e-10, 7.15698500464e-10, 7.11685099741e-10]
    },
    "mfcc": {
        "mean": [-668.856567383, 95.1334075928, -38.4229011536, -16.4501476288, -15.1123914719, -3.96540379524, -9.89598655701, 2.69717073441, -2.04308891296, 5.9426317215, -1.10956275463, -2.65158987045, -6.80709505081],
        "cov": [[11389.0322266, 1490.68188477, 2330.08447266, 1425.40307617, 1477.38122559, 800.577209473, 481.005310059, -94.1838302612, -131.360824585, 176.751693726, 261.682281494, 468.437652588, 600.547363281], [1490.68188477, 731.748168945, 522.835021973, 563.692932129, 368.499084473, 266.235321045, 172.52734375, 98.9743499756, -14.3723554611, 3.4048500061, 56.6281318665, 60.8645172119, 86.1372451782], [2330.08447266, 522.835021973, 2151.87402344, 1287.37487793, 1159.22595215, 589.926696777, 363.337158203, -57.3166847229, -108.938354492, -90.0656585693, 147.280944824, 215.021347046, 343.0362854], [1425.40307617, 563.692932129, 1287.37487793, 1159.32995605, 817.91595459, 469.42199707, 236.700576782, 61.4306488037, -31.6654205322, -84.3691482544, 58.7360801697, 138.748886108, 197.966430664], [1477.38122559, 368.499084473, 1159.22595215, 817.91595459, 796.432800293, 384.495513916, 232.691375732, 6.23171472549, -15.1593999863, -30.4060230255, 84.8698577881, 134.687667847, 218.951461792], [800.577209473, 266.235321045, 589.926696777, 469.42199707, 384.495513916, 306.446258545, 186.368621826, 44.033821106, 6.55751609802, 3.08538198471, 42.2791099548, 65.0387420654, 82.3126525879], [481.005310059, 172.52734375, 363.337158203, 236.700576782, 232.691375732, 186.368621826, 205.661605835, 49.5883979797, 13.2229471207, 19.6495666504, 47.7175445557, 41.8790016174, 57.8034858704], [-94.1838302612, 98.9743499756, -57.3166847229, 61.4306488037, 6.23171472549, 44.033821106, 49.5883979797, 119.616966248, 63.4521522522, 15.2690963745, 1.54679679871, -7.54729509354, -20.2895278931], [-131.360824585, -14.3723554611, -108.938354492, -31.6654205322, -15.1593999863, 6.55751609802, 13.2229471207, 63.4521522522, 114.059173584, 38.4934959412, 11.4000921249, -6.05701780319, -18.743057251], [176.751693726, 3.4048500061, -90.0656585693, -84.3691482544, -30.4060230255, 3.08538198471, 19.6495666504, 15.2690963745, 38.4934959412, 104.51197052, 37.694519043, 19.0141448975, 1.06169354916], [261.682281494, 56.6281318665, 147.280944824, 58.7360801697, 84.8698577881, 42.2791099548, 47.7175445557, 1.54679679871, 11.4000921249, 37.694519043, 85.8747787476, 53.1962127686, 48.7516136169], [468.437652588, 60.8645172119, 215.021347046, 138.748886108, 134.687667847, 65.0387420654, 41.8790016174, -7.54729509354, -6.05701780319, 19.0141448975, 53.1962127686, 113.085365295, 90.7453765869], [600.547363281, 86.1372451782, 343.0362854, 197.966430664, 218.951461792, 82.3126525879, 57.8034858704, -20.2895278931, -18.743057251, 1.06169354916, 48.7516136169, 90.7453765869, 144.488555908]],
        "icov": [[0.000179991824552, -0.000402213045163, -0.000135283786221, 0.000266320101218, -0.000153204600792, -0.000126942803035, 0.000137509588967, 0.000288080511382, -5.41375666216e-05, -0.000350805436028, 0.000380021898309, -0.000364374311175, -0.000165944569744], [-0.000402213045163, 0.0037688894663, 0.00085802085232, -0.00222596200183, 0.000428959407145, -0.000271258730209, -0.000710191496182, -0.00249816803262, 0.00209700642154, -0.000159804796567, -0.00230051018298, 0.0019310527714, -0.000287879171083], [-0.000135283786221, 0.00085802085232, 0.00347624905407, -0.00177651364356, -0.00239049061202, -0.000471198785817, -0.0014170454815, 0.00167984841391, 0.0014801195357, 0.0013047583634, -0.0025777395349, 0.00103631662205, -0.000673323113006], [0.000266320101218, -0.00222596200183, -0.00177651364356, 0.00724777532741, -0.00338258640841, -0.00413413671777, 0.00383503641933, -0.00289193773642, 0.000304917572066, 0.00245498213917, 0.00207741721533, -0.00301145273261, 0.00126002298202], [-0.000153204600792, 0.000428959407145, -0.00239049061202, -0.00338258640841, 0.0105840461329, -0.00199002260342, -0.00120463327039, 0.00183314236347, -0.00324871577322, -0.000667382671963, 2.1364319764e-05, 0.0025457541924, -0.00549719156697], [-0.000126942803035, -0.000271258730209, -0.000471198785817, -0.00413413671777, -0.00199002260342, 0.0180133022368, -0.00922380946577, 0.000865661422722, -0.0010673472425, -0.00332497921772, 0.00293210754171, -0.00223387288861, 0.00433723302558], [0.000137509588967, -0.000710191496182, -0.0014170454815, 0.00383503641933, -0.00120463327039, -0.00922380946577, 0.0150217236951, -0.00577216222882, 0.00182440550998, -0.000269370386377, -0.00268930802122, 0.00102516263723, -0.00127613765653], [0.000288080511382, -0.00249816803262, 0.00167984841391, -0.00289193773642, 0.00183314236347, 0.000865661422722, -0.00577216222882, 0.0200822092593, -0.00972347892821, 0.000507931807078, 0.00149571965449, -0.000588998780586, 0.000724387471564], [-5.41375666216e-05, 0.00209700642154, 0.0014801195357, 0.000304917572066, -0.00324871577322, -0.0010673472425, 0.00182440550998, -0.00972347892821, 0.017079025507, -0.00373435253277, -0.00301825022325, 0.00127387500834, 0.000940097437706], [-0.000350805436028, -0.000159804796567, 0.0013047583634, 0.00245498213917, -0.000667382671963, -0.00332497921772, -0.000269370386377, 0.000507931807078, -0.00373435253277, 0.0173272788525, -0.00687214266509, -0.00181509042159, 0.00102357659489], [0.000380021898309, -0.00230051018298, -0.0025777395349, 0.00207741721533, 2.1364319764e-05, 0.00293210754171, -0.00268930802122, 0.00149571965449, -0.00301825022325, -0.00687214266509, 0.0239477027208, -0.00854556635022, -0.000405460014008], [-0.000364374311175, 0.0019310527714, 0.00103631662205, -0.00301145273261, 0.0025457541924, -0.00223387288861, 0.00102516263723, -0.000588998780586, 0.00127387500834, -0.00181509042159, -0.00854556635022, 0.0234849378467, -0.0127366781235], [-0.000165944569744, -0.000287879171083, -0.000673323113006, 0.00126002298202, -0.00549719156697, 0.00433723302558, -0.00127613765653, 0.000724387471564, 0.000940097437706, 0.00102357659489, -0.000405460014008, -0.0127366781235, 0.0223765354604]]
    },
    "spectral_contrast_coeffs": {
        "max": [-0.454765379429, -0.438661754131, -0.432193756104, -0.471973747015, -0.627713263035, -0.621812343597],
        "mean": [-0.731460988522, -0.736702680588, -0.748117685318, -0.789740264416, -0.799227178097, -0.752547025681],
        "min": [-0.965391635895, -0.964923083782, -0.946497619152, -0.958516597748, -0.939732015133, -0.936480164528],
        "stdev": [0.0677036717534, 0.080125965178, 0.0700528696179, 0.0663956254721, 0.0364985466003, 0.0502294190228]
    },
    "spectral_contrast_valleys": {
        "max": [-5.54973459244, -5.26069450378, -5.56343650818, -5.64477062225, -6.31126451492, -7.58628320694],
        "mean": [-8.42612361908, -7.02359104156, -7.1399064064, -7.31815624237, -7.73906850815, -10.6315107346],
        "min": [-20.8844661713, -20.3961906433, -19.6484661102, -19.7805233002, -19.1324310303, -20.1895103455],
        "stdev": [2.43539309502, 1.32026815414, 1.23003220558, 1.17804145813, 1.14625883102, 1.54239106178]
    }
},
"rhythm": {
    "beats_count": 48,
    "beats_loudness": {
        "max": 0.0803600996733,
        "mean": 0.0280171800405,
        "min": 7.41902695154e-05,
        "stdev": 0.023630650714
    },
    "bpm": 130.037536621,
    "bpm_histogram_first_peak_bpm": 129,
    "bpm_histogram_first_peak_weight": 0.375,
    "bpm_histogram_second_peak_bpm": 172,
    "bpm_histogram_second_peak_spread": 0,
    "bpm_histogram_second_peak_weight": 0.191489368677,
    "danceability": 1.09015572071,
    "onset_rate": 2.47619700432,
    "beats_loudness_band_ratio": {
        "max": [0.720978200436, 0.699762225151, 0.67625439167, 0.875296056271, 0.502929270267, 0.0880172550678],
        "mean": [0.151998922229, 0.0853162407875, 0.281450182199, 0.361141294241, 0.142745807767, 0.0308943539858],
        "min": [1.30369353428e-05, 0.00010731472139, 0.0457877442241, 0.0220709275454, 0.011971341446, 0.00890596862882],
        "stdev": [0.203509688377, 0.155414789915, 0.179668575525, 0.208902567625, 0.115029737353, 0.0186933651567]
    },
    "beats_position": [0.476009070873, 0.975238084793, 1.46285712719, 1.93886613846, 2.40326523781, 2.85605430603, 3.30884337425, 3.76163268089, 4.21442174911, 4.66721057892, 5.13160991669, 5.5727891922, 6.03718805313, 6.5015873909, 6.96598625183, 7.40716552734, 7.84834432602, 8.31274318695, 8.77714252472, 9.24154186249, 9.70594120026, 10.1703395844, 10.5302495956, 10.8901586533, 11.261677742, 11.6448068619, 11.9931058884, 12.3414058685, 12.689704895, 13.0380039215, 13.3746938705, 13.7113828659, 14.0480718613, 14.3963718414, 14.7446708679, 15.0929698944, 15.4412698746, 15.8011789322, 16.1494789124, 16.5790481567, 17.0086174011, 17.4497947693, 17.8793640137, 18.3089332581, 18.7385025024, 19.1680717468, 19.5976409912, 20.0272102356],
