{
"metadata": {
    "version": {
        "essentia": "2.1-beta5",
        "essentia_git_sha": "Undefined",
        "extractor": "music 2.0"
    },
    "audio_properties": {
        "analysis": {
            "equal_loudness": 0,
            "length": 32.4963264465,
            "sample_rate": 44100,
            "start_time": 12.7477550507,
            "downmix": "mix"
        },
        "bit_rate": 192000,
        "length": 228.345046997,
        "lossless": 0,
        "number_channels": 2,
        "replay_gain": -5.59423828125,
        "sample_rate": 48000,
        "codec": "mp3",
        "md5_encoded": "4b57db55bdc4ce94a72949368d6ea6b3"
    },
    "tags": {
        "file_name": "Andorra_Jugarem A Estimar-nos_Marta Roure.mp3",
        "encoding": ["Lavf58.29.100"]
    }
},
"lowlevel": {
    "average_loudness": 0.728928089142,
    "barkbands_crest": {
        "max": 25.5953540802,
        "mean": 10.5881824493,
        "min": 2.8501098156,
        "stdev": 4.13826370239
    },
    "barkbands_flatness_db": {
        "max": 0.430911540985,
        "mean": 0.204251080751,
        "min": 0.0731173232198,
        "stdev": 0.0682793334126
    },
    "barkbands_kurtosis": {
        "max": 70.2644119263,
        "mean": 3.10894393921,
        "min": -1.74872243404,
        "stdev": 7.12438392639
    },
    "barkbands_skewness": {
        "max": 8.12872314453,
        "mean": 1.38099944592,
        "min": -0.924521148205,
        "stdev": 1.14013278484
    },
    "barkbands_spread": {
        "max": 62.9552345276,
        "mean": 16.2763977051,
        "min": 1.81867587566,
        "stdev": 9.37517261505
    },
    "dissonance": {
        "max": 0.49999448657,
        "mean": 0.448959499598,
        "min": 0.190806537867,
        "stdev": 0.0506604649127
    },
    "dynamic_complexity": 3.41957831383,
    "erbbands_crest": {
        "max": 24.8037586212,
        "mean": 9.03856372833,
        "min": 2.7978990078,
        "stdev": 3.82407069206
    },
    "erbbands_flatness_db": {
        "max": 0.386761516333,
        "mean": 0.227585464716,
        "min": 0.111098505557,
        "stdev": 0.0706494227052
    },
    "erbbands_kurtosis": {
        "max": 6.21258449554,
        "mean": -0.00561769725755,
        "min": -1.61266505718,
        "stdev": 1.09685730934
    },
    "erbbands_skewness": {
        "max": 2.50018763542,
        "mean": 0.271947383881,
        "min": -1.7671970129,
        "stdev": 0.61146068573
    },
    "erbbands_spread": {
        "max": 71.713684082,
        "mean": 29.855594635,
        "min": 5.81987857819,
        "stdev": 13.7737483978
    },
    "hfc": {
        "max": 90.9052276611,
        "mean": 18.0152263641,
        "min": 0.0417425557971,
        "stdev": 13.4914169312
    },
    "loudness_ebu128": {
        "integrated": -17.699848175,
        "loudness_range": 6.30371284485,
        "momentary": {
            "max": -13.5192975998,
            "mean": -19.2239379883,
            "min": -38.7743453979,
            "stdev": 4.34736156464
        },
        "short_term": {
            "max": -14.9306497574,
            "mean": -18.6106357574,
            "min": -26.0998706818,
            "stdev": 2.36625909805
        }
    },
    "melbands_crest": {
        "max": 31.3372688293,
        "mean": 15.1760349274,
        "min": 3.47676849365,
        "stdev": 5.64240550995
    },
    "melbands_flatness_db": {
        "max": 0.439757227898,
        "mean": 0.211716100574,
        "min": 0.0698801204562,
        "stdev": 0.0677582919598
    },
    "melbands_kurtosis": {
        "max": 231.34022522,
        "mean": 9.45335197449,
        "min": -1.26410937309,
        "stdev": 17.1101856232
    },
    "melbands_skewness": {
        "max": 13.0396137238,
        "mean": 2.20363879204,
        "min": -0.627167224884,
        "stdev": 1.53118979931
    },
    "melbands_spread": {
        "max": 80.3565216064,
        "mean": 20.5838565826,
        "min": 1.93882274628,
        "stdev": 13.2916975021
    },
    "pitch_salience": {
        "max": 0.843305289745,
        "mean": 0.551385164261,
        "min": 0.124491229653,
        "stdev": 0.123869381845
    },
    "silence_rate_20dB": {
        "max": 1,
        "mean": 1,
        "min": 1,
        "stdev": 0
    },
    "silence_rate_30dB": {
        "max": 1,
        "mean": 0.998572468758,
        "min": 0,
        "stdev": 0.0377558730543
    },
    "silence_rate_60dB": {
        "max": 1,
        "mean": 0.0785153433681,
        "min": 0,
        "stdev": 0.268980711699
    },
    "spectral_centroid": {
        "max": 3157.02929688,
        "mean": 1251.93945312,
        "min": 264.025604248,
        "stdev": 576.954528809
    },
    "spectral_complexity": {
        "max": 38,
        "mean": 17.9150600433,
        "min": 0,
        "stdev": 8.50371646881
    },
    "spectral_decrease": {
        "max": -1.11022215726e-11,
        "mean": -6.15945072724e-09,
        "min": -3.01834361949e-08,
        "stdev": 4.95534413503e-09
    },
    "spectral_energy": {
        "max": 0.121436096728,
        "mean": 0.0248812306672,
        "min": 4.85936179757e-05,
        "stdev": 0.0196304507554
    },
    "spectral_energyband_high": {
        "max": 0.00412231963128,
        "mean": 0.00034322537249,
        "min": 2.00265290573e-07,
        "stdev": 0.000500108464621
    },
    "spectral_energyband_low": {
        "max": 0.065203666687,
        "mean": 0.00585121242329,
        "min": 1.76043819522e-08,
        "stdev": 0.010296266526
    },
    "spectral_energyband_middle_high": {
        "max": 0.0565057210624,
        "mean": 0.00767916860059,
        "min": 1.13917831186e-05,
        "stdev": 0.0079591665417
    },
    "spectral_energyband_middle_low": {
        "max": 0.0582886710763,
        "mean": 0.0112529080361,
        "min": 5.32052490598e-06,
        "stdev": 0.0101792346686
    },
    "spectral_entropy": {
        "max": 8.1352148056,
        "mean": 7.19097566605,
        "min": 5.02146100998,
        "stdev": 0.643341302872
    },
    "spectral_flux": {
        "max": 0.192364364862,
        "mean": 0.0603700764477,
        "min": 0.00341642042622,
        "stdev": 0.0276053324342
    },
    "spectral_kurtosis": {
        "max": 51.9299125671,
        "mean": 6.87629508972,
        "min": 0.340315341949,
        "stdev": 7.58848190308
    },
    "spectral_rms": {
        "max": 0.010884587653,
        "mean": 0.00450830068439,
        "min": 0.000217734719627,
        "stdev": 0.00198736297898
    },
    "spectral_rolloff": {
        "max": 4780.37109375,
        "mean": 1438.45300293,
        "min": 129.19921875,
        "stdev": 845.636657715
    },
    "spectral_skewness": {
        "max": 5.22039747238,
        "mean": 1.68942320347,
        "min": 0.45205065608,
        "stdev": 0.759439051151
    },
    "spectral_spread": {
        "max": 6364084.5,
        "mean": 3282144.5,
        "min": 1162039.5,
        "stdev": 1097613.75
    },
    "spectral_strongpeak": {
        "max": 8.43670463562,
        "mean": 1.10034167767,
        "min": 0,
        "stdev": 1.1087141037
    },
    "zerocrossingrate": {
        "max": 0.11767578125,
        "mean": 0.0525719635189,
        "min": 0.005859375,
        "stdev": 0.0221693161875
    },
    "barkbands": {
        "max": [0.00148268742487, 0.0200419370085, 0.0533259883523, 0.0079435845837, 0.0436429157853, 0.0278597939759, 0.0259244870394, 0.0172463748604, 0.012976215221, 0.0427943468094, 0.0206353534013, 0.030594939366, 0.0114852031693, 0.0217040255666, 0.00998290721327, 0.0066709513776, 0.0052328305319, 0.00479502324015, 0.00449439883232, 0.00293165026233, 0.00249638874084, 0.00129652151372, 0.000634479220025, 0.00025686371373, 0.000167378428159, 1.59213323059e-05, 4.59289225319e-07],
        "mean": [1.15965494842e-05, 0.000966549327131, 0.0047649377957, 0.000247165735345, 0.00377118727192, 0.00177482888103, 0.00331156607717, 0.000700496078935, 0.00118990649935, 0.00233266199939, 0.000579298124649, 0.00113184819929, 0.000943139486481, 0.000596694124397, 0.000893519900274, 0.000312606163789, 0.000427457358455, 0.000263716385234, 0.000230426943745, 0.000166111203725, 0.000109181470179, 8.11066856841e-05, 4.14892056142e-05, 2.0309291358e-05, 1.29129784909e-05, 5.3252597354e-07, 1.19788767794e-09],
        "min": [3.26270746531e-11, 1.34136118879e-10, 1.51265466819e-09, 4.7648915924e-09, 1.15386811217e-07, 3.32263709879e-08, 1.27856367271e-07, 7.09399561316e-09, 4.63509763904e-07, 1.02882404462e-06, 5.75714373952e-08, 2.9702502502e-07, 5.27484132817e-07, 4.98996044485e-08, 2.92414938485e-07, 2.16441492285e-07, 1.58005022399e-07, 1.47603060441e-07, 9.40211251077e-08, 2.29991119483e-08, 1.2301789809e-07, 1.78419430341e-08, 1.2482238354e-08, 7.65480834275e-09, 7.32190558184e-11, 3.61266259963e-11, 4.08827624532e-11],
        "stdev": [5.87081740377e-05, 0.00183304434177, 0.00855436641723, 0.000591091520619, 0.00610699504614, 0.00326063670218, 0.00517914956436, 0.00147458224092, 0.00177108985372, 0.00462824897841, 0.00132029608358, 0.00238119415008, 0.00164675852284, 0.00142231071368, 0.00149127759505, 0.000433280743891, 0.000656900461763, 0.00038658970152, 0.000354110088665, 0.000290796539048, 0.000199902933673, 0.000139763506013, 6.14850650891e-05, 2.85204660031e-05, 2.60876768152e-05, 1.58234172432e-06, 1.27668648986e-08]
    },
    "erbbands": {
        "max": [0.440173268318, 4.83253240585, 55.5764007568, 32.2526893616, 92.9187698364, 186.151931763, 272.859649658, 312.778717041, 392.514556885, 261.47467041, 468.268157959, 383.174560547, 457.410217285, 1575.68713379, 692.519470215, 651.147155762, 585.376098633, 1209.07177734, 629.341369629, 358.109008789, 466.068054199, 322.836761475, 336.799407959, 132.440811157, 285.065673828, 142.61895752, 119.439247131, 71.4021148682, 50.9865150452, 20.1854171753, 23.3192577362, 8.3897819519, 3.96027731895, 2.24050068855, 1.75804746151, 0.177647426724, 0.00866316445172, 0.000285194953904, 7.50880280975e-05, 0.000141124444781],
        "mean": [0.00827756058425, 0.391193836927, 4.93889808655, 2.62581086159, 6.8368434906, 14.6366643906, 12.208864212, 15.4370174408, 48.8307113647, 21.1802177429, 21.5622310638, 31.7498607635, 32.474193573, 85.6330871582, 33.7080154419, 38.1360702515, 45.9866485596, 30.3164901733, 54.8921966553, 22.6941490173, 23.3606681824, 18.9886951447, 17.2447605133, 11.8148212433, 11.1707706451, 7.75067615509, 5.58091306686, 3.5464155674, 2.91311168671, 1.84542357922, 1.15037620068, 0.539076805115, 0.289898365736, 0.154209047556, 0.0889898687601, 0.00984609685838, 0.000332986266585, 1.85194803635e-05, 1.50999640027e-05, 2.95794252452e-05],
        "min": [3.01398728197e-08, 6.28121313184e-07, 9.62046487984e-06, 3.89799497498e-05, 5.2699502703e-05, 0.000273633777397, 0.000754236243665, 0.00120442733169, 0.00115954014473, 0.00349679915234, 0.0187090653926, 0.0121005317196, 0.0148623250425, 0.0301660578698, 0.021193690598, 0.0234332177788, 0.0331489294767, 0.0251308549196, 0.0342894718051, 0.0166335590184, 0.0175037458539, 0.0109956003726, 0.0092984996736, 0.0087602911517, 0.00604774989188, 0.00146081415005, 0.00390866957605, 0.00347469630651, 0.000888741924427, 0.000506311596837, 0.000342785642715, 0.000158876966452, 3.03964043269e-05, 5.95203437115e-06, 4.46915646535e-06, 5.18593424204e-07, 1.53520630874e-07, 5.59510091591e-08, 4.11688994006e-08, 6.3986547616e-08],
        "stdev": [0.0261200834066, 0.715667188168, 8.9329996109, 4.3054265976, 11.9510774612, 25.2331123352, 30.1045131683, 27.1857318878, 77.7459793091, 27.921005249, 40.6863517761, 45.4044456482, 49.5864448547, 172.378967285, 54.9679756165, 64.263343811, 80.7835006714, 75.4654693604, 91.0952529907, 26.1324443817, 31.4732437134, 27.7470264435, 26.0106487274, 14.1272010803, 19.9952049255, 13.6789226532, 10.5420274734, 5.81605672836, 4.89720630646, 2.76326823235, 1.8608455658, 0.790491223335, 0.424551576376, 0.285025954247, 0.198130294681, 0.0226346049458, 0.000784185191151, 3.0508657801e-05, 1.06218813016e-05, 2.2450747565e-05]
    },
    "gfcc": {
        "mean": [-48.3831367493, 115.19606781, -176.85458374, 23.2950820923, -77.7997436523, 4.03050327301, -42.6643180847, -10.621805191, -20.3632526398, -15.6704416275, -7.56433105469, -17.085062027, -0.559657633305],
        "cov": [[5527.81152344, 283.038604736, 985.986450195, 1203.98352051, 219.287261963, 446.3828125, -33.7676963806, 233.233566284, 58.0242195129, 275.075317383, 182.920654297, 148.644058228, -67.4900512695], [283.038604736, 1302.34362793, 586.696350098, 22.6875534058, 282.234680176, -131.684326172, 123.104911804, -257.489990234, 79.0974349976, -16.2802600861, 164.265594482, -39.7000236511, -19.0140857697], [985.986450195, 586.696350098, 2122.65893555, 1232.33862305, 450.103393555, 531.978820801, -199.540420532, 172.1277771, -288.880554199, 376.417907715, 0.810917258263, 72.2085876465, -40.7395973206], [1203.98352051, 22.6875534058, 1232.33862305, 1350.82568359, 351.363983154, 580.780944824, -20.7735443115, 317.908508301, -13.4880151749, 274.605926514, 50.6901016235, 62.4621887207, -21.169260025], [219.287261963, 282.234680176, 450.103393555, 351.363983154, 268.867431641, 177.236129761, 34.196849823, 47.7068977356, -8.07664108276, 92.5182418823, 32.9401473999, 14.5555038452, -21.2604961395], [446.3828125, -131.684326172, 531.978820801, 580.780944824, 177.236129761, 449.377380371, 70.840927124, 254.198104858, -22.4993095398, 136.209609985, -0.267918884754, -19.0732707977, -29.5858764648], [-33.7676963806, 123.104911804, -199.540420532, -20.7735443115, 34.196849823, 70.840927124, 251.862518311, 69.6970062256, 119.473396301, -48.4864349365, 55.4610939026, -46.8862991333, -21.9362239838], [233.233566284, -257.489990234, 172.1277771, 317.908508301, 47.7068977356, 254.198104858, 69.6970062256, 292.295654297, 23.2137145996, 74.4417266846, -10.1127567291, -3.8551659584, -16.4533462524], [58.0242195129, 79.0974349976, -288.880554199, -13.4880151749, -8.07664108276, -22.4993095398, 119.473396301, 23.2137145996, 214.058288574, -43.1325950623, 71.4144668579, -19.2920150757, 7.73246574402], [275.075317383, -16.2802600861, 376.417907715, 274.605926514, 92.5182418823, 136.209609985, -48.4864349365, 74.4417266846, -43.1325950623, 186.474456787, 13.8718795776, 48.6173210144, -15.0014677048], [182.920654297, 164.265594482, 0.810917258263, 50.6901016235, 32.9401473999, -0.267918884754, 55.4610939026, -10.1127567291, 71.4144668579, 13.8718795776, 99.1671295166, 16.7846870422, -3.64639687538], [148.644058228, -39.7000236511, 72.2085876465, 62.4621887207, 14.5555038452, -19.0732707977, -46.8862991333, -3.8551659584, -19.2920150757, 48.6173210144, 16.7846870422, 101.154586792, 16.8859977722], [-67.4900512695, -19.0140857697, -40.7395973206, -21.169260025, -21.2604961395, -29.5858764648, -21.9362239838, -16.4533462524, 7.73246574402, -15.0014677048, -3.64639687538, 16.8859977722, 54.5848045349]],
        "icov": [[0.000310997420456, -0.000905184191652, 0.00073460576823, -0.000667361018714, 0.000978353898972, -0.0007583227125, 0.000719159666914, -0.000362566293916, 0.00054360361537, -0.000273150508292, 0.00030126364436, -0.000808434328064, 0.000626576307695], [-0.000905184191652, 0.0134088778868, -0.010783828795, 0.00635304534808, -0.0115176560357, 0.010048892349, -0.00936686713248, 0.00641776388511, -0.00859226845205, 0.00461200345308, -0.00993699580431, 0.00822135340422, -0.00362468115054], [0.00073460576823, -0.010783828795, 0.0107855899259, -0.00661348365247, 0.00797437131405, -0.00791289005429, 0.0080544212833, -0.00476063694805, 0.00949141569436, -0.00492570456117, 0.00701678683981, -0.00545455422252, 0.0027136343997], [-0.000667361018714, 0.00635304534808, -0.00661348365247, 0.00687339156866, -0.00616413354874, 0.00196149619296, -0.00319650559686, 0.00221220985986, -0.00674549676478, 0.00266751321033, -0.00468600122258, 0.00238664890639, -0.0022006474901], [0.000978353898972, -0.0115176560357, 0.00797437131405, -0.00616413354874, 0.0179295446724, -0.0104845101014, 0.00609111459926, -0.00309475255199, 0.00623158784583, -0.00447082193568, 0.00840666238219, -0.0085318647325, 0.0046638851054], [-0.0007583227125, 0.010048892349, -0.00791289005429, 0.00196149619296, -0.0104845101014, 0.0181055236608, -0.00977018754929, -4.82969735458e-05, -0.00355974934064, 0.00122823100537, -0.00668217986822, 0.0103269750252, -0.00359263480641], [0.000719159666914, -0.00936686713248, 0.0080544212833, -0.00319650559686, 0.00609111459926, -0.00977018754929, 0.0155126238242, -0.00605886103585, 0.00339613482356, -0.000720292096958, 0.00302171264775, -0.0045806588605, 0.00482262019068], [-0.000362566293916, 0.00641776388511, -0.00476063694805, 0.00221220985986, -0.00309475255199, -4.82969735458e-05, -0.00605886103585, 0.0118615105748, -0.00551540544257, 0.000974090653472, -0.00197325181216, 0.00209289835766, -0.000729225343093], [0.00054360361537, -0.00859226845205, 0.00949141569436, -0.00674549676478, 0.00623158784583, -0.00355974934064, 0.00339613482356, -0.00551540544257, 0.0177516192198, -0.0036827782169, 6.02266918577e-05, -0.00173266744241, -0.000639749574475], [-0.000273150508292, 0.00461200345308, -0.00492570456117, 0.00266751321033, -0.00447082193568, 0.00122823100537, -0.000720292096958, 0.000974090653472, -0.0036827782169, 0.0130790583789, -0.00527844764292, -0.00176534825005, 0.0018652350409], [0.00030126364436, -0.00993699580431, 0.00701678683981, -0.00468600122258, 0.00840666238219, -0.00668217986822, 0.00302171264775, -0.00197325181216, 6.02266918577e-05, -0.00527844764292, 0.0261705294251, -0.0100649204105, 0.00400542840362], [-0.000808434328064, 0.00822135340422, -0.00545455422252, 0.00238664890639, -0.0085318647325, 0.0103269750252, -0.0045806588605, 0.00209289835766, -0.00173266744241, -0.00176534825005, -0.0100649204105, 0.0213299542665, -0.0077274623327], [0.000626576307695, -0.00362468115054, 0.0027136343997, -0.0022006474901, 0.0046638851054, -0.00359263480641, 0.00482262019068, -0.000729225343093, -0.000639749574475, 0.0018652350409, 0.00400542840362, -0.0077274623327, 0.0238529853523]]
    },
    "melbands": {
        "max": [0.00502494489774, 0.0195118933916, 0.00478668976575, 0.0121111702174, 0.00750378193334, 0.00618989951909, 0.00602037040517, 0.00231938809156, 0.00350848003291, 0.00228732125834, 0.00233180308715, 0.00702513707802, 0.00148112699389, 0.0041347364895, 0.0010279584676, 0.00122191943228, 0.00274045486003, 0.000937813427299, 0.00109554000665, 0.000240518798819, 0.000586386653595, 0.00039306274266, 0.000377295509679, 0.000194725667825, 0.000122850644402, 0.000281546730548, 0.00012277791393, 8.91810122994e-05, 0.000105749342765, 4.95348067489e-05, 6.06092144153e-05, 3.2084157283e-05, 1.94999865926e-05, 1.59399260156e-05, 1.98408088181e-05, 1.13523828986e-05, 6.15340650256e-06, 3.44224872606e-06, 2.63920605903e-06, 1.78653556304e-06],
        "mean": [0.000150713211042, 0.00172270508483, 0.000564448186196, 0.000929721223656, 0.000423150049755, 0.000329936650814, 0.000755669898354, 0.00019279733533, 0.000184723423445, 0.00018721287779, 0.000164690340171, 0.000368428271031, 9.17749566725e-05, 0.000147566854139, 7.70183542045e-05, 8.70347794262e-05, 5.39238717465e-05, 8.68450297276e-05, 4.85701857542e-05, 2.0914056222e-05, 2.93528337352e-05, 1.98005345737e-05, 2.02960309252e-05, 1.1445185919e-05, 9.07954654394e-06, 9.42838778428e-06, 6.1881005422e-06, 4.85481496071e-06, 3.95131564801e-06, 2.51402752838e-06, 1.93667142412e-06, 1.82826966011e-06, 1.2357105561e-06, 9.05924423478e-07, 7.34685556836e-07, 4.23245268166e-07, 2.80104927697e-07, 2.15933823711e-07, 1.61837959922e-07, 1.1267584199e-07],
        "min": [3.13862685841e-11, 3.03694069892e-09, 7.67130714507e-09, 2.01374419362e-08, 2.53780729764e-08, 2.97221554035e-08, 2.38615012194e-08, 5.53555494776e-08, 1.84528730074e-07, 5.75762975075e-08, 7.3206564366e-08, 1.12184537215e-07, 4.28598241342e-08, 2.87164851898e-08, 4.64405189859e-08, 5.84484318722e-08, 8.27702706374e-09, 2.50914737876e-08, 1.54185961776e-08, 1.18385212744e-08, 8.2403373014e-09, 8.76311379017e-09, 8.4561602165e-09, 7.62760787865e-09, 5.79571635129e-09, 5.23469267932e-09, 1.50124279674e-09, 6.77515710201e-10, 1.25828991671e-09, 2.90538593184e-09, 1.37509026388e-09, 3.14093390186e-10, 3.6235425771e-10, 2.6191565583e-10, 1.97774019384e-10, 9.20520742964e-11, 7.74562983197e-11, 1.58743573841e-11, 5.60510231978e-12, 6.51000575062e-13],
        "stdev": [0.00031479349127, 0.00309743080288, 0.000775044434704, 0.0016326677287, 0.000859132560436, 0.000574674806558, 0.00119064212777, 0.000239254339249, 0.000318313308526, 0.000279054424027, 0.000260090630036, 0.000759618531447, 0.000139307623613, 0.000319899641909, 0.000143471625051, 0.00013916491298, 0.000168538099388, 0.000138844494359, 7.57591260481e-05, 2.51182973443e-05, 4.302697198e-05, 3.20713588735e-05, 3.45150583598e-05, 1.73901607923e-05, 1.20682725537e-05, 1.83667525562e-05, 1.07004789243e-05, 9.23331663216e-06, 8.70031908562e-06, 4.5473134378e-06, 4.01392708227e-06, 3.3737405829e-06, 1.93998675968e-06, 1.47746879975e-06, 1.35835284709e-06, 6.71357497595e-07, 4.31416196989e-07, 3.30846575025e-07, 2.78943190324e-07, 2.21590298111e-07]
    },
    "melbands128": {
        "max": [0.00127687840723, 0.00396878318861, 0.00827917922288, 0.00815501064062, 0.0294586345553, 0.0221955087036, 0.00755449384451, 0.00551749020815, 0.0114567922428, 0.0221762862056, 0.00992080103606, 0.00581469293684, 0.0135768987238, 0.0082319509238, 0.0115916570649, 0.0084728077054, 0.00286590401083, 0.0116167291999, 0.00904167070985, 0.00191392202396, 0.00145039800555, 0.00468184053898, 0.00542415771633, 0.00310620549135, 0.00418085791171, 0.00411571376026, 0.00192794576287, 0.00415547192097, 0.00343465572223, 0.0148274218664, 0.00529512297362, 0.00491338036954, 0.000704901816789, 0.00128554122057, 0.0100161442533, 0.0029280052986, 0.00226677814499, 0.000525952200405, 0.00313874986023, 0.00155070819892, 0.00192665553186, 0.000658935983665, 0.0039692921564, 0.00362118938938, 0.00142912834417, 0.00139928550925, 0.00182406464592, 0.00229936954565, 0.000690561020747, 0.000305796391331, 0.00029141138657, 0.000735729408916, 0.00151458999608, 0.000837261322886, 0.000782388378866, 0.000751061481424, 0.000526270887349, 0.00106073427014, 0.000388627959182, 0.000782989431173, 0.00036118272692, 0.000161293588462, 0.000314208242344, 0.000149551371578, 0.00024992832914, 0.000376363605028, 0.000440268951934, 0.000123826204799, 0.000172505620867, 0.000349652284058, 0.000201709117391, 0.000225495459745, 0.000134601403261, 0.000191634069779, 4.86086901219e-05, 9.37974473345e-05, 6.00014027441e-05, 3.54621297447e-05, 0.000102670092019, 0.00012167715613, 4.79361187899e-05, 5.21843176102e-05, 4.09382810176e-05, 3.10497780447e-05, 3.23783169733e-05, 1.64481243701e-05, 3.35157201334e-05, 3.80005258194e-05, 4.48657592642e-05, 1.02016520032e-05, 9.48499473452e-06, 1.90940900211e-05, 9.40669451666e-06, 9.4526740213e-06, 9.19534159038e-06, 4.46480817118e-06, 5.32488002136e-06, 5.61991100767e-06, 4.02075011152e-06, 2.55367967839e-06, 2.92020013148e-06, 1.57043155014e-06, 2.37748145082e-06, 3.41822578775e-06, 2.89627655548e-06, 2.28174030781e-06, 8.16115459656e-07, 4.6850593094e-07, 5.90963111335e-07, 3.11845013812e-07, 6.03859939829e-09, 2.63484700724e-09, 2.51664244999e-09, 2.43189224314e-09, 2.35610708721e-09, 2.27242691331e-09, 2.19677653845e-09, 2.14430539991e-09, 2.07760098014e-09, 2.0293442482e-09, 1.98632932324e-09, 1.9473043178e-09, 1.91738758204e-09, 1.87261850471e-09, 1.84060300334e-09, 1.82921522374e-09, 1.81020287648e-09, 1.80137038619e-09],
        "mean": [8.2733522504e-06, 3.06960901071e-05, 6.34397438262e-05, 0.000640324025881, 0.00259479577653, 0.00198822026141, 0.00045732606668, 0.000130596279632, 0.000536112638656, 0.00153387675527, 0.000761211384088, 0.000247400806984, 0.00041863383376, 0.000476679997519, 0.000397171359509, 0.000176116198418, 0.00036380419624, 0.00133370910771, 0.000609844748396, 7.1891976404e-05, 6.62872480461e-05, 0.000185681681614, 0.00018907863705, 0.000187254336197, 0.000266895716777, 0.000157230431796, 8.84187902557e-05, 0.00012833965593, 0.00017507650773, 0.000623802596238, 0.000329428527039, 0.00011165883916, 4.88343866891e-05, 5.53433019377e-05, 0.000263009482296, 0.000131129767396, 6.2875005824e-05, 2.0532452254e-05, 0.000155263391207, 0.000109169683128, 8.05119416327e-05, 2.45110495598e-05, 5.57300445507e-05, 5.83145229029e-05, 7.03803016222e-05, 9.6365394711e-05, 0.000119726864796, 3.58072284143e-05, 2.75534166576e-05, 2.59727166849e-05, 1.50401920109e-05, 1.91655944946e-05, 3.36946104653e-05, 3.14789394906e-05, 3.15182442137e-05, 1.18484904306e-05, 1.33043122332e-05, 2.92409149552e-05, 1.73987555172e-05, 1.7153310182e-05, 1.01865744e-05, 7.67063102103e-06, 9.575549484e-06, 8.82893891685e-06, 1.08319773062e-05, 8.7713033281e-06, 1.01305686258e-05, 5.91901243752e-06, 5.21072615811e-06, 6.370524261e-06, 3.64372408512e-06, 6.08879690844e-06, 3.95248298446e-06, 4.0625359361e-06, 2.40143231167e-06, 3.44507748196e-06, 1.98350994651e-06, 1.69890904544e-06, 1.8757508542e-06, 2.24451127906e-06, 2.11810265682e-06, 1.47939499584e-06, 1.39707753988e-06, 1.17005765787e-06, 1.30010744215e-06, 8.66169273195e-07, 9.25699055188e-07, 5.57645137178e-07, 9.92318518911e-07, 5.63892115224e-07, 4.40039201521e-07, 3.93475772853e-07, 3.82469067972e-07, 2.50301155802e-07, 2.49903450822e-07, 2.4033957402e-07, 2.18060378643e-07, 1.60722365194e-07, 1.60843512731e-07, 1.6881470799e-07, 1.39737352356e-07, 8.55212505257e-08, 1.01645021289e-07, 1.228276858e-07, 1.45772887095e-07, 8.66832436941e-08, 2.75755205337e-08, 1.01182289214e-08, 1.69364628988e-08, 3.90161680741e-09, 1.28474253805e-11, 7.59360716668e-12, 6.88108641247e-12, 6.47218650202e-12, 6.3907212855e-12, 6.14828153667e-12, 5.7712567364e-12, 5.6120091213e-12, 5.46765237253e-12, 5.32288622901e-12, 5.19180922212e-12, 5.08795262866e-12, 5.00923261204e-12, 4.90879255646e-12, 4.77371354252e-12, 4.61057797843e-12, 4.50801852445e-12, 4.47560478262e-12],
        "min": [7.16047056717e-12, 7.3436673409e-12, 1.50167118323e-11, 5.62483531974e-11, 3.16222270591e-10, 9.23440657274e-10, 1.43887579629e-09, 1.15224263464e-09, 3.94001986592e-09, 8.69491856292e-09, 6.64573107656e-09, 2.07915054062e-08, 1.30946187227e-08, 3.32981087148e-09, 7.0216948922e-10, 3.65460617324e-09, 1.34063142809e-08, 4.6642671947e-09, 2.94229813846e-08, 1.8969620541e-08, 1.25571486542e-09, 8.02764910102e-10, 4.13224299223e-08, 6.28155589766e-08, 5.30834682877e-08, 5.39157829493e-09, 1.3167812396e-09, 3.45236994548e-09, 4.87048268383e-08, 2.3480130551e-07, 4.30887041603e-08, 8.95466545359e-09, 1.83346748894e-09, 1.11588622786e-08, 1.55164823212e-08, 2.03745464944e-08, 1.4524633718e-09, 2.19572822147e-08, 7.24513640193e-08, 6.96146500445e-08, 7.1635841703e-10, 1.75499370592e-09, 2.61026644743e-09, 5.99680483049e-09, 1.58163193653e-09, 1.73444139051e-08, 4.04173974289e-08, 2.28339880337e-09, 1.24436805304e-09, 2.43729658678e-09, 3.0423114028e-10, 5.5443871716e-09, 3.79032227826e-09, 1.39430522683e-09, 1.44936163071e-09, 1.0539213946e-09, 5.81359360652e-09, 5.72338532123e-09, 2.98469693405e-09, 5.49020440221e-10, 3.91601723271e-10, 1.00432440142e-09, 2.39518582745e-09, 5.17692944069e-10, 1.15005183154e-09, 5.67746338831e-09, 3.09003889143e-09, 3.64365954075e-10, 3.2813807227e-10, 6.02585481513e-10, 2.83836038006e-10, 1.36723715682e-10, 1.43562539634e-09, 6.67844224367e-10, 4.53830889535e-10, 9.88280679515e-10, 1.11929510105e-09, 1.03574718247e-10, 6.68550048655e-10, 6.01686311885e-10, 1.28620225581e-10, 1.7646784034e-10, 1.69427791241e-10, 1.95403068726e-10, 1.28850194403e-10, 2.9783599198e-11, 3.16745268902e-10, 7.830225357e-11, 2.87416791755e-11, 1.16007993142e-11, 6.24854334941e-12, 1.42305819906e-11, 6.44049327758e-11, 3.83470338816e-11, 6.37506497245e-12, 3.68940381718e-12, 2.99228090223e-13, 2.48352011699e-13, 4.11847585115e-13, 3.27897079063e-13, 5.5618297511e-13, 1.81184887514e-13, 1.68830390206e-13, 2.15221232763e-13, 1.58885423806e-13, 2.06637224692e-13, 1.47796935823e-13, 1.3459686924e-13, 1.70447559062e-13, 1.45856146171e-13, 1.1267619189e-13, 1.20780867404e-13, 1.398119359e-13, 1.09045652824e-13, 9.47603473011e-14, 1.13558502066e-13, 1.23562035712e-13, 1.32209578029e-13, 1.3373930598e-13, 1.28260385169e-13, 1.20145931507e-13, 1.05637124482e-13, 1.22159010338e-13, 1.16098157563e-13, 9.12534614929e-14, 4.64030533833e-14, 5.02995226782e-15, 1.7763837327e-16],
        "stdev": [4.97561850352e-05, 0.000202166222152, 0.00032527334406, 0.00121518399101, 0.00476262113079, 0.00355142075568, 0.000834786565974, 0.000352998700691, 0.0010964727262, 0.00289770564996, 0.00140960165299, 0.000636843731627, 0.00146555714309, 0.0009890840156, 0.000900584098417, 0.000475790235214, 0.000561875349376, 0.00229452201165, 0.000945663894527, 0.000136151851621, 0.000125781793031, 0.000414878129959, 0.000468868907774, 0.000345644191839, 0.000421055330662, 0.000332911382429, 0.000199868838536, 0.000319541839417, 0.00035883297096, 0.00155333988369, 0.000667899963446, 0.000299196603009, 7.82455026638e-05, 0.000117699884868, 0.000740867224522, 0.000271283002803, 0.0001636154484, 4.15073045588e-05, 0.000421059841756, 0.000194469132111, 0.000181006180355, 5.48397183593e-05, 0.000252496800385, 0.000214746542042, 0.000147312428453, 0.000199304457055, 0.0002660190803, 0.000120034288557, 4.84412921651e-05, 3.77405922336e-05, 2.93956163659e-05, 3.9907565224e-05, 7.22953263903e-05, 6.55855110381e-05, 6.99791562511e-05, 4.03721605835e-05, 3.49768051819e-05, 7.21167671145e-05, 3.09174574795e-05, 4.19366588176e-05, 2.42673540924e-05, 1.20362519738e-05, 1.86250254046e-05, 1.42734770634e-05, 1.96004093596e-05, 2.38190041273e-05, 3.00579140458e-05, 1.15208822535e-05, 1.0935190403e-05, 2.07897810469e-05, 9.4436109066e-06, 1.58928924066e-05, 9.6495869002e-06, 1.33317353175e-05, 4.56326688436e-06, 9.17484157981e-06, 3.57972248821e-06, 2.65828361989e-06, 5.02945840708e-06, 6.96774577591e-06, 4.87098077429e-06, 3.21538732351e-06, 3.08610265165e-06, 2.08394817491e-06, 2.78587003777e-06, 1.41262819398e-06, 2.18771924665e-06, 1.33058676965e-06, 2.46101785706e-06, 1.08870347049e-06, 7.53676147269e-07, 8.48863635383e-07, 7.61624391998e-07, 5.26301221271e-07, 4.72302332355e-07, 3.88945323948e-07, 4.02963650004e-07, 3.19457598152e-07, 3.06157005525e-07, 3.34074456987e-07, 3.15993020195e-07, 1.75197371277e-07, 2.27606534509e-07, 3.13291337761e-07, 3.38532316846e-07, 2.15984471197e-07, 7.14076549002e-08, 3.15448289712e-08, 5.86604613773e-08, 1.69768217262e-08, 1.78733819411e-10, 7.69570518422e-11, 7.03025485049e-11, 6.76866965255e-11, 6.56653689757e-11, 6.33430877195e-11, 6.1088974157e-11, 5.96115795615e-11, 5.77723667516e-11, 5.63976018664e-11, 5.51963093287e-11, 5.41051717318e-11, 5.32845052803e-11, 5.20605086818e-11, 5.11825443139e-11, 5.08460600013e-11, 5.03175175137e-11, 5.00709231022e-11]
    },
    "mfcc": {
        "mean": [-666.98449707, 128.707168579, -36.9322547913, 7.57309436798, -15.9507608414, -1.1165189743, -13.4690465927, -5.10559749603, -10.0606174469, -6.33637666702, -7.49067544937, -8.55566883087, -7.98249006271],
        "cov": [[5632.77441406, -420.917938232, 653.104492188, 680.028625488, 452.169250488, 351.970733643, 202.834014893, 288.709472656, 94.7044448853, 265.284942627, 47.9683494568, 288.699584961, 447.728668213], [-420.917938232, 1305.57556152, 106.180053711, 6.40318441391, -60.9799385071, -17.1245918274, -68.8044815063, -185.033996582, -145.671829224, -210.690353394, 39.5410842896, -11.193649292, -71.1103286743], [653.104492188, 106.180053711, 1635.56176758, 842.450012207, 794.706359863, 485.936309814, 431.437469482, -5.23869419098, 78.9457855225, 132.227432251, 37.8332176208, 159.615539551, 262.219451904], [680.028625488, 6.40318441391, 842.450012207, 708.94934082, 521.08581543, 354.70690918, 219.167861938, 66.395072937, 62.4406356812, 108.578895569, 48.3271141052, 122.67137146, 224.888412476], [452.169250488, -60.9799385071, 794.706359863, 521.08581543, 591.349121094, 324.580932617, 253.254043579, 57.3250007629, 80.2112350464, 127.497955322, 50.1797943115, 107.34602356, 158.292816162], [351.970733643, -17.1245918274, 485.936309814, 354.70690918, 324.580932617, 302.556427002, 193.340820312, 65.0720443726, 66.5344161987, 101.416610718, 61.9244155884, 77.8359298706, 127.592971802], [202.834014893, -68.8044815063, 431.437469482, 219.167861938, 253.254043579, 193.340820312, 316.304107666, 108.7602005, 105.656082153, 117.902008057, 67.7109298706, 97.5640411377, 97.0972213745], [288.709472656, -185.033996582, -5.23869419098, 66.395072937, 57.3250007629, 65.0720443726, 108.7602005, 229.550674438, 107.021598816, 122.764083862, 50.9283256531, 88.9723434448, 50.554889679], [94.7044448853, -145.671829224, 78.9457855225, 62.4406356812, 80.2112350464, 66.5344161987, 105.656082153, 107.021598816, 147.642028809, 103.56729126, 36.3238601685, 66.3833465576, 49.8751411438], [265.284942627, -210.690353394, 132.227432251, 108.578895569, 127.497955322, 101.416610718, 117.902008057, 122.764083862, 103.56729126, 182.140884399, 54.6274719238, 78.0606689453, 62.1020812988], [47.9683494568, 39.5410842896, 37.8332176208, 48.3271141052, 50.1797943115, 61.9244155884, 67.7109298706, 50.9283256531, 36.3238601685, 54.6274719238, 106.890213013, 63.2195701599, 27.0449867249], [288.699584961, -11.193649292, 159.615539551, 122.67137146, 107.34602356, 77.8359298706, 97.5640411377, 88.9723434448, 66.3833465576, 78.0606689453, 63.2195701599, 199.123748779, 62.649230957], [447.728668213, -71.1103286743, 262.219451904, 224.888412476, 158.292816162, 127.592971802, 97.0972213745, 50.554889679, 49.8751411438, 62.1020812988, 27.0449867249, 62.649230957, 190.084838867]],
        "icov": [[0.000245218456257, 2.77479757642e-05, 1.29340514832e-06, -7.75905064074e-05, 1.54491244757e-05, -4.14940805058e-05, 0.000112937821541, -0.000220628513489, 0.000323090236634, -0.00019188936858, 0.00018853774236, -0.000209656674997, -0.000441029202193], [2.77479757642e-05, 0.00118484848645, -0.000275682745269, -0.000158782859216, 0.00039587932406, -0.000245280796662, 6.06816356594e-05, 0.000304718967527, 0.000303151755361, 0.00145019718911, -0.00125650072005, -0.000336408003932, 0.000405298749683], [1.29340514832e-06, -0.000275682745269, 0.0030377462972, -0.00175848370418, -0.00170850346331, 2.48184023803e-05, -0.00237263576128, 0.00184577552136, 0.000263834779616, -0.000391570589272, 0.00170005636755, -0.000567315495573, -8.52964585647e-05], [-7.75905064074e-05, -0.000158782859216, -0.00175848370418, 0.007187706884, -0.00251244823448, -0.00310933799483, 0.00241570593789, -0.00174292526208, 0.000694112910423, 0.000745974655729, 9.14104530239e-05, -0.000405814294936, -0.00285073486157], [1.54491244757e-05, 0.00039587932406, -0.00170850346331, -0.00251244823448, 0.00765723129734, -0.0023257478606, -0.000563822512049, 0.000493845378514, -0.000354209914804, -0.000999420182779, -0.000180813600309, -7.24810961401e-05, 0.00125135923736], [-4.14940805058e-05, -0.000245280796662, 2.48184023803e-05, -0.00310933799483, -0.0023257478606, 0.0120495175943, -0.00248697446659, 0.000145982412505, -8.59566716827e-05, -0.00137614971027, -0.00272044306621, 0.00133878458291, -0.00085148710059], [0.000112937821541, 6.06816356594e-05, -0.00237263576128, 0.00241570593789, -0.000563822512049, -0.00248697446659, 0.00889486074448, -0.00263511249796, -0.00203295028768, 5.08434641233e-05, -0.00209444994107, -0.000114762849989, -0.000679549062625], [-0.000220628513489, 0.000304718967527, 0.00184577552136, -0.00174292526208, 0.000493845378514, 0.000145982412505, -0.00263511249796, 0.00988859962672, -0.00286865071394, -0.00289531587623, 2.74704889307e-05, -0.0016208847519, 0.000585244677495], [0.000323090236634, 0.000303151755361, 0.000263834779616, 0.000694112910423, -0.000354209914804, -8.59566716827e-05, -0.00203295028768, -0.00286865071394, 0.0142295295373, -0.00437276205048, 0.000828533724416, -0.00136061746161, -0.00165312411264], [-0.00019188936858, 0.00145019718911, -0.000391570589272, 0.000745974655729, -0.000999420182779, -0.00137614971027, 5.08434641233e-05, -0.00289531587623, -0.00437276205048, 0.0143887652084, -0.0036479961127, -0.000560299144126, 0.000302289321553], [0.00018853774236, -0.00125650072005, 0.00170005636755, 9.14104530239e-05, -0.000180813600309, -0.00272044306621, -0.00209444994107, 2.74704889307e-05, 0.000828533724416, -0.0036479961127, 0.0157079417259, -0.00325960083865, -0.00051443441771], [-0.000209656674997, -0.000336408003932, -0.000567315495573, -0.000405814294936, -7.24810961401e-05, 0.00133878458291, -0.000114762849989, -0.0016208847519, -0.00136061746161, -0.000560299144126, -0.00325960083865, 0.00814117025584, -0.000397262803745], [-0.000441029202193, 0.000405298749683, -8.52964585647e-05, -0.00285073486157, 0.00125135923736, -0.00085148710059, -0.000679549062625, 0.000585244677495, -0.00165312411264, 0.000302289321553, -0.00051443441771, -0.000397262803745, 0.0102016655728]]
    },
    "spectral_contrast_coeffs": {
        "max": [-0.251659184694, -0.360455542803, -0.37989500165, -0.454812914133, -0.560543656349, -0.455984890461],
        "mean": [-0.602629959583, -0.709606289864, -0.714808046818, -0.740938484669, -0.750129401684, -0.71467512846],
        "min": [-0.899407148361, -0.941320955753, -0.915786862373, -0.925286769867, -0.886272847652, -0.868942916393],
        "stdev": [0.119857847691, 0.102368891239, 0.106860525906, 0.102235928178, 0.0595041774213, 0.0579967722297]
    },
    "spectral_contrast_valleys": {
        "max": [-5.12829637527, -5.34556674957, -5.6455116272, -5.7308807373, -6.47842025757, -9.3901052475],
        "mean": [-8.12208557129, -6.94062709808, -7.5668592453, -7.81259965897, -8.09410095215, -11.3671207428],
        "min": [-12.28008461, -11.3438205719, -11.5293741226, -11.3394031525, -11.5697555542, -15.5323867798],
        "stdev": [1.59519886971, 0.888209044933, 1.01512670517, 1.06076025963, 1.01294052601, 1.11801314354]
    }
},
"rhythm": {
    "beats_count": 62,
    "beats_loudness": {
        "max": 0.0683052763343,
        "mean": 0.0281167719513,
        "min": 0.000452585954918,
        "stdev": 0.0185227803886
    },
    "bpm": 125.191444397,
    "bpm_histogram_first_peak_bpm": 126,
    "bpm_histogram_first_peak_weight": 0.541666686535,
    "bpm_histogram_second_peak_bpm": 99,
    "bpm_histogram_second_peak_spread": 0.357142806053,
    "bpm_histogram_second_peak_weight": 0.147540986538,
    "danceability": 0.865592718124,
    "onset_rate": 1.66113269329,
    "beats_loudness_band_ratio": {
        "max": [0.84168612957, 0.737472712994, 0.608906924725, 0.622864067554, 0.380267381668, 0.181891083717],
        "mean": [0.229611441493, 0.216848000884, 0.233607679605, 0.210256487131, 0.117727383971, 0.0344305112958],
        "min": [7.19533200026e-05, 0.00155069027096, 0.0100654056296, 0.0232028942555, 0.00879878178239, 0.000689404027071],
        "stdev": [0.23648224771, 0.201757013798, 0.14984357357, 0.164189845324, 0.0927225798368, 0.0392725020647]
    },
    "beats_position": [0.580498874187, 1.18421769142, 1.77632653713, 2.36843538284, 2.96054410934, 3.50621318817, 4.04027223587, 4.65560102463, 5.27092981339, 5.87464857101, 6.47836732864, 7.08208608627, 7.6858048439, 8.28952407837, 8.90485286713, 9.49696159363, 10.0890703201, 10.6347389221, 11.1804075241, 11.7260770798, 12.2136955261, 12.689704895, 13.177324295, 13.6649427414, 14.1525621414, 14.6285715103, 15.1161899567, 15.6154193878, 16.1030387878, 16.5906581879, 17.0666656494, 17.5542850494, 18.0302944183, 18.5179138184, 18.9939231873, 19.458322525, 19.9343299866, 20.4103393555, 20.8863487244, 21.3739681244, 21.8499774933, 22.3143768311, 22.7787742615, 23.2547836304, 23.7307929993, 24.2764625549, 24.8221302032, 25.37940979, 25.9366893768, 26.4939670563, 27.0512466431, 27.6085262299, 28.1658039093, 28.6185932159, 29.0597724915, 29.500951767, 29.9421310425, 30.3717002869, 30.8128795624, 31.265668869, 31.7184581757, 32.171245575],
