{
"metadata": {
    "version": {
        "essentia": "2.1-beta5",
        "essentia_git_sha": "Undefined",
        "extractor": "music 2.0"
    },
    "audio_properties": {
        "analysis": {
            "equal_loudness": 0,
            "length": 32.4963264465,
            "sample_rate": 44100,
            "start_time": 77.7520217896,
            "downmix": "mix"
        },
        "bit_rate": 192000,
        "length": 232.292434692,
        "lossless": 0,
        "number_channels": 2,
        "replay_gain": -7.87827301025,
        "sample_rate": 48000,
        "codec": "mp3",
        "md5_encoded": "0465fa5db3ee4b40b90f4194eec2594a"
    },
    "tags": {
        "file_name": "Lithuania_What_s Happened To Your Love_Linas ir Simona.mp3",
        "encoding": ["Lavf58.29.100"]
    }
},
"lowlevel": {
    "average_loudness": 0.838796436787,
    "barkbands_crest": {
        "max": 24.3290519714,
        "mean": 9.6553106308,
        "min": 3.09945869446,
        "stdev": 4.00240516663
    },
    "barkbands_flatness_db": {
        "max": 0.344127714634,
        "mean": 0.126200348139,
        "min": 0.0297256652266,
        "stdev": 0.0421064347029
    },
    "barkbands_kurtosis": {
        "max": 86.0966873169,
        "mean": 4.68239545822,
        "min": -1.86068189144,
        "stdev": 7.83743906021
    },
    "barkbands_skewness": {
        "max": 7.95072555542,
        "mean": 1.54262721539,
        "min": -2.0549082756,
        "stdev": 1.24444770813
    },
    "barkbands_spread": {
        "max": 98.0582427979,
        "mean": 22.9238986969,
        "min": 1.49923574924,
        "stdev": 15.8198108673
    },
    "dissonance": {
        "max": 0.500000119209,
        "mean": 0.455796211958,
        "min": 0.224966093898,
        "stdev": 0.0329486429691
    },
    "dynamic_complexity": 3.03563189507,
    "erbbands_crest": {
        "max": 31.4738521576,
        "mean": 10.0833377838,
        "min": 2.56784248352,
        "stdev": 5.06138420105
    },
    "erbbands_flatness_db": {
        "max": 0.315735727549,
        "mean": 0.148794353008,
        "min": 0.0530783012509,
        "stdev": 0.0477766804397
    },
    "erbbands_kurtosis": {
        "max": 20.8523578644,
        "mean": 1.22782433033,
        "min": -1.78811812401,
        "stdev": 2.73456263542
    },
    "erbbands_skewness": {
        "max": 4.52373409271,
        "mean": 0.592530310154,
        "min": -2.13541817665,
        "stdev": 0.860483765602
    },
    "erbbands_spread": {
        "max": 151.168243408,
        "mean": 40.8058280945,
        "min": 4.57787036896,
        "stdev": 25.3041248322
    },
    "hfc": {
        "max": 176.605743408,
        "mean": 20.3594894409,
        "min": 0.543081700802,
        "stdev": 19.9796009064
    },
    "loudness_ebu128": {
        "integrated": -16.1899318695,
        "loudness_range": 4.57298851013,
        "momentary": {
            "max": -10.8717012405,
            "mean": -16.8738479614,
            "min": -22.9933223724,
            "stdev": 2.45896029472
        },
        "short_term": {
            "max": -13.4430370331,
            "mean": -16.4473876953,
            "min": -19.4763717651,
            "stdev": 1.66325819492
        }
    },
    "melbands_crest": {
        "max": 32.1909255981,
        "mean": 13.344628334,
        "min": 4.11862802505,
        "stdev": 4.89021158218
    },
    "melbands_flatness_db": {
        "max": 0.423981487751,
        "mean": 0.188538879156,
        "min": 0.0536342039704,
        "stdev": 0.0553385689855
    },
    "melbands_kurtosis": {
        "max": 208.404098511,
        "mean": 14.9629840851,
        "min": -1.5889043808,
        "stdev": 23.6026287079
    },
    "melbands_skewness": {
        "max": 12.4821300507,
        "mean": 2.55213832855,
        "min": -0.939426124096,
        "stdev": 1.90302753448
    },
    "melbands_spread": {
        "max": 155.420944214,
        "mean": 23.3929538727,
        "min": 1.045388937,
        "stdev": 17.3510608673
    },
    "pitch_salience": {
        "max": 0.801746487617,
        "mean": 0.550278782845,
        "min": 0.100894235075,
        "stdev": 0.107430413365
    },
    "silence_rate_20dB": {
        "max": 1,
        "mean": 1,
        "min": 1,
        "stdev": 0
    },
    "silence_rate_30dB": {
        "max": 1,
        "mean": 0.988579571247,
        "min": 0,
        "stdev": 0.106255151331
    },
    "silence_rate_60dB": {
        "max": 1,
        "mean": 0.0314061380923,
        "min": 0,
        "stdev": 0.174412474036
    },
    "spectral_centroid": {
        "max": 3339.80712891,
        "mean": 1185.87756348,
        "min": 301.268157959,
        "stdev": 548.473205566
    },
    "spectral_complexity": {
        "max": 53,
        "mean": 15.2162742615,
        "min": 1,
        "stdev": 8.35676956177
    },
    "spectral_decrease": {
        "max": -1.18033249841e-10,
        "mean": -5.69814773144e-09,
        "min": -5.58921691152e-08,
        "stdev": 5.89084914182e-09
    },
    "spectral_energy": {
        "max": 0.217215850949,
        "mean": 0.0233527906239,
        "min": 0.000494744395837,
        "stdev": 0.0234672259539
    },
    "spectral_energyband_high": {
        "max": 0.0125424126163,
        "mean": 0.000823131122161,
        "min": 8.67373455549e-06,
        "stdev": 0.00124500587117
    },
    "spectral_energyband_low": {
        "max": 0.0978504791856,
        "mean": 0.00614677602425,
        "min": 4.89175363327e-06,
        "stdev": 0.0117463897914
    },
    "spectral_energyband_middle_high": {
        "max": 0.0751452594995,
        "mean": 0.00567909097299,
        "min": 4.87972101837e-05,
        "stdev": 0.00903756823391
    },
    "spectral_energyband_middle_low": {
        "max": 0.212532296777,
        "mean": 0.0114538799971,
        "min": 0.000322238338413,
        "stdev": 0.0159844923764
    },
    "spectral_entropy": {
        "max": 8.78343582153,
        "mean": 7.61607933044,
        "min": 5.45040416718,
        "stdev": 0.445370942354
    },
    "spectral_flux": {
        "max": 0.319382607937,
        "mean": 0.0847255438566,
        "min": 0.0143720107153,
        "stdev": 0.0486516132951
    },
    "spectral_kurtosis": {
        "max": 20.7673110962,
        "mean": 4.11826372147,
        "min": -1.2573236227,
        "stdev": 2.84672665596
    },
    "spectral_rms": {
        "max": 0.014557399787,
        "mean": 0.00433785794303,
        "min": 0.000694749935064,
        "stdev": 0.00199152273126
    },
    "spectral_rolloff": {
        "max": 11477.1972656,
        "mean": 1617.61828613,
        "min": 107.666015625,
        "stdev": 1799.18566895
    },
    "spectral_skewness": {
        "max": 3.54238557816,
        "mean": 1.65568447113,
        "min": 0.341293811798,
        "stdev": 0.465304225683
    },
    "spectral_spread": {
        "max": 16905388,
        "mean": 5644836,
        "min": 2532454,
        "stdev": 2056778
    },
    "spectral_strongpeak": {
        "max": 13.4661874771,
        "mean": 1.21946132183,
        "min": 0,
        "stdev": 1.67980408669
    },
    "zerocrossingrate": {
        "max": 0.3623046875,
        "mean": 0.069544352591,
        "min": 0.01318359375,
        "stdev": 0.0404845997691
    },
    "barkbands": {
        "max": [0.00421816203743, 0.067105948925, 0.0629802048206, 0.0279968231916, 0.0708457529545, 0.141011819243, 0.027792500332, 0.0624300688505, 0.13256123662, 0.043198119849, 0.0279197432101, 0.04808049649, 0.0482934825122, 0.0132914446294, 0.0204313881695, 0.0589170493186, 0.0109002208337, 0.00378986820579, 0.00537613453344, 0.00164013565518, 0.0017119187396, 0.00121903442778, 0.00282070366666, 0.00507306447253, 0.00491011934355, 0.00113675999455, 0.00018627679674],
        "mean": [2.5476265364e-05, 0.00308948592283, 0.00240959809162, 0.00128055328969, 0.00261094560847, 0.00291251530871, 0.00114686705638, 0.00122327019926, 0.00203156517819, 0.00125408836175, 0.000577815517318, 0.000637311313767, 0.00109917914961, 0.00038747486542, 0.00047472701408, 0.000453879038105, 0.000382836034987, 0.000264157803031, 0.00019620906096, 0.000119961849123, 0.00011172980885, 0.000110121683974, 0.000158467984875, 0.000167697726283, 0.000161969932378, 5.98024271312e-05, 5.09245410285e-06],
        "min": [4.30395363793e-09, 4.14222313339e-07, 8.67575522534e-07, 3.15213185331e-07, 1.75493587449e-05, 7.69613325247e-06, 6.41505630483e-06, 4.39249333795e-06, 7.28559825802e-06, 8.39129188535e-06, 2.46101080847e-06, 1.64105199474e-06, 3.02711646327e-06, 2.33909054259e-06, 1.85460351076e-06, 1.00927263702e-06, 1.55882037234e-06, 1.46266984302e-06, 1.86720444617e-06, 9.6707310604e-07, 8.12943426354e-07, 9.41459802561e-07, 1.04313937754e-06, 1.11040526463e-06, 3.05646125298e-07, 2.01952857992e-07, 2.22094426183e-10],
        "stdev": [0.000119860567793, 0.00721821561456, 0.00580195244402, 0.00221256376244, 0.00510769803077, 0.00941647216678, 0.00259931385517, 0.00355864944868, 0.00649229483679, 0.00364743033424, 0.0017127020983, 0.00234830658883, 0.00392442243174, 0.000932113442104, 0.00128052011132, 0.00186435796786, 0.000809621007647, 0.000414564448874, 0.000384402053896, 0.000194378371816, 0.000195269924006, 0.000177948226337, 0.000258783256868, 0.000330116803525, 0.000364851177437, 0.000114508264232, 1.31168535518e-05]
    },
    "erbbands": {
        "max": [1.51544523239, 16.3247375488, 60.9528236389, 91.6016769409, 128.413970947, 147.049102783, 1956.39318848, 714.93939209, 459.668518066, 871.032104492, 2033.49621582, 4209.24902344, 948.336791992, 1538.58874512, 1161.93896484, 1992.27185059, 2691.27197266, 831.232666016, 1138.7923584, 1261.22094727, 2242.72680664, 412.950531006, 187.159301758, 249.726425171, 340.767089844, 93.8333740234, 46.6268615723, 74.6809234619, 53.5999908447, 59.0825424194, 85.91381073, 108.054573059, 76.4707489014, 73.2942657471, 18.765745163, 10.666800499, 1.61477315426, 0.378358542919, 0.0312147252262, 0.000710036198143],
        "mean": [0.06198072806, 0.807448148727, 2.57182216644, 3.7830915451, 6.3912858963, 6.87852239609, 25.5722503662, 17.9854869843, 18.0916690826, 17.8140029907, 29.6155891418, 54.941532135, 31.7437515259, 36.7613983154, 25.6092777252, 30.1234474182, 56.2054901123, 21.8973731995, 26.5807743073, 22.4427967072, 24.942987442, 17.8696880341, 15.9289932251, 10.5545282364, 9.58357429504, 5.87009859085, 4.19233798981, 4.3373169899, 4.04149532318, 4.36327934265, 4.27636909485, 3.45300793648, 2.96651244164, 2.0131251812, 0.988061666489, 0.341938704252, 0.0986704006791, 0.0143433948979, 0.000956427596975, 5.45248476556e-05],
        "min": [1.12056668513e-05, 9.88505707937e-05, 0.00165947887581, 0.00267517124303, 0.0226067844778, 0.040551636368, 0.0362979508936, 0.0933979377151, 0.0890375077724, 0.168903693557, 0.206922009587, 0.190396785736, 0.17793443799, 0.270085304976, 0.0972180068493, 0.0920438617468, 0.153522759676, 0.119440175593, 0.192255318165, 0.0739986971021, 0.0748615860939, 0.0865911468863, 0.0740422606468, 0.0963203012943, 0.0852570086718, 0.0517519041896, 0.0418655462563, 0.0291422363371, 0.041347309947, 0.0254128910601, 0.0200267340988, 0.0273974891752, 0.0149213047698, 0.00381821789779, 0.0020345444791, 0.0009181011701, 0.000339009682648, 4.38242532255e-05, 2.33503055824e-06, 1.35141397095e-06],
        "stdev": [0.158778265119, 1.83132696152, 5.81680679321, 7.44347429276, 11.1575040817, 11.8264169693, 117.768249512, 40.2164993286, 40.0498085022, 48.5619430542, 89.3954086304, 191.133468628, 71.9169158936, 108.675544739, 69.9554748535, 102.196968079, 209.181060791, 47.5654449463, 66.6880340576, 54.8143692017, 77.0082473755, 32.2959365845, 24.5391159058, 16.7804012299, 19.9510421753, 9.64840698242, 6.79860877991, 7.93676567078, 6.74704360962, 7.10811758041, 7.04454755783, 6.04585933685, 6.35186719894, 5.05931997299, 2.02627158165, 0.709756791592, 0.198315367103, 0.0295943338424, 0.00226911669597, 7.30742394808e-05]
    },
    "gfcc": {
        "mean": [0.941505908966, 77.1916732788, -106.553565979, 22.9499702454, -63.6052093506, 17.0260238647, -47.0365600586, 12.7060642242, -24.6895656586, -1.51848530769, -19.1276283264, -0.463740468025, -13.6787366867],
        "cov": [[2867.03979492, -896.474914551, -112.307296753, 22.9474639893, 141.223495483, 187.878631592, 37.2995834351, 120.165527344, -109.602745056, 70.6859970093, -55.5008430481, 51.3374481201, -74.8823471069], [-896.474914551, 1169.12939453, -78.4665603638, 10.6063375473, 80.7086029053, -12.7475395203, 150.608779907, -37.2372550964, 110.094429016, -87.6488647461, 101.443351746, -41.415348053, 28.8371982574], [-112.307296753, -78.4665603638, 988.743408203, 296.825592041, -0.522933244705, 139.59375, 82.8417510986, -5.77257585526, 44.8293037415, 64.0555648804, -61.0514564514, 51.525642395, -67.0621795654], [22.9474639893, 10.6063375473, 296.825592041, 499.878753662, 78.4152984619, 43.3496856689, -9.73649406433, 16.2958602905, 79.3635025024, 3.68711876869, -36.9097862244, 28.6834774017, 38.1853218079], [141.223495483, 80.7086029053, -0.522933244705, 78.4152984619, 236.749801636, 67.2178878784, 49.6261444092, 33.5060424805, 18.2721843719, 12.4388589859, -14.6644697189, -7.09849739075, -8.56338977814], [187.878631592, -12.7475395203, 139.59375, 43.3496856689, 67.2178878784, 281.090087891, 156.336074829, 13.2009038925, -25.6296901703, 40.5865364075, 5.31542110443, -16.491399765, -46.2702713013], [37.2995834351, 150.608779907, 82.8417510986, -9.73649406433, 49.6261444092, 156.336074829, 247.810440063, 30.8225364685, -13.01541996, -3.04617857933, 1.68193745613, -5.44547319412, -55.0802726746], [120.165527344, -37.2372550964, -5.77257585526, 16.2958602905, 33.5060424805, 13.2009038925, 30.8225364685, 155.727416992, 42.6989746094, -3.76848220825, 2.28717899323, -16.9156246185, 12.9252710342], [-109.602745056, 110.094429016, 44.8293037415, 79.3635025024, 18.2721843719, -25.6296901703, -13.01541996, 42.6989746094, 111.676696777, 8.78729343414, -5.84089660645, -11.1669340134, 16.9608459473], [70.6859970093, -87.6488647461, 64.0555648804, 3.68711876869, 12.4388589859, 40.5865364075, -3.04617857933, -3.76848220825, 8.78729343414, 90.9678955078, 21.6357040405, 9.22323417664, -20.1464138031], [-55.5008430481, 101.443351746, -61.0514564514, -36.9097862244, -14.6644697189, 5.31542110443, 1.68193745613, 2.28717899323, -5.84089660645, 21.6357040405, 118.782211304, 16.88646698, 22.56731987], [51.3374481201, -41.415348053, 51.525642395, 28.6834774017, -7.09849739075, -16.491399765, -5.44547319412, -16.9156246185, -11.1669340134, 9.22323417664, 16.88646698, 94.5762405396, 24.689201355], [-74.8823471069, 28.8371982574, -67.0621795654, 38.1853218079, -8.56338977814, -46.2702713013, -55.0802726746, 12.9252710342, 16.9608459473, -20.1464138031, 22.56731987, 24.689201355, 101.695320129]],
        "icov": [[0.000565023103263, 0.000463265139842, 0.000204113894142, -9.98994728434e-05, -0.000347330147633, -0.000289819639875, -4.76269997307e-05, -0.000289188144961, 4.21441509388e-05, 0.000211543025216, -0.000147705315612, -0.000430061423685, 0.000478708301671], [0.000463265139842, 0.00227113929577, 5.16056315973e-05, 0.000146423510159, -0.00113088521175, 0.000395528681111, -0.00179149152245, 0.00167028431315, -0.0027212514542, 0.00253366981633, -0.00249970937148, 0.000752681167796, -9.39407473197e-05], [0.000204113894142, 5.16056315973e-05, 0.00170181319118, -0.000969254644588, 0.000547699222807, -0.000688878935762, -6.2151120801e-05, -0.0002472292108, -0.000244151306106, -0.000771262100898, 0.000779671769124, -0.00130215031095, 0.00138334312942], [-9.98994728434e-05, 0.000146423510159, -0.000969254644588, 0.0032924155239, -0.00102107040584, -0.000626118213404, 0.000429460284067, 0.000641252088826, -0.0022306132596, 0.00106040586252, 0.000294125988148, -0.000401187920943, -0.00159603846259], [-0.000347330147633, -0.00113088521175, 0.000547699222807, -0.00102107040584, 0.00575940171257, -0.00103643827606, 0.000258348736679, -0.00145941285882, 0.000862843240611, -0.00198702607304, 0.00196059490554, -0.000416677794419, 0.000276861159364], [-0.000289819639875, 0.000395528681111, -0.000688878935762, -0.000626118213404, -0.00103643827606, 0.00768878264353, -0.00487160449848, 0.000784661853686, 0.00176528573502, -0.00280100363307, -0.00103822047822, 0.00300397980027, -0.00122020428535], [-4.76269997307e-05, -0.00179149152245, -6.2151120801e-05, 0.000429460284067, 0.000258348736679, -0.00487160449848, 0.00949611701071, -0.0030345513951, 0.00159485859331, 0.00140761956573, 0.00124993140344, -0.00290965568274, 0.00404678331688], [-0.000289188144961, 0.00167028431315, -0.0002472292108, 0.000641252088826, -0.00145941285882, 0.000784661853686, -0.0030345513951, 0.00996868219227, -0.00573573634028, 0.00249807164073, -0.00250780512579, 0.00261599454097, -0.00239394162782], [4.21441509388e-05, -0.0027212514542, -0.000244151306106, -0.0022306132596, 0.000862843240611, 0.00176528573502, 0.00159485859331, -0.00573573634028, 0.0170420948416, -0.00644149677828, 0.00371030019596, 0.00135690451134, -0.00132327643223], [0.000211543025216, 0.00253366981633, -0.000771262100898, 0.00106040586252, -0.00198702607304, -0.00280100363307, 0.00140761956573, 0.00249807164073, -0.00644149677828, 0.0187093634158, -0.00661894027144, -0.00150263600517, 0.00414805533364], [-0.000147705315612, -0.00249970937148, 0.000779671769124, 0.000294125988148, 0.00196059490554, -0.00103822047822, 0.00124993140344, -0.00250780512579, 0.00371030019596, -0.00661894027144, 0.0135492030531, -0.00259176106192, -0.00261534098536], [-0.000430061423685, 0.000752681167796, -0.00130215031095, -0.000401187920943, -0.000416677794419, 0.00300397980027, -0.00290965568274, 0.00261599454097, 0.00135690451134, -0.00150263600517, -0.00259176106192, 0.0149371111766, -0.00539010344073], [0.000478708301671, -9.39407473197e-05, 0.00138334312942, -0.00159603846259, 0.000276861159364, -0.00122020428535, 0.00404678331688, -0.00239394162782, -0.00132327643223, 0.00414805533364, -0.00261534098536, -0.00539010344073, 0.0166195835918]]
    },
    "melbands": {
        "max": [0.0170586612076, 0.024681173265, 0.0157293435186, 0.00701584899798, 0.0529133565724, 0.0163398683071, 0.00668899295852, 0.00969333108515, 0.0183652136475, 0.0260029751807, 0.00469825370237, 0.00648443354294, 0.00398067058995, 0.00347499852069, 0.00572122586891, 0.00421323534101, 0.00142822752241, 0.00154666660819, 0.00116479233839, 0.00497191445902, 0.00176272005774, 0.00061757810181, 0.000355110445525, 0.000203019619221, 0.000234291001107, 0.000236475461861, 0.00020270353707, 4.80405542476e-05, 3.06522124447e-05, 4.57134628959e-05, 4.41702686658e-05, 3.63996223314e-05, 2.6821389838e-05, 3.64915467799e-05, 5.01027643622e-05, 6.52347516734e-05, 6.65567204123e-05, 5.38469066669e-05, 6.21082799626e-05, 5.87521099078e-05],
        "mean": [0.0007353455876, 0.00124905665871, 0.000743035168853, 0.000467893783934, 0.000752597174142, 0.000435925234342, 0.000267390423687, 0.000206973127206, 0.000255455437582, 0.000337055826094, 0.000153331944603, 0.000157152142492, 8.33624944789e-05, 7.17150760465e-05, 0.000109945001896, 9.35050920816e-05, 3.58243451046e-05, 4.15400863858e-05, 3.17794074363e-05, 3.43542269547e-05, 2.88859682769e-05, 1.8846571038e-05, 1.88625253941e-05, 1.10876981125e-05, 8.13462702354e-06, 7.32515763957e-06, 5.60684566153e-06, 3.44964178112e-06, 2.46541185334e-06, 2.71150406661e-06, 2.40228405346e-06, 2.28378689826e-06, 2.13621046896e-06, 2.54944848166e-06, 2.45072465077e-06, 2.43851877713e-06, 2.01051352633e-06, 2.06119557333e-06, 2.03898980544e-06, 1.59574017289e-06],
        "min": [1.17917664966e-07, 6.73951092267e-07, 7.15995497558e-07, 3.84716804547e-06, 1.3466699329e-06, 1.49502079694e-06, 1.00850536455e-06, 8.98981397768e-07, 1.07869573185e-06, 9.94992888081e-07, 8.62324611717e-07, 7.94580557795e-07, 3.76853193984e-07, 1.60103141411e-07, 2.25786692454e-07, 2.30763887998e-07, 1.97965817961e-07, 2.3445164743e-07, 1.30062545622e-07, 5.38176934128e-08, 6.74919036214e-08, 8.72621939152e-08, 5.8615274412e-08, 5.85360275807e-08, 7.84543701116e-08, 6.61358470211e-08, 3.56242360056e-08, 2.75570322117e-08, 1.92817015687e-08, 1.63662683406e-08, 1.16425207253e-08, 1.67447193888e-08, 1.05409121431e-08, 1.4460571407e-08, 7.11963554778e-09, 1.45592222722e-08, 1.437449626e-08, 1.13016342951e-08, 4.12686240736e-09, 2.13561857088e-09],
        "stdev": [0.00179640634451, 0.0025791847147, 0.00125220534392, 0.0007293697563, 0.00318008894101, 0.00102542061359, 0.00058925698977, 0.0005885027349, 0.000808544747997, 0.001187238493, 0.00038217951078, 0.00048948568292, 0.000252566300333, 0.000206772994716, 0.00040565742529, 0.00032006832771, 8.75535261002e-05, 0.000103094098449, 8.54590325616e-05, 0.000157609407324, 7.33113411115e-05, 3.91052562918e-05, 3.43912797689e-05, 1.80854840437e-05, 1.42346125358e-05, 1.52501443154e-05, 1.09802331281e-05, 5.95197889197e-06, 4.00347789764e-06, 5.31447676622e-06, 4.52134827356e-06, 3.99441114496e-06, 3.45355579157e-06, 4.3079671741e-06, 4.11815562984e-06, 4.17039063905e-06, 3.74113938051e-06, 4.17690625909e-06, 5.35246226718e-06, 4.04087541028e-06]
    },
    "melbands128": {
        "max": [0.00237901718356, 0.00924787577242, 0.028392503038, 0.0267357882112, 0.0320922359824, 0.0307198502123, 0.0215157903731, 0.0129026109353, 0.0171742085367, 0.00996047444642, 0.00504527240992, 0.0324097014964, 0.0993856340647, 0.0379713587463, 0.0213348958641, 0.00878696702421, 0.0110160335898, 0.012590540573, 0.00827298127115, 0.0141109135002, 0.0156966038048, 0.00968587305397, 0.0347039662302, 0.0179092735052, 0.047048587352, 0.0238268915564, 0.00453826552257, 0.00903434678912, 0.0140930209309, 0.010862310417, 0.00922345835716, 0.00586555339396, 0.00672627938911, 0.00634408881888, 0.00540002295747, 0.00451032165438, 0.0102159800008, 0.0117286071181, 0.00792084634304, 0.0122049180791, 0.00237946817651, 0.00396592868492, 0.00191486987751, 0.00118922651745, 0.00241094478406, 0.00207470264286, 0.00536858988926, 0.00244639324956, 0.000901539169718, 0.00149719312321, 0.00760159408674, 0.00902931019664, 0.000883157073986, 0.00105129240546, 0.0021992677357, 0.000704528880306, 0.000386673782486, 0.00079366506543, 0.000520055589732, 0.000227966957027, 0.000448006234365, 0.000121885663248, 0.000205832897336, 0.000508553523105, 0.000400985765737, 0.000181051887921, 0.000663336017169, 0.000417712406488, 0.00013964077516, 0.000153567438247, 8.55667967699e-05, 5.79841398576e-05, 4.008333417e-05, 6.14422460785e-05, 5.89361152379e-05, 6.50779693387e-05, 7.40020986996e-05, 4.32452725363e-05, 6.19807979092e-05, 3.69568188034e-05, 4.10598368035e-05, 4.47245402029e-05, 4.8396152124e-05, 3.42804232787e-05, 3.51894377673e-05, 4.01054203394e-05, 4.08305386372e-05, 7.11797474651e-05, 6.8096567702e-05, 6.42170052743e-05, 6.49172870908e-05, 7.36328584026e-05, 5.43072019354e-05, 9.13589756237e-05, 5.37566302228e-05, 4.95567073813e-05, 6.23205196462e-05, 7.47185767977e-05, 7.22948534531e-05, 0.00010717297846, 9.65102444752e-05, 4.55791414424e-05, 5.74240912101e-05, 3.83398073609e-05, 2.53373618762e-05, 2.36651521845e-05, 4.84747033624e-05, 2.56591774814e-05, 2.2279948098e-05, 8.31110901345e-06, 1.00931938505e-05, 1.09454722406e-05, 1.4077931155e-05, 5.02072998643e-06, 5.18675687999e-06, 7.06402852302e-06, 3.1963895708e-06, 2.95672771244e-06, 4.78575429952e-06, 9.84195821729e-07, 6.87963790824e-07, 8.13160625057e-07, 2.85308090042e-07, 1.38082150158e-08, 5.22161958116e-09, 5.19108933617e-09, 5.16552756125e-09, 5.14849407551e-09],
        "mean": [2.14128558582e-05, 0.00031895560096, 0.00112535443623, 0.00136882986408, 0.00134449719917, 0.00115310004912, 0.000745559402276, 0.000648368208203, 0.000692959525622, 0.000470496015623, 0.000254223530646, 0.000554145721253, 0.00110356335063, 0.000740829040296, 0.000375493866159, 0.000300248328131, 0.000277756451396, 0.000305999506963, 0.000197331435629, 0.000157360991579, 0.000259214022662, 0.000214289626456, 0.000265159294941, 0.000243767441134, 0.000451814732514, 0.000367875152733, 8.92674725037e-05, 0.000127848383272, 0.000193263607798, 0.000220261441427, 0.00012572009291, 7.08148654667e-05, 9.46714790189e-05, 8.04630180937e-05, 6.17707773927e-05, 7.43306300137e-05, 7.90935446275e-05, 6.79238000885e-05, 0.00016309786588, 0.000180847768206, 3.94347625843e-05, 4.15467766288e-05, 3.42797793564e-05, 3.19934297295e-05, 3.93305017496e-05, 3.49243018718e-05, 6.17493569735e-05, 2.97742299153e-05, 1.82468393177e-05, 3.05756439047e-05, 3.95215101889e-05, 3.92637339246e-05, 1.71429383045e-05, 3.55804586434e-05, 3.04520890495e-05, 1.16738010547e-05, 1.13518499347e-05, 2.60160686594e-05, 1.86703600775e-05, 1.23829277072e-05, 1.16162891572e-05, 8.53104211274e-06, 9.46016825765e-06, 7.89517616795e-06, 6.50591437079e-06, 6.67139647703e-06, 9.37306595006e-06, 5.60724720344e-06, 4.92669641972e-06, 5.01323029312e-06, 3.40109363606e-06, 2.81630218524e-06, 2.29086367654e-06, 2.58932504948e-06, 2.18653735828e-06, 3.00082933791e-06, 2.8967574508e-06, 2.39725181927e-06, 2.6145442007e-06, 1.99915439225e-06, 2.07376251637e-06, 2.71671706287e-06, 1.98183261091e-06, 1.92636571228e-06, 2.374446467e-06, 2.53918778981e-06, 2.60887327386e-06, 2.61886748376e-06, 2.56925000031e-06, 2.03447507374e-06, 2.78126185549e-06, 2.60204114966e-06, 1.75317723006e-06, 1.98671523322e-06, 2.23139250011e-06, 1.97350300368e-06, 2.04866751119e-06, 2.08393862522e-06, 2.08841674976e-06, 2.12292366086e-06, 1.60507715918e-06, 1.39845781177e-06, 1.6915884089e-06, 1.56268083629e-06, 1.03695742837e-06, 7.97057509772e-07, 8.37511834106e-07, 6.48439936413e-07, 5.77535104185e-07, 4.71559843618e-07, 4.06466426739e-07, 4.21539766648e-07, 2.97448195852e-07, 2.11514361581e-07, 1.6268504055e-07, 1.46651203181e-07, 7.72265025262e-08, 5.50941585686e-08, 4.94744547552e-08, 2.28831638083e-08, 1.25162724629e-08, 1.20606644671e-08, 4.44964465274e-09, 1.34115052397e-10, 7.1293023568e-12, 7.01285774243e-12, 6.93936271293e-12, 6.90926612798e-12],
        "min": [7.12015058024e-10, 1.29626052114e-08, 7.13087189297e-08, 9.22968084183e-08, 1.79391534516e-07, 3.38988428439e-07, 2.34810258348e-07, 1.7461300672e-07, 5.04828506109e-07, 2.48153071425e-07, 9.81794300969e-07, 4.77856247016e-07, 9.93155779838e-08, 5.86184171425e-07, 4.20793725198e-07, 1.70465568772e-07, 4.02155137635e-07, 5.32838839717e-07, 6.44834528885e-07, 1.39289824119e-07, 4.60413588144e-07, 4.5473294108e-07, 2.43327605176e-07, 3.78275728963e-07, 2.05357764571e-07, 3.03344904751e-07, 3.32611023168e-07, 1.65758450521e-07, 4.48821197097e-07, 1.64473732411e-07, 1.5280014054e-07, 2.1674385664e-07, 1.16424359931e-07, 7.99456358891e-08, 6.21406286427e-08, 3.1408614376e-08, 7.56769082955e-08, 1.32051937385e-07, 8.75697381275e-08, 3.96593549112e-08, 8.50317292134e-08, 6.1408471197e-08, 1.06455829041e-07, 4.0239513055e-08, 7.64523377939e-08, 1.09888702582e-07, 8.58189750375e-08, 6.45076170258e-08, 3.35066552282e-08, 3.67985855121e-08, 2.6610864623e-08, 2.46270950299e-08, 3.68634651693e-08, 4.04569888701e-08, 3.87628027454e-08, 5.81494283836e-08, 3.05666816303e-08, 1.21638672468e-08, 2.94825692748e-08, 2.86893317991e-08, 2.35196608855e-08, 3.97073414149e-08, 2.9191713935e-08, 4.48324399827e-08, 3.79747078227e-08, 5.05570696419e-08, 3.95549157872e-08, 2.34540884492e-08, 1.46141907464e-08, 1.42088314448e-08, 9.38302502362e-09, 8.77667893917e-09, 1.07563895568e-08, 9.09468678145e-09, 8.91226381583e-09, 1.24040706595e-08, 1.12192930501e-08, 8.14204526023e-09, 7.72740893495e-09, 9.60950696793e-09, 1.30323671854e-08, 8.60680948733e-09, 8.12473555101e-09, 7.98748356345e-09, 9.31889321265e-09, 1.75872845176e-08, 1.24901973209e-08, 8.38099811773e-09, 7.06413194607e-09, 4.54417348195e-09, 8.1100468563e-09, 1.32837687516e-08, 8.35825542111e-09, 7.03908487054e-09, 7.42719175051e-09, 6.79519374103e-09, 1.06721556037e-08, 3.79306230869e-09, 3.28202776068e-09, 1.75044578832e-09, 1.93783478153e-09, 1.673294725e-09, 1.69479030809e-09, 1.71257952264e-09, 7.48228479175e-10, 8.59639581741e-10, 1.3772787355e-09, 1.12802378549e-09, 1.03617014968e-09, 9.07278474571e-10, 1.07860587129e-09, 5.75335779018e-10, 4.54821152962e-10, 3.26422749941e-10, 4.19508372485e-10, 1.65210983782e-10, 6.52964488035e-12, 2.77059056036e-13, 1.08710485275e-13, 1.15001283778e-13, 8.1736904029e-14, 9.27727607735e-14, 1.01349748635e-13, 6.66672053391e-14, 6.84114223604e-14, 2.49887255528e-14, 3.21342171453e-15, 9.92285399597e-17],
        "stdev": [7.47456870158e-05, 0.000860319647472, 0.00303695420735, 0.00314657343552, 0.00303085963242, 0.00280856434256, 0.00166248867754, 0.0010472163558, 0.001389077981, 0.000981227494776, 0.00044637377141, 0.00196500075981, 0.00594455003738, 0.00275578419678, 0.00105291651562, 0.000821844558232, 0.000764758093283, 0.000926845415961, 0.000537420273758, 0.000650965725072, 0.000989412423223, 0.00060578569537, 0.00134979828727, 0.000882347580045, 0.00203980109654, 0.00144537759479, 0.000283808389213, 0.000428579689469, 0.000842521141749, 0.000844380469061, 0.000531599507667, 0.0002585874754, 0.000418402603827, 0.000323188200127, 0.00023482456163, 0.000280416075839, 0.000466265249997, 0.000496052089147, 0.000695448776241, 0.000859074585605, 0.000118308293168, 0.000180904724402, 0.000116867464385, 9.64467180893e-05, 0.000139412659337, 0.000113566013169, 0.000259393826127, 0.000135008216603, 5.52656456421e-05, 8.39338317746e-05, 0.000249195494689, 0.000276855484117, 4.73330437671e-05, 9.03500185814e-05, 0.000102048536064, 3.06816764351e-05, 2.99552557408e-05, 7.052624278e-05, 3.93127811549e-05, 2.49955501204e-05, 2.82244363916e-05, 1.58012444444e-05, 2.05765845749e-05, 2.06339809665e-05, 1.82161893463e-05, 1.49974666783e-05, 2.95919580822e-05, 1.61415864568e-05, 1.02961339508e-05, 1.1266225556e-05, 7.65262393543e-06, 5.73323632125e-06, 4.2157421376e-06, 4.61633499071e-06, 4.21370350523e-06, 6.05408968113e-06, 7.20234038454e-06, 4.66767914986e-06, 5.50645063413e-06, 3.78036406801e-06, 4.08884170611e-06, 5.06551259605e-06, 3.44683803633e-06, 3.37672759088e-06, 4.23057053922e-06, 4.43085991719e-06, 4.73544832857e-06, 4.97464861837e-06, 4.53427992397e-06, 3.98832617066e-06, 4.92488288728e-06, 4.74229000247e-06, 3.28314263243e-06, 4.2137694436e-06, 4.28264547736e-06, 3.79448897547e-06, 4.38866618424e-06, 5.38836320629e-06, 5.75337344344e-06, 6.24821677775e-06, 4.87594434162e-06, 3.61489469469e-06, 4.07424749937e-06, 3.45775015376e-06, 2.34480307881e-06, 1.79367975761e-06, 2.25182134272e-06, 1.54666224716e-06, 1.40837914842e-06, 9.56278995545e-07, 8.67512028435e-07, 1.13200860596e-06, 7.38959840874e-07, 4.1402515194e-07, 3.56278235358e-07, 3.49674991185e-07, 2.0894638908e-07, 1.82085457823e-07, 1.86788795986e-07, 6.94508131005e-08, 4.92582117317e-08, 5.70761962138e-08, 2.0915924992e-08, 8.84908590848e-10, 1.39902436858e-10, 1.39124031739e-10, 1.38461589416e-10, 1.38017139384e-10]
    },
    "mfcc": {
        "mean": [-646.324645996, 112.004302979, 10.9835205078, 9.50948238373, 8.11361694336, -1.44962847233, -5.29173326492, 5.48819303513, -2.90732598305, 1.64651751518, -3.15218067169, -2.92311668396, -4.58863162994],
        "cov": [[2925.10864258, -775.756347656, -381.517364502, -92.1188201904, 65.3856887817, 25.9591331482, 135.922058105, 50.4544792175, 35.5707702637, -21.5545425415, 4.49825239182, 31.7746295929, 62.2680358887], [-775.756347656, 953.471679688, -95.6413650513, -40.355430603, -64.6228027344, 23.405796051, 36.342300415, 72.8874053955, -39.7643203735, 37.1776161194, 43.862071991, 22.1829185486, -23.3978900909], [-381.517364502, -95.6413650513, 856.408203125, 190.393814087, 35.4410209656, 166.831802368, 21.105682373, 48.3176803589, 61.5215950012, -0.639301478863, 64.9958572388, 32.351726532, 16.692987442], [-92.1188201904, -40.355430603, 190.393814087, 379.633789062, 131.193740845, 43.0476913452, -76.4615249634, 52.6008377075, 57.9789505005, 10.8614215851, -41.3327636719, 5.14138698578, 33.2134170532], [65.3856887817, -64.6228027344, 35.4410209656, 131.193740845, 231.550979614, 9.57200241089, -24.5176753998, -7.0953745842, 50.5581359863, 34.7260284424, -19.3933334351, 7.27090120316, 30.1010818481], [25.9591331482, 23.405796051, 166.831802368, 43.0476913452, 9.57200241089, 292.521728516, 104.191337585, 43.4305152893, 27.5636863708, 2.51192092896, 55.3563575745, 31.2325706482, -22.1439628601], [135.922058105, 36.342300415, 21.105682373, -76.4615249634, -24.5176753998, 104.191337585, 217.550430298, 69.5807723999, 6.52906131744, 26.2892856598, 65.5032958984, 21.9956817627, -12.0383386612], [50.4544792175, 72.8874053955, 48.3176803589, 52.6008377075, -7.0953745842, 43.4305152893, 69.5807723999, 146.782211304, 57.6285324097, 15.7637710571, 20.4222106934, 8.19550609589, 7.46712112427], [35.5707702637, -39.7643203735, 61.5215950012, 57.9789505005, 50.5581359863, 27.5636863708, 6.52906131744, 57.6285324097, 118.754150391, 44.4782867432, 11.8171033859, 0.259878367186, -3.70051407814], [-21.5545425415, 37.1776161194, -0.639301478863, 10.8614215851, 34.7260284424, 2.51192092896, 26.2892856598, 15.7637710571, 44.4782867432, 107.418228149, 37.7683830261, -3.16178059578, -9.76692390442], [4.49825239182, 43.862071991, 64.9958572388, -41.3327636719, -19.3933334351, 55.3563575745, 65.5032958984, 20.4222106934, 11.8171033859, 37.7683830261, 106.757888794, 33.5713272095, -7.40367794037], [31.7746295929, 22.1829185486, 32.351726532, 5.14138698578, 7.27090120316, 31.2325706482, 21.9956817627, 8.19550609589, 0.259878367186, -3.16178059578, 33.5713272095, 77.5112075806, 28.998085022], [62.2680358887, -23.3978900909, 16.692987442, 33.2134170532, 30.1010818481, -22.1439628601, -12.0383386612, 7.46712112427, -3.70051407814, -9.76692390442, -7.40367794037, 28.998085022, 80.7747573853]],
        "icov": [[0.000572616700083, 0.000554154277779, 0.000385319988709, 9.99659096124e-05, -0.000155282774358, -0.000163364646141, -0.000187017736607, -0.000503032119013, 0.000104111924884, 7.77732857387e-05, -0.000185756973224, -0.000174883869477, -0.000309993920382], [0.000554154277779, 0.00181036512367, 0.000511608552188, 0.000212536164327, -7.42403208278e-05, -0.000330561655574, 0.00033370096935, -0.0017712804256, 0.001349410275, -0.000761589384638, -0.000339216116117, -0.00072347628884, 0.000252984318649], [0.000385319988709, 0.000511608552188, 0.00187819031999, -0.000832739286125, 0.000196239430807, -0.000735753099434, -6.10983843217e-05, -9.97450842988e-05, -0.000488094345201, 0.00065636303043, -0.00149543664884, 0.000178487913217, -0.000613438722212], [9.99659096124e-05, 0.000212536164327, -0.000832739286125, 0.00516240252182, -0.00230157887563, -0.00111179740634, 0.00261011510156, -0.00314593827352, 0.000761234492529, -0.00107284460682, 0.00202981475741, -0.000607646885328, -0.000424039375503], [-0.000155282774358, -7.42403208278e-05, 0.000196239430807, -0.00230157887563, 0.00684287352487, -0.000150118561578, -0.000979915610515, 0.00290365261026, -0.00275793159381, -0.00165080744773, 0.0012101236498, -0.0002398154611, -0.0021305733826], [-0.000163364646141, -0.000330561655574, -0.000735753099434, -0.00111179740634, -0.000150118561578, 0.00546367513016, -0.00262779486366, 0.000827838724945, -0.00102208030876, 0.00163010729011, -0.00116628489923, -0.00123994133901, 0.00221352302469], [-0.000187017736607, 0.00033370096935, -6.10983843217e-05, 0.00261011510156, -0.000979915610515, -0.00262779486366, 0.00929116643965, -0.0053930929862, 0.00304293702357, -0.00205346546136, -0.00195689289831, -0.000560933491215, 0.000621384533588], [-0.000503032119013, -0.0017712804256, -9.97450842988e-05, -0.00314593827352, 0.00290365261026, 0.000827838724945, -0.0053930929862, 0.0144162066281, -0.00788425747305, 0.00228777900338, -0.000361083162716, 0.00156894046813, -0.00248360680416], [0.000104111924884, 0.001349410275, -0.000488094345201, 0.000761234492529, -0.00275793159381, -0.00102208030876, 0.00304293702357, -0.00788425747305, 0.0159960370511, -0.00580048747361, 0.00049395149108, -0.00107048323844, 0.00248943036422], [7.77732857387e-05, -0.000761589384638, 0.00065636303043, -0.00107284460682, -0.00165080744773, 0.00163010729011, -0.00205346546136, 0.00228777900338, -0.00580048747361, 0.0151846921071, -0.00651095993817, 0.00312317721546, 0.000421792879933], [-0.000185756973224, -0.000339216116117, -0.00149543664884, 0.00202981475741, 0.0012101236498, -0.00116628489923, -0.00195689289831, -0.000361083162716, 0.00049395149108, -0.00651095993817, 0.0179351121187, -0.00714655546471, 0.00193526258226], [-0.000174883869477, -0.00072347628884, 0.000178487913217, -0.000607646885328, -0.0002398154611, -0.00123994133901, -0.000560933491215, 0.00156894046813, -0.00107048323844, 0.00312317721546, -0.00714655546471, 0.0197960305959, -0.00777418073267], [-0.000309993920382, 0.000252984318649, -0.000613438722212, -0.000424039375503, -0.0021305733826, 0.00221352302469, 0.000621384533588, -0.00248360680416, 0.00248943036422, 0.000421792879933, 0.00193526258226, -0.00777418073267, 0.0178498420864]]
    },
    "spectral_contrast_coeffs": {
        "max": [-0.299766629934, -0.4420761168, -0.48786881566, -0.52003288269, -0.545823574066, -0.691150188446],
        "mean": [-0.695197105408, -0.737644851208, -0.755901277065, -0.781485855579, -0.78967666626, -0.801759839058],
        "min": [-0.878559827805, -0.921936929226, -0.920224189758, -0.900024056435, -0.881097733974, -0.881132900715],
        "stdev": [0.0787699222565, 0.0804651379585, 0.0799430459738, 0.0668985471129, 0.0517889298499, 0.0299387965351]
    },
    "spectral_contrast_valleys": {
        "max": [-4.93285560608, -4.94936656952, -5.62462711334, -5.83349514008, -5.94426727295, -7.52357959747],
        "mean": [-6.81628370285, -6.76363992691, -7.47131633759, -7.72881603241, -7.79566574097, -9.810505867],
        "min": [-9.50475883484, -8.30791568756, -8.89661312103, -9.19130802155, -9.31415367126, -11.9212722778],
        "stdev": [0.725939273834, 0.495781630278, 0.582915186882, 0.598817408085, 0.648449599743, 0.821748316288]
    }
},
"rhythm": {
    "beats_count": 76,
    "beats_loudness": {
        "max": 0.119604334235,
        "mean": 0.0354635342956,
        "min": 0.00539089087397,
        "stdev": 0.0211657695472
    },
    "bpm": 143.003585815,
    "bpm_histogram_first_peak_bpm": 144,
    "bpm_histogram_first_peak_weight": 0.171428561211,
    "bpm_histogram_second_peak_bpm": 129,
    "bpm_histogram_second_peak_spread": 0.333333313465,
    "bpm_histogram_second_peak_weight": 0.0266666673124,
    "danceability": 1.0816732645,
    "onset_rate": 4.39892530441,
    "beats_loudness_band_ratio": {
        "max": [0.961437106133, 0.927447974682, 0.835697770119, 0.657962203026, 0.648835599422, 0.735145509243],
        "mean": [0.427954733372, 0.229871705174, 0.153450295329, 0.103539034724, 0.0721831470728, 0.0897125303745],
        "min": [0.00177698093466, 0.0103454599157, 0.00522763002664, 0.00372843001969, 0.00245766690932, 0.000906139961444],
        "stdev": [0.278265804052, 0.201244428754, 0.159664750099, 0.149362176657, 0.100925303996, 0.105098061264]
    },
