{
"metadata": {
    "version": {
        "essentia": "2.1-beta5",
        "essentia_git_sha": "Undefined",
        "extractor": "music 2.0"
    },
    "audio_properties": {
        "analysis": {
            "equal_loudness": 0,
            "length": 12.7477550507,
            "sample_rate": 44100,
            "start_time": 0,
            "downmix": "mix"
        },
        "bit_rate": 192000,
        "length": 193.921463013,
        "lossless": 0,
        "number_channels": 2,
        "replay_gain": -3.14806747437,
        "sample_rate": 48000,
        "codec": "mp3",
        "md5_encoded": "6ba159864dfab2e9611c7dedf729a94c"
    },
    "tags": {
        "file_name": "Netherlands_Without You_Re-union.mp3",
        "encoding": ["Lavf58.29.100"]
    }
},
"lowlevel": {
    "average_loudness": 0.951363146305,
    "barkbands_crest": {
        "max": 23.2546958923,
        "mean": 10.6010007858,
        "min": 2.77694511414,
        "stdev": 4.53905248642
    },
    "barkbands_flatness_db": {
        "max": 0.307783871889,
        "mean": 0.178066834807,
        "min": 0.048696629703,
        "stdev": 0.0448367521167
    },
    "barkbands_kurtosis": {
        "max": 82.1049118042,
        "mean": 5.71898651123,
        "min": -1.70487129688,
        "stdev": 10.786113739
    },
    "barkbands_skewness": {
        "max": 6.66032314301,
        "mean": 1.71041798592,
        "min": -1.97777307034,
        "stdev": 1.30355668068
    },
    "barkbands_spread": {
        "max": 57.9702301025,
        "mean": 11.6905479431,
        "min": 1.12440681458,
        "stdev": 8.57494449615
    },
    "dissonance": {
        "max": 0.499950051308,
        "mean": 0.477908432484,
        "min": 0.340412586927,
        "stdev": 0.0225993376225
    },
    "dynamic_complexity": 2.65296769142,
    "erbbands_crest": {
        "max": 26.9626789093,
        "mean": 10.0447874069,
        "min": 3.11188340187,
        "stdev": 4.04108762741
    },
    "erbbands_flatness_db": {
        "max": 0.326638907194,
        "mean": 0.234282970428,
        "min": 0.0939912497997,
        "stdev": 0.0520838387311
    },
    "erbbands_kurtosis": {
        "max": 24.3359489441,
        "mean": 1.32693517208,
        "min": -1.53029727936,
        "stdev": 2.38927102089
    },
    "erbbands_skewness": {
        "max": 4.48362064362,
        "mean": 0.933032214642,
        "min": -1.0888017416,
        "stdev": 0.804151117802
    },
    "erbbands_spread": {
        "max": 69.0286331177,
        "mean": 20.8412265778,
        "min": 7.18686294556,
        "stdev": 11.4107112885
    },
    "hfc": {
        "max": 347.203308105,
        "mean": 21.7944698334,
        "min": 1.22804358705e-16,
        "stdev": 21.8347091675
    },
    "loudness_ebu128": {
        "integrated": -20.8304176331,
        "loudness_range": 2.54689216614,
        "momentary": {
            "max": -16.4992485046,
            "mean": -21.7342853546,
            "min": -34.1203613281,
            "stdev": 3.07757759094
        },
        "short_term": {
            "max": -19.617609024,
            "mean": -20.8951435089,
            "min": -22.5573253632,
            "stdev": 0.91431927681
        }
    },
    "melbands_crest": {
        "max": 27.6862869263,
        "mean": 13.0152425766,
        "min": 1.93287622929,
        "stdev": 4.65315532684
    },
    "melbands_flatness_db": {
        "max": 0.400318145752,
        "mean": 0.200706765056,
        "min": 0.0057782153599,
        "stdev": 0.0587312206626
    },
    "melbands_kurtosis": {
        "max": 124.748443604,
        "mean": 10.9665660858,
        "min": -1.259152174,
        "stdev": 15.1091794968
    },
    "melbands_skewness": {
        "max": 8.3764333725,
        "mean": 2.24453425407,
        "min": -0.264157056808,
        "stdev": 1.42393445969
    },
    "melbands_spread": {
        "max": 134.207626343,
        "mean": 16.1888656616,
        "min": 1.21582353115,
        "stdev": 13.7170095444
    },
    "pitch_salience": {
        "max": 0.864635586739,
        "mean": 0.66036272049,
        "min": 0.257247537374,
        "stdev": 0.119283691049
    },
    "silence_rate_20dB": {
        "max": 1,
        "mean": 1,
        "min": 1,
        "stdev": 0
    },
    "silence_rate_30dB": {
        "max": 1,
        "mean": 0.992727279663,
        "min": 0,
        "stdev": 0.0849697068334
    },
    "silence_rate_60dB": {
        "max": 1,
        "mean": 0.0618181824684,
        "min": 0,
        "stdev": 0.240826591849
    },
    "spectral_centroid": {
        "max": 11276.0644531,
        "mean": 1339.34375,
        "min": 255.793945312,
        "stdev": 645.257202148
    },
    "spectral_complexity": {
        "max": 48,
        "mean": 21.7854537964,
        "min": 0,
        "stdev": 9.19472980499
    },
    "spectral_decrease": {
        "max": 1.22155958583e-28,
        "mean": -5.37148459046e-09,
        "min": -1.09502074963e-07,
        "stdev": 5.87764104054e-09
    },
    "spectral_energy": {
        "max": 0.421182274818,
        "mean": 0.0222500599921,
        "min": 1.06776746696e-20,
        "stdev": 0.0231487136334
    },
    "spectral_energyband_high": {
        "max": 0.0367449857295,
        "mean": 0.000344700587448,
        "min": 7.8054208551e-21,
        "stdev": 0.00170397839975
    },
    "spectral_energyband_low": {
        "max": 0.0957697480917,
        "mean": 0.000868359056767,
        "min": 2.6404058022e-23,
        "stdev": 0.00484638381749
    },
    "spectral_energyband_middle_high": {
        "max": 0.0441896542907,
        "mean": 0.0103756096214,
        "min": 1.37880405822e-21,
        "stdev": 0.00848138984293
    },
    "spectral_energyband_middle_low": {
        "max": 0.375107228756,
        "mean": 0.0116402376443,
        "min": 3.11067040026e-22,
        "stdev": 0.0201960187405
    },
    "spectral_entropy": {
        "max": 9.80411529541,
        "mean": 7.43449831009,
        "min": 5.86138916016,
        "stdev": 0.393756181002
    },
    "spectral_flux": {
        "max": 0.492936551571,
        "mean": 0.0819372311234,
        "min": 1.03332835344e-10,
        "stdev": 0.0441703014076
    },
    "spectral_kurtosis": {
        "max": 20.0442962646,
        "mean": 7.82865762711,
        "min": -1.18019831181,
        "stdev": 2.77200603485
    },
    "spectral_rms": {
        "max": 0.0202709026635,
        "mean": 0.00432202033699,
        "min": 3.2275755419e-12,
        "stdev": 0.00173997657839
    },
    "spectral_rolloff": {
        "max": 19229.1503906,
        "mean": 1595.21679688,
        "min": 172.265625,
        "stdev": 1348.40527344
    },
    "spectral_skewness": {
        "max": 3.59545969963,
        "mean": 2.06574225426,
        "min": -0.027033098042,
        "stdev": 0.392556518316
    },
    "spectral_spread": {
        "max": 40115608,
        "mean": 3395097.25,
        "min": 2186259.5,
        "stdev": 2051690.5
    },
    "spectral_strongpeak": {
        "max": 7.04099655151,
        "mean": 1.28544890881,
        "min": 0,
        "stdev": 1.07413637638
    },
    "zerocrossingrate": {
        "max": 0.50634765625,
        "mean": 0.0612242557108,
        "min": 0.01220703125,
        "stdev": 0.0397987738252
    },
    "barkbands": {
        "max": [0.000406058912631, 0.0323338806629, 0.0378367751837, 0.21467846632, 0.151052072644, 0.0606568716466, 0.0251026134938, 0.0597293823957, 0.0810981318355, 0.0295540913939, 0.016190007329, 0.00695702061057, 0.00807195249945, 0.00774319609627, 0.00376042025164, 0.0120095917955, 0.0205640234053, 0.0043794028461, 0.00186362676322, 0.00107549747918, 0.0017776604509, 0.00217758631334, 0.00795578770339, 0.00951362960041, 0.0123379072174, 0.00229234760627, 1.25236397253e-06],
        "mean": [8.73719000083e-06, 0.00025687465677, 0.000284659327008, 0.000994174275547, 0.00250940397382, 0.00225284835324, 0.000233062673942, 0.000609235954471, 0.00374874169938, 0.00435187993571, 0.00172861071769, 0.000924448773731, 0.000932154420298, 0.000885181885678, 0.000584448978771, 0.000482769071823, 0.000398144562496, 0.000415490474552, 0.000270606309641, 6.61985905026e-05, 5.09729361511e-05, 4.53403044958e-05, 4.93558763992e-05, 7.24312194507e-05, 7.38588278182e-05, 2.04200641747e-05, 1.69766742886e-08],
        "min": [1.96997086543e-24, 6.1051511344e-24, 8.04891978765e-24, 1.71910840385e-23, 8.42047422064e-23, 8.58123208244e-23, 2.76630705604e-23, 3.68376112405e-23, 5.19285739999e-23, 3.75098690376e-23, 5.66921137315e-23, 6.88878275956e-23, 8.26119373754e-23, 1.10413730704e-22, 1.40157699581e-22, 1.21278894967e-22, 9.6583497044e-23, 2.04559016462e-22, 2.70780052436e-22, 3.75522983947e-22, 4.35344540444e-22, 4.50256662125e-22, 6.19699693164e-22, 7.90764470762e-22, 1.27589216753e-21, 1.95986935797e-21, 2.34786836015e-21],
        "stdev": [2.99281273328e-05, 0.00162596267182, 0.00173637818079, 0.00933068431914, 0.00895866565406, 0.00606136256829, 0.00122167891823, 0.00277472939342, 0.0073777763173, 0.0049633141607, 0.00191859086044, 0.0010864441283, 0.00102713191882, 0.000986989936791, 0.000532544101588, 0.000824526883662, 0.00103089155164, 0.000443608121714, 0.000320696475683, 9.27661603782e-05, 0.000123502264614, 0.000116100745799, 0.00035471902811, 0.000435675116023, 0.000581938773394, 0.000120497395983, 9.07060950794e-08]
    },
    "erbbands": {
        "max": [0.411007523537, 8.64546966553, 30.7949428558, 341.103149414, 1048.22668457, 178.042648315, 584.214782715, 215.334716797, 143.44619751, 489.361236572, 1607.83300781, 2100.55078125, 1813.20336914, 834.979736328, 907.717529297, 263.04574585, 273.75289917, 465.115112305, 229.648300171, 215.79624939, 926.308349609, 1170.27185059, 217.805145264, 107.255203247, 80.9608535767, 53.8607978821, 66.083442688, 78.5936508179, 81.3756713867, 74.9929580688, 272.759338379, 212.719558716, 173.643554688, 177.339004517, 65.9570159912, 15.0541591644, 3.70268678665, 0.341423600912, 0.00705294543877, 0.000606440473348],
        "mean": [0.00421871664003, 0.070501126349, 0.307774692774, 1.72385036945, 4.77625465393, 7.89321565628, 24.3190593719, 11.7482452393, 3.19159245491, 5.66528940201, 21.7335720062, 73.9366989136, 136.861129761, 115.7891922, 64.5860748291, 39.3349609375, 39.9536323547, 49.2898292542, 35.2555923462, 27.712594986, 26.1131401062, 22.6244716644, 22.6230335236, 19.0184459686, 8.9159488678, 3.37225174904, 2.27084493637, 1.87261092663, 1.74003064632, 1.23009836674, 1.53315830231, 1.24782121181, 1.43034565449, 0.991047263145, 0.454861283302, 0.130643248558, 0.0315251536667, 0.00279155373573, 6.97072100593e-05, 3.05229477817e-05],
        "min": [8.42948301218e-23, 1.6344877868e-21, 7.65027279146e-21, 4.69342441121e-20, 1.44909932878e-19, 2.13300579689e-19, 5.33750077574e-19, 8.62322605396e-19, 3.91144605259e-19, 4.65889369192e-19, 9.61430681802e-19, 9.26660454946e-19, 1.3207620758e-18, 1.6616318325e-18, 3.57590592397e-18, 2.2141193087e-18, 2.87193696558e-18, 5.83684076021e-18, 5.84239155571e-18, 7.68437057864e-18, 6.857091118e-18, 5.58242481921e-18, 1.14734632803e-17, 1.35106180503e-17, 1.19084924537e-17, 1.80434511747e-17, 1.96637457934e-17, 1.44931340829e-17, 1.69865724322e-17, 1.61620321801e-17, 1.76707517148e-17, 1.53600590696e-17, 1.52008168755e-17, 1.26969932737e-17, 8.92905985203e-18, 7.67600612828e-18, 3.53903228021e-18, 1.08366564246e-18, 3.1430686758e-19, 4.14952504724e-20],
        "stdev": [0.0232836268842, 0.434470236301, 1.56358873844, 14.8844575882, 45.3824234009, 21.7577495575, 64.995223999, 28.5713348389, 7.87567234039, 30.4780445099, 75.0080108643, 136.699005127, 188.917327881, 129.107925415, 79.2455978394, 43.116027832, 39.7054176331, 54.9111213684, 32.7008705139, 24.8256549835, 55.529132843, 57.9007911682, 24.4238243103, 18.7429714203, 11.6639270782, 4.67427921295, 5.00675106049, 4.60447454453, 4.42442178726, 3.89229869843, 12.0983753204, 9.66072559357, 8.04683208466, 8.2583990097, 3.17359733582, 0.781982719898, 0.192447036505, 0.0174262747169, 0.000357603566954, 3.89991037082e-05]
    },
    "gfcc": {
        "mean": [-41.2518920898, 67.3117828369, -176.472961426, -10.9823255539, -66.2433242798, 13.3303670883, -40.7168235779, 14.1418428421, -30.5905647278, -12.3523378372, -24.3091888428, -2.43641591072, -10.2822618484],
        "cov": [[5746.67089844, -964.323181152, -624.91204834, -623.079833984, -620.963500977, 132.765274048, -361.087097168, 354.947753906, -364.269439697, -60.2844734192, -147.410430908, -145.353057861, -73.7917938232], [-964.323181152, 1529.40710449, 1383.62585449, 847.577941895, 510.686706543, -173.610519409, -206.717987061, -369.971374512, 34.2338218689, -48.3335380554, 48.5877571106, 252.002105713, 39.8855667114], [-624.91204834, 1383.62585449, 2583.75683594, 1084.25488281, 532.59979248, -167.599700928, -651.129394531, -389.176086426, -167.030227661, -43.6277236938, 20.349319458, 410.812652588, 63.6268577576], [-623.079833984, 847.577941895, 1084.25488281, 816.028808594, 416.838409424, -35.0703887939, -160.414901733, -213.615982056, 63.5613250732, -5.41978216171, -6.8822760582, 180.294433594, 1.70667636395], [-620.963500977, 510.686706543, 532.59979248, 416.838409424, 328.359161377, 33.1159362793, 3.9529747963, -79.349647522, 54.5805244446, -2.02333688736, -18.804479599, 55.4682426453, -23.7212867737], [132.765274048, -173.610519409, -167.599700928, -35.0703887939, 33.1159362793, 191.108886719, 128.644958496, 131.741668701, 33.7819442749, 21.7449359894, -42.9537200928, -103.237167358, -53.7583961487], [-361.087097168, -206.717987061, -651.129394531, -160.414901733, 3.9529747963, 128.644958496, 353.967193604, 117.57308197, 131.163330078, 38.1193695068, -26.9278316498, -138.678741455, -48.692073822], [354.947753906, -369.971374512, -389.176086426, -213.615982056, -79.349647522, 131.741668701, 117.57308197, 209.768875122, 17.6146335602, 14.6115875244, -32.1170043945, -110.286437988, -38.5657234192], [-364.269439697, 34.2338218689, -167.030227661, 63.5613250732, 54.5805244446, 33.7819442749, 131.163330078, 17.6146335602, 124.376960754, 44.83070755, 7.20885467529, -19.9705543518, -12.5029668808], [-60.2844734192, -48.3335380554, -43.6277236938, -5.41978216171, -2.02333688736, 21.7449359894, 38.1193695068, 14.6115875244, 44.83070755, 73.4707336426, 14.2462873459, -6.60230493546, 1.36042690277], [-147.410430908, 48.5877571106, 20.349319458, -6.8822760582, -18.804479599, -42.9537200928, -26.9278316498, -32.1170043945, 7.20885467529, 14.2462873459, 73.9678039551, 38.7300300598, 39.0464324951], [-145.353057861, 252.002105713, 410.812652588, 180.294433594, 55.4682426453, -103.237167358, -138.678741455, -110.286437988, -19.9705543518, -6.60230493546, 38.7300300598, 168.513656616, 50.7739868164], [-73.7917938232, 39.8855667114, 63.6268577576, 1.70667636395, -23.7212867737, -53.7583961487, -48.692073822, -38.5657234192, -12.5029668808, 1.36042690277, 39.0464324951, 50.7739868164, 75.4537811279]],
        "icov": [[0.000487982790219, -0.000570514297578, 0.000705373531673, -0.000778884335887, 0.00129279284738, -0.000710612745024, 0.00109549798071, -0.00109047151636, 0.00185755279381, -0.00109171192162, 0.000991742243059, -0.000445960729849, 0.000365719111869], [-0.000570514297578, 0.00386648648418, -0.00195863679983, 0.000670080189593, -0.0040095592849, 0.00254657096229, -0.00247734831646, 0.00332827307284, -0.00340786366723, 0.00349300401285, -0.0029412060976, 0.00129920372274, -0.000288955925498], [0.000705373531673, -0.00195863679983, 0.0042858319357, -0.00263711251318, 0.000156057853019, -0.00277049466968, 0.00509954197332, -0.00173641764559, 0.00630318140611, -0.0043880934827, 0.00225351843983, -0.0028859374579, 0.000548696902115], [-0.000778884335887, 0.000670080189593, -0.00263711251318, 0.0101633574814, -0.00742836296558, -0.00199356907979, 0.00192000693642, 0.00554741965607, -0.0120702246204, 0.00438021076843, 0.000958710268606, -0.000938483164646, -0.000747006444726], [0.00129279284738, -0.0040095592849, 0.000156057853019, -0.00742836296558, 0.0194156412035, -0.00321711762808, -0.00294456793927, -0.00508119957522, 0.00591716961935, -0.00226182024926, 0.00299695297144, -0.000216635933612, 0.00235094153322], [-0.000710612745024, 0.00254657096229, -0.00277049466968, -0.00199356907979, -0.00321711762808, 0.0191362686455, -0.00765990559012, -0.00714045483619, 0.00148340675514, -0.000978472991847, -0.00220374111086, 0.00649186363444, 0.0014054622734], [0.00109549798071, -0.00247734831646, 0.00509954197332, 0.00192000693642, -0.00294456793927, -0.00765990559012, 0.0178957656026, -0.000176873276359, -0.00523355277255, -0.00252545811236, 0.00518896011636, -0.000929793692194, 0.000231025565881], [-0.00109047151636, 0.00332827307284, -0.00173641764559, 0.00554741965607, -0.00508119957522, -0.00714045483619, -0.000176873276359, 0.0182382315397, -0.00914108287543, 0.00503785582259, -0.00124756305013, 0.00106212985702, -0.00063875480555], [0.00185755279381, -0.00340786366723, 0.00630318140611, -0.0120702246204, 0.00591716961935, 0.00148340675514, -0.00523355277255, -0.00914108287543, 0.038938306272, -0.0177204590291, -0.00033651443664, -0.0040160776116, 0.00309185567312], [-0.00109171192162, 0.00349300401285, -0.0043880934827, 0.00438021076843, -0.00226182024926, -0.000978472991847, -0.00252545811236, 0.00503785582259, -0.0177204590291, 0.0254904534668, -0.00627571437508, 0.00191647198517, -0.00121384731028], [0.000991742243059, -0.0029412060976, 0.00225351843983, 0.000958710268606, 0.00299695297144, -0.00220374111086, 0.00518896011636, -0.00124756305013, -0.00033651443664, -0.00627571437508, 0.0250083897263, -0.0038998092059, -0.00757424766198], [-0.000445960729849, 0.00129920372274, -0.0028859374579, -0.000938483164646, -0.000216635933612, 0.00649186363444, -0.000929793692194, 0.00106212985702, -0.0040160776116, 0.00191647198517, -0.0038998092059, 0.0175175387412, -0.00463784765452], [0.000365719111869, -0.000288955925498, 0.000548696902115, -0.000747006444726, 0.00235094153322, 0.0014054622734, 0.000231025565881, -0.00063875480555, 0.00309185567312, -0.00121384731028, -0.00757424766198, -0.00463784765452, 0.022455483675]]
    },
    "melbands": {
        "max": [0.00656936969608, 0.0130392257124, 0.0906439498067, 0.0405719839036, 0.0153659740463, 0.00638933293521, 0.00323721836321, 0.00538727408275, 0.0129637289792, 0.0142187867314, 0.00941784214228, 0.00371363060549, 0.0024196470622, 0.00134175107814, 0.000616442062892, 0.000712632201612, 0.000813783612102, 0.000416792870965, 0.000257259176578, 0.000571808544919, 0.00127018836793, 0.00143118703272, 0.000321919680573, 0.000339824910043, 0.000101330915641, 0.000112959525723, 4.30828549725e-05, 3.28560636262e-05, 4.1978306399e-05, 4.03864796681e-05, 4.67774261779e-05, 5.10131467308e-05, 3.35705335601e-05, 3.90185450669e-05, 0.000158164461027, 0.000173301770701, 0.00010226447921, 0.000111237852252, 0.000133583438583, 0.000154672394274],
        "mean": [5.55583683308e-05, 0.000147730592289, 0.000415866466938, 0.000405473343562, 0.000773829990067, 0.000299075210933, 4.53890606877e-05, 6.61518497509e-05, 0.000205239441129, 0.000532113946974, 0.000694093119819, 0.000487073761178, 0.000220361689571, 0.000120958764455, 9.15221971809e-05, 9.51525798882e-05, 9.02217434486e-05, 5.80958694627e-05, 4.30176296504e-05, 3.40122023772e-05, 2.93248413072e-05, 2.34962517425e-05, 1.96840537683e-05, 2.13741768675e-05, 1.49123134179e-05, 9.29273483052e-06, 2.854237664e-06, 2.01160560209e-06, 1.48945980527e-06, 1.09353743483e-06, 1.07937455596e-06, 9.81134689937e-07, 8.60664613356e-07, 6.17283774318e-07, 8.95450455118e-07, 8.59324870817e-07, 6.90452282015e-07, 9.25382323658e-07, 9.26757309117e-07, 8.41049200062e-07],
        "min": [1.14212425706e-24, 4.04970068178e-24, 1.002738846e-23, 1.31223848251e-23, 1.79554366131e-23, 1.76716091926e-23, 6.49809103433e-24, 5.30141310136e-24, 8.4327376945e-24, 6.20935334909e-24, 6.58768551721e-24, 6.29692203716e-24, 1.03914840553e-23, 8.27688244546e-24, 5.67079840352e-24, 7.73048740578e-24, 1.11266937415e-23, 8.69031655727e-24, 1.07495172546e-23, 9.12911333605e-24, 8.10286682951e-24, 5.72805905562e-24, 6.27815582509e-24, 1.27726677975e-23, 1.04923596436e-23, 1.03760563026e-23, 9.57149469879e-24, 1.20754204646e-23, 1.16914069203e-23, 1.25419488597e-23, 6.81941380254e-24, 8.57954865327e-24, 9.79487407474e-24, 9.34905170073e-24, 9.82444768121e-24, 1.10049512046e-23, 8.56410196788e-24, 8.88943372722e-24, 1.47336545233e-23, 9.32959365765e-24],
        "stdev": [0.000339138845447, 0.000747358775698, 0.00392659893259, 0.00190096336883, 0.00202957144938, 0.000759241345804, 0.000159006711328, 0.00033363539842, 0.00063525128644, 0.00102976243943, 0.00096512917662, 0.000563805806451, 0.000251370511251, 0.000157506903633, 9.7248936072e-05, 0.000105197294033, 0.000101484249171, 5.72737772018e-05, 3.92515394196e-05, 4.1208404582e-05, 7.26008365746e-05, 6.88524887664e-05, 2.48097785516e-05, 2.87622642645e-05, 1.58535276569e-05, 1.38957157105e-05, 3.72308772967e-06, 3.06711604026e-06, 3.3396956951e-06, 2.78312700175e-06, 2.7434432468e-06, 2.67799714493e-06, 2.05262881536e-06, 2.12617283069e-06, 7.01634417055e-06, 7.68635072745e-06, 4.80296330352e-06, 5.19252989761e-06, 6.15218732491e-06, 7.24386927686e-06]
    },
    "melbands128": {
        "max": [0.000206868367968, 0.00132093997672, 0.00888226460665, 0.0173729620874, 0.00933287665248, 0.0230144225061, 0.0475398600101, 0.138049468398, 0.129345491529, 0.0133077744395, 0.00751061458141, 0.0205230489373, 0.0264923740178, 0.0211108140647, 0.00529527617618, 0.00200728420168, 0.00144162867218, 0.00267796986736, 0.00877911690623, 0.00705966632813, 0.00649553956464, 0.0130488779396, 0.0204593148082, 0.0130981309339, 0.0154565582052, 0.0220804102719, 0.0241299923509, 0.00797407049686, 0.00703316740692, 0.00630187103525, 0.00449109170586, 0.0023948745802, 0.00254281796515, 0.00627412833273, 0.00142342050094, 0.00135034532286, 0.00105152220931, 0.00107669527642, 0.000902498490177, 0.000616854697, 0.000902264670003, 0.00206634076312, 0.000992942019366, 0.000980577780865, 0.00110588187817, 0.000603779160883, 0.000502427981701, 0.000345716747688, 0.000367736676708, 0.000312602351187, 0.000707353465259, 0.000757166533731, 0.00155892816838, 0.000929063535295, 0.00191557395738, 0.00172823911998, 0.00102701457217, 0.000318982754834, 0.000207680714084, 0.000415313494159, 0.000648710818496, 0.00027976804995, 0.000120589334983, 0.000133954978082, 0.000218295652303, 0.000259833177552, 8.7371270638e-05, 4.74426124129e-05, 5.72211429244e-05, 4.77324429085e-05, 4.0470949898e-05, 5.35919352842e-05, 4.3627096602e-05, 6.23654632363e-05, 4.87475917907e-05, 4.86629287479e-05, 4.85649652546e-05, 5.60773441975e-05, 3.23752065015e-05, 4.45376135758e-05, 8.26615432743e-05, 3.41532140737e-05, 3.77692485927e-05, 3.47274108208e-05, 3.13309938065e-05, 1.77252732101e-05, 4.41272895841e-05, 6.73773392919e-05, 0.000221539696213, 0.000154134293552, 0.000185509939911, 0.000174830842298, 0.000157661226694, 0.000122400510008, 4.63929827674e-05, 6.77366333548e-05, 0.000146261925693, 0.000147568105604, 9.08281363081e-05, 0.000142478893395, 0.000213847291889, 0.000130402564537, 0.000144014804391, 5.80031737627e-05, 7.95969172032e-05, 7.3800321843e-05, 2.77471299341e-05, 2.72233301075e-05, 2.46109975706e-05, 1.95538323169e-05, 1.25454780573e-05, 1.38096556839e-05, 9.15854525374e-06, 1.21989232866e-05, 8.73290082382e-06, 2.22673043027e-06, 8.07676485692e-08, 9.7290775436e-10, 1.10773035189e-09, 9.37464550432e-10, 1.05473008105e-09, 9.51691836448e-10, 5.62809243654e-10, 7.22296458755e-11, 7.12016001714e-11, 7.00783320262e-11, 6.92815388392e-11, 6.88566495488e-11],
        "mean": [6.21325443717e-06, 2.15131949517e-05, 7.03212645021e-05, 0.000130907734274, 0.000139393567224, 0.000145260855788, 0.000275537488051, 0.000599104561843, 0.000514654850122, 0.000246537761996, 0.00039912678767, 0.000724871701095, 0.000941045058426, 0.000818710424937, 0.000231915764743, 6.8203509727e-05, 4.36555346823e-05, 3.79814700864e-05, 5.03087139805e-05, 5.98969527346e-05, 6.71778252581e-05, 0.000104385580926, 0.000234891398577, 0.000280464679236, 0.00035605521407, 0.000702288816683, 0.000816452607978, 0.000673154951073, 0.000628078356385, 0.000570072326809, 0.000470129190944, 0.000230433855904, 0.000195130283828, 0.000250335404417, 0.000110640568892, 9.52415721258e-05, 0.000101184625237, 9.68389067566e-05, 8.26565592433e-05, 7.35140929464e-05, 0.000103054633655, 0.000121637945995, 8.50992146297e-05, 8.41658402351e-05, 6.75160335959e-05, 5.04250310769e-05, 5.07983022544e-05, 4.69855112897e-05, 3.86550782423e-05, 3.1647614378e-05, 3.55918818968e-05, 3.24110988004e-05, 3.43127503584e-05, 2.30013247347e-05, 2.81382272078e-05, 2.16576554521e-05, 2.34918024944e-05, 2.02332539629e-05, 1.76520661626e-05, 1.94656913663e-05, 2.51189085247e-05, 1.96143082576e-05, 1.60050058184e-05, 1.44258192449e-05, 1.08385638669e-05, 1.26557251861e-05, 5.35618573849e-06, 3.00084661831e-06, 2.52069935414e-06, 2.29142551689e-06, 2.11479550671e-06, 1.87635066595e-06, 1.42041687923e-06, 1.67965799847e-06, 1.19533331144e-06, 1.06224047158e-06, 1.00268118786e-06, 1.14346005375e-06, 1.14999272682e-06, 9.26579616589e-07, 1.00573072359e-06, 9.4064341738e-07, 1.09306063223e-06, 9.01685154986e-07, 6.43332953132e-07, 5.08222740336e-07, 6.58416354327e-07, 7.10224753675e-07, 1.0177071772e-06, 8.86892678409e-07, 9.38788843996e-07, 8.14611439637e-07, 7.91629190644e-07, 7.84616815963e-07, 5.43284954801e-07, 5.51471828203e-07, 8.00536497536e-07, 1.94431027012e-06, 5.73437716866e-07, 6.96194319971e-07, 9.87620865089e-07, 7.8749064869e-07, 8.43684745178e-07, 5.94803736931e-07, 5.08784069098e-07, 4.36688878835e-07, 2.92714503303e-07, 2.62706748799e-07, 2.23879624173e-07, 1.68031832004e-07, 1.14961480335e-07, 1.06411604861e-07, 9.74553273636e-08, 9.01648462559e-08, 5.74956615651e-08, 2.45093296769e-08, 1.18247578396e-09, 7.62728508824e-12, 6.23868448221e-12, 5.72926992307e-12, 5.7735916742e-12, 5.46863379233e-12, 4.67702699486e-12, 3.63214796781e-12, 3.37043088751e-12, 3.11604756754e-12, 2.97478621597e-12, 2.93744217318e-12],
        "min": [5.64035177454e-26, 5.46088074171e-25, 9.04719131434e-25, 3.51638180047e-24, 2.87344123006e-24, 4.78533832501e-24, 1.0528999866e-23, 6.51557810844e-24, 1.74196201982e-23, 1.37480359311e-23, 6.95279203782e-24, 2.35866034336e-23, 1.94812892413e-23, 1.28120579891e-23, 2.30789146431e-23, 1.93470282707e-23, 4.45584690212e-24, 4.25757026347e-24, 9.47814721015e-24, 2.7877028965e-24, 5.81000513759e-24, 5.87922176557e-24, 1.16964800848e-23, 5.85344336891e-24, 5.58838334374e-24, 3.55012256468e-24, 1.40103037831e-23, 3.75855302647e-24, 4.00919306872e-24, 8.15964036e-24, 6.46149577693e-24, 4.58984715422e-24, 8.88122957381e-24, 1.65400986646e-23, 1.30675298044e-23, 3.36478285044e-24, 5.31096305148e-24, 4.16734548073e-24, 9.12945649055e-24, 2.97757501106e-24, 6.39657804646e-24, 1.63814745138e-23, 1.10120454307e-23, 9.38244102741e-24, 7.82952100383e-24, 6.68895593034e-24, 1.19819972453e-23, 1.09099045096e-23, 9.52423246423e-24, 1.28167067464e-23, 6.82943628035e-24, 9.83948337007e-24, 6.39111991786e-24, 9.10420978614e-24, 7.21636229916e-24, 5.69594018943e-24, 3.22706804956e-24, 6.60243051082e-24, 5.31964564903e-24, 9.3533644033e-24, 2.05913679963e-23, 7.58399435796e-24, 6.34854943354e-24, 1.17689992789e-23, 1.72857741684e-23, 1.17493045776e-23, 4.82581438363e-24, 5.61093411601e-24, 1.03358930273e-23, 1.65569440004e-23, 9.95523845272e-24, 1.23786286199e-23, 1.14507988222e-23, 1.01867596621e-23, 1.06139980509e-23, 2.097207858e-23, 7.20746789246e-24, 8.96245227033e-24, 5.45387703738e-24, 6.97876133882e-24, 3.96739014607e-24, 1.18817417018e-23, 1.42872428702e-23, 7.88785490118e-24, 8.37774541194e-24, 7.30161765264e-24, 9.87729505098e-24, 1.27917203661e-23, 7.52109453369e-24, 8.40754857694e-24, 1.5012348037e-23, 8.46559296234e-24, 1.23144326971e-23, 6.75289862874e-24, 8.2477119469e-24, 8.70090701493e-24, 9.13892282141e-24, 8.65640894898e-24, 1.89505862228e-23, 1.47216985474e-23, 9.06991642487e-24, 9.26304535168e-24, 9.14272828642e-24, 5.50547209045e-24, 8.52639836092e-24, 1.4741199189e-23, 1.22204265096e-23, 8.74105766842e-24, 1.58958832949e-23, 1.63101362444e-23, 1.08352601241e-23, 1.41227858818e-23, 9.25839974981e-24, 1.01398074498e-23, 1.33784798405e-23, 8.29731630948e-24, 6.46421971364e-24, 7.03647361378e-24, 9.13875084973e-24, 1.10005848595e-23, 1.00919590916e-23, 8.6517515142e-24, 1.13860838289e-23, 1.42834705373e-23, 1.1505545769e-23, 1.42945398336e-23, 1.67694505065e-23, 7.4717867828e-24],
        "stdev": [2.02903447644e-05, 9.96979215415e-05, 0.000464077776996, 0.000856877712067, 0.00060981157003, 0.00102624122519, 0.00211369618773, 0.00597732234746, 0.00558382505551, 0.00080676341895, 0.00111272966024, 0.00257451250218, 0.00278435647488, 0.00237785023637, 0.000607043737546, 0.000165722914971, 9.46158179431e-05, 0.000134824731504, 0.000405863916967, 0.000418618612457, 0.000347286229953, 0.000578342122026, 0.000929453410208, 0.000703375961166, 0.000831742654555, 0.00166449008975, 0.00207921513356, 0.00090978492517, 0.000938717799727, 0.000818165601231, 0.000598823244218, 0.0002734286536, 0.000268942851108, 0.000453703803942, 0.000181118099135, 0.000148674938828, 0.000143676894368, 0.000127026127302, 0.000114629227028, 8.81475280039e-05, 0.000130368061946, 0.000204780095373, 0.000118509669846, 0.000109613363747, 9.23485276871e-05, 6.27256158623e-05, 6.24377280474e-05, 5.26018666278e-05, 4.42190685135e-05, 3.43635620084e-05, 5.06590185978e-05, 5.50461954845e-05, 9.73537607933e-05, 5.2749117458e-05, 9.58095915848e-05, 7.83055293141e-05, 6.32561932434e-05, 2.9200429708e-05, 2.24747000175e-05, 3.0059934943e-05, 4.96776301588e-05, 2.73410751106e-05, 2.02354549401e-05, 1.93782798306e-05, 1.84921173059e-05, 2.58559939539e-05, 9.06484001462e-06, 4.18056470153e-06, 4.04409729526e-06, 3.60748322237e-06, 3.49433753399e-06, 3.61699403584e-06, 2.85614055429e-06, 4.91827040605e-06, 3.18697107105e-06, 3.0156743378e-06, 2.67776931651e-06, 3.30711191054e-06, 2.79153300653e-06, 2.55877853306e-06, 3.99025202569e-06, 2.22860376198e-06, 2.79284495264e-06, 2.27431814892e-06, 1.69910765635e-06, 1.22595497487e-06, 2.61479090113e-06, 3.45760372511e-06, 9.66346124187e-06, 6.95590688338e-06, 8.24388916953e-06, 7.70410770201e-06, 7.14803263691e-06, 5.78868684897e-06, 2.61795389633e-06, 3.36485527441e-06, 6.72337000651e-06, 7.71812756284e-06, 4.23985329689e-06, 6.59877832732e-06, 1.00152556115e-05, 6.26553401162e-06, 6.73421936881e-06, 3.42408679899e-06, 3.84746726922e-06, 3.41547115568e-06, 1.62629055467e-06, 1.51057770381e-06, 1.33498406285e-06, 1.02629974208e-06, 6.95077517321e-07, 7.16341844509e-07, 5.22128402736e-07, 6.14194902937e-07, 4.18573563365e-07, 1.41515798191e-07, 6.64187016497e-09, 4.6503061818e-11, 4.80445475071e-11, 4.06584384216e-11, 4.54226344038e-11, 4.10139526508e-11, 2.47539367476e-11, 6.76290360518e-12, 6.33986049423e-12, 6.22297265801e-12, 6.15233081494e-12, 6.11332382286e-12]
    },
    "mfcc": {
        "mean": [-668.245788574, 111.383666992, -54.9992027283, -20.7037773132, -11.5674800873, -11.2940034866, -3.85379433632, 10.2191562653, 0.27957251668, -4.92633867264, -3.16088700294, -12.6395626068, -12.7077445984],
        "cov": [[3895.42749023, -1024.04785156, -762.229553223, -1085.76123047, -504.11138916, -612.530151367, 152.546218872, -26.6533870697, 28.7428836823, 209.374389648, -49.9582099915, -116.451499939, -105.151611328], [-1024.04785156, 1101.26989746, 891.177185059, 772.24029541, 523.09765625, 286.366516113, -106.537322998, -32.830696106, -119.091163635, -276.927154541, -77.5097808838, 41.9880752563, 53.6148910522], [-762.229553223, 891.177185059, 1760.2467041, 958.84753418, 905.389465332, 252.767440796, -159.435379028, -113.199195862, -213.460647583, -431.289642334, -232.777069092, 64.0034790039, 104.662200928], [-1085.76123047, 772.24029541, 958.84753418, 941.814697266, 600.329284668, 363.466674805, -154.773712158, -13.0526790619, -81.2523727417, -257.436981201, -65.9405822754, 63.6445655823, 78.5160293579], [-504.11138916, 523.09765625, 905.389465332, 600.329284668, 590.970336914, 194.937927246, -59.1934547424, -16.5790748596, -72.4870071411, -202.022537231, -94.2967071533, 52.4297447205, 48.8520812988], [-612.530151367, 286.366516113, 252.767440796, 363.466674805, 194.937927246, 270.382385254, -14.1410675049, 39.7279930115, 36.9196243286, -19.7722206116, 46.3679008484, 39.2075309753, 23.5298709869], [152.546218872, -106.537322998, -159.435379028, -154.773712158, -59.1934547424, -14.1410675049, 125.86164093, 49.2100143433, 68.8757781982, 96.0350875854, 41.527256012, -1.42953014374, -25.2499027252], [-26.6533870697, -32.830696106, -113.199195862, -13.0526790619, -16.5790748596, 39.7279930115, 49.2100143433, 107.86592865, 68.6549987793, 53.6431770325, 52.2066612244, 13.4819145203, -14.0231075287], [28.7428836823, -119.091163635, -213.460647583, -81.2523727417, -72.4870071411, 36.9196243286, 68.8757781982, 68.6549987793, 134.016708374, 115.332809448, 82.4736022949, 19.9182987213, -22.3941555023], [209.374389648, -276.927154541, -431.289642334, -257.436981201, -202.022537231, -19.7722206116, 96.0350875854, 53.6431770325, 115.332809448, 219.283813477, 105.969810486, -6.78174161911, -29.7909603119], [-49.9582099915, -77.5097808838, -232.777069092, -65.9405822754, -94.2967071533, 46.3679008484, 41.527256012, 52.2066612244, 82.4736022949, 105.969810486, 126.946525574, 23.9297370911, -12.6317548752], [-116.451499939, 41.9880752563, 64.0034790039, 63.6445655823, 52.4297447205, 39.2075309753, -1.42953014374, 13.4819145203, 19.9182987213, -6.78174161911, 23.9297370911, 59.5434532166, 13.5108013153], [-105.151611328, 53.6148910522, 104.662200928, 78.5160293579, 48.8520812988, 23.5298709869, -25.2499027252, -14.0231075287, -22.3941555023, -29.7909603119, -12.6317548752, 13.5108013153, 49.5134010315]],
        "icov": [[0.000464571639895, 0.000164816359757, -8.27038747957e-05, 0.000327967456542, -0.000268449279247, 0.000666934007313, 3.85980492865e-05, -6.87846913934e-05, -0.000136292597745, -8.7166299636e-05, -7.15391479389e-06, 0.000336860277457, 0.000203177842195], [0.000164816359757, 0.00263602752239, -0.000164649070939, -0.00175675621722, 0.000154003835632, -0.000156711845193, -0.00177674030419, 0.00037151935976, 0.00116395007353, 0.00161541556008, -0.00102485308889, 0.000363877625205, 0.000888774753548], [-8.27038747957e-05, -0.000164649070939, 0.00424651615322, -7.98257387942e-05, -0.00505292275921, -0.000494756852277, -0.000534705526661, 0.00189667369705, 0.000488449295517, 0.00213555456139, 0.00124142924324, -0.000279207160929, -0.00146334513556], [0.000327967456542, -0.00175675621722, -7.98257387942e-05, 0.0110622085631, -0.00564072467387, -0.00716771325096, 0.00758322514594, -0.00127994548529, -0.0018713515019, 0.00218647229485, -3.110277612e-05, 0.00171055342071, -0.00230365875177], [-0.000268449279247, 0.000154003835632, -0.00505292275921, -0.00564072467387, 0.0135537134483, 0.00162737315986, -0.00451253121719, -0.00182981055696, 0.000254167156527, -0.00179347244557, 0.00169135804754, -0.00336602609605, 0.00230923481286], [0.000666934007313, -0.000156711845193, -0.000494756852277, -0.00716771325096, 0.00162737315986, 0.0148442648351, -0.00312905199826, -0.000633453018963, -0.00176048150752, -0.00318918726407, -0.00363439787179, 0.00018464041932, -0.000129628519062], [3.85980492865e-05, -0.00177674030419, -0.000534705526661, 0.00758322514594, -0.00451253121719, -0.00312905199826, 0.0201708804816, -0.00462366221473, -0.00413122167811, -0.00506166322157, 0.00179832428694, 0.00116048031487, 0.00125530466903], [-6.87846913934e-05, 0.00037151935976, 0.00189667369705, -0.00127994548529, -0.00182981055696, -0.000633453018963, -0.00462366221473, 0.0163426902145, -0.00530117610469, 0.00309607107192, -0.00241457810625, 9.35053321882e-05, 0.000672821537592], [-0.000136292597745, 0.00116395007353, 0.000488449295517, -0.0018713515019, 0.000254167156527, -0.00176048150752, -0.00413122167811, -0.00530117610469, 0.0225763674825, -0.00661514792591, -0.00265171541832, -0.0058389659971, 0.00451046042144], [-8.7166299636e-05, 0.00161541556008, 0.00213555456139, 0.00218647229485, -0.00179347244557, -0.00318918726407, -0.00506166322157, 0.00309607107192, -0.00661514792591, 0.0196493305266, -0.00704860268161, 0.00479022366926, -0.00260978052393], [-7.15391479389e-06, -0.00102485308889, 0.00124142924324, -3.110277612e-05, 0.00169135804754, -0.00363439787179, 0.00179832428694, -0.00241457810625, -0.00265171541832, -0.00704860268161, 0.0217192117125, -0.00799106433988, 0.00109252322], [0.000336860277457, 0.000363877625205, -0.000279207160929, 0.00171055342071, -0.00336602609605, 0.00018464041932, 0.00116048031487, 9.35053321882e-05, -0.0058389659971, 0.00479022366926, -0.00799106433988, 0.0257655847818, -0.00677742669359], [0.000203177842195, 0.000888774753548, -0.00146334513556, -0.00230365875177, 0.00230923481286, -0.000129628519062, 0.00125530466903, 0.000672821537592, 0.00451046042144, -0.00260978052393, 0.00109252322, -0.00677742669359, 0.0276237055659]]
    },
    "spectral_contrast_coeffs": {
        "max": [-0.37282449007, -0.447709202766, -0.588471889496, -0.620562493801, -0.658740997314, -0.597893834114],
        "mean": [-0.689015507698, -0.755573093891, -0.761482715607, -0.821510672569, -0.765300214291, -0.769840240479],
        "min": [-0.967523574829, -0.962646365166, -0.969209074974, -0.962186098099, -0.959597885609, -0.961896300316],
        "stdev": [0.104812137783, 0.0607507713139, 0.0568938776851, 0.0323366224766, 0.034303817898, 0.0464524701238]
    },
    "spectral_contrast_valleys": {
        "max": [-5.49193000793, -5.15648937225, -5.10526132584, -5.71134567261, -5.77719259262, -7.02832126617],
        "mean": [-8.3733663559, -6.97493314743, -6.5702047348, -6.96685028076, -7.75572156906, -10.7495260239],
        "min": [-27.3944339752, -27.1741657257, -27.0813980103, -27.2654018402, -27.2107372284, -27.2465190887],
        "stdev": [1.36565101147, 1.01488363743, 1.26333260536, 1.15732061863, 1.13634669781, 1.19918644428]
    }
},
"rhythm": {
    "beats_count": 23,
    "beats_loudness": {
        "max": 0.0650728866458,
        "mean": 0.0270486585796,
        "min": 0.00076359702507,
        "stdev": 0.0150345219299
    },
    "bpm": 108.811393738,
    "bpm_histogram_first_peak_bpm": 108,
    "bpm_histogram_first_peak_weight": 0.5,
    "bpm_histogram_second_peak_bpm": 120,
    "bpm_histogram_second_peak_spread": 0.375,
    "bpm_histogram_second_peak_weight": 0.227272734046,
    "danceability": 1.01131701469,
    "onset_rate": 1.41072845459,
    "beats_loudness_band_ratio": {
        "max": [0.827121555805, 0.892048120499, 0.687030613422, 0.710666716099, 0.372965991497, 0.291338294744],
        "mean": [0.123924575746, 0.169187650084, 0.292647689581, 0.320417910814, 0.11956461519, 0.0387915335596],
        "min": [0.000225397132454, 0.00174541620072, 0.0131735680625, 0.0235044360161, 0.00851233303547, 0.00267281429842],
        "stdev": [0.205181658268, 0.269238263369, 0.196397557855, 0.227166175842, 0.0843067914248, 0.0615081079304]
    },
    "beats_position": [0.487619042397, 0.986848056316, 1.48607707024, 1.98530614376, 2.48453521729, 2.97215414047, 3.45977306366, 3.94739222527, 4.446621418, 5.00390005112, 5.54956912994, 6.09523820877, 6.64090681076, 7.19818592072, 7.75546455383, 8.31274318695, 8.87002277374, 9.41569137573, 9.96135997772, 10.5070295334, 11.0643081665, 11.6099767685, 12.1672563553],
