{
"metadata": {
    "version": {
        "essentia": "2.1-beta5",
        "essentia_git_sha": "Undefined",
        "extractor": "music 2.0"
    },
    "audio_properties": {
        "analysis": {
            "equal_loudness": 0,
            "length": 52.2448997498,
            "sample_rate": 44100,
            "start_time": 12.7477550507,
            "downmix": "mix"
        },
        "bit_rate": 192000,
        "length": 192.214797974,
        "lossless": 0,
        "number_channels": 2,
        "replay_gain": 1.98255729675,
        "sample_rate": 48000,
        "codec": "mp3",
        "md5_encoded": "2ed93ad2937fb9c39808cda6355ff0e6"
    },
    "tags": {
        "file_name": "Portugal_Foi Magia_Sofia.mp3",
        "encoding": ["Lavf58.29.100"]
    }
},
"lowlevel": {
    "average_loudness": 0.791857004166,
    "barkbands_crest": {
        "max": 26.3462505341,
        "mean": 11.5833520889,
        "min": 2.70782184601,
        "stdev": 4.88707876205
    },
    "barkbands_flatness_db": {
        "max": 0.350973010063,
        "mean": 0.156643852592,
        "min": 0.0609110370278,
        "stdev": 0.0434679947793
    },
    "barkbands_kurtosis": {
        "max": 152.6353302,
        "mean": 4.92872714996,
        "min": -1.93695759773,
        "stdev": 10.585319519
    },
    "barkbands_skewness": {
        "max": 11.7000494003,
        "mean": 1.32145428658,
        "min": -2.79631280899,
        "stdev": 1.50708079338
    },
    "barkbands_spread": {
        "max": 118.054855347,
        "mean": 23.9255142212,
        "min": 1.23681247234,
        "stdev": 18.2127170563
    },
    "dissonance": {
        "max": 0.499995648861,
        "mean": 0.456890046597,
        "min": 0.319045871496,
        "stdev": 0.0312547497451
    },
    "dynamic_complexity": 3.36522912979,
    "erbbands_crest": {
        "max": 29.4555702209,
        "mean": 11.3366594315,
        "min": 2.58008480072,
        "stdev": 5.58574533463
    },
    "erbbands_flatness_db": {
        "max": 0.334809780121,
        "mean": 0.175507068634,
        "min": 0.0799351856112,
        "stdev": 0.0474894791842
    },
    "erbbands_kurtosis": {
        "max": 35.9456062317,
        "mean": 1.76293158531,
        "min": -1.7885260582,
        "stdev": 3.31085848808
    },
    "erbbands_skewness": {
        "max": 5.68448781967,
        "mean": 0.715447962284,
        "min": -3.48107552528,
        "stdev": 0.967891573906
    },
    "erbbands_spread": {
        "max": 123.359161377,
        "mean": 36.3675918579,
        "min": 3.50345230103,
        "stdev": 22.625869751
    },
    "hfc": {
        "max": 369.536468506,
        "mean": 22.8594341278,
        "min": 0.722404718399,
        "stdev": 23.4932346344
    },
    "loudness_ebu128": {
        "integrated": -25.8666400909,
        "loudness_range": 4.86740112305,
        "momentary": {
            "max": -20.6293754578,
            "mean": -26.5806865692,
            "min": -33.2391052246,
            "stdev": 2.50001764297
        },
        "short_term": {
            "max": -22.7203845978,
            "mean": -26.1558933258,
            "min": -29.2538528442,
            "stdev": 1.60397064686
        }
    },
    "melbands_crest": {
        "max": 32.8540649414,
        "mean": 15.392996788,
        "min": 3.54030299187,
        "stdev": 5.9052977562
    },
    "melbands_flatness_db": {
        "max": 0.388595610857,
        "mean": 0.184118658304,
        "min": 0.0396177396178,
        "stdev": 0.0569064021111
    },
    "melbands_kurtosis": {
        "max": 380.868835449,
        "mean": 14.6020479202,
        "min": -1.67891418934,
        "stdev": 26.8270988464
    },
    "melbands_skewness": {
        "max": 14.9222717285,
        "mean": 2.29277658463,
        "min": -1.2394605875,
        "stdev": 2.05639648438
    },
    "melbands_spread": {
        "max": 247.150085449,
        "mean": 27.3208751678,
        "min": 0.845186829567,
        "stdev": 27.8470649719
    },
    "pitch_salience": {
        "max": 0.812245070934,
        "mean": 0.515264928341,
        "min": 0.0906066522002,
        "stdev": 0.117112524807
    },
    "silence_rate_20dB": {
        "max": 1,
        "mean": 1,
        "min": 1,
        "stdev": 0
    },
    "silence_rate_30dB": {
        "max": 1,
        "mean": 0.995557546616,
        "min": 0,
        "stdev": 0.066505022347
    },
    "silence_rate_60dB": {
        "max": 1,
        "mean": 0.028431808576,
        "min": 0,
        "stdev": 0.166203796864
    },
    "spectral_centroid": {
        "max": 5631.40429688,
        "mean": 1352.61791992,
        "min": 271.956115723,
        "stdev": 729.491577148
    },
    "spectral_complexity": {
        "max": 47,
        "mean": 16.0555305481,
        "min": 1,
        "stdev": 7.64703130722
    },
    "spectral_decrease": {
        "max": -2.02279859529e-10,
        "mean": -6.08710193362e-09,
        "min": -6.1481728153e-08,
        "stdev": 5.00315833207e-09
    },
    "spectral_energy": {
        "max": 0.238961607218,
        "mean": 0.0250475909561,
        "min": 0.000895646866411,
        "stdev": 0.0199653692544
    },
    "spectral_energyband_high": {
        "max": 0.0378478690982,
        "mean": 0.000850555370562,
        "min": 9.86441773421e-06,
        "stdev": 0.00211149407551
    },
    "spectral_energyband_low": {
        "max": 0.0538618303835,
        "mean": 0.00483805080876,
        "min": 3.88459920941e-06,
        "stdev": 0.00536442361772
    },
    "spectral_energyband_middle_high": {
        "max": 0.0953197479248,
        "mean": 0.00851176958531,
        "min": 6.23981759418e-05,
        "stdev": 0.0123081328347
    },
    "spectral_energyband_middle_low": {
        "max": 0.207264512777,
        "mean": 0.0117467539385,
        "min": 0.000284109963104,
        "stdev": 0.0146628078073
    },
    "spectral_entropy": {
        "max": 8.80917167664,
        "mean": 7.64938402176,
        "min": 5.98286676407,
        "stdev": 0.441290438175
    },
    "spectral_flux": {
        "max": 0.36437278986,
        "mean": 0.0820583626628,
        "min": 0.0167549271137,
        "stdev": 0.0409071967006
    },
    "spectral_kurtosis": {
        "max": 17.5768013,
        "mean": 3.60995841026,
        "min": -1.57002425194,
        "stdev": 2.85683131218
    },
    "spectral_rms": {
        "max": 0.0152687029913,
        "mean": 0.00458414200693,
        "min": 0.000934773648623,
        "stdev": 0.00184994074516
    },
    "spectral_rolloff": {
        "max": 11369.53125,
        "mean": 1752.14233398,
        "min": 64.599609375,
        "stdev": 2130.12670898
    },
    "spectral_skewness": {
        "max": 3.26591205597,
        "mean": 1.54275512695,
        "min": -0.376920461655,
        "stdev": 0.500756978989
    },
    "spectral_spread": {
        "max": 16373100,
        "mean": 5430799.5,
        "min": 2221681,
        "stdev": 2061791.5
    },
    "spectral_strongpeak": {
        "max": 9.56327533722,
        "mean": 1.55810010433,
        "min": 0,
        "stdev": 1.78448617458
    },
    "zerocrossingrate": {
        "max": 0.4140625,
        "mean": 0.0709291994572,
        "min": 0.0107421875,
        "stdev": 0.0546510405838
    },
    "barkbands": {
        "max": [0.0150389373302, 0.0507877245545, 0.0142128337175, 0.0197856873274, 0.196877792478, 0.121654294431, 0.0721726492047, 0.0324475504458, 0.0503363907337, 0.0609944351017, 0.0787613466382, 0.00864034797996, 0.0178033579141, 0.0157263502479, 0.0123380115256, 0.00505738612264, 0.0061346013099, 0.0036005449947, 0.00339562818408, 0.00208808085881, 0.00259757344611, 0.00333845452406, 0.00286545604467, 0.0182681307197, 0.0181401818991, 4.27481281804e-05, 1.1106076272e-06],
        "mean": [0.000234700506553, 0.00343966344371, 0.000908071524464, 0.000624556443654, 0.00244861538522, 0.00421570800245, 0.00089323206339, 0.000540321227163, 0.00175370869692, 0.00189984869212, 0.00379184470512, 0.000460405775812, 0.000594388984609, 0.000820294604637, 0.000567643321119, 0.000223733732128, 0.000278909486951, 0.000242442198214, 0.000184108124813, 0.000143387194839, 8.49722928251e-05, 0.000103568498162, 0.000118949013995, 0.000226016491069, 0.000248015159741, 4.67782570013e-07, 1.83239345919e-09],
        "min": [6.61019949888e-09, 1.0040506595e-06, 8.3371691062e-07, 1.19560900202e-06, 7.63116349844e-06, 3.96745963371e-06, 6.54194900562e-06, 1.46702427628e-06, 2.75291813523e-06, 3.00817396237e-06, 1.5735507759e-06, 1.44447972161e-06, 3.44954833054e-06, 2.45104820351e-06, 2.12763211493e-06, 2.24242558033e-06, 1.65207291047e-06, 1.86950285297e-06, 1.26493966945e-06, 1.16713772513e-06, 6.37523271507e-07, 7.65463596508e-07, 6.01116767029e-07, 5.05630282532e-07, 3.0536367035e-07, 2.88917001434e-10, 2.38376401951e-10],
        "stdev": [0.000711527536623, 0.00464539323002, 0.00153878575657, 0.00154941854998, 0.00866261124611, 0.00828982889652, 0.00342311919667, 0.00155656691641, 0.0036545174662, 0.00464872643352, 0.00853084120899, 0.000811637379229, 0.00108653493226, 0.00151377543807, 0.00105820444878, 0.000354546733433, 0.00047730281949, 0.00032087508589, 0.000238967113546, 0.000192026709556, 0.000150819687406, 0.000242053632974, 0.000243878690526, 0.000946282292716, 0.000962487305515, 2.21420214075e-06, 2.40543833741e-08]
    },
    "erbbands": {
        "max": [2.11654067039, 9.98268413544, 14.6748809814, 43.5151977539, 90.8325805664, 956.508056641, 1528.85241699, 661.283691406, 1229.34912109, 967.458251953, 689.708740234, 1471.47094727, 1229.45947266, 1424.30322266, 2442.99804688, 373.082641602, 449.948516846, 663.31854248, 752.402893066, 850.600463867, 217.363693237, 311.930358887, 171.609619141, 212.056243896, 107.871192932, 106.195030212, 102.136581421, 109.61605835, 125.78755188, 98.3027191162, 88.507484436, 216.336120605, 405.733520508, 257.557220459, 141.156295776, 6.92510032654, 0.181769326329, 0.0124314054847, 0.00172559788916, 0.000469753780635],
        "mean": [0.121127165854, 0.673810362816, 1.13585996628, 1.62474620342, 2.92547345161, 8.83279514313, 33.5696868896, 27.2872772217, 13.3623514175, 12.2948493958, 17.3707332611, 42.4032897949, 71.8414001465, 68.5907974243, 120.090019226, 27.2335414886, 28.1223087311, 34.6793174744, 36.6297416687, 27.220243454, 12.716796875, 13.9867696762, 13.1200046539, 11.98391819, 7.60017442703, 7.1123456955, 4.24614286423, 3.24833202362, 3.74426198006, 3.39642238617, 3.56922674179, 4.21326494217, 3.94092416763, 2.80513763428, 1.75661945343, 0.112880572677, 0.00288931373507, 0.000191851402633, 3.82145226467e-05, 3.51977869286e-05],
        "min": [4.81483148178e-05, 0.000156449619681, 0.000975913309958, 0.00804599840194, 0.0156827103347, 0.0192825961858, 0.0314728990197, 0.0485112518072, 0.155913159251, 0.118491090834, 0.0723209455609, 0.0759201347828, 0.135359719396, 0.156502872705, 0.112620152533, 0.128601685166, 0.147348716855, 0.195379897952, 0.190780043602, 0.0938001051545, 0.117111034691, 0.0983727872372, 0.0968112945557, 0.103306390345, 0.0601062513888, 0.0469034947455, 0.0433471985161, 0.0304468888789, 0.0280429664999, 0.0332603938878, 0.0202882420272, 0.0132697103545, 0.00700243702158, 0.00368372886442, 0.00191740924492, 0.000143162134918, 6.24369749858e-06, 1.01465582247e-06, 1.1677772136e-06, 1.45517185501e-06],
        "stdev": [0.196567311883, 0.879008710384, 1.60438001156, 3.38592004776, 7.23313903809, 44.3102340698, 82.1214752197, 56.3576316833, 53.2813453674, 34.0547332764, 40.7274131775, 85.6094512939, 165.570602417, 131.104812622, 274.690093994, 42.5191345215, 46.2178153992, 57.6850814819, 66.4899673462, 49.4289474487, 18.2220535278, 22.2350215912, 16.9048652649, 14.7446899414, 9.24165916443, 9.45010757446, 6.35470485687, 6.63861560822, 8.89457988739, 7.60042285919, 7.1202788353, 11.9990644455, 19.9434452057, 11.4705381393, 7.1275138855, 0.466146856546, 0.0116251725703, 0.000736896938179, 9.47004082263e-05, 3.11292860715e-05]
    },
    "gfcc": {
        "mean": [-7.85396766663, 94.3474807739, -130.151931763, 38.1580352783, -73.2785797119, 32.9075584412, -47.2213973999, 18.7193756104, -20.4201145172, -1.81046569347, -1.13631868362, -6.9920706749, 8.17058563232],
        "cov": [[1843.93774414, -99.4209899902, -514.639526367, -135.388427734, 65.0554351807, 136.773895264, 209.753936768, 61.3535690308, -49.8774414062, -40.6342773438, -13.1540327072, -120.326293945, -54.9300193787], [-99.4209899902, 917.360168457, -345.493560791, -201.653579712, 227.830673218, -98.3616027832, 171.937973022, -47.316192627, 58.0083427429, -130.052200317, 115.166244507, -57.7611045837, 104.108329773], [-514.639526367, -345.493560791, 969.712768555, 406.539001465, -119.095069885, -38.0849304199, -307.285064697, -15.4391803741, 11.94090271, 89.1461791992, -52.6354446411, 120.318206787, -13.6452417374], [-135.388427734, -201.653579712, 406.539001465, 490.394042969, -5.26350259781, -43.7393531799, -128.963729858, -43.1882286072, 52.5432319641, 42.8101425171, -44.8742866516, 45.8418312073, -22.9004364014], [65.0554351807, 227.830673218, -119.095069885, -5.26350259781, 236.316940308, 73.0876312256, 107.17351532, 49.5903129578, 19.814031601, -17.2043094635, 25.9877357483, -31.3627490997, 11.0803251266], [136.773895264, -98.3616027832, -38.0849304199, -43.7393531799, 73.0876312256, 271.177764893, 169.294143677, 72.9863204956, -11.7304525375, 32.2379646301, -21.940076828, -49.8555641174, -56.7110977173], [209.753936768, 171.937973022, -307.285064697, -128.963729858, 107.17351532, 169.294143677, 307.527770996, 66.7117843628, -4.01211357117, -6.17367458344, 28.7706356049, -68.200958252, -14.9459199905], [61.3535690308, -47.316192627, -15.4391803741, -43.1882286072, 49.5903129578, 72.9863204956, 66.7117843628, 156.346694946, 59.2222213745, 30.8890171051, 11.3917989731, 8.85681915283, -12.4954500198], [-49.8774414062, 58.0083427429, 11.94090271, 52.5432319641, 19.814031601, -11.7304525375, -4.01211357117, 59.2222213745, 140.279052734, 28.7643623352, 29.2037086487, 29.222410202, 22.8399982452], [-40.6342773438, -130.052200317, 89.1461791992, 42.8101425171, -17.2043094635, 32.2379646301, -6.17367458344, 30.8890171051, 28.7643623352, 105.48575592, 12.236951828, 26.6115074158, -18.459980011], [-13.1540327072, 115.166244507, -52.6354446411, -44.8742866516, 25.9877357483, -21.940076828, 28.7706356049, 11.3917989731, 29.2037086487, 12.236951828, 99.2261352539, 39.7469978333, 42.4394073486], [-120.326293945, -57.7611045837, 120.318206787, 45.8418312073, -31.3627490997, -49.8555641174, -68.200958252, 8.85681915283, 29.222410202, 26.6115074158, 39.7469978333, 114.113204956, 51.3708572388], [-54.9300193787, 104.108329773, -13.6452417374, -22.9004364014, 11.0803251266, -56.7110977173, -14.9459199905, -12.4954500198, 22.8399982452, -18.459980011, 42.4394073486, 51.3708572388, 94.1415100098]],
        "icov": [[0.000733919616323, 0.000323256535921, 0.000452219479484, -0.000224564806558, -6.06383218837e-05, -0.000102831239928, -1.94249896595e-05, -0.000291862845188, 0.000215028456296, 0.000311023643008, -0.000373591959942, 0.000569809286389, -0.000148657694808], [0.000323256535921, 0.00541269872338, -0.00183450232726, 0.00302412407473, -0.00505272159353, 0.0045966822654, -0.0048066880554, 0.0047415192239, -0.00493507925421, 0.00419680774212, -0.00260659912601, 0.00248898356222, -0.000260265485849], [0.000452219479484, -0.00183450232726, 0.00394001929089, -0.00332550494932, 0.0026346235536, -0.00359235680662, 0.00470900954679, -0.00335440691561, 0.0034526376985, -0.00214720889926, 0.000420731026679, -0.0011479803361, -0.000938984856475], [-0.000224564806558, 0.00302412407473, -0.00332550494932, 0.00641323206946, -0.00461574271321, 0.00406183628365, -0.00420190067962, 0.00580956367776, -0.00590392807499, 0.00198226841167, 0.000956484000199, -0.000603433814831, 0.0024160251487], [-6.06383218837e-05, -0.00505272159353, 0.0026346235536, -0.00461574271321, 0.0111327059567, -0.00597127713263, 0.00445312354714, -0.00688696373254, 0.00537926331162, -0.00267337821424, 2.62701287284e-05, 0.000402745237807, -0.00236411532387], [-0.000102831239928, 0.0045966822654, -0.00359235680662, 0.00406183628365, -0.00597127713263, 0.0128330308944, -0.00983048323542, 0.00372772524133, -0.00436246534809, 0.00180860806722, 0.000625916465651, 0.00123521022033, 0.00314844097011], [-1.94249896595e-05, -0.0048066880554, 0.00470900954679, -0.00420190067962, 0.00445312354714, -0.00983048323542, 0.0145961996168, -0.00697263376787, 0.00628408277407, -0.00391096109524, -0.00146087829489, 0.00139224948362, -0.00248221633956], [-0.000291862845188, 0.0047415192239, -0.00335440691561, 0.00580956367776, -0.00688696373254, 0.00372772524133, -0.00697263376787, 0.0165455713868, -0.0106339883059, 0.00282725226134, 5.23244068518e-07, -0.00213939673267, 0.00396002829075], [0.000215028456296, -0.00493507925421, 0.0034526376985, -0.00590392807499, 0.00537926331162, -0.00436246534809, 0.00628408277407, -0.0106339883059, 0.0167189631611, -0.00589724397287, -0.000453685352113, -0.000421182834543, -0.00380585365929], [0.000311023643008, 0.00419680774212, -0.00214720889926, 0.00198226841167, -0.00267337821424, 0.00180860806722, -0.00391096109524, 0.00282725226134, -0.00589724397287, 0.0171021856368, -0.00496006710455, -0.00143594841938, 0.00467370543629], [-0.000373591959942, -0.00260659912601, 0.000420731026679, 0.000956484000199, 2.62701287284e-05, 0.000625916465651, -0.00146087829489, 5.23244068518e-07, -0.000453685352113, -0.00496006710455, 0.0189533941448, -0.00745468214154, -0.0022386314813], [0.000569809286389, 0.00248898356222, -0.0011479803361, -0.000603433814831, 0.000402745237807, 0.00123521022033, 0.00139224948362, -0.00213939673267, -0.000421182834543, -0.00143594841938, -0.00745468214154, 0.0215781964362, -0.0106929475442], [-0.000148657694808, -0.000260265485849, -0.000938984856475, 0.0024160251487, -0.00236411532387, 0.00314844097011, -0.00248221633956, 0.00396002829075, -0.00380585365929, 0.00467370543629, -0.0022386314813, -0.0106929475442, 0.0222653076053]]
    },
    "melbands": {
        "max": [0.015570490621, 0.0068492363207, 0.0076151676476, 0.0349662937224, 0.0411204993725, 0.0133980857208, 0.0171338338405, 0.00885713100433, 0.00532482378185, 0.00936469249427, 0.00638268981129, 0.00654978398234, 0.0117406891659, 0.00129430252127, 0.000855542952195, 0.00185757467989, 0.00109445699491, 0.00153462926392, 0.0010730259819, 0.000720701704267, 0.000314319360768, 0.00039465361624, 0.000271858269116, 0.000262943096459, 0.000182006639079, 0.000147127444507, 7.63769276091e-05, 7.05055863364e-05, 6.56742340652e-05, 6.25967877568e-05, 7.22151962691e-05, 7.67129458836e-05, 6.95768831065e-05, 6.32915107417e-05, 5.65103109693e-05, 6.07536130701e-05, 0.000181088136742, 0.000356001604814, 0.00030251222779, 0.000235660205362],
        "mean": [0.0010076884646, 0.000682837329805, 0.000315497483825, 0.000380426179618, 0.00101624196395, 0.000649104185868, 0.000195359854843, 0.000121449891594, 0.000164864410181, 0.000270507531241, 0.000349063426256, 0.000238133507082, 0.000543125905097, 6.36444965494e-05, 6.0316589952e-05, 5.65517148061e-05, 6.67152562528e-05, 6.58344069961e-05, 3.7683537812e-05, 2.49873264693e-05, 1.4143770386e-05, 1.44907617141e-05, 1.41860609801e-05, 1.15805660243e-05, 9.57890733844e-06, 6.44692363494e-06, 4.77892444906e-06, 4.56663383375e-06, 2.93916696137e-06, 1.89098307146e-06, 1.85898443306e-06, 2.06771210287e-06, 2.059172175e-06, 1.8141191731e-06, 2.03383524422e-06, 2.13225735024e-06, 2.75263414551e-06, 2.88492287837e-06, 2.34912477026e-06, 2.40680310526e-06],
        "min": [2.99941774529e-07, 4.33715854342e-07, 1.85329304259e-06, 1.7173086917e-06, 1.21873711123e-06, 1.01852299395e-06, 1.5804719169e-06, 7.04311446498e-07, 2.83413868374e-07, 4.30693859244e-07, 5.85209704695e-07, 4.70982371326e-07, 2.983631191e-07, 2.07039320799e-07, 1.60133751592e-07, 3.56574560101e-07, 2.4351189154e-07, 2.63224592345e-07, 1.00907847411e-07, 1.56585954869e-07, 9.0277026743e-08, 1.12519458639e-07, 5.09802902116e-08, 9.2258197526e-08, 7.35714351663e-08, 3.99557542607e-08, 3.03620169007e-08, 2.33538663963e-08, 2.77545417759e-08, 1.44865213159e-08, 1.31645192525e-08, 9.99395677326e-09, 1.69561005237e-08, 1.33239366207e-08, 1.23937198282e-08, 6.36465902204e-09, 7.25715487704e-09, 5.00281638338e-09, 4.23964152674e-09, 1.95535743153e-09],
        "stdev": [0.0014833023306, 0.000770842190832, 0.000654033909086, 0.00162329745945, 0.00245314510539, 0.00126781710424, 0.000771059130784, 0.000340322527336, 0.000359922763892, 0.000569063413423, 0.000825931027066, 0.000496775959618, 0.00126996461768, 0.000112600493594, 9.44469793467e-05, 0.000104032114905, 0.00011300900951, 0.000131152497488, 7.5308875239e-05, 4.37959824922e-05, 2.43711438088e-05, 2.60928081843e-05, 2.30420537264e-05, 1.59478549904e-05, 1.25008191389e-05, 9.08092442842e-06, 6.26889641353e-06, 6.39193058305e-06, 4.45027444584e-06, 3.5033920085e-06, 4.08383539252e-06, 5.1612041716e-06, 4.83985195388e-06, 4.21760432801e-06, 4.12370809499e-06, 4.48652599516e-06, 9.25575841393e-06, 1.56886399054e-05, 1.16391438496e-05, 9.67589130596e-06]
    },
    "melbands128": {
        "max": [0.00872909650207, 0.0216205548495, 0.0250302106142, 0.0132347904146, 0.00884209014475, 0.00763284228742, 0.00968151167035, 0.010347828269, 0.00812761951238, 0.0335902273655, 0.0714068263769, 0.0802596360445, 0.0755378827453, 0.0361842624843, 0.0240241587162, 0.0144433258101, 0.0245011597872, 0.0274529550225, 0.0205173231661, 0.017509361729, 0.010470922105, 0.0111445598304, 0.00848740059882, 0.00913303904235, 0.0145177338272, 0.0191707648337, 0.0121849775314, 0.0119713135064, 0.0183949302882, 0.0141455214471, 0.00566107127815, 0.0143062509596, 0.0219993051142, 0.00506073702127, 0.00125311268494, 0.00275687151588, 0.00171984173357, 0.0014417587081, 0.00214710156433, 0.00129350752104, 0.00307224621065, 0.00456558680162, 0.00112960906699, 0.00134238949977, 0.00346288993023, 0.00299709080718, 0.00196834933013, 0.00176565919537, 0.00199888297357, 0.0023164821323, 0.000682213401888, 0.000977103132755, 0.000226863790886, 0.000727967475541, 0.000923461338971, 0.000762445561122, 0.000345286476659, 0.000680357217789, 0.000408242631238, 0.000273917248705, 0.000435225549154, 0.000317952653859, 0.000171019419213, 0.000243842994678, 0.000397241819883, 0.000260230357526, 8.29543205327e-05, 7.06710488885e-05, 0.00012272920867, 0.00026470440207, 8.09764969745e-05, 0.000158452312462, 9.06609275262e-05, 8.23947557365e-05, 6.30359500065e-05, 7.89787445683e-05, 6.20106584392e-05, 7.52096748329e-05, 8.35860628285e-05, 9.571739065e-05, 0.000123952369904, 8.84000110091e-05, 0.000120092714496, 9.0250527137e-05, 6.75600967952e-05, 5.70279953536e-05, 7.93365543359e-05, 7.25970603526e-05, 6.10258175584e-05, 4.77394423797e-05, 5.0390674005e-05, 8.62489396241e-05, 7.53729400458e-05, 0.000196514389245, 0.000339275313308, 0.000768157013226, 0.000245497125434, 0.00030286173569, 0.000423638295615, 0.000220479880227, 0.000217564360355, 0.000362883147318, 0.000224617528147, 0.0002178374707, 0.000280503270915, 0.000134022207931, 3.31543487846e-05, 1.7806081587e-06, 4.55408288857e-09, 5.16866904832e-09, 5.38734212796e-09, 5.48086420693e-09, 5.47452039257e-09, 5.49310641418e-09, 5.3748738793e-09, 5.33239274958e-09, 5.20893195244e-09, 5.10136910492e-09, 4.97357266482e-09, 4.85871032296e-09, 4.8021138177e-09, 4.74006212059e-09, 4.64041294279e-09, 4.59284477117e-09, 4.55012383327e-09, 4.48129311437e-09, 4.44761072416e-09, 4.43072556422e-09],
        "mean": [0.000186308287084, 0.00100688589737, 0.00134649605025, 0.00103948276956, 0.00065785337938, 0.000412382185459, 0.000316877762089, 0.000317055702908, 0.000260648841504, 0.000318908452755, 0.000468734855531, 0.000699708412867, 0.00130416499451, 0.00127759308089, 0.000659606652334, 0.000309978349833, 0.000215780091821, 0.00017870379088, 0.000152280772454, 0.000162522235769, 6.84581827954e-05, 0.000105040053313, 0.000156407739269, 0.000234836057643, 0.000329588801833, 0.000204829237191, 0.000335198623361, 0.000539481639862, 0.000160698938998, 0.000129895764985, 0.000146492777276, 0.000647473090794, 0.000931648071855, 0.000137400973472, 2.63825040747e-05, 7.81398484833e-05, 7.35449721105e-05, 2.54318874795e-05, 9.396301175e-05, 5.9542562667e-05, 3.03907399939e-05, 8.20606219349e-05, 5.23746311956e-05, 6.39160280116e-05, 9.6814801509e-05, 6.23540909146e-05, 4.05974460591e-05, 2.67302693828e-05, 4.23375277023e-05, 5.02861912537e-05, 1.45050526044e-05, 1.16013607112e-05, 1.07561609184e-05, 1.7305408619e-05, 1.8117196305e-05, 1.22063565868e-05, 1.1183580682e-05, 2.0893277906e-05, 1.2583802345e-05, 7.95523374109e-06, 1.23883974084e-05, 1.38466366479e-05, 9.11701954465e-06, 8.77407273947e-06, 9.60932538874e-06, 6.03809348831e-06, 5.07659660798e-06, 4.30947829955e-06, 3.87779437006e-06, 6.89899889039e-06, 4.63564811071e-06, 3.39607572641e-06, 3.83577116736e-06, 2.82764585791e-06, 2.01675720746e-06, 1.8102790591e-06, 1.99609962692e-06, 1.67882467395e-06, 1.89877118828e-06, 1.9656040422e-06, 1.74079025328e-06, 2.34912727137e-06, 2.30899695453e-06, 1.96946916731e-06, 1.94099470718e-06, 1.75678735559e-06, 1.81103723662e-06, 1.83250620012e-06, 2.191907015e-06, 2.00634622161e-06, 1.97089048015e-06, 1.97062672669e-06, 2.77052618003e-06, 2.58523095908e-06, 2.90986827167e-06, 3.12921156365e-06, 2.77849426311e-06, 2.80846552414e-06, 2.31025205721e-06, 2.13133830584e-06, 2.19606454266e-06, 2.50427865467e-06, 2.58880936599e-06, 2.61414561464e-06, 2.4016885618e-06, 1.93071127796e-06, 5.1242778909e-07, 2.40993163203e-08, 2.77522935188e-11, 1.06047046144e-11, 1.02117316339e-11, 1.22201884029e-11, 1.52350181082e-11, 1.71801392557e-11, 1.72763973266e-11, 1.52308027301e-11, 9.99541508589e-12, 9.06120144195e-12, 8.79283885286e-12, 7.94853592667e-12, 7.76017878429e-12, 7.62880123656e-12, 7.54089152233e-12, 7.37577447035e-12, 6.93420277795e-12, 6.22235075964e-12, 5.82242674213e-12, 5.74414387583e-12],
        "min": [8.41820391173e-10, 1.96530294261e-08, 1.95158236238e-07, 2.66687720796e-07, 2.79533111325e-07, 4.81105246308e-07, 6.05048626312e-07, 3.52126363623e-07, 5.32702301825e-07, 1.7281683995e-07, 3.85199626862e-07, 1.41737331205e-07, 4.94721234645e-07, 5.73239617552e-07, 2.98249801745e-07, 2.73280193142e-07, 3.46247446714e-07, 4.42328058625e-07, 2.79545105286e-07, 2.25592728498e-07, 1.50201870497e-07, 1.22155569215e-07, 9.42947480098e-08, 2.13189338183e-07, 1.58965860919e-07, 6.40016537545e-08, 1.31089961997e-07, 1.06926577814e-07, 1.21934746744e-07, 5.27479535606e-08, 7.0969910837e-08, 1.55343286679e-07, 9.96407223397e-08, 9.24322449691e-08, 7.61497744861e-08, 1.04570311521e-07, 1.13417911507e-07, 1.05926574179e-07, 7.04971157006e-08, 8.17832983557e-08, 7.92057690546e-08, 8.19107839334e-08, 1.25427973785e-07, 7.29653777398e-08, 3.76945479275e-08, 1.32087592419e-07, 7.02316000911e-08, 4.15324770131e-08, 5.49556133933e-08, 7.25333109131e-08, 8.80667343495e-08, 4.40002949631e-08, 3.43995196772e-08, 5.29296251273e-08, 6.67875639238e-08, 6.92081059128e-08, 6.85589043314e-08, 5.34282484921e-08, 1.27602772793e-08, 4.44801706578e-08, 2.54406877787e-08, 6.63428636472e-08, 3.20762048034e-08, 2.97881310729e-08, 2.39696191784e-08, 2.00579108878e-08, 1.19522427511e-08, 1.58060569078e-08, 1.83483290783e-08, 1.55381023603e-08, 9.41679356714e-09, 1.42789744473e-08, 1.05065058875e-08, 1.51897392442e-08, 9.1076906017e-09, 5.92055648951e-09, 6.62774146676e-09, 6.70415767345e-09, 7.09432068646e-09, 6.97967417196e-09, 6.42360076242e-09, 4.81573847466e-09, 1.39293288015e-08, 1.09598383702e-08, 1.24437500304e-08, 8.17397438624e-09, 6.33462082789e-09, 1.11694538063e-08, 7.54049001017e-09, 3.48881989964e-09, 2.94035706894e-09, 5.06219421936e-09, 8.34542213113e-09, 6.10125061584e-09, 5.52246337548e-09, 6.51174136834e-09, 3.44755801684e-09, 4.50101689253e-09, 2.11233452951e-09, 4.16175005569e-09, 1.47877865508e-09, 1.75834968807e-09, 1.34118693929e-09, 1.79436610015e-09, 2.65434829672e-09, 1.410768391e-09, 4.98593888398e-10, 3.96749863865e-12, 9.71592814883e-13, 5.49447802794e-13, 4.86904462062e-13, 8.30839195186e-13, 6.35152195595e-13, 6.7349256597e-13, 6.62455442065e-13, 5.73446401041e-13, 7.87476583507e-13, 8.21340012062e-13, 7.54862535327e-13, 7.37654512126e-13, 7.57467656307e-13, 7.89889150182e-13, 6.08538013817e-13, 6.03751640696e-13, 4.89136021183e-13, 1.79993105381e-13, 2.58986117328e-14, 8.98410154186e-16],
        "stdev": [0.00048122490989, 0.00176665361505, 0.00214175623842, 0.00134451687336, 0.000908651505597, 0.000723613309674, 0.000710490392521, 0.000801595975645, 0.000721229356714, 0.00141749659088, 0.00332820229232, 0.00280742137693, 0.00382768479176, 0.00289072282612, 0.00177508417983, 0.000980610726401, 0.0010319754947, 0.00114413769916, 0.000629612943158, 0.000502425536979, 0.000323964486597, 0.000461861520307, 0.000518837827258, 0.000532746140379, 0.000763584859669, 0.000783844559919, 0.00095460441662, 0.00149259134196, 0.000668171793222, 0.000701654062141, 0.000464560260298, 0.00154435483273, 0.00238726916723, 0.000408347666962, 8.07514661574e-05, 0.000173519612872, 0.000147908111103, 6.15392782493e-05, 0.000193716114154, 0.000118149713671, 0.000112174362584, 0.000224298884859, 9.90455664578e-05, 0.000133563138661, 0.000253064092249, 0.000178139278432, 0.000124627767946, 0.000110027845949, 0.000116715316835, 0.000114649570605, 3.91727226088e-05, 3.82339967473e-05, 1.96418277483e-05, 4.05163846153e-05, 5.14906059834e-05, 3.54317417077e-05, 2.52532609011e-05, 4.42277523689e-05, 2.66882288997e-05, 1.83570900845e-05, 2.17293454625e-05, 2.53528287431e-05, 1.67110920302e-05, 1.47084319906e-05, 1.96542805497e-05, 1.22260717035e-05, 7.24305209587e-06, 6.43691600999e-06, 7.70139831729e-06, 1.22366454889e-05, 7.45376246414e-06, 7.4504391705e-06, 6.45904810881e-06, 4.94391451866e-06, 3.73795865016e-06, 3.88602256862e-06, 4.16541297454e-06, 3.82540565624e-06, 4.42628106612e-06, 4.66725032311e-06, 5.92538754063e-06, 5.42367661183e-06, 6.24893345957e-06, 5.16416139362e-06, 4.472735327e-06, 4.24863355875e-06, 4.71345174446e-06, 4.58755130239e-06, 4.37354037786e-06, 4.15925615016e-06, 4.37942617282e-06, 4.7945809456e-06, 6.04869637755e-06, 8.34168349684e-06, 1.28029150801e-05, 2.17058986891e-05, 1.50627683979e-05, 1.54907156684e-05, 1.38777104439e-05, 9.23296465771e-06, 8.64039157022e-06, 1.18362668218e-05, 1.05630933831e-05, 1.06612396849e-05, 1.09320417323e-05, 8.39081076265e-06, 2.22779476644e-06, 1.10806922748e-07, 1.5281448329e-10, 1.15064437145e-10, 1.18903845103e-10, 1.23129714757e-10, 1.27544766415e-10, 1.36779934601e-10, 1.32940783382e-10, 1.25428098463e-10, 1.13269844892e-10, 1.1083336332e-10, 1.07956255047e-10, 1.05347890134e-10, 1.04042288673e-10, 1.02584024608e-10, 1.00390078195e-10, 9.93274074101e-11, 9.83685424782e-11, 9.70065694439e-11, 9.62437005092e-11, 9.58738297085e-11]
    },
    "mfcc": {
        "mean": [-638.436279297, 109.024291992, 6.10705661774, 5.33921813965, 9.05901622772, -0.746821939945, 2.49256086349, 4.80861330032, -1.0375739336, 4.47918272018, -1.45542359352, -3.24915933609, -0.569431722164],
        "cov": [[2224.37890625, -57.6485824585, -681.022705078, -214.582138062, -214.257095337, 40.9114189148, 213.391311646, 109.038581848, 40.8326301575, 152.168334961, 34.5710906982, -46.3491210938, -34.4146881104], [-57.6485824585, 941.083312988, -477.816558838, -139.616149902, -34.6195831299, -66.836730957, 115.916572571, 69.5851669312, -18.7666759491, 33.5131111145, -5.76286363602, -66.7755126953, -34.9431495667], [-681.022705078, -477.816558838, 934.834106445, 292.042053223, 203.641464233, 25.376871109, -208.430923462, -108.603805542, -20.3829116821, -119.762107849, -22.6955375671, 68.087600708, 15.6247377396], [-214.582138062, -139.616149902, 292.042053223, 398.07244873, 144.311264038, 19.9831676483, -128.6300354, -56.5129013062, -3.97166585922, -89.0321502686, -27.9114818573, 74.5665588379, -3.14346671104], [-214.257095337, -34.6195831299, 203.641464233, 144.311264038, 237.959472656, -2.90066194534, -66.9314880371, -5.13288736343, 20.7840690613, -35.9757537842, -2.80527257919, 42.1324157715, 9.47355270386], [40.9114189148, -66.836730957, 25.376871109, 19.9831676483, -2.90066194534, 180.491119385, 88.7974777222, 21.3015480042, 29.5293540955, 36.8922424316, 20.5055980682, 9.68453407288, 7.05951356888], [213.391311646, 115.916572571, -208.430923462, -128.6300354, -66.9314880371, 88.7974777222, 249.964523315, 82.1688919067, 27.002161026, 88.9232635498, 39.327583313, -33.5765533447, -0.0846196264029], [109.038581848, 69.5851669312, -108.603805542, -56.5129013062, -5.13288736343, 21.3015480042, 82.1688919067, 125.987182617, 58.9523544312, 49.0769958496, 31.5861778259, 13.5322942734, 8.55786514282], [40.8326301575, -18.7666759491, -20.3829116821, -3.97166585922, 20.7840690613, 29.5293540955, 27.002161026, 58.9523544312, 104.277160645, 48.2771186829, 35.1853561401, 24.5004348755, 13.6822299957], [152.168334961, 33.5131111145, -119.762107849, -89.0321502686, -35.9757537842, 36.8922424316, 88.9232635498, 49.0769958496, 48.2771186829, 126.360404968, 58.1354293823, -11.1118631363, 12.5693178177], [34.5710906982, -5.76286363602, -22.6955375671, -27.9114818573, -2.80527257919, 20.5055980682, 39.327583313, 31.5861778259, 35.1853561401, 58.1354293823, 88.3978500366, 30.8176498413, 18.0469818115], [-46.3491210938, -66.7755126953, 68.087600708, 74.5665588379, 42.1324157715, 9.68453407288, -33.5765533447, 13.5322942734, 24.5004348755, -11.1118631363, 30.8176498413, 110.580848694, 31.534198761], [-34.4146881104, -34.9431495667, 15.6247377396, -3.14346671104, 9.47355270386, 7.05951356888, -0.0846196264029, 8.55786514282, 13.6822299957, 12.5693178177, 18.0469818115, 31.534198761, 80.3619232178]],
        "icov": [[0.000705159269273, 0.000419178366428, 0.000635366595816, -0.000126828585053, 0.000102457270259, 5.07019176439e-05, -0.000147501661559, -0.000229581753956, 0.000149313927977, -0.000416284747189, 0.000166359968716, -4.81644929096e-05, 0.000384744576877], [0.000419178366428, 0.00187552440912, 0.00122450245544, -0.000128548563225, -0.000608327332884, 0.000565793656278, -0.000442477758043, -0.000632014940493, 0.000650273927022, 6.46595653961e-05, -8.10330238892e-05, 0.000496231077705, 0.000543420086615], [0.000635366595816, 0.00122450245544, 0.00281591224484, -0.000590715673752, -0.00115608656779, -0.000521232897881, 0.00062248663744, 0.000257859763224, 0.000380504818168, 0.000625757500529, -0.000669292581733, 0.000418258074205, 0.000212722065044], [-0.000126828585053, -0.000128548563225, -0.000590715673752, 0.00470773782581, -0.00158455420751, -0.00124752975535, 0.000917316298001, 0.00104570959229, -0.000541364774108, 0.00136084924452, 0.000758586160373, -0.00231575756334, 0.000992461689748], [0.000102457270259, -0.000608327332884, -0.00115608656779, -0.00158455420751, 0.00646932702512, 0.000361998536391, 0.000311432231683, -0.000817049352918, -0.00139307382051, 0.000157538815984, 8.05187883088e-05, -0.000429435051046, -0.000401979021262], [5.07019176439e-05, 0.000565793656278, -0.000521232897881, -0.00124752975535, 0.000361998536391, 0.00836437288672, -0.00424307351932, 0.00108003022615, -0.00155084393919, -0.00114336155821, 0.000685700506438, -0.000727656821255, -2.24018640438e-06], [-0.000147501661559, -0.000442477758043, 0.00062248663744, 0.000917316298001, 0.000311432231683, -0.00424307351932, 0.00921183358878, -0.00400694366544, 0.00213031214662, -0.00210497621447, -0.00131121708546, 0.00190728460439, -5.57087296329e-05], [-0.000229581753956, -0.000632014940493, 0.000257859763224, 0.00104570959229, -0.000817049352918, 0.00108003022615, -0.00400694366544, 0.0150385228917, -0.00709949666634, 0.000254021520959, 0.000128157495055, -0.00267753982916, 0.000204288648092], [0.000149313927977, 0.000650273927022, 0.000380504818168, -0.000541364774108, -0.00139307382051, -0.00155084393919, 0.00213031214662, -0.00709949666634, 0.0168998464942, -0.00507525587454, -0.00116178276949, -0.00114424910862, -6.33247473161e-05], [-0.000416284747189, 6.46595653961e-05, 0.000625757500529, 0.00136084924452, 0.000157538815984, -0.00114336155821, -0.00210497621447, 0.000254021520959, -0.00507525587454, 0.0184286292642, -0.00926971714944, 0.00396399572492, -0.00165805860888], [0.000166359968716, -8.10330238892e-05, -0.000669292581733, 0.000758586160373, 8.05187883088e-05, 0.000685700506438, -0.00131121708546, 0.000128157495055, -0.00116178276949, -0.00926971714944, 0.0207165852189, -0.00698746694252, -0.00015172973508], [-4.81644929096e-05, 0.000496231077705, 0.000418258074205, -0.00231575756334, -0.000429435051046, -0.000727656821255, 0.00190728460439, -0.00267753982916, -0.00114424910862, 0.00396399572492, -0.00698746694252, 0.0156655348837, -0.00457826303318], [0.000384744576877, 0.000543420086615, 0.000212722065044, 0.000992461689748, -0.000401979021262, -2.24018640438e-06, -5.57087296329e-05, 0.000204288648092, -6.33247473161e-05, -0.00165805860888, -0.00015172973508, -0.00457826303318, 0.0149687053636]]
    },
    "spectral_contrast_coeffs": {
        "max": [-0.324416011572, -0.417965352535, -0.473259776831, -0.601345837116, -0.647758424282, -0.717528760433],
        "mean": [-0.719862103462, -0.74198114872, -0.728510260582, -0.781800210476, -0.78976213932, -0.815188229084],
        "min": [-0.917843997478, -0.912519276142, -0.932215929031, -0.899143159389, -0.906585454941, -0.884544014931],
        "stdev": [0.0952005386353, 0.0769999548793, 0.0905024111271, 0.062172845006, 0.0419181883335, 0.0269769839942]
    },
    "spectral_contrast_valleys": {
        "max": [-4.94159936905, -5.14939641953, -5.95440101624, -5.99065065384, -5.88964509964, -7.45274448395],
        "mean": [-6.85252952576, -6.82197380066, -7.44250392914, -7.5898308754, -7.65778493881, -9.63404846191],
        "min": [-9.29905414581, -8.74487495422, -9.2227897644, -9.09720134735, -9.26626110077, -11.9953022003],
        "stdev": [0.570253312588, 0.536808133125, 0.641351222992, 0.528946042061, 0.562414467335, 0.647171616554]
    }
},
"rhythm": {
    "beats_count": 112,
    "beats_loudness": {
        "max": 0.084262304008,
        "mean": 0.034937042743,
        "min": 0.00565201230347,
        "stdev": 0.0172869842499
    },
    "bpm": 129.968917847,
    "bpm_histogram_first_peak_bpm": 129,
    "bpm_histogram_first_peak_weight": 0.268518567085,
    "bpm_histogram_second_peak_bpm": 117,
    "bpm_histogram_second_peak_spread": 0,
    "bpm_histogram_second_peak_weight": 0.0180180184543,
    "danceability": 1.00836145878,
    "onset_rate": 4.152592659,
    "beats_loudness_band_ratio": {
        "max": [0.874175906181, 0.854158520699, 0.830070018768, 0.795273065567, 0.263707190752, 0.54766201973],
        "mean": [0.398914664984, 0.21837618947, 0.15001578629, 0.169624969363, 0.0606880895793, 0.0424692630768],
        "min": [0.0265576504171, 0.0108059942722, 0.00303026288748, 0.00293987919576, 0.00555494474247, 0.00569171551615],
        "stdev": [0.228256866336, 0.225118473172, 0.147877335548, 0.204466849566, 0.0438134670258, 0.0609210245311]
    },
