{
"metadata": {
    "version": {
        "essentia": "2.1-beta5",
        "essentia_git_sha": "Undefined",
        "extractor": "music 2.0"
    },
    "audio_properties": {
        "analysis": {
            "equal_loudness": 0,
            "length": 32.4963264465,
            "sample_rate": 44100,
            "start_time": 126.490699768,
            "downmix": "mix"
        },
        "bit_rate": 192000,
        "length": 180.569976807,
        "lossless": 0,
        "number_channels": 2,
        "replay_gain": -7.08860397339,
        "sample_rate": 48000,
        "codec": "mp3",
        "md5_encoded": "dcfadcdf79e65ef8c28aaf3330faadb5"
    },
    "tags": {
        "file_name": "Russia_Believe Me_Julia Savicheva.mp3",
        "encoding": ["Lavf58.29.100"]
    }
},
"lowlevel": {
    "average_loudness": 0.947841644287,
    "barkbands_crest": {
        "max": 21.0897846222,
        "mean": 8.44038200378,
        "min": 2.58753752708,
        "stdev": 3.42049527168
    },
    "barkbands_flatness_db": {
        "max": 0.217216268182,
        "mean": 0.101986065507,
        "min": 0.0314257144928,
        "stdev": 0.0362327769399
    },
    "barkbands_kurtosis": {
        "max": 32.2243309021,
        "mean": 2.56980776787,
        "min": -1.80678868294,
        "stdev": 4.66909837723
    },
    "barkbands_skewness": {
        "max": 5.05727815628,
        "mean": 1.29435575008,
        "min": -1.46663415432,
        "stdev": 1.0151194334
    },
    "barkbands_spread": {
        "max": 93.7138824463,
        "mean": 30.9276580811,
        "min": 5.30169534683,
        "stdev": 16.2087421417
    },
    "dissonance": {
        "max": 0.499675869942,
        "mean": 0.471747398376,
        "min": 0.370527207851,
        "stdev": 0.0196811519563
    },
    "dynamic_complexity": 3.00922036171,
    "erbbands_crest": {
        "max": 28.9149417877,
        "mean": 8.0053691864,
        "min": 2.40116906166,
        "stdev": 4.61450242996
    },
    "erbbands_flatness_db": {
        "max": 0.277208358049,
        "mean": 0.118964098394,
        "min": 0.0566660352051,
        "stdev": 0.040133446455
    },
    "erbbands_kurtosis": {
        "max": 16.4776077271,
        "mean": 0.187136337161,
        "min": -1.67720901966,
        "stdev": 1.6818677187
    },
    "erbbands_skewness": {
        "max": 2.34430098534,
        "mean": 0.282231330872,
        "min": -1.53835356236,
        "stdev": 0.601724922657
    },
    "erbbands_spread": {
        "max": 133.654220581,
        "mean": 47.7488288879,
        "min": 5.28408050537,
        "stdev": 22.6513576508
    },
    "hfc": {
        "max": 225.110565186,
        "mean": 24.5402355194,
        "min": 0.653376817703,
        "stdev": 25.0123615265
    },
    "loudness_ebu128": {
        "integrated": -16.7159290314,
        "loudness_range": 2.55344200134,
        "momentary": {
            "max": -12.5735378265,
            "mean": -17.1561794281,
            "min": -23.2830486298,
            "stdev": 1.99615478516
        },
        "short_term": {
            "max": -15.4213695526,
            "mean": -16.7931137085,
            "min": -19.9773578644,
            "stdev": 1.08752274513
        }
    },
    "melbands_crest": {
        "max": 25.9173736572,
        "mean": 11.4539527893,
        "min": 3.65823698044,
        "stdev": 4.13320827484
    },
    "melbands_flatness_db": {
        "max": 0.318636506796,
        "mean": 0.158087044954,
        "min": 0.0113890627399,
        "stdev": 0.0482759103179
    },
    "melbands_kurtosis": {
        "max": 172.562515259,
        "mean": 12.4631233215,
        "min": -1.5163166523,
        "stdev": 16.9255599976
    },
    "melbands_skewness": {
        "max": 11.6628990173,
        "mean": 2.56048321724,
        "min": -1.14117431641,
        "stdev": 1.63834822178
    },
    "melbands_spread": {
        "max": 140.029098511,
        "mean": 28.7751693726,
        "min": 3.28002619743,
        "stdev": 17.3324298859
    },
    "pitch_salience": {
        "max": 0.899909198284,
        "mean": 0.592705190182,
        "min": 0.170260593295,
        "stdev": 0.0960092097521
    },
    "silence_rate_20dB": {
        "max": 1,
        "mean": 1,
        "min": 1,
        "stdev": 0
    },
    "silence_rate_30dB": {
        "max": 1,
        "mean": 0.997144877911,
        "min": 0,
        "stdev": 0.0533565804362
    },
    "silence_rate_60dB": {
        "max": 1,
        "mean": 0.0342612415552,
        "min": 0,
        "stdev": 0.181901454926
    },
    "spectral_centroid": {
        "max": 3703.6237793,
        "mean": 1523.64770508,
        "min": 376.901367188,
        "stdev": 559.838500977
    },
    "spectral_complexity": {
        "max": 47,
        "mean": 18.2355461121,
        "min": 0,
        "stdev": 8.51116847992
    },
    "spectral_decrease": {
        "max": -1.5536659459e-10,
        "mean": -5.54752865867e-09,
        "min": -3.7356308269e-08,
        "stdev": 5.50640377739e-09
    },
    "spectral_energy": {
        "max": 0.151151150465,
        "mean": 0.0231635440141,
        "min": 0.00070351746399,
        "stdev": 0.0225616861135
    },
    "spectral_energyband_high": {
        "max": 0.00883830618113,
        "mean": 0.00135286548175,
        "min": 1.28264009618e-05,
        "stdev": 0.00163230788894
    },
    "spectral_energyband_low": {
        "max": 0.119471117854,
        "mean": 0.00822685845196,
        "min": 7.41150142858e-06,
        "stdev": 0.0144264055416
    },
    "spectral_energyband_middle_high": {
        "max": 0.0979725793004,
        "mean": 0.00652389181778,
        "min": 9.47887310758e-05,
        "stdev": 0.0109955994412
    },
    "spectral_energyband_middle_low": {
        "max": 0.0590663030744,
        "mean": 0.00785535667092,
        "min": 0.000154137669597,
        "stdev": 0.00708956317976
    },
    "spectral_entropy": {
        "max": 8.67212677002,
        "mean": 7.89219903946,
        "min": 6.7016415596,
        "stdev": 0.348259270191
    },
    "spectral_flux": {
        "max": 0.353036522865,
        "mean": 0.0871649086475,
        "min": 0.0163132026792,
        "stdev": 0.0595383904874
    },
    "spectral_kurtosis": {
        "max": 13.1586418152,
        "mean": 2.89379382133,
        "min": -1.22215795517,
        "stdev": 1.69371664524
    },
    "spectral_rms": {
        "max": 0.0121434982866,
        "mean": 0.00434456672519,
        "min": 0.000828467542306,
        "stdev": 0.00192959047854
    },
    "spectral_rolloff": {
        "max": 11670.9960938,
        "mean": 2002.72424316,
        "min": 107.666015625,
        "stdev": 2011.71252441
    },
    "spectral_skewness": {
        "max": 2.72881269455,
        "mean": 1.40365839005,
        "min": 0.501017808914,
        "stdev": 0.315396249294
    },
    "spectral_spread": {
        "max": 16072189,
        "mean": 5935726.5,
        "min": 2824856.75,
        "stdev": 1598005.375
    },
    "spectral_strongpeak": {
        "max": 17.0393562317,
        "mean": 1.08306014538,
        "min": 0,
        "stdev": 1.86738228798
    },
    "zerocrossingrate": {
        "max": 0.34326171875,
        "mean": 0.0836703553796,
        "min": 0.00830078125,
        "stdev": 0.0428644530475
    },
    "barkbands": {
        "max": [0.00331034488045, 0.0630568638444, 0.0791227817535, 0.0241089500487, 0.0228152498603, 0.0308135822415, 0.0256350114942, 0.0422926135361, 0.0356979519129, 0.0660053640604, 0.0327701680362, 0.0252299308777, 0.025494126603, 0.0909263789654, 0.0453902035952, 0.0175059996545, 0.00720086367801, 0.0118710175157, 0.00554611254483, 0.00298149837181, 0.00183927745093, 0.00237127323635, 0.00150972302072, 0.00156142644119, 0.00275807152502, 0.0020133999642, 7.78850062488e-06],
        "mean": [0.000267731666099, 0.00431146100163, 0.00294106663205, 0.00130528875161, 0.00208049966022, 0.0012966832146, 0.00122424296569, 0.00115140015259, 0.000642999017145, 0.00121474568732, 0.000748583639506, 0.000444028875791, 0.000526762451045, 0.00122432480566, 0.000993435736746, 0.000500675290823, 0.000232067424804, 0.000313470693072, 0.000289197807433, 0.000231791505939, 0.000222535134526, 0.000204054391361, 0.00019986735424, 0.000228511256864, 0.000237588537857, 0.000130374348373, 1.51435855855e-07],
        "min": [2.30727525974e-08, 6.51679499697e-07, 6.39194354335e-07, 1.71639499058e-06, 1.61751086125e-05, 9.62344620348e-06, 5.87726117374e-06, 3.92062020182e-06, 4.38315601059e-06, 2.67244490715e-06, 5.35157687409e-06, 3.76436037186e-06, 3.16259229294e-06, 1.11665826807e-06, 3.33077991854e-06, 3.25673090629e-06, 1.90945002032e-06, 2.28802855418e-06, 2.34294248003e-06, 1.63653351137e-06, 2.49707954936e-06, 2.06301933758e-06, 2.04700768336e-06, 2.25953795052e-06, 9.471393696e-07, 2.50123065371e-07, 4.02544247935e-11],
        "stdev": [0.000322782492731, 0.00651810830459, 0.00821341108531, 0.00253161950968, 0.00217608828098, 0.00221520033665, 0.00208769226447, 0.0026628493797, 0.0015799163375, 0.00465375743806, 0.00176916399505, 0.00150258699432, 0.0018779047532, 0.00544353621081, 0.00346473720856, 0.00133968214504, 0.000402540637879, 0.000562977511436, 0.000458445225377, 0.000247896299697, 0.000272653909633, 0.000298621336697, 0.000266601738986, 0.000287740345811, 0.00033400740358, 0.000212567611015, 4.42614236817e-07]
    },
    "erbbands": {
        "max": [0.697182834148, 17.7970638275, 74.1136016846, 95.7063751221, 83.931640625, 61.5230445862, 236.402038574, 346.888000488, 274.819580078, 741.829528809, 849.123046875, 1018.0357666, 736.28717041, 1771.94812012, 714.093200684, 958.445678711, 1166.56298828, 2339.01806641, 3391.53808594, 1343.25354004, 1077.5123291, 191.415435791, 220.814605713, 527.944335938, 87.4803009033, 202.090911865, 90.0355377197, 88.6147994995, 82.2667999268, 63.4943962097, 47.9298744202, 35.486579895, 40.7858810425, 46.2804069519, 20.1104202271, 7.86962175369, 4.71028709412, 0.39928779006, 0.00690598320216, 0.000342811545124],
        "mean": [0.0925590321422, 1.07327401638, 3.26513433456, 4.40573453903, 6.19464874268, 6.13094949722, 9.30884552002, 10.1121587753, 13.336432457, 24.703660965, 22.8111972809, 15.1506738663, 19.3821105957, 49.261920929, 26.1138076782, 16.261297226, 25.1642665863, 47.5471878052, 67.1476287842, 38.158870697, 22.3310241699, 12.5873069763, 15.5552530289, 21.5284862518, 10.0981245041, 11.0887651443, 10.1011600494, 8.02000522614, 7.06762599945, 6.61479854584, 5.7795214653, 4.72157812119, 3.83828449249, 2.70629858971, 1.63946890831, 0.694371759892, 0.224394887686, 0.0234579592943, 0.000453316693893, 5.00252353959e-05],
        "min": [1.09695620267e-05, 0.000133820285555, 0.0012868444901, 0.0097018154338, 0.0136810950935, 0.041367162019, 0.0752445831895, 0.0608460456133, 0.100067533553, 0.108072340488, 0.189330726862, 0.134174764156, 0.196529954672, 0.233343735337, 0.213901624084, 0.204798847437, 0.197349190712, 0.140524357557, 0.230774819851, 0.261444687843, 0.226750448346, 0.149255558848, 0.158028885722, 0.155257567763, 0.104722492397, 0.091001033783, 0.0804327502847, 0.0745926201344, 0.0627001747489, 0.0613229200244, 0.0472250841558, 0.0471446625888, 0.0273524709046, 0.00937956105918, 0.00610811915249, 0.0018418028485, 0.000238699256442, 2.95283389278e-05, 1.49209176925e-06, 1.51613619437e-06],
        "stdev": [0.0850479528308, 1.87285602093, 8.44381141663, 9.82559585571, 8.11190509796, 6.43904829025, 15.8573951721, 20.0865802765, 17.9518299103, 53.0450973511, 46.6739082336, 39.6671104431, 57.3673210144, 141.779586792, 62.9905014038, 47.2161369324, 84.9761505127, 173.331222534, 233.014343262, 105.940010071, 55.7531738281, 18.2260932922, 21.0127449036, 39.541015625, 10.6363639832, 12.8592824936, 11.410654068, 11.2559518814, 10.7836313248, 9.57061576843, 7.86120319366, 5.97578287125, 5.04082107544, 3.93193244934, 2.38644886017, 1.04476356506, 0.400552093983, 0.0458923503757, 0.000826276838779, 5.32431040483e-05]
    },
    "gfcc": {
        "mean": [23.9597892761, 67.4665222168, -103.560546875, 34.2118530273, -61.0976715088, 23.4484443665, -42.8893127441, 17.1879711151, -28.6077747345, 10.5084095001, -18.7487277985, 2.50623130798, -12.4786911011],
        "cov": [[2825.11669922, -762.282592773, 29.1785068512, -6.67065143585, 77.9055938721, 134.832473755, 63.9333381653, 113.915603638, -8.12145996094, 102.768417358, -97.7903137207, -37.4386138916, -166.57182312], [-762.282592773, 910.283569336, -125.788024902, -0.570257604122, 72.6159057617, -36.5929870605, 69.2715606689, -44.1275596619, 54.0041503906, -71.3343276978, 87.8910140991, -30.5175056458, 97.4479598999], [29.1785068512, -125.788024902, 626.76739502, 232.706176758, -23.5409030914, 58.8155860901, 37.0185928345, -24.7105236053, -53.2939109802, 16.2734184265, -61.0387001038, 67.5880432129, -43.1937103271], [-6.67065143585, -0.570257604122, 232.706176758, 224.029663086, 50.0970077515, 33.561580658, 19.761472702, -3.6392121315, -0.872530937195, -12.1702270508, -19.1748123169, 17.3793525696, -9.82512664795], [77.9055938721, 72.6159057617, -23.5409030914, 50.0970077515, 169.502716064, 65.4078216553, -4.37808942795, 7.18644857407, 19.8473110199, -9.6156206131, 13.6405677795, -25.0069313049, -8.98654079437], [134.832473755, -36.5929870605, 58.8155860901, 33.561580658, 65.4078216553, 132.869644165, 48.3109054565, -3.96169638634, -8.59557247162, 18.4068164825, 3.78923106194, -16.5769748688, -20.5614643097], [63.9333381653, 69.2715606689, 37.0185928345, 19.761472702, -4.37808942795, 48.3109054565, 115.202644348, 15.6304454803, -5.00735998154, 6.88626337051, -2.80772447586, 6.39004516602, -3.47490310669], [113.915603638, -44.1275596619, -24.7105236053, -3.6392121315, 7.18644857407, -3.96169638634, 15.6304454803, 85.8483581543, 41.4612770081, 1.92323768139, -3.91976451874, 4.80997467041, 3.62652373314], [-8.12145996094, 54.0041503906, -53.2939109802, -0.872530937195, 19.8473110199, -8.59557247162, -5.00735998154, 41.4612770081, 78.2417984009, 12.993021965, 9.22218418121, -7.56376695633, 10.4017658234], [102.768417358, -71.3343276978, 16.2734184265, -12.1702270508, -9.6156206131, 18.4068164825, 6.88626337051, 1.92323768139, 12.993021965, 71.7143936157, 17.7727012634, -8.93273067474, -30.0756950378], [-97.7903137207, 87.8910140991, -61.0387001038, -19.1748123169, 13.6405677795, 3.78923106194, -2.80772447586, -3.91976451874, 9.22218418121, 17.7727012634, 72.8756027222, 4.4776301384, 6.30370807648], [-37.4386138916, -30.5175056458, 67.5880432129, 17.3793525696, -25.0069313049, -16.5769748688, 6.39004516602, 4.80997467041, -7.56376695633, -8.93273067474, 4.4776301384, 66.7595367432, 24.892156601], [-166.57182312, 97.4479598999, -43.1937103271, -9.82512664795, -8.98654079437, -20.5614643097, -3.47490310669, 3.62652373314, 10.4017658234, -30.0756950378, 6.30370807648, 24.892156601, 76.3898239136]],
        "icov": [[0.000566744944081, 0.000428241590271, 0.000112625770271, 9.39718520385e-05, -0.000487208395498, 1.59799637913e-05, -0.00055216794135, -0.000379614357371, 5.87801951042e-05, -0.000288669514703, 0.000426844548201, 1.33619541884e-05, 0.000543946982361], [0.000428241590271, 0.00368583737873, -0.00132433103863, 0.00118742662016, -0.00231661600992, 0.00343312579207, -0.00515283597633, 0.00373938446864, -0.00392796425149, 0.00393700506538, -0.00488967588171, 0.00476377876475, -0.00318847526796], [0.000112625770271, -0.00132433103863, 0.00494816713035, -0.00449404213578, 0.00218380289152, -0.00323205348104, 0.00246893498115, -0.00138937763404, 0.00315717677586, -0.00357214873657, 0.00504322163761, -0.00627018883824, 0.00351078528911], [9.39718520385e-05, 0.00118742662016, -0.00449404213578, 0.00970741175115, -0.00391024723649, 0.002258423483, -0.00301025458612, 0.00212136725895, -0.003783963155, 0.00391531689093, -0.00242759101093, 0.00258371094242, -0.00127699237783], [-0.000487208395498, -0.00231661600992, 0.00218380289152, -0.00391024723649, 0.0119856111705, -0.00818869750947, 0.00597428297624, -0.00254357024096, -0.000124277357827, 0.00146700744517, 0.000686393177602, -0.00153759040404, 0.00326202134602], [1.59799637913e-05, 0.00343312579207, -0.00323205348104, 0.002258423483, -0.00818869750947, 0.0176326595247, -0.0105975046754, 0.00459014018998, -0.00166650372557, 0.000663202197757, -0.00584380421788, 0.00823100749403, -0.00451080687344], [-0.00055216794135, -0.00515283597633, 0.00246893498115, -0.00301025458612, 0.00597428297624, -0.0105975046754, 0.019005773589, -0.00838019326329, 0.00686597125605, -0.00565733574331, 0.00709235016257, -0.00807608477771, 0.00437496369705], [-0.000379614357371, 0.00373938446864, -0.00138937763404, 0.00212136725895, -0.00254357024096, 0.00459014018998, -0.00838019326329, 0.0226216986775, -0.0150381345302, 0.00666755670682, -0.00414415542036, 0.00202448712662, -0.00227452092804], [5.87801951042e-05, -0.00392796425149, 0.00315717677586, -0.003783963155, -0.000124277357827, -0.00166650372557, 0.00686597125605, -0.0150381345302, 0.027152236551, -0.0124090360478, 0.00588348275051, -0.0025220583193, -0.00124600681011], [-0.000288669514703, 0.00393700506538, -0.00357214873657, 0.00391531689093, 0.00146700744517, 0.000663202197757, -0.00565733574331, 0.00666755670682, -0.0124090360478, 0.0283923223615, -0.0134105142206, 0.00665677338839, 0.004414816387], [0.000426844548201, -0.00488967588171, 0.00504322163761, -0.00242759101093, 0.000686393177602, -0.00584380421788, 0.00709235016257, -0.00414415542036, 0.00588348275051, -0.0134105142206, 0.0269131641835, -0.0126786995679, 0.00456444127485], [1.33619541884e-05, 0.00476377876475, -0.00627018883824, 0.00258371094242, -0.00153759040404, 0.00823100749403, -0.00807608477771, 0.00202448712662, -0.0025220583193, 0.00665677338839, -0.0126786995679, 0.031601484865, -0.0139768496156], [0.000543946982361, -0.00318847526796, 0.00351078528911, -0.00127699237783, 0.00326202134602, -0.00451080687344, 0.00437496369705, -0.00227452092804, -0.00124600681011, 0.004414816387, 0.00456444127485, -0.0139768496156, 0.025727391243]]
    },
    "melbands": {
        "max": [0.0114658148959, 0.0294724497944, 0.0140357399359, 0.00607148790732, 0.00658212136477, 0.00678814668208, 0.00484971795231, 0.00943866372108, 0.00632554339245, 0.006208431907, 0.00478291790932, 0.00862177181989, 0.00219209329225, 0.00377717381343, 0.00159697106574, 0.00327760865912, 0.00491472426802, 0.00800580810755, 0.0040001324378, 0.00167418108322, 0.00112050794996, 0.000293607066851, 0.000256554892985, 0.00056147883879, 0.000432969129179, 7.17654911568e-05, 5.95979618083e-05, 0.000175463821506, 7.65322693042e-05, 4.09703352489e-05, 5.98549631832e-05, 5.76705642743e-05, 3.09972165269e-05, 3.94627022615e-05, 3.12899574055e-05, 2.33664304687e-05, 2.11868318729e-05, 2.63654947048e-05, 3.38503487001e-05, 4.15784124925e-05],
        "mean": [0.00102924800012, 0.00163198856171, 0.00080220005475, 0.000458982598502, 0.00030334998155, 0.000224623145186, 0.000227674783673, 0.000274460209766, 0.000180969320354, 8.64072790137e-05, 0.000102011668787, 0.000207734075957, 8.93914912012e-05, 5.90848285356e-05, 3.65261912521e-05, 5.6815228163e-05, 9.82957571978e-05, 0.000117641138786, 6.94660411682e-05, 4.16913608206e-05, 2.15160489461e-05, 1.16726150736e-05, 1.49999641508e-05, 1.46242118717e-05, 1.87350760825e-05, 7.42547490518e-06, 6.91217564963e-06, 7.40254472475e-06, 6.63379341859e-06, 4.92172421218e-06, 4.64818776891e-06, 3.99721830036e-06, 3.77871106139e-06, 3.54487156073e-06, 3.30069269694e-06, 3.16586033478e-06, 2.74059493677e-06, 2.71882163361e-06, 2.43271392719e-06, 2.25840040002e-06],
        "min": [1.82702365237e-07, 6.23129608357e-07, 2.20634888137e-06, 2.39391692958e-06, 2.45028286372e-06, 1.59119326781e-06, 9.22282765714e-07, 1.03846559796e-06, 1.5269481537e-06, 5.78193237288e-07, 4.25844916663e-07, 7.77378033945e-07, 6.51023583487e-07, 4.94051846545e-07, 4.34552646311e-07, 3.31075142412e-07, 1.28771588948e-07, 2.68171930884e-07, 2.47519608365e-07, 2.93095467896e-07, 2.18399307528e-07, 9.28102181774e-08, 1.51294756279e-07, 1.1509914799e-07, 1.02638175292e-07, 6.59044019358e-08, 4.2525005739e-08, 5.26434575931e-08, 4.91482197162e-08, 4.23215880119e-08, 3.77649804761e-08, 3.08736964882e-08, 4.04893434336e-08, 2.84965810948e-08, 1.91997706622e-08, 3.0175890231e-08, 2.42515447724e-08, 1.96012273079e-08, 8.8951397359e-09, 6.58658327879e-09],
        "stdev": [0.00126009143423, 0.0035857653711, 0.00154476822354, 0.000524303934071, 0.000450871477369, 0.000418327690568, 0.000326445384417, 0.000607762893196, 0.000367010390619, 0.000233377679251, 0.000360652484233, 0.00065225007711, 0.000194214342628, 0.000207187447813, 9.28320878302e-05, 0.00021917882259, 0.000404187216191, 0.0004629297473, 0.000245884933975, 0.000123924051877, 5.95577439526e-05, 2.01463208214e-05, 2.45840856223e-05, 2.72383731499e-05, 3.72521353711e-05, 8.55353755469e-06, 7.42959400668e-06, 9.6051944638e-06, 7.82537426858e-06, 5.73766646994e-06, 7.32612579668e-06, 6.49300636724e-06, 5.39272332389e-06, 5.27743168277e-06, 4.59099373984e-06, 4.20396190748e-06, 3.47196146322e-06, 3.66049425793e-06, 3.28083228851e-06, 3.61265006177e-06]
    },
    "melbands128": {
        "max": [0.0017887580907, 0.0048939185217, 0.0147565482184, 0.0378268882632, 0.0350047983229, 0.0392120555043, 0.022960472852, 0.0108557743952, 0.0089791379869, 0.00859564170241, 0.00279364013113, 0.00450996961445, 0.011524646543, 0.0136283840984, 0.00978373922408, 0.00931289047003, 0.00142543157563, 0.00795213133097, 0.00916732102633, 0.0108820805326, 0.0148498844355, 0.00919165834785, 0.00869509764016, 0.00703477067873, 0.0105431275442, 0.00548493443057, 0.00142774602864, 0.00359671912156, 0.0136591661721, 0.0203784685582, 0.00999389030039, 0.00689310766757, 0.00335656688549, 0.00484891841188, 0.00500290375203, 0.00750452512875, 0.00250255386345, 0.00127570086624, 0.0034016862046, 0.00543083343655, 0.00719175674021, 0.00579385878518, 0.0104508511722, 0.0107260439545, 0.0256545618176, 0.00592153007165, 0.00970668904483, 0.00914277695119, 0.00401875376701, 0.00339159881696, 0.00354110868648, 0.00267159775831, 0.00208030454814, 0.00183661968913, 0.000618892547209, 0.000352657079929, 0.000282767490717, 0.000666631793138, 0.000377928896341, 0.00029478489887, 0.000338171026669, 0.00189463689458, 0.00095055490965, 0.000602828047704, 0.000258176558418, 9.72478592303e-05, 8.75218975125e-05, 7.77729219408e-05, 0.000110922068416, 9.03359177755e-05, 0.000374252675101, 0.000103947371827, 0.000120794269606, 8.28793199616e-05, 5.83710971114e-05, 4.6250235755e-05, 8.41857472551e-05, 6.79359436617e-05, 7.77510140324e-05, 8.77950369613e-05, 5.70518823224e-05, 8.2338017819e-05, 6.36090990156e-05, 4.09306267102e-05, 4.17470400862e-05, 6.15235985606e-05, 5.05030002387e-05, 3.14653916575e-05, 3.84962550015e-05, 5.1671951951e-05, 3.16210607707e-05, 3.54340591002e-05, 3.69693043467e-05, 2.23878123506e-05, 2.97151091218e-05, 2.56532603089e-05, 3.83355763915e-05, 5.00024325447e-05, 2.7438689358e-05, 3.94838134525e-05, 5.53865284019e-05, 5.78212639084e-05, 0.000124915575725, 4.63333453808e-05, 4.30767904618e-05, 1.6642117771e-05, 2.83635745291e-05, 1.84467917279e-05, 2.24493505812e-05, 1.91575127246e-05, 1.15005004773e-05, 1.60198815138e-05, 2.32418187807e-05, 1.40084794111e-05, 9.58486543823e-06, 7.53843323764e-06, 5.41700785561e-07, 1.20529994874e-08, 8.80423378646e-09, 7.22696436029e-09, 6.25793994402e-09, 5.60684343398e-09, 5.13843545491e-09, 4.77685979661e-09, 4.52371340387e-09, 4.34783764547e-09, 4.22225188146e-09, 4.14842649121e-09],
        "mean": [0.000180995994015, 0.000611923751421, 0.00131357612554, 0.00195655738935, 0.0017817717744, 0.00140469626058, 0.000929560919758, 0.000571311276872, 0.000672499532811, 0.000512974860612, 0.000286250113277, 0.000257830193732, 0.000350638758391, 0.000303135748254, 0.000248377327807, 0.000175584937097, 0.000116497903946, 0.00025772897061, 0.000352128990926, 0.000250026350841, 0.000292607059237, 0.000178531307029, 0.00019126420375, 0.000145065627294, 9.0804125648e-05, 6.99963929947e-05, 4.87697143399e-05, 7.21639007679e-05, 0.000156616879394, 0.000277064013062, 0.000210336089367, 0.000126449682284, 4.97173132317e-05, 9.99685580609e-05, 7.43178461562e-05, 4.6985460358e-05, 3.3427226299e-05, 2.10622547456e-05, 4.79071313748e-05, 6.88881991664e-05, 5.95891797275e-05, 3.65764753951e-05, 6.98415533407e-05, 0.000150134714204, 0.000156129855895, 9.49499954004e-05, 0.000101553974673, 8.12753714854e-05, 4.93038896821e-05, 3.80857418349e-05, 4.7106983402e-05, 4.02340920118e-05, 2.09037643799e-05, 1.68334900081e-05, 1.27949297166e-05, 9.71794815996e-06, 9.92400782707e-06, 2.03581203095e-05, 1.33255016408e-05, 1.22711981021e-05, 1.15907359941e-05, 1.93960349861e-05, 2.31323156186e-05, 1.95306765818e-05, 9.40695917961e-06, 6.58496901451e-06, 6.45925319986e-06, 6.12862095295e-06, 7.3629612416e-06, 7.1888543971e-06, 8.26036011858e-06, 6.85460918248e-06, 6.50575566397e-06, 7.09194227966e-06, 6.21015715296e-06, 4.83928488393e-06, 4.57444548374e-06, 4.26701444667e-06, 5.01856766277e-06, 4.62598063677e-06, 3.71332612303e-06, 4.05005312132e-06, 3.8132161535e-06, 3.50051345777e-06, 4.03816693506e-06, 3.91412504541e-06, 3.23599670082e-06, 3.06410879602e-06, 3.41124405168e-06, 3.39714097208e-06, 3.21442894347e-06, 3.15418378705e-06, 2.96240659736e-06, 2.80855510937e-06, 2.58176191892e-06, 2.49331628766e-06, 2.90986190521e-06, 2.6905283903e-06, 2.48536684921e-06, 2.32414572565e-06, 2.13901216739e-06, 2.36827850131e-06, 2.24842870011e-06, 1.98431166609e-06, 1.97663985091e-06, 1.50236337504e-06, 1.79502967512e-06, 1.50175264935e-06, 1.1260123074e-06, 9.36557626119e-07, 7.53698373046e-07, 7.30274052785e-07, 8.65049628374e-07, 5.78628771564e-07, 4.69709220852e-07, 2.80913724282e-07, 1.29408110894e-08, 3.89279129764e-11, 1.16478649642e-11, 1.19359860537e-11, 1.2538081684e-11, 1.2627755612e-11, 1.00059613373e-11, 6.1750461515e-12, 5.89757756519e-12, 5.65023158469e-12, 5.49014349607e-12, 5.41461276857e-12],
        "min": [1.79546877366e-09, 2.33905872449e-08, 9.96948656962e-08, 1.92386707454e-07, 4.56926557035e-07, 2.23403645805e-07, 1.12539237307e-06, 1.16341107059e-06, 5.51718699171e-07, 3.46435456322e-07, 5.25648601979e-07, 5.68310611015e-07, 6.5198264565e-07, 1.11819667836e-06, 2.54824271906e-07, 2.32997791727e-07, 1.09510153834e-06, 2.38233980099e-07, 4.91247078571e-07, 2.54315949633e-07, 2.27776496331e-07, 3.028063702e-07, 8.26127077858e-08, 2.13053411358e-07, 3.4861099607e-07, 1.30408608356e-07, 2.73026387276e-07, 2.13152532069e-07, 1.3612665839e-07, 2.04565651529e-07, 4.37430259126e-07, 1.82018609962e-07, 1.3436159918e-07, 6.43933546485e-08, 8.16135496962e-08, 2.05643360118e-08, 1.7108619943e-07, 9.2547779218e-08, 2.01389198651e-07, 1.81266074151e-07, 2.44905947966e-07, 6.49511449069e-08, 6.35365182688e-08, 1.33821174586e-07, 3.34544516534e-08, 6.93705715094e-08, 1.01077489489e-07, 2.25316711067e-07, 1.61494781992e-07, 7.45757304799e-08, 8.31969870774e-08, 1.2094922397e-07, 9.25816436848e-08, 4.16529601921e-08, 4.30603419588e-09, 1.66143383495e-08, 7.67118848444e-08, 9.08119304199e-08, 3.4899048984e-08, 4.87713194275e-08, 3.38164909408e-08, 4.24478621142e-08, 5.03095911597e-08, 5.95920077728e-08, 6.19394953105e-08, 3.87527023804e-08, 3.04940961371e-08, 1.91825950679e-08, 3.4773478319e-08, 1.88882278707e-08, 3.71307393721e-08, 2.0706394821e-08, 2.43381652609e-08, 3.30605942622e-08, 1.70557719059e-08, 3.0805157536e-08, 2.07229291505e-08, 1.09546638427e-08, 2.47398421749e-08, 1.98049860956e-08, 1.56726853717e-09, 2.47505322903e-08, 1.4511447155e-08, 2.04880432619e-08, 8.25301604834e-09, 1.80999872867e-08, 2.2982748149e-08, 7.89902276921e-09, 1.19443086533e-08, 1.68113238885e-08, 1.91026536811e-08, 3.17465449484e-08, 1.59089363905e-08, 1.2304607111e-08, 9.50837097946e-09, 9.69922897553e-09, 3.89425469649e-09, 6.96812163525e-09, 3.06090708335e-09, 4.62957361336e-09, 5.59423840585e-09, 6.09235284443e-09, 7.34114602441e-10, 2.06995620644e-09, 5.09016384598e-10, 1.33569766358e-09, 1.2444758557e-09, 3.56551987934e-09, 4.77941686228e-10, 1.14455123157e-09, 3.15731801814e-10, 3.13307691423e-12, 7.4433396946e-11, 2.41206249418e-10, 2.00776534287e-10, 1.24765850429e-10, 3.15876095896e-13, 1.10063447614e-13, 7.98425250068e-14, 9.64773169665e-14, 1.15197673449e-13, 1.09747158735e-13, 7.70121813543e-14, 1.04660732663e-13, 8.03526624578e-14, 2.99958524002e-14, 3.35386125949e-15, 1.29697856937e-16],
        "stdev": [0.000233911370742, 0.000571989046875, 0.00166254921351, 0.0038140786346, 0.00453253742307, 0.00389585038647, 0.00223469664343, 0.00103321531788, 0.000929089437705, 0.000705889076926, 0.000334696553182, 0.000350717833498, 0.000722906610463, 0.000665256811772, 0.000621347338893, 0.000416366558056, 0.000166409401572, 0.000451141124358, 0.000679538294207, 0.000723636359908, 0.000868543109391, 0.000505333184265, 0.000502732116729, 0.000413217698224, 0.000382705533411, 0.00021200280753, 9.52858972596e-05, 0.000156773676281, 0.000966401770711, 0.00131539918948, 0.000635760487057, 0.000380266079446, 0.000158908471349, 0.000383564271033, 0.000325715081999, 0.000288747280138, 0.000107280015072, 5.79988809477e-05, 0.000184612406883, 0.000345731939888, 0.000319196464261, 0.000217363180127, 0.000432430271758, 0.000751250714529, 0.00109815911856, 0.000511101214215, 0.000548988638911, 0.000416479480918, 0.000226420903346, 0.000185595679795, 0.000194473323063, 0.000158859562362, 8.67747221491e-05, 7.81999042374e-05, 3.55890879291e-05, 2.38686006924e-05, 1.84426262422e-05, 4.88878358738e-05, 2.62336707237e-05, 2.42837541009e-05, 2.42558780883e-05, 6.8264977017e-05, 5.90686940996e-05, 5.05781135871e-05, 1.60401559697e-05, 8.96199981071e-06, 9.38518314797e-06, 8.57627219375e-06, 9.83364225249e-06, 9.02819101611e-06, 1.56253954628e-05, 9.25449512579e-06, 9.38837183639e-06, 9.6232361102e-06, 8.42308691062e-06, 5.5213736232e-06, 6.91119976182e-06, 6.57915552438e-06, 9.06083823793e-06, 8.2659698819e-06, 6.23150208412e-06, 7.60906823416e-06, 6.75228739055e-06, 5.13707163918e-06, 6.4969271989e-06, 6.63877199258e-06, 5.07693039253e-06, 4.47499769507e-06, 5.02164357385e-06, 5.67086772207e-06, 4.60908540845e-06, 4.36995469499e-06, 4.56286807093e-06, 3.81617201128e-06, 3.4257243442e-06, 3.38354334417e-06, 4.43408862338e-06, 4.2909118747e-06, 3.397690989e-06, 3.47930699718e-06, 3.59840305464e-06, 4.19884736402e-06, 6.01026749791e-06, 3.66726067114e-06, 3.4808044802e-06, 2.25234634854e-06, 3.13094915327e-06, 2.37026915784e-06, 1.93835421669e-06, 1.802861334e-06, 1.3273344166e-06, 1.40491442835e-06, 1.73489127064e-06, 1.17058255e-06, 9.94286551759e-07, 6.56029214952e-07, 3.81875402411e-08, 3.7692335364e-10, 2.38183972545e-10, 2.06670888736e-10, 2.16797801933e-10, 1.89792487282e-10, 1.59969926194e-10, 1.27567498232e-10, 1.20810528248e-10, 1.1611757389e-10, 1.127657967e-10, 1.10795463082e-10]
    },
    "mfcc": {
        "mean": [-622.904174805, 99.9449462891, 13.1299390793, 17.1898384094, 7.05040979385, 4.50152015686, 3.10759115219, 1.42673885822, 0.897507727146, 4.67977714539, -0.334624230862, -0.458973824978, -0.948641598225],
        "cov": [[2715.03564453, -600.13873291, -140.687454224, -100.08039093, -2.03607416153, 1.0307059288, 65.1586608887, 16.4195652008, 69.336227417, 144.145172119, 67.9438400269, 5.58718538284, 3.70049238205], [-600.13873291, 687.815490723, -113.952911377, 13.5643386841, -14.1516780853, -0.973950266838, 10.2695951462, 13.1523227692, -15.2763156891, -2.92526268959, -18.0930423737, -0.935272037983, -8.96419811249], [-140.687454224, -113.952911377, 496.191833496, 156.447280884, 1.17634570599, 105.965393066, 30.2273025513, 28.535867691, 5.66322183609, -56.2113952637, 15.3260822296, -1.74109745026, 15.6349592209], [-100.08039093, 13.5643386841, 156.447280884, 182.613876343, 43.5457992554, 35.4765052795, -0.0960847884417, 35.4193954468, 12.8458633423, -25.1458625793, -9.61456680298, 9.33339309692, 10.569190979], [-2.03607416153, -14.1516780853, 1.17634570599, 43.5457992554, 180.415206909, 31.9404411316, 2.24570250511, 17.1034545898, 2.37003612518, 15.2028903961, -0.778915464878, 3.48242712021, 4.59205055237], [1.0307059288, -0.973950266838, 105.965393066, 35.4765052795, 31.9404411316, 142.732635498, 66.6293106079, 10.0421361923, -1.71354365349, -0.208728849888, 21.5370044708, -1.89371883869, -1.61102437973], [65.1586608887, 10.2695951462, 30.2273025513, -0.0960847884417, 2.24570250511, 66.6293106079, 97.3355789185, 17.7387924194, -3.98673176765, 7.46054983139, 15.9464664459, 4.97591161728, 0.949927031994], [16.4195652008, 13.1523227692, 28.535867691, 35.4193954468, 17.1034545898, 10.0421361923, 17.7387924194, 82.7555770874, 32.0755004883, 2.84028697014, -22.1770191193, -1.61730766296, 9.31627559662], [69.336227417, -15.2763156891, 5.66322183609, 12.8458633423, 2.37003612518, -1.71354365349, -3.98673176765, 32.0755004883, 70.0528869629, 24.3473720551, -4.64577102661, -2.57764816284, 3.95039105415], [144.145172119, -2.92526268959, -56.2113952637, -25.1458625793, 15.2028903961, -0.208728849888, 7.46054983139, 2.84028697014, 24.3473720551, 73.4435806274, 21.2386417389, 2.59209275246, -2.89314293861], [67.9438400269, -18.0930423737, 15.3260822296, -9.61456680298, -0.778915464878, 21.5370044708, 15.9464664459, -22.1770191193, -4.64577102661, 21.2386417389, 73.5201187134, 24.3664703369, 6.20388269424], [5.58718538284, -0.935272037983, -1.74109745026, 9.33339309692, 3.48242712021, -1.89371883869, 4.97591161728, -1.61730766296, -2.57764816284, 2.59209275246, 24.3664703369, 60.1511764526, 25.4589920044], [3.70049238205, -8.96419811249, 15.6349592209, 10.569190979, 4.59205055237, -1.61102437973, 0.949927031994, 9.31627559662, 3.95039105415, -2.89314293861, 6.20388269424, 25.4589920044, 49.3969688416]],
        "icov": [[0.000557452323847, 0.000529040058609, 0.000252636673395, -7.47458543628e-05, 0.000143210578244, 4.34722969658e-05, -0.000420682656113, -0.000174930464709, -0.000127103645355, -0.000779145862907, -0.000248975062277, 0.000154833178385, -6.45388208795e-05], [0.000529040058609, 0.00211729225703, 0.000915368786082, -0.000738344097044, 0.000505623058416, -0.000317095749779, -0.000479988433653, -0.000580966763664, 0.000437176815467, -0.000666612642817, -5.98650331085e-05, 0.000119490119687, 0.000146232472616], [0.000252636673395, 0.000915368786082, 0.00402375962585, -0.00288236909546, 0.00102955906186, -0.00227068527602, 0.000178183006938, -0.000589959032368, -0.00034577891347, 0.00194815557916, -0.00173076894134, 0.00138779182453, -0.000927735702135], [-7.47458543628e-05, -0.000738344097044, -0.00288236909546, 0.0094553232193, -0.00212351302616, -0.000537951127626, 0.00164389214478, -0.00227102381177, -0.00103308085818, 0.00166418089066, 0.00103123660665, -0.00245675677434, 0.000654164527077], [0.000143210578244, 0.000505623058416, 0.00102955906186, -0.00212351302616, 0.00681663816795, -0.00238670222461, 0.00143576785922, -0.00133418338373, 0.00155861838721, -0.00236485782079, 0.000392835179809, -1.41720965985e-05, -0.000583187676966], [4.34722969658e-05, -0.000317095749779, -0.00227068527602, -0.000537951127626, -0.00238670222461, 0.013639414683, -0.00859900191426, 0.0013591676252, -0.000710174615961, 0.000180236034794, -0.00224500661716, 0.00188879086636, 0.000724572630133], [-0.000420682656113, -0.000479988433653, 0.000178183006938, 0.00164389214478, 0.00143576785922, -0.00859900191426, 0.0179689079523, -0.00552569329739, 0.00346124731004, -0.00104310212191, -0.00157821294852, -0.00158446992282, 0.000495898188092], [-0.000174930464709, -0.000580966763664, -0.000589959032368, -0.00227102381177, -0.00133418338373, 0.0013591676252, -0.00552569329739, 0.0199416056275, -0.00824053958058, -8.946825983e-05, 0.00649317074567, -0.000288167211693, -0.00291924411431], [-0.000127103645355, 0.000437176815467, -0.00034577891347, -0.00103308085818, 0.00155861838721, -0.000710174615961, 0.00346124731004, -0.00824053958058, 0.021571893245, -0.00811411906034, 0.000606413523201, 0.00102882820647, -0.0010679110419], [-0.000779145862907, -0.000666612642817, 0.00194815557916, 0.00166418089066, -0.00236485782079, 0.000180236034794, -0.00104310212191, -8.946825983e-05, -0.00811411906034, 0.0225137677044, -0.00696534570307, 0.00091363262618, 0.00159878237173], [-0.000248975062277, -5.98650331085e-05, -0.00173076894134, 0.00103123660665, 0.000392835179809, -0.00224500661716, -0.00157821294852, 0.00649317074567, 0.000606413523201, -0.00696534570307, 0.0222089719027, -0.00877744331956, 0.000309085502522], [0.000154833178385, 0.000119490119687, 0.00138779182453, -0.00245675677434, -1.41720965985e-05, 0.00188879086636, -0.00158446992282, -0.000288167211693, 0.00102882820647, 0.00091363262618, -0.00877744331956, 0.0258612111211, -0.0120109263808], [-6.45388208795e-05, 0.000146232472616, -0.000927735702135, 0.000654164527077, -0.000583187676966, 0.000724572630133, 0.000495898188092, -0.00291924411431, -0.0010679110419, 0.00159878237173, 0.000309085502522, -0.0120109263808, 0.0273786894977]]
    },
    "spectral_contrast_coeffs": {
        "max": [-0.431414872408, -0.511308610439, -0.494682073593, -0.473019599915, -0.572993397713, -0.68200969696],
        "mean": [-0.742597103119, -0.758571505547, -0.767936170101, -0.788479864597, -0.80402636528, -0.780270576477],
        "min": [-0.874232292175, -0.939965963364, -0.891517043114, -0.919704258442, -0.882553517818, -0.859838008881],
        "stdev": [0.0540291965008, 0.0608439818025, 0.0622880831361, 0.0668914541602, 0.0379494801164, 0.0266432892531]
    },
    "spectral_contrast_valleys": {
        "max": [-5.14931678772, -5.34745168686, -5.74429368973, -5.95004177094, -5.87548112869, -7.90556240082],
        "mean": [-6.49195051193, -6.66900920868, -7.33833599091, -7.49828529358, -7.33620166779, -9.60659885406],
        "min": [-9.89066505432, -8.44649410248, -9.03075027466, -9.12395191193, -9.42045497894, -11.7574644089],
        "stdev": [0.64664888382, 0.527570605278, 0.532905757427, 0.510689377785, 0.607559025288, 0.855237185955]
    }
},
"rhythm": {
    "beats_count": 64,
    "beats_loudness": {
        "max": 0.127501323819,
        "mean": 0.0469725579023,
        "min": 0.00928213261068,
        "stdev": 0.0231633856893
    },
    "bpm": 120.066230774,
    "bpm_histogram_first_peak_bpm": 120,
    "bpm_histogram_first_peak_weight": 0.355932176113,
    "bpm_histogram_second_peak_bpm": 108,
    "bpm_histogram_second_peak_spread": 0,
    "bpm_histogram_second_peak_weight": 0.047619048506,
    "danceability": 1.38243734837,
    "onset_rate": 3.96826148033,
    "beats_loudness_band_ratio": {
        "max": [0.921407997608, 0.354018867016, 0.487259566784, 0.541962325573, 0.703026771545, 0.165500193834],
        "mean": [0.624863147736, 0.10605699569, 0.0806201994419, 0.0746042877436, 0.0709188506007, 0.0741603076458],
        "min": [0.00772677408531, 0.00533344224095, 0.00681339111179, 0.00678063230589, 0.00440451642498, 0.0235336404294],
        "stdev": [0.165296703577, 0.0756952092052, 0.0749188363552, 0.0869320109487, 0.104724012315, 0.0357377380133]
    },
    "beats_position": [0.522448956966, 1.07972788811, 1.63700675964, 2.19428563118, 2.71673464775, 3.22757363319, 3.73841261864, 4.23764181137, 4.73687076569, 5.23609972, 5.73532867432, 6.24616765976, 6.73378658295, 7.23301553726, 7.73224496841, 8.24308395386, 8.73070240021, 9.24154186249, 9.74077033997, 10.2399997711, 10.7392292023, 11.2384576797, 11.7260770798, 12.2369155884, 12.7361450195, 13.235373497, 13.7346029282, 14.2338323593, 14.7214508057, 15.2322902679, 15.7315187454, 16.2307472229, 16.7299766541, 17.2292060852, 17.7284355164, 18.2276649475, 18.7152824402, 19.2261219025, 19.7253513336, 20.2245807648, 20.7238082886, 21.2230377197, 21.7222671509, 22.221496582, 22.7207260132, 23.219953537, 23.7191829681, 24.2184123993, 24.7176418304, 25.2168693542, 25.7160987854, 26.2153282166, 26.7261676788, 27.2137870789, 27.7246246338, 28.2122440338, 28.711473465, 29.2107028961, 29.7215423584, 30.2091598511, 30.7083892822, 31.2076187134, 31.7184581757, 32.2060775757],
