{
"metadata": {
    "version": {
        "essentia": "2.1-beta5",
        "essentia_git_sha": "Undefined",
        "extractor": "music 2.0"
    },
    "audio_properties": {
        "analysis": {
            "equal_loudness": 0,
            "length": 49.1566429138,
            "sample_rate": 44100,
            "start_time": 142.744674683,
            "downmix": "mix"
        },
        "bit_rate": 192000,
        "length": 191.924545288,
        "lossless": 0,
        "number_channels": 2,
        "replay_gain": -9.04668426514,
        "sample_rate": 48000,
        "codec": "mp3",
        "md5_encoded": "e480758c1baea8512965f541030941a1"
    },
    "tags": {
        "file_name": "Albania_The Image Of You_Anjeza Shahini.mp3",
        "encoding": ["Lavf58.29.100"]
    }
},
"lowlevel": {
    "average_loudness": 0.91965764761,
    "barkbands_crest": {
        "max": 24.4081096649,
        "mean": 9.97010803223,
        "min": 2.23233318329,
        "stdev": 3.89964675903
    },
    "barkbands_flatness_db": {
        "max": 0.272419661283,
        "mean": 0.14289675653,
        "min": 0.0331976599991,
        "stdev": 0.0458004176617
    },
    "barkbands_kurtosis": {
        "max": 88.0815963745,
        "mean": 1.90037667751,
        "min": -1.78414165974,
        "stdev": 5.28381538391
    },
    "barkbands_skewness": {
        "max": 8.80473327637,
        "mean": 1.05116999149,
        "min": -1.70190036297,
        "stdev": 1.11885821819
    },
    "barkbands_spread": {
        "max": 85.1367874146,
        "mean": 25.6921329498,
        "min": 3.6388156414,
        "stdev": 13.4912652969
    },
    "dissonance": {
        "max": 0.5,
        "mean": 0.475507885218,
        "min": 0.355884045362,
        "stdev": 0.0200338158756
    },
    "dynamic_complexity": 2.67783427238,
    "erbbands_crest": {
        "max": 30.1745414734,
        "mean": 10.0783901215,
        "min": 2.47611403465,
        "stdev": 4.97405147552
    },
    "erbbands_flatness_db": {
        "max": 0.356959998608,
        "mean": 0.174667984247,
        "min": 0.06363889575,
        "stdev": 0.0689244046807
    },
    "erbbands_kurtosis": {
        "max": 11.8145265579,
        "mean": 0.533459365368,
        "min": -1.6932284832,
        "stdev": 1.66655361652
    },
    "erbbands_skewness": {
        "max": 2.65156531334,
        "mean": 0.125491827726,
        "min": -2.27586841583,
        "stdev": 0.710652947426
    },
    "erbbands_spread": {
        "max": 149.2472229,
        "mean": 32.2386665344,
        "min": 4.6103682518,
        "stdev": 19.6053943634
    },
    "hfc": {
        "max": 159.285140991,
        "mean": 24.0451126099,
        "min": 0.000802993483376,
        "stdev": 20.1797962189
    },
    "loudness_ebu128": {
        "integrated": -14.7853279114,
        "loudness_range": 4.72356796265,
        "momentary": {
            "max": -8.9863986969,
            "mean": -15.5703344345,
            "min": -32.5931892395,
            "stdev": 2.81909418106
        },
        "short_term": {
            "max": -12.6915044785,
            "mean": -15.0337991714,
            "min": -19.6394481659,
            "stdev": 1.68519163132
        }
    },
    "melbands_crest": {
        "max": 33.8842086792,
        "mean": 13.879149437,
        "min": 4.10072994232,
        "stdev": 5.37274265289
    },
    "melbands_flatness_db": {
        "max": 0.371767193079,
        "mean": 0.181570500135,
        "min": 0.0463971011341,
        "stdev": 0.047243848443
    },
    "melbands_kurtosis": {
        "max": 262.22644043,
        "mean": 8.87096405029,
        "min": -1.68563830853,
        "stdev": 17.2596435547
    },
    "melbands_skewness": {
        "max": 12.5572109222,
        "mean": 2.09148740768,
        "min": -1.3643848896,
        "stdev": 1.66106653214
    },
    "melbands_spread": {
        "max": 116.686973572,
        "mean": 29.5245189667,
        "min": 1.48157215118,
        "stdev": 17.6087226868
    },
    "pitch_salience": {
        "max": 0.865697145462,
        "mean": 0.547420740128,
        "min": 0.120581239462,
        "stdev": 0.135163635015
    },
    "silence_rate_20dB": {
        "max": 1,
        "mean": 1,
        "min": 1,
        "stdev": 0
    },
    "silence_rate_30dB": {
        "max": 1,
        "mean": 0.990557134151,
        "min": 0,
        "stdev": 0.0967152491212
    },
    "silence_rate_60dB": {
        "max": 1,
        "mean": 0.0264400374144,
        "min": 0,
        "stdev": 0.160441949964
    },
    "spectral_centroid": {
        "max": 3266.15405273,
        "mean": 1661.15783691,
        "min": 443.516845703,
        "stdev": 480.361694336
    },
    "spectral_complexity": {
        "max": 48,
        "mean": 20.2143535614,
        "min": 0,
        "stdev": 8.45276451111
    },
    "spectral_decrease": {
        "max": -1.07806545266e-13,
        "mean": -6.24413587502e-09,
        "min": -5.82673109761e-08,
        "stdev": 5.72790526121e-09
    },
    "spectral_energy": {
        "max": 0.224040329456,
        "mean": 0.0257477853447,
        "min": 4.7971980166e-07,
        "stdev": 0.022841507569
    },
    "spectral_energyband_high": {
        "max": 0.00585993612185,
        "mean": 0.000698786170688,
        "min": 5.05358555003e-09,
        "stdev": 0.00076876411913
    },
    "spectral_energyband_low": {
        "max": 0.200933218002,
        "mean": 0.0101357819512,
        "min": 1.14767761961e-09,
        "stdev": 0.0176307335496
    },
    "spectral_energyband_middle_high": {
        "max": 0.0794991478324,
        "mean": 0.00871348381042,
        "min": 4.38930584323e-07,
        "stdev": 0.00929851923138
    },
    "spectral_energyband_middle_low": {
        "max": 0.0543598532677,
        "mean": 0.00697251828387,
        "min": 3.54290214943e-08,
        "stdev": 0.00657860375941
    },
    "spectral_entropy": {
        "max": 8.65292453766,
        "mean": 7.66777420044,
        "min": 6.26182508469,
        "stdev": 0.335629791021
    },
    "spectral_flux": {
        "max": 0.390908390284,
        "mean": 0.096336312592,
        "min": 0.00267344992608,
        "stdev": 0.0582299754024
    },
    "spectral_kurtosis": {
        "max": 18.4632053375,
        "mean": 5.26700115204,
        "min": -0.754719018936,
        "stdev": 2.66455316544
    },
    "spectral_rms": {
        "max": 0.0147843137383,
        "mean": 0.00462466245517,
        "min": 2.16337539314e-05,
        "stdev": 0.00193190900609
    },
    "spectral_rolloff": {
        "max": 10895.8007812,
        "mean": 1748.5513916,
        "min": 64.599609375,
        "stdev": 1069.32409668
    },
    "spectral_skewness": {
        "max": 3.0511944294,
        "mean": 1.71278297901,
        "min": 0.795908153057,
        "stdev": 0.320456892252
    },
    "spectral_spread": {
        "max": 16671491,
        "mean": 4557688.5,
        "min": 1865302.875,
        "stdev": 1749932.5
    },
    "spectral_strongpeak": {
        "max": 17.3757209778,
        "mean": 1.31978332996,
        "min": 0.000988033949398,
        "stdev": 1.99698317051
    },
    "zerocrossingrate": {
        "max": 0.25732421875,
        "mean": 0.069073356688,
        "min": 0.0087890625,
        "stdev": 0.0241168215871
    },
    "barkbands": {
        "max": [0.00269141164608, 0.149270504713, 0.0821071341634, 0.0279169566929, 0.0135676395148, 0.0227823518217, 0.0307222232223, 0.0367225967348, 0.0213840994984, 0.0397736690938, 0.0216930396855, 0.0215445179492, 0.024952294305, 0.0657574757934, 0.0430438481271, 0.0254617184401, 0.0348652526736, 0.0163032747805, 0.00331137515604, 0.00471095554531, 0.0015170078259, 0.000936064287089, 0.00108142499812, 0.00112793431617, 0.00166190462187, 0.000625865184702, 6.91314482992e-07],
        "mean": [0.000175682318513, 0.00640242407098, 0.00297676050104, 0.000830088858493, 0.00110216683242, 0.00113319361117, 0.00094038125826, 0.00157846836373, 0.00103656307328, 0.00136175286025, 0.000715869362466, 0.000848968978971, 0.000562999572139, 0.00113123655319, 0.00132607237902, 0.0010756336851, 0.000771140388679, 0.000597876671236, 0.000376505195163, 0.000252190831816, 0.000123548394185, 7.00635355315e-05, 8.24417074909e-05, 0.000106175022665, 0.000126171071315, 4.338231156e-05, 1.48567016467e-08],
        "min": [5.07297676089e-11, 9.93103863034e-11, 5.13831921456e-10, 3.50307616248e-10, 4.22215762352e-10, 2.06303063521e-09, 1.04251114408e-08, 1.31245840862e-08, 7.66055396895e-09, 4.95502732178e-08, 6.85806753609e-08, 1.97655047884e-08, 7.51595052861e-08, 5.43497229444e-08, 4.30969038234e-08, 2.18971170085e-08, 3.76229003507e-08, 5.48118386234e-08, 1.06167163949e-08, 4.05755518074e-09, 1.17482668038e-09, 1.95894722665e-09, 6.08729067153e-10, 6.09324479761e-10, 3.24483911962e-10, 9.03074906522e-11, 2.26859624836e-11],
        "stdev": [0.000278873107163, 0.011327858083, 0.00845497008413, 0.00203815079294, 0.00138667423744, 0.00240376964211, 0.00279655843042, 0.00383209669963, 0.00170633930247, 0.00322378915735, 0.00210591568612, 0.00203014886938, 0.00145393179264, 0.0038203955628, 0.00344864465296, 0.00233763549477, 0.00193099677563, 0.000981828430668, 0.000462601397885, 0.000355646916432, 0.000172330401256, 0.00010165675485, 0.00011559631821, 0.000141568409163, 0.000176310393726, 5.90580202697e-05, 4.74181156562e-08]
    },
    "erbbands": {
        "max": [2.0753929615, 41.2076683044, 87.9741668701, 111.380073547, 42.2984733582, 63.4819564819, 85.4909667969, 244.806427002, 539.779846191, 584.107055664, 806.328186035, 531.422546387, 1088.6048584, 1608.64001465, 1087.58703613, 754.225830078, 1286.19555664, 1072.53540039, 4421.10400391, 869.313110352, 1674.29248047, 1536.97741699, 1160.31030273, 356.277191162, 118.164779663, 330.137573242, 94.2609634399, 41.9591941833, 25.0337753296, 37.2042045593, 31.7874355316, 28.776391983, 17.7040805817, 16.8563117981, 12.3524694443, 4.24021625519, 0.702167153358, 0.0636804848909, 0.00109081238043, 0.00026456269552],
        "mean": [0.176731318235, 1.45107018948, 3.49329018593, 3.37424206734, 2.36592769623, 3.43376588821, 6.30998134613, 11.1215686798, 15.5868024826, 19.1681041718, 32.5973968506, 24.4522151947, 37.5992622375, 35.0999298096, 37.3089981079, 31.2942714691, 26.9002189636, 35.119846344, 101.811714172, 48.9403495789, 59.3402404785, 39.1064834595, 33.5925102234, 24.0074100494, 15.190489769, 12.8945398331, 7.46566295624, 3.47501468658, 2.49143743515, 2.39178085327, 2.38564109802, 2.39997982979, 1.61680877209, 1.42324948311, 0.87442946434, 0.288820177317, 0.0622052624822, 0.00547205144539, 0.000126177837956, 3.81695390388e-05],
        "min": [6.62347243718e-09, 3.77577471511e-08, 5.71272892103e-07, 9.651637356e-07, 1.24100552057e-06, 1.22843368899e-06, 6.95835751685e-06, 1.45587318912e-05, 9.41176695051e-05, 0.00027454958763, 0.000215612482862, 0.000228285993217, 0.000554170634132, 0.00273713213392, 0.00217767804861, 0.00101405370515, 0.00302813248709, 0.00290328357369, 0.00265714921989, 0.00178019632585, 0.00132089399267, 0.00222319038585, 0.00342649174854, 0.000970739987679, 0.000462590658572, 0.000139514217153, 3.34400137945e-05, 7.82433489803e-05, 6.08877235209e-05, 2.88152350549e-05, 1.82615258382e-05, 1.5085416635e-05, 9.12392624741e-06, 4.74464832223e-06, 1.39618703088e-06, 4.61405761598e-07, 1.35040579607e-07, 3.86663678853e-08, 5.32595567648e-09, 8.73287664405e-10],
        "stdev": [0.252068608999, 2.96153020859, 9.39192390442, 8.83663654327, 3.41540145874, 4.92588281631, 9.53541183472, 25.3280944824, 47.2300567627, 53.2022705078, 80.0079803467, 38.796131134, 72.8117446899, 91.26978302, 98.0624313354, 69.5659332275, 72.2368621826, 68.8117980957, 291.949310303, 85.720123291, 136.430664062, 77.6235122681, 59.0403366089, 30.2972145081, 18.0552196503, 19.975358963, 10.0654573441, 4.72925043106, 3.59809279442, 3.43984556198, 3.29227280617, 3.38047337532, 2.14372897148, 1.87649035454, 1.31869566441, 0.416872382164, 0.0849987566471, 0.00783329643309, 0.000154749592184, 3.12227093673e-05]
    },
    "gfcc": {
        "mean": [0.942909240723, 65.7569503784, -138.956192017, 24.1965389252, -49.9354057312, 21.4541130066, -42.4263267517, 27.6230583191, -20.8397064209, 8.28613090515, -16.2167797089, -1.06967639923, -8.23458766937],
        "cov": [[4300.31933594, 425.771331787, 2122.2980957, 1309.25256348, 588.95892334, 216.093719482, -290.022735596, 173.474975586, -135.238006592, 345.734130859, -1.13796079159, 77.0747299194, -116.815055847], [425.771331787, 751.991149902, 770.028015137, 424.96270752, 250.506317139, -55.5889053345, -129.65953064, 24.2833271027, -31.8480567932, 52.1791687012, 85.015007019, 20.9732990265, 46.0749549866], [2122.2980957, 770.028015137, 2797.68457031, 1427.36230469, 594.378723145, 216.910797119, -423.886383057, 118.575744629, -108.125892639, 329.539733887, 50.3353500366, 197.597366333, -60.4945068359], [1309.25256348, 424.96270752, 1427.36230469, 965.080200195, 433.336334229, 137.319641113, -177.243118286, 78.3986053467, -47.9715118408, 171.25390625, 21.898979187, 63.1426544189, -45.0443611145], [588.95892334, 250.506317139, 594.378723145, 433.336334229, 370.812255859, 134.085510254, -16.5469589233, 72.7605285645, -34.0962600708, 110.406097412, 25.897939682, -12.0129022598, -29.4142017365], [216.093719482, -55.5889053345, 216.910797119, 137.319641113, 134.085510254, 267.921539307, 105.079711914, -15.5107870102, -50.8431472778, 33.8597869873, -24.0334129333, -14.7182178497, -26.7928924561], [-290.022735596, -129.65953064, -423.886383057, -177.243118286, -16.5469589233, 105.079711914, 235.489471436, -3.72551894188, 12.3266000748, -41.3817939758, -19.3062992096, -28.0737266541, 3.3551697731], [173.474975586, 24.2833271027, 118.575744629, 78.3986053467, 72.7605285645, -15.5107870102, -3.72551894188, 146.439346313, 56.862739563, 29.1144218445, 1.16599488258, 4.06676244736, 6.76195049286], [-135.238006592, -31.8480567932, -108.125892639, -47.9715118408, -34.0962600708, -50.8431472778, 12.3266000748, 56.862739563, 125.323760986, 32.1315498352, 1.57959079742, -12.1550960541, 3.67510652542], [345.734130859, 52.1791687012, 329.539733887, 171.25390625, 110.406097412, 33.8597869873, -41.3817939758, 29.1144218445, 32.1315498352, 172.396087646, 59.5147285461, 3.00407600403, -24.5946750641], [-1.13796079159, 85.015007019, 50.3353500366, 21.898979187, 25.897939682, -24.0334129333, -19.3062992096, 1.16599488258, 1.57959079742, 59.5147285461, 93.8821868896, 23.7176189423, 15.8333778381], [77.0747299194, 20.9732990265, 197.597366333, 63.1426544189, -12.0129022598, -14.7182178497, -28.0737266541, 4.06676244736, -12.1550960541, 3.00407600403, 23.7176189423, 136.320480347, 41.9289970398], [-116.815055847, 46.0749549866, -60.4945068359, -45.0443611145, -29.4142017365, -26.7928924561, 3.3551697731, 6.76195049286, 3.67510652542, -24.5946750641, 15.8333778381, 41.9289970398, 82.3081970215]],
        "icov": [[0.000487933517434, -9.73892238108e-05, 0.00011200922745, -0.000624414475169, 0.000352224538801, -6.89092557877e-05, 0.000136326125357, -0.00067966786446, 0.000945350911934, -0.00099182955455, 0.000712122127879, -0.000155113535584, 0.000244785478571], [-9.73892238108e-05, 0.00541728222743, -0.00363061996177, 0.00181652547326, -0.00415751989931, 0.00504377204925, -0.00349252298474, 0.00358096300624, -0.00226504378952, 0.00557861058041, -0.00571873178706, 0.00506537547335, -0.00455296039581], [0.00011200922745, -0.00363061996177, 0.00537503510714, -0.00428838841617, 0.00329591799527, -0.00532246613875, 0.00561194634065, -0.00359641807154, 0.00278048892505, -0.00586245115846, 0.0049016950652, -0.00587748968974, 0.00348219135776], [-0.000624414475169, 0.00181652547326, -0.00428838841617, 0.00784148927778, -0.00579652935266, 0.00280075799674, -0.00212546926923, 0.0033188117668, -0.00350076239556, 0.00448684487492, -0.00249870726839, 0.0023437847849, -0.00132560334168], [0.000352224538801, -0.00415751989931, 0.00329591799527, -0.00579652935266, 0.0124838557094, -0.00565962446854, 0.0015247160336, -0.00696116033942, 0.00557383010164, -0.00696067279205, 0.00303560076281, -0.00145197357051, 0.00303302682005], [-6.89092557877e-05, 0.00504377204925, -0.00532246613875, 0.00280075799674, -0.00565962446854, 0.014146598056, -0.0102010564879, 0.00532651273534, 0.00032034018659, 0.00354796438478, -0.00242450763471, 0.00616528885439, -0.00436811568215], [0.000136326125357, -0.00349252298474, 0.00561194634065, -0.00212546926923, 0.0015247160336, -0.0102010564879, 0.0145209645852, -0.00379400211386, -3.11224212055e-05, -0.00336854276247, 0.00376914581284, -0.00621012272313, 0.00348730082624], [-0.00067966786446, 0.00358096300624, -0.00359641807154, 0.0033188117668, -0.00696116033942, 0.00532651273534, -0.00379400211386, 0.0143683338538, -0.00860030110925, 0.00609231414273, -0.00359242968261, 0.00333101302385, -0.00437709642574], [0.000945350911934, -0.00226504378952, 0.00278048892505, -0.00350076239556, 0.00557383010164, 0.00032034018659, -3.11224212055e-05, -0.00860030110925, 0.0174943469465, -0.0106194736436, 0.00667261285707, -0.00151691038627, 0.00107615045272], [-0.00099182955455, 0.00557861058041, -0.00586245115846, 0.00448684487492, -0.00696067279205, 0.00354796438478, -0.00336854276247, 0.00609231414273, -0.0106194736436, 0.0220207143575, -0.0161780808121, 0.00682638026774, -0.00139062386006], [0.000712122127879, -0.00571873178706, 0.0049016950652, -0.00249870726839, 0.00303560076281, -0.00242450763471, 0.00376914581284, -0.00359242968261, 0.00667261285707, -0.0161780808121, 0.0252180341631, -0.00837666913867, 0.00116813648492], [-0.000155113535584, 0.00506537547335, -0.00587748968974, 0.0023437847849, -0.00145197357051, 0.00616528885439, -0.00621012272313, 0.00333101302385, -0.00151691038627, 0.00682638026774, -0.00837666913867, 0.0174167007208, -0.00977867748588], [0.000244785478571, -0.00455296039581, 0.00348219135776, -0.00132560334168, 0.00303302682005, -0.00436811568215, 0.00348730082624, -0.00437709642574, 0.00107615045272, -0.00139062386006, 0.00116813648492, -0.00977867748588, 0.0210519619286]]
    },
    "melbands": {
        "max": [0.0287215802819, 0.0493270643055, 0.0163489617407, 0.00245189573616, 0.00295467767864, 0.00513362232596, 0.00757813453674, 0.00680856965482, 0.00680866744369, 0.00376209826209, 0.00575378024951, 0.00672640837729, 0.00321178417653, 0.00329449423589, 0.00136757362634, 0.00250321696512, 0.002481514588, 0.00895925331861, 0.00270177237689, 0.00140874937642, 0.00255158613436, 0.00231313914992, 0.000636114971712, 0.000809805991594, 0.000258946238318, 0.000141003823956, 7.82898277976e-05, 0.00027842761483, 7.19236413715e-05, 3.79811062885e-05, 2.04963762371e-05, 1.48062536027e-05, 1.90582541109e-05, 2.00402319024e-05, 1.66913414432e-05, 2.70581767836e-05, 1.89306647371e-05, 1.68371007021e-05, 1.30515609271e-05, 1.79703893082e-05],
        "mean": [0.00168244238012, 0.00183410046156, 0.000544757407624, 0.000197913759621, 0.000217586333747, 0.000248675525654, 0.000220935689867, 0.000242616428295, 0.000242474372499, 0.000154242981807, 0.000194289372303, 0.000150322317495, 0.000107764979475, 0.000117264396977, 5.2609902923e-05, 5.71149394091e-05, 6.36105542071e-05, 0.000179919225047, 7.38063681638e-05, 6.86628918629e-05, 7.21531396266e-05, 4.25261569035e-05, 3.33449461323e-05, 2.65936505457e-05, 1.88177909877e-05, 1.40372112583e-05, 7.70926726545e-06, 8.86222369445e-06, 5.13479926667e-06, 2.90415687232e-06, 1.7256738829e-06, 1.40645420288e-06, 1.30204978177e-06, 1.3359475588e-06, 1.35933476031e-06, 1.43556155763e-06, 1.47044352161e-06, 1.11297561034e-06, 1.06293452973e-06, 1.27340570089e-06],
        "min": [9.29114216119e-11, 1.91333018873e-10, 1.75463338303e-10, 8.40979716421e-11, 1.96776261951e-10, 2.70482858333e-10, 1.64076885412e-09, 3.19539994464e-09, 1.49143597472e-09, 1.3580286895e-09, 2.86626100632e-09, 1.09703242046e-08, 8.72411032304e-09, 2.00860994504e-09, 5.04175678984e-09, 7.60896234908e-09, 5.01799579666e-09, 4.49170656225e-09, 2.96491453611e-09, 1.8764216847e-09, 1.40235989488e-09, 1.68686953295e-09, 4.10179579191e-09, 2.08417261227e-09, 6.25062557269e-10, 4.58673543591e-10, 2.48010501025e-10, 4.15747575255e-11, 1.56682149893e-11, 2.37881866982e-11, 6.10357459019e-11, 4.11355428886e-11, 2.1378562115e-11, 1.2490802663e-11, 1.06417956044e-11, 9.05313757987e-12, 8.87099248226e-12, 6.54842543038e-12, 5.4845459771e-12, 3.76618788239e-12],
        "stdev": [0.0026315045543, 0.00422011874616, 0.00131354725454, 0.000247673044214, 0.000324781256495, 0.000547131872736, 0.000649897498079, 0.000646332802717, 0.0005858783843, 0.000260364293354, 0.000383196893381, 0.000407407496823, 0.000293810124276, 0.000284803652903, 0.00011145278404, 0.000151094733155, 0.000150876308908, 0.000567043374758, 0.000182436066098, 0.000152787237312, 0.000200298643904, 0.00010987288988, 6.05647110206e-05, 4.59163165942e-05, 2.61574932665e-05, 1.87941077456e-05, 1.04837408799e-05, 1.49815941768e-05, 7.59852036936e-06, 4.18361423726e-06, 2.43066665462e-06, 2.09404856832e-06, 1.96263317775e-06, 1.93282699001e-06, 1.87965929399e-06, 2.1328355615e-06, 2.0909756131e-06, 1.53138671521e-06, 1.36985499921e-06, 1.77390973022e-06]
    },
    "melbands128": {
        "max": [0.00252478639595, 0.0176290720701, 0.0430210418999, 0.0846234932542, 0.0640757828951, 0.0389471277595, 0.026208229363, 0.00961597077549, 0.00417428370565, 0.00237834779546, 0.00473601277918, 0.00569909950718, 0.00384550355375, 0.00531596224755, 0.00566611532122, 0.0107654584572, 0.0113132717088, 0.0122151896358, 0.0108970366418, 0.0104377903044, 0.0105040166527, 0.012664180249, 0.0134777957574, 0.00580670591444, 0.00442365510389, 0.00766249932349, 0.0062044467777, 0.0104048568755, 0.00970517098904, 0.0139272864908, 0.0105103859678, 0.00575084332377, 0.00553050963208, 0.008246390149, 0.00671393703669, 0.00580286653712, 0.00244125397876, 0.00134630512912, 0.00305088586174, 0.0064778230153, 0.00349735585041, 0.00277349236421, 0.00157385342754, 0.00632033590227, 0.0173123925924, 0.018931074068, 0.00694662565365, 0.00598981184885, 0.00260695815086, 0.00295014958829, 0.00301206461154, 0.00262684817426, 0.00448890309781, 0.00394776556641, 0.0051626926288, 0.00248747342266, 0.00134914030787, 0.00109890208114, 0.00110588897951, 0.0030192034319, 0.000729730934836, 0.00143649906386, 0.000652986636851, 0.000354704126948, 0.000542047841009, 0.000297016085824, 0.000165743331308, 0.000185540178791, 0.000133893481689, 0.000309091963572, 0.000668357766699, 0.000151871368871, 0.000128306855913, 0.000119887045003, 7.22251206753e-05, 6.32569644949e-05, 4.55493354821e-05, 4.76289460494e-05, 3.32525451086e-05, 3.08811722789e-05, 1.85124881682e-05, 1.91457202163e-05, 1.37365186674e-05, 2.55194390775e-05, 3.64267471014e-05, 2.13080311369e-05, 2.10383623198e-05, 2.8761665817e-05, 1.6322474039e-05, 2.36045052588e-05, 3.13119744533e-05, 3.66936110368e-05, 1.67212929227e-05, 3.34031137754e-05, 1.66362970049e-05, 3.04680270347e-05, 2.00740523724e-05, 1.47709724843e-05, 1.22721794469e-05, 1.38207578857e-05, 2.14703650272e-05, 2.9913682738e-05, 1.73023745447e-05, 2.12006052607e-05, 1.35130467243e-05, 2.35385177803e-05, 1.49991737999e-05, 8.83837401489e-06, 1.15219027066e-05, 5.99325176154e-06, 3.88603848478e-06, 2.80596100311e-06, 2.86985027742e-06, 3.09763936457e-06, 2.29652277994e-06, 7.79082029112e-07, 4.38720846319e-08, 3.6273831161e-10, 2.04336353393e-10, 2.0883804408e-10, 2.10179665339e-10, 2.07050918077e-10, 1.94932514574e-10, 1.82784079539e-10, 1.69164959818e-10, 1.59551954981e-10, 1.52040116608e-10, 1.47545378693e-10],
        "mean": [0.000167057456565, 0.00129102659412, 0.00233915005811, 0.00241273408756, 0.00199128035456, 0.00134351290762, 0.000733576656785, 0.000314172240905, 0.00021846157324, 0.000190488790395, 0.000165025398019, 0.000269618001767, 0.000228227610933, 0.000152936845552, 0.000230188932619, 0.000314656848786, 0.000311384850647, 0.000204449897865, 9.70343244262e-05, 0.000206743148738, 0.000309801485855, 0.000364957086276, 0.000240789478994, 0.000114526344987, 0.000136055648909, 0.000182806892553, 0.000165703459061, 0.000181400086149, 0.000235058527323, 0.000204220224987, 9.97737370199e-05, 8.41075234348e-05, 9.06628920347e-05, 0.000147019542055, 0.000139882045914, 0.000117685580335, 6.07694964856e-05, 3.93826485379e-05, 5.13320810569e-05, 7.15686328476e-05, 5.91750213061e-05, 3.68833461835e-05, 4.22080192948e-05, 6.83554608258e-05, 0.000168605824001, 0.0002394336625, 0.000151843050844, 6.26888650004e-05, 4.02789301006e-05, 6.15219250903e-05, 8.49583229865e-05, 5.92593860347e-05, 6.98547810316e-05, 7.95965315774e-05, 7.2152892244e-05, 2.888389281e-05, 2.96322177746e-05, 3.38944264513e-05, 3.45637236023e-05, 3.28271817125e-05, 2.46032523137e-05, 2.50290231634e-05, 1.97822228074e-05, 1.50199639393e-05, 2.02865994652e-05, 1.56550395332e-05, 9.7776619441e-06, 7.48548018237e-06, 6.68789516567e-06, 8.55637063069e-06, 1.03905485958e-05, 8.56168844621e-06, 5.61415345146e-06, 4.77297317047e-06, 4.10351958635e-06, 3.28744022227e-06, 2.25374492402e-06, 1.72731279235e-06, 1.7373636183e-06, 1.62638229995e-06, 1.40296253903e-06, 1.4053778159e-06, 1.20699075978e-06, 1.29299201035e-06, 1.34454535328e-06, 1.34539027385e-06, 1.19753121908e-06, 1.60952333772e-06, 1.2924811017e-06, 1.32845707412e-06, 1.22808148717e-06, 1.60211118327e-06, 1.50378843955e-06, 1.6492741679e-06, 1.30309319957e-06, 1.12528016416e-06, 1.09357029032e-06, 1.04683203972e-06, 1.05057813471e-06, 1.0433971056e-06, 1.18771413327e-06, 1.38402299399e-06, 1.29666432258e-06, 1.14489751013e-06, 9.82401047622e-07, 9.41845030411e-07, 7.11994914582e-07, 5.79739776185e-07, 4.93037305205e-07, 3.62297413403e-07, 2.94729829875e-07, 2.24803144988e-07, 1.58586658472e-07, 1.51317195218e-07, 1.2567130625e-07, 4.97238374919e-08, 1.03044239808e-09, 4.87213871678e-12, 4.05186344546e-12, 3.92606563579e-12, 3.81795550036e-12, 3.73244534238e-12, 3.64129169525e-12, 3.56488363135e-12, 3.47456547041e-12, 3.37401699461e-12, 3.31161400385e-12, 3.28634884063e-12],
        "min": [4.19239955252e-11, 6.87423104551e-11, 5.50314203929e-11, 2.34786513148e-11, 9.87852161183e-11, 2.2177049086e-10, 1.67467539836e-10, 1.66110417088e-10, 1.23316620804e-10, 8.52117404415e-11, 4.6719145913e-11, 7.68837910003e-11, 2.17831253035e-10, 3.71021130485e-10, 1.50888690431e-10, 1.80569684205e-10, 3.60690477486e-10, 1.76373227134e-09, 2.60412447162e-09, 2.89630097683e-09, 3.72964681361e-09, 2.53012855111e-09, 9.801898182e-10, 5.77591863227e-10, 1.7264192298e-09, 1.77478998165e-09, 2.84130885486e-10, 1.20818310911e-09, 6.11890493829e-09, 1.137851946e-08, 1.29135662164e-08, 1.02585833162e-08, 1.04611315166e-08, 6.0953997405e-09, 2.36440800272e-09, 3.98381105882e-10, 1.57112456378e-09, 6.05040062496e-09, 6.77457201448e-09, 5.56779422567e-09, 9.83138637167e-09, 7.01210867149e-09, 4.82122697321e-09, 2.99156210914e-09, 6.58674714771e-09, 3.71828368095e-09, 4.13731227056e-09, 2.77238165758e-09, 3.00213676141e-09, 1.98627070347e-09, 1.37474409634e-09, 2.23208918015e-09, 1.56664536899e-09, 8.2184942185e-10, 1.45916811967e-09, 6.69056310354e-10, 3.02718494716e-09, 4.63555327457e-09, 3.93012156152e-09, 4.14652356895e-09, 1.71455805109e-09, 1.02397523793e-09, 8.96710428133e-10, 2.68415983884e-10, 6.22634332981e-10, 7.52156503747e-10, 1.00118441315e-10, 1.97024341286e-10, 4.1962702757e-10, 1.0146321977e-10, 1.8016803327e-11, 1.55522122958e-11, 1.28770388449e-11, 1.80648274117e-11, 1.24609281227e-11, 2.88151325717e-11, 2.67830688183e-11, 1.90437162567e-11, 6.78783487751e-11, 1.11299983119e-10, 3.66411762043e-11, 2.25575235574e-11, 2.03230991064e-11, 2.10939495038e-11, 2.2991018811e-11, 1.51022042094e-11, 6.55319852202e-12, 9.82147176087e-12, 1.23102951444e-11, 1.09759232952e-11, 8.16366245437e-12, 7.00735563325e-12, 1.22188977686e-11, 8.63009143315e-12, 8.3713123239e-12, 6.8962400894e-12, 7.13514750755e-12, 4.04165676621e-12, 7.29321030651e-12, 5.00079708546e-12, 1.97382149687e-12, 5.36729428263e-12, 3.32816174793e-12, 1.47224626153e-12, 1.27799051723e-12, 7.65320261591e-13, 1.62558139692e-12, 8.72932748221e-13, 7.24914431868e-13, 5.94698010455e-13, 4.63083889811e-13, 4.11069263481e-13, 4.5279028465e-13, 3.54798113632e-13, 2.89776368049e-13, 5.19475467416e-13, 1.22563146698e-13, 6.8041824616e-14, 7.20019069323e-14, 7.65834539339e-14, 6.67783496143e-14, 6.00471481891e-14, 5.21436701055e-14, 3.66480798616e-14, 4.10437200719e-14, 1.26434007646e-14, 1.30124250676e-15, 9.30853541004e-17],
        "stdev": [0.000270849763183, 0.00191691832151, 0.003869907232, 0.00566399469972, 0.00552356801927, 0.00382653228007, 0.00204126862809, 0.000721038435586, 0.000312680174829, 0.000283252709778, 0.000303453678498, 0.000450513500255, 0.000388124957681, 0.000389898574213, 0.000553403806407, 0.00101068965159, 0.00100357248448, 0.000903950014617, 0.000387550710002, 0.000825031078421, 0.000940845231526, 0.00108499790076, 0.00083634495968, 0.000295444740914, 0.000302735104924, 0.000404326739954, 0.000368958077161, 0.000528702279553, 0.000599874765612, 0.000747472746298, 0.000381113408366, 0.000318795064231, 0.000319082028, 0.000586131995078, 0.000423347868491, 0.00037697708467, 0.000194102613023, 9.43574705161e-05, 0.00016932116705, 0.000313926138915, 0.000179350827239, 8.94632976269e-05, 0.000106906205474, 0.000253996142419, 0.000795047672, 0.000967498577666, 0.000534126302227, 0.000269634270808, 0.000113602000056, 0.000205161079066, 0.000261136825429, 0.000165982637554, 0.000276962178759, 0.000303966982756, 0.000300650222925, 9.44609491853e-05, 8.25148890726e-05, 8.52691518958e-05, 8.41118526296e-05, 0.000111794339318, 5.30217621417e-05, 6.21632716502e-05, 4.57969035779e-05, 2.75798847724e-05, 3.90429740946e-05, 2.65377402684e-05, 1.87344103324e-05, 1.68088336068e-05, 1.13692767627e-05, 2.00881422643e-05, 2.83569243038e-05, 1.54201607074e-05, 1.13488167699e-05, 9.45719330048e-06, 6.72000123814e-06, 5.6820208556e-06, 4.06443086831e-06, 2.80710037259e-06, 2.69310044132e-06, 2.59876628661e-06, 2.21094046537e-06, 2.3998013603e-06, 1.8825527377e-06, 2.24958853323e-06, 2.30359523812e-06, 2.23315032599e-06, 1.71177873654e-06, 2.80606218439e-06, 1.89884895008e-06, 2.04915954782e-06, 1.83719134839e-06, 2.85843248093e-06, 2.16961848309e-06, 2.8380625281e-06, 1.78711263743e-06, 1.64159462201e-06, 1.72325849235e-06, 1.52832137701e-06, 1.47705668496e-06, 1.46070840401e-06, 1.66079644259e-06, 2.30253954214e-06, 1.93322534869e-06, 1.86562556337e-06, 1.6056746972e-06, 1.72407283117e-06, 1.35883726671e-06, 9.21078651572e-07, 7.79052982125e-07, 5.53611016585e-07, 4.50633336868e-07, 3.43976751083e-07, 2.41768049136e-07, 2.58870585412e-07, 2.14550354372e-07, 8.05054440889e-08, 2.6138649023e-09, 1.16002442027e-11, 8.2397708448e-12, 8.11533219097e-12, 7.97871317626e-12, 7.81063842076e-12, 7.54466975006e-12, 7.30302710666e-12, 7.06659036842e-12, 6.8956325025e-12, 6.76768146732e-12, 6.691108171e-12]
    },
    "mfcc": {
        "mean": [-638.078186035, 100.561195374, -23.8680477142, 8.98023700714, 12.3283815384, -5.12714147568, 2.51406764984, 6.29971075058, 5.73225688934, 11.0560827255, 1.52218711376, 0.257689774036, -1.15128529072],
        "cov": [[3230.76904297, -0.543596088886, 1073.77319336, 816.786193848, 617.663024902, 216.778152466, 204.24887085, -60.5029182434, 32.6835441589, 86.0657348633, -39.6894874573, 128.027206421, 191.578582764], [-0.543596088886, 564.434692383, 375.316619873, 299.349639893, 259.725097656, -27.4275150299, 45.5439491272, -46.4551048279, -46.8765983582, -1.56264734268, -33.9745903015, 5.43153381348, 51.1063766479], [1073.77319336, 375.316619873, 1997.91137695, 1079.95690918, 979.734130859, 305.493682861, 123.781852722, -85.8934631348, -33.2774238586, -6.2332868576, 28.3645305634, 57.8366203308, 161.173690796], [816.786193848, 299.349639893, 1079.95690918, 880.300109863, 682.931030273, 145.379074097, 111.000160217, -54.2937660217, 4.96033096313, 27.6775493622, 11.6718425751, 110.107498169, 141.050430298], [617.663024902, 259.725097656, 979.734130859, 682.931030273, 680.341796875, 146.992080688, 125.618980408, -51.9524154663, 0.785597980022, 44.1471138, 21.399471283, 88.8404693604, 118.490058899], [216.778152466, -27.4275150299, 305.493682861, 145.379074097, 146.992080688, 314.929260254, 162.615585327, 20.2841930389, -1.53804624081, 41.5870475769, 13.127538681, -2.99549221992, 6.38786172867], [204.24887085, 45.5439491272, 123.781852722, 111.000160217, 125.618980408, 162.615585327, 220.463439941, 29.5194721222, -0.359114348888, 56.6097373962, -1.25002169609, 17.2007446289, 19.9667186737], [-60.5029182434, -46.4551048279, -85.8934631348, -54.2937660217, -51.9524154663, 20.2841930389, 29.5194721222, 135.241485596, 61.7454338074, -14.9274463654, -13.6272182465, -17.2048854828, -31.7668209076], [32.6835441589, -46.8765983582, -33.2774238586, 4.96033096313, 0.785597980022, -1.53804624081, -0.359114348888, 61.7454338074, 107.68598938, 37.520778656, 13.6559123993, 8.06663417816, -6.959192276], [86.0657348633, -1.56264734268, -6.2332868576, 27.6775493622, 44.1471138, 41.5870475769, 56.6097373962, -14.9274463654, 37.520778656, 132.729949951, 53.4990272522, 17.4580078125, 11.3587436676], [-39.6894874573, -33.9745903015, 28.3645305634, 11.6718425751, 21.399471283, 13.127538681, -1.25002169609, -13.6272182465, 13.6559123993, 53.4990272522, 91.7626724243, 29.5455436707, 12.812625885], [128.027206421, 5.43153381348, 57.8366203308, 110.107498169, 88.8404693604, -2.99549221992, 17.2007446289, -17.2048854828, 8.06663417816, 17.4580078125, 29.5455436707, 91.865814209, 50.8800163269], [191.578582764, 51.1063766479, 161.173690796, 141.050430298, 118.490058899, 6.38786172867, 19.9667186737, -31.7668209076, -6.959192276, 11.3587436676, 12.812625885, 50.8800163269, 85.9450759888]],
        "icov": [[0.000507182674482, 0.000370019377442, -0.000235301500652, -0.000414298730902, 0.000303686305415, 0.000156847105245, -0.000318010570481, 0.000119321797683, -6.55372787151e-05, -0.000500381342135, 0.000831379496958, -0.000181838084245, -0.000497206987347], [0.000370019377442, 0.00295852660201, -0.000166893354617, -0.00102126470301, -0.000340633647284, 0.00138939463068, -0.000980051932856, 3.95620809286e-05, 0.0011636398267, -0.000873655430041, 0.00135073706042, 0.00122215622105, -0.00070155604044], [-0.000235301500652, -0.000166893354617, 0.00301705207676, -0.00134860852268, -0.00297266454436, -0.00163112196606, 0.00143512419891, 0.000140090094646, 0.000222769187531, 0.00186627008952, -0.00204940582626, 0.00335871079005, -0.000794398772996], [-0.000414298730902, -0.00102126470301, -0.00134860852268, 0.00695734005421, -0.00385154155083, -0.000257086852798, 0.000508175115101, -0.000131881883135, -0.000943793507759, 0.000190102990018, 0.0010477937758, -0.00325358496048, -0.0005276161246], [0.000303686305415, -0.000340633647284, -0.00297266454436, -0.00385154155083, 0.0102860210463, 0.00110503367614, -0.00262226746418, 0.000764258089475, -0.000732021697331, -0.00196041702293, 0.00119364762213, -0.00308194360696, -0.000103776423202], [0.000156847105245, 0.00138939463068, -0.00163112196606, -0.000257086852798, 0.00110503367614, 0.00721338670701, -0.00533546414226, -1.45540843732e-05, 0.000447095517302, -0.000653723836876, -0.000329973001499, 0.000704762060195, 0.00123407715], [-0.000318010570481, -0.000980051932856, 0.00143512419891, 0.000508175115101, -0.00262226746418, -0.00533546414226, 0.0114084864035, -0.00458367122337, 0.00396987749264, -0.00452411500737, 0.0024564883206, -0.0012019976275, -0.00130172132049], [0.000119321797683, 3.95620809286e-05, 0.000140090094646, -0.000131881883135, 0.000764258089475, -1.45540843732e-05, -0.00458367122337, 0.0151164513081, -0.0106436740607, 0.00629909522831, -0.000848523748573, 0.00121167080943, 0.00297865853645], [-6.55372787151e-05, 0.0011636398267, 0.000222769187531, -0.000943793507759, -0.000732021697331, 0.000447095517302, 0.00396987749264, -0.0106436740607, 0.0188628975302, -0.00827879551798, 0.00156642938964, -0.00161453592591, 4.87408033223e-05], [-0.000500381342135, -0.000873655430041, 0.00186627008952, 0.000190102990018, -0.00196041702293, -0.000653723836876, -0.00452411500737, 0.00629909522831, -0.00827879551798, 0.0171314645559, -0.00969677697867, 0.00367844523862, 0.00028715931694], [0.000831379496958, 0.00135073706042, -0.00204940582626, 0.0010477937758, 0.00119364762213, -0.000329973001499, 0.0024564883206, -0.000848523748573, 0.00156642938964, -0.00969677697867, 0.019816249609, -0.00761358905584, -7.67008459661e-05], [-0.000181838084245, 0.00122215622105, 0.00335871079005, -0.00325358496048, -0.00308194360696, 0.000704762060195, -0.0012019976275, 0.00121167080943, -0.00161453592591, 0.00367844523862, -0.00761358905584, 0.0236471146345, -0.0098377391696], [-0.000497206987347, -0.00070155604044, -0.000794398772996, -0.0005276161246, -0.000103776423202, 0.00123407715, -0.00130172132049, 0.00297865853645, 4.87408033223e-05, 0.00028715931694, -7.67008459661e-05, -0.0098377391696, 0.0227726399899]]
    },
    "spectral_contrast_coeffs": {
        "max": [-0.512721478939, -0.419030249119, -0.4574033916, -0.48673838377, -0.592913448811, -0.680115401745],
        "mean": [-0.764870643616, -0.73299908638, -0.75621432066, -0.767070174217, -0.768564045429, -0.791193246841],
        "min": [-0.906227350235, -0.927107870579, -0.905921578407, -0.951892375946, -0.906403422356, -0.87313336134],
        "stdev": [0.059457577765, 0.0809320136905, 0.0674880817533, 0.0746941789985, 0.0497353896499, 0.0325052328408]
    },
    "spectral_contrast_valleys": {
        "max": [-5.2232260704, -5.53965616226, -5.21000909805, -5.89148521423, -5.80185317993, -8.07902908325],
        "mean": [-7.19387769699, -6.97458171844, -7.24044084549, -7.22231912613, -7.3860912323, -10.0314865112],
        "min": [-13.3411245346, -11.5115747452, -11.5653076172, -10.857219696, -12.5042791367, -15.3307638168],
        "stdev": [1.54711902142, 0.615541875362, 0.662330985069, 0.535624682903, 0.608355820179, 0.872397005558]
    }
},
"rhythm": {
    "beats_count": 105,
    "beats_loudness": {
        "max": 0.133150562644,
        "mean": 0.0402680262923,
        "min": 0.00206050649285,
        "stdev": 0.0284372325987
    },
    "bpm": 129.858291626,
    "bpm_histogram_first_peak_bpm": 129,
    "bpm_histogram_first_peak_weight": 0.237623751163,
    "bpm_histogram_second_peak_bpm": 117,
    "bpm_histogram_second_peak_spread": 0,
    "bpm_histogram_second_peak_weight": 0.00961538497359,
    "danceability": 1.15611743927,
    "onset_rate": 3.55920696259,
    "beats_loudness_band_ratio": {
        "max": [0.945861935616, 0.433495670557, 0.547789871693, 0.699575722218, 0.682536482811, 0.146469533443],
        "mean": [0.459439277649, 0.0631224960089, 0.14922657609, 0.139676123857, 0.165609046817, 0.0472679547966],
        "min": [5.73650140723e-05, 0.00119680049829, 0.00487445387989, 0.00316861085594, 0.00589549168944, 0.00642107240856],
        "stdev": [0.301497191191, 0.0827552676201, 0.139151096344, 0.177097663283, 0.132235988975, 0.0327092371881]
    },
