{
"metadata": {
    "version": {
        "essentia": "2.1-beta5",
        "essentia_git_sha": "Undefined",
        "extractor": "music 2.0"
    },
    "audio_properties": {
        "analysis": {
            "equal_loudness": 0,
            "length": 12.7477550507,
            "sample_rate": 44100,
            "start_time": 0,
            "downmix": "mix"
        },
        "bit_rate": 192000,
        "length": 189.846359253,
        "lossless": 0,
        "number_channels": 2,
        "replay_gain": -5.03614044189,
        "sample_rate": 48000,
        "codec": "mp3",
        "md5_encoded": "9a8c8009085904aab331c8a8eb9de388"
    },
    "tags": {
        "file_name": "BosniaHerzegovina_In The Disco_Deen.mp3",
        "encoding": ["Lavf58.29.100"]
    }
},
"lowlevel": {
    "average_loudness": 0.90181517601,
    "barkbands_crest": {
        "max": 25.3201885223,
        "mean": 10.8260288239,
        "min": 2.95432448387,
        "stdev": 4.97257518768
    },
    "barkbands_flatness_db": {
        "max": 0.287904411554,
        "mean": 0.17517568171,
        "min": 0.0422613695264,
        "stdev": 0.0510911718011
    },
    "barkbands_kurtosis": {
        "max": 45.7174835205,
        "mean": 2.65401434898,
        "min": -1.38217771053,
        "stdev": 5.55170059204
    },
    "barkbands_skewness": {
        "max": 6.52803993225,
        "mean": 1.26283144951,
        "min": -2.07893896103,
        "stdev": 1.17490935326
    },
    "barkbands_spread": {
        "max": 56.3741760254,
        "mean": 16.021648407,
        "min": 3.77988195419,
        "stdev": 10.5075550079
    },
    "dissonance": {
        "max": 0.5,
        "mean": 0.484908998013,
        "min": 0.0164175052196,
        "stdev": 0.0243306197226
    },
    "dynamic_complexity": 2.39998364449,
    "erbbands_crest": {
        "max": 25.0424461365,
        "mean": 8.20258808136,
        "min": 3.22002434731,
        "stdev": 3.25850224495
    },
    "erbbands_flatness_db": {
        "max": 0.354084610939,
        "mean": 0.224382251501,
        "min": 0.0765499845147,
        "stdev": 0.0807785242796
    },
    "erbbands_kurtosis": {
        "max": 7.38585758209,
        "mean": 0.548394739628,
        "min": -1.47412514687,
        "stdev": 1.2369273901
    },
    "erbbands_skewness": {
        "max": 1.96932816505,
        "mean": 0.260424733162,
        "min": -1.92374026775,
        "stdev": 0.708223760128
    },
    "erbbands_spread": {
        "max": 76.1625595093,
        "mean": 23.0542545319,
        "min": 6.46931695938,
        "stdev": 12.8384160995
    },
    "hfc": {
        "max": 147.529006958,
        "mean": 24.1904659271,
        "min": 1.23669774914e-16,
        "stdev": 16.6401901245
    },
    "loudness_ebu128": {
        "integrated": -18.0826263428,
        "loudness_range": 3.8864364624,
        "momentary": {
            "max": -12.2314796448,
            "mean": -18.8653526306,
            "min": -24.5959644318,
            "stdev": 2.71211862564
        },
        "short_term": {
            "max": -16.3675079346,
            "mean": -18.007604599,
            "min": -22.7119026184,
            "stdev": 1.50576353073
        }
    },
    "melbands_crest": {
        "max": 34.4972343445,
        "mean": 14.3831281662,
        "min": 2.65795779228,
        "stdev": 6.59293889999
    },
    "melbands_flatness_db": {
        "max": 0.360817760229,
        "mean": 0.192058578134,
        "min": 0.00647060805932,
        "stdev": 0.054863628
    },
    "melbands_kurtosis": {
        "max": 136.266906738,
        "mean": 9.31625843048,
        "min": -1.37107610703,
        "stdev": 16.7064151764
    },
    "melbands_skewness": {
        "max": 10.6740350723,
        "mean": 2.16801071167,
        "min": -1.1854916811,
        "stdev": 1.77194499969
    },
    "melbands_spread": {
        "max": 146.882202148,
        "mean": 20.5697441101,
        "min": 2.40745520592,
        "stdev": 14.9744758606
    },
    "pitch_salience": {
        "max": 0.975745737553,
        "mean": 0.589136183262,
        "min": 0.0803616866469,
        "stdev": 0.168820559978
    },
    "silence_rate_20dB": {
        "max": 1,
        "mean": 0.989090919495,
        "min": 0,
        "stdev": 0.103875756264
    },
    "silence_rate_30dB": {
        "max": 1,
        "mean": 0.961818158627,
        "min": 0,
        "stdev": 0.191634863615
    },
    "silence_rate_60dB": {
        "max": 1,
        "mean": 0.00545454537496,
        "min": 0,
        "stdev": 0.0736535340548
    },
    "spectral_centroid": {
        "max": 10747.1669922,
        "mean": 1704.31506348,
        "min": 464.192199707,
        "stdev": 589.866821289
    },
    "spectral_complexity": {
        "max": 52,
        "mean": 27.043636322,
        "min": 0,
        "stdev": 7.55355978012
    },
    "spectral_decrease": {
        "max": -1.55792656081e-29,
        "mean": -9.45943234854e-09,
        "min": -2.32074299333e-07,
        "stdev": 1.76113896799e-08
    },
    "spectral_energy": {
        "max": 0.887170672417,
        "mean": 0.037896245718,
        "min": 1.12760130192e-20,
        "stdev": 0.067339964211
    },
    "spectral_energyband_high": {
        "max": 0.00627807527781,
        "mean": 0.000449761981145,
        "min": 8.14042334863e-21,
        "stdev": 0.000716531183571
    },
    "spectral_energyband_low": {
        "max": 0.853498220444,
        "mean": 0.0198556371033,
        "min": 1.28312643855e-22,
        "stdev": 0.0643358975649
    },
    "spectral_energyband_middle_high": {
        "max": 0.0637988746166,
        "mean": 0.0107437958941,
        "min": 1.59161939389e-21,
        "stdev": 0.00854551792145
    },
    "spectral_energyband_middle_low": {
        "max": 0.133005827665,
        "mean": 0.00773165700957,
        "min": 4.27342032499e-22,
        "stdev": 0.010154966265
    },
    "spectral_entropy": {
        "max": 9.77922821045,
        "mean": 7.66954278946,
        "min": 6.88808488846,
        "stdev": 0.23434317112
    },
    "spectral_flux": {
        "max": 0.591158688068,
        "mean": 0.110218308866,
        "min": 1.06188571825e-10,
        "stdev": 0.0713247060776
    },
    "spectral_kurtosis": {
        "max": 17.4218502045,
        "mean": 6.05002260208,
        "min": -1.21323013306,
        "stdev": 2.76624345779
    },
    "spectral_rms": {
        "max": 0.0294199325144,
        "mean": 0.0053188749589,
        "min": 3.31677372199e-12,
        "stdev": 0.0029464433901
    },
    "spectral_rolloff": {
        "max": 18776.953125,
        "mean": 1649.28833008,
        "min": 64.599609375,
        "stdev": 1127.68701172
    },
    "spectral_skewness": {
        "max": 3.36300039291,
        "mean": 1.65265786648,
        "min": 0.0362921133637,
        "stdev": 0.354170292616
    },
    "spectral_spread": {
        "max": 40807100,
        "mean": 3229235.5,
        "min": 1915273.25,
        "stdev": 2002345.875
    },
    "spectral_strongpeak": {
        "max": 5.70747089386,
        "mean": 1.14126229286,
        "min": 0,
        "stdev": 0.946934819221
    },
    "zerocrossingrate": {
        "max": 0.505859375,
        "mean": 0.0652059689164,
        "min": 0.01220703125,
        "stdev": 0.0344979986548
    },
    "barkbands": {
        "max": [0.0328336544335, 0.681987583637, 0.234884113073, 0.0367071814835, 0.0377904511988, 0.0387078300118, 0.0257801525295, 0.0195198561996, 0.0205991715193, 0.039266038686, 0.0167882759124, 0.00681084301323, 0.00637503433973, 0.012963633053, 0.017009716481, 0.00377862155437, 0.00400441372767, 0.004356500227, 0.0020464907866, 0.00169781816658, 0.00166371779051, 0.0015306341229, 0.000956944597419, 0.000898010388482, 0.00137364852708, 0.000720711133908, 1.00866918729e-06],
        "mean": [0.000980443088338, 0.0160832256079, 0.0025400405284, 0.000843462534249, 0.00101254950278, 0.0005578949349, 0.000437942129793, 0.000543154019397, 0.00300495186821, 0.00325395981781, 0.00169023871422, 0.00107159884647, 0.000939872930758, 0.00125385913998, 0.000882679247297, 0.000633945979644, 0.000665422237944, 0.000632598763332, 0.000349488167558, 0.000152628301294, 0.000116421484563, 9.39863457461e-05, 5.89305891481e-05, 4.36125446868e-05, 3.86581341445e-05, 1.46956808749e-05, 1.49848364828e-08],
        "min": [2.74518388535e-23, 6.59434452876e-23, 1.27232590724e-23, 8.20399311776e-23, 5.36648694741e-23, 3.03615081262e-23, 4.36561367857e-23, 1.11244357061e-22, 7.77264713023e-23, 1.31575069637e-22, 8.50950190696e-23, 2.80347912852e-23, 1.29256386555e-22, 1.48232025423e-22, 1.57289284574e-22, 1.35898936165e-22, 1.26316800522e-22, 2.03515359795e-22, 3.1637452144e-22, 2.84634822825e-22, 3.85011327184e-22, 4.88457068445e-22, 8.34841322845e-22, 8.54544316711e-22, 1.50872008395e-21, 1.56123524861e-21, 2.63111188477e-21],
        "stdev": [0.00353408022784, 0.0551824085414, 0.0120434872806, 0.00322838244028, 0.00300909252837, 0.00280831055716, 0.00158826960251, 0.00110485323239, 0.00402580108494, 0.0047223335132, 0.00220028706826, 0.000987641629763, 0.000908050918952, 0.00164206861518, 0.00102875661105, 0.000524735834915, 0.000470387691166, 0.000622198160272, 0.000332200783305, 0.000186458739336, 0.00018330005696, 0.000156781941769, 0.000118694166304, 9.46146683418e-05, 0.000127264356706, 5.95738383709e-05, 6.19583673256e-08]
    },
    "erbbands": {
        "max": [28.1793308258, 163.160125732, 327.231933594, 130.804397583, 208.124252319, 132.531326294, 286.744873047, 386.442321777, 648.393920898, 362.708953857, 496.981079102, 489.935150146, 1116.50720215, 810.324768066, 687.392456055, 330.911590576, 284.873809814, 441.473449707, 1007.36987305, 182.396530151, 139.704803467, 194.100463867, 228.272842407, 216.622741699, 74.7395248413, 84.3008499146, 63.7823600769, 62.2000808716, 53.2609710693, 32.7377357483, 28.7680339813, 20.4032974243, 17.1493473053, 14.4731645584, 10.2819347382, 5.13148260117, 0.6617192626, 0.038624394685, 0.000835592101794, 0.000979308970273],
        "mean": [0.489254802465, 3.42848277092, 3.91511774063, 2.8648352623, 3.06128406525, 3.33297300339, 3.44151425362, 4.90819501877, 6.78936243057, 7.66145706177, 16.0320568085, 61.6155471802, 119.836395264, 67.8592376709, 72.2043075562, 45.0746841431, 43.2526283264, 62.6784439087, 55.2330207825, 39.5201225281, 36.5721244812, 35.0798072815, 30.8532848358, 29.0856666565, 12.1188211441, 7.22826242447, 5.44703435898, 4.38808059692, 3.37927675247, 2.44630360603, 1.56139540672, 1.03063464165, 0.706389844418, 0.442956417799, 0.26831677556, 0.103821620345, 0.0201342105865, 0.00126457749866, 4.91086502734e-05, 4.62741409137e-05],
        "min": [4.1704051377e-21, 5.92138372407e-21, 1.15474470058e-20, 1.2933705585e-19, 3.00144889259e-19, 8.90407778261e-20, 2.4848040312e-19, 2.98199851596e-19, 4.70812954993e-19, 1.57347836744e-18, 1.95770303819e-18, 1.51010702673e-18, 3.84089943706e-18, 3.34080465027e-18, 3.37486071006e-18, 1.61598231943e-18, 5.21959900072e-18, 9.2205152865e-18, 4.66165864651e-18, 9.25595501266e-18, 9.1285237034e-18, 6.3327500131e-18, 1.05189663366e-17, 1.98217935387e-17, 1.22505465263e-17, 1.21679740488e-17, 1.10642413149e-17, 1.75515996563e-17, 1.81236248283e-17, 2.35804956247e-17, 2.29185062892e-17, 1.89353884486e-17, 1.40301726746e-17, 1.30374641225e-17, 1.20263342582e-17, 5.97462299407e-18, 2.91169726288e-18, 1.25064383643e-18, 3.71429220647e-19, 4.04400135801e-20],
        "stdev": [1.92831754684, 11.5155677795, 16.1183433533, 11.1544570923, 11.5879659653, 9.77751922607, 14.8291721344, 25.2646961212, 32.5343284607, 20.7955322266, 26.9059848785, 76.7043304443, 170.99822998, 91.0089263916, 88.172492981, 40.4754066467, 39.8699150085, 72.1103820801, 72.4737014771, 30.38022995, 25.2937602997, 23.9014053345, 25.6683101654, 30.8745536804, 10.3673906326, 9.18728160858, 8.95353889465, 6.65888738632, 5.58090400696, 4.31133508682, 3.23683238029, 2.14062428474, 1.66777443886, 1.32759177685, 0.968210160732, 0.450472176075, 0.0715226903558, 0.00379632599652, 0.000101244040707, 7.52541964175e-05]
    },
    "gfcc": {
        "mean": [-22.7918128967, 70.2093429565, -189.957733154, 6.23532819748, -63.3862915039, 16.3430366516, -31.8452415466, 11.8360624313, -19.6349811554, -8.62948608398, -16.8176651001, -4.16258335114, -6.38856983185],
        "cov": [[6333.65966797, 1172.33947754, 2087.27319336, 1358.29638672, 796.818908691, 697.103088379, 145.269866943, 546.324829102, 33.340461731, 473.827423096, 64.9644012451, 269.393981934, -40.6516304016], [1172.33947754, 1318.6751709, 1621.17663574, 1063.51647949, 711.906311035, 311.224853516, 138.852401733, 140.630172729, 128.350021362, 228.938247681, 162.767929077, 150.406021118, 30.2076187134], [2087.27319336, 1621.17663574, 3643.43505859, 2052.82568359, 1424.40625, 850.24395752, 120.928977966, 495.375518799, 132.918426514, 606.26965332, 195.007385254, 413.695739746, 2.34184288979], [1358.29638672, 1063.51647949, 2052.82568359, 1613.77648926, 869.530273438, 529.992675781, 86.4189453125, 198.626373291, 187.202011108, 336.270141602, 172.792388916, 204.106750488, 28.3812103271], [796.818908691, 711.906311035, 1424.40625, 869.530273438, 666.467041016, 353.923126221, 95.2081069946, 216.401947021, 74.8106155396, 242.632171631, 90.0907440186, 168.088226318, 12.0281410217], [697.103088379, 311.224853516, 850.24395752, 529.992675781, 353.923126221, 320.736419678, 74.4954452515, 144.005813599, 52.9607467651, 168.863647461, 46.4752159119, 104.47959137, 7.46079778671], [145.269866943, 138.852401733, 120.928977966, 86.4189453125, 95.2081069946, 74.4954452515, 136.05557251, 50.3930015564, 33.3991317749, 32.1279754639, 26.4260940552, 6.85248708725, 6.53258895874], [546.324829102, 140.630172729, 495.375518799, 198.626373291, 216.401947021, 144.005813599, 50.3930015564, 184.882461548, 5.87434577942, 101.910926819, 5.44173336029, 68.0359039307, -6.75490856171], [33.340461731, 128.350021362, 132.918426514, 187.202011108, 74.8106155396, 52.9607467651, 33.3991317749, 5.87434577942, 104.076332092, 34.0983963013, 35.917640686, 7.83000898361, 21.6342926025], [473.827423096, 228.938247681, 606.26965332, 336.270141602, 242.632171631, 168.863647461, 32.1279754639, 101.910926819, 34.0983963013, 164.443969727, 43.5827445984, 77.3063430786, -0.0101991249248], [64.9644012451, 162.767929077, 195.007385254, 172.792388916, 90.0907440186, 46.4752159119, 26.4260940552, 5.44173336029, 35.917640686, 43.5827445984, 64.8246688843, 25.9096775055, 16.0579910278], [269.393981934, 150.406021118, 413.695739746, 204.106750488, 168.088226318, 104.47959137, 6.85248708725, 68.0359039307, 7.83000898361, 77.3063430786, 25.9096775055, 92.216255188, 5.71003675461], [-40.6516304016, 30.2076187134, 2.34184288979, 28.3812103271, 12.0281410217, 7.46079778671, 6.53258895874, -6.75490856171, 21.6342926025, -0.0101991249248, 16.0579910278, 5.71003675461, 55.7227210999]],
        "icov": [[0.000429107807577, -0.000885832705535, 0.000640632992145, -0.000734693487175, 0.00124777795281, -0.000774117186666, 0.000347720953869, -0.00165496207774, 0.0009373264038, -0.00109373126179, 0.00112756341696, -0.000745753932279, 0.000120827447972], [-0.000885832705535, 0.00520807504654, -0.00305991130881, 0.00151346030179, -0.00444767065346, 0.00395068572834, -0.00295789469965, 0.00514735095203, -0.00277189118788, 0.003920936957, -0.00504447799176, 0.00291922525503, -0.000478518777527], [0.000640632992145, -0.00305991130881, 0.0049622990191, -0.00269010686316, -0.000181471506949, -0.00301148998551, 0.0028716372326, -0.00438304571435, 0.00352975935675, -0.00472105061635, 0.0033979578875, -0.00377742853016, 0.000898743513972], [-0.000734693487175, 0.00151346030179, -0.00269010686316, 0.00601678155363, -0.00503911077976, -0.00137928733602, 0.00139130314346, 0.00524854939431, -0.0051684351638, 0.00345113012008, -0.00529444403946, 0.0042007220909, 0.000540185952559], [0.00124777795281, -0.00444767065346, -0.000181471506949, -0.00503911077976, 0.0180395934731, -0.00205177417956, -0.00228471239097, -0.00892398599535, 0.00384293403476, -0.00411649933085, 0.00547676952556, -0.00658334046602, -0.000934047857299], [-0.000774117186666, 0.00395068572834, -0.00301148998551, -0.00137928733602, -0.00205177417956, 0.0155337145552, -0.00675660418347, 0.00233936053701, -0.00205477583222, -0.00162212329451, 0.00108748034108, -0.0013616172364, -0.00181500520557], [0.000347720953869, -0.00295789469965, 0.0028716372326, 0.00139130314346, -0.00228471239097, -0.00675660418347, 0.0144979711622, -0.00496667996049, -0.00111425854266, -0.000172486892552, -0.00370463426225, 0.00345460954122, 0.00127010676078], [-0.00165496207774, 0.00514735095203, -0.00438304571435, 0.00524854939431, -0.00892398599535, 0.00233936053701, -0.00496667996049, 0.0207251887769, -0.00461088307202, 0.00214091315866, -0.000744170800317, 0.00198397575878, 2.2646612706e-05], [0.0009373264038, -0.00277189118788, 0.00352975935675, -0.0051684351638, 0.00384293403476, -0.00205477583222, -0.00111425854266, -0.00461088307202, 0.0188278518617, -0.00549349933863, 0.000636029057205, -0.000745908240788, -0.00372991943732], [-0.00109373126179, 0.003920936957, -0.00472105061635, 0.00345113012008, -0.00411649933085, -0.00162212329451, -0.000172486892552, 0.00214091315866, -0.00549349933863, 0.0239588525146, -0.0111561594531, 0.00150111212861, 0.00210103974678], [0.00112756341696, -0.00504447799176, 0.0033979578875, -0.00529444403946, 0.00547676952556, 0.00108748034108, -0.00370463426225, -0.000744170800317, 0.000636029057205, -0.0111561594531, 0.0361291579902, -0.00955297239125, -0.00455430569127], [-0.000745753932279, 0.00291922525503, -0.00377742853016, 0.0042007220909, -0.00658334046602, -0.0013616172364, 0.00345460954122, 0.00198397575878, -0.000745908240788, 0.00150111212861, -0.00955297239125, 0.0293841604143, -0.00263674929738], [0.000120827447972, -0.000478518777527, 0.000898743513972, 0.000540185952559, -0.000934047857299, -0.00181500520557, 0.00127010676078, 2.2646612706e-05, -0.00372991943732, 0.00210103974678, -0.00455430569127, -0.00263674929738, 0.021310294047]]
    },
    "melbands": {
        "max": [0.219902187586, 0.185697242618, 0.0199931189418, 0.0102744717151, 0.00832466967404, 0.00953060202301, 0.00864423625171, 0.00373033690266, 0.00400101626292, 0.00343494932167, 0.00558502227068, 0.00391884194687, 0.00273197353818, 0.000824406801257, 0.000642387894914, 0.000626416585874, 0.00102175783832, 0.00145516346674, 0.000718220311683, 0.000341392296832, 0.000185020646313, 0.000204558091355, 0.000280578271486, 0.000204675350687, 0.000184863980394, 0.000101484212792, 3.26062763634e-05, 6.93471665727e-05, 4.99447924085e-05, 5.64711117477e-05, 2.82292367046e-05, 2.82457167486e-05, 3.32924828399e-05, 1.74697397597e-05, 2.09230856854e-05, 1.32746845338e-05, 1.42587578011e-05, 1.06150810097e-05, 1.42857379615e-05, 1.48177659867e-05],
        "mean": [0.00453031947836, 0.00285882991739, 0.000502598879393, 0.000232267382671, 0.000125838938402, 0.000111241890409, 0.000100745935924, 8.68204660947e-05, 0.000146683043567, 0.00044095076737, 0.000607353576925, 0.000279163621599, 0.000244779483182, 0.000143041062984, 9.41486359807e-05, 9.54652932705e-05, 0.000121609744383, 9.33035116759e-05, 5.90588497289e-05, 4.72664905828e-05, 4.30286745541e-05, 3.91290559492e-05, 2.90803582175e-05, 2.90118969133e-05, 2.35041698033e-05, 1.18572706924e-05, 5.23525523022e-06, 4.66725578008e-06, 3.67468101103e-06, 2.5400765935e-06, 2.52330755757e-06, 1.9098008579e-06, 1.81748998784e-06, 1.16776288905e-06, 9.33612909648e-07, 7.51280822442e-07, 5.70060933569e-07, 5.09328174303e-07, 4.07257630286e-07, 3.62222436934e-07],
        "min": [2.76896078412e-23, 7.04499962244e-24, 3.1253261737e-23, 1.21443913624e-23, 7.79527576307e-24, 6.24393109472e-24, 7.80043254681e-24, 1.8661440302e-23, 1.44965450233e-23, 1.08275458534e-23, 2.05143499284e-23, 1.463758862e-23, 1.07595689203e-23, 5.41737289342e-24, 5.85637201502e-24, 1.49012070018e-23, 1.71494290273e-23, 5.74660004791e-24, 1.45542849084e-23, 9.68106747852e-24, 1.11310048664e-23, 6.94588477173e-24, 6.54963993904e-24, 1.02291956456e-23, 1.78023486881e-23, 8.32274287418e-24, 9.43747275302e-24, 7.97071369523e-24, 6.05824546497e-24, 9.10390765241e-24, 1.05031173397e-23, 8.71065812457e-24, 1.30748614776e-23, 1.32920064858e-23, 1.25471261538e-23, 1.29447372936e-23, 1.11093766669e-23, 9.67905430549e-24, 1.12235145847e-23, 1.05239882327e-23],
        "stdev": [0.0162537079304, 0.00989290513098, 0.00184038816951, 0.000721608579624, 0.000478187052067, 0.000594312790781, 0.000451878207969, 0.000219382331125, 0.000225981333642, 0.000574690464418, 0.000873087323271, 0.000397491268814, 0.000326575041981, 0.000132035362185, 8.47291521495e-05, 9.29855013965e-05, 0.000152614884428, 0.000130096261273, 5.29855060449e-05, 4.11766559409e-05, 3.19526443491e-05, 2.91331216431e-05, 2.70520558843e-05, 2.98610229947e-05, 2.64489499386e-05, 1.26829654619e-05, 4.7850530791e-06, 7.09502728569e-06, 6.29001351626e-06, 4.30082445746e-06, 3.85274370274e-06, 3.29612339556e-06, 3.34744891006e-06, 2.15787531488e-06, 2.10669713852e-06, 1.61243963248e-06, 1.23890242776e-06, 1.18911270874e-06, 1.08619599359e-06, 1.17645788578e-06]
    },
    "melbands128": {
        "max": [0.0309266149998, 0.234387278557, 0.327294886112, 0.295254081488, 0.212822154164, 0.0949823558331, 0.0311077833176, 0.0253420639783, 0.0240332558751, 0.00927953235805, 0.00821607001126, 0.00546705909073, 0.0118828611448, 0.0101773394272, 0.00622707325965, 0.0184583552182, 0.0193205662072, 0.00370939285494, 0.00379162048921, 0.00556843914092, 0.0024677189067, 0.00309519749135, 0.006165206898, 0.00255674053915, 0.00352309597656, 0.00529738049954, 0.00860996823758, 0.00803373660892, 0.0109672825783, 0.00589904328808, 0.00199585175142, 0.00270729186013, 0.00550061976537, 0.00206103688106, 0.00125190848485, 0.00152485002764, 0.00118955329526, 0.00092197721824, 0.000967003637925, 0.00104634510353, 0.00123141042423, 0.000843900779728, 0.001467411872, 0.0018593595596, 0.00179089687299, 0.00178960384801, 0.00359426648356, 0.00037302885903, 0.000505660020281, 0.000420914962888, 0.00063968700124, 0.000295925827231, 0.000305673485855, 0.000415659276769, 0.000315022596624, 0.000296583166346, 0.0001576787472, 0.000471366511192, 0.000359779194696, 0.000271681958111, 0.000343160558259, 0.000425838021329, 0.000378853583243, 0.000193439031136, 0.000255913706496, 0.000132672867039, 8.73659737408e-05, 6.77651405567e-05, 4.41976299044e-05, 6.13692609477e-05, 0.000127271749079, 5.03452210978e-05, 8.28463817015e-05, 5.29056342202e-05, 8.99429505807e-05, 6.15059398115e-05, 7.15960850357e-05, 6.25062311883e-05, 3.39428297593e-05, 3.44486761605e-05, 4.86329590785e-05, 3.10307259497e-05, 3.10751674988e-05, 4.05281716667e-05, 2.98325394397e-05, 2.72993274848e-05, 1.93279993255e-05, 2.74511949101e-05, 3.47282839357e-05, 1.63445820363e-05, 1.41669070217e-05, 2.12710201595e-05, 1.19215965242e-05, 2.36945052166e-05, 9.69083794189e-06, 1.02920257632e-05, 1.58922175615e-05, 1.57154208864e-05, 1.67750331457e-05, 1.01807590909e-05, 2.24342438742e-05, 1.43104225572e-05, 2.10135640373e-05, 9.27392193262e-06, 1.18157804536e-05, 1.98279358301e-05, 2.14256979234e-05, 1.62270644068e-05, 1.05466460809e-05, 6.83958387526e-06, 3.50269010596e-06, 2.95667496175e-06, 2.26365568778e-06, 1.09859968234e-06, 9.07474827727e-07, 2.2631351726e-07, 3.19107655855e-08, 2.00056793354e-09, 5.52165368983e-10, 4.07229222565e-10, 1.82883808098e-09, 2.87598345139e-09, 2.16319406832e-09, 6.19794660039e-10, 4.98507957136e-10, 1.94530858089e-09, 2.60282795317e-09, 1.30739397086e-09],
        "mean": [0.000753396656364, 0.00361056393012, 0.00663913972676, 0.0054049459286, 0.00259457202628, 0.00108578556683, 0.000569445139263, 0.000388639484299, 0.000292838725727, 0.000250659679295, 0.000171701263753, 0.000143281955388, 0.000116706352856, 9.75349903456e-05, 0.000102390877146, 0.000130063999677, 0.000118769705296, 0.000100891942566, 6.77482967149e-05, 8.46754774102e-05, 9.35045463848e-05, 9.73149435595e-05, 0.000136715432745, 0.000198234120035, 0.000345742999343, 0.000530307064764, 0.000709092477337, 0.000652390939649, 0.000519096851349, 0.000323996326188, 0.000179082679097, 0.000197390909307, 0.000299894803902, 0.000252340920269, 0.000131465581944, 0.000138440009323, 0.000107863852463, 8.28685660963e-05, 9.46026630118e-05, 9.19411540963e-05, 9.94783185888e-05, 9.07697831281e-05, 0.000125023041619, 0.000147015831317, 9.48807864916e-05, 8.97893914953e-05, 8.41006331029e-05, 5.00187597936e-05, 5.79933148401e-05, 4.92667204526e-05, 4.81519964524e-05, 4.17217233917e-05, 3.63387298421e-05, 4.56782290712e-05, 5.39810571354e-05, 3.90366039937e-05, 2.3855616746e-05, 3.46465349139e-05, 2.90293210128e-05, 2.30147779803e-05, 2.68074563792e-05, 3.69614572264e-05, 2.81237480522e-05, 1.76820794877e-05, 1.96086621145e-05, 1.25650676637e-05, 6.76840636515e-06, 5.6018639043e-06, 5.01053136759e-06, 4.4927764975e-06, 5.24426195625e-06, 4.08730511481e-06, 4.30402542406e-06, 3.5750463212e-06, 3.17324474963e-06, 2.34646108765e-06, 2.17635351873e-06, 2.99291991723e-06, 2.59604667008e-06, 2.16336184167e-06, 1.98948032448e-06, 1.81969824098e-06, 1.56158364462e-06, 2.25416874855e-06, 1.57567376391e-06, 1.14468798529e-06, 1.00146655768e-06, 1.16109583814e-06, 9.80769186754e-07, 7.70403801198e-07, 7.26488053715e-07, 8.24617188755e-07, 6.03384421538e-07, 6.25623613359e-07, 4.87787644943e-07, 4.79225093386e-07, 5.53628694888e-07, 4.88599994242e-07, 3.93734552517e-07, 3.53841642209e-07, 4.19505113314e-07, 3.4432486018e-07, 3.40600735171e-07, 2.89628729888e-07, 2.75893626167e-07, 3.31444510948e-07, 3.24919426475e-07, 2.40319536715e-07, 1.60591895337e-07, 1.19666466958e-07, 7.82170133107e-08, 7.04939608909e-08, 7.33688594323e-08, 3.72377435554e-08, 2.06094838973e-08, 8.70093419536e-09, 5.75161140937e-10, 1.03466176599e-11, 7.21894375874e-12, 6.77308903407e-12, 9.18820748652e-12, 1.09777924598e-11, 9.56121206513e-12, 6.64342495946e-12, 6.27472466347e-12, 8.71277789499e-12, 9.78827088827e-12, 7.39835883529e-12],
        "min": [2.7427523005e-23, 4.54509625836e-23, 2.07316479756e-23, 7.13308856429e-24, 2.95644162463e-24, 8.12034956489e-24, 1.91676207905e-23, 5.1888805944e-23, 3.27761924244e-23, 3.33032856155e-24, 2.71036514271e-24, 9.27423061046e-24, 1.13163177593e-23, 2.62109409281e-24, 6.91515469517e-24, 7.72559094615e-24, 5.27962989076e-24, 7.21166778792e-24, 1.2611835625e-23, 1.80198581501e-23, 2.38317956025e-23, 1.25967944141e-23, 2.15939423648e-23, 3.49188766936e-24, 4.20400463585e-24, 1.47303428852e-23, 2.30815510163e-23, 1.44033395296e-23, 2.69608928469e-23, 2.19100657508e-23, 6.24999704065e-24, 9.59102216164e-24, 9.24532359145e-24, 1.70497864286e-23, 3.65765140581e-24, 4.06696095838e-24, 2.9541292761e-24, 2.29418145621e-24, 1.11226137529e-23, 1.18911488681e-23, 1.20536613143e-23, 2.55924179692e-23, 1.7183135476e-23, 1.77646790022e-23, 4.9345158665e-24, 2.31730079998e-24, 6.7343193767e-24, 1.42187397669e-23, 2.13227083197e-23, 9.14025757406e-24, 5.23376630659e-24, 1.45009926211e-23, 7.84204022639e-24, 1.34415461145e-23, 1.16012622069e-23, 4.1022108135e-24, 5.75401573485e-24, 3.53777491936e-24, 5.98685710292e-24, 1.37912828636e-23, 7.0716820537e-24, 1.16201238712e-23, 1.74894170334e-23, 2.49683359076e-23, 7.7032283172e-24, 8.7542545225e-24, 4.57291543818e-24, 1.27217460372e-23, 9.4414320459e-24, 8.16777509365e-24, 5.82382282521e-24, 1.07522987782e-23, 7.15113927952e-24, 3.90907991453e-24, 5.84170748522e-24, 9.1266789113e-24, 1.12838995204e-23, 8.87652954053e-24, 1.43455333802e-23, 5.86455605248e-24, 9.15663432645e-24, 7.54215790872e-24, 1.244963399e-23, 1.74571415783e-23, 6.88875783156e-24, 1.80473231314e-23, 1.30474280508e-23, 9.94812134963e-24, 1.17519575168e-23, 1.52548659674e-23, 1.35334547208e-23, 1.35405181814e-23, 1.03984749407e-23, 1.06374074982e-23, 1.14501519562e-23, 1.25596374878e-23, 9.34441162089e-24, 4.74734441724e-24, 1.36053136384e-23, 1.37839196359e-23, 6.92532153451e-24, 1.20310336281e-23, 1.04647526673e-23, 1.86849704451e-23, 1.36394997146e-23, 1.12371737113e-23, 1.55939467835e-23, 9.89827165131e-24, 9.39511328899e-24, 9.79588066125e-24, 7.88303732764e-24, 1.23069448294e-23, 9.69425881058e-24, 5.43082060527e-24, 1.03152027835e-23, 1.11224701802e-23, 7.88317380057e-24, 1.26993636867e-23, 8.6124465196e-24, 8.59264847746e-24, 1.19615973023e-23, 1.77378419542e-23, 1.21729646933e-23, 1.38915991495e-23, 7.48086341638e-24, 1.23426352634e-23, 1.01920387192e-23, 9.09817500021e-24],
        "stdev": [0.00278926594183, 0.0155303431675, 0.0246117543429, 0.0179276391864, 0.0104206483811, 0.00515963509679, 0.0024266759865, 0.00159108266234, 0.00126051029656, 0.000750308332499, 0.000546082272194, 0.000466632336611, 0.000574727717321, 0.00053349067457, 0.000409859232605, 0.00109374569729, 0.000897773948964, 0.000303639069898, 0.000255196471699, 0.000285988382529, 0.000213303093915, 0.000192882624106, 0.000311423267704, 0.000267598050414, 0.000490067643113, 0.000826405535918, 0.00128185539506, 0.00103986158501, 0.000918383593671, 0.000610193470493, 0.000257496576523, 0.000308881542878, 0.000547816336621, 0.000331394956447, 0.00016991540906, 0.000189131620573, 0.000143889585161, 0.000102002668427, 0.000117431445688, 0.000116564071504, 0.000124825106468, 0.000109239612357, 0.000192610867089, 0.000244612805545, 0.000174549350049, 0.00015304806584, 0.00019621384854, 4.74984262837e-05, 6.10922797932e-05, 5.41858898941e-05, 6.05001878284e-05, 4.08330633945e-05, 3.69263216271e-05, 5.02127913933e-05, 5.18589622516e-05, 4.20239121013e-05, 2.13806433749e-05, 4.36475529568e-05, 3.46537708538e-05, 2.71872231679e-05, 3.63515719073e-05, 5.51476805413e-05, 4.43322969659e-05, 2.60035685642e-05, 2.82021283056e-05, 1.69782470039e-05, 8.5890005721e-06, 7.83765517554e-06, 5.21074116477e-06, 5.93651702729e-06, 1.06040652099e-05, 6.40134248897e-06, 8.42954432301e-06, 6.86390694682e-06, 7.30270858185e-06, 4.41117390437e-06, 4.12485587731e-06, 5.83668179388e-06, 4.41323163614e-06, 3.42554949384e-06, 4.39084942627e-06, 3.32400986736e-06, 2.98527038467e-06, 4.79529853692e-06, 3.09353004013e-06, 2.41087968789e-06, 1.95521556634e-06, 3.02089279103e-06, 2.65339076577e-06, 1.69016948348e-06, 1.60152171702e-06, 2.12218969864e-06, 1.27110365611e-06, 1.63657102803e-06, 1.0903936527e-06, 1.06262280042e-06, 1.43746308368e-06, 1.38040184083e-06, 1.12854206691e-06, 9.43381053276e-07, 1.52880022597e-06, 1.14572253551e-06, 1.28636918362e-06, 8.59615795434e-07, 9.89864474832e-07, 1.55899624588e-06, 1.60269496519e-06, 1.14192209821e-06, 7.2237094173e-07, 5.48678769974e-07, 3.19971434237e-07, 2.63383640231e-07, 2.56275399124e-07, 1.2114824699e-07, 6.85226382302e-08, 2.26811920356e-08, 2.08845363225e-09, 8.65769608782e-11, 2.82649320615e-11, 2.31426613984e-11, 7.91358784058e-11, 1.23178217626e-10, 9.30631613438e-11, 2.98352280381e-11, 2.53148890739e-11, 8.38227404154e-11, 1.11530222557e-10, 5.71652412906e-11]
    },
    "mfcc": {
        "mean": [-640.496520996, 102.3099823, -63.5677261353, -9.14689540863, -13.413192749, -2.41830849648, -4.40699958801, 12.0938301086, 1.87181508541, 2.11998152733, -1.5560104847, -4.77249765396, -9.15261554718],
        "cov": [[3019.82348633, 544.410888672, 1065.24865723, 700.087280273, 596.446350098, 346.385772705, 396.651306152, 213.904281616, 273.178955078, 126.687568665, 261.273101807, 183.818313599, 187.556549072], [544.410888672, 876.14239502, 854.1875, 629.267333984, 545.503601074, 271.942352295, 265.329681396, 121.002761841, 115.894165039, 45.093044281, 117.237869263, 142.515151978, 160.332351685], [1065.24865723, 854.1875, 2158.11328125, 1394.80432129, 1337.15637207, 752.022827148, 520.97052002, 238.13520813, 290.691101074, 143.399017334, 248.680526733, 353.998474121, 346.100311279], [700.087280273, 629.267333984, 1394.80432129, 1178.71728516, 946.921081543, 572.588745117, 324.753723145, 175.272583008, 176.367660522, 126.758750916, 169.370925903, 259.5809021, 220.071594238], [596.446350098, 545.503601074, 1337.15637207, 946.921081543, 946.489562988, 492.856628418, 332.752227783, 170.601165771, 196.004089355, 103.092880249, 162.33430481, 226.687316895, 200.15322876], [346.385772705, 271.942352295, 752.022827148, 572.588745117, 492.856628418, 396.173217773, 183.957260132, 97.0704498291, 107.382354736, 76.5149307251, 98.6279373169, 139.280685425, 144.343978882], [396.651306152, 265.329681396, 520.97052002, 324.753723145, 332.752227783, 183.957260132, 250.062240601, 97.1827087402, 109.996185303, 46.5361633301, 85.3644943237, 101.273551941, 90.3514251709], [213.904281616, 121.002761841, 238.13520813, 175.272583008, 170.601165771, 97.0704498291, 97.1827087402, 108.71925354, 65.4896774292, 27.7502841949, 57.0587425232, 41.7979164124, 44.2164802551], [273.178955078, 115.894165039, 290.691101074, 176.367660522, 196.004089355, 107.382354736, 109.996185303, 65.4896774292, 120.967323303, 43.2529830933, 60.1828308105, 56.3262214661, 47.4330596924], [126.687568665, 45.093044281, 143.399017334, 126.758750916, 103.092880249, 76.5149307251, 46.5361633301, 27.7502841949, 43.2529830933, 66.5536117554, 40.4169998169, 37.0366172791, 22.9473953247], [261.273101807, 117.237869263, 248.680526733, 169.370925903, 162.33430481, 98.6279373169, 85.3644943237, 57.0587425232, 60.1828308105, 40.4169998169, 102.252655029, 40.8624343872, 58.2172966003], [183.818313599, 142.515151978, 353.998474121, 259.5809021, 226.687316895, 139.280685425, 101.273551941, 41.7979164124, 56.3262214661, 37.0366172791, 40.8624343872, 117.025405884, 57.7275123596], [187.556549072, 160.332351685, 346.100311279, 220.071594238, 200.15322876, 144.343978882, 90.3514251709, 44.2164802551, 47.4330596924, 22.9473953247, 58.2172966003, 57.7275123596, 114.582389832]],
        "icov": [[0.000510141602717, -3.03244923998e-05, -0.000317313708365, -0.000275732716545, 0.000615733559243, 0.000200593858608, -0.000297420687275, -0.000105405270006, -0.000575516372919, 1.64272569236e-05, -0.000722130062059, 9.86797822407e-05, 0.000194513602764], [-3.03244923998e-05, 0.00233192997985, -0.000186258985195, -0.0012837483082, 9.32718976401e-05, 0.00130982801784, -0.00128726428375, -6.91699824529e-05, 0.000161284973728, 0.000827809853945, -0.00014365001698, 0.000371129077394, -0.00130293157417], [-0.000317313708365, -0.000186258985195, 0.00569239538163, -0.000708577688783, -0.00544577231631, -0.000814998638816, -0.00132676144131, 0.00181053334381, -0.000586310168728, 0.00165677710902, 0.000219624795136, -0.00141938833985, -0.00365180382505], [-0.000275732716545, -0.0012837483082, -0.000708577688783, 0.00717142038047, -0.00386741291732, -0.00365915102884, 0.00186740071513, -0.00128410116304, 0.00298717222176, -0.00251484150067, 0.000299415347399, -0.00250527984463, 0.0013795614941], [0.000615733559243, 9.32718976401e-05, -0.00544577231631, -0.00386741291732, 0.0127167310566, -0.000357836397598, -0.00080858822912, -0.00165102793835, -0.00284316763282, 0.000716359587386, -0.00121154927183, 0.000923898362089, 0.00343411136419], [0.000200593858608, 0.00130982801784, -0.000814998638816, -0.00365915102884, -0.000357836397598, 0.0118526788428, -0.000602976884693, -0.000615337688942, -0.000417914765421, -0.00303726340644, 0.000861547363456, -0.000289862364298, -0.0057752369903], [-0.000297420687275, -0.00128726428375, -0.00132676144131, 0.00186740071513, -0.00080858822912, -0.000602976884693, 0.0118373734877, -0.00359374587424, -0.00272782170214, -0.000103764796222, -0.000765224511269, -0.00319904368371, 8.42458684929e-05], [-0.000105405270006, -6.91699824529e-05, 0.00181053334381, -0.00128410116304, -0.00165102793835, -0.000615337688942, -0.00359374587424, 0.0179742518812, -0.00455620558932, 0.00190222391393, -0.00425345310941, 0.00143251975533, -0.000231790807447], [-0.000575516372919, 0.000161284973728, -0.000586310168728, 0.00298717222176, -0.00284316763282, -0.000417914765421, -0.00272782170214, -0.00455620558932, 0.0197543296963, -0.00602653529495, -0.00154618499801, -0.00159246393014, 0.000769370410126], [1.64272569236e-05, 0.000827809853945, 0.00165677710902, -0.00251484150067, 0.000716359587386, -0.00303726340644, -0.000103764796222, 0.00190222391393, -0.00602653529495, 0.0264935772866, -0.00747408205643, -0.0032847081311, 0.00320433429442], [-0.000722130062059, -0.00014365001698, 0.000219624795136, 0.000299415347399, -0.00121154927183, 0.000861547363456, -0.000765224511269, -0.00425345310941, -0.00154618499801, -0.00747408205643, 0.0215342249721, 0.00230191857554, -0.00654360838234], [9.86797822407e-05, 0.000371129077394, -0.00141938833985, -0.00250527984463, 0.000923898362089, -0.000289862364298, -0.00319904368371, 0.00143251975533, -0.00159246393014, -0.0032847081311, 0.00230191857554, 0.0199902858585, -0.000784540956374], [0.000194513602764, -0.00130293157417, -0.00365180382505, 0.0013795614941, 0.00343411136419, -0.0057752369903, 8.42458684929e-05, -0.000231790807447, 0.000769370410126, 0.00320433429442, -0.00654360838234, -0.000784540956374, 0.022672187537]]
    },
    "spectral_contrast_coeffs": {
        "max": [-0.495928436518, -0.507927656174, -0.611852526665, -0.705394864082, -0.654531955719, -0.596545040607],
        "mean": [-0.732479810715, -0.786430835724, -0.76697152853, -0.812279105186, -0.766941130161, -0.730235099792],
        "min": [-0.952980697155, -0.951926469803, -0.977431535721, -0.953339934349, -0.96171271801, -0.956305265427],
        "stdev": [0.074731528759, 0.0665345042944, 0.051652289927, 0.0285019092262, 0.0343831814826, 0.0438319630921]
    },
    "spectral_contrast_valleys": {
        "max": [-4.57940816879, -4.38260316849, -5.14581298828, -5.5710849762, -5.83654594421, -8.15086936951],
        "mean": [-8.17195606232, -6.7755818367, -6.45955657959, -6.67443418503, -7.26781606674, -10.700006485],
        "min": [-27.475025177, -27.2835941315, -27.2303085327, -27.4471931458, -27.0971794128, -27.3586959839],
        "stdev": [2.10766220093, 1.06524443626, 1.08657085896, 0.979968130589, 0.961394846439, 1.05275070667]
    }
},
"rhythm": {
    "beats_count": 27,
    "beats_loudness": {
        "max": 0.731769442558,
        "mean": 0.0672261491418,
        "min": 0.00542493024841,
        "stdev": 0.134615182877
    },
    "bpm": 134.670730591,
    "bpm_histogram_first_peak_bpm": 136,
    "bpm_histogram_first_peak_weight": 0.380952358246,
    "bpm_histogram_second_peak_bpm": 123,
    "bpm_histogram_second_peak_spread": 0.400000035763,
    "bpm_histogram_second_peak_weight": 0.115384615958,
    "danceability": 1.14737653732,
    "onset_rate": 1.25398087502,
    "beats_loudness_band_ratio": {
        "max": [0.954816997051, 0.435040652752, 0.532237112522, 0.712023139, 0.459257543087, 0.0846379548311],
        "mean": [0.363006711006, 0.0347365662456, 0.207650214434, 0.257008671761, 0.143835991621, 0.0304859969765],
        "min": [6.63095779601e-05, 0.00122959865257, 0.00969291385263, 0.0118923150003, 0.0109761720523, 0.00486298603937],
        "stdev": [0.386812418699, 0.0808682367206, 0.17498010397, 0.228839814663, 0.112871728837, 0.0231394544244]
    },
    "beats_position": [0.487619042397, 0.986848056316, 1.47446703911, 1.97369611263, 2.46131515503, 2.94893407822, 3.39011335373, 3.83129239082, 4.27247142792, 4.71365070343, 5.16644001007, 5.60761880875, 6.04879808426, 6.5015873909, 6.94276618958, 7.38394546509, 7.8251247406, 8.27791404724, 8.73070240021, 9.17188167572, 9.62467098236, 10.077460289, 10.5186395645, 10.9714279175, 11.4242172241, 11.8653964996, 12.3065757751],
