{
"metadata": {
    "version": {
        "essentia": "2.1-beta5",
        "essentia_git_sha": "Undefined",
        "extractor": "music 2.0"
    },
    "audio_properties": {
        "analysis": {
            "equal_loudness": 0,
            "length": 34.8995933533,
            "sample_rate": 44100,
            "start_time": 158.998641968,
            "downmix": "mix"
        },
        "bit_rate": 192000,
        "length": 193.921463013,
        "lossless": 0,
        "number_channels": 2,
        "replay_gain": -8.38598823547,
        "sample_rate": 48000,
        "codec": "mp3",
        "md5_encoded": "6ba159864dfab2e9611c7dedf729a94c"
    },
    "tags": {
        "file_name": "Netherlands_Without You_Re-union.mp3",
        "encoding": ["Lavf58.29.100"]
    }
},
"lowlevel": {
    "average_loudness": 0.77663397789,
    "barkbands_crest": {
        "max": 22.7591495514,
        "mean": 9.59218025208,
        "min": 3.0948600769,
        "stdev": 3.63813018799
    },
    "barkbands_flatness_db": {
        "max": 0.264596790075,
        "mean": 0.141916289926,
        "min": 0.0471286587417,
        "stdev": 0.0395622104406
    },
    "barkbands_kurtosis": {
        "max": 34.2322158813,
        "mean": 3.26650094986,
        "min": -1.64265346527,
        "stdev": 4.47641801834
    },
    "barkbands_skewness": {
        "max": 4.73359537125,
        "mean": 1.26227116585,
        "min": -0.821835696697,
        "stdev": 0.81468719244
    },
    "barkbands_spread": {
        "max": 75.7042541504,
        "mean": 16.572259903,
        "min": 2.57845067978,
        "stdev": 9.8052854538
    },
    "dissonance": {
        "max": 0.499999940395,
        "mean": 0.457953184843,
        "min": 0.277970254421,
        "stdev": 0.0334284491837
    },
    "dynamic_complexity": 3.23712444305,
    "erbbands_crest": {
        "max": 30.154958725,
        "mean": 12.1075620651,
        "min": 2.91702818871,
        "stdev": 5.96359682083
    },
    "erbbands_flatness_db": {
        "max": 0.337689399719,
        "mean": 0.187425881624,
        "min": 0.061367072165,
        "stdev": 0.0547742918134
    },
    "erbbands_kurtosis": {
        "max": 27.3425540924,
        "mean": 1.48290133476,
        "min": -1.39925909042,
        "stdev": 2.83063149452
    },
    "erbbands_skewness": {
        "max": 4.63160228729,
        "mean": 0.870624065399,
        "min": -1.61631262302,
        "stdev": 0.837383389473
    },
    "erbbands_spread": {
        "max": 86.87550354,
        "mean": 25.7746448517,
        "min": 6.34671163559,
        "stdev": 12.1786909103
    },
    "hfc": {
        "max": 202.353546143,
        "mean": 19.2273139954,
        "min": 0.00743187125772,
        "stdev": 22.1303081512
    },
    "loudness_ebu128": {
        "integrated": -15.9591312408,
        "loudness_range": 4.53037548065,
        "momentary": {
            "max": -10.0121765137,
            "mean": -17.0315361023,
            "min": -31.0759525299,
            "stdev": 3.21479010582
        },
        "short_term": {
            "max": -12.7221031189,
            "mean": -16.2697200775,
            "min": -23.5781002045,
            "stdev": 1.98471820354
        }
    },
    "melbands_crest": {
        "max": 29.7941055298,
        "mean": 12.4377479553,
        "min": 3.93763399124,
        "stdev": 5.08844709396
    },
    "melbands_flatness_db": {
        "max": 0.305898249149,
        "mean": 0.179298192263,
        "min": 0.054743103683,
        "stdev": 0.0406192615628
    },
    "melbands_kurtosis": {
        "max": 55.4425048828,
        "mean": 6.47671985626,
        "min": -1.33589410782,
        "stdev": 6.74740839005
    },
    "melbands_skewness": {
        "max": 5.68480491638,
        "mean": 1.59805130959,
        "min": -0.535444796085,
        "stdev": 0.860301673412
    },
    "melbands_spread": {
        "max": 135.615020752,
        "mean": 20.2502574921,
        "min": 2.67159342766,
        "stdev": 11.5597906113
    },
    "pitch_salience": {
        "max": 0.830932021141,
        "mean": 0.581744134426,
        "min": 0.188464999199,
        "stdev": 0.118579141796
    },
    "silence_rate_20dB": {
        "max": 1,
        "mean": 1,
        "min": 1,
        "stdev": 0
    },
    "silence_rate_30dB": {
        "max": 1,
        "mean": 0.99734044075,
        "min": 0,
        "stdev": 0.0515025258064
    },
    "silence_rate_60dB": {
        "max": 1,
        "mean": 0.0445478707552,
        "min": 0,
        "stdev": 0.206308856606
    },
    "spectral_centroid": {
        "max": 2790.52758789,
        "mean": 1222.45922852,
        "min": 462.263122559,
        "stdev": 470.842407227
    },
    "spectral_complexity": {
        "max": 42,
        "mean": 17.0944156647,
        "min": 0,
        "stdev": 7.07880067825
    },
    "spectral_decrease": {
        "max": -8.58933746611e-13,
        "mean": -4.86744733408e-09,
        "min": -3.76709863303e-08,
        "stdev": 4.19919299333e-09
    },
    "spectral_energy": {
        "max": 0.160533264279,
        "mean": 0.0201148483902,
        "min": 3.91591538573e-06,
        "stdev": 0.0176311247051
    },
    "spectral_energyband_high": {
        "max": 0.00718981167302,
        "mean": 0.000430451182183,
        "min": 7.18068662309e-08,
        "stdev": 0.000675279006828
    },
    "spectral_energyband_low": {
        "max": 0.0139809502289,
        "mean": 0.00160500768106,
        "min": 1.69282987628e-09,
        "stdev": 0.00161392963491
    },
    "spectral_energyband_middle_high": {
        "max": 0.14597928524,
        "mean": 0.00698652816936,
        "min": 3.4659733501e-06,
        "stdev": 0.0125487633049
    },
    "spectral_energyband_middle_low": {
        "max": 0.0717293843627,
        "mean": 0.0113779203966,
        "min": 4.17635732219e-07,
        "stdev": 0.0104609970003
    },
    "spectral_entropy": {
        "max": 8.7380657196,
        "mean": 7.54033184052,
        "min": 6.27888727188,
        "stdev": 0.327208429575
    },
    "spectral_flux": {
        "max": 0.288631737232,
        "mean": 0.0678502768278,
        "min": 0.00298176961951,
        "stdev": 0.0363683477044
    },
    "spectral_kurtosis": {
        "max": 19.847858429,
        "mean": 5.62910509109,
        "min": -0.750543832779,
        "stdev": 2.53343153
    },
    "spectral_rms": {
        "max": 0.0125147039071,
        "mean": 0.00407897401601,
        "min": 6.18094272795e-05,
        "stdev": 0.00172807578929
    },
    "spectral_rolloff": {
        "max": 10788.1347656,
        "mean": 1436.20739746,
        "min": 344.53125,
        "stdev": 965.990722656
    },
    "spectral_skewness": {
        "max": 3.02835583687,
        "mean": 1.89170372486,
        "min": 0.672091007233,
        "stdev": 0.313419699669
    },
    "spectral_spread": {
        "max": 13781492,
        "mean": 4604261,
        "min": 1934025.5,
        "stdev": 1511187.375
    },
    "spectral_strongpeak": {
        "max": 11.1726331711,
        "mean": 1.56876206398,
        "min": 0.0211673881859,
        "stdev": 1.49567437172
    },
    "zerocrossingrate": {
        "max": 0.3212890625,
        "mean": 0.0623431913555,
        "min": 0.02001953125,
        "stdev": 0.0262742526829
    },
    "barkbands": {
        "max": [0.000667569169309, 0.00867456570268, 0.00633915001526, 0.00421550730243, 0.0083770044148, 0.0240750927478, 0.0362692847848, 0.0351952575147, 0.064898647368, 0.0958940386772, 0.0648193135858, 0.0251198541373, 0.04370835796, 0.0338363386691, 0.0356083959341, 0.00857918523252, 0.0100476928055, 0.011328891851, 0.00140626728535, 0.00145266589243, 0.000980934477411, 0.000973666203208, 0.00178187096026, 0.00223711482249, 0.00369618250988, 0.00121237442363, 1.35111838517e-06],
        "mean": [5.59256441193e-05, 0.0010371056851, 0.000407961546443, 0.000261054461589, 0.00106631452218, 0.00190828402992, 0.00403960235417, 0.00178765121382, 0.00190620007925, 0.00164040015079, 0.00116571469698, 0.000643731735181, 0.00103024626151, 0.000768337689806, 0.000757389410865, 0.000341757171554, 0.000345310487319, 0.000348039990058, 0.000127721126773, 7.18676528777e-05, 4.81466231577e-05, 7.1193840995e-05, 7.26791331545e-05, 7.78773683123e-05, 9.17350917007e-05, 4.25780453952e-05, 2.6050562596e-08],
        "min": [1.01487027115e-10, 9.39656061294e-11, 6.71036781696e-10, 1.92057328374e-10, 7.46579864597e-09, 3.57401352957e-09, 1.69561786834e-08, 7.22125577113e-08, 2.22620727186e-07, 5.1611169738e-07, 2.54934633404e-07, 1.58190957222e-07, 1.3082981809e-07, 2.37290592509e-07, 1.51194271325e-07, 2.6227513672e-07, 1.66277231983e-06, 8.13657550225e-08, 3.88696648201e-08, 4.14910878987e-08, 2.33954882134e-08, 1.19063940929e-08, 7.41364125645e-09, 3.3575848768e-09, 2.82860734835e-09, 5.44875533581e-10, 2.56880610533e-11],
        "stdev": [8.45971444505e-05, 0.00116351514589, 0.000553395482711, 0.000393270049244, 0.00124301027972, 0.00251175928861, 0.00580104580149, 0.00310088158585, 0.00486907130107, 0.00578811578453, 0.00373764755204, 0.00161179457791, 0.00319869932719, 0.0017096020747, 0.00220029032789, 0.000595686316956, 0.000639862497337, 0.000856560829561, 0.000151047861436, 0.000110565393697, 7.0979782322e-05, 0.000108993379399, 0.000135696594953, 0.000165668330737, 0.000232885868172, 8.34261882119e-05, 9.034314985e-08]
    },
    "erbbands": {
        "max": [0.205036684871, 2.10868954659, 6.70737028122, 7.11042356491, 40.1368484497, 39.9672164917, 141.504272461, 222.970581055, 375.506744385, 1070.73681641, 947.929748535, 1915.44226074, 1501.71606445, 4244.02685547, 709.838134766, 1245.87121582, 2215.43554688, 675.933044434, 1665.38964844, 680.760192871, 419.825653076, 540.669616699, 749.077331543, 270.929290771, 48.5951805115, 64.4990463257, 48.5690231323, 21.805398941, 29.0275669098, 61.0817909241, 47.1733474731, 72.29712677, 36.7893295288, 48.3051986694, 28.4634189606, 7.36607217789, 2.13165402412, 0.121267095208, 0.0026372235734, 0.000233622893575],
        "mean": [0.0291315056384, 0.228556513786, 0.513802707195, 0.656455993652, 1.44498860836, 4.50420427322, 8.98028469086, 17.6924629211, 27.7631855011, 95.9384384155, 29.4525814056, 41.5377616882, 46.0049247742, 64.5178756714, 33.194152832, 28.4734363556, 48.4630317688, 40.0841445923, 42.1305885315, 30.000705719, 18.6272354126, 19.3383140564, 19.576374054, 10.7018079758, 5.32451295853, 3.57340025902, 2.05756998062, 1.91079759598, 2.43706417084, 2.41369843483, 2.00665712357, 1.9217851162, 1.12427330017, 1.01257765293, 0.653325974941, 0.243639141321, 0.0691778287292, 0.00577961700037, 0.000125648002722, 3.07142399834e-05],
        "min": [4.46487957717e-09, 3.89262986289e-08, 5.33134709713e-07, 8.2039565541e-07, 2.81577058558e-06, 2.81045158772e-05, 4.53768407169e-05, 1.75830955413e-05, 6.84146871208e-05, 0.00094094465021, 0.00207448704168, 0.00476528378204, 0.00794478971511, 0.0262532290071, 0.00382378930226, 0.00708772987127, 0.00612075114623, 0.00723721878603, 0.010660327971, 0.0104783577845, 0.041113935411, 0.0785616859794, 0.00626575900242, 0.00419438723475, 0.0016624960117, 0.00223855138756, 0.00120418856386, 0.000700796372257, 0.000446881196694, 0.000326284702169, 0.000205107484362, 9.02067622519e-05, 4.96090433444e-05, 3.89444467146e-05, 1.51929534695e-05, 3.62624041372e-06, 1.32490617943e-06, 1.18507507807e-07, 2.01400389699e-08, 2.71291415999e-08],
        "stdev": [0.033424295485, 0.274270683527, 0.646418273449, 0.816363692284, 2.22770833969, 5.48366069794, 12.0516242981, 23.6831455231, 38.3139381409, 163.8671875, 64.9151992798, 118.043083191, 118.006408691, 242.861572266, 71.8547973633, 68.4665298462, 160.067749023, 62.2062339783, 124.978805542, 61.908405304, 30.9248600006, 33.0628814697, 49.1046104431, 18.7658233643, 5.76168012619, 5.23096084595, 3.27784585953, 2.35577511787, 3.63475346565, 4.43962287903, 3.6967716217, 4.34946250916, 2.41389942169, 2.75762295723, 1.60781359673, 0.48935046792, 0.142799407244, 0.0110744275153, 0.000221965863602, 2.92377608275e-05]
    },
    "gfcc": {
        "mean": [-13.8853282928, 72.7111968994, -138.634384155, 5.30804204941, -66.9461517334, 14.0448942184, -50.2465553284, 16.5552749634, -20.7426624298, 9.71644878387, -12.5335330963, 5.97919988632, -14.1593017578],
        "cov": [[4132.17480469, 308.980804443, 1910.73352051, 405.761016846, 100.661262512, 252.640197754, -229.299041748, 136.425598145, -14.9967288971, 395.057647705, 35.5006408691, 284.690155029, -154.523101807], [308.980804443, 1181.62280273, 1004.98852539, 429.489227295, 185.996490479, -88.1483459473, -47.3486213684, -74.8393859863, 38.1665458679, 162.388244629, 168.442901611, 43.4321784973, -8.52216911316], [1910.73352051, 1004.98852539, 2410.40942383, 844.283874512, 270.575958252, 103.078208923, -260.807250977, 76.2098846436, 78.2194900513, 497.915344238, 168.346237183, 216.256637573, -158.651016235], [405.761016846, 429.489227295, 844.283874512, 531.847290039, 190.505844116, 19.3912944794, -115.700653076, 16.1495552063, 55.9193649292, 165.206741333, 53.0728302002, 38.3387756348, -28.7149066925], [100.661262512, 185.996490479, 270.575958252, 190.505844116, 199.280380249, 73.7434158325, -32.5037307739, 19.9489154816, 21.1282920837, 34.6430740356, -22.5539360046, 0.132258027792, 6.155128479], [252.640197754, -88.1483459473, 103.078208923, 19.3912944794, 73.7434158325, 177.636947632, 41.2706031799, 55.1339111328, -1.99036598206, -5.37326622009, -44.436252594, 4.66523981094, -16.2523174286], [-229.299041748, -47.3486213684, -260.807250977, -115.700653076, -32.5037307739, 41.2706031799, 170.217147827, 33.1433830261, -30.3972625732, -72.7762451172, -9.61028671265, -30.4293441772, -4.72827100754], [136.425598145, -74.8393859863, 76.2098846436, 16.1495552063, 19.9489154816, 55.1339111328, 33.1433830261, 112.747703552, 46.8419532776, 24.5534038544, -19.5236797333, -7.23710727692, -20.4633655548], [-14.9967288971, 38.1665458679, 78.2194900513, 55.9193649292, 21.1282920837, -1.99036598206, -30.3972625732, 46.8419532776, 125.252471924, 79.2015609741, 10.691327095, -22.5681610107, -15.6499738693], [395.057647705, 162.388244629, 497.915344238, 165.206741333, 34.6430740356, -5.37326622009, -72.7762451172, 24.5534038544, 79.2015609741, 218.568939209, 89.5588684082, 43.8482513428, -64.4273300171], [35.5006408691, 168.442901611, 168.346237183, 53.0728302002, -22.5539360046, -44.436252594, -9.61028671265, -19.5236797333, 10.691327095, 89.5588684082, 132.22984314, 51.7853317261, -12.1058712006], [284.690155029, 43.4321784973, 216.256637573, 38.3387756348, 0.132258027792, 4.66523981094, -30.4293441772, -7.23710727692, -22.5681610107, 43.8482513428, 51.7853317261, 106.39315033, 18.5065631866], [-154.523101807, -8.52216911316, -158.651016235, -28.7149066925, 6.155128479, -16.2523174286, -4.72827100754, -20.4633655548, -15.6499738693, -64.4273300171, -12.1058712006, 18.5065631866, 90.2592926025]],
        "icov": [[0.000563989160582, -0.00032453602762, -8.95682387636e-05, 0.00010061798821, 0.000730950094294, -0.000839983462356, 0.000727443082724, -0.000732837535907, 0.000794689753093, -0.000876691308804, 0.00112460006494, -0.00111904228106, 0.000372627429897], [-0.00032453602762, 0.00619690027088, -0.00535063631833, 0.00255237868987, -0.00606511207297, 0.00568047864363, -0.00634360918775, 0.00704974820837, -0.00587322469801, 0.00719710951671, -0.00820063706487, 0.00725088547915, -0.00432864204049], [-8.95682387636e-05, -0.00535063631833, 0.00706882355735, -0.00479847798124, 0.00506921531633, -0.00512847211212, 0.00602309592068, -0.00671163527295, 0.00629525026307, -0.00851237680763, 0.00742924399674, -0.00846164021641, 0.00551143148914], [0.00010061798821, 0.00255237868987, -0.00479847798124, 0.00795265473425, -0.00625971285626, 0.00355259585194, -0.00199581123888, 0.00305228750221, -0.00333715416491, 0.00399092352018, -0.00490056583658, 0.00568772433326, -0.00339046679437], [0.000730950094294, -0.00606511207297, 0.00506921531633, -0.00625971285626, 0.0169231258333, -0.0102539630607, 0.00683985976502, -0.00658769998699, 0.00623078178614, -0.00848862156272, 0.0102202435955, -0.00593189895153, 0.00107009208295], [-0.000839983462356, 0.00568047864363, -0.00512847211212, 0.00355259585194, -0.0102539630607, 0.0158975850791, -0.00903457030654, 0.00429165130481, -0.00569060491398, 0.0073360837996, -0.00482461880893, 0.00457236543298, -0.00205917167477], [0.000727443082724, -0.00634360918775, 0.00602309592068, -0.00199581123888, 0.00683985976502, -0.00903457030654, 0.0179873909801, -0.0123441591859, 0.00936612579972, -0.00469832448289, 0.00368120684288, -0.00518292700872, 0.00647557666525], [-0.000732837535907, 0.00704974820837, -0.00671163527295, 0.00305228750221, -0.00658769998699, 0.00429165130481, -0.0123441591859, 0.0240137893707, -0.014523296617, 0.00876476336271, -0.00616183178499, 0.00651909923181, -0.00382041907869], [0.000794689753093, -0.00587322469801, 0.00629525026307, -0.00333715416491, 0.00623078178614, -0.00569060491398, 0.00936612579972, -0.014523296617, 0.0238494481891, -0.0171558968723, 0.00849672686309, -0.00137277715839, -0.000131613385747], [-0.000876691308804, 0.00719710951671, -0.00851237680763, 0.00399092352018, -0.00848862156272, 0.0073360837996, -0.00469832448289, 0.00876476336271, -0.0171558968723, 0.0297421161085, -0.0188743975013, 0.00690599298105, 0.00343460217118], [0.00112460006494, -0.00820063706487, 0.00742924399674, -0.00490056583658, 0.0102202435955, -0.00482461880893, 0.00368120684288, -0.00616183178499, 0.00849672686309, -0.0188743975013, 0.0292485225946, -0.0177665483207, 0.00544704124331], [-0.00111904228106, 0.00725088547915, -0.00846164021641, 0.00568772433326, -0.00593189895153, 0.00457236543298, -0.00518292700872, 0.00651909923181, -0.00137277715839, 0.00690599298105, -0.0177665483207, 0.0316517837346, -0.0160418376327], [0.000372627429897, -0.00432864204049, 0.00551143148914, -0.00339046679437, 0.00107009208295, -0.00205917167477, 0.00647557666525, -0.00382041907869, -0.000131613385747, 0.00343460217118, 0.00544704124331, -0.0160418376327, 0.0253952480853]]
    },
    "melbands": {
        "max": [0.00204270216636, 0.00317320367321, 0.0022626654245, 0.00203938991763, 0.00409948453307, 0.00514168245718, 0.0055691730231, 0.0100103197619, 0.00809890776873, 0.0118527319282, 0.00775980576873, 0.017802124843, 0.00471917167306, 0.00310302036814, 0.00456470809877, 0.00388191617094, 0.00137968768831, 0.00319239730015, 0.00240104971454, 0.000912684947252, 0.000608366739471, 0.000293969991617, 0.00160792423412, 0.000609305105172, 0.000209161647945, 4.64648801426e-05, 7.84002695582e-05, 3.83931401302e-05, 3.69265690097e-05, 2.21822465392e-05, 1.07651230792e-05, 1.71827832673e-05, 2.27701475524e-05, 3.97367439291e-05, 2.38943521254e-05, 3.75923482352e-05, 4.87063371111e-05, 2.19889607251e-05, 3.71331188944e-05, 4.85176387883e-05],
        "mean": [0.000272201461485, 0.000280327134533, 0.000136621907586, 0.00020134614897, 0.000305655965349, 0.000393037305912, 0.000509985606186, 0.000917597441003, 0.000213461447856, 0.000267456372967, 0.00022601679666, 0.000261384207988, 0.000135050722747, 7.12000983185e-05, 9.19676967897e-05, 0.000103250960819, 6.86758721713e-05, 6.65503612254e-05, 5.47880408703e-05, 2.6544157663e-05, 2.11354326893e-05, 1.87777804967e-05, 2.20450074266e-05, 1.53293603944e-05, 7.91305865278e-06, 4.59926422991e-06, 3.0644700928e-06, 2.06860681828e-06, 1.23714187339e-06, 1.13890894227e-06, 1.10897315153e-06, 1.36550806928e-06, 1.41594921388e-06, 1.29201521304e-06, 1.08467361315e-06, 1.25688825392e-06, 1.15773502785e-06, 7.9311070067e-07, 7.13254223683e-07, 9.09382492864e-07],
        "min": [4.35008799815e-11, 2.11828582453e-10, 1.91966040286e-10, 9.67026125842e-10, 1.7733461366e-09, 4.36722491504e-10, 1.56472879098e-09, 1.24176224858e-08, 1.98450074151e-08, 3.09356025241e-08, 3.59293252927e-08, 1.05328034294e-07, 1.9283410424e-08, 1.18699707841e-08, 2.11851300946e-08, 1.15800835587e-08, 1.53176014095e-08, 2.03317576108e-08, 1.41264644427e-08, 1.41689318056e-08, 6.39483275222e-08, 1.13339538643e-07, 7.0433379129e-09, 3.67915586885e-09, 3.29850036174e-09, 1.43816103471e-09, 1.19256782227e-09, 1.4964034456e-09, 6.73080535751e-10, 6.99636959478e-10, 2.80024115007e-10, 2.5497642886e-10, 2.26888730026e-10, 1.56784654703e-10, 1.31423774641e-10, 7.32655533464e-11, 4.53694998237e-11, 3.12728107299e-11, 3.72925371139e-11, 3.28393909288e-11],
        "stdev": [0.000301484600641, 0.000326309615048, 0.000168114696862, 0.000249930570135, 0.00036583293695, 0.000514080456924, 0.000661620637402, 0.00155854760669, 0.000595798483118, 0.000749768980313, 0.000610960123595, 0.00100407202262, 0.000340778264217, 0.000187420344446, 0.000280526321148, 0.00028853683034, 0.000115393697342, 0.000209927966353, 0.000153632674483, 5.23588241776e-05, 3.83259939554e-05, 2.74471949524e-05, 7.13827030268e-05, 3.72933791368e-05, 1.36579810714e-05, 5.57287648917e-06, 4.55507597508e-06, 3.12580777972e-06, 2.09464519685e-06, 1.86858198958e-06, 1.34149127007e-06, 2.07618450077e-06, 2.39461473939e-06, 2.54176120507e-06, 1.91673939298e-06, 2.68537678494e-06, 2.76809782918e-06, 1.67292466813e-06, 1.85954866083e-06, 2.55994268628e-06]
    },
    "melbands128": {
        "max": [0.000618487596512, 0.00170790473931, 0.00272085447796, 0.00392595632002, 0.00357547076419, 0.0030210246332, 0.00163860502653, 0.00296616624109, 0.00520456023514, 0.00282042007893, 0.0028133795131, 0.00295877736062, 0.00606280099601, 0.00579864531755, 0.00523880450055, 0.0115856844932, 0.00640681013465, 0.00865974556655, 0.0101075517014, 0.0210678689182, 0.00618653325364, 0.00579233840108, 0.0156728886068, 0.0185544788837, 0.02082025446, 0.0124948918819, 0.0106621161103, 0.0141411228105, 0.0170300956815, 0.0231917090714, 0.0265330448747, 0.0150854708627, 0.00537211168557, 0.00401726923883, 0.00521203223616, 0.006033224985, 0.00449375761673, 0.0066809146665, 0.0093214083463, 0.0117646912113, 0.00349460844882, 0.00283773103729, 0.00182080140803, 0.00237509747967, 0.00722489040345, 0.00430233031511, 0.00759624922648, 0.00380581337959, 0.00194526161067, 0.00246082409285, 0.00205118232407, 0.000631649221759, 0.000928521156311, 0.000664611230604, 0.000638499855995, 0.00036516005639, 0.000567619688809, 0.00274685537443, 0.00176742626354, 0.00100163801108, 0.00109823606908, 0.00123413687106, 0.000254227838013, 0.000119432101201, 0.00013025131193, 9.08192596398e-05, 3.84135491913e-05, 4.81262541143e-05, 0.00014610485232, 0.000115442948299, 3.26234003296e-05, 3.23245803884e-05, 2.14667124965e-05, 8.01662827143e-05, 3.54982585122e-05, 3.11055555358e-05, 3.52975912392e-05, 1.31431061163e-05, 1.5096993593e-05, 2.53958642134e-05, 2.02969567908e-05, 2.52962254308e-05, 2.96098751278e-05, 2.98394625133e-05, 3.35803015332e-05, 7.46631776565e-05, 3.2124149584e-05, 2.22303096962e-05, 2.60227316176e-05, 3.52675742761e-05, 3.08215458062e-05, 3.74670853489e-05, 4.86603676109e-05, 5.87576687394e-05, 5.22130067111e-05, 3.47280911228e-05, 2.96438829537e-05, 2.60252090811e-05, 3.9957689296e-05, 3.77346041205e-05, 5.44498470845e-05, 5.53518948436e-05, 5.47823219677e-05, 6.21831859462e-05, 3.50203808921e-05, 2.2189311494e-05, 2.37398562604e-05, 2.75632646662e-05, 1.00598972494e-05, 7.77212244429e-06, 1.05811122921e-05, 7.96908261691e-06, 1.04926248241e-05, 4.1994098865e-06, 3.64458446711e-06, 1.22628443933e-06, 1.02467438978e-07, 3.88688192743e-09, 3.783715119e-09, 3.69488639684e-09, 3.62672958332e-09, 3.57065688128e-09, 3.51239148877e-09, 3.45797102064e-09, 3.41203687526e-09, 3.38547834211e-09, 3.35769501092e-09, 3.34214611541e-09],
        "mean": [5.1322629588e-05, 0.000228747623623, 0.000340980506735, 0.000401279306971, 0.000306144036585, 0.00018119312881, 0.000119153773994, 0.000143193625263, 0.000127323452034, 0.000173483931576, 0.000278781808447, 0.000263556983555, 0.000251770019531, 0.000445394252893, 0.000427962426329, 0.000341703474987, 0.000356603646651, 0.000358434423106, 0.000763262272812, 0.00172491895501, 0.00047080242075, 0.000140389383887, 0.00019504717784, 0.000271039985819, 0.000281253247522, 0.000252694881056, 0.000278032413917, 0.000202198687475, 0.000204736134037, 0.00025061389897, 0.000314555276418, 0.000220677247853, 0.000129464373458, 6.18748381385e-05, 7.21125179552e-05, 8.05528106866e-05, 5.6708468037e-05, 8.83853426785e-05, 0.000107838663098, 0.000131817811052, 8.28235206427e-05, 0.0001004623482, 7.44847493479e-05, 4.16648363171e-05, 6.99787196936e-05, 6.41553706373e-05, 7.65662261983e-05, 6.13092488493e-05, 4.14246678702e-05, 4.06038925576e-05, 2.0602648874e-05, 1.78451591637e-05, 2.32275469898e-05, 2.20466918108e-05, 1.76277335413e-05, 1.88937701751e-05, 1.67232046806e-05, 2.77041508525e-05, 2.25207149924e-05, 1.4687507246e-05, 1.5057938981e-05, 1.72319960257e-05, 8.0683548731e-06, 5.59844420422e-06, 6.32747014606e-06, 4.93755351272e-06, 3.33931257046e-06, 2.86596605292e-06, 2.9641985293e-06, 3.50345726474e-06, 2.27239002015e-06, 1.26880411244e-06, 1.0737159073e-06, 1.39620863138e-06, 1.1499384982e-06, 1.24082566799e-06, 1.09474683541e-06, 9.41125506415e-07, 1.07140760974e-06, 1.29863678922e-06, 1.36032838327e-06, 1.4157494661e-06, 1.37963797897e-06, 1.39202904847e-06, 1.4513854012e-06, 1.44022362747e-06, 1.19072979032e-06, 1.11388760615e-06, 1.0137365507e-06, 1.09336372134e-06, 1.29129171e-06, 1.30138278109e-06, 1.21160974231e-06, 1.22033054595e-06, 1.09739539766e-06, 8.94700121989e-07, 7.12994449259e-07, 6.59909062506e-07, 6.80319374169e-07, 7.15698149634e-07, 9.05984052224e-07, 9.14048598588e-07, 9.73996634457e-07, 9.2972385346e-07, 7.3901946962e-07, 6.19283525793e-07, 5.61813976674e-07, 5.30146280653e-07, 3.91839648728e-07, 3.27225279761e-07, 2.83057630668e-07, 2.57668091308e-07, 2.27250851026e-07, 1.73678699866e-07, 1.14289534281e-07, 5.40773292812e-08, 1.96592808699e-09, 6.91353137933e-12, 5.4519366452e-12, 5.29966131743e-12, 5.17265787495e-12, 5.07062490954e-12, 4.97639342928e-12, 4.88713236546e-12, 4.78245438043e-12, 4.67382946581e-12, 4.601159731e-12, 4.57239758209e-12],
        "min": [7.66882564396e-12, 5.88445915259e-12, 2.78016793614e-11, 2.40425162418e-11, 1.0263583039e-10, 2.74720746152e-10, 1.0281531182e-10, 1.21058565949e-10, 1.30705959944e-10, 6.57410015314e-10, 1.602054156e-09, 2.47166598299e-09, 1.47380641025e-09, 1.18250320646e-09, 2.44541109584e-10, 8.49013220838e-11, 9.25957505116e-11, 4.65139815553e-10, 4.62117100142e-09, 1.06224309349e-08, 1.20255130298e-08, 1.86842239458e-08, 1.06458610816e-08, 3.43241701728e-08, 3.48302187092e-08, 2.16374473894e-08, 1.36606548296e-08, 4.14194971654e-08, 1.57251509592e-08, 9.66492308407e-08, 1.50829677636e-07, 4.43102123882e-08, 1.84861381758e-09, 1.25276700125e-09, 4.73858197125e-09, 1.61113735686e-08, 2.03231422802e-08, 3.28085114631e-08, 1.19559580014e-08, 7.41002725846e-09, 1.92003994925e-08, 4.53813830958e-09, 2.52295584424e-09, 1.65988502943e-08, 4.34114326708e-08, 9.79323022676e-09, 5.89418158725e-09, 2.06675974113e-08, 1.45966678744e-08, 8.15461298487e-09, 1.55908619348e-08, 1.99672189893e-08, 1.42174698681e-08, 6.2457765182e-08, 1.82791680459e-07, 1.21577471646e-07, 2.93291755327e-08, 4.61955274034e-09, 3.17559423202e-09, 8.64717630833e-10, 2.65393373944e-09, 7.26296889297e-09, 4.02334254801e-09, 2.06277261938e-09, 2.18978346567e-09, 1.50201695526e-09, 9.54594625568e-10, 4.70399053043e-10, 1.05139330575e-09, 2.6882456261e-09, 1.58565427455e-09, 8.83687456543e-10, 7.01421698501e-10, 4.68398930753e-10, 1.05428510366e-09, 5.31655997005e-10, 7.80603637285e-10, 4.42770931031e-10, 1.36339606271e-10, 1.49412093808e-10, 3.59683588469e-10, 2.35720554187e-10, 2.15005901971e-10, 2.57428411921e-10, 1.87091037107e-10, 2.00171629272e-10, 1.16666093453e-10, 1.2900942814e-10, 1.64961308502e-10, 9.81478232021e-11, 9.44437930639e-11, 4.60728469265e-11, 7.8040317264e-11, 4.21248209925e-11, 3.10762839073e-11, 3.50819651107e-11, 2.41349995544e-11, 3.76434092231e-11, 4.08141055674e-11, 3.7578863632e-11, 2.94690140346e-11, 3.67021656122e-11, 3.12507311695e-11, 1.3418237875e-11, 1.32125560492e-11, 1.53473223713e-11, 1.59513426773e-11, 4.70635119418e-12, 2.97146031739e-12, 1.76287402644e-12, 2.29870484626e-12, 5.6654490127e-12, 3.50841794852e-12, 1.22025263158e-12, 1.08019593704e-12, 5.49045075897e-13, 1.50006783796e-13, 5.26209223493e-14, 6.29329962166e-14, 8.87071110469e-14, 5.80714811091e-14, 7.85126087408e-14, 6.93038630499e-14, 7.0830683983e-14, 5.23315860589e-14, 2.45202722872e-14, 2.73338442639e-15, 9.67373035653e-17],
        "stdev": [7.89870173321e-05, 0.000281004060525, 0.000435248686699, 0.000518301676493, 0.00040807161713, 0.000261361448793, 0.000164547454915, 0.000224198563956, 0.000250887096627, 0.000296638376312, 0.00037829412031, 0.000345832348103, 0.000469576742034, 0.000655309995636, 0.000636105658486, 0.00078875356121, 0.000657009193674, 0.000767803459894, 0.00127142574638, 0.00319319264963, 0.000847779214382, 0.000463161704829, 0.000899719714653, 0.000881009385921, 0.00113945745397, 0.000923777581193, 0.000841316650622, 0.000781657232437, 0.000963698665146, 0.00124243483879, 0.00153524335474, 0.000886940222699, 0.000363394530723, 0.000228205870371, 0.000250537705142, 0.000289200310363, 0.000207743243664, 0.000312003860017, 0.000489662401378, 0.00066786055686, 0.000282467837678, 0.000183304058737, 0.000151136890054, 0.000120178301586, 0.000309518887661, 0.000245857809205, 0.000389990309486, 0.00022503346554, 0.000131485809106, 0.000114760667202, 6.89410589985e-05, 4.83828771394e-05, 5.81303647778e-05, 4.74251464766e-05, 4.24669524364e-05, 2.93165721814e-05, 3.8757789298e-05, 0.00011509921751, 8.63888999447e-05, 5.57766434213e-05, 4.63751275674e-05, 5.56860977667e-05, 1.52034681378e-05, 9.29818270379e-06, 1.05607241494e-05, 8.15735256765e-06, 4.18102081312e-06, 4.14507758251e-06, 7.01948238202e-06, 6.93579795552e-06, 3.35160711984e-06, 2.49563822763e-06, 1.7998935391e-06, 3.1710010262e-06, 2.31320154853e-06, 2.31317812904e-06, 2.0438590127e-06, 1.25789654248e-06, 1.40575161822e-06, 2.05457058655e-06, 2.23340907723e-06, 2.60149363385e-06, 2.55792315329e-06, 2.47439561463e-06, 2.97832434626e-06, 3.52828146788e-06, 2.38863822233e-06, 2.03346803573e-06, 1.86542308711e-06, 2.27486930271e-06, 2.85890314444e-06, 2.87948910227e-06, 3.0700186926e-06, 3.20627646033e-06, 2.71058502221e-06, 2.05665378417e-06, 1.70430132584e-06, 1.54825704612e-06, 1.86765805665e-06, 2.00236468118e-06, 2.85267196887e-06, 2.68592430075e-06, 2.77911863122e-06, 2.7518551633e-06, 1.94742369786e-06, 1.48486378748e-06, 1.36192079481e-06, 1.35562640935e-06, 7.78510980126e-07, 6.28287693871e-07, 6.26744963483e-07, 5.85104714901e-07, 5.66576318306e-07, 3.58284268032e-07, 2.35912594349e-07, 1.13621574371e-07, 5.91107562897e-09, 1.00647101764e-10, 9.76031894195e-11, 9.53105996904e-11, 9.35508823185e-11, 9.21028045497e-11, 9.05991046074e-11, 8.9194887587e-11, 8.80106057477e-11, 8.73264446866e-11, 8.66102745078e-11, 8.62091717457e-11]
    },
    "mfcc": {
        "mean": [-653.124328613, 112.83568573, -18.9149665833, -5.21096849442, 0.369357645512, -7.50094604492, -10.9655733109, 0.205725386739, -6.87734746933, -0.254030674696, 5.23878145218, 1.18809950352, 0.948311686516],
        "cov": [[3048.16699219, 102.221160889, 1021.47485352, 156.216217041, 276.886047363, 118.892051697, 6.39346885681, -14.2811841965, -35.8833122253, 0.263545125723, 102.360099792, 67.5556106567, 35.3821182251], [102.221160889, 892.084655762, 719.134338379, 418.291595459, 225.666061401, 97.3242797852, 56.3403968811, -101.131652832, -82.9688568115, -44.0200424194, 53.9456710815, 112.510314941, 120.185874939], [1021.47485352, 719.134338379, 1806.89099121, 768.345825195, 588.008178711, 209.250839233, 20.2113304138, -183.2734375, -87.71534729, -2.50562286377, 173.025650024, 297.759887695, 267.350982666], [156.216217041, 418.291595459, 768.345825195, 574.655578613, 340.683410645, 106.698570251, 2.77753019333, -121.541954041, -37.0307922363, -0.0523728206754, 46.8432617188, 137.38104248, 138.179870605], [276.886047363, 225.666061401, 588.008178711, 340.683410645, 426.082550049, 132.218154907, -24.1096096039, -61.4021530151, 36.6547355652, 33.2999916077, 46.5025939941, 62.3881568909, 68.0953369141], [118.892051697, 97.3242797852, 209.250839233, 106.698570251, 132.218154907, 129.099502563, 38.5661964417, -1.86576128006, 8.76673412323, 10.0441188812, 20.6436195374, 16.6611862183, 4.72553539276], [6.39346885681, 56.3403968811, 20.2113304138, 2.77753019333, -24.1096096039, 38.5661964417, 138.524963379, 62.9512939453, -2.56684827805, -12.8273353577, 4.04502487183, -7.07289600372, -17.1183605194], [-14.2811841965, -101.131652832, -183.2734375, -121.541954041, -61.4021530151, -1.86576128006, 62.9512939453, 145.232254028, 61.0314674377, 11.9513015747, -22.607126236, -67.7337341309, -72.0130844116], [-35.8833122253, -82.9688568115, -87.71534729, -37.0307922363, 36.6547355652, 8.76673412323, -2.56684827805, 61.0314674377, 120.112960815, 56.2980232239, 2.02856302261, -39.0080337524, -48.1239509583], [0.263545125723, -44.0200424194, -2.50562286377, -0.0523728206754, 33.2999916077, 10.0441188812, -12.8273353577, 11.9513015747, 56.2980232239, 104.294258118, 48.7670974731, 4.21381235123, -13.5800352097], [102.360099792, 53.9456710815, 173.025650024, 46.8432617188, 46.5025939941, 20.6436195374, 4.04502487183, -22.607126236, 2.02856302261, 48.7670974731, 115.762031555, 79.0769271851, 40.6111488342], [67.5556106567, 112.510314941, 297.759887695, 137.38104248, 62.3881568909, 16.6611862183, -7.07289600372, -67.7337341309, -39.0080337524, 4.21381235123, 79.0769271851, 159.537094116, 103.810211182], [35.3821182251, 120.185874939, 267.350982666, 138.179870605, 68.0953369141, 4.72553539276, -17.1183605194, -72.0130844116, -48.1239509583, -13.5800352097, 40.6111488342, 103.810211182, 132.842193604]],
        "icov": [[0.000506682787091, 0.000179444890819, -0.000615156255662, 0.00040342300781, -2.59010030277e-05, 1.98342172553e-06, 0.000119890792121, -0.000124323356431, 0.000243319416768, 9.37974473345e-05, -0.000194626467419, 0.000324280641507, 0.000386178900953], [0.000179444890819, 0.00206380221061, -0.00063082849374, -0.000903141219169, 0.00029376236489, -0.000122889658087, -0.000691844208632, 0.000411293643992, 0.000405757047702, 0.00073723460082, -0.000741669151466, 0.000889992341399, 3.52279821527e-05], [-0.000615156255662, -0.00063082849374, 0.00281461258419, -0.00158981443383, -0.001400605659, -0.000417726696469, -0.00015434800298, -0.000463555101305, 0.000536963052582, 0.000386634317692, -0.000954151211772, -0.00143987685442, -0.00116369675379], [0.00040342300781, -0.000903141219169, -0.00158981443383, 0.00666618254036, -0.00278917094693, 0.000548815412913, -0.00148827442899, 0.00202278280631, 4.38008428318e-05, -0.00149290147237, 0.00315500563011, -0.0016603023978, -0.000513652572408], [-2.59010030277e-05, 0.00029376236489, -0.001400605659, -0.00278917094693, 0.00828041136265, -0.00483571831137, 0.002701806603, 0.000462869385956, -0.00381428329274, 0.000391133798985, -0.000850747106597, 0.00262889242731, -0.00114839128219], [1.98342172553e-06, -0.000122889658087, -0.000417726696469, 0.000548815412913, -0.00483571831137, 0.0144839864224, -0.00489090476185, 0.000955974974204, 0.000898745609447, -0.000585701956879, -0.000174461645656, -0.000768959289417, 0.00315197883174], [0.000119890792121, -0.000691844208632, -0.00015434800298, -0.00148827442899, 0.002701806603, -0.00489090476185, 0.0131673486903, -0.00771610438824, 0.00210594525561, 0.00163710687775, -0.00199006078765, 7.19988238416e-05, 0.000238027176238], [-0.000124323356431, 0.000411293643992, -0.000463555101305, 0.00202278280631, 0.000462869385956, 0.000955974974204, -0.00771610438824, 0.0168852992356, -0.0074043283239, 0.000882277963683, 0.000757300294936, 0.00185175810475, 0.00210700766183], [0.000243319416768, 0.000405757047702, 0.000536963052582, 4.38008428318e-05, -0.00381428329274, 0.000898745609447, 0.00210594525561, -0.0074043283239, 0.0184170641005, -0.00760340085253, 0.000987986568362, -0.0006282083923, 0.00270608952269], [9.37974473345e-05, 0.00073723460082, 0.000386634317692, -0.00149290147237, 0.000391133798985, -0.000585701956879, 0.00163710687775, 0.000882277963683, -0.00760340085253, 0.0187910813838, -0.0100737763569, 0.0023406939581, 0.00100938568357], [-0.000194626467419, -0.000741669151466, -0.000954151211772, 0.00315500563011, -0.000850747106597, -0.000174461645656, -0.00199006078765, 0.000757300294936, 0.000987986568362, -0.0100737763569, 0.0206746608019, -0.00998761411756, 0.000770258659031], [0.000324280641507, 0.000889992341399, -0.00143987685442, -0.0016603023978, 0.00262889242731, -0.000768959289417, 7.19988238416e-05, 0.00185175810475, -0.0006282083923, 0.0023406939581, -0.00998761411756, 0.0202910006046, -0.00936534814537], [0.000386178900953, 3.52279821527e-05, -0.00116369675379, -0.000513652572408, -0.00114839128219, 0.00315197883174, 0.000238027176238, 0.00210700766183, 0.00270608952269, 0.00100938568357, 0.000770258659031, -0.00936534814537, 0.0200853291899]]
    },
    "spectral_contrast_coeffs": {
        "max": [-0.507313430309, -0.455788493156, -0.500856518745, -0.550639927387, -0.657697081566, -0.695598721504],
        "mean": [-0.721230447292, -0.690761804581, -0.764911413193, -0.784928202629, -0.775078415871, -0.788731336594],
        "min": [-0.919270098209, -0.905847609043, -0.898818552494, -0.896843791008, -0.867401957512, -0.901796877384],
        "stdev": [0.0626225844026, 0.0840338915586, 0.0671206563711, 0.0515288151801, 0.0351378172636, 0.0273181907833]
    },
    "spectral_contrast_valleys": {
        "max": [-5.55618286133, -4.99645805359, -5.35331296921, -5.51435804367, -6.19996547699, -8.01730632782],
        "mean": [-7.54576683044, -6.83366155624, -7.20066547394, -7.35631942749, -7.8113193512, -10.2100820541],
        "min": [-13.2217025757, -11.5723934174, -10.7516536713, -10.5071811676, -11.1137723923, -13.872625351],
        "stdev": [1.4188952446, 0.668506979942, 0.65886670351, 0.562136530876, 0.51833820343, 0.828054130077]
    }
},
"rhythm": {
    "beats_count": 67,
    "beats_loudness": {
        "max": 0.0661751329899,
        "mean": 0.0213398803025,
        "min": 0.00198651058599,
        "stdev": 0.0156674012542
    },
    "bpm": 109.183952332,
    "bpm_histogram_first_peak_bpm": 110,
    "bpm_histogram_first_peak_weight": 0.358974397182,
    "bpm_histogram_second_peak_bpm": 133,
    "bpm_histogram_second_peak_spread": 0.3125,
    "bpm_histogram_second_peak_weight": 0.166666671634,
    "danceability": 0.948396742344,
    "onset_rate": 2.69254565239,
    "beats_loudness_band_ratio": {
        "max": [0.616332888603, 0.849744319916, 0.691583156586, 0.70970594883, 0.544894039631, 0.134481325746],
        "mean": [0.144918754697, 0.169827833772, 0.329569220543, 0.215627506375, 0.128803417087, 0.0422862246633],
        "min": [1.80259339686e-05, 0.000934130046517, 0.0201166160405, 0.0126310521737, 0.00699090864509, 0.00469092279673],
        "stdev": [0.143616169691, 0.17313182354, 0.168633818626, 0.179694026709, 0.109582073987, 0.0282232705504]
    },
    "beats_position": [0.522448956966, 1.05650794506, 1.59056687355, 2.13623571396, 2.68190479279, 3.22757363319, 3.7732424736, 4.31891155243, 4.87619018555, 5.4334692955, 5.97913837433, 6.52480697632, 7.08208608627, 7.6277551651, 8.17342376709, 8.71909236908, 9.26476192474, 9.81043052673, 10.3560991287, 10.9133787155, 11.4706573486, 12.0279359818, 12.5736055374, 13.1192741394, 13.6649427414, 14.2106122971, 14.7678909302, 15.3135595322, 15.8592290878, 16.4165077209, 16.9737873077, 17.5194549561, 18.0651245117, 18.6224040985, 19.1680717468, 19.7137413025, 20.2710208893, 20.8166885376, 21.3623580933, 21.9196376801, 22.4885253906, 23.0574150085, 23.6379127502, 24.0558719635, 24.4738311768, 24.89179039, 25.3213596344, 25.7509288788, 26.1804981232, 26.6100673676, 27.0512466431, 27.4924259186, 27.9336051941, 28.3747844696, 28.8159637451, 29.2455329895, 29.6983222961, 30.1511096954, 30.6038990021, 31.0566883087, 31.5094776154, 31.962266922, 32.4150543213, 32.8678436279, 33.3206329346, 33.7734222412, 34.2262115479],
