{
"metadata": {
    "version": {
        "essentia": "2.1-beta5",
        "essentia_git_sha": "Undefined",
        "extractor": "music 2.0"
    },
    "audio_properties": {
        "analysis": {
            "equal_loudness": 0,
            "length": 27.9800453186,
            "sample_rate": 44100,
            "start_time": 162.481628418,
            "downmix": "mix"
        },
        "bit_rate": 192000,
        "length": 190.484909058,
        "lossless": 0,
        "number_channels": 2,
        "replay_gain": -8.85264205933,
        "sample_rate": 48000,
        "codec": "mp3",
        "md5_encoded": "fdfc6e1cffbd4fc112231b6602dffedf"
    },
    "tags": {
        "file_name": "Ireland_If My World Stopped Turning_Chris Doran.mp3",
        "encoding": ["Lavf58.29.100"]
    }
},
"lowlevel": {
    "average_loudness": 0.928255558014,
    "barkbands_crest": {
        "max": 23.3267059326,
        "mean": 8.55592536926,
        "min": 3.06940460205,
        "stdev": 3.40979194641
    },
    "barkbands_flatness_db": {
        "max": 0.330581188202,
        "mean": 0.144870132208,
        "min": 0.0446597784758,
        "stdev": 0.0377891361713
    },
    "barkbands_kurtosis": {
        "max": 43.2904319763,
        "mean": 1.22881376743,
        "min": -1.44248569012,
        "stdev": 2.30857777596
    },
    "barkbands_skewness": {
        "max": 6.34863901138,
        "mean": 0.929728388786,
        "min": -0.838318824768,
        "stdev": 0.635047078133
    },
    "barkbands_spread": {
        "max": 68.8464355469,
        "mean": 17.125875473,
        "min": 2.88388061523,
        "stdev": 8.03129482269
    },
    "dissonance": {
        "max": 0.499999701977,
        "mean": 0.465998262167,
        "min": 0.352930724621,
        "stdev": 0.0237289387733
    },
    "dynamic_complexity": 2.93860173225,
    "erbbands_crest": {
        "max": 29.151517868,
        "mean": 10.1211662292,
        "min": 2.70443081856,
        "stdev": 4.47823429108
    },
    "erbbands_flatness_db": {
        "max": 0.365858733654,
        "mean": 0.199327737093,
        "min": 0.0716554746032,
        "stdev": 0.0555300265551
    },
    "erbbands_kurtosis": {
        "max": 9.58381271362,
        "mean": 0.153657436371,
        "min": -1.44738268852,
        "stdev": 1.1594991684
    },
    "erbbands_skewness": {
        "max": 3.00687742233,
        "mean": 0.429748624563,
        "min": -1.12105941772,
        "stdev": 0.549005270004
    },
    "erbbands_spread": {
        "max": 98.2254180908,
        "mean": 26.052400589,
        "min": 4.62918758392,
        "stdev": 12.9321727753
    },
    "hfc": {
        "max": 85.5084609985,
        "mean": 19.1868019104,
        "min": 2.1360106075e-06,
        "stdev": 14.4287929535
    },
    "loudness_ebu128": {
        "integrated": -14.8963975906,
        "loudness_range": 4.51335525513,
        "momentary": {
            "max": -10.7362117767,
            "mean": -15.9285116196,
            "min": -31.0059833527,
            "stdev": 3.40823507309
        },
        "short_term": {
            "max": -12.8647975922,
            "mean": -15.0777044296,
            "min": -23.0669250488,
            "stdev": 2.07726860046
        }
    },
    "melbands_crest": {
        "max": 29.7293758392,
        "mean": 10.775935173,
        "min": 3.61694264412,
        "stdev": 4.06429195404
    },
    "melbands_flatness_db": {
        "max": 0.342439681292,
        "mean": 0.18429736793,
        "min": 0.0779520496726,
        "stdev": 0.03390487656
    },
    "melbands_kurtosis": {
        "max": 155.137496948,
        "mean": 4.17227220535,
        "min": -1.40610086918,
        "stdev": 6.21626281738
    },
    "melbands_skewness": {
        "max": 10.8103752136,
        "mean": 1.45788824558,
        "min": -0.839206755161,
        "stdev": 0.87812525034
    },
    "melbands_spread": {
        "max": 54.191570282,
        "mean": 22.1333122253,
        "min": 2.77688550949,
        "stdev": 9.08818817139
    },
    "pitch_salience": {
        "max": 0.90086889267,
        "mean": 0.596484005451,
        "min": 0.211108237505,
        "stdev": 0.110595658422
    },
    "silence_rate_20dB": {
        "max": 1,
        "mean": 1,
        "min": 1,
        "stdev": 0
    },
    "silence_rate_30dB": {
        "max": 1,
        "mean": 0.998341619968,
        "min": 0,
        "stdev": 0.0406893528998
    },
    "silence_rate_60dB": {
        "max": 1,
        "mean": 0.0431177429855,
        "min": 0,
        "stdev": 0.203122124076
    },
    "spectral_centroid": {
        "max": 2565.12866211,
        "mean": 1346.96630859,
        "min": 594.351257324,
        "stdev": 327.184875488
    },
    "spectral_complexity": {
        "max": 37,
        "mean": 20.2628517151,
        "min": 0,
        "stdev": 6.23833608627
    },
    "spectral_decrease": {
        "max": -2.16746705008e-16,
        "mean": -5.53625545407e-09,
        "min": -2.96417166368e-08,
        "stdev": 4.15911660667e-09
    },
    "spectral_energy": {
        "max": 0.118958860636,
        "mean": 0.0226354170591,
        "min": 1.01179342682e-09,
        "stdev": 0.0168649367988
    },
    "spectral_energyband_high": {
        "max": 0.00370210665278,
        "mean": 0.000271591328783,
        "min": 6.43271061418e-11,
        "stdev": 0.000378414493753
    },
    "spectral_energyband_low": {
        "max": 0.039897121489,
        "mean": 0.0031837366987,
        "min": 3.72616087291e-12,
        "stdev": 0.00453289505094
    },
    "spectral_energyband_middle_high": {
        "max": 0.0585972219706,
        "mean": 0.00657097296789,
        "min": 7.48138384576e-10,
        "stdev": 0.00547408964485
    },
    "spectral_energyband_middle_low": {
        "max": 0.110102638602,
        "mean": 0.0129648614675,
        "min": 2.03040501079e-10,
        "stdev": 0.0125558972359
    },
    "spectral_entropy": {
        "max": 8.40884113312,
        "mean": 7.4740319252,
        "min": 6.48916959763,
        "stdev": 0.249060362577
    },
    "spectral_flux": {
        "max": 0.214674979448,
        "mean": 0.0746780708432,
        "min": 0.00313550187275,
        "stdev": 0.0332072079182
    },
    "spectral_kurtosis": {
        "max": 22.4130573273,
        "mean": 6.80241775513,
        "min": -0.221420526505,
        "stdev": 3.17136311531
    },
    "spectral_rms": {
        "max": 0.0107729947194,
        "mean": 0.00436548655853,
        "min": 9.93536900751e-07,
        "stdev": 0.00173949694727
    },
    "spectral_rolloff": {
        "max": 7795.01953125,
        "mean": 1478.91674805,
        "min": 86.1328125,
        "stdev": 551.661560059
    },
    "spectral_skewness": {
        "max": 3.13084292412,
        "mean": 1.78050339222,
        "min": 0.831418812275,
        "stdev": 0.347916930914
    },
    "spectral_spread": {
        "max": 10260867,
        "mean": 3349580.25,
        "min": 1832774.375,
        "stdev": 1127725.875
    },
    "spectral_strongpeak": {
        "max": 10.7468862534,
        "mean": 1.57597565651,
        "min": 8.24903690955e-05,
        "stdev": 1.5860042572
    },
    "zerocrossingrate": {
        "max": 0.228515625,
        "mean": 0.0565171390772,
        "min": 0.02001953125,
        "stdev": 0.0161431692541
    },
    "barkbands": {
        "max": [0.00137652130798, 0.0358859188855, 0.0183966681361, 0.0101269939914, 0.0223688967526, 0.0290217287838, 0.0429123416543, 0.102774947882, 0.0706587284803, 0.0439698845148, 0.0181306470186, 0.0117238517851, 0.04693062976, 0.0198345705867, 0.00911599863321, 0.00673635536805, 0.00306867877953, 0.00434077205136, 0.00311216409318, 0.000900017854292, 0.00084792310372, 0.000694454764016, 0.00122431397904, 0.00128879072145, 0.00116639223415, 0.000360731821274, 5.55245605938e-06],
        "mean": [4.64138065581e-05, 0.00191039731726, 0.000998706091195, 0.000597106991336, 0.00198472640477, 0.00178230681922, 0.00174836337101, 0.00293670408428, 0.00318823335692, 0.00110205286182, 0.000842271547299, 0.000749617465772, 0.00119698711205, 0.00109012413304, 0.000682663929183, 0.000445023761131, 0.000308150891215, 0.00038281281013, 0.000325114990119, 7.63775606174e-05, 9.05912020244e-05, 4.02209407184e-05, 4.19428070018e-05, 3.11779986077e-05, 2.31700396398e-05, 1.41433520184e-05, 1.70295670898e-08],
        "min": [1.24975030324e-12, 1.1889031426e-12, 5.72064748003e-13, 1.51256264458e-12, 1.23293302651e-11, 3.40631724216e-11, 4.5337070903e-11, 2.78147609112e-11, 6.81772624467e-11, 2.75580461229e-11, 4.338276266e-11, 3.1846542764e-11, 1.53992749108e-10, 3.5195873993e-11, 6.0415401848e-11, 2.19114046351e-10, 3.05007859247e-11, 1.08902484253e-10, 3.99163410658e-11, 1.1371416829e-11, 1.06432605784e-11, 1.06724976079e-11, 8.29476157899e-12, 7.3603154821e-12, 5.56521712394e-12, 7.87943668645e-12, 6.82637323404e-12],
        "stdev": [0.000117294970551, 0.00338257313706, 0.0015617783647, 0.000900147249922, 0.00244028354064, 0.00226289895363, 0.00336712319404, 0.00783981755376, 0.00609459308907, 0.00240047345869, 0.00127368944231, 0.00121299107559, 0.0030214630533, 0.00199303310364, 0.000992024550214, 0.000654035888147, 0.000338682497386, 0.000450904335594, 0.000358311372111, 8.97796999197e-05, 0.000113805370347, 6.52910675853e-05, 9.59915705607e-05, 8.34111997392e-05, 6.50607034913e-05, 3.07829322992e-05, 1.65626175885e-07]
    },
    "erbbands": {
        "max": [0.897208511829, 8.35543060303, 19.7656288147, 15.8204402924, 67.4418334961, 124.148109436, 327.080963135, 200.361618042, 171.429290771, 1610.56298828, 2818.89550781, 1977.67492676, 2214.54272461, 359.119293213, 654.539245605, 577.496948242, 1790.53320312, 879.899780273, 592.100463867, 396.183227539, 272.437286377, 211.258560181, 230.286376953, 183.388641357, 125.449554443, 38.9623184204, 64.2880935669, 49.1885566711, 22.6122684479, 23.8056335449, 38.4908180237, 28.9765052795, 20.2125110626, 14.8418245316, 5.30376148224, 2.53226995468, 0.502940952778, 0.0412776321173, 0.000805955147371, 0.000137237992021],
        "mean": [0.0383548773825, 0.480488985777, 1.28979790211, 1.45940136909, 3.78377795219, 7.30608415604, 11.0900821686, 15.676071167, 18.488155365, 45.9493408203, 67.5656967163, 58.7488212585, 73.1910400391, 27.3393287659, 32.540927887, 35.1601295471, 49.0311546326, 66.7319793701, 34.4382629395, 31.7096385956, 22.4307403564, 18.6016273499, 19.2178268433, 19.8354358673, 12.4915113449, 3.76137256622, 5.10173940659, 1.85432291031, 1.52053904533, 1.17121601105, 1.23281872272, 0.718059360981, 0.504543483257, 0.298392981291, 0.14397752285, 0.0868087634444, 0.0186359863728, 0.00150434183888, 4.37831440649e-05, 2.88362989522e-05],
        "min": [7.94225449297e-11, 1.10977282919e-10, 5.43162070876e-10, 3.47923689858e-09, 1.19653185138e-08, 4.95422263214e-08, 1.29392759618e-07, 3.2345803902e-07, 5.40379744507e-07, 7.24567144061e-07, 7.21545347915e-07, 1.39798419241e-06, 1.47703201492e-06, 7.05371519416e-07, 1.97805547941e-06, 1.69193833699e-06, 6.81137453284e-06, 2.99278985949e-06, 1.8803571038e-06, 8.61619628267e-06, 8.54576956044e-06, 2.38287793763e-06, 6.20513992544e-06, 3.1897034205e-06, 1.28881856654e-06, 6.06870230513e-07, 5.80236530823e-07, 2.94951632895e-07, 3.36921715416e-07, 4.0937922563e-07, 2.02578718245e-07, 1.44823360415e-07, 1.09292138006e-07, 6.33756016555e-08, 4.23981916242e-08, 3.02309359768e-08, 1.50575374391e-08, 4.63150406915e-09, 1.06923003784e-09, 8.41391470385e-11],
        "stdev": [0.0846552327275, 0.823776304722, 1.95115017891, 1.80539166927, 5.76300191879, 10.0475702286, 17.5608863831, 19.6806964874, 26.4964122772, 105.737014771, 193.225326538, 120.792953491, 165.70123291, 36.5722427368, 45.5484046936, 61.0272712708, 117.136032104, 113.135169983, 58.9091758728, 44.6268234253, 29.6919307709, 19.2417621613, 19.7021446228, 20.9631729126, 14.1226549149, 3.72199273109, 6.85056352615, 3.21680259705, 2.41640973091, 2.140812397, 3.00862836838, 1.89924633503, 1.29676580429, 0.881429672241, 0.361543387175, 0.184184134007, 0.0454093962908, 0.00397660536692, 8.12533398857e-05, 2.13181720028e-05]
    },
    "gfcc": {
        "mean": [-14.9233341217, 98.9449081421, -154.578552246, 11.3367805481, -59.1956443787, 7.27936267853, -39.9923019409, 14.4410238266, -25.528421402, 2.10410499573, -14.8769226074, -1.02441501617, -12.3350925446],
        "cov": [[4684.48291016, 829.797119141, 1945.07885742, 968.063598633, 322.013427734, 39.2333145142, -231.819442749, 189.753463745, 6.29466247559, 528.817565918, 200.745742798, 132.758239746, -116.181106567], [829.797119141, 857.526916504, 592.660827637, 366.179351807, 274.094177246, -112.507659912, 9.6190290451, 20.1206092834, 2.2069478035, 138.384719849, 123.882232666, 5.50903224945, -1.95610535145], [1945.07885742, 592.660827637, 1619.69506836, 831.186462402, 210.705093384, 51.7989463806, -185.065872192, 86.4028167725, 17.5796012878, 347.017486572, 147.267913818, 171.825119019, -75.7932128906], [968.063598633, 366.179351807, 831.186462402, 647.654602051, 170.046615601, 75.1664199829, -58.3458900452, 38.1007003784, 21.5296974182, 155.696762085, 77.8601760864, 49.6706504822, 6.5671339035], [322.013427734, 274.094177246, 210.705093384, 170.046615601, 222.830932617, 2.61155176163, 9.59407997131, 35.195941925, -4.76702928543, 66.71484375, 21.0405578613, -3.39530324936, 10.5244989395], [39.2333145142, -112.507659912, 51.7989463806, 75.1664199829, 2.61155176163, 148.706573486, 40.9216308594, 13.0802516937, -14.4219169617, -26.7121887207, 3.09339809418, 13.5362157822, 1.46048116684], [-231.819442749, 9.6190290451, -185.065872192, -58.3458900452, 9.59407997131, 40.9216308594, 138.39515686, 15.9628515244, -18.2809448242, -62.3623886108, 1.77429616451, -23.4370365143, 10.1007881165], [189.753463745, 20.1206092834, 86.4028167725, 38.1007003784, 35.195941925, 13.0802516937, 15.9628515244, 72.6446990967, 23.8983135223, 32.6047477722, 8.41865158081, 5.4159412384, 0.610345780849], [6.29466247559, 2.2069478035, 17.5796012878, 21.5296974182, -4.76702928543, -14.4219169617, -18.2809448242, 23.8983135223, 94.3895645142, 33.4273452759, -9.60455513, -4.44716596603, -3.87464141846], [528.817565918, 138.384719849, 347.017486572, 155.696762085, 66.71484375, -26.7121887207, -62.3623886108, 32.6047477722, 33.4273452759, 153.487380981, 47.6756477356, 32.4511566162, -24.2491416931], [200.745742798, 123.882232666, 147.267913818, 77.8601760864, 21.0405578613, 3.09339809418, 1.77429616451, 8.41865158081, -9.60455513, 47.6756477356, 96.1261901855, 36.3443145752, -0.175311431289], [132.758239746, 5.50903224945, 171.825119019, 49.6706504822, -3.39530324936, 13.5362157822, -23.4370365143, 5.4159412384, -4.44716596603, 32.4511566162, 36.3443145752, 89.2935409546, 8.66836357117], [-116.181106567, -1.95610535145, -75.7932128906, 6.5671339035, 10.5244989395, 1.46048116684, 10.1007881165, 0.610345780849, -3.87464141846, -24.2491416931, -0.175311431289, 8.66836357117, 84.366569519]],
        "icov": [[0.000530865159817, -0.000421835109591, -0.000192018182133, -7.30417086743e-05, 0.000448837672593, -0.000566658214666, 0.000524997536559, -0.00105309614446, 0.000767160730902, -0.00109006417915, 0.000316829420626, 0.000242291818722, 0.000150718915393], [-0.000421835109591, 0.00773967476562, -0.00496943760663, 0.00178900081664, -0.0075206477195, 0.00844381470233, -0.00620386423543, 0.00646310811862, -0.0045078638941, 0.00653632590547, -0.00797889754176, 0.0060191587545, -0.00248049432412], [-0.000192018182133, -0.00496943760663, 0.00905446056277, -0.00676707364619, 0.00522170308977, -0.00472022173926, 0.0061630285345, -0.0067882174626, 0.00551406899467, -0.00757323531434, 0.00606530252844, -0.0101628992707, 0.00615630857646], [-7.30417086743e-05, 0.00178900081664, -0.00676707364619, 0.0090745491907, -0.00375703466125, -0.000840274675284, -0.0028417755384, 0.00543774059042, -0.00463122921064, 0.00355834327638, -0.00377668417059, 0.00747934775427, -0.0060270158574], [0.000448837672593, -0.0075206477195, 0.00522170308977, -0.00375703466125, 0.0143469711766, -0.00727721164003, 0.0043091471307, -0.00847023539245, 0.00680234842002, -0.0097352322191, 0.00885018799454, -0.00472215469927, 0.00132666213904], [-0.000566658214666, 0.00844381470233, -0.00472022173926, -0.000840274675284, -0.00727721164003, 0.01881685853, -0.00907305441797, 0.00472197355703, -0.00370051478967, 0.00993286538869, -0.00765720382333, 0.00347643229179, -0.00081362016499], [0.000524997536559, -0.00620386423543, 0.0061630285345, -0.0028417755384, 0.0043091471307, -0.00907305441797, 0.0183050688356, -0.0112008117139, 0.0055303578265, -0.00134065945167, 0.00262555340305, -0.00436384649947, 0.00416851835325], [-0.00105309614446, 0.00646310811862, -0.0067882174626, 0.00543774059042, -0.00847023539245, 0.00472197355703, -0.0112008117139, 0.027871189639, -0.0107824346051, 0.00353703624569, -0.00606271671131, 0.00675353221595, -0.00589281786233], [0.000767160730902, -0.0045078638941, 0.00551406899467, -0.00463122921064, 0.00680234842002, -0.00370051478967, 0.0055303578265, -0.0107824346051, 0.0186299663037, -0.0103623494506, 0.00779295666143, -0.00476833619177, 0.00328085082583], [-0.00109006417915, 0.00653632590547, -0.00757323531434, 0.00355834327638, -0.0097352322191, 0.00993286538869, -0.00134065945167, 0.00353703624569, -0.0103623494506, 0.0274241343141, -0.0128733189777, 0.00617504073307, -0.000507493910845], [0.000316829420626, -0.00797889754176, 0.00606530252844, -0.00377668417059, 0.00885018799454, -0.00765720382333, 0.00262555340305, -0.00606271671131, 0.00779295666143, -0.0128733189777, 0.0243223756552, -0.0120906420052, 0.00270285294391], [0.000242291818722, 0.0060191587545, -0.0101628992707, 0.00747934775427, -0.00472215469927, 0.00347643229179, -0.00436384649947, 0.00675353221595, -0.00476833619177, 0.00617504073307, -0.0120906420052, 0.0269609987736, -0.00947601627558], [0.000150718915393, -0.00248049432412, 0.00615630857646, -0.0060270158574, 0.00132666213904, -0.00081362016499, 0.00416851835325, -0.00589281786233, 0.00328085082583, -0.000507493910845, 0.00270285294391, -0.00947601627558, 0.0183791238815]]
    },
    "melbands": {
        "max": [0.009476643987, 0.00943397544324, 0.00461969710886, 0.00468184333295, 0.00851142406464, 0.00396980484948, 0.0029549554456, 0.0158998072147, 0.0211327634752, 0.0134518845007, 0.0107095921412, 0.0015132726403, 0.00286137894727, 0.00148885673843, 0.00573415542021, 0.00166965206154, 0.00199091341347, 0.00132886948995, 0.000610360177234, 0.000434225745266, 0.000341588136507, 0.000263076275587, 0.000219254245167, 0.000326274515828, 0.000145274723764, 0.00016707967734, 3.80101882911e-05, 2.38412667386e-05, 5.00879759784e-05, 2.19202065637e-05, 3.31589435518e-05, 1.46870352182e-05, 1.80573752004e-05, 1.42827429954e-05, 2.69328829745e-05, 2.06931326829e-05, 1.68502319866e-05, 1.38267278089e-05, 1.67192993104e-05, 1.15665889098e-05],
        "mean": [0.000440136704128, 0.000659013399854, 0.000329972826876, 0.000380010023946, 0.000393103575334, 0.000351032969775, 0.000297017453704, 0.000537639192771, 0.000519374327268, 0.000406536448281, 0.000354976917151, 9.63725979091e-05, 0.000116469018394, 8.60788713908e-05, 0.000125977021526, 0.000102583282569, 0.000122004901641, 5.04724739585e-05, 4.9394020607e-05, 3.06516849378e-05, 2.56736857409e-05, 1.7564107111e-05, 1.80247498065e-05, 1.9813529434e-05, 1.55318048201e-05, 1.3181696886e-05, 4.12720282839e-06, 1.80071106115e-06, 3.90817012885e-06, 1.32641548589e-06, 9.97035726868e-07, 8.97587597137e-07, 6.94619416208e-07, 6.52013625313e-07, 7.62831461998e-07, 5.51495134005e-07, 3.95001649167e-07, 3.6098919054e-07, 3.02167393329e-07, 2.35082424638e-07],
        "min": [6.03054119228e-13, 2.62345809139e-13, 7.48587877884e-13, 2.12082890312e-12, 4.18453553058e-12, 7.32736094022e-12, 8.66482753603e-12, 7.48082411989e-12, 6.09099879909e-12, 9.61987520892e-12, 7.32704435319e-12, 2.48039479581e-12, 6.93698787649e-12, 3.0099236905e-12, 1.01844609135e-11, 1.5129815803e-11, 4.12823854962e-12, 2.50870071244e-12, 5.54303217909e-12, 1.77175895483e-11, 7.54086029731e-12, 1.87216453278e-12, 4.17812139053e-12, 5.38288033938e-12, 2.36882779017e-12, 1.13164284801e-12, 5.0534874679e-13, 4.05276262853e-13, 3.85698255018e-13, 2.379498779e-13, 1.52535712468e-13, 1.6608886304e-13, 2.41435533675e-13, 2.23146981036e-13, 1.18451445484e-13, 1.03069835381e-13, 7.70071465904e-14, 9.67843697981e-14, 4.90287098301e-14, 5.18677338763e-14],
        "stdev": [0.000852095021401, 0.000957322423346, 0.000416196475271, 0.000476835091831, 0.00054704566719, 0.000422092038207, 0.000438363349531, 0.0011721176561, 0.00141613697633, 0.000846326758619, 0.000807892647572, 0.000149288302055, 0.000178482907359, 0.000133720997837, 0.000364498235285, 0.000170983577846, 0.000224400515435, 0.000109130727651, 6.74120456097e-05, 4.35762231064e-05, 3.82572325179e-05, 2.02434912353e-05, 2.22393082367e-05, 2.46878935286e-05, 1.68806691363e-05, 1.68710412254e-05, 4.59816828879e-06, 2.19292178372e-06, 5.48543857803e-06, 1.91509661818e-06, 2.04814637073e-06, 1.47401181039e-06, 1.1812350067e-06, 1.30356738737e-06, 1.96665587282e-06, 1.36273717999e-06, 1.13485305064e-06, 9.41230098306e-07, 8.81788594143e-07, 7.06425964836e-07]
    },
    "melbands128": {
        "max": [0.00119543145411, 0.00615672813728, 0.015634348616, 0.0141516793519, 0.0117312232032, 0.00785670429468, 0.00361216627061, 0.00718181300908, 0.00866582524031, 0.00379209220409, 0.0093858866021, 0.00771195162088, 0.0161945782602, 0.00875857844949, 0.00518456054851, 0.006150722038, 0.00367638841271, 0.00455721560866, 0.00687931338325, 0.0315784811974, 0.0108569832519, 0.0293499603868, 0.0340257920325, 0.0181666910648, 0.0148894414306, 0.021675683558, 0.0183978062123, 0.0165672469884, 0.00289704697207, 0.00276491581462, 0.0026790634729, 0.00283585116267, 0.00576008902863, 0.00386177795008, 0.00194953125902, 0.00330338301137, 0.00303836981766, 0.00487214745954, 0.0132859591395, 0.00192794692703, 0.00233744783327, 0.0035578799434, 0.00335591007024, 0.00446399860084, 0.00325280847028, 0.00200423575006, 0.00129336724058, 0.00116110069212, 0.000935696414672, 0.00126329914201, 0.000328822061419, 0.000237628279137, 0.00069033872569, 0.000462394848, 0.000191709346836, 0.000535240396857, 0.000231696700212, 0.000632676354144, 0.000193679545191, 0.000379022763809, 0.000690607063007, 0.00050935568288, 0.000300276355119, 0.000171444480657, 0.000211686477996, 0.000301467924146, 0.000137198934681, 9.9759286968e-05, 4.90900747536e-05, 9.07419671421e-05, 2.38962657022e-05, 5.01368958794e-05, 5.81879648962e-05, 7.28326049284e-05, 4.31232547271e-05, 3.82949147024e-05, 1.85386579687e-05, 4.26344995503e-05, 4.00557510147e-05, 2.59961689153e-05, 1.98639791051e-05, 1.09431211968e-05, 1.3725255485e-05, 3.16605437547e-05, 1.11281833597e-05, 1.21062066682e-05, 1.59586743393e-05, 3.95905990445e-05, 2.2677344532e-05, 2.75680667983e-05, 1.74061915459e-05, 3.08840535581e-05, 2.08354431379e-05, 1.71694373421e-05, 2.11010847124e-05, 2.29859633691e-05, 1.08844360511e-05, 1.21484299598e-05, 2.18715067604e-05, 1.8802633349e-05, 1.47036516864e-05, 1.19376682051e-05, 1.62158557941e-05, 6.40759344606e-06, 7.23399898561e-06, 5.05778416482e-06, 7.38759035812e-06, 1.08098683995e-05, 3.53573204848e-06, 2.63392394118e-06, 2.14866417991e-06, 3.16320938509e-06, 3.04717673316e-06, 1.73773059942e-06, 1.12068255476e-06, 4.30829544484e-07, 2.6894333871e-08, 2.58866972302e-08, 2.5162616879e-08, 2.45368454443e-08, 2.39404371882e-08, 2.34370070018e-08, 2.3003297045e-08, 2.26242562462e-08, 2.23091447538e-08, 2.20470486312e-08, 2.18700257903e-08, 2.17510383038e-08],
        "mean": [4.1017348849e-05, 0.000240814348217, 0.000568360032048, 0.00089189427672, 0.000786460062955, 0.000416051392676, 0.000250308250543, 0.000336094934028, 0.000412468158174, 0.000305002671666, 0.000435405789176, 0.000441220530774, 0.000370362889953, 0.000365420768503, 0.000332713039825, 0.00037662149407, 0.000295487203402, 0.000231005236856, 0.000323735614074, 0.0006345550064, 0.00047890903079, 0.000713817251381, 0.000509312085342, 0.000395603914512, 0.000277735496638, 0.000375734816771, 0.000782009679824, 0.000309831259074, 7.58505775593e-05, 8.004000847e-05, 9.861329454e-05, 0.00014020614617, 0.000136338290758, 7.66462617321e-05, 9.80841286946e-05, 9.15388736757e-05, 6.11669092905e-05, 0.000128871994093, 0.000201719245524, 4.47224047093e-05, 7.8659511928e-05, 0.000164375232998, 0.00018269722932, 5.94137272856e-05, 3.7171979784e-05, 6.36367767584e-05, 4.53310822195e-05, 5.11910257046e-05, 4.75208289572e-05, 4.91628707096e-05, 2.31455251196e-05, 1.76304565684e-05, 3.46643537341e-05, 2.69038337137e-05, 1.03037700683e-05, 1.81566501851e-05, 2.00070207939e-05, 2.4501920052e-05, 1.40048687172e-05, 1.17462986964e-05, 2.15664786083e-05, 2.77288891084e-05, 1.19279930004e-05, 1.32727100208e-05, 1.72262298292e-05, 1.69634313352e-05, 8.018848348e-06, 5.02120974488e-06, 3.53466452907e-06, 2.34242679653e-06, 1.53870371378e-06, 1.55895622811e-06, 2.31984972743e-06, 6.78517699271e-06, 2.4110834147e-06, 9.88997840068e-07, 8.84712903826e-07, 1.00633337752e-06, 1.03846878119e-06, 9.34094714466e-07, 1.02221997622e-06, 7.76648846568e-07, 8.35822334011e-07, 7.06363152858e-07, 5.65857078527e-07, 5.69703956899e-07, 6.41369524601e-07, 9.04952969449e-07, 7.14598115792e-07, 7.63875618759e-07, 6.34784100839e-07, 4.68863134984e-07, 4.45753727263e-07, 3.98098762844e-07, 3.66980998479e-07, 3.46443755461e-07, 3.79934419925e-07, 3.55746692549e-07, 2.95228403502e-07, 2.72432089332e-07, 2.81573164784e-07, 2.23894247142e-07, 1.97311678107e-07, 1.50718491909e-07, 1.32222140792e-07, 1.37729912808e-07, 2.08722894968e-07, 2.4891647854e-07, 1.43989211665e-07, 1.00501843292e-07, 7.95480659121e-08, 7.34481346853e-08, 5.53617169885e-08, 3.88341305779e-08, 3.01220275389e-08, 1.43642528982e-08, 6.537929087e-10, 2.52867483896e-11, 2.41311484683e-11, 2.35262382492e-11, 2.29502875038e-11, 2.24665477194e-11, 2.20499712239e-11, 2.16801507302e-11, 2.13454549175e-11, 2.10398955203e-11, 2.08400779272e-11, 2.07223613269e-11],
        "min": [1.1272780669e-12, 9.17657009408e-13, 2.91121564789e-13, 1.66917450998e-13, 1.95491409519e-13, 3.21597999967e-13, 7.15329867822e-13, 7.0909060958e-13, 9.49945742727e-13, 2.10834301406e-12, 2.79165926487e-12, 3.42716393459e-12, 3.81614488273e-12, 6.16972488723e-12, 6.89764044493e-12, 8.3452316238e-12, 8.66424640367e-12, 7.90523809607e-12, 9.84385923469e-12, 8.97819232154e-12, 5.45144701949e-12, 5.41528107079e-12, 6.00025281197e-12, 7.11045285151e-12, 7.9460665478e-12, 1.1532158041e-11, 1.15497559433e-11, 6.65919836634e-12, 4.38692875429e-12, 2.34907254239e-12, 4.89572249927e-13, 4.93071642543e-12, 9.83562536971e-12, 6.22148946944e-12, 4.33174589948e-12, 1.00107227195e-12, 2.0913154021e-12, 9.75774322454e-12, 1.49256162985e-11, 1.92056821835e-11, 1.56497488579e-11, 8.5953839532e-12, 3.26518087741e-12, 2.82003760621e-12, 2.14083872158e-12, 2.75473394096e-12, 2.18839551515e-12, 3.20230777659e-12, 6.35882492495e-12, 1.51559060441e-11, 2.13989919534e-11, 1.92428815937e-11, 8.90282379068e-12, 2.82384857685e-12, 2.20085906964e-12, 2.05154816746e-12, 1.30934163251e-12, 1.92481881128e-12, 5.51874041257e-12, 8.25087914658e-12, 5.93277814029e-12, 3.02542908261e-12, 2.26137099497e-12, 2.47553323326e-12, 2.05587673621e-12, 6.29494069718e-13, 1.03445995259e-12, 8.84539240898e-13, 2.16912994727e-13, 2.41707939471e-13, 4.35351489017e-13, 5.11231844618e-13, 3.04220217811e-13, 3.85362477606e-13, 4.51994317625e-13, 2.50095246162e-13, 1.29711264516e-13, 1.83482501653e-13, 1.1987448794e-13, 1.8687587827e-13, 1.14591401147e-13, 1.70986515962e-13, 2.6363362448e-13, 2.10349329643e-13, 2.74139191165e-13, 2.61830298111e-13, 1.87687647542e-13, 1.75435837732e-13, 1.12557993525e-13, 8.92896325454e-14, 6.43815784105e-14, 1.43893929975e-13, 1.12873577672e-13, 3.53534679288e-14, 5.6527926193e-14, 1.78471400527e-13, 8.1849200269e-14, 2.97449985107e-14, 5.6709970514e-14, 4.29577502585e-14, 6.62376715434e-14, 4.59256622261e-14, 5.15630222439e-14, 5.35415997291e-14, 4.53246584687e-14, 4.05274738194e-14, 4.61336257553e-14, 7.02417182578e-14, 4.52633298952e-14, 4.99007573544e-14, 6.35265901298e-14, 2.34087787132e-14, 5.31448732135e-14, 6.81499399014e-14, 3.2493888087e-14, 2.94830281608e-14, 3.43380482197e-14, 3.87075862628e-14, 4.18642036185e-14, 2.89248503892e-14, 3.34739458645e-14, 3.20501919004e-14, 2.7455024609e-14, 2.75051757358e-14, 2.11321303338e-14, 9.58335194106e-15, 2.07965540913e-15, 1.31607545656e-16],
        "stdev": [0.000107603576907, 0.000604176137131, 0.00130474870093, 0.00148935965262, 0.00122141244356, 0.000634606054518, 0.000352023314917, 0.000556293583941, 0.000731364474632, 0.000505808042362, 0.000691485882271, 0.00070001318818, 0.000794004474301, 0.000574721372686, 0.000496945285704, 0.000606636865996, 0.000493015628308, 0.000468184327474, 0.000769122794736, 0.00187778787222, 0.00119570142124, 0.0025938260369, 0.00187203474343, 0.00120802398305, 0.000904393789824, 0.00126180879306, 0.00198597437702, 0.000895939185284, 0.000147973551066, 0.000223013223149, 0.000191914892639, 0.000247619696893, 0.000302908010781, 0.000181105351658, 0.000192122271983, 0.000195682412595, 0.000193619373022, 0.000345816020854, 0.000825274561066, 0.000119404736324, 0.000219511697651, 0.000316539022606, 0.000432249158621, 0.000230481266044, 0.000137137554702, 0.000200730981305, 0.000100607809145, 9.73610076471e-05, 9.06004352146e-05, 0.000111983150418, 3.62312166544e-05, 2.44176899287e-05, 6.37842385913e-05, 5.03523697262e-05, 1.37446158988e-05, 3.41777849826e-05, 2.84888319584e-05, 4.89926096634e-05, 1.95014708879e-05, 1.98455527425e-05, 3.49724286934e-05, 5.16877771588e-05, 2.12822160393e-05, 1.93622108782e-05, 2.48265369009e-05, 3.00339961541e-05, 1.30320077005e-05, 7.87913813838e-06, 5.12558654009e-06, 4.39574432676e-06, 2.0946024506e-06, 2.77507820101e-06, 4.78727497466e-06, 1.04070813904e-05, 3.92348101741e-06, 2.03790000342e-06, 1.75762761501e-06, 2.44121793003e-06, 2.4391158604e-06, 1.97245753952e-06, 1.92452512238e-06, 1.31110914481e-06, 1.42384726587e-06, 1.50368839513e-06, 1.05175888621e-06, 1.0431751889e-06, 1.44026955695e-06, 2.48159744842e-06, 1.92489119399e-06, 2.24449809139e-06, 1.57179340476e-06, 1.39486473927e-06, 1.36901837777e-06, 1.06255242827e-06, 1.18964635476e-06, 1.22999222185e-06, 8.63746379309e-07, 8.52055904943e-07, 1.0148162346e-06, 9.01608359527e-07, 8.93958542747e-07, 6.72395799484e-07, 7.0377046768e-07, 4.33198977134e-07, 4.03286122719e-07, 3.52546180693e-07, 4.97017026646e-07, 6.5294665319e-07, 3.1268777434e-07, 2.10080443708e-07, 1.76752948278e-07, 2.09191483691e-07, 1.66133432344e-07, 1.18641253266e-07, 9.28695698121e-08, 4.0818079583e-08, 1.99180250071e-09, 7.45043526873e-10, 7.24200810431e-10, 7.06187219812e-10, 6.89026058431e-10, 6.74531652756e-10, 6.62052968003e-10, 6.51146025987e-10, 6.42074671209e-10, 6.34531205357e-10, 6.29438778876e-10, 6.26015794758e-10]
    },
    "mfcc": {
        "mean": [-649.094970703, 133.930175781, -36.3116455078, 7.13624095917, -4.05471372604, -7.62691354752, -3.55756688118, 3.65125346184, -5.09448432922, 1.78509068489, 2.22339344025, -2.77920198441, -3.96272349358],
        "cov": [[3315.08081055, 456.555664062, 1271.14538574, 787.448547363, 560.058410645, 105.603157043, 96.4866867065, -171.669082642, -100.713699341, 151.602874756, 261.472625732, 145.484191895, 55.0008163452], [456.555664062, 756.043945312, 209.2240448, 373.139434814, 186.653167725, -8.80072498322, 67.5862579346, -71.8346557617, -59.1407546997, 30.041185379, 96.5664215088, 55.3794364929, 44.7830314636], [1271.14538574, 209.2240448, 1323.17712402, 678.539855957, 441.8175354, 160.600708008, 50.4368286133, -96.1452255249, -63.2791633606, 23.7048568726, 80.5407562256, 215.901687622, 189.085418701], [787.448547363, 373.139434814, 678.539855957, 614.83190918, 346.050689697, 99.4265060425, 66.0143661499, -86.0625228882, -5.33348274231, 51.8360557556, 76.9290542603, 103.763008118, 93.5603179932], [560.058410645, 186.653167725, 441.8175354, 346.050689697, 316.103790283, 73.9910507202, 35.9080276489, -61.8326759338, 5.22216510773, 44.2828025818, 52.1558876038, 40.9523162842, 64.2854156494], [105.603157043, -8.80072498322, 160.600708008, 99.4265060425, 73.9910507202, 111.761199951, 40.6938972473, 16.9783916473, 4.99215507507, 5.8554854393, 0.649087786674, 21.8994998932, 14.4611186981], [96.4866867065, 67.5862579346, 50.4368286133, 66.0143661499, 35.9080276489, 40.6938972473, 167.484222412, 41.5534248352, -5.38015222549, -14.5811071396, 30.9007740021, 14.5848608017, -39.7795257568], [-171.669082642, -71.8346557617, -96.1452255249, -86.0625228882, -61.8326759338, 16.9783916473, 41.5534248352, 102.816841125, 23.9897956848, -15.8739461899, -18.0571041107, -13.5654983521, -7.46123409271], [-100.713699341, -59.1407546997, -63.2791633606, -5.33348274231, 5.22216510773, 4.99215507507, -5.38015222549, 23.9897956848, 91.5538482666, 28.7074394226, -17.803817749, -23.2538146973, 3.98430156708], [151.602874756, 30.041185379, 23.7048568726, 51.8360557556, 44.2828025818, 5.8554854393, -14.5811071396, -15.8739461899, 28.7074394226, 72.463760376, 34.5141410828, -4.53650093079, -4.89302206039], [261.472625732, 96.5664215088, 80.5407562256, 76.9290542603, 52.1558876038, 0.649087786674, 30.9007740021, -18.0571041107, -17.803817749, 34.5141410828, 102.427871704, 36.3408699036, -13.5432271957], [145.484191895, 55.3794364929, 215.901687622, 103.763008118, 40.9523162842, 21.8994998932, 14.5848608017, -13.5654983521, -23.2538146973, -4.53650093079, 36.3408699036, 121.993934631, 51.1038818359], [55.0008163452, 44.7830314636, 189.085418701, 93.5603179932, 64.2854156494, 14.4611186981, -39.7795257568, -7.46123409271, 3.98430156708, -4.89302206039, -13.5432271957, 51.1038818359, 132.139587402]],
        "icov": [[0.000679720949847, -4.81255265186e-05, -0.000671821937431, -4.14454825659e-06, -0.000206258875551, 0.000348777743056, -8.20335480967e-05, 4.97676082887e-05, 0.00044849247206, -0.000814726634417, -0.000815559295006, 0.000558522064239, 0.000394673057599], [-4.81255265186e-05, 0.00294039933942, 0.00137560861185, -0.00289478315972, -0.000260647997493, 0.00146085838787, -0.00081077509094, -0.000132217639475, 0.00255384389311, -0.000380663172109, -0.000784803298302, -8.31789220683e-05, -0.00131927290931], [-0.000671821937431, 0.00137560861185, 0.00401355139911, -0.00287597905844, -0.00160501513164, -0.000739084673114, 0.000192865598365, -0.000476628018077, 0.00227745459415, 0.000853656500112, 0.00103275617585, -0.00298141501844, -0.00177876383532], [-4.14454825659e-06, -0.00289478315972, -0.00287597905844, 0.00906151346862, -0.00305377412587, -0.00184794212691, -0.00116633356083, 0.0025801861193, -0.00364449224435, -0.000773169682361, 0.000479654176161, -0.000602909130976, 0.000528297503479], [-0.000206258875551, -0.000260647997493, -0.00160501513164, -0.00305377412587, 0.0112931746989, -0.00263114203699, -0.00153093936387, 0.0035958988592, -0.00212054699659, -0.000918430974707, -0.00232632085681, 0.00448267860338, -0.00277302553877], [0.000348777743056, 0.00146085838787, -0.000739084673114, -0.00184794212691, -0.00263114203699, 0.0147319864482, -0.00210614735261, -0.00434539653361, 0.00216335407458, -0.00287492130883, 0.00270505901426, -0.00113603030331, 0.00105905602686], [-8.20335480967e-05, -0.00081077509094, 0.000192865598365, -0.00116633356083, -0.00153093936387, -0.00210614735261, 0.011410381645, -0.0059198983945, -0.000928493042011, 0.00531611638144, -0.00270499894395, -0.00147090211976, 0.00545124383643], [4.97676082887e-05, -0.000132217639475, -0.000476628018077, 0.0025801861193, 0.0035958988592, -0.00434539653361, -0.0059198983945, 0.0179838296026, -0.00531362975016, 0.00162908085622, -0.00104703300167, 0.00186937430408, -0.00377101055346], [0.00044849247206, 0.00255384389311, 0.00227745459415, -0.00364449224435, -0.00212054699659, 0.00216335407458, -0.000928493042011, -0.00531362975016, 0.0201244894415, -0.0106250150129, 0.00452773319557, 0.000203190807952, -0.00213009328581], [-0.000814726634417, -0.000380663172109, 0.000853656500112, -0.000773169682361, -0.000918430974707, -0.00287492130883, 0.00531611638144, 0.00162908085622, -0.0106250150129, 0.0273469276726, -0.00995435845107, 0.00184435897972, 0.00184728938621], [-0.000815559295006, -0.000784803298302, 0.00103275617585, 0.000479654176161, -0.00232632085681, 0.00270505901426, -0.00270499894395, -0.00104703300167, 0.00452773319557, -0.00995435845107, 0.0203587524593, -0.00729760201648, 0.00315403868444], [0.000558522064239, -8.31789220683e-05, -0.00298141501844, -0.000602909130976, 0.00448267860338, -0.00113603030331, -0.00147090211976, 0.00186937430408, 0.000203190807952, 0.00184435897972, -0.00729760201648, 0.0168638117611, -0.00511258328333], [0.000394673057599, -0.00131927290931, -0.00177876383532, 0.000528297503479, -0.00277302553877, 0.00105905602686, 0.00545124383643, -0.00377101055346, -0.00213009328581, 0.00184728938621, 0.00315403868444, -0.00511258328333, 0.015116289258]]
    },
    "spectral_contrast_coeffs": {
        "max": [-0.393376946449, -0.380119562149, -0.484443724155, -0.609259843826, -0.642404198647, -0.667102277279],
        "mean": [-0.717795968056, -0.729076683521, -0.74790418148, -0.770852267742, -0.762409746647, -0.760367572308],
        "min": [-0.882172107697, -0.982390284538, -0.92267292738, -0.924707472324, -0.915974915028, -0.896329760551],
        "stdev": [0.0669368356466, 0.076979264617, 0.0631606355309, 0.0542404465377, 0.0396912619472, 0.0297971181571]
    },
    "spectral_contrast_valleys": {
        "max": [-5.30815315247, -5.11569786072, -5.80834627151, -6.14785146713, -6.4251036644, -8.23931884766],
        "mean": [-7.24571228027, -6.63410282135, -6.97519826889, -7.2567024231, -7.6035900116, -10.9002714157],
        "min": [-15.6005325317, -13.7656135559, -14.7475214005, -14.1908502579, -14.616481781, -17.3975944519],
        "stdev": [1.44950342178, 0.72239869833, 0.544607579708, 0.436016708612, 0.471760720015, 0.876441240311]
    }
},
"rhythm": {
    "beats_count": 66,
    "beats_loudness": {
        "max": 0.0925596877933,
        "mean": 0.0279177147895,
        "min": 0.00233410717919,
        "stdev": 0.0181111264974
    },
    "bpm": 147.788955688,
    "bpm_histogram_first_peak_bpm": 148,
    "bpm_histogram_first_peak_weight": 0.225000023842,
    "bpm_histogram_second_peak_bpm": 136,
    "bpm_histogram_second_peak_spread": 0.549999952316,
    "bpm_histogram_second_peak_weight": 0.13846154511,
    "danceability": 0.983036458492,
    "onset_rate": 2.03632116318,
    "beats_loudness_band_ratio": {
        "max": [0.899391949177, 0.588687956333, 0.784246325493, 0.793611884117, 0.297925263643, 0.195978105068],
        "mean": [0.193054318428, 0.164966151118, 0.303284585476, 0.236802756786, 0.103267505765, 0.0340818762779],
        "min": [2.96091275231e-05, 0.00117343803868, 0.0127364518121, 0.0223891530186, 0.0146452076733, 0.00564583810046],
        "stdev": [0.196662023664, 0.13947506249, 0.17449696362, 0.201483219862, 0.0663935095072, 0.0295243933797]
    },
    "beats_position": [0.452789098024, 0.917188167572, 1.34675729275, 1.764716506, 2.17106580734, 2.57741498947, 2.9837641716, 3.39011335373, 3.79646253586, 4.20281171799, 4.60916090012, 5.01551008224, 5.41024923325, 5.81659841537, 6.2229475975, 6.62929677963, 7.03564596176, 7.4303855896, 7.83673477173, 8.24308395386, 8.64943313599, 9.05578231812, 9.46213150024, 9.86848068237, 10.2748298645, 10.6811790466, 11.0875282288, 11.4938774109, 11.900226593, 12.3065757751, 12.7129249573, 13.1192741394, 13.5140132904, 13.9203624725, 14.3267116547, 14.7330608368, 15.1277999878, 15.5341491699, 15.9288883209, 16.3352375031, 16.7764167786, 17.2292060852, 17.6703853607, 18.1115646362, 18.5527439117, 19.0055332184, 19.3886623383, 19.7717914581, 20.154920578, 20.5380496979, 20.9792289734, 21.4204082489, 21.8615875244, 22.2911567688, 22.7091159821, 23.1270751953, 23.5450344086, 23.974603653, 24.40417099, 24.8337402344, 25.2633094788, 25.6928787231, 26.1224479675, 26.5520172119, 26.9931964874, 27.4343757629],
