{
"metadata": {
    "version": {
        "essentia": "2.1-beta5",
        "essentia_git_sha": "Undefined",
        "extractor": "music 2.0"
    },
    "audio_properties": {
        "analysis": {
            "equal_loudness": 0,
            "length": 32.4963264465,
            "sample_rate": 44100,
            "start_time": 12.7477550507,
            "downmix": "mix"
        },
        "bit_rate": 192000,
        "length": 188.220962524,
        "lossless": 0,
        "number_channels": 2,
        "replay_gain": 2.56959342957,
        "sample_rate": 48000,
        "codec": "mp3",
        "md5_encoded": "b9c26ebdf6b470061c75e8f8908712ee"
    },
    "tags": {
        "file_name": "Finland_Takes 2 To Tango_Jari Sillanpää.mp3",
        "encoding": ["Lavf58.29.100"]
    }
},
"lowlevel": {
    "average_loudness": 0.938794612885,
    "barkbands_crest": {
        "max": 24.8035259247,
        "mean": 9.57506752014,
        "min": 2.84698748589,
        "stdev": 3.67141580582
    },
    "barkbands_flatness_db": {
        "max": 0.330966472626,
        "mean": 0.16529622674,
        "min": 0.0613325871527,
        "stdev": 0.0377725437284
    },
    "barkbands_kurtosis": {
        "max": 60.4651451111,
        "mean": 3.01916122437,
        "min": -1.80121874809,
        "stdev": 5.73384094238
    },
    "barkbands_skewness": {
        "max": 6.62015914917,
        "mean": 1.25878095627,
        "min": -2.4243786335,
        "stdev": 1.1187993288
    },
    "barkbands_spread": {
        "max": 83.0651168823,
        "mean": 20.8827419281,
        "min": 0.980276823044,
        "stdev": 10.9867868423
    },
    "dissonance": {
        "max": 0.499915152788,
        "mean": 0.461589902639,
        "min": 0.286222159863,
        "stdev": 0.0314533859491
    },
    "dynamic_complexity": 2.65245270729,
    "erbbands_crest": {
        "max": 27.5998325348,
        "mean": 9.73689365387,
        "min": 2.67612075806,
        "stdev": 4.4449596405
    },
    "erbbands_flatness_db": {
        "max": 0.362797468901,
        "mean": 0.183880150318,
        "min": 0.0891712158918,
        "stdev": 0.0444595851004
    },
    "erbbands_kurtosis": {
        "max": 37.7770690918,
        "mean": 0.987771332264,
        "min": -1.58751964569,
        "stdev": 2.87733602524
    },
    "erbbands_skewness": {
        "max": 4.83374834061,
        "mean": 0.227415025234,
        "min": -2.54162335396,
        "stdev": 0.839929819107
    },
    "erbbands_spread": {
        "max": 128.870986938,
        "mean": 33.1889152527,
        "min": 2.82009387016,
        "stdev": 17.9360466003
    },
    "hfc": {
        "max": 130.179092407,
        "mean": 18.3187847137,
        "min": 0.432877004147,
        "stdev": 18.7204494476
    },
    "loudness_ebu128": {
        "integrated": -26.9671611786,
        "loudness_range": 4.01221084595,
        "momentary": {
            "max": -21.4344081879,
            "mean": -27.4937095642,
            "min": -32.8230743408,
            "stdev": 2.08056640625
        },
        "short_term": {
            "max": -23.9676055908,
            "mean": -27.0760917664,
            "min": -29.2528972626,
            "stdev": 1.34086453915
        }
    },
    "melbands_crest": {
        "max": 29.1699867249,
        "mean": 13.7241268158,
        "min": 4.36078453064,
        "stdev": 4.84205198288
    },
    "melbands_flatness_db": {
        "max": 0.351193040609,
        "mean": 0.192789494991,
        "min": 0.0481878854334,
        "stdev": 0.0510375872254
    },
    "melbands_kurtosis": {
        "max": 135.720489502,
        "mean": 9.79222393036,
        "min": -1.6585931778,
        "stdev": 14.1167726517
    },
    "melbands_skewness": {
        "max": 9.68855571747,
        "mean": 2.18408989906,
        "min": -1.43731570244,
        "stdev": 1.58509576321
    },
    "melbands_spread": {
        "max": 137.026077271,
        "mean": 23.9157333374,
        "min": 1.55613660812,
        "stdev": 14.1981515884
    },
    "pitch_salience": {
        "max": 0.83246576786,
        "mean": 0.551657617092,
        "min": 0.162313550711,
        "stdev": 0.114438422024
    },
    "silence_rate_20dB": {
        "max": 1,
        "mean": 1,
        "min": 1,
        "stdev": 0
    },
    "silence_rate_30dB": {
        "max": 1,
        "mean": 1,
        "min": 1,
        "stdev": 0
    },
    "silence_rate_60dB": {
        "max": 1,
        "mean": 0.0221270527691,
        "min": 0,
        "stdev": 0.147096961737
    },
    "spectral_centroid": {
        "max": 3417.25488281,
        "mean": 1200.47033691,
        "min": 362.421295166,
        "stdev": 461.00680542
    },
    "spectral_complexity": {
        "max": 46,
        "mean": 16.3704490662,
        "min": 1,
        "stdev": 7.61410951614
    },
    "spectral_decrease": {
        "max": -1.31637728495e-10,
        "mean": -5.57141799362e-09,
        "min": -2.28333725261e-08,
        "stdev": 4.08228428839e-09
    },
    "spectral_energy": {
        "max": 0.0961514636874,
        "mean": 0.0226893946528,
        "min": 0.000536095467396,
        "stdev": 0.0168142616749
    },
    "spectral_energyband_high": {
        "max": 0.00785669032484,
        "mean": 0.000460367562482,
        "min": 3.90515060644e-06,
        "stdev": 0.000837138912175
    },
    "spectral_energyband_low": {
        "max": 0.0460679829121,
        "mean": 0.00583794293925,
        "min": 1.95621214516e-05,
        "stdev": 0.00627905828878
    },
    "spectral_energyband_middle_high": {
        "max": 0.0651627182961,
        "mean": 0.00604992546141,
        "min": 0.000120202959806,
        "stdev": 0.00758988503367
    },
    "spectral_energyband_middle_low": {
        "max": 0.0755841583014,
        "mean": 0.010993892327,
        "min": 0.000173129097675,
        "stdev": 0.011466880329
    },
    "spectral_entropy": {
        "max": 8.64474773407,
        "mean": 7.54204845428,
        "min": 6.02420473099,
        "stdev": 0.359578341246
    },
    "spectral_flux": {
        "max": 0.25853228569,
        "mean": 0.0840285122395,
        "min": 0.0115020070225,
        "stdev": 0.0452382192016
    },
    "spectral_kurtosis": {
        "max": 16.5639839172,
        "mean": 4.62828540802,
        "min": -0.838520526886,
        "stdev": 2.66942882538
    },
    "spectral_rms": {
        "max": 0.00968536548316,
        "mean": 0.00440707569942,
        "min": 0.000723201199435,
        "stdev": 0.0016473212745
    },
    "spectral_rolloff": {
        "max": 9926.80664062,
        "mean": 1368.94946289,
        "min": 86.1328125,
        "stdev": 950.417297363
    },
    "spectral_skewness": {
        "max": 3.00165629387,
        "mean": 1.68145871162,
        "min": 0.318231791258,
        "stdev": 0.420831739902
    },
    "spectral_spread": {
        "max": 16850446,
        "mean": 4278046,
        "min": 1977198.5,
        "stdev": 1408151.125
    },
    "spectral_strongpeak": {
        "max": 14.1279335022,
        "mean": 1.17706656456,
        "min": 0.00692561082542,
        "stdev": 1.76472342014
    },
    "zerocrossingrate": {
        "max": 0.27685546875,
        "mean": 0.0551559142768,
        "min": 0.00732421875,
        "stdev": 0.0246834978461
    },
    "barkbands": {
        "max": [0.000320210703649, 0.0293845459819, 0.025770643726, 0.0265116617084, 0.0420102328062, 0.0443159751594, 0.0106311077252, 0.0526845678687, 0.0749465450644, 0.0401812084019, 0.0271082222462, 0.0173971056938, 0.0174935795367, 0.0301896594465, 0.0405051372945, 0.0208643805236, 0.00481440499425, 0.00342721864581, 0.00233664480038, 0.001102917362, 0.000830117147416, 0.00128383538686, 0.00213121203706, 0.00351268192753, 0.00104820856359, 8.37589686853e-06, 2.15614761601e-07],
        "mean": [3.84702361771e-05, 0.00297989253886, 0.00229384726845, 0.0011614797404, 0.00238964729942, 0.00217036530375, 0.00120322732255, 0.00147985783406, 0.00234568864107, 0.000840417516883, 0.000596963975113, 0.000426492333645, 0.000739073031582, 0.000905056658667, 0.00113848876208, 0.000714381283615, 0.000424788828241, 0.000179780865437, 0.000156028690981, 8.20016575744e-05, 5.93114600633e-05, 8.05943054729e-05, 0.000108288622869, 0.00012316867651, 5.2039817092e-05, 4.1467174583e-08, 1.3665421017e-09],
        "min": [6.14297057666e-10, 2.13816110772e-06, 2.54387396126e-06, 1.15757654839e-06, 1.50628502524e-05, 3.01920363199e-06, 1.88392573364e-06, 3.49718970938e-06, 5.82993743592e-06, 2.38135930886e-06, 7.40711311664e-06, 3.64868924407e-06, 8.38568757899e-06, 5.06611559103e-06, 6.62506818117e-06, 7.88302713772e-06, 2.94813617074e-06, 2.39465748564e-06, 1.89970592146e-06, 6.17837315531e-07, 1.02607407371e-06, 9.40098857427e-07, 6.05133436693e-07, 2.70188195373e-07, 1.50177768887e-07, 2.32007649204e-10, 2.610122396e-10],
        "stdev": [4.84440824948e-05, 0.00413526128978, 0.00292016658932, 0.00267731468193, 0.00376222888008, 0.00354261160828, 0.00181226700079, 0.00400186516345, 0.00645586941391, 0.0025482987985, 0.00150818098336, 0.0012222037185, 0.00156836980022, 0.00245428155176, 0.00334354117513, 0.00174550781958, 0.000586819427554, 0.000274771853583, 0.000244670198299, 0.00011373864254, 8.59965439304e-05, 0.000133414490847, 0.000232416627114, 0.000311877694912, 9.91118649836e-05, 2.57868293829e-07, 8.2942568369e-09]
    },
    "erbbands": {
        "max": [0.618889808655, 7.89618062973, 30.9900074005, 54.2651557922, 108.602363586, 153.328277588, 302.739257812, 308.489593506, 138.90826416, 546.131652832, 1011.82574463, 1502.6282959, 996.894104004, 1352.19189453, 459.99407959, 670.335754395, 762.746520996, 985.214782715, 1889.3059082, 757.908447266, 1090.25183105, 304.946075439, 186.681167603, 157.692092896, 93.861076355, 52.8604202271, 37.4980812073, 40.7490730286, 47.4563789368, 38.2180747986, 68.68384552, 92.6147460938, 42.6722602844, 13.6561832428, 5.53071069717, 0.335447013378, 0.00840873550624, 0.000659355486277, 0.000140595439007, 0.000134379617521],
        "mean": [0.0660216957331, 0.756037533283, 2.65479516983, 3.120626688, 5.31647825241, 8.30407524109, 12.9703550339, 20.7583961487, 15.7947797775, 26.2190170288, 32.8452682495, 57.6893234253, 30.0466518402, 28.2214508057, 23.0667552948, 19.0876274109, 34.0228271484, 37.145778656, 79.511100769, 38.8021240234, 34.1017227173, 21.9511508942, 11.4635658264, 8.78172779083, 6.86401128769, 4.05111837387, 2.52864122391, 2.4869685173, 2.79133033752, 2.78479981422, 3.32192969322, 3.02868318558, 1.6930205822, 0.773833751678, 0.277134209871, 0.0155466543511, 0.000458894035546, 3.97259354941e-05, 1.81517025339e-05, 2.83558838419e-05],
        "min": [4.91837017762e-05, 0.00106596888509, 0.0069134584628, 0.0167361088097, 0.0311345793307, 0.0481022074819, 0.0537554770708, 0.0291726700962, 0.0458259359002, 0.0752294361591, 0.0916554629803, 0.223301917315, 0.153403013945, 0.176601812243, 0.410385012627, 0.319881886244, 0.464064389467, 0.397106230259, 0.356257021427, 0.394235938787, 0.495923608541, 0.196357563138, 0.278977066278, 0.0968005955219, 0.0981948524714, 0.0325523465872, 0.0341825820506, 0.0285510979593, 0.0362629182637, 0.0146320043132, 0.0170223489404, 0.00746807549149, 0.00428203586489, 0.00243754032999, 0.000769244157709, 3.96311261284e-05, 3.45131570612e-06, 4.90516413265e-07, 9.46917850797e-07, 1.94939570974e-06],
        "stdev": [0.0943418592215, 1.05994737148, 3.34043669701, 5.19445228577, 12.1052942276, 12.4028244019, 22.064081192, 33.0918235779, 23.9212646484, 49.5460777283, 83.9915084839, 161.610534668, 72.2593307495, 83.4966964722, 41.1989402771, 49.3250541687, 69.2976531982, 81.2178955078, 218.430496216, 73.3278121948, 80.5157623291, 29.7829341888, 15.0776853561, 14.4469537735, 10.6545791626, 5.55097579956, 3.54356694221, 3.72017526627, 4.69234657288, 4.93992614746, 7.5869641304, 7.9745054245, 4.15331745148, 1.50850176811, 0.513292133808, 0.0300889760256, 0.000847820308991, 6.95235212334e-05, 1.77580222953e-05, 2.17136021092e-05]
    },
    "gfcc": {
        "mean": [-18.4831867218, 116.118133545, -140.709884644, 41.194606781, -68.222984314, 27.7962284088, -49.7099227905, 9.23535633087, -11.1221504211, -8.19969654083, -5.28945684433, -14.3702335358, 3.06580328941],
        "cov": [[2284.60400391, -485.029785156, -50.6786651611, 16.2139530182, -215.538238525, 122.256828308, -189.620407104, 15.8657226562, -75.3814163208, 82.7859115601, -32.3692512512, -70.1638031006, -84.5665817261], [-485.029785156, 656.40625, 54.2248878479, -34.3928260803, 167.370529175, -127.336349487, 178.912521362, -7.63065862656, 89.9717712402, -51.8882637024, 62.0891723633, -3.71033239365, 29.0533676147], [-50.6786651611, 54.2248878479, 564.941894531, 199.060195923, -9.74186897278, 113.17301178, -7.11706113815, 42.6966362, -27.1025314331, 47.021282196, 19.0012016296, 44.7543716431, -37.4511375427], [16.2139530182, -34.3928260803, 199.060195923, 402.499450684, 156.108016968, 64.6359786987, 11.880115509, 23.4058704376, 28.8953342438, 8.92978000641, -3.05969381332, 32.8861923218, 1.65316164494], [-215.538238525, 167.370529175, -9.74186897278, 156.108016968, 300.667144775, 49.5353126526, 83.7559204102, 58.459072113, 72.5884780884, -5.14989757538, -20.9766750336, -18.1463298798, 20.8283233643], [122.256828308, -127.336349487, 113.17301178, 64.6359786987, 49.5353126526, 255.735229492, 104.811317444, 54.1857147217, -24.8890323639, 2.50167036057, -17.9187355042, -3.27688169479, -39.7304649353], [-189.620407104, 178.912521362, -7.11706113815, 11.880115509, 83.7559204102, 104.811317444, 282.076538086, 75.4576644897, 14.6202297211, -52.1593513489, 7.37914323807, 4.33414745331, -11.2717962265], [15.8657226562, -7.63065862656, 42.6966362, 23.4058704376, 58.459072113, 54.1857147217, 75.4576644897, 136.614593506, 43.7343902588, 21.8412952423, -9.40205192566, 8.31179332733, -1.06049048901], [-75.3814163208, 89.9717712402, -27.1025314331, 28.8953342438, 72.5884780884, -24.8890323639, 14.6202297211, 43.7343902588, 146.060638428, 53.8326721191, 11.7654590607, -11.4594783783, 15.9369096756], [82.7859115601, -51.8882637024, 47.021282196, 8.92978000641, -5.14989757538, 2.50167036057, -52.1593513489, 21.8412952423, 53.8326721191, 126.418113708, 24.8945121765, -1.60456609726, -1.54740786552], [-32.3692512512, 62.0891723633, 19.0012016296, -3.05969381332, -20.9766750336, -17.9187355042, 7.37914323807, -9.40205192566, 11.7654590607, 24.8945121765, 105.791397095, 48.0499038696, 7.796043396], [-70.1638031006, -3.71033239365, 44.7543716431, 32.8861923218, -18.1463298798, -3.27688169479, 4.33414745331, 8.31179332733, -11.4594783783, -1.60456609726, 48.0499038696, 88.877166748, 32.7565536499], [-84.5665817261, 29.0533676147, -37.4511375427, 1.65316164494, 20.8283233643, -39.7304649353, -11.2717962265, -1.06049048901, 15.9369096756, -1.54740786552, 7.796043396, 32.7565536499, 76.1722564697]],
        "icov": [[0.000664797669742, -0.000452314154245, 0.000677962147165, -0.000731729145627, 0.00109052855987, -0.000974908471107, 0.000973566726316, -0.000974547991063, 0.000574395409785, -0.000404426100431, -8.54618047015e-05, 0.000722092983779, 0.000153428816702], [-0.000452314154245, 0.00946987047791, -0.00592478504404, 0.005358599592, -0.00792289990932, 0.00888427998871, -0.00834182091057, 0.00646996265277, -0.00473182834685, 0.00386127992533, -0.00448475591838, 0.00168747233693, -0.000685633916873], [0.000677962147165, -0.00592478504404, 0.0067058741115, -0.00509384879842, 0.00611483957618, -0.00659573357552, 0.00582101149485, -0.00525492150337, 0.0038583856076, -0.00345633062534, 0.00250317179598, -0.00150217174087, 0.00160833541304], [-0.000731729145627, 0.005358599592, -0.00509384879842, 0.00784655567259, -0.00765367643908, 0.00513867754489, -0.00462613906711, 0.00524498196319, -0.0036966027692, 0.0025985147804, -0.00129798764829, -0.00226634833962, 0.000564191199373], [0.00109052855987, -0.00792289990932, 0.00611483957618, -0.00765367643908, 0.0135841853917, -0.00879137590528, 0.00667047826573, -0.00752778118476, 0.00254644756205, -0.00260788970627, 0.00310123688541, 0.00243987864815, -0.00196480797604], [-0.000974908471107, 0.00888427998871, -0.00659573357552, 0.00513867754489, -0.00879137590528, 0.0150367664173, -0.0105510270223, 0.00578140933067, -0.00268041435629, 0.00202548177913, -0.00250560208224, 0.000162740790984, 0.00172908662353], [0.000973566726316, -0.00834182091057, 0.00582101149485, -0.00462613906711, 0.00667047826573, -0.0105510270223, 0.0140649536625, -0.00905582122505, 0.00348110869527, 0.000192325780517, 0.00143536680844, -0.000416678318288, 0.00116079417057], [-0.000974547991063, 0.00646996265277, -0.00525492150337, 0.00524498196319, -0.00752778118476, 0.00578140933067, -0.00905582122505, 0.0167810898274, -0.00646259821951, 0.00034980851342, 0.00092744838912, -0.00380215328187, 0.000619623519015], [0.000574395409785, -0.00473182834685, 0.0038583856076, -0.0036966027692, 0.00254644756205, -0.00268041435629, 0.00348110869527, -0.00646259821951, 0.0142628978938, -0.00690953107551, 0.00034417558345, 0.0026328091044, -0.00154135702178], [-0.000404426100431, 0.00386127992533, -0.00345633062534, 0.0025985147804, -0.00260788970627, 0.00202548177913, 0.000192325780517, 0.00034980851342, -0.00690953107551, 0.0148599641398, -0.00586658949032, 0.00296564120799, -0.000802001624834], [-8.54618047015e-05, -0.00448475591838, 0.00250317179598, -0.00129798764829, 0.00310123688541, -0.00250560208224, 0.00143536680844, 0.00092744838912, 0.00034417558345, -0.00586658949032, 0.0182822570205, -0.0121027315035, 0.00408723996952], [0.000722092983779, 0.00168747233693, -0.00150217174087, -0.00226634833962, 0.00243987864815, 0.000162740790984, -0.000416678318288, -0.00380215328187, 0.0026328091044, 0.00296564120799, -0.0121027315035, 0.0255257934332, -0.0114570362493], [0.000153428816702, -0.000685633916873, 0.00160833541304, 0.000564191199373, -0.00196480797604, 0.00172908662353, 0.00116079417057, 0.000619623519015, -0.00154135702178, -0.000802001624834, 0.00408723996952, -0.0114570362493, 0.0207727961242]]
    },
    "melbands": {
        "max": [0.00650883093476, 0.0124765262008, 0.0104855559766, 0.00745687121525, 0.0100052738562, 0.00723365554586, 0.00228810706176, 0.00886003300548, 0.00874791108072, 0.0118259601295, 0.00498281279579, 0.0061187534593, 0.00261393282562, 0.00234274822287, 0.00272320606746, 0.00239896005951, 0.00162170140538, 0.00375072588213, 0.00271354266442, 0.00160955695901, 0.00108106480911, 0.000344286934705, 0.000328982510837, 0.000209495483432, 0.000135501322802, 9.2382193543e-05, 3.95953247789e-05, 3.29772447003e-05, 2.18916065933e-05, 2.20922283916e-05, 3.04200166283e-05, 3.4014297853e-05, 2.43355407292e-05, 2.33150985878e-05, 4.14240457758e-05, 4.46428493888e-05, 6.19342608843e-05, 3.59807090717e-05, 1.6242323909e-05, 1.08399008241e-05],
        "mean": [0.000715565460268, 0.00122363236733, 0.000622137915343, 0.000479534268379, 0.000463724049041, 0.000437180919107, 0.000242994588916, 0.000305133027723, 0.000278533610981, 0.00036368588917, 0.000141734883073, 0.000113818321552, 8.23543523438e-05, 4.74479311379e-05, 6.05827553954e-05, 7.78384783189e-05, 6.46492771921e-05, 0.000133571273182, 6.4763778937e-05, 5.3703039157e-05, 3.5140896216e-05, 2.41353391175e-05, 1.49129855345e-05, 8.4876182882e-06, 6.89648004482e-06, 5.69517442273e-06, 3.5478637983e-06, 2.48033961725e-06, 1.56801581852e-06, 1.44823502524e-06, 1.44823206938e-06, 1.63742492987e-06, 1.49138713823e-06, 1.53079633947e-06, 2.02749492928e-06, 1.69675718098e-06, 1.921135663e-06, 1.30491582695e-06, 7.90135970874e-07, 6.01730164362e-07],
        "min": [5.72236899643e-07, 4.30647514804e-06, 5.62281366001e-06, 2.71228805104e-06, 2.25833127843e-06, 6.54316750115e-07, 6.63216042085e-07, 8.03425848517e-07, 7.41745338928e-07, 9.99120402412e-07, 6.35659262116e-07, 6.18541889708e-07, 1.24246878386e-06, 8.61502257976e-07, 5.16408078965e-07, 1.00483975984e-06, 6.12331234606e-07, 5.01537385844e-07, 5.03279807162e-07, 5.1482498975e-07, 5.29443298092e-07, 1.76295500864e-07, 1.93099651824e-07, 1.47116438143e-07, 6.3434185904e-08, 6.57496244116e-08, 3.13112948902e-08, 1.65948303987e-08, 2.01895478114e-08, 1.93505780288e-08, 8.3207991608e-09, 2.20998828127e-08, 1.10043831825e-08, 6.67450450464e-09, 9.69829638819e-09, 7.37716776555e-09, 2.72829425718e-09, 2.33938757255e-09, 3.10499559397e-09, 1.38541733641e-09],
        "stdev": [0.00100081751589, 0.00145728606731, 0.00110060640145, 0.000795379281044, 0.000725056917872, 0.000697508745361, 0.000375278876163, 0.000659825280309, 0.000734747911338, 0.00107306230348, 0.000364817533409, 0.000363069120795, 0.000173486667336, 0.000119420343253, 0.00015743264521, 0.000179965471034, 0.000153913191753, 0.000373050977942, 0.000177917812834, 0.000126587008708, 7.79146284913e-05, 3.55651573045e-05, 2.30551995628e-05, 1.50491041495e-05, 1.25803580886e-05, 9.61853675108e-06, 5.25293489773e-06, 3.53995278601e-06, 2.22501194003e-06, 2.26375391321e-06, 2.28029466598e-06, 2.93180869448e-06, 2.54909605246e-06, 2.76926562037e-06, 4.6832674343e-06, 4.24189829573e-06, 5.16239560966e-06, 3.3452840853e-06, 1.73145360804e-06, 1.12267230179e-06]
    },
    "melbands128": {
        "max": [0.000308530288748, 0.00457653263584, 0.00940226856619, 0.0143172582611, 0.0184543263167, 0.0113352295011, 0.0107466736808, 0.0144938081503, 0.0128075229004, 0.0103911925107, 0.00974372215569, 0.0134898992255, 0.0139658171684, 0.0169949475676, 0.0083375107497, 0.00749006122351, 0.00427046231925, 0.00371986860409, 0.00403185095638, 0.00580074684694, 0.0210521984845, 0.0154106598347, 0.0113238841295, 0.017419943586, 0.0120115950704, 0.0281652249396, 0.010300308466, 0.0100559480488, 0.0064221676439, 0.013374033384, 0.00434229476377, 0.00880123209208, 0.00328968418762, 0.00312967947684, 0.00286667817272, 0.00484804110602, 0.00299860024825, 0.00620874390006, 0.00329226255417, 0.00380766391754, 0.00459738681093, 0.0068308734335, 0.00234799738973, 0.00206093117595, 0.00739998649806, 0.00770613458008, 0.00970747321844, 0.0029116384685, 0.00130133959465, 0.00256782537326, 0.0020375228487, 0.00455241603777, 0.00102853530552, 0.000668299733661, 0.000463318661787, 0.000481368857436, 0.000478697795188, 0.000822500966024, 0.000268899573712, 0.000223968570936, 0.00029341026675, 0.000270763441222, 0.000301561551169, 0.000154006906087, 0.000238651089603, 0.000141390351928, 0.000183156866115, 6.44268729957e-05, 5.90942618146e-05, 7.15777423466e-05, 4.32886190538e-05, 3.94631751988e-05, 3.05461362586e-05, 2.17931101361e-05, 4.75456363347e-05, 4.00384888053e-05, 3.73589391529e-05, 2.8185913834e-05, 4.15117501689e-05, 3.27835441567e-05, 5.27984884684e-05, 2.9117003578e-05, 2.86046179099e-05, 3.18608363159e-05, 4.50939951406e-05, 2.70205582638e-05, 3.20432081935e-05, 3.21069383062e-05, 7.14654815965e-05, 4.67892277811e-05, 3.55695956387e-05, 7.3425930168e-05, 4.84975316795e-05, 8.4708306531e-05, 5.09100646013e-05, 4.02477817261e-05, 4.44282632088e-05, 2.23840524995e-05, 1.97263470909e-05, 2.15158252104e-05, 1.28019355543e-05, 1.27841012727e-05, 1.24249718283e-05, 8.69771884027e-06, 1.01935002021e-05, 5.07584763909e-06, 2.63036395154e-06, 3.81987746323e-07, 1.81003134703e-09, 1.65609592706e-09, 1.50653312048e-09, 1.42230283107e-09, 1.331254329e-09, 1.24309518235e-09, 1.18547716088e-09, 1.12543230291e-09, 1.0922487359e-09, 1.04189157302e-09, 9.95967086581e-10, 9.65645452489e-10, 9.31746013677e-10, 8.97557528301e-10, 8.71548111459e-10, 8.63413895935e-10, 8.35780777919e-10, 8.25367330037e-10, 8.17070855419e-10, 8.1121903639e-10],
        "mean": [3.71942733182e-05, 0.000416022638092, 0.000996082904749, 0.00129859289154, 0.00148956663907, 0.000982396770269, 0.000585019122809, 0.00061180134071, 0.000524100323673, 0.000451046420494, 0.000446634541731, 0.00051702169003, 0.000401776691433, 0.000474814674817, 0.000602878455538, 0.000319898768794, 0.000185823140782, 0.000278433901258, 0.000232920079725, 0.000294429599307, 0.000368750741472, 0.000269043201115, 0.000234582097619, 0.000311834039167, 0.000415636750404, 0.000430544401752, 0.000161018266226, 0.000116631454148, 9.19556914596e-05, 0.000140600575833, 0.00010662976274, 9.10366579774e-05, 9.19310041354e-05, 7.27508158889e-05, 4.22045777668e-05, 4.34200082964e-05, 4.77164212498e-05, 5.42714878975e-05, 7.3469011113e-05, 8.24969320092e-05, 7.7972872532e-05, 7.47265075915e-05, 5.13081067766e-05, 5.5393200455e-05, 0.00011374209862, 0.000158774535521, 0.000159640578204, 5.10375357408e-05, 2.62905068666e-05, 5.54094622203e-05, 5.14873136126e-05, 6.9953079219e-05, 2.84017169179e-05, 2.82481432805e-05, 2.92681488645e-05, 2.48161031777e-05, 1.63612639881e-05, 2.34586423176e-05, 1.05703738882e-05, 6.58886574456e-06, 8.84343990037e-06, 9.69554093899e-06, 7.57961834097e-06, 5.55456290385e-06, 6.55094572721e-06, 5.25450514033e-06, 6.49309504297e-06, 3.66057497558e-06, 2.79812343251e-06, 3.21482116306e-06, 2.49550339504e-06, 2.37888093579e-06, 1.56509156568e-06, 1.48577714754e-06, 1.36896562708e-06, 1.49786421844e-06, 1.55445411565e-06, 1.18607158583e-06, 1.4238098629e-06, 1.75430693616e-06, 1.67834753029e-06, 1.49287586737e-06, 1.55051066031e-06, 1.50206687977e-06, 1.48861556681e-06, 1.42921066981e-06, 1.64505297562e-06, 1.53583721385e-06, 2.58739282799e-06, 1.828267159e-06, 1.45988008171e-06, 1.79905896402e-06, 1.7873288698e-06, 2.25314556701e-06, 1.77398010237e-06, 1.4017199419e-06, 1.29063346321e-06, 9.50058392846e-07, 8.05897343525e-07, 7.07509400399e-07, 6.59919351165e-07, 6.36814775135e-07, 4.5339700705e-07, 4.12733982103e-07, 3.56721642447e-07, 2.51251350392e-07, 5.63669644293e-08, 2.45720666037e-09, 1.32684375639e-11, 9.32957096994e-12, 8.49048956142e-12, 8.27985510016e-12, 7.80697208269e-12, 7.36898909948e-12, 7.13255973381e-12, 6.93330896168e-12, 6.7152121537e-12, 6.49467112035e-12, 6.3710287046e-12, 6.21510742177e-12, 6.02122345039e-12, 5.92689265722e-12, 5.87726785642e-12, 5.71702451005e-12, 5.21943599452e-12, 4.43365873529e-12, 4.00501203382e-12, 3.92614369835e-12],
        "min": [6.01300398362e-10, 6.24686791184e-09, 7.20278805488e-08, 3.15049021538e-07, 2.20563288167e-06, 1.16489582069e-06, 1.283985398e-06, 6.38155995603e-07, 4.70460577162e-07, 6.7688387162e-07, 2.51835302834e-07, 7.75240266648e-07, 2.79104938272e-07, 4.43151748186e-07, 1.72220069317e-07, 1.24722035366e-07, 3.38429686053e-07, 8.43626608571e-08, 2.29124935913e-07, 3.83524763947e-07, 2.53336565947e-07, 3.03825260062e-07, 3.52513694679e-07, 5.095143365e-07, 4.97509859088e-07, 2.092371858e-07, 1.77534019485e-07, 2.2596020699e-07, 7.51836353174e-08, 2.82026263676e-07, 3.03445347072e-07, 2.49353149684e-07, 2.24627484613e-07, 9.02244750023e-08, 3.3469001437e-07, 2.37556051275e-07, 2.12769265318e-07, 2.78011611954e-07, 3.40873100413e-07, 2.21657089128e-07, 3.01094274846e-07, 2.55565424823e-07, 2.56134200072e-07, 3.04629054426e-07, 3.50695842144e-07, 3.57916889016e-07, 3.54303011818e-07, 2.01707450742e-07, 3.44727112633e-07, 1.49763380364e-07, 3.10418641902e-07, 1.59139602829e-07, 2.77090805412e-07, 8.48436059186e-08, 1.26357079466e-07, 1.18081246114e-07, 8.98646348446e-08, 6.53261622574e-08, 4.57319160319e-08, 5.48985106263e-08, 5.83887675987e-08, 4.67499567947e-08, 8.40471514607e-08, 5.63011965937e-08, 3.15362527203e-08, 4.09693790004e-08, 5.65198412517e-08, 2.88682926453e-08, 1.75700698435e-08, 2.7082094789e-08, 1.11651603518e-08, 1.07723883147e-08, 1.51410439742e-08, 9.34144139819e-09, 1.25680319485e-08, 1.3496337381e-08, 1.27018449092e-08, 5.7882787452e-09, 4.42673719903e-09, 9.49412370943e-09, 6.13062089982e-09, 1.85074036096e-08, 1.03039443644e-08, 7.48651096671e-09, 7.36454897066e-09, 5.2254334193e-09, 3.58820928525e-09, 2.9878866048e-09, 5.72914338193e-09, 7.0536807506e-09, 5.16680920271e-09, 3.4726739262e-09, 3.65213881359e-09, 1.86937554325e-09, 1.85194426461e-09, 2.03694927592e-09, 1.46208367635e-09, 1.67347313784e-09, 2.42006858997e-09, 1.81806658617e-09, 1.4939348647e-09, 7.70135122341e-10, 8.27455937102e-10, 8.68460303671e-10, 1.13866505114e-09, 3.86422061016e-10, 5.10276126908e-11, 1.13965596942e-12, 8.03909022684e-13, 8.36856842504e-13, 7.58719259294e-13, 7.21404327334e-13, 8.49063278453e-13, 8.43684659895e-13, 8.23856662144e-13, 5.78053609753e-13, 7.60322794308e-13, 7.9773855707e-13, 7.39751359127e-13, 8.12032841142e-13, 8.90333813619e-13, 7.45444016844e-13, 8.00925623566e-13, 8.96008907261e-13, 5.65995817922e-13, 2.55303373928e-13, 3.32914068763e-14, 8.38516613305e-16],
        "stdev": [4.7746761993e-05, 0.000626222230494, 0.0016046569217, 0.00194488069974, 0.001982729882, 0.00123437901493, 0.00101493508555, 0.00149106967729, 0.00135513197165, 0.000850278651342, 0.000724139797967, 0.00101291795727, 0.000871364085469, 0.00104215787724, 0.000998113653623, 0.000664988707285, 0.000376265059458, 0.000564916350413, 0.000460951734567, 0.000675313465763, 0.00123799964786, 0.00102967198472, 0.000883735949174, 0.00121156533714, 0.00127228896599, 0.00193704967387, 0.000567086332012, 0.00047417805763, 0.00033624653588, 0.000677778560203, 0.000359083263902, 0.000434632500401, 0.00020904855046, 0.000189453887288, 0.000141026554047, 0.000193933432456, 0.000170213199453, 0.000273099256447, 0.000204744850635, 0.0002451815526, 0.000274987396551, 0.000357951445039, 0.000161420772201, 0.000174784727278, 0.000457524176454, 0.000585138448514, 0.000724138633814, 0.000190026359633, 5.94308985455e-05, 0.000155225308845, 0.00014546905004, 0.000317487720167, 7.43888085708e-05, 6.4269574068e-05, 5.74863151996e-05, 5.3107542044e-05, 3.09302813548e-05, 5.04165218445e-05, 1.82733019756e-05, 1.45225585584e-05, 1.93311370822e-05, 2.14090068766e-05, 2.13656730921e-05, 1.20676904771e-05, 1.52991160576e-05, 1.08136664494e-05, 1.4392846424e-05, 6.36961885903e-06, 5.23973403688e-06, 5.62105333302e-06, 4.17597129854e-06, 4.0419799916e-06, 2.71268459073e-06, 2.47608136306e-06, 2.69180782198e-06, 2.8321451282e-06, 2.66696315521e-06, 2.07386301554e-06, 2.57063766185e-06, 3.02660851048e-06, 3.77621108782e-06, 2.87769807983e-06, 2.58446652879e-06, 2.88134128823e-06, 3.02103217109e-06, 2.89055788016e-06, 3.09683696287e-06, 3.34706101057e-06, 6.69818700771e-06, 4.45065825261e-06, 3.14870749207e-06, 5.43486748938e-06, 4.63857986688e-06, 6.93693846188e-06, 4.42683267465e-06, 3.68200585399e-06, 3.72433009943e-06, 2.32116144616e-06, 1.83050644864e-06, 1.68660119471e-06, 1.29747149913e-06, 1.24360417431e-06, 8.89026978257e-07, 8.24987864689e-07, 7.11752363713e-07, 4.90775448725e-07, 1.46196853734e-07, 1.2415169337e-08, 8.16813908178e-11, 6.45300202162e-11, 5.79589987115e-11, 5.4660453247e-11, 5.10404565834e-11, 4.77209521899e-11, 4.55238173547e-11, 4.32592919819e-11, 4.19417521547e-11, 4.00160425629e-11, 3.83213252797e-11, 3.71380565189e-11, 3.58386098576e-11, 3.45644242394e-11, 3.35675445773e-11, 3.3200921179e-11, 3.22295246047e-11, 3.18562468071e-11, 3.15558239261e-11, 3.13384908301e-11]
    },
    "mfcc": {
        "mean": [-644.348571777, 125.114608765, -3.60095739365, 9.44157409668, 12.6645717621, 4.76151371002, -8.76978969574, 4.44414997101, 0.282840132713, 4.2606716156, -1.04375362396, -1.33916270733, -1.86503207684],
        "cov": [[2437.1550293, -573.767272949, -0.23867353797, -171.897872925, -31.0486698151, -32.9781990051, -54.6353569031, -123.60597229, -104.415420532, 76.6418685913, -5.69646215439, -53.3020935059, -57.0947494507], [-573.767272949, 696.624511719, -103.780838013, 58.9940223694, -52.9224281311, -46.8678016663, 19.1623821259, 47.2884025574, 36.7852668762, -9.07066726685, 47.2712402344, 15.6499786377, 34.7833976746], [-0.23867353797, -103.780838013, 565.934936523, 47.3769645691, 37.3528327942, 53.9686050415, 46.2344474792, 1.12851130962, -38.6505508423, -43.7104644775, -1.21479201317, 77.6081542969, 54.4170303345], [-171.897872925, 58.9940223694, 47.3769645691, 325.417633057, 130.594680786, 46.0910339355, 0.414324164391, 32.4365158081, 55.0038375854, -13.0440063477, 4.4232339859, 30.749546051, 44.792552948], [-31.0486698151, -52.9224281311, 37.3528327942, 130.594680786, 249.30229187, 55.05909729, -22.0018501282, -14.5709161758, 46.6156539917, 27.3133621216, 6.11014223099, 13.4308862686, 28.8879470825], [-32.9781990051, -46.8678016663, 53.9686050415, 46.0910339355, 55.05909729, 166.15776062, 82.3760528564, 59.7236366272, 32.3178977966, 24.6363639832, 18.0132255554, 19.2815380096, -8.4000082016], [-54.6353569031, 19.1623821259, 46.2344474792, 0.414324164391, -22.0018501282, 82.3760528564, 197.764984131, 128.548461914, 28.6703071594, 1.3269559145, 14.6997251511, 10.0296964645, -5.35073280334], [-123.60597229, 47.2884025574, 1.12851130962, 32.4365158081, -14.5709161758, 59.7236366272, 128.548461914, 200.434555054, 66.0842437744, 6.11683320999, 13.9419527054, 12.8393583298, 4.00202512741], [-104.415420532, 36.7852668762, -38.6505508423, 55.0038375854, 46.6156539917, 32.3178977966, 28.6703071594, 66.0842437744, 146.586044312, 51.5937728882, 23.9393787384, -0.237791851163, -2.51297235489], [76.6418685913, -9.07066726685, -43.7104644775, -13.0440063477, 27.3133621216, 24.6363639832, 1.3269559145, 6.11683320999, 51.5937728882, 119.302757263, 52.4692077637, -3.84894704819, -8.94070053101], [-5.69646215439, 47.2712402344, -1.21479201317, 4.4232339859, 6.11014223099, 18.0132255554, 14.6997251511, 13.9419527054, 23.9393787384, 52.4692077637, 98.1734390259, 34.8090820312, 1.57990884781], [-53.3020935059, 15.6499786377, 77.6081542969, 30.749546051, 13.4308862686, 19.2815380096, 10.0296964645, 12.8393583298, -0.237791851163, -3.84894704819, 34.8090820312, 89.8255004883, 35.3773956299], [-57.0947494507, 34.7833976746, 54.4170303345, 44.792552948, 28.8879470825, -8.4000082016, -5.35073280334, 4.00202512741, -2.51297235489, -8.94070053101, 1.57990884781, 35.3773956299, 75.6851501465]],
        "icov": [[0.000562586646993, 0.000454340130091, 2.65282214968e-05, 4.446272942e-05, 7.11593165761e-05, 0.00019083560619, -0.000106580344436, 0.000144229823491, 0.00035272949026, -0.000458733091364, -0.000137119961437, 0.00018081413873, 2.49302902375e-05], [0.000454340130091, 0.00214533810504, 0.00039992260281, -0.000388841755921, 0.000607195193879, 0.000654563191347, -0.000319274433423, 1.50847608893e-05, -0.00014632276725, 0.000300671439618, -0.00135628436692, 0.000426855724072, -0.00102365971543], [2.65282214968e-05, 0.00039992260281, 0.00234166602604, -9.58277960308e-05, -7.5122625276e-05, -0.000460605457192, -0.000741439987905, 0.000506403157488, 0.000355964206392, 0.000627444067504, 9.70034743659e-05, -0.00149687915109, -0.00110875477549], [4.446272942e-05, -0.000388841755921, -9.58277960308e-05, 0.00468316720799, -0.00204965751618, -0.000865968992002, 0.000725278514437, -0.000573632947635, -0.00124954839703, 0.00161047070287, -0.000224919538596, -0.000198542387807, -0.00147640437353], [7.11593165761e-05, 0.000607195193879, -7.5122625276e-05, -0.00204965751618, 0.00637969654053, -0.00196224311367, 0.000816114246845, 0.00123346806504, -0.00137659604661, -0.00098213122692, 0.000143785087857, 0.000617466168478, -0.00207201414742], [0.00019083560619, 0.000654563191347, -0.000460605457192, -0.000865968992002, -0.00196224311367, 0.00994155555964, -0.00374969933182, -0.000583489600103, 0.000295476522297, -0.00198485841975, 0.000340531085385, -0.00205618701875, 0.00303425942548], [-0.000106580344436, -0.000319274433423, -0.000741439987905, 0.000725278514437, 0.000816114246845, -0.00374969933182, 0.0107397465035, -0.00603957474232, 0.000590763811488, 0.000863012624905, -0.00100563431624, 0.00110125006177, 0.000148943261593], [0.000144229823491, 1.50847608893e-05, 0.000506403157488, -0.000573632947635, 0.00123346806504, -0.000583489600103, -0.00603957474232, 0.0105593437329, -0.00373520632274, 0.000820654095151, 0.00018444993475, -0.000634620548226, -0.00117791176308], [0.00035272949026, -0.00014632276725, 0.000355964206392, -0.00124954839703, -0.00137659604661, 0.000295476522297, 0.000590763811488, -0.00373520632274, 0.0112389847636, -0.00470483163372, 0.000331966206431, 0.000127071863972, 0.0013654702343], [-0.000458733091364, 0.000300671439618, 0.000627444067504, 0.00161047070287, -0.00098213122692, -0.00198485841975, 0.000863012624905, 0.000820654095151, -0.00470483163372, 0.0153733640909, -0.00830083154142, 0.00338059011847, -0.00146335631143], [-0.000137119961437, -0.00135628436692, 9.70034743659e-05, -0.000224919538596, 0.000143785087857, 0.000340531085385, -0.00100563431624, 0.00018444993475, 0.000331966206431, -0.00830083154142, 0.0182138085365, -0.00849742628634, 0.00310748931952], [0.00018081413873, 0.000426855724072, -0.00149687915109, -0.000198542387807, 0.000617466168478, -0.00205618701875, 0.00110125006177, -0.000634620548226, 0.000127071863972, 0.00338059011847, -0.00849742628634, 0.0192978009582, -0.00765789160505], [2.49302902375e-05, -0.00102365971543, -0.00110875477549, -0.00147640437353, -0.00207201414742, 0.00303425942548, 0.000148943261593, -0.00117791176308, 0.0013654702343, -0.00146335631143, 0.00310748931952, -0.00765789160505, 0.0199604090303]]
    },
    "spectral_contrast_coeffs": {
        "max": [-0.453263878822, -0.423066556454, -0.492183297873, -0.575174033642, -0.660879075527, -0.679058074951],
        "mean": [-0.711329758167, -0.740977168083, -0.776905834675, -0.78723859787, -0.789636075497, -0.793857336044],
        "min": [-0.899281144142, -0.938410282135, -0.924501478672, -0.910693645477, -0.875036895275, -0.884271681309],
        "stdev": [0.0721762254834, 0.0797388404608, 0.0707304775715, 0.0624130703509, 0.0375541970134, 0.0297623742372]
    },
    "spectral_contrast_valleys": {
        "max": [-5.36003112793, -4.9368314743, -5.53005647659, -5.7034163475, -5.95754861832, -7.90332794189],
        "mean": [-6.7393321991, -6.66521310806, -7.29133415222, -7.29679346085, -7.76280498505, -10.1172065735],
        "min": [-8.75978279114, -8.39874649048, -8.73910331726, -8.65792942047, -9.44131088257, -12.2330245972],
        "stdev": [0.634782075882, 0.582884311676, 0.539409697056, 0.475710302591, 0.546365261078, 0.801035940647]
    }
},
"rhythm": {
    "beats_count": 73,
    "beats_loudness": {
        "max": 0.0801220089197,
        "mean": 0.0304206460714,
        "min": 0.00790860503912,
        "stdev": 0.0158010683954
    },
    "bpm": 137.501205444,
    "bpm_histogram_first_peak_bpm": 136,
    "bpm_histogram_first_peak_weight": 0.5,
    "bpm_histogram_second_peak_bpm": 126,
    "bpm_histogram_second_peak_spread": 0.200000047684,
    "bpm_histogram_second_peak_weight": 0.0555555559695,
    "danceability": 1.22453081608,
    "onset_rate": 4.46044874191,
    "beats_loudness_band_ratio": {
        "max": [0.897675514221, 0.674100756645, 0.644521415234, 0.564368247986, 0.551244795322, 0.203339457512],
        "mean": [0.440897852182, 0.158216580749, 0.156337618828, 0.11863963306, 0.101436771452, 0.0492558777332],
        "min": [0.0121856015176, 0.0125921322033, 0.00862237531692, 0.010393681936, 0.00864812452346, 0.0040219258517],
        "stdev": [0.214188575745, 0.131329119205, 0.132325768471, 0.110633447766, 0.0980578809977, 0.0442425496876]
    },
    "beats_position": [0.452789098024, 0.917188167572, 1.39319729805, 1.86920630932, 2.34521532059, 2.82122445107, 3.27401351929, 3.7151927948, 4.15637159348, 4.58594083786, 5.01551008224, 5.45668935776, 5.89786815643, 6.32743740082, 6.7570066452, 7.19818592072, 7.63936471939, 8.06893444061, 8.498503685, 8.93968200684, 9.38086128235, 9.81043052673, 10.2399997711, 10.6811790466, 11.110748291, 11.5403175354, 11.9814968109, 12.4226751328, 12.8638544083, 13.3050336838, 13.7346029282, 14.1641721725, 14.5937414169, 15.0233106613, 15.4644899368, 15.8940582275, 16.3236274719, 16.7648067474, 17.1943759918, 17.6239452362, 18.0651245117, 18.5063037872, 18.9474830627, 19.365442276, 19.8066215515, 20.247800827, 20.6773700714, 21.1069393158, 21.548116684, 21.9892959595, 22.4188652039, 22.8484344482, 23.2896137238, 23.7191829681, 24.1487522125, 24.589931488, 25.0311107635, 25.4722900391, 25.8902492523, 26.3314285278, 26.7609977722, 27.1905670166, 27.6317462921, 28.0729255676, 28.5257129669, 28.9785022736, 29.3848514557, 29.8144207001, 30.2439899445, 30.6735591888, 31.1147384644, 31.5559177399, 31.9970970154],
