{
"metadata": {
    "version": {
        "essentia": "2.1-beta5",
        "essentia_git_sha": "Undefined",
        "extractor": "music 2.0"
    },
    "audio_properties": {
        "analysis": {
            "equal_loudness": 0,
            "length": 32.4963264465,
            "sample_rate": 44100,
            "start_time": 126.490699768,
            "downmix": "mix"
        },
        "bit_rate": 192000,
        "length": 189.846359253,
        "lossless": 0,
        "number_channels": 2,
        "replay_gain": -8.64274978638,
        "sample_rate": 48000,
        "codec": "mp3",
        "md5_encoded": "9a8c8009085904aab331c8a8eb9de388"
    },
    "tags": {
        "file_name": "BosniaHerzegovina_In The Disco_Deen.mp3",
        "encoding": ["Lavf58.29.100"]
    }
},
"lowlevel": {
    "average_loudness": 0.94526553154,
    "barkbands_crest": {
        "max": 25.5312042236,
        "mean": 11.9178276062,
        "min": 2.30948114395,
        "stdev": 5.81427097321
    },
    "barkbands_flatness_db": {
        "max": 0.297620087862,
        "mean": 0.133744940162,
        "min": 0.030481852591,
        "stdev": 0.0502563454211
    },
    "barkbands_kurtosis": {
        "max": 67.2430496216,
        "mean": 3.52877211571,
        "min": -1.74173986912,
        "stdev": 7.21532773972
    },
    "barkbands_skewness": {
        "max": 7.53958082199,
        "mean": 1.32780396938,
        "min": -2.52210402489,
        "stdev": 1.39526367188
    },
    "barkbands_spread": {
        "max": 90.2572860718,
        "mean": 22.7340259552,
        "min": 2.40418720245,
        "stdev": 10.1649503708
    },
    "dissonance": {
        "max": 0.499867856503,
        "mean": 0.472837537527,
        "min": 0.318656057119,
        "stdev": 0.0227897260338
    },
    "dynamic_complexity": 2.86272335052,
    "erbbands_crest": {
        "max": 29.8358058929,
        "mean": 8.93848991394,
        "min": 2.57252717018,
        "stdev": 4.36444568634
    },
    "erbbands_flatness_db": {
        "max": 0.330046951771,
        "mean": 0.155160099268,
        "min": 0.0504890494049,
        "stdev": 0.0547784306109
    },
    "erbbands_kurtosis": {
        "max": 43.8395309448,
        "mean": 0.685455858707,
        "min": -1.769354105,
        "stdev": 2.67196178436
    },
    "erbbands_skewness": {
        "max": 5.67012357712,
        "mean": 0.136904120445,
        "min": -2.05059480667,
        "stdev": 0.756143927574
    },
    "erbbands_spread": {
        "max": 88.5369338989,
        "mean": 33.8709526062,
        "min": 3.31470966339,
        "stdev": 15.6724500656
    },
    "hfc": {
        "max": 124.890304565,
        "mean": 17.2498588562,
        "min": 0.724502980709,
        "stdev": 16.7763118744
    },
    "loudness_ebu128": {
        "integrated": -16.1473560333,
        "loudness_range": 3.97665977478,
        "momentary": {
            "max": -10.9134626389,
            "mean": -16.6715526581,
            "min": -22.2292995453,
            "stdev": 2.15534830093
        },
        "short_term": {
            "max": -13.8680267334,
            "mean": -16.4461460114,
            "min": -20.3896503448,
            "stdev": 1.41593968868
        }
    },
    "melbands_crest": {
        "max": 33.6912956238,
        "mean": 16.1853675842,
        "min": 3.27449464798,
        "stdev": 7.3605723381
    },
    "melbands_flatness_db": {
        "max": 0.379198551178,
        "mean": 0.176577433944,
        "min": 0.0494164340198,
        "stdev": 0.0635755583644
    },
    "melbands_kurtosis": {
        "max": 168.163208008,
        "mean": 12.4125566483,
        "min": -1.66576087475,
        "stdev": 19.4154987335
    },
    "melbands_skewness": {
        "max": 10.5696296692,
        "mean": 2.40653729439,
        "min": -1.69275999069,
        "stdev": 2.03128027916
    },
    "melbands_spread": {
        "max": 92.8901062012,
        "mean": 26.834602356,
        "min": 1.93802678585,
        "stdev": 15.6611814499
    },
    "pitch_salience": {
        "max": 0.894842624664,
        "mean": 0.49842017889,
        "min": 0.0874970257282,
        "stdev": 0.15822738409
    },
    "silence_rate_20dB": {
        "max": 1,
        "mean": 1,
        "min": 1,
        "stdev": 0
    },
    "silence_rate_30dB": {
        "max": 1,
        "mean": 0.997858643532,
        "min": 0,
        "stdev": 0.0462244339287
    },
    "silence_rate_60dB": {
        "max": 1,
        "mean": 0.0364025682211,
        "min": 0,
        "stdev": 0.18728749454
    },
    "spectral_centroid": {
        "max": 3025.48632812,
        "mean": 1664.79943848,
        "min": 568.97265625,
        "stdev": 483.91519165
    },
    "spectral_complexity": {
        "max": 45,
        "mean": 17.3647403717,
        "min": 1,
        "stdev": 6.84741973877
    },
    "spectral_decrease": {
        "max": -1.55762472365e-10,
        "mean": -5.80494630142e-09,
        "min": -3.32989991136e-08,
        "stdev": 5.47722400768e-09
    },
    "spectral_energy": {
        "max": 0.128895312548,
        "mean": 0.0234738253057,
        "min": 0.000653597700875,
        "stdev": 0.0215955972672
    },
    "spectral_energyband_high": {
        "max": 0.00354003347456,
        "mean": 0.000453296263004,
        "min": 1.34280653583e-05,
        "stdev": 0.000445879239123
    },
    "spectral_energyband_low": {
        "max": 0.107745833695,
        "mean": 0.0118770683184,
        "min": 3.06147057927e-07,
        "stdev": 0.016649492085
    },
    "spectral_energyband_middle_high": {
        "max": 0.0539497807622,
        "mean": 0.00522272288799,
        "min": 0.000137318507768,
        "stdev": 0.00608728686348
    },
    "spectral_energyband_middle_low": {
        "max": 0.0802117437124,
        "mean": 0.00639277510345,
        "min": 0.000215953186853,
        "stdev": 0.00882045645267
    },
    "spectral_entropy": {
        "max": 8.69789505005,
        "mean": 7.75912761688,
        "min": 5.97511720657,
        "stdev": 0.37643674016
    },
    "spectral_flux": {
        "max": 0.2733117342,
        "mean": 0.0858790054917,
        "min": 0.0195647086948,
        "stdev": 0.0467452518642
    },
    "spectral_kurtosis": {
        "max": 14.5547580719,
        "mean": 4.31778860092,
        "min": 0.180752754211,
        "stdev": 1.9193700552
    },
    "spectral_rms": {
        "max": 0.0112138986588,
        "mean": 0.00431729201227,
        "min": 0.000798533845227,
        "stdev": 0.0020645277109
    },
    "spectral_rolloff": {
        "max": 11434.1308594,
        "mean": 1618.09802246,
        "min": 64.599609375,
        "stdev": 1243.85583496
    },
    "spectral_skewness": {
        "max": 2.74718523026,
        "mean": 1.59400999546,
        "min": 0.937870144844,
        "stdev": 0.240623787045
    },
    "spectral_spread": {
        "max": 19901314,
        "mean": 4786264,
        "min": 2170693,
        "stdev": 1518363.125
    },
    "spectral_strongpeak": {
        "max": 10.4338722229,
        "mean": 1.05453574657,
        "min": 0,
        "stdev": 1.39037024975
    },
    "zerocrossingrate": {
        "max": 0.2333984375,
        "mean": 0.070037163794,
        "min": 0.0068359375,
        "stdev": 0.0330021120608
    },
    "barkbands": {
        "max": [0.0105145918205, 0.103736341, 0.0435789786279, 0.0318307951093, 0.00976280402392, 0.0187285561115, 0.0093183349818, 0.0376563072205, 0.0586616620421, 0.0291998963803, 0.0113765420392, 0.0114445285872, 0.0403508804739, 0.0173638742417, 0.0191557183862, 0.0138831837103, 0.00924185663462, 0.0228345617652, 0.0163261592388, 0.00193365907762, 0.000915898941457, 0.000853958190419, 0.000627448724117, 0.000560023763683, 0.00155650521629, 0.00051566795446, 5.85671796216e-06],
        "mean": [0.000361062557204, 0.00939009618014, 0.00172085920349, 0.000693522277288, 0.000686081417371, 0.000838024949189, 0.000475465581985, 0.000665753730573, 0.0028717033565, 0.000414139271015, 0.000500494032167, 0.000354872317985, 0.00120536168106, 0.000533975136932, 0.000435248657595, 0.000320332561387, 0.000317804981023, 0.000721185468137, 0.000456091074739, 0.000111835863208, 6.92315006745e-05, 9.25583881326e-05, 6.10016031715e-05, 6.68981010676e-05, 7.9179473687e-05, 3.10077884933e-05, 4.7368597933e-08],
        "min": [2.82317480504e-09, 8.00827848479e-08, 3.52950735305e-08, 1.12291846932e-08, 6.86484895596e-07, 4.29170177085e-06, 1.06354161744e-06, 4.03307467423e-06, 1.199097278e-05, 4.9553414101e-06, 3.76019625037e-06, 5.11171765538e-06, 1.0029416444e-05, 5.30367651663e-06, 7.03306523064e-06, 1.00911092886e-05, 8.64031881065e-06, 1.24477010104e-05, 6.79060030961e-06, 2.59306420958e-06, 3.72813588001e-06, 2.36153323385e-06, 1.05836488729e-06, 3.97360395255e-07, 1.81509378194e-07, 6.96892854535e-08, 2.49353055565e-11],
        "stdev": [0.000745351717342, 0.014391200617, 0.00462517980486, 0.00269431993365, 0.00110909540672, 0.00148823682684, 0.000872419215739, 0.00222741044126, 0.00638483418152, 0.00133085192647, 0.000942711951211, 0.000816404412035, 0.00320231588557, 0.0013560866937, 0.00096141139511, 0.000739902257919, 0.000668059394229, 0.00163337658159, 0.0012220593635, 0.000158931681653, 7.9959325376e-05, 9.98366958811e-05, 7.70973420003e-05, 7.68474201323e-05, 0.000115145019663, 5.07895529154e-05, 1.90857903704e-07]
    },
    "erbbands": {
        "max": [4.29509592056, 18.3512535095, 36.9926185608, 86.2352142334, 70.1294403076, 43.432434082, 70.9542617798, 242.183425903, 110.862564087, 173.687973022, 1510.3371582, 1550.16271973, 1106.52038574, 681.544555664, 345.924407959, 467.760345459, 1560.52587891, 980.70892334, 1691.74475098, 601.577392578, 863.350891113, 542.384521484, 975.875732422, 518.809997559, 952.909240723, 91.940612793, 46.68699646, 27.318403244, 31.3644638062, 23.4153594971, 17.4542160034, 12.0537948608, 9.97858142853, 13.1557445526, 13.5513944626, 3.47106862068, 1.0538944006, 0.116851404309, 0.00206369743682, 0.000152003194671],
        "mean": [0.301839858294, 1.96288621426, 2.26572704315, 2.45994830132, 1.84515666962, 2.39162397385, 4.12930774689, 8.1458568573, 5.72859287262, 9.03018188477, 25.2573776245, 63.0787506104, 30.784450531, 19.1113815308, 16.3060626984, 15.1263790131, 50.0476875305, 33.4348258972, 25.4086456299, 21.9034957886, 19.2565479279, 19.1739463806, 39.4420394897, 28.6068916321, 19.2711086273, 5.76463603973, 3.21168756485, 2.87817716599, 3.35879540443, 2.36540961266, 1.7422375679, 1.51347672939, 1.06792891026, 0.907182395458, 0.534299433231, 0.195305362344, 0.0475351251662, 0.00389262242243, 9.32445764192e-05, 3.26386652887e-05],
        "min": [1.64000630321e-06, 3.53199902747e-05, 7.31462860131e-05, 0.000169248087332, 0.000648224493489, 0.00334091647528, 0.00820220354944, 0.0478760898113, 0.0380625985563, 0.0792782604694, 0.350288689137, 0.255217671394, 0.414680182934, 0.210755079985, 0.337819367647, 0.521167159081, 0.525142371655, 0.501983880997, 0.319467097521, 0.62182033062, 0.688025534153, 0.5934933424, 0.676927089691, 0.589678108692, 0.232347220182, 0.146494433284, 0.17154891789, 0.126990363002, 0.10228625685, 0.059561368078, 0.0277720727026, 0.0115673495457, 0.00604720693082, 0.00218075490557, 0.0012031638762, 0.000406878592912, 0.000115016446216, 8.69018549565e-06, 1.40807833304e-06, 1.67379005234e-06],
        "stdev": [0.498374789953, 3.04723763466, 4.42479324341, 8.25065612793, 5.28099298477, 3.4745657444, 6.73059415817, 16.3461723328, 9.74719524384, 16.5477333069, 89.4687652588, 147.691635132, 76.8938064575, 44.4531402588, 25.585483551, 31.5998363495, 132.952301025, 73.9212799072, 68.0630874634, 38.7338104248, 45.8581352234, 37.2738189697, 89.0498733521, 56.3240509033, 60.5544700623, 7.90288591385, 3.69645953178, 3.08602595329, 3.60969686508, 2.85281157494, 2.24288082123, 1.78989779949, 1.24790394306, 1.24751269817, 0.876402795315, 0.298503994942, 0.0901469737291, 0.00748671218753, 0.000144259582157, 2.68153344223e-05]
    },
    "gfcc": {
        "mean": [-4.77158784866, 68.7195358276, -132.254608154, 26.2756938934, -56.4568901062, 23.7066040039, -39.5524559021, 22.7240200043, -22.4984664917, 7.45169734955, -14.6903171539, 4.61431455612, -12.2550830841],
        "cov": [[1941.09228516, 100.60496521, 725.444641113, 296.206054688, 147.117080688, 236.076904297, 102.785926819, 274.8644104, 51.2627220154, 106.128623962, 28.7996902466, 31.8892459869, -17.630947113], [100.60496521, 897.577209473, 416.884918213, 360.839569092, 260.135437012, 197.596984863, 140.566925049, -9.92127609253, 204.058166504, 52.1982765198, 79.3285903931, 28.6720790863, 116.507713318], [725.444641113, 416.884918213, 1171.7298584, 424.545715332, 216.001678467, 300.212127686, 20.5500984192, 144.878646851, 168.124588013, 168.324295044, -19.294506073, 148.321884155, 110.945907593], [296.206054688, 360.839569092, 424.545715332, 458.832763672, 217.989303589, 171.097686768, 77.6055755615, 53.6392059326, 129.304748535, 39.0050315857, 49.3510551453, 59.6040229797, 91.4043884277], [147.117080688, 260.135437012, 216.001678467, 217.989303589, 290.53527832, 147.735748291, 67.4676208496, 27.5104579926, 92.5040817261, 45.1185302734, 37.4019050598, 51.8907585144, 52.7203445435], [236.076904297, 197.596984863, 300.212127686, 171.097686768, 147.735748291, 233.559936523, 125.046966553, 60.0136985779, 68.2789001465, 50.5585212708, 40.7660865784, 35.2456283569, 48.5386886597], [102.785926819, 140.566925049, 20.5500984192, 77.6055755615, 67.4676208496, 125.046966553, 253.456222534, 110.502319336, 55.833240509, 0.240254729986, 77.0483779907, -15.5059766769, -3.36434984207], [274.8644104, -9.92127609253, 144.878646851, 53.6392059326, 27.5104579926, 60.0136985779, 110.502319336, 190.50958252, 76.2486419678, 23.6335296631, 38.2324485779, 17.6309070587, 7.54873132706], [51.2627220154, 204.058166504, 168.124588013, 129.304748535, 92.5040817261, 68.2789001465, 55.833240509, 76.2486419678, 166.291564941, 62.2527351379, 44.0742950439, 26.810131073, 50.4209747314], [106.128623962, 52.1982765198, 168.324295044, 39.0050315857, 45.1185302734, 50.5585212708, 0.240254729986, 23.6335296631, 62.2527351379, 99.8293533325, 33.7913322449, 33.3339157104, 18.1023521423], [28.7996902466, 79.3285903931, -19.294506073, 49.3510551453, 37.4019050598, 40.7660865784, 77.0483779907, 38.2324485779, 44.0742950439, 33.7913322449, 115.852455139, 24.5937786102, 16.5553417206], [31.8892459869, 28.6720790863, 148.321884155, 59.6040229797, 51.8907585144, 35.2456283569, -15.5059766769, 17.6309070587, 26.810131073, 33.3339157104, 24.5937786102, 105.792297363, 58.9539718628], [-17.630947113, 116.507713318, 110.945907593, 91.4043884277, 52.7203445435, 48.5386886597, -3.36434984207, 7.54873132706, 50.4209747314, 18.1023521423, 16.5553417206, 58.9539718628, 103.614219666]],
        "icov": [[0.000985902384855, -0.000189621656318, -0.000234833671129, -0.000483961834107, -7.56026638555e-05, -0.000463555770693, 0.000710640510079, -0.00191201409325, 0.00147923722398, -0.0008142014849, -0.000129955966258, 0.000540823792107, 0.00061282410752], [-0.000189621656318, 0.00358917028643, -0.00197451119311, 0.000430575222708, -0.00156201818027, 0.00148957141209, -0.00242828717455, 0.00452565494925, -0.00392511952668, 0.00320454663597, -0.00248589459807, 0.00268419133499, -0.00242511532269], [-0.000234833671129, -0.00197451119311, 0.00457170186564, -0.00258110137656, 0.00211207824759, -0.0038169468753, 0.00240931846201, -0.00379641563632, 0.00188168708701, -0.0053845923394, 0.00503350049257, -0.00438597472385, 0.00234657409601], [-0.000483961834107, 0.000430575222708, -0.00258110137656, 0.00645061116666, -0.00282990280539, 0.000920458289329, -0.000881773827132, 0.00269654113799, -0.00306694302708, 0.00521402712911, -0.00345003278926, 0.00194967084099, -0.00268619763665], [-7.56026638555e-05, -0.00156201818027, 0.00211207824759, -0.00282990280539, 0.00793321523815, -0.00436069862917, 0.00116352213081, -0.000949082255829, -0.000541743123904, -0.00230497447774, 0.00255349068902, -0.00432753469795, 0.00281221116893], [-0.000463555770693, 0.00148957141209, -0.0038169468753, 0.000920458289329, -0.00436069862917, 0.0144458934665, -0.00774633092806, 0.00412395503372, 0.000325662404066, -0.000290952826617, -0.00183113757521, 0.00351226888597, -0.0053926804103], [0.000710640510079, -0.00242828717455, 0.00240931846201, -0.000881773827132, 0.00116352213081, -0.00774633092806, 0.0127264065668, -0.00850295461714, 0.00231292215176, 0.000819940702058, -0.00283051514998, 0.00039709082921, 0.00407649530098], [-0.00191201409325, 0.00452565494925, -0.00379641563632, 0.00269654113799, -0.000949082255829, 0.00412395503372, -0.00850295461714, 0.0184721369296, -0.0111814336851, 0.00746044237167, -0.0036964493338, 0.000609115755651, -0.00241697859019], [0.00147923722398, -0.00392511952668, 0.00188168708701, -0.00306694302708, -0.000541743123904, 0.000325662404066, 0.00231292215176, -0.0111814336851, 0.0197541173548, -0.0119263427332, 0.0021060667932, 0.00170390564017, -0.00246637267992], [-0.0008142014849, 0.00320454663597, -0.0053845923394, 0.00521402712911, -0.00230497447774, -0.000290952826617, 0.000819940702058, 0.00746044237167, -0.0119263427332, 0.0262898541987, -0.0106951417401, 0.00100321474019, 0.000564932473935], [-0.000129955966258, -0.00248589459807, 0.00503350049257, -0.00345003278926, 0.00255349068902, -0.00183113757521, -0.00283051514998, -0.0036964493338, 0.0021060667932, -0.0106951417401, 0.0192311629653, -0.00779686402529, 0.00237006228417], [0.000540823792107, 0.00268419133499, -0.00438597472385, 0.00194967084099, -0.00432753469795, 0.00351226888597, 0.00039709082921, 0.000609115755651, 0.00170390564017, 0.00100321474019, -0.00779686402529, 0.0221566166729, -0.0117899272591], [0.00061282410752, -0.00242511532269, 0.00234657409601, -0.00268619763665, 0.00281221116893, -0.0053926804103, 0.00407649530098, -0.00241697859019, -0.00246637267992, 0.000564932473935, 0.00237006228417, -0.0117899272591, 0.0211741756648]]
    },
    "melbands": {
        "max": [0.0330444425344, 0.0152435135096, 0.0133846942335, 0.00273990025744, 0.00221377494745, 0.00467785308138, 0.00156676408369, 0.00157593586482, 0.0148813966662, 0.0107101956382, 0.00558807933703, 0.00268904934637, 0.00139265763573, 0.00167902070098, 0.0021985010244, 0.00515820179135, 0.00222082342952, 0.00318989297375, 0.00121701543685, 0.000791285361629, 0.00132943945937, 0.000781527312938, 0.000482745032059, 0.00176301505417, 0.000522959569935, 0.000646731525194, 0.000323677551933, 5.53818063054e-05, 3.53874384018e-05, 1.48202016135e-05, 1.62583019119e-05, 2.17154556594e-05, 2.29805064009e-05, 1.2341508409e-05, 1.03545735328e-05, 8.4603761934e-06, 7.91702223069e-06, 7.57202815294e-06, 7.01244243828e-06, 1.43694196595e-05],
        "mean": [0.0027099121362, 0.00163520139176, 0.000398522388423, 0.000142738717841, 0.00014098759857, 0.000172297717654, 9.2479698651e-05, 9.27997753024e-05, 0.000246395735303, 0.000422072742367, 0.000145905374666, 7.12468463462e-05, 6.03711196163e-05, 3.75825839001e-05, 5.42869674973e-05, 0.000139639756526, 5.03983719682e-05, 4.26312253694e-05, 3.59049081453e-05, 2.20301481022e-05, 2.22018825298e-05, 1.89355523617e-05, 2.44507791649e-05, 3.94300368498e-05, 2.15842646867e-05, 1.62773994816e-05, 6.940394087e-06, 3.24375105265e-06, 2.10248549593e-06, 1.62678554716e-06, 1.68071380813e-06, 1.83859708613e-06, 1.87472790003e-06, 1.09004770366e-06, 9.42172732721e-07, 1.02491537746e-06, 8.98934843008e-07, 7.33052559099e-07, 7.48840250253e-07, 7.66088703585e-07],
        "min": [2.25325180736e-08, 5.28679038325e-08, 4.12907645853e-08, 1.38438878139e-07, 2.15990397123e-07, 9.40029622143e-07, 3.7117021634e-07, 4.28997168456e-07, 1.97769213628e-06, 1.23731786061e-06, 6.4566643232e-07, 5.75183776164e-07, 7.59158297114e-07, 1.33569847094e-06, 1.06005461475e-06, 6.23609878403e-07, 8.58644227719e-07, 4.27428062721e-07, 5.96978225076e-07, 7.5356109619e-07, 7.10224924205e-07, 5.43015062249e-07, 4.73026346981e-07, 3.80581127502e-07, 4.49346259757e-07, 1.06068512196e-07, 9.96777558271e-08, 7.52676285742e-08, 6.30277128266e-08, 8.1286771092e-08, 6.18475439751e-08, 4.53242243736e-08, 4.15219076899e-08, 2.33810322214e-08, 1.81475563465e-08, 9.43700584344e-09, 5.97598015517e-09, 4.44664083332e-09, 1.78224257574e-09, 1.69651337423e-09],
        "stdev": [0.00424161273986, 0.00243298057467, 0.00126996822655, 0.000261229870375, 0.000215252963244, 0.000329326110659, 0.000156657144544, 0.000166910467669, 0.000906373898033, 0.000998455681838, 0.000384279206628, 0.000173507272848, 0.00010179966921, 8.17445979919e-05, 0.000152984532178, 0.00040128803812, 0.000127414023154, 0.000135533817229, 7.58547030273e-05, 4.23448400397e-05, 6.22086445219e-05, 4.40028488811e-05, 4.26421393058e-05, 0.00010650963668, 4.52520580438e-05, 4.90190286655e-05, 1.73212374648e-05, 4.42691452918e-06, 2.62689127339e-06, 1.95688130589e-06, 1.85611975212e-06, 2.07135440178e-06, 2.23790084419e-06, 1.36282938001e-06, 1.28425904222e-06, 1.27263183458e-06, 1.08167330382e-06, 8.78824494066e-07, 9.38521850458e-07, 1.15909199394e-06]
    },
    "melbands128": {
        "max": [0.00702256895602, 0.0358105972409, 0.0503767319024, 0.025268997997, 0.0201273802668, 0.0241559576243, 0.0202221795917, 0.0138348946348, 0.0070326612331, 0.00243023480289, 0.00301603600383, 0.00364934536628, 0.00280717760324, 0.00344074051827, 0.00896723382175, 0.0045607322827, 0.00137492420617, 0.00195984588936, 0.00409694109112, 0.00335050653666, 0.00182856875472, 0.00362911098637, 0.0269320365041, 0.0156199401245, 0.0169187802821, 0.0210385248065, 0.01523193717, 0.0110658481717, 0.00281956465915, 0.00244047120214, 0.00548173952848, 0.00322472560219, 0.00196206825785, 0.00204797135666, 0.00214475067332, 0.00300980894826, 0.00160474982113, 0.00375596783124, 0.00339486822486, 0.00668957596645, 0.0112151596695, 0.00358367315494, 0.00361749273725, 0.00242229201831, 0.00344445114024, 0.00677090836689, 0.00127147231251, 0.00220019114204, 0.00231886724941, 0.000785534561146, 0.00168323086109, 0.000501362199429, 0.00171702948865, 0.00218588020653, 0.000938268145546, 0.00151455868036, 0.000653338502161, 0.00064307107823, 0.000555341364816, 0.00196525221691, 0.00330724171363, 0.00185750122182, 0.00060331390705, 0.000816541083623, 0.000188132326002, 0.000578911451157, 0.00202529458329, 0.000364140432794, 0.000132089247927, 0.000148610517499, 5.06724136358e-05, 4.84166521346e-05, 6.00944731559e-05, 5.27245356352e-05, 2.42714177148e-05, 1.865311242e-05, 1.79693342943e-05, 1.83991214726e-05, 2.29719880736e-05, 2.18907262024e-05, 3.60185040336e-05, 2.46944982791e-05, 3.20362232742e-05, 3.78046024707e-05, 2.18726581807e-05, 1.82480162039e-05, 1.15659449875e-05, 1.43805409607e-05, 1.15076218208e-05, 1.49818142745e-05, 1.27957318909e-05, 1.46861948451e-05, 1.05633380372e-05, 1.05736899059e-05, 1.43610677696e-05, 8.85796998773e-06, 8.22398396849e-06, 6.29423811915e-06, 8.73541830515e-06, 1.01947980511e-05, 1.40134525282e-05, 1.82775329449e-05, 1.79134785867e-05, 2.3209662686e-05, 1.62384585565e-05, 1.51103395183e-05, 7.72443945607e-06, 8.4366356532e-06, 6.2544741013e-06, 5.88970397075e-06, 3.05309777104e-06, 4.82488530906e-06, 5.55414226255e-06, 3.84885015592e-06, 2.37144490711e-06, 1.38469363264e-06, 7.75086590465e-08, 2.68294915173e-08, 2.64234589764e-08, 2.58792791641e-08, 2.53493634972e-08, 2.48418068338e-08, 2.43883953033e-08, 2.39623876297e-08, 2.36646773288e-08, 2.34008741273e-08, 2.32133032796e-08, 2.30899583897e-08],
        "mean": [0.000310330884531, 0.00222593569197, 0.00414391793311, 0.00291027431376, 0.00135225628037, 0.000816744985059, 0.000534399528988, 0.00028373854002, 0.000165853329236, 0.000130146203446, 0.000132130633574, 0.000132627261337, 0.000131208347739, 0.000159470670042, 0.000222178947297, 0.000160167066497, 7.94722436694e-05, 7.44351054891e-05, 0.000111847723019, 0.000108695407107, 6.99831580278e-05, 8.64494577399e-05, 0.000308702612529, 0.000359044177458, 0.000334816373652, 0.000616076926235, 0.00025680300314, 7.74994696258e-05, 4.24678037234e-05, 4.83858093503e-05, 9.86262966762e-05, 8.53585806908e-05, 5.26854855707e-05, 4.69144069939e-05, 4.58006761619e-05, 3.0073324524e-05, 2.83180379483e-05, 5.67797724216e-05, 5.80387822993e-05, 0.00012218975462, 0.000213005114347, 7.29391394998e-05, 3.94566341129e-05, 3.04029181279e-05, 6.85253107804e-05, 3.87967593269e-05, 2.23487750191e-05, 4.31437911175e-05, 4.27340819442e-05, 1.91337330762e-05, 2.00882350327e-05, 2.04319749173e-05, 2.73498972092e-05, 1.99955193239e-05, 1.84994005394e-05, 1.96295368369e-05, 1.79779181053e-05, 1.77548554348e-05, 2.07671764656e-05, 4.99732668686e-05, 4.44983597845e-05, 3.14238350256e-05, 2.48602682404e-05, 1.98206362256e-05, 1.20879858514e-05, 1.44029972944e-05, 2.58387863141e-05, 5.41616145711e-06, 4.36056188846e-06, 3.96304994865e-06, 3.13834812005e-06, 2.99616817756e-06, 2.57814986071e-06, 1.95002303371e-06, 1.49366303503e-06, 1.80003212336e-06, 1.50073049099e-06, 1.58929344707e-06, 1.75134130131e-06, 1.74862032054e-06, 1.62629589795e-06, 2.03779154617e-06, 2.04033335649e-06, 2.1209211809e-06, 1.41274426824e-06, 1.21025743738e-06, 9.31308193231e-07, 9.16093199521e-07, 8.415995012e-07, 1.00864292563e-06, 1.23589018131e-06, 9.07696687591e-07, 9.49494676661e-07, 9.16831140785e-07, 8.99411816135e-07, 7.25642223642e-07, 7.17160844488e-07, 6.87710780767e-07, 7.2217608249e-07, 7.65780669099e-07, 8.7308228558e-07, 7.58810756452e-07, 6.68927441438e-07, 6.499248002e-07, 6.01887165885e-07, 6.15206204202e-07, 5.05540867834e-07, 4.04090116035e-07, 3.08546162842e-07, 2.61903636556e-07, 2.07768792393e-07, 1.7125447016e-07, 1.51206734245e-07, 1.09924130243e-07, 7.24327406942e-08, 3.79923470462e-08, 2.24016716288e-09, 2.48538793712e-11, 2.27635809508e-11, 2.22880672252e-11, 2.18288599002e-11, 2.14054034914e-11, 2.10130784301e-11, 2.06469025904e-11, 2.03607512794e-11, 2.00800955724e-11, 1.98882837282e-11, 1.97796327928e-11],
        "min": [1.1265965244e-10, 2.69963296162e-09, 7.6217450129e-09, 3.85372125322e-08, 5.04884418717e-08, 1.74132335218e-08, 7.08706071606e-09, 4.02702493574e-09, 3.38029835234e-08, 4.80696584759e-08, 1.16114776461e-07, 1.17890536444e-07, 3.38492753826e-08, 2.73629069625e-07, 2.8764640092e-07, 1.58360194291e-07, 2.5851824148e-07, 7.96202073161e-08, 9.47134495277e-08, 2.10840511272e-07, 1.0227958569e-07, 2.37800520608e-07, 5.44184558748e-07, 5.71879695599e-07, 5.02641285038e-07, 2.40896184778e-07, 2.28117386314e-07, 4.18198254692e-07, 2.30181740335e-07, 2.15385796309e-07, 1.66604252172e-07, 9.68782742916e-08, 2.74060255379e-07, 3.17961109886e-07, 3.60702614444e-07, 2.85666288846e-07, 3.80251293564e-07, 3.43169887174e-07, 2.3728878773e-07, 1.94456291069e-07, 2.22103949454e-07, 3.83618186106e-07, 1.32449301304e-07, 2.34888773321e-07, 2.08036965432e-07, 2.55029732443e-07, 1.29661131609e-07, 1.32881254444e-07, 1.24541756463e-07, 6.43600728267e-08, 1.1564041813e-07, 4.99865279835e-07, 2.28129891866e-07, 4.06913471807e-08, 4.90840506018e-08, 2.23226223284e-07, 3.13800541107e-07, 1.02152235115e-07, 1.82514142466e-07, 2.58880874071e-07, 1.36752959179e-07, 6.27481995252e-08, 3.17394295735e-07, 1.30150894506e-07, 1.37514746257e-07, 1.10122144292e-07, 5.04377908328e-08, 5.65399034258e-08, 4.37198259817e-08, 4.19605328261e-08, 2.06415275983e-08, 4.2425380542e-08, 2.53530689776e-08, 7.84596299042e-09, 3.25124460687e-08, 2.35913510949e-08, 1.2163191343e-08, 6.76193945282e-09, 3.47625039865e-08, 3.17783168668e-08, 3.10619618915e-08, 3.03380431887e-08, 4.25667856518e-08, 4.15249061803e-08, 1.16106235737e-08, 4.13297884805e-09, 2.23877769656e-08, 6.72209399255e-09, 5.88547699465e-09, 9.13381548173e-09, 1.04120339017e-08, 8.48478010074e-10, 5.37560751468e-09, 8.18970224969e-09, 2.71248690176e-09, 2.80588485779e-09, 5.25783017125e-09, 5.64206514841e-10, 1.20508236723e-09, 1.2437391117e-09, 2.23015739209e-09, 1.00337294029e-09, 1.05957971563e-10, 1.16898246638e-09, 7.20343895644e-10, 6.6563737855e-10, 3.41739608833e-10, 7.99292965148e-10, 3.21668976178e-11, 4.76125083804e-10, 2.38448705225e-11, 8.9812740578e-11, 1.353507844e-11, 7.89777618304e-11, 2.72129662554e-11, 9.34366126137e-12, 1.48305467299e-13, 9.22378899605e-14, 6.12433891036e-14, 5.53952432428e-14, 7.63771031555e-14, 7.67705940052e-14, 5.56267644523e-14, 6.19117048752e-14, 4.97144473754e-14, 1.92686934252e-14, 2.19545878906e-15, 1.04848643269e-16],
        "stdev": [0.000651116599329, 0.004001124762, 0.00679559074342, 0.00462110247463, 0.00237971264869, 0.00238690106198, 0.00192696705926, 0.00110758037772, 0.000488605175633, 0.000240115026827, 0.000200173482881, 0.00024951400701, 0.000262652261881, 0.000330363720423, 0.000542897032574, 0.00034753055661, 0.000159295857884, 0.000166985046235, 0.000258046260569, 0.000266177899903, 0.000157023125212, 0.00024800785468, 0.00150091096293, 0.00133983616251, 0.00101622228976, 0.00191426067613, 0.000829484371934, 0.000435746129369, 0.000130755579448, 0.000147006168845, 0.000329128961312, 0.000206184762646, 0.000133434077725, 0.000100694654975, 0.000119314157928, 0.000110880864668, 8.86613997864e-05, 0.000212175233173, 0.00024891475914, 0.00044953104225, 0.000743398442864, 0.000232874663197, 0.00019108390552, 0.000135796086397, 0.000235393352341, 0.000214147672523, 6.95090348017e-05, 0.000124497440993, 0.000112875313789, 4.42868149548e-05, 6.91177046974e-05, 4.53341017419e-05, 9.4812043244e-05, 0.000100194403785, 5.83262990403e-05, 6.46577755106e-05, 5.37420346518e-05, 4.13991838286e-05, 4.52131716884e-05, 0.000151011990965, 0.000181607305421, 0.000104507613287, 6.06257053732e-05, 5.82698667131e-05, 2.04784300877e-05, 4.29154169979e-05, 0.000117215982755, 1.77479996637e-05, 9.30950136535e-06, 9.04603712115e-06, 5.01143631482e-06, 4.2252613639e-06, 4.00586623073e-06, 2.91568858302e-06, 1.96439600586e-06, 2.44885450229e-06, 2.08171263694e-06, 2.0089607915e-06, 2.44993816523e-06, 2.18285094888e-06, 2.30348973673e-06, 2.71829503617e-06, 2.46325294029e-06, 3.06604283651e-06, 1.95465077013e-06, 1.73457431174e-06, 1.15950581403e-06, 1.3946131503e-06, 1.29989064135e-06, 1.52326811076e-06, 1.7221516373e-06, 1.24398695789e-06, 1.23773133964e-06, 1.22340168218e-06, 1.22228368582e-06, 9.69012035057e-07, 9.55400423663e-07, 9.07835442376e-07, 9.7404108601e-07, 1.11111739898e-06, 1.29568786633e-06, 1.32445723011e-06, 1.19273317978e-06, 1.30730370529e-06, 1.12873544822e-06, 1.05492006242e-06, 7.78170146987e-07, 6.7120561198e-07, 5.10494430728e-07, 4.53080843954e-07, 3.81733514132e-07, 3.63613594345e-07, 3.51885972805e-07, 2.46380494673e-07, 1.5632160455e-07, 7.64160645872e-08, 5.22829823879e-09, 7.16554759972e-10, 7.05740688112e-10, 6.91216306414e-10, 6.77075506772e-10, 6.63524513111e-10, 6.51420084541e-10, 6.40048458678e-10, 6.32101371245e-10, 6.25059060066e-10, 6.20044793287e-10, 6.16752815485e-10]
    },
    "mfcc": {
        "mean": [-643.562683105, 101.659576416, -14.6174440384, 9.45227813721, 6.52144479752, 0.803361177444, 1.51291143894, 9.48456001282, 0.923157453537, 3.48433113098, 9.2081451416, -1.27068340778, -3.72053027153],
        "cov": [[1597.60961914, -11.3822364807, 390.959136963, 163.234603882, 160.203460693, 24.8234596252, 172.081100464, 123.696586609, 85.9533233643, 127.573760986, 73.0630493164, 55.4006233215, 39.9729881287], [-11.3822364807, 608.991333008, 260.54296875, 165.002059937, 169.355575562, 223.108947754, 15.8954114914, 60.9858970642, 106.547195435, 64.4954147339, -9.21980285645, 94.7308959961, 121.469718933], [390.959136963, 260.54296875, 869.843383789, 234.406936646, 256.01071167, 195.076980591, 35.487121582, 90.0538482666, 193.198104858, 77.7948074341, -27.4302101135, 130.475509644, 164.003967285], [163.234603882, 165.002059937, 234.406936646, 293.960144043, 181.874160767, 133.741577148, 24.7415599823, 84.1289978027, 82.2542037964, 37.179058075, -0.539304018021, 68.0757293701, 88.0423965454], [160.203460693, 169.355575562, 256.01071167, 181.874160767, 293.678314209, 157.682067871, -6.83912372589, 45.0083045959, 99.0497970581, 25.4314880371, -33.8983192444, 64.5665206909, 118.386360168], [24.8234596252, 223.108947754, 195.076980591, 133.741577148, 157.682067871, 268.633117676, 64.1173171997, 50.2459030151, 70.6338577271, 33.5698738098, -23.8404769897, 65.0206069946, 86.2169342041], [172.081100464, 15.8954114914, 35.487121582, 24.7415599823, -6.83912372589, 64.1173171997, 190.604797363, 105.235984802, 15.5968875885, 44.9197502136, 81.8515548706, 5.20515823364, -16.4758892059], [123.696586609, 60.9858970642, 90.0538482666, 84.1289978027, 45.0083045959, 50.2459030151, 105.235984802, 160.659332275, 71.8112716675, 47.2907714844, 62.0035476685, 26.0752868652, 19.3572158813], [85.9533233643, 106.547195435, 193.198104858, 82.2542037964, 99.0497970581, 70.6338577271, 15.5968875885, 71.8112716675, 142.1302948, 59.3208808899, -8.98034477234, 42.8943061829, 64.9582290649], [127.573760986, 64.4954147339, 77.7948074341, 37.179058075, 25.4314880371, 33.5698738098, 44.9197502136, 47.2907714844, 59.3208808899, 110.546974182, 63.8015670776, 28.8228321075, 12.7150087357], [73.0630493164, -9.21980285645, -27.4302101135, -0.539304018021, -33.8983192444, -23.8404769897, 81.8515548706, 62.0035476685, -8.98034477234, 63.8015670776, 158.259521484, 23.8713302612, -34.449508667], [55.4006233215, 94.7308959961, 130.475509644, 68.0757293701, 64.5665206909, 65.0206069946, 5.20515823364, 26.0752868652, 42.8943061829, 28.8228321075, 23.8713302612, 94.5038757324, 69.0921783447], [39.9729881287, 121.469718933, 164.003967285, 88.0423965454, 118.386360168, 86.2169342041, -16.4758892059, 19.3572158813, 64.9582290649, 12.7150087357, -34.449508667, 69.0921783447, 132.093597412]],
        "icov": [[0.000960191886406, 0.00016831314133, -0.000364150764653, -0.000212179205846, -0.000742784468457, 0.000921957776882, -0.00119052839, 3.43309329764e-05, 0.000636172480881, -0.00119899364654, 0.000744018703699, -0.000482733303215, 0.000307725771563], [0.00016831314133, 0.00272565730847, -0.000176838249899, -0.000294694153126, 0.000136224945891, -0.00176894431934, 0.00074515020242, -0.000399654993089, -3.08400558424e-05, -0.000909578753635, -0.000164922952536, -0.000310624658596, -0.000735215318855], [-0.000364150764653, -0.000176838249899, 0.00223270338029, -0.000487140263431, -0.000296670245007, -0.000178529240657, -0.000335032178555, 0.000667841522954, -0.00209491723217, 0.000450437219115, 0.000196807392058, -0.00123718916439, -0.000246531853918], [-0.000212179205846, -0.000294694153126, -0.000487140263431, 0.00695297913626, -0.00269256322645, -0.000982165453024, 0.00139538233634, -0.00343844085, 0.00148782145698, -0.000481203431264, 0.000409774278523, -0.00124002527446, 0.000108025938971], [-0.000742784468457, 0.000136224945891, -0.000296670245007, -0.00269256322645, 0.00917501095682, -0.00364174135029, 0.00257660984062, 0.000460352282971, -0.00272237719037, 0.00209495937452, -0.00216668075882, 0.00287612946704, -0.0042619202286], [0.000921957776882, -0.00176894431934, -0.000178529240657, -0.000982165453024, -0.00364174135029, 0.0101718595251, -0.00623486191034, 0.00148144562263, 0.000992207089439, -0.00213695992716, 0.00451302109286, -0.00390664301813, 0.000792053295299], [-0.00119052839, 0.00074515020242, -0.000335032178555, 0.00139538233634, 0.00257660984062, -0.00623486191034, 0.0143425948918, -0.00777460960671, 0.00212878943421, 0.000235015279031, -0.00489052385092, 0.00387039757334, -0.000519891502336], [3.43309329764e-05, -0.000399654993089, 0.000667841522954, -0.00343844085, 0.000460352282971, 0.00148144562263, -0.00777460960671, 0.0169914066792, -0.00927294045687, 0.0035712653771, -0.00444570370018, 0.000901606923435, -0.000434181973105], [0.000636172480881, -3.08400558424e-05, -0.00209491723217, 0.00148782145698, -0.00272237719037, 0.000992207089439, 0.00212878943421, -0.00927294045687, 0.0206591244787, -0.010741953738, 0.00678896624595, -0.00145056960173, -0.00173420563806], [-0.00119899364654, -0.000909578753635, 0.000450437219115, -0.000481203431264, 0.00209495937452, -0.00213695992716, 0.000235015279031, 0.0035712653771, -0.010741953738, 0.0204454455525, -0.00995344761759, 0.00165254424792, -0.000161844916875], [0.000744018703699, -0.000164922952536, 0.000196807392058, 0.000409774278523, -0.00216668075882, 0.00451302109286, -0.00489052385092, -0.00444570370018, 0.00678896624595, -0.00995344761759, 0.0175650417805, -0.0095892297104, 0.00566289294511], [-0.000482733303215, -0.000310624658596, -0.00123718916439, -0.00124002527446, 0.00287612946704, -0.00390664301813, 0.00387039757334, 0.000901606923435, -0.00145056960173, 0.00165254424792, -0.0095892297104, 0.0255168471485, -0.0121761998162], [0.000307725771563, -0.000735215318855, -0.000246531853918, 0.000108025938971, -0.0042619202286, 0.000792053295299, -0.000519891502336, -0.000434181973105, -0.00173420563806, -0.000161844916875, 0.00566289294511, -0.0121761998162, 0.0204029846936]]
    },
    "spectral_contrast_coeffs": {
        "max": [-0.501636087894, -0.465754598379, -0.468232750893, -0.56007617712, -0.490449607372, -0.631526708603],
        "mean": [-0.755149781704, -0.76940459013, -0.76928883791, -0.781755983829, -0.770652651787, -0.773090541363],
        "min": [-0.924291789532, -0.92810189724, -0.899354338646, -0.914027869701, -0.864234924316, -0.860444188118],
        "stdev": [0.0654381290078, 0.0793466344476, 0.0728636160493, 0.0560574792325, 0.0665599182248, 0.0382959395647]
    },
    "spectral_contrast_valleys": {
        "max": [-5.06203269958, -4.79756736755, -5.93132257462, -6.18923139572, -5.72771692276, -8.39174938202],
        "mean": [-7.15956735611, -6.86297988892, -7.26255226135, -7.39577054977, -7.57143688202, -10.0834884644],
        "min": [-10.8896875381, -8.59076786041, -8.46620750427, -8.80072975159, -9.05514621735, -12.4187421799],
        "stdev": [1.05136036873, 0.585685074329, 0.41523116827, 0.391498655081, 0.4902959764, 0.745898425579]
    }
},
"rhythm": {
    "beats_count": 72,
    "beats_loudness": {
        "max": 0.136322289705,
        "mean": 0.0389851890504,
        "min": 0.00331467087381,
        "stdev": 0.0258576218039
    },
    "bpm": 134.384597778,
    "bpm_histogram_first_peak_bpm": 136,
    "bpm_histogram_first_peak_weight": 0.492753624916,
    "bpm_histogram_second_peak_bpm": 129,
    "bpm_histogram_second_peak_spread": 0,
    "bpm_histogram_second_peak_weight": 0.0140845067799,
    "danceability": 1.11671662331,
    "onset_rate": 3.50683569908,
    "beats_loudness_band_ratio": {
        "max": [0.937639594078, 0.586877644062, 0.715006291866, 0.596104741096, 0.50722104311, 0.249259188771],
        "mean": [0.534174501896, 0.061977725476, 0.131502628326, 0.113953180611, 0.12112826854, 0.0469756945968],
        "min": [0.000131048218464, 0.00219026347622, 0.00432709697634, 0.00844403915107, 0.0086065325886, 0.00420205621049],
        "stdev": [0.326333224773, 0.0823010206223, 0.150226712227, 0.116472475231, 0.128675237298, 0.0420975312591]
    },
    "beats_position": [0.406349211931, 0.824308395386, 1.25387752056, 1.69505667686, 2.13623571396, 2.57741498947, 3.01859402657, 3.45977306366, 3.9125623703, 4.3653512001, 4.80653047562, 5.27092981339, 5.71210861206, 6.15328788757, 6.59446716309, 7.03564596176, 7.47682523727, 7.92961454391, 8.37079334259, 8.82358264923, 9.26476192474, 9.71755123138, 10.1703395844, 10.6115188599, 11.0643081665, 11.505487442, 11.9582767487, 12.4110651016, 12.8638544083, 13.3166437149, 13.7694330215, 14.2106122971, 14.6517915726, 15.0929698944, 15.545759201, 15.9985485077, 16.4397277832, 16.8925170898, 17.3453063965, 17.786485672, 18.2276649475, 18.6804523468, 19.1332416534, 19.574420929, 20.0156002045, 20.45677948, 20.9095687866, 21.3623580933, 21.8151473999, 22.2679367065, 22.7091159821, 23.1502952576, 23.5914726257, 24.0442619324, 24.497051239, 24.9382305145, 25.3910198212, 25.8438091278, 26.2849884033, 26.7261676788, 27.1789569855, 27.6317462921, 28.0729255676, 28.5141029358, 28.9668922424, 29.4196815491, 29.8608608246, 30.3020401001, 30.7548294067, 31.2076187134, 31.6487979889, 32.1015853882],
