{
"metadata": {
    "version": {
        "essentia": "2.1-beta5",
        "essentia_git_sha": "Undefined",
        "extractor": "music 2.0"
    },
    "audio_properties": {
        "analysis": {
            "equal_loudness": 0,
            "length": 48.7502937317,
            "sample_rate": 44100,
            "start_time": 93.9943771362,
            "downmix": "mix"
        },
        "bit_rate": 192000,
        "length": 188.220962524,
        "lossless": 0,
        "number_channels": 2,
        "replay_gain": 1.99711418152,
        "sample_rate": 48000,
        "codec": "mp3",
        "md5_encoded": "b9c26ebdf6b470061c75e8f8908712ee"
    },
    "tags": {
        "file_name": "Finland_Takes 2 To Tango_Jari Sillanpää.mp3",
        "encoding": ["Lavf58.29.100"]
    }
},
"lowlevel": {
    "average_loudness": 0.926441133022,
    "barkbands_crest": {
        "max": 24.7886142731,
        "mean": 9.33597946167,
        "min": 2.72862839699,
        "stdev": 3.99098730087
    },
    "barkbands_flatness_db": {
        "max": 0.30606597662,
        "mean": 0.152826488018,
        "min": 0.0590876936913,
        "stdev": 0.0398035272956
    },
    "barkbands_kurtosis": {
        "max": 32.5814056396,
        "mean": 1.7985765934,
        "min": -1.79961824417,
        "stdev": 3.60361146927
    },
    "barkbands_skewness": {
        "max": 4.45110607147,
        "mean": 0.941544473171,
        "min": -2.05845737457,
        "stdev": 0.944146454334
    },
    "barkbands_spread": {
        "max": 90.1036605835,
        "mean": 24.3060722351,
        "min": 1.87433564663,
        "stdev": 12.7979946136
    },
    "dissonance": {
        "max": 0.499999970198,
        "mean": 0.459899872541,
        "min": 0.175993308425,
        "stdev": 0.0338133685291
    },
    "dynamic_complexity": 2.99735307693,
    "erbbands_crest": {
        "max": 31.2554779053,
        "mean": 9.75411128998,
        "min": 2.25668787956,
        "stdev": 4.72976875305
    },
    "erbbands_flatness_db": {
        "max": 0.349223464727,
        "mean": 0.180101260543,
        "min": 0.0872695073485,
        "stdev": 0.0470570363104
    },
    "erbbands_kurtosis": {
        "max": 59.4120788574,
        "mean": 1.18010103703,
        "min": -1.63837611675,
        "stdev": 3.09720802307
    },
    "erbbands_skewness": {
        "max": 5.90574407578,
        "mean": 0.319150358438,
        "min": -2.6351544857,
        "stdev": 0.7648396492
    },
    "erbbands_spread": {
        "max": 117.498146057,
        "mean": 32.5210494995,
        "min": 2.33561468124,
        "stdev": 18.2264766693
    },
    "hfc": {
        "max": 151.588729858,
        "mean": 20.725107193,
        "min": 0.178440257907,
        "stdev": 20.6754188538
    },
    "loudness_ebu128": {
        "integrated": -26.4440498352,
        "loudness_range": 3.67238998413,
        "momentary": {
            "max": -21.0393486023,
            "mean": -27.0571918488,
            "min": -31.6803760529,
            "stdev": 2.21012306213
        },
        "short_term": {
            "max": -23.7250423431,
            "mean": -26.5667228699,
            "min": -29.3138408661,
            "stdev": 1.27869677544
        }
    },
    "melbands_crest": {
        "max": 28.519821167,
        "mean": 13.0678958893,
        "min": 4.18096876144,
        "stdev": 4.92142391205
    },
    "melbands_flatness_db": {
        "max": 0.350790858269,
        "mean": 0.168909460306,
        "min": 0.0359730273485,
        "stdev": 0.0514883100986
    },
    "melbands_kurtosis": {
        "max": 83.5904922485,
        "mean": 6.71151638031,
        "min": -1.68103563786,
        "stdev": 9.06612586975
    },
    "melbands_skewness": {
        "max": 7.37872743607,
        "mean": 1.79465138912,
        "min": -1.81176877022,
        "stdev": 1.33213055134
    },
    "melbands_spread": {
        "max": 222.932266235,
        "mean": 29.2900886536,
        "min": 3.23523926735,
        "stdev": 17.3937110901
    },
    "pitch_salience": {
        "max": 0.87082785368,
        "mean": 0.556821584702,
        "min": 0.195698454976,
        "stdev": 0.109878323972
    },
    "silence_rate_20dB": {
        "max": 1,
        "mean": 1,
        "min": 1,
        "stdev": 0
    },
    "silence_rate_30dB": {
        "max": 1,
        "mean": 0.992384552956,
        "min": 0,
        "stdev": 0.0869340598583
    },
    "silence_rate_60dB": {
        "max": 1,
        "mean": 0.0276059024036,
        "min": 0,
        "stdev": 0.163842201233
    },
    "spectral_centroid": {
        "max": 4525.33837891,
        "mean": 1376.92126465,
        "min": 310.429077148,
        "stdev": 515.648620605
    },
    "spectral_complexity": {
        "max": 48,
        "mean": 16.9328899384,
        "min": 0,
        "stdev": 7.2823433876
    },
    "spectral_decrease": {
        "max": -3.55937085361e-11,
        "mean": -5.06538055944e-09,
        "min": -3.98236856824e-08,
        "stdev": 4.46696990508e-09
    },
    "spectral_energy": {
        "max": 0.163282886147,
        "mean": 0.0209977757186,
        "min": 0.000150524443598,
        "stdev": 0.0185138247907
    },
    "spectral_energyband_high": {
        "max": 0.00786931067705,
        "mean": 0.000660128192976,
        "min": 5.71227064938e-06,
        "stdev": 0.000898062833585
    },
    "spectral_energyband_low": {
        "max": 0.0318838953972,
        "mean": 0.0044117658399,
        "min": 1.13641783628e-06,
        "stdev": 0.00484238751233
    },
    "spectral_energyband_middle_high": {
        "max": 0.0662580430508,
        "mean": 0.00690607540309,
        "min": 4.99429261254e-05,
        "stdev": 0.00827624928206
    },
    "spectral_energyband_middle_low": {
        "max": 0.120595820248,
        "mean": 0.00963639467955,
        "min": 8.01882415544e-05,
        "stdev": 0.0126421460882
    },
    "spectral_entropy": {
        "max": 8.74281978607,
        "mean": 7.67498922348,
        "min": 6.05940437317,
        "stdev": 0.403019040823
    },
    "spectral_flux": {
        "max": 0.308375298977,
        "mean": 0.0824281126261,
        "min": 0.0170282274485,
        "stdev": 0.0434541665018
    },
    "spectral_kurtosis": {
        "max": 25.5055522919,
        "mean": 3.80024933815,
        "min": -1.16480672359,
        "stdev": 2.80281662941
    },
    "spectral_rms": {
        "max": 0.0126214260235,
        "mean": 0.00417720060796,
        "min": 0.000383214181056,
        "stdev": 0.00174258649349
    },
    "spectral_rolloff": {
        "max": 9969.87304688,
        "mean": 1687.81640625,
        "min": 86.1328125,
        "stdev": 1244.00537109
    },
    "spectral_skewness": {
        "max": 4.00297260284,
        "mean": 1.56586039066,
        "min": -0.0582003667951,
        "stdev": 0.452960312366
    },
    "spectral_spread": {
        "max": 11514477,
        "mean": 4698307,
        "min": 1896690.75,
        "stdev": 1439485.25
    },
    "spectral_strongpeak": {
        "max": 13.9302330017,
        "mean": 1.45083332062,
        "min": 0.00305445166305,
        "stdev": 2.07083916664
    },
    "zerocrossingrate": {
        "max": 0.3447265625,
        "mean": 0.0664838701487,
        "min": 0.009765625,
        "stdev": 0.03010302037
    },
    "barkbands": {
        "max": [0.000410144042689, 0.022340817377, 0.0167484134436, 0.028338342905, 0.0567568801343, 0.0499558374286, 0.0316094346344, 0.0668531879783, 0.117293708026, 0.0227203648537, 0.0266738347709, 0.0194982625544, 0.0402538590133, 0.0522009432316, 0.0311704818159, 0.0253522992134, 0.00566732417792, 0.00434209825471, 0.0027306235861, 0.00165359978564, 0.000983190606348, 0.00137604516931, 0.00197988445871, 0.00312318094075, 0.00115192495286, 4.77438607049e-06, 2.52375286891e-07],
        "mean": [3.04313307424e-05, 0.00245160330087, 0.00140651583206, 0.00112976797391, 0.00142356881406, 0.00138352357317, 0.000929520581849, 0.00118752242997, 0.0034163929522, 0.000718263967428, 0.000768464640714, 0.0005048395833, 0.00131262128707, 0.000991320353933, 0.00120402267203, 0.000689653737936, 0.000364765903214, 0.000226936856052, 0.000145474346937, 0.000104212514998, 7.71095656091e-05, 0.000111209134047, 0.000159973962582, 0.000186879886314, 7.31147374609e-05, 4.92471272651e-08, 1.21119436702e-09],
        "min": [1.12956568543e-08, 2.01191554083e-07, 1.30933656806e-07, 1.40413419558e-06, 6.6996321948e-06, 4.47260845249e-06, 4.58464091935e-06, 1.87914076832e-06, 2.66061715593e-06, 3.50063510268e-06, 1.38268467254e-06, 1.27200223687e-06, 4.18773424826e-06, 4.23359324486e-06, 3.34052356266e-06, 2.71124122264e-06, 2.85163878289e-06, 1.41227917538e-06, 7.27159829239e-07, 1.35731099249e-07, 5.04219542563e-07, 9.05902368231e-07, 8.0421898474e-07, 5.77938862989e-07, 1.25315438027e-07, 1.84492782163e-10, 2.3059391896e-10],
        "stdev": [3.78096592613e-05, 0.00361235835589, 0.00181915820576, 0.00251932069659, 0.00273290579207, 0.00234597898088, 0.00202370947227, 0.0039527239278, 0.0104317311198, 0.00176233088132, 0.00192271720152, 0.00115727563389, 0.00316742341965, 0.00301578990184, 0.00299757835455, 0.00173170934431, 0.000531325291377, 0.000365173676983, 0.00020912157197, 0.000137385257403, 9.6785799542e-05, 0.000145355283166, 0.000245418195846, 0.000335112941684, 0.000115137365356, 2.25747342597e-07, 6.58308385582e-09]
    },
    "erbbands": {
        "max": [0.49343252182, 6.181204319, 18.8407936096, 49.7594833374, 182.105773926, 143.96534729, 160.727127075, 592.948242188, 438.409729004, 531.917724609, 1534.67004395, 3368.04052734, 2179.31713867, 726.83984375, 1247.73327637, 451.70803833, 1470.08056641, 1327.20703125, 2019.34448242, 680.62121582, 1305.96557617, 383.329589844, 283.186645508, 211.497879028, 173.894805908, 104.025314331, 71.4421234131, 27.2305545807, 51.2287368774, 42.4309043884, 65.1292800903, 78.9057540894, 49.655544281, 14.352971077, 9.04978847504, 0.58151113987, 0.0136814620346, 0.000902235740796, 0.000135078487801, 0.000193699466763],
        "mean": [0.0565778724849, 0.60392087698, 1.68255269527, 2.68617606163, 4.39226484299, 4.68813371658, 7.7365489006, 12.4052839279, 10.3887853622, 22.4390792847, 30.4563102722, 82.3733520508, 34.5558280945, 24.880355835, 34.2534065247, 22.6771240234, 55.714176178, 47.3139801025, 80.662437439, 41.5494651794, 32.6987686157, 20.4988117218, 14.4498348236, 9.26091098785, 6.01057243347, 5.25506258011, 3.26825714111, 3.41005277634, 3.96586823463, 4.02895784378, 4.93201208115, 4.50929021835, 2.58213710785, 1.10598170757, 0.380038201809, 0.0206692218781, 0.00061907217605, 5.42449270142e-05, 2.02291867026e-05, 2.75927195617e-05],
        "min": [7.86345754022e-06, 0.000156792651978, 0.000857480452396, 0.00854440685362, 0.0331837534904, 0.0449913032353, 0.0560221299529, 0.0212125126272, 0.0518523193896, 0.0959321856499, 0.167426079512, 0.109863437712, 0.159549728036, 0.117469169199, 0.0388411618769, 0.0709853246808, 0.218371331692, 0.304597944021, 0.195959031582, 0.311367481947, 0.143833309412, 0.176249459386, 0.0873973071575, 0.0656919777393, 0.0224171578884, 0.00618341704831, 0.0104796541855, 0.0359864868224, 0.029914714396, 0.0359716676176, 0.0220478326082, 0.0154977655038, 0.00675294082612, 0.00200428953394, 0.000905021675862, 5.48437965335e-05, 2.90705543193e-06, 5.96457539359e-07, 6.0023506876e-07, 9.13977487471e-07],
        "stdev": [0.0825782641768, 0.92210996151, 2.23682379723, 4.71918535233, 10.1535043716, 8.69961929321, 12.8457479477, 23.1271305084, 21.6144142151, 52.0163421631, 90.1477279663, 247.694030762, 106.593833923, 54.8489074707, 80.9055480957, 41.4814033508, 121.769462585, 106.424804688, 202.847412109, 70.3709335327, 81.8019180298, 32.0403060913, 20.5443592072, 14.1126699448, 8.43846130371, 7.56113195419, 4.08983373642, 4.169298172, 5.38628864288, 5.46478366852, 7.94936656952, 8.20163059235, 4.64034366608, 1.71763384342, 0.644727826118, 0.0399694852531, 0.00107127556112, 8.15646344563e-05, 1.91737217392e-05, 2.37231706706e-05]
    },
    "gfcc": {
        "mean": [-13.7393493652, 103.357017517, -144.802230835, 40.7259025574, -71.7631530762, 35.8685646057, -48.3794593811, 9.71823596954, -12.7789468765, -9.0441493988, -4.8716378212, -14.5780363083, 1.98147344589],
        "cov": [[2298.57128906, -721.775756836, -111.879501343, 49.0501251221, -63.2021865845, 271.848510742, -151.620254517, 33.2784347534, -67.995262146, 61.773311615, -109.304656982, -60.7247428894, -82.6146850586], [-721.775756836, 805.618041992, 71.01927948, -118.881027222, 120.669013977, -196.214859009, 120.207138062, -16.5279388428, 116.358856201, -35.2357254028, 93.0411529541, -32.9401702881, 46.0459327698], [-111.879501343, 71.01927948, 554.454589844, 230.180221558, -42.7818870544, 66.4965133667, -9.76985931396, 34.0880126953, -16.3846721649, 39.844959259, 20.6227607727, 61.0324249268, -26.3167705536], [49.0501251221, -118.881027222, 230.180221558, 411.012084961, 94.5049819946, 102.608436584, 18.7513961792, 33.5035820007, -14.7116355896, 26.302116394, 25.4403762817, 57.1948623657, -3.29698824883], [-63.2021865845, 120.669013977, -42.7818870544, 94.5049819946, 253.135238647, 84.9991760254, 73.494392395, 49.1917610168, 49.8888397217, 15.140622139, 12.9852046967, -6.35121440887, 30.3523902893], [271.848510742, -196.214859009, 66.4965133667, 102.608436584, 84.9991760254, 278.766571045, 118.021972656, 60.2517547607, -23.6342411041, 11.3223361969, -9.98186206818, 28.8996047974, -12.2104272842], [-151.620254517, 120.207138062, -9.76985931396, 18.7513961792, 73.494392395, 118.021972656, 249.386123657, 95.9232635498, 21.7621383667, -9.67465019226, 36.8717346191, 18.8311328888, 16.3816375732], [33.2784347534, -16.5279388428, 34.0880126953, 33.5035820007, 49.1917610168, 60.2517547607, 95.9232635498, 140.308624268, 56.368144989, 36.8203010559, 6.94893121719, 11.400853157, 6.96837329865], [-67.995262146, 116.358856201, -16.3846721649, -14.7116355896, 49.8888397217, -23.6342411041, 21.7621383667, 56.368144989, 137.660324097, 56.4661865234, 18.1780586243, -17.8937911987, 17.7988300323], [61.773311615, -35.2357254028, 39.844959259, 26.302116394, 15.140622139, 11.3223361969, -9.67465019226, 36.8203010559, 56.4661865234, 126.120178223, 31.9718780518, 15.0103111267, 10.6068744659], [-109.304656982, 93.0411529541, 20.6227607727, 25.4403762817, 12.9852046967, -9.98186206818, 36.8717346191, 6.94893121719, 18.1780586243, 31.9718780518, 102.805084229, 48.8286018372, 12.349524498], [-60.7247428894, -32.9401702881, 61.0324249268, 57.1948623657, -6.35121440887, 28.8996047974, 18.8311328888, 11.400853157, -17.8937911987, 15.0103111267, 48.8286018372, 88.0289535522, 23.7544593811], [-82.6146850586, 46.0459327698, -26.3167705536, -3.29698824883, 30.3523902893, -12.2104272842, 16.3816375732, 6.96837329865, 17.7988300323, 10.6068744659, 12.349524498, 23.7544593811, 67.8681716919]],
        "icov": [[0.00076210021507, -5.96244717599e-05, 0.000506567943376, -0.000250546814641, 0.000631282280665, -0.00138455152046, 0.00123413966503, -0.000865920679644, 0.000429110776167, -0.000363582570571, -0.000165234538144, 0.000883253000211, 7.72000785219e-05], [-5.96244717599e-05, 0.00988680496812, -0.00672592036426, 0.00516803516075, -0.00857212953269, 0.0102441068739, -0.00934900250286, 0.00779367703944, -0.00603398960084, 0.00487179821357, -0.0060501373373, 0.0036373117473, -0.00135540647898], [0.000506567943376, -0.00672592036426, 0.00763009814546, -0.00519500765949, 0.007269769907, -0.00802734959871, 0.00729121686891, -0.00629952130839, 0.00412500742823, -0.00391666498035, 0.00417300872505, -0.00298550608568, 0.00189357786439], [-0.000250546814641, 0.00516803516075, -0.00519500765949, 0.00692016584799, -0.00668751355261, 0.00529218791053, -0.00469389883801, 0.00411939620972, -0.00262883142568, 0.0025045319926, -0.00310629163869, -0.00014166701294, 7.62582785683e-05], [0.000631282280665, -0.00857212953269, 0.007269769907, -0.00668751355261, 0.0145020717755, -0.0119610000402, 0.00888210255653, -0.00798838026822, 0.00369737599976, -0.00368076609448, 0.00339633459225, 0.000714424648322, -0.00214544148184], [-0.00138455152046, 0.0102441068739, -0.00802734959871, 0.00529218791053, -0.0119610000402, 0.0196218788624, -0.0150345312431, 0.00950856506824, -0.00509396381676, 0.0035364839714, -0.00208447012119, -0.00123880268075, 0.00163704052102], [0.00123413966503, -0.00934900250286, 0.00729121686891, -0.00469389883801, 0.00888210255653, -0.0150345312431, 0.0191498268396, -0.0140160592273, 0.00665460014716, -0.0016980356304, 0.000240111243329, 0.000447765836725, -0.00109617284033], [-0.000865920679644, 0.00779367703944, -0.00629952130839, 0.00411939620972, -0.00798838026822, 0.00950856506824, -0.0140160592273, 0.0209026373923, -0.0100661218166, 0.00131389463786, -1.63911317941e-05, -0.00194196996745, 0.00105313118547], [0.000429110776167, -0.00603398960084, 0.00412500742823, -0.00262883142568, 0.00369737599976, -0.00509396381676, 0.00665460014716, -0.0100661218166, 0.0172370038927, -0.00739368982613, 0.000897863239516, 0.00345564051531, -0.00179260550067], [-0.000363582570571, 0.00487179821357, -0.00391666498035, 0.0025045319926, -0.00368076609448, 0.0035364839714, -0.0016980356304, 0.00131389463786, -0.00739368982613, 0.0149158481508, -0.00734196975827, 0.00209453003481, -0.00237686512992], [-0.000165234538144, -0.0060501373373, 0.00417300872505, -0.00310629163869, 0.00339633459225, -0.00208447012119, 0.000240111243329, -1.63911317941e-05, 0.000897863239516, -0.00734196975827, 0.0228856708854, -0.0151048218831, 0.0054551041685], [0.000883253000211, 0.0036373117473, -0.00298550608568, -0.00014166701294, 0.000714424648322, -0.00123880268075, 0.000447765836725, -0.00194196996745, 0.00345564051531, 0.00209453003481, -0.0151048218831, 0.0278647039086, -0.0112462090328], [7.72000785219e-05, -0.00135540647898, 0.00189357786439, 7.62582785683e-05, -0.00214544148184, 0.00163704052102, -0.00109617284033, 0.00105313118547, -0.00179260550067, -0.00237686512992, 0.0054551041685, -0.0112462090328, 0.0216816943139]]
    },
    "melbands": {
        "max": [0.00511611858383, 0.00809329561889, 0.00997302960604, 0.0136336656287, 0.00440945615992, 0.0116221318021, 0.006998505909, 0.00707275792956, 0.0102117909119, 0.0182631667703, 0.0108575737104, 0.00317088724114, 0.00400957139209, 0.0026812592987, 0.00219771661796, 0.0047316798009, 0.00245935749263, 0.00473734689876, 0.00163751642685, 0.00161260040477, 0.00118780916091, 0.000447653321316, 0.000307571841404, 0.000223293565796, 0.000195079934201, 0.000129843276227, 6.75353512634e-05, 6.37126431684e-05, 5.32530320925e-05, 3.1248160667e-05, 1.96966957446e-05, 3.3513042581e-05, 2.8932809073e-05, 2.95008503599e-05, 4.22781376983e-05, 4.0009868826e-05, 5.30585421075e-05, 4.26289007009e-05, 1.7323094653e-05, 1.29958380057e-05],
        "mean": [0.000603992782999, 0.000845536356792, 0.000528650823981, 0.000324357592035, 0.000263301917585, 0.000266587274382, 0.000168289378053, 0.00025655227364, 0.00028750745696, 0.00052627758123, 0.000164534707437, 9.81585399131e-05, 0.00011293971329, 6.49807407171e-05, 8.03819784778e-05, 0.00013322957966, 8.12583602965e-05, 0.000135337846586, 7.09179512342e-05, 5.51485754841e-05, 3.16908190143e-05, 2.13390376302e-05, 1.66620429809e-05, 1.06361512735e-05, 7.2340776569e-06, 4.86531598654e-06, 3.49797028321e-06, 3.46538763552e-06, 2.13434600482e-06, 1.85891349247e-06, 1.9563724436e-06, 2.4017533633e-06, 1.9783103653e-06, 2.28068415709e-06, 3.03317665384e-06, 2.48229002864e-06, 2.8724114145e-06, 2.0116522137e-06, 1.19085473216e-06, 8.37194136238e-07],
        "min": [6.55183498566e-08, 1.18823408002e-07, 2.33328682953e-06, 1.53100438638e-06, 2.67700488621e-06, 5.37361302122e-07, 7.94995173692e-07, 6.54768314234e-07, 1.10973803658e-06, 4.79502205053e-07, 5.87577005717e-07, 4.77449987102e-07, 1.51735193299e-07, 1.19274019994e-07, 3.35877388125e-07, 4.92330627822e-07, 4.00038913995e-07, 2.66311502628e-07, 2.3725021947e-07, 2.52296018743e-07, 1.39744500416e-07, 1.85915880024e-07, 9.53337746523e-08, 8.15815894839e-08, 5.0025775522e-08, 1.76803727214e-08, 7.05933089762e-09, 3.79311337895e-09, 4.95637220155e-09, 1.22044481188e-08, 1.72272542898e-08, 1.28163355484e-08, 1.41482328075e-08, 1.82464177101e-08, 1.15034488601e-08, 1.29552182315e-08, 7.60948104528e-09, 4.6299915013e-09, 2.54968313129e-09, 1.28294153079e-09],
        "stdev": [0.000877080310602, 0.00108060217462, 0.000956750591286, 0.000643454957753, 0.000406019476941, 0.000474903266877, 0.000361355923815, 0.000664430495817, 0.000867050897796, 0.00165285891853, 0.00054629042279, 0.000236735460931, 0.000269505399046, 0.000148895342136, 0.000168976985151, 0.000348897941876, 0.000207983655855, 0.000366689811926, 0.000156758032972, 0.000129044550704, 7.50171966502e-05, 3.63030667359e-05, 2.34218714468e-05, 1.95417724171e-05, 1.18950947581e-05, 7.26905773263e-06, 4.8193078328e-06, 4.9701370699e-06, 2.83721874439e-06, 2.55067607213e-06, 2.42404303208e-06, 3.57693284059e-06, 2.60041997535e-06, 3.22040955325e-06, 5.00369196743e-06, 4.30167392551e-06, 5.34383207196e-06, 3.83225233236e-06, 1.90264336197e-06, 1.32851323542e-06]
    },
    "melbands128": {
        "max": [0.000258450658293, 0.0034040142782, 0.00831234361976, 0.0130086969584, 0.0111639443785, 0.00656465999782, 0.0109450463206, 0.0147578585893, 0.0215800832957, 0.0192974619567, 0.00955883041024, 0.0074029956013, 0.00563843175769, 0.0100105842575, 0.0206723269075, 0.0155157521367, 0.00315717235208, 0.0130827277899, 0.00752077624202, 0.0088312337175, 0.0153862722218, 0.0264475718141, 0.0169397350401, 0.025759678334, 0.0418084003031, 0.0421185567975, 0.0328493714333, 0.00568293360993, 0.00652751885355, 0.00754624325782, 0.00567446975037, 0.00851591583341, 0.00596555415541, 0.00624622916803, 0.00622978899628, 0.00209782691672, 0.00260889879428, 0.0026701206807, 0.00582097750157, 0.00558152562007, 0.0106194037944, 0.00947197247297, 0.00274736410938, 0.00656539527699, 0.0145402802154, 0.00643079541624, 0.00666783424094, 0.00296158669516, 0.00154107017443, 0.00194198882673, 0.00198033102788, 0.00599000230432, 0.000844150898047, 0.000520036672242, 0.000522306945641, 0.000859737978317, 0.00049579347251, 0.000794106046669, 0.000543240923434, 0.000431715045124, 0.000286606984446, 0.000356504955562, 0.00032208772609, 0.00025005225325, 0.000221356007387, 0.000127362975036, 0.000353402341716, 7.26527869119e-05, 3.73591865355e-05, 0.000211948354263, 6.41181177343e-05, 0.000109952605271, 8.81576706888e-05, 3.07935260935e-05, 3.93602276745e-05, 3.68184191757e-05, 3.79860175599e-05, 2.24706800509e-05, 3.2323783671e-05, 2.7934442187e-05, 5.15642277605e-05, 3.83016958949e-05, 2.92419408652e-05, 3.43085412169e-05, 3.39090220223e-05, 2.62035955529e-05, 4.02722580475e-05, 3.45986918546e-05, 7.47954472899e-05, 4.45283985755e-05, 3.88805092371e-05, 5.35296712769e-05, 5.49689866602e-05, 8.20514324005e-05, 4.2972551455e-05, 4.80125963804e-05, 6.01115025347e-05, 2.63790898316e-05, 1.97384160856e-05, 1.38478944791e-05, 1.45806179717e-05, 1.57213780767e-05, 1.43824872794e-05, 1.45090771184e-05, 1.30274793264e-05, 9.98911764327e-06, 3.68565292774e-06, 2.80606229808e-07, 2.63673483047e-09, 1.65998970125e-09, 1.56329615919e-09, 1.49879897382e-09, 1.42913958445e-09, 1.37696187785e-09, 1.31357669186e-09, 1.26379295917e-09, 1.20164023176e-09, 1.18405163452e-09, 1.14311982102e-09, 1.12478060199e-09, 1.09066944365e-09, 1.06503772468e-09, 1.0572193121e-09, 1.02599029272e-09, 1.00619390597e-09, 1.0062453093e-09, 9.94093474205e-10, 9.86110526568e-10],
        "mean": [2.92263630399e-05, 0.000355327530997, 0.000876116508152, 0.00102700549178, 0.000951104972046, 0.000615603697952, 0.000515446532518, 0.000588276074268, 0.00042998266872, 0.000321311497828, 0.000237786254729, 0.000228953096666, 0.000226626187214, 0.000365191488527, 0.000355560361641, 0.0001623993885, 9.97231909423e-05, 0.000192817140487, 0.000213760678889, 0.000257629028056, 0.000302210974041, 0.00019517011242, 0.00021404789004, 0.000448043690994, 0.000584916910157, 0.000669672735967, 0.000213821680518, 8.9174558525e-05, 0.000107900727016, 0.000119018943224, 7.9664583609e-05, 8.60747459228e-05, 0.000125565275084, 0.00013633974595, 7.01091339579e-05, 4.62946045445e-05, 4.68822508992e-05, 5.93449294684e-05, 0.000121278717415, 0.000132487271912, 0.000163903721841, 9.23427651287e-05, 5.50400509383e-05, 7.52102932893e-05, 0.000139244759339, 0.000135952213896, 0.000168797996594, 5.39400170965e-05, 3.73831608158e-05, 5.67243514524e-05, 4.6220364311e-05, 8.12320431578e-05, 2.49426320806e-05, 2.05357519008e-05, 1.91871258721e-05, 2.39986329689e-05, 1.79789094545e-05, 2.26812499022e-05, 1.29322079374e-05, 1.31392234834e-05, 9.95639584289e-06, 9.78331809165e-06, 7.88899615145e-06, 6.56228621665e-06, 6.07783522355e-06, 4.25080816058e-06, 5.13450959261e-06, 3.31919636665e-06, 2.46082277044e-06, 4.79316486235e-06, 3.21787206303e-06, 3.32409626935e-06, 2.75342313216e-06, 1.74172316747e-06, 1.59468845595e-06, 1.69729628396e-06, 2.23234201258e-06, 1.81816437816e-06, 1.8732649778e-06, 2.11861083699e-06, 2.62054913946e-06, 2.42170312958e-06, 1.84350960808e-06, 1.93687992578e-06, 2.14293822864e-06, 2.08164465221e-06, 2.49577442446e-06, 2.34628396356e-06, 3.83791530112e-06, 2.76295781987e-06, 2.07682887776e-06, 2.54883116213e-06, 2.80960057353e-06, 3.25778114529e-06, 2.64453592536e-06, 2.3168718144e-06, 1.90488640328e-06, 1.44429463944e-06, 1.22668927816e-06, 1.08183007796e-06, 9.09894367851e-07, 8.51216441333e-07, 6.5931391191e-07, 5.80923142479e-07, 4.80578137285e-07, 3.28750019207e-07, 7.20961708112e-08, 2.72760058984e-09, 1.50555939243e-11, 8.83100016724e-12, 7.71557210483e-12, 7.24647902448e-12, 6.96713563578e-12, 6.669346065e-12, 6.42814707713e-12, 6.20861348444e-12, 5.92112990583e-12, 5.75140499462e-12, 5.64701367264e-12, 5.52375116133e-12, 5.33994289759e-12, 5.25221663036e-12, 5.21438664816e-12, 5.07324520935e-12, 4.63363332079e-12, 3.94110655569e-12, 3.56106919126e-12, 3.49022069926e-12],
        "min": [2.11196127253e-09, 2.45031746005e-08, 1.00665303648e-07, 5.59248576337e-08, 5.75036125383e-08, 8.49982626505e-08, 1.82244548341e-07, 3.34907952038e-07, 8.31391616885e-07, 6.1265268414e-07, 9.57415551284e-08, 3.711003842e-07, 3.00580552448e-07, 6.80466769154e-07, 2.99699536299e-07, 6.80934846287e-08, 3.71288052747e-07, 2.15277538018e-07, 1.04128282885e-07, 2.46471131504e-07, 2.26947051374e-07, 1.65747508163e-07, 2.22546930218e-07, 8.68686385047e-08, 7.55855680268e-08, 1.0532836825e-07, 2.1354159685e-07, 1.57643682996e-07, 1.95173299744e-07, 1.86441724281e-07, 2.36642279106e-07, 2.40710761545e-07, 1.1411768952e-07, 6.11424724184e-08, 9.06158703629e-08, 1.12094710403e-07, 1.64741123854e-07, 1.99157653924e-07, 1.94262582909e-07, 1.79600618821e-07, 1.45983321431e-07, 3.08253333969e-07, 7.72924977355e-08, 1.76624013193e-07, 1.77787072175e-07, 9.10271324983e-08, 1.41785051255e-07, 2.042273195e-07, 1.14237792559e-07, 2.42131932282e-07, 1.46186039274e-07, 1.32204306169e-07, 1.71039545194e-07, 7.8773538803e-08, 7.61778764513e-08, 1.5174418877e-07, 9.4860098443e-08, 1.07844385866e-07, 2.03931680431e-08, 5.06420789748e-08, 7.93773224927e-08, 7.7956066491e-08, 4.50279777908e-08, 4.82185029682e-08, 9.16841980114e-09, 1.52662060771e-08, 2.49901455085e-09, 7.12924341784e-09, 4.48353709714e-09, 1.29169552832e-09, 1.45827283582e-09, 6.86608325751e-09, 7.29440552405e-09, 3.19191806319e-09, 4.11732381522e-09, 8.12005573891e-09, 1.2158805518e-08, 1.05003437056e-08, 7.14834813564e-09, 1.48327670146e-08, 1.41651792518e-08, 9.0060821023e-09, 7.65896501775e-09, 9.98776172878e-09, 1.00357677724e-08, 1.18583010078e-08, 8.54960369168e-09, 8.80517525559e-09, 6.04733862986e-09, 1.05879713885e-08, 1.03266231122e-08, 1.00959089977e-08, 4.45267733795e-09, 5.46791989464e-09, 4.88257878573e-09, 4.92960250398e-09, 4.01320754406e-09, 2.20659290839e-09, 1.41626432804e-09, 9.66326463292e-10, 1.19431742274e-09, 1.14896403502e-09, 1.19833198919e-09, 1.03310338062e-09, 6.28501195532e-10, 3.95298571654e-10, 9.55103149347e-11, 1.17906964574e-12, 6.61720027731e-13, 5.04603737267e-13, 5.88045671185e-13, 6.42437763144e-13, 6.57598595803e-13, 5.53319434542e-13, 5.45022740047e-13, 7.2819430607e-13, 6.61289274208e-13, 6.42218320624e-13, 5.63575228152e-13, 5.84407793425e-13, 6.31919701028e-13, 5.89882743346e-13, 7.48676945092e-13, 7.94819830612e-13, 4.98835131188e-13, 1.87511098771e-13, 3.04965810092e-14, 7.45182264605e-16],
        "stdev": [3.68217697542e-05, 0.000544595532119, 0.00143631012179, 0.00171637150925, 0.00142547045834, 0.00077210937161, 0.000957630923949, 0.00136923207901, 0.00113759131636, 0.000740732299164, 0.000496814085636, 0.000515141757205, 0.000493608647957, 0.000704458216205, 0.000730077677872, 0.000485029915581, 0.000218255416257, 0.000581234111451, 0.000577022321522, 0.000694574555382, 0.00118520425167, 0.00102765881456, 0.000986639643088, 0.00181739940308, 0.00210647005588, 0.00313730142079, 0.0012296953937, 0.000331606453983, 0.000358974677511, 0.000410728418501, 0.000259447580902, 0.000342351180734, 0.000378686818294, 0.000436592061305, 0.000263125111815, 0.000129046486109, 0.000148550738231, 0.000171165069332, 0.000357382901711, 0.000395950657548, 0.000626016815659, 0.000458714581328, 0.000177149966476, 0.000298976519844, 0.000682729238179, 0.000530062010512, 0.000593873439357, 0.000177141890163, 9.12079485715e-05, 0.000137937982799, 0.000130835571326, 0.000351342430804, 5.94619777985e-05, 4.37343078374e-05, 3.85235616704e-05, 6.19770071353e-05, 3.5947541619e-05, 4.62680072815e-05, 2.41838824877e-05, 3.07684276777e-05, 2.37539716181e-05, 2.5828850994e-05, 1.73677872226e-05, 1.25001806737e-05, 1.20359918583e-05, 7.19389026926e-06, 1.14552358355e-05, 5.45753755432e-06, 3.580638122e-06, 1.24402367874e-05, 5.09770461576e-06, 5.65395566809e-06, 4.4963471737e-06, 2.69244947049e-06, 2.43278645939e-06, 2.7160897389e-06, 3.57533849638e-06, 2.71692761089e-06, 2.67476571025e-06, 2.92524600809e-06, 4.98366853208e-06, 3.81302515962e-06, 2.48138235293e-06, 2.74600824923e-06, 3.34726018991e-06, 3.31966202793e-06, 3.86921919926e-06, 3.7974029965e-06, 7.26389271222e-06, 4.73259115097e-06, 3.35202798851e-06, 5.14256043971e-06, 5.18447131981e-06, 7.2158572948e-06, 4.42315740656e-06, 4.81055576529e-06, 4.17108140027e-06, 2.48959395321e-06, 2.14255101127e-06, 1.77484594133e-06, 1.46257173128e-06, 1.49727532062e-06, 1.13383759981e-06, 1.03576280708e-06, 8.97706456726e-07, 6.66999369514e-07, 2.06116880008e-07, 1.17700622582e-08, 9.59633900122e-11, 5.4510809061e-11, 4.67200132748e-11, 4.31344751584e-11, 4.02468718075e-11, 3.83108683666e-11, 3.62000776577e-11, 3.44899039884e-11, 3.23682920744e-11, 3.14073246577e-11, 3.01479743947e-11, 2.9360971987e-11, 2.84862636951e-11, 2.76137671756e-11, 2.72166525428e-11, 2.64427785224e-11, 2.58717561263e-11, 2.580460845e-11, 2.5486187813e-11, 2.52737622497e-11]
    },
    "mfcc": {
        "mean": [-637.115600586, 111.295135498, -3.52600216866, 2.08254528046, 11.1045236588, 7.76023006439, -5.3456029892, 6.70955562592, -0.917973041534, 5.43829631805, -1.51725447178, -0.517990767956, -4.52539682388],
        "cov": [[2428.98681641, -798.108032227, -110.582687378, -213.866210938, 97.4605712891, 98.8532791138, 11.6384248734, -52.0888710022, 4.80681800842, 50.816444397, 30.45561409, -39.6012916565, -103.694107056], [-798.108032227, 883.276794434, -95.8017501831, 25.3072185516, -56.0195884705, -115.863800049, -51.6987686157, -16.3021469116, 5.9227142334, 15.2752504349, 19.0902366638, 9.52325820923, 51.5488166809], [-110.582687378, -95.8017501831, 573.875183105, 129.048614502, 18.0427284241, 39.9165115356, 19.9514122009, 21.6933097839, -31.2486057281, -45.0588798523, 3.68306469917, 53.1596374512, 32.8029022217], [-213.866210938, 25.3072185516, 129.048614502, 281.621459961, 85.4827041626, 17.683303833, 15.5944452286, 14.230137825, 0.913721203804, 12.1951665878, 3.72557115555, 16.1804008484, 40.9301338196], [97.4605712891, -56.0195884705, 18.0427284241, 85.4827041626, 203.137878418, 66.0948104858, -2.69888329506, 0.162746950984, 26.655708313, 31.2275447845, 8.39724159241, -2.46110963821, 5.48102521896], [98.8532791138, -115.863800049, 39.9165115356, 17.683303833, 66.0948104858, 173.693115234, 103.94442749, 61.4819984436, 28.9410953522, 9.47068119049, 19.9756164551, 15.4185142517, -7.65695858002], [11.6384248734, -51.6987686157, 19.9514122009, 15.5944452286, -2.69888329506, 103.94442749, 204.447097778, 126.319541931, 31.468542099, 8.68163394928, 18.9436511993, 20.7122821808, 7.77848625183], [-52.0888710022, -16.3021469116, 21.6933097839, 14.230137825, 0.162746950984, 61.4819984436, 126.319541931, 173.015640259, 47.8280181885, 10.3850774765, 20.2661933899, 22.5111904144, 5.19232702255], [4.80681800842, 5.9227142334, -31.2486057281, 0.913721203804, 26.655708313, 28.9410953522, 31.468542099, 47.8280181885, 124.565826416, 63.6105422974, 29.7717170715, 5.62519407272, 0.872739613056], [50.816444397, 15.2752504349, -45.0588798523, 12.1951665878, 31.2275447845, 9.47068119049, 8.68163394928, 10.3850774765, 63.6105422974, 114.382598877, 51.7615127563, 1.4637979269, 4.62626504898], [30.45561409, 19.0902366638, 3.68306469917, 3.72557115555, 8.39724159241, 19.9756164551, 18.9436511993, 20.2661933899, 29.7717170715, 51.7615127563, 94.3715209961, 37.4375190735, 12.4182386398], [-39.6012916565, 9.52325820923, 53.1596374512, 16.1804008484, -2.46110963821, 15.4185142517, 20.7122821808, 22.5111904144, 5.62519407272, 1.4637979269, 37.4375190735, 79.3287734985, 41.3923912048], [-103.694107056, 51.5488166809, 32.8029022217, 40.9301338196, 5.48102521896, -7.65695858002, 7.77848625183, 5.19232702255, 0.872739613056, 4.62626504898, 12.4182386398, 41.3923912048, 85.0067367554]],
        "icov": [[0.000703795580193, 0.000610186660197, 8.77372149262e-05, 0.000525571871549, -0.000418211944634, 0.000135602051159, -0.000195411659661, 0.000305362860672, 0.000171785708517, -0.000272770470474, -0.000354269403033, 5.11078214913e-05, 0.000279933097772], [0.000610186660197, 0.00186844868585, 0.000326495617628, 0.000199527959921, -0.000117825511552, 0.000896699610166, -6.63574537612e-05, 0.000115065886348, -2.68745825451e-05, -7.66529919929e-05, -0.000775242340751, 0.000279383879388, -0.000541709072422], [8.77372149262e-05, 0.000326495617628, 0.00225114985369, -0.00102217926178, 0.000260074302787, -0.000444634380983, 0.000333442148985, -0.000172884450876, 0.0002619321167, 0.000804016075563, -0.000145032565342, -0.00121561100241, 2.2409212761e-05], [0.000525571871549, 0.000199527959921, -0.00102217926178, 0.00540801184252, -0.00253747915849, 0.00075185415335, -0.000773120962549, -7.66112134443e-06, 0.000665043189656, -0.000916576304007, 0.000124174723169, 0.000564784451853, -0.0016369104851], [-0.000418211944634, -0.000117825511552, 0.000260074302787, -0.00253747915849, 0.00776009634137, -0.00399846490473, 0.00251559098251, -0.000268003903329, -0.000696365546901, -0.0012826055754, 0.000689823296852, 0.000737419002689, -0.00077450304525], [0.000135602051159, 0.000896699610166, -0.000444634380983, 0.00075185415335, -0.00399846490473, 0.0115635506809, -0.00596148846671, 0.000860679603647, -0.00107574334834, 0.0012509477092, -0.0014227720676, -0.00126970373094, 0.00199260562658], [-0.000195411659661, -6.63574537612e-05, 0.000333442148985, -0.000773120962549, 0.00251559098251, -0.00596148846671, 0.0122568542138, -0.0071355458349, 0.000878552207723, -0.000746742764022, 0.00033287453698, 0.000547258299775, -0.00162291899323], [0.000305362860672, 0.000115065886348, -0.000172884450876, -7.66112134443e-06, -0.000268003903329, 0.000860679603647, -0.0071355458349, 0.0119317919016, -0.00351092382334, 0.00145512982272, -0.000639270991087, -0.00154087517876, 0.00119258835912], [0.000171785708517, -2.68745825451e-05, 0.0002619321167, 0.000665043189656, -0.000696365546901, -0.00107574334834, 0.000878552207723, -0.00351092382334, 0.0130985993892, -0.00714125018567, 0.00075661711162, -0.000586785899941, 0.000315978279104], [-0.000272770470474, -7.66529919929e-05, 0.000804016075563, -0.000916576304007, -0.0012826055754, 0.0012509477092, -0.000746742764022, 0.00145512982272, -0.00714125018567, 0.0175569336861, -0.00909268762916, 0.00435806345195, -0.00165629689582], [-0.000354269403033, -0.000775242340751, -0.000145032565342, 0.000124174723169, 0.000689823296852, -0.0014227720676, 0.00033287453698, -0.000639270991087, 0.00075661711162, -0.00909268762916, 0.0195725429803, -0.00996968057007, 0.00235245376825], [5.11078214913e-05, 0.000279383879388, -0.00121561100241, 0.000564784451853, 0.000737419002689, -0.00126970373094, 0.000547258299775, -0.00154087517876, -0.000586785899941, 0.00435806345195, -0.00996968057007, 0.024000344798, -0.0104890353978], [0.000279933097772, -0.000541709072422, 2.2409212761e-05, -0.0016369104851, -0.00077450304525, 0.00199260562658, -0.00162291899323, 0.00119258835912, 0.000315978279104, -0.00165629689582, 0.00235245376825, -0.0104890353978, 0.018369005993]]
    },
    "spectral_contrast_coeffs": {
        "max": [-0.417097002268, -0.373818606138, -0.459657818079, -0.562096297741, -0.591314554214, -0.71595543623],
        "mean": [-0.726962089539, -0.736848115921, -0.760228395462, -0.780276060104, -0.792584121227, -0.798171401024],
        "min": [-0.938094079494, -0.909366548061, -0.937126636505, -0.900968432426, -0.88141387701, -0.876131236553],
        "stdev": [0.0760469138622, 0.0818377658725, 0.0727250576019, 0.0624777637422, 0.0356801636517, 0.0240838080645]
    },
    "spectral_contrast_valleys": {
        "max": [-5.09480857849, -5.23222780228, -5.50416898727, -5.46664333344, -5.99290180206, -7.79967212677],
        "mean": [-6.88486909866, -6.82548856735, -7.29553079605, -7.28752565384, -7.69515609741, -9.81472492218],
        "min": [-10.0070037842, -8.66154003143, -9.21887874603, -8.78379535675, -10.1203966141, -12.0697669983],
        "stdev": [0.609652578831, 0.502586901188, 0.519829630852, 0.549126505852, 0.580849945545, 0.822466015816]
    }
},
"rhythm": {
    "beats_count": 112,
    "beats_loudness": {
        "max": 0.171324625611,
        "mean": 0.0297100637108,
        "min": 0.00851943809539,
        "stdev": 0.020853523165
    },
    "bpm": 138.152801514,
    "bpm_histogram_first_peak_bpm": 140,
    "bpm_histogram_first_peak_weight": 0.509259223938,
    "bpm_histogram_second_peak_bpm": 133,
    "bpm_histogram_second_peak_spread": 0,
    "bpm_histogram_second_peak_weight": 0.00900900922716,
    "danceability": 1.15243709087,
    "onset_rate": 4.7578125,
    "beats_loudness_band_ratio": {
        "max": [0.815506339073, 0.713725686073, 0.70819246769, 0.680987119675, 0.471755236387, 0.277191519737],
        "mean": [0.406924396753, 0.110168464482, 0.166467562318, 0.148955494165, 0.116479359567, 0.0733922347426],
        "min": [0.0332295335829, 0.0056503568776, 0.0142944818363, 0.00853625591844, 0.00908278953284, 0.00317798159085],
        "stdev": [0.171050146222, 0.109523072839, 0.156020030379, 0.118547648191, 0.0905231535435, 0.0455895140767]
    },
