{
"metadata": {
    "version": {
        "essentia": "2.1-beta5",
        "essentia_git_sha": "Undefined",
        "extractor": "music 2.0"
    },
    "audio_properties": {
        "analysis": {
            "equal_loudness": 0,
            "length": 12.7477550507,
            "sample_rate": 44100,
            "start_time": 0,
            "downmix": "mix"
        },
        "bit_rate": 192000,
        "length": 189.370361328,
        "lossless": 0,
        "number_channels": 2,
        "replay_gain": -4.70017433167,
        "sample_rate": 48000,
        "codec": "mp3",
        "md5_encoded": "6cdd814b7a019b7e93ba86d55abbe116"
    },
    "tags": {
        "file_name": "Belgium_1 Life_Xandee.mp3",
        "encoding": ["Lavf58.29.100"]
    }
},
"lowlevel": {
    "average_loudness": 0.857029020786,
    "barkbands_crest": {
        "max": 17.8712825775,
        "mean": 8.04506492615,
        "min": 2.63662838936,
        "stdev": 2.93475365639
    },
    "barkbands_flatness_db": {
        "max": 0.309156298637,
        "mean": 0.168744713068,
        "min": 0.0448321737349,
        "stdev": 0.0595334358513
    },
    "barkbands_kurtosis": {
        "max": 7.85485267639,
        "mean": 1.04073798656,
        "min": -1.61321210861,
        "stdev": 1.49290728569
    },
    "barkbands_skewness": {
        "max": 2.48168635368,
        "mean": 0.78319054842,
        "min": -1.78191828728,
        "stdev": 0.687556922436
    },
    "barkbands_spread": {
        "max": 55.5613594055,
        "mean": 15.2630615234,
        "min": 3.90877890587,
        "stdev": 10.1989221573
    },
    "dissonance": {
        "max": 0.500000119209,
        "mean": 0.483857154846,
        "min": 0.276388078928,
        "stdev": 0.017056459561
    },
    "dynamic_complexity": 3.80466365814,
    "erbbands_crest": {
        "max": 22.1997127533,
        "mean": 8.65300369263,
        "min": 2.95435428619,
        "stdev": 3.32772827148
    },
    "erbbands_flatness_db": {
        "max": 0.377673000097,
        "mean": 0.248014360666,
        "min": 0.0844227075577,
        "stdev": 0.0694072246552
    },
    "erbbands_kurtosis": {
        "max": 4.41725254059,
        "mean": 0.59534406662,
        "min": -1.54483699799,
        "stdev": 1.03582262993
    },
    "erbbands_skewness": {
        "max": 1.98111104965,
        "mean": 0.575934946537,
        "min": -1.35730946064,
        "stdev": 0.622633695602
    },
    "erbbands_spread": {
        "max": 59.1050262451,
        "mean": 18.2216625214,
        "min": 7.02838230133,
        "stdev": 9.26586151123
    },
    "hfc": {
        "max": 93.298034668,
        "mean": 23.199256897,
        "min": 1.20373665314e-16,
        "stdev": 18.636548996
    },
    "loudness_ebu128": {
        "integrated": -19.424287796,
        "loudness_range": 4.97063446045,
        "momentary": {
            "max": -15.8755598068,
            "mean": -20.9304695129,
            "min": -34.3989944458,
            "stdev": 3.90797042847
        },
        "short_term": {
            "max": -16.652961731,
            "mean": -19.5383529663,
            "min": -22.7199878693,
            "stdev": 1.71886599064
        }
    },
    "melbands_crest": {
        "max": 27.4267902374,
        "mean": 11.1740016937,
        "min": 3.17016267776,
        "stdev": 4.10592126846
    },
    "melbands_flatness_db": {
        "max": 0.299026787281,
        "mean": 0.183242604136,
        "min": 0.00725877936929,
        "stdev": 0.0423915199935
    },
    "melbands_kurtosis": {
        "max": 24.3641719818,
        "mean": 3.33790826797,
        "min": -1.21318507195,
        "stdev": 3.48381590843
    },
    "melbands_skewness": {
        "max": 4.73647975922,
        "mean": 1.30550265312,
        "min": -0.645682752132,
        "stdev": 0.897768855095
    },
    "melbands_spread": {
        "max": 128.594329834,
        "mean": 21.3297023773,
        "min": 5.83282613754,
        "stdev": 13.0013933182
    },
    "pitch_salience": {
        "max": 0.840651869774,
        "mean": 0.678456544876,
        "min": 0.344369500875,
        "stdev": 0.0797173082829
    },
    "silence_rate_20dB": {
        "max": 1,
        "mean": 1,
        "min": 1,
        "stdev": 0
    },
    "silence_rate_30dB": {
        "max": 1,
        "mean": 1,
        "min": 1,
        "stdev": 0
    },
    "silence_rate_60dB": {
        "max": 1,
        "mean": 0.101818181574,
        "min": 0,
        "stdev": 0.302411198616
    },
    "spectral_centroid": {
        "max": 11455.28125,
        "mean": 1545.70031738,
        "min": 827.440490723,
        "stdev": 506.606842041
    },
    "spectral_complexity": {
        "max": 49,
        "mean": 23.9581813812,
        "min": 0,
        "stdev": 8.8045501709
    },
    "spectral_decrease": {
        "max": 2.66692727752e-29,
        "mean": -5.15059728201e-09,
        "min": -2.39279867031e-08,
        "stdev": 4.13056788773e-09
    },
    "spectral_energy": {
        "max": 0.0987721160054,
        "mean": 0.0215437747538,
        "min": 1.08175917856e-20,
        "stdev": 0.0171936154366
    },
    "spectral_energyband_high": {
        "max": 0.00329879741184,
        "mean": 0.000246857787715,
        "min": 7.96808786126e-21,
        "stdev": 0.000381319754524
    },
    "spectral_energyband_low": {
        "max": 0.03304136917,
        "mean": 0.00152793235611,
        "min": 5.56907968073e-23,
        "stdev": 0.00351339578629
    },
    "spectral_energyband_middle_high": {
        "max": 0.0642957389355,
        "mean": 0.0131273483858,
        "min": 1.59476958685e-21,
        "stdev": 0.0120630580932
    },
    "spectral_energyband_middle_low": {
        "max": 0.0635256916285,
        "mean": 0.0075372159481,
        "min": 2.6403482469e-22,
        "stdev": 0.00829746294767
    },
    "spectral_entropy": {
        "max": 9.78149414062,
        "mean": 7.57241678238,
        "min": 7.04977464676,
        "stdev": 0.234156951308
    },
    "spectral_flux": {
        "max": 0.221605151892,
        "mean": 0.0839692726731,
        "min": 1.04007649715e-10,
        "stdev": 0.0383146815002
    },
    "spectral_kurtosis": {
        "max": 19.3573207855,
        "mean": 7.04742527008,
        "min": -1.20845878124,
        "stdev": 2.92146277428
    },
    "spectral_rms": {
        "max": 0.00981646776199,
        "mean": 0.00417787209153,
        "min": 3.2486532995e-12,
        "stdev": 0.00188778329175
    },
    "spectral_rolloff": {
        "max": 18712.3535156,
        "mean": 1697.40466309,
        "min": 193.798828125,
        "stdev": 852.713928223
    },
    "spectral_skewness": {
        "max": 3.15065765381,
        "mean": 1.79922258854,
        "min": -0.0496062114835,
        "stdev": 0.310308456421
    },
    "spectral_spread": {
        "max": 40463716,
        "mean": 2893271.5,
        "min": 1867635.75,
        "stdev": 1904003.375
    },
    "spectral_strongpeak": {
        "max": 6.87018918991,
        "mean": 1.34464812279,
        "min": 0,
        "stdev": 1.30539274216
    },
    "zerocrossingrate": {
        "max": 0.49169921875,
        "mean": 0.062542617321,
        "min": 0.02197265625,
        "stdev": 0.0260823499411
    },
    "barkbands": {
        "max": [0.00961508136243, 0.0162689685822, 0.0142705589533, 0.00834440626204, 0.0133617371321, 0.0206832010299, 0.0198910497129, 0.0285785254091, 0.0496424175799, 0.0303227696568, 0.0304657705128, 0.0272788405418, 0.0104783605784, 0.00949814356863, 0.00704567367211, 0.00385283119977, 0.00169942039065, 0.00313451793045, 0.00490191346034, 0.00162483064923, 0.00299799535424, 0.000904094718862, 0.000352325325366, 0.000998542527668, 0.000281535554677, 7.48606180423e-05, 1.51339222043e-07],
        "mean": [0.000426462676842, 0.000774160434958, 0.000281082815491, 0.000236672538449, 0.000482627860038, 0.000491016719025, 0.000425864476711, 0.000644432380795, 0.00369406794198, 0.00421504769474, 0.00229047937319, 0.00222758296877, 0.0012416705722, 0.00129716517404, 0.000858763814904, 0.000566052680369, 0.000342462299159, 0.000443520024419, 0.00029819473275, 0.000112406291009, 8.12082289485e-05, 4.69740043627e-05, 2.26839856623e-05, 2.65465532721e-05, 1.28217589008e-05, 3.83602309739e-06, 3.50867379595e-09],
        "min": [1.16008938089e-23, 3.27909220352e-23, 1.43612238236e-23, 3.29010454399e-24, 3.9418227697e-23, 8.58651871268e-23, 5.51529956184e-23, 4.85897328404e-23, 1.36765367341e-23, 1.12576623223e-22, 2.16203019942e-22, 1.38942033371e-22, 5.65794580834e-23, 9.8445341309e-23, 1.10275219351e-22, 1.22803100454e-22, 1.28909136296e-22, 2.54787456372e-22, 2.25147036532e-22, 2.93432426832e-22, 4.81800697992e-22, 6.89409097304e-22, 5.55006838535e-22, 7.73305527425e-22, 1.2468108923e-21, 1.63172523377e-21, 2.60029274266e-21],
        "stdev": [0.000955137133133, 0.00175829476211, 0.00105936743785, 0.000839814660139, 0.00141267420258, 0.00131279672496, 0.00137860153336, 0.00182739424054, 0.00538390502334, 0.00515705207363, 0.00333443121053, 0.00337294396013, 0.00135415361729, 0.00130462716334, 0.000946567975916, 0.000577859522309, 0.000286641705316, 0.000385202409234, 0.000442383723566, 0.00016383077309, 0.000211254999158, 7.36768488423e-05, 3.92637703044e-05, 8.20965869934e-05, 3.49675719917e-05, 9.66188781604e-06, 1.12574563005e-08]
    },
    "erbbands": {
        "max": [0.49502581358, 3.78500366211, 12.4722089767, 24.6575641632, 42.7781600952, 48.5638961792, 183.621582031, 83.192527771, 169.661376953, 512.89831543, 599.395202637, 875.11505127, 1418.34265137, 1455.31958008, 977.976257324, 516.228393555, 461.018493652, 641.803222656, 405.528533936, 185.883468628, 120.162231445, 78.2562179565, 216.877044678, 108.672386169, 342.329589844, 65.4421386719, 187.419830322, 21.7588653564, 25.7124290466, 21.6023845673, 8.81745147705, 31.0329456329, 7.77431869507, 3.24553060532, 1.80959415436, 0.448084712029, 0.104538731277, 0.0108578037471, 0.000227528173127, 0.000117576229968],
        "mean": [0.0361110605299, 0.123141296208, 0.294530153275, 0.649509072304, 1.29149603844, 1.49002861977, 2.7967710495, 4.26004552841, 5.26440858841, 9.44421958923, 19.5682945251, 73.7497253418, 142.335296631, 115.912445068, 113.283050537, 65.8291702271, 54.5941123962, 70.4984436035, 53.1265182495, 38.6527557373, 26.3520393372, 19.6694374084, 24.5528068542, 16.573097229, 14.3571195602, 5.16878938675, 5.05006027222, 1.76078915596, 1.61361634731, 1.13877642155, 0.626240611076, 0.675502955914, 0.336510419846, 0.169342398643, 0.0811336264014, 0.0290592964739, 0.00419979495928, 0.000341902719811, 2.03937725018e-05, 2.69190568361e-05],
        "min": [9.80244669766e-22, 7.2617563975e-21, 1.43808564511e-20, 1.84830034363e-20, 2.55270780467e-20, 2.30930603202e-19, 3.44875146171e-19, 6.9738672036e-19, 7.66874906597e-19, 8.40278759059e-19, 1.21436721028e-18, 4.53145772976e-19, 1.57749567348e-18, 8.61188406359e-18, 6.18642465787e-18, 4.16552646845e-18, 3.45925732758e-18, 4.9599143328e-18, 3.74532368036e-18, 7.03896125133e-18, 6.98913768149e-18, 7.48983672372e-18, 1.42801698168e-17, 1.25684775306e-17, 9.8836651564e-18, 1.34123928341e-17, 1.99423220258e-17, 1.86876048418e-17, 2.47085598763e-17, 1.73645360695e-17, 1.61425620029e-17, 1.38406556701e-17, 1.52913468304e-17, 1.35855581323e-17, 9.12130076229e-18, 5.49343838327e-18, 2.89788003793e-18, 1.50076298774e-18, 3.65296012447e-19, 3.78392769548e-20],
        "stdev": [0.0753936842084, 0.3448317945, 1.03723883629, 2.3137485981, 4.29777145386, 4.44973039627, 9.80189037323, 9.28420639038, 15.6167478561, 30.5116119385, 36.3815956116, 102.271080017, 186.434036255, 163.889465332, 159.821609497, 73.0327758789, 56.4554710388, 72.0164718628, 54.5902709961, 37.1428146362, 22.42370224, 15.3720407486, 21.8532657623, 14.7360544205, 28.5471248627, 6.3821849823, 13.4948015213, 2.06415629387, 2.29372119904, 2.03006982803, 1.06733739376, 2.33929610252, 0.86388361454, 0.453780531883, 0.229153230786, 0.0754819512367, 0.0105048362166, 0.00092501018662, 2.36601499637e-05, 2.10657090065e-05]
    },
    "gfcc": {
        "mean": [-51.173084259, 77.9831542969, -201.17779541, -6.03568601608, -66.5040817261, 14.6088562012, -28.6069774628, 10.6705551147, -20.0487194061, -6.86423683167, -14.1786365509, -4.14639949799, -5.24209547043],
        "cov": [[6985.65722656, -136.748428345, -118.106414795, -93.5085220337, -463.326202393, 222.592819214, -227.272323608, 250.506881714, -293.171661377, 182.001022339, 115.147918701, 60.8396606445, 89.3146209717], [-136.748428345, 1445.01135254, 1339.89440918, 1065.4185791, 571.675842285, 180.194702148, 61.4814796448, -39.0703392029, 176.316070557, 213.744537354, 153.802520752, 176.855575562, -0.161616951227], [-118.106414795, 1339.89440918, 2342.93579102, 1515.01074219, 720.405334473, 429.146331787, -103.209243774, 73.4250488281, 111.216766357, 416.280303955, 139.969741821, 313.605682373, -46.9611549377], [-93.5085220337, 1065.4185791, 1515.01074219, 1183.09973145, 570.606140137, 267.7293396, -27.8651371002, -13.9377422333, 119.74559021, 262.222351074, 98.8780517578, 205.827041626, -32.0086593628], [-463.326202393, 571.675842285, 720.405334473, 570.606140137, 375.342468262, 144.572311401, 50.1113471985, -14.0708341599, 74.8629074097, 100.672698975, 27.6090927124, 85.140411377, -16.3474159241], [222.592819214, 180.194702148, 429.146331787, 267.7293396, 144.572311401, 198.367782593, 13.874548912, 65.1061553955, 13.1749744415, 91.7549133301, 13.6778202057, 53.6424026489, 7.92883729935], [-227.272323608, 61.4814796448, -103.209243774, -27.8651371002, 50.1113471985, 13.874548912, 144.690368652, 0.130656391382, 24.3991146088, -33.8327522278, -15.1210479736, -40.3733978271, 15.1752176285], [250.506881714, -39.0703392029, 73.4250488281, -13.9377422333, -14.0708341599, 65.1061553955, 0.130656391382, 104.076278687, -2.32595586777, 38.3302192688, 17.0345001221, 7.88267564774, 7.40563631058], [-293.171661377, 176.316070557, 111.216766357, 119.74559021, 74.8629074097, 13.1749744415, 24.3991146088, -2.32595586777, 88.0354537964, 32.1050338745, 26.3462905884, 17.9809570312, -0.507016479969], [182.001022339, 213.744537354, 416.280303955, 262.222351074, 100.672698975, 91.7549133301, -33.8327522278, 38.3302192688, 32.1050338745, 128.324493408, 51.4303321838, 71.0941162109, 0.0488003306091], [115.147918701, 153.802520752, 139.969741821, 98.8780517578, 27.6090927124, 13.6778202057, -15.1210479736, 17.0345001221, 26.3462905884, 51.4303321838, 86.6062774658, 49.8286323547, 24.9080619812], [60.8396606445, 176.855575562, 313.605682373, 205.827041626, 85.140411377, 53.6424026489, -40.3733978271, 7.88267564774, 17.9809570312, 71.0941162109, 49.8286323547, 91.1199951172, 12.864030838], [89.3146209717, -0.161616951227, -46.9611549377, -32.0086593628, -16.3474159241, 7.92883729935, 15.1752176285, 7.40563631058, -0.507016479969, 0.0488003306091, 24.9080619812, 12.864030838, 51.7220840454]],
        "icov": [[0.000401512224926, -0.000681425095536, 0.000849789532367, -0.000915803480893, 0.0014724949142, -0.000878408609424, 0.000326025445247, -0.000823478680104, 0.00194879039191, -0.00101870414801, 0.00038311231765, -0.000247908261372, 2.88819119305e-05], [-0.000681425095536, 0.0047843772918, -0.00266136229038, -9.08641159185e-05, -0.00370618072338, 0.00297543010674, -0.00210772338323, 0.00227223196998, -0.00529218977317, 0.00329083553515, -0.00465879915282, 0.00227928487584, -0.000993732712232], [0.000849789532367, -0.00266136229038, 0.0067514013499, -0.00519460486248, 0.00164816936012, -0.00296668894589, 0.00243076798506, -0.00431342562661, 0.00710362708196, -0.00622401898727, 0.00292869377881, -0.00366236176342, 0.00189560197759], [-0.000915803480893, -9.08641159185e-05, -0.00519460486248, 0.0125033566728, -0.00867833942175, 0.000162044147146, 0.000932314142119, 0.00640976894647, -0.00550570804626, -0.000470629311167, -0.00146887695882, 0.000381886027753, 0.00120233022608], [0.0014724949142, -0.00370618072338, 0.00164816936012, -0.00867833942175, 0.0226638577878, -0.0059868786484, -0.0052207140252, -0.00162967573851, 0.00396413775161, 0.00186737137847, 0.00482130702585, -0.00489085773006, 0.00234924489632], [-0.000878408609424, 0.00297543010674, -0.00296668894589, 0.000162044147146, -0.0059868786484, 0.0170216877013, -0.00334327388555, -0.00565587962046, -0.00248162681237, -0.00197363481857, 0.0037957970053, -1.49598599819e-05, -0.00562475435436], [0.000326025445247, -0.00210772338323, 0.00243076798506, 0.000932314142119, -0.0052207140252, -0.00334327388555, 0.0151025122032, -0.00208128336817, -0.000112387919216, -0.000148716469994, 0.000886479392648, 0.00752896862105, -0.00535663589835], [-0.000823478680104, 0.00227223196998, -0.00431342562661, 0.00640976894647, -0.00162967573851, -0.00565587962046, -0.00208128336817, 0.0207392219454, -0.00553918024525, -0.00146739347838, -0.00669876486063, 0.00432175723836, 0.00157074304298], [0.00194879039191, -0.00529218977317, 0.00710362708196, -0.00550570804626, 0.00396413775161, -0.00248162681237, -0.000112387919216, -0.00553918024525, 0.0283731389791, -0.011619862169, 0.000472570070997, -0.0020253714174, 0.00268543371931], [-0.00101870414801, 0.00329083553515, -0.00622401898727, -0.000470629311167, 0.00186737137847, -0.00197363481857, -0.000148716469994, -0.00146739347838, -0.011619862169, 0.0333434715867, -0.00916288699955, -0.00272746593691, 0.0019191444153], [0.00038311231765, -0.00465879915282, 0.00292869377881, -0.00146887695882, 0.00482130702585, 0.0037957970053, 0.000886479392648, -0.00669876486063, 0.000472570070997, -0.00916288699955, 0.0303765963763, -0.0120405443013, -0.00890571437776], [-0.000247908261372, 0.00227928487584, -0.00366236176342, 0.000381886027753, -0.00489085773006, -1.49598599819e-05, 0.00752896862105, 0.00432175723836, -0.0020253714174, -0.00272746593691, -0.0120405443013, 0.036570739001, -0.0103395394981], [2.88819119305e-05, -0.000993732712232, 0.00189560197759, 0.00120233022608, 0.00234924489632, -0.00562475435436, -0.00535663589835, 0.00157074304298, 0.00268543371931, 0.0019191444153, -0.00890571437776, -0.0103395394981, 0.0315826833248]]
    },
    "melbands": {
        "max": [0.00439758971334, 0.0060694552958, 0.00395936798304, 0.00312521052547, 0.00492494273931, 0.00239542359486, 0.00305820209906, 0.00613330770284, 0.00428495462984, 0.00713264057413, 0.00716475630179, 0.00568636925891, 0.00274355243891, 0.00333770108409, 0.000942534592468, 0.00115974573418, 0.00109312683344, 0.000576567137614, 0.00038663475425, 0.000354329182301, 0.000165686229593, 9.64213031693e-05, 0.000178956062882, 0.000118135081721, 9.87143212114e-05, 0.000252495781751, 0.000106990555651, 4.47675447504e-05, 0.000168851052877, 1.44061677929e-05, 1.61089701578e-05, 1.5149018509e-05, 2.2788233764e-05, 1.02922795122e-05, 5.26770463694e-06, 1.11458639367e-05, 1.88195463124e-05, 4.3637392082e-06, 4.37771905126e-06, 3.12925521939e-06],
        "mean": [0.000293778779451, 0.000159257630003, 0.000129048654344, 0.000103894373751, 8.99736041902e-05, 9.44174753386e-05, 8.25547904242e-05, 0.000111360517622, 0.000181666648132, 0.000529435346834, 0.000717131653801, 0.000470224826131, 0.000346121523762, 0.000282278982922, 0.000115363865916, 0.000128134241095, 0.000130389424157, 8.64835965331e-05, 6.21635263087e-05, 4.54429464298e-05, 2.70498949249e-05, 1.97361823666e-05, 2.07874199987e-05, 2.22541202675e-05, 1.218649777e-05, 1.15651446322e-05, 6.50919582768e-06, 2.73722685051e-06, 4.06642402595e-06, 1.23991230794e-06, 9.34030708777e-07, 8.8166251544e-07, 9.41539838095e-07, 5.06356343521e-07, 3.49635655539e-07, 3.94000181814e-07, 3.86851183976e-07, 2.33782316172e-07, 1.94232356421e-07, 1.27076205558e-07],
        "min": [9.83075935732e-24, 8.40200209591e-24, 2.97422807146e-24, 8.31627894792e-24, 1.12787608805e-23, 1.63556566741e-23, 1.22507858216e-23, 9.0686061269e-24, 8.79626531001e-24, 2.24300213283e-24, 7.291180234e-24, 3.35734688978e-23, 2.58766082658e-23, 1.45100566329e-23, 9.08489294915e-24, 7.59789882028e-24, 8.99278160555e-24, 5.10884978782e-24, 8.93408009901e-24, 9.23982838638e-24, 7.99196324143e-24, 6.4761417685e-24, 1.25698769023e-23, 1.17054652105e-23, 1.01067612777e-23, 8.42119350401e-24, 7.87918058667e-24, 8.85620611703e-24, 1.18053113352e-23, 1.33196623714e-23, 9.90873115805e-24, 1.59624394895e-23, 1.12888630333e-23, 8.31321737875e-24, 8.51754497498e-24, 1.01563190975e-23, 7.78841582864e-24, 9.066648963e-24, 1.28481144545e-23, 1.0910231098e-23],
        "stdev": [0.000610241433606, 0.000509063131176, 0.000425369798904, 0.000321603874909, 0.000283580360701, 0.000216162879951, 0.000252888625255, 0.000373284856323, 0.00028923570062, 0.000767127261497, 0.000937724369578, 0.000664691266138, 0.000475609151181, 0.000413335161284, 0.000114870650577, 0.000141951080877, 0.00013526515977, 8.97667341633e-05, 6.76295530866e-05, 5.12538645125e-05, 2.29429169849e-05, 1.61201242008e-05, 2.07068824238e-05, 1.89642978512e-05, 1.20221648103e-05, 2.14062220039e-05, 1.16317687571e-05, 3.56281202585e-06, 1.23608151625e-05, 1.51082747379e-06, 1.22910716982e-06, 1.2479142697e-06, 1.78285267793e-06, 9.64730475062e-07, 5.8818557136e-07, 1.02367505406e-06, 1.38807331496e-06, 5.64118067814e-07, 5.70635506847e-07, 3.47063803474e-07]
    },
    "melbands128": {
        "max": [0.0065678791143, 0.00569474184886, 0.00421014381573, 0.00732713099569, 0.00716924201697, 0.00779734458774, 0.00579905789346, 0.00487261544913, 0.00560282822698, 0.00416502077132, 0.00291569344699, 0.00216317735612, 0.00763946864754, 0.00803065951914, 0.00167746050283, 0.00190519122407, 0.00276119029149, 0.00365220103413, 0.0057492479682, 0.00542169809341, 0.00734291085973, 0.00832229666412, 0.00349946180359, 0.00369609706104, 0.00556439626962, 0.0128120537847, 0.0154886944219, 0.00837812945247, 0.00526130758226, 0.00631337240338, 0.0118250362575, 0.00504648778588, 0.00388980936259, 0.00457424996421, 0.00908718071878, 0.00298131536692, 0.00105446809903, 0.00146012054756, 0.00111359020229, 0.00139682006557, 0.00198698346503, 0.00301630585454, 0.00121956516523, 0.00127790507395, 0.00114209018648, 0.000849978416227, 0.00183843646664, 0.000768393743783, 0.000463289907202, 0.000424936850322, 0.000634528987575, 0.000259836408077, 0.000214794810745, 0.000288123294013, 0.000212299608393, 0.000112048881419, 0.000163513046573, 0.000323381973431, 0.000269650219707, 0.00041394890286, 0.000191505008843, 0.000161464282428, 0.000119063071907, 0.000102427831735, 0.000290327705443, 0.000129728912725, 0.000773698673584, 0.000140095216921, 6.43944877083e-05, 3.37792007485e-05, 4.08574960602e-05, 4.32732776972e-05, 0.00014526672021, 0.00041324380436, 1.88744506886e-05, 1.02434678411e-05, 1.69267641468e-05, 9.76673800324e-06, 1.95938937395e-05, 2.88385563181e-05, 1.46208594742e-05, 1.50749565364e-05, 1.88564026757e-05, 2.95802910841e-05, 2.20020192501e-05, 1.1984464436e-05, 1.87265668501e-05, 5.3371222748e-06, 8.51893310028e-06, 6.76180570736e-06, 5.26178155269e-06, 7.20256139175e-06, 4.307434574e-05, 2.34339095186e-05, 9.61815931078e-06, 4.8566962505e-06, 5.7656457102e-06, 7.45384249967e-06, 7.68698737375e-06, 3.38304698744e-06, 2.97070005217e-06, 3.6132059904e-06, 3.37039637088e-06, 3.39786652148e-06, 2.03597392101e-06, 2.70433611149e-06, 2.23493452722e-06, 1.45608510138e-06, 1.04830871805e-06, 9.14037173061e-07, 3.75460246005e-07, 3.14743715535e-07, 3.50091710288e-07, 2.93798478879e-07, 2.84363807168e-07, 1.09232480838e-07, 5.12005637887e-09, 1.15872056394e-09, 1.2711391939e-09, 1.10019560129e-09, 8.06836819578e-10, 1.02914898825e-09, 4.71567673799e-10, 2.22494814239e-10, 2.16223941529e-10, 2.12317510795e-10, 2.11603096156e-10, 2.09613965074e-10],
        "mean": [0.000347315275576, 0.000367174070561, 0.000247727235546, 0.000197495013708, 0.000146998660057, 0.000145821206388, 0.00013274513185, 0.000114268252219, 0.000138364761369, 0.000117347946798, 7.12849650881e-05, 6.79451404721e-05, 9.42712067626e-05, 0.00011778814951, 0.000107854248199, 7.30415267753e-05, 6.77565549267e-05, 9.21285827644e-05, 8.87121932465e-05, 9.68629465206e-05, 0.000136065311381, 0.000121791483252, 0.000155045854626, 0.000272261619102, 0.000383451377274, 0.000664438761305, 0.000829568307381, 0.000777332461439, 0.000577766040806, 0.000488458317704, 0.000491006183438, 0.000306207191898, 0.000238437161897, 0.000461493298644, 0.000456253736047, 0.000172461790498, 0.000106177780253, 0.000118414369354, 0.000116457136755, 0.000104933860712, 0.000136276692501, 0.000150204199599, 0.000135344569571, 0.000127147854073, 9.18805963011e-05, 7.32481785235e-05, 8.9186563855e-05, 6.6895117925e-05, 4.60892915726e-05, 5.01355352753e-05, 5.05101997987e-05, 3.53770046786e-05, 2.95123973046e-05, 2.26585470955e-05, 2.22805902013e-05, 1.86742654478e-05, 1.80506503966e-05, 2.0295039576e-05, 2.15540767385e-05, 2.28616227105e-05, 2.61397599388e-05, 1.88775775314e-05, 1.20441300169e-05, 1.08404310595e-05, 1.11819508675e-05, 9.20656111703e-06, 1.59408318723e-05, 9.09962272999e-06, 3.95151300836e-06, 2.60477372649e-06, 2.53276334661e-06, 2.69851557277e-06, 3.78827871828e-06, 6.17247815171e-06, 1.79080211637e-06, 1.09674169835e-06, 1.00260967884e-06, 8.32463683764e-07, 8.93467188234e-07, 1.11373765321e-06, 8.03475700195e-07, 8.57540612742e-07, 8.83846553279e-07, 1.1799505728e-06, 7.481467037e-07, 4.86703811475e-07, 4.94991070354e-07, 3.7245743556e-07, 3.7023497157e-07, 2.86174497433e-07, 3.06665128846e-07, 3.5078207361e-07, 6.81249105128e-07, 3.7288489807e-07, 2.61183856765e-07, 2.31206911394e-07, 2.31069364531e-07, 2.22016481644e-07, 2.34428185308e-07, 1.46443895233e-07, 1.36960892405e-07, 1.2734341226e-07, 1.08897708628e-07, 1.11501229583e-07, 7.25904243382e-08, 9.37452213634e-08, 8.36649363123e-08, 6.30866026086e-08, 5.07965829399e-08, 3.56517624311e-08, 1.78233250381e-08, 1.21761098981e-08, 1.09163682538e-08, 8.77035954971e-09, 6.61138033209e-09, 3.18674286959e-09, 1.53167908912e-10, 5.90766411485e-12, 5.80594339966e-12, 5.39395307933e-12, 4.7665278842e-12, 5.08871157018e-12, 4.02124817819e-12, 3.10741796877e-12, 2.97071178421e-12, 2.79718132337e-12, 2.7007161698e-12, 2.6740348217e-12],
        "min": [6.11011740822e-24, 7.469131477e-24, 1.28267434237e-23, 1.17726351388e-23, 7.17268464856e-24, 7.82273837776e-24, 4.09070291062e-24, 1.19213438997e-24, 1.2442119301e-24, 6.28158737003e-24, 1.77914687185e-23, 6.87535824022e-24, 1.32053785144e-23, 1.14922447853e-23, 1.26173300412e-23, 2.3760339004e-23, 1.64897646057e-23, 5.70507362099e-24, 1.33498978322e-23, 9.82835017611e-24, 4.39425185378e-24, 1.36782264741e-23, 1.08860280566e-23, 2.26819637799e-24, 2.66072035101e-24, 1.48677975592e-24, 2.61402215201e-24, 8.82626332365e-24, 8.20271295429e-24, 2.12404348605e-23, 4.48227579349e-23, 5.49591125405e-23, 1.86216406916e-23, 7.98238647004e-24, 2.78175011266e-23, 8.2711024616e-24, 7.55515833643e-24, 1.38483585278e-23, 4.79644903643e-24, 8.5966913896e-24, 4.34758323706e-24, 1.23963038373e-23, 1.27605461608e-23, 3.66400252496e-24, 7.2310532558e-24, 4.1998217009e-24, 4.36804589451e-24, 1.03040853668e-23, 8.93773489159e-24, 1.06982728502e-23, 9.17925806835e-24, 8.41064564485e-24, 9.15488857727e-24, 6.06604098844e-24, 8.3150002044e-24, 4.8388077116e-24, 5.49636114143e-24, 1.40317560665e-23, 1.20103252405e-23, 1.71278947023e-23, 1.10306144276e-23, 1.00406066133e-23, 5.2643622768e-24, 1.10305694625e-23, 1.7794228154e-23, 5.90915469819e-24, 5.09395254405e-24, 5.48691374323e-24, 8.75744704259e-24, 1.22375290141e-23, 5.8426643735e-24, 8.98991015186e-24, 1.16921350389e-23, 1.06963354078e-23, 1.52230938056e-23, 1.0056125085e-23, 1.88055083914e-23, 7.83062462023e-24, 5.46096298046e-24, 9.90679213794e-24, 2.87919494484e-23, 1.07327713153e-23, 9.43601651579e-24, 1.15763539238e-23, 1.26453282924e-23, 9.49175348304e-24, 5.50718510191e-24, 8.42723933399e-24, 7.26558406421e-24, 9.03987029071e-24, 1.39733030512e-23, 8.60589502978e-24, 7.91581292053e-24, 9.71263216992e-24, 5.699203707e-24, 5.33383607343e-24, 9.70074009178e-24, 1.49023713605e-23, 1.33679943014e-23, 9.45373590944e-24, 1.57279332305e-23, 8.63207337892e-24, 1.05491891832e-23, 8.50420297049e-24, 8.90487015741e-24, 1.16556699435e-23, 1.36327928192e-23, 1.06694036965e-23, 9.53294779952e-24, 6.16576168433e-24, 9.56324794688e-24, 1.01979094221e-23, 8.79522401361e-24, 8.53329694953e-24, 8.55224459961e-24, 1.51629968041e-23, 1.14876701809e-23, 1.17213552357e-23, 1.33328726362e-23, 1.1255539182e-23, 9.21890700631e-24, 1.16151232819e-23, 1.52446707291e-23, 1.18902811211e-23, 8.5375189331e-24, 8.26268610461e-24, 9.83598556081e-24, 1.28539977791e-23],
        "stdev": [0.00075995142106, 0.000780018162914, 0.000588800467085, 0.00059750454966, 0.000520562462043, 0.000560981861781, 0.000514490471687, 0.000407669082051, 0.000493673665915, 0.000409682426834, 0.000230905992794, 0.000206582495593, 0.00039299443597, 0.000426690938184, 0.000230182995438, 0.000189290658454, 0.000207143020816, 0.000314051605528, 0.000356238539098, 0.000308564980514, 0.000488764664624, 0.000456527923234, 0.00025749913766, 0.00041145409341, 0.000617338810116, 0.00116956373677, 0.0014802418882, 0.00121712416876, 0.000787784752902, 0.000784719421063, 0.00103665026836, 0.000502166978549, 0.000379396107746, 0.000759259099141, 0.000971740169916, 0.000276882812614, 0.000118632829981, 0.000149437444634, 0.000158710303367, 0.000137226903462, 0.000185288270586, 0.000213764855289, 0.000172535030288, 0.000165086064953, 0.000121426041005, 9.46315267356e-05, 0.000172982763615, 0.000105652063212, 6.05861532676e-05, 6.68404391035e-05, 7.82219358371e-05, 3.69182853319e-05, 3.28619535139e-05, 2.37381536863e-05, 2.4856562959e-05, 1.85211229109e-05, 1.9704015358e-05, 2.68693602266e-05, 2.93144894385e-05, 3.13829805236e-05, 2.59464832197e-05, 2.34204981098e-05, 1.49577444972e-05, 1.30223279484e-05, 1.84768687177e-05, 1.43190718518e-05, 6.02497930231e-05, 1.88933354366e-05, 7.00104419593e-06, 3.65340224562e-06, 3.60649346476e-06, 4.15374643126e-06, 9.90590524452e-06, 2.75662441709e-05, 2.63856827587e-06, 1.26657198507e-06, 1.29680552163e-06, 9.75522880253e-07, 1.33156186166e-06, 2.02940350391e-06, 1.17831370972e-06, 1.29161355744e-06, 1.46726790717e-06, 2.79300661532e-06, 1.87994635326e-06, 9.81833977676e-07, 1.32746595227e-06, 6.15398391801e-07, 7.31833267764e-07, 4.8090907967e-07, 5.80507844461e-07, 7.86016812526e-07, 3.16368209496e-06, 1.56911414706e-06, 7.29948681055e-07, 5.45393845641e-07, 5.81300980684e-07, 6.97018947449e-07, 8.03117018222e-07, 4.05891540822e-07, 3.59297359864e-07, 3.60812180134e-07, 3.45514450828e-07, 3.69420860125e-07, 2.01085597951e-07, 3.03781263256e-07, 2.49360539328e-07, 1.72093450601e-07, 1.40623640732e-07, 1.02875837626e-07, 4.62804123913e-08, 3.09836494239e-08, 3.18626511842e-08, 2.427070811e-08, 2.18981295319e-08, 1.07040625252e-08, 4.72721084499e-10, 5.08980288472e-11, 5.54112901396e-11, 4.81630152427e-11, 3.60514083864e-11, 4.50182287282e-11, 2.24894131096e-11, 1.02077582498e-11, 9.94192402015e-12, 9.77516765449e-12, 9.73679383648e-12, 9.65144804355e-12]
    },
    "mfcc": {
        "mean": [-666.659790039, 113.415168762, -73.123626709, -18.419128418, -21.2020530701, -4.17187690735, -3.13242650032, 9.72812271118, -0.0781505778432, 2.74436736107, 0.392539769411, -6.48450708389, -8.48497390747],
        "cov": [[4878.80078125, -337.3019104, -120.248535156, -593.363342285, -311.969665527, -381.771942139, 146.536956787, -121.329246521, -122.238258362, 31.2097854614, -210.092758179, 54.2105636597, 91.6848602295], [-337.3019104, 828.390625, 696.714050293, 692.045288086, 432.442504883, 346.324157715, 84.4056472778, 66.8051605225, 39.6573905945, 11.9263105392, 167.816421509, 73.3961410522, 93.8083343506], [-120.248535156, 696.714050293, 1642.27526855, 1051.77685547, 880.817993164, 549.166870117, 170.319946289, 36.0654525757, 53.9796981812, 14.7982540131, 213.963516235, 209.399215698, 219.435302734], [-593.363342285, 692.045288086, 1051.77685547, 983.344055176, 654.84954834, 494.332244873, 88.7157821655, 50.7450942993, 42.1219520569, -2.66080951691, 189.038345337, 103.810997009, 130.624267578], [-311.969665527, 432.442504883, 880.817993164, 654.84954834, 575.146484375, 358.622802734, 88.0888366699, 42.675037384, 42.2138710022, 3.64554166794, 133.893051147, 112.255477905, 115.744491577], [-381.771942139, 346.324157715, 549.166870117, 494.332244873, 358.622802734, 346.872436523, 76.9074630737, 50.4102096558, 59.7678146362, 11.0643100739, 96.9092636108, 47.2374267578, 69.3670730591], [146.536956787, 84.4056472778, 170.319946289, 88.7157821655, 88.0888366699, 76.9074630737, 118.21697998, 40.5880470276, 34.463634491, 34.4663314819, 12.083319664, 6.74979877472, 25.4942493439], [-121.329246521, 66.8051605225, 36.0654525757, 50.7450942993, 42.675037384, 50.4102096558, 40.5880470276, 61.564491272, 32.8698959351, 18.9648933411, 20.0125045776, -9.10834121704, -1.5001912117], [-122.238258362, 39.6573905945, 53.9796981812, 42.1219520569, 42.2138710022, 59.7678146362, 34.463634491, 32.8698959351, 65.9931869507, 31.354839325, 20.768945694, 2.73122882843, 3.48859930038], [31.2097854614, 11.9263105392, 14.7982540131, -2.66080951691, 3.64554166794, 11.0643100739, 34.4663314819, 18.9648933411, 31.354839325, 60.7493247986, 16.9657382965, -3.512144804, 3.3694832325], [-210.092758179, 167.816421509, 213.963516235, 189.038345337, 133.893051147, 96.9092636108, 12.083319664, 20.0125045776, 20.768945694, 16.9657382965, 92.5770721436, 37.0247344971, 24.7634334564], [54.2105636597, 73.3961410522, 209.399215698, 103.810997009, 112.255477905, 47.2374267578, 6.74979877472, -9.10834121704, 2.73122882843, -3.512144804, 37.0247344971, 76.6054229736, 45.2528686523], [91.6848602295, 93.8083343506, 219.435302734, 130.624267578, 115.744491577, 69.3670730591, 25.4942493439, -1.5001912117, 3.48859930038, 3.3694832325, 24.7634334564, 45.2528686523, 82.2739868164]],
        "icov": [[0.000332295749104, -0.000143966462929, -0.000211218983168, 0.000265246693743, 0.000214366300497, 0.000188185716979, -0.000659772951622, 0.000404366961448, 0.000534285383765, -0.000329584116116, 0.00061810167972, -0.000350076414179, -0.000314999808325], [-0.000143966462929, 0.00351517857052, 0.00031882309122, -0.00285742105916, 0.000915751850698, 0.000146981037688, -0.000675614515785, -0.00181312346831, 0.00025149009889, 0.000627283705398, -0.00250565470196, -0.000328550027916, -0.000498640816659], [-0.000211218983168, 0.00031882309122, 0.00513240229338, -0.00202353508212, -0.00499739265069, 0.000471867213491, -0.00275918841362, 0.00275635160506, -0.000144405246829, -0.000152950742631, -0.000805804156698, -0.00265421392396, -0.00135156558827], [0.000265246693743, -0.00285742105916, -0.00202353508212, 0.0102428188547, -0.00370181188919, -0.00548070063815, 0.00162950577214, 0.00191769259982, 0.00331154512241, 0.000312903284794, -0.00244915508665, 0.00439116731286, -0.000375415780582], [0.000214366300497, 0.000915751850698, -0.00499739265069, -0.00370181188919, 0.0159093979746, -0.00311064720154, 0.00073017826071, -0.00515568070114, 0.000743517128285, 0.000651100126561, 0.000836322840769, -0.00499015487731, 0.000278505613096], [0.000188185716979, 0.000146981037688, 0.000471867213491, -0.00548070063815, -0.00311064720154, 0.0151854231954, -0.00261534797028, -0.000162252923474, -0.00841483939439, 0.00311039132066, -8.37384650367e-05, 0.00285699218512, -0.00187065964565], [-0.000659772951622, -0.000675614515785, -0.00275918841362, 0.00162950577214, 0.00073017826071, -0.00261534797028, 0.0188583731651, -0.00980852171779, -0.0011168011697, -0.00665709469467, 0.00502740731463, 0.00196452345699, -0.00084083864931], [0.000404366961448, -0.00181312346831, 0.00275635160506, 0.00191769259982, -0.00515568070114, -0.000162252923474, -0.00980852171779, 0.0328792855144, -0.00882049370557, 0.00155243941117, -0.00528444023803, 0.00627256091684, 0.000700175296515], [0.000534285383765, 0.00025149009889, -0.000144405246829, 0.00331154512241, 0.000743517128285, -0.00841483939439, -0.0011168011697, -0.00882049370557, 0.0318510010839, -0.0122554544359, 0.000562165456358, -0.00476086931303, 0.00208008708432], [-0.000329584116116, 0.000627283705398, -0.000152950742631, 0.000312903284794, 0.000651100126561, 0.00311039132066, -0.00665709469467, 0.00155243941117, -0.0122554544359, 0.0288131609559, -0.00991155207157, 0.00565043091774, -0.00266907177866], [0.00061810167972, -0.00250565470196, -0.000805804156698, -0.00244915508665, 0.000836322840769, -8.37384650367e-05, 0.00502740731463, -0.00528444023803, 0.000562165456358, -0.00991155207157, 0.0280846934766, -0.010750759393, 0.00328776938841], [-0.000350076414179, -0.000328550027916, -0.00265421392396, 0.00439116731286, -0.00499015487731, 0.00285699218512, 0.00196452345699, 0.00627256091684, -0.00476086931303, 0.00565043091774, -0.010750759393, 0.0323336869478, -0.00958888977766], [-0.000314999808325, -0.000498640816659, -0.00135156558827, -0.000375415780582, 0.000278505613096, -0.00187065964565, -0.00084083864931, 0.000700175296515, 0.00208008708432, -0.00266907177866, 0.00328776938841, -0.00958888977766, 0.0230393074453]]
    },
    "spectral_contrast_coeffs": {
        "max": [-0.461740225554, -0.588927567005, -0.61222422123, -0.694006204605, -0.689338386059, -0.586990714073],
        "mean": [-0.740768492222, -0.774737775326, -0.766920924187, -0.814741373062, -0.773351788521, -0.746071219444],
        "min": [-0.984039366245, -0.965796470642, -0.97164696455, -0.95831656456, -0.957825183868, -0.958366036415],
        "stdev": [0.0672266110778, 0.0705249384046, 0.0559442862868, 0.0324930772185, 0.0310795139521, 0.0397584401071]
    },
    "spectral_contrast_valleys": {
        "max": [-5.25115919113, -4.71306276321, -5.09391736984, -5.67891836166, -6.09686374664, -8.75298881531],
        "mean": [-8.53049850464, -6.86331653595, -6.40774965286, -6.76869535446, -7.57957553864, -11.0386543274],
        "min": [-27.0761032104, -27.1293296814, -27.5699119568, -27.295009613, -27.3926773071, -27.2542724609],
        "stdev": [1.65833568573, 1.13850426674, 1.27269530296, 1.12447631359, 1.13048267365, 1.18660998344]
    }
},
"rhythm": {
    "beats_count": 20,
    "beats_loudness": {
        "max": 0.0541333965957,
        "mean": 0.0274075176567,
        "min": 0.00048426471767,
        "stdev": 0.0152221955359
    },
    "bpm": 98.4349517822,
    "bpm_histogram_first_peak_bpm": 99,
    "bpm_histogram_first_peak_weight": 0.421052634716,
    "bpm_histogram_second_peak_bpm": 0,
    "bpm_histogram_second_peak_spread": 0,
    "bpm_histogram_second_peak_weight": 0,
    "danceability": 0.854624450207,
    "onset_rate": 2.50796175003,
    "beats_loudness_band_ratio": {
        "max": [0.625829815865, 0.383871257305, 0.624092459679, 0.698890924454, 0.339255899191, 0.0625067427754],
        "mean": [0.141663745046, 0.0938828587532, 0.266299247742, 0.404441654682, 0.134464502335, 0.0234790332615],
        "min": [1.93059222511e-05, 0.000791162019596, 0.0376970507205, 0.0550251938403, 0.0501166880131, 0.00725560681894],
        "stdev": [0.22572337091, 0.118380814791, 0.1377671808, 0.187485769391, 0.0701479613781, 0.0132286604494]
    },
    "beats_position": [0.626938760281, 1.25387752056, 1.88081634045, 2.50775504112, 3.09986400604, 3.69197273254, 4.27247142792, 4.88780021667, 5.50312900543, 6.11845779419, 6.73378658295, 7.33750534058, 7.94122457504, 8.54494285583, 9.17188167572, 9.77560043335, 10.379319191, 11.0062580109, 11.6099767685, 12.2136955261],
