{
"metadata": {
    "version": {
        "essentia": "2.1-beta5",
        "essentia_git_sha": "Undefined",
        "extractor": "music 2.0"
    },
    "audio_properties": {
        "analysis": {
            "equal_loudness": 0,
            "length": 12.7477550507,
            "sample_rate": 44100,
            "start_time": 0,
            "downmix": "mix"
        },
        "bit_rate": 192000,
        "length": 190.484909058,
        "lossless": 0,
        "number_channels": 2,
        "replay_gain": -8.01061630249,
        "sample_rate": 48000,
        "codec": "mp3",
        "md5_encoded": "fdfc6e1cffbd4fc112231b6602dffedf"
    },
    "tags": {
        "file_name": "Ireland_If My World Stopped Turning_Chris Doran.mp3",
        "encoding": ["Lavf58.29.100"]
    }
},
"lowlevel": {
    "average_loudness": 0.692345023155,
    "barkbands_crest": {
        "max": 24.3348731995,
        "mean": 9.75568675995,
        "min": 3.74304914474,
        "stdev": 4.46708917618
    },
    "barkbands_flatness_db": {
        "max": 0.362640231848,
        "mean": 0.212563574314,
        "min": 0.040474858135,
        "stdev": 0.0487566739321
    },
    "barkbands_kurtosis": {
        "max": 38.4748191833,
        "mean": 1.73806214333,
        "min": -1.75245118141,
        "stdev": 3.66249418259
    },
    "barkbands_skewness": {
        "max": 5.49389410019,
        "mean": 1.06998515129,
        "min": -1.66303598881,
        "stdev": 0.79090231657
    },
    "barkbands_spread": {
        "max": 69.5097808838,
        "mean": 10.8958454132,
        "min": 1.33268558979,
        "stdev": 7.48822021484
    },
    "dissonance": {
        "max": 0.499975830317,
        "mean": 0.467561691999,
        "min": 0.350833415985,
        "stdev": 0.0280370935798
    },
    "dynamic_complexity": 5.39034223557,
    "erbbands_crest": {
        "max": 31.9282112122,
        "mean": 10.5101680756,
        "min": 3.0186316967,
        "stdev": 5.40430593491
    },
    "erbbands_flatness_db": {
        "max": 0.431102126837,
        "mean": 0.284128725529,
        "min": 0.0983520075679,
        "stdev": 0.0572655722499
    },
    "erbbands_kurtosis": {
        "max": 31.7775115967,
        "mean": 0.611004292965,
        "min": -1.54514443874,
        "stdev": 2.90864753723
    },
    "erbbands_skewness": {
        "max": 4.92783641815,
        "mean": 0.662407398224,
        "min": -1.98018050194,
        "stdev": 0.758773684502
    },
    "erbbands_spread": {
        "max": 81.6222381592,
        "mean": 17.8920345306,
        "min": 2.39655470848,
        "stdev": 8.77965354919
    },
    "hfc": {
        "max": 102.975372314,
        "mean": 15.4252471924,
        "min": 1.25595358736e-16,
        "stdev": 19.535369873
    },
    "loudness_ebu128": {
        "integrated": -17.9183158875,
        "loudness_range": 10.198928833,
        "momentary": {
            "max": -12.3720998764,
            "mean": -20.8837623596,
            "min": -32.556312561,
            "stdev": 5.17558336258
        },
        "short_term": {
            "max": -14.2978649139,
            "mean": -19.7198429108,
            "min": -24.8386707306,
            "stdev": 3.96620154381
        }
    },
    "melbands_crest": {
        "max": 30.4166889191,
        "mean": 12.1391210556,
        "min": 2.35438466072,
        "stdev": 5.45075082779
    },
    "melbands_flatness_db": {
        "max": 0.388746082783,
        "mean": 0.221344470978,
        "min": 0.00815666560084,
        "stdev": 0.0552649088204
    },
    "melbands_kurtosis": {
        "max": 55.7856674194,
        "mean": 3.91037416458,
        "min": -1.65790307522,
        "stdev": 5.45845890045
    },
    "melbands_skewness": {
        "max": 5.40834856033,
        "mean": 1.44245946407,
        "min": -0.295471906662,
        "stdev": 0.761122226715
    },
    "melbands_spread": {
        "max": 143.016983032,
        "mean": 17.7448348999,
        "min": 1.88664138317,
        "stdev": 14.4142904282
    },
    "pitch_salience": {
        "max": 0.978280603886,
        "mean": 0.608159303665,
        "min": 0.262607842684,
        "stdev": 0.106319069862
    },
    "silence_rate_20dB": {
        "max": 1,
        "mean": 1,
        "min": 1,
        "stdev": 0
    },
    "silence_rate_30dB": {
        "max": 1,
        "mean": 1,
        "min": 1,
        "stdev": 0
    },
    "silence_rate_60dB": {
        "max": 1,
        "mean": 0.334545463324,
        "min": 0,
        "stdev": 0.471832245588
    },
    "spectral_centroid": {
        "max": 11339.4775391,
        "mean": 1446.84130859,
        "min": 376.524871826,
        "stdev": 733.648803711
    },
    "spectral_complexity": {
        "max": 36,
        "mean": 15.1145458221,
        "min": 0,
        "stdev": 8.96699333191
    },
    "spectral_decrease": {
        "max": 6.43006017561e-29,
        "mean": -2.77672218552e-09,
        "min": -2.30158789805e-08,
        "stdev": 3.31774696605e-09
    },
    "spectral_energy": {
        "max": 0.0962072461843,
        "mean": 0.0118790948763,
        "min": 1.11491829669e-20,
        "stdev": 0.0142015181482
    },
    "spectral_energyband_high": {
        "max": 0.00758428964764,
        "mean": 0.000163175180205,
        "min": 7.84345177623e-21,
        "stdev": 0.000648863730021
    },
    "spectral_energyband_low": {
        "max": 0.00158511498012,
        "mean": 7.97513057478e-05,
        "min": 4.38440434533e-23,
        "stdev": 0.000165790726896
    },
    "spectral_energyband_middle_high": {
        "max": 0.0920395329595,
        "mean": 0.00910969171673,
        "min": 1.70309318957e-21,
        "stdev": 0.013373083435
    },
    "spectral_energyband_middle_low": {
        "max": 0.0155447786674,
        "mean": 0.00273451046087,
        "min": 3.59323693704e-22,
        "stdev": 0.00199992302805
    },
    "spectral_entropy": {
        "max": 9.78532886505,
        "mean": 7.19594049454,
        "min": 5.79270887375,
        "stdev": 0.403076857328
    },
    "spectral_flux": {
        "max": 0.188217505813,
        "mean": 0.0472528934479,
        "min": 1.05589689769e-10,
        "stdev": 0.0349171161652
    },
    "spectral_kurtosis": {
        "max": 60.1884689331,
        "mean": 11.1389989853,
        "min": -1.21614205837,
        "stdev": 8.61989021301
    },
    "spectral_rms": {
        "max": 0.00968817435205,
        "mean": 0.00289026135579,
        "min": 3.29806798191e-12,
        "stdev": 0.00179882068187
    },
    "spectral_rolloff": {
        "max": 19121.484375,
        "mean": 1793.63757324,
        "min": 344.53125,
        "stdev": 1370.95373535
    },
    "spectral_skewness": {
        "max": 6.00579500198,
        "mean": 2.09264326096,
        "min": -0.059480201453,
        "stdev": 0.804850697517
    },
    "spectral_spread": {
        "max": 41260212,
        "mean": 2435400,
        "min": 1094900.875,
        "stdev": 2013073.875
    },
    "spectral_strongpeak": {
        "max": 8.88101863861,
        "mean": 1.47258496284,
        "min": 0,
        "stdev": 1.72965216637
    },
    "zerocrossingrate": {
        "max": 0.51171875,
        "mean": 0.0602183938026,
        "min": 0.015625,
        "stdev": 0.0368086732924
    },
    "barkbands": {
        "max": [6.94642631061e-06, 0.0001594167843, 0.00140123954043, 0.00100741046481, 0.00424220087007, 0.00441351532936, 0.00370242376812, 0.000821031804662, 0.015199881047, 0.0120285898447, 0.0867109596729, 0.037162527442, 0.00771626504138, 0.0144429476932, 0.00581857049838, 0.0089245326817, 0.00251361122355, 0.00544558139518, 0.0108583681285, 0.000363096245565, 0.00242050364614, 0.000792886596173, 0.00120047642849, 0.00195214303676, 0.00195328472182, 0.000602429674473, 4.16814600612e-07],
        "mean": [3.09658133801e-07, 4.30422687714e-06, 4.26927181252e-05, 7.90975973359e-05, 0.000177678230102, 0.000238263062784, 0.000330918817781, 0.000103371705336, 0.00144431018271, 0.000939088931773, 0.00385623588227, 0.00161814922467, 0.00042592198588, 0.000484445918119, 0.000281261600321, 0.000569699390326, 0.000229315191973, 0.000457313173683, 0.000412294786656, 4.68715770694e-05, 4.64131626359e-05, 3.03352662741e-05, 2.02289265872e-05, 1.61074131029e-05, 1.94074254978e-05, 5.07293725605e-06, 2.02042738096e-09],
        "min": [2.53773555538e-23, 9.92933620489e-24, 1.5135803191e-23, 2.15398691052e-23, 3.45969654352e-23, 7.67568034776e-23, 4.17132607285e-23, 1.36152722185e-22, 2.67792718229e-23, 1.08167130576e-22, 1.86431889006e-22, 1.19265419014e-22, 1.00062026537e-22, 1.47642462336e-22, 1.19014144728e-22, 1.29574631977e-22, 1.75401265901e-22, 1.99577706944e-22, 2.99245183122e-22, 4.00601111938e-22, 4.77358085809e-22, 4.98174320184e-22, 6.14411472578e-22, 7.11003943703e-22, 9.83310549276e-22, 1.79935794894e-21, 2.76964141331e-21],
        "stdev": [7.2420482411e-07, 1.08049234768e-05, 0.000134947345941, 0.00015155262372, 0.000350908900145, 0.000445916259196, 0.000595660007093, 0.000106822866655, 0.00163463072386, 0.00136956875212, 0.00926593691111, 0.00390004250221, 0.000731517618988, 0.000984287122265, 0.000453637447208, 0.00114482385106, 0.000357601064024, 0.000769814592786, 0.00104059930891, 6.53367387713e-05, 0.00015965430066, 7.21792312106e-05, 9.8091091786e-05, 0.000131042063003, 0.000164725526702, 4.46010344604e-05, 2.25254392916e-08]
    },
    "erbbands": {
        "max": [0.00173730647657, 0.0458588302135, 1.09035086632, 1.87344229221, 10.7451334, 15.3339176178, 33.6039085388, 20.4229221344, 48.3059692383, 59.6323738098, 21.2495918274, 363.3309021, 371.086761475, 352.198669434, 4073.05639648, 1297.8215332, 361.580200195, 723.049682617, 319.27822876, 378.709289551, 590.800842285, 147.437454224, 269.583282471, 820.460510254, 95.5199203491, 21.8210067749, 41.6925697327, 118.484825134, 33.1875305176, 27.5443115234, 30.6468315125, 37.2787666321, 36.6789016724, 30.8531780243, 8.89012527466, 4.21036624908, 0.683073401451, 0.0292065832764, 0.000806928321254, 0.000116131093819],
        "mean": [8.30256030895e-05, 0.00187090912368, 0.0356887504458, 0.163540974259, 0.268256187439, 0.828013122082, 1.48284995556, 1.94132900238, 2.92972326279, 5.5981221199, 4.71619415283, 32.9766464233, 36.9533538818, 42.8893890381, 179.939651489, 67.3618011475, 22.2897338867, 25.0149173737, 18.2652282715, 19.950843811, 29.597694397, 14.5411014557, 20.0549087524, 39.1036071777, 5.68278837204, 2.44859576225, 1.59867548943, 1.98781144619, 1.0475590229, 1.05852329731, 0.479261815548, 0.292710036039, 0.319389998913, 0.283253461123, 0.0979067161679, 0.0364364497364, 0.00624511716887, 0.000306102301693, 1.56067308126e-05, 1.56687292474e-05],
        "min": [5.64646693554e-22, 1.55067021752e-21, 1.23090436664e-20, 5.65789212541e-20, 1.37495021244e-19, 6.62635324788e-20, 6.03070759736e-20, 8.45877169143e-19, 6.91143057699e-19, 2.0366594956e-18, 2.22668955888e-18, 7.00546705397e-19, 1.66394711103e-18, 5.06824190582e-18, 7.71831641661e-18, 4.95983657782e-18, 4.9486336572e-18, 5.61946100396e-18, 6.32049864105e-18, 8.19274089386e-18, 6.82244300368e-18, 1.11047301515e-17, 1.10393051281e-17, 1.08224233346e-17, 1.78070197945e-17, 2.00031843209e-17, 1.76279120309e-17, 2.05887041175e-17, 2.09791664538e-17, 1.19072673992e-17, 2.08286609414e-17, 1.64811750041e-17, 1.11761191471e-17, 1.05442027899e-17, 7.2761329581e-18, 6.55599613426e-18, 3.39871494457e-18, 1.26580533327e-18, 3.96382080253e-19, 4.26689745252e-20],
        "stdev": [0.000185427386896, 0.00442486815155, 0.103975117207, 0.28615668416, 0.672965466976, 1.66539800167, 3.17648291588, 3.03348207474, 6.85688066483, 9.2162771225, 4.15437269211, 39.3575744629, 47.4949226379, 59.8872146606, 423.31262207, 134.800949097, 34.6577339172, 47.5923194885, 29.4877872467, 30.3080711365, 64.8510971069, 22.9951400757, 33.6301765442, 83.1480026245, 9.28616714478, 3.47760057449, 3.54492902756, 7.81636857986, 2.65983009338, 2.78332686424, 2.64147162437, 2.25402021408, 2.69712615013, 2.45885443687, 0.794082343578, 0.316567659378, 0.0541646704078, 0.0024733946193, 6.92379253451e-05, 1.91092913155e-05]
    },
    "gfcc": {
        "mean": [-126.365570068, 90.3659515381, -207.532684326, -19.9971637726, -72.5254440308, -3.97578072548, -34.9775886536, 0.642640709877, -25.4295825958, -17.5553359985, -17.1499462128, -6.96997642517, -7.49156236649],
        "cov": [[6952.03857422, -2194.24804688, -2476.49536133, -279.611602783, -705.651428223, 289.625366211, 231.193847656, 114.260444641, -82.4690246582, -290.587768555, 70.2713775635, 136.096511841, 3.09885454178], [-2194.24804688, 3295.81396484, 2414.65332031, 273.386627197, 624.542663574, -454.835266113, -529.047546387, -227.527023315, 53.5436134338, 229.096801758, -56.408115387, -149.406356812, -44.0894889832], [-2476.49536133, 2414.65332031, 2769.79443359, 393.207672119, 464.183807373, -275.310424805, -595.176269531, -177.324920654, -54.4869728088, 347.451629639, -126.276565552, -124.427452087, -61.4167022705], [-279.611602783, 273.386627197, 393.207672119, 351.883911133, 46.5834884644, 23.7100982666, -29.3994903564, -14.3715753555, 33.8877449036, 63.1450805664, -18.6655712128, -35.7416114807, -50.6296043396], [-705.651428223, 624.542663574, 464.183807373, 46.5834884644, 247.052825928, -55.3057785034, -65.5880661011, 6.97790431976, 34.1503448486, 45.5124778748, -12.1556711197, -23.2636260986, -2.44298815727], [289.625366211, -454.835266113, -275.310424805, 23.7100982666, -55.3057785034, 162.177383423, 133.80078125, 61.8511924744, 15.5082588196, -17.368019104, 8.8397808075, 21.06731987, 9.24813842773], [231.193847656, -529.047546387, -595.176269531, -29.3994903564, -65.5880661011, 133.80078125, 277.185028076, 76.0633468628, 58.0509033203, -70.6000976562, 55.9806594849, 35.6419448853, 26.6853237152], [114.260444641, -227.527023315, -177.324920654, -14.3715753555, 6.97790431976, 61.8511924744, 76.0633468628, 115.336166382, 50.1173286438, 5.29191255569, 29.2856044769, 17.1525611877, -3.44743728638], [-82.4690246582, 53.5436134338, -54.4869728088, 33.8877449036, 34.1503448486, 15.5082588196, 58.0509033203, 50.1173286438, 97.8233337402, 19.6674137115, 17.6540927887, -4.34665727615, 7.67876434326], [-290.587768555, 229.096801758, 347.451629639, 63.1450805664, 45.5124778748, -17.368019104, -70.6000976562, 5.29191255569, 19.6674137115, 103.378616333, -7.58579158783, -12.7917022705, -1.25358462334], [70.2713775635, -56.408115387, -126.276565552, -18.6655712128, -12.1556711197, 8.8397808075, 55.9806594849, 29.2856044769, 17.6540927887, -7.58579158783, 91.3751907349, 42.9896697998, -8.60453224182], [136.096511841, -149.406356812, -124.427452087, -35.7416114807, -23.2636260986, 21.06731987, 35.6419448853, 17.1525611877, -4.34665727615, -12.7917022705, 42.9896697998, 63.5997848511, 17.3521404266], [3.09885454178, -44.0894889832, -61.4167022705, -50.6296043396, -2.44298815727, 9.24813842773, 26.6853237152, -3.44743728638, 7.67876434326, -1.25358462334, -8.60453224182, 17.3521404266, 65.8046569824]],
        "icov": [[0.000359774450772, -0.000485240743728, 0.00072758179158, -0.000173233536771, 0.000902998959646, -0.00111546344124, 0.00107139430474, -0.000590492330957, 0.000525654060766, -0.00022128438286, 0.000296218437143, -0.00054638099391, 4.58590548078e-05], [-0.000485240743728, 0.0032863446977, -0.00279671465978, 0.000354656454874, -0.00383404130116, 0.00427148584276, -0.00136984244455, 0.00345474085771, -0.0039590713568, 0.00273013487458, -0.00314801232889, 0.00314182159491, -0.000844899448566], [0.00072758179158, -0.00279671465978, 0.00455362116918, -0.0014433672186, 0.00132280832622, -0.00416347989812, 0.00386127922684, -0.00174997549038, 0.00457682507113, -0.00572644500062, 0.00229341490194, -0.00238183978945, 0.000492903869599], [-0.000173233536771, 0.000354656454874, -0.0014433672186, 0.00519013451412, 0.000134516056278, -0.00153669866268, -0.00161970604677, 0.00269069313072, -0.00358779123053, -0.000362459017197, 0.000816455343738, -4.45893128926e-05, 0.00444093206897], [0.000902998959646, -0.00383404130116, 0.00132280832622, 0.000134516056278, 0.0129674347118, -0.00386196793988, 0.00124982348643, -0.00710676377639, 0.00151586253196, 0.000946029729676, 0.00374813727103, -0.00329612568021, 7.21658943803e-05], [-0.00111546344124, 0.00427148584276, -0.00416347989812, -0.00153669866268, -0.00386196793988, 0.0219748206437, -0.0114740561694, -0.0017388286069, 0.000167803911609, 0.000142476128531, 0.00208311737515, 0.000438246817794, -0.000683569873217], [0.00107139430474, -0.00136984244455, 0.00386127922684, -0.00161970604677, 0.00124982348643, -0.0114740561694, 0.0175503492355, -0.00115912756883, -0.00326319364831, 0.00397978210822, -0.00623744074255, 0.00203294865787, -0.00502456212416], [-0.000590492330957, 0.00345474085771, -0.00174997549038, 0.00269069313072, -0.00710676377639, -0.0017388286069, -0.00115912756883, 0.0220030713826, -0.0113292569295, -0.00220203399658, -0.00406764820218, 0.000314773176797, 0.00504790665582], [0.000525654060766, -0.0039590713568, 0.00457682507113, -0.00358779123053, 0.00151586253196, 0.000167803911609, -0.00326319364831, -0.0113292569295, 0.0258785896003, -0.00987688452005, 0.00160915229935, 0.00163568602875, -0.00383251346648], [-0.00022128438286, 0.00273013487458, -0.00572644500062, -0.000362459017197, 0.000946029729676, 0.000142476128531, 0.00397978210822, -0.00220203399658, -0.00987688452005, 0.0268407780677, -0.00646510859951, 0.00486248079687, -0.00596171198413], [0.000296218437143, -0.00314801232889, 0.00229341490194, 0.000816455343738, 0.00374813727103, 0.00208311737515, -0.00623744074255, -0.00406764820218, 0.00160915229935, -0.00646510859951, 0.0275517813861, -0.0207830425352, 0.0115802604705], [-0.00054638099391, 0.00314182159491, -0.00238183978945, -4.45893128926e-05, -0.00329612568021, 0.000438246817794, 0.00203294865787, 0.000314773176797, 0.00163568602875, 0.00486248079687, -0.0207830425352, 0.0358001030982, -0.0133744217455], [4.58590548078e-05, -0.000844899448566, 0.000492903869599, 0.00444093206897, 7.21658943803e-05, -0.000683569873217, -0.00502456212416, 0.00504790665582, -0.00383251346648, -0.00596171198413, 0.0115802604705, -0.0133744217455, 0.0262804701924]]
    },
    "melbands": {
        "max": [3.03231390717e-05, 0.000391141540604, 0.000517664651852, 0.00100467843004, 0.000900828221347, 0.000545894028619, 0.00065021275077, 0.000531823432539, 0.000292013515718, 0.00260033784434, 0.0018349486636, 0.00145921634976, 0.0127521585673, 0.00461520534009, 0.00096170627512, 0.00105260871351, 0.00162106589414, 0.00059289339697, 0.000485917407786, 0.000429846229963, 0.000816390791442, 0.000184380303835, 0.000118949355965, 0.000359731406206, 0.000803908624221, 0.000105277569673, 1.51138337969e-05, 1.75056247826e-05, 1.49996840264e-05, 7.15636415407e-05, 6.22161460342e-05, 2.08690034924e-05, 1.13147916636e-05, 1.97275421669e-05, 1.84667624126e-05, 2.68333624263e-05, 2.04650223168e-05, 2.49057884503e-05, 3.53107352566e-05, 2.40376866714e-05],
        "mean": [9.25420238218e-07, 1.40689080581e-05, 3.225049295e-05, 3.44817672158e-05, 5.17796470376e-05, 4.58570684714e-05, 4.98811496072e-05, 5.1631268434e-05, 5.03218871017e-05, 0.000225230382057, 0.000180786839337, 0.000133647903567, 0.0005675937864, 0.000295800593449, 6.95435664966e-05, 4.59026596218e-05, 4.72589963465e-05, 3.14251265081e-05, 2.09719473787e-05, 3.50068185071e-05, 3.26856898027e-05, 1.43394436236e-05, 1.25795731947e-05, 2.43210051849e-05, 3.50924310624e-05, 4.48361970484e-06, 1.73675709902e-06, 1.56265878104e-06, 9.44051521401e-07, 1.13656778922e-06, 1.0689791452e-06, 5.63675826015e-07, 5.89913611293e-07, 5.61459785331e-07, 2.7333535968e-07, 2.06091044674e-07, 1.65056107448e-07, 2.04889758493e-07, 2.71369060556e-07, 2.22993023158e-07],
        "min": [4.4193289531e-24, 5.27550335936e-24, 1.17815090351e-23, 8.0748173023e-24, 1.52882702825e-24, 1.73752641272e-23, 1.09312652852e-23, 2.50922454455e-23, 1.66448041725e-23, 3.58944175878e-24, 8.44146012953e-24, 1.96330376805e-23, 2.60459088601e-23, 1.87026661729e-23, 6.55023040143e-24, 1.25212175951e-23, 1.09249259989e-23, 1.16707182542e-23, 9.64345695715e-24, 1.12397872075e-23, 7.04369326879e-24, 1.1529484542e-23, 9.9300927225e-24, 9.05126617534e-24, 8.38474655247e-24, 1.20636806366e-23, 1.04350378548e-23, 1.50040776193e-23, 1.15401420528e-23, 1.01043686625e-23, 1.31331062337e-23, 1.32090861606e-23, 7.17352241885e-24, 5.61512612286e-24, 1.29092243533e-23, 9.59425885793e-24, 1.07795491893e-23, 7.4728241349e-24, 7.90952885456e-24, 9.53979195673e-24],
        "stdev": [2.20310926125e-06, 3.7580015487e-05, 5.74755649723e-05, 7.33809356461e-05, 9.61685145739e-05, 7.23876364646e-05, 0.000103051941551, 8.35346072563e-05, 5.40467954124e-05, 0.000267442694167, 0.000237338113948, 0.000178753340151, 0.00136138114613, 0.000610309070908, 0.000103286671219, 8.83354950929e-05, 0.000100549703347, 5.55068909307e-05, 3.34125834343e-05, 5.89795345149e-05, 7.89536934462e-05, 2.51450455835e-05, 2.052351374e-05, 4.48973478342e-05, 7.91152997408e-05, 8.16109604784e-06, 2.41288148572e-06, 2.40834833676e-06, 1.87042553534e-06, 4.31235139331e-06, 4.22340917794e-06, 1.61513685271e-06, 1.20571110074e-06, 1.70440057445e-06, 1.48999026806e-06, 1.59950798206e-06, 1.2678267467e-06, 1.71306930952e-06, 2.47350340032e-06, 1.91674644157e-06]
    },
    "melbands128": {
        "max": [5.22643222212e-06, 1.31894266815e-05, 3.63339750038e-05, 9.10867238417e-05, 0.000398225354729, 0.000762046431191, 0.000391607842175, 0.000574433826841, 0.00126475119032, 0.00111163314432, 0.000931259884965, 0.000469149526907, 0.00123402860481, 0.00189968757331, 0.00063223351026, 0.000374378287233, 0.001207646681, 0.000763176707551, 0.00116313190665, 0.0010752590606, 0.000191441111383, 0.00023670324299, 0.00030696237809, 0.000805394724011, 0.00205728621222, 0.005144410301, 0.00227555260062, 0.00281293154694, 0.0016997915227, 0.00240856222808, 0.00172566343099, 0.00380775285885, 0.017360560596, 0.0219483096153, 0.00984039064497, 0.00800445023924, 0.0025310954079, 0.00053047289839, 0.00047094153706, 0.00136394728906, 0.00203767721541, 0.00068804458715, 0.00132008083165, 0.00353767466731, 0.000926512177102, 0.000580538238864, 0.00069979619002, 0.000235005310969, 0.001039797673, 0.000373990100343, 0.000710229447577, 0.000565449823625, 0.00163352733944, 0.000651764741633, 0.000314247765345, 0.000380519486498, 0.000152513370267, 0.000176325585926, 0.000221479756874, 0.000249369157245, 0.000762928277254, 0.000685662205797, 0.00168394763023, 0.000717136659659, 0.00012623197108, 0.000192146544578, 3.74109986296e-05, 3.41482336808e-05, 1.51301692313e-05, 2.24937793973e-05, 3.56077252945e-05, 3.17214107781e-05, 3.42539824487e-05, 2.42458918365e-05, 2.05321466638e-05, 5.53602840228e-05, 0.000117461990158, 0.000132794855745, 5.26868607267e-05, 4.49920662504e-05, 2.29179640883e-05, 2.61438799498e-05, 1.08145568447e-05, 1.04209839265e-05, 1.72082800418e-05, 2.11831866181e-05, 2.63447745965e-05, 3.31452101818e-05, 1.38320046972e-05, 2.15130257857e-05, 2.82532455458e-05, 2.98763898172e-05, 2.23420356633e-05, 2.50540124398e-05, 1.3666891391e-05, 2.17319229705e-05, 3.27600537275e-05, 2.69708325504e-05, 3.30856055371e-05, 5.00019123137e-05, 3.45800290233e-05, 2.61014702119e-05, 1.38451914609e-05, 1.84521413757e-05, 1.29453528643e-05, 6.95716880728e-06, 9.65561594057e-06, 9.81116772891e-06, 8.92435309652e-06, 5.61078923056e-06, 4.32300203101e-06, 3.61209254152e-06, 1.29307602492e-06, 8.82587187334e-07, 5.72022088363e-07, 2.32156978086e-07, 1.15441762816e-08, 1.60127378024e-09, 1.52129875364e-09, 1.45703293875e-09, 1.40114331248e-09, 1.34328503876e-09, 1.29710131525e-09, 1.25391652617e-09, 1.22929133539e-09, 1.20540188941e-09, 1.18667919935e-09, 1.17634468833e-09],
        "mean": [1.96357760274e-07, 4.24805733701e-07, 1.02504247934e-06, 2.24542350225e-06, 1.20857512229e-05, 2.34903782257e-05, 3.0976942071e-05, 4.35900292359e-05, 2.24120503844e-05, 1.99720434466e-05, 5.62716413697e-05, 4.71717794426e-05, 4.2219657189e-05, 7.3643081123e-05, 4.21030454163e-05, 2.94905621558e-05, 4.64447766717e-05, 3.75270246877e-05, 7.27136939531e-05, 8.703344065e-05, 2.00877220777e-05, 1.34746633194e-05, 2.96622474707e-05, 0.000101567020465, 0.00023587034957, 0.00027420965489, 0.000227111246204, 0.000176909787115, 0.000141870914376, 9.54011484282e-05, 0.000124269310618, 0.000212784594623, 0.000701162207406, 0.000830928504001, 0.000258412503172, 0.000230142308283, 0.000142714969115, 5.13519516971e-05, 3.17448539136e-05, 4.59350121673e-05, 5.3340481827e-05, 3.93986701965e-05, 4.53065113106e-05, 5.62076711503e-05, 3.98912234232e-05, 2.69170432148e-05, 2.13030198211e-05, 1.78462014446e-05, 2.20068668568e-05, 2.59514145e-05, 3.90277491533e-05, 3.71379828721e-05, 5.2060076996e-05, 1.99761816475e-05, 1.32450295496e-05, 1.72157269844e-05, 1.12038887892e-05, 1.22543397083e-05, 1.2201266145e-05, 1.47032551467e-05, 2.19718331209e-05, 2.68949479505e-05, 5.91661591898e-05, 3.20927647408e-05, 7.50990011511e-06, 3.51314315594e-06, 2.36030155065e-06, 2.12302825275e-06, 1.35236871301e-06, 1.62047069807e-06, 1.65764402027e-06, 1.66750248809e-06, 9.25912672756e-07, 8.96043104603e-07, 7.86684154264e-07, 8.93416711278e-07, 1.3432123751e-06, 1.72522459252e-06, 9.59295221037e-07, 5.48547632206e-07, 5.82901520829e-07, 5.9991202761e-07, 4.38284615711e-07, 5.52365179374e-07, 7.60255545629e-07, 6.75424416841e-07, 5.01530792008e-07, 3.29712889879e-07, 2.28875222774e-07, 2.62275079876e-07, 2.33969799979e-07, 1.81833058832e-07, 1.66548701941e-07, 1.66950556491e-07, 1.67395512563e-07, 1.58685196538e-07, 2.4518649866e-07, 2.08933442991e-07, 2.67405681598e-07, 2.97773397051e-07, 3.14822841574e-07, 1.95578351736e-07, 1.3657175657e-07, 1.33516735445e-07, 1.11415573656e-07, 7.6106161373e-08, 8.01639004067e-08, 7.63275451732e-08, 6.81126124391e-08, 4.80097313016e-08, 3.95523365171e-08, 2.82736003498e-08, 1.3372095431e-08, 6.68886857014e-09, 4.08830702625e-09, 2.24957030781e-09, 4.59611862458e-11, 5.69930127398e-12, 5.16230764733e-12, 5.11036959278e-12, 4.9450213889e-12, 4.64777044976e-12, 4.46620952027e-12, 4.15514280969e-12, 4.0354230374e-12, 3.90732064759e-12, 3.82381062577e-12, 3.79087820163e-12],
        "min": [5.99558939871e-24, 5.69420903418e-24, 4.03101927225e-24, 1.51418340326e-24, 3.85519322053e-24, 8.54211483673e-24, 1.2033030235e-23, 9.60603497352e-24, 1.70249941081e-23, 9.41940704943e-24, 1.54622141121e-24, 1.80736789742e-24, 1.35097744969e-24, 1.0769916606e-24, 1.55408769549e-23, 3.54097319813e-23, 8.85257025712e-24, 8.48994430962e-24, 7.41362485712e-24, 2.417794619e-23, 3.86600566364e-23, 1.73847620125e-23, 1.86493360203e-23, 7.88818306732e-24, 2.17374053979e-24, 2.52963592604e-24, 3.42371588766e-24, 8.94128555452e-24, 1.04827765613e-23, 2.19599533144e-23, 1.93197147507e-23, 2.22055162479e-23, 3.33869853352e-23, 2.52235623872e-23, 1.42670858963e-23, 2.70595667243e-23, 5.33192032472e-24, 6.45648966563e-24, 2.59158596179e-24, 1.6315276462e-23, 1.57128691427e-23, 4.95309669626e-24, 3.84943611364e-24, 2.09297404152e-23, 1.92603324572e-23, 7.88683648176e-24, 4.6910016048e-24, 8.76508321615e-24, 1.35566298765e-23, 9.80604118971e-24, 1.40190285847e-23, 8.12823028534e-24, 5.77128547778e-24, 6.3307499705e-24, 1.04064369138e-23, 1.191796935e-23, 1.48924522235e-23, 6.67980514384e-24, 8.56817012357e-24, 1.36741433301e-23, 7.96505598481e-24, 8.13998510169e-24, 6.68434582721e-24, 1.23239652923e-23, 4.37139421462e-24, 7.24194269174e-24, 2.45838103925e-23, 9.57949690381e-24, 7.32988648317e-24, 9.76764890718e-24, 9.33485220444e-24, 2.89371976737e-23, 8.90839478794e-24, 1.02440664625e-23, 8.12205823761e-24, 1.24994237349e-23, 9.3819085463e-24, 9.04746386578e-24, 1.75182577881e-23, 9.28897757622e-24, 1.84844909124e-23, 1.1488746976e-23, 1.05055012774e-23, 5.35983180127e-24, 5.52189262462e-24, 7.14041156007e-24, 4.77891660282e-24, 4.61664199815e-24, 1.92008933657e-23, 1.29441511699e-23, 9.12510197835e-24, 1.01714636491e-23, 6.36129900349e-24, 1.4281611981e-23, 9.87290346232e-24, 9.49144819387e-24, 5.50021236037e-24, 7.1841815074e-24, 8.23212484428e-24, 8.37400147808e-24, 7.62122938155e-24, 1.04560310212e-23, 9.70103118145e-24, 1.07904646576e-23, 7.51278467291e-24, 6.79813743507e-24, 6.10978174791e-24, 6.72690566191e-24, 1.71811002149e-23, 1.29268932599e-23, 8.08044740259e-24, 1.47373116824e-23, 8.91452029287e-24, 9.57886660395e-24, 1.41884222646e-23, 7.37746110665e-24, 7.54187865196e-24, 1.12664049521e-23, 1.49079012755e-23, 1.09626927148e-23, 1.42556789676e-23, 1.04622046466e-23, 1.25145059665e-23, 1.50539951597e-23, 1.02499190216e-23, 1.23220223279e-23, 1.45354500654e-23, 1.22389742073e-23],
        "stdev": [4.84163251713e-07, 1.29148668293e-06, 2.65964990831e-06, 6.10440383753e-06, 3.76037933165e-05, 7.41946932976e-05, 5.65192276554e-05, 8.41932633193e-05, 7.36016081646e-05, 6.62533857394e-05, 0.000120650227473, 8.77047859831e-05, 0.000118649506476, 0.000170248793438, 7.67684396124e-05, 5.22849804838e-05, 0.000149092622451, 0.000105496641481, 0.000159438335686, 0.00015892238298, 2.667307308e-05, 2.20123638428e-05, 4.1573704948e-05, 0.000133648747578, 0.000343955645803, 0.000430781423347, 0.000343717809301, 0.000303702050587, 0.000223611059482, 0.000188216581591, 0.000193159634364, 0.000403046549764, 0.00194672599901, 0.00219959253445, 0.000850558863021, 0.000674653972965, 0.000296361889923, 7.54718348617e-05, 5.43556343473e-05, 0.000111301211291, 0.000134744856041, 6.57139826217e-05, 9.62549165706e-05, 0.000188739650184, 9.26553475438e-05, 4.96694519825e-05, 4.06822837249e-05, 2.62107678282e-05, 5.54996840947e-05, 4.07519037253e-05, 8.33860103739e-05, 7.08475854481e-05, 0.000161117073731, 5.26671246917e-05, 2.50685916399e-05, 4.18169220211e-05, 2.0709943783e-05, 2.33632854361e-05, 2.49227850873e-05, 3.36114899255e-05, 6.72014284646e-05, 5.61757187825e-05, 0.000161116942763, 8.0672572949e-05, 1.57049453264e-05, 1.02439817056e-05, 3.71320629711e-06, 3.87306818084e-06, 2.06824552151e-06, 3.1291169762e-06, 3.23309927808e-06, 3.31433989231e-06, 2.46269974014e-06, 2.32390425481e-06, 2.14045462599e-06, 3.50981440533e-06, 6.0524212131e-06, 8.44231817609e-06, 3.65694518223e-06, 2.53533539762e-06, 2.07235893868e-06, 1.94478388948e-06, 1.02625187992e-06, 1.18276557259e-06, 1.90202160866e-06, 2.02020532925e-06, 1.91195658772e-06, 1.84038208317e-06, 1.28484771267e-06, 1.62350340815e-06, 1.84623604582e-06, 1.56250928285e-06, 1.36560674946e-06, 1.38588484333e-06, 1.1996764897e-06, 1.34499100568e-06, 2.14110082197e-06, 1.8198647922e-06, 2.44620855483e-06, 3.02717262457e-06, 2.78603829429e-06, 1.67904170212e-06, 1.1311842627e-06, 1.20729498576e-06, 9.03618115444e-07, 6.08364246091e-07, 6.92074877406e-07, 6.76874265082e-07, 6.31846489796e-07, 4.14729043996e-07, 3.49522593979e-07, 2.60565485632e-07, 1.12558176113e-07, 5.79455132765e-08, 3.40045041014e-08, 1.74154060062e-08, 5.1788201505e-10, 6.97735272337e-11, 6.52593049044e-11, 6.29199886637e-11, 6.05289429689e-11, 5.76199886415e-11, 5.55092569132e-11, 5.34782669537e-11, 5.24308443883e-11, 5.1416086666e-11, 5.06202718631e-11, 5.01802974173e-11]
    },
    "mfcc": {
        "mean": [-744.158569336, 131.140045166, -79.267326355, -20.2181358337, -28.6156005859, -14.6372613907, -12.0301027298, 4.55760860443, -7.55532121658, -6.36905002594, -8.23462295532, -13.0901460648, -7.94281768799],
        "cov": [[6556.67773438, -3119.66503906, -2206.20043945, -1065.0880127, -1108.08410645, -94.1280975342, 119.598487854, 561.019226074, 22.3096160889, -275.32144165, 257.631866455, -103.878707886, -45.3545684814], [-3119.66503906, 3419.29223633, 1737.61450195, 855.255004883, 954.54095459, -32.0350379944, -216.101913452, -516.693359375, -103.205856323, 94.8484725952, -230.122940063, 94.6090164185, 27.555437088], [-2206.20043945, 1737.61450195, 1748.42114258, 689.871704102, 690.307861328, 82.1615142822, -123.730545044, -439.393768311, -53.7694778442, 80.0980682373, -134.70022583, 87.0551300049, 11.1709671021], [-1065.0880127, 855.255004883, 689.871704102, 450.795532227, 322.431884766, 60.520614624, -61.0522193909, -158.385681152, -30.6394233704, 82.8482589722, -51.1758880615, 47.6489181519, 8.61513805389], [-1108.08410645, 954.54095459, 690.307861328, 322.431884766, 423.262207031, 4.46057939529, -67.3149337769, -180.798812866, -18.8599662781, 61.8287811279, -59.4433250427, 32.911491394, 14.3776483536], [-94.1280975342, -32.0350379944, 82.1615142822, 60.520614624, 4.46057939529, 100.759300232, 31.7607936859, 10.2892055511, 25.3250141144, 19.3913784027, -16.008852005, 29.5883789062, 0.0260902922601], [119.598487854, -216.101913452, -123.730545044, -61.0522193909, -67.3149337769, 31.7607936859, 92.5685501099, 79.7005233765, 13.3233041763, 6.67383146286, 17.7276248932, 1.24432206154, 20.8831577301], [561.019226074, -516.693359375, -439.393768311, -158.385681152, -180.798812866, 10.2892055511, 79.7005233765, 207.492706299, 22.4124603271, 6.85080528259, 69.4101333618, -6.35591697693, 23.557559967], [22.3096160889, -103.205856323, -53.7694778442, -30.6394233704, -18.8599662781, 25.3250141144, 13.3233041763, 22.4124603271, 102.889389038, 30.3630504608, -22.056350708, 36.0571060181, 9.29166221619], [-275.32144165, 94.8484725952, 80.0980682373, 82.8482589722, 61.8287811279, 19.3913784027, 6.67383146286, 6.85080528259, 30.3630504608, 121.754455566, 27.9525260925, 10.4622011185, 2.64887619019], [257.631866455, -230.122940063, -134.70022583, -51.1758880615, -59.4433250427, -16.008852005, 17.7276248932, 69.4101333618, -22.056350708, 27.9525260925, 116.902328491, -12.2433948517, 10.0719814301], [-103.878707886, 94.6090164185, 87.0551300049, 47.6489181519, 32.911491394, 29.5883789062, 1.24432206154, -6.35591697693, 36.0571060181, 10.4622011185, -12.2433948517, 81.7378921509, 26.0918369293], [-45.3545684814, 27.555437088, 11.1709671021, 8.61513805389, 14.3776483536, 0.0260902922601, 20.8831577301, 23.557559967, 9.29166221619, 2.64887619019, 10.0719814301, 26.0918369293, 72.1924591064]],
        "icov": [[0.000353595707566, 0.000148086211993, 0.000147975602886, 0.000119554781122, 0.000170975283254, -3.77138821932e-05, 0.000405710277846, -0.000123498786706, 4.64252698293e-05, 0.000481228431454, -0.00030529909418, -0.000180521252332, 0.000101564408396], [0.000148086211993, 0.00111355551053, -2.64297941612e-05, -0.000574911362492, -0.00129695271607, 0.00097435771022, 0.000323903717799, 0.000129623673274, 0.000852832687087, -2.88680057565e-05, 0.00103205209598, -0.000741753901821, -0.000121963290439], [0.000147975602886, -2.64297941612e-05, 0.00333938980475, -0.00182571716141, -0.00223760935478, -0.0015453932574, -0.00159313518088, 0.00435425993055, 8.5622217739e-05, 0.000965845596511, -0.00128299649805, -0.000700646371115, -0.000323862448568], [0.000119554781122, -0.000574911362492, -0.00182571716141, 0.00945937354118, -0.00152506737504, -0.00490182870999, 0.00405408395454, -0.00174414506182, 0.00416029524058, -0.00430256733671, 0.00136967631988, -0.00134276819881, -0.000933243660256], [0.000170975283254, -0.00129695271607, -0.00223760935478, -0.00152506737504, 0.0105941705406, 0.00220032758079, 0.000520856585354, -0.000272767501883, -0.0014079103712, -0.00153246312402, -8.86135167093e-05, 0.00108073989395, -0.0011824691901], [-3.77138821932e-05, 0.00097435771022, -0.0015453932574, -0.00490182870999, 0.00220032758079, 0.0191506333649, -0.00731679750606, -0.00199108710513, -0.00249685673043, 0.000122783021652, 0.00277948076837, -0.00439398782328, 0.00426677474752], [0.000405710277846, 0.000323903717799, -0.00159313518088, 0.00405408395454, 0.000520856585354, -0.00731679750606, 0.0224515553564, -0.00866730604321, 0.00230342242867, -0.00205786968581, 0.00228494778275, 0.00214279233478, -0.0051876003854], [-0.000123498786706, 0.000129623673274, 0.00435425993055, -0.00174414506182, -0.000272767501883, -0.00199108710513, -0.00866730604321, 0.0187952779233, -0.00104900461156, -0.000553884776309, -0.00537318503484, -0.000830510107335, -0.00295851449482], [4.64252698293e-05, 0.000852832687087, 8.5622217739e-05, 0.00416029524058, -0.0014079103712, -0.00249685673043, 0.00230342242867, -0.00104900461156, 0.0190515741706, -0.00817288830876, 0.00753059471026, -0.00794373825192, -0.00118057825603], [0.000481228431454, -2.88680057565e-05, 0.000965845596511, -0.00430256733671, -0.00153246312402, 0.000122783021652, -0.00205786968581, -0.000553884776309, -0.00817288830876, 0.0159826017916, -0.00732858851552, 0.00238617695868, 0.00238403864205], [-0.00030529909418, 0.00103205209598, -0.00128299649805, 0.00136967631988, -8.86135167093e-05, 0.00277948076837, 0.00228494778275, -0.00537318503484, 0.00753059471026, -0.00732858851552, 0.0167106371373, -0.00172837951686, -0.00184868485667], [-0.000180521252332, -0.000741753901821, -0.000700646371115, -0.00134276819881, 0.00108073989395, -0.00439398782328, 0.00214279233478, -0.000830510107335, -0.00794373825192, 0.00238617695868, -0.00172837951686, 0.0204093530774, -0.00632448168471], [0.000101564408396, -0.000121963290439, -0.000323862448568, -0.000933243660256, -0.0011824691901, 0.00426677474752, -0.0051876003854, -0.00295851449482, -0.00118057825603, 0.00238403864205, -0.00184868485667, -0.00632448168471, 0.0194318834692]]
    },
    "spectral_contrast_coeffs": {
        "max": [-0.50403636694, -0.516007483006, -0.561119198799, -0.648376703262, -0.533048033714, -0.619360029697],
        "mean": [-0.683069825172, -0.748909652233, -0.756869494915, -0.806991100311, -0.760642409325, -0.745114922523],
        "min": [-0.971952319145, -0.970779240131, -0.974313795567, -0.964671671391, -0.955139398575, -0.956183314323],
        "stdev": [0.0769072473049, 0.0657669901848, 0.0613720342517, 0.0397560410202, 0.0535216554999, 0.0608919225633]
    },
    "spectral_contrast_valleys": {
        "max": [-6.60510778427, -5.88391542435, -5.16562271118, -5.91716861725, -6.69742918015, -7.85278749466],
        "mean": [-9.4683303833, -7.47044563293, -7.08967256546, -7.63245391846, -8.50564479828, -12.1944065094],
        "min": [-27.6401348114, -27.5985469818, -27.076795578, -27.193687439, -27.3421440125, -27.4051208496],
        "stdev": [1.31395697594, 1.04684627056, 1.37281274796, 1.26169276237, 1.32109415531, 1.1763677597]
    }
},
"rhythm": {
    "beats_count": 30,
    "beats_loudness": {
        "max": 0.0544922575355,
        "mean": 0.0127709461376,
        "min": 0.000245824456215,
        "stdev": 0.0143197085708
    },
    "bpm": 141.614746094,
    "bpm_histogram_first_peak_bpm": 140,
    "bpm_histogram_first_peak_weight": 0.5,
    "bpm_histogram_second_peak_bpm": 148,
    "bpm_histogram_second_peak_spread": 0.41666662693,
    "bpm_histogram_second_peak_weight": 0.24137930572,
    "danceability": 0.672090291977,
    "onset_rate": 1.3323546648,
    "beats_loudness_band_ratio": {
        "max": [0.349813133478, 0.525098979473, 0.670959353447, 0.868004739285, 0.619656383991, 0.203775435686],
        "mean": [0.0411565676332, 0.104543656111, 0.298931509256, 0.405245691538, 0.157422944903, 0.0277608074248],
        "min": [2.54093520198e-05, 0.000230319492402, 0.0513924434781, 0.0724466666579, 0.0182260684669, 0.000320025137626],
        "stdev": [0.0744014531374, 0.140540093184, 0.159697726369, 0.23323109746, 0.143549770117, 0.0375724807382]
    },
    "beats_position": [0.394739210606, 0.801088392735, 1.20743763447, 1.6137868166, 2.02013611794, 2.42648530006, 2.83283448219, 3.22757363319, 3.62231278419, 4.01705217361, 4.42340135574, 4.80653047562, 5.20126962662, 5.59600877762, 6.01396799088, 6.43192720413, 6.84988641739, 7.27945566177, 7.69741487503, 8.11537361145, 8.53333282471, 8.96290206909, 9.39247131348, 9.82204055786, 10.2516098022, 10.6811790466, 11.110748291, 11.5403175354, 11.9582767487, 12.3762359619],
