{
"metadata": {
    "version": {
        "essentia": "2.1-beta5",
        "essentia_git_sha": "Undefined",
        "extractor": "music 2.0"
    },
    "audio_properties": {
        "analysis": {
            "equal_loudness": 0,
            "length": 30.3600902557,
            "sample_rate": 44100,
            "start_time": 158.987030029,
            "downmix": "mix"
        },
        "bit_rate": 192000,
        "length": 189.370361328,
        "lossless": 0,
        "number_channels": 2,
        "replay_gain": -6.53956413269,
        "sample_rate": 48000,
        "codec": "mp3",
        "md5_encoded": "6cdd814b7a019b7e93ba86d55abbe116"
    },
    "tags": {
        "file_name": "Belgium_1 Life_Xandee.mp3",
        "encoding": ["Lavf58.29.100"]
    }
},
"lowlevel": {
    "average_loudness": 0.955595433712,
    "barkbands_crest": {
        "max": 24.4629859924,
        "mean": 9.76365661621,
        "min": 3.03069067001,
        "stdev": 3.81823515892
    },
    "barkbands_flatness_db": {
        "max": 0.291355580091,
        "mean": 0.149919092655,
        "min": 0.0426836535335,
        "stdev": 0.0503947474062
    },
    "barkbands_kurtosis": {
        "max": 45.1078910828,
        "mean": 2.65315437317,
        "min": -1.57528984547,
        "stdev": 4.76892566681
    },
    "barkbands_skewness": {
        "max": 5.95862722397,
        "mean": 1.27561950684,
        "min": -1.4072881937,
        "stdev": 1.039483428
    },
    "barkbands_spread": {
        "max": 81.6692962646,
        "mean": 19.5303077698,
        "min": 3.97157502174,
        "stdev": 11.8883523941
    },
    "dissonance": {
        "max": 0.500000119209,
        "mean": 0.473199933767,
        "min": 0.333630532026,
        "stdev": 0.024801235646
    },
    "dynamic_complexity": 2.72728538513,
    "erbbands_crest": {
        "max": 29.5099983215,
        "mean": 9.24855327606,
        "min": 2.45605635643,
        "stdev": 4.81105566025
    },
    "erbbands_flatness_db": {
        "max": 0.356842875481,
        "mean": 0.185013383627,
        "min": 0.056993547827,
        "stdev": 0.0833531841636
    },
    "erbbands_kurtosis": {
        "max": 16.4234867096,
        "mean": 0.988756656647,
        "min": -1.48872435093,
        "stdev": 2.32439756393
    },
    "erbbands_skewness": {
        "max": 2.87969064713,
        "mean": 0.483726263046,
        "min": -2.56146883965,
        "stdev": 0.563133835793
    },
    "erbbands_spread": {
        "max": 94.8710861206,
        "mean": 29.830450058,
        "min": 4.0466003418,
        "stdev": 19.8786754608
    },
    "hfc": {
        "max": 124.706802368,
        "mean": 25.6263370514,
        "min": 7.57766738246e-09,
        "stdev": 18.643497467
    },
    "loudness_ebu128": {
        "integrated": -16.6685676575,
        "loudness_range": 1.78405284882,
        "momentary": {
            "max": -13.3157863617,
            "mean": -17.2981491089,
            "min": -34.4482421875,
            "stdev": 2.65025019646
        },
        "short_term": {
            "max": -15.2583904266,
            "mean": -16.666311264,
            "min": -21.4668712616,
            "stdev": 1.03961443901
        }
    },
    "melbands_crest": {
        "max": 33.1394119263,
        "mean": 13.6145820618,
        "min": 4.29806470871,
        "stdev": 5.46920394897
    },
    "melbands_flatness_db": {
        "max": 0.323164463043,
        "mean": 0.184528559446,
        "min": 0.0143400290981,
        "stdev": 0.0436482690275
    },
    "melbands_kurtosis": {
        "max": 127.329162598,
        "mean": 9.36778450012,
        "min": -1.4885340929,
        "stdev": 14.5485544205
    },
    "melbands_skewness": {
        "max": 9.31222438812,
        "mean": 2.13141393661,
        "min": -0.828410387039,
        "stdev": 1.60513663292
    },
    "melbands_spread": {
        "max": 142.922042847,
        "mean": 21.8407649994,
        "min": 2.51016926765,
        "stdev": 13.061548233
    },
    "pitch_salience": {
        "max": 0.873320579529,
        "mean": 0.585587501526,
        "min": 0.160376161337,
        "stdev": 0.141184329987
    },
    "silence_rate_20dB": {
        "max": 1,
        "mean": 1,
        "min": 1,
        "stdev": 0
    },
    "silence_rate_30dB": {
        "max": 1,
        "mean": 0.996944248676,
        "min": 0,
        "stdev": 0.0551941283047
    },
    "silence_rate_60dB": {
        "max": 1,
        "mean": 0.0282658524811,
        "min": 0,
        "stdev": 0.165732041001
    },
    "spectral_centroid": {
        "max": 3123.77124023,
        "mean": 1398.6385498,
        "min": 367.985015869,
        "stdev": 378.313659668
    },
    "spectral_complexity": {
        "max": 42,
        "mean": 21.2299461365,
        "min": 0,
        "stdev": 7.1550412178
    },
    "spectral_decrease": {
        "max": -7.24303384288e-20,
        "mean": -7.62169083401e-09,
        "min": -3.9216846659e-08,
        "stdev": 5.74148062427e-09
    },
    "spectral_energy": {
        "max": 0.150432139635,
        "mean": 0.0310904383659,
        "min": 9.6068682523e-13,
        "stdev": 0.0227181389928
    },
    "spectral_energyband_high": {
        "max": 0.00526651600376,
        "mean": 0.000620878709015,
        "min": 5.98819930274e-13,
        "stdev": 0.000706588791218
    },
    "spectral_energyband_low": {
        "max": 0.136116996408,
        "mean": 0.0105624105781,
        "min": 4.27848877746e-14,
        "stdev": 0.0162067543715
    },
    "spectral_energyband_middle_high": {
        "max": 0.070842333138,
        "mean": 0.0115708597004,
        "min": 2.60655537952e-13,
        "stdev": 0.0119341453537
    },
    "spectral_energyband_middle_low": {
        "max": 0.0887366682291,
        "mean": 0.00958010274917,
        "min": 3.86723700209e-14,
        "stdev": 0.010639987886
    },
    "spectral_entropy": {
        "max": 8.8195476532,
        "mean": 7.72943496704,
        "min": 6.83791160583,
        "stdev": 0.289152443409
    },
    "spectral_flux": {
        "max": 0.286623716354,
        "mean": 0.103656232357,
        "min": 0.00259601604193,
        "stdev": 0.048086322844
    },
    "spectral_kurtosis": {
        "max": 15.020029068,
        "mean": 5.00946998596,
        "min": 0.135897636414,
        "stdev": 2.73220872879
    },
    "spectral_rms": {
        "max": 0.0121145807207,
        "mean": 0.00513622816652,
        "min": 3.06146255014e-08,
        "stdev": 0.00198778277263
    },
    "spectral_rolloff": {
        "max": 15374.7070312,
        "mean": 1454.42004395,
        "min": 64.599609375,
        "stdev": 877.436645508
    },
    "spectral_skewness": {
        "max": 2.88981413841,
        "mean": 1.73296427727,
        "min": 0.727077960968,
        "stdev": 0.364019662142
    },
    "spectral_spread": {
        "max": 14740506,
        "mean": 4565621,
        "min": 2011126,
        "stdev": 1670493.75
    },
    "spectral_strongpeak": {
        "max": 13.92299366,
        "mean": 1.32788598537,
        "min": 0,
        "stdev": 1.85846221447
    },
    "zerocrossingrate": {
        "max": 0.5615234375,
        "mean": 0.0642427429557,
        "min": 0.0078125,
        "stdev": 0.0266617946327
    },
    "barkbands": {
        "max": [0.00960136950016, 0.0687646120787, 0.0860701948404, 0.0557245127857, 0.0516716651618, 0.0637731105089, 0.0443109385669, 0.0403539389372, 0.0407759696245, 0.0514130480587, 0.0587243773043, 0.0130460560322, 0.0282135568559, 0.045063059777, 0.0413989908993, 0.0142822246999, 0.0144468862563, 0.00429894635454, 0.00154164177366, 0.00088173430413, 0.000800280773547, 0.0025111369323, 0.00136696593836, 0.0011286479421, 0.00062014471041, 0.000731094100047, 1.01439525224e-06],
        "mean": [0.000671708141454, 0.00652611954138, 0.0025772175286, 0.00146712083369, 0.00179234077223, 0.00133350479882, 0.000895044999197, 0.000582325155847, 0.00256258551963, 0.00311406212859, 0.00223023584113, 0.000878790044226, 0.00150055089034, 0.00138292252086, 0.00128538557328, 0.000614540302195, 0.000497790693771, 0.000337561941706, 0.000171761377715, 0.00010296698747, 0.000111568297143, 0.000100085395388, 0.000127572740894, 0.000110884218884, 6.92317262292e-05, 4.65441335109e-05, 1.58729669408e-08],
        "min": [3.17698239949e-14, 1.90948314425e-14, 8.34207936697e-15, 2.24231347533e-15, 5.32828108349e-15, 4.18746492288e-15, 6.37321607909e-15, 8.40629886393e-15, 9.57728549109e-15, 6.82299480925e-15, 6.06706152602e-15, 7.1857286221e-15, 3.45611507688e-15, 3.98855820876e-14, 1.94472395002e-14, 2.79480774054e-14, 1.95640436495e-14, 3.73555387198e-14, 6.31113000402e-14, 4.34765748793e-14, 2.9649625989e-14, 6.11517062574e-14, 7.31700399055e-14, 7.1655267169e-14, 1.08324394105e-13, 1.0432216343e-13, 1.40754256666e-13],
        "stdev": [0.00113738852087, 0.0105105508119, 0.00693235220388, 0.00423905672505, 0.00520200282335, 0.00279520521872, 0.00185830972623, 0.00142957223579, 0.00379786989652, 0.00552248442546, 0.00521172443405, 0.00136262003798, 0.00255453470163, 0.00291491858661, 0.0026221149601, 0.00113326881547, 0.00108589127194, 0.000325761124259, 0.000149168379721, 9.49820750975e-05, 0.000116203227662, 0.000130052023451, 0.000187456811545, 0.000151785061462, 8.86732523213e-05, 7.62311537983e-05, 5.08526376564e-08]
    },
    "erbbands": {
        "max": [1.85464572906, 19.0291595459, 76.8293380737, 129.182098389, 193.898666382, 189.774551392, 126.463272095, 717.091186523, 386.536224365, 681.506652832, 340.602416992, 788.359863281, 1568.8449707, 1285.76391602, 2102.390625, 540.118591309, 1580.85473633, 2261.42211914, 832.929016113, 1742.47351074, 203.072967529, 765.442687988, 300.4296875, 92.2518768311, 37.9920845032, 39.7343406677, 50.0499687195, 39.7249221802, 79.916847229, 67.5653381348, 39.3367500305, 32.3679695129, 21.1593379974, 8.45645427704, 4.7105679512, 3.3272819519, 1.61508011818, 0.146224290133, 0.00256709614769, 0.000172840154846],
        "mean": [0.191966384649, 1.43270671368, 3.0491540432, 4.41954421997, 5.63035440445, 5.84397506714, 6.12707901001, 12.3628473282, 13.6006450653, 12.7875032425, 16.657371521, 51.872051239, 93.6999893188, 95.7741699219, 81.3531036377, 41.3809623718, 73.5155029297, 76.3504180908, 59.1869926453, 66.1790237427, 25.1584396362, 28.200012207, 19.1906776428, 13.078042984, 6.53577566147, 4.97791242599, 5.16837978363, 3.8392021656, 3.50659656525, 3.88347649574, 3.51019906998, 2.79438996315, 1.52529656887, 0.859423756599, 0.458814293146, 0.230860039592, 0.0831662714481, 0.00696163903922, 0.000150825449964, 4.40759249614e-05],
        "min": [8.74194109029e-13, 3.3513029591e-12, 9.60924135401e-12, 8.35618033102e-12, 1.26742973755e-11, 1.45141381552e-11, 2.45044366742e-11, 4.38602210107e-11, 8.03262942273e-11, 1.23274335184e-10, 1.78713932542e-10, 1.68563413228e-10, 2.5822907701e-10, 2.94567786829e-10, 2.18498275029e-10, 2.96777352693e-10, 2.24840451812e-10, 1.42411482607e-09, 1.79539416667e-09, 9.66245083944e-10, 1.50492529549e-09, 1.16833953623e-09, 2.11309170162e-09, 3.77853881517e-09, 2.08087858056e-09, 2.22432583463e-09, 1.00496555522e-09, 1.52767065664e-09, 2.17336637576e-09, 1.97214111708e-09, 2.30015850811e-09, 1.36363498271e-09, 1.24018695313e-09, 1.15219189745e-09, 7.52810203064e-10, 3.49979101255e-10, 2.33375124781e-10, 6.46211695265e-11, 2.05997389285e-11, 2.27495669872e-12],
        "stdev": [0.307438343763, 2.49201464653, 7.32182645798, 11.639418602, 16.2533283234, 17.8388462067, 12.2557048798, 29.3309707642, 24.7535953522, 34.089630127, 21.845872879, 71.0962142944, 165.761581421, 152.435897827, 193.823394775, 56.8576431274, 127.761611938, 154.653701782, 85.7775726318, 146.475585938, 28.3024024963, 63.8152580261, 21.5514335632, 10.9480676651, 4.95711135864, 4.4023475647, 5.55734014511, 4.43858003616, 4.49757194519, 5.68492031097, 5.18052339554, 3.70170116425, 2.24532294273, 1.13140356541, 0.600244045258, 0.356693327427, 0.14639249444, 0.0117006190121, 0.000220881644054, 2.99601288134e-05]
    },
    "gfcc": {
        "mean": [2.71661329269, 62.1897735596, -151.414810181, 6.54559326172, -63.0330047607, 27.3978385925, -36.3982276917, 16.2625160217, -20.3216705322, 4.68199872971, -16.2628879547, 3.31962275505, -10.1005086899],
        "cov": [[4970.87255859, 951.166259766, 2536.36083984, 1130.21313477, 517.047973633, 499.502685547, -189.780441284, 10.9189090729, -138.003326416, 353.796508789, 77.3763885498, 260.812194824, -206.3855896], [951.166259766, 1122.13537598, 1506.47424316, 846.170227051, 439.41708374, 271.98526001, 31.9769954681, -6.93865728378, -21.1686935425, 127.875846863, 130.387069702, 52.0361061096, -33.484249115], [2536.36083984, 1506.47424316, 4087.94116211, 2045.70837402, 836.456787109, 651.685852051, -208.075561523, -16.3305168152, -176.79876709, 489.060028076, 195.868041992, 348.961517334, -208.709976196], [1130.21313477, 846.170227051, 2045.70837402, 1236.43591309, 473.292663574, 345.110198975, -50.346534729, -29.8788700104, -83.4490585327, 210.007019043, 91.2602767944, 123.057746887, -93.2354049683], [517.047973633, 439.41708374, 836.456787109, 473.292663574, 340.256591797, 223.768798828, 27.7602348328, 19.6427707672, 4.00609922409, 97.3707809448, 52.3690452576, 59.1965866089, -40.7791481018], [499.502685547, 271.98526001, 651.685852051, 345.110198975, 223.768798828, 264.752960205, 62.9992523193, 27.4729938507, -21.9194698334, 78.9576797485, 54.4175491333, 48.7728691101, -34.4037513733], [-189.780441284, 31.9769954681, -208.075561523, -50.346534729, 27.7602348328, 62.9992523193, 185.838516235, 52.1159439087, 24.1290149689, -46.1100769043, 7.51838731766, -52.1971588135, 26.0740852356], [10.9189090729, -6.93865728378, -16.3305168152, -29.8788700104, 19.6427707672, 27.4729938507, 52.1159439087, 96.843963623, 57.7452926636, 4.84849786758, -3.47163033485, 1.65294253826, 16.654548645], [-138.003326416, -21.1686935425, -176.79876709, -83.4490585327, 4.00609922409, -21.9194698334, 24.1290149689, 57.7452926636, 99.5219955444, 2.87201833725, -0.0695338845253, -15.3699188232, 20.8819770813], [353.796508789, 127.875846863, 489.060028076, 210.007019043, 97.3707809448, 78.9576797485, -46.1100769043, 4.84849786758, 2.87201833725, 133.015380859, 61.6423225403, 76.0740966797, -29.4751148224], [77.3763885498, 130.387069702, 195.868041992, 91.2602767944, 52.3690452576, 54.4175491333, 7.51838731766, -3.47163033485, -0.0695338845253, 61.6423225403, 98.7179794312, 49.0642967224, 4.880464077], [260.812194824, 52.0361061096, 348.961517334, 123.057746887, 59.1965866089, 48.7728691101, -52.1971588135, 1.65294253826, -15.3699188232, 76.0740966797, 49.0642967224, 104.58405304, -6.02490901947], [-206.3855896, -33.484249115, -208.709976196, -93.2354049683, -40.7791481018, -34.4037513733, 26.0740852356, 16.654548645, 20.8819770813, -29.4751148224, 4.880464077, -6.02490901947, 68.8510055542]],
        "icov": [[0.000370285997633, -0.000455314846477, 0.000131559223519, -2.24343384616e-05, 0.000388765329262, -0.000634685799014, 0.000327859539539, -0.00040847065975, 0.000416398019297, -0.000666616775561, 0.000915613607503, -0.00071198126534, 0.000605830049608], [-0.000455314846477, 0.00516849942505, -0.00309735327028, 0.00129943643697, -0.0041331956163, 0.00315245008096, -0.00145113805775, 0.00256929034367, -0.00262174755335, 0.0049083083868, -0.00706290593371, 0.006633433979, -0.0034478972666], [0.000131559223519, -0.00309735327028, 0.00537238176912, -0.00490792794153, 0.00153313716874, -0.00264056958258, 0.00303902244195, -0.0050936662592, 0.00505975494161, -0.00569497747347, 0.00446781609207, -0.00599203165621, 0.00338353333063], [-2.24343384616e-05, 0.00129943643697, -0.00490792794153, 0.00753993168473, -0.00270921271294, 0.00138008303475, -0.00217700283974, 0.00468607852235, -0.00261882436462, 0.00259039714001, -0.00195071531925, 0.00512561574578, -0.0028366278857], [0.000388765329262, -0.0041331956163, 0.00153313716874, -0.00270921271294, 0.0144890900701, -0.00823339540511, -0.000446146412287, 0.00142789783422, -0.00491163693368, -0.00206038332544, 0.00632563047111, -0.0074114697054, 0.00393573334441], [-0.000634685799014, 0.00315245008096, -0.00264056958258, 0.00138008303475, -0.00823339540511, 0.0150448689237, -0.00580764003098, -0.00100240646861, 0.00259820651263, 0.001706077368, -0.0062328656204, 0.0039876922965, -0.000688801519573], [0.000327859539539, -0.00145113805775, 0.00303902244195, -0.00217700283974, -0.000446146412287, -0.00580764003098, 0.0142773296684, -0.00946818199009, 0.00525771733373, 0.000420840777224, -0.0026835037861, 0.00425335159525, -0.000593552947976], [-0.00040847065975, 0.00256929034367, -0.0050936662592, 0.00468607852235, 0.00142789783422, -0.00100240646861, -0.00946818199009, 0.0282072033733, -0.0188826005906, 0.00432211719453, 0.00256742909551, -0.00168476300314, -0.00471458910033], [0.000416398019297, -0.00262174755335, 0.00505975494161, -0.00261882436462, -0.00491163693368, 0.00259820651263, 0.00525771733373, -0.0188826005906, 0.0281888414174, -0.0114770047367, 0.00149633071851, 0.00271010608412, -0.00060140423011], [-0.000666616775561, 0.0049083083868, -0.00569497747347, 0.00259039714001, -0.00206038332544, 0.001706077368, 0.000420840777224, 0.00432211719453, -0.0114770047367, 0.0302219577134, -0.0155084403232, -0.000561893859413, 0.00252965232357], [0.000915613607503, -0.00706290593371, 0.00446781609207, -0.00195071531925, 0.00632563047111, -0.0062328656204, -0.0026835037861, 0.00256742909551, 0.00149633071851, -0.0155084403232, 0.0295347254723, -0.0157514382154, 0.000673951406498], [-0.00071198126534, 0.006633433979, -0.00599203165621, 0.00512561574578, -0.0074114697054, 0.0039876922965, 0.00425335159525, -0.00168476300314, 0.00271010608412, -0.000561893859413, -0.0157514382154, 0.03406432271, -0.0106965135783], [0.000605830049608, -0.0034478972666, 0.00338353333063, -0.0028366278857, 0.00393573334441, -0.000688801519573, -0.000593552947976, -0.00471458910033, -0.00060140423011, 0.00252965232357, 0.000673951406498, -0.0106965135783, 0.0247123073786]]
    },
    "melbands": {
        "max": [0.0172205194831, 0.0305447150022, 0.0204563438892, 0.0117970686406, 0.00443357322365, 0.0143346982077, 0.00675852224231, 0.0088030025363, 0.00205200817436, 0.00513742398471, 0.00823884084821, 0.00631789164618, 0.0092928763479, 0.00175509054679, 0.0019928496331, 0.00297397328541, 0.00512723997235, 0.00158560101409, 0.00463688047603, 0.00139903370291, 0.000335064221872, 0.000886139285285, 0.000792341073975, 0.000213298029848, 8.55503822095e-05, 5.06210162712e-05, 2.59467215074e-05, 2.69860574917e-05, 3.79791999876e-05, 1.44235364132e-05, 2.92420372716e-05, 3.69486988347e-05, 6.46803746349e-05, 3.62636383215e-05, 2.24873801926e-05, 2.39899363805e-05, 1.93157975446e-05, 1.40919155456e-05, 1.49346815306e-05, 7.23571110939e-06],
        "mean": [0.00181866053026, 0.00170326547232, 0.000786702439655, 0.000419397896621, 0.000220451896894, 0.000275270896964, 0.000204582422157, 0.000133045919938, 0.000157590475283, 0.000359880999895, 0.000471845676657, 0.000386417086702, 0.000314235017868, 0.000109421067464, 0.000132040790049, 0.000150712861796, 0.000140960357385, 8.82399690454e-05, 9.99782641884e-05, 6.13838783465e-05, 2.43473896262e-05, 2.90257685265e-05, 2.39292949118e-05, 1.46943893924e-05, 1.02684143712e-05, 5.85868974667e-06, 3.41704526363e-06, 3.15017973662e-06, 3.55478346137e-06, 2.25736289394e-06, 2.27332748182e-06, 1.8931377781e-06, 2.0433960799e-06, 2.26682391258e-06, 1.99727151085e-06, 1.94455196834e-06, 1.59093906404e-06, 1.06476613837e-06, 8.92094078608e-07, 6.8299391387e-07],
        "min": [8.10413341252e-15, 4.6625068342e-15, 1.62663021345e-15, 9.60882433937e-16, 8.58193876884e-16, 8.94312844062e-16, 1.34500446398e-15, 1.6323813554e-15, 1.36961130049e-15, 1.181963433e-15, 1.24713075983e-15, 1.12614247947e-15, 7.23262004842e-16, 6.71807347335e-16, 6.57552682805e-16, 6.27453208206e-16, 2.99114925774e-15, 3.30840904802e-15, 1.15426566739e-15, 1.80193299924e-15, 1.63041030973e-15, 1.17142337853e-15, 1.24326585438e-15, 2.15850740026e-15, 3.3391741317e-15, 1.86494420371e-15, 1.610897847e-15, 1.30108728797e-15, 4.52855683217e-16, 8.21443605462e-16, 9.17547804839e-16, 1.27719153562e-15, 1.07594466004e-15, 1.06787127138e-15, 1.40661647589e-15, 8.46804565996e-16, 9.04569354262e-16, 8.63094015423e-16, 7.38458887647e-16, 1.13033412789e-15],
        "stdev": [0.00283231120557, 0.00329937762581, 0.00193480798043, 0.00121082400437, 0.000479175796499, 0.000613551819697, 0.000374477385776, 0.000371581292711, 0.00019565000548, 0.000519646971952, 0.000849300995469, 0.000649457273539, 0.000800203939434, 0.000171088875504, 0.000203386545763, 0.000253227626672, 0.000322236475768, 0.000130590517074, 0.000253649719525, 0.000131500797579, 3.22257255903e-05, 6.90091546858e-05, 4.30137151852e-05, 1.51142039613e-05, 9.22401159187e-06, 5.25469431523e-06, 2.79544997284e-06, 3.0100834465e-06, 4.21867525802e-06, 2.20974789045e-06, 2.97435417451e-06, 2.37148265114e-06, 3.01262593894e-06, 3.54158783011e-06, 3.05769526676e-06, 2.81881921183e-06, 2.1252769784e-06, 1.5395197579e-06, 1.42322176089e-06, 9.16526744277e-07]
    },
    "melbands128": {
        "max": [0.00783995911479, 0.0183270294219, 0.0301741752774, 0.0398070476949, 0.0423180498183, 0.044142883271, 0.031319051981, 0.0277188476175, 0.0234879162163, 0.0169375166297, 0.0109774842858, 0.0073772710748, 0.00438410229981, 0.0110994111747, 0.0232245475054, 0.0119376918301, 0.0062758452259, 0.00602391827852, 0.010490433313, 0.0104362349957, 0.0155690871179, 0.00328391022049, 0.00233206222765, 0.00375471869484, 0.00722642149776, 0.00896323565394, 0.0122435726225, 0.0138759529218, 0.0128726726398, 0.0132164796814, 0.00675525888801, 0.00674932915717, 0.0189101975411, 0.00783655513078, 0.00291999895126, 0.00233286502771, 0.00217518256977, 0.00420636776835, 0.00401027547196, 0.00819694250822, 0.0063537536189, 0.00774146523327, 0.00868447031826, 0.0105831120163, 0.00188569619786, 0.00334472814575, 0.00297919008881, 0.00755725521594, 0.00540216220543, 0.00484294211492, 0.000963191036135, 0.000517252774443, 0.000330103357555, 0.000556639046408, 0.00128024071455, 0.00161069096066, 0.00188815954607, 0.00154478568584, 0.000261325243628, 0.000761549687013, 0.000191591039766, 0.000269420736004, 0.000108477812319, 0.000164431097801, 0.000144534889841, 5.9548747231e-05, 3.46801025444e-05, 3.63340950571e-05, 2.87301645585e-05, 6.64925028104e-05, 2.6439096473e-05, 3.16774458042e-05, 4.87260804221e-05, 4.51987507404e-05, 4.17838855356e-05, 2.341221807e-05, 1.69582708622e-05, 2.21928494284e-05, 5.46423070773e-05, 2.22296130232e-05, 2.48760079558e-05, 4.61681083834e-05, 7.08966617822e-05, 6.99736046954e-05, 6.01108040428e-05, 3.53485011146e-05, 4.89424564876e-05, 3.70398265659e-05, 2.27251985052e-05, 4.25773396273e-05, 3.32778254233e-05, 2.88695864583e-05, 2.30442237807e-05, 2.28554035857e-05, 1.6967756892e-05, 1.33020957946e-05, 1.22243118312e-05, 1.69107715919e-05, 2.19902158278e-05, 9.81679204415e-06, 7.12622022547e-06, 1.10783757918e-05, 1.91792005353e-05, 6.74346529195e-06, 6.61475223751e-06, 5.18090018886e-06, 7.06551372787e-06, 7.20634261597e-06, 6.54438372294e-06, 6.58034377921e-06, 7.96649601398e-06, 7.32449325369e-06, 6.39666541247e-06, 6.99272504789e-06, 3.66299741472e-06, 1.79855931037e-06, 4.98494046042e-08, 5.15624298814e-09, 4.84372142395e-09, 4.57475834992e-09, 4.36165548123e-09, 4.17064383029e-09, 4.02860989013e-09, 3.90026100305e-09, 3.78509490417e-09, 3.70518282722e-09, 3.64807095643e-09, 3.61485796851e-09],
        "mean": [0.0005800150102, 0.00147810718045, 0.00239786272869, 0.00237847701646, 0.00171877851244, 0.00121132249478, 0.000937484961469, 0.000649443943985, 0.000573995814193, 0.000447859143605, 0.000308382994263, 0.000208574958378, 0.000177038789843, 0.000255175487837, 0.000285047630314, 0.000298908969853, 0.000239203553065, 0.000189629558008, 0.000158216673299, 0.000149255196447, 0.000112506189907, 9.72830239334e-05, 0.000132855959237, 0.000244404072873, 0.000324593042023, 0.000361280312063, 0.00057271856349, 0.000469526828965, 0.000409505824791, 0.000448705803137, 0.000354803021764, 0.000297384365695, 0.000447556347353, 0.000198128662305, 0.00010120234947, 9.78816169663e-05, 9.88896063063e-05, 8.98420184967e-05, 0.000187167810509, 0.000205882228329, 9.67856030911e-05, 0.000151396074216, 0.000163273260114, 0.000138699426316, 7.15171918273e-05, 7.54149441491e-05, 0.000114973736345, 8.41147411847e-05, 9.68277890934e-05, 0.000122136611026, 4.37632588728e-05, 2.28056051128e-05, 2.36267096625e-05, 2.50671491813e-05, 2.5855111744e-05, 2.88316587103e-05, 3.31487353833e-05, 2.94276469504e-05, 2.00685535674e-05, 1.31405840875e-05, 1.39809671964e-05, 1.7920645405e-05, 1.00011329778e-05, 8.71361862664e-06, 8.92846401257e-06, 5.66354083276e-06, 4.40669282398e-06, 3.31503338202e-06, 2.94778192256e-06, 3.96586665374e-06, 2.96620032714e-06, 2.72689226222e-06, 3.65781465916e-06, 4.01580655307e-06, 3.16613886753e-06, 2.14149667954e-06, 1.9105048068e-06, 2.06355957744e-06, 2.62214075519e-06, 2.13111957237e-06, 1.81765960861e-06, 1.74273770881e-06, 2.06957247428e-06, 2.21723757932e-06, 1.85565079391e-06, 2.14306510316e-06, 2.66400479632e-06, 1.98752877623e-06, 1.86184900031e-06, 2.14197939385e-06, 1.86159024906e-06, 1.89152410712e-06, 2.03314903047e-06, 1.638915478e-06, 1.36418350394e-06, 1.08450888092e-06, 9.40974928199e-07, 1.09514360247e-06, 9.90022272163e-07, 7.35925709705e-07, 6.60161333599e-07, 7.10691267614e-07, 6.6382415298e-07, 5.62999787235e-07, 5.24399354163e-07, 4.53912576859e-07, 4.15651612684e-07, 3.86010214015e-07, 3.91205105643e-07, 3.94974250639e-07, 4.40502503807e-07, 3.08112561243e-07, 2.67481851779e-07, 1.90248400145e-07, 1.41527863207e-07, 6.99151030403e-08, 1.34386091144e-09, 1.01746579911e-11, 8.74410526625e-12, 8.38288900101e-12, 8.08443242906e-12, 7.84157547923e-12, 7.62501606993e-12, 7.42943467164e-12, 7.22362491004e-12, 7.01598371414e-12, 6.88517689043e-12, 6.82936216259e-12],
        "min": [1.42568757093e-14, 9.03004460892e-15, 5.9158754623e-15, 5.52522386703e-15, 5.4362066335e-15, 3.68506554142e-15, 1.59132810367e-15, 1.13853023045e-15, 1.43872738904e-15, 8.61840300782e-16, 6.36519107719e-16, 1.20426168122e-15, 9.59743386381e-16, 3.21555914923e-16, 1.02541766243e-15, 1.25839566276e-15, 6.75746897573e-16, 1.68518835395e-15, 1.85776729354e-15, 6.87413929388e-16, 2.17521491338e-15, 2.57905269406e-15, 5.3421923291e-16, 1.24841083838e-15, 9.30932090075e-16, 8.65445167127e-16, 2.56809568762e-15, 1.09426682972e-15, 3.9875995051e-16, 9.68625585624e-16, 1.76501612703e-15, 7.6516742466e-16, 4.63964732078e-16, 8.69052098114e-16, 5.98551967589e-16, 3.20898643826e-16, 1.31872071399e-15, 7.27752073556e-16, 3.24061385441e-16, 1.58331871894e-16, 4.28306259655e-16, 1.4929378153e-15, 3.20444485935e-15, 3.10182639427e-15, 4.86899144389e-15, 2.76240441044e-15, 2.76967830588e-15, 7.72848107668e-16, 6.67191705987e-16, 1.2165236478e-15, 1.73925203175e-15, 2.8585799194e-15, 1.69719515185e-15, 1.12165256958e-15, 1.33298093717e-15, 1.06712132959e-15, 1.13390405413e-15, 1.18849193945e-15, 7.39237522683e-16, 2.47599228955e-15, 2.53654921604e-15, 1.42784079221e-15, 3.24585206498e-15, 4.05467260312e-15, 3.09637065506e-15, 2.32446550682e-15, 6.39521998336e-16, 6.93156389254e-16, 2.02899288625e-15, 2.6875830256e-15, 1.62317802479e-15, 3.67889808278e-16, 3.05640112904e-16, 4.52722328467e-16, 6.49751032905e-16, 7.52093206422e-16, 1.05020502284e-15, 7.34879908747e-16, 7.01018972587e-16, 1.26458196789e-15, 1.32786972861e-15, 1.3112077435e-15, 1.28378124019e-15, 8.64889672332e-16, 9.83561317583e-16, 1.33341768853e-15, 8.3031918726e-16, 1.25154136627e-15, 1.14642203642e-15, 2.0886926154e-15, 1.02754265634e-15, 3.27089501758e-16, 6.93402346446e-16, 7.93098283157e-16, 1.38383954818e-15, 6.88121307778e-16, 6.0238553283e-16, 1.24662868106e-15, 7.64900397524e-16, 3.60645373708e-16, 9.39556050149e-16, 1.45476945191e-15, 1.12642094155e-15, 1.01468374328e-15, 5.18743146871e-16, 8.86549098887e-16, 1.1433879644e-15, 4.20508130236e-16, 6.72031811066e-16, 2.33186026327e-16, 5.98358473501e-16, 1.53139173468e-15, 5.73610129545e-16, 4.94860894104e-16, 6.73240209444e-16, 5.80923147314e-16, 2.28140356939e-16, 5.8652145276e-16, 5.6789525119e-16, 9.21214081072e-16, 5.53905019758e-16, 4.05048084883e-16, 9.254766685e-16, 8.76733416396e-16, 7.04110378147e-16, 2.02416614841e-16, 6.20133996509e-17, 5.13111218187e-18],
        "stdev": [0.000988430576399, 0.00253100367263, 0.00423528393731, 0.00437683612108, 0.00413430528715, 0.00333064887673, 0.00268878554925, 0.00197414890863, 0.00187042972539, 0.00151440512855, 0.0010038894834, 0.000629141693935, 0.000406999199186, 0.000569585943595, 0.000860155676492, 0.000739266979508, 0.00055464025354, 0.000405592087191, 0.000447033409728, 0.000484303454868, 0.000499797402881, 0.000187871031812, 0.000215273539652, 0.000374427298084, 0.000526905583683, 0.000694062619004, 0.00119760434609, 0.00114108785056, 0.00098436162807, 0.000984445912763, 0.000725270889234, 0.00069187633926, 0.00157377810683, 0.000565690919757, 0.000207032702747, 0.000188474412425, 0.000202396826353, 0.000211154372664, 0.000389031105442, 0.000531315628905, 0.000279331812635, 0.000411625922425, 0.000451746338513, 0.000529502518475, 0.000128562474856, 0.000151263258886, 0.000296384154353, 0.000358498975402, 0.000332662253641, 0.000391719018808, 8.57319755596e-05, 3.58032302756e-05, 3.32242270815e-05, 4.29331958003e-05, 6.78470096318e-05, 9.79534452199e-05, 0.000131839391543, 7.00169039192e-05, 2.74017347692e-05, 3.09601527988e-05, 1.66131776496e-05, 2.19170069613e-05, 1.13195501399e-05, 1.15908933367e-05, 1.2973653611e-05, 5.95729443376e-06, 4.6401551117e-06, 3.45053740602e-06, 2.96500934382e-06, 4.77863522974e-06, 3.12660449708e-06, 3.40063934345e-06, 5.2813752518e-06, 5.51037192054e-06, 4.13310817748e-06, 2.47577236223e-06, 2.20335277845e-06, 2.74286230706e-06, 4.76789227832e-06, 2.61536524704e-06, 2.29071315516e-06, 2.62729645328e-06, 3.34696687787e-06, 3.46534056916e-06, 3.01494787891e-06, 3.54307712769e-06, 4.65132325189e-06, 3.49958622792e-06, 2.95782342619e-06, 4.06617664339e-06, 3.07793629872e-06, 3.16753698826e-06, 2.76393893728e-06, 2.51289679909e-06, 2.05783840102e-06, 1.52878624249e-06, 1.4136618347e-06, 1.99645501198e-06, 1.86565671356e-06, 1.07059793208e-06, 9.03485499748e-07, 1.0900032521e-06, 1.08483448003e-06, 7.90112380855e-07, 7.86757368587e-07, 6.3954757934e-07, 6.26550161087e-07, 6.06237961165e-07, 6.22476591161e-07, 7.05595027739e-07, 9.42698250128e-07, 6.30995657502e-07, 4.89136084525e-07, 3.54848594952e-07, 2.50755988418e-07, 1.36452513289e-07, 3.43158124139e-09, 1.42864942099e-10, 1.33954680681e-10, 1.26526650268e-10, 1.20640941681e-10, 1.15365487996e-10, 1.11441786355e-10, 1.07897309143e-10, 1.04718379801e-10, 1.02513511568e-10, 1.0093726549e-10, 1.00019749427e-10]
    },
    "mfcc": {
        "mean": [-630.442871094, 100.485290527, -29.4500808716, -11.8434648514, -4.92881679535, 3.09418511391, -1.80666601658, 8.72734642029, 1.39437937737, 5.69326734543, 1.66855275631, -0.273765981197, -4.18735599518],
        "cov": [[2902.2175293, 404.010375977, 1242.26208496, 542.64630127, 539.591064453, 363.635070801, 174.108963013, 25.5811920166, -77.4196243286, 73.7213363647, 55.762512207, 50.3622016907, 104.313049316], [404.010375977, 697.356628418, 851.143127441, 488.635986328, 431.720275879, 269.191802979, 184.113311768, 49.7774543762, -24.8869304657, 69.590461731, 46.345375061, 46.5164833069, 108.178695679], [1242.26208496, 851.143127441, 3022.01367188, 1543.77856445, 1256.79077148, 811.126831055, 427.41217041, 9.77166843414, -148.550643921, 58.927646637, 93.0714263916, 163.712173462, 314.07510376], [542.64630127, 488.635986328, 1543.77856445, 963.124023438, 685.466186523, 451.890808105, 229.272918701, 9.74304771423, -49.3986816406, 35.3960075378, 46.0614318848, 86.8963012695, 170.404708862], [539.591064453, 431.720275879, 1256.79077148, 685.466186523, 656.615234375, 394.467407227, 176.99156189, 26.4439659119, -49.5736083984, 52.5826530457, 56.1103134155, 69.1078720093, 149.463150024], [363.635070801, 269.191802979, 811.126831055, 451.890808105, 394.467407227, 352.292327881, 203.443161011, 36.4444541931, -37.876789093, 35.0552024841, 46.8865432739, 51.080329895, 96.8501205444], [174.108963013, 184.113311768, 427.41217041, 229.272918701, 176.99156189, 203.443161011, 218.874801636, 63.9294471741, 1.04946041107, 27.8051929474, 28.2299423218, 35.2917518616, 49.4076118469], [25.5811920166, 49.7774543762, 9.77166843414, 9.74304771423, 26.4439659119, 36.4444541931, 63.9294471741, 97.2274703979, 52.3903007507, 44.3045196533, 11.4204235077, -0.444086253643, -3.25982952118], [-77.4196243286, -24.8869304657, -148.550643921, -49.3986816406, -49.5736083984, -37.876789093, 1.04946041107, 52.3903007507, 107.598396301, 46.4829063416, -2.09536099434, -12.1058101654, -23.0985813141], [73.7213363647, 69.590461731, 58.927646637, 35.3960075378, 52.5826530457, 35.0552024841, 27.8051929474, 44.3045196533, 46.4829063416, 91.4386291504, 25.8262081146, 4.40408611298, 1.74556016922], [55.762512207, 46.345375061, 93.0714263916, 46.0614318848, 56.1103134155, 46.8865432739, 28.2299423218, 11.4204235077, -2.09536099434, 25.8262081146, 60.363483429, 32.968372345, 24.2697525024], [50.3622016907, 46.5164833069, 163.712173462, 86.8963012695, 69.1078720093, 51.080329895, 35.2917518616, -0.444086253643, -12.1058101654, 4.40408611298, 32.968372345, 68.0752944946, 42.5322875977], [104.313049316, 108.178695679, 314.07510376, 170.404708862, 149.463150024, 96.8501205444, 49.4076118469, -3.25982952118, -23.0985813141, 1.74556016922, 24.2697525024, 42.5322875977, 93.0384521484]],
        "icov": [[0.000441921554739, -6.37274133624e-05, -0.000270424439805, 0.000266286311671, 3.38137624567e-06, -0.000233243190451, 0.000172162181116, -7.25045611034e-05, 0.000152602049639, -0.000242915717536, -2.48772703344e-05, 5.77542887186e-05, 0.000169724822626], [-6.37274133624e-05, 0.00292282644659, 0.000330835318891, -0.000845841830596, -0.00182286393829, 0.00180423271377, -0.00205424427986, -0.000196596956812, 0.00121594662778, -0.00157889141701, -0.000153853732627, 0.000742177595384, -0.00072804564843], [-0.000270424439805, 0.000330835318891, 0.00314232194796, -0.0027441708371, -0.00310315028764, 0.0011461606482, -0.00200507184491, 0.00081788393436, 0.00162829272449, -0.000428734259913, 0.00069662759779, -0.000592498865444, -0.000276232342003], [0.000266286311671, -0.000845841830596, -0.0027441708371, 0.00742088258266, -0.00121504429262, -0.00268979812972, 0.000931110058445, 0.00167396315373, -0.0034169498831, 0.00137841468677, 0.00130398152396, -0.000983112840913, -9.19432786759e-05], [3.38137624567e-06, -0.00182286393829, -0.00310315028764, -0.00121504429262, 0.0138382017612, -0.00833438057452, 0.00712299440056, -0.00326314219274, -0.000394291389966, -0.00101406266913, -0.000965313694905, 0.00104934978299, -0.00294190086424], [-0.000233243190451, 0.00180423271377, 0.0011461606482, -0.00268979812972, -0.00833438057452, 0.0196208804846, -0.0122931236401, 0.0012814522488, 0.00403207540512, -0.00178488064557, -0.00305721769109, 0.00235266820528, -0.000485194963403], [0.000172162181116, -0.00205424427986, -0.00200507184491, 0.000931110058445, 0.00712299440056, -0.0122931236401, 0.0171642154455, -0.00788119621575, -0.00131433818024, 0.00216320995241, 0.000744023360312, -0.0027213038411, -9.5378869446e-05], [-7.25045611034e-05, -0.000196596956812, 0.00081788393436, 0.00167396315373, -0.00326314219274, 0.0012814522488, -0.00788119621575, 0.0217279773206, -0.00781238870695, -0.00370029686019, -0.000393528054701, 0.00101149699185, 0.00110779376701], [0.000152602049639, 0.00121594662778, 0.00162829272449, -0.0034169498831, -0.000394291389966, 0.00403207540512, -0.00131433818024, -0.00781238870695, 0.0191310923547, -0.00832442939281, 0.00240468210541, 0.000120539407362, 0.000260543252807], [-0.000242915717536, -0.00157889141701, -0.000428734259913, 0.00137841468677, -0.00101406266913, -0.00178488064557, 0.00216320995241, -0.00370029686019, -0.00832442939281, 0.0207829866558, -0.00770442001522, 0.0012805381557, 0.00220723077655], [-2.48772703344e-05, -0.000153853732627, 0.00069662759779, 0.00130398152396, -0.000965313694905, -0.00305721769109, 0.000744023360312, -0.000393528054701, 0.00240468210541, -0.00770442001522, 0.0282312370837, -0.0123301697895, -0.00119491782971], [5.77542887186e-05, 0.000742177595384, -0.000592498865444, -0.000983112840913, 0.00104934978299, 0.00235266820528, -0.0027213038411, 0.00101149699185, 0.000120539407362, 0.0012805381557, -0.0123301697895, 0.0268293172121, -0.00882381480187], [0.000169724822626, -0.00072804564843, -0.000276232342003, -9.19432786759e-05, -0.00294190086424, -0.000485194963403, -9.5378869446e-05, 0.00110779376701, 0.000260543252807, 0.00220723077655, -0.00119491782971, -0.00882381480187, 0.0221947282553]]
    },
    "spectral_contrast_coeffs": {
        "max": [-0.464454263449, -0.503978490829, -0.46594452858, -0.550396859646, -0.648137450218, -0.682988226414],
        "mean": [-0.748956024647, -0.746226072311, -0.752848446369, -0.786435961723, -0.792735159397, -0.774454653263],
        "min": [-0.905312538147, -0.94802904129, -0.946150839329, -0.947799384594, -0.933782041073, -0.928344845772],
        "stdev": [0.0708171650767, 0.069694519043, 0.0785799100995, 0.0621258839965, 0.0369482971728, 0.0297912321985]
    },
    "spectral_contrast_valleys": {
        "max": [-4.90694999695, -5.00589752197, -4.77171564102, -5.72957372665, -6.07652521133, -8.23741054535],
        "mean": [-7.56461000443, -6.73833560944, -6.749771595, -6.96850395203, -7.39621305466, -9.96106433868],
        "min": [-18.0883350372, -18.9375095367, -18.9980716705, -18.330947876, -18.0589561462, -19.5037002563],
        "stdev": [1.84524607658, 0.698584198952, 0.767968177795, 0.643487334251, 0.560782253742, 0.807137966156]
    }
},
"rhythm": {
    "beats_count": 63,
    "beats_loudness": {
        "max": 0.156537562609,
        "mean": 0.0532237142324,
        "min": 0.00195409916341,
        "stdev": 0.0299797113985
    },
    "bpm": 129.988006592,
    "bpm_histogram_first_peak_bpm": 129,
    "bpm_histogram_first_peak_weight": 0.238095223904,
    "bpm_histogram_second_peak_bpm": 120,
    "bpm_histogram_second_peak_spread": 0.5,
    "bpm_histogram_second_peak_weight": 0.112903222442,
    "danceability": 1.28384113312,
    "onset_rate": 2.8974339962,
    "beats_loudness_band_ratio": {
        "max": [0.950982570648, 0.370881438255, 0.578864216805, 0.680487275124, 0.638430118561, 0.0985013991594],
        "mean": [0.482457071543, 0.0666614472866, 0.152570232749, 0.220360547304, 0.0924774482846, 0.02208859846],
        "min": [3.16888545058e-05, 0.000393550959416, 0.0144167141989, 0.0108082648367, 0.00319525250234, 0.00211250619031],
        "stdev": [0.332396119833, 0.0792595893145, 0.144924655557, 0.186562776566, 0.108601219952, 0.0172479376197]
    },
    "beats_position": [0.394739210606, 0.801088392735, 1.20743763447, 1.67183673382, 2.13623571396, 2.60063481331, 3.05342388153, 3.51782298088, 3.97061228752, 4.43501138687, 4.8994102478, 5.36380958557, 5.8282084465, 6.29260778427, 6.7570066452, 7.20979595184, 7.66258478165, 8.12698364258, 8.59138298035, 9.05578231812, 9.52018165588, 9.98458003998, 10.4373693466, 10.9017686844, 11.354557991, 11.8189563751, 12.2833557129, 12.7361450195, 13.1889343262, 13.6533327103, 14.117732048, 14.5821313858, 15.0465307236, 15.5109291077, 15.9637184143, 16.4165077209, 16.8809070587, 17.3453063965, 17.8097057343, 18.2741031647, 18.7385025024, 19.2029018402, 19.667301178, 20.1317005157, 20.5960998535, 21.1417675018, 21.6874370575, 22.2447166443, 22.7555541992, 23.2780036926, 23.7772331238, 24.2764625549, 24.764081955, 25.2749195099, 25.774148941, 26.2733783722, 26.7609977722, 27.2486171722, 27.7362346649, 28.2238540649, 28.7230834961, 29.2223129272, 29.7215423584],
