{
"metadata": {
    "version": {
        "essentia": "2.1-beta5",
        "essentia_git_sha": "Undefined",
        "extractor": "music 2.0"
    },
    "audio_properties": {
        "analysis": {
            "equal_loudness": 0,
            "length": 12.7477550507,
            "sample_rate": 44100,
            "start_time": 0,
            "downmix": "mix"
        },
        "bit_rate": 192000,
        "length": 186.456985474,
        "lossless": 0,
        "number_channels": 2,
        "replay_gain": 10.2735309601,
        "sample_rate": 48000,
        "codec": "mp3",
        "md5_encoded": "fb3efb3f3f356211a032c716be012f8f"
    },
    "tags": {
        "file_name": "Belarus_My Galileo_Aleksandra _ Konstantin.mp3",
        "encoding": ["Lavf58.29.100"]
    }
},
"lowlevel": {
    "average_loudness": 0.865381598473,
    "barkbands_crest": {
        "max": 24.3834075928,
        "mean": 9.42221927643,
        "min": 3.14037489891,
        "stdev": 3.93703579903
    },
    "barkbands_flatness_db": {
        "max": 0.323169618845,
        "mean": 0.179144173861,
        "min": 0.062596693635,
        "stdev": 0.0576104447246
    },
    "barkbands_kurtosis": {
        "max": 93.9912033081,
        "mean": 3.96277928352,
        "min": -1.73733770847,
        "stdev": 6.94498491287
    },
    "barkbands_skewness": {
        "max": 7.99181413651,
        "mean": 1.6308516264,
        "min": -1.84612250328,
        "stdev": 1.01377904415
    },
    "barkbands_spread": {
        "max": 109.42212677,
        "mean": 17.2748088837,
        "min": 1.63086855412,
        "stdev": 15.5352249146
    },
    "dissonance": {
        "max": 0.499997586012,
        "mean": 0.478154361248,
        "min": 0.385565459728,
        "stdev": 0.0187834948301
    },
    "dynamic_complexity": 3.60001993179,
    "erbbands_crest": {
        "max": 26.2693042755,
        "mean": 9.59289550781,
        "min": 2.9351875782,
        "stdev": 4.3874835968
    },
    "erbbands_flatness_db": {
        "max": 0.39822781086,
        "mean": 0.22533416748,
        "min": 0.0666179731488,
        "stdev": 0.0833092331886
    },
    "erbbands_kurtosis": {
        "max": 13.4296092987,
        "mean": 0.878310978413,
        "min": -1.75228464603,
        "stdev": 2.08467459679
    },
    "erbbands_skewness": {
        "max": 3.3310148716,
        "mean": 0.858932554722,
        "min": -1.06108725071,
        "stdev": 0.713144600391
    },
    "erbbands_spread": {
        "max": 127.183616638,
        "mean": 31.8074932098,
        "min": 4.06113386154,
        "stdev": 23.7037734985
    },
    "hfc": {
        "max": 175.53036499,
        "mean": 21.4004039764,
        "min": 1.1801604175e-16,
        "stdev": 19.9743251801
    },
    "loudness_ebu128": {
        "integrated": -34.4048500061,
        "loudness_range": 4.81941604614,
        "momentary": {
            "max": -28.6098880768,
            "mean": -35.7641105652,
            "min": -53.9897003174,
            "stdev": 3.79933381081
        },
        "short_term": {
            "max": -32.4926643372,
            "mean": -35.068447113,
            "min": -37.817779541,
            "stdev": 1.70549619198
        }
    },
    "melbands_crest": {
        "max": 38.0138397217,
        "mean": 12.4249858856,
        "min": 1.94331383705,
        "stdev": 4.93588161469
    },
    "melbands_flatness_db": {
        "max": 0.417501300573,
        "mean": 0.188763022423,
        "min": 0.00390745326877,
        "stdev": 0.0566209852695
    },
    "melbands_kurtosis": {
        "max": 180.809356689,
        "mean": 11.7523565292,
        "min": -1.30960571766,
        "stdev": 16.3040122986
    },
    "melbands_skewness": {
        "max": 10.442237854,
        "mean": 2.4962105751,
        "min": -0.0952123329043,
        "stdev": 1.39079892635
    },
    "melbands_spread": {
        "max": 138.923324585,
        "mean": 18.6292190552,
        "min": 1.11913526058,
        "stdev": 16.3705615997
    },
    "pitch_salience": {
        "max": 0.85438066721,
        "mean": 0.670218646526,
        "min": 0.0545394606888,
        "stdev": 0.103772729635
    },
    "silence_rate_20dB": {
        "max": 1,
        "mean": 1,
        "min": 1,
        "stdev": 0
    },
    "silence_rate_30dB": {
        "max": 1,
        "mean": 0.983636379242,
        "min": 0,
        "stdev": 0.126869514585
    },
    "silence_rate_60dB": {
        "max": 1,
        "mean": 0.0781818181276,
        "min": 0,
        "stdev": 0.268455445766
    },
    "spectral_centroid": {
        "max": 11043.0703125,
        "mean": 1351.02954102,
        "min": 260.987213135,
        "stdev": 617.823547363
    },
    "spectral_complexity": {
        "max": 52,
        "mean": 20.1636371613,
        "min": 0,
        "stdev": 8.56475543976
    },
    "spectral_decrease": {
        "max": 4.14588158877e-31,
        "mean": -5.96137050834e-09,
        "min": -8.06805999787e-08,
        "stdev": 7.21510495794e-09
    },
    "spectral_energy": {
        "max": 0.314697653055,
        "mean": 0.0244406834245,
        "min": 1.07028487484e-20,
        "stdev": 0.0284326914698
    },
    "spectral_energyband_high": {
        "max": 0.0193093270063,
        "mean": 0.000812155310996,
        "min": 7.54481130232e-21,
        "stdev": 0.00189520523418
    },
    "spectral_energyband_low": {
        "max": 0.202800765634,
        "mean": 0.00600250856951,
        "min": 6.68340755605e-23,
        "stdev": 0.0183234140277
    },
    "spectral_energyband_middle_high": {
        "max": 0.052868142724,
        "mean": 0.00717228045687,
        "min": 1.39106434508e-21,
        "stdev": 0.00649959547445
    },
    "spectral_energyband_middle_low": {
        "max": 0.203806206584,
        "mean": 0.0118825510144,
        "min": 3.57965161629e-22,
        "stdev": 0.0158812552691
    },
    "spectral_entropy": {
        "max": 9.81658840179,
        "mean": 7.67254686356,
        "min": 6.81456518173,
        "stdev": 0.357857137918
    },
    "spectral_flux": {
        "max": 0.404228210449,
        "mean": 0.0759876295924,
        "min": 1.03454571299e-10,
        "stdev": 0.0476715601981
    },
    "spectral_kurtosis": {
        "max": 17.1966552734,
        "mean": 4.76226758957,
        "min": -1.1812183857,
        "stdev": 3.59499454498
    },
    "spectral_rms": {
        "max": 0.0175220463425,
        "mean": 0.00436447374523,
        "min": 3.23137805576e-12,
        "stdev": 0.00218996172771
    },
    "spectral_rolloff": {
        "max": 19056.8847656,
        "mean": 1733.14916992,
        "min": 21.533203125,
        "stdev": 1825.77856445
    },
    "spectral_skewness": {
        "max": 2.93266153336,
        "mean": 1.60962879658,
        "min": -0.021076457575,
        "stdev": 0.476012080908
    },
    "spectral_spread": {
        "max": 40574456,
        "mean": 4221946,
        "min": 2013075.75,
        "stdev": 2427230.5
    },
    "spectral_strongpeak": {
        "max": 5.66263151169,
        "mean": 1.05510532856,
        "min": 0,
        "stdev": 1.00414800644
    },
    "zerocrossingrate": {
        "max": 0.60888671875,
        "mean": 0.0682901293039,
        "min": 0.0126953125,
        "stdev": 0.0479294620454
    },
    "barkbands": {
        "max": [0.00369879649952, 0.131467863917, 0.159563466907, 0.143661469221, 0.0707166641951, 0.0312580615282, 0.0113161187619, 0.0202202312648, 0.050437413156, 0.0721911415458, 0.013482212089, 0.00479818880558, 0.00420013954863, 0.00377875799313, 0.00243976293132, 0.00368011603132, 0.00246696034446, 0.00287074386142, 0.00383969559334, 0.00416339654475, 0.00380526855588, 0.00311304163188, 0.0097962860018, 0.00405198289081, 0.00303605943918, 2.98071336147e-06, 2.00448607757e-06],
        "mean": [0.000154939974891, 0.00369768845849, 0.00159576791339, 0.00117320846766, 0.00167476455681, 0.00106461066753, 0.000504078809172, 0.00108315655962, 0.00455537298694, 0.00394076202065, 0.00104565767106, 0.000471260282211, 0.000520001573022, 0.000570039614104, 0.000429111591075, 0.000355961819878, 0.000282592052827, 0.000255991559243, 0.000200920301722, 0.000102195044747, 0.000113917019917, 0.000132099463372, 0.000284606270725, 0.000160224357387, 7.16722788638e-05, 8.92366998073e-08, 6.37488462019e-09],
        "min": [1.1706358201e-23, 2.6280727508e-23, 2.70208462756e-23, 8.58620821703e-24, 5.50006571112e-23, 5.78447467992e-23, 8.30367547501e-23, 7.99330162284e-23, 6.30276134336e-23, 2.80164865568e-23, 1.06526287272e-22, 1.48798377065e-22, 5.84998547602e-23, 8.76313204758e-23, 1.3585544153e-22, 1.31802387795e-22, 8.41981851946e-23, 2.04526540636e-22, 2.44397565026e-22, 4.6217070847e-22, 4.56959682657e-22, 5.31206614724e-22, 6.90431965908e-22, 9.15412874645e-22, 1.19209075413e-21, 1.65827740832e-21, 2.17012853187e-21],
        "stdev": [0.000310308882035, 0.0119814537466, 0.00781578011811, 0.00657043186948, 0.00494050420821, 0.00229280046187, 0.000778021872975, 0.00278410501778, 0.0080255009234, 0.00608517881483, 0.00145375775173, 0.000664836145006, 0.000614650314674, 0.000628937152214, 0.000380706449505, 0.000377358082915, 0.000286060909275, 0.000289154733764, 0.000371331203496, 0.000216627886402, 0.000270461809123, 0.000290371564915, 0.000814248865936, 0.000400048709707, 0.000220193222049, 3.15314821364e-07, 8.5289848073e-08]
    },
    "erbbands": {
        "max": [4.30543088913, 31.6146640778, 145.362625122, 374.149993896, 249.602157593, 269.858398438, 206.40953064, 288.460021973, 167.288650513, 206.524429321, 560.190063477, 1107.05090332, 2985.25805664, 639.34197998, 241.542785645, 242.625167847, 151.844009399, 222.477096558, 114.147918701, 156.042129517, 216.227996826, 122.715888977, 117.851112366, 267.551513672, 130.937088013, 180.646911621, 192.672348022, 155.192214966, 116.973503113, 140.764068604, 351.312103271, 115.952003479, 65.0264053345, 40.2110595703, 18.0592632294, 1.06839740276, 0.0290224831551, 0.00216954876669, 0.000382779515348, 0.000366529420717],
        "mean": [0.0953934416175, 0.831484377384, 1.82836544514, 3.18532156944, 4.20692491531, 6.01809549332, 5.58448648453, 12.0860099792, 8.6147403717, 11.5112018585, 30.272567749, 95.6899261475, 160.010818481, 73.7063980103, 31.285451889, 21.775352478, 22.6884174347, 30.8495445251, 23.8914051056, 22.079076767, 19.0978603363, 15.6447048187, 14.218290329, 13.9503479004, 7.0190372467, 4.77493238449, 4.37507820129, 4.59527111053, 4.46164321899, 6.26993942261, 8.95887756348, 4.50635528564, 2.14173126221, 0.958656013012, 0.426374137402, 0.0295632835478, 0.000802056514658, 6.53387760394e-05, 2.33000700973e-05, 3.16140067298e-05],
        "min": [6.39220075196e-22, 6.51614597154e-21, 2.99799722299e-20, 3.63779428493e-20, 5.94875661688e-20, 1.40225815864e-19, 6.96756357035e-19, 2.87257053423e-19, 6.87126992428e-19, 1.8971637571e-18, 1.55081041333e-18, 1.668735763e-18, 1.04390265682e-18, 2.38982115621e-18, 4.3964529616e-18, 6.73761025519e-18, 3.04982629222e-18, 4.12113333934e-18, 4.53620264455e-18, 8.0527058336e-18, 7.46076215237e-18, 5.21459166288e-18, 8.84314142898e-18, 1.43836550745e-17, 1.2021510968e-17, 2.03476967742e-17, 1.8715313738e-17, 2.16562237113e-17, 1.97033925602e-17, 1.96280546043e-17, 1.9381862493e-17, 1.83447930718e-17, 1.63087756752e-17, 1.40130351467e-17, 7.6254505036e-18, 6.58506822407e-18, 3.31785286981e-18, 1.07571219747e-18, 2.92596607675e-19, 3.1009043073e-20],
        "stdev": [0.363524496555, 2.67800664902, 7.28147983551, 18.0105609894, 15.5885305405, 17.5893211365, 12.5954151154, 25.3285255432, 13.3439388275, 24.8434619904, 61.6711235046, 162.080551147, 283.462646484, 80.1470565796, 36.8366317749, 30.8695278168, 24.8959255219, 35.65650177, 19.830121994, 22.987455368, 19.9354419708, 14.7944326401, 14.4379920959, 26.7593231201, 9.09593486786, 9.71959114075, 11.08273983, 11.2526025772, 10.5000762939, 15.3502626419, 27.1707286835, 11.2772169113, 5.8089723587, 2.84820771217, 1.35404729843, 0.0943959876895, 0.00245389458723, 0.000186941353604, 3.66177519027e-05, 3.48321918864e-05]
    },
    "gfcc": {
        "mean": [-51.7011680603, 79.6904525757, -180.010162354, 11.5325498581, -87.3389816284, 21.331861496, -38.9919166565, 12.9935436249, -12.3563938141, -15.5896892548, -9.22240543365, -15.1927061081, 2.9355032444],
        "cov": [[11465.1894531, 1503.83312988, 1198.18237305, 1829.04699707, -596.084228516, 592.196472168, -292.582824707, -64.3758392334, 49.3726196289, -134.994934082, 244.665817261, 63.9620895386, 136.546203613], [1503.83312988, 1269.92602539, 1282.40588379, 1051.01599121, 268.831268311, 177.558731079, 19.3979377747, -105.277999878, 46.9063911438, -0.147773146629, 192.094650269, 62.0924682617, 91.1856918335], [1198.18237305, 1282.40588379, 3832.88378906, 2499.09619141, 476.99710083, 795.897827148, -189.667510986, -102.2396698, -26.4006309509, 301.846221924, 249.885955811, 359.183532715, 11.9592685699], [1829.04699707, 1051.01599121, 2499.09619141, 1893.02770996, 342.827331543, 538.920898438, -143.34034729, -114.946403503, -11.5317249298, 191.53175354, 185.653121948, 218.382141113, 20.8992710114], [-596.084228516, 268.831268311, 476.99710083, 342.827331543, 282.024108887, 74.3962173462, 20.5637969971, -28.8729362488, 6.24544763565, 67.3313674927, 31.550037384, 22.7490386963, 3.44339847565], [592.196472168, 177.558731079, 795.897827148, 538.920898438, 74.3962173462, 290.059417725, -83.0827331543, -11.7557353973, 8.1357717514, 78.3073272705, 46.0249710083, 87.2606430054, -5.53969526291], [-292.582824707, 19.3979377747, -189.667510986, -143.34034729, 20.5637969971, -83.0827331543, 180.635391235, 48.7944831848, 8.16903972626, -18.2214202881, -17.8238105774, -45.0786705017, 18.3796386719], [-64.3758392334, -105.277999878, -102.2396698, -114.946403503, -28.8729362488, -11.7557353973, 48.7944831848, 86.9140167236, 0.298787593842, 0.0610168278217, -15.151260376, -3.75097799301, -3.71747136116], [49.3726196289, 46.9063911438, -26.4006309509, -11.5317249298, 6.24544763565, 8.1357717514, 8.16903972626, 0.298787593842, 68.1358795166, -3.07516121864, 17.437625885, -11.8495597839, 5.5093755722], [-134.994934082, -0.147773146629, 301.846221924, 191.53175354, 67.3313674927, 78.3073272705, -18.2214202881, 0.0610168278217, -3.07516121864, 98.1577682495, 5.19580793381, 33.8082351685, -17.2512969971], [244.665817261, 192.094650269, 249.885955811, 185.653121948, 31.550037384, 46.0249710083, -17.8238105774, -15.151260376, 17.437625885, 5.19580793381, 78.3033752441, 33.9701080322, 21.2395858765], [63.9620895386, 62.0924682617, 359.183532715, 218.382141113, 22.7490386963, 87.2606430054, -45.0786705017, -3.75097799301, -11.8495597839, 33.8082351685, 33.9701080322, 77.7750167847, 8.51558685303], [136.546203613, 91.1856918335, 11.9592685699, 20.8992710114, 3.44339847565, -5.53969526291, 18.3796386719, -3.71747136116, 5.5093755722, -17.2512969971, 21.2395858765, 8.51558685303, 48.2662391663]],
        "icov": [[0.000509270874318, -0.000681118457578, 0.00107918388676, -0.00175542954821, 0.00208473042585, -0.00106087536551, 0.0005287565873, -0.00120620941743, 0.000275884434814, -0.000111080866191, 0.000127420687932, 0.000991314416751, -0.000528152042534], [-0.000681118457578, 0.00455756764859, -0.00177459325641, 0.000288507697405, -0.00392575142905, 0.00278990948573, -0.00144155463204, 0.00245737074874, -0.00133179675322, 0.00323272659443, -0.00419486500323, 0.00207773083821, -0.00224326085299], [0.00107918388676, -0.00177459325641, 0.00497646024451, -0.00628438498825, 0.00401283334941, -0.00347738713026, 0.000414262496633, -0.00316364364699, 0.000830703123938, -0.000765945122112, 0.000415997783421, -0.00176482577808, 0.000460566167021], [-0.00175542954821, 0.000288507697405, -0.00628438498825, 0.0119695896283, -0.00697339465842, 0.00139449059498, -0.00129825796466, 0.00604438455775, 0.000558552623261, -0.00163874321152, -0.000127467545099, -0.00275813182816, 0.00230607809499], [0.00208473042585, -0.00392575142905, 0.00401283334941, -0.00697339465842, 0.014531198889, -0.00402995105833, 0.000961978919804, -0.00360865052789, 0.00106180552393, -0.00445228628814, 0.00131193851121, 0.00483742263168, -0.00174272479489], [-0.00106087536551, 0.00278990948573, -0.00347738713026, 0.00139449059498, -0.00402995105833, 0.0132633242756, 0.0015653836308, -6.98902877048e-05, -0.00433665979654, -0.00023332046112, 0.000705978600308, -0.00285519543104, -0.000198720168555], [0.0005287565873, -0.00144155463204, 0.000414262496633, -0.00129825796466, 0.000961978919804, 0.0015653836308, 0.0109605779871, -0.00780579308048, 3.25945475197e-05, -0.00124746875372, 0.00198627449572, 0.00666617089882, -0.00547662749887], [-0.00120620941743, 0.00245737074874, -0.00316364364699, 0.00604438455775, -0.00360865052789, -6.98902877048e-05, -0.00780579308048, 0.0207642130554, -0.000864684290718, -6.85991108185e-05, -0.000945210573263, -0.00576675124466, 0.00326518830843], [0.000275884434814, -0.00133179675322, 0.000830703123938, 0.000558552623261, 0.00106180552393, -0.00433665979654, 3.25945475197e-05, -0.000864684290718, 0.018964715302, -0.00195601116866, -0.00639213295653, 0.00655810534954, -0.000572635210119], [-0.000111080866191, 0.00323272659443, -0.000765945122112, -0.00163874321152, -0.00445228628814, -0.00023332046112, -0.00124746875372, -6.85991108185e-05, -0.00195601116866, 0.0202612914145, -0.000355079391738, -0.00290144304745, 0.00400007562712], [0.000127420687932, -0.00419486500323, 0.000415997783421, -0.000127467545099, 0.00131193851121, 0.000705978600308, 0.00198627449572, -0.000945210573263, -0.00639213295653, -0.000355079391738, 0.0280873700976, -0.011135218665, -0.00311761908233], [0.000991314416751, 0.00207773083821, -0.00176482577808, -0.00275813182816, 0.00483742263168, -0.00285519543104, 0.00666617089882, -0.00576675124466, 0.00655810534954, -0.00290144304745, -0.011135218665, 0.040169917047, -0.0127263255417], [-0.000528152042534, -0.00224326085299, 0.000460566167021, 0.00230607809499, -0.00174272479489, -0.000198720168555, -0.00547662749887, 0.00326518830843, -0.000572635210119, 0.00400007562712, -0.00311761908233, -0.0127263255417, 0.0328887067735]]
    },
    "melbands": {
        "max": [0.0371337756515, 0.0524384491146, 0.0571477822959, 0.0156261753291, 0.00834076199681, 0.00612729275599, 0.0024930073414, 0.00276775448583, 0.00424386328086, 0.00817624013871, 0.0148419989273, 0.00289051374421, 0.00132484827191, 0.000501180998981, 0.000469239370432, 0.000533752143383, 0.00043562654173, 0.000213599749259, 0.000193313710042, 0.000240734501858, 0.000229860350373, 0.000153029483045, 0.000175294218934, 0.000192344319657, 0.000268021714874, 9.61102850852e-05, 8.33124431665e-05, 0.000141421507578, 0.000128632993437, 0.000111165238195, 7.98067412688e-05, 7.87520111771e-05, 4.50092666142e-05, 8.88813810889e-05, 0.000199744084966, 0.000149265208165, 4.95531930937e-05, 4.81934475829e-05, 3.71822752641e-05, 3.12947631755e-05],
        "mean": [0.000927157059778, 0.00104998727329, 0.00059157848591, 0.000349400623236, 0.000242017427809, 0.000243435337325, 0.000124274272821, 0.000143925091834, 0.000268150644843, 0.000674749258906, 0.000801681133453, 0.000309498078423, 0.000121747405501, 5.8293906477e-05, 4.8631165555e-05, 5.49906035303e-05, 5.71719028812e-05, 3.8574620703e-05, 3.14462158713e-05, 2.62374360318e-05, 2.17634678847e-05, 1.6572765162e-05, 1.34913370857e-05, 1.25372671391e-05, 1.16107112262e-05, 5.37428923053e-06, 3.99547616325e-06, 2.9750090107e-06, 2.58656996266e-06, 2.85029204861e-06, 2.55534519056e-06, 2.40035183197e-06, 2.62447974819e-06, 3.8481325646e-06, 5.3504168136e-06, 3.9691094571e-06, 2.40772419602e-06, 1.62309493135e-06, 1.01225748494e-06, 7.27394478872e-07],
        "min": [6.93485412969e-24, 1.31926794315e-23, 6.37730183581e-24, 6.62414706267e-24, 2.06078141684e-23, 7.27275875414e-24, 1.25097262583e-23, 2.00047757603e-23, 1.1870176212e-23, 1.01937797353e-23, 4.53693904217e-24, 8.44902293903e-24, 1.37672036734e-23, 1.76893364749e-23, 1.01489692804e-23, 7.14083123407e-24, 7.82685544283e-24, 6.99264686847e-24, 1.07974145222e-23, 8.82306291496e-24, 9.4067781752e-24, 5.07617201368e-24, 6.45061856834e-24, 9.8918511124e-24, 1.20298945129e-23, 7.9278012397e-24, 1.06618550865e-23, 1.46524996688e-23, 1.29562530851e-23, 8.97071243287e-24, 1.39228506631e-23, 1.02339666764e-23, 1.07169893641e-23, 1.15837100518e-23, 1.13534999292e-23, 1.01879658304e-23, 1.17386865098e-23, 1.11175831869e-23, 1.17247765254e-23, 1.1814006949e-23],
        "stdev": [0.00330475717783, 0.00330077111721, 0.00280471565202, 0.00114020588808, 0.000544802984223, 0.00050856434973, 0.000191970335436, 0.000332251569489, 0.000481753901113, 0.00118429062422, 0.00141293276101, 0.000343167019309, 0.000157340778969, 7.88051474956e-05, 5.890862667e-05, 6.70935914968e-05, 6.71671659802e-05, 3.37946621585e-05, 2.92938639177e-05, 2.86635331577e-05, 2.33500268223e-05, 1.63315653481e-05, 1.48518165588e-05, 1.67178350239e-05, 2.55871109403e-05, 6.82360587234e-06, 5.76056299906e-06, 7.24620213077e-06, 6.86019802743e-06, 7.58905980547e-06, 6.16310353507e-06, 5.95266283199e-06, 5.76836464461e-06, 9.85219048744e-06, 1.62081196322e-05, 1.17630825116e-05, 5.7237857618e-06, 4.45636987934e-06, 2.89706963486e-06, 2.1939627004e-06]
    },
    "melbands128": {
        "max": [0.00364647200331, 0.0349720455706, 0.0674320086837, 0.0478475019336, 0.0665386915207, 0.0767921879888, 0.0899333506823, 0.0548355132341, 0.0213183090091, 0.0185525137931, 0.0160655099899, 0.00900151208043, 0.00557616539299, 0.00795794464648, 0.00851534679532, 0.00372488796711, 0.00206135050394, 0.00284824427217, 0.00216524628922, 0.00258139707148, 0.00403609126806, 0.00585199519992, 0.00602829921991, 0.00605292338878, 0.00740018021315, 0.0144181884825, 0.0193458516151, 0.0254307817668, 0.00779560627416, 0.00258708070032, 0.00197790795937, 0.00404426781461, 0.00146432081237, 0.00124189106282, 0.000488078629132, 0.000688462983817, 0.00118150212802, 0.000659573066514, 0.000466195808258, 0.000432372587966, 0.000638751138467, 0.000976521987468, 0.000634236086626, 0.000595688237809, 0.000516092579346, 0.000365318614058, 0.000253687729128, 0.000252881669439, 0.000303226843243, 0.000451400352176, 0.000235485334997, 0.000472270068713, 0.000341708451742, 0.00021807444864, 0.000249043048825, 0.000146369071444, 0.000163426826475, 0.000423565157689, 0.000131135166157, 0.000106595201942, 0.000348969886545, 0.000444001925644, 0.000424698868301, 0.000321651634295, 7.26907965145e-05, 8.33825470181e-05, 0.000104354876385, 0.000105452854768, 6.33767122054e-05, 8.43118032208e-05, 6.77705393173e-05, 0.000259360152995, 0.000173899985384, 6.73841714161e-05, 0.000125726146507, 0.00012759224046, 0.000107430263597, 0.000135107839014, 5.40800829185e-05, 8.55833932292e-05, 0.000118847252452, 0.00010407170339, 8.87288406375e-05, 4.60525807284e-05, 6.34114985587e-05, 8.60622822074e-05, 0.000132283370476, 0.000107524690975, 0.000157773829415, 0.000442166929133, 0.000171189836692, 0.000100357385236, 7.82115457696e-05, 3.73147740902e-05, 6.61424419377e-05, 4.07223596994e-05, 5.85760280956e-05, 3.96582363464e-05, 2.57560404862e-05, 4.11681758123e-05, 4.75459746667e-05, 2.02765659196e-05, 2.71195076493e-05, 2.19994726649e-05, 3.22718224197e-05, 1.52082166096e-05, 4.7335038289e-06, 1.76152425979e-07, 1.51499808254e-08, 1.23262378082e-08, 1.15294147562e-08, 1.11984324036e-08, 1.10439799528e-08, 1.05852473453e-08, 1.02655652867e-08, 1.01072172853e-08, 9.76960734533e-09, 9.38271860207e-09, 9.16897224812e-09, 8.85747031276e-09, 8.69634320111e-09, 8.53995274497e-09, 8.25911961044e-09, 8.19752354886e-09, 7.93611931726e-09, 7.86550113929e-09, 7.80580045046e-09, 7.74704478346e-09],
        "mean": [0.00014823312813, 0.000735517765861, 0.00112472136971, 0.00153422460426, 0.00101755722426, 0.000820958288386, 0.000638008932583, 0.000601509294938, 0.000400640070438, 0.000284992391244, 0.000338205834851, 0.000390521541703, 0.000134743109811, 0.000149665138451, 0.000380564510124, 0.000210309837712, 0.000119421973068, 0.000142596123624, 7.78781250119e-05, 0.000112431058369, 0.000180407820153, 0.00021292292513, 0.000258095416939, 0.000323034124449, 0.000558552681468, 0.000810554774944, 0.00099186738953, 0.000884283799678, 0.000603580789175, 0.000322020205203, 0.000232987949857, 0.000200326627237, 0.000108953056042, 8.29397467896e-05, 4.31902881246e-05, 6.34916577837e-05, 6.12091607763e-05, 4.17967166868e-05, 4.86493809149e-05, 4.22899320256e-05, 6.08419759374e-05, 6.42845698167e-05, 6.37749399175e-05, 4.91969221912e-05, 4.32657980127e-05, 3.55829761247e-05, 3.56781019946e-05, 3.05631692754e-05, 2.82984401565e-05, 3.4793629311e-05, 2.29802608374e-05, 2.2547901608e-05, 2.2705145966e-05, 2.16056487261e-05, 1.93129908439e-05, 1.59950013767e-05, 1.39175836011e-05, 1.50738078446e-05, 1.25796195789e-05, 1.20809872897e-05, 1.30528796944e-05, 1.13147561933e-05, 1.59646369866e-05, 1.09973398139e-05, 5.45941838936e-06, 5.41814824828e-06, 5.41816962141e-06, 4.09278891311e-06, 4.03105786972e-06, 3.26747317558e-06, 2.49627964877e-06, 3.55529482476e-06, 2.27633358918e-06, 2.36137998399e-06, 2.90198772745e-06, 2.65986750492e-06, 3.09647361973e-06, 2.87803754873e-06, 2.35147103922e-06, 2.44343959821e-06, 2.10081907426e-06, 2.55163399743e-06, 2.69322708846e-06, 2.31445892496e-06, 2.85189230453e-06, 3.16179102811e-06, 5.02106286149e-06, 4.02558225687e-06, 4.53461962024e-06, 7.64194555813e-06, 4.59560260424e-06, 2.80049221146e-06, 2.90772095468e-06, 2.19475168706e-06, 2.56329076365e-06, 1.59983801495e-06, 1.6341027731e-06, 1.23524444007e-06, 9.74411250354e-07, 8.82390224888e-07, 8.77355660123e-07, 6.51778464089e-07, 6.52702510706e-07, 5.59717477699e-07, 5.35712274541e-07, 5.20766207046e-07, 1.46194835793e-07, 5.1610764551e-09, 5.94656823782e-11, 4.09424473491e-11, 3.7782853235e-11, 3.87173314242e-11, 4.25214724542e-11, 4.24501683804e-11, 4.10022293895e-11, 3.81574147279e-11, 3.31148962418e-11, 3.00326985503e-11, 2.98241709107e-11, 2.87180158126e-11, 2.79983293494e-11, 2.76417794903e-11, 2.74203056094e-11, 2.69378686024e-11, 2.39147590619e-11, 1.94202535997e-11, 1.69689592239e-11, 1.65237303007e-11],
        "min": [5.75648013631e-24, 5.42248195107e-24, 5.99376673559e-24, 1.23457149763e-23, 1.63391253049e-23, 1.20620555832e-23, 8.35968128607e-24, 2.27969205354e-24, 6.88991035734e-24, 6.3235251879e-24, 4.8524632883e-24, 1.7037647437e-23, 3.12169993789e-23, 1.73111360465e-23, 5.09803016607e-24, 2.38315944429e-24, 4.69005181627e-24, 1.40126514331e-23, 2.21076974956e-23, 2.53299181921e-23, 1.66137404078e-23, 1.08911619633e-23, 1.4403263799e-23, 6.33329562464e-24, 1.32526076168e-23, 1.01524489459e-23, 7.93579240067e-24, 4.20174652151e-24, 8.68407075106e-25, 3.80144102731e-24, 1.35284880526e-23, 1.3564073568e-23, 1.24662986766e-23, 1.69970463439e-23, 9.42803482115e-24, 2.33292785841e-23, 2.32999724015e-23, 8.19661584835e-24, 2.95583479338e-24, 5.39311029299e-24, 1.07434035826e-23, 4.01016612865e-24, 6.07301254669e-24, 1.27558469164e-23, 8.11820465209e-24, 6.06707242407e-24, 5.32297148661e-24, 6.96579798756e-24, 2.01957747627e-23, 6.27553365144e-24, 1.04897745464e-23, 5.27441788676e-24, 7.49648365116e-24, 1.46051112165e-23, 6.34825282184e-24, 3.81050385582e-24, 3.20348939153e-24, 6.90737258234e-24, 6.67288762256e-24, 6.90209825833e-24, 8.20550631075e-24, 1.51172334053e-23, 1.07256305464e-23, 1.37366952667e-23, 1.06831835188e-23, 6.21735318753e-24, 5.92346384615e-24, 1.00985011151e-23, 1.1579381572e-23, 1.23776993417e-23, 1.53103717984e-23, 1.1800350189e-23, 2.1406881356e-23, 9.77905741359e-24, 1.08346172025e-23, 6.70503133787e-24, 7.98871628994e-24, 1.46088788162e-23, 1.71997441535e-23, 1.09027045761e-23, 7.44711436913e-24, 1.10096338829e-23, 1.38490543032e-23, 1.04708150634e-23, 8.20841405205e-24, 1.10990536331e-23, 1.23645861069e-23, 1.29585739139e-23, 1.0695205759e-23, 1.13092377327e-23, 9.71659304053e-24, 1.00709320042e-23, 1.12790440816e-23, 1.14315174839e-23, 1.3244269357e-23, 8.65958805843e-24, 1.29260941438e-23, 1.07846105209e-23, 1.05420129155e-23, 1.30719845019e-23, 1.28052090987e-23, 1.23100955399e-23, 9.49724711039e-24, 9.40065345913e-24, 7.50719401567e-24, 7.16494986739e-24, 9.15289828121e-24, 1.0018478276e-23, 1.19863572796e-23, 1.4357382071e-23, 1.13085056698e-23, 1.02288919342e-23, 1.36996030269e-23, 8.14208504941e-24, 7.88263816402e-24, 5.73700118841e-24, 6.56445435241e-24, 1.42336397717e-23, 7.23373064971e-24, 1.11710158915e-23, 7.24369238523e-24, 9.07238871494e-24, 9.70326523554e-24, 8.05434557295e-24, 7.02062382047e-24, 1.3542397248e-23, 1.12146761871e-23, 1.45925115301e-23],
        "stdev": [0.000301735737594, 0.0027448059991, 0.00522371428087, 0.00439024437219, 0.00356057262979, 0.00402229465544, 0.00426590722054, 0.00257367733866, 0.00156428234186, 0.00130966154393, 0.00102872727439, 0.000845303933602, 0.000330465147272, 0.00043195442413, 0.000844869355205, 0.000397713680286, 0.000207331613638, 0.000244910275796, 0.000135713489726, 0.000296266516671, 0.000471871288028, 0.000593944394495, 0.000638450321276, 0.000566441507544, 0.00103614060208, 0.00167785375379, 0.00223787408322, 0.00183503050357, 0.000976491370238, 0.00041524230619, 0.000307509297272, 0.000385334686143, 0.000177563852048, 0.00015617129975, 6.01335596002e-05, 0.000109258333396, 0.000123609323055, 6.67920467095e-05, 6.88125801389e-05, 5.43919923075e-05, 8.95143311936e-05, 0.000102455123852, 9.49982568272e-05, 6.2805323978e-05, 5.46127448615e-05, 4.05477876484e-05, 3.58762154065e-05, 3.48427056451e-05, 3.4076267184e-05, 5.49882024643e-05, 2.74995909422e-05, 3.20596482197e-05, 2.99279363389e-05, 2.46647578024e-05, 2.49954864557e-05, 1.8221553546e-05, 1.63455188158e-05, 2.57877836702e-05, 1.48799590534e-05, 1.42732505992e-05, 2.4580022e-05, 2.51081164606e-05, 4.47955571872e-05, 2.91112792183e-05, 6.26009023108e-06, 7.41030544305e-06, 8.5364390543e-06, 6.64465551381e-06, 6.17209343545e-06, 5.96835161559e-06, 4.67270410809e-06, 1.25402193589e-05, 8.12652251625e-06, 5.51628409085e-06, 7.76089927967e-06, 8.118497135e-06, 9.49245986703e-06, 8.5505998868e-06, 5.69746634937e-06, 6.36216827843e-06, 6.04043680141e-06, 8.28962402011e-06, 7.07181334292e-06, 5.19885452377e-06, 7.03363593857e-06, 8.30922999739e-06, 1.42039089042e-05, 1.09579814307e-05, 1.50616569954e-05, 2.8814189136e-05, 1.39049097925e-05, 7.74716772867e-06, 7.31419504518e-06, 4.8196006901e-06, 6.99429347151e-06, 4.38147344539e-06, 4.77645562569e-06, 3.54666826752e-06, 2.6996822271e-06, 2.73534010375e-06, 2.9150564842e-06, 1.83431404821e-06, 2.08158348869e-06, 1.79742539785e-06, 1.94503331841e-06, 1.67171208432e-06, 5.09801111548e-07, 1.83011561461e-08, 6.55534959648e-10, 5.25567867005e-10, 4.90677498632e-10, 4.76473749345e-10, 4.69848937534e-10, 4.50366272053e-10, 4.36713248897e-10, 4.29985436146e-10, 4.15650819319e-10, 3.99228594627e-10, 3.90114163196e-10, 3.76868369845e-10, 3.70017461115e-10, 3.63356567057e-10, 3.51377427155e-10, 3.48765488711e-10, 3.3774039121e-10, 3.34913485833e-10, 3.32468358399e-10, 3.29979404912e-10]
    },
    "mfcc": {
        "mean": [-664.66809082, 99.3770980835, -35.3876190186, -16.7763881683, -16.921503067, -9.40432929993, -10.8766622543, 10.1825447083, 0.759291410446, 6.85661792755, -2.97894382477, -6.87349891663, -9.78571128845],
        "cov": [[8698.97070312, 152.485031128, 1371.20825195, 613.378967285, 187.812255859, 267.78137207, -56.7416229248, 163.561203003, -152.711334229, 1.23169839382, -145.496292114, 50.2802619934, 43.4742088318], [152.485031128, 617.632202148, 337.941711426, 382.337493896, 179.372329712, 111.789535522, 93.2496337891, 40.1707229614, -16.5681285858, 29.6824684143, 1.03980231285, -10.7542819977, 3.59042286873], [1371.20825195, 337.941711426, 3507.30810547, 1733.1496582, 1267.02661133, 1013.29418945, 315.770202637, 161.930786133, -155.472244263, 41.9222488403, -20.3993301392, 167.10848999, 248.593093872], [613.378967285, 382.337493896, 1733.1496582, 1174.50170898, 695.454040527, 569.112548828, 231.234054565, 57.9501419067, -47.6323623657, 9.12154579163, 26.7726230621, 85.2987442017, 114.761581421], [187.812255859, 179.372329712, 1267.02661133, 695.454040527, 650.218444824, 444.348999023, 110.253089905, 31.8124542236, -69.503692627, 5.1916718483, -0.733117282391, 91.1591873169, 90.7327270508], [267.78137207, 111.789535522, 1013.29418945, 569.112548828, 444.348999023, 406.862213135, 108.187522888, 19.3273067474, -22.6231708527, 0.628644347191, 18.6702747345, 72.7070846558, 76.2247161865], [-56.7416229248, 93.2496337891, 315.770202637, 231.234054565, 110.253089905, 108.187522888, 125.480445862, 31.0595932007, 18.2679367065, 15.5592603683, 18.2317218781, 8.7095489502, 20.3052310944], [163.561203003, 40.1707229614, 161.930786133, 57.9501419067, 31.8124542236, 19.3273067474, 31.0595932007, 74.2388000488, 3.85977244377, 19.3048667908, -4.58045053482, -4.35969495773, 6.26006937027], [-152.711334229, -16.5681285858, -155.472244263, -47.6323623657, -69.503692627, -22.6231708527, 18.2679367065, 3.85977244377, 77.5215911865, 17.1550922394, 27.0703220367, -2.61348319054, -13.0787734985], [1.23169839382, 29.6824684143, 41.9222488403, 9.12154579163, 5.1916718483, 0.628644347191, 15.5592603683, 19.3048667908, 17.1550922394, 50.2029876709, 15.9860754013, -3.82793951035, -7.25550365448], [-145.496292114, 1.03980231285, -20.3993301392, 26.7726230621, -0.733117282391, 18.6702747345, 18.2317218781, -4.58045053482, 27.0703220367, 15.9860754013, 63.4736328125, 14.5165014267, -3.43358421326], [50.2802619934, -10.7542819977, 167.10848999, 85.2987442017, 91.1591873169, 72.7070846558, 8.7095489502, -4.35969495773, -2.61348319054, -3.82793951035, 14.5165014267, 64.345916748, 29.2866840363], [43.4742088318, 3.59042286873, 248.593093872, 114.761581421, 90.7327270508, 76.2247161865, 20.3052310944, 6.26006937027, -13.0787734985, -7.25550365448, -3.43358421326, 29.2866840363, 52.7268867493]],
        "icov": [[0.000156656140462, -1.20383890589e-06, -7.4234631029e-05, -0.000184834963875, 0.000417328847107, -0.000211464066524, 0.000389883673051, -0.000336797267664, 0.000225419455091, -0.000111603767436, 0.000378765020287, -0.00036281926441, 0.000367361964891], [-1.20383890589e-06, 0.00274278596044, 0.00104179524351, -0.00212466926314, -0.000458401307696, 0.000164456883795, -0.000296710350085, -0.00121914129704, 0.00131468521431, -0.00219866936095, 0.000968753360212, 0.000672796391882, 4.98645058542e-05], [-7.4234631029e-05, 0.00104179524351, 0.00297293649055, -0.00239401077852, -0.000898732047062, -0.00267017260194, 0.000175497843884, -0.00286071700975, 0.00273895449936, -0.00335026602261, 0.00161698425654, 0.000783287337981, -0.00324835046194], [-0.000184834963875, -0.00212466926314, -0.00239401077852, 0.00677576800808, -0.00158919394016, -0.00049684633268, -0.00379815627821, 0.00272897863761, -0.00197734776884, 0.00414376659319, -0.00300072249956, 0.0010467475513, 0.000731093168724], [0.000417328847107, -0.000458401307696, -0.000898732047062, -0.00158919394016, 0.0100586051121, -0.00668918713927, 0.00200006412342, -0.000845412025228, 0.00443516066298, -0.00230917008594, 0.00272153946571, -0.00477595301345, 0.00268716411665], [-0.000211464066524, 0.000164456883795, -0.00267017260194, -0.00049684633268, -0.00668918713927, 0.0175570566207, -0.00191224226728, 0.00453079584986, -0.00657889991999, 0.00484148645774, -0.00373996864073, -0.00089503172785, -0.000550485099666], [0.000389883673051, -0.000296710350085, 0.000175497843884, -0.00379815627821, 0.00200006412342, -0.00191224226728, 0.016911001876, -0.00478833913803, -0.00340564735234, -0.0016027566744, -0.000621666957159, 0.00149003427941, -0.00141655502375], [-0.000336797267664, -0.00121914129704, -0.00286071700975, 0.00272897863761, -0.000845412025228, 0.00453079584986, -0.00478833913803, 0.0212500020862, -0.00395459868014, -0.00282087549567, 0.000783146184403, 0.00155326712411, -4.64208205813e-05], [0.000225419455091, 0.00131468521431, 0.00273895449936, -0.00197734776884, 0.00443516066298, -0.00657889991999, -0.00340564735234, -0.00395459868014, 0.0236568395048, -0.00782530475408, -0.00266267266124, -0.00231848238036, 0.000680323108099], [-0.000111603767436, -0.00219866936095, -0.00335026602261, 0.00414376659319, -0.00230917008594, 0.00484148645774, -0.0016027566744, -0.00282087549567, -0.00782530475408, 0.0315044149756, -0.00889974739403, 0.00166170357261, 0.00583657762036], [0.000378765020287, 0.000968753360212, 0.00161698425654, -0.00300072249956, 0.00272153946571, -0.00373996864073, -0.000621666957159, 0.000783146184403, -0.00266267266124, -0.00889974739403, 0.025083148852, -0.00770399253815, 0.00342653575353], [-0.00036281926441, 0.000672796391882, 0.000783287337981, 0.0010467475513, -0.00477595301345, -0.00089503172785, 0.00149003427941, 0.00155326712411, -0.00231848238036, 0.00166170357261, -0.00770399253815, 0.0280287954956, -0.0133802331984], [0.000367361964891, 4.98645058542e-05, -0.00324835046194, 0.000731093168724, 0.00268716411665, -0.000550485099666, -0.00141655502375, -4.64208205813e-05, 0.000680323108099, 0.00583657762036, 0.00342653575353, -0.0133802331984, 0.0377329364419]]
    },
    "spectral_contrast_coeffs": {
        "max": [-0.487318217754, -0.541941642761, -0.540322542191, -0.727766752243, -0.696457266808, -0.681723773479],
        "mean": [-0.732072412968, -0.75227355957, -0.737367510796, -0.831742703915, -0.797755539417, -0.782447814941],
        "min": [-0.964399516582, -0.970662891865, -0.965466678143, -0.973127543926, -0.963290333748, -0.959766685963],
        "stdev": [0.0559815503657, 0.0746314749122, 0.0789071768522, 0.0298672970384, 0.0344130992889, 0.0308960992843]
    },
    "spectral_contrast_valleys": {
        "max": [-4.72538471222, -4.21448230743, -5.35033845901, -5.83953332901, -5.54884386063, -7.4795384407],
        "mean": [-8.24189853668, -6.78491973877, -6.93205451965, -7.14765548706, -7.65664339066, -10.2310876846],
        "min": [-27.0267982483, -26.8797054291, -27.164806366, -26.9199771881, -27.2286262512, -27.2740402222],
        "stdev": [2.0641772747, 1.25563883781, 1.33158683777, 1.26287674904, 1.20273327827, 1.28532755375]
    }
},
"rhythm": {
    "beats_count": 25,
    "beats_loudness": {
        "max": 0.29309758544,
        "mean": 0.0386827290058,
        "min": 1.21360726553e-05,
        "stdev": 0.0575464181602
    },
    "bpm": 124.282646179,
    "bpm_histogram_first_peak_bpm": 123,
    "bpm_histogram_first_peak_weight": 0.411764681339,
    "bpm_histogram_second_peak_bpm": 112,
    "bpm_histogram_second_peak_spread": 0,
    "bpm_histogram_second_peak_weight": 0.166666671634,
    "danceability": 0.90088891983,
    "onset_rate": 2.58633565903,
    "beats_loudness_band_ratio": {
        "max": [0.981604754925, 0.276383668184, 0.700818061829, 0.7139351964, 0.278660595417, 0.125436842442],
        "mean": [0.27544733882, 0.0666745975614, 0.272741436958, 0.305902183056, 0.0956979170442, 0.0327672064304],
        "min": [4.97163673572e-05, 0.000401964614866, 0.00267863809131, 0.00178920442704, 0.00354437110946, 0.00209236633964],
        "stdev": [0.341471105814, 0.0865016952157, 0.213919252157, 0.224911764264, 0.0836916938424, 0.0292781870812]
    },
    "beats_position": [0.522448956966, 1.05650794506, 1.59056687355, 2.12462592125, 2.65868473053, 3.14630389214, 3.63392281532, 4.12154197693, 4.59755086899, 5.08516979218, 5.5727891922, 6.06040811539, 6.54802703857, 7.03564596176, 7.52326536179, 8.01088428497, 8.48689365387, 8.96290206909, 9.43891143799, 9.91492080688, 10.3909292221, 10.866938591, 11.3313379288, 11.7957363129, 12.2601356506],
