{
"metadata": {
    "version": {
        "essentia": "2.1-beta5",
        "essentia_git_sha": "Undefined",
        "extractor": "music 2.0"
    },
    "audio_properties": {
        "analysis": {
            "equal_loudness": 0,
            "length": 48.7502937317,
            "sample_rate": 44100,
            "start_time": 93.9943771362,
            "downmix": "mix"
        },
        "bit_rate": 192000,
        "length": 179.931442261,
        "lossless": 0,
        "number_channels": 2,
        "replay_gain": 2.76752281189,
        "sample_rate": 48000,
        "codec": "mp3",
        "md5_encoded": "407b71179e3c3106b2ea4d31f6748f7a"
    },
    "tags": {
        "file_name": "Denmark_Shame On You_Tomas Thordarson.mp3",
        "encoding": ["Lavf58.29.100"]
    }
},
"lowlevel": {
    "average_loudness": 0.94284838438,
    "barkbands_crest": {
        "max": 24.7519016266,
        "mean": 9.10980606079,
        "min": 2.09770393372,
        "stdev": 4.15392446518
    },
    "barkbands_flatness_db": {
        "max": 0.299162358046,
        "mean": 0.131846889853,
        "min": 0.0541512481868,
        "stdev": 0.0383413992822
    },
    "barkbands_kurtosis": {
        "max": 61.6150283813,
        "mean": 1.76290130615,
        "min": -1.9022090435,
        "stdev": 3.90061426163
    },
    "barkbands_skewness": {
        "max": 7.29425954819,
        "mean": 1.12163925171,
        "min": -2.00249838829,
        "stdev": 0.925794839859
    },
    "barkbands_spread": {
        "max": 103.285171509,
        "mean": 30.3265609741,
        "min": 3.21992373466,
        "stdev": 15.9706878662
    },
    "dissonance": {
        "max": 0.499967902899,
        "mean": 0.467593729496,
        "min": 0.268978089094,
        "stdev": 0.0241657216102
    },
    "dynamic_complexity": 2.6416246891,
    "erbbands_crest": {
        "max": 25.8714771271,
        "mean": 8.21436309814,
        "min": 2.4614713192,
        "stdev": 3.93180084229
    },
    "erbbands_flatness_db": {
        "max": 0.308003813028,
        "mean": 0.153439819813,
        "min": 0.0780773088336,
        "stdev": 0.0425199344754
    },
    "erbbands_kurtosis": {
        "max": 13.9579868317,
        "mean": 0.629928052425,
        "min": -1.58517491817,
        "stdev": 1.89706158638
    },
    "erbbands_skewness": {
        "max": 3.50053429604,
        "mean": 0.419746041298,
        "min": -2.2144818306,
        "stdev": 0.678131699562
    },
    "erbbands_spread": {
        "max": 124.794662476,
        "mean": 42.4718780518,
        "min": 4.78872060776,
        "stdev": 19.6883773804
    },
    "hfc": {
        "max": 160.317565918,
        "mean": 29.2126502991,
        "min": 0.500878989697,
        "stdev": 24.9963359833
    },
    "loudness_ebu128": {
        "integrated": -26.2567272186,
        "loudness_range": 2.19287109375,
        "momentary": {
            "max": -22.6493301392,
            "mean": -26.6879405975,
            "min": -36.0226135254,
            "stdev": 2.16665554047
        },
        "short_term": {
            "max": -24.9738559723,
            "mean": -26.3133335114,
            "min": -29.0006866455,
            "stdev": 0.817676961422
        }
    },
    "melbands_crest": {
        "max": 30.0782871246,
        "mean": 12.7346830368,
        "min": 3.25022006035,
        "stdev": 5.42993068695
    },
    "melbands_flatness_db": {
        "max": 0.337521404028,
        "mean": 0.143659129739,
        "min": 0.0203110743314,
        "stdev": 0.0503745190799
    },
    "melbands_kurtosis": {
        "max": 202.905548096,
        "mean": 8.71007537842,
        "min": -1.72501277924,
        "stdev": 11.9871702194
    },
    "melbands_skewness": {
        "max": 12.007317543,
        "mean": 2.18976950645,
        "min": -1.30881369114,
        "stdev": 1.34448051453
    },
    "melbands_spread": {
        "max": 196.649841309,
        "mean": 32.8726081848,
        "min": 1.81850421429,
        "stdev": 21.9804515839
    },
    "pitch_salience": {
        "max": 0.945169448853,
        "mean": 0.58286356926,
        "min": 0.157133668661,
        "stdev": 0.112696141005
    },
    "silence_rate_20dB": {
        "max": 1,
        "mean": 1,
        "min": 1,
        "stdev": 0
    },
    "silence_rate_30dB": {
        "max": 1,
        "mean": 0.999048054218,
        "min": 0,
        "stdev": 0.0308391842991
    },
    "silence_rate_60dB": {
        "max": 1,
        "mean": 0.0414088517427,
        "min": 0,
        "stdev": 0.199234619737
    },
    "spectral_centroid": {
        "max": 4337.16894531,
        "mean": 1525.94238281,
        "min": 362.890960693,
        "stdev": 584.738220215
    },
    "spectral_complexity": {
        "max": 59,
        "mean": 20.3826751709,
        "min": 0,
        "stdev": 9.80472755432
    },
    "spectral_decrease": {
        "max": -5.86912671241e-11,
        "mean": -5.9199560809e-09,
        "min": -3.27909326359e-08,
        "stdev": 4.42135750234e-09
    },
    "spectral_energy": {
        "max": 0.13102068007,
        "mean": 0.0249929837883,
        "min": 0.000291104690405,
        "stdev": 0.0182214099914
    },
    "spectral_energyband_high": {
        "max": 0.0155358631164,
        "mean": 0.0016612255713,
        "min": 1.46191832755e-05,
        "stdev": 0.00211605778895
    },
    "spectral_energyband_low": {
        "max": 0.063261307776,
        "mean": 0.00571336969733,
        "min": 6.07215156379e-07,
        "stdev": 0.00885588116944
    },
    "spectral_energyband_middle_high": {
        "max": 0.0674186870456,
        "mean": 0.00790951773524,
        "min": 9.36566357268e-05,
        "stdev": 0.00906950421631
    },
    "spectral_energyband_middle_low": {
        "max": 0.115847200155,
        "mean": 0.0102927405387,
        "min": 3.55671509169e-05,
        "stdev": 0.00955620221794
    },
    "spectral_entropy": {
        "max": 8.72097301483,
        "mean": 7.94558382034,
        "min": 6.66191387177,
        "stdev": 0.339119523764
    },
    "spectral_flux": {
        "max": 0.301088035107,
        "mean": 0.091550141573,
        "min": 0.012776796706,
        "stdev": 0.0406088270247
    },
    "spectral_kurtosis": {
        "max": 10.4967699051,
        "mean": 2.2859852314,
        "min": -0.92156624794,
        "stdev": 1.74530935287
    },
    "spectral_rms": {
        "max": 0.0113059747964,
        "mean": 0.00459522614256,
        "min": 0.00053292082157,
        "stdev": 0.00180755520705
    },
    "spectral_rolloff": {
        "max": 11477.1972656,
        "mean": 2566.81884766,
        "min": 86.1328125,
        "stdev": 2365.43920898
    },
    "spectral_skewness": {
        "max": 2.7004404068,
        "mean": 1.3763743639,
        "min": 0.212452575564,
        "stdev": 0.38881573081
    },
    "spectral_spread": {
        "max": 14704158,
        "mean": 6126047.5,
        "min": 2726137,
        "stdev": 1424582.25
    },
    "spectral_strongpeak": {
        "max": 12.8223390579,
        "mean": 1.07733798027,
        "min": 0.0216186083853,
        "stdev": 1.40036129951
    },
    "zerocrossingrate": {
        "max": 0.34765625,
        "mean": 0.0955353304744,
        "min": 0.0166015625,
        "stdev": 0.0502339601517
    },
    "barkbands": {
        "max": [0.00394920539111, 0.0580685026944, 0.0177375283092, 0.0187134686857, 0.0874537229538, 0.0695375576615, 0.0317183695734, 0.0492806471884, 0.0360953472555, 0.0522410646081, 0.0293567311019, 0.0164117701352, 0.0315683409572, 0.0312381125987, 0.0229655839503, 0.0204497128725, 0.0140772163868, 0.00451991148293, 0.00256799766794, 0.00211145309731, 0.00306929927319, 0.00302753248252, 0.00351310661063, 0.00338743790053, 0.00414340896532, 2.73346995527e-05, 2.95207627232e-07],
        "mean": [0.000171689520357, 0.00424164766446, 0.000900977407582, 0.00079253828153, 0.00241238856688, 0.0025931620039, 0.00105472793803, 0.00102915777825, 0.00205149385147, 0.00178541266359, 0.000986766186543, 0.000614805612713, 0.00157015200239, 0.000732616987079, 0.000745406374335, 0.000596591213252, 0.0004442037025, 0.000294900790323, 0.000242497990257, 0.000152743523358, 0.000227334036026, 0.000269121897873, 0.000351187336491, 0.000323241925798, 0.000407357816584, 8.61636749505e-07, 1.59683299916e-09],
        "min": [4.60136906355e-09, 1.10643334494e-07, 2.09398862694e-08, 3.51689521949e-08, 2.47081902671e-06, 3.22254459206e-06, 2.15360500988e-06, 1.99807482204e-06, 3.07381856146e-06, 4.06607250625e-06, 3.3703167901e-06, 3.20743743032e-06, 1.69909174019e-06, 4.69737278763e-06, 7.41656504033e-06, 2.11022006624e-06, 2.33034506891e-06, 1.7608554117e-06, 1.1700237792e-06, 1.0638598269e-06, 1.62835999618e-06, 1.3086242916e-06, 1.98809857466e-06, 1.9334429453e-06, 2.19590333472e-06, 2.98129049225e-10, 2.73280231777e-10],
        "stdev": [0.000370918598492, 0.00799899268895, 0.00176198221743, 0.00152242346667, 0.00421127816662, 0.0042368597351, 0.00200195470825, 0.00291434163228, 0.00374695053324, 0.00368119659834, 0.00234046345577, 0.00130976934452, 0.00307894614525, 0.00174722075462, 0.0016032375861, 0.00138214812614, 0.000793787708972, 0.000411302986322, 0.000316097197356, 0.000236026055063, 0.000326982990373, 0.000364801293472, 0.000473246036563, 0.000443702214397, 0.000552600889932, 2.00902536562e-06, 1.05570574505e-08]
    },
    "erbbands": {
        "max": [2.54321575165, 12.1454715729, 17.3878173828, 38.1303215027, 261.423278809, 280.998382568, 573.653259277, 404.327880859, 557.536560059, 910.311157227, 940.688537598, 911.538574219, 1462.31481934, 1174.65856934, 1027.5916748, 720.3828125, 1320.6842041, 1971.7590332, 1501.6229248, 1121.84008789, 1095.31835938, 450.916046143, 216.810440063, 128.374954224, 150.03137207, 109.028373718, 149.918136597, 146.386688232, 110.136573792, 101.292892456, 98.8156204224, 71.7465667725, 63.2785720825, 49.9585990906, 35.7774887085, 2.76247024536, 0.0646262392402, 0.003773921635, 0.000492234772537, 0.000183722600923],
        "mean": [0.144279301167, 0.857985019684, 1.12673532963, 2.03196954727, 4.04515075684, 9.35368347168, 17.5358161926, 20.8660888672, 14.9571647644, 18.9624061584, 24.1300754547, 50.2826652527, 43.92345047, 56.3569068909, 41.2931365967, 29.1089820862, 69.5157852173, 43.7885322571, 42.0803985596, 34.4957504272, 31.1861495972, 23.7459068298, 17.4671974182, 12.7596750259, 11.5209369659, 7.5512804985, 8.29242324829, 9.58463954926, 9.38771247864, 10.4284725189, 9.50517272949, 7.24149656296, 5.17897701263, 4.02526330948, 3.22845768929, 0.224745571613, 0.00554147036746, 0.00034879744635, 5.78745675739e-05, 4.00764038204e-05],
        "min": [4.34979801867e-06, 3.29957001668e-05, 0.000167743841303, 0.000497407861985, 0.00315685197711, 0.00678063975647, 0.0106294229627, 0.0411581173539, 0.0311829522252, 0.0429519750178, 0.100278101861, 0.0884064361453, 0.11406493187, 0.154353126884, 0.205711066723, 0.16736356914, 0.104269064963, 0.202573105693, 0.342835903168, 0.307704359293, 0.097661100328, 0.129658028483, 0.127974018455, 0.0759718716145, 0.0654587000608, 0.0566449202597, 0.0607788935304, 0.0724148973823, 0.0581498891115, 0.113989055157, 0.0528172515333, 0.0520000532269, 0.0203339178115, 0.026492010802, 0.0150740090758, 0.000767214165535, 2.38330321736e-05, 2.44905368163e-06, 6.82463792145e-07, 6.26541861948e-07],
        "stdev": [0.290649980307, 1.6277834177, 1.82736587524, 3.60955357552, 8.89277648926, 17.867433548, 31.2958717346, 35.0957183838, 26.1099948883, 48.5472335815, 55.904510498, 93.0858688354, 89.3519821167, 97.6816558838, 87.2120895386, 56.0102615356, 131.579528809, 101.729614258, 83.7558364868, 77.6205596924, 65.0881271362, 38.6566810608, 23.3447494507, 16.2985916138, 15.4763536453, 11.5321407318, 12.5759782791, 13.9397296906, 13.0147371292, 13.888171196, 12.8221330643, 9.64435863495, 7.55016326904, 5.8388466835, 4.4779086113, 0.321953117847, 0.00773459859192, 0.000469128164696, 6.22645238764e-05, 2.87701568595e-05]
    },
    "gfcc": {
        "mean": [17.2497005463, 69.1703948975, -135.662063599, 30.4147377014, -84.801612854, 32.6300544739, -58.1509056091, 11.218501091, -25.797246933, -0.92395567894, -11.6849765778, -3.70320153236, 2.30328083038],
        "cov": [[2514.8840332, 137.598861694, 148.797775269, 338.688293457, 204.738189697, 239.108444214, 249.79524231, 213.383056641, 58.677280426, 61.9148826599, 65.4632339478, -48.5443344116, -48.6585960388], [137.598861694, 935.460876465, 102.436729431, 183.052703857, 360.224334717, 124.258598328, 250.910858154, 119.195205688, 134.000335693, -8.26064586639, 169.235671997, -42.587272644, 58.9437217712], [148.797775269, 102.436729431, 610.739013672, 470.432098389, 180.543884277, 143.155532837, 74.0072479248, 60.3225402832, 13.9330778122, 71.2713241577, -13.9253072739, 19.780046463, -35.5397453308], [338.688293457, 183.052703857, 470.432098389, 650.110961914, 332.178497314, 153.430267334, 120.310905457, 109.988212585, 75.1702270508, 69.1040344238, 36.240650177, -5.18811845779, -10.311000824], [204.738189697, 360.224334717, 180.543884277, 332.178497314, 376.62097168, 189.990112305, 170.197235107, 121.26499939, 101.606666565, 47.773475647, 79.6329727173, -3.2639093399, 20.5729236603], [239.108444214, 124.258598328, 143.155532837, 153.430267334, 189.990112305, 286.937103271, 244.057571411, 87.5729141235, 13.3508710861, 52.2123069763, 42.9367752075, -19.4889087677, -31.7437534332], [249.79524231, 250.910858154, 74.0072479248, 120.310905457, 170.197235107, 244.057571411, 319.369476318, 124.835090637, 18.1241893768, 36.1645774841, 70.8525466919, -33.2280426025, -22.2297554016], [213.383056641, 119.195205688, 60.3225402832, 109.988212585, 121.26499939, 87.5729141235, 124.835090637, 128.708358765, 72.8632507324, 34.1452178955, 40.4937934875, 0.764139175415, 6.54894208908], [58.677280426, 134.000335693, 13.9330778122, 75.1702270508, 101.606666565, 13.3508710861, 18.1241893768, 72.8632507324, 138.747558594, 48.0827598572, 53.5195503235, 20.2932796478, 42.2748298645], [61.9148826599, -8.26064586639, 71.2713241577, 69.1040344238, 47.773475647, 52.2123069763, 36.1645774841, 34.1452178955, 48.0827598572, 86.9257583618, 41.4994354248, 20.1931476593, 0.851522803307], [65.4632339478, 169.235671997, -13.9253072739, 36.240650177, 79.6329727173, 42.9367752075, 70.8525466919, 40.4937934875, 53.5195503235, 41.4994354248, 118.208602905, 27.1032085419, 30.4880638123], [-48.5443344116, -42.587272644, 19.780046463, -5.18811845779, -3.2639093399, -19.4889087677, -33.2280426025, 0.764139175415, 20.2932796478, 20.1931476593, 27.1032085419, 79.9873123169, 38.595916748], [-48.6585960388, 58.9437217712, -35.5397453308, -10.311000824, 20.5729236603, -31.7437534332, -22.2297554016, 6.54894208908, 42.2748298645, 0.851522803307, 30.4880638123, 38.595916748, 79.1772079468]],
        "icov": [[0.000546417257283, -0.000415933842305, 0.000604384229518, -0.000798711844254, 0.000974322785623, -0.00115290598478, 0.00101962673943, -0.00157501071226, 0.000679546501487, -0.000336528755724, 8.84877154022e-05, -9.05460110516e-05, 0.000164731027326], [-0.000415933842305, 0.00750596309081, -0.00596396299079, 0.00611309753731, -0.00994644500315, 0.00994396582246, -0.0100731737912, 0.0076840785332, -0.00628546159714, 0.00720467558131, -0.0073306937702, 0.00643030414358, -0.00165018707048], [0.000604384229518, -0.00596396299079, 0.00994248595089, -0.00915626902133, 0.00953305885196, -0.0101164607331, 0.00894614681602, -0.00696574756876, 0.0059467270039, -0.00710876239464, 0.00737471552566, -0.00750399054959, 0.0023562379647], [-0.000798711844254, 0.00611309753731, -0.00915626902133, 0.0118904709816, -0.0130875194445, 0.0109740626067, -0.00889927148819, 0.00664190715179, -0.00487792259082, 0.00480301212519, -0.00583509914577, 0.00686046946794, -0.00139539013617], [0.000974322785623, -0.00994644500315, 0.00953305885196, -0.0130875194445, 0.023629065603, -0.0198194179684, 0.0155714079738, -0.013001890853, 0.00519017642364, -0.00577273918316, 0.00652882317081, -0.00741394143552, 0.000330660142936], [-0.00115290598478, 0.00994396582246, -0.0101164607331, 0.0109740626067, -0.0198194179684, 0.0305139757693, -0.0259833391756, 0.0162915904075, -0.00813956651837, 0.00391415413469, -0.00517104612663, 0.00585002172738, 0.00096105306875], [0.00101962673943, -0.0100731737912, 0.00894614681602, -0.00889927148819, 0.0155714079738, -0.0259833391756, 0.0314948037267, -0.0235139299184, 0.0145940771326, -0.00736566865817, 0.00234099337831, -0.00251898821443, -8.00407287898e-05], [-0.00157501071226, 0.0076840785332, -0.00696574756876, 0.00664190715179, -0.013001890853, 0.0162915904075, -0.0235139299184, 0.0343522131443, -0.0189567301422, 0.00727096106857, -0.00262041878887, 0.0016389550874, 0.00177016889211], [0.000679546501487, -0.00628546159714, 0.0059467270039, -0.00487792259082, 0.00519017642364, -0.00813956651837, 0.0145940771326, -0.0189567301422, 0.0257116854191, -0.0139986909926, 0.00315394531935, -0.0014621996088, -0.00589493708685], [-0.000336528755724, 0.00720467558131, -0.00710876239464, 0.00480301212519, -0.00577273918316, 0.00391415413469, -0.00736566865817, 0.00727096106857, -0.0139986909926, 0.0289705060422, -0.0133021296933, 0.00240616453812, 0.00337602314539], [8.84877154022e-05, -0.0073306937702, 0.00737471552566, -0.00583509914577, 0.00652882317081, -0.00517104612663, 0.00234099337831, -0.00262041878887, 0.00315394531935, -0.0133021296933, 0.0244945287704, -0.0117518082261, -7.77396926424e-05], [-9.05460110516e-05, 0.00643030414358, -0.00750399054959, 0.00686046946794, -0.00741394143552, 0.00585002172738, -0.00251898821443, 0.0016389550874, -0.0014621996088, 0.00240616453812, -0.0117518082261, 0.0278590284288, -0.012188795954], [0.000164731027326, -0.00165018707048, 0.0023562379647, -0.00139539013617, 0.000330660142936, 0.00096105306875, -8.00407287898e-05, 0.00177016889211, -0.00589493708685, 0.00337602314539, -7.77396926424e-05, -0.012188795954, 0.024048704654]]
    },
    "melbands": {
        "max": [0.0191199760884, 0.00748519180343, 0.0117716854438, 0.0225115213543, 0.0153889711946, 0.0084814298898, 0.00746305752546, 0.00938625819981, 0.00617701932788, 0.00520055927336, 0.00737029965967, 0.00591056747362, 0.00416694907472, 0.00185196998063, 0.00374141824432, 0.00272960495204, 0.00338749610819, 0.00241042207927, 0.00178515096195, 0.00162493716925, 0.00102453015279, 0.000712153792847, 0.000332484691171, 0.000283591245534, 0.000129271807964, 0.000138687013532, 7.92712962721e-05, 8.18350163172e-05, 0.000106485807919, 6.15630342509e-05, 0.000100806413684, 6.15784083493e-05, 6.1338818341e-05, 6.27411718597e-05, 7.31459294911e-05, 6.10823844909e-05, 4.42708405899e-05, 4.55919798696e-05, 3.7752542994e-05, 4.76337881992e-05],
        "mean": [0.00124560703989, 0.000763313379139, 0.000396370975068, 0.000483501062263, 0.000586550973821, 0.000465619523311, 0.000222315036808, 0.000214547617361, 0.000210958416574, 0.000317421043292, 0.000220171874389, 0.000237667685724, 0.000141227865242, 7.72401981521e-05, 0.000114963375381, 0.00014970623306, 7.13386471034e-05, 6.6871776653e-05, 5.24320530531e-05, 4.32957822341e-05, 3.50843874912e-05, 2.52840945905e-05, 1.94510939764e-05, 1.33019129862e-05, 9.79335800366e-06, 9.53335802478e-06, 5.80748292123e-06, 4.7453577281e-06, 5.12864380653e-06, 5.18268961969e-06, 5.68586574445e-06, 5.18016759088e-06, 5.33627371624e-06, 6.21922390565e-06, 5.644788871e-06, 5.0519247452e-06, 4.13466250393e-06, 3.63955473404e-06, 3.26434769704e-06, 3.43168539985e-06],
        "min": [3.08574961139e-08, 5.7530591846e-08, 1.83832156608e-07, 4.0003135382e-07, 3.53933529595e-07, 9.74060412773e-07, 3.58183143589e-07, 4.50958026477e-07, 8.22214133223e-07, 3.58629051789e-07, 5.37576283932e-07, 5.59898637675e-07, 5.96259326358e-07, 4.20977869453e-07, 2.09554059438e-07, 1.90122221966e-07, 3.93280458866e-07, 4.65832499685e-07, 5.19023672041e-07, 2.62786187477e-07, 7.02411639963e-08, 6.89415102784e-08, 1.25078514657e-07, 7.37890957225e-08, 4.84894684405e-08, 2.7477181419e-08, 3.60188110449e-08, 3.50858719855e-08, 2.94920887711e-08, 3.0974639742e-08, 3.78281619362e-08, 2.41030360115e-08, 2.57136303361e-08, 5.16712574949e-08, 2.78022795897e-08, 3.38735048899e-08, 3.05141760748e-08, 1.49314338671e-08, 1.02725961071e-08, 2.50045371075e-08],
        "stdev": [0.00242025451735, 0.00114384561311, 0.000678852433339, 0.000914969365112, 0.000949479232077, 0.000755677057896, 0.00039159838343, 0.000578763196245, 0.000448405306088, 0.000598087150138, 0.000471878476674, 0.000442678836407, 0.000333144591423, 0.000150556254084, 0.000268874166068, 0.000304790766677, 0.000180456961971, 0.000138084811624, 0.000114902097266, 0.00010747754277, 7.48412276153e-05, 4.60727824247e-05, 2.89007766696e-05, 2.00813119591e-05, 1.31764918478e-05, 1.31688802867e-05, 8.22273159429e-06, 7.87643693911e-06, 8.10453093436e-06, 7.67158599047e-06, 8.69375162438e-06, 7.50615708967e-06, 7.19997660781e-06, 8.57732629811e-06, 7.87609133113e-06, 6.88999534759e-06, 5.67643655813e-06, 5.31471232534e-06, 5.01868726133e-06, 5.10579639013e-06]
    },
    "melbands128": {
        "max": [0.00375418714248, 0.0222378019243, 0.0291166044772, 0.0180832128972, 0.00913272146136, 0.0100124357268, 0.00864511542022, 0.0131627405062, 0.0291807688773, 0.0304843299091, 0.0143927652389, 0.0126123139635, 0.0226294565946, 0.0280833393335, 0.0127665698528, 0.00875084381551, 0.0119126643986, 0.00952608697116, 0.00915783829987, 0.0171519219875, 0.0140040982515, 0.0169386677444, 0.00664166873321, 0.00821137800813, 0.0114188604057, 0.0111034819856, 0.00893421750516, 0.0141244139522, 0.0151183372363, 0.0131171755493, 0.0042096064426, 0.00714456103742, 0.00853433087468, 0.0039709941484, 0.00477124145254, 0.00380103243515, 0.00392586784437, 0.0050201700069, 0.00979622267187, 0.00651232386008, 0.00562542350963, 0.00886240880936, 0.00485074613243, 0.0031532139983, 0.00306149246171, 0.00424449378625, 0.00446417508647, 0.00398566806689, 0.00236491346732, 0.00399565696716, 0.00264857918955, 0.00470665283501, 0.00130851613358, 0.00191081711091, 0.00248669041321, 0.000773511594161, 0.00107377953827, 0.000625798595138, 0.000721671036445, 0.000285599642666, 0.000640690617729, 0.000461139075924, 0.000219545603613, 0.000159643881489, 0.00011878809164, 0.000181284543942, 0.000210645623156, 0.000133377761813, 0.000135813897941, 0.000111445202492, 9.15347773116e-05, 9.36217329581e-05, 0.000112834226456, 0.000185723110917, 0.000158828363055, 8.76724880072e-05, 0.000100766141259, 0.000122315017506, 0.000145704165334, 0.00011311173148, 9.71382396528e-05, 8.07832693681e-05, 7.0979433076e-05, 8.30946228234e-05, 7.82458300819e-05, 9.3970746093e-05, 9.52374975896e-05, 0.000148707156768, 8.03384973551e-05, 8.6202082457e-05, 7.63527641539e-05, 9.4044560683e-05, 6.60733930999e-05, 5.58989668207e-05, 5.91897405684e-05, 7.45386714698e-05, 7.13451518095e-05, 6.95539929438e-05, 4.87638681079e-05, 3.91269277316e-05, 4.44054348918e-05, 7.38005910534e-05, 6.11129071331e-05, 0.000110739383672, 6.50455331197e-05, 5.29061580892e-05, 1.83398769877e-05, 1.21582309021e-06, 4.07986568973e-08, 3.37951178153e-08, 2.42544420104e-08, 2.08276436098e-08, 1.65120930262e-08, 1.16934986139e-08, 6.82087142323e-09, 4.76883821321e-09, 5.35096988941e-09, 4.34509761504e-09, 1.38387801218e-09, 1.31767996514e-09, 1.27029997632e-09, 1.23369603422e-09, 1.19100262985e-09, 1.16158782593e-09, 1.14196785361e-09, 1.11608944309e-09, 1.10427123001e-09, 1.09557674044e-09],
        "mean": [0.000161229763762, 0.00111602945253, 0.00184515572619, 0.0012561356416, 0.000635265314486, 0.000432323053246, 0.000408686028095, 0.000388610729715, 0.0003521774197, 0.000531027966645, 0.000524800154381, 0.000505448144395, 0.000582298787776, 0.000728124403395, 0.000565345981158, 0.000258155690972, 0.000202936280402, 0.000254094629781, 0.000188727019122, 0.00021080247825, 0.000235794839682, 0.000194755062694, 0.000166492623976, 0.000265938986558, 0.000382004218409, 0.000337182922522, 0.000194573804038, 0.000182168674655, 0.000240371911786, 0.000344923289958, 0.000188977923244, 0.000128321888042, 0.000161905234563, 0.000134921894642, 8.96573401405e-05, 6.00040693826e-05, 5.49783253518e-05, 8.3209182776e-05, 0.000192112478544, 0.000169126258697, 0.000148591323523, 0.000101512378023, 6.56158517813e-05, 5.9279420384e-05, 6.43842140562e-05, 6.31382863503e-05, 8.11189675005e-05, 5.13501145178e-05, 3.74071860278e-05, 5.22464179085e-05, 3.94732815039e-05, 4.43629578513e-05, 3.23430758726e-05, 3.62040154869e-05, 3.01072850561e-05, 2.22186554311e-05, 2.25816202146e-05, 2.32286220125e-05, 1.70002585946e-05, 1.48437875396e-05, 1.39938556458e-05, 1.11680546979e-05, 1.08882295535e-05, 9.10343351279e-06, 8.69613631949e-06, 9.17510897125e-06, 1.20845325e-05, 5.34159198651e-06, 4.5431079343e-06, 5.51427410755e-06, 4.5562228479e-06, 4.43906401415e-06, 5.14337307322e-06, 5.3132434914e-06, 4.99679163113e-06, 4.7288181122e-06, 5.70500196773e-06, 5.62489049116e-06, 5.80056712352e-06, 5.64189303986e-06, 4.95273525303e-06, 5.0679582273e-06, 5.40002974958e-06, 5.28801501787e-06, 5.51181847186e-06, 5.11101234224e-06, 7.09630876372e-06, 7.30536703486e-06, 5.09979736307e-06, 4.87648367198e-06, 5.10427071276e-06, 5.36535890205e-06, 4.55670124211e-06, 4.15896965933e-06, 3.82923826692e-06, 3.55680026587e-06, 3.75494141736e-06, 3.53497284777e-06, 3.23339918396e-06, 3.12253200718e-06, 3.17066587741e-06, 3.33264028995e-06, 3.83521864933e-06, 4.35450829173e-06, 4.61198442281e-06, 4.28062821811e-06, 1.00486113297e-06, 4.59619577953e-08, 1.90698137836e-10, 5.34577972167e-11, 3.35603732304e-11, 3.33493788141e-11, 2.94692222014e-11, 3.11435981171e-11, 2.21733690436e-11, 1.70734953953e-11, 1.00181763926e-11, 9.18874351608e-12, 7.47565290921e-12, 6.74281290525e-12, 6.51200577836e-12, 6.39802317029e-12, 6.31758621111e-12, 6.14061709467e-12, 5.63331542872e-12, 4.79057548838e-12, 4.3348714375e-12, 4.24864180296e-12],
        "min": [4.58603016673e-10, 2.84173529153e-09, 6.01407146306e-09, 8.78852457475e-09, 3.35699255061e-08, 6.53318332766e-09, 2.52157477121e-08, 2.44277149619e-08, 4.94026011211e-08, 1.63124752817e-07, 1.90248130139e-07, 2.21303739778e-08, 2.46202176868e-07, 5.74659907215e-07, 5.29427325091e-07, 2.11816526985e-07, 3.41413766591e-07, 4.30303757071e-08, 4.61815901076e-08, 6.27560865496e-08, 1.12277689368e-07, 1.1083862006e-07, 2.85774888198e-07, 1.9163844911e-07, 1.16075057122e-07, 1.89847995102e-07, 2.53139603501e-07, 7.00830256051e-08, 2.9598172091e-07, 3.03130349266e-07, 8.74981225252e-08, 8.41055864953e-08, 1.69870858713e-07, 3.33202848424e-07, 2.2707219216e-07, 7.7132810361e-08, 5.00340071596e-08, 5.83059183157e-08, 6.39903774413e-08, 8.01329420597e-08, 3.36390684197e-07, 1.24017390135e-07, 8.93501237442e-08, 1.08489132344e-07, 1.73700414052e-08, 2.10601413642e-07, 1.83685486377e-07, 2.57580097696e-07, 2.23157542223e-07, 1.46066042817e-07, 1.22248323464e-07, 5.13740054942e-08, 1.07683639783e-07, 6.30562553283e-08, 1.0470820655e-08, 1.64632432131e-08, 9.72133236132e-08, 8.06113362728e-08, 3.62011931543e-08, 3.75987845302e-08, 6.61714381067e-08, 2.79464682507e-08, 2.38505624139e-08, 2.43795863497e-08, 1.67178360044e-08, 2.34686758915e-08, 1.03476613944e-08, 3.46366064718e-08, 2.23062368576e-08, 1.18062946086e-08, 3.57465737011e-08, 2.37318023011e-08, 1.48273500145e-08, 1.10582361046e-08, 1.98630409898e-08, 2.3629020518e-08, 2.10832453718e-08, 3.43050814422e-08, 2.12173052461e-08, 1.62014988092e-08, 1.71006266925e-08, 1.55208450536e-08, 2.0731707906e-08, 9.84094761236e-09, 2.58866048597e-08, 4.21069792367e-08, 3.96228259092e-08, 3.46532154083e-08, 2.93258377582e-08, 1.35632429732e-08, 3.54289646509e-08, 2.85309322834e-08, 3.47111566157e-08, 2.57013681448e-08, 3.00624840577e-08, 1.95931324498e-08, 8.20753776054e-09, 8.06933364572e-09, 1.06861142157e-08, 5.55644330547e-09, 1.0910161663e-08, 1.82821491279e-08, 1.71752283507e-08, 2.05468317915e-08, 1.53233461475e-08, 1.33073640995e-08, 1.39571554314e-09, 2.16319692194e-12, 1.08468518455e-12, 8.25350584318e-13, 7.63999757555e-13, 8.29198688879e-13, 7.41453122857e-13, 7.42226592687e-13, 6.46970053485e-13, 8.62788031124e-13, 4.98725518348e-13, 7.23621791827e-13, 1.00019992288e-12, 7.99642253455e-13, 8.39338906537e-13, 8.35234767634e-13, 7.01950487753e-13, 7.10305512325e-13, 6.49759000944e-13, 2.35215086341e-13, 2.86305945315e-14, 1.03099473911e-15],
        "stdev": [0.000348988804035, 0.00232254620641, 0.00389196607284, 0.0023468087893, 0.00105959922075, 0.000887758331373, 0.000799124652985, 0.000780494941864, 0.000974195252638, 0.00118373951409, 0.00119219708722, 0.00108493247535, 0.00131840142421, 0.00147926667705, 0.00107125286013, 0.000662907434162, 0.000476399320178, 0.000521156820469, 0.000510170939378, 0.00069802737562, 0.000824778806418, 0.000751086859964, 0.000472430809168, 0.000686696846969, 0.00086720980471, 0.000894881086424, 0.000581310305279, 0.000596302677877, 0.000827698211651, 0.000798637163825, 0.000369122077245, 0.000399287819164, 0.000533547136001, 0.000345215550624, 0.000239698507357, 0.000179962167749, 0.000197837376618, 0.000279219588265, 0.000554046535399, 0.000417914066929, 0.000447412196081, 0.00042161019519, 0.000244944298174, 0.000199008922209, 0.000178250804311, 0.000196804350708, 0.000245722563704, 0.000163255390362, 0.000122966492199, 0.000218683271669, 0.000116344468552, 0.000192164996406, 8.13897349872e-05, 0.000109720043838, 9.15196505957e-05, 5.39697321074e-05, 5.39582069905e-05, 4.37525231973e-05, 3.65154664905e-05, 2.56649600487e-05, 3.1396826671e-05, 1.96570745175e-05, 1.76531375473e-05, 1.57912436407e-05, 1.44263858601e-05, 1.52663942572e-05, 2.06556760531e-05, 9.64395712799e-06, 8.65060610522e-06, 9.34824674914e-06, 8.52707853483e-06, 9.19781450648e-06, 9.09860500542e-06, 9.20913043956e-06, 9.41063080973e-06, 7.82860115578e-06, 9.19142803468e-06, 9.24210507947e-06, 1.01056793937e-05, 9.5003279057e-06, 8.1690177467e-06, 7.83792438597e-06, 8.35940045363e-06, 7.60543889555e-06, 8.14452232589e-06, 8.02087652119e-06, 1.10095634227e-05, 1.15126022138e-05, 7.99269673735e-06, 7.33945898901e-06, 7.63024945627e-06, 7.94885272626e-06, 6.97259838489e-06, 6.25380198471e-06, 5.93359027334e-06, 5.50550566913e-06, 5.97112602918e-06, 6.13820657236e-06, 5.2871509979e-06, 4.98442295793e-06, 5.10274412591e-06, 5.47917761651e-06, 5.78009485253e-06, 7.18524961485e-06, 6.74230341247e-06, 6.38087021798e-06, 1.70792043264e-06, 9.57316430572e-08, 1.63667113195e-09, 8.07974798178e-10, 5.55276158387e-10, 4.78181161334e-10, 3.80599940453e-10, 3.02794789242e-10, 1.85293308474e-10, 1.42119677138e-10, 1.25754434643e-10, 1.04677551349e-10, 4.86290487045e-11, 4.09171203863e-11, 3.94286825411e-11, 3.83004218618e-11, 3.69911566656e-11, 3.60918066267e-11, 3.54805108904e-11, 3.47319430161e-11, 3.43729072982e-11, 3.41081954347e-11]
    },
    "mfcc": {
        "mean": [-611.827880859, 89.056137085, 4.12671470642, -5.11046695709, 2.39319777489, 1.97800064087, -8.98461437225, 0.409980803728, -3.79219532013, -3.43601179123, -3.20289468765, -5.08320713043, -5.09391736984],
        "cov": [[2559.34448242, -31.3258113861, 17.3850746155, 149.142501831, 86.6594009399, 78.2636413574, 257.631164551, 147.799453735, 122.51940918, 147.818008423, 150.747192383, 76.1500930786, 44.8378486633], [-31.3258113861, 717.179077148, -90.7449188232, 33.0388717651, 90.4823532104, 40.0816192627, 149.202575684, 108.723770142, 55.1509590149, 69.9636154175, 77.8161315918, 54.589099884, 27.541891098], [17.3850746155, -90.7449188232, 453.194274902, 276.393554688, 121.769393921, 138.232971191, 76.1501464844, 33.9233398438, 34.5537528992, 30.620973587, 13.3154296875, 49.9669303894, 43.3097457886], [149.142501831, 33.0388717651, 276.393554688, 485.388702393, 286.100463867, 128.922302246, 96.0409088135, 74.4219360352, 84.6299514771, 68.9395675659, 34.847328186, 70.3042373657, 73.2704086304], [86.6594009399, 90.4823532104, 121.769393921, 286.100463867, 306.930236816, 108.240013123, 43.8869895935, 57.9288787842, 76.629486084, 55.9300117493, 37.902557373, 50.4314537048, 58.8305740356], [78.2636413574, 40.0816192627, 138.232971191, 128.922302246, 108.240013123, 228.907196045, 191.040542603, 91.4001312256, 64.3920516968, 74.7142562866, 67.5733795166, 55.0690345764, 22.3984546661], [257.631164551, 149.202575684, 76.1501464844, 96.0409088135, 43.8869895935, 191.040542603, 331.603302002, 150.572418213, 73.7156677246, 105.645057678, 100.018859863, 69.8736572266, 18.0582695007], [147.799453735, 108.723770142, 33.9233398438, 74.4219360352, 57.9288787842, 91.4001312256, 150.572418213, 140.459762573, 75.6241073608, 60.3479652405, 58.5689697266, 40.3726615906, 21.0141983032], [122.51940918, 55.1509590149, 34.5537528992, 84.6299514771, 76.629486084, 64.3920516968, 73.7156677246, 75.6241073608, 105.807731628, 70.668258667, 39.8845291138, 28.9576339722, 20.6045761108], [147.818008423, 69.9636154175, 30.620973587, 68.9395675659, 55.9300117493, 74.7142562866, 105.645057678, 60.3479652405, 70.668258667, 120.359115601, 69.9928741455, 32.0587997437, 17.5277671814], [150.747192383, 77.8161315918, 13.3154296875, 34.847328186, 37.902557373, 67.5733795166, 100.018859863, 58.5689697266, 39.8845291138, 69.9928741455, 104.313179016, 53.8060417175, 23.856754303], [76.1500930786, 54.589099884, 49.9669303894, 70.3042373657, 50.4314537048, 55.0690345764, 69.8736572266, 40.3726615906, 28.9576339722, 32.0587997437, 53.8060417175, 83.9034423828, 48.6951370239], [44.8378486633, 27.541891098, 43.3097457886, 73.2704086304, 58.8305740356, 22.3984546661, 18.0582695007, 21.0141983032, 20.6045761108, 17.5277671814, 23.856754303, 48.6951370239, 76.0327224731]],
        "icov": [[0.000484838237753, 0.000209283884033, 5.88389011682e-05, -6.58684512018e-05, -0.000138315808726, 0.000551642209757, -0.000557193299755, 1.27972480186e-05, -0.000290455325739, -2.70246328e-05, -0.000540704349987, 0.000131219421746, -8.78948703757e-05], [0.000209283884033, 0.00197435659356, 0.00042444729479, 0.000356540724169, -0.00114241964184, 0.00123655830976, -0.00117366772611, -0.000824978051241, 0.000278969353531, -0.000323811924318, -0.000364250066923, -0.000558021129109, 7.31963446015e-05], [5.88389011682e-05, 0.00042444729479, 0.00437433226034, -0.00294831255451, 0.00167754048016, -0.0026329588145, 0.000742453965358, 8.02439899417e-05, 0.00048129359493, 2.09786903724e-05, 0.000647079839837, -0.000746626581531, -0.00041995474021], [-6.58684512018e-05, 0.000356540724169, -0.00294831255451, 0.00735929841176, -0.00594434794039, 0.00225648423657, -0.00191571959294, -0.000134695786983, -0.0002490960469, -0.00103788881097, 0.00192549312487, -0.00125098845456, -0.00057207403006], [-0.000138315808726, -0.00114241964184, 0.00167754048016, -0.00594434794039, 0.0105669796467, -0.00503432378173, 0.00421444838867, -0.000464902579552, -0.00191442668438, 0.00034522471833, -0.00103667448275, 0.000956067291554, -0.00214524171315], [0.000551642209757, 0.00123655830976, -0.0026329588145, 0.00225648423657, -0.00503432378173, 0.0137898912653, -0.00780744897202, 0.000959914061241, -0.0017263807822, 7.51971601858e-05, -0.00155245128553, -0.00092184857931, 0.00150203821249], [-0.000557193299755, -0.00117366772611, 0.000742453965358, -0.00191571959294, 0.00421444838867, -0.00780744897202, 0.0127877257764, -0.0080743515864, 0.00417661899701, -0.00412030704319, 0.00024766853312, -0.00295102340169, 0.00204071216285], [1.27972480186e-05, -0.000824978051241, 8.02439899417e-05, -0.000134695786983, -0.000464902579552, 0.000959914061241, -0.0080743515864, 0.0212584603578, -0.0117043610662, 0.00536691909656, -0.0039001966361, 0.00226982706226, -0.00180079648271], [-0.000290455325739, 0.000278969353531, 0.00048129359493, -0.0002490960469, -0.00191442668438, -0.0017263807822, 0.00417661899701, -0.0117043610662, 0.0245125219226, -0.0120540717617, 0.00460309768096, -0.00280321086757, 0.000755933113396], [-2.70246328e-05, -0.000323811924318, 2.09786903724e-05, -0.00103788881097, 0.00034522471833, 7.51971601858e-05, -0.00412030704319, 0.00536691909656, -0.0120540717617, 0.0223586894572, -0.0115368803963, 0.00557793583721, -0.00151272467338], [-0.000540704349987, -0.000364250066923, 0.000647079839837, 0.00192549312487, -0.00103667448275, -0.00155245128553, 0.00024766853312, -0.0039001966361, 0.00460309768096, -0.0115368803963, 0.0251973941922, -0.0124496016651, 0.00198460929096], [0.000131219421746, -0.000558021129109, -0.000746626581531, -0.00125098845456, 0.000956067291554, -0.00092184857931, -0.00295102340169, 0.00226982706226, -0.00280321086757, 0.00557793583721, -0.0124496016651, 0.0304303560406, -0.0147480871528], [-8.78948703757e-05, 7.31963446015e-05, -0.00041995474021, -0.00057207403006, -0.00214524171315, 0.00150203821249, 0.00204071216285, -0.00180079648271, 0.000755933113396, -0.00151272467338, 0.00198460929096, -0.0147480871528, 0.0241650585085]]
    },
    "spectral_contrast_coeffs": {
        "max": [-0.334856033325, -0.436378717422, -0.513804316521, -0.600833892822, -0.632298588753, -0.721958041191],
        "mean": [-0.680479228497, -0.756315469742, -0.758160471916, -0.784883320332, -0.799176454544, -0.801369607449],
        "min": [-0.914462149143, -0.930749297142, -0.915554821491, -0.910134851933, -0.895465493202, -0.868614375591],
        "stdev": [0.107036471367, 0.0731820985675, 0.0680171996355, 0.0535320937634, 0.0374322086573, 0.0216009113938]
    },
    "spectral_contrast_valleys": {
        "max": [-5.04516601562, -4.94734811783, -5.39413166046, -5.51042366028, -5.66680431366, -7.53455257416],
        "mean": [-7.11793899536, -6.57925748825, -7.07336807251, -7.16142272949, -7.4003610611, -9.10381031036],
        "min": [-10.5258321762, -8.6598739624, -8.97570133209, -9.06294155121, -9.35180664062, -11.2709312439],
        "stdev": [1.09940171242, 0.553247570992, 0.585428833961, 0.504203677177, 0.574081897736, 0.62101072073]
    }
},
"rhythm": {
    "beats_count": 94,
    "beats_loudness": {
        "max": 0.123504966497,
        "mean": 0.0368710160255,
        "min": 0.00128297961783,
        "stdev": 0.0205450579524
    },
    "bpm": 117.105964661,
    "bpm_histogram_first_peak_bpm": 117,
    "bpm_histogram_first_peak_weight": 0.202247142792,
    "bpm_histogram_second_peak_bpm": 123,
    "bpm_histogram_second_peak_spread": 0,
    "bpm_histogram_second_peak_weight": 0.0215053763241,
    "danceability": 1.25371658802,
    "onset_rate": 5.2294921875,
    "beats_loudness_band_ratio": {
        "max": [0.62558478117, 0.726232290268, 0.707543432713, 0.754901468754, 0.369690954685, 0.555874228477],
        "mean": [0.222826659679, 0.184410303831, 0.162191346288, 0.229107871652, 0.117060855031, 0.107991941273],
        "min": [0.000262625486357, 0.0177772250026, 0.0195176452398, 0.0110758217052, 0.00849883351475, 0.00787094328552],
        "stdev": [0.182824209332, 0.16528236866, 0.122115142643, 0.190172046423, 0.0780781656504, 0.0929908454418]
    },
