{
"metadata": {
    "version": {
        "essentia": "2.1-beta5",
        "essentia_git_sha": "Undefined",
        "extractor": "music 2.0"
    },
    "audio_properties": {
        "analysis": {
            "equal_loudness": 0,
            "length": 48.7502937317,
            "sample_rate": 44100,
            "start_time": 29.0017242432,
            "downmix": "mix"
        },
        "bit_rate": 192000,
        "length": 193.364181519,
        "lossless": 0,
        "number_channels": 2,
        "replay_gain": -7.21026802063,
        "sample_rate": 48000,
        "codec": "mp3",
        "md5_encoded": "51e9e4c560423d1fcbd462df2a0eacbb"
    },
    "tags": {
        "file_name": "SerbiaMontenegro_Lane Moje_Željko Joksimović.mp3",
        "encoding": ["Lavf58.29.100"]
    }
},
"lowlevel": {
    "average_loudness": 0.690005779266,
    "barkbands_crest": {
        "max": 26.4533538818,
        "mean": 11.5506362915,
        "min": 3.33828282356,
        "stdev": 4.70354270935
    },
    "barkbands_flatness_db": {
        "max": 0.376645982265,
        "mean": 0.162836417556,
        "min": 0.0356155484915,
        "stdev": 0.0559496805072
    },
    "barkbands_kurtosis": {
        "max": 88.0893249512,
        "mean": 6.41571950912,
        "min": -1.85958230495,
        "stdev": 9.59402751923
    },
    "barkbands_skewness": {
        "max": 9.02385234833,
        "mean": 1.56385779381,
        "min": -1.88486588001,
        "stdev": 1.2518529892
    },
    "barkbands_spread": {
        "max": 108.414596558,
        "mean": 13.4667873383,
        "min": 0.916218042374,
        "stdev": 12.039478302
    },
    "dissonance": {
        "max": 0.499857604504,
        "mean": 0.445888131857,
        "min": 0.253938049078,
        "stdev": 0.038797095418
    },
    "dynamic_complexity": 3.07440328598,
    "erbbands_crest": {
        "max": 34.0683860779,
        "mean": 12.4798784256,
        "min": 3.25603508949,
        "stdev": 6.27943849564
    },
    "erbbands_flatness_db": {
        "max": 0.448427081108,
        "mean": 0.199351370335,
        "min": 0.0681123659015,
        "stdev": 0.0622367486358
    },
    "erbbands_kurtosis": {
        "max": 57.274723053,
        "mean": 3.59131574631,
        "min": -1.81202983856,
        "stdev": 6.84185314178
    },
    "erbbands_skewness": {
        "max": 7.11480331421,
        "mean": 1.14379811287,
        "min": -2.59390282631,
        "stdev": 1.07460391521
    },
    "erbbands_spread": {
        "max": 126.425018311,
        "mean": 24.4258842468,
        "min": 1.79708468914,
        "stdev": 18.19672966
    },
    "hfc": {
        "max": 145.474349976,
        "mean": 16.8507804871,
        "min": 0.0223080497235,
        "stdev": 15.9804553986
    },
    "loudness_ebu128": {
        "integrated": -17.004365921,
        "loudness_range": 7.80339241028,
        "momentary": {
            "max": -11.8126745224,
            "mean": -18.009393692,
            "min": -26.950799942,
            "stdev": 3.10532665253
        },
        "short_term": {
            "max": -12.9083099365,
            "mean": -17.813867569,
            "min": -24.3613643646,
            "stdev": 2.61481952667
        }
    },
    "melbands_crest": {
        "max": 36.2673072815,
        "mean": 15.0152044296,
        "min": 3.94913864136,
        "stdev": 5.85606765747
    },
    "melbands_flatness_db": {
        "max": 0.414860576391,
        "mean": 0.23065495491,
        "min": 0.0713233947754,
        "stdev": 0.0596290677786
    },
    "melbands_kurtosis": {
        "max": 207.446029663,
        "mean": 10.8991956711,
        "min": -1.45842516422,
        "stdev": 18.9641513824
    },
    "melbands_skewness": {
        "max": 12.8708057404,
        "mean": 1.89373087883,
        "min": -2.44032168388,
        "stdev": 1.68123245239
    },
    "melbands_spread": {
        "max": 140.589553833,
        "mean": 15.6315088272,
        "min": 1.03027713299,
        "stdev": 11.2718286514
    },
    "pitch_salience": {
        "max": 0.823671162128,
        "mean": 0.532435774803,
        "min": 0.0783978104591,
        "stdev": 0.126836404204
    },
    "silence_rate_20dB": {
        "max": 1,
        "mean": 1,
        "min": 1,
        "stdev": 0
    },
    "silence_rate_30dB": {
        "max": 1,
        "mean": 0.994764387608,
        "min": 0,
        "stdev": 0.0721677020192
    },
    "silence_rate_60dB": {
        "max": 1,
        "mean": 0.0376011431217,
        "min": 0,
        "stdev": 0.190227180719
    },
    "spectral_centroid": {
        "max": 3487.1730957,
        "mean": 927.032714844,
        "min": 267.699890137,
        "stdev": 432.810394287
    },
    "spectral_complexity": {
        "max": 49,
        "mean": 15.3279390335,
        "min": 0,
        "stdev": 8.7630815506
    },
    "spectral_decrease": {
        "max": -7.37956397379e-12,
        "mean": -6.34551122758e-09,
        "min": -5.33424859839e-08,
        "stdev": 5.12513587125e-09
    },
    "spectral_energy": {
        "max": 0.204969868064,
        "mean": 0.025477854535,
        "min": 2.9875562177e-05,
        "stdev": 0.0203997567296
    },
    "spectral_energyband_high": {
        "max": 0.0161997955292,
        "mean": 0.000368485460058,
        "min": 1.19036144497e-07,
        "stdev": 0.00103927182499
    },
    "spectral_energyband_low": {
        "max": 0.143324881792,
        "mean": 0.00538545288146,
        "min": 1.41314288271e-07,
        "stdev": 0.00888450909406
    },
    "spectral_energyband_middle_high": {
        "max": 0.0898396149278,
        "mean": 0.00594143057242,
        "min": 4.59880538983e-06,
        "stdev": 0.00940475333482
    },
    "spectral_energyband_middle_low": {
        "max": 0.0848405659199,
        "mean": 0.0144913485274,
        "min": 6.37375478618e-06,
        "stdev": 0.0136080272496
    },
    "spectral_entropy": {
        "max": 8.7000617981,
        "mean": 7.28715133667,
        "min": 6.10754108429,
        "stdev": 0.449538260698
    },
    "spectral_flux": {
        "max": 0.310903936625,
        "mean": 0.070886336267,
        "min": 0.00262893526815,
        "stdev": 0.0408601090312
    },
    "spectral_kurtosis": {
        "max": 27.2587623596,
        "mean": 6.89034748077,
        "min": -1.0919675827,
        "stdev": 3.52508974075
    },
    "spectral_rms": {
        "max": 0.0141410958022,
        "mean": 0.00461492920294,
        "min": 0.00017072459741,
        "stdev": 0.00188649131451
    },
    "spectral_rolloff": {
        "max": 9948.33984375,
        "mean": 1034.3840332,
        "min": 43.06640625,
        "stdev": 1079.1463623
    },
    "spectral_skewness": {
        "max": 3.9227643013,
        "mean": 2.02703213692,
        "min": 0.0308852642775,
        "stdev": 0.551007270813
    },
    "spectral_spread": {
        "max": 16906006,
        "mean": 4036756.5,
        "min": 1908317.75,
        "stdev": 1495686.875
    },
    "spectral_strongpeak": {
        "max": 8.70413398743,
        "mean": 1.40579807758,
        "min": 0,
        "stdev": 1.45513641834
    },
    "zerocrossingrate": {
        "max": 0.29248046875,
        "mean": 0.0435878746212,
        "min": 0.00390625,
        "stdev": 0.0268917679787
    },
    "barkbands": {
        "max": [0.0176466889679, 0.066866979003, 0.0763282328844, 0.0501697808504, 0.0520743019879, 0.0455019921064, 0.0496306680143, 0.0234919004142, 0.0659976154566, 0.075294226408, 0.0618467107415, 0.00592950824648, 0.00547264516354, 0.0157562438399, 0.00509852869436, 0.00748617434874, 0.00416150921956, 0.00169221602846, 0.00148302468006, 0.00115389679559, 0.00142672366928, 0.0014479116071, 0.00307403947227, 0.00752754090354, 0.00383768230677, 0.00106402719393, 7.54235588829e-05],
        "mean": [0.00103478878736, 0.00270427088253, 0.0010657494422, 0.00152256281581, 0.00358150550164, 0.00198756041937, 0.00165296974592, 0.00114068365656, 0.00407618191093, 0.00323238922283, 0.000623687112238, 0.00038717922871, 0.000427456776379, 0.000554691068828, 0.000329458242049, 0.000318778649671, 0.000200269976631, 0.000131685912493, 0.000106694897113, 6.08733498666e-05, 6.00337152719e-05, 6.02353393333e-05, 7.45715806261e-05, 7.77643435868e-05, 5.05095013068e-05, 1.36016924444e-05, 1.68722283433e-06],
        "min": [9.64730784148e-09, 2.28826344539e-08, 5.40755618061e-09, 5.89312820765e-09, 9.85839676559e-08, 7.75596049607e-08, 1.82635062629e-07, 4.76136420957e-07, 7.08695552021e-07, 5.27197528299e-07, 5.64022627714e-07, 4.56823300965e-07, 6.82119150497e-07, 1.00880491516e-07, 2.14529237041e-07, 4.21479541046e-07, 1.52635905692e-07, 7.39420116247e-08, 1.29129830384e-07, 3.2845079545e-08, 3.28943272621e-08, 1.67635523241e-08, 9.98071669756e-09, 1.03027089082e-08, 3.69051500471e-09, 6.80091627459e-09, 1.16140408402e-09],
        "stdev": [0.00231869681738, 0.0054665543139, 0.00322318077087, 0.00339130056091, 0.00487698335201, 0.00456958590075, 0.00365970935673, 0.00184028351214, 0.00674686487764, 0.00708274915814, 0.00218806858175, 0.000569558062125, 0.000636979239061, 0.0010439743055, 0.000558578409255, 0.000566181202885, 0.000323673011735, 0.000186213801499, 0.000163539167261, 0.000108450956759, 0.00011570026254, 0.00011592858209, 0.000222561749979, 0.000458961672848, 0.00021416634263, 5.58779902349e-05, 5.3515750551e-06]
    },
    "erbbands": {
        "max": [1.62319290638, 17.0758800507, 73.2721176147, 122.670059204, 156.881561279, 144.557632446, 392.566192627, 556.490905762, 873.09375, 796.277832031, 435.511138916, 685.766906738, 2335.88525391, 2577.24047852, 732.34375, 215.026153564, 271.169036865, 905.867126465, 208.493927002, 347.182830811, 520.881164551, 226.168518066, 86.5707473755, 90.5631790161, 60.3647575378, 60.7075691223, 55.1211090088, 65.6112823486, 47.3534584045, 60.9781723022, 101.106483459, 202.404464722, 141.724899292, 58.0962295532, 21.7502498627, 8.46255302429, 0.934338331223, 0.132506802678, 0.0156515371054, 0.000748190679587],
        "mean": [0.128478080034, 0.427072286606, 1.02136492729, 3.60940670967, 9.8817358017, 10.8280935287, 13.3446159363, 16.5453796387, 22.3121376038, 23.2989234924, 40.64661026, 66.5042037964, 101.343681335, 89.8128662109, 22.3812160492, 16.2042789459, 19.8376255035, 28.4849071503, 18.8902568817, 18.8784313202, 16.5978164673, 11.4373121262, 7.09012317657, 7.12374687195, 4.07178211212, 2.96716141701, 2.40251636505, 2.35260128975, 2.07762384415, 2.16615247726, 2.17698907852, 1.80523145199, 1.14940953255, 0.647554337978, 0.312944740057, 0.0897120609879, 0.0196451600641, 0.00285503617488, 0.000357686978532, 4.12309054809e-05],
        "min": [1.32773266159e-06, 3.17643321068e-06, 8.87640999281e-06, 1.54174704221e-05, 7.42965203244e-05, 0.000367068307241, 0.000355451076757, 0.00124706770293, 0.00311950664036, 0.0109429638833, 0.0692538246512, 0.0294721908867, 0.0197479017079, 0.0156363602728, 0.0268357414752, 0.0250002127141, 0.0277127474546, 0.00760300317779, 0.0107536949217, 0.0118365958333, 0.0227354839444, 0.00905014574528, 0.00383034674451, 0.00514870276675, 0.0058225505054, 0.00193141342606, 0.00112592196092, 0.0014162681764, 0.000627804198302, 0.000431968423072, 0.000290823372779, 0.00019718153635, 0.000164380995557, 4.99587040395e-05, 2.95821719192e-05, 2.63201582129e-05, 1.10085311462e-05, 4.29800093116e-06, 7.2630939485e-07, 6.02869150157e-08],
        "stdev": [0.241322740912, 1.12538850307, 3.08950543404, 7.86256361008, 16.2644348145, 16.1081218719, 27.6801109314, 39.2927970886, 48.8208427429, 59.0878944397, 56.2452545166, 94.8752212524, 213.325653076, 241.269866943, 44.9267997742, 22.8553161621, 28.196390152, 55.6910324097, 27.6634654999, 37.0259094238, 27.7066040039, 17.6220855713, 9.16981315613, 11.0484380722, 5.85492324829, 5.27386808395, 4.41758060455, 4.71402597427, 3.96207928658, 5.00070476532, 6.81576681137, 9.94156455994, 7.00102138519, 3.13597512245, 1.15483665466, 0.394601970911, 0.0677272155881, 0.00853088311851, 0.00109809543937, 4.89544800075e-05]
    },
    "gfcc": {
        "mean": [-29.5947189331, 99.4689102173, -125.283454895, 7.12780570984, -64.0259628296, 10.9787654877, -37.467918396, 7.38472890854, -20.9864902496, -6.68225002289, -22.4755878448, -4.58870267868, -10.2108449936],
        "cov": [[4521.76464844, -309.759094238, 401.404785156, 449.911956787, 82.0908584595, 307.21875, -191.41343689, 14.5918273926, -53.9587631226, 210.425338745, 60.114528656, 210.171691895, 60.0792999268], [-309.759094238, 1416.31140137, 569.347351074, 252.151306152, 218.907150269, -164.096557617, -179.378845215, -35.4789733887, 70.0814666748, 70.6222457886, 115.682632446, -35.9306945801, -10.1672105789], [401.404785156, 569.347351074, 1307.30664062, 481.857330322, 2.55905866623, -11.8920907974, -313.885894775, -41.4074859619, 13.387676239, 262.411621094, 178.381637573, 65.6008834839, -35.9020042419], [449.911956787, 252.151306152, 481.857330322, 513.174133301, 84.7068023682, 37.9582176208, -39.5654983521, -40.8746643066, 80.2951583862, 119.895263672, 131.495758057, 41.7610206604, -2.6419570446], [82.0908584595, 218.907150269, 2.55905866623, 84.7068023682, 215.108062744, 47.0922737122, 36.0054664612, 18.5143852234, 32.2616767883, 18.7207508087, 31.3387088776, 15.9114103317, 43.7689704895], [307.21875, -164.096557617, -11.8920907974, 37.9582176208, 47.0922737122, 182.624404907, 114.43813324, 43.2182044983, 23.0720386505, 5.06655597687, 17.8500614166, 47.2329940796, 43.9895095825], [-191.41343689, -179.378845215, -313.885894775, -39.5654983521, 36.0054664612, 114.43813324, 360.164215088, 68.0247955322, 73.5461425781, -83.251663208, -4.8095035553, 25.497549057, 52.2398605347], [14.5918273926, -35.4789733887, -41.4074859619, -40.8746643066, 18.5143852234, 43.2182044983, 68.0247955322, 104.978149414, 42.6530532837, 18.0897521973, 2.54606485367, 7.79023313522, 31.8568973541], [-53.9587631226, 70.0814666748, 13.387676239, 80.2951583862, 32.2616767883, 23.0720386505, 73.5461425781, 42.6530532837, 157.489028931, 65.4543685913, 52.6145935059, 9.77330493927, -4.41842031479], [210.425338745, 70.6222457886, 262.411621094, 119.895263672, 18.7207508087, 5.06655597687, -83.251663208, 18.0897521973, 65.4543685913, 172.058395386, 94.3088989258, 33.0812568665, -22.4521274567], [60.114528656, 115.682632446, 178.381637573, 131.495758057, 31.3387088776, 17.8500614166, -4.8095035553, 2.54606485367, 52.6145935059, 94.3088989258, 115.834075928, 45.7310409546, 1.07850730419], [210.171691895, -35.9306945801, 65.6008834839, 41.7610206604, 15.9114103317, 47.2329940796, 25.497549057, 7.79023313522, 9.77330493927, 33.0812568665, 45.7310409546, 99.4757614136, 33.5536689758], [60.0792999268, -10.1672105789, -35.9020042419, -2.6419570446, 43.7689704895, 43.9895095825, 52.2398605347, 31.8568973541, -4.41842031479, -22.4521274567, 1.07850730419, 33.5536689758, 98.6594085693]],
        "icov": [[0.000373440561816, -6.26054388704e-05, 0.00025594086037, -0.000559806998353, 0.000166465048096, -0.000733287946787, 0.000391787936678, -0.00019974798488, 0.000411714485381, -0.000705844839104, 0.00087595183868, -0.000734750938136, 5.2553430578e-05], [-6.26054388704e-05, 0.00181860721204, -0.0011298469035, 0.000559283886105, -0.00230544037186, 0.00204335059971, 0.000342820887454, -0.000197649162146, -0.00135162484366, 0.00260650273412, -0.002207220532, 0.000878896564245, 8.12229409348e-05], [0.00025594086037, -0.0011298469035, 0.00275143748149, -0.00219296105206, 0.00206141429953, -0.00189501862042, 0.00123529322445, -0.000721124641132, 0.00193561124615, -0.00322232325561, 0.00127346185036, -0.00121374544688, -6.83464168105e-05], [-0.000559806998353, 0.000559283886105, -0.00219296105206, 0.00545213930309, -0.00198854948394, 0.000885590678081, -0.00102071929723, 0.00299454876222, -0.00277923140675, 0.00228120479733, -0.00419117882848, 0.00206077168696, -0.000452983629657], [0.000166465048096, -0.00230544037186, 0.00206141429953, -0.00198854948394, 0.00886888056993, -0.00368104176596, 5.86732567172e-05, 5.87737258684e-06, 0.00145713181701, -0.00382337439805, 0.00206747930497, -0.000309999624733, -0.00269032060169], [-0.000733287946787, 0.00204335059971, -0.00189501862042, 0.000885590678081, -0.00368104176596, 0.0122061436996, -0.00327947945334, -0.0015999590978, -0.000808368960861, 0.00240936409682, -0.00210457877256, -0.000545230461285, -0.000844464171678], [0.000391787936678, 0.000342820887454, 0.00123529322445, -0.00102071929723, 5.86732567172e-05, -0.00327947945334, 0.00760041130707, -0.00298007740639, -0.00305563071743, 0.00525526888669, -0.00270839734003, -0.00152723770589, 0.000201121903956], [-0.00019974798488, -0.000197649162146, -0.000721124641132, 0.00299454876222, 5.87737258684e-06, -0.0015999590978, -0.00298007740639, 0.0165443513542, -0.00333139533177, -0.00504654133692, 0.00247396947816, 0.00244927825406, -0.00529205892235], [0.000411714485381, -0.00135162484366, 0.00193561124615, -0.00277923140675, 0.00145713181701, -0.000808368960861, -0.00305563071743, -0.00333139533177, 0.0133517961949, -0.00780915282667, 0.00130052329041, -8.59738793224e-05, 0.00148340687156], [-0.000705844839104, 0.00260650273412, -0.00322232325561, 0.00228120479733, -0.00382337439805, 0.00240936409682, 0.00525526888669, -0.00504654133692, -0.00780915282667, 0.0240874402225, -0.0151373362169, 0.000410351378378, 0.00421353289858], [0.00087595183868, -0.002207220532, 0.00127346185036, -0.00419117882848, 0.00206747930497, -0.00210457877256, -0.00270839734003, 0.00247396947816, 0.00130052329041, -0.0151373362169, 0.0277501344681, -0.00818814802915, -0.000658478704281], [-0.000734750938136, 0.000878896564245, -0.00121374544688, 0.00206077168696, -0.000309999624733, -0.000545230461285, -0.00152723770589, 0.00244927825406, -8.59738793224e-05, 0.000410351378378, -0.00818814802915, 0.0177980139852, -0.00532404799014], [5.2553430578e-05, 8.12229409348e-05, -6.83464168105e-05, -0.000452983629657, -0.00269032060169, -0.000844464171678, 0.000201121903956, -0.00529205892235, 0.00148340687156, 0.00421353289858, -0.000658478704281, -0.00532404799014, 0.016090799123]]
    },
    "melbands": {
        "max": [0.0160521790385, 0.0318257212639, 0.0204232633114, 0.0136594511569, 0.0101832710207, 0.0107544362545, 0.0117705622688, 0.00827427115291, 0.00465928809717, 0.00670303171501, 0.0113719580695, 0.0106908986345, 0.00482607679442, 0.000746521865949, 0.00075003731763, 0.000524064817, 0.00204179552384, 0.000421739154262, 0.000430202693678, 0.000453211861895, 0.000633651914541, 0.00033444626024, 8.64354879013e-05, 8.8166045316e-05, 8.31238357932e-05, 7.12016990292e-05, 4.3322568672e-05, 4.04508064094e-05, 3.19788123306e-05, 3.7932612031e-05, 4.08508967666e-05, 3.6489811464e-05, 2.99593630189e-05, 4.24371974077e-05, 6.05940185778e-05, 8.76894846442e-05, 0.000146576363477, 0.000121908560686, 6.44636165816e-05, 5.19958848599e-05],
        "mean": [0.00100436538924, 0.000552296405658, 0.0007954602479, 0.00081127503654, 0.000453522574389, 0.000381516671041, 0.000335216580424, 0.000245558243478, 0.000395654438762, 0.00046077920706, 0.000519179098774, 0.000396489573177, 7.84033472883e-05, 4.26769656769e-05, 4.68801481475e-05, 4.46628509962e-05, 5.3381005273e-05, 3.0401020922e-05, 2.67259310931e-05, 2.21247537411e-05, 1.90037990251e-05, 1.26959266709e-05, 6.989488611e-06, 6.27168037681e-06, 5.85576117373e-06, 3.51836206391e-06, 2.22976495934e-06, 1.86795671198e-06, 1.47615310198e-06, 1.41634768624e-06, 1.36430526254e-06, 1.21795733321e-06, 1.0655397773e-06, 1.25075303004e-06, 1.30092428208e-06, 1.10537973796e-06, 1.12193924906e-06, 8.78843025021e-07, 6.06753985721e-07, 5.21541835496e-07],
        "min": [1.60599569199e-08, 4.13903622487e-09, 4.25146140515e-09, 2.14496562734e-08, 1.34167628119e-08, 2.41765469866e-08, 3.61798093707e-08, 8.07630513577e-08, 2.04907465218e-07, 9.94536932808e-08, 3.78392712719e-08, 5.56839054866e-08, 7.68295222997e-08, 7.67262875456e-08, 4.88678928434e-08, 3.18007664646e-08, 1.00640642486e-08, 1.53852948159e-08, 1.20137482185e-08, 2.50406309021e-08, 2.49576750377e-08, 9.47003453433e-09, 3.71658170906e-09, 4.35486668948e-09, 3.77213549285e-09, 6.69672539644e-09, 1.37050415461e-09, 1.26995680638e-09, 7.49822703927e-10, 6.67340516181e-10, 7.60405682865e-10, 2.93567448129e-10, 2.99787250579e-10, 1.99949154456e-10, 1.68280084312e-10, 1.29504740265e-10, 1.16951767715e-10, 1.08928491227e-10, 5.88365189902e-11, 3.46686915287e-11],
        "stdev": [0.00184517679736, 0.00142431817949, 0.00143498124089, 0.00121420389041, 0.000816014886368, 0.000857567589264, 0.00070411345223, 0.00056550570298, 0.000590244308114, 0.000738394795917, 0.00108230405021, 0.00105624075513, 0.000207747274544, 6.45058535156e-05, 7.24543206161e-05, 6.43632301944e-05, 0.00011389991414, 4.75624474348e-05, 4.75801280118e-05, 4.51428059023e-05, 3.43218671333e-05, 2.21760419663e-05, 9.27453675104e-06, 9.23833158595e-06, 9.66603329289e-06, 5.43372152606e-06, 3.64776678907e-06, 3.54989197149e-06, 2.6913610327e-06, 2.9299860671e-06, 2.78416769106e-06, 2.42967507802e-06, 2.14248188968e-06, 3.07868390337e-06, 3.81151085094e-06, 4.79600703329e-06, 6.97409132044e-06, 5.87577460465e-06, 3.13885311698e-06, 2.55874238064e-06]
    },
    "melbands128": {
        "max": [0.0142558123916, 0.0163115356117, 0.0278280097991, 0.0294801853597, 0.0349668003619, 0.037956699729, 0.0267266221344, 0.0232942458242, 0.018994173035, 0.0237478502095, 0.0108500961214, 0.00776758603752, 0.0193815529346, 0.0189771931618, 0.0192545186728, 0.0221511889249, 0.0161119177938, 0.0175023693591, 0.0103105399758, 0.0143071655184, 0.00726039102301, 0.00719494838268, 0.00582862319425, 0.0111634014174, 0.00735605275258, 0.00584886968136, 0.0334224700928, 0.0163180083036, 0.0200519878417, 0.0200813822448, 0.0165808964521, 0.0160566493869, 0.00313195888884, 0.00249359384179, 0.0016005608486, 0.000764834985603, 0.000888311245944, 0.00161403231323, 0.000912619521841, 0.00114357937127, 0.000776269240305, 0.00177389441524, 0.00351841398515, 0.00224266201258, 0.000964627077337, 0.000545364920981, 0.000459399569081, 0.000659093726426, 0.00109005346894, 0.00127393973526, 0.000776608940214, 0.000320743536577, 0.00159998866729, 0.000978786032647, 0.000498745765071, 0.00057520577684, 0.000217210923438, 0.000159513292601, 0.000148447841639, 9.17355209822e-05, 0.000190157472389, 0.000143381796079, 0.000106852538011, 0.000148453837028, 8.02884460427e-05, 0.000146207850776, 6.96257484378e-05, 4.89451631438e-05, 5.8436053223e-05, 6.99092561263e-05, 5.96412246523e-05, 5.06007672811e-05, 3.08563103317e-05, 3.95716378989e-05, 3.25140863424e-05, 5.14990679221e-05, 4.76595414511e-05, 4.35373949585e-05, 5.32643098268e-05, 3.75416893803e-05, 6.37494376861e-05, 2.3241069357e-05, 2.8520145861e-05, 2.99946732412e-05, 4.65651064587e-05, 4.56431953353e-05, 5.25142750121e-05, 5.55488004466e-05, 6.5009255195e-05, 8.98655125638e-05, 7.13318004273e-05, 0.000119921256555, 0.000169234976056, 0.00021155505965, 0.000172649815795, 0.000176111119799, 0.000140366173582, 8.96406636457e-05, 7.00512755429e-05, 6.64682156639e-05, 6.17645564489e-05, 5.98363803874e-05, 3.28765927406e-05, 2.74142803391e-05, 3.2200012356e-05, 2.1015506718e-05, 3.29132781189e-05, 3.5601464333e-05, 1.19771939353e-05, 1.04360024125e-05, 5.89953151575e-06, 4.90828551847e-06, 3.08558969664e-06, 2.71938461083e-06, 1.64445702922e-06, 1.1989216091e-06, 8.19986212264e-07, 1.28174326619e-06, 8.75205273587e-07, 5.84577264817e-07, 6.6039262947e-07, 5.58812871532e-07, 4.96929033034e-07, 1.29986093e-08, 8.16390219316e-11, 7.82071421512e-11, 7.75062930503e-11, 7.75071812287e-11],
        "mean": [0.000894391734619, 0.00125131406821, 0.00102552305907, 0.000590505660512, 0.000431324238889, 0.000578661100008, 0.000700777338352, 0.000784542586189, 0.00105065281969, 0.00101443345193, 0.000490077363793, 0.000422942219302, 0.000446257501608, 0.000501944217831, 0.000343223538948, 0.000338710728101, 0.000376438634703, 0.000345934706274, 0.000250316050369, 0.000283594301436, 0.000204223426408, 0.000263036548859, 0.000356658012606, 0.00066522549605, 0.000358131655958, 0.0002794546308, 0.000911560433451, 0.000293826480629, 0.000533282989636, 0.000574864679947, 0.000320281251334, 0.000101488389191, 6.4127103542e-05, 5.912870256e-05, 4.53408756584e-05, 3.64710685972e-05, 3.67293214367e-05, 5.59061845706e-05, 4.69570441055e-05, 3.68430737581e-05, 3.70192210539e-05, 6.73496469972e-05, 6.24325984973e-05, 3.83084370696e-05, 4.20428659709e-05, 2.53942489508e-05, 2.29829711316e-05, 2.88898536382e-05, 2.60927499767e-05, 2.74929589068e-05, 2.18003187911e-05, 1.51688127517e-05, 2.36510350078e-05, 1.86252473213e-05, 1.37871056722e-05, 1.42307499118e-05, 9.28271947487e-06, 7.59624026614e-06, 6.41800670564e-06, 5.08189805259e-06, 6.66465257382e-06, 6.60481691739e-06, 6.58191265757e-06, 5.63474850424e-06, 4.5391589083e-06, 3.81914242098e-06, 2.7913285976e-06, 2.01154807655e-06, 2.29275224228e-06, 2.09659492612e-06, 2.04562752515e-06, 1.67089524439e-06, 1.40597512654e-06, 1.53630423938e-06, 1.36634275805e-06, 1.4971959672e-06, 1.40606459809e-06, 1.24332950691e-06, 1.4481782955e-06, 1.40731367537e-06, 1.28156489154e-06, 1.1249300087e-06, 1.01131831798e-06, 9.89367208604e-07, 1.22092137644e-06, 1.12438181077e-06, 1.41247323882e-06, 1.24519476685e-06, 1.35503046295e-06, 1.26890972751e-06, 1.11545693926e-06, 1.05090134639e-06, 1.08243227714e-06, 1.13877979402e-06, 1.19718663427e-06, 9.79964511316e-07, 8.34993727494e-07, 6.52391975109e-07, 5.97937855673e-07, 6.00846476573e-07, 5.49849687559e-07, 5.14126213602e-07, 4.8060599056e-07, 4.38612772768e-07, 3.87939110169e-07, 2.5934522796e-07, 2.32439418824e-07, 1.94184551106e-07, 1.37657067967e-07, 1.08950999334e-07, 9.22850915686e-08, 7.14119394729e-08, 5.49293339702e-08, 4.46094965412e-08, 3.10129877334e-08, 2.3584034281e-08, 1.67921196947e-08, 1.2987532827e-08, 1.20978889129e-08, 1.0807086781e-08, 9.7564178958e-09, 7.81304887454e-09, 4.26262447561e-09, 1.19421486589e-10, 3.43797321341e-12, 3.31283459866e-12, 3.24121567259e-12, 3.21704099991e-12],
        "min": [3.11509595896e-09, 7.00964086775e-09, 3.68501718029e-09, 8.62432236737e-10, 1.73909209256e-09, 2.67891797634e-09, 5.33614763487e-10, 3.54724671858e-09, 2.19635554188e-09, 8.33295565883e-09, 3.40401729026e-09, 8.25745782862e-09, 4.25965795969e-09, 8.7984783903e-09, 4.31681268509e-09, 5.44507239297e-09, 6.11451689281e-09, 3.42147599142e-09, 2.68320050623e-08, 1.35316122751e-08, 3.05861149741e-08, 3.71896220486e-08, 1.31594603658e-07, 2.85749557349e-08, 4.84885269714e-08, 2.28544951852e-08, 1.61309436919e-08, 2.6759717997e-08, 1.66670908186e-08, 7.79523787742e-08, 3.86261476137e-08, 5.11661539804e-08, 3.32161995686e-08, 7.93246357489e-08, 2.39911077671e-08, 8.36702156448e-08, 2.67073723137e-08, 1.63389053398e-08, 7.46545794073e-08, 2.72332254525e-08, 1.97057143936e-08, 1.71708265384e-08, 1.01799031427e-08, 2.12949036182e-09, 2.87796542153e-09, 2.19441389504e-08, 2.8200179969e-08, 4.53295267988e-09, 1.03672901375e-08, 1.25053150057e-08, 2.0174885762e-08, 1.99352410135e-08, 2.92828943316e-08, 1.41522233932e-08, 9.22241660817e-09, 3.80571796299e-09, 3.99275146279e-09, 5.30096722073e-09, 4.14794115722e-10, 1.88233739706e-09, 5.39157518631e-09, 6.1266915985e-09, 2.4998974002e-09, 1.44214429287e-09, 7.95159138534e-09, 8.60584048468e-09, 4.3481245271e-09, 1.37881539519e-09, 7.38449412729e-10, 1.14589748801e-09, 1.50367407414e-09, 1.14862896972e-09, 8.1242645944e-10, 8.29963375804e-10, 3.06663167082e-10, 4.23924256809e-10, 6.47256415132e-10, 7.55606854863e-10, 5.68002422874e-10, 3.89152515767e-10, 1.05465379485e-10, 2.4311483382e-10, 2.69043620715e-10, 2.08329228868e-10, 2.13744758004e-10, 9.57139159596e-11, 1.6313132789e-10, 9.00695837358e-11, 1.48352177765e-10, 1.56401044893e-10, 1.44032605287e-10, 8.39429983857e-11, 1.30306862522e-10, 1.21635798656e-10, 1.13587118877e-10, 1.08791448072e-10, 8.13540207423e-11, 1.05714235976e-10, 5.19260849596e-11, 4.64388770494e-11, 4.30991943523e-11, 2.70463842295e-11, 3.19766886581e-11, 2.84168834297e-11, 3.34201416541e-11, 3.35616673341e-11, 3.49185992621e-11, 4.12291034646e-11, 4.07460627738e-11, 4.37668234987e-11, 3.14676826263e-11, 2.26966067468e-11, 2.58568791378e-11, 2.71762404247e-11, 4.93522193598e-12, 2.69747123943e-11, 3.16431360281e-11, 2.64944576694e-12, 1.21289710588e-13, 1.36465559447e-13, 1.26328160714e-13, 1.14772584882e-13, 1.23756541581e-13, 1.06464614685e-13, 6.44164355103e-14, 2.80818510128e-14, 4.86362718423e-15, 1.11872776481e-16],
        "stdev": [0.00197985279374, 0.00245832861401, 0.00233570486307, 0.00176140747499, 0.00153734826017, 0.00165310897864, 0.00174038938712, 0.00174779375084, 0.00194992113393, 0.001935032662, 0.00091771868756, 0.000765463511925, 0.00110229407437, 0.0015010475181, 0.00101608980913, 0.00116385391448, 0.000960866338573, 0.000960854406003, 0.000796177075244, 0.00103217898868, 0.000416105234763, 0.000570927921217, 0.000720544776414, 0.0013072444126, 0.000782575458288, 0.000646811618935, 0.00285377819091, 0.000817581953015, 0.00150341633707, 0.0015962413745, 0.00134942051955, 0.000531122845132, 0.000165774021298, 0.000151609434397, 8.94369004527e-05, 6.63782848278e-05, 7.21639953554e-05, 0.000107624407974, 8.58772255015e-05, 7.46672376408e-05, 7.02274119249e-05, 0.0001448365947, 0.000176567584276, 0.00011825186084, 8.0801488366e-05, 4.19263014919e-05, 4.62168027298e-05, 5.95061173954e-05, 6.71984162182e-05, 9.22536855796e-05, 5.43603746337e-05, 2.89147228614e-05, 6.1653299781e-05, 4.25102407462e-05, 2.9532597182e-05, 3.31039918819e-05, 1.64356915775e-05, 1.20910253827e-05, 1.05666958916e-05, 7.99362624093e-06, 1.21501116155e-05, 1.29443988044e-05, 1.18355965242e-05, 1.1442874893e-05, 7.22889808458e-06, 7.97980010248e-06, 5.25285349795e-06, 3.44845398104e-06, 4.55836698166e-06, 4.32420802099e-06, 4.38592041974e-06, 3.83244332625e-06, 2.77456251752e-06, 3.22012351717e-06, 2.81369329969e-06, 3.38116615239e-06, 3.2307946185e-06, 2.77850745078e-06, 3.11933945341e-06, 3.0223950489e-06, 2.9232955967e-06, 2.21059121941e-06, 2.13445264308e-06, 2.02945147976e-06, 2.87573175228e-06, 2.9779525903e-06, 3.75915942641e-06, 3.37237656822e-06, 3.93932123188e-06, 4.60948695036e-06, 4.3921231736e-06, 5.4002325669e-06, 6.41798351353e-06, 7.87349381426e-06, 8.26264476927e-06, 7.239167644e-06, 5.9249377955e-06, 3.98844304073e-06, 3.24782513417e-06, 3.13741816171e-06, 3.1059032608e-06, 2.76122636933e-06, 1.90904393094e-06, 1.64294192473e-06, 1.40450902109e-06, 1.02852288819e-06, 1.17663000765e-06, 1.17656543352e-06, 5.93767708779e-07, 4.62353028752e-07, 3.87269466273e-07, 2.68469278808e-07, 1.9073198132e-07, 1.47826426655e-07, 9.10413788802e-08, 7.88014631325e-08, 5.44813794079e-08, 5.02038588479e-08, 4.24879118555e-08, 3.71627990603e-08, 3.58978624604e-08, 2.85477508299e-08, 1.73278351667e-08, 5.87502990701e-10, 6.33654934079e-12, 6.22905806796e-12, 6.1726838918e-12, 6.14265062426e-12]
    },
    "mfcc": {
        "mean": [-672.599487305, 137.441009521, -8.01425457001, 3.12812685966, -4.13441848755, 0.099443398416, -7.08221530914, 6.73159980774, 0.676837921143, 2.30943727493, -0.807030797005, -7.60614919662, -9.24936962128],
        "cov": [[4605.69189453, -517.50213623, 114.934898376, 60.5345306396, 179.899841309, 239.376754761, 44.9287872314, 2.80557560921, 35.6946907043, -64.5302505493, -45.7679100037, 43.1118469238, 63.4803886414], [-517.50213623, 1258.67675781, 316.785522461, 238.364425659, 264.991027832, -93.5509338379, -68.5369262695, -139.290603638, -22.3505840302, -113.957923889, 91.05128479, 90.8741989136, 117.953018188], [114.934898376, 316.785522461, 1145.84094238, 376.872467041, 272.53515625, 45.4899559021, -75.3150558472, -227.06640625, -103.104568481, -86.3696670532, 95.7632827759, 199.386032104, 220.849411011], [60.5345306396, 238.364425659, 376.872467041, 386.731414795, 158.661605835, 71.7890472412, -27.2808513641, -72.9873580933, -45.7141265869, 9.90929698944, 50.9846038818, 111.629432678, 108.924499512], [179.899841309, 264.991027832, 272.53515625, 158.661605835, 284.31463623, 24.8303604126, -25.2994499207, -125.445297241, -11.9282398224, -47.3874588013, 34.5641212463, 73.9090576172, 100.710662842], [239.376754761, -93.5509338379, 45.4899559021, 71.7890472412, 24.8303604126, 163.041122437, 53.0369300842, 70.4752578735, 6.27988100052, 42.0553665161, 7.90076732635, 31.8744983673, 14.5988483429], [44.9287872314, -68.5369262695, -75.3150558472, -27.2808513641, -25.2994499207, 53.0369300842, 144.254730225, 84.5987167358, 45.130405426, 24.0252094269, -35.7104148865, -25.7755527496, -8.37371444702], [2.80557560921, -139.290603638, -227.06640625, -72.9873580933, -125.445297241, 70.4752578735, 84.5987167358, 215.889068604, 70.0553359985, 74.3604278564, -31.3219566345, -52.2501335144, -65.912612915], [35.6946907043, -22.3505840302, -103.104568481, -45.7141265869, -11.9282398224, 6.27988100052, 45.130405426, 70.0553359985, 110.845596313, 47.3590888977, -6.04647445679, -26.2292995453, -12.6357316971], [-64.5302505493, -113.957923889, -86.3696670532, 9.90929698944, -47.3874588013, 42.0553665161, 24.0252094269, 74.3604278564, 47.3590888977, 138.377883911, 27.058303833, 12.4363231659, -28.4794406891], [-45.7679100037, 91.05128479, 95.7632827759, 50.9846038818, 34.5641212463, 7.90076732635, -35.7104148865, -31.3219566345, -6.04647445679, 27.058303833, 106.588150024, 79.4528427124, 33.0620346069], [43.1118469238, 90.8741989136, 199.386032104, 111.629432678, 73.9090576172, 31.8744983673, -25.7755527496, -52.2501335144, -26.2292995453, 12.4363231659, 79.4528427124, 164.22744751, 101.797157288], [63.4803886414, 117.953018188, 220.849411011, 108.924499512, 100.710662842, 14.5988483429, -8.37371444702, -65.912612915, -12.6357316971, -28.4794406891, 33.0620346069, 101.797157288, 154.642150879]],
        "icov": [[0.000272618955933, 0.000167870675796, 2.54363112617e-05, -3.01473701256e-05, -0.000219862064114, -0.000395059061702, 0.000113544119813, 3.69315312128e-05, -0.000302775850287, 0.000402554229368, 6.33923409623e-05, -0.000116104063636, 5.95968995185e-05], [0.000167870675796, 0.00145756930579, 8.63616733113e-05, -0.000841013970785, -0.00124421308283, 0.00121502100956, -5.59111431357e-05, -0.000903508625925, -0.000306406262098, 0.0014566895552, -0.00126792001538, 5.06602664245e-05, 7.68012178014e-05], [2.54363112617e-05, 8.63616733113e-05, 0.00175230263267, -0.00106038874947, -0.000223399198148, -0.000355712807504, -5.40961082152e-05, 0.00083126447862, 0.000189648606465, 0.000729747815058, -0.000498421140946, -0.000289954070468, -0.000854165817145], [-3.01473701256e-05, -0.000841013970785, -0.00106038874947, 0.00555756874382, -0.00104742764961, -0.00188089872245, 0.00061162142083, 4.07391453336e-05, 0.00188003189396, -0.00276003102772, 0.00116184656508, -0.000392336951336, -0.00118095346261], [-0.000219862064114, -0.00124421308283, -0.000223399198148, -0.00104742764961, 0.00859584007412, -0.00344265345484, -0.000186643213965, 0.00540327886119, -0.00343977077864, 0.000732117565349, 0.000605316774454, 6.76435156493e-05, -0.00120420986786], [-0.000395059061702, 0.00121502100956, -0.000355712807504, -0.00188089872245, -0.00344265345484, 0.0130796991289, -0.00292115425691, -0.00651447940618, 0.00365112326108, -0.00121602532454, -0.00140822911635, -0.00122000346892, 0.000319245649735], [0.000113544119813, -5.59111431357e-05, -5.40961082152e-05, 0.00061162142083, -0.000186643213965, -0.00292115425691, 0.0109874559566, -0.00246415217407, -0.00264330999926, 0.000153962275363, 0.00327092083171, 5.6711724028e-05, -0.00133979402017], [3.69315312128e-05, -0.000903508625925, 0.00083126447862, 4.07391453336e-05, 0.00540327886119, -0.00651447940618, -0.00246415217407, 0.0142261376604, -0.00540806958452, -0.00184019806329, 0.00187610602006, -2.36079777096e-05, 0.00131802284159], [-0.000302775850287, -0.000306406262098, 0.000189648606465, 0.00188003189396, -0.00343977077864, 0.00365112326108, -0.00264330999926, -0.00540806958452, 0.0167217068374, -0.00573790585622, -0.00170661706943, 0.00349171855487, -0.00341383297928], [0.000402554229368, 0.0014566895552, 0.000729747815058, -0.00276003102772, 0.000732117565349, -0.00121602532454, 0.000153962275363, -0.00184019806329, -0.00573790585622, 0.0145422564819, -0.00409789662808, -0.00268012098968, 0.00333724729717], [6.33923409623e-05, -0.00126792001538, -0.000498421140946, 0.00116184656508, 0.000605316774454, -0.00140822911635, 0.00327092083171, 0.00187610602006, -0.00170661706943, -0.00409789662808, 0.0188458897173, -0.00908394344151, 0.00260643521324], [-0.000116104063636, 5.06602664245e-05, -0.000289954070468, -0.000392336951336, 6.76435156493e-05, -0.00122000346892, 5.6711724028e-05, -2.36079777096e-05, 0.00349171855487, -0.00268012098968, -0.00908394344151, 0.0177804138511, -0.00920697767287], [5.95968995185e-05, 7.68012178014e-05, -0.000854165817145, -0.00118095346261, -0.00120420986786, 0.000319245649735, -0.00133979402017, 0.00131802284159, -0.00341383297928, 0.00333724729717, 0.00260643521324, -0.00920697767287, 0.0155176501721]]
    },
    "spectral_contrast_coeffs": {
        "max": [-0.435035854578, -0.45572924614, -0.410115122795, -0.628813445568, -0.677219390869, -0.637978792191],
        "mean": [-0.662521004677, -0.709546208382, -0.744837105274, -0.81198322773, -0.804843962193, -0.78210580349],
        "min": [-0.890915215015, -0.933115124702, -0.916729390621, -0.91400796175, -0.885540723801, -0.873776495457],
        "stdev": [0.0824920088053, 0.0819488689303, 0.0971769317985, 0.041822258383, 0.0302598197013, 0.0362536869943]
    },
    "spectral_contrast_valleys": {
        "max": [-5.06882953644, -4.80152082443, -5.09612417221, -5.71759605408, -6.13063716888, -7.45875740051],
        "mean": [-7.33166217804, -6.92086362839, -7.26980543137, -7.53461837769, -8.01337528229, -10.6057090759],
        "min": [-12.1588869095, -9.97224998474, -9.80879688263, -10.4320211411, -11.0166416168, -13.9787750244],
        "stdev": [1.17190063, 0.819347679615, 0.750331401825, 0.770696520805, 0.734793901443, 0.869327843189]
    }
},
"rhythm": {
    "beats_count": 81,
    "beats_loudness": {
        "max": 0.105188623071,
        "mean": 0.0286341272295,
        "min": 0.00346790673211,
        "stdev": 0.0201425366104
    },
    "bpm": 100.958900452,
    "bpm_histogram_first_peak_bpm": 101,
    "bpm_histogram_first_peak_weight": 0.179487168789,
    "bpm_histogram_second_peak_bpm": 92,
    "bpm_histogram_second_peak_spread": 0.5,
    "bpm_histogram_second_peak_weight": 0.0125000001863,
    "danceability": 0.941720485687,
    "onset_rate": 3.6298828125,
    "beats_loudness_band_ratio": {
        "max": [0.853605091572, 0.595194041729, 0.896887123585, 0.984415054321, 0.46605026722, 0.423331052065],
        "mean": [0.271174907684, 0.215192034841, 0.265787273645, 0.153141900897, 0.107048101723, 0.0337286479771],
        "min": [1.69773484231e-05, 6.28999841865e-05, 0.000467843434308, 0.0174146238714, 0.00395564828068, 0.00192620826419],
        "stdev": [0.233147099614, 0.12735158205, 0.215666025877, 0.178972095251, 0.0969864651561, 0.0483811758459]
    },
