{
"metadata": {
    "version": {
        "essentia": "2.1-beta5",
        "essentia_git_sha": "Undefined",
        "extractor": "music 2.0"
    },
    "audio_properties": {
        "analysis": {
            "equal_loudness": 0,
            "length": 29.0017242432,
            "sample_rate": 44100,
            "start_time": 64.9926528931,
            "downmix": "mix"
        },
        "bit_rate": 192000,
        "length": 192.214797974,
        "lossless": 0,
        "number_channels": 2,
        "replay_gain": 0.911340713501,
        "sample_rate": 48000,
        "codec": "mp3",
        "md5_encoded": "2ed93ad2937fb9c39808cda6355ff0e6"
    },
    "tags": {
        "file_name": "Portugal_Foi Magia_Sofia.mp3",
        "encoding": ["Lavf58.29.100"]
    }
},
"lowlevel": {
    "average_loudness": 0.830694198608,
    "barkbands_crest": {
        "max": 26.1684017181,
        "mean": 12.1651535034,
        "min": 2.66589355469,
        "stdev": 5.56148147583
    },
    "barkbands_flatness_db": {
        "max": 0.343195348978,
        "mean": 0.159270346165,
        "min": 0.062643751502,
        "stdev": 0.0457112453878
    },
    "barkbands_kurtosis": {
        "max": 176.255645752,
        "mean": 3.62558507919,
        "min": -1.73219275475,
        "stdev": 9.23116874695
    },
    "barkbands_skewness": {
        "max": 12.3096694946,
        "mean": 1.10540115833,
        "min": -1.53980958462,
        "stdev": 1.15433943272
    },
    "barkbands_spread": {
        "max": 90.0044403076,
        "mean": 21.2411136627,
        "min": 0.944921255112,
        "stdev": 13.6883125305
    },
    "dissonance": {
        "max": 0.499950140715,
        "mean": 0.457942813635,
        "min": 0.322029680014,
        "stdev": 0.0301836710423
    },
    "dynamic_complexity": 4.40465831757,
    "erbbands_crest": {
        "max": 33.1211891174,
        "mean": 13.723151207,
        "min": 2.8913667202,
        "stdev": 7.18981647491
    },
    "erbbands_flatness_db": {
        "max": 0.391030848026,
        "mean": 0.201510772109,
        "min": 0.0886405706406,
        "stdev": 0.0531148500741
    },
    "erbbands_kurtosis": {
        "max": 51.283744812,
        "mean": 1.99115431309,
        "min": -1.70252120495,
        "stdev": 4.42675209045
    },
    "erbbands_skewness": {
        "max": 6.08797264099,
        "mean": 0.924125492573,
        "min": -1.87144875526,
        "stdev": 1.02165842056
    },
    "erbbands_spread": {
        "max": 128.143981934,
        "mean": 28.3448257446,
        "min": 1.9673923254,
        "stdev": 16.1110153198
    },
    "hfc": {
        "max": 93.3000488281,
        "mean": 17.0602321625,
        "min": 0.324140191078,
        "stdev": 14.3365736008
    },
    "loudness_ebu128": {
        "integrated": -25.5228176117,
        "loudness_range": 10.9077301025,
        "momentary": {
            "max": -21.6553268433,
            "mean": -27.3499202728,
            "min": -39.0769577026,
            "stdev": 4.32125473022
        },
        "short_term": {
            "max": -22.8463573456,
            "mean": -26.6750106812,
            "min": -34.8438186646,
            "stdev": 3.36258935928
        }
    },
    "melbands_crest": {
        "max": 34.4333992004,
        "mean": 16.6808986664,
        "min": 3.79328894615,
        "stdev": 6.84100675583
    },
    "melbands_flatness_db": {
        "max": 0.369865775108,
        "mean": 0.178272068501,
        "min": 0.0318104065955,
        "stdev": 0.0508337914944
    },
    "melbands_kurtosis": {
        "max": 309.625671387,
        "mean": 9.07724666595,
        "min": -1.6386436224,
        "stdev": 19.9985389709
    },
    "melbands_skewness": {
        "max": 14.5745038986,
        "mean": 1.71423435211,
        "min": -1.69123721123,
        "stdev": 1.54449081421
    },
    "melbands_spread": {
        "max": 170.051773071,
        "mean": 25.3809108734,
        "min": 0.936669409275,
        "stdev": 16.6724281311
    },
    "pitch_salience": {
        "max": 0.826618373394,
        "mean": 0.494141936302,
        "min": 0.100735701621,
        "stdev": 0.126640975475
    },
    "silence_rate_20dB": {
        "max": 1,
        "mean": 1,
        "min": 1,
        "stdev": 0
    },
    "silence_rate_30dB": {
        "max": 1,
        "mean": 1,
        "min": 1,
        "stdev": 0
    },
    "silence_rate_60dB": {
        "max": 1,
        "mean": 0.178399994969,
        "min": 0,
        "stdev": 0.382850646973
    },
    "spectral_centroid": {
        "max": 4283.39453125,
        "mean": 1442.24084473,
        "min": 287.28616333,
        "stdev": 572.799743652
    },
    "spectral_complexity": {
        "max": 33,
        "mean": 13.4399995804,
        "min": 0,
        "stdev": 6.43776512146
    },
    "spectral_decrease": {
        "max": -8.38709310336e-11,
        "mean": -4.71717465089e-09,
        "min": -2.41968347581e-08,
        "stdev": 4.10625888847e-09
    },
    "spectral_energy": {
        "max": 0.0966505631804,
        "mean": 0.0193511210382,
        "min": 0.000359232013579,
        "stdev": 0.0166532415897
    },
    "spectral_energyband_high": {
        "max": 0.0111371297389,
        "mean": 0.000382088765036,
        "min": 3.44873956237e-06,
        "stdev": 0.000609659880865
    },
    "spectral_energyband_low": {
        "max": 0.0151546113193,
        "mean": 0.00220613530837,
        "min": 1.03031416074e-05,
        "stdev": 0.00263534858823
    },
    "spectral_energyband_middle_high": {
        "max": 0.0714855119586,
        "mean": 0.00697039393708,
        "min": 6.86825151206e-05,
        "stdev": 0.0094570973888
    },
    "spectral_energyband_middle_low": {
        "max": 0.0873690694571,
        "mean": 0.0113789699972,
        "min": 6.22414881946e-05,
        "stdev": 0.0131138265133
    },
    "spectral_entropy": {
        "max": 8.64951038361,
        "mean": 7.57004785538,
        "min": 6.20183181763,
        "stdev": 0.386024594307
    },
    "spectral_flux": {
        "max": 0.225443616509,
        "mean": 0.0669188052416,
        "min": 0.00968862324953,
        "stdev": 0.0386462472379
    },
    "spectral_kurtosis": {
        "max": 14.5369987488,
        "mean": 3.76621556282,
        "min": -0.85648059845,
        "stdev": 2.2429766655
    },
    "spectral_rms": {
        "max": 0.00971047021449,
        "mean": 0.00390747282654,
        "min": 0.00059200526448,
        "stdev": 0.00190021481831
    },
    "spectral_rolloff": {
        "max": 10917.3339844,
        "mean": 1586.87365723,
        "min": 64.599609375,
        "stdev": 1376.21533203
    },
    "spectral_skewness": {
        "max": 2.74336338043,
        "mean": 1.4949952364,
        "min": 0.301846951246,
        "stdev": 0.397058904171
    },
    "spectral_spread": {
        "max": 14599279,
        "mean": 4527171,
        "min": 1883893.75,
        "stdev": 1323462.5
    },
    "spectral_strongpeak": {
        "max": 8.3837890625,
        "mean": 1.73712944984,
        "min": 0,
        "stdev": 1.76072752476
    },
    "zerocrossingrate": {
        "max": 0.30908203125,
        "mean": 0.0613117180765,
        "min": 0.01416015625,
        "stdev": 0.0312776938081
    },
    "barkbands": {
        "max": [0.00445227045566, 0.0120382001624, 0.0113476095721, 0.00736867450178, 0.05369316414, 0.0411535538733, 0.0827910751104, 0.0485483445227, 0.0864510387182, 0.0722691565752, 0.0236967355013, 0.00368184316903, 0.00543469749391, 0.012035112828, 0.0105883413926, 0.00609371997416, 0.00702159013599, 0.00927497912198, 0.00121261470485, 0.00137883541174, 0.000934280222282, 0.00122373434715, 0.00340699218214, 0.00154527253471, 0.00403041485697, 1.05328226709e-05, 3.8200319068e-06],
        "mean": [0.000175495093572, 0.00142045854591, 0.000537628307939, 0.00025303842267, 0.000832348363474, 0.00154661899433, 0.00270550884306, 0.00162772822659, 0.00177456554957, 0.00394071312621, 0.00124818750191, 0.000323532236507, 0.000348614528775, 0.000799613189884, 0.000530155200977, 0.000155452056788, 0.000213493054616, 0.000306728034047, 0.000150134263095, 0.000147381419083, 6.80705779814e-05, 5.05178140884e-05, 5.83770925005e-05, 6.47495908197e-05, 7.18844457879e-05, 1.25963453002e-07, 4.60660176671e-09],
        "min": [6.55844356601e-09, 2.62478897639e-06, 5.05071739099e-07, 7.39198497968e-08, 8.83246741523e-07, 1.23909399008e-06, 3.39000484928e-06, 6.76315266901e-07, 4.41328302259e-06, 6.27759845884e-06, 1.16648993753e-06, 2.36374080487e-06, 1.85788906037e-06, 2.86743102151e-06, 2.12826239476e-06, 1.47802927586e-06, 1.82794781267e-06, 2.42807277573e-06, 1.12200780222e-06, 9.60484953794e-07, 4.65972561869e-07, 2.44135577532e-07, 1.17923406151e-07, 2.34626014617e-07, 1.20359175071e-07, 1.57658663902e-10, 1.76598333179e-10],
        "stdev": [0.000386563246138, 0.00209995848127, 0.00104934326373, 0.00065060245106, 0.00256768870167, 0.00370444636792, 0.00742907496169, 0.00526841869578, 0.00580194266513, 0.0101030422375, 0.00300310598686, 0.000520134984981, 0.000596422818489, 0.0013351283269, 0.00102454051375, 0.000344719243003, 0.000596535508521, 0.000768833328038, 0.000158714115969, 0.000156903726747, 7.82483984949e-05, 8.60397631186e-05, 0.00014534368529, 0.000115534770885, 0.000243190414039, 6.00301461873e-07, 1.1070810757e-07]
    },
    "erbbands": {
        "max": [0.65604019165, 2.82686209679, 10.6753387451, 19.3633155823, 32.1252555847, 211.457504272, 313.958007812, 332.473480225, 792.939758301, 1493.10559082, 1342.61560059, 2363.79858398, 2597.7956543, 1053.56091309, 857.856384277, 173.410766602, 197.898178101, 557.162902832, 771.478942871, 693.706726074, 420.58795166, 221.559280396, 327.737030029, 358.689300537, 49.7631111145, 63.8709983826, 29.2877788544, 44.9504051208, 44.2643737793, 94.8765716553, 84.0079040527, 47.3950500488, 32.1921081543, 42.1910171509, 26.6819953918, 2.24853563309, 0.0531614646316, 0.00316195446067, 0.00055086548673, 0.000112926049042],
        "mean": [0.0508620105684, 0.281893283129, 0.608101427555, 0.76623415947, 1.25980710983, 2.79072237015, 9.36168956757, 12.0576543808, 22.8782978058, 50.2868385315, 40.2011184692, 49.0392684937, 144.11668396, 50.0565605164, 39.4045143127, 16.8150024414, 15.6013031006, 36.7731971741, 34.8914794922, 20.5056362152, 10.3438129425, 10.285077095, 14.1229705811, 12.5534973145, 6.79738903046, 7.67841386795, 3.81406259537, 2.14466571808, 1.81330180168, 1.72098791599, 1.71899497509, 1.47785186768, 1.01615607738, 0.841433882713, 0.482627928257, 0.0309555549175, 0.000808804819826, 5.79793922952e-05, 1.80843853741e-05, 2.46169420279e-05],
        "min": [6.0608919739e-05, 0.000601241830736, 0.000840953551233, 0.000783960043918, 0.00225704722106, 0.00300694047473, 0.00436715921387, 0.0162773597986, 0.0585891827941, 0.0713370218873, 0.12954582274, 0.186381280422, 0.154250577092, 0.155846819282, 0.0642298087478, 0.133524134755, 0.162146568298, 0.119573816657, 0.15701110661, 0.135381743312, 0.0879667699337, 0.116954214871, 0.148265883327, 0.0841709673405, 0.0513615570962, 0.0429876372218, 0.0344222970307, 0.0180701334029, 0.00933848973364, 0.00635370286182, 0.00335809937678, 0.00622286088765, 0.00305907218717, 0.00119159813039, 0.000697339710314, 3.19699101965e-05, 2.29746751756e-06, 3.50187150389e-07, 2.88802056048e-07, 4.95276822221e-07],
        "stdev": [0.0829258561134, 0.43369397521, 1.07408726215, 1.73584854603, 2.96297955513, 9.82478141785, 28.8575019836, 30.3480358124, 60.1588478088, 158.456497192, 129.377670288, 161.25743103, 355.488616943, 108.967720032, 94.2231063843, 24.3978462219, 20.3186798096, 60.8826599121, 59.5098609924, 39.2627716064, 26.0148544312, 22.4017982483, 30.4164619446, 21.9289512634, 7.4228811264, 8.2992811203, 3.82065653801, 2.79886174202, 3.05716109276, 3.96935296059, 4.07118558884, 2.61145544052, 2.09470772743, 2.58076786995, 1.76084697247, 0.125072821975, 0.00304621527903, 0.000197589732124, 2.89890613203e-05, 2.01773054869e-05]
    },
    "gfcc": {
        "mean": [-37.7979393005, 94.6515731812, -152.676818848, 33.6529083252, -75.8296661377, 28.630399704, -37.1207809448, 20.5497379303, -14.9630155563, 1.45168864727, -0.307619094849, -13.3405017853, 7.06073999405],
        "cov": [[3360.84838867, -282.6512146, 124.55657196, -240.784057617, -106.6198349, 40.7096214294, -393.054443359, -40.9849891663, -174.4793396, -63.4925689697, 2.57547855377, -78.5909881592, -213.32093811], [-282.6512146, 571.947937012, -15.3442411423, -22.128068924, 143.610870361, -57.6097450256, 80.6571655273, -60.8485031128, 30.7660884857, -97.4776306152, 28.1464366913, -3.48374915123, 105.065414429], [124.55657196, -15.3442411423, 599.98034668, 228.607879639, -7.04353237152, 45.7582588196, -248.200454712, -84.0535964966, -83.3367538452, 8.35837459564, -61.2102622986, 96.9718017578, -29.7514820099], [-240.784057617, -22.128068924, 228.607879639, 404.711151123, 73.2497177124, 20.9398860931, -7.55861091614, -21.0090560913, 3.49006342888, 39.1267967224, -17.0012207031, 42.4632377625, -16.8797092438], [-106.6198349, 143.610870361, -7.04353237152, 73.2497177124, 172.104110718, 49.158203125, 81.5022735596, 42.4813804626, 23.7739486694, -2.93405532837, 8.25357723236, 4.26936292648, 34.9329376221], [40.7096214294, -57.6097450256, 45.7582588196, 20.9398860931, 49.158203125, 204.367736816, 111.660614014, 30.0020675659, -28.5830478668, -11.8337287903, -44.1729240417, -0.396339982748, 30.8746242523], [-393.054443359, 80.6571655273, -248.200454712, -7.55861091614, 81.5022735596, 111.660614014, 381.892883301, 121.439743042, 83.5434875488, 2.64805388451, 29.9690761566, -65.9671096802, 66.3806686401], [-40.9849891663, -60.8485031128, -84.0535964966, -21.0090560913, 42.4813804626, 30.0020675659, 121.439743042, 153.479690552, 90.7466964722, 52.6372833252, 39.0859909058, -18.8146953583, -19.8205661774], [-174.4793396, 30.7660884857, -83.3367538452, 3.49006342888, 23.7739486694, -28.5830478668, 83.5434875488, 90.7466964722, 181.10874939, 92.8188171387, 70.9984512329, -17.425403595, -20.7195549011], [-63.4925689697, -97.4776306152, 8.35837459564, 39.1267967224, -2.93405532837, -11.8337287903, 2.64805388451, 52.6372833252, 92.8188171387, 151.840103149, 84.0952301025, 15.6113576889, -50.1324577332], [2.57547855377, 28.1464366913, -61.2102622986, -17.0012207031, 8.25357723236, -44.1729240417, 29.9690761566, 39.0859909058, 70.9984512329, 84.0952301025, 139.324447632, 19.5029430389, -22.345905304], [-78.5909881592, -3.48374915123, 96.9718017578, 42.4632377625, 4.26936292648, -0.396339982748, -65.9671096802, -18.8146953583, -17.425403595, 15.6113576889, 19.5029430389, 115.383972168, 50.4389457703], [-213.32093811, 105.065414429, -29.7514820099, -16.8797092438, 34.9329376221, 30.8746242523, 66.3806686401, -19.8205661774, -20.7195549011, -50.1324577332, -22.345905304, 50.4389457703, 145.153015137]],
        "icov": [[0.000483646115754, 9.69588436419e-05, 9.72434863797e-05, 0.000105162580439, -1.79910020961e-05, -0.000723712961189, 0.00100611080416, -0.000441207695985, 0.000253106438322, 0.000619029160589, -0.000873479875736, 0.000741900817957, 0.000168325364939], [9.69588436419e-05, 0.00691703381017, -0.00306263705716, 0.0027187995147, -0.0070599806495, 0.00417018728331, -0.00371342198923, 0.0069776349701, -0.00456031272188, 0.0060602161102, -0.00342168170027, 0.000656568212435, -0.00102554820478], [9.72434863797e-05, -0.00306263705716, 0.00551977939904, -0.00335928075947, 0.00357095757499, -0.0045561529696, 0.0052615380846, -0.00374521617778, 0.00202649505809, -0.00224533700384, 0.00140998815186, -0.000964539998677, 0.000358584657079], [0.000105162580439, 0.0027187995147, -0.00335928075947, 0.00583255290985, -0.00511021493003, 0.00348150031641, -0.00452573411167, 0.0050672465004, -0.00186246610247, 0.000577237515245, 0.000923861633055, -0.00224290695041, 0.00228238338605], [-1.79910020961e-05, -0.0070599806495, 0.00357095757499, -0.00511021493003, 0.0156077323481, -0.0064000915736, 0.0049185892567, -0.00993451755494, 0.00413714721799, -0.00407476350665, 0.00106843467802, 0.00102354527917, -0.00178732583299], [-0.000723712961189, 0.00417018728331, -0.0045561529696, 0.00348150031641, -0.0064000915736, 0.0136082023382, -0.00972007587552, 0.0052565173246, -0.000260893400991, -0.000381931604352, 0.00383001612499, -0.00318801752292, 0.000725852500182], [0.00100611080416, -0.00371342198923, 0.0052615380846, -0.00452573411167, 0.0049185892567, -0.00972007587552, 0.0152279082686, -0.0101787224412, 0.00185052852612, -7.57988018449e-05, -0.00433940486982, 0.00832647643983, -0.00607487326488], [-0.000441207695985, 0.0069776349701, -0.00374521617778, 0.0050672465004, -0.00993451755494, 0.0052565173246, -0.0101787224412, 0.0218960754573, -0.00934238731861, 0.00387343135662, -0.000333652511472, -0.00454824138433, 0.00457351980731], [0.000253106438322, -0.00456031272188, 0.00202649505809, -0.00186246610247, 0.00413714721799, -0.000260893400991, 0.00185052852612, -0.00934238731861, 0.0154799511656, -0.00977861601859, 0.000999106094241, 0.00233336212113, -0.00101517594885], [0.000619029160589, 0.0060602161102, -0.00224533700384, 0.000577237515245, -0.00407476350665, -0.000381931604352, -7.57988018449e-05, 0.00387343135662, -0.00977861601859, 0.0223044585437, -0.0110548036173, -0.000756134861149, 0.00262407725677], [-0.000873479875736, -0.00342168170027, 0.00140998815186, 0.000923861633055, 0.00106843467802, 0.00383001612499, -0.00433940486982, -0.000333652511472, 0.000999106094241, -0.0110548036173, 0.01885846816, -0.00832711718976, 0.00457789516076], [0.000741900817957, 0.000656568212435, -0.000964539998677, -0.00224290695041, 0.00102354527917, -0.00318801752292, 0.00832647643983, -0.00454824138433, 0.00233336212113, -0.000756134861149, -0.00832711718976, 0.0222472250462, -0.0127812176943], [0.000168325364939, -0.00102554820478, 0.000358584657079, 0.00228238338605, -0.00178732583299, 0.000725852500182, -0.00607487326488, 0.00457351980731, -0.00101517594885, 0.00262407725677, 0.00457789516076, -0.0127812176943, 0.0178037434816]]
    },
    "melbands": {
        "max": [0.00451402878389, 0.00392608623952, 0.00282299867831, 0.00674761179835, 0.0111385025084, 0.0065130549483, 0.0123294470832, 0.0145284458995, 0.0104975719005, 0.0157510656863, 0.0132993683219, 0.00557361915708, 0.00351797323674, 0.000513664737809, 0.000552053039428, 0.000680235039908, 0.000957903801464, 0.00163456576411, 0.000989283784293, 0.000507938617375, 0.000705049082171, 0.000352694623871, 0.000145225523738, 0.000566041388083, 0.000282764813164, 4.73872787552e-05, 5.09530473209e-05, 5.68548784941e-05, 2.42352107307e-05, 2.13982839341e-05, 2.84646357613e-05, 2.48305404966e-05, 2.63895108219e-05, 6.77442149026e-05, 5.68075665797e-05, 4.4106880523e-05, 1.995463208e-05, 2.10159614653e-05, 2.70724649454e-05, 4.15356844314e-05],
        "mean": [0.000427612074418, 0.000326196692185, 0.000146990190842, 0.000136569666211, 0.000287063448923, 0.000282680091914, 0.000412714958657, 0.000488268415211, 0.000308082351694, 0.000306361092953, 0.000719144241884, 0.000195581829757, 0.000168102997122, 4.1050305299e-05, 3.32297822752e-05, 3.84521699743e-05, 7.27104270482e-05, 6.04418273724e-05, 3.36191187671e-05, 1.67863290699e-05, 1.2511541172e-05, 1.16542551041e-05, 8.30013232189e-06, 1.81279901881e-05, 9.21381069929e-06, 5.17148464496e-06, 4.69408132631e-06, 5.03723140355e-06, 2.67758173322e-06, 1.48130129674e-06, 1.14237536764e-06, 9.92340233097e-07, 9.91065235212e-07, 9.39605740768e-07, 1.01516411632e-06, 9.25127721985e-07, 8.72801251717e-07, 7.06918172e-07, 6.68240829782e-07, 7.29301802949e-07],
        "min": [8.30935732665e-07, 9.35365392252e-07, 2.5918262736e-07, 3.00884863691e-07, 1.06875454264e-07, 3.17742490097e-07, 8.80927984781e-07, 6.40413134079e-07, 9.58366740633e-07, 8.88366002982e-07, 7.86054840773e-07, 5.34595073987e-07, 1.86438953165e-07, 2.15817010485e-07, 2.60425196075e-07, 1.33709278316e-07, 2.2142901912e-07, 2.54146016232e-07, 1.5825077071e-07, 1.10073195003e-07, 1.08676296406e-07, 9.93881670297e-08, 1.30233388518e-07, 1.15765402597e-07, 5.74928016306e-08, 3.91563581559e-08, 2.48236720068e-08, 2.72508877686e-08, 2.23471907645e-08, 9.12121400631e-09, 8.04318212033e-09, 3.85707554784e-09, 3.4662099857e-09, 2.78910250451e-09, 1.5063973402e-09, 1.63700952793e-09, 3.40869887872e-09, 1.86668880353e-09, 1.11993381235e-09, 7.37336414147e-10],
        "stdev": [0.000644092273433, 0.000476225919556, 0.000309746537823, 0.000356580247171, 0.000873553624842, 0.0006885806215, 0.0010621980764, 0.00149252137635, 0.0010073762387, 0.00108019367326, 0.00180668814573, 0.000502058654092, 0.000413804431446, 6.6280917963e-05, 4.61480194645e-05, 7.22491458873e-05, 0.00012333097402, 0.000109570188215, 7.10888780304e-05, 3.14948301821e-05, 4.08388914366e-05, 3.19255996146e-05, 1.20083313959e-05, 5.45367693121e-05, 1.52278807946e-05, 6.01379088039e-06, 5.15206920682e-06, 6.00957355346e-06, 2.98615509564e-06, 1.77251399691e-06, 1.66227312093e-06, 1.6734569499e-06, 1.80885092504e-06, 2.55400414062e-06, 2.59157513938e-06, 1.90816467693e-06, 1.52248946961e-06, 1.41779855767e-06, 1.76653804829e-06, 2.35129482462e-06]
    },
    "melbands128": {
        "max": [0.00286325672641, 0.00655155908316, 0.00590880634263, 0.0053058010526, 0.00588177284226, 0.00538318790495, 0.00465952651575, 0.00373240886256, 0.00398752372712, 0.0028181320522, 0.0132911801338, 0.0231017544866, 0.0158487819135, 0.0189495682716, 0.0111666088924, 0.0105528086424, 0.0122429765761, 0.0234509371221, 0.0347935371101, 0.0289287548512, 0.0112591041252, 0.0166207104921, 0.0185326132923, 0.010854720138, 0.0194720178843, 0.0349214151502, 0.0121538583189, 0.0261833984405, 0.0228360518813, 0.00937652774155, 0.00803183857352, 0.00585870351642, 0.00637917499989, 0.00184639857616, 0.000613507174421, 0.00118453137111, 0.000957683252636, 0.000847558665555, 0.00143397052307, 0.000722142518498, 0.000644983781967, 0.00262148189358, 0.00145877606701, 0.00162218266632, 0.00168512808159, 0.00289772124961, 0.00198763585649, 0.00229566707276, 0.00173734629061, 0.00139655708335, 0.000534960709047, 0.000539158412721, 0.00101373111829, 0.00182607863098, 0.0013086135732, 0.000458332477137, 0.00038901224616, 0.000347692111973, 0.000189373196918, 0.00025813197135, 0.0011868046131, 0.00173069979064, 0.00019388126384, 0.000120793680253, 9.59116878221e-05, 6.91410750733e-05, 8.62739325385e-05, 0.000107824111183, 6.60445875837e-05, 0.000114114416647, 9.38984376262e-05, 8.29628261272e-05, 4.89303456561e-05, 3.89396991523e-05, 2.40737554122e-05, 2.76206155831e-05, 3.45249136444e-05, 1.87136447494e-05, 3.19950377161e-05, 3.45592379745e-05, 2.56466209976e-05, 3.07586742565e-05, 4.27964005212e-05, 3.12551310344e-05, 2.66933893727e-05, 7.80967529863e-05, 6.48584173177e-05, 8.30161443446e-05, 6.99763113516e-05, 4.17564697273e-05, 4.26283004344e-05, 4.87218967464e-05, 4.55172230431e-05, 2.59697626461e-05, 1.667266406e-05, 2.42172136495e-05, 2.91920368909e-05, 2.39697583311e-05, 2.43080085056e-05, 5.46915980522e-05, 3.44301370205e-05, 5.03141563968e-05, 4.75962660857e-05, 3.12592419505e-05, 3.83168226108e-05, 5.34562641406e-05, 1.04049604488e-05, 6.65834591018e-07, 2.3874248356e-08, 2.31709709198e-08, 2.24609326693e-08, 2.16745483783e-08, 2.09104698001e-08, 2.02523793291e-08, 1.95974347861e-08, 1.88897715248e-08, 1.83729014225e-08, 1.78265295858e-08, 1.7326621915e-08, 1.68399036937e-08, 1.6508298728e-08, 1.61626854123e-08, 1.59024651225e-08, 1.56181805266e-08, 1.53527199842e-08, 1.51521586389e-08, 1.50370418339e-08, 1.49625982715e-08],
        "mean": [0.000120232070913, 0.000422827724833, 0.000569649622776, 0.000420707365265, 0.000330022536218, 0.000247465330176, 0.000151290689246, 0.000125769845909, 0.000121661367302, 0.000126052982523, 0.000138026531204, 0.000223851937335, 0.000354995572707, 0.000340809347108, 0.000235784405959, 0.000289368996164, 0.000295112171443, 0.000323230196955, 0.00067324884003, 0.000757145287935, 0.00019124391838, 0.000302447733702, 0.000412514258642, 0.000174955304828, 0.000323365035001, 0.000270484684734, 0.000443685858045, 0.00119732867461, 0.000510742480401, 0.00012261242955, 0.000125082253362, 0.000202675393666, 0.000258577434579, 6.27082918072e-05, 1.80857605301e-05, 5.26389485458e-05, 5.30339966645e-05, 1.712087942e-05, 3.8204856537e-05, 2.93027987937e-05, 2.45786704909e-05, 7.68719473854e-05, 6.49079302093e-05, 8.5013169155e-05, 6.48025306873e-05, 6.01421488682e-05, 5.06294127263e-05, 2.63006277237e-05, 3.0606159271e-05, 3.44002291968e-05, 8.52515313454e-06, 8.4904340838e-06, 8.95770790521e-06, 1.45654130392e-05, 2.08422643482e-05, 8.30380031402e-06, 7.36197807782e-06, 9.85037058854e-06, 8.03967850516e-06, 6.75908859193e-06, 2.50219709415e-05, 2.11900278373e-05, 9.28044028115e-06, 7.06914124748e-06, 5.95260644332e-06, 4.80148037241e-06, 5.6113908613e-06, 3.32800755132e-06, 3.58543138645e-06, 7.97040502221e-06, 5.36674087925e-06, 3.69019721802e-06, 3.10626660394e-06, 2.76719265457e-06, 1.72117665898e-06, 1.46674005919e-06, 1.5438167793e-06, 1.08324343273e-06, 1.13783221423e-06, 1.13290161607e-06, 8.12663245142e-07, 1.05014680685e-06, 1.12101702143e-06, 9.19286833323e-07, 9.60419242801e-07, 9.50192770688e-07, 9.2372221161e-07, 9.36905223625e-07, 1.11445001494e-06, 9.83637391982e-07, 8.82629649368e-07, 8.35916125652e-07, 1.12933287255e-06, 8.63254456362e-07, 7.65542552017e-07, 7.11557333943e-07, 7.08698507879e-07, 6.83568771365e-07, 6.02342652201e-07, 7.32565695216e-07, 6.95380094839e-07, 7.60226782859e-07, 7.22683637377e-07, 6.53717904697e-07, 6.62042907607e-07, 5.64390859381e-07, 1.2735173982e-07, 6.05943117904e-09, 3.04574490628e-11, 2.68669288206e-11, 2.6142081555e-11, 2.56928211345e-11, 2.56692410383e-11, 2.52903878395e-11, 2.49132589558e-11, 2.34732754067e-11, 2.24220295109e-11, 2.16960806959e-11, 2.10742690659e-11, 2.03144532446e-11, 1.99092808212e-11, 1.95214625714e-11, 1.92659620896e-11, 1.89190677014e-11, 1.83217226113e-11, 1.76038628119e-11, 1.71987857983e-11, 1.70797299914e-11],
        "min": [4.33166524871e-09, 9.79135350576e-09, 1.33262233248e-07, 4.72057820389e-07, 3.08053387243e-08, 1.73423245542e-07, 2.32757280116e-08, 3.7300161182e-08, 3.7132068087e-08, 1.91151656281e-07, 8.42197920292e-08, 1.2017544293e-07, 8.94886937886e-08, 9.64426973837e-08, 1.1258049426e-07, 1.57872676709e-07, 1.24341781316e-07, 1.15357046582e-07, 1.01149254306e-07, 7.73693500378e-08, 1.65764333815e-07, 9.17657274613e-08, 3.33288653565e-07, 2.96932682886e-07, 2.69551435395e-07, 1.16769498959e-07, 3.16700720759e-07, 1.17473859973e-07, 3.13911272087e-07, 2.09876347412e-07, 2.87760826723e-07, 9.99899896215e-08, 1.1095418273e-07, 8.77057146909e-08, 6.78308680335e-08, 1.70235409769e-07, 9.73384430836e-08, 4.07859914731e-08, 4.37110543317e-08, 1.11160225913e-07, 7.22916198015e-08, 2.35396342418e-08, 4.32138840267e-08, 1.44319983519e-07, 9.91990702914e-08, 1.49044879549e-07, 1.25152979535e-07, 8.12758855773e-08, 1.00732322039e-07, 8.93491858278e-08, 3.80860250004e-08, 2.04069809939e-08, 3.48544126894e-08, 8.78613093391e-08, 6.36303170154e-08, 2.07212984549e-08, 2.30948522528e-08, 5.80162158315e-08, 6.43892619223e-08, 5.76643230943e-08, 5.08577926439e-08, 5.00405406001e-08, 3.08857757148e-08, 2.81079444164e-08, 1.24368746413e-08, 1.65944111785e-08, 1.31807196269e-08, 1.31768498335e-08, 1.43289655696e-08, 1.86839503868e-08, 1.93894891254e-08, 2.75959326501e-08, 2.45479689909e-08, 1.13700604487e-08, 5.78588599254e-09, 6.57726140219e-09, 8.03065081101e-09, 5.07407271755e-09, 5.21430676415e-09, 2.31647390159e-09, 3.85613851961e-09, 2.37862196606e-09, 2.39886510656e-09, 1.86743398523e-09, 2.65846833436e-09, 3.11406656017e-09, 1.80065440336e-09, 1.67633595893e-09, 8.57246273966e-10, 1.05902842051e-09, 6.35177854758e-10, 1.57892743324e-09, 1.61903657148e-09, 1.9388814998e-09, 1.70873981631e-09, 1.60391533388e-09, 1.02947061986e-09, 7.62840235424e-10, 1.02208885799e-09, 8.80209904963e-10, 7.36249117228e-10, 6.62468246926e-10, 2.97974617203e-10, 7.25243975985e-10, 3.95010330001e-10, 2.73713413046e-10, 9.28052912297e-11, 1.52757320682e-12, 4.31313730391e-13, 4.24736011336e-13, 5.29637043858e-13, 5.70358593254e-13, 6.0319495709e-13, 4.10287526609e-13, 5.37111208374e-13, 5.4322740967e-13, 4.70765787464e-13, 5.52763076197e-13, 5.48987179501e-13, 5.6938812389e-13, 5.73385414669e-13, 4.99346061462e-13, 5.12940384612e-13, 5.01789473688e-13, 4.41067999181e-13, 1.3918910241e-13, 2.18628233058e-14, 4.79706310007e-16],
        "stdev": [0.000242523019551, 0.000737851136364, 0.000963224854786, 0.00070075748954, 0.000586853187997, 0.000497088127304, 0.000389217486372, 0.00032672737143, 0.000332970754243, 0.000292285229079, 0.00061500875745, 0.00106037070509, 0.00128157413565, 0.00111594272312, 0.000813366961665, 0.00098397792317, 0.00102445518132, 0.00134657497983, 0.00239347736351, 0.00278634158894, 0.000851138785947, 0.00128612015396, 0.00170262041502, 0.000515126739629, 0.00133616896346, 0.00176088127773, 0.00120473303832, 0.00331948697567, 0.00193969637621, 0.000491491693538, 0.000529118406121, 0.000585915346164, 0.000724991317838, 0.000204398078495, 5.10957870574e-05, 0.000109055989014, 0.000101319856185, 4.58070389868e-05, 7.44686840335e-05, 5.8409619669e-05, 6.51887021377e-05, 0.000244116439717, 0.000154272856889, 0.000198150723008, 0.000156578927999, 0.000171796025825, 0.000157849121024, 0.000116973707918, 9.94837682811e-05, 7.48796446715e-05, 2.51331766776e-05, 3.19175887853e-05, 3.97398762289e-05, 6.81370656821e-05, 0.000103276448499, 2.21384761971e-05, 2.20708061534e-05, 1.68943697645e-05, 1.84546097444e-05, 1.54847039084e-05, 9.64953796938e-05, 8.70586154633e-05, 1.56006844918e-05, 1.12388670459e-05, 9.31671820581e-06, 7.0386859079e-06, 9.80634831649e-06, 6.31030025033e-06, 5.4251909205e-06, 1.1010547496e-05, 9.21501577977e-06, 7.81689777796e-06, 4.39953737441e-06, 3.73810507881e-06, 2.26565862249e-06, 2.24554673878e-06, 2.20871970669e-06, 1.57552858582e-06, 1.92646552932e-06, 1.91436879504e-06, 1.44724049278e-06, 1.89199511169e-06, 2.40610074798e-06, 1.67427913311e-06, 1.8449164827e-06, 2.78682455246e-06, 2.46766239798e-06, 3.42994758284e-06, 2.86253589366e-06, 2.16685111809e-06, 2.10751704799e-06, 1.87861849099e-06, 2.07955554288e-06, 1.75327079432e-06, 1.35544280511e-06, 1.45735907608e-06, 1.62656169778e-06, 1.57497981945e-06, 1.43537454278e-06, 2.7328262604e-06, 2.17652268475e-06, 2.54461247096e-06, 2.51034362009e-06, 2.16776084017e-06, 2.57621513811e-06, 2.65583912551e-06, 5.35273272817e-07, 2.96646476272e-08, 6.82245759887e-10, 6.64596988553e-10, 6.4565258695e-10, 6.24228058133e-10, 6.03198824223e-10, 5.84788495406e-10, 5.66544533509e-10, 5.46490463993e-10, 5.31703903128e-10, 5.16200748812e-10, 5.01743202541e-10, 4.87905882363e-10, 4.78508954682e-10, 4.6849957247e-10, 4.61091081982e-10, 4.53043547122e-10, 4.4523992826e-10, 4.3953396478e-10, 4.36200547904e-10, 4.34082603196e-10]
    },
    "mfcc": {
        "mean": [-662.27935791, 107.312950134, -12.2270545959, 4.31500816345, -2.51729726791, -2.77749252319, 3.43460321426, 3.10320520401, 2.67841982841, 11.3892431259, 2.49330830574, -0.58376544714, -0.803231537342],
        "cov": [[3175.85253906, -215.86529541, 60.0687561035, -262.692596436, 112.53099823, -129.044372559, -55.8262748718, -85.6345672607, -265.902526855, -8.79900074005, 34.2476921082, -194.56288147, -14.7551794052], [-215.86529541, 571.33795166, -107.648292542, -41.7991065979, 37.2719268799, -19.4086322784, 21.2796993256, 33.5928535461, 22.1361961365, -46.8319778442, -65.9618453979, -46.7106208801, -23.3528766632], [60.0687561035, -107.648292542, 521.229736328, 116.580329895, 162.334777832, 81.697769165, -94.1047973633, -50.1175117493, -79.2257461548, -105.112503052, -62.9200248718, -19.7180862427, 18.2449436188], [-262.692596436, -41.7991065979, 116.580329895, 322.645843506, 92.0260620117, 51.3190536499, -16.6259117126, -8.32140445709, 8.62462902069, -25.6221866608, -3.9356367588, 97.680305481, 47.658782959], [112.53099823, 37.2719268799, 162.334777832, 92.0260620117, 204.921096802, 29.8471126556, -54.0124931335, -20.4395580292, -38.3178100586, -66.9698028564, -26.5891056061, 0.1723972857, 33.8694915771], [-129.044372559, -19.4086322784, 81.697769165, 51.3190536499, 29.8471126556, 160.062072754, 64.6668319702, 34.8631095886, 55.4574546814, -5.50088262558, -31.7377986908, -5.74926280975, -18.9043884277], [-55.8262748718, 21.2796993256, -94.1047973633, -16.6259117126, -54.0124931335, 64.6668319702, 193.233947754, 85.5063705444, 67.7517776489, 66.9185256958, 8.88244628906, -22.4819946289, -24.81483078], [-85.6345672607, 33.5928535461, -50.1175117493, -8.32140445709, -20.4395580292, 34.8631095886, 85.5063705444, 113.929046631, 85.4133911133, 37.7597923279, 9.65914535522, -13.2384748459, -19.7257785797], [-265.902526855, 22.1361961365, -79.2257461548, 8.62462902069, -38.3178100586, 55.4574546814, 67.7517776489, 85.4133911133, 164.895812988, 65.3785934448, 9.11906242371, 1.86794161797, -29.2300434113], [-8.79900074005, -46.8319778442, -105.112503052, -25.6221866608, -66.9698028564, -5.50088262558, 66.9185256958, 37.7597923279, 65.3785934448, 168.563613892, 109.884719849, 36.4651641846, -6.52740955353], [34.2476921082, -65.9618453979, -62.9200248718, -3.9356367588, -26.5891056061, -31.7377986908, 8.88244628906, 9.65914535522, 9.11906242371, 109.884719849, 166.686660767, 93.7294921875, 29.8199501038], [-194.56288147, -46.7106208801, -19.7180862427, 97.680305481, 0.1723972857, -5.74926280975, -22.4819946289, -13.2384748459, 1.86794161797, 36.4651641846, 93.7294921875, 175.964889526, 78.2853088379], [-14.7551794052, -23.3528766632, 18.2449436188, 47.658782959, 33.8694915771, -18.9043884277, -24.81483078, -19.7257785797, -29.2300434113, -6.52740955353, 29.8199501038, 78.2853088379, 116.083328247]],
        "icov": [[0.000479082285892, 0.000245533243287, 0.000142848934047, 0.000271691707894, -0.000515083433129, 6.22333755018e-05, 1.33732976337e-06, -0.000222356378799, 0.000864228524733, -0.000263564434135, -0.000219317647861, 0.000641317048576, -7.41484618629e-05], [0.000245533243287, 0.00230583013035, 0.000763954711147, 0.000488971592858, -0.00141075614374, 0.000570273026824, -0.000236164181842, -0.000682388374116, 0.000283545843558, 0.000259264139459, 0.000878828810528, -7.76244778535e-05, 0.000424870639108], [0.000142848934047, 0.000763954711147, 0.00371207040735, -0.000547052826732, -0.00176424742676, -0.00234200619161, 0.00178847729694, -0.000862196960952, 0.00196623476222, 6.35059041088e-05, 0.000133579524118, 0.00110919901635, -0.000101502861071], [0.000271691707894, 0.000488971592858, -0.000547052826732, 0.00536380242556, -0.0024353095796, 7.58835221859e-06, -0.000749282538891, 0.000163380173035, -0.000266779388767, -0.000526166812051, 0.002226308221, -0.00405924348161, 0.000664955819957], [-0.000515083433129, -0.00141075614374, -0.00176424742676, -0.0024353095796, 0.00940567068756, -0.00177929771598, 0.00174526509363, -0.000528324628249, -0.00030515724211, 0.00227965624072, -0.00239530438557, 0.00235317787156, -0.00274319108576], [6.22333755018e-05, 0.000570273026824, -0.00234200619161, 7.58835221859e-06, -0.00177929771598, 0.0117624569684, -0.00536552350968, 0.00175784341991, -0.00433127395809, 0.00116239942145, 0.00188985664863, -0.00237986748107, 0.00216824840754], [1.33732976337e-06, -0.000236164181842, 0.00178847729694, -0.000749282538891, 0.00174526509363, -0.00536552350968, 0.0118661951274, -0.00745588773862, 0.00353889423423, -0.00433190446347, 0.00137755344622, 0.00198390590958, -0.00117844867054], [-0.000222356378799, -0.000682388374116, -0.000862196960952, 0.000163380173035, -0.000528324628249, 0.00175784341991, -0.00745588773862, 0.0202072188258, -0.0100262966007, 0.00346274347976, -0.00353571493179, 0.00134958489798, -0.000148557024659], [0.000864228524733, 0.000283545843558, 0.00196623476222, -0.000266779388767, -0.00030515724211, -0.00433127395809, 0.00353889423423, -0.0100262966007, 0.0161935612559, -0.00662440201268, 0.0036584532354, -0.000445862329798, 0.00146978814155], [-0.000263564434135, 0.000259264139459, 6.35059041088e-05, -0.000526166812051, 0.00227965624072, 0.00116239942145, -0.00433190446347, 0.00346274347976, -0.00662440201268, 0.0176345761865, -0.0119305076078, 0.00255668209866, 7.53765416448e-05], [-0.000219317647861, 0.000878828810528, 0.000133579524118, 0.002226308221, -0.00239530438557, 0.00188985664863, 0.00137755344622, -0.00353571493179, 0.0036584532354, -0.0119305076078, 0.019625660032, -0.0101526733488, 0.00196988251992], [0.000641317048576, -7.76244778535e-05, 0.00110919901635, -0.00405924348161, 0.00235317787156, -0.00237986748107, 0.00198390590958, 0.00134958489798, -0.000445862329798, 0.00255668209866, -0.0101526733488, 0.0174672119319, -0.00800274778157], [-7.41484618629e-05, 0.000424870639108, -0.000101502861071, 0.000664955819957, -0.00274319108576, 0.00216824840754, -0.00117844867054, -0.000148557024659, 0.00146978814155, 7.53765416448e-05, 0.00196988251992, -0.00800274778157, 0.0145750902593]]
    },
    "spectral_contrast_coeffs": {
        "max": [-0.36980265379, -0.407074302435, -0.486483007669, -0.633588194847, -0.641294896603, -0.680733323097],
        "mean": [-0.764456093311, -0.730018317699, -0.716986060143, -0.774933636189, -0.792355537415, -0.803668558598],
        "min": [-0.937616586685, -0.922763228416, -0.917076945305, -0.907470822334, -0.875157594681, -0.87919574976],
        "stdev": [0.0872985422611, 0.104778207839, 0.0882225111127, 0.0557551272213, 0.0387732461095, 0.0283579863608]
    },
    "spectral_contrast_valleys": {
        "max": [-5.65792989731, -5.330493927, -6.13723325729, -6.28860998154, -6.51691293716, -7.84148025513],
        "mean": [-7.39056873322, -7.01232194901, -7.55673265457, -7.74816894531, -7.70586395264, -10.0824794769],
        "min": [-9.45400238037, -8.57333183289, -9.15435791016, -9.32322978973, -9.37976360321, -12.6124505997],
        "stdev": [0.705668151379, 0.554566204548, 0.522443711758, 0.468188911676, 0.522349894047, 0.775805056095]
    }
},
"rhythm": {
    "beats_count": 62,
    "beats_loudness": {
        "max": 0.0828213170171,
        "mean": 0.025592116639,
        "min": 0.000548709533177,
        "stdev": 0.0191878862679
    },
    "bpm": 129.886703491,
    "bpm_histogram_first_peak_bpm": 129,
    "bpm_histogram_first_peak_weight": 0.372881412506,
    "bpm_histogram_second_peak_bpm": 117,
    "bpm_histogram_second_peak_spread": 0,
    "bpm_histogram_second_peak_weight": 0.0163934417069,
    "danceability": 0.812559962273,
    "onset_rate": 3.82582712173,
    "beats_loudness_band_ratio": {
        "max": [0.831465363503, 0.643259584904, 0.876463115215, 0.858954131603, 0.490610331297, 0.60694694519],
        "mean": [0.301036268473, 0.101732708514, 0.32054233551, 0.196283712983, 0.0893715023994, 0.0561000332236],
        "min": [0.00772553123534, 0.00133988156449, 0.0214274972677, 0.00598475057632, 0.00781381968409, 0.00385342235677],
        "stdev": [0.209483161569, 0.141881108284, 0.261254638433, 0.188114792109, 0.0900057703257, 0.091989569366]
    },
    "beats_position": [0.487619042397, 0.99845802784, 1.46285712719, 1.92725622654, 2.39165520668, 2.85605430603, 3.32045340538, 3.78485250473, 4.2492518425, 4.72526073456, 5.20126962662, 5.66566896439, 6.13006782532, 6.58285713196, 7.03564596176, 7.50004529953, 7.95283412933, 8.40562343597, 8.87002277374, 9.33442115784, 9.79882049561, 10.2632198334, 10.7276191711, 11.1687984467, 11.6215867996, 12.0743761063, 12.538775444, 13.0031747818, 13.4675731659, 13.9319725037, 14.3847618103, 14.8375511169, 15.3135595322, 15.7895689011, 16.2655773163, 16.7183666229, 17.1827659607, 17.6471652985, 18.1115646362, 18.575963974, 19.0287532806, 19.4815406799, 19.9459400177, 20.4103393555, 20.8631286621, 21.3275279999, 21.7803173065, 22.2447166443, 22.6975059509, 23.1502952576, 23.614692688, 24.0790920258, 24.5434913635, 25.0078907013, 25.4722900391, 25.9366893768, 26.3894786835, 26.8422679901, 27.3066654205, 27.7710647583, 28.2354640961, 28.6998634338],
