{
"metadata": {
    "version": {
        "essentia": "2.1-beta5",
        "essentia_git_sha": "Undefined",
        "extractor": "music 2.0"
    },
    "audio_properties": {
        "analysis": {
            "equal_loudness": 0,
            "length": 35.9909286499,
            "sample_rate": 44100,
            "start_time": 93.9943771362,
            "downmix": "mix"
        },
        "bit_rate": 192000,
        "length": 189.370361328,
        "lossless": 0,
        "number_channels": 2,
        "replay_gain": -7.20995330811,
        "sample_rate": 48000,
        "codec": "mp3",
        "md5_encoded": "6cdd814b7a019b7e93ba86d55abbe116"
    },
    "tags": {
        "file_name": "Belgium_1 Life_Xandee.mp3",
        "encoding": ["Lavf58.29.100"]
    }
},
"lowlevel": {
    "average_loudness": 0.977422952652,
    "barkbands_crest": {
        "max": 24.9415779114,
        "mean": 11.7983608246,
        "min": 2.81915783882,
        "stdev": 4.74067735672
    },
    "barkbands_flatness_db": {
        "max": 0.317299097776,
        "mean": 0.138364672661,
        "min": 0.0359069444239,
        "stdev": 0.0518194660544
    },
    "barkbands_kurtosis": {
        "max": 100.838111877,
        "mean": 6.71538543701,
        "min": -1.85280358791,
        "stdev": 11.1410894394
    },
    "barkbands_skewness": {
        "max": 9.22686862946,
        "mean": 1.95618569851,
        "min": -1.42620646954,
        "stdev": 1.47482860088
    },
    "barkbands_spread": {
        "max": 118.039115906,
        "mean": 23.71159935,
        "min": 1.26881051064,
        "stdev": 15.3107805252
    },
    "dissonance": {
        "max": 0.500000059605,
        "mean": 0.464364022017,
        "min": 0.33836260438,
        "stdev": 0.0266305208206
    },
    "dynamic_complexity": 2.63994503021,
    "erbbands_crest": {
        "max": 28.3989715576,
        "mean": 9.13561153412,
        "min": 2.32822656631,
        "stdev": 5.11858940125
    },
    "erbbands_flatness_db": {
        "max": 0.287487357855,
        "mean": 0.127818465233,
        "min": 0.0525672324002,
        "stdev": 0.0423990115523
    },
    "erbbands_kurtosis": {
        "max": 21.4771938324,
        "mean": 0.816295385361,
        "min": -1.53043603897,
        "stdev": 2.51051735878
    },
    "erbbands_skewness": {
        "max": 3.38737106323,
        "mean": 0.423924386501,
        "min": -1.97854244709,
        "stdev": 0.621218562126
    },
    "erbbands_spread": {
        "max": 121.291351318,
        "mean": 43.8932914734,
        "min": 3.83504343033,
        "stdev": 21.4635543823
    },
    "hfc": {
        "max": 127.878761292,
        "mean": 23.2516174316,
        "min": 1.32555818558,
        "stdev": 19.0555648804
    },
    "loudness_ebu128": {
        "integrated": -15.8686199188,
        "loudness_range": 1.50702476501,
        "momentary": {
            "max": -11.4851617813,
            "mean": -16.0666694641,
            "min": -19.7043247223,
            "stdev": 1.29251170158
        },
        "short_term": {
            "max": -14.5058135986,
            "mean": -15.8781785965,
            "min": -17.0573596954,
            "stdev": 0.500227808952
        }
    },
    "melbands_crest": {
        "max": 33.6973075867,
        "mean": 16.5614337921,
        "min": 4.44868659973,
        "stdev": 6.12595796585
    },
    "melbands_flatness_db": {
        "max": 0.429231107235,
        "mean": 0.20174574852,
        "min": 0.03004536964,
        "stdev": 0.0690705552697
    },
    "melbands_kurtosis": {
        "max": 274.779418945,
        "mean": 20.3259449005,
        "min": -1.70136547089,
        "stdev": 26.8533840179
    },
    "melbands_skewness": {
        "max": 13.2691907883,
        "mean": 3.2096581459,
        "min": -1.27235734463,
        "stdev": 2.07086777687
    },
    "melbands_spread": {
        "max": 176.555923462,
        "mean": 21.3127250671,
        "min": 1.0495980978,
        "stdev": 16.0981903076
    },
    "pitch_salience": {
        "max": 0.8458943367,
        "mean": 0.502358794212,
        "min": 0.13622879982,
        "stdev": 0.136899024248
    },
    "silence_rate_20dB": {
        "max": 1,
        "mean": 1,
        "min": 1,
        "stdev": 0
    },
    "silence_rate_30dB": {
        "max": 1,
        "mean": 0.978078663349,
        "min": 0,
        "stdev": 0.146427124739
    },
    "silence_rate_60dB": {
        "max": 1,
        "mean": 0.0116054154932,
        "min": 0,
        "stdev": 0.107101164758
    },
    "spectral_centroid": {
        "max": 4131.44238281,
        "mean": 1222.93395996,
        "min": 219.008056641,
        "stdev": 517.3515625
    },
    "spectral_complexity": {
        "max": 46,
        "mean": 17.9297218323,
        "min": 1,
        "stdev": 7.81550788879
    },
    "spectral_decrease": {
        "max": -2.52800669287e-10,
        "mean": -9.77264225099e-09,
        "min": -5.67351499114e-08,
        "stdev": 7.68846764032e-09
    },
    "spectral_energy": {
        "max": 0.221016541123,
        "mean": 0.0389931760728,
        "min": 0.00110673566815,
        "stdev": 0.0298937745392
    },
    "spectral_energyband_high": {
        "max": 0.00825606565922,
        "mean": 0.00103160610888,
        "min": 1.60734307428e-05,
        "stdev": 0.00127037172206
    },
    "spectral_energyband_low": {
        "max": 0.146951109171,
        "mean": 0.0206672176719,
        "min": 2.0590814529e-06,
        "stdev": 0.0235656052828
    },
    "spectral_energyband_middle_high": {
        "max": 0.0679768547416,
        "mean": 0.00680657662451,
        "min": 0.000192354156752,
        "stdev": 0.00917454063892
    },
    "spectral_energyband_middle_low": {
        "max": 0.14106990397,
        "mean": 0.0120918871835,
        "min": 0.000188576130313,
        "stdev": 0.0152064729482
    },
    "spectral_entropy": {
        "max": 8.84158229828,
        "mean": 7.78990077972,
        "min": 6.61078310013,
        "stdev": 0.389814704657
    },
    "spectral_flux": {
        "max": 0.394082218409,
        "mean": 0.11678916961,
        "min": 0.0174108166248,
        "stdev": 0.0605797059834
    },
    "spectral_kurtosis": {
        "max": 14.6491985321,
        "mean": 3.5153093338,
        "min": -0.521360635757,
        "stdev": 2.31418633461
    },
    "spectral_rms": {
        "max": 0.0146842058748,
        "mean": 0.00573162687942,
        "min": 0.00103910639882,
        "stdev": 0.00227828673087
    },
    "spectral_rolloff": {
        "max": 12833.7890625,
        "mean": 1256.32397461,
        "min": 64.599609375,
        "stdev": 1503.48083496
    },
    "spectral_skewness": {
        "max": 3.02102422714,
        "mean": 1.57893633842,
        "min": 0.520422041416,
        "stdev": 0.421375900507
    },
    "spectral_spread": {
        "max": 14884146,
        "mean": 5773798.5,
        "min": 2580592.25,
        "stdev": 1519407.125
    },
    "spectral_strongpeak": {
        "max": 12.911233902,
        "mean": 0.834226369858,
        "min": 0,
        "stdev": 1.39611673355
    },
    "zerocrossingrate": {
        "max": 0.3291015625,
        "mean": 0.0629892274737,
        "min": 0.0048828125,
        "stdev": 0.0393476597965
    },
    "barkbands": {
        "max": [0.0213200263679, 0.120085127652, 0.0853147283196, 0.0430103987455, 0.0606845878065, 0.122274234891, 0.0608132071793, 0.0970336198807, 0.103794805706, 0.0503305159509, 0.051334220916, 0.0373226962984, 0.0246722679585, 0.0462256334722, 0.0154896751046, 0.0043549365364, 0.00656368397176, 0.00135809264611, 0.00138511287514, 0.00108570675366, 0.0014809659915, 0.0014077713713, 0.00215146667324, 0.0024159962777, 0.00100031564943, 0.00156556256115, 2.3213269742e-06],
        "mean": [0.00116403307766, 0.0133085129783, 0.00489987432957, 0.00230381544679, 0.00330401631072, 0.00259306142107, 0.00149055803195, 0.00069908547448, 0.00108946103137, 0.00129030062817, 0.00150132353883, 0.000732579501346, 0.000640699639916, 0.00145810667891, 0.000571877288166, 0.000262485846179, 0.000220815418288, 0.000226479489356, 0.000146794409375, 0.000124106780277, 0.000158819835633, 0.00016502958897, 0.000227264550631, 0.000194135092897, 0.000128908781335, 9.10217786441e-05, 3.77517217487e-08],
        "min": [3.43802275538e-09, 2.21690328317e-07, 2.899834044e-07, 5.25793780071e-07, 6.03771513852e-06, 3.68960240849e-06, 2.7295388918e-06, 2.69591646429e-06, 7.00185819369e-06, 6.27428426014e-06, 4.69208907816e-06, 3.79219864044e-06, 5.58793271921e-06, 1.20332542792e-05, 6.14874988969e-06, 6.32534147371e-06, 5.23939661434e-06, 7.17800230632e-06, 3.52710526386e-06, 2.05322589863e-06, 1.20542222248e-06, 3.53603968506e-06, 2.64166010311e-06, 1.52626455474e-06, 5.14728242251e-07, 1.97664974166e-07, 3.5976707724e-11],
        "stdev": [0.00180699920747, 0.0167481563985, 0.0103180594742, 0.0050852089189, 0.00806330144405, 0.0059876833111, 0.00345391407609, 0.00284312479198, 0.00355868786573, 0.00394449522719, 0.00423641409725, 0.00203752028756, 0.00161004555412, 0.00393659761176, 0.00139269698411, 0.000424137688242, 0.000328523427015, 0.000228399265325, 0.000162573254784, 0.000161078991368, 0.000213085848372, 0.000208377794479, 0.000332045165123, 0.000266500079306, 0.000156559573952, 0.000143438737723, 1.28581746139e-07]
    },
    "erbbands": {
        "max": [3.1354944706, 27.8422603607, 83.495765686, 105.785820007, 185.855392456, 234.023788452, 417.248046875, 1532.08740234, 1025.21923828, 940.249145508, 2410.81152344, 2953.49267578, 2109.97338867, 1351.30029297, 2206.65771484, 1907.22412109, 874.485900879, 2771.90527344, 892.039245605, 666.210754395, 261.782714844, 250.095932007, 155.98638916, 57.5435371399, 57.1621856689, 53.898273468, 85.1981506348, 82.2968902588, 52.0754356384, 84.8281707764, 71.3804779053, 40.6689910889, 42.4956665039, 14.9547338486, 8.43107700348, 9.45058441162, 2.41970157623, 0.153868868947, 0.00306619983166, 0.000269250769634],
        "mean": [0.391301929951, 2.92635273933, 5.88630628586, 7.50095272064, 9.34913921356, 11.1464967728, 12.7779006958, 23.6495761871, 22.5166988373, 20.208946228, 14.9584884644, 23.4101028442, 43.3463859558, 37.6917533875, 60.1073188782, 34.8953971863, 33.1648788452, 79.5490341187, 32.3781013489, 28.809419632, 12.5646572113, 12.002456665, 12.523815155, 8.82912731171, 6.94464015961, 5.98694467545, 6.8597240448, 5.73482370377, 5.67971467972, 6.82084560394, 6.27467155457, 4.68858098984, 2.8519308567, 1.57856655121, 0.858981788158, 0.468356490135, 0.161351144314, 0.0113970069215, 0.000248898431892, 5.82581596973e-05],
        "min": [7.5525858847e-06, 0.000118232688692, 0.000561312772334, 0.00216338480823, 0.00515118660405, 0.0325130820274, 0.0428942292929, 0.0345509201288, 0.0406836718321, 0.0957990065217, 0.0857508555055, 0.184110075235, 0.38007068634, 0.272569715977, 0.168819740415, 0.384747177362, 0.370178937912, 0.571145653725, 0.52342915535, 0.352960556746, 0.407603383064, 0.406717866659, 0.337417006493, 0.263418704271, 0.142729118466, 0.0951492488384, 0.0787717476487, 0.0798960328102, 0.110704965889, 0.103278435767, 0.0708751305938, 0.0465813204646, 0.0147161250934, 0.00868572574109, 0.00265691336244, 0.00130469631404, 0.000235149476794, 1.26868826555e-05, 6.01213969276e-06, 2.63939932665e-06],
        "stdev": [0.488776296377, 3.99654316902, 11.1498155594, 15.3876266479, 21.4878292084, 29.1376953125, 25.841758728, 63.4601669312, 48.4009933472, 49.0918464661, 66.6780166626, 85.7097320557, 149.479492188, 79.1542282104, 175.113998413, 90.4630584717, 74.7767410278, 210.431304932, 72.9828338623, 56.9315605164, 17.9218940735, 14.8948249817, 12.9784040451, 9.09620380402, 7.66130256653, 7.56640863419, 9.65723896027, 8.43359661102, 7.41246604919, 10.1046800613, 9.19424343109, 6.01856946945, 4.29884529114, 1.99516510963, 1.07689917088, 0.720928192139, 0.266324609518, 0.0168605819345, 0.000338063313393, 3.86599494959e-05]
    },
    "gfcc": {
        "mean": [27.8391780853, 78.7885513306, -100.823074341, 29.9718799591, -55.8280792236, 32.3140296936, -40.569858551, 14.4615726471, -21.8979816437, 10.1825895309, -12.3586139679, 9.26580047607, -11.8314599991],
        "cov": [[2083.78955078, -403.16418457, 9.18077468872, 48.5724716187, -132.418563843, 69.6873092651, -8.41125202179, -21.9066829681, -150.978240967, -18.2895793915, -159.107910156, -35.2704315186, -109.304084778], [-403.16418457, 983.545227051, 108.515113831, 115.872306824, 274.162445068, -0.866467773914, 111.426460266, -32.1396408081, 128.899551392, -105.326057434, 116.064735413, -73.1338119507, 69.9002151489], [9.18077468872, 108.515113831, 510.764434814, 275.922607422, 61.8690910339, -9.83668804169, 7.68903207779, 40.5718688965, 25.9404087067, 2.84264683723, -27.4290847778, 4.31278800964, -23.7575531006], [48.5724716187, 115.872306824, 275.922607422, 404.124084473, 101.279060364, 0.96810489893, 52.1172027588, -1.61743509769, 17.4659137726, -31.4355010986, -4.05760955811, -40.0548248291, 7.93829202652], [-132.418563843, 274.162445068, 61.8690910339, 101.279060364, 250.985839844, 102.475532532, 68.2420349121, 16.8075942993, 65.3851699829, -19.9426517487, 40.4183349609, -21.7571048737, 25.942855835], [69.6873092651, -0.866467773914, -9.83668804169, 0.96810489893, 102.475532532, 197.565628052, 101.829910278, 13.4359502792, 7.60244464874, 10.7443609238, 25.3446426392, -20.6853275299, -6.87120199203], [-8.41125202179, 111.426460266, 7.68903207779, 52.1172027588, 68.2420349121, 101.829910278, 152.663101196, 23.5797042847, 12.2446937561, -9.27963161469, 30.0873889923, -35.0968780518, -2.87391424179], [-21.9066829681, -32.1396408081, 40.5718688965, -1.61743509769, 16.8075942993, 13.4359502792, 23.5797042847, 108.396835327, 52.8515968323, 22.4694728851, 6.36907720566, 11.4742574692, -0.432975143194], [-150.978240967, 128.899551392, 25.9404087067, 17.4659137726, 65.3851699829, 7.60244464874, 12.2446937561, 52.8515968323, 110.792984009, 26.7309303284, 37.3751983643, 0.866897821426, 23.1009063721], [-18.2895793915, -105.326057434, 2.84264683723, -31.4355010986, -19.9426517487, 10.7443609238, -9.27963161469, 22.4694728851, 26.7309303284, 84.3074645996, 25.0001831055, 17.7610378265, -5.32138442993], [-159.107910156, 116.064735413, -27.4290847778, -4.05760955811, 40.4183349609, 25.3446426392, 30.0873889923, 6.36907720566, 37.3751983643, 25.0001831055, 108.673278809, 26.236574173, 21.3695335388], [-35.2704315186, -73.1338119507, 4.31278800964, -40.0548248291, -21.7571048737, -20.6853275299, -35.0968780518, 11.4742574692, 0.866897821426, 17.7610378265, 26.236574173, 77.8051223755, 21.7293319702], [-109.304084778, 69.9002151489, -23.7575531006, 7.93829202652, 25.942855835, -6.87120199203, -2.87391424179, -0.432975143194, 23.1009063721, -5.32138442993, 21.3695335388, 21.7293319702, 69.9496154785]],
        "icov": [[0.0006576020387, -0.000259735126747, 0.000356234697392, -0.000544954615179, 0.000508941826411, -0.000810426136013, 0.000346405373421, -0.00037264166167, 0.000652123067994, -0.000380110985134, 0.0010864197975, -0.000627546804026, 0.000832286663353], [-0.000259735126747, 0.00529843010008, -0.00294407410547, 0.00336844171397, -0.0042538694106, 0.00481804832816, -0.00341585325077, 0.00403066445142, -0.00459219934419, 0.00666750501841, -0.00633782334626, 0.00625666696578, -0.00313076912425], [0.000356234697392, -0.00294407410547, 0.00558576267213, -0.00488993339241, 0.00208251201548, -0.0028655261267, 0.0022121197544, -0.00313445390202, 0.00199706852436, -0.00431377580389, 0.00531390169635, -0.00617574574426, 0.00427572568879], [-0.000544954615179, 0.00336844171397, -0.00488993339241, 0.0076309023425, -0.00416329829022, 0.00485768355429, -0.00372807402164, 0.00340434210375, -0.00235067983158, 0.00473236711696, -0.00521471723914, 0.00696447072551, -0.0042893094942], [0.000508941826411, -0.0042538694106, 0.00208251201548, -0.00416329829022, 0.0116859320551, -0.00856607872993, 0.00350726605393, -0.00246160943061, -0.000898410507943, -0.00179552531336, 0.00398033950478, -0.00443227682263, 0.00150023098104], [-0.000810426136013, 0.00481804832816, -0.0028655261267, 0.00485768355429, -0.00856607872993, 0.0154187772423, -0.00942440424114, 0.00396870961413, -0.00186741026118, 0.0025962437503, -0.00576236424968, 0.00575497094542, -0.00248973141424], [0.000346405373421, -0.00341585325077, 0.0022121197544, -0.00372807402164, 0.00350726605393, -0.00942440424114, 0.0160548444837, -0.00687839509919, 0.00489503610879, -0.00169346726034, -0.000570055155549, 0.00176975026261, 0.00139862159267], [-0.00037264166167, 0.00403066445142, -0.00313445390202, 0.00340434210375, -0.00246160943061, 0.00396870961413, -0.00687839509919, 0.0181819181889, -0.0121972514316, 0.00391990365461, -0.00132887647487, -0.000139454525197, -0.00015264126705], [0.000652123067994, -0.00459219934419, 0.00199706852436, -0.00235067983158, -0.000898410507943, -0.00186741026118, 0.00489503610879, -0.0121972514316, 0.0238323397934, -0.0108271669596, 0.00105459394399, 0.000414961046772, -0.00231699785218], [-0.000380110985134, 0.00666750501841, -0.00431377580389, 0.00473236711696, -0.00179552531336, 0.0025962437503, -0.00169346726034, 0.00391990365461, -0.0108271669596, 0.0255540162325, -0.0116985933855, 0.00618695048615, -0.00121163472068], [0.0010864197975, -0.00633782334626, 0.00531390169635, -0.00521471723914, 0.00398033950478, -0.00576236424968, -0.000570055155549, -0.00132887647487, 0.00105459394399, -0.0116985933855, 0.0240019243211, -0.0156566388905, 0.00464649824426], [-0.000627546804026, 0.00625666696578, -0.00617574574426, 0.00696447072551, -0.00443227682263, 0.00575497094542, 0.00176975026261, -0.000139454525197, 0.000414961046772, 0.00618695048615, -0.0156566388905, 0.0307797621936, -0.012284536846], [0.000832286663353, -0.00313076912425, 0.00427572568879, -0.0042893094942, 0.00150023098104, -0.00248973141424, 0.00139862159267, -0.00015264126705, -0.00231699785218, -0.00121163472068, 0.00464649824426, -0.012284536846, 0.0229892395437]]
    },
    "melbands": {
        "max": [0.0328577384353, 0.0352610386908, 0.0156045211479, 0.0142593001947, 0.012342762202, 0.0294283553958, 0.0140943322331, 0.00962395127863, 0.0185463558882, 0.0172364059836, 0.0102813560516, 0.00554536515847, 0.00844402518123, 0.0039253551513, 0.00231338967569, 0.00266986410134, 0.00575936026871, 0.00190811161883, 0.000965110608377, 0.000570239324588, 0.000384421233321, 0.000165905628819, 0.000451469881227, 8.93085816642e-05, 4.8158748541e-05, 6.44384999759e-05, 3.25110304402e-05, 3.62341634172e-05, 6.80635494064e-05, 2.26090778597e-05, 5.88666189287e-05, 3.04699497065e-05, 3.50251721102e-05, 5.39872162335e-05, 4.4100015657e-05, 3.47346795024e-05, 2.3936643629e-05, 2.70665641438e-05, 2.76715090877e-05, 1.4999414816e-05],
        "mean": [0.00370385451242, 0.003336698981, 0.00131710257847, 0.000755906046834, 0.000455237342976, 0.00052357459208, 0.000335268297931, 0.000203354429686, 0.000123728663311, 0.000153871631483, 0.000212794358958, 0.000137695868034, 0.000226251984714, 9.56816656981e-05, 6.83905818732e-05, 7.92343780631e-05, 0.000158107926836, 5.06183605467e-05, 4.29290739703e-05, 2.59583339357e-05, 1.33725188789e-05, 1.17572835734e-05, 1.381101265e-05, 9.92101013253e-06, 6.7715059231e-06, 5.79477182328e-06, 4.12089275414e-06, 3.7827505821e-06, 4.65911125502e-06, 3.05328217109e-06, 3.57416047336e-06, 3.0747812616e-06, 3.36630137099e-06, 4.00733142669e-06, 3.62201876669e-06, 3.40585302183e-06, 2.59841544903e-06, 1.96647079065e-06, 1.70998305293e-06, 1.232681484e-06],
        "min": [6.12237442965e-08, 2.49434435773e-07, 4.08181335843e-07, 9.78796037998e-07, 1.60745480571e-06, 7.27036990611e-07, 7.0697819865e-07, 1.21438006317e-06, 4.31702176229e-07, 1.15084685604e-06, 1.24103962662e-06, 4.88155478706e-07, 6.11224379554e-07, 5.14186695e-07, 5.92423759826e-07, 6.46471278287e-07, 9.14170811939e-07, 4.94574635468e-07, 3.64007917142e-07, 5.17719684012e-07, 3.61322321396e-07, 2.7149033599e-07, 2.86095769297e-07, 3.04872401102e-07, 1.67219880609e-07, 9.1969113214e-08, 5.25354160175e-08, 5.93452469388e-08, 5.15492537545e-08, 1.6620170129e-08, 2.30576944205e-08, 5.0033605703e-08, 3.35114584971e-08, 4.6542513843e-08, 1.8255327916e-08, 3.02627043425e-08, 2.82101968452e-08, 9.54373113871e-09, 4.89102802703e-09, 5.98485261349e-09],
        "stdev": [0.00451952405274, 0.00497498828918, 0.002458719071, 0.00185079267249, 0.000917922472581, 0.00129311869387, 0.000716140610166, 0.000516846368555, 0.000531432160642, 0.000539931235835, 0.000746128964238, 0.000320032180753, 0.000673846458085, 0.000258469430264, 0.000150397769175, 0.000180852046469, 0.000439274706878, 0.000130084197735, 9.88418250927e-05, 4.64754302811e-05, 2.42143651121e-05, 1.45285684994e-05, 2.15447762457e-05, 1.08452777567e-05, 7.28147824702e-06, 6.79478671373e-06, 4.76649165648e-06, 5.02203147335e-06, 7.34473542252e-06, 3.67615643881e-06, 5.76648835704e-06, 4.03734884458e-06, 4.50208290204e-06, 6.41487304165e-06, 5.48278603674e-06, 4.82687801195e-06, 3.32331433128e-06, 2.92030040328e-06, 2.75240813608e-06, 1.5269878304e-06]
    },
    "melbands128": {
        "max": [0.0129581745714, 0.0200643800199, 0.0579011067748, 0.0436943136156, 0.0472167506814, 0.0406536348164, 0.025763053447, 0.019164968282, 0.0230008773506, 0.0209290869534, 0.0143864136189, 0.00929127074778, 0.0186219010502, 0.0422674268484, 0.0563017018139, 0.0201004445553, 0.0172719005495, 0.0215365644544, 0.012518226169, 0.0139162521809, 0.00962177012116, 0.0237229838967, 0.0262219179422, 0.0169019773602, 0.0324365831912, 0.0111218653619, 0.0116765499115, 0.0184289179742, 0.0101151205599, 0.00572422519326, 0.0095407133922, 0.00438241381198, 0.0166272521019, 0.00629892200232, 0.00507204420865, 0.00633518863469, 0.00911694578826, 0.00180020718835, 0.00319558684714, 0.00372634013183, 0.00513295130804, 0.00737298931926, 0.013235706836, 0.00720198219642, 0.0046264892444, 0.00260285823606, 0.00361132016405, 0.00196456746198, 0.00260911998339, 0.0017763231881, 0.00078158598626, 0.00033764768159, 0.000678356853314, 0.000554032390937, 0.00028284243308, 0.000256885483395, 0.000216213695239, 0.00132654234767, 0.000184545162483, 0.000150192674482, 0.000117294199299, 0.000165373188793, 8.17917680251e-05, 4.81341230625e-05, 7.49184255255e-05, 8.73639510246e-05, 6.26946275588e-05, 4.27705272159e-05, 4.80284506921e-05, 8.90098526725e-05, 4.86269927933e-05, 5.35747749382e-05, 7.63244242989e-05, 8.36810067995e-05, 4.96641732752e-05, 3.54767871613e-05, 3.15182987833e-05, 5.82864122407e-05, 0.000104277751234, 3.06319343508e-05, 3.50540758518e-05, 3.6725497921e-05, 4.63721335109e-05, 4.28470630141e-05, 4.05397258874e-05, 6.75934643368e-05, 7.44103235775e-05, 5.60171502002e-05, 4.27208287874e-05, 7.27977021597e-05, 5.03039264004e-05, 4.0186681872e-05, 3.83206715924e-05, 3.37990131811e-05, 2.35325333051e-05, 3.00424035231e-05, 3.5457451304e-05, 4.78128822579e-05, 3.89456581615e-05, 1.74031247298e-05, 2.12960421777e-05, 1.81272407644e-05, 1.7651987946e-05, 1.28086257973e-05, 1.18931038742e-05, 1.76926587301e-05, 1.55036213982e-05, 2.05962915061e-05, 1.55765719683e-05, 3.50327900378e-05, 1.97342542378e-05, 1.35268019221e-05, 6.40307507638e-06, 3.77838750865e-06, 2.67303948931e-06, 1.78930270067e-06, 1.60479061151e-07, 1.04485735619e-08, 1.04107398258e-08, 1.0294001207e-08, 1.01552588561e-08, 9.96157911715e-09, 9.78384573358e-09, 9.66138813396e-09, 9.56425871834e-09, 9.46160660931e-09, 9.38261557337e-09, 9.34103905337e-09],
        "mean": [0.000997022492811, 0.00295292004012, 0.00506039243191, 0.00477792602032, 0.00336499558762, 0.00226784381084, 0.00160554761533, 0.000972761656158, 0.000949377194047, 0.000840790045913, 0.000594980316237, 0.000410150852986, 0.000365465966752, 0.000567939481698, 0.000593937176745, 0.000476334040286, 0.000388558750274, 0.000321655010339, 0.000241503948928, 0.000255055027083, 0.000160715877428, 0.000111897170427, 0.000112365494715, 0.00013718601258, 0.000159577903105, 0.000117341674922, 0.000244545284659, 0.000280391104752, 0.000125525082694, 0.000133137597004, 0.000126874845591, 0.000161154064699, 0.000365530198906, 0.000147462458699, 6.1443715822e-05, 0.000108516171167, 0.000108604690467, 3.8002643123e-05, 7.06838618498e-05, 7.58143651183e-05, 4.65674784209e-05, 0.000132406843477, 0.000213112813071, 0.000157575064804, 4.97926776006e-05, 3.01636282529e-05, 5.02479706483e-05, 3.15889410558e-05, 5.03597220813e-05, 4.68323160021e-05, 1.82006624527e-05, 1.01078403532e-05, 1.36895687319e-05, 1.48950457515e-05, 1.26130053104e-05, 1.09675702333e-05, 9.63945421972e-06, 1.78752325155e-05, 1.37858123708e-05, 9.85285987554e-06, 9.172319551e-06, 1.15286329674e-05, 6.41454926154e-06, 5.31182922714e-06, 7.09858568371e-06, 6.00334806222e-06, 5.24578763361e-06, 3.98067822971e-06, 3.68906603399e-06, 4.51836604043e-06, 3.58273223355e-06, 3.41975737683e-06, 4.46477679361e-06, 5.39290158486e-06, 4.36598065789e-06, 2.86690215034e-06, 2.66013398686e-06, 2.64002892436e-06, 4.53423626823e-06, 3.40800556842e-06, 2.92710592475e-06, 2.86531985694e-06, 3.34683204528e-06, 3.34640503752e-06, 3.44689419762e-06, 4.05281252824e-06, 4.33728428106e-06, 3.6319904666e-06, 3.62638365914e-06, 3.65248297385e-06, 3.24649795402e-06, 3.53718473889e-06, 3.24194820678e-06, 2.63770903075e-06, 2.26799443226e-06, 1.80577171704e-06, 1.83155862032e-06, 2.26863289754e-06, 1.85139242603e-06, 1.37554457069e-06, 1.20459128539e-06, 1.3080697272e-06, 1.12067209557e-06, 1.03495369785e-06, 9.4397086059e-07, 8.98662278814e-07, 8.82067581642e-07, 7.49203536543e-07, 7.56655083478e-07, 8.52380367178e-07, 9.53455355557e-07, 6.49096421057e-07, 4.90911304496e-07, 3.17040587561e-07, 2.18351416947e-07, 9.93811966055e-08, 2.61907562304e-09, 1.60834089102e-11, 1.32867822647e-11, 1.28577044844e-11, 1.2520544497e-11, 1.2211866067e-11, 1.19217370351e-11, 1.17060779473e-11, 1.14946724014e-11, 1.12631562063e-11, 1.11149683207e-11, 1.10474459442e-11],
        "min": [1.3921251929e-09, 1.6383200574e-08, 6.14892030626e-08, 9.01318628621e-08, 2.58757751226e-07, 9.34522859097e-08, 2.98543540111e-07, 1.74941249043e-07, 3.60017367029e-07, 6.38783660634e-07, 4.28348357673e-07, 6.08958544035e-07, 1.99423695335e-07, 1.17627564578e-06, 7.47011597468e-07, 4.09026199577e-07, 3.37719029631e-07, 7.27338687057e-08, 5.39442680747e-07, 3.85985089224e-07, 2.39636676724e-07, 2.05039725643e-07, 9.71251381543e-08, 6.71757049986e-07, 1.58656760618e-07, 2.36317617919e-07, 1.62738643894e-07, 2.34186387615e-07, 2.70463431207e-07, 6.27527967367e-08, 2.05734522751e-07, 1.90165835079e-07, 3.28019979179e-07, 5.70395457089e-07, 1.2460753851e-07, 4.21881850343e-07, 2.75797162885e-07, 2.86710530872e-07, 7.04629101733e-08, 1.65871213653e-07, 2.79793482605e-07, 3.43141408621e-07, 4.26363868655e-07, 2.91427994625e-07, 7.92751393419e-08, 1.83143342269e-07, 1.0305578968e-07, 1.99764301101e-07, 3.10470625209e-07, 2.20522267114e-07, 1.34454566592e-07, 1.50573796986e-07, 2.25003063292e-07, 1.40617771649e-07, 1.11121742918e-07, 6.79489176036e-08, 6.82899354842e-08, 1.93385673697e-07, 1.46329270478e-07, 6.66162236485e-08, 8.52300985343e-08, 1.72073214344e-07, 3.68881387658e-08, 8.3966284592e-08, 6.12408541656e-08, 3.95295387534e-08, 4.02006570255e-08, 3.54430351734e-09, 3.26631734993e-08, 2.52889549301e-08, 1.42812606185e-08, 1.70928515786e-08, 1.6121481039e-08, 8.20106649257e-09, 8.34197955157e-09, 4.14452161479e-09, 1.34648505679e-08, 8.62281357428e-09, 4.08464728707e-09, 1.92716846925e-08, 1.18460183884e-08, 8.91257023738e-09, 3.20298170209e-08, 1.7865234625e-08, 1.47582799315e-08, 3.68531893891e-09, 2.3944801697e-08, 3.8781866607e-09, 5.01348518256e-09, 1.096059421e-08, 1.30518484909e-08, 2.16613909032e-08, 7.413853087e-09, 5.72903591234e-09, 5.59411095225e-09, 3.83790688119e-09, 1.81488946094e-09, 8.44258343791e-11, 1.32260447039e-09, 4.47534231895e-10, 1.56607615764e-09, 1.68246500065e-10, 2.63780414178e-10, 2.55677701233e-10, 5.87284804121e-11, 5.51321106823e-11, 4.71782404809e-11, 1.20698862016e-09, 2.68509742218e-10, 1.23266240964e-11, 6.47768783058e-11, 1.53375048773e-10, 1.71152592099e-10, 1.09971066975e-10, 4.3528774335e-11, 4.65299396235e-11, 6.45282167543e-13, 1.6678618122e-13, 1.24728190016e-13, 1.0569918828e-13, 1.15186492614e-13, 1.13262921448e-13, 1.08275645665e-13, 9.58057079308e-14, 7.54807661144e-14, 2.9043722993e-14, 4.22498043563e-15, 1.7972862559e-16],
        "stdev": [0.00146051193587, 0.00391212804243, 0.00727121997625, 0.00687519740313, 0.00643919641152, 0.00481051998213, 0.00363900768571, 0.00218269298784, 0.002497572219, 0.00244016991928, 0.00167681882158, 0.00105695903767, 0.000856053491589, 0.00163921935018, 0.00222771777771, 0.000957169686444, 0.000850775628351, 0.00103322148789, 0.000697410607245, 0.000709270185325, 0.000514686515089, 0.000658550241496, 0.000711054541171, 0.000499913119711, 0.00086623505922, 0.000513111997861, 0.000966519117355, 0.00127691333182, 0.000549688702449, 0.000392303947592, 0.000460667681182, 0.000411062734202, 0.00128700910136, 0.000558282015845, 0.000264497910393, 0.00038134821807, 0.000391582085285, 0.000107607971586, 0.000220377129153, 0.000268148287432, 0.000197415909497, 0.000420704920543, 0.000789038371295, 0.000574069737922, 0.000198314970476, 0.000112571571663, 0.000252784986515, 0.000107712112367, 0.000170165716554, 0.000110099150334, 4.42419004685e-05, 2.0457951905e-05, 3.39848047588e-05, 3.69332519767e-05, 2.30181303777e-05, 1.82243693416e-05, 1.68061596924e-05, 5.28047567059e-05, 1.90102582565e-05, 1.4761053535e-05, 1.18422585729e-05, 1.69425948116e-05, 8.49430762173e-06, 6.72296573612e-06, 9.6907160696e-06, 8.17304771772e-06, 7.15061423762e-06, 5.30271654497e-06, 5.13788063472e-06, 7.7391623563e-06, 5.16637237524e-06, 5.25511904925e-06, 8.62599699758e-06, 9.15686359804e-06, 6.45419322609e-06, 3.9142737478e-06, 3.68889118363e-06, 4.34007961303e-06, 9.38312041399e-06, 4.67078371003e-06, 4.06255685448e-06, 4.2661763473e-06, 4.92628669235e-06, 4.60974797534e-06, 4.94807409268e-06, 6.8503068178e-06, 7.55415749154e-06, 6.28578982287e-06, 5.4219726735e-06, 7.17495595381e-06, 5.0207941058e-06, 5.38065296496e-06, 4.12648887504e-06, 3.70331940758e-06, 3.17286071549e-06, 2.65488370133e-06, 2.81899815491e-06, 4.13868156102e-06, 3.57961494046e-06, 1.95667280423e-06, 1.6358526409e-06, 1.75472632691e-06, 1.53285634497e-06, 1.45129763496e-06, 1.28184922232e-06, 1.34631216042e-06, 1.31818922e-06, 1.22493975141e-06, 1.25312089949e-06, 1.64403274994e-06, 1.79965218194e-06, 1.3029720094e-06, 8.13922895304e-07, 5.05146999785e-07, 3.34312233008e-07, 1.55898618459e-07, 6.98744928584e-09, 2.73460643019e-10, 2.69781280648e-10, 2.6562174682e-10, 2.61425991965e-10, 2.56085652683e-10, 2.51263704287e-10, 2.47926040808e-10, 2.45282849587e-10, 2.42559861086e-10, 2.4049146008e-10, 2.39392061729e-10]
    },
    "mfcc": {
        "mean": [-620.232299805, 112.100418091, 14.744389534, 10.1072998047, 11.7295923233, 13.0767965317, 1.61898326874, 8.26793766022, -2.47336363792, 4.10113477707, 2.68082880974, 2.71969890594, 0.970377981663],
        "cov": [[2140.42041016, -450.442474365, 2.33146309853, -51.9886703491, -157.118713379, 27.5869522095, 50.217590332, -20.4929409027, -18.4563083649, -6.25738048553, -42.6474494934, -68.9258575439, -99.4870071411], [-450.442474365, 809.162109375, -49.9063262939, 70.3709945679, 142.848098755, 49.0470161438, 18.9678153992, 84.3045959473, 8.60734462738, 38.5194892883, 9.9397315979, 11.3599624634, 29.740322113], [2.33146309853, -49.9063262939, 397.645599365, 216.682296753, 61.0872917175, 23.7163658142, 9.96977615356, 16.3541107178, 32.6454391479, -10.5720024109, 9.96875762939, 32.9848670959, 2.92858624458], [-51.9886703491, 70.3709945679, 216.682296753, 358.618988037, 119.074584961, 35.6024246216, 10.4572572708, 26.3654785156, 38.8025665283, -5.67740869522, -16.8190135956, 19.5048351288, 18.4082126617], [-157.118713379, 142.848098755, 61.0872917175, 119.074584961, 199.722000122, 60.7617607117, 9.00595569611, 48.6496887207, 37.6717720032, 24.8163356781, 4.43000888824, 14.3067569733, 28.2926368713], [27.5869522095, 49.0470161438, 23.7163658142, 35.6024246216, 60.7617607117, 166.38633728, 99.659072876, 34.4766540527, 12.75785923, 31.3159065247, 10.2030162811, 1.28512215614, -6.80939388275], [50.217590332, 18.9678153992, 9.96977615356, 10.4572572708, 9.00595569611, 99.659072876, 152.278076172, 54.5816802979, 12.0370941162, 24.3168354034, 29.2796821594, 14.911113739, -6.81257200241], [-20.4929409027, 84.3045959473, 16.3541107178, 26.3654785156, 48.6496887207, 34.4766540527, 54.5816802979, 99.6210708618, 31.9338474274, 23.1747131348, 14.13093853, 10.6699571609, 3.18589282036], [-18.4563083649, 8.60734462738, 32.6454391479, 38.8025665283, 37.6717720032, 12.75785923, 12.0370941162, 31.9338474274, 90.6903839111, 39.9040260315, 8.33028125763, 3.56190180779, 5.09483098984], [-6.25738048553, 38.5194892883, -10.5720024109, -5.67740869522, 24.8163356781, 31.3159065247, 24.3168354034, 23.1747131348, 39.9040260315, 78.9957962036, 32.1498069763, 8.45786762238, -5.29825592041], [-42.6474494934, 9.9397315979, 9.96875762939, -16.8190135956, 4.43000888824, 10.2030162811, 29.2796821594, 14.13093853, 8.33028125763, 32.1498069763, 80.0303192139, 38.0762939453, 1.46309006214], [-68.9258575439, 11.3599624634, 32.9848670959, 19.5048351288, 14.3067569733, 1.28512215614, 14.911113739, 10.6699571609, 3.56190180779, 8.45786762238, 38.0762939453, 79.314956665, 34.8974647522], [-99.4870071411, 29.740322113, 2.92858624458, 18.4082126617, 28.2926368713, -6.80939388275, -6.81257200241, 3.18589282036, 5.09483098984, -5.29825592041, 1.46309006214, 34.8974647522, 67.8557434082]],
        "icov": [[0.00058848207118, 0.000301205407595, 1.52003813128e-05, -8.80889056134e-05, 0.000314757053275, -0.000147342885612, -9.27788933041e-05, -0.00023384069209, 0.00014978456602, -0.000245463917963, 0.00036107559572, 9.40661411732e-05, 0.000523096590769], [0.000301205407595, 0.00174936337862, 0.000458722817712, -0.0003677229397, -0.000653672555927, -0.000156299487571, 0.00030336205964, -0.00134449498728, 0.00094672414707, -0.000780642963946, 0.000114158792712, 0.000198922192794, -0.00013150445011], [1.52003813128e-05, 0.000458722817712, 0.00420076306909, -0.00249125366099, 5.60779262742e-05, -0.000549502146896, 0.000540195615031, -0.000323297106661, -0.000926242268179, 0.00138974399306, -0.000972272770014, -0.00143262196798, 0.00124246394262], [-8.80889056134e-05, -0.0003677229397, -0.00249125366099, 0.00532058207318, -0.00236789719202, 0.000378777156584, -0.000812202517409, 0.000751848798245, -0.00104467046913, 0.000699501251802, 0.00188248150516, -0.000803696399089, 0.00011041109974], [0.000314757053275, -0.000653672555927, 5.60779262742e-05, -0.00236789719202, 0.0097938189283, -0.00437232479453, 0.00383322197013, -0.00348620745353, -0.0011067831656, -0.000638149038423, -0.00103551766369, 0.000913604919333, -0.00300012202933], [-0.000147342885612, -0.000156299487571, -0.000549502146896, 0.000378777156584, -0.00437232479453, 0.0130831431597, -0.00921826064587, 0.00262136664242, 0.00152439146768, -0.00351157039404, 0.00252280966379, 0.000591784541029, 0.00111343816388], [-9.27788933041e-05, 0.00030336205964, 0.000540195615031, -0.000812202517409, 0.00383322197013, -0.00921826064587, 0.0155237335712, -0.00699354102835, 7.37614245736e-05, 0.00121064321138, -0.00386228482239, -0.000919026497286, -6.3482177211e-05], [-0.00023384069209, -0.00134449498728, -0.000323297106661, 0.000751848798245, -0.00348620745353, 0.00262136664242, -0.00699354102835, 0.0169392991811, -0.00411659106612, -9.38880402828e-05, 0.000590617011767, -0.00100269762333, 0.00108030228876], [0.00014978456602, 0.00094672414707, -0.000926242268179, -0.00104467046913, -0.0011067831656, 0.00152439146768, 7.37614245736e-05, -0.00411659106612, 0.017541879788, -0.00958499126136, 0.00169897801243, 0.00165456940886, -0.00200988631696], [-0.000245463917963, -0.000780642963946, 0.00138974399306, 0.000699501251802, -0.000638149038423, -0.00351157039404, 0.00121064321138, -9.38880402828e-05, -0.00958499126136, 0.0228583440185, -0.00820879638195, -5.21373403899e-05, 0.00248044519685], [0.00036107559572, 0.000114158792712, -0.000972272770014, 0.00188248150516, -0.00103551766369, 0.00252280966379, -0.00386228482239, 0.000590617011767, 0.00169897801243, -0.00820879638195, 0.0225313790143, -0.0110600646585, 0.00471380213276], [9.40661411732e-05, 0.000198922192794, -0.00143262196798, -0.000803696399089, 0.000913604919333, 0.000591784541029, -0.000919026497286, -0.00100269762333, 0.00165456940886, -5.21373403899e-05, -0.0110600646585, 0.0242932252586, -0.0124197090045], [0.000523096590769, -0.00013150445011, 0.00124246394262, 0.00011041109974, -0.00300012202933, 0.00111343816388, -6.3482177211e-05, 0.00108030228876, -0.00200988631696, 0.00248044519685, 0.00471380213276, -0.0124197090045, 0.0234139636159]]
    },
    "spectral_contrast_coeffs": {
        "max": [-0.474458038807, -0.480637907982, -0.499079912901, -0.558074593544, -0.615863204002, -0.703664422035],
        "mean": [-0.738014698029, -0.754219830036, -0.76213902235, -0.78579211235, -0.8077044487, -0.784704744816],
        "min": [-0.906334757805, -0.922754585743, -0.903084516525, -0.910050809383, -0.895717978477, -0.869046151638],
        "stdev": [0.0797242447734, 0.0716885179281, 0.075185790658, 0.0627439394593, 0.0366477929056, 0.0272492524236]
    },
    "spectral_contrast_valleys": {
        "max": [-4.87876224518, -4.57004404068, -5.58142662048, -6.05481052399, -5.92564535141, -7.93795585632],
        "mean": [-6.38434743881, -6.58461713791, -7.12909555435, -7.38804292679, -7.50050735474, -9.65560626984],
        "min": [-9.97505760193, -8.64695358276, -8.68735122681, -8.58518981934, -9.24938678741, -12.296628952],
        "stdev": [0.707221210003, 0.563048481941, 0.535566389561, 0.446831196547, 0.607868134975, 0.809732198715]
    }
},
"rhythm": {
    "beats_count": 77,
    "beats_loudness": {
        "max": 0.150978863239,
        "mean": 0.0312806479633,
        "min": 0.00538346031681,
        "stdev": 0.0184992123395
    },
    "bpm": 129.988052368,
    "bpm_histogram_first_peak_bpm": 129,
    "bpm_histogram_first_peak_weight": 0.289473712444,
    "bpm_histogram_second_peak_bpm": 0,
    "bpm_histogram_second_peak_spread": 0,
    "bpm_histogram_second_peak_weight": 0,
    "danceability": 1.97663855553,
    "onset_rate": 4.38857936859,
    "beats_loudness_band_ratio": {
        "max": [0.856709182262, 0.529554963112, 0.741995632648, 0.74518930912, 0.229947581887, 0.488696634769],
        "mean": [0.423578441143, 0.150057896972, 0.141078844666, 0.152316465974, 0.0668357908726, 0.104421034455],
        "min": [0.0152549305931, 0.00934004876763, 0.00585678825155, 0.00473874481395, 0.00431745266542, 0.00356632517651],
        "stdev": [0.189534708858, 0.102462016046, 0.11911714077, 0.166656777263, 0.0483794435859, 0.0756610259414]
    },
    "beats_position": [0.46439909935, 0.940408170223, 1.4164172411, 1.88081634045, 2.34521532059, 2.79800438881, 3.26240348816, 3.7151927948, 4.17959165573, 4.6439909935, 5.10838985443, 5.5727891922, 6.03718805313, 6.48997735977, 6.9543762207, 7.40716552734, 7.87156438828, 8.33596324921, 8.80036258698, 9.26476192474, 9.72916126251, 10.1819496155, 10.6347389221, 11.0991382599, 11.5635375977, 12.0279359818, 12.4923353195, 12.9567346573, 13.4095239639, 13.8623123169, 14.3267116547, 14.7911109924, 15.2555103302, 15.7199087143, 16.1843090057, 16.637096405, 17.0898857117, 17.5542850494, 18.0186843872, 18.483083725, 18.9474830627, 19.4118824005, 19.8762817383, 20.3290691376, 20.7818584442, 21.246257782, 21.7106571198, 22.1750564575, 22.6394557953, 23.0922451019, 23.5450344086, 24.009431839, 24.4738311768, 24.9382305145, 25.4026298523, 25.8554191589, 26.3082084656, 26.7726078033, 27.2370071411, 27.7014045715, 28.1658039093, 28.6302032471, 29.0946025848, 29.5473918915, 30.0001811981, 30.4645805359, 30.9289798737, 31.3933773041, 31.8577766418, 32.3105659485, 32.7749671936, 33.2277526855, 33.6921539307, 34.1565513611, 34.6209526062, 35.0853500366, 35.5497512817],
