{
"metadata": {
    "version": {
        "essentia": "2.1-beta5",
        "essentia_git_sha": "Undefined",
        "extractor": "music 2.0"
    },
    "audio_properties": {
        "analysis": {
            "equal_loudness": 0,
            "length": 12.7477550507,
            "sample_rate": 44100,
            "start_time": 0,
            "downmix": "mix"
        },
        "bit_rate": 192000,
        "length": 188.220962524,
        "lossless": 0,
        "number_channels": 2,
        "replay_gain": 9.23714637756,
        "sample_rate": 48000,
        "codec": "mp3",
        "md5_encoded": "b9c26ebdf6b470061c75e8f8908712ee"
    },
    "tags": {
        "file_name": "Finland_Takes 2 To Tango_Jari Sillanpää.mp3",
        "encoding": ["Lavf58.29.100"]
    }
},
"lowlevel": {
    "average_loudness": 0.92006444931,
    "barkbands_crest": {
        "max": 23.212474823,
        "mean": 10.6413021088,
        "min": 2.84906816483,
        "stdev": 4.04376173019
    },
    "barkbands_flatness_db": {
        "max": 0.330537587404,
        "mean": 0.190825298429,
        "min": 0.0646575689316,
        "stdev": 0.0592339858413
    },
    "barkbands_kurtosis": {
        "max": 33.7389945984,
        "mean": 3.72466850281,
        "min": -1.38979685307,
        "stdev": 4.74315690994
    },
    "barkbands_skewness": {
        "max": 5.17065143585,
        "mean": 1.54374182224,
        "min": -1.88103377819,
        "stdev": 1.04100227356
    },
    "barkbands_spread": {
        "max": 106.924560547,
        "mean": 15.1792564392,
        "min": 1.60200750828,
        "stdev": 10.3391704559
    },
    "dissonance": {
        "max": 0.499942213297,
        "mean": 0.475513577461,
        "min": 0.363436967134,
        "stdev": 0.0221271850169
    },
    "dynamic_complexity": 3.6186773777,
    "erbbands_crest": {
        "max": 24.9400100708,
        "mean": 11.0114774704,
        "min": 2.7076420784,
        "stdev": 4.40025281906
    },
    "erbbands_flatness_db": {
        "max": 0.408390402794,
        "mean": 0.2463568151,
        "min": 0.0583048388362,
        "stdev": 0.0762287825346
    },
    "erbbands_kurtosis": {
        "max": 20.2892227173,
        "mean": 1.99106907845,
        "min": -1.38404715061,
        "stdev": 2.69288110733
    },
    "erbbands_skewness": {
        "max": 4.06223773956,
        "mean": 0.968733668327,
        "min": -1.07763767242,
        "stdev": 0.983782231808
    },
    "erbbands_spread": {
        "max": 89.7644805908,
        "mean": 22.3844776154,
        "min": 3.98076868057,
        "stdev": 11.9227819443
    },
    "hfc": {
        "max": 148.660644531,
        "mean": 20.3959884644,
        "min": 1.21683059137e-16,
        "stdev": 16.3979187012
    },
    "loudness_ebu128": {
        "integrated": -33.32396698,
        "loudness_range": 3.3687171936,
        "momentary": {
            "max": -29.9164943695,
            "mean": -34.6546936035,
            "min": -53.4053192139,
            "stdev": 3.8762948513
        },
        "short_term": {
            "max": -31.3693523407,
            "mean": -33.7805252075,
            "min": -35.6723556519,
            "stdev": 1.10298168659
        }
    },
    "melbands_crest": {
        "max": 32.3242645264,
        "mean": 13.4944171906,
        "min": 2.51210093498,
        "stdev": 4.86888504028
    },
    "melbands_flatness_db": {
        "max": 0.31508731842,
        "mean": 0.189880475402,
        "min": 0.0111822588369,
        "stdev": 0.0536121577024
    },
    "melbands_kurtosis": {
        "max": 67.0992507935,
        "mean": 8.96484851837,
        "min": -1.25635826588,
        "stdev": 9.03618335724
    },
    "melbands_skewness": {
        "max": 7.25408935547,
        "mean": 2.21946144104,
        "min": -0.16925355792,
        "stdev": 1.22563385963
    },
    "melbands_spread": {
        "max": 135.985397339,
        "mean": 20.1161403656,
        "min": 2.1431453228,
        "stdev": 14.9851675034
    },
    "pitch_salience": {
        "max": 0.8684502244,
        "mean": 0.611269116402,
        "min": 0.139687657356,
        "stdev": 0.113302782178
    },
    "silence_rate_20dB": {
        "max": 1,
        "mean": 1,
        "min": 1,
        "stdev": 0
    },
    "silence_rate_30dB": {
        "max": 1,
        "mean": 0.983636379242,
        "min": 0,
        "stdev": 0.126869574189
    },
    "silence_rate_60dB": {
        "max": 1,
        "mean": 0.10000000149,
        "min": 0,
        "stdev": 0.299997657537
    },
    "spectral_centroid": {
        "max": 10802.2714844,
        "mean": 1397.05810547,
        "min": 573.331665039,
        "stdev": 557.08380127
    },
    "spectral_complexity": {
        "max": 54,
        "mean": 19.1763629913,
        "min": 0,
        "stdev": 8.47326564789
    },
    "spectral_decrease": {
        "max": 5.86458306981e-29,
        "mean": -5.54909984629e-09,
        "min": -5.30682093824e-08,
        "stdev": 6.28698693106e-09
    },
    "spectral_energy": {
        "max": 0.213775843382,
        "mean": 0.0227935872972,
        "min": 1.08156676213e-20,
        "stdev": 0.0249720010906
    },
    "spectral_energyband_high": {
        "max": 0.00492553506047,
        "mean": 0.000434407091234,
        "min": 7.55029945182e-21,
        "stdev": 0.000553974707145
    },
    "spectral_energyband_low": {
        "max": 0.117999874055,
        "mean": 0.00356558337808,
        "min": 5.60399403331e-23,
        "stdev": 0.0126614710316
    },
    "spectral_energyband_middle_high": {
        "max": 0.0581950098276,
        "mean": 0.00977781321853,
        "min": 1.67271469884e-21,
        "stdev": 0.00949027761817
    },
    "spectral_energyband_middle_low": {
        "max": 0.160671234131,
        "mean": 0.0107679944485,
        "min": 3.57879661729e-22,
        "stdev": 0.0147792100906
    },
    "spectral_entropy": {
        "max": 9.7955493927,
        "mean": 7.52531671524,
        "min": 6.86899662018,
        "stdev": 0.278949171305
    },
    "spectral_flux": {
        "max": 0.39870172739,
        "mean": 0.079786837101,
        "min": 1.03998400169e-10,
        "stdev": 0.0550552383065
    },
    "spectral_kurtosis": {
        "max": 15.4774417877,
        "mean": 4.67916727066,
        "min": -1.14871549606,
        "stdev": 2.36458659172
    },
    "spectral_rms": {
        "max": 0.0144416689873,
        "mean": 0.00421515898779,
        "min": 3.2483642512e-12,
        "stdev": 0.00211424939334
    },
    "spectral_rolloff": {
        "max": 19293.75,
        "mean": 1546.39733887,
        "min": 21.533203125,
        "stdev": 1281.02954102
    },
    "spectral_skewness": {
        "max": 3.43831658363,
        "mean": 1.63145577908,
        "min": 0.0250292103738,
        "stdev": 0.315479695797
    },
    "spectral_spread": {
        "max": 39555176,
        "mean": 3704965.75,
        "min": 2040360.375,
        "stdev": 1949679.375
    },
    "spectral_strongpeak": {
        "max": 9.05178356171,
        "mean": 1.51790356636,
        "min": 0,
        "stdev": 1.52238702774
    },
    "zerocrossingrate": {
        "max": 0.59423828125,
        "mean": 0.063511185348,
        "min": 0.02001953125,
        "stdev": 0.0417870357633
    },
    "barkbands": {
        "max": [0.000836977735162, 0.085733436048, 0.0414387099445, 0.0669333040714, 0.0832100510597, 0.0156557131559, 0.00750416517258, 0.0103197013959, 0.0297704804689, 0.0533565059304, 0.0087570771575, 0.0059455842711, 0.0161118302494, 0.0082099949941, 0.00852191727608, 0.00708062108606, 0.00626463303342, 0.00485833734274, 0.00501396274194, 0.0021251027938, 0.00108586216811, 0.00228896038607, 0.00116744963452, 0.00115204951726, 0.00111522013322, 1.2462057839e-06, 2.5150421834e-07],
        "mean": [3.40673868777e-05, 0.0022409344092, 0.000805485178716, 0.00129615212791, 0.00144100340549, 0.000412259279983, 0.000370355963241, 0.000782301067375, 0.00466696405783, 0.00548929581419, 0.000809938239399, 0.000575717131142, 0.000819185457658, 0.000563899695408, 0.000536637729965, 0.000465948309284, 0.000571436365135, 0.000217476117541, 0.000214618077734, 8.59482461237e-05, 0.000108912325231, 0.00012694268662, 6.92553585395e-05, 5.4299558542e-05, 3.45291373378e-05, 1.72830993961e-08, 2.81002288105e-09],
        "min": [1.81691958303e-23, 4.32341750875e-23, 1.92959203392e-24, 2.88240387323e-24, 1.10045473078e-23, 5.18517768131e-23, 1.54889834758e-22, 5.18770992481e-23, 8.41692560874e-23, 3.85917917691e-23, 6.03755009355e-23, 7.36895923713e-23, 7.20920038878e-23, 1.09580302313e-22, 1.25292997906e-22, 1.26455337118e-22, 2.2034081627e-22, 4.50842009539e-22, 2.27861121943e-22, 2.74647995226e-22, 4.16894964515e-22, 2.98748087156e-22, 6.78849922719e-22, 9.60528044384e-22, 1.12895270017e-21, 1.71412845749e-21, 2.52187537435e-21],
        "stdev": [0.00010029902478, 0.00934345833957, 0.00400286074728, 0.0053870328702, 0.00676095020026, 0.00112788542174, 0.00082509504864, 0.00108227878809, 0.0051606320776, 0.00809324346483, 0.00117564864922, 0.000733933178708, 0.00148925883695, 0.000783724244684, 0.000756393419579, 0.000779173453338, 0.000897506892215, 0.0003407317854, 0.000386429048376, 0.000161987598403, 0.000138481293106, 0.000240906330873, 0.000109314154543, 0.000107243191451, 8.87266360223e-05, 7.21419795013e-08, 1.07434718899e-08]
    },
    "erbbands": {
        "max": [1.43635010719, 23.7990093231, 60.8516616821, 105.44858551, 371.300109863, 224.199432373, 143.192230225, 119.091407776, 39.4389228821, 198.635452271, 231.363708496, 663.403991699, 1877.86242676, 754.569885254, 395.10635376, 284.396240234, 733.677856445, 410.975585938, 278.968841553, 469.226165771, 458.279937744, 189.928283691, 335.677978516, 398.956268311, 106.125587463, 122.429450989, 49.5203399658, 51.7980003357, 58.3042640686, 43.6266326904, 30.3915996552, 33.7436027527, 8.16203212738, 15.6409273148, 6.06344747543, 0.226391047239, 0.00615620939061, 0.000550787546672, 0.000151913918671, 0.000259245600319],
        "mean": [0.0510969571769, 0.543180763721, 1.09672546387, 2.47811245918, 5.25872468948, 4.72865200043, 3.21067810059, 3.8842382431, 2.8784403801, 12.5468111038, 33.0308837891, 111.931259155, 168.37449646, 94.6915740967, 30.933713913, 23.2814865112, 38.015209198, 30.1862602234, 26.1719818115, 32.3087768555, 25.9842224121, 24.6483573914, 18.1213321686, 13.5771360397, 7.01897954941, 4.4806060791, 4.90643501282, 4.43751525879, 3.90704154968, 2.98261117935, 1.92279434204, 1.46401667595, 0.622860968113, 0.506151676178, 0.19858789444, 0.00924590975046, 0.00029194104718, 2.77338385786e-05, 1.64378197951e-05, 2.81478660327e-05],
        "min": [2.44451884095e-21, 4.8619026843e-21, 3.34271985612e-21, 4.39383397207e-21, 7.60183910477e-21, 4.6229037097e-20, 3.9174400101e-19, 2.97496412033e-19, 1.18758403262e-18, 2.55504820882e-18, 1.02090651881e-18, 2.02927773582e-18, 1.11458586055e-18, 2.94334705428e-18, 1.96641800632e-18, 3.26055241442e-18, 2.98933767595e-18, 4.4799882773e-18, 5.94446812484e-18, 6.25534451933e-18, 7.88994729473e-18, 1.28709303313e-17, 2.13605612363e-17, 1.90545504333e-17, 1.16455656514e-17, 1.47074201837e-17, 1.48657971469e-17, 1.49388653191e-17, 1.25257511704e-17, 1.7510200921e-17, 1.97570451491e-17, 1.85300898008e-17, 1.57021478837e-17, 1.13726704955e-17, 8.65078802216e-18, 6.74187561202e-18, 2.95206512434e-18, 1.42543609545e-18, 2.9557533676e-19, 3.78157895491e-20],
        "stdev": [0.190485626459, 2.4386548996, 5.548620224, 8.9334192276, 29.2743034363, 17.6634693146, 10.1299409866, 9.35802078247, 4.76708889008, 26.0927295685, 39.0095367432, 120.851318359, 253.182281494, 125.400489807, 37.4520721436, 29.000825882, 68.0854263306, 40.3498420715, 29.492269516, 52.5454406738, 46.0587768555, 31.0629196167, 27.2016162872, 30.1692638397, 8.94522762299, 8.32613754272, 6.34784889221, 6.90739059448, 6.93332195282, 4.73888731003, 3.10687446594, 3.073148489, 1.06887304783, 1.36516857147, 0.489393174648, 0.0212546549737, 0.000637488556094, 5.11355319759e-05, 1.65219644259e-05, 2.92010063276e-05]
    },
    "gfcc": {
        "mean": [-60.4921112061, 76.082244873, -197.02494812, 6.19591140747, -88.7838439941, 17.0932941437, -35.1309013367, 9.18287372589, -13.179889679, -17.833864212, -16.3516864777, -18.9457931519, 1.82236146927],
        "cov": [[10798.8544922, 1458.4017334, 481.75994873, 1182.58532715, -219.210662842, 606.98034668, -575.274841309, 21.0619373322, -28.5677909851, -330.691375732, -47.8404197693, -83.1880569458, 47.2418441772], [1458.4017334, 1147.98474121, 1074.21252441, 913.200134277, 503.751922607, 339.443756104, -32.8038406372, -10.9844121933, 40.6087684631, 50.993396759, 69.0560379028, 63.0772705078, -19.8588829041], [481.75994873, 1074.21252441, 2427.83276367, 1604.12329102, 846.892333984, 711.638366699, -406.243927002, 25.8548297882, -72.9182434082, 204.085693359, 18.6465950012, 261.416931152, -147.513275146], [1182.58532715, 913.200134277, 1604.12329102, 1376.98156738, 654.928466797, 487.425262451, -286.550506592, -35.4086723328, 9.60709190369, 144.123001099, 35.7532653809, 152.784973145, -109.75630188], [-219.210662842, 503.751922607, 846.892333984, 654.928466797, 526.829101562, 252.468231201, -22.2394351959, 21.4959716797, -10.5273981094, 107.713371277, 51.9744300842, 84.995880127, -57.5145187378], [606.98034668, 339.443756104, 711.638366699, 487.425262451, 252.468231201, 312.978759766, -97.0339279175, 61.2046470642, -22.3429450989, 67.1170425415, 0.174944862723, 65.6643218994, -49.9584732056], [-575.274841309, -32.8038406372, -406.243927002, -286.550506592, -22.2394351959, -97.0339279175, 375.884887695, 64.2313919067, 77.0498962402, 32.9882545471, 29.4027786255, -79.7986450195, 45.2147979736], [21.0619373322, -10.9844121933, 25.8548297882, -35.4086723328, 21.4959716797, 61.2046470642, 64.2313919067, 115.767173767, 18.9068431854, 29.488702774, 16.3013057709, 1.0052781105, -2.34392929077], [-28.5677909851, 40.6087684631, -72.9182434082, 9.60709190369, -10.5273981094, -22.3429450989, 77.0498962402, 18.9068431854, 134.716918945, 42.4037017822, 15.5089559555, -4.97488689423, 10.6731748581], [-330.691375732, 50.993396759, 204.085693359, 144.123001099, 107.713371277, 67.1170425415, 32.9882545471, 29.488702774, 42.4037017822, 143.848419189, 35.0454292297, 38.6963653564, -17.8438053131], [-47.8404197693, 69.0560379028, 18.6465950012, 35.7532653809, 51.9744300842, 0.174944862723, 29.4027786255, 16.3013057709, 15.5089559555, 35.0454292297, 88.5935058594, 28.295791626, 20.1039218903], [-83.1880569458, 63.0772705078, 261.416931152, 152.784973145, 84.995880127, 65.6643218994, -79.7986450195, 1.0052781105, -4.97488689423, 38.6963653564, 28.295791626, 107.032684326, 10.052315712], [47.2418441772, -19.8588829041, -147.513275146, -109.75630188, -57.5145187378, -49.9584732056, 45.2147979736, -2.34392929077, 10.6731748581, -17.8438053131, 20.1039218903, 10.052315712, 69.5748825073]],
        "icov": [[0.000469645368867, -0.000873287557624, 0.00116358418018, -0.00133932766039, 0.00139152689371, -0.00140736124013, 0.000689583481289, -0.000978555995971, 0.000611566822045, 0.00039699987974, 0.000206742508453, 0.000120146607514, -0.00062439328758], [-0.000873287557624, 0.00467078853399, -0.00295091839507, 0.00122817000374, -0.00306418095715, 0.0015262310626, -0.00248844735324, 0.00308620766737, -0.00233909720555, 0.00153613882139, -0.00247709616087, 0.00170961325057, -0.000887334521394], [0.00116358418018, -0.00295091839507, 0.00649007828906, -0.00505397142842, 0.00235803448595, -0.00566129246727, 0.00260245101526, -0.00312734302133, 0.00296115013771, -0.000337728182785, 0.00259387213737, -0.00278877513483, -0.000644726445898], [-0.00133932766039, 0.00122817000374, -0.00505397142842, 0.0105345854536, -0.00696083623916, 0.000960811157711, 0.000737836409826, 0.00668532215059, -0.00524270581082, -0.00185269245412, -0.00167470797896, 0.00160801049788, 0.00242520240135], [0.00139152689371, -0.00306418095715, 0.00235803448595, -0.00696083623916, 0.0122125558555, -0.00271515385248, -0.0018619413022, -0.00378725281917, 0.0047164442949, 0.000968501612078, -0.00124594848603, -0.00227630720474, 0.00164130702615], [-0.00140736124013, 0.0015262310626, -0.00566129246727, 0.000960811157711, -0.00271515385248, 0.0197607465088, -0.00214149267413, -0.00673829205334, 0.00161388330162, -0.00263577792794, 0.00289408490062, -0.00100036046933, 0.00239798892289], [0.000689583481289, -0.00248844735324, 0.00260245101526, 0.000737836409826, -0.0018619413022, -0.00214149267413, 0.00904210843146, -0.0035959163215, -0.00156943895854, -0.00275794207118, 0.00106094335206, 0.00528392056003, -0.00510763050988], [-0.000978555995971, 0.00308620766737, -0.00312734302133, 0.00668532215059, -0.00378725281917, -0.00673829205334, -0.0035959163215, 0.0196915157139, -0.00504365656525, 5.49717333342e-05, -0.00511642871425, 0.000639310863335, 0.00266594532877], [0.000611566822045, -0.00233909720555, 0.00296115013771, -0.00524270581082, 0.0047164442949, 0.00161388330162, -0.00156943895854, -0.00504365656525, 0.013240176253, -0.00343838846311, 0.0022340992, -0.00245015136898, -0.000371923320927], [0.00039699987974, 0.00153613882139, -0.000337728182785, -0.00185269245412, 0.000968501612078, -0.00263577792794, -0.00275794207118, 5.49717333342e-05, -0.00343838846311, 0.014006504789, -0.00461740745232, -0.00262692850083, 0.00306578492746], [0.000206742508453, -0.00247709616087, 0.00259387213737, -0.00167470797896, -0.00124594848603, 0.00289408490062, 0.00106094335206, -0.00511642871425, 0.0022340992, -0.00461740745232, 0.0187415704131, -0.0050758193247, -0.00401250785217], [0.000120146607514, 0.00170961325057, -0.00278877513483, 0.00160801049788, -0.00227630720474, -0.00100036046933, 0.00528392056003, 0.000639310863335, -0.00245015136898, -0.00262692850083, -0.0050758193247, 0.0225166138262, -0.0110665056854], [-0.00062439328758, -0.000887334521394, -0.000644726445898, 0.00242520240135, 0.00164130702615, 0.00239798892289, -0.00510763050988, 0.00266594532877, -0.000371923320927, 0.00306578492746, -0.00401250785217, -0.0110665056854, 0.0270920433104]]
    },
    "melbands": {
        "max": [0.0165191143751, 0.0303691830486, 0.0282638296485, 0.0204184129834, 0.00550531921908, 0.00263778702356, 0.00062510749558, 0.00239000492729, 0.00274638272822, 0.00404604244977, 0.009780600667, 0.00378477014601, 0.00105512724258, 0.000902089232113, 0.00135975948069, 0.00140095711686, 0.000935616553761, 0.000416300754296, 0.000702329620253, 0.000398718111683, 0.000574398087338, 0.000297835067613, 0.000366845633835, 0.000179990267497, 0.000374150462449, 6.18894919171e-05, 9.69597676885e-05, 8.43816451379e-05, 3.06408546749e-05, 3.67636348528e-05, 4.85748205392e-05, 3.15020988637e-05, 5.03056398884e-05, 2.42844416789e-05, 1.94076055777e-05, 1.98698144231e-05, 1.57993563334e-05, 5.41064127901e-06, 5.98172618993e-06, 1.76000939973e-05],
        "mean": [0.000553963065613, 0.000630345952231, 0.000542210822459, 0.000349380163243, 0.000140569245559, 8.21723006084e-05, 5.00974092574e-05, 0.000136153394124, 0.000363332568668, 0.000694954709616, 0.00085909984773, 0.000432221771916, 0.000104546605144, 7.05641650711e-05, 6.7443223088e-05, 7.88878969615e-05, 5.47731397091e-05, 4.28167404607e-05, 3.80526835215e-05, 4.05498867622e-05, 3.00780011457e-05, 2.41608904616e-05, 2.80350122921e-05, 1.00479601315e-05, 1.13263677122e-05, 5.98717178946e-06, 3.34127389578e-06, 2.76823334389e-06, 2.68312760454e-06, 2.94343112728e-06, 2.75243360193e-06, 2.29107672567e-06, 2.0966840566e-06, 1.49667596361e-06, 1.16667990824e-06, 9.50454250415e-07, 8.23606455924e-07, 4.28710876577e-07, 3.7484565496e-07, 4.57688429378e-07],
        "min": [1.63587994959e-23, 2.9604758593e-24, 9.91417508716e-25, 1.33097440233e-24, 1.08246097131e-23, 7.13590243114e-24, 2.35559467211e-23, 2.57529811402e-23, 5.87698495047e-24, 1.4538480869e-23, 5.29899682041e-24, 1.14056073475e-23, 7.17984908331e-24, 9.21590539057e-24, 6.92800602817e-24, 6.56659019331e-24, 8.85374802645e-24, 9.50507971032e-24, 1.02995083958e-23, 7.60350841018e-24, 9.73513048294e-24, 1.22478914909e-23, 1.3610023138e-23, 2.57311486258e-23, 1.39605597921e-23, 8.76224489461e-24, 8.98924356439e-24, 9.29454772307e-24, 7.1487324649e-24, 1.19565304487e-23, 7.49101368965e-24, 6.65742200452e-24, 6.26970120834e-24, 1.1750271721e-23, 1.24864911492e-23, 9.40067475837e-24, 1.15416456217e-23, 9.25149011714e-24, 1.36250320056e-23, 7.96966056592e-24],
        "stdev": [0.00215677381493, 0.00288875843398, 0.0022654493805, 0.00171445182059, 0.000413223839132, 0.000201801973162, 8.89527218533e-05, 0.000275359634543, 0.000461182062281, 0.000753736007027, 0.00131756241899, 0.000592151365709, 0.000141475480632, 9.33385599637e-05, 0.000113634334411, 0.000144006800838, 8.42376321089e-05, 4.76354434795e-05, 5.71024575038e-05, 6.27746558166e-05, 6.18524209131e-05, 3.5819815821e-05, 5.07154109073e-05, 1.49632114699e-05, 2.81577213173e-05, 7.13195049684e-06, 6.20968057774e-06, 5.47708123122e-06, 3.54000508196e-06, 4.60758474219e-06, 5.80337928113e-06, 4.06301296607e-06, 4.57686837763e-06, 2.372300969e-06, 1.91396952687e-06, 2.08327242035e-06, 1.57688316449e-06, 7.16146246305e-07, 7.78591129347e-07, 1.42186502217e-06]
    },
    "melbands128": {
        "max": [0.000754200329538, 0.0105166342109, 0.0239176433533, 0.0488808602095, 0.0419291704893, 0.0160897597671, 0.0155412852764, 0.0412502326071, 0.0429334789515, 0.0220997389406, 0.0102519681677, 0.00588400801644, 0.00460264831781, 0.00438326504081, 0.00315038347617, 0.00152342068031, 0.000716309878044, 0.000619156635366, 0.00168955698609, 0.00377264176495, 0.00362154422328, 0.000823540030979, 0.00324274320155, 0.00637989165261, 0.00665793055668, 0.00699107162654, 0.00939734745771, 0.0135514494032, 0.0126233650371, 0.00592662021518, 0.00462099723518, 0.00156552740373, 0.00191994931083, 0.00217827525921, 0.00165333761834, 0.000997562543489, 0.000861199048813, 0.000919612240978, 0.00296833273023, 0.00161922792904, 0.00198162393644, 0.000462107447674, 0.000902274798136, 0.00187489937525, 0.000481294759084, 0.000529197859578, 0.000716354988981, 0.000754141714424, 0.000471597537398, 0.00134013104253, 0.000688667758368, 0.000598836340941, 0.00143683864735, 0.00058407720644, 0.00105886068195, 0.000241889836616, 0.00016048917314, 0.00104688492138, 0.00043570442358, 0.000529014854692, 9.26746870391e-05, 7.33645501896e-05, 0.000982295605354, 0.000182132193004, 7.08263687557e-05, 4.0374306991e-05, 0.000108736523543, 6.28106936347e-05, 0.000136953793117, 0.000122942830785, 0.000102026482637, 7.95405285317e-05, 2.92638560495e-05, 3.85185921914e-05, 4.7360539611e-05, 8.70053700055e-05, 5.97931320954e-05, 2.20259698835e-05, 6.68868087814e-05, 9.60410325206e-05, 4.44946344942e-05, 3.74639566871e-05, 5.79190455028e-05, 7.58568494348e-05, 3.96963150706e-05, 2.65586895694e-05, 3.1915747968e-05, 1.84981563507e-05, 3.03870292555e-05, 1.40717911563e-05, 2.4221249987e-05, 2.14150313695e-05, 6.99739393895e-05, 7.82000552135e-06, 1.6527957996e-05, 7.3357105066e-06, 4.182543762e-06, 8.77761067386e-06, 1.47911523527e-05, 7.46802652429e-06, 1.54802601173e-05, 2.87563616439e-05, 2.04678526643e-05, 1.46798320202e-05, 6.18420881437e-06, 5.1575557336e-06, 6.76568333802e-07, 3.744440491e-08, 1.80369241765e-09, 1.69311753506e-09, 1.59768276387e-09, 1.54512169726e-09, 1.44543421676e-09, 1.39198808036e-09, 1.28164179269e-09, 1.18997944831e-09, 1.2291992979e-09, 1.18548115768e-09, 1.12839404487e-09, 1.09672604331e-09, 1.0643618209e-09, 1.06505160247e-09, 1.07886799494e-09, 1.04192954264e-09, 9.9928643138e-10, 9.82549708262e-10, 9.75945768644e-10, 9.68200519758e-10],
        "mean": [3.08517155645e-05, 0.00031369944918, 0.000817076885141, 0.000937462376896, 0.000659825920593, 0.000345098233083, 0.000428904371802, 0.000740433577448, 0.000542829919141, 0.000285892456304, 0.000266671471763, 0.000201082817512, 7.89730984252e-05, 0.000102817313746, 0.000112807523692, 5.2739498642e-05, 3.25396285916e-05, 3.42875573551e-05, 7.88076213212e-05, 0.000178760310519, 0.000135660244268, 0.000101940684544, 0.000294832745567, 0.00074294366641, 0.000833945116028, 0.000662126869429, 0.000451932020951, 0.0010473781731, 0.0011028010631, 0.000478673202451, 0.000265022012172, 0.000121672681416, 9.99732874334e-05, 8.05714298622e-05, 8.76524863997e-05, 6.6243148467e-05, 4.45383775514e-05, 5.1191298553e-05, 0.000102296042314, 8.96399724297e-05, 8.27312396723e-05, 4.25445869041e-05, 5.03968403791e-05, 6.83902326273e-05, 4.68756516057e-05, 3.53113318852e-05, 4.30213258369e-05, 2.74374269793e-05, 3.38908030244e-05, 6.79090080666e-05, 3.34590986313e-05, 2.76466689684e-05, 2.77703620668e-05, 3.19494865835e-05, 3.45654516423e-05, 1.32443092298e-05, 1.71548363141e-05, 5.63998582948e-05, 1.51087342601e-05, 1.35942427733e-05, 8.13832139102e-06, 6.80096900396e-06, 1.71870906343e-05, 1.06815423351e-05, 7.08210473022e-06, 5.34060018254e-06, 6.53329243505e-06, 3.0253524983e-06, 2.39074302044e-06, 3.70210591427e-06, 3.03440060634e-06, 2.38413804254e-06, 1.75814841441e-06, 2.24822906603e-06, 4.45306841357e-06, 3.45364992427e-06, 2.47048615165e-06, 1.18951004424e-06, 3.17604713018e-06, 4.2144474719e-06, 1.72025647771e-06, 1.57812905854e-06, 2.56449197877e-06, 2.34562321566e-06, 1.70938437805e-06, 1.27566261199e-06, 2.01273837774e-06, 7.98807491265e-07, 1.45793046613e-06, 9.28865972583e-07, 8.14584495856e-07, 8.11076404261e-07, 1.52822326527e-06, 5.74586181301e-07, 7.64461162817e-07, 4.61121032913e-07, 3.04549132579e-07, 4.12062348687e-07, 4.1470300971e-07, 2.99693994066e-07, 4.56344508848e-07, 5.62904176604e-07, 3.63833066785e-07, 3.00838053136e-07, 2.86891207679e-07, 1.29555246531e-07, 2.228969187e-08, 8.13399791966e-10, 1.80159671903e-11, 1.67614186419e-11, 1.72628838307e-11, 1.76976211463e-11, 1.83661471448e-11, 1.74568224459e-11, 1.80472876227e-11, 1.61814762978e-11, 1.40186785791e-11, 1.31737537545e-11, 1.33040080688e-11, 1.31139578363e-11, 1.25265414361e-11, 1.25523601929e-11, 1.28214626416e-11, 1.24201508453e-11, 1.03315030142e-11, 6.74034959791e-12, 4.88763153214e-12, 4.60092641069e-12],
        "min": [1.02977113707e-23, 2.52305138295e-23, 1.54998072785e-23, 6.00602957836e-24, 2.15481320287e-24, 7.46520965501e-25, 5.40580986888e-25, 1.93993577533e-24, 3.83838195369e-25, 3.83135591473e-25, 2.21457237467e-24, 4.42128572257e-24, 1.56219324129e-23, 1.73009613186e-23, 4.5973113561e-24, 3.99188546046e-24, 3.11119522942e-24, 2.76082163285e-23, 5.00751863239e-23, 2.99367854148e-23, 1.23432687187e-23, 1.56952712336e-23, 2.07934169678e-24, 7.27316343978e-25, 7.80220196182e-24, 3.15538556072e-23, 6.50068993658e-24, 1.1346694229e-24, 2.58516601452e-24, 8.4839781546e-24, 1.68167032747e-23, 1.33711481673e-23, 5.47368849015e-24, 2.36210731053e-24, 7.67471888409e-24, 1.6331792054e-23, 4.96894333412e-24, 4.56269337857e-24, 1.15917856209e-23, 2.48826608802e-24, 8.53797962787e-24, 5.56920968501e-24, 6.5641123812e-24, 1.28815298135e-23, 1.235732622e-23, 5.491778254e-24, 9.78748165919e-24, 1.43902002624e-23, 7.56592549893e-24, 6.80165654357e-24, 7.18015516134e-24, 1.03766274379e-23, 6.47155059803e-24, 1.17476605914e-23, 1.12294767954e-23, 6.60846411345e-24, 2.15184310212e-23, 1.37294077697e-23, 6.58121212462e-24, 2.11933745743e-23, 3.02634937364e-23, 2.67456442603e-23, 1.88793615494e-23, 1.11462551254e-23, 4.89024302034e-24, 1.13362972395e-23, 9.70654137487e-24, 2.37107922282e-24, 1.17757937379e-23, 1.3032346608e-23, 1.23446429144e-23, 4.89634998704e-24, 3.94700321926e-24, 6.99882522708e-24, 1.17549031234e-23, 1.20666648974e-23, 1.45389021207e-23, 6.62189959796e-24, 7.70792677276e-24, 6.87617234467e-24, 3.45599844248e-24, 7.72521465949e-24, 1.07428434914e-23, 3.78387191166e-24, 3.316915954e-24, 1.31511798259e-23, 1.38219427316e-23, 1.2937617035e-23, 1.41420183107e-23, 1.09610329514e-23, 5.94874013284e-24, 1.01012234741e-23, 1.3250286788e-23, 1.3974222863e-23, 8.0831973717e-24, 7.2604730344e-24, 8.85313192608e-24, 1.34554206001e-23, 1.39665330469e-23, 1.53713791454e-23, 8.92145359136e-24, 4.9379935598e-24, 9.63314260081e-24, 4.95884236466e-24, 1.29635058722e-23, 1.10005454164e-23, 8.84256355654e-24, 8.65735242663e-24, 9.75096765447e-24, 2.03735003915e-23, 8.36488540146e-24, 9.96445234809e-24, 7.40248614114e-24, 8.12624787788e-24, 1.29471070317e-23, 9.17687649728e-24, 1.09603916075e-23, 1.35924899155e-23, 1.47999803705e-23, 6.40348767913e-24, 7.0822212354e-24, 8.76574033728e-24, 1.07929290591e-23, 1.04856890358e-23, 1.26596871386e-23, 1.42178814862e-23, 1.08759685023e-23, 1.03567000226e-23],
        "stdev": [9.24409760046e-05, 0.00120080879424, 0.00334617472254, 0.00463771354407, 0.00370844011195, 0.00156907388009, 0.00144689262379, 0.0032731492538, 0.00335738761351, 0.00173590146005, 0.000860585947521, 0.000570746022277, 0.000324136577547, 0.000320385675877, 0.000276364095043, 0.000134459987748, 6.94424088579e-05, 7.13735717e-05, 0.000187077414012, 0.000455589208286, 0.000346292887116, 0.000129480686155, 0.00047206657473, 0.00113268650603, 0.00100257829763, 0.000954045099206, 0.000755980727263, 0.001831105561, 0.00196251808666, 0.000738381175324, 0.000476291403174, 0.000194670807105, 0.000206213400816, 0.000143768877024, 0.000139066716656, 0.000111011060653, 7.23200719221e-05, 8.97862119018e-05, 0.000240947527345, 0.000176803878276, 0.000194380438188, 6.01267747697e-05, 8.86419584276e-05, 0.000151225962327, 6.10214628978e-05, 4.70294544357e-05, 7.9150289821e-05, 5.37921878276e-05, 5.47021481907e-05, 0.000162562791957, 6.63171522319e-05, 5.20678186149e-05, 0.00011151018407, 6.99585143593e-05, 0.000103808903077, 2.130714347e-05, 2.13113416976e-05, 0.000129930544063, 3.20670733345e-05, 3.73322254745e-05, 1.1325797459e-05, 9.16420867725e-06, 7.27467559045e-05, 1.99715377676e-05, 1.04027903944e-05, 6.71335192237e-06, 1.16959499792e-05, 5.46405999557e-06, 7.11835718903e-06, 8.6635363914e-06, 7.10243466528e-06, 6.11203313383e-06, 3.33924094775e-06, 3.82579855795e-06, 6.7440746534e-06, 8.4279145085e-06, 5.21420724908e-06, 1.85225201221e-06, 7.87018507253e-06, 1.1324850675e-05, 3.95954111809e-06, 3.29443855662e-06, 6.79150298311e-06, 6.49834737487e-06, 4.2499286792e-06, 2.18381228478e-06, 4.42612554252e-06, 1.64146240422e-06, 3.1828126339e-06, 1.62755327437e-06, 2.13573343899e-06, 2.05332526093e-06, 5.34827677257e-06, 1.04641856069e-06, 1.70384214471e-06, 8.14911913949e-07, 5.19946979693e-07, 9.23162588151e-07, 1.14141846552e-06, 7.50454603349e-07, 1.40783458846e-06, 2.11852989196e-06, 1.11339818432e-06, 9.4534271966e-07, 7.37724349165e-07, 3.48878018031e-07, 6.08492811693e-08, 3.14024450887e-09, 7.77766670512e-11, 7.25001517154e-11, 6.85431086889e-11, 6.63028590364e-11, 6.2249663757e-11, 5.9930185814e-11, 5.55005243152e-11, 5.1345649954e-11, 5.25738827473e-11, 5.06670157219e-11, 4.82256769241e-11, 4.68761453265e-11, 4.5496852813e-11, 4.54962595375e-11, 4.60762226984e-11, 4.44966667679e-11, 4.27345832332e-11, 4.21539921025e-11, 4.19432648335e-11, 4.16223826238e-11]
    },
    "mfcc": {
        "mean": [-670.45904541, 97.6846084595, -50.5932006836, -19.1761398315, -25.3143844604, -8.57235908508, -12.985742569, 8.87251853943, 5.45777320862, 3.10690689087, -2.59228038788, -7.67065620422, -14.1355009079],
        "cov": [[8002.67675781, 386.904205322, 816.34161377, 195.165054321, 447.811889648, 141.960006714, -95.1032485962, 194.624481201, 31.8248348236, -103.877456665, -131.959777832, -9.72571182251, 25.3953456879], [386.904205322, 615.039978027, 452.821594238, 401.768737793, 352.695465088, 262.809143066, 169.121109009, 101.579521179, 49.2833557129, 23.2085399628, 47.1129226685, 72.6522827148, 81.2211151123], [816.34161377, 452.821594238, 1810.59375, 934.003845215, 1205.55114746, 652.999572754, 118.305618286, 126.027694702, -21.5216407776, -122.663063049, 92.1242904663, 103.342933655, 241.902099609], [195.165054321, 401.768737793, 934.003845215, 840.77142334, 764.842773438, 505.221588135, 125.427635193, 61.7509307861, -0.945657372475, -26.1923923492, 112.757606506, 101.792602539, 154.683013916], [447.811889648, 352.695465088, 1205.55114746, 764.842773438, 1008.57659912, 501.978485107, 114.993850708, 95.9836044312, -53.5943489075, -87.5204849243, 70.8310394287, 80.1661376953, 186.428100586], [141.960006714, 262.809143066, 652.999572754, 505.221588135, 501.978485107, 387.192169189, 95.2886734009, 48.5806312561, 27.3648471832, -17.6921081543, 84.8614349365, 72.2435836792, 110.454917908], [-95.1032485962, 169.121109009, 118.305618286, 125.427635193, 114.993850708, 95.2886734009, 225.487258911, 51.8742179871, 35.8022499084, 48.0552787781, 26.964881897, 48.7161598206, 44.874835968], [194.624481201, 101.579521179, 126.027694702, 61.7509307861, 95.9836044312, 48.5806312561, 51.8742179871, 98.3771286011, 31.3706874847, 9.65868473053, 11.7600851059, 12.3974666595, 14.5638008118], [31.8248348236, 49.2833557129, -21.5216407776, -0.945657372475, -53.5943489075, 27.3648471832, 35.8022499084, 31.3706874847, 105.899307251, 53.0592689514, 35.4410438538, 36.3397140503, 18.3581409454], [-103.877456665, 23.2085399628, -122.663063049, -26.1923923492, -87.5204849243, -17.6921081543, 48.0552787781, 9.65868473053, 53.0592689514, 100.33518219, 32.4116096497, 28.9705505371, 11.9996232986], [-131.959777832, 47.1129226685, 92.1242904663, 112.757606506, 70.8310394287, 84.8614349365, 26.964881897, 11.7600851059, 35.4410438538, 32.4116096497, 97.1983947754, 47.8368263245, 48.0468711853], [-9.72571182251, 72.6522827148, 103.342933655, 101.792602539, 80.1661376953, 72.2435836792, 48.7161598206, 12.3974666595, 36.3397140503, 28.9705505371, 47.8368263245, 88.8563232422, 59.214756012], [25.3953456879, 81.2211151123, 241.902099609, 154.683013916, 186.428100586, 110.454917908, 44.874835968, 14.5638008118, 18.3581409454, 11.9996232986, 48.0468711853, 59.214756012, 121.152038574]],
        "icov": [[0.000149816652993, -9.41904436331e-05, -9.27041473915e-05, 4.06991348427e-05, -1.66068366525e-06, 4.79982700199e-05, 0.000187734287465, -0.000222053800826, -9.99475159915e-05, -7.67679375713e-06, 0.000293454155326, -8.36171820993e-05, 2.1226302124e-05], [-9.41904436331e-05, 0.00317364232615, -4.12458903156e-05, -0.00140215177089, 0.000617628567852, -0.00059987232089, -0.00120126456022, -0.00181804702152, -0.000128720465, -0.000176325425855, 0.00102005165536, -0.000472675310448, -0.000111847119115], [-9.27041473915e-05, -4.12458903156e-05, 0.00325707835145, 0.000251992605627, -0.0031844463665, -0.00141093798447, 0.000392772373743, -0.000144445351907, -0.00138908729423, 0.00140975986142, 0.00030855886871, 0.000338080717484, -0.000936307595111], [4.06991348427e-05, -0.00140215177089, 0.000251992605627, 0.00803766772151, -0.00311405188404, -0.00633483286947, 0.000625598768238, 0.00159170851111, 0.00169144605752, -0.0017321947962, -0.00154821155593, -0.00119858712424, 0.00142550165765], [-1.66068366525e-06, 0.000617628567852, -0.0031844463665, -0.00311405188404, 0.00921961385757, -0.00213081901893, -0.000493197876494, -0.00374726392329, 0.00535307498649, 0.000495483865961, 0.00154542003293, -0.000149469575263, -0.00309079582803], [4.79982700199e-05, -0.00059987232089, -0.00141093798447, -0.00633483286947, -0.00213081901893, 0.0175642278045, -0.00167652498931, 0.00263880915008, -0.0065110293217, 0.00297350133769, -0.00403818115592, 0.00100993341766, 0.000666631327476], [0.000187734287465, -0.00120126456022, 0.000392772373743, 0.000625598768238, -0.000493197876494, -0.00167652498931, 0.00722404196858, -0.00236056372523, 0.000778567802627, -0.00323541066609, 0.00182793929707, -0.00189725251403, -0.000516745727509], [-0.000222053800826, -0.00181804702152, -0.000144445351907, 0.00159170851111, -0.00374726392329, 0.00263880915008, -0.00236056372523, 0.0169263873249, -0.00649268180132, 0.000365381914889, -0.00205373275094, 0.00192042684648, 0.00254510343075], [-9.99475159915e-05, -0.000128720465, -0.00138908729423, 0.00169144605752, 0.00535307498649, -0.0065110293217, 0.000778567802627, -0.00649268180132, 0.020733108744, -0.0068283858709, -0.00101738702506, -0.00428733136505, -0.00105419568717], [-7.67679375713e-06, -0.000176325425855, 0.00140975986142, -0.0017321947962, 0.000495483865961, 0.00297350133769, -0.00323541066609, 0.000365381914889, -0.0068283858709, 0.0190797988325, -0.00400072336197, -0.000812593963929, -0.00167362752836], [0.000293454155326, 0.00102005165536, 0.00030855886871, -0.00154821155593, 0.00154542003293, -0.00403818115592, 0.00182793929707, -0.00205373275094, -0.00101738702506, -0.00400072336197, 0.0195631161332, -0.00476654060185, -0.00338966352865], [-8.36171820993e-05, -0.000472675310448, 0.000338080717484, -0.00119858712424, -0.000149469575263, 0.00100993341766, -0.00189725251403, 0.00192042684648, -0.00428733136505, -0.000812593963929, -0.00476654060185, 0.0220804903656, -0.00720085715875], [2.1226302124e-05, -0.000111847119115, -0.000936307595111, 0.00142550165765, -0.00309079582803, 0.000666631327476, -0.000516745727509, 0.00254510343075, -0.00105419568717, -0.00167362752836, -0.00338966352865, -0.00720085715875, 0.0175971928984]]
    },
    "spectral_contrast_coeffs": {
        "max": [-0.383984267712, -0.512310743332, -0.509859442711, -0.654248595238, -0.609318852425, -0.639021277428],
        "mean": [-0.701711177826, -0.726250112057, -0.737158238888, -0.80999648571, -0.784065723419, -0.760771274567],
        "min": [-0.95765799284, -0.956769287586, -0.965741455555, -0.960762381554, -0.957377552986, -0.957115411758],
        "stdev": [0.0834852159023, 0.0869214311242, 0.0718448609114, 0.0415843166411, 0.0411035567522, 0.0394447222352]
    },
    "spectral_contrast_valleys": {
        "max": [-5.30922651291, -5.10276317596, -5.12242507935, -5.68488502502, -5.81150960922, -8.31960391998],
        "mean": [-8.68934249878, -6.98078012466, -6.89710283279, -7.19465208054, -7.75702762604, -10.5949983597],
        "min": [-27.160982132, -27.3083057404, -26.9454250336, -27.3721446991, -27.319940567, -27.2259902954],
        "stdev": [1.9287686348, 1.25013113022, 1.32854104042, 1.23929214478, 1.17381334305, 1.1847486496]
    }
},
"rhythm": {
    "beats_count": 32,
    "beats_loudness": {
        "max": 0.0932088047266,
        "mean": 0.0269752070308,
        "min": 0.000401885947213,
        "stdev": 0.0255892667919
    },
    "bpm": 135.514450073,
    "bpm_histogram_first_peak_bpm": 136,
    "bpm_histogram_first_peak_weight": 0.285714268684,
    "bpm_histogram_second_peak_bpm": 172,
    "bpm_histogram_second_peak_spread": 0,
    "bpm_histogram_second_peak_weight": 0.290322571993,
    "danceability": 1.04141318798,
    "onset_rate": 2.97820472717,
    "beats_loudness_band_ratio": {
        "max": [0.766241312027, 0.255942434072, 0.670888602734, 0.718609511852, 0.409067958593, 0.164659962058],
        "mean": [0.208036497235, 0.0543709471822, 0.340087622404, 0.312377482653, 0.107779234648, 0.0361257754266],
        "min": [4.07459374401e-05, 0.000595115649048, 0.0261510480195, 0.0273318830878, 0.0397687554359, 0.00986236520112],
        "stdev": [0.281044125557, 0.0665462687612, 0.203107491136, 0.188024431467, 0.0706393793225, 0.0335567928851]
    },
    "beats_position": [0.325079351664, 0.673378646374, 1.02167797089, 1.369977355, 1.71827661991, 2.06657600403, 2.40326523781, 2.73995471001, 3.08825397491, 3.43655323982, 3.78485250473, 4.12154197693, 4.45823097229, 4.79492044449, 5.13160991669, 5.47990942001, 5.94430828094, 6.38548755646, 6.82666635513, 7.26784563065, 7.70902490616, 8.16181373596, 8.6146030426, 9.05578231812, 9.49696159363, 9.93814086914, 10.3560991287, 10.8088884354, 11.2500677109, 11.6796369553, 12.1208162308, 12.5619955063],
