{
"metadata": {
    "version": {
        "essentia": "2.1-beta5",
        "essentia_git_sha": "Undefined",
        "extractor": "music 2.0"
    },
    "audio_properties": {
        "analysis": {
            "equal_loudness": 0,
            "length": 40.7742385864,
            "sample_rate": 44100,
            "start_time": 191.4949646,
            "downmix": "mix"
        },
        "bit_rate": 192000,
        "length": 232.292434692,
        "lossless": 0,
        "number_channels": 2,
        "replay_gain": -8.04812049866,
        "sample_rate": 48000,
        "codec": "mp3",
        "md5_encoded": "0465fa5db3ee4b40b90f4194eec2594a"
    },
    "tags": {
        "file_name": "Lithuania_What_s Happened To Your Love_Linas ir Simona.mp3",
        "encoding": ["Lavf58.29.100"]
    }
},
"lowlevel": {
    "average_loudness": 0.938546538353,
    "barkbands_crest": {
        "max": 22.641992569,
        "mean": 8.75567626953,
        "min": 2.91868114471,
        "stdev": 3.53021788597
    },
    "barkbands_flatness_db": {
        "max": 0.329912394285,
        "mean": 0.122627183795,
        "min": 0.0289586242288,
        "stdev": 0.0526396371424
    },
    "barkbands_kurtosis": {
        "max": 28.206161499,
        "mean": 1.5115967989,
        "min": -1.88715112209,
        "stdev": 3.17785382271
    },
    "barkbands_skewness": {
        "max": 4.74823665619,
        "mean": 0.968336939812,
        "min": -1.99328196049,
        "stdev": 0.878813803196
    },
    "barkbands_spread": {
        "max": 107.21988678,
        "mean": 24.6400089264,
        "min": 1.69139802456,
        "stdev": 16.4144687653
    },
    "dissonance": {
        "max": 0.5,
        "mean": 0.462815344334,
        "min": 0.327357232571,
        "stdev": 0.0292482692748
    },
    "dynamic_complexity": 3.09873986244,
    "erbbands_crest": {
        "max": 30.5433273315,
        "mean": 9.98136234283,
        "min": 2.58637666702,
        "stdev": 4.81832313538
    },
    "erbbands_flatness_db": {
        "max": 0.410449445248,
        "mean": 0.176474586129,
        "min": 0.0599679239094,
        "stdev": 0.070216178894
    },
    "erbbands_kurtosis": {
        "max": 19.9462203979,
        "mean": 1.05373466015,
        "min": -1.63840126991,
        "stdev": 2.31039977074
    },
    "erbbands_skewness": {
        "max": 4.24532365799,
        "mean": 0.44741871953,
        "min": -2.40383124352,
        "stdev": 0.862769126892
    },
    "erbbands_spread": {
        "max": 137.846221924,
        "mean": 31.4010734558,
        "min": 3.76094174385,
        "stdev": 19.8748073578
    },
    "hfc": {
        "max": 146.520904541,
        "mean": 24.2642726898,
        "min": 0.637588143349,
        "stdev": 22.3877220154
    },
    "loudness_ebu128": {
        "integrated": -16.0607566833,
        "loudness_range": 4.4278459549,
        "momentary": {
            "max": -11.8019294739,
            "mean": -16.9085063934,
            "min": -27.1730651855,
            "stdev": 2.9795794487
        },
        "short_term": {
            "max": -13.669719696,
            "mean": -16.281419754,
            "min": -22.374168396,
            "stdev": 1.70643556118
        }
    },
    "melbands_crest": {
        "max": 30.2852325439,
        "mean": 11.8808441162,
        "min": 2.69213652611,
        "stdev": 4.37824630737
    },
    "melbands_flatness_db": {
        "max": 0.345529735088,
        "mean": 0.160270228982,
        "min": 0.0120344078168,
        "stdev": 0.0453515648842
    },
    "melbands_kurtosis": {
        "max": 98.8029098511,
        "mean": 6.2030544281,
        "min": -1.730702281,
        "stdev": 8.55237102509
    },
    "melbands_skewness": {
        "max": 8.53230953217,
        "mean": 1.79665374756,
        "min": -0.840157806873,
        "stdev": 1.24042785168
    },
    "melbands_spread": {
        "max": 196.111251831,
        "mean": 29.5505142212,
        "min": 2.08190226555,
        "stdev": 20.2206249237
    },
    "pitch_salience": {
        "max": 0.840862989426,
        "mean": 0.577903628349,
        "min": 0.252702862024,
        "stdev": 0.0985661074519
    },
    "silence_rate_20dB": {
        "max": 1,
        "mean": 1,
        "min": 1,
        "stdev": 0
    },
    "silence_rate_30dB": {
        "max": 1,
        "mean": 0.999430835247,
        "min": 0,
        "stdev": 0.0238499287516
    },
    "silence_rate_60dB": {
        "max": 1,
        "mean": 0.108708024025,
        "min": 0,
        "stdev": 0.311272472143
    },
    "spectral_centroid": {
        "max": 4262.51708984,
        "mean": 1561.75634766,
        "min": 548.169067383,
        "stdev": 473.020233154
    },
    "spectral_complexity": {
        "max": 52,
        "mean": 17.857711792,
        "min": 3,
        "stdev": 7.96507310867
    },
    "spectral_decrease": {
        "max": -1.35151015379e-10,
        "mean": -4.9274695435e-09,
        "min": -3.38592869298e-08,
        "stdev": 4.53244464182e-09
    },
    "spectral_energy": {
        "max": 0.133659601212,
        "mean": 0.0207982528955,
        "min": 0.000567922543269,
        "stdev": 0.0185655746609
    },
    "spectral_energyband_high": {
        "max": 0.0147997364402,
        "mean": 0.000938268960454,
        "min": 8.62229080667e-06,
        "stdev": 0.0015463308664
    },
    "spectral_energyband_low": {
        "max": 0.0779610872269,
        "mean": 0.0044704512693,
        "min": 5.33422301885e-08,
        "stdev": 0.00911397021264
    },
    "spectral_energyband_middle_high": {
        "max": 0.0849631950259,
        "mean": 0.0085120704025,
        "min": 0.000190847873455,
        "stdev": 0.0104652419686
    },
    "spectral_energyband_middle_low": {
        "max": 0.0561200156808,
        "mean": 0.00749865127727,
        "min": 9.75035727606e-05,
        "stdev": 0.00702252192423
    },
    "spectral_entropy": {
        "max": 8.8916349411,
        "mean": 7.67110347748,
        "min": 6.57136011124,
        "stdev": 0.374565005302
    },
    "spectral_flux": {
        "max": 0.29616612196,
        "mean": 0.0828194618225,
        "min": 0.0136635163799,
        "stdev": 0.0466670691967
    },
    "spectral_kurtosis": {
        "max": 21.2756652832,
        "mean": 4.64086580276,
        "min": -1.11248970032,
        "stdev": 2.77373433113
    },
    "spectral_rms": {
        "max": 0.0114192645997,
        "mean": 0.00409057596698,
        "min": 0.000744359276723,
        "stdev": 0.00188631366473
    },
    "spectral_rolloff": {
        "max": 14104.2480469,
        "mean": 2172.96191406,
        "min": 129.19921875,
        "stdev": 1964.40405273
    },
    "spectral_skewness": {
        "max": 3.11816978455,
        "mean": 1.65504705906,
        "min": 0.0664440765977,
        "stdev": 0.394539445639
    },
    "spectral_spread": {
        "max": 16001671,
        "mean": 4934671.5,
        "min": 2060573.75,
        "stdev": 2107587.5
    },
    "spectral_strongpeak": {
        "max": 12.5409631729,
        "mean": 1.3716199398,
        "min": 0.0353669896722,
        "stdev": 1.62887370586
    },
    "zerocrossingrate": {
        "max": 0.3642578125,
        "mean": 0.0817830786109,
        "min": 0.01953125,
        "stdev": 0.0451100952923
    },
    "barkbands": {
        "max": [0.000341653358191, 0.0527316890657, 0.0538471639156, 0.0168234929442, 0.0310036260635, 0.0420580282807, 0.0166073739529, 0.0429317168891, 0.0466503016651, 0.0422619730234, 0.0452633574605, 0.044385612011, 0.0367666333914, 0.0218643657863, 0.0485925376415, 0.0207898598164, 0.00811447016895, 0.00476187840104, 0.00647050375119, 0.00525399111211, 0.00326408375986, 0.00123015872668, 0.00260741845705, 0.00355760823004, 0.0062992698513, 0.00287429243326, 0.0002263669885],
        "mean": [1.51157519213e-05, 0.00238732993603, 0.00162395695224, 0.000757024099585, 0.00144344335422, 0.00109987915494, 0.000648309767712, 0.00134526821785, 0.00185187428724, 0.00196533789858, 0.001057204674, 0.00135717273224, 0.000888573587872, 0.000726335099898, 0.00079869205365, 0.000556030194275, 0.00051286019152, 0.000409343861975, 0.00030157956644, 0.000203781397431, 0.000112407353299, 9.90101834759e-05, 0.00017438584473, 0.000199731744942, 0.000167962833075, 9.00560626178e-05, 5.58352712687e-06],
        "min": [3.33913313666e-11, 2.35864927589e-09, 1.53163237648e-09, 1.86702608929e-09, 2.19964618964e-07, 8.72432906363e-07, 3.22726435797e-07, 3.40802671417e-06, 1.63466029335e-05, 8.62927481649e-06, 4.65233051727e-06, 4.48562195743e-06, 2.19314483729e-06, 1.65633059623e-06, 3.101857601e-06, 2.43504405262e-06, 3.03189449369e-06, 5.46761066289e-06, 4.50925017503e-06, 1.6388221411e-06, 1.60435797625e-06, 1.42839201089e-06, 8.24362075491e-07, 5.49982019038e-07, 2.17633626676e-07, 1.05853153798e-07, 2.37954184135e-10],
        "stdev": [3.22729574691e-05, 0.00571841187775, 0.00439606001601, 0.00150505837519, 0.00253085931763, 0.00198785401881, 0.00125402060803, 0.00290557113476, 0.00338484509848, 0.00399160105735, 0.00299358158372, 0.00393084064126, 0.00242110528052, 0.00168674776796, 0.00215437170118, 0.00140185863711, 0.000820774468593, 0.000570836709812, 0.000444699602667, 0.00032322856714, 0.000199832385988, 0.000150194420712, 0.000275725964457, 0.00038096451317, 0.00048164272448, 0.000252842262853, 1.71240171767e-05]
    },
    "erbbands": {
        "max": [1.27069115639, 12.8126478195, 49.7172775269, 79.3605499268, 94.1246185303, 115.642486572, 244.922302246, 483.372192383, 318.768737793, 205.149856567, 1225.96411133, 1479.88439941, 937.980957031, 3094.9128418, 1797.46191406, 1906.92663574, 1408.06506348, 1192.50744629, 2631.08251953, 1475.78198242, 1032.40087891, 433.817504883, 300.488922119, 428.471008301, 153.488525391, 355.397399902, 192.056045532, 75.8672943115, 52.3882522583, 76.2143936157, 71.2006607056, 44.8752288818, 72.8860626221, 79.9344024658, 35.3624267578, 14.32954216, 8.66623497009, 0.90608549118, 0.0510377660394, 0.00196835258976],
        "mean": [0.0485313870013, 0.61969679594, 1.74938571453, 2.50036430359, 3.80160117149, 4.11654567719, 8.06930351257, 8.64130878448, 9.79605579376, 10.663687706, 38.722743988, 47.1639099121, 39.1334877014, 76.7802200317, 36.9999504089, 63.2338180542, 48.156036377, 34.7054672241, 47.727180481, 34.8071670532, 29.1774997711, 26.9851665497, 23.4320526123, 17.2598590851, 14.2189426422, 10.0830526352, 5.39769935608, 3.86572575569, 3.2976205349, 4.81567764282, 4.77923345566, 3.46078419685, 3.8073849678, 2.18489933014, 1.02480864525, 0.394823253155, 0.193130895495, 0.0223061256111, 0.000992405577563, 5.75564081373e-05],
        "min": [1.68774406006e-07, 2.16875855585e-06, 1.60580493684e-05, 0.000109647546196, 0.000524061615579, 0.000653045834042, 0.00470929779112, 0.00791857019067, 0.0061615165323, 0.0501206293702, 0.177389845252, 0.403624713421, 0.371732503176, 0.3703096807, 0.316061198711, 0.283742249012, 0.221616864204, 0.163210198283, 0.325059682131, 0.162164285779, 0.226208612323, 0.195149734616, 0.219671979547, 0.328678995371, 0.156653702259, 0.134923607111, 0.0509501956403, 0.0575541332364, 0.0455965138972, 0.0359093695879, 0.0258341059089, 0.0162731129676, 0.00715769594535, 0.00254637817852, 0.00124085124116, 0.000523745664395, 0.000149430357851, 1.21164694065e-05, 1.12248403639e-06, 1.06509764919e-06],
        "stdev": [0.124095924199, 1.45117843151, 4.385160923, 5.58376932144, 8.46998405457, 6.79470396042, 12.4120197296, 19.1145553589, 20.8661346436, 17.0190238953, 84.9879379272, 94.6027297974, 68.9797592163, 203.539459229, 86.3441848755, 178.171218872, 119.199485779, 76.0552749634, 114.703704834, 91.3278579712, 62.0671768188, 43.6490516663, 31.0204334259, 28.3766555786, 17.8558082581, 16.7730369568, 9.61533737183, 6.73061275482, 5.34711647034, 7.42842769623, 7.44391536713, 5.43733119965, 8.12431240082, 6.39996433258, 2.86468458176, 1.06687223911, 0.630374610424, 0.0648604929447, 0.0032820624765, 0.000117944349768]
    },
    "gfcc": {
        "mean": [-4.76382064819, 58.5252990723, -142.286254883, 7.62640237808, -65.9500808716, 15.3620958328, -43.0923881531, 16.0944652557, -25.7290058136, -3.84412312508, -18.7023906708, -1.78903388977, -14.2312078476],
        "cov": [[5511.01171875, 321.358703613, 2499.72436523, 1475.56176758, 824.368835449, 650.15802002, -101.80216217, 88.5834732056, -198.248596191, 257.932037354, 178.478088379, 199.215545654, -135.99168396], [321.358703613, 1120.76623535, 335.156555176, 383.311676025, 309.045196533, 136.75402832, 144.707962036, 52.3035964966, 44.030128479, -17.0158557892, 97.6278839111, -22.0881462097, -2.49128270149], [2499.72436523, 335.156555176, 2356.54516602, 1198.84265137, 578.545410156, 480.896209717, -79.8195114136, 2.65795969963, -112.643714905, 172.699951172, -13.5469799042, 220.890106201, -120.362701416], [1475.56176758, 383.311676025, 1198.84265137, 939.514953613, 445.438018799, 269.99887085, -60.0507698059, 2.12052178383, -14.4376449585, 96.7163238525, 24.6457653046, 92.1375961304, -31.8491973877], [824.368835449, 309.045196533, 578.545410156, 445.438018799, 399.082000732, 181.32598877, -1.08176922798, 21.7033557892, -10.9047250748, 37.0598869324, 3.55630326271, 35.8593406677, -13.6934871674], [650.15802002, 136.75402832, 480.896209717, 269.99887085, 181.32598877, 307.509552002, 151.59286499, 23.0645656586, -47.4128913879, 20.7594051361, 4.89588022232, 22.6989097595, -52.9951934814], [-101.80216217, 144.707962036, -79.8195114136, -60.0507698059, -1.08176922798, 151.59286499, 275.847686768, 58.5655937195, -17.3091106415, -36.9483337402, 15.9315271378, -28.2403526306, -38.7556495667], [88.5834732056, 52.3035964966, 2.65795969963, 2.12052178383, 21.7033557892, 23.0645656586, 58.5655937195, 97.5609588623, 24.0669555664, -4.50641536713, 25.9233512878, -2.81533503532, 3.74172115326], [-198.248596191, 44.030128479, -112.643714905, -14.4376449585, -10.9047250748, -47.4128913879, -17.3091106415, 24.0669555664, 100.500488281, 17.9765110016, -6.84511423111, -15.2586555481, 19.6518783569], [257.932037354, -17.0158557892, 172.699951172, 96.7163238525, 37.0598869324, 20.7594051361, -36.9483337402, -4.50641536713, 17.9765110016, 92.8619232178, 29.9455165863, 16.4561405182, -9.26798534393], [178.478088379, 97.6278839111, -13.5469799042, 24.6457653046, 3.55630326271, 4.89588022232, 15.9315271378, 25.9233512878, -6.84511423111, 29.9455165863, 123.173171997, 6.60456943512, 0.994866609573], [199.215545654, -22.0881462097, 220.890106201, 92.1375961304, 35.8593406677, 22.6989097595, -28.2403526306, -2.81533503532, -15.2586555481, 16.4561405182, 6.60456943512, 88.6179428101, 6.71542930603], [-135.99168396, -2.49128270149, -120.362701416, -31.8491973877, -13.6934871674, -52.9951934814, -38.7556495667, 3.74172115326, 19.6518783569, -9.26798534393, 0.994866609573, 6.71542930603, 79.9068603516]],
        "icov": [[0.000503757619299, 0.000134798101499, -0.000236867577769, -0.000209191610338, -0.00030271205469, -0.000436503556557, 0.000453624496004, -0.00062870036345, 0.000662111211568, -0.000312384945573, -0.000624327047262, 0.000277787214145, 0.000114808353828], [0.000134798101499, 0.00186560151633, -0.000530791468918, -0.000285769579932, -0.00150693987962, 0.00108416809235, -0.00165392551571, 0.00109960860573, -0.00157624937128, 0.00177741912194, -0.00227382290177, 0.00122797233053, -0.000499802816194], [-0.000236867577769, -0.000530791468918, 0.00264021498151, -0.00197730096988, 0.000711402099114, -0.00166848918889, 0.00144624966197, -0.00156657595653, 0.00201096106321, -0.00210178503767, 0.00241466378793, -0.00317372777499, 0.0020576142706], [-0.000209191610338, -0.000285769579932, -0.00197730096988, 0.00503166718408, -0.00222239713185, -0.000506811484229, 0.000463623204269, 0.00172362581361, -0.00245608412661, 0.000874131685123, -0.00142247544136, 0.000944581290241, -0.00126686517615], [-0.00030271205469, -0.00150693987962, 0.000711402099114, -0.00222239713185, 0.00731312856078, -0.00287172733806, 0.00217458698899, -0.00216285814531, 0.00118209491484, -0.000942412589211, 0.00255926395766, -0.000549791089725, -0.000257420906564], [-0.000436503556557, 0.00108416809235, -0.00166848918889, -0.000506811484229, -0.00287172733806, 0.0124160973355, -0.00861367210746, 0.00273977452889, 0.000398015894461, -0.000165395438671, -0.000192533363588, 0.00139139068779, -0.000219537585508], [0.000453624496004, -0.00165392551571, 0.00144624966197, 0.000463623204269, 0.00217458698899, -0.00861367210746, 0.0117269502953, -0.00590299861506, 0.00212685996667, 0.000502144102938, 0.000730737287086, -0.000673883128911, 0.00329048372805], [-0.00062870036345, 0.00109960860573, -0.00156657595653, 0.00172362581361, -0.00216285814531, 0.00273977452889, -0.00590299861506, 0.0171769279987, -0.00778793590143, 0.00446508824825, -0.00492880912498, 0.00102644332219, -0.00252102711238], [0.000662111211568, -0.00157624937128, 0.00201096106321, -0.00245608412661, 0.00118209491484, 0.000398015894461, 0.00212685996667, -0.00778793590143, 0.0184626579285, -0.00880352407694, 0.00549003854394, -3.73288130504e-05, -0.000636301003397], [-0.000312384945573, 0.00177741912194, -0.00210178503767, 0.000874131685123, -0.000942412589211, -0.000165395438671, 0.000502144102938, 0.00446508824825, -0.00880352407694, 0.0198072548956, -0.00772632239386, 0.00151451351121, 0.000900912564248], [-0.000624327047262, -0.00227382290177, 0.00241466378793, -0.00142247544136, 0.00255926395766, -0.000192533363588, 0.000730737287086, -0.00492880912498, 0.00549003854394, -0.00772632239386, 0.014611184597, -0.00337414862588, 0.000688210478984], [0.000277787214145, 0.00122797233053, -0.00317372777499, 0.000944581290241, -0.000549791089725, 0.00139139068779, -0.000673883128911, 0.00102644332219, -3.73288130504e-05, 0.00151451351121, -0.00337414862588, 0.0178999472409, -0.00471681915224], [0.000114808353828, -0.000499802816194, 0.0020576142706, -0.00126686517615, -0.000257420906564, -0.000219537585508, 0.00329048372805, -0.00252102711238, -0.000636301003397, 0.000900912564248, 0.000688210478984, -0.00471681915224, 0.0174618624151]]
    },
    "melbands": {
        "max": [0.0135897109285, 0.0197022836655, 0.0115918470547, 0.00592507142574, 0.00860065966845, 0.00974748283625, 0.00430507445708, 0.00301695452072, 0.00983657129109, 0.00917122792453, 0.00459537794814, 0.0119117535651, 0.00734014017507, 0.00369565514848, 0.00474142003804, 0.00271767820232, 0.00269593601115, 0.00351869873703, 0.00263041560538, 0.00173646153416, 0.00105530081782, 0.000593993812799, 0.000544638256542, 0.000207345161471, 0.000405337661505, 0.00013699416013, 0.000174035929376, 0.000314414530294, 0.000153560540639, 4.0820446884e-05, 4.94980849908e-05, 3.21627303492e-05, 2.76634073089e-05, 5.25449868292e-05, 4.62182651972e-05, 2.94123292406e-05, 2.68723924819e-05, 6.60838704789e-05, 7.01747121639e-05, 7.21637043171e-05],
        "mean": [0.000577227328904, 0.000883984437678, 0.000462997239083, 0.000299997278489, 0.000256426632404, 0.000195668719243, 0.000146922335261, 0.000129137770273, 0.00033790213638, 0.000285280810203, 0.000188052406884, 0.000316007673973, 0.000127999403048, 0.000138900548336, 0.000143017212395, 8.26530886116e-05, 6.24627646175e-05, 7.81148046372e-05, 5.18143824593e-05, 4.31185071648e-05, 3.25884102494e-05, 2.74806934613e-05, 3.00133069686e-05, 1.5181971321e-05, 1.39326612043e-05, 1.04706978163e-05, 8.81072173797e-06, 6.18169315203e-06, 3.48690400642e-06, 2.61460331785e-06, 2.10333655559e-06, 1.7354988131e-06, 2.10896882891e-06, 2.97653400594e-06, 2.92068398267e-06, 2.24437826546e-06, 2.02550586437e-06, 2.94601750284e-06, 2.19096182263e-06, 1.72492377715e-06],
        "min": [7.31115945563e-10, 8.46787528985e-09, 1.75053376239e-08, 2.891195372e-08, 1.41824003208e-07, 1.82569834806e-07, 6.59641230527e-08, 5.16001932738e-07, 1.44879788877e-06, 2.04477350962e-06, 1.52804602749e-06, 1.20372953916e-06, 6.63960804559e-07, 7.29717100967e-07, 4.72249496397e-07, 2.65258904619e-07, 1.68527179767e-07, 3.48125894334e-07, 3.04842075138e-07, 7.49256727772e-08, 2.61450480821e-07, 1.77690751002e-07, 1.16249751159e-07, 1.92234921315e-07, 1.89267254314e-07, 1.34147100539e-07, 7.7098825102e-08, 4.82446687045e-08, 2.71701967591e-08, 3.03183966821e-08, 3.15017913977e-08, 2.45048337177e-08, 1.21668062292e-08, 1.43611469383e-08, 1.46482355134e-08, 1.26249366517e-08, 8.58242188428e-09, 4.74202410672e-09, 2.94634738829e-09, 1.80478654244e-09],
        "stdev": [0.00142637779936, 0.00196235417388, 0.000918777135666, 0.000586165639106, 0.0003865416802, 0.000408303370932, 0.00030299561331, 0.000229900862905, 0.000735979294404, 0.00058846117463, 0.00035134589416, 0.000827906711493, 0.000335954886395, 0.000358177232556, 0.000395575276343, 0.000207825854886, 0.000155367568368, 0.000185619734111, 0.000142358039739, 0.000118070565804, 6.79864824633e-05, 4.89753911097e-05, 4.84723059344e-05, 1.98291018023e-05, 2.5692728741e-05, 1.36417174872e-05, 1.31830320242e-05, 1.21273023979e-05, 6.57324244457e-06, 4.73639693155e-06, 3.92875926991e-06, 2.98879876937e-06, 3.16318573823e-06, 4.85050532006e-06, 4.78859737996e-06, 3.41658483194e-06, 3.31437740897e-06, 6.23625464868e-06, 5.93758431933e-06, 5.42313364349e-06]
    },
    "melbands128": {
        "max": [0.000318579550367, 0.00792309455574, 0.023094387725, 0.0254068821669, 0.0251830220222, 0.0285407751799, 0.0189651269466, 0.00666568707675, 0.0124486396089, 0.00755851529539, 0.00684931920841, 0.0113057158887, 0.00999305769801, 0.00448000710458, 0.0125006902963, 0.0147258769721, 0.00758857419714, 0.00567917153239, 0.00335296639241, 0.00196291087195, 0.00678909011185, 0.0117289274931, 0.0167408194393, 0.00914827454835, 0.0164583660662, 0.00939774140716, 0.00642801169306, 0.00775578385219, 0.00610628398135, 0.0130474921316, 0.0263909790665, 0.0064807953313, 0.0151421669871, 0.00566646829247, 0.0067932237871, 0.00657617626712, 0.0124275134876, 0.00663278577849, 0.00983220431954, 0.00622328324243, 0.00312274624594, 0.00372810242698, 0.00382276833989, 0.0037521449849, 0.00294662080705, 0.00377282430418, 0.0129259824753, 0.00279178610072, 0.00469191931188, 0.00401097768918, 0.00285156420432, 0.00368389883079, 0.0019723335281, 0.00124237965792, 0.00133386114612, 0.00110230175778, 0.000890912488103, 0.00116597756278, 0.000692647998221, 0.000590225099586, 0.000339550257195, 0.000553098914679, 0.00101919623557, 0.000929198868107, 0.000436733069364, 0.000268313247943, 0.000224862087634, 0.000238256703597, 0.000226317570196, 0.000244943599682, 0.000692896719556, 0.000144124656799, 0.000110702843813, 0.000353802286554, 0.000175929482793, 8.16894025775e-05, 5.56908235012e-05, 4.31400512753e-05, 7.33627239242e-05, 4.38826682512e-05, 4.97199689562e-05, 2.71834105661e-05, 2.82325963781e-05, 3.95938623114e-05, 2.97352271446e-05, 6.84392944095e-05, 8.36332983454e-05, 7.71662889747e-05, 6.01271894993e-05, 4.06322724302e-05, 3.10176546918e-05, 3.00224546663e-05, 3.68875080312e-05, 4.0726899897e-05, 3.75778872694e-05, 9.03609543457e-05, 8.03017173894e-05, 7.65527584008e-05, 9.84450743999e-05, 0.000115076989459, 8.50291180541e-05, 8.98501602933e-05, 7.38759481465e-05, 5.93567201577e-05, 4.81272945763e-05, 3.73842085537e-05, 4.49486251455e-05, 3.40203696396e-05, 2.65909420705e-05, 2.36366922763e-05, 2.45411665674e-05, 2.76128757832e-05, 5.55722981517e-05, 5.72666795051e-05, 1.04273403849e-05, 6.80478296999e-06, 3.62932655662e-06, 2.96664552479e-06, 1.73435796569e-06, 1.66241318311e-06, 2.4890473469e-06, 1.11132942493e-06, 1.12637633265e-06, 9.42555828942e-08, 1.23490850878e-09, 1.22265297886e-09, 1.21249121854e-09, 1.206091782e-09],
        "mean": [1.30875023387e-05, 0.000239791042986, 0.00091886165319, 0.00103388028219, 0.000920550548472, 0.00078235915862, 0.000523477501702, 0.000339463411365, 0.000398251111619, 0.000362014281563, 0.000171345862327, 0.000220707719564, 0.000309267954435, 0.000260181899648, 0.000207902659895, 0.000152600608999, 0.000138395713293, 0.000175319306436, 0.000120065211377, 8.46000257297e-05, 0.000136994800414, 0.000238160282606, 0.000473982217954, 0.000266512681264, 0.000345979584381, 0.000277515617199, 0.000150071122334, 0.000171303006937, 0.000197054861928, 0.000373356771888, 0.000395421258872, 0.000138887087815, 0.000128001600388, 9.32384282351e-05, 7.60392722441e-05, 0.000153355547809, 0.000253562553553, 0.00010537153139, 0.000112432899186, 0.000131040884298, 5.45967632206e-05, 5.14764942636e-05, 6.45857217023e-05, 6.5136293415e-05, 6.93127658451e-05, 8.34133898024e-05, 9.11004317459e-05, 4.31118751294e-05, 3.58745346603e-05, 5.71588097955e-05, 3.81121935789e-05, 4.12570225308e-05, 2.72499328275e-05, 3.3785127016e-05, 3.46758533851e-05, 2.48909382208e-05, 1.94587355509e-05, 3.83245824196e-05, 3.35061013175e-05, 1.60961772053e-05, 1.24170583149e-05, 1.49535753735e-05, 1.70393577719e-05, 1.33871335493e-05, 9.65128219832e-06, 8.88550221134e-06, 1.35546215461e-05, 8.81705273059e-06, 7.68310110288e-06, 8.31166198623e-06, 6.66794130666e-06, 5.20486810274e-06, 3.4608281112e-06, 3.58765191777e-06, 2.76085233963e-06, 2.84732095679e-06, 2.47285879595e-06, 2.09211725632e-06, 2.23758524953e-06, 1.92967263501e-06, 1.50694700096e-06, 1.92684115063e-06, 1.58281704898e-06, 2.15785780711e-06, 2.49135200647e-06, 2.50926950685e-06, 3.48523485627e-06, 3.28948112838e-06, 2.92361846732e-06, 2.56954604083e-06, 2.54418750956e-06, 2.06381196222e-06, 1.84737268683e-06, 1.91794401871e-06, 2.01649913834e-06, 3.19287210004e-06, 3.41288659911e-06, 2.06417030313e-06, 2.48346714216e-06, 2.01300053959e-06, 1.82735004728e-06, 1.65367896443e-06, 1.62790229297e-06, 1.53942278303e-06, 1.07188725451e-06, 8.89191426268e-07, 8.63068066792e-07, 7.31844238544e-07, 6.71975328714e-07, 5.77877131036e-07, 4.70694487831e-07, 5.45302611954e-07, 8.99089968698e-07, 6.52250264466e-07, 2.70149058679e-07, 1.64757167909e-07, 1.045748661e-07, 6.50753904097e-08, 3.55161162702e-08, 1.74804153374e-08, 1.06118172027e-08, 8.1098576743e-09, 7.79602515877e-09, 2.35602842791e-10, 3.84318575228e-12, 3.72421798261e-12, 3.65341003977e-12, 3.62600943195e-12],
        "min": [5.03645302546e-12, 7.79461079015e-11, 1.84341417131e-10, 4.79789763475e-10, 1.02276453973e-09, 1.07995790088e-09, 6.58072352167e-09, 8.95344076657e-10, 1.02374499988e-08, 7.24894322346e-09, 2.08521626632e-08, 2.73597802192e-08, 1.94181808411e-08, 3.03317975181e-08, 5.60462041221e-08, 3.85275917836e-08, 5.65104230077e-08, 1.8843392624e-08, 3.57801326345e-08, 9.09106532276e-08, 2.4431511747e-07, 2.03711579161e-07, 3.67302135373e-07, 4.97891107898e-07, 8.0230279309e-07, 1.52191915959e-07, 1.48750871176e-07, 2.33603913102e-07, 8.94263507689e-07, 3.49784045284e-07, 1.13051825679e-07, 2.32424469004e-07, 1.07327089438e-07, 3.22153752563e-08, 1.81886534278e-07, 2.70896009624e-07, 1.23377418504e-07, 8.56818616057e-08, 5.76649803463e-08, 1.16356062563e-07, 5.84324908459e-08, 5.91714268694e-08, 6.01027636549e-08, 5.89587543232e-08, 1.18830683959e-07, 2.19127215928e-07, 9.27494738789e-08, 7.79533024797e-08, 3.58392568955e-08, 2.09303436804e-08, 4.17085210813e-08, 1.01689089149e-07, 1.06225030549e-07, 7.32849798624e-08, 1.11586203388e-07, 6.37490344957e-08, 3.08367198443e-08, 7.69728671912e-08, 7.0024782417e-08, 7.59615517154e-08, 8.54127861771e-08, 7.31878060378e-08, 9.47380698335e-08, 1.06789556753e-07, 7.20113746411e-08, 2.61736641249e-08, 6.1706749932e-08, 5.73900997836e-08, 1.94242701923e-08, 3.25231468423e-08, 2.35212045396e-08, 1.58419286578e-08, 2.11765343039e-08, 1.67901195169e-08, 6.31422958364e-09, 1.20895418121e-08, 2.76500529139e-08, 1.41475791082e-08, 1.30440476198e-08, 1.83625950001e-08, 1.08087618855e-08, 1.40012899053e-08, 1.02667350177e-08, 1.0551798546e-08, 1.42391485269e-08, 7.15819403752e-09, 7.04126135176e-09, 1.01443164979e-08, 1.09643156776e-08, 6.16478912363e-09, 6.01798921807e-09, 7.36403737989e-09, 4.91641749534e-09, 4.59709115219e-09, 4.31701741022e-09, 3.93078458671e-09, 3.27540905509e-09, 2.17562767801e-09, 2.24471707888e-09, 1.54462531654e-09, 1.95707627881e-09, 1.28867072569e-09, 1.12204256997e-09, 1.23623278281e-09, 7.69334762563e-10, 7.17555737051e-10, 7.35653815642e-10, 5.7382276708e-10, 7.07502445518e-10, 4.23909213287e-10, 4.39371872218e-10, 5.26365784292e-10, 1.65194621871e-10, 2.35362285217e-10, 7.82345230266e-11, 1.00252084412e-10, 1.47858617711e-11, 2.56330113385e-13, 9.13021760518e-14, 7.51832949196e-14, 8.37361050724e-14, 8.08211936504e-14, 8.4888747507e-14, 6.92054852552e-14, 6.35638595795e-14, 2.27805072711e-14, 2.90653130158e-15, 1.41244146853e-16],
        "stdev": [2.93081557174e-05, 0.00064279261278, 0.00245103309862, 0.00247009703889, 0.00227027758956, 0.0021326742135, 0.00126560602803, 0.000651516602375, 0.00105495576281, 0.000822231755592, 0.000324409862515, 0.000420942320488, 0.000531487923581, 0.000469171558507, 0.000501830712892, 0.000594460172579, 0.000415069953306, 0.00045296738972, 0.000243624526775, 0.000183610405657, 0.000412018707721, 0.000607881345786, 0.00130487314891, 0.000647603068501, 0.000981383025646, 0.000661882164422, 0.000442631338956, 0.000509864126798, 0.000480331276776, 0.00101933488622, 0.00150127219968, 0.000418773881393, 0.000555700156838, 0.0003084053169, 0.000325672910549, 0.000503074028529, 0.00094618613366, 0.000433192588389, 0.000479600916151, 0.000453653483419, 0.000168762446265, 0.000198568857741, 0.000233092767303, 0.000208389523323, 0.000222159782425, 0.000255415245192, 0.000423839548603, 0.000175418448634, 0.000174611675902, 0.000216597691178, 0.000122219396872, 0.000167836857145, 9.78772368398e-05, 7.47325393604e-05, 7.59723625379e-05, 7.47759113437e-05, 6.05252862442e-05, 8.36807230371e-05, 6.82739992044e-05, 3.18516504194e-05, 1.97405479412e-05, 3.07147347485e-05, 4.43043136329e-05, 3.85413841286e-05, 1.95926259039e-05, 1.67518537637e-05, 2.28165481531e-05, 1.66186619026e-05, 1.74716260517e-05, 1.788681584e-05, 2.27528598771e-05, 1.01202040241e-05, 6.76589706927e-06, 1.12689103844e-05, 8.85253029992e-06, 5.45066313862e-06, 5.41036206414e-06, 4.29033343607e-06, 4.85994178234e-06, 3.52855727215e-06, 3.01791942547e-06, 3.58086322194e-06, 2.74045441984e-06, 3.57922613148e-06, 3.77254423256e-06, 4.41626752945e-06, 6.19310139882e-06, 6.62883394398e-06, 5.37187406735e-06, 4.34720323028e-06, 4.11632390751e-06, 3.49049741999e-06, 3.21399079439e-06, 3.40011501976e-06, 3.52626489075e-06, 7.42287147659e-06, 7.5828320405e-06, 5.53344489163e-06, 6.97801851857e-06, 6.34486377749e-06, 6.0801271502e-06, 5.78962590225e-06, 4.85279497298e-06, 4.32210526924e-06, 3.3107969557e-06, 2.70183227258e-06, 2.44429793383e-06, 2.24559084927e-06, 1.85198962299e-06, 1.5990326574e-06, 1.42222381783e-06, 1.79029268566e-06, 3.45553394254e-06, 2.62290200226e-06, 8.20102059151e-07, 4.4140270461e-07, 3.06529102545e-07, 2.02594819143e-07, 1.36622915647e-07, 9.29488876977e-08, 9.75217346877e-08, 5.95796869618e-08, 5.89969175735e-08, 3.05061287342e-09, 3.68790727123e-11, 3.64653238161e-11, 3.61991825404e-11, 3.60170920866e-11]
    },
    "mfcc": {
        "mean": [-642.511230469, 97.9807815552, -21.3270816803, -5.14365148544, -1.87158119678, -8.97118854523, -3.90570616722, 7.55779647827, -3.2533288002, 4.69561004639, -4.74808692932, -4.18660163879, -4.68199777603],
        "cov": [[4255.15478516, -15.7626361847, 1515.47094727, 911.116455078, 994.803161621, 524.076660156, 488.28894043, 90.321182251, -78.252746582, 58.4091377258, 33.3117752075, 179.868515015, 261.56072998], [-15.7626361847, 757.49609375, 68.5526885986, 167.721084595, 122.598983765, 85.4476318359, 124.997413635, 108.301193237, 12.5999383926, 66.610496521, 29.9207134247, 26.3709640503, 27.0420722961], [1515.47094727, 68.5526885986, 1682.20727539, 778.742980957, 704.186767578, 514.511657715, 274.47354126, 112.387329102, 21.4838886261, -61.2034492493, 68.715927124, 96.0936050415, 203.397598267], [911.116455078, 167.721084595, 778.742980957, 666.63092041, 545.898376465, 287.017822266, 114.480735779, 48.4729576111, 14.1095819473, 14.9491491318, -1.88138926029, 55.8893699646, 121.411911011], [994.803161621, 122.598983765, 704.186767578, 545.898376465, 632.733459473, 267.76965332, 100.06237793, 20.7439022064, 13.3457746506, 11.3610363007, -18.7990036011, 45.6243667603, 110.183555603], [524.076660156, 85.4476318359, 514.511657715, 287.017822266, 267.76965332, 366.561553955, 171.536804199, 83.1536941528, 48.1887512207, 3.81953763962, 52.2100753784, 24.2169437408, 25.9500789642], [488.28894043, 124.997413635, 274.47354126, 114.480735779, 100.06237793, 171.536804199, 284.16809082, 121.989143372, 1.37576603889, 30.637588501, 60.242225647, 25.6532249451, 35.5133056641], [90.321182251, 108.301193237, 112.387329102, 48.4729576111, 20.7439022064, 83.1536941528, 121.989143372, 158.594329834, 50.9892997742, 6.09140825272, 35.4673461914, 7.04000997543, 17.1968040466], [-78.252746582, 12.5999383926, 21.4838886261, 14.1095819473, 13.3457746506, 48.1887512207, 1.37576603889, 50.9892997742, 116.056282043, 15.7536125183, 10.7681846619, -7.63203859329, -21.3985271454], [58.4091377258, 66.610496521, -61.2034492493, 14.9491491318, 11.3610363007, 3.81953763962, 30.637588501, 6.09140825272, 15.7536125183, 102.294685364, 26.5541534424, 1.75585734844, -5.31826591492], [33.3117752075, 29.9207134247, 68.715927124, -1.88138926029, -18.7990036011, 52.2100753784, 60.242225647, 35.4673461914, 10.7681846619, 26.5541534424, 92.9906005859, 25.2922344208, 2.69799494743], [179.868515015, 26.3709640503, 96.0936050415, 55.8893699646, 45.6243667603, 24.2169437408, 25.6532249451, 7.04000997543, -7.63203859329, 1.75585734844, 25.2922344208, 78.2830352783, 45.6015663147], [261.56072998, 27.0420722961, 203.397598267, 121.411911011, 110.183555603, 25.9500789642, 35.5133056641, 17.1968040466, -21.3985271454, -5.31826591492, 2.69799494743, 45.6015663147, 111.064834595]],
        "icov": [[0.000541955465451, 0.000262383255176, -0.00018450958305, 1.67398138728e-05, -0.000605396693572, 0.000129552863655, -0.000753523141611, 5.60725566174e-05, 0.000366860971553, -0.000452574342489, 0.000408431631513, -0.000717974849977, 0.000115856833872], [0.000262383255176, 0.00183309067506, 0.000240957306232, -0.000596878875513, -0.00041443677037, 8.34712118376e-05, -0.000568153860513, -0.00115214160178, 0.000645823485684, -0.000952231581323, 0.000187087891391, -0.000716173904948, 0.000267014169367], [-0.00018450958305, 0.000240957306232, 0.00228262646124, -0.00143948360346, -0.000336178316502, -0.00111926649697, -0.000497402215842, 0.000386099971365, -0.000472174433526, 0.00213694060221, -0.00169478834141, 0.000732147193048, -0.00178461777978], [1.67398138728e-05, -0.000596878875513, -0.00143948360346, 0.0069593754597, -0.00373822310939, -0.00115916668437, 0.00132847123314, -0.00101419806015, 0.00075652054511, -0.00191308418289, 0.00149125570897, -0.000721842225175, -0.000839686021209], [-0.000605396693572, -0.00041443677037, -0.000336178316502, -0.00373822310939, 0.00689395330846, -0.00135783909354, 0.000605129753239, 0.00138161086943, -0.000985810300335, -0.000418561452534, 0.0018261707155, 0.000750914216042, -0.00126328517217], [0.000129552863655, 8.34712118376e-05, -0.00111926649697, -0.00115916668437, -0.00135783909354, 0.00770820491016, -0.00304761133157, 0.000247430434683, -0.00206330954097, 0.00117695028894, -0.00213589356281, -0.000175473323907, 0.00325647951104], [-0.000753523141611, -0.000568153860513, -0.000497402215842, 0.00132847123314, 0.000605129753239, -0.00304761133157, 0.00967868696898, -0.00595986982808, 0.00360533455387, -0.00246791960672, -0.00115233217366, 0.000482974253828, -0.000282522611087], [5.60725566174e-05, -0.00115214160178, 0.000386099971365, -0.00101419806015, 0.00138161086943, 0.000247430434683, -0.00595986982808, 0.0141415782273, -0.0068924385123, 0.00324394344352, -0.00192903901916, 0.00199823989533, -0.00310852029361], [0.000366860971553, 0.000645823485684, -0.000472174433526, 0.00075652054511, -0.000985810300335, -0.00206330954097, 0.00360533455387, -0.0068924385123, 0.0136865442619, -0.00367260142229, 0.000971803499851, -0.00120220740791, 0.00332204205915], [-0.000452574342489, -0.000952231581323, 0.00213694060221, -0.00191308418289, -0.000418561452534, 0.00117695028894, -0.00246791960672, 0.00324394344352, -0.00367260142229, 0.0147765623406, -0.00590733019635, 0.0022244870197, -0.000867249735165], [0.000408431631513, 0.000187087891391, -0.00169478834141, 0.00149125570897, 0.0018261707155, -0.00213589356281, -0.00115233217366, -0.00192903901916, 0.000971803499851, -0.00590733019635, 0.0182110611349, -0.00667283311486, 0.00202239095233], [-0.000717974849977, -0.000716173904948, 0.000732147193048, -0.000721842225175, 0.000750914216042, -0.000175473323907, 0.000482974253828, 0.00199823989533, -0.00120220740791, 0.0022244870197, -0.00667283311486, 0.020297376439, -0.00815109536052], [0.000115856833872, 0.000267014169367, -0.00178461777978, -0.000839686021209, -0.00126328517217, 0.00325647951104, -0.000282522611087, -0.00310852029361, 0.00332204205915, -0.000867249735165, 0.00202239095233, -0.00815109536052, 0.017812198028]]
    },
    "spectral_contrast_coeffs": {
        "max": [-0.306030422449, -0.421142071486, -0.433338463306, -0.535967230797, -0.622252106667, -0.699519336224],
        "mean": [-0.713957369328, -0.731648623943, -0.727316856384, -0.765765070915, -0.763573586941, -0.799256801605],
        "min": [-0.931463778019, -0.917209327221, -0.917294025421, -0.901837110519, -0.861313462257, -0.88118314743],
        "stdev": [0.0734938904643, 0.0763990432024, 0.0884391739964, 0.0667490363121, 0.0479243434966, 0.0267116781324]
    },
    "spectral_contrast_valleys": {
        "max": [-5.18252086639, -5.5639462471, -5.7342839241, -5.6520075798, -6.01424503326, -7.55886411667],
        "mean": [-7.58253097534, -6.91712713242, -7.2646894455, -7.51095056534, -7.63654470444, -9.89422512054],
        "min": [-11.7556381226, -9.03398513794, -8.66323566437, -9.37530517578, -9.13231086731, -12.0065231323],
        "stdev": [1.61419808865, 0.519986391068, 0.487884700298, 0.513868093491, 0.557689845562, 0.943764030933]
    }
},
"rhythm": {
    "beats_count": 90,
    "beats_loudness": {
        "max": 0.121295876801,
        "mean": 0.0307152718306,
        "min": 0.001502160565,
        "stdev": 0.022342979908
    },
    "bpm": 143.243011475,
    "bpm_histogram_first_peak_bpm": 144,
    "bpm_histogram_first_peak_weight": 0.318840563297,
    "bpm_histogram_second_peak_bpm": 103,
    "bpm_histogram_second_peak_spread": 0.124999940395,
    "bpm_histogram_second_peak_weight": 0.078651688993,
    "danceability": 1.0829410553,
    "onset_rate": 4.02100229263,
    "beats_loudness_band_ratio": {
        "max": [0.79009103775, 0.571154296398, 0.675715208054, 0.796471953392, 0.631301939487, 0.443385064602],
        "mean": [0.278772622347, 0.16651943326, 0.180104851723, 0.220008984208, 0.142781332135, 0.0861651971936],
        "min": [6.63779865135e-05, 0.000455335713923, 0.0103850625455, 0.013679984957, 0.00566695025191, 0.00449356203899],
        "stdev": [0.231800556183, 0.150757923722, 0.152724191546, 0.201207369566, 0.1202269122, 0.0708746239543]
    },
