{
"metadata": {
    "version": {
        "essentia": "2.1-beta5",
        "essentia_git_sha": "Undefined",
        "extractor": "music 2.0"
    },
    "audio_properties": {
        "analysis": {
            "equal_loudness": 0,
            "length": 29.0017242432,
            "sample_rate": 44100,
            "start_time": 0,
            "downmix": "mix"
        },
        "bit_rate": 192000,
        "length": 232.292434692,
        "lossless": 0,
        "number_channels": 2,
        "replay_gain": -2.13885307312,
        "sample_rate": 48000,
        "codec": "mp3",
        "md5_encoded": "0465fa5db3ee4b40b90f4194eec2594a"
    },
    "tags": {
        "file_name": "Lithuania_What_s Happened To Your Love_Linas ir Simona.mp3",
        "encoding": ["Lavf58.29.100"]
    }
},
"lowlevel": {
    "average_loudness": 0.896973729134,
    "barkbands_crest": {
        "max": 26.4958648682,
        "mean": 12.8130531311,
        "min": 3.79846215248,
        "stdev": 4.77732801437
    },
    "barkbands_flatness_db": {
        "max": 0.436933130026,
        "mean": 0.245384156704,
        "min": 0.0537904016674,
        "stdev": 0.076499119401
    },
    "barkbands_kurtosis": {
        "max": 233.255004883,
        "mean": 10.4417715073,
        "min": -1.64310741425,
        "stdev": 20.6309242249
    },
    "barkbands_skewness": {
        "max": 14.1544961929,
        "mean": 2.06517863274,
        "min": -1.87136912346,
        "stdev": 1.57005417347
    },
    "barkbands_spread": {
        "max": 31.0446395874,
        "mean": 7.62399768829,
        "min": 0.432402610779,
        "stdev": 5.16310214996
    },
    "dissonance": {
        "max": 0.499938517809,
        "mean": 0.396996229887,
        "min": 0.228696554899,
        "stdev": 0.0613622292876
    },
    "dynamic_complexity": 3.03540420532,
    "erbbands_crest": {
        "max": 31.5093708038,
        "mean": 12.9950933456,
        "min": 2.84596037865,
        "stdev": 5.41094732285
    },
    "erbbands_flatness_db": {
        "max": 0.411696135998,
        "mean": 0.274908870459,
        "min": 0.0807662308216,
        "stdev": 0.0594066381454
    },
    "erbbands_kurtosis": {
        "max": 53.0172309875,
        "mean": 3.37027072906,
        "min": -1.7312130928,
        "stdev": 6.93845748901
    },
    "erbbands_skewness": {
        "max": 6.63348436356,
        "mean": 1.34429633617,
        "min": -1.00481104851,
        "stdev": 0.988326847553
    },
    "erbbands_spread": {
        "max": 53.3241882324,
        "mean": 17.1127738953,
        "min": 1.93202459812,
        "stdev": 8.93086433411
    },
    "hfc": {
        "max": 52.7595672607,
        "mean": 14.0364017487,
        "min": 1.17004075606e-16,
        "stdev": 9.92022228241
    },
    "loudness_ebu128": {
        "integrated": -21.2271842957,
        "loudness_range": 7.59484863281,
        "momentary": {
            "max": -18.0984363556,
            "mean": -22.5128860474,
            "min": -42.599067688,
            "stdev": 3.97756052017
        },
        "short_term": {
            "max": -18.9567661285,
            "mean": -22.1717128754,
            "min": -28.9990196228,
            "stdev": 2.73882603645
        }
    },
    "melbands_crest": {
        "max": 32.0221099854,
        "mean": 15.276848793,
        "min": 1.9496743679,
        "stdev": 5.72807693481
    },
    "melbands_flatness_db": {
        "max": 0.528375983238,
        "mean": 0.299621611834,
        "min": 0.00413489528,
        "stdev": 0.0863578245044
    },
    "melbands_kurtosis": {
        "max": 226.097335815,
        "mean": 12.0568284988,
        "min": -1.11369800568,
        "stdev": 19.5598964691
    },
    "melbands_skewness": {
        "max": 10.7816371918,
        "mean": 2.19403100014,
        "min": -0.31313097477,
        "stdev": 1.35467708111
    },
    "melbands_spread": {
        "max": 129.641296387,
        "mean": 9.89551639557,
        "min": 0.570990264416,
        "stdev": 8.11371517181
    },
    "pitch_salience": {
        "max": 0.95968747139,
        "mean": 0.527963161469,
        "min": 0.0973336175084,
        "stdev": 0.130214676261
    },
    "silence_rate_20dB": {
        "max": 1,
        "mean": 1,
        "min": 1,
        "stdev": 0
    },
    "silence_rate_30dB": {
        "max": 1,
        "mean": 1,
        "min": 1,
        "stdev": 0
    },
    "silence_rate_60dB": {
        "max": 1,
        "mean": 0.0631999969482,
        "min": 0,
        "stdev": 0.243327200413
    },
    "spectral_centroid": {
        "max": 11337.5302734,
        "mean": 718.215454102,
        "min": 287.643493652,
        "stdev": 510.025512695
    },
    "spectral_complexity": {
        "max": 33,
        "mean": 12.799200058,
        "min": 0,
        "stdev": 6.35337162018
    },
    "spectral_decrease": {
        "max": 9.77466321895e-30,
        "mean": -6.25797103027e-09,
        "min": -1.95485796439e-08,
        "stdev": 4.21716439547e-09
    },
    "spectral_energy": {
        "max": 0.0778600871563,
        "mean": 0.0248921383172,
        "min": 1.07229878498e-20,
        "stdev": 0.0167164262384
    },
    "spectral_energyband_high": {
        "max": 0.00155490101315,
        "mean": 7.83008072176e-05,
        "min": 7.36703532528e-21,
        "stdev": 0.00014318927424
    },
    "spectral_energyband_low": {
        "max": 0.0260099787265,
        "mean": 0.00159798946697,
        "min": 5.98147154952e-23,
        "stdev": 0.00304139778018
    },
    "spectral_energyband_middle_high": {
        "max": 0.0278796385974,
        "mean": 0.00371729768813,
        "min": 1.48697720938e-21,
        "stdev": 0.00414622435346
    },
    "spectral_energyband_middle_low": {
        "max": 0.073973223567,
        "mean": 0.0197267401963,
        "min": 2.84526780435e-22,
        "stdev": 0.0142987128347
    },
    "spectral_entropy": {
        "max": 9.80855369568,
        "mean": 6.47521734238,
        "min": 4.51986026764,
        "stdev": 0.756397008896
    },
    "spectral_flux": {
        "max": 0.162427023053,
        "mean": 0.0551805533469,
        "min": 6.92720950046e-11,
        "stdev": 0.0341561958194
    },
    "spectral_kurtosis": {
        "max": 62.5121994019,
        "mean": 16.2143344879,
        "min": -1.19232296944,
        "stdev": 12.7011766434
    },
    "spectral_rms": {
        "max": 0.00871556438506,
        "mean": 0.00459221098572,
        "min": 3.23441664077e-12,
        "stdev": 0.00178791838698
    },
    "spectral_rolloff": {
        "max": 18604.6875,
        "mean": 827.166687012,
        "min": 301.46484375,
        "stdev": 907.253051758
    },
    "spectral_skewness": {
        "max": 6.7917971611,
        "mean": 2.76206684113,
        "min": 0.00109075580258,
        "stdev": 1.15889418125
    },
    "spectral_spread": {
        "max": 40215100,
        "mean": 2533126,
        "min": 1194977.75,
        "stdev": 1658184
    },
    "spectral_strongpeak": {
        "max": 7.32695150375,
        "mean": 1.58388185501,
        "min": 0,
        "stdev": 1.04739499092
    },
    "zerocrossingrate": {
        "max": 0.5673828125,
        "mean": 0.0327917970717,
        "min": 0.01123046875,
        "stdev": 0.030297299847
    },
    "barkbands": {
        "max": [0.00981528498232, 0.0217129494995, 0.00875732861459, 0.0139734130353, 0.0469587296247, 0.0725715607405, 0.0464912205935, 0.0468949787319, 0.039435736835, 0.0211029611528, 0.0149023178965, 0.0220919512212, 0.00481971539557, 0.00485905632377, 0.011335878633, 0.00329822069034, 0.00598884746432, 0.00272047892213, 0.00124125659931, 0.000378551631002, 0.000308880349621, 0.000232423088164, 0.000155186018674, 0.00019262569549, 0.000212665720028, 0.000618588994257, 0.000134510541102],
        "mean": [0.000123185527627, 0.000829684839118, 0.000491164275445, 0.000456019915873, 0.00302290730178, 0.00600989721715, 0.00556780677289, 0.00297344755381, 0.00155226769857, 0.000810792145785, 0.000681784877088, 0.000667961663567, 0.000407814077334, 0.00031937690801, 0.000260107713984, 0.000165159261087, 0.000245840812568, 0.00014763805666, 6.22678780928e-05, 3.77657233912e-05, 2.50140819844e-05, 1.4986786482e-05, 8.19349952508e-06, 4.75709884995e-06, 3.22005644193e-06, 2.79362620859e-06, 3.24424945575e-07],
        "min": [5.61562073865e-25, 1.08594134673e-23, 1.48067835069e-23, 3.23646594674e-23, 4.65726628374e-23, 1.37858176353e-23, 2.58750762979e-23, 1.54694361336e-23, 4.55189560827e-23, 3.75204050639e-23, 5.07252266424e-23, 6.72863200512e-23, 9.29031012006e-23, 5.99430789417e-23, 2.36557423588e-22, 1.20557396472e-22, 1.60875320032e-22, 2.72988534804e-22, 1.91522010841e-22, 4.41965166032e-22, 3.08927825956e-22, 5.03575682357e-22, 4.65307118455e-22, 8.18217940979e-22, 1.06406072443e-21, 1.69817554428e-21, 2.03515087165e-21],
        "stdev": [0.0006576316664, 0.00183361116797, 0.000987385050394, 0.00117392058019, 0.00537828775123, 0.010476661846, 0.00737281749025, 0.00584561703727, 0.00329564185813, 0.00185843685176, 0.00134552945383, 0.00155191682279, 0.000687807623763, 0.000556110171601, 0.00052574503934, 0.000300888321362, 0.00045988734928, 0.000206686934689, 0.000114366142952, 5.82360989938e-05, 4.21977420046e-05, 2.73990881396e-05, 1.66885292856e-05, 1.37953984449e-05, 1.47288974404e-05, 2.85883288598e-05, 4.81414645037e-06]
    },
    "erbbands": {
        "max": [0.822253227234, 4.00552415848, 11.7053394318, 27.7824859619, 64.74974823, 189.580764771, 334.277832031, 896.663513184, 722.999328613, 877.545471191, 439.991271973, 1155.62475586, 758.489990234, 538.708679199, 655.568054199, 468.032897949, 217.60093689, 199.132141113, 258.180114746, 364.643463135, 131.919052124, 411.639862061, 184.529815674, 58.7871170044, 35.2642745972, 18.2960300446, 16.3678741455, 10.3602323532, 11.8778028488, 10.721821785, 5.23141336441, 3.28593659401, 3.41133952141, 1.91293919086, 1.72465765476, 2.2305188179, 1.21885681152, 0.313433080912, 0.0152312228456, 0.000552818411961],
        "mean": [0.0149254333228, 0.211924418807, 0.657405734062, 1.00693690777, 2.82286214828, 11.0820074081, 22.2401714325, 72.5109786987, 69.4769973755, 90.9215240479, 41.0732574463, 38.7245445251, 26.4597244263, 30.4799118042, 25.2516231537, 20.5042381287, 19.1864089966, 15.1607170105, 15.2617454529, 11.8676404953, 9.61219596863, 14.6914730072, 9.38809013367, 4.82519292831, 2.47183561325, 1.64606153965, 1.2611181736, 0.799561262131, 0.545535206795, 0.343616843224, 0.235871002078, 0.125368967652, 0.0688903257251, 0.0381981916726, 0.021787410602, 0.0132720200345, 0.004800229799, 0.00090606615413, 5.95517049078e-05, 2.9852390071e-05],
        "min": [8.10894938885e-22, 9.50845426794e-22, 1.30842734591e-20, 7.87508578011e-20, 8.39662703373e-20, 2.06500276175e-19, 1.54373951836e-19, 1.69716652934e-19, 2.97602885688e-19, 6.93695220082e-19, 3.51209617754e-19, 1.34385892305e-18, 1.20258422925e-18, 1.53412400902e-18, 2.26812324256e-18, 2.70356931498e-18, 4.85924769302e-18, 3.80874692665e-18, 7.5138497769e-18, 1.30366394234e-17, 7.03443822774e-18, 9.64539660814e-18, 1.02900118421e-17, 1.37308457894e-17, 1.18461106278e-17, 2.13128643478e-17, 1.14699204658e-17, 1.22934805088e-17, 1.47982016016e-17, 1.7025037985e-17, 1.33226826152e-17, 1.40374419378e-17, 1.42865672316e-17, 1.3592916731e-17, 7.37592899029e-18, 6.657184725e-18, 3.29906056707e-18, 1.04360983489e-18, 3.05910027935e-19, 2.92376357912e-20],
        "stdev": [0.0581964813173, 0.44467201829, 1.33887124062, 2.40576410294, 5.75659799576, 19.7710914612, 34.2356567383, 130.982559204, 85.7881317139, 126.779762268, 57.092464447, 85.9136810303, 51.6671943665, 57.3086013794, 52.3791618347, 35.8761405945, 29.2899990082, 24.5852279663, 20.4250946045, 19.340795517, 13.8312282562, 29.7693138123, 13.758307457, 7.03292274475, 4.30191373825, 2.5413608551, 2.02991557121, 1.42475092411, 1.0514819622, 0.644529342651, 0.498664677143, 0.292787015438, 0.237559944391, 0.148128315806, 0.112967833877, 0.114908672869, 0.0533968470991, 0.0119244167581, 0.000655506853946, 2.87133443635e-05]
    },
    "gfcc": {
        "mean": [-88.4394454956, 138.772445679, -148.727706909, -11.0340003967, -73.8281097412, -22.688293457, -44.2606086731, -7.79774856567, -14.016667366, -0.109327785671, -1.95813477039, 2.74096894264, -3.81416916847],
        "cov": [[11326.3691406, -122.081916809, -1746.65673828, 1474.64453125, 407.408508301, 956.653198242, -62.2244796753, 750.679016113, 225.912902832, -320.630340576, -398.429870605, -496.98638916, -463.221435547], [-122.081916809, 880.418334961, 299.674957275, 8.59606170654, 220.340301514, -128.09336853, 43.4155807495, -179.927307129, 47.9437599182, 53.6284103394, 112.637573242, -4.04057121277, 23.60638237], [-1746.65673828, 299.674957275, 1133.42224121, 7.29965305328, 60.37317276, -20.7224521637, 34.8606910706, -40.75989151, -82.0699310303, 93.2501525879, 46.6778755188, 102.800262451, -8.60453510284], [1474.64453125, 8.59606170654, 7.29965305328, 662.361938477, 261.270111084, 337.594696045, 79.6311264038, 194.82800293, 103.39691925, -25.8439064026, -45.1619644165, -106.93838501, -121.015686035], [407.408508301, 220.340301514, 60.37317276, 261.270111084, 321.046447754, 180.845779419, 82.6808547974, 84.4112167358, 94.7434997559, 30.3314838409, 2.56855177879, -58.4580307007, -76.1837081909], [956.653198242, -128.09336853, -20.7224521637, 337.594696045, 180.845779419, 415.648284912, 159.137191772, 208.470108032, 71.9960021973, 32.2538642883, -51.4922294617, -58.6220664978, -111.491233826], [-62.2244796753, 43.4155807495, 34.8606910706, 79.6311264038, 82.6808547974, 159.137191772, 190.19468689, 58.9818611145, 57.4557189941, 84.8553314209, 35.5938796997, 1.30149102211, -32.0029220581], [750.679016113, -179.927307129, -40.75989151, 194.82800293, 84.4112167358, 208.470108032, 58.9818611145, 272.95614624, 67.8947372437, -57.1906089783, -110.583992004, -76.5230331421, -95.8069458008], [225.912902832, 47.9437599182, -82.0699310303, 103.39691925, 94.7434997559, 71.9960021973, 57.4557189941, 67.8947372437, 150.286499023, 60.5701828003, 42.6847839355, -28.0688934326, -37.5155677795], [-320.630340576, 53.6284103394, 93.2501525879, -25.8439064026, 30.3314838409, 32.2538642883, 84.8553314209, -57.1906089783, 60.5701828003, 196.683242798, 135.801071167, 58.3781890869, -10.1482772827], [-398.429870605, 112.637573242, 46.6778755188, -45.1619644165, 2.56855177879, -51.4922294617, 35.5938796997, -110.583992004, 42.6847839355, 135.801071167, 189.135971069, 94.8513031006, 37.6034812927], [-496.98638916, -4.04057121277, 102.800262451, -106.93838501, -58.4580307007, -58.6220664978, 1.30149102211, -76.5230331421, -28.0688934326, 58.3781890869, 94.8513031006, 134.143585205, 68.0815429688], [-463.221435547, 23.60638237, -8.60453510284, -121.015686035, -76.1837081909, -111.491233826, -32.0029220581, -95.8069458008, -37.5155677795, -10.1482772827, 37.6034812927, 68.0815429688, 120.671852112]],
        "icov": [[0.000448763981694, -0.00106154277455, 0.00101188884582, -0.000867684546392, 0.000994633184746, -0.000862809363753, 0.00144659820944, -0.00126867229119, 0.000936488155276, -0.00102210510522, 0.000557844236027, -0.000644255662337, 0.000734321190976], [-0.00106154277455, 0.00544326193631, -0.00321150291711, 0.00226726802066, -0.00488224159926, 0.00337038957514, -0.00510175293311, 0.00538103282452, -0.00334280636162, 0.00447674607858, -0.00273924390785, 0.00312407314777, -0.00171585392673], [0.00101188884582, -0.00321150291711, 0.00373940682039, -0.00240507815033, 0.00229972600937, -0.0014083115384, 0.00338656548411, -0.00390235800296, 0.00374010857195, -0.00406459299847, 0.00254157558084, -0.00339753669687, 0.00226365658455], [-0.000867684546392, 0.00226726802066, -0.00240507815033, 0.00549757201225, -0.00325466203503, -0.00135929323733, -0.00152454408817, 0.00248022191226, -0.00271286885254, 0.00425986852497, -0.00375800766051, 0.00346774538048, -0.00144891184755], [0.000994633184746, -0.00488224159926, 0.00229972600937, -0.00325466203503, 0.0103333890438, -0.00450426945463, 0.00401069875807, -0.00329640484415, 0.000102807774965, -0.00287172500975, 0.00194658711553, -0.00161733082496, 0.00257824058644], [-0.000862809363753, 0.00337038957514, -0.0014083115384, -0.00135929323733, -0.00450426945463, 0.0118000563234, -0.0082031339407, -0.000228580815019, 0.000537108804565, -0.000511479622219, 0.00149092730135, -0.000894151686225, 0.000430500687798], [0.00144659820944, -0.00510175293311, 0.00338656548411, -0.00152454408817, 0.00401069875807, -0.0082031339407, 0.0163212791085, -0.00643502688035, 0.00294552254491, -0.00757442880422, 0.00111362722237, -0.00115607667249, 2.00777722057e-05], [-0.00126867229119, 0.00538103282452, -0.00390235800296, 0.00248022191226, -0.00329640484415, -0.000228580815019, -0.00643502688035, 0.0174862928689, -0.0106163816527, 0.00852646306157, 0.00315319979563, -0.000774589600042, 0.00304155168124], [0.000936488155276, -0.00334280636162, 0.00374010857195, -0.00271286885254, 0.000102807774965, 0.000537108804565, 0.00294552254491, -0.0106163816527, 0.0183032006025, -0.00795088335872, -0.00402666861191, 0.00304371630773, -0.000732435204554], [-0.00102210510522, 0.00447674607858, -0.00406459299847, 0.00425986852497, -0.00287172500975, -0.000511479622219, -0.00757442880422, 0.00852646306157, -0.00795088335872, 0.0207738038152, -0.0111903557554, 0.00180224981159, 0.00340357213281], [0.000557844236027, -0.00273924390785, 0.00254157558084, -0.00375800766051, 0.00194658711553, 0.00149092730135, 0.00111362722237, 0.00315319979563, -0.00402666861191, -0.0111903557554, 0.0240055732429, -0.0139982411638, 0.00271914852783], [-0.000644255662337, 0.00312407314777, -0.00339753669687, 0.00346774538048, -0.00161733082496, -0.000894151686225, -0.00115607667249, -0.000774589600042, 0.00304371630773, 0.00180224981159, -0.0139982411638, 0.0242578629404, -0.0108437109739], [0.000734321190976, -0.00171585392673, 0.00226365658455, -0.00144891184755, 0.00257824058644, 0.000430500687798, 2.00777722057e-05, 0.00304155168124, -0.000732435204554, 0.00340357213281, 0.00271914852783, -0.0108437109739, 0.0199244990945]]
    },
    "melbands": {
        "max": [0.0067677735351, 0.00519063463435, 0.00507459277287, 0.00751762650907, 0.0121653806418, 0.0173117201775, 0.00928412750363, 0.0108521236107, 0.0035772935953, 0.00777598051354, 0.00381963187829, 0.00208127568476, 0.00170450389851, 0.00300762569532, 0.000772079627495, 0.000650303787552, 0.000453852757346, 0.000426644808613, 0.0012095264392, 0.000268189818598, 0.000141807337059, 0.000549654825591, 0.000160336116096, 0.000188999503735, 5.80286869081e-05, 4.40057119704e-05, 1.99465903279e-05, 1.34478950713e-05, 8.47039700602e-06, 9.98750692816e-06, 6.75451701682e-06, 9.87984458334e-06, 3.8466132537e-06, 5.72847284275e-06, 3.69583767679e-06, 2.41063162321e-06, 2.07145467357e-06, 2.62170487986e-06, 2.06329787034e-06, 1.48011235979e-06],
        "mean": [0.000185038152267, 0.00032783736242, 0.000221955298912, 0.000459433125798, 0.000814410333987, 0.00146335165482, 0.00110484554898, 0.000977486371994, 0.000279495463474, 0.000246701412834, 0.000130512999021, 0.000126849394292, 7.77635068516e-05, 8.47708870424e-05, 3.4801869333e-05, 4.78728361486e-05, 2.60419074039e-05, 2.52076297329e-05, 2.42164769588e-05, 1.23274949146e-05, 9.7478960015e-06, 1.64425073308e-05, 9.33490355237e-06, 7.38753760743e-06, 3.5379603105e-06, 2.03892932404e-06, 1.41410282595e-06, 1.06481604689e-06, 8.0510733369e-07, 6.44742044642e-07, 4.07953336889e-07, 3.17864390809e-07, 2.69303228606e-07, 1.54042524514e-07, 1.43948170717e-07, 1.03140550323e-07, 6.72134135016e-08, 4.83029971576e-08, 4.22682724377e-08, 2.86274115524e-08],
        "min": [5.95325793925e-24, 5.85378297353e-24, 1.29647080963e-23, 9.02938869586e-24, 7.62628597995e-24, 3.52100058107e-24, 4.48035444386e-24, 6.8295845862e-24, 2.95927462135e-24, 8.24047099265e-24, 5.79962017821e-24, 5.86844119244e-24, 6.8715188542e-24, 8.36095924073e-24, 8.47625047317e-24, 8.69065892291e-24, 5.67251890916e-24, 1.1077361536e-23, 1.92339434822e-23, 1.0724759644e-23, 8.47806406439e-24, 8.84706243028e-24, 6.68444206824e-24, 1.18843835969e-23, 1.10321463955e-23, 7.44889403934e-24, 8.817170124e-24, 1.42569900545e-23, 6.88739310219e-24, 7.71941968728e-24, 6.78057739132e-24, 6.32947517128e-24, 1.30740047747e-23, 8.20354993571e-24, 8.00025653613e-24, 8.9217454699e-24, 8.72562439367e-24, 1.06342741427e-23, 8.45497805e-24, 1.03078379781e-23],
        "stdev": [0.000497905886732, 0.000650325033348, 0.000482224684674, 0.000727325503249, 0.00129605724942, 0.0025351147633, 0.00134617974982, 0.00144724408165, 0.000431934313383, 0.000567049661186, 0.000266705173999, 0.000238362044911, 0.000144522695336, 0.000211878606933, 6.72491441946e-05, 9.15928030736e-05, 5.16378313478e-05, 3.82006473956e-05, 5.43094756722e-05, 2.49160766543e-05, 1.44351006384e-05, 3.68848523067e-05, 1.38128680192e-05, 1.31344449983e-05, 5.96159861743e-06, 4.23845631303e-06, 2.38784627982e-06, 1.75517664047e-06, 1.27220209833e-06, 1.13078965569e-06, 7.84944177212e-07, 6.95937842465e-07, 4.93846357585e-07, 3.20374255125e-07, 3.23387638446e-07, 2.17304588546e-07, 1.75417156356e-07, 1.72842220536e-07, 1.53573694206e-07, 1.16512168802e-07]
    },
    "melbands128": {
        "max": [0.00811356492341, 0.00712308473885, 0.0087796645239, 0.00738761480898, 0.00748095894232, 0.00355401355773, 0.00595511123538, 0.0073978533037, 0.008405870758, 0.00991118792444, 0.0115608852357, 0.0224889293313, 0.0144882695749, 0.0117575246841, 0.0342139750719, 0.0229941308498, 0.0201274957508, 0.0122829545289, 0.0193691402674, 0.0120007526129, 0.0190312657505, 0.00850906874985, 0.0053513078019, 0.00634219031781, 0.00888349954039, 0.0127008100972, 0.00305676087737, 0.00665708864108, 0.00475187133998, 0.00425999658182, 0.00401484314352, 0.00344988913275, 0.000848058785778, 0.00502804340795, 0.0074670012109, 0.00164008722641, 0.000368962239008, 0.00165840692353, 0.00034992757719, 0.0010702208383, 0.00136763229966, 0.000388553453377, 0.000464712211397, 0.00101178220939, 0.00137681874912, 0.000279596628388, 0.000218992034206, 0.00289368070662, 0.00043696546345, 0.000405137747293, 0.000533749116585, 0.000592456490267, 0.000289470131975, 0.000172491418198, 0.00011620647274, 0.00124407047406, 0.000687924737576, 0.000301114603644, 7.51695188228e-05, 0.000237785410718, 0.000358905526809, 8.41102737468e-05, 8.29510609037e-05, 7.96286039986e-05, 0.000125594175188, 5.35982799192e-05, 4.04981983593e-05, 4.71806779387e-05, 2.37542044488e-05, 2.00728827622e-05, 1.66083991644e-05, 2.91200703941e-05, 1.12608104246e-05, 1.51429785546e-05, 2.37149761233e-05, 1.38419600262e-05, 1.11696526801e-05, 8.34722777654e-06, 8.75979912962e-06, 9.12728228286e-06, 1.1942999663e-05, 1.32934819703e-05, 6.60481373416e-06, 8.13148835732e-06, 5.61580100111e-06, 1.583651283e-05, 4.57380201624e-06, 2.93698940368e-06, 5.88612601859e-06, 3.61144930139e-06, 3.30092848344e-06, 3.46409501617e-06, 2.27954546972e-06, 2.50527932621e-06, 2.46151739702e-06, 4.16657121605e-06, 4.39528366769e-06, 2.33100149671e-06, 2.29640022553e-06, 2.95994004773e-06, 1.79241328624e-06, 1.60431272889e-06, 2.06585878004e-06, 1.98451334654e-06, 1.66791733136e-06, 3.17483295476e-06, 2.93724929179e-06, 5.34424907528e-06, 5.01730391989e-06, 4.33446712123e-06, 5.19772129337e-06, 3.78266122425e-06, 4.46659942099e-06, 3.92897572965e-06, 1.9998285552e-06, 3.05999083139e-06, 3.15321085509e-06, 1.41589623581e-06, 9.37544371027e-07, 2.9420235137e-07, 3.27538771216e-07, 2.9746379937e-07, 3.2939416883e-07, 2.81420291515e-08, 2.77123195502e-08, 2.73621676428e-08, 2.70934172875e-08, 2.69429651922e-08],
        "mean": [8.27176772873e-05, 0.00010876874876, 0.000169120670762, 0.000434808724094, 0.000406544917496, 0.000201391172595, 0.000179628972546, 0.000247425574344, 0.000250775628956, 0.000349718873622, 0.000625611806754, 0.000973521615379, 0.000603641732596, 0.000780147674959, 0.00229497835971, 0.00120327505283, 0.000950996996835, 0.00104117719457, 0.00151169637684, 0.000845368485898, 0.00102603039704, 0.000403808022384, 0.000142438628245, 0.000183429569006, 0.000240264314925, 0.000344964850228, 8.07997203083e-05, 9.01691819308e-05, 0.000200158436201, 9.40859536058e-05, 0.000146536855027, 0.000105534054455, 2.55624945567e-05, 8.96440105862e-05, 0.000144070727401, 6.07260408287e-05, 2.37844069488e-05, 5.70645315747e-05, 1.33413686854e-05, 4.52572276117e-05, 7.54635548219e-05, 1.62168507813e-05, 1.83297834155e-05, 3.11927033181e-05, 4.3553107389e-05, 1.59018763952e-05, 1.14606928037e-05, 4.67912541353e-05, 1.43656252476e-05, 5.60980606679e-06, 1.6921227143e-05, 1.3389932974e-05, 1.00454535641e-05, 8.73222597875e-06, 7.94592324382e-06, 2.3798633265e-05, 1.6498597688e-05, 8.407228961e-06, 7.25297695681e-06, 9.43482609728e-06, 8.69986797625e-06, 4.74252738059e-06, 4.17184810431e-06, 2.84064776679e-06, 3.21060861097e-06, 1.89427998976e-06, 1.30897774397e-06, 1.95236771106e-06, 1.42600231356e-06, 7.8098389622e-07, 7.42690531297e-07, 1.84613816145e-06, 5.69453902699e-07, 6.17717773821e-07, 9.29758812163e-07, 7.19586978448e-07, 4.92902927363e-07, 4.70768384275e-07, 3.70125093241e-07, 3.95604303094e-07, 3.3873189409e-07, 2.72074885288e-07, 2.63476493956e-07, 3.30761309897e-07, 2.15857795638e-07, 1.53180252482e-07, 1.42034394912e-07, 1.26858736849e-07, 1.73117854274e-07, 1.12414078046e-07, 1.4241045676e-07, 8.25135870741e-08, 7.90955496655e-08, 6.50389111456e-08, 6.44319584353e-08, 5.25580077237e-08, 4.39577902966e-08, 4.38441958295e-08, 4.54875497269e-08, 4.2142016099e-08, 2.92039672445e-08, 2.69672284503e-08, 2.5378295021e-08, 2.30766001863e-08, 2.63212651674e-08, 2.32878978323e-08, 2.28435261818e-08, 2.44997533372e-08, 2.30939907198e-08, 2.3812853911e-08, 2.17607194486e-08, 1.58315778265e-08, 1.52700749823e-08, 1.27620678469e-08, 9.15686904079e-09, 1.01171471201e-08, 6.55577547803e-09, 2.90969337513e-09, 1.93432558859e-09, 8.97808438705e-10, 6.35527686033e-10, 5.69528202377e-10, 4.73539762957e-10, 4.30544593033e-11, 2.54976074976e-11, 2.49360133237e-11, 2.45610858041e-11, 2.44061403032e-11],
        "min": [5.09370987071e-25, 6.67702914232e-24, 2.1992166055e-24, 1.09385514017e-24, 1.47425451829e-24, 7.62924578607e-24, 1.83896714093e-23, 1.27493009486e-23, 5.07190072631e-24, 5.73613817458e-24, 1.33107009116e-23, 1.44026421766e-23, 3.40982168053e-24, 2.89919319988e-24, 5.20459304702e-24, 1.89717379502e-24, 4.17373130975e-24, 5.23796383546e-24, 4.47922006188e-24, 8.12932759086e-24, 4.7251139225e-24, 3.27094015437e-24, 1.11443583093e-24, 3.30642765384e-24, 6.42649086312e-24, 8.41368591478e-24, 1.99656711364e-24, 4.72049080316e-24, 7.23981118957e-24, 2.77850142568e-24, 5.60814036511e-24, 7.69014269251e-24, 4.3754454098e-24, 7.06144658346e-24, 9.32623389905e-24, 8.99473009199e-24, 4.62097166123e-24, 6.59054592685e-24, 1.09760291972e-23, 9.3522789307e-24, 4.88246800726e-24, 2.87626771868e-24, 5.7877908145e-24, 4.42533967876e-24, 3.79012560648e-24, 1.36406120085e-23, 7.16095349804e-24, 1.01611343044e-23, 1.8370055594e-23, 1.92199380457e-23, 5.35371852368e-24, 6.51548502285e-24, 7.20769745098e-24, 7.29156046495e-24, 6.44843579022e-24, 4.05254728635e-24, 6.49578479947e-24, 4.61847767748e-24, 6.115461152e-24, 1.24774642138e-23, 5.28761907957e-24, 9.90058774692e-24, 1.61114821358e-23, 5.66356060472e-24, 4.80622617849e-24, 4.31304572334e-24, 8.30954286465e-24, 9.46380335231e-24, 4.51357258772e-24, 1.28823518066e-23, 8.0174024279e-24, 2.25366784782e-23, 4.91714909367e-24, 4.96495169794e-24, 5.491988091e-24, 8.64336828936e-24, 6.63151265695e-24, 4.30431184982e-24, 7.98326683881e-24, 6.43309599548e-24, 4.4319392891e-24, 6.47398738937e-24, 9.39155710403e-24, 1.49429787645e-23, 1.08613769421e-23, 6.49705644325e-24, 6.11822571504e-24, 4.95301426029e-24, 9.15082436589e-24, 3.6669820526e-24, 4.76984904114e-24, 7.69518430255e-24, 5.7530178258e-24, 8.3330919404e-24, 7.09388691046e-24, 9.17366662226e-24, 6.81952187649e-24, 7.11780043994e-24, 6.59528895304e-24, 8.966577224e-24, 1.1432844348e-23, 1.13986164621e-23, 7.04181499097e-24, 5.01282451084e-24, 1.04370052739e-23, 7.71749486668e-24, 6.81988317478e-24, 1.26197266006e-23, 1.19600274691e-23, 9.81175569811e-24, 9.3599648025e-24, 9.47582480365e-24, 9.35579488375e-24, 1.05808643151e-23, 6.57818408203e-24, 6.79637196436e-24, 6.78492480377e-24, 7.38229445741e-24, 9.55767701117e-24, 9.05183257747e-24, 1.073285809e-23, 1.07182404975e-23, 6.6531022022e-24, 6.77785345461e-24, 6.98655686228e-24, 1.23354645177e-23, 1.12328752082e-23, 1.07171045378e-23],
        "stdev": [0.000450895749964, 0.000558679690585, 0.000545547518414, 0.000923185201827, 0.000870370247867, 0.000398650590796, 0.000495925720315, 0.000622387451585, 0.000645005202387, 0.00074285431765, 0.00119680119678, 0.00235593994148, 0.00135118036997, 0.0014728148235, 0.00482707563788, 0.00207602977753, 0.00194811681286, 0.00149283942301, 0.00277439062484, 0.00149092276115, 0.00230871327221, 0.000717659946531, 0.000460870971438, 0.000642167869955, 0.000657118624076, 0.000880823470652, 0.000233201673836, 0.000303696113406, 0.000485497585032, 0.000291310017928, 0.000368234846974, 0.000256187602645, 6.70988229103e-05, 0.000294975237921, 0.000499544723425, 0.000138644230901, 4.04841339332e-05, 0.000148406717926, 2.94103519991e-05, 9.32537732297e-05, 0.000163853299455, 3.76881871489e-05, 5.23835115018e-05, 9.69006578089e-05, 9.72193520283e-05, 3.11157127726e-05, 2.32215279539e-05, 0.00012600478658, 2.7486057661e-05, 1.61416010087e-05, 4.05950449931e-05, 3.47325876646e-05, 2.20305664698e-05, 1.81272880582e-05, 1.32525501613e-05, 7.69354010117e-05, 4.02245495934e-05, 2.32307575061e-05, 1.13554378913e-05, 1.77170823008e-05, 2.56451348832e-05, 1.01593623185e-05, 8.98569487617e-06, 6.11458426647e-06, 7.73724514147e-06, 4.9479426707e-06, 3.14284579872e-06, 4.19582920586e-06, 2.59975763583e-06, 1.6408182546e-06, 1.52120151142e-06, 3.50128902937e-06, 1.01226976312e-06, 1.20471349874e-06, 1.93256528291e-06, 1.47876335177e-06, 1.00432237105e-06, 1.00069325981e-06, 8.0551285464e-07, 9.67300820776e-07, 8.35354228457e-07, 6.93638696703e-07, 5.70109818909e-07, 8.09108087196e-07, 4.08374518202e-07, 5.34680623332e-07, 3.26985428956e-07, 2.99323374975e-07, 4.60222167931e-07, 2.83284919078e-07, 3.28764798496e-07, 2.12545629097e-07, 2.02380832093e-07, 1.78314337518e-07, 1.88452730754e-07, 1.99672825829e-07, 2.03168269763e-07, 1.52079920213e-07, 1.56914126137e-07, 1.85760157478e-07, 1.11230235689e-07, 1.1838676528e-07, 1.15223635078e-07, 1.12472946512e-07, 1.23020726051e-07, 1.53352857524e-07, 1.64072957887e-07, 2.25133618414e-07, 2.25657629471e-07, 2.01676343181e-07, 2.244834576e-07, 1.7398269847e-07, 1.87909051874e-07, 1.60316886877e-07, 1.03838210919e-07, 1.33577032102e-07, 1.02970361127e-07, 4.59937794517e-08, 3.05360288166e-08, 1.24813377411e-08, 1.22111956102e-08, 1.15467679862e-08, 1.04714326099e-08, 8.91494988942e-10, 7.83428655282e-10, 7.73536623644e-10, 7.65942642644e-10, 7.61689877837e-10]
    },
    "mfcc": {
        "mean": [-726.556274414, 176.081283569, -28.2403659821, 6.52345085144, -20.5078125, -16.9865722656, -24.2551879883, -12.0518379211, -15.1524839401, -10.7207965851, -5.71178388596, 2.4535984993, -0.269730627537],
        "cov": [[10812.8789062, -1298.64135742, -1294.65136719, 411.615264893, 756.119934082, 383.506591797, 291.037078857, 947.102172852, 611.209777832, 697.190917969, 544.459655762, 145.549972534, -139.752471924], [-1298.64135742, 1021.68823242, 206.766769409, 118.312171936, 22.00756073, 16.9297599792, -44.3136901855, -200.663085938, -118.946769714, -114.274780273, -59.6995162964, 13.9656457901, 67.5471115112], [-1294.65136719, 206.766769409, 772.136230469, 155.150924683, 80.2576904297, 66.0073471069, 92.9391708374, -18.5393238068, -36.2280845642, -56.1136283875, -26.3549594879, -8.21387290955, 22.3794841766], [411.615264893, 118.312171936, 155.150924683, 297.277954102, 180.771179199, 125.909187317, 60.7675247192, 43.5517616272, 18.1324443817, 51.3002166748, 72.5122909546, 59.1872138977, 25.781879425], [756.119934082, 22.00756073, 80.2576904297, 180.771179199, 327.912780762, 106.519302368, 74.7767868042, 149.425750732, 97.3462753296, 110.211868286, 100.66418457, 23.2697868347, -10.6529874802], [383.506591797, 16.9297599792, 66.0073471069, 125.909187317, 106.519302368, 258.632446289, 137.566436768, 56.178653717, 44.1186599731, 83.1991729736, 114.39365387, 93.2822647095, 57.2417373657], [291.037078857, -44.3136901855, 92.9391708374, 60.7675247192, 74.7767868042, 137.566436768, 169.555007935, 106.309837341, 69.0282974243, 71.7247848511, 71.1763458252, 41.9125556946, 19.0817508698], [947.102172852, -200.663085938, -18.5393238068, 43.5517616272, 149.425750732, 56.178653717, 106.309837341, 261.816497803, 156.314971924, 124.853416443, 87.6806106567, 4.95062589645, -36.1642837524], [611.209777832, -118.946769714, -36.2280845642, 18.1324443817, 97.3462753296, 44.1186599731, 69.0282974243, 156.314971924, 166.51852417, 123.95249939, 64.165473938, 1.65899634361, -21.7734642029], [697.190917969, -114.274780273, -56.1136283875, 51.3002166748, 110.211868286, 83.1991729736, 71.7247848511, 124.853416443, 123.95249939, 196.523117065, 124.044960022, 37.1386756897, -4.92381858826], [544.459655762, -59.6995162964, -26.3549594879, 72.5122909546, 100.66418457, 114.39365387, 71.1763458252, 87.6806106567, 64.165473938, 124.044960022, 195.049835205, 121.538742065, 40.3376159668], [145.549972534, 13.9656457901, -8.21387290955, 59.1872138977, 23.2697868347, 93.2822647095, 41.9125556946, 4.95062589645, 1.65899634361, 37.1386756897, 121.538742065, 177.10307312, 91.1174926758], [-139.752471924, 67.5471115112, 22.3794841766, 25.781879425, -10.6529874802, 57.2417373657, 19.0817508698, -36.1642837524, -21.7734642029, -4.92381858826, 40.3376159668, 91.1174926758, 125.245170593]],
        "icov": [[0.000252192578046, 0.000164889454027, 0.000468809419544, -0.000427128194133, -0.000166484140209, -0.000117232608318, 2.98362974718e-05, -0.000540527515113, 5.9768990468e-05, -8.8023392891e-05, -6.28213456366e-05, 7.05172569724e-05, 5.12896731379e-05], [0.000164889454027, 0.00147886364721, 0.000157341171871, -0.000690852524713, -0.000646147120278, 3.13770906359e-05, -0.000159778108355, 0.00103541719727, -0.000347993947798, 0.000437502079876, -3.48886387656e-05, 0.000226202435442, -0.000442101154476], [0.000468809419544, 0.000157341171871, 0.00265640672296, -0.00166294584051, -0.000553905498236, 0.000310306000756, -0.00170066475403, -0.000576038088184, 0.000204014315386, 0.000611717405263, -0.000127567880554, 0.000650233530905, -0.000162697993801], [-0.000427128194133, -0.000690852524713, -0.00166294584051, 0.00750193558633, -0.00291655841284, -0.00183872168418, 0.000876773381606, 0.000671734393109, 0.00139120721724, -0.000839188462123, 0.00108945381362, -0.00192679301836, 0.000561272725463], [-0.000166484140209, -0.000646147120278, -0.000553905498236, -0.00291655841284, 0.00722374860197, -0.000948956585489, 0.00160491291899, -0.00289681367576, -0.00060857803328, -0.000372948561562, -0.00179458479397, 0.00166545552202, 7.51160696382e-05], [-0.000117232608318, 3.13770906359e-05, 0.000310306000756, -0.00183872168418, -0.000948956585489, 0.0103194583207, -0.00773018365726, 0.00304625160061, -0.000152205131599, -0.000530420977157, -0.00198666052893, -0.000564400455914, -0.00156130234245], [2.98362974718e-05, -0.000159778108355, -0.00170066475403, 0.000876773381606, 0.00160491291899, -0.00773018365726, 0.0160041078925, -0.00594003731385, -0.000380971760023, -0.000777158304118, 0.000720191688742, -0.000286149646854, -0.000361684302334], [-0.000540527515113, 0.00103541719727, -0.000576038088184, 0.000671734393109, -0.00289681367576, 0.00304625160061, -0.00594003731385, 0.0149868158624, -0.00863105524331, 0.00208705128171, -0.00242209644057, 0.000439432507847, 0.00143881456461], [5.9768990468e-05, -0.000347993947798, 0.000204014315386, 0.00139120721724, -0.00060857803328, -0.000152205131599, -0.000380971760023, -0.00863105524331, 0.019477147609, -0.00894897151738, 0.00324421306141, -0.000420176278567, -0.000189774946193], [-8.8023392891e-05, 0.000437502079876, 0.000611717405263, -0.000839188462123, -0.000372948561562, -0.000530420977157, -0.000777158304118, 0.00208705128171, -0.00894897151738, 0.0159830637276, -0.00885334610939, 0.00364156370051, -6.42882296233e-05], [-6.28213456366e-05, -3.48886387656e-05, -0.000127567880554, 0.00108945381362, -0.00179458479397, -0.00198666052893, 0.000720191688742, -0.00242209644057, 0.00324421306141, -0.00885334610939, 0.0190708599985, -0.0114925345406, 0.00212825485505], [7.05172569724e-05, 0.000226202435442, 0.000650233530905, -0.00192679301836, 0.00166545552202, -0.000564400455914, -0.000286149646854, 0.000439432507847, -0.000420176278567, 0.00364156370051, -0.0114925345406, 0.0178200602531, -0.00838559027761], [5.12896731379e-05, -0.000442101154476, -0.000162697993801, 0.000561272725463, 7.51160696382e-05, -0.00156130234245, -0.000361684302334, 0.00143881456461, -0.000189774946193, -6.42882296233e-05, 0.00212825485505, -0.00838559027761, 0.0147637203336]]
    },
    "spectral_contrast_coeffs": {
        "max": [-0.334566295147, -0.366897106171, -0.451938837767, -0.594334840775, -0.645775198936, -0.675272405148],
        "mean": [-0.606013059616, -0.595782935619, -0.685155391693, -0.756497740746, -0.780703365803, -0.767120838165],
        "min": [-0.970681428909, -0.978633821011, -0.96930372715, -0.963828504086, -0.961360812187, -0.963060975075],
        "stdev": [0.116853199899, 0.0932919532061, 0.0688795819879, 0.0544077716768, 0.0524408891797, 0.0395434945822]
    },
    "spectral_contrast_valleys": {
        "max": [-5.41115140915, -5.20128202438, -5.57435417175, -5.71189022064, -6.649933815, -9.01781845093],
        "mean": [-8.15762042999, -7.0900850296, -8.11597633362, -8.48875522614, -8.75268363953, -12.0271100998],
        "min": [-27.456401825, -27.0804386139, -27.3543739319, -27.3939380646, -27.2669944763, -27.2648162842],
        "stdev": [1.59693562984, 1.38283729553, 1.37018597126, 1.46218693256, 1.3608905077, 1.19345414639]
    }
},
"rhythm": {
    "beats_count": 71,
    "beats_loudness": {
        "max": 0.0669496878982,
        "mean": 0.0279329996556,
        "min": 0.000471209699754,
        "stdev": 0.0172329861671
    },
    "bpm": 155.172042847,
    "bpm_histogram_first_peak_bpm": 157,
    "bpm_histogram_first_peak_weight": 0.311111092567,
    "bpm_histogram_second_peak_bpm": 152,
    "bpm_histogram_second_peak_spread": 0.066666662693,
    "bpm_histogram_second_peak_weight": 0.20000000298,
    "danceability": 0.852441012859,
    "onset_rate": 1.89568006992,
    "beats_loudness_band_ratio": {
        "max": [0.462674617767, 0.983031272888, 0.876196861267, 0.683421194553, 0.246898770332, 0.0477035455406],
        "mean": [0.0833915695548, 0.40588709712, 0.401323974133, 0.102687165141, 0.0351328775287, 0.00554766552523],
        "min": [2.81847860606e-05, 0.00696232914925, 0.00988165941089, 0.00141055148561, 6.68365755701e-05, 0.000100471872429],
        "stdev": [0.113674581051, 0.280551880598, 0.238645985723, 0.115316443145, 0.0405388921499, 0.00848906952888]
    },
