{
"metadata": {
    "version": {
        "essentia": "2.1-beta5",
        "essentia_git_sha": "Undefined",
        "extractor": "music 2.0"
    },
    "audio_properties": {
        "analysis": {
            "equal_loudness": 0,
            "length": 20.3639011383,
            "sample_rate": 44100,
            "start_time": 175.240997314,
            "downmix": "mix"
        },
        "bit_rate": 192000,
        "length": 195.628128052,
        "lossless": 0,
        "number_channels": 2,
        "replay_gain": 2.55602836609,
        "sample_rate": 48000,
        "codec": "mp3",
        "md5_encoded": "863ba20d55cafd31ed8bee2aed9afee7"
    },
    "tags": {
        "file_name": "Latvia_Dziesma Par Laimi_Fomins _ Kleins.mp3",
        "encoding": ["Lavf58.29.100"]
    }
},
"lowlevel": {
    "average_loudness": 0.630317568779,
    "barkbands_crest": {
        "max": 23.7448253632,
        "mean": 9.28902053833,
        "min": 3.19447159767,
        "stdev": 3.44969034195
    },
    "barkbands_flatness_db": {
        "max": 0.312288016081,
        "mean": 0.179840162396,
        "min": 0.0545449852943,
        "stdev": 0.0412333793938
    },
    "barkbands_kurtosis": {
        "max": 29.9269256592,
        "mean": 2.06647014618,
        "min": -1.88852763176,
        "stdev": 3.51941227913
    },
    "barkbands_skewness": {
        "max": 4.97923946381,
        "mean": 1.30006718636,
        "min": -3.17853069305,
        "stdev": 0.808549642563
    },
    "barkbands_spread": {
        "max": 105.293128967,
        "mean": 20.4135837555,
        "min": 1.93425488472,
        "stdev": 20.6716842651
    },
    "dissonance": {
        "max": 0.499999970198,
        "mean": 0.482072204351,
        "min": 0.360608309507,
        "stdev": 0.0176894199103
    },
    "dynamic_complexity": 3.95787119865,
    "erbbands_crest": {
        "max": 29.7633342743,
        "mean": 8.77315235138,
        "min": 2.2482354641,
        "stdev": 4.06552553177
    },
    "erbbands_flatness_db": {
        "max": 0.374189168215,
        "mean": 0.223407998681,
        "min": 0.082830093801,
        "stdev": 0.0793025866151
    },
    "erbbands_kurtosis": {
        "max": 15.0709075928,
        "mean": 0.512417137623,
        "min": -1.64094185829,
        "stdev": 1.84022068977
    },
    "erbbands_skewness": {
        "max": 3.68649554253,
        "mean": 0.52349460125,
        "min": -2.80233669281,
        "stdev": 0.782780230045
    },
    "erbbands_spread": {
        "max": 131.30140686,
        "mean": 32.1448135376,
        "min": 5.45987176895,
        "stdev": 25.785194397
    },
    "hfc": {
        "max": 206.756668091,
        "mean": 22.5391254425,
        "min": 1.83625779755e-05,
        "stdev": 28.8050117493
    },
    "loudness_ebu128": {
        "integrated": -26.3638095856,
        "loudness_range": 8.40990066528,
        "momentary": {
            "max": -21.8546466827,
            "mean": -28.1420917511,
            "min": -39.8101196289,
            "stdev": 4.13487815857
        },
        "short_term": {
            "max": -23.6003513336,
            "mean": -27.5660400391,
            "min": -35.1933059692,
            "stdev": 3.10124635696
        }
    },
    "melbands_crest": {
        "max": 28.745557785,
        "mean": 12.7214479446,
        "min": 3.82656383514,
        "stdev": 4.16683864594
    },
    "melbands_flatness_db": {
        "max": 0.306368231773,
        "mean": 0.175353288651,
        "min": 0.0521030202508,
        "stdev": 0.034719299525
    },
    "melbands_kurtosis": {
        "max": 95.1118850708,
        "mean": 8.68727111816,
        "min": -1.83119761944,
        "stdev": 10.447763443
    },
    "melbands_skewness": {
        "max": 8.39372634888,
        "mean": 2.26996302605,
        "min": -0.0873630642891,
        "stdev": 1.30111610889
    },
    "melbands_spread": {
        "max": 252.999191284,
        "mean": 21.1089057922,
        "min": 2.41847991943,
        "stdev": 19.2791690826
    },
    "pitch_salience": {
        "max": 0.868351757526,
        "mean": 0.660423517227,
        "min": 0.286998838186,
        "stdev": 0.11905144155
    },
    "silence_rate_20dB": {
        "max": 1,
        "mean": 1,
        "min": 1,
        "stdev": 0
    },
    "silence_rate_30dB": {
        "max": 1,
        "mean": 0.996583163738,
        "min": 0,
        "stdev": 0.0583540014923
    },
    "silence_rate_60dB": {
        "max": 1,
        "mean": 0.148063778877,
        "min": 0,
        "stdev": 0.355163037777
    },
    "spectral_centroid": {
        "max": 5378.89160156,
        "mean": 1482.82897949,
        "min": 506.782165527,
        "stdev": 441.10144043
    },
    "spectral_complexity": {
        "max": 50,
        "mean": 19.3667430878,
        "min": 0,
        "stdev": 9.35907077789
    },
    "spectral_decrease": {
        "max": -1.50965231645e-15,
        "mean": -5.06245489973e-09,
        "min": -3.90526224692e-08,
        "stdev": 5.65404389974e-09
    },
    "spectral_energy": {
        "max": 0.155923694372,
        "mean": 0.0211512502283,
        "min": 7.36331529083e-09,
        "stdev": 0.0228335279971
    },
    "spectral_energyband_high": {
        "max": 0.0211462359875,
        "mean": 0.00123087095562,
        "min": 1.41181866198e-09,
        "stdev": 0.00277192448266
    },
    "spectral_energyband_low": {
        "max": 0.0933041423559,
        "mean": 0.00671554915607,
        "min": 2.57302457118e-10,
        "stdev": 0.0118576027453
    },
    "spectral_energyband_middle_high": {
        "max": 0.0670600309968,
        "mean": 0.00542181869969,
        "min": 4.89591389652e-09,
        "stdev": 0.00675683375448
    },
    "spectral_energyband_middle_low": {
        "max": 0.0974920243025,
        "mean": 0.00892789848149,
        "min": 6.38510355699e-10,
        "stdev": 0.0117293410003
    },
    "spectral_entropy": {
        "max": 8.81477546692,
        "mean": 7.74780750275,
        "min": 6.85498523712,
        "stdev": 0.297145783901
    },
    "spectral_flux": {
        "max": 0.288154602051,
        "mean": 0.0730451643467,
        "min": 0.0124215111136,
        "stdev": 0.0436334870756
    },
    "spectral_kurtosis": {
        "max": 14.2082233429,
        "mean": 4.43141174316,
        "min": -0.993064165115,
        "stdev": 2.89100575447
    },
    "spectral_rms": {
        "max": 0.0123337209225,
        "mean": 0.00394550058991,
        "min": 2.68024678007e-06,
        "stdev": 0.00225130724721
    },
    "spectral_rolloff": {
        "max": 11283.3984375,
        "mean": 2128.4519043,
        "min": 150.732421875,
        "stdev": 2126.23681641
    },
    "spectral_skewness": {
        "max": 2.652166605,
        "mean": 1.52901566029,
        "min": 0.11389362812,
        "stdev": 0.419457048178
    },
    "spectral_spread": {
        "max": 12433527,
        "mean": 4190339.25,
        "min": 2085891.625,
        "stdev": 2329249
    },
    "spectral_strongpeak": {
        "max": 10.966301918,
        "mean": 0.877810418606,
        "min": 0.000255542516243,
        "stdev": 1.19769155979
    },
    "zerocrossingrate": {
        "max": 0.38427734375,
        "mean": 0.0736876502633,
        "min": 0.02490234375,
        "stdev": 0.0467964746058
    },
    "barkbands": {
        "max": [7.80972477514e-05, 0.0283446218818, 0.0677062273026, 0.0288228988647, 0.0259107127786, 0.0556139014661, 0.00674720993266, 0.0258413571864, 0.0811728313565, 0.0188564639539, 0.0283742975444, 0.0616113357246, 0.0330448225141, 0.0126570826396, 0.00629897695035, 0.00419597001746, 0.00827739853412, 0.00724577484652, 0.00325187807903, 0.00204720511101, 0.00139711541124, 0.00236342661083, 0.00166697206441, 0.0077560399659, 0.0135192582384, 4.08763589803e-05, 1.25736751215e-05],
        "mean": [6.05692002864e-06, 0.00169900071342, 0.00409840140492, 0.00165556604043, 0.00196021841839, 0.00162629317492, 0.000294612342259, 0.000719069736078, 0.00219247094356, 0.00131963402964, 0.000603030901402, 0.00108794332482, 0.000635209667962, 0.000475463777548, 0.000327969086356, 0.000278178195003, 0.000333984993631, 0.000331225193804, 0.000190019854927, 0.000169283317518, 0.000114800066513, 0.000123546167742, 0.000141735436046, 0.000323006825056, 0.000444018049166, 4.92449828471e-07, 1.5313307955e-08],
        "min": [1.48028221625e-11, 8.42896794029e-11, 5.222638641e-11, 5.87055491025e-12, 8.98310592579e-11, 1.80010728545e-10, 1.40158606943e-10, 1.55689114378e-10, 5.02052843743e-11, 4.86353284035e-11, 9.11023895211e-11, 1.28295996049e-09, 2.37680497506e-09, 3.10413278415e-10, 9.62330423682e-11, 3.38529204669e-11, 5.93372365132e-11, 5.08073250138e-10, 8.19817824738e-11, 3.92311294561e-10, 3.97887361947e-10, 7.90244050752e-11, 8.16422138228e-11, 1.45166323406e-10, 9.21086262817e-11, 1.17657120158e-10, 1.18785009606e-10],
        "stdev": [1.09742295535e-05, 0.00358334346674, 0.00795282609761, 0.00321092945524, 0.00348885799758, 0.00539704691619, 0.000572139862925, 0.0015959222801, 0.00494587933645, 0.00202026194893, 0.00128745683469, 0.00397610384971, 0.00209403014742, 0.00105453946162, 0.000421589997131, 0.000377088552341, 0.000607445370406, 0.000606717425399, 0.000271633936791, 0.00025174106122, 0.000172589687281, 0.000231217505643, 0.000266827846644, 0.000906576169655, 0.00146395491902, 2.60045044342e-06, 4.24067906124e-07]
    },
    "erbbands": {
        "max": [0.501999616623, 8.28328418732, 68.6005554199, 95.5925064087, 74.5104141235, 102.782684326, 478.45489502, 388.853668213, 67.6578445435, 258.849609375, 385.938446045, 2054.85961914, 677.231506348, 266.986022949, 1283.33679199, 3136.17944336, 1289.04528809, 525.90802002, 566.969299316, 359.552490234, 244.504516602, 443.430511475, 418.96206665, 134.186126709, 168.916534424, 105.151138306, 66.2545394897, 54.3408164978, 96.1601028442, 64.7087173462, 55.3866233826, 107.341499329, 159.209121704, 248.204467773, 98.372177124, 6.15215873718, 0.139625579119, 0.00824315752834, 0.00185053830501, 0.000277552026091],
        "mean": [0.025601701811, 0.522074282169, 3.72120690346, 5.92183828354, 6.48439979553, 5.54981040955, 12.416975975, 11.453625679, 4.56676435471, 7.67627048492, 20.9781284332, 49.9995384216, 49.2821807861, 32.7125434875, 27.6817932129, 46.2651786804, 29.8978977203, 25.7533664703, 19.8759250641, 16.0852565765, 16.5583629608, 19.122051239, 18.7219467163, 12.737947464, 8.78819179535, 8.1557970047, 5.81521701813, 3.76070904732, 4.29244565964, 4.44151639938, 4.08577919006, 5.3694653511, 6.22201490402, 5.78240060806, 2.62769675255, 0.154675811529, 0.00415129121393, 0.000295204285067, 5.21341971762e-05, 3.43490464729e-05],
        "min": [4.32312941001e-09, 1.47010110751e-08, 6.18910789285e-08, 3.44246444683e-08, 9.30137815658e-08, 4.02205245109e-07, 6.63597404582e-07, 1.73710998297e-06, 1.85714293366e-06, 2.80767631011e-06, 2.99273847304e-06, 1.40759118494e-06, 1.5139964944e-06, 1.98525663109e-06, 8.38015148474e-06, 6.6071836045e-05, 0.000118113814096, 3.22447194776e-05, 5.90409126744e-06, 3.66821245734e-06, 2.47902266892e-06, 3.46040997101e-06, 1.50227206177e-05, 2.16307107621e-05, 2.64049663201e-06, 1.41322561831e-05, 2.78624502243e-05, 9.00241957424e-06, 2.65691460299e-06, 2.4820312774e-06, 2.12650479625e-06, 2.0968982426e-06, 3.05087587549e-06, 9.57867314355e-07, 7.44945396036e-07, 4.60606258912e-07, 2.0003645318e-07, 8.70441496659e-08, 1.75310912454e-08, 1.57216095698e-09],
        "stdev": [0.0459443069994, 1.0755314827, 7.24652481079, 10.9871692657, 10.8380537033, 10.9842472076, 40.2907600403, 36.7050170898, 8.76978683472, 17.7044143677, 36.4592475891, 128.998916626, 74.827331543, 37.4414863586, 68.7821350098, 179.547729492, 82.4943466187, 49.0884170532, 37.4146957397, 20.3144435883, 23.5901470184, 34.8353500366, 34.570022583, 17.6652622223, 13.2528066635, 12.317735672, 8.3529291153, 5.86694574356, 8.13585758209, 8.20086193085, 7.93425369263, 13.188706398, 19.3414535522, 19.6631889343, 9.19013500214, 0.578070998192, 0.0146489990875, 0.00098401226569, 0.000140245712828, 4.34134453826e-05]
    },
    "gfcc": {
        "mean": [-53.6532897949, 73.8199539185, -187.613861084, 13.7767162323, -85.9011993408, 20.028547287, -41.4367523193, 11.6206531525, -18.1963253021, -15.3626937866, -10.6785078049, -19.0214672089, -0.33681204915],
        "cov": [[9053.45996094, 1081.37426758, 5071.92041016, 3219.47387695, 1058.56298828, 1229.24169922, -374.37387085, 168.063278198, -961.605041504, 329.495819092, 147.128433228, 279.340118408, -253.862625122], [1081.37426758, 757.294067383, 613.937438965, 526.424255371, 271.150848389, 123.90423584, 64.0440750122, -28.1331424713, -97.056854248, -21.6078948975, 65.4801101685, 7.31998491287, -20.7510662079], [5071.92041016, 613.937438965, 3997.03417969, 2360.69287109, 799.430786133, 897.082336426, -365.222442627, 127.623397827, -728.247375488, 338.35635376, 85.274520874, 218.507202148, -169.927215576], [3219.47387695, 526.424255371, 2360.69287109, 1571.7598877, 551.316223145, 515.293823242, -220.229888916, 26.8492603302, -438.012695312, 177.743087769, 70.6195144653, 129.685699463, -118.529060364], [1058.56298828, 271.150848389, 799.430786133, 551.316223145, 302.610076904, 229.163772583, -27.0573329926, 33.0481452942, -145.739532471, 51.79454422, 22.5520191193, 33.7323112488, -47.0542030334], [1229.24169922, 123.90423584, 897.082336426, 515.293823242, 229.163772583, 336.710754395, 0.995546519756, 69.8669204712, -172.335525513, 78.3706741333, 25.9692497253, 43.5791816711, -56.6617584229], [-374.37387085, 64.0440750122, -365.222442627, -220.229888916, -27.0573329926, 0.995546519756, 191.418792725, 49.3209609985, 91.4246520996, -38.0509681702, 11.4120578766, -32.2296867371, 3.04043960571], [168.063278198, -28.1331424713, 127.623397827, 26.8492603302, 33.0481452942, 69.8669204712, 49.3209609985, 105.362831116, 19.5139064789, 28.4110870361, -4.36011457443, 0.900030314922, -6.60421991348], [-961.605041504, -97.056854248, -728.247375488, -438.012695312, -145.739532471, -172.335525513, 91.4246520996, 19.5139064789, 205.720306396, -40.6022605896, -13.0600690842, -49.9545288086, 31.7313194275], [329.495819092, -21.6078948975, 338.35635376, 177.743087769, 51.79454422, 78.3706741333, -38.0509681702, 28.4110870361, -40.6022605896, 85.797203064, 13.0421762466, 27.1081886292, -16.5464859009], [147.128433228, 65.4801101685, 85.274520874, 70.6195144653, 22.5520191193, 25.9692497253, 11.4120578766, -4.36011457443, -13.0600690842, 13.0421762466, 56.3373374939, 24.4691848755, -12.3378667831], [279.340118408, 7.31998491287, 218.507202148, 129.685699463, 33.7323112488, 43.5791816711, -32.2296867371, 0.900030314922, -49.9545288086, 27.1081886292, 24.4691848755, 53.7689971924, 1.85542726517], [-253.862625122, -20.7510662079, -169.927215576, -118.529060364, -47.0542030334, -56.6617584229, 3.04043960571, -6.60421991348, 31.7313194275, -16.5464859009, -12.3378667831, 1.85542726517, 51.8911933899]],
        "icov": [[0.000540623208508, -0.000308032467728, 1.78968475666e-05, -0.00103417201899, 0.00102107913699, -0.000795162981376, 0.000325403409079, -0.000868892704602, 0.000276753853541, 0.000713804212864, 0.000121962832054, -0.000298300903523, 0.000244052542257], [-0.000308032467728, 0.00469881808385, -0.0011966197053, -0.000684590952005, -0.00397361814976, 0.00363264116459, -0.00473071169108, 0.00355773535557, -0.00124210712966, 0.0024818549864, -0.00409336620942, 0.00370889599435, -0.00357178132981], [1.78968475666e-05, -0.0011966197053, 0.00585677614436, -0.00597585039213, 0.00303577352315, -0.00363375409506, 0.00342835509218, -0.00595706608146, 0.00523242680356, -0.00418414501473, 0.00095906725619, 0.000458691967651, -0.00135806191247], [-0.00103417201899, -0.000684590952005, -0.00597585039213, 0.0133903883398, -0.00767150754109, 0.00315522914752, 0.000335404503858, 0.00622856337577, -0.00267816125415, -4.96949505759e-05, -0.000775121210609, -0.00245806924067, 0.00447133323178], [0.00102107913699, -0.00397361814976, 0.00303577352315, -0.00767150754109, 0.0172171834856, -0.00837976764888, 0.00319395866245, -0.00582400197163, 0.0013457959285, 0.000409238942666, 0.00406629173085, -0.00145985232666, 0.00168469862547], [-0.000795162981376, 0.00363264116459, -0.00363375409506, 0.00315522914752, -0.00837976764888, 0.0186018124223, -0.0100076533854, 0.000255954713793, 0.00577808124945, -0.00213424745016, -0.00282791838981, 0.00265979603864, 0.00122124305926], [0.000325403409079, -0.00473071169108, 0.00342835509218, 0.000335404503858, 0.00319395866245, -0.0100076533854, 0.0184443742037, -0.00923889596015, -0.00132983119693, 0.00183214026038, -0.00252430816181, 0.000444205914391, 0.00218637706712], [-0.000868892704602, 0.00355773535557, -0.00595706608146, 0.00622856337577, -0.00582400197163, 0.000255954713793, -0.00923889596015, 0.0261294059455, -0.0129414349794, -0.000584480178077, 0.00362391676754, -0.00267212861218, -0.000558739702683], [0.000276753853541, -0.00124210712966, 0.00523242680356, -0.00267816125415, 0.0013457959285, 0.00577808124945, -0.00132983119693, -0.0129414349794, 0.0265163592994, -0.0089947367087, -0.00394937256351, 0.00887303985655, -0.00250426842831], [0.000713804212864, 0.0024818549864, -0.00418414501473, -4.96949505759e-05, 0.000409238942666, -0.00213424745016, 0.00183214026038, -0.000584480178077, -0.0089947367087, 0.027005713433, -0.00386772933416, -0.00461851386353, 0.00188527046703], [0.000121962832054, -0.00409336620942, 0.00095906725619, -0.000775121210609, 0.00406629173085, -0.00282791838981, -0.00252430816181, 0.00362391676754, -0.00394937256351, -0.00386772933416, 0.0340564660728, -0.0215546134859, 0.0115881972015], [-0.000298300903523, 0.00370889599435, 0.000458691967651, -0.00245806924067, -0.00145985232666, 0.00265979603864, 0.000444205914391, -0.00267212861218, 0.00887303985655, -0.00461851386353, -0.0215546134859, 0.0437277294695, -0.0164613425732], [0.000244052542257, -0.00357178132981, -0.00135806191247, 0.00447133323178, 0.00168469862547, 0.00122124305926, 0.00218637706712, -0.000558739702683, -0.00250426842831, 0.00188527046703, 0.0115881972015, -0.0164613425732, 0.0329411588609]]
    },
    "melbands": {
        "max": [0.00607438199222, 0.0259451176971, 0.0138461748138, 0.00656279921532, 0.013118987903, 0.0088048344478, 0.00121662765741, 0.00387884280644, 0.00304665463045, 0.0147129800171, 0.00322303618304, 0.00145753158722, 0.00437688920647, 0.00548244733363, 0.00570507813245, 0.00135428714566, 0.00118892092723, 0.00122717698105, 0.000360384001397, 0.000374677591026, 0.00033747361158, 0.000435395020759, 0.000400845048716, 0.000543063273653, 0.000104523613118, 0.000162066047778, 9.26550710574e-05, 7.91275742813e-05, 4.34259527538e-05, 4.93661391374e-05, 2.7094150937e-05, 4.25167381763e-05, 6.48825662211e-05, 3.45216431015e-05, 3.16668847518e-05, 4.9923073675e-05, 8.77295533428e-05, 0.000117328032502, 0.000247440271778, 0.000181724855793],
        "mean": [0.000357417069608, 0.00151992426254, 0.00105547998101, 0.000418225943577, 0.000392710091546, 0.000264365720795, 6.4738545916e-05, 9.48460874497e-05, 0.000190618724446, 0.000332345953211, 0.000245168368565, 0.000135580979986, 8.39387066662e-05, 0.000113144429633, 0.000105086211988, 5.69435687794e-05, 4.59714428871e-05, 3.29818067257e-05, 2.35664920183e-05, 1.9423187041e-05, 1.90554110304e-05, 2.04376592592e-05, 1.67498837982e-05, 1.65186174854e-05, 9.60673060035e-06, 6.68896291245e-06, 5.92716742176e-06, 5.23532480656e-06, 3.86333113056e-06, 2.6430179787e-06, 2.00138947548e-06, 2.24521113523e-06, 2.70434543381e-06, 2.39000678448e-06, 2.25942994803e-06, 2.59089415522e-06, 3.55434599442e-06, 4.1971857172e-06, 4.87305351271e-06, 4.86289218316e-06],
        "min": [4.49513655465e-11, 2.66719736575e-11, 7.14373178667e-12, 1.79332451666e-11, 2.2604099148e-11, 3.81462084142e-11, 2.90648373424e-11, 3.36845065729e-11, 2.06184340434e-11, 7.63757373318e-12, 7.17413845344e-12, 6.99251290551e-12, 1.51185522435e-11, 9.4633190173e-11, 2.78989303881e-10, 1.98899466342e-10, 4.28183044576e-11, 7.30312425118e-12, 6.35708239521e-12, 2.63111060717e-12, 3.20802065468e-12, 2.84046766143e-12, 5.17713346151e-12, 2.69396831232e-11, 1.71114372671e-11, 2.11247230646e-12, 8.4202507163e-13, 1.27064331279e-11, 2.00558961799e-11, 1.29002711291e-11, 2.82774953626e-12, 1.78933289626e-12, 8.13073837858e-13, 1.52399501439e-12, 1.30728717782e-12, 1.02462580521e-12, 1.24470290845e-12, 2.3632640983e-12, 1.33488825462e-12, 6.38000340492e-13],
        "stdev": [0.000708638573997, 0.00285252905451, 0.00182570784818, 0.000708831241354, 0.00117773236707, 0.000850301643368, 0.00012498992146, 0.000235486339079, 0.000341042148648, 0.000862949586008, 0.000375193252694, 0.000162021882716, 0.000201734888833, 0.000373343733372, 0.000431296299212, 0.000120952245197, 9.85848455457e-05, 7.61680203141e-05, 2.75687089015e-05, 2.57159663306e-05, 2.9317159715e-05, 3.95313072659e-05, 3.00303690892e-05, 3.75175040972e-05, 1.31174820126e-05, 1.07795067379e-05, 9.25898439164e-06, 8.20416880742e-06, 5.62980676477e-06, 4.20801370637e-06, 3.22098685501e-06, 3.9572573769e-06, 5.82992834097e-06, 4.42053078586e-06, 4.40412395619e-06, 5.7280085457e-06, 9.1413685368e-06, 1.29441805257e-05, 1.7373553419e-05, 1.64859775396e-05]
    },
    "melbands128": {
        "max": [5.57120947633e-05, 0.002028912073, 0.0112335775048, 0.0170271527022, 0.0376863926649, 0.0329045020044, 0.0232212767005, 0.0151836425066, 0.0078212916851, 0.0104655409232, 0.00553606729954, 0.00945596955717, 0.0192843060941, 0.0262361764908, 0.0135157899931, 0.00690043158829, 0.00153715955094, 0.00144207384437, 0.00242945505306, 0.00217882660218, 0.00827883183956, 0.00418700184673, 0.00365125015378, 0.0090408064425, 0.0164065081626, 0.0325352549553, 0.00509668421, 0.00589968170971, 0.00633736234158, 0.00179872708395, 0.00189533736557, 0.00153614813462, 0.00696891732514, 0.00548258516937, 0.00607123132795, 0.00835763197392, 0.018467605114, 0.00667827343568, 0.00920734368265, 0.0012859555427, 0.00241851434112, 0.00210631429218, 0.00139545870479, 0.00234264321625, 0.00342178391293, 0.00130263739266, 0.0004605766444, 0.000469894876005, 0.00036807829747, 0.00109452498145, 0.000288057111902, 0.000506947690155, 0.000448583916295, 0.000800560577773, 0.000412671157392, 0.00084893516032, 0.000946485612076, 0.000768362369854, 0.000707624014467, 0.000377657910576, 0.00123268959578, 0.00018471221847, 0.000229998055147, 0.000108851578261, 0.000115426671982, 0.000325016619172, 0.000193348649191, 0.000106986946776, 0.000130379368784, 0.000157214424689, 0.000112990928756, 7.12216278771e-05, 6.12908625044e-05, 6.27794433967e-05, 8.39507993078e-05, 3.03067045024e-05, 9.60542674875e-05, 4.76473178423e-05, 3.4686167055e-05, 3.53407267539e-05, 3.06773727061e-05, 2.47746684181e-05, 0.00017348016263, 5.89033807046e-05, 4.54637811345e-05, 5.4012198234e-05, 3.76462594431e-05, 3.64043407899e-05, 4.14641181123e-05, 3.95560600737e-05, 3.78852782887e-05, 8.08201075415e-05, 9.40226600505e-05, 8.57487611938e-05, 0.000112387169793, 0.000152308886754, 0.000140080810525, 0.000188055986655, 0.000206458003959, 0.00046370117343, 0.000315276207402, 0.000142977543874, 0.000128503714222, 0.000223733688472, 0.000176515997737, 0.000162113225088, 4.27845043305e-05, 2.1003661459e-06, 1.00956597748e-07, 8.85469830791e-08, 8.17780048123e-08, 7.69623440533e-08, 7.24859106072e-08, 6.90512749202e-08, 6.61872476826e-08, 6.35875920807e-08, 6.13447781461e-08, 5.91961999419e-08, 5.75604630626e-08, 5.56833228416e-08, 5.43713731815e-08, 5.29065502519e-08, 5.1838977555e-08, 5.09310815744e-08, 5.0175529509e-08, 4.9481791109e-08, 4.90228764249e-08, 4.87449618447e-08],
        "mean": [4.28639714301e-06, 9.76072478807e-05, 0.000489998434205, 0.00087882974185, 0.00165535393171, 0.00209306320176, 0.00124089699239, 0.000778026878834, 0.000695748138241, 0.000377237738576, 0.000254569022218, 0.000310279749101, 0.000448825856438, 0.000492517952807, 0.000293454620987, 0.000127140665427, 7.14385823812e-05, 5.32124831807e-05, 5.49989345018e-05, 7.66797093092e-05, 0.000121338540339, 0.000132290966576, 0.000201433402253, 0.000235891100601, 0.000311139767291, 0.000424134748755, 0.000277752056718, 0.000233366838074, 0.000206130789593, 0.000152487875312, 0.00011687305232, 8.58304119902e-05, 7.17469010851e-05, 9.26045540837e-05, 9.18351870496e-05, 0.000121704957564, 0.00014679589367, 0.000121775337902, 7.12207038305e-05, 4.3410112994e-05, 6.70384179102e-05, 4.97636974615e-05, 4.94739470014e-05, 4.03843005188e-05, 3.91787216358e-05, 3.22949272231e-05, 2.54746992141e-05, 2.45937062573e-05, 2.08905203181e-05, 2.30277692026e-05, 1.62281558005e-05, 2.0660334485e-05, 1.89572601812e-05, 1.88277281268e-05, 1.86396864592e-05, 2.3710044843e-05, 1.79586368176e-05, 1.71143019543e-05, 1.58210514201e-05, 1.68145979842e-05, 2.03472791327e-05, 1.21899765873e-05, 1.17420377137e-05, 8.17353338789e-06, 7.26479265722e-06, 7.25687323211e-06, 5.93372305957e-06, 5.70909423914e-06, 5.82268648941e-06, 6.25927623332e-06, 5.59033787795e-06, 4.68365578854e-06, 3.884455964e-06, 4.00727913075e-06, 3.35769823323e-06, 2.91903756988e-06, 2.13415773942e-06, 2.15133854908e-06, 1.91761137103e-06, 1.93037294594e-06, 2.03758168027e-06, 2.12554778045e-06, 3.26955273522e-06, 2.65464200311e-06, 2.40295162257e-06, 2.56232192442e-06, 2.26212841881e-06, 2.35057154896e-06, 2.30373689192e-06, 2.13454973164e-06, 2.24676114158e-06, 2.77104709312e-06, 3.08968083118e-06, 3.33754019266e-06, 4.09096537624e-06, 4.04585534852e-06, 4.27322902397e-06, 4.30672662333e-06, 4.50258858109e-06, 5.47867739442e-06, 5.52516257812e-06, 4.80417202198e-06, 3.95141933041e-06, 3.98856172978e-06, 3.48598314304e-06, 2.66757319878e-06, 5.89523267536e-07, 2.57068037968e-08, 1.29870891818e-10, 1.07572610542e-10, 9.94424056988e-11, 9.87670639718e-11, 9.33664812131e-11, 8.9306131934e-11, 8.59243856621e-11, 8.0756200338e-11, 7.47372025378e-11, 7.21843487761e-11, 7.02468985758e-11, 6.79883510601e-11, 6.63396629297e-11, 6.45835468438e-11, 6.33500057967e-11, 6.21995371874e-11, 6.08897723908e-11, 5.93214158351e-11, 5.83812928556e-11, 5.79940921674e-11],
        "min": [7.35343209934e-12, 4.94952898111e-11, 1.88511446036e-11, 2.69738658493e-11, 3.62727695102e-11, 2.1242023765e-11, 6.18205703642e-12, 2.73211119527e-12, 6.87490082224e-12, 2.00881394852e-11, 2.52835703762e-11, 1.84507548129e-11, 1.89335491729e-11, 3.07700080693e-11, 4.08229353099e-11, 4.3737763411e-11, 3.13898108895e-11, 2.34605303934e-11, 2.97897713442e-11, 3.02988849288e-11, 3.6068110304e-11, 4.36280178651e-11, 1.13661198509e-11, 8.61635849475e-12, 1.21136555647e-11, 4.23009370587e-12, 4.31216260616e-12, 9.93679791228e-12, 8.351619743e-12, 2.76134844157e-12, 1.0372444223e-11, 7.10742619273e-12, 8.93886960979e-12, 2.48000561059e-11, 4.00818232771e-11, 8.33106153508e-11, 2.34338465299e-10, 2.50410941982e-10, 3.61403712512e-10, 3.10079961707e-10, 1.37157826763e-10, 8.18110856837e-11, 5.59390207766e-11, 1.19276004004e-11, 4.48753317492e-12, 8.55641252295e-12, 8.79568553408e-12, 4.43417481552e-12, 7.95965810624e-12, 4.03245535921e-12, 1.48569242846e-12, 1.26324688557e-12, 3.01558170795e-12, 4.24935607535e-12, 3.16093722377e-12, 2.02023358979e-12, 2.70304395186e-12, 5.82156111512e-12, 7.26970436973e-12, 1.96224742184e-12, 2.17131191499e-11, 6.01953348278e-11, 1.87900910109e-11, 7.0893460373e-12, 6.73606960142e-12, 2.41136131245e-13, 8.46958299935e-13, 8.47359400528e-13, 7.20235232132e-13, 7.26503492782e-13, 8.62827344295e-12, 1.57285053037e-11, 3.59615254242e-11, 1.29653206574e-11, 1.45320890738e-11, 1.94800547221e-11, 1.00934668609e-11, 1.70506133084e-12, 1.7553782863e-12, 3.4958689589e-12, 2.52783926603e-12, 9.70346849746e-13, 4.11487792625e-13, 4.8982318852e-13, 1.29431610828e-12, 2.12062420575e-12, 1.03980365984e-12, 1.42850857011e-12, 1.7376983099e-12, 8.33827039533e-13, 9.36814970216e-13, 1.00845904977e-12, 1.26076124367e-12, 1.28292439606e-12, 1.36812913429e-12, 1.1749175851e-12, 3.46913470173e-12, 2.68747806127e-12, 1.12838807308e-12, 7.34604542994e-13, 7.1017849804e-13, 5.23243286806e-13, 6.88151467233e-13, 9.47210083806e-13, 7.92147976988e-13, 8.32486369336e-13, 1.08967826082e-12, 7.74830991469e-13, 5.62044063634e-13, 7.47155809444e-13, 6.68554079285e-13, 6.35325288472e-13, 5.12492067013e-13, 5.98270510823e-13, 6.81075421755e-13, 8.55616467434e-13, 6.46607496279e-13, 6.53784101509e-13, 6.09596954079e-13, 4.54853440069e-13, 5.03530919217e-13, 5.06527382971e-13, 7.55833546792e-13, 5.71061427312e-13, 2.95735983445e-13, 1.21226067921e-13, 1.949782939e-14, 8.09126052343e-16],
        "stdev": [7.83175164543e-06, 0.000170105486177, 0.00101272726897, 0.00204328726977, 0.00350622739643, 0.00412623258308, 0.00245622568764, 0.00159656861797, 0.00118864385877, 0.000786878284998, 0.000573970784899, 0.000875381287187, 0.00158970046323, 0.00217009219341, 0.001057010144, 0.000413358939113, 0.000171251827851, 0.000135071430122, 0.000142769771628, 0.000191441882635, 0.000450852472568, 0.000276344479062, 0.000401847006287, 0.00060261937324, 0.00100432604086, 0.00152988429181, 0.000480543385493, 0.000513488077559, 0.000407343934057, 0.000213787774555, 0.000197798610316, 0.000148330698721, 0.000272515695542, 0.000335296295816, 0.000375911418814, 0.000538797467016, 0.000925637199543, 0.000583130808081, 0.000488366931677, 8.20032946649e-05, 0.000182935909834, 0.00013191983453, 0.000130325526698, 0.00013148545986, 0.000166309589986, 7.68585887272e-05, 3.96578834625e-05, 3.6184934288e-05, 2.7050044082e-05, 5.0904967793e-05, 2.39683249674e-05, 3.80842029699e-05, 3.46560664184e-05, 4.12986155425e-05, 3.09586976073e-05, 6.45422260277e-05, 4.38281276729e-05, 4.14108908444e-05, 3.73176626454e-05, 3.49809743057e-05, 7.43513082853e-05, 2.05720170925e-05, 2.20463371079e-05, 1.25307051348e-05, 1.01295081549e-05, 1.65568271768e-05, 1.15080856631e-05, 1.02148387668e-05, 1.02432450149e-05, 1.3100158867e-05, 1.01153755168e-05, 8.023139344e-06, 6.42380655336e-06, 6.41879523755e-06, 6.02394538873e-06, 4.65902758151e-06, 4.7073181122e-06, 3.98489191866e-06, 3.40496421813e-06, 3.34505057253e-06, 3.3727922073e-06, 3.53267205355e-06, 1.05375092971e-05, 5.97823236603e-06, 4.79954724142e-06, 5.14479279445e-06, 4.55537156085e-06, 4.8721967687e-06, 4.73294949188e-06, 4.5378978939e-06, 4.96377697345e-06, 6.87638839736e-06, 8.34695583762e-06, 8.61434455146e-06, 1.15146085591e-05, 1.30598837131e-05, 1.44491596075e-05, 1.56043315656e-05, 1.59117298608e-05, 2.51453984674e-05, 2.14546180359e-05, 1.6114430764e-05, 1.31045171656e-05, 1.50417008626e-05, 1.37543856908e-05, 1.09773400254e-05, 2.63559377345e-06, 1.28805851318e-07, 3.40502448459e-09, 2.98639513119e-09, 2.75810663197e-09, 2.59787280577e-09, 2.44643394431e-09, 2.3300714691e-09, 2.23388196829e-09, 2.14530615494e-09, 2.06895678367e-09, 1.99648719779e-09, 1.94131533071e-09, 1.87800708318e-09, 1.83376414054e-09, 1.78435910492e-09, 1.74834913214e-09, 1.71772607249e-09, 1.69226432867e-09, 1.66887859088e-09, 1.6534243974e-09, 1.64405644654e-09]
    },
    "mfcc": {
        "mean": [-665.538635254, 92.6321105957, -42.6010704041, -14.9695138931, -16.1243133545, -10.3129816055, -7.23652553558, 6.08116054535, 0.240027025342, 2.32920074463, -2.638869524, -4.4215836525, -8.78078842163],
        "cov": [[6444.41748047, 231.772735596, 3528.30029297, 1985.52294922, 1673.93383789, 991.324462891, 1058.0123291, 153.465438843, -218.179946899, -176.488937378, 4.53285837173, 171.524337769, 219.940444946], [231.772735596, 442.844604492, 16.0479946136, 156.116882324, 45.9044456482, 69.8186187744, 81.2376785278, 68.9719619751, -3.74411082268, 21.3304080963, -5.33376550674, 7.18730020523, -1.55551147461], [3528.30029297, 16.0479946136, 3066.8515625, 1561.55554199, 1410.21154785, 767.016540527, 817.142272949, 6.93738269806, -138.938949585, -147.657821655, -29.9891853333, 135.166610718, 227.209533691], [1985.52294922, 156.116882324, 1561.55554199, 1021.88641357, 804.391601562, 442.458343506, 415.778717041, 10.0918054581, -107.350875854, -87.3282775879, -36.4928474426, 84.1299591064, 125.678955078], [1673.93383789, 45.9044456482, 1410.21154785, 804.391601562, 786.486572266, 401.10635376, 395.113464355, 6.10650777817, -70.1414642334, -75.3386993408, -27.6588516235, 70.9444961548, 107.292709351], [991.324462891, 69.8186187744, 767.016540527, 442.458343506, 401.10635376, 297.949645996, 269.974945068, 30.9301967621, -46.7196617126, -33.8403167725, -3.74839901924, 42.3101539612, 54.0970687866], [1058.0123291, 81.2376785278, 817.142272949, 415.778717041, 395.113464355, 269.974945068, 347.517272949, 76.6399765015, -20.4708538055, -19.3225746155, 18.0006656647, 41.1547698975, 56.0524711609], [153.465438843, 68.9719619751, 6.93738269806, 10.0918054581, 6.10650777817, 30.9301967621, 76.6399765015, 97.7267303467, 26.8328037262, 26.3503932953, 32.6653862, 13.282538414, 0.722147583961], [-218.179946899, -3.74411082268, -138.938949585, -107.350875854, -70.1414642334, -46.7196617126, -20.4708538055, 26.8328037262, 98.7735519409, 45.7589225769, 26.9340496063, -7.15700340271, -15.7566957474], [-176.488937378, 21.3304080963, -147.657821655, -87.3282775879, -75.3386993408, -33.8403167725, -19.3225746155, 26.3503932953, 45.7589225769, 71.0987701416, 34.4903373718, 3.15485501289, -12.1502065659], [4.53285837173, -5.33376550674, -29.9891853333, -36.4928474426, -27.6588516235, -3.74839901924, 18.0006656647, 32.6653862, 26.9340496063, 34.4903373718, 69.8904724121, 22.6555767059, 1.48147165775], [171.524337769, 7.18730020523, 135.166610718, 84.1299591064, 70.9444961548, 42.3101539612, 41.1547698975, 13.282538414, -7.15700340271, 3.15485501289, 22.6555767059, 54.7949905396, 33.5257377625], [219.940444946, -1.55551147461, 227.209533691, 125.678955078, 107.292709351, 54.0970687866, 56.0524711609, 0.722147583961, -15.7566957474, -12.1502065659, 1.48147165775, 33.5257377625, 62.5872993469]],
        "icov": [[0.000531913770828, 4.40208987129e-06, -0.000448144623078, -0.000407137325965, 9.6691204817e-05, -0.00011154418462, 3.51948328898e-05, -0.000843754736707, 0.000427202205174, 0.000252684665611, -0.000314623321174, -3.17022349918e-05, 0.000665242609102], [4.40208987129e-06, 0.00363688333891, 0.00123828370124, -0.00265727378428, 0.000986231025308, -6.9776273449e-05, -0.00159798155073, -0.00130878842901, -1.77131096279e-05, -0.00134914962109, 0.00148102920502, 4.2909552576e-05, 0.000407008774346], [-0.000448144623078, 0.00123828370124, 0.00396998506039, -0.00246564066038, -0.00185402808711, 0.00100435456261, -0.00449819164351, 0.00341941718943, -0.000999377691187, 0.000250392244197, -0.000539010157809, 0.000823928567115, -0.00218767067418], [-0.000407137325965, -0.00265727378428, -0.00246564066038, 0.00924850441515, -0.00430960999802, -0.00244277669117, 0.00402458524331, -0.00103186548222, 0.00201297388412, -0.000118006930279, 0.000869361159857, -0.0010966147529, -0.0012983137276], [9.6691204817e-05, 0.000986231025308, -0.00185402808711, -0.00430960999802, 0.0112660257146, -0.00327086239122, -0.00162005843595, 0.00125571573153, -0.00233890675008, 0.000891116680577, 0.0022626016289, -0.0020934434142, 0.000671654939651], [-0.00011154418462, -6.9776273449e-05, 0.00100435456261, -0.00244277669117, -0.00327086239122, 0.0185043476522, -0.0102914310992, 0.0025091606658, 0.00261411326937, -0.00103806005791, 0.000608988979366, -0.00252482783981, 0.00224502081983], [3.51948328898e-05, -0.00159798155073, -0.00449819164351, 0.00402458524331, -0.00162005843595, -0.0102914310992, 0.0213611889631, -0.0123295616359, 0.000332076422637, 0.000588848139159, -0.00244086794555, 0.0035659878049, -0.000885743531398], [-0.000843754736707, -0.00130878842901, 0.00341941718943, -0.00103186548222, 0.00125571573153, 0.0025091606658, -0.0123295616359, 0.0241511259228, -0.00398386316374, -0.00139420328196, -0.00344986678101, -0.00280833733268, -0.000654381758068], [0.000427202205174, -1.77131096279e-05, -0.000999377691187, 0.00201297388412, -0.00233890675008, 0.00261411326937, 0.000332076422637, -0.00398386316374, 0.0173216983676, -0.00843308866024, -0.00183246727102, 0.00272752344608, 0.000888831680641], [0.000252684665611, -0.00134914962109, 0.000250392244197, -0.000118006930279, 0.000891116680577, -0.00103806005791, 0.000588848139159, -0.00139420328196, -0.00843308866024, 0.0265176817775, -0.00873924233019, -0.00122826860752, 0.00115446187556], [-0.000314623321174, 0.00148102920502, -0.000539010157809, 0.000869361159857, 0.0022626016289, 0.000608988979366, -0.00244086794555, -0.00344986678101, -0.00183246727102, -0.00873924233019, 0.0269306283444, -0.0127927754074, 0.00323141994886], [-3.17022349918e-05, 4.2909552576e-05, 0.000823928567115, -0.0010966147529, -0.0020934434142, -0.00252482783981, 0.0035659878049, -0.00280833733268, 0.00272752344608, -0.00122826860752, -0.0127927754074, 0.0367879495025, -0.0170216485858], [0.000665242609102, 0.000407008774346, -0.00218767067418, -0.0012983137276, 0.000671654939651, 0.00224502081983, -0.000885743531398, -0.000654381758068, 0.000888831680641, 0.00115446187556, 0.00323141994886, -0.0170216485858, 0.0313971973956]]
    },
    "spectral_contrast_coeffs": {
        "max": [-0.49593052268, -0.522740066051, -0.54377412796, -0.669084310532, -0.710463643074, -0.720401704311],
        "mean": [-0.713427662849, -0.761588275433, -0.771975874901, -0.82625079155, -0.80235427618, -0.785083115101],
        "min": [-0.927572548389, -0.951188862324, -0.911597251892, -0.89892989397, -0.872728765011, -0.886481046677],
        "stdev": [0.0625170245767, 0.0662058442831, 0.0584656894207, 0.035602081567, 0.0281692892313, 0.0276160407811]
    },
    "spectral_contrast_valleys": {
        "max": [-4.71212816238, -5.22181272507, -5.58872842789, -5.83431100845, -5.84548187256, -7.51648807526],
        "mean": [-8.36816215515, -6.87881994247, -6.85281562805, -7.11332798004, -7.45465707779, -10.1892147064],
        "min": [-14.1304588318, -13.4757862091, -14.2160320282, -14.1772785187, -14.2821865082, -16.0903549194],
        "stdev": [2.1082713604, 0.612229824066, 0.538123250008, 0.45326846838, 0.669143021107, 1.19242119789]
    }
},
"rhythm": {
    "beats_count": 33,
    "beats_loudness": {
        "max": 0.120723955333,
        "mean": 0.0296903140843,
        "min": 0.00148965779226,
        "stdev": 0.0296439062804
    },
    "bpm": 104.456466675,
    "bpm_histogram_first_peak_bpm": 105,
    "bpm_histogram_first_peak_weight": 0.600000023842,
    "bpm_histogram_second_peak_bpm": 92,
    "bpm_histogram_second_peak_spread": 0,
    "bpm_histogram_second_peak_weight": 0.25,
    "danceability": 0.860736310482,
    "onset_rate": 1.57051289082,
    "beats_loudness_band_ratio": {
        "max": [0.862964868546, 0.694972574711, 0.88843023777, 0.644355654716, 0.5775385499, 0.0838267728686],
        "mean": [0.264888256788, 0.102499552071, 0.26789817214, 0.253244042397, 0.120330825448, 0.0324759632349],
        "min": [8.71336960699e-05, 0.000403917074436, 0.0155178550631, 0.0187355801463, 0.011197832413, 0.00483707804233],
        "stdev": [0.313723385334, 0.154209002852, 0.221560135484, 0.190131098032, 0.113087274134, 0.0199074391276]
    },
    "beats_position": [0.557278871536, 1.13777780533, 1.70666658878, 2.27555561066, 2.8444442749, 3.42494320869, 3.99383211136, 4.5627207756, 5.13160991669, 5.70049858093, 6.25777769089, 6.81505680084, 7.37233543396, 7.94122457504, 8.498503685, 9.10222244263, 9.69433116913, 10.2980499268, 10.8901586533, 11.4822673798, 12.0859861374, 12.6780948639, 13.2818136215, 13.873922348, 14.4660310745, 15.1161899567, 15.7663488388, 16.4165077209, 17.0666656494, 17.7168254852, 18.3669834137, 19.0171432495, 19.6789112091],
