{
"metadata": {
    "version": {
        "essentia": "2.1-beta5",
        "essentia_git_sha": "Undefined",
        "extractor": "music 2.0"
    },
    "audio_properties": {
        "analysis": {
            "equal_loudness": 0,
            "length": 32.4963264465,
            "sample_rate": 44100,
            "start_time": 142.744674683,
            "downmix": "mix"
        },
        "bit_rate": 192000,
        "length": 195.628128052,
        "lossless": 0,
        "number_channels": 2,
        "replay_gain": 2.68815422058,
        "sample_rate": 48000,
        "codec": "mp3",
        "md5_encoded": "863ba20d55cafd31ed8bee2aed9afee7"
    },
    "tags": {
        "file_name": "Latvia_Dziesma Par Laimi_Fomins _ Kleins.mp3",
        "encoding": ["Lavf58.29.100"]
    }
},
"lowlevel": {
    "average_loudness": 0.919381022453,
    "barkbands_crest": {
        "max": 23.1012477875,
        "mean": 8.71548652649,
        "min": 2.40828990936,
        "stdev": 3.27917647362
    },
    "barkbands_flatness_db": {
        "max": 0.299845516682,
        "mean": 0.153045624495,
        "min": 0.069691374898,
        "stdev": 0.0351693406701
    },
    "barkbands_kurtosis": {
        "max": 51.7929496765,
        "mean": 2.3777961731,
        "min": -1.89542341232,
        "stdev": 5.16229057312
    },
    "barkbands_skewness": {
        "max": 6.43845176697,
        "mean": 1.30870592594,
        "min": -0.653576672077,
        "stdev": 1.00373101234
    },
    "barkbands_spread": {
        "max": 102.638336182,
        "mean": 24.5632534027,
        "min": 2.24108290672,
        "stdev": 14.0625267029
    },
    "dissonance": {
        "max": 0.499652057886,
        "mean": 0.471177697182,
        "min": 0.267958790064,
        "stdev": 0.0240135751665
    },
    "dynamic_complexity": 2.54787802696,
    "erbbands_crest": {
        "max": 23.7182197571,
        "mean": 7.57074117661,
        "min": 2.39287471771,
        "stdev": 3.40225100517
    },
    "erbbands_flatness_db": {
        "max": 0.303615927696,
        "mean": 0.160941585898,
        "min": 0.0850939527154,
        "stdev": 0.036199759692
    },
    "erbbands_kurtosis": {
        "max": 10.350528717,
        "mean": 0.376049280167,
        "min": -1.64806568623,
        "stdev": 1.37654817104
    },
    "erbbands_skewness": {
        "max": 1.92088568211,
        "mean": 0.0613731816411,
        "min": -1.58374023438,
        "stdev": 0.502639293671
    },
    "erbbands_spread": {
        "max": 129.049499512,
        "mean": 38.2023162842,
        "min": 5.64833688736,
        "stdev": 18.8383750916
    },
    "hfc": {
        "max": 216.083145142,
        "mean": 23.6590766907,
        "min": 0.707605361938,
        "stdev": 22.6202602386
    },
    "loudness_ebu128": {
        "integrated": -25.9130897522,
        "loudness_range": 4.66103744507,
        "momentary": {
            "max": -22.7038288116,
            "mean": -26.4411087036,
            "min": -34.0995941162,
            "stdev": 2.23644709587
        },
        "short_term": {
            "max": -23.5575847626,
            "mean": -26.3154506683,
            "min": -29.1635570526,
            "stdev": 1.68205606937
        }
    },
    "melbands_crest": {
        "max": 28.247926712,
        "mean": 13.5705270767,
        "min": 4.04049634933,
        "stdev": 4.73944616318
    },
    "melbands_flatness_db": {
        "max": 0.366921693087,
        "mean": 0.181195318699,
        "min": 0.0654402524233,
        "stdev": 0.050829757005
    },
    "melbands_kurtosis": {
        "max": 117.732627869,
        "mean": 10.0621776581,
        "min": -1.1513569355,
        "stdev": 12.6413984299
    },
    "melbands_skewness": {
        "max": 9.43141365051,
        "mean": 2.48005032539,
        "min": -0.70742726326,
        "stdev": 1.49137294292
    },
    "melbands_spread": {
        "max": 98.1655883789,
        "mean": 24.8856983185,
        "min": 1.77795529366,
        "stdev": 13.0422449112
    },
    "pitch_salience": {
        "max": 0.860278606415,
        "mean": 0.543581724167,
        "min": 0.149703264236,
        "stdev": 0.100525818765
    },
    "silence_rate_20dB": {
        "max": 1,
        "mean": 1,
        "min": 1,
        "stdev": 0
    },
    "silence_rate_30dB": {
        "max": 1,
        "mean": 0.995003581047,
        "min": 0,
        "stdev": 0.0705085247755
    },
    "silence_rate_60dB": {
        "max": 1,
        "mean": 0.00999286212027,
        "min": 0,
        "stdev": 0.0994646623731
    },
    "spectral_centroid": {
        "max": 3196.8684082,
        "mean": 1338.9317627,
        "min": 243.852539062,
        "stdev": 531.712280273
    },
    "spectral_complexity": {
        "max": 57,
        "mean": 22.6181297302,
        "min": 2,
        "stdev": 9.87099647522
    },
    "spectral_decrease": {
        "max": -4.50181864009e-10,
        "mean": -7.02489622029e-09,
        "min": -5.08404482957e-08,
        "stdev": 4.86440621117e-09
    },
    "spectral_energy": {
        "max": 0.198765128851,
        "mean": 0.0286595430225,
        "min": 0.00180251791608,
        "stdev": 0.019684817642
    },
    "spectral_energyband_high": {
        "max": 0.0210466142744,
        "mean": 0.00104139372706,
        "min": 5.12780889039e-06,
        "stdev": 0.00186485250015
    },
    "spectral_energyband_low": {
        "max": 0.14071765542,
        "mean": 0.0106624336913,
        "min": 0.000162217897014,
        "stdev": 0.0110837770626
    },
    "spectral_energyband_middle_high": {
        "max": 0.0710456222296,
        "mean": 0.00780365336686,
        "min": 0.000214240935748,
        "stdev": 0.00874538812786
    },
    "spectral_energyband_middle_low": {
        "max": 0.0625331327319,
        "mean": 0.0110937710851,
        "min": 0.000199054979021,
        "stdev": 0.00881877075881
    },
    "spectral_entropy": {
        "max": 8.63299560547,
        "mean": 7.72879505157,
        "min": 6.60905790329,
        "stdev": 0.315959841013
    },
    "spectral_flux": {
        "max": 0.327736318111,
        "mean": 0.0888712778687,
        "min": 0.0184060204774,
        "stdev": 0.0407523289323
    },
    "spectral_kurtosis": {
        "max": 18.0083179474,
        "mean": 3.62446403503,
        "min": -0.977820158005,
        "stdev": 2.32477712631
    },
    "spectral_rms": {
        "max": 0.0139254154637,
        "mean": 0.00501085072756,
        "min": 0.00132610485889,
        "stdev": 0.00168875523377
    },
    "spectral_rolloff": {
        "max": 10702.0019531,
        "mean": 1493.78271484,
        "min": 107.666015625,
        "stdev": 1425.04516602
    },
    "spectral_skewness": {
        "max": 3.17703461647,
        "mean": 1.44785821438,
        "min": 0.411960780621,
        "stdev": 0.41034913063
    },
    "spectral_spread": {
        "max": 12683603,
        "mean": 4387339.5,
        "min": 2474645,
        "stdev": 1308839.75
    },
    "spectral_strongpeak": {
        "max": 8.21669387817,
        "mean": 0.799431681633,
        "min": 0.0324146039784,
        "stdev": 1.09680271149
    },
    "zerocrossingrate": {
        "max": 0.29248046875,
        "mean": 0.0584065914154,
        "min": 0.0068359375,
        "stdev": 0.0333321988583
    },
    "barkbands": {
        "max": [0.000103806392872, 0.0417681187391, 0.0938805490732, 0.0446790345013, 0.0394416972995, 0.0146050555632, 0.00682309828699, 0.0215036980808, 0.0343146920204, 0.059973988682, 0.0153154581785, 0.0258534904569, 0.0193469896913, 0.0150854308158, 0.0128121217713, 0.00657607847825, 0.00936317350715, 0.00776229891926, 0.00279514398426, 0.0048199435696, 0.00221768859774, 0.00340388366021, 0.00255386275239, 0.00580136477947, 0.0166952032596, 3.47542809322e-05, 1.99640908249e-06],
        "mean": [9.1793235697e-06, 0.00321651715785, 0.00583347585052, 0.00331814168021, 0.00312580983154, 0.0014319216134, 0.000558351224754, 0.000655724841636, 0.00141774001531, 0.0023096287623, 0.000782445538789, 0.000835388898849, 0.000987047096714, 0.00101094017737, 0.00044102629181, 0.000373168761143, 0.00039496878162, 0.000478389672935, 0.00027987107751, 0.000322386797052, 0.000175784545718, 0.000155428773724, 0.000161238145665, 0.00017857873172, 0.000206169279409, 2.1081969237e-07, 4.20800283507e-09],
        "min": [6.53737952661e-09, 1.49383395183e-05, 1.35346244861e-05, 3.1993254197e-06, 1.16479495773e-05, 8.20685363578e-06, 3.62471519111e-06, 5.9110930124e-06, 1.54788613145e-05, 8.34890488477e-06, 1.24155676531e-05, 1.20670920296e-05, 1.11993740575e-05, 5.58381179872e-06, 3.76073944608e-06, 5.19620152772e-06, 2.35280731431e-06, 3.55430483978e-06, 1.72446368651e-06, 1.80915867531e-06, 7.46310263366e-07, 1.04597029349e-06, 9.42383508118e-07, 6.23159053248e-07, 3.13131437224e-07, 2.39955000314e-10, 2.68685101945e-10],
        "stdev": [1.22265555547e-05, 0.0041517871432, 0.00718914251775, 0.00410757353529, 0.00358004472218, 0.00175414653495, 0.000703433062881, 0.00124354066793, 0.00247773923911, 0.00484741805121, 0.00157258915715, 0.00180447567254, 0.00165525882039, 0.00174467335455, 0.000814619823359, 0.000617607263848, 0.000667270564009, 0.000722551485524, 0.000322977924952, 0.00042321762885, 0.000231773898122, 0.000281465385342, 0.000266669667326, 0.000445043755462, 0.000962961930782, 1.43669433328e-06, 7.54113500534e-08]
    },
    "erbbands": {
        "max": [0.309988290071, 13.7731637955, 104.970146179, 128.568618774, 113.566085815, 159.112030029, 212.647567749, 129.001068115, 86.2461624146, 286.442871094, 368.52142334, 852.778076172, 2106.34375, 941.137390137, 709.391357422, 1200.19836426, 1033.02185059, 829.543762207, 720.327331543, 513.522399902, 452.132141113, 440.794067383, 480.127197266, 275.147369385, 139.163986206, 246.974365234, 150.414306641, 70.2570266724, 128.152404785, 89.0171966553, 93.2757720947, 130.806625366, 107.115287781, 224.82963562, 103.218017578, 5.49998760223, 0.146606713533, 0.00973575934768, 0.00126388040371, 0.000320724153426],
        "mean": [0.0435549430549, 0.971570849419, 5.69994068146, 9.57604885101, 12.9481115341, 8.02941417694, 10.4709796906, 11.9056348801, 8.42735290527, 9.4884519577, 16.7302093506, 34.8277587891, 63.2276229858, 51.150100708, 30.1303539276, 36.6174812317, 47.2238121033, 57.4570007324, 30.6747112274, 20.5917987823, 22.0266990662, 23.5083694458, 26.4135684967, 18.1690635681, 14.3502969742, 15.4192829132, 9.64640808105, 5.47750711441, 5.6133723259, 4.92224645615, 4.71687602997, 4.08263683319, 2.79755043983, 2.66050720215, 1.23479485512, 0.0677731409669, 0.00186973297969, 0.000138175892062, 3.45686348737e-05, 3.83524602512e-05],
        "min": [0.000236622159719, 0.00520458864048, 0.041930641979, 0.110824510455, 0.0750187933445, 0.0485432855785, 0.071198426187, 0.0563689917326, 0.0660738497972, 0.122951768339, 0.323195099831, 0.354180514812, 0.557154536247, 0.41360476613, 0.477065384388, 0.581434071064, 0.852684080601, 0.615455031395, 0.450870871544, 0.305952876806, 0.313076227903, 0.168884456158, 0.165492579341, 0.140327230096, 0.0984179824591, 0.0780953913927, 0.0415677204728, 0.0343972034752, 0.0399056971073, 0.0374384112656, 0.026444170624, 0.0183017775416, 0.00843659136444, 0.0042466246523, 0.00125540990848, 6.83909893269e-05, 4.37320795754e-06, 6.2549344193e-07, 1.07445873709e-06, 2.17349634113e-06],
        "stdev": [0.044144641608, 1.23182868958, 7.22188568115, 10.9401321411, 13.447435379, 11.7941398621, 20.854888916, 13.5736684799, 10.2454881668, 15.4689874649, 28.8519821167, 61.8309173584, 132.596679688, 84.2936477661, 62.3244132996, 76.992401123, 76.0232086182, 92.009147644, 48.3986816406, 36.8240089417, 35.7153930664, 37.5486946106, 41.1601028442, 23.3415718079, 15.6419296265, 20.6557064056, 12.8187236786, 7.78382205963, 10.6777162552, 7.52853012085, 8.25525474548, 9.15685653687, 8.10708045959, 12.4562616348, 5.76767444611, 0.286099821329, 0.00790337659419, 0.000555157836061, 7.76908636908e-05, 3.10622745019e-05]
    },
    "gfcc": {
        "mean": [8.07064247131, 113.339576721, -137.921325684, 50.8359413147, -65.5691452026, 33.6178855896, -38.9991760254, 8.69946479797, -24.8606243134, -12.4215669632, -7.46770954132, -19.637014389, -3.4762430191],
        "cov": [[2849.61669922, -999.433227539, -45.0202560425, 250.891830444, -204.167922974, -18.138212204, -306.45199585, 107.019721985, -246.759353638, 111.191703796, -136.089279175, 110.470443726, -30.0584144592], [-999.433227539, 768.432250977, -110.844764709, -268.855834961, 95.6348571777, -42.8296012878, 205.106964111, -86.2284240723, 111.180007935, -121.424743652, 94.6990814209, -99.7580718994, 11.5332717896], [-45.0202560425, -110.844764709, 344.408905029, 128.836669922, -2.93862175941, -8.94445705414, -82.520690918, 15.3359136581, -19.0068855286, 45.3804016113, -36.2312393188, 34.4302482605, -2.10917758942], [250.891830444, -268.855834961, 128.836669922, 301.774414062, 21.3418540955, -35.0613098145, -99.9461593628, 16.7828407288, -1.76899516582, 73.2230529785, -55.338470459, 51.8369140625, 17.150604248], [-204.167922974, 95.6348571777, -2.93862175941, 21.3418540955, 104.635536194, 15.2570371628, 30.8350048065, -5.01486206055, 23.6258869171, -5.95066356659, 6.15840625763, -9.96197414398, 2.60507631302], [-18.138212204, -42.8296012878, -8.94445705414, -35.0613098145, 15.2570371628, 122.182792664, 66.330947876, 19.3735790253, -6.07891130447, 0.27815836668, 22.4468250275, 1.05841135979, -8.83978557587], [-306.45199585, 205.106964111, -82.520690918, -99.9461593628, 30.8350048065, 66.330947876, 161.105239868, 6.04254865646, 39.2330169678, -36.3175964355, 42.8964805603, -34.1439552307, -4.10536575317], [107.019721985, -86.2284240723, 15.3359136581, 16.7828407288, -5.01486206055, 19.3735790253, 6.04254865646, 74.2801818848, 17.3101902008, 26.5951137543, -10.9520215988, 10.5687074661, 0.394327014685], [-246.759353638, 111.180007935, -19.0068855286, -1.76899516582, 23.6258869171, -6.07891130447, 39.2330169678, 17.3101902008, 85.3773040771, 10.3483228683, 11.2317552567, -18.1883831024, 7.02511644363], [111.191703796, -121.424743652, 45.3804016113, 73.2230529785, -5.95066356659, 0.27815836668, -36.3175964355, 26.5951137543, 10.3483228683, 83.453994751, -7.3335776329, 31.1822738647, 2.39204525948], [-136.089279175, 94.6990814209, -36.2312393188, -55.338470459, 6.15840625763, 22.4468250275, 42.8964805603, -10.9520215988, 11.2317552567, -7.3335776329, 64.7576141357, 2.98857140541, 2.32277965546], [110.470443726, -99.7580718994, 34.4302482605, 51.8369140625, -9.96197414398, 1.05841135979, -34.1439552307, 10.5687074661, -18.1883831024, 31.1822738647, 2.98857140541, 66.4369277954, 18.1588764191], [-30.0584144592, 11.5332717896, -2.10917758942, 17.150604248, 2.60507631302, -8.83978557587, -4.10536575317, 0.394327014685, 7.02511644363, 2.39204525948, 2.32277965546, 18.1588764191, 36.1538047791]],
        "icov": [[0.000914763193578, 0.000209393896512, 0.000855159480125, -0.000572386139538, 0.000907049514353, -0.000164098804817, 0.000887604954187, -0.001483007567, 0.00217969110236, -0.00028994094464, 0.000298895320157, 0.000210984231671, 0.000497110944707], [0.000209393896512, 0.0140576250851, -0.00425512250513, 0.00908837281168, -0.00876705255359, 0.0137156862766, -0.012957396917, 0.0112283099443, -0.0100254444405, 0.00441828835756, -0.00585454888642, 0.00296260067262, -0.00593463610858], [0.000855159480125, -0.00425512250513, 0.00595780136064, -0.00447865016758, 0.00359341641888, -0.00521956942976, 0.00630201306194, -0.0052710105665, 0.00536551652476, -0.00195957184769, 0.00271652685478, -0.00136099697556, 0.00337462965399], [-0.000572386139538, 0.00908837281168, -0.00447865016758, 0.0129711795598, -0.00874631851912, 0.00935392268002, -0.0076155140996, 0.00939559191465, -0.00928643718362, -0.000226036951062, 0.00013797460997, -0.00100245710928, -0.00552554382011], [0.000907049514353, -0.00876705255359, 0.00359341641888, -0.00874631851912, 0.0183595009148, -0.0105075640604, 0.00753580871969, -0.00710584130138, 0.00609797099605, -0.00170194217935, 0.00360011751764, -0.000553258985747, 0.00392501661554], [-0.000164098804817, 0.0137156862766, -0.00521956942976, 0.00935392268002, -0.0105075640604, 0.0269351936877, -0.0198113638908, 0.00814108829945, -0.00566424196586, 0.00231147464365, -0.00786320585757, 0.0014781736536, -0.00353869237006], [0.000887604954187, -0.012957396917, 0.00630201306194, -0.0076155140996, 0.00753580871969, -0.0198113638908, 0.0282273329794, -0.0137076042593, 0.00648277066648, -0.00047290296061, 0.00158112903591, 0.000350294023519, 0.00531364744529], [-0.001483007567, 0.0112283099443, -0.0052710105665, 0.00939559191465, -0.00710584130138, 0.00814108829945, -0.0137076042593, 0.0306605808437, -0.0172997321934, -0.000340828089975, 0.000874854216818, -0.00169791362714, -0.00478715449572], [0.00217969110236, -0.0100254444405, 0.00536551652476, -0.00928643718362, 0.00609797099605, -0.00566424196586, 0.00648277066648, -0.0172997321934, 0.032949026674, -0.009880640544, 0.00134561641607, 0.00655415002257, -0.000297860591672], [-0.00028994094464, 0.00441828835756, -0.00195957184769, -0.000226036951062, -0.00170194217935, 0.00231147464365, -0.00047290296061, -0.000340828089975, -0.009880640544, 0.0229261144996, -0.00424679275602, -0.00620478345081, 0.00277257920243], [0.000298895320157, -0.00585454888642, 0.00271652685478, 0.00013797460997, 0.00360011751764, -0.00786320585757, 0.00158112903591, 0.000874854216818, 0.00134561641607, -0.00424679275602, 0.0273523889482, -0.00917160883546, 0.00306596094742], [0.000210984231671, 0.00296260067262, -0.00136099697556, -0.00100245710928, -0.000553258985747, 0.0014781736536, 0.000350294023519, -0.00169791362714, 0.00655415002257, -0.00620478345081, -0.00917160883546, 0.030312417075, -0.0154126565903], [0.000497110944707, -0.00593463610858, 0.00337462965399, -0.00552554382011, 0.00392501661554, -0.00353869237006, 0.00531364744529, -0.00478715449572, -0.000297860591672, 0.00277257920243, 0.00306596094742, -0.0154126565903, 0.0397104397416]]
    },
    "melbands": {
        "max": [0.00659451400861, 0.0394458025694, 0.0178483054042, 0.00966553576291, 0.00655747298151, 0.00254497956485, 0.00128201197367, 0.00304540572688, 0.00254140351899, 0.00615206314251, 0.0108272433281, 0.00485487375408, 0.00204102881253, 0.00181374710519, 0.0031874969136, 0.00238137459382, 0.00148190907203, 0.00153025635518, 0.00142789888196, 0.000593149394263, 0.000548296899069, 0.00062544294633, 0.000461724906927, 0.000322957988828, 0.000233724858845, 0.000126221697428, 0.000152864318807, 0.000193581552594, 0.000110223634692, 5.02515031258e-05, 4.29955471191e-05, 6.04538290645e-05, 8.51682489156e-05, 3.69849221897e-05, 6.05366840318e-05, 5.64400288567e-05, 9.08987785806e-05, 7.83604918979e-05, 7.99107874627e-05, 0.000239026951022],
        "mean": [0.000658920151182, 0.00240061478689, 0.00181202951353, 0.000741617986932, 0.000353005423676, 0.000262661807938, 0.000124652506202, 0.000110337437945, 0.000135743350256, 0.000230364428717, 0.000329672853695, 0.000228557182709, 9.96661110548e-05, 8.05344388937e-05, 9.93004869088e-05, 0.000116741779493, 0.000104005426692, 5.11314137839e-05, 3.24989450746e-05, 2.47512816713e-05, 2.50600551226e-05, 2.49270015047e-05, 2.36998585024e-05, 2.13384628296e-05, 1.40785869007e-05, 9.8054715636e-06, 1.09879529191e-05, 1.01151563285e-05, 6.45790714771e-06, 4.13743828176e-06, 2.82409405372e-06, 3.06340484713e-06, 3.16631599162e-06, 2.59378748524e-06, 2.74979333881e-06, 2.56716134572e-06, 2.48352489507e-06, 1.93577398022e-06, 1.95698771677e-06, 2.36848813984e-06],
        "min": [3.34290461979e-06, 2.78918359982e-05, 3.06034708046e-05, 5.59836462344e-06, 2.45754313255e-06, 1.23082895698e-06, 1.04147193269e-06, 1.32564764499e-06, 2.4917801511e-06, 1.73033492956e-06, 2.56499492934e-06, 1.25067913359e-06, 1.84248131063e-06, 1.12391057883e-06, 1.82133419457e-06, 8.61603211888e-07, 6.08675748026e-07, 6.94649770594e-07, 3.24314953559e-07, 2.14832994061e-07, 3.26091765146e-07, 1.81461203397e-07, 1.2066125521e-07, 1.79386432819e-07, 8.27410531201e-08, 6.69293456212e-08, 6.10250907584e-08, 3.61425271933e-08, 2.70708291339e-08, 2.12792627963e-08, 1.71975358398e-08, 2.17544382508e-08, 2.1264332517e-08, 1.81295156665e-08, 1.60076503164e-08, 1.04115143174e-08, 9.16340514578e-09, 6.4380309972e-09, 3.95435373335e-09, 2.3713910835e-09],
        "stdev": [0.000778103887569, 0.00281821610406, 0.00179982266854, 0.000787300872616, 0.000661118247081, 0.000286957598291, 0.000146178441355, 0.000190193080925, 0.000229607496294, 0.000431858556112, 0.000702989869751, 0.000410919601563, 0.000203326068004, 0.000155495203217, 0.000204814015888, 0.000201818460482, 0.000181255571079, 9.18633959373e-05, 6.60567602608e-05, 4.44056313427e-05, 4.3343166908e-05, 4.53606226074e-05, 3.67319189536e-05, 3.57434873877e-05, 1.90405007743e-05, 1.08283211375e-05, 1.38615359901e-05, 1.4817797819e-05, 9.35092157306e-06, 5.38687299922e-06, 4.39023460785e-06, 5.43373198525e-06, 6.65500783725e-06, 3.80287542612e-06, 4.82801897306e-06, 5.16364070791e-06, 5.95056235397e-06, 5.34435639565e-06, 7.30571355234e-06, 1.21925068015e-05]
    },
    "melbands128": {
        "max": [6.53761308058e-05, 0.000823639449663, 0.00771741615608, 0.0274455714971, 0.059154368937, 0.0413691550493, 0.032228205353, 0.0177644137293, 0.0148213747889, 0.0164616107941, 0.00942504405975, 0.0105595029891, 0.0104306265712, 0.00604258943349, 0.00471380818635, 0.00226375507191, 0.00194069661666, 0.00165221991483, 0.00204536155798, 0.00534396339208, 0.00545248016715, 0.00517650926486, 0.00335724418983, 0.00420842552558, 0.00494801579043, 0.0133399665356, 0.0058167334646, 0.0203033275902, 0.0137054538354, 0.00965371541679, 0.00515148835257, 0.00312980473973, 0.00310879503377, 0.00446485681459, 0.00182144448627, 0.00237140548415, 0.00722790462896, 0.00661272369325, 0.00289444578812, 0.00516167422757, 0.0044452524744, 0.00350512959994, 0.00290602236055, 0.00424152938649, 0.00202077883296, 0.00237319222651, 0.00169292092323, 0.00256843585521, 0.00131457159296, 0.00178281276021, 0.00083326495951, 0.0011843504617, 0.00144890509546, 0.000534418795723, 0.00151623727288, 0.00104659667704, 0.000411356479162, 0.000540486944374, 0.000951237452682, 0.000629797345027, 0.000663658953272, 0.000484768126626, 0.000535697909072, 0.000208704834222, 0.000181688068551, 0.000203982897801, 0.000118653682875, 0.000194096384803, 0.000216295375139, 0.000350227870513, 0.000165666569956, 0.000431940192357, 0.00010434287833, 0.000115932292829, 0.00010529915744, 7.43694254197e-05, 5.73311845073e-05, 8.77238635439e-05, 4.28576204285e-05, 7.19368181308e-05, 0.000104042534076, 3.50214359059e-05, 0.000226406336878, 6.72550668241e-05, 5.89006194787e-05, 5.21352121723e-05, 2.62814428424e-05, 5.29467470187e-05, 8.24439994176e-05, 7.23632037989e-05, 7.46814257582e-05, 6.59615470795e-05, 6.35566102574e-05, 0.000132555214805, 8.1034260802e-05, 7.23941629985e-05, 0.000116725066619, 8.86433263076e-05, 9.60090110311e-05, 0.00015262280067, 0.000249059550697, 0.000271337194135, 0.000261867215158, 0.000208695695619, 0.000104260747321, 9.98847972369e-05, 1.61225252668e-05, 1.15742636808e-06, 1.61576068081e-08, 1.40819640393e-08, 1.29781456693e-08, 1.21796057684e-08, 1.15519904753e-08, 1.09880069488e-08, 1.04904707143e-08, 1.01106625294e-08, 9.75194769381e-09, 9.3985956795e-09, 9.09281094863e-09, 8.88166251656e-09, 8.62261195778e-09, 8.40145375491e-09, 8.24057266868e-09, 8.069140911e-09, 7.97033905542e-09, 7.87230103327e-09, 7.78878295193e-09, 7.74354358413e-09],
        "mean": [6.08941991231e-06, 0.000137379814987, 0.000896022946108, 0.00171408988535, 0.00273264455609, 0.00285364128649, 0.00191107706632, 0.00168954615947, 0.00139448966365, 0.000657805649098, 0.000355128082447, 0.000342716346495, 0.0003874336835, 0.000310185481794, 0.000316193239996, 0.00019974684983, 0.000143542842125, 0.000108404979983, 0.000108697458927, 9.35024363571e-05, 0.000117637595395, 0.000137998067657, 0.00014806893887, 0.000115150760394, 0.000200898386538, 0.000328575901221, 0.000177628186066, 0.000328258553054, 0.000482286617626, 0.000279631116427, 0.000145397876622, 0.000100748038676, 9.67857195064e-05, 0.000111089888378, 5.06003489136e-05, 7.35974826966e-05, 0.000117121795483, 0.000124818776385, 5.29322896909e-05, 0.000113499561849, 0.00013880780898, 0.000106506042357, 0.000127906561829, 8.8581466116e-05, 6.18053236394e-05, 4.70040540677e-05, 3.27116322296e-05, 4.14339228882e-05, 2.27762939176e-05, 2.80448475678e-05, 2.01023522095e-05, 2.97605783999e-05, 2.62612920778e-05, 2.31435515161e-05, 2.3791591957e-05, 3.04745281028e-05, 1.89882175619e-05, 1.95271750272e-05, 2.76872597169e-05, 2.74446410913e-05, 2.19117227971e-05, 1.41804175655e-05, 2.02956780413e-05, 1.11640511022e-05, 9.61422210821e-06, 1.04986838778e-05, 8.8875358415e-06, 1.14605791168e-05, 1.09103975774e-05, 1.07488222056e-05, 1.16347182484e-05, 9.38676475926e-06, 6.62516276861e-06, 6.28826592219e-06, 5.41988129044e-06, 4.92432855026e-06, 2.98607369587e-06, 3.23350104736e-06, 2.5306101179e-06, 2.81233155874e-06, 2.8589233807e-06, 2.75103093372e-06, 4.36028585682e-06, 2.92841377814e-06, 2.63877882389e-06, 2.70097484645e-06, 2.40515578298e-06, 2.75885076917e-06, 2.8871613722e-06, 2.60190790868e-06, 2.68603344011e-06, 2.48506171374e-06, 2.55273744187e-06, 2.58048908108e-06, 2.46703143603e-06, 1.97698750526e-06, 1.91936646843e-06, 1.65274821029e-06, 1.77567687842e-06, 2.21617506213e-06, 2.39805899582e-06, 2.53813141171e-06, 2.16501462091e-06, 1.84663315395e-06, 1.63539527875e-06, 1.16965884445e-06, 2.16461387481e-07, 1.07396447291e-08, 3.53959778154e-11, 2.81579672773e-11, 2.62750186192e-11, 2.58988178126e-11, 2.47622720939e-11, 2.46910616952e-11, 2.27586231111e-11, 2.15270717918e-11, 2.04389977165e-11, 1.98004355967e-11, 1.92839546415e-11, 1.88528255507e-11, 1.83013378757e-11, 1.79068704309e-11, 1.76424239801e-11, 1.72574888407e-11, 1.66309813143e-11, 1.56746889773e-11, 1.51209079979e-11, 1.49801421268e-11],
        "min": [1.70652625364e-09, 1.25742062096e-07, 1.13852797767e-06, 8.74269062479e-06, 1.21643279272e-05, 4.41219299319e-06, 4.7249304771e-06, 1.08761980755e-06, 3.1656795727e-06, 8.88228669282e-07, 4.36307516338e-07, 1.7608792291e-07, 1.51982803231e-07, 1.50630000917e-07, 9.6841120012e-07, 7.5399088928e-07, 1.61243562502e-07, 4.89643639412e-07, 2.46496398404e-07, 6.4397170263e-07, 7.91181093973e-07, 8.38036896766e-07, 8.10456413092e-07, 1.21108598705e-06, 2.77514146774e-07, 4.84784095534e-07, 7.79050935762e-07, 3.12385623147e-07, 5.73640477342e-07, 1.11911981548e-06, 1.05311778498e-06, 3.9555385456e-07, 3.74609328446e-07, 2.24197421517e-07, 2.73644303661e-07, 1.9937156992e-07, 6.59165664274e-07, 8.95777475307e-07, 4.93370123422e-07, 5.80456799071e-07, 3.51102670493e-07, 5.26535700374e-07, 2.92587543527e-07, 4.34628134371e-07, 2.73027183084e-07, 8.50723225199e-08, 3.430027391e-07, 2.13424442563e-07, 2.06702452488e-07, 1.65525534612e-07, 1.38712522357e-07, 1.9426360609e-07, 1.60694966667e-07, 9.70978106807e-08, 9.539591872e-08, 1.36745015311e-07, 1.14877728663e-07, 1.11254621515e-07, 1.08769029339e-07, 1.20544783044e-07, 1.13231457988e-07, 7.13111774076e-08, 5.50600738336e-08, 6.99652460412e-08, 5.22206669018e-08, 6.0567074911e-08, 3.72612340982e-08, 6.03386851594e-08, 5.0740410984e-08, 4.03270625782e-08, 2.77242495628e-08, 2.13210977762e-08, 1.71003176064e-08, 2.02912033842e-08, 1.29454607034e-08, 1.08435562751e-08, 1.59927928678e-08, 7.92495313817e-09, 8.59170157241e-09, 1.54251296181e-08, 1.77728747275e-08, 1.71174718844e-08, 1.38644313807e-08, 1.37837705694e-08, 1.50375836228e-08, 1.40363614065e-08, 1.17095479979e-08, 9.26349219554e-09, 6.83366074838e-09, 1.05764756952e-08, 6.56631238272e-09, 6.84610412804e-09, 5.44838307803e-09, 9.11508735157e-09, 9.15085784925e-09, 3.8754537357e-09, 3.57486262814e-09, 4.45366854507e-09, 2.68243693924e-09, 3.6496339284e-09, 2.03280303701e-09, 1.85064752412e-09, 9.39095134989e-10, 1.13932674406e-09, 1.28793675724e-09, 5.87808357544e-10, 1.75112174761e-10, 1.11732736778e-12, 8.59550007126e-13, 6.85279849359e-13, 8.68186761632e-13, 7.70239178428e-13, 7.72413491675e-13, 6.54801842088e-13, 7.03566165831e-13, 8.58529935512e-13, 6.98190311989e-13, 8.70758001294e-13, 6.8423738897e-13, 8.04899332948e-13, 8.42677652917e-13, 8.1218116e-13, 7.78776186334e-13, 9.63714893477e-13, 6.62472843509e-13, 2.47902393058e-13, 2.03822994994e-14, 6.23080877072e-16],
        "stdev": [8.17755972093e-06, 0.000138440416777, 0.00106558843981, 0.00247603049502, 0.00386578124017, 0.00343157607131, 0.00253178295679, 0.00206847162917, 0.00161442148965, 0.000961756857578, 0.000724578101654, 0.000826998497359, 0.000973005371634, 0.000476418150356, 0.000438365153968, 0.000276080914773, 0.000236490144744, 0.000172394997207, 0.000157926624524, 0.000229365992709, 0.000296055804938, 0.000335553253535, 0.000306000642013, 0.000238720254856, 0.000409302272601, 0.000843602640089, 0.000445287965704, 0.00101761927363, 0.0013236697996, 0.000666331499815, 0.000332114694174, 0.000236593288719, 0.000269440031843, 0.00035440386273, 0.000127944309497, 0.000177779758815, 0.000354562711436, 0.000354872376192, 0.000121252218378, 0.000292091455776, 0.000308682268951, 0.000240087581915, 0.000307543436065, 0.000232941107242, 0.000154324196046, 0.000128656116431, 8.87995920493e-05, 0.00011204672046, 5.28875898453e-05, 9.21507235034e-05, 4.53224602097e-05, 6.65869374643e-05, 7.3447044997e-05, 4.53492248198e-05, 6.93417168804e-05, 6.67828135192e-05, 3.39920079568e-05, 3.90003151551e-05, 5.83190085308e-05, 5.65922964597e-05, 5.53358222533e-05, 2.67748873739e-05, 3.58492216037e-05, 1.80127262865e-05, 1.3503739865e-05, 1.42108574437e-05, 1.21320636026e-05, 1.70627918124e-05, 1.61140469572e-05, 1.90800692508e-05, 1.70771181729e-05, 2.21617228817e-05, 1.04807277239e-05, 1.02214444269e-05, 8.11900827102e-06, 7.02196257407e-06, 4.709411769e-06, 6.25314351055e-06, 4.01389479521e-06, 4.85621558255e-06, 5.13607483299e-06, 4.13939324062e-06, 1.56161295308e-05, 5.33874253961e-06, 4.38654615209e-06, 4.42729151473e-06, 3.65773553312e-06, 5.01551630805e-06, 5.51063021703e-06, 5.34800165042e-06, 5.61413253308e-06, 5.47022273167e-06, 5.97980351813e-06, 7.09562436896e-06, 6.47673778076e-06, 4.80239668832e-06, 6.50096171739e-06, 5.29029694007e-06, 6.20317405264e-06, 9.86161285255e-06, 1.2216018149e-05, 1.40729362101e-05, 1.24273074107e-05, 1.09613820314e-05, 7.11441589374e-06, 4.60471756014e-06, 9.40162863117e-07, 6.00101870418e-08, 6.09724937206e-10, 5.3145998713e-10, 4.89812246318e-10, 4.59742549586e-10, 4.36288505323e-10, 4.16040202289e-10, 3.96020410909e-10, 3.8181321993e-10, 3.68276353857e-10, 3.54900997479e-10, 3.43314487949e-10, 3.35358879555e-10, 3.25669657908e-10, 3.17311454889e-10, 3.1126071165e-10, 3.04774067095e-10, 3.01113495249e-10, 2.97437741104e-10, 2.9429852999e-10, 2.92607382768e-10]
    },
    "mfcc": {
        "mean": [-616.686889648, 119.334861755, -1.71384751797, 16.6921386719, 7.94884252548, 10.610332489, 8.6318063736, 9.05611991882, -3.12866330147, 4.68722677231, -1.21256530285, -3.36593413353, -7.31782388687],
        "cov": [[2935.09057617, -1030.14782715, -20.7717380524, 106.3227005, 15.5351114273, -119.047264099, -53.7504501343, -115.667778015, -52.9340782166, -62.3860092163, -145.328170776, 8.89134216309, 7.5012011528], [-1030.14782715, 854.043945312, -151.360122681, -185.835418701, -105.061248779, 8.24924182892, 57.8455543518, 88.2079238892, -39.4041061401, 50.5641136169, 81.4115905762, -55.8567314148, -76.3676986694], [-20.7717380524, -151.360122681, 287.570678711, 84.7610168457, 59.1613998413, -2.64655280113, -23.6213970184, -40.7808914185, 18.6643562317, -39.0950508118, -9.26817703247, 20.6231956482, 34.0526657104], [106.3227005, -185.835418701, 84.7610168457, 259.519989014, 88.8700637817, 4.74642801285, -78.8859176636, -61.7080230713, 49.1518745422, -38.4537124634, -35.1317405701, 37.8159332275, 50.0560493469], [15.5351114273, -105.061248779, 59.1613998413, 88.8700637817, 112.931442261, 6.59883499146, -26.704410553, -26.6610622406, 20.6721382141, -17.3509674072, -14.7239093781, 13.63139534, 22.6032886505], [-119.047264099, 8.24924182892, -2.64655280113, 4.74642801285, 6.59883499146, 83.3057556152, 34.8479309082, 16.1420249939, 8.80730056763, 1.8133405447, 7.79500770569, 13.6260185242, 11.1539115906], [-53.7504501343, 57.8455543518, -23.6213970184, -78.8859176636, -26.704410553, 34.8479309082, 100.075874329, 47.671787262, -13.7457447052, 15.0923433304, 14.4689588547, -4.455722332, -6.13272666931], [-115.667778015, 88.2079238892, -40.7808914185, -61.7080230713, -26.6610622406, 16.1420249939, 47.671787262, 78.228302002, 5.89206981659, 22.5370807648, 16.3783168793, -5.29509544373, -12.9940433502], [-52.9340782166, -39.4041061401, 18.6643562317, 49.1518745422, 20.6721382141, 8.80730056763, -13.7457447052, 5.89206981659, 79.6336898804, 20.0406036377, 12.143406868, 15.4676265717, 12.6448717117], [-62.3860092163, 50.5641136169, -39.0950508118, -38.4537124634, -17.3509674072, 1.8133405447, 15.0923433304, 22.5370807648, 20.0406036377, 65.8800506592, 31.8878803253, -2.94592046738, -11.5038719177], [-145.328170776, 81.4115905762, -9.26817703247, -35.1317405701, -14.7239093781, 7.79500770569, 14.4689588547, 16.3783168793, 12.143406868, 31.8878803253, 59.0313110352, 11.718006134, -2.80442333221], [8.89134216309, -55.8567314148, 20.6231956482, 37.8159332275, 13.63139534, 13.6260185242, -4.455722332, -5.29509544373, 15.4676265717, -2.94592046738, 11.718006134, 52.6720466614, 30.6325473785], [7.5012011528, -76.3676986694, 34.0526657104, 50.0560493469, 22.6032886505, 11.1539115906, -6.13272666931, -12.9940433502, 12.6448717117, -11.5038719177, -2.80442333221, 30.6325473785, 58.3214607239]],
        "icov": [[0.000832272635307, 0.00116806826554, 0.000513985811267, -0.000133793990244, 0.000506360956933, 0.00103059003595, -0.000552910205442, 0.00037559287739, 0.000560459389817, -1.40394613481e-05, 0.000427745952038, -0.000172018568264, 0.000856011582073], [0.00116806826554, 0.00351587007754, 0.00119342538528, -0.000140059928526, 0.00126500520855, 0.00109354546294, -0.000316741323331, -0.000747382815462, 0.00144848017953, 0.00074674282223, -0.00231205183081, 0.0014585419558, 0.00193369097542], [0.000513985811267, 0.00119342538528, 0.00494148395956, -0.000403515732614, -0.0009187576361, 0.00123298051767, -0.00115519273095, 0.00140017922968, -0.00063808838604, 0.00282052136026, -0.0018447273178, 0.000466683850391, -0.000370676745661], [-0.000133793990244, -0.000140059928526, -0.000403515732614, 0.00936875492334, -0.00327785918489, -0.00186873844359, 0.00440400000662, 0.00222605955787, -0.00420556636527, 0.0016415315913, 0.00351061415859, -0.00274360831827, -0.00253928080201], [0.000506360956933, 0.00126500520855, -0.0009187576361, -0.00327785918489, 0.0133750736713, -0.000553402933292, -5.68745708733e-05, 0.000871363037731, -0.000563971698284, 0.000315826007864, 0.00032065686537, 0.00100694131106, -0.000277523882687], [0.00103059003595, 0.00109354546294, 0.00123298051767, -0.00186873844359, -0.000553402933292, 0.017362581566, -0.00785410497338, 8.48767740536e-05, -0.000771382823586, 0.00122505740728, -0.00033803563565, -0.00289663928561, 0.00018433178775], [-0.000552910205442, -0.000316741323331, -0.00115519273095, 0.00440400000662, -5.68745708733e-05, -0.00785410497338, 0.0203523095697, -0.0086564887315, 0.00267115863971, -0.00100424943957, -0.000383859151043, 0.00093575642677, -0.00300059653819], [0.00037559287739, -0.000747382815462, 0.00140017922968, 0.00222605955787, 0.000871363037731, 8.48767740536e-05, -0.0086564887315, 0.0228847675025, -0.00505720544606, -0.00167907273863, 0.00187264557462, -0.00180065562017, 0.00188055541366], [0.000560459389817, 0.00144848017953, -0.00063808838604, -0.00420556636527, -0.000563971698284, -0.000771382823586, 0.00267115863971, -0.00505720544606, 0.0198612101376, -0.0073219598271, -0.00247373688035, -0.000867325288709, -8.68846982485e-05], [-1.40394613481e-05, 0.00074674282223, 0.00282052136026, 0.0016415315913, 0.000315826007864, 0.00122505740728, -0.00100424943957, -0.00167907273863, -0.0073219598271, 0.0268339402974, -0.0126039199531, 0.00339617510326, 0.00157810002565], [0.000427745952038, -0.00231205183081, -0.0018447273178, 0.00351061415859, 0.00032065686537, -0.00033803563565, -0.000383859151043, 0.00187264557462, -0.00247373688035, -0.0126039199531, 0.0324591733515, -0.0120963668451, 0.00126326363534], [-0.000172018568264, 0.0014585419558, 0.000466683850391, -0.00274360831827, 0.00100694131106, -0.00289663928561, 0.00093575642677, -0.00180065562017, -0.000867325288709, 0.00339617510326, -0.0120963668451, 0.0337727703154, -0.0135871972889], [0.000856011582073, 0.00193369097542, -0.000370676745661, -0.00253928080201, -0.000277523882687, 0.00018433178775, -0.00300059653819, 0.00188055541366, -8.68846982485e-05, 0.00157810002565, 0.00126326363534, -0.0135871972889, 0.0296672359109]]
    },
    "spectral_contrast_coeffs": {
        "max": [-0.483097970486, -0.537878036499, -0.478111892939, -0.635771453381, -0.696254730225, -0.697709977627],
        "mean": [-0.681623160839, -0.780868709087, -0.758883416653, -0.793746292591, -0.803369641304, -0.787655591965],
        "min": [-0.960379838943, -0.929785072803, -0.900049984455, -0.893851280212, -0.882885277271, -0.857706069946],
        "stdev": [0.0654789805412, 0.0583073459566, 0.0685481056571, 0.045710042119, 0.0313271582127, 0.0263907238841]
    },
    "spectral_contrast_valleys": {
        "max": [-4.85136842728, -4.97068834305, -5.47074747086, -5.8975019455, -5.77884292603, -7.40042066574],
        "mean": [-6.52352666855, -6.57536888123, -6.94198989868, -7.15470170975, -7.21209478378, -9.79487514496],
        "min": [-8.1879491806, -8.26212978363, -8.37968063354, -8.74474239349, -9.17011165619, -11.9011297226],
        "stdev": [0.574056208134, 0.461762577295, 0.447759121656, 0.457127094269, 0.674714267254, 0.812662780285]
    }
},
"rhythm": {
    "beats_count": 56,
    "beats_loudness": {
        "max": 0.104183487594,
        "mean": 0.0383121781051,
        "min": 0.0127282273024,
        "stdev": 0.0209932588041
    },
    "bpm": 105.161117554,
    "bpm_histogram_first_peak_bpm": 105,
    "bpm_histogram_first_peak_weight": 0.259259223938,
    "bpm_histogram_second_peak_bpm": 99,
    "bpm_histogram_second_peak_spread": 0,
    "bpm_histogram_second_peak_weight": 0.0181818176061,
    "danceability": 1.16304838657,
    "onset_rate": 3.84521460533,
    "beats_loudness_band_ratio": {
        "max": [0.80002695322, 0.641052901745, 0.373144179583, 0.642739415169, 0.282886922359, 0.142100319266],
        "mean": [0.475750952959, 0.144037351012, 0.110445305705, 0.199962094426, 0.0849721431732, 0.0522641725838],
        "min": [0.0881394967437, 0.0296512842178, 0.01513481047, 0.0147187337279, 0.00778583576903, 0.0034269161988],
        "stdev": [0.168339192867, 0.10414879024, 0.0793079286814, 0.148611873388, 0.0567100271583, 0.0359893888235]
    },
    "beats_position": [0.53405892849, 1.09133780003, 1.64861679077, 2.21750569344, 2.7863945961, 3.35528349876, 3.92417216301, 4.49306106567, 5.06195020676, 5.64244890213, 6.21133756638, 6.78022670746, 7.36072540283, 7.92961454391, 8.498503685, 9.06739234924, 9.63628101349, 10.2167797089, 10.7856683731, 11.3661680222, 11.9350566864, 12.5039453506, 13.0728340149, 13.6417226791, 14.2106122971, 14.7795009613, 15.3483896255, 15.9172782898, 16.4861679077, 17.0550556183, 17.6239452362, 18.1928348541, 18.7617225647, 19.3422222137, 19.9227199554, 20.4916095734, 21.0604991913, 21.640996933, 22.2098865509, 22.7787742615, 23.3592739105, 23.9281635284, 24.497051239, 25.0659408569, 25.6348285675, 26.2153282166, 26.7726078033, 27.353105545, 27.9336051941, 28.5024929047, 29.0713825226, 29.6402721405, 30.2091598511, 30.778049469, 31.3469390869, 31.9506568909],
