{
"metadata": {
    "version": {
        "essentia": "2.1-beta5",
        "essentia_git_sha": "Undefined",
        "extractor": "music 2.0"
    },
    "audio_properties": {
        "analysis": {
            "equal_loudness": 0,
            "length": 22.0589561462,
            "sample_rate": 44100,
            "start_time": 175.240997314,
            "downmix": "mix"
        },
        "bit_rate": 192000,
        "length": 197.323181152,
        "lossless": 0,
        "number_channels": 2,
        "replay_gain": -8.45781135559,
        "sample_rate": 48000,
        "codec": "mp3",
        "md5_encoded": "6ffaf0d4d906f758baa2008f1d08f4ca"
    },
    "tags": {
        "file_name": "Sweden_It Hurts_Lena Philipsson.mp3",
        "encoding": ["Lavf58.29.100"]
    }
},
"lowlevel": {
    "average_loudness": 0.868719696999,
    "barkbands_crest": {
        "max": 22.1448078156,
        "mean": 8.45413780212,
        "min": 2.52477955818,
        "stdev": 3.2727959156
    },
    "barkbands_flatness_db": {
        "max": 0.271225899458,
        "mean": 0.152822926641,
        "min": 0.0360516570508,
        "stdev": 0.0556923858821
    },
    "barkbands_kurtosis": {
        "max": 15.8878498077,
        "mean": 0.726466357708,
        "min": -1.83081638813,
        "stdev": 2.14865112305
    },
    "barkbands_skewness": {
        "max": 3.25239825249,
        "mean": 0.864514410496,
        "min": -0.946998715401,
        "stdev": 0.604266941547
    },
    "barkbands_spread": {
        "max": 105.294090271,
        "mean": 20.7172985077,
        "min": 3.58277988434,
        "stdev": 17.0474052429
    },
    "dissonance": {
        "max": 0.5,
        "mean": 0.477482110262,
        "min": 0.31926625967,
        "stdev": 0.0237531140447
    },
    "dynamic_complexity": 3.73074579239,
    "erbbands_crest": {
        "max": 27.4185523987,
        "mean": 8.51250743866,
        "min": 2.69915056229,
        "stdev": 4.0650806427
    },
    "erbbands_flatness_db": {
        "max": 0.360561996698,
        "mean": 0.215796813369,
        "min": 0.0709814503789,
        "stdev": 0.0841659903526
    },
    "erbbands_kurtosis": {
        "max": 12.3579998016,
        "mean": 0.0828382149339,
        "min": -1.67747688293,
        "stdev": 1.52163803577
    },
    "erbbands_skewness": {
        "max": 2.91100287437,
        "mean": 0.452120870352,
        "min": -1.26318705082,
        "stdev": 0.612720072269
    },
    "erbbands_spread": {
        "max": 95.0309753418,
        "mean": 28.4060573578,
        "min": 7.33901500702,
        "stdev": 18.625919342
    },
    "hfc": {
        "max": 194.17565918,
        "mean": 25.0754852295,
        "min": 0.000803796574473,
        "stdev": 22.0845603943
    },
    "loudness_ebu128": {
        "integrated": -15.7394561768,
        "loudness_range": 8.7933139801,
        "momentary": {
            "max": -10.5756587982,
            "mean": -17.189119339,
            "min": -31.9625339508,
            "stdev": 3.99461245537
        },
        "short_term": {
            "max": -13.2491559982,
            "mean": -16.3302593231,
            "min": -24.5691833496,
            "stdev": 3.07266592979
        }
    },
    "melbands_crest": {
        "max": 29.5729522705,
        "mean": 11.4339475632,
        "min": 4.05723237991,
        "stdev": 4.4343547821
    },
    "melbands_flatness_db": {
        "max": 0.274150073528,
        "mean": 0.160606890917,
        "min": 0.0329680666327,
        "stdev": 0.0376498885453
    },
    "melbands_kurtosis": {
        "max": 38.4154548645,
        "mean": 4.42470264435,
        "min": -1.52536094189,
        "stdev": 5.60480737686
    },
    "melbands_skewness": {
        "max": 5.37927532196,
        "mean": 1.57564842701,
        "min": -0.414183020592,
        "stdev": 0.912966907024
    },
    "melbands_spread": {
        "max": 136.81602478,
        "mean": 24.9062709808,
        "min": 5.24509382248,
        "stdev": 15.6530790329
    },
    "pitch_salience": {
        "max": 0.846378803253,
        "mean": 0.647259116173,
        "min": 0.283950120211,
        "stdev": 0.116238832474
    },
    "silence_rate_20dB": {
        "max": 1,
        "mean": 1,
        "min": 1,
        "stdev": 0
    },
    "silence_rate_30dB": {
        "max": 1,
        "mean": 0.995793879032,
        "min": 0,
        "stdev": 0.0647178143263
    },
    "silence_rate_60dB": {
        "max": 1,
        "mean": 0.128286018968,
        "min": 0,
        "stdev": 0.334408164024
    },
    "spectral_centroid": {
        "max": 3629.43286133,
        "mean": 1707.75622559,
        "min": 507.232055664,
        "stdev": 506.65802002
    },
    "spectral_complexity": {
        "max": 47,
        "mean": 22.0473194122,
        "min": 0,
        "stdev": 8.56636810303
    },
    "spectral_decrease": {
        "max": -9.51307514208e-14,
        "mean": -4.93526375323e-09,
        "min": -3.86850693701e-08,
        "stdev": 4.62372939936e-09
    },
    "spectral_energy": {
        "max": 0.163618609309,
        "mean": 0.0209012553096,
        "min": 4.31952287272e-07,
        "stdev": 0.0191900711507
    },
    "spectral_energyband_high": {
        "max": 0.0162378177047,
        "mean": 0.000907222100068,
        "min": 1.4285668648e-08,
        "stdev": 0.00153401459102
    },
    "spectral_energyband_low": {
        "max": 0.0177068561316,
        "mean": 0.00193329597823,
        "min": 9.31928978432e-10,
        "stdev": 0.00302266282961
    },
    "spectral_energyband_middle_high": {
        "max": 0.159416228533,
        "mean": 0.00942188873887,
        "min": 3.81105081715e-07,
        "stdev": 0.0120700057596
    },
    "spectral_energyband_middle_low": {
        "max": 0.0874458253384,
        "mean": 0.00941212102771,
        "min": 5.02884169862e-08,
        "stdev": 0.0119907930493
    },
    "spectral_entropy": {
        "max": 8.81967639923,
        "mean": 7.72259664536,
        "min": 6.790620327,
        "stdev": 0.319136887789
    },
    "spectral_flux": {
        "max": 0.241132184863,
        "mean": 0.0800449103117,
        "min": 0.00302865332924,
        "stdev": 0.0399431847036
    },
    "spectral_kurtosis": {
        "max": 19.3340396881,
        "mean": 5.68540859222,
        "min": -0.608036994934,
        "stdev": 3.59229445457
    },
    "spectral_rms": {
        "max": 0.0126343946904,
        "mean": 0.0040843798779,
        "min": 2.05284413823e-05,
        "stdev": 0.00192595296539
    },
    "spectral_rolloff": {
        "max": 10271.3378906,
        "mean": 2298.75488281,
        "min": 301.46484375,
        "stdev": 1431.90612793
    },
    "spectral_skewness": {
        "max": 2.69978952408,
        "mean": 1.64737689495,
        "min": 0.470891177654,
        "stdev": 0.392204344273
    },
    "spectral_spread": {
        "max": 11272991,
        "mean": 4103093.5,
        "min": 1684270.625,
        "stdev": 2077440
    },
    "spectral_strongpeak": {
        "max": 12.1454124451,
        "mean": 1.23420584202,
        "min": 0,
        "stdev": 1.3082909584
    },
    "zerocrossingrate": {
        "max": 0.27392578125,
        "mean": 0.0820810571313,
        "min": 0.0263671875,
        "stdev": 0.0322729051113
    },
    "barkbands": {
        "max": [0.00166100077331, 0.0162756498903, 0.01329347305, 0.00962567515671, 0.0256979838014, 0.0443712770939, 0.0838953405619, 0.0433653630316, 0.0716091692448, 0.122246295214, 0.0188726447523, 0.0200069025159, 0.00901547074318, 0.0139513229951, 0.0162604507059, 0.0448134839535, 0.00781831238419, 0.00667368341237, 0.00156303937547, 0.00180298800115, 0.00227558775805, 0.00183000054676, 0.00547330407426, 0.00488895643502, 0.00277227163315, 0.00185717048589, 8.90607225301e-07],
        "mean": [0.000135687558213, 0.00103413418401, 0.000553810270503, 0.000345348089468, 0.00100248272065, 0.00171790353488, 0.00153463287279, 0.000709169311449, 0.00310589186847, 0.00338956573978, 0.000956044765189, 0.000847903313115, 0.000906428613234, 0.00111890700646, 0.00079690781422, 0.000577419006731, 0.000372989161406, 0.000548309355509, 0.000255197606748, 0.000163969772984, 0.000155435089255, 0.000151582295075, 0.000182933945325, 0.00015872415679, 0.000131219247123, 4.86428107251e-05, 2.18148770159e-08],
        "min": [1.97200051427e-11, 3.62143370847e-10, 2.33941033212e-10, 3.37861127964e-10, 5.03492469939e-10, 1.7654425144e-10, 2.65575383906e-09, 3.30269234183e-09, 1.81074035766e-08, 1.33902489097e-07, 4.09933953449e-08, 6.87767798269e-09, 1.78820247498e-08, 9.76757341675e-09, 1.11768390099e-08, 2.93543198637e-08, 4.15417247268e-08, 7.8413975757e-08, 1.9713203514e-08, 3.55818019493e-09, 4.21959001073e-09, 2.91182855605e-09, 1.63790114804e-09, 1.52067836101e-09, 1.0698306685e-09, 9.04080921238e-10, 2.44087753482e-11],
        "stdev": [0.000267724128207, 0.00179768528324, 0.00134022079874, 0.000977408024482, 0.00238911900669, 0.00411535380408, 0.00553005561233, 0.00235633552074, 0.00604770425707, 0.00764808291569, 0.00178469670936, 0.0014017369831, 0.00120057037566, 0.00175327784382, 0.00137741887011, 0.00203206553124, 0.000517896201927, 0.000695496506523, 0.000255042890785, 0.000209523233934, 0.000282842171146, 0.000240028995904, 0.000378126977012, 0.000358472752851, 0.000286725000478, 0.000114995302283, 7.85622447097e-08]
    },
    "erbbands": {
        "max": [0.549528360367, 3.31872963905, 12.382358551, 23.2470855713, 20.8814258575, 90.0828475952, 251.76802063, 456.923309326, 1326.11865234, 873.499572754, 885.989440918, 2063.48852539, 1318.86755371, 3936.23901367, 534.770019531, 572.786499023, 415.072875977, 819.66619873, 1414.06665039, 1376.84606934, 1184.97753906, 431.402435303, 305.197540283, 245.887573242, 59.1214294434, 96.6923904419, 109.643951416, 86.1780548096, 81.1714706421, 101.791519165, 150.410675049, 112.673362732, 84.6055221558, 38.8449630737, 20.4259548187, 10.557808876, 2.63622641563, 0.202681273222, 0.00386311579496, 0.000260738219367],
        "mean": [0.0330259650946, 0.217347577214, 0.631613254547, 1.01830279827, 1.04400324821, 3.50926160812, 9.84290504456, 15.6374168396, 26.8348712921, 13.0823221207, 20.7957878113, 70.2940826416, 105.553848267, 75.2608947754, 37.4902572632, 32.5918960571, 41.0691871643, 47.1764945984, 61.9736633301, 35.0025215149, 26.4305725098, 22.3734512329, 28.2844161987, 21.8988723755, 9.22551727295, 7.65507936478, 6.03553390503, 6.165163517, 5.71793889999, 5.08487701416, 4.99310159683, 3.79243946075, 2.55640506744, 1.7062574625, 0.765707671642, 0.271501213312, 0.0776964128017, 0.00898633990437, 0.000180239687325, 3.5064862459e-05],
        "min": [1.63750559778e-08, 6.30731307183e-08, 2.18253504158e-07, 8.02632371233e-07, 1.85408248399e-06, 1.50841231061e-06, 3.83196834264e-07, 2.29047350331e-06, 2.06184904528e-05, 7.3948976933e-05, 6.82511017658e-05, 0.00034931168193, 0.00274851568975, 0.00378754828125, 0.00107578770258, 0.000277982879197, 0.000633084680885, 0.000852598052006, 0.000365945568774, 0.000807985896245, 0.00194417021703, 0.0030680692289, 0.00476740626618, 0.00193768087775, 0.000584899447858, 0.000192249572137, 0.000178082904313, 0.000147546001244, 0.000110342683911, 5.51696211915e-05, 4.42822492914e-05, 3.40675396728e-05, 2.28338230954e-05, 1.2871085346e-05, 7.63588650443e-06, 4.4089028961e-06, 1.26510917653e-06, 1.83721041935e-07, 2.46616806976e-08, 1.55321910889e-09],
        "stdev": [0.0679196119308, 0.379951894283, 1.35543191433, 2.60983109474, 2.46266365051, 8.38243293762, 23.8702831268, 42.4195899963, 91.2785186768, 59.4878578186, 48.4132843018, 149.229446411, 167.773681641, 196.772628784, 62.3117332458, 44.6099281311, 52.101776123, 61.0571937561, 114.372177124, 89.2616500854, 58.2180366516, 29.0392894745, 29.6951942444, 27.5517158508, 8.34414672852, 9.86604213715, 10.4194192886, 11.395201683, 9.17623233795, 8.95179843903, 10.6169872284, 8.60577583313, 5.81858444214, 3.69328737259, 1.77336657047, 0.655862629414, 0.183303669095, 0.0195031184703, 0.000359015073627, 3.40450351359e-05]
    },
    "gfcc": {
        "mean": [-27.183391571, 47.6934700012, -181.199707031, -2.49462413788, -73.0183792114, 16.0893192291, -38.3377876282, 15.1401510239, -22.3755664825, -2.55476164818, -18.6678562164, -0.287033379078, -10.1192512512],
        "cov": [[7448.35742188, 521.066345215, 4370.70019531, 1695.20300293, 172.843078613, 740.871826172, -395.350738525, 3.96905112267, -133.091339111, 931.090637207, 71.398651123, 369.027069092, -29.7400550842], [521.066345215, 575.82635498, 615.501586914, 255.445968628, 107.011001587, 116.417831421, 3.62325048447, -17.2508983612, 7.00213670731, 91.6716537476, 11.4687614441, 20.3393096924, 22.9631214142], [4370.70019531, 615.501586914, 4241.11474609, 1814.93786621, 259.359985352, 673.330322266, -403.36050415, -22.4414424896, -139.253097534, 837.272216797, 74.7350845337, 403.914733887, -31.9088878632], [1695.20300293, 255.445968628, 1814.93786621, 914.605712891, 167.687194824, 298.400848389, -141.23223877, -14.5788888931, -72.6468505859, 333.789245605, 21.9317474365, 161.829193115, -22.3354644775], [172.843078613, 107.011001587, 259.359985352, 167.687194824, 127.4610672, 93.0489425659, 26.0859661102, 11.7804336548, -13.9895362854, 30.2681999207, -18.9025382996, 2.81147050858, -4.53876066208], [740.871826172, 116.417831421, 673.330322266, 298.400848389, 93.0489425659, 207.988021851, 2.71843838692, 11.5329046249, -19.7264328003, 127.320800781, 0.976897895336, 43.9698677063, -3.7377204895], [-395.350738525, 3.62325048447, -403.36050415, -141.23223877, 26.0859661102, 2.71843838692, 179.474121094, 39.5508270264, 24.8390522003, -88.7644729614, -14.7446727753, -65.2499694824, -2.64354085922], [3.96905112267, -17.2508983612, -22.4414424896, -14.5788888931, 11.7804336548, 11.5329046249, 39.5508270264, 69.2789840698, 32.0179672241, 15.3254060745, 13.5641546249, 4.97395610809, 4.7843003273], [-133.091339111, 7.00213670731, -139.253097534, -72.6468505859, -13.9895362854, -19.7264328003, 24.8390522003, 32.0179672241, 71.8638305664, 12.3989477158, 13.2304534912, -4.61351251602, 16.3490066528], [931.090637207, 91.6716537476, 837.272216797, 333.789245605, 30.2681999207, 127.320800781, -88.7644729614, 15.3254060745, 12.3989477158, 238.275894165, 50.3600654602, 104.568618774, 6.55009317398], [71.398651123, 11.4687614441, 74.7350845337, 21.9317474365, -18.9025382996, 0.976897895336, -14.7446727753, 13.5641546249, 13.2304534912, 50.3600654602, 72.9247741699, 56.0043411255, 14.9025917053], [369.027069092, 20.3393096924, 403.914733887, 161.829193115, 2.81147050858, 43.9698677063, -65.2499694824, 4.97395610809, -4.61351251602, 104.568618774, 56.0043411255, 113.38028717, 19.8837070465], [-29.7400550842, 22.9631214142, -31.9088878632, -22.3354644775, -4.53876066208, -3.7377204895, -2.64354085922, 4.7843003273, 16.3490066528, 6.55009317398, 14.9025917053, 19.8837070465, 47.431388855]],
        "icov": [[0.000399809796363, 9.72458947217e-05, -0.000565260066651, 0.000431256892625, 0.000252559722867, -0.000201288930839, -0.000127255654661, -9.87135208561e-05, 0.000320362247294, -0.000425645150244, -3.07255359075e-05, 0.000543882546481, -0.000232409089222], [9.72458947217e-05, 0.00386106153019, -0.00318019418046, 0.00247612432577, -0.00398748973384, 0.00244872272015, -0.0020293968264, 0.0036260636989, -0.00375100481324, 0.00356677849777, -0.00454011466354, 0.00391051732004, -0.00286167510785], [-0.000565260066651, -0.00318019418046, 0.0077682021074, -0.00749733531848, 0.005124067422, -0.00580351380631, 0.00415473338217, -0.00397279299796, 0.00553460139781, -0.00835148058832, 0.00704987626523, -0.00596835417673, 0.00307853333652], [0.000431256892625, 0.00247612432577, -0.00749733531848, 0.0121983550489, -0.00813711993396, 0.00419502006844, -0.00341069675051, 0.00434116274118, -0.00231450120918, 0.00380318262614, -0.00454970309511, 0.00264195702039, -0.000709423620719], [0.000252559722867, -0.00398748973384, 0.005124067422, -0.00813711993396, 0.0211225785315, -0.00943202059716, 0.00143181928433, -0.00709759723395, 0.00511486362666, -0.003139491193, 0.00878495164216, -0.00394879002124, 0.00134363572579], [-0.000201288930839, 0.00244872272015, -0.00580351380631, 0.00419502006844, -0.00943202059716, 0.0193272419274, -0.0080705685541, 0.00367223424837, -0.00143338018097, 0.00107539165765, -0.0034047558438, 0.0041261902079, -0.00375469215214], [-0.000127255654661, -0.0020293968264, 0.00415473338217, -0.00341069675051, 0.00143181928433, -0.0080705685541, 0.0145111847669, -0.00769351795316, 0.000604216125794, 0.000672796857543, -0.000377592630684, 0.00182796234731, 0.00222864025272], [-9.87135208561e-05, 0.0036260636989, -0.00397279299796, 0.00434116274118, -0.00709759723395, 0.00367223424837, -0.00769351795316, 0.0262863300741, -0.0124690262601, 0.00288991304114, -0.00632560485974, 0.000815703882836, -0.000371477159206], [0.000320362247294, -0.00375100481324, 0.00553460139781, -0.00231450120918, 0.00511486362666, -0.00143338018097, 0.000604216125794, -0.0124690262601, 0.0319315269589, -0.017618900165, 0.00667892489582, -0.000481460883748, -0.00415174569935], [-0.000425645150244, 0.00356677849777, -0.00835148058832, 0.00380318262614, -0.003139491193, 0.00107539165765, 0.000672796857543, 0.00288991304114, -0.017618900165, 0.0311156064272, -0.0141241941601, 0.00276989000849, -0.0012381762499], [-3.07255359075e-05, -0.00454011466354, 0.00704987626523, -0.00454970309511, 0.00878495164216, -0.0034047558438, -0.000377592630684, -0.00632560485974, 0.00667892489582, -0.0141241941601, 0.0367827862501, -0.0219894833863, 0.00327804405242], [0.000543882546481, 0.00391051732004, -0.00596835417673, 0.00264195702039, -0.00394879002124, 0.0041261902079, 0.00182796234731, 0.000815703882836, -0.000481460883748, 0.00276989000849, -0.0219894833863, 0.033709410578, -0.0117952795699], [-0.000232409089222, -0.00286167510785, 0.00307853333652, -0.000709423620719, 0.00134363572579, -0.00375469215214, 0.00222864025272, -0.000371477159206, -0.00415174569935, -0.0012381762499, 0.00327804405242, -0.0117952795699, 0.0295709501952]]
    },
    "melbands": {
        "max": [0.00480073317885, 0.00461626984179, 0.00355031667277, 0.00372142973356, 0.00658960314468, 0.00989479664713, 0.0197448395193, 0.0088401613757, 0.00652578705922, 0.0125094363466, 0.00691937189549, 0.0182371288538, 0.00232631247491, 0.00255521945655, 0.00108166923746, 0.00117949221749, 0.001723274705, 0.00269429618493, 0.00120003696065, 0.00450277887285, 0.000659667362925, 0.000511444348376, 0.000196250432055, 0.000412658409914, 0.000189732847502, 5.86171045143e-05, 6.10405768384e-05, 6.25884567853e-05, 9.74864378804e-05, 5.46771225345e-05, 7.32607586542e-05, 4.47805614385e-05, 4.78855654364e-05, 7.1072128776e-05, 9.39495002967e-05, 7.63169518905e-05, 7.73426581873e-05, 6.16082033957e-05, 4.73729960504e-05, 2.79540145129e-05],
        "mean": [0.000292580487439, 0.000317301979521, 0.000169106468093, 0.000145918384078, 0.000318086589687, 0.000371635251213, 0.000371281872503, 0.000135799811687, 0.000188506339327, 0.000476981746033, 0.000543875910807, 0.000332988245646, 0.000126505256048, 9.61637488217e-05, 8.5859792307e-05, 9.16125281947e-05, 8.73026583577e-05, 0.000112841538794, 4.86963472213e-05, 4.68811304017e-05, 2.62999310507e-05, 2.27845739573e-05, 2.31563735724e-05, 2.66047773039e-05, 1.73397675098e-05, 7.78944649937e-06, 5.75378771828e-06, 4.79418213217e-06, 4.01206989409e-06, 3.16714931614e-06, 3.75382001039e-06, 3.23347808262e-06, 2.94622213914e-06, 2.8673214274e-06, 2.77407934846e-06, 2.87768421003e-06, 2.17082606468e-06, 1.82942892479e-06, 1.63279366916e-06, 1.35800928547e-06],
        "min": [1.38933670124e-10, 1.07731476517e-10, 1.67984043342e-10, 1.33932559487e-10, 1.69216307633e-11, 5.47918585503e-11, 3.73674202692e-10, 8.30178148448e-10, 4.99341401561e-10, 2.58546362097e-09, 1.47738017375e-08, 1.67685492158e-08, 4.70773553474e-09, 1.01173636136e-09, 6.56096343921e-10, 2.03274286292e-09, 1.37832123492e-09, 4.49696224702e-10, 8.74301631093e-10, 1.20902288181e-09, 2.31256414018e-09, 3.17963388952e-09, 3.21733351072e-09, 3.87419385461e-09, 1.3771462859e-09, 5.42500599998e-10, 1.88563220593e-10, 1.05079653312e-10, 9.57880857966e-11, 1.26252813759e-10, 7.82088352413e-11, 6.40068692492e-11, 4.60200107189e-11, 2.83087425029e-11, 2.92961870041e-11, 1.84022189847e-11, 2.25189224906e-11, 1.90175097892e-11, 9.40787985709e-12, 1.1712675968e-11],
        "stdev": [0.000535146566108, 0.000573282071855, 0.000409797910834, 0.000336533295922, 0.000748317688704, 0.000952625181526, 0.00127525045536, 0.000615222321358, 0.000420293479692, 0.000984349986538, 0.000893397489563, 0.000924838415813, 0.000221802547458, 0.000172128929989, 0.00011728759273, 0.000128040963318, 0.000121423647215, 0.000225201147259, 7.95800224296e-05, 0.000201728063985, 4.10686407122e-05, 3.43134670402e-05, 2.47284606303e-05, 3.83562219213e-05, 2.23557726713e-05, 8.06581738289e-06, 7.19945592209e-06, 6.52029211778e-06, 7.28954410079e-06, 5.92764672547e-06, 7.51537663746e-06, 5.09320670972e-06, 5.29976159669e-06, 5.77432228965e-06, 5.86861779084e-06, 6.60873638481e-06, 5.31298564965e-06, 4.18519130108e-06, 3.87964018955e-06, 2.88208070742e-06]
    },
    "melbands128": {
        "max": [0.00158780999482, 0.00533105898649, 0.00723213376477, 0.00497613009065, 0.00585427274927, 0.00642231479287, 0.00586262438446, 0.00414252560586, 0.00180521700531, 0.00375759042799, 0.00626975437626, 0.0100113879889, 0.0113303503022, 0.00948860961944, 0.0134616717696, 0.0208676569164, 0.0186300147325, 0.037249121815, 0.0159723330289, 0.0163010321558, 0.0112767918035, 0.0142248272896, 0.00595865072682, 0.0122654978186, 0.0231695268303, 0.0121439322829, 0.00760574219748, 0.0111512793228, 0.0216672383249, 0.0429043546319, 0.00754830474034, 0.00450419867411, 0.00280190818012, 0.00345762888901, 0.00644884211943, 0.00147366290912, 0.00306619261391, 0.00201641512103, 0.00136002746876, 0.00176550459582, 0.00228825956583, 0.000937634147704, 0.00370602426119, 0.00150270794984, 0.0032357822638, 0.00591384479776, 0.00131656322628, 0.00249439268373, 0.00113979098387, 0.0052848556079, 0.00985980499536, 0.00256869173609, 0.000949139881413, 0.000214530649828, 0.00152565422468, 0.00102460652124, 0.000384512473829, 0.000307909300318, 0.000452251872048, 0.000297042977763, 0.000547805451788, 0.00109569984488, 0.000321969855577, 0.000143212950206, 0.000257317733485, 9.08437214093e-05, 7.64881042414e-05, 5.85920279264e-05, 9.839048289e-05, 0.00010487507825, 5.04898198415e-05, 6.68787906761e-05, 6.13960801275e-05, 0.000194054518943, 5.96206991759e-05, 5.97094949626e-05, 8.72308737598e-05, 8.42336012283e-05, 0.000150231062435, 5.82916109124e-05, 4.58573740616e-05, 6.96252973285e-05, 8.69341529324e-05, 5.59384425287e-05, 4.55073713965e-05, 4.54569562862e-05, 0.000163020420587, 0.000135967085953, 9.08497677301e-05, 8.04614683148e-05, 0.000202334413189, 8.01298592705e-05, 5.92519900238e-05, 0.000100605917396, 8.57611667016e-05, 6.90626038704e-05, 5.534050797e-05, 7.1763410233e-05, 5.7528817706e-05, 5.71128766751e-05, 4.63326687168e-05, 3.03929136862e-05, 3.10357463604e-05, 2.38445845753e-05, 4.1282219172e-05, 2.39406017499e-05, 2.38249303948e-05, 2.30427667702e-05, 1.6249690816e-05, 2.01751281566e-05, 1.44144078149e-05, 1.35908003358e-05, 7.44721046431e-06, 4.91934770253e-06, 5.12985025125e-06, 2.45887167694e-06, 7.05897917896e-08, 4.25333684939e-10, 4.07856748375e-10, 3.82246040376e-10, 3.64433233591e-10, 3.48791412419e-10, 3.39111100311e-10, 3.24654386707e-10, 3.13869680246e-10, 3.08685715877e-10, 3.04585023869e-10, 3.0135727247e-10],
        "mean": [0.00012259138748, 0.000284454290522, 0.000328727328451, 0.000374576251488, 0.000345195032423, 0.000256748491665, 0.000224125455134, 0.000143720535561, 8.09924749774e-05, 0.000114450158435, 0.000182596864761, 0.000331382907461, 0.000374211551389, 0.000280230742646, 0.000290696247248, 0.00042604203918, 0.000608184258454, 0.000334111478878, 0.000133874593303, 0.0001297070703, 0.000137211347464, 0.000146894424688, 0.000158266950166, 0.000264169037109, 0.000437057402451, 0.000615760742221, 0.000478166912217, 0.000527233933099, 0.000620291859377, 0.000448908802355, 0.000195017302758, 0.000170708037331, 0.000109644657641, 0.000107192034193, 0.000123681005789, 7.90621561464e-05, 7.14933485142e-05, 9.92280911305e-05, 8.11909485492e-05, 9.01452222024e-05, 0.000106664316263, 7.13383997208e-05, 7.26749713067e-05, 9.61190380622e-05, 0.000134889778565, 0.000135494075948, 6.24491003691e-05, 4.728310887e-05, 3.95695824409e-05, 4.54007276858e-05, 5.61737069802e-05, 3.97106159653e-05, 2.73118530458e-05, 1.97165263671e-05, 2.3176016839e-05, 2.46714225796e-05, 2.12534559978e-05, 1.96416385734e-05, 2.50166867772e-05, 2.80977837974e-05, 2.49690710916e-05, 2.97438909911e-05, 1.95279826585e-05, 1.32367313199e-05, 1.39307203426e-05, 7.00522332409e-06, 4.95518725074e-06, 4.83441681354e-06, 6.93515175954e-06, 5.63773801332e-06, 4.55155986856e-06, 4.68891175842e-06, 3.94715198127e-06, 4.70067288916e-06, 2.77564686257e-06, 2.94897017739e-06, 3.55470820068e-06, 3.0615722153e-06, 4.69576434625e-06, 3.26564781972e-06, 3.16587602356e-06, 3.23615859088e-06, 3.06565311803e-06, 3.26358144775e-06, 2.41255202127e-06, 2.45374894803e-06, 3.57700832865e-06, 2.77643562185e-06, 2.397062417e-06, 2.5553586056e-06, 4.18618810727e-06, 2.37108770307e-06, 2.05566470868e-06, 2.30780415222e-06, 2.2013830403e-06, 1.79478820428e-06, 1.98449379241e-06, 1.44790249124e-06, 1.60448666975e-06, 1.76144681063e-06, 1.54193037361e-06, 1.30510090912e-06, 1.15066620765e-06, 8.93607364105e-07, 8.68324491421e-07, 7.83632742696e-07, 6.66442360853e-07, 5.76009142605e-07, 4.61170799326e-07, 3.32536274072e-07, 2.71147087005e-07, 2.63424453806e-07, 2.50101493293e-07, 2.15958849026e-07, 2.02101844593e-07, 1.10233244754e-07, 1.49710011055e-09, 4.675300945e-12, 3.99525594899e-12, 3.85703404979e-12, 3.73717549962e-12, 3.63610226997e-12, 3.56107092599e-12, 3.47847705501e-12, 3.38358507879e-12, 3.2811264556e-12, 3.21761996387e-12, 3.192533694e-12],
        "min": [3.80340203776e-12, 5.17832374203e-11, 1.21471707692e-10, 9.32590810132e-11, 8.96695495634e-11, 1.2697831675e-10, 1.6012158266e-10, 1.70129021981e-10, 1.98246960514e-10, 1.69675315465e-10, 7.23067578035e-11, 1.12486504486e-11, 7.8060266584e-12, 1.23597711926e-11, 2.01916122711e-11, 7.13717834833e-11, 2.08753195285e-10, 3.49456075188e-10, 6.50518916512e-10, 9.78316094802e-10, 8.6792262266e-10, 5.92893401041e-10, 3.67421953973e-10, 4.70416872123e-10, 9.60441837172e-10, 2.97747826394e-09, 7.43012318338e-09, 1.39322047232e-08, 2.33153087947e-08, 2.29064607282e-08, 1.25470682732e-08, 8.73427019599e-09, 4.74673278461e-09, 1.31429511718e-09, 1.44310441375e-09, 1.00638875011e-09, 2.15301110273e-10, 2.25906404694e-10, 1.40766898138e-09, 1.00993546859e-09, 1.94024774025e-09, 4.18391277179e-09, 1.3152255951e-09, 1.42065206821e-10, 1.5079378024e-10, 7.3200978612e-10, 5.39060684979e-10, 4.37635983008e-10, 1.42912270906e-09, 1.10593578739e-09, 7.64572238854e-10, 1.35775446441e-09, 3.79025033581e-09, 1.8500505572e-09, 1.02832531379e-09, 4.82264628232e-09, 3.85048082308e-09, 3.68957031593e-10, 3.45891737474e-09, 7.87231435595e-09, 3.32701888262e-09, 1.84952364535e-09, 1.9100243609e-09, 1.20850240926e-09, 5.92295990032e-10, 6.04396366288e-10, 4.72790140371e-10, 1.79556480795e-10, 1.3136311483e-10, 1.81049161774e-10, 8.89035720042e-11, 8.22915346976e-11, 9.00087365752e-11, 8.65552213236e-11, 9.61682677936e-11, 2.10642989162e-10, 7.88833304233e-11, 6.08319158935e-11, 7.83636489032e-11, 1.08761159801e-10, 4.35863463377e-11, 6.65624153018e-11, 6.53577816867e-11, 4.7078795723e-11, 2.2885651707e-11, 1.92349539074e-11, 2.37664089797e-11, 6.15228354373e-11, 1.99856364097e-11, 2.02779876224e-11, 1.76599845858e-11, 2.02032331836e-11, 1.32328835389e-11, 2.84157246344e-11, 1.74839778072e-11, 3.29942982658e-11, 1.4969544701e-11, 7.97749973719e-12, 1.28718329398e-11, 6.00280849333e-12, 9.37161979964e-12, 1.40654293768e-11, 1.43632449684e-11, 7.37940177714e-12, 8.07583947632e-12, 8.93428386828e-12, 6.25406887736e-12, 6.31094829173e-12, 7.62484173022e-12, 8.4063858305e-12, 6.70880191678e-12, 4.24512161534e-12, 2.44107620402e-12, 2.12860176534e-12, 1.85302944863e-12, 1.27643490395e-12, 2.06546991966e-13, 8.68949823121e-14, 6.83608646578e-14, 6.79274074055e-14, 6.88339494995e-14, 7.15243971905e-14, 8.03222844682e-14, 5.90294618199e-14, 3.19017002485e-14, 1.43693938719e-14, 2.73223648499e-15, 6.47205368026e-17],
        "stdev": [0.000241716508754, 0.000624912499916, 0.000703721889295, 0.000664338527713, 0.000715427508112, 0.000639311794657, 0.000607345311437, 0.000419488264015, 0.00021072702657, 0.000329746399075, 0.000488549238071, 0.000945091771428, 0.00106409157161, 0.000731754116714, 0.000977636082098, 0.00157493632287, 0.00217267661355, 0.0017336346209, 0.000914973614272, 0.00094595894916, 0.000651215028483, 0.000649591558613, 0.000387089559808, 0.000745253986679, 0.00130393425934, 0.00135968253016, 0.000881791522261, 0.00104505219497, 0.00151062698569, 0.00201011379249, 0.000441295240307, 0.000417615723563, 0.00022335263202, 0.000265542999841, 0.00033288798295, 0.000137436640216, 0.000143895420479, 0.000168539234437, 0.000132503657369, 0.000149710671394, 0.00018552489928, 0.000116991177492, 0.000168139536981, 0.000162140335306, 0.000335730845109, 0.000376832205802, 0.0001154319325, 0.000111146575364, 7.00625168975e-05, 0.000222796123126, 0.000406179140555, 0.000126944898511, 5.18565575476e-05, 2.58454583673e-05, 6.00564126216e-05, 4.84981101181e-05, 3.26239714923e-05, 3.18452111969e-05, 3.48387220583e-05, 3.20711878885e-05, 4.25462967542e-05, 8.05006202427e-05, 3.34909527737e-05, 1.70992607309e-05, 2.04805874091e-05, 8.92866319191e-06, 6.82835343468e-06, 6.08232312516e-06, 1.12769475891e-05, 9.70760993368e-06, 7.13648705641e-06, 7.42789188735e-06, 6.50812489766e-06, 1.15796610771e-05, 5.39624443263e-06, 5.87166550758e-06, 7.46434443499e-06, 6.7035534812e-06, 1.27207194964e-05, 5.91937669014e-06, 5.11635289513e-06, 5.88247939959e-06, 7.29050816517e-06, 6.39658537693e-06, 4.12927192883e-06, 4.62230218545e-06, 1.02008343674e-05, 6.55193298371e-06, 5.35073058927e-06, 6.34275647826e-06, 1.27588164105e-05, 5.27200563738e-06, 4.88849855174e-06, 6.15948192717e-06, 5.74626164962e-06, 4.40970461568e-06, 4.62439857074e-06, 3.99092232328e-06, 4.11318160332e-06, 4.14681744587e-06, 3.54790745405e-06, 2.9178022487e-06, 2.56903899754e-06, 2.05551964427e-06, 2.50186121775e-06, 1.94013887267e-06, 1.67679888818e-06, 1.54823851517e-06, 1.0595575759e-06, 9.84775624602e-07, 7.67424751302e-07, 7.69775908793e-07, 6.28493467048e-07, 4.82677421587e-07, 4.70395406182e-07, 2.85225326024e-07, 4.33741265127e-09, 1.54491020671e-11, 1.4615152838e-11, 1.3795113489e-11, 1.32099652397e-11, 1.26956275354e-11, 1.23621564374e-11, 1.19017356734e-11, 1.15547259261e-11, 1.13769948323e-11, 1.12376089337e-11, 1.11315913084e-11]
    },
    "mfcc": {
        "mean": [-651.09765625, 86.5800476074, -52.9411506653, -18.3205890656, -16.2075252533, -7.89774179459, -7.22737169266, 7.67396736145, -0.642111420631, 1.80269527435, 0.901780843735, -6.61530971527, -9.38006687164],
        "cov": [[5232.86962891, 134.72668457, 2900.42993164, 939.933288574, 799.661010742, 650.225891113, 273.010223389, -318.772094727, -6.99986886978, 185.019989014, 0.90501755476, 174.738052368, 305.813171387], [134.72668457, 426.297637939, 219.01411438, 86.3834075928, 83.2656326294, 83.1263885498, 38.6275177002, -5.12940168381, 20.5378246307, 25.0830783844, 2.7429754734, -2.5502986908, 12.9015569687], [2900.42993164, 219.01411438, 3555.30078125, 1318.09472656, 1071.42980957, 800.998779297, 275.181610107, -344.461578369, -15.2227087021, 73.4419631958, 14.3188762665, 282.581481934, 375.723907471], [939.933288574, 86.3834075928, 1318.09472656, 618.995178223, 432.622070312, 320.188812256, 124.864433289, -110.80254364, 8.96989822388, 16.5638179779, 9.41894340515, 108.632568359, 136.651382446], [799.661010742, 83.2656326294, 1071.42980957, 432.622070312, 411.583953857, 265.706207275, 87.8314590454, -97.2254180908, 3.24387216568, 24.0762310028, -3.79218292236, 72.6809768677, 113.397346497], [650.225891113, 83.1263885498, 800.998779297, 320.188812256, 265.706207275, 278.433044434, 120.778282166, -52.0984115601, 27.1996326447, 31.9014015198, 3.51371002197, 58.2829399109, 67.5805740356], [273.010223389, 38.6275177002, 275.181610107, 124.864433289, 87.8314590454, 120.778282166, 132.098388672, 25.8773708344, 31.2576332092, 22.2963924408, 11.5179405212, 24.7418289185, 16.2704257965], [-318.772094727, -5.12940168381, -344.461578369, -110.80254364, -97.2254180908, -52.0984115601, 25.8773708344, 105.92061615, 27.2758178711, 0.457565456629, 6.62691736221, -26.3952102661, -41.0682487488], [-6.99986886978, 20.5378246307, -15.2227087021, 8.96989822388, 3.24387216568, 27.1996326447, 31.2576332092, 27.2758178711, 77.1927108765, 39.2118835449, 15.2208776474, -0.664682745934, -19.7218132019], [185.019989014, 25.0830783844, 73.4419631958, 16.5638179779, 24.0762310028, 31.9014015198, 22.2963924408, 0.457565456629, 39.2118835449, 71.978263855, 19.7262916565, -0.340827316046, -2.25385951996], [0.90501755476, 2.7429754734, 14.3188762665, 9.41894340515, -3.79218292236, 3.51371002197, 11.5179405212, 6.62691736221, 15.2208776474, 19.7262916565, 47.9522628784, 20.3744125366, 3.6428129673], [174.738052368, -2.5502986908, 282.581481934, 108.632568359, 72.6809768677, 58.2829399109, 24.7418289185, -26.3952102661, -0.664682745934, -0.340827316046, 20.3744125366, 80.7568206787, 68.0909042358], [305.813171387, 12.9015569687, 375.723907471, 136.651382446, 113.397346497, 67.5805740356, 16.2704257965, -41.0682487488, -19.7218132019, -2.25385951996, 3.6428129673, 68.0909042358, 128.19380188]],
        "icov": [[0.000436262664152, 8.35472601466e-05, -0.000480774673633, 0.000249849428656, 0.000319577899063, 9.90145053947e-05, -0.000538262131158, 0.000425728358096, 0.000255152990576, -0.000921846309211, 0.000260912289377, 0.000543130445294, -0.000309405702865], [8.35472601466e-05, 0.00258276937529, -0.000134025060106, 0.000110959183075, -9.45505962591e-05, -0.000697874289472, -4.00905009883e-05, -0.000163880744367, -0.000211034479435, -0.000465364515549, -0.000283261353616, 0.00122832704801, -0.000465609569801], [-0.000480774673633, -0.000134025060106, 0.00341439875774, -0.00260730530135, -0.00277408142574, -0.00197654240765, -0.000154181791004, 0.00245983689092, 0.00103371287696, -0.000333530188072, -6.68400462018e-05, -0.00226241932251, -0.000407315121265], [0.000249849428656, 0.000110959183075, -0.00260730530135, 0.00977634824812, -0.00359669933096, -0.000429930048995, -0.00142493785825, -0.00010227761959, -0.00195083383005, 0.00305483164266, -0.00154516694602, -0.000361772777978, 0.000159174087457], [0.000319577899063, -9.45505962591e-05, -0.00277408142574, -0.00359669933096, 0.0147702395916, -0.00371860247105, 0.00190473289695, -0.000572171527892, -0.000228940727538, -0.00138433405664, 0.0015854772646, 0.00438221311197, -0.00275066215545], [9.90145053947e-05, -0.000697874289472, -0.00197654240765, -0.000429930048995, -0.00371860247105, 0.017629545182, -0.00894051790237, 0.00188372656703, -0.00290920073166, -0.000758396345191, 0.00250536436215, -0.000919930986129, 0.00177566346247], [-0.000538262131158, -4.00905009883e-05, -0.000154181791004, -0.00142493785825, 0.00190473289695, -0.00894051790237, 0.019900996238, -0.0110227335244, -0.000216621570871, -0.000466615543701, -0.000975528149866, -0.00232195085846, 0.00144967692904], [0.000425728358096, -0.000163880744367, 0.00245983689092, -0.00010227761959, -0.000572171527892, 0.00188372656703, -0.0110227335244, 0.0230150762945, -0.00499798310921, 0.00226263143122, -0.00177446205635, 0.00269981031306, -0.00192714051809], [0.000255152990576, -0.000211034479435, 0.00103371287696, -0.00195083383005, -0.000228940727538, -0.00290920073166, -0.000216621570871, -0.00499798310921, 0.0238278526813, -0.0126461694017, 0.00021800873219, -0.00446288706735, 0.00443261256441], [-0.000921846309211, -0.000465364515549, -0.000333530188072, 0.00305483164266, -0.00138433405664, -0.000758396345191, -0.000466615543701, 0.00226263143122, -0.0126461694017, 0.0265834424645, -0.00998155213892, 0.00587528012693, -0.00193964352366], [0.000260912289377, -0.000283261353616, -6.68400462018e-05, -0.00154516694602, 0.0015854772646, 0.00250536436215, -0.000975528149866, -0.00177446205635, 0.00021800873219, -0.00998155213892, 0.0308282859623, -0.0128935547546, 0.00391170755029], [0.000543130445294, 0.00122832704801, -0.00226241932251, -0.000361772777978, 0.00438221311197, -0.000919930986129, -0.00232195085846, 0.00269981031306, -0.00446288706735, 0.00587528012693, -0.0128935547546, 0.0335953719914, -0.0146958203986], [-0.000309405702865, -0.000465609569801, -0.000407315121265, 0.000159174087457, -0.00275066215545, 0.00177566346247, 0.00144967692904, -0.00192714051809, 0.00443261256441, -0.00193964352366, 0.00391170755029, -0.0146958203986, 0.0186479371041]]
    },
    "spectral_contrast_coeffs": {
        "max": [-0.537882447243, -0.43835490942, -0.505317747593, -0.600707054138, -0.583909571171, -0.677725195885],
        "mean": [-0.731431305408, -0.735339999199, -0.756776571274, -0.806363880634, -0.770188450813, -0.761722028255],
        "min": [-0.911892414093, -0.930705010891, -0.898239135742, -0.897916197777, -0.859535992146, -0.864897787571],
        "stdev": [0.0620517544448, 0.0802944451571, 0.0666528344154, 0.0484956353903, 0.0384072624147, 0.0302382800728]
    },
    "spectral_contrast_valleys": {
        "max": [-5.1767988205, -4.74200487137, -4.80066537857, -5.55133247375, -5.94283533096, -7.5212187767],
        "mean": [-8.4742898941, -7.03812026978, -6.73570013046, -6.92011737823, -7.42963409424, -10.2314414978],
        "min": [-14.004524231, -12.1230688095, -11.5603189468, -12.0089054108, -11.7514448166, -14.6509418488],
        "stdev": [1.80701625347, 0.685284674168, 0.664845466614, 0.56715285778, 0.565764725208, 1.14234185219]
    }
},
"rhythm": {
    "beats_count": 46,
    "beats_loudness": {
        "max": 0.0965640991926,
        "mean": 0.0241538956761,
        "min": 0.00195157644339,
        "stdev": 0.0206900537014
    },
    "bpm": 127.261734009,
    "bpm_histogram_first_peak_bpm": 126,
    "bpm_histogram_first_peak_weight": 0.5,
    "bpm_histogram_second_peak_bpm": 140,
    "bpm_histogram_second_peak_spread": 0.166666686535,
    "bpm_histogram_second_peak_weight": 0.111111111939,
    "danceability": 0.953656852245,
    "onset_rate": 1.94829618931,
    "beats_loudness_band_ratio": {
        "max": [0.600397348404, 0.48812904954, 0.74735814333, 0.725747942924, 0.452228546143, 0.260880380869],
        "mean": [0.129437640309, 0.0919557958841, 0.26401296258, 0.314517170191, 0.180097430944, 0.0604823455215],
        "min": [3.18930688081e-05, 0.000471013074275, 0.0285304412246, 0.0346416980028, 0.0208741053939, 0.0100443875417],
        "stdev": [0.189128473401, 0.128789484501, 0.164661303163, 0.20660802722, 0.120866432786, 0.0585325136781]
    },
    "beats_position": [0.406349211931, 0.835918366909, 1.26548755169, 1.70666658878, 2.15945577621, 2.62385487556, 3.08825397491, 3.56426286697, 4.04027223587, 4.5046710968, 4.98067998886, 5.45668935776, 5.92108821869, 6.43192720413, 6.8963265419, 7.36072540283, 7.83673477173, 8.31274318695, 8.80036258698, 9.287981987, 9.76399040222, 10.2399997711, 10.6695690155, 11.0991382599, 11.5287075043, 12.0047159195, 12.4807252884, 12.9567346573, 13.4327430725, 13.9087524414, 14.3847618103, 14.8607711792, 15.3251695633, 15.7895689011, 16.2655773163, 16.7764167786, 17.2872562408, 17.7980957031, 18.2624931335, 18.7268924713, 19.2029018402, 19.667301178, 20.1317005157, 20.5960998535, 21.0604991913, 21.5248966217],
