{
"metadata": {
    "version": {
        "essentia": "2.1-beta5",
        "essentia_git_sha": "Undefined",
        "extractor": "music 2.0"
    },
    "audio_properties": {
        "analysis": {
            "equal_loudness": 0,
            "length": 32.4963264465,
            "sample_rate": 44100,
            "start_time": 126.502311707,
            "downmix": "mix"
        },
        "bit_rate": 192000,
        "length": 188.801452637,
        "lossless": 0,
        "number_channels": 2,
        "replay_gain": -9.16697692871,
        "sample_rate": 48000,
        "codec": "mp3",
        "md5_encoded": "e60d8641b9cf0b3e9f3b2d1c38b8873a"
    },
    "tags": {
        "file_name": "France_A Chaque Pas_Jonatan Cerrada.mp3",
        "encoding": ["Lavf58.29.100"]
    }
},
"lowlevel": {
    "average_loudness": 0.885970175266,
    "barkbands_crest": {
        "max": 23.7865161896,
        "mean": 9.00197315216,
        "min": 2.29274821281,
        "stdev": 4.15892505646
    },
    "barkbands_flatness_db": {
        "max": 0.38100039959,
        "mean": 0.14711073041,
        "min": 0.0333973877132,
        "stdev": 0.0561060681939
    },
    "barkbands_kurtosis": {
        "max": 49.4180374146,
        "mean": 2.77332043648,
        "min": -1.86094474792,
        "stdev": 6.19570970535
    },
    "barkbands_skewness": {
        "max": 6.32917499542,
        "mean": 1.08272433281,
        "min": -2.56686973572,
        "stdev": 1.20249426365
    },
    "barkbands_spread": {
        "max": 110.266395569,
        "mean": 21.6855564117,
        "min": 2.0547015667,
        "stdev": 13.2125434875
    },
    "dissonance": {
        "max": 0.499863892794,
        "mean": 0.463990747929,
        "min": 0.271112412214,
        "stdev": 0.028241224587
    },
    "dynamic_complexity": 4.01528501511,
    "erbbands_crest": {
        "max": 26.0450344086,
        "mean": 9.05289649963,
        "min": 2.79494380951,
        "stdev": 4.02809381485
    },
    "erbbands_flatness_db": {
        "max": 0.321549206972,
        "mean": 0.176964893937,
        "min": 0.0579542592168,
        "stdev": 0.0455425828695
    },
    "erbbands_kurtosis": {
        "max": 19.2103691101,
        "mean": 0.29903742671,
        "min": -1.6881095171,
        "stdev": 1.67269837856
    },
    "erbbands_skewness": {
        "max": 3.88836407661,
        "mean": 0.156469061971,
        "min": -2.97170114517,
        "stdev": 0.707455396652
    },
    "erbbands_spread": {
        "max": 138.480453491,
        "mean": 29.9440746307,
        "min": 6.59239816666,
        "stdev": 15.4853754044
    },
    "hfc": {
        "max": 236.194976807,
        "mean": 20.7371444702,
        "min": 0.131615102291,
        "stdev": 22.1150360107
    },
    "loudness_ebu128": {
        "integrated": -14.973487854,
        "loudness_range": 7.78737831116,
        "momentary": {
            "max": -9.77177619934,
            "mean": -16.4890079498,
            "min": -28.3813114166,
            "stdev": 3.99135994911
        },
        "short_term": {
            "max": -12.6396083832,
            "mean": -16.019952774,
            "min": -22.5687484741,
            "stdev": 2.88835787773
        }
    },
    "melbands_crest": {
        "max": 31.1014957428,
        "mean": 12.4206008911,
        "min": 4.00385475159,
        "stdev": 5.57538509369
    },
    "melbands_flatness_db": {
        "max": 0.502484440804,
        "mean": 0.201870962977,
        "min": 0.0473685786128,
        "stdev": 0.0738880559802
    },
    "melbands_kurtosis": {
        "max": 122.445480347,
        "mean": 7.70067882538,
        "min": -1.83283293247,
        "stdev": 13.5603685379
    },
    "melbands_skewness": {
        "max": 10.4298067093,
        "mean": 1.90972900391,
        "min": -0.492305070162,
        "stdev": 1.4973628521
    },
    "melbands_spread": {
        "max": 202.211395264,
        "mean": 28.0494155884,
        "min": 2.20538663864,
        "stdev": 19.1854324341
    },
    "pitch_salience": {
        "max": 0.823247671127,
        "mean": 0.55297857523,
        "min": 0.176605969667,
        "stdev": 0.100215435028
    },
    "silence_rate_20dB": {
        "max": 1,
        "mean": 1,
        "min": 1,
        "stdev": 0
    },
    "silence_rate_30dB": {
        "max": 1,
        "mean": 0.999286234379,
        "min": 0,
        "stdev": 0.0267072375864
    },
    "silence_rate_60dB": {
        "max": 1,
        "mean": 0.092790864408,
        "min": 0,
        "stdev": 0.290142118931
    },
    "spectral_centroid": {
        "max": 4802.89990234,
        "mean": 1392.54272461,
        "min": 219.020294189,
        "stdev": 648.120910645
    },
    "spectral_complexity": {
        "max": 49,
        "mean": 19.6573867798,
        "min": 0,
        "stdev": 10.9985895157
    },
    "spectral_decrease": {
        "max": -5.45144450415e-11,
        "mean": -4.9345034725e-09,
        "min": -3.2751945156e-08,
        "stdev": 3.64375796202e-09
    },
    "spectral_energy": {
        "max": 0.135859683156,
        "mean": 0.0205048620701,
        "min": 0.000218381668674,
        "stdev": 0.0152815496549
    },
    "spectral_energyband_high": {
        "max": 0.0222373381257,
        "mean": 0.000420376367401,
        "min": 1.28545067923e-07,
        "stdev": 0.00135539192706
    },
    "spectral_energyband_low": {
        "max": 0.0803191065788,
        "mean": 0.00473072892055,
        "min": 3.01837053485e-06,
        "stdev": 0.00619352981448
    },
    "spectral_energyband_middle_high": {
        "max": 0.0645074397326,
        "mean": 0.0083374120295,
        "min": 2.24240575335e-05,
        "stdev": 0.00970787741244
    },
    "spectral_energyband_middle_low": {
        "max": 0.0730234980583,
        "mean": 0.00740555953234,
        "min": 0.000111661604024,
        "stdev": 0.00617247680202
    },
    "spectral_entropy": {
        "max": 8.85980892181,
        "mean": 7.39296007156,
        "min": 5.47941064835,
        "stdev": 0.485522180796
    },
    "spectral_flux": {
        "max": 0.291761219501,
        "mean": 0.0703992471099,
        "min": 0.00502716982737,
        "stdev": 0.0394407697022
    },
    "spectral_kurtosis": {
        "max": 84.895690918,
        "mean": 8.24565315247,
        "min": -0.752023458481,
        "stdev": 7.50983905792
    },
    "spectral_rms": {
        "max": 0.0115128634498,
        "mean": 0.00413875235245,
        "min": 0.00046157912584,
        "stdev": 0.00169571663719
    },
    "spectral_rolloff": {
        "max": 12338.5253906,
        "mean": 1605.38317871,
        "min": 86.1328125,
        "stdev": 1374.875
    },
    "spectral_skewness": {
        "max": 7.3192152977,
        "mean": 1.95328640938,
        "min": 0.312315732241,
        "stdev": 0.706048965454
    },
    "spectral_spread": {
        "max": 12603025,
        "mean": 3623775.5,
        "min": 1063268.25,
        "stdev": 1484739
    },
    "spectral_strongpeak": {
        "max": 12.2492713928,
        "mean": 1.07831585407,
        "min": 0,
        "stdev": 1.45016908646
    },
    "zerocrossingrate": {
        "max": 0.359375,
        "mean": 0.0580026544631,
        "min": 0.00732421875,
        "stdev": 0.0348820202053
    },
    "barkbands": {
        "max": [0.0167835839093, 0.0520999059081, 0.0345498211682, 0.0108546679839, 0.0194051079452, 0.0645582824945, 0.00451566884294, 0.0218380130827, 0.0308797173202, 0.025910211727, 0.0190594904125, 0.0142359957099, 0.0252235941589, 0.0327108949423, 0.0191309470683, 0.00791770685464, 0.00710386084393, 0.0246247854084, 0.0078372200951, 0.00473179901019, 0.00260653905571, 0.00488086882979, 0.00501771969721, 0.00281533738598, 0.0127436211333, 0.00432052090764, 9.84022335615e-06],
        "mean": [0.000356670934707, 0.00304372608662, 0.0011211555684, 0.000563452718779, 0.00165189953987, 0.00216467911378, 0.000650639936794, 0.000709718035068, 0.00124133343343, 0.0014811855508, 0.000665297731757, 0.000994883826934, 0.00117568380665, 0.00138862081803, 0.000675253220834, 0.000342898681993, 0.00044087995775, 0.000838987645693, 0.000497949076816, 0.000125648512039, 5.47597410332e-05, 7.61452974984e-05, 7.20870229998e-05, 4.97604814882e-05, 7.79396359576e-05, 4.35815127275e-05, 3.28036691144e-08],
        "min": [1.15427480907e-08, 3.54322423846e-07, 1.08765306095e-07, 1.0414917142e-06, 2.11287479033e-05, 8.08911045169e-06, 2.04848379326e-06, 1.13538533242e-06, 1.95616189558e-06, 1.08797212306e-06, 6.98485905559e-07, 4.94578273447e-07, 6.56902045648e-07, 1.12125928808e-06, 8.37122229314e-07, 6.87657689014e-07, 3.5746688809e-07, 2.02696924134e-07, 8.94117491157e-08, 6.45188364956e-08, 1.60848330211e-08, 1.09120668057e-08, 8.83323458822e-09, 8.9242089274e-09, 1.11268869674e-08, 9.85939418996e-09, 1.89865657918e-11],
        "stdev": [0.00120674923528, 0.00440388871357, 0.00232161092572, 0.000936197931878, 0.00165311607998, 0.00357090635225, 0.000657160417177, 0.00133838225156, 0.00246672029607, 0.00273091671988, 0.00159430026542, 0.00170950207394, 0.00233109900728, 0.0028850112576, 0.00124373740982, 0.000638666853774, 0.000696659728419, 0.00152825878467, 0.000713220739271, 0.000225429539569, 0.000131774315378, 0.000249620439718, 0.000262544170255, 0.000190529957763, 0.000523164635524, 0.000198767127586, 2.95974473374e-07]
    },
    "erbbands": {
        "max": [3.14098286629, 7.04825496674, 32.8897285461, 26.4964542389, 59.0011253357, 60.593914032, 553.651489258, 471.278808594, 112.203102112, 135.546676636, 557.676574707, 870.53112793, 958.405883789, 752.879638672, 868.588195801, 641.472961426, 1140.82385254, 1818.73608398, 788.234680176, 497.947387695, 349.657531738, 456.122070312, 591.044433594, 1071.94421387, 335.43649292, 292.792327881, 146.430084229, 77.501914978, 181.427856445, 209.345535278, 109.042785645, 81.619758606, 56.0904502869, 119.489746094, 100.479949951, 27.8056106567, 6.27713441849, 0.786592662334, 0.0150185069069, 0.000805365329143],
        "mean": [0.112948581576, 0.59004086256, 1.32008099556, 1.57709598541, 3.3241789341, 4.83994150162, 15.8764066696, 15.9557762146, 11.509141922, 7.62685823441, 20.6064033508, 28.2233982086, 38.6572799683, 43.8753738403, 33.5346908569, 40.3343276978, 48.3403701782, 71.6686019897, 54.2134742737, 27.2404251099, 20.5437965393, 22.0181465149, 35.6352615356, 44.1391906738, 16.1481704712, 6.24452066422, 2.70941901207, 2.07550382614, 2.64950275421, 2.5969004631, 1.90947854519, 1.17654931545, 0.825307250023, 0.862504839897, 0.556623935699, 0.255822867155, 0.0627137348056, 0.00708960928023, 0.000144778183312, 3.15841825795e-05],
        "min": [1.43855304486e-05, 0.000138871269883, 0.000634014315438, 0.00491732638329, 0.0279845707119, 0.0799734294415, 0.0775931552052, 0.0877386406064, 0.117939144373, 0.044795487076, 0.0461938157678, 0.0494822077453, 0.0470825284719, 0.05151566118, 0.0608757138252, 0.0389678366482, 0.0495839007199, 0.0591822899878, 0.0688543915749, 0.0540167987347, 0.0542325302958, 0.033366329968, 0.0152934379876, 0.00731716770679, 0.00557281542569, 0.00349998939782, 0.00105553667527, 0.000549278629478, 0.000465343240649, 0.000302117987303, 0.000227485143114, 0.000194605221623, 0.000131084612804, 9.77290037554e-05, 5.49279284314e-05, 3.78097574867e-05, 1.41470773087e-05, 1.39148846756e-06, 1.9042172994e-07, 2.57510606616e-07],
        "stdev": [0.217967137694, 0.737028062344, 2.43215250969, 2.19360303879, 4.52002191544, 5.30508136749, 29.1583251953, 27.5856952667, 11.2227973938, 10.642531395, 37.2131347656, 56.1496238708, 84.7419662476, 77.9338378906, 68.6842880249, 66.7445678711, 86.7762451172, 133.971969604, 100.453033447, 52.5803565979, 30.6167373657, 34.2872581482, 51.1668319702, 78.2218322754, 22.874584198, 11.4260225296, 5.96848297119, 5.40334129333, 8.81719493866, 10.3437042236, 6.3558011055, 4.24036836624, 3.46708631516, 5.48802280426, 3.89903330803, 1.18981599808, 0.301286667585, 0.0382393933833, 0.000706746068317, 4.11058754253e-05]
    },
    "gfcc": {
        "mean": [-21.4347171783, 106.453193665, -128.214248657, 19.8266429901, -47.6732025146, 11.1057243347, -43.7555236816, 12.8736391068, -27.1970443726, 2.1198451519, -11.3520460129, 6.00494670868, -12.5645608902],
        "cov": [[7377.10205078, -2241.12133789, -738.283447266, 478.677825928, -126.396842957, 699.302307129, 337.513763428, 766.169555664, -228.062637329, 374.445220947, 82.1537017822, 183.157897949, -377.507415771], [-2241.12133789, 1401.5625, -56.6356468201, -193.771697998, 194.037994385, -259.792480469, 74.3457183838, -206.922317505, 122.052467346, -166.376403809, 128.012588501, -87.1039810181, 161.672225952], [-738.283447266, -56.6356468201, 743.348999023, 247.967498779, -42.985748291, 15.4042673111, -56.1135864258, -46.0730895996, 81.0728378296, 48.3879852295, -92.6005172729, 17.7098178864, 8.47163200378], [478.677825928, -193.771697998, 247.967498779, 477.244567871, 40.5182342529, 123.52155304, 160.46484375, 106.531951904, 63.2347869873, 79.7936553955, 14.4178724289, 0.602168977261, -24.301902771], [-126.396842957, 194.037994385, -42.985748291, 40.5182342529, 192.008529663, 24.4293365479, 64.9968795776, 42.2772865295, 27.9692077637, 0.116606727242, 44.2964515686, -6.39941596985, 18.9349346161], [699.302307129, -259.792480469, 15.4042673111, 123.52155304, 24.4293365479, 207.569015503, 120.151641846, 84.8625411987, -4.61689186096, 50.4423217773, 12.124879837, 6.78747081757, -52.587097168], [337.513763428, 74.3457183838, -56.1135864258, 160.46484375, 64.9968795776, 120.151641846, 329.666931152, 102.802978516, -18.0241928101, 29.5671482086, 84.0528411865, -20.3407096863, -22.0176963806], [766.169555664, -206.922317505, -46.0730895996, 106.531951904, 42.2772865295, 84.8625411987, 102.802978516, 200.837081909, 9.62717914581, 60.6032180786, 22.6599197388, 23.0901165009, -33.2167472839], [-228.062637329, 122.052467346, 81.0728378296, 63.2347869873, 27.9692077637, -4.61689186096, -18.0241928101, 9.62717914581, 139.79624939, 18.0878276825, -8.50815677643, 6.82229757309, 24.1005249023], [374.445220947, -166.376403809, 48.3879852295, 79.7936553955, 0.116606727242, 50.4423217773, 29.5671482086, 60.6032180786, 18.0878276825, 99.4184570312, 18.4572257996, 20.17486763, -23.2773265839], [82.1537017822, 128.012588501, -92.6005172729, 14.4178724289, 44.2964515686, 12.124879837, 84.0528411865, 22.6599197388, -8.50815677643, 18.4572257996, 114.000267029, 14.7408285141, 11.1248245239], [183.157897949, -87.1039810181, 17.7098178864, 0.602168977261, -6.39941596985, 6.78747081757, -20.3407096863, 23.0901165009, 6.82229757309, 20.17486763, 14.7408285141, 84.1503601074, 19.785402298], [-377.507415771, 161.672225952, 8.47163200378, -24.301902771, 18.9349346161, -52.587097168, -22.0176963806, -33.2167472839, 24.1005249023, -23.2773265839, 11.1248245239, 19.785402298, 86.9897079468]],
        "icov": [[0.00071380182635, 0.000282541557681, 0.000934541923925, -0.000644027255476, 0.000584392051678, -0.00107893487439, 0.000477554014651, -0.00135435804259, 0.000617187237367, -0.000594721583184, -1.69569866557e-05, -0.000979173462838, 0.00102064816747], [0.000282541557681, 0.00479966588318, -0.000805956486147, 0.00188610411715, -0.00300816516392, 0.0039423732087, -0.00318582495674, 0.00214805314317, -0.00466417009011, 0.00422238046303, -0.00510228704661, 0.00326342787594, -0.00170450960286], [0.000934541923925, -0.000805956486147, 0.00379256741144, -0.00276619428769, 0.00166096352041, -0.00234855432063, 0.00157460430637, -0.00114657799713, 0.00159169035032, -0.00296005909331, 0.00315889320336, -0.00299275061116, 0.00163446646184], [-0.000644027255476, 0.00188610411715, -0.00276619428769, 0.00563263846561, -0.00210679881275, 0.00211264379323, -0.00339356181212, 0.0013674183283, -0.00385765777901, 0.00157553493045, -0.00255527580157, 0.00321626430377, -0.00197273097001], [0.000584392051678, -0.00300816516392, 0.00166096352041, -0.00210679881275, 0.00942655839026, -0.0047098621726, 0.00261994474567, -0.00447290437296, 0.00255496194586, -0.0022659113165, 0.00111058063339, -0.00170698098373, 0.000364610867109], [-0.00107893487439, 0.0039423732087, -0.00234855432063, 0.00211264379323, -0.0047098621726, 0.0140981664881, -0.00633760960773, 0.0041196513921, -0.00532680610195, 0.0034034231212, -0.00299329776317, 0.00278198812157, 0.00046306848526], [0.000477554014651, -0.00318582495674, 0.00157460430637, -0.00339356181212, 0.00261994474567, -0.00633760960773, 0.00909855775535, -0.00473698787391, 0.00502997310832, -0.00222922093235, -0.000482668663608, -0.000498453038745, 0.00116960390005], [-0.00135435804259, 0.00214805314317, -0.00114657799713, 0.0013674183283, -0.00447290437296, 0.0041196513921, -0.00473698787391, 0.0130138630047, -0.00444168969989, 0.000120277632959, -0.000682100711856, 0.000688137253746, -0.000948172528297], [0.000617187237367, -0.00466417009011, 0.00159169035032, -0.00385765777901, 0.00255496194586, -0.00532680610195, 0.00502997310832, -0.00444168969989, 0.0147465728223, -0.00684021553025, 0.00604095123708, -0.0040696291253, 0.000152088658069], [-0.000594721583184, 0.00422238046303, -0.00296005909331, 0.00157553493045, -0.0022659113165, 0.0034034231212, -0.00222922093235, 0.000120277632959, -0.00684021553025, 0.0209833364934, -0.00902419164777, 0.00224861339666, 0.000485081720399], [-1.69569866557e-05, -0.00510228704661, 0.00315889320336, -0.00255527580157, 0.00111058063339, -0.00299329776317, -0.000482668663608, -0.000682100711856, 0.00604095123708, -0.00902419164777, 0.0205878093839, -0.00765620591119, 0.000973814865574], [-0.000979173462838, 0.00326342787594, -0.00299275061116, 0.00321626430377, -0.00170698098373, 0.00278198812157, -0.000498453038745, 0.000688137253746, -0.0040696291253, 0.00224861339666, -0.00765620591119, 0.0205612145364, -0.00890278909355], [0.00102064816747, -0.00170450960286, 0.00163446646184, -0.00197273097001, 0.000364610867109, 0.00046306848526, 0.00116960390005, -0.000948172528297, 0.000152088658069, 0.000485081720399, 0.000973814865574, -0.00890278909355, 0.0205050520599]]
    },
    "melbands": {
        "max": [0.020570056513, 0.012673211284, 0.00420431559905, 0.00305267283693, 0.0148433763534, 0.00913168862462, 0.00160034745932, 0.00168035482056, 0.00411017332226, 0.00592617783695, 0.00485577946529, 0.00322387902997, 0.00315253389999, 0.00161702535115, 0.00180980237201, 0.00284225330688, 0.00384356430732, 0.0017572264187, 0.00145538407378, 0.000544792681467, 0.000433627545135, 0.000483231851831, 0.000699881638866, 0.00112673908006, 0.000881975865923, 0.00020784829394, 0.000235342231463, 0.000218615867198, 7.57123998483e-05, 7.21013639122e-05, 5.32210688107e-05, 9.09964073799e-05, 0.000113073583634, 0.000124941361719, 7.14836933184e-05, 6.07862966717e-05, 4.14277019445e-05, 3.28120258928e-05, 6.50480433251e-05, 0.000124889964354],
        "mean": [0.000931027519982, 0.000690382847097, 0.000326154608047, 0.000296265789075, 0.000476603745483, 0.000362112128641, 0.000168401718838, 8.67785856826e-05, 0.000175095905433, 0.000180729359272, 0.000194274951355, 0.00018267602718, 0.000103559323179, 0.000121906727145, 8.27984767966e-05, 0.000126283266582, 0.0001351631945, 9.66826555668e-05, 4.250272832e-05, 2.82496421278e-05, 2.43312661041e-05, 2.09279860428e-05, 2.87663733616e-05, 4.08886844525e-05, 3.62001119356e-05, 1.56318437803e-05, 6.43820430923e-06, 3.42694397659e-06, 1.75238881184e-06, 1.16472153877e-06, 1.24544305891e-06, 1.39599342219e-06, 1.65438507338e-06, 1.38987491027e-06, 1.10798373498e-06, 9.52003063048e-07, 6.17358409727e-07, 5.39269024102e-07, 6.24497488388e-07, 7.75778232764e-07],
        "min": [1.68103014175e-07, 4.90947968501e-07, 1.49691686602e-06, 3.84425538869e-06, 2.82673590846e-06, 1.71958561168e-06, 9.49656509874e-07, 3.8236046862e-07, 4.32139671602e-07, 3.10897519284e-07, 2.14003677002e-07, 1.5784110019e-07, 1.27116294379e-07, 7.4401121708e-08, 1.46361031739e-07, 6.68305943918e-08, 9.21347691474e-08, 7.58083302799e-08, 6.04664549542e-08, 5.21264098552e-08, 5.50514158704e-08, 2.06621635357e-08, 1.77676096058e-08, 1.03430517484e-08, 4.75297490254e-09, 3.17125903315e-09, 3.00502800421e-09, 1.59981905501e-09, 6.19731488349e-10, 3.14339998475e-10, 2.61345417529e-10, 2.3364871149e-10, 1.41650566277e-10, 1.46496065279e-10, 1.17797271937e-10, 1.15665248213e-10, 9.80781428295e-11, 8.5686659157e-11, 7.08582845177e-11, 6.28704519001e-11],
        "stdev": [0.00154088565614, 0.000972799141891, 0.000412583409343, 0.000314913631883, 0.000795847678091, 0.000594383629505, 0.000166448502569, 0.000131062799483, 0.000306349655148, 0.000375366478693, 0.000426125829108, 0.000334088661475, 0.000238535139943, 0.000209077290492, 0.000153409724589, 0.000253019446973, 0.000271576049272, 0.000206141165108, 8.72320015333e-05, 5.70239280933e-05, 3.73785878764e-05, 3.35617696692e-05, 4.95221247547e-05, 7.43543496355e-05, 6.58766803099e-05, 2.27845557674e-05, 1.05427470771e-05, 7.57692396292e-06, 3.64859465662e-06, 3.23846165884e-06, 3.35421623276e-06, 4.53385700894e-06, 5.84492954658e-06, 6.12681833445e-06, 3.93421942135e-06, 3.12155680149e-06, 2.35231982515e-06, 2.16588136936e-06, 3.10622613142e-06, 5.40987866771e-06]
    },
    "melbands128": {
        "max": [0.0144964735955, 0.0330044664443, 0.0213848389685, 0.00955565832555, 0.0173976942897, 0.0165575258434, 0.00571923842654, 0.00611823471263, 0.00786626245826, 0.00382702355273, 0.00277025741525, 0.00677085015923, 0.0271531622857, 0.0255676638335, 0.0171201322228, 0.0101738534868, 0.00240679993294, 0.00177531864028, 0.00140927906614, 0.00241947709583, 0.0029485989362, 0.00653382437304, 0.00584899820387, 0.00645418511704, 0.00613213703036, 0.0104018589482, 0.00868801400065, 0.00999030098319, 0.00363996182568, 0.00588608393446, 0.003835685784, 0.00241074734367, 0.0061031319201, 0.00414164317772, 0.00340596749447, 0.00310701411217, 0.00297210644931, 0.00351634784602, 0.00375672290102, 0.00542276445776, 0.00453834468499, 0.0050840000622, 0.00724151078612, 0.00277343322523, 0.00509800342843, 0.00232999771833, 0.00268927053548, 0.00260438863188, 0.00152732327115, 0.00133289396763, 0.00097781594377, 0.000752279011067, 0.000363463506801, 0.000952220172621, 0.000518255867064, 0.000676811498124, 0.000843025976792, 0.00114423874766, 0.000759173650295, 0.000442359596491, 0.00105587986764, 0.0034366119653, 0.00201169890352, 0.00041575555224, 0.000460481853224, 0.00037632510066, 0.000275988888461, 0.000363772676792, 0.000219578869292, 0.000178221263923, 0.000407855026424, 0.00010863278294, 7.91371494415e-05, 6.22713050689e-05, 0.000151200787514, 5.63117355341e-05, 6.59981160425e-05, 4.62005555164e-05, 5.10437603225e-05, 7.88051765994e-05, 5.67557399336e-05, 0.000102563783003, 0.000175638138899, 0.00012477299606, 8.78414284671e-05, 0.000141190830618, 0.000147957718582, 0.000111021668999, 7.30268002371e-05, 6.56044794596e-05, 5.11870857736e-05, 6.84780898155e-05, 8.86112320586e-05, 3.32773961418e-05, 3.80355850211e-05, 2.92837576126e-05, 4.61774907308e-05, 3.65248524758e-05, 7.14755660738e-05, 7.66260418459e-05, 9.4527604233e-05, 0.000203547650017, 0.000133540277602, 0.000113552079711, 0.000101618818007, 0.000162630298291, 6.70464869472e-05, 6.46025073365e-05, 4.86431381432e-05, 4.71295898024e-05, 4.16900547862e-05, 3.22905580106e-05, 2.20498677663e-05, 1.49409079313e-05, 1.58625443873e-05, 1.3185995158e-05, 4.07938642866e-07, 9.54406553788e-10, 9.19180842551e-10, 8.93011165015e-10, 8.65741756062e-10, 8.44797953814e-10, 8.21339329882e-10, 8.04156463641e-10, 7.84066700454e-10, 7.72297892304e-10, 7.63516305735e-10, 7.59168727882e-10],
        "mean": [0.000297834369121, 0.000964526087046, 0.00120085431263, 0.000876433274243, 0.000738232338335, 0.000487020530272, 0.000298002676573, 0.000289657356916, 0.000342576793628, 0.00033353411709, 0.000206313634408, 0.000343114195857, 0.000648788991384, 0.000508515920956, 0.00039215045399, 0.000279732630588, 0.00016875982692, 0.000190905528143, 0.00010101483349, 6.72100213706e-05, 6.41336228e-05, 0.000172259737155, 0.000202090654057, 0.000153303801198, 0.000197207904421, 0.000160216615768, 0.000225005220273, 0.00019081022765, 0.0001574933558, 0.000266012706561, 0.00015704096586, 9.25388594624e-05, 0.000113559493911, 8.66734844749e-05, 0.000130653192173, 0.000143310448038, 9.90645494312e-05, 5.19991008332e-05, 0.000101993937278, 9.67850864981e-05, 0.000129456602735, 0.000176495741471, 0.000126541403006, 0.000111361812742, 0.000145222235005, 8.40517459437e-05, 6.75374249113e-05, 3.34899887093e-05, 3.84437735192e-05, 3.81329264201e-05, 2.61226232396e-05, 1.83356441994e-05, 2.01512266358e-05, 3.16429614031e-05, 2.68812163995e-05, 1.3016471712e-05, 1.94749845832e-05, 3.5796649172e-05, 3.03516389977e-05, 2.07034372579e-05, 3.70149427908e-05, 6.26159308013e-05, 4.38571369159e-05, 2.7962934837e-05, 2.53361558862e-05, 1.50251262312e-05, 1.03636148197e-05, 7.24287383491e-06, 5.5909040384e-06, 5.28339660377e-06, 3.86443298339e-06, 2.12807685784e-06, 1.91684057427e-06, 1.78238337867e-06, 1.42001215409e-06, 1.25326050693e-06, 1.02300327853e-06, 9.61727664617e-07, 1.3880357983e-06, 1.3899368696e-06, 1.22076892239e-06, 1.39412225053e-06, 1.8152722987e-06, 1.76143032604e-06, 1.45479248204e-06, 1.38962082019e-06, 1.46913691879e-06, 1.18492766887e-06, 1.03904778825e-06, 1.09060817977e-06, 1.05820856788e-06, 9.17874729112e-07, 7.66027028476e-07, 6.0151580783e-07, 5.42402347037e-07, 5.12809094744e-07, 5.35199774276e-07, 5.69952078422e-07, 6.12846463355e-07, 6.41683811864e-07, 7.40539690014e-07, 8.70350788773e-07, 7.29646558284e-07, 6.50626645893e-07, 6.14646978647e-07, 6.53821984997e-07, 4.91620710363e-07, 5.14774512794e-07, 5.32156775535e-07, 3.35282948072e-07, 2.51405708696e-07, 2.09542960761e-07, 1.8533953039e-07, 1.58947543127e-07, 1.50011118194e-07, 9.19390075182e-08, 2.59357113563e-09, 6.35901574453e-12, 3.8387149362e-12, 3.71291365708e-12, 3.62067971091e-12, 3.54393532749e-12, 3.47020090614e-12, 3.40682321763e-12, 3.32538857561e-12, 3.23523521341e-12, 3.17927975613e-12, 3.15855241267e-12],
        "min": [3.94654797731e-09, 6.14367792195e-08, 4.65367975266e-08, 9.32943962084e-08, 5.48280603141e-08, 4.16282759375e-08, 2.13733727605e-07, 3.50642778812e-07, 8.317300626e-07, 6.36014647171e-07, 4.99441739521e-07, 7.69289385971e-07, 5.58208284929e-07, 1.27300040731e-06, 4.51947954616e-07, 2.00434698172e-07, 3.02480856362e-07, 5.22584400642e-07, 2.16312571411e-07, 4.41105321158e-08, 8.27517538937e-08, 2.07221816595e-07, 2.2435426672e-07, 2.15871949649e-07, 3.77822111375e-08, 3.78018896185e-08, 1.45071137325e-08, 5.23336645131e-08, 1.22737915831e-07, 8.45829077889e-08, 2.47389557728e-08, 3.98327451023e-08, 3.75378128581e-08, 8.15549086042e-08, 4.53668214107e-08, 1.66440035088e-08, 2.1728732591e-08, 6.01328338234e-08, 3.22850794987e-08, 4.15064178583e-08, 4.45076473454e-08, 2.34550796563e-08, 2.75468909905e-08, 1.06265289901e-08, 3.07259462318e-08, 2.96463120719e-08, 1.49811398842e-08, 9.60299484376e-09, 4.60053968254e-08, 3.21266533376e-08, 1.23279582098e-08, 1.66785696365e-08, 3.40223991202e-08, 2.529587384e-08, 1.12739524383e-08, 3.88465704049e-09, 6.31711039034e-09, 8.27752000276e-09, 6.22117779514e-09, 2.74095413033e-09, 4.8012909204e-09, 6.21555873437e-09, 3.82740017457e-09, 2.45979725477e-09, 2.07557815379e-09, 1.7624128823e-09, 1.8605691432e-09, 1.68752323226e-09, 1.30474664406e-09, 9.07134367623e-10, 7.38736904982e-10, 6.18665119134e-10, 4.39841024713e-10, 4.31715996285e-10, 1.97188543272e-10, 3.4416583472e-10, 2.38381842044e-10, 2.37772856959e-10, 1.82462697729e-10, 1.26012575374e-10, 1.31233315881e-10, 1.66092056775e-10, 9.91329934807e-11, 7.96596816288e-11, 8.32518845528e-11, 7.44741698866e-11, 6.31662222528e-11, 4.61195318047e-11, 8.15507106289e-11, 1.0125714156e-10, 1.07847196451e-10, 8.99316524028e-11, 2.14456855052e-11, 2.09241061977e-11, 3.18297090074e-11, 5.42516170876e-11, 7.63512256891e-12, 7.18973491853e-12, 3.16220799546e-11, 2.66617283806e-11, 3.46981818278e-11, 3.68843670884e-11, 3.98451445449e-11, 3.75860870205e-11, 4.02818447001e-12, 2.46514440805e-11, 1.19090709516e-11, 1.60496633345e-11, 2.55472917127e-11, 1.14570514534e-11, 1.55455093243e-11, 2.66330273807e-11, 1.66975409194e-11, 2.51803439211e-11, 1.9190165082e-11, 5.40797268078e-12, 1.12145447822e-13, 6.46197979566e-14, 5.54769886984e-14, 6.88031852629e-14, 5.44848319023e-14, 5.52034648191e-14, 5.76968350484e-14, 6.24295333853e-14, 5.59783305593e-14, 2.0928161412e-14, 2.36525459015e-15, 8.32699230728e-17],
        "stdev": [0.00101707293652, 0.00218201195821, 0.00176304054912, 0.00113936932757, 0.00132123788353, 0.00100329273846, 0.000464965851279, 0.000527920550667, 0.00056631420739, 0.000432276952779, 0.000301071326248, 0.000516905856784, 0.00135475012939, 0.00117571058217, 0.000873067590874, 0.000568178307731, 0.000212641927646, 0.000244599214057, 0.000130350934342, 0.000148949358845, 0.000163604985573, 0.000380069570383, 0.000446877093054, 0.000376642739866, 0.000527531257831, 0.000524224189576, 0.000646790140308, 0.000656331481878, 0.000354799994966, 0.000579365063459, 0.000367009197362, 0.000243064772803, 0.00038395851152, 0.000278333114693, 0.000298452447169, 0.000298029161058, 0.000238185937633, 0.000176178335096, 0.000293408404104, 0.000263621768681, 0.000365608633729, 0.000442438875325, 0.000383404665627, 0.000306340196403, 0.000471407722216, 0.000194444102817, 0.000158568785992, 0.00011101092241, 0.000116225171951, 0.000110228014819, 7.35131980036e-05, 4.40743642685e-05, 3.44493819284e-05, 6.58179124002e-05, 5.15847714269e-05, 3.30776056217e-05, 5.23527050973e-05, 7.74992076913e-05, 6.1741018726e-05, 3.66977437807e-05, 7.55264918553e-05, 0.000167655947735, 0.000129478910821, 4.64030345029e-05, 4.69697588414e-05, 2.85944279312e-05, 1.83362626558e-05, 1.52832762979e-05, 1.07182413558e-05, 1.01246832855e-05, 1.25072829178e-05, 4.96367101732e-06, 4.03527928938e-06, 3.93871869164e-06, 5.01451904711e-06, 3.28444161823e-06, 3.25941391566e-06, 2.93424454867e-06, 3.83445603802e-06, 4.28241173722e-06, 3.72828776563e-06, 5.45986358702e-06, 7.20754997019e-06, 6.24560379947e-06, 5.10320751346e-06, 6.47780643703e-06, 7.3707892625e-06, 5.58583178645e-06, 3.81578865927e-06, 3.36980610882e-06, 3.00049828184e-06, 3.42033604284e-06, 3.41378631674e-06, 2.23470419769e-06, 2.39587211581e-06, 2.03906051865e-06, 2.33215314438e-06, 2.42886881097e-06, 3.40979477187e-06, 3.19920127367e-06, 4.51785126643e-06, 7.28899476599e-06, 5.14028988619e-06, 4.30763702752e-06, 4.37099242845e-06, 5.83165092394e-06, 2.96731127492e-06, 2.55154100159e-06, 1.91872936739e-06, 1.56013129526e-06, 1.5168346863e-06, 1.17754996154e-06, 8.64458286287e-07, 8.33243973375e-07, 8.14918735159e-07, 5.71776581637e-07, 1.74470962122e-08, 3.23924186085e-11, 2.5421371605e-11, 2.47460992669e-11, 2.40595789819e-11, 2.35077408928e-11, 2.29006553304e-11, 2.24530671833e-11, 2.19276576063e-11, 2.1625159996e-11, 2.13918015246e-11, 2.12776653935e-11]
    },
    "mfcc": {
        "mean": [-664.307250977, 142.79057312, -18.8396778107, 15.6931114197, 10.5865135193, -1.04064440727, -0.580005586147, 6.9291806221, -9.6258764267, -0.456673651934, 3.5235106945, -6.4573302269, -0.361774533987],
        "cov": [[8069.74804688, -2387.68164062, -657.625671387, -156.427688599, -219.872680664, -20.5544986725, 598.59777832, 487.562133789, -68.8616485596, 402.57598877, 576.896484375, 56.0758323669, -182.541671753], [-2387.68164062, 1407.13879395, -214.211074829, -35.7163238525, 35.3539886475, -77.7073135376, -108.389724731, -93.6690063477, -49.699546814, -103.434707642, -143.270629883, -35.9977302551, 49.2587203979], [-657.625671387, -214.211074829, 690.02923584, 198.810440063, 57.5734443665, 117.914909363, -99.8435287476, -53.4713287354, 100.851974487, -39.3809356689, -24.6927680969, 56.1657295227, 58.0172767639], [-156.427688599, -35.7163238525, 198.810440063, 323.558441162, 33.1563110352, 56.5039405823, 62.82862854, 35.212020874, 88.5902862549, 29.8292388916, 35.4821586609, 73.4472351074, 49.0791130066], [-219.872680664, 35.3539886475, 57.5734443665, 33.1563110352, 197.338790894, 0.618790626526, -91.9869689941, -19.5272331238, 28.3917217255, -1.30915176868, -6.81495475769, -19.3449935913, 14.0867204666], [-20.5544986725, -77.7073135376, 117.914909363, 56.5039405823, 0.618790626526, 161.538711548, 47.3137626648, 27.8098373413, 27.9794864655, 25.8337268829, 26.3925762177, 25.029001236, 1.66450369358], [598.59777832, -108.389724731, -99.8435287476, 62.82862854, -91.9869689941, 47.3137626648, 317.55090332, 104.556427002, -1.87084424496, 69.4529571533, 82.9673843384, 38.1301383972, -6.50550937653], [487.562133789, -93.6690063477, -53.4713287354, 35.212020874, -19.5272331238, 27.8098373413, 104.556427002, 144.795089722, 31.8787670135, 57.9038658142, 57.2509422302, 18.7832450867, 1.10914027691], [-68.8616485596, -49.699546814, 100.851974487, 88.5902862549, 28.3917217255, 27.9794864655, -1.87084424496, 31.8787670135, 117.932296753, 34.8698997498, 0.258277267218, 25.207818985, 24.1162414551], [402.57598877, -103.434707642, -39.3809356689, 29.8292388916, -1.30915176868, 25.8337268829, 69.4529571533, 57.9038658142, 34.8698997498, 106.825447083, 75.9416122437, 11.6106672287, -6.24834632874], [576.896484375, -143.270629883, -24.6927680969, 35.4821586609, -6.81495475769, 26.3925762177, 82.9673843384, 57.2509422302, 0.258277267218, 75.9416122437, 145.767410278, 21.0907592773, -12.8883514404], [56.0758323669, -35.9977302551, 56.1657295227, 73.4472351074, -19.3449935913, 25.029001236, 38.1301383972, 18.7832450867, 25.207818985, 11.6106672287, 21.0907592773, 94.1006698608, 26.4867191315], [-182.541671753, 49.2587203979, 58.0172767639, 49.0791130066, 14.0867204666, 1.66450369358, -6.50550937653, 1.10914027691, 24.1162414551, -6.24834632874, -12.8883514404, 26.4867191315, 65.7361297607]],
        "icov": [[0.000608260044828, 0.000986257218756, 0.000627148954663, 0.000117416595458, 6.29838978057e-05, 0.000371764937881, -9.93570283754e-05, -0.000819975801278, 0.000339051126502, -0.000134356640046, -0.000941306643654, -0.000211469494388, 5.34411046829e-05], [0.000986257218756, 0.00254632579163, 0.00156906677876, -0.000128505082102, 2.23793740588e-05, 0.000451477360912, -1.09887923827e-06, -0.000977799994871, 0.000693061505444, 0.000210087921005, -0.000964308332186, -0.000132061133627, -0.000828204443678], [0.000627148954663, 0.00156906677876, 0.00360068050213, -0.00113880448043, 0.000192622639588, -0.00150610657874, 0.000849148316775, 0.00036142062163, -0.001165828784, 0.00172724493314, -0.0013699530391, -0.000247785443207, -0.00126396806445], [0.000117416595458, -0.000128505082102, -0.00113880448043, 0.00568101461977, -0.00103017385118, 0.000216875094338, -0.00153650634456, -0.000137024850119, -0.00243279500864, 0.000296956219245, -0.00124981102999, -0.00227211322635, -0.0011573578231], [6.29838978057e-05, 2.23793740588e-05, 0.000192622639588, -0.00103017385118, 0.00666508916765, -0.000356718548574, 0.00221224757843, -3.38382415066e-06, -0.000912674353458, -0.000395311275497, -0.00102485436946, 0.00208665593527, -0.00118743954226], [0.000371764937881, 0.000451477360912, -0.00150610657874, 0.000216875094338, -0.000356718548574, 0.00854234118015, -0.00134134537075, -0.00142114690971, 0.00030570832314, -0.00156692392193, -0.000450282124802, -0.0011060818797, 0.00170904153492], [-9.93570283754e-05, -1.09887923827e-06, 0.000849148316775, -0.00153650634456, 0.00221224757843, -0.00134134537075, 0.00595612172037, -0.00226176041178, 0.00134180113673, -0.00115449645091, -0.000608710979577, -0.000410592387198, -0.000245754112257], [-0.000819975801278, -0.000977799994871, 0.00036142062163, -0.000137024850119, -3.38382415066e-06, -0.00142114690971, -0.00226176041178, 0.0125741539523, -0.00366965099238, -0.0012208877597, -0.000532147299964, 0.000376469892217, -0.00118604011368], [0.000339051126502, 0.000693061505444, -0.001165828784, -0.00243279500864, -0.000912674353458, 0.00030570832314, 0.00134180113673, -0.00366965099238, 0.0156912654638, -0.00736437598243, 0.00416854443029, -0.00123111554421, -0.00149323348887], [-0.000134356640046, 0.000210087921005, 0.00172724493314, 0.000296956219245, -0.000395311275497, -0.00156692392193, -0.00115449645091, -0.0012208877597, -0.00736437598243, 0.0208365879953, -0.00863436423242, 0.00120971444994, 0.000256066181464], [-0.000941306643654, -0.000964308332186, -0.0013699530391, -0.00124981102999, -0.00102485436946, -0.000450282124802, -0.000608710979577, -0.000532147299964, 0.00416854443029, -0.00863436423242, 0.0151900351048, -0.00169945135713, 0.0017435970949], [-0.000211469494388, -0.000132061133627, -0.000247785443207, -0.00227211322635, 0.00208665593527, -0.0011060818797, -0.000410592387198, 0.000376469892217, -0.00123111554421, 0.00120971444994, -0.00169945135713, 0.0154112763703, -0.00501547800377], [5.34411046829e-05, -0.000828204443678, -0.00126396806445, -0.0011573578231, -0.00118743954226, 0.00170904153492, -0.000245754112257, -0.00118604011368, -0.00149323348887, 0.000256066181464, 0.0017435970949, -0.00501547800377, 0.0211027264595]]
    },
    "spectral_contrast_coeffs": {
        "max": [-0.421160936356, -0.53152525425, -0.539739727974, -0.60098695755, -0.586635947227, -0.676188111305],
        "mean": [-0.714612483978, -0.748272776604, -0.757794618607, -0.770326316357, -0.752442955971, -0.773703932762],
        "min": [-0.905251562595, -0.926559448242, -0.91080135107, -0.893760681152, -0.876367390156, -0.887869179249],
        "stdev": [0.0818115323782, 0.0631519258022, 0.0626410543919, 0.0585240311921, 0.0559374764562, 0.0355483479798]
    },
    "spectral_contrast_valleys": {
        "max": [-5.11117744446, -5.01389741898, -5.38978242874, -5.64967823029, -5.81032705307, -7.57952547073],
        "mean": [-6.83918762207, -6.83452033997, -7.3448638916, -7.59414672852, -7.94262695312, -10.940911293],
        "min": [-9.67837238312, -8.91009902954, -9.51923179626, -9.87305927277, -10.9555740356, -14.123465538],
        "stdev": [0.763701200485, 0.667892932892, 0.869315385818, 0.842543244362, 1.06776297092, 1.2537651062]
    }
},
"rhythm": {
    "beats_count": 76,
    "beats_loudness": {
        "max": 0.11691981554,
        "mean": 0.0249516442418,
        "min": 0.00123282405548,
        "stdev": 0.01821789518
    },
    "bpm": 141.089447021,
    "bpm_histogram_first_peak_bpm": 140,
    "bpm_histogram_first_peak_weight": 0.449275374413,
    "bpm_histogram_second_peak_bpm": 148,
    "bpm_histogram_second_peak_spread": 0,
    "bpm_histogram_second_peak_weight": 0.0666666701436,
    "danceability": 0.906692862511,
    "onset_rate": 2.95312476158,
    "beats_loudness_band_ratio": {
        "max": [0.933002352715, 0.69628816843, 0.509180366993, 0.583560526371, 0.497632533312, 0.350040793419],
        "mean": [0.312711179256, 0.23243804276, 0.169947788119, 0.176516026258, 0.115603223443, 0.0383733995259],
        "min": [0.000512347614858, 0.0198739822954, 0.0188816264272, 0.00374553375877, 0.000738506729249, 3.6060486309e-05],
        "stdev": [0.234881550074, 0.188572630286, 0.117609992623, 0.148233652115, 0.109286338091, 0.0530167557299]
    },
