{
"metadata": {
    "version": {
        "essentia": "2.1-beta5",
        "essentia_git_sha": "Undefined",
        "extractor": "music 2.0"
    },
    "audio_properties": {
        "analysis": {
            "equal_loudness": 0,
            "length": 48.7502937317,
            "sample_rate": 44100,
            "start_time": 93.9943771362,
            "downmix": "mix"
        },
        "bit_rate": 192000,
        "length": 192.563110352,
        "lossless": 0,
        "number_channels": 2,
        "replay_gain": -9.93139076233,
        "sample_rate": 48000,
        "codec": "mp3",
        "md5_encoded": "4d03124e200759f4169cc5759ee04a09"
    },
    "tags": {
        "file_name": "Malta_On Again... Off Again_Julie _ Ludwig.mp3",
        "encoding": ["Lavf58.29.100"]
    }
},
"lowlevel": {
    "average_loudness": 0.925845980644,
    "barkbands_crest": {
        "max": 23.5877990723,
        "mean": 9.27728271484,
        "min": 2.86077928543,
        "stdev": 3.79777503014
    },
    "barkbands_flatness_db": {
        "max": 0.295900136232,
        "mean": 0.116797342896,
        "min": 0.037235699594,
        "stdev": 0.0342794954777
    },
    "barkbands_kurtosis": {
        "max": 59.6615715027,
        "mean": 1.1197373867,
        "min": -1.8854278326,
        "stdev": 3.60807108879
    },
    "barkbands_skewness": {
        "max": 7.00156354904,
        "mean": 0.825397670269,
        "min": -3.46146178246,
        "stdev": 0.977963209152
    },
    "barkbands_spread": {
        "max": 119.607582092,
        "mean": 31.6347904205,
        "min": 1.34394788742,
        "stdev": 16.2353820801
    },
    "dissonance": {
        "max": 0.499972641468,
        "mean": 0.470901936293,
        "min": 0.254515200853,
        "stdev": 0.023250233382
    },
    "dynamic_complexity": 2.68098950386,
    "erbbands_crest": {
        "max": 32.0692329407,
        "mean": 8.69971847534,
        "min": 2.28780841827,
        "stdev": 4.45689678192
    },
    "erbbands_flatness_db": {
        "max": 0.37915199995,
        "mean": 0.149253860116,
        "min": 0.0601637102664,
        "stdev": 0.0463065803051
    },
    "erbbands_kurtosis": {
        "max": 34.7759819031,
        "mean": 0.710960924625,
        "min": -1.6841802597,
        "stdev": 2.93580842018
    },
    "erbbands_skewness": {
        "max": 4.42606687546,
        "mean": -0.0123861841857,
        "min": -2.37761092186,
        "stdev": 0.725991666317
    },
    "erbbands_spread": {
        "max": 112.403739929,
        "mean": 34.8368415833,
        "min": 1.91815710068,
        "stdev": 17.160736084
    },
    "hfc": {
        "max": 311.890350342,
        "mean": 24.3231449127,
        "min": 0.185555487871,
        "stdev": 22.9512615204
    },
    "loudness_ebu128": {
        "integrated": -14.4448432922,
        "loudness_range": 2.95983219147,
        "momentary": {
            "max": -9.95345687866,
            "mean": -14.9139881134,
            "min": -21.9678897858,
            "stdev": 2.07649874687
        },
        "short_term": {
            "max": -11.6946735382,
            "mean": -14.5929002762,
            "min": -17.398771286,
            "stdev": 1.10376369953
        }
    },
    "melbands_crest": {
        "max": 33.8651771545,
        "mean": 14.0282506943,
        "min": 3.51194262505,
        "stdev": 5.53856992722
    },
    "melbands_flatness_db": {
        "max": 0.360671311617,
        "mean": 0.162795066833,
        "min": 0.041441116482,
        "stdev": 0.0456254705787
    },
    "melbands_kurtosis": {
        "max": 136.456115723,
        "mean": 6.17674589157,
        "min": -1.7043145895,
        "stdev": 9.24170303345
    },
    "melbands_skewness": {
        "max": 9.42486000061,
        "mean": 1.85336720943,
        "min": -2.8431494236,
        "stdev": 1.36570322514
    },
    "melbands_spread": {
        "max": 224.540237427,
        "mean": 35.8668365479,
        "min": 1.75119435787,
        "stdev": 21.3330821991
    },
    "pitch_salience": {
        "max": 0.842902898788,
        "mean": 0.530557572842,
        "min": 0.160519167781,
        "stdev": 0.100527532399
    },
    "silence_rate_20dB": {
        "max": 1,
        "mean": 1,
        "min": 1,
        "stdev": 0
    },
    "silence_rate_30dB": {
        "max": 1,
        "mean": 0.999524056911,
        "min": 0,
        "stdev": 0.0218114368618
    },
    "silence_rate_60dB": {
        "max": 1,
        "mean": 0.0190385524184,
        "min": 0,
        "stdev": 0.13666023314
    },
    "spectral_centroid": {
        "max": 4246.81982422,
        "mean": 1758.87609863,
        "min": 258.249633789,
        "stdev": 531.014465332
    },
    "spectral_complexity": {
        "max": 43,
        "mean": 19.6668262482,
        "min": 0,
        "stdev": 7.18296194077
    },
    "spectral_decrease": {
        "max": -7.64015864463e-11,
        "mean": -5.24611287744e-09,
        "min": -2.96887527895e-08,
        "stdev": 3.66695851461e-09
    },
    "spectral_energy": {
        "max": 0.126581609249,
        "mean": 0.0220062267035,
        "min": 0.000305187830236,
        "stdev": 0.0150637272745
    },
    "spectral_energyband_high": {
        "max": 0.0277456585318,
        "mean": 0.000759705319069,
        "min": 7.40424684409e-06,
        "stdev": 0.00168095040135
    },
    "spectral_energyband_low": {
        "max": 0.0320741608739,
        "mean": 0.00624766526744,
        "min": 5.07574122821e-06,
        "stdev": 0.00585183501244
    },
    "spectral_energyband_middle_high": {
        "max": 0.119836196303,
        "mean": 0.00844918657094,
        "min": 5.99332597631e-05,
        "stdev": 0.0105777848512
    },
    "spectral_energyband_middle_low": {
        "max": 0.0627726614475,
        "mean": 0.0072371433489,
        "min": 3.24953543895e-05,
        "stdev": 0.00814622547477
    },
    "spectral_entropy": {
        "max": 8.83257389069,
        "mean": 7.68000984192,
        "min": 6.28274106979,
        "stdev": 0.373799800873
    },
    "spectral_flux": {
        "max": 0.321787655354,
        "mean": 0.0883971452713,
        "min": 0.0184429809451,
        "stdev": 0.0425719581544
    },
    "spectral_kurtosis": {
        "max": 20.9831733704,
        "mean": 5.02722167969,
        "min": -1.42199194431,
        "stdev": 2.60682654381
    },
    "spectral_rms": {
        "max": 0.0111127961427,
        "mean": 0.00437186239287,
        "min": 0.000545659451745,
        "stdev": 0.00153500516899
    },
    "spectral_rolloff": {
        "max": 12424.6582031,
        "mean": 2187.93920898,
        "min": 64.599609375,
        "stdev": 1888.41601562
    },
    "spectral_skewness": {
        "max": 3.54415154457,
        "mean": 1.72547471523,
        "min": 0.251062482595,
        "stdev": 0.361936479807
    },
    "spectral_spread": {
        "max": 16986278,
        "mean": 5010642.5,
        "min": 2300416.5,
        "stdev": 2077374.5
    },
    "spectral_strongpeak": {
        "max": 15.474571228,
        "mean": 1.18858659267,
        "min": 0,
        "stdev": 1.82449615002
    },
    "zerocrossingrate": {
        "max": 0.3955078125,
        "mean": 0.0820540264249,
        "min": 0.009765625,
        "stdev": 0.0465596951544
    },
    "barkbands": {
        "max": [0.00672272592783, 0.0242959856987, 0.0216957759112, 0.019900849089, 0.0242558382452, 0.0204680897295, 0.0516258627176, 0.0157408509403, 0.0528354085982, 0.0618562065065, 0.043039418757, 0.0414241813123, 0.0753357559443, 0.0379104688764, 0.0181098226458, 0.0109092257917, 0.00798422843218, 0.00755291804671, 0.00723232980818, 0.0016292227665, 0.00108151650056, 0.00156364461873, 0.00252288416959, 0.00800958834589, 0.016547806561, 0.0076618026942, 2.70021901088e-05],
        "mean": [0.000675137271173, 0.00370499561541, 0.00150842242874, 0.000873294833582, 0.00151244876906, 0.00123541080393, 0.00107249512803, 0.000513336795848, 0.00145627278835, 0.00157572608441, 0.00100043823477, 0.000805070740171, 0.0010921965586, 0.00102320045698, 0.000608830130659, 0.000601601903327, 0.00065453350544, 0.000622420338914, 0.000639396894258, 0.000136031565489, 6.92946705385e-05, 5.52504752704e-05, 7.96884996817e-05, 0.000158488357556, 0.000246703333687, 8.5504965682e-05, 3.76336757313e-08],
        "min": [1.03561126341e-09, 2.16113065221e-07, 4.39898400373e-07, 5.67106781091e-07, 4.86936278321e-06, 1.41186728797e-06, 2.98244822261e-06, 1.04052912775e-06, 2.08763481169e-06, 2.77117669611e-06, 8.55578775827e-07, 8.13526526144e-07, 1.55437373905e-06, 4.6065783863e-06, 8.67298967933e-06, 3.8379621401e-06, 7.09984760761e-06, 2.50940070146e-06, 2.34884737438e-06, 1.57441445481e-06, 1.0906147736e-06, 5.17617479545e-07, 5.09059759679e-07, 3.61776500313e-07, 2.65324189286e-07, 1.08379566655e-07, 1.85736079295e-11],
        "stdev": [0.000986629864201, 0.00365410326049, 0.00299801817164, 0.00211901497096, 0.0026397423353, 0.00186887930613, 0.00389942200854, 0.00101778062526, 0.00379188521765, 0.00511096371338, 0.00305443513207, 0.00246261339635, 0.0040120203048, 0.00247107120231, 0.00114637578372, 0.001058596652, 0.000878455874044, 0.000804422132205, 0.000864307861775, 0.000146435340866, 8.41829241836e-05, 7.34617133276e-05, 0.000123055549921, 0.000379513425287, 0.000987587496638, 0.000312627234962, 6.02404213623e-07]
    },
    "erbbands": {
        "max": [1.03305459023, 5.81643915176, 19.8761787415, 46.0936393738, 75.0292663574, 121.999656677, 226.434692383, 136.957092285, 261.488494873, 889.803283691, 303.853179932, 1011.25952148, 1679.14929199, 1809.1015625, 1432.63952637, 1996.70959473, 1958.52770996, 2455.90258789, 1663.16674805, 761.059082031, 495.435272217, 431.246917725, 419.590942383, 402.777435303, 298.224914551, 63.1363525391, 66.4190673828, 30.05194664, 68.0394973755, 44.9706039429, 72.2814331055, 132.667480469, 138.788009644, 179.891738892, 114.906929016, 46.019657135, 12.713470459, 0.968194186687, 0.0192016102374, 0.00113251106814],
        "mean": [0.154955759645, 0.650431990623, 1.57915472984, 2.61278891563, 3.57106113434, 5.48645305634, 8.76631450653, 9.4137430191, 11.2343177795, 16.8914813995, 14.6489906311, 30.0439624786, 53.2965660095, 43.6900253296, 33.4043617249, 35.2877731323, 45.4185295105, 53.2068367004, 40.8895835876, 33.2848739624, 33.1125869751, 37.2920722961, 34.3275032043, 38.9144248962, 19.6503829956, 6.03517532349, 4.3275179863, 1.9507535696, 1.98396289349, 2.10117554665, 2.32918262482, 3.03828644753, 2.83288955688, 2.91266393661, 1.59211492538, 0.53120046854, 0.130201920867, 0.0107310414314, 0.000232900958508, 4.0554557927e-05],
        "min": [5.69884286961e-06, 0.000135096663143, 0.0017276275903, 0.00489002512768, 0.0061253439635, 0.0203595813364, 0.0423332937062, 0.0159605909139, 0.0445817224681, 0.0465710423887, 0.0161056295037, 0.0475851781666, 0.0852237343788, 0.0628621503711, 0.0338958390057, 0.034859675914, 0.0707365348935, 0.418514102697, 0.54565435648, 0.433229207993, 0.260178536177, 0.415842562914, 0.22120732069, 0.115545459092, 0.0856406018138, 0.0768382698298, 0.068308070302, 0.0386106669903, 0.0193705167621, 0.0169288348407, 0.0107750659809, 0.00928892567754, 0.00487658334896, 0.00258400687017, 0.00154817511793, 0.000750031205826, 0.000112817695481, 8.50956621434e-06, 9.8015561889e-07, 1.36193216349e-06],
        "stdev": [0.159442082047, 0.729395747185, 2.65841960907, 5.72376680374, 8.28242969513, 9.35318756104, 16.0865516663, 14.0031814575, 23.1667366028, 67.6625976562, 28.3287315369, 74.4232254028, 163.108078003, 115.575843811, 93.3085784912, 111.118553162, 141.27142334, 134.508377075, 91.896232605, 47.1773796082, 52.3461532593, 48.0277061462, 42.4859619141, 47.4208564758, 27.5202293396, 5.75159835815, 5.38756227493, 2.11945819855, 2.61608052254, 2.94771718979, 3.73351335526, 5.85940408707, 7.9774107933, 11.5087766647, 6.43942832947, 1.96097183228, 0.469028621912, 0.0391277745366, 0.00078041764209, 5.19876703038e-05]
    },
    "gfcc": {
        "mean": [15.7166824341, 70.8570327759, -123.051353455, 27.7720069885, -47.4338645935, 23.0043334961, -48.3539505005, 26.7333335876, -28.8971843719, 5.47384309769, -12.3420410156, 5.27717781067, -10.5026073456],
        "cov": [[1674.93237305, -229.059967041, 57.3802871704, 7.36790132523, 59.2548294067, 77.7253952026, 8.42012119293, 141.259033203, 38.6505203247, 40.112487793, 10.6891555786, 45.1917114258, -34.2731704712], [-229.059967041, 730.283569336, -159.169769287, 59.3839187622, 101.866722107, -43.1212921143, 157.425598145, -30.4557514191, 59.0912818909, -17.675201416, 43.4638824463, -67.9891891479, 50.6825294495], [57.3802871704, -159.169769287, 614.947753906, 186.479446411, 8.13692378998, 91.0094299316, -70.6305007935, -23.8732662201, 10.2625741959, 56.3702659607, -45.5400733948, 74.302986145, -4.44254875183], [7.36790132523, 59.3839187622, 186.479446411, 287.841888428, 96.455657959, 16.5993041992, -10.4717493057, 41.0982055664, 62.655670166, 33.2837295532, 2.57299685478, 17.4916324615, 26.1579704285], [59.2548294067, 101.866722107, 8.13692378998, 96.455657959, 203.796096802, 86.8041763306, 58.9956207275, 37.4545211792, 30.0033454895, 14.288310051, 16.4974956512, -2.20135974884, 1.02261912823], [77.7253952026, -43.1212921143, 91.0094299316, 16.5993041992, 86.8041763306, 245.298446655, 117.692710876, 1.32668626308, -17.0267486572, 6.8450756073, 39.4863815308, 9.08376979828, -14.7752151489], [8.42012119293, 157.425598145, -70.6305007935, -10.4717493057, 58.9956207275, 117.692710876, 202.235290527, 41.3220481873, -3.717648983, -11.1756458282, 39.599357605, -13.88854599, -5.68216371536], [141.259033203, -30.4557514191, -23.8732662201, 41.0982055664, 37.4545211792, 1.32668626308, 41.3220481873, 150.35496521, 60.0603294373, -4.01952695847, 11.4615116119, -5.29602956772, -2.89212465286], [38.6505203247, 59.0912818909, 10.2625741959, 62.655670166, 30.0033454895, -17.0267486572, -3.717648983, 60.0603294373, 120.392425537, 48.9366989136, 13.815533638, 9.507188797, 9.71393966675], [40.112487793, -17.675201416, 56.3702659607, 33.2837295532, 14.288310051, 6.8450756073, -11.1756458282, -4.01952695847, 48.9366989136, 102.703224182, 43.214050293, 30.1760463715, 9.1490688324], [10.6891555786, 43.4638824463, -45.5400733948, 2.57299685478, 16.4974956512, 39.4863815308, 39.599357605, 11.4615116119, 13.815533638, 43.214050293, 109.940437317, 32.7291488647, 1.56688904762], [45.1917114258, -67.9891891479, 74.302986145, 17.4916324615, -2.20135974884, 9.08376979828, -13.88854599, -5.29602956772, 9.507188797, 30.1760463715, 32.7291488647, 89.837928772, 23.043888092], [-34.2731704712, 50.6825294495, -4.44254875183, 26.1579704285, 1.02261912823, -14.7752151489, -5.68216371536, -2.89212465286, 9.71393966675, 9.1490688324, 1.56688904762, 23.043888092, 108.608680725]],
        "icov": [[0.000713692163117, -5.65645204915e-05, 0.000115424540127, 9.67065570876e-05, -2.81353331957e-05, -0.000448731210781, 0.000386561121559, -0.00101800321136, 0.000414571928559, -0.000607966445386, 0.000480604416225, -0.000561246473808, 0.000291660748189], [-5.65645204915e-05, 0.00506194168702, -0.00140222010668, 0.000135968773975, -0.00316092651337, 0.00559614878148, -0.00660828314722, 0.00631710560992, -0.00574976811185, 0.00479359459132, -0.00508322380483, 0.00526597676799, -0.00279008341022], [0.000115424540127, -0.00140222010668, 0.00421234266832, -0.00271284766495, 0.0024575763382, -0.0042956317775, 0.00323879020289, -0.00220218137838, 0.00286192283966, -0.00383769720793, 0.00507276225835, -0.00458080042154, 0.00198579207063], [9.67065570876e-05, 0.000135968773975, -0.00271284766495, 0.00669882306829, -0.00335372565314, 0.00180797709618, -0.00023383340158, -0.000253974256339, -0.00242603616789, 0.00129405537155, -0.00206207577139, 0.00169211975299, -0.00172004441265], [-2.81353331957e-05, -0.00316092651337, 0.0024575763382, -0.00335372565314, 0.00995087716728, -0.00668235076591, 0.00381225417368, -0.00469821924344, 0.00341858505271, -0.00419549876824, 0.00467726495117, -0.00375232519582, 0.00222233892418], [-0.000448731210781, 0.00559614878148, -0.0042956317775, 0.00180797709618, -0.00668235076591, 0.0151114268228, -0.0119496071711, 0.00868639722466, -0.00610470492393, 0.00674766628072, -0.00895886309445, 0.00705514429137, -0.00302947172895], [0.000386561121559, -0.00660828314722, 0.00323879020289, -0.00023383340158, 0.00381225417368, -0.0119496071711, 0.0176695138216, -0.0108808474615, 0.00832008291036, -0.0059968479909, 0.00551329599693, -0.00617327168584, 0.00335899787024], [-0.00101800321136, 0.00631710560992, -0.00220218137838, -0.000253974256339, -0.00469821924344, 0.00868639722466, -0.0108808474615, 0.0192718561739, -0.0136640714481, 0.0105823623016, -0.00841280631721, 0.00741401873529, -0.00324920495041], [0.000414571928559, -0.00574976811185, 0.00286192283966, -0.00242603616789, 0.00341858505271, -0.00610470492393, 0.00832008291036, -0.0136640714481, 0.0224298369139, -0.0141062159091, 0.00827120058239, -0.00674720294774, 0.00321850809269], [-0.000607966445386, 0.00479359459132, -0.00383769720793, 0.00129405537155, -0.00419549876824, 0.00674766628072, -0.0059968479909, 0.0105823623016, -0.0141062159091, 0.0234401207417, -0.0130934109911, 0.0050732367672, -0.00357234734111], [0.000480604416225, -0.00508322380483, 0.00507276225835, -0.00206207577139, 0.00467726495117, -0.00895886309445, 0.00551329599693, -0.00841280631721, 0.00827120058239, -0.0130934109911, 0.0223225224763, -0.012317138724, 0.00468403613195], [-0.000561246473808, 0.00526597676799, -0.00458080042154, 0.00169211975299, -0.00375232519582, 0.00705514429137, -0.00617327168584, 0.00741401873529, -0.00674720294774, 0.0050732367672, -0.012317138724, 0.0227873586118, -0.00684090424329], [0.000291660748189, -0.00279008341022, 0.00198579207063, -0.00172004441265, 0.00222233892418, -0.00302947172895, 0.00335899787024, -0.00324920495041, 0.00321850809269, -0.00357234734111, 0.00468403613195, -0.00684090424329, 0.0121500045061]]
    },
    "melbands": {
        "max": [0.00773026468232, 0.00712504377589, 0.00716806109995, 0.00566220376641, 0.00648391572759, 0.00289731123485, 0.00648842379451, 0.0077523868531, 0.00367484334856, 0.00763278733939, 0.00856717210263, 0.0070064580068, 0.00469644740224, 0.00397691922262, 0.00476483535022, 0.00853564869612, 0.00367550714873, 0.00378252589144, 0.0014949911274, 0.000879361061379, 0.00063942867564, 0.000478462112369, 0.000498870620504, 0.000499275280163, 0.000362585531548, 0.000433427776443, 8.91387753654e-05, 4.48920945928e-05, 5.32720441697e-05, 2.10094131035e-05, 1.68260448845e-05, 4.43348217232e-05, 2.94039273285e-05, 2.88373903459e-05, 3.1187573768e-05, 6.45054824417e-05, 0.000103068850876, 0.000135238529765, 0.000141523923958, 0.000185462093214],
        "mean": [0.00120514573064, 0.000818689295556, 0.000476087239804, 0.000320041755913, 0.000294867786579, 0.000220318048378, 0.000188840873307, 0.000166815094417, 0.000128602056066, 0.000203704214073, 0.000272122095339, 0.000180101895239, 0.000121104087157, 8.36766776047e-05, 9.76412702585e-05, 0.000115333197755, 9.61845798884e-05, 7.1265938459e-05, 4.65415978397e-05, 4.69340775453e-05, 3.506675057e-05, 4.07021689171e-05, 3.1289015169e-05, 2.97601509374e-05, 3.28963105858e-05, 2.05684063985e-05, 6.8344097599e-06, 3.32374202117e-06, 3.23009135172e-06, 1.54055544499e-06, 9.38133155159e-07, 1.11089616439e-06, 1.0950068372e-06, 1.18962645956e-06, 1.20499964851e-06, 1.67871735357e-06, 1.91861840904e-06, 1.94054928215e-06, 2.17412821257e-06, 2.5623808142e-06],
        "min": [4.78092623268e-08, 7.4345922485e-07, 9.89900627246e-07, 7.87505882727e-07, 7.03084765519e-07, 3.20879820492e-07, 6.98487895079e-07, 4.60247605361e-07, 1.17710165171e-07, 3.24902600823e-07, 4.36199769638e-07, 2.73071890433e-07, 1.15751923602e-07, 1.0627068292e-07, 1.0202511902e-07, 1.75131603442e-07, 4.78520178149e-07, 2.79234313894e-07, 5.74244438667e-07, 5.02805960423e-07, 1.95547841031e-07, 3.99412073193e-07, 2.45987536118e-07, 1.28806249222e-07, 8.77566321833e-08, 1.00461541308e-07, 4.2935255351e-08, 4.88982010438e-08, 4.10476950208e-08, 2.7442519368e-08, 8.15652345665e-09, 9.39974142966e-09, 7.69577113147e-09, 1.01869872537e-08, 6.76323619331e-09, 4.7587263019e-09, 5.92923354858e-09, 3.57314533517e-09, 1.84335868791e-09, 2.29937779928e-09],
        "stdev": [0.00116399955004, 0.00108977244236, 0.000946264714003, 0.000584052992053, 0.000513071892783, 0.00031874893466, 0.000497947970871, 0.000598756421823, 0.000283188535832, 0.000528815726284, 0.000840788590722, 0.000506994139869, 0.000359796802513, 0.000259848980932, 0.00031590211438, 0.000482825009385, 0.000233523431234, 0.000191934144823, 8.77593047335e-05, 7.9881909187e-05, 5.62803252251e-05, 5.82779757679e-05, 4.58195172541e-05, 3.90275090467e-05, 4.19089046773e-05, 3.2106807339e-05, 9.57035899773e-06, 3.77306173505e-06, 4.46902595286e-06, 1.86328918517e-06, 1.13752855668e-06, 1.54437771016e-06, 1.58402656325e-06, 1.70769067154e-06, 1.96906830752e-06, 2.84237762571e-06, 4.08853156841e-06, 5.48800016986e-06, 7.83284212957e-06, 1.08044487206e-05]
    },
    "melbands128": {
        "max": [0.00594631303102, 0.0100850826129, 0.011811115779, 0.0101842079312, 0.00953895878047, 0.0121965603903, 0.0108507378027, 0.00912803411484, 0.00913547165692, 0.00789228919894, 0.00872860010713, 0.00739470589906, 0.010282067582, 0.00627030059695, 0.00415831664577, 0.00512026622891, 0.00421475525945, 0.00611299648881, 0.0211146567017, 0.0133874155581, 0.00489556370303, 0.00362341757864, 0.00400201044977, 0.0108897555619, 0.00970833469182, 0.0161322169006, 0.0179383344948, 0.0174238458276, 0.0168146789074, 0.014277972281, 0.0154154403135, 0.0120681058615, 0.00802974496037, 0.0108483368531, 0.00490806251764, 0.00636781333014, 0.0113037833944, 0.00922239851207, 0.00638870941475, 0.00516613572836, 0.0155874835327, 0.0149434274063, 0.00542356353253, 0.00424643792212, 0.00993413850665, 0.00348148867488, 0.00312843592837, 0.00158771360293, 0.00319163617678, 0.000956887612119, 0.00134371081367, 0.00209138449281, 0.00113662402146, 0.000607808178756, 0.00143490976188, 0.00103026512079, 0.000717552145943, 0.000947386026382, 0.00081682932796, 0.000885972636752, 0.000692909932695, 0.000930678623263, 0.000606225454248, 0.000649295106996, 0.000714946305379, 0.0009170184494, 0.000452451378806, 0.000215279083932, 0.000163974284078, 5.99747836532e-05, 6.10736242379e-05, 9.61331097642e-05, 7.24665878806e-05, 0.000104876889964, 4.45362893515e-05, 3.98653646698e-05, 2.53782145592e-05, 2.05106862268e-05, 2.49263448495e-05, 1.8275120965e-05, 4.73722175229e-05, 6.35038522887e-05, 2.39518521994e-05, 3.81057616323e-05, 3.40785882145e-05, 3.01591171592e-05, 2.81759093923e-05, 3.14897333737e-05, 3.18369056913e-05, 3.86634710594e-05, 9.69118045759e-05, 5.51683770027e-05, 6.55110634398e-05, 7.6458825788e-05, 0.000143452474731, 0.000206285796594, 0.000127886713017, 0.000125258680782, 0.000149197585415, 0.000217869732296, 0.000224553601583, 0.000180382790859, 0.00035186659079, 0.000225984796998, 0.000152260545292, 8.96727360669e-05, 9.43353297771e-05, 0.000128169820528, 7.79059919296e-05, 6.55358890072e-05, 8.21920330054e-05, 4.28342427767e-05, 6.29147471045e-05, 1.71986794157e-05, 2.50469493039e-05, 5.55078258913e-06, 8.1814727082e-07, 1.61336579652e-08, 1.50821772849e-08, 1.4331033249e-08, 1.3742685212e-08, 1.32766855288e-08, 1.2884522782e-08, 1.2601750754e-08, 1.23539187769e-08, 1.21625864935e-08, 1.20302452444e-08, 1.19492398198e-08],
        "mean": [0.000550602970179, 0.00142195692752, 0.00140714773443, 0.000945685373154, 0.000792638165876, 0.00073686306132, 0.000543797679711, 0.000409481435781, 0.000348672532709, 0.000316182238748, 0.000312565243803, 0.000261952925939, 0.000311586074531, 0.000315487093758, 0.000206467520911, 0.000174768618308, 0.000179503927939, 0.000134853136842, 0.000290279072942, 0.000199716625502, 0.0001000174816, 9.37004297157e-05, 0.000128032537759, 0.000169110353454, 0.000166957630427, 0.000227902943152, 0.000272407458397, 0.000288328767056, 0.000275338243227, 0.000172324638697, 0.000157793925609, 0.000172914675204, 0.000105455379526, 0.000108367254143, 6.9978486863e-05, 7.81518538133e-05, 9.64722858043e-05, 0.00012301003153, 7.63119533076e-05, 7.67551391618e-05, 0.000157341230079, 0.00011656749848, 8.3875238488e-05, 9.04337066459e-05, 0.000103337246401, 6.18765043328e-05, 4.25838552474e-05, 5.14176172146e-05, 4.72149513371e-05, 3.47787390638e-05, 4.93133593409e-05, 6.09273665759e-05, 2.85751320916e-05, 2.55735212704e-05, 4.27437189501e-05, 4.75872075185e-05, 3.43161045748e-05, 2.96144280583e-05, 3.08236121782e-05, 3.32708259521e-05, 2.70046875812e-05, 3.115873551e-05, 2.82541932393e-05, 3.4570643038e-05, 3.96180694224e-05, 1.78392183443e-05, 1.25338501675e-05, 9.186394891e-06, 5.64138417758e-06, 3.09007123178e-06, 2.75131969829e-06, 3.80161077373e-06, 4.07129118685e-06, 3.21872380482e-06, 2.1063224267e-06, 1.67116434113e-06, 1.21269090414e-06, 1.1601797496e-06, 7.9798059005e-07, 7.89937757872e-07, 1.18211039535e-06, 1.14202020995e-06, 1.20551385407e-06, 1.00052659491e-06, 1.09023278583e-06, 1.27403814076e-06, 1.20296488149e-06, 1.09038899154e-06, 1.14165004561e-06, 1.29574357288e-06, 1.55947509484e-06, 1.7889785795e-06, 1.89059790046e-06, 1.96028031496e-06, 1.90178616322e-06, 1.96086102733e-06, 2.04814159588e-06, 1.69213080881e-06, 2.00806289286e-06, 2.50449647865e-06, 2.70553687187e-06, 2.44437046604e-06, 2.5844171887e-06, 2.36596838477e-06, 1.80067934252e-06, 1.36876235501e-06, 1.24424150272e-06, 1.12046939194e-06, 8.68105075824e-07, 6.75622402468e-07, 6.61504714117e-07, 5.32498802386e-07, 3.45187487483e-07, 2.78529000752e-07, 2.19919584765e-07, 1.06937427802e-07, 3.69735042582e-09, 1.65918997291e-11, 1.12750971754e-11, 1.07785586012e-11, 1.03826166414e-11, 1.0069530279e-11, 9.79762625197e-12, 9.59085588725e-12, 9.39323705623e-12, 9.21370792162e-12, 9.09610234356e-12, 9.03448323097e-12],
        "min": [4.18958007176e-10, 9.15766751319e-09, 1.40797338233e-08, 1.13401178226e-07, 2.70043074124e-07, 1.64523370927e-07, 7.71982456627e-07, 3.7035169953e-07, 3.49860869164e-07, 5.44822853499e-07, 5.63389392028e-07, 2.78784966667e-07, 1.61705798973e-07, 3.26705446696e-07, 1.25547288121e-07, 1.01526310914e-07, 2.69853387636e-07, 1.36922153615e-07, 2.06677256642e-07, 7.86211913351e-08, 2.02850458209e-07, 4.9728985374e-08, 3.29739862082e-08, 8.80451480612e-08, 1.98352395842e-07, 1.25279029817e-07, 5.37276818591e-08, 1.70865718019e-07, 1.31760145905e-07, 3.36152254476e-07, 1.56665649342e-07, 1.50109613628e-07, 1.21726969837e-07, 6.36417567534e-08, 1.04114654675e-07, 9.91268720441e-08, 3.30314016139e-08, 8.64141753709e-08, 5.30477635152e-08, 1.187764056e-07, 1.38163031238e-07, 5.98748570724e-08, 7.00464326542e-08, 9.88070851804e-08, 8.31978042015e-08, 8.93387621659e-08, 1.35406537538e-07, 2.55540697935e-07, 2.59721417706e-07, 2.08707106708e-07, 1.25643765614e-07, 1.70632944219e-07, 1.14995032163e-07, 7.27454363414e-08, 1.01091828242e-07, 1.18505695923e-07, 5.40089573065e-08, 8.51024211102e-08, 5.64678401815e-08, 6.62559784814e-08, 1.59741929906e-07, 5.69408484807e-08, 5.05986932353e-08, 5.86922261903e-08, 6.52433982395e-08, 7.74971624651e-08, 1.18840466357e-08, 2.59677008785e-08, 4.86662727894e-08, 1.09291464767e-08, 7.97326649149e-09, 3.78524305233e-08, 2.59707189088e-08, 3.72910946567e-09, 5.99235550069e-09, 6.69993749369e-09, 7.89585197225e-09, 2.33795671711e-09, 2.44817455197e-09, 1.16982787901e-08, 3.08563308238e-09, 2.31293983965e-09, 8.36386693237e-09, 3.77479381086e-09, 8.43558334296e-10, 1.81548787115e-09, 8.84401973877e-09, 2.68631827893e-09, 2.36750907767e-09, 3.94326216124e-09, 4.14449408126e-09, 3.06332603728e-09, 1.85771042993e-09, 4.62530280743e-09, 1.52877832615e-09, 1.34443955968e-09, 2.09377670757e-09, 2.60842814015e-09, 5.68812608126e-10, 5.56522439243e-10, 2.53605553224e-10, 5.01145347442e-10, 2.17190793128e-10, 1.02938912949e-09, 6.50891451848e-10, 6.69388044994e-10, 4.0050746053e-10, 6.49671871855e-10, 2.7930385782e-10, 1.43137016129e-10, 1.88863976541e-11, 1.25907576032e-10, 1.24788249178e-10, 2.08353429995e-12, 4.41661290873e-11, 4.06414520093e-11, 2.33566936408e-13, 6.56291495216e-14, 6.16455264656e-14, 6.38349033463e-14, 5.78077963644e-14, 5.92751962423e-14, 5.68541456861e-14, 4.9940672935e-14, 3.9081219272e-14, 9.47006806063e-15, 2.38870427378e-15, 1.14675859966e-16],
        "stdev": [0.000807884207461, 0.00157042243518, 0.00153691601008, 0.00121872930322, 0.00127303472254, 0.00157661794219, 0.00133787305094, 0.00100901373662, 0.00095416320255, 0.00068056571763, 0.000570670235902, 0.000546674651559, 0.000655840267427, 0.000611712282989, 0.000375771574909, 0.000339930615155, 0.000369368121028, 0.000318536389386, 0.00151711562648, 0.000934663694352, 0.000252623809502, 0.000239088200033, 0.000324995722622, 0.000595694698859, 0.000610275194049, 0.000820123939775, 0.00112548831385, 0.0013586251298, 0.00109087885357, 0.000814888160676, 0.0005893582711, 0.000671540154144, 0.000493395491503, 0.000463548582047, 0.000300707964925, 0.000350607500877, 0.000493008643389, 0.000519570836332, 0.000322961655911, 0.000329064147081, 0.00090858375188, 0.000568548799492, 0.000308769202093, 0.00025599510991, 0.000443123775767, 0.000208061814192, 0.000157124828547, 0.000123201170936, 0.00012982483895, 6.98510557413e-05, 0.000106856925413, 0.000173125998117, 7.19221061445e-05, 5.3382380429e-05, 0.000100398377981, 9.21991595533e-05, 6.45363033982e-05, 6.62328893668e-05, 7.02112811268e-05, 6.30616559647e-05, 5.04007948621e-05, 6.69452201691e-05, 5.21716356161e-05, 6.02279869781e-05, 7.86599412095e-05, 4.48781029263e-05, 2.99977764371e-05, 1.93433388631e-05, 9.04173157323e-06, 4.40729127149e-06, 4.03893000112e-06, 6.37172888673e-06, 7.15841542842e-06, 6.87017109158e-06, 3.40077622241e-06, 2.81792426904e-06, 1.85481599146e-06, 1.7014807554e-06, 1.24936502743e-06, 1.14825490982e-06, 1.80911422376e-06, 1.96097448679e-06, 1.62175786045e-06, 1.76047683453e-06, 1.8378269715e-06, 1.93200435206e-06, 1.84030420769e-06, 1.91758908841e-06, 2.01822945201e-06, 2.415043582e-06, 3.18120305565e-06, 3.04979880639e-06, 3.54463168151e-06, 3.9325555008e-06, 5.11478629051e-06, 7.07769095243e-06, 5.40802238902e-06, 5.56030499865e-06, 7.07146909917e-06, 1.08449003164e-05, 1.09522188723e-05, 1.02155299828e-05, 1.37695105877e-05, 1.19313472169e-05, 6.88833642926e-06, 4.8413753575e-06, 4.56688712802e-06, 4.55049166703e-06, 3.38878385264e-06, 2.76106925412e-06, 2.41815496338e-06, 1.7928895204e-06, 1.71192402831e-06, 9.80692107078e-07, 8.99208487226e-07, 3.78528056899e-07, 2.41048372374e-08, 3.56538826241e-10, 3.2966110397e-10, 3.13276016239e-10, 3.00441976853e-10, 2.90272833547e-10, 2.81711792782e-10, 2.75540784633e-10, 2.70131000901e-10, 2.65952843082e-10, 2.6306468115e-10, 2.61296373427e-10]
    },
    "mfcc": {
        "mean": [-628.280029297, 106.831039429, -11.3130350113, 12.2575464249, 21.0570011139, -5.14737415314, 5.80165243149, 8.7870349884, -2.90675258636, 4.00162363052, 1.3830999136, -1.12590074539, -1.96819412708],
        "cov": [[1647.95605469, -148.035400391, -109.763496399, -26.8278484344, 42.5940551758, -67.8200302124, 5.5331325531, 75.3215332031, 16.6349506378, 91.1522140503, 59.8221931458, -27.0311450958, -0.459210842848], [-148.035400391, 538.329528809, -161.031326294, 64.435005188, -65.8271102905, 37.6879272461, 48.6894569397, 8.37512302399, 14.6134901047, 39.1600952148, 1.12077748775, 9.54805660248, -16.4942703247], [-109.763496399, -161.031326294, 522.603942871, 58.2128372192, 80.3410491943, 98.5307998657, -24.0225715637, -31.1576843262, 20.8983364105, -52.3128128052, -8.02897167206, 28.8091392517, 41.87109375], [-26.8278484344, 64.435005188, 58.2128372192, 254.13899231, 94.9257278442, -6.10619688034, -42.5684432983, -1.48812866211, 55.3273925781, 14.9224491119, 5.10781955719, 26.3400287628, 15.8061923981], [42.5940551758, -65.8271102905, 80.3410491943, 94.9257278442, 196.604660034, 37.7772521973, -18.7548007965, 15.1406173706, 37.336566925, 9.19704055786, 19.1379051208, 11.502163887, 18.4569225311], [-67.8200302124, 37.6879272461, 98.5307998657, -6.10619688034, 37.7772521973, 217.419586182, 96.713432312, 20.7733688354, -0.790975511074, -5.19546794891, 17.3151302338, 34.7586517334, 21.139623642], [5.5331325531, 48.6894569397, -24.0225715637, -42.5684432983, -18.7548007965, 96.713432312, 187.323699951, 76.6597213745, -9.27843761444, 21.2859745026, 24.2471389771, 8.58932685852, -11.3264465332], [75.3215332031, 8.37512302399, -31.1576843262, -1.48812866211, 15.1406173706, 20.7733688354, 76.6597213745, 156.994552612, 13.5332431793, 44.7484321594, 48.9683799744, -14.8616762161, -13.6260614395], [16.6349506378, 14.6134901047, 20.8983364105, 55.3273925781, 37.336566925, -0.790975511074, -9.27843761444, 13.5332431793, 112.488235474, 36.8019447327, -20.6076335907, -1.05529892445, 1.6054071188], [91.1522140503, 39.1600952148, -52.3128128052, 14.9224491119, 9.19704055786, -5.19546794891, 21.2859745026, 44.7484321594, 36.8019447327, 97.6379089355, 44.5869216919, -2.88807964325, -9.92757320404], [59.8221931458, 1.12077748775, -8.02897167206, 5.10781955719, 19.1379051208, 17.3151302338, 24.2471389771, 48.9683799744, -20.6076335907, 44.5869216919, 121.343078613, 32.8074035645, 0.947201132774], [-27.0311450958, 9.54805660248, 28.8091392517, 26.3400287628, 11.502163887, 34.7586517334, 8.58932685852, -14.8616762161, -1.05529892445, -2.88807964325, 32.8074035645, 104.040870667, 47.7126045227], [-0.459210842848, -16.4942703247, 41.87109375, 15.8061923981, 18.4569225311, 21.139623642, -11.3264465332, -13.6260614395, 1.6054071188, -9.92757320404, 0.947201132774, 47.7126045227, 87.8654403687]],
        "icov": [[0.000691545952577, 0.000235620595049, 0.00014355397434, 5.00374953845e-05, -0.000138541363413, 0.000150877356646, -3.76034586225e-05, -0.000111690242193, 4.56881462014e-05, -0.000574286445044, -0.000110431203211, 0.000177974055987, -0.000220104600885], [0.000235620595049, 0.00268908427097, 0.000935409625527, -0.00137560465373, 0.00130585487932, -0.00105039263144, -0.000249655568041, 0.000267587281996, -6.17747209617e-05, -0.000869528739713, 0.000172140877112, -1.13018998604e-07, 0.000196546301595], [0.00014355397434, 0.000935409625527, 0.00283708469942, -0.000699792988598, -1.87654095498e-05, -0.00159280677326, 0.000502932642121, 0.000252919853665, -0.000846237351652, 0.0013336740667, -0.000554751663003, 0.000336113473168, -0.000568917777855], [5.00374953845e-05, -0.00137560465373, -0.000699792988598, 0.00622966652736, -0.00289082457311, 0.00105917023029, 0.000996419461444, -0.000393405352952, -0.00169567787088, 6.41466249363e-05, 5.5228574638e-05, -0.00157155946363, 0.00026572131901], [-0.000138541363413, 0.00130585487932, -1.87654095498e-05, -0.00289082457311, 0.00795657839626, -0.0021263610106, 0.00108260835987, -0.000532036006916, -0.0016166359419, 0.000422905024607, -0.00149573676754, 0.00109428609721, -0.000830104167107], [0.000150877356646, -0.00105039263144, -0.00159280677326, 0.00105917023029, -0.0021263610106, 0.00817952118814, -0.00445624161512, 0.000733706459869, -6.1992672272e-05, 0.000596018275246, -0.000356757285772, -0.00117566157132, -0.000899085076526], [-3.76034586225e-05, -0.000249655568041, 0.000502932642121, 0.000996419461444, 0.00108260835987, -0.00445624161512, 0.0101436451077, -0.00452174944803, 0.000982207711786, -0.00105242279824, 0.00128247879911, -0.00172969966661, 0.00177368079312], [-0.000111690242193, 0.000267587281996, 0.000252919853665, -0.000393405352952, -0.000532036006916, 0.000733706459869, -0.00452174944803, 0.0105803580955, -0.00169108936097, -0.00106839160435, -0.00408208556473, 0.00330283725634, -0.000846279901452], [4.56881462014e-05, -6.17747209617e-05, -0.000846237351652, -0.00169567787088, -0.0016166359419, -6.1992672272e-05, 0.000982207711786, -0.00169108936097, 0.0145151428878, -0.00800375360996, 0.00667368341237, -0.00196023122407, 0.00073878490366], [-0.000574286445044, -0.000869528739713, 0.0013336740667, 6.41466249363e-05, 0.000422905024607, 0.000596018275246, -0.00105242279824, -0.00106839160435, -0.00800375360996, 0.0193796083331, -0.00826032366604, 0.00239768228494, -0.000223970753723], [-0.000110431203211, 0.000172140877112, -0.000554751663003, 5.5228574638e-05, -0.00149573676754, -0.000356757285772, 0.00128247879911, -0.00408208556473, 0.00667368341237, -0.00826032366604, 0.0158877354115, -0.00668268511072, 0.00262077804655], [0.000177974055987, -1.13018998604e-07, 0.000336113473168, -0.00157155946363, 0.00109428609721, -0.00117566157132, -0.00172969966661, 0.00330283725634, -0.00196023122407, 0.00239768228494, -0.00668268511072, 0.0167991556227, -0.00827783346176], [-0.000220104600885, 0.000196546301595, -0.000568917777855, 0.00026572131901, -0.000830104167107, -0.000899085076526, 0.00177368079312, -0.000846279901452, 0.00073878490366, -0.000223970753723, 0.00262077804655, -0.00827783346176, 0.0165561400354]]
    },
    "spectral_contrast_coeffs": {
        "max": [-0.493057876825, -0.517384886742, -0.464212179184, -0.500276207924, -0.565849065781, -0.691246569157],
        "mean": [-0.743566393852, -0.755722045898, -0.742523252964, -0.765235066414, -0.743822097778, -0.798713028431],
        "min": [-0.949999690056, -0.923420131207, -0.913412749767, -0.887276411057, -0.867058694363, -0.876257359982],
        "stdev": [0.0735683143139, 0.0668449178338, 0.0822318121791, 0.0611015222967, 0.0571459233761, 0.0312685891986]
    },
    "spectral_contrast_valleys": {
        "max": [-5.40070772171, -4.94593238831, -5.4927611351, -5.95480060577, -6.17674875259, -7.56828832626],
        "mean": [-6.77871084213, -6.91350317001, -7.33452796936, -7.37410545349, -7.53006649017, -9.9458398819],
        "min": [-9.73155498505, -9.49769115448, -9.21283531189, -8.86371326447, -9.35394096375, -12.3934583664],
        "stdev": [0.636578977108, 0.558100223541, 0.510265529156, 0.448493361473, 0.458899825811, 0.755766868591]
    }
},
"rhythm": {
    "beats_count": 100,
    "beats_loudness": {
        "max": 0.0669198781252,
        "mean": 0.0333084277809,
        "min": 0.00294371764176,
        "stdev": 0.0124238841236
    },
    "bpm": 125.03704071,
    "bpm_histogram_first_peak_bpm": 126,
    "bpm_histogram_first_peak_weight": 0.336842060089,
    "bpm_histogram_second_peak_bpm": 115,
    "bpm_histogram_second_peak_spread": 0.25,
    "bpm_histogram_second_peak_weight": 0.0303030312061,
    "danceability": 1.15091490746,
    "onset_rate": 4.1220703125,
    "beats_loudness_band_ratio": {
        "max": [0.908688426018, 0.500392079353, 0.546364307404, 0.665755271912, 0.483289957047, 0.63023930788],
        "mean": [0.526295304298, 0.123231388628, 0.118247158825, 0.127290964127, 0.117061108351, 0.0440541356802],
        "min": [0.000889827264473, 0.0107874628156, 0.00513029377908, 0.00860606040806, 0.0082528963685, 0.00378367886879],
        "stdev": [0.213390186429, 0.105691052973, 0.118234939873, 0.140006378293, 0.0931775644422, 0.0682439282537]
    },
