{
"metadata": {
    "version": {
        "essentia": "2.1-beta5",
        "essentia_git_sha": "Undefined",
        "extractor": "music 2.0"
    },
    "audio_properties": {
        "analysis": {
            "equal_loudness": 0,
            "length": 37.1635360718,
            "sample_rate": 44100,
            "start_time": 142.744674683,
            "downmix": "mix"
        },
        "bit_rate": 192000,
        "length": 179.931442261,
        "lossless": 0,
        "number_channels": 2,
        "replay_gain": 2.07926750183,
        "sample_rate": 48000,
        "codec": "mp3",
        "md5_encoded": "407b71179e3c3106b2ea4d31f6748f7a"
    },
    "tags": {
        "file_name": "Denmark_Shame On You_Tomas Thordarson.mp3",
        "encoding": ["Lavf58.29.100"]
    }
},
"lowlevel": {
    "average_loudness": 0.906570792198,
    "barkbands_crest": {
        "max": 24.733247757,
        "mean": 9.70562648773,
        "min": 2.41806936264,
        "stdev": 4.32501840591
    },
    "barkbands_flatness_db": {
        "max": 0.3781029284,
        "mean": 0.146970301867,
        "min": 0.057132601738,
        "stdev": 0.0568190217018
    },
    "barkbands_kurtosis": {
        "max": 23.826669693,
        "mean": 1.45900094509,
        "min": -1.74172186852,
        "stdev": 3.26121163368
    },
    "barkbands_skewness": {
        "max": 4.89935064316,
        "mean": 0.76420044899,
        "min": -1.7848379612,
        "stdev": 1.08195567131
    },
    "barkbands_spread": {
        "max": 93.1497879028,
        "mean": 25.9614448547,
        "min": 2.368247509,
        "stdev": 15.3938894272
    },
    "dissonance": {
        "max": 0.500000059605,
        "mean": 0.475816547871,
        "min": 0.379471212626,
        "stdev": 0.0195379536599
    },
    "dynamic_complexity": 3.06129026413,
    "erbbands_crest": {
        "max": 29.9260044098,
        "mean": 10.9297618866,
        "min": 2.25266957283,
        "stdev": 5.45459890366
    },
    "erbbands_flatness_db": {
        "max": 0.427974402905,
        "mean": 0.195054143667,
        "min": 0.0769873782992,
        "stdev": 0.0747484266758
    },
    "erbbands_kurtosis": {
        "max": 20.5015640259,
        "mean": 1.88703966141,
        "min": -1.3484005928,
        "stdev": 2.90568208694
    },
    "erbbands_skewness": {
        "max": 3.5218873024,
        "mean": 0.442740947008,
        "min": -2.37398862839,
        "stdev": 0.846783697605
    },
    "erbbands_spread": {
        "max": 89.8569259644,
        "mean": 27.4154968262,
        "min": 3.76253509521,
        "stdev": 17.2775783539
    },
    "hfc": {
        "max": 138.686080933,
        "mean": 28.9444465637,
        "min": 0.000826718925964,
        "stdev": 24.7549629211
    },
    "loudness_ebu128": {
        "integrated": -25.4391651154,
        "loudness_range": 4.0629863739,
        "momentary": {
            "max": -21.1871376038,
            "mean": -26.1658573151,
            "min": -34.0538864136,
            "stdev": 2.70355248451
        },
        "short_term": {
            "max": -23.1286849976,
            "mean": -25.5394859314,
            "min": -30.551202774,
            "stdev": 1.55826413631
        }
    },
    "melbands_crest": {
        "max": 30.5426959991,
        "mean": 12.2485761642,
        "min": 3.60440206528,
        "stdev": 4.78347396851
    },
    "melbands_flatness_db": {
        "max": 0.343574374914,
        "mean": 0.152396589518,
        "min": 0.0322797633708,
        "stdev": 0.0480796098709
    },
    "melbands_kurtosis": {
        "max": 53.5526504517,
        "mean": 5.47370004654,
        "min": -1.62981700897,
        "stdev": 7.58283376694
    },
    "melbands_skewness": {
        "max": 6.71576976776,
        "mean": 1.61329948902,
        "min": -1.33902525902,
        "stdev": 1.35878956318
    },
    "melbands_spread": {
        "max": 99.34815979,
        "mean": 33.3504524231,
        "min": 2.90581274033,
        "stdev": 17.689245224
    },
    "pitch_salience": {
        "max": 0.881098091602,
        "mean": 0.590608358383,
        "min": 0.226603522897,
        "stdev": 0.103903658688
    },
    "silence_rate_20dB": {
        "max": 1,
        "mean": 1,
        "min": 1,
        "stdev": 0
    },
    "silence_rate_30dB": {
        "max": 1,
        "mean": 1,
        "min": 1,
        "stdev": 0
    },
    "silence_rate_60dB": {
        "max": 1,
        "mean": 0.0405742824078,
        "min": 0,
        "stdev": 0.197301849723
    },
    "spectral_centroid": {
        "max": 2965.59033203,
        "mean": 1622.58642578,
        "min": 557.782470703,
        "stdev": 362.708862305
    },
    "spectral_complexity": {
        "max": 55,
        "mean": 20.5043697357,
        "min": 0,
        "stdev": 8.15511417389
    },
    "spectral_decrease": {
        "max": -1.57782885065e-13,
        "mean": -5.24463983353e-09,
        "min": -2.0450713123e-08,
        "stdev": 3.75830833121e-09
    },
    "spectral_energy": {
        "max": 0.0875397399068,
        "mean": 0.0224198400974,
        "min": 6.70495353461e-07,
        "stdev": 0.0161487236619
    },
    "spectral_energyband_high": {
        "max": 0.011027675122,
        "mean": 0.000993967754766,
        "min": 2.39069599672e-08,
        "stdev": 0.00142725522164
    },
    "spectral_energyband_low": {
        "max": 0.0372171290219,
        "mean": 0.00390175450593,
        "min": 1.66884763786e-08,
        "stdev": 0.00493292231113
    },
    "spectral_energyband_middle_high": {
        "max": 0.0766930952668,
        "mean": 0.0119334124029,
        "min": 2.9950717817e-07,
        "stdev": 0.0125591782853
    },
    "spectral_energyband_middle_low": {
        "max": 0.0521108135581,
        "mean": 0.00608249846846,
        "min": 3.57161866305e-07,
        "stdev": 0.00556910876185
    },
    "spectral_entropy": {
        "max": 8.56994724274,
        "mean": 7.79048347473,
        "min": 6.54945373535,
        "stdev": 0.343701541424
    },
    "spectral_flux": {
        "max": 0.245160773396,
        "mean": 0.0868070796132,
        "min": 0.0192757844925,
        "stdev": 0.0399479717016
    },
    "spectral_kurtosis": {
        "max": 14.3001976013,
        "mean": 3.69412660599,
        "min": -0.570542812347,
        "stdev": 2.29629802704
    },
    "spectral_rms": {
        "max": 0.00924146175385,
        "mean": 0.00437286542729,
        "min": 2.55761951848e-05,
        "stdev": 0.00165863207076
    },
    "spectral_rolloff": {
        "max": 9194.67773438,
        "mean": 2026.53356934,
        "min": 107.666015625,
        "stdev": 1246.79589844
    },
    "spectral_skewness": {
        "max": 2.71136689186,
        "mean": 1.56682932377,
        "min": 0.574609398842,
        "stdev": 0.333783298731
    },
    "spectral_spread": {
        "max": 10195091,
        "mean": 4811816.5,
        "min": 2195910.5,
        "stdev": 1541255.625
    },
    "spectral_strongpeak": {
        "max": 15.5108346939,
        "mean": 2.07551455498,
        "min": 0.000928666093387,
        "stdev": 2.52857303619
    },
    "zerocrossingrate": {
        "max": 0.22509765625,
        "mean": 0.080674611032,
        "min": 0.025390625,
        "stdev": 0.0290787685663
    },
    "barkbands": {
        "max": [0.00150176603347, 0.0359735041857, 0.0146505348384, 0.0103190355003, 0.0144083816558, 0.0252132676542, 0.0149367125705, 0.0284553878009, 0.018842253834, 0.0273387469351, 0.0325798913836, 0.033392496407, 0.0243299584836, 0.0555129349232, 0.0216142889112, 0.0406443364918, 0.0205394439399, 0.0111432569101, 0.00208518723957, 0.00174960959703, 0.00241549545899, 0.00237672775984, 0.00257631042041, 0.00233591441065, 0.00367396487854, 2.8879083402e-05, 1.63239315043e-06],
        "mean": [9.99656549538e-05, 0.00284015503712, 0.000704519508872, 0.00056241202401, 0.000957584474236, 0.00124159478582, 0.000900927581824, 0.000615050143097, 0.00131956068799, 0.00176321552135, 0.00163500371855, 0.00102246773895, 0.0012046842603, 0.0030324512627, 0.00105919712223, 0.00102469685953, 0.000805230869446, 0.000362872437108, 0.000224626739509, 0.000104781618575, 0.000131494671223, 0.000172388216015, 0.000197778455913, 0.000214337211219, 0.000222446382395, 3.9983999045e-07, 2.02605954236e-09],
        "min": [2.20242601934e-10, 4.69804328773e-09, 3.53867202207e-09, 5.0457176215e-09, 1.44497560584e-08, 2.34915713548e-08, 2.3387929815e-08, 5.69638984871e-08, 1.85854972301e-07, 1.39499206853e-07, 1.27425927587e-08, 1.33976376659e-08, 1.2545349648e-08, 3.31956435673e-08, 2.08555608339e-08, 2.46735964993e-08, 1.96502494276e-08, 5.06780306608e-09, 3.64832892785e-08, 1.64894462529e-08, 2.83989631811e-09, 2.29694974152e-09, 3.65192054375e-09, 2.12114037446e-09, 5.88118442835e-10, 1.41233080786e-10, 4.30338230328e-11],
        "stdev": [0.000162819618708, 0.00446586497128, 0.0010826945072, 0.000894024269655, 0.00149209576193, 0.0022421143949, 0.00153787876479, 0.00142865406815, 0.00214420398697, 0.00319007574581, 0.00368349719793, 0.00225256988779, 0.00253416062333, 0.00658197980374, 0.00196219747886, 0.00223927828483, 0.00136224832386, 0.000722042168491, 0.000235929255723, 0.000147922735778, 0.000211603895877, 0.000240890833084, 0.000298267259495, 0.000318742968375, 0.000369537010556, 1.30240357521e-06, 4.07626217225e-08]
    },
    "erbbands": {
        "max": [1.49199581146, 7.42786359787, 13.1509962082, 25.340013504, 36.3551254272, 70.1078186035, 242.522979736, 218.428070068, 307.530578613, 291.5574646, 867.994689941, 529.856689453, 791.656738281, 713.957336426, 1587.15905762, 1256.390625, 1306.50073242, 2890.36889648, 2521.23779297, 2042.37023926, 2073.99511719, 481.364807129, 625.861206055, 131.65586853, 95.0227661133, 77.3369598389, 96.6598587036, 110.448875427, 76.8225250244, 78.8420410156, 79.0976486206, 57.8460693359, 36.6597290039, 44.7396430969, 26.0559883118, 1.87745583057, 0.0420602224767, 0.00248127663508, 0.000357967626769, 0.000136725604534],
        "mean": [0.090914554894, 0.594129920006, 0.859461247921, 1.44610083103, 2.60534310341, 2.93338394165, 6.30912733078, 10.7094039917, 11.3602590561, 15.3840074539, 15.5573225021, 28.3452987671, 51.8313789368, 54.1534996033, 63.8758087158, 41.4214744568, 53.7161026001, 172.077651978, 60.7020874023, 63.4576072693, 54.7890815735, 44.2598648071, 23.230430603, 12.889336586, 8.78835010529, 5.24199676514, 4.92729902267, 5.56632232666, 5.99018621445, 6.05676317215, 5.50283050537, 4.8153219223, 3.360871315, 2.43761277199, 1.63176524639, 0.109755851328, 0.00276666553691, 0.000182617004612, 3.67689717677e-05, 3.31591145368e-05],
        "min": [1.75657490331e-07, 2.28682893066e-06, 4.77653884445e-06, 9.88484953268e-06, 3.82015714422e-05, 4.49197905255e-05, 0.000117023948405, 0.000207739387406, 0.000330052018398, 0.000385846622521, 0.0017833262682, 0.00408556265756, 0.0051612756215, 0.00274026067927, 0.000431378633948, 0.000534219609108, 0.000504626426846, 0.00116133596748, 0.00165343040135, 0.00119862111751, 0.00140999746509, 0.00115450157318, 0.000442211487098, 0.00148963578977, 0.00117891328409, 0.000769486476202, 0.000344209023751, 8.0858641013e-05, 9.93875510176e-05, 9.29962479859e-05, 9.73713104031e-05, 4.37694470747e-05, 3.21209772665e-05, 1.22736182675e-05, 2.92171557703e-06, 7.0478716907e-07, 2.50932146173e-07, 5.72107801133e-08, 7.00006763665e-09, 1.44282252812e-09],
        "stdev": [0.155044421554, 0.940903425217, 1.12141478062, 2.0848429203, 3.54408359528, 5.35270261765, 14.7136087418, 19.4459991455, 23.1811656952, 26.6672534943, 37.0121688843, 47.1125679016, 88.7935028076, 78.4242324829, 144.874679565, 90.6758499146, 91.9621963501, 372.925964355, 117.398780823, 120.490837097, 112.624931335, 60.43567276, 43.3316421509, 13.7418203354, 9.52918243408, 7.47976541519, 7.40196657181, 9.23403835297, 8.31851482391, 8.98062133789, 8.32674407959, 7.0768032074, 5.26147842407, 4.13572883606, 2.76295280457, 0.187431707978, 0.00463199429214, 0.000294512545224, 4.28286912211e-05, 2.46599065576e-05]
    },
    "gfcc": {
        "mean": [-4.50966215134, 75.6931838989, -161.820465088, 27.7116355896, -71.5408248901, 36.6391334534, -47.7368469238, 16.6669025421, -14.8707494736, -3.32147979736, -8.37172317505, -7.95126152039, 1.37992107868],
        "cov": [[5147.27880859, 413.099884033, 2406.22216797, 1366.31140137, 712.483581543, 880.553405762, -822.001220703, -91.8057632446, -223.945480347, 591.430297852, 98.5261917114, 496.350524902, -102.478408813], [413.099884033, 525.228393555, 466.104980469, 297.865539551, 280.044952393, 176.11505127, -52.1700897217, -10.6493577957, 22.4741306305, 70.2916870117, 70.8095703125, 76.9778823853, 5.97325754166], [2406.22216797, 466.104980469, 2047.00317383, 1206.14672852, 513.796081543, 578.718322754, -510.432983398, -9.75602912903, -176.08164978, 408.835144043, 61.0191879272, 330.124053955, -77.2827377319], [1366.31140137, 297.865539551, 1206.14672852, 838.945251465, 367.449401855, 313.388458252, -316.144958496, -1.53425955772, -79.2014770508, 238.808029175, 41.2350921631, 192.665267944, -40.3638381958], [712.483581543, 280.044952393, 513.796081543, 367.449401855, 357.886566162, 279.898925781, -110.677009583, -17.4319972992, -8.18751525879, 118.085990906, 44.9740333557, 99.4782104492, -20.6041202545], [880.553405762, 176.11505127, 578.718322754, 313.388458252, 279.898925781, 401.071899414, -52.8093566895, -32.1455497742, -65.6163330078, 133.639633179, 29.2947692871, 92.5445404053, -46.019744873], [-822.001220703, -52.1700897217, -510.432983398, -316.144958496, -110.677009583, -52.8093566895, 337.954833984, 44.0491943359, 23.2696075439, -133.713775635, -18.7182712555, -121.294822693, 14.173740387], [-91.8057632446, -10.6493577957, -9.75602912903, -1.53425955772, -17.4319972992, -32.1455497742, 44.0491943359, 82.2441558838, 34.8147659302, -3.49761748314, -1.9865449667, 1.19163572788, 11.2269325256], [-223.945480347, 22.4741306305, -176.08164978, -79.2014770508, -8.18751525879, -65.6163330078, 23.2696075439, 34.8147659302, 113.107383728, -3.76806163788, 14.3437232971, -15.2160921097, 21.4607524872], [591.430297852, 70.2916870117, 408.835144043, 238.808029175, 118.085990906, 133.639633179, -133.713775635, -3.49761748314, -3.76806163788, 149.665313721, 41.7232704163, 85.474609375, -17.306678772], [98.5261917114, 70.8095703125, 61.0191879272, 41.2350921631, 44.9740333557, 29.2947692871, -18.7182712555, -1.9865449667, 14.3437232971, 41.7232704163, 64.7366790771, 41.6106719971, 8.54521560669], [496.350524902, 76.9778823853, 330.124053955, 192.665267944, 99.4782104492, 92.5445404053, -121.294822693, 1.19163572788, -15.2160921097, 85.474609375, 41.6106719971, 122.888282776, 15.3389348984], [-102.478408813, 5.97325754166, -77.2827377319, -40.3638381958, -20.6041202545, -46.019744873, 14.173740387, 11.2269325256, 21.4607524872, -17.306678772, 8.54521560669, 15.3389348984, 58.0695457458]],
        "icov": [[0.000658589298837, -0.00015347423323, 0.00013730682258, -0.000138284027344, 0.000383311446058, -0.00125782191753, 0.00124400807545, -0.000584526045714, 0.000567304552533, -0.000591847754549, 0.000336747732945, -0.00046519364696, -9.95129303192e-05], [-0.00015347423323, 0.00749206496403, -0.00678332988173, 0.00461156060919, -0.00789879728109, 0.00541386380792, -0.00420358264819, 0.00544584915042, -0.00581225147471, 0.00629808241501, -0.00663687102497, 0.00230761803687, -0.0010106053669], [0.00013730682258, -0.00678332988173, 0.013632572256, -0.0118391923606, 0.0103974621743, -0.010020673275, 0.00675436481833, -0.00870930682868, 0.00896881148219, -0.00848936382681, 0.0067563499324, -0.00385976699181, 0.000817517342512], [-0.000138284027344, 0.00461156060919, -0.0118391923606, 0.0153207425028, -0.011915884912, 0.00947750825435, -0.00390824209899, 0.00429391534999, -0.00388709711842, 0.00316783669405, -0.00319188414142, 0.00248803105205, -0.000225573588978], [0.000383311446058, -0.00789879728109, 0.0103974621743, -0.011915884912, 0.0210856832564, -0.0157889146358, 0.00773995462805, -0.00631376961246, 0.00207603396848, -0.00231737317517, 0.00300684757531, -0.00248972466215, 0.000101650395663], [-0.00125782191753, 0.00541386380792, -0.010020673275, 0.00947750825435, -0.0157889146358, 0.0210394430906, -0.0131515283138, 0.0110128140077, -0.00326790520921, -0.0014460303355, -1.29359050334e-05, -0.00229683541693, 0.00401264009997], [0.00124400807545, -0.00420358264819, 0.00675436481833, -0.00390824209899, 0.00773995462805, -0.0131515283138, 0.0168437492102, -0.0133794145659, 0.00671768235043, 0.00171081337612, -0.0027526114136, 0.00702352076769, -0.00372340925969], [-0.000584526045714, 0.00544584915042, -0.00870930682868, 0.00429391534999, -0.00631376961246, 0.0110128140077, -0.0133794145659, 0.027139801532, -0.013515304774, 0.00320543674752, 0.00101972278208, -0.00548002589494, 0.00155561731663], [0.000567304552533, -0.00581225147471, 0.00896881148219, -0.00388709711842, 0.00207603396848, -0.00326790520921, 0.00671768235043, -0.013515304774, 0.0234840158373, -0.0126811973751, 0.00325573072769, 0.00195483583957, -0.00350031885318], [-0.000591847754549, 0.00629808241501, -0.00848936382681, 0.00316783669405, -0.00231737317517, -0.0014460303355, 0.00171081337612, 0.00320543674752, -0.0126811973751, 0.0322716794908, -0.0169502142817, 0.00233140960336, 0.00238902075216], [0.000336747732945, -0.00663687102497, 0.0067563499324, -0.00319188414142, 0.00300684757531, -1.29359050334e-05, -0.0027526114136, 0.00101972278208, 0.00325573072769, -0.0169502142817, 0.0347957387567, -0.0153718534857, 0.00226656883024], [-0.00046519364696, 0.00230761803687, -0.00385976699181, 0.00248803105205, -0.00248972466215, -0.00229683541693, 0.00702352076769, -0.00548002589494, 0.00195483583957, 0.00233140960336, -0.0153718534857, 0.0313256420195, -0.0138643532991], [-9.95129303192e-05, -0.0010106053669, 0.000817517342512, -0.000225573588978, 0.000101650395663, 0.00401264009997, -0.00372340925969, 0.00155561731663, -0.00350031885318, 0.00238902075216, 0.00226656883024, -0.0138643532991, 0.027238721028]]
    },
    "melbands": {
        "max": [0.0109322629869, 0.00495384680107, 0.0040073194541, 0.00292323040776, 0.00654184212908, 0.00505306152627, 0.00395735353231, 0.00287838280201, 0.00751636037603, 0.00295081967488, 0.0039147362113, 0.00344544788823, 0.00527941808105, 0.00459220726043, 0.00250681769103, 0.0025263344869, 0.00518070440739, 0.0056779817678, 0.00173821812496, 0.00269465032034, 0.00190898706205, 0.000768235127907, 0.00079606071813, 0.000465541088488, 0.000108516025648, 9.63971833698e-05, 6.77009447827e-05, 4.63574760943e-05, 6.42640006845e-05, 6.55871699564e-05, 7.70879851189e-05, 4.39229188487e-05, 5.23759736097e-05, 4.69870137749e-05, 4.18346680817e-05, 5.9781687014e-05, 3.25129112753e-05, 2.69279098575e-05, 2.97798196698e-05, 4.46173617092e-05],
        "mean": [0.000810270605143, 0.000560327142011, 0.000289328570943, 0.000191888742847, 0.000203751143999, 0.000242977330345, 0.000180566741619, 0.000157567104907, 0.000129794410896, 0.00019049810362, 0.000267588795396, 0.0002193164255, 0.000238373424509, 0.000128463419969, 7.17884904589e-05, 0.000203217816306, 0.000315079785651, 8.97728823475e-05, 8.61231383169e-05, 7.47816666262e-05, 6.25985121587e-05, 4.89433805342e-05, 2.93407974823e-05, 1.47584769365e-05, 9.8512518889e-06, 8.78195351106e-06, 3.74731098418e-06, 3.34096739607e-06, 2.99504426948e-06, 3.06381048176e-06, 3.28200394506e-06, 3.30106945512e-06, 3.48498406311e-06, 3.36589164363e-06, 3.09318056679e-06, 3.2872499105e-06, 2.80091057903e-06, 2.40290592046e-06, 2.06140407499e-06, 2.04554180527e-06],
        "min": [9.58814916352e-10, 2.71150502051e-09, 2.61075472352e-09, 3.12422510085e-09, 3.57811957841e-09, 4.6749062399e-09, 4.9919295364e-09, 5.17673193201e-09, 1.53310377726e-08, 2.81180607686e-08, 2.6072958903e-08, 1.21413838983e-08, 1.33472266572e-09, 1.57226032194e-09, 1.05288899821e-09, 1.15748055585e-09, 2.40671083063e-09, 3.0679656593e-09, 1.39500366814e-09, 1.8510133426e-09, 1.47199297196e-09, 1.12787601481e-09, 8.2773982113e-10, 1.40149530869e-10, 1.35806843549e-09, 1.34662592188e-09, 4.0087538844e-10, 5.81582948467e-10, 2.98233854279e-10, 6.0832665294e-11, 3.74851052976e-11, 4.9281006359e-11, 5.37044783644e-11, 6.13682785144e-11, 7.00113647611e-11, 2.69125815383e-11, 2.75183747317e-11, 1.86621308684e-11, 2.23188186682e-11, 7.51768092222e-12],
        "stdev": [0.00132547132671, 0.000683629885316, 0.000377390388167, 0.000275944359601, 0.000441814423539, 0.0004377218429, 0.000334483891493, 0.000271507917205, 0.000308648654027, 0.000319979822962, 0.000463419535663, 0.000346423912561, 0.00056103488896, 0.000285224232357, 0.000174148459337, 0.000395728828153, 0.00069670524681, 0.000235453306232, 0.00016554252943, 0.000176555418875, 0.0001417316671, 7.60118055041e-05, 5.41956105735e-05, 2.78250081465e-05, 1.11914059744e-05, 1.00040997495e-05, 5.28737655259e-06, 4.92446179123e-06, 4.4525213525e-06, 5.09027631779e-06, 5.77747141506e-06, 4.69311953566e-06, 4.8717502068e-06, 5.28383407072e-06, 4.79378513774e-06, 5.07612412548e-06, 4.14342594013e-06, 3.75520653506e-06, 3.42807811649e-06, 3.59613454748e-06]
    },
    "melbands128": {
        "max": [0.00150176207535, 0.0128552149981, 0.0189026128501, 0.0104735065252, 0.00590611528605, 0.00733152776957, 0.00591123383492, 0.0052448650822, 0.00453058024868, 0.00426760921255, 0.00505173159763, 0.00592553988099, 0.0108587685972, 0.00850193854421, 0.00416385196149, 0.0109508149326, 0.00954769086093, 0.00661792140454, 0.00402968423441, 0.00537751149386, 0.00491668935865, 0.00503436569124, 0.0136821465567, 0.00407607341185, 0.00627998216078, 0.00465908274055, 0.00593040836975, 0.00715682609007, 0.00719176465645, 0.00776734342799, 0.00390401598997, 0.00393190560862, 0.0100941807032, 0.00761851435527, 0.00591040868312, 0.00731228105724, 0.00460650632158, 0.00411010766402, 0.00351781095378, 0.00577959651127, 0.00390832126141, 0.0105109158903, 0.0105576980859, 0.010354607366, 0.013523068279, 0.00492185121402, 0.00354789523408, 0.00346187897958, 0.00306301494129, 0.00793835613877, 0.00477716233581, 0.00910149607807, 0.00254393764772, 0.00460892450064, 0.00191958039068, 0.000946453539655, 0.000836732506286, 0.00106328446418, 0.00206456356682, 0.00104929460213, 0.000882476568222, 0.000298165658023, 0.00026418393827, 0.00018488553178, 0.000166124606039, 0.00020714403945, 0.000114926835522, 7.24785641069e-05, 9.96426315396e-05, 9.45574429352e-05, 6.92931716912e-05, 5.50807089894e-05, 6.4734085754e-05, 5.79544248467e-05, 8.93528340384e-05, 7.72229323047e-05, 6.03462685831e-05, 5.13464219694e-05, 0.00011798441119, 9.68245658441e-05, 6.1608669057e-05, 4.61272866232e-05, 5.92231481278e-05, 7.62046474847e-05, 5.74648693146e-05, 6.40600119368e-05, 6.00934945396e-05, 8.66451009642e-05, 5.51141965843e-05, 5.71555719944e-05, 8.90831870493e-05, 6.10139322816e-05, 5.27935262653e-05, 4.63696524093e-05, 3.7238591176e-05, 3.03429187625e-05, 4.89102967549e-05, 3.71011155949e-05, 4.22618140874e-05, 2.83950994344e-05, 4.218344111e-05, 5.74149162276e-05, 3.26008303091e-05, 6.29624482826e-05, 5.68079594814e-05, 4.10231332353e-05, 1.31626766233e-05, 1.74347894699e-06, 1.92783069508e-08, 1.51511638791e-08, 1.32434738731e-08, 1.19767253892e-08, 1.0887919899e-08, 1.00176329454e-08, 9.38962685382e-09, 8.88604123617e-09, 8.35602342875e-09, 7.97737964575e-09, 7.62471508153e-09, 7.30117299952e-09, 7.04598779322e-09, 6.81966616511e-09, 6.63146693114e-09, 6.39379393874e-09, 6.27759622063e-09, 6.19934192869e-09, 6.11137496165e-09, 6.06840711015e-09],
        "mean": [9.41198741202e-05, 0.000684769358486, 0.00120001996402, 0.000902837375179, 0.00048413182958, 0.000343237770721, 0.000280702632153, 0.000291756470688, 0.000284183624899, 0.00016419304302, 0.00014937123342, 0.000179145717993, 0.000218077984755, 0.000239361368585, 0.000225356285227, 0.000281182554318, 0.000203573450563, 0.000129738516989, 0.000188478312339, 0.000206796306884, 0.000107238367491, 0.000115882423415, 0.00013812983525, 0.00013031407434, 0.000177090623765, 0.000198392110178, 0.000262273097178, 0.000244723138167, 0.000321997504216, 0.000249758479185, 0.000152605192852, 0.000217730106669, 0.000354655348929, 0.000131076216348, 0.000136933027534, 0.000142097094795, 9.73789137788e-05, 6.48991699563e-05, 5.56845661777e-05, 7.51155384933e-05, 0.000144653211464, 0.00052426365437, 0.000450080289738, 0.000127454753965, 0.000112627727503, 7.19992531231e-05, 7.74594664108e-05, 9.39581659622e-05, 7.03663827153e-05, 0.000115680275485, 5.86984097026e-05, 6.01697211096e-05, 6.76184426993e-05, 6.61034573568e-05, 4.96433749504e-05, 5.38742169738e-05, 4.03405392717e-05, 3.15747856803e-05, 2.90076386591e-05, 1.70630719367e-05, 1.55080197146e-05, 1.10311930257e-05, 8.74620491231e-06, 8.22622132546e-06, 1.38691802931e-05, 9.65238723438e-06, 5.83454038861e-06, 3.86565443478e-06, 3.02690091303e-06, 3.89892784369e-06, 3.33963475896e-06, 3.17126932714e-06, 2.92913932753e-06, 3.03171259475e-06, 2.94895676234e-06, 2.93530342788e-06, 3.27821976498e-06, 3.17680996886e-06, 3.33956904797e-06, 3.22285131915e-06, 3.36055495609e-06, 3.10005520987e-06, 3.64653419638e-06, 3.58091551789e-06, 3.35493814418e-06, 3.21923221236e-06, 3.47253467226e-06, 3.51463791048e-06, 2.858615062e-06, 2.88731916953e-06, 3.4096303807e-06, 3.46404067386e-06, 3.08812082039e-06, 2.76338232652e-06, 2.66135248239e-06, 2.45070214078e-06, 2.43042882175e-06, 2.21339655582e-06, 2.02841988539e-06, 1.96526571017e-06, 2.08456344808e-06, 1.98653879124e-06, 2.07585821954e-06, 2.21253822019e-06, 2.34105664276e-06, 2.02057321985e-06, 4.78763809042e-07, 2.24758256451e-08, 6.33259972238e-11, 2.30313407235e-11, 1.68071806472e-11, 1.62012781663e-11, 1.48188197824e-11, 1.470785993e-11, 1.27789515081e-11, 1.15419106564e-11, 1.01292411958e-11, 9.78038310062e-12, 9.50208054601e-12, 9.1562946461e-12, 8.84422049485e-12, 8.66019495699e-12, 8.50418954007e-12, 8.23885924761e-12, 7.73926235598e-12, 7.00000691092e-12, 6.56847232855e-12, 6.47627307684e-12],
        "min": [8.00290302777e-12, 2.33893238111e-10, 2.01730132598e-10, 3.51217666061e-10, 9.59206603035e-10, 1.51021395389e-09, 1.52280110743e-09, 3.00936497943e-09, 4.19391943396e-09, 3.56466056672e-09, 2.10786677002e-09, 1.94266558395e-09, 3.75893627336e-09, 5.92015814149e-09, 5.17245846154e-09, 3.35781047411e-09, 4.52281856411e-09, 6.27607565917e-09, 4.48683001864e-09, 2.35817632088e-09, 5.27664845151e-09, 1.36114461924e-08, 1.83377615315e-08, 1.40521860814e-08, 2.28940351121e-08, 3.84532654607e-08, 3.05008391877e-08, 2.45007214517e-08, 2.31459615918e-08, 1.60824420448e-08, 8.95044127702e-09, 2.22620721857e-09, 3.05862973837e-10, 8.14928347026e-10, 1.78754133717e-09, 1.75081038556e-09, 1.49271128791e-09, 6.46609099597e-10, 1.2345322542e-09, 8.71684835424e-10, 1.25556287589e-09, 1.50150225586e-09, 1.91191484866e-09, 2.52920462351e-09, 4.77213557559e-09, 2.81001200086e-09, 1.9442483179e-09, 8.19714851552e-10, 1.8675090363e-09, 1.27863175603e-09, 2.015688505e-09, 1.83019488453e-09, 2.33253438786e-09, 8.17335976677e-10, 8.94944840457e-10, 7.52462703257e-10, 2.10235140408e-09, 8.38482783205e-10, 5.71063807353e-10, 2.10853209892e-10, 8.8328636072e-11, 5.91810211947e-11, 4.13680145694e-10, 1.95250016155e-09, 2.67202926452e-09, 1.31477317922e-09, 5.41890143868e-10, 6.16371953477e-10, 2.82639300853e-10, 2.57137866555e-10, 5.52141332655e-10, 8.65838845066e-10, 5.13909914623e-10, 1.36987851618e-10, 1.18228787871e-10, 5.45177687716e-11, 3.71727440496e-11, 4.4943420513e-11, 4.04451715175e-11, 3.03552114e-11, 1.93035656904e-11, 7.98343960384e-11, 7.55862594737e-11, 6.09141070917e-11, 1.3704808989e-11, 3.38619375595e-11, 7.73958674927e-11, 1.30707139556e-10, 5.41968553369e-11, 5.05071470758e-11, 3.01129260416e-11, 1.58753964835e-11, 2.47540633824e-11, 3.15370507487e-11, 3.16126083644e-11, 1.1054118558e-11, 5.38171460521e-12, 4.37056467406e-11, 3.00740266024e-11, 7.22848907467e-12, 9.12866136848e-12, 8.38771239964e-12, 5.16978777496e-12, 3.11072521908e-12, 2.60112916449e-12, 3.27002379168e-12, 1.50185669023e-12, 1.11832212327e-12, 6.62070062402e-13, 3.92507722288e-13, 5.14120050785e-13, 6.98958415018e-13, 5.49987193375e-13, 5.27090524005e-13, 6.91938910682e-13, 7.18763698733e-13, 2.65760070201e-13, 1.79341825136e-13, 1.63642957149e-13, 1.97413794838e-13, 1.91901900729e-13, 1.80542579042e-13, 1.66674386424e-13, 1.71926763191e-13, 1.45903471596e-13, 1.44950241046e-13, 2.43434609357e-14, 9.79219532574e-16],
        "stdev": [0.000157770977239, 0.00120798184071, 0.00218763016164, 0.00139242759906, 0.000660138379317, 0.000549899414182, 0.000457254238427, 0.000468370504677, 0.000412349472754, 0.00029925283161, 0.000334032258252, 0.000462428928586, 0.00062406208599, 0.000612206174992, 0.000446190009825, 0.000697456242051, 0.000605877954513, 0.000331319664838, 0.000342099141562, 0.000447878148407, 0.000256672181422, 0.000333808799041, 0.000492002232932, 0.000275294587482, 0.000413017725805, 0.000413082540035, 0.000577080529183, 0.000605413515586, 0.000707879196852, 0.000663997372612, 0.000312158634188, 0.000456132227555, 0.0010159900412, 0.000438220449723, 0.000368019478628, 0.000428239756729, 0.000330721959472, 0.000233362618019, 0.000201768314582, 0.000257460254943, 0.000371547939721, 0.00132585247047, 0.00128694181331, 0.000561734486837, 0.000511235091835, 0.000239077169681, 0.000231885365793, 0.000275941332802, 0.000180673378054, 0.000354844116373, 0.00022287700267, 0.000295635516522, 0.000196511202375, 0.000240049455897, 0.000131526074256, 0.000115799462947, 8.13136284705e-05, 7.63756615925e-05, 0.000101038313005, 5.07179138367e-05, 4.52139720437e-05, 1.79928647412e-05, 1.60142353707e-05, 1.29216077767e-05, 1.89115871763e-05, 1.60431791301e-05, 9.25943822949e-06, 6.06574803896e-06, 5.23809421793e-06, 8.43291309138e-06, 5.54726102564e-06, 5.07998038302e-06, 4.97511109643e-06, 4.68928601549e-06, 5.59354475627e-06, 5.30407442056e-06, 6.16530633124e-06, 5.48466186956e-06, 6.97074347045e-06, 5.95188157604e-06, 5.33270531378e-06, 4.62230400444e-06, 5.62514196645e-06, 5.28532700628e-06, 5.72256476516e-06, 5.48807020095e-06, 5.93360346102e-06, 6.14371401753e-06, 4.84688098368e-06, 4.80830522065e-06, 5.78182562094e-06, 5.77759783482e-06, 5.06430023961e-06, 4.44068473371e-06, 4.20576407123e-06, 3.84730537917e-06, 4.18264016844e-06, 3.95902679884e-06, 3.54156759386e-06, 3.41029590345e-06, 3.89426850234e-06, 3.78642289434e-06, 3.71026749235e-06, 4.3371751417e-06, 4.26213000537e-06, 3.56880696017e-06, 9.08720778625e-07, 6.92819028814e-08, 6.728408386e-10, 3.9581168898e-10, 3.32347899201e-10, 3.00206498549e-10, 2.73297773301e-10, 2.53141063666e-10, 2.35483826883e-10, 2.22078591627e-10, 2.08657827128e-10, 1.9920184946e-10, 1.90393131816e-10, 1.82314843777e-10, 1.75944231406e-10, 1.70291267199e-10, 1.65590444134e-10, 1.59656871057e-10, 1.56764184966e-10, 1.54825999243e-10, 1.52638041095e-10, 1.51566315054e-10]
    },
    "mfcc": {
        "mean": [-626.433532715, 93.5828094482, -22.7534179688, -8.81442260742, 4.70942401886, 3.09126734734, -5.98835372925, 8.41227245331, 2.9356276989, 3.04844021797, 1.92059242725, -0.888898253441, -1.97473084927],
        "cov": [[3920.82910156, 59.1686248779, 1620.97875977, 617.956848145, 1209.3223877, 704.926818848, 104.15120697, -170.674789429, -147.464477539, -257.420593262, 50.7908821106, 266.872039795, 299.63961792], [59.1686248779, 376.269042969, 117.467811584, 81.5814743042, 174.837173462, 120.611610413, 61.7584457397, 45.5822868347, 6.81068944931, -15.9757289886, 37.228717804, 44.715045929, 39.8245658875], [1620.97875977, 117.467811584, 1527.49841309, 699.146606445, 908.703063965, 514.205932617, 136.184814453, -100.169631958, -93.4762420654, -133.437057495, 11.514629364, 188.313461304, 231.397323608], [617.956848145, 81.5814743042, 699.146606445, 503.514526367, 490.849304199, 200.611999512, 26.7079467773, -44.3454093933, -35.2220230103, -52.806804657, -2.60630369186, 77.5867462158, 127.804527283], [1209.3223877, 174.837173462, 908.703063965, 490.849304199, 810.886657715, 417.403106689, 58.8679580688, -65.6056594849, -57.6983146667, -113.968299866, 34.9617462158, 164.738388062, 183.035644531], [704.926818848, 120.611610413, 514.205932617, 200.611999512, 417.403106689, 389.172912598, 152.33052063, 3.67976951599, -28.8177719116, -46.9590835571, 38.9846076965, 101.375778198, 76.9133987427], [104.15120697, 61.7584457397, 136.184814453, 26.7079467773, 58.8679580688, 152.33052063, 178.170837402, 60.9488487244, 2.62885141373, 10.9618272781, 18.3613910675, 14.7330694199, -2.11137509346], [-170.674789429, 45.5822868347, -100.169631958, -44.3454093933, -65.6056594849, 3.67976951599, 60.9488487244, 99.7481536865, 41.1720504761, 26.1203918457, 8.94154262543, -10.773434639, -20.1487007141], [-147.464477539, 6.81068944931, -93.4762420654, -35.2220230103, -57.6983146667, -28.8177719116, 2.62885141373, 41.1720504761, 69.5667648315, 40.615901947, -1.84688794613, -10.9680147171, -14.233496666], [-257.420593262, -15.9757289886, -133.437057495, -52.806804657, -113.968299866, -46.9590835571, 10.9618272781, 26.1203918457, 40.615901947, 89.4498672485, 16.7929019928, -28.7699737549, -33.4380493164], [50.7908821106, 37.228717804, 11.514629364, -2.60630369186, 34.9617462158, 38.9846076965, 18.3613910675, 8.94154262543, -1.84688794613, 16.7929019928, 63.6726570129, 29.5606212616, 5.25806951523], [266.872039795, 44.715045929, 188.313461304, 77.5867462158, 164.738388062, 101.375778198, 14.7330694199, -10.773434639, -10.9680147171, -28.7699737549, 29.5606212616, 90.9952468872, 58.996383667], [299.63961792, 39.8245658875, 231.397323608, 127.804527283, 183.035644531, 76.9133987427, -2.11137509346, -20.1487007141, -14.233496666, -33.4380493164, 5.25806951523, 58.996383667, 104.638809204]],
        "icov": [[0.000634208903648, 0.000314629927743, -0.000469384191092, 0.000644281564746, -0.000665839586873, -0.000193599233171, 7.33287306502e-05, 0.000186860415852, -0.000186142802704, 0.000743051699828, -0.000524151546415, 0.000453284330433, -0.00035740819294], [0.000314629927743, 0.00370303331874, 0.00032130946056, 0.00013352590031, -0.00147106684744, -9.50203466346e-05, -0.000597966951318, -0.00147098721936, -0.000277040584479, 0.00101979181636, -0.00165996933356, 0.000472891086247, -0.000731198000722], [-0.000469384191092, 0.00032130946056, 0.00373383890837, -0.003135552397, -0.000561269582249, -0.000885406392626, -0.00189269508701, 0.00172349310014, 0.000365665531717, -6.03848020546e-05, 0.00122908933554, -0.00133421365172, -0.000558242434636], [0.000644281564746, 0.00013352590031, -0.003135552397, 0.00898832641542, -0.00511008128524, 0.00321229686961, -0.000107456791739, -0.00156197778415, 0.00120261183474, -0.0024384141434, 0.00107303680852, 0.00254966388457, -0.00177259382326], [-0.000665839586873, -0.00147106684744, -0.000561269582249, -0.00511008128524, 0.0107086310163, -0.00700845755637, 0.00435980688781, 0.000904216198251, -0.00179527828004, 0.00314429216087, -0.00169065396767, -0.00160847941879, -0.00161659589503], [-0.000193599233171, -9.50203466346e-05, -0.000885406392626, 0.00321229686961, -0.00700845755637, 0.0138235595077, -0.00914202909917, 0.000980869517662, 0.000364130595699, -0.00120401743334, -3.96233144784e-06, -0.00314980908297, 0.00216880673543], [7.33287306502e-05, -0.000597966951318, -0.00189269508701, -0.000107456791739, 0.00435980688781, -0.00914202909917, 0.0167497172952, -0.00935708265752, 0.0042270720005, -0.00247116200626, 0.000232552280067, 0.00171086168848, 0.000773075909819], [0.000186860415852, -0.00147098721936, 0.00172349310014, -0.00156197778415, 0.000904216198251, 0.000980869517662, -0.00935708265752, 0.0225271936506, -0.0123712224886, 0.00431642076001, -0.00293290265836, 0.000537259678822, -0.000491497165058], [-0.000186142802704, -0.000277040584479, 0.000365665531717, 0.00120261183474, -0.00179527828004, 0.000364130595699, 0.0042270720005, -0.0123712224886, 0.0288257580251, -0.0141917634755, 0.00810199230909, -0.00425218138844, 0.000313065072987], [0.000743051699828, 0.00101979181636, -6.03848020546e-05, -0.0024384141434, 0.00314429216087, -0.00120401743334, -0.00247116200626, 0.00431642076001, -0.0141917634755, 0.025096219033, -0.0121093783528, 0.00630229106173, -9.34375857469e-05], [-0.000524151546415, -0.00165996933356, 0.00122908933554, 0.00107303680852, -0.00169065396767, -3.96233144784e-06, 0.000232552280067, -0.00293290265836, 0.00810199230909, -0.0121093783528, 0.0269865617156, -0.0121325487271, 0.00322111533023], [0.000453284330433, 0.000472891086247, -0.00133421365172, 0.00254966388457, -0.00160847941879, -0.00314980908297, 0.00171086168848, 0.000537259678822, -0.00425218138844, 0.00630229106173, -0.0121325487271, 0.0283200293779, -0.010296786204], [-0.00035740819294, -0.000731198000722, -0.000558242434636, -0.00177259382326, -0.00161659589503, 0.00216880673543, 0.000773075909819, -0.000491497165058, 0.000313065072987, -9.34375857469e-05, 0.00322111533023, -0.010296786204, 0.0210688188672]]
    },
    "spectral_contrast_coeffs": {
        "max": [-0.454596012831, -0.47865831852, -0.543604969978, -0.577920675278, -0.62396222353, -0.709459125996],
        "mean": [-0.763180613518, -0.762072384357, -0.746398627758, -0.771276533604, -0.780652761459, -0.796730697155],
        "min": [-0.910317599773, -0.932293772697, -0.884938657284, -0.915436029434, -0.887115359306, -0.877539813519],
        "stdev": [0.0571584776044, 0.067589558661, 0.0652638524771, 0.0668483898044, 0.0381655357778, 0.0240048971027]
    },
    "spectral_contrast_valleys": {
        "max": [-5.46775579453, -4.94892168045, -5.57129669189, -5.88563251495, -5.69828224182, -7.64706897736],
        "mean": [-7.35658836365, -6.75410079956, -6.93706893921, -7.03188705444, -7.44429636002, -9.56572437286],
        "min": [-11.4950428009, -10.5056629181, -11.4532518387, -11.5088672638, -11.6479520798, -14.9245376587],
        "stdev": [1.50686335564, 0.580887436867, 0.510473191738, 0.407603949308, 0.474252402782, 0.943801283836]
    }
},
"rhythm": {
    "beats_count": 71,
    "beats_loudness": {
        "max": 0.0871661007404,
        "mean": 0.0293463747948,
        "min": 0.00294614885934,
        "stdev": 0.0171509515494
    },
    "bpm": 117.207481384,
    "bpm_histogram_first_peak_bpm": 117,
    "bpm_histogram_first_peak_weight": 0.173076927662,
    "bpm_histogram_second_peak_bpm": 110,
    "bpm_histogram_second_peak_spread": 0.176470577717,
    "bpm_histogram_second_peak_weight": 0.20000000298,
    "danceability": 1.01680779457,
    "onset_rate": 4.35774993896,
    "beats_loudness_band_ratio": {
        "max": [0.680017709732, 0.296034246683, 0.793750762939, 0.883234918118, 0.589240372181, 0.278435617685],
        "mean": [0.20486497879, 0.0838690474629, 0.194168612361, 0.312016487122, 0.172776386142, 0.0785782933235],
        "min": [5.08775337948e-05, 0.000228427539696, 0.0182689931244, 0.00682589830831, 0.042679425329, 0.00879733264446],
        "stdev": [0.172198414803, 0.079117834568, 0.182037487626, 0.248477503657, 0.123681984842, 0.0699730068445]
    },
    "beats_position": [0.522448956966, 1.04489791393, 1.55573689938, 2.06657600403, 2.57741498947, 3.08825397491, 3.59909296036, 4.1099319458, 4.62077093124, 5.13160991669, 5.66566896439, 6.1648979187, 6.67573690414, 7.19818592072, 7.70902490616, 8.19664382935, 8.71909236908, 9.24154186249, 9.75238037109, 10.2632198334, 10.774058342, 11.2848978043, 11.7957363129, 12.3065757751, 12.8174142838, 13.328253746, 13.8390922546, 14.3499317169, 14.8607711792, 15.3716096878, 15.8824491501, 16.3932876587, 16.904127121, 17.426574707, 17.9490242004, 18.4598636627, 18.970703125, 19.4815406799, 19.9923801422, 20.5032196045, 21.0140590668, 21.5248966217, 22.035736084, 22.5465755463, 23.0574150085, 23.5682544708, 24.0790920258, 24.589931488, 25.1007709503, 25.6116104126, 26.1340579987, 26.6332874298, 27.1441268921, 27.6549663544, 28.1658039093, 28.711473465, 29.2455329895, 29.7912006378, 30.3368701935, 30.8825397491, 31.4398174286, 31.9854869843, 32.5311546326, 33.0768241882, 33.6224937439, 34.1681632996, 34.7138328552, 35.2594985962, 35.8051681519, 36.3508377075, 36.8965072632],
