{
"metadata": {
    "version": {
        "essentia": "2.1-beta5",
        "essentia_git_sha": "Undefined",
        "extractor": "music 2.0"
    },
    "audio_properties": {
        "analysis": {
            "equal_loudness": 0,
            "length": 32.4963264465,
            "sample_rate": 44100,
            "start_time": 45.2440834045,
            "downmix": "mix"
        },
        "bit_rate": 192000,
        "length": 189.846359253,
        "lossless": 0,
        "number_channels": 2,
        "replay_gain": -8.07906532288,
        "sample_rate": 48000,
        "codec": "mp3",
        "md5_encoded": "9a8c8009085904aab331c8a8eb9de388"
    },
    "tags": {
        "file_name": "BosniaHerzegovina_In The Disco_Deen.mp3",
        "encoding": ["Lavf58.29.100"]
    }
},
"lowlevel": {
    "average_loudness": 0.962282776833,
    "barkbands_crest": {
        "max": 26.277879715,
        "mean": 14.6509284973,
        "min": 2.63481044769,
        "stdev": 5.84235143661
    },
    "barkbands_flatness_db": {
        "max": 0.367732733488,
        "mean": 0.164384156466,
        "min": 0.0316472686827,
        "stdev": 0.0630527883768
    },
    "barkbands_kurtosis": {
        "max": 235.229431152,
        "mean": 17.5205898285,
        "min": -1.8766169548,
        "stdev": 28.479259491
    },
    "barkbands_skewness": {
        "max": 14.4384813309,
        "mean": 3.13643217087,
        "min": -1.88333582878,
        "stdev": 2.29853606224
    },
    "barkbands_spread": {
        "max": 113.504646301,
        "mean": 21.6380729675,
        "min": 0.901800215244,
        "stdev": 18.0651111603
    },
    "dissonance": {
        "max": 0.5,
        "mean": 0.469838917255,
        "min": 0.213227674365,
        "stdev": 0.0264997202903
    },
    "dynamic_complexity": 3.13676595688,
    "erbbands_crest": {
        "max": 28.2355556488,
        "mean": 7.59048700333,
        "min": 2.08029317856,
        "stdev": 4.40402841568
    },
    "erbbands_flatness_db": {
        "max": 0.330227404833,
        "mean": 0.113139748573,
        "min": 0.0425192937255,
        "stdev": 0.0417664498091
    },
    "erbbands_kurtosis": {
        "max": 31.3074226379,
        "mean": 0.159455165267,
        "min": -1.77801072598,
        "stdev": 2.29813480377
    },
    "erbbands_skewness": {
        "max": 5.19876194,
        "mean": 0.252043992281,
        "min": -2.48086857796,
        "stdev": 0.835556387901
    },
    "erbbands_spread": {
        "max": 160.084823608,
        "mean": 57.4502983093,
        "min": 4.95384597778,
        "stdev": 24.3407592773
    },
    "hfc": {
        "max": 262.243988037,
        "mean": 16.3751564026,
        "min": 0.426418274641,
        "stdev": 21.4837474823
    },
    "loudness_ebu128": {
        "integrated": -15.9256191254,
        "loudness_range": 3.01695632935,
        "momentary": {
            "max": -9.24936771393,
            "mean": -16.2512569427,
            "min": -19.510843277,
            "stdev": 1.57224392891
        },
        "short_term": {
            "max": -13.3114690781,
            "mean": -16.0765380859,
            "min": -17.9569377899,
            "stdev": 0.991089105606
        }
    },
    "melbands_crest": {
        "max": 38.9729042053,
        "mean": 19.3020038605,
        "min": 4.54465007782,
        "stdev": 6.41330051422
    },
    "melbands_flatness_db": {
        "max": 0.466662347317,
        "mean": 0.242236599326,
        "min": 0.0396375693381,
        "stdev": 0.076297223568
    },
    "melbands_kurtosis": {
        "max": 446.678710938,
        "mean": 52.5710334778,
        "min": -1.55425012112,
        "stdev": 67.8692474365
    },
    "melbands_skewness": {
        "max": 18.5418109894,
        "mean": 5.19110679626,
        "min": -0.288414627314,
        "stdev": 3.1754617691
    },
    "melbands_spread": {
        "max": 154.051757812,
        "mean": 15.0970106125,
        "min": 0.665051400661,
        "stdev": 15.5386581421
    },
    "pitch_salience": {
        "max": 0.832459390163,
        "mean": 0.454207211733,
        "min": 0.0497622862458,
        "stdev": 0.163454562426
    },
    "silence_rate_20dB": {
        "max": 1,
        "mean": 1,
        "min": 1,
        "stdev": 0
    },
    "silence_rate_30dB": {
        "max": 1,
        "mean": 0.975731611252,
        "min": 0,
        "stdev": 0.153880730271
    },
    "silence_rate_60dB": {
        "max": 1,
        "mean": 0.0171306207776,
        "min": 0,
        "stdev": 0.129758507013
    },
    "spectral_centroid": {
        "max": 3714.00976562,
        "mean": 1206.7286377,
        "min": 222.570907593,
        "stdev": 593.960632324
    },
    "spectral_complexity": {
        "max": 47,
        "mean": 12.4282655716,
        "min": 0,
        "stdev": 7.84617042542
    },
    "spectral_decrease": {
        "max": -9.23306639478e-11,
        "mean": -9.20015086336e-09,
        "min": -6.26779979029e-08,
        "stdev": 8.18491674437e-09
    },
    "spectral_energy": {
        "max": 0.24209779501,
        "mean": 0.0362087599933,
        "min": 0.000400999182602,
        "stdev": 0.0318866334856
    },
    "spectral_energyband_high": {
        "max": 0.00986365228891,
        "mean": 0.000664114602841,
        "min": 3.42196517522e-06,
        "stdev": 0.000908237823751
    },
    "spectral_energyband_low": {
        "max": 0.156982123852,
        "mean": 0.0240053012967,
        "min": 2.05236137845e-05,
        "stdev": 0.0250714160502
    },
    "spectral_energyband_middle_high": {
        "max": 0.0939290896058,
        "mean": 0.00298753683455,
        "min": 0.000104838924017,
        "stdev": 0.00692046480253
    },
    "spectral_energyband_middle_low": {
        "max": 0.225642904639,
        "mean": 0.00988074764609,
        "min": 7.70120168454e-05,
        "stdev": 0.0151813495904
    },
    "spectral_entropy": {
        "max": 8.84360027313,
        "mean": 7.77367925644,
        "min": 5.94937133789,
        "stdev": 0.443986028433
    },
    "spectral_flux": {
        "max": 0.445212185383,
        "mean": 0.112448573112,
        "min": 0.0201273038983,
        "stdev": 0.0595367997885
    },
    "spectral_kurtosis": {
        "max": 20.1835384369,
        "mean": 3.42406654358,
        "min": -0.940786838531,
        "stdev": 2.28637814522
    },
    "spectral_rms": {
        "max": 0.0153685705736,
        "mean": 0.00539158424363,
        "min": 0.00062547478592,
        "stdev": 0.00250128936023
    },
    "spectral_rolloff": {
        "max": 13781.25,
        "mean": 1051.31445312,
        "min": 43.06640625,
        "stdev": 1930.92053223
    },
    "spectral_skewness": {
        "max": 3.73213672638,
        "mean": 1.54456841946,
        "min": 0.568466722965,
        "stdev": 0.370980322361
    },
    "spectral_spread": {
        "max": 16731858,
        "mean": 6152942,
        "min": 2398889.75,
        "stdev": 2118557
    },
    "spectral_strongpeak": {
        "max": 24.9905338287,
        "mean": 0.606427431107,
        "min": 0,
        "stdev": 1.37938129902
    },
    "zerocrossingrate": {
        "max": 0.3837890625,
        "mean": 0.0607277601957,
        "min": 0.00244140625,
        "stdev": 0.049489300698
    },
    "barkbands": {
        "max": [0.0178177058697, 0.142984777689, 0.0752441585064, 0.0732701197267, 0.17238715291, 0.115604408085, 0.0386451035738, 0.0533271245658, 0.0622491277754, 0.00730184232816, 0.0237472392619, 0.0291495732963, 0.00854624342173, 0.0132820894942, 0.0316124632955, 0.0319160409272, 0.0692708268762, 0.0159741379321, 0.011545595713, 0.00122008740436, 0.00105911982246, 0.00130674534012, 0.00134525774047, 0.00180662749335, 0.00571921886876, 0.00262495526113, 4.13010502598e-06],
        "mean": [0.000774493964855, 0.0183709524572, 0.00356437615119, 0.00248466944322, 0.00276859267615, 0.00207673246041, 0.000999921467155, 0.000654028437566, 0.000839127867948, 0.00020201143343, 0.000229037512327, 0.000228734541452, 0.000180031405762, 0.000163639808306, 0.000321265426464, 0.000434057146776, 0.000728810962755, 0.00029662574525, 0.00018824012659, 8.29902346595e-05, 8.12008511275e-05, 9.90130356513e-05, 9.40559475566e-05, 0.000104264145193, 0.000155493762577, 8.63217574079e-05, 8.49824814964e-08],
        "min": [1.26814221346e-08, 3.44550608133e-06, 4.28395622976e-07, 1.43431350352e-06, 5.66178232475e-06, 3.41819554706e-06, 2.22594485422e-06, 1.61969705914e-06, 1.8194890572e-06, 1.42930286984e-06, 1.8988686179e-06, 2.78915877061e-06, 3.68314090338e-06, 2.52377571996e-06, 5.17987336934e-06, 4.14205396737e-06, 4.5635697461e-06, 4.59384864371e-06, 1.41572354551e-06, 9.77967715698e-07, 8.68280949362e-07, 8.96610799828e-07, 4.06440477718e-07, 1.73196340825e-07, 9.53939647275e-08, 4.87239475433e-08, 3.01885495768e-11],
        "stdev": [0.0014232727699, 0.0214807484299, 0.00742669403553, 0.00652239145711, 0.00752404797822, 0.00645406870171, 0.00264168926515, 0.00241182046011, 0.00310093839653, 0.000472518557217, 0.0009751211619, 0.00111305224709, 0.00047027063556, 0.000516132393386, 0.00146226317156, 0.00180303514935, 0.00359651842155, 0.000808512500953, 0.000573361874558, 0.000131045817398, 0.000128807194415, 0.000138047951623, 0.000134558737045, 0.000143991579534, 0.000319263752317, 0.000236417778069, 2.3408404104e-07]
    },
    "erbbands": {
        "max": [4.60789680481, 30.6225357056, 56.4226570129, 189.966842651, 573.516662598, 472.879547119, 773.651428223, 903.685852051, 689.41027832, 255.748077393, 1679.81970215, 1398.32751465, 187.496032715, 340.321990967, 1183.68127441, 1374.50366211, 314.386047363, 854.215942383, 1984.65979004, 1475.28491211, 1329.25695801, 4411.59521484, 684.110656738, 771.508544922, 254.163330078, 53.4703674316, 35.7848739624, 41.0857658386, 44.0936660767, 38.369392395, 40.0344429016, 23.7266235352, 43.2528953552, 60.557926178, 40.0725250244, 20.2846450806, 4.23896741867, 0.469116747379, 0.00818398036063, 0.000368838285794],
        "mean": [0.565301895142, 3.93179583549, 4.67776107788, 7.07892227173, 8.82619094849, 8.93673419952, 11.3148431778, 19.4016933441, 15.9432411194, 10.5551605225, 19.5570926666, 20.0094413757, 6.36702871323, 7.49490594864, 9.62761211395, 10.6863803864, 8.52381134033, 8.72391414642, 15.1582746506, 18.5455150604, 26.1128826141, 41.0386238098, 18.6800708771, 11.7219791412, 7.31045484543, 3.92929935455, 3.28449678421, 3.33880472183, 3.4080092907, 3.13069868088, 2.70680809021, 2.25326561928, 1.75388324261, 1.56912612915, 1.18042457104, 0.504436552525, 0.137143805623, 0.0115109058097, 0.000245389004704, 5.36582665518e-05],
        "min": [0.000164839468198, 0.000307512411382, 0.00146501476411, 0.0060558016412, 0.0144376689568, 0.0221293326467, 0.0191061552614, 0.0338571220636, 0.0352785550058, 0.0489405952394, 0.0456692166626, 0.0515284687281, 0.0817368328571, 0.0826302096248, 0.130961447954, 0.174044772983, 0.184481546283, 0.151421025395, 0.248689204454, 0.3138025105, 0.28281506896, 0.253875166178, 0.244387105107, 0.203505963087, 0.0625136941671, 0.0491063222289, 0.0424049682915, 0.0306782964617, 0.034509409219, 0.0218336209655, 0.0088611934334, 0.00490287458524, 0.00266388780437, 0.00143351079896, 0.000594525074121, 0.000289132178295, 7.57765810704e-05, 9.12828272703e-06, 1.25571784793e-06, 7.11805910214e-07],
        "stdev": [0.695765376091, 4.79377841949, 6.86746835709, 17.3629264832, 24.8963394165, 24.0099983215, 33.0070228577, 63.4306755066, 42.0508880615, 20.4552688599, 75.1772003174, 69.6602706909, 11.2560062408, 19.8546104431, 48.828540802, 51.8619194031, 19.7031784058, 31.1085548401, 79.8064804077, 74.5535354614, 94.1049041748, 219.892822266, 47.546245575, 35.243434906, 17.8645153046, 5.81930494308, 5.25244092941, 5.0106716156, 4.81403112411, 4.47245788574, 3.91578531265, 3.07912564278, 2.63640236855, 3.14278721809, 2.57506918907, 1.30538797379, 0.392896384001, 0.0350141786039, 0.0006506703794, 4.77113899251e-05]
    },
    "gfcc": {
        "mean": [-4.25165557861, 78.7128448486, -86.4690170288, 45.7789039612, -46.7536506653, 27.3302326202, -44.9255065918, 21.7757358551, -19.4965286255, 9.10554218292, -15.1845722198, 9.05495166779, -9.70037651062],
        "cov": [[2741.43652344, -338.460693359, 41.8748703003, 59.1931037903, -145.196166992, -91.9590911865, -115.292976379, 151.800491333, -56.9780082703, 9.57397079468, -120.928939819, -37.7172889709, -157.522354126], [-338.460693359, 894.132324219, -24.980304718, 24.1131229401, 40.6213531494, -79.479347229, 70.6388931274, -67.9121170044, 169.825897217, -74.1899795532, 110.825889587, -60.783706665, 59.9808158875], [41.8748703003, -24.980304718, 568.29107666, 133.180953979, 51.6941223145, 100.609710693, 21.7830028534, -37.2751274109, -24.4822788239, 51.4881019592, -38.7529563904, -30.0255279541, -23.2922592163], [59.1931037903, 24.1131229401, 133.180953979, 381.537536621, 127.378646851, 56.2002296448, 16.3636054993, -32.374797821, 46.7544975281, -6.29925775528, 14.3138418198, -27.2258396149, 23.8848190308], [-145.196166992, 40.6213531494, 51.6941223145, 127.378646851, 253.906524658, 72.8414001465, 47.5357246399, 30.7286186218, 60.9234275818, 3.76600718498, 34.0533981323, 21.4190769196, 35.655216217], [-91.9590911865, -79.479347229, 100.609710693, 56.2002296448, 72.8414001465, 228.465026855, 126.474060059, -3.7463748455, -39.5048980713, 18.4545612335, -3.58671116829, -30.3029193878, -16.2722225189], [-115.292976379, 70.6388931274, 21.7830028534, 16.3636054993, 47.5357246399, 126.474060059, 196.140319824, 40.2222251892, 10.0528974533, -1.17744779587, 34.1349258423, -23.149061203, -8.79405021667], [151.800491333, -67.9121170044, -37.2751274109, -32.374797821, 30.7286186218, -3.7463748455, 40.2222251892, 128.357192993, 46.1170310974, 13.6419754028, 4.59189462662, 15.2202215195, -8.46523284912], [-56.9780082703, 169.825897217, -24.4822788239, 46.7544975281, 60.9234275818, -39.5048980713, 10.0528974533, 46.1170310974, 148.725341797, 23.3066329956, 48.2968978882, 3.26648426056, 36.4865226746], [9.57397079468, -74.1899795532, 51.4881019592, -6.29925775528, 3.76600718498, 18.4545612335, -1.17744779587, 13.6419754028, 23.3066329956, 71.1009521484, 19.366985321, 7.71880435944, -3.06468081474], [-120.928939819, 110.825889587, -38.7529563904, 14.3138418198, 34.0533981323, -3.58671116829, 34.1349258423, 4.59189462662, 48.2968978882, 19.366985321, 83.1524429321, 20.0872573853, 23.0336837769], [-37.7172889709, -60.783706665, -30.0255279541, -27.2258396149, 21.4190769196, -30.3029193878, -23.149061203, 15.2202215195, 3.26648426056, 7.71880435944, 20.0872573853, 71.4792709351, 35.0331039429], [-157.522354126, 59.9808158875, -23.2922592163, 23.8848190308, 35.655216217, -16.2722225189, -8.79405021667, -8.46523284912, 36.4865226746, -3.06468081474, 23.0336837769, 35.0331039429, 82.0750427246]],
        "icov": [[0.000524342933204, -0.000134731293656, 3.47371787939e-05, -0.000442850374384, 0.000340155180311, 1.79844355443e-05, 0.000407397921663, -0.0010191911133, 0.000332737399731, -0.000268569740001, 0.000483116833493, -0.000283393572317, 0.000865300127771], [-0.000134731293656, 0.00420625880361, -0.00118687504437, 0.00186151685193, -0.00036965101026, 0.0014805883402, -0.0014887561556, 0.00374980969355, -0.00520649319515, 0.00689731538296, -0.00540361413732, 0.00494670495391, -0.00155260495376], [3.47371787939e-05, -0.00118687504437, 0.0028212449979, -0.00129484315403, -0.000309476105031, -0.00055665045511, -0.000190048362128, -4.85938253405e-05, 0.00161168491468, -0.00454261200503, 0.00360256573185, -0.00150917749852, 0.000857265549712], [-0.000442850374384, 0.00186151685193, -0.00129484315403, 0.00502082379535, -0.00203614169732, 4.20125579694e-05, -0.000209739868296, 0.00320721766911, -0.00341884116642, 0.004347613547, -0.00333275506273, 0.00420606974512, -0.00201556668617], [0.000340155180311, -0.00036965101026, -0.000309476105031, -0.00203614169732, 0.00712943123654, -0.00337696983479, 0.001267360989, -0.00233800429851, -0.00213154102676, 0.00188659247942, -0.000649555993732, -0.00381156057119, 0.000382900179829], [1.79844355443e-05, 0.0014805883402, -0.00055665045511, 4.20125579694e-05, -0.00337696983479, 0.0118493884802, -0.00776002788916, 0.0028273742646, 0.00285643828101, -0.00346095277928, 0.00118586339522, 0.00470490101725, -0.00168137077708], [0.000407397921663, -0.0014887561556, -0.000190048362128, -0.000209739868296, 0.001267360989, -0.00776002788916, 0.0131707973778, -0.00692877080292, 0.00176225695759, 0.00279868231155, -0.00562800234184, 0.00174574647099, 0.000639868550934], [-0.0010191911133, 0.00374980969355, -4.85938253405e-05, 0.00320721766911, -0.00233800429851, 0.0028273742646, -0.00692877080292, 0.0183617733419, -0.0106426132843, 0.00365279894322, 0.000936530879699, -0.00177214748692, 0.00244526728056], [0.000332737399731, -0.00520649319515, 0.00161168491468, -0.00341884116642, -0.00213154102676, 0.00285643828101, 0.00176225695759, -0.0106426132843, 0.0219971295446, -0.0134210502729, 0.000772753322963, 0.00253599486314, -0.00510003138334], [-0.000268569740001, 0.00689731538296, -0.00454261200503, 0.004347613547, 0.00188659247942, -0.00346095277928, 0.00279868231155, 0.00365279894322, -0.0134210502729, 0.0334121622145, -0.0160590447485, 0.00470717577264, 0.000772029103246], [0.000483116833493, -0.00540361413732, 0.00360256573185, -0.00333275506273, -0.000649555993732, 0.00118586339522, -0.00562800234184, 0.000936530879699, 0.000772753322963, -0.0160590447485, 0.0304933786392, -0.0139183076099, 0.00331935845315], [-0.000283393572317, 0.00494670495391, -0.00150917749852, 0.00420606974512, -0.00381156057119, 0.00470490101725, 0.00174574647099, -0.00177214748692, 0.00253599486314, 0.00470717577264, -0.0139183076099, 0.0335245504975, -0.0145736467093], [0.000865300127771, -0.00155260495376, 0.000857265549712, -0.00201556668617, 0.000382900179829, -0.00168137077708, 0.000639868550934, 0.00244526728056, -0.00510003138334, 0.000772029103246, 0.00331935845315, -0.0145736467093, 0.0232154130936]]
    },
    "melbands": {
        "max": [0.0408369638026, 0.0214286949486, 0.0302844196558, 0.0451814308763, 0.0215160176158, 0.0205348338932, 0.00897144060582, 0.00227448600344, 0.0151065383106, 0.00751939322799, 0.000955340627115, 0.00141501694452, 0.00322081893682, 0.00194301106967, 0.0028745890595, 0.00118405697867, 0.00144302251283, 0.00308381649666, 0.00138636212796, 0.0032945536077, 0.0010763957398, 0.00636053457856, 0.00120227271691, 0.00084024539683, 0.00067852716893, 0.000446649908554, 6.47783163004e-05, 3.23826097883e-05, 2.4586379368e-05, 2.60785127466e-05, 2.57439114648e-05, 2.80838175968e-05, 3.66641033906e-05, 2.10554753721e-05, 2.21146656258e-05, 2.0654666514e-05, 1.49588704517e-05, 2.88377323159e-05, 2.64848222287e-05, 6.53190945741e-05],
        "mean": [0.00522390101105, 0.00336817628704, 0.00125123048201, 0.000660030636936, 0.000389356544474, 0.000416122406023, 0.000233540704357, 0.000108745778562, 0.000179545342689, 0.000111649511382, 2.83681838482e-05, 2.94424480671e-05, 3.12708434649e-05, 2.5074234145e-05, 2.68966068688e-05, 1.67125090229e-05, 1.51695840032e-05, 2.27473519772e-05, 2.11879760172e-05, 3.17225822073e-05, 2.93825160043e-05, 5.02481343574e-05, 2.09837307921e-05, 1.34250531119e-05, 9.01183102542e-06, 6.98031726643e-06, 3.16038290293e-06, 2.47812772614e-06, 2.03574609259e-06, 1.97391727852e-06, 1.94889776139e-06, 1.81763925866e-06, 2.1137332169e-06, 1.56430667175e-06, 1.48650394749e-06, 1.57088754804e-06, 1.31643753321e-06, 1.18964851481e-06, 1.25484837099e-06, 1.33771027322e-06],
        "min": [2.11071119338e-06, 6.0323930029e-07, 1.35802667955e-06, 1.21226912597e-06, 5.85773932471e-07, 6.96179881743e-07, 6.81420146975e-07, 4.64638617359e-07, 2.45159100132e-07, 3.15393492656e-07, 3.74425781047e-07, 2.33914974501e-07, 3.44587050449e-07, 1.9985024835e-07, 2.36747951021e-07, 4.15237536799e-07, 2.3432446028e-07, 2.24767347845e-07, 3.35308271815e-07, 2.61605407559e-07, 2.22809035222e-07, 2.38931733065e-07, 1.53327746943e-07, 2.03806706622e-07, 1.44627307463e-07, 5.11500104494e-08, 2.05646024654e-08, 2.83242460597e-08, 1.9227890391e-08, 1.32892425952e-08, 1.27713253306e-08, 1.78540222606e-08, 1.39730209625e-08, 9.66876267938e-09, 3.91805166089e-09, 4.82905226917e-09, 2.11774930925e-09, 2.07150052667e-09, 1.29240329549e-09, 1.02519837064e-09],
        "stdev": [0.00616110535339, 0.00386648788117, 0.00285888602957, 0.00191372982226, 0.00099868432153, 0.00131288485136, 0.000602833053563, 0.000207917109947, 0.000702200864907, 0.000381188525353, 5.40922883374e-05, 8.0050129327e-05, 0.000136177666718, 0.000106249535747, 0.000115187285701, 4.67768441013e-05, 5.30287143192e-05, 0.000126087252283, 7.28540471755e-05, 0.000150911408127, 0.000100286786619, 0.000299929059111, 6.44686733722e-05, 4.0971681301e-05, 2.91457163257e-05, 2.12241848203e-05, 5.91588695897e-06, 3.67335178453e-06, 3.31518094754e-06, 3.26989129462e-06, 2.98972395285e-06, 2.65122184828e-06, 3.03530623569e-06, 2.29318879974e-06, 2.23766187446e-06, 2.26735164688e-06, 1.79707762982e-06, 1.75761522314e-06, 2.06581125894e-06, 2.99294924844e-06]
    },
    "melbands128": {
        "max": [0.0103381499648, 0.0346888080239, 0.0667214021087, 0.047652721405, 0.0292436908931, 0.0424677729607, 0.0430306829512, 0.0402393676341, 0.0648856833577, 0.066035605967, 0.0198427923024, 0.0144060067832, 0.0342683643103, 0.0519765652716, 0.0326937697828, 0.0131824873388, 0.0159397292882, 0.0109511930496, 0.00812493171543, 0.00331112160347, 0.00237178872339, 0.00572897633538, 0.0293560102582, 0.0233891271055, 0.0121992165223, 0.00351661001332, 0.000642895523924, 0.00153020396829, 0.000968969776295, 0.00165645836387, 0.00227783783339, 0.00286884210072, 0.00228271610104, 0.00857939757407, 0.0029945326969, 0.00133392307907, 0.0087346592918, 0.0028471974656, 0.00228469050489, 0.00031883068732, 0.000555278325919, 0.00481237238273, 0.00149142742157, 0.000280193053186, 0.00116660213098, 0.00632052728906, 0.00465411087498, 0.000996583374217, 0.00278800260276, 0.00377428019419, 0.00654748408124, 0.00485856365412, 0.00188867771067, 0.00220629363321, 0.00482196593657, 0.014330836013, 0.0040002213791, 0.00279225362465, 0.00112798146438, 0.00062843284104, 0.000977444462478, 0.00165937037673, 0.000306682428345, 0.00128628348466, 0.0019409902161, 0.000441600976046, 0.000412139575928, 0.000127045015688, 8.41218716232e-05, 4.29916872235e-05, 4.54905384686e-05, 2.95322715829e-05, 4.3541098421e-05, 4.20081232733e-05, 4.74195039715e-05, 3.43064384651e-05, 4.1127041186e-05, 2.11048663914e-05, 4.16838520323e-05, 2.92347303912e-05, 2.6906354833e-05, 4.23040692112e-05, 2.44368347921e-05, 7.08345105522e-05, 2.29229463002e-05, 2.78515690297e-05, 2.17626948142e-05, 2.1878269763e-05, 1.97182471311e-05, 3.00498450088e-05, 2.48994547292e-05, 2.24593095481e-05, 2.26058436965e-05, 1.87936020666e-05, 2.17453361984e-05, 1.61559273693e-05, 3.62207974831e-05, 5.04286981595e-05, 2.39955934376e-05, 3.76567149942e-05, 5.88910806982e-05, 8.58174971654e-05, 5.56986742595e-05, 3.9910144551e-05, 4.38275819761e-05, 4.8329558922e-05, 4.38129391114e-05, 3.73232578568e-05, 4.43867902504e-05, 4.95205895277e-05, 2.77980743704e-05, 2.15243362618e-05, 1.45968069774e-05, 1.19056539916e-05, 1.0863258467e-05, 6.5875628934e-06, 3.46798856299e-07, 3.69726427252e-09, 3.57561424913e-09, 3.48515327708e-09, 3.41162831319e-09, 3.33356875437e-09, 3.27100968534e-09, 3.22757287563e-09, 3.1866682626e-09, 3.15171533316e-09, 3.12902659338e-09, 3.11455017332e-09],
        "mean": [0.00062981643714, 0.00405279034749, 0.00803767424077, 0.00594222685322, 0.00275779841468, 0.00173146394081, 0.00149778614286, 0.00112797517795, 0.000837859639432, 0.00076779659139, 0.000439450494014, 0.000318298261845, 0.000347144785337, 0.00048595663975, 0.000567833718378, 0.000273043318884, 0.000223398863454, 0.000286439695628, 0.000166959507624, 9.37674412853e-05, 8.38698906591e-05, 0.000118478747027, 0.000209173929761, 0.000225741590839, 0.000146702906932, 6.55330877635e-05, 2.50081229751e-05, 2.77132512565e-05, 2.41027209995e-05, 3.16964615195e-05, 2.9710259696e-05, 2.83481749648e-05, 2.95962454402e-05, 4.14981441281e-05, 1.59406099556e-05, 1.93701671378e-05, 4.06100152759e-05, 2.53463240369e-05, 2.41990310315e-05, 1.3864385437e-05, 1.37780270961e-05, 2.22113831114e-05, 1.43309234772e-05, 1.29705485961e-05, 1.32260820465e-05, 2.6707413781e-05, 3.38652680512e-05, 1.4671885765e-05, 1.96535293071e-05, 2.4462777219e-05, 3.66949134332e-05, 3.79817720386e-05, 1.91796389117e-05, 2.6307088774e-05, 4.8592020903e-05, 7.45688157622e-05, 2.53665839409e-05, 2.51631281571e-05, 1.81887826329e-05, 1.47402261064e-05, 1.4456531062e-05, 1.20794584291e-05, 7.54920893087e-06, 8.85889676283e-06, 1.00326233223e-05, 6.96708457326e-06, 5.74182922719e-06, 3.16625255437e-06, 2.8005972581e-06, 2.6695008728e-06, 2.23194683713e-06, 2.70597729468e-06, 2.21583036364e-06, 1.86288662007e-06, 1.80449228537e-06, 2.16036369238e-06, 1.98232532966e-06, 1.70702355717e-06, 2.17853721551e-06, 1.85763849458e-06, 1.76152855147e-06, 1.84281111615e-06, 1.86386114365e-06, 2.54409269473e-06, 1.81663904186e-06, 1.71702777152e-06, 1.40761926559e-06, 1.36821131491e-06, 1.38857774346e-06, 1.5975849692e-06, 1.88501303455e-06, 1.42052829233e-06, 1.39778853736e-06, 1.26484064822e-06, 1.37833796998e-06, 1.13382020572e-06, 1.17593754112e-06, 1.20495383271e-06, 1.2168311514e-06, 1.2884129319e-06, 1.34580261602e-06, 1.33326318519e-06, 1.33418041059e-06, 1.49624349888e-06, 1.46067770856e-06, 1.30877083393e-06, 1.08094798179e-06, 9.21653850128e-07, 8.66222137574e-07, 8.0493674659e-07, 6.51641698823e-07, 5.24529070844e-07, 3.9860830725e-07, 3.10817853233e-07, 2.3831380247e-07, 1.11505158884e-07, 4.98143748473e-09, 1.39788571343e-11, 1.00111568341e-11, 9.74283501098e-12, 9.50917122822e-12, 9.31333135612e-12, 9.1255961121e-12, 8.97310958176e-12, 8.81619430237e-12, 8.64610293083e-12, 8.54077832763e-12, 8.49165356087e-12],
        "min": [1.14306857313e-08, 4.57217993244e-07, 6.89100772888e-07, 3.39803079896e-07, 2.59885212017e-07, 1.52146299115e-07, 6.14493615103e-07, 4.94399841955e-07, 2.77252809155e-07, 2.9467420859e-07, 6.79724223573e-08, 2.03421439693e-08, 1.49900245106e-07, 2.31079340551e-07, 6.98161102264e-08, 3.69141389456e-07, 3.4846135577e-07, 3.7224594962e-07, 1.71608007804e-07, 1.62655766189e-07, 1.51775992663e-07, 1.81092303819e-07, 1.21737727454e-07, 1.04189119554e-07, 8.41317913114e-08, 6.65549322321e-08, 1.18515217196e-07, 1.03670018348e-07, 9.13850968232e-08, 1.08235582275e-07, 1.62789461911e-07, 1.04544419344e-07, 8.03328532584e-08, 7.40239727293e-08, 2.04093097977e-08, 2.23329603699e-08, 9.06812687163e-08, 1.4221708966e-07, 3.25849320859e-08, 7.00450613067e-08, 1.83695362921e-07, 5.40772013835e-08, 9.67271915897e-08, 4.85833844266e-08, 8.07297482197e-08, 1.88658248135e-07, 2.48414437465e-07, 2.2617211215e-08, 1.57048575034e-07, 1.75395868496e-07, 1.71362145807e-07, 1.92107762587e-07, 2.93724653488e-08, 1.07438012265e-07, 1.45038654864e-07, 8.43817531404e-08, 5.98693503662e-08, 1.48253207044e-07, 1.04099996179e-07, 7.21647452906e-08, 5.41875202487e-08, 8.06096096539e-08, 6.52012559499e-08, 6.01374807729e-08, 1.28990915726e-08, 3.82216995831e-08, 2.97890245804e-08, 1.11594875563e-08, 1.03451860411e-08, 1.97777350053e-08, 7.3076846796e-09, 1.13497593546e-08, 1.9802349982e-08, 3.49249340559e-09, 1.26513501897e-08, 1.10835998157e-08, 6.86928824933e-09, 2.2151551704e-09, 1.92341964578e-09, 1.02791375411e-08, 1.42219933608e-08, 1.08013580302e-08, 1.00474322196e-08, 8.1776390104e-09, 1.32452993018e-09, 6.87275703015e-09, 3.80323195159e-09, 1.75517900214e-09, 1.24624699449e-09, 5.07237185587e-09, 1.97749150388e-09, 2.25315255342e-09, 3.25215609998e-09, 1.19188936498e-09, 9.86373982492e-10, 5.47449918731e-10, 1.25417765062e-09, 1.58825330665e-09, 4.29663471468e-10, 8.16654133207e-10, 1.2609013833e-09, 7.70563168828e-10, 2.1019998242e-10, 2.76637657226e-10, 3.68837571596e-10, 3.89997312222e-10, 3.62263802289e-10, 2.70685224235e-10, 4.31218560859e-10, 2.52122989153e-10, 9.10474196036e-11, 5.78532742546e-11, 3.66382375827e-11, 3.17526872851e-11, 3.29060598214e-11, 1.08310825586e-11, 2.94622724654e-13, 1.53886750348e-13, 1.00935075185e-13, 1.04227905603e-13, 9.47218039139e-14, 9.55810680169e-14, 8.33044503062e-14, 8.5882005446e-14, 5.78144777603e-14, 2.17727684569e-14, 3.40978491576e-15, 2.49521003775e-16],
        "stdev": [0.00103454769123, 0.00542203756049, 0.0102770384401, 0.00748828239739, 0.00370015506633, 0.00403145281598, 0.00400140509009, 0.00302284467034, 0.00276295910589, 0.00284703751095, 0.00126192311291, 0.000877430080436, 0.00124015298206, 0.00209233234636, 0.00221103359945, 0.000854535785038, 0.000820494198706, 0.000907238805667, 0.000495888874866, 0.000230775796808, 0.000187211029697, 0.000445153506007, 0.00114485947415, 0.00113148184028, 0.000612825911958, 0.000240230816416, 4.52497260994e-05, 7.38926974009e-05, 5.74728328502e-05, 9.37025542953e-05, 0.000111960267532, 0.000135014386615, 0.000109457228973, 0.000347062363289, 9.34050331125e-05, 6.36760087218e-05, 0.000311678595608, 0.000133133667987, 0.000103364312963, 2.4719067369e-05, 3.38735226251e-05, 0.000161996169481, 6.10273709754e-05, 2.48547166848e-05, 5.00320493302e-05, 0.000241499801632, 0.000205162577913, 5.28822019987e-05, 9.64500068221e-05, 0.000175111490535, 0.000232418839005, 0.000250459212111, 9.36823416851e-05, 0.000132483808557, 0.000269989803201, 0.000615411961917, 0.000156282185344, 0.000119473188533, 6.15066674072e-05, 4.57576352346e-05, 5.96791251155e-05, 5.90869021835e-05, 1.93300602405e-05, 4.05866339861e-05, 5.96585960011e-05, 2.46177169174e-05, 2.1984520572e-05, 7.95228243078e-06, 5.9003136812e-06, 5.00368287248e-06, 3.7503036765e-06, 4.16035481976e-06, 3.96397535951e-06, 3.66166455024e-06, 3.50831078322e-06, 3.97334588342e-06, 3.54500525646e-06, 2.75870593214e-06, 3.9917513277e-06, 2.97515157399e-06, 2.75573484032e-06, 3.25633504872e-06, 2.63742208517e-06, 4.28142357123e-06, 2.6324269129e-06, 2.71195222012e-06, 2.17717820306e-06, 2.39885616793e-06, 2.22323478738e-06, 2.61797390522e-06, 2.97585711451e-06, 2.13946645999e-06, 2.21471646e-06, 1.92468064597e-06, 1.87954594821e-06, 1.69936083694e-06, 1.93716959984e-06, 2.32326988225e-06, 2.0632091946e-06, 2.28095518651e-06, 2.88902106149e-06, 3.38209588335e-06, 3.33984712597e-06, 3.46752358382e-06, 3.36740708917e-06, 2.93282187158e-06, 2.3398738449e-06, 2.27662644647e-06, 2.54569499702e-06, 2.60900492322e-06, 2.04270827453e-06, 1.57307044901e-06, 1.19511980756e-06, 9.70377755038e-07, 8.07015339888e-07, 3.9165746557e-07, 1.52076946591e-08, 1.15033774173e-10, 1.10540437914e-10, 1.0812435669e-10, 1.0597932254e-10, 1.03756434e-10, 1.01996924795e-10, 1.00602359776e-10, 9.93733151322e-11, 9.83230719065e-11, 9.76216121829e-11, 9.7175822944e-11]
    },
    "mfcc": {
        "mean": [-655.692565918, 109.49356842, 22.4513893127, 27.2697544098, 25.287273407, 9.46685791016, 0.161876663566, 10.374833107, 4.81934690475, 0.78953397274, 5.61276912689, 4.12880849838, 2.59945774078],
        "cov": [[2755.68725586, -355.537017822, -6.69355487823, 60.5090942383, -47.9816856384, -210.316680908, -87.3819961548, -3.02356433868, -8.97365474701, 20.3405685425, -5.03802967072, -2.68025255203, -13.9586496353], [-355.537017822, 714.947937012, -7.15931224823, -11.0237798691, -13.3599424362, -32.8508300781, -67.1470413208, 22.2094497681, -3.83577418327, -5.97870826721, 63.1361503601, 17.8042888641, -9.08232307434], [-6.69355487823, -7.15931224823, 452.842315674, 73.5693511963, 11.65421772, 108.476966858, 47.1867675781, -55.6365776062, 19.5874500275, 18.7275524139, -25.2165031433, 32.7490921021, -5.17399358749], [60.5090942383, -11.0237798691, 73.5693511963, 277.939025879, 129.85848999, 39.0101051331, -31.9373321533, 17.7041320801, 13.4556331635, 16.5453910828, -14.5440196991, 15.7778615952, 31.0691242218], [-47.9816856384, -13.3599424362, 11.65421772, 129.85848999, 213.049865723, 52.6453170776, -20.7734298706, 15.7887611389, 33.3865661621, 8.50868415833, -1.33750450611, 4.1336889267, 35.0810699463], [-210.316680908, -32.8508300781, 108.476966858, 39.0101051331, 52.6453170776, 225.120407104, 123.627357483, 17.5642776489, 17.2329425812, 26.3860912323, -1.0953091383, 13.9559431076, -10.1362905502], [-87.3819961548, -67.1470413208, 47.1867675781, -31.9373321533, -20.7734298706, 123.627357483, 190.587417603, 62.12840271, 14.5681600571, 29.6246376038, 30.4665813446, 5.41390705109, -29.164894104], [-3.02356433868, 22.2094497681, -55.6365776062, 17.7041320801, 15.7887611389, 17.5642776489, 62.12840271, 109.468971252, 36.1502227783, 21.5800666809, 36.748134613, 4.97602701187, -5.70051860809], [-8.97365474701, -3.83577418327, 19.5874500275, 13.4556331635, 33.3865661621, 17.2329425812, 14.5681600571, 36.1502227783, 82.4347610474, 34.1155509949, 8.31414031982, 4.31041240692, 9.69462966919], [20.3405685425, -5.97870826721, 18.7275524139, 16.5453910828, 8.50868415833, 26.3860912323, 29.6246376038, 21.5800666809, 34.1155509949, 82.8076248169, 48.8007545471, 16.260181427, -0.620002806187], [-5.03802967072, 63.1361503601, -25.2165031433, -14.5440196991, -1.33750450611, -1.0953091383, 30.4665813446, 36.748134613, 8.31414031982, 48.8007545471, 104.17477417, 29.6023178101, -8.54168510437], [-2.68025255203, 17.8042888641, 32.7490921021, 15.7778615952, 4.1336889267, 13.9559431076, 5.41390705109, 4.97602701187, 4.31041240692, 16.260181427, 29.6023178101, 55.787021637, 19.687959671], [-13.9586496353, -9.08232307434, -5.17399358749, 31.0691242218, 35.0810699463, -10.1362905502, -29.164894104, -5.70051860809, 9.69462966919, -0.620002806187, -8.54168510437, 19.687959671, 65.2480545044]],
        "icov": [[0.000447129568784, 0.000264931208221, -0.000106974868686, -0.000148323073518, 5.63202156627e-05, 0.00051558407722, 0.00011128863116, -0.000203312301892, 0.000110482425953, -0.000220552989049, 2.11630685953e-05, -0.000147328624735, 0.000305187772028], [0.000264931208221, 0.0018764451379, -0.000355157419108, 6.2199535023e-05, 0.000376054027583, -0.000367974600522, 0.00172823527828, -0.00114440615289, 7.6505173638e-05, 0.000851622375194, -0.00170395814348, 0.000107031446532, 0.000414613517933], [-0.000106974868686, -0.000355157419108, 0.00352876354009, -0.00131989212241, 0.000510459009092, -0.000751077430323, -0.00165175949223, 0.00357702048495, -0.00212344131432, 6.76422569086e-05, 0.0010240530828, -0.00242118537426, 0.00119983602781], [-0.000148323073518, 6.2199535023e-05, -0.00131989212241, 0.00647077895701, -0.00345065817237, -0.00070558313746, 0.00242042844184, -0.00373260048218, 0.00299465889111, -0.00269786105491, 0.00237969867885, -0.00106766051613, -0.000544377195183], [5.63202156627e-05, 0.000376054027583, 0.000510459009092, -0.00345065817237, 0.00865913834423, -0.00316832144745, 0.00222138711251, 0.000116356786748, -0.00333867082372, 0.00255954125896, -0.00317803164944, 0.00278822355904, -0.00313375634141], [0.00051558407722, -0.000367974600522, -0.000751077430323, -0.00070558313746, -0.00316832144745, 0.0107051488012, -0.0077582988888, 0.00237277848646, 0.000290500320261, -0.0023891646415, 0.00354259088635, -0.0029338770546, 0.00172464072239], [0.00011128863116, 0.00172823527828, -0.00165175949223, 0.00242042844184, 0.00222138711251, -0.0077582988888, 0.0155277680606, -0.00921992585063, 0.00238353665918, -0.000635885633528, -0.00271577504463, 0.00175351265352, 0.00147160305642], [-0.000203312301892, -0.00114440615289, 0.00357702048495, -0.00373260048218, 0.000116356786748, 0.00237277848646, -0.00921992585063, 0.0204535238445, -0.00930104684085, 0.00348389032297, -0.00408832635731, -0.000669821340125, 0.000912019633688], [0.000110482425953, 7.6505173638e-05, -0.00212344131432, 0.00299465889111, -0.00333867082372, 0.000290500320261, 0.00238353665918, -0.00930104684085, 0.0210103262216, -0.0101264184341, 0.00515083130449, 0.000512679689564, -0.0021654299926], [-0.000220552989049, 0.000851622375194, 6.76422569086e-05, -0.00269786105491, 0.00255954125896, -0.0023891646415, -0.000635885633528, 0.00348389032297, -0.0101264184341, 0.0239670202136, -0.0128196859732, 0.00146524631418, -0.000753830187023], [2.11630685953e-05, -0.00170395814348, 0.0010240530828, 0.00237969867885, -0.00317803164944, 0.00354259088635, -0.00271577504463, -0.00408832635731, 0.00515083130449, -0.0128196859732, 0.0225908644497, -0.0111031448469, 0.00482386909425], [-0.000147328624735, 0.000107031446532, -0.00242118537426, -0.00106766051613, 0.00278822355904, -0.0029338770546, 0.00175351265352, -0.000669821340125, 0.000512679689564, 0.00146524631418, -0.0111031448469, 0.0294482503086, -0.0113313337788], [0.000305187772028, 0.000414613517933, 0.00119983602781, -0.000544377195183, -0.00313375634141, 0.00172464072239, 0.00147160305642, 0.000912019633688, -0.0021654299926, -0.000753830187023, 0.00482386909425, -0.0113313337788, 0.0228589568287]]
    },
    "spectral_contrast_coeffs": {
        "max": [-0.384072750807, -0.369632363319, -0.479007989168, -0.510093033314, -0.48823839426, -0.692432940006],
        "mean": [-0.744637906551, -0.778563499451, -0.812593996525, -0.817821621895, -0.796237707138, -0.791247069836],
        "min": [-0.951222062111, -0.952219307423, -0.922481477261, -0.899798095226, -0.901594936848, -0.863649249077],
        "stdev": [0.0783048868179, 0.0885948091745, 0.0499797873199, 0.0567046590149, 0.0594162009656, 0.0307559017092]
    },
    "spectral_contrast_valleys": {
        "max": [-4.78647613525, -4.80972337723, -5.66517543793, -6.24416875839, -6.03097200394, -8.04581832886],
        "mean": [-6.40054893494, -6.91217851639, -7.66695308685, -7.68652677536, -7.78984737396, -9.91917991638],
        "min": [-9.24978923798, -8.81151485443, -9.37957191467, -9.05841445923, -9.64137172699, -13.0797405243],
        "stdev": [0.696599125862, 0.697988390923, 0.571194827557, 0.458298683167, 0.630723237991, 0.837500810623]
    }
},
"rhythm": {
    "beats_count": 71,
    "beats_loudness": {
        "max": 0.124972127378,
        "mean": 0.055726647377,
        "min": 0.0190649200231,
        "stdev": 0.0214403700083
    },
    "bpm": 133.852966309,
    "bpm_histogram_first_peak_bpm": 133,
    "bpm_histogram_first_peak_weight": 0.47058826685,
    "bpm_histogram_second_peak_bpm": 117,
    "bpm_histogram_second_peak_spread": 0,
    "bpm_histogram_second_peak_weight": 0.0142857143655,
    "danceability": 1.46599161625,
    "onset_rate": 4.70654249191,
    "beats_loudness_band_ratio": {
        "max": [0.969552099705, 0.900678277016, 0.345001280308, 0.418869197369, 0.445829838514, 0.0959531962872],
        "mean": [0.728784561157, 0.112939566374, 0.0669676288962, 0.0327221751213, 0.0496986247599, 0.0339471027255],
        "min": [0.064240321517, 0.00878581870347, 0.00310019613244, 0.00192551373038, 0.00485268654302, 0.00164093717467],
        "stdev": [0.198523417115, 0.144285991788, 0.0878183916211, 0.0582807548344, 0.0777987912297, 0.0269732959569]
    },
    "beats_position": [0.487619042397, 0.99845802784, 1.48607707024, 1.95047616959, 2.40326523781, 2.85605430603, 3.29723358154, 3.73841261864, 4.19120168686, 4.6439909935, 5.08516979218, 5.53795909882, 5.99074840546, 6.43192720413, 6.87310647964, 7.32589578629, 7.77868461609, 8.2198638916, 8.66104316711, 9.11383247375, 9.56662082672, 10.0078001022, 10.4489793777, 10.9017686844, 11.354557991, 11.7957363129, 12.2369155884, 12.689704895, 13.1424942017, 13.5836734772, 14.0364627838, 14.4892511368, 14.9304304123, 15.3716096878, 15.8243989944, 16.2771873474, 16.7183666229, 17.1711559296, 17.6239452362, 18.0651245117, 18.5063037872, 18.9590930939, 19.4118824005, 19.853061676, 20.2942390442, 20.7470283508, 21.1998176575, 21.640996933, 22.0937862396, 22.5465755463, 22.9877548218, 23.4289340973, 23.8817234039, 24.3345127106, 24.7756919861, 25.2168693542, 25.6696586609, 26.1224479675, 26.563627243, 27.0048065186, 27.4575958252, 27.8987751007, 28.3515644073, 28.7927436829, 29.2455329895, 29.6983222961, 30.1394996643, 30.5922889709, 31.0450782776, 31.5094776154, 31.9738769531],
