{
"metadata": {
    "version": {
        "essentia": "2.1-beta5",
        "essentia_git_sha": "Undefined",
        "extractor": "music 2.0"
    },
    "audio_properties": {
        "analysis": {
            "equal_loudness": 0,
            "length": 32.4963264465,
            "sample_rate": 44100,
            "start_time": 93.9943771362,
            "downmix": "mix"
        },
        "bit_rate": 192000,
        "length": 228.345046997,
        "lossless": 0,
        "number_channels": 2,
        "replay_gain": -12.1217403412,
        "sample_rate": 48000,
        "codec": "mp3",
        "md5_encoded": "4b57db55bdc4ce94a72949368d6ea6b3"
    },
    "tags": {
        "file_name": "Andorra_Jugarem A Estimar-nos_Marta Roure.mp3",
        "encoding": ["Lavf58.29.100"]
    }
},
"lowlevel": {
    "average_loudness": 0.908306837082,
    "barkbands_crest": {
        "max": 22.1388835907,
        "mean": 9.91100025177,
        "min": 2.81076073647,
        "stdev": 3.64214468002
    },
    "barkbands_flatness_db": {
        "max": 0.264250427485,
        "mean": 0.148375675082,
        "min": 0.0614855438471,
        "stdev": 0.0375452265143
    },
    "barkbands_kurtosis": {
        "max": 42.6027565002,
        "mean": 5.75102615356,
        "min": -1.84517979622,
        "stdev": 6.39432287216
    },
    "barkbands_skewness": {
        "max": 6.1307311058,
        "mean": 1.89544057846,
        "min": -0.939181506634,
        "stdev": 1.04684853554
    },
    "barkbands_spread": {
        "max": 104.150108337,
        "mean": 18.9053916931,
        "min": 2.60824751854,
        "stdev": 12.4767112732
    },
    "dissonance": {
        "max": 0.49955946207,
        "mean": 0.460988909006,
        "min": 0.270701766014,
        "stdev": 0.0262406449765
    },
    "dynamic_complexity": 3.02735519409,
    "erbbands_crest": {
        "max": 27.1525287628,
        "mean": 8.61771297455,
        "min": 2.25501346588,
        "stdev": 4.05594873428
    },
    "erbbands_flatness_db": {
        "max": 0.267314702272,
        "mean": 0.152105927467,
        "min": 0.0813354477286,
        "stdev": 0.0332363657653
    },
    "erbbands_kurtosis": {
        "max": 18.4706954956,
        "mean": 0.499829232693,
        "min": -1.67942750454,
        "stdev": 1.96516764164
    },
    "erbbands_skewness": {
        "max": 3.3806655407,
        "mean": 0.588953614235,
        "min": -2.68953323364,
        "stdev": 0.657825767994
    },
    "erbbands_spread": {
        "max": 111.062271118,
        "mean": 42.2860298157,
        "min": 7.05265426636,
        "stdev": 18.3772735596
    },
    "hfc": {
        "max": 99.92628479,
        "mean": 14.0995855331,
        "min": 0.79219430685,
        "stdev": 14.5120582581
    },
    "loudness_ebu128": {
        "integrated": -12.6928300858,
        "loudness_range": 5.49209022522,
        "momentary": {
            "max": -7.57570457458,
            "mean": -13.3243904114,
            "min": -19.3670158386,
            "stdev": 2.32949256897
        },
        "short_term": {
            "max": -9.95974063873,
            "mean": -13.1105518341,
            "min": -16.2013015747,
            "stdev": 1.63452982903
        }
    },
    "melbands_crest": {
        "max": 30.8392181396,
        "mean": 12.9455423355,
        "min": 3.77067756653,
        "stdev": 4.42832899094
    },
    "melbands_flatness_db": {
        "max": 0.341951906681,
        "mean": 0.197358414531,
        "min": 0.0409841425717,
        "stdev": 0.0503499396145
    },
    "melbands_kurtosis": {
        "max": 142.375061035,
        "mean": 15.8563203812,
        "min": -1.50511801243,
        "stdev": 15.1570882797
    },
    "melbands_skewness": {
        "max": 9.98928546906,
        "mean": 2.89594101906,
        "min": -0.552778661251,
        "stdev": 1.45238792896
    },
    "melbands_spread": {
        "max": 131.646942139,
        "mean": 18.034702301,
        "min": 2.57847452164,
        "stdev": 12.9747858047
    },
    "pitch_salience": {
        "max": 0.837306141853,
        "mean": 0.580626070499,
        "min": 0.212037995458,
        "stdev": 0.0896527841687
    },
    "silence_rate_20dB": {
        "max": 1,
        "mean": 1,
        "min": 1,
        "stdev": 0
    },
    "silence_rate_30dB": {
        "max": 1,
        "mean": 1,
        "min": 1,
        "stdev": 0
    },
    "silence_rate_60dB": {
        "max": 1,
        "mean": 0.0192719493061,
        "min": 0,
        "stdev": 0.137479171157
    },
    "spectral_centroid": {
        "max": 4053.68334961,
        "mean": 1002.97235107,
        "min": 273.997558594,
        "stdev": 480.318481445
    },
    "spectral_complexity": {
        "max": 40,
        "mean": 14.8279800415,
        "min": 2,
        "stdev": 6.56985759735
    },
    "spectral_decrease": {
        "max": -3.31646765606e-10,
        "mean": -5.56246648742e-09,
        "min": -3.73873589865e-08,
        "stdev": 4.58321025576e-09
    },
    "spectral_energy": {
        "max": 0.147337913513,
        "mean": 0.0222728755325,
        "min": 0.00142182817217,
        "stdev": 0.0183119177818
    },
    "spectral_energyband_high": {
        "max": 0.00829574558884,
        "mean": 0.000420485623181,
        "min": 9.40880181588e-06,
        "stdev": 0.000558409432415
    },
    "spectral_energyband_low": {
        "max": 0.058494862169,
        "mean": 0.00637388182804,
        "min": 3.11145340675e-05,
        "stdev": 0.00793844647706
    },
    "spectral_energyband_middle_high": {
        "max": 0.0626000240445,
        "mean": 0.00390021712519,
        "min": 0.000126177430502,
        "stdev": 0.00726449862123
    },
    "spectral_energyband_middle_low": {
        "max": 0.133621126413,
        "mean": 0.0123994546011,
        "min": 0.000497528759297,
        "stdev": 0.0122596891597
    },
    "spectral_entropy": {
        "max": 8.7080488205,
        "mean": 7.57794952393,
        "min": 6.27119207382,
        "stdev": 0.35113298893
    },
    "spectral_flux": {
        "max": 0.270010441542,
        "mean": 0.0783864930272,
        "min": 0.0180413927883,
        "stdev": 0.0416895262897
    },
    "spectral_kurtosis": {
        "max": 13.6842365265,
        "mean": 3.65469312668,
        "min": -0.896569490433,
        "stdev": 2.08887553215
    },
    "spectral_rms": {
        "max": 0.0119893411174,
        "mean": 0.00432110391557,
        "min": 0.00117777311243,
        "stdev": 0.00174862588756
    },
    "spectral_rolloff": {
        "max": 9819.140625,
        "mean": 1088.12744141,
        "min": 107.666015625,
        "stdev": 1228.06079102
    },
    "spectral_skewness": {
        "max": 3.18752217293,
        "mean": 1.60563564301,
        "min": 0.0964754000306,
        "stdev": 0.407010167837
    },
    "spectral_spread": {
        "max": 26826268,
        "mean": 5039677,
        "min": 2717634.5,
        "stdev": 1429796.75
    },
    "spectral_strongpeak": {
        "max": 11.625459671,
        "mean": 0.897756457329,
        "min": 0,
        "stdev": 1.24090230465
    },
    "zerocrossingrate": {
        "max": 0.2744140625,
        "mean": 0.0536332167685,
        "min": 0.00439453125,
        "stdev": 0.0301102492958
    },
    "barkbands": {
        "max": [0.00429289508611, 0.0400257632136, 0.0288453102112, 0.0182033721358, 0.0482402592897, 0.108428806067, 0.0974339395761, 0.0360411852598, 0.0361063294113, 0.0274357236922, 0.0282664019614, 0.0249671339989, 0.038271009922, 0.0291177574545, 0.0175685975701, 0.0119309974834, 0.00419755745679, 0.00366900255904, 0.00173880998045, 0.00125995383132, 0.000698482326698, 0.00076893880032, 0.00250521558337, 0.00277080945671, 0.00162774813361, 0.000361031881766, 1.57978786319e-06],
        "mean": [0.000267333438387, 0.00348439742811, 0.00187338306569, 0.00133615592495, 0.00409291544929, 0.0021496382542, 0.0022752340883, 0.00102583854459, 0.00132468808442, 0.000590479234233, 0.000490547739901, 0.000607116904575, 0.000447518948931, 0.000766724988353, 0.00034295002115, 0.000262151646893, 0.000203218412935, 0.000157785048941, 0.000107900559669, 9.26793945837e-05, 6.59185971017e-05, 6.23991945758e-05, 8.21040812298e-05, 9.45180363487e-05, 6.40302678221e-05, 5.2471023082e-06, 4.05187794428e-09],
        "min": [9.20537175375e-08, 2.34651747633e-06, 1.61763091455e-06, 8.41543078423e-06, 3.46704910044e-05, 1.73412736331e-05, 8.7965890998e-06, 6.28006409897e-06, 7.76588785811e-06, 7.26439748178e-06, 3.16835598824e-06, 5.65458640267e-06, 4.24969493906e-06, 8.60694035509e-06, 6.60037176203e-06, 3.34884271069e-06, 2.73172395282e-06, 2.13050225284e-06, 2.60948968389e-06, 2.08322262552e-06, 1.54855797518e-06, 1.31290732952e-06, 9.70827159108e-07, 1.30652347252e-06, 2.97499411772e-07, 1.72508621971e-11, 1.07746754227e-11],
        "stdev": [0.000517650041729, 0.00491168908775, 0.00304937944748, 0.00154034979641, 0.00526776444167, 0.00567617965862, 0.00521095469594, 0.00256234593689, 0.00327765010297, 0.00156198674813, 0.00174811796751, 0.00196312530898, 0.00198539672419, 0.0023757617455, 0.000952684495132, 0.000749121361878, 0.000311426236294, 0.000255234539509, 0.00017321849009, 0.000116170886031, 8.52889352245e-05, 8.9397879492e-05, 0.000134385220008, 0.000174815620994, 0.000126616112539, 1.94332260435e-05, 6.78414053823e-08]
    },
    "erbbands": {
        "max": [1.30776071548, 10.0662078857, 31.9699363708, 58.124710083, 151.486587524, 201.766815186, 322.009613037, 1209.29748535, 973.897888184, 1018.53765869, 726.958862305, 950.359375, 1019.3449707, 452.795806885, 909.906921387, 1260.46984863, 1247.60913086, 1186.79199219, 1278.70776367, 1012.43835449, 598.932678223, 260.87121582, 117.783882141, 154.298843384, 84.2113418579, 52.9312820435, 36.5176353455, 33.2967948914, 33.059753418, 53.8073577881, 75.0517349243, 78.7759628296, 30.5401382446, 20.0715484619, 9.32564353943, 3.49513459206, 0.109567753971, 0.00331639498472, 0.000299499457469, 0.000168730897713],
        "mean": [0.105514034629, 0.75378715992, 1.99484276772, 3.9282913208, 8.27347373962, 14.9482564926, 15.0894231796, 19.6320724487, 29.120267868, 30.8509426117, 23.2198009491, 27.6874980927, 27.454334259, 16.9834289551, 20.0194473267, 22.4021015167, 19.2733211517, 32.4058837891, 30.3338661194, 17.8759937286, 12.7261343002, 12.5940074921, 9.12112617493, 6.9510679245, 4.67225551605, 4.31994771957, 3.07872581482, 2.35777902603, 2.13461995125, 2.37968373299, 2.41291737556, 1.92600572109, 1.58494460583, 0.884190201759, 0.351046591997, 0.0688223317266, 0.00195619952865, 8.56117694639e-05, 2.05397609534e-05, 2.76071314147e-05],
        "min": [6.20614082436e-05, 0.0010166746797, 0.00464907195419, 0.0357303321362, 0.07450158149, 0.116614475846, 0.0602989420295, 0.166254296899, 0.391621112823, 0.120129413903, 0.188688606024, 0.210735753179, 0.386070758104, 0.258622556925, 0.383547216654, 0.263721972704, 0.171262279153, 0.381255537271, 0.579550325871, 0.286437273026, 0.11956192553, 0.207627922297, 0.227923423052, 0.18103787303, 0.115403659642, 0.0864845886827, 0.0597780197859, 0.0529445298016, 0.0375947318971, 0.0420370995998, 0.0236603878438, 0.0270290765911, 0.0221913103014, 0.00643097283319, 0.00118419481441, 7.15193236829e-05, 5.45377770322e-06, 7.25952531866e-07, 1.0716256611e-06, 1.97318877326e-06],
        "stdev": [0.152506500483, 1.16659915447, 3.34770488739, 4.66674423218, 10.6646785736, 22.715801239, 34.1110725403, 59.4164581299, 66.9438934326, 75.8040161133, 51.261631012, 77.636505127, 71.1446685791, 39.2738456726, 61.7166671753, 75.4950485229, 67.0975570679, 100.095809937, 87.3925018311, 49.7197608948, 31.4086685181, 19.0998077393, 13.3494443893, 11.2179679871, 6.60227823257, 5.48043298721, 3.79432892799, 3.29681539536, 3.11515808105, 3.5159881115, 4.02152919769, 3.9666287899, 2.70347547531, 1.70041668415, 0.736852943897, 0.203944474459, 0.00614669686183, 0.000208500263398, 2.34119797824e-05, 2.17194192373e-05]
    },
    "gfcc": {
        "mean": [-13.6181077957, 109.083969116, -119.350028992, 43.3066825867, -71.5497665405, 27.0132274628, -53.8322906494, 11.1112852097, -20.2514286041, -2.15886592865, -8.31838798523, -11.2223443985, -1.52589666843],
        "cov": [[1801.67944336, -224.436691284, -248.764312744, -62.5887947083, -64.1205673218, 99.6255493164, 61.2054252625, 105.905433655, 63.355758667, 69.3830566406, 118.283760071, 5.47466468811, 1.00915157795], [-224.436691284, 563.156188965, 23.0764141083, -41.8470420837, 155.391723633, -33.9682807922, 100.355735779, -13.4653902054, 89.7830963135, -62.7587661743, 55.0305290222, -65.6960296631, 21.7176456451], [-248.764312744, 23.0764141083, 520.449707031, 151.535202026, 73.1059646606, 48.7840614319, -37.3094139099, 30.0716400146, -15.7230262756, 26.0199775696, -82.333442688, 28.2927532196, -14.5886592865], [-62.5887947083, -41.8470420837, 151.535202026, 278.594787598, 91.7703552246, 39.1495666504, 32.3372955322, 12.7728471756, 20.8109073639, 14.3666200638, 17.0064964294, 26.0235404968, 14.1355228424], [-64.1205673218, 155.391723633, 73.1059646606, 91.7703552246, 239.917694092, 60.9087371826, 55.1156196594, 55.0045471191, 28.1763648987, 14.1835842133, 16.8244056702, 13.6891584396, 3.02354240417], [99.6255493164, -33.9682807922, 48.7840614319, 39.1495666504, 60.9087371826, 173.462371826, 97.1148300171, 26.0286960602, 12.8672876358, 24.0976333618, 9.85305023193, -12.5623321533, -13.1350212097], [61.2054252625, 100.355735779, -37.3094139099, 32.3372955322, 55.1156196594, 97.1148300171, 157.467758179, 21.6488037109, 33.1355476379, 14.7255525589, 41.1759490967, -19.6741275787, -8.44799613953], [105.905433655, -13.4653902054, 30.0716400146, 12.7728471756, 55.0045471191, 26.0286960602, 21.6488037109, 98.0268936157, 30.7430515289, 23.8629074097, -2.97944307327, 11.7923173904, -6.93289756775], [63.355758667, 89.7830963135, -15.7230262756, 20.8109073639, 28.1763648987, 12.8672876358, 33.1355476379, 30.7430515289, 92.3231964111, 12.5651407242, 28.2533168793, -21.0339832306, 0.700758814812], [69.3830566406, -62.7587661743, 26.0199775696, 14.3666200638, 14.1835842133, 24.0976333618, 14.7255525589, 23.8629074097, 12.5651407242, 92.1609573364, 10.2710027695, 30.4873523712, -20.2958049774], [118.283760071, 55.0305290222, -82.333442688, 17.0064964294, 16.8244056702, 9.85305023193, 41.1759490967, -2.97944307327, 28.2533168793, 10.2710027695, 100.120132446, 9.60705757141, 12.4421634674], [5.47466468811, -65.6960296631, 28.2927532196, 26.0235404968, 13.6891584396, -12.5623321533, -19.6741275787, 11.7923173904, -21.0339832306, 30.4873523712, 9.60705757141, 78.5356216431, 8.39356040955], [1.00915157795, 21.7176456451, -14.5886592865, 14.1355228424, 3.02354240417, -13.1350212097, -8.44799613953, -6.93289756775, 0.700758814812, -20.2958049774, 12.4421634674, 8.39356040955, 50.3735542297]],
        "icov": [[0.000792455568444, 0.000424322730396, 0.00015277590137, 0.000261424953351, 0.000159072180395, -0.000317577534588, 3.30724797095e-05, -0.000852012308314, -0.00031171189039, -0.000138309653266, -0.00101733661722, 0.000341276143445, -0.000288976472802], [0.000424322730396, 0.011412919499, -0.00507518462837, 0.00763971172273, -0.00952445343137, 0.0104913301766, -0.0113243795931, 0.00726100010797, -0.00920400954783, 0.00601899577305, -0.00485554197803, 0.00434994278476, -0.00310751213692], [0.00015277590137, -0.00507518462837, 0.00555201526731, -0.00507153011858, 0.00405485834926, -0.00613318476826, 0.00654907105491, -0.00391925033182, 0.00402645813301, -0.0031972953584, 0.0043360046111, -0.00245109270327, 0.0019255769439], [0.000261424953351, 0.00763971172273, -0.00507153011858, 0.0104290898889, -0.00765364384279, 0.0070360484533, -0.00854337587953, 0.0060039460659, -0.00731567759067, 0.0041993050836, -0.00424674712121, 0.00145563331898, -0.00340659194626], [0.000159072180395, -0.00952445343137, 0.00405485834926, -0.00765364384279, 0.0141806183383, -0.0100823324174, 0.00878554582596, -0.00940315891057, 0.00736358202994, -0.00451749470085, 0.00291843572631, -0.00423970632255, 0.0021872872021], [-0.000317577534588, 0.0104913301766, -0.00613318476826, 0.0070360484533, -0.0100823324174, 0.020535890013, -0.0169954504818, 0.00685642147437, -0.00670107407495, 0.00393947027624, -0.00350684649311, 0.00581827852875, -0.00263692624867], [3.30724797095e-05, -0.0113243795931, 0.00654907105491, -0.00854337587953, 0.00878554582596, -0.0169954504818, 0.0240761786699, -0.00860114954412, 0.00800741743296, -0.00638391962275, 0.0010882425122, -0.00191530014854, 0.00443757232279], [-0.000852012308314, 0.00726100010797, -0.00391925033182, 0.0060039460659, -0.00940315891057, 0.00685642147437, -0.00860114954412, 0.0208643451333, -0.0114539032802, 0.0030985660851, 0.000971129629761, -0.00130336801521, -0.000766836747061], [-0.00031171189039, -0.00920400954783, 0.00402645813301, -0.00731567759067, 0.00736358202994, -0.00670107407495, 0.00800741743296, -0.0114539032802, 0.0243209321052, -0.00831184443086, -0.000732758373488, 0.00444046314806, 0.000524435483385], [-0.000138309653266, 0.00601899577305, -0.0031972953584, 0.0041993050836, -0.00451749470085, 0.00393947027624, -0.00638391962275, 0.0030985660851, -0.00831184443086, 0.019998177886, -0.00326117221266, -0.00606804806739, 0.00594725552946], [-0.00101733661722, -0.00485554197803, 0.0043360046111, -0.00424674712121, 0.00291843572631, -0.00350684649311, 0.0010882425122, 0.000971129629761, -0.000732758373488, -0.00326117221266, 0.0188602115959, -0.00620399182662, -0.00114066048991], [0.000341276143445, 0.00434994278476, -0.00245109270327, 0.00145563331898, -0.00423970632255, 0.00581827852875, -0.00191530014854, -0.00130336801521, 0.00444046314806, -0.00606804806739, -0.00620399182662, 0.0231391582638, -0.00655939616263], [-0.000288976472802, -0.00310751213692, 0.0019255769439, -0.00340659194626, 0.0021872872021, -0.00263692624867, 0.00443757232279, -0.000766836747061, 0.000524435483385, 0.00594725552946, -0.00114066048991, -0.00655939616263, 0.0262942258269]]
    },
    "melbands": {
        "max": [0.0108014345169, 0.0142156593502, 0.00841403752565, 0.0123228644952, 0.0102197146043, 0.0258056353778, 0.0173595547676, 0.00939233973622, 0.0047824983485, 0.00673055183142, 0.00512462295592, 0.00167726632208, 0.00426795613021, 0.00343847717158, 0.00328263035044, 0.00494284462184, 0.00271656457335, 0.00278817000799, 0.00173393962905, 0.000890002236702, 0.000573472178075, 0.000359880592441, 0.000117621355457, 0.000184686650755, 0.000121326862427, 6.06096800766e-05, 4.20353862864e-05, 3.57958015229e-05, 2.36773994402e-05, 2.58055733866e-05, 1.96906767087e-05, 1.94619042304e-05, 1.6351317754e-05, 4.02314690291e-05, 4.75855158584e-05, 3.71345195163e-05, 5.1044360589e-05, 2.37236909015e-05, 1.66177615029e-05, 1.62128635566e-05],
        "mean": [0.000958456657827, 0.00104690308217, 0.000769018079154, 0.000872386677656, 0.000562179367989, 0.000433897337643, 0.000456612731796, 0.000315065262839, 0.000176682064193, 0.000186897363164, 0.000136700982694, 6.84466576786e-05, 6.84141996317e-05, 6.55774201732e-05, 4.88497244078e-05, 5.14164348715e-05, 6.07942311035e-05, 5.61843989999e-05, 2.60139368038e-05, 2.05351407203e-05, 1.28039528136e-05, 1.35418413265e-05, 8.40092707222e-06, 8.05914623925e-06, 5.39430902791e-06, 3.92308902519e-06, 3.10586278829e-06, 2.79711025541e-06, 2.01474722417e-06, 1.57249598942e-06, 1.29037573515e-06, 1.19155288303e-06, 1.2183521676e-06, 1.35525169753e-06, 1.45344642988e-06, 1.18341097277e-06, 1.18755156109e-06, 1.15373779863e-06, 9.61086470852e-07, 6.71338739267e-07],
        "min": [4.13592658788e-07, 3.23215954268e-06, 7.82341248851e-06, 5.02977400174e-06, 1.74899389549e-06, 3.62526429853e-06, 5.2122213674e-06, 1.59006549438e-06, 1.26738609652e-06, 1.07002347249e-06, 1.56778889959e-06, 8.0430510252e-07, 7.17428974895e-07, 6.47817955723e-07, 4.25159072392e-07, 4.50718033562e-07, 7.00264990883e-07, 7.28813688511e-07, 4.39355630988e-07, 3.01537028236e-07, 8.41877181301e-08, 1.36128107897e-07, 1.41688474287e-07, 1.16005800521e-07, 1.18686728001e-07, 8.64348450591e-08, 5.26071666229e-08, 5.13063440621e-08, 3.36149241775e-08, 3.21500444045e-08, 6.8836905065e-09, 1.83286754663e-08, 2.39051232143e-08, 1.74688086219e-08, 1.16110854265e-08, 6.23376639197e-09, 1.32716762025e-08, 9.51058520826e-09, 6.98365321128e-09, 2.30832963855e-10],
        "stdev": [0.00130533112679, 0.00161211518571, 0.000777025008574, 0.0011800477514, 0.00107464101166, 0.00124330085237, 0.00103070982732, 0.000746064353734, 0.000389465625631, 0.00054021331016, 0.000354256742867, 0.000156744441483, 0.000243825867074, 0.000228266217164, 0.000198073772481, 0.000244895840297, 0.000197140456294, 0.000186782577657, 8.59636638779e-05, 6.50647998555e-05, 2.9849996281e-05, 2.28769458772e-05, 1.10918481369e-05, 1.40923339131e-05, 9.16099452297e-06, 6.53048255117e-06, 4.1378948481e-06, 3.76519938072e-06, 2.63151468971e-06, 2.22965013563e-06, 1.96739938474e-06, 1.80849281151e-06, 1.78143613994e-06, 2.17831120608e-06, 2.5256281333e-06, 2.04059574571e-06, 2.68152643912e-06, 2.08996516449e-06, 1.58642092174e-06, 1.43815191223e-06]
    },
    "melbands128": {
        "max": [0.00378248025663, 0.0118305999786, 0.0152032729238, 0.0192895103246, 0.0179591756314, 0.0139979179949, 0.0145866172388, 0.00661267153919, 0.0195066872984, 0.0189302954823, 0.0149951428175, 0.0131819248199, 0.0155848730356, 0.0304868742824, 0.028999529779, 0.0449467375875, 0.0210214648396, 0.0246793627739, 0.0282650031149, 0.0151699380949, 0.0138871828094, 0.0132992835715, 0.0048593878746, 0.00571385351941, 0.00698017515242, 0.0145232705399, 0.0106023503467, 0.0096498914063, 0.00380591629073, 0.00220806873403, 0.00207684678026, 0.00564388558269, 0.00819952785969, 0.00283055379987, 0.00455334316939, 0.00765667762607, 0.00716158002615, 0.00677122874185, 0.00195805961266, 0.001053113956, 0.0116090364754, 0.00379848130979, 0.00391664728522, 0.00559798954055, 0.00785151682794, 0.00367507734336, 0.00118055916391, 0.00321899633855, 0.00110272062011, 0.00246481597424, 0.0019690352492, 0.00231316755526, 0.000776801491156, 0.000280625186861, 0.000428102357546, 0.000712674984243, 0.000406345585361, 0.000211516060517, 0.000183172815014, 0.000236447696807, 0.000235816158238, 0.000611756579019, 0.000130849453853, 0.000106492479972, 0.000257758365478, 9.78463867796e-05, 0.000141556593007, 6.81071833242e-05, 9.12515533855e-05, 7.20765892765e-05, 4.30533327744e-05, 8.09931370895e-05, 5.21133952134e-05, 3.28127389366e-05, 2.03536928893e-05, 6.55836265651e-05, 3.39647631336e-05, 1.93616979232e-05, 2.01975708478e-05, 2.9147726309e-05, 2.01180882868e-05, 3.05059747916e-05, 2.08120382013e-05, 1.91070612345e-05, 1.7873606339e-05, 2.93313350994e-05, 4.95365566167e-05, 8.31213474157e-05, 5.88510556554e-05, 4.0614457248e-05, 2.72418728855e-05, 4.55673216493e-05, 7.44616772863e-05, 4.62838579551e-05, 5.68456380279e-05, 4.08811902162e-05, 2.55186459981e-05, 1.76589255716e-05, 1.62118340086e-05, 2.69907686743e-05, 2.16464868572e-05, 2.23105635087e-05, 1.6262407371e-05, 1.40656993608e-05, 1.38564591907e-05, 1.12921525215e-05, 1.10713317554e-05, 1.40548245326e-05, 1.2415918718e-05, 2.30307614402e-06, 9.90881066087e-09, 1.09668460979e-08, 8.80386341606e-09, 8.41792680006e-09, 8.01701105502e-09, 7.76898190225e-09, 7.57689289088e-09, 7.35668281848e-09, 7.16488335328e-09, 6.98258917353e-09, 6.8264740527e-09, 6.68267130521e-09, 6.55976162278e-09, 6.45090203477e-09, 6.36182884151e-09, 6.29261709406e-09, 6.23897378205e-09, 6.20648687999e-09],
        "mean": [0.0002397907665, 0.000843186862767, 0.00122123840265, 0.00126016710419, 0.00101942871697, 0.000942215323448, 0.000822077738121, 0.000605512585025, 0.000825379160233, 0.001008273568, 0.000842972309329, 0.000647962966468, 0.000526127230842, 0.000383966369554, 0.000445645069703, 0.000447027996415, 0.000438864575699, 0.000469820282888, 0.000465487304609, 0.000352268281858, 0.000228968143347, 0.00023630601936, 0.000153807195602, 0.000151482236106, 0.000143068013131, 0.000239963323111, 0.000195565196918, 0.000103948332253, 0.000124089201563, 5.38580716238e-05, 5.2520987083e-05, 8.54178360896e-05, 7.35472203814e-05, 4.40174117102e-05, 8.34018064779e-05, 6.50724105071e-05, 4.65636403533e-05, 7.51225161366e-05, 2.54392180068e-05, 2.15248492168e-05, 7.36971269362e-05, 6.79558288539e-05, 5.71872515138e-05, 4.51140258519e-05, 9.42090555327e-05, 5.30738216185e-05, 2.21618010983e-05, 3.12505508191e-05, 2.1119523808e-05, 2.6114832508e-05, 1.96407145268e-05, 1.69837348949e-05, 1.65440469573e-05, 9.06709828996e-06, 8.70272742759e-06, 1.74681699718e-05, 1.4720035324e-05, 7.37015398045e-06, 6.56218799122e-06, 8.88828799361e-06, 8.89524926606e-06, 7.32244825485e-06, 4.8410661293e-06, 4.48636046713e-06, 6.96432334735e-06, 3.4771785522e-06, 2.66305710284e-06, 2.89382774099e-06, 3.39624693879e-06, 3.04272066387e-06, 2.82042606159e-06, 2.85708665615e-06, 2.11033261621e-06, 1.97634949473e-06, 1.6360124846e-06, 1.73434784756e-06, 1.45616650116e-06, 1.3314872831e-06, 1.2716850506e-06, 1.24251494071e-06, 1.23477184388e-06, 1.10718053747e-06, 1.19307480873e-06, 1.17522176879e-06, 1.31369790779e-06, 1.33005039515e-06, 1.35206835239e-06, 1.45918590988e-06, 1.52421114308e-06, 1.42334204156e-06, 1.19767821616e-06, 1.13028318083e-06, 1.12295276722e-06, 1.16678745599e-06, 1.25596739053e-06, 1.21155596844e-06, 1.12808811537e-06, 1.08284882572e-06, 9.81277821666e-07, 9.0457439228e-07, 7.94681056959e-07, 6.48337334042e-07, 5.00173712226e-07, 4.38792909563e-07, 3.9415823494e-07, 3.60681468692e-07, 2.99345344956e-07, 1.76395758444e-07, 1.01432760857e-07, 1.26087229546e-08, 4.18650843159e-11, 5.32031224632e-11, 5.35680354241e-11, 5.49565948305e-11, 5.39835988411e-11, 4.75036676661e-11, 2.37444994222e-11, 1.88456212441e-11, 1.82273120208e-11, 1.76504835053e-11, 1.71501302743e-11, 1.67043861382e-11, 1.63352855548e-11, 1.60010078104e-11, 1.56083410086e-11, 1.51564628903e-11, 1.48748461465e-11, 1.47739789153e-11],
        "min": [1.55834651849e-08, 1.69851574583e-07, 2.195740052e-07, 7.19722834219e-07, 8.57589384395e-07, 6.9935697411e-07, 8.88835018031e-07, 3.04984951072e-06, 4.73007276014e-06, 6.34573666503e-07, 6.30275678759e-07, 8.2627974507e-07, 8.15928501652e-07, 1.40145334626e-06, 2.62148404317e-07, 1.17908211905e-06, 1.35633206355e-06, 1.70643545516e-06, 4.59993344748e-07, 1.53611452447e-07, 4.96689153806e-07, 7.20867660675e-07, 2.68616332733e-07, 8.72616539027e-08, 2.02503670721e-07, 1.45001422425e-07, 1.80410950179e-07, 2.81078428088e-07, 9.66559809967e-07, 7.76806743374e-08, 8.8343988125e-08, 1.82505829116e-07, 6.1317891209e-08, 1.5830929101e-07, 3.67861531458e-07, 2.21767663788e-07, 1.96866565716e-07, 7.23254558466e-08, 1.18488870271e-07, 1.43570687783e-07, 3.19072427146e-07, 1.84845205808e-07, 2.46660988523e-07, 1.27492285174e-07, 3.84374288842e-07, 2.66531770876e-07, 1.88396228396e-07, 1.68877662077e-07, 1.58261570959e-07, 2.02724677933e-07, 1.32011024334e-07, 2.16120071173e-07, 7.28793665417e-08, 3.12246548617e-08, 4.08307663236e-08, 1.0978293119e-07, 1.78681546004e-07, 4.13799412513e-08, 8.77968062696e-08, 4.26685744515e-08, 1.06525078536e-07, 4.44127472576e-08, 2.28230341293e-08, 3.36016334757e-08, 3.75328959024e-08, 1.51172443452e-08, 1.16186775756e-08, 3.48875381917e-08, 2.57505821111e-08, 1.95917948531e-08, 5.51645173985e-09, 3.08718739461e-08, 1.50222057016e-08, 1.55243746747e-08, 1.6558701077e-08, 1.23358190329e-09, 2.6594442204e-09, 1.35425171077e-09, 1.33871372321e-10, 6.80578127188e-09, 1.06599236105e-08, 8.97010174472e-11, 1.93289356742e-10, 3.91533561128e-09, 1.33007667102e-08, 1.33253639234e-08, 3.87704091054e-09, 8.46049719172e-09, 1.1891012619e-08, 4.86122031518e-09, 3.55217188996e-10, 3.90407572937e-09, 5.09619324518e-09, 2.86644152858e-09, 1.48742773654e-09, 2.21716556226e-09, 9.57674287094e-11, 6.67817190436e-10, 3.27954996493e-09, 5.99398197743e-10, 1.20977755591e-10, 1.25015961125e-11, 8.15478847643e-12, 3.22880220824e-12, 8.37717308716e-12, 1.7587895116e-12, 1.18392925672e-12, 1.60826348983e-13, 8.70880109563e-14, 5.38657863431e-14, 5.4036361838e-14, 3.75270052934e-14, 3.46126054792e-14, 3.21347325648e-14, 3.72400169783e-14, 3.22121242711e-14, 3.2905332647e-14, 3.318661196e-14, 4.45607330061e-14, 3.5954082051e-14, 3.67557343611e-14, 3.85822084459e-14, 3.21611498284e-14, 3.60975355509e-14, 2.61391758661e-14, 1.14530992451e-14, 1.14931338338e-15, 3.82884898717e-17],
        "stdev": [0.000474077736726, 0.00139197090175, 0.00169647857547, 0.00213220948353, 0.00193448993377, 0.00146698358003, 0.00111835240386, 0.000675893679727, 0.00122941459995, 0.0017379662022, 0.00156263320241, 0.00140771467704, 0.00152445212007, 0.00135496538132, 0.00170492427424, 0.00163828663062, 0.00116196938325, 0.00134694238659, 0.00144632952288, 0.00108556030318, 0.000712202046998, 0.000755598710384, 0.000437945738668, 0.000484925752971, 0.000546606315766, 0.000988966552541, 0.000705760903656, 0.00041300416342, 0.000374154624296, 0.000155694957357, 0.000185173557838, 0.000377875810955, 0.000402398960432, 0.000171857784153, 0.000329837901518, 0.000326957640937, 0.000284964684397, 0.000371730100596, 0.000113482296001, 6.87286446919e-05, 0.000543300353456, 0.000263301684754, 0.000261640059762, 0.000279304338619, 0.000405369530199, 0.000207021090318, 7.39586394047e-05, 0.000152085311129, 6.40897342237e-05, 0.000111255219963, 9.78305615718e-05, 0.000104090191599, 3.86579558835e-05, 2.16965727304e-05, 2.6014928153e-05, 3.87521686207e-05, 2.51976871368e-05, 1.43701190609e-05, 1.21776065498e-05, 1.76831927092e-05, 1.91959934455e-05, 2.43369795498e-05, 9.11048937269e-06, 1.01704517874e-05, 1.64463235706e-05, 7.74993804953e-06, 6.59940360492e-06, 4.42297687187e-06, 5.3733333516e-06, 6.03785474595e-06, 4.48506716566e-06, 5.1873485063e-06, 3.96719588025e-06, 3.12503402711e-06, 2.25351982408e-06, 3.612331966e-06, 2.31507965509e-06, 2.15952559302e-06, 2.22706376007e-06, 2.33234982261e-06, 1.99142846213e-06, 1.85635838079e-06, 2.01376087716e-06, 1.93496794054e-06, 2.04355956157e-06, 2.12030090552e-06, 2.48207561526e-06, 3.16134469358e-06, 2.8228962492e-06, 2.54002816291e-06, 1.94453605218e-06, 2.10401071854e-06, 2.86552494799e-06, 2.76833679891e-06, 3.1882955227e-06, 2.54130554822e-06, 2.04793946068e-06, 1.83319377811e-06, 1.63378376783e-06, 1.75306035999e-06, 1.77183801497e-06, 1.52865243308e-06, 1.19469473248e-06, 9.80678123597e-07, 9.18686225759e-07, 8.0726044871e-07, 7.58846510962e-07, 6.30199394891e-07, 5.05119771788e-07, 7.6726394127e-08, 4.4413983602e-10, 5.21446053003e-10, 4.22993445826e-10, 4.26888413507e-10, 3.93300864099e-10, 3.69900193808e-10, 3.28111149361e-10, 3.16766307629e-10, 3.08152836581e-10, 3.00058478064e-10, 2.93136626084e-10, 2.86750567735e-10, 2.81384388012e-10, 2.76550254918e-10, 2.72653372102e-10, 2.69580857637e-10, 2.67229710582e-10, 2.65833355328e-10]
    },
    "mfcc": {
        "mean": [-646.571228027, 122.288032532, 14.1555233002, 13.2673368454, 12.6209096909, 3.16057515144, -4.42823886871, 0.0218406450003, -3.33081007004, 2.8630669117, -1.17526364326, -0.301321953535, -3.3366959095],
        "cov": [[1990.08569336, -307.84866333, -252.357818604, -166.23739624, -117.226425171, -58.6278915405, 44.4442024231, 24.6056804657, -67.5294799805, 133.357116699, 23.4043884277, 46.902557373, 50.288143158], [-307.84866333, 575.575866699, -55.9995079041, 0.724233984947, 58.639705658, -15.8747911453, 16.3822784424, 36.6563415527, 22.8590145111, 31.6182556152, 26.1152992249, -12.3246974945, -12.95353508], [-252.357818604, -55.9995079041, 391.313751221, 76.8598632812, 55.1979637146, 55.9759368896, -12.667470932, -1.43792188168, 45.2857475281, -22.4142284393, 8.3832616806, -14.6477441788, -7.3243689537], [-166.23739624, 0.724233984947, 76.8598632812, 234.269424438, 95.1248016357, 31.2576847076, 3.29897356033, 22.4297924042, 24.1295814514, -24.5546398163, -3.62712860107, 34.6451797485, 35.3520965576], [-117.226425171, 58.639705658, 55.1979637146, 95.1248016357, 182.923431396, 21.5215396881, 18.9410915375, 37.3832817078, 33.2848739624, 12.4921121597, -3.23650240898, 13.9895925522, 6.22186660767], [-58.6278915405, -15.8747911453, 55.9759368896, 31.2576847076, 21.5215396881, 145.170150757, 74.2043838501, 27.7709789276, 26.8803424835, 16.3016204834, 30.744178772, 18.8918113708, 12.6544923782], [44.4442024231, 16.3822784424, -12.667470932, 3.29897356033, 18.9410915375, 74.2043838501, 131.409698486, 48.5022277832, 15.5954713821, 29.604095459, 23.0568904877, 14.2304859161, 12.4515094757], [24.6056804657, 36.6563415527, -1.43792188168, 22.4297924042, 37.3832817078, 27.7709789276, 48.5022277832, 87.2460098267, 23.932882309, 31.7728691101, 7.67458486557, 8.17528533936, 5.98112106323], [-67.5294799805, 22.8590145111, 45.2857475281, 24.1295814514, 33.2848739624, 26.8803424835, 15.5954713821, 23.932882309, 86.2773895264, 22.18866539, 20.3939170837, 5.37920284271, 2.29048323631], [133.357116699, 31.6182556152, -22.4142284393, -24.5546398163, 12.4921121597, 16.3016204834, 29.604095459, 31.7728691101, 22.18866539, 96.1137466431, 30.8116874695, 6.21858549118, -0.605366587639], [23.4043884277, 26.1152992249, 8.3832616806, -3.62712860107, -3.23650240898, 30.744178772, 23.0568904877, 7.67458486557, 20.3939170837, 30.8116874695, 74.6593170166, 24.938999176, 15.5345439911], [46.902557373, -12.3246974945, -14.6477441788, 34.6451797485, 13.9895925522, 18.8918113708, 14.2304859161, 8.17528533936, 5.37920284271, 6.21858549118, 24.938999176, 85.6589736938, 42.7358207703], [50.288143158, -12.95353508, -7.3243689537, 35.3520965576, 6.22186660767, 12.6544923782, 12.4515094757, 5.98112106323, 2.29048323631, -0.605366587639, 15.5345439911, 42.7358207703, 67.9608764648]],
        "icov": [[0.0007812420954, 0.000492762192152, 0.000285880902084, 0.000311076903017, 0.000136640242999, 0.000435664493125, -0.000207741308259, -0.000243203438004, 0.000482262956211, -0.0011510803597, -4.27516306445e-06, -0.000150461535668, -0.000580251566134], [0.000492762192152, 0.00228915107436, 0.000572127755731, 0.000229400946409, -0.000653709110338, 0.000736661662813, -0.000164709112141, -0.0007307396736, 7.90210906416e-05, -0.00068703328725, -0.00110898958519, 0.00048980867723, -3.21027036989e-05], [0.000285880902084, 0.000572127755731, 0.00347137521021, -0.000557431892958, -0.000663973682094, -0.00130756816361, 0.001001947443, 0.000107581276097, -0.00115093204658, 0.000506057229359, -0.000834831094835, 0.00115269026719, 0.000182094867341], [0.000311076903017, 0.000229400946409, -0.000557431892958, 0.00688909273595, -0.00287889037281, -0.000762194336858, 0.000893687945791, -0.0012505305931, -0.000358703895472, 0.00169827847276, 0.000677642936353, -0.00132427795324, -0.00277325231582], [0.000136640242999, -0.000653709110338, -0.000663973682094, -0.00287889037281, 0.00822778604925, 0.00029193185037, -0.000520353787579, -0.00157874380238, -0.00129981851205, -0.00151210464537, 0.00183144933544, -0.00109273381531, 0.00092579430202], [0.000435664493125, 0.000736661662813, -0.00130756816361, -0.000762194336858, 0.00029193185037, 0.0118753612041, -0.00640613632277, 7.36579240765e-05, -0.000883620756213, -0.000375245028408, -0.00252234586515, -0.000937937002163, 0.000195669970708], [-0.000207741308259, -0.000164709112141, 0.001001947443, 0.000893687945791, -0.000520353787579, -0.00640613632277, 0.0136702060699, -0.0053464663215, 0.000632140086964, -0.000364565843483, -0.000944833096582, 0.00046091110562, -0.00112657586578], [-0.000243203438004, -0.0007307396736, 0.000107581276097, -0.0012505305931, -0.00157874380238, 7.36579240765e-05, -0.0053464663215, 0.0177391115576, -0.00262261088938, -0.00389374839142, 0.0024039731361, -0.000206767334021, -0.000113807946036], [0.000482262956211, 7.90210906416e-05, -0.00115093204658, -0.000358703895472, -0.00129981851205, -0.000883620756213, 0.000632140086964, -0.00262261088938, 0.0154008148238, -0.00271494057961, -0.00287933996879, 0.000290601077722, 5.14710372954e-05], [-0.0011510803597, -0.00068703328725, 0.000506057229359, 0.00169827847276, -0.00151210464537, -0.000375245028408, -0.000364565843483, -0.00389374839142, -0.00271494057961, 0.0168015137315, -0.0054483176209, 0.00034101397614, 0.00178180856165], [-4.27516306445e-06, -0.00110898958519, -0.000834831094835, 0.000677642936353, 0.00183144933544, -0.00252234586515, -0.000944833096582, 0.0024039731361, -0.00287933996879, -0.0054483176209, 0.0200810153037, -0.00466350698844, -0.00199621776119], [-0.000150461535668, 0.00048980867723, 0.00115269026719, -0.00132427795324, -0.00109273381531, -0.000937937002163, 0.00046091110562, -0.000206767334021, 0.000290601077722, 0.00034101397614, -0.00466350698844, 0.0190343800932, -0.00968392472714], [-0.000580251566134, -3.21027036989e-05, 0.000182094867341, -0.00277325231582, 0.00092579430202, 0.000195669970708, -0.00112657586578, -0.000113807946036, 5.14710372954e-05, 0.00178180856165, -0.00199621776119, -0.00968392472714, 0.0232550185174]]
    },
    "spectral_contrast_coeffs": {
        "max": [-0.424515366554, -0.406067669392, -0.440236955881, -0.572761416435, -0.605006277561, -0.67594820261],
        "mean": [-0.701880156994, -0.741024017334, -0.769428431988, -0.800360143185, -0.801231086254, -0.793057799339],
        "min": [-0.872196137905, -0.917205572128, -0.907957673073, -0.902180016041, -0.884559929371, -0.91522359848],
        "stdev": [0.0756219550967, 0.0766092389822, 0.0697061046958, 0.051571406424, 0.0388109833002, 0.0343256220222]
    },
    "spectral_contrast_valleys": {
        "max": [-5.26979875565, -5.18933296204, -5.97178936005, -6.24278306961, -6.31964254379, -7.84015512466],
        "mean": [-6.57361936569, -6.67090415955, -7.45259332657, -7.58071947098, -7.82038497925, -10.0446977615],
        "min": [-8.68276977539, -8.3554058075, -8.62065887451, -8.72448730469, -9.47231864929, -12.7872152328],
        "stdev": [0.571737289429, 0.494294017553, 0.481267869473, 0.446628421545, 0.526543438435, 0.645788371563]
    }
},
"rhythm": {
    "beats_count": 70,
    "beats_loudness": {
        "max": 0.0980834439397,
        "mean": 0.0310133527964,
        "min": 0.00822103582323,
        "stdev": 0.0183232203126
    },
    "bpm": 131.894790649,
    "bpm_histogram_first_peak_bpm": 133,
    "bpm_histogram_first_peak_weight": 0.349206328392,
    "bpm_histogram_second_peak_bpm": 123,
    "bpm_histogram_second_peak_spread": 0.399999976158,
    "bpm_histogram_second_peak_weight": 0.0434782616794,
    "danceability": 1.23594415188,
    "onset_rate": 3.72216773033,
    "beats_loudness_band_ratio": {
        "max": [0.820726811886, 0.738948762417, 0.618273317814, 0.626100480556, 0.393977254629, 0.277596086264],
        "mean": [0.413895457983, 0.252331346273, 0.199116304517, 0.0908277109265, 0.064611107111, 0.0346480235457],
        "min": [0.0303233154118, 0.0250653959811, 0.0144874602556, 0.00666423421353, 0.00406736275181, 0.00397658720613],
        "stdev": [0.232578828931, 0.164681687951, 0.139288455248, 0.113356098533, 0.072827257216, 0.0364694520831]
    },
    "beats_position": [0.476009070873, 0.96362811327, 1.45124709606, 1.95047616959, 2.46131515503, 2.94893407822, 3.41333317757, 3.86612248421, 4.31891155243, 4.78331041336, 5.24770975113, 5.70049858093, 6.14167785645, 6.59446716309, 7.04725599289, 7.50004529953, 7.96444416046, 8.4172334671, 8.87002277374, 9.32281208038, 9.77560043335, 10.2399997711, 10.6927890778, 11.1455783844, 11.6099767685, 12.051156044, 12.5039453506, 12.9567346573, 13.4211339951, 13.8623123169, 14.3267116547, 14.7795009613, 15.2322902679, 15.6734695435, 16.1262588501, 16.5906581879, 17.0434455872, 17.4962348938, 17.9490242004, 18.4134235382, 18.8662128448, 19.3190021515, 19.7717914581, 20.2245807648, 20.6889801025, 21.1417675018, 21.5945568085, 22.0473461151, 22.5001354218, 22.9645347595, 23.4173240662, 23.8701133728, 24.3345127106, 24.7756919861, 25.2400894165, 25.6928787231, 26.1456680298, 26.5984573364, 27.0512466431, 27.5040359497, 27.9568252563, 28.409614563, 28.8624038696, 29.3151912689, 29.7795906067, 30.2323799133, 30.68516922, 31.1611785889, 31.6255779266, 32.0899772644],
