{
"metadata": {
    "version": {
        "essentia": "2.1-beta5",
        "essentia_git_sha": "Undefined",
        "extractor": "music 2.0"
    },
    "audio_properties": {
        "analysis": {
            "equal_loudness": 0,
            "length": 48.7502937317,
            "sample_rate": 44100,
            "start_time": 93.9943771362,
            "downmix": "mix"
        },
        "bit_rate": 192000,
        "length": 192.16897583,
        "lossless": 0,
        "number_channels": 2,
        "replay_gain": -7.30708503723,
        "sample_rate": 48000,
        "codec": "mp3",
        "md5_encoded": "9ce469fb5ca224029bd8e25ccf860aa5"
    },
    "tags": {
        "file_name": "Austria_Du Bist_Tie Break.mp3",
        "encoding": ["Lavf58.29.100"]
    }
},
"lowlevel": {
    "average_loudness": 0.917548656464,
    "barkbands_crest": {
        "max": 23.7979812622,
        "mean": 8.65128612518,
        "min": 2.37406253815,
        "stdev": 3.53551054001
    },
    "barkbands_flatness_db": {
        "max": 0.255057275295,
        "mean": 0.133891224861,
        "min": 0.0331030413508,
        "stdev": 0.0375993698835
    },
    "barkbands_kurtosis": {
        "max": 49.5703277588,
        "mean": 3.39863657951,
        "min": -1.89610755444,
        "stdev": 5.25665807724
    },
    "barkbands_skewness": {
        "max": 6.46621847153,
        "mean": 1.4736995697,
        "min": -0.778192162514,
        "stdev": 1.01586079597
    },
    "barkbands_spread": {
        "max": 109.150047302,
        "mean": 22.6373386383,
        "min": 2.93852376938,
        "stdev": 15.920630455
    },
    "dissonance": {
        "max": 0.499689310789,
        "mean": 0.462929338217,
        "min": 0.27801194787,
        "stdev": 0.0236574336886
    },
    "dynamic_complexity": 2.70610260963,
    "erbbands_crest": {
        "max": 22.6526756287,
        "mean": 8.22303581238,
        "min": 2.29275679588,
        "stdev": 3.71368193626
    },
    "erbbands_flatness_db": {
        "max": 0.284226745367,
        "mean": 0.147191032767,
        "min": 0.0585618875921,
        "stdev": 0.0424018763006
    },
    "erbbands_kurtosis": {
        "max": 10.9677343369,
        "mean": 0.499836504459,
        "min": -1.59673953056,
        "stdev": 1.68373012543
    },
    "erbbands_skewness": {
        "max": 2.81103253365,
        "mean": 0.33832859993,
        "min": -2.04632759094,
        "stdev": 0.606663644314
    },
    "erbbands_spread": {
        "max": 122.259666443,
        "mean": 39.0530967712,
        "min": 6.3522362709,
        "stdev": 20.7025985718
    },
    "hfc": {
        "max": 213.826477051,
        "mean": 23.2894763947,
        "min": 0.287685215473,
        "stdev": 24.761838913
    },
    "loudness_ebu128": {
        "integrated": -16.2538528442,
        "loudness_range": 2.63786315918,
        "momentary": {
            "max": -11.9617414474,
            "mean": -16.7487754822,
            "min": -23.096616745,
            "stdev": 2.14982414246
        },
        "short_term": {
            "max": -14.3992767334,
            "mean": -16.3657855988,
            "min": -19.2321720123,
            "stdev": 0.88003885746
        }
    },
    "melbands_crest": {
        "max": 30.1215133667,
        "mean": 12.6170911789,
        "min": 3.86409759521,
        "stdev": 4.39374303818
    },
    "melbands_flatness_db": {
        "max": 0.345716148615,
        "mean": 0.192342668772,
        "min": 0.0353545434773,
        "stdev": 0.0523497983813
    },
    "melbands_kurtosis": {
        "max": 123.502555847,
        "mean": 10.985203743,
        "min": -1.51509046555,
        "stdev": 13.1003189087
    },
    "melbands_skewness": {
        "max": 8.91087722778,
        "mean": 2.46093010902,
        "min": -0.607175171375,
        "stdev": 1.41117107868
    },
    "melbands_spread": {
        "max": 125.946937561,
        "mean": 22.330909729,
        "min": 2.59662508965,
        "stdev": 14.7884283066
    },
    "pitch_salience": {
        "max": 0.814521729946,
        "mean": 0.588701844215,
        "min": 0.207362800837,
        "stdev": 0.0926594361663
    },
    "silence_rate_20dB": {
        "max": 1,
        "mean": 1,
        "min": 1,
        "stdev": 0
    },
    "silence_rate_30dB": {
        "max": 1,
        "mean": 0.993812441826,
        "min": 0,
        "stdev": 0.078416377306
    },
    "silence_rate_60dB": {
        "max": 0,
        "mean": 0,
        "min": 0,
        "stdev": 0
    },
    "spectral_centroid": {
        "max": 3470.81420898,
        "mean": 1149.42578125,
        "min": 310.376983643,
        "stdev": 538.218505859
    },
    "spectral_complexity": {
        "max": 61,
        "mean": 19.0490245819,
        "min": 1,
        "stdev": 8.3851890564
    },
    "spectral_decrease": {
        "max": -1.73680597682e-10,
        "mean": -6.87971146718e-09,
        "min": -5.07434734232e-08,
        "stdev": 5.31194199738e-09
    },
    "spectral_energy": {
        "max": 0.204839468002,
        "mean": 0.0280779972672,
        "min": 0.00068160466617,
        "stdev": 0.0212963763624
    },
    "spectral_energyband_high": {
        "max": 0.0203142240644,
        "mean": 0.000969688408077,
        "min": 1.69047041254e-06,
        "stdev": 0.00214126659557
    },
    "spectral_energyband_low": {
        "max": 0.0930095016956,
        "mean": 0.00846596620977,
        "min": 6.27423423794e-06,
        "stdev": 0.0118996473029
    },
    "spectral_energyband_middle_high": {
        "max": 0.0778566449881,
        "mean": 0.00675936741754,
        "min": 4.00131248171e-05,
        "stdev": 0.00881741847843
    },
    "spectral_energyband_middle_low": {
        "max": 0.0983027666807,
        "mean": 0.0132587803528,
        "min": 0.000488746445626,
        "stdev": 0.0106907086447
    },
    "spectral_entropy": {
        "max": 8.74814987183,
        "mean": 7.5608086586,
        "min": 6.4444270134,
        "stdev": 0.403001070023
    },
    "spectral_flux": {
        "max": 0.358127593994,
        "mean": 0.0838951393962,
        "min": 0.0184640996158,
        "stdev": 0.0432446710765
    },
    "spectral_kurtosis": {
        "max": 20.109167099,
        "mean": 5.05310058594,
        "min": -1.15610992908,
        "stdev": 2.95846581459
    },
    "spectral_rms": {
        "max": 0.0141365975142,
        "mean": 0.00491712382063,
        "min": 0.000815463194158,
        "stdev": 0.00179306254722
    },
    "spectral_rolloff": {
        "max": 11498.7304688,
        "mean": 1571.04370117,
        "min": 86.1328125,
        "stdev": 1842.42883301
    },
    "spectral_skewness": {
        "max": 3.58510708809,
        "mean": 1.76872563362,
        "min": 0.189961135387,
        "stdev": 0.475708901882
    },
    "spectral_spread": {
        "max": 16961656,
        "mean": 4939027.5,
        "min": 2194448.5,
        "stdev": 2070190
    },
    "spectral_strongpeak": {
        "max": 10.1419935226,
        "mean": 0.863240599632,
        "min": 0.0224030036479,
        "stdev": 1.15450561047
    },
    "zerocrossingrate": {
        "max": 0.3017578125,
        "mean": 0.06274843961,
        "min": 0.0068359375,
        "stdev": 0.0422844067216
    },
    "barkbands": {
        "max": [0.00526257231832, 0.0757244229317, 0.0446220114827, 0.0447097346187, 0.0363942310214, 0.0190079081804, 0.0311710182577, 0.049486335367, 0.0388356596231, 0.0318054631352, 0.0378189645708, 0.0197492018342, 0.0278311111033, 0.0186105892062, 0.0297769326717, 0.0101905511692, 0.00727303605527, 0.0047395513393, 0.00541063304991, 0.00390657363459, 0.00364104472101, 0.00379364122637, 0.00356580666266, 0.00608931854367, 0.0103162163869, 0.00221121567301, 5.34630908078e-06],
        "mean": [0.000262634392129, 0.00459289131686, 0.00259086256847, 0.00253805564716, 0.00398026499897, 0.00154980714433, 0.0012023266172, 0.00173810252454, 0.00158300856128, 0.00152645423077, 0.00127557141241, 0.000590073934291, 0.00101222959347, 0.000682139827404, 0.00055002362933, 0.000421171047492, 0.000384817074519, 0.000262867397396, 0.000258517655311, 0.000204219017178, 0.000110412183858, 0.000133558540256, 0.00014631281374, 0.000197736968403, 0.000211797916563, 7.21276446711e-05, 4.03079418732e-08],
        "min": [2.33540387029e-08, 7.35437424737e-07, 2.02763953894e-06, 1.88674249557e-07, 5.03527262481e-05, 2.17723099922e-05, 5.67206734559e-06, 7.5408443081e-06, 1.09485281428e-05, 7.38442895454e-06, 3.27846100845e-06, 4.11343989981e-06, 2.980729505e-06, 4.26363885708e-06, 3.80199389838e-06, 6.68002985549e-06, 4.84846850668e-06, 1.27693374452e-06, 5.41556175904e-07, 3.78178015126e-07, 2.92363381504e-07, 2.01972397917e-07, 3.48253792026e-07, 2.82296269916e-07, 1.97269272917e-07, 6.66381865244e-08, 3.22233004169e-11],
        "stdev": [0.000606597342994, 0.00987138785422, 0.00320541369729, 0.00335200992413, 0.00391583424062, 0.00196220050566, 0.00252123782411, 0.00328314024955, 0.00304587278515, 0.00299299997278, 0.00320177990943, 0.00120630743913, 0.00219932687469, 0.0015836704988, 0.00120957731269, 0.000937714066822, 0.000666382955387, 0.000402390782256, 0.000449053215561, 0.000352920091245, 0.00030055679963, 0.000314640317811, 0.000335490185535, 0.000499258108903, 0.000641264836304, 0.000207251825486, 2.10680070722e-07]
    },
    "erbbands": {
        "max": [2.95191788673, 17.6908626556, 40.9963722229, 127.862113953, 137.445236206, 127.073974609, 98.3084259033, 176.025482178, 365.902954102, 995.118469238, 932.451293945, 999.044067383, 1102.04406738, 1051.7722168, 1618.39355469, 706.770751953, 1295.98327637, 957.418518066, 1155.38415527, 569.119262695, 679.252075195, 413.41104126, 257.370880127, 218.864974976, 235.212844849, 230.901901245, 125.863632202, 204.33946228, 107.578720093, 123.039268494, 121.601325989, 122.061408997, 113.740097046, 77.4021148682, 90.6683273315, 18.8897457123, 3.70154333115, 0.309370607138, 0.00583569006994, 0.000436785252532],
        "mean": [0.169949457049, 0.892354726791, 2.5676817894, 6.00906467438, 11.8721580505, 13.7858505249, 10.0308408737, 16.0054740906, 14.4453773499, 34.1338882446, 27.6902160645, 41.2358016968, 46.9958496094, 39.2377700806, 56.7519683838, 25.9245262146, 44.2343864441, 37.1038589478, 36.2526054382, 22.8340110779, 22.1809749603, 18.5191745758, 15.9299640656, 11.8357839584, 13.8008308411, 9.4370765686, 5.2484998703, 4.57496261597, 4.65907239914, 4.42811059952, 4.27994203568, 4.28377723694, 3.19165205956, 2.44813537598, 1.44203174114, 0.480597287416, 0.106376715004, 0.0088208746165, 0.000198848094442, 4.52557396784e-05],
        "min": [1.65893343365e-05, 0.000571232405491, 0.00382352573797, 0.0198983363807, 0.0234096385539, 0.200008198619, 0.231646776199, 0.253425300121, 0.147406056523, 0.133345246315, 0.258590847254, 0.438729792833, 0.164237931371, 0.269166082144, 0.125667452812, 0.167124286294, 0.160843327641, 0.233053803444, 0.149063065648, 0.225497066975, 0.384938120842, 0.218565240502, 0.102925166488, 0.0196891091764, 0.0349656529725, 0.0114833284169, 0.0115432888269, 0.0123082492501, 0.00711901672184, 0.0123811578378, 0.00840844586492, 0.00312964664772, 0.00547014223412, 0.00221929815598, 0.00100729020778, 0.000448700244306, 8.72072268976e-05, 5.84549434279e-06, 1.99283294933e-06, 1.70696171153e-06],
        "stdev": [0.392248481512, 1.93698430061, 3.18755602837, 7.30921268463, 13.2383184433, 15.4772815704, 11.1921615601, 20.9268417358, 28.0890350342, 64.0464477539, 55.2824211121, 77.1352615356, 92.6517486572, 87.6574707031, 137.415786743, 47.0897750854, 92.121383667, 73.410736084, 71.5787200928, 38.7118301392, 51.344039917, 30.3637256622, 23.1008853912, 17.7959041595, 24.075504303, 16.2974071503, 12.1816501617, 12.607460022, 10.4743490219, 10.6385259628, 9.97389030457, 10.4446048737, 8.3740978241, 7.24400281906, 4.63266992569, 1.38351845741, 0.317912817001, 0.0279748812318, 0.000556432292797, 4.67373101856e-05]
    },
    "gfcc": {
        "mean": [14.9972515106, 96.2228393555, -112.302360535, 24.5458869934, -59.8859939575, 22.1163978577, -48.1137886047, 13.1776199341, -31.0616607666, -1.0924847126, -17.3061008453, -3.88415265083, -15.1375675201],
        "cov": [[2539.51977539, -950.358703613, 52.5991363525, 81.1574783325, -195.968841553, 169.303878784, 36.3471374512, 168.75227356, 5.30247974396, 208.842208862, -59.1221694946, 90.3909301758, -32.9278106689], [-950.358703613, 1045.99255371, -211.307601929, -89.4218215942, 237.598083496, -130.078567505, 116.413078308, -16.0256748199, 94.4933395386, -128.007095337, 83.233833313, -91.5514450073, 59.5038299561], [52.5991363525, -211.307601929, 648.073547363, 218.968688965, 10.5339784622, 164.782928467, -10.6786956787, 4.11503124237, 35.6958656311, 107.935714722, -52.8373603821, 119.977432251, -39.549369812], [81.1574783325, -89.4218215942, 218.968688965, 389.523132324, 91.1047210693, -1.60012066364, -3.49220705032, 31.879776001, 84.8644104004, 72.9905471802, 1.87070763111, 68.977104187, 46.2884750366], [-195.968841553, 237.598083496, 10.5339784622, 91.1047210693, 211.097717285, 20.1381607056, 56.7230453491, 36.0140609741, 46.7911491394, -13.768746376, 24.8029079437, 6.3972697258, 38.6406364441], [169.303878784, -130.078567505, 164.782928467, -1.60012066364, 20.1381607056, 244.208053589, 104.678115845, 18.8413848877, -29.0779571533, 37.9429206848, 0.473278224468, 39.2160758972, -14.7294616699], [36.3471374512, 116.413078308, -10.6786956787, -3.49220705032, 56.7230453491, 104.678115845, 174.374740601, 34.8959197998, -2.85319042206, 23.6987495422, 28.3596401215, 15.0881595612, 11.9612493515], [168.75227356, -16.0256748199, 4.11503124237, 31.879776001, 36.0140609741, 18.8413848877, 34.8959197998, 106.795135498, 52.6098251343, 28.4934234619, 15.7766056061, 10.2321271896, 13.8830690384], [5.30247974396, 94.4933395386, 35.6958656311, 84.8644104004, 46.7911491394, -29.0779571533, -2.85319042206, 52.6098251343, 122.35307312, 32.213432312, 1.66507005692, 6.92018890381, 13.6746912003], [208.842208862, -128.007095337, 107.935714722, 72.9905471802, -13.768746376, 37.9429206848, 23.6987495422, 28.4934234619, 32.213432312, 103.813896179, 6.63912200928, 43.5830383301, -2.9912302494], [-59.1221694946, 83.233833313, -52.8373603821, 1.87070763111, 24.8029079437, 0.473278224468, 28.3596401215, 15.7766056061, 1.66507005692, 6.63912200928, 81.9318161011, 16.9495162964, 20.2295036316], [90.3909301758, -91.5514450073, 119.977432251, 68.977104187, 6.3972697258, 39.2160758972, 15.0881595612, 10.2321271896, 6.92018890381, 43.5830383301, 16.9495162964, 91.7772598267, 14.0466098785], [-32.9278106689, 59.5038299561, -39.549369812, 46.2884750366, 38.6406364441, -14.7294616699, 11.9612493515, 13.8830690384, 13.6746912003, -2.9912302494, 20.2295036316, 14.0466098785, 64.6763916016]],
        "icov": [[0.000783329596743, 0.000593194563407, 0.00040830753278, -4.66221754323e-05, 0.000224498784519, -0.000195353321033, -0.000286915310426, -0.000902325089555, -0.000146286663949, -0.000713738671038, 0.000518197950441, -0.000222145230509, 8.83167012944e-05], [0.000593194563407, 0.00513334851712, -0.00192961620633, 0.00276056746952, -0.00344332004897, 0.00410076323897, -0.00581783615053, 0.00376182771288, -0.00572863547131, 0.00396278128028, -0.00415711756796, 0.00369811872952, -0.00242531392723], [0.00040830753278, -0.00192961620633, 0.0052833086811, -0.00295609608293, 0.00139571970794, -0.00473679183051, 0.0042154211551, -0.00199769996107, 0.00200259895064, -0.00360029749572, 0.00460333470255, -0.00549435801804, 0.00422966154292], [-4.66221754323e-05, 0.00276056746952, -0.00295609608293, 0.00665182573721, -0.00374612351879, 0.00372538599186, -0.00312901847064, 0.00321584590711, -0.00471933744848, 0.000627965899184, -0.0024632057175, 0.00172714213841, -0.00473472010344], [0.000224498784519, -0.00344332004897, 0.00139571970794, -0.00374612351879, 0.0104019436985, -0.00372891779989, 0.00185245042667, -0.0043553635478, 0.00197360990569, 0.000166616911883, 0.00218479172327, -0.00220605824143, -0.00026855309261], [-0.000195353321033, 0.00410076323897, -0.00473679183051, 0.00372538599186, -0.00372891779989, 0.0123858144507, -0.00976681988686, 0.0029885978438, -0.00237444555387, 0.00364313903265, -0.00403731875122, 0.00342091894709, -0.00203132419847], [-0.000286915310426, -0.00581783615053, 0.0042154211551, -0.00312901847064, 0.00185245042667, -0.00976681988686, 0.0171128939837, -0.00626193871722, 0.00742014776915, -0.00758771691471, 0.00406804541126, -0.00487771583721, 0.00273902481422], [-0.000902325089555, 0.00376182771288, -0.00199769996107, 0.00321584590711, -0.0043553635478, 0.0029885978438, -0.00626193871722, 0.0190853122622, -0.0109698381275, 0.00283297221176, -0.00595763139427, 0.00390223949216, -0.00363311637193], [-0.000146286663949, -0.00572863547131, 0.00200259895064, -0.00471933744848, 0.00197360990569, -0.00237444555387, 0.00742014776915, -0.0109698381275, 0.0209079273045, -0.00871735066175, 0.0062164934352, -0.00278981402516, 0.00289846211672], [-0.000713738671038, 0.00396278128028, -0.00360029749572, 0.000627965899184, 0.000166616911883, 0.00364313903265, -0.00758771691471, 0.00283297221176, -0.00871735066175, 0.0221846681088, -0.00635476130992, -0.000421720935265, -0.000186530887731], [0.000518197950441, -0.00415711756796, 0.00460333470255, -0.0024632057175, 0.00218479172327, -0.00403731875122, 0.00406804541126, -0.00595763139427, 0.0062164934352, -0.00635476130992, 0.0209410246462, -0.00868029240519, 0.000695022463333], [-0.000222145230509, 0.00369811872952, -0.00549435801804, 0.00172714213841, -0.00220605824143, 0.00342091894709, -0.00487771583721, 0.00390223949216, -0.00278981402516, -0.000421720935265, -0.00868029240519, 0.0229308735579, -0.00764462072402], [8.83167012944e-05, -0.00242531392723, 0.00422966154292, -0.00473472010344, -0.00026855309261, -0.00203132419847, 0.00273902481422, -0.00363311637193, 0.00289846211672, -0.000186530887731, 0.000695022463333, -0.00764462072402, 0.0245055090636]]
    },
    "melbands": {
        "max": [0.0214214287698, 0.0179012268782, 0.0202408619225, 0.0098184440285, 0.00433997018263, 0.0036967007909, 0.00591617077589, 0.0120334681123, 0.00728816213086, 0.00560568319634, 0.00537461042404, 0.00430671917275, 0.00620309170336, 0.00237638875842, 0.00406511500478, 0.00365806184709, 0.00215476891026, 0.00170375930611, 0.00236199609935, 0.00085136143025, 0.000791734491941, 0.000400963705033, 0.000413961097365, 0.000245111354161, 0.000176126442966, 0.000338563957484, 0.00011409054423, 0.000185077020433, 7.30196552468e-05, 7.49840037315e-05, 0.000132926026708, 6.67895365041e-05, 7.2833012382e-05, 5.83960973017e-05, 7.21362885088e-05, 6.97043142281e-05, 9.88552637864e-05, 0.000103669473901, 6.80665034452e-05, 7.08955121809e-05],
        "mean": [0.00136407196987, 0.00128443667199, 0.00125320395455, 0.000930570589844, 0.000421161967097, 0.000328022288159, 0.000229633558774, 0.000397373485612, 0.000216488930164, 0.000258213840425, 0.000231626647292, 0.000153912857058, 0.000181779803825, 9.19512749533e-05, 7.43179625715e-05, 9.64186838246e-05, 6.70780864311e-05, 6.01253996138e-05, 3.88556145481e-05, 3.15635952575e-05, 2.50469893217e-05, 1.96369383048e-05, 1.81557825272e-05, 1.17668660096e-05, 9.00774102774e-06, 1.03680631582e-05, 8.68622282724e-06, 5.81333551963e-06, 3.64494530913e-06, 2.45675232691e-06, 2.69627798843e-06, 2.55193458543e-06, 2.63542506218e-06, 2.36496111938e-06, 2.29676629715e-06, 2.66921642833e-06, 2.65437915914e-06, 2.29679540098e-06, 2.05555920729e-06, 2.04544380722e-06],
        "min": [1.12572116961e-07, 1.71663191395e-06, 4.91150285598e-06, 6.55244411973e-06, 6.84266296958e-06, 4.15700969825e-06, 9.44252974477e-07, 1.18883781397e-06, 2.06515733225e-06, 2.38389725382e-06, 7.30671956717e-07, 8.73558178682e-07, 4.05132936976e-07, 4.36183825059e-07, 3.89851152249e-07, 3.18447064274e-07, 4.59664278196e-07, 2.01606781047e-07, 3.28899403712e-07, 3.05489066932e-07, 3.35905639304e-07, 2.39336316099e-07, 1.64133595604e-07, 3.70567079244e-08, 1.12809077635e-08, 2.55541916516e-08, 1.99824743419e-08, 5.52241585794e-09, 9.01179753043e-09, 5.06640551734e-09, 8.33396374134e-09, 3.15680326324e-09, 4.78872808074e-09, 7.44432204769e-09, 5.09023045936e-09, 3.27783022946e-09, 1.39756406448e-09, 2.94113511323e-09, 2.25519536379e-09, 1.37007505341e-09],
        "stdev": [0.0030223284848, 0.00172673037741, 0.00138959672768, 0.000951434194576, 0.000432679400546, 0.000426258484367, 0.000465977849672, 0.00074436457362, 0.000457048881799, 0.000480719172629, 0.000463812932139, 0.00036512632505, 0.000482797709992, 0.000170632978552, 0.000194531050511, 0.000208494457183, 0.000147164028022, 0.000128485626192, 8.95094199223e-05, 6.93454203429e-05, 6.4778541855e-05, 3.60938392987e-05, 2.97229271382e-05, 1.81120685738e-05, 1.44559053297e-05, 2.08616474993e-05, 1.47776654558e-05, 1.14873755592e-05, 8.58017847349e-06, 6.88237969371e-06, 7.81825383456e-06, 5.91973412156e-06, 6.21092567599e-06, 5.72689941691e-06, 5.46424553249e-06, 6.33898525848e-06, 6.7059390858e-06, 6.24304038865e-06, 5.60652324566e-06, 6.35114929537e-06]
    },
    "melbands128": {
        "max": [0.00468301028013, 0.0265071503818, 0.0362251549959, 0.0316851772368, 0.0201633833349, 0.0238145440817, 0.0298660546541, 0.0200641192496, 0.0160894282162, 0.0180038660765, 0.00918061193079, 0.00893127173185, 0.0041017155163, 0.00803071074188, 0.00635413406417, 0.00346831930801, 0.00379874440841, 0.0111136157066, 0.0128995506093, 0.0133684966713, 0.0194878373295, 0.00680105667561, 0.013101621531, 0.0153147177771, 0.0111592216417, 0.00700982287526, 0.0073082651943, 0.00980740785599, 0.0109228948131, 0.00700419582427, 0.00873947702348, 0.00763825280592, 0.0126945413649, 0.00823880918324, 0.00655220076442, 0.00292538292706, 0.00273183500394, 0.00645247381181, 0.00657383771613, 0.0050747320056, 0.00774912536144, 0.0049162642099, 0.00230688066222, 0.00396965723485, 0.00354042951949, 0.0023134353105, 0.004895710852, 0.00441334489733, 0.000668420048896, 0.00163150858134, 0.00161791930441, 0.00158335024025, 0.00190117256716, 0.00209282478318, 0.000860720057972, 0.00059603137197, 0.00111609394662, 0.000811742735095, 0.000531685887836, 0.000365490559489, 0.000261954730377, 0.000593348464463, 0.000313921482302, 0.000276657927316, 0.000256046478171, 0.000809192541055, 0.000480238726595, 0.000270117248874, 0.000209634497878, 0.00017672238755, 0.000349912996171, 0.000169412334799, 0.000194977226784, 0.000110220971692, 0.000113796806545, 0.000126549610286, 7.45079814806e-05, 0.000206670840271, 0.000226901902352, 7.51063416828e-05, 0.000120982585941, 8.55013786349e-05, 0.000101503057522, 8.92829339136e-05, 0.00010419744649, 9.43802515394e-05, 7.82165152486e-05, 5.32350313733e-05, 9.18070800253e-05, 0.000114062240755, 6.44768369966e-05, 0.000125624850625, 9.88061510725e-05, 0.00012232363224, 0.000111537723569, 0.000170865037944, 8.40817665448e-05, 7.37333102734e-05, 5.68304858461e-05, 0.000115992152132, 9.64258651948e-05, 8.5930871137e-05, 0.000101944504422, 0.000170543979038, 9.18053483474e-05, 0.000174205968506, 9.95020964183e-05, 3.37247874995e-05, 3.15227334795e-05, 1.90857372218e-05, 1.38690593303e-05, 1.37730085044e-05, 1.55087127496e-05, 9.81765697361e-06, 7.74504587753e-06, 3.64219090443e-06, 2.61373998001e-07, 9.45655642681e-09, 9.18188547416e-09, 8.93870755192e-09, 8.71462191299e-09, 8.50527470675e-09, 8.33664337563e-09, 8.18915246725e-09, 8.06090305616e-09, 7.95541854615e-09, 7.88977061461e-09, 7.8461406261e-09],
        "mean": [0.000251120713074, 0.00145341840107, 0.00177285808604, 0.00132795714308, 0.00120077456813, 0.00132378912531, 0.00111884379294, 0.00140657590237, 0.00120803376194, 0.000911811890546, 0.000785210053436, 0.00053876003949, 0.000273416051641, 0.000302380503854, 0.000496739405207, 0.000230631630984, 0.00014622186427, 0.000260580331087, 0.000291504780762, 0.000387562846299, 0.00052384607261, 0.000209539022762, 0.000172468440724, 0.000192144274479, 0.000305437744828, 0.000278260820778, 0.000174309403519, 0.00030049943598, 0.000178803456947, 0.000190298072994, 0.000130106782308, 0.000112564935989, 0.000185938188224, 0.00027009670157, 8.94765398698e-05, 5.54135658604e-05, 5.30867218913e-05, 5.22326627106e-05, 0.000111163419206, 0.000106172701635, 0.000106078550743, 6.10082970525e-05, 5.35013168701e-05, 8.62139786477e-05, 5.89529408899e-05, 5.57206149097e-05, 5.72653589188e-05, 5.47016752535e-05, 1.90399241546e-05, 1.99558271561e-05, 4.54487162642e-05, 2.87949915219e-05, 1.95714837901e-05, 2.46916588367e-05, 3.29395406879e-05, 1.31523729578e-05, 1.37090037242e-05, 2.51646179095e-05, 1.57797330758e-05, 1.37057540996e-05, 1.17731333376e-05, 1.01013565654e-05, 1.02979538497e-05, 7.89834120951e-06, 8.09894936538e-06, 1.15213897516e-05, 1.06115803646e-05, 1.06599782157e-05, 7.94502557255e-06, 6.68560369377e-06, 5.57098701393e-06, 5.69847543375e-06, 5.12688393428e-06, 2.82752102976e-06, 2.50432799476e-06, 2.38039865508e-06, 2.45782484853e-06, 2.73802857009e-06, 2.85670239464e-06, 2.39196651819e-06, 2.56539851762e-06, 2.45816818278e-06, 2.95151130558e-06, 2.53715074905e-06, 2.54741780736e-06, 2.54104611486e-06, 2.25554435929e-06, 2.08979031413e-06, 2.06343611353e-06, 2.78021593658e-06, 2.57355213762e-06, 2.7477351523e-06, 2.57039891949e-06, 2.63204174189e-06, 2.70734244623e-06, 2.60119054474e-06, 2.16854550672e-06, 1.95404845726e-06, 1.95092911781e-06, 2.11971155295e-06, 2.3594348022e-06, 1.94089648176e-06, 1.84826387795e-06, 1.67576558852e-06, 1.747061674e-06, 1.6582509943e-06, 1.25158817355e-06, 9.36820185871e-07, 8.19378897177e-07, 6.26689825367e-07, 4.09576983884e-07, 3.67254273215e-07, 3.45029462778e-07, 2.50157540904e-07, 1.72686057454e-07, 8.45540171213e-08, 2.65648014697e-09, 1.12991352386e-11, 8.30226339066e-12, 8.05829361572e-12, 7.8356730826e-12, 7.64793003233e-12, 7.49174420417e-12, 7.35132007351e-12, 7.19313410918e-12, 7.02141860279e-12, 6.91878759146e-12, 6.87351954867e-12],
        "min": [4.45191383758e-11, 3.43384676249e-09, 2.86105432679e-08, 1.60461411269e-07, 4.99340103488e-07, 6.68369580126e-07, 4.58475483356e-07, 7.82059075277e-08, 7.12503435807e-07, 3.62461537406e-06, 3.05134472001e-06, 7.86310806689e-07, 2.35593404341e-07, 1.54155713972e-06, 1.86566273896e-06, 3.39958404538e-07, 8.13218889562e-07, 1.99574373028e-07, 5.45967566268e-07, 9.73785631686e-07, 9.72122734311e-07, 5.56805048291e-07, 2.17973848748e-07, 1.46763980524e-07, 1.44652560152e-07, 4.47160232397e-07, 3.67756285868e-07, 3.78421532332e-07, 4.80652488477e-07, 4.0184562522e-07, 1.86280189496e-07, 1.62627188161e-07, 1.8619844866e-07, 3.99791645123e-07, 4.41104305082e-07, 1.35728939199e-07, 1.01790810447e-07, 2.62393342609e-07, 2.87513472585e-07, 4.42518910404e-07, 1.5145423049e-07, 8.1468314761e-08, 1.58029408226e-07, 3.56062656692e-07, 1.42146731719e-07, 1.22380484413e-07, 2.34199191596e-07, 3.61951975947e-07, 6.86283527784e-08, 1.17717085857e-07, 1.41105971352e-07, 2.51685634112e-07, 8.96843133091e-08, 1.22828339499e-07, 1.33038156491e-07, 4.18121217649e-08, 9.46459195461e-08, 9.7658059417e-08, 1.09918701696e-07, 8.59432844891e-08, 2.48055105345e-08, 8.93985330208e-09, 1.25486883107e-08, 7.16393477873e-09, 1.71060907661e-08, 2.76348082195e-08, 2.82841483568e-08, 3.37081118573e-08, 1.78009695873e-08, 1.34538225005e-09, 1.09384978852e-09, 8.01185695565e-09, 7.16811676682e-09, 3.1990337046e-09, 2.73264788575e-09, 6.2250027355e-09, 4.61214400005e-09, 4.70313521461e-09, 3.06661207539e-09, 4.22814672163e-09, 1.12260978291e-09, 3.83944342985e-09, 4.26916413332e-09, 4.29375557331e-09, 5.06175590331e-09, 4.21725099287e-09, 6.73299971332e-10, 3.48721984622e-09, 1.5487026106e-09, 4.54675896933e-09, 1.55518431466e-09, 9.73637837021e-10, 1.13528597634e-09, 1.35767708187e-09, 1.18989196274e-09, 2.829053658e-10, 5.09462416698e-10, 7.25946303071e-10, 6.45979769676e-10, 6.10547390423e-10, 1.47106105075e-10, 4.26850249591e-10, 5.21582388391e-10, 6.21873497142e-10, 1.93035046281e-10, 5.58556423336e-10, 1.00003460374e-11, 9.05003016971e-11, 1.53271936809e-10, 2.88377155488e-10, 3.23174334516e-11, 4.2484404883e-11, 5.72633867407e-12, 3.12701010918e-11, 1.90701586467e-11, 1.16666650299e-11, 2.4596966716e-13, 7.85695225785e-14, 9.73155746525e-14, 9.50193293188e-14, 9.99451986016e-14, 8.41030397452e-14, 9.93899447878e-14, 8.70339160442e-14, 7.06403658441e-14, 2.67782334257e-14, 4.06378625412e-15, 1.47982902753e-16],
        "stdev": [0.000586588692386, 0.00348461419344, 0.00434653181583, 0.00301230978221, 0.00176922790706, 0.00168679771014, 0.00155858660582, 0.00189087900799, 0.00152143719606, 0.00128123885952, 0.00102347228676, 0.000722813303582, 0.000422299082857, 0.00049969216343, 0.000719917356037, 0.000360184523743, 0.000330246170051, 0.000706354272552, 0.000789873185568, 0.000865075620823, 0.00113098684233, 0.000461432908196, 0.000655811687466, 0.000660134304781, 0.000691153923981, 0.00064163870411, 0.000467434176244, 0.000753712491132, 0.000531313242391, 0.00053808838129, 0.000414052483393, 0.000377056305297, 0.000789223471656, 0.000657981378026, 0.00026824689121, 0.000141331183841, 0.000128652405692, 0.00024379005481, 0.000349696463672, 0.00026954812347, 0.000336099066772, 0.000230135672609, 0.000143206940265, 0.000251038029091, 0.000211418664549, 0.000153075787239, 0.000181061725016, 0.000170054860064, 4.46897247457e-05, 7.06311984686e-05, 0.000128122221213, 7.81072521931e-05, 0.000109597036499, 8.51160948514e-05, 8.40443608467e-05, 3.90144487028e-05, 3.9027796447e-05, 5.17207408848e-05, 3.55410084012e-05, 2.81328557321e-05, 2.14642332139e-05, 2.29750276048e-05, 1.94021213247e-05, 1.5930920199e-05, 1.90577466128e-05, 3.48708344973e-05, 2.67320538114e-05, 2.56410712609e-05, 1.66551490111e-05, 1.42753042383e-05, 1.43374127219e-05, 1.37636998261e-05, 1.49622037497e-05, 8.34720322018e-06, 8.44535225042e-06, 7.76670549385e-06, 6.33310764897e-06, 9.54578717938e-06, 9.60811667028e-06, 6.57043710817e-06, 7.44525596019e-06, 5.40851669939e-06, 7.40102359487e-06, 6.16630404693e-06, 7.05594493411e-06, 6.88563113727e-06, 5.6197854974e-06, 4.91464425068e-06, 5.4779002312e-06, 7.29222256268e-06, 6.00951216256e-06, 7.02621309756e-06, 7.20482239558e-06, 6.85592613081e-06, 7.34481955078e-06, 8.15503244667e-06, 6.01361080044e-06, 5.25268251295e-06, 5.21372840012e-06, 6.61934063828e-06, 7.42319753044e-06, 6.40537245999e-06, 6.53796087136e-06, 6.48468767395e-06, 5.83721202929e-06, 6.31345801594e-06, 4.31620537711e-06, 2.82696623799e-06, 2.50237599175e-06, 1.84139298653e-06, 1.13995986339e-06, 1.16440003239e-06, 1.13911028166e-06, 8.72135501595e-07, 5.66975529637e-07, 3.07079773165e-07, 1.18036798114e-08, 2.07746000958e-10, 2.00474567502e-10, 1.95171129258e-10, 1.90280471934e-10, 1.85712403789e-10, 1.82034623486e-10, 1.78815504071e-10, 1.7601396729e-10, 1.73714695406e-10, 1.72282882405e-10, 1.71330949428e-10]
    },
    "mfcc": {
        "mean": [-629.337890625, 128.054626465, 4.99750757217, 8.33673000336, 11.3214626312, 1.05562853813, 1.3550786972, 4.93440532684, -6.80636978149, 2.94631814957, -2.26380038261, -5.04498291016, -3.75425648689],
        "cov": [[2608.71777344, -882.331970215, 10.7286844254, -114.464553833, -158.828811646, -47.0035743713, 29.9687099457, -23.2292079926, 90.3241424561, 76.2584533691, 71.7184295654, 43.6514358521, 30.5408802032], [-882.331970215, 975.877380371, -305.675170898, -11.6013269424, 27.3658084869, -48.3628807068, 32.8758430481, 77.3336181641, -20.3438014984, 46.5431213379, 4.38876485825, -34.9092292786, -22.0623283386], [10.7286844254, -305.675170898, 566.763366699, 83.569229126, 52.3973007202, 165.313659668, -26.6653442383, 4.57019281387, 43.8951377869, -35.3758087158, 53.4316215515, 48.9047355652, 11.2788333893], [-114.464553833, -11.6013269424, 83.569229126, 383.630065918, 119.927055359, 25.1244506836, -77.0871887207, 2.72660541534, 64.7933578491, 11.4635410309, -19.5346183777, 44.7122993469, 98.3011169434], [-158.828811646, 27.3658084869, 52.3973007202, 119.927055359, 179.87802124, 16.6005191803, -35.3464736938, 29.1833839417, 24.1823616028, 21.4322414398, -18.5633792877, 4.72336101532, 44.8849105835], [-47.0035743713, -48.3628807068, 165.313659668, 25.1244506836, 16.6005191803, 200.476593018, 72.2420806885, 38.7302703857, 40.0578651428, -9.80936050415, 34.1607971191, 14.8215904236, -3.84154486656], [29.9687099457, 32.8758430481, -26.6653442383, -77.0871887207, -35.3464736938, 72.2420806885, 188.038742065, 48.9972839355, 1.67281556129, -6.78030014038, 15.7854480743, 14.2014961243, -13.0749073029], [-23.2292079926, 77.3336181641, 4.57019281387, 2.72660541534, 29.1833839417, 38.7302703857, 48.9972839355, 98.0957489014, 29.2697925568, 25.7592391968, 18.5885944366, 3.54226112366, 13.8549537659], [90.3241424561, -20.3438014984, 43.8951377869, 64.7933578491, 24.1823616028, 40.0578651428, 1.67281556129, 29.2697925568, 96.8378448486, 32.5985908508, 21.4356918335, 11.210483551, 16.0730552673], [76.2584533691, 46.5431213379, -35.3758087158, 11.4635410309, 21.4322414398, -9.80936050415, -6.78030014038, 25.7592391968, 32.5985908508, 87.6417999268, 25.7228736877, -0.968431174755, 2.56546735764], [71.7184295654, 4.38876485825, 53.4316215515, -19.5346183777, -18.5633792877, 34.1607971191, 15.7854480743, 18.5885944366, 21.4356918335, 25.7228736877, 83.2115097046, 16.2081680298, -3.09236907959], [43.6514358521, -34.9092292786, 48.9047355652, 44.7122993469, 4.72336101532, 14.8215904236, 14.2014961243, 3.54226112366, 11.210483551, -0.968431174755, 16.2081680298, 66.2532577515, 34.2827568054], [30.5408802032, -22.0623283386, 11.2788333893, 98.3011169434, 44.8849105835, -3.84154486656, -13.0749073029, 13.8549537659, 16.0730552673, 2.56546735764, -3.09236907959, 34.2827568054, 98.982093811]],
        "icov": [[0.000763856631238, 0.00082744890824, 0.000338089652359, 0.000180499788257, 0.000526218209416, 0.000270815478871, -8.60181171447e-05, -0.00022598283249, -0.000593687349465, -0.000675873248838, -0.000426300073741, -0.00014214294788, -0.000327044224832], [0.00082744890824, 0.0023361032363, 0.00128357938956, -0.000144224075484, 0.000208085621125, 0.000140839154483, 6.66567138978e-05, -0.00151142501272, 6.09390826867e-06, -0.000690774992108, -0.00113687396515, -8.69796858751e-05, 0.000405354512623], [0.000338089652359, 0.00128357938956, 0.00381631590426, -5.81195527047e-05, -0.000872799195349, -0.00248310831375, 0.00166502071079, -0.000682287209202, -0.000299538834952, 0.00152180425357, -0.00213204300962, -0.00197344017215, 0.00104558991734], [0.000180499788257, -0.000144224075484, -5.81195527047e-05, 0.0051813852042, -0.00161244627088, -0.000903245178051, 0.00168807804585, 0.00108656077646, -0.00278281769715, -1.85805365618e-05, 0.00153614929877, -0.00195912644267, -0.00328102218919], [0.000526218209416, 0.000208085621125, -0.000872799195349, -0.00161244627088, 0.0091441841796, -0.000350415532012, 0.0010060678469, -0.00257287826389, 0.000287814269541, -0.00299082859419, 0.00278777582571, 0.00132295268122, -0.00242264405824], [0.000270815478871, 0.000140839154483, -0.00248310831375, -0.000903245178051, -0.000350415532012, 0.00978612992913, -0.0041321949102, -0.00107767514419, -0.00245613302104, 0.00147146976087, -0.00200519920327, 0.00150199711788, 0.00104935455602], [-8.60181171447e-05, 6.66567138978e-05, 0.00166502071079, 0.00168807804585, 0.0010060678469, -0.0041321949102, 0.00940940249711, -0.00412893807516, 0.000510920828674, 0.00127405009698, 0.000684481288772, -0.00375884678215, 0.000586772395764], [-0.00022598283249, -0.00151142501272, -0.000682287209202, 0.00108656077646, -0.00257287826389, -0.00107767514419, -0.00412893807516, 0.0167455077171, -0.00301339081489, -0.00261602085084, -0.0010235045338, 0.0018967455253, -0.00316475238651], [-0.000593687349465, 6.09390826867e-06, -0.000299538834952, -0.00278281769715, 0.000287814269541, -0.00245613302104, 0.000510920828674, -0.00301339081489, 0.0163463857025, -0.00441575795412, -0.00116812740453, 0.000222952847253, 0.000592146185227], [-0.000675873248838, -0.000690774992108, 0.00152180425357, -1.85805365618e-05, -0.00299082859419, 0.00147146976087, 0.00127405009698, -0.00261602085084, -0.00441575795412, 0.0180016290396, -0.00567927304655, 0.000155092784553, 0.00186675589066], [-0.000426300073741, -0.00113687396515, -0.00213204300962, 0.00153614929877, 0.00278777582571, -0.00200519920327, 0.000684481288772, -0.0010235045338, -0.00116812740453, -0.00567927304655, 0.0185291040689, -0.00391721865162, -0.000240300956648], [-0.00014214294788, -8.69796858751e-05, -0.00197344017215, -0.00195912644267, 0.00132295268122, 0.00150199711788, -0.00375884678215, 0.0018967455253, 0.000222952847253, 0.000155092784553, -0.00391721865162, 0.0228319503367, -0.00717916712165], [-0.000327044224832, 0.000405354512623, 0.00104558991734, -0.00328102218919, -0.00242264405824, 0.00104935455602, 0.000586772395764, -0.00316475238651, 0.000592146185227, 0.00186675589066, -0.000240300956648, -0.00717916712165, 0.0174276884645]]
    },
    "spectral_contrast_coeffs": {
        "max": [-0.426499962807, -0.517083764076, -0.505827605724, -0.60522711277, -0.56348323822, -0.672175347805],
        "mean": [-0.692953586578, -0.746244311333, -0.753588497639, -0.774319767952, -0.773160755634, -0.789299428463],
        "min": [-0.89685767889, -0.897180259228, -0.913527011871, -0.887811899185, -0.872995138168, -0.872675299644],
        "stdev": [0.0687012895942, 0.0592670850456, 0.0645597875118, 0.052718963474, 0.0516970008612, 0.0330402515829]
    },
    "spectral_contrast_valleys": {
        "max": [-4.760617733, -4.89651727676, -5.38448762894, -5.96500921249, -5.75681495667, -7.35484695435],
        "mean": [-6.46918487549, -6.52639245987, -7.1459903717, -7.45423460007, -7.74847888947, -10.0976343155],
        "min": [-9.1807756424, -8.16165065765, -8.76556396484, -8.80093955994, -10.1604633331, -12.9169063568],
        "stdev": [0.607129514217, 0.548736512661, 0.555296182632, 0.475411862135, 0.630508303642, 0.997999489307]
    }
},
"rhythm": {
    "beats_count": 105,
    "beats_loudness": {
        "max": 0.162896201015,
        "mean": 0.0427758544683,
        "min": 0.00529559608549,
        "stdev": 0.0273575913161
    },
    "bpm": 130.09967041,
    "bpm_histogram_first_peak_bpm": 129,
    "bpm_histogram_first_peak_weight": 0.271844685078,
    "bpm_histogram_second_peak_bpm": 123,
    "bpm_histogram_second_peak_spread": 0,
    "bpm_histogram_second_peak_weight": 0.00961538497359,
    "danceability": 1.19202840328,
    "onset_rate": 3.28125,
    "beats_loudness_band_ratio": {
        "max": [0.916486203671, 0.567791759968, 0.863022089005, 0.624390423298, 0.517698347569, 0.419055342674],
        "mean": [0.433499574661, 0.18385578692, 0.166482314467, 0.130733713508, 0.0761897712946, 0.0618817135692],
        "min": [0.00361317489296, 0.0145179247484, 0.00899029988796, 0.010801602155, 0.00438355281949, 0.00229575950652],
        "stdev": [0.240639612079, 0.12237740308, 0.148406013846, 0.128083989024, 0.0780530795455, 0.0915407091379]
    },
