{
"metadata": {
    "version": {
        "essentia": "2.1-beta5",
        "essentia_git_sha": "Undefined",
        "extractor": "music 2.0"
    },
    "audio_properties": {
        "analysis": {
            "equal_loudness": 0,
            "length": 20.0388202667,
            "sample_rate": 44100,
            "start_time": 158.987030029,
            "downmix": "mix"
        },
        "bit_rate": 192000,
        "length": 179.049087524,
        "lossless": 0,
        "number_channels": 2,
        "replay_gain": -8.91928291321,
        "sample_rate": 48000,
        "codec": "mp3",
        "md5_encoded": "02b77e9bc9c9d3e851bb31122122b7c4"
    },
    "tags": {
        "file_name": "Poland_Love Song_Blue Cafe.mp3",
        "encoding": ["Lavf58.29.100"]
    }
},
"lowlevel": {
    "average_loudness": 0.907463788986,
    "barkbands_crest": {
        "max": 23.4907627106,
        "mean": 7.97793292999,
        "min": 2.87277436256,
        "stdev": 3.28004837036
    },
    "barkbands_flatness_db": {
        "max": 0.294317811728,
        "mean": 0.138571530581,
        "min": 0.0398723483086,
        "stdev": 0.0475499853492
    },
    "barkbands_kurtosis": {
        "max": 38.2094764709,
        "mean": 1.15313947201,
        "min": -1.5126401186,
        "stdev": 2.90895867348
    },
    "barkbands_skewness": {
        "max": 5.72281599045,
        "mean": 0.907528936863,
        "min": -0.954779803753,
        "stdev": 0.740070998669
    },
    "barkbands_spread": {
        "max": 65.9458236694,
        "mean": 20.3228683472,
        "min": 2.68667840958,
        "stdev": 12.3440103531
    },
    "dissonance": {
        "max": 0.499990671873,
        "mean": 0.475146085024,
        "min": 0.372202843428,
        "stdev": 0.0198622178286
    },
    "dynamic_complexity": 3.02771091461,
    "erbbands_crest": {
        "max": 28.4026069641,
        "mean": 8.08465480804,
        "min": 2.92509222031,
        "stdev": 4.03312921524
    },
    "erbbands_flatness_db": {
        "max": 0.349321871996,
        "mean": 0.193780824542,
        "min": 0.0561480075121,
        "stdev": 0.0723741427064
    },
    "erbbands_kurtosis": {
        "max": 11.0417881012,
        "mean": 0.315935462713,
        "min": -1.62316644192,
        "stdev": 1.52698683739
    },
    "erbbands_skewness": {
        "max": 2.62099885941,
        "mean": 0.434727907181,
        "min": -1.02237427235,
        "stdev": 0.522236406803
    },
    "erbbands_spread": {
        "max": 129.076599121,
        "mean": 28.2596073151,
        "min": 4.54699468613,
        "stdev": 16.7220211029
    },
    "hfc": {
        "max": 218.263275146,
        "mean": 19.6647510529,
        "min": 6.8635149546e-06,
        "stdev": 20.5149803162
    },
    "loudness_ebu128": {
        "integrated": -15.8235321045,
        "loudness_range": 4.57969093323,
        "momentary": {
            "max": -10.1935663223,
            "mean": -17.0741672516,
            "min": -35.1837234497,
            "stdev": 3.64203929901
        },
        "short_term": {
            "max": -13.0940151215,
            "mean": -16.0492706299,
            "min": -20.6680431366,
            "stdev": 1.73580157757
        }
    },
    "melbands_crest": {
        "max": 35.3617935181,
        "mean": 11.2871103287,
        "min": 3.67166495323,
        "stdev": 4.8660826683
    },
    "melbands_flatness_db": {
        "max": 0.350082933903,
        "mean": 0.162503987551,
        "min": 0.0551222003996,
        "stdev": 0.0386406742036
    },
    "melbands_kurtosis": {
        "max": 94.1440048218,
        "mean": 4.81677484512,
        "min": -1.0473088026,
        "stdev": 7.22992753983
    },
    "melbands_skewness": {
        "max": 8.71352958679,
        "mean": 1.57733750343,
        "min": -0.626100480556,
        "stdev": 1.08475661278
    },
    "melbands_spread": {
        "max": 82.2181625366,
        "mean": 24.7575645447,
        "min": 2.1871316433,
        "stdev": 12.1913814545
    },
    "pitch_salience": {
        "max": 0.91745531559,
        "mean": 0.623597204685,
        "min": 0.0957580655813,
        "stdev": 0.126527354121
    },
    "silence_rate_20dB": {
        "max": 1,
        "mean": 1,
        "min": 1,
        "stdev": 0
    },
    "silence_rate_30dB": {
        "max": 1,
        "mean": 0.995370388031,
        "min": 0,
        "stdev": 0.0678837820888
    },
    "silence_rate_60dB": {
        "max": 1,
        "mean": 0.0578703694046,
        "min": 0,
        "stdev": 0.23349840939
    },
    "spectral_centroid": {
        "max": 3189.52612305,
        "mean": 1577.06323242,
        "min": 388.075775146,
        "stdev": 414.756469727
    },
    "spectral_complexity": {
        "max": 49,
        "mean": 20.7511577606,
        "min": 0,
        "stdev": 7.53767156601
    },
    "spectral_decrease": {
        "max": -9.3820482084e-16,
        "mean": -4.78553952021e-09,
        "min": -3.90712386888e-08,
        "stdev": 4.44209025119e-09
    },
    "spectral_energy": {
        "max": 0.160537257791,
        "mean": 0.0198453906924,
        "min": 4.16354639654e-09,
        "stdev": 0.0183977056295
    },
    "spectral_energyband_high": {
        "max": 0.00854073558003,
        "mean": 0.000613478710875,
        "min": 1.32691774235e-10,
        "stdev": 0.000793144339696
    },
    "spectral_energyband_low": {
        "max": 0.04708385095,
        "mean": 0.00410890998319,
        "min": 2.72672093238e-11,
        "stdev": 0.00599395297468
    },
    "spectral_energyband_middle_high": {
        "max": 0.117322422564,
        "mean": 0.00752182817087,
        "min": 3.21579740614e-09,
        "stdev": 0.0103670042008
    },
    "spectral_energyband_middle_low": {
        "max": 0.143907934427,
        "mean": 0.00797078944743,
        "min": 8.16161915829e-10,
        "stdev": 0.0100953979418
    },
    "spectral_entropy": {
        "max": 8.45472049713,
        "mean": 7.69952392578,
        "min": 6.46960687637,
        "stdev": 0.244594424963
    },
    "spectral_flux": {
        "max": 0.357296824455,
        "mean": 0.0746081694961,
        "min": 0.00207652989775,
        "stdev": 0.0383152626455
    },
    "spectral_kurtosis": {
        "max": 19.9064884186,
        "mean": 5.1392660141,
        "min": -0.422029018402,
        "stdev": 2.85072302818
    },
    "spectral_rms": {
        "max": 0.0125148594379,
        "mean": 0.00400641281158,
        "min": 2.01543957701e-06,
        "stdev": 0.00181934016291
    },
    "spectral_rolloff": {
        "max": 5770.8984375,
        "mean": 1751.06787109,
        "min": 64.599609375,
        "stdev": 807.611816406
    },
    "spectral_skewness": {
        "max": 2.87395882607,
        "mean": 1.61282634735,
        "min": 0.657280802727,
        "stdev": 0.368820279837
    },
    "spectral_spread": {
        "max": 13660759,
        "mean": 3921661.75,
        "min": 1838220.625,
        "stdev": 1535917.25
    },
    "spectral_strongpeak": {
        "max": 16.1635665894,
        "mean": 1.1231880188,
        "min": 0,
        "stdev": 1.73521006107
    },
    "zerocrossingrate": {
        "max": 0.22216796875,
        "mean": 0.0688047036529,
        "min": 0.01416015625,
        "stdev": 0.0223600249738
    },
    "barkbands": {
        "max": [0.00515155727044, 0.0347185619175, 0.0162190813571, 0.00726151326671, 0.031284481287, 0.0675799697638, 0.071699693799, 0.0855782330036, 0.0294086672366, 0.0285574011505, 0.0155627774075, 0.0573857203126, 0.10765311867, 0.0262041650712, 0.0105830971152, 0.00621698703617, 0.00302818138152, 0.00572385033593, 0.00795246474445, 0.00664705270901, 0.00513531267643, 0.00111035373993, 0.00123609858565, 0.000763205287512, 0.00127927551512, 0.000502967915963, 5.38115045856e-07],
        "mean": [0.000350973248715, 0.00268316850998, 0.000875561439898, 0.000430029002018, 0.00165423250291, 0.00165854301304, 0.0011436927598, 0.000744181568734, 0.00187833164819, 0.00135011598468, 0.00101736804936, 0.00107042887248, 0.00124248920474, 0.00092955067521, 0.000740221934393, 0.000356324628228, 0.000292845070362, 0.000373074639356, 0.0002663040068, 0.000280059350189, 0.000144606674439, 0.000111080931674, 9.46148575167e-05, 6.76140916767e-05, 5.5581851484e-05, 3.43882929883e-05, 1.65024900411e-08],
        "min": [8.87366222169e-12, 1.32053595489e-11, 6.3862712861e-12, 8.71699587512e-12, 2.59262802199e-11, 5.10838350787e-11, 1.68729974437e-10, 1.79560866176e-10, 3.2092720148e-10, 2.10556017066e-10, 1.86664017576e-10, 8.85551854068e-10, 4.00842747883e-10, 2.15390011382e-10, 3.44222650384e-10, 6.61856236484e-10, 2.44934017513e-10, 6.31844715437e-11, 2.62859178868e-11, 2.60819491005e-11, 2.59028857391e-11, 1.48594782312e-11, 1.54925187262e-11, 1.85207005982e-11, 8.15137627536e-12, 1.2932767704e-11, 1.86889809184e-11],
        "stdev": [0.000703180558048, 0.00431338977069, 0.0016156588681, 0.000818288594019, 0.00324791786261, 0.00350801949389, 0.00484975427389, 0.0033880721312, 0.00288672046736, 0.00198454270139, 0.00146219553426, 0.00410518469289, 0.00640929955989, 0.00246608071029, 0.0011845396366, 0.000439040333731, 0.000321931322105, 0.000550077646039, 0.000462141091703, 0.00046303961426, 0.000288833194645, 0.000156353809871, 0.000135187437991, 0.000106216473796, 0.000114958376798, 6.96084462106e-05, 4.95814873602e-08]
    },
    "erbbands": {
        "max": [1.19356405735, 7.10831689835, 20.0292987823, 17.4314746857, 38.9305114746, 142.197875977, 909.282836914, 178.302474976, 853.18939209, 2944.2434082, 528.559265137, 358.196258545, 920.344787598, 989.744689941, 963.823120117, 2796.99414062, 3931.44067383, 775.156616211, 1355.58215332, 552.525756836, 384.727478027, 168.78225708, 317.487609863, 247.200958252, 351.109283447, 176.340820312, 133.357162476, 298.370849609, 62.0068588257, 72.3533859253, 32.1601905823, 15.0867710114, 19.7435493469, 12.9623880386, 9.34443759918, 3.34929609299, 1.18334293365, 0.11983050406, 0.00207786774263, 0.000237673331867],
        "mean": [0.106198586524, 0.484702825546, 1.03746128082, 1.289321661, 2.43319249153, 6.32811641693, 11.599114418, 14.086183548, 12.890873909, 22.9093608856, 13.929816246, 33.3706703186, 55.6302452087, 43.2474441528, 41.7116928101, 46.4986114502, 49.987701416, 40.8332023621, 47.5762786865, 31.3819007874, 20.1865558624, 16.7394275665, 20.7170066833, 15.9924020767, 14.8092088699, 11.3747053146, 6.5967001915, 5.29749202728, 4.12746953964, 3.72471499443, 2.38825941086, 1.49601638317, 1.10597610474, 0.636124551296, 0.406452000141, 0.1758017838, 0.0574909634888, 0.00585989141837, 0.000120356169646, 2.96833550237e-05],
        "min": [3.93584304037e-10, 2.97308599961e-09, 7.12049130769e-09, 1.96090699234e-08, 3.98341306607e-08, 1.01335487557e-07, 2.21217888452e-07, 5.22436550909e-07, 1.74570573108e-06, 3.44037539435e-06, 4.29739566243e-06, 6.77688376527e-06, 7.06098035153e-06, 7.94482002675e-06, 1.45280628203e-05, 3.52433453372e-05, 2.19655394176e-05, 9.81942775979e-06, 1.20182030514e-05, 2.34047529375e-05, 4.14203313994e-05, 1.42224207593e-05, 3.8670923459e-06, 2.26715724239e-06, 1.4089683873e-06, 1.01364423699e-06, 1.38448922371e-06, 8.32885746149e-07, 5.97546431891e-07, 5.00042915519e-07, 4.39011301978e-07, 3.72774422885e-07, 3.09674362597e-07, 1.05022564867e-07, 5.58572530451e-08, 4.85285873708e-08, 2.4154536149e-08, 8.96763197034e-09, 3.72118025282e-09, 2.0828919145e-10],
        "stdev": [0.170790955424, 0.850208342075, 1.87069404125, 2.24850440025, 4.26290178299, 13.4474697113, 42.6384239197, 22.3060150146, 45.9168434143, 125.402053833, 26.6630744934, 42.0900878906, 93.671043396, 56.7664070129, 76.698638916, 197.751144409, 230.872085571, 68.1385269165, 123.487876892, 50.2991142273, 24.61195755, 17.7691421509, 27.3478221893, 24.7339115143, 25.3696594238, 16.7651462555, 9.26344490051, 14.0282735825, 6.39621829987, 6.04757404327, 3.15106630325, 2.06746435165, 2.05905795097, 1.27548575401, 0.879763662815, 0.34110558033, 0.123877666891, 0.0138253122568, 0.000247943971772, 2.86276954284e-05]
    },
    "gfcc": {
        "mean": [-21.0188865662, 69.2544326782, -165.596817017, 8.3694190979, -69.2405929565, 15.5057315826, -36.8431358337, 11.9343700409, -24.1668663025, 1.30101001263, -15.9167423248, 2.1221075058, -6.4878411293],
        "cov": [[7290.20605469, 545.184265137, 3312.02905273, 1685.65893555, 499.799560547, 305.411834717, 26.2977523804, 281.791992188, -217.185333252, 714.297790527, 39.3075675964, 472.679718018, -202.909454346], [545.184265137, 759.345397949, 686.220153809, 470.056335449, 253.106872559, 65.1827545166, 178.316360474, 6.02187252045, 0.383446276188, 73.9892196655, 60.0017738342, 51.3241043091, 38.1707077026], [3312.02905273, 686.220153809, 2828.37915039, 1421.56530762, 441.772155762, 272.086853027, 33.8494491577, 172.239501953, -148.319412231, 518.744018555, 48.2647094727, 353.634857178, -92.4808959961], [1685.65893555, 470.056335449, 1421.56530762, 932.164367676, 294.690856934, 176.715423584, 104.60697937, 95.4128646851, -51.615032196, 242.342208862, 33.4061737061, 152.563842773, -41.127456665], [499.799560547, 253.106872559, 441.772155762, 294.690856934, 264.199127197, 119.030723572, 129.011047363, 56.286403656, -6.93978261948, 67.0834197998, -3.38674736023, 36.7451019287, -14.9898948669], [305.411834717, 65.1827545166, 272.086853027, 176.715423584, 119.030723572, 195.609558105, 143.983184814, 54.397441864, 15.7018375397, 53.2527008057, 25.0006217957, 22.2967071533, -21.8003177643], [26.2977523804, 178.316360474, 33.8494491577, 104.60697937, 129.011047363, 143.983184814, 274.794311523, 85.6851577759, 58.1148147583, 13.6857290268, 27.8458442688, -21.0237045288, -9.21289920807], [281.791992188, 6.02187252045, 172.239501953, 95.4128646851, 56.286403656, 54.397441864, 85.6851577759, 143.36831665, 61.2211112976, 65.9803924561, -3.18599939346, 10.0633535385, -15.151884079], [-217.185333252, 0.383446276188, -148.319412231, -51.615032196, -6.93978261948, 15.7018375397, 58.1148147583, 61.2211112976, 102.534744263, 9.78679180145, 10.5609636307, -23.1989402771, 7.46813201904], [714.297790527, 73.9892196655, 518.744018555, 242.342208862, 67.0834197998, 53.2527008057, 13.6857290268, 65.9803924561, 9.78679180145, 172.003952026, 38.9389381409, 81.8892288208, -28.7242622375], [39.3075675964, 60.0017738342, 48.2647094727, 33.4061737061, -3.38674736023, 25.0006217957, 27.8458442688, -3.18599939346, 10.5609636307, 38.9389381409, 79.539276123, 42.0103034973, 11.9572906494], [472.679718018, 51.3241043091, 353.634857178, 152.563842773, 36.7451019287, 22.2967071533, -21.0237045288, 10.0633535385, -23.1989402771, 81.8892288208, 42.0103034973, 108.488685608, 7.96398544312], [-202.909454346, 38.1707077026, -92.4808959961, -41.127456665, -14.9898948669, -21.8003177643, -9.21289920807, -15.151884079, 7.46813201904, -28.7242622375, 11.9572906494, 7.96398544312, 68.6226425171]],
        "icov": [[0.000362989667337, -0.000159788847668, 6.92413887009e-05, -0.00027505250182, 0.00018020241987, -0.000169373350218, 8.42311346787e-05, -0.000509836361744, 0.000809138582554, -0.000805769115686, 0.000668322551064, -0.000823829323053, 0.000528778822627], [-0.000159788847668, 0.00686990190297, -0.00419493764639, 0.000520870555192, -0.00452620116994, 0.00719176093116, -0.00544714555144, 0.00587138161063, -0.00585416378453, 0.00554008409381, -0.00798603985459, 0.00681084860116, -0.00421672640368], [6.92413887009e-05, -0.00419493764639, 0.00645227404311, -0.00397632038221, 0.00259380182251, -0.0057013281621, 0.00429318845272, -0.00468948949128, 0.00693718809634, -0.00820343475789, 0.00792398676276, -0.00777222169563, 0.0024793674238], [-0.00027505250182, 0.000520870555192, -0.00397632038221, 0.00637728301808, -0.00199027615599, 0.00121161481366, -0.00149786786642, 0.0017106620362, -0.00272484705783, 0.00286199781112, -0.00312718795612, 0.00345354224555, -0.000874323246535], [0.00018020241987, -0.00452620116994, 0.00259380182251, -0.00199027615599, 0.011290143244, -0.00620852876455, 0.000305471359752, -0.00353240594268, 0.00476386025548, -0.00409690476954, 0.00900368858129, -0.00598326697946, 0.00200036377646], [-0.000169373350218, 0.00719176093116, -0.0057013281621, 0.00121161481366, -0.00620852876455, 0.0184034686536, -0.0104962028563, 0.00654430128634, -0.0069945557043, 0.00709098251536, -0.0105708763003, 0.0073029929772, -0.00220865081064], [8.42311346787e-05, -0.00544714555144, 0.00429318845272, -0.00149786786642, 0.000305471359752, -0.0104962028563, 0.0144755737856, -0.00882863253355, 0.00368622108363, -0.00233424687758, 0.00126376620028, -0.00219988217577, 0.00355024286546], [-0.000509836361744, 0.00587138161063, -0.00468948949128, 0.0017106620362, -0.00353240594268, 0.00654430128634, -0.00882863253355, 0.0212627295405, -0.0145400054753, 0.0012907817727, -0.00119776953943, 0.00513071892783, -0.00351521442644], [0.000809138582554, -0.00585416378453, 0.00693718809634, -0.00272484705783, 0.00476386025548, -0.0069945557043, 0.00368622108363, -0.0145400054753, 0.0277988445014, -0.0133886197582, 0.0064956494607, -0.00412826566026, 0.000185546610737], [-0.000805769115686, 0.00554008409381, -0.00820343475789, 0.00286199781112, -0.00409690476954, 0.00709098251536, -0.00233424687758, 0.0012907817727, -0.0133886197582, 0.0297648068517, -0.016856983304, 0.00394674018025, 0.00292027252726], [0.000668322551064, -0.00798603985459, 0.00792398676276, -0.00312718795612, 0.00900368858129, -0.0105708763003, 0.00126376620028, -0.00119776953943, 0.0064956494607, -0.016856983304, 0.0362354256213, -0.0211604051292, 0.00211570272222], [-0.000823829323053, 0.00681084860116, -0.00777222169563, 0.00345354224555, -0.00598326697946, 0.0073029929772, -0.00219988217577, 0.00513071892783, -0.00412826566026, 0.00394674018025, -0.0211604051292, 0.034828312695, -0.0110320132226], [0.000528778822627, -0.00421672640368, 0.0024793674238, -0.000874323246535, 0.00200036377646, -0.00220865081064, 0.00355024286546, -0.00351521442644, 0.000185546610737, 0.00292027252726, 0.00211570272222, -0.0110320132226, 0.0228485036641]]
    },
    "melbands": {
        "max": [0.0102684348822, 0.00963860843331, 0.00261329766363, 0.00668786559254, 0.0244834534824, 0.00539618451148, 0.014690076001, 0.0311809740961, 0.00195178715512, 0.0029687997885, 0.00446829339489, 0.00393000105396, 0.00254651950672, 0.00848193187267, 0.013882720843, 0.00344605464488, 0.00120917707682, 0.00294374651276, 0.00110059021972, 0.000414333713707, 0.000399084878154, 0.00024278620549, 0.000206706739846, 0.000350707676262, 0.000184657765203, 0.000499641930219, 0.000314554898068, 8.35519240354e-05, 5.32552767254e-05, 0.000143165903864, 0.000232613718254, 3.01313648379e-05, 2.78587231151e-05, 4.54211913166e-05, 2.24072427955e-05, 1.14224558274e-05, 1.05826484287e-05, 1.56285295816e-05, 1.10266901174e-05, 1.12882244139e-05],
        "mean": [0.000835821672808, 0.000559242907912, 0.000247790041612, 0.000313204160193, 0.000386199884815, 0.000305052322801, 0.000212927247048, 0.00024172879057, 0.000113375434012, 0.000247843534453, 0.000279538187897, 0.000174044791493, 0.000137669791002, 0.000123127188999, 0.000150002088048, 9.09664086066e-05, 7.2192211519e-05, 8.0623984104e-05, 5.80641535635e-05, 2.7893747756e-05, 2.21078207687e-05, 1.70298790181e-05, 1.63495224115e-05, 1.92168536159e-05, 1.22978290165e-05, 1.05103927126e-05, 1.18743155326e-05, 6.55798248772e-06, 4.41388783656e-06, 3.16698083225e-06, 3.05184039462e-06, 2.32560137192e-06, 2.003853524e-06, 2.10173379855e-06, 1.41739883475e-06, 1.10818996291e-06, 8.39135338992e-07, 8.00045029337e-07, 6.51893856229e-07, 4.98154690831e-07],
        "min": [4.09622639627e-12, 3.91304696978e-12, 3.96892848448e-12, 4.68671629283e-12, 7.30136263949e-12, 1.17460884769e-11, 2.90040821221e-11, 3.81876648359e-11, 3.57978299781e-11, 4.56880783206e-11, 3.4559188844e-11, 3.07774986053e-11, 3.40705519353e-11, 9.19187920223e-11, 7.70627173186e-11, 3.32763018529e-11, 1.67879234819e-11, 1.89223359204e-11, 2.73323655375e-11, 3.46814417462e-11, 5.04022552861e-11, 1.53586796059e-11, 5.20737272747e-12, 2.74666877784e-12, 1.70784046627e-12, 9.15949499407e-13, 7.90325162085e-13, 7.11477589083e-13, 9.71286094088e-13, 6.72670415463e-13, 3.93961962662e-13, 3.11081049158e-13, 3.1992794915e-13, 2.67198670958e-13, 2.73716840209e-13, 1.97584773521e-13, 2.35970314469e-13, 2.51963028349e-13, 1.29420400178e-13, 7.40693517263e-14],
        "stdev": [0.00132258038502, 0.000942598213442, 0.000392590212869, 0.000631286005955, 0.00119420827832, 0.000484838965349, 0.000796493084636, 0.00129020540044, 0.000176627276232, 0.000347204855643, 0.000467226025648, 0.000242030073423, 0.000208090074011, 0.000462955824332, 0.000956920208409, 0.000220540096052, 0.000128922707518, 0.000260964763584, 0.000100874101918, 3.83909318771e-05, 2.84293055302e-05, 1.97895788006e-05, 1.96205710381e-05, 3.03082797473e-05, 1.97121207748e-05, 2.38308421103e-05, 2.2396168788e-05, 9.34594572755e-06, 6.09848984823e-06, 6.50252604828e-06, 1.01891773738e-05, 3.73424836653e-06, 2.97002497973e-06, 3.59980981557e-06, 1.92626771423e-06, 1.55773921051e-06, 1.23850247746e-06, 1.52799555053e-06, 1.2813234207e-06, 1.07382629722e-06]
    },
    "melbands128": {
        "max": [0.00447648530826, 0.00914618838578, 0.0156087391078, 0.0124805392697, 0.012013589032, 0.0064480388537, 0.00439140759408, 0.00387991312891, 0.00465276325122, 0.00854776799679, 0.00996185280383, 0.0143161546439, 0.046001393348, 0.0185770411044, 0.00588406575844, 0.00414709979668, 0.00629042927176, 0.0257808789611, 0.0207373034209, 0.0524651631713, 0.0296817831695, 0.0023445028346, 0.00178934133146, 0.00514839217067, 0.00259702652693, 0.0050486526452, 0.0139203937724, 0.00572483520955, 0.00684275384992, 0.00324980122969, 0.00642861891538, 0.00326549052261, 0.00259585143067, 0.00450854096562, 0.0148426685482, 0.00997584499419, 0.0144719779491, 0.0200187787414, 0.0290571339428, 0.00136807840317, 0.00350459851325, 0.00520830275491, 0.00152974762022, 0.00273791258223, 0.00510657671839, 0.00379083608277, 0.00219222903252, 0.00149110227358, 0.00213709566742, 0.00112623535097, 0.000469963822979, 0.000932631723117, 0.000736277084798, 0.000236218314967, 0.000298628991004, 0.000418851355789, 0.000295227277093, 0.000348598026903, 0.000204495619982, 0.000782491406426, 0.000291229167487, 0.00089732237393, 0.000129374573589, 0.000184855685802, 0.000415165151935, 0.00117070134729, 0.000197679342818, 0.000583927321713, 0.000355671043508, 0.000291031959932, 0.000102930229332, 0.000138925723149, 7.75880253059e-05, 7.75245352997e-05, 5.78122126171e-05, 0.0003569413675, 6.11595751252e-05, 0.000190649836441, 0.000444024393801, 4.820252434e-05, 3.93602458644e-05, 5.15233732585e-05, 7.20441748854e-05, 4.11990404245e-05, 5.79758379899e-05, 0.00010703670705, 2.6303318009e-05, 2.1284999093e-05, 2.92467466352e-05, 3.16410478263e-05, 2.02701176022e-05, 2.02716146305e-05, 1.60240233527e-05, 8.58863404574e-06, 2.10258949664e-05, 1.52772881847e-05, 2.40966128331e-05, 1.76862158696e-05, 1.67557118402e-05, 1.44274135891e-05, 1.55653724505e-05, 1.69620361703e-05, 1.92522766156e-05, 1.51348303916e-05, 1.41490290844e-05, 1.39624726216e-05, 8.0514982983e-06, 7.96837412054e-06, 6.86899284119e-06, 4.75564365843e-06, 6.16951137999e-06, 5.58364172321e-06, 4.3203099267e-06, 6.90909018886e-06, 2.99803355119e-06, 1.64912000855e-06, 5.85347486037e-08, 4.30078916924e-10, 4.38515473933e-10, 4.39915187611e-10, 4.3273412631e-10, 4.25130264325e-10, 4.19415169262e-10, 4.1100836623e-10, 4.05405320425e-10, 3.99697025477e-10, 3.95244587059e-10, 3.93332089121e-10],
        "mean": [0.00031558185583, 0.000963919388596, 0.000977363088168, 0.000746061385144, 0.000584482040722, 0.000391872483306, 0.000258739921264, 0.000203693300136, 0.000214626052184, 0.000334989104886, 0.000364305858966, 0.000355410389602, 0.000434355577454, 0.000357656157576, 0.000369283778127, 0.000246033858275, 0.000138186238473, 0.000219200330321, 0.000287945411401, 0.000282098713797, 0.000225650277571, 9.44256244111e-05, 8.13592341729e-05, 0.000153775035869, 0.000156293914188, 0.000285730639007, 0.000468964572065, 0.000227944343351, 0.000194600666873, 0.000181721989065, 0.00015575819998, 0.000185445547686, 0.000104740669485, 0.000137197799631, 0.000155523317517, 0.000103444741399, 9.43776758504e-05, 0.000180971095688, 0.00018190247647, 5.86694150115e-05, 9.14189804462e-05, 9.60880352068e-05, 6.40957659925e-05, 5.58564825042e-05, 9.99941985356e-05, 8.68097122293e-05, 5.55909646209e-05, 6.88271466061e-05, 5.79914012633e-05, 2.63952406385e-05, 2.53694615822e-05, 2.71465305559e-05, 2.50959838013e-05, 1.87616678886e-05, 1.74262477231e-05, 1.62264132086e-05, 1.81515333679e-05, 1.44101559272e-05, 1.32734676299e-05, 2.52490754065e-05, 1.74254455487e-05, 2.06857966987e-05, 1.01084478956e-05, 1.02119438452e-05, 1.38860696097e-05, 1.12432107926e-05, 6.95413928042e-06, 1.28194205899e-05, 1.52211687237e-05, 6.99923020875e-06, 5.51318271391e-06, 7.87617318565e-06, 4.4837297537e-06, 4.11583187088e-06, 3.28687997353e-06, 3.80605547434e-06, 2.49189361057e-06, 3.09214988192e-06, 3.73626266992e-06, 2.27998111768e-06, 2.04693537853e-06, 2.68732947006e-06, 2.10355779018e-06, 1.74101012362e-06, 2.01925172405e-06, 2.41279735747e-06, 2.0528495952e-06, 1.74981789769e-06, 1.36413484597e-06, 1.15530360745e-06, 1.27650582726e-06, 1.04858872874e-06, 9.10183302949e-07, 7.6309885344e-07, 8.98884536582e-07, 7.953950103e-07, 8.1113756778e-07, 7.40858467907e-07, 7.17527143479e-07, 5.46583294181e-07, 5.08530376919e-07, 4.91153969051e-07, 4.96589507293e-07, 4.72672695651e-07, 5.17648857112e-07, 4.49927767932e-07, 3.30975439056e-07, 3.47324231598e-07, 2.9638124488e-07, 2.6017488608e-07, 2.66505253421e-07, 1.96431429345e-07, 1.79567635428e-07, 1.5305933232e-07, 1.29306570784e-07, 6.5333487953e-08, 1.23605170543e-09, 4.44385543988e-12, 3.42890342855e-12, 3.33672239144e-12, 3.24871986951e-12, 3.17741753048e-12, 3.11304064124e-12, 3.04977527607e-12, 2.97223855771e-12, 2.88083424303e-12, 2.82530531089e-12, 2.80523824656e-12],
        "min": [3.67044675903e-12, 3.13326621593e-12, 4.79428866398e-12, 4.97860867116e-12, 3.66594688633e-12, 3.20850724461e-12, 3.80113128473e-12, 4.5627720352e-12, 3.76372197297e-12, 3.69827649407e-12, 6.04760122189e-12, 6.65105340594e-12, 7.16720346267e-12, 8.66139538563e-12, 1.05998517255e-11, 1.23238303243e-11, 2.08587921241e-11, 3.24434437649e-11, 3.81171795516e-11, 4.10820440166e-11, 3.70245500925e-11, 3.35952550501e-11, 3.67310418192e-11, 3.68653163552e-11, 3.64938253228e-11, 5.79806341827e-11, 4.8249654272e-11, 3.05188235794e-11, 2.31537879147e-11, 2.96398391941e-11, 3.93324470216e-11, 2.1126964761e-11, 2.07887648068e-11, 4.56114243597e-11, 9.03602470625e-11, 1.01482586223e-10, 1.0637905834e-10, 8.51593656703e-11, 4.87745573097e-11, 5.40415177885e-11, 2.51615256408e-11, 1.29592361148e-11, 1.37754269797e-11, 1.94987723884e-11, 2.53903738312e-11, 1.8687797837e-11, 1.08993604073e-11, 1.95634012462e-11, 4.59353527438e-11, 2.73784883653e-11, 1.52577880885e-11, 6.36915867269e-11, 6.80749137616e-11, 3.81649885306e-11, 2.26874040388e-11, 1.42328432026e-11, 8.97515308601e-12, 6.93567425714e-12, 3.73289550312e-12, 1.68813975385e-12, 2.51913160471e-12, 3.95485684132e-12, 2.29464884594e-12, 1.00789222888e-12, 8.06820647618e-13, 4.88966506174e-13, 1.33558181875e-12, 1.40296747744e-12, 4.06426601358e-13, 3.45665770313e-13, 4.40068446093e-13, 1.04260426247e-12, 1.40507213069e-12, 6.98796814684e-13, 8.62425419707e-13, 8.42660956204e-13, 3.48050662726e-13, 7.25039277748e-13, 3.49708055482e-13, 2.14844689348e-13, 2.20882651904e-13, 3.67859524309e-13, 4.45363743714e-13, 2.8556768495e-13, 2.62259615066e-13, 2.60078986342e-13, 2.77998381693e-13, 2.72877017206e-13, 3.11406011654e-13, 2.47135347126e-13, 1.72093161119e-13, 1.66893368157e-13, 2.40489485964e-13, 2.24984771481e-13, 2.60330548351e-13, 2.64600299137e-13, 2.85473359361e-13, 1.8564292356e-13, 1.22802199724e-13, 1.04333703406e-13, 7.71565903074e-14, 7.93509206368e-14, 5.71272291082e-14, 4.17089966894e-14, 6.3754015088e-14, 5.32416755269e-14, 9.15797182554e-14, 1.0219972248e-13, 8.92021509826e-14, 8.82825239236e-14, 4.33732368597e-14, 7.09044097307e-14, 7.2808946372e-14, 1.11219064828e-13, 6.94346788182e-14, 5.62642550009e-14, 4.6859455064e-14, 6.41834201347e-14, 6.47384232268e-14, 6.6129529153e-14, 5.30878916131e-14, 6.76743546184e-14, 6.82806540258e-14, 3.6846973362e-14, 2.70378981519e-14, 9.01748565141e-15, 5.85586698964e-16, 3.37478704963e-17],
        "stdev": [0.00062107515987, 0.0015878182603, 0.00171614694409, 0.00137098832056, 0.00109170388896, 0.00071758532431, 0.000502457725815, 0.000389858527342, 0.000402612669859, 0.00077702983981, 0.000896291458048, 0.000938887242228, 0.00212258496322, 0.000951758411247, 0.000685929087922, 0.000465140532469, 0.000392357324017, 0.00128266913816, 0.00131961388979, 0.00215101917274, 0.00119189813267, 0.000194714244572, 0.000144014615216, 0.000341287464835, 0.000262677378487, 0.000485265627503, 0.00121434789617, 0.000431658903835, 0.000435304449638, 0.000332428870024, 0.000294456403935, 0.00033964717295, 0.000211479331483, 0.000375010858988, 0.000694586371537, 0.000565671478398, 0.000704628939275, 0.0012528229272, 0.00156134762801, 0.000106203267933, 0.000208994693821, 0.00030756520573, 0.000126598097268, 0.000152307155076, 0.000455835368484, 0.000358787452569, 0.000162108932273, 0.000142796066939, 0.000150484193, 7.4622235843e-05, 3.91952708014e-05, 5.41760527994e-05, 4.88268960908e-05, 2.62006160483e-05, 2.93434695777e-05, 2.84312609438e-05, 2.79430350929e-05, 2.59306107182e-05, 2.08621368074e-05, 5.20691501151e-05, 2.93370958389e-05, 6.73987015034e-05, 1.60678409884e-05, 1.79051512532e-05, 3.10911527777e-05, 4.74249973195e-05, 1.43261386256e-05, 3.13178752549e-05, 3.28336500388e-05, 1.88080139196e-05, 9.10344351723e-06, 1.35706704896e-05, 7.13951430953e-06, 7.55337623559e-06, 5.13368058819e-06, 1.33223975354e-05, 4.70534632768e-06, 1.02682088254e-05, 1.84169257409e-05, 3.89138313039e-06, 3.85151997762e-06, 5.63649382457e-06, 4.04296588385e-06, 3.03351362163e-06, 3.66589392797e-06, 6.1291448219e-06, 3.51890048478e-06, 2.68179792329e-06, 2.12554027712e-06, 1.97794452106e-06, 2.03411082111e-06, 1.73971261574e-06, 1.60562785823e-06, 1.15402019674e-06, 1.67824521213e-06, 1.55673205882e-06, 1.87455430023e-06, 1.68371514064e-06, 1.60340414368e-06, 1.18980199204e-06, 1.16359217373e-06, 1.24279620195e-06, 1.26010195345e-06, 1.18842024222e-06, 1.23629433801e-06, 1.09052189146e-06, 7.57299631005e-07, 7.55760936499e-07, 6.33454533272e-07, 5.33774823452e-07, 6.25379016128e-07, 4.80192454688e-07, 4.34158351936e-07, 4.22285665991e-07, 3.25203359353e-07, 1.72262161868e-07, 3.94411436844e-09, 1.73204419557e-11, 1.58371926684e-11, 1.58290151819e-11, 1.55550867326e-11, 1.52738308112e-11, 1.50555973938e-11, 1.47570358711e-11, 1.45541790425e-11, 1.4353664958e-11, 1.41977514814e-11, 1.41278976365e-11]
    },
    "mfcc": {
        "mean": [-648.472961426, 103.531829834, -39.8939933777, -5.0035533905, -13.9561281204, -2.87051939964, -4.19268321991, 4.90407943726, -2.00101399422, 2.9427754879, -3.53071331978, -4.64383172989, -4.37778425217],
        "cov": [[5170.58105469, 220.609588623, 2056.01733398, 1268.76916504, 601.063537598, 401.087402344, 337.947967529, -0.573225200176, -5.64732027054, 151.233444214, 135.953536987, 115.451148987, 282.751342773], [220.609588623, 518.16973877, 304.486602783, 308.604766846, 115.215606689, 128.404678345, 125.307678223, 31.6405715942, 33.2110862732, 26.1926898956, 8.74796676636, 25.1487998962, 38.0869979858], [2056.01733398, 304.486602783, 2092.74487305, 1173.05908203, 597.137390137, 413.139129639, 314.110626221, -31.0012779236, 32.0742950439, 41.4902877808, 93.7891082764, 146.248458862, 265.758026123], [1268.76916504, 308.604766846, 1173.05908203, 897.98449707, 391.063293457, 277.412109375, 227.005081177, 20.8965320587, 46.1399879456, 70.1360015869, 56.054813385, 67.3521728516, 150.728500366], [601.063537598, 115.215606689, 597.137390137, 391.063293457, 283.672058105, 147.105560303, 100.285003662, 1.05511617661, 17.3985862732, 20.5580825806, 26.0572185516, 9.0368309021, 50.6805458069], [401.087402344, 128.404678345, 413.139129639, 277.412109375, 147.105560303, 225.916503906, 169.233825684, 53.9062690735, 36.1945457458, 23.9828968048, 52.8335838318, 35.4661750793, 53.1437797546], [337.947967529, 125.307678223, 314.110626221, 227.005081177, 100.285003662, 169.233825684, 221.2631073, 86.8867340088, 64.7616195679, 45.9696426392, 55.9199523926, 38.9472923279, 55.6531257629], [-0.573225200176, 31.6405715942, -31.0012779236, 20.8965320587, 1.05511617661, 53.9062690735, 86.8867340088, 115.586608887, 68.9674224854, 47.1215591431, 42.7164230347, 13.146241188, 7.7952003479], [-5.64732027054, 33.2110862732, 32.0742950439, 46.1399879456, 17.3985862732, 36.1945457458, 64.7616195679, 68.9674224854, 119.952827454, 67.3752288818, 40.9351997375, 24.5242671967, 9.47611808777], [151.233444214, 26.1926898956, 41.4902877808, 70.1360015869, 20.5580825806, 23.9828968048, 45.9696426392, 47.1215591431, 67.3752288818, 105.330299377, 50.6882133484, 21.992149353, 16.5913143158], [135.953536987, 8.74796676636, 93.7891082764, 56.054813385, 26.0572185516, 52.8335838318, 55.9199523926, 42.7164230347, 40.9351997375, 50.6882133484, 83.5745010376, 40.7586135864, 25.2709465027], [115.451148987, 25.1487998962, 146.248458862, 67.3521728516, 9.0368309021, 35.4661750793, 38.9472923279, 13.146241188, 24.5242671967, 21.992149353, 40.7586135864, 94.3262710571, 69.2502593994], [282.751342773, 38.0869979858, 265.758026123, 150.728500366, 50.6805458069, 53.1437797546, 55.6531257629, 7.7952003479, 9.47611808777, 16.5913143158, 25.2709465027, 69.2502593994, 112.25945282]],
        "icov": [[0.000358832738129, 0.000102694451925, -0.000290532625513, -0.0001526807755, 4.9944872444e-05, 8.79066501511e-05, -0.000103505386505, -9.54454444582e-05, 0.00052181299543, -0.000580681895372, -0.00010774211114, 0.000268920732196, -0.00015193480067], [0.000102694451925, 0.00278007797897, 0.000469485239591, -0.00148473493755, 0.000112333967991, -0.000527185271494, -0.000859706022311, 0.000239171029534, -4.02707737521e-05, -7.21245087334e-05, 0.0010897081811, -0.00093454105081, 0.000633910996839], [-0.000290532625513, 0.000469485239591, 0.00323734409176, -0.00238737277687, -0.00223482050933, -0.000583154789638, -0.000694606162142, 0.00233729463071, -0.00100436876528, 0.0020391899161, -0.000875232333783, -0.00134470546618, -0.00160898489412], [-0.0001526807755, -0.00148473493755, -0.00238737277687, 0.00650025159121, -0.00236284011044, -0.000748980673961, -0.000121839642816, -0.000777137058321, 0.000597259378992, -0.00305713224225, 0.00187369983178, 0.00100701197516, -0.00129362312146], [4.9944872444e-05, 0.000112333967991, -0.00223482050933, -0.00236284011044, 0.0120198102668, -0.00271153915673, 0.00152380461805, 0.000233691593166, -0.000935283431318, -0.000101682031527, -0.00101245648693, 0.00411314610392, 0.00116936536506], [8.79066501511e-05, -0.000527185271494, -0.000583154789638, -0.000748980673961, -0.00271153915673, 0.0149078154936, -0.00817321799695, -0.00120493338909, 0.0013109453721, 0.00295948749408, -0.00395242543891, -0.000692724075634, 0.00141497922596], [-0.000103505386505, -0.000859706022311, -0.000694606162142, -0.000121839642816, 0.00152380461805, -0.00817321799695, 0.0152497319505, -0.0064429952763, -0.00170434510801, -0.000315819343086, 3.33305906679e-05, 0.00104127672967, -0.00203039566986], [-9.54454444582e-05, 0.000239171029534, 0.00233729463071, -0.000777137058321, 0.000233691593166, -0.00120493338909, -0.0064429952763, 0.0206220243126, -0.00733759906143, 0.00022671718034, -0.00470044277608, 0.00260311085731, -0.00206521572545], [0.00052181299543, -4.02707737521e-05, -0.00100436876528, 0.000597259378992, -0.000935283431318, 0.0013109453721, -0.00170434510801, -0.00733759906143, 0.0183682572097, -0.00908274203539, 0.00169397227, -0.00398829719052, 0.00330203794874], [-0.000580681895372, -7.21245087334e-05, 0.0020391899161, -0.00305713224225, -0.000101682031527, 0.00295948749408, -0.000315819343086, 0.00022671718034, -0.00908274203539, 0.0214410480112, -0.00985092762858, 0.00152062810957, -0.0015726267593], [-0.00010774211114, 0.0010897081811, -0.000875232333783, 0.00187369983178, -0.00101245648693, -0.00395242543891, 3.33305906679e-05, -0.00470044277608, 0.00169397227, -0.00985092762858, 0.0258184634149, -0.00996256340295, 0.00374245410785], [0.000268920732196, -0.00093454105081, -0.00134470546618, 0.00100701197516, 0.00411314610392, -0.000692724075634, 0.00104127672967, 0.00260311085731, -0.00398829719052, 0.00152062810957, -0.00996256340295, 0.0270031895489, -0.0150579540059], [-0.00015193480067, 0.000633910996839, -0.00160898489412, -0.00129362312146, 0.00116936536506, 0.00141497922596, -0.00203039566986, -0.00206521572545, 0.00330203794874, -0.0015726267593, 0.00374245410785, -0.0150579540059, 0.0229738429189]]
    },
    "spectral_contrast_coeffs": {
        "max": [-0.262423396111, -0.416881144047, -0.494986474514, -0.560583472252, -0.608728647232, -0.654353380203],
        "mean": [-0.727648258209, -0.761003792286, -0.754037320614, -0.794182956219, -0.784511566162, -0.755496680737],
        "min": [-0.935170352459, -0.978207707405, -0.949848651886, -0.930392980576, -0.912845492363, -0.889268994331],
        "stdev": [0.0876338854432, 0.0640451461077, 0.0679653137922, 0.0542563572526, 0.0392516814172, 0.0341353453696]
    },
    "spectral_contrast_valleys": {
        "max": [-5.12389850616, -4.88791370392, -5.62254428864, -6.08546066284, -5.9589600563, -8.53165626526],
        "mean": [-7.88580703735, -6.83071565628, -6.83700990677, -7.13556861877, -7.4497590065, -10.4267463684],
        "min": [-14.5147533417, -13.1079063416, -13.1705875397, -13.4259490967, -14.4498405457, -17.1461849213],
        "stdev": [1.80786037445, 0.721193909645, 0.603454291821, 0.568224906921, 0.586102366447, 0.92950719595]
    }
},
"rhythm": {
    "beats_count": 49,
    "beats_loudness": {
        "max": 0.131100818515,
        "mean": 0.0227092411369,
        "min": 0.00145293457899,
        "stdev": 0.0219802353531
    },
    "bpm": 136.788482666,
    "bpm_histogram_first_peak_bpm": 136,
    "bpm_histogram_first_peak_weight": 0.458333313465,
    "bpm_histogram_second_peak_bpm": 178,
    "bpm_histogram_second_peak_spread": 0,
    "bpm_histogram_second_peak_weight": 0.208333328366,
    "danceability": 1.08437359333,
    "onset_rate": 2.99245452881,
    "beats_loudness_band_ratio": {
        "max": [0.599624931812, 0.74114626646, 0.457960247993, 0.749774873257, 0.410853415728, 0.171730399132],
        "mean": [0.172798752785, 0.131301239133, 0.211158245802, 0.319741427898, 0.147663906217, 0.0469213835895],
        "min": [0.000214229163248, 0.00133436452597, 0.0301785767078, 0.0296795945615, 0.0168998874724, 0.00747362850234],
        "stdev": [0.194930717349, 0.159390181303, 0.120403051376, 0.196405276656, 0.0966597869992, 0.035595394671]
    },
    "beats_position": [0.441179126501, 0.882358253002, 1.3235373497, 1.75310659409, 2.18267560005, 2.62385487556, 3.05342388153, 3.48299312592, 3.92417216301, 4.3653512001, 4.80653047562, 5.25931978226, 5.71210861206, 6.15328788757, 6.59446716309, 7.03564596176, 7.46521520615, 7.89478445053, 8.31274318695, 8.74231243134, 9.17188167572, 9.61306095123, 10.0310201645, 10.47219944, 10.9133787155, 11.354557991, 11.807346344, 12.1904764175, 12.5736055374, 12.9567346573, 13.3398637772, 13.6765527725, 14.0248527527, 14.361541748, 14.6982307434, 15.0349206924, 15.3716096878, 15.7199087143, 16.0682086945, 16.4165077209, 16.7531967163, 17.1014957428, 17.4381847382, 17.786485672, 18.1347846985, 18.4714736938, 18.8197727203, 19.1564617157, 19.4931507111],
