{
"metadata": {
    "version": {
        "essentia": "2.1-beta5",
        "essentia_git_sha": "Undefined",
        "extractor": "music 2.0"
    },
    "audio_properties": {
        "analysis": {
            "equal_loudness": 0,
            "length": 48.7502937317,
            "sample_rate": 44100,
            "start_time": 12.7477550507,
            "downmix": "mix"
        },
        "bit_rate": 192000,
        "length": 193.294525146,
        "lossless": 0,
        "number_channels": 2,
        "replay_gain": 1.78962516785,
        "sample_rate": 48000,
        "codec": "mp3",
        "md5_encoded": "e6dbaec3fd493f2bfbd1acad637cbfb9"
    },
    "tags": {
        "file_name": "Israel_Le_ha_amin_David D_or.mp3",
        "encoding": ["Lavf58.29.100"]
    }
},
"lowlevel": {
    "average_loudness": 0.829526364803,
    "barkbands_crest": {
        "max": 26.3474197388,
        "mean": 12.0938777924,
        "min": 2.91503071785,
        "stdev": 4.85937404633
    },
    "barkbands_flatness_db": {
        "max": 0.396432995796,
        "mean": 0.194791063666,
        "min": 0.0647850483656,
        "stdev": 0.0496368445456
    },
    "barkbands_kurtosis": {
        "max": 184.299743652,
        "mean": 3.83692789078,
        "min": -1.89007174969,
        "stdev": 11.406370163
    },
    "barkbands_skewness": {
        "max": 12.6167669296,
        "mean": 1.43916344643,
        "min": -1.16661262512,
        "stdev": 1.26768445969
    },
    "barkbands_spread": {
        "max": 81.7369842529,
        "mean": 17.3497276306,
        "min": 0.697232723236,
        "stdev": 9.31133365631
    },
    "dissonance": {
        "max": 0.499910861254,
        "mean": 0.451987683773,
        "min": 0.299809157848,
        "stdev": 0.0320182964206
    },
    "dynamic_complexity": 3.20453882217,
    "erbbands_crest": {
        "max": 30.8508415222,
        "mean": 11.0545883179,
        "min": 3.17012500763,
        "stdev": 4.32857513428
    },
    "erbbands_flatness_db": {
        "max": 0.370361983776,
        "mean": 0.231775730848,
        "min": 0.0703882500529,
        "stdev": 0.0471746511757
    },
    "erbbands_kurtosis": {
        "max": 38.8079414368,
        "mean": 0.293744117022,
        "min": -1.83212995529,
        "stdev": 2.67363357544
    },
    "erbbands_skewness": {
        "max": 5.89214897156,
        "mean": 0.445551604033,
        "min": -1.57024729252,
        "stdev": 0.830074489117
    },
    "erbbands_spread": {
        "max": 138.527404785,
        "mean": 31.2882041931,
        "min": 4.78180646896,
        "stdev": 13.5360527039
    },
    "hfc": {
        "max": 123.002944946,
        "mean": 14.1331949234,
        "min": 0.249828144908,
        "stdev": 13.5249967575
    },
    "loudness_ebu128": {
        "integrated": -26.9610557556,
        "loudness_range": 5.47786712646,
        "momentary": {
            "max": -21.1049499512,
            "mean": -28.0116882324,
            "min": -38.1891021729,
            "stdev": 3.12417650223
        },
        "short_term": {
            "max": -23.4968719482,
            "mean": -27.3693122864,
            "min": -30.5317516327,
            "stdev": 1.67668426037
        }
    },
    "melbands_crest": {
        "max": 32.0152397156,
        "mean": 15.9882659912,
        "min": 4.73733663559,
        "stdev": 6.19786214828
    },
    "melbands_flatness_db": {
        "max": 0.430442869663,
        "mean": 0.214873924851,
        "min": 0.047688562423,
        "stdev": 0.0560487657785
    },
    "melbands_kurtosis": {
        "max": 218.050521851,
        "mean": 9.41373062134,
        "min": -1.50413715839,
        "stdev": 17.5136108398
    },
    "melbands_skewness": {
        "max": 10.9838523865,
        "mean": 2.2303352356,
        "min": -0.0651599466801,
        "stdev": 1.47008693218
    },
    "melbands_spread": {
        "max": 121.427482605,
        "mean": 21.7901287079,
        "min": 0.746459424496,
        "stdev": 13.5485010147
    },
    "pitch_salience": {
        "max": 0.848586261272,
        "mean": 0.507513165474,
        "min": 0.0902179777622,
        "stdev": 0.133418098092
    },
    "silence_rate_20dB": {
        "max": 1,
        "mean": 1,
        "min": 1,
        "stdev": 0
    },
    "silence_rate_30dB": {
        "max": 1,
        "mean": 1,
        "min": 1,
        "stdev": 0
    },
    "silence_rate_60dB": {
        "max": 1,
        "mean": 0.118039026856,
        "min": 0,
        "stdev": 0.322653323412
    },
    "spectral_centroid": {
        "max": 3396.72509766,
        "mean": 1268.29174805,
        "min": 283.277069092,
        "stdev": 517.992736816
    },
    "spectral_complexity": {
        "max": 38,
        "mean": 12.1499290466,
        "min": 1,
        "stdev": 5.47261953354
    },
    "spectral_decrease": {
        "max": -1.11222253629e-10,
        "mean": -3.9842316113e-09,
        "min": -3.37552883423e-08,
        "stdev": 3.55912410654e-09
    },
    "spectral_energy": {
        "max": 0.13128605485,
        "mean": 0.0163193475455,
        "min": 0.000445879151812,
        "stdev": 0.0144294621423
    },
    "spectral_energyband_high": {
        "max": 0.00303225941025,
        "mean": 0.000181093404535,
        "min": 1.40185341024e-06,
        "stdev": 0.000308464543195
    },
    "spectral_energyband_low": {
        "max": 0.0278700012714,
        "mean": 0.00122617476154,
        "min": 5.63565947687e-07,
        "stdev": 0.00330634461716
    },
    "spectral_energyband_middle_high": {
        "max": 0.0444350987673,
        "mean": 0.00458867335692,
        "min": 4.13974375988e-05,
        "stdev": 0.00506691029295
    },
    "spectral_energyband_middle_low": {
        "max": 0.126438945532,
        "mean": 0.010487546213,
        "min": 0.000185310433153,
        "stdev": 0.0111757609993
    },
    "spectral_entropy": {
        "max": 8.64604187012,
        "mean": 7.17338609695,
        "min": 5.49542665482,
        "stdev": 0.418714076281
    },
    "spectral_flux": {
        "max": 0.27187693119,
        "mean": 0.0668958425522,
        "min": 0.00956129375845,
        "stdev": 0.0376299470663
    },
    "spectral_kurtosis": {
        "max": 23.8505535126,
        "mean": 6.47483062744,
        "min": -1.09195864201,
        "stdev": 3.31627488136
    },
    "spectral_rms": {
        "max": 0.0113174179569,
        "mean": 0.0036472696811,
        "min": 0.000659548386466,
        "stdev": 0.00161825702526
    },
    "spectral_rolloff": {
        "max": 11240.3320312,
        "mean": 1597.50732422,
        "min": 86.1328125,
        "stdev": 1070.08740234
    },
    "spectral_skewness": {
        "max": 3.77420568466,
        "mean": 1.85680246353,
        "min": 0.382105350494,
        "stdev": 0.435747861862
    },
    "spectral_spread": {
        "max": 19135944,
        "mean": 3686677.25,
        "min": 2072623.375,
        "stdev": 1210190.375
    },
    "spectral_strongpeak": {
        "max": 11.250629425,
        "mean": 1.20236992836,
        "min": 0,
        "stdev": 1.06413447857
    },
    "zerocrossingrate": {
        "max": 0.3251953125,
        "mean": 0.0547892935574,
        "min": 0.0087890625,
        "stdev": 0.0257100015879
    },
    "barkbands": {
        "max": [0.00365387275815, 0.0265405718237, 0.00687988428399, 0.0133480392396, 0.105577908456, 0.0894760936499, 0.0459530651569, 0.042713496834, 0.0429994650185, 0.0202812589705, 0.0190055929124, 0.00910937972367, 0.00711748702452, 0.0284539759159, 0.00517289061099, 0.0098356436938, 0.0296101868153, 0.0098768081516, 0.00508674094453, 0.000944471103139, 0.00132665259298, 0.001351710991, 0.000675157876685, 0.000607323308941, 0.00213086651638, 4.0140503188e-06, 9.61985392678e-07],
        "mean": [0.000109279651952, 0.000853862322401, 0.00018351394101, 0.000204522613785, 0.0014528890606, 0.00420369533822, 0.00198471383192, 0.0014001930831, 0.00107091828249, 0.000790278078057, 0.000531435129233, 0.00028308853507, 0.000391476758523, 0.000487252778839, 0.00030008808244, 0.00033881913987, 0.000536026374903, 0.000747847545426, 0.000251853140071, 2.76771825156e-05, 2.77574727079e-05, 4.10443535657e-05, 3.97164258175e-05, 2.22987291636e-05, 3.90421046177e-05, 5.04634805054e-08, 1.85722826007e-09],
        "min": [8.87668516469e-09, 6.68042474672e-08, 2.64938133654e-08, 4.71959396009e-08, 3.53499103767e-07, 1.74013221113e-05, 2.41448742599e-06, 1.17680986023e-06, 2.55628651757e-06, 2.65994822257e-06, 8.73719216088e-07, 2.8495683182e-06, 1.59980800163e-06, 1.82944620519e-06, 1.23834524857e-06, 8.43657403493e-07, 9.13725045848e-07, 1.47738319356e-06, 1.06633387986e-06, 3.13398260232e-07, 1.14666505624e-07, 2.40530852125e-07, 2.36574493329e-07, 1.48772130615e-07, 1.63406483011e-07, 1.80735662547e-10, 2.10099784792e-10],
        "stdev": [0.000348074216163, 0.00277045415714, 0.000545897695702, 0.000756913621444, 0.00381372403353, 0.0083748716861, 0.00387174380012, 0.00402585370466, 0.00277532474138, 0.00167124799918, 0.00155459716916, 0.000667004147545, 0.000787685276009, 0.00136844010558, 0.000547571573406, 0.000826809206046, 0.00162990915123, 0.00123087200336, 0.000450080289738, 5.65479058423e-05, 6.35706674075e-05, 7.70696424297e-05, 6.63892642478e-05, 4.9855789257e-05, 0.0001120192901, 1.98567974508e-07, 2.97052711318e-08]
    },
    "erbbands": {
        "max": [0.963675260544, 5.2147192955, 6.00239419937, 29.787191391, 77.5927886963, 367.463378906, 758.242858887, 867.700561523, 662.786376953, 795.010253906, 1011.39080811, 718.878723145, 441.322845459, 650.590270996, 577.880249023, 229.308456421, 367.418029785, 1375.578125, 336.100006104, 707.105285645, 622.88067627, 1985.97119141, 703.093200684, 306.140136719, 112.899871826, 42.327331543, 49.1227531433, 45.8074226379, 55.6184921265, 39.8701324463, 15.5366449356, 12.1168651581, 11.832616806, 25.8201255798, 19.4954414368, 1.22483789921, 0.0299279112369, 0.00177098193672, 0.000206405617064, 0.000146387610584],
        "mean": [0.0338512212038, 0.15557128191, 0.198385775089, 0.525978505611, 1.58160328865, 5.47547101974, 18.248468399, 39.2408981323, 26.7307662964, 35.2713317871, 29.7020454407, 21.70079422, 25.0224533081, 27.3399295807, 16.3115253448, 10.1840362549, 16.0893287659, 24.4809761047, 17.3638553619, 19.2587051392, 20.7331790924, 31.6857814789, 40.3897743225, 25.3215351105, 6.19123077393, 1.45332348347, 1.08797287941, 1.14673602581, 1.37914204597, 1.68113422394, 0.905973672867, 0.534358203411, 0.380841463804, 0.477111846209, 0.238286539912, 0.0123831797391, 0.00035124423448, 2.78876432276e-05, 1.25327105707e-05, 2.02273677132e-05],
        "min": [2.14442843571e-06, 1.17939325719e-05, 6.6654283728e-05, 0.000248296186328, 0.00228108931333, 0.0169191341847, 0.0383897610009, 0.138370960951, 0.0685356035829, 0.129043698311, 0.107754141092, 0.0756635442376, 0.134885549545, 0.122084908187, 0.0965333729982, 0.170129716396, 0.121963277459, 0.163207918406, 0.113148711622, 0.0614803396165, 0.0573723502457, 0.0779249146581, 0.0779740586877, 0.0857330709696, 0.0456520095468, 0.0156938936561, 0.00711832242087, 0.00574233476073, 0.00882476009429, 0.00812294799834, 0.00573417777196, 0.00386025500484, 0.00222529587336, 0.00180397531949, 0.000961901969276, 5.14242019563e-05, 2.39457517637e-06, 4.35048434611e-07, 3.59589591881e-07, 5.33525224e-07],
        "stdev": [0.111382961273, 0.530441701412, 0.528568029404, 1.7711751461, 4.29636335373, 14.5865888596, 50.5606803894, 81.6246948242, 47.5682907104, 82.7710342407, 84.5929031372, 51.6504669189, 40.1393508911, 59.693157196, 43.3739738464, 17.6090240479, 30.94414711, 66.8857498169, 27.9912643433, 41.8406562805, 48.1844406128, 94.6744766235, 69.8189544678, 38.260433197, 9.98785877228, 2.76533293724, 2.4206366539, 2.64921355247, 2.87511515617, 2.94110488892, 1.56155478954, 1.15453124046, 0.854820311069, 1.2227768898, 0.846996426582, 0.0445681214333, 0.00116055016406, 7.83853174653e-05, 1.44616451507e-05, 1.76636749529e-05]
    },
    "gfcc": {
        "mean": [-66.1748428345, 100.395561218, -164.892333984, 15.1985311508, -85.3712539673, -2.02507138252, -61.9223747253, 7.67681455612, -18.2157840729, -11.2152290344, 1.53012871742, -2.58906531334, 2.26183342934],
        "cov": [[2998.62719727, -415.05291748, 154.016357422, 330.673034668, 153.508071899, 389.620483398, 72.2058792114, 356.48223877, 53.4119987488, 157.863204956, 56.6034240723, -73.7731781006, -278.70489502], [-415.05291748, 756.075805664, 302.963684082, -3.48758149147, 129.535964966, 104.512924194, 256.509765625, -64.3737792969, -70.8201065063, -73.2279129028, 79.8313980103, -129.126174927, -13.7958679199], [154.016357422, 302.963684082, 781.104492188, 308.737915039, 85.5141296387, 315.014373779, 118.58694458, 18.6065578461, -110.941230774, 56.8816871643, -14.5338754654, -115.177940369, -54.0501174927], [330.673034668, -3.48758149147, 308.737915039, 515.360534668, 170.521881104, 200.825256348, 47.1990852356, 35.7976036072, 100.017051697, 70.5985946655, 7.5947136879, -4.05396127701, 9.17649173737], [153.508071899, 129.535964966, 85.5141296387, 170.521881104, 198.15335083, 105.974098206, 44.2734222412, 47.6952133179, 47.2649383545, 33.9437713623, 32.7119827271, -20.1747570038, -20.0569725037], [389.620483398, 104.512924194, 315.014373779, 200.825256348, 105.974098206, 447.02142334, 248.442733765, 105.181999207, -57.9058570862, 106.294433594, 43.2435340881, -119.304153442, -94.5215530396], [72.2058792114, 256.509765625, 118.58694458, 47.1990852356, 44.2734222412, 248.442733765, 331.161499023, 70.0621490479, -44.3696174622, 30.7176971436, 91.4131469727, -79.2784347534, -40.6454315186], [356.48223877, -64.3737792969, 18.6065578461, 35.7976036072, 47.6952133179, 105.181999207, 70.0621490479, 160.51600647, 9.46098136902, 51.3114624023, 36.3368606567, -20.2476596832, -64.5055847168], [53.4119987488, -70.8201065063, -110.941230774, 100.017051697, 47.2649383545, -57.9058570862, -44.3696174622, 9.46098136902, 215.237686157, 46.776184082, 17.3438739777, 90.4206695557, 87.1150283813], [157.863204956, -73.2279129028, 56.8816871643, 70.5985946655, 33.9437713623, 106.294433594, 30.7176971436, 51.3114624023, 46.776184082, 123.486541748, 27.840379715, -3.31556987762, -3.38583636284], [56.6034240723, 79.8313980103, -14.5338754654, 7.5947136879, 32.7119827271, 43.2435340881, 91.4131469727, 36.3368606567, 17.3438739777, 27.840379715, 118.728736877, 19.5225028992, 1.77258706093], [-73.7731781006, -129.126174927, -115.177940369, -4.05396127701, -20.1747570038, -119.304153442, -79.2784347534, -20.2476596832, 90.4206695557, -3.31556987762, 19.5225028992, 159.17414856, 99.0349502563], [-278.70489502, -13.7958679199, -54.0501174927, 9.17649173737, -20.0569725037, -94.5215530396, -40.6454315186, -64.5055847168, 87.1150283813, -3.38583636284, 1.77258706093, 99.0349502563, 182.649230957]],
        "icov": [[0.000586260808632, 0.000503155402839, -0.000209905861993, -1.60009767569e-05, -0.000229167751968, -0.000234547449509, 2.18582972593e-05, -0.00059917580802, -0.000468176818686, 0.000454189954326, -0.000403492507758, 0.000171189778484, 0.000660792167764], [0.000503155402839, 0.0104132480919, -0.00625243410468, 0.00537675525993, -0.00984091870487, 0.00495129544288, -0.00889448262751, 0.00622576242313, -0.00482794735581, 0.00639478350058, -0.00436039222404, 0.00647517247126, 8.76426711329e-05], [-0.000209905861993, -0.00625243410468, 0.00636477209628, -0.00481305411085, 0.00619698502123, -0.00420539919287, 0.00577808870003, -0.00357388914563, 0.00472478196025, -0.00416092947125, 0.00269711343572, -0.00328706461005, -0.000713943445589], [-1.60009767569e-05, 0.00537675525993, -0.00481305411085, 0.00745162507519, -0.00747062871233, 0.00127580913249, -0.00428778352216, 0.00411642575637, -0.00504701491445, 0.00382558186539, -0.00162595289294, 0.00260124402121, 5.96846530243e-06], [-0.000229167751968, -0.00984091870487, 0.00619698502123, -0.00747062871233, 0.0177924782038, -0.00618961080909, 0.00975959002972, -0.00744396587834, 0.00280636618845, -0.00451780157164, 0.0014354090672, -0.00432994775474, 0.000321289757267], [-0.000234547449509, 0.00495129544288, -0.00420539919287, 0.00127580913249, -0.00618961080909, 0.011732683517, -0.00988369993865, 0.0027088993229, -0.000110360619146, -0.00254002865404, 0.000375000934582, 0.003793629352, 0.000801722169854], [2.18582972593e-05, -0.00889448262751, 0.00577808870003, -0.00428778352216, 0.00975959002972, -0.00988369993865, 0.0164726264775, -0.00713797984645, 0.00327751040459, -0.00166155479383, -0.00228962861001, -0.00247972202487, -0.00183875812218], [-0.00059917580802, 0.00622576242313, -0.00357388914563, 0.00411642575637, -0.00744396587834, 0.0027088993229, -0.00713797984645, 0.0151818152517, -0.00353234144859, 0.00105031044222, -0.00281412806362, 0.00211647571996, 0.0032332141418], [-0.000468176818686, -0.00482794735581, 0.00472478196025, -0.00504701491445, 0.00280636618845, -0.000110360619146, 0.00327751040459, -0.00353234144859, 0.0130430059507, -0.00741618219763, 0.00295236520469, -0.00532601354644, -0.00319359567948], [0.000454189954326, 0.00639478350058, -0.00416092947125, 0.00382558186539, -0.00451780157164, -0.00254002865404, -0.00166155479383, 0.00105031044222, -0.00741618219763, 0.0187948010862, -0.00632472662255, 0.00530965812504, -0.000988866668195], [-0.000403492507758, -0.00436039222404, 0.00269711343572, -0.00162595289294, 0.0014354090672, 0.000375000934582, -0.00228962861001, -0.00281412806362, 0.00295236520469, -0.00632472662255, 0.0163133721799, -0.00732576893643, 0.00107153609861], [0.000171189778484, 0.00647517247126, -0.00328706461005, 0.00260124402121, -0.00432994775474, 0.003793629352, -0.00247972202487, 0.00211647571996, -0.00532601354644, 0.00530965812504, -0.00732576893643, 0.0183387007564, -0.00590343913063], [0.000660792167764, 8.76426711329e-05, -0.000713943445589, 5.96846530243e-06, 0.000321289757267, 0.000801722169854, -0.00183875812218, 0.0032332141418, -0.00319359567948, -0.000988866668195, 0.00107153609861, -0.00590343913063, 0.0121565712616]]
    },
    "melbands": {
        "max": [0.00823097489774, 0.00342610664666, 0.00494629470631, 0.013869183138, 0.0285049211234, 0.0167146567255, 0.00882989633828, 0.00928690470755, 0.00881513673812, 0.00395803991705, 0.0021815598011, 0.00256976252422, 0.00248059700243, 0.00106621370651, 0.000723723380361, 0.000832493649796, 0.00315227545798, 0.000809606863186, 0.000534154125489, 0.000896966434084, 0.000825724098831, 0.00255383737385, 0.000837154744659, 0.000709300395101, 0.000302842410747, 0.000199749338208, 4.55320769106e-05, 2.11338174267e-05, 3.29253380187e-05, 3.28690912283e-05, 3.05111989292e-05, 3.7223475374e-05, 2.47287516686e-05, 2.26182055485e-05, 9.0687744887e-06, 1.04958717202e-05, 7.32645821699e-06, 1.07967662188e-05, 1.72210147866e-05, 2.26485735766e-05],
        "mean": [0.000273531273706, 0.000137116934638, 0.000114268150355, 0.000235632629483, 0.000565724563785, 0.000846359529532, 0.000421689561335, 0.000380330515327, 0.000223843788262, 0.000138231174788, 0.000127334409626, 0.000114296824904, 6.25606116955e-05, 3.22634296026e-05, 2.85967325908e-05, 4.23176825279e-05, 4.6225173719e-05, 2.91072647087e-05, 2.65695543931e-05, 2.39493256231e-05, 2.45915907726e-05, 3.54622352461e-05, 2.78940060525e-05, 3.85597741115e-05, 1.93530122488e-05, 6.98941630617e-06, 1.37935069233e-06, 7.60447676385e-07, 7.34620300591e-07, 5.60845194286e-07, 7.02118995832e-07, 7.92823698248e-07, 8.13371229924e-07, 9.69636516857e-07, 5.32718729573e-07, 4.07853804063e-07, 2.90030016004e-07, 2.480023511e-07, 3.26647892734e-07, 4.32042526199e-07],
        "min": [3.67765053966e-08, 4.14958556405e-08, 8.16739031961e-08, 7.23507795897e-08, 1.07973278318e-06, 3.30396733261e-06, 6.73415172514e-07, 3.42757857652e-07, 4.54206912082e-07, 3.61317432862e-07, 6.65764218866e-07, 2.30302077853e-07, 2.30141623092e-07, 2.54933155475e-07, 1.29541589899e-07, 2.10159214475e-07, 2.16400152908e-07, 1.24021653392e-07, 7.97685899556e-08, 7.82509914643e-08, 5.24692360671e-08, 5.38454720811e-08, 7.40895700346e-08, 6.45546904821e-08, 7.16389365607e-08, 3.36465575401e-08, 1.58192143829e-08, 7.24866744406e-09, 4.19653467532e-09, 2.11820494478e-09, 2.99398350556e-09, 3.62752428096e-09, 4.89418550131e-09, 3.64609742398e-09, 3.23762194832e-09, 2.38126585117e-09, 1.46568046588e-09, 1.30351718308e-09, 1.26357968533e-09, 1.37270750322e-09],
        "stdev": [0.000878180901054, 0.000371317088138, 0.000340837956173, 0.000561078544706, 0.00148259685375, 0.00169169541914, 0.000725197605789, 0.000887106871232, 0.000680088356603, 0.000315219978802, 0.000215341322473, 0.000251270917943, 0.000176727597136, 8.83990069269e-05, 6.73903778079e-05, 8.27617404866e-05, 0.000146214966662, 5.96810969e-05, 5.27235097252e-05, 6.3524232246e-05, 6.5175430791e-05, 0.00011440840899, 6.08157024544e-05, 6.76475319779e-05, 3.25567125401e-05, 1.37042525239e-05, 2.69391330221e-06, 1.5509883724e-06, 1.81043594694e-06, 1.41472219184e-06, 1.64031575878e-06, 1.78175059773e-06, 1.49423442508e-06, 1.7640702481e-06, 9.64983655649e-07, 9.10341952931e-07, 6.65161678626e-07, 6.50334868624e-07, 7.47008243707e-07, 1.18838090657e-06]
    },
    "melbands128": {
        "max": [0.00308539508842, 0.0082596456632, 0.0137563021854, 0.00741308089346, 0.00360060599633, 0.00408245949075, 0.0066890809685, 0.00599314365536, 0.00959798321128, 0.011008432135, 0.0262561589479, 0.0497546568513, 0.0314386039972, 0.0421864017844, 0.0291829984635, 0.0267613660544, 0.0217815451324, 0.011203750968, 0.0173966661096, 0.0138416271657, 0.0127519350499, 0.0142603395507, 0.0128919929266, 0.0177534557879, 0.00625837687403, 0.00692512886599, 0.00691341236234, 0.00238482141867, 0.00518909143284, 0.00559075595811, 0.00545074418187, 0.00534128258005, 0.00434909714386, 0.00396492192522, 0.00290246726945, 0.00118070549797, 0.00122060161084, 0.00143703317735, 0.00183778069913, 0.00114798557479, 0.00178084545769, 0.00163667753804, 0.00261026946828, 0.00767132546753, 0.00154982623644, 0.000991580891423, 0.000591107935179, 0.000958201824687, 0.000721860735212, 0.00272985897027, 0.00134596647695, 0.00136124377605, 0.00137728406116, 0.00153720425442, 0.00337724713609, 0.00509500829503, 0.00324538885616, 0.00109286559746, 0.00136503623798, 0.00181064615026, 0.00126473023556, 0.000851231161505, 0.000627690402325, 0.000563939218409, 0.000759077491239, 0.000272880890407, 0.00010273657972, 3.91992580262e-05, 5.79536645091e-05, 5.74767400394e-05, 1.89217753359e-05, 1.77148467628e-05, 3.61937891284e-05, 5.08526391059e-05, 4.1472580051e-05, 3.21191873809e-05, 3.70624329662e-05, 3.2372543501e-05, 3.41947343259e-05, 4.59342700196e-05, 3.63805011148e-05, 4.89307822136e-05, 3.86842657463e-05, 3.6160385207e-05, 2.0028632207e-05, 2.83074859908e-05, 3.3584976336e-05, 1.66352601809e-05, 1.03518705146e-05, 9.75042439677e-06, 1.95365610125e-05, 2.23594925046e-05, 9.34486070037e-06, 1.49711577251e-05, 7.91478396422e-06, 2.11075384868e-05, 1.13434225568e-05, 6.61564945403e-06, 8.79413892108e-06, 3.433582242e-05, 2.81157881545e-05, 2.57094488916e-05, 2.01810071303e-05, 3.22648229485e-05, 3.54247240466e-05, 1.9152814275e-05, 6.51151594866e-06, 1.53990072249e-07, 5.67239588634e-09, 5.60314328268e-09, 5.43807354703e-09, 5.32641886153e-09, 5.17543519152e-09, 5.03427788345e-09, 4.86797446797e-09, 4.73778305476e-09, 4.5900696577e-09, 4.47528991643e-09, 4.35337410565e-09, 4.25285184846e-09, 4.17122247853e-09, 4.08023925758e-09, 4.00674293743e-09, 3.92955001871e-09, 3.87412013581e-09, 3.82188236614e-09, 3.79663589456e-09, 3.77788955674e-09],
        "mean": [8.83410684764e-05, 0.000288106530206, 0.000371604925022, 0.000214504427277, 9.61507394095e-05, 9.90790504147e-05, 0.000102848935057, 0.000103305013909, 0.000149029321619, 0.00021173049754, 0.000301122694509, 0.000400811841246, 0.000611196504906, 0.000787623750512, 0.00101395242382, 0.00085047876928, 0.000433182023698, 0.000295826583169, 0.000461101095425, 0.000419446616434, 0.000323476357153, 0.000324414926581, 0.000183897238458, 0.000183600030141, 0.000103385580587, 0.000148774604895, 0.000145583107951, 9.7651471151e-05, 0.000151525833644, 0.00010957451741, 0.000112194109533, 0.000103116792161, 4.76079621876e-05, 4.38549323007e-05, 4.98222616443e-05, 1.95764878299e-05, 1.87559671758e-05, 3.38582394761e-05, 3.23157364619e-05, 2.60687138507e-05, 5.24147035321e-05, 5.30416473339e-05, 4.3682721298e-05, 4.3077612645e-05, 4.64514414489e-05, 2.17281685764e-05, 1.44560781337e-05, 3.29538161168e-05, 2.55971262959e-05, 2.64690806944e-05, 2.47246916842e-05, 2.18170371227e-05, 1.93859832507e-05, 2.46704366873e-05, 3.80923556804e-05, 4.20896030846e-05, 3.07168120344e-05, 1.47051996464e-05, 2.90738571493e-05, 4.89595149702e-05, 3.94079434045e-05, 3.52574825229e-05, 1.97804929485e-05, 1.62236701726e-05, 1.47202936205e-05, 6.56527436149e-06, 2.96290181723e-06, 1.41161228839e-06, 1.07650089376e-06, 1.18097420909e-06, 5.87769761751e-07, 7.31467878268e-07, 7.2631638659e-07, 8.69549978688e-07, 4.89524040859e-07, 5.26848907612e-07, 6.35920628156e-07, 5.80139953854e-07, 7.06592743427e-07, 8.07891126442e-07, 8.70088911142e-07, 7.54615484766e-07, 6.72670523727e-07, 7.67407129842e-07, 8.97255517884e-07, 1.24920336475e-06, 9.1669073754e-07, 6.76132003719e-07, 5.03710452904e-07, 4.27052725627e-07, 4.02453622428e-07, 4.72059412004e-07, 2.92381344025e-07, 2.99333237308e-07, 2.57016068872e-07, 2.75600172017e-07, 2.4349509431e-07, 2.04258668646e-07, 2.7359357091e-07, 4.56453165043e-07, 3.98999645768e-07, 4.23521584025e-07, 4.58231284028e-07, 4.42675855084e-07, 2.88650227276e-07, 1.88524950318e-07, 4.26279846977e-08, 2.33026042906e-09, 1.21022610336e-11, 1.05299024708e-11, 1.00311712062e-11, 1.00257241745e-11, 1.02161395663e-11, 9.91521621752e-12, 9.70708582959e-12, 9.53633266104e-12, 9.22426024452e-12, 1.01542732556e-11, 9.79051648781e-12, 7.94074528354e-12, 7.73553530259e-12, 7.60100489494e-12, 7.52131169846e-12, 7.34598493146e-12, 6.91784607029e-12, 6.22266604564e-12, 5.85158961217e-12, 5.77525917714e-12],
        "min": [5.62745072763e-10, 7.2526127326e-09, 2.98017344136e-09, 3.20775872531e-09, 1.37621825047e-08, 1.26008128376e-08, 9.30010823907e-09, 1.5593366598e-08, 4.17370209504e-08, 2.82291470199e-08, 6.86173038389e-08, 9.20337015486e-08, 7.03584603912e-08, 1.03137540464e-06, 2.08454207495e-06, 6.7210959287e-07, 4.01275769946e-07, 1.75765165977e-07, 9.56587626888e-08, 6.76346374462e-08, 5.17516340892e-08, 3.83425486916e-08, 1.31969841277e-07, 4.65088945134e-08, 2.12260388821e-07, 2.1672904893e-07, 1.36684278118e-07, 1.70395750843e-07, 4.69707366335e-08, 1.72693091827e-07, 4.45571259888e-08, 3.4566163265e-08, 2.4674511323e-08, 7.86882026205e-08, 4.73157371061e-08, 9.53727123942e-08, 5.42808109572e-08, 2.76947371702e-08, 2.57936747516e-08, 4.88029385792e-08, 5.38536930605e-08, 6.06754610999e-08, 2.23465992377e-08, 6.09590387057e-08, 3.72418540451e-08, 7.36060030704e-08, 3.49799904598e-08, 4.99320336189e-08, 4.04955642352e-08, 2.77557656858e-08, 2.10259472055e-08, 5.40551994277e-08, 4.38724896412e-08, 2.23671605681e-08, 3.58398182243e-08, 2.51879122004e-08, 4.21776995552e-08, 2.39296671367e-08, 4.02948323597e-08, 6.02695990892e-08, 2.76506053609e-08, 2.53441978515e-08, 3.00869302805e-08, 4.59105571338e-08, 3.41956649663e-08, 1.55929544832e-08, 1.36084876701e-08, 1.17677148026e-08, 1.00215968857e-08, 3.51652928998e-09, 3.98117183664e-09, 3.51790863107e-09, 3.23139026648e-09, 1.31104338497e-09, 1.75394943014e-09, 2.53622545188e-09, 1.27766974778e-09, 1.04467379192e-09, 2.07581396516e-09, 2.79189471541e-09, 2.87837997881e-09, 3.57929730299e-09, 2.24306839769e-09, 3.7038336842e-09, 2.17555617965e-09, 2.63754573737e-09, 2.04220751421e-09, 1.37666489319e-09, 1.19747178839e-09, 1.50280032862e-09, 1.10223785654e-09, 1.22664434166e-09, 5.48146084078e-10, 8.08258515672e-10, 9.22848852891e-10, 9.90380111254e-10, 9.11737574327e-10, 6.30284380243e-10, 9.2228269466e-10, 1.27902621827e-09, 1.11071629671e-09, 8.31808510959e-10, 8.2234558052e-10, 7.3603367845e-10, 5.80419157181e-10, 4.26164464828e-10, 6.43488387575e-11, 1.22079549161e-12, 5.97203818516e-13, 6.67038039387e-13, 7.15090150722e-13, 7.09032713184e-13, 6.39383999305e-13, 6.14251379795e-13, 5.3962455164e-13, 5.69619601053e-13, 6.0703753222e-13, 6.56359244299e-13, 4.86656396605e-13, 7.12469742491e-13, 6.72523506069e-13, 6.93931945326e-13, 6.16918571349e-13, 5.68423780267e-13, 5.02918019729e-13, 1.68901690052e-13, 2.25210170337e-14, 4.84106804987e-16],
        "stdev": [0.000301857769955, 0.00097788090352, 0.00129633874167, 0.000738127506338, 0.000279454019619, 0.000306877511321, 0.000394683709601, 0.000396394112613, 0.00050266663311, 0.00054803583771, 0.000931118964218, 0.0015389759792, 0.00212932378054, 0.00255029578693, 0.00252458872274, 0.00209074071608, 0.00123354257084, 0.00074272218626, 0.00124928692821, 0.00133420957718, 0.00105305574834, 0.00119223608635, 0.000778002722654, 0.00098656245973, 0.00035035124165, 0.00039890370681, 0.000394549570046, 0.000202823488507, 0.000431137857959, 0.000338301673764, 0.000368603825336, 0.000370430818293, 0.000232793725445, 0.000199033558602, 0.000187151119462, 6.04336128163e-05, 5.28959171788e-05, 8.78315113368e-05, 0.000129802341689, 8.01626738394e-05, 0.000144527541124, 0.000143447163282, 0.000168807673617, 0.00029792485293, 0.000123586884001, 5.45344701095e-05, 4.02202203986e-05, 8.59336505528e-05, 6.54440300423e-05, 0.00012082709145, 8.9440276497e-05, 8.03746806923e-05, 6.94080736139e-05, 9.16477220017e-05, 0.000169281702256, 0.00018087530043, 0.000177041176357, 4.89005360578e-05, 9.53883572947e-05, 0.000127585517475, 9.91589840851e-05, 9.14737247513e-05, 4.83562616864e-05, 4.58512622572e-05, 3.8259102439e-05, 1.73062526301e-05, 7.69576854509e-06, 2.74163130598e-06, 2.76923037745e-06, 4.18327044827e-06, 1.25104929793e-06, 1.4390340084e-06, 1.84063844699e-06, 2.66440360974e-06, 1.38651000725e-06, 1.33565060878e-06, 1.80470567557e-06, 1.62891728905e-06, 1.72418185684e-06, 2.02825731321e-06, 2.01137982003e-06, 2.16469197767e-06, 1.70519615494e-06, 1.66218046616e-06, 1.70744817751e-06, 2.71517433248e-06, 1.91952540263e-06, 1.39501764806e-06, 1.05473429812e-06, 8.73862120443e-07, 9.39932363053e-07, 1.47520381688e-06, 7.09594871751e-07, 8.04757746664e-07, 6.43868304451e-07, 9.18892226309e-07, 6.96209042417e-07, 4.74483925927e-07, 6.04095760082e-07, 1.32762215799e-06, 1.1283693766e-06, 1.35869140649e-06, 1.47472610479e-06, 1.82581482022e-06, 1.31199317366e-06, 7.4043305176e-07, 1.80314572162e-07, 8.98830432305e-09, 1.75965353399e-10, 1.72953609767e-10, 1.68004402057e-10, 1.64403921032e-10, 1.59844970593e-10, 1.55446697181e-10, 1.50416026856e-10, 1.46295545123e-10, 1.41791078878e-10, 1.38436206942e-10, 1.34679115082e-10, 1.31311336804e-10, 1.2878904887e-10, 1.26016419522e-10, 1.23692070475e-10, 1.21348819881e-10, 1.19644030794e-10, 1.18088719359e-10, 1.17293244561e-10, 1.1671999478e-10]
    },
    "mfcc": {
        "mean": [-691.503173828, 121.872695923, -24.4727725983, 1.01697814465, -4.32624053955, -22.9007492065, -21.9966259003, -0.808032214642, -15.5178337097, -14.1629190445, 6.76141500473, -11.9076337814, -4.77780580521],
        "cov": [[2922.02734375, -614.72644043, 62.1058959961, 71.277130127, 212.802810669, 62.128326416, 165.505523682, 176.400894165, 50.0593414307, 233.354827881, 315.805175781, 93.6655960083, 16.1706943512], [-614.72644043, 749.970275879, 122.591499329, -54.2058639526, -79.8689041138, 28.9148807526, 211.585021973, 11.541390419, -74.7418899536, 15.6959171295, 21.0446357727, -2.76816558838, -125.017349243], [62.1058959961, 122.591499329, 719.433898926, 138.767333984, 104.839828491, 258.783172607, 290.921875, 16.6553401947, 17.5690135956, 162.863311768, -27.5922241211, 93.7229995728, -71.829750061], [71.277130127, -54.2058639526, 138.767333984, 297.273101807, 161.65486145, 88.6458358765, -42.5198669434, 26.9938411713, 48.1164550781, 19.4774742126, -32.4160041809, 21.6402740479, 78.8651123047], [212.802810669, -79.8689041138, 104.839828491, 161.65486145, 261.025268555, 63.1527671814, -26.5473041534, 6.7710647583, 42.5594024658, 33.4645652771, 11.9617700577, 22.5024547577, 50.3994064331], [62.128326416, 28.9148807526, 258.783172607, 88.6458358765, 63.1527671814, 279.344146729, 185.091751099, 39.3228912354, 49.3125762939, 152.589904785, -12.2267427444, 70.3568572998, 7.33071231842], [165.505523682, 211.585021973, 290.921875, -42.5198669434, -26.5473041534, 185.091751099, 491.843139648, 80.9779815674, -39.2122993469, 210.435287476, 96.3304901123, 86.7249298096, -119.256721497], [176.400894165, 11.541390419, 16.6553401947, 26.9938411713, 6.7710647583, 39.3228912354, 80.9779815674, 123.361831665, 8.21318054199, 43.4197235107, 53.9080505371, 19.2884235382, -2.21387195587], [50.0593414307, -74.7418899536, 17.5690135956, 48.1164550781, 42.5594024658, 49.3125762939, -39.2122993469, 8.21318054199, 115.634536743, 36.0583305359, -47.8132324219, 23.6118831635, 62.9047012329], [233.354827881, 15.6959171295, 162.863311768, 19.4774742126, 33.4645652771, 152.589904785, 210.435287476, 43.4197235107, 36.0583305359, 246.450775146, 52.0499725342, 78.0300140381, -15.8452196121], [315.805175781, 21.0446357727, -27.5922241211, -32.4160041809, 11.9617700577, -12.2267427444, 96.3304901123, 53.9080505371, -47.8132324219, 52.0499725342, 203.447982788, 12.6262578964, -58.108833313], [93.6655960083, -2.76816558838, 93.7229995728, 21.6402740479, 22.5024547577, 70.3568572998, 86.7249298096, 19.2884235382, 23.6118831635, 78.0300140381, 12.6262578964, 97.8411712646, 24.4998722076], [16.1706943512, -125.017349243, -71.829750061, 78.8651123047, 50.3994064331, 7.33071231842, -119.256721497, -2.21387195587, 62.9047012329, -15.8452196121, -58.108833313, 24.4998722076, 174.810852051]],
        "icov": [[0.000619114201982, 0.000550768570974, -8.47927221912e-05, 5.88704715483e-05, -0.000313640135573, 0.000270021322649, -0.000173565815203, -0.000453692075098, -0.000183129741345, -0.00026673998218, -0.000746841542423, -4.17339324486e-05, 2.94760047836e-05], [0.000550768570974, 0.00220579002053, -9.43942941376e-05, -0.000172443687916, 2.63370857283e-05, 0.000286882568616, -0.000992508721538, -0.000309379305691, 0.000238133594394, 0.000203494171728, -0.000363856204785, 5.16444670211e-05, 0.000669481523801], [-8.47927221912e-05, -9.43942941376e-05, 0.00299928383902, -0.00117077212781, -0.000538047461305, -0.00146548333578, -0.00106289680116, 0.000831810815725, 0.000149232437252, 0.000222059490625, 0.00115021434613, -0.00137834378984, 0.0017448766157], [5.88704715483e-05, -0.000172443687916, -0.00117077212781, 0.00667981989682, -0.00311025045812, -0.00110203633085, 0.00120857579168, -0.00203058519401, 0.000508232682478, 0.00014566880418, 0.000382054888178, 0.000635726551991, -0.00201348564588], [-0.000313640135573, 2.63370857283e-05, -0.000538047461305, -0.00311025045812, 0.00665889773518, -0.000332123425324, 0.000527213967871, 0.00130025367253, -0.00105798128061, -7.94107836555e-05, -0.00144449912477, 9.83169084066e-05, -0.000420247175498], [0.000270021322649, 0.000286882568616, -0.00146548333578, -0.00110203633085, -0.000332123425324, 0.00842702202499, -0.0018365533324, -0.000754389388021, -0.0016666976735, -0.00259099015966, 0.000841236265842, -0.000258274871157, -0.000764160999097], [-0.000173565815203, -0.000992508721538, -0.00106289680116, 0.00120857579168, 0.000527213967871, -0.0018365533324, 0.00658895540982, -0.00219162344001, 0.00222396408208, -0.0028370465152, -0.000368200126104, -0.0020016101189, 0.00181723898277], [-0.000453692075098, -0.000309379305691, 0.000831810815725, -0.00203058519401, 0.00130025367253, -0.000754389388021, -0.00219162344001, 0.0116070862859, -0.00201539718546, 0.000883358647116, -0.00254704919644, 0.000259197608102, -0.000690475397278], [-0.000183129741345, 0.000238133594394, 0.000149232437252, 0.000508232682478, -0.00105798128061, -0.0016666976735, 0.00222396408208, -0.00201539718546, 0.0144475828856, -0.00293888710439, 0.00337258959189, -0.00121038174257, -0.00228868238628], [-0.00026673998218, 0.000203494171728, 0.000222059490625, 0.00014566880418, -7.94107836555e-05, -0.00259099015966, -0.0028370465152, 0.000883358647116, -0.00293888710439, 0.00959310121834, -0.00153116055299, -0.00255036749877, 0.000178565183887], [-0.000746841542423, -0.000363856204785, 0.00115021434613, 0.000382054888178, -0.00144449912477, 0.000841236265842, -0.000368200126104, -0.00254704919644, 0.00337258959189, -0.00153116055299, 0.00916575081646, -0.00122035783716, 0.00207229494117], [-4.17339324486e-05, 5.16444670211e-05, -0.00137834378984, 0.000635726551991, 9.83169084066e-05, -0.000258274871157, -0.0020016101189, 0.000259197608102, -0.00121038174257, -0.00255036749877, -0.00122035783716, 0.0170077290386, -0.00477703753859], [2.94760047836e-05, 0.000669481523801, 0.0017448766157, -0.00201348564588, -0.000420247175498, -0.000764160999097, 0.00181723898277, -0.000690475397278, -0.00228868238628, 0.000178565183887, 0.00207229494117, -0.00477703753859, 0.0114041725174]]
    },
    "spectral_contrast_coeffs": {
        "max": [-0.289837658405, -0.395783543587, -0.537291049957, -0.59920758009, -0.539355993271, -0.658158123493],
        "mean": [-0.630265653133, -0.682483017445, -0.734038054943, -0.761792123318, -0.725012362003, -0.788821816444],
        "min": [-0.897413253784, -0.890115857124, -0.900127887726, -0.897614061832, -0.883513450623, -0.889835894108],
        "stdev": [0.117594301701, 0.090188652277, 0.0660311505198, 0.0612332969904, 0.0699796229601, 0.0382407456636]
    },
    "spectral_contrast_valleys": {
        "max": [-5.58164834976, -5.4155626297, -5.93934488297, -6.38266658783, -6.11248588562, -8.51619720459],
        "mean": [-8.3169593811, -7.02304172516, -7.73767518997, -8.00198936462, -8.32431697845, -10.7389764786],
        "min": [-10.6110563278, -8.8959646225, -9.57797241211, -10.0412721634, -10.281419754, -12.4797182083],
        "stdev": [1.04688405991, 0.534213483334, 0.59336566925, 0.517566978931, 0.592335402966, 0.773906052113]
    }
},
"rhythm": {
    "beats_count": 88,
    "beats_loudness": {
        "max": 0.0889085605741,
        "mean": 0.0207362826914,
        "min": 0.00142125692219,
        "stdev": 0.0175536181778
    },
    "bpm": 88.6012573242,
    "bpm_histogram_first_peak_bpm": 89,
    "bpm_histogram_first_peak_weight": 0.28947365284,
    "bpm_histogram_second_peak_bpm": 144,
    "bpm_histogram_second_peak_spread": 0.399999976158,
    "bpm_histogram_second_peak_weight": 0.0689655169845,
    "danceability": 1.02551341057,
    "onset_rate": 2.6865234375,
    "beats_loudness_band_ratio": {
        "max": [0.699996113777, 0.978111147881, 0.746417701244, 0.598865032196, 0.49098700285, 0.464981228113],
        "mean": [0.0838902518153, 0.360616803169, 0.303847163916, 0.124192088842, 0.145217254758, 0.0351873412728],
        "min": [0.000355590716936, 0.0104997586459, 0.0104741929099, 0.00458400463685, 0.00337995099835, 0.000871088413987],
        "stdev": [0.151932761073, 0.275912225246, 0.198527336121, 0.122472420335, 0.127116784453, 0.0707500055432]
    },
