{
"metadata": {
    "version": {
        "essentia": "2.1-beta5",
        "essentia_git_sha": "Undefined",
        "extractor": "music 2.0"
    },
    "audio_properties": {
        "analysis": {
            "equal_loudness": 0,
            "length": 50.2828102112,
            "sample_rate": 44100,
            "start_time": 142.744674683,
            "downmix": "mix"
        },
        "bit_rate": 192000,
        "length": 193.050704956,
        "lossless": 0,
        "number_channels": 2,
        "replay_gain": -9.33260345459,
        "sample_rate": 44100,
        "codec": "mp3",
        "md5_encoded": "9646101178f33f46b4ab76b9f43e26d0"
    },
    "tags": {
        "file_name": "North MacedoniaNorth MacedoniaN_Life_Tose Proeski.mp3",
        "encoding": ["Lavf58.29.100"]
    }
},
"lowlevel": {
    "average_loudness": 0.836878836155,
    "barkbands_crest": {
        "max": 25.1178569794,
        "mean": 8.23767089844,
        "min": 2.29088807106,
        "stdev": 3.94470381737
    },
    "barkbands_flatness_db": {
        "max": 0.348131209612,
        "mean": 0.128787502646,
        "min": 0.0324968993664,
        "stdev": 0.0521542094648
    },
    "barkbands_kurtosis": {
        "max": 34.3523826599,
        "mean": 0.374086260796,
        "min": -1.89708292484,
        "stdev": 2.52674937248
    },
    "barkbands_skewness": {
        "max": 5.51209545135,
        "mean": 0.585714995861,
        "min": -3.06943488121,
        "stdev": 0.807760238647
    },
    "barkbands_spread": {
        "max": 118.315956116,
        "mean": 26.526222229,
        "min": 1.3252632618,
        "stdev": 14.8554973602
    },
    "dissonance": {
        "max": 0.499983847141,
        "mean": 0.478971391916,
        "min": 0.387714028358,
        "stdev": 0.0164932366461
    },
    "dynamic_complexity": 2.47186207771,
    "erbbands_crest": {
        "max": 31.8696594238,
        "mean": 8.3851184845,
        "min": 2.44562554359,
        "stdev": 3.96263670921
    },
    "erbbands_flatness_db": {
        "max": 0.424598306417,
        "mean": 0.180415704846,
        "min": 0.0582317225635,
        "stdev": 0.0735088139772
    },
    "erbbands_kurtosis": {
        "max": 22.8395786285,
        "mean": 0.364792585373,
        "min": -1.59050142765,
        "stdev": 1.68836474419
    },
    "erbbands_skewness": {
        "max": 4.39607524872,
        "mean": 0.123307958245,
        "min": -2.83869552612,
        "stdev": 0.661691725254
    },
    "erbbands_spread": {
        "max": 112.844802856,
        "mean": 27.4364795685,
        "min": 2.70931077003,
        "stdev": 13.8871212006
    },
    "hfc": {
        "max": 198.123092651,
        "mean": 28.1151638031,
        "min": 5.49462297883e-09,
        "stdev": 23.9633846283
    },
    "loudness_ebu128": {
        "integrated": -14.8310709,
        "loudness_range": 3.60744857788,
        "momentary": {
            "max": -9.78724861145,
            "mean": -15.4164276123,
            "min": -32.1133804321,
            "stdev": 2.42038011551
        },
        "short_term": {
            "max": -11.4888362885,
            "mean": -15.0180282593,
            "min": -19.7275314331,
            "stdev": 1.47738718987
        }
    },
    "melbands_crest": {
        "max": 34.2446136475,
        "mean": 11.7769794464,
        "min": 3.18111276627,
        "stdev": 5.84319925308
    },
    "melbands_flatness_db": {
        "max": 0.333475440741,
        "mean": 0.147476270795,
        "min": 0.0126411616802,
        "stdev": 0.04711086303
    },
    "melbands_kurtosis": {
        "max": 64.3098449707,
        "mean": 3.17791700363,
        "min": -1.76189494133,
        "stdev": 6.10917663574
    },
    "melbands_skewness": {
        "max": 6.99508666992,
        "mean": 1.34218740463,
        "min": -1.40805709362,
        "stdev": 1.0344107151
    },
    "melbands_spread": {
        "max": 224.84135437,
        "mean": 35.17370224,
        "min": 1.7636654377,
        "stdev": 19.3599014282
    },
    "pitch_salience": {
        "max": 0.929137527943,
        "mean": 0.590830683708,
        "min": 0.182076856494,
        "stdev": 0.114662624896
    },
    "silence_rate_20dB": {
        "max": 1,
        "mean": 1,
        "min": 1,
        "stdev": 0
    },
    "silence_rate_30dB": {
        "max": 1,
        "mean": 1,
        "min": 1,
        "stdev": 0
    },
    "silence_rate_60dB": {
        "max": 1,
        "mean": 0.0369173958898,
        "min": 0,
        "stdev": 0.188557907939
    },
    "spectral_centroid": {
        "max": 5417.171875,
        "mean": 1865.45812988,
        "min": 430.108459473,
        "stdev": 429.876983643
    },
    "spectral_complexity": {
        "max": 51,
        "mean": 23.6234416962,
        "min": 0,
        "stdev": 8.9692773819
    },
    "spectral_decrease": {
        "max": -7.15746297786e-21,
        "mean": -4.6514920804e-09,
        "min": -2.20727134348e-08,
        "stdev": 3.21608606413e-09
    },
    "spectral_energy": {
        "max": 0.0980711579323,
        "mean": 0.0201059151441,
        "min": 5.25392229722e-13,
        "stdev": 0.0137712666765
    },
    "spectral_energyband_high": {
        "max": 0.0197724699974,
        "mean": 0.000868455099408,
        "min": 3.5302538887e-13,
        "stdev": 0.0014726530062
    },
    "spectral_energyband_low": {
        "max": 0.0496388748288,
        "mean": 0.00396425370127,
        "min": 9.40695309463e-15,
        "stdev": 0.0058250753209
    },
    "spectral_energyband_middle_high": {
        "max": 0.0914332717657,
        "mean": 0.00979232788086,
        "min": 8.61379923552e-14,
        "stdev": 0.00977556314319
    },
    "spectral_energyband_middle_low": {
        "max": 0.0461112633348,
        "mean": 0.00580306537449,
        "min": 2.13870906391e-14,
        "stdev": 0.00523953419179
    },
    "spectral_entropy": {
        "max": 8.85430717468,
        "mean": 7.75738620758,
        "min": 6.76901531219,
        "stdev": 0.333046734333
    },
    "spectral_flux": {
        "max": 0.25182646513,
        "mean": 0.0851996466517,
        "min": 5.30453326064e-05,
        "stdev": 0.0361280478537
    },
    "spectral_kurtosis": {
        "max": 25.238866806,
        "mean": 6.03579568863,
        "min": -1.30625748634,
        "stdev": 3.3671002388
    },
    "spectral_rms": {
        "max": 0.00978157296777,
        "mean": 0.00416123773903,
        "min": 2.26401812853e-08,
        "stdev": 0.00151645648293
    },
    "spectral_rolloff": {
        "max": 18561.6210938,
        "mean": 2493.07128906,
        "min": 64.599609375,
        "stdev": 1632.82495117
    },
    "spectral_skewness": {
        "max": 3.21624851227,
        "mean": 1.82900011539,
        "min": 0.129466921091,
        "stdev": 0.35586771369
    },
    "spectral_spread": {
        "max": 14788781,
        "mean": 4520677.5,
        "min": 1624462.875,
        "stdev": 2121515.25
    },
    "spectral_strongpeak": {
        "max": 14.7677717209,
        "mean": 1.32754945755,
        "min": 0,
        "stdev": 1.68226218224
    },
    "zerocrossingrate": {
        "max": 0.49267578125,
        "mean": 0.0908698812127,
        "min": 0.0234375,
        "stdev": 0.0405747406185
    },
    "barkbands": {
        "max": [0.00402281526476, 0.0470627620816, 0.0184276998043, 0.00797329843044, 0.0337446555495, 0.00978880561888, 0.0250181034207, 0.0411451719701, 0.0255884695798, 0.0337644591928, 0.0365467816591, 0.0346714742482, 0.0423474833369, 0.0145444506779, 0.0144655518234, 0.025858502835, 0.0219707340002, 0.0162516906857, 0.00987114012241, 0.00265217316337, 0.000954754417762, 0.00121372414287, 0.00165689003188, 0.00722165126354, 0.0113950101659, 0.00298983952962, 1.17018653327e-05],
        "mean": [0.000200418420718, 0.00294853025116, 0.000668830180075, 0.000285318703391, 0.000755929213483, 0.000643111707177, 0.000826369854622, 0.00139959447552, 0.00154764950275, 0.00112483371049, 0.00128361396492, 0.00116751377936, 0.000837772677187, 0.000965144485235, 0.00100221694447, 0.00111332337838, 0.00110660330392, 0.000759148504585, 0.000506134470925, 0.000142711010994, 8.06772150099e-05, 0.000101753328636, 0.000111618959636, 0.000164256707649, 0.000226201795158, 0.00013659169781, 6.83482781483e-08],
        "min": [6.32418007123e-15, 5.14676319345e-15, 9.42259144042e-16, 2.45705835032e-16, 9.51750995249e-16, 5.38693303289e-15, 8.16857737322e-15, 2.53915574818e-15, 3.84251287269e-15, 4.5496862808e-15, 3.89790586283e-15, 2.54348133369e-15, 6.19771932275e-15, 9.23492239711e-15, 6.96921641287e-15, 2.7782837371e-15, 8.54901459818e-15, 2.03083992629e-14, 1.25909228383e-14, 9.20688730062e-15, 3.19934339167e-14, 1.8361449988e-14, 3.28997117364e-14, 3.14733353583e-14, 5.98790494185e-14, 9.38894280248e-14, 9.86432683041e-14],
        "stdev": [0.000433356093708, 0.00492641609162, 0.00142005144153, 0.000590743788052, 0.00130808784161, 0.00115284812637, 0.00175933819264, 0.00277912337333, 0.00210153404623, 0.00232855114155, 0.00288182683289, 0.00187972327694, 0.00153984001372, 0.00145735614933, 0.00143536319956, 0.00199116580188, 0.00170299084857, 0.00117553444579, 0.000709519779775, 0.000214224273805, 0.000103362195659, 0.000145103796967, 0.00016106874682, 0.000378080818336, 0.00058560166508, 0.000332259893185, 4.74640444281e-07]
    },
    "erbbands": {
        "max": [1.7941519022, 10.121805191, 19.4942169189, 21.5202064514, 42.0517234802, 133.744094849, 166.131774902, 114.779426575, 307.640991211, 416.127410889, 991.740722656, 461.862518311, 1038.5916748, 1461.44873047, 1645.13208008, 507.743255615, 1989.86791992, 718.881530762, 937.265197754, 1004.09619141, 1619.99230957, 1438.80004883, 963.61138916, 704.260192871, 295.78692627, 89.9300231934, 32.3735618591, 39.2248535156, 38.5056838989, 39.3876724243, 41.3810005188, 45.1000823975, 184.324310303, 159.044998169, 62.1914672852, 23.007730484, 4.68428182602, 0.831826448441, 0.0147121576592, 0.000566679635085],
        "mean": [0.103261932731, 0.578894853592, 0.85196596384, 0.925144791603, 1.01047861576, 2.70397353172, 5.52354574203, 5.44552850723, 8.48861885071, 21.5230255127, 28.6849765778, 31.0619239807, 41.9884872437, 40.5373306274, 57.8871116638, 42.402633667, 38.2434577942, 44.0315666199, 56.6666030884, 53.7195701599, 60.7699813843, 63.7494239807, 44.2388648987, 31.8310527802, 19.9793758392, 6.19055986404, 3.42112612724, 3.28959918022, 3.37911820412, 3.56456971169, 3.07053112984, 2.99014544487, 3.05232572556, 2.62190914154, 1.56650948524, 0.747663497925, 0.208427652717, 0.0226682983339, 0.000436954054749, 4.61730778625e-05],
        "min": [2.59932944309e-13, 7.76093707529e-13, 1.123815342e-12, 1.20087284301e-12, 1.46408677282e-12, 4.61270388205e-12, 1.39740554198e-11, 5.48312541204e-11, 9.35397106994e-11, 1.16827311714e-10, 6.57244328406e-11, 9.60225718383e-11, 6.91736529168e-11, 1.7267129393e-10, 1.36048949884e-10, 1.36705827214e-10, 3.31183053204e-10, 4.86045814707e-10, 2.62559696207e-10, 3.08449848996e-10, 2.16806420039e-10, 6.04921113201e-10, 9.70143965162e-10, 8.45919279069e-10, 6.34351793316e-10, 4.0343026142e-10, 5.55081314246e-10, 1.60851998388e-09, 7.15487391556e-10, 7.52157058859e-10, 8.98214003175e-10, 8.67483418432e-10, 5.11295006334e-10, 6.65833277402e-10, 3.29820754041e-10, 3.0688387942e-10, 1.76847148037e-10, 6.89656873276e-11, 1.22964945518e-11, 1.44127949592e-12],
        "stdev": [0.185124218464, 1.02233159542, 1.59024727345, 1.85980021954, 1.92817902565, 5.20456838608, 9.7263174057, 11.1000356674, 19.033662796, 36.4882316589, 58.4881362915, 44.4131317139, 62.3092384338, 83.8355560303, 122.293869019, 57.6432266235, 68.787902832, 60.2108955383, 80.1836547852, 85.7327651978, 96.9669494629, 99.4182128906, 64.8110656738, 44.1394309998, 26.5346736908, 8.07055282593, 4.054915905, 4.52099466324, 4.85583257675, 4.83338737488, 4.38944387436, 5.00109291077, 8.58842849731, 7.43081951141, 3.79663228989, 1.69907367229, 0.543797194958, 0.0749542936683, 0.00133385276422, 6.17309124209e-05]
    },
    "gfcc": {
        "mean": [3.19868254662, 51.8895301819, -153.376708984, 6.6524977684, -54.5460243225, 20.6475849152, -43.6737289429, 27.1822834015, -21.8174057007, 4.39541053772, -17.6791572571, 6.46478939056, -13.9731884003],
        "cov": [[5414.07226562, 338.430969238, 2150.33740234, 829.904174805, 281.250366211, 280.442047119, -391.048248291, 173.392211914, -55.1705169678, 435.738494873, -29.9370002747, 109.175201416, -279.137817383], [338.430969238, 883.797851562, 445.983428955, 308.303985596, 230.662185669, 29.1389503479, 73.9723358154, 39.9751167297, 53.4611244202, 96.6270370483, 88.7076263428, 32.5209465027, 11.9306945801], [2150.33740234, 445.983428955, 2554.7878418, 880.879638672, 303.470184326, 326.359893799, -320.57019043, 179.254272461, -31.5916690826, 416.950500488, -13.6871042252, 142.535385132, -196.834030151], [829.904174805, 308.303985596, 880.879638672, 496.149017334, 173.690826416, 118.194786072, -89.5266342163, 72.5382156372, 19.9978199005, 151.153488159, 17.0033569336, 45.1342315674, -48.4523773193], [281.250366211, 230.662185669, 303.470184326, 173.690826416, 239.909835815, 102.125984192, 57.2436599731, 77.7550354004, 42.5750999451, 65.8612213135, 17.2844810486, 25.368560791, -12.4710950851], [280.442047119, 29.1389503479, 326.359893799, 118.194786072, 102.125984192, 213.677810669, 81.9272918701, 46.9883842468, 4.65304088593, 44.5607223511, 8.41187095642, 6.83763074875, -9.70025253296], [-391.048248291, 73.9723358154, -320.57019043, -89.5266342163, 57.2436599731, 81.9272918701, 277.915588379, 31.7063274384, 12.6574878693, -65.8664016724, 28.1983318329, -14.0318574905, 43.1443214417], [173.392211914, 39.9751167297, 179.254272461, 72.5382156372, 77.7550354004, 46.9883842468, 31.7063274384, 107.482086182, 40.5992584229, 41.2689590454, 4.77252721786, 14.4548492432, -22.1619472504], [-55.1705169678, 53.4611244202, -31.5916690826, 19.9978199005, 42.5750999451, 4.65304088593, 12.6574878693, 40.5992584229, 90.669303894, 36.328918457, 10.2769041061, -9.13028907776, 13.8303756714], [435.738494873, 96.6270370483, 416.950500488, 151.153488159, 65.8612213135, 44.5607223511, -65.8664016724, 41.2689590454, 36.328918457, 143.853149414, 21.5652694702, 19.4057369232, -32.9716682434], [-29.9370002747, 88.7076263428, -13.6871042252, 17.0033569336, 17.2844810486, 8.41187095642, 28.1983318329, 4.77252721786, 10.2769041061, 21.5652694702, 75.3653488159, 28.2511367798, 17.4912872314], [109.175201416, 32.5209465027, 142.535385132, 45.1342315674, 25.368560791, 6.83763074875, -14.0318574905, 14.4548492432, -9.13028907776, 19.4057369232, 28.2511367798, 81.9299468994, 10.2712163925], [-279.137817383, 11.9306945801, -196.834030151, -48.4523773193, -12.4710950851, -9.70025253296, 43.1443214417, -22.1619472504, 13.8303756714, -32.9716682434, 17.4912872314, 10.2712163925, 93.5556106567]],
        "icov": [[0.000335619930411, -0.00011080018885, 0.000124902187963, -0.000261968438281, 5.63398425584e-05, -0.00042349123396, 0.0003940515453, -0.000343863997841, 0.00060809525894, -0.000709453597665, 0.000371752044884, -0.000280779669993, 0.000464434793685], [-0.00011080018885, 0.00272729038261, -0.00112134695519, -0.000672633235808, -0.00214148964733, 0.00301505066454, -0.00218945275992, 0.00225151865743, -0.00169394176919, 0.0013691780623, -0.0031016797293, 0.00166816834826, -0.000686075305566], [0.000124902187963, -0.00112134695519, 0.00336603587493, -0.00244431570172, 0.00109130155761, -0.00378154916689, 0.00266070943326, -0.00269550806843, 0.00396636221558, -0.00489493412897, 0.00354832294397, -0.0031432271935, 0.00158970674966], [-0.000261968438281, -0.000672633235808, -0.00244431570172, 0.00701109133661, -0.00182330969255, 0.000488437246531, 0.000420376542024, 0.000529610668309, -0.00179234694224, 0.00185749132652, -0.00174363912083, 0.00164602056611, -0.00140339939389], [5.63398425584e-05, -0.00214148964733, 0.00109130155761, -0.00182330969255, 0.00977916549891, -0.00374010717496, -0.000254735263297, -0.00375191424973, -0.000635306059849, -0.00200622528791, 0.0032207199838, -0.00305546144955, 0.00105757312849], [-0.00042349123396, 0.00301505066454, -0.00378154916689, 0.000488437246531, -0.00374010717496, 0.0134805990383, -0.00728679355234, 0.00344871496782, -0.00283474149182, 0.00309070153162, -0.00430198246613, 0.00459861801937, -0.00246692588553], [0.0003940515453, -0.00218945275992, 0.00266070943326, 0.000420376542024, -0.000254735263297, -0.00728679355234, 0.0106416046619, -0.00581582961604, 0.00395612698048, 1.46678257806e-05, 0.000120146549307, -0.000541407440323, -0.000346792396158], [-0.000343863997841, 0.00225151865743, -0.00269550806843, 0.000529610668309, -0.00375191424973, 0.00344871496782, -0.00581582961604, 0.0201069619507, -0.0109934164211, 0.00311959674582, -0.00171040056739, -0.00155905168504, 0.00380810699426], [0.00060809525894, -0.00169394176919, 0.00396636221558, -0.00179234694224, -0.000635306059849, -0.00283474149182, 0.00395612698048, -0.0109934164211, 0.0241971183568, -0.0119688771665, 0.00339243980125, 0.00186188181397, -0.00399407092482], [-0.000709453597665, 0.0013691780623, -0.00489493412897, 0.00185749132652, -0.00200622528791, 0.00309070153162, 1.46678257806e-05, 0.00311959674582, -0.0119688771665, 0.0236265044659, -0.0101499231532, 0.00419323751703, 0.000690593151376], [0.000371752044884, -0.0031016797293, 0.00354832294397, -0.00174363912083, 0.0032207199838, -0.00430198246613, 0.000120146549307, -0.00171040056739, 0.00339243980125, -0.0101499231532, 0.0242119301111, -0.010374750942, 0.000123493315186], [-0.000280779669993, 0.00166816834826, -0.0031432271935, 0.00164602056611, -0.00305546144955, 0.00459861801937, -0.000541407440323, -0.00155905168504, 0.00186188181397, 0.00419323751703, -0.010374750942, 0.020767537877, -0.00599901890382], [0.000464434793685, -0.000686075305566, 0.00158970674966, -0.00140339939389, 0.00105757312849, -0.00246692588553, -0.000346792396158, 0.00380810699426, -0.00399407092482, 0.000690593151376, 0.000123493315186, -0.00599901890382, 0.017196405679]]
    },
    "melbands": {
        "max": [0.0134850498289, 0.00802460778505, 0.0037437339779, 0.00673262728378, 0.00477574812248, 0.00272611086257, 0.00399567140266, 0.0043642767705, 0.00693666143343, 0.00291361520067, 0.00519750267267, 0.00555839715526, 0.00588615005836, 0.00405004015192, 0.00412315130234, 0.00258235144429, 0.00162376603112, 0.00154477730393, 0.00128687918186, 0.00199109967798, 0.00194643717259, 0.00173631228972, 0.000963508908171, 0.000650434405543, 0.000605546345469, 0.000451441213954, 0.000144259058288, 3.50091941073e-05, 2.47162770393e-05, 2.02403680305e-05, 2.39384735323e-05, 2.25668845815e-05, 2.85100795736e-05, 2.32031488849e-05, 1.97083172679e-05, 3.37977326126e-05, 3.6853212805e-05, 9.67795276665e-05, 0.000180202216143, 0.000123687728774],
        "mean": [0.000869740732014, 0.000544757116586, 0.000161011936143, 0.000121741948533, 0.000190027320059, 0.000119492789963, 0.000143481825944, 0.000267275492661, 0.00021441008721, 0.000215761348954, 0.000211893799133, 0.000157713700901, 0.000187107376405, 0.000144495803397, 8.88793947524e-05, 8.2719103375e-05, 8.19708075142e-05, 9.36876895139e-05, 7.59331378504e-05, 7.36356814741e-05, 6.90720917191e-05, 6.59310098854e-05, 5.23680901097e-05, 3.4077464079e-05, 2.48939759331e-05, 1.90081900655e-05, 8.73430599313e-06, 2.97968585983e-06, 2.22288440455e-06, 1.7009763269e-06, 1.98638554139e-06, 1.87364605608e-06, 2.0758861865e-06, 1.90647278941e-06, 1.62479955179e-06, 1.99041323867e-06, 1.77147842351e-06, 2.07236848837e-06, 2.23144161282e-06, 2.24842324315e-06],
        "min": [2.1750469891e-15, 7.08857309602e-16, 1.90784681953e-16, 2.32745648604e-16, 4.16213461435e-16, 1.19844214136e-15, 1.53314943393e-15, 1.10738482898e-15, 6.15884379273e-16, 5.26828658687e-16, 3.61945092826e-16, 7.31432537591e-16, 5.29312529866e-16, 2.5841146159e-16, 4.77727852801e-16, 7.5165020819e-16, 9.48160528464e-16, 3.51523358262e-16, 6.70059124271e-16, 1.38336745966e-16, 2.70794527413e-16, 5.69657662055e-16, 7.17920985654e-16, 9.70839623869e-16, 6.64872370958e-16, 5.60997014867e-16, 4.77924046807e-16, 1.71366200174e-16, 2.4877820882e-16, 4.29405099616e-16, 1.24237064643e-15, 4.14395225804e-16, 2.81305782772e-16, 4.71832344669e-16, 5.06332367188e-16, 5.23072596962e-16, 5.45552904321e-16, 3.09155140817e-16, 4.70145637373e-16, 6.30100027347e-16],
        "stdev": [0.00146705307998, 0.000902626663446, 0.000303080829326, 0.000231958329096, 0.000315068435157, 0.000238984459429, 0.0003104590578, 0.000446745601948, 0.000428185390774, 0.000301855645375, 0.00032086725696, 0.000343426101608, 0.000414713402279, 0.000236158201005, 0.000167682665051, 0.000132066939841, 0.000123320729472, 0.000145571801113, 0.000114279617264, 0.000153015047545, 0.000117385170597, 0.00010945872782, 8.62736487761e-05, 5.70815536776e-05, 3.57377502951e-05, 2.99278017337e-05, 1.38158347909e-05, 4.13907173424e-06, 2.63453534899e-06, 2.36775031226e-06, 2.86021418106e-06, 2.65348921857e-06, 3.2698785617e-06, 2.62767684944e-06, 2.2847884793e-06, 3.27960879076e-06, 3.16158843816e-06, 5.39182747161e-06, 7.65054664953e-06, 6.12086887486e-06]
    },
    "melbands128": {
        "max": [0.00361422379501, 0.0170597936958, 0.0222963914275, 0.0160978678614, 0.0104640722275, 0.00823120214045, 0.00465692486614, 0.00367539213039, 0.00382546358742, 0.00820891745389, 0.00779621303082, 0.00673505477607, 0.00838144216686, 0.00317761511542, 0.00398778449744, 0.004808511585, 0.00931721739471, 0.00497792614624, 0.0100212171674, 0.00643345341086, 0.00697016669437, 0.0147688556463, 0.00680009881034, 0.0105830784887, 0.00528939440846, 0.00570835825056, 0.00516753271222, 0.00858853664249, 0.00431142281741, 0.0106815621257, 0.0110957631841, 0.00890275277197, 0.0107206190005, 0.00738505506888, 0.00999995414168, 0.00285175419413, 0.00256859720685, 0.00458886148408, 0.0112062143162, 0.00384647282772, 0.0024814971257, 0.0020094809588, 0.00178856914863, 0.00332811451517, 0.00256199319847, 0.00321759050712, 0.00228506373242, 0.00298815267161, 0.00278486311436, 0.00351919326931, 0.00368708348833, 0.00234707817435, 0.00396383181214, 0.00274773989804, 0.00191657838877, 0.00375331286341, 0.0045826965943, 0.00268234894611, 0.00181894598063, 0.000950469169766, 0.000929952366278, 0.00132147863042, 0.000568987976294, 0.00136060349178, 0.000736621092074, 0.000914729316719, 0.000169999417267, 0.00026494479971, 0.000302375177853, 7.65116274124e-05, 5.27533084096e-05, 6.17668119958e-05, 2.21631016757e-05, 2.66396400548e-05, 4.00516983063e-05, 2.18648347072e-05, 2.83291665255e-05, 2.29480137932e-05, 3.14252356475e-05, 3.2530810131e-05, 3.41760314768e-05, 4.32482156612e-05, 3.4029915696e-05, 4.24607969762e-05, 3.31946066581e-05, 3.50942973455e-05, 3.18123602483e-05, 3.5821354686e-05, 2.04514017241e-05, 2.01325347007e-05, 4.11246037402e-05, 3.90623681596e-05, 2.7286416298e-05, 3.18766469718e-05, 7.27651276975e-05, 7.28774903109e-05, 0.000125422360725, 0.000250048498856, 0.000221524576773, 0.000180175702553, 0.000141830911161, 0.000107477666461, 0.000120537995826, 0.000134734655148, 6.81246165186e-05, 7.46258738218e-05, 7.64532815083e-05, 6.14528908045e-05, 3.107770317e-05, 2.71110329777e-05, 2.61470959231e-05, 2.34525887208e-05, 2.089499867e-05, 2.34266099142e-05, 1.41561449709e-05, 1.77756592166e-05, 8.92214529813e-07, 7.16318915295e-09, 1.43637757244e-09, 1.35964484116e-09, 1.28783472775e-09, 1.23933352469e-09, 1.18922105496e-09, 1.15643661314e-09, 1.13093334697e-09, 1.1093258534e-09, 1.09192133113e-09, 1.07945952177e-09],
        "mean": [0.000185292010428, 0.000850757409353, 0.00117459578905, 0.000890271330718, 0.000504523166455, 0.000308754912112, 0.000190700448002, 0.000131706357934, 8.75197583809e-05, 9.52897098614e-05, 0.000150990701513, 0.000223183204071, 0.000210626953049, 0.000135107649839, 0.000130213913508, 0.000103176804259, 9.068017971e-05, 0.000146612030221, 0.000218297864194, 0.000217075779801, 0.000322227278957, 0.000337656500051, 0.000170675790287, 0.000136428730912, 0.000145902813529, 0.000287942937575, 0.000302361673675, 0.00017801541253, 0.000165569988894, 0.000151385131176, 0.000156765701831, 0.000167339778272, 0.00018383920542, 0.000208052995731, 0.000188644553418, 0.000110249726276, 9.76658266154e-05, 9.21152313822e-05, 8.27767144074e-05, 7.81908529461e-05, 9.21401078813e-05, 7.25476784282e-05, 7.01064418536e-05, 9.49597815634e-05, 9.9696640973e-05, 9.90008411463e-05, 7.5839641795e-05, 8.55174512253e-05, 6.99339070707e-05, 6.19316051598e-05, 8.33504236653e-05, 7.20111929695e-05, 7.49228711356e-05, 6.62277452648e-05, 5.83611363254e-05, 6.51065129205e-05, 7.59362446843e-05, 6.00387793384e-05, 4.54354194517e-05, 3.27791494783e-05, 3.40681544913e-05, 3.65884552593e-05, 2.27968939726e-05, 2.12072973227e-05, 2.79814375972e-05, 2.10316175071e-05, 1.18089938042e-05, 1.24637826957e-05, 8.38551932247e-06, 3.33663479068e-06, 2.70874511443e-06, 2.94549454338e-06, 2.28432509175e-06, 2.21495156438e-06, 1.95339816855e-06, 1.5283914081e-06, 1.68074109297e-06, 1.88544345292e-06, 2.09624886338e-06, 1.99796272682e-06, 2.0299200969e-06, 1.73544299287e-06, 1.63665526998e-06, 2.36343362303e-06, 2.17452748075e-06, 1.97939380087e-06, 1.85975773093e-06, 1.62706169249e-06, 1.50278492583e-06, 1.61421257872e-06, 2.18636000682e-06, 2.13031444218e-06, 1.63373056239e-06, 1.63964284638e-06, 1.96604310077e-06, 1.97668327928e-06, 2.0549614419e-06, 2.21326945393e-06, 2.36891173699e-06, 2.1524344902e-06, 2.1218436359e-06, 2.47187358582e-06, 2.11658925764e-06, 1.94923086383e-06, 1.64013727044e-06, 1.67349446656e-06, 1.52076233917e-06, 1.78759955816e-06, 1.4105273749e-06, 8.30988369671e-07, 8.83950917796e-07, 7.45302145333e-07, 5.98180577072e-07, 6.07698268595e-07, 4.17478531745e-07, 3.03168548044e-07, 8.3503950421e-09, 1.4891116118e-11, 4.27501306924e-12, 3.64408286532e-12, 3.49935900569e-12, 3.38784057231e-12, 3.28707915921e-12, 3.20894938226e-12, 3.15167553513e-12, 3.1080225199e-12, 3.07235270211e-12, 3.04862667229e-12],
        "min": [3.09098119618e-15, 2.63850170147e-15, 1.88942938511e-15, 1.11165472206e-15, 6.31718442612e-16, 4.50187317675e-16, 2.77856982248e-16, 6.26764676299e-17, 9.82284521294e-17, 3.35068260953e-16, 2.7679512057e-16, 8.04639080593e-17, 3.13301234745e-16, 9.83590751978e-16, 1.32990610169e-15, 1.23940740754e-15, 1.23949496957e-15, 1.60107988811e-15, 1.90198580152e-15, 1.4849751762e-15, 5.93393378122e-16, 2.65001404389e-16, 5.73819346683e-16, 1.03139379751e-15, 8.55331540797e-16, 2.11266970939e-16, 2.58161514078e-17, 2.05984410259e-16, 8.03920240788e-16, 9.86910803494e-16, 5.36997818615e-16, 5.80326994938e-16, 7.69355420249e-16, 2.95886872624e-16, 8.80062599986e-17, 3.24465234869e-16, 3.97198101165e-16, 4.05389836207e-16, 4.14235533624e-16, 1.13654817335e-15, 6.52269950071e-16, 4.2667114196e-16, 1.3497650009e-15, 1.00714038549e-15, 4.51774763297e-16, 1.43673172648e-16, 2.67951461326e-16, 9.37590086678e-16, 8.24522040829e-16, 1.31083338141e-16, 7.06504093256e-17, 3.57057408318e-17, 3.17671977692e-16, 3.70623421827e-16, 1.82384735624e-16, 5.98616342093e-16, 1.04254096285e-15, 2.4453505021e-16, 8.91946234008e-16, 1.06561170512e-15, 6.86655199626e-16, 1.43117206691e-15, 4.7869230569e-16, 2.96258084813e-16, 1.11398046278e-15, 6.28899199326e-16, 1.9334200677e-16, 4.26666906795e-16, 5.58821993078e-16, 5.68236234891e-16, 9.88199325895e-17, 3.74877393341e-17, 6.53188133786e-17, 2.20505863697e-16, 5.40971779566e-16, 4.73290988344e-16, 2.47921540873e-16, 6.97559584151e-16, 2.00619774733e-15, 1.08943185978e-15, 3.24053920963e-16, 2.784860895e-16, 1.43562714258e-16, 2.90017357816e-16, 3.53426482475e-16, 4.13003709491e-16, 6.07599126499e-16, 4.36098406905e-16, 5.1105685227e-16, 5.0201451086e-16, 5.96977915676e-16, 4.78068307106e-16, 4.43117424832e-16, 7.05728158136e-16, 4.94833100835e-16, 3.47437959538e-16, 3.02697599855e-16, 1.95258657041e-16, 4.74477416805e-16, 6.35728084826e-16, 3.94328988814e-16, 6.14724102954e-16, 1.08232408868e-15, 2.40736980945e-16, 1.56745498297e-16, 2.60377583879e-16, 6.64397661931e-16, 3.60985510376e-16, 5.86166175379e-16, 4.9148181498e-16, 8.18857666813e-16, 5.94653710208e-16, 3.95340372623e-16, 6.0240231467e-16, 6.29966672598e-16, 7.29884002545e-16, 6.77756218542e-16, 2.04493341104e-16, 3.78181893862e-16, 3.5101553554e-16, 3.48449343347e-16, 3.39416583998e-16, 6.9079930832e-16, 3.50672593075e-16, 2.42321303133e-16, 5.29968556883e-16, 7.45712136653e-16, 4.20398862986e-16],
        "stdev": [0.00040849254583, 0.00165185309015, 0.00211988738738, 0.00169220857788, 0.000969654764049, 0.000675997696817, 0.000416317081545, 0.000279417727143, 0.000188914535102, 0.000249018950853, 0.000337592704454, 0.000423581659561, 0.000435524358181, 0.000287601840682, 0.000308742542984, 0.000320415216265, 0.000358421966666, 0.000403789192205, 0.000556405633688, 0.000479646638269, 0.000672112917528, 0.000879348837771, 0.000451209372841, 0.000441638781922, 0.000358277116902, 0.000507772841956, 0.000439899100456, 0.000428613362601, 0.00039994699182, 0.0004454870068, 0.000443229189841, 0.00044453056762, 0.000624612614047, 0.000545618589967, 0.000465317541966, 0.000201891831239, 0.000176886227564, 0.000195115091628, 0.000304939982016, 0.000168786529684, 0.00017493305495, 0.000142765071359, 0.000134828020236, 0.000210433659959, 0.000206000739126, 0.000218820132432, 0.000146928170579, 0.000167359568877, 0.000151131651364, 0.000166680896655, 0.000264442700427, 0.000162875759997, 0.00018080548034, 0.000153917368152, 0.000120868557133, 0.000163219519891, 0.000193057509023, 0.000137048147735, 9.80956028798e-05, 6.40429061605e-05, 7.58376481826e-05, 8.38187406771e-05, 3.60897392966e-05, 4.45148471044e-05, 5.56456798222e-05, 4.66749552288e-05, 2.00001522899e-05, 2.20725705731e-05, 1.96369746845e-05, 5.10394511366e-06, 4.81209644931e-06, 5.04805757373e-06, 2.89425202027e-06, 3.20855065183e-06, 3.24699612975e-06, 2.34836420532e-06, 2.66414349426e-06, 2.95841550724e-06, 3.32666581926e-06, 3.22099549521e-06, 2.91513288175e-06, 2.96624580187e-06, 2.95344125334e-06, 4.5092469918e-06, 3.16915816256e-06, 2.8565809771e-06, 3.07650452669e-06, 2.70788450507e-06, 2.23479264605e-06, 2.31068179346e-06, 3.92681749872e-06, 3.87381169276e-06, 2.76354194284e-06, 2.97631095236e-06, 4.18165109295e-06, 4.63783044324e-06, 5.63983985558e-06, 8.42994631967e-06, 8.95414450497e-06, 7.18618002793e-06, 6.66525602355e-06, 6.81760457155e-06, 5.55875431019e-06, 5.53866630071e-06, 4.00060343964e-06, 4.54070095657e-06, 3.9191045289e-06, 4.50537163488e-06, 3.25377209265e-06, 2.00305771614e-06, 2.61328386841e-06, 1.95214147425e-06, 1.59183298365e-06, 1.88544220237e-06, 1.23292511489e-06, 1.32216860038e-06, 5.13980751293e-08, 2.19556609005e-10, 3.39795101778e-11, 2.95426252905e-11, 2.79976250517e-11, 2.69508235173e-11, 2.58736643222e-11, 2.51661781692e-11, 2.46150305e-11, 2.41491496938e-11, 2.37743835035e-11, 2.35072464966e-11]
    },
    "mfcc": {
        "mean": [-632.431274414, 95.5451583862, -38.5385093689, -7.55616855621, 5.72965860367, -8.2678155899, -3.49848365784, 12.2882928848, 1.79697179794, 3.32636713982, 5.74561929703, -2.11168813705, 0.214930817485],
        "cov": [[3676.9128418, 151.510406494, 1217.53625488, 510.180908203, 570.265197754, 178.341079712, 53.4311408997, -103.083450317, -52.2884063721, 83.2357635498, 148.949707031, 107.755729675, 105.129714966], [151.510406494, 673.45098877, 251.172988892, 276.883117676, 168.937103271, 92.831489563, 78.5559692383, 37.169380188, -5.81674718857, 72.9223403931, 69.3052444458, 22.5747127533, 64.0901184082], [1217.53625488, 251.172988892, 1907.76782227, 636.997070312, 702.696472168, 243.667709351, 84.907661438, -109.444694519, -9.91987800598, 84.3486785889, 145.48928833, 129.664413452, 97.1742630005], [510.180908203, 276.883117676, 636.997070312, 444.565490723, 319.202087402, 94.778717041, 24.3467082977, -16.111371994, 1.14536499977, 58.4373588562, 70.9362716675, 40.6106147766, 70.7244873047], [570.265197754, 168.937103271, 702.696472168, 319.202087402, 431.715393066, 106.57559967, 9.21942901611, -30.4372005463, 15.8632831573, 65.7353591919, 86.0751876831, 48.3278617859, 60.5935630798], [178.341079712, 92.831489563, 243.667709351, 94.778717041, 106.57559967, 163.3203125, 104.658485413, 27.2331066132, 35.7128257751, 46.478351593, 23.0090274811, 29.9534473419, 14.8725261688], [53.4311408997, 78.5559692383, 84.907661438, 24.3467082977, 9.21942901611, 104.658485413, 183.510986328, 85.7541809082, 34.6842918396, 29.2947883606, 24.8481578827, 21.3252010345, 6.40784168243], [-103.083450317, 37.169380188, -109.444694519, -16.111371994, -30.4372005463, 27.2331066132, 85.7541809082, 132.782028198, 45.2545967102, 0.746211886406, 15.4955291748, 10.9164686203, 0.0329528898001], [-52.2884063721, -5.81674718857, -9.91987800598, 1.14536499977, 15.8632831573, 35.7128257751, 34.6842918396, 45.2545967102, 90.5227661133, 45.5106048584, 7.09487771988, 6.65945482254, 3.03479409218], [83.2357635498, 72.9223403931, 84.3486785889, 58.4373588562, 65.7353591919, 46.478351593, 29.2947883606, 0.746211886406, 45.5106048584, 119.660400391, 46.6020965576, 0.813851296902, 13.7651872635], [148.949707031, 69.3052444458, 145.48928833, 70.9362716675, 86.0751876831, 23.0090274811, 24.8481578827, 15.4955291748, 7.09487771988, 46.6020965576, 103.194786072, 28.5435600281, 11.7260103226], [107.755729675, 22.5747127533, 129.664413452, 40.6106147766, 48.3278617859, 29.9534473419, 21.3252010345, 10.9164686203, 6.65945482254, 0.813851296902, 28.5435600281, 73.1824264526, 26.2326946259], [105.129714966, 64.0901184082, 97.1742630005, 70.7244873047, 60.5935630798, 14.8725261688, 6.40784168243, 0.0329528898001, 3.03479409218, 13.7651872635, 11.7260103226, 26.2326946259, 69.9429321289]],
        "icov": [[0.000374956143787, 0.000123266989249, -5.97225698584e-05, -0.000157876755111, -0.000236943786149, -7.42219635868e-05, -0.0001450687123, 0.000157533824677, 0.000329967850121, -7.53955828259e-05, -0.000147541199112, -0.00011576036195, -0.000130981497932], [0.000123266989249, 0.0024403994903, 0.00038399657933, -0.0017047271831, -9.57652227953e-05, -0.000591574353166, -0.000527502794284, -0.000511398364324, 0.00149904168211, -0.000900579732843, -0.00042903094436, 0.000220356596401, -0.000872390286531], [-5.97225698584e-05, 0.00038399657933, 0.0019939802587, -0.00137067108881, -0.0020541199483, -0.000389840599382, -0.00144493661355, 0.00197852309793, 5.70202500967e-05, 0.000673172064126, -0.000206153315958, -0.00136523274705, 0.000759111368097], [-0.000157876755111, -0.0017047271831, -0.00137067108881, 0.00710952840745, -0.00203658523969, -0.000168928250787, 0.00122046424076, -0.00138020783197, 0.000391740468331, -0.000424232363002, 0.000149202649482, 0.00120821408927, -0.00220783287659], [-0.000236943786149, -9.57652227953e-05, -0.0020541199483, -0.00203658523969, 0.0086822276935, -0.00242133787833, 0.00334638473578, -0.00112263392657, -0.00135123636574, -0.000226340707741, -0.00261959037744, 0.00144617748447, -0.00195579091087], [-7.42219635868e-05, -0.000591574353166, -0.000389840599382, -0.000168928250787, -0.00242133787833, 0.0147593328729, -0.00817862804979, 0.00218250579201, -0.00244792737067, -0.00225553056225, 0.00334944319911, -0.00317410728894, 0.00225266139023], [-0.0001450687123, -0.000527502794284, -0.00144493661355, 0.00122046424076, 0.00334638473578, -0.00817862804979, 0.0147218937054, -0.00865895394236, 0.00186245667282, -0.00156134692952, -0.00103906460572, 0.00101346848533, -0.00100927858148], [0.000157533824677, -0.000511398364324, 0.00197852309793, -0.00138020783197, -0.00112263392657, 0.00218250579201, -0.00865895394236, 0.0174737293273, -0.00835884083062, 0.00580480881035, -0.0036042816937, -0.00109297572635, 0.000406618608395], [0.000329967850121, 0.00149904168211, 5.70202500967e-05, 0.000391740468331, -0.00135123636574, -0.00244792737067, 0.00186245667282, -0.00835884083062, 0.0206279885024, -0.00954424031079, 0.00409838929772, -0.00213714805432, 0.000277317856671], [-7.53955828259e-05, -0.000900579732843, 0.000673172064126, -0.000424232363002, -0.000226340707741, -0.00225553056225, -0.00156134692952, 0.00580480881035, -0.00954424031079, 0.0168868862092, -0.00773642770946, 0.0045310780406, -0.00206345808692], [-0.000147541199112, -0.00042903094436, -0.000206153315958, 0.000149202649482, -0.00261959037744, 0.00334944319911, -0.00103906460572, -0.0036042816937, 0.00409838929772, -0.00773642770946, 0.0172029286623, -0.00632573058829, 0.00323771894909], [-0.00011576036195, 0.000220356596401, -0.00136523274705, 0.00120821408927, 0.00144617748447, -0.00317410728894, 0.00101346848533, -0.00109297572635, -0.00213714805432, 0.0045310780406, -0.00632573058829, 0.0210882965475, -0.00767097482458], [-0.000130981497932, -0.000872390286531, 0.000759111368097, -0.00220783287659, -0.00195579091087, 0.00225266139023, -0.00100927858148, 0.000406618608395, 0.000277317856671, -0.00206345808692, 0.00323771894909, -0.00767097482458, 0.0205074325204]]
    },
    "spectral_contrast_coeffs": {
        "max": [-0.414861917496, -0.477226406336, -0.536283612251, -0.592320144176, -0.47148758173, -0.653666377068],
        "mean": [-0.753188252449, -0.753717303276, -0.765014231205, -0.786901116371, -0.740088164806, -0.783686518669],
        "min": [-0.935082674026, -0.962184846401, -0.956971347332, -0.937229931355, -0.932124555111, -0.922047734261],
        "stdev": [0.0728814303875, 0.0721134990454, 0.0550943240523, 0.0491964034736, 0.0531886033714, 0.0393523387611]
    },
    "spectral_contrast_valleys": {
        "max": [-5.48678302765, -5.08752202988, -4.94907426834, -5.37717437744, -5.98985385895, -7.76239395142],
        "mean": [-7.66663742065, -6.90352392197, -6.80255079269, -6.9288444519, -7.46032428741, -10.0018348694],
        "min": [-19.8024768829, -18.5063076019, -19.1433887482, -19.3145980835, -18.7536582947, -20.014705658],
        "stdev": [1.45304369926, 0.704724431038, 0.691641688347, 0.604098618031, 0.604592978954, 1.02027952671]
    }
},
"rhythm": {
    "beats_count": 114,
    "beats_loudness": {
        "max": 0.0629307627678,
        "mean": 0.0249191746116,
        "min": 0.00297914934345,
        "stdev": 0.0143530126661
    },
    "bpm": 136.19241333,
    "bpm_histogram_first_peak_bpm": 136,
    "bpm_histogram_first_peak_weight": 0.149999976158,
    "bpm_histogram_second_peak_bpm": 152,
    "bpm_histogram_second_peak_spread": 0.142857134342,
    "bpm_histogram_second_peak_weight": 0.0530973449349,
    "danceability": 1.05607974529,
    "onset_rate": 3.77775502205,
    "beats_loudness_band_ratio": {
        "max": [0.771416187286, 0.382650017738, 0.454508900642, 0.956789314747, 0.605616211891, 0.26984834671],
        "mean": [0.218598470092, 0.0651218593121, 0.172461286187, 0.247158184648, 0.229930087924, 0.0869910120964],
        "min": [4.29955689469e-05, 0.000157070215209, 0.0120655335486, 0.0101703032851, 0.0208352785558, 0.0067618554458],
        "stdev": [0.221213757992, 0.0721336007118, 0.0987327247858, 0.20047955215, 0.13693472743, 0.0652664229274]
    },
