{
"metadata": {
    "version": {
        "essentia": "2.1-beta5",
        "essentia_git_sha": "Undefined",
        "extractor": "music 2.0"
    },
    "audio_properties": {
        "analysis": {
            "equal_loudness": 0,
            "length": 50.5266227722,
            "sample_rate": 44100,
            "start_time": 142.744674683,
            "downmix": "mix"
        },
        "bit_rate": 192000,
        "length": 193.294525146,
        "lossless": 0,
        "number_channels": 2,
        "replay_gain": 0.341144561768,
        "sample_rate": 48000,
        "codec": "mp3",
        "md5_encoded": "e6dbaec3fd493f2bfbd1acad637cbfb9"
    },
    "tags": {
        "file_name": "Israel_Le_ha_amin_David D_or.mp3",
        "encoding": ["Lavf58.29.100"]
    }
},
"lowlevel": {
    "average_loudness": 0.533085942268,
    "barkbands_crest": {
        "max": 24.9666557312,
        "mean": 11.255988121,
        "min": 2.4541118145,
        "stdev": 4.86199140549
    },
    "barkbands_flatness_db": {
        "max": 0.364549130201,
        "mean": 0.194856062531,
        "min": 0.0668042376637,
        "stdev": 0.0601119622588
    },
    "barkbands_kurtosis": {
        "max": 37.5518341064,
        "mean": 1.50252473354,
        "min": -1.73282670975,
        "stdev": 3.21374678612
    },
    "barkbands_skewness": {
        "max": 5.76417684555,
        "mean": 1.04150187969,
        "min": -1.05178940296,
        "stdev": 0.838542819023
    },
    "barkbands_spread": {
        "max": 41.5935211182,
        "mean": 15.8612155914,
        "min": 1.89674842358,
        "stdev": 7.21182918549
    },
    "dissonance": {
        "max": 0.500000059605,
        "mean": 0.458896279335,
        "min": 0.345410972834,
        "stdev": 0.0277817435563
    },
    "dynamic_complexity": 4.19670963287,
    "erbbands_crest": {
        "max": 30.5399799347,
        "mean": 12.2233581543,
        "min": 3.44089603424,
        "stdev": 4.91570854187
    },
    "erbbands_flatness_db": {
        "max": 0.408514142036,
        "mean": 0.253605604172,
        "min": 0.0977904722095,
        "stdev": 0.063498519361
    },
    "erbbands_kurtosis": {
        "max": 19.9656600952,
        "mean": 0.453441828489,
        "min": -1.78043198586,
        "stdev": 1.87098348141
    },
    "erbbands_skewness": {
        "max": 3.63705420494,
        "mean": 0.58786290884,
        "min": -1.88416862488,
        "stdev": 0.741691946983
    },
    "erbbands_spread": {
        "max": 81.4226913452,
        "mean": 23.325044632,
        "min": 5.05367183685,
        "stdev": 8.81593799591
    },
    "hfc": {
        "max": 104.562820435,
        "mean": 16.0525970459,
        "min": 0.0639701411128,
        "stdev": 16.4362640381
    },
    "loudness_ebu128": {
        "integrated": -25.568063736,
        "loudness_range": 8.24710464478,
        "momentary": {
            "max": -19.4300289154,
            "mean": -27.30352211,
            "min": -39.9061355591,
            "stdev": 4.0353512764
        },
        "short_term": {
            "max": -21.5327110291,
            "mean": -26.4463787079,
            "min": -33.7118911743,
            "stdev": 2.99795746803
        }
    },
    "melbands_crest": {
        "max": 31.2859764099,
        "mean": 14.9675579071,
        "min": 4.24381875992,
        "stdev": 6.03742980957
    },
    "melbands_flatness_db": {
        "max": 0.345730960369,
        "mean": 0.196388185024,
        "min": 0.0616051778197,
        "stdev": 0.0504708178341
    },
    "melbands_kurtosis": {
        "max": 59.9565620422,
        "mean": 4.73479223251,
        "min": -1.61465752125,
        "stdev": 6.32231044769
    },
    "melbands_skewness": {
        "max": 6.59811735153,
        "mean": 1.64872419834,
        "min": -0.446039915085,
        "stdev": 1.00669503212
    },
    "melbands_spread": {
        "max": 66.3530349731,
        "mean": 22.4590263367,
        "min": 2.33856630325,
        "stdev": 10.8633375168
    },
    "pitch_salience": {
        "max": 0.857229530811,
        "mean": 0.550577759743,
        "min": 0.17767034471,
        "stdev": 0.141451358795
    },
    "silence_rate_20dB": {
        "max": 1,
        "mean": 1,
        "min": 1,
        "stdev": 0
    },
    "silence_rate_30dB": {
        "max": 1,
        "mean": 1,
        "min": 1,
        "stdev": 0
    },
    "silence_rate_60dB": {
        "max": 1,
        "mean": 0.187413871288,
        "min": 0,
        "stdev": 0.39024528861
    },
    "spectral_centroid": {
        "max": 2666.30419922,
        "mean": 1426.97766113,
        "min": 505.320739746,
        "stdev": 369.121368408
    },
    "spectral_complexity": {
        "max": 30,
        "mean": 11.965089798,
        "min": 0,
        "stdev": 5.08961200714
    },
    "spectral_decrease": {
        "max": -9.88295816712e-12,
        "mean": -3.5970932899e-09,
        "min": -1.94928571062e-08,
        "stdev": 3.49222495366e-09
    },
    "spectral_energy": {
        "max": 0.0785497948527,
        "mean": 0.0150322709233,
        "min": 4.31027438026e-05,
        "stdev": 0.0145952655002
    },
    "spectral_energyband_high": {
        "max": 0.00187369890045,
        "mean": 0.000186609177035,
        "min": 7.48947513785e-07,
        "stdev": 0.000222182454308
    },
    "spectral_energyband_low": {
        "max": 0.0165238566697,
        "mean": 0.000794010004029,
        "min": 2.03057499704e-08,
        "stdev": 0.0015767099103
    },
    "spectral_energyband_middle_high": {
        "max": 0.049301289022,
        "mean": 0.00548969767988,
        "min": 3.46794149664e-05,
        "stdev": 0.00589353404939
    },
    "spectral_energyband_middle_low": {
        "max": 0.0709698051214,
        "mean": 0.00871812459081,
        "min": 8.0839772636e-06,
        "stdev": 0.0102554988116
    },
    "spectral_entropy": {
        "max": 8.36507987976,
        "mean": 7.32306814194,
        "min": 6.21540641785,
        "stdev": 0.373184412718
    },
    "spectral_flux": {
        "max": 0.252779692411,
        "mean": 0.0657305121422,
        "min": 0.00767859676853,
        "stdev": 0.039331510663
    },
    "spectral_kurtosis": {
        "max": 20.3801879883,
        "mean": 5.87880945206,
        "min": 0.46290564537,
        "stdev": 2.94838857651
    },
    "spectral_rms": {
        "max": 0.00875408109277,
        "mean": 0.00340711907484,
        "min": 0.000205064527108,
        "stdev": 0.00174847850576
    },
    "spectral_rolloff": {
        "max": 6395.36132812,
        "mean": 1712.40405273,
        "min": 86.1328125,
        "stdev": 662.817565918
    },
    "spectral_skewness": {
        "max": 3.03965091705,
        "mean": 1.77952766418,
        "min": 0.724808692932,
        "stdev": 0.342223167419
    },
    "spectral_spread": {
        "max": 7780407.5,
        "mean": 3529497.5,
        "min": 1805959.375,
        "stdev": 842611.6875
    },
    "spectral_strongpeak": {
        "max": 10.4917526245,
        "mean": 1.51026403904,
        "min": 0,
        "stdev": 1.34835112095
    },
    "zerocrossingrate": {
        "max": 0.13427734375,
        "mean": 0.0584786869586,
        "min": 0.0087890625,
        "stdev": 0.0154585596174
    },
    "barkbands": {
        "max": [0.00150686001871, 0.0156588666141, 0.00486106518656, 0.00431135389954, 0.00718514621258, 0.00903063360602, 0.0262523032725, 0.0667650848627, 0.0574307069182, 0.0202917288989, 0.00865964964032, 0.015011918731, 0.0113451341167, 0.0366973988712, 0.0264481846243, 0.0103785926476, 0.0103103527799, 0.00884436164051, 0.0030562300235, 0.000322533509461, 0.0016082735965, 0.000650376954582, 0.000750997278374, 0.000245970994001, 0.000287222210318, 6.26918108537e-07, 7.12574532713e-09],
        "mean": [7.82680799603e-05, 0.000578079081606, 9.67918967945e-05, 0.000125747450511, 0.000413103756728, 0.000219423483941, 0.00105982425157, 0.00340652978048, 0.00326320994645, 0.000888363283593, 0.000367564120097, 0.00025430158712, 0.0005110722268, 0.000698195304722, 0.00103842641693, 0.000447770988103, 0.000569966563489, 0.00062682578573, 0.000187493002159, 2.6101270123e-05, 4.76911372971e-05, 5.07937802467e-05, 3.85832572647e-05, 1.90854570974e-05, 1.9044147848e-05, 2.40128628093e-08, 7.03627989207e-10],
        "min": [1.14087864156e-10, 2.56422039158e-09, 1.95542115833e-09, 6.00497340741e-09, 3.942352933e-08, 1.00834668615e-07, 3.22226554772e-07, 5.29912426828e-07, 6.91238199124e-07, 7.01095245859e-07, 2.38776283368e-06, 4.93328343509e-07, 1.22382971313e-06, 8.71945701419e-07, 6.93625167969e-07, 1.9618096303e-06, 1.49763400259e-06, 1.21181597024e-06, 5.08535265453e-07, 2.26867641118e-07, 2.14593271153e-07, 2.07586779766e-07, 1.1420755186e-07, 4.06458013913e-08, 1.91527735893e-08, 1.31456096009e-10, 8.82839981675e-11],
        "stdev": [0.000171762207174, 0.00133637990803, 0.000270394026302, 0.000373033573851, 0.000749588303734, 0.000490169564728, 0.0024633530993, 0.00759711163118, 0.00760746560991, 0.00174887536559, 0.000706500723027, 0.00054892769549, 0.000968516629655, 0.00229967967607, 0.00272645894438, 0.000992308370769, 0.00119982950855, 0.00107977562584, 0.000298384460621, 3.51719281753e-05, 8.01945789135e-05, 7.20012685633e-05, 7.12600158295e-05, 2.57546271314e-05, 2.66870738415e-05, 5.01386239193e-08, 8.66498095498e-10]
    },
    "erbbands": {
        "max": [0.512735188007, 3.25536561012, 4.74869441986, 8.99839878082, 32.1648406982, 25.2973308563, 33.6438484192, 100.48449707, 303.966949463, 765.324645996, 1727.21447754, 1730.43249512, 494.215270996, 739.847961426, 263.262329102, 751.229675293, 262.94921875, 816.970214844, 1775.09509277, 1195.94213867, 390.581054688, 709.455505371, 617.026672363, 186.97819519, 90.1145782471, 17.6383056641, 55.5206680298, 38.033290863, 16.1008472443, 29.3539123535, 22.6001491547, 8.3618850708, 3.55468249321, 3.90240931511, 1.4070148468, 0.118452876806, 0.00256925821304, 0.000152524371515, 4.92185063194e-05, 9.30932874326e-05],
        "mean": [0.0234570838511, 0.102990850806, 0.11041906476, 0.301561594009, 0.945914745331, 1.46108329296, 1.29097306728, 2.12340569496, 7.12500572205, 38.1550712585, 86.141746521, 84.4396591187, 31.8741130829, 26.7662448883, 12.3401374817, 11.5605926514, 21.9392757416, 29.9073543549, 59.179889679, 43.5593452454, 22.3675365448, 33.2399787903, 37.62159729, 16.6873664856, 5.06913232803, 1.40571653843, 1.55348813534, 2.09518361092, 1.7990475893, 1.30535423756, 1.07500994205, 0.564219653606, 0.274342536926, 0.259149223566, 0.100409962237, 0.00602055294439, 0.000172263447894, 1.52944194269e-05, 1.05096005427e-05, 1.87802943401e-05],
        "min": [7.65682983683e-08, 9.20434445106e-07, 5.96833660893e-06, 1.66226291185e-05, 6.51796071907e-05, 0.000264445581706, 0.000453635293525, 0.00286075752228, 0.0078860046342, 0.0154196191579, 0.031987965107, 0.0338884182274, 0.0151153355837, 0.154760047793, 0.225494757295, 0.092866808176, 0.0942691341043, 0.0824811458588, 0.100617140532, 0.144576594234, 0.105595722795, 0.101667501032, 0.067766495049, 0.0352535136044, 0.016935525462, 0.0104140629992, 0.00867571868002, 0.0106845535338, 0.00725823501125, 0.00447871116921, 0.00293451594189, 0.00113564613275, 0.000506082607899, 0.000275290629361, 0.000122968733194, 1.07271744128e-05, 4.52154409913e-07, 7.99236161697e-08, 4.3798465299e-08, 5.73656393499e-08],
        "stdev": [0.0528156384826, 0.262403488159, 0.271172910929, 0.796309292316, 2.58918094635, 2.58585000038, 2.59616947174, 4.99407815933, 14.6012763977, 83.1623535156, 180.962249756, 200.253829956, 49.98853302, 57.1709785461, 20.6724338531, 24.6547679901, 37.2962837219, 62.1170845032, 181.682830811, 96.08253479, 38.6995010376, 68.0893173218, 66.8949356079, 22.8927650452, 7.10366916656, 1.74082267284, 2.75410556793, 2.99627876282, 2.37179207802, 2.34967494011, 2.09642696381, 0.86132568121, 0.36450907588, 0.37981954217, 0.146575346589, 0.0098088150844, 0.000249105360126, 1.80417628144e-05, 9.71737790678e-06, 1.80539118446e-05]
    },
    "gfcc": {
        "mean": [-77.9387664795, 78.9938278198, -191.958648682, 7.87239742279, -84.8991470337, 13.3349733353, -45.1794548035, 18.5172653198, -6.38810396194, -9.86549186707, -8.67746925354, -16.7379512787, -3.66529583931],
        "cov": [[4155.3984375, 550.147338867, 1191.49829102, 968.157531738, 484.854095459, 369.163726807, -140.722320557, 175.602310181, 52.5865364075, 209.717071533, 65.8613433838, 166.666763306, -118.834945679], [550.147338867, 1176.04846191, 1102.67138672, 623.169433594, 270.229736328, 281.391174316, 28.5081577301, -139.34362793, -151.108062744, 56.4369850159, 202.730697632, 132.466262817, 64.7304458618], [1191.49829102, 1102.67138672, 1563.28466797, 886.682678223, 310.27230835, 395.111602783, -106.113174438, -93.320930481, -226.851135254, 135.571304321, 152.822067261, 146.598464966, 26.09025383], [968.157531738, 623.169433594, 886.682678223, 680.084228516, 252.357452393, 237.762573242, -35.8251037598, -30.0709190369, -71.8654327393, 93.3061447144, 122.57358551, 132.125793457, -6.49565076828], [484.854095459, 270.229736328, 310.27230835, 252.357452393, 289.243896484, 101.36050415, -6.68023967743, 114.713829041, 112.68939209, 110.851341248, 62.6368255615, 51.5241470337, 5.30075979233], [369.163726807, 281.391174316, 395.111602783, 237.762573242, 101.36050415, 288.39050293, 139.051101685, 6.5205283165, -65.5517196655, 10.0715122223, 47.024471283, 56.020488739, 53.5223426819], [-140.722320557, 28.5081577301, -106.113174438, -35.8251037598, -6.68023967743, 139.051101685, 281.613006592, 62.5501785278, 38.5298233032, -31.6787967682, 32.8126182556, 13.4597969055, 71.5531311035], [175.602310181, -139.34362793, -93.320930481, -30.0709190369, 114.713829041, 6.5205283165, 62.5501785278, 206.539398193, 174.574295044, 71.4429702759, -15.9751081467, -19.6602020264, 12.26304245], [52.5865364075, -151.108062744, -226.851135254, -71.8654327393, 112.68939209, -65.5517196655, 38.5298233032, 174.574295044, 297.665618896, 102.805603027, -15.7434005737, -30.0417881012, 2.2647292614], [209.717071533, 56.4369850159, 135.571304321, 93.3061447144, 110.851341248, 10.0715122223, -31.6787967682, 71.4429702759, 102.805603027, 151.027770996, 66.1772766113, 27.2988586426, -18.4003429413], [65.8613433838, 202.730697632, 152.822067261, 122.57358551, 62.6368255615, 47.024471283, 32.8126182556, -15.9751081467, -15.7434005737, 66.1772766113, 220.013473511, 118.705993652, -50.2945556641], [166.666763306, 132.466262817, 146.598464966, 132.125793457, 51.5241470337, 56.020488739, 13.4597969055, -19.6602020264, -30.0417881012, 27.2988586426, 118.705993652, 149.819900513, -9.03108406067], [-118.834945679, 64.7304458618, 26.09025383, -6.49565076828, 5.30075979233, 53.5223426819, 71.5531311035, 12.26304245, 2.2647292614, -18.4003429413, -50.2945556641, -9.03108406067, 122.57674408]],
        "icov": [[0.000470106955618, -0.000221777532715, 0.000337358767865, -0.000771804479882, 0.000279329164186, -0.000670292472932, 0.000535036902875, -0.000860761734657, 0.000134763598908, -0.000249653414357, 0.000619692029431, -0.000358926336048, 0.000702412507962], [-0.000221777532715, 0.0116442600265, -0.0118797272444, 0.00527031673118, -0.0110809672624, 0.00876152422279, -0.00939726177603, 0.0140627641231, -0.00560080679134, 0.00813681911677, -0.00695202127099, 0.00280470005237, -0.00414497079328], [0.000337358767865, -0.0118797272444, 0.0169341154397, -0.0101215559989, 0.0115134334192, -0.0124376351014, 0.0127516463399, -0.0151551291347, 0.00838277023286, -0.0106044802815, 0.00579430395737, -0.000813731225207, 0.0020359500777], [-0.000771804479882, 0.00527031673118, -0.0101215559989, 0.01168793533, -0.00825076270849, 0.00551071297377, -0.00677292980254, 0.00950209237635, -0.00445735780522, 0.00502491742373, -0.00215938151814, -0.00166959990747, 2.3558652174e-05], [0.000279329164186, -0.0110809672624, 0.0115134334192, -0.00825076270849, 0.021488269791, -0.0117345536128, 0.0129325259477, -0.018333889544, 0.00203936570324, -0.00756080308929, 0.00399202294648, -0.00232810224406, 0.00200790562667], [-0.000670292472932, 0.00876152422279, -0.0124376351014, 0.00551071297377, -0.0117345536128, 0.0204161908478, -0.0165815725923, 0.0118822781369, -0.00132353662048, 0.0051481127739, -0.00231082970276, 0.000243463291554, -0.00238677789457], [0.000535036902875, -0.00939726177603, 0.0127516463399, -0.00677292980254, 0.0129325259477, -0.0165815725923, 0.020757060498, -0.0157877262682, 0.00212023500353, -0.00249994825572, -0.000752454739995, 0.000372778682504, -0.00214390037581], [-0.000860761734657, 0.0140627641231, -0.0151551291347, 0.00950209237635, -0.018333889544, 0.0118822781369, -0.0157877262682, 0.0310928709805, -0.0111098298803, 0.00736636994407, -0.00563286570832, 0.00300984084606, -0.00360007723793], [0.000134763598908, -0.00560080679134, 0.00838277023286, -0.00445735780522, 0.00203936570324, -0.00132353662048, 0.00212023500353, -0.0111098298803, 0.0149202980101, -0.0107644600794, 0.00530609861016, -0.000473820487969, 0.00168207520619], [-0.000249653414357, 0.00813681911677, -0.0106044802815, 0.00502491742373, -0.00756080308929, 0.0051481127739, -0.00249994825572, 0.00736636994407, -0.0107644600794, 0.0226760730147, -0.0110855121166, 0.00315114040859, -0.00392755120993], [0.000619692029431, -0.00695202127099, 0.00579430395737, -0.00215938151814, 0.00399202294648, -0.00231082970276, -0.000752454739995, -0.00563286570832, 0.00530609861016, -0.0110855121166, 0.0187241323292, -0.0106433182955, 0.00989984627813], [-0.000358926336048, 0.00280470005237, -0.000813731225207, -0.00166959990747, -0.00232810224406, 0.000243463291554, 0.000372778682504, 0.00300984084606, -0.000473820487969, 0.00315114040859, -0.0106433182955, 0.0153950722888, -0.00501972949132], [0.000702412507962, -0.00414497079328, 0.0020359500777, 2.3558652174e-05, 0.00200790562667, -0.00238677789457, -0.00214390037581, -0.00360007723793, 0.00168207520619, -0.00392755120993, 0.00989984627813, -0.00501972949132, 0.016234414652]]
    },
    "melbands": {
        "max": [0.00462448783219, 0.00206013210118, 0.00170869776048, 0.00180389813613, 0.00124321097974, 0.00207842071541, 0.00409267144278, 0.00921192206442, 0.0117853153497, 0.00972028356045, 0.00256142253056, 0.00329888262786, 0.00127092655748, 0.0016402330948, 0.000876255624462, 0.00131319800857, 0.00145446753595, 0.00395547179505, 0.00172698276583, 0.000986238475889, 0.00038837234024, 0.000885175482836, 0.000598458456807, 0.000501503818668, 0.000177115740371, 0.00012077260908, 3.37376150128e-05, 1.3920091078e-05, 1.19614142022e-05, 7.7463730122e-05, 1.65339188243e-05, 1.4549151274e-05, 1.81764407898e-05, 1.63935255841e-05, 1.27125822473e-05, 1.15737175292e-05, 6.5249664658e-06, 2.39007954406e-06, 4.750696462e-06, 3.60703393198e-06],
        "mean": [0.000187541925698, 8.28982228995e-05, 6.96742281434e-05, 9.01461316971e-05, 4.92578838021e-05, 4.71868333989e-05, 0.000135184236569, 0.000496052089147, 0.000697909214068, 0.000490333593916, 0.000144693301991, 0.00011207688658, 4.78822585137e-05, 2.62584453594e-05, 3.48725588992e-05, 5.8496647398e-05, 5.10289828526e-05, 9.76673618425e-05, 6.49434441584e-05, 4.52043677797e-05, 2.33983646467e-05, 3.63510480383e-05, 3.11474977934e-05, 3.06386427837e-05, 1.19485039249e-05, 5.83187329539e-06, 1.25631424908e-06, 7.70364692926e-07, 7.41073790778e-07, 1.31274657633e-06, 1.23741619973e-06, 1.09939230697e-06, 8.33644378417e-07, 6.73053762057e-07, 6.3388063154e-07, 5.01937165609e-07, 2.89974337875e-07, 1.82366875379e-07, 2.07991561751e-07, 2.19888448783e-07],
        "min": [1.11770193101e-09, 2.58798626973e-09, 7.07224856455e-09, 7.99880872648e-09, 9.90003279355e-09, 2.61101131827e-08, 1.09642890322e-07, 1.50012539279e-07, 2.46584221486e-07, 1.10771530615e-07, 3.9330156909e-08, 4.67855528541e-07, 4.26735994097e-07, 1.91348902945e-07, 6.17113826706e-08, 9.63907851315e-08, 1.1692497992e-07, 6.8760243721e-08, 8.4625838781e-08, 9.38722379829e-08, 5.92477817918e-08, 8.34312103848e-08, 5.64121620528e-08, 3.71153774381e-08, 2.78926570729e-08, 1.23848717948e-08, 8.5805611505e-09, 6.82804390806e-09, 4.33860636306e-09, 3.3641305297e-09, 3.14082981845e-09, 3.70519659398e-09, 2.21373719356e-09, 2.59708166084e-09, 2.03915484498e-09, 8.72748706637e-10, 5.53749712751e-10, 2.48386727852e-10, 4.84371154297e-10, 1.4945342186e-10],
        "stdev": [0.000419586256612, 0.000183562879101, 0.000176653105882, 0.000175058332388, 9.07119974727e-05, 0.000112619854917, 0.000283153320197, 0.00102998700459, 0.00137434562203, 0.00120488437824, 0.00024492587545, 0.00025265608565, 9.399803821e-05, 5.40886867384e-05, 6.91667664796e-05, 0.000112535606604, 0.000117883391795, 0.000331783900037, 0.000157923161169, 0.000109304608486, 4.87201468786e-05, 8.37636689539e-05, 5.86360183661e-05, 5.48000061826e-05, 1.83408174053e-05, 9.72996167548e-06, 1.88055105355e-06, 1.09226436962e-06, 1.06458821847e-06, 3.20387721331e-06, 1.74455124125e-06, 1.4837364688e-06, 1.45252499806e-06, 1.2690886706e-06, 1.26623046981e-06, 9.70738142314e-07, 4.47630128519e-07, 2.58847080659e-07, 3.43639612765e-07, 3.33056334512e-07]
    },
    "melbands128": {
        "max": [0.00133324030321, 0.00382059416734, 0.00775821181014, 0.00444445200264, 0.00271370913833, 0.00279527669773, 0.00196251063608, 0.00220972159877, 0.00416380073875, 0.00265527586453, 0.00190503965132, 0.00209173280746, 0.00137770874426, 0.00117655319627, 0.00213394965976, 0.0038248039782, 0.00600034510717, 0.00569705478847, 0.0114017371088, 0.0134692955762, 0.0158418230712, 0.025820247829, 0.0142334708944, 0.0201658140868, 0.0216164216399, 0.0172426477075, 0.00797768030316, 0.00292167719454, 0.00654660351574, 0.00682214507833, 0.00286363833584, 0.00182856747415, 0.00229958165437, 0.00104257150088, 0.00075859966455, 0.00292452820577, 0.00324740703218, 0.00150454777759, 0.00125652435236, 0.00115178630222, 0.00163514830638, 0.00467975297943, 0.00279409764335, 0.00111566868145, 0.00817137211561, 0.00583714526147, 0.00668658828363, 0.00379326986149, 0.00286970194429, 0.00273084081709, 0.00145604345016, 0.00181417865679, 0.000889645074494, 0.00103530159686, 0.00143626378849, 0.00175242009573, 0.00196357630193, 0.00165351643227, 0.00153619062621, 0.0013924126979, 0.00102346518543, 0.000805072835647, 0.000345937005477, 0.000391818786738, 0.000518793880474, 0.000106290775875, 0.00015387548774, 4.64014483441e-05, 2.96365160466e-05, 3.06463516608e-05, 1.25498845591e-05, 2.93543398584e-05, 3.89378001273e-05, 1.01536979855e-05, 3.98212687287e-05, 0.000160733645316, 4.77476642118e-05, 2.89548497676e-05, 2.10688631341e-05, 6.47676642984e-05, 1.87936457223e-05, 1.70009971043e-05, 1.60359577421e-05, 2.44259208557e-05, 1.95997145056e-05, 2.48806973104e-05, 1.59289502335e-05, 1.20770910144e-05, 1.47378614201e-05, 2.08990059036e-05, 1.91501239897e-05, 1.17776316984e-05, 7.79471338319e-06, 1.15233142424e-05, 4.74341459267e-06, 5.17093940289e-06, 3.28204964717e-06, 3.43047076967e-06, 5.78894423597e-06, 1.27039656945e-05, 4.55682902611e-06, 6.72849591865e-06, 5.14336579727e-06, 3.35789422934e-06, 2.13398334381e-06, 2.61838977167e-06, 8.33020010305e-07, 4.55315074532e-08, 5.47905748549e-11, 4.88288333378e-11, 4.43854640542e-11, 5.76299390154e-11, 4.78970092754e-11, 6.74750533225e-11, 6.18213744086e-11, 4.189529626e-11, 3.75260864049e-11, 7.55648946194e-11, 7.44110884021e-11, 3.16711587511e-11, 3.07564286539e-11, 3.01496431987e-11, 3.03017021197e-11, 2.93057904333e-11, 2.86611220868e-11, 2.77304637586e-11, 2.72970031995e-11, 2.712172327e-11],
        "mean": [6.32650044281e-05, 0.000201692193514, 0.000253177568084, 0.000140087300679, 5.53497193323e-05, 5.2180243074e-05, 5.63236426387e-05, 6.69215223752e-05, 0.000102220787085, 9.81890552794e-05, 8.36501058075e-05, 5.76470556553e-05, 4.32531378465e-05, 3.26142471749e-05, 3.96719005948e-05, 5.83897453907e-05, 6.91525128786e-05, 9.58726377576e-05, 0.000263363996055, 0.000453207816463, 0.00050336366985, 0.000938197015785, 0.000640855927486, 0.000591395539232, 0.000687870837282, 0.000401848752517, 0.000165634060977, 0.000115220143925, 0.000117077732284, 0.000147031576489, 9.77018207777e-05, 6.7474822572e-05, 5.63072972e-05, 2.24403538596e-05, 2.26901702263e-05, 2.78392308246e-05, 3.19066712109e-05, 3.0225071896e-05, 3.98246847908e-05, 4.97059736517e-05, 5.65777845623e-05, 8.40592911118e-05, 4.50160332548e-05, 2.25181520364e-05, 9.21717510209e-05, 0.000122488461784, 9.99113544822e-05, 5.12068254466e-05, 5.33683487447e-05, 7.6320131484e-05, 4.08993619203e-05, 2.1419407858e-05, 1.61167517945e-05, 2.4927285267e-05, 3.77473625122e-05, 4.13592169934e-05, 3.38274876412e-05, 2.02075480047e-05, 3.35233198712e-05, 4.62069401692e-05, 3.31767987518e-05, 1.91345770872e-05, 9.12860014068e-06, 1.21917819342e-05, 1.22968103824e-05, 5.13594386575e-06, 2.78709876511e-06, 1.21315554225e-06, 9.71380814008e-07, 1.10327846414e-06, 7.52483629185e-07, 6.89152102495e-07, 4.96035852393e-07, 6.27605118098e-07, 1.07277583083e-06, 1.63861182045e-06, 1.2533298559e-06, 1.02857063666e-06, 1.16320723009e-06, 1.59632872965e-06, 1.19917797292e-06, 8.20697493964e-07, 9.41849123137e-07, 8.56804717841e-07, 7.4049938803e-07, 7.17061595878e-07, 6.48996490327e-07, 5.86466399e-07, 6.4052687776e-07, 6.70631550292e-07, 5.87506860938e-07, 4.72062794188e-07, 3.20379712093e-07, 3.11885941073e-07, 2.46374895596e-07, 2.06710708994e-07, 1.63577439594e-07, 1.50870107518e-07, 1.68595704508e-07, 2.86733040866e-07, 2.42352115265e-07, 2.17726878304e-07, 1.72333841419e-07, 1.45981218225e-07, 1.2168661101e-07, 1.02845774563e-07, 2.41153834679e-08, 1.12727793766e-09, 4.6142464849e-12, 4.00516468949e-12, 3.91488751139e-12, 3.89816087396e-12, 3.90211387508e-12, 3.73529245729e-12, 3.66694261761e-12, 3.51557411654e-12, 3.47056671596e-12, 3.69084407134e-12, 3.60066750721e-12, 3.10906357083e-12, 3.01257152904e-12, 2.9797512114e-12, 2.95954363447e-12, 2.88276780919e-12, 2.59760702531e-12, 2.13249383429e-12, 1.87981704855e-12, 1.83634596244e-12],
        "min": [5.14932410947e-12, 1.08684589106e-10, 1.44691925108e-10, 7.18478720962e-10, 1.06288300383e-09, 6.30863417062e-10, 8.70874816705e-10, 2.01575733882e-09, 3.4959954931e-09, 2.38000730235e-09, 5.67799407492e-09, 1.18221943346e-09, 1.85839754696e-09, 4.31796731704e-09, 5.55630386145e-09, 9.85088810523e-09, 1.31582966745e-08, 1.10472857529e-08, 3.49151534351e-08, 2.31015349073e-08, 6.87097383434e-08, 2.55151721973e-08, 2.67426276679e-08, 7.81218645329e-09, 3.84075420357e-08, 3.54366775923e-08, 3.34951124614e-08, 2.89553376831e-08, 3.97141164399e-08, 3.37426868668e-08, 1.66044685557e-07, 1.05567352193e-07, 9.22582259477e-08, 2.86061307975e-08, 1.98085778891e-08, 1.55718655748e-08, 1.17853478088e-08, 3.47946418344e-08, 2.15861089004e-08, 4.03637301361e-08, 8.85636524117e-08, 8.39748324211e-08, 6.75104487868e-08, 7.8154037908e-08, 2.88464772069e-08, 3.4165690721e-08, 1.48266927624e-08, 1.49335654953e-08, 7.93732546356e-09, 4.45532641891e-08, 5.00880297238e-08, 4.32301838771e-08, 1.3050271086e-08, 3.36366632325e-08, 3.94428667505e-08, 4.47532997327e-08, 3.97578467926e-08, 2.57097951817e-08, 2.40755237968e-08, 2.94387110245e-08, 2.2285814083e-08, 2.38660504692e-08, 2.59496921728e-08, 1.8462140261e-08, 1.14483160729e-08, 7.46067119195e-09, 1.37749056606e-08, 1.25849428656e-08, 5.234208178e-09, 2.53682097551e-09, 2.80979528533e-09, 1.67359492931e-09, 1.13499087906e-09, 2.20033502529e-09, 3.3212432804e-09, 2.00443017739e-09, 2.13381023961e-09, 2.28775398625e-09, 2.86651791193e-09, 2.66001798366e-09, 4.12164125052e-09, 1.85357496019e-09, 2.8959215026e-09, 1.77351511255e-09, 2.76889577933e-09, 1.90318449889e-09, 3.38928640709e-09, 1.52959722666e-09, 1.3005623245e-09, 7.47137074431e-10, 1.00350572296e-09, 7.48330730715e-10, 5.35263389168e-10, 5.8737370523e-10, 3.75543207642e-10, 1.85032378308e-10, 1.52322002234e-10, 3.58762297648e-10, 8.26009372012e-10, 2.76896311435e-10, 1.95387594992e-10, 1.22935661651e-10, 1.17259674193e-10, 9.93457122123e-11, 1.89108451121e-10, 1.94105856388e-10, 3.36118043121e-11, 6.14879891794e-13, 4.51952359001e-13, 4.69522153362e-13, 3.33224496173e-13, 3.39162264896e-13, 3.59634089002e-13, 3.93665324947e-13, 4.72738493316e-13, 3.64045897377e-13, 3.21535170451e-13, 3.85254355544e-13, 2.55133208397e-13, 4.64337552783e-13, 4.30153091965e-13, 3.44412730757e-13, 4.65228712759e-13, 3.98445789166e-13, 3.31499015521e-13, 6.93695657015e-14, 7.83247724084e-15, 5.61167162611e-16],
        "stdev": [0.0001486625697, 0.000464530923637, 0.000630668539088, 0.000367227912648, 0.000148220322444, 0.00014378526248, 0.000168356637005, 0.000211759630474, 0.00032759658643, 0.00021346154972, 0.000169452163391, 0.000133314577397, 0.000111895642476, 7.70235419623e-05, 0.000109710097604, 0.000189604965271, 0.000248082127655, 0.000262865913101, 0.000738348986488, 0.00136356509756, 0.00139507267158, 0.0026642032899, 0.00169287284371, 0.00184133904986, 0.00207331078127, 0.00139894033782, 0.000472283631098, 0.000250071316259, 0.000292399927275, 0.000462848111056, 0.000262675399426, 0.000154510897119, 0.000157851027325, 5.30964316567e-05, 5.28924865648e-05, 8.63049863256e-05, 0.000101293786429, 0.000102534984762, 0.000113652866276, 0.000123312900541, 0.000149456463987, 0.000288044364424, 0.00015097350115, 6.39579666313e-05, 0.000512571248692, 0.000501902948599, 0.000427978287917, 0.000220181507757, 0.000196149412659, 0.000233357248362, 0.00012771350157, 0.000108509841084, 5.52554920432e-05, 7.58830574341e-05, 0.000123579695355, 0.000130604821607, 0.000127833336592, 6.30769573036e-05, 9.76815717877e-05, 0.000130134460051, 8.43816596898e-05, 4.96552347613e-05, 2.16517546505e-05, 2.93423690891e-05, 3.21601000906e-05, 8.95611992746e-06, 6.91995774105e-06, 2.29745296565e-06, 1.87085254311e-06, 2.05984815693e-06, 1.21202845094e-06, 1.58099783221e-06, 1.16484784485e-06, 9.37073252771e-07, 2.65426160695e-06, 6.45826730761e-06, 3.08493940793e-06, 2.01409557121e-06, 2.12664986066e-06, 3.49726428794e-06, 1.9624530978e-06, 1.38488076118e-06, 1.72397596998e-06, 1.69191571331e-06, 1.58082991675e-06, 1.56362330017e-06, 1.28430531277e-06, 1.133998353e-06, 1.33193475449e-06, 1.66804511537e-06, 1.36834626119e-06, 1.01483669823e-06, 5.9055867041e-07, 6.30909539723e-07, 4.1584291921e-07, 3.66945897667e-07, 2.72408613e-07, 2.52862719208e-07, 3.02178392531e-07, 6.65539971578e-07, 4.01515961812e-07, 4.17966759869e-07, 3.00921726648e-07, 2.73237731108e-07, 2.08557182191e-07, 2.02418988238e-07, 5.15975990822e-08, 2.53068677125e-09, 6.02795721324e-12, 5.42407785353e-12, 5.18048321255e-12, 5.13207401923e-12, 5.08976628205e-12, 4.94483490612e-12, 4.94951562374e-12, 4.46900936396e-12, 4.31424557537e-12, 5.74609543974e-12, 5.44761761742e-12, 3.78414487245e-12, 3.69509804699e-12, 3.59766231563e-12, 3.52716835773e-12, 3.46542586294e-12, 3.41480186142e-12, 3.37172412386e-12, 3.34243787162e-12, 3.32376639232e-12]
    },
    "mfcc": {
        "mean": [-695.299743652, 99.9399108887, -46.4478797913, -15.0208034515, -13.5072517395, -16.7898216248, -17.0654830933, 7.76823282242, 2.12351965904, 2.75121378899, 11.8294620514, -3.37152194977, -10.0483093262],
        "cov": [[3576.35791016, 136.955047607, 789.389831543, 608.46862793, 564.363037109, 341.706604004, 118.407707214, 164.972076416, 9.84406280518, -12.4375362396, 253.812408447, 94.6913986206, -53.6649475098], [136.955047607, 792.614501953, 681.799499512, 337.52154541, 288.615814209, 258.869750977, 184.935180664, -18.3041687012, -131.653274536, 7.59618520737, -69.6515884399, -6.94508647919, 113.175537109], [789.389831543, 681.799499512, 1312.28979492, 582.311645508, 463.114501953, 440.952575684, 290.946777344, -33.569934845, -207.819381714, -23.4020195007, -85.8238754272, -19.6306610107, 108.456863403], [608.46862793, 337.52154541, 582.311645508, 477.435821533, 367.122161865, 194.10597229, 77.1171112061, -3.28045320511, -84.9678039551, -32.4804725647, 75.5977096558, 50.5934677124, 118.426559448], [564.363037109, 288.615814209, 463.114501953, 367.122161865, 478.905578613, 131.473510742, 32.5405921936, -12.4302062988, 1.71571242809, 9.7421579361, 111.158378601, 62.9405097961, 100.112281799], [341.706604004, 258.869750977, 440.952575684, 194.10597229, 131.473510742, 281.024383545, 165.159103394, 53.6509819031, -55.3685035706, 7.15042734146, -26.1932678223, 1.16820859909, 24.2702140808], [118.407707214, 184.935180664, 290.946777344, 77.1171112061, 32.5405921936, 165.159103394, 252.562362671, 72.6856994629, -42.7568969727, 29.8966274261, -35.1292915344, -13.4825744629, -3.19180989265], [164.972076416, -18.3041687012, -33.569934845, -3.28045320511, -12.4302062988, 53.6509819031, 72.6856994629, 163.695022583, 40.074420929, 24.8172664642, 48.1304740906, 22.4692573547, -11.9639596939], [9.84406280518, -131.653274536, -207.819381714, -84.9678039551, 1.71571242809, -55.3685035706, -42.7568969727, 40.074420929, 345.576416016, 131.729019165, 8.85118675232, 41.7765769958, -58.5909461975], [-12.4375362396, 7.59618520737, -23.4020195007, -32.4804725647, 9.7421579361, 7.15042734146, 29.8966274261, 24.8172664642, 131.729019165, 164.645294189, 10.483417511, 12.3065261841, -17.84425354], [253.812408447, -69.6515884399, -85.8238754272, 75.5977096558, 111.158378601, -26.1932678223, -35.1292915344, 48.1304740906, 8.85118675232, 10.483417511, 241.150253296, 99.8589019775, 72.6507110596], [94.6913986206, -6.94508647919, -19.6306610107, 50.5934677124, 62.9405097961, 1.16820859909, -13.4825744629, 22.4692573547, 41.7765769958, 12.3065261841, 99.8589019775, 111.154266357, 66.1464996338], [-53.6649475098, 113.175537109, 108.456863403, 118.426559448, 100.112281799, 24.2702140808, -3.19180989265, -11.9639596939, -58.5909461975, -17.84425354, 72.6507110596, 66.1464996338, 153.878662109]],
        "icov": [[0.000524369359482, 0.000211581005715, -0.000274893740425, -0.000446614983957, -0.00017987449246, -0.000215918131289, 0.000255668070167, -0.000387764855986, 3.07094123855e-05, 7.70311526139e-05, -0.00048068005708, -0.000284842040855, 0.00106097501703], [0.000211581005715, 0.00295536778867, -0.000402618403314, -0.000531788275111, -0.00104501645546, -0.00075492169708, -0.00063535827212, -2.87693474093e-05, 0.000622461258899, -0.000772748491727, 0.0012879408896, 5.82670472795e-05, -0.00110898946878], [-0.000274893740425, -0.000402618403314, 0.00440045027062, -0.00234056008048, -0.00145147438161, -0.00259637157433, -0.0019608088769, 0.00179971917532, 0.00119288021233, -0.00070714316098, 0.00226959935389, 0.000129097752506, -0.000401718105422], [-0.000446614983957, -0.000531788275111, -0.00234056008048, 0.00933356769383, -0.00313959829509, -0.000816405750811, 0.00106230168603, -0.000375508534489, -0.000289385701763, 0.00159498327412, -0.00124365871307, 0.00026500527747, -0.00258593657054], [-0.00017987449246, -0.00104501645546, -0.00145147438161, -0.00313959829509, 0.00707210740075, 0.000913750671316, 0.00103598705027, 0.000706561375409, -0.0019819883164, 0.000158616167028, -0.00298480456695, 0.000738100381568, -0.000167931153555], [-0.000215918131289, -0.00075492169708, -0.00259637157433, -0.000816405750811, 0.000913750671316, 0.0106357140467, -0.00239273300394, -0.00271218107082, -0.000107618703623, 1.51701051436e-05, 0.000566620205063, -0.00114287622273, 0.000590287905652], [0.000255668070167, -0.00063535827212, -0.0019608088769, 0.00106230168603, 0.00103598705027, -0.00239273300394, 0.00894397962838, -0.00353179639205, 0.000793943414465, -0.00152576435357, -0.000397620693548, -0.000330680166371, 0.0011904751882], [-0.000387764855986, -2.87693474093e-05, 0.00179971917532, -0.000375508534489, 0.000706561375409, -0.00271218107082, -0.00353179639205, 0.0101933404803, -0.00116606929805, 0.000400917604566, -0.00208454113454, 0.000155844594701, 0.000113481102744], [3.07094123855e-05, 0.000622461258899, 0.00119288021233, -0.000289385701763, -0.0019819883164, -0.000107618703623, 0.000793943414465, -0.00116606929805, 0.00670129805803, -0.00468489155173, 0.00286788144149, -0.0043733716011, 0.00270134094171], [7.70311526139e-05, -0.000772748491727, -0.00070714316098, 0.00159498327412, 0.000158616167028, 1.51701051436e-05, -0.00152576435357, 0.000400917604566, -0.00468489155173, 0.0102575821802, -0.00221364223398, 0.00156877376139, -0.000463510048576], [-0.00048068005708, 0.0012879408896, 0.00226959935389, -0.00124365871307, -0.00298480456695, 0.000566620205063, -0.000397620693548, -0.00208454113454, 0.00286788144149, -0.00221364223398, 0.011143525131, -0.00624993536621, -0.00181453325786], [-0.000284842040855, 5.82670472795e-05, 0.000129097752506, 0.00026500527747, 0.000738100381568, -0.00114287622273, -0.000330680166371, 0.000155844594701, -0.0043733716011, 0.00156877376139, -0.00624993536621, 0.0205785892904, -0.00811026990414], [0.00106097501703, -0.00110898946878, -0.000401718105422, -0.00258593657054, -0.000167931153555, 0.000590287905652, 0.0011904751882, 0.000113481102744, 0.00270134094171, -0.000463510048576, -0.00181453325786, -0.00811026990414, 0.0153250591829]]
    },
    "spectral_contrast_coeffs": {
        "max": [-0.427634865046, -0.332155406475, -0.527296364307, -0.552827775478, -0.552003324032, -0.652273058891],
        "mean": [-0.724963665009, -0.662826061249, -0.740131855011, -0.758710026741, -0.741908669472, -0.77689576149],
        "min": [-0.910593450069, -0.901880919933, -0.918299078941, -0.912399470806, -0.882971584797, -0.876633584499],
        "stdev": [0.0775753632188, 0.117013186216, 0.0609530694783, 0.0730329677463, 0.0688804537058, 0.0373440608382]
    },
    "spectral_contrast_valleys": {
        "max": [-6.12498378754, -5.43737888336, -6.00291585922, -6.62494087219, -6.7154378891, -8.95470046997],
        "mean": [-8.79507827759, -7.35972499847, -7.54654932022, -7.75342178345, -8.17492961884, -10.6846170425],
        "min": [-12.1802186966, -9.51278686523, -9.74576091766, -9.77091598511, -9.90692234039, -13.2264900208],
        "stdev": [1.44578194618, 0.67748105526, 0.556418478489, 0.470244884491, 0.516989409924, 0.672700703144]
    }
},
"rhythm": {
    "beats_count": 149,
    "beats_loudness": {
        "max": 0.0672390758991,
        "mean": 0.0169133897871,
        "min": 0.00044702141895,
        "stdev": 0.0148133896291
    },
    "bpm": 178.205856323,
    "bpm_histogram_first_peak_bpm": 178,
    "bpm_histogram_first_peak_weight": 0,
    "bpm_histogram_second_peak_bpm": 185,
    "bpm_histogram_second_peak_spread": 0,
    "bpm_histogram_second_peak_weight": 0.27702704072,
    "danceability": 0.791138589382,
    "onset_rate": 2.13699603081,
    "beats_loudness_band_ratio": {
        "max": [0.794683158398, 0.729612529278, 0.910319387913, 0.638561725616, 0.711720228195, 0.183438181877],
        "mean": [0.120169758797, 0.0674534365535, 0.450369596481, 0.206060945988, 0.164033651352, 0.0333915688097],
        "min": [1.54721001309e-05, 2.19323228521e-05, 0.0637679100037, 0.00664644083008, 0.00941948313266, 0.00392989022657],
        "stdev": [0.173238605261, 0.0990938842297, 0.20731446147, 0.168700411916, 0.134218752384, 0.0299667809159]
    },
