{
"metadata": {
    "version": {
        "essentia": "2.1-beta5",
        "essentia_git_sha": "Undefined",
        "extractor": "music 2.0"
    },
    "audio_properties": {
        "analysis": {
            "equal_loudness": 0,
            "length": 32.4963264465,
            "sample_rate": 44100,
            "start_time": 126.490699768,
            "downmix": "mix"
        },
        "bit_rate": 192000,
        "length": 185.736984253,
        "lossless": 0,
        "number_channels": 2,
        "replay_gain": 2.95544624329,
        "sample_rate": 48000,
        "codec": "mp3",
        "md5_encoded": "390c7f0df24679cc71be3ec086bd606e"
    },
    "tags": {
        "file_name": "Slovenia_Stay Forever_Platin.mp3",
        "encoding": ["Lavf58.29.100"]
    }
},
"lowlevel": {
    "average_loudness": 0.786561131477,
    "barkbands_crest": {
        "max": 24.1454524994,
        "mean": 9.20959854126,
        "min": 2.3117454052,
        "stdev": 3.70025062561
    },
    "barkbands_flatness_db": {
        "max": 0.301265388727,
        "mean": 0.155062705278,
        "min": 0.0521891973913,
        "stdev": 0.037040501833
    },
    "barkbands_kurtosis": {
        "max": 68.6861343384,
        "mean": 2.28840351105,
        "min": -1.94334554672,
        "stdev": 5.39677524567
    },
    "barkbands_skewness": {
        "max": 7.97649908066,
        "mean": 0.914332687855,
        "min": -1.8710603714,
        "stdev": 1.15413308144
    },
    "barkbands_spread": {
        "max": 118.164848328,
        "mean": 20.6163768768,
        "min": 3.23090362549,
        "stdev": 12.3730401993
    },
    "dissonance": {
        "max": 0.499962925911,
        "mean": 0.461185514927,
        "min": 0.295410096645,
        "stdev": 0.0271799005568
    },
    "dynamic_complexity": 3.60816669464,
    "erbbands_crest": {
        "max": 28.1177139282,
        "mean": 9.34990215302,
        "min": 2.65312194824,
        "stdev": 4.17406415939
    },
    "erbbands_flatness_db": {
        "max": 0.3438192904,
        "mean": 0.187727808952,
        "min": 0.0823450535536,
        "stdev": 0.0499957278371
    },
    "erbbands_kurtosis": {
        "max": 21.4915294647,
        "mean": 0.914771318436,
        "min": -1.68158233166,
        "stdev": 2.28602290154
    },
    "erbbands_skewness": {
        "max": 4.20878505707,
        "mean": 0.291605770588,
        "min": -2.64192867279,
        "stdev": 0.660644292831
    },
    "erbbands_spread": {
        "max": 117.866943359,
        "mean": 30.3350925446,
        "min": 3.90806889534,
        "stdev": 19.0604801178
    },
    "hfc": {
        "max": 185.529403687,
        "mean": 20.8461933136,
        "min": 0.347786933184,
        "stdev": 21.9180335999
    },
    "loudness_ebu128": {
        "integrated": -27.0780067444,
        "loudness_range": 5.41648292542,
        "momentary": {
            "max": -20.8751583099,
            "mean": -28.1471576691,
            "min": -40.2925567627,
            "stdev": 3.21433091164
        },
        "short_term": {
            "max": -23.7885456085,
            "mean": -27.4393177032,
            "min": -31.1901493073,
            "stdev": 1.6509090662
        }
    },
    "melbands_crest": {
        "max": 29.2619800568,
        "mean": 11.9259681702,
        "min": 2.25812602043,
        "stdev": 4.71054363251
    },
    "melbands_flatness_db": {
        "max": 0.364414542913,
        "mean": 0.181173637509,
        "min": 0.0136671271175,
        "stdev": 0.0460451617837
    },
    "melbands_kurtosis": {
        "max": 269.375274658,
        "mean": 8.07607460022,
        "min": -1.62386786938,
        "stdev": 18.7475948334
    },
    "melbands_skewness": {
        "max": 14.1282510757,
        "mean": 1.72825789452,
        "min": -1.28397023678,
        "stdev": 1.79398572445
    },
    "melbands_spread": {
        "max": 223.827590942,
        "mean": 25.5476856232,
        "min": 1.7878742218,
        "stdev": 15.8476247787
    },
    "pitch_salience": {
        "max": 0.827702641487,
        "mean": 0.548133075237,
        "min": 0.168099686503,
        "stdev": 0.100760355592
    },
    "silence_rate_20dB": {
        "max": 1,
        "mean": 1,
        "min": 1,
        "stdev": 0
    },
    "silence_rate_30dB": {
        "max": 1,
        "mean": 0.995003581047,
        "min": 0,
        "stdev": 0.0705085247755
    },
    "silence_rate_60dB": {
        "max": 1,
        "mean": 0.0827980041504,
        "min": 0,
        "stdev": 0.275581151247
    },
    "spectral_centroid": {
        "max": 4705.14501953,
        "mean": 1377.03686523,
        "min": 424.84552002,
        "stdev": 458.814453125
    },
    "spectral_complexity": {
        "max": 44,
        "mean": 16.8158454895,
        "min": 0,
        "stdev": 7.67200660706
    },
    "spectral_decrease": {
        "max": -7.15892969905e-11,
        "mean": -5.29418242579e-09,
        "min": -3.14990877825e-08,
        "stdev": 4.55119808507e-09
    },
    "spectral_energy": {
        "max": 0.132412999868,
        "mean": 0.0218722783029,
        "min": 0.000311048264848,
        "stdev": 0.0188905373216
    },
    "spectral_energyband_high": {
        "max": 0.0201525781304,
        "mean": 0.000385503954021,
        "min": 1.65726248724e-06,
        "stdev": 0.00101453543175
    },
    "spectral_energyband_low": {
        "max": 0.0410794690251,
        "mean": 0.0046772621572,
        "min": 2.42617443291e-06,
        "stdev": 0.00684894062579
    },
    "spectral_energyband_middle_high": {
        "max": 0.0908474326134,
        "mean": 0.0092594679445,
        "min": 8.93843607628e-05,
        "stdev": 0.011880852282
    },
    "spectral_energyband_middle_low": {
        "max": 0.080017991364,
        "mean": 0.00815995968878,
        "min": 4.31718326581e-05,
        "stdev": 0.00847055576742
    },
    "spectral_entropy": {
        "max": 8.73451042175,
        "mean": 7.57931995392,
        "min": 6.57079267502,
        "stdev": 0.331028044224
    },
    "spectral_flux": {
        "max": 0.288478881121,
        "mean": 0.080233477056,
        "min": 0.00738397007808,
        "stdev": 0.044224601239
    },
    "spectral_kurtosis": {
        "max": 21.7114219666,
        "mean": 5.21062612534,
        "min": -1.0841448307,
        "stdev": 3.0883500576
    },
    "spectral_rms": {
        "max": 0.0113658886403,
        "mean": 0.00421831989661,
        "min": 0.000550873577595,
        "stdev": 0.00188270478975
    },
    "spectral_rolloff": {
        "max": 10357.4707031,
        "mean": 1556.04394531,
        "min": 86.1328125,
        "stdev": 1241.07519531
    },
    "spectral_skewness": {
        "max": 3.39766097069,
        "mean": 1.71789228916,
        "min": 0.0171345993876,
        "stdev": 0.448520183563
    },
    "spectral_spread": {
        "max": 12371767,
        "mean": 4135830.5,
        "min": 1851386.25,
        "stdev": 1367712.75
    },
    "spectral_strongpeak": {
        "max": 12.3304128647,
        "mean": 1.4711047411,
        "min": 0.0193815883249,
        "stdev": 1.90295863152
    },
    "zerocrossingrate": {
        "max": 0.33056640625,
        "mean": 0.0616217218339,
        "min": 0.00732421875,
        "stdev": 0.0317935459316
    },
    "barkbands": {
        "max": [0.00114173721522, 0.0340983308852, 0.0271624140441, 0.0180019792169, 0.015437040478, 0.0205521788448, 0.0280071552843, 0.0652546957135, 0.0648273825645, 0.0345541872084, 0.0216679386795, 0.0145176257938, 0.0362212508917, 0.0493260286748, 0.024238595739, 0.0128256743774, 0.0135986572132, 0.00869142264128, 0.00472163176164, 0.00105273746885, 0.000727702805307, 0.00217100698501, 0.00273772049695, 0.00490671535954, 0.0121403560042, 1.35239406518e-05, 7.68167524257e-07],
        "mean": [4.75922097394e-05, 0.00280706887133, 0.00144427956548, 0.000580136140343, 0.0011462084949, 0.00109712779522, 0.000936143333092, 0.00101439631544, 0.00290405168198, 0.001905918587, 0.00125971843954, 0.000920748279896, 0.00121400668286, 0.0020978669636, 0.000805843912531, 0.00041922571836, 0.000375979900127, 0.000246247538598, 0.000179648544872, 0.000132465895149, 5.38400745427e-05, 4.3185591494e-05, 5.85450652579e-05, 6.82940008119e-05, 0.000113474707177, 2.66891845513e-07, 1.5685565069e-09],
        "min": [8.4564151237e-09, 7.56989891215e-07, 5.29472004018e-07, 7.11347425408e-08, 2.28739031627e-06, 1.68216843122e-06, 1.45645481098e-06, 2.70850341622e-06, 2.20066976908e-06, 3.96976565753e-06, 1.46501577092e-06, 1.81654786502e-06, 2.86569274977e-06, 8.78533319337e-06, 8.93450078365e-07, 1.40833242313e-06, 9.454797123e-07, 4.26764654549e-06, 2.70888426712e-06, 1.21142704756e-06, 4.58066466535e-07, 1.60518567327e-07, 8.43179890353e-08, 5.50751657613e-08, 4.044015256e-08, 2.55642451652e-10, 2.93538443552e-10],
        "stdev": [8.90056253411e-05, 0.00481064198539, 0.00304810446687, 0.0012144629145, 0.00191970099695, 0.00181244954001, 0.00167914177291, 0.00361001119018, 0.00563437771052, 0.00351201789454, 0.00246238382533, 0.0018328668084, 0.00324696744792, 0.00505102938041, 0.00208379933611, 0.000920275691897, 0.000797092856374, 0.000403413840104, 0.000272869656328, 0.000136467875564, 6.82805984979e-05, 0.000109162014269, 0.000149875239003, 0.000287559669232, 0.000484526593937, 9.15977409477e-07, 2.05216483806e-08]
    },
    "erbbands": {
        "max": [0.796899437904, 8.94253826141, 28.3887672424, 44.3155593872, 53.4615058899, 62.1613922119, 184.844528198, 169.234329224, 220.916732788, 685.127807617, 976.194763184, 1993.4119873, 871.352478027, 1593.34606934, 586.107543945, 549.02355957, 924.81237793, 2978.11450195, 1468.43920898, 1763.45800781, 495.770690918, 668.023132324, 520.316711426, 167.266311646, 238.178878784, 55.4368438721, 26.6071643829, 34.237033844, 62.3994560242, 129.735458374, 63.3134307861, 86.547164917, 105.576774597, 161.549942017, 53.2381858826, 2.29560828209, 0.0707714557648, 0.005506047979, 0.000822396075819, 0.000246737443376],
        "mean": [0.0649268776178, 0.679049491882, 1.62903141975, 2.10523104668, 2.31224799156, 4.04138803482, 7.18032646179, 9.2486076355, 13.8724575043, 13.7121019363, 31.6199836731, 65.3129043579, 63.7773895264, 52.7046699524, 48.5851783752, 35.1070289612, 50.5073814392, 102.212333679, 67.1787872314, 35.954498291, 21.3360805511, 21.9502468109, 15.0910778046, 9.97629642487, 8.89274787903, 6.36553192139, 2.77647566795, 1.79732429981, 1.49116718769, 1.6558880806, 1.66172599792, 1.39476919174, 1.22101867199, 1.24502253532, 0.792936503887, 0.0587937273085, 0.00144562113564, 9.23958432395e-05, 2.31879475905e-05, 2.85284331767e-05],
        "min": [6.81801884639e-06, 0.000217668886762, 0.000661870813929, 0.000433460983913, 0.00185700086877, 0.0092789651826, 0.0137840937823, 0.0219975467771, 0.0243594832718, 0.0953502058983, 0.081161133945, 0.0716868564487, 0.151942878962, 0.146147757769, 0.0863088592887, 0.145831763744, 0.164787486196, 0.334474653006, 0.213122457266, 0.145612820983, 0.0551268309355, 0.0957431569695, 0.19791777432, 0.165147989988, 0.0767910704017, 0.0442211031914, 0.0284392666072, 0.0135951815173, 0.00673353020102, 0.00443571154028, 0.00212854915299, 0.000927868066356, 0.00100384221878, 0.000498262757901, 0.000308361573843, 1.53823912115e-05, 1.69396003002e-06, 3.20941524024e-07, 3.85250586987e-07, 4.44256500032e-07],
        "stdev": [0.111431799829, 1.22180140018, 3.31651735306, 3.90625286102, 4.59160089493, 7.11443853378, 14.6715745926, 13.9491729736, 23.5454540253, 37.32762146, 82.6417236328, 134.439193726, 111.547096252, 97.0674819946, 83.7712249756, 63.3855209351, 104.458534241, 279.873657227, 151.123855591, 89.9981842041, 38.2690124512, 44.9883003235, 27.5965709686, 12.4448757172, 13.2781896591, 6.65694952011, 3.11079788208, 2.76216220856, 3.35100221634, 5.59253358841, 4.00217151642, 5.05449962616, 5.77841997147, 6.64571857452, 2.50468873978, 0.151043638587, 0.00390265253372, 0.000266389688477, 3.94786511606e-05, 2.52453955909e-05]
    },
    "gfcc": {
        "mean": [-21.1792449951, 106.09765625, -146.757339478, 32.2694587708, -64.0470123291, 28.3263397217, -42.5723495483, 19.7385005951, -20.2715377808, -1.81403625011, -4.14048957825, -12.9162082672, 2.00741958618],
        "cov": [[2905.2668457, -589.664001465, -160.982025146, -379.659454346, -107.22958374, 292.497192383, -38.3517303467, 227.871231079, -89.9657363892, 102.022041321, -57.2570877075, 25.4398708344, -41.0335617065], [-589.664001465, 790.526062012, -105.734428406, -36.7144966125, 174.993713379, -129.605148315, 135.902374268, -56.8769760132, 140.951690674, -80.3309020996, 101.360969543, -78.5720825195, 53.1085090637], [-160.982025146, -105.734428406, 714.412963867, 504.750701904, 11.0010786057, 22.3293399811, -43.5122566223, 18.5778923035, -63.9761657715, 47.4901733398, -91.8366622925, 91.6371688843, -18.1600933075], [-379.659454346, -36.7144966125, 504.750701904, 619.580200195, 96.2959823608, -44.8981323242, -37.1617088318, -23.2055778503, -13.4692268372, 9.61404418945, -75.9920196533, 68.4378890991, 9.05092811584], [-107.22958374, 174.993713379, 11.0010786057, 96.2959823608, 266.110809326, 57.592048645, 64.0159454346, 25.1523990631, 35.0954627991, -13.9472198486, 13.4248199463, -20.0656051636, 12.4094591141], [292.497192383, -129.605148315, 22.3293399811, -44.8981323242, 57.592048645, 327.369171143, 178.642684937, 51.6980819702, -38.1264648438, 16.5259971619, 23.757982254, -36.6425895691, -48.1759033203], [-38.3517303467, 135.902374268, -43.5122566223, -37.1617088318, 64.0159454346, 178.642684937, 284.448272705, 59.3612594604, 2.02311682701, -7.62819051743, 50.5070915222, -60.1195487976, -47.211479187], [227.871231079, -56.8769760132, 18.5778923035, -23.2055778503, 25.1523990631, 51.6980819702, 59.3612594604, 134.955245972, 31.8518505096, 19.3803958893, -16.4911251068, -10.1691932678, -20.1992282867], [-89.9657363892, 140.951690674, -63.9761657715, -13.4692268372, 35.0954627991, -38.1264648438, 2.02311682701, 31.8518505096, 149.215652466, 4.80634117126, 18.4713611603, -42.5619354248, 18.35846138], [102.022041321, -80.3309020996, 47.4901733398, 9.61404418945, -13.9472198486, 16.5259971619, -7.62819051743, 19.3803958893, 4.80634117126, 83.1412200928, 0.533697664738, 21.84167099, -14.508310318], [-57.2570877075, 101.360969543, -91.8366622925, -75.9920196533, 13.4248199463, 23.757982254, 50.5070915222, -16.4911251068, 18.4713611603, 0.533697664738, 105.27558136, 3.68422579765, 16.4128551483], [25.4398708344, -78.5720825195, 91.6371688843, 68.4378890991, -20.0656051636, -36.6425895691, -60.1195487976, -10.1691932678, -42.5619354248, 21.84167099, 3.68422579765, 109.562477112, 35.4013290405], [-41.0335617065, 53.1085090637, -18.1600933075, 9.05092811584, 12.4094591141, -48.1759033203, -47.211479187, -20.1992282867, 18.35846138, -14.508310318, 16.4128551483, 35.4013290405, 82.8543777466]],
        "icov": [[0.000579656509217, -9.36866854317e-05, 0.000245652219746, 0.000109982254799, 0.000243461865466, -0.000796720793005, 0.0007685488672, -0.00117212999612, 0.000533615646418, -0.000470299681183, 0.000235492072534, -2.9289345548e-05, -0.000193315558136], [-9.36866854317e-05, 0.00566837051883, -0.00301326741464, 0.00303719309159, -0.00395446736366, 0.00546684581786, -0.00582313258201, 0.00482944445685, -0.00427360460162, 0.0031435622368, -0.0021719285287, 0.00140743737575, -0.00171543459874], [0.000245652219746, -0.00301326741464, 0.00611350964755, -0.00520883034915, 0.00317853991874, -0.00417496589944, 0.00395001238212, -0.00422821799293, 0.00337411602959, -0.00289559364319, 0.00185255834367, -0.00174405053258, 0.00140199519228], [0.000109982254799, 0.00303719309159, -0.00520883034915, 0.00701392488554, -0.00399539573118, 0.00384186743759, -0.00414436729625, 0.00456907181069, -0.00373572972603, 0.00239698914811, 0.000791879720055, -0.000883031636477, -0.000747637765016], [0.000243461865466, -0.00395446736366, 0.00317853991874, -0.00399539573118, 0.00787060987204, -0.00507817557082, 0.00401476956904, -0.00479323370382, 0.00265975552611, -0.00183843483683, 0.000881846353877, -9.72676134552e-05, -0.000268342235358], [-0.000796720793005, 0.00546684581786, -0.00417496589944, 0.00384186743759, -0.00507817557082, 0.0117244748399, -0.00933899357915, 0.00548899173737, -0.00282700429671, 0.00219869869761, -0.00264340778813, 0.00250556622632, -0.00117451779079], [0.0007685488672, -0.00582313258201, 0.00395001238212, -0.00414436729625, 0.00401476956904, -0.00933899357915, 0.014445791021, -0.00922394078225, 0.00602866662666, -0.00245585711673, -0.00192503980361, 0.00141239899676, 0.00339486566372], [-0.00117212999612, 0.00482944445685, -0.00422821799293, 0.00456907181069, -0.00479323370382, 0.00548899173737, -0.00922394078225, 0.0176301989704, -0.00889846496284, 0.00237377919257, 0.0023953744676, -0.0023006121628, 0.000745525874663], [0.000533615646418, -0.00427360460162, 0.00337411602959, -0.00373572972603, 0.00265975552611, -0.00282700429671, 0.00602866662666, -0.00889846496284, 0.0154071170837, -0.00592693081126, -0.00167984317522, 0.0067408150062, -0.00362414098345], [-0.000470299681183, 0.0031435622368, -0.00289559364319, 0.00239698914811, -0.00183843483683, 0.00219869869761, -0.00245585711673, 0.00237377919257, -0.00592693081126, 0.0178674459457, -0.00237850332633, -0.00467924354598, 0.00450115231797], [0.000235492072534, -0.0021719285287, 0.00185255834367, 0.000791879720055, 0.000881846353877, -0.00264340778813, -0.00192503980361, 0.0023953744676, -0.00167984317522, -0.00237850332633, 0.0163888931274, -0.00552804442123, -0.00128251337446], [-2.9289345548e-05, 0.00140743737575, -0.00174405053258, -0.000883031636477, -9.72676134552e-05, 0.00250556622632, 0.00141239899676, -0.0023006121628, 0.0067408150062, -0.00467924354598, -0.00552804442123, 0.0203034617007, -0.00938007421792], [-0.000193315558136, -0.00171543459874, 0.00140199519228, -0.000747637765016, -0.000268342235358, -0.00117451779079, 0.00339486566372, 0.000745525874663, -0.00362414098345, 0.00450115231797, -0.00128251337446, -0.00938007421792, 0.0207887105644]]
    },
    "melbands": {
        "max": [0.00852131191641, 0.0115606877953, 0.00746776396409, 0.00328657357022, 0.00594001542777, 0.00350002362393, 0.00292086298577, 0.00996724143624, 0.00762606738135, 0.0129799740389, 0.00418868334964, 0.00664080725983, 0.00238103908487, 0.00191637838725, 0.00142267486081, 0.00448186695576, 0.00518460432068, 0.00316714309156, 0.00158961792476, 0.00183278589975, 0.000631005095784, 0.000595127989072, 0.00094540748978, 0.000260076631093, 0.000114334688988, 0.000210525278817, 0.000103178994323, 3.41636659869e-05, 2.15808668145e-05, 1.5330278984e-05, 2.21875852731e-05, 2.53807302215e-05, 6.50589718134e-05, 8.96251294762e-05, 3.59242621926e-05, 4.00002099923e-05, 5.78040053369e-05, 7.93435028754e-05, 0.00012260528456, 0.000149790837895],
        "mean": [0.000692486122716, 0.000879985862412, 0.000358916906407, 0.000226348041906, 0.000245148228714, 0.000218504923396, 0.000198744775844, 0.000161128526088, 0.000304357963614, 0.000410959677538, 0.000321440311382, 0.000222579779802, 0.000177048583282, 0.000105854676804, 9.25564963836e-05, 0.000140128249768, 0.000194375767023, 0.000120782133308, 5.58942083444e-05, 3.52102069883e-05, 2.21189220611e-05, 2.29139914154e-05, 1.73568860191e-05, 1.16270084618e-05, 7.52932692194e-06, 7.05670208845e-06, 5.89826049691e-06, 3.70162274521e-06, 1.87649663985e-06, 1.18320656384e-06, 9.58469513535e-07, 7.80011646384e-07, 9.22821584481e-07, 9.29385407744e-07, 9.19909041386e-07, 9.81522589427e-07, 8.05575666618e-07, 7.9148713894e-07, 9.96048697743e-07, 1.06555410184e-06],
        "min": [1.42410740978e-07, 3.61899196832e-07, 1.00793663194e-07, 3.0008811791e-07, 2.80430839439e-07, 4.40907768962e-07, 2.48267866709e-07, 6.7401481374e-07, 4.79523635022e-07, 3.18670061006e-07, 4.79284267385e-07, 6.47359797767e-07, 2.25069754833e-07, 2.13516898384e-07, 2.70647177558e-07, 2.49044035172e-07, 4.845580861e-07, 2.63366558784e-07, 1.11366937006e-07, 1.30444007596e-07, 4.81522626217e-08, 6.96427591151e-08, 9.80220065117e-08, 1.29812022465e-07, 1.04187876104e-07, 6.75087648006e-08, 3.38069696681e-08, 1.65118603235e-08, 1.69431011443e-08, 9.71331193256e-09, 7.06516978255e-09, 3.5268095111e-09, 2.15000595105e-09, 1.80768777724e-09, 1.24330057361e-09, 6.98743785055e-10, 5.05038677545e-10, 5.76336978142e-10, 4.56437082574e-10, 2.9864644091e-10],
        "stdev": [0.0011710083345, 0.00154047284741, 0.00062207976589, 0.000398981093895, 0.000473412976135, 0.000327873218339, 0.000332429335685, 0.000510447542183, 0.000711336266249, 0.000857338833157, 0.000570444739424, 0.000415281567257, 0.000321402418194, 0.00022765470203, 0.000155646950589, 0.000414620648371, 0.00051949772751, 0.000295824313071, 0.000128521875013, 9.46122090681e-05, 4.15856302425e-05, 4.77713620057e-05, 4.4145515858e-05, 1.6311832951e-05, 9.78937987384e-06, 1.15824823297e-05, 7.12688643034e-06, 4.14909300162e-06, 2.19953312808e-06, 1.68266080891e-06, 1.6263084035e-06, 1.6478049929e-06, 2.79710116047e-06, 3.34168112204e-06, 2.09678569263e-06, 2.78213224192e-06, 3.30522698277e-06, 3.82638791052e-06, 5.40035080121e-06, 5.88312695982e-06]
    },
    "melbands128": {
        "max": [0.00105697626714, 0.00490918103606, 0.0141532858834, 0.0173986870795, 0.0173797179013, 0.0133162233979, 0.010931593366, 0.0083491653204, 0.00521460641176, 0.00490088015795, 0.0036355308257, 0.00576851703227, 0.00702494988218, 0.00972059927881, 0.00372078153305, 0.00631619151682, 0.00635684607551, 0.00406829733402, 0.00960674975067, 0.00911550875753, 0.0200406555086, 0.0164932981133, 0.0107797635719, 0.0140067012981, 0.0199746470898, 0.0169208925217, 0.0108501771465, 0.00742323789746, 0.010729694739, 0.00834219623357, 0.0101358201355, 0.00658742431551, 0.0047492403537, 0.00311818462797, 0.00433458015323, 0.00309384870343, 0.00169694097713, 0.00246144202538, 0.00326190772466, 0.0032292061951, 0.00821075029671, 0.0171271711588, 0.00967454630882, 0.00466906093061, 0.00906021520495, 0.00465080793947, 0.0046926853247, 0.00377167295665, 0.00227304105647, 0.00611729174852, 0.00164248142391, 0.000843495188747, 0.00134434958454, 0.00115667213686, 0.000548393116333, 0.0010447264649, 0.000988825690001, 0.00188623764552, 0.000962547317613, 0.000690385291819, 0.000234505918343, 0.000142069300637, 0.000273147219559, 0.00013285849127, 0.000250944460277, 0.00024072107044, 0.000384560029488, 0.000179143156856, 0.000133926077979, 9.14034899324e-05, 6.38881610939e-05, 4.19700700149e-05, 3.67056018149e-05, 3.18768034049e-05, 1.88611975318e-05, 1.77324072865e-05, 2.40587378357e-05, 2.56635685218e-05, 3.03331544274e-05, 4.15118047385e-05, 4.09640888392e-05, 3.35536315106e-05, 4.03390586143e-05, 8.08779077488e-05, 6.66479681968e-05, 0.000114459893666, 0.000105417871964, 4.6403005399e-05, 3.35531258315e-05, 4.30762120232e-05, 5.37621126568e-05, 5.47189483768e-05, 7.39980387152e-05, 6.99450611137e-05, 6.51162699796e-05, 8.80368825165e-05, 0.000130060405354, 5.64174479223e-05, 0.000136531860335, 0.000162192605785, 0.000114770351502, 0.000148847379023, 0.000198539535631, 0.000102228128526, 4.85768432554e-05, 2.98941449728e-05, 1.08395188363e-05, 5.78486947234e-07, 4.84871431894e-09, 4.76496930801e-09, 4.45651560099e-09, 4.29873869834e-09, 4.22518997567e-09, 4.03970856766e-09, 3.9958458764e-09, 3.78657860622e-09, 3.69934083366e-09, 3.5611116278e-09, 3.47710282789e-09, 3.36657834943e-09, 3.29890359474e-09, 3.27112625875e-09, 3.22120485841e-09, 3.14856274386e-09, 3.07976133485e-09, 3.05960368152e-09, 3.035139029e-09, 3.01635738609e-09],
        "mean": [4.58129543404e-05, 0.000414857233409, 0.000990628963336, 0.00117871176917, 0.000898479367606, 0.00070165732177, 0.000457074667793, 0.000238020336838, 0.000220043526497, 0.000238290216657, 0.000214829386096, 0.000237977525103, 0.000225219046115, 0.000305089459289, 0.000199483489268, 0.000159316608915, 0.000267398892902, 0.000203206000151, 0.0001213768046, 0.000131685577799, 0.000194936204934, 0.000221083406359, 0.000257986888755, 0.000460361858131, 0.000490123988129, 0.0003586873936, 0.000333825824782, 0.000272770033916, 0.000399383628974, 0.000221568829147, 0.000154766603373, 0.00021852372447, 0.000200907408725, 0.000121239529108, 0.000143277211464, 8.57262712088e-05, 7.43697746657e-05, 9.30399692152e-05, 0.000111909845145, 7.90565682109e-05, 0.000118933254271, 0.000279148516711, 0.000201580842258, 0.000131589840748, 0.000198942303541, 0.000103337450128, 6.42497470835e-05, 5.61180822842e-05, 4.93199659104e-05, 5.54357866349e-05, 2.51310921158e-05, 2.71755488939e-05, 2.60766591964e-05, 1.89949951164e-05, 1.60724739544e-05, 2.69595475402e-05, 2.37486383412e-05, 2.18501991185e-05, 1.33920912049e-05, 1.19243586596e-05, 1.3421080439e-05, 9.98638006422e-06, 6.74000330037e-06, 6.28600446362e-06, 9.79583273875e-06, 6.59057832308e-06, 6.06941466685e-06, 6.34612251815e-06, 5.49259266336e-06, 5.97704411121e-06, 3.87187037632e-06, 2.67715677182e-06, 1.97912709154e-06, 2.01824127544e-06, 1.26279689994e-06, 1.12262250695e-06, 1.24494658849e-06, 1.08434085178e-06, 9.22249171253e-07, 8.25451706987e-07, 7.17132081718e-07, 6.92812875513e-07, 1.0356960729e-06, 9.16899466574e-07, 8.86754605744e-07, 9.26667610202e-07, 9.58584791988e-07, 9.12363589123e-07, 8.42324197947e-07, 9.4065921985e-07, 1.1574339851e-06, 9.34306058298e-07, 8.5444224851e-07, 7.88321756318e-07, 7.89465389062e-07, 7.59252031912e-07, 8.06744651527e-07, 7.99409065166e-07, 9.90190073935e-07, 1.07638959435e-06, 1.13289343062e-06, 1.04222544905e-06, 1.04529487999e-06, 9.36419496611e-07, 1.07580171971e-06, 1.10833241251e-06, 2.89958876465e-07, 1.3782255337e-08, 1.54864680108e-11, 9.59902209802e-12, 9.13572602984e-12, 9.95732836462e-12, 9.94993150372e-12, 1.09573756318e-11, 9.52005748539e-12, 8.41846904687e-12, 7.57047376176e-12, 7.38292500052e-12, 7.28828629393e-12, 7.11696110031e-12, 6.90799110623e-12, 6.82632075866e-12, 6.76384078954e-12, 6.605129204e-12, 6.04845253743e-12, 5.20025212128e-12, 4.731456546e-12, 4.64343667683e-12],
        "min": [2.63590121952e-10, 1.99179730487e-08, 4.80870312458e-08, 3.27133932387e-07, 3.47307945958e-07, 2.2877856054e-07, 7.87533025459e-08, 3.09874401694e-08, 1.51226430489e-07, 2.63775259413e-08, 3.50134428118e-08, 1.11972134675e-07, 4.46204104776e-08, 2.94922699595e-08, 8.28652986229e-08, 8.31254425293e-08, 2.45114733843e-07, 9.01167780398e-08, 1.25348236679e-07, 2.32339530726e-07, 6.63401635848e-08, 9.07779380555e-08, 2.79531093383e-07, 1.02801124058e-07, 1.77147853719e-07, 6.48112887802e-08, 7.365196808e-08, 2.63759943664e-07, 6.47978737334e-08, 4.52626863989e-07, 2.43091182739e-08, 9.5960402291e-08, 1.28981326952e-07, 1.82493863576e-07, 4.17461123448e-08, 8.16303113993e-09, 4.93286052006e-08, 1.55770024435e-07, 1.17616323791e-07, 3.17296908747e-08, 8.2758226938e-08, 1.85735373748e-07, 1.98560154985e-08, 8.3375631732e-08, 4.44722587645e-08, 6.1071304458e-08, 3.23936077962e-08, 3.88160685816e-08, 7.23184925278e-08, 8.9626468025e-08, 3.68199124523e-08, 3.2770334002e-08, 5.02574621919e-08, 4.86811586597e-08, 1.2410175998e-08, 9.8221462963e-08, 5.60431843155e-08, 8.37534486209e-08, 7.43398160807e-08, 7.19407964311e-08, 6.1512785976e-08, 9.31200148102e-08, 6.25408915766e-08, 4.34640448077e-08, 3.50792710435e-08, 6.48381686119e-08, 4.44397194599e-08, 1.12436158162e-08, 2.07725374679e-08, 1.46028096282e-08, 1.82758750356e-08, 1.249136794e-08, 1.12812710285e-08, 1.1094717145e-08, 1.12034141964e-08, 4.45701697771e-09, 2.51030263243e-09, 4.81653383844e-09, 4.50108172956e-09, 5.05290476127e-09, 1.58215363033e-09, 1.45912260052e-09, 2.08915218458e-09, 1.44033129867e-09, 1.49698464735e-09, 1.23073162772e-09, 1.35006339441e-09, 1.55470247787e-09, 7.76227027099e-10, 2.2862189919e-10, 5.92061288884e-10, 4.48714121415e-10, 4.00161542791e-10, 5.18592557786e-10, 2.96894731022e-10, 3.62969765355e-10, 3.61802476867e-10, 6.33078589551e-10, 2.3812560257e-10, 1.40140565819e-10, 1.59789279031e-10, 2.33176616904e-10, 2.14464890291e-10, 3.99190597244e-10, 3.78118147903e-10, 1.93951674166e-10, 1.74425023036e-11, 1.41655057909e-12, 9.02650512929e-13, 8.37712169598e-13, 8.04152534492e-13, 7.33844354641e-13, 8.31033755266e-13, 8.1078877336e-13, 7.75199403367e-13, 8.31267238204e-13, 6.75517801418e-13, 7.62175804241e-13, 9.06162026925e-13, 9.7371232171e-13, 9.25809559224e-13, 8.86644544677e-13, 9.37454541078e-13, 1.00464916334e-12, 5.73044270456e-13, 2.75798725221e-13, 3.12882417186e-14, 1.1217964593e-15],
        "stdev": [8.6011204985e-05, 0.000765675271396, 0.00188257475384, 0.00226846639998, 0.00194681156427, 0.00143217225559, 0.000903653155547, 0.00055081321625, 0.000503547897097, 0.000513767183293, 0.000424081605161, 0.000535653787665, 0.000543783127796, 0.000688380911015, 0.000351516559022, 0.000341113918694, 0.000577643979341, 0.000396946968976, 0.000386964704376, 0.00045219520689, 0.000911184179131, 0.00100456352811, 0.000870628049597, 0.0011071797926, 0.0013228271855, 0.0011170670623, 0.0009999088943, 0.000706181919668, 0.000957699026912, 0.000526498130057, 0.00053092680173, 0.000516163476277, 0.000486445205752, 0.000313742581056, 0.000388696586015, 0.00026604172308, 0.000178807313205, 0.0001964946714, 0.000270495307632, 0.000241798945353, 0.000548121344764, 0.00121465534903, 0.000738607835956, 0.000402735720854, 0.000650761532597, 0.000350663234713, 0.000280853389995, 0.000180095128599, 0.00014998773986, 0.000253968464676, 7.67507590353e-05, 6.53382667224e-05, 6.45029940642e-05, 5.38742642675e-05, 3.80974306609e-05, 7.25232748664e-05, 6.28625057288e-05, 8.26821633382e-05, 3.99776727136e-05, 3.00364390569e-05, 2.08496039704e-05, 1.27897810671e-05, 1.26121922222e-05, 1.01012492451e-05, 1.58127622853e-05, 1.32673721964e-05, 1.48370600073e-05, 1.02162030089e-05, 8.16318333818e-06, 8.08201730251e-06, 5.63218600291e-06, 3.64315496881e-06, 2.84696739072e-06, 2.66966185336e-06, 1.821099886e-06, 1.90130413102e-06, 2.05267997444e-06, 1.79371704689e-06, 1.78657228389e-06, 1.73855426056e-06, 1.80623328561e-06, 1.60903266533e-06, 2.63378092313e-06, 3.23920426126e-06, 3.110740181e-06, 4.43808539785e-06, 3.43216242982e-06, 2.35159336626e-06, 1.87169871424e-06, 2.42838564191e-06, 3.19264950122e-06, 3.31066758008e-06, 3.13587702294e-06, 3.4780380247e-06, 3.62061359738e-06, 3.78170147997e-06, 4.73490354125e-06, 3.43188412444e-06, 5.42308453078e-06, 6.90866318109e-06, 6.03621083428e-06, 5.68127825318e-06, 6.59345596432e-06, 4.1559451347e-06, 3.22442861034e-06, 2.74700073533e-06, 7.8272933024e-07, 4.31533742073e-08, 1.33463559648e-10, 1.27355709312e-10, 1.19093832018e-10, 1.15453258065e-10, 1.13841283622e-10, 1.14310283461e-10, 1.08008879618e-10, 1.01379016293e-10, 9.883062424e-11, 9.51369885649e-11, 9.2889244907e-11, 8.99369259622e-11, 8.81277481546e-11, 8.73821501268e-11, 8.60466836672e-11, 8.41079983438e-11, 8.22831594527e-11, 8.17640885553e-11, 8.11212763629e-11, 8.06211764015e-11]
    },
    "mfcc": {
        "mean": [-649.13079834, 123.712348938, -15.8423366547, 6.08706760406, 6.94721746445, -1.76876413822, 4.66493749619, 5.93266201019, -0.430707901716, 8.9043970108, 1.21581304073, -3.24190616608, -0.523515999317],
        "cov": [[2910.52783203, -364.148376465, -239.565582275, -574.768371582, -92.8657455444, -92.5401763916, 86.3192138672, 63.555267334, 13.1947698593, 138.457778931, 3.77285671234, -28.1677341461, 1.37081122398], [-364.148376465, 745.692932129, -293.922088623, -53.5955543518, -15.0870084763, -52.445526123, 9.92961883545, 29.5117321014, -13.6469717026, 70.3835067749, 25.4794864655, -15.3117523193, 15.2015676498], [-239.565582275, -293.922088623, 666.764892578, 351.432403564, 66.8380737305, 111.929084778, -1.43805336952, -6.4562959671, 49.4786376953, -92.3936080933, -5.14279985428, 47.0148277283, 10.0472660065], [-574.768371582, -53.5955543518, 351.432403564, 636.809753418, 180.701507568, 55.0891799927, -96.76612854, -20.759393692, 52.1119995117, -94.7879562378, -60.4808044434, 28.2830543518, 44.4135475159], [-92.8657455444, -15.0870084763, 66.8380737305, 180.701507568, 247.404525757, 37.8089866638, -43.3772735596, 2.56164884567, 38.0082321167, -4.8481426239, -39.883556366, -11.5521821976, 26.2261600494], [-92.5401763916, -52.445526123, 111.929084778, 55.0891799927, 37.8089866638, 205.285003662, 135.348678589, 43.428527832, 18.3896141052, 3.08051753044, 37.4245376587, 28.0026302338, -21.5849018097], [86.3192138672, 9.92961883545, -1.43805336952, -96.76612854, -43.3772735596, 135.348678589, 281.042755127, 110.969841003, 11.6316490173, 42.2401123047, 69.5393295288, 19.6093826294, -19.1240921021], [63.555267334, 29.5117321014, -6.4562959671, -20.759393692, 2.56164884567, 43.428527832, 110.969841003, 125.395637512, 42.4585189819, 50.0034599304, 28.6179351807, 6.21704292297, 7.51715612411], [13.1947698593, -13.6469717026, 49.4786376953, 52.1119995117, 38.0082321167, 18.3896141052, 11.6316490173, 42.4585189819, 103.674072266, 50.1081314087, 17.0376663208, -0.0582283176482, 0.963155925274], [138.457778931, 70.3835067749, -92.3936080933, -94.7879562378, -4.8481426239, 3.08051753044, 42.2401123047, 50.0034599304, 50.1081314087, 140.611572266, 61.0481491089, 4.41307497025, -11.5473766327], [3.77285671234, 25.4794864655, -5.14279985428, -60.4808044434, -39.883556366, 37.4245376587, 69.5393295288, 28.6179351807, 17.0376663208, 61.0481491089, 107.572502136, 30.5449466705, -17.2226924896], [-28.1677341461, -15.3117523193, 47.0148277283, 28.2830543518, -11.5521821976, 28.0026302338, 19.6093826294, 6.21704292297, -0.0582283176482, 4.41307497025, 30.5449466705, 71.5734786987, 11.3403539658], [1.37081122398, 15.2015676498, 10.0472660065, 44.4135475159, 26.2261600494, -21.5849018097, -19.1240921021, 7.51715612411, 0.963155925274, -11.5473766327, -17.2226924896, 11.3403539658, 78.6508255005]],
        "icov": [[0.000509506440721, 0.000337800767738, 9.47779972194e-06, 0.000459328235593, -0.000104961727629, 0.000251055520494, -0.000155000787345, -8.29767086543e-05, -5.1567403716e-05, -0.00046831954387, 0.00042268022662, -9.67825108091e-05, -0.000222233706154], [0.000337800767738, 0.00200354354456, 0.000921031460166, -0.000285387708573, 7.51820407459e-05, 0.000328751106281, -0.000157806862262, -0.000360036210623, 0.000466276280349, -0.00086940737674, -0.00022693235951, 0.000258802174358, -0.00050880247727], [9.47779972194e-06, 0.000921031460166, 0.00307007832453, -0.0013823172776, 0.000432675122283, -0.000868858303875, 9.12152609089e-05, -1.4741398445e-05, -0.00122209195979, 0.00148205843288, -0.000932442315388, -0.000572003831621, -3.80706151191e-05], [0.000459328235593, -0.000285387708573, -0.0013823172776, 0.00384080247022, -0.00166819302831, -0.000319846323691, 0.00094164791517, -0.000436644506408, -0.00138984678779, 0.00129645003472, 0.000870425195899, -0.0012062540045, -0.000634066818748], [-0.000104961727629, 7.51820407459e-05, 0.000432675122283, -0.00166819302831, 0.0063184001483, -0.00235651060939, 0.00121084693819, -9.38736557146e-05, -0.000910457049031, -0.00144495349377, 0.00172989827115, 0.00157560652588, -0.00162552890833], [0.000251055520494, 0.000328751106281, -0.000868858303875, -0.000319846323691, -0.00235651060939, 0.0101333297789, -0.00543823791668, 0.0010824551573, -0.000300798739772, 0.000398830510676, -0.000593553762883, -0.00227009528317, 0.00262426398695], [-0.000155000787345, -0.000157806862262, 9.12152609089e-05, 0.00094164791517, 0.00121084693819, -0.00543823791668, 0.00994890555739, -0.007139807567, 0.00166913378052, 0.00123665318824, -0.00278093945235, 0.000781340466347, 0.000134577800054], [-8.29767086543e-05, -0.000360036210623, -1.4741398445e-05, -0.000436644506408, -9.38736557146e-05, 0.0010824551573, -0.007139807567, 0.0165786221623, -0.00471134437248, -0.00310098659247, 0.00169669941533, 4.18056915805e-05, -0.00270479987375], [-5.1567403716e-05, 0.000466276280349, -0.00122209195979, -0.00138984678779, -0.000910457049031, -0.000300798739772, 0.00166913378052, -0.00471134437248, 0.0162953455001, -0.00642990274355, -0.000400364893721, 0.00186678231694, 0.000428503204603], [-0.00046831954387, -0.00086940737674, 0.00148205843288, 0.00129645003472, -0.00144495349377, 0.000398830510676, 0.00123665318824, -0.00310098659247, -0.00642990274355, 0.016191765666, -0.0074958675541, -0.000326192734065, 0.00130472960882], [0.00042268022662, -0.00022693235951, -0.000932442315388, 0.000870425195899, 0.00172989827115, -0.000593553762883, -0.00278093945235, 0.00169669941533, -0.000400364893721, -0.0074958675541, 0.018341915682, -0.00615360913798, 0.00189408997539], [-9.67825108091e-05, 0.000258802174358, -0.000572003831621, -0.0012062540045, 0.00157560652588, -0.00227009528317, 0.000781340466347, 4.18056915805e-05, 0.00186678231694, -0.000326192734065, -0.00615360913798, 0.0191159304231, -0.00443100184202], [-0.000222233706154, -0.00050880247727, -3.80706151191e-05, -0.000634066818748, -0.00162552890833, 0.00262426398695, 0.000134577800054, -0.00270479987375, 0.000428503204603, 0.00130472960882, 0.00189408997539, -0.00443100184202, 0.01597298868]]
    },
    "spectral_contrast_coeffs": {
        "max": [-0.455104500055, -0.453765690327, -0.539963781834, -0.578363180161, -0.613777399063, -0.685919523239],
        "mean": [-0.721980214119, -0.737322092056, -0.734945774078, -0.763816952705, -0.786589562893, -0.80969107151],
        "min": [-0.904153585434, -0.896602392197, -0.890026330948, -0.909049034119, -0.871152222157, -0.872007191181],
        "stdev": [0.0653049349785, 0.0724357366562, 0.0749639049172, 0.062834367156, 0.0395729318261, 0.0240345094353]
    },
    "spectral_contrast_valleys": {
        "max": [-5.33149528503, -4.74015712738, -5.39747953415, -5.95991039276, -6.14816617966, -7.44650936127],
        "mean": [-7.07913780212, -6.8601193428, -7.31562328339, -7.4647397995, -7.62144804001, -10.1679973602],
        "min": [-9.83506584167, -8.68937492371, -9.3121471405, -9.5792722702, -9.49019145966, -13.0409660339],
        "stdev": [0.66396766901, 0.584347128868, 0.728261291981, 0.591440796852, 0.56158208847, 0.793365478516]
    }
},
"rhythm": {
    "beats_count": 51,
    "beats_loudness": {
        "max": 0.0825516432524,
        "mean": 0.0300910715014,
        "min": 0.00146513339132,
        "stdev": 0.0193887744099
    },
    "bpm": 94.9820480347,
    "bpm_histogram_first_peak_bpm": 96,
    "bpm_histogram_first_peak_weight": 0.41666662693,
    "bpm_histogram_second_peak_bpm": 89,
    "bpm_histogram_second_peak_spread": 0.5,
    "bpm_histogram_second_peak_weight": 0.019999999553,
    "danceability": 1.13328123093,
    "onset_rate": 3.72216773033,
    "beats_loudness_band_ratio": {
        "max": [0.982776105404, 0.638449668884, 0.684881210327, 0.617795109749, 0.447249114513, 0.234752491117],
        "mean": [0.350918143988, 0.117449276149, 0.198938384652, 0.201019585133, 0.129052951932, 0.0410155206919],
        "min": [0.0102197378874, 0.0014105286682, 0.00190646434203, 0.00267837708816, 0.00319151300937, 0.00388938840479],
        "stdev": [0.275015056133, 0.134484797716, 0.155056342483, 0.177053451538, 0.111458867788, 0.0475331060588]
    },
    "beats_position": [0.66176867485, 1.33514738083, 1.99691605568, 2.6470746994, 3.27401351929, 3.90095233917, 4.52789115906, 5.14321994781, 5.7701587677, 6.39709758759, 7.02403593063, 7.66258478165, 8.28952407837, 8.91646194458, 9.54340076447, 10.1703395844, 10.8088884354, 11.4474372864, 12.0975961685, 12.7245349884, 13.3514738083, 13.9784126282, 14.6053514481, 15.2439002991, 15.8824491501, 16.50938797, 17.1363258362, 17.7632656097, 18.390203476, 19.0171432495, 19.6556911469, 20.2942390442, 20.9211788177, 21.548116684, 22.1750564575, 22.8136043549, 23.4405441284, 24.0790920258, 24.7060317993, 25.3445796967, 25.9831295013, 26.6100673676, 27.2370071411, 27.8755550385, 28.5024929047, 29.1294326782, 29.7679805756, 30.4065303802, 31.0450782776, 31.6836280823, 32.322177887],
