{
"metadata": {
    "version": {
        "essentia": "2.1-beta5",
        "essentia_git_sha": "Undefined",
        "extractor": "music 2.0"
    },
    "audio_properties": {
        "analysis": {
            "equal_loudness": 0,
            "length": 12.7477550507,
            "sample_rate": 44100,
            "start_time": 0,
            "downmix": "mix"
        },
        "bit_rate": 192000,
        "length": 193.050704956,
        "lossless": 0,
        "number_channels": 2,
        "replay_gain": -8.35915756226,
        "sample_rate": 44100,
        "codec": "mp3",
        "md5_encoded": "9646101178f33f46b4ab76b9f43e26d0"
    },
    "tags": {
        "file_name": "North MacedoniaNorth MacedoniaN_Life_Tose Proeski.mp3",
        "encoding": ["Lavf58.29.100"]
    }
},
"lowlevel": {
    "average_loudness": 0.856194972992,
    "barkbands_crest": {
        "max": 23.3843154907,
        "mean": 8.54669761658,
        "min": 2.15986514091,
        "stdev": 4.14952087402
    },
    "barkbands_flatness_db": {
        "max": 0.27789413929,
        "mean": 0.156278282404,
        "min": 0.0326191075146,
        "stdev": 0.0629681497812
    },
    "barkbands_kurtosis": {
        "max": 21.6414890289,
        "mean": 1.05481016636,
        "min": -1.50943470001,
        "stdev": 2.61221647263
    },
    "barkbands_skewness": {
        "max": 4.48883152008,
        "mean": 0.870682418346,
        "min": -1.85006964207,
        "stdev": 0.73235309124
    },
    "barkbands_spread": {
        "max": 69.6374511719,
        "mean": 19.9527626038,
        "min": 3.66103219986,
        "stdev": 13.7262086868
    },
    "dissonance": {
        "max": 0.500000059605,
        "mean": 0.481023937464,
        "min": 0.272746711969,
        "stdev": 0.0202933140099
    },
    "dynamic_complexity": 3.56256723404,
    "erbbands_crest": {
        "max": 24.440032959,
        "mean": 8.14973545074,
        "min": 2.59821724892,
        "stdev": 3.50242447853
    },
    "erbbands_flatness_db": {
        "max": 0.373135149479,
        "mean": 0.213884323835,
        "min": 0.0617221966386,
        "stdev": 0.0886615887284
    },
    "erbbands_kurtosis": {
        "max": 6.25575065613,
        "mean": 0.31114962697,
        "min": -1.56659603119,
        "stdev": 1.19831490517
    },
    "erbbands_skewness": {
        "max": 1.9063450098,
        "mean": 0.594743669033,
        "min": -0.688015758991,
        "stdev": 0.432231664658
    },
    "erbbands_spread": {
        "max": 105.026557922,
        "mean": 25.1421756744,
        "min": 6.13976955414,
        "stdev": 15.1463928223
    },
    "hfc": {
        "max": 159.0987854,
        "mean": 18.5336856842,
        "min": 1.12973628145e-16,
        "stdev": 20.1183624268
    },
    "loudness_ebu128": {
        "integrated": -17.8770523071,
        "loudness_range": 5.41217422485,
        "momentary": {
            "max": -12.9197940826,
            "mean": -18.925075531,
            "min": -27.8647632599,
            "stdev": 3.15132594109
        },
        "short_term": {
            "max": -14.764538765,
            "mean": -17.9112071991,
            "min": -20.4735965729,
            "stdev": 2.03461647034
        }
    },
    "melbands_crest": {
        "max": 32.3051528931,
        "mean": 11.4645700455,
        "min": 1.14477336407,
        "stdev": 5.94703722
    },
    "melbands_flatness_db": {
        "max": 0.307339459658,
        "mean": 0.163134202361,
        "min": 0.000179988710443,
        "stdev": 0.0550133101642
    },
    "melbands_kurtosis": {
        "max": 81.1870422363,
        "mean": 4.58969926834,
        "min": -1.24617815018,
        "stdev": 8.4546251297
    },
    "melbands_skewness": {
        "max": 7.76354312897,
        "mean": 1.4619410038,
        "min": -0.280777186155,
        "stdev": 1.12628006935
    },
    "melbands_spread": {
        "max": 144.449539185,
        "mean": 26.2369194031,
        "min": 4.85098266602,
        "stdev": 17.5261230469
    },
    "pitch_salience": {
        "max": 0.99113458395,
        "mean": 0.6279925704,
        "min": 0.184211879969,
        "stdev": 0.140068978071
    },
    "silence_rate_20dB": {
        "max": 1,
        "mean": 1,
        "min": 1,
        "stdev": 0
    },
    "silence_rate_30dB": {
        "max": 1,
        "mean": 1,
        "min": 1,
        "stdev": 0
    },
    "silence_rate_60dB": {
        "max": 1,
        "mean": 0.209090903401,
        "min": 0,
        "stdev": 0.406659096479
    },
    "spectral_centroid": {
        "max": 10902.6503906,
        "mean": 1805.91369629,
        "min": 398.648620605,
        "stdev": 729.495788574
    },
    "spectral_complexity": {
        "max": 47,
        "mean": 17.6890907288,
        "min": 0,
        "stdev": 9.97814178467
    },
    "spectral_decrease": {
        "max": 1.6256609151e-29,
        "mean": -2.87876034122e-09,
        "min": -1.18026095564e-08,
        "stdev": 2.34531838395e-09
    },
    "spectral_energy": {
        "max": 0.0493084974587,
        "mean": 0.0125461742282,
        "min": 1.06456319222e-20,
        "stdev": 0.0102885505185
    },
    "spectral_energyband_high": {
        "max": 0.0123879173771,
        "mean": 0.000556786428206,
        "min": 7.76064485768e-21,
        "stdev": 0.00130958145019
    },
    "spectral_energyband_low": {
        "max": 0.0233355145901,
        "mean": 0.00177500664722,
        "min": 5.85158086831e-23,
        "stdev": 0.00410833442584
    },
    "spectral_energyband_middle_high": {
        "max": 0.0438566468656,
        "mean": 0.00782847963274,
        "min": 1.57258818135e-21,
        "stdev": 0.00897047575563
    },
    "spectral_energyband_middle_low": {
        "max": 0.0192666761577,
        "mean": 0.00270277564414,
        "min": 2.72552805906e-22,
        "stdev": 0.00287691410631
    },
    "spectral_entropy": {
        "max": 9.80136394501,
        "mean": 7.73781776428,
        "min": 6.8828458786,
        "stdev": 0.416784733534
    },
    "spectral_flux": {
        "max": 0.167078241706,
        "mean": 0.0661101415753,
        "min": 6.60009616404e-11,
        "stdev": 0.0346401631832
    },
    "spectral_kurtosis": {
        "max": 17.7086811066,
        "mean": 6.06258583069,
        "min": -1.2119165659,
        "stdev": 3.70349502563
    },
    "spectral_rms": {
        "max": 0.00693583814427,
        "mean": 0.00317578343675,
        "min": 3.22272915819e-12,
        "stdev": 0.00146784412209
    },
    "spectral_rolloff": {
        "max": 18755.4199219,
        "mean": 2568.28271484,
        "min": 64.599609375,
        "stdev": 2175.85351562
    },
    "spectral_skewness": {
        "max": 2.81877923012,
        "mean": 1.72468996048,
        "min": 0.0148184206337,
        "stdev": 0.381109446287
    },
    "spectral_spread": {
        "max": 41371204,
        "mean": 4339891.5,
        "min": 1712504.875,
        "stdev": 3153595.75
    },
    "spectral_strongpeak": {
        "max": 11.9092969894,
        "mean": 1.27681171894,
        "min": 0,
        "stdev": 1.75611817837
    },
    "zerocrossingrate": {
        "max": 0.49560546875,
        "mean": 0.0867151990533,
        "min": 0.0234375,
        "stdev": 0.0471899136901
    },
    "barkbands": {
        "max": [0.00133190769702, 0.0225612130016, 0.0166612528265, 0.00560680963099, 0.0143303889781, 0.00175008829683, 0.00190367235336, 0.01640788652, 0.0135614480823, 0.0213548094034, 0.0193844493479, 0.0117011768743, 0.00949592329562, 0.00762363988906, 0.00267391907983, 0.00461002532393, 0.00514343194664, 0.00479693477973, 0.00876530446112, 0.00636426452547, 0.00103997869883, 0.00140683725476, 0.00160264305305, 0.00192757579498, 0.00261318054982, 0.00462392019108, 1.48051176438e-05],
        "mean": [3.48622343154e-05, 0.00117658264935, 0.000463359407149, 0.00016781128943, 0.00025800280855, 7.90668491391e-05, 0.000196442138986, 0.000509576464538, 0.00105196307413, 0.00178445409983, 0.00130956666544, 0.00122889364138, 0.000803664617706, 0.000557260413188, 0.000465594697744, 0.000468649202958, 0.000403968064347, 0.000311492796754, 0.000630640599411, 0.000139002659125, 5.64510155527e-05, 6.37171178823e-05, 7.44550852687e-05, 0.000102653895738, 0.000126613216707, 8.13234801171e-05, 1.04017892966e-07],
        "min": [1.92820245544e-24, 3.3890770842e-23, 1.87099599809e-23, 1.21966983625e-23, 5.81133381602e-23, 3.65015249404e-23, 1.25110941431e-23, 5.25297112533e-23, 4.69984994203e-23, 4.08745311923e-23, 4.62341121358e-23, 9.21831930494e-23, 8.21153715237e-23, 1.12306618223e-22, 9.10546865037e-23, 1.08471454181e-22, 1.36788708157e-22, 1.27004990153e-22, 1.65377645829e-22, 3.05696197304e-22, 4.20394023325e-22, 4.43886957415e-22, 6.97586997427e-22, 9.20314767957e-22, 1.19242255534e-21, 1.52199748389e-21, 2.22892641197e-21],
        "stdev": [0.000138180097565, 0.00333503703587, 0.0015518827131, 0.000575895479415, 0.000940114725381, 0.000224712261115, 0.000307084759697, 0.00145306729246, 0.00122866849415, 0.00269596558064, 0.0021134307608, 0.00161738099996, 0.00111451896373, 0.000834930047859, 0.000530377146788, 0.000617025594693, 0.000643499020953, 0.000508605677169, 0.00144370354246, 0.000436667643953, 0.000107760919491, 0.000147008147906, 0.000165813180502, 0.000275301630609, 0.00035042539821, 0.0003402888251, 8.55851624237e-07]
    },
    "erbbands": {
        "max": [0.862694621086, 5.64010906219, 16.1753768921, 16.6604270935, 36.7525138855, 48.0184936523, 19.3197422028, 17.7393722534, 23.6604347229, 95.4551010132, 464.206878662, 318.987060547, 416.552734375, 1131.98303223, 685.06036377, 434.222198486, 373.805114746, 502.767364502, 167.153640747, 267.542816162, 266.073364258, 289.758361816, 260.601593018, 512.563964844, 274.910766602, 333.669464111, 33.3696136475, 47.0522346497, 55.3376502991, 40.400188446, 45.8129310608, 44.271938324, 36.0208969116, 28.3951339722, 24.9692764282, 15.4698514938, 8.61895847321, 1.49994266033, 0.0259480532259, 0.000927566143218],
        "mean": [0.0336778983474, 0.261939913034, 0.551698803902, 0.589805841446, 0.698343336582, 0.908154129982, 0.65558552742, 0.654082298279, 1.4756821394, 6.16085958481, 13.0401010513, 21.023973465, 44.8199691772, 65.7707138062, 47.6604385376, 50.4333000183, 40.6884689331, 33.100818634, 24.1605815887, 28.1830387115, 23.2876377106, 22.8474464417, 18.5280208588, 31.2473907471, 19.0503635406, 7.07025003433, 2.52961087227, 2.28456687927, 2.09881019592, 2.36085581779, 2.01495051384, 2.01754045486, 1.76641404629, 1.35310554504, 0.944515585899, 0.392516165972, 0.141233101487, 0.0178518630564, 0.000332087482093, 3.00940828311e-05],
        "min": [7.61740851798e-22, 8.3716251766e-21, 2.33846285614e-20, 2.86428606191e-20, 3.2290329686e-20, 1.44069607849e-19, 4.1408591671e-19, 1.1644642828e-19, 6.90420386187e-20, 2.94328749727e-19, 1.58957623274e-18, 1.19574634071e-18, 1.27377883739e-18, 3.37208096962e-18, 1.3463872006e-18, 4.73928417033e-18, 4.253624926e-18, 6.39349195343e-18, 6.84220434852e-18, 4.28456685759e-18, 8.6660991353e-18, 8.50395519162e-18, 6.10289761398e-18, 8.96391145278e-18, 9.58028425904e-18, 1.63092124265e-17, 1.43757852782e-17, 1.65402108844e-17, 1.66049394217e-17, 1.87555660009e-17, 1.97434231387e-17, 1.24288734314e-17, 1.62907861512e-17, 9.95187198817e-18, 9.27836747136e-18, 5.98446106669e-18, 2.52113028819e-18, 1.19205297928e-18, 3.04244809965e-19, 3.40719377849e-20],
        "stdev": [0.108079202473, 0.750465035439, 1.59714031219, 1.91560304165, 2.6853260994, 3.26774024963, 1.75990235806, 1.87604236603, 2.47030758858, 9.32384395599, 39.4226264954, 25.868429184, 58.7782516479, 102.362068176, 71.3401031494, 63.4441070557, 52.1163749695, 50.7433929443, 26.574640274, 36.7083816528, 30.8699760437, 36.3198471069, 28.8105220795, 71.2096481323, 42.924911499, 20.1829490662, 3.54714536667, 5.00110626221, 4.81656646729, 4.9445400238, 4.66910600662, 5.33641672134, 4.78620767593, 3.58386850357, 2.7894821167, 1.41631495953, 0.614782691002, 0.0948393419385, 0.00166930200066, 6.60407822579e-05]
    },
    "gfcc": {
        "mean": [-59.9948005676, 47.5371589661, -179.158401489, -6.85436201096, -64.6733474731, 20.5685386658, -31.7160835266, 18.3488903046, -26.3425788879, -3.19753336906, -20.2333602905, -2.68479847908, -14.1216535568],
        "cov": [[11341.5400391, -584.885559082, 420.686859131, 448.792297363, -90.3960571289, 686.568725586, -333.030426025, 420.071716309, -214.535934448, 295.361907959, -249.593887329, 127.566467285, -392.206817627], [-584.885559082, 1164.02209473, 383.760986328, 226.193862915, 143.369018555, -86.6977310181, 56.0005531311, -12.0854930878, 116.862335205, 56.5561065674, -0.548662483692, -38.2921066284, 24.9039840698], [420.686859131, 383.760986328, 4212.58251953, 1401.12219238, 781.151367188, 992.631835938, -96.5711517334, 680.819335938, 268.248352051, 923.542907715, -161.492919922, 284.531219482, -403.065704346], [448.792297363, 226.193862915, 1401.12219238, 616.53527832, 281.217956543, 358.733581543, -30.0542812347, 237.747528076, 107.569992065, 310.860839844, -39.5444297791, 88.1314849854, -139.461074829], [-90.3960571289, 143.369018555, 781.151367188, 281.217956543, 306.856842041, 235.397994995, 72.0925598145, 184.252807617, 80.4585876465, 175.438903809, -26.9697666168, 85.960723877, -49.6510772705], [686.568725586, -86.6977310181, 992.631835938, 358.733581543, 235.397994995, 424.457855225, 15.8316059113, 271.841430664, 76.8568115234, 259.639831543, -41.6820030212, 106.302345276, -107.9870224], [-333.030426025, 56.0005531311, -96.5711517334, -30.0542812347, 72.0925598145, 15.8316059113, 141.257873535, 40.6716270447, 29.6086654663, -0.434941500425, 24.5537452698, 5.55733537674, 30.4295482635], [420.071716309, -12.0854930878, 680.819335938, 237.747528076, 184.252807617, 271.841430664, 40.6716270447, 269.071166992, 88.6822280884, 209.18711853, -27.385684967, 97.5653076172, -62.53647995], [-214.535934448, 116.862335205, 268.248352051, 107.569992065, 80.4585876465, 76.8568115234, 29.6086654663, 88.6822280884, 109.163002014, 90.719329834, -8.67200183868, 34.377040863, 0.0297111514956], [295.361907959, 56.5561065674, 923.542907715, 310.860839844, 175.438903809, 259.639831543, -0.434941500425, 209.18711853, 90.719329834, 294.692382812, -17.9619560242, 82.27318573, -88.3020477295], [-249.593887329, -0.548662483692, -161.492919922, -39.5444297791, -26.9697666168, -41.6820030212, 24.5537452698, -27.385684967, -8.67200183868, -17.9619560242, 72.2875213623, -2.18857073784, 21.9781799316], [127.566467285, -38.2921066284, 284.531219482, 88.1314849854, 85.960723877, 106.302345276, 5.55733537674, 97.5653076172, 34.377040863, 82.27318573, -2.18857073784, 90.1456375122, -9.08737945557], [-392.206817627, 24.9039840698, -403.065704346, -139.461074829, -49.6510772705, -107.9870224, 30.4295482635, -62.53647995, 0.0297111514956, -88.3020477295, 21.9781799316, -9.08737945557, 95.2819290161]],
        "icov": [[0.000208033452509, -0.000122238241602, 0.000450865976745, -0.000436168425949, 0.00021786011348, -0.000437966722529, 0.000294041237794, -0.00022269616602, 0.000776706961915, -0.000521508394741, 0.000832358782645, -0.000529924989678, 0.000808147480711], [-0.000122238241602, 0.0015724018449, -0.000387475738535, -0.000750798557419, -0.000909760070499, 0.0018609695835, -0.000487560231704, 0.000103927042801, -0.00160873925779, 0.000301790103549, -0.000434270914411, 0.0015888948692, -0.0012613281142], [0.000450865976745, -0.000387475738535, 0.00313419126906, -0.00293145072646, -0.00126854272094, -0.00127168453764, 0.00166988465935, 0.000492975057568, 0.00196551391855, -0.00428261049092, 0.00335770309903, -0.00214655953459, 0.00366412429139], [-0.000436168425949, -0.000750798557419, -0.00293145072646, 0.00951305218041, -0.00183292198926, -0.00182984198909, 0.00173197081313, 0.000551213277504, -0.0034408706706, 0.00201624585316, -0.00478506879881, 0.00280300341547, -5.55729529879e-05], [0.00021786011348, -0.000909760070499, -0.00126854272094, -0.00183292198926, 0.0126404939219, -0.00222448748536, -0.0068416078575, -0.000748582417145, 0.0014011451276, 0.00187641521916, 0.00304605043493, -0.00533354235813, -0.000627796223853], [-0.000437966722529, 0.0018609695835, -0.00127168453764, -0.00182984198909, -0.00222448748536, 0.0126869464293, -0.00147320202086, -0.00571491988376, -0.000505906820763, 6.46257904009e-05, -0.000491576211061, 0.000755276123527, -0.000162454220117], [0.000294041237794, -0.000487560231704, 0.00166988465935, 0.00173197081313, -0.0068416078575, -0.00147320202086, 0.0151621056721, -0.00388548499905, -0.000811573758256, -0.000708031700924, -0.00418166210875, 0.0047047031112, -0.000932971888687], [-0.00022269616602, 0.000103927042801, 0.000492975057568, 0.000551213277504, -0.000748582417145, -0.00571491988376, -0.00388548499905, 0.0178170911968, -0.00472538080066, -0.00494644837454, 0.00245338026434, -0.00672615598887, 0.00222607282922], [0.000776706961915, -0.00160873925779, 0.00196551391855, -0.0034408706706, 0.0014011451276, -0.000505906820763, -0.000811573758256, -0.00472538080066, 0.0209370795637, -0.00641951570287, 0.00574153615162, -0.0025172366295, -0.00330976070836], [-0.000521508394741, 0.000301790103549, -0.00428261049092, 0.00201624585316, 0.00187641521916, 6.46257904009e-05, -0.000708031700924, -0.00494644837454, -0.00641951570287, 0.0185719020665, -0.00716239307076, 0.00123026280198, -0.000377408636268], [0.000832358782645, -0.000434270914411, 0.00335770309903, -0.00478506879881, 0.00304605043493, -0.000491576211061, -0.00418166210875, 0.00245338026434, 0.00574153615162, -0.00716239307076, 0.0228371024132, -0.00688604358584, 0.00215177307837], [-0.000529924989678, 0.0015888948692, -0.00214655953459, 0.00280300341547, -0.00533354235813, 0.000755276123527, 0.0047047031112, -0.00672615598887, -0.0025172366295, 0.00123026280198, -0.00688604358584, 0.0263827424496, -0.010169301182], [0.000808147480711, -0.0012613281142, 0.00366412429139, -5.55729529879e-05, -0.000627796223853, -0.000162454220117, -0.000932971888687, 0.00222607282922, -0.00330976070836, -0.000377408636268, 0.00215177307837, -0.010169301182, 0.0290029868484]]
    },
    "melbands": {
        "max": [0.00642018765211, 0.00592086371034, 0.00262058200315, 0.00383869395591, 0.000842391862534, 0.000375483243261, 0.000351377908373, 0.00128788256552, 0.00381342251785, 0.00231435685419, 0.00216207513586, 0.00438446598127, 0.00298133585602, 0.0014957417734, 0.00148557790089, 0.00125470140483, 0.000859680294525, 0.000298449973343, 0.000236924752244, 0.000332180905389, 0.00039682170609, 0.000349185866071, 0.000390869739931, 0.000213054867345, 0.000483614974655, 0.000448217761004, 0.000274277146673, 0.000178687696462, 2.08054134418e-05, 2.34615272348e-05, 3.08533017233e-05, 3.36900739057e-05, 3.00485044136e-05, 2.1289290089e-05, 2.64841073658e-05, 3.21044681186e-05, 2.49233726208e-05, 2.87016318907e-05, 1.75925033545e-05, 2.90727257379e-05],
        "mean": [0.000316371646477, 0.000304381363094, 0.000103502257844, 6.20147839072e-05, 2.53721846093e-05, 1.47960417962e-05, 2.62777975877e-05, 6.97798895999e-05, 0.000107512503746, 0.000149551880895, 0.000228824865189, 0.000268283241894, 0.000168626283994, 0.000124574246001, 0.000120468874229, 8.32135920064e-05, 5.65315785934e-05, 3.83031692763e-05, 3.4813027014e-05, 3.59205914719e-05, 2.59984208242e-05, 2.41843263211e-05, 1.9629518647e-05, 1.41525188155e-05, 2.75094826065e-05, 2.23847891903e-05, 6.51169739285e-06, 4.01350916945e-06, 1.43978991218e-06, 1.2724070757e-06, 1.36358721647e-06, 1.13382134259e-06, 1.32903755912e-06, 1.30504258777e-06, 1.0732874216e-06, 1.31658384817e-06, 1.20743823118e-06, 1.28024669266e-06, 1.08919698505e-06, 1.17649813092e-06],
        "min": [8.21045799065e-24, 1.16567711934e-23, 5.2661561465e-24, 5.11679480042e-24, 1.36218166085e-23, 3.23945888501e-24, 1.60351065951e-24, 3.68744313233e-24, 1.36882024091e-23, 6.25094249044e-24, 5.8089314979e-24, 1.28962034152e-23, 4.76712786545e-24, 1.02613196394e-23, 8.84988103029e-24, 9.29206675552e-24, 1.08261929569e-23, 1.17572468291e-23, 6.58951212463e-24, 5.92655933634e-24, 1.06930190366e-23, 9.29575704684e-24, 4.37629619629e-24, 6.46648374444e-24, 6.81461121735e-24, 6.24441348316e-24, 6.77210581406e-24, 1.15599779603e-23, 7.28490326778e-24, 1.03880690765e-23, 8.89261993642e-24, 8.88134790294e-24, 7.37593623852e-24, 1.00191377638e-23, 1.10041883761e-23, 8.64164068398e-24, 6.95468214855e-24, 1.2534041318e-23, 7.87018915007e-24, 8.57889153213e-24],
        "stdev": [0.000927126035094, 0.00077307142783, 0.000315757992212, 0.00024338834919, 6.76066265441e-05, 4.18978816015e-05, 4.1128412704e-05, 0.000106840234366, 0.000318396982038, 0.000184956472367, 0.000302199303405, 0.000420470372774, 0.000268151197815, 0.000170014871401, 0.000161154166562, 0.000125506106997, 8.87069181772e-05, 4.44395482191e-05, 4.15396898461e-05, 4.84541051264e-05, 3.84541635867e-05, 4.04710699513e-05, 3.56876917067e-05, 2.46654617513e-05, 6.69122673571e-05, 5.87702525081e-05, 2.34687904594e-05, 1.05028002508e-05, 2.07578523259e-06, 2.37433710026e-06, 3.2310831557e-06, 2.58296586253e-06, 3.27876296069e-06, 2.6131267532e-06, 2.3984962354e-06, 3.53673794962e-06, 3.32095009981e-06, 3.6325407109e-06, 2.72563056569e-06, 3.29623821926e-06]
    },
    "melbands128": {
        "max": [0.00125319452491, 0.00740416534245, 0.00978382304311, 0.00943066272885, 0.0079554785043, 0.00763656198978, 0.00383145874366, 0.00230117794126, 0.0035342220217, 0.00648315390572, 0.00211707712151, 0.00161263672635, 0.000653751543723, 0.000729839666747, 0.000487402779981, 0.000374817172997, 0.00038289980148, 0.000465613498818, 0.000444349949248, 0.00115940370597, 0.00184354186058, 0.00269278977066, 0.007143097464, 0.00104678038042, 0.00147837668192, 0.00456962827593, 0.00335605256259, 0.00363255757838, 0.00346018583514, 0.00394175108522, 0.00815010722727, 0.00289856293239, 0.0056010754779, 0.0026585648302, 0.0024089650251, 0.002022664994, 0.00190255593043, 0.00297228991985, 0.00082410586765, 0.000788016011938, 0.00239926180802, 0.00276581174694, 0.00129394675605, 0.000352364702849, 0.000458937778603, 0.000532457837835, 0.000332710304065, 0.000305806403048, 0.000372322916519, 0.000713835295755, 0.000366798252799, 0.000519721361343, 0.000410238746554, 0.000765496282838, 0.000664139690343, 0.000662532926071, 0.000402398232836, 0.000493250670843, 0.000668185821269, 0.000602988700848, 0.000250684097409, 0.000250880344538, 0.000500716792885, 0.000975660281256, 0.00102174794301, 0.000668578024488, 0.000439245370217, 0.000526953663211, 0.000396725343307, 0.000840353255626, 7.54869324737e-05, 3.41657287208e-05, 1.81061786861e-05, 2.11764618143e-05, 2.69356314675e-05, 1.80939023267e-05, 3.49671536242e-05, 3.37208584824e-05, 4.34701178165e-05, 3.35335607815e-05, 3.54770272679e-05, 3.38489626301e-05, 3.19344399031e-05, 4.56539819425e-05, 2.90628904622e-05, 1.57244612637e-05, 2.71106582659e-05, 4.07733350585e-05, 2.38479387917e-05, 2.09324425668e-05, 4.12620029238e-05, 3.45532607753e-05, 3.14882563544e-05, 2.69876018137e-05, 3.01487034449e-05, 3.45714579453e-05, 3.08494199999e-05, 2.39380624407e-05, 2.36038231378e-05, 1.56983151101e-05, 1.97367498913e-05, 4.62706484541e-05, 2.31779758906e-05, 3.1411411328e-05, 2.51706278505e-05, 4.64975819341e-05, 3.52918686986e-05, 3.39332073054e-05, 2.95071713481e-05, 1.97617318918e-05, 3.98864322051e-05, 2.82988239633e-05, 2.01136062969e-05, 3.8109414163e-05, 1.75028617377e-05, 3.07409900415e-05, 6.97832490459e-07, 2.11608455203e-08, 8.22086665409e-09, 1.92987334446e-10, 2.01330549454e-10, 2.10935185985e-10, 2.17771800592e-10, 2.19006063285e-10, 2.23076390693e-10, 2.24875687516e-10, 2.23934842891e-10, 2.23865176396e-10],
        "mean": [3.25331675413e-05, 0.000245888193604, 0.00045228577801, 0.000424864556408, 0.000315664103255, 0.000211087768548, 0.000123370031361, 7.31383552193e-05, 6.38740530121e-05, 7.98170804046e-05, 4.7250505304e-05, 2.80543445115e-05, 2.16601802094e-05, 1.84088276001e-05, 1.37761408041e-05, 1.29786476464e-05, 1.60234394571e-05, 2.28036951739e-05, 3.96944778913e-05, 8.75644545886e-05, 6.27957415418e-05, 8.2633960119e-05, 0.000152262335178, 7.34156856197e-05, 9.16617718758e-05, 0.00019324060122, 0.000256289873505, 0.000208164652577, 0.00021829882462, 0.000305574765662, 0.000287421396933, 0.000201790157007, 0.000166783895111, 0.000142919816426, 0.000109744723886, 0.000110104403575, 0.000160399082233, 0.000143123135786, 7.88623001426e-05, 8.12545113149e-05, 8.63834357006e-05, 8.33100421005e-05, 6.04521410423e-05, 4.22907069151e-05, 3.49073307007e-05, 4.2861494876e-05, 3.40234655596e-05, 3.01156287605e-05, 3.39238576998e-05, 4.95454551128e-05, 3.52214738086e-05, 2.49028362305e-05, 2.53123544098e-05, 2.73526275123e-05, 2.53072448686e-05, 2.52740846918e-05, 2.09689333133e-05, 2.30022560572e-05, 1.80138849828e-05, 1.48659910337e-05, 1.50917758219e-05, 1.29282198031e-05, 1.26828917928e-05, 3.73248258256e-05, 4.27551203757e-05, 2.500179653e-05, 7.29972816771e-06, 7.51634206608e-06, 5.78229355597e-06, 6.38357323623e-06, 4.7669354899e-06, 2.34758135775e-06, 1.39333712923e-06, 1.28705642055e-06, 1.56528597017e-06, 1.27251018966e-06, 1.11277620363e-06, 1.29928150727e-06, 1.49358868384e-06, 1.3769463294e-06, 1.09058441922e-06, 1.04413459212e-06, 1.09142831661e-06, 1.51105905388e-06, 1.35150480673e-06, 1.36183655286e-06, 1.20919423807e-06, 1.32668640163e-06, 9.13124722501e-07, 9.61579871728e-07, 1.51008964622e-06, 1.33493415433e-06, 1.17549836887e-06, 1.13503335797e-06, 1.29876571009e-06, 1.32646277962e-06, 1.30307580548e-06, 1.15710122373e-06, 1.16111641546e-06, 9.84287908068e-07, 1.01200350855e-06, 1.42762007727e-06, 1.00405009107e-06, 1.31492879518e-06, 1.02357114429e-06, 1.04037974324e-06, 9.60146621765e-07, 7.70506062509e-07, 6.31374291515e-07, 5.16096179126e-07, 5.92634421537e-07, 5.08230471041e-07, 4.04044214974e-07, 4.5476221544e-07, 2.94667358958e-07, 2.80909972616e-07, 8.23202395139e-09, 1.25122912031e-10, 2.47243978763e-11, 2.46656059293e-12, 2.3966772577e-12, 2.36194354006e-12, 2.32803316555e-12, 2.28473902124e-12, 2.26401493039e-12, 2.24883848522e-12, 2.23289203967e-12, 2.21734046055e-12],
        "min": [6.02808060725e-25, 2.8825032697e-24, 1.13669665738e-23, 1.46540158595e-23, 1.38162250677e-23, 7.77578222124e-24, 5.36674577267e-24, 6.19428018934e-24, 1.80025454142e-24, 3.05618598635e-24, 4.28164827045e-24, 5.78917644868e-24, 1.6755246277e-23, 8.94787727624e-24, 1.04786376054e-24, 9.16071431506e-25, 3.15357722529e-25, 2.69402753754e-25, 2.73207104495e-24, 2.76129932757e-24, 2.93673942909e-24, 9.92964622723e-24, 2.07297042223e-23, 9.81188349358e-24, 6.42726158023e-24, 4.23770753474e-24, 1.41177446662e-24, 1.08301940594e-23, 2.45399560371e-24, 3.03931047665e-24, 1.99491926209e-23, 9.82527677402e-24, 2.92380723784e-24, 1.54829010032e-24, 2.26071462395e-24, 1.68093984227e-23, 1.66045990876e-23, 2.28654449379e-24, 7.82553567853e-24, 9.938914554e-24, 7.49413126795e-24, 8.87003800414e-24, 1.0537019426e-23, 6.53665765512e-24, 4.95698735824e-24, 1.27527104054e-23, 1.00847765131e-23, 5.24388699757e-24, 7.4607332638e-24, 3.0148494777e-24, 4.67786036541e-24, 9.75580889385e-24, 7.78109519944e-24, 7.45050647103e-24, 1.00424359817e-23, 1.16409576877e-23, 8.15185982489e-24, 2.02827971646e-24, 4.64378433532e-24, 1.77354430282e-24, 5.68567789792e-24, 7.9780611457e-24, 2.66992517448e-24, 6.35046399895e-24, 8.91108953679e-24, 4.92994205097e-24, 4.59451799964e-24, 2.49254447513e-24, 7.9436896872e-24, 8.69216722496e-24, 1.58803711341e-23, 5.6838591791e-24, 4.28956764508e-24, 4.75226375384e-24, 8.89134750378e-24, 1.03959750405e-23, 1.08427022379e-23, 6.63221237657e-24, 8.01678474981e-24, 8.48862533419e-24, 9.91590979229e-24, 5.78699722043e-24, 5.98852554374e-24, 5.70766345135e-24, 9.82690813838e-24, 7.18691885474e-24, 8.03525435019e-24, 1.04582713861e-23, 8.54470466708e-24, 1.13149427748e-23, 8.70843984771e-24, 8.36351751665e-24, 7.66486206708e-24, 3.41675734561e-24, 1.02362559507e-23, 9.6089632252e-24, 1.36163261366e-23, 8.39940358809e-24, 7.86363687139e-24, 5.22282007267e-24, 7.09072121165e-24, 1.02310179143e-23, 9.3105765878e-24, 8.11753885349e-24, 1.06603089192e-23, 8.82018515038e-24, 1.14787891848e-23, 1.08776195882e-23, 1.08652668153e-23, 7.66487153341e-24, 5.56138536812e-24, 8.6257861575e-24, 5.20349889695e-24, 8.49327961353e-24, 8.03158535812e-24, 7.24998355094e-24, 1.06657244493e-23, 8.08530678576e-24, 9.99223524031e-24, 7.96056578854e-24, 9.35499261221e-24, 1.02974321139e-23, 1.12378402988e-23, 1.08829775314e-23, 1.04059998848e-23, 5.78043113669e-24, 6.67861711932e-24, 9.65120593782e-24],
        "stdev": [0.000133743800689, 0.000906408880837, 0.001396335545, 0.00127888319548, 0.000895009899978, 0.000741483061574, 0.000429275969509, 0.000263479363639, 0.000271388824331, 0.000380981742637, 0.00017024531553, 9.001277067e-05, 6.28967900411e-05, 6.23624873697e-05, 4.62202224298e-05, 3.97500698455e-05, 3.5662913433e-05, 4.83185576741e-05, 6.60199075355e-05, 0.000154909444973, 0.00012346598669, 0.000270575808827, 0.000582514388952, 0.000123278601677, 0.000152764099767, 0.000303406093735, 0.000325506814988, 0.00036935848766, 0.000391192414099, 0.000534027582034, 0.000562823668588, 0.000351999799022, 0.000367247092072, 0.000251589983236, 0.000212045648368, 0.000194004984223, 0.000222487098654, 0.000272951408988, 0.000128192798002, 0.00012369765318, 0.000176561326953, 0.000193080632016, 0.000123309597257, 6.16640172666e-05, 5.12116130267e-05, 6.17514597252e-05, 4.81694587506e-05, 4.2478353862e-05, 5.24053757545e-05, 8.47910851007e-05, 5.47151175851e-05, 4.13882298744e-05, 4.39250798081e-05, 5.36052939424e-05, 4.82328250655e-05, 5.38543172297e-05, 4.37152957602e-05, 5.02677139593e-05, 4.43946591986e-05, 4.15121066908e-05, 3.22945743392e-05, 2.74142184935e-05, 3.48663452314e-05, 0.000127483785036, 0.000136969159939, 8.88081340236e-05, 2.94011460937e-05, 3.74319679395e-05, 2.74663652817e-05, 4.2270126869e-05, 9.97405732051e-06, 4.03397416449e-06, 2.22016706175e-06, 2.06134973268e-06, 2.79587743535e-06, 2.268317985e-06, 2.83266194856e-06, 3.07833920488e-06, 3.88777880289e-06, 3.37497931469e-06, 2.67553173217e-06, 2.47925549957e-06, 2.84215184365e-06, 4.37146172771e-06, 3.23040035255e-06, 2.64225900537e-06, 2.78681181953e-06, 3.19495939038e-06, 2.15966156247e-06, 2.26385054702e-06, 4.3295276555e-06, 3.73297302758e-06, 3.17846547659e-06, 3.18247998621e-06, 3.96478526454e-06, 4.09371932619e-06, 3.71315377379e-06, 3.21809579873e-06, 3.01701288663e-06, 2.43893805418e-06, 2.50696780313e-06, 4.78879928778e-06, 2.78221637018e-06, 3.90044579035e-06, 2.91186483992e-06, 3.60250737685e-06, 3.27103089148e-06, 2.93217772196e-06, 2.27905616157e-06, 1.84881207588e-06, 2.9093662306e-06, 2.17953765969e-06, 1.65839014699e-06, 2.27462351177e-06, 1.26054669636e-06, 1.84692703442e-06, 5.80233461278e-08, 1.33788768952e-09, 3.64311886214e-10, 8.77735384375e-12, 9.07433329866e-12, 9.4317071514e-12, 9.68630817916e-12, 9.71979181169e-12, 9.87122883433e-12, 9.9334741821e-12, 9.88800881452e-12, 9.88056164664e-12]
    },
    "mfcc": {
        "mean": [-683.269897461, 91.6752090454, -57.5320930481, -21.1163139343, -15.1880464554, -5.61275053024, 1.40522027016, 11.5387735367, 1.3278042078, 3.75822615623, -0.896342873573, -4.41523075104, -2.61166715622],
        "cov": [[4520.75, -555.555114746, 93.8154907227, -166.034805298, 195.720046997, 68.6459197998, 109.71346283, 111.408668518, -12.6741733551, -23.3685379028, 101.033325195, -55.8284683228, -14.2515687943], [-555.555114746, 934.325927734, 222.095932007, 295.92755127, 81.4715118408, 66.6762542725, -10.0091848373, -12.8293514252, 71.6010818481, 56.2799568176, 46.35131073, 39.7671432495, 11.6950960159], [93.8154907227, 222.095932007, 2841.72363281, 880.241149902, 1144.06774902, 599.186157227, 276.392913818, 54.7660751343, 420.027404785, 269.523620605, 453.741546631, 498.896514893, 258.250671387], [-166.034805298, 295.92755127, 880.241149902, 440.372955322, 375.164520264, 208.477554321, 79.2124404907, 18.256483078, 135.980255127, 98.4169998169, 154.007446289, 145.430252075, 82.9491653442], [195.720046997, 81.4715118408, 1144.06774902, 375.164520264, 570.391784668, 277.938568115, 142.230041504, 77.9949493408, 221.765777588, 107.489143372, 201.895614624, 231.668762207, 114.153213501], [68.6459197998, 66.6762542725, 599.186157227, 208.477554321, 277.938568115, 202.306747437, 99.9474716187, 43.0287399292, 122.028488159, 71.7037734985, 114.489379883, 126.059280396, 64.1499252319], [109.71346283, -10.0091848373, 276.392913818, 79.2124404907, 142.230041504, 99.9474716187, 150.22895813, 65.7424240112, 64.5814285278, 66.9037628174, 73.1391677856, 56.9884605408, 49.757434845], [111.408668518, -12.8293514252, 54.7660751343, 18.256483078, 77.9949493408, 43.0287399292, 65.7424240112, 115.283714294, 77.6373825073, 16.6343326569, 40.8072128296, 43.8993835449, 21.2440471649], [-12.6741733551, 71.6010818481, 420.027404785, 135.980255127, 221.765777588, 122.028488159, 64.5814285278, 77.6373825073, 218.307632446, 56.8340339661, 91.0445709229, 162.602767944, 51.6219673157], [-23.3685379028, 56.2799568176, 269.523620605, 98.4169998169, 107.489143372, 71.7037734985, 66.9037628174, 16.6343326569, 56.8340339661, 111.423088074, 69.5295791626, 50.1485290527, 55.1835403442], [101.033325195, 46.35131073, 453.741546631, 154.007446289, 201.895614624, 114.489379883, 73.1391677856, 40.8072128296, 91.0445709229, 69.5295791626, 141.35496521, 104.759872437, 58.7064399719], [-55.8284683228, 39.7671432495, 498.896514893, 145.430252075, 231.668762207, 126.059280396, 56.9884605408, 43.8993835449, 162.602767944, 50.1485290527, 104.759872437, 196.812835693, 65.6268081665], [-14.2515687943, 11.6950960159, 258.250671387, 82.9491653442, 114.153213501, 64.1499252319, 49.757434845, 21.2440471649, 51.6219673157, 55.1835403442, 58.7064399719, 65.6268081665, 78.1006164551]],
        "icov": [[0.000284291774733, 9.33027622523e-05, 6.69501096127e-05, 0.000330482376739, -0.000463260599645, -0.000110202388896, -3.21892161992e-06, -2.94265282719e-05, -8.14529721538e-06, 0.000118651012599, -0.000513217702974, 0.000468684971565, 0.000156701891683], [9.33027622523e-05, 0.00178837601561, 0.00041921576485, -0.00230999663472, 0.000510470184963, 3.36442790285e-05, 0.000197442612262, 0.000204425465199, -0.000688538770191, -0.000491361599416, -3.92757901864e-05, 9.45116917137e-05, 0.000613681564573], [6.69501096127e-05, 0.00041921576485, 0.00308040296659, -0.00166297343094, -0.00410219747573, -0.000770117272623, -0.000375050294679, 0.00291380751878, 0.000282937020529, -0.000636246870272, -0.00138796924148, -0.00115899636876, -0.000115639457363], [0.000330482376739, -0.00230999663472, -0.00166297343094, 0.0105943037197, -0.00279556098394, -0.00263580470346, 0.00176738412119, 0.000110616318125, 0.000413065485191, -0.000440559175331, -0.00212174328044, 0.00254206825048, -0.00075492443284], [-0.000463260599645, 0.000510470184963, -0.00410219747573, -0.00279556098394, 0.0151999313384, -0.00359628070146, -0.000259083753917, -0.00432146526873, -0.00220062583685, 0.00244025280699, 0.000404179561883, -0.000876221689396, -0.00138662313111], [-0.000110202388896, 3.36442790285e-05, -0.000770117272623, -0.00263580470346, -0.00359628070146, 0.0197822824121, -0.00590776698664, 0.00113076367415, -0.00154295156244, -0.000134663874633, -0.000827077077702, -0.00167872651946, 0.00093201675918], [-3.21892161992e-06, 0.000197442612262, -0.000375050294679, 0.00176738412119, -0.000259083753917, -0.00590776698664, 0.0156562551856, -0.00732736755162, 0.00232113688253, -0.00560385920107, -0.000537139421795, 0.00109211774543, -0.00150593789294], [-2.94265282719e-05, 0.000204425465199, 0.00291380751878, 0.000110616318125, -0.00432146526873, 0.00113076367415, -0.00732736755162, 0.0193885415792, -0.0076297596097, 0.00401526177302, -0.00455355085433, 0.00297131156549, -0.001874452224], [-8.14529721538e-06, -0.000688538770191, 0.000282937020529, 0.000413065485191, -0.00220062583685, -0.00154295156244, 0.00232113688253, -0.0076297596097, 0.0174014009535, -0.00499153090641, 0.00299376249313, -0.0122750913724, 0.00389707437716], [0.000118651012599, -0.000491361599416, -0.000636246870272, -0.000440559175331, 0.00244025280699, -0.000134663874633, -0.00560385920107, 0.00401526177302, -0.00499153090641, 0.0199803858995, -0.00560795096681, 0.00509658688679, -0.00919664744288], [-0.000513217702974, -3.92757901864e-05, -0.00138796924148, -0.00212174328044, 0.000404179561883, -0.000827077077702, -0.000537139421795, -0.00455355085433, 0.00299376249313, -0.00560795096681, 0.0215386543423, -0.00612308131531, -0.000636739423499], [0.000468684971565, 9.45116917137e-05, -0.00115899636876, 0.00254206825048, -0.000876221689396, -0.00167872651946, 0.00109211774543, 0.00297131156549, -0.0122750913724, 0.00509658688679, -0.00612308131531, 0.0217528510839, -0.00680424645543], [0.000156701891683, 0.000613681564573, -0.000115639457363, -0.00075492443284, -0.00138662313111, 0.00093201675918, -0.00150593789294, -0.001874452224, 0.00389707437716, -0.00919664744288, -0.000636739423499, -0.00680424645543, 0.0267736986279]]
    },
    "spectral_contrast_coeffs": {
        "max": [-0.502366662025, -0.571932375431, -0.621768414974, -0.682351350784, -0.624738574028, -0.652014791965],
        "mean": [-0.730608940125, -0.773149967194, -0.782911479473, -0.819056808949, -0.776472508907, -0.773420393467],
        "min": [-0.973712325096, -0.992935061455, -0.991075694561, -0.983438193798, -0.985547363758, -0.961487472057],
        "stdev": [0.0801068693399, 0.062711827457, 0.0481772497296, 0.0373173840344, 0.0521980151534, 0.0491260550916]
    },
    "spectral_contrast_valleys": {
        "max": [-5.79520463943, -5.09893894196, -5.0361828804, -5.5353512764, -6.1528134346, -7.80391454697],
        "mean": [-8.87272357941, -7.43168401718, -6.77834272385, -7.22687339783, -7.79577589035, -10.7335720062],
        "min": [-27.0292720795, -27.0295944214, -27.0696792603, -27.1966686249, -27.2328262329, -27.310251236],
        "stdev": [1.84464991093, 1.41503202915, 1.56820297241, 1.49666213989, 1.41568148136, 1.59865987301]
    }
},
"rhythm": {
    "beats_count": 27,
    "beats_loudness": {
        "max": 0.0327662266791,
        "mean": 0.0167162623256,
        "min": 0.00189739221241,
        "stdev": 0.00885379128158
    },
    "bpm": 135.224227905,
    "bpm_histogram_first_peak_bpm": 136,
    "bpm_histogram_first_peak_weight": 0.222222208977,
    "bpm_histogram_second_peak_bpm": 123,
    "bpm_histogram_second_peak_spread": 0.428571462631,
    "bpm_histogram_second_peak_weight": 0.153846159577,
    "danceability": 0.866113483906,
    "onset_rate": 2.66470932961,
    "beats_loudness_band_ratio": {
        "max": [0.70402097702, 0.133502185345, 0.471764683723, 0.781288385391, 0.354526549578, 0.402077794075],
        "mean": [0.158919334412, 0.0212691705674, 0.19412919879, 0.335056751966, 0.166927799582, 0.143863737583],
        "min": [7.40427858545e-05, 0.000396369723603, 0.0479566901922, 0.0434146299958, 0.0236342921853, 0.00864859856665],
        "stdev": [0.233628287911, 0.028504146263, 0.128945320845, 0.195286914706, 0.0887641385198, 0.13125538826]
    },
    "beats_position": [0.49922901392, 0.99845802784, 1.48607707024, 1.97369611263, 2.46131515503, 2.94893407822, 3.42494320869, 3.90095233917, 4.3653512001, 4.81814050674, 5.27092981339, 5.72371864319, 6.17650794983, 6.6176867485, 7.05886602402, 7.50004529953, 7.94122457504, 8.38240337372, 8.82358264923, 9.26476192474, 9.70594120026, 10.1471195221, 10.5882987976, 11.0294780731, 11.4706573486, 11.9118366241, 12.3530158997],
