{
"metadata": {
    "version": {
        "essentia": "2.1-beta5",
        "essentia_git_sha": "Undefined",
        "extractor": "music 2.0"
    },
    "audio_properties": {
        "analysis": {
            "equal_loudness": 0,
            "length": 48.7502937317,
            "sample_rate": 44100,
            "start_time": 61.4980506897,
            "downmix": "mix"
        },
        "bit_rate": 192000,
        "length": 193.921463013,
        "lossless": 0,
        "number_channels": 2,
        "replay_gain": -7.97125244141,
        "sample_rate": 48000,
        "codec": "mp3",
        "md5_encoded": "6ba159864dfab2e9611c7dedf729a94c"
    },
    "tags": {
        "file_name": "Netherlands_Without You_Re-union.mp3",
        "encoding": ["Lavf58.29.100"]
    }
},
"lowlevel": {
    "average_loudness": 0.858959257603,
    "barkbands_crest": {
        "max": 23.870016098,
        "mean": 10.4977493286,
        "min": 2.82480239868,
        "stdev": 3.87800574303
    },
    "barkbands_flatness_db": {
        "max": 0.243691250682,
        "mean": 0.130626618862,
        "min": 0.0463113598526,
        "stdev": 0.0357019156218
    },
    "barkbands_kurtosis": {
        "max": 32.8382644653,
        "mean": 3.47244620323,
        "min": -1.88023912907,
        "stdev": 4.46434307098
    },
    "barkbands_skewness": {
        "max": 5.35654306412,
        "mean": 1.41659665108,
        "min": -2.45002102852,
        "stdev": 0.951900243759
    },
    "barkbands_spread": {
        "max": 100.078575134,
        "mean": 22.9150009155,
        "min": 3.81590676308,
        "stdev": 14.008890152
    },
    "dissonance": {
        "max": 0.499976187944,
        "mean": 0.455195605755,
        "min": 0.315782696009,
        "stdev": 0.0299245361239
    },
    "dynamic_complexity": 3.3301050663,
    "erbbands_crest": {
        "max": 30.0186157227,
        "mean": 11.1571388245,
        "min": 2.69990801811,
        "stdev": 5.27778482437
    },
    "erbbands_flatness_db": {
        "max": 0.303220450878,
        "mean": 0.145552873611,
        "min": 0.054031573236,
        "stdev": 0.0402315743268
    },
    "erbbands_kurtosis": {
        "max": 12.9522657394,
        "mean": 1.01182079315,
        "min": -1.72517561913,
        "stdev": 2.13240385056
    },
    "erbbands_skewness": {
        "max": 3.39543962479,
        "mean": 0.552026689053,
        "min": -3.30508542061,
        "stdev": 0.780763626099
    },
    "erbbands_spread": {
        "max": 131.670547485,
        "mean": 36.6744613647,
        "min": 4.60831069946,
        "stdev": 18.7006607056
    },
    "hfc": {
        "max": 219.021102905,
        "mean": 20.0862178802,
        "min": 0.0753287598491,
        "stdev": 21.3101158142
    },
    "loudness_ebu128": {
        "integrated": -16.112165451,
        "loudness_range": 3.64313030243,
        "momentary": {
            "max": -10.97128582,
            "mean": -16.7915554047,
            "min": -24.7946777344,
            "stdev": 2.49002742767
        },
        "short_term": {
            "max": -12.9165382385,
            "mean": -16.2104282379,
            "min": -18.6801528931,
            "stdev": 1.19651818275
        }
    },
    "melbands_crest": {
        "max": 29.9893875122,
        "mean": 13.6988172531,
        "min": 4.06196784973,
        "stdev": 4.62422275543
    },
    "melbands_flatness_db": {
        "max": 0.350342065096,
        "mean": 0.188852950931,
        "min": 0.0265588779002,
        "stdev": 0.0464802645147
    },
    "melbands_kurtosis": {
        "max": 84.545791626,
        "mean": 9.71815872192,
        "min": -1.79687082767,
        "stdev": 11.0882911682
    },
    "melbands_skewness": {
        "max": 7.88335418701,
        "mean": 2.17350268364,
        "min": -1.10435628891,
        "stdev": 1.36354076862
    },
    "melbands_spread": {
        "max": 260.943511963,
        "mean": 23.3681545258,
        "min": 3.34576940536,
        "stdev": 18.2350120544
    },
    "pitch_salience": {
        "max": 0.798620283604,
        "mean": 0.523276984692,
        "min": 0.215793177485,
        "stdev": 0.0967459306121
    },
    "silence_rate_20dB": {
        "max": 1,
        "mean": 1,
        "min": 1,
        "stdev": 0
    },
    "silence_rate_30dB": {
        "max": 1,
        "mean": 0.996668279171,
        "min": 0,
        "stdev": 0.0576249249279
    },
    "silence_rate_60dB": {
        "max": 1,
        "mean": 0.0342693962157,
        "min": 0,
        "stdev": 0.181921720505
    },
    "spectral_centroid": {
        "max": 5503.97802734,
        "mean": 1162.16455078,
        "min": 344.806396484,
        "stdev": 483.259094238
    },
    "spectral_complexity": {
        "max": 41,
        "mean": 14.7153739929,
        "min": 1,
        "stdev": 7.20211791992
    },
    "spectral_decrease": {
        "max": -6.92811849556e-11,
        "mean": -5.48523004795e-09,
        "min": -3.3468378291e-08,
        "stdev": 4.52618387214e-09
    },
    "spectral_energy": {
        "max": 0.142174139619,
        "mean": 0.0225243642926,
        "min": 0.000268315227004,
        "stdev": 0.018568245694
    },
    "spectral_energyband_high": {
        "max": 0.0212773364037,
        "mean": 0.00068207149161,
        "min": 8.18851617623e-07,
        "stdev": 0.00127636175603
    },
    "spectral_energyband_low": {
        "max": 0.0376970879734,
        "mean": 0.00493190670386,
        "min": 4.29088140663e-05,
        "stdev": 0.0049206269905
    },
    "spectral_energyband_middle_high": {
        "max": 0.108667813241,
        "mean": 0.00526509480551,
        "min": 9.27210385271e-06,
        "stdev": 0.00874184630811
    },
    "spectral_energyband_middle_low": {
        "max": 0.100492224097,
        "mean": 0.0119106378406,
        "min": 0.000198973124498,
        "stdev": 0.0121328793466
    },
    "spectral_entropy": {
        "max": 8.87149333954,
        "mean": 7.62282085419,
        "min": 6.47509002686,
        "stdev": 0.382097661495
    },
    "spectral_flux": {
        "max": 0.274952769279,
        "mean": 0.0729906782508,
        "min": 0.014017784968,
        "stdev": 0.0387419611216
    },
    "spectral_kurtosis": {
        "max": 19.2063026428,
        "mean": 4.39110898972,
        "min": -1.39385807514,
        "stdev": 2.10579895973
    },
    "spectral_rms": {
        "max": 0.0117773720995,
        "mean": 0.00434925360605,
        "min": 0.000511635560542,
        "stdev": 0.00174900575075
    },
    "spectral_rolloff": {
        "max": 11498.7304688,
        "mean": 1459.66247559,
        "min": 86.1328125,
        "stdev": 1599.13024902
    },
    "spectral_skewness": {
        "max": 3.4653441906,
        "mean": 1.78849363327,
        "min": -0.0915224030614,
        "stdev": 0.396155029535
    },
    "spectral_spread": {
        "max": 23020916,
        "mean": 5721185.5,
        "min": 3122219.25,
        "stdev": 1695845
    },
    "spectral_strongpeak": {
        "max": 16.6488456726,
        "mean": 1.25234377384,
        "min": 0,
        "stdev": 1.54892122746
    },
    "zerocrossingrate": {
        "max": 0.39111328125,
        "mean": 0.0663063153625,
        "min": 0.0048828125,
        "stdev": 0.040900144726
    },
    "barkbands": {
        "max": [0.00313331698999, 0.0277755707502, 0.0195243731141, 0.0203027371317, 0.0674387961626, 0.0319790504873, 0.0473255179822, 0.0814137160778, 0.0971631109715, 0.0786676630378, 0.0144035136327, 0.0178454890847, 0.100130967796, 0.0343570634723, 0.0165662970394, 0.0141318580136, 0.0115225166082, 0.00495256483555, 0.00224569626153, 0.00151906860992, 0.00100718135945, 0.00142609188333, 0.00305056804791, 0.0064945355989, 0.012526396662, 0.00237444206141, 9.23466541281e-06],
        "mean": [0.000195202039322, 0.00331290950999, 0.00122720492072, 0.000514040293638, 0.00279908510856, 0.00133549945895, 0.00226723216474, 0.0015855851816, 0.00322273047641, 0.000772591040004, 0.000588790280744, 0.00043171501602, 0.000991371111013, 0.000885686487891, 0.000537463231012, 0.000463882781332, 0.000317070604069, 0.00020188104827, 0.000154704408487, 6.68904976919e-05, 6.6677457653e-05, 8.85182671482e-05, 0.000104772720078, 0.000129724037834, 0.000181652969331, 8.14125087345e-05, 7.47714778981e-08],
        "min": [6.11971557873e-08, 1.82868370757e-06, 2.26899283007e-06, 2.75788579529e-06, 1.26557370095e-05, 2.08676806324e-06, 1.46664945078e-06, 1.9736366994e-06, 3.21042989526e-07, 1.54081044457e-06, 1.89968341147e-06, 3.87334210927e-07, 3.37661674621e-07, 7.0304122346e-07, 1.07920550363e-06, 1.5020571027e-06, 1.05721755972e-06, 3.60338191285e-07, 3.77967950271e-07, 6.21792537459e-08, 1.60199363108e-07, 6.83715981609e-08, 1.53190498509e-07, 1.72422375044e-07, 1.62278652738e-07, 3.99514270555e-08, 3.50926059045e-11],
        "stdev": [0.000311162148137, 0.00380013510585, 0.00168929027859, 0.000955084571615, 0.00416815467179, 0.00277259014547, 0.00425004307181, 0.00487438775599, 0.00788922794163, 0.00435020681471, 0.00134558032732, 0.00134672957938, 0.00421671755612, 0.00226228497922, 0.00106680695899, 0.000970816239715, 0.000594350916799, 0.000289626274025, 0.00019940250786, 0.000101673627796, 0.000106149862404, 0.000123303907458, 0.000192408639123, 0.000326202192809, 0.000572207267396, 0.000153554123244, 3.35110968308e-07]
    },
    "erbbands": {
        "max": [1.01364982128, 5.88204574585, 22.8017940521, 35.4653701782, 187.801177979, 259.951873779, 192.21925354, 296.932312012, 812.061462402, 968.92791748, 1877.58874512, 2498.19555664, 1996.11462402, 1200.92199707, 492.530883789, 895.876953125, 4779.15234375, 1744.86950684, 1977.63476562, 1094.0324707, 946.544128418, 478.726470947, 253.643203735, 154.415161133, 111.8256073, 84.4208221436, 58.3656616211, 40.5096626282, 69.9498901367, 40.813457489, 99.121673584, 111.023582458, 128.151657104, 169.847702026, 71.6754684448, 15.8762531281, 4.45514202118, 0.370383352041, 0.00755733437836, 0.000552694895305],
        "mean": [0.103967227042, 0.699721992016, 1.50829327106, 1.50564146042, 3.3531332016, 12.329460144, 11.5118522644, 11.9304666519, 18.9643936157, 50.0713157654, 39.8657188416, 69.3367156982, 43.7363739014, 21.668258667, 20.140291214, 20.1217327118, 45.9413261414, 42.2811737061, 34.59167099, 30.0911636353, 25.8952484131, 18.4928741455, 12.0218896866, 9.07661056519, 6.43888521194, 3.19622397423, 2.5458574295, 2.76877403259, 3.13336348534, 3.02469158173, 3.03179383278, 2.79388833046, 2.16199350357, 2.14739656448, 1.20987045765, 0.47391435504, 0.126570954919, 0.0115691171959, 0.000238414897467, 3.94082380808e-05],
        "min": [3.73937618861e-05, 0.000775056018028, 0.00466292025521, 0.0241899807006, 0.0243799444288, 0.0334268435836, 0.0310560651124, 0.0610145702958, 0.0221563372761, 0.0495375394821, 0.046722330153, 0.008609816432, 0.017834611237, 0.096082419157, 0.0410647019744, 0.018629360944, 0.0132907871157, 0.0246910396963, 0.0611490495503, 0.082537971437, 0.0622163638473, 0.0564971230924, 0.0230405274779, 0.0273450296372, 0.00912219379097, 0.00408053770661, 0.00408822949976, 0.0068367710337, 0.00334296096116, 0.00505691720173, 0.00296326540411, 0.00396227650344, 0.00221088668332, 0.00246404367499, 0.000850068812724, 0.000176124507561, 7.93434155639e-05, 1.34635492941e-05, 1.26305496906e-06, 5.46390424461e-07],
        "stdev": [0.124530024827, 0.845441758633, 1.9809076786, 2.10262918472, 6.20256757736, 21.4916820526, 16.7969818115, 27.3804168701, 42.8641090393, 100.923927307, 115.394386292, 184.480789185, 142.73727417, 66.6291732788, 44.1006546021, 54.1942596436, 207.42401123, 106.039909363, 89.4613800049, 62.6939277649, 55.9477844238, 31.7098426819, 17.4342975616, 10.9006252289, 8.3933095932, 4.87220525742, 4.40433359146, 4.08244276047, 4.72533035278, 4.35219669342, 5.95033311844, 5.93588113785, 6.2879447937, 7.74562311172, 3.35349678993, 0.932415902615, 0.253575235605, 0.0234118066728, 0.000453579996247, 3.80506899091e-05]
    },
    "gfcc": {
        "mean": [6.26252651215, 75.8908233643, -103.788070679, 22.286075592, -55.705581665, 23.8166866302, -51.6202163696, 19.7160682678, -21.9039287567, 10.5952835083, -18.5865573883, 5.64892196655, -15.88722229],
        "cov": [[2517.73803711, -472.279052734, -197.459106445, -191.070831299, -93.8184127808, 45.8241195679, 55.0434341431, 155.003265381, 41.3777885437, -21.5557765961, -146.470947266, -71.4152908325, -26.7888774872], [-472.279052734, 633.801635742, -44.765914917, -70.7117843628, 32.5529441833, -34.4034919739, 92.0084686279, -11.3452558517, 35.3404655457, -0.615682721138, 88.8199920654, -2.42527699471, 11.0854206085], [-197.459106445, -44.765914917, 408.011138916, 207.58404541, 41.9975090027, -8.49993038177, -19.6310310364, -10.4605808258, -26.2542190552, 54.5294952393, 39.3217735291, 41.0549125671, -8.74151420593], [-191.070831299, -70.7117843628, 207.58404541, 407.994598389, 98.1671447754, -64.3077163696, -78.7099456787, -31.887172699, 13.5666389465, 31.5687351227, 13.9643144608, 41.3780021667, 44.8641891479], [-93.8184127808, 32.5529441833, 41.9975090027, 98.1671447754, 168.179412842, 49.0275306702, -7.6570482254, 13.2910356522, 37.529499054, 20.6633701324, -5.47029256821, 15.7828722, 15.6086349487], [45.8241195679, -34.4034919739, -8.49993038177, -64.3077163696, 49.0275306702, 173.164413452, 92.3403167725, 26.8464622498, 0.491558849812, 2.44850158691, 4.24703550339, -25.8648643494, -28.9555492401], [55.0434341431, 92.0084686279, -19.6310310364, -78.7099456787, -7.6570482254, 92.3403167725, 201.095565796, 56.8089256287, -16.9270820618, 17.4036750793, 36.1545372009, -18.0816307068, -49.1945877075], [155.003265381, -11.3452558517, -10.4605808258, -31.887172699, 13.2910356522, 26.8464622498, 56.8089256287, 109.983383179, 54.6567344666, 4.76207113266, -15.7238302231, -13.9119672775, -6.39206600189], [41.3777885437, 35.3404655457, -26.2542190552, 13.5666389465, 37.529499054, 0.491558849812, -16.9270820618, 54.6567344666, 142.632263184, 60.1672363281, -5.55296897888, -14.1539077759, -5.49578952789], [-21.5557765961, -0.615682721138, 54.5294952393, 31.5687351227, 20.6633701324, 2.44850158691, 17.4036750793, 4.76207113266, 60.1672363281, 135.75340271, 63.6903266907, -3.57422018051, -43.9163360596], [-146.470947266, 88.8199920654, 39.3217735291, 13.9643144608, -5.47029256821, 4.24703550339, 36.1545372009, -15.7238302231, -5.55296897888, 63.6903266907, 118.021598816, 35.7595405579, -16.6258239746], [-71.4152908325, -2.42527699471, 41.0549125671, 41.3780021667, 15.7828722, -25.8648643494, -18.0816307068, -13.9119672775, -14.1539077759, -3.57422018051, 35.7595405579, 97.9764938354, 54.3098297119], [-26.7888774872, 11.0854206085, -8.74151420593, 44.8641891479, 15.6086349487, -28.9555492401, -49.1945877075, -6.39206600189, -5.49578952789, -43.9163360596, -16.6258239746, 54.3098297119, 103.739845276]],
        "icov": [[0.000568768999074, 0.000477058289107, 0.000158907525474, 0.000198079476831, 6.13900483586e-05, 0.000252001162153, -0.000339572085068, -0.000484144868096, -5.81578970014e-05, -0.000149517465616, 0.000281225744402, 0.000219092442421, -0.000242140464252], [0.000477058289107, 0.00462119793519, -0.00118761509657, 0.00249713426456, -0.00368245923892, 0.00510223396122, -0.00523848645389, 0.0041532269679, -0.00494597526267, 0.00493137165904, -0.00591997383162, 0.00508089410141, -0.00358381145634], [0.000158907525474, -0.00118761509657, 0.00463829142973, -0.00296670198441, 0.00176638411358, -0.00258722389117, 0.00257629435509, -0.00341823836789, 0.00395066244528, -0.00369769474491, 0.00249531352893, -0.00360714411363, 0.00279722968116], [0.000198079476831, 0.00249713426456, -0.00296670198441, 0.00620516436175, -0.00489652622491, 0.00506470026448, -0.0030826984439, 0.0037787205074, -0.00346417911351, 0.00288315094076, -0.00387929775752, 0.00415255175903, -0.00398650532588], [6.13900483586e-05, -0.00368245923892, 0.00176638411358, -0.00489652622491, 0.0130312377587, -0.00897575728595, 0.00544364098459, -0.00479514151812, 0.00296445423737, -0.00589217897505, 0.0073091480881, -0.0069688661024, 0.00297824200243], [0.000252001162153, 0.00510223396122, -0.00258722389117, 0.00506470026448, -0.00897575728595, 0.016197392717, -0.0104137314484, 0.00650604488328, -0.00642939750105, 0.00733607076108, -0.00774145266041, 0.00867837481201, -0.00457344343886], [-0.000339572085068, -0.00523848645389, 0.00257629435509, -0.0030826984439, 0.00544364098459, -0.0104137314484, 0.0167585592717, -0.0120328497142, 0.0101364580914, -0.00710171367973, 0.00431569758803, -0.00680625159293, 0.0072877984494], [-0.000484144868096, 0.0041532269679, -0.00341823836789, 0.0037787205074, -0.00479514151812, 0.00650604488328, -0.0120328497142, 0.0226641017944, -0.0142791671678, 0.00884772371501, -0.00474409246817, 0.00590735347942, -0.00512711564079], [-5.81578970014e-05, -0.00494597526267, 0.00395066244528, -0.00346417911351, 0.00296445423737, -0.00642939750105, 0.0101364580914, -0.0142791671678, 0.0214850790799, -0.0149244684726, 0.00914892926812, -0.00513483677059, 0.00300559867173], [-0.000149517465616, 0.00493137165904, -0.00369769474491, 0.00288315094076, -0.00589217897505, 0.00733607076108, -0.00710171367973, 0.00884772371501, -0.0149244684726, 0.0242009274662, -0.0159164108336, 0.00704587483779, 0.00120246352162], [0.000281225744402, -0.00591997383162, 0.00249531352893, -0.00387929775752, 0.0073091480881, -0.00774145266041, 0.00431569758803, -0.00474409246817, 0.00914892926812, -0.0159164108336, 0.0261293035001, -0.0150748509914, 0.00691323541105], [0.000219092442421, 0.00508089410141, -0.00360714411363, 0.00415255175903, -0.0069688661024, 0.00867837481201, -0.00680625159293, 0.00590735347942, -0.00513483677059, 0.00704587483779, -0.0150748509914, 0.0270453505218, -0.0158429723233], [-0.000242140464252, -0.00358381145634, 0.00279722968116, -0.00398650532588, 0.00297824200243, -0.00457344343886, 0.0072877984494, -0.00512711564079, 0.00300559867173, 0.00120246352162, 0.00691323541105, -0.0158429723233, 0.0234053991735]]
    },
    "melbands": {
        "max": [0.00837557669729, 0.00953622441739, 0.00918859057128, 0.0175365377218, 0.00663712387905, 0.00688819726929, 0.011092569679, 0.00919807329774, 0.0151862232015, 0.0158308744431, 0.0109710209072, 0.0067300638184, 0.00194756081328, 0.00259572872892, 0.00389985274523, 0.0131539059803, 0.00302338344045, 0.00425776233897, 0.0012692558812, 0.0010720443679, 0.00117215781938, 0.000728258339223, 0.000436935573816, 0.000399640819523, 0.000133939829539, 9.77080126177e-05, 4.37551716459e-05, 6.84863043716e-05, 3.51141788997e-05, 2.45661813096e-05, 2.23996721616e-05, 3.52975839633e-05, 3.15825491271e-05, 2.77709077636e-05, 5.24142997165e-05, 6.99901866028e-05, 8.53732053656e-05, 0.000103976795799, 0.000100192890386, 0.000156081834575],
        "mean": [0.000921073136851, 0.000816960760858, 0.000311603245791, 0.000533947779331, 0.000478702393593, 0.000263326743152, 0.00033331188024, 0.000508323078975, 0.00035518250661, 0.000438877905253, 0.00021390983602, 8.94513723324e-05, 8.07860124041e-05, 3.89554516005e-05, 8.97028876352e-05, 9.83892023214e-05, 7.3602743214e-05, 6.10048300587e-05, 3.89653869206e-05, 3.14268945658e-05, 3.07547416014e-05, 1.86979614227e-05, 1.44170207932e-05, 9.46597447182e-06, 7.02688703313e-06, 5.92612786932e-06, 3.03602428176e-06, 1.84752650512e-06, 1.51167250806e-06, 1.57062606831e-06, 1.6356091237e-06, 1.72458294401e-06, 1.76899891358e-06, 1.65740937064e-06, 1.71347392097e-06, 1.75875334207e-06, 1.70712678482e-06, 1.48318611082e-06, 1.56298790444e-06, 1.90808759726e-06],
        "min": [3.17475866041e-07, 2.81237430499e-06, 3.74802220904e-06, 2.66815141003e-06, 1.28553779177e-06, 6.11124448824e-07, 3.47458922079e-07, 4.03209412525e-07, 3.11734225988e-07, 3.79197580003e-08, 8.87827127372e-08, 3.87485783904e-07, 2.04425745665e-07, 4.71838426108e-08, 3.18794839416e-08, 3.4539709759e-08, 4.68528256192e-08, 1.03419360187e-07, 8.19375927108e-08, 1.25423937902e-07, 5.89906790083e-08, 6.32560599456e-08, 3.7599445335e-08, 1.35156410508e-08, 2.46427145356e-08, 6.25003115928e-09, 3.79706754927e-09, 2.73197153788e-09, 1.66208391494e-09, 3.75383324425e-09, 4.10116962613e-09, 1.84580339901e-09, 1.17784382248e-09, 3.87568910298e-09, 1.79471315587e-09, 1.57139012913e-09, 2.879934069e-09, 1.6103555156e-09, 1.47032086506e-09, 2.35075359178e-09],
        "stdev": [0.00107578386087, 0.000944040541071, 0.000426337996032, 0.000871035037562, 0.000656511518173, 0.0005915252259, 0.00066957186209, 0.00105014815927, 0.000988809741102, 0.00117055757437, 0.000758576148655, 0.000352012895746, 0.000182869727723, 0.000141622527735, 0.000290228141239, 0.000463166594272, 0.000186402714462, 0.000185339726158, 8.04913870525e-05, 6.61372614559e-05, 7.33599008527e-05, 3.52676361217e-05, 2.51082983596e-05, 1.77102738235e-05, 8.82776021172e-06, 8.12319376564e-06, 4.22107268605e-06, 3.2933651255e-06, 2.72258648693e-06, 2.63623064711e-06, 2.4240005132e-06, 2.57817714555e-06, 2.60033220911e-06, 2.58206864601e-06, 3.35027402798e-06, 3.70002226191e-06, 3.8671259972e-06, 4.50024936072e-06, 4.96266102346e-06, 7.21852893548e-06]
    },
    "melbands128": {
        "max": [0.00227496190928, 0.00844924151897, 0.0142163587734, 0.0120099410415, 0.0133545137942, 0.00780324358493, 0.00543909147382, 0.012527378276, 0.0207603946328, 0.0298646111041, 0.0205372739583, 0.0121517311782, 0.0088439071551, 0.00706049287692, 0.00901630055159, 0.0160574056208, 0.0144587522373, 0.0176392234862, 0.0149837704375, 0.0187263675034, 0.0159284863621, 0.0287701655179, 0.0282304789871, 0.0318986326456, 0.0246464796364, 0.0237373989075, 0.0203763674945, 0.0156838614494, 0.0280884318054, 0.00866164732724, 0.00274124601856, 0.00375799974427, 0.00337247713469, 0.0020623547025, 0.00439930241555, 0.00399764161557, 0.00520996982232, 0.00517625082284, 0.00953231193125, 0.0200352147222, 0.0173356924206, 0.00914756208658, 0.00542831933126, 0.00226250430569, 0.00610420526937, 0.00628820015118, 0.00176605989691, 0.00163121998776, 0.00303159514442, 0.00344252586365, 0.00223191524856, 0.000985061051324, 0.00301554636098, 0.00138197396882, 0.00221409020014, 0.000582086271606, 0.000508393568452, 0.00114300311543, 0.000207562741707, 0.000240313180257, 0.00094153941609, 0.000208116558497, 0.000129366919282, 0.000263273366727, 0.000185339158634, 0.000158329712576, 0.000177120949957, 5.67872011743e-05, 5.59216096008e-05, 5.48891512153e-05, 0.000101702411484, 7.11484390195e-05, 4.33397945017e-05, 3.6546283809e-05, 5.10243662575e-05, 2.89394283755e-05, 4.09184431192e-05, 2.7598673114e-05, 3.75248018827e-05, 3.78518743673e-05, 2.91519609164e-05, 5.76383245061e-05, 8.44031310407e-05, 2.58331056102e-05, 3.35717377311e-05, 2.71048302238e-05, 4.1630173655e-05, 4.03112244385e-05, 5.20997382409e-05, 7.64625801821e-05, 6.79923832649e-05, 7.4904273788e-05, 5.81793065066e-05, 7.26827420294e-05, 0.000119040472782, 0.000137953757076, 0.000172588450368, 6.63102546241e-05, 0.000126697865198, 0.00010007473611, 0.000220237998292, 0.000163889519172, 9.95698355837e-05, 9.52087939368e-05, 7.94351217337e-05, 9.64968421613e-05, 4.31192638644e-05, 2.744296944e-05, 2.17135293497e-05, 2.77364633803e-05, 1.33114181153e-05, 1.21097918964e-05, 2.03501640499e-05, 1.3994433175e-05, 6.56353222439e-06, 3.12012184622e-06, 3.50476454969e-07, 9.69745728163e-10, 7.72350378098e-11, 7.6174330732e-11, 7.49760600827e-11, 7.42452210822e-11, 7.19233492208e-11, 7.09545894262e-11, 7.01448482632e-11, 6.93128471285e-11, 6.86621870472e-11, 6.83613582408e-11],
        "mean": [0.00017479226517, 0.000831629440654, 0.00121364661027, 0.00114278891124, 0.000885228742845, 0.000536904495675, 0.000272381352261, 0.000280156353256, 0.000296799349599, 0.000437595765106, 0.000819567299914, 0.000678289157804, 0.000355571304681, 0.000278109830106, 0.00025950523559, 0.000267518276814, 0.00024193925492, 0.000275512546068, 0.000471531559015, 0.000783106836025, 0.000341117673088, 0.000281242537312, 0.000291509379167, 0.000513265957125, 0.000524633214809, 0.000361749029253, 0.000395141309127, 0.000119101401651, 0.000186213714187, 7.35966896173e-05, 5.42539528396e-05, 0.000110374603537, 0.000109722284833, 3.03726337734e-05, 4.56602974737e-05, 3.30114125973e-05, 3.8903010136e-05, 9.2211397714e-05, 0.000123477570014, 0.000110779314127, 6.64608451189e-05, 0.000125232094433, 7.55917280912e-05, 3.54978983523e-05, 9.11545357667e-05, 6.62116799504e-05, 2.91894975817e-05, 3.1269271858e-05, 4.52721906186e-05, 5.49163924006e-05, 1.84916370927e-05, 1.97125373234e-05, 4.39665564045e-05, 2.876698818e-05, 1.71005940501e-05, 1.89845995919e-05, 1.80688912224e-05, 1.90900682355e-05, 1.19847700262e-05, 7.3795085882e-06, 1.06452571345e-05, 1.03173069874e-05, 5.87624026593e-06, 6.59579563944e-06, 7.63587740948e-06, 6.49913135931e-06, 4.66518758913e-06, 3.43319288731e-06, 2.70746681963e-06, 2.28411317948e-06, 2.01728607863e-06, 1.52482004978e-06, 1.40336044296e-06, 1.56716851052e-06, 1.48095591612e-06, 1.7280759721e-06, 1.50938512888e-06, 1.47848402321e-06, 1.73313856067e-06, 1.72448824287e-06, 1.54208953518e-06, 1.78333527856e-06, 1.9793071715e-06, 1.73986040863e-06, 1.63615175097e-06, 1.61819002642e-06, 1.72762793227e-06, 1.63183608493e-06, 1.71837973539e-06, 1.7323962993e-06, 1.82205326382e-06, 1.74892932137e-06, 1.67570078702e-06, 1.75286629656e-06, 1.71351564404e-06, 1.55125849233e-06, 1.45182173128e-06, 1.33209641717e-06, 1.46554532421e-06, 1.65779283634e-06, 2.04678804039e-06, 2.03963986678e-06, 1.64832135852e-06, 1.55746442942e-06, 1.37103074849e-06, 1.23950849229e-06, 1.04449679839e-06, 1.00094996469e-06, 7.85398981407e-07, 6.88529098625e-07, 5.18046078923e-07, 4.58880833776e-07, 3.97899526661e-07, 3.04592930434e-07, 2.4896087325e-07, 1.15927086597e-07, 5.29293542328e-09, 8.33405913725e-12, 3.60729068144e-12, 3.46879122648e-12, 3.38594625428e-12, 3.31768748758e-12, 3.19259093988e-12, 3.12385035374e-12, 3.03763503066e-12, 2.93046945217e-12, 2.86638031019e-12, 2.84365803474e-12],
        "min": [4.67010075056e-09, 9.52002565668e-09, 3.86155285526e-08, 6.64867513933e-07, 6.99417341821e-07, 1.07695996121e-06, 6.70810209158e-07, 7.18142359801e-07, 4.04937054554e-07, 7.02053398527e-07, 4.2433302383e-07, 3.1317210869e-07, 3.88555974951e-07, 1.21138256759e-07, 1.5584959101e-07, 4.06049061041e-08, 8.8539167109e-08, 2.60558081777e-08, 1.67472251178e-07, 2.5415795335e-07, 7.59330731626e-08, 8.06750222182e-08, 9.22299250306e-08, 8.842653898e-08, 3.03433616011e-08, 2.11506332448e-08, 3.07335277228e-08, 4.97635994634e-08, 9.56733572366e-08, 7.72556347783e-08, 1.49053818177e-07, 2.95788549209e-08, 1.07325092813e-07, 3.37333574407e-08, 2.77571174934e-08, 5.9457054391e-08, 4.92714953282e-08, 2.7236538358e-08, 2.48489122612e-08, 1.79312653614e-08, 4.53775221843e-08, 4.68225636041e-08, 1.73731322661e-08, 5.72409639688e-08, 3.25109645871e-08, 1.12247583672e-07, 9.74790452801e-08, 6.1537924978e-08, 4.76206380995e-08, 4.38266098968e-08, 5.72801894805e-08, 8.77489583218e-08, 7.51974056357e-08, 2.39873223506e-08, 3.31218146243e-08, 7.56288685011e-08, 4.19059915657e-08, 4.58961046945e-08, 2.90685022719e-08, 4.67177496688e-09, 1.33773765398e-08, 1.24752572717e-08, 3.88359140402e-08, 2.64559965046e-08, 5.26392618383e-09, 4.89777107759e-09, 6.25466789472e-09, 9.02142271997e-09, 8.58124127312e-10, 5.6170967877e-10, 4.60131088786e-09, 2.71154165787e-09, 4.21486900937e-10, 1.46767786813e-09, 2.66537569793e-09, 3.1788363053e-09, 2.48081821752e-09, 4.73046579685e-09, 5.8217186627e-09, 1.68055991345e-09, 1.576865305e-09, 2.69637268069e-09, 8.02307553727e-10, 9.00736929488e-10, 1.04035091653e-09, 3.40456862702e-09, 4.5465278764e-10, 4.07927469581e-09, 9.05750696667e-10, 6.35209496114e-10, 1.19919563168e-09, 1.7834644872e-09, 2.63437160974e-09, 1.92393878606e-09, 1.35482325359e-09, 1.89594673294e-09, 3.6712310969e-10, 7.66506969008e-10, 1.84695392313e-09, 1.09413034188e-09, 2.56728593939e-09, 3.47285888935e-09, 5.98875615765e-10, 1.22934107338e-09, 1.22728860408e-09, 4.07379852074e-10, 2.22005455686e-10, 2.98055941039e-10, 2.18552564935e-10, 1.9266843676e-10, 4.09438261073e-10, 1.16490928015e-10, 1.25907478887e-10, 9.48182851679e-11, 8.67385399617e-11, 5.51972113849e-11, 1.80844502242e-13, 9.81018990543e-14, 7.90676524904e-14, 9.45257191748e-14, 6.63394306936e-14, 9.04054663162e-14, 8.39841366482e-14, 8.81261074314e-14, 5.43050677939e-14, 2.32129040382e-14, 3.3019915029e-15, 8.28541953318e-17],
        "stdev": [0.000278865802102, 0.00102059380151, 0.0016991244629, 0.00143919861875, 0.0012239178177, 0.00075000198558, 0.000432480010204, 0.000541603250895, 0.000685523787979, 0.00093746004859, 0.00162992347032, 0.00112326943781, 0.000701303302776, 0.000546840135939, 0.000648389395792, 0.00109815807082, 0.000801966118161, 0.000927819812205, 0.00108758546412, 0.0018008594634, 0.00111366156489, 0.00136465637479, 0.00133918435313, 0.00147234054748, 0.00189290789422, 0.00144389574416, 0.00153175997548, 0.000626032822765, 0.00146282056812, 0.000411851477111, 0.000166544617969, 0.000303813954815, 0.000293824123219, 0.000113123584015, 0.000229280019994, 0.000166762503795, 0.000177630063263, 0.000354564370355, 0.000562021450605, 0.00089603534434, 0.000475978042232, 0.00043529496179, 0.000289118353976, 0.000120505566883, 0.000334484764608, 0.000266233138973, 9.64154896792e-05, 0.000105591258034, 0.000134899702971, 0.000160021649208, 6.83520484017e-05, 5.41551671631e-05, 0.000137440496474, 8.02368303994e-05, 6.39317004243e-05, 3.84539671359e-05, 4.31184271292e-05, 5.05494863319e-05, 1.95126758626e-05, 1.34586762215e-05, 3.464445399e-05, 1.70033508766e-05, 8.85508052306e-06, 1.23324916785e-05, 1.26258473756e-05, 1.11076633402e-05, 8.94845288713e-06, 5.22553136761e-06, 4.79934396935e-06, 3.92137553717e-06, 4.3164905037e-06, 3.59803652827e-06, 2.78798756881e-06, 3.09318033942e-06, 3.27078851114e-06, 3.06738411382e-06, 2.81320990325e-06, 2.48497894972e-06, 2.944808557e-06, 2.77635331258e-06, 2.40534427576e-06, 3.30051739184e-06, 4.32711294707e-06, 2.58994305113e-06, 2.51538563134e-06, 2.71505723504e-06, 3.18410207001e-06, 2.91924175144e-06, 3.58226839126e-06, 4.3335526243e-06, 4.27039867645e-06, 3.7379945752e-06, 3.42188513969e-06, 4.16035300077e-06, 4.51654068456e-06, 5.19296418133e-06, 5.39715711056e-06, 3.74652449864e-06, 4.88502701046e-06, 5.25075756741e-06, 9.16013505048e-06, 8.24068229122e-06, 5.43182568435e-06, 4.76351351608e-06, 3.816779099e-06, 3.62748596672e-06, 2.3381187475e-06, 2.09643735616e-06, 1.52164261635e-06, 1.44706950778e-06, 1.04989362626e-06, 9.56111193773e-07, 9.19004207844e-07, 6.81563960825e-07, 5.36444531463e-07, 2.54606646877e-07, 1.6597271113e-08, 3.28567589802e-11, 6.64161217342e-12, 6.43732246328e-12, 6.33291162566e-12, 6.32144163404e-12, 5.97286586509e-12, 5.86283235501e-12, 5.77353572936e-12, 5.70119385729e-12, 5.64800289871e-12, 5.61619414169e-12]
    },
    "mfcc": {
        "mean": [-644.202392578, 114.117660522, 8.31473636627, 7.83719825745, 16.9514598846, 2.17659449577, -6.25918197632, 4.55673360825, -1.37436294556, 2.92088484764, 7.14031267166, -0.980761945248, -1.71369421482],
        "cov": [[2611.81958008, -399.253845215, -227.281814575, -222.590362549, -127.615058899, -134.561599731, -41.9856567383, 52.9925117493, 132.362503052, 140.228271484, 31.0597476959, -100.205589294, -137.478439331], [-399.253845215, 600.890808105, -79.7107696533, -86.767868042, -85.543258667, -10.004524231, 44.8102302551, 41.3147125244, -33.6885948181, 11.459985733, 64.0929107666, 1.46433591843, 8.86814785004], [-227.281814575, -79.7107696533, 320.141052246, 147.666397095, 37.5146255493, 25.4735946655, 38.8701095581, -34.0233001709, -32.0019721985, -36.1077270508, -19.3092594147, 49.685092926, 49.7256164551], [-222.590362549, -86.767868042, 147.666397095, 380.582489014, 126.038032532, 21.4265766144, -43.1648368835, -55.0454483032, -2.76309108734, -43.3986434937, -60.0112953186, 46.8748779297, 83.1302871704], [-127.615058899, -85.543258667, 37.5146255493, 126.038032532, 236.450485229, 46.1368217468, -75.8525772095, -17.4336566925, 41.2492485046, -6.81273508072, -28.3085899353, -4.35568284988, 22.1128921509], [-134.561599731, -10.004524231, 25.4735946655, 21.4265766144, 46.1368217468, 129.181671143, 54.0052490234, -2.39480566978, -6.75840425491, 8.2964963913, 21.7821750641, 33.2408485413, 5.37210226059], [-41.9856567383, 44.8102302551, 38.8701095581, -43.1648368835, -75.8525772095, 54.0052490234, 191.166564941, 50.5757904053, -33.9694976807, 10.198600769, 26.8190021515, 10.8125295639, -3.0418407917], [52.9925117493, 41.3147125244, -34.0233001709, -55.0454483032, -17.4336566925, -2.39480566978, 50.5757904053, 120.692893982, 37.7250747681, 16.3833274841, -0.683343946934, -32.9682540894, -18.706911087], [132.362503052, -33.6885948181, -32.0019721985, -2.76309108734, 41.2492485046, -6.75840425491, -33.9694976807, 37.7250747681, 110.606582642, 49.0797233582, 1.68894481659, -24.6084117889, -10.8976860046], [140.228271484, 11.459985733, -36.1077270508, -43.3986434937, -6.81273508072, 8.2964963913, 10.198600769, 16.3833274841, 49.0797233582, 121.678695679, 72.6018295288, 11.756485939, -12.4768762589], [31.0597476959, 64.0929107666, -19.3092594147, -60.0112953186, -28.3085899353, 21.7821750641, 26.8190021515, -0.683343946934, 1.68894481659, 72.6018295288, 125.024421692, 57.1133995056, 4.36777305603], [-100.205589294, 1.46433591843, 49.685092926, 46.8748779297, -4.35568284988, 33.2408485413, 10.8125295639, -32.9682540894, -24.6084117889, 11.756485939, 57.1133995056, 132.016738892, 65.8152999878], [-137.478439331, 8.86814785004, 49.7256164551, 83.1302871704, 22.1128921509, 5.37210226059, -3.0418407917, -18.706911087, -10.8976860046, -12.4768762589, 4.36777305603, 65.8152999878, 107.73538208]],
        "icov": [[0.000588177528698, 0.000494410167448, 0.000303261331283, 5.43559799553e-05, 0.000296454207273, 0.000512083061039, -8.45344984555e-05, 5.21240735907e-07, -0.00036121593439, -0.000358601333573, -0.000158782495419, 6.53393144603e-05, 0.000327724119416], [0.000494410167448, 0.00245758797973, 0.000679202959873, -1.80815968633e-05, 0.000731994281523, 0.000363467785064, 4.4001484639e-05, -0.000801222980954, 0.000478296075016, 0.000202504917979, -0.00173949194141, 0.000961658195592, -0.000622293213382], [0.000303261331283, 0.000679202959873, 0.00460189534351, -0.0013213591883, -0.000312759948429, 0.000780355127063, -0.00182306952775, 0.000717285438441, 3.93475456804e-05, 0.000582625041716, -8.37193147163e-05, -0.000902467349079, -4.88413606945e-05], [5.43559799553e-05, -1.80815968633e-05, -0.0013213591883, 0.00483145052567, -0.00177707476541, 0.000132910732646, -2.97216520266e-05, 0.00114130787551, -0.000328433612594, -0.000482008879771, 0.0025564651005, -0.00110335939098, -0.0020104853902], [0.000296454207273, 0.000731994281523, -0.000312759948429, -0.00177707476541, 0.00802202895284, -0.00428604241461, 0.0037996310275, -0.000824702729005, -0.00172996160109, 0.000174224565853, -0.000725185615011, 0.00237066904083, -0.00120876799338], [0.000512083061039, 0.000363467785064, 0.000780355127063, 0.000132910732646, -0.00428604241461, 0.0129750911146, -0.00568805309013, 0.0015664427774, -0.000757877947763, 5.84555309615e-05, -0.0005034134374, -0.00382972927764, 0.00279502221383], [-8.45344984555e-05, 4.4001484639e-05, -0.00182306952775, -2.97216520266e-05, 0.0037996310275, -0.00568805309013, 0.0108621539548, -0.00535869412124, 0.00391454622149, -0.00145762925968, -0.000763005577028, 0.0017337067984, -0.0011681818869], [5.21240735907e-07, -0.000801222980954, 0.000717285438441, 0.00114130787551, -0.000824702729005, 0.0015664427774, -0.00535869412124, 0.0135204270482, -0.00607002293691, 0.0010390089592, 0.00074267416494, 0.00125684065279, -0.000149160579895], [-0.00036121593439, 0.000478296075016, 3.93475456804e-05, -0.000328433612594, -0.00172996160109, -0.000757877947763, 0.00391454622149, -0.00607002293691, 0.0171490423381, -0.00773712201044, 0.00212391489185, 0.00160743726883, -0.00104509654921], [-0.000358601333573, 0.000202504917979, 0.000582625041716, -0.000482008879771, 0.000174224565853, 5.84555309615e-05, -0.00145762925968, 0.0010390089592, -0.00773712201044, 0.0181616693735, -0.0109046502039, 0.00138252193574, 0.000647517968901], [-0.000158782495419, -0.00173949194141, -8.37193147163e-05, 0.0025564651005, -0.000725185615011, -0.0005034134374, -0.000763005577028, 0.00074267416494, 0.00212391489185, -0.0109046502039, 0.0206795595586, -0.00922018382698, 0.00203413283452], [6.53393144603e-05, 0.000961658195592, -0.000902467349079, -0.00110335939098, 0.00237066904083, -0.00382972927764, 0.0017337067984, 0.00125684065279, 0.00160743726883, 0.00138252193574, -0.00922018382698, 0.0183445792645, -0.00926646217704], [0.000327724119416, -0.000622293213382, -4.88413606945e-05, -0.0020104853902, -0.00120876799338, 0.00279502221383, -0.0011681818869, -0.000149160579895, -0.00104509654921, 0.000647517968901, 0.00203413283452, -0.00926646217704, 0.016922807321]]
    },
    "spectral_contrast_coeffs": {
        "max": [-0.42217195034, -0.404743641615, -0.471561163664, -0.479965507984, -0.591380476952, -0.680871784687],
        "mean": [-0.72003108263, -0.694946110249, -0.758360087872, -0.77225714922, -0.779186427593, -0.796842515469],
        "min": [-0.898523628712, -0.924235105515, -0.932801485062, -0.90941542387, -0.888360977173, -0.921233713627],
        "stdev": [0.0704697445035, 0.0901674926281, 0.0774744302034, 0.0616322010756, 0.0420566163957, 0.0283240266144]
    },
    "spectral_contrast_valleys": {
        "max": [-5.17752981186, -5.05183601379, -5.46552085876, -6.00061321259, -5.96232557297, -7.68004703522],
        "mean": [-6.74403190613, -6.99226331711, -7.60727024078, -7.54328775406, -7.89686203003, -9.90713787079],
        "min": [-8.68556404114, -8.68331623077, -9.1445684433, -9.45903015137, -9.90180587769, -12.0723495483],
        "stdev": [0.530935406685, 0.53280800581, 0.524085521698, 0.482836902142, 0.608805716038, 0.765461742878]
    }
},
"rhythm": {
    "beats_count": 88,
    "beats_loudness": {
        "max": 0.105759993196,
        "mean": 0.0299242753536,
        "min": 0.00420350162312,
        "stdev": 0.0198878645897
    },
    "bpm": 109.126068115,
    "bpm_histogram_first_peak_bpm": 110,
    "bpm_histogram_first_peak_weight": 0.416666686535,
    "bpm_histogram_second_peak_bpm": 101,
    "bpm_histogram_second_peak_spread": 0.5,
    "bpm_histogram_second_peak_weight": 0.0114942528307,
    "danceability": 1.06064009666,
    "onset_rate": 3.8349609375,
    "beats_loudness_band_ratio": {
        "max": [0.786603391171, 0.667761385441, 0.797982871532, 0.717333853245, 0.834476590157, 0.670357048512],
        "mean": [0.305232256651, 0.178237721324, 0.25308072567, 0.115922659636, 0.11571393162, 0.0541151277721],
        "min": [0.0138756595552, 0.00699597690254, 0.00895243231207, 0.00599054573104, 0.00949325785041, 0.00830900669098],
        "stdev": [0.207670927048, 0.152735665441, 0.189247503877, 0.1343408674, 0.117783553898, 0.0740961134434]
    },
