{
"metadata": {
    "version": {
        "essentia": "2.1-beta5",
        "essentia_git_sha": "Undefined",
        "extractor": "music 2.0"
    },
    "audio_properties": {
        "analysis": {
            "equal_loudness": 0,
            "length": 32.4963264465,
            "sample_rate": 44100,
            "start_time": 12.7477550507,
            "downmix": "mix"
        },
        "bit_rate": 192000,
        "length": 195.628128052,
        "lossless": 0,
        "number_channels": 2,
        "replay_gain": 2.29117393494,
        "sample_rate": 48000,
        "codec": "mp3",
        "md5_encoded": "863ba20d55cafd31ed8bee2aed9afee7"
    },
    "tags": {
        "file_name": "Latvia_Dziesma Par Laimi_Fomins _ Kleins.mp3",
        "encoding": ["Lavf58.29.100"]
    }
},
"lowlevel": {
    "average_loudness": 0.946592867374,
    "barkbands_crest": {
        "max": 23.071554184,
        "mean": 10.123708725,
        "min": 3.38513565063,
        "stdev": 3.7251996994
    },
    "barkbands_flatness_db": {
        "max": 0.325069874525,
        "mean": 0.184467822313,
        "min": 0.069015622139,
        "stdev": 0.0410803295672
    },
    "barkbands_kurtosis": {
        "max": 78.3175201416,
        "mean": 7.149995327,
        "min": -1.93280124664,
        "stdev": 9.81396102905
    },
    "barkbands_skewness": {
        "max": 8.14368247986,
        "mean": 2.0244140625,
        "min": -1.48967480659,
        "stdev": 1.28678309917
    },
    "barkbands_spread": {
        "max": 107.402153015,
        "mean": 18.3145599365,
        "min": 1.46727705002,
        "stdev": 15.7979164124
    },
    "dissonance": {
        "max": 0.5,
        "mean": 0.45591506362,
        "min": 0.274765461683,
        "stdev": 0.0363383181393
    },
    "dynamic_complexity": 2.96314907074,
    "erbbands_crest": {
        "max": 28.0233745575,
        "mean": 9.18633079529,
        "min": 2.37282633781,
        "stdev": 4.44649028778
    },
    "erbbands_flatness_db": {
        "max": 0.287272572517,
        "mean": 0.168729558587,
        "min": 0.0844632461667,
        "stdev": 0.0399512946606
    },
    "erbbands_kurtosis": {
        "max": 30.9694747925,
        "mean": 0.958446145058,
        "min": -1.74015510082,
        "stdev": 2.96129965782
    },
    "erbbands_skewness": {
        "max": 5.15665626526,
        "mean": 0.444114595652,
        "min": -4.18013906479,
        "stdev": 0.904717326164
    },
    "erbbands_spread": {
        "max": 151.12840271,
        "mean": 41.6691360474,
        "min": 6.40193510056,
        "stdev": 23.2960414886
    },
    "hfc": {
        "max": 287.226928711,
        "mean": 17.2073440552,
        "min": 0.344875395298,
        "stdev": 19.597826004
    },
    "loudness_ebu128": {
        "integrated": -26.0337791443,
        "loudness_range": 3.52222251892,
        "momentary": {
            "max": -22.8864917755,
            "mean": -26.6919937134,
            "min": -36.9926834106,
            "stdev": 2.65849971771
        },
        "short_term": {
            "max": -24.2455654144,
            "mean": -26.3359336853,
            "min": -32.6727142334,
            "stdev": 1.63211548328
        }
    },
    "melbands_crest": {
        "max": 30.9254798889,
        "mean": 15.1459674835,
        "min": 4.84245252609,
        "stdev": 4.8960981369
    },
    "melbands_flatness_db": {
        "max": 0.371959030628,
        "mean": 0.226022481918,
        "min": 0.0654096454382,
        "stdev": 0.0534951984882
    },
    "melbands_kurtosis": {
        "max": 204.847793579,
        "mean": 20.1321563721,
        "min": -0.960019111633,
        "stdev": 23.744342804
    },
    "melbands_skewness": {
        "max": 12.3965921402,
        "mean": 3.24150395393,
        "min": -0.331311196089,
        "stdev": 1.93215584755
    },
    "melbands_spread": {
        "max": 186.104248047,
        "mean": 16.5949802399,
        "min": 1.4216170311,
        "stdev": 13.9507102966
    },
    "pitch_salience": {
        "max": 0.847846269608,
        "mean": 0.514959990978,
        "min": 0.144751012325,
        "stdev": 0.108240112662
    },
    "silence_rate_20dB": {
        "max": 1,
        "mean": 1,
        "min": 1,
        "stdev": 0
    },
    "silence_rate_30dB": {
        "max": 1,
        "mean": 0.996431112289,
        "min": 0,
        "stdev": 0.059633243829
    },
    "silence_rate_60dB": {
        "max": 1,
        "mean": 0.039257671684,
        "min": 0,
        "stdev": 0.19420735538
    },
    "spectral_centroid": {
        "max": 4882.28271484,
        "mean": 1013.14117432,
        "min": 273.565185547,
        "stdev": 555.623474121
    },
    "spectral_complexity": {
        "max": 42,
        "mean": 14.7644538879,
        "min": 0,
        "stdev": 8.08088588715
    },
    "spectral_decrease": {
        "max": -6.25951790401e-11,
        "mean": -7.48147499507e-09,
        "min": -4.20322976424e-08,
        "stdev": 5.54843815337e-09
    },
    "spectral_energy": {
        "max": 0.163559764624,
        "mean": 0.0297975745052,
        "min": 0.0002709615801,
        "stdev": 0.0217295717448
    },
    "spectral_energyband_high": {
        "max": 0.0295183286071,
        "mean": 0.000593869772274,
        "min": 3.78408503821e-06,
        "stdev": 0.0018910135841
    },
    "spectral_energyband_low": {
        "max": 0.122520722449,
        "mean": 0.0108432946727,
        "min": 2.22211820073e-05,
        "stdev": 0.0104546658695
    },
    "spectral_energyband_middle_high": {
        "max": 0.0394371859729,
        "mean": 0.004175581038,
        "min": 6.68732827762e-05,
        "stdev": 0.00483594508842
    },
    "spectral_energyband_middle_low": {
        "max": 0.155306071043,
        "mean": 0.0163161754608,
        "min": 0.000113783338747,
        "stdev": 0.0165907051414
    },
    "spectral_entropy": {
        "max": 8.74513912201,
        "mean": 7.47427749634,
        "min": 5.99663305283,
        "stdev": 0.44833573699
    },
    "spectral_flux": {
        "max": 0.271703779697,
        "mean": 0.0935404971242,
        "min": 0.01335741207,
        "stdev": 0.0448835007846
    },
    "spectral_kurtosis": {
        "max": 19.5812587738,
        "mean": 4.14647340775,
        "min": -1.34395337105,
        "stdev": 2.70744419098
    },
    "spectral_rms": {
        "max": 0.012632121332,
        "mean": 0.00503362156451,
        "min": 0.0005141524598,
        "stdev": 0.00193221587688
    },
    "spectral_rolloff": {
        "max": 11326.4648438,
        "mean": 1063.21069336,
        "min": 107.666015625,
        "stdev": 1519.78161621
    },
    "spectral_skewness": {
        "max": 3.43499350548,
        "mean": 1.56650173664,
        "min": -0.238798350096,
        "stdev": 0.486096382141
    },
    "spectral_spread": {
        "max": 14178817,
        "mean": 4530989.5,
        "min": 2299679.75,
        "stdev": 1715733
    },
    "spectral_strongpeak": {
        "max": 6.84885311127,
        "mean": 0.78106534481,
        "min": 0.0254962090403,
        "stdev": 0.836361348629
    },
    "zerocrossingrate": {
        "max": 0.3603515625,
        "mean": 0.0464187823236,
        "min": 0.0107421875,
        "stdev": 0.0356976538897
    },
    "barkbands": {
        "max": [9.74174472503e-05, 0.0370194092393, 0.0876946821809, 0.0510086864233, 0.0746912881732, 0.0987878441811, 0.0420822873712, 0.044246930629, 0.0477028675377, 0.0336595587432, 0.0139590259641, 0.0202517528087, 0.0078943297267, 0.0056850258261, 0.00350851286203, 0.00446719722822, 0.0196811128408, 0.00874420907348, 0.00117645598948, 0.00208087544888, 0.0010000965558, 0.00160403724294, 0.00353830936365, 0.010787749663, 0.0156031362712, 4.44305878773e-05, 3.24650227412e-06],
        "mean": [6.52393509881e-06, 0.00304793356918, 0.00584402447566, 0.00352815259248, 0.00527329416946, 0.00318682496436, 0.00116863730364, 0.00130083283875, 0.00151693623047, 0.0011620715959, 0.000605699431617, 0.000508111843374, 0.000492877676152, 0.000288983283099, 0.000191427374375, 0.000246352836257, 0.000366586900782, 0.000244562950684, 0.000127855921164, 0.000156872425578, 7.14142224751e-05, 6.14994569332e-05, 9.19070153031e-05, 0.000141635609907, 0.000166356330737, 1.99460998829e-07, 3.55924001383e-09],
        "min": [9.22804410664e-09, 8.35958053358e-06, 9.7942611319e-06, 7.42249903851e-06, 1.72160071088e-05, 2.41683710556e-06, 1.44185344197e-06, 2.38944699049e-06, 2.23628467211e-06, 5.52625238015e-07, 3.3417306895e-06, 2.48720743912e-06, 7.70848942011e-07, 4.79382265439e-07, 3.86413785236e-06, 2.14233500628e-06, 1.89179615973e-06, 1.9592823719e-06, 1.69428915342e-06, 1.25636825032e-06, 8.00221641839e-07, 3.53067576953e-07, 4.78673086945e-07, 5.20023036188e-07, 2.94983834692e-07, 2.33006530737e-10, 2.56317467251e-10],
        "stdev": [8.34058664623e-06, 0.0037845147308, 0.00667011924088, 0.0048542348668, 0.00861700624228, 0.00714381178841, 0.00273118098266, 0.00312444544397, 0.00357991736382, 0.0024897295516, 0.00135775853414, 0.00130701716989, 0.000831228913739, 0.00057909329189, 0.000348654168192, 0.000492727267556, 0.00106774480082, 0.000500340887811, 0.000146839491208, 0.000210013677133, 0.000105589955638, 0.0001106824202, 0.000267544848612, 0.000630977039691, 0.000923011568375, 1.60437843988e-06, 8.66852900572e-08]
    },
    "erbbands": {
        "max": [0.330884635448, 10.4944648743, 85.7671356201, 104.682998657, 180.842300415, 362.212921143, 1377.93774414, 366.128417969, 537.644165039, 987.430236816, 1808.62890625, 1192.15332031, 1021.61578369, 601.281311035, 504.59173584, 848.843444824, 421.189544678, 262.103729248, 180.916854858, 216.500610352, 435.777893066, 829.783569336, 586.019836426, 69.4732971191, 98.4954910278, 103.864524841, 51.2309303284, 31.6107788086, 55.6916809082, 94.273109436, 118.740409851, 141.389312744, 222.698684692, 145.358657837, 148.744720459, 12.1404485703, 0.281698137522, 0.0160163845867, 0.00186633446719, 0.000426659273217],
        "mean": [0.0346670374274, 0.939903855324, 5.7199344635, 10.4028978348, 13.0239696503, 17.1205635071, 35.2646865845, 17.2979030609, 15.0400819778, 20.543384552, 33.7481193542, 34.984790802, 34.4606208801, 32.2102584839, 19.8280162811, 23.5539741516, 23.7621841431, 18.1677875519, 10.6877832413, 11.2540397644, 15.0583581924, 19.8517799377, 15.0411157608, 6.9000210762, 7.7136554718, 7.45701885223, 3.95802116394, 2.13719773293, 2.04652357101, 2.6297724247, 2.63793992996, 2.40316581726, 2.71967506409, 2.19339990616, 0.964484095573, 0.0610991977155, 0.00161645992193, 0.00011377264309, 3.02915505017e-05, 3.75818926841e-05],
        "min": [0.000175655324711, 0.00218125618994, 0.00995255354792, 0.0203596130013, 0.0566646978259, 0.0625630393624, 0.0161257050931, 0.0259320046753, 0.0149417575449, 0.0479644201696, 0.0946096405387, 0.0553779788315, 0.0374172106385, 0.0392208248377, 0.163741350174, 0.0950925648212, 0.0405273474753, 0.0209856033325, 0.224113360047, 0.172517076135, 0.161372765899, 0.156925693154, 0.118153654039, 0.165503159165, 0.0799571499228, 0.0497673638165, 0.0374358743429, 0.0153051372617, 0.010269831866, 0.0119736678898, 0.0149128250778, 0.0139594394714, 0.00734528107569, 0.004128547851, 0.00170742708724, 9.63071433944e-05, 4.37792959929e-06, 5.61114063657e-07, 5.93957281581e-07, 5.9745929093e-07],
        "stdev": [0.0362262539566, 1.11199474335, 6.37253379822, 12.8506536484, 18.3344612122, 33.6305885315, 85.6830749512, 33.6597633362, 34.4531860352, 50.1655769348, 92.7463150024, 84.1700668335, 70.8548583984, 61.2614936829, 42.2513885498, 59.2789230347, 39.7005996704, 32.2016410828, 17.6776161194, 19.9980125427, 31.7625312805, 51.3971290588, 31.2013244629, 8.03026390076, 9.26418399811, 10.2732534409, 5.32622385025, 3.15282082558, 3.57646512985, 6.12165737152, 8.31226539612, 8.77872371674, 13.501996994, 11.4170866013, 6.40261554718, 0.500421404839, 0.0118577852845, 0.000710958382115, 8.99175356608e-05, 3.2165007724e-05]
    },
    "gfcc": {
        "mean": [-18.4098548889, 122.841239929, -121.555160522, 51.6246604919, -67.3148956299, 24.6736736298, -42.452671051, 9.04812049866, -23.802116394, -13.1875009537, -5.95584917068, -19.5059757233, -2.23475146294],
        "cov": [[2567.00170898, -308.632141113, -171.205307007, -139.820709229, -211.918502808, -108.86252594, -197.778442383, 96.3558502197, -113.301933289, -23.9356536865, -36.2670021057, -14.1726913452, -45.2323036194], [-308.632141113, 896.346252441, -231.319488525, -311.131835938, 61.3028106689, -266.196990967, 112.063919067, -96.6809844971, 59.8854675293, -135.464370728, 142.522399902, -54.9822883606, 36.4115524292], [-171.205307007, -231.319488525, 533.285095215, 142.008590698, -62.4111557007, 52.9061279297, -123.567749023, -40.0860099792, -7.24538707733, 87.8961334229, -39.9405975342, 51.5488510132, 6.27914619446], [-139.820709229, -311.131835938, 142.008590698, 357.255889893, 89.19480896, 34.3023986816, -100.585510254, 2.41286540031, 54.4146881104, 72.3800888062, -60.5287208557, 30.4113960266, 25.8626346588], [-211.918502808, 61.3028106689, -62.4111557007, 89.19480896, 172.216217041, 10.2203521729, -0.996188282967, 2.51582026482, 32.3549385071, -4.2288312912, -7.11004829407, -6.31509065628, 18.6888427734], [-108.86252594, -266.196990967, 52.9061279297, 34.3023986816, 10.2203521729, 289.333221436, 119.75125885, 34.268196106, -62.9592857361, 38.2814025879, -40.1233177185, 17.4476776123, -28.06757164], [-197.778442383, 112.063919067, -123.567749023, -100.585510254, -0.996188282967, 119.75125885, 231.803833008, 29.4894523621, -41.3160820007, -41.9346809387, 24.4834461212, -20.0898284912, -17.9924850464], [96.3558502197, -96.6809844971, -40.0860099792, 2.41286540031, 2.51582026482, 34.268196106, 29.4894523621, 106.168449402, 14.7611761093, 4.441447258, -26.9677352905, -6.11643505096, -11.404835701], [-113.301933289, 59.8854675293, -7.24538707733, 54.4146881104, 32.3549385071, -62.9592857361, -41.3160820007, 14.7611761093, 109.816108704, 26.0036067963, -6.02172374725, -16.1367416382, 9.23930072784], [-23.9356536865, -135.464370728, 87.8961334229, 72.3800888062, -4.2288312912, 38.2814025879, -41.9346809387, 4.441447258, 26.0036067963, 102.462677002, -15.212972641, 19.6777038574, -4.38702869415], [-36.2670021057, 142.522399902, -39.9405975342, -60.5287208557, -7.11004829407, -40.1233177185, 24.4834461212, -26.9677352905, -6.02172374725, -15.212972641, 79.9728164673, 14.7017869949, 6.78682899475], [-14.1726913452, -54.9822883606, 51.5488510132, 30.4113960266, -6.31509065628, 17.4476776123, -20.0898284912, -6.11643505096, -16.1367416382, 19.6777038574, 14.7017869949, 71.7428665161, 24.793422699], [-45.2323036194, 36.4115524292, 6.27914619446, 25.8626346588, 18.6888427734, -28.06757164, -17.9924850464, -11.404835701, 9.23930072784, -4.38702869415, 6.78682899475, 24.793422699, 52.8501243591]],
        "icov": [[0.000665817759, -5.9106892877e-05, 0.00052139244508, -4.47720885859e-05, 0.000871970085427, -0.000105296960101, 0.00126079644542, -0.000932112976443, 0.00111736322287, -6.21483995928e-05, -4.15045542468e-05, 0.000358937861165, 7.07941144356e-05], [-5.9106892877e-05, 0.0103100398555, -0.00183049333282, 0.00841074436903, -0.0077942116186, 0.00885150302202, -0.00859270337969, 0.0079549010843, -0.00749222841114, 0.0029074898921, -0.0037170345895, 0.000371380854631, -0.00294957961887], [0.00052139244508, -0.00183049333282, 0.00374137680046, -0.00226529221982, 0.00352921732701, -0.00256328936666, 0.00378950568847, -0.0009192720172, 0.00222594919614, -0.0014658580767, 0.00117117597256, -0.000614507007413, 0.000480888673337], [-4.47720885859e-05, 0.00841074436903, -0.00226529221982, 0.0122312437743, -0.00894414074719, 0.00654108216986, -0.00586115755141, 0.00685572531074, -0.0077455053106, 0.000969409418758, -0.000153013330419, -0.00138225790579, -0.00332594593056], [0.000871970085427, -0.0077942116186, 0.00352921732701, -0.00894414074719, 0.0154246734455, -0.008495695889, 0.00856005400419, -0.00658438075334, 0.00504537438974, -0.000642267870717, 0.00149716378655, 0.00185554195195, -0.000397358671762], [-0.000105296960101, 0.00885150302202, -0.00256328936666, 0.00654108216986, -0.008495695889, 0.0164864547551, -0.013277660124, 0.00631104782224, -0.00226370338351, -0.0015839098487, 0.00152469589375, -0.00280380807817, 0.000900436658412], [0.00126079644542, -0.00859270337969, 0.00378950568847, -0.00586115755141, 0.00856005400419, -0.013277660124, 0.0192542895675, -0.00993743538857, 0.00780263217166, 0.000542897672858, -0.00185892253648, 0.0036010579206, 0.000979477539659], [-0.000932112976443, 0.0079549010843, -0.0009192720172, 0.00685572531074, -0.00658438075334, 0.00631104782224, -0.00993743538857, 0.0197562742978, -0.0104926805943, 0.0023647386115, 0.00263991788961, -0.0031699987594, 0.000214928601054], [0.00111736322287, -0.00749222841114, 0.00222594919614, -0.0077455053106, 0.00504537438974, -0.00226370338351, 0.00780263217166, -0.0104926805943, 0.0227189417928, -0.00797243509442, 0.00170489051379, 0.00553275737911, -0.000398295669584], [-6.21483995928e-05, 0.0029074898921, -0.0014658580767, 0.000969409418758, -0.000642267870717, -0.0015839098487, 0.000542897672858, 0.0023647386115, -0.00797243509442, 0.0172702725977, -0.00233370671049, -0.00334842316806, 0.00242236047052], [-4.15045542468e-05, -0.0037170345895, 0.00117117597256, -0.000153013330419, 0.00149716378655, 0.00152469589375, -0.00185892253648, 0.00263991788961, 0.00170489051379, -0.00233370671049, 0.0229904353619, -0.0090598622337, 0.00348432990722], [0.000358937861165, 0.000371380854631, -0.000614507007413, -0.00138225790579, 0.00185554195195, -0.00280380807817, 0.0036010579206, -0.0031699987594, 0.00553275737911, -0.00334842316806, -0.0090598622337, 0.0253379456699, -0.0127710197121], [7.07941144356e-05, -0.00294957961887, 0.000480888673337, -0.00332594593056, -0.000397358671762, 0.000900436658412, 0.000979477539659, 0.000214928601054, -0.000398295669584, 0.00242236047052, 0.00348432990722, -0.0127710197121, 0.0293976515532]]
    },
    "melbands": {
        "max": [0.00670024426654, 0.0313769355416, 0.0165416728705, 0.0135288909078, 0.0375973321497, 0.00866933725774, 0.00778958201408, 0.00929155852646, 0.0179788637906, 0.00767055805773, 0.00537650985643, 0.00243576453067, 0.0020446726121, 0.00181411230005, 0.00245915167034, 0.000928948807996, 0.00049754063366, 0.000405270402553, 0.000333948584739, 0.000414762209402, 0.000767496938352, 0.00125155004207, 0.000503639748786, 0.000299573701341, 5.40344663023e-05, 5.09473065904e-05, 0.000114572285383, 7.19149466022e-05, 3.45228581864e-05, 2.17506822082e-05, 1.79396574822e-05, 2.48439610004e-05, 4.37218332081e-05, 5.47296913282e-05, 7.73757274146e-05, 5.19254572282e-05, 0.000113103153126, 0.000197518515051, 0.000127628896735, 0.000120947443065],
        "mean": [0.000586226698942, 0.00242100120522, 0.00187907414511, 0.001027599792, 0.00114585470874, 0.000433222012362, 0.000230614983593, 0.000224108356633, 0.000290482712444, 0.000213769657421, 0.000172500644112, 0.000135723123094, 7.30793108232e-05, 5.25934628968e-05, 5.8023382735e-05, 5.17824664712e-05, 3.08432427119e-05, 1.63938821061e-05, 1.49843808686e-05, 1.73024018295e-05, 1.79872695298e-05, 2.26968586503e-05, 1.67393227457e-05, 9.82645724434e-06, 4.99325005876e-06, 4.95463837069e-06, 6.41630686005e-06, 4.46345757155e-06, 2.71821136266e-06, 1.49595780385e-06, 1.1497070318e-06, 1.08915730834e-06, 1.28989256609e-06, 1.5246341718e-06, 1.5382811398e-06, 1.36608730372e-06, 1.5265119373e-06, 1.9151664219e-06, 1.96496534954e-06, 1.7988786567e-06],
        "min": [1.96889504878e-06, 4.46561443823e-06, 4.50161451226e-06, 4.87221450385e-06, 8.30691249121e-07, 5.49480944301e-07, 1.90186199234e-07, 5.1065092066e-07, 5.17852299708e-07, 3.41539305282e-07, 1.7443775846e-07, 1.15737378792e-07, 4.81367919747e-07, 3.49946020606e-07, 1.25082678437e-07, 7.42051113889e-08, 1.8968963289e-08, 3.01337735209e-07, 2.25298421697e-07, 1.25515398963e-07, 1.44178571304e-07, 1.26460250272e-07, 1.01780358364e-07, 9.42277154081e-08, 1.20513888646e-07, 5.08448607661e-08, 5.32800363828e-08, 1.54656571993e-08, 1.91661353455e-08, 1.92767259932e-08, 6.01225114139e-09, 4.30142144126e-09, 8.27946600168e-09, 5.6528026704e-09, 8.66228777596e-09, 6.90795998182e-09, 8.9613445553e-09, 5.35989608252e-09, 3.34339866903e-09, 2.22623852686e-09],
        "stdev": [0.000686476763804, 0.00250792549923, 0.00203924672678, 0.00154849712271, 0.00253788894042, 0.000850607815664, 0.000530192686711, 0.000542719673831, 0.000869768497068, 0.000521457928699, 0.000367740634829, 0.000268687435891, 0.000168766840943, 0.000124015365145, 0.000131670647534, 8.95202319953e-05, 6.02523323323e-05, 2.95494919555e-05, 2.89319432341e-05, 3.77397955162e-05, 4.42490090791e-05, 6.81821984472e-05, 3.72950526071e-05, 1.66505378729e-05, 6.0841530285e-06, 5.93020649831e-06, 8.94541062735e-06, 6.57351665723e-06, 3.77675178242e-06, 2.35506877289e-06, 1.73561159045e-06, 1.79720973392e-06, 2.6649083793e-06, 3.73580451196e-06, 4.92840945299e-06, 4.37920652985e-06, 6.03350054007e-06, 9.88481860986e-06, 9.84295456874e-06, 9.65288927546e-06]
    },
    "melbands128": {
        "max": [5.93903387198e-05, 0.000617923331447, 0.00741778686643, 0.0221141371876, 0.0416794754565, 0.040226817131, 0.0263957101852, 0.0296080503613, 0.021861160174, 0.0164153538644, 0.0254317931831, 0.030104085803, 0.0692262277007, 0.0310875643045, 0.0135768447071, 0.0119788991287, 0.0082631399855, 0.0125618092716, 0.0139732556418, 0.0155706936494, 0.0102496566251, 0.0108021032065, 0.0322554111481, 0.0196874495596, 0.01061078161, 0.0101617248729, 0.0051656505093, 0.00849084649235, 0.00776345655322, 0.00408861227334, 0.00331037351862, 0.00401321100071, 0.00418397551402, 0.00185405649245, 0.00107253110036, 0.00386000331491, 0.00439801858738, 0.00391030218452, 0.00142319360748, 0.00219072611071, 0.00180669419933, 0.000981501420029, 0.00106868287548, 0.00110862427391, 0.000946898013353, 0.000356163654942, 0.000642602855805, 0.000816492771264, 0.000209432299016, 0.000488656456582, 0.000774796237238, 0.000880842329934, 0.00036848775926, 0.00055297545623, 0.00396264111623, 0.00114461383782, 0.000948711356614, 0.000796983309556, 0.00091505155433, 0.00100602058228, 0.000166515354067, 0.000117990246508, 7.83127252362e-05, 9.45283754845e-05, 5.40232394997e-05, 6.33427043795e-05, 0.000123302510474, 0.000110228458652, 0.000162898402778, 0.000180306698894, 0.000104843311419, 0.000110143089842, 4.05153368774e-05, 6.6299980972e-05, 3.33339230565e-05, 3.51365852111e-05, 2.8787069823e-05, 3.41223931173e-05, 1.81715349754e-05, 1.45722779052e-05, 2.15550699068e-05, 3.35448276019e-05, 6.24232707196e-05, 3.06623041979e-05, 4.72184619866e-05, 6.81155725033e-05, 5.21035908605e-05, 8.3479892055e-05, 0.000111256165837, 0.000111724257295, 5.45400616829e-05, 7.19706877135e-05, 6.58342469251e-05, 0.000103139587736, 0.000149438608787, 0.000262060202658, 0.000209601130337, 0.000170674276887, 0.000135003239848, 0.000155835718033, 0.000166946629179, 0.000133703986648, 0.00011264164641, 0.000164746699738, 0.000225651951041, 0.000244934926741, 0.000107799911348, 2.05551714316e-06, 2.02421954754e-08, 1.97200833441e-08, 1.91232416569e-08, 1.84368396106e-08, 1.7861859547e-08, 1.7203062086e-08, 1.6733773478e-08, 1.61468776128e-08, 1.55806834101e-08, 1.51690855432e-08, 1.47990890653e-08, 1.4372370849e-08, 1.39745539585e-08, 1.37497808694e-08, 1.34195099477e-08, 1.32034108091e-08, 1.31066304476e-08, 1.28860966342e-08, 1.27658248417e-08, 1.26986225979e-08],
        "mean": [3.96513087253e-06, 8.39309213916e-05, 0.000724777753931, 0.00172663538251, 0.00273217912763, 0.0028783576563, 0.00217611691914, 0.00165811658371, 0.00131439161487, 0.000892737763934, 0.000886493653525, 0.00112300482579, 0.00144888472278, 0.000926097738557, 0.000344208470779, 0.000194703025045, 0.000218882720219, 0.000243421192863, 0.000243216840317, 0.000229650380788, 0.000213576990063, 0.000197507455596, 0.000387884647353, 0.000266927585471, 0.000208626021049, 0.000218849731027, 0.000131479915581, 0.000175862835022, 0.000200948124984, 0.000151748608914, 0.000116132898256, 9.70732799033e-05, 7.59825197747e-05, 5.5333457567e-05, 2.90739808406e-05, 5.83379624004e-05, 7.94829829829e-05, 5.93706718064e-05, 4.22873818025e-05, 5.51600605831e-05, 6.05326749792e-05, 3.41834784194e-05, 3.67446882592e-05, 2.54731439782e-05, 1.69111990544e-05, 1.34056681418e-05, 1.68646056409e-05, 1.87296100194e-05, 9.90177613858e-06, 1.52041411638e-05, 1.87718542293e-05, 2.12453924178e-05, 1.13009245979e-05, 1.62471696967e-05, 3.27050111082e-05, 2.41838515649e-05, 1.37822835313e-05, 1.66734680533e-05, 1.99651312869e-05, 1.35664631671e-05, 9.62141075433e-06, 6.40579764877e-06, 5.35442904948e-06, 4.61391346107e-06, 4.09344875152e-06, 4.85820919494e-06, 5.44424756299e-06, 6.31956481811e-06, 6.52701419313e-06, 6.83805501467e-06, 4.68421467303e-06, 3.35392928719e-06, 2.53603911915e-06, 3.17211720358e-06, 2.05754986382e-06, 1.58216744239e-06, 1.15307318538e-06, 1.22693700177e-06, 1.0721404351e-06, 1.21066238989e-06, 1.01485090909e-06, 1.01469777292e-06, 1.29752629618e-06, 1.23618667658e-06, 1.3168832993e-06, 1.67661357864e-06, 1.51198776166e-06, 1.45068395341e-06, 1.57333454354e-06, 1.60668514582e-06, 1.38932830396e-06, 1.29946477045e-06, 1.31138153847e-06, 1.3753242456e-06, 1.73044384155e-06, 2.04894809031e-06, 1.90099535757e-06, 1.83265524356e-06, 1.89062302525e-06, 2.0758827759e-06, 2.12359668694e-06, 1.71733177012e-06, 1.47015612129e-06, 1.48383435317e-06, 1.22124629343e-06, 9.7015947631e-07, 3.06535866912e-07, 1.0355579505e-08, 2.83763759018e-11, 2.18349054115e-11, 2.09598536444e-11, 2.07600499291e-11, 2.03621668138e-11, 2.05389264624e-11, 1.89370689269e-11, 1.79738238182e-11, 1.71399699989e-11, 1.66945953589e-11, 1.63280465537e-11, 1.59170246428e-11, 1.54555968718e-11, 1.52122012903e-11, 1.49358251461e-11, 1.46534676754e-11, 1.41408950521e-11, 1.32471585784e-11, 1.2752688662e-11, 1.26325746738e-11],
        "min": [1.00745423115e-09, 4.06315372459e-08, 1.36587777888e-06, 3.88635589843e-06, 4.88234036311e-06, 4.80453945784e-06, 3.936768735e-06, 3.73286798094e-06, 2.47468051384e-06, 1.05304047793e-06, 1.07173605102e-07, 1.2180349529e-07, 8.8847968982e-08, 1.51978071017e-07, 1.53600780095e-07, 1.16465081135e-07, 1.41701406164e-07, 9.07945079121e-08, 1.1603479777e-07, 1.37108685294e-07, 2.38260142282e-07, 1.52478207838e-07, 1.89390931382e-07, 1.81385885867e-07, 3.13019597797e-07, 1.8305489391e-07, 1.68431554926e-07, 1.39703189461e-07, 4.12808489614e-08, 4.69165968298e-08, 1.03301147192e-07, 2.4053659331e-07, 1.37522818022e-07, 1.28457486426e-07, 1.31818723048e-07, 1.41373433848e-07, 6.79149962934e-08, 6.48192894914e-08, 7.17145525186e-08, 9.98604576807e-08, 8.90074716153e-08, 1.33378277312e-08, 1.18961178686e-08, 8.15901390894e-09, 7.48739239498e-08, 1.00173117801e-07, 1.6546997017e-07, 9.24445231476e-08, 1.18111216807e-07, 5.64032092143e-08, 6.90831996053e-08, 1.45084001701e-07, 6.74238407328e-08, 6.4002392719e-08, 2.04288621575e-08, 7.31781639729e-08, 1.03840633869e-07, 6.36928731979e-08, 5.46882539254e-08, 5.70523468468e-08, 1.89152125074e-08, 5.87659556572e-08, 7.44752171045e-08, 3.95802750575e-08, 4.17101055916e-08, 3.51639428686e-08, 4.35411458e-08, 2.94917352761e-08, 2.72752807007e-08, 1.71602980714e-08, 8.19523027218e-09, 1.6840681738e-08, 1.46918823773e-08, 1.32729320867e-08, 1.0515747384e-08, 1.71082739087e-08, 8.4660252142e-09, 4.73519978783e-09, 6.27831564515e-09, 7.99173882626e-09, 1.79777803755e-09, 3.87284337933e-09, 6.60115517803e-09, 8.14088618739e-09, 3.24168869525e-09, 2.78562151124e-09, 2.64719712817e-09, 5.64792834723e-09, 6.20164586351e-09, 4.28926094642e-09, 5.14855358347e-09, 6.05788086361e-09, 4.3619738932e-09, 7.20243686914e-09, 5.75432146377e-09, 6.52892540032e-09, 3.35820926622e-09, 2.31169861031e-09, 3.59659035887e-09, 1.8821917358e-09, 1.735674382e-09, 2.25740737214e-09, 9.1882446096e-10, 1.54316914802e-09, 1.0381510096e-09, 1.24972332483e-09, 1.22971077765e-10, 1.22914016205e-12, 8.63963089438e-13, 7.68587396418e-13, 7.94007925815e-13, 7.51513272185e-13, 7.58301461987e-13, 7.24258110082e-13, 8.23009683407e-13, 7.44343605849e-13, 7.82254198483e-13, 8.37805898875e-13, 7.55940286496e-13, 8.03273734421e-13, 6.88639520841e-13, 7.36046911354e-13, 7.41761903636e-13, 7.3096422578e-13, 4.71019328142e-13, 1.38945224683e-13, 2.91781301811e-14, 5.10138986192e-16],
        "stdev": [4.83159237774e-06, 8.40161737869e-05, 0.000865182024427, 0.00229952065274, 0.00334360566922, 0.00339045189321, 0.00307254400104, 0.00233475514688, 0.00227705156431, 0.00175361335278, 0.00217950856313, 0.00295425625518, 0.00406491290778, 0.00248619122431, 0.000909710070118, 0.000623107131105, 0.000632891722489, 0.000774976797402, 0.000718694354873, 0.000756889872719, 0.000690991175361, 0.000606234825682, 0.00148514087778, 0.00101216777693, 0.000699311553035, 0.000719858217053, 0.000366534572095, 0.000525927462149, 0.000595183519181, 0.000408755353419, 0.000292625249131, 0.000266954390099, 0.000264774746029, 0.000149289349793, 7.63229181757e-05, 0.000203362083994, 0.000270859309239, 0.000183953685337, 0.000107806648884, 0.00014417526836, 0.000130664659082, 8.36918334244e-05, 0.000101643010566, 6.88021609676e-05, 5.01433496538e-05, 2.7837611924e-05, 4.77344292449e-05, 5.19905224792e-05, 1.82707753993e-05, 3.72185568267e-05, 5.6518430938e-05, 6.23111263849e-05, 2.7222224162e-05, 4.30533473263e-05, 0.000167284757481, 8.28408592497e-05, 4.13846719312e-05, 4.49470499007e-05, 6.32576120552e-05, 4.08411106037e-05, 1.69930335687e-05, 1.04724940684e-05, 7.3841865742e-06, 7.67032815929e-06, 5.83361907047e-06, 6.92590901963e-06, 8.52487937664e-06, 9.5617997431e-06, 1.09807160698e-05, 1.25054220916e-05, 8.61557145981e-06, 6.24238691671e-06, 3.70210682377e-06, 5.6143871916e-06, 3.47077548213e-06, 2.87190505333e-06, 2.15366685552e-06, 2.19268304136e-06, 1.74003287157e-06, 1.97009535441e-06, 1.75033130745e-06, 1.91941762751e-06, 3.48754201696e-06, 2.42093324232e-06, 3.15780425808e-06, 4.32644355897e-06, 3.80233154829e-06, 4.29349211117e-06, 5.44511931366e-06, 6.15524095338e-06, 4.58648764834e-06, 4.37191283709e-06, 4.54640212411e-06, 5.34119590156e-06, 7.48945603846e-06, 1.10558021333e-05, 1.05008939499e-05, 9.88363535726e-06, 9.24186224438e-06, 1.09855045594e-05, 1.19965152408e-05, 9.71076678979e-06, 7.88100260252e-06, 9.79145897873e-06, 8.62581055117e-06, 8.56020960782e-06, 3.54365442945e-06, 7.97889825321e-08, 5.43536216036e-10, 5.26680310475e-10, 5.10638031859e-10, 4.92348939396e-10, 4.77137052091e-10, 4.60455840123e-10, 4.46969516954e-10, 4.31179730809e-10, 4.16022355454e-10, 4.05030120554e-10, 3.95149635235e-10, 3.83754611422e-10, 3.73133635101e-10, 3.67130770229e-10, 3.58310547899e-10, 3.52542217641e-10, 3.49967194113e-10, 3.44096445781e-10, 3.40894812378e-10, 3.39102301794e-10]
    },
    "mfcc": {
        "mean": [-649.144836426, 130.370376587, 12.0239076614, 23.5191764832, 10.1273298264, 4.06684541702, 5.22781562805, 7.05200386047, -3.99263072014, 3.19898462296, -3.43045592308, -1.38573825359, -3.91796779633],
        "cov": [[2692.45117188, -268.691711426, -203.499511719, -138.85848999, -68.8661193848, -261.258544922, -49.3463821411, -34.3421211243, -76.9340820312, -2.60257935524, -64.855255127, -19.3130626678, -21.2387142181], [-268.691711426, 1009.73547363, -270.47442627, -97.6076660156, -162.631408691, -169.364151001, -11.9801616669, 24.2294845581, -148.5287323, 6.65662574768, -18.3884716034, -34.6027755737, -16.0713291168], [-203.499511719, -270.47442627, 519.557067871, 36.5368766785, 50.397808075, 76.1960525513, -45.4802932739, -79.3551864624, 16.4514904022, -54.260383606, 9.46177005768, 2.51226258278, 30.6332702637], [-138.85848999, -97.6076660156, 36.5368766785, 272.736877441, 150.99079895, -5.99124288559, -126.454017639, -61.3624343872, 30.2913913727, -4.58193826675, -34.0557022095, 22.8065280914, 56.2087059021], [-68.8661193848, -162.631408691, 50.397808075, 150.99079895, 233.038085938, 23.7133197784, -99.4135284424, -53.6299591064, 44.7531318665, -5.38006448746, -22.6565303802, 22.7041511536, 29.0064620972], [-261.258544922, -169.364151001, 76.1960525513, -5.99124288559, 23.7133197784, 202.224777222, 80.748664856, 9.4994430542, 48.4272079468, -15.0598058701, 28.8054695129, 15.9431085587, -11.9900960922], [-49.3463821411, -11.9801616669, -45.4802932739, -126.454017639, -99.4135284424, 80.748664856, 213.752792358, 94.2735290527, 5.7171049118, -4.16986989975, 24.0875835419, -16.868478775, -33.707736969], [-34.3421211243, 24.2294845581, -79.3551864624, -61.3624343872, -53.6299591064, 9.4994430542, 94.2735290527, 115.957603455, 20.3083591461, 11.1709909439, 6.15703201294, -6.68490934372, -12.6811590195], [-76.9340820312, -148.5287323, 16.4514904022, 30.2913913727, 44.7531318665, 48.4272079468, 5.7171049118, 20.3083591461, 117.204856873, 25.8968410492, 15.7005681992, 10.6320285797, -0.348814725876], [-2.60257935524, 6.65662574768, -54.260383606, -4.58193826675, -5.38006448746, -15.0598058701, -4.16986989975, 11.1709909439, 25.8968410492, 84.887046814, 27.2672767639, -0.188769504428, -9.21296405792], [-64.855255127, -18.3884716034, 9.46177005768, -34.0557022095, -22.6565303802, 28.8054695129, 24.0875835419, 6.15703201294, 15.7005681992, 27.2672767639, 63.9936218262, 9.30677700043, -15.2995462418], [-19.3130626678, -34.6027755737, 2.51226258278, 22.8065280914, 22.7041511536, 15.9431085587, -16.868478775, -6.68490934372, 10.6320285797, -0.188769504428, 9.30677700043, 52.710067749, 24.292131424], [-21.2387142181, -16.0713291168, 30.6332702637, 56.2087059021, 29.0064620972, -11.9900960922, -33.707736969, -12.6811590195, -0.348814725876, -9.21296405792, -15.2995462418, 24.292131424, 74.7726974487]],
        "icov": [[0.000601537583862, 0.000526563671883, 0.000395397335524, 0.000525708077475, 0.000143056851812, 0.000950761081185, -2.72220004263e-05, 0.000544365728274, 0.000247471994953, 0.00014112801, 0.000475996028399, -0.000131350199808, 6.24873719062e-05], [0.000526563671883, 0.00206945976242, 0.00104490760714, 0.000587584858295, 0.000854713434819, 0.00126258982345, 0.000553421210498, 0.0002788057609, 0.00162762776017, 0.000251554651186, 0.000174861721462, 0.000431589403888, -0.000173605032614], [0.000395397335524, 0.00104490760714, 0.00321919587441, 0.000783933850471, 0.00038166999002, -0.000167887352291, 0.000747317855712, 0.00187720102258, 4.67523277621e-05, 0.00197775033303, -0.00108145200647, 0.00162628456019, -0.00159671134315], [0.000525708077475, 0.000587584858295, 0.000783933850471, 0.00798830203712, -0.00270465156063, -7.17475631973e-05, 0.00260460725985, 0.0011094257934, -0.000656848074868, -0.000161039715749, 0.00215354189277, 0.000572887656745, -0.00341893313453], [0.000143056851812, 0.000854713434819, 0.00038166999002, -0.00270465156063, 0.00839543715119, -0.0010690035997, 0.00230746134184, 0.000922065926716, -0.00143495062366, 0.000252486759564, 0.00192895357031, -0.00100575969554, 0.000615337747149], [0.000950761081185, 0.00126258982345, -0.000167887352291, -7.17475631973e-05, -0.0010690035997, 0.0106376372278, -0.00529561704025, 0.00304861390032, -0.00199645361863, 0.0023558109533, -0.00181566399988, -0.00293653388508, 0.00177785009146], [-2.72220004263e-05, 0.000553421210498, 0.000747317855712, 0.00260460725985, 0.00230746134184, -0.00529561704025, 0.0131108118221, -0.00757396826521, 0.00146068562753, 0.00127714301925, -0.00102230056655, 0.00306863244623, -0.000313270458719], [0.000544365728274, 0.0002788057609, 0.00187720102258, 0.0011094257934, 0.000922065926716, 0.00304861390032, -0.00757396826521, 0.0174333974719, -0.00425218697637, -0.000307182082906, 0.00208484102041, -0.000717739341781, -0.00111298460979], [0.000247471994953, 0.00162762776017, 4.67523277621e-05, -0.000656848074868, -0.00143495062366, -0.00199645361863, 0.00146068562753, -0.00425218697637, 0.0139677599072, -0.00381665932946, -0.00100786366966, -0.000320588878822, 0.000561418768484], [0.00014112801, 0.000251554651186, 0.00197775033303, -0.000161039715749, 0.000252486759564, 0.0023558109533, 0.00127714301925, -0.000307182082906, -0.00381665932946, 0.017413649708, -0.0083837127313, 0.0020782740321, -5.441526082e-05], [0.000475996028399, 0.000174861721462, -0.00108145200647, 0.00215354189277, 0.00192895357031, -0.00181566399988, -0.00102230056655, 0.00208484102041, -0.00100786366966, -0.0083837127313, 0.0250243283808, -0.00714057730511, 0.00425272062421], [-0.000131350199808, 0.000431589403888, 0.00162628456019, 0.000572887656745, -0.00100575969554, -0.00293653388508, 0.00306863244623, -0.000717739341781, -0.000320588878822, 0.0020782740321, -0.00714057730511, 0.0269543491304, -0.00982397422194], [6.24873719062e-05, -0.000173605032614, -0.00159671134315, -0.00341893313453, 0.000615337747149, 0.00177785009146, -0.000313270458719, -0.00111298460979, 0.000561418768484, -5.441526082e-05, 0.00425272062421, -0.00982397422194, 0.0203526448458]]
    },
    "spectral_contrast_coeffs": {
        "max": [-0.405127644539, -0.429079771042, -0.554857134819, -0.625489711761, -0.649825870991, -0.728443622589],
        "mean": [-0.672763884068, -0.75581818819, -0.777531147003, -0.807110011578, -0.801419496536, -0.80530244112],
        "min": [-0.875277817249, -0.927908480167, -0.91321015358, -0.905017793179, -0.891038775444, -0.885865032673],
        "stdev": [0.0784948095679, 0.0818956270814, 0.0736362040043, 0.0459389947355, 0.0393837243319, 0.0246473401785]
    },
    "spectral_contrast_valleys": {
        "max": [-4.86907911301, -5.23379898071, -5.6394200325, -6.26637363434, -6.16431665421, -7.33476161957],
        "mean": [-6.42982959747, -6.77128839493, -7.35368919373, -7.63569736481, -7.63117647171, -10.1056880951],
        "min": [-8.38308906555, -8.65307235718, -9.02872180939, -9.54693889618, -9.36671829224, -11.9939155579],
        "stdev": [0.561334490776, 0.565574884415, 0.575268745422, 0.497214347124, 0.566974520683, 0.759848177433]
    }
},
"rhythm": {
    "beats_count": 56,
    "beats_loudness": {
        "max": 0.093006670475,
        "mean": 0.0401488468051,
        "min": 0.00587726011872,
        "stdev": 0.0201118011028
    },
    "bpm": 104.866912842,
    "bpm_histogram_first_peak_bpm": 105,
    "bpm_histogram_first_peak_weight": 0.384615421295,
    "bpm_histogram_second_peak_bpm": 98,
    "bpm_histogram_second_peak_spread": 0.33333337307,
    "bpm_histogram_second_peak_weight": 0.0363636352122,
    "danceability": 1.11624670029,
    "onset_rate": 4.1220703125,
    "beats_loudness_band_ratio": {
        "max": [0.905464351177, 0.739651143551, 0.655907869339, 0.449586480856, 0.143247097731, 0.21369574964],
        "mean": [0.541862130165, 0.202866837382, 0.116913475096, 0.0972405001521, 0.0490453280509, 0.0368841476738],
        "min": [0.137229025364, 0.0220428090543, 0.012246706523, 0.00613362155855, 0.00443806219846, 0.00154912983999],
        "stdev": [0.194481819868, 0.165138453245, 0.121180646122, 0.106384471059, 0.0309295523912, 0.0309033859521]
    },
    "beats_position": [0.615328788757, 1.24226760864, 1.8575963974, 2.47292518616, 3.06503391266, 3.64553284645, 4.22603178024, 4.80653047562, 5.38702917099, 5.94430828094, 6.51319694519, 7.08208608627, 7.66258478165, 8.24308395386, 8.80036258698, 9.36925125122, 9.93814086914, 10.5070295334, 11.0759181976, 11.656416893, 12.2253055573, 12.7941951752, 13.3630838394, 13.9435825348, 14.512471199, 15.0929698944, 15.6618595123, 16.2307472229, 16.7996368408, 17.3685264587, 17.9374141693, 18.5063037872, 19.0751914978, 19.6440811157, 20.2013607025, 20.7818584442, 21.3623580933, 21.942855835, 22.5117454529, 23.0806350708, 23.6611328125, 24.2300224304, 24.7989120483, 25.3677997589, 25.9366893768, 26.5171871185, 27.0860767365, 27.6549663544, 28.2354640961, 28.804353714, 29.3732414246, 29.9421310425, 30.5226306915, 31.0915184021, 31.66040802, 32.2292976379],
