{
"metadata": {
    "version": {
        "essentia": "2.1-beta5",
        "essentia_git_sha": "Undefined",
        "extractor": "music 2.0"
    },
    "audio_properties": {
        "analysis": {
            "equal_loudness": 0,
            "length": 12.7477550507,
            "sample_rate": 44100,
            "start_time": 0,
            "downmix": "mix"
        },
        "bit_rate": 192000,
        "length": 197.323181152,
        "lossless": 0,
        "number_channels": 2,
        "replay_gain": -7.10423088074,
        "sample_rate": 48000,
        "codec": "mp3",
        "md5_encoded": "6ffaf0d4d906f758baa2008f1d08f4ca"
    },
    "tags": {
        "file_name": "Sweden_It Hurts_Lena Philipsson.mp3",
        "encoding": ["Lavf58.29.100"]
    }
},
"lowlevel": {
    "average_loudness": 0.565943598747,
    "barkbands_crest": {
        "max": 24.6665840149,
        "mean": 8.9423789978,
        "min": 3.04567217827,
        "stdev": 4.09515762329
    },
    "barkbands_flatness_db": {
        "max": 0.311999738216,
        "mean": 0.178246155381,
        "min": 0.0377706065774,
        "stdev": 0.0480502992868
    },
    "barkbands_kurtosis": {
        "max": 59.0527610779,
        "mean": 0.92658239603,
        "min": -1.63289701939,
        "stdev": 4.17894601822
    },
    "barkbands_skewness": {
        "max": 7.07909822464,
        "mean": 0.92992067337,
        "min": -1.70613563061,
        "stdev": 0.788860559464
    },
    "barkbands_spread": {
        "max": 54.3478927612,
        "mean": 14.6661596298,
        "min": 2.36533236504,
        "stdev": 9.70150375366
    },
    "dissonance": {
        "max": 0.499999970198,
        "mean": 0.47876432538,
        "min": 0.362825155258,
        "stdev": 0.0194429680705
    },
    "dynamic_complexity": 4.03667879105,
    "erbbands_crest": {
        "max": 25.3085956573,
        "mean": 9.20479488373,
        "min": 3.54790496826,
        "stdev": 3.79836750031
    },
    "erbbands_flatness_db": {
        "max": 0.372068613768,
        "mean": 0.250979989767,
        "min": 0.0935607776046,
        "stdev": 0.0606727488339
    },
    "erbbands_kurtosis": {
        "max": 5.83473396301,
        "mean": -0.0637576505542,
        "min": -1.58994948864,
        "stdev": 1.04803681374
    },
    "erbbands_skewness": {
        "max": 2.5058863163,
        "mean": 0.395398616791,
        "min": -2.04559969902,
        "stdev": 0.620632648468
    },
    "erbbands_spread": {
        "max": 62.2572479248,
        "mean": 21.6744384766,
        "min": 7.41680526733,
        "stdev": 10.8984851837
    },
    "hfc": {
        "max": 100.022819519,
        "mean": 14.8494749069,
        "min": 1.13296281523e-16,
        "stdev": 16.4322223663
    },
    "loudness_ebu128": {
        "integrated": -18.8693275452,
        "loudness_range": 8.81804943085,
        "momentary": {
            "max": -12.3332986832,
            "mean": -21.1637248993,
            "min": -32.5359954834,
            "stdev": 4.41551971436
        },
        "short_term": {
            "max": -15.0955200195,
            "mean": -21.0219745636,
            "min": -25.3959064484,
            "stdev": 2.71965289116
        }
    },
    "melbands_crest": {
        "max": 29.4556045532,
        "mean": 11.3056573868,
        "min": 2.08765268326,
        "stdev": 4.69517850876
    },
    "melbands_flatness_db": {
        "max": 0.334834069014,
        "mean": 0.175223261118,
        "min": 0.00601562066004,
        "stdev": 0.0380877926946
    },
    "melbands_kurtosis": {
        "max": 99.0454330444,
        "mean": 4.01008462906,
        "min": -1.39058935642,
        "stdev": 7.95237541199
    },
    "melbands_skewness": {
        "max": 7.97309112549,
        "mean": 1.56125164032,
        "min": -0.175942674279,
        "stdev": 0.966576039791
    },
    "melbands_spread": {
        "max": 123.705841064,
        "mean": 21.4391822815,
        "min": 2.13040232658,
        "stdev": 12.5661945343
    },
    "pitch_salience": {
        "max": 0.907046556473,
        "mean": 0.64142292738,
        "min": 0.23302538693,
        "stdev": 0.117633163929
    },
    "silence_rate_20dB": {
        "max": 1,
        "mean": 1,
        "min": 1,
        "stdev": 0
    },
    "silence_rate_30dB": {
        "max": 1,
        "mean": 1,
        "min": 1,
        "stdev": 0
    },
    "silence_rate_60dB": {
        "max": 1,
        "mean": 0.223636358976,
        "min": 0,
        "stdev": 0.416680186987
    },
    "spectral_centroid": {
        "max": 10671.40625,
        "mean": 1700.62438965,
        "min": 350.724151611,
        "stdev": 550.838195801
    },
    "spectral_complexity": {
        "max": 46,
        "mean": 18.0290908813,
        "min": 0,
        "stdev": 9.12673950195
    },
    "spectral_decrease": {
        "max": -1.60986859048e-28,
        "mean": -3.02158498222e-09,
        "min": -3.14045607297e-08,
        "stdev": 3.57192542211e-09
    },
    "spectral_energy": {
        "max": 0.12376229465,
        "mean": 0.0127510530874,
        "min": 1.08839051751e-20,
        "stdev": 0.0148133542389
    },
    "spectral_energyband_high": {
        "max": 0.00602295389399,
        "mean": 0.000299730076222,
        "min": 7.74649877674e-21,
        "stdev": 0.00073278916534
    },
    "spectral_energyband_low": {
        "max": 0.0287302266806,
        "mean": 0.000855167454574,
        "min": 5.66079391175e-23,
        "stdev": 0.0028462021146
    },
    "spectral_energyband_middle_high": {
        "max": 0.0276213623583,
        "mean": 0.00573589000851,
        "min": 1.84765996528e-21,
        "stdev": 0.00521877687424
    },
    "spectral_energyband_middle_low": {
        "max": 0.113972678781,
        "mean": 0.0061232438311,
        "min": 4.03360130866e-22,
        "stdev": 0.00985619612038
    },
    "spectral_entropy": {
        "max": 9.80452632904,
        "mean": 7.54397010803,
        "min": 6.46221542358,
        "stdev": 0.227273181081
    },
    "spectral_flux": {
        "max": 0.283280074596,
        "mean": 0.0585115551949,
        "min": 1.04325957595e-10,
        "stdev": 0.0361034013331
    },
    "spectral_kurtosis": {
        "max": 18.3490180969,
        "mean": 7.05300188065,
        "min": -1.17668437958,
        "stdev": 2.80402040482
    },
    "spectral_rms": {
        "max": 0.0109883435071,
        "mean": 0.00306815770455,
        "min": 3.25859543342e-12,
        "stdev": 0.00173967296723
    },
    "spectral_rolloff": {
        "max": 18389.3554688,
        "mean": 2064.64208984,
        "min": 258.3984375,
        "stdev": 943.922241211
    },
    "spectral_skewness": {
        "max": 3.35424399376,
        "mean": 1.79677700996,
        "min": 0.039403591305,
        "stdev": 0.282424718142
    },
    "spectral_spread": {
        "max": 40531360,
        "mean": 3109511.5,
        "min": 1920658.625,
        "stdev": 2093297.375
    },
    "spectral_strongpeak": {
        "max": 12.111571312,
        "mean": 1.12566232681,
        "min": 0,
        "stdev": 1.21141290665
    },
    "zerocrossingrate": {
        "max": 0.4921875,
        "mean": 0.0707652717829,
        "min": 0.01171875,
        "stdev": 0.0253801457584
    },
    "barkbands": {
        "max": [0.00231419503689, 0.0202686283737, 0.0106470687315, 0.0141784334555, 0.0407210476696, 0.102289997041, 0.0196336060762, 0.00302972760983, 0.0192453395575, 0.012523772195, 0.00586243206635, 0.0092517118901, 0.00428445683792, 0.01050165575, 0.00805751699954, 0.00691349105909, 0.0208237618208, 0.00614853296429, 0.00165869400371, 0.00155203929171, 0.000881285115611, 0.000910347851459, 0.00152488111053, 0.00103945587762, 0.00144131074194, 0.000738097762223, 5.93371532887e-06],
        "mean": [8.55555917951e-05, 0.000527897151187, 0.000151681175339, 0.000191555707715, 0.00152072776109, 0.000967600441072, 0.00113219313789, 0.000235022976995, 0.00163276609965, 0.0011480061803, 0.000628177192993, 0.000643964565825, 0.000451005500508, 0.000642466009595, 0.000388910411857, 0.000385660066968, 0.000985595863312, 0.000497352622915, 0.000190743347048, 9.43429622566e-05, 6.31370130577e-05, 4.22097982664e-05, 4.62745629193e-05, 4.4948705181e-05, 4.16715665779e-05, 1.15528500828e-05, 3.8315977946e-08],
        "min": [1.00310921619e-23, 9.09671166323e-24, 2.80052531775e-23, 1.70506415538e-23, 4.06163149299e-23, 5.77118521356e-23, 5.16203124017e-23, 4.9498229235e-23, 1.33183550712e-22, 1.57099276381e-22, 8.13056152708e-23, 1.04761498142e-22, 5.95102782947e-23, 1.02069993085e-22, 1.5421319405e-22, 1.27159354455e-22, 2.15057467689e-22, 1.30192190159e-22, 3.65575107144e-22, 4.77539990823e-22, 4.83451373659e-22, 5.51158913879e-22, 9.58183928427e-22, 9.09926037815e-22, 9.12835609269e-22, 1.9913959253e-21, 2.09595207979e-21],
        "stdev": [0.00029361556517, 0.00187808705959, 0.000657459546346, 0.000908946851268, 0.00448524998501, 0.00574445538223, 0.00254979799502, 0.000366830179701, 0.00228235893883, 0.00171712937299, 0.00083957874449, 0.000920247286558, 0.000508486351464, 0.000967335596215, 0.000663182581775, 0.000651969341561, 0.00264055212028, 0.00062095321482, 0.000226549556828, 0.000187359866686, 0.000127843843075, 0.000100542318251, 0.000147211379954, 0.000131593100377, 0.000134386660648, 4.81943789055e-05, 3.36305305382e-07]
    },
    "erbbands": {
        "max": [0.608351290226, 4.68867826462, 9.58310508728, 37.81067276, 30.6311817169, 200.760665894, 716.62512207, 674.666259766, 254.035186768, 348.380737305, 65.7501525879, 248.297744751, 628.294128418, 274.636108398, 232.36756897, 424.834320068, 165.239700317, 585.500366211, 757.672119141, 491.347900391, 476.795593262, 1400.27099609, 305.644805908, 105.590019226, 57.7510910034, 64.2113342285, 52.9372940063, 42.6616325378, 32.5462608337, 49.6359329224, 35.9019317627, 18.9787158966, 20.3283309937, 19.5995311737, 8.30777168274, 4.41215372086, 0.940243303776, 0.0740951746702, 0.00165051757358, 0.000178209884325],
        "mean": [0.0224648825824, 0.0870531275868, 0.166557088494, 0.463944077492, 1.15030896664, 7.91388940811, 6.9754986763, 8.35163211823, 14.4732713699, 12.3649568558, 6.81999015808, 26.9528331757, 52.0046653748, 30.4209480286, 27.0927867889, 24.339799881, 20.6288166046, 32.479637146, 27.1763458252, 19.9087295532, 26.2456588745, 58.6513366699, 30.6631355286, 15.0603904724, 6.92918300629, 4.37367391586, 3.21029019356, 2.13751292229, 1.62298285961, 1.34380865097, 1.25671076775, 1.00909936428, 0.714222192764, 0.548937022686, 0.238345339894, 0.0689328089356, 0.017978688702, 0.00194359605666, 4.74779226352e-05, 1.81358773261e-05],
        "min": [2.58508330246e-22, 2.60789448402e-21, 2.53877869708e-20, 5.92346750836e-20, 1.03537770758e-19, 1.27865152573e-19, 1.38054402133e-19, 5.46382211202e-19, 7.09354886451e-19, 8.91469503351e-19, 2.120839185e-18, 2.71152968761e-18, 3.16468921246e-18, 6.09744525297e-18, 3.38736912849e-18, 3.46972157592e-18, 3.30122591912e-18, 5.3344133241e-18, 7.34328513459e-18, 5.97654867054e-18, 1.03167976047e-17, 1.00255663361e-17, 7.46084238889e-18, 2.18883802221e-17, 1.80187548703e-17, 1.83278673021e-17, 1.64442810944e-17, 2.19776214296e-17, 2.05096670099e-17, 2.71517552752e-17, 2.51662107851e-17, 2.36011040025e-17, 1.10154087074e-17, 9.27255735474e-18, 7.50301371088e-18, 7.16671598822e-18, 3.36137228941e-18, 1.06908875551e-18, 2.93704977997e-19, 3.40111109293e-20],
        "stdev": [0.0770765170455, 0.355839490891, 0.655585110188, 2.23803281784, 3.33385539055, 23.5133323669, 41.2586212158, 44.2161369324, 35.3266220093, 29.7491817474, 8.39461803436, 33.7425537109, 75.9343338013, 41.7132568359, 34.8441543579, 35.8552589417, 21.781463623, 46.5439834595, 55.0399665833, 29.9368667603, 47.6500396729, 161.634048462, 39.3438682556, 14.4529809952, 8.08433914185, 8.54152202606, 6.97084379196, 4.67643690109, 3.55110549927, 4.29403495789, 3.93439126015, 2.70327496529, 2.2571003437, 1.82016885281, 0.775632143021, 0.282871186733, 0.0726933777332, 0.0071033150889, 0.000150848252815, 2.39029377553e-05]
    },
    "gfcc": {
        "mean": [-85.0914230347, 52.0087661743, -206.447799683, -12.528014183, -74.7414932251, 4.01151275635, -41.5547599792, 13.2936077118, -24.1415462494, -7.93679332733, -18.588104248, -3.2303314209, -9.91409111023],
        "cov": [[8909.81054688, 336.126037598, 1826.18664551, 1245.01013184, 188.549575806, -41.830745697, -849.192626953, 149.769851685, -156.950485229, 303.153930664, 118.169387817, 383.778778076, 123.390708923], [336.126037598, 624.05279541, 794.385498047, 447.490753174, 146.886184692, -21.9416923523, -121.9272995, -30.4291038513, 17.2616519928, 129.745162964, 54.5647354126, 45.9568367004, -2.11288523674], [1826.18664551, 794.385498047, 2508.1809082, 1243.37976074, 358.810394287, -33.3769454956, -572.810180664, 53.3021812439, 0.154681652784, 432.538665771, 156.183761597, 276.825500488, 64.0841903687], [1245.01013184, 447.490753174, 1243.37976074, 785.840820312, 222.02507019, 0.413342535496, -293.648925781, 22.0510311127, 31.5934619904, 195.348571777, 56.7906188965, 158.802780151, 33.6998291016], [188.549575806, 146.886184692, 358.810394287, 222.02507019, 144.674591064, 27.4998188019, -56.5208969116, 20.6381587982, 19.6887187958, 44.046749115, 16.7895374298, 52.6580238342, 11.708065033], [-41.830745697, -21.9416923523, -33.3769454956, 0.413342535496, 27.4998188019, 101.747123718, 71.566078186, 21.9524478912, 8.20520687103, 0.713018417358, -8.45265007019, -0.845485091209, 0.343908667564], [-849.192626953, -121.9272995, -572.810180664, -293.648925781, -56.5208969116, 71.566078186, 280.941223145, 13.0897750854, 26.3859825134, -87.5792541504, -24.2009353638, -67.6867370605, -24.5946960449], [149.769851685, -30.4291038513, 53.3021812439, 22.0510311127, 20.6381587982, 21.9524478912, 13.0897750854, 98.9735565186, 49.9166297913, 42.0297431946, 31.6318264008, 35.3469467163, 0.439204245806], [-156.950485229, 17.2616519928, 0.154681652784, 31.5934619904, 19.6887187958, 8.20520687103, 26.3859825134, 49.9166297913, 100.55532074, 45.7599868774, 23.5770225525, 27.424446106, 5.77518129349], [303.153930664, 129.745162964, 432.538665771, 195.348571777, 44.046749115, 0.713018417358, -87.5792541504, 42.0297431946, 45.7599868774, 171.981658936, 75.593460083, 64.4000549316, 15.450835228], [118.169387817, 54.5647354126, 156.183761597, 56.7906188965, 16.7895374298, -8.45265007019, -24.2009353638, 31.6318264008, 23.5770225525, 75.593460083, 75.6058883667, 49.0204849243, 7.19243144989], [383.778778076, 45.9568367004, 276.825500488, 158.802780151, 52.6580238342, -0.845485091209, -67.6867370605, 35.3469467163, 27.424446106, 64.4000549316, 49.0204849243, 114.103546143, 20.7315578461], [123.390708923, -2.11288523674, 64.0841903687, 33.6998291016, 11.708065033, 0.343908667564, -24.5946960449, 0.439204245806, 5.77518129349, 15.450835228, 7.19243144989, 20.7315578461, 48.6265220642]],
        "icov": [[0.000250660727033, -0.00013558685896, 0.000413103814935, -0.000674211245496, 0.000391082692659, -0.000300040323054, 0.000742002157494, -0.000910371949431, 0.00105300813448, -0.000238337102928, 5.49655269424e-05, -0.000397755444283, -0.000315524026519], [-0.00013558685896, 0.00441856402904, -0.0013481999049, -0.00133513228502, -0.00162459583953, 0.00195067760069, -0.0026524560526, 0.00338390120305, -0.00185550248716, 0.000573071592953, -0.00302160787396, 0.0031140090432, 0.00140091089997], [0.000413103814935, -0.0013481999049, 0.00449046166614, -0.00433466257527, -0.000846454815473, -7.80029440648e-05, 0.00287062302232, -0.00326352170669, 0.00573569675907, -0.0049070045352, 0.000904219574295, -0.00142277905252, -0.000984109938145], [-0.000674211245496, -0.00133513228502, -0.00433466257527, 0.0109841777012, -0.00307529652491, -0.00170410529245, 0.000695855473168, 0.0037550854031, -0.00665023270994, 0.00186753540765, 0.00360932317562, -0.00260578631423, 0.00159705639817], [0.000391082692659, -0.00162459583953, -0.000846454815473, -0.00307529652491, 0.0164000466466, -0.00523596070707, 0.00126500159968, -0.00274338526651, -0.00126680219546, 0.00510381627828, -0.00125921948347, -0.00210614665411, -0.00145031500142], [-0.000300040323054, 0.00195067760069, -7.80029440648e-05, -0.00170410529245, -0.00523596070707, 0.0186082925647, -0.00921056512743, -0.00183724693488, 0.00361223518848, -0.00520849041641, 0.00553137157112, 0.000342930259649, -0.00112139270641], [0.000742002157494, -0.0026524560526, 0.00287062302232, 0.000695855473168, 0.00126500159968, -0.00921056512743, 0.0143248513341, -0.00339217111468, -0.000336978497216, 0.00180314888712, -0.00246108882129, -0.00049103301717, 0.000813483609818], [-0.000910371949431, 0.00338390120305, -0.00326352170669, 0.0037550854031, -0.00274338526651, -0.00183724693488, -0.00339217111468, 0.0219837315381, -0.0123849604279, 0.0018236215692, -0.00559780374169, 0.000358713208698, 0.00448143295944], [0.00105300813448, -0.00185550248716, 0.00573569675907, -0.00665023270994, -0.00126680219546, 0.00361223518848, -0.000336978497216, -0.0123849604279, 0.0255134962499, -0.0111506460235, 0.00510070472956, -0.00454864557832, -0.00378416385502], [-0.000238337102928, 0.000573071592953, -0.0049070045352, 0.00186753540765, 0.00510381627828, -0.00520849041641, 0.00180314888712, 0.0018236215692, -0.0111506460235, 0.0237048342824, -0.0161854233593, 0.00426469417289, -0.00012618767505], [5.49655269424e-05, -0.00302160787396, 0.000904219574295, 0.00360932317562, -0.00125921948347, 0.00553137157112, -0.00246108882129, -0.00559780374169, 0.00510070472956, -0.0161854233593, 0.0361530482769, -0.0128719834611, -0.000216505955905], [-0.000397755444283, 0.0031140090432, -0.00142277905252, -0.00260578631423, -0.00210614665411, 0.000342930259649, -0.00049103301717, 0.000358713208698, -0.00454864557832, 0.00426469417289, -0.0128719834611, 0.0212389081717, -0.00288733257912], [-0.000315524026519, 0.00140091089997, -0.000984109938145, 0.00159705639817, -0.00145031500142, -0.00112139270641, 0.000813483609818, 0.00448143295944, -0.00378416385502, -0.00012618767505, -0.000216505955905, -0.00288733257912, 0.0240972042084]]
    },
    "melbands": {
        "max": [0.00569687411189, 0.00485932268202, 0.00593533087522, 0.00809269119054, 0.0204920694232, 0.0162027161568, 0.00349387805909, 0.0031016159337, 0.000614445772953, 0.00230704224668, 0.0031570920255, 0.0011562735308, 0.000787338241935, 0.000757381611038, 0.000921898812521, 0.000869167444762, 0.000972020381596, 0.00158139225096, 0.000435133290011, 0.000553820398636, 0.000605368113611, 0.00186147086788, 0.000677331408951, 0.000180781222298, 9.57357842708e-05, 4.02736332035e-05, 7.1287220635e-05, 4.47119819e-05, 4.99111229146e-05, 2.4568011213e-05, 2.39101718762e-05, 2.06472686841e-05, 1.61502357514e-05, 3.67873290088e-05, 2.40458539338e-05, 1.90168902918e-05, 1.16222881843e-05, 1.64209177456e-05, 1.47050968735e-05, 1.93014311662e-05],
        "mean": [0.000169672086486, 9.93800276774e-05, 8.88982031029e-05, 0.000301826163195, 0.000291083677439, 0.000198093272047, 0.000221699752728, 0.000111610934255, 5.73208853893e-05, 0.000214057086851, 0.000262985326117, 0.000122407378512, 8.90404990059e-05, 7.56048320909e-05, 4.74826701975e-05, 5.37408886885e-05, 5.83990331506e-05, 4.71287603432e-05, 2.52802456089e-05, 2.633353688e-05, 3.06360925606e-05, 6.87355714035e-05, 3.19005957863e-05, 2.48177911999e-05, 1.06945572043e-05, 6.41231781628e-06, 3.36054745276e-06, 2.80470271719e-06, 2.31630156122e-06, 1.34290621645e-06, 1.17005549782e-06, 9.25904828364e-07, 7.56679355618e-07, 8.00221243935e-07, 7.43769589917e-07, 6.8612916948e-07, 5.80253072258e-07, 5.12353437898e-07, 4.40006061808e-07, 4.83508813431e-07],
        "min": [3.1460119999e-24, 1.0179137688e-23, 1.03134065472e-23, 1.06037373371e-23, 3.87129387161e-24, 1.23153540867e-23, 1.1485309909e-23, 9.54608548903e-24, 2.28589723342e-23, 1.52464598656e-23, 1.48498616232e-23, 2.41074583126e-23, 1.0831909043e-23, 1.17749551787e-23, 7.30768320414e-24, 6.10283701093e-24, 1.04595146309e-23, 1.08423866936e-23, 1.01868693137e-23, 7.23663917987e-24, 1.42374247263e-23, 1.20545677155e-23, 5.60487763641e-24, 7.83904728812e-24, 2.00540843001e-23, 1.04300293769e-23, 1.92834886802e-23, 9.58443438422e-24, 9.36507425458e-24, 1.09099431638e-23, 1.38319407547e-23, 1.02328425496e-23, 1.17734389881e-23, 1.78942225846e-23, 1.50391282871e-23, 1.59180629082e-23, 1.22141187778e-23, 7.74858229723e-24, 6.11326259665e-24, 8.51096508617e-24],
        "stdev": [0.000586362322792, 0.000387856533052, 0.000377788237529, 0.000895617471542, 0.00125851796474, 0.00100535294041, 0.000517347943969, 0.000268336239969, 7.41000840208e-05, 0.000284999114228, 0.000383326696465, 0.000174577275175, 0.000113345064165, 0.000105885337689, 7.10153544787e-05, 7.04353296896e-05, 8.14286540844e-05, 0.000105308274215, 3.21889019688e-05, 4.51119303762e-05, 6.1840590206e-05, 0.000201998627745, 7.18237060937e-05, 2.75799920928e-05, 1.1485705727e-05, 7.58208307161e-06, 5.85060479352e-06, 6.00362682235e-06, 5.55883207198e-06, 2.89242188956e-06, 2.65805533672e-06, 2.09254039873e-06, 1.89552156371e-06, 2.84371571979e-06, 2.44752391154e-06, 1.94585072677e-06, 1.57997806127e-06, 1.71070189481e-06, 1.37333313432e-06, 1.67264738593e-06]
    },
    "melbands128": {
        "max": [0.00224478635937, 0.00494815874845, 0.00887701660395, 0.00875979103148, 0.00378387747332, 0.00606059655547, 0.00876195076853, 0.00578164868057, 0.00255836034194, 0.0109132286161, 0.0160330794752, 0.0176063086838, 0.0362637005746, 0.0426520556211, 0.0185962840915, 0.0143217667937, 0.00605462212116, 0.00394115131348, 0.00732156494632, 0.00479023065418, 0.00105168402661, 0.000647224311251, 0.000794573687017, 0.00113669666462, 0.00145588559099, 0.00292722019367, 0.00746380770579, 0.00354606681503, 0.00172848370858, 0.00208067474887, 0.00154570513405, 0.00141927693039, 0.00121235498227, 0.00133411993738, 0.00102063047234, 0.00116340618115, 0.00256474409252, 0.00100275082514, 0.000305190100335, 0.000456120993476, 0.000542711641174, 0.00348700722679, 0.00132541812491, 0.00048074152437, 0.00146464840509, 0.00293108355254, 0.00136154575739, 0.000177301553776, 0.000355824944563, 0.00170741404872, 0.000859612016939, 0.000825762224849, 0.00122997281142, 0.000488977064379, 0.0026431127917, 0.00407279096544, 0.00235157180578, 0.00150394521188, 0.000966476509348, 0.00030343234539, 0.000319921935443, 0.000238434149651, 0.000212038925383, 0.000123802936287, 8.54866157169e-05, 5.68756804569e-05, 4.92114086228e-05, 8.56365732034e-05, 8.9602159278e-05, 6.16998586338e-05, 4.3838917918e-05, 8.62784872879e-05, 5.44534923392e-05, 6.91907553119e-05, 3.32191848429e-05, 6.08265108895e-05, 2.55673712672e-05, 4.21601034759e-05, 1.97851404664e-05, 2.90364350803e-05, 2.24634659389e-05, 2.69078027486e-05, 2.2733129299e-05, 1.81205668923e-05, 2.3526547011e-05, 2.58969503193e-05, 6.60511577735e-05, 3.76539828721e-05, 2.42100850301e-05, 2.11585047509e-05, 3.07704758598e-05, 1.54919016495e-05, 1.48612289195e-05, 1.05904782686e-05, 2.16855369217e-05, 2.45059745794e-05, 1.89286147361e-05, 1.42701337609e-05, 1.45220328704e-05, 2.03507897822e-05, 2.15088130062e-05, 2.58575691987e-05, 1.74506840267e-05, 1.4139229279e-05, 6.38245137452e-06, 8.99543374544e-06, 7.35242747396e-06, 1.01165442175e-05, 6.39390373181e-06, 9.93654430204e-06, 4.94712458021e-06, 4.01412307838e-06, 2.97727046927e-06, 1.76513310635e-06, 1.29231659685e-06, 7.78575326876e-07, 1.75599069507e-07, 1.72937586473e-09, 4.43013767892e-08, 3.3507017605e-08, 2.68922750735e-08, 2.59137884484e-08, 2.45286386757e-08, 2.66532262927e-09, 7.04879141167e-11, 6.92065155183e-11, 6.8309941037e-11, 6.77912656566e-11],
        "mean": [8.04286682978e-05, 0.000215287916944, 0.000177580077434, 0.000139316616696, 8.43110319693e-05, 8.06353345979e-05, 9.31396571104e-05, 9.61348123383e-05, 6.44965912215e-05, 0.000234655468375, 0.000571562093683, 0.000363962986739, 0.000198489840841, 0.000229635596042, 0.00016962607333, 0.000173081658431, 0.000278087914921, 0.00019094835443, 0.000223423630814, 0.000150247346028, 4.26242222602e-05, 3.21339612128e-05, 6.19466882199e-05, 7.5772695709e-05, 9.75989314611e-05, 0.000279377505649, 0.000477271241834, 0.000214482584852, 0.000149844025145, 0.000144184508827, 0.000105368802906, 9.28427107283e-05, 8.88226641109e-05, 8.58907587826e-05, 8.6486019427e-05, 6.70543959131e-05, 6.62532547722e-05, 5.05436983076e-05, 3.20560902765e-05, 3.96172981709e-05, 5.06587130076e-05, 8.89079456101e-05, 6.27817717032e-05, 4.01201978093e-05, 4.84370248159e-05, 6.19044076302e-05, 2.66754086624e-05, 2.18361219595e-05, 2.43700105784e-05, 2.98528811982e-05, 2.5971503419e-05, 2.39836626861e-05, 2.52023437497e-05, 2.70700002147e-05, 5.66804483242e-05, 9.67325613601e-05, 5.71622767893e-05, 2.99314706353e-05, 2.58701729763e-05, 2.42393343797e-05, 3.33934985974e-05, 1.78075588337e-05, 9.50110552367e-06, 9.81897301244e-06, 9.95693699224e-06, 6.88702948537e-06, 3.7634445107e-06, 3.89983324567e-06, 3.2471718896e-06, 2.67919563157e-06, 2.39466839957e-06, 3.55777751793e-06, 2.50094808507e-06, 2.32303477787e-06, 1.58074374212e-06, 1.32273976305e-06, 1.16705348319e-06, 1.46744855556e-06, 1.11604731501e-06, 9.86471604847e-07, 9.12892232918e-07, 8.82649885625e-07, 9.68930862655e-07, 7.51371032948e-07, 6.00600060352e-07, 5.69440203435e-07, 1.01965065369e-06, 9.78957245934e-07, 6.59683564663e-07, 6.17810258063e-07, 7.04639205651e-07, 7.179398267e-07, 6.46290402528e-07, 6.0733606233e-07, 4.92181072786e-07, 5.39747759376e-07, 5.29534759153e-07, 4.65405662453e-07, 4.02635862429e-07, 4.57438176227e-07, 4.61489065628e-07, 5.1129984513e-07, 4.87714828523e-07, 3.66256386997e-07, 2.01830033575e-07, 2.09295620834e-07, 1.99359277531e-07, 1.446400546e-07, 9.27656387262e-08, 9.22012972637e-08, 7.39708028163e-08, 7.31361282647e-08, 5.12776416883e-08, 3.80036695447e-08, 4.24121076037e-08, 2.37356783117e-08, 1.51470680443e-09, 5.96744008374e-12, 8.27570303952e-11, 6.30564420123e-11, 5.09641287505e-11, 4.91297835747e-11, 4.65810168215e-11, 6.7657255666e-12, 1.84602702048e-12, 1.74161065344e-12, 1.68241321482e-12, 1.66607678175e-12],
        "min": [6.03886985785e-24, 2.43782750503e-24, 1.9768402662e-24, 4.31854645043e-24, 1.07681296388e-23, 1.43516691403e-23, 1.38313964407e-23, 5.66856356058e-24, 8.51945796267e-24, 1.96310008417e-23, 4.18858122186e-24, 1.40760336459e-24, 5.41077564967e-24, 4.11996333931e-24, 9.88514342812e-24, 2.07123540156e-23, 1.33804030834e-23, 7.07011143164e-24, 1.33887618536e-23, 8.07898169902e-24, 1.0691536767e-23, 6.70806766349e-24, 2.2490389698e-23, 4.61701481382e-23, 1.47493449667e-23, 6.08954233809e-24, 5.87176663559e-24, 2.4779056622e-23, 1.07816396707e-23, 1.90127689725e-23, 4.02250840972e-23, 1.06633917876e-23, 6.42531072721e-24, 8.24474109673e-24, 2.11579420979e-23, 5.63873594089e-24, 1.0731780506e-23, 4.97897015066e-24, 8.96109385185e-24, 7.53398057657e-24, 5.2582280944e-24, 2.59829877366e-24, 1.53885952458e-23, 1.15065941651e-23, 4.43841149839e-24, 1.28508068367e-23, 1.42619993212e-23, 1.47161071013e-23, 4.60899714712e-24, 7.33961156041e-24, 7.59692852137e-24, 7.98527133437e-24, 5.76589124691e-24, 2.73165176538e-23, 1.29689190358e-23, 1.08303920635e-23, 9.57424545676e-24, 5.18881622335e-24, 4.97012031459e-24, 5.07158518194e-24, 7.19521214943e-24, 6.88537992916e-24, 2.44306846022e-23, 2.30691027912e-23, 1.35900192032e-23, 1.32579229616e-23, 1.52770300006e-24, 2.02321554499e-23, 2.51107931431e-23, 1.61680797503e-23, 8.52454769323e-24, 7.11600972569e-24, 7.6892670569e-24, 9.17268054613e-24, 1.12528034124e-23, 1.14119277011e-23, 1.10499217982e-23, 1.14924238567e-23, 1.72891804698e-23, 1.30585060245e-23, 4.56099969421e-24, 1.14288258905e-23, 1.71025549123e-23, 9.92021855055e-24, 7.39866174347e-24, 1.78558523902e-23, 2.15223216832e-23, 2.07546132943e-23, 1.52512687617e-23, 9.80875487123e-24, 1.11186694484e-23, 1.83232777201e-23, 2.38926120451e-23, 1.17688825275e-23, 5.53066002472e-24, 6.45771082231e-24, 9.97395496655e-24, 7.01452592568e-24, 4.80740828656e-24, 6.11043926347e-24, 8.20210710911e-24, 7.28123979773e-24, 1.14399827503e-23, 1.01640388903e-23, 5.55011294022e-24, 7.61141437417e-24, 9.6716185026e-24, 1.44919538528e-23, 1.30958656881e-23, 1.32281671282e-23, 1.27873319329e-23, 7.66808298616e-24, 8.62893844568e-24, 1.34240586459e-23, 1.53106289671e-23, 9.56974973847e-24, 5.50268701703e-24, 4.87224989196e-24, 8.68011421919e-24, 1.08412625668e-23, 9.25780179324e-24, 8.56360814095e-24, 1.02039094981e-23, 9.70030621828e-24, 1.05272604278e-23, 1.09311477449e-23, 1.0506983547e-23, 7.29562309862e-24],
        "stdev": [0.000278012943454, 0.000742494943552, 0.000695605762303, 0.000595201796386, 0.000315779907396, 0.000373371731257, 0.000492707069498, 0.000431276479503, 0.000212907063542, 0.000849580508657, 0.00176075578202, 0.00125973217655, 0.001730141812, 0.0019435294671, 0.00118135183584, 0.000951686059125, 0.000836016435642, 0.000478930975078, 0.000688726315275, 0.000405300495913, 9.78778480203e-05, 6.05748973612e-05, 0.000101553006971, 0.000116568269732, 0.000172778934939, 0.000408030929975, 0.000829934084322, 0.000375799252652, 0.000244258349994, 0.000277623796137, 0.000188291305676, 0.000161241972819, 0.000140340955113, 0.000159714749316, 0.000137192531838, 0.000112603134767, 0.000161915202625, 8.91752788448e-05, 4.19212337874e-05, 5.50670702069e-05, 6.60398800392e-05, 0.000223337090574, 0.000109647509817, 5.78505496378e-05, 9.53341586865e-05, 0.000196979541215, 6.66825872031e-05, 2.38040174736e-05, 3.29349677486e-05, 8.48959971336e-05, 5.60648877581e-05, 5.36655825272e-05, 6.33523231954e-05, 5.76969068788e-05, 0.000195843080292, 0.000351678725565, 0.000203578965738, 0.000103690552351, 7.91743732407e-05, 3.63738909073e-05, 4.85283781018e-05, 2.58642612607e-05, 1.49027300722e-05, 1.4412593373e-05, 1.40781721711e-05, 9.76196588454e-06, 5.73960551264e-06, 6.72770738674e-06, 7.17309876563e-06, 5.90844365433e-06, 5.25158020537e-06, 9.92730474536e-06, 6.09009157415e-06, 6.52892958897e-06, 3.77586729883e-06, 3.99480040869e-06, 2.89850981972e-06, 3.79933385375e-06, 2.58761838268e-06, 2.54414931078e-06, 2.54976566794e-06, 1.94514973373e-06, 2.13147177419e-06, 2.0609859348e-06, 2.14756801142e-06, 2.12639474739e-06, 4.16256125391e-06, 3.31345995619e-06, 2.25476833293e-06, 2.11240080716e-06, 2.50185598816e-06, 1.99253508981e-06, 1.85496583072e-06, 1.56933356266e-06, 1.65234894212e-06, 2.05197716241e-06, 1.83613803983e-06, 1.53495602717e-06, 1.31819740545e-06, 1.55673922109e-06, 1.60945626249e-06, 2.00869135369e-06, 1.63918082308e-06, 1.21761979699e-06, 6.91182719947e-07, 8.59266776843e-07, 7.23850462236e-07, 6.46377998237e-07, 4.05121426184e-07, 5.17078092344e-07, 3.14205635732e-07, 3.18691007806e-07, 2.32467030514e-07, 1.62731907949e-07, 1.61634631013e-07, 8.21241101789e-08, 1.02593586959e-08, 7.39789549065e-11, 1.88721216432e-09, 1.4273616733e-09, 1.1455728588e-09, 1.10388753694e-09, 1.04488206976e-09, 1.13570958193e-10, 4.82231529014e-12, 4.74201710884e-12, 4.68288905917e-12, 4.64759177324e-12]
    },
    "mfcc": {
        "mean": [-701.148986816, 92.69921875, -77.0209884644, -21.8895492554, -22.0016345978, -18.2152175903, -11.4774847031, 5.23235034943, -3.40689015388, -3.16641521454, -0.300732195377, -7.24923801422, -11.861451149],
        "cov": [[5849.36669922, -70.5316162109, 1286.140625, 835.641235352, 848.202270508, -12.1884746552, -55.7378730774, -162.010681152, -121.296005249, -121.136245728, -262.395843506, 202.779159546, 150.139801025], [-70.5316162109, 409.568695068, 428.436523438, 280.680114746, 176.179016113, 60.3452072144, 19.8299255371, -69.7961425781, -32.4399108887, 9.43640804291, -2.65636324883, 56.5338020325, 79.022026062], [1286.140625, 428.436523438, 1880.74768066, 1058.44091797, 884.8984375, 141.111343384, -28.9432487488, -285.127746582, -73.086265564, -27.0995941162, -126.063995361, 249.684768677, 302.967407227], [835.641235352, 280.680114746, 1058.44091797, 731.532714844, 551.911682129, 107.774459839, -48.8018112183, -129.194335938, -39.2020492554, -24.5626144409, -72.0229949951, 146.166656494, 169.257919312], [848.202270508, 176.179016113, 884.8984375, 551.911682129, 544.364257812, 67.1229629517, -44.2317810059, -120.54850769, -26.2516956329, -23.2222423553, -78.0685348511, 122.169799805, 128.67918396], [-12.1884746552, 60.3452072144, 141.111343384, 107.774459839, 67.1229629517, 120.912399292, 25.7805271149, 5.06238651276, 17.3887119293, 3.75070428848, -6.13444757462, 9.90775775909, 18.5983657837], [-55.7378730774, 19.8299255371, -28.9432487488, -48.8018112183, -44.2317810059, 25.7805271149, 95.6659317017, 20.6453132629, -1.11379551888, 19.8171596527, 5.00236320496, -11.505815506, -8.03666877747], [-162.010681152, -69.7961425781, -285.127746582, -129.194335938, -120.54850769, 5.06238651276, 20.6453132629, 152.730743408, 41.9868011475, -4.73159837723, 41.5720825195, -23.2223567963, -42.172416687], [-121.296005249, -32.4399108887, -73.086265564, -39.2020492554, -26.2516956329, 17.3887119293, -1.11379551888, 41.9868011475, 76.4949264526, 25.3069896698, 23.4526939392, 9.50868701935, -1.4343521595], [-121.136245728, 9.43640804291, -27.0995941162, -24.5626144409, -23.2222423553, 3.75070428848, 19.8171596527, -4.73159837723, 25.3069896698, 61.3187828064, 23.3457775116, 1.42095375061, -1.73580789566], [-262.395843506, -2.65636324883, -126.063995361, -72.0229949951, -78.0685348511, -6.13444757462, 5.00236320496, 41.5720825195, 23.4526939392, 23.3457775116, 102.806526184, 24.0015411377, 13.8316364288], [202.779159546, 56.5338020325, 249.684768677, 146.166656494, 122.169799805, 9.90775775909, -11.505815506, -23.2223567963, 9.50868701935, 1.42095375061, 24.0015411377, 107.115242004, 92.342918396], [150.139801025, 79.022026062, 302.967407227, 169.257919312, 128.67918396, 18.5983657837, -8.03666877747, -42.172416687, -1.4343521595, -1.73580789566, 13.8316364288, 92.342918396, 134.231842041]],
        "icov": [[0.000276727805613, 0.000292947835987, 9.05216875253e-05, -0.000260804139543, -0.000319145503454, 0.000245823292062, -0.000299325911328, -6.76554991514e-05, 0.000272444594884, 0.000121228396893, 0.000467093806947, -0.000551580800675, 0.000211072678212], [0.000292947835987, 0.00418224884197, -2.09870195249e-05, -0.0022088966798, 0.000529111304786, -0.000228633391089, -0.00155979837291, 0.000713318702765, 0.0012791963527, -0.000454644672573, -0.000680949480738, -0.000137298440677, -0.000129515028675], [9.05216875253e-05, -2.09870195249e-05, 0.00563686015084, -0.00476661976427, -0.00315295741893, 0.00059351650998, -0.00370534462854, 0.00393665069714, -0.000811099831481, 0.0011463414412, 0.000469814141979, -0.000878180202562, -0.00228400644846], [-0.000260804139543, -0.0022088966798, -0.00476661976427, 0.0128463581204, -0.00373258977197, -0.00413864804432, 0.00613178638741, -0.00435325596482, 0.00340137607418, -0.00229593319818, 0.000722842698451, -0.000439072930021, -0.000462615513243], [-0.000319145503454, 0.000529111304786, -0.00315295741893, -0.00373258977197, 0.011307861656, 0.000155741552589, 0.00188340886962, -0.000276086619124, -0.00141858973075, 3.82758335036e-05, 0.00188754289411, -0.00247898651287, 0.00252897897735], [0.000245823292062, -0.000228633391089, 0.00059351650998, -0.00413864804432, 0.000155741552589, 0.0129867745563, -0.00544589664787, 0.000180922856089, -0.00540664000437, 0.00247145886533, -0.000418762938352, 0.00297279888764, -0.000507019693032], [-0.000299325911328, -0.00155979837291, -0.00370534462854, 0.00613178638741, 0.00188340886962, -0.00544589664787, 0.0178229883313, -0.00601795688272, 0.00590748386458, -0.00796199403703, 0.00213286513463, -0.000138190138387, -0.000154716573888], [-6.76554991514e-05, 0.000713318702765, 0.00393665069714, -0.00435325596482, -0.000276086619124, 0.000180922856089, -0.00601795688272, 0.0150730861351, -0.00789758469909, 0.00776018248871, -0.00447567924857, -0.000317383062793, 0.00157010636758], [0.000272444594884, 0.0012791963527, -0.000811099831481, 0.00340137607418, -0.00141858973075, -0.00540664000437, 0.00590748386458, -0.00789758469909, 0.0241960585117, -0.0120339570567, 0.00209342781454, -0.00544125260785, 9.59091485129e-05], [0.000121228396893, -0.000454644672573, 0.0011463414412, -0.00229593319818, 3.82758335036e-05, 0.00247145886533, -0.00796199403703, 0.00776018248871, -0.0120339570567, 0.0266589280218, -0.00641276035458, 0.00166763039306, 0.00175169168506], [0.000467093806947, -0.000680949480738, 0.000469814141979, 0.000722842698451, 0.00188754289411, -0.000418762938352, 0.00213286513463, -0.00447567924857, 0.00209342781454, -0.00641276035458, 0.0182615946978, -0.00875605642796, -0.00104199838825], [-0.000551580800675, -0.000137298440677, -0.000878180202562, -0.000439072930021, -0.00247898651287, 0.00297279888764, -0.000138190138387, -0.000317383062793, -0.00544125260785, 0.00166763039306, -0.00875605642796, 0.0315917059779, -0.0157773308456], [0.000211072678212, -0.000129515028675, -0.00228400644846, -0.000462615513243, 0.00252897897735, -0.000507019693032, -0.000154716573888, 0.00157010636758, 9.59091485129e-05, 0.00175169168506, -0.00104199838825, -0.0157773308456, 0.0221431441605]]
    },
    "spectral_contrast_coeffs": {
        "max": [-0.350693047047, -0.548567771912, -0.572865366936, -0.614439129829, -0.637825071812, -0.696666896343],
        "mean": [-0.716433286667, -0.756792724133, -0.774409174919, -0.814255416393, -0.756652534008, -0.761301457882],
        "min": [-0.970303952694, -0.98452603817, -0.983569562435, -0.959799647331, -0.955959916115, -0.961413860321],
        "stdev": [0.0818561762571, 0.0698375180364, 0.0497031994164, 0.0422578081489, 0.041059948504, 0.0305950362235]
    },
    "spectral_contrast_valleys": {
        "max": [-5.10518932343, -5.42060089111, -5.29384231567, -6.20768165588, -6.11828422546, -8.11883640289],
        "mean": [-9.37511539459, -7.37825393677, -6.94647693634, -7.20970439911, -7.82135009766, -11.0705575943],
        "min": [-27.0100135803, -27.2780570984, -27.2516689301, -27.2105808258, -27.3417873383, -27.2133579254],
        "stdev": [1.68947863579, 1.06209635735, 1.13476932049, 1.06996250153, 1.07257914543, 1.15811526775]
    }
},
"rhythm": {
    "beats_count": 23,
    "beats_loudness": {
        "max": 0.069467574358,
        "mean": 0.0144035574049,
        "min": 0.000905827211682,
        "stdev": 0.0171146243811
    },
    "bpm": 106.2109375,
    "bpm_histogram_first_peak_bpm": 105,
    "bpm_histogram_first_peak_weight": 0.555555582047,
    "bpm_histogram_second_peak_bpm": 115,
    "bpm_histogram_second_peak_spread": 0.5,
    "bpm_histogram_second_peak_weight": 0.136363640428,
    "danceability": 0.830611348152,
    "onset_rate": 1.25398087502,
    "beats_loudness_band_ratio": {
        "max": [0.575864613056, 0.246108025312, 0.851711273193, 0.62938439846, 0.462431371212, 0.172203361988],
        "mean": [0.0412795618176, 0.0480765216053, 0.381035923958, 0.314981997013, 0.213133022189, 0.0435112155974],
        "min": [2.89011222776e-05, 0.000829672324471, 0.120319463313, 0.0158217512071, 0.0711223110557, 0.0111343329772],
        "stdev": [0.125557333231, 0.0753755643964, 0.164620578289, 0.159895256162, 0.108745567501, 0.0374218672514]
    },
    "beats_position": [0.557278871536, 1.11455774307, 1.67183673382, 2.22911548615, 2.7863945961, 3.35528349876, 3.92417216301, 4.49306106567, 5.06195020676, 5.64244890213, 6.1648979187, 6.68734693527, 7.20979595184, 7.72063493729, 8.23147392273, 8.74231243134, 9.24154186249, 9.72916126251, 10.2051696777, 10.6811790466, 11.1687984467, 11.656416893, 12.1324262619],
