{
"metadata": {
    "version": {
        "essentia": "2.1-beta5",
        "essentia_git_sha": "Undefined",
        "extractor": "music 2.0"
    },
    "audio_properties": {
        "analysis": {
            "equal_loudness": 0,
            "length": 48.7502937317,
            "sample_rate": 44100,
            "start_time": 12.7477550507,
            "downmix": "mix"
        },
        "bit_rate": 192000,
        "length": 159.869400024,
        "lossless": 0,
        "number_channels": 2,
        "replay_gain": 4.17605781555,
        "sample_rate": 48000,
        "codec": "mp3",
        "md5_encoded": "67817ef2f40c2c25686d7c8c4a7db96f"
    },
    "tags": {
        "file_name": "Belgium_Gelukkig Zijn_Ann Christy.mp3",
        "encoding": ["Lavf58.29.100"]
    }
},
"lowlevel": {
    "average_loudness": 0.928324222565,
    "barkbands_crest": {
        "max": 24.3601436615,
        "mean": 9.44817256927,
        "min": 2.72858858109,
        "stdev": 4.22810697556
    },
    "barkbands_flatness_db": {
        "max": 0.412754327059,
        "mean": 0.205680578947,
        "min": 0.112073540688,
        "stdev": 0.0416897125542
    },
    "barkbands_kurtosis": {
        "max": 60.221031189,
        "mean": 2.87156414986,
        "min": -1.8428286314,
        "stdev": 6.42333507538
    },
    "barkbands_skewness": {
        "max": 5.22431564331,
        "mean": 0.972980439663,
        "min": -2.513661623,
        "stdev": 1.00065696239
    },
    "barkbands_spread": {
        "max": 70.2604141235,
        "mean": 16.3927822113,
        "min": 0.759763300419,
        "stdev": 8.89407920837
    },
    "dissonance": {
        "max": 0.499999850988,
        "mean": 0.453493446112,
        "min": 0.228858292103,
        "stdev": 0.0380223989487
    },
    "dynamic_complexity": 2.76234793663,
    "erbbands_crest": {
        "max": 28.5066928864,
        "mean": 10.7382316589,
        "min": 3.05673718452,
        "stdev": 4.75855350494
    },
    "erbbands_flatness_db": {
        "max": 0.408347398043,
        "mean": 0.252213954926,
        "min": 0.159422919154,
        "stdev": 0.0408505685627
    },
    "erbbands_kurtosis": {
        "max": 46.9544677734,
        "mean": 1.16012680531,
        "min": -1.86124002934,
        "stdev": 3.55976343155
    },
    "erbbands_skewness": {
        "max": 5.93699455261,
        "mean": 0.608439087868,
        "min": -2.76348471642,
        "stdev": 0.814077496529
    },
    "erbbands_spread": {
        "max": 124.519432068,
        "mean": 26.8583946228,
        "min": 2.44104075432,
        "stdev": 14.432299614
    },
    "hfc": {
        "max": 92.8771209717,
        "mean": 24.1762123108,
        "min": 0.271051943302,
        "stdev": 18.5198497772
    },
    "loudness_ebu128": {
        "integrated": -28.1965885162,
        "loudness_range": 3.1788482666,
        "momentary": {
            "max": -24.4586086273,
            "mean": -28.8806419373,
            "min": -40.582824707,
            "stdev": 2.62381863594
        },
        "short_term": {
            "max": -26.1624393463,
            "mean": -28.3067703247,
            "min": -31.9005088806,
            "stdev": 1.1718865633
        }
    },
    "melbands_crest": {
        "max": 31.5564823151,
        "mean": 11.2905521393,
        "min": 3.47853183746,
        "stdev": 4.69018268585
    },
    "melbands_flatness_db": {
        "max": 0.485773861408,
        "mean": 0.220669895411,
        "min": 0.0966350138187,
        "stdev": 0.0569674484432
    },
    "melbands_kurtosis": {
        "max": 95.7204818726,
        "mean": 5.99046945572,
        "min": -1.45289313793,
        "stdev": 9.38773918152
    },
    "melbands_skewness": {
        "max": 7.55861568451,
        "mean": 1.46022868156,
        "min": -1.892619133,
        "stdev": 1.17014527321
    },
    "melbands_spread": {
        "max": 190.691589355,
        "mean": 24.3342647552,
        "min": 1.09227192402,
        "stdev": 15.3281898499
    },
    "pitch_salience": {
        "max": 0.900035917759,
        "mean": 0.571859419346,
        "min": 0.201101407409,
        "stdev": 0.10160920769
    },
    "silence_rate_20dB": {
        "max": 1,
        "mean": 1,
        "min": 1,
        "stdev": 0
    },
    "silence_rate_30dB": {
        "max": 1,
        "mean": 1,
        "min": 1,
        "stdev": 0
    },
    "silence_rate_60dB": {
        "max": 1,
        "mean": 0.0314136110246,
        "min": 0,
        "stdev": 0.174435928464
    },
    "spectral_centroid": {
        "max": 4324.98583984,
        "mean": 1377.73657227,
        "min": 222.753326416,
        "stdev": 566.453369141
    },
    "spectral_complexity": {
        "max": 45,
        "mean": 18.655878067,
        "min": 1,
        "stdev": 8.21974086761
    },
    "spectral_decrease": {
        "max": -1.39926376042e-10,
        "mean": -5.5199067539e-09,
        "min": -1.96013516529e-08,
        "stdev": 3.48785067494e-09
    },
    "spectral_energy": {
        "max": 0.0800208970904,
        "mean": 0.0230262484401,
        "min": 0.000576216843911,
        "stdev": 0.0146145252511
    },
    "spectral_energyband_high": {
        "max": 0.00970847345889,
        "mean": 0.000767377554439,
        "min": 5.50549941636e-07,
        "stdev": 0.000968906679191
    },
    "spectral_energyband_low": {
        "max": 0.0191102772951,
        "mean": 0.00141171272844,
        "min": 2.21727304961e-06,
        "stdev": 0.00179148640018
    },
    "spectral_energyband_middle_high": {
        "max": 0.064554668963,
        "mean": 0.0109828198329,
        "min": 1.39392068377e-05,
        "stdev": 0.0114391036332
    },
    "spectral_energyband_middle_low": {
        "max": 0.0676981657743,
        "mean": 0.0107220774516,
        "min": 0.000217430409975,
        "stdev": 0.00858706794679
    },
    "spectral_entropy": {
        "max": 8.44403743744,
        "mean": 7.2505736351,
        "min": 4.98689889908,
        "stdev": 0.456361800432
    },
    "spectral_flux": {
        "max": 0.20250891149,
        "mean": 0.0827865600586,
        "min": 0.00612953444943,
        "stdev": 0.0412937141955
    },
    "spectral_kurtosis": {
        "max": 49.57213974,
        "mean": 3.80790758133,
        "min": -1.33237040043,
        "stdev": 4.89320373535
    },
    "spectral_rms": {
        "max": 0.00883567612618,
        "mean": 0.00447138492018,
        "min": 0.000749775150325,
        "stdev": 0.00157207378652
    },
    "spectral_rolloff": {
        "max": 7407.421875,
        "mean": 1572.89929199,
        "min": 150.732421875,
        "stdev": 965.133972168
    },
    "spectral_skewness": {
        "max": 5.3344836235,
        "mean": 1.21870219707,
        "min": -0.397708386183,
        "stdev": 0.640367686749
    },
    "spectral_spread": {
        "max": 17360554,
        "mean": 3138388.5,
        "min": 1377468.375,
        "stdev": 808454.5
    },
    "spectral_strongpeak": {
        "max": 9.46815681458,
        "mean": 1.92727506161,
        "min": 0,
        "stdev": 1.7628223896
    },
    "zerocrossingrate": {
        "max": 0.26220703125,
        "mean": 0.0572030432522,
        "min": 0.0048828125,
        "stdev": 0.0246574617922
    },
    "barkbands": {
        "max": [0.000113859976409, 0.00602427916601, 0.0121420389041, 0.0125762308016, 0.028832109645, 0.0422833152115, 0.0311508476734, 0.0379633866251, 0.045917391777, 0.0593563839793, 0.0476314686239, 0.0342951379716, 0.0269219782203, 0.0270780529827, 0.0222531147301, 0.0162382759154, 0.0034436120186, 0.00340061518364, 0.00357551197521, 0.00668486952782, 0.00301016238518, 0.00267135119066, 0.00607497105375, 0.000948737200815, 1.58237000392e-07, 1.528239153e-07, 1.59068846983e-07],
        "mean": [1.38793404858e-06, 0.000344333326211, 0.000593074015342, 0.00106354861055, 0.00171854184009, 0.00256563769653, 0.00158064160496, 0.000918220670428, 0.00214589713141, 0.00265624397434, 0.00219281110913, 0.00148298090789, 0.000666780222673, 0.00142246694304, 0.00108261825517, 0.000807672273368, 0.000301004998619, 0.000295929610729, 0.00031942568603, 0.000329967733705, 0.00032986496808, 8.04116352811e-05, 0.000107269610453, 1.95289030671e-05, 1.22866039565e-09, 1.32734123692e-09, 1.38615430245e-09],
        "min": [1.17852860804e-09, 1.80197162081e-07, 1.90483660845e-07, 2.02739073529e-07, 1.44609311974e-05, 1.22976016428e-05, 1.3219533912e-06, 1.17283400414e-06, 2.84906900561e-06, 2.09609993362e-06, 1.89597756162e-07, 8.56770668634e-07, 5.48815251022e-07, 3.94930339098e-07, 6.22140987616e-07, 1.01980013767e-07, 1.65581241163e-07, 2.99496917933e-07, 1.13045196315e-07, 1.12565302857e-07, 1.77802263579e-07, 1.4145675209e-07, 1.17162223034e-07, 1.92436431234e-08, 1.83362949824e-10, 3.03185671013e-10, 4.12208350786e-10],
        "stdev": [3.40754240824e-06, 0.000500814523548, 0.000986897386611, 0.00136129325256, 0.00230958242901, 0.00388759607449, 0.00308014638722, 0.00207338738255, 0.00381905259565, 0.00496856449172, 0.00443880585954, 0.00299084791914, 0.00155340041965, 0.00305274571292, 0.00245362799615, 0.00172403885517, 0.00051555671962, 0.000411525048548, 0.000394235335989, 0.000604872533586, 0.000410770939197, 0.00020451466844, 0.000352228875272, 5.9182606492e-05, 3.71651287523e-09, 3.53510287709e-09, 3.68530628236e-09]
    },
    "erbbands": {
        "max": [0.0534994937479, 1.76937961578, 8.07189559937, 31.0934467316, 77.1427078247, 141.963806152, 249.153686523, 381.744934082, 541.057617188, 503.697174072, 682.248901367, 719.224060059, 1697.95959473, 1166.29211426, 1908.29418945, 1117.57092285, 993.54876709, 1037.0715332, 1282.07202148, 888.686889648, 629.097106934, 244.140914917, 232.936004639, 233.775253296, 116.316795349, 195.61807251, 210.447616577, 79.8126907349, 85.4857559204, 188.880996704, 167.378952026, 52.8737945557, 2.88969969749, 0.102787040174, 0.00942455325276, 0.00166585529223, 0.000421666220063, 0.00013205963478, 5.74304212932e-05, 9.54760689638e-05],
        "mean": [0.00378118734807, 0.103123672307, 0.584035873413, 2.27165222168, 4.70941448212, 5.45668125153, 15.1201353073, 21.0099563599, 23.9065475464, 20.4991703033, 20.4994869232, 43.2197761536, 84.133934021, 80.1969299316, 90.2870178223, 51.705821991, 31.9625816345, 57.5783004761, 69.6409759521, 51.3945007324, 35.8431129456, 18.8306102753, 15.5275478363, 20.390253067, 11.8813495636, 14.848408699, 19.5797367096, 7.06675624847, 2.9059445858, 3.17915058136, 2.93045711517, 1.0619289875, 0.0559608526528, 0.00204753130674, 0.00022369135695, 5.85867892369e-05, 2.27678447118e-05, 8.10226356407e-06, 1.43965498864e-05, 2.849680277e-05],
        "min": [1.05503086161e-05, 5.72991957597e-05, 0.000790885766037, 0.00194940995425, 0.0113760363311, 0.0468489080667, 0.134297788143, 0.083342410624, 0.0319054946303, 0.0586348697543, 0.0424681641161, 0.12130343169, 0.162239775062, 0.080034263432, 0.0563447661698, 0.0304792579263, 0.0271416697651, 0.0214295256883, 0.0516943074763, 0.0370014235377, 0.0293840002269, 0.0404520370066, 0.0321212820709, 0.0249308291823, 0.0124937463552, 0.00556402886286, 0.00603022566065, 0.0071579599753, 0.00503273122013, 0.00450864667073, 0.00311934412457, 0.00170490145683, 0.000104826329334, 1.25554024635e-05, 5.69179564991e-06, 3.20029016621e-06, 1.65846324762e-06, 6.5280897843e-07, 5.01318311308e-07, 6.99394092862e-07],
        "stdev": [0.00520320935175, 0.14435261488, 0.808410644531, 3.07123637199, 7.01097488403, 7.91049575806, 25.3545665741, 32.1042861938, 48.9908943176, 31.4329872131, 45.0042610168, 73.1989593506, 140.61605835, 139.848846436, 168.757583618, 104.949073792, 64.2618942261, 116.652206421, 142.408859253, 94.6787643433, 63.2505607605, 31.3746166229, 21.9766330719, 24.9549255371, 14.2071857452, 22.8811969757, 26.2479496002, 8.63318061829, 6.38796472549, 10.8024206161, 9.22419452667, 3.23496747017, 0.17040245235, 0.00604573311284, 0.000558082130738, 0.000100764620584, 2.72917059192e-05, 9.0676749096e-06, 9.27099335968e-06, 1.80863316928e-05]
    },
    "gfcc": {
        "mean": [-49.7373695374, 150.075500488, -187.519699097, 43.1406936646, -77.5526199341, -7.87776374817, -12.7758026123, -33.4091186523, 2.06802177429, -29.6485290527, 0.706926226616, -14.3089017868, -2.47442793846],
        "cov": [[2956.15527344, -601.798095703, -1011.03533936, 79.8719177246, -52.8090896606, 226.269958496, 127.508865356, -25.2385730743, -143.372970581, -44.3704223633, -10.552728653, -243.431243896, 51.2498588562], [-601.798095703, 562.54498291, 369.666687012, -63.7807884216, 113.949241638, -96.3282089233, 31.3791255951, 7.0602812767, 45.0048027039, -7.80022287369, -1.85292828083, 30.5303401947, -51.5377311707], [-1011.03533936, 369.666687012, 936.111328125, 176.017837524, -129.04258728, -29.624879837, -114.178398132, 19.4936141968, 106.997817993, -9.905169487, 2.30387997627, 91.4172821045, -99.8087463379], [79.8719177246, -63.7807884216, 176.017837524, 289.19619751, 12.0165891647, 57.5699119568, -53.6674232483, 12.6162872314, 28.80717659, -16.4900379181, -32.0983047485, -6.11264038086, -9.99603748322], [-52.8090896606, 113.949241638, -129.04258728, 12.0165891647, 311.959014893, 30.032831192, 65.1870956421, -10.5777902603, -41.0364189148, 15.8141613007, -26.4976940155, -12.0751771927, 62.2474212646], [226.269958496, -96.3282089233, -29.624879837, 57.5699119568, 30.032831192, 254.824905396, 39.2505607605, -50.215713501, -19.5242557526, 12.8425226212, -1.2160782814, -53.6716995239, -37.0969314575], [127.508865356, 31.3791255951, -114.178398132, -53.6674232483, 65.1870956421, 39.2505607605, 166.067428589, 5.21303367615, -70.4220199585, 26.6585445404, 14.9491281509, -30.8117694855, 9.44221019745], [-25.2385730743, 7.0602812767, 19.4936141968, 12.6162872314, -10.5777902603, -50.215713501, 5.21303367615, 120.485626221, 64.0087738037, -35.8491401672, -12.1137008667, 30.305229187, 15.1155395508], [-143.372970581, 45.0048027039, 106.997817993, 28.80717659, -41.0364189148, -19.5242557526, -70.4220199585, 64.0087738037, 137.455337524, 1.26979649067, -16.2886924744, 39.5535087585, -19.9957389832], [-44.3704223633, -7.80022287369, -9.905169487, -16.4900379181, 15.8141613007, 12.8425226212, 26.6585445404, -35.8491401672, 1.26979649067, 107.721565247, 55.3577003479, -12.1969299316, -8.51031780243], [-10.552728653, -1.85292828083, 2.30387997627, -32.0983047485, -26.4976940155, -1.2160782814, 14.9491281509, -12.1137008667, -16.2886924744, 55.3577003479, 91.0899124146, 16.7579746246, -14.0156049728], [-243.431243896, 30.5303401947, 91.4172821045, -6.11264038086, -12.0751771927, -53.6716995239, -30.8117694855, 30.305229187, 39.5535087585, -12.1969299316, 16.7579746246, 105.899055481, 32.5435943604], [51.2498588562, -51.5377311707, -99.8087463379, -9.99603748322, 62.2474212646, -37.0969314575, 9.44221019745, 15.1155395508, -19.9957389832, -8.51031780243, -14.0156049728, 32.5435943604, 107.764320374]],
        "icov": [[0.000926408334635, -0.000382385740522, 0.0012625384843, -0.00113043910824, 0.00103848881554, -0.000522779999301, -0.000263167632511, 5.67284951103e-05, -0.000250637618592, 0.000891327043064, -0.000974022899754, 0.00146249844693, -0.000868146133143], [-0.000382385740522, 0.00966130662709, -0.00585314678028, 0.00405909866095, -0.00761556252837, 0.0063530378975, -0.00855466350913, 0.00979501660913, -0.0123469363898, 0.0109439026564, -0.00722147524357, 0.00514377187937, 0.0018000745913], [0.0012625384843, -0.00585314678028, 0.00648964568973, -0.00459500262514, 0.00573348533362, -0.00388434715569, 0.0047275191173, -0.00533790467307, 0.00675996392965, -0.00572294089943, 0.00374661455862, -0.00353651144542, 0.000227831420489], [-0.00113043910824, 0.00405909866095, -0.00459500262514, 0.0077619231306, -0.0044679781422, 0.00112336617894, -0.000247253803536, 0.000877627637237, -0.00235701934434, 0.00154568790458, 0.000317469093716, 0.0010130655719, 0.00122921634465], [0.00103848881554, -0.00761556252837, 0.00573348533362, -0.0044679781422, 0.0109582813457, -0.00566044822335, 0.00505154207349, -0.00737257488072, 0.00982202216983, -0.00928916409612, 0.00694955280051, -0.00329159735702, -0.0039402754046], [-0.000522779999301, 0.0063530378975, -0.00388434715569, 0.00112336617894, -0.00566044822335, 0.0102964965627, -0.00895884539932, 0.011443159543, -0.0121988803148, 0.0102054374292, -0.00705103762448, 0.00537384301424, 0.00179007858969], [-0.000263167632511, -0.00855466350913, 0.0047275191173, -0.000247253803536, 0.00505154207349, -0.00895884539932, 0.0228364653885, -0.020859124139, 0.024989919737, -0.0203655138612, 0.0131391473114, -0.00811155512929, 0.0024995454587], [5.67284951103e-05, 0.00979501660913, -0.00533790467307, 0.000877627637237, -0.00737257488072, 0.011443159543, -0.020859124139, 0.0355835296214, -0.0333571210504, 0.0280861426145, -0.0189729463309, 0.0108718173578, -0.00489283399656], [-0.000250637618592, -0.0123469363898, 0.00675996392965, -0.00235701934434, 0.00982202216983, -0.0121988803148, 0.024989919737, -0.0333571210504, 0.0456844978034, -0.0333771333098, 0.0259397309273, -0.0186154842377, 0.00770932435989], [0.000891327043064, 0.0109439026564, -0.00572294089943, 0.00154568790458, -0.00928916409612, 0.0102054374292, -0.0203655138612, 0.0280861426145, -0.0333771333098, 0.0422413647175, -0.0303276311606, 0.0180060043931, -0.0058626383543], [-0.000974022899754, -0.00722147524357, 0.00374661455862, 0.000317469093716, 0.00694955280051, -0.00705103762448, 0.0131391473114, -0.0189729463309, 0.0259397309273, -0.0303276311606, 0.0356582850218, -0.0182268023491, 0.00813760049641], [0.00146249844693, 0.00514377187937, -0.00353651144542, 0.0010130655719, -0.00329159735702, 0.00537384301424, -0.00811155512929, 0.0108718173578, -0.0186154842377, 0.0180060043931, -0.0182268023491, 0.0265732239932, -0.0109075056389], [-0.000868146133143, 0.0018000745913, 0.000227831420489, 0.00122921634465, -0.0039402754046, 0.00179007858969, 0.0024995454587, -0.00489283399656, 0.00770932435989, -0.0058626383543, 0.00813760049641, -0.0109075056389, 0.0195575822145]]
    },
    "melbands": {
        "max": [0.00100201345049, 0.00333667872474, 0.00495464494452, 0.00677579687908, 0.00669502001256, 0.00726484088227, 0.00745640276, 0.00713140843436, 0.00605572620407, 0.00623671989888, 0.00908239372075, 0.00453780312091, 0.00514229154214, 0.00434566475451, 0.00376991718076, 0.00136333354749, 0.00213747634552, 0.00246261083521, 0.00201768567786, 0.00163331208751, 0.000917614845093, 0.000281658110907, 0.000136126356665, 0.000184659089427, 0.00022642708791, 0.00011497388914, 0.000170200393768, 0.000177041918505, 0.000171405408764, 0.000159148257808, 3.03427623294e-05, 4.35025176557e-05, 6.70310182613e-05, 0.000126145270769, 0.000109134860395, 6.92256289767e-05, 1.87089372048e-05, 1.17206207051e-06, 3.7705776279e-09, 1.47112377835e-09],
        "mean": [6.44198444206e-05, 0.000265490729362, 0.000474436586956, 0.000349614332663, 0.000463760690764, 0.000481259310618, 0.000352121540345, 0.00022104337404, 0.000168695420143, 0.00030409466126, 0.000432488450315, 0.000329901347868, 0.000293510063784, 0.000200895505259, 9.64462087722e-05, 6.36285112705e-05, 0.000114735317766, 0.00011888743029, 8.36592953419e-05, 6.39174395474e-05, 3.48278917954e-05, 1.9814053303e-05, 1.29388117784e-05, 1.44784044096e-05, 1.74480355781e-05, 9.79887045105e-06, 7.34300647309e-06, 1.08036192614e-05, 1.34417241497e-05, 8.29080272524e-06, 2.74167928183e-06, 1.51883136823e-06, 1.57865270012e-06, 1.89000320461e-06, 1.83837664736e-06, 1.2695705891e-06, 3.80359495011e-07, 1.70955836154e-08, 5.46418708891e-11, 1.12681721592e-11],
        "min": [6.55589360576e-08, 2.78138287513e-07, 4.52803561757e-07, 3.81523523174e-06, 4.45584373665e-06, 1.20073832477e-06, 5.01354520566e-07, 5.42477607723e-07, 1.88843856108e-07, 3.15079631719e-07, 4.89760509481e-07, 3.29762428919e-07, 1.35386301281e-07, 1.18251250569e-07, 4.96129182181e-08, 3.71835966462e-08, 2.87889498907e-08, 4.82247912714e-08, 5.4871353683e-08, 7.82898723628e-09, 1.93383584701e-08, 1.13096971788e-08, 9.16292375308e-09, 1.0181159027e-08, 4.87643880831e-09, 7.87848453143e-09, 4.62466287487e-09, 3.16548298684e-09, 3.09187275782e-09, 2.72069677898e-09, 2.80712875167e-09, 2.69742939096e-09, 2.9039037841e-09, 2.38417707799e-09, 1.85894988292e-09, 1.87802595697e-09, 3.57763152437e-10, 3.41055725328e-11, 1.86188000781e-12, 1.53639069782e-12],
        "stdev": [9.21545652091e-05, 0.000341610866599, 0.000562845612876, 0.000497623055708, 0.000696295057423, 0.000700812612195, 0.000691897468641, 0.000369010085706, 0.000377128832042, 0.000531717028935, 0.00074442679761, 0.000584575231187, 0.000552233017515, 0.000388414366171, 0.000271263386821, 0.000126152765006, 0.000249437260209, 0.000268974661594, 0.000191538099898, 0.00015134694695, 6.62992970319e-05, 3.6626955989e-05, 1.86054385267e-05, 2.00943395612e-05, 2.33091523114e-05, 1.22249866763e-05, 1.28143274196e-05, 1.8453478333e-05, 1.96120890905e-05, 1.28934507302e-05, 3.88654007111e-06, 3.24863799506e-06, 4.99148063682e-06, 6.74202601658e-06, 5.85585576118e-06, 3.94617381971e-06, 1.16020851237e-06, 5.57128387868e-08, 1.67120955963e-10, 3.47052664385e-11]
    },
    "melbands128": {
        "max": [6.01884712523e-05, 0.000214725907426, 0.00120552326553, 0.00382396369241, 0.00403437903151, 0.00759481173009, 0.00777716282755, 0.00817476306111, 0.00918067246675, 0.0116403857246, 0.00947898346931, 0.00606427155435, 0.00983859132975, 0.0149408690631, 0.0130789326504, 0.0108191873878, 0.0102006364614, 0.0122796501964, 0.0105483485386, 0.00479183206335, 0.0136254373938, 0.0127251893282, 0.00914702564478, 0.0098209194839, 0.00766724627465, 0.012997245416, 0.0124406190589, 0.0121764857322, 0.0185957793146, 0.0096933208406, 0.00978658441454, 0.0160715617239, 0.00814333092421, 0.0148684121668, 0.0116832405329, 0.00779204396531, 0.00603624852374, 0.00422027660534, 0.00683669000864, 0.00215555005707, 0.00242440076545, 0.00422226311639, 0.00451658479869, 0.00544314133003, 0.00538550829515, 0.00528240622953, 0.00533191440627, 0.00457453355193, 0.00356323597953, 0.00303214369342, 0.00347820995376, 0.00177209149115, 0.00135265185963, 0.00114728545304, 0.000537656596862, 0.000492728140671, 0.000430793588748, 0.000161961652339, 0.000256545841694, 0.000510153884534, 0.000335270131472, 0.000271337485174, 0.000484412128571, 0.000445029290859, 0.000363914936315, 0.000245038070716, 0.000133413457661, 0.000281495798845, 0.000432648259448, 0.000289769144729, 0.000236449515796, 0.000408820284065, 0.000475853768876, 0.000355236668838, 0.000276530830888, 0.000289554387564, 0.000126508050016, 7.46473306208e-05, 4.47583661298e-05, 4.27975246566e-05, 4.84190131829e-05, 5.5654294556e-05, 5.25329814991e-05, 8.78170321812e-05, 9.5410803624e-05, 0.000176110144821, 0.000164519733516, 0.000129153340822, 0.00013409985695, 9.44522616919e-05, 7.31913169147e-05, 8.07530013844e-05, 4.15517606598e-05, 1.91267699847e-05, 7.86311647971e-06, 9.56079361458e-07, 1.41542187748e-07, 1.04530748501e-08, 1.74596159752e-09, 1.58857560439e-09, 1.50629864137e-09, 1.4644584434e-09, 1.42063205644e-09, 1.34895428161e-09, 1.24311994032e-09, 1.18532750282e-09, 1.11658593482e-09, 1.10131537223e-09, 1.00435559869e-09, 1.03908870397e-09, 9.70681091061e-10, 9.31926424919e-10, 8.76591021992e-10, 8.86508477738e-10, 8.47881098665e-10, 8.04647459773e-10, 7.70326080701e-10, 7.59866503053e-10, 7.00665470088e-10, 6.79619860389e-10, 7.02397418006e-10, 6.48292697303e-10, 6.82715939337e-10, 6.51383502692e-10, 6.4580446546e-10, 6.24099105728e-10, 6.24005458416e-10, 6.21260654032e-10],
        "mean": [1.18450918762e-06, 1.12550214908e-05, 7.15376081644e-05, 0.000199817470275, 0.0002576833067, 0.000309911061777, 0.000435173191363, 0.000565681548323, 0.000500206486322, 0.000303115346469, 0.000276684644632, 0.000318059377605, 0.000549186719581, 0.000615953758825, 0.000485762313474, 0.000391897425288, 0.000407499523135, 0.000365443294868, 0.000270936230663, 0.000199548987439, 0.00023279497691, 0.000167953345226, 0.000147307931911, 0.000186964840395, 0.000214287501876, 0.000389635883039, 0.000430675805546, 0.000397710566176, 0.000524702481925, 0.000297656893963, 0.000304891786072, 0.00029605612508, 0.000240670793573, 0.000364546081983, 0.000269640004262, 0.000141267417348, 9.15384589462e-05, 0.000125303369714, 7.47549420339e-05, 4.8405945563e-05, 5.85196103202e-05, 8.46815455589e-05, 0.000107870575448, 0.000126885410282, 0.000162299780641, 0.000101050762169, 9.23805055209e-05, 0.000105415194412, 7.18943192624e-05, 4.50397601526e-05, 8.21141002234e-05, 5.69941475987e-05, 4.04980055464e-05, 2.54126225627e-05, 1.76127650775e-05, 2.32299626077e-05, 1.83272277354e-05, 1.01056775748e-05, 1.25991573441e-05, 1.48810822793e-05, 1.30659291244e-05, 1.52737393364e-05, 1.80709648703e-05, 1.83269239642e-05, 1.66650079336e-05, 8.63573677634e-06, 5.9787275859e-06, 8.38747018861e-06, 7.99833378551e-06, 5.14940120411e-06, 9.74782324192e-06, 1.4993318473e-05, 1.29892805489e-05, 1.36784574352e-05, 1.3718907212e-05, 9.31097565626e-06, 5.69935627937e-06, 3.44578484146e-06, 2.54267342825e-06, 1.89001673334e-06, 1.45583771882e-06, 1.3531945342e-06, 1.57683166435e-06, 1.58748321155e-06, 1.59856665505e-06, 1.70227315266e-06, 1.99420423996e-06, 2.29384886552e-06, 1.80382471626e-06, 1.57046804361e-06, 1.49720187892e-06, 1.24436633087e-06, 8.08555569165e-07, 3.69200506611e-07, 1.10072761572e-07, 1.98514271688e-08, 2.06244110679e-09, 1.22462887053e-10, 1.33231568139e-11, 1.19032934551e-11, 1.15905071998e-11, 1.12172432801e-11, 1.08368106155e-11, 1.03185723854e-11, 9.94638225948e-12, 9.5416495885e-12, 9.23831497412e-12, 9.02695800054e-12, 8.80532799452e-12, 8.57167548746e-12, 8.39896641819e-12, 8.16639204176e-12, 7.83093208334e-12, 7.64766288491e-12, 7.53183539842e-12, 7.50641996478e-12, 7.7624000977e-12, 6.75399926958e-12, 6.50464838242e-12, 6.31346711022e-12, 6.12312978099e-12, 6.07769910788e-12, 5.95233324435e-12, 5.61196228377e-12, 4.94962274292e-12, 3.8289037739e-12, 3.24276933431e-12, 3.14486717917e-12],
        "min": [1.8749684097e-11, 6.8387060459e-09, 1.2166188057e-08, 2.54912144726e-08, 1.2653221404e-07, 6.24768290436e-08, 1.2091132362e-07, 1.43966701671e-07, 3.08747473809e-07, 1.0548562841e-06, 9.13622670851e-07, 1.17863055493e-06, 9.41531425269e-07, 1.12250961593e-06, 3.45619412201e-07, 1.65589696621e-07, 2.32051561966e-07, 2.58901167172e-07, 4.02992895943e-07, 1.50250542674e-07, 1.00559212513e-07, 5.70131533095e-08, 7.47727000316e-08, 1.07752086365e-07, 1.129502607e-07, 1.86995681162e-08, 9.29086638735e-08, 1.79228749175e-07, 1.51807768134e-07, 1.522481341e-07, 5.65835414079e-08, 2.43332340943e-08, 1.31162511963e-08, 1.350515344e-08, 4.69549732429e-08, 1.78323258382e-08, 2.49036524735e-08, 2.08431778503e-08, 2.30080043906e-08, 1.33005819691e-08, 3.72316910635e-09, 9.89818360608e-09, 6.19829121362e-09, 7.02117963769e-09, 2.25181278068e-08, 1.49541552474e-08, 1.83891017969e-08, 2.4424345213e-08, 1.66111551181e-08, 4.10151779207e-09, 4.65802241223e-09, 3.42211081694e-09, 7.15926740114e-09, 5.61540147714e-09, 3.41915362689e-09, 5.23094989546e-09, 6.0699485438e-09, 3.61733776266e-09, 2.8192175261e-09, 4.27956914351e-09, 6.77247413705e-09, 3.31374083729e-09, 1.21391685592e-09, 2.35728192521e-09, 2.07914685468e-09, 1.01817743126e-09, 1.3468609561e-09, 4.03230382418e-09, 3.32557159588e-09, 2.32188446248e-09, 1.51379375701e-09, 2.79391021429e-09, 1.86343696029e-09, 1.98687488684e-09, 2.10524597755e-09, 2.17631201949e-09, 1.16643616987e-09, 8.57341531102e-10, 1.90260385224e-09, 2.65798272281e-09, 1.81197334914e-09, 2.5986490737e-09, 1.38521494275e-09, 1.35775823917e-09, 1.31274591197e-09, 2.29380381356e-09, 2.03585215353e-09, 2.13720063869e-09, 1.5591276048e-09, 1.29795374448e-09, 9.53225609557e-10, 1.4203999088e-09, 4.55209980821e-10, 2.46327930276e-10, 1.61795257747e-10, 3.01625772969e-11, 1.78738675336e-12, 1.4745735015e-12, 9.65685430926e-13, 7.58375892466e-13, 1.04563200546e-12, 1.08739634051e-12, 1.01391681509e-12, 1.31092782029e-12, 9.81439430593e-13, 7.17426497984e-13, 1.0602725295e-12, 1.06320247745e-12, 9.50088098473e-13, 1.05916805274e-12, 1.29646206964e-12, 1.11151842938e-12, 1.16287968838e-12, 1.1323378216e-12, 1.06579545536e-12, 9.43302185495e-13, 1.30224748086e-12, 1.18407920188e-12, 1.1924050072e-12, 1.21017161136e-12, 1.16742141128e-12, 1.07220927015e-12, 1.16414159129e-12, 9.52123904892e-13, 8.23613475597e-13, 3.44253732508e-13, 4.42545305956e-14, 1.32767416988e-15],
        "stdev": [2.39180758399e-06, 1.75939367182e-05, 0.000116187889944, 0.000300999323372, 0.000376832525944, 0.000580104126129, 0.000731717213057, 0.000763521064073, 0.000874280056451, 0.000630042166449, 0.000489651923999, 0.000523762835655, 0.00103742885403, 0.00124749948736, 0.000964910606854, 0.000730595726054, 0.000982379540801, 0.00100658612791, 0.000640489510261, 0.000372655980755, 0.000557870720513, 0.000600279658101, 0.000468477373943, 0.000517078442499, 0.000554480648134, 0.000867841357831, 0.00106377690099, 0.000909904192667, 0.00128316390328, 0.000717098475434, 0.000845004746225, 0.00105098763015, 0.000591384596191, 0.0010377218714, 0.000710171007086, 0.000420247670263, 0.000391917623347, 0.000402242760174, 0.000323993997881, 0.000137442708365, 0.000150183055666, 0.000285593123408, 0.00033062059083, 0.000426056183642, 0.000513332139235, 0.000357636949047, 0.000379239820177, 0.000314232893288, 0.000248165306402, 0.000160963812959, 0.000269320211373, 0.000166874218849, 9.73960777628e-05, 7.06161372364e-05, 4.65867742605e-05, 5.68659925193e-05, 4.2914874939e-05, 1.93731084437e-05, 2.60221640929e-05, 3.43035680999e-05, 2.48249398282e-05, 2.76518294413e-05, 3.3243548387e-05, 3.85954626836e-05, 3.11117182719e-05, 1.85925928236e-05, 1.28598403535e-05, 1.9742303266e-05, 2.19828980335e-05, 1.18567104437e-05, 2.33183545788e-05, 3.56705095328e-05, 3.60699450539e-05, 2.90247935482e-05, 2.72824236163e-05, 2.23013284995e-05, 1.14271988423e-05, 5.97795860813e-06, 4.80608878206e-06, 4.0335689846e-06, 3.13690111398e-06, 3.53803147846e-06, 4.37805738329e-06, 5.58487226954e-06, 5.78080425839e-06, 6.91459126756e-06, 7.48090997149e-06, 7.95191499492e-06, 6.05651121077e-06, 5.1130787142e-06, 4.68809503218e-06, 4.0955978875e-06, 2.48444916906e-06, 1.15405055112e-06, 3.65038260952e-07, 6.11431758557e-08, 6.84476963997e-09, 4.52896803393e-10, 4.45365654078e-11, 3.8257536028e-11, 3.58149551682e-11, 3.44952920395e-11, 3.32161173566e-11, 3.14233188081e-11, 2.90468708114e-11, 2.76581795661e-11, 2.6061331912e-11, 2.55740394139e-11, 2.34436029617e-11, 2.39974116967e-11, 2.24754468509e-11, 2.157341146e-11, 2.03611086325e-11, 2.04587093794e-11, 1.95951345427e-11, 1.86181729755e-11, 1.79093805758e-11, 1.75966966692e-11, 1.63336583842e-11, 1.58502846265e-11, 1.62645886342e-11, 1.51306467355e-11, 1.57739966922e-11, 1.50955480754e-11, 1.49659035165e-11, 1.45128934911e-11, 1.45062902662e-11, 1.44421367226e-11]
    },
    "mfcc": {
        "mean": [-666.781188965, 157.483123779, -49.4682922363, 43.2546615601, -44.6404800415, 26.9726200104, -29.1945762634, 18.304315567, -25.8600616455, 16.8551692963, -27.3917064667, 4.42413520813, -14.5793857574],
        "cov": [[3536.890625, -608.917785645, -1216.1817627, 18.1997489929, -434.600585938, 274.093994141, 32.0637359619, 163.345840454, -156.230407715, 326.16003418, -313.711212158, 192.74067688, -275.575775146], [-608.917785645, 554.617492676, 208.994033813, -54.4070968628, 114.025482178, -100.423103333, 73.4337081909, -50.4093208313, 63.9981231689, -81.077507019, 107.18321991, -62.3087921143, 74.4963684082], [-1216.1817627, 208.994033813, 1009.14904785, 90.4835357666, 120.403305054, -13.6194047928, -161.262588501, 40.4431190491, -36.6238212585, -93.1909484863, 196.331680298, -30.5241737366, 55.3023300171], [18.1997489929, -54.4070968628, 90.4835357666, 242.062225342, 75.5430831909, -30.7655277252, -13.2886629105, 11.0411214828, 41.8598556519, -9.61428546906, -38.4624328613, 13.8014707565, -7.90983247757], [-434.600585938, 114.025482178, 120.403305054, 75.5430831909, 255.570144653, 7.91547441483, -22.6872520447, 9.35097503662, 85.954208374, -41.0462265015, 8.97741603851, -20.6869258881, 30.8008213043], [274.093994141, -100.423103333, -13.6194047928, -30.7655277252, 7.91547441483, 262.024353027, 79.4927902222, -7.61158895493, -42.1889343262, 71.5201797485, 3.73843431473, -1.27370905876, -24.0727539062], [32.0637359619, 73.4337081909, -161.262588501, -13.2886629105, -22.6872520447, 79.4927902222, 267.553955078, -57.013004303, -6.595495224, 42.9472961426, -41.712638855, -24.7280845642, 19.3308067322], [163.345840454, -50.4093208313, 40.4431190491, 11.0411214828, 9.35097503662, -7.61158895493, -57.013004303, 155.728057861, 35.5297584534, -8.66420173645, -2.30304789543, 21.9862442017, -21.6460800171], [-156.230407715, 63.9981231689, -36.6238212585, 41.8598556519, 85.954208374, -42.1889343262, -6.595495224, 35.5297584534, 147.862197876, -18.3654403687, -21.8683204651, -18.0468196869, 9.14048480988], [326.16003418, -81.077507019, -93.1909484863, -9.61428546906, -41.0462265015, 71.5201797485, 42.9472961426, -8.66420173645, -18.3654403687, 125.20854187, -5.14346504211, 13.3022480011, -32.5499153137], [-313.711212158, 107.18321991, 196.331680298, -38.4624328613, 8.97741603851, 3.73843431473, -41.712638855, -2.30304789543, -21.8683204651, -5.14346504211, 163.380783081, 6.51949930191, 22.7055301666], [192.74067688, -62.3087921143, -30.5241737366, 13.8014707565, -20.6869258881, -1.27370905876, -24.7280845642, 21.9862442017, -18.0468196869, 13.3022480011, 6.51949930191, 91.3143997192, 9.5829744339], [-275.575775146, 74.4963684082, 55.3023300171, -7.90983247757, 30.8008213043, -24.0727539062, 19.3308067322, -21.6460800171, 9.14048480988, -32.5499153137, 22.7055301666, 9.5829744339, 119.619659424]],
        "icov": [[0.0115906279534, -0.0135303586721, 0.0151195144281, -0.0152838975191, 0.0162609554827, -0.0177259333432, 0.0172847192734, -0.0164614021778, 0.0148987378925, -0.0148502374068, 0.0140980230644, -0.0108452485874, 0.00661494210362], [-0.0135303586721, 0.0200660247356, -0.0183914005756, 0.0195332374424, -0.0205610413104, 0.0228521917015, -0.022795625031, 0.0201475024223, -0.0188042353839, 0.0185025352985, -0.0187782645226, 0.0135245202109, -0.00769779412076], [0.0151195144281, -0.0183914005756, 0.0217533428222, -0.0213859286159, 0.0210541784763, -0.0238389074802, 0.0237639974803, -0.0223104152828, 0.0208344142884, -0.0187618471682, 0.0166787635535, -0.0128822792321, 0.007887060754], [-0.0152838975191, 0.0195332374424, -0.0213859286159, 0.0266130156815, -0.0235036183149, 0.0251526981592, -0.024353550747, 0.0226448420435, -0.0212732125074, 0.0193672813475, -0.0170777831227, 0.0123705593869, -0.00743519468233], [0.0162609554827, -0.0205610413104, 0.0210541784763, -0.0235036183149, 0.029687711969, -0.0273018870503, 0.0258138664067, -0.022808779031, 0.017773700878, -0.0197793785483, 0.0203602369875, -0.0148474946618, 0.00812532380223], [-0.0177259333432, 0.0228521917015, -0.0238389074802, 0.0251526981592, -0.0273018870503, 0.0338043645024, -0.0294112600386, 0.0250138361007, -0.0216241199523, 0.0204612314701, -0.0225441753864, 0.0168492700905, -0.00912212394178], [0.0172847192734, -0.022795625031, 0.0237639974803, -0.024353550747, 0.0258138664067, -0.0294112600386, 0.0328917615116, -0.0239288657904, 0.0228924509138, -0.0237387567759, 0.0229883082211, -0.0147867575288, 0.00782072078437], [-0.0164614021778, 0.0201475024223, -0.0223104152828, 0.0226448420435, -0.022808779031, 0.0250138361007, -0.0239288657904, 0.0319124571979, -0.0245506409556, 0.0219849590212, -0.0197198297828, 0.0127746360376, -0.00753200938925], [0.0148987378925, -0.0188042353839, 0.0208344142884, -0.0212732125074, 0.017773700878, -0.0216241199523, 0.0228924509138, -0.0245506409556, 0.0306819789112, -0.0200608707964, 0.0188087988645, -0.0114034321159, 0.00746495416388], [-0.0148502374068, 0.0185025352985, -0.0187618471682, 0.0193672813475, -0.0197793785483, 0.0204612314701, -0.0237387567759, 0.0219849590212, -0.0200608707964, 0.0310288760811, -0.0200544930995, 0.0124271279201, -0.0059672659263], [0.0140980230644, -0.0187782645226, 0.0166787635535, -0.0170777831227, 0.0203602369875, -0.0225441753864, 0.0229883082211, -0.0197198297828, 0.0188087988645, -0.0200544930995, 0.0279158521444, -0.015263251029, 0.00729986093938], [-0.0108452485874, 0.0135245202109, -0.0128822792321, 0.0123705593869, -0.0148474946618, 0.0168492700905, -0.0147867575288, 0.0127746360376, -0.0114034321159, 0.0124271279201, -0.015263251029, 0.0247142892331, -0.00954862777144], [0.00661494210362, -0.00769779412076, 0.007887060754, -0.00743519468233, 0.00812532380223, -0.00912212394178, 0.00782072078437, -0.00753200938925, 0.00746495416388, -0.0059672659263, 0.00729986093938, -0.00954862777144, 0.0148855186999]]
    },
    "spectral_contrast_coeffs": {
        "max": [-0.355312556028, -0.420132637024, -0.446577340364, -0.550566315651, -0.623106479645, -0.421781927347],
        "mean": [-0.664667189121, -0.73733407259, -0.690553247929, -0.741128385067, -0.763845264912, -0.553236424923],
        "min": [-0.947567939758, -0.938549637794, -0.896025002003, -0.887739539146, -0.875897407532, -0.878503739834],
        "stdev": [0.0704558119178, 0.0734156966209, 0.079043507576, 0.0646579116583, 0.0517268888652, 0.051334053278]
    },
    "spectral_contrast_valleys": {
        "max": [-5.35110282898, -4.68195199966, -5.31325864792, -5.98557329178, -6.17355108261, -10.4039974213],
        "mean": [-7.23134374619, -6.67783737183, -7.27844429016, -7.70506906509, -7.76019382477, -13.2573709488],
        "min": [-9.85896778107, -8.92740917206, -9.88835430145, -10.4315929413, -10.4877910614, -14.8994932175],
        "stdev": [0.618263363838, 0.662691473961, 0.790046393871, 0.800675332546, 0.803084015846, 0.61362272501]
    }
},
"rhythm": {
    "beats_count": 94,
    "beats_loudness": {
        "max": 0.072522342205,
        "mean": 0.0299521703273,
        "min": 0.00307841575705,
        "stdev": 0.013647781685
    },
    "bpm": 115.865074158,
    "bpm_histogram_first_peak_bpm": 115,
    "bpm_histogram_first_peak_weight": 0.52941173315,
    "bpm_histogram_second_peak_bpm": 123,
    "bpm_histogram_second_peak_spread": 0.375,
    "bpm_histogram_second_peak_weight": 0.0537634417415,
    "danceability": 1.1347309351,
    "onset_rate": 2.8505859375,
    "beats_loudness_band_ratio": {
        "max": [0.868740260601, 0.949148654938, 0.786951422691, 0.712388396263, 0.47752264142, 0.215277537704],
        "mean": [0.153611004353, 0.204021602869, 0.217588081956, 0.268979102373, 0.14602214098, 0.0586512833834],
        "min": [0.00481059821323, 0.0237397886813, 0.00855706259608, 0.00458593200892, 0.00113426812459, 0.000180278992048],
        "stdev": [0.137924075127, 0.171401053667, 0.146950379014, 0.178675472736, 0.126279085875, 0.0441664941609]
    },
