{
"metadata": {
    "version": {
        "essentia": "2.1-beta5",
        "essentia_git_sha": "Undefined",
        "extractor": "music 2.0"
    },
    "audio_properties": {
        "analysis": {
            "equal_loudness": 0,
            "length": 32.4963264465,
            "sample_rate": 44100,
            "start_time": 12.7477550507,
            "downmix": "mix"
        },
        "bit_rate": 192000,
        "length": 185.260421753,
        "lossless": 0,
        "number_channels": 2,
        "replay_gain": -10.2182273865,
        "sample_rate": 48000,
        "codec": "mp3",
        "md5_encoded": "a77c2c01c2c648d567b6421f236b85ef"
    },
    "tags": {
        "file_name": "Germany_Ein Lied Kann Eine Brücke Sein_Joy Fleming.mp3",
        "encoding": ["Lavf58.29.100"]
    }
},
"lowlevel": {
    "average_loudness": 0.95564365387,
    "barkbands_crest": {
        "max": 24.6481533051,
        "mean": 10.5516319275,
        "min": 3.37148571014,
        "stdev": 3.96797180176
    },
    "barkbands_flatness_db": {
        "max": 0.36041021347,
        "mean": 0.18144954741,
        "min": 0.0433153361082,
        "stdev": 0.0647844970226
    },
    "barkbands_kurtosis": {
        "max": 139.146759033,
        "mean": 12.922249794,
        "min": -1.92336452007,
        "stdev": 15.7620706558
    },
    "barkbands_skewness": {
        "max": 9.39718914032,
        "mean": 2.35091328621,
        "min": -1.04548943043,
        "stdev": 1.60976493359
    },
    "barkbands_spread": {
        "max": 109.110496521,
        "mean": 13.2363529205,
        "min": 0.744999170303,
        "stdev": 14.2189626694
    },
    "dissonance": {
        "max": 0.499072313309,
        "mean": 0.441662400961,
        "min": 0.260881006718,
        "stdev": 0.0381505079567
    },
    "dynamic_complexity": 2.03107190132,
    "erbbands_crest": {
        "max": 28.1750602722,
        "mean": 11.3648462296,
        "min": 2.84617114067,
        "stdev": 4.72238349915
    },
    "erbbands_flatness_db": {
        "max": 0.315228849649,
        "mean": 0.176886364818,
        "min": 0.0675136819482,
        "stdev": 0.0451493114233
    },
    "erbbands_kurtosis": {
        "max": 45.9649391174,
        "mean": 2.3277156353,
        "min": -1.86465704441,
        "stdev": 4.42385721207
    },
    "erbbands_skewness": {
        "max": 5.54419517517,
        "mean": 0.87890869379,
        "min": -2.69301104546,
        "stdev": 1.08135402203
    },
    "erbbands_spread": {
        "max": 178.69543457,
        "mean": 33.6554412842,
        "min": 3.74137759209,
        "stdev": 24.5412940979
    },
    "hfc": {
        "max": 192.008483887,
        "mean": 18.7941837311,
        "min": 0.629188597202,
        "stdev": 15.773601532
    },
    "loudness_ebu128": {
        "integrated": -11.981836319,
        "loudness_range": 3.35604763031,
        "momentary": {
            "max": -9.46230125427,
            "mean": -12.2192773819,
            "min": -18.9222278595,
            "stdev": 1.53361797333
        },
        "short_term": {
            "max": -10.7738647461,
            "mean": -12.1274147034,
            "min": -15.6275291443,
            "stdev": 1.18212759495
        }
    },
    "melbands_crest": {
        "max": 28.0519485474,
        "mean": 15.007194519,
        "min": 4.05159568787,
        "stdev": 5.07246398926
    },
    "melbands_flatness_db": {
        "max": 0.506835281849,
        "mean": 0.269338577986,
        "min": 0.0890250876546,
        "stdev": 0.0874432325363
    },
    "melbands_kurtosis": {
        "max": 213.569961548,
        "mean": 25.1137523651,
        "min": -1.62604439259,
        "stdev": 28.8378562927
    },
    "melbands_skewness": {
        "max": 12.8973464966,
        "mean": 3.17698431015,
        "min": -0.584750533104,
        "stdev": 2.01386141777
    },
    "melbands_spread": {
        "max": 130.417892456,
        "mean": 13.4792976379,
        "min": 0.919837474823,
        "stdev": 13.1422376633
    },
    "pitch_salience": {
        "max": 0.792222380638,
        "mean": 0.54525077343,
        "min": 0.213289469481,
        "stdev": 0.101178795099
    },
    "silence_rate_20dB": {
        "max": 1,
        "mean": 1,
        "min": 1,
        "stdev": 0
    },
    "silence_rate_30dB": {
        "max": 1,
        "mean": 1,
        "min": 1,
        "stdev": 0
    },
    "silence_rate_60dB": {
        "max": 1,
        "mean": 0.00142755173147,
        "min": 0,
        "stdev": 0.0377558618784
    },
    "spectral_centroid": {
        "max": 3843.79907227,
        "mean": 704.031738281,
        "min": 170.050521851,
        "stdev": 483.91394043
    },
    "spectral_complexity": {
        "max": 42,
        "mean": 13.4953603745,
        "min": 3,
        "stdev": 6.38600158691
    },
    "spectral_decrease": {
        "max": -2.22818777318e-10,
        "mean": -8.87583340159e-09,
        "min": -2.58807215658e-08,
        "stdev": 4.74621852931e-09
    },
    "spectral_energy": {
        "max": 0.100453563035,
        "mean": 0.0352041348815,
        "min": 0.000898037862498,
        "stdev": 0.0184349268675
    },
    "spectral_energyband_high": {
        "max": 0.0202239584178,
        "mean": 0.000588845927268,
        "min": 1.06802792743e-06,
        "stdev": 0.00145494251046
    },
    "spectral_energyband_low": {
        "max": 0.0589721500874,
        "mean": 0.0119757428765,
        "min": 3.05761677737e-05,
        "stdev": 0.0105061586946
    },
    "spectral_energyband_middle_high": {
        "max": 0.0339851863682,
        "mean": 0.00490930816159,
        "min": 4.96078901051e-05,
        "stdev": 0.00632055755705
    },
    "spectral_energyband_middle_low": {
        "max": 0.0907789096236,
        "mean": 0.0225552022457,
        "min": 0.000651811424177,
        "stdev": 0.0157274380326
    },
    "spectral_entropy": {
        "max": 8.66161823273,
        "mean": 6.98094987869,
        "min": 5.13389730453,
        "stdev": 0.628682255745
    },
    "spectral_flux": {
        "max": 0.253578335047,
        "mean": 0.0868926346302,
        "min": 0.0145323388278,
        "stdev": 0.0375944487751
    },
    "spectral_kurtosis": {
        "max": 65.7904663086,
        "mean": 8.83061408997,
        "min": -1.38225638866,
        "stdev": 8.41665077209
    },
    "spectral_rms": {
        "max": 0.00989967025816,
        "mean": 0.00564409652725,
        "min": 0.000936020573135,
        "stdev": 0.00157786603086
    },
    "spectral_rolloff": {
        "max": 11025,
        "mean": 944.799499512,
        "min": 150.732421875,
        "stdev": 1412.77368164
    },
    "spectral_skewness": {
        "max": 6.65700435638,
        "mean": 2.27883601189,
        "min": -0.0707646757364,
        "stdev": 0.891380250454
    },
    "spectral_spread": {
        "max": 17681466,
        "mean": 4604502,
        "min": 1452265.125,
        "stdev": 2320804
    },
    "spectral_strongpeak": {
        "max": 8.17607402802,
        "mean": 1.20043253899,
        "min": 0.0287040993571,
        "stdev": 1.19379997253
    },
    "zerocrossingrate": {
        "max": 0.29150390625,
        "mean": 0.0408675037324,
        "min": 0.005859375,
        "stdev": 0.033962842077
    },
    "barkbands": {
        "max": [0.00056382175535, 0.0262849722058, 0.0361545421183, 0.0425558276474, 0.075748257339, 0.0705278813839, 0.0361570566893, 0.0177937634289, 0.016582518816, 0.0322403386235, 0.00626934366301, 0.00985701009631, 0.0251744240522, 0.0228004325181, 0.0107199540362, 0.00619127135724, 0.00317363394424, 0.00139286904596, 0.00159466138575, 0.00337557611056, 0.00221292837523, 0.00385221466422, 0.00262208492495, 0.00557118002325, 0.0104541806504, 0.00220668548718, 4.37068265455e-05],
        "mean": [5.27179327037e-05, 0.0026464224793, 0.00466054724529, 0.00604958320037, 0.00856478605419, 0.00377508974634, 0.00158966518939, 0.001027657534, 0.00112637318671, 0.00157845765352, 0.000231557816733, 0.000528129574377, 0.000940701633226, 0.000661355617922, 0.000574967591092, 0.000227695854846, 0.000161912423209, 9.21419414226e-05, 7.98235705588e-05, 9.40711033763e-05, 7.10761960363e-05, 9.42810074775e-05, 0.000104129547253, 9.89815962384e-05, 0.000129177278723, 4.14912028646e-05, 1.34882384373e-06],
        "min": [5.80064281053e-08, 2.02756327781e-05, 4.88191744807e-06, 2.52376685239e-06, 9.93255234789e-05, 7.30048805053e-06, 3.93566506318e-06, 3.63339086107e-06, 7.33900242267e-06, 2.15983413909e-06, 3.09279539579e-06, 1.07853747977e-06, 1.16954311125e-06, 1.66953520875e-06, 1.12285408704e-06, 7.42838437873e-07, 3.01765538779e-07, 2.7208972142e-07, 3.43463426589e-07, 1.4893930711e-07, 8.50627088766e-08, 6.59053398522e-08, 3.44923485329e-08, 4.50279777908e-08, 6.58877397086e-08, 5.3010616341e-08, 3.83340692522e-09],
        "stdev": [6.85522900312e-05, 0.00337167480029, 0.00457769213244, 0.00576754147187, 0.0115152327344, 0.0076379426755, 0.00251042377204, 0.00177856185474, 0.00168502773158, 0.00334891374223, 0.000433998531662, 0.000981500721537, 0.0026038356591, 0.00163226865698, 0.00135675782803, 0.000516391766723, 0.000304817222059, 0.000146923339344, 0.000126264174469, 0.000198172056116, 0.000185197553947, 0.000267706724117, 0.000216379557969, 0.000299903796986, 0.00056095875334, 0.000162632670254, 3.08851963382e-06]
    },
    "erbbands": {
        "max": [0.561180531979, 6.78067159653, 31.3643989563, 106.500442505, 211.801635742, 401.89364624, 643.819702148, 487.424468994, 359.050384521, 453.296447754, 425.945922852, 509.876708984, 1238.60778809, 955.542907715, 238.851806641, 491.589660645, 1290.91027832, 1340.78979492, 626.95690918, 410.817474365, 363.043151855, 123.471878052, 66.1892700195, 77.9756774902, 120.906341553, 146.959701538, 117.53150177, 125.415397644, 146.473922729, 128.880584717, 62.4312591553, 76.6691894531, 129.102722168, 172.916213989, 55.7017059326, 13.6691141129, 3.02655863762, 0.258657306433, 0.0104545829818, 0.000452001462691],
        "mean": [0.0437707640231, 0.732640862465, 4.04159975052, 17.6842842102, 19.644618988, 30.1251220703, 33.7653923035, 27.0181732178, 24.1242923737, 21.8198604584, 24.7448749542, 25.4624538422, 37.1513633728, 42.6759567261, 13.8254375458, 26.0865573883, 44.4540405273, 37.3535690308, 39.2320251465, 14.4477396011, 12.6309499741, 7.81030225754, 6.3596830368, 3.80140590668, 4.54907941818, 4.56199455261, 3.21221542358, 2.89753556252, 3.1800122261, 3.29508924484, 2.9813773632, 2.04586625099, 1.72096192837, 1.49123740196, 0.868206083775, 0.273025989532, 0.0616435110569, 0.00568840000778, 0.000296554615488, 5.11211037519e-05],
        "min": [0.00048434411292, 0.00351471453905, 0.00841008778661, 0.0357641130686, 0.215102016926, 0.387251168489, 0.302884399891, 0.144352793694, 0.352611780167, 0.160963058472, 0.262821376324, 0.250728160143, 0.133535131812, 0.229081526399, 0.162181675434, 0.0647828727961, 0.077131614089, 0.0876075997949, 0.124216116965, 0.0571354851127, 0.0554873421788, 0.0220058243722, 0.0162052772939, 0.0203523486853, 0.0143354162574, 0.00810747779906, 0.0041232118383, 0.00312702637166, 0.00251933559775, 0.00128092162777, 0.00112982548308, 0.000855686259456, 0.000734781904612, 0.000738724134862, 0.000374620809453, 0.000198069785256, 0.000126157450723, 5.44861577509e-05, 1.82133260296e-06, 1.15696855119e-06],
        "stdev": [0.0539248883724, 0.940953016281, 4.22718667984, 17.0031929016, 27.1771831512, 45.9882164001, 63.8230743408, 57.5780906677, 38.6735801697, 35.4777374268, 42.0364456177, 39.5081825256, 83.4061584473, 100.599861145, 20.9314155579, 46.1277275085, 131.523208618, 86.4203414917, 84.325302124, 32.2505531311, 28.1444320679, 14.0325365067, 9.39328670502, 5.67863607407, 7.69019460678, 9.13436126709, 8.66148948669, 7.89400100708, 9.60716533661, 8.01225852966, 6.03251028061, 4.76014375687, 6.27198457718, 7.33015680313, 3.52051687241, 1.06684923172, 0.239689946175, 0.0185488983989, 0.000829870812595, 4.08537853218e-05]
    },
    "gfcc": {
        "mean": [-11.3476238251, 114.472244263, -89.1214294434, 20.2319068909, -58.7273139954, 15.2095308304, -42.695690155, -0.434747129679, -25.9528274536, -6.69854593277, -19.2076435089, -7.01765394211, -14.7804899216],
        "cov": [[3610.24389648, -1561.93408203, -812.35723877, 254.406692505, -707.319763184, 346.960998535, -401.836120605, 286.73928833, -217.971054077, 258.745849609, -94.1971435547, 52.066947937, -9.45042705536], [-1561.93408203, 1311.9050293, 23.8842391968, -292.269775391, 451.474334717, -203.207717896, 256.253814697, -187.620651245, 162.028396606, -175.510421753, 152.429901123, -84.2258224487, 5.52779817581], [-812.35723877, 23.8842391968, 1220.08203125, 295.623809814, 11.1353178024, -56.733543396, -14.1232395172, 6.03681516647, 18.3590297699, -96.0767745972, -62.6581039429, 62.7365226746, 1.74047386646], [254.406692505, -292.269775391, 295.623809814, 429.018707275, -43.2372665405, -37.8909645081, -73.1900253296, 63.6897659302, 21.2447471619, -21.7516441345, -51.3866577148, 44.4906539917, 23.5953884125], [-707.319763184, 451.474334717, 11.1353178024, -43.2372665405, 408.510406494, -73.7149200439, 117.739311218, -20.9334163666, 80.9065322876, -59.0835647583, -19.0643634796, -28.7076683044, -2.49668097496], [346.960998535, -203.207717896, -56.733543396, -37.8909645081, -73.7149200439, 216.058074951, 19.8538150787, 34.5276451111, -52.7027664185, 36.4213867188, -19.3092346191, -24.2923717499, -27.9232788086], [-401.836120605, 256.253814697, -14.1232395172, -73.1900253296, 117.739311218, 19.8538150787, 232.983947754, -39.8313179016, -11.8903331757, -20.9579334259, 24.9601402283, -39.0284576416, -36.8764915466], [286.73928833, -187.620651245, 6.03681516647, 63.6897659302, -20.9334163666, 34.5276451111, -39.8313179016, 146.430374146, 14.2655677795, 6.17268228531, -51.9994354248, 2.36297178268, -2.74944591522], [-217.971054077, 162.028396606, 18.3590297699, 21.2447471619, 80.9065322876, -52.7027664185, -11.8903331757, 14.2655677795, 123.722877502, -15.7973461151, 6.83142805099, -2.28328633308, 10.5338039398], [258.745849609, -175.510421753, -96.0767745972, -21.7516441345, -59.0835647583, 36.4213867188, -20.9579334259, 6.17268228531, -15.7973461151, 119.978919983, 6.350689888, 15.1194591522, -5.31480073929], [-94.1971435547, 152.429901123, -62.6581039429, -51.3866577148, -19.0643634796, -19.3092346191, 24.9601402283, -51.9994354248, 6.83142805099, 6.350689888, 133.311019897, 8.88303756714, 12.783408165], [52.066947937, -84.2258224487, 62.7365226746, 44.4906539917, -28.7076683044, -24.2923717499, -39.0284576416, 2.36297178268, -2.28328633308, 15.1194591522, 8.88303756714, 76.8215866089, 26.1473770142], [-9.45042705536, 5.52779817581, 1.74047386646, 23.5953884125, -2.49668097496, -27.9232788086, -36.8764915466, -2.74944591522, 10.5338039398, -5.31480073929, 12.783408165, 26.1473770142, 71.4141769409]],
        "icov": [[0.00130940240342, -8.81943851709e-05, 0.00106503022835, -0.00119456765242, 0.00115307490341, -0.00107814639341, 0.00131284049712, -0.00142896233592, 0.0013633442577, -0.000873569282703, 0.000208975878195, -0.000386873609386, 0.000628620211501], [-8.81943851709e-05, 0.00554217211902, -0.000755166111048, 0.00308911898173, -0.00306314276531, 0.00236447737552, -0.00251530390233, 0.00298987631686, -0.00443301117048, 0.00463239010423, -0.00410370435566, 0.00303167849779, -0.00118600146379], [0.00106503022835, -0.000755166111048, 0.00207177805714, -0.00201608077623, 0.00137722946238, -0.00119779491797, 0.00118761905469, -0.00114459777251, 0.00149934296496, -0.000398039293941, 0.00111345225014, -0.00169117585756, 0.00113312096801], [-0.00119456765242, 0.00308911898173, -0.00201608077623, 0.00604494055733, -0.00228398153558, 0.0026957213413, -0.00224585924298, 0.0017637811834, -0.00395795097575, 0.00350109557621, -0.00169462151825, 0.00112253252883, -0.00172621605452], [0.00115307490341, -0.00306314276531, 0.00137722946238, -0.00228398153558, 0.00663917697966, -0.00127084716223, 0.000255543884123, -0.00249437056482, 0.00107548059896, -0.00226786592975, 0.00395331392065, -0.00180816999637, 0.000508847355377], [-0.00107814639341, 0.00236447737552, -0.00119779491797, 0.0026957213413, -0.00127084716223, 0.00827840249985, -0.002917986596, 0.000577068130951, -0.000964279752225, 0.00114773714449, -0.00140795228072, 0.00337053090334, -0.000233664963162], [0.00131284049712, -0.00251530390233, 0.00118761905469, -0.00224585924298, 0.000255543884123, -0.002917986596, 0.00904447585344, -0.00190848438069, 0.00485541345552, -0.00247030355968, 0.00019888865063, -0.000127671606606, 0.00365748209879], [-0.00142896233592, 0.00298987631686, -0.00114459777251, 0.0017637811834, -0.00249437056482, 0.000577068130951, -0.00190848438069, 0.0123701486737, -0.00579585973173, 0.0034642147366, 0.000745172437746, 0.00142191001214, -0.00088748295093], [0.0013633442577, -0.00443301117048, 0.00149934296496, -0.00395795097575, 0.00107548059896, -0.000964279752225, 0.00485541345552, -0.00579585973173, 0.015960149467, -0.00475130649284, 0.00142529641744, -0.00113565626089, 0.00119225960225], [-0.000873569282703, 0.00463239010423, -0.000398039293941, 0.00350109557621, -0.00226786592975, 0.00114773714449, -0.00247030355968, 0.0034642147366, -0.00475130649284, 0.0148910023272, -0.00354648940265, -0.000635841337498, 0.000282708351733], [0.000208975878195, -0.00410370435566, 0.00111345225014, -0.00169462151825, 0.00395331392065, -0.00140795228072, 0.00019888865063, 0.000745172437746, 0.00142529641744, -0.00354648940265, 0.0132634285837, -0.00398181146011, -0.000793333339971], [-0.000386873609386, 0.00303167849779, -0.00169117585756, 0.00112253252883, -0.00180816999637, 0.00337053090334, -0.000127671606606, 0.00142191001214, -0.00113565626089, -0.000635841337498, -0.00398181146011, 0.0201859250665, -0.00592990126461], [0.000628620211501, -0.00118600146379, 0.00113312096801, -0.00172621605452, 0.000508847355377, -0.000233664963162, 0.00365748209879, -0.00088748295093, 0.00119225960225, 0.000282708351733, -0.000793333339971, -0.00592990126461, 0.018659774214]]
    },
    "melbands": {
        "max": [0.00604291912168, 0.0132074365392, 0.0153636271134, 0.0177091378719, 0.0173323210329, 0.00991356465966, 0.00624569877982, 0.00409055082127, 0.00309604289941, 0.00290689477697, 0.00618461705744, 0.00414207438007, 0.00091385783162, 0.00137368915603, 0.00224981363863, 0.00171793811023, 0.00297651276924, 0.00128612353001, 0.000730435538571, 0.000356513424776, 0.000585353933275, 0.000158714814461, 0.000139835683513, 6.97251671227e-05, 7.15175337973e-05, 0.000101270496089, 9.02182946447e-05, 9.38800076256e-05, 0.000108212705527, 5.01781105413e-05, 9.24199266592e-05, 9.06940476852e-05, 7.47385129216e-05, 7.03984987922e-05, 4.62824646092e-05, 3.60600824933e-05, 5.14735475008e-05, 8.38175910758e-05, 0.000150452877278, 0.00014790960995],
        "mean": [0.000566463859286, 0.00196523568593, 0.00282508507371, 0.0018459840212, 0.00121499004308, 0.000626779452432, 0.000366869993741, 0.000227609270951, 0.000200050781132, 0.000157436865265, 0.000187621684745, 0.000184323915164, 3.73183138436e-05, 6.11083087279e-05, 8.33042431623e-05, 9.04906264623e-05, 6.44411775284e-05, 6.17498080828e-05, 3.04641744151e-05, 1.53271066665e-05, 1.45501026054e-05, 7.46077648728e-06, 8.78992523212e-06, 4.0354570956e-06, 2.82882024294e-06, 3.26297799802e-06, 3.21271591019e-06, 2.95417680718e-06, 2.3467275696e-06, 1.30955481836e-06, 1.82732537723e-06, 1.75313232376e-06, 1.87982823263e-06, 1.82122369097e-06, 1.84286489002e-06, 1.38100358527e-06, 1.18020875561e-06, 1.22227118027e-06, 1.16916169191e-06, 1.29606678456e-06],
        "min": [6.31213879387e-06, 3.75740910386e-06, 1.09871907625e-05, 3.28275600623e-05, 1.05960016299e-05, 2.21234267883e-06, 2.00895055968e-06, 1.05505023384e-06, 1.71441388375e-06, 1.02972046534e-06, 4.56084279676e-07, 5.81366066399e-07, 5.33846161943e-07, 1.56931250217e-07, 1.00602505881e-07, 1.27425309415e-07, 1.46509492538e-07, 1.64340264064e-07, 6.24718197173e-08, 5.16481826196e-08, 5.59878863271e-08, 1.63091939953e-08, 1.09750812882e-08, 1.40445433061e-08, 1.23491865622e-08, 1.04338031548e-08, 7.21544290982e-09, 3.27728999494e-09, 2.34343788819e-09, 1.89660220862e-09, 1.38521638604e-09, 1.14925435835e-09, 1.11619113952e-09, 4.81182038659e-10, 6.7764099887e-10, 4.90439633349e-10, 5.38203037692e-10, 4.27366447786e-10, 3.31324495617e-10, 5.95689109151e-10],
        "stdev": [0.000681247038301, 0.00191264750902, 0.00242825993337, 0.00265443557873, 0.00203989841975, 0.00129896204453, 0.000579376821406, 0.000359451543773, 0.000325389875798, 0.000241319197812, 0.000421073636971, 0.000446188176284, 6.37725825072e-05, 0.000113508984214, 0.000224026167416, 0.000203293384402, 0.000167949474417, 0.00013351898815, 7.00653690728e-05, 3.73990660592e-05, 3.62263963325e-05, 1.53572600539e-05, 1.66923236975e-05, 6.07897482041e-06, 4.85391683469e-06, 5.59434283787e-06, 6.45069803795e-06, 6.10494271314e-06, 7.04709646016e-06, 3.48589628629e-06, 5.14539078722e-06, 5.55836732019e-06, 5.44940030522e-06, 4.29179453931e-06, 3.84070381187e-06, 2.92364870802e-06, 3.00766578221e-06, 4.22108632847e-06, 5.46894580111e-06, 6.72431906423e-06]
    },
    "melbands128": {
        "max": [0.000483376847114, 0.00410702219233, 0.00961381476372, 0.0122731607407, 0.0169605817646, 0.0186955761164, 0.0261860266328, 0.0156863313168, 0.0286590736359, 0.0330100394785, 0.0292644426227, 0.0304891094565, 0.0276291947812, 0.0287449918687, 0.0176818817854, 0.0196212530136, 0.00861225184053, 0.00922174192965, 0.0108156148344, 0.00544170988724, 0.00423078425229, 0.00654678046703, 0.00436943396926, 0.00281716906466, 0.00637284200639, 0.00378020154312, 0.00603892933577, 0.0123869292438, 0.00422620773315, 0.00880017131567, 0.0044794366695, 0.0014466518769, 0.00176782591734, 0.00115699064918, 0.00143273291178, 0.00307548907585, 0.00261140498333, 0.00152197410353, 0.00660286704078, 0.00425896886736, 0.00106775469612, 0.00340589461848, 0.0057497904636, 0.0030855324585, 0.00416772859171, 0.00101363426074, 0.00262750941329, 0.00172173767351, 0.00163136376068, 0.000913144089282, 0.000777830486186, 0.000777986948378, 0.000739926588722, 0.00131323677488, 0.000550677126739, 0.000303872860968, 0.000169839666341, 0.0003948067897, 0.000191164028365, 0.000127394348965, 0.000133869165438, 0.000115651317174, 0.000189129525097, 8.44125825097e-05, 5.31416117155e-05, 0.000151224710862, 0.000139838884934, 9.1403555416e-05, 0.00014783005463, 0.000317094585625, 7.06479986547e-05, 7.48359161662e-05, 0.000179383627255, 0.000138489122037, 7.45204088162e-05, 5.84731387789e-05, 6.42713421257e-05, 8.42488807393e-05, 9.69122338574e-05, 0.000123709149193, 0.000109998123662, 9.23610350583e-05, 8.37158222566e-05, 9.51974870986e-05, 9.26662469283e-05, 9.98253308353e-05, 6.1601465859e-05, 5.71306700294e-05, 7.70659098634e-05, 4.485480531e-05, 4.04813763453e-05, 5.4690422985e-05, 3.31303162966e-05, 4.26830192737e-05, 7.48845050111e-05, 7.88262914284e-05, 9.24251580727e-05, 0.000114561844384, 0.000150864143507, 0.00017442421813, 0.000175632943865, 0.000118759278848, 0.000157355985721, 9.49660825427e-05, 4.99075904372e-05, 7.29360835976e-05, 4.28530656791e-05, 3.71908499801e-05, 2.90507086902e-05, 3.31875162374e-05, 2.22291200771e-05, 1.27000439534e-05, 1.0426380868e-05, 7.28881423129e-06, 3.50181176145e-06, 2.53591542787e-06, 6.36387539998e-07, 8.39550693854e-07, 5.09093240453e-07, 3.1910923326e-07, 2.57377308799e-07, 2.0022699232e-07, 9.94246889263e-08, 2.92248181211e-09, 1.11341713627e-09, 1.10250775176e-09, 1.09431963491e-09, 1.08931497156e-09],
        "mean": [3.87367872463e-05, 0.000228025441174, 0.000709787302185, 0.00135033740662, 0.00145581737161, 0.00270647415891, 0.00426504481584, 0.00209682714194, 0.00182765710633, 0.0022094945889, 0.00160389882512, 0.00132860976737, 0.00121136114467, 0.000958317075856, 0.000557254126761, 0.000550713099074, 0.000368866429199, 0.000378645549063, 0.00027697783662, 0.000260146713117, 0.000165677614859, 0.00022998622444, 0.000205886201002, 0.000160065595992, 0.000189052676433, 0.000105794715637, 0.000214517451241, 0.000193217725609, 0.000133825597004, 0.000326279347064, 0.000143782541272, 2.95859317703e-05, 3.54776311724e-05, 3.70704401575e-05, 4.53488937637e-05, 7.72298590164e-05, 7.85474039731e-05, 2.71341432381e-05, 0.000154917419422, 0.000103717800812, 4.09768654208e-05, 0.000131324428366, 6.3510160544e-05, 2.6840796636e-05, 5.83483197261e-05, 5.88300608797e-05, 9.77779127425e-05, 1.48737653944e-05, 1.38714667628e-05, 1.68739315995e-05, 1.58539587574e-05, 1.17542012958e-05, 1.95139546122e-05, 1.31968399728e-05, 1.01493051261e-05, 5.34352193426e-06, 4.0985241867e-06, 1.56922833412e-05, 7.0521100497e-06, 3.94850803787e-06, 4.19468779e-06, 3.80143251277e-06, 2.81271172753e-06, 2.60486012849e-06, 2.70698365057e-06, 3.08301400764e-06, 4.06687240684e-06, 2.86523777504e-06, 3.0327469176e-06, 3.67274628843e-06, 2.96038274428e-06, 2.53108942161e-06, 2.84236784864e-06, 2.62093226411e-06, 1.23495863136e-06, 1.33746914344e-06, 1.18463253784e-06, 1.62325613928e-06, 2.02563228413e-06, 1.91158369489e-06, 1.80102335889e-06, 1.5715875179e-06, 1.84731106856e-06, 1.97342183128e-06, 1.89923332528e-06, 1.6789382471e-06, 1.82324686193e-06, 2.03545801014e-06, 1.97246777134e-06, 1.59818512202e-06, 1.46206923546e-06, 1.25783833482e-06, 1.3659156366e-06, 1.04305809145e-06, 1.23557242659e-06, 1.18921593639e-06, 1.32619913984e-06, 1.07776827463e-06, 1.0763718592e-06, 1.28362103169e-06, 1.29456032028e-06, 1.20406934911e-06, 1.46343018059e-06, 1.2163716292e-06, 9.69451662058e-07, 8.74438853771e-07, 6.28594307273e-07, 5.23387143403e-07, 4.47056493158e-07, 3.83221077982e-07, 3.11706827461e-07, 2.38930454088e-07, 1.72760039163e-07, 1.25065994894e-07, 7.5257432286e-08, 4.73691237346e-08, 2.50163711968e-08, 8.71312888506e-09, 8.67727312226e-09, 6.20499873705e-09, 4.41536096574e-09, 3.09319236891e-09, 1.37657107935e-09, 3.09314206193e-11, 5.1534514503e-12, 5.04833371287e-12, 4.98330109816e-12, 4.9532457129e-12],
        "min": [1.21910570527e-09, 2.80945016584e-07, 1.40307997754e-06, 3.14597309625e-06, 3.35323579748e-06, 1.78166033038e-06, 3.08534424676e-07, 1.07984772058e-06, 7.3882383731e-06, 3.73667035092e-06, 2.14436863644e-06, 2.95009294859e-06, 9.52250445607e-07, 8.58713974594e-07, 4.7409474746e-07, 1.36965041975e-07, 5.00054852637e-07, 1.85553432175e-07, 3.48459479937e-07, 2.85360272301e-07, 3.47282906432e-07, 3.88412672692e-07, 1.30237978624e-07, 1.83902201911e-07, 2.75004396144e-07, 1.28545991629e-07, 1.13459620366e-07, 5.12494693794e-07, 1.34555250497e-07, 1.64641321021e-07, 1.77677179636e-07, 1.00430774808e-07, 1.18939823324e-07, 6.68524720027e-08, 6.44318092213e-08, 3.68974966136e-08, 1.08768361429e-07, 6.79188474351e-08, 4.09676488289e-08, 3.59538248063e-08, 1.81520398712e-08, 5.77419001502e-08, 4.35401723564e-08, 3.79069717837e-08, 7.00878217685e-08, 4.87881592903e-08, 2.06610035747e-08, 2.29979715272e-08, 5.34813127118e-09, 1.38844322706e-08, 1.10649072127e-08, 3.6772380696e-08, 3.75985216294e-08, 8.85990836252e-09, 9.4319902999e-09, 5.82110937231e-09, 4.75260808486e-09, 9.22771192791e-09, 3.49568951563e-09, 1.49965251328e-09, 7.73673036747e-09, 1.50115333497e-08, 1.21726664304e-08, 4.47429027162e-09, 6.21645268595e-09, 4.91587082152e-09, 4.19908863236e-09, 2.33725949705e-09, 5.07206010525e-09, 2.32399011146e-09, 1.56542512286e-09, 6.78316902647e-10, 1.46232970177e-09, 1.6580758988e-09, 1.13305953509e-09, 1.85100712535e-09, 7.36397165468e-10, 5.10626374517e-10, 9.16372810966e-10, 1.16988396748e-09, 3.25121263245e-10, 3.90666415884e-10, 8.20394752132e-10, 1.10494724481e-09, 2.47442122348e-10, 3.53871404402e-10, 5.66157454251e-10, 4.35184638325e-10, 3.82452958192e-10, 6.76438183245e-10, 6.8668543074e-10, 1.97341157304e-10, 2.68506133994e-10, 3.95480120874e-10, 4.39746183911e-10, 2.34429919921e-10, 3.00999891678e-10, 1.93783808444e-10, 3.17121912063e-10, 3.08230413415e-10, 4.22251150711e-10, 3.215697153e-10, 3.14697684578e-10, 3.11285386356e-10, 2.1062562805e-10, 2.78638112583e-10, 2.65287319889e-10, 2.07793435236e-10, 2.72041833504e-10, 2.57438959039e-10, 2.08043235417e-10, 1.28704449875e-10, 1.25585444821e-10, 1.35976230276e-10, 6.70683023007e-11, 7.53100193318e-10, 1.66177127614e-10, 5.55237062924e-13, 8.15213036507e-14, 7.60251304727e-14, 6.21105272249e-14, 5.53563678186e-14, 5.41533303118e-14, 5.65684109798e-14, 3.54790185403e-14, 1.24288642597e-14, 1.86803375638e-15, 6.37565603691e-17],
        "stdev": [5.40782239113e-05, 0.000331164192175, 0.000964509265032, 0.00195278623141, 0.00232408591546, 0.00269050546922, 0.00440905522555, 0.00198180554435, 0.00330569222569, 0.00411469070241, 0.00302561908029, 0.00284154922701, 0.00274134729989, 0.00259306607768, 0.00157569954172, 0.0016955913743, 0.000830383272842, 0.000727528647985, 0.000577049329877, 0.000567171664443, 0.000354165415047, 0.000552695302758, 0.000453094893601, 0.000329505855916, 0.000428517116234, 0.000220060610445, 0.000468066951726, 0.000720489886589, 0.000329044967657, 0.000910609145649, 0.000377959571779, 6.82623431203e-05, 8.88941649464e-05, 8.86970228748e-05, 0.000113488524221, 0.000182017523912, 0.000202787690796, 6.99430092936e-05, 0.000622787280008, 0.000392771500628, 0.000109703694761, 0.000350404705387, 0.000253910780884, 0.000130232263473, 0.0002476569789, 0.000133893030579, 0.000286316586426, 7.74588334025e-05, 7.21183605492e-05, 6.48863278911e-05, 5.78405742999e-05, 4.35979382019e-05, 6.07085385127e-05, 5.35508224857e-05, 3.19373248203e-05, 2.05316919164e-05, 1.13192872959e-05, 4.09652311646e-05, 1.6686741219e-05, 8.78172522789e-06, 8.64966295921e-06, 7.62925583331e-06, 7.88709076005e-06, 5.28690270585e-06, 5.54190819457e-06, 6.7109012889e-06, 8.12381676951e-06, 6.3841462179e-06, 7.98430573923e-06, 1.22498649944e-05, 6.46632497592e-06, 6.00232669967e-06, 1.07207952169e-05, 8.74230318004e-06, 4.33024115409e-06, 3.78256299882e-06, 3.42821681443e-06, 5.20070761922e-06, 5.87536715102e-06, 5.51304310648e-06, 6.32437013337e-06, 5.57940529688e-06, 5.98465976509e-06, 6.36221147943e-06, 5.395108019e-06, 4.78992615172e-06, 4.2367023525e-06, 5.0030193961e-06, 4.6961845328e-06, 3.41016038874e-06, 3.44995896739e-06, 3.0384674119e-06, 3.0673791116e-06, 2.63158653979e-06, 3.99119289796e-06, 4.07792231272e-06, 4.60797946289e-06, 4.85133296024e-06, 5.13278155267e-06, 6.34483876638e-06, 7.26652069716e-06, 6.56955171507e-06, 8.19606520963e-06, 5.383091775e-06, 3.63880144505e-06, 3.94088419853e-06, 2.78875654658e-06, 2.13608655031e-06, 1.88835053905e-06, 1.85943440556e-06, 1.31061995035e-06, 9.82865458354e-07, 6.87404849486e-07, 4.99699865486e-07, 2.77859527387e-07, 1.64855308071e-07, 4.87872995336e-08, 3.60750256334e-08, 2.66977639996e-08, 2.11112674009e-08, 1.65900182481e-08, 1.20572467566e-08, 5.57293589054e-09, 1.53942053549e-10, 3.02899788585e-11, 2.99920019375e-11, 2.97682399564e-11, 2.96312245573e-11]
    },
    "mfcc": {
        "mean": [-665.734130859, 150.246749878, 24.0757598877, 12.5790510178, 8.23330402374, 7.78506851196, -3.31313467026, 3.09114027023, -6.86024427414, 2.37809324265, -4.36116743088, -8.13611698151, -4.81315326691],
        "cov": [[4555.11767578, -1947.63354492, -486.509185791, -393.894226074, -312.92767334, -154.151077271, -118.388168335, -166.603881836, -102.880378723, 92.1375808716, 5.63900518417, 59.302230835, -118.548851013], [-1947.63354492, 1560.22802734, -295.584991455, -4.07954645157, 99.6745223999, 73.1178207397, 83.1941146851, 79.0308074951, -34.8282623291, 31.9965763092, 24.1827907562, -26.3800506592, 35.0730323792], [-486.509185791, -295.584991455, 1048.26159668, 231.200119019, 93.1292724609, -22.7701053619, -24.7673072815, 46.0192871094, 25.0491065979, -98.5222244263, -63.263458252, 5.74208307266, 38.1850280762], [-393.894226074, -4.07954645157, 231.200119019, 430.769592285, 137.93963623, -18.9068126678, -51.2318916321, 61.0230979919, 50.7772598267, -33.0029983521, -68.5850524902, 17.2616062164, 55.5316810608], [-312.92767334, 99.6745223999, 93.1292724609, 137.93963623, 256.711364746, -23.7774600983, -56.4083709717, 59.2288169861, 68.2567825317, 8.71981811523, -49.1227607727, -5.83426237106, 35.4710578918], [-154.151077271, 73.1178207397, -22.7701053619, -18.9068126678, -23.7774600983, 152.097213745, 63.7973060608, 1.00940382481, -0.340388536453, 4.38921928406, 42.6849861145, -20.0332756042, -13.6130189896], [-118.388168335, 83.1941146851, -24.7673072815, -51.2318916321, -56.4083709717, 63.7973060608, 181.628707886, 26.9745197296, -6.34445571899, 18.6783161163, 35.4748687744, -21.5987701416, -16.3150138855], [-166.603881836, 79.0308074951, 46.0192871094, 61.0230979919, 59.2288169861, 1.00940382481, 26.9745197296, 125.703147888, 30.2208900452, 23.295331955, -10.3657941818, -26.7568969727, 16.8479709625], [-102.880378723, -34.8282623291, 25.0491065979, 50.7772598267, 68.2567825317, -0.340388536453, -6.34445571899, 30.2208900452, 146.379272461, 3.06598591805, 6.77044296265, -11.4308300018, 7.45053911209], [92.1375808716, 31.9965763092, -98.5222244263, -33.0029983521, 8.71981811523, 4.38921928406, 18.6783161163, 23.295331955, 3.06598591805, 110.005828857, 14.0796041489, -23.1947746277, -5.91337966919], [5.63900518417, 24.1827907562, -63.263458252, -68.5850524902, -49.1227607727, 42.6849861145, 35.4748687744, -10.3657941818, 6.77044296265, 14.0796041489, 105.403083801, 2.12844061852, -6.8378443718], [59.302230835, -26.3800506592, 5.74208307266, 17.2616062164, -5.83426237106, -20.0332756042, -21.5987701416, -26.7568969727, -11.4308300018, -23.1947746277, 2.12844061852, 99.0465087891, 13.766544342], [-118.548851013, 35.0730323792, 38.1850280762, 55.5316810608, 35.4710578918, -13.6130189896, -16.3150138855, 16.8479709625, 7.45053911209, -5.91337966919, -6.8378443718, 13.766544342, 67.8337173462]],
        "icov": [[0.000910430971999, 0.00124115601648, 0.000625791144557, 0.000432374130469, 0.000153288739966, 0.000342201296007, 0.000225062161917, -0.000298008148093, 0.000632664130535, -0.000542044232134, 0.000213070059544, -0.000385492458008, 0.000342775980243], [0.00124115601648, 0.00249158777297, 0.00114155781921, 0.000600583385676, -0.000332631374476, 0.000205140429898, -3.72995527869e-05, -0.000783224182669, 0.0013461264316, -0.000511659658514, 0.000129242442199, -0.000422872573836, 5.36170664418e-05], [0.000625791144557, 0.00114155781921, 0.00172000192106, -0.000160652547493, -0.000232935475651, 0.000231218960835, -0.00010181136895, -0.000591340009123, 0.0006692687748, 0.000724070763681, 0.000266531889793, -4.78897200082e-05, -1.64981829585e-05], [0.000432374130469, 0.000600583385676, -0.000160652547493, 0.00380872376263, -0.000774116138928, -0.00047267973423, 0.000565349997487, -0.00118069688324, -0.000297846039757, 0.000223294744501, 0.00165946467314, -0.000907913781703, -0.00143957068212], [0.000153288739966, -0.000332631374476, -0.000232935475651, -0.000774116138928, 0.00671772612259, -0.000244092865614, 0.00193022377789, -0.00160316727124, -0.00240939925425, -0.00128021044657, 0.00210504699498, -0.000168680839124, -0.00109514349606], [0.000342201296007, 0.000205140429898, 0.000231218960835, -0.00047267973423, -0.000244092865614, 0.0089372349903, -0.00242754374631, 0.000717591494322, 0.000474936765386, 0.000393286085455, -0.00310744810849, 0.00141081970651, 0.00129042973276], [0.000225062161917, -3.72995527869e-05, -0.00010181136895, 0.000565349997487, 0.00193022377789, -0.00242754374631, 0.00791941955686, -0.00246911286376, -7.37627706258e-05, -0.000829210155644, -0.000552224635612, 0.000131916938699, 0.000881975400262], [-0.000298008148093, -0.000783224182669, -0.000591340009123, -0.00118069688324, -0.00160316727124, 0.000717591494322, -0.00246911286376, 0.0115796327591, -0.00131395948119, -0.00189631024841, 0.000173879219801, 0.00250320183113, -0.00181546481326], [0.000632664130535, 0.0013461264316, 0.0006692687748, -0.000297846039757, -0.00240939925425, 0.000474936765386, -7.37627706258e-05, -0.00131395948119, 0.00909081753343, 0.000240876077441, -0.00214348500594, 0.000641840451863, 0.000616747071035], [-0.000542044232134, -0.000511659658514, 0.000724070763681, 0.000223294744501, -0.00128021044657, 0.000393286085455, -0.000829210155644, -0.00189631024841, 0.000240876077441, 0.0116999931633, -0.00155090109911, 0.00220035109669, 0.000137373601319], [0.000213070059544, 0.000129242442199, 0.000266531889793, 0.00165946467314, 0.00210504699498, -0.00310744810849, -0.000552224635612, 0.000173879219801, -0.00214348500594, -0.00155090109911, 0.013422831893, -0.00169320951682, -0.00130644801538], [-0.000385492458008, -0.000422872573836, -4.78897200082e-05, -0.000907913781703, -0.000168680839124, 0.00141081970651, 0.000131916938699, 0.00250320183113, 0.000641840451863, 0.00220035109669, -0.00169320951682, 0.0123226428404, -0.0024536929559], [0.000342775980243, 5.36170664418e-05, -1.64981829585e-05, -0.00143957068212, -0.00109514349606, 0.00129042973276, 0.000881975400262, -0.00181546481326, 0.000616747071035, 0.000137373601319, -0.00130644801538, -0.0024536929559, 0.018306216225]]
    },
    "spectral_contrast_coeffs": {
        "max": [-0.383978366852, -0.481811821461, -0.466484069824, -0.552673578262, -0.569534242153, -0.665481925011],
        "mean": [-0.642975449562, -0.743418812752, -0.746295452118, -0.766121387482, -0.788230240345, -0.794873058796],
        "min": [-0.850071549416, -0.904802262783, -0.901407361031, -0.915284335613, -0.924717545509, -0.875491142273],
        "stdev": [0.0721486359835, 0.0735014826059, 0.0669449865818, 0.0674218013883, 0.0521451644599, 0.0352927297354]
    },
    "spectral_contrast_valleys": {
        "max": [-4.89010810852, -4.90311098099, -5.59974431992, -6.07312011719, -6.28997278214, -7.29211330414],
        "mean": [-6.34391021729, -6.62054872513, -7.51903486252, -8.05181407928, -8.40437889099, -10.4786024094],
        "min": [-8.46088218689, -8.34828853607, -9.23826122284, -9.62676334381, -10.5075931549, -13.0858402252],
        "stdev": [0.517290890217, 0.597635984421, 0.632600307465, 0.69391554594, 0.862396538258, 1.13689959049]
    }
},
"rhythm": {
    "beats_count": 63,
    "beats_loudness": {
        "max": 0.0875072106719,
        "mean": 0.044879373163,
        "min": 0.0157883502543,
        "stdev": 0.0156784467399
    },
    "bpm": 118.215660095,
    "bpm_histogram_first_peak_bpm": 117,
    "bpm_histogram_first_peak_weight": 0.413793087006,
    "bpm_histogram_second_peak_bpm": 112,
    "bpm_histogram_second_peak_spread": 0,
    "bpm_histogram_second_peak_weight": 0.0322580635548,
    "danceability": 1.02398836613,
    "onset_rate": 3.66064429283,
    "beats_loudness_band_ratio": {
        "max": [0.954626500607, 0.837527751923, 0.363518178463, 0.661399841309, 0.407724916935, 0.0850865244865],
        "mean": [0.529295623302, 0.281680762768, 0.0941193252802, 0.0943842455745, 0.034838501364, 0.0139045696706],
        "min": [0.0188701748848, 0.032615557313, 0.00609219213948, 0.00254124426283, 0.00071971869329, 0.000109589680505],
        "stdev": [0.270636409521, 0.211892262101, 0.0810243263841, 0.147936061025, 0.0612870901823, 0.0158016942441]
    },
    "beats_position": [0.487619042397, 0.99845802784, 1.49768710136, 1.99691605568, 2.49614500999, 2.99537420273, 3.50621318817, 4.02866220474, 4.55111122131, 5.08516979218, 5.61922883987, 6.14167785645, 6.66412687302, 7.17496585846, 7.6858048439, 8.19664382935, 8.70748329163, 9.21832180023, 9.72916126251, 10.2399997711, 10.7508392334, 11.261677742, 11.7609071732, 12.2717456818, 12.7709751129, 13.2818136215, 13.7926530838, 14.3034915924, 14.8143310547, 15.3251695633, 15.8360090256, 16.3468475342, 16.8576869965, 17.3685264587, 17.8677539825, 18.3669834137, 18.8662128448, 19.365442276, 19.8762817383, 20.3871192932, 20.8979587555, 21.4087982178, 21.9196376801, 22.4188652039, 22.918094635, 23.405714035, 23.9165534973, 24.4273910522, 24.9382305145, 25.4490699768, 25.948299408, 26.4475269318, 26.9467563629, 27.4459857941, 27.9568252563, 28.4560546875, 28.9668922424, 29.4661216736, 29.9769611359, 30.476190567, 30.9754180908, 31.4630374908, 31.9738769531],
