{
"metadata": {
    "version": {
        "essentia": "2.1-beta5",
        "essentia_git_sha": "Undefined",
        "extractor": "music 2.0"
    },
    "audio_properties": {
        "analysis": {
            "equal_loudness": 0,
            "length": 32.4963264465,
            "sample_rate": 44100,
            "start_time": 12.7477550507,
            "downmix": "mix"
        },
        "bit_rate": 192000,
        "length": 193.050704956,
        "lossless": 0,
        "number_channels": 2,
        "replay_gain": -6.87002372742,
        "sample_rate": 44100,
        "codec": "mp3",
        "md5_encoded": "f2b4f899c1da34570621e63e4fe7f89e"
    },
    "tags": {
        "file_name": "Turkey_Seninle Bir Dakika_Semiha Yanki.mp3",
        "encoding": ["Lavf58.29.100"]
    }
},
"lowlevel": {
    "average_loudness": 0.954144716263,
    "barkbands_crest": {
        "max": 26.2375545502,
        "mean": 15.5214719772,
        "min": 4.86524820328,
        "stdev": 5.1209821701
    },
    "barkbands_flatness_db": {
        "max": 0.439186990261,
        "mean": 0.305762171745,
        "min": 0.150525406003,
        "stdev": 0.05182268098
    },
    "barkbands_kurtosis": {
        "max": 327.545928955,
        "mean": 16.7494735718,
        "min": -1.66997265816,
        "stdev": 24.4869785309
    },
    "barkbands_skewness": {
        "max": 13.6334495544,
        "mean": 2.35918784142,
        "min": -1.75569677353,
        "stdev": 1.76445662975
    },
    "barkbands_spread": {
        "max": 53.8976554871,
        "mean": 4.86007785797,
        "min": 0.209967210889,
        "stdev": 5.00345277786
    },
    "dissonance": {
        "max": 0.499695032835,
        "mean": 0.377914696932,
        "min": 0.197661459446,
        "stdev": 0.0555833429098
    },
    "dynamic_complexity": 2.49225974083,
    "erbbands_crest": {
        "max": 32.7300796509,
        "mean": 15.0249519348,
        "min": 4.73795366287,
        "stdev": 5.07740688324
    },
    "erbbands_flatness_db": {
        "max": 0.39548060298,
        "mean": 0.289749473333,
        "min": 0.154599040747,
        "stdev": 0.0397759228945
    },
    "erbbands_kurtosis": {
        "max": 56.9014892578,
        "mean": 4.86776590347,
        "min": -1.82400202751,
        "stdev": 7.37316703796
    },
    "erbbands_skewness": {
        "max": 6.45927095413,
        "mean": 1.22935926914,
        "min": -3.34570479393,
        "stdev": 1.30095636845
    },
    "erbbands_spread": {
        "max": 115.360877991,
        "mean": 14.5046949387,
        "min": 2.24741911888,
        "stdev": 10.6670122147
    },
    "hfc": {
        "max": 47.6683769226,
        "mean": 10.1196718216,
        "min": 0.326234906912,
        "stdev": 7.02859687805
    },
    "loudness_ebu128": {
        "integrated": -17.4041976929,
        "loudness_range": 2.43787193298,
        "momentary": {
            "max": -14.2174510956,
            "mean": -17.9027709961,
            "min": -27.9696788788,
            "stdev": 2.25040912628
        },
        "short_term": {
            "max": -15.9204072952,
            "mean": -17.5672054291,
            "min": -20.3167705536,
            "stdev": 0.887395322323
        }
    },
    "melbands_crest": {
        "max": 31.3619060516,
        "mean": 17.9727058411,
        "min": 5.63510322571,
        "stdev": 5.41417980194
    },
    "melbands_flatness_db": {
        "max": 0.512121081352,
        "mean": 0.369250804186,
        "min": 0.141898423433,
        "stdev": 0.0609624534845
    },
    "melbands_kurtosis": {
        "max": 171.794662476,
        "mean": 14.9564905167,
        "min": -1.6253272295,
        "stdev": 17.0809860229
    },
    "melbands_skewness": {
        "max": 10.3908004761,
        "mean": 2.33957147598,
        "min": -1.20653891563,
        "stdev": 1.44781255722
    },
    "melbands_spread": {
        "max": 48.5076751709,
        "mean": 6.86156797409,
        "min": 0.467523217201,
        "stdev": 6.29659080505
    },
    "pitch_salience": {
        "max": 0.818727910519,
        "mean": 0.448034465313,
        "min": 0.110145702958,
        "stdev": 0.122760772705
    },
    "silence_rate_20dB": {
        "max": 1,
        "mean": 1,
        "min": 1,
        "stdev": 0
    },
    "silence_rate_30dB": {
        "max": 1,
        "mean": 1,
        "min": 1,
        "stdev": 0
    },
    "silence_rate_60dB": {
        "max": 1,
        "mean": 0.0292648114264,
        "min": 0,
        "stdev": 0.168551757932
    },
    "spectral_centroid": {
        "max": 2682.91381836,
        "mean": 447.579956055,
        "min": 195.677108765,
        "stdev": 248.807159424
    },
    "spectral_complexity": {
        "max": 18,
        "mean": 8.13633155823,
        "min": 1,
        "stdev": 2.21778917313
    },
    "spectral_decrease": {
        "max": -1.90347446138e-10,
        "mean": -7.30980964647e-09,
        "min": -2.83618977193e-08,
        "stdev": 5.05865083156e-09
    },
    "spectral_energy": {
        "max": 0.109292410314,
        "mean": 0.0285067688674,
        "min": 0.000749003433157,
        "stdev": 0.019593635574
    },
    "spectral_energyband_high": {
        "max": 0.00171563192271,
        "mean": 3.77920659957e-05,
        "min": 1.63690447152e-06,
        "stdev": 0.000136809641845
    },
    "spectral_energyband_low": {
        "max": 0.05777214095,
        "mean": 0.00236461404711,
        "min": 2.30418008869e-05,
        "stdev": 0.00476077292114
    },
    "spectral_energyband_middle_high": {
        "max": 0.0342616662383,
        "mean": 0.00187947100494,
        "min": 1.62565502251e-05,
        "stdev": 0.00298687699251
    },
    "spectral_energyband_middle_low": {
        "max": 0.102325722575,
        "mean": 0.0251919552684,
        "min": 0.0004866909876,
        "stdev": 0.0192941911519
    },
    "spectral_entropy": {
        "max": 8.00423336029,
        "mean": 6.03871965408,
        "min": 4.64649677277,
        "stdev": 0.540302574635
    },
    "spectral_flux": {
        "max": 0.255341380835,
        "mean": 0.0688603445888,
        "min": 0.0096225803718,
        "stdev": 0.0409247986972
    },
    "spectral_kurtosis": {
        "max": 56.8230361938,
        "mean": 20.2945194244,
        "min": -1.14892184734,
        "stdev": 11.2855758667
    },
    "spectral_rms": {
        "max": 0.0103260222822,
        "mean": 0.00494587188587,
        "min": 0.000854830432218,
        "stdev": 0.00183025805745
    },
    "spectral_rolloff": {
        "max": 5426.3671875,
        "mean": 572.221069336,
        "min": 150.732421875,
        "stdev": 407.831420898
    },
    "spectral_skewness": {
        "max": 6.18959760666,
        "mean": 3.4208176136,
        "min": -0.0447276420891,
        "stdev": 1.09325098991
    },
    "spectral_spread": {
        "max": 15476325,
        "mean": 2521487,
        "min": 1424279.375,
        "stdev": 899811.5625
    },
    "spectral_strongpeak": {
        "max": 6.21382474899,
        "mean": 1.35686945915,
        "min": 0.0331769362092,
        "stdev": 0.991360008717
    },
    "zerocrossingrate": {
        "max": 0.11181640625,
        "mean": 0.0217053387314,
        "min": 0.0029296875,
        "stdev": 0.0131312170997
    },
    "barkbands": {
        "max": [0.000165979858139, 0.0162375979125, 0.0379643440247, 0.0460360124707, 0.0896648094058, 0.0853567197919, 0.0192897804081, 0.0153895486146, 0.047686252743, 0.0354360677302, 0.00432525435463, 0.0172649621964, 0.00191035866737, 0.00205284776166, 0.0017010482261, 0.000486224511405, 0.00040955824079, 0.000517760345247, 0.000553955615032, 0.000475549662951, 0.000706861843355, 0.00137333804742, 0.000758190581109, 0.000104062783066, 2.13315452129e-05, 4.65241754455e-07, 4.96732297961e-07],
        "mean": [7.56691269999e-06, 0.000456300447695, 0.00103052903432, 0.0025971182622, 0.0141303576529, 0.0038491061423, 0.00206270627677, 0.000885782181285, 0.00138684350532, 0.000671573972795, 0.000140897129313, 0.000979145057499, 8.76099584275e-05, 7.76635206421e-05, 4.57786482002e-05, 2.05476007977e-05, 1.12904126581e-05, 1.38793666338e-05, 1.06609204522e-05, 1.01911336969e-05, 1.20150189105e-05, 1.23677336887e-05, 4.99726502312e-06, 1.14842896437e-06, 6.99838722085e-07, 1.38477389555e-08, 1.88437665471e-09],
        "min": [2.2223593632e-08, 2.27365626415e-06, 6.11951691099e-07, 3.64569450539e-06, 6.90234592184e-05, 1.9421115212e-05, 9.79127321443e-07, 1.02139540559e-06, 1.50469463733e-06, 1.22238657241e-06, 2.33113468084e-07, 5.26814005752e-07, 3.25920524347e-07, 4.30019156283e-07, 2.37298877437e-07, 3.64987926105e-07, 1.54915781536e-07, 9.22090634958e-08, 1.13494209586e-07, 1.03558619458e-07, 1.74112670948e-07, 1.7204871483e-07, 1.19615588545e-08, 2.61088928255e-07, 2.12593505466e-07, 2.06690879689e-11, 2.3836580279e-11],
        "stdev": [1.10044056782e-05, 0.00105864391662, 0.00264906161465, 0.00466436520219, 0.01596634835, 0.00866173952818, 0.00288074696437, 0.00183690595441, 0.00401923526078, 0.00241729151458, 0.000315410550684, 0.00221426296048, 0.000209500605706, 0.000171277017216, 0.000110827393655, 4.00232420361e-05, 2.88360643026e-05, 2.75476631941e-05, 3.34284413839e-05, 2.6143856303e-05, 4.15011745645e-05, 7.61421470088e-05, 3.54550757038e-05, 4.32129354522e-06, 1.14140812002e-06, 3.48433211173e-08, 1.98315746047e-08]
    },
    "erbbands": {
        "max": [0.176206812263, 5.35181856155, 39.4361076355, 98.6996231079, 320.448150635, 519.282409668, 536.434509277, 818.256347656, 694.779541016, 622.581115723, 429.104949951, 1106.6673584, 1389.72070312, 531.653808594, 218.670196533, 889.827209473, 209.279281616, 111.923736572, 104.64453125, 27.4126243591, 18.2362117767, 17.9457626343, 25.8897724152, 24.8810825348, 38.7194099426, 23.7156219482, 43.66954422, 30.8250408173, 64.5750274658, 24.1056556702, 21.7369213104, 2.4740228653, 1.28846216202, 0.435535550117, 0.0299709495157, 0.00208575208671, 0.000873566081282, 0.000308769172989, 7.96226231614e-05, 0.000121723402117],
        "mean": [0.00673998193815, 0.134953290224, 0.955155611038, 5.18536901474, 27.4093532562, 53.6472396851, 34.5494537354, 35.4003486633, 28.5506439209, 32.4629707336, 18.1247272491, 27.8686790466, 30.4514350891, 14.1567230225, 10.1781778336, 42.4062843323, 9.17520523071, 3.73558950424, 3.36414599419, 1.61272776127, 0.998195409775, 0.684885323048, 0.711538076401, 0.735703110695, 0.43066945672, 0.454981982708, 0.551217317581, 0.446782886982, 0.465592116117, 0.301443845034, 0.119346730411, 0.0260132271796, 0.0212011598051, 0.0107859736308, 0.00342831527814, 0.000311952258926, 2.07605644391e-05, 3.13700547849e-06, 1.3674535694e-05, 3.17430058203e-05],
        "min": [0.000113553040137, 0.000952504691668, 0.00241674622521, 0.0182911995798, 0.0413884706795, 0.136771768332, 0.3790602386, 0.216541230679, 0.126323461533, 0.111596383154, 0.105250053108, 0.0442662164569, 0.0383497290313, 0.0531535558403, 0.0564183741808, 0.0294924713671, 0.0185365621001, 0.0232103317976, 0.015308842063, 0.0110829146579, 0.0159115362912, 0.0115175656974, 0.00578072434291, 0.00632278714329, 0.00726538943127, 0.00661951629445, 0.00624373229221, 0.0071046249941, 0.00572926038876, 0.00484289135784, 0.00310699362308, 0.00417511025444, 0.00380233046599, 0.00351149286143, 0.000495920772664, 2.41895850195e-05, 2.89238846563e-06, 3.72359465928e-07, 4.21187053234e-07, 8.53596191064e-07],
        "stdev": [0.0117629319429, 0.317017316818, 2.20034503937, 8.89975738525, 40.9900283813, 73.2198562622, 57.4894065857, 85.2827224731, 41.1632499695, 65.3249053955, 37.3456039429, 82.9196929932, 109.821563721, 37.7491836548, 17.7053985596, 104.151931763, 20.0606174469, 8.39757823944, 7.83393239975, 2.59793424606, 1.88214325905, 1.53987967968, 1.38994693756, 1.82702124119, 1.53357625008, 1.14001810551, 2.01663613319, 1.68522071838, 3.06018280983, 1.86582267284, 0.890044927597, 0.111104160547, 0.0771651342511, 0.0252267736942, 0.00187013647519, 0.000282357563265, 3.69827503164e-05, 1.23002037071e-05, 9.33478168008e-06, 2.15800646401e-05]
    },
    "gfcc": {
        "mean": [-112.960632324, 175.18296814, -107.786682129, 11.1085653305, -74.2372055054, -4.35055923462, -40.2319412231, -16.8445339203, -24.924079895, -15.3003807068, -4.26271486282, -20.9766559601, 8.213347435],
        "cov": [[1209.83239746, -10.7551832199, -442.555450439, 64.7202148438, -48.227104187, -207.143676758, 196.687515259, -90.2052459717, 3.3853662014, 38.0483551025, 67.9392242432, 15.3195266724, -37.7209663391], [-10.7551832199, 266.71206665, 123.973373413, -143.426834106, 119.106964111, -20.0792255402, -34.8660583496, 5.48507881165, -15.4521036148, -40.9289588928, -10.0687685013, -64.6782913208, 1.19037950039], [-442.555450439, 123.973373413, 666.790283203, 188.531677246, 38.3576545715, 6.26367521286, -125.08430481, -8.6061706543, 21.814332962, -91.8972396851, -111.502891541, -40.9473419189, 22.5008926392], [64.7202148438, -143.426834106, 188.531677246, 520.420959473, -18.7315673828, -38.0059356689, 35.8564910889, 7.34233140945, 74.122505188, -29.6131000519, -73.8741149902, 30.2670650482, 22.2774162292], [-48.227104187, 119.106964111, 38.3576545715, -18.7315673828, 196.138641357, 28.5858459473, -42.6540565491, 13.9684753418, -25.2146034241, -25.5324783325, 5.93354272842, -11.64731884, -14.083533287], [-207.143676758, -20.0792255402, 6.26367521286, -38.0059356689, 28.5858459473, 338.845947266, 85.4020767212, -7.49524784088, -10.8990812302, 11.0535316467, -12.6073255539, 12.3935213089, -39.2861328125], [196.687515259, -34.8660583496, -125.08430481, 35.8564910889, -42.6540565491, 85.4020767212, 198.377105713, 30.9356594086, -18.8762931824, 26.2715206146, 23.0287952423, 25.8764724731, -2.83076810837], [-90.2052459717, 5.48507881165, -8.6061706543, 7.34233140945, 13.9684753418, -7.49524784088, 30.9356594086, 156.956802368, 44.0090446472, -3.84036970139, -21.8724498749, 12.1208772659, 41.3853721619], [3.3853662014, -15.4521036148, 21.814332962, 74.122505188, -25.2146034241, -10.8990812302, -18.8762931824, 44.0090446472, 104.862083435, 10.6817140579, -49.1128616333, -7.34407901764, 35.0683326721], [38.0483551025, -40.9289588928, -91.8972396851, -29.6131000519, -25.5324783325, 11.0535316467, 26.2715206146, -3.84036970139, 10.6817140579, 95.753036499, 31.6124839783, -2.64928245544, -13.2615470886], [67.9392242432, -10.0687685013, -111.502891541, -73.8741149902, 5.93354272842, -12.6073255539, 23.0287952423, -21.8724498749, -49.1128616333, 31.6124839783, 155.628082275, 72.1184692383, -25.7669696808], [15.3195266724, -64.6782913208, -40.9473419189, 30.2670650482, -11.64731884, 12.3935213089, 25.8764724731, 12.1208772659, -7.34407901764, -2.64928245544, 72.1184692383, 138.99041748, 31.7168102264], [-37.7209663391, 1.19037950039, 22.5008926392, 22.2774162292, -14.083533287, -39.2861328125, -2.83076810837, 41.3853721619, 35.0683326721, -13.2615470886, -25.7669696808, 31.7168102264, 105.861206055]],
        "icov": [[0.0029101932887, -0.00122482725419, 0.00173756689765, -0.000306988280499, -0.000732082349714, 0.00303962593898, -0.00426133908331, 0.00340437027626, -0.00288133788854, 0.00090692442609, 0.000936624826863, -0.0012240059441, 0.00199461868033], [-0.00122482725419, 0.0152019774541, -0.00542581360787, 0.00686447694898, -0.00939001422375, 0.00232096761465, -0.00564125319943, 0.00163939874619, -0.00611191941425, 0.00445697270334, -0.00353501713835, 0.00612549716607, -0.00219098804519], [0.00173756689765, -0.00542581360787, 0.0049916706048, -0.00343870045617, 0.00294142449275, -0.00012695309124, 0.00181988929398, 0.000682319747284, 0.00175259588286, 0.000257991807302, 0.00204167282209, -0.00181900395546, 0.000962610007264], [-0.000306988280499, 0.00686447694898, -0.00343870045617, 0.00640774518251, -0.00506633520126, 0.00262808497064, -0.00534190703183, 0.0022830828093, -0.00598193891346, 0.00233562476933, 0.00023087306181, 0.000412337714806, 0.00066864467226], [-0.000732082349714, -0.00939001422375, 0.00294142449275, -0.00506633520126, 0.0131359910592, -0.0045852670446, 0.00867312401533, -0.00498099811375, 0.00817654374987, -0.00210796878673, 0.000486196018755, -0.00190180819482, 0.000226270261919], [0.00303962593898, 0.00232096761465, -0.00012695309124, 0.00262808497064, -0.0045852670446, 0.00854090321809, -0.00939402263612, 0.00540911126882, -0.0063616624102, 0.00148871494457, 0.00246885232627, -0.00230566225946, 0.00431031361222], [-0.00426133908331, -0.00564125319943, 0.00181988929398, -0.00534190703183, 0.00867312401533, -0.00939402263612, 0.0197009351104, -0.00986205693334, 0.0128690032288, -0.00471051875502, -0.000817611347884, 0.00017599115381, -0.00377265014686], [0.00340437027626, 0.00163939874619, 0.000682319747284, 0.0022830828093, -0.00498099811375, 0.00540911126882, -0.00986205693334, 0.0137959662825, -0.0097578400746, 0.00268832873553, 0.00139094912447, -0.00150154693983, 0.000614414282609], [-0.00288133788854, -0.00611191941425, 0.00175259588286, -0.00598193891346, 0.00817654374987, -0.0063616624102, 0.0128690032288, -0.0097578400746, 0.024543652311, -0.00739675713703, 0.00391649082303, -0.000718405121006, -0.00507446937263], [0.00090692442609, 0.00445697270334, 0.000257991807302, 0.00233562476933, -0.00210796878673, 0.00148871494457, -0.00471051875502, 0.00268832873553, -0.00739675713703, 0.0163310524076, -0.00499220378697, 0.00419213110581, 0.000846827286296], [0.000936624826863, -0.00353501713835, 0.00204167282209, 0.00023087306181, 0.000486196018755, 0.00246885232627, -0.000817611347884, 0.00139094912447, 0.00391649082303, -0.00499220378697, 0.0160350985825, -0.0108150625601, 0.00552668329328], [-0.0012240059441, 0.00612549716607, -0.00181900395546, 0.000412337714806, -0.00190180819482, -0.00230566225946, 0.00017599115381, -0.00150154693983, -0.000718405121006, 0.00419213110581, -0.0108150625601, 0.0171138178557, -0.00771881546825], [0.00199461868033, -0.00219098804519, 0.000962610007264, 0.00066864467226, 0.000226270261919, 0.00431031361222, -0.00377265014686, 0.000614414282609, -0.00507446937263, 0.000846827286296, 0.00552668329328, -0.00771881546825, 0.0165699254721]]
    },
    "melbands": {
        "max": [0.00301576079801, 0.0154342968017, 0.0204275604337, 0.0222255159169, 0.018296295777, 0.0184855982661, 0.00980905536562, 0.00638564443216, 0.00422534160316, 0.00708698062226, 0.00687055429444, 0.00225821579807, 0.000743896875065, 0.00191182969138, 0.00171903171577, 0.000160721683642, 0.000247909600148, 0.000173810214619, 7.19758972991e-05, 3.88145781471e-05, 2.79869509541e-05, 1.84925975191e-05, 1.3394821508e-05, 3.39586222253e-05, 2.44150960498e-05, 2.84445686702e-05, 2.17929336941e-05, 1.8283004465e-05, 3.08328053507e-05, 1.34439615067e-05, 1.87405621546e-05, 3.64871993952e-05, 2.73055047728e-05, 1.461703323e-05, 1.81854411494e-05, 1.88975184301e-06, 1.56281259933e-06, 9.81807261269e-07, 9.0766491212e-07, 2.73650073268e-07],
        "mean": [9.13173498702e-05, 0.000418789888499, 0.00149636284914, 0.0030997490976, 0.00150907086208, 0.000753228203394, 0.00044474369497, 0.000321013911162, 0.000143781871884, 0.000187691330211, 0.000149985542521, 5.84002737014e-05, 2.48020369327e-05, 9.24478590605e-05, 7.6109150541e-05, 6.01572355663e-06, 6.47760907668e-06, 5.52485153094e-06, 3.0429682738e-06, 1.40697693496e-06, 1.12845691547e-06, 6.28690600024e-07, 6.69067844683e-07, 6.8613564963e-07, 5.99304769366e-07, 3.55713154931e-07, 2.64223842805e-07, 3.12051895435e-07, 3.9000860852e-07, 2.49960862675e-07, 2.5736835596e-07, 2.66398785698e-07, 2.31688247254e-07, 1.43759194771e-07, 8.12276823581e-08, 2.34498838125e-08, 1.18840848273e-08, 1.49624277412e-08, 1.34386493045e-08, 7.63786456304e-09],
        "min": [8.45276588279e-07, 2.43147587753e-06, 7.95272990217e-06, 7.1931722232e-06, 8.5686078819e-06, 2.50686321124e-06, 1.28000999666e-06, 3.17665154626e-07, 6.92018602422e-07, 2.27044523626e-07, 1.88975178617e-07, 1.08104515562e-07, 9.06618069507e-08, 7.9514627771e-08, 2.27906014061e-08, 2.23360689944e-08, 3.42213084537e-08, 2.13000177496e-08, 1.73467924469e-08, 1.47762664326e-08, 7.73974484503e-09, 9.12655551133e-09, 7.23311588402e-09, 3.61821683725e-09, 4.44881953499e-09, 4.41401715179e-09, 3.80854192628e-09, 3.22353121973e-09, 3.06443093123e-09, 3.25893290132e-09, 3.08700909279e-09, 2.95497204483e-09, 2.11980744069e-09, 1.94997640257e-09, 9.99140839508e-11, 2.07953565479e-09, 2.00807881434e-09, 1.98430494258e-09, 2.38914510398e-09, 2.36354402716e-09],
        "stdev": [0.000193473286345, 0.000917384517379, 0.00222726678476, 0.00376336136833, 0.00222519389354, 0.00179466081318, 0.00061540689785, 0.000643082312308, 0.000343829102349, 0.000566474162042, 0.000543926900718, 0.000167436912307, 5.13713348482e-05, 0.000224228118896, 0.000194176405785, 1.15454877232e-05, 1.6560923541e-05, 1.37189363159e-05, 6.40605094304e-06, 2.98307804769e-06, 2.51866117651e-06, 1.54756583015e-06, 1.40006636684e-06, 1.50384948938e-06, 1.60484171374e-06, 1.25762642256e-06, 9.41669725307e-07, 8.12368227798e-07, 1.48669857936e-06, 8.72905332017e-07, 1.01050488865e-06, 1.74694423549e-06, 1.5500469317e-06, 9.5934365163e-07, 6.79958418459e-07, 1.15569349646e-07, 4.96242549275e-08, 5.59098474184e-08, 4.68374210527e-08, 1.34355131465e-08]
    },
    "melbands128": {
        "max": [0.000119794240163, 0.000793426122982, 0.0040433453396, 0.0103727607056, 0.0206538289785, 0.0170082077384, 0.0251192282885, 0.0336257219315, 0.0437334924936, 0.0400236658752, 0.0413147844374, 0.0294885672629, 0.0247720181942, 0.0322365313768, 0.0265712831169, 0.0405406318605, 0.0203616190702, 0.00551906134933, 0.00657771434635, 0.0116726849228, 0.005116363056, 0.00491276290268, 0.00662031117827, 0.0113143427297, 0.0109789874405, 0.0141753107309, 0.0133152781054, 0.0134622864425, 0.00518774800003, 0.00345311057754, 0.00304176006466, 0.000391291279811, 0.00137496786192, 0.000543461530469, 0.00206487206742, 0.00335437757894, 0.00524724787101, 0.00390936993062, 0.000413279922213, 0.000471043895232, 7.13214685675e-05, 0.000427434046287, 0.000363727478543, 0.000436437752796, 0.000331561430357, 0.000235725499806, 0.000356779404683, 0.000122894460219, 4.74830703752e-05, 9.76499504759e-05, 6.78772194078e-05, 3.38178797392e-05, 4.01353318011e-05, 6.57705968479e-05, 4.62586249341e-05, 3.0856957892e-05, 5.54947182536e-05, 3.42793828167e-05, 1.66835870914e-05, 2.56950715993e-05, 5.39519096492e-05, 3.01311429212e-05, 2.31111134781e-05, 6.11058057984e-05, 3.24724169332e-05, 3.36214652634e-05, 3.56708515028e-05, 3.28648420691e-05, 1.90354676306e-05, 1.43478891914e-05, 2.70671589533e-05, 2.019547901e-05, 4.12846384279e-05, 5.17521766596e-05, 3.13953423756e-05, 1.46936417877e-05, 1.88173726201e-05, 2.99972089124e-05, 2.45827377512e-05, 1.91012186406e-05, 3.06350557366e-05, 6.7297827627e-05, 5.14880739502e-05, 3.12550400849e-05, 2.2774509489e-05, 2.04145544558e-05, 1.84954151337e-05, 2.95239296975e-05, 2.54527731158e-05, 8.26615541882e-06, 1.93954861061e-06, 1.15710088266e-06, 2.4850862701e-06, 1.53991800289e-06, 1.41707425882e-06, 6.16522299879e-07, 1.12572604394e-06, 1.18169714369e-06, 1.39473354466e-06, 6.9622871024e-07, 4.29355424103e-07, 2.01948395784e-07, 1.0304980691e-07, 4.09013338754e-08, 1.28507329222e-08, 1.40631239987e-08, 1.11866009789e-08, 8.0194730856e-09, 6.00830807329e-09, 4.86047690984e-09, 2.95337554412e-09, 2.84460743849e-09, 2.73895794933e-09, 2.64001220884e-09, 2.5523414493e-09, 2.46872766674e-09, 2.38989672496e-09, 2.3213400091e-09, 2.25624385841e-09, 2.20041340704e-09, 2.14618500749e-09, 2.09983497257e-09, 2.05940975384e-09, 2.02138839001e-09, 1.9952004493e-09, 1.97413063674e-09, 1.95197058517e-09, 1.94287252953e-09],
        "mean": [5.76712045586e-06, 3.43062347383e-05, 9.95009686449e-05, 0.000249225791777, 0.000367973261746, 0.000563940324355, 0.000809202028904, 0.00154513597954, 0.00279405200854, 0.00361271738075, 0.00313517614268, 0.00212620082311, 0.0010098653147, 0.000781623239163, 0.000861057953443, 0.00076025276212, 0.000379634671845, 0.000461586780148, 0.000372893176973, 0.000459887407487, 0.000208252866287, 0.000147503291373, 0.000113891466754, 0.000171013423824, 0.000179630209459, 0.000172128871782, 0.000270777964033, 0.000127971215989, 7.8614699305e-05, 8.45507602207e-05, 4.34007451986e-05, 1.90967421076e-05, 3.31655355694e-05, 9.69915436144e-06, 5.25130599272e-05, 0.000117124393, 0.000166045749211, 8.78642240423e-05, 1.39015110108e-05, 6.36592130832e-06, 2.00902240977e-06, 9.1238589448e-06, 8.10843357613e-06, 3.48920161741e-06, 6.15126737102e-06, 5.37897494723e-06, 6.30164049653e-06, 2.7991859497e-06, 1.48388687649e-06, 2.70152395387e-06, 1.02497438093e-06, 6.22978120646e-07, 1.81493385298e-06, 9.31910790314e-07, 4.87651732328e-07, 5.79297875447e-07, 7.99348299552e-07, 7.69846622006e-07, 5.88468253682e-07, 5.15550027558e-07, 7.33109686735e-07, 8.11645406884e-07, 5.84105578127e-07, 5.79024742819e-07, 5.48333389361e-07, 3.25441163795e-07, 2.59585277718e-07, 2.7683722692e-07, 2.68326971309e-07, 2.26861800456e-07, 2.79211917587e-07, 3.71537254296e-07, 4.32105139225e-07, 4.26269281206e-07, 3.05542187107e-07, 2.17000220459e-07, 2.33190334598e-07, 2.84055857946e-07, 2.57267998904e-07, 2.37477848941e-07, 2.55379035252e-07, 2.9082869446e-07, 2.66996181608e-07, 2.37141932757e-07, 1.95193152308e-07, 1.52898110173e-07, 1.26365563347e-07, 1.16941983208e-07, 8.84544348878e-08, 5.14121829553e-08, 2.60907135896e-08, 1.77995183037e-08, 1.24838699378e-08, 1.03523225548e-08, 1.24036070304e-08, 1.40295748352e-08, 1.58575321763e-08, 1.57446962135e-08, 1.45801664075e-08, 1.21125038888e-08, 8.85927331495e-09, 7.1400072521e-09, 5.66057956064e-09, 4.89947149518e-09, 3.97214972025e-09, 3.33058847168e-09, 1.11054987428e-09, 4.73763750453e-10, 1.49783560555e-10, 5.88614088026e-11, 2.15752016947e-11, 1.32043967774e-11, 1.08883509847e-11, 1.0379642458e-11, 1.01057044677e-11, 9.65495738914e-12, 9.13928481505e-12, 8.75576781217e-12, 8.52126442324e-12, 8.32322578914e-12, 8.1351080386e-12, 7.97669395813e-12, 7.81535600125e-12, 7.67702394711e-12, 7.57790011296e-12, 7.49879758982e-12, 7.43918815438e-12, 7.39815587264e-12],
        "min": [6.69437305589e-09, 1.66493435927e-07, 1.67575024079e-07, 3.63760136679e-07, 3.63433599659e-07, 2.94871142614e-07, 6.2482172325e-07, 1.25469637169e-06, 7.24774963601e-07, 1.14094564196e-06, 6.70803046887e-07, 1.01473960967e-06, 2.86782460535e-06, 2.66664596893e-06, 2.11680890061e-06, 1.53051374241e-07, 4.61571971755e-07, 8.85020980945e-08, 1.2756404999e-07, 9.44144744608e-08, 4.82176858441e-08, 3.93724270964e-08, 8.50759889204e-08, 1.32613365622e-07, 1.14951426156e-07, 7.92417296225e-08, 7.42781338658e-08, 5.91480464607e-08, 6.56416574429e-08, 3.34507248567e-08, 4.19551824393e-08, 1.01985229151e-08, 1.14081606384e-08, 2.34440360458e-08, 2.38610375902e-08, 1.9940948448e-08, 7.87157805604e-09, 8.66648619535e-09, 1.25523271777e-08, 6.40928954354e-09, 7.3714367943e-09, 8.54087289781e-09, 7.05596336914e-09, 5.26450927296e-09, 1.15239879861e-08, 1.54580650502e-08, 1.20326992814e-08, 3.78186548744e-09, 7.48127693129e-09, 5.42917710789e-09, 5.29282706552e-09, 4.49140902248e-09, 3.20600945791e-09, 1.92029259161e-09, 3.69482133777e-09, 5.24196774876e-09, 4.27319069018e-09, 3.69543173839e-09, 2.69463318325e-09, 2.2632244967e-09, 2.251896003e-09, 2.684257705e-09, 3.19164339402e-09, 2.18949569586e-09, 2.21937956901e-09, 1.40599820675e-09, 1.68667302347e-09, 2.07034567268e-09, 2.18078355374e-09, 2.52977616633e-09, 1.87828019804e-09, 1.21501342321e-09, 1.65149860454e-09, 2.13600426235e-09, 2.29956453879e-09, 2.27078356119e-09, 1.26901644748e-09, 8.41877456637e-10, 9.53021550565e-10, 9.84915704549e-10, 1.55760604414e-09, 7.52604312204e-10, 1.50687226586e-10, 8.01178290377e-10, 1.08568054547e-09, 9.70185931592e-10, 5.06464141459e-11, 5.94084226258e-11, 8.75634426079e-11, 5.73031413986e-11, 3.50669021598e-10, 1.12610920588e-09, 6.77732481247e-10, 1.42908784806e-09, 1.04369235476e-09, 1.57540680501e-09, 1.13962395076e-09, 1.20830967454e-09, 1.46305545456e-09, 1.36912581272e-09, 1.0366620895e-09, 8.5651064019e-10, 8.94936125206e-10, 1.73113787194e-10, 1.15801264411e-10, 4.61915531866e-12, 7.69044225003e-13, 1.28200293263e-13, 8.62448608081e-14, 8.91333041446e-14, 9.18995104624e-14, 7.49970764202e-14, 8.05014759822e-14, 8.57754758063e-14, 8.04881674006e-14, 9.34980513693e-14, 8.11025644429e-14, 6.22951126447e-14, 7.83795635817e-14, 7.54860244949e-14, 8.44289102606e-14, 7.24617848363e-14, 7.10133178389e-14, 8.37436335012e-14, 7.15572756214e-14, 8.14157091354e-14, 8.19387282634e-14, 7.28595447321e-14],
        "stdev": [8.32632940728e-06, 5.58572428417e-05, 0.000224026443902, 0.000640695274342, 0.00098220387008, 0.00153583334759, 0.00190398551058, 0.0030205543153, 0.00508558144793, 0.00577132590115, 0.00532430317253, 0.00390662718564, 0.00230967719108, 0.00262613175437, 0.00245477398857, 0.00237608840689, 0.000870144634973, 0.000861681299284, 0.000661850790493, 0.00122780655511, 0.000505362928379, 0.000417058967287, 0.000402547739213, 0.000748111808207, 0.000691321620252, 0.00081798969768, 0.00102903705556, 0.000823689624667, 0.000300848536426, 0.000269124546321, 0.00018057799025, 4.13217567257e-05, 9.73423302639e-05, 2.68908879661e-05, 0.000189774204046, 0.000332299474394, 0.000532614125405, 0.00033878168324, 3.96359173465e-05, 2.35940588027e-05, 4.37389917352e-06, 2.50916764344e-05, 2.66831902991e-05, 1.95970205823e-05, 2.10898706428e-05, 1.59273986355e-05, 2.44799975917e-05, 7.96608946985e-06, 2.9264369914e-06, 6.89874786985e-06, 3.89929255107e-06, 1.87019065834e-06, 4.26371752837e-06, 3.29430395141e-06, 2.02708633879e-06, 1.64337257047e-06, 3.42266434927e-06, 2.20596552936e-06, 1.31745252929e-06, 1.39086807849e-06, 2.12896361518e-06, 2.09898939829e-06, 1.49002255512e-06, 2.73275441032e-06, 2.37148424276e-06, 1.37055724281e-06, 1.42955275351e-06, 1.26791189814e-06, 9.21414994082e-07, 6.62916875172e-07, 8.8124619424e-07, 1.11295537408e-06, 1.62238370649e-06, 2.08112965083e-06, 1.48773256115e-06, 8.04289697953e-07, 9.08092488316e-07, 1.37407243983e-06, 1.02916965261e-06, 9.63595425674e-07, 1.56766441251e-06, 2.53611801782e-06, 2.19282492253e-06, 1.59996261573e-06, 1.30575006096e-06, 1.05421349872e-06, 9.10793119147e-07, 1.08160907075e-06, 8.47466992582e-07, 3.6699748307e-07, 1.29089329448e-07, 7.56423972348e-08, 7.27119058297e-08, 4.59041409329e-08, 4.94275376184e-08, 4.70681911224e-08, 6.48297557859e-08, 6.42648103621e-08, 5.87440567301e-08, 3.82173475089e-08, 1.98762197812e-08, 1.08882920458e-08, 5.37262589972e-09, 2.78165446232e-09, 2.09052331002e-09, 1.97866012464e-09, 1.32503219508e-09, 1.19681953237e-09, 4.57246462915e-10, 3.72306546703e-10, 1.58372814862e-10, 1.24360188813e-10, 1.0859837335e-10, 1.04856484606e-10, 1.01523046914e-10, 9.82704612129e-11, 9.52024084566e-11, 9.25354445847e-11, 8.99786009589e-11, 8.78352529599e-11, 8.57374171659e-11, 8.38928440605e-11, 8.22810014567e-11, 8.07939895542e-11, 7.97378066353e-11, 7.88710832755e-11, 7.81023440366e-11, 7.77134329111e-11]
    },
    "mfcc": {
        "mean": [-759.582336426, 197.564285278, 19.6924037933, 15.8212385178, -9.14820289612, -3.23627662659, -5.28373908997, -14.9607419968, -7.3948764801, -11.9697408676, -8.23812389374, -7.09857130051, -10.3563127518],
        "cov": [[1566.83166504, -207.48614502, -502.212371826, 216.46321106, -330.121887207, 7.17896604538, -0.176297426224, -34.1581878662, -54.4543991089, -21.4189319611, 96.0351104736, 29.1572132111, 3.82389259338], [-207.48614502, 537.159423828, -33.3637733459, -199.472427368, 129.886016846, -95.2181472778, 48.3700714111, -57.2497367859, -39.9390335083, 18.2886600494, -24.7025775909, -10.3289041519, -68.0497436523], [-502.212371826, -33.3637733459, 568.47265625, 121.12726593, 121.98551178, 85.7189025879, -65.6772460938, 39.3113822937, 89.4796905518, -25.6366271973, -43.8992195129, -21.2721881866, -22.0216331482], [216.46321106, -199.472427368, 121.12726593, 461.040130615, 47.5751457214, -42.1949768066, -66.2309112549, 11.1817378998, 68.4571151733, -38.7066307068, -2.22114109993, -1.73084652424, -11.8276424408], [-330.121887207, 129.886016846, 121.98551178, 47.5751457214, 267.607849121, -9.19710159302, -42.051197052, 15.6923007965, 20.1994304657, -8.74897098541, -31.7553596497, -14.6178770065, -15.4797935486], [7.17896604538, -95.2181472778, 85.7189025879, -42.1949768066, -9.19710159302, 237.351577759, 53.2339744568, 35.0929641724, 26.4597148895, -4.20985794067, 12.8742704391, 1.20309174061, 48.0231513977], [-0.176297426224, 48.3700714111, -65.6772460938, -66.2309112549, -42.051197052, 53.2339744568, 172.349838257, 48.4407196045, -34.3017883301, -1.55060315132, 9.47790718079, 26.641576767, 45.7153358459], [-34.1581878662, -57.2497367859, 39.3113822937, 11.1817378998, 15.6923007965, 35.0929641724, 48.4407196045, 160.666717529, 47.2159080505, -4.96128749847, -7.94035577774, -30.268743515, 57.6187820435], [-54.4543991089, -39.9390335083, 89.4796905518, 68.4571151733, 20.1994304657, 26.4597148895, -34.3017883301, 47.2159080505, 168.326477051, 69.2702102661, -17.3945064545, -58.4639396667, -28.4863090515], [-21.4189319611, 18.2886600494, -25.6366271973, -38.7066307068, -8.74897098541, -4.20985794067, -1.55060315132, -4.96128749847, 69.2702102661, 157.123855591, 23.5451087952, -57.1798706055, -49.2651672363], [96.0351104736, -24.7025775909, -43.8992195129, -2.22114109993, -31.7553596497, 12.8742704391, 9.47790718079, -7.94035577774, -17.3945064545, 23.5451087952, 83.4419250488, 28.4308986664, -13.3667268753], [29.1572132111, -10.3289041519, -21.2721881866, -1.73084652424, -14.6178770065, 1.20309174061, 26.641576767, -30.268743515, -58.4639396667, -57.1798706055, 28.4308986664, 129.413375854, 50.6290473938], [3.82389259338, -68.0497436523, -22.0216331482, -11.8276424408, -15.4797935486, 48.0231513977, 45.7153358459, 57.6187820435, -28.4863090515, -49.2651672363, -13.3667268753, 50.6290473938, 168.742111206]],
        "icov": [[0.00223061186261, -0.00129221659154, 0.00231334147975, -0.00253148167394, 0.00305203022435, -0.00228791381232, 0.00227941037156, -0.00153442414012, 0.00107862229925, -0.000146320278873, -0.000133043518872, -0.000535534287337, 0.000679827004205], [-0.00129221659154, 0.00497494312003, -0.00160031882115, 0.00364577351138, -0.00445172376931, 0.00374645530246, -0.00435126852244, 0.00320836389437, -0.00173140142579, 0.00116615742445, -0.00032067525899, 0.00125390524045, 0.000337513949489], [0.00231334147975, -0.00160031882115, 0.00500449957326, -0.00318849016912, 0.00260054110549, -0.0038534863852, 0.00351161556318, -0.00252427975647, 0.000589471135754, 6.49556895951e-05, 0.00122210453264, -0.00146485166624, 0.00163244851865], [-0.00253148167394, 0.00364577351138, -0.00318849016912, 0.00682172039524, -0.00508300727233, 0.00477743102238, -0.00392144080251, 0.00333684962243, -0.00369754550047, 0.0024319391232, -0.00147962733172, 0.00142945733387, -0.000773562875111], [0.00305203022435, -0.00445172376931, 0.00260054110549, -0.00508300727233, 0.0103418137878, -0.00465614674613, 0.00601764442399, -0.00461576646194, 0.00292136566713, -0.00143629673403, 0.00179258582648, -0.00194407929666, 0.00113744253758], [-0.00228791381232, 0.00374645530246, -0.0038534863852, 0.00477743102238, -0.00465614674613, 0.00983716268092, -0.00640316028148, 0.00430013611913, -0.00397303327918, 0.00234644045122, -0.00324210827239, 0.00296057900414, -0.00269642774947], [0.00227941037156, -0.00435126852244, 0.00351161556318, -0.00392144080251, 0.00601764442399, -0.00640316028148, 0.013640766032, -0.00754263764247, 0.00488204602152, -0.0033035678789, 0.00243016285822, -0.00434311944991, 0.000986596453004], [-0.00153442414012, 0.00320836389437, -0.00252427975647, 0.00333684962243, -0.00461576646194, 0.00430013611913, -0.00754263764247, 0.0140752149746, -0.00610475894064, 0.00412306794897, -0.00428630039096, 0.00660351989791, -0.0053245020099], [0.00107862229925, -0.00173140142579, 0.000589471135754, -0.00369754550047, 0.00292136566713, -0.00397303327918, 0.00488204602152, -0.00610475894064, 0.0132680032402, -0.00686185341328, 0.0045588449575, -0.00131901167333, 0.00224904902279], [-0.000146320278873, 0.00116615742445, 6.49556895951e-05, 0.0024319391232, -0.00143629673403, 0.00234644045122, -0.0033035678789, 0.00412306794897, -0.00686185341328, 0.0129443285987, -0.00664979871362, 0.00583360716701, -0.000316157646012], [-0.000133043518872, -0.00032067525899, 0.00122210453264, -0.00147962733172, 0.00179258582648, -0.00324210827239, 0.00243016285822, -0.00428630039096, 0.0045588449575, -0.00664979871362, 0.0194465015084, -0.00803574267775, 0.00460145482793], [-0.000535534287337, 0.00125390524045, -0.00146485166624, 0.00142945733387, -0.00194407929666, 0.00296057900414, -0.00434311944991, 0.00660351989791, -0.00131901167333, 0.00583360716701, -0.00803574267775, 0.015849204734, -0.00558371143416], [0.000679827004205, 0.000337513949489, 0.00163244851865, -0.000773562875111, 0.00113744253758, -0.00269642774947, 0.000986596453004, -0.0053245020099, 0.00224904902279, -0.000316157646012, 0.00460145482793, -0.00558371143416, 0.0109554808587]]
    },
    "spectral_contrast_coeffs": {
        "max": [-0.321012407541, -0.378343641758, -0.48833784461, -0.662938117981, -0.666773080826, -0.621975898743],
        "mean": [-0.580934882164, -0.675104439259, -0.691723227501, -0.791515231133, -0.834106445312, -0.801774263382],
        "min": [-0.899513304234, -0.894780635834, -0.906215071678, -0.910178601742, -0.927133023739, -0.939858913422],
        "stdev": [0.10246322304, 0.0823575556278, 0.0708909258246, 0.0438094437122, 0.0327204503119, 0.0490592494607]
    },
    "spectral_contrast_valleys": {
        "max": [-5.11633682251, -5.12487316132, -6.14789676666, -7.12752866745, -7.1050286293, -9.82208824158],
        "mean": [-7.06403303146, -7.08613061905, -8.3117313385, -8.96438694, -9.17032432556, -11.8441581726],
        "min": [-8.94265937805, -8.98118877411, -9.97932052612, -10.5054140091, -10.549328804, -12.4378271103],
        "stdev": [0.630686044693, 0.574023902416, 0.614000618458, 0.535133302212, 0.602654695511, 0.271904736757]
    }
},
"rhythm": {
    "beats_count": 57,
    "beats_loudness": {
        "max": 0.0983497798443,
        "mean": 0.0374443531036,
        "min": 0.00178882782348,
        "stdev": 0.0194755867124
    },
    "bpm": 106.396896362,
    "bpm_histogram_first_peak_bpm": 108,
    "bpm_histogram_first_peak_weight": 0.543478250504,
    "bpm_histogram_second_peak_bpm": 103,
    "bpm_histogram_second_peak_spread": 0,
    "bpm_histogram_second_peak_weight": 0.178571432829,
    "danceability": 1.15505230427,
    "onset_rate": 2.70703101158,
    "beats_loudness_band_ratio": {
        "max": [0.906687736511, 0.964159429073, 0.740928947926, 0.574986815453, 0.0518718399107, 0.0109503567219],
        "mean": [0.279313802719, 0.590445995331, 0.169489607215, 0.0653766170144, 0.00709192408249, 0.00179756339639],
        "min": [0.00829859729856, 0.0735520943999, 0.00969771016389, 0.000397690571845, 0.00023823522497, 9.58357049967e-05],
        "stdev": [0.241263270378, 0.213106572628, 0.152947381139, 0.107706025243, 0.00982780847698, 0.00250832806341]
    },
    "beats_position": [0.53405892849, 1.09133780003, 1.63700675964, 2.18267560005, 2.73995471001, 3.28562355042, 3.83129239082, 4.41179132462, 4.99229001999, 5.56117916107, 6.13006782532, 6.68734693527, 7.25623559952, 7.8251247406, 8.40562343597, 8.98612213135, 9.56662082672, 10.1355104446, 10.7043991089, 11.2500677109, 11.8189563751, 12.387845993, 12.9567346573, 13.5372333527, 14.1061220169, 14.6866207123, 15.2439002991, 15.8127889633, 16.3932876587, 16.9621772766, 17.5310649872, 18.1115646362, 18.6688423157, 19.2377319336, 19.8066215515, 20.363899231, 20.9327888489, 21.4900684357, 22.0589561462, 22.6394557953, 23.2083435059, 23.7656230927, 24.3345127106, 24.89179039, 25.4490699768, 26.0063495636, 26.563627243, 27.1209068298, 27.6781845093, 28.2354640961, 28.7927436829, 29.3500213623, 29.9073009491, 30.4645805359, 31.0218582153, 31.5791378021, 32.1248054504],
