{
"metadata": {
    "version": {
        "essentia": "2.1-beta5",
        "essentia_git_sha": "Undefined",
        "extractor": "music 2.0"
    },
    "audio_properties": {
        "analysis": {
            "equal_loudness": 0,
            "length": 12.7477550507,
            "sample_rate": 44100,
            "start_time": 0,
            "downmix": "mix"
        },
        "bit_rate": 192000,
        "length": 159.869400024,
        "lossless": 0,
        "number_channels": 2,
        "replay_gain": 7.33922767639,
        "sample_rate": 48000,
        "codec": "mp3",
        "md5_encoded": "67817ef2f40c2c25686d7c8c4a7db96f"
    },
    "tags": {
        "file_name": "Belgium_Gelukkig Zijn_Ann Christy.mp3",
        "encoding": ["Lavf58.29.100"]
    }
},
"lowlevel": {
    "average_loudness": 0.882815957069,
    "barkbands_crest": {
        "max": 26.4259548187,
        "mean": 14.1430149078,
        "min": 3.07128286362,
        "stdev": 6.19668769836
    },
    "barkbands_flatness_db": {
        "max": 0.43896895647,
        "mean": 0.25288811326,
        "min": 0.020216556266,
        "stdev": 0.0636678412557
    },
    "barkbands_kurtosis": {
        "max": 188.555374146,
        "mean": 16.733253479,
        "min": -1.77688801289,
        "stdev": 25.2952270508
    },
    "barkbands_skewness": {
        "max": 9.15803146362,
        "mean": 2.48959183693,
        "min": -3.28190302849,
        "stdev": 2.07044458389
    },
    "barkbands_spread": {
        "max": 74.2240142822,
        "mean": 10.2166147232,
        "min": 0.28052097559,
        "stdev": 11.2323932648
    },
    "dissonance": {
        "max": 0.497649073601,
        "mean": 0.416002631187,
        "min": 0.235857576132,
        "stdev": 0.0503076799214
    },
    "dynamic_complexity": 4.80962896347,
    "erbbands_crest": {
        "max": 30.6958312988,
        "mean": 14.5107822418,
        "min": 3.41029477119,
        "stdev": 6.62934684753
    },
    "erbbands_flatness_db": {
        "max": 0.415161430836,
        "mean": 0.265164703131,
        "min": 0.0887730047107,
        "stdev": 0.0514826104045
    },
    "erbbands_kurtosis": {
        "max": 55.5868988037,
        "mean": 5.08387422562,
        "min": -1.86817836761,
        "stdev": 8.58636856079
    },
    "erbbands_skewness": {
        "max": 6.18560600281,
        "mean": 1.37430858612,
        "min": -5.31740856171,
        "stdev": 1.56196224689
    },
    "erbbands_spread": {
        "max": 113.354850769,
        "mean": 24.6581554413,
        "min": 1.82031750679,
        "stdev": 15.6993484497
    },
    "hfc": {
        "max": 123.625648499,
        "mean": 11.1761617661,
        "min": 3.10322575388e-05,
        "stdev": 15.1545295715
    },
    "loudness_ebu128": {
        "integrated": -32.7452507019,
        "loudness_range": 3.88918685913,
        "momentary": {
            "max": -28.2841567993,
            "mean": -34.6120796204,
            "min": -44.1493225098,
            "stdev": 4.36460447311
        },
        "short_term": {
            "max": -31.1777458191,
            "mean": -33.3395309448,
            "min": -35.5656738281,
            "stdev": 1.34142696857
        }
    },
    "melbands_crest": {
        "max": 31.6160697937,
        "mean": 16.8866767883,
        "min": 4.42047262192,
        "stdev": 6.56918478012
    },
    "melbands_flatness_db": {
        "max": 0.514107763767,
        "mean": 0.306854814291,
        "min": 0.0506227985024,
        "stdev": 0.076292745769
    },
    "melbands_kurtosis": {
        "max": 170.865234375,
        "mean": 23.5314846039,
        "min": -1.89969325066,
        "stdev": 28.8292789459
    },
    "melbands_skewness": {
        "max": 10.724521637,
        "mean": 2.89244484901,
        "min": -0.986086606979,
        "stdev": 1.96445679665
    },
    "melbands_spread": {
        "max": 215.890350342,
        "mean": 15.7652292252,
        "min": 0.579026699066,
        "stdev": 31.3350219727
    },
    "pitch_salience": {
        "max": 0.802099585533,
        "mean": 0.479544222355,
        "min": 0.0972549915314,
        "stdev": 0.153145179152
    },
    "silence_rate_20dB": {
        "max": 1,
        "mean": 1,
        "min": 1,
        "stdev": 0
    },
    "silence_rate_30dB": {
        "max": 1,
        "mean": 1,
        "min": 1,
        "stdev": 0
    },
    "silence_rate_60dB": {
        "max": 1,
        "mean": 0.201818183064,
        "min": 0,
        "stdev": 0.401357501745
    },
    "spectral_centroid": {
        "max": 5486.54003906,
        "mean": 810.368408203,
        "min": 258.013244629,
        "stdev": 787.80090332
    },
    "spectral_complexity": {
        "max": 23,
        "mean": 8.26000022888,
        "min": 0,
        "stdev": 3.33842921257
    },
    "spectral_decrease": {
        "max": -1.5298406056e-15,
        "mean": -4.91365659272e-09,
        "min": -2.41186945971e-08,
        "stdev": 4.71040140226e-09
    },
    "spectral_energy": {
        "max": 0.09371098876,
        "mean": 0.0195589885116,
        "min": 8.5886853185e-09,
        "stdev": 0.0184617992491
    },
    "spectral_energyband_high": {
        "max": 0.0189015418291,
        "mean": 0.000448794016847,
        "min": 2.25744667404e-09,
        "stdev": 0.00206037145108
    },
    "spectral_energyband_low": {
        "max": 0.0151965236291,
        "mean": 0.00151468464173,
        "min": 3.16032783276e-10,
        "stdev": 0.00187946448568
    },
    "spectral_energyband_middle_high": {
        "max": 0.0239811353385,
        "mean": 0.00147101248149,
        "min": 4.00503452624e-09,
        "stdev": 0.00261696241796
    },
    "spectral_energyband_middle_low": {
        "max": 0.08851377666,
        "mean": 0.0167147107422,
        "min": 2.14145101651e-09,
        "stdev": 0.0176827348769
    },
    "spectral_entropy": {
        "max": 8.46074295044,
        "mean": 6.626953125,
        "min": 4.68447446823,
        "stdev": 0.644241929054
    },
    "spectral_flux": {
        "max": 0.233265191317,
        "mean": 0.0523610413074,
        "min": 9.26751599764e-05,
        "stdev": 0.0385940335691
    },
    "spectral_kurtosis": {
        "max": 58.2167510986,
        "mean": 7.99955892563,
        "min": -1.35860359669,
        "stdev": 7.95332527161
    },
    "spectral_rms": {
        "max": 0.00956166069955,
        "mean": 0.00383860035799,
        "min": 2.89468562187e-06,
        "stdev": 0.00208496837877
    },
    "spectral_rolloff": {
        "max": 7967.28515625,
        "mean": 961.789672852,
        "min": 150.732421875,
        "stdev": 1386.79309082
    },
    "spectral_skewness": {
        "max": 6.27708005905,
        "mean": 1.89804446697,
        "min": -0.948808372021,
        "stdev": 0.979451596737
    },
    "spectral_spread": {
        "max": 16511117,
        "mean": 3109347,
        "min": 1433179.875,
        "stdev": 1080086.875
    },
    "spectral_strongpeak": {
        "max": 9.51721763611,
        "mean": 1.30267715454,
        "min": 0.000383215548936,
        "stdev": 1.29590582848
    },
    "zerocrossingrate": {
        "max": 0.28271484375,
        "mean": 0.0384570322931,
        "min": 0.00439453125,
        "stdev": 0.0432040393353
    },
    "barkbands": {
        "max": [0.000241674133576, 0.00532968249172, 0.00689955987036, 0.010735059157, 0.0355146154761, 0.0874309390783, 0.0141057204455, 0.00970719847828, 0.0497594512999, 0.0154610201716, 0.0108582368121, 0.00876071117818, 0.0020849017892, 0.00380780664273, 0.0024930969812, 0.000882956315763, 0.000371422822354, 0.000521690351889, 0.000852304452565, 0.00173534709029, 0.00220865942538, 0.00800700578839, 0.00966246239841, 0.00142495019827, 3.25796293055e-07, 3.1646547427e-07, 3.29846670866e-07],
        "mean": [2.77685467154e-06, 0.000395569746615, 0.000566410890315, 0.000950717483647, 0.00221109087579, 0.00970604550093, 0.000625766813755, 0.000280844746158, 0.00278645614162, 0.000489709782414, 0.000436890957644, 0.000126874088892, 8.20888672024e-05, 0.000157005706569, 0.000125664417283, 4.40632429672e-05, 3.39216603606e-05, 2.502154166e-05, 4.77424146084e-05, 3.65374689864e-05, 8.03660223028e-05, 0.000150951178512, 0.00017638146528, 2.00951435545e-05, 2.497004159e-09, 2.93365487458e-09, 3.07127900889e-09],
        "min": [1.47477030588e-11, 1.59988383652e-10, 4.77895917284e-11, 8.77066058669e-11, 3.54641732647e-10, 2.57807192261e-10, 2.4544116739e-10, 6.88902962453e-11, 8.41579472777e-10, 6.55692833362e-10, 1.51847034946e-10, 4.12378658998e-10, 6.43415043466e-10, 6.09289840803e-10, 9.76779990225e-10, 6.84227535741e-11, 1.29256882975e-10, 1.39556852186e-10, 2.52097676068e-10, 1.6381518364e-10, 2.06751324394e-10, 2.06414510484e-10, 4.10082273694e-10, 2.88934182135e-10, 3.54227036592e-10, 3.92803511939e-10, 3.46516926264e-10],
        "stdev": [1.0758809367e-05, 0.000603764376137, 0.000889439601451, 0.00152690475807, 0.00487511372194, 0.0152605008334, 0.00126590661239, 0.000715837581083, 0.00699771661311, 0.00143931037746, 0.00127674778923, 0.000487324781716, 0.000175019755261, 0.000451900268672, 0.000316167541314, 7.96505628387e-05, 4.55485969724e-05, 5.5503405747e-05, 9.33119808906e-05, 0.000100827288406, 0.000253157806583, 0.000813338148873, 0.000952558475547, 0.000120193195471, 1.38459075316e-08, 1.34277486907e-08, 1.39979841052e-08]
    },
    "erbbands": {
        "max": [0.0763456821442, 1.44013166428, 6.62262105942, 27.0930404663, 111.753311157, 157.650726318, 563.777770996, 755.208435059, 245.72618103, 96.5880050659, 380.923400879, 1553.21533203, 765.876342773, 458.746002197, 303.655059814, 441.090881348, 95.3444519043, 238.210571289, 169.52935791, 108.300537109, 60.3185272217, 26.2518367767, 24.8328208923, 33.575378418, 50.5562438965, 77.0875015259, 70.5266876221, 148.806564331, 241.177322388, 412.388671875, 220.74041748, 76.2130813599, 4.048848629, 0.138607189059, 0.0124259227887, 0.00225232355297, 0.000617246259935, 0.000211639126064, 9.33046394493e-05, 0.000103770064015],
        "mean": [0.00606310041621, 0.110482752323, 0.506347179413, 2.35152840614, 4.24282455444, 8.46438312531, 44.1943702698, 83.6767578125, 19.5950374603, 3.99496006966, 15.8794670105, 70.7242431641, 26.9809684753, 18.8894920349, 11.4356784821, 5.48458528519, 4.28502178192, 8.38420677185, 7.30038642883, 3.66085124016, 2.44629597664, 2.38133692741, 1.34019982815, 2.05683994293, 2.35586166382, 1.61992204189, 2.46836495399, 3.70697832108, 4.92646837234, 6.66096496582, 4.44291448593, 1.2010409832, 0.0630658864975, 0.00242428155616, 0.000268747739028, 6.6470085585e-05, 2.38989996433e-05, 7.52512460167e-06, 1.15240918603e-05, 2.29657762247e-05],
        "min": [8.49360759503e-09, 2.23845599834e-08, 3.93863679449e-08, 2.08069565133e-07, 5.79955042213e-07, 1.37685879054e-06, 1.53663154379e-06, 2.39838277594e-06, 4.35932361142e-06, 2.24715904551e-06, 2.87712464342e-06, 2.12659742829e-05, 2.1286379706e-05, 1.3336027223e-05, 1.00195602499e-05, 2.05962733162e-05, 2.88903665933e-05, 3.5118584492e-05, 3.75531526515e-05, 3.58830075129e-05, 5.15617011843e-06, 7.85622069088e-06, 6.77211255606e-06, 1.51374033521e-05, 1.18581165225e-05, 6.39845575279e-06, 8.2936930994e-06, 7.75943772169e-06, 7.04694457454e-06, 6.69443761581e-06, 1.15536613521e-05, 1.04044047475e-05, 3.09898541673e-06, 2.78659740616e-06, 3.12794259116e-06, 1.75213210696e-06, 5.72064379867e-07, 2.56464716131e-07, 6.18818702947e-08, 4.39674074926e-09],
        "stdev": [0.00799936056137, 0.169163674116, 0.756515204906, 3.16140365601, 10.9003753662, 20.55859375, 80.0139770508, 144.137649536, 33.2088661194, 8.20591259003, 35.5026435852, 202.97644043, 78.3243331909, 54.9749488831, 33.1064567566, 23.0558452606, 9.21074199677, 26.1856746674, 18.9329090118, 9.2047624588, 4.43258857727, 3.10032987595, 2.30948734283, 3.8803524971, 4.76521635056, 4.43388605118, 7.12739133835, 14.1645755768, 25.4408588409, 37.9490776062, 23.2870006561, 6.70618963242, 0.353252083063, 0.0131264552474, 0.00129446270876, 0.000249370292295, 6.9621950388e-05, 2.32942202274e-05, 1.24233638417e-05, 2.11750739254e-05]
    },
    "gfcc": {
        "mean": [-121.017524719, 166.844116211, -146.202880859, 39.5690383911, -73.787651062, -16.6777477264, -17.7562179565, -32.8935890198, 8.26146316528, -24.4920196533, -0.821748733521, -5.07508277893, -4.21281719208],
        "cov": [[4022.43579102, -95.0768203735, -307.543304443, 276.31060791, -715.514648438, 126.79914093, 308.883453369, -293.511688232, -2.66893768311, -173.299911499, 90.9738845825, -168.587234497, 244.856246948], [-95.0768203735, 1081.63830566, 46.923210144, -311.531616211, 451.137451172, -225.574005127, 93.3759765625, -9.48117446899, -20.4119434357, -21.6983413696, -26.9926147461, -53.6002006531, -31.3189716339], [-307.543304443, 46.923210144, 474.385620117, 77.3032608032, 43.2665863037, -12.8717489243, -106.422035217, -14.6135606766, 4.01165866852, -51.3354492188, -31.3591976166, 18.2606048584, -32.6453514099], [276.31060791, -311.531616211, 77.3032608032, 474.075012207, -31.010345459, 156.356307983, -50.6691856384, 10.4741888046, 47.7920570374, -38.7652816772, -48.1888122559, -17.2266941071, -49.6459007263], [-715.514648438, 451.137451172, 43.2665863037, -31.010345459, 507.519592285, -43.1522598267, -24.3728866577, 92.1138839722, 14.963561058, 32.4968185425, -62.674949646, -18.9602432251, -97.5441894531], [126.79914093, -225.574005127, -12.8717489243, 156.356307983, -43.1522598267, 258.353393555, 78.4453201294, -5.57139778137, -1.82022750378, -0.865552008152, -64.895324707, -47.5858383179, -48.1413612366], [308.883453369, 93.3759765625, -106.422035217, -50.6691856384, -24.3728866577, 78.4453201294, 212.711639404, -4.88034200668, -52.4894065857, 8.26009845734, -43.0158615112, -48.9492683411, 4.83665275574], [-293.511688232, -9.48117446899, -14.6135606766, 10.4741888046, 92.1138839722, -5.57139778137, -4.88034200668, 128.365066528, 45.014251709, 18.2995700836, -8.23159980774, 13.7816867828, -22.7029418945], [-2.66893768311, -20.4119434357, 4.01165866852, 47.7920570374, 14.963561058, -1.82022750378, -52.4894065857, 45.014251709, 98.462677002, 24.7337017059, 4.81986904144, 12.252374649, -0.76825684309], [-173.299911499, -21.6983413696, -51.3354492188, -38.7652816772, 32.4968185425, -0.865552008152, 8.26009845734, 18.2995700836, 24.7337017059, 81.7836227417, 20.0080184937, 10.9575471878, -1.5071066618], [90.9738845825, -26.9926147461, -31.3591976166, -48.1888122559, -62.674949646, -64.895324707, -43.0158615112, -8.23159980774, 4.81986904144, 20.0080184937, 108.277633667, 48.8567657471, 41.0121841431], [-168.587234497, -53.6002006531, 18.2606048584, -17.2266941071, -18.9602432251, -47.5858383179, -48.9492683411, 13.7816867828, 12.252374649, 10.9575471878, 48.8567657471, 103.669250488, 28.8015365601], [244.856246948, -31.3189716339, -32.6453514099, -49.6459007263, -97.5441894531, -48.1413612366, 4.83665275574, -22.7029418945, -0.76825684309, -1.5071066618, 41.0121841431, 28.8015365601, 95.5041275024]],
        "icov": [[0.00106121040881, -0.000197753368411, 0.000382917933166, -0.000970428576693, 0.000566402450204, 0.000209334073588, -0.002146784449, 0.00196484476328, -0.00244081392884, 0.00251733069308, -0.00208311295137, 0.00174338847864, -0.00151048321277], [-0.000197753368411, 0.00650335242972, -0.00127507757861, 0.00274540833198, -0.00706005143002, 0.00506120081991, -0.00750849256292, 0.00620136735961, -0.00735877593979, 0.00688326731324, -0.00325571699068, 0.00155952840578, 0.00180297298357], [0.000382917933166, -0.00127507757861, 0.00310273235664, -0.000921366037801, 0.00138727808371, -0.000842396810185, 0.00208199350163, -4.60191004095e-05, 0.00078312610276, 0.000777579145506, 0.00111770012882, -0.000512194877956, -0.000249286327744], [-0.000970428576693, 0.00274540833198, -0.000921366037801, 0.00528233032674, -0.00310089439154, -0.000382976664696, -2.12545037357e-05, 0.000775514694396, -0.00236969254911, 0.00237843464129, 0.00073378829984, -0.00103042228147, 0.00265865074471], [0.000566402450204, -0.00706005143002, 0.00138727808371, -0.00310089439154, 0.0110742244869, -0.00410178862512, 0.00783658679575, -0.00779379392043, 0.00793328601867, -0.00818869099021, 0.00476639950648, -0.0010059926426, 0.000279607716948], [0.000209334073588, 0.00506120081991, -0.000842396810185, -0.000382976664696, -0.00410178862512, 0.0114840427414, -0.00932373479009, 0.00608244305477, -0.00696304580197, 0.00456482404843, -0.00104366871528, 0.0020754726138, 0.0039918133989], [-0.002146784449, -0.00750849256292, 0.00208199350163, -2.12545037357e-05, 0.00783658679575, -0.00932373479009, 0.0233040768653, -0.0141357863322, 0.0197153016925, -0.0160991884768, 0.0119727244601, -0.00351395644248, -0.00167124613654], [0.00196484476328, 0.00620136735961, -4.60191004095e-05, 0.000775514694396, -0.00779379392043, 0.00608244305477, -0.0141357863322, 0.0220849066973, -0.0185478515923, 0.0129687609151, -0.00764165306464, 0.00242237420753, 0.00106156023685], [-0.00244081392884, -0.00735877593979, 0.00078312610276, -0.00236969254911, 0.00793328601867, -0.00696304580197, 0.0197153016925, -0.0185478515923, 0.032614171505, -0.0208383351564, 0.0113705005497, -0.00489599490538, -0.00140704587102], [0.00251733069308, 0.00688326731324, 0.000777579145506, 0.00237843464129, -0.00818869099021, 0.00456482404843, -0.0160991884768, 0.0129687609151, -0.0208383351564, 0.0320284664631, -0.0136034339666, 0.00469814613461, -9.62972408161e-05], [-0.00208311295137, -0.00325571699068, 0.00111770012882, 0.00073378829984, 0.00476639950648, -0.00104366871528, 0.0119727244601, -0.00764165306464, 0.0113705005497, -0.0136034339666, 0.023325510323, -0.00883883424103, -0.000518455693964], [0.00174338847864, 0.00155952840578, -0.000512194877956, -0.00103042228147, -0.0010059926426, 0.0020754726138, -0.00351395644248, 0.00242237420753, -0.00489599490538, 0.00469814613461, -0.00883883424103, 0.0177468229085, -0.00541811389849], [-0.00151048321277, 0.00180297298357, -0.000249286327744, 0.00265865074471, 0.000279607716948, 0.0039918133989, -0.00167124613654, 0.00106156023685, -0.00140704587102, -9.62972408161e-05, -0.000518455693964, -0.00541811389849, 0.020709970966]]
    },
    "melbands": {
        "max": [0.00115064973943, 0.00259235873818, 0.00514859473333, 0.00856538955122, 0.0151430740952, 0.0166677199304, 0.00335214845836, 0.00091677630553, 0.00480622565374, 0.00996544864029, 0.00367888738401, 0.00179252249654, 0.000911184877623, 0.000819220673293, 0.000658782955725, 0.000277250132058, 0.000422816490754, 0.000328132213326, 0.000192136751139, 7.42973934393e-05, 8.36359176901e-05, 3.45596308762e-05, 1.82449748536e-05, 1.89071088244e-05, 3.37771634804e-05, 4.83825206175e-05, 1.51552139869e-05, 6.98186413501e-05, 5.46816409042e-05, 5.5378783145e-05, 0.000111152621685, 0.000113453883387, 0.000223135895794, 0.000225669253268, 0.000131892185891, 9.47011430981e-05, 2.7634201615e-05, 1.41937937315e-06, 4.11008427292e-09, 2.98529467813e-09],
        "mean": [8.49014904816e-05, 0.000252511672443, 0.000438621354988, 0.000437896844232, 0.00129239598755, 0.00181749288458, 0.000248366588494, 3.12548290822e-05, 0.000169051199919, 0.000457236019429, 0.000116556977446, 7.41564654163e-05, 4.37541420979e-05, 1.66482186614e-05, 1.30708085635e-05, 9.13323492568e-06, 1.61029074661e-05, 1.12975576485e-05, 8.29490363685e-06, 2.9736615943e-06, 2.50421726378e-06, 2.54858287008e-06, 1.32257162022e-06, 1.06774473352e-06, 1.69225370428e-06, 2.06896811505e-06, 1.25003862195e-06, 1.04225603081e-06, 1.2965795122e-06, 2.01448119697e-06, 2.19741946239e-06, 2.46214676736e-06, 3.51076278093e-06, 3.86173496736e-06, 2.76301443591e-06, 1.61998343629e-06, 3.76487093945e-07, 2.17314912732e-08, 8.36445773755e-11, 2.25481421728e-11],
        "min": [6.49003142894e-11, 2.41893345632e-11, 4.45759575085e-11, 7.1053551931e-11, 5.76672182229e-11, 5.50172130076e-11, 6.23316051551e-11, 2.21873214246e-11, 3.52671433723e-11, 1.37683600632e-10, 1.03186341416e-10, 5.53903450884e-11, 2.56519406411e-11, 3.68036955078e-11, 9.50419257184e-11, 3.86692865229e-11, 6.98829119572e-11, 5.17967439773e-11, 6.41131800427e-11, 2.11318757631e-11, 3.87692959333e-12, 9.57467004986e-12, 4.37462999853e-12, 7.00348199573e-12, 1.3591284348e-11, 5.98525699488e-12, 8.68026050344e-12, 3.20739940683e-12, 5.00077410037e-12, 5.40192456738e-12, 4.1741753283e-12, 4.49250532608e-12, 3.33416085539e-12, 3.76136491745e-12, 5.02292651916e-12, 1.1029843705e-11, 4.54754853565e-12, 2.19980349041e-12, 1.94063016525e-12, 2.13119387589e-12],
        "stdev": [0.000122851197375, 0.000341819482855, 0.000674500945024, 0.00106409098953, 0.00220964592882, 0.00298658106476, 0.000459741597297, 8.1772057456e-05, 0.000410448148614, 0.00130913255271, 0.000370379799278, 0.000213617895497, 0.00012202803191, 4.74696025776e-05, 4.46336416644e-05, 2.29000925174e-05, 5.38449821761e-05, 3.34800097335e-05, 2.13911625906e-05, 6.15812814431e-06, 5.45269267604e-06, 3.85958310289e-06, 1.74082333615e-06, 2.11353699342e-06, 3.38378140441e-06, 4.56958059658e-06, 2.30119098887e-06, 3.70069597011e-06, 4.28447947343e-06, 5.91291745877e-06, 9.85763290373e-06, 1.2254910871e-05, 2.03954114113e-05, 2.19609883061e-05, 1.42958951983e-05, 8.97001154954e-06, 2.19346929953e-06, 1.23981919842e-07, 3.54552470716e-10, 1.2691081519e-10]
    },
    "melbands128": {
        "max": [0.000131289314595, 0.000220649322728, 0.0017560434062, 0.00274242344312, 0.00343766389415, 0.00391473993659, 0.00708985747769, 0.00771284615621, 0.0137151256204, 0.0135541344061, 0.012601358816, 0.0168777480721, 0.019321270287, 0.0359161794186, 0.0277133770287, 0.0219494123012, 0.00616858992726, 0.005278931465, 0.00203926302493, 0.00103687425144, 0.00118688831571, 0.00291209970601, 0.00418464466929, 0.0122943287715, 0.0155973788351, 0.0124859083444, 0.0102227292955, 0.00577204674482, 0.00265027722344, 0.00240499200299, 0.00382985710166, 0.00235559279099, 0.00124757143203, 0.00179540249519, 0.000164882061654, 0.000974250491709, 0.00242442567833, 0.000857121078297, 0.00011182246817, 0.000422688317485, 0.000421685632318, 0.00101061328314, 0.000970199529547, 0.000257698266068, 0.000351611204678, 0.000735680165235, 0.000193579689949, 0.000337789650075, 0.000460256967926, 0.000111001521873, 0.000167193837115, 7.15601854608e-05, 0.000184714939678, 5.00843962072e-05, 1.69479135366e-05, 8.0621750385e-05, 3.24548054778e-05, 8.59713600221e-06, 3.5845230741e-05, 4.63360011054e-05, 6.9051079663e-06, 4.29846804764e-05, 4.56263696833e-05, 5.08829252794e-05, 3.23827625834e-05, 6.64646358928e-05, 8.14592131064e-05, 3.44804939232e-05, 2.55003269558e-05, 1.54389872478e-05, 3.81081481464e-05, 0.000149149345816, 8.99355800357e-05, 4.78479487356e-05, 5.92998185311e-05, 6.23765226919e-05, 7.02441029716e-05, 7.8255419794e-05, 0.000147392493091, 0.00017018194194, 0.000109282511403, 0.000123723453726, 0.000239685236011, 0.000249533739407, 0.000305088673485, 0.000328963797074, 0.000272502133157, 0.000222890303121, 0.000133851863211, 0.000179066119017, 0.000167694146512, 9.99546755338e-05, 5.88271068409e-05, 2.71745284408e-05, 9.2917089205e-06, 2.31703484133e-06, 2.6759227012e-07, 8.07654743085e-09, 3.49902107288e-09, 3.32416405513e-09, 3.14947645741e-09, 2.90627921729e-09, 2.79329848141e-09, 2.78066103476e-09, 2.63339261508e-09, 2.46125031467e-09, 2.40451036859e-09, 2.28310792494e-09, 2.09730188772e-09, 2.02621164291e-09, 2.01150562873e-09, 1.8861263662e-09, 1.79140058343e-09, 1.80578163533e-09, 1.80470860478e-09, 1.76804137997e-09, 1.61380420138e-09, 1.56742274715e-09, 1.5168317713e-09, 1.42488454369e-09, 1.43829714805e-09, 1.36727407174e-09, 1.32367339312e-09, 1.34020616827e-09, 1.3386427522e-09, 1.30954147526e-09, 1.2969970653e-09, 1.28731247884e-09],
        "mean": [2.37875087805e-06, 2.37898293562e-05, 0.000119601842016, 0.000200864727958, 0.000189655591385, 0.000327423389535, 0.000508265511598, 0.000432021886809, 0.000390753062675, 0.000487779820105, 0.000421159260441, 0.000425365607953, 0.00132325314917, 0.00265939999372, 0.0024427913595, 0.00107398501132, 0.00031430402305, 0.000161141113495, 5.26726435055e-05, 2.30866080528e-05, 2.81489428744e-05, 3.00990923279e-05, 0.000174594155396, 0.000303666485706, 0.00056825869251, 0.000520660716575, 0.000159527582582, 7.35059584258e-05, 8.98811922525e-05, 4.76955392514e-05, 0.000104048769572, 5.90687996009e-05, 3.04246023006e-05, 4.52189451607e-05, 1.34401871037e-05, 1.00829893199e-05, 1.36729477163e-05, 2.04693114938e-05, 5.49592505195e-06, 7.60799184718e-06, 9.93717185338e-06, 8.9008208306e-06, 2.72750312433e-05, 1.00096913229e-05, 8.41775818117e-06, 1.63997792697e-05, 7.53360973249e-06, 1.3088319065e-05, 5.7782890508e-06, 1.27807720673e-06, 3.2554628433e-06, 3.60117974196e-06, 3.86258079743e-06, 1.25482699787e-06, 7.65515949297e-07, 3.94366315959e-06, 3.05556022795e-06, 6.10865981798e-07, 1.2074103779e-06, 1.57112083343e-06, 4.30477768987e-07, 1.17293416224e-06, 2.09131280826e-06, 1.30432169954e-06, 1.93776827473e-06, 2.90544699055e-06, 1.35598622819e-06, 1.60180400144e-06, 1.3181606846e-06, 6.27284634902e-07, 9.61114892561e-07, 1.35404218327e-06, 1.11231713618e-06, 1.16399019134e-06, 1.67218377101e-06, 1.89134766515e-06, 2.41978023041e-06, 1.91328422261e-06, 2.30251907851e-06, 2.23691017709e-06, 2.15783666135e-06, 2.41876318796e-06, 3.48310186382e-06, 3.47910417986e-06, 3.7565337152e-06, 3.96464065489e-06, 4.04990259995e-06, 3.35865274792e-06, 2.53647885984e-06, 2.59839134742e-06, 2.02277146855e-06, 1.41595273817e-06, 7.75229693772e-07, 3.53001325948e-07, 1.28377479314e-07, 2.72672515678e-08, 3.37131567107e-09, 1.58837581976e-10, 2.44082341144e-11, 2.32356165558e-11, 2.31608048712e-11, 2.22502259672e-11, 2.20832518938e-11, 2.13181469005e-11, 2.07584678613e-11, 1.99833656567e-11, 1.9723760819e-11, 1.94417398847e-11, 1.89278159118e-11, 1.86850292183e-11, 1.86236252114e-11, 1.81399392035e-11, 1.75039011063e-11, 1.6978531428e-11, 1.71446641606e-11, 1.71088525291e-11, 1.92389350978e-11, 1.65035901611e-11, 1.52789083468e-11, 1.5250871746e-11, 1.48793026511e-11, 1.48286313784e-11, 1.27606883393e-11, 9.8902466078e-12, 8.49299623684e-12, 6.17265179942e-12, 4.96732559599e-12, 4.77209157607e-12],
        "min": [1.46422301367e-11, 8.37519428809e-11, 6.71586328216e-11, 2.56852976388e-11, 1.15695075048e-11, 2.90151964955e-11, 4.15115164465e-11, 4.41367047077e-11, 5.53208902299e-11, 7.44726502688e-11, 8.16134104742e-11, 7.16242620769e-11, 5.26613266882e-11, 3.76549069703e-11, 4.5525170439e-11, 6.93864687928e-11, 7.96721230656e-11, 7.13843012479e-11, 2.87591218201e-11, 2.01437685976e-11, 2.51571853627e-11, 5.1655567844e-12, 1.00151466981e-11, 8.92792367813e-11, 1.73775688284e-10, 1.45136153096e-10, 9.42959529904e-11, 1.30139746202e-10, 7.04707681098e-11, 7.48872144851e-11, 5.22288427784e-11, 8.45056056381e-12, 1.87901309096e-11, 4.32670531347e-11, 3.83209609878e-11, 2.80189760282e-11, 3.9455640144e-11, 1.22328008834e-10, 1.25625093661e-10, 3.62296234679e-11, 2.15482874599e-11, 2.08978737093e-11, 1.07589812059e-10, 7.66697053067e-11, 1.40566759621e-11, 5.60237030378e-11, 9.42979444529e-11, 2.44043708852e-11, 1.07053338416e-10, 3.21285810456e-11, 6.49686294346e-12, 5.12481550252e-12, 2.51565239993e-12, 1.55819790664e-12, 1.00946013701e-11, 1.4101549789e-11, 6.01067069381e-12, 2.42987856398e-12, 2.89931186698e-12, 9.36220372061e-12, 3.18471876475e-12, 5.0891599962e-12, 2.74086708191e-11, 1.09998876327e-11, 1.32789764427e-12, 2.01326932556e-12, 1.42987245308e-11, 9.54548072529e-12, 8.75095829134e-12, 3.94521307984e-12, 8.67790594158e-13, 5.72666393472e-12, 2.82406801937e-12, 6.93657241022e-12, 4.16632310249e-12, 5.65601905589e-12, 5.65980118675e-12, 4.10698515127e-12, 3.15590522465e-12, 5.88074294122e-12, 4.77042797625e-12, 4.64097163477e-12, 1.7467447844e-12, 3.20107178611e-12, 5.21549079965e-12, 1.96922382914e-12, 4.56701126569e-12, 4.6372012133e-12, 3.48479470107e-12, 4.00894508562e-12, 1.5869527914e-11, 1.19960040165e-11, 6.06233292733e-12, 5.20641385907e-12, 2.5227042677e-12, 3.06535526129e-12, 2.01816926886e-12, 1.22373671526e-12, 1.09720349126e-12, 2.0800128113e-12, 3.4292560111e-12, 1.2532921749e-12, 1.12720423273e-12, 3.50588416805e-12, 3.30884646939e-12, 2.81462938893e-12, 3.72193421916e-12, 3.78572303714e-12, 3.1274533744e-12, 2.13266275299e-12, 1.31340142755e-12, 1.64418218623e-12, 1.54177235215e-12, 1.40491708978e-12, 2.90124239737e-12, 2.56859681094e-12, 1.27947034478e-12, 1.6699275426e-12, 1.56957628318e-12, 1.8741419007e-12, 2.41040304036e-12, 1.89708014922e-12, 1.51076980787e-12, 1.41022642782e-12, 1.08953395351e-12, 2.09133749272e-13, 4.58836188987e-14, 7.79246171035e-16],
        "stdev": [6.38787423668e-06, 3.12962401949e-05, 0.000177425143193, 0.000331306597218, 0.000361759593943, 0.000525176408701, 0.000730753294192, 0.000926949840505, 0.00130192784127, 0.00152891606558, 0.00140032626223, 0.00139337638393, 0.00288485758938, 0.00547771668062, 0.00483419792727, 0.0027888789773, 0.000692714878824, 0.00037319510011, 0.000195537984837, 8.15701132524e-05, 9.31124741328e-05, 0.000135460679303, 0.000482635077788, 0.000965136685409, 0.00196710298769, 0.0016960419016, 0.000794707913883, 0.000458866852568, 0.000217007414903, 0.000157465168741, 0.000436843198258, 0.000237454849412, 0.000136465358082, 0.000177818117663, 2.18554832827e-05, 4.5696971938e-05, 0.000125307167764, 5.64491965633e-05, 1.18645639304e-05, 2.9900291338e-05, 2.6277404686e-05, 4.72246465506e-05, 0.000111895962618, 3.30897601089e-05, 2.3476928618e-05, 7.25677746232e-05, 2.21558493649e-05, 3.87818508898e-05, 3.07233058265e-05, 6.14574128122e-06, 9.5763907666e-06, 8.0441341197e-06, 1.18084553833e-05, 3.14733233608e-06, 1.63047684509e-06, 7.93073741079e-06, 4.27634586231e-06, 1.00136799119e-06, 3.10311224894e-06, 3.50147934114e-06, 8.38260234559e-07, 3.84154964195e-06, 4.76525519844e-06, 3.85044540963e-06, 4.12630606661e-06, 7.99981989985e-06, 5.81494350627e-06, 4.23643359682e-06, 2.70594273388e-06, 1.60849936037e-06, 3.11762141791e-06, 7.04779358784e-06, 5.24133611179e-06, 4.05426771977e-06, 5.59567115488e-06, 6.15507860857e-06, 7.45254556023e-06, 7.39664210414e-06, 1.19877522593e-05, 1.24616681205e-05, 1.06622564999e-05, 1.20426175272e-05, 2.01683724299e-05, 2.08743349503e-05, 2.37387630477e-05, 2.4828077585e-05, 2.29171218962e-05, 1.88526410057e-05, 1.26414097394e-05, 1.4168569578e-05, 1.17143217722e-05, 8.28400789032e-06, 4.56945872429e-06, 2.07476546166e-06, 7.58028477321e-07, 1.59430044278e-07, 1.89962552355e-08, 7.21143478266e-10, 1.5133165554e-10, 1.41431602541e-10, 1.33954070058e-10, 1.2359223367e-10, 1.18770479562e-10, 1.18217116651e-10, 1.11946445169e-10, 1.04627938258e-10, 1.02170751026e-10, 9.69737484757e-11, 8.91064652619e-11, 8.61019103238e-11, 8.54136969486e-11, 8.00878807716e-11, 7.60768670283e-11, 7.66870941749e-11, 7.6625802925e-11, 7.50328549293e-11, 6.84921563909e-11, 6.65631577634e-11, 6.44661476978e-11, 6.05901648298e-11, 6.11844810927e-11, 5.81364713315e-11, 5.62100678503e-11, 5.69790013782e-11, 5.69671670947e-11, 5.58165666464e-11, 5.5329778953e-11, 5.49242110126e-11]
    },
    "mfcc": {
        "mean": [-752.583007812, 176.165603638, -13.8496160507, 45.1366844177, -31.9787254333, 21.8752212524, -33.9095687866, 14.1403360367, -22.117401123, 9.0256319046, -15.337146759, -2.83987784386, -10.9489994049],
        "cov": [[4017.49365234, -372.906158447, -140.026977539, 264.656585693, -882.257995605, 497.706573486, -129.256958008, 212.214370728, -288.685180664, 267.100891113, -361.672607422, -40.1916618347, -267.081298828], [-372.906158447, 1291.00085449, -166.341201782, -117.454185486, 276.320495605, -223.90637207, 226.040222168, -160.44354248, 107.971130371, -120.532958984, 141.511062622, -137.416717529, 2.9999396801], [-140.026977539, -166.341201782, 432.0987854, 71.2799682617, -8.26704788208, 63.300945282, -99.408493042, 62.2425727844, -44.780544281, -28.9474716187, -48.9657974243, 23.6793403625, -44.5571060181], [264.656585693, -117.454185486, 71.2799682617, 216.439559937, 73.7520828247, 51.5925636292, -50.357006073, 49.5143852234, 2.54521393776, 18.0378990173, -10.8689231873, 36.3318367004, -12.6963205338], [-882.257995605, 276.320495605, -8.26704788208, 73.7520828247, 510.704925537, -106.968437195, 8.44443702698, -25.0089817047, 109.268966675, -47.0915412903, 145.500091553, 28.5359516144, 38.3074684143], [497.706573486, -223.90637207, 63.300945282, 51.5925636292, -106.968437195, 277.167175293, 29.1149139404, 64.5708084106, -0.212398394942, 47.8887519836, -25.0522499084, 12.180439949, -45.9789237976], [-129.256958008, 226.040222168, -99.408493042, -50.357006073, 8.44443702698, 29.1149139404, 208.729232788, -14.4326648712, 55.192527771, -4.6220407486, 35.8643569946, -40.2077941895, 10.6089248657], [212.214370728, -160.44354248, 62.2425727844, 49.5143852234, -25.0089817047, 64.5708084106, -14.4326648712, 121.494377136, 10.5632591248, 22.5943565369, -19.7460651398, 26.7463550568, -10.1878767014], [-288.685180664, 107.971130371, -44.780544281, 2.54521393776, 109.268966675, -0.212398394942, 55.192527771, 10.5632591248, 148.88848877, 12.3290433884, 63.2105751038, 12.1734790802, 17.0482120514], [267.100891113, -120.532958984, -28.9474716187, 18.0378990173, -47.0915412903, 47.8887519836, -4.6220407486, 22.5943565369, 12.3290433884, 122.163948059, -9.55997467041, -0.720737814903, -25.5847148895], [-361.672607422, 141.511062622, -48.9657974243, -10.8689231873, 145.500091553, -25.0522499084, 35.8643569946, -19.7460651398, 63.2105751038, -9.55997467041, 135.476028442, 12.3277578354, -1.41574501991], [-40.1916618347, -137.416717529, 23.6793403625, 36.3318367004, 28.5359516144, 12.180439949, -40.2077941895, 26.7463550568, 12.1734790802, -0.720737814903, 12.3277578354, 85.7362976074, 26.2056484222], [-267.081298828, 2.9999396801, -44.5571060181, -12.6963205338, 38.3074684143, -45.9789237976, 10.6089248657, -10.1878767014, 17.0482120514, -25.5847148895, -1.41574501991, 26.2056484222, 163.505264282]],
        "icov": [[0.00643819523975, -0.00698187155649, 0.00770917814225, -0.00875553768128, 0.008943233639, -0.00947000272572, 0.00850485265255, -0.00940200593323, 0.0081620272249, -0.00782845262438, 0.00774790439755, -0.00516438251361, 0.00498848548159], [-0.00698187155649, 0.00941901467741, -0.00838567316532, 0.00942635349929, -0.0101585788652, 0.0112349810079, -0.0106244795024, 0.0112256584689, -0.00948458537459, 0.00963177904487, -0.00896345730871, 0.00769569864497, -0.0050174696371], [0.00770917814225, -0.00838567316532, 0.0124525092542, -0.0106936125085, 0.0103161558509, -0.0120955659077, 0.011488490738, -0.0124462144449, 0.0100626926869, -0.00798510853201, 0.0101878400892, -0.00620410265401, 0.00675429264084], [-0.00875553768128, 0.00942635349929, -0.0106936125085, 0.018512474373, -0.0140428952873, 0.0116104744375, -0.0106040546671, 0.0113056832924, -0.0106973852962, 0.00982440821826, -0.00879148207605, 0.00542744388804, -0.00629730010405], [0.008943233639, -0.0101585788652, 0.0103161558509, -0.0140428952873, 0.0165139175951, -0.0121225081384, 0.0123508255929, -0.0128857884556, 0.00985184963793, -0.0102404206991, 0.00738328369334, -0.00740852300078, 0.00625520991161], [-0.00947000272572, 0.0112349810079, -0.0120955659077, 0.0116104744375, -0.0121225081384, 0.0198257863522, -0.0149647062644, 0.0129222990945, -0.0124651268125, 0.0108641078696, -0.0121056409553, 0.00765752093866, -0.00621070247144], [0.00850485265255, -0.0106244795024, 0.011488490738, -0.0106040546671, 0.0123508255929, -0.0149647062644, 0.019747203216, -0.0135123813525, 0.00892927218229, -0.0099494419992, 0.00948555581272, -0.00462796771899, 0.00550562515855], [-0.00940200593323, 0.0112256584689, -0.0124462144449, 0.0113056832924, -0.0128857884556, 0.0129222990945, -0.0135123813525, 0.0257671102881, -0.0139301428571, 0.0109188128263, -0.0101964240894, 0.00592956272885, -0.00682026008144], [0.0081620272249, -0.00948458537459, 0.0100626926869, -0.0106973852962, 0.00985184963793, -0.0124651268125, 0.00892927218229, -0.0139301428571, 0.0209895242006, -0.0120823634788, 0.00737287150696, -0.00841672439128, 0.00549089349806], [-0.00782845262438, 0.00963177904487, -0.00798510853201, 0.00982440821826, -0.0102404206991, 0.0108641078696, -0.0099494419992, 0.0109188128263, -0.0120823634788, 0.0204293765128, -0.00954482890666, 0.00825185701251, -0.00454594800249], [0.00774790439755, -0.00896345730871, 0.0101878400892, -0.00879148207605, 0.00738328369334, -0.0121056409553, 0.00948555581272, -0.0101964240894, 0.00737287150696, -0.00954482890666, 0.0231055561453, -0.0098389480263, 0.00804397556931], [-0.00516438251361, 0.00769569864497, -0.00620410265401, 0.00542744388804, -0.00740852300078, 0.00765752093866, -0.00462796771899, 0.00592956272885, -0.00841672439128, 0.00825185701251, -0.0098389480263, 0.0231405775994, -0.00691270083189], [0.00498848548159, -0.0050174696371, 0.00675429264084, -0.00629730010405, 0.00625520991161, -0.00621070247144, 0.00550562515855, -0.00682026008144, 0.00549089349806, -0.00454594800249, 0.00804397556931, -0.00691270083189, 0.0116077633575]]
    },
    "spectral_contrast_coeffs": {
        "max": [-0.318223059177, -0.389795571566, -0.482373416424, -0.640109360218, -0.66662633419, -0.404619932175],
        "mean": [-0.644569814205, -0.671623408794, -0.709591686726, -0.764798104763, -0.779960095882, -0.610492229462],
        "min": [-0.882087409496, -0.916730582714, -0.93114477396, -0.897737443447, -0.919875860214, -0.92420476675],
        "stdev": [0.0994851961732, 0.114231705666, 0.0761194080114, 0.0455567352474, 0.03980499506, 0.0706931874156]
    },
    "spectral_contrast_valleys": {
        "max": [-5.90179538727, -5.2714266777, -6.16801929474, -7.19556617737, -7.09795331955, -10.5020999908],
        "mean": [-7.37730407715, -7.39680242538, -8.50777339935, -8.893201828, -9.02977848053, -13.6805963516],
        "min": [-14.4143896103, -13.5276870728, -13.3531742096, -13.7930364609, -14.1186323166, -15.6461362839],
        "stdev": [0.758044481277, 0.601362943649, 0.692593157291, 0.619691193104, 0.737479925156, 0.718374371529]
    }
},
"rhythm": {
    "beats_count": 24,
    "beats_loudness": {
        "max": 0.0638816207647,
        "mean": 0.0258135125041,
        "min": 0.00133354682475,
        "stdev": 0.0159119553864
    },
    "bpm": 114.97203064,
    "bpm_histogram_first_peak_bpm": 115,
    "bpm_histogram_first_peak_weight": 0.304347813129,
    "bpm_histogram_second_peak_bpm": 0,
    "bpm_histogram_second_peak_spread": 0,
    "bpm_histogram_second_peak_weight": 0,
    "danceability": 0.973397493362,
    "onset_rate": 3.60519504547,
    "beats_loudness_band_ratio": {
        "max": [0.939753592014, 0.947368323803, 0.61397600174, 0.375238478184, 0.124465510249, 0.0675526931882],
        "mean": [0.204287827015, 0.510698378086, 0.218204453588, 0.0573500357568, 0.0284141171724, 0.0139015661553],
        "min": [0.00517620053142, 0.0292589087039, 0.0169045627117, 0.00312737980857, 0.00176811951678, 0.0007314227405],
        "stdev": [0.264588773251, 0.264737784863, 0.185259997845, 0.0798068121076, 0.0306519772857, 0.017752001062]
    },
    "beats_position": [0.557278871536, 1.07972788811, 1.59056687355, 2.11301589012, 2.63546490669, 3.15791368484, 3.68036270142, 4.20281171799, 4.71365070343, 5.23609972, 5.75854873657, 6.29260778427, 6.81505680084, 7.33750534058, 7.85995435715, 8.39401340485, 8.91646194458, 9.43891143799, 9.96135997772, 10.4838094711, 10.9946479797, 11.505487442, 12.0279359818, 12.5619955063],
