{
"metadata": {
    "version": {
        "essentia": "2.1-beta5",
        "essentia_git_sha": "Undefined",
        "extractor": "music 2.0"
    },
    "audio_properties": {
        "analysis": {
            "equal_loudness": 0,
            "length": 29.0017242432,
            "sample_rate": 44100,
            "start_time": 32.4963264465,
            "downmix": "mix"
        },
        "bit_rate": 192000,
        "length": 250.05569458,
        "lossless": 0,
        "number_channels": 1,
        "replay_gain": 5.23992347717,
        "sample_rate": 44100,
        "codec": "mp3",
        "md5_encoded": "736b431ef751269da9304cfde9018a11"
    },
    "tags": {
        "file_name": "France_Et Bonjour à Toi L_artiste_Nicole Rieu.mp3",
        "encoding": ["Lavf58.29.100"]
    }
},
"lowlevel": {
    "average_loudness": 0.46127396822,
    "barkbands_crest": {
        "max": 24.41847229,
        "mean": 6.67095470428,
        "min": 2.40909409523,
        "stdev": 3.40034008026
    },
    "barkbands_flatness_db": {
        "max": 0.345427513123,
        "mean": 0.108163021505,
        "min": 0.0399301573634,
        "stdev": 0.0338816009462
    },
    "barkbands_kurtosis": {
        "max": 73.5823822021,
        "mean": 2.30643796921,
        "min": -1.84396350384,
        "stdev": 4.25590372086
    },
    "barkbands_skewness": {
        "max": 7.01431846619,
        "mean": 0.657945275307,
        "min": -1.64708352089,
        "stdev": 1.13381397724
    },
    "barkbands_spread": {
        "max": 93.5276412964,
        "mean": 20.4230175018,
        "min": 1.76309537888,
        "stdev": 12.9619493484
    },
    "dissonance": {
        "max": 0.499999940395,
        "mean": 0.482132166624,
        "min": 0.283111184835,
        "stdev": 0.0222794581205
    },
    "dynamic_complexity": 10.1040506363,
    "erbbands_crest": {
        "max": 24.7879753113,
        "mean": 7.16314697266,
        "min": 2.33955812454,
        "stdev": 2.97497844696
    },
    "erbbands_flatness_db": {
        "max": 0.3936830163,
        "mean": 0.181582435966,
        "min": 0.0823665782809,
        "stdev": 0.0492903515697
    },
    "erbbands_kurtosis": {
        "max": 11.1661119461,
        "mean": 0.770403683186,
        "min": -1.54538691044,
        "stdev": 1.4966006279
    },
    "erbbands_skewness": {
        "max": 3.05893540382,
        "mean": 0.438876956701,
        "min": -1.89469385147,
        "stdev": 0.577858090401
    },
    "erbbands_spread": {
        "max": 113.810585022,
        "mean": 32.0012931824,
        "min": 7.04235601425,
        "stdev": 23.0018825531
    },
    "hfc": {
        "max": 469.547790527,
        "mean": 24.3799743652,
        "min": 0.0297974515706,
        "stdev": 32.7370948792
    },
    "loudness_ebu128": {
        "integrated": -31.3425159454,
        "loudness_range": 19.6448097229,
        "momentary": {
            "max": -27.7840690613,
            "mean": -40.8798103333,
            "min": -59.9290390015,
            "stdev": 11.0722379684
        },
        "short_term": {
            "max": -29.4224185944,
            "mean": -39.3239402771,
            "min": -57.9061737061,
            "stdev": 10.2306118011
        }
    },
    "melbands_crest": {
        "max": 28.1221885681,
        "mean": 7.92733049393,
        "min": 2.91217064857,
        "stdev": 4.42114496231
    },
    "melbands_flatness_db": {
        "max": 0.339019566774,
        "mean": 0.117214687169,
        "min": 0.0345433875918,
        "stdev": 0.0572034083307
    },
    "melbands_kurtosis": {
        "max": 85.9317092896,
        "mean": 7.02628040314,
        "min": -1.5135833025,
        "stdev": 10.6642818451
    },
    "melbands_skewness": {
        "max": 7.38017845154,
        "mean": 1.36821675301,
        "min": -0.925764083862,
        "stdev": 1.64946806431
    },
    "melbands_spread": {
        "max": 137.584350586,
        "mean": 30.1197929382,
        "min": 1.78322541714,
        "stdev": 15.5650138855
    },
    "pitch_salience": {
        "max": 0.91988581419,
        "mean": 0.743777632713,
        "min": 0.21195229888,
        "stdev": 0.0961014553905
    },
    "silence_rate_20dB": {
        "max": 1,
        "mean": 1,
        "min": 1,
        "stdev": 0
    },
    "silence_rate_30dB": {
        "max": 1,
        "mean": 0.996800005436,
        "min": 0,
        "stdev": 0.0564780682325
    },
    "silence_rate_60dB": {
        "max": 1,
        "mean": 0.448799997568,
        "min": 0,
        "stdev": 0.497368693352
    },
    "spectral_centroid": {
        "max": 3645.54858398,
        "mean": 1810.5168457,
        "min": 287.876281738,
        "stdev": 659.21496582
    },
    "spectral_complexity": {
        "max": 54,
        "mean": 20.7439994812,
        "min": 0,
        "stdev": 18.8080310822
    },
    "spectral_decrease": {
        "max": -5.20150806108e-12,
        "mean": -2.83027068448e-09,
        "min": -9.05283528141e-08,
        "stdev": 4.27334301278e-09
    },
    "spectral_energy": {
        "max": 0.38426426053,
        "mean": 0.0128934308887,
        "min": 2.30427558563e-05,
        "stdev": 0.0189071241766
    },
    "spectral_energyband_high": {
        "max": 0.033312279731,
        "mean": 0.000872582255397,
        "min": 6.75464491451e-07,
        "stdev": 0.00158221914899
    },
    "spectral_energyband_low": {
        "max": 0.00213343277574,
        "mean": 0.000132987217512,
        "min": 1.62943308624e-06,
        "stdev": 0.000140262767673
    },
    "spectral_energyband_middle_high": {
        "max": 0.218963608146,
        "mean": 0.0100363232195,
        "min": 1.852288392e-06,
        "stdev": 0.013281292282
    },
    "spectral_energyband_middle_low": {
        "max": 0.164062991738,
        "mean": 0.00196284428239,
        "min": 1.04078590084e-05,
        "stdev": 0.00703867943957
    },
    "spectral_entropy": {
        "max": 8.51194572449,
        "mean": 7.92339134216,
        "min": 5.78929615021,
        "stdev": 0.330904126167
    },
    "spectral_flux": {
        "max": 0.536585509777,
        "mean": 0.0624803341925,
        "min": 0.00299867917784,
        "stdev": 0.0534966103733
    },
    "spectral_kurtosis": {
        "max": 19.7039928436,
        "mean": 3.25858592987,
        "min": -1.07379233837,
        "stdev": 2.24005723
    },
    "spectral_rms": {
        "max": 0.0193621274084,
        "mean": 0.0027138791047,
        "min": 0.000149935774971,
        "stdev": 0.00228337803856
    },
    "spectral_rolloff": {
        "max": 8742.48046875,
        "mean": 2234.35498047,
        "min": 258.3984375,
        "stdev": 1322.08642578
    },
    "spectral_skewness": {
        "max": 3.57246518135,
        "mean": 1.44111859798,
        "min": 0.0643277987838,
        "stdev": 0.394906103611
    },
    "spectral_spread": {
        "max": 16345783,
        "mean": 4558718,
        "min": 2113264.25,
        "stdev": 1524593.875
    },
    "spectral_strongpeak": {
        "max": 19.089679718,
        "mean": 0.782795190811,
        "min": 0,
        "stdev": 1.01973950863
    },
    "zerocrossingrate": {
        "max": 0.26318359375,
        "mean": 0.0916960909963,
        "min": 0.01318359375,
        "stdev": 0.0286861360073
    },
    "barkbands": {
        "max": [0.000837006955408, 0.000502769020386, 0.000586087524425, 0.0020351964049, 0.00642261840403, 0.0265121385455, 0.0400493182242, 0.163264855742, 0.0326338000596, 0.00900251511484, 0.00701056607068, 0.0119349109009, 0.00938602350652, 0.204893454909, 0.0224656760693, 0.0154036954045, 0.0128598324955, 0.0318056084216, 0.00584687571973, 0.00445715198293, 0.019931236282, 0.00254383077845, 0.00325860944577, 0.00460160337389, 0.00138968683314, 9.11847309908e-05, 4.99874381887e-08],
        "mean": [3.05732646666e-05, 5.94028642809e-05, 3.55706361006e-05, 3.88570733776e-05, 0.000148472521687, 0.000207219098229, 0.000227790122153, 0.000604122818913, 0.000543675210793, 0.000692482164595, 0.000761446019169, 0.00109509134199, 0.00109519343823, 0.00152570463251, 0.00148824276403, 0.00146616110578, 0.00104221189395, 0.000577453000005, 0.000290886498988, 0.000204361625947, 0.000221048947424, 0.000195061715203, 0.000173915133928, 0.000125479433336, 4.07426305173e-05, 2.26523047786e-06, 2.00479122192e-09],
        "min": [6.01916738674e-08, 1.03440960686e-07, 1.0777827697e-07, 1.53098454803e-07, 1.45702404097e-06, 4.86533110688e-07, 3.23515479295e-07, 9.68028359694e-08, 7.95619641281e-08, 7.76533539693e-08, 4.24200763405e-08, 3.98372996813e-08, 6.67737438675e-08, 6.08727290796e-08, 4.5973351348e-08, 6.61355699094e-08, 7.53371907081e-08, 5.67834561593e-08, 5.11505682255e-08, 7.22002582165e-08, 6.06704517736e-08, 6.70226469879e-08, 7.8168568507e-08, 1.03377274741e-07, 3.31108260809e-08, 7.91094245667e-10, 1.20030885231e-09],
        "stdev": [5.02283473907e-05, 6.6983353463e-05, 4.83652984258e-05, 8.62756787683e-05, 0.000378811324481, 0.00103655690327, 0.0012336258078, 0.00580591754988, 0.00123343151063, 0.000995115493424, 0.00106689613312, 0.00156471156515, 0.0014411091106, 0.0064956410788, 0.00212213397026, 0.00207279599272, 0.00155957660172, 0.00127466302365, 0.000498755543958, 0.000309244089294, 0.000704996520653, 0.000284649140667, 0.000272054225206, 0.000273862038739, 8.29869459267e-05, 6.97358291291e-06, 1.82313553143e-09]
    },
    "erbbands": {
        "max": [0.0241459775716, 0.111438937485, 0.407568246126, 5.08541154861, 12.600730896, 18.632270813, 188.735183716, 254.834030151, 523.72845459, 936.288391113, 3300.87231445, 658.747558594, 188.538223267, 248.554290771, 390.847961426, 500.345367432, 371.847412109, 2332.68457031, 10393.9980469, 805.985595703, 852.814208984, 639.41192627, 916.702514648, 1333.01843262, 266.10836792, 166.436859131, 690.442016602, 676.567749023, 103.496192932, 113.398727417, 91.8005447388, 132.436782837, 44.2229194641, 25.5890693665, 5.52793455124, 0.858349502087, 0.129148155451, 0.00382046611048, 0.000320288469084, 0.000474647327792],
        "mean": [0.0021427096799, 0.0120376935229, 0.0361151993275, 0.0963663011789, 0.233112737536, 0.53426784277, 1.25926947594, 1.75988125801, 2.79720973969, 6.09043264389, 14.5435800552, 11.7893667221, 18.6406593323, 26.0728874207, 34.7839012146, 45.7240638733, 50.0164108276, 64.7150344849, 84.4970855713, 82.2019958496, 77.4897537231, 58.6730308533, 34.9371070862, 20.565946579, 12.3458137512, 9.62401771545, 9.2919511795, 8.48476791382, 6.97385311127, 6.21104097366, 4.74318599701, 3.29828095436, 1.64549589157, 0.663518965244, 0.184406876564, 0.0272534266114, 0.00155969208572, 6.22161460342e-05, 1.60278232215e-05, 1.92049592442e-05],
        "min": [1.57287504408e-05, 6.97661671438e-05, 0.000139466690598, 0.00143854517955, 0.00193906878121, 0.00469371210784, 0.00408142060041, 0.00406887708232, 0.00375761277974, 0.00393953826278, 0.00424543162808, 0.00329477642663, 0.00481316586956, 0.00369329378009, 0.00258781854063, 0.00242481660098, 0.00371555215679, 0.00276368134655, 0.00376740121283, 0.00512963952497, 0.00435161218047, 0.0057780565694, 0.0033080575522, 0.00363737111911, 0.00268433266319, 0.00356268603355, 0.00287388730794, 0.00264164386317, 0.00245603057556, 0.0026357548777, 0.00255744555034, 0.00256230519153, 0.0017732384149, 0.00100668589585, 0.000162479933351, 1.6365060219e-05, 3.38419681611e-06, 1.14158501674e-06, 2.82117838424e-07, 7.03266920254e-08],
        "stdev": [0.00258122314699, 0.0143181942403, 0.0447078980505, 0.201169222593, 0.45860388875, 1.33065509796, 7.61877346039, 8.49916267395, 15.6660232544, 37.1106872559, 127.378128052, 25.7074623108, 26.7848300934, 35.7353172302, 47.6328659058, 63.9606285095, 64.8235397339, 107.218597412, 330.660552979, 112.522994995, 111.14768219, 86.7260437012, 59.5480690002, 51.3034057617, 19.4728507996, 14.1821470261, 25.1745910645, 25.1178512573, 10.2631654739, 9.61692714691, 7.56418228149, 7.19901418686, 3.26967406273, 1.39928948879, 0.348374247551, 0.0685249343514, 0.00641897553578, 0.000179402602953, 2.32381771639e-05, 2.68178846454e-05]
    },
    "gfcc": {
        "mean": [-96.3940811157, 68.1157836914, -163.100585938, 35.5394172668, -76.7889785767, 30.6953411102, -49.2043991089, 8.55009555817, -16.240190506, -3.03339958191, -8.48502063751, -8.36211204529, 0.228400439024],
        "cov": [[16677.9375, -2062.79394531, -5891.33251953, -947.897216797, 394.714904785, 949.640991211, 608.138305664, -131.618453979, 918.453674316, -414.300811768, 304.302337646, 51.8188400269, 427.445495605], [-2062.79394531, 757.507019043, 704.010681152, -19.7631607056, -6.05073261261, -189.897750854, -65.9574127197, -76.5030059814, -44.0159111023, 0.548249363899, 12.822306633, -58.9738731384, 5.1608338356], [-5891.33251953, 704.010681152, 2387.42822266, 344.477081299, -218.377548218, -377.191955566, -289.694976807, 63.2359619141, -362.946990967, 179.484481812, -148.124710083, 0.0813646987081, -180.964950562], [-947.897216797, -19.7631607056, 344.477081299, 235.719848633, -9.68314933777, -41.1951828003, -42.0397491455, 10.3779401779, -45.9633255005, 6.73140764236, -15.083366394, -9.62766933441, -26.3172912598], [394.714904785, -6.05073261261, -218.377548218, -9.68314933777, 133.289581299, 51.4652862549, 31.0193710327, -1.10645544529, 19.1730518341, -16.1105804443, 3.76689124107, 11.6768836975, 22.0229988098], [949.640991211, -189.897750854, -377.191955566, -41.1951828003, 51.4652862549, 163.627120972, 92.6918258667, 8.76620674133, 42.3436126709, -25.5387802124, 7.11584186554, 8.31655502319, 22.5995445251], [608.138305664, -65.9574127197, -289.694976807, -42.0397491455, 31.0193710327, 92.6918258667, 121.567893982, 14.2837705612, 28.6252784729, -22.7250843048, 12.8181276321, -3.94233441353, 20.1905632019], [-131.618453979, -76.5030059814, 63.2359619141, 10.3779401779, -1.10645544529, 8.76620674133, 14.2837705612, 87.0499954224, -19.4884166718, 25.3810386658, -18.6023540497, 18.8544750214, -28.2822856903], [918.453674316, -44.0159111023, -362.946990967, -45.9633255005, 19.1730518341, 42.3436126709, 28.6252784729, -19.4884166718, 149.281585693, -27.1503353119, 48.7501792908, -21.395816803, 37.1939620972], [-414.300811768, 0.548249363899, 179.484481812, 6.73140764236, -16.1105804443, -25.5387802124, -22.7250843048, 25.3810386658, -27.1503353119, 81.6228485107, -9.56079292297, 13.2222213745, -27.1701431274], [304.302337646, 12.822306633, -148.124710083, -15.083366394, 3.76689124107, 7.11584186554, 12.8181276321, -18.6023540497, 48.7501792908, -9.56079292297, 66.2224731445, 0.318142980337, 23.1667690277], [51.8188400269, -58.9738731384, 0.0813646987081, -9.62766933441, 11.6768836975, 8.31655502319, -3.94233441353, 18.8544750214, -21.395816803, 13.2222213745, 0.318142980337, 62.573600769, 11.4950685501], [427.445495605, 5.1608338356, -180.964950562, -26.3172912598, 22.0229988098, 22.5995445251, 20.1905632019, -28.2822856903, 37.1939620972, -27.1701431274, 23.1667690277, 11.4950685501, 67.063835144]],
        "icov": [[0.00065869448008, 0.000390272762161, 0.00145699770655, 0.00055488984799, 0.000572910066694, -0.000317063415423, 0.000764878292102, 0.000123850710224, -0.000529390934389, 0.000192403182155, 0.000634485273622, -0.000349818612449, -0.000126054073917], [0.000390272762161, 0.0111770145595, -0.00651834905148, 0.00944205280393, -0.0100869238377, 0.00876603554934, -0.00892643723637, 0.00676841288805, -0.00488436874002, 0.00625843182206, -0.00690410286188, 0.00775423273444, -0.00503091979772], [0.00145699770655, -0.00651834905148, 0.0097753861919, -0.00615601753816, 0.00935021601617, -0.00518126692623, 0.00900083221495, -0.00443378463387, 0.00397760653868, -0.00520904455334, 0.00721191195771, -0.00567033747211, 0.00343734328635], [0.00055488984799, 0.00944205280393, -0.00615601753816, 0.0139680169523, -0.00942888297141, 0.00601614033803, -0.00623742025346, 0.00477229524404, -0.00432769674808, 0.00712403701618, -0.00693685794249, 0.00751775456592, -0.0040398160927], [0.000572910066694, -0.0100869238377, 0.00935021601617, -0.00942888297141, 0.0200776793063, -0.00998304504901, 0.00989143270999, -0.0062983003445, 0.00477218674496, -0.00611440557986, 0.00887935236096, -0.00904307514429, 0.00315079744905], [-0.000317063415423, 0.00876603554934, -0.00518126692623, 0.00601614033803, -0.00998304504901, 0.0216345246881, -0.0159322228283, 0.00618579750881, -0.00441964808851, 0.00455988571048, -0.00271265371703, 0.00352897192352, -0.00225012679584], [0.000764878292102, -0.00892643723637, 0.00900083221495, -0.00623742025346, 0.00989143270999, -0.0159322228283, 0.0268077794462, -0.011047558859, 0.00690034544095, -0.00434468686581, 0.00396054238081, -0.00153531169053, 0.000350613117917], [0.000123850710224, 0.00676841288805, -0.00443378463387, 0.00477229524404, -0.0062983003445, 0.00618579750881, -0.011047558859, 0.0222002416849, -0.00549887632951, 0.00109082274139, -0.000311973330099, -0.00311757693999, 0.00540429074317], [-0.000529390934389, -0.00488436874002, 0.00397760653868, -0.00432769674808, 0.00477218674496, -0.00441964808851, 0.00690034544095, -0.00549887632951, 0.0170923080295, -0.00399294216186, -0.00380784831941, 0.00405799364671, -0.0021666220855], [0.000192403182155, 0.00625843182206, -0.00520904455334, 0.00712403701618, -0.00611440557986, 0.00455988571048, -0.00434468686581, 0.00109082274139, -0.00399294216186, 0.0212971549481, -0.00581684848294, 0.000566338654608, 0.00202607968822], [0.000634485273622, -0.00690410286188, 0.00721191195771, -0.00693685794249, 0.00887935236096, -0.00271265371703, 0.00396054238081, -0.000311973330099, -0.00380784831941, -0.00581684848294, 0.0285099819303, -0.00954482704401, 0.00144267850555], [-0.000349818612449, 0.00775423273444, -0.00567033747211, 0.00751775456592, -0.00904307514429, 0.00352897192352, -0.00153531169053, -0.00311757693999, 0.00405799364671, 0.000566338654608, -0.00954482704401, 0.0306497719139, -0.0137673318386], [-0.000126054073917, -0.00503091979772, 0.00343734328635, -0.0040398160927, 0.00315079744905, -0.00225012679584, 0.000350613117917, 0.00540429074317, -0.0021666220855, 0.00202607968822, 0.00144267850555, -0.0137673318386, 0.0295727718621]]
    },
    "melbands": {
        "max": [0.000161226504133, 0.000221316222451, 0.000733438006137, 0.00118621520232, 0.00497612776235, 0.00539242383093, 0.00812265370041, 0.0192145742476, 0.021544765681, 0.00290464400314, 0.000978161115199, 0.0010322072776, 0.001101236674, 0.00148519419599, 0.00107994582504, 0.00102568080183, 0.00511226989329, 0.0230180192739, 0.00161057617515, 0.000988397398032, 0.00105514959432, 0.000693733862136, 0.000648527988233, 0.00169278599788, 0.00103566108737, 0.000259940657998, 0.000109441913082, 0.000153152024723, 0.000430197833339, 0.000471649080282, 0.000322094245348, 5.09762357979e-05, 4.87300494569e-05, 6.11564682913e-05, 5.56185550522e-05, 6.21079307166e-05, 8.10206838651e-05, 3.46130946127e-05, 4.00163517043e-05, 1.5963891201e-05],
        "mean": [1.97249864868e-05, 1.83603697224e-05, 2.00890408451e-05, 2.70269010798e-05, 4.04278907808e-05, 3.99526761612e-05, 4.3777130486e-05, 8.33457161207e-05, 0.000115643262689, 7.42438351153e-05, 9.37673612498e-05, 0.000103287922684, 0.00010953877063, 0.000120237913507, 0.000117328680062, 0.000108791267849, 0.00012176304881, 0.000140830306918, 0.000115966271551, 0.000103037753433, 8.77122074598e-05, 6.41359656584e-05, 4.03995836677e-05, 2.54231872532e-05, 1.57653248607e-05, 1.00128600025e-05, 7.01405269865e-06, 6.24602625976e-06, 5.95187430008e-06, 5.3112776186e-06, 4.72508372695e-06, 3.97481244363e-06, 3.62780588148e-06, 3.38820632351e-06, 2.82610858449e-06, 2.34363665186e-06, 1.86718477835e-06, 1.22170843042e-06, 8.16824126559e-07, 4.70832702604e-07],
        "min": [1.84797372071e-07, 8.89675817461e-08, 3.93277417743e-07, 3.06241020098e-07, 1.45420770536e-07, 9.04198600438e-08, 5.61437758506e-08, 2.89971620049e-08, 3.43477353226e-08, 1.50454670944e-08, 2.0991745231e-08, 1.48062193617e-08, 6.94776058907e-09, 4.28955937437e-09, 9.5501064834e-09, 6.57369403356e-09, 4.16161149985e-09, 4.10956024766e-09, 3.37734973321e-09, 5.97112626011e-09, 4.45487646772e-09, 4.62453453309e-09, 2.36380337526e-09, 2.42954500962e-09, 2.62443156096e-09, 1.92926430387e-09, 1.33915023515e-09, 2.10320827421e-09, 1.52255696939e-09, 1.45577050414e-09, 1.4015018035e-09, 1.49877255051e-09, 1.1779888176e-09, 1.12464848545e-09, 1.25791521643e-09, 1.34724209566e-09, 1.19825316336e-09, 9.09255781778e-10, 1.02784769584e-09, 3.42350675586e-10],
        "stdev": [2.17114593397e-05, 2.09715763049e-05, 3.48970170307e-05, 5.76441379962e-05, 0.000211853912333, 0.000188170670299, 0.000245553965215, 0.00067865132587, 0.000914469477721, 0.000134188943775, 0.000136216418468, 0.000143821191159, 0.000151403000928, 0.000172930565896, 0.000160734212841, 0.00014554039808, 0.000219479989028, 0.000718858093023, 0.000167925070855, 0.000144327786984, 0.000132126850076, 9.69456596067e-05, 6.43184030196e-05, 6.30249269307e-05, 4.0702529077e-05, 1.72110612766e-05, 1.03035263237e-05, 9.81448920356e-06, 1.58851617016e-05, 1.81421928573e-05, 1.22139190353e-05, 5.91296156927e-06, 5.44226941201e-06, 5.51311995878e-06, 4.59319471702e-06, 4.343731689e-06, 4.34609364675e-06, 2.33638479585e-06, 2.04229672818e-06, 9.24787912027e-07]
    },
    "melbands128": {
        "max": [0.000284359761281, 0.000254340731772, 0.000222507806029, 0.00024480043794, 0.000251663936069, 0.000405891012633, 0.00125769840088, 0.000736094487365, 0.00132953282446, 0.00178332347423, 0.00128593877889, 0.00298557663336, 0.00889320299029, 0.00594272417948, 0.00723472330719, 0.00469286553562, 0.00803704001009, 0.00969190336764, 0.00839420966804, 0.00432068156078, 0.0333117097616, 0.0624113529921, 0.0296136960387, 0.0136816706508, 0.00133707467467, 0.000931160640903, 0.00179674953688, 0.00129351008218, 0.00136497442145, 0.00150273484178, 0.00141247478314, 0.00156596873421, 0.0012713909382, 0.00210058456287, 0.00200892868452, 0.00223594135605, 0.00206354260445, 0.00159160816111, 0.00164278654847, 0.00124266534112, 0.00147324462887, 0.00158649741206, 0.00149615143891, 0.00241273664869, 0.0431185550988, 0.0277451854199, 0.00310258800164, 0.00319095281884, 0.00183265202213, 0.00138442555908, 0.00113638734911, 0.00117828371003, 0.00148438569158, 0.0012935368577, 0.0011010238668, 0.000840582186356, 0.00101928052027, 0.000960170349572, 0.000619716360234, 0.000556747778319, 0.00103694666177, 0.00422821426764, 0.00125218566973, 0.000372297974536, 0.000208308920264, 0.000436637346866, 0.000163450938999, 0.000192015795619, 0.000104760474642, 7.98971086624e-05, 9.58553137025e-05, 0.000331788149197, 0.000371175963664, 0.000722725468222, 0.000329727772623, 0.00041889725253, 0.000494478736073, 0.00073042785516, 0.000233111626585, 8.27767944429e-05, 7.04826743458e-05, 5.42760790267e-05, 4.87633151351e-05, 5.44512222405e-05, 8.10235360404e-05, 0.000118650677905, 6.629825657e-05, 0.000113654314191, 4.98722838529e-05, 5.02416223753e-05, 3.58610304829e-05, 7.80822811066e-05, 0.000157007554662, 8.96068595466e-05, 7.44210628909e-05, 3.6354540498e-05, 3.03484084725e-05, 3.46264459949e-05, 4.72441060992e-05, 6.23815576546e-05, 2.16862208617e-05, 1.12709549285e-05, 7.87878434494e-06, 7.55842438593e-06, 8.13486531115e-06, 5.6472513279e-06, 3.10557129524e-06, 2.55968348029e-06, 1.58819761964e-06, 1.19457661185e-06, 1.32089564886e-06, 5.51876155441e-07, 3.97703615818e-07, 6.53080860502e-08, 6.69075017612e-10, 2.36533653775e-10, 2.42970449316e-10, 2.28770530297e-10, 2.34567532065e-10, 2.22187504506e-10, 2.25860941061e-10, 2.23575727376e-10, 2.03128153187e-10, 1.88276408353e-10, 1.91706123198e-10, 1.99406213763e-10, 1.96955604603e-10, 1.7943606323e-10],
        "mean": [1.91645412997e-05, 1.93667419808e-05, 2.03387426154e-05, 1.97326626221e-05, 1.71774245246e-05, 1.8427370378e-05, 1.8979611923e-05, 1.97635235963e-05, 2.24323666771e-05, 2.73438399745e-05, 2.87274506263e-05, 3.48700559698e-05, 4.59734037577e-05, 4.46444537374e-05, 3.98851880163e-05, 3.62150894944e-05, 3.97833900934e-05, 4.5627446525e-05, 4.85514647153e-05, 5.07450640725e-05, 0.000109568587504, 0.000158220995218, 0.000113873138616, 8.34428865346e-05, 6.44742976874e-05, 7.23473713151e-05, 8.77105994732e-05, 9.62473859545e-05, 9.87556923064e-05, 0.000100890181784, 0.000104001745058, 0.00011027790606, 0.000104133570858, 0.000115757240565, 0.000116534625704, 0.000123286110465, 0.000123226302094, 0.000121267512441, 0.000111037312308, 0.000104623875814, 0.000107934305561, 0.000115073824418, 0.000114048612886, 0.000116915463877, 0.000172812360688, 0.000140202944749, 0.000111770263175, 0.000120568380225, 0.000116543647891, 0.00010831552936, 0.000102233949292, 9.6170741017e-05, 9.47231455939e-05, 8.35271566757e-05, 7.13540212018e-05, 6.67370040901e-05, 5.37623454875e-05, 4.5733024308e-05, 3.53755858669e-05, 2.97197220789e-05, 2.48674714385e-05, 2.33122955251e-05, 1.80325478141e-05, 1.36582493724e-05, 1.15343118523e-05, 1.02316935227e-05, 9.06520017452e-06, 7.53992662794e-06, 6.56741121929e-06, 6.12694111624e-06, 6.14843065705e-06, 6.35219566902e-06, 6.45878617433e-06, 5.92494461671e-06, 5.33484126208e-06, 5.22909704159e-06, 5.30368015461e-06, 5.36845618626e-06, 4.50866446045e-06, 4.32200067735e-06, 4.14035685026e-06, 3.7258755583e-06, 3.76874572794e-06, 3.58846932613e-06, 3.57505518878e-06, 3.50245954905e-06, 3.29428735313e-06, 3.21759102917e-06, 2.84134694084e-06, 2.54793758359e-06, 2.34987896874e-06, 2.30188652495e-06, 2.31893159253e-06, 1.89373884041e-06, 1.62043568253e-06, 1.34660683671e-06, 1.14713100174e-06, 1.01887076198e-06, 8.6413660938e-07, 7.12338646736e-07, 5.44151191662e-07, 4.54136397821e-07, 3.37568820896e-07, 2.8579188438e-07, 1.93928713088e-07, 1.36310333687e-07, 8.32240587556e-08, 5.72509115671e-08, 3.54108067313e-08, 2.21303952941e-08, 9.27280741081e-09, 2.78043543744e-09, 8.2354090214e-10, 1.18809406757e-10, 1.07046108089e-11, 9.67933806023e-12, 9.16206780582e-12, 8.66794483412e-12, 8.59715250379e-12, 8.75166432379e-12, 8.77122506571e-12, 8.82622187143e-12, 8.52385523276e-12, 8.21171255994e-12, 8.39439281974e-12, 8.53829940778e-12, 8.55096115443e-12, 8.44478827144e-12],
        "min": [3.57782936611e-09, 9.27767942471e-08, 3.60541463351e-08, 7.14565917548e-09, 3.28646372338e-08, 7.55061577706e-08, 5.18485663292e-08, 1.1152935997e-07, 8.12644955772e-08, 6.39380886014e-08, 3.30819318606e-08, 1.27228592106e-08, 5.68582336768e-08, 3.74861279795e-08, 4.39408474051e-08, 2.22213056844e-08, 3.28171800845e-08, 1.303615349e-08, 9.84865344833e-09, 1.22828662796e-08, 9.04146801872e-09, 6.05849992397e-09, 7.78681119584e-09, 7.00922697661e-09, 5.49411893758e-09, 1.36865709877e-08, 7.26713667021e-09, 7.64572227752e-09, 4.49771508926e-09, 5.51163736873e-09, 2.6912911899e-09, 2.65935828914e-09, 2.25392970954e-09, 6.598646074e-10, 1.00349151211e-09, 1.15686416002e-09, 2.26335417075e-09, 2.26334750941e-09, 4.12866763e-09, 2.3840716068e-09, 2.80047451895e-09, 4.95585750215e-09, 3.27662741384e-09, 1.37253997057e-09, 1.80327974775e-09, 1.69366842773e-09, 1.5708777612e-09, 2.79512524237e-09, 1.02881314579e-09, 9.84709203067e-10, 2.90717028228e-09, 2.02143080053e-09, 1.17495846386e-09, 3.12147863113e-09, 9.24496701415e-10, 1.8453717443e-09, 1.0199597833e-09, 1.9126189521e-09, 1.62644109292e-09, 1.01587971368e-09, 1.44513601086e-09, 1.62265634263e-09, 1.09590747588e-09, 1.15675513612e-09, 6.69921396135e-10, 1.12094034055e-09, 1.35743938312e-09, 6.03470606819e-10, 5.60104351788e-10, 1.0138014872e-09, 1.18028953278e-09, 8.22159285097e-10, 6.52676690471e-10, 8.89934792525e-10, 1.31631971989e-09, 4.57501342366e-10, 5.77563219473e-10, 1.51532952852e-09, 1.16859977251e-09, 8.53885129271e-10, 7.72080788192e-10, 7.75000397191e-10, 5.7848553725e-10, 6.52664255973e-10, 9.33523813806e-10, 7.15611736535e-10, 6.21865392514e-10, 4.68018235278e-10, 8.16371026335e-10, 5.49514767023e-10, 9.40327149479e-10, 1.11695575011e-09, 9.01855423674e-10, 1.08901332396e-09, 6.91910750916e-10, 9.24426368787e-10, 5.96280302911e-10, 7.77896302928e-10, 6.37921493407e-10, 4.82826889581e-10, 1.77019385261e-10, 2.60282854297e-11, 2.07840324812e-11, 5.73799081166e-12, 5.46272228841e-12, 3.65778154293e-12, 3.98500807006e-12, 3.65173429689e-12, 3.80374507933e-12, 2.32499523106e-12, 2.70280152426e-12, 2.53243021171e-12, 2.45560451313e-12, 2.64091830002e-12, 2.68967031807e-12, 3.2045473046e-12, 2.53353761581e-12, 2.96304127068e-12, 3.12233312122e-12, 2.37288899467e-12, 3.27684472438e-12, 3.51016654979e-12, 2.9201419928e-12, 2.53117036879e-12, 3.16811550952e-12, 3.31700530758e-12, 3.2375384925e-12, 2.7585288654e-12],
        "stdev": [2.6276362405e-05, 2.49987533607e-05, 2.57479587162e-05, 2.49421227636e-05, 2.20229085244e-05, 2.66880251729e-05, 4.73503096146e-05, 3.94761482312e-05, 4.75070628454e-05, 7.01133685652e-05, 7.67809469835e-05, 0.000145109414007, 0.000343922933098, 0.000274727062788, 0.000232462087297, 0.000160347117344, 0.00023591509671, 0.000292055832688, 0.000280759966699, 0.000195509433979, 0.00114504492376, 0.00210509519093, 0.000973988499027, 0.000435683119576, 0.000105788960354, 0.000123674835777, 0.000150632491568, 0.00016182125546, 0.000160210212925, 0.00016522401711, 0.000163713848451, 0.000181309267646, 0.000163956123288, 0.000190997132449, 0.000194874766748, 0.000205361007829, 0.000208742712857, 0.000192547639017, 0.000176243731403, 0.000161442556418, 0.000170279192389, 0.000186160526937, 0.000174484201125, 0.000190721737454, 0.00133639422711, 0.000862010172568, 0.000192650652025, 0.000205776377697, 0.000196396445972, 0.000173378051841, 0.000164305296494, 0.000153055530973, 0.000158577342518, 0.000145461628563, 0.000117104405945, 0.000114095186291, 9.37997101573e-05, 8.20618515718e-05, 6.32971787127e-05, 5.48041316506e-05, 5.36257975909e-05, 0.000125513412058, 5.30137294845e-05, 2.86661070277e-05, 2.02374594664e-05, 2.1991045287e-05, 1.57728682098e-05, 1.2996309124e-05, 1.0535733054e-05, 9.53338712861e-06, 9.88434567262e-06, 1.34944066303e-05, 1.60595882335e-05, 2.24632040045e-05, 1.3404865058e-05, 1.67189391505e-05, 2.01433285838e-05, 2.44753755396e-05, 9.77663694357e-06, 7.51944799049e-06, 6.75977162246e-06, 5.81225231144e-06, 5.98605538471e-06, 5.76452612222e-06, 6.08269374425e-06, 6.41277711111e-06, 5.84859117225e-06, 6.45641694064e-06, 4.82044470118e-06, 4.15980957769e-06, 3.91985986425e-06, 4.88166097057e-06, 6.77554908179e-06, 4.68744519821e-06, 3.63450112673e-06, 2.59200919572e-06, 2.22254925575e-06, 2.35015704675e-06, 2.34523236031e-06, 2.48363062383e-06, 1.13258943202e-06, 9.10598714654e-07, 6.16603927028e-07, 5.26351470853e-07, 4.61831007215e-07, 3.3485827089e-07, 2.18015728137e-07, 1.71635406332e-07, 1.21677814491e-07, 9.28596222138e-08, 6.42081730007e-08, 2.82713141786e-08, 1.38839633124e-08, 2.10382289367e-09, 2.21743040596e-11, 9.27843392395e-12, 9.17507996662e-12, 8.70033559086e-12, 8.52802637535e-12, 8.20597843149e-12, 8.11885367963e-12, 8.27058647263e-12, 7.62475586141e-12, 7.20332864537e-12, 7.13569871594e-12, 7.41216116262e-12, 7.1317392096e-12, 6.75198482195e-12]
    },
    "mfcc": {
        "mean": [-713.864562988, 82.0536956787, -21.5204219818, -2.09905195236, 1.09774959087, 5.53019094467, -8.43513202667, 2.31775164604, -1.55652713776, 3.21144127846, -2.60643601418, 0.72647279501, -3.29474020004],
        "cov": [[21009.8300781, -2679.73339844, -5778.51171875, -2215.83862305, -600.417358398, 660.709716797, -267.115875244, 767.310974121, 514.96472168, -7.51172733307, -8.64651584625, 339.060058594, 385.943115234], [-2679.73339844, 876.581542969, 676.699768066, 197.872543335, 65.8032836914, -103.353004456, -7.20005369186, -147.984283447, -74.5019683838, -16.5457763672, -15.4317378998, -51.9377975464, -46.1787719727], [-5778.51171875, 676.699768066, 1863.51525879, 639.073852539, 148.526596069, -221.416000366, 22.5390415192, -242.099853516, -169.626983643, 11.099404335, 1.86084020138, -102.912796021, -133.504730225], [-2215.83862305, 197.872543335, 639.073852539, 358.586608887, 99.5469894409, -82.9086151123, 15.4677963257, -87.5102615356, -64.9517059326, -0.171332493424, -2.09714460373, -44.4073677063, -53.9621315002], [-600.417358398, 65.8032836914, 148.526596069, 99.5469894409, 112.710670471, -12.0831823349, -15.9620475769, -20.5534267426, -17.7903289795, -5.29268264771, -4.51030063629, -12.0717048645, -14.3682947159], [660.709716797, -103.353004456, -221.416000366, -82.9086151123, -12.0831823349, 112.245292664, 23.8031311035, 35.2463912964, 32.0303192139, 2.25733828545, -13.061621666, 5.32236337662, 18.1345653534], [-267.115875244, -7.20005369186, 22.5390415192, 15.4677963257, -15.9620475769, 23.8031311035, 103.445800781, 24.4803829193, 8.99048519135, -2.44510936737, -3.25771069527, -6.51623630524, 0.667648911476], [767.310974121, -147.984283447, -242.099853516, -87.5102615356, -20.5534267426, 35.2463912964, 24.4803829193, 103.207519531, 41.4259338379, -4.23665571213, 0.0512137524784, 15.8184814453, 16.869474411], [514.96472168, -74.5019683838, -169.626983643, -64.9517059326, -17.7903289795, 32.0303192139, 8.99048519135, 41.4259338379, 68.457862854, 7.29320955276, -3.91782641411, 8.0914773941, 17.375837326], [-7.51172733307, -16.5457763672, 11.099404335, -0.171332493424, -5.29268264771, 2.25733828545, -2.44510936737, -4.23665571213, 7.29320955276, 52.5222358704, 20.9201068878, 3.10900998116, -2.73121094704], [-8.64651584625, -15.4317378998, 1.86084020138, -2.09714460373, -4.51030063629, -13.061621666, -3.25771069527, 0.0512137524784, -3.91782641411, 20.9201068878, 52.4081764221, 17.1253681183, -1.87629199028], [339.060058594, -51.9377975464, -102.912796021, -44.4073677063, -12.0717048645, 5.32236337662, -6.51623630524, 15.8184814453, 8.0914773941, 3.10900998116, 17.1253681183, 46.0585174561, 15.6075935364], [385.943115234, -46.1787719727, -133.504730225, -53.9621315002, -14.3682947159, 18.1345653534, 0.667648911476, 16.869474411, 17.375837326, -2.73121094704, -1.87629199028, 15.6075935364, 52.0451507568]],
        "icov": [[0.000653740309644, 0.000687994761392, 0.00141537841409, 0.00103014870547, 0.000619323051069, 4.52084786957e-05, 0.00137908861507, -9.39832898439e-05, 0.000216077387449, -6.7428816692e-05, 0.00047816359438, 0.000110027496703, 0.000537948915735], [0.000687994761392, 0.00258958106861, 0.000897295831237, 0.00194444286171, -2.39481814788e-05, 0.000763839751016, 0.000970453140326, 0.00170353695285, -5.27170268469e-05, 0.000585559231695, 0.00071707367897, 0.000714194611646, 0.000536236912012], [0.00141537841409, 0.000897295831237, 0.00509151723236, -0.000278126157355, 0.00173409981653, 0.00114594271872, 0.00239202775992, 0.000832246791106, 0.00129319867119, -0.000862403656356, 0.00117098551709, 0.000725901918486, 0.00219912501052], [0.00103014870547, 0.00194444286171, -0.000278126157355, 0.0112956129014, -0.00418139994144, 0.00211115600541, -0.000297163292998, 0.00171109591611, 0.000672544760164, 2.07295670407e-05, 0.000865363341291, 0.00182202283759, 0.00190493930131], [0.000619323051069, -2.39481814788e-05, 0.00173409981653, -0.00418139994144, 0.0139336856082, -0.00256681023166, 0.00503724068403, -0.00204320019111, 0.000785442302004, 0.00105250638444, 0.000383712525945, 5.54535690753e-05, 0.000627938599791], [4.52084786957e-05, 0.000763839751016, 0.00114594271872, 0.00211115600541, -0.00256681023166, 0.0143746165559, -0.00413454230875, 0.00138366455212, -0.00193340296391, -0.00227415654808, 0.00384870427661, 0.000873617944308, -0.000238895256189], [0.00137908861507, 0.000970453140326, 0.00239202775992, -0.000297163292998, 0.00503724068403, -0.00413454230875, 0.0158827584237, -0.00523021863773, 0.0002946149325, 0.000896247394849, -6.30635258858e-05, 0.00167529855389, 0.000229044017033], [-9.39832898439e-05, 0.00170353695285, 0.000832246791106, 0.00171109591611, -0.00204320019111, 0.00138366455212, -0.00523021863773, 0.0192398671061, -0.00647612707689, 0.00276074185967, -0.000789466546848, -0.00119789631572, 0.00153985689394], [0.000216077387449, -5.27170268469e-05, 0.00129319867119, 0.000672544760164, 0.000785442302004, -0.00193340296391, 0.0002946149325, -0.00647612707689, 0.0231067240238, -0.00523477885872, 0.00312341330573, 0.000635982956737, -0.00271592149511], [-6.7428816692e-05, 0.000585559231695, -0.000862403656356, 2.07295670407e-05, 0.00105250638444, -0.00227415654808, 0.000896247394849, 0.00276074185967, -0.00523477885872, 0.0249965395778, -0.011219734326, 0.00201293011196, 0.00105680665001], [0.00047816359438, 0.00071707367897, 0.00117098551709, 0.000865363341291, 0.000383712525945, 0.00384870427661, -6.30635258858e-05, -0.000789466546848, 0.00312341330573, -0.011219734326, 0.0286457836628, -0.010670802556, 0.00261417869478], [0.000110027496703, 0.000714194611646, 0.000725901918486, 0.00182202283759, 5.54535690753e-05, 0.000873617944308, 0.00167529855389, -0.00119789631572, 0.000635982956737, 0.00201293011196, -0.010670802556, 0.0314993225038, -0.00629091961309], [0.000537948915735, 0.000536236912012, 0.00219912501052, 0.00190493930131, 0.000627938599791, -0.000238895256189, 0.000229044017033, 0.00153985689394, -0.00271592149511, 0.00105680665001, 0.00261417869478, -0.00629091961309, 0.0260144751519]]
    },
    "spectral_contrast_coeffs": {
        "max": [-0.390565574169, -0.389319837093, -0.594574928284, -0.457744479179, -0.655238509178, -0.652485370636],
        "mean": [-0.772665143013, -0.834274828434, -0.83031308651, -0.834104597569, -0.818889498711, -0.787860810757],
        "min": [-0.890254557133, -0.927439749241, -0.917879343033, -0.921037137508, -0.904672384262, -0.879872739315],
        "stdev": [0.0563939064741, 0.0513220131397, 0.0403813384473, 0.043421652168, 0.0473745726049, 0.0520302094519]
    },
    "spectral_contrast_valleys": {
        "max": [-6.77193880081, -4.27021932602, -5.05924987793, -5.1959104538, -5.51988506317, -7.78530740738],
        "mean": [-8.24838733673, -7.42086648941, -7.64278268814, -7.57887887955, -7.94984531403, -10.3494825363],
        "min": [-10.2507410049, -9.85846042633, -11.1189069748, -10.9862728119, -11.0736913681, -12.660615921],
        "stdev": [0.616765856743, 1.12926912308, 1.77696943283, 1.88550007343, 1.55017864704, 1.2255243063]
    }
},
"rhythm": {
    "beats_count": 62,
    "beats_loudness": {
        "max": 0.142992004752,
        "mean": 0.0135488864034,
        "min": 5.86421010667e-05,
        "stdev": 0.0217986274511
    },
    "bpm": 111.037460327,
    "bpm_histogram_first_peak_bpm": 110,
    "bpm_histogram_first_peak_weight": 0.428571403027,
    "bpm_histogram_second_peak_bpm": 172,
    "bpm_histogram_second_peak_spread": 0,
    "bpm_histogram_second_peak_weight": 0.196721315384,
    "danceability": 0.788083612919,
    "onset_rate": 3.86029410362,
    "beats_loudness_band_ratio": {
        "max": [0.530916810036, 0.720730423927, 0.6031498909, 0.497102230787, 0.608325123787, 0.271377146244],
        "mean": [0.139733955264, 0.194907784462, 0.171681791544, 0.201349839568, 0.254155099392, 0.082896143198],
        "min": [0.00221715029329, 0.000623924308456, 0.0405938476324, 0.00201943702996, 0.00515000335872, 0.00157180812676],
        "stdev": [0.154815092683, 0.220280721784, 0.126989647746, 0.154526740313, 0.195479124784, 0.0550502873957]
    },
    "beats_position": [0.394739210606, 0.789478421211, 1.18421769142, 1.57895684242, 1.97369611263, 2.36843538284, 2.76317453384, 3.11147379875, 3.45977306366, 3.79646253586, 4.14476203918, 4.49306106567, 4.841360569, 5.18965959549, 5.53795909882, 5.88625860214, 6.23455762863, 6.58285713196, 6.93115615845, 7.27945566177, 7.6858048439, 8.09215450287, 8.498503685, 8.91646194458, 9.32281208038, 9.72916126251, 10.1471195221, 10.5650787354, 10.9830379486, 11.4009971619, 11.8189563751, 12.3530158997, 12.8754644394, 13.3979139328, 13.9319725037, 14.4660310745, 14.9884805679, 15.5225391388, 16.0449886322, 16.5558280945, 17.0666656494, 17.5775051117, 18.088344574, 18.5991840363, 19.0984115601, 19.6440811157, 20.2013607025, 20.7470283508, 21.2926979065, 21.826757431, 22.3724250793, 22.918094635, 23.4521541595, 24.009431839, 24.5551013947, 25.1007709503, 25.6464385986, 26.1921081543, 26.7493877411, 27.2950553894, 27.8407249451, 28.3863945007],
