{
"metadata": {
    "version": {
        "essentia": "2.1-beta5",
        "essentia_git_sha": "Undefined",
        "extractor": "music 2.0"
    },
    "audio_properties": {
        "analysis": {
            "equal_loudness": 0,
            "length": 29.0017242432,
            "sample_rate": 44100,
            "start_time": 0,
            "downmix": "mix"
        },
        "bit_rate": 192000,
        "length": 244.575790405,
        "lossless": 0,
        "number_channels": 1,
        "replay_gain": 7.51636314392,
        "sample_rate": 48000,
        "codec": "mp3",
        "md5_encoded": "d53a06fd40b4a625c6b7eeaa746ed03d"
    },
    "tags": {
        "file_name": "Italy_Era_Wess _ Dori Ghezzi.mp3",
        "encoding": ["Lavf58.29.100"]
    }
},
"lowlevel": {
    "average_loudness": 0.0310080256313,
    "barkbands_crest": {
        "max": 24.7465629578,
        "mean": 7.95722913742,
        "min": 2.22462272644,
        "stdev": 4.02369976044
    },
    "barkbands_flatness_db": {
        "max": 0.293231129646,
        "mean": 0.0962158218026,
        "min": 0.032211560756,
        "stdev": 0.0409219041467
    },
    "barkbands_kurtosis": {
        "max": 94.5079956055,
        "mean": 3.78145122528,
        "min": -1.85124957561,
        "stdev": 7.90839862823
    },
    "barkbands_skewness": {
        "max": 7.9907336235,
        "mean": 1.4886879921,
        "min": -2.50369644165,
        "stdev": 1.19010102749
    },
    "barkbands_spread": {
        "max": 98.6042556763,
        "mean": 31.3642883301,
        "min": 1.64632451534,
        "stdev": 17.1602096558
    },
    "dissonance": {
        "max": 0.499999910593,
        "mean": 0.468446969986,
        "min": 0.251186996698,
        "stdev": 0.0283277500421
    },
    "dynamic_complexity": 10.8627357483,
    "erbbands_crest": {
        "max": 30.9201507568,
        "mean": 7.80051708221,
        "min": 2.32904839516,
        "stdev": 4.43747138977
    },
    "erbbands_flatness_db": {
        "max": 0.335964947939,
        "mean": 0.13674929738,
        "min": 0.0738626942039,
        "stdev": 0.0436551831663
    },
    "erbbands_kurtosis": {
        "max": 45.3471221924,
        "mean": 0.549339771271,
        "min": -1.80257380009,
        "stdev": 3.47509479523
    },
    "erbbands_skewness": {
        "max": 5.88451910019,
        "mean": 0.561692237854,
        "min": -3.09466981888,
        "stdev": 0.935631871223
    },
    "erbbands_spread": {
        "max": 126.243484497,
        "mean": 53.9027748108,
        "min": 4.23898077011,
        "stdev": 23.1904449463
    },
    "hfc": {
        "max": 596.677429199,
        "mean": 11.2500505447,
        "min": 1.16151073723e-16,
        "stdev": 44.3756256104
    },
    "loudness_ebu128": {
        "integrated": -35.1304397583,
        "loudness_range": 19.455619812,
        "momentary": {
            "max": -26.8484344482,
            "mean": -47.6978416443,
            "min": -57.9575805664,
            "stdev": 8.11348056793
        },
        "short_term": {
            "max": -32.2811584473,
            "mean": -45.6140136719,
            "min": -53.9535369873,
            "stdev": 6.63410520554
        }
    },
    "melbands_crest": {
        "max": 32.1337661743,
        "mean": 10.7660722733,
        "min": 1.85615468025,
        "stdev": 4.72653245926
    },
    "melbands_flatness_db": {
        "max": 0.351855158806,
        "mean": 0.142698332667,
        "min": 0.00453616818413,
        "stdev": 0.0508856214583
    },
    "melbands_kurtosis": {
        "max": 200.599838257,
        "mean": 15.6452121735,
        "min": -1.85012447834,
        "stdev": 18.691942215
    },
    "melbands_skewness": {
        "max": 11.1770486832,
        "mean": 2.84473872185,
        "min": -1.0082808733,
        "stdev": 1.54304015636
    },
    "melbands_spread": {
        "max": 231.232727051,
        "mean": 30.9699726105,
        "min": 1.28442025185,
        "stdev": 25.2096824646
    },
    "pitch_salience": {
        "max": 0.952933192253,
        "mean": 0.687628388405,
        "min": 0.181629762053,
        "stdev": 0.102055028081
    },
    "silence_rate_20dB": {
        "max": 1,
        "mean": 1,
        "min": 1,
        "stdev": 0
    },
    "silence_rate_30dB": {
        "max": 1,
        "mean": 0.985599994659,
        "min": 0,
        "stdev": 0.1191329211
    },
    "silence_rate_60dB": {
        "max": 1,
        "mean": 0.799199998379,
        "min": 0,
        "stdev": 0.40059864521
    },
    "spectral_centroid": {
        "max": 11142.1435547,
        "mean": 1529.37060547,
        "min": 334.247924805,
        "stdev": 1022.7130127
    },
    "spectral_complexity": {
        "max": 68,
        "mean": 5.59280014038,
        "min": 0,
        "stdev": 10.1103448868
    },
    "spectral_decrease": {
        "max": 1.20714893539e-28,
        "mean": -1.74243997009e-09,
        "min": -6.65688375534e-08,
        "stdev": 5.90355897501e-09
    },
    "spectral_energy": {
        "max": 0.297566533089,
        "mean": 0.00759678566828,
        "min": 1.02982499923e-20,
        "stdev": 0.0258592553437
    },
    "spectral_energyband_high": {
        "max": 0.0545579008758,
        "mean": 0.000670947018079,
        "min": 7.35081240708e-21,
        "stdev": 0.00345831247978
    },
    "spectral_energyband_low": {
        "max": 0.0119629241526,
        "mean": 0.000205861884751,
        "min": 3.96886839252e-23,
        "stdev": 0.000679356744513
    },
    "spectral_energyband_middle_high": {
        "max": 0.146042406559,
        "mean": 0.00284036435187,
        "min": 1.35598358703e-21,
        "stdev": 0.0125349834561
    },
    "spectral_energyband_middle_low": {
        "max": 0.230555564165,
        "mean": 0.00396692752838,
        "min": 1.66813587247e-22,
        "stdev": 0.0156606286764
    },
    "spectral_entropy": {
        "max": 9.81823825836,
        "mean": 7.96061706543,
        "min": 6.34591770172,
        "stdev": 0.375265479088
    },
    "spectral_flux": {
        "max": 0.440057963133,
        "mean": 0.0362449996173,
        "min": 6.64515803495e-11,
        "stdev": 0.059344176203
    },
    "spectral_kurtosis": {
        "max": 14.6827850342,
        "mean": 1.80425739288,
        "min": -1.2363755703,
        "stdev": 1.44201755524
    },
    "spectral_rms": {
        "max": 0.0170384515077,
        "mean": 0.00152834039181,
        "min": 3.1697118888e-12,
        "stdev": 0.00225292611867
    },
    "spectral_rolloff": {
        "max": 19315.2832031,
        "mean": 2274.66235352,
        "min": 193.798828125,
        "stdev": 2420.2734375
    },
    "spectral_skewness": {
        "max": 3.14058232307,
        "mean": 1.2229269743,
        "min": -0.0284335725009,
        "stdev": 0.346028506756
    },
    "spectral_spread": {
        "max": 41816336,
        "mean": 6525031,
        "min": 2283011,
        "stdev": 3064704
    },
    "spectral_strongpeak": {
        "max": 9.68174266815,
        "mean": 0.401711702347,
        "min": 0,
        "stdev": 0.977140307426
    },
    "zerocrossingrate": {
        "max": 0.58984375,
        "mean": 0.0983082056046,
        "min": 0.0166015625,
        "stdev": 0.0522484518588
    },
    "barkbands": {
        "max": [0.00168419675902, 0.00125384982675, 0.00288099306636, 0.0496052317321, 0.0390671007335, 0.083520822227, 0.0295154377818, 0.130599975586, 0.164957165718, 0.0705055221915, 0.055368296802, 0.0177891142666, 0.0157810691744, 0.0421176068485, 0.0430639050901, 0.0457537695765, 0.0220868065953, 0.0312658585608, 0.00802198890597, 0.0758059248328, 0.00545581290498, 0.00680113723502, 0.0129245221615, 0.0122452955693, 0.00171388708986, 0.000172638014192, 1.451632059e-08],
        "mean": [4.19762000092e-05, 5.32508311153e-05, 6.04537017352e-05, 0.000195033950149, 0.000610992196016, 0.00107469619252, 0.000428562867455, 0.000784347299486, 0.000827578071039, 0.000283861445496, 0.000283820379991, 0.000165443663718, 0.000176607922185, 0.000294941099128, 0.000469768274343, 0.000411847257055, 0.000265056383796, 0.000236951062107, 0.000115835573524, 0.000397221447201, 7.5256692071e-05, 7.4551688158e-05, 0.000110017790576, 0.000126192884636, 3.03369306494e-05, 2.18280320041e-06, 3.84241394258e-09],
        "min": [1.93416328566e-24, 3.79243499678e-24, 8.81287556523e-24, 7.58142267141e-24, 1.24737360572e-23, 1.30791197488e-23, 1.55430636774e-23, 1.78297205838e-23, 2.55706801181e-23, 1.74097357711e-23, 3.22689706396e-23, 5.67059030202e-23, 4.9562316295e-23, 6.21722988857e-23, 1.14304708233e-22, 7.26591507024e-23, 1.04260016109e-22, 1.12280200849e-22, 2.13148802952e-22, 2.16896838885e-22, 2.69815673135e-22, 4.55899403113e-22, 5.64241988976e-22, 7.88257685375e-22, 8.95504095368e-22, 1.50548941456e-21, 2.280387507e-21],
        "stdev": [0.000107426239992, 8.78265636857e-05, 0.000168475788087, 0.00180072977673, 0.00263969250955, 0.0054596173577, 0.00214666360989, 0.00665454845876, 0.00690916506574, 0.00259681930766, 0.00267541897483, 0.000971368164755, 0.000960594450589, 0.00172536820173, 0.00250530522317, 0.0021445134189, 0.00136194762308, 0.0016829832457, 0.000524734496139, 0.0038073414471, 0.000309147522785, 0.000332031107973, 0.000528296513949, 0.000606299436186, 0.000114897135063, 9.31663817028e-06, 1.05063147071e-09]
    },
    "erbbands": {
        "max": [0.0513966716826, 0.222102552652, 2.07610344887, 63.4252471924, 227.353210449, 192.853607178, 464.670898438, 1087.30566406, 660.08770752, 534.83203125, 3768.14697266, 2865.02026367, 623.450073242, 3919.94775391, 830.95892334, 820.679382324, 572.2109375, 887.877624512, 2486.04760742, 2381.24658203, 2536.46728516, 1554.40710449, 2196.60766602, 504.487304688, 998.355407715, 4504.22021484, 918.086181641, 146.098571777, 241.614044189, 169.027679443, 484.024139404, 227.107727051, 189.799560547, 41.6857147217, 4.93778944016, 1.46487295628, 0.10098413378, 0.00322229065932, 0.000363230908988, 0.000420440308517],
        "mean": [0.00191982102115, 0.011523691006, 0.0589728578925, 0.35605096817, 1.06458353996, 2.12901902199, 6.21195363998, 9.09626483917, 6.30477237701, 7.24125766754, 25.7712917328, 17.2711715698, 6.11363315582, 14.681432724, 7.67447805405, 7.26781082153, 8.13691520691, 12.9224176407, 20.4957084656, 26.0380821228, 20.8116836548, 15.9098138809, 15.366147995, 6.38880252838, 7.92497014999, 20.3602695465, 6.6152305603, 2.65759778023, 2.88569188118, 2.23906707764, 3.51946020126, 2.86334657669, 1.88119018078, 0.604284822941, 0.0889699682593, 0.021964289248, 0.00124584999867, 4.94090309076e-05, 1.07652140287e-05, 1.12409334179e-05],
        "min": [1.13841678436e-22, 1.87585236466e-21, 8.21162792817e-21, 1.97758770402e-20, 1.66884060168e-20, 3.56252440348e-20, 5.43486355275e-20, 1.18949748233e-19, 2.12664361476e-19, 3.91569284955e-19, 4.79281268213e-19, 6.32073831663e-19, 7.6210646886e-19, 7.88634099406e-19, 1.68730472698e-18, 2.99905560058e-18, 2.63098028712e-18, 2.60414406651e-18, 5.04923660407e-18, 3.71131663102e-18, 5.37968740057e-18, 6.72929129977e-18, 6.45733706183e-18, 1.38345849916e-17, 9.82413296772e-18, 8.49502246819e-18, 1.1171021233e-17, 1.36851266898e-17, 1.47435597047e-17, 1.48403249471e-17, 1.4458877225e-17, 1.38347065872e-17, 1.38081375459e-17, 8.76867780306e-18, 6.63161367714e-18, 4.95311656253e-18, 2.69124328988e-18, 1.07254419912e-18, 3.05648328669e-19, 3.48757957816e-20],
        "stdev": [0.00321665592492, 0.0202817246318, 0.15330350399, 2.62697386742, 8.45161056519, 9.92795181274, 29.3387699127, 54.5470619202, 32.4318504333, 35.9029312134, 204.966384888, 124.239677429, 30.2220153809, 159.386199951, 46.1609954834, 42.9678955078, 42.7849998474, 63.4450759888, 117.269271851, 132.068725586, 110.961051941, 85.7867202759, 112.611183167, 31.1205348969, 47.5091934204, 209.27104187, 45.6060523987, 10.8119344711, 13.2523136139, 9.05824184418, 18.4406795502, 13.6687660217, 8.93381214142, 2.50263786316, 0.30311742425, 0.084416218102, 0.00604911195114, 0.000196373002836, 3.36351440637e-05, 3.74763731088e-05]
    },
    "gfcc": {
        "mean": [-152.691070557, 70.6705703735, -114.304336548, 43.2402801514, -86.4808883667, 21.277765274, -56.7759552002, 13.4336109161, -22.4781990051, 3.16358017921, -11.3053379059, -7.06817960739, -1.84976089001],
        "cov": [[15343.1132812, 388.825256348, -2675.60375977, 290.500061035, -726.697387695, -66.7038879395, -571.280517578, -142.645217896, 315.623291016, -202.468551636, 153.361862183, -397.732299805, 260.48614502], [388.825256348, 477.093017578, 5.36560869217, -161.37727356, -65.9882049561, -64.9362335205, -30.088104248, -40.9274291992, -29.7260894775, -9.52709674835, 10.0207920074, -29.1126594543, 3.77406263351], [-2675.60375977, 5.36560869217, 1017.75830078, 92.2733154297, -34.4748649597, -37.872127533, -23.2264709473, 19.4652023315, -163.401565552, 69.1474456787, -61.5445213318, 83.4110946655, -93.3801879883], [290.500061035, -161.37727356, 92.2733154297, 291.58416748, -3.77884054184, -8.93221187592, -56.6251373291, -3.51962709427, -11.8543996811, -5.64061164856, -12.7204971313, -5.87483406067, 6.91156768799], [-726.697387695, -65.9882049561, -34.4748649597, -3.77884054184, 195.441558838, 48.0777282715, 33.3962936401, 4.95906019211, 7.88554286957, -2.06748104095, -17.3858833313, 23.7473278046, 5.1133890152], [-66.7038879395, -64.9362335205, -37.872127533, -8.93221187592, 48.0777282715, 174.976318359, 61.4560852051, 7.63406562805, -31.2006168365, 5.90006923676, -22.0454845428, 25.3732967377, -26.2709827423], [-571.280517578, -30.088104248, -23.2264709473, -56.6251373291, 33.3962936401, 61.4560852051, 149.945587158, 38.8125572205, 2.49628829956, -0.7878703475, -0.372539162636, 9.06984615326, -15.3776721954], [-142.645217896, -40.9274291992, 19.4652023315, -3.51962709427, 4.95906019211, 7.63406562805, 38.8125572205, 114.920913696, 16.0971660614, 10.5197105408, -20.4363098145, 10.7272024155, -19.7249011993], [315.623291016, -29.7260894775, -163.401565552, -11.8543996811, 7.88554286957, -31.2006168365, 2.49628829956, 16.0971660614, 113.333389282, -3.84179258347, 26.2110919952, -35.1393013, 23.0205402374], [-202.468551636, -9.52709674835, 69.1474456787, -5.64061164856, -2.06748104095, 5.90006923676, -0.7878703475, 10.5197105408, -3.84179258347, 70.6636505127, 2.73220205307, 11.5993862152, -19.8503723145], [153.361862183, 10.0207920074, -61.5445213318, -12.7204971313, -17.3858833313, -22.0454845428, -0.372539162636, -20.4363098145, 26.2110919952, 2.73220205307, 73.2107086182, 4.86431455612, 20.1437911987], [-397.732299805, -29.1126594543, 83.4110946655, -5.87483406067, 23.7473278046, 25.3732967377, 9.06984615326, 10.7272024155, -35.1393013, 11.5993862152, 4.86431455612, 100.003845215, 11.752532959], [260.48614502, 3.77406263351, -93.3801879883, 6.91156768799, 5.1133890152, -26.2709827423, -15.3776721954, -19.7249011993, 23.0205402374, -19.8503723145, 20.1437911987, 11.752532959, 66.9802932739]],
        "icov": [[0.000501718255691, -0.000468893093057, 0.00150479213335, -0.000876826408785, 0.00181478250306, -0.00078796420712, 0.00173036160413, -0.000543470436241, 0.000393747468479, -4.40265976067e-05, 6.15905155428e-05, 0.000384381768527, -0.000181107199751], [-0.000468893093057, 0.00373295112513, -0.00147523544729, 0.00294532347471, -0.00112460250966, 0.00163090007845, -0.000933928007726, 0.00092903530458, 0.00132260180544, 0.000325476488797, -0.000210582773434, 0.00095073657576, -0.000424322555773], [0.00150479213335, -0.00147523544729, 0.00632948568091, -0.00325711700134, 0.0055482792668, -0.000940109544899, 0.0048536946997, -0.00144428643398, 0.00293102068827, -0.00117677578237, 0.00101413088851, -0.000361130019883, 0.00169027550146], [-0.000876826408785, 0.00294532347471, -0.00325711700134, 0.00689081661403, -0.00299186934717, 0.00112809613347, -0.000804296811111, 0.000528330623638, 0.000424415396992, 0.00079315318726, -0.000202748764423, 0.00116609386168, -0.00142056297045], [0.00181478250306, -0.00112460250966, 0.0055482792668, -0.00299186934717, 0.0127558698878, -0.00382256065495, 0.00530010508373, -0.000993237015791, -5.91242678638e-06, -0.000109168802737, 0.00248798471875, -0.000313216092763, -0.00122285494581], [-0.00078796420712, 0.00163090007845, -0.000940109544899, 0.00112809613347, -0.00382256065495, 0.010671723634, -0.00594168622047, 0.00248175812885, 0.00196337583475, -0.000669729255605, 0.00211366871372, -0.00319311232306, 0.00444097304717], [0.00173036160413, -0.000933928007726, 0.0048536946997, -0.000804296811111, 0.00530010508373, -0.00594168622047, 0.0159242860973, -0.00527871726081, 0.00163989164867, 0.00127997307573, -0.00216050609015, 0.00246857362799, -0.000428279250627], [-0.000543470436241, 0.00092903530458, -0.00144428643398, 0.000528330623638, -0.000993237015791, 0.00248175812885, -0.00527871726081, 0.0129564404488, -0.00454072793946, -0.000731158710551, 0.00473881373182, -0.00420710677281, 0.0043029198423], [0.000393747468479, 0.00132260180544, 0.00293102068827, 0.000424415396992, -5.91242678638e-06, 0.00196337583475, 0.00163989164867, -0.00454072793946, 0.0172800943255, -0.00206906930543, -0.00455511920154, 0.0063829193823, -0.00405576219782], [-4.40265976067e-05, 0.000325476488797, -0.00117677578237, 0.00079315318726, -0.000109168802737, -0.000669729255605, 0.00127997307573, -0.000731158710551, -0.00206906930543, 0.0172401070595, -0.00241424515843, -0.00211106939241, 0.00517154112458], [6.15905155428e-05, -0.000210582773434, 0.00101413088851, -0.000202748764423, 0.00248798471875, 0.00211366871372, -0.00216050609015, 0.00473881373182, -0.00455511920154, -0.00241424515843, 0.0193221885711, -0.00420027365908, -0.00147824245505], [0.000384381768527, 0.00095073657576, -0.000361130019883, 0.00116609386168, -0.000313216092763, -0.00319311232306, 0.00246857362799, -0.00420710677281, 0.0063829193823, -0.00211106939241, -0.00420027365908, 0.0169906895608, -0.00861033238471], [-0.000181107199751, -0.000424322555773, 0.00169027550146, -0.00142056297045, -0.00122285494581, 0.00444097304717, -0.000428279250627, 0.0043029198423, -0.00405576219782, 0.00517154112458, -0.00147824245505, -0.00861033238471, 0.0260470304638]]
    },
    "melbands": {
        "max": [0.000423067831434, 0.00116059789434, 0.0189630482346, 0.00911710597575, 0.0128697920591, 0.0207283701748, 0.00854653120041, 0.00815851893276, 0.030618717894, 0.0155880404636, 0.00329106394202, 0.0159880630672, 0.0047056870535, 0.00200469791889, 0.00140607985668, 0.00172857893631, 0.00178531324491, 0.00489002186805, 0.00325911282562, 0.0021882285364, 0.00337697099894, 0.00130966922734, 0.00180123245809, 0.00146000133827, 0.000422657292802, 0.000288652430754, 0.00203065737151, 0.00299781211652, 0.0010104002431, 0.000149017898366, 9.97453753371e-05, 0.000171314532054, 8.29846976558e-05, 0.000101421122963, 0.000287976581603, 0.000263189867837, 0.00018252976588, 0.000121526943985, 0.000105486469693, 2.34515500779e-05],
        "mean": [1.86255765584e-05, 2.74331177934e-05, 8.52443190524e-05, 0.000107347455923, 0.000196983863134, 0.000202192211873, 9.42581682466e-05, 8.47707997309e-05, 0.000232946826145, 9.30637397687e-05, 2.75551083178e-05, 5.87255708524e-05, 3.14123171847e-05, 1.72074669536e-05, 1.89800739463e-05, 1.85907556443e-05, 2.43830545514e-05, 3.10826580971e-05, 3.81980971724e-05, 3.00105093629e-05, 2.27283944696e-05, 1.55698890012e-05, 1.60090912686e-05, 1.06384213723e-05, 4.43503813585e-06, 4.45525211035e-06, 8.50154719956e-06, 1.54129647854e-05, 5.02640705236e-06, 1.64663515534e-06, 1.42927365232e-06, 1.73398893821e-06, 1.25668259443e-06, 1.22324456697e-06, 1.98556904252e-06, 1.98896941583e-06, 1.72344618932e-06, 1.40058466513e-06, 1.00700071926e-06, 3.3545649103e-07],
        "min": [1.58043144904e-24, 5.94628519771e-24, 5.43687945145e-24, 1.71158243416e-24, 2.63070596851e-24, 3.01791459674e-24, 3.15143857407e-24, 4.61717526813e-24, 3.78438624897e-24, 3.60638530773e-24, 3.9473767449e-24, 2.98045691717e-24, 5.43042972469e-24, 5.99462974942e-24, 5.91615110556e-24, 5.75373529479e-24, 3.70156058709e-24, 6.961127931e-24, 5.51176641161e-24, 4.85389546527e-24, 6.11038443764e-24, 6.04202648476e-24, 4.39201898299e-24, 6.08900867369e-24, 1.19890472953e-23, 5.83160493804e-24, 7.09198969999e-24, 4.69364152782e-24, 6.91939008937e-24, 6.02262957839e-24, 6.79949506469e-24, 7.95691651799e-24, 8.43635856605e-24, 7.36469418176e-24, 8.0147912983e-24, 8.10455420299e-24, 7.4048740231e-24, 8.14152338045e-24, 7.79932340837e-24, 6.75222257494e-24],
        "stdev": [3.04802488245e-05, 7.16618887964e-05, 0.000685808772687, 0.00051486142911, 0.000875007768627, 0.00112949986942, 0.000459008675534, 0.000466247933218, 0.00183952250518, 0.000669821165502, 0.000154154782649, 0.000636904325802, 0.000238718188484, 9.96788367047e-05, 0.000104654063762, 0.0001003265279, 0.000124617945403, 0.000194139123778, 0.000206883327337, 0.000151164393174, 0.000131353517645, 8.3442988398e-05, 9.905033221e-05, 8.21284047561e-05, 2.20411366172e-05, 2.00841841433e-05, 7.48717939132e-05, 0.000164345401572, 4.01501456508e-05, 7.12978408046e-06, 6.24761923973e-06, 8.64647518029e-06, 5.19825425727e-06, 5.12642782269e-06, 1.07671030491e-05, 1.04532746263e-05, 8.88975682756e-06, 6.51874643154e-06, 4.85626424052e-06, 1.34968786369e-06]
    },
    "melbands128": {
        "max": [0.000620470265858, 0.000464567332529, 0.000498253619298, 0.000405481259804, 0.000734760775231, 0.00200705206953, 0.00797510053962, 0.0342510081828, 0.0266836322844, 0.012386652641, 0.0130346249789, 0.0117112705484, 0.0234121456742, 0.0285782366991, 0.0360343270004, 0.0211870670319, 0.020947067067, 0.00728881685063, 0.0110504282638, 0.00800673384219, 0.00907805841416, 0.0389784127474, 0.0558268800378, 0.0691201463342, 0.0147032393143, 0.00740281166509, 0.00381831312552, 0.00332396570593, 0.0071857389994, 0.0157944858074, 0.0277766212821, 0.0122468452901, 0.00459013553336, 0.00169171730522, 0.00106100167613, 0.00311166536994, 0.00307050230913, 0.00202078092843, 0.00131945393514, 0.00206463877112, 0.00268742954358, 0.00201012333855, 0.00249368720688, 0.00242037442513, 0.00806330703199, 0.00534130819142, 0.00761278206483, 0.00528216874227, 0.00472639128566, 0.00402183365077, 0.00292660831474, 0.00256535015069, 0.00515009369701, 0.00398318050429, 0.00103817554191, 0.0019744602032, 0.00248713721521, 0.00165717222262, 0.00163479615003, 0.00534754851833, 0.00226707290858, 0.000741743831895, 0.000535666709766, 0.000428239320172, 0.000518270302564, 0.000275999627775, 0.000462709664134, 0.000804706593044, 0.00114103360102, 0.00591787090525, 0.00425148848444, 0.00444540940225, 0.00216024392284, 0.000341496779583, 0.00028310919879, 0.000195648550289, 0.000106929823232, 9.68978201854e-05, 8.48945637699e-05, 0.000195701315533, 0.000241123052547, 0.000183780735824, 0.000106831626908, 8.75028272276e-05, 6.83717153152e-05, 8.97674253793e-05, 0.000101636054751, 0.000150510226376, 0.00037656587665, 0.00036456019734, 0.000306344154524, 0.000251364574069, 0.000165578210726, 0.000198562120204, 0.000319854938425, 0.000117080518976, 0.000145530415466, 0.000208824872971, 0.000132906396175, 5.03563023813e-05, 2.59020616795e-05, 2.96306261589e-05, 9.95038317342e-06, 6.41783071842e-06, 4.59617785964e-06, 5.16921591043e-06, 2.9720342809e-06, 3.0817041079e-06, 3.75179047296e-06, 1.83344388915e-06, 1.0463735407e-06, 3.63949624216e-07, 5.7011482113e-07, 4.0988965111e-08, 1.08138042965e-09, 4.51669396329e-10, 7.0497704896e-11, 6.98477803374e-11, 6.60657292761e-11, 6.53119364147e-11, 6.26166896112e-11, 6.21798029732e-11, 5.99856761485e-11, 5.94845839252e-11, 5.71868975785e-11, 5.33275819337e-11, 5.11021225336e-11, 5.04401069523e-11],
        "mean": [2.44117381953e-05, 1.78446371137e-05, 1.6822696125e-05, 1.88294779946e-05, 2.31652538787e-05, 3.25044675265e-05, 5.93221739109e-05, 0.000114727365144, 0.000108004976937, 8.90847004484e-05, 0.000114621827379, 0.00015353829076, 0.000212205486605, 0.000262770539848, 0.000235141560552, 0.000155765956151, 0.000105832637928, 8.12788930489e-05, 8.1450190919e-05, 7.27813094272e-05, 6.8406072387e-05, 0.000165444827871, 0.000299606675981, 0.000264806090854, 9.54387433012e-05, 3.93595291825e-05, 2.64543468802e-05, 2.23095012188e-05, 2.91335582006e-05, 5.34039063496e-05, 7.95851592557e-05, 5.19050008734e-05, 2.78033312497e-05, 1.68939150171e-05, 1.30508287839e-05, 1.93502528418e-05, 2.00254853553e-05, 2.13544608414e-05, 1.56949081429e-05, 1.66551872098e-05, 1.86351426237e-05, 2.23599799938e-05, 2.2867370717e-05, 2.63199963229e-05, 2.93743705697e-05, 3.11313342536e-05, 3.32620329573e-05, 3.94085109292e-05, 4.05787905038e-05, 3.58431825589e-05, 2.73554051091e-05, 2.45029859798e-05, 2.99853927572e-05, 1.8528147848e-05, 1.40212268889e-05, 1.49564248204e-05, 1.78476348083e-05, 1.60038434842e-05, 1.34475794766e-05, 1.89163292816e-05, 1.10716782729e-05, 5.09216351929e-06, 4.20150900027e-06, 4.43521867055e-06, 4.38492679677e-06, 4.42646478405e-06, 4.27472832598e-06, 5.45273860553e-06, 9.25288168219e-06, 1.30474227262e-05, 1.76271478267e-05, 1.74365031853e-05, 6.70131885272e-06, 3.11794087793e-06, 2.0326840513e-06, 1.68650058185e-06, 1.45939486629e-06, 1.38752329804e-06, 1.34429399168e-06, 1.56257488015e-06, 1.72064119397e-06, 1.92013840206e-06, 1.52239374529e-06, 1.15641489629e-06, 1.0290980299e-06, 1.16793080451e-06, 1.22123844903e-06, 1.46637069065e-06, 1.93360460798e-06, 2.55946042671e-06, 2.17286219595e-06, 1.80022641416e-06, 1.71864667209e-06, 1.62179389918e-06, 1.9025912934e-06, 1.50879566263e-06, 1.27947464534e-06, 1.21977268464e-06, 1.21157154354e-06, 8.18017667825e-07, 4.47072181942e-07, 2.70618556897e-07, 1.58031838282e-07, 1.03771242266e-07, 7.34740055464e-08, 6.01430159008e-08, 5.58087300817e-08, 5.0885684999e-08, 4.40683578518e-08, 1.97245153544e-08, 5.46005418656e-09, 1.80119752446e-09, 9.89929915818e-10, 1.18891951839e-10, 2.71519352141e-11, 2.5482322849e-11, 2.17832158561e-11, 2.01437963532e-11, 1.98056206852e-11, 1.97321135126e-11, 1.91402501487e-11, 1.90707311054e-11, 1.77136742774e-11, 1.50228041812e-11, 1.01566732455e-11, 3.79367110642e-12, 1.1704091472e-12, 8.20160129048e-13],
        "min": [6.08987614952e-26, 7.06392054986e-25, 1.73340055186e-24, 1.57093642337e-24, 1.40414154711e-24, 5.67388245523e-24, 2.15944263309e-24, 1.81472284207e-24, 1.2893648492e-24, 1.44945184396e-24, 6.99116144339e-25, 2.88667200516e-24, 1.18675396417e-24, 1.27601919623e-24, 1.54397562282e-24, 3.9234072063e-24, 2.30195252499e-24, 7.55854964947e-25, 2.40503317669e-24, 3.00418664206e-24, 1.83279663149e-24, 3.77511634447e-24, 2.35086663428e-24, 2.30461631105e-24, 1.00709957047e-24, 3.2240390209e-24, 2.18211429829e-24, 5.6450684232e-25, 2.87356705337e-24, 8.24752104256e-25, 2.04526113074e-24, 1.96996672391e-24, 3.04168120088e-24, 3.53985159569e-24, 2.90096458704e-24, 2.55792487253e-24, 4.55500592905e-24, 5.05969744253e-24, 2.31985848425e-24, 8.13949127476e-24, 4.22048946219e-24, 3.09059471852e-24, 3.02155893691e-24, 1.93506870076e-24, 4.39830186567e-24, 2.99244740571e-24, 3.48334548905e-24, 2.66904342521e-24, 5.32403644883e-24, 2.65197977218e-24, 3.15144882926e-24, 4.10025009972e-24, 5.52367781685e-24, 4.3143339332e-24, 4.63187924097e-24, 5.56998119098e-24, 5.77356489137e-24, 4.64995046659e-24, 2.20393458536e-24, 4.32155832137e-24, 4.20365872035e-24, 4.21493233154e-24, 7.3471159942e-24, 8.20565619432e-24, 7.45327300622e-24, 5.34445966324e-24, 3.31957323196e-24, 7.51602610237e-24, 3.81368493742e-24, 3.07700560336e-24, 3.49496225474e-24, 4.58629885787e-24, 6.35914580764e-24, 4.80617884684e-24, 5.29326653479e-24, 3.07075230296e-24, 4.49761905921e-24, 4.96223722757e-24, 4.75229254726e-24, 6.42263688317e-24, 5.17835947762e-24, 5.57306760927e-24, 6.23199878466e-24, 3.03744324288e-24, 9.60486430394e-24, 7.12752472832e-24, 3.18137781757e-24, 3.97545822097e-24, 8.93678036989e-24, 5.42069636441e-24, 5.85031750757e-24, 5.34163001917e-24, 6.86735130203e-24, 5.33683058942e-24, 5.39221769687e-24, 6.15408496521e-24, 5.89077897226e-24, 7.74482810818e-24, 6.19291979871e-24, 7.47934091483e-24, 5.72983162607e-24, 5.21875033926e-24, 6.6546499473e-24, 7.62355415464e-24, 5.39940855845e-24, 5.09743812596e-24, 7.224025294e-24, 7.03944525281e-24, 6.94840281574e-24, 5.53805717343e-24, 5.88604067923e-24, 5.86632743964e-24, 7.0094022741e-24, 6.20701240435e-24, 6.07325788243e-24, 5.59260611617e-24, 6.72665638186e-24, 6.13962987798e-24, 7.92519011011e-24, 6.87171528056e-24, 8.42244700399e-24, 5.33253129749e-24, 6.86015057969e-24, 9.99857847085e-24, 9.94510868983e-24, 7.63119663909e-24, 7.72158116616e-24, 8.3823507819e-24],
        "stdev": [5.0992010074e-05, 3.10975010507e-05, 2.91999331239e-05, 3.58895304089e-05, 5.81226304348e-05, 0.000101030971564, 0.000409510044847, 0.00117278622929, 0.00101159454789, 0.000493748870213, 0.000654906674754, 0.000811053381767, 0.00119490467478, 0.00153847690672, 0.00172148400452, 0.00108417321462, 0.000835175393149, 0.000426121638156, 0.00052773981588, 0.000477715220768, 0.000476848596008, 0.00175207993016, 0.00276211625896, 0.00281273620203, 0.000723510049284, 0.000281545944745, 0.000160364972544, 0.000137165174237, 0.000245127041126, 0.000578563893214, 0.00110011966899, 0.000595284975134, 0.000198380745132, 9.2562448117e-05, 6.78615178913e-05, 0.000137576804264, 0.000138336210512, 0.000131763605168, 8.59416104504e-05, 0.000108891203126, 0.000121394303278, 0.000125960548758, 0.000135392590892, 0.000150892214151, 0.000256276980508, 0.00021149807435, 0.000287497532554, 0.000253091653576, 0.00024080122239, 0.000229636294534, 0.000163734890521, 0.000136758055305, 0.000213714374695, 0.000131055538077, 7.42830889067e-05, 9.22718900256e-05, 0.000134096218972, 9.89205800579e-05, 9.27863002289e-05, 0.000212852333789, 8.95496777957e-05, 3.3630461985e-05, 2.43830018007e-05, 2.34870331042e-05, 2.32940892602e-05, 1.97500776267e-05, 2.31287303905e-05, 3.89803826693e-05, 6.84023834765e-05, 0.000187852841918, 0.000207691336982, 0.000217847235035, 7.03923215042e-05, 1.79436719918e-05, 1.09115408122e-05, 8.21231424197e-06, 6.67434278512e-06, 6.31730335954e-06, 6.01184865445e-06, 8.49952357385e-06, 9.99255371426e-06, 1.03399343061e-05, 7.40591121939e-06, 5.3741314332e-06, 4.47605043519e-06, 5.04557101522e-06, 5.23328299096e-06, 7.01174894857e-06, 1.26898976305e-05, 1.47153823491e-05, 1.22174697026e-05, 1.00595316326e-05, 8.62292381498e-06, 9.20863112697e-06, 1.16035625979e-05, 7.20801926946e-06, 6.31592365608e-06, 7.6635469668e-06, 6.26108385404e-06, 3.51401718035e-06, 1.79586868398e-06, 1.29348950395e-06, 6.07162348842e-07, 3.69830445379e-07, 2.74862230754e-07, 2.35554225014e-07, 1.91441472452e-07, 2.04210834909e-07, 1.91583197306e-07, 9.93068098865e-08, 4.27522870439e-08, 1.82441493024e-08, 1.91972713282e-08, 1.69831038122e-09, 3.66040982247e-11, 2.15194199266e-11, 8.0129288621e-12, 7.87377715111e-12, 7.728575592e-12, 8.09491015885e-12, 7.39453897419e-12, 7.58159680869e-12, 6.85141483478e-12, 5.6542301223e-12, 4.38228750163e-12, 3.51405493246e-12, 3.42016887901e-12, 3.39655842514e-12]
    },
    "mfcc": {
        "mean": [-781.821838379, 87.3139419556, 23.1648368835, 12.765124321, 3.31460547447, -3.94513440132, -9.39304447174, -4.72167634964, -3.84563279152, 5.34932947159, -5.59455060959, -0.550026416779, -2.11569905281],
        "cov": [[9959.14355469, -352.110015869, -1552.69848633, -256.946472168, -34.5912208557, -134.6456604, -450.14932251, -183.45539856, -28.4836902618, 261.434387207, -227.147689819, 16.0011539459, 50.1917953491], [-352.110015869, 639.206115723, 78.8963851929, -111.110214233, -69.9719390869, -52.9291419983, 0.0387942008674, -50.1685333252, -30.5084934235, -48.2262229919, 11.1541643143, -6.77872753143, 2.32745718956], [-1552.69848633, 78.8963851929, 774.494018555, 179.927108765, -1.7879319191, -24.0033378601, 39.4742279053, -52.2373008728, -59.0939674377, -63.011341095, 13.0578222275, -10.7616853714, -26.1588096619], [-256.946472168, -111.110214233, 179.927108765, 236.105514526, 64.7023162842, -37.4828033447, -20.5152282715, -25.4552326202, -10.5999031067, -2.44161939621, -29.2150878906, -7.39523267746, 0.948905110359], [-34.5912208557, -69.9719390869, -1.7879319191, 64.7023162842, 145.894271851, 16.3295898438, -25.232175827, -5.81680011749, -2.00129771233, 2.53475403786, -28.1356201172, -17.7997875214, 2.70377922058], [-134.6456604, -52.9291419983, -24.0033378601, -37.4828033447, 16.3295898438, 147.418991089, 53.4464149475, 14.3848972321, 6.52335357666, -34.1381378174, 17.1687850952, -12.8800468445, -9.5415430069], [-450.14932251, 0.0387942008674, 39.4742279053, -20.5152282715, -25.232175827, 53.4464149475, 114.603370667, 45.1726989746, 8.17418861389, -16.1102600098, 24.3180103302, -2.09942865372, -10.5856800079], [-183.45539856, -50.1685333252, -52.2373008728, -25.4552326202, -5.81680011749, 14.3848972321, 45.1726989746, 112.607284546, 36.8600540161, -5.67577791214, 11.5738172531, 5.3857216835, -1.49435698986], [-28.4836902618, -30.5084934235, -59.0939674377, -10.5999031067, -2.00129771233, 6.52335357666, 8.17418861389, 36.8600540161, 69.2605514526, 23.3019371033, 5.6500415802, 4.0973572731, -2.94183349609], [261.434387207, -48.2262229919, -63.011341095, -2.44161939621, 2.53475403786, -34.1381378174, -16.1102600098, -5.67577791214, 23.3019371033, 102.872375488, 9.06833171844, 2.84328126907, -3.01260566711], [-227.147689819, 11.1541643143, 13.0578222275, -29.2150878906, -28.1356201172, 17.1687850952, 24.3180103302, 11.5738172531, 5.6500415802, 9.06833171844, 72.6725997925, 15.5461463928, -6.07886743546], [16.0011539459, -6.77872753143, -10.7616853714, -7.39523267746, -17.7997875214, -12.8800468445, -2.09942865372, 5.3857216835, 4.0973572731, 2.84328126907, 15.5461463928, 58.9265785217, 12.4687604904], [50.1917953491, 2.32745718956, -26.1588096619, 0.948905110359, 2.70377922058, -9.5415430069, -10.5856800079, -1.49435698986, -2.94183349609, -3.01260566711, -6.07886743546, 12.4687604904, 51.6624755859]],
        "icov": [[0.000220089947106, 9.56935327849e-05, 0.000401428813348, 2.25595413212e-05, 0.000329333124682, -0.000133480411023, 0.000605610490311, 0.000174685497768, 0.000421024247771, -0.000355308846338, 0.000585537927691, -9.88485044218e-05, 0.000167973994394], [9.56935327849e-05, 0.00231831683777, -0.000149022933329, 0.00165727012791, 0.000245657982305, 0.00168332015164, -0.000392282468965, 0.00158754689619, -0.00028074378497, 0.00141917495057, -0.000110102926556, 0.000718342023902, -0.000159288523719], [0.000401428813348, -0.000149022933329, 0.00278161047027, -0.00177388149314, 0.000889191636816, 0.000165091987583, 4.76132045151e-05, 0.000971101922914, 0.00162340223324, 0.000322082982166, 0.000145176236401, -4.78909096273e-05, 0.00121940067038], [2.25595413212e-05, 0.00165727012791, -0.00177388149314, 0.00787208229303, -0.00279682641849, 0.00279504316859, -0.000618214835413, 0.00178039202001, -0.00125526986085, 0.000961872574408, 0.00137560989242, 0.000204026393476, -0.00045471166959], [0.000329333124682, 0.000245657982305, 0.000889191636816, -0.00279682641849, 0.0100818369538, -0.00321085937321, 0.00363233452663, -0.00108387041837, 0.00154154165648, -0.00171844288707, 0.00306905759498, 0.00154353759717, -0.000260995497229], [-0.000133480411023, 0.00168332015164, 0.000165091987583, 0.00279504316859, -0.00321085937321, 0.0122610796243, -0.00608247844502, 0.00335583346896, -0.00278441049159, 0.00553574413061, -0.00316862692125, 0.00243888306431, 0.000572196673602], [0.000605610490311, -0.000392282468965, 4.76132045151e-05, -0.000618214835413, 0.00363233452663, -0.00608247844502, 0.0166005659848, -0.005984085612, 0.00267949956469, -0.0021257258486, 5.59790460102e-05, 0.000242081921897, 0.00135645142291], [0.000174685497768, 0.00158754689619, 0.000971101922914, 0.00178039202001, -0.00108387041837, 0.00335583346896, -0.005984085612, 0.0151958623901, -0.00701880687848, 0.00362848653458, -0.000673524278682, -0.000142830453115, -0.000125173712149], [0.000421024247771, -0.00028074378497, 0.00162340223324, -0.00125526986085, 0.00154154165648, -0.00278441049159, 0.00267949956469, -0.00701880687848, 0.0214742273092, -0.00608379254118, 0.00155020155944, -0.00135606760159, 0.0015774796484], [-0.000355308846338, 0.00141917495057, 0.000322082982166, 0.000961872574408, -0.00171844288707, 0.00553574413061, -0.0021257258486, 0.00362848653458, -0.00608379254118, 0.0150142479688, -0.00447009736672, 0.00141668668948, 0.000869605690241], [0.000585537927691, -0.000110102926556, 0.000145176236401, 0.00137560989242, 0.00306905759498, -0.00316862692125, 5.59790460102e-05, -0.000673524278682, 0.00155020155944, -0.00447009736672, 0.0199081134051, -0.00527895335108, 0.00217466149479], [-9.88485044218e-05, 0.000718342023902, -4.78909096273e-05, 0.000204026393476, 0.00154353759717, 0.00243888306431, 0.000242081921897, -0.000142830453115, -0.00135606760159, 0.00141668668948, -0.00527895335108, 0.0206244457513, -0.00514267152175], [0.000167973994394, -0.000159288523719, 0.00121940067038, -0.00045471166959, -0.000260995497229, 0.000572196673602, 0.00135645142291, -0.000125173712149, 0.0015774796484, 0.000869605690241, 0.00217466149479, -0.00514267152175, 0.0218574367464]]
    },
    "spectral_contrast_coeffs": {
        "max": [-0.389271587133, -0.400279790163, -0.407338917255, -0.480727434158, -0.5733294487, -0.670491695404],
        "mean": [-0.752955317497, -0.814210057259, -0.837966620922, -0.846600472927, -0.842527151108, -0.826953709126],
        "min": [-0.97212600708, -0.973827540874, -0.968723058701, -0.971243202686, -0.964258551598, -0.960766375065],
        "stdev": [0.0804206952453, 0.0804500505328, 0.0519598573446, 0.053286600858, 0.046259213239, 0.0378778725863]
    },
    "spectral_contrast_valleys": {
        "max": [-5.92724180222, -4.9314031601, -4.76017141342, -4.76583623886, -4.90537118912, -7.58476734161],
        "mean": [-8.32524681091, -7.89016819, -8.85390758514, -8.94136714935, -8.83954524994, -10.7069482803],
        "min": [-27.8332614899, -27.9364910126, -27.5743179321, -27.3004188538, -27.3201503754, -27.3490467072],
        "stdev": [1.64610934258, 1.76565146446, 1.76193475723, 1.82174932957, 1.75262999535, 1.53623020649]
    }
},
"rhythm": {
    "beats_count": 59,
    "beats_loudness": {
        "max": 0.168518438935,
        "mean": 0.00990105606616,
        "min": 9.99315670924e-05,
        "stdev": 0.0289146434516
    },
    "bpm": 144.634048462,
    "bpm_histogram_first_peak_bpm": 144,
    "bpm_histogram_first_peak_weight": 0.263157904148,
    "bpm_histogram_second_peak_bpm": 101,
    "bpm_histogram_second_peak_spread": 0.363636374474,
    "bpm_histogram_second_peak_weight": 0.12068965286,
    "danceability": 1.11936461926,
    "onset_rate": 3.37775731087,
    "beats_loudness_band_ratio": {
        "max": [0.685142695904, 0.79548150301, 0.782510042191, 0.48236271739, 0.436828196049, 0.546247065067],
        "mean": [0.221793577075, 0.272445648909, 0.216746881604, 0.0869579911232, 0.110357761383, 0.135379850864],
        "min": [0.00698288436979, 0.0124585507438, 0.0244377404451, 0.001799371792, 0.00537673337385, 0.0074296630919],
        "stdev": [0.155365943909, 0.186306878924, 0.164389669895, 0.101850792766, 0.124085910618, 0.12137349695]
    },
    "beats_position": [0.429569154978, 0.882358253002, 1.33514738083, 1.78793644905, 2.24072551727, 2.69351458549, 3.11147379875, 3.52943301201, 3.94739222527, 4.35374164581, 4.76009082794, 5.15482997894, 5.5727891922, 5.99074840546, 6.39709758759, 6.81505680084, 7.23301553726, 7.63936471939, 8.05732440948, 8.47528362274, 8.893242836, 9.31120204926, 9.72916126251, 10.1355104446, 10.5534696579, 10.9714279175, 11.412607193, 11.9350566864, 12.4575052261, 12.9799547195, 13.4559631348, 13.9319725037, 14.3963718414, 14.8723802567, 15.3599996567, 15.8360090256, 16.3236274719, 16.8112468719, 17.298866272, 17.786485672, 18.2741031647, 18.7385025024, 19.2029018402, 19.6789112091, 20.154920578, 20.6309299469, 21.1765975952, 21.733877182, 22.3259868622, 22.918094635, 23.5102043152, 24.1139221191, 24.7176418304, 25.3213596344, 25.9134693146, 26.5171871185, 27.1092967987, 27.7014045715, 28.2935142517],
