{
"metadata": {
    "version": {
        "essentia": "2.1-beta5",
        "essentia_git_sha": "Undefined",
        "extractor": "music 2.0"
    },
    "audio_properties": {
        "analysis": {
            "equal_loudness": 0,
            "length": 20.5612697601,
            "sample_rate": 44100,
            "start_time": 223.991287231,
            "downmix": "mix"
        },
        "bit_rate": 192000,
        "length": 244.575790405,
        "lossless": 0,
        "number_channels": 1,
        "replay_gain": 2.93381690979,
        "sample_rate": 48000,
        "codec": "mp3",
        "md5_encoded": "d53a06fd40b4a625c6b7eeaa746ed03d"
    },
    "tags": {
        "file_name": "Italy_Era_Wess _ Dori Ghezzi.mp3",
        "encoding": ["Lavf58.29.100"]
    }
},
"lowlevel": {
    "average_loudness": 0.966809749603,
    "barkbands_crest": {
        "max": 11.2478046417,
        "mean": 4.72706747055,
        "min": 2.61037826538,
        "stdev": 1.13191533089
    },
    "barkbands_flatness_db": {
        "max": 0.152355507016,
        "mean": 0.110533371568,
        "min": 0.0610515102744,
        "stdev": 0.0166232138872
    },
    "barkbands_kurtosis": {
        "max": 4.51642751694,
        "mean": 0.584497988224,
        "min": -1.08399939537,
        "stdev": 0.640441060066
    },
    "barkbands_skewness": {
        "max": 0.949924051762,
        "mean": 0.0173280127347,
        "min": -1.34936928749,
        "stdev": 0.292682051659
    },
    "barkbands_spread": {
        "max": 30.8916301727,
        "mean": 16.3897686005,
        "min": 9.81558609009,
        "stdev": 3.5723233223
    },
    "dissonance": {
        "max": 0.499999970198,
        "mean": 0.492940276861,
        "min": 0.425827711821,
        "stdev": 0.00702814944088
    },
    "dynamic_complexity": 1.27806901932,
    "erbbands_crest": {
        "max": 14.8399801254,
        "mean": 6.37042713165,
        "min": 3.65484929085,
        "stdev": 1.53501617908
    },
    "erbbands_flatness_db": {
        "max": 0.25802218914,
        "mean": 0.210070282221,
        "min": 0.15758946538,
        "stdev": 0.0170389413834
    },
    "erbbands_kurtosis": {
        "max": 4.1713552475,
        "mean": 0.799871563911,
        "min": -0.855971574783,
        "stdev": 0.671702682972
    },
    "erbbands_skewness": {
        "max": 1.4973180294,
        "mean": 0.445133417845,
        "min": -0.450207203627,
        "stdev": 0.261344701052
    },
    "erbbands_spread": {
        "max": 38.0854606628,
        "mean": 18.7963275909,
        "min": 8.14602184296,
        "stdev": 4.09330272675
    },
    "hfc": {
        "max": 153.836654663,
        "mean": 43.5724983215,
        "min": 2.26205611229,
        "stdev": 20.109457016
    },
    "loudness_ebu128": {
        "integrated": -28.8656139374,
        "loudness_range": 3.39608764648,
        "momentary": {
            "max": -26.9042224884,
            "mean": -29.0674571991,
            "min": -32.2412872314,
            "stdev": 1.3599524498
        },
        "short_term": {
            "max": -27.522977829,
            "mean": -29.1570777893,
            "min": -31.280380249,
            "stdev": 1.22124969959
        }
    },
    "melbands_crest": {
        "max": 13.6833562851,
        "mean": 5.17933607101,
        "min": 3.1308631897,
        "stdev": 1.33682286739
    },
    "melbands_flatness_db": {
        "max": 0.113224990666,
        "mean": 0.0748310014606,
        "min": 0.042039334774,
        "stdev": 0.0129020391032
    },
    "melbands_kurtosis": {
        "max": 5.1222410202,
        "mean": 1.09965372086,
        "min": -0.844345092773,
        "stdev": 0.759852647781
    },
    "melbands_skewness": {
        "max": 1.4220366478,
        "mean": 0.336584210396,
        "min": -0.952557682991,
        "stdev": 0.319518208504
    },
    "melbands_spread": {
        "max": 64.6001739502,
        "mean": 34.813911438,
        "min": 20.0018692017,
        "stdev": 7.15321016312
    },
    "pitch_salience": {
        "max": 0.877114355564,
        "mean": 0.799801647663,
        "min": 0.637798786163,
        "stdev": 0.0313466154039
    },
    "silence_rate_20dB": {
        "max": 1,
        "mean": 1,
        "min": 1,
        "stdev": 0
    },
    "silence_rate_30dB": {
        "max": 1,
        "mean": 1,
        "min": 1,
        "stdev": 0
    },
    "silence_rate_60dB": {
        "max": 0,
        "mean": 0,
        "min": 0,
        "stdev": 0
    },
    "spectral_centroid": {
        "max": 2904.04394531,
        "mean": 2255.41748047,
        "min": 1726.87390137,
        "stdev": 199.020996094
    },
    "spectral_complexity": {
        "max": 58,
        "mean": 39.7531013489,
        "min": 1,
        "stdev": 7.44623231888
    },
    "spectral_decrease": {
        "max": -2.61705268567e-10,
        "mean": -4.96987739851e-09,
        "min": -1.45584921896e-08,
        "stdev": 2.1786388249e-09
    },
    "spectral_energy": {
        "max": 0.0650178343058,
        "mean": 0.0227096248418,
        "min": 0.00119291304145,
        "stdev": 0.0099644176662
    },
    "spectral_energyband_high": {
        "max": 0.00813037902117,
        "mean": 0.00178412382957,
        "min": 4.55280132883e-05,
        "stdev": 0.00105403654743
    },
    "spectral_energyband_low": {
        "max": 0.00562410010025,
        "mean": 0.000260694767348,
        "min": 2.09425797948e-05,
        "stdev": 0.000297824211884
    },
    "spectral_energyband_middle_high": {
        "max": 0.052229527384,
        "mean": 0.0178774446249,
        "min": 0.000949749664869,
        "stdev": 0.00814127456397
    },
    "spectral_energyband_middle_low": {
        "max": 0.0146826952696,
        "mean": 0.00299798534252,
        "min": 0.000179607479367,
        "stdev": 0.00202965806238
    },
    "spectral_entropy": {
        "max": 8.38018512726,
        "mean": 8.06818008423,
        "min": 7.73583745956,
        "stdev": 0.0910721793771
    },
    "spectral_flux": {
        "max": 0.180055305362,
        "mean": 0.101782396436,
        "min": 0.0468326024711,
        "stdev": 0.0216966420412
    },
    "spectral_kurtosis": {
        "max": 15.7894020081,
        "mean": 2.99417662621,
        "min": 0.674330234528,
        "stdev": 1.27375757694
    },
    "spectral_rms": {
        "max": 0.00796442292631,
        "mean": 0.00458801165223,
        "min": 0.00107880379073,
        "stdev": 0.00105161231477
    },
    "spectral_rolloff": {
        "max": 6266.16210938,
        "mean": 2770.7644043,
        "min": 1873.38867188,
        "stdev": 566.47265625
    },
    "spectral_skewness": {
        "max": 3.4291601181,
        "mean": 1.35432493687,
        "min": 0.744727730751,
        "stdev": 0.200772106647
    },
    "spectral_spread": {
        "max": 7488412.5,
        "mean": 3714228.5,
        "min": 2411898,
        "stdev": 472591.53125
    },
    "spectral_strongpeak": {
        "max": 6.00664281845,
        "mean": 1.35853290558,
        "min": 0.0829758793116,
        "stdev": 0.848879814148
    },
    "zerocrossingrate": {
        "max": 0.1279296875,
        "mean": 0.101593330503,
        "min": 0.0244140625,
        "stdev": 0.00919614359736
    },
    "barkbands": {
        "max": [0.000340865604812, 0.00209654867649, 0.0033380233217, 0.000898751779459, 0.0091283172369, 0.00262247631326, 0.00225194590166, 0.0041605765, 0.0104138795286, 0.00769573543221, 0.008430195041, 0.0119155785069, 0.0116868373007, 0.0146128945053, 0.0130227105692, 0.00937422085553, 0.0108316438273, 0.0166852734983, 0.00481520080939, 0.00255054282025, 0.00283459061757, 0.00217644474469, 0.0026755197905, 0.00210635992698, 0.000369553337805, 6.26029795967e-05, 3.04241638105e-07],
        "mean": [6.05877139606e-05, 0.00011993933731, 7.34097702662e-05, 6.54914401821e-05, 0.000264281406999, 0.000272104487522, 0.000372291659005, 0.000432248256402, 0.00120028061792, 0.00145456800237, 0.00160768977366, 0.00219762232155, 0.00220992206596, 0.0024991100654, 0.00256953039207, 0.00220763660036, 0.00156625197269, 0.000993308029138, 0.00055350700859, 0.000445969722932, 0.000453430606285, 0.000425374601036, 0.000365306419553, 0.000222450398724, 7.49785613152e-05, 2.33363721236e-06, 2.1835611097e-09],
        "min": [8.12330938516e-07, 4.88057457915e-06, 8.34574450437e-07, 4.22491382324e-07, 5.0814687711e-06, 5.3942148952e-06, 6.98051599102e-06, 2.11833212234e-05, 4.66056371806e-05, 3.43400679412e-05, 2.20481870201e-05, 8.22108922875e-05, 0.000125802311231, 7.65420409152e-05, 0.000138937131851, 0.000162441749126, 0.000126674334751, 4.12352019339e-05, 1.80244369403e-05, 1.06447714643e-05, 1.7559468688e-05, 1.03716038211e-05, 8.9965906227e-06, 4.67734435006e-06, 5.68356540498e-07, 4.84176143623e-10, 6.00790750482e-10],
        "stdev": [4.73439031339e-05, 0.000143937271787, 0.000150898078573, 9.13048716029e-05, 0.000645389896818, 0.000279588537524, 0.00033149443334, 0.000390390661778, 0.00108744774479, 0.00106411415618, 0.00116547744256, 0.00148096086923, 0.00141600426286, 0.0017891896423, 0.00172137853224, 0.00143786333501, 0.0012113439152, 0.00116619828623, 0.000437931477791, 0.00029946299037, 0.000300918851281, 0.000291803997243, 0.00026794266887, 0.000162719545187, 5.94502089371e-05, 6.44708779873e-06, 1.30680017918e-08]
    },
    "erbbands": {
        "max": [0.023314204067, 0.642659664154, 3.39955973625, 3.79131484032, 18.0691757202, 43.122467041, 22.2371864319, 24.8058815002, 34.2825813293, 50.0271911621, 94.3938598633, 311.834991455, 269.459686279, 278.392272949, 425.277862549, 555.612060547, 516.282409668, 599.139526367, 868.413208008, 528.64630127, 488.543029785, 563.253845215, 985.877624512, 299.381011963, 161.955108643, 114.834014893, 141.235641479, 136.520935059, 68.1600494385, 80.087677002, 76.9804763794, 37.5856781006, 35.7227363586, 6.36136007309, 2.11849427223, 0.57197868824, 0.0471711009741, 0.00101233657915, 0.00011976636597, 0.000109628890641],
        "mean": [0.00393704185262, 0.0257592611015, 0.0773512646556, 0.16333244741, 0.526219666004, 0.971797168255, 1.3426053524, 2.51952409744, 4.58801460266, 6.88552808762, 12.3703527451, 26.338394165, 39.1973648071, 57.0138397217, 70.396774292, 93.2915802002, 101.784835815, 122.722183228, 134.588302612, 133.337036133, 113.717041016, 88.5554656982, 60.3805923462, 34.4197273254, 25.2706031799, 21.252948761, 19.3122673035, 17.2524585724, 15.111992836, 13.3045454025, 9.92193412781, 6.02833747864, 2.97837328911, 1.23553574085, 0.33247590065, 0.0362447425723, 0.00125097297132, 7.96169915702e-05, 2.76586652035e-05, 3.40763835993e-05],
        "min": [0.000123445715872, 0.000795236555859, 0.00153017684352, 0.00665550399572, 0.00810497347265, 0.0170017257333, 0.0485096424818, 0.0772928744555, 0.176482990384, 0.372724682093, 0.690420091152, 1.01010906696, 1.50317299366, 0.961379170418, 0.876652359962, 4.24428796768, 6.14545917511, 4.42117452621, 2.94779682159, 9.65041828156, 7.86892986298, 7.12346220016, 5.20506954193, 1.75273191929, 1.14079868793, 0.49719157815, 0.547954499722, 0.770143270493, 0.448673903942, 0.145714834332, 0.325809627771, 0.0790853798389, 0.0679389759898, 0.0120044937357, 0.001765633584, 0.000108160587843, 1.54852532432e-05, 3.67366305909e-06, 3.601131084e-06, 4.1081125346e-06],
        "stdev": [0.00339239882305, 0.0394740253687, 0.15539522469, 0.226577877998, 1.36292135715, 2.74085092545, 1.82742857933, 2.46151375771, 4.20424795151, 5.8009223938, 10.8267221451, 25.5687065125, 30.5769329071, 39.6380996704, 45.9819602966, 63.8461036682, 62.1017684937, 83.8735733032, 93.4638214111, 80.192817688, 72.5853118896, 68.0950622559, 67.9727783203, 28.4329051971, 18.6398048401, 14.1825876236, 13.4610013962, 11.5760421753, 10.0019884109, 9.90496826172, 7.3660774231, 4.35016298294, 2.34093594551, 0.899430751801, 0.339365839958, 0.0650722011924, 0.00290215061978, 8.66294067237e-05, 1.44182276927e-05, 1.5096480638e-05]
    },
    "gfcc": {
        "mean": [22.806186676, 54.9782447815, -204.267227173, 31.4474964142, -78.2096786499, 38.528011322, -41.9736328125, 6.11012983322, -10.4438695908, -6.61418867111, -3.96893715858, -9.20977687836, 4.75646829605],
        "cov": [[733.571105957, -176.389312744, 15.0960025787, -26.5974884033, -48.5499916077, -14.7202720642, -40.0624656677, 44.9489440918, -69.3853530884, 22.8656730652, -45.4673271179, 28.8434104919, -20.0600223541], [-176.389312744, 261.172851562, -15.2957086563, 37.5838127136, 16.6681365967, -35.4762878418, 20.1315135956, -74.2776260376, 47.0556221008, -68.2370376587, 38.7512626648, -49.8379974365, 28.9198760986], [15.0960025787, -15.2957086563, 120.269836426, 8.64824962616, 2.85419917107, 15.2166452408, -30.5303478241, 15.5482168198, -51.0271568298, 34.2242050171, -36.9035224915, 22.1687755585, -25.6212215424], [-26.5974884033, 37.5838127136, 8.64824962616, 68.4637374878, 21.905916214, 4.60594081879, 14.8731784821, -14.9169931412, 12.6686830521, -22.3115520477, 11.7434110641, -11.9221305847, 2.50384831429], [-48.5499916077, 16.6681365967, 2.85419917107, 21.905916214, 65.6663742065, 20.692565918, 6.81091022491, 9.79567623138, 2.33199286461, -3.98399281502, -4.98244905472, 1.39744579792, -1.77901494503], [-14.7202720642, -35.4762878418, 15.2166452408, 4.60594081879, 20.692565918, 52.6587142944, 17.5785751343, 14.6763515472, 0.968825161457, 13.5759973526, -5.57039070129, 4.23687171936, -2.6704826355], [-40.0624656677, 20.1315135956, -30.5303478241, 14.8731784821, 6.81091022491, 17.5785751343, 50.0281105042, 3.34675168991, 28.3224487305, -6.26733398438, 14.214963913, -11.1981496811, 6.64131212234], [44.9489440918, -74.2776260376, 15.5482168198, -14.9169931412, 9.79567623138, 14.6763515472, 3.34675168991, 61.3497505188, -3.65858411789, 32.3699302673, -13.2001361847, 19.3932952881, -11.5700292587], [-69.3853530884, 47.0556221008, -51.0271568298, 12.6686830521, 2.33199286461, 0.968825161457, 28.3224487305, -3.65858411789, 72.8257675171, -8.62424564362, 33.0211715698, -15.625202179, 16.2943344116], [22.8656730652, -68.2370376587, 34.2242050171, -22.3115520477, -3.98399281502, 13.5759973526, -6.26733398438, 32.3699302673, -8.62424564362, 67.8249511719, -9.67373466492, 23.6691951752, -10.5113773346], [-45.4673271179, 38.7512626648, -36.9035224915, 11.7434110641, -4.98244905472, -5.57039070129, 14.214963913, -13.2001361847, 33.0211715698, -9.67373466492, 51.9137878418, -0.989181041718, 18.1085090637], [28.8434104919, -49.8379974365, 22.1687755585, -11.9221305847, 1.39744579792, 4.23687171936, -11.1981496811, 19.3932952881, -15.625202179, 23.6691951752, -0.989181041718, 44.6235084534, 0.0966800004244], [-20.0600223541, 28.9198760986, -25.6212215424, 2.50384831429, -1.77901494503, -2.6704826355, 6.64131212234, -11.5700292587, 16.2943344116, -10.5113773346, 18.1085090637, 0.0966800004244, 35.0057945251]],
        "icov": [[0.00190271914471, 0.00017124581791, 0.00181379367132, -0.00162245018873, 0.00208798330277, -0.000375740375603, 0.00146630289964, -0.00170393974986, 0.00178404792678, -0.000149227693328, 0.00132230354939, -0.000561377732083, 7.08271909389e-05], [0.00017124581791, 0.0313822813332, -0.0389191322029, 0.0230086613446, -0.0254157409072, 0.0326619669795, -0.026209147647, 0.024538077414, -0.0201126672328, 0.0209984630346, -0.0188392661512, 0.022311527282, -0.0163254551589], [0.00181379367132, -0.0389191322029, 0.0725182145834, -0.0423495955765, 0.0379779525101, -0.0481216944754, 0.0441707074642, -0.0314519293606, 0.0341558270156, -0.0349937602878, 0.0323074944317, -0.032665990293, 0.0257530510426], [-0.00162245018873, 0.0230086613446, -0.0423495955765, 0.045392472297, -0.0298304390162, 0.028232621029, -0.0302095692605, 0.0230549871922, -0.0203765518963, 0.024105316028, -0.0227260440588, 0.0201664492488, -0.0117685310543], [0.00208798330277, -0.0254157409072, 0.0379779525101, -0.0298304390162, 0.0447724014521, -0.036066673696, 0.0273951478302, -0.0260087698698, 0.0181930270046, -0.015542825684, 0.0211583226919, -0.0213183518499, 0.0138321807608], [-0.000375740375603, 0.0326619669795, -0.0481216944754, 0.028232621029, -0.036066673696, 0.0643445029855, -0.0426496490836, 0.0249931775033, -0.0214900206774, 0.0189264994115, -0.019436115399, 0.023673709482, -0.0193361025304], [0.00146630289964, -0.026209147647, 0.0441707074642, -0.0302095692605, 0.0273951478302, -0.0426496490836, 0.0610485933721, -0.0270948261023, 0.0129788471386, -0.0188903026283, 0.0164405088872, -0.0150500340387, 0.0144071793184], [-0.00170393974986, 0.024538077414, -0.0314519293606, 0.0230549871922, -0.0260087698698, 0.0249931775033, -0.0270948261023, 0.0487331151962, -0.021228030324, 0.00823331810534, -0.00986120197922, 0.00875003822148, -0.00665472261608], [0.00178404792678, -0.0201126672328, 0.0341558270156, -0.0203765518963, 0.0181930270046, -0.0214900206774, 0.0129788471386, -0.021228030324, 0.0430760793388, -0.0187079515308, 0.00250803143717, -0.00702830171213, 0.00695511884987], [-0.000149227693328, 0.0209984630346, -0.0349937602878, 0.024105316028, -0.015542825684, 0.0189264994115, -0.0188903026283, 0.00823331810534, -0.0187079515308, 0.0422992967069, -0.0154435131699, 0.00843362603337, -0.00843563955277], [0.00132230354939, -0.0188392661512, 0.0323074944317, -0.0227260440588, 0.0211583226919, -0.019436115399, 0.0164405088872, -0.00986120197922, 0.00250803143717, -0.0154435131699, 0.0493570752442, -0.0242670569569, 0.0035375484731], [-0.000561377732083, 0.022311527282, -0.032665990293, 0.0201664492488, -0.0213183518499, 0.023673709482, -0.0150500340387, 0.00875003822148, -0.00702830171213, 0.00843362603337, -0.0242670569569, 0.0527176745236, -0.019423795864], [7.08271909389e-05, -0.0163254551589, 0.0257530510426, -0.0117685310543, 0.0138321807608, -0.0193361025304, 0.0144071793184, -0.00665472261608, 0.00695511884987, -0.00843563955277, 0.0035375484731, -0.019423795864, 0.0485335104167]]
    },
    "melbands": {
        "max": [0.000401450553909, 0.00143253558781, 0.000567827082705, 0.0023697456345, 0.000793079147115, 0.000551750359591, 0.000491950835567, 0.000553490885068, 0.000872102798894, 0.00177538197022, 0.00136837607715, 0.00105249159969, 0.00112894480117, 0.00136817852035, 0.00138738076203, 0.000970558612607, 0.00126047327649, 0.00156942987815, 0.00111587822903, 0.000738588743843, 0.000575586629566, 0.00074461766053, 0.00112127396278, 0.000504728290252, 0.00023824654636, 0.000193160449271, 0.000102857949969, 8.30042190501e-05, 9.50466637732e-05, 7.85071097198e-05, 9.10714152269e-05, 4.20273827331e-05, 5.17490807397e-05, 4.2323332309e-05, 5.12366495968e-05, 3.0212026104e-05, 2.76839091384e-05, 2.92580571113e-05, 1.12202060336e-05, 5.74306977796e-06],
        "mean": [3.87512227462e-05, 3.88252192352e-05, 3.8477461203e-05, 5.48169082322e-05, 4.64297409053e-05, 5.70835582039e-05, 7.24822602933e-05, 7.77016612119e-05, 0.000112034416816, 0.000174174565473, 0.000196193272131, 0.000225440817303, 0.000226698073675, 0.0002399438672, 0.000238627413637, 0.000221114431042, 0.000227809257922, 0.000215470441617, 0.000193234023754, 0.000164788289112, 0.000125642167404, 9.54722272581e-05, 6.89241351211e-05, 4.20516407758e-05, 2.63052643277e-05, 1.97643603315e-05, 1.55652596732e-05, 1.37380975502e-05, 1.21817047329e-05, 1.09002048703e-05, 9.73275746219e-06, 8.65244874149e-06, 7.90319336375e-06, 7.14365978638e-06, 5.91560865359e-06, 4.67722884423e-06, 3.30690090777e-06, 2.23520623877e-06, 1.45718695421e-06, 8.95011453395e-07],
        "min": [2.12171653402e-06, 2.21246727961e-06, 1.21856078295e-06, 8.50580988754e-07, 1.54265649144e-06, 1.77211484242e-06, 2.5791207463e-06, 4.88370415042e-06, 4.51156256531e-06, 5.8227133195e-06, 7.18710680303e-06, 3.76831644644e-06, 2.84663178718e-06, 5.68829864278e-06, 8.20568220661e-06, 1.05721655927e-05, 8.54796599015e-06, 3.47765671904e-06, 1.35240115924e-05, 1.32643999677e-05, 4.19780553784e-06, 7.43285863791e-06, 3.89013621316e-06, 2.07762855098e-06, 1.03212425984e-06, 8.78176138031e-07, 6.06242338108e-07, 2.33550082385e-07, 3.63891132338e-07, 2.45649175667e-07, 5.46048511296e-07, 2.76477123862e-07, 1.19571922141e-07, 6.74292053304e-08, 2.48995633001e-07, 6.99539910443e-08, 3.74984381324e-08, 3.73544821741e-08, 1.88169000381e-08, 4.2262464639e-09],
        "stdev": [3.38720637956e-05, 6.9408059062e-05, 6.0828984715e-05, 0.000154179841047, 6.74808688927e-05, 5.56976265216e-05, 6.43935782136e-05, 6.48386558169e-05, 0.000102694481029, 0.000166053301655, 0.000154653331265, 0.000160324765602, 0.000155209985678, 0.000163934324519, 0.000164684490301, 0.000141832642839, 0.00016723247245, 0.000160239404067, 0.00013072094589, 0.000108697429823, 8.53423989611e-05, 7.54771826905e-05, 7.94650914031e-05, 4.35340371041e-05, 2.23763599934e-05, 1.70234889083e-05, 1.08537451524e-05, 9.81023003988e-06, 9.20492129808e-06, 7.64111155149e-06, 6.99128531778e-06, 5.9076778598e-06, 5.89205228607e-06, 5.61175147595e-06, 4.66250139652e-06, 3.55097949978e-06, 2.5563113013e-06, 1.86201668839e-06, 1.11122392354e-06, 6.90869399023e-07]
    },
    "melbands128": {
        "max": [0.000182766030775, 0.000254056503763, 0.000511007965542, 0.00121214403771, 0.00177209055983, 0.00156820937991, 0.000960594741628, 0.000476842338685, 0.00171573238913, 0.00365104735829, 0.00329625722952, 0.00102860119659, 0.000976333860308, 0.000638622848783, 0.000628810259514, 0.000712029810529, 0.000969160057139, 0.00084383180365, 0.000580594700295, 0.000899090431631, 0.000793949351646, 0.00114426354412, 0.00119226472452, 0.002368489746, 0.00386470369995, 0.00258468114771, 0.00237054168247, 0.0018410020275, 0.00107544462662, 0.00168861541897, 0.00164555641823, 0.00179654348176, 0.00138423149474, 0.00219070003368, 0.00184496759903, 0.00213414686732, 0.00311470567249, 0.0023307800293, 0.00283290608786, 0.0014612255618, 0.00163762329612, 0.00186587311327, 0.00238506915048, 0.00234164856374, 0.00173295137938, 0.00209166947752, 0.00161889893934, 0.0016843341291, 0.00138822710142, 0.00102300813887, 0.00115602870937, 0.00111873459537, 0.000921953294892, 0.000960623205174, 0.00111965939868, 0.000833894242533, 0.000821385940071, 0.000730672618374, 0.00189550151117, 0.00106813269667, 0.000414303969592, 0.000387440348277, 0.000244079856202, 0.00022678336245, 0.00034273872734, 0.000268916250207, 0.000136068076245, 0.000187595083844, 0.000100123725133, 9.05465058167e-05, 8.03286166047e-05, 0.000133404566441, 0.000142877950566, 0.00012009756756, 0.000116373121273, 7.82253628131e-05, 8.28713382361e-05, 6.50059082545e-05, 0.000117960735224, 8.92755415407e-05, 4.77194225823e-05, 5.70401462028e-05, 4.88656914968e-05, 6.88990912749e-05, 6.89329463057e-05, 6.64187318762e-05, 5.36302104592e-05, 7.18773226254e-05, 6.33208328509e-05, 5.64285001019e-05, 4.01355719077e-05, 3.92367583117e-05, 2.43209233304e-05, 2.82907221845e-05, 4.01855504606e-05, 1.96679557121e-05, 3.78447621188e-05, 2.61390505329e-05, 9.50856247073e-06, 6.66749565426e-06, 6.3232841967e-06, 7.60582315706e-06, 6.51165191812e-06, 3.88442776966e-06, 3.07244499709e-06, 2.5335839382e-06, 3.30647912961e-06, 2.1723762984e-06, 1.24477094232e-06, 9.58690293373e-07, 6.14572797986e-07, 1.76139010932e-07, 4.92036900113e-09, 2.07136086061e-09, 1.96720040258e-09, 1.83119674979e-09, 1.7078501946e-09, 1.55132429125e-09, 1.456680776e-09, 1.39658418163e-09, 1.32894495408e-09, 1.24706411864e-09, 1.14905507331e-09, 1.16429432762e-09, 1.10598097347e-09, 1.06581066195e-09, 1.06017172818e-09, 1.04932507128e-09],
        "mean": [4.06837607443e-05, 3.48145294993e-05, 3.90219320252e-05, 4.41264237452e-05, 3.92342735722e-05, 3.67764369003e-05, 2.9352355341e-05, 3.62627542927e-05, 5.57714010938e-05, 5.73307406739e-05, 5.66091948713e-05, 4.39333889517e-05, 4.55162444268e-05, 4.56294983451e-05, 5.30584729859e-05, 6.5131309384e-05, 7.11786269676e-05, 7.16026988812e-05, 7.75096996222e-05, 7.56050576456e-05, 7.75016014813e-05, 8.5691572167e-05, 0.000108862303023, 0.00014597979316, 0.000167692036484, 0.000184883843758, 0.00019637272635, 0.000192953753867, 0.000196943554329, 0.000221555033932, 0.000236052306718, 0.00023580098059, 0.000222394606681, 0.000223534720135, 0.000227138269111, 0.000243125105044, 0.000266396236839, 0.000238457127125, 0.000225093550398, 0.000217238310142, 0.00021771118918, 0.000230069592362, 0.000233226295677, 0.000221471491386, 0.000224129355047, 0.000214714091271, 0.000206623109989, 0.000197966612177, 0.000187118086615, 0.000175941851921, 0.000167654070538, 0.000147709230077, 0.000130055239424, 0.000117853371194, 0.000108831845864, 9.70128021436e-05, 8.13729930087e-05, 7.21873147995e-05, 6.87709252816e-05, 5.3974596085e-05, 4.05014761782e-05, 3.37117780873e-05, 2.84805355477e-05, 2.47463849519e-05, 2.13050152524e-05, 2.00413378479e-05, 1.88717112906e-05, 1.64851498994e-05, 1.45230396811e-05, 1.45685653479e-05, 1.39422072607e-05, 1.32958575705e-05, 1.27695875562e-05, 1.18845709949e-05, 1.1760959751e-05, 1.10219725684e-05, 1.07455571197e-05, 9.68314361671e-06, 9.88841111393e-06, 9.4382903626e-06, 8.76719150256e-06, 8.55762846186e-06, 7.72129442339e-06, 7.96057611296e-06, 7.93965227786e-06, 7.46709201849e-06, 6.89264425091e-06, 6.3815100475e-06, 5.98464430368e-06, 5.48782963961e-06, 5.1466381592e-06, 4.50313154943e-06, 3.81086215384e-06, 3.39452299158e-06, 2.95555696539e-06, 2.50529637924e-06, 2.11852307075e-06, 1.76813489361e-06, 1.53196026531e-06, 1.26569887016e-06, 1.07852793008e-06, 8.54637733028e-07, 6.43386215415e-07, 5.28597126959e-07, 3.31194797809e-07, 2.44767505819e-07, 1.37933312772e-07, 8.5227931379e-08, 2.79833045624e-08, 1.10962776745e-08, 2.43464959304e-09, 2.98590568937e-10, 3.05489349095e-11, 1.65742298358e-11, 1.3678476754e-11, 1.33838513189e-11, 1.19144659416e-11, 1.05356834368e-11, 1.02688135772e-11, 9.98619156117e-12, 9.64921371971e-12, 9.49464899064e-12, 9.29862437049e-12, 9.02497000743e-12, 7.97888751597e-12, 6.30248284117e-12, 5.40454399983e-12, 5.25053134651e-12],
        "min": [1.33201979224e-07, 5.21847141499e-07, 1.06850791326e-06, 4.80432504446e-07, 7.21465767128e-07, 5.29472117705e-07, 3.96555208226e-07, 1.00547183024e-07, 4.34001435679e-07, 4.86363092023e-07, 9.89670283502e-08, 9.21710125112e-07, 3.66979207911e-07, 9.37852064453e-07, 3.30922830472e-07, 9.65527647168e-07, 1.91002436623e-06, 1.20510958368e-06, 4.06212166126e-07, 6.57914597468e-07, 1.22958897464e-06, 9.30724240789e-07, 1.97081658371e-06, 2.76650507658e-06, 2.27143414122e-06, 2.34923254538e-06, 4.11397923017e-06, 6.81598339725e-06, 3.98156134906e-06, 3.95617644244e-06, 3.65271193914e-06, 3.40164388035e-06, 3.62131481779e-06, 1.82774738278e-06, 9.67320602285e-07, 5.37481446372e-06, 6.76334730088e-06, 4.93083598485e-06, 5.29463750354e-06, 8.54087375046e-06, 6.15356475464e-06, 2.47749699156e-06, 8.0256122601e-06, 1.26907943923e-05, 3.73815737476e-06, 2.26969291361e-07, 3.62116088581e-06, 8.26223367767e-06, 7.17250122761e-06, 6.8593958531e-06, 9.00332361198e-06, 4.0488371269e-06, 3.01296176985e-06, 2.02925298254e-06, 2.27333407565e-06, 3.56830082637e-06, 3.54141479875e-06, 2.46534295911e-06, 1.99675287149e-06, 1.43167301303e-06, 1.42015881011e-06, 3.61741314236e-07, 8.29150849313e-07, 3.86570945921e-07, 4.5447075081e-07, 6.57433417928e-07, 1.01813668607e-06, 7.94235575086e-07, 4.5784540248e-07, 4.38869136588e-07, 2.04383624691e-07, 1.71588439457e-07, 1.91964858232e-07, 4.81513268369e-07, 3.22287178278e-07, 1.84806467018e-07, 1.31075438503e-07, 4.70941330377e-07, 4.55607846561e-07, 5.43643693618e-07, 1.76176314426e-07, 2.02495499479e-07, 1.97172241201e-07, 4.80098059086e-08, 3.91120273946e-08, 3.87405663105e-08, 1.54011257081e-08, 2.41009246338e-07, 3.16751652463e-07, 1.45350384173e-07, 9.07396611183e-08, 5.70219711449e-08, 2.39154189785e-08, 3.0361107406e-08, 5.20399616732e-08, 4.03058173504e-08, 2.9006391955e-08, 1.71915726099e-08, 1.07684678952e-08, 1.14283258412e-08, 1.60398763716e-10, 4.19730028511e-10, 6.72095087917e-11, 8.6760720136e-12, 3.00994906083e-12, 2.46108602248e-12, 1.96894453866e-12, 2.23388256677e-12, 2.16404303331e-12, 1.92090505828e-12, 2.00818636893e-12, 1.67318719643e-12, 1.38452216272e-12, 1.81808051686e-12, 1.50786523025e-12, 1.5706757726e-12, 1.59485293895e-12, 1.80932764431e-12, 2.18839399727e-12, 1.51744881851e-12, 1.7682204442e-12, 1.53443620657e-12, 2.0272256096e-12, 1.90961677894e-12, 1.16213017941e-12, 4.73519173091e-13, 7.26384013702e-14, 2.1009068305e-15],
        "stdev": [2.75435904769e-05, 3.16760706482e-05, 4.34640751337e-05, 7.67633609939e-05, 8.34221355035e-05, 7.36141009838e-05, 4.65363700641e-05, 5.4795473261e-05, 0.000160107461852, 0.000206212498597, 0.000182739415322, 7.01411554473e-05, 7.22307959222e-05, 5.80911582801e-05, 5.91691496084e-05, 7.761787856e-05, 8.31240104162e-05, 7.87896133261e-05, 8.32836085465e-05, 8.13611841295e-05, 8.48177805892e-05, 9.81057164609e-05, 0.000122388926684, 0.000183917043614, 0.000234169638134, 0.000228409218835, 0.000221682319534, 0.000202478418942, 0.00017212050443, 0.000204339099582, 0.000215767198824, 0.000224762829021, 0.000188168807654, 0.000214788480662, 0.000203041156055, 0.000226117597776, 0.000281894142972, 0.000219499721425, 0.000211608290556, 0.000185477634659, 0.000188857928151, 0.0002085340966, 0.000242845111643, 0.000207537101232, 0.000202687209821, 0.000201862960239, 0.000199338348466, 0.000177205685759, 0.000150966327055, 0.000144461751916, 0.000145518191857, 0.000129924548673, 0.000111583700345, 0.000101002064184, 0.000100836849015, 9.34838462854e-05, 8.09982957435e-05, 7.70319384173e-05, 0.000118253512483, 7.38382805139e-05, 4.45987352578e-05, 3.51736125594e-05, 2.816273809e-05, 2.39617293118e-05, 2.24381401495e-05, 2.24372815865e-05, 1.71108149516e-05, 1.46752872752e-05, 1.18649950309e-05, 1.2558920389e-05, 1.18320112961e-05, 1.20284466902e-05, 1.18040916277e-05, 1.09543407234e-05, 1.03798474811e-05, 9.00353461475e-06, 8.97190693649e-06, 7.39340157452e-06, 8.65507900016e-06, 8.28344764159e-06, 6.78945571053e-06, 6.93817810316e-06, 6.05146124144e-06, 6.95981543686e-06, 7.43933742342e-06, 6.83776488586e-06, 5.93065260546e-06, 5.89653745919e-06, 5.53925747226e-06, 4.83661733597e-06, 4.44536999566e-06, 4.07072866437e-06, 3.15713941745e-06, 3.00583178614e-06, 2.85583087134e-06, 2.18861327994e-06, 2.05535411624e-06, 1.67021937614e-06, 1.29470322463e-06, 1.02840738236e-06, 8.91711124495e-07, 7.57363011417e-07, 6.57615032651e-07, 5.61070578442e-07, 4.732451373e-07, 3.90041321907e-07, 3.07975341229e-07, 2.31112679216e-07, 9.98454510182e-08, 6.84370391468e-08, 2.54807250855e-08, 5.94751270455e-09, 2.17928536328e-10, 9.34157265431e-11, 7.98994759243e-11, 7.91139098677e-11, 6.95728058497e-11, 6.42674594098e-11, 6.16137141307e-11, 5.91624527146e-11, 5.70805069877e-11, 5.42778322288e-11, 5.16694569075e-11, 5.11392594937e-11, 4.92940480101e-11, 4.82302184301e-11, 4.79466050196e-11, 4.75849047665e-11]
    },
    "mfcc": {
        "mean": [-578.482421875, 63.8110809326, -53.4512481689, -15.5836839676, -6.48471260071, 10.4937229156, -7.65995264053, 6.57188177109, 1.04173743725, 3.30976629257, -2.84926772118, 2.36987257004, -0.465346068144],
        "cov": [[723.334228516, -129.043289185, -16.3614444733, -14.2173986435, -37.1271133423, -49.3743934631, -4.69878005981, -0.441473960876, -6.29876184464, -23.341135025, 5.40793800354, -19.7734565735, -21.3087902069], [-129.043289185, 164.820587158, 10.9623680115, 20.8515644073, 10.8819074631, 6.44751977921, -12.5485010147, -13.8058042526, -8.71078395844, -7.26948547363, -16.504234314, -8.39830493927, -9.21463012695], [-16.3614444733, 10.9623680115, 89.8108673096, 11.6104850769, -1.93649232388, 7.36074542999, 1.07529473305, -14.6237382889, -12.6622848511, -5.96060800552, -5.77714920044, -7.99821233749, -0.532846927643], [-14.2173986435, 20.8515644073, 11.6104850769, 59.4596328735, 14.4436635971, 4.66104841232, 1.722905159, 2.92146801949, -5.79832935333, -6.94938516617, -4.5270409584, -1.6657102108, -4.95306444168], [-37.1271133423, 10.8819074631, -1.93649232388, 14.4436635971, 57.8393135071, 8.76501846313, 6.77089738846, 7.73992204666, 3.097697258, -7.37480545044, -1.80144476891, -0.746164083481, -1.6114730835], [-49.3743934631, 6.44751977921, 7.36074542999, 4.66104841232, 8.76501846313, 51.2585258484, 11.0036783218, 3.72585010529, 4.86707735062, 6.09826612473, -3.44529819489, -0.508166015148, 2.34728455544], [-4.69878005981, -12.5485010147, 1.07529473305, 1.722905159, 6.77089738846, 11.0036783218, 38.5677185059, 8.19544410706, 3.45994853973, 1.57647550106, 0.116964198649, -2.65148711205, -0.13596047461], [-0.441473960876, -13.8058042526, -14.6237382889, 2.92146801949, 7.73992204666, 3.72585010529, 8.19544410706, 40.3577384949, 7.99461603165, 1.20661270618, 2.02137136459, 4.53599596024, 0.407519072294], [-6.29876184464, -8.71078395844, -12.6622848511, -5.79832935333, 3.097697258, 4.86707735062, 3.45994853973, 7.99461603165, 37.0462226868, 13.0397434235, 6.59444856644, 3.82376813889, 2.83331155777], [-23.341135025, -7.26948547363, -5.96060800552, -6.94938516617, -7.37480545044, 6.09826612473, 1.57647550106, 1.20661270618, 13.0397434235, 41.0410232544, 10.8384084702, 4.43810844421, 5.16583442688], [5.40793800354, -16.504234314, -5.77714920044, -4.5270409584, -1.80144476891, -3.44529819489, 0.116964198649, 2.02137136459, 6.59444856644, 10.8384084702, 30.3760108948, 9.38832569122, 3.84806680679], [-19.7734565735, -8.39830493927, -7.99821233749, -1.6657102108, -0.746164083481, -0.508166015148, -2.65148711205, 4.53599596024, 3.82376813889, 4.43810844421, 9.38832569122, 33.8331680298, 12.3419075012], [-21.3087902069, -9.21463012695, -0.532846927643, -4.95306444168, -1.6114730835, 2.34728455544, -0.13596047461, 0.407519072294, 2.83331155777, 5.16583442688, 3.84806680679, 12.3419075012, 30.4677276611]],
        "icov": [[0.00189688219689, 0.00157049775589, 0.000291910371743, -0.000263491354417, 0.000954475777689, 0.00120808416978, 0.000232779450016, 0.000207201082958, -0.000131914755912, 0.00115537410602, -0.000148501727381, 0.00108135747723, 0.00111667648889], [0.00157049775589, 0.00851331651211, 0.000256603583694, -0.00220118905418, -0.000430614629295, -5.21749316249e-05, 0.00266715907492, 0.00236053066328, 0.000286567665171, 0.000532445497811, 0.00298483669758, 0.00107756617945, 0.00235095480457], [0.000291910371743, 0.000256603583694, 0.0130767188966, -0.00245519657619, 0.000983344740234, -0.00202721427195, -0.000777785258833, 0.00426436122507, 0.00300034834072, 0.000969666463789, 0.000139622337883, 0.00250168098137, -0.00121543090791], [-0.000263491354417, -0.00220118905418, -0.00245519657619, 0.0197505932301, -0.00420739268884, -0.000853552366607, -0.000393112335587, -0.00247104628943, 0.00228818063624, 0.000914743868634, 0.000484654534375, -0.00149003684055, 0.00236687297001], [0.000954475777689, -0.000430614629295, 0.000983344740234, -0.00420739268884, 0.0207657460123, -0.00211431598291, -0.00228388095275, -0.00246520154178, -0.00268164230511, 0.00514768483117, -0.00125692703295, 0.000914020114578, 0.000319601269439], [0.00120808416978, -5.21749316249e-05, -0.00202721427195, -0.000853552366607, -0.00211431598291, 0.0236111804843, -0.00558877224103, -0.000982753932476, -0.00216393987648, -0.00358789786696, 0.0036895989906, 0.000245738396188, -0.00104371551424], [0.000232779450016, 0.00266715907492, -0.000777785258833, -0.000393112335587, -0.00228388095275, -0.00558877224103, 0.0301995929331, -0.00475199474022, -0.000774152518716, -0.000269043899607, -0.000234009115957, 0.00362309394404, 7.95573723735e-05], [0.000207201082958, 0.00236053066328, 0.00426436122507, -0.00247104628943, -0.00246520154178, -0.000982753932476, -0.00475199474022, 0.02997992374, -0.0043276604265, 0.00106016965583, 0.000844758877065, -0.00330207776278, 0.00150843360461], [-0.000131914755912, 0.000286567665171, 0.00300034834072, 0.00228818063624, -0.00268164230511, -0.00216393987648, -0.000774152518716, -0.0043276604265, 0.0337194092572, -0.00902950484306, -0.00293750036508, -0.000351004331606, -0.000593370816205], [0.00115537410602, 0.000532445497811, 0.000969666463789, 0.000914743868634, 0.00514768483117, -0.00358789786696, -0.000269043899607, 0.00106016965583, -0.00902950484306, 0.0323683172464, -0.00943909399211, 0.00120177504141, -0.00227499660105], [-0.000148501727381, 0.00298483669758, 0.000139622337883, 0.000484654534375, -0.00125692703295, 0.0036895989906, -0.000234009115957, 0.000844758877065, -0.00293750036508, -0.00943909399211, 0.0418643243611, -0.00983638223261, 0.00108768348582], [0.00108135747723, 0.00107756617945, 0.00250168098137, -0.00149003684055, 0.000914020114578, 0.000245738396188, 0.00362309394404, -0.00330207776278, -0.000351004331606, 0.00120177504141, -0.00983638223261, 0.0394146963954, -0.0139214927331], [0.00111667648889, 0.00235095480457, -0.00121543090791, 0.00236687297001, 0.000319601269439, -0.00104371551424, 7.95573723735e-05, 0.00150843360461, -0.000593370816205, -0.00227499660105, 0.00108768348582, -0.0139214927331, 0.0406975075603]]
    },
    "spectral_contrast_coeffs": {
        "max": [-0.581282496452, -0.666648030281, -0.672681391239, -0.73971247673, -0.659322798252, -0.647651672363],
        "mean": [-0.772876501083, -0.831893563271, -0.815833210945, -0.815475463867, -0.798621296883, -0.739602923393],
        "min": [-0.939233839512, -0.920783936977, -0.906121909618, -0.883630990982, -0.868203997612, -0.833342790604],
        "stdev": [0.0510406009853, 0.0388971827924, 0.0320213809609, 0.0230113714933, 0.0260032024235, 0.0258543305099]
    },
    "spectral_contrast_valleys": {
        "max": [-6.36832618713, -5.34445333481, -5.18270778656, -5.22467088699, -5.54051828384, -8.2240447998],
        "mean": [-7.74288845062, -6.41077852249, -6.01547193527, -5.92084550858, -6.47938966751, -9.21727561951],
        "min": [-8.81609535217, -7.6926984787, -7.34966039658, -7.23094701767, -7.86917734146, -11.1860542297],
        "stdev": [0.367338508368, 0.378341555595, 0.330360621214, 0.292591959238, 0.317120164633, 0.417061835527]
    }
},
"rhythm": {
    "beats_count": 35,
    "beats_loudness": {
        "max": 0.0435926727951,
        "mean": 0.0225791037083,
        "min": 0.00867179874331,
        "stdev": 0.00919820927083
    },
    "bpm": 102.96206665,
    "bpm_histogram_first_peak_bpm": 103,
    "bpm_histogram_first_peak_weight": 0.473684191704,
    "bpm_histogram_second_peak_bpm": 112,
    "bpm_histogram_second_peak_spread": 0.416666686535,
    "bpm_histogram_second_peak_weight": 0.205882355571,
    "danceability": 1.04553389549,
    "onset_rate": 3.5969684124,
    "beats_loudness_band_ratio": {
        "max": [0.0421505495906, 0.0674507543445, 0.213701188564, 0.568089902401, 0.577315270901, 0.171281695366],
        "mean": [0.0189385674894, 0.0227812305093, 0.102662287652, 0.405581086874, 0.366637945175, 0.106512792408],
        "min": [0.00729670515284, 0.00748832290992, 0.0499708093703, 0.212147280574, 0.168442130089, 0.0506593361497],
        "stdev": [0.00961818825454, 0.0126727018505, 0.0379157364368, 0.0875206962228, 0.0891494452953, 0.0296449810266]
    },
    "beats_position": [0.49922901392, 1.02167797089, 1.55573689938, 2.07818579674, 2.61224484444, 3.14630389214, 3.68036270142, 4.21442174911, 4.80653047562, 5.38702917099, 5.99074840546, 6.59446716309, 7.19818592072, 7.84834432602, 8.498503685, 9.12544155121, 9.72916126251, 10.3328800201, 10.9133787155, 11.4938774109, 12.0743761063, 12.6780948639, 13.2585935593, 13.8390922546, 14.4195919037, 15.0000905991, 15.5805892944, 16.1610889435, 16.7299766541, 17.298866272, 17.8561439514, 18.4134235382, 18.970703125, 19.5047607422, 20.0388202667],
