{
"metadata": {
    "version": {
        "essentia": "2.1-beta5",
        "essentia_git_sha": "Undefined",
        "extractor": "music 2.0"
    },
    "audio_properties": {
        "analysis": {
            "equal_loudness": 0,
            "length": 12.7477550507,
            "sample_rate": 44100,
            "start_time": 0,
            "downmix": "mix"
        },
        "bit_rate": 192000,
        "length": 187.245727539,
        "lossless": 0,
        "number_channels": 2,
        "replay_gain": -0.799522399902,
        "sample_rate": 48000,
        "codec": "mp3",
        "md5_encoded": "52addc5076856a3c2b0e7a827dd6c8d4"
    },
    "tags": {
        "file_name": "Malta_Singing This Song_Renato.mp3",
        "encoding": ["Lavf58.29.100"]
    }
},
"lowlevel": {
    "average_loudness": 0.931070148945,
    "barkbands_crest": {
        "max": 18.9774780273,
        "mean": 8.17024993896,
        "min": 2.97063088417,
        "stdev": 2.87235689163
    },
    "barkbands_flatness_db": {
        "max": 0.261984914541,
        "mean": 0.144036084414,
        "min": 0.0289455596358,
        "stdev": 0.0313440077007
    },
    "barkbands_kurtosis": {
        "max": 15.5942401886,
        "mean": 1.69674146175,
        "min": -1.57415950298,
        "stdev": 3.11634230614
    },
    "barkbands_skewness": {
        "max": 3.91140222549,
        "mean": 0.994297623634,
        "min": -2.16759228706,
        "stdev": 1.00785291195
    },
    "barkbands_spread": {
        "max": 85.3855743408,
        "mean": 21.5123958588,
        "min": 3.83180212975,
        "stdev": 9.62321281433
    },
    "dissonance": {
        "max": 0.49870890379,
        "mean": 0.462353974581,
        "min": 0.345338612795,
        "stdev": 0.0242915768176
    },
    "dynamic_complexity": 6.72387695312,
    "erbbands_crest": {
        "max": 21.832567215,
        "mean": 8.1995677948,
        "min": 2.12505865097,
        "stdev": 4.1141834259
    },
    "erbbands_flatness_db": {
        "max": 0.337288200855,
        "mean": 0.17475271225,
        "min": 0.0588259547949,
        "stdev": 0.0489679351449
    },
    "erbbands_kurtosis": {
        "max": 7.65428161621,
        "mean": 0.318714946508,
        "min": -1.57967603207,
        "stdev": 1.45590734482
    },
    "erbbands_skewness": {
        "max": 1.97196412086,
        "mean": 0.114272348583,
        "min": -1.6525939703,
        "stdev": 0.477720379829
    },
    "erbbands_spread": {
        "max": 122.866851807,
        "mean": 38.0448188782,
        "min": 7.4553027153,
        "stdev": 27.1887950897
    },
    "hfc": {
        "max": 109.850517273,
        "mean": 18.4194774628,
        "min": 1.28501449369e-16,
        "stdev": 17.9230270386
    },
    "loudness_ebu128": {
        "integrated": -23.8414459229,
        "loudness_range": 4.96401405334,
        "momentary": {
            "max": -20.4893665314,
            "mean": -28.0721874237,
            "min": -57.8740005493,
            "stdev": 10.6014623642
        },
        "short_term": {
            "max": -21.9339046478,
            "mean": -24.614408493,
            "min": -29.985742569,
            "stdev": 1.8188341856
        }
    },
    "melbands_crest": {
        "max": 27.9346694946,
        "mean": 11.1913852692,
        "min": 3.51902270317,
        "stdev": 4.46585273743
    },
    "melbands_flatness_db": {
        "max": 0.337553590536,
        "mean": 0.161477014422,
        "min": 0.0105046769604,
        "stdev": 0.0529157146811
    },
    "melbands_kurtosis": {
        "max": 98.7051239014,
        "mean": 9.55126285553,
        "min": -1.42893660069,
        "stdev": 16.904750824
    },
    "melbands_skewness": {
        "max": 8.50149250031,
        "mean": 2.01875805855,
        "min": -0.624571621418,
        "stdev": 1.87338066101
    },
    "melbands_spread": {
        "max": 166.980377197,
        "mean": 27.575302124,
        "min": 3.90007543564,
        "stdev": 15.9373731613
    },
    "pitch_salience": {
        "max": 0.845891535282,
        "mean": 0.60621535778,
        "min": 0.349270284176,
        "stdev": 0.0900836288929
    },
    "silence_rate_20dB": {
        "max": 1,
        "mean": 1,
        "min": 1,
        "stdev": 0
    },
    "silence_rate_30dB": {
        "max": 1,
        "mean": 0.998181819916,
        "min": 0,
        "stdev": 0.0426013432443
    },
    "silence_rate_60dB": {
        "max": 1,
        "mean": 0.17090909183,
        "min": 0,
        "stdev": 0.376430988312
    },
    "spectral_centroid": {
        "max": 10899.0292969,
        "mean": 1424.72436523,
        "min": 304.731445312,
        "stdev": 677.690551758
    },
    "spectral_complexity": {
        "max": 53,
        "mean": 16.2272720337,
        "min": 0,
        "stdev": 9.77088260651
    },
    "spectral_decrease": {
        "max": 2.21539209928e-29,
        "mean": -4.33337676853e-09,
        "min": -3.38295436109e-08,
        "stdev": 4.55155024781e-09
    },
    "spectral_energy": {
        "max": 0.136759489775,
        "mean": 0.0180258844048,
        "min": 1.15718472183e-20,
        "stdev": 0.0185835026205
    },
    "spectral_energyband_high": {
        "max": 0.00707734236494,
        "mean": 0.000600442523137,
        "min": 8.65610987604e-21,
        "stdev": 0.000890432216693
    },
    "spectral_energyband_low": {
        "max": 0.0271270107478,
        "mean": 0.00184284429997,
        "min": 2.12833536269e-22,
        "stdev": 0.00352400634438
    },
    "spectral_energyband_middle_high": {
        "max": 0.04499591887,
        "mean": 0.00750635424629,
        "min": 1.44268558518e-21,
        "stdev": 0.00770409125835
    },
    "spectral_energyband_middle_low": {
        "max": 0.0966518446803,
        "mean": 0.00868348684162,
        "min": 2.85246776939e-22,
        "stdev": 0.0117584178224
    },
    "spectral_entropy": {
        "max": 9.81161117554,
        "mean": 7.54831218719,
        "min": 6.50920248032,
        "stdev": 0.464013427496
    },
    "spectral_flux": {
        "max": 0.274674803019,
        "mean": 0.0607685372233,
        "min": 1.07572520336e-10,
        "stdev": 0.046464279294
    },
    "spectral_kurtosis": {
        "max": 26.3553314209,
        "mean": 4.23040771484,
        "min": -1.20851314068,
        "stdev": 3.90291833878
    },
    "spectral_rms": {
        "max": 0.0115509256721,
        "mean": 0.00361137907021,
        "min": 3.36000107945e-12,
        "stdev": 0.00213170377538
    },
    "spectral_rolloff": {
        "max": 18647.7539062,
        "mean": 1690.9432373,
        "min": 172.265625,
        "stdev": 1508.31469727
    },
    "spectral_skewness": {
        "max": 3.68336606026,
        "mean": 1.51554512978,
        "min": 0.0277654323727,
        "stdev": 0.545970678329
    },
    "spectral_spread": {
        "max": 40592000,
        "mean": 4695860,
        "min": 1514184.625,
        "stdev": 2364380.5
    },
    "spectral_strongpeak": {
        "max": 8.30698776245,
        "mean": 1.4293204546,
        "min": 0,
        "stdev": 1.58998084068
    },
    "zerocrossingrate": {
        "max": 0.66357421875,
        "mean": 0.0709614679217,
        "min": 0.01611328125,
        "stdev": 0.0468390360475
    },
    "barkbands": {
        "max": [0.000294615398161, 0.00865143351257, 0.0149636343122, 0.0227276515216, 0.0502051189542, 0.0252938829362, 0.0211230292916, 0.0113734425977, 0.0149280605838, 0.0221582781523, 0.0122585343197, 0.0105319321156, 0.0161240566522, 0.0159998163581, 0.017516374588, 0.00837291777134, 0.00232011685148, 0.00233023893088, 0.00338458339684, 0.00131863262504, 0.00175199506339, 0.00108170101885, 0.00115906295832, 0.0010211301269, 0.00137074594386, 2.47093169037e-07, 9.6094794344e-08],
        "mean": [2.66823808488e-05, 0.000458286143839, 0.000817769032437, 0.00163570791483, 0.00246382132173, 0.00196155137382, 0.00111512863077, 0.000473609572509, 0.000930779613554, 0.00122420606203, 0.000668226333801, 0.00085013313219, 0.00136916141491, 0.00107109779492, 0.00115956796799, 0.000434289046098, 0.000232836988289, 0.000198739828193, 0.000279171043076, 0.000135692331241, 0.000162384589203, 0.00011351826106, 0.000107193096483, 8.60094514792e-05, 5.03115588799e-05, 8.47912406954e-09, 1.13623066511e-09],
        "min": [9.9111616385e-24, 1.61645437602e-22, 3.35860938277e-23, 2.47327299765e-23, 3.9095599364e-23, 3.09612853833e-23, 5.64440075105e-23, 7.68773224913e-23, 2.91537463031e-23, 6.01680305175e-23, 1.2491845937e-23, 5.49538745041e-23, 8.64337349584e-23, 7.36592622472e-23, 1.346989462e-22, 1.06409889267e-22, 1.99630566936e-22, 2.36547654335e-22, 3.44018378504e-22, 5.28787676888e-22, 3.45498180588e-22, 5.07820738525e-22, 8.03585416846e-22, 8.09736360962e-22, 1.48053323815e-21, 1.87121138867e-21, 2.703624686e-21],
        "stdev": [3.6740952055e-05, 0.00113096355926, 0.00188136019278, 0.00280910357833, 0.00480426289141, 0.00338726816699, 0.00240285973996, 0.00109261285979, 0.00165853835642, 0.00220008846372, 0.00155756913591, 0.00157044967636, 0.0022681853734, 0.00182006892283, 0.00224651675671, 0.000756428751629, 0.000264693953795, 0.000272962381132, 0.000422233249992, 0.000193465937627, 0.000235468469327, 0.000187473648111, 0.000176436835318, 0.000148219405673, 0.000109537380922, 2.36214798832e-08, 4.23064960842e-09]
    },
    "erbbands": {
        "max": [0.0831195563078, 2.47295069695, 15.489490509, 43.5111923218, 93.4027328491, 201.915466309, 236.153503418, 189.11668396, 369.63104248, 246.918930054, 229.372314453, 389.157409668, 554.18359375, 341.41293335, 403.340881348, 405.789306641, 835.59765625, 454.623016357, 783.599304199, 500.596923828, 231.20123291, 126.608283997, 69.3972930908, 229.84034729, 93.5538482666, 49.2212944031, 117.699127197, 70.7699279785, 46.526309967, 42.3116149902, 30.664106369, 25.9987411499, 17.5455265045, 14.8478355408, 8.22532463074, 0.526148378849, 0.0135350823402, 0.000912145187613, 0.000148387072841, 0.000167194157257],
        "mean": [0.00540696084499, 0.137761667371, 0.832069396973, 3.08556270599, 7.68795824051, 7.50806808472, 13.3472156525, 16.4827823639, 16.4212684631, 12.3576564789, 11.2200813293, 21.2816123962, 28.7170009613, 35.3346214294, 28.0769557953, 37.2076950073, 69.4906158447, 37.6200447083, 80.2855682373, 36.6449699402, 21.7764511108, 12.9692573547, 10.7134313583, 16.0026187897, 9.99100399017, 6.51838064194, 7.75288248062, 5.05510520935, 4.01515007019, 3.79376029968, 3.02293276787, 2.08904027939, 1.22514545918, 0.641241431236, 0.31036144495, 0.0192053113133, 0.000523685594089, 4.1426246753e-05, 1.60726594913e-05, 2.33540795307e-05],
        "min": [3.27746063722e-21, 4.04480268922e-20, 5.31959593439e-20, 6.70978345994e-20, 8.48732351049e-20, 1.62851945654e-19, 1.32986951529e-19, 2.52141426963e-19, 5.46937973176e-19, 1.09662828644e-18, 1.86953716542e-18, 5.71897786268e-19, 1.79756852302e-18, 1.27202738584e-18, 7.11157933391e-19, 2.55422743886e-18, 4.27548772318e-18, 3.82214311667e-18, 5.75615053223e-18, 7.36420122356e-18, 6.72079160539e-18, 1.07902923309e-17, 1.17672381292e-17, 1.81911343469e-17, 1.62342053429e-17, 2.40448979816e-17, 1.77054552502e-17, 1.81041248726e-17, 1.53220650097e-17, 2.45584067428e-17, 2.15547567743e-17, 1.71813999362e-17, 1.31240682783e-17, 1.30063108463e-17, 1.24910286099e-17, 6.25486434098e-18, 3.61325974607e-18, 1.62820474016e-18, 3.52437179633e-19, 3.86175020461e-20],
        "stdev": [0.0101363118738, 0.337621510029, 1.82813227177, 5.30356216431, 13.7360601425, 15.0215406418, 25.0730285645, 28.1257419586, 36.9352073669, 25.5427360535, 20.3040313721, 39.6841888428, 50.2710609436, 47.5852432251, 51.1060371399, 56.7091331482, 112.688468933, 56.6842689514, 123.960945129, 59.4043083191, 27.661895752, 15.4075126648, 12.4305324554, 26.7620391846, 12.3875827789, 9.0392408371, 12.3142147064, 7.99222183228, 6.74066305161, 6.48046445847, 4.85583162308, 3.60521817207, 2.24262166023, 1.37184762955, 0.641975700855, 0.0393087789416, 0.00103996624239, 7.50376202632e-05, 1.80740644282e-05, 2.35403058468e-05]
    },
    "gfcc": {
        "mean": [-66.0410690308, 99.0092697144, -147.395431519, 36.71616745, -75.0038223267, 25.8689899445, -50.7864456177, -1.03124845028, -25.2790126801, -7.25272750854, -7.95674514771, -14.2821073532, 1.30897164345],
        "cov": [[23819.9570312, 1459.52832031, -4388.97558594, -1028.45385742, -718.149719238, -300.854705811, -670.533203125, -908.797485352, -394.08303833, -549.814941406, 119.091026306, -419.054779053, 203.644958496], [1459.52832031, 1225.25976562, -172.195632935, -173.419189453, 210.287521362, -182.501235962, 10.5285282135, -215.160293579, 28.6228942871, -248.133483887, -18.6899757385, -158.513137817, 14.9573192596], [-4388.97558594, -172.195632935, 1401.12060547, 357.454589844, 38.772228241, 134.504959106, 58.8990974426, 209.519119263, 46.9936676025, 129.707595825, -60.6714782715, 86.7456512451, -115.058883667], [-1028.45385742, -173.419189453, 357.454589844, 300.403411865, -23.6670665741, 33.120464325, 43.6696357727, 63.6499900818, 9.34461116791, 27.4994182587, -17.6882991791, 26.1134090424, -40.8221664429], [-718.149719238, 210.287521362, 38.772228241, -23.6670665741, 233.820755005, -11.7724437714, 30.5949840546, -22.1728000641, 23.0212135315, -32.3720207214, -11.2541704178, -26.9725189209, 2.7120552063], [-300.854705811, -182.501235962, 134.504959106, 33.120464325, -11.7724437714, 132.494659424, 1.54061341286, 58.1031951904, 3.43253660202, 61.9658699036, -9.30045509338, 26.5828323364, -30.2640991211], [-670.533203125, 10.5285282135, 58.8990974426, 43.6696357727, 30.5949840546, 1.54061341286, 96.2672729492, 23.8428916931, 23.1922721863, -12.901011467, 0.427535802126, 1.45034229755, 2.03139710426], [-908.797485352, -215.160293579, 209.519119263, 63.6499900818, -22.1728000641, 58.1031951904, 23.8428916931, 137.789291382, 20.3310699463, 64.7614822388, -9.45813846588, 51.8235588074, -11.7765464783], [-394.08303833, 28.6228942871, 46.9936676025, 9.34461116791, 23.0212135315, 3.43253660202, 23.1922721863, 20.3310699463, 69.680267334, 15.5649223328, -0.425628453493, -3.89934921265, -10.0010719299], [-549.814941406, -248.133483887, 129.707595825, 27.4994182587, -32.3720207214, 61.9658699036, -12.901011467, 64.7614822388, 15.5649223328, 116.575202942, 21.6938858032, 45.7019729614, -8.67437744141], [119.091026306, -18.6899757385, -60.6714782715, -17.6882991791, -11.2541704178, -9.30045509338, 0.427535802126, -9.45813846588, -0.425628453493, 21.6938858032, 60.8925170898, 22.8588752747, 10.633603096], [-419.054779053, -158.513137817, 86.7456512451, 26.1134090424, -26.9725189209, 26.5828323364, 1.45034229755, 51.8235588074, -3.89934921265, 45.7019729614, 22.8588752747, 67.5529632568, 8.57509994507], [203.644958496, 14.9573192596, -115.058883667, -40.8221664429, 2.7120552063, -30.2640991211, 2.03139710426, -11.7765464783, -10.0010719299, -8.67437744141, 10.633603096, 8.57509994507, 63.4741287231]],
        "icov": [[0.000359753874363, -0.00080990314018, 0.00123478402384, -0.000662408827338, 0.0011839249637, -0.00110486580525, 0.00153731915634, -8.06105090305e-05, 0.000906475936063, -0.00027730569127, 0.000132442452013, 9.79975229711e-05, 0.000276877719443], [-0.00080990314018, 0.00458356784657, -0.00378304277547, 0.00285100564361, -0.00367765384726, 0.00312777701765, -0.00263213529252, 0.0013916582102, -0.00404692487791, 0.00554831558838, -0.0027798966039, 0.00289765093476, -0.00131986325141], [0.00123478402384, -0.00378304277547, 0.00610260618851, -0.00391166144982, 0.00379599141888, -0.00376363308169, 0.00479762349278, -0.00142097170465, 0.00384565256536, -0.00368190952577, 0.00287824636325, -0.00220211059786, 0.00302051915787], [-0.000662408827338, 0.00285100564361, -0.00391166144982, 0.00724710337818, -0.00178404990584, 0.00290021765977, -0.00464246375486, 0.000709567219019, -0.00195314735174, 0.00288423080929, -0.000786345044617, 0.000591698102653, 0.000901074090507], [0.0011839249637, -0.00367765384726, 0.00379599141888, -0.00178404990584, 0.00945648457855, -0.00441407458857, 0.00340398144908, 0.000196195411263, 0.00218241754919, -0.00154396693688, 0.00124271248933, 0.000560192333069, 6.95995186106e-05], [-0.00110486580525, 0.00312777701765, -0.00376363308169, 0.00290021765977, -0.00441407458857, 0.0164080709219, -0.00617583934218, -0.00103261403274, -0.000745023484342, -0.00455885194242, 0.00322324852459, -0.00175922445487, 0.00482585793361], [0.00153731915634, -0.00263213529252, 0.00479762349278, -0.00464246375486, 0.00340398144908, -0.00617583934218, 0.0216074772179, -0.0038716851268, -0.00118007801939, 0.00577284628525, -0.0042735086754, 0.00304059614427, -0.00219281669706], [-8.06105090305e-05, 0.0013916582102, -0.00142097170465, 0.000709567219019, 0.000196195411263, -0.00103261403274, -0.0038716851268, 0.0175844077021, -0.00391267100349, -0.00268147839233, 0.00640327809379, -0.00916955899447, -0.000119965217891], [0.000906475936063, -0.00404692487791, 0.00384565256536, -0.00195314735174, 0.00218241754919, -0.000745023484342, -0.00118007801939, -0.00391267100349, 0.0224483106285, -0.00905602890998, 0.00164855108596, 0.00245221471414, 0.00431551551446], [-0.00027730569127, 0.00554831558838, -0.00368190952577, 0.00288423080929, -0.00154396693688, -0.00455885194242, 0.00577284628525, -0.00268147839233, -0.00905602890998, 0.0288291368634, -0.012748577632, 0.00278647779487, -0.00375469191931], [0.000132442452013, -0.0027798966039, 0.00287824636325, -0.000786345044617, 0.00124271248933, 0.00322324852459, -0.0042735086754, 0.00640327809379, 0.00164855108596, -0.012748577632, 0.0298346318305, -0.0165060088038, 0.00349963875487], [9.79975229711e-05, 0.00289765093476, -0.00220211059786, 0.000591698102653, 0.000560192333069, -0.00175922445487, 0.00304059614427, -0.00916955899447, 0.00245221471414, 0.00278647779487, -0.0165060088038, 0.0376565828919, -0.00882459804416], [0.000276877719443, -0.00131986325141, 0.00302051915787, 0.000901074090507, 6.95995186106e-05, 0.00482585793361, -0.00219281669706, -0.000119965217891, 0.00431551551446, -0.00375469191931, 0.00349963875487, -0.00882459804416, 0.0243505444378]]
    },
    "melbands": {
        "max": [0.00155863305554, 0.00643535098061, 0.00797348096967, 0.0113741774112, 0.00866629462689, 0.00453130714595, 0.00481998967007, 0.00229742424563, 0.00153140921611, 0.00249098939821, 0.00303293764591, 0.00190341298003, 0.0017485715216, 0.00104807387106, 0.00153199827764, 0.00113136717118, 0.000772283121478, 0.00138804712333, 0.00159010489006, 0.000842835637741, 0.000202564624487, 0.000144186924445, 9.58991295192e-05, 9.66198858805e-05, 0.000225585317821, 8.62014567247e-05, 4.42955097242e-05, 3.9025737351e-05, 0.000108750202344, 4.03550948249e-05, 5.06608084834e-05, 3.17942649417e-05, 2.53391717706e-05, 2.50346365647e-05, 1.93729647435e-05, 2.12699924305e-05, 1.34560668812e-05, 1.21019511425e-05, 1.81879022421e-05, 1.07420983113e-05],
        "mean": [8.78530991031e-05, 0.000363055267371, 0.000717166461982, 0.000522602174897, 0.000463006494101, 0.000379401404643, 0.000233186990954, 0.000128135943669, 0.000100586024928, 0.000130056985654, 0.000151916203322, 0.000156816589879, 0.000103242688056, 7.05203929101e-05, 0.000177282403456, 0.000101608216937, 6.93509718985e-05, 0.000136729911901, 7.4474264693e-05, 3.45798325725e-05, 2.18876812141e-05, 1.30568641907e-05, 9.64468472375e-06, 1.10791506813e-05, 1.3398244846e-05, 9.78642583505e-06, 4.45829482487e-06, 4.23565825258e-06, 5.59095997232e-06, 3.25149403579e-06, 2.7800576845e-06, 2.25839767154e-06, 2.13642215385e-06, 2.07325729207e-06, 1.83305962764e-06, 1.40664963055e-06, 1.21060213587e-06, 9.0617652404e-07, 6.91640252626e-07, 4.82917073441e-07],
        "min": [3.95908336185e-23, 3.7399898672e-23, 1.16291373959e-23, 8.45841985013e-24, 5.77548182337e-24, 6.32305660452e-24, 9.59428410148e-24, 1.32734288115e-23, 1.35535122982e-23, 3.45905172862e-24, 9.13270580862e-24, 5.34559996168e-24, 1.79240636149e-24, 4.08324501962e-24, 1.03348036104e-23, 8.11765954921e-24, 6.87117885514e-24, 8.70926262963e-24, 9.5918662428e-24, 7.97793729453e-24, 8.67805055906e-24, 1.19088075194e-23, 8.63164266086e-24, 1.25724130901e-23, 1.47265800187e-23, 1.41571959945e-23, 8.47710086523e-24, 1.94449053987e-23, 1.24142141353e-23, 1.02571946857e-23, 1.11593730934e-23, 1.05708244824e-23, 6.31880030551e-24, 1.65255426032e-23, 1.24225350401e-23, 8.67220588861e-24, 1.18880604776e-23, 8.35342640795e-24, 1.05851146977e-23, 1.12430546693e-23],
        "stdev": [0.000199017435079, 0.00077453587437, 0.00115389272105, 0.000920164573472, 0.000871114607435, 0.000650799367577, 0.000507710617967, 0.000269477837719, 0.000165867197211, 0.000242254565819, 0.000278669729596, 0.000225277326535, 0.000227588257985, 0.000138959701871, 0.000271271303063, 0.000160267140018, 0.000113843409054, 0.000206803437322, 0.000151779924636, 7.74926738814e-05, 2.71917269856e-05, 1.86725683307e-05, 1.08270078272e-05, 1.46145930557e-05, 2.4515302357e-05, 1.25482338262e-05, 6.28342331765e-06, 6.23570804237e-06, 9.81575067271e-06, 4.6867266974e-06, 4.89837293571e-06, 3.82944108424e-06, 3.80118808607e-06, 3.6114422528e-06, 2.96684288514e-06, 2.53728876487e-06, 2.09489053304e-06, 1.61303694313e-06, 1.58065654432e-06, 1.00337365438e-06]
    },
    "melbands128": {
        "max": [0.000167669626535, 0.00030088800122, 0.00175915379077, 0.00555480457842, 0.00792919564992, 0.00697317346931, 0.00974296126515, 0.0144904833287, 0.0114036723971, 0.013835282065, 0.0121883777902, 0.0139888375998, 0.0100710168481, 0.0103336228058, 0.00548367435113, 0.00301446742378, 0.00984203536063, 0.00433095684275, 0.00598166882992, 0.00284435134381, 0.003906480968, 0.00392773980275, 0.00101116753649, 0.0037281611003, 0.0035887893755, 0.00321400770918, 0.00400387402624, 0.00286475429311, 0.00772576872259, 0.00287189148366, 0.00113317498472, 0.00254409620538, 0.00366605166346, 0.0009992395062, 0.00181067851372, 0.00125019054394, 0.00161086057778, 0.00270371534862, 0.00431949086487, 0.00241303467192, 0.000872341101058, 0.00244889152236, 0.00086808326887, 0.0013440051116, 0.00425944384187, 0.00129220006056, 0.00301163573749, 0.00384273868985, 0.00139937503263, 0.000756060529966, 0.0017790714046, 0.000663013837766, 0.000556069368031, 0.000169113234733, 0.000170988438185, 0.000294593715807, 8.73450262588e-05, 0.000157111819135, 9.10256130737e-05, 9.75477742031e-05, 0.00015352506307, 0.000194613516214, 0.000304390385281, 0.00054363894742, 0.000338447920512, 0.000164322147612, 9.09938680707e-05, 9.76618757704e-05, 4.77027715533e-05, 5.35897124792e-05, 6.43378443783e-05, 5.62657914998e-05, 0.00015192166029, 0.000130699423607, 6.66909036227e-05, 4.6943234338e-05, 6.75821502227e-05, 5.34743630851e-05, 5.99213708483e-05, 4.4245251047e-05, 5.15098727192e-05, 3.83041042369e-05, 6.35401593172e-05, 3.72026661353e-05, 4.4391672418e-05, 4.03002704843e-05, 3.21664738294e-05, 2.97830665659e-05, 2.50206376222e-05, 2.3223728931e-05, 2.28605640586e-05, 2.41594771069e-05, 3.3689520933e-05, 1.62049054779e-05, 1.80841070687e-05, 1.54997615027e-05, 1.41633281601e-05, 1.14527883852e-05, 1.79336730071e-05, 3.10287068714e-05, 1.19003798318e-05, 7.60653210818e-06, 1.6537062038e-05, 1.04048549474e-05, 1.09694665298e-05, 9.34187846724e-06, 2.55344048128e-06, 9.74151959099e-09, 7.68543728658e-10, 7.12328640518e-10, 6.42993713829e-10, 6.14941375598e-10, 5.70337554961e-10, 5.35549993241e-10, 5.28743271389e-10, 5.07287101215e-10, 4.80956774407e-10, 4.63895255542e-10, 4.40936620549e-10, 4.221283878e-10, 4.05697031525e-10, 4.01893823776e-10, 4.04182021185e-10, 3.85562470839e-10, 3.81352172063e-10, 3.71318614745e-10, 3.70685926399e-10, 3.69591274252e-10],
        "mean": [1.52896409418e-05, 2.22337184823e-05, 8.78114951774e-05, 0.000266466842731, 0.00038504684926, 0.000408671068726, 0.000513806415256, 0.000971828470938, 0.000836767023429, 0.000399904238293, 0.000399919808842, 0.000432616390754, 0.000377505552024, 0.000654450908769, 0.000430170679465, 0.000163894859725, 0.000300480431179, 0.000254851882346, 0.0001447617542, 0.000139039533678, 0.000118404830573, 0.000101929523225, 5.84429690207e-05, 0.000142483477248, 0.0001819748868, 8.90284209163e-05, 0.00011656076822, 9.3456277682e-05, 0.000275239377515, 0.000205634743907, 8.01230271463e-05, 0.0001142027686, 0.000152791355504, 3.67041247955e-05, 9.09773734747e-05, 5.85964808124e-05, 6.5744308813e-05, 0.000175327135366, 0.000297444290482, 0.000133078792715, 3.12849333568e-05, 8.748559776e-05, 3.2841340726e-05, 5.25614050275e-05, 0.000197004716028, 0.000114938469778, 0.00014523556456, 8.06929674582e-05, 4.17067858507e-05, 3.86052452086e-05, 3.84035083698e-05, 2.00705726456e-05, 3.7404242903e-05, 1.42728367791e-05, 8.50575179356e-06, 1.53981964104e-05, 1.18616089821e-05, 1.57851300173e-05, 4.59913599116e-06, 7.03057867213e-06, 1.3321253391e-05, 1.27577868625e-05, 9.89899035631e-06, 1.51182166519e-05, 1.71820720425e-05, 8.77082220541e-06, 6.27893450655e-06, 5.34246601092e-06, 4.08383084505e-06, 3.1694601148e-06, 4.18751824327e-06, 4.56528232462e-06, 5.38117410542e-06, 7.16382282917e-06, 3.7669115045e-06, 3.14814269586e-06, 3.00971782963e-06, 3.01415570902e-06, 2.84214911517e-06, 2.48469450526e-06, 2.26934366765e-06, 2.167359753e-06, 2.17249476009e-06, 1.98043221644e-06, 2.34606000049e-06, 2.14851206692e-06, 1.97159806703e-06, 1.87509317584e-06, 1.99251076083e-06, 1.59378953413e-06, 1.62045967045e-06, 1.06918719212e-06, 1.61892239703e-06, 1.12040618205e-06, 1.16740829981e-06, 9.53760377342e-07, 8.99642657259e-07, 7.1017728942e-07, 7.15257044703e-07, 7.12153735094e-07, 5.043172564e-07, 3.87659355283e-07, 5.43155465493e-07, 3.97976521072e-07, 4.28289183674e-07, 3.50926995907e-07, 7.896012022e-08, 4.62847010718e-10, 1.28945552152e-11, 8.24046473419e-12, 7.62592940184e-12, 8.86451762688e-12, 8.31473084828e-12, 7.23499168562e-12, 7.42694274136e-12, 7.43819675991e-12, 6.84509003299e-12, 5.81442272801e-12, 5.55302288527e-12, 5.04761683839e-12, 4.94222458097e-12, 4.8426436472e-12, 4.74540372275e-12, 4.10570492534e-12, 3.8511715518e-12, 3.46771374636e-12, 3.26608618623e-12, 3.22420215526e-12],
        "min": [2.02657104374e-24, 1.58449355022e-23, 6.40518199458e-23, 6.93291037642e-23, 3.55694857809e-23, 1.44775792294e-23, 1.44149831166e-23, 1.05112591732e-23, 8.15219903508e-24, 7.05990593811e-24, 9.88929204762e-24, 9.05023986731e-24, 3.26315468888e-24, 4.15268805068e-24, 4.12515759394e-24, 8.87206774325e-24, 1.06840417995e-23, 4.44270290172e-24, 1.63322543264e-23, 1.05484216215e-23, 1.17508018356e-23, 2.31792041077e-23, 1.4086578744e-23, 4.53795036185e-24, 1.33596897654e-24, 1.85303288586e-24, 9.78718268091e-24, 1.20166810928e-23, 5.96975578179e-24, 8.32883288037e-24, 4.11695462382e-24, 1.48684838682e-24, 1.5031860906e-24, 2.32336102667e-24, 1.84754221674e-24, 5.74387966107e-24, 4.8447502008e-24, 1.49297543003e-23, 7.79531993928e-24, 1.14927867327e-23, 7.06313553466e-24, 5.44479764279e-24, 8.89191075046e-24, 4.68687941214e-24, 7.99196797459e-24, 1.02829462611e-23, 9.84142239017e-24, 5.52491396189e-24, 1.41399325625e-23, 9.99217607574e-24, 8.58301333036e-24, 2.70605737053e-24, 7.84104152849e-24, 8.1778149264e-24, 1.56510587353e-23, 1.11598637649e-23, 1.19549038176e-23, 7.56974043027e-24, 7.07412121162e-24, 1.17866721298e-23, 1.03531201718e-23, 1.47669097436e-23, 2.02821928971e-23, 1.15157488959e-23, 9.59641954795e-24, 2.29073137304e-23, 9.08681303659e-24, 8.96787253361e-24, 7.04161540916e-24, 9.31544070415e-24, 1.56357643001e-23, 3.06728557483e-23, 2.01141166149e-23, 7.22850996824e-24, 4.71326878157e-24, 1.29325233602e-23, 1.05439377362e-23, 8.1519584325e-24, 6.77738723782e-24, 2.27367730468e-23, 1.18723021922e-23, 6.23510492448e-24, 3.46921422923e-24, 5.28185645066e-24, 8.48507703784e-24, 2.12643547009e-23, 1.88178998185e-23, 6.63292708455e-24, 1.3453929653e-23, 1.69396030705e-23, 7.85076345028e-24, 5.54527643401e-24, 1.05994309454e-23, 1.16312941416e-23, 1.48194904784e-23, 8.1267701038e-24, 5.54236435398e-24, 1.05146331312e-23, 8.24647264642e-24, 1.57757492454e-23, 6.78853384241e-24, 7.76457566322e-24, 1.8755806999e-23, 1.70532731938e-23, 1.53084564442e-23, 1.43954966745e-23, 6.6469175327e-24, 1.30525067373e-23, 1.02404014148e-23, 8.4534768477e-24, 1.41731278294e-23, 1.12872506016e-23, 1.11395001095e-23, 1.08060856813e-23, 1.27412695557e-23, 1.41453678141e-23, 1.27574309491e-23, 1.36681053887e-23, 1.05954432535e-23, 1.26681689711e-23, 8.4380325289e-24, 1.00659377258e-23, 1.34388261221e-23, 1.08633483055e-23, 1.05548074506e-23, 1.21915084466e-23, 1.24476160838e-23, 8.50009773834e-24],
        "stdev": [1.94612639461e-05, 3.23066597048e-05, 0.000204156414839, 0.000696304196026, 0.000930923968554, 0.000974099675659, 0.00105187669396, 0.00170557899401, 0.00167979404796, 0.000892529729754, 0.000869817216881, 0.0011651214445, 0.000882886350155, 0.00132755795494, 0.000808832235634, 0.000346337707015, 0.000910353730433, 0.000523394905031, 0.000374616472982, 0.000333417614456, 0.000327823741827, 0.000284908281174, 9.90893167909e-05, 0.000301518302877, 0.000412916531786, 0.000238879656536, 0.000326789508108, 0.000203166622669, 0.000701982527971, 0.000356933189323, 0.000139070500154, 0.000290054071229, 0.000414747424657, 8.56061378727e-05, 0.00023820361821, 0.000149464176502, 0.000178068381501, 0.00041867789696, 0.000609150389209, 0.000273539044429, 7.5822143117e-05, 0.000269736163318, 8.30837161629e-05, 0.000138993942528, 0.000433902052464, 0.000219820794882, 0.000381693651434, 0.000305643305182, 0.000106698491436, 8.70832300279e-05, 0.000148384700879, 4.60288247268e-05, 6.61767626298e-05, 2.24677041842e-05, 1.51941176227e-05, 3.67107641068e-05, 1.68493734236e-05, 2.18210807361e-05, 8.69190262165e-06, 1.26554195958e-05, 2.14464034798e-05, 2.16102853301e-05, 2.62565463345e-05, 4.00399294449e-05, 3.09066381305e-05, 1.63863805938e-05, 1.0995257071e-05, 9.63180627878e-06, 6.97668019711e-06, 5.46271166968e-06, 6.84744645696e-06, 8.23635309644e-06, 1.18085154099e-05, 1.38632103699e-05, 7.07724393578e-06, 5.4994857237e-06, 4.82873792862e-06, 6.12850180914e-06, 5.93672621108e-06, 4.49924800705e-06, 4.3226609705e-06, 4.44806482847e-06, 4.47771617473e-06, 4.01080342272e-06, 5.08741049998e-06, 4.44486886408e-06, 3.55087854587e-06, 3.76318962481e-06, 3.39903385793e-06, 2.91664036922e-06, 3.03802448798e-06, 2.34256685872e-06, 3.18110937769e-06, 2.17165211325e-06, 2.08128017221e-06, 1.74014064669e-06, 1.72578506863e-06, 1.49429865814e-06, 1.64224582022e-06, 2.07769335248e-06, 1.04968864889e-06, 7.74392105996e-07, 1.20409833926e-06, 8.93764308785e-07, 9.15886630537e-07, 7.19865397514e-07, 1.79688271373e-07, 1.19646659247e-09, 4.2056903099e-11, 3.16416788604e-11, 2.82146649794e-11, 2.70692981919e-11, 2.54361670615e-11, 2.35669591481e-11, 2.31604561918e-11, 2.23033154445e-11, 2.14195432224e-11, 2.06252272206e-11, 1.96962116755e-11, 1.86956353176e-11, 1.80215061624e-11, 1.77986878708e-11, 1.79144823975e-11, 1.69869118771e-11, 1.68085528135e-11, 1.63985023477e-11, 1.63680041743e-11, 1.63174560669e-11]
    },
    "mfcc": {
        "mean": [-688.500183105, 110.947814941, -7.24939155579, 6.73767518997, 1.90270912647, 7.22338914871, -3.57939529419, -3.12880301476, -7.51369667053, -1.26519715786, -5.0442276001, -6.53212547302, -6.76251506805],
        "cov": [[22672.2324219, 870.821228027, -3292.12524414, -1109.43566895, -822.65625, -195.822006226, -500.648681641, -480.428283691, -746.151489258, -291.486236572, -470.400726318, -479.762817383, -424.413421631], [870.821228027, 1228.05224609, -221.488967896, 9.27823734283, 100.926795959, 4.99024820328, -42.8711204529, -0.541266798973, -11.3232364655, -76.2505340576, -67.7994308472, -66.3223724365, -45.6079521179], [-3292.12524414, -221.488967896, 1053.75097656, 232.800704956, 137.795913696, 56.6750564575, 55.0547447205, 76.1946563721, 91.0395584106, 54.8902206421, 105.402694702, 91.3789672852, 85.9386749268], [-1109.43566895, 9.27823734283, 232.800704956, 252.340560913, 61.0783882141, 22.7499313354, 29.0332775116, 46.6695671082, 29.7316932678, 2.3425014019, 14.797041893, 12.8885650635, 2.76586008072], [-822.65625, 100.926795959, 137.795913696, 61.0783882141, 149.068313599, 34.3714141846, 17.093832016, 14.6875238419, 36.742023468, 2.35589909554, 16.3237400055, 18.0019321442, 24.221326828], [-195.822006226, 4.99024820328, 56.6750564575, 22.7499313354, 34.3714141846, 84.8314361572, 14.5254735947, 7.29388618469, 4.67486858368, 13.3578710556, 14.6447525024, 4.28717279434, 4.12679100037], [-500.648681641, -42.8711204529, 55.0547447205, 29.0332775116, 17.093832016, 14.5254735947, 77.5023040771, 23.4240055084, 15.009303093, 3.00018262863, 2.90638923645, 5.95416069031, 3.86676335335], [-480.428283691, -0.541266798973, 76.1946563721, 46.6695671082, 14.6875238419, 7.29388618469, 23.4240055084, 76.1035385132, 36.6719894409, 1.45184361935, 12.8880643845, 14.8640203476, 9.59147644043], [-746.151489258, -11.3232364655, 91.0395584106, 29.7316932678, 36.742023468, 4.67486858368, 15.009303093, 36.6719894409, 78.7658462524, 22.4169406891, 16.7903079987, 18.0462913513, 13.6138410568], [-291.486236572, -76.2505340576, 54.8902206421, 2.3425014019, 2.35589909554, 13.3578710556, 3.00018262863, 1.45184361935, 22.4169406891, 61.7028121948, 19.8892097473, 1.44797313213, 2.67452788353], [-470.400726318, -67.7994308472, 105.402694702, 14.797041893, 16.3237400055, 14.6447525024, 2.90638923645, 12.8880643845, 16.7903079987, 19.8892097473, 59.9108695984, 38.0100059509, 19.9786586761], [-479.762817383, -66.3223724365, 91.3789672852, 12.8885650635, 18.0019321442, 4.28717279434, 5.95416069031, 14.8640203476, 18.0462913513, 1.44797313213, 38.0100059509, 62.7259368896, 33.0231208801], [-424.413421631, -45.6079521179, 85.9386749268, 2.76586008072, 24.221326828, 4.12679100037, 3.86676335335, 9.59147644043, 13.6138410568, 2.67452788353, 19.9786586761, 33.0231208801, 65.4181213379]],
        "icov": [[0.000139752490213, -2.1161758923e-05, 0.00022868256201, 0.00021881792054, 0.000232688296819, -0.000163177479408, 0.000484152173158, -7.61590272305e-05, 0.000673709728289, 0.000109375359898, 0.000186566263437, 0.000169200517121, 0.000201876362553], [-2.1161758923e-05, 0.00112468900625, 0.00016119502834, -3.81776771974e-05, -0.00118192948867, -8.97544960026e-05, 0.000691365392413, -0.000400977645768, -0.000248124240898, 0.00116914138198, 0.000222715840209, 0.000879267638084, 0.000389836262912], [0.00022868256201, 0.00016119502834, 0.0020432297606, -0.000811028585304, -0.000310190429445, -0.000340355472872, 0.000572994118556, -0.000280913256574, 0.00076065043686, -0.000320793304127, -0.00114222522825, 0.000118173826195, -0.000766221259255], [0.00021881792054, -3.81776771974e-05, -0.000811028585304, 0.00615810975432, -0.00110186252277, -0.000460535025923, 0.000304875022266, -0.00268744979985, 0.00156627036631, 0.000678171985783, 0.000975616159849, 0.000279736879747, 0.00221827090718], [0.000232688296819, -0.00118192948867, -0.000310190429445, -0.00110186252277, 0.0114045450464, -0.0035825248342, -0.000443780387286, 0.00272987387143, -0.0034875695128, 0.00171040964779, -0.000251938443398, 9.70130986389e-06, -0.00250302371569], [-0.000163177479408, -8.97544960026e-05, -0.000340355472872, -0.000460535025923, -0.0035825248342, 0.0146236717701, -0.00260291644372, -0.000937624252401, 0.00205816584639, -0.00319235096686, -0.00319597637281, 0.00106936611701, 0.000179063135874], [0.000484152173158, 0.000691365392413, 0.000572994118556, 0.000304875022266, -0.000443780387286, -0.00260291644372, 0.0171897877008, -0.00427672592923, 0.00186205469072, 0.000740542483982, 0.00305784679949, 7.7673314081e-05, 0.00140605925117], [-7.61590272305e-05, -0.000400977645768, -0.000280913256574, -0.00268744979985, 0.00272987387143, -0.000937624252401, -0.00427672592923, 0.0207328759134, -0.00971825513989, 0.00371731468476, -0.00251334742643, -0.000416336813942, -0.00118143227883], [0.000673709728289, -0.000248124240898, 0.00076065043686, 0.00156627036631, -0.0034875695128, 0.00205816584639, 0.00186205469072, -0.00971825513989, 0.0254503153265, -0.0081832120195, 0.0028453359846, -0.00312351458706, 0.00135463615879], [0.000109375359898, 0.00116914138198, -0.000320793304127, 0.000678171985783, 0.00171040964779, -0.00319235096686, 0.000740542483982, 0.00371731468476, -0.0081832120195, 0.0246962364763, -0.00930290482938, 0.00853333808482, 0.000123503166833], [0.000186566263437, 0.000222715840209, -0.00114222522825, 0.000975616159849, -0.000251938443398, -0.00319597637281, 0.00305784679949, -0.00251334742643, 0.0028453359846, -0.00930290482938, 0.0353066958487, -0.0193802341819, 0.00209630280733], [0.000169200517121, 0.000879267638084, 0.000118173826195, 0.000279736879747, 9.70130986389e-06, 0.00106936611701, 7.7673314081e-05, -0.000416336813942, -0.00312351458706, 0.00853333808482, -0.0193802341819, 0.0358437784016, -0.0103450519964], [0.000201876362553, 0.000389836262912, -0.000766221259255, 0.00221827090718, -0.00250302371569, 0.000179063135874, 0.00140605925117, -0.00118143227883, 0.00135463615879, 0.000123503166833, 0.00209630280733, -0.0103450519964, 0.0230811592191]]
    },
    "spectral_contrast_coeffs": {
        "max": [-0.437120079994, -0.588401854038, -0.5472432971, -0.542919397354, -0.628432750702, -0.628029167652],
        "mean": [-0.699052453041, -0.775722563267, -0.744010984898, -0.734352111816, -0.769427776337, -0.751087009907],
        "min": [-0.969837844372, -0.973688542843, -0.957020819187, -0.962736368179, -0.962239921093, -0.960377275944],
        "stdev": [0.0916547551751, 0.0670658797026, 0.0832113996148, 0.0902702659369, 0.0670638456941, 0.0616952255368]
    },
    "spectral_contrast_valleys": {
        "max": [-5.17011880875, -4.51315546036, -5.58399772644, -6.0810751915, -6.07358646393, -8.25956726074],
        "mean": [-7.48551654816, -7.21801328659, -7.94348716736, -8.27548885345, -8.45084953308, -10.9462556839],
        "min": [-27.0495948792, -27.0680484772, -27.1697235107, -27.2768726349, -27.1430606842, -27.242017746],
        "stdev": [1.45814335346, 1.6464625597, 1.70312571526, 1.66428887844, 1.6127525568, 1.4842915535]
    }
},
"rhythm": {
    "beats_count": 22,
    "beats_loudness": {
        "max": 0.0888944789767,
        "mean": 0.0395959168673,
        "min": 1.15241173262e-05,
        "stdev": 0.0256538242102
    },
    "bpm": 110.531944275,
    "bpm_histogram_first_peak_bpm": 110,
    "bpm_histogram_first_peak_weight": 0.533333301544,
    "bpm_histogram_second_peak_bpm": 103,
    "bpm_histogram_second_peak_spread": 0.400000035763,
    "bpm_histogram_second_peak_weight": 0.142857149243,
    "danceability": 1.15311264992,
    "onset_rate": 2.97820472717,
    "beats_loudness_band_ratio": {
        "max": [0.832649409771, 0.348536849022, 0.406676143408, 0.395698398352, 0.299357831478, 0.303056776524],
        "mean": [0.332604676485, 0.208630129695, 0.175216197968, 0.189908802509, 0.099086470902, 0.0586492754519],
        "min": [0.0420159995556, 0.0300288330764, 0.0249701049179, 0.00618433160707, 0.00738282687962, 0.00517104752362],
        "stdev": [0.195035174489, 0.0771198123693, 0.106090389192, 0.103479340672, 0.0708063319325, 0.0618076883256]
    },
    "beats_position": [0.580498874187, 1.16099774837, 1.74149656296, 2.32199549675, 2.89088439941, 3.45977306366, 4.01705217361, 4.5627207756, 5.10838985443, 5.64244890213, 6.18811798096, 6.73378658295, 7.27945566177, 7.81351470947, 8.34757328033, 8.87002277374, 9.4040813446, 9.93814086914, 10.47219944, 11.0062580109, 11.5519275665, 12.0975961685],
