{
"metadata": {
    "version": {
        "essentia": "2.1-beta5",
        "essentia_git_sha": "Undefined",
        "extractor": "music 2.0"
    },
    "audio_properties": {
        "analysis": {
            "equal_loudness": 0,
            "length": 32.4963264465,
            "sample_rate": 44100,
            "start_time": 12.7477550507,
            "downmix": "mix"
        },
        "bit_rate": 192000,
        "length": 226.638381958,
        "lossless": 0,
        "number_channels": 2,
        "replay_gain": 2.73395347595,
        "sample_rate": 48000,
        "codec": "mp3",
        "md5_encoded": "3819f9419931d9dba3e13504d3181649"
    },
    "tags": {
        "file_name": "Monaco_Une Chanson C_est Une Lettre_Sophie.mp3",
        "encoding": ["Lavf58.29.100"]
    }
},
"lowlevel": {
    "average_loudness": 0.43053278327,
    "barkbands_crest": {
        "max": 21.655632019,
        "mean": 9.1636095047,
        "min": 2.73880124092,
        "stdev": 4.01356840134
    },
    "barkbands_flatness_db": {
        "max": 0.2862175107,
        "mean": 0.135933995247,
        "min": 0.0503337010741,
        "stdev": 0.0371317304671
    },
    "barkbands_kurtosis": {
        "max": 79.9717941284,
        "mean": 5.04441690445,
        "min": -1.83799958229,
        "stdev": 7.64686632156
    },
    "barkbands_skewness": {
        "max": 6.9940905571,
        "mean": 1.42321491241,
        "min": -2.41636872292,
        "stdev": 1.55311203003
    },
    "barkbands_spread": {
        "max": 116.559806824,
        "mean": 19.1008148193,
        "min": 1.59936404228,
        "stdev": 11.413813591
    },
    "dissonance": {
        "max": 0.5,
        "mean": 0.459442764521,
        "min": 0.259170979261,
        "stdev": 0.0405184291303
    },
    "dynamic_complexity": 11.5783748627,
    "erbbands_crest": {
        "max": 27.7846927643,
        "mean": 8.34950447083,
        "min": 1.94896733761,
        "stdev": 4.59415435791
    },
    "erbbands_flatness_db": {
        "max": 0.315277278423,
        "mean": 0.170401275158,
        "min": 0.0596853382885,
        "stdev": 0.0687414109707
    },
    "erbbands_kurtosis": {
        "max": 37.1783294678,
        "mean": 0.677294611931,
        "min": -1.70699310303,
        "stdev": 2.46413373947
    },
    "erbbands_skewness": {
        "max": 5.54137945175,
        "mean": 0.464449256659,
        "min": -4.02508163452,
        "stdev": 0.691146671772
    },
    "erbbands_spread": {
        "max": 130.549057007,
        "mean": 46.4031486511,
        "min": 4.18541479111,
        "stdev": 37.9905357361
    },
    "hfc": {
        "max": 172.721115112,
        "mean": 16.019071579,
        "min": 0.0167263429612,
        "stdev": 23.984041214
    },
    "loudness_ebu128": {
        "integrated": -27.6256523132,
        "loudness_range": 12.4082698822,
        "momentary": {
            "max": -23.3619556427,
            "mean": -37.1272392273,
            "min": -57.7755050659,
            "stdev": 12.5336723328
        },
        "short_term": {
            "max": -24.040353775,
            "mean": -36.5052871704,
            "min": -57.0002822876,
            "stdev": 11.7439098358
        }
    },
    "melbands_crest": {
        "max": 31.0356121063,
        "mean": 12.3038673401,
        "min": 2.74111914635,
        "stdev": 6.05806684494
    },
    "melbands_flatness_db": {
        "max": 0.386201262474,
        "mean": 0.173711702228,
        "min": 0.0290158633143,
        "stdev": 0.0643721446395
    },
    "melbands_kurtosis": {
        "max": 274.376464844,
        "mean": 23.0093955994,
        "min": -1.82700681686,
        "stdev": 33.6359863281
    },
    "melbands_skewness": {
        "max": 13.0603971481,
        "mean": 2.78478693962,
        "min": -0.989741206169,
        "stdev": 2.88298130035
    },
    "melbands_spread": {
        "max": 298.423339844,
        "mean": 23.1611633301,
        "min": 1.20553934574,
        "stdev": 22.6786975861
    },
    "pitch_salience": {
        "max": 0.893667459488,
        "mean": 0.620161294937,
        "min": 0.161874905229,
        "stdev": 0.137495905161
    },
    "silence_rate_20dB": {
        "max": 1,
        "mean": 1,
        "min": 1,
        "stdev": 0
    },
    "silence_rate_30dB": {
        "max": 1,
        "mean": 1,
        "min": 1,
        "stdev": 0
    },
    "silence_rate_60dB": {
        "max": 1,
        "mean": 0.389721632004,
        "min": 0,
        "stdev": 0.487687051296
    },
    "spectral_centroid": {
        "max": 6429.06542969,
        "mean": 1426.00610352,
        "min": 217.254104614,
        "stdev": 653.168395996
    },
    "spectral_complexity": {
        "max": 66,
        "mean": 13.4168453217,
        "min": 0,
        "stdev": 14.4332952499
    },
    "spectral_decrease": {
        "max": -3.4066686104e-12,
        "mean": -2.71454947409e-09,
        "min": -3.05410630119e-08,
        "stdev": 3.73782693686e-09
    },
    "spectral_energy": {
        "max": 0.120648525655,
        "mean": 0.0116983214393,
        "min": 1.45778276419e-05,
        "stdev": 0.0158604476601
    },
    "spectral_energyband_high": {
        "max": 0.0150627754629,
        "mean": 0.00056198152015,
        "min": 1.53419114213e-06,
        "stdev": 0.00124425045215
    },
    "spectral_energyband_low": {
        "max": 0.017715152353,
        "mean": 0.000533715356141,
        "min": 4.70590703117e-06,
        "stdev": 0.00147947028745
    },
    "spectral_energyband_middle_high": {
        "max": 0.0710261762142,
        "mean": 0.00609722360969,
        "min": 7.83211930866e-07,
        "stdev": 0.00987978372723
    },
    "spectral_energyband_middle_low": {
        "max": 0.10637588799,
        "mean": 0.00479207513854,
        "min": 2.48150467996e-06,
        "stdev": 0.00957351084799
    },
    "spectral_entropy": {
        "max": 8.7292509079,
        "mean": 7.60138177872,
        "min": 6.0231628418,
        "stdev": 0.622429668903
    },
    "spectral_flux": {
        "max": 0.246251240373,
        "mean": 0.0467389561236,
        "min": 0.0019832351245,
        "stdev": 0.0457839742303
    },
    "spectral_kurtosis": {
        "max": 24.4107952118,
        "mean": 3.42445206642,
        "min": -1.21474146843,
        "stdev": 2.80800366402
    },
    "spectral_rms": {
        "max": 0.0108492337167,
        "mean": 0.00258138100617,
        "min": 0.000119257158076,
        "stdev": 0.0021793267224
    },
    "spectral_rolloff": {
        "max": 11003.4667969,
        "mean": 1514.26574707,
        "min": 86.1328125,
        "stdev": 1408.4354248
    },
    "spectral_skewness": {
        "max": 3.95820736885,
        "mean": 1.48880076408,
        "min": -0.53091531992,
        "stdev": 0.475917756557
    },
    "spectral_spread": {
        "max": 13985678,
        "mean": 5388187.5,
        "min": 2029560.375,
        "stdev": 2425744.25
    },
    "spectral_strongpeak": {
        "max": 10.4035902023,
        "mean": 0.930339038372,
        "min": 0,
        "stdev": 1.09600436687
    },
    "zerocrossingrate": {
        "max": 0.37451171875,
        "mean": 0.0738350227475,
        "min": 0.0087890625,
        "stdev": 0.0336659029126
    },
    "barkbands": {
        "max": [0.000959250086453, 0.0062462463975, 0.0148779377341, 0.0327013917267, 0.0361149013042, 0.0497241541743, 0.0533997826278, 0.0335174389184, 0.0390107259154, 0.0245716311038, 0.0102211935446, 0.0512256249785, 0.0114079648629, 0.0132050383836, 0.0158722512424, 0.0149000864476, 0.0179070495069, 0.0171946007758, 0.010596496053, 0.00467266421765, 0.00353895570152, 0.00598042178899, 0.00396306859329, 0.00264139566571, 0.00457464950159, 0.000180156144779, 1.80890344836e-06],
        "mean": [3.63519902749e-05, 0.000139828945976, 0.000197976551135, 0.000543830217794, 0.000713665504009, 0.00102360383607, 0.000521286798175, 0.000294506200589, 0.00144276209176, 0.000585847417824, 0.000722717493773, 0.000789699319284, 0.00061397778336, 0.0008801643271, 0.000856623228174, 0.000828930351418, 0.00045756433974, 0.000300024519674, 0.0001296515984, 0.000120435397548, 0.000128332700115, 0.000123825418996, 0.000113841371785, 9.18054356589e-05, 3.83966653317e-05, 2.66955134975e-06, 3.41152794903e-09],
        "min": [1.95054123964e-08, 1.51921960878e-06, 4.36588010189e-08, 3.16712984727e-08, 5.78399976803e-07, 1.05869681022e-07, 1.02881692499e-07, 1.36555762253e-08, 4.45641958891e-08, 3.05039407067e-08, 1.8421633996e-08, 2.91518311712e-08, 1.54565693578e-08, 2.32497949781e-08, 2.18242366401e-08, 2.2978387193e-08, 1.6375345524e-08, 3.218210054e-08, 3.03706286786e-08, 6.1518505845e-08, 9.87560255794e-08, 1.19667788567e-07, 1.65519480788e-07, 2.39318552531e-07, 3.15416201602e-07, 2.16746598447e-09, 2.99723024177e-10],
        "stdev": [6.4023595769e-05, 0.000288861920126, 0.000808847195003, 0.00213404837996, 0.00278732413426, 0.00343993073329, 0.00212942040525, 0.00119056657422, 0.00376581726596, 0.00167729484383, 0.00120168901049, 0.00222760462202, 0.00123532128055, 0.00152447994333, 0.00183924648445, 0.00186320464127, 0.00110493646935, 0.00095853296807, 0.00043163402006, 0.000278680759948, 0.000299145525787, 0.00034920393955, 0.000295613601338, 0.00024562040926, 0.000235916028032, 1.01670366348e-05, 6.82788297013e-08]
    },
    "erbbands": {
        "max": [0.0883548110723, 1.93264997005, 13.2059288025, 49.8575248718, 189.048919678, 122.099609375, 372.762176514, 411.241516113, 817.569458008, 501.495758057, 638.346374512, 805.567687988, 1033.99841309, 496.134185791, 790.239135742, 2625.37646484, 432.836029053, 611.143005371, 601.538024902, 1024.79638672, 844.311340332, 1066.03198242, 661.797851562, 668.027038574, 309.056152344, 210.5131073, 211.072555542, 172.65965271, 200.618057251, 172.369506836, 109.799827576, 85.6586151123, 54.5703010559, 82.6823272705, 33.1283111572, 2.94277405739, 0.293245464563, 0.00787037611008, 0.00056076265173, 0.000139509429573],
        "mean": [0.0034726858139, 0.0356763787568, 0.196920827031, 0.968440532684, 2.46526503563, 2.30581521988, 4.43712472916, 9.51358509064, 5.36419391632, 11.6342887878, 8.84758281708, 30.631357193, 28.5073738098, 18.2809963226, 33.2191886902, 31.6370944977, 28.5763320923, 45.9102134705, 37.3865699768, 51.5824699402, 41.2170028687, 25.2110176086, 16.829864502, 10.5699682236, 5.97630310059, 5.79841852188, 5.7098274231, 4.55884313583, 4.4030547142, 3.79422593117, 3.25962018967, 2.4959666729, 1.16415643692, 0.624047160149, 0.164377003908, 0.0277008712292, 0.00269372365437, 8.43130546855e-05, 1.40047241075e-05, 1.62778342201e-05],
        "min": [2.22005837713e-05, 0.000387610692997, 0.000266607676167, 0.000581662578043, 0.00121901021339, 0.00146675924771, 0.00083424343029, 0.00104596209712, 0.00115871662274, 0.00118462450337, 0.00104051968083, 0.0011130142957, 0.00162044423632, 0.0011993474327, 0.00132466678042, 0.00134043977596, 0.000995723064989, 0.00122604658827, 0.000989938154817, 0.00122564297635, 0.00119643833023, 0.00134836218785, 0.00203391397372, 0.00193066347856, 0.00182130909525, 0.00320846796967, 0.00340828625485, 0.00384432449937, 0.00415516644716, 0.00430641882122, 0.00483704498038, 0.00439609866589, 0.00367256300524, 0.0028582199011, 0.00216051982716, 0.000181489100214, 1.26880277094e-05, 9.1124940127e-07, 1.44778013578e-07, 3.83784737323e-08],
        "stdev": [0.00495543004945, 0.0884997174144, 0.756846606731, 3.52575945854, 11.4398946762, 7.9349770546, 21.0452232361, 32.5404167175, 32.2736434937, 31.3275279999, 29.7895374298, 71.3642120361, 80.241355896, 35.75157547, 60.1542320251, 97.719329834, 55.4339981079, 75.3413391113, 79.6726303101, 107.520591736, 92.4369659424, 60.6280899048, 49.6869850159, 36.0817527771, 16.4010620117, 12.9763374329, 13.900853157, 11.2018327713, 12.1856470108, 11.4574956894, 8.22496032715, 6.61327123642, 3.43493080139, 3.60384845734, 1.18625569344, 0.123888663948, 0.0152128906921, 0.00044986399007, 3.29431932187e-05, 2.20067195187e-05]
    },
    "gfcc": {
        "mean": [-126.232749939, 82.750328064, -136.831832886, 36.3294563293, -76.5090484619, 30.7332763672, -43.3780136108, 9.19935512543, -17.441078186, -0.810368895531, -12.2123918533, -5.66604089737, -0.444807142019],
        "cov": [[20407.1464844, 476.343780518, -6794.40234375, -2146.82446289, -481.707824707, -473.1222229, 110.99772644, -972.099975586, 998.397705078, -855.483459473, 421.505493164, -336.814422607, 451.117279053], [476.343780518, 1014.72979736, -199.236968994, -250.522537231, -137.212661743, -262.326751709, 77.3618621826, -225.155731201, 101.611877441, -184.351196289, 42.2818984985, -170.215377808, 81.5701217651], [-6794.40234375, -199.236968994, 3042.72607422, 958.493408203, 136.268295288, 167.011779785, -152.999588013, 361.086975098, -470.50112915, 202.018844604, -175.662826538, 81.0130767822, -245.397705078], [-2146.82446289, -250.522537231, 958.493408203, 478.398712158, 125.84160614, 82.8861846924, -64.5414428711, 141.452651978, -161.993545532, 83.9476394653, -86.9927444458, 48.1780395508, -88.2232131958], [-481.707824707, -137.212661743, 136.268295288, 125.84160614, 201.40411377, 102.805213928, -20.9524440765, 63.0012283325, -56.0229187012, 45.0744094849, -48.1896476746, 27.6274356842, -40.3842277527], [-473.1222229, -262.326751709, 167.011779785, 82.8861846924, 102.805213928, 188.890930176, 13.2681932449, 74.4408950806, -52.4883422852, 57.1847000122, -39.3058433533, 39.0061454773, -45.391330719], [110.99772644, 77.3618621826, -152.999588013, -64.5414428711, -20.9524440765, 13.2681932449, 100.593490601, -18.3006324768, 20.089673996, -2.09831261635, -4.84390544891, -8.13308429718, 17.1715183258], [-972.099975586, -225.155731201, 361.086975098, 141.452651978, 63.0012283325, 74.4408950806, -18.3006324768, 159.188934326, -54.1268463135, 62.6613998413, -10.9699983597, 39.7970581055, -43.4099006653], [998.397705078, 101.611877441, -470.50112915, -161.993545532, -56.0229187012, -52.4883422852, 20.089673996, -54.1268463135, 160.035430908, -26.9588031769, 31.8487033844, -22.6271381378, 46.8094520569], [-855.483459473, -184.351196289, 202.018844604, 83.9476394653, 45.0744094849, 57.1847000122, -2.09831261635, 62.6613998413, -26.9588031769, 152.570098877, -13.7750225067, 55.5050163269, -17.4203166962], [421.505493164, 42.2818984985, -175.662826538, -86.9927444458, -48.1896476746, -39.3058433533, -4.84390544891, -10.9699983597, 31.8487033844, -13.7750225067, 107.888214111, 3.75932645798, 26.8178730011], [-336.814422607, -170.215377808, 81.0130767822, 48.1780395508, 27.6274356842, 39.0061454773, -8.13308429718, 39.7970581055, -22.6271381378, 55.5050163269, 3.75932645798, 91.3570556641, -2.3931388855], [451.117279053, 81.5701217651, -245.397705078, -88.2232131958, -40.3842277527, -45.391330719, 17.1715183258, -43.4099006653, 46.8094520569, -17.4203166962, 26.8178730011, -2.3931388855, 73.837890625]],
        "icov": [[0.000331027375069, 0.000270005664788, 0.000671897374559, 2.06802960747e-05, 0.000234077320783, -3.02395237668e-05, 0.000561232969631, 0.000526997318957, 2.93030498142e-05, 0.000942584360018, -0.000137917493703, 0.000332391617121, 0.000490434817038], [0.000270005664788, 0.00825674738735, -0.00417078379542, 0.00621035695076, -0.00765525503084, 0.00860142242163, -0.00801086518914, 0.00886681023985, -0.00549747934565, 0.00489084701985, -0.00303379981779, 0.00658060936257, -0.00308140204288], [0.000671897374559, -0.00417078379542, 0.00565072754398, -0.00558961741626, 0.00664880359545, -0.00502158422023, 0.00669314572588, -0.00500140432268, 0.00542756449431, -0.00113797350787, 0.00193495303392, -0.00238383864053, 0.00416717585176], [2.06802960747e-05, 0.00621035695076, -0.00558961741626, 0.0123632615432, -0.00886307563633, 0.00762714259326, -0.00557745900005, 0.00556370336562, -0.00407941266894, 0.00326137314551, -0.000319002545439, 0.00353573122993, -0.00279673165642], [0.000234077320783, -0.00765525503084, 0.00664880359545, -0.00886307563633, 0.0174779742956, -0.0118634700775, 0.0108844013885, -0.00940670724958, 0.0077904118225, -0.00425332318991, 0.00492272432894, -0.00533789629117, 0.00483566569164], [-3.02395237668e-05, 0.00860142242163, -0.00502158422023, 0.00762714259326, -0.0118634700775, 0.0191732607782, -0.0117321647704, 0.00663994718343, -0.00479873688892, 0.00338353216648, -0.00166539172642, 0.00462439423427, -0.000368007575162], [0.000561232969631, -0.00801086518914, 0.00669314572588, -0.00557745900005, 0.0108844013885, -0.0117321647704, 0.0223871041089, -0.00840325653553, 0.00694689620286, -0.00374557776377, 0.00514941988513, -0.00463500991464, 0.00228721066378], [0.000526997318957, 0.00886681023985, -0.00500140432268, 0.00556370336562, -0.00940670724958, 0.00663994718343, -0.00840325653553, 0.0216624606401, -0.00766879040748, 0.00451995572075, -0.00624819751829, 0.00537507189438, -0.000991047360003], [2.93030498142e-05, -0.00549747934565, 0.00542756449431, -0.00407941266894, 0.0077904118225, -0.00479873688892, 0.00694689620286, -0.00766879040748, 0.0170349255204, -0.00440085539594, 0.00303706317209, -0.00234422646463, 0.00122843449935], [0.000942584360018, 0.00489084701985, -0.00113797350787, 0.00326137314551, -0.00425332318991, 0.00338353216648, -0.00374557776377, 0.00451995572075, -0.00440085539594, 0.0147065911442, -0.00178419100121, -0.000558606407139, -0.000875430065207], [-0.000137917493703, -0.00303379981779, 0.00193495303392, -0.000319002545439, 0.00492272432894, -0.00166539172642, 0.00514941988513, -0.00624819751829, 0.00303706317209, -0.00178419100121, 0.0142473839223, -0.00407207850367, -0.000611487659626], [0.000332391617121, 0.00658060936257, -0.00238383864053, 0.00353573122993, -0.00533789629117, 0.00462439423427, -0.00463500991464, 0.00537507189438, -0.00234422646463, -0.000558606407139, -0.00407207850367, 0.021354617551, -0.00531179364771], [0.000490434817038, -0.00308140204288, 0.00416717585176, -0.00279673165642, 0.00483566569164, -0.000368007575162, 0.00228721066378, -0.000991047360003, 0.00122843449935, -0.000875430065207, -0.000611487659626, -0.00531179364771, 0.0248274132609]]
    },
    "melbands": {
        "max": [0.00108868232928, 0.00461522815749, 0.0125646395609, 0.00936990324408, 0.0100444648415, 0.00787497777492, 0.0123844062909, 0.00629316689447, 0.00530380569398, 0.00537681207061, 0.00502286478877, 0.0022984247189, 0.00185233133379, 0.00558461248875, 0.00299431756139, 0.00137661839835, 0.00113718572538, 0.000968346663285, 0.00149785540998, 0.00132862804458, 0.00121257978026, 0.00116662262008, 0.000711180560756, 0.000959308759775, 0.000564345449675, 0.000302981236018, 9.81822231552e-05, 0.000190067992662, 0.000172248444869, 0.000104086058855, 0.00010918762564, 0.000120468503155, 0.000115073366032, 9.00380618987e-05, 7.32026528567e-05, 5.39130596735e-05, 5.10465833941e-05, 2.74013927992e-05, 7.77441455284e-05, 6.49350768072e-05],
        "mean": [3.70994566765e-05, 8.81718588062e-05, 0.000230288307648, 0.00015611849085, 0.000150018822751, 0.000204681244213, 8.81029409356e-05, 0.000114100432256, 9.12096365937e-05, 0.000200136768399, 0.000139704497997, 6.80851517245e-05, 0.00011445301061, 8.98177240742e-05, 6.74897601129e-05, 7.01807221049e-05, 8.5091269284e-05, 5.62481945963e-05, 6.94608679623e-05, 6.37155753793e-05, 4.45729165222e-05, 2.74128051387e-05, 1.68500846485e-05, 1.50745136125e-05, 7.8544499047e-06, 4.41777820015e-06, 3.99258260586e-06, 3.74724095309e-06, 3.67712641491e-06, 2.98963254863e-06, 2.58482691606e-06, 2.60383012574e-06, 2.2220935989e-06, 2.03736908588e-06, 1.90369246411e-06, 1.73371893197e-06, 1.403954343e-06, 8.31764793929e-07, 6.55967482999e-07, 4.79393293062e-07],
        "min": [4.38549108139e-07, 5.14139685492e-07, 1.29856218223e-07, 1.29031292317e-07, 3.37074759216e-08, 1.93618685529e-08, 2.0490567465e-08, 1.12268248031e-08, 6.5398615412e-09, 7.56053353257e-09, 6.57184218156e-09, 4.12616874002e-09, 3.56928131495e-09, 3.535067572e-09, 1.83366910544e-09, 1.44550904579e-09, 2.13286521777e-09, 1.09355968725e-09, 1.72462810699e-09, 1.08712827629e-09, 8.37251767916e-10, 8.7676355065e-10, 1.26155508262e-09, 1.49841461461e-09, 1.34676014785e-09, 1.19455012548e-09, 1.42231437739e-09, 1.74915959494e-09, 1.80310166797e-09, 1.57508162069e-09, 2.08878536689e-09, 1.71311043129e-09, 2.34829555801e-09, 2.27389018725e-09, 2.45577602698e-09, 2.60840904431e-09, 2.36250174979e-09, 2.35091812684e-09, 2.31005170548e-09, 1.5253357466e-09],
        "stdev": [5.97465223109e-05, 0.000294190947898, 0.000891055504326, 0.000607057474554, 0.000628941575997, 0.000679448596202, 0.000472284475109, 0.00031937554013, 0.000297526770737, 0.000487580051413, 0.000407944695326, 0.000155487039592, 0.000188677033293, 0.000252545927651, 0.000170486120624, 0.000129406093038, 0.000143279219628, 0.000125691993162, 0.000154955734615, 0.000143062090501, 0.000103250771645, 6.54579416732e-05, 5.08768607688e-05, 5.16404979862e-05, 2.83322842733e-05, 1.42646485983e-05, 9.04476564756e-06, 9.47257103689e-06, 9.70456403593e-06, 7.5999469118e-06, 6.41441283733e-06, 7.00496730133e-06, 7.08483003109e-06, 6.22054722044e-06, 5.00557507621e-06, 4.54592054666e-06, 3.83944279747e-06, 2.26902011491e-06, 3.11771100314e-06, 3.04634227177e-06]
    },
    "melbands128": {
        "max": [0.000364358711522, 0.000538786815014, 0.0014617749257, 0.00383436097763, 0.00588296214119, 0.00784202665091, 0.0074802134186, 0.0200862437487, 0.0258704759181, 0.00692315865308, 0.0076723000966, 0.00988972280174, 0.0141756879166, 0.0213972367346, 0.0136906402186, 0.0117886373773, 0.010154386051, 0.0233153179288, 0.00776146491989, 0.00764967966825, 0.00599349476397, 0.00981489755213, 0.00394212687388, 0.0151651483029, 0.00957845896482, 0.0115281287581, 0.015666641295, 0.00866733491421, 0.00621718307957, 0.00550608150661, 0.00101631588768, 0.00214521540329, 0.00320602906868, 0.00581006705761, 0.0054107233882, 0.00986110884696, 0.0117683634162, 0.0031200258527, 0.00155481661204, 0.00141047185753, 0.00311211193912, 0.00336206611246, 0.00155242253095, 0.0032942390535, 0.00138199806679, 0.00133307604119, 0.00171815697104, 0.00305225607008, 0.00173408980481, 0.00230875448324, 0.00173450482544, 0.00142014434095, 0.00183259753976, 0.00205105845816, 0.0011237176368, 0.00121805327944, 0.00166741479188, 0.00195313268341, 0.000609541661106, 0.000925241096411, 0.00109001377132, 0.0030936319381, 0.000631377624813, 0.000695661932696, 0.000396307004848, 0.000407319137594, 0.000358372053597, 0.000172714033397, 0.00010643623682, 9.73948699539e-05, 0.000130239481223, 0.000512162165251, 0.000186011748156, 0.000216080850805, 0.0001698275737, 0.000144471690874, 0.000102149941085, 0.000142832039273, 7.90839258116e-05, 0.000140683259815, 0.00015425105812, 0.000129326523165, 0.000133595720399, 0.000155204194016, 0.00012053745013, 0.000106257350126, 9.05672568479e-05, 9.84575599432e-05, 9.11561801331e-05, 6.99423981132e-05, 7.94044390204e-05, 8.9888490038e-05, 8.61782827997e-05, 7.83468130976e-05, 6.3664811023e-05, 2.50800076174e-05, 4.1087045247e-05, 4.38279639638e-05, 7.12889886927e-05, 9.83230420388e-05, 0.000114675603982, 6.22322404524e-05, 4.14015994465e-05, 4.24018944614e-05, 5.3544757975e-05, 3.23581516568e-05, 1.42365861393e-05, 2.5415829441e-06, 2.06415961657e-06, 1.49465586219e-06, 1.42911517287e-06, 1.69388977156e-06, 1.07937091798e-06, 9.74651115371e-08, 9.29894916624e-09, 9.02156394034e-09, 8.71310490425e-09, 8.4436937442e-09, 8.21013745878e-09, 7.99404809015e-09, 7.79450548549e-09, 7.65991892138e-09, 7.50405071415e-09, 7.3810224599e-09, 7.2723969069e-09, 7.18077597384e-09, 7.11224235062e-09, 7.07315317428e-09],
        "mean": [2.22862636292e-05, 2.62946832663e-05, 4.12371591665e-05, 6.13343145233e-05, 8.40416614665e-05, 0.000102215351944, 0.000156033362146, 0.000328735623043, 0.000278719235212, 8.55417674757e-05, 0.000138649877044, 0.000118995631055, 0.000117649527965, 0.000236780557316, 0.000251343706623, 0.000182405492524, 7.69968974055e-05, 5.82263455726e-05, 9.18300502235e-05, 0.000199024230824, 6.42750601401e-05, 5.09797500854e-05, 4.51739615528e-05, 0.000184247954166, 0.000249175645877, 0.000155752393766, 0.000243074275204, 0.000123873265693, 7.83368668635e-05, 6.52455200907e-05, 4.91536084155e-05, 9.81186021818e-05, 0.000156320995302, 8.36696417537e-05, 9.88726533251e-05, 8.74583274708e-05, 8.94530821824e-05, 6.19612183073e-05, 6.17802434135e-05, 5.19025998074e-05, 5.71965028939e-05, 0.000124149155454, 8.38025807752e-05, 7.65667864471e-05, 5.47870804439e-05, 4.95629537909e-05, 5.82662250963e-05, 7.10908861947e-05, 6.8579109211e-05, 8.30895223771e-05, 5.72520366404e-05, 5.34183709533e-05, 5.35845174454e-05, 3.61900238204e-05, 3.44483778463e-05, 2.70364125754e-05, 2.11371116166e-05, 2.06554723263e-05, 1.35929331009e-05, 1.26217582874e-05, 1.67787802638e-05, 1.71408482856e-05, 7.97121629148e-06, 6.10821507507e-06, 5.04660647493e-06, 4.2160695557e-06, 4.15976637669e-06, 4.18903573518e-06, 3.64020252164e-06, 4.2216138354e-06, 3.64193851965e-06, 3.81375070901e-06, 3.36727225658e-06, 4.00163889935e-06, 3.43853207596e-06, 3.34634364663e-06, 2.53717303167e-06, 2.39471455643e-06, 2.58947761722e-06, 2.62677099272e-06, 3.20826666211e-06, 2.20976880883e-06, 2.19323123929e-06, 2.2790602543e-06, 2.20655488192e-06, 2.0723716716e-06, 2.02912178793e-06, 1.85966359822e-06, 1.95714255824e-06, 1.88065052953e-06, 1.73888361132e-06, 1.55711131811e-06, 1.96735572899e-06, 1.42568944739e-06, 1.15780244414e-06, 8.70336577918e-07, 7.85788131452e-07, 7.03326122675e-07, 6.56476572658e-07, 6.3167397002e-07, 6.00864609623e-07, 4.82693735648e-07, 3.12748426268e-07, 2.01680535383e-07, 1.745599576e-07, 1.38164281793e-07, 8.08564308841e-08, 4.96753145285e-08, 3.87925069845e-08, 2.71640328009e-08, 2.02397192339e-08, 9.77542757852e-09, 3.99385502448e-09, 4.67063998588e-10, 2.15045828367e-11, 1.95230567823e-11, 1.83779345908e-11, 1.61174944918e-11, 1.54371220668e-11, 1.50414004169e-11, 1.46070950474e-11, 1.43970209018e-11, 1.41470602594e-11, 1.38062139846e-11, 1.32034843128e-11, 1.22877029732e-11, 1.17649874218e-11, 1.16403588157e-11],
        "min": [1.89152915553e-09, 2.23993996684e-08, 1.74653195018e-07, 4.09752885844e-07, 8.04742299465e-08, 2.54053595938e-08, 3.29702132262e-08, 1.30971944401e-08, 3.66928674111e-08, 5.47855947275e-08, 3.54045184281e-08, 1.05098889591e-08, 1.20202630072e-08, 7.29657845255e-09, 7.27346183282e-09, 3.23652438183e-09, 7.60625695762e-09, 3.30335758747e-09, 1.31558959282e-08, 4.95905849718e-09, 2.36284947164e-09, 1.97812788372e-09, 1.06330899641e-09, 2.01507388553e-09, 4.1171808185e-09, 1.29703114915e-09, 7.16909642762e-10, 1.5787853247e-09, 1.18019394257e-09, 1.86592319373e-09, 1.69288560947e-09, 1.2904832758e-09, 1.49890277967e-09, 2.42563524822e-09, 1.25297816567e-09, 7.31236571294e-10, 1.14177234334e-09, 6.70930533353e-10, 8.37403424381e-10, 3.24010152042e-10, 5.59121526855e-10, 1.16332099509e-09, 7.15035530785e-10, 2.14907674989e-10, 8.31614554997e-10, 2.81076301123e-10, 8.1879136804e-10, 5.10235576012e-10, 7.07230440877e-10, 3.68858416033e-10, 6.21958651248e-10, 5.57187351813e-10, 3.44108019856e-10, 6.46782738478e-10, 6.17399742442e-10, 4.83893036751e-10, 6.4324984228e-10, 5.69167879494e-10, 5.88883775077e-10, 7.80043640791e-10, 8.3636764181e-10, 6.44842568231e-10, 7.30913607416e-10, 3.62245372587e-10, 6.59975074591e-10, 6.84818313168e-10, 5.63574853452e-10, 5.29107258007e-10, 7.42869266102e-10, 1.36917188698e-09, 8.73522698619e-10, 7.23778093015e-10, 6.48058384733e-10, 5.83644799157e-10, 1.0470740941e-09, 1.0950976792e-09, 8.66973270952e-10, 5.8802035463e-10, 9.76728031787e-10, 1.01255892559e-09, 1.08603803728e-09, 5.79869652295e-10, 1.43655476403e-09, 1.08298403578e-09, 5.2135185058e-10, 6.9214478593e-10, 1.38357714174e-09, 8.75595262961e-10, 6.88713586161e-10, 1.18077092548e-09, 1.73731773412e-09, 1.23516552542e-09, 1.46137324464e-09, 1.18603471488e-09, 1.24234234011e-09, 1.12397646745e-09, 1.13189912998e-09, 1.09695030837e-09, 9.72124936105e-10, 1.32024513544e-09, 3.84406700915e-10, 1.65916336226e-10, 3.4293959339e-10, 1.24239873944e-09, 1.10205766735e-09, 5.24141119396e-10, 6.83470502416e-10, 9.9229707784e-11, 1.19650209879e-12, 9.4162286475e-13, 8.42814696072e-13, 9.88623462608e-13, 8.19273847982e-13, 7.87169645872e-13, 8.98754866103e-13, 8.66806843317e-13, 8.207953631e-13, 8.41281254729e-13, 6.53047711394e-13, 7.99316396492e-13, 8.27077393118e-13, 7.18168959631e-13, 7.28070923862e-13, 6.82436854423e-13, 6.03506556795e-13, 1.35127857254e-13, 2.49725709404e-14, 8.49597868898e-16],
        "stdev": [3.38706704497e-05, 3.86080246244e-05, 7.33914785087e-05, 0.000165788296727, 0.000340851343935, 0.000404207152314, 0.000594609824475, 0.00132689345628, 0.00144644256216, 0.000358868332114, 0.000503813207615, 0.000579924671911, 0.0008698249585, 0.00104834849481, 0.000932390685193, 0.000817463907879, 0.000441715324996, 0.000808929617051, 0.000295794161502, 0.000565116584767, 0.000222763745114, 0.000353200477548, 0.000215753621887, 0.000760858820286, 0.000659067940433, 0.000698947289493, 0.000999996438622, 0.000471254985314, 0.000309934577672, 0.000269031675998, 0.000124052268802, 0.000188783189515, 0.000277125625871, 0.000298937578918, 0.000329286966007, 0.000343395542586, 0.00040457767318, 0.000181053910637, 0.000152773922309, 0.000130504311528, 0.000161638119607, 0.000264409871306, 0.000152148946654, 0.000198461100808, 0.000142975608469, 0.000133666166221, 0.000151587053551, 0.000209562422242, 0.000170987768797, 0.000179669077625, 0.000164636396221, 0.000145135054481, 0.000147910686792, 0.000103674086859, 8.2691112766e-05, 6.97534487699e-05, 7.07094441168e-05, 8.41731744003e-05, 4.45709956693e-05, 4.92832332384e-05, 6.10652059549e-05, 0.000106993589725, 3.10507311951e-05, 2.45088922384e-05, 1.87739115063e-05, 1.53306500579e-05, 1.49926036102e-05, 1.18638445201e-05, 9.26185930439e-06, 9.30332680582e-06, 9.19866670301e-06, 1.72943982761e-05, 1.09637285277e-05, 1.08517260742e-05, 1.03887168734e-05, 9.10569087864e-06, 7.40839323043e-06, 7.87811768532e-06, 6.19446018391e-06, 7.03790783518e-06, 8.00938778411e-06, 7.95961568656e-06, 7.24899427951e-06, 7.74638010625e-06, 7.34652167012e-06, 6.97843734088e-06, 6.4021005528e-06, 5.86432679484e-06, 5.5350465118e-06, 5.17258877153e-06, 4.79207847093e-06, 4.95174344906e-06, 6.23559208179e-06, 4.49800018032e-06, 3.61308843821e-06, 2.3394488835e-06, 2.33502373703e-06, 2.41227417064e-06, 3.08188623421e-06, 3.7835322928e-06, 4.28605153502e-06, 3.30346802002e-06, 2.14741771742e-06, 1.41249688568e-06, 1.71651618075e-06, 1.28343208416e-06, 5.29953297246e-07, 1.60584747277e-07, 1.24776121879e-07, 9.62450386055e-08, 8.61378524064e-08, 8.24945800559e-08, 4.3618609169e-08, 4.52300286113e-09, 3.51229240136e-10, 3.40502126495e-10, 3.28789884207e-10, 3.18651133258e-10, 3.09925085595e-10, 3.01780739287e-10, 2.94124030686e-10, 2.89167578771e-10, 2.83260720435e-10, 2.78634393336e-10, 2.74552103274e-10, 2.71097144733e-10, 2.68518957069e-10, 2.6704033429e-10]
    },
    "mfcc": {
        "mean": [-756.988647461, 100.328224182, 1.41594147682, 4.63888502121, -1.54562747478, 8.70817089081, -6.41879558563, 3.9598634243, 1.89870381355, 2.64225029945, -3.09998965263, 1.88125479221, -3.40738725662],
        "cov": [[24655.0722656, 170.264480591, -6167.77001953, -2470.32885742, -1485.20532227, -265.261260986, -1317.58789062, -41.2821922302, -218.516677856, -114.448127747, -449.067871094, 201.959213257, -224.156433105], [170.264480591, 947.362487793, -15.9289283752, -49.8604202271, -229.335357666, -74.9660491943, -130.884292603, -68.400642395, -28.114654541, -68.3396148682, -14.4830417633, -10.6117706299, -133.282623291], [-6167.77001953, -15.9289283752, 2133.46118164, 769.892333984, 440.232513428, -6.93219566345, 351.801818848, 13.3354949951, -29.6147174835, 16.7589950562, 68.1000595093, -76.401802063, -4.89949607849], [-2470.32885742, -49.8604202271, 769.892333984, 448.26675415, 227.503921509, 7.56994962692, 140.478240967, 0.749817430973, 8.25979804993, -3.23845362663, 19.7488651276, -31.1224880219, 5.07321739197], [-1485.20532227, -229.335357666, 440.232513428, 227.503921509, 347.96673584, 33.6971244812, 144.747146606, 49.5087165833, -15.7463769913, 50.9003295898, 0.134371936321, -30.9213752747, 23.810092926], [-265.261260986, -74.9660491943, -6.93219566345, 7.56994962692, 33.6971244812, 156.265975952, 39.4314498901, 10.7107334137, 54.1267471313, -12.0302305222, 22.660692215, -14.5774898529, 13.2677583694], [-1317.58789062, -130.884292603, 351.801818848, 140.478240967, 144.747146606, 39.4314498901, 205.057571411, 34.4369850159, -5.58534479141, 20.4869651794, 14.4585285187, -22.9548625946, 30.1400032043], [-41.2821922302, -68.400642395, 13.3354949951, 0.749817430973, 49.5087165833, 10.7107334137, 34.4369850159, 91.5651931763, 4.51222467422, 9.1669511795, 2.36890482903, -3.97734761238, -16.4631881714], [-218.516677856, -28.114654541, -29.6147174835, 8.25979804993, -15.7463769913, 54.1267471313, -5.58534479141, 4.51222467422, 95.0008010864, -2.03856730461, 13.9286260605, 1.19586443901, 11.9233207703], [-114.448127747, -68.3396148682, 16.7589950562, -3.23845362663, 50.9003295898, -12.0302305222, 20.4869651794, 9.1669511795, -2.03856730461, 94.3734512329, -3.58263635635, -0.117731064558, 20.8143577576], [-449.067871094, -14.4830417633, 68.1000595093, 19.7488651276, 0.134371936321, 22.660692215, 14.4585285187, 2.36890482903, 13.9286260605, -3.58263635635, 71.2761535645, 7.15291595459, 10.1670455933], [201.959213257, -10.6117706299, -76.401802063, -31.1224880219, -30.9213752747, -14.5774898529, -22.9548625946, -3.97734761238, 1.19586443901, -0.117731064558, 7.15291595459, 55.6422615051, 10.4263505936], [-224.156433105, -133.282623291, -4.89949607849, 5.07321739197, 23.810092926, 13.2677583694, 30.1400032043, -16.4631881714, 11.9233207703, 20.8143577576, 10.1670455933, 10.4263505936, 103.643882751]],
        "icov": [[0.000253310747212, 0.000181007257197, 0.000520193891134, 0.000223702809308, 0.000209743928281, 3.20222170558e-06, 0.000465548393549, -0.000104649792775, 0.000678387994412, 0.000104009042843, 0.000789020617958, 6.36870900053e-05, 0.000410922395531], [0.000181007257197, 0.00185820774641, 0.00015490106307, 7.85761731095e-05, 0.00122058694251, 0.000269664218649, 0.000667774991598, 0.000841431086883, 0.000693013484124, 0.000251071731327, 0.000610983581282, 0.000540101958904, 0.00216466910206], [0.000520193891134, 0.00015490106307, 0.00258165760897, -0.00163027388044, 0.000212101454963, 0.000423994992161, -0.000215397551074, 3.67858228856e-05, 0.00172037584707, 1.57593458425e-05, 0.000640984450001, 0.000578681065235, 0.00116939842701], [0.000223702809308, 7.85761731095e-05, -0.00163027388044, 0.00760609749705, -0.00272560515441, 0.00108717265539, 0.000107677929918, 0.00159141304903, -0.00192085688468, 0.00218098051846, 0.000869821873493, -2.06040422199e-05, 0.000543667702004], [0.000209743928281, 0.00122058694251, 0.000212101454963, -0.00272560515441, 0.0074722408317, -0.00167403626256, -0.000620059960056, -0.00241447472945, 0.00300994608551, -0.00280940067023, 0.00194981286768, 0.00113234703895, 0.000373944931198], [3.20222170558e-06, 0.000269664218649, 0.000423994992161, 0.00108717265539, -0.00167403626256, 0.0100839547813, -0.00220040231943, 0.000962576770689, -0.00573519757017, 0.00243697944097, -0.00247838068753, 0.00248018326238, 0.000371010188246], [0.000465548393549, 0.000667774991598, -0.000215397551074, 0.000107677929918, -0.000620059960056, -0.00220040231943, 0.010394429788, -0.00299848569557, 0.00308858416975, -0.000300212268485, 0.0014307720121, 0.00144215580076, -0.0018052047817], [-0.000104649792775, 0.000841431086883, 3.67858228856e-05, 0.00159141304903, -0.00241447472945, 0.000962576770689, -0.00299848569557, 0.0148153994232, -0.00235884427093, -1.36509670483e-05, -0.00133915536571, -0.000480123533634, 0.0048900921829], [0.000678387994412, 0.000693013484124, 0.00172037584707, -0.00192085688468, 0.00300994608551, -0.00573519757017, 0.00308858416975, -0.00235884427093, 0.0169001221657, -0.00132279435638, 0.00129348377232, -0.000208764686249, -0.000480868213344], [0.000104009042843, 0.000251071731327, 1.57593458425e-05, 0.00218098051846, -0.00280940067023, 0.00243697944097, -0.000300212268485, -1.36509670483e-05, -0.00132279435638, 0.0132387392223, 0.000530010613147, 0.000174082248122, -0.00171562982723], [0.000789020617958, 0.000610983581282, 0.000640984450001, 0.000869821873493, 0.00194981286768, -0.00247838068753, 0.0014307720121, -0.00133915536571, 0.00129348377232, 0.000530010613147, 0.018887931481, -0.00288845039904, -9.70686160144e-05], [6.36870900053e-05, 0.000540101958904, 0.000578681065235, -2.06040422199e-05, 0.00113234703895, 0.00248018326238, 0.00144215580076, -0.000480123533634, -0.000208764686249, 0.000174082248122, -0.00288845039904, 0.0212317164987, -0.00207608402707], [0.000410922395531, 0.00216466910206, 0.00116939842701, 0.000543667702004, 0.000373944931198, 0.000371010188246, -0.0018052047817, 0.0048900921829, -0.000480868213344, -0.00171562982723, -9.70686160144e-05, -0.00207608402707, 0.0151360640302]]
    },
    "spectral_contrast_coeffs": {
        "max": [-0.455851793289, -0.422591686249, -0.398920118809, -0.505186915398, -0.579872250557, -0.640653967857],
        "mean": [-0.773635625839, -0.782227277756, -0.773375093937, -0.788232028484, -0.796395421028, -0.787076115608],
        "min": [-0.924036085606, -0.949045300484, -0.931786596775, -0.93198543787, -0.914146482944, -0.890221178532],
        "stdev": [0.0784920454025, 0.110069312155, 0.114044778049, 0.0994904264808, 0.0786099657416, 0.0648554190993]
    },
    "spectral_contrast_valleys": {
        "max": [-5.53192281723, -5.4867105484, -5.15999937057, -4.97734546661, -5.69349527359, -7.79677438736],
        "mean": [-8.07325553894, -7.87379837036, -8.47200870514, -8.74495601654, -8.93803215027, -11.0050163269],
        "min": [-10.0086593628, -10.7341632843, -11.1839532852, -11.5831127167, -11.0264730453, -12.3342313766],
        "stdev": [0.845734715462, 1.32102704048, 1.68939352036, 1.84120965004, 1.50133061409, 1.16275453568]
    }
},
"rhythm": {
    "beats_count": 85,
    "beats_loudness": {
        "max": 0.0590222291648,
        "mean": 0.0124850962311,
        "min": 1.98174402612e-05,
        "stdev": 0.0143855242059
    },
    "bpm": 184.570358276,
    "bpm_histogram_first_peak_bpm": 185,
    "bpm_histogram_first_peak_weight": 0,
    "bpm_histogram_second_peak_bpm": 148,
    "bpm_histogram_second_peak_spread": 0.5,
    "bpm_histogram_second_peak_weight": 0.142857149243,
    "danceability": 0.876125454903,
    "onset_rate": 2.61474585533,
    "beats_loudness_band_ratio": {
        "max": [0.893625497818, 0.491989076138, 0.724254250526, 0.689954042435, 0.582901239395, 0.826759338379],
        "mean": [0.292104154825, 0.112761393189, 0.219359338284, 0.206601843238, 0.133339628577, 0.0667584314942],
        "min": [0.00579970655963, 0.00418806588277, 0.0122580323368, 0.00540099665523, 0.00187442579772, 0.00126184348483],
        "stdev": [0.326696097851, 0.108580596745, 0.20798894763, 0.186373651028, 0.165608823299, 0.100907973945]
    },
