{
"metadata": {
    "version": {
        "essentia": "2.1-beta5",
        "essentia_git_sha": "Undefined",
        "extractor": "music 2.0"
    },
    "audio_properties": {
        "analysis": {
            "equal_loudness": 0,
            "length": 52.2448997498,
            "sample_rate": 44100,
            "start_time": 142.744674683,
            "downmix": "mix"
        },
        "bit_rate": 192000,
        "length": 244.575790405,
        "lossless": 0,
        "number_channels": 1,
        "replay_gain": -0.140089035034,
        "sample_rate": 48000,
        "codec": "mp3",
        "md5_encoded": "d53a06fd40b4a625c6b7eeaa746ed03d"
    },
    "tags": {
        "file_name": "Italy_Era_Wess _ Dori Ghezzi.mp3",
        "encoding": ["Lavf58.29.100"]
    }
},
"lowlevel": {
    "average_loudness": 0.925507128239,
    "barkbands_crest": {
        "max": 24.1706371307,
        "mean": 8.70101833344,
        "min": 2.87742400169,
        "stdev": 3.87326550484
    },
    "barkbands_flatness_db": {
        "max": 0.380561679602,
        "mean": 0.154617071152,
        "min": 0.0493616461754,
        "stdev": 0.0484151653945
    },
    "barkbands_kurtosis": {
        "max": 78.2074966431,
        "mean": 3.22780132294,
        "min": -1.80856263638,
        "stdev": 8.39385318756
    },
    "barkbands_skewness": {
        "max": 7.94183492661,
        "mean": 1.09692394733,
        "min": -2.74708366394,
        "stdev": 1.18136525154
    },
    "barkbands_spread": {
        "max": 78.9018707275,
        "mean": 18.3204174042,
        "min": 0.690599620342,
        "stdev": 10.7638483047
    },
    "dissonance": {
        "max": 0.500000059605,
        "mean": 0.460002362728,
        "min": 0.282738685608,
        "stdev": 0.0287965014577
    },
    "dynamic_complexity": 2.85689854622,
    "erbbands_crest": {
        "max": 26.9177627563,
        "mean": 9.35759544373,
        "min": 3.0726621151,
        "stdev": 3.65691971779
    },
    "erbbands_flatness_db": {
        "max": 0.312465578318,
        "mean": 0.204408511519,
        "min": 0.0824116766453,
        "stdev": 0.0354079455137
    },
    "erbbands_kurtosis": {
        "max": 26.0015163422,
        "mean": 0.603995084763,
        "min": -1.70567107201,
        "stdev": 2.28570866585
    },
    "erbbands_skewness": {
        "max": 4.26831197739,
        "mean": 0.351846456528,
        "min": -3.49304866791,
        "stdev": 0.75512355566
    },
    "erbbands_spread": {
        "max": 131.776062012,
        "mean": 28.6372280121,
        "min": 4.48578691483,
        "stdev": 12.5657663345
    },
    "hfc": {
        "max": 134.479476929,
        "mean": 21.2388687134,
        "min": 0.144241034985,
        "stdev": 19.1078033447
    },
    "loudness_ebu128": {
        "integrated": -27.4291324615,
        "loudness_range": 4.06051254272,
        "momentary": {
            "max": -23.1083946228,
            "mean": -27.9340381622,
            "min": -35.9395370483,
            "stdev": 2.20011901855
        },
        "short_term": {
            "max": -25.0229930878,
            "mean": -27.5930213928,
            "min": -30.5481929779,
            "stdev": 1.20422232151
        }
    },
    "melbands_crest": {
        "max": 29.5523643494,
        "mean": 11.4186086655,
        "min": 2.72007870674,
        "stdev": 4.74688529968
    },
    "melbands_flatness_db": {
        "max": 0.469209372997,
        "mean": 0.184211403131,
        "min": 0.0306995306164,
        "stdev": 0.0725976973772
    },
    "melbands_kurtosis": {
        "max": 188.261199951,
        "mean": 6.78561782837,
        "min": -1.81456804276,
        "stdev": 13.0159282684
    },
    "melbands_skewness": {
        "max": 10.0233974457,
        "mean": 1.7313836813,
        "min": -0.756312310696,
        "stdev": 1.26187419891
    },
    "melbands_spread": {
        "max": 206.771057129,
        "mean": 26.9926242828,
        "min": 0.9655123353,
        "stdev": 19.9519786835
    },
    "pitch_salience": {
        "max": 0.817746579647,
        "mean": 0.577462553978,
        "min": 0.185175165534,
        "stdev": 0.0923357233405
    },
    "silence_rate_20dB": {
        "max": 1,
        "mean": 1,
        "min": 1,
        "stdev": 0
    },
    "silence_rate_30dB": {
        "max": 1,
        "mean": 0.999555766582,
        "min": 0,
        "stdev": 0.0210723206401
    },
    "silence_rate_60dB": {
        "max": 1,
        "mean": 0.0644158124924,
        "min": 0,
        "stdev": 0.245493873954
    },
    "spectral_centroid": {
        "max": 4749.80175781,
        "mean": 1336.32397461,
        "min": 207.450424194,
        "stdev": 696.596374512
    },
    "spectral_complexity": {
        "max": 53,
        "mean": 19.0955123901,
        "min": 0,
        "stdev": 9.19458389282
    },
    "spectral_decrease": {
        "max": -5.80916356685e-11,
        "mean": -4.98881069788e-09,
        "min": -2.82959096154e-08,
        "stdev": 3.82653286835e-09
    },
    "spectral_energy": {
        "max": 0.114480860531,
        "mean": 0.020755354315,
        "min": 0.000238031585468,
        "stdev": 0.0157552678138
    },
    "spectral_energyband_high": {
        "max": 0.0160516966134,
        "mean": 0.000679768039845,
        "min": 6.80806294895e-07,
        "stdev": 0.00121086137369
    },
    "spectral_energyband_low": {
        "max": 0.0214440654963,
        "mean": 0.00154336635023,
        "min": 6.73251497574e-06,
        "stdev": 0.00201444281265
    },
    "spectral_energyband_middle_high": {
        "max": 0.0660903081298,
        "mean": 0.00770733738318,
        "min": 1.3091839719e-05,
        "stdev": 0.00806106906384
    },
    "spectral_energyband_middle_low": {
        "max": 0.0893829464912,
        "mean": 0.0115578090772,
        "min": 0.000128425090224,
        "stdev": 0.0107802450657
    },
    "spectral_entropy": {
        "max": 8.6805267334,
        "mean": 7.34959888458,
        "min": 5.27060413361,
        "stdev": 0.446634560823
    },
    "spectral_flux": {
        "max": 0.249264582992,
        "mean": 0.0749171227217,
        "min": 0.00703682983294,
        "stdev": 0.0361584722996
    },
    "spectral_kurtosis": {
        "max": 45.3290214539,
        "mean": 5.33579492569,
        "min": -0.999117851257,
        "stdev": 4.5510764122
    },
    "spectral_rms": {
        "max": 0.0105682844296,
        "mean": 0.00417993683368,
        "min": 0.000481898285216,
        "stdev": 0.00166650174651
    },
    "spectral_rolloff": {
        "max": 9711.47460938,
        "mean": 1693.02416992,
        "min": 193.798828125,
        "stdev": 1326.82214355
    },
    "spectral_skewness": {
        "max": 5.16112089157,
        "mean": 1.603525877,
        "min": -0.0240550879389,
        "stdev": 0.659663438797
    },
    "spectral_spread": {
        "max": 11766328,
        "mean": 3636966.75,
        "min": 1594896.5,
        "stdev": 1259765.875
    },
    "spectral_strongpeak": {
        "max": 12.8740682602,
        "mean": 1.40862119198,
        "min": 0.0187394749373,
        "stdev": 1.54437434673
    },
    "zerocrossingrate": {
        "max": 0.32958984375,
        "mean": 0.0603663995862,
        "min": 0.00537109375,
        "stdev": 0.035796623677
    },
    "barkbands": {
        "max": [0.000345748907421, 0.00407510856166, 0.0122270286083, 0.0344568118453, 0.0554982088506, 0.0305403638631, 0.0541530624032, 0.025577519089, 0.021235100925, 0.0188744142652, 0.0189910382032, 0.0201163534075, 0.0157843232155, 0.024919424206, 0.0379920452833, 0.00777199212462, 0.00680576777086, 0.00481890980154, 0.0048118699342, 0.00681379018351, 0.00250880420208, 0.00390030513518, 0.00453290622681, 0.00545607646927, 0.00224777497351, 0.000367442204151, 7.13221140813e-07],
        "mean": [2.52128756983e-05, 0.000295776873827, 0.000759912538342, 0.0014440297382, 0.00407000165433, 0.00172277365346, 0.00106368493289, 0.00148855918087, 0.00128898699768, 0.000954423914663, 0.00141726515722, 0.000863315246534, 0.000539014989045, 0.000937765813433, 0.00148709840141, 0.00042858190136, 0.00035523524275, 0.000274853955489, 0.00045807485003, 0.000328506663209, 0.000165867735632, 0.000171001607669, 9.06183267944e-05, 8.41102519189e-05, 3.49218935298e-05, 5.74243495066e-06, 2.36467068149e-09],
        "min": [4.19215879788e-08, 7.85463271313e-07, 6.21666458755e-07, 6.95623441516e-07, 2.6492138204e-05, 4.82656651002e-06, 1.01048135548e-06, 1.59999240168e-06, 4.71712019134e-06, 2.1101850507e-06, 1.13719863748e-06, 1.98156314468e-07, 7.096721788e-07, 2.00915735604e-07, 4.64798773692e-07, 6.64447270537e-08, 1.24629437437e-07, 1.02918470191e-07, 5.77133683066e-08, 7.81881368539e-08, 6.76473490557e-08, 8.4673523304e-08, 1.39257549936e-09, 2.39557790271e-10, 3.60439234015e-10, 2.76492245765e-10, 2.62657923189e-10],
        "stdev": [3.13540876959e-05, 0.000469135673484, 0.00111215899233, 0.00234374287538, 0.00607678899541, 0.00268807751127, 0.00280722044408, 0.00226184772328, 0.00210373033769, 0.00174726569094, 0.00258084828965, 0.00164892361499, 0.00102949235588, 0.00203188066371, 0.00260312971659, 0.000869544164743, 0.000655223266222, 0.000403509300668, 0.000622943683993, 0.000515844440088, 0.000240570327151, 0.00031382634188, 0.000272871693596, 0.000301302206935, 0.000146228441736, 2.60424694716e-05, 2.36915660423e-08]
    },
    "erbbands": {
        "max": [0.041658334434, 1.25192093849, 9.63001823425, 53.7489547729, 142.978668213, 270.13873291, 251.960083008, 274.064880371, 331.20904541, 934.823669434, 716.423706055, 387.874664307, 670.059265137, 879.221984863, 1536.32409668, 841.77142334, 863.381713867, 1448.75744629, 1230.99865723, 940.125, 283.423309326, 391.280029297, 140.639907837, 279.977935791, 275.66293335, 402.428741455, 95.7269897461, 134.845916748, 152.783035278, 128.327926636, 129.681137085, 118.899459839, 89.3640060425, 37.1599235535, 12.9076852798, 3.16317725182, 0.906243383884, 0.041076362133, 0.00101536721922, 0.000141068871017],
        "mean": [0.00354703003541, 0.0917548015714, 0.695459842682, 2.85791349411, 9.70705413818, 15.4084243774, 14.4249858856, 12.4642391205, 11.7142152786, 24.0912971497, 36.26304245, 29.2538871765, 30.4467811584, 40.0884666443, 53.1428527832, 36.5969429016, 26.1682910919, 53.184841156, 63.7066078186, 49.6415290833, 23.4707489014, 16.3895301819, 13.2581415176, 20.5083026886, 25.5243644714, 15.0206069946, 8.06065750122, 6.22130966187, 6.85089015961, 3.52511119843, 2.57095742226, 2.03774929047, 1.22467494011, 0.517784655094, 0.186385065317, 0.0503430590034, 0.00601676199585, 0.000191890372662, 2.13330476981e-05, 2.68929143203e-05],
        "min": [2.50724278885e-05, 0.000276303122519, 0.00110164680518, 0.00478185573593, 0.0595458708704, 0.09269028157, 0.0670925229788, 0.0716344788671, 0.0632662251592, 0.0194306336343, 0.0552055947483, 0.117002427578, 0.101945094764, 0.0927313640714, 0.0407674312592, 0.0183942131698, 0.0504457205534, 0.0272486787289, 0.0174715016037, 0.0231875143945, 0.00497057195753, 0.00681464001536, 0.00459467992187, 0.00219421973452, 0.00399970496073, 0.00363552500494, 0.00322134257294, 0.00154946779367, 0.00302294222638, 0.00207388191484, 0.000167524602148, 5.81482781854e-05, 2.17822253035e-05, 1.13662499643e-05, 6.4626378844e-06, 3.16705313708e-06, 1.44392697621e-06, 5.53219138055e-07, 3.02715932321e-07, 3.04948486018e-07],
        "stdev": [0.00436943862587, 0.140760228038, 0.934754133224, 4.04035377502, 14.741101265, 28.2897777557, 21.7128658295, 22.2027015686, 24.1406154633, 48.3938980103, 58.0471496582, 45.8211746216, 57.2613601685, 70.6712493896, 105.648246765, 73.2893066406, 47.0839233398, 106.921531677, 110.227478027, 75.2887573242, 37.2066421509, 29.0872688293, 17.4512825012, 28.3623199463, 36.3860702515, 24.1120700836, 11.1151456833, 9.88209724426, 12.1270503998, 8.08585739136, 7.91290664673, 6.93929576874, 4.67268037796, 2.07519245148, 0.840001761913, 0.220860555768, 0.0345706157386, 0.00133112526964, 4.5505232265e-05, 2.06784698094e-05]
    },
    "gfcc": {
        "mean": [-28.9622249603, 118.711196899, -156.903701782, 31.3343162537, -76.227432251, 10.6047515869, -44.5584640503, -7.93658638, -23.1817474365, -11.9634046555, -11.0878858566, -20.835483551, -1.50963962078],
        "cov": [[4955.91601562, -1835.15380859, -692.385192871, 541.624816895, -370.153961182, 370.008331299, -37.1325416565, 344.092895508, -326.384124756, 171.211196899, -184.922286987, 39.8873138428, -114.608764648], [-1835.15380859, 1430.55383301, 108.770050049, -187.889083862, 303.266387939, -272.411224365, 143.87121582, -247.890609741, 211.478469849, -217.537231445, 156.661773682, -166.227249146, 92.2466125488], [-692.385192871, 108.770050049, 994.278198242, -92.0238113403, 46.013217926, 65.6226654053, -199.475921631, 17.1152572632, -105.113891602, 118.505821228, -161.203735352, 102.35987854, -103.548225403], [541.624816895, -187.889083862, -92.0238113403, 309.135253906, -15.1710138321, 5.39549541473, 25.8387088776, 16.8354434967, 26.3777580261, -47.8461380005, 8.10711669922, -28.6895751953, 19.4144153595], [-370.153961182, 303.266387939, 46.013217926, -15.1710138321, 222.353485107, -3.2986907959, 11.7161912918, -37.9608039856, 26.26902771, -32.0270843506, -20.2753486633, -32.8145866394, -1.33768987656], [370.008331299, -272.411224365, 65.6226654053, 5.39549541473, -3.2986907959, 234.692611694, 0.0824634209275, 62.9420776367, -69.3806686401, 54.2509307861, -43.6281738281, 15.7009792328, -34.7725028992], [-37.1325416565, 143.87121582, -199.475921631, 25.8387088776, 11.7161912918, 0.0824634209275, 192.403488159, -15.469751358, 42.8560028076, -58.194393158, 59.9795150757, -45.5522155762, 19.6210041046], [344.092895508, -247.890609741, 17.1152572632, 16.8354434967, -37.9608039856, 62.9420776367, -15.469751358, 172.808273315, -38.9542770386, 61.9879646301, -42.4086723328, 31.6309928894, -33.5045318604], [-326.384124756, 211.478469849, -105.113891602, 26.3777580261, 26.26902771, -69.3806686401, 42.8560028076, -38.9542770386, 153.614303589, -54.7113380432, 58.9279022217, -37.2439155579, 36.1821708679], [171.211196899, -217.537231445, 118.505821228, -47.8461380005, -32.0270843506, 54.2509307861, -58.194393158, 61.9879646301, -54.7113380432, 152.55632019, -56.6025161743, 54.8683700562, -44.3783302307], [-184.922286987, 156.661773682, -161.203735352, 8.10711669922, -20.2753486633, -43.6281738281, 59.9795150757, -42.4086723328, 58.9279022217, -56.6025161743, 131.72795105, -36.3806381226, 49.8563613892], [39.8873138428, -166.227249146, 102.35987854, -28.6895751953, -32.8145866394, 15.7009792328, -45.5522155762, 31.6309928894, -37.2439155579, 54.8683700562, -36.3806381226, 110.264472961, -24.3993358612], [-114.608764648, 92.2466125488, -103.548225403, 19.4144153595, -1.33768987656, -34.7725028992, 19.6210041046, -33.5045318604, 36.1821708679, -44.3783302307, 49.8563613892, -24.3993358612, 85.0675125122]],
        "icov": [[0.000683527323417, -4.22231023549e-05, 0.000821582449134, -0.00114026130177, 0.000805449206382, -0.000594804412685, 0.00046197330812, -0.000287390779704, 0.00110012514051, -0.000294772617053, 0.000880627369042, 0.000189654805581, 0.000693349866197], [-4.22231023549e-05, 0.00634025270119, -0.00320879532956, 0.00416646851227, -0.00616528838873, 0.00484756520018, -0.00399409653619, 0.0017014775658, -0.00267776590772, 0.0028297714889, -0.0043418193236, 0.00483721867204, -0.00176577747334], [0.000821582449134, -0.00320879532956, 0.00415184814483, -0.00323549541645, 0.0036872914061, -0.00330115971155, 0.00365956453606, -0.000695755414199, 0.00272654439323, -0.00185596919619, 0.00403351057321, -0.00278371176682, 0.00267888838425], [-0.00114026130177, 0.00416646851227, -0.00323549541645, 0.00821358617395, -0.00480109918863, 0.00374676776119, -0.00329188909382, 0.000849910837132, -0.00407888460904, 0.00364688574336, -0.00339661794715, 0.0033514034003, -0.00272782798856], [0.000805449206382, -0.00616528838873, 0.0036872914061, -0.00480109918863, 0.0123195433989, -0.00570442294702, 0.00395915284753, -0.00104666012339, 0.00264553888701, -0.00205094134435, 0.00727971689776, -0.00295617268421, 0.00258178729564], [-0.000594804412685, 0.00484756520018, -0.00330115971155, 0.00374676776119, -0.00570442294702, 0.00975492876023, -0.00443098507822, 0.00029204855673, -0.000928705034312, 0.00121178978588, -0.00378474406898, 0.00406748522073, -0.00148466380779], [0.00046197330812, -0.00399409653619, 0.00365956453606, -0.00329188909382, 0.00395915284753, -0.00443098507822, 0.0104533387348, -0.001451750868, 0.00172290357295, -0.000356968084816, 0.00132116640452, -0.00200332398526, 0.00315967481583], [-0.000287390779704, 0.0017014775658, -0.000695755414199, 0.000849910837132, -0.00104666012339, 0.00029204855673, -0.001451750868, 0.0085023837164, -0.00111536774784, -0.00122238718905, -0.000100349629065, 0.000462407944724, 0.00054151104996], [0.00110012514051, -0.00267776590772, 0.00272654439323, -0.00407888460904, 0.00264553888701, -0.000928705034312, 0.00172290357295, -0.00111536774784, 0.0123590249568, -0.00119059707504, 0.000621826213319, -0.000890612485819, 0.000963257683907], [-0.000294772617053, 0.0028297714889, -0.00185596919619, 0.00364688574336, -0.00205094134435, 0.00121178978588, -0.000356968084816, -0.00122238718905, -0.00119059707504, 0.0126520777121, -0.00094404356787, -0.000305922032567, 0.00107909494545], [0.000880627369042, -0.0043418193236, 0.00403351057321, -0.00339661794715, 0.00727971689776, -0.00378474406898, 0.00132116640452, -0.000100349629065, 0.000621826213319, -0.00094404356787, 0.0178787875921, -0.00208262912929, -0.00202991673723], [0.000189654805581, 0.00483721867204, -0.00278371176682, 0.0033514034003, -0.00295617268421, 0.00406748522073, -0.00200332398526, 0.000462407944724, -0.000890612485819, -0.000305922032567, -0.00208262912929, 0.0163256917149, -0.000760529306717], [0.000693349866197, -0.00176577747334, 0.00267888838425, -0.00272782798856, 0.00258178729564, -0.00148466380779, 0.00315967481583, 0.00054151104996, 0.000963257683907, 0.00107909494545, -0.00202991673723, -0.000760529306717, 0.0185307301581]]
    },
    "melbands": {
        "max": [0.000731685198843, 0.00389262568206, 0.0126734273508, 0.0148281222209, 0.00848928932101, 0.00562888616696, 0.00667480938137, 0.00829299073666, 0.00679206987843, 0.00271084182896, 0.00337906414643, 0.00350604299456, 0.00364619586617, 0.00317415990867, 0.001341041876, 0.00159419688862, 0.00324101024307, 0.00172512349673, 0.00354390311986, 0.00071136810584, 0.000450359308161, 0.000557193998247, 0.000170088285813, 0.000243572008912, 0.000257996056462, 0.000249662669376, 0.000202559909667, 0.000250136101386, 8.95978373592e-05, 7.6598385931e-05, 8.88360882527e-05, 8.0617814092e-05, 8.755082672e-05, 6.4577026933e-05, 6.40354919597e-05, 0.000104553553683, 6.85132908984e-05, 7.65029544709e-05, 4.17589726567e-05, 2.74093872576e-05],
        "mean": [5.69200128666e-05, 0.000296919111861, 0.000712466367986, 0.000929363013711, 0.000530349381734, 0.000286170601612, 0.00019794794207, 0.000269496114925, 0.000302749744151, 0.00017735241272, 0.000145771409734, 0.000148906096001, 0.000179644688615, 0.000114186041174, 6.20799764874e-05, 6.1808656028e-05, 0.000104519596789, 8.51960212458e-05, 0.000117635456263, 3.78992044716e-05, 2.54064852925e-05, 1.95228603843e-05, 1.02574003904e-05, 1.38511850309e-05, 1.64841767401e-05, 1.81565083039e-05, 1.61215793923e-05, 8.55500184116e-06, 5.1965153034e-06, 3.91075855077e-06, 3.55162001142e-06, 4.18719673689e-06, 2.76198261417e-06, 1.61972968726e-06, 1.41554767197e-06, 1.47719697452e-06, 1.17696481539e-06, 9.14830479815e-07, 6.472416203e-07, 3.63061417374e-07],
        "min": [3.02320387391e-07, 6.87217891482e-07, 2.91838841804e-06, 5.66728931517e-06, 3.34580659e-06, 1.10353357741e-06, 8.05216814115e-07, 2.40837124466e-07, 3.82131275956e-07, 6.4298592406e-07, 3.22854589285e-07, 3.24036733446e-07, 1.68944509937e-07, 2.079740824e-08, 5.41523235142e-08, 5.64061579666e-08, 2.80249512485e-08, 1.41426923506e-08, 4.11465386208e-08, 1.24052039752e-08, 5.25605026169e-09, 6.7050325292e-09, 3.00616953552e-09, 2.62818322661e-09, 4.80312400963e-10, 2.7167716965e-09, 3.11046965962e-09, 2.08456008011e-09, 1.97940930313e-09, 1.60639035407e-09, 1.38740838262e-10, 1.42264677816e-09, 3.37520289495e-10, 2.49207071645e-10, 1.89495953651e-11, 5.34520691597e-12, 2.41789617841e-12, 2.68673147966e-12, 3.24461269484e-12, 3.35851355407e-12],
        "stdev": [8.14935774542e-05, 0.000392154004658, 0.00097768031992, 0.00151406682562, 0.000723465869669, 0.000483870389871, 0.000445580051746, 0.000497985398397, 0.000510600337293, 0.000296667160001, 0.000285880174488, 0.000277899758657, 0.000336467754096, 0.000204126787139, 0.000119687938422, 0.000119985503261, 0.00023485039128, 0.000155498390086, 0.00022165113478, 7.70077022025e-05, 4.62194548163e-05, 3.89090819226e-05, 1.70094008354e-05, 2.05886753974e-05, 2.45592254942e-05, 2.73974692391e-05, 2.49058139161e-05, 1.42742128446e-05, 7.57522866479e-06, 6.10441156823e-06, 6.09807102592e-06, 7.31521276975e-06, 5.78752269575e-06, 4.15462864112e-06, 4.19896514359e-06, 5.18601063959e-06, 4.13170755564e-06, 3.53826362698e-06, 2.60856495515e-06, 1.49528989368e-06]
    },
    "melbands128": {
        "max": [0.000183856958756, 0.000299112871289, 0.000956673466135, 0.00248247035779, 0.00442527234554, 0.00694145960733, 0.0129443677142, 0.0223454404622, 0.0196144580841, 0.0219344142824, 0.019291235134, 0.0153603069484, 0.00999225117266, 0.0127640552819, 0.00643926393241, 0.0109097519889, 0.0047995718196, 0.00756023544818, 0.0208572614938, 0.0122099546716, 0.0104779750109, 0.00486956723034, 0.0123063307256, 0.00817429367453, 0.00410890765488, 0.00640967534855, 0.00308546726592, 0.00642843078822, 0.00281196204014, 0.0043877386488, 0.0067296391353, 0.00568635342643, 0.00385867990553, 0.0111717488617, 0.00551954191178, 0.00285460194573, 0.00498414132744, 0.00227290787734, 0.0026729721576, 0.00346567551605, 0.00295145413838, 0.00272133201361, 0.00589091842994, 0.00559750245884, 0.00123129424173, 0.00241148285568, 0.00520696118474, 0.00873958878219, 0.00149024499115, 0.0011736380402, 0.00157896860037, 0.000973318819888, 0.000538816908374, 0.00114707101602, 0.000767612131312, 0.00101821066346, 0.000521564739756, 0.000407415878726, 0.00023261984461, 0.000240227585891, 0.000260570755927, 0.000813009042758, 0.000733863038477, 0.000244297261816, 0.000292058772175, 0.000560313055757, 0.000513777718879, 0.000491245009471, 0.000467497127829, 0.000795458967332, 0.000294737546938, 0.00011462879047, 0.000231737227296, 7.74371073931e-05, 0.000115949667816, 6.90711967763e-05, 9.76330993581e-05, 0.00010924187518, 0.000106576640974, 0.000146242222399, 8.33209778648e-05, 9.3067981652e-05, 0.000172243308043, 9.00247177924e-05, 8.42787630972e-05, 8.1784070062e-05, 5.91806056036e-05, 6.18701524218e-05, 6.07125512033e-05, 0.000137944036396, 0.000131414199132, 0.000101828009065, 7.01099634171e-05, 7.66741068219e-05, 9.15420532692e-05, 9.31458853302e-05, 8.05824602139e-05, 5.89614828641e-05, 5.09212368343e-05, 4.38135830336e-05, 4.65994344268e-05, 2.38013981289e-05, 3.25848086504e-05, 1.8604869183e-05, 1.83968677447e-05, 1.28999854496e-05, 1.61660736921e-05, 8.40162374516e-06, 5.66532389712e-06, 4.95435006087e-06, 3.59136947736e-06, 6.20171613264e-06, 3.26095391756e-06, 1.37060953875e-06, 7.10148640337e-07, 6.06558216987e-08, 1.59937805222e-08, 3.3138225497e-09, 3.29018479128e-09, 3.18201731631e-09, 3.06886116519e-09, 3.0544662355e-09, 2.91861468327e-09, 2.91172108646e-09, 2.88046053676e-09, 2.8272943986e-09, 2.79991785312e-09, 2.7853390705e-09],
        "mean": [1.48334356709e-05, 1.56789174071e-05, 5.28178679815e-05, 0.000173724693013, 0.000281921209535, 0.000408720050473, 0.000466781377327, 0.000866055022925, 0.000994331319816, 0.000986752798781, 0.000939131423365, 0.000496229098644, 0.000517079140991, 0.000428186991485, 0.00027239281917, 0.000240328357904, 0.000143927507452, 0.00016729652998, 0.000302222906612, 0.000263199355686, 0.000271295313723, 0.000236502673943, 0.000394625327317, 0.000257481849985, 0.000139551004395, 0.000193172119907, 0.000123219389934, 0.000207730976399, 6.96419519954e-05, 0.000107989813841, 0.000196448105271, 0.000198297973839, 0.000142596662045, 0.000239221742959, 9.02197207324e-05, 9.05260458239e-05, 0.000126025915961, 4.22982484451e-05, 4.26970982517e-05, 5.05730786244e-05, 7.54802167648e-05, 5.79778570682e-05, 0.000120263131976, 0.000140549687785, 2.93934372166e-05, 7.26572761778e-05, 0.000136601564009, 0.000189195532585, 6.53490278637e-05, 2.89134623017e-05, 4.92277795274e-05, 3.08341404889e-05, 1.45606918522e-05, 3.04124896502e-05, 3.3280277421e-05, 1.44881551023e-05, 1.22469946291e-05, 1.12773586807e-05, 7.78765843279e-06, 1.22927704069e-05, 1.1895195712e-05, 1.57079211931e-05, 2.31290250667e-05, 1.39109160955e-05, 1.13800788313e-05, 1.73575535882e-05, 2.44990969804e-05, 1.85016742762e-05, 1.43522293001e-05, 1.22203546198e-05, 8.10631900094e-06, 7.47653120925e-06, 5.90523904975e-06, 4.51402638646e-06, 4.5385068006e-06, 4.6048612603e-06, 3.25114092448e-06, 2.98106579066e-06, 3.93078062189e-06, 3.54889539267e-06, 4.27963277616e-06, 4.51395499113e-06, 3.83224733014e-06, 2.34051344705e-06, 2.27419786825e-06, 1.71016029071e-06, 1.46761306041e-06, 1.23040126709e-06, 1.43854344969e-06, 1.46426725678e-06, 1.62760966305e-06, 1.50307266722e-06, 1.1901012158e-06, 1.16688852358e-06, 1.21346954529e-06, 9.94715605884e-07, 8.5983668896e-07, 7.54370375944e-07, 7.30320721232e-07, 5.53898814815e-07, 4.10310462939e-07, 3.33616526405e-07, 3.00800707009e-07, 2.48789973512e-07, 2.09600415246e-07, 1.64827540061e-07, 1.38887301659e-07, 1.0690697394e-07, 8.3396663797e-08, 5.71920324433e-08, 3.8335421948e-08, 2.45441569291e-08, 1.22660379631e-08, 3.13793036e-09, 9.03622565662e-10, 1.30594993153e-10, 3.69329046512e-11, 8.01539997569e-12, 7.07354704324e-12, 6.69308141896e-12, 6.49853304849e-12, 6.43371640685e-12, 6.30060326828e-12, 6.05928588554e-12, 5.46202319485e-12, 4.54815221942e-12, 4.07743153477e-12, 3.99590516925e-12],
        "min": [1.13569456062e-08, 7.78670354862e-08, 9.63304671586e-08, 2.19517247046e-07, 2.96206650319e-07, 2.28315244044e-07, 1.95559323402e-07, 2.69194657676e-07, 8.57056022596e-07, 2.00525141736e-06, 1.19856599667e-06, 3.09190966163e-07, 5.07160564212e-07, 4.54687153706e-07, 1.17582381165e-07, 1.72067359472e-07, 8.54430837194e-08, 1.45465975265e-07, 2.09947714325e-07, 9.72386118292e-08, 1.29979895291e-07, 1.69166298747e-07, 3.2386921589e-08, 2.26124683422e-07, 4.01920630111e-08, 8.76808385897e-08, 1.90779616105e-07, 6.22103257797e-08, 9.3869481077e-08, 4.48838868294e-08, 1.83093249007e-07, 3.87953278391e-08, 1.36328807798e-07, 1.18374332558e-08, 1.20259890934e-08, 2.26690222149e-08, 2.03334113991e-08, 1.47547343232e-08, 2.48386022861e-08, 8.50643431249e-08, 2.13869046917e-08, 2.24628990964e-08, 5.99282135028e-09, 1.350301293e-08, 5.96266902519e-09, 4.73807881818e-09, 1.75361094534e-08, 3.40968426826e-08, 3.14820809422e-08, 6.33609653633e-09, 3.74066244646e-09, 2.10327821826e-09, 3.12777892475e-09, 6.41629682718e-09, 1.08787387987e-08, 5.20382492653e-09, 2.82788636952e-09, 4.37149916266e-09, 1.62491442524e-09, 2.46875853094e-09, 1.08874542715e-09, 2.43502107367e-10, 8.23965784491e-10, 3.22729759583e-10, 1.234500141e-10, 3.83319875841e-10, 2.49624587667e-09, 8.24374790653e-10, 2.3552986228e-09, 1.96192839752e-09, 1.06760278396e-09, 1.29176669361e-09, 1.2425219742e-09, 8.74217698232e-10, 5.51445389352e-10, 5.94537252763e-10, 1.57253057798e-10, 8.47163450501e-11, 1.98612418179e-10, 1.15373474663e-10, 1.05799376204e-10, 6.99428903683e-10, 9.55423795634e-11, 4.95557657409e-11, 4.79418560406e-10, 1.08109313168e-10, 2.25763158168e-11, 2.17491354787e-11, 1.17795244045e-11, 5.42912980198e-12, 5.90448219831e-12, 5.79561268768e-12, 3.46795812553e-12, 1.59542366297e-12, 1.92649737309e-12, 3.13869112992e-12, 2.48046700367e-12, 2.73753025457e-12, 2.74360720774e-12, 1.84079986497e-12, 2.06175397935e-12, 1.87551753641e-12, 1.38790303035e-12, 1.25143677972e-12, 9.83204078049e-13, 8.79770215012e-13, 9.58372378852e-13, 7.65751719846e-13, 1.07752739023e-12, 9.80448252967e-13, 9.95643454835e-13, 9.68079457743e-13, 9.88445870292e-13, 7.4431411555e-13, 1.00790079408e-12, 9.97368854172e-13, 9.08860172451e-13, 7.16126810629e-13, 9.37942106795e-13, 8.75975886879e-13, 9.22962227479e-13, 6.36573313593e-13, 7.32000072536e-13, 7.71350106184e-13, 6.13482192564e-13, 2.71612322477e-13, 3.06342238631e-14, 1.12609525739e-15],
        "stdev": [1.60888666869e-05, 1.925117067e-05, 8.44888490974e-05, 0.000294441153528, 0.000410457229009, 0.000637324643321, 0.000771690276451, 0.0015055553522, 0.00174163724296, 0.00204917485826, 0.00197800481692, 0.00085767445853, 0.00091288681142, 0.00082765694242, 0.000574806821533, 0.000701643817592, 0.00037887977669, 0.0004753874382, 0.00101868459024, 0.000587252026889, 0.000586519483477, 0.000463268108433, 0.0008239573217, 0.000624496955425, 0.00028981664218, 0.000532593403477, 0.000269752636086, 0.000528692849912, 0.000166092155268, 0.000295790261589, 0.00043222020031, 0.000489690690301, 0.0003577596799, 0.000658600183669, 0.000240068009589, 0.000235573010286, 0.000354965246515, 0.000114910420962, 0.000131913926452, 0.000156614914886, 0.000189831029275, 0.000143349170685, 0.000333540840074, 0.000399969401769, 7.60285111028e-05, 0.000206274155062, 0.000338397949236, 0.00047780200839, 0.000141825119499, 7.4238749221e-05, 0.000140248695971, 7.50712133595e-05, 3.80579622288e-05, 8.48824274726e-05, 7.73944848333e-05, 5.18692977494e-05, 3.10121176881e-05, 3.04264649458e-05, 1.55472334882e-05, 2.32717648032e-05, 2.53314065048e-05, 3.73327638954e-05, 5.17189582752e-05, 2.41758534685e-05, 2.36264859268e-05, 3.55297524948e-05, 4.97176879435e-05, 3.84512386518e-05, 3.10568029818e-05, 3.86733590858e-05, 1.64116499946e-05, 1.15248785733e-05, 1.31236947709e-05, 8.10522305983e-06, 9.03344971448e-06, 7.90124522609e-06, 6.80731000102e-06, 6.0040815697e-06, 7.83038922236e-06, 7.10912445356e-06, 8.50194192026e-06, 8.85421377461e-06, 9.37656841415e-06, 5.46913497601e-06, 5.58884721613e-06, 4.64048525828e-06, 4.34729190602e-06, 3.77368155569e-06, 3.96370069211e-06, 5.51264247406e-06, 6.31317698208e-06, 5.39172197023e-06, 3.8092387058e-06, 4.33176637671e-06, 4.74353873869e-06, 3.86331112168e-06, 3.6121548419e-06, 3.12086967824e-06, 3.05127832689e-06, 2.30877299146e-06, 1.77617005193e-06, 1.39293752e-06, 1.41745579185e-06, 1.14538102025e-06, 1.0287974419e-06, 8.08290394616e-07, 7.13338351943e-07, 4.72906606319e-07, 3.76349305498e-07, 2.62544915586e-07, 1.99811623247e-07, 1.83419899713e-07, 1.07996321219e-07, 4.43837357977e-08, 1.99969356629e-08, 1.84637971579e-09, 5.18104559255e-10, 8.3324402933e-11, 7.15009301766e-11, 6.87781290254e-11, 6.6375092922e-11, 6.60788576634e-11, 6.31102670123e-11, 6.2936059142e-11, 6.22770723879e-11, 6.11202963241e-11, 6.05396080489e-11, 6.0234497945e-11]
    },
    "mfcc": {
        "mean": [-651.832763672, 131.09487915, -17.5127029419, 11.9765129089, -8.01553344727, 3.6734893322, -6.88912582397, -6.92811059952, -8.21753025055, 2.10878300667, -8.91042900085, -9.81786823273, -8.29179286957],
        "cov": [[5789.63720703, -2268.8659668, -550.018249512, 62.7246742249, -295.617797852, -44.9505615234, 232.176528931, 109.788566589, 39.582611084, 104.394210815, 22.6091632843, -129.638549805, 33.37890625], [-2268.8659668, 1558.26025391, 38.1953201294, 30.8308677673, 124.745765686, 27.1491565704, -59.9932441711, -49.0229721069, -34.3840713501, -10.6114292145, -22.9920578003, 15.368806839, -35.5601654053], [-550.018249512, 38.1953201294, 665.737426758, -29.1735725403, 131.892593384, 38.7383232117, -36.1261825562, -42.1090087891, 12.8264322281, -65.102394104, 10.5608615875, 28.7304019928, -1.70428311825], [62.7246742249, 30.8308677673, -29.1735725403, 261.513763428, 21.870174408, -15.207824707, -38.582408905, 16.3375091553, 13.5156984329, -0.816516876221, -35.3217773438, 9.91913509369, 12.6075534821], [-295.617797852, 124.745765686, 131.892593384, 21.870174408, 216.717727661, 28.0844497681, -25.3022880554, -9.90053653717, 23.7801532745, -13.6807470322, -7.57029438019, 3.20501255989, -8.63209724426], [-44.9505615234, 27.1491565704, 38.7383232117, -15.207824707, 28.0844497681, 156.143005371, 29.2986316681, 5.77568006516, -2.18071651459, 3.96964764595, 9.48921012878, -20.4574337006, -22.4773826599], [232.176528931, -59.9932441711, -36.1261825562, -38.582408905, -25.3022880554, 29.2986316681, 158.290237427, 27.97747612, 8.25231552124, 18.1462516785, 28.2394313812, -29.1312084198, -3.05058455467], [109.788566589, -49.0229721069, -42.1090087891, 16.3375091553, -9.90053653717, 5.77568006516, 27.97747612, 115.520843506, 17.3580799103, 12.8904075623, -7.81096458435, 12.530125618, 1.21208667755], [39.582611084, -34.3840713501, 12.8264322281, 13.5156984329, 23.7801532745, -2.18071651459, 8.25231552124, 17.3580799103, 86.1696243286, 14.1030225754, 10.2514257431, 0.511666357517, 15.2372207642], [104.394210815, -10.6114292145, -65.102394104, -0.816516876221, -13.6807470322, 3.96964764595, 18.1462516785, 12.8904075623, 14.1030225754, 87.0531463623, 11.4921636581, -7.74008750916, -7.80862855911], [22.6091632843, -22.9920578003, 10.5608615875, -35.3217773438, -7.57029438019, 9.48921012878, 28.2394313812, -7.81096458435, 10.2514257431, 11.4921636581, 89.0367507935, -2.90830755234, 4.8474984169], [-129.638549805, 15.368806839, 28.7304019928, 9.91913509369, 3.20501255989, -20.4574337006, -29.1312084198, 12.530125618, 0.511666357517, -7.74008750916, -2.90830755234, 94.2814941406, 13.7372150421], [33.37890625, -35.5601654053, -1.70428311825, 12.6075534821, -8.63209724426, -22.4773826599, -3.05058455467, 1.21208667755, 15.2372207642, -7.80862855911, 4.8474984169, 13.7372150421, 75.3942642212]],
        "icov": [[0.000525677809492, 0.000742197735235, 0.000307359150611, -0.000255333987297, 5.35533145012e-05, 4.76424793305e-05, -0.000411202345276, 3.97332005377e-05, 7.92774444562e-05, -0.0002104457526, 8.14397571958e-05, 0.000387813401176, 5.63193934795e-05], [0.000742197735235, 0.00175106618553, 0.000499784538988, -0.000414558278862, -0.00034703273559, -2.01611655939e-05, -0.000454725639429, 0.000304101558868, 0.00040283400449, -0.000337106088409, 0.00017620473227, 0.000383109494578, 0.00031144026434], [0.000307359150611, 0.000499784538988, 0.00212286226451, 0.000109180888103, -0.000996533664875, -0.000389662425732, -7.86833043094e-05, 0.000574416830204, -0.00029757610173, 0.00113375589717, -0.000259025517153, -0.00040438270662, 0.000154594672495], [-0.000255333987297, -0.000414558278862, 0.000109180888103, 0.00444733537734, -0.000441302137915, 8.23509908514e-05, 0.00108921260107, -0.000611043127719, -0.000656944816001, 1.43471379488e-05, 0.00137059635017, -0.000182649571798, -0.000716376933269], [5.35533145012e-05, -0.00034703273559, -0.000996533664875, -0.000441302137915, 0.00599477998912, -0.000850453623571, 0.000578900624532, 0.000172640880919, -0.00193449424114, 0.000314645760227, 0.000423519755714, 0.000198596157134, 0.000677473959513], [4.76424793305e-05, -2.01611655939e-05, -0.000389662425732, 8.23509908514e-05, -0.000850453623571, 0.00737595418468, -0.00118182471488, -0.00059673236683, 0.000463776552351, -0.000225197843974, -0.000551031727809, 0.00123619253282, 0.00170336011797], [-0.000411202345276, -0.000454725639429, -7.86833043094e-05, 0.00108921260107, 0.000578900624532, -0.00118182471488, 0.0085011087358, -0.00219181901775, -0.000346896093106, -0.000430156302173, -0.0021059687715, 0.00200941157527, -0.000328359863488], [3.97332005377e-05, 0.000304101558868, 0.000574416830204, -0.000611043127719, 0.000172640880919, -0.00059673236683, -0.00219181901775, 0.0103543037549, -0.00198298646137, -0.000671878573485, 0.00165145017672, -0.00235811108723, 0.000482374045532], [7.92774444562e-05, 0.00040283400449, -0.00029757610173, -0.000656944816001, -0.00193449424114, 0.000463776552351, -0.000346896093106, -0.00198298646137, 0.0139546589926, -0.00249831448309, -0.00152526935562, 0.000620748032816, -0.00290137738921], [-0.0002104457526, -0.000337106088409, 0.00113375589717, 1.43471379488e-05, 0.000314645760227, -0.000225197843974, -0.000430156302173, -0.000671878573485, -0.00249831448309, 0.0135936206207, -0.0016014726134, 0.000116634037113, 0.00191420945339], [8.14397571958e-05, 0.00017620473227, -0.000259025517153, 0.00137059635017, 0.000423519755714, -0.000551031727809, -0.0021059687715, 0.00165145017672, -0.00152526935562, -0.0016014726134, 0.0131577579305, -0.000555145263206, -0.00101798644755], [0.000387813401176, 0.000383109494578, -0.00040438270662, -0.000182649571798, 0.000198596157134, 0.00123619253282, 0.00200941157527, -0.00235811108723, 0.000620748032816, 0.000116634037113, -0.000555145263206, 0.0126735717058, -0.00184596562758], [5.63193934795e-05, 0.00031144026434, 0.000154594672495, -0.000716376933269, 0.000677473959513, 0.00170336011797, -0.000328359863488, 0.000482374045532, -0.00290137738921, 0.00191420945339, -0.00101798644755, -0.00184596562758, 0.0152596272528]]
    },
    "spectral_contrast_coeffs": {
        "max": [-0.348810970783, -0.523603081703, -0.496366471052, -0.548418223858, -0.58973711729, -0.41953098774],
        "mean": [-0.656542003155, -0.750613689423, -0.732947409153, -0.746557891369, -0.766601502895, -0.743702590466],
        "min": [-0.83837044239, -0.909621238708, -0.902849972248, -0.920051813126, -0.924912452698, -0.882652521133],
        "stdev": [0.0762674510479, 0.0656092092395, 0.0721978470683, 0.0642798170447, 0.0557932145894, 0.0550120808184]
    },
    "spectral_contrast_valleys": {
        "max": [-5.28216123581, -4.60540437698, -5.45718383789, -5.58201122284, -6.03164196014, -7.56096792221],
        "mean": [-7.06365680695, -6.62734508514, -7.35869836807, -7.67613887787, -7.88502407074, -10.7976856232],
        "min": [-9.41657924652, -8.85399532318, -10.1349859238, -10.614739418, -10.946228981, -15.2776832581],
        "stdev": [0.688547492027, 0.545663654804, 0.635404586792, 0.694560825825, 0.879574656487, 1.2369799614]
    }
},
"rhythm": {
    "beats_count": 119,
    "beats_loudness": {
        "max": 0.100847378373,
        "mean": 0.0362196266651,
        "min": 0.0061015188694,
        "stdev": 0.0191570967436
    },
    "bpm": 138.419952393,
    "bpm_histogram_first_peak_bpm": 140,
    "bpm_histogram_first_peak_weight": 0.490909099579,
    "bpm_histogram_second_peak_bpm": 129,
    "bpm_histogram_second_peak_spread": 0.25,
    "bpm_histogram_second_peak_weight": 0.0508474558592,
    "danceability": 1.21100199223,
    "onset_rate": 2.98527407646,
    "beats_loudness_band_ratio": {
        "max": [0.856120765209, 0.85914093256, 0.657140314579, 0.481319099665, 0.665520846844, 0.307670801878],
        "mean": [0.224710226059, 0.27381464839, 0.197733521461, 0.171533599496, 0.136397734284, 0.0531474426389],
        "min": [0.0229030065238, 0.0343075059354, 0.0103654460981, 0.00431169569492, 0.00222595850937, 0.000516813772265],
        "stdev": [0.171013921499, 0.195562571287, 0.125438883901, 0.123792223632, 0.109763801098, 0.047950129956]
    },
