{
"metadata": {
    "version": {
        "essentia": "2.1-beta5",
        "essentia_git_sha": "Undefined",
        "extractor": "music 2.0"
    },
    "audio_properties": {
        "analysis": {
            "equal_loudness": 0,
            "length": 29.8608398438,
            "sample_rate": 44100,
            "start_time": 129.985305786,
            "downmix": "mix"
        },
        "bit_rate": 192000,
        "length": 159.869400024,
        "lossless": 0,
        "number_channels": 2,
        "replay_gain": 3.87928199768,
        "sample_rate": 48000,
        "codec": "mp3",
        "md5_encoded": "67817ef2f40c2c25686d7c8c4a7db96f"
    },
    "tags": {
        "file_name": "Belgium_Gelukkig Zijn_Ann Christy.mp3",
        "encoding": ["Lavf58.29.100"]
    }
},
"lowlevel": {
    "average_loudness": 0.887323200703,
    "barkbands_crest": {
        "max": 26.8211021423,
        "mean": 10.3682689667,
        "min": 2.94697260857,
        "stdev": 5.43686199188
    },
    "barkbands_flatness_db": {
        "max": 0.441273123026,
        "mean": 0.202371835709,
        "min": 0.0705313533545,
        "stdev": 0.0589182898402
    },
    "barkbands_kurtosis": {
        "max": 330.668640137,
        "mean": 4.99296808243,
        "min": -1.84644699097,
        "stdev": 13.9581127167
    },
    "barkbands_skewness": {
        "max": 18.0734272003,
        "mean": 1.35204029083,
        "min": -6.97298049927,
        "stdev": 1.59661221504
    },
    "barkbands_spread": {
        "max": 129.905990601,
        "mean": 17.3475475311,
        "min": 1.07676196098,
        "stdev": 11.2968330383
    },
    "dissonance": {
        "max": 0.499986886978,
        "mean": 0.456557005644,
        "min": 0.258591473103,
        "stdev": 0.035004671663
    },
    "dynamic_complexity": 4.30130386353,
    "erbbands_crest": {
        "max": 32.1096839905,
        "mean": 10.8341274261,
        "min": 3.12255954742,
        "stdev": 5.72725772858
    },
    "erbbands_flatness_db": {
        "max": 0.441727459431,
        "mean": 0.242818653584,
        "min": 0.0688935145736,
        "stdev": 0.052541859448
    },
    "erbbands_kurtosis": {
        "max": 65.6110458374,
        "mean": 1.6170655489,
        "min": -1.76349473,
        "stdev": 4.64622068405
    },
    "erbbands_skewness": {
        "max": 7.04062891006,
        "mean": 0.74705183506,
        "min": -3.9033536911,
        "stdev": 1.05553102493
    },
    "erbbands_spread": {
        "max": 87.7365951538,
        "mean": 30.4195327759,
        "min": 2.90109062195,
        "stdev": 15.0183935165
    },
    "hfc": {
        "max": 92.9407196045,
        "mean": 22.1008453369,
        "min": 1.12871044514e-16,
        "stdev": 18.8777256012
    },
    "loudness_ebu128": {
        "integrated": -27.9665851593,
        "loudness_range": 6.44382476807,
        "momentary": {
            "max": -24.1887760162,
            "mean": -29.9787425995,
            "min": -58.3674545288,
            "stdev": 5.96219062805
        },
        "short_term": {
            "max": -25.6223163605,
            "mean": -28.6509304047,
            "min": -34.6619796753,
            "stdev": 2.10992836952
        }
    },
    "melbands_crest": {
        "max": 39.8727264404,
        "mean": 12.7266330719,
        "min": 1.84725928307,
        "stdev": 6.04602718353
    },
    "melbands_flatness_db": {
        "max": 0.460990399122,
        "mean": 0.212924703956,
        "min": 0.00666526099667,
        "stdev": 0.0643335357308
    },
    "melbands_kurtosis": {
        "max": 550.858764648,
        "mean": 11.8408660889,
        "min": -1.72368621826,
        "stdev": 27.4193248749
    },
    "melbands_skewness": {
        "max": 22.6963844299,
        "mean": 2.09493041039,
        "min": -3.48387718201,
        "stdev": 2.02083539963
    },
    "melbands_spread": {
        "max": 184.571548462,
        "mean": 25.2033672333,
        "min": 1.04674649239,
        "stdev": 22.297492981
    },
    "pitch_salience": {
        "max": 0.829175829887,
        "mean": 0.556335508823,
        "min": 0.00841552205384,
        "stdev": 0.142591521144
    },
    "silence_rate_20dB": {
        "max": 1,
        "mean": 1,
        "min": 1,
        "stdev": 0
    },
    "silence_rate_30dB": {
        "max": 1,
        "mean": 0.997668981552,
        "min": 0,
        "stdev": 0.0482241697609
    },
    "silence_rate_60dB": {
        "max": 1,
        "mean": 0.114219114184,
        "min": 0,
        "stdev": 0.318077266216
    },
    "spectral_centroid": {
        "max": 10978.2080078,
        "mean": 1389.85046387,
        "min": 382.187408447,
        "stdev": 772.289001465
    },
    "spectral_complexity": {
        "max": 45,
        "mean": 17.7257194519,
        "min": 0,
        "stdev": 10.2033815384
    },
    "spectral_decrease": {
        "max": 2.52975803298e-29,
        "mean": -5.30084021122e-09,
        "min": -2.89369097572e-08,
        "stdev": 4.23665680316e-09
    },
    "spectral_energy": {
        "max": 0.114169925451,
        "mean": 0.0220112483948,
        "min": 1.03711977903e-20,
        "stdev": 0.0173209849745
    },
    "spectral_energyband_high": {
        "max": 0.0124091217294,
        "mean": 0.000843532499857,
        "min": 7.5368779617e-21,
        "stdev": 0.0014452416217
    },
    "spectral_energyband_low": {
        "max": 0.0158443376422,
        "mean": 0.00113968411461,
        "min": 1.4613757132e-23,
        "stdev": 0.00173128768802
    },
    "spectral_energyband_middle_high": {
        "max": 0.0657504945993,
        "mean": 0.00819544587284,
        "min": 1.53525216463e-21,
        "stdev": 0.0103839132935
    },
    "spectral_energyband_middle_low": {
        "max": 0.104110188782,
        "mean": 0.0124111287296,
        "min": 2.08784571989e-22,
        "stdev": 0.0128412684426
    },
    "spectral_entropy": {
        "max": 9.80264186859,
        "mean": 7.40377569199,
        "min": 5.45525312424,
        "stdev": 0.480902314186
    },
    "spectral_flux": {
        "max": 0.248822614551,
        "mean": 0.0776612833142,
        "min": 6.53835388609e-11,
        "stdev": 0.0450117103755
    },
    "spectral_kurtosis": {
        "max": 20.8713722229,
        "mean": 2.45322775841,
        "min": -1.39237391949,
        "stdev": 2.47025823593
    },
    "spectral_rms": {
        "max": 0.0105539234355,
        "mean": 0.00418528402224,
        "min": 3.18091841929e-12,
        "stdev": 0.00198940630071
    },
    "spectral_rolloff": {
        "max": 18669.2871094,
        "mean": 1704.61962891,
        "min": 21.533203125,
        "stdev": 1687.83203125
    },
    "spectral_skewness": {
        "max": 2.97274637222,
        "mean": 1.05116069317,
        "min": -0.688085615635,
        "stdev": 0.439552247524
    },
    "spectral_spread": {
        "max": 45472024,
        "mean": 3644858,
        "min": 2053591.625,
        "stdev": 2075014.625
    },
    "spectral_strongpeak": {
        "max": 9.80045223236,
        "mean": 1.6166164875,
        "min": 0,
        "stdev": 1.57324147224
    },
    "zerocrossingrate": {
        "max": 0.634765625,
        "mean": 0.0632474049926,
        "min": 0,
        "stdev": 0.0463616885245
    },
    "barkbands": {
        "max": [4.45011755801e-05, 0.00398622918874, 0.00726006366313, 0.0156984217465, 0.0872632786632, 0.0406464152038, 0.0780965089798, 0.0245893020183, 0.0330136157572, 0.0249281320721, 0.0233761891723, 0.0569860339165, 0.0111139016226, 0.0116570135579, 0.0150773944333, 0.0138731729239, 0.00873489305377, 0.00384402717464, 0.0035782547202, 0.0019833506085, 0.00486613065004, 0.00425420422107, 0.00874836929142, 0.00307367602363, 8.69091945788e-06, 8.35613445815e-06, 8.8387487267e-06],
        "mean": [1.32677439524e-06, 0.000226934702368, 0.000505367352162, 0.00104104110505, 0.00214083516039, 0.00273930281401, 0.0030595199205, 0.00121575593948, 0.00180917303078, 0.00159476406407, 0.00110728526488, 0.00205357233062, 0.000670818728395, 0.000752522435505, 0.000657716067508, 0.000675135874189, 0.000305583089357, 0.000258479791228, 0.000277558719972, 0.000178703645361, 0.000281026324956, 0.000168811428011, 0.000242699621595, 4.7265602916e-05, 8.32710700394e-09, 8.08475331127e-09, 8.42555536451e-09],
        "min": [1.23527224278e-23, 4.63214469266e-24, 3.1215257574e-24, 3.11204897413e-24, 2.11260863168e-23, 9.57025303172e-24, 1.50325996742e-23, 3.38262988179e-23, 5.0236366384e-23, 3.19166117168e-23, 5.89538915428e-23, 7.02832152519e-23, 8.18576285779e-23, 1.03495559404e-22, 1.87141321084e-22, 1.11777879468e-22, 1.44373447989e-22, 1.66253862036e-22, 2.37379959388e-22, 3.05776295085e-22, 3.85469093701e-22, 3.84768282295e-22, 5.47458512523e-22, 7.18063302172e-22, 1.21047391428e-21, 1.49125185099e-21, 2.34851843202e-21],
        "stdev": [2.71838757726e-06, 0.00040612425073, 0.000865084817633, 0.00155172438826, 0.00502786505967, 0.00450066383928, 0.00615195091814, 0.00275964173488, 0.0033807863947, 0.00278084166348, 0.0025184864644, 0.0055675059557, 0.00130724790506, 0.00145559944212, 0.00143824657425, 0.00124507700093, 0.000557657564059, 0.000359134864993, 0.000337506702635, 0.000220839690883, 0.000363399769412, 0.000375777774025, 0.00076331931632, 0.000196185297682, 2.42740526346e-07, 2.33251284953e-07, 2.46461155484e-07]
    },
    "erbbands": {
        "max": [0.0351819582283, 1.20688915253, 7.93846464157, 35.0659790039, 188.991592407, 309.370422363, 314.787994385, 446.356964111, 1356.29223633, 446.922363281, 685.677062988, 977.101074219, 1088.39453125, 647.17401123, 1594.05444336, 1293.10180664, 515.520507812, 567.240234375, 595.558898926, 629.158813477, 950.068481445, 482.240539551, 243.968612671, 141.749526978, 198.158111572, 73.5124588013, 139.46206665, 163.655426025, 152.663925171, 161.002944946, 272.473327637, 137.251693726, 7.02739858627, 0.22821752727, 0.060849737376, 0.0334182791412, 0.0154560729861, 0.00549262063578, 0.00125802401453, 0.000139311392559],
        "mean": [0.00267117936164, 0.0694795548916, 0.477554798126, 2.11908793449, 6.0582690239, 6.54702138901, 11.1782169342, 27.5988464355, 48.914691925, 31.2271900177, 22.8497161865, 39.2117958069, 53.3275718689, 47.990737915, 71.3548660278, 59.5516090393, 31.9849720001, 31.0614948273, 38.7464675903, 34.8469657898, 32.9875297546, 19.2868080139, 15.0029945374, 15.5011291504, 10.9395694733, 8.30730819702, 12.0596055984, 9.16521453857, 5.95885229111, 6.41666269302, 6.92834615707, 2.61913943291, 0.137569501996, 0.00498137436807, 0.000525940849911, 0.000127366540255, 4.47879974672e-05, 1.50919177031e-05, 1.5707255443e-05, 2.76311675407e-05],
        "min": [2.86755306182e-22, 6.66663447994e-22, 3.93149857469e-21, 1.33289815955e-20, 2.82542052846e-20, 6.70738915981e-20, 5.12456548676e-20, 1.0197676462e-19, 2.62821104153e-19, 5.61480325332e-19, 6.41668247889e-19, 1.09375600516e-18, 1.6963956487e-18, 1.61162648972e-18, 2.40948923643e-18, 3.13155070276e-18, 4.10873472914e-18, 4.49603268605e-18, 9.12450774152e-18, 6.24418833441e-18, 5.77190625495e-18, 7.97298630206e-18, 1.04108596208e-17, 9.68887322113e-18, 1.19802313467e-17, 1.22152358403e-17, 1.83272601515e-17, 1.40515536391e-17, 1.14635544838e-17, 1.57974225466e-17, 1.09966490783e-17, 1.29221642441e-17, 1.31448470553e-17, 1.1285545216e-17, 9.17482100228e-18, 5.44212009807e-18, 2.8789332592e-18, 1.04601382854e-18, 3.11674468678e-19, 3.31489851671e-20],
        "stdev": [0.0042211744003, 0.12071698904, 0.747733950615, 3.28140592575, 12.990228653, 17.0356826782, 22.943611145, 44.1457595825, 103.59500885, 55.7339363098, 53.9955482483, 76.2281188965, 97.3455276489, 85.5926818848, 173.331939697, 144.214767456, 59.011089325, 57.1287956238, 66.336227417, 63.8194770813, 55.9125938416, 32.045135498, 21.8852806091, 18.3185825348, 14.1104259491, 9.60377693176, 15.5852460861, 13.0945625305, 12.9499197006, 17.0709400177, 22.4173851013, 10.1536769867, 0.528010725975, 0.0181789956987, 0.00229727686383, 0.00096607132582, 0.000435245572589, 0.000154178836965, 3.67784850823e-05, 2.13265047933e-05]
    },
    "gfcc": {
        "mean": [-73.6716918945, 131.798629761, -183.881988525, 45.1085968018, -86.30418396, -6.264793396, -17.8635654449, -30.8923816681, 7.3779001236, -26.3383750916, 2.78484153748, -11.3531446457, -7.99041795731],
        "cov": [[15578.2695312, 1695.84130859, -2275.46655273, 623.036437988, -592.488037109, 131.383987427, -281.493011475, -930.500854492, -186.018325806, -996.92779541, -61.8036727905, -533.006347656, 269.568969727], [1695.84130859, 1082.59741211, -74.5312652588, 27.4254837036, 92.7443466187, -71.2590789795, -51.6756057739, -225.65625, -89.1851577759, -185.490615845, -78.7250976562, -110.557655334, 15.0493354797], [-2275.46655273, -74.5312652588, 969.464233398, 140.036148071, -52.7336807251, 75.3391418457, -53.0553016663, 70.7218933105, -4.30351877213, 115.070640564, -63.0797233582, 37.8432312012, -99.946434021], [623.036437988, 27.4254837036, 140.036148071, 307.512237549, -29.4214019775, 34.6006507874, -56.3022155762, -52.7189064026, -25.8153400421, -71.5812225342, -56.0005302429, -32.545753479, 2.6210205555], [-592.488037109, 92.7443466187, -52.7336807251, -29.4214019775, 319.385131836, 85.3863677979, 50.9041252136, -31.1614284515, -80.7262573242, -8.42237091064, -64.8740081787, 16.8776245117, 37.3098373413], [131.383987427, -71.2590789795, 75.3391418457, 34.6006507874, 85.3863677979, 432.448059082, 76.7239685059, -138.330383301, -119.024894714, -11.9020338058, -69.5429077148, -27.8379840851, 27.3114738464], [-281.493011475, -51.6756057739, -53.0553016663, -56.3022155762, 50.9041252136, 76.7239685059, 142.574462891, 47.0914573669, 2.11149477959, 45.1646080017, 9.44009208679, -3.3111166954, 10.2677106857], [-930.500854492, -225.65625, 70.7218933105, -52.7189064026, -31.1614284515, -138.330383301, 47.0914573669, 264.278381348, 150.525314331, 75.7621917725, 38.3306922913, 41.9951286316, -38.1639938354], [-186.018325806, -89.1851577759, -4.30351877213, -25.8153400421, -80.7262573242, -119.024894714, 2.11149477959, 150.525314331, 168.730697632, 60.5512046814, 49.5333099365, 3.89993357658, -48.9447288513], [-996.92779541, -185.490615845, 115.070640564, -71.5812225342, -8.42237091064, -11.9020338058, 45.1646080017, 75.7621917725, 60.5512046814, 175.4037323, 78.8704071045, 41.4909439087, -41.1231842041], [-61.8036727905, -78.7250976562, -63.0797233582, -56.0005302429, -64.8740081787, -69.5429077148, 9.44009208679, 38.3306922913, 49.5333099365, 78.8704071045, 155.308334351, 51.0101089478, -11.6244840622], [-533.006347656, -110.557655334, 37.8432312012, -32.545753479, 16.8776245117, -27.8379840851, -3.3111166954, 41.9951286316, 3.89993357658, 41.4909439087, 51.0101089478, 108.79158783, 18.1943187714], [269.568969727, 15.0493354797, -99.946434021, 2.6210205555, 37.3098373413, 27.3114738464, 10.2677106857, -38.1639938354, -48.9447288513, -41.1231842041, -11.6244840622, 18.1943187714, 101.426841736]],
        "icov": [[0.000487541954499, -0.000550153257791, 0.00118096196093, -0.000996326096356, 0.00114495563321, -0.000645816326141, 0.00038852749276, 0.000364104518667, -0.000367872708011, 0.000926705717575, -0.000424425554229, 0.000527818163391, -0.000119389362226], [-0.000550153257791, 0.00267215073109, -0.00223376625217, 0.00182618841063, -0.00248475861736, 0.0021995480638, -0.00206941296346, 0.00301943277009, -0.00179431727156, 0.00186149473302, -0.000312313932227, 0.000523289258126, 0.000243903225055], [0.00118096196093, -0.00223376625217, 0.00530039146543, -0.00369672523811, 0.00398760149255, -0.00274915667251, 0.00305390870199, -0.00219014962204, 0.00211372179911, -0.00137842737604, 0.00109700579196, -9.17373326956e-05, 0.00125476717949], [-0.000996326096356, 0.00182618841063, -0.00369672523811, 0.00671148719266, -0.00266297417693, 0.00156857038382, -0.000632944866084, 0.00112510379404, -0.00102695333771, 0.00110173039138, 0.000513362989295, 7.1516900789e-05, -0.000397411262384], [0.00114495563321, -0.00248475861736, 0.00398760149255, -0.00266297417693, 0.00800007861108, -0.00245703035034, 0.000956599193159, -0.00182396546006, 0.00295739341527, -0.000954330724198, 0.00235415296629, -0.00104104715865, -0.000243742499151], [-0.000645816326141, 0.0021995480638, -0.00274915667251, 0.00156857038382, -0.00245703035034, 0.00604624953121, -0.00507281115279, 0.00470592547208, -0.000935434072744, 0.000530926336069, 0.0012915515108, -0.000349721114617, 0.00017508691235], [0.00038852749276, -0.00206941296346, 0.00305390870199, -0.000632944866084, 0.000956599193159, -0.00507281115279, 0.015123299323, -0.00884504616261, 0.00545342732221, -0.00540678203106, -0.000773730396759, 0.00351139041595, -0.00182400573976], [0.000364104518667, 0.00301943277009, -0.00219014962204, 0.00112510379404, -0.00182396546006, 0.00470592547208, -0.00884504616261, 0.019159834832, -0.0149884512648, 0.00698393164203, 0.000418128533056, -0.00255122059025, 9.82075198408e-06], [-0.000367872708011, -0.00179431727156, 0.00211372179911, -0.00102695333771, 0.00295739341527, -0.000935434072744, 0.00545342732221, -0.0149884512648, 0.022351462394, -0.0081609133631, 0.000146583115566, 0.00225666747428, 0.00341472495347], [0.000926705717575, 0.00186149473302, -0.00137842737604, 0.00110173039138, -0.000954330724198, 0.000530926336069, -0.00540678203106, 0.00698393164203, -0.0081609133631, 0.0192064158618, -0.0076967542991, 0.000895828474313, 0.00206354749389], [-0.000424425554229, -0.000312313932227, 0.00109700579196, 0.000513362989295, 0.00235415296629, 0.0012915515108, -0.000773730396759, 0.000418128533056, 0.000146583115566, -0.0076967542991, 0.0144500480965, -0.00687420228496, 0.00110333936755], [0.000527818163391, 0.000523289258126, -9.17373326956e-05, 7.1516900789e-05, -0.00104104715865, -0.000349721114617, 0.00351139041595, -0.00255122059025, 0.00225666747428, 0.000895828474313, -0.00687420228496, 0.0171333681792, -0.00482011027634], [-0.000119389362226, 0.000243903225055, 0.00125476717949, -0.000397411262384, -0.000243742499151, 0.00017508691235, -0.00182400573976, 9.82075198408e-06, 0.00341472495347, 0.00206354749389, 0.00110333936755, -0.00482011027634, 0.0150936013088]]
    },
    "melbands": {
        "max": [0.000646206666715, 0.00308046676219, 0.00545512372628, 0.02397136949, 0.00820376817137, 0.00895835738629, 0.018417481333, 0.00477793393657, 0.00583498412743, 0.00592099595815, 0.00533594284207, 0.0024821520783, 0.00366220856085, 0.00739524560049, 0.00164691428654, 0.00150281051174, 0.00129247899167, 0.00118185020983, 0.00146070541814, 0.00107408477925, 0.00129997264594, 0.000600022496656, 0.000263603404164, 0.000207624529139, 0.000138113246066, 0.000172332307557, 0.000113402893476, 5.21368892805e-05, 9.56959338509e-05, 0.00022251313203, 5.77454447921e-05, 9.94019646896e-05, 7.8384502558e-05, 9.89561813185e-05, 0.000175639652298, 0.000150993466377, 6.21932849754e-05, 2.07982157008e-06, 9.19311986536e-08, 8.06384434782e-08],
        "mean": [4.27925442636e-05, 0.000209814039408, 0.000494127743877, 0.000466932135168, 0.000365494954167, 0.000628174573649, 0.000700540840626, 0.00032648301567, 0.000166284808074, 0.000272799108643, 0.000269606069196, 0.000196852168301, 0.00018880731659, 0.000260924047325, 8.88309659786e-05, 6.49721914669e-05, 5.74968253204e-05, 6.47206106805e-05, 5.71745331399e-05, 4.6455541451e-05, 3.45236330759e-05, 1.96877263079e-05, 1.42298158607e-05, 1.25758133436e-05, 1.27988141685e-05, 9.39627443586e-06, 5.93572849539e-06, 5.36475772606e-06, 7.49269838707e-06, 7.02857732904e-06, 4.66935853183e-06, 3.30404236593e-06, 3.20186427416e-06, 3.76742150365e-06, 4.26322912972e-06, 3.22116102325e-06, 9.22174763218e-07, 4.32536459982e-08, 1.91217597312e-10, 7.72721123199e-11],
        "min": [2.41296832854e-24, 1.46096142318e-24, 2.62845889822e-24, 3.63170734836e-24, 2.64947474438e-24, 2.22272189947e-24, 4.12482666679e-24, 6.6931700253e-24, 5.11096196289e-24, 6.57391003365e-24, 8.35221629532e-24, 6.27173055302e-24, 9.5531544716e-24, 5.36211515916e-24, 9.74402488965e-24, 8.56102619921e-24, 7.21498021486e-24, 1.45557301016e-23, 1.01601032632e-23, 6.846316326e-24, 5.49664394806e-24, 7.95587837704e-24, 8.93285184258e-24, 8.15410965619e-24, 7.43894413674e-24, 8.13542627451e-24, 9.52241413985e-24, 7.09417484469e-24, 1.08728430354e-23, 9.25973450246e-24, 8.25090525585e-24, 5.75167755112e-24, 7.81413663845e-24, 9.09257724323e-24, 4.55715399729e-24, 9.9353875569e-24, 6.86537599433e-24, 8.11840896707e-24, 8.09425799045e-24, 9.80500778193e-24],
        "stdev": [7.41230105632e-05, 0.000316962075885, 0.000688364845701, 0.00124109396711, 0.000698286283296, 0.000974903581664, 0.00142158882227, 0.000587903778069, 0.000406903360272, 0.000525873561855, 0.000489944359288, 0.000354858930223, 0.00041529579903, 0.000730568193831, 0.000185783632332, 0.000145797632285, 0.000115125636512, 0.000120460084872, 0.000131639229949, 0.000105280079879, 6.59256838844e-05, 3.69957742805e-05, 2.3126749511e-05, 1.86364977708e-05, 1.62221713254e-05, 1.27693529066e-05, 8.13416136225e-06, 6.83449525241e-06, 9.81951870926e-06, 1.13580354082e-05, 6.98571284374e-06, 7.42074598747e-06, 8.02443992143e-06, 1.06038332888e-05, 1.36514063342e-05, 1.19585674838e-05, 3.89027127312e-06, 1.57707518156e-07, 2.59199040009e-09, 2.25264451537e-09]
    },
    "melbands128": {
        "max": [2.37458116317e-05, 0.000111499452032, 0.000830717908684, 0.00257532787509, 0.00418521557003, 0.00451356172562, 0.00869470927864, 0.00648148823529, 0.0182659588754, 0.0454141423106, 0.0137808602303, 0.011787135154, 0.0132766263559, 0.014271536842, 0.0144407358021, 0.0114994542673, 0.0284535139799, 0.0244884416461, 0.00674856174737, 0.00834952574223, 0.00595656456426, 0.0100424699485, 0.00889561325312, 0.00927353743464, 0.0107208378613, 0.00747421523556, 0.00868525728583, 0.00812057219446, 0.00685746828094, 0.0042131440714, 0.00519059086218, 0.00384314148687, 0.00337507505901, 0.0105443056673, 0.0188741832972, 0.00915554910898, 0.00394623726606, 0.00359559548087, 0.00144661252853, 0.0022056971211, 0.00218923878856, 0.00204336224124, 0.00142459000926, 0.0027312352322, 0.00196425337344, 0.00195762538351, 0.00247492175549, 0.00326077174395, 0.00117951259017, 0.0020885381382, 0.00224073743448, 0.00182554253843, 0.00129518553149, 0.00170772708952, 0.000670885900036, 0.000876754056662, 0.000629498390481, 0.000502140785102, 0.000515684194397, 0.000340345402947, 0.000269701209618, 0.00019565045659, 0.000265001988737, 0.000326607201714, 0.000205575473956, 0.000188534337212, 0.000241759204073, 0.000123412319226, 0.000249011471169, 0.000109797234472, 7.56162553444e-05, 0.000123247911688, 0.000104677506897, 0.000238275577431, 0.000136167393066, 0.000369114335626, 0.000213093910133, 0.000109102926217, 6.78550059092e-05, 8.05836607469e-05, 0.000152742868522, 0.000130630040076, 9.7363095847e-05, 0.000105021157651, 9.83073623502e-05, 0.000108561354864, 0.000140312447911, 0.00018894324603, 0.000223926297622, 0.00017919545644, 0.000217168970266, 0.00016548493295, 0.000158286115038, 6.90859887982e-05, 1.27899311337e-05, 3.06761717184e-06, 2.51998272915e-07, 9.81237207043e-08, 9.31808443738e-08, 8.85890969471e-08, 8.38660554336e-08, 8.01005981543e-08, 7.57573843657e-08, 7.19074932931e-08, 6.86757744006e-08, 6.5672416838e-08, 6.26221492439e-08, 6.00821863372e-08, 5.78332581824e-08, 5.48878489326e-08, 5.28297690039e-08, 5.08933055698e-08, 4.90168901024e-08, 4.7318494012e-08, 4.54994157906e-08, 4.40358256526e-08, 4.26956532351e-08, 4.14148040306e-08, 4.02171380642e-08, 3.91691052926e-08, 3.81467124555e-08, 3.73691975142e-08, 3.65296344285e-08, 3.58791325539e-08, 3.54394344981e-08, 3.50787381365e-08, 3.47809780976e-08, 3.45731230311e-08],
        "mean": [1.14318231681e-06, 9.46567797655e-06, 4.63947289973e-05, 0.000130751650431, 0.000196474225959, 0.000269265961833, 0.000376408192096, 0.000586583919358, 0.000654878036585, 0.000494341598824, 0.000318455771776, 0.00030807510484, 0.000357945362339, 0.0004489752464, 0.000597284757532, 0.000675401242916, 0.00093979871599, 0.00073801871622, 0.000379648990929, 0.000314663426252, 0.000330476614181, 0.000262548739556, 0.000101789482869, 0.000127425228129, 0.000212956903852, 0.000382362050004, 0.000307544600219, 0.00021962345636, 0.000300713349134, 0.000188040154171, 0.000200619877432, 0.00012615552987, 0.000105656596133, 0.000259566033492, 0.00046248032595, 0.000189779311768, 6.94800473866e-05, 0.000127773382701, 5.66355920455e-05, 5.84437839279e-05, 7.93220897322e-05, 5.08609264216e-05, 4.39667746832e-05, 6.01498286414e-05, 0.000101260578958, 4.83320145577e-05, 4.2751627916e-05, 8.99851511349e-05, 4.25309626735e-05, 2.62285102508e-05, 6.22955194558e-05, 4.59677612525e-05, 4.42396158178e-05, 2.75708334811e-05, 1.49227571455e-05, 2.21154041355e-05, 2.09714307857e-05, 1.27311177494e-05, 1.27316470753e-05, 1.46570473589e-05, 1.28386209326e-05, 1.0231977285e-05, 1.27768589664e-05, 1.33866396936e-05, 1.39943031172e-05, 8.30926819617e-06, 8.12139114714e-06, 6.34556226942e-06, 5.98407586949e-06, 4.12210511058e-06, 4.46587910119e-06, 7.15597889211e-06, 5.97204189035e-06, 7.96034873929e-06, 8.51762706588e-06, 7.12959854354e-06, 6.66667392579e-06, 5.70843212699e-06, 4.38596453023e-06, 3.56381474376e-06, 3.50842447006e-06, 3.04406989926e-06, 3.079970611e-06, 3.16456680594e-06, 3.46331512446e-06, 3.20133403875e-06, 3.9032784116e-06, 4.80249082102e-06, 4.29242800237e-06, 3.88885109714e-06, 3.95973120249e-06, 3.09109987029e-06, 1.97322151507e-06, 8.86010809609e-07, 2.69278217502e-07, 5.22453049712e-08, 5.07779240877e-09, 3.61459695508e-10, 9.32056723468e-11, 8.49049650031e-11, 8.03871691435e-11, 7.65970134542e-11, 7.28705429331e-11, 6.87961632106e-11, 6.58659446429e-11, 6.28245788725e-11, 5.99455277084e-11, 5.78600674317e-11, 5.56824794606e-11, 5.31024842154e-11, 5.11930983715e-11, 4.94299358389e-11, 4.7557568994e-11, 4.59412854981e-11, 4.43352923818e-11, 4.23614823775e-11, 4.19557201481e-11, 3.99825728081e-11, 3.87288950909e-11, 3.82070312888e-11, 3.7705089051e-11, 3.68279365337e-11, 3.52080170574e-11, 3.29913527053e-11, 3.20055405789e-11, 3.06999252409e-11, 2.99068166065e-11, 2.96544143408e-11],
        "min": [4.67519007125e-24, 3.07613332041e-24, 1.70293711028e-24, 6.93711066631e-25, 2.08637005301e-24, 1.0512995456e-24, 1.69465466242e-24, 1.19248454561e-24, 2.13149940489e-24, 2.83480755608e-24, 2.63481475053e-24, 5.29386094149e-24, 9.46500557633e-25, 2.59920226591e-25, 1.49247207761e-24, 3.56428813995e-24, 2.49973928102e-24, 2.49171479068e-24, 5.59142834684e-25, 4.9076243871e-24, 7.72315967684e-24, 4.41877004515e-24, 3.39969625638e-24, 6.71355971312e-24, 8.14319339899e-24, 7.94499387149e-25, 8.60585006471e-24, 3.68604014321e-24, 1.85696969621e-24, 4.10201951473e-24, 5.40445608495e-24, 8.02362890703e-24, 5.92196343271e-24, 1.38745319466e-24, 2.67770235693e-24, 5.85175954531e-24, 1.03438833994e-23, 1.2161379482e-23, 6.66024849314e-24, 1.0207823826e-23, 9.19357273834e-24, 4.06078733294e-24, 8.71503866918e-24, 6.10517558908e-24, 9.31022633356e-24, 1.35696587032e-23, 9.03247629744e-24, 8.79899003558e-24, 5.96254835413e-24, 2.66524348223e-24, 4.37074024893e-24, 8.4052025046e-24, 3.01384289118e-24, 5.88882023063e-24, 5.29816496659e-24, 4.55857473578e-24, 9.22429492629e-24, 7.16080440333e-24, 7.98135858428e-24, 6.44353025868e-24, 7.50286316931e-24, 5.19944888506e-24, 5.07842776144e-24, 8.66060095583e-24, 6.20606379911e-24, 6.34585823456e-24, 6.80524428296e-24, 5.93431028916e-24, 9.86926444696e-24, 7.65679754205e-24, 6.37452622871e-24, 5.73476476775e-24, 7.75501624677e-24, 9.59501537554e-24, 8.18706274279e-24, 6.57868855858e-24, 5.41763795068e-24, 8.32658699337e-24, 6.34318754596e-24, 6.84638495689e-24, 3.54264258558e-24, 5.18242092799e-24, 5.82168106785e-24, 4.51839016127e-24, 1.11551195554e-23, 8.60684876261e-24, 5.81634008509e-24, 4.61774798114e-24, 5.55401109638e-24, 2.98458680122e-24, 6.84809678506e-24, 1.04857371563e-23, 6.57880333784e-24, 3.23799101208e-24, 8.38554251312e-24, 7.27740908918e-24, 6.62383467376e-24, 7.72129165421e-24, 9.03035978363e-24, 7.83115315704e-24, 7.86671421779e-24, 1.0429574993e-23, 1.01750505997e-23, 9.91013217502e-24, 7.77027202782e-24, 8.44775760614e-24, 8.67042306296e-24, 7.43196666203e-24, 8.31800970875e-24, 4.97435610322e-24, 7.14487887938e-24, 8.32296612182e-24, 9.54257190256e-24, 6.32260853153e-24, 6.81806406154e-24, 5.72447447167e-24, 8.81300020525e-24, 8.8991580156e-24, 6.35357132206e-24, 1.03328117366e-23, 1.12195631805e-23, 8.2148416907e-24, 8.74076894533e-24, 7.91827574427e-24, 9.48326376198e-24, 6.54305728921e-24, 6.44771240477e-24, 9.87613858089e-24],
        "stdev": [2.2930578325e-06, 1.57547328854e-05, 9.00406448636e-05, 0.000245139061008, 0.000350580405211, 0.000497123983223, 0.000749944592826, 0.000880284293089, 0.00144871068187, 0.00210207793862, 0.000897599558812, 0.000769340840634, 0.000878627062775, 0.00116715871263, 0.0011973392684, 0.00128250475973, 0.00219241157174, 0.00193655746989, 0.000776077387854, 0.000830698641948, 0.000753961561713, 0.000879434344824, 0.000421733071562, 0.000435647118138, 0.000619257218204, 0.000840441265609, 0.000877842481714, 0.000558620726224, 0.000606633722782, 0.000430357293226, 0.000525792245753, 0.000341982260579, 0.000321919796988, 0.000892356561963, 0.00162726140115, 0.000723694160115, 0.000256939063547, 0.000313019176247, 0.000127635750687, 0.000172664425918, 0.000217486493057, 0.000151227650349, 0.000116707684356, 0.000177479581907, 0.000231741825701, 0.000143857731018, 0.000150906751514, 0.000254163955105, 0.000116608985991, 0.00010186493455, 0.000197235349333, 0.000116347364383, 9.64889768511e-05, 8.04199225968e-05, 4.35718757217e-05, 5.20527137269e-05, 4.61243180325e-05, 3.07646441797e-05, 2.5979050406e-05, 2.93318953482e-05, 2.48274718615e-05, 1.85602875717e-05, 2.26871543418e-05, 2.4255754397e-05, 2.23776096391e-05, 1.60392191901e-05, 1.65236451721e-05, 1.04772116174e-05, 1.23951522255e-05, 6.8017434387e-06, 7.22481399862e-06, 1.32557088364e-05, 9.95947721094e-06, 1.55118596012e-05, 1.57603062689e-05, 1.70988259924e-05, 1.55759826157e-05, 9.81340781436e-06, 7.39594042898e-06, 7.21096148482e-06, 8.34212914924e-06, 8.57633585838e-06, 7.62902482165e-06, 8.79545859789e-06, 9.25581116462e-06, 9.40159407037e-06, 1.18111693155e-05, 1.57363410835e-05, 1.46787151607e-05, 1.3257224964e-05, 1.57364884217e-05, 1.18984744404e-05, 8.87808528205e-06, 3.86469855584e-06, 1.00248598756e-06, 2.04987543384e-07, 1.66770561805e-08, 2.91751578452e-09, 2.60581489719e-09, 2.47534615028e-09, 2.3431243612e-09, 2.23732454785e-09, 2.11641615344e-09, 2.00781569148e-09, 1.91778126712e-09, 1.83362991457e-09, 1.74816039422e-09, 1.67760982883e-09, 1.61464719373e-09, 1.53247581292e-09, 1.47479461976e-09, 1.42077849485e-09, 1.36828681718e-09, 1.32095623329e-09, 1.27014387896e-09, 1.22795551505e-09, 1.19124488052e-09, 1.15515319532e-09, 1.12166109734e-09, 1.09334508114e-09, 1.06618280871e-09, 1.04394026756e-09, 1.01887220882e-09, 9.99603733121e-10, 9.87371295835e-10, 9.77346870101e-10, 9.690589442e-10, 9.63272239751e-10]
    },
    "mfcc": {
        "mean": [-687.77130127, 137.760131836, -43.1772041321, 40.9765319824, -45.8009757996, 26.6921901703, -36.9650993347, 19.3675403595, -29.011390686, 15.073091507, -22.0241298676, 10.448135376, -10.4839773178],
        "cov": [[12663.1884766, 1295.44494629, -1700.72216797, 517.91986084, -880.614196777, 992.401733398, -685.587219238, 612.904846191, -681.942565918, 251.596176147, -1036.01171875, -110.296157837, -890.88873291], [1295.44494629, 958.408325195, -87.3043136597, 0.855737566948, 42.316368103, 89.4817657471, 18.8502693176, -27.476146698, -35.0401306152, -51.2077789307, -106.457267761, -191.214141846, -136.162033081], [-1700.72216797, -87.3043136597, 910.736999512, 34.3260536194, 96.5970687866, -4.61565542221, -4.47484397888, -51.7314300537, 20.3088607788, 8.31109237671, 156.770935059, -23.2386760712, 6.54878044128], [517.91986084, 0.855737566948, 34.3260536194, 306.055175781, 6.50777673721, -93.5379104614, -108.952590942, 31.5994052887, -20.8073196411, -4.72970914841, -27.7336769104, 57.388381958, -42.4519538879], [-880.614196777, 42.316368103, 96.5970687866, 6.50777673721, 221.187301636, -33.1517105103, 63.9969367981, -29.9439888, 78.2027206421, -60.5293960571, 43.1329421997, -32.9207611084, 46.0437812805], [992.401733398, 89.4817657471, -4.61565542221, -93.5379104614, -33.1517105103, 470.052246094, 95.4037628174, 49.8562355042, -50.4469528198, 25.8113880157, -140.761856079, -112.497093201, -130.099273682], [-685.587219238, 18.8502693176, -4.47484397888, -108.952590942, 63.9969367981, 95.4037628174, 229.704360962, -35.086555481, 68.552734375, -16.0322399139, 11.3058242798, -53.4459190369, 39.753616333], [612.904846191, -27.476146698, -51.7314300537, 31.5994052887, -29.9439888, 49.8562355042, -35.086555481, 149.999298096, 6.89023923874, 26.7232513428, -47.50207901, -1.21029281616, -35.2452964783], [-681.942565918, -35.0401306152, 20.3088607788, -20.8073196411, 78.2027206421, -50.4469528198, 68.552734375, 6.89023923874, 155.274917603, 12.7996311188, 32.0036888123, -33.7970314026, 38.9660301208], [251.596176147, -51.2077789307, 8.31109237671, -4.72970914841, -60.5293960571, 25.8113880157, -16.0322399139, 26.7232513428, 12.7996311188, 129.103424072, 26.1595859528, 8.84556674957, -26.265127182], [-1036.01171875, -106.457267761, 156.770935059, -27.7336769104, 43.1329421997, -140.761856079, 11.3058242798, -47.50207901, 32.0036888123, 26.1595859528, 230.068405151, 85.7390136719, 104.272537231], [-110.296157837, -191.214141846, -23.2386760712, 57.388381958, -32.9207611084, -112.497093201, -53.4459190369, -1.21029281616, -33.7970314026, 8.84556674957, 85.7390136719, 187.176040649, 86.3815689087], [-890.88873291, -136.162033081, 6.54878044128, -42.4519538879, 46.0437812805, -130.099273682, 39.753616333, -35.2452964783, 38.9660301208, -26.265127182, 104.272537231, 86.3815689087, 192.734909058]],
        "icov": [[0.00362709630281, -0.00433106068522, 0.00467031868175, -0.0039378204383, 0.00492621259764, -0.00580082135275, 0.00615988578647, -0.00622643297538, 0.00492750713602, -0.00428947899491, 0.00451060757041, -0.00366775528528, 0.00280100153759], [-0.00433106068522, 0.00666931411251, -0.00529982568696, 0.00445669144392, -0.00618434604257, 0.00707917101681, -0.00742256222293, 0.0076692472212, -0.00511961337179, 0.00544950272888, -0.00572990486398, 0.00606826553121, -0.00279892422259], [0.00467031868175, -0.00529982568696, 0.00752254016697, -0.0055786925368, 0.00592747330666, -0.00790869351476, 0.00829321052879, -0.00768988858908, 0.00654536811635, -0.00537909241393, 0.0041660037823, -0.00364044588059, 0.00380933191627], [-0.0039378204383, 0.00445669144392, -0.0055786925368, 0.0094801671803, -0.00667728856206, 0.0075428201817, -0.00553502095863, 0.00615153694525, -0.00559498788789, 0.0044574495405, -0.00301609118469, 0.00103487889282, -0.000915966986213], [0.00492621259764, -0.00618434604257, 0.00592747330666, -0.00667728856206, 0.0147941913456, -0.00858417060226, 0.00782144162804, -0.00802033208311, 0.0030047793407, -0.00174582866021, 0.0042822714895, -0.00362946372479, 0.00278530153446], [-0.00580082135275, 0.00707917101681, -0.00790869351476, 0.0075428201817, -0.00858417060226, 0.0138155911118, -0.0124210538343, 0.00859126914293, -0.00535265449435, 0.00542312022299, -0.00510246958584, 0.00610173586756, -0.00252555147745], [0.00615988578647, -0.00742256222293, 0.00829321052879, -0.00553502095863, 0.00782144162804, -0.0124210538343, 0.018505724147, -0.00875555817038, 0.00501443818212, -0.00639066053554, 0.00695569906384, -0.00536606367677, 0.00281451246701], [-0.00622643297538, 0.0076692472212, -0.00768988858908, 0.00615153694525, -0.00802033208311, 0.00859126914293, -0.00875555817038, 0.0192962531, -0.0107486303896, 0.00641322275624, -0.00656425906345, 0.0055900211446, -0.0046034748666], [0.00492750713602, -0.00511961337179, 0.00654536811635, -0.00559498788789, 0.0030047793407, -0.00535265449435, 0.00501443818212, -0.0107486303896, 0.0189628303051, -0.00947766564786, 0.00615686597303, -0.00120800198056, 0.00245929183438], [-0.00428947899491, 0.00544950272888, -0.00537909241393, 0.0044574495405, -0.00174582866021, 0.00542312022299, -0.00639066053554, 0.00641322275624, -0.00947766564786, 0.0170242656022, -0.00905454996973, 0.00428003864363, -0.00102776754647], [0.00451060757041, -0.00572990486398, 0.0041660037823, -0.00301609118469, 0.0042822714895, -0.00510246958584, 0.00695569906384, -0.00656425906345, 0.00615686597303, -0.00905454996973, 0.015777381137, -0.00861370656639, 0.00173943664413], [-0.00366775528528, 0.00606826553121, -0.00364044588059, 0.00103487889282, -0.00362946372479, 0.00610173586756, -0.00536606367677, 0.0055900211446, -0.00120800198056, 0.00428003864363, -0.00861370656639, 0.0170666370541, -0.00736149214208], [0.00280100153759, -0.00279892422259, 0.00380933191627, -0.000915966986213, 0.00278530153446, -0.00252555147745, 0.00281451246701, -0.0046034748666, 0.00245929183438, -0.00102776754647, 0.00173943664413, -0.00736149214208, 0.0137556027621]]
    },
    "spectral_contrast_coeffs": {
        "max": [-0.364165484905, -0.349060237408, -0.43332478404, -0.555824816227, -0.640729188919, -0.39524358511],
        "mean": [-0.692526221275, -0.717626392841, -0.720077097416, -0.769587278366, -0.788661241531, -0.549358963966],
        "min": [-0.973070085049, -0.982866287231, -0.981456518173, -0.978123307228, -0.968318939209, -0.96323788166],
        "stdev": [0.0910189971328, 0.108088567853, 0.0805077180266, 0.0631924644113, 0.0490982122719, 0.0684139579535]
    },
    "spectral_contrast_valleys": {
        "max": [-5.48355150223, -4.70909357071, -5.22978067398, -5.7794251442, -6.219622612, -10.0174865723],
        "mean": [-7.67783021927, -6.96254777908, -7.63288784027, -7.9154920578, -7.83697319031, -13.1512813568],
        "min": [-27.0861377716, -27.1308364868, -27.2924060822, -27.220998764, -27.2229366302, -27.339389801],
        "stdev": [1.52293789387, 1.57363891602, 1.55599534512, 1.53147506714, 1.45689690113, 1.04498970509]
    }
},
"rhythm": {
    "beats_count": 61,
    "beats_loudness": {
        "max": 0.110869154334,
        "mean": 0.0311821755022,
        "min": 2.57518222497e-05,
        "stdev": 0.0196891780943
    },
    "bpm": 118.966758728,
    "bpm_histogram_first_peak_bpm": 120,
    "bpm_histogram_first_peak_weight": 0.5,
    "bpm_histogram_second_peak_bpm": 140,
    "bpm_histogram_second_peak_spread": 0.533333301544,
    "bpm_histogram_second_peak_weight": 0.116666667163,
    "danceability": 0.929557442665,
    "onset_rate": 3.04628300667,
    "beats_loudness_band_ratio": {
        "max": [0.586519539356, 0.821828246117, 0.976646840572, 0.793657839298, 0.374144107103, 0.155795320868],
        "mean": [0.143292799592, 0.273337453604, 0.297594577074, 0.203098654747, 0.111312173307, 0.0487244278193],
        "min": [0.00018806476146, 0.000106841522211, 0.025259597227, 0.000319067039527, 0.000520381610841, 0.0030354114715],
        "stdev": [0.140051007271, 0.221784457564, 0.247208416462, 0.169145449996, 0.0837135314941, 0.0345911830664]
    },
    "beats_position": [0.46439909935, 0.940408170223, 1.42802715302, 1.92725622654, 2.42648530006, 2.93732428551, 3.44816327095, 3.94739222527, 4.45823097229, 4.96907043457, 5.46829938889, 5.9675283432, 6.47836732864, 6.98920631409, 7.4884352684, 7.98766422272, 8.48689365387, 8.98612213135, 9.49696159363, 10.0078001022, 10.5186395645, 11.017868042, 11.5170974731, 12.0279359818, 12.5271654129, 13.0263938904, 13.5256233215, 14.0248527527, 14.5240812302, 15.0233106613, 15.545759201, 16.0682086945, 16.5790481567, 17.0898857117, 17.6123352051, 18.1347846985, 18.6456241608, 19.1564617157, 19.667301178, 20.1781406403, 20.6889801025, 21.1882076263, 21.6874370575, 22.1982765198, 22.6046257019, 23.0225849152, 23.4521541595, 23.8817234039, 24.3112926483, 24.7524719238, 25.1936511993, 25.6348285675, 26.0643978119, 26.4939670563, 26.9119262695, 27.3414955139, 27.7594547272, 28.1658039093, 28.5837631226, 29.0017223358, 29.4312915802],
