{
"metadata": {
    "version": {
        "essentia": "2.1-beta5",
        "essentia_git_sha": "Undefined",
        "extractor": "music 2.0"
    },
    "audio_properties": {
        "analysis": {
            "equal_loudness": 0,
            "length": 32.4963264465,
            "sample_rate": 44100,
            "start_time": 61.4980506897,
            "downmix": "mix"
        },
        "bit_rate": 192000,
        "length": 244.575790405,
        "lossless": 0,
        "number_channels": 1,
        "replay_gain": 0.315349578857,
        "sample_rate": 48000,
        "codec": "mp3",
        "md5_encoded": "d53a06fd40b4a625c6b7eeaa746ed03d"
    },
    "tags": {
        "file_name": "Italy_Era_Wess _ Dori Ghezzi.mp3",
        "encoding": ["Lavf58.29.100"]
    }
},
"lowlevel": {
    "average_loudness": 0.923117101192,
    "barkbands_crest": {
        "max": 25.5103492737,
        "mean": 10.7624397278,
        "min": 3.21591043472,
        "stdev": 4.19708490372
    },
    "barkbands_flatness_db": {
        "max": 0.422605097294,
        "mean": 0.195435225964,
        "min": 0.0617423132062,
        "stdev": 0.0610481835902
    },
    "barkbands_kurtosis": {
        "max": 123.362548828,
        "mean": 9.01834392548,
        "min": -1.80774509907,
        "stdev": 14.112408638
    },
    "barkbands_skewness": {
        "max": 8.96214389801,
        "mean": 1.939915061,
        "min": -3.60475611687,
        "stdev": 1.46301138401
    },
    "barkbands_spread": {
        "max": 91.025100708,
        "mean": 13.2663288116,
        "min": 0.753078401089,
        "stdev": 10.3841714859
    },
    "dissonance": {
        "max": 0.500000059605,
        "mean": 0.445300966501,
        "min": 0.237284868956,
        "stdev": 0.0420364364982
    },
    "dynamic_complexity": 3.43246507645,
    "erbbands_crest": {
        "max": 28.1553192139,
        "mean": 10.5930490494,
        "min": 2.70117068291,
        "stdev": 4.65137529373
    },
    "erbbands_flatness_db": {
        "max": 0.337581604719,
        "mean": 0.209366947412,
        "min": 0.0760468319058,
        "stdev": 0.0424850210547
    },
    "erbbands_kurtosis": {
        "max": 50.7783584595,
        "mean": 2.04565477371,
        "min": -1.75462377071,
        "stdev": 5.85916566849
    },
    "erbbands_skewness": {
        "max": 5.85829496384,
        "mean": 0.712973415852,
        "min": -3.89339518547,
        "stdev": 1.1697934866
    },
    "erbbands_spread": {
        "max": 132.100280762,
        "mean": 30.0133914948,
        "min": 3.1099178791,
        "stdev": 14.8783283234
    },
    "hfc": {
        "max": 285.099517822,
        "mean": 13.5006341934,
        "min": 0.0839106813073,
        "stdev": 20.3328151703
    },
    "loudness_ebu128": {
        "integrated": -28.5075397491,
        "loudness_range": 3.2458896637,
        "momentary": {
            "max": -24.5173110962,
            "mean": -29.1174354553,
            "min": -38.147277832,
            "stdev": 2.39241361618
        },
        "short_term": {
            "max": -26.3916740417,
            "mean": -28.5969657898,
            "min": -30.6443881989,
            "stdev": 1.0073993206
        }
    },
    "melbands_crest": {
        "max": 29.7078933716,
        "mean": 13.6704826355,
        "min": 3.40913462639,
        "stdev": 4.69652938843
    },
    "melbands_flatness_db": {
        "max": 0.522607505322,
        "mean": 0.253653526306,
        "min": 0.0557936839759,
        "stdev": 0.0794525817037
    },
    "melbands_kurtosis": {
        "max": 242.075073242,
        "mean": 16.6144294739,
        "min": -1.89687764645,
        "stdev": 22.7769622803
    },
    "melbands_skewness": {
        "max": 13.4900388718,
        "mean": 2.68080091476,
        "min": -0.877013862133,
        "stdev": 1.6852504015
    },
    "melbands_spread": {
        "max": 253.914810181,
        "mean": 16.7991046906,
        "min": 0.805342853069,
        "stdev": 19.6589298248
    },
    "pitch_salience": {
        "max": 0.855037212372,
        "mean": 0.575548171997,
        "min": 0.206249728799,
        "stdev": 0.107489168644
    },
    "silence_rate_20dB": {
        "max": 1,
        "mean": 1,
        "min": 1,
        "stdev": 0
    },
    "silence_rate_30dB": {
        "max": 1,
        "mean": 0.997858643532,
        "min": 0,
        "stdev": 0.0462248027325
    },
    "silence_rate_60dB": {
        "max": 1,
        "mean": 0.0985010713339,
        "min": 0,
        "stdev": 0.297991812229
    },
    "spectral_centroid": {
        "max": 5103.82666016,
        "mean": 855.980041504,
        "min": 188.14289856,
        "stdev": 570.573913574
    },
    "spectral_complexity": {
        "max": 45,
        "mean": 12.7815847397,
        "min": 0,
        "stdev": 7.01030063629
    },
    "spectral_decrease": {
        "max": -3.58665770694e-11,
        "mean": -5.29614530009e-09,
        "min": -3.82790084075e-08,
        "stdev": 4.91475304898e-09
    },
    "spectral_energy": {
        "max": 0.148773699999,
        "mean": 0.0212134122849,
        "min": 0.000142979042721,
        "stdev": 0.0195309631526
    },
    "spectral_energyband_high": {
        "max": 0.0416100546718,
        "mean": 0.000479144684505,
        "min": 7.87720296103e-07,
        "stdev": 0.0022258842364
    },
    "spectral_energyband_low": {
        "max": 0.030113492161,
        "mean": 0.00288440706208,
        "min": 8.97589961824e-06,
        "stdev": 0.00414069183171
    },
    "spectral_energyband_middle_high": {
        "max": 0.0536510832608,
        "mean": 0.00395593838766,
        "min": 5.31901559953e-06,
        "stdev": 0.00656797131523
    },
    "spectral_energyband_middle_low": {
        "max": 0.140476971865,
        "mean": 0.0149530796334,
        "min": 9.37712466111e-05,
        "stdev": 0.0154604455456
    },
    "spectral_entropy": {
        "max": 8.68963336945,
        "mean": 6.95093297958,
        "min": 4.92548179626,
        "stdev": 0.587526857853
    },
    "spectral_flux": {
        "max": 0.268640518188,
        "mean": 0.0663682147861,
        "min": 0.00727008655667,
        "stdev": 0.0428757593036
    },
    "spectral_kurtosis": {
        "max": 48.9971809387,
        "mean": 7.53169536591,
        "min": -1.34113323689,
        "stdev": 6.10539674759
    },
    "spectral_rms": {
        "max": 0.0120476167649,
        "mean": 0.00409323023632,
        "min": 0.000373485934688,
        "stdev": 0.00198531732894
    },
    "spectral_rolloff": {
        "max": 9625.34179688,
        "mean": 1032.39440918,
        "min": 150.732421875,
        "stdev": 1145.06396484
    },
    "spectral_skewness": {
        "max": 5.98257827759,
        "mean": 2.01784467697,
        "min": -0.197366029024,
        "stdev": 0.790037989616
    },
    "spectral_spread": {
        "max": 16811320,
        "mean": 3629300.5,
        "min": 1352964.375,
        "stdev": 1393700.5
    },
    "spectral_strongpeak": {
        "max": 9.7498588562,
        "mean": 0.974380731583,
        "min": 0.0220901370049,
        "stdev": 1.18300509453
    },
    "zerocrossingrate": {
        "max": 0.3369140625,
        "mean": 0.041050478816,
        "min": 0.00732421875,
        "stdev": 0.0330692306161
    },
    "barkbands": {
        "max": [0.000661054276861, 0.0106977913529, 0.0215691644698, 0.0611076690257, 0.122085407376, 0.0329785048962, 0.047897066921, 0.0272604245692, 0.0466165132821, 0.0423805788159, 0.0291368942708, 0.0281859450042, 0.0131573723629, 0.0159371029586, 0.014864959754, 0.00539479777217, 0.010817669332, 0.00312604056671, 0.0038221355062, 0.00319817732088, 0.00539315398782, 0.013868836686, 0.0120289670303, 0.0129383085296, 0.00351316388696, 0.000655386480503, 6.97564530583e-07],
        "mean": [2.9417058613e-05, 0.000788786681369, 0.00129341112915, 0.00299254525453, 0.00685119815171, 0.00163753691595, 0.0012805685401, 0.000739848823287, 0.000977733288892, 0.000923786486965, 0.000800839217845, 0.000496547960211, 0.000389540131437, 0.000387386739021, 0.000568592105992, 0.000128063358716, 0.000141724871355, 0.000117817624414, 0.000131656663143, 0.000130163301947, 0.000105235470983, 8.70911535458e-05, 8.66865593707e-05, 9.24993655644e-05, 2.89510735456e-05, 5.80041614739e-06, 3.26424376418e-09],
        "min": [5.1679570845e-08, 2.59989064944e-06, 1.40071381338e-06, 1.88431522474e-06, 7.9229421317e-06, 3.29364729623e-06, 1.28956708068e-06, 1.20048025565e-06, 6.266208743e-07, 3.52268045845e-07, 1.84794899383e-07, 8.09701674598e-08, 2.29976933497e-07, 2.54870883509e-07, 2.54487417806e-07, 9.32000929765e-08, 3.72041597529e-08, 5.2297110642e-08, 4.27253112889e-08, 6.02407368433e-08, 8.91793234814e-08, 1.95653058199e-08, 1.51317725017e-09, 2.7419580495e-10, 4.8953074927e-10, 3.69474811857e-10, 3.22540993913e-10],
        "stdev": [4.81314018543e-05, 0.00121546955779, 0.00251599936746, 0.00437253387645, 0.0101183988154, 0.00340115465224, 0.00306567805819, 0.0018038431881, 0.00299170124345, 0.00292266416363, 0.00257409294136, 0.00184802908916, 0.00119408522733, 0.00105248542968, 0.00129201379605, 0.000290240481263, 0.000586508889683, 0.000260569417151, 0.000334676005878, 0.000321441330016, 0.000348919304088, 0.000570219650399, 0.000557212217245, 0.00061600288609, 0.000204564814339, 3.71810019715e-05, 2.93871380563e-08]
    },
    "erbbands": {
        "max": [0.113341681659, 3.06233668327, 17.8655509949, 77.9940490723, 315.305023193, 457.062896729, 211.351333618, 400.148468018, 512.063171387, 695.581542969, 379.553344727, 1276.87158203, 1233.64038086, 1829.44604492, 1678.64953613, 1234.67260742, 567.861206055, 690.857727051, 627.405090332, 650.542602539, 194.157791138, 627.645446777, 175.174438477, 127.549049377, 219.173217773, 143.101776123, 222.768295288, 217.043258667, 504.975921631, 412.9296875, 326.687744141, 273.687805176, 212.12940979, 67.2806167603, 15.5623369217, 5.64720392227, 0.731641829014, 0.0297186914831, 0.0011121846037, 0.000250805547694],
        "mean": [0.00751379784197, 0.237872198224, 1.32284140587, 5.3757481575, 22.2811317444, 20.3877086639, 12.1212320328, 15.9242591858, 16.4782810211, 21.3255672455, 13.954199791, 25.5542030334, 31.1502418518, 27.2256984711, 31.8273086548, 19.041677475, 17.097328186, 21.9057712555, 25.9026832581, 18.3160572052, 8.26579475403, 7.06783294678, 6.76015853882, 6.74988985062, 6.35873031616, 6.04650115967, 5.43757724762, 3.45783519745, 3.22185111046, 2.59077191353, 2.4349591732, 2.16067695618, 1.36904191971, 0.454770714045, 0.150606662035, 0.0454614832997, 0.00716311298311, 0.000202404829906, 2.02560004254e-05, 2.60386441369e-05],
        "min": [4.76111781609e-05, 0.000487383862492, 0.00364005728625, 0.00956018455327, 0.0313646495342, 0.016055893153, 0.0740259066224, 0.0508294068277, 0.0259157512337, 0.0367772951722, 0.0423030778766, 0.0270611010492, 0.014602935873, 0.00954894907773, 0.00831062160432, 0.00628338847309, 0.0119440918788, 0.0140274306759, 0.0149628035724, 0.016585694626, 0.00808973796666, 0.00289663206786, 0.00275580887683, 0.00261706765741, 0.00322091463022, 0.00329551193863, 0.00335653685033, 0.00361098232679, 0.00124036881607, 0.000461285031633, 0.000213452120079, 4.21060685767e-05, 1.29256741275e-05, 9.05351862457e-06, 7.05886304786e-06, 3.54404755853e-06, 1.73968805939e-06, 5.42512509583e-07, 2.9784121125e-07, 1.84539075576e-07],
        "stdev": [0.0106695275754, 0.364266067743, 2.16485476494, 7.10149240494, 32.5533638, 35.3037643433, 18.2819461823, 39.25623703, 39.9949836731, 45.8601150513, 32.5524177551, 77.4033203125, 90.1378707886, 85.2402191162, 119.194007874, 64.2443084717, 48.2109603882, 49.9655151367, 49.2150344849, 45.2666053772, 16.4007911682, 28.2216339111, 15.3278932571, 13.7298192978, 19.1932621002, 15.3533372879, 16.3767051697, 13.3851232529, 20.0964202881, 18.7638931274, 14.725230217, 13.1500530243, 9.92052173615, 3.36242175102, 1.03590846062, 0.300833493471, 0.0457880198956, 0.00136903510429, 6.22648294666e-05, 2.5956906029e-05]
    },
    "gfcc": {
        "mean": [-66.383605957, 135.758468628, -128.012741089, 32.4171562195, -67.1464767456, 11.0029678345, -45.6639518738, -8.84953594208, -24.0854167938, -11.809545517, -13.4090976715, -20.6792392731, -2.4527451992],
        "cov": [[5063.32910156, -1167.7520752, -767.419128418, 277.652557373, -421.360412598, 170.275192261, 195.585083008, 244.685333252, -241.28968811, -1.63359844685, -38.4246711731, 63.1248054504, -81.8083114624], [-1167.7520752, 1357.59765625, -51.1100006104, -150.522537231, 396.090454102, -270.738311768, 159.347930908, -228.63609314, 197.607528687, -200.460418701, 99.7539825439, -207.763198853, 113.123718262], [-767.419128418, -51.1100006104, 1261.61608887, 150.244659424, 64.6903381348, 109.795059204, -269.425811768, -25.0320320129, -98.3016815186, 67.1614685059, -130.934432983, 106.068367004, -64.6281051636], [277.652557373, -150.522537231, 150.244659424, 316.38269043, 8.00253677368, -15.2353525162, -28.278470993, -5.95024013519, -1.30134987831, -47.7457580566, -5.34380292892, 22.1991119385, 22.103811264], [-421.360412598, 396.090454102, 64.6903381348, 8.00253677368, 365.902770996, -7.8084435463, -29.4204120636, -83.3497695923, 49.4418640137, -26.7936458588, -50.1093292236, -50.9473762512, 20.327249527], [170.275192261, -270.738311768, 109.795059204, -15.2353525162, -7.8084435463, 304.128082275, -12.0317201614, 30.5600700378, -69.4499053955, 56.9024124146, -32.5763626099, 9.70600700378, -25.145608902], [195.585083008, 159.347930908, -269.425811768, -28.278470993, -29.4204120636, -12.0317201614, 260.53918457, -16.2560977936, 0.324789524078, -64.6410293579, 53.1951637268, -54.0730285645, 14.1424856186], [244.685333252, -228.63609314, -25.0320320129, -5.95024013519, -83.3497695923, 30.5600700378, -16.2560977936, 180.648117065, -17.6589279175, 60.2496948242, -34.4986763, 40.0710754395, -27.8543167114], [-241.28968811, 197.607528687, -98.3016815186, -1.30134987831, 49.4418640137, -69.4499053955, 0.324789524078, -17.6589279175, 145.300918579, -20.3601207733, 19.4236774445, -39.2813339233, 25.5964946747], [-1.63359844685, -200.460418701, 67.1614685059, -47.7457580566, -26.7936458588, 56.9024124146, -64.6410293579, 60.2496948242, -20.3601207733, 148.671813965, -45.8958244324, 48.4535255432, -41.9420471191], [-38.4246711731, 99.7539825439, -130.934432983, -5.34380292892, -50.1093292236, -32.5763626099, 53.1951637268, -34.4986763, 19.4236774445, -45.8958244324, 165.256484985, -15.6819601059, 40.6660614014], [63.1248054504, -207.763198853, 106.068367004, 22.1991119385, -50.9473762512, 9.70600700378, -54.0730285645, 40.0710754395, -39.2813339233, 48.4535255432, -15.6819601059, 123.678604126, -24.8488693237], [-81.8083114624, 113.123718262, -64.6281051636, 22.103811264, 20.327249527, -25.145608902, 14.1424856186, -27.8543167114, 25.5964946747, -41.9420471191, 40.6660614014, -24.8488693237, 93.8440093994]],
        "icov": [[0.000344132218743, 0.000102698570117, 0.00030402399716, -0.000408626772696, 0.000166020661709, -9.09315131139e-05, -4.24185818702e-05, -0.000168137688888, 0.000489572004881, 0.000156018475536, 0.000187868587091, 9.07242429093e-05, 0.000256789266132], [0.000102698570117, 0.005614685826, -0.00201056618243, 0.00377780548297, -0.00473260087892, 0.00373897352256, -0.00352410483174, 0.000948096683715, -0.00326616852544, 0.00258564809337, -0.00223074737005, 0.00356854009442, -0.00215557799675], [0.00030402399716, -0.00201056618243, 0.0023313940037, -0.00231374334544, 0.00184402626473, -0.00178179354407, 0.00237340154126, 1.30071584863e-05, 0.00228308374062, -0.000695489055943, 0.00149285793304, -0.00167885178234, 0.0015835147351], [-0.000408626772696, 0.00377780548297, -0.00231374334544, 0.00700593460351, -0.00350189814344, 0.00274739786983, -0.0022847992368, 0.000498145411257, -0.00321392528713, 0.00336522632279, -0.00154240219854, 0.00137507950421, -0.00275371549651], [0.000166020661709, -0.00473260087892, 0.00184402626473, -0.00350189814344, 0.00785453803837, -0.00346341659315, 0.00332933431491, 0.000661604921333, 0.0021007086616, -0.00191301316954, 0.003679884132, -0.00206662621349, 0.00143982470036], [-9.09315131139e-05, 0.00373897352256, -0.00178179354407, 0.00274739786983, -0.00346341659315, 0.00664982711896, -0.00268262415193, 0.000333332194714, -0.000586099282373, 0.000131154694827, -0.00158124766313, 0.00336739723571, -0.00163000216708], [-4.24185818702e-05, -0.00352410483174, 0.00237340154126, -0.0022847992368, 0.00332933431491, -0.00268262415193, 0.00809118058532, -0.000573208322749, 0.00312612834387, 0.000411727203755, 0.000775668187998, -0.000819952401798, 0.00233243661933], [-0.000168137688888, 0.000948096683715, 1.30071584863e-05, 0.000498145411257, 0.000661604921333, 0.000333332194714, -0.000573208322749, 0.00796645507216, -0.00118821498472, -0.0016916745808, 0.00116586987861, -0.000593321863562, -9.51627953327e-05], [0.000489572004881, -0.00326616852544, 0.00228308374062, -0.00321392528713, 0.0021007086616, -0.000586099282373, 0.00312612834387, -0.00118821498472, 0.012083764188, -0.00199958030134, 0.000931580842007, 0.000441685668193, 0.000781073991675], [0.000156018475536, 0.00258564809337, -0.000695489055943, 0.00336522632279, -0.00191301316954, 0.000131154694827, 0.000411727203755, -0.0016916745808, -0.00199958030134, 0.0126471221447, 0.0002889589814, -0.00108198868111, 0.00141900824383], [0.000187868587091, -0.00223074737005, 0.00149285793304, -0.00154240219854, 0.003679884132, -0.00158124766313, 0.000775668187998, 0.00116586987861, 0.000931580842007, 0.0002889589814, 0.00952435471117, -0.00217136763968, -0.00157458370086], [9.07242429093e-05, 0.00356854009442, -0.00167885178234, 0.00137507950421, -0.00206662621349, 0.00336739723571, -0.000819952401798, -0.000593321863562, 0.000441685668193, -0.00108198868111, -0.00217136763968, 0.0141703048721, -0.000316224468406], [0.000256789266132, -0.00215557799675, 0.0015835147351, -0.00275371549651, 0.00143982470036, -0.00163000216708, 0.00233243661933, -9.51627953327e-05, 0.000781073991675, 0.00141900824383, -0.00157458370086, -0.000316224468406, 0.0151087651029]]
    },
    "melbands": {
        "max": [0.00195781840011, 0.0071527804248, 0.0243847817183, 0.0312989018857, 0.00700994115323, 0.0077164247632, 0.00670538656414, 0.00611633108929, 0.00388784683309, 0.00711972732097, 0.00629489403218, 0.00778576545417, 0.00473473733291, 0.00385843822733, 0.00139729864895, 0.00182087311987, 0.00159861531574, 0.00109874340706, 0.00165811204351, 0.000561352062505, 0.000363941595424, 0.000925629865378, 0.000162803189596, 0.00025114120217, 0.000124915255583, 0.00014162583102, 0.000148832987179, 0.000134736634209, 0.000125812890474, 0.000131267312099, 0.000146936028614, 0.000255247286987, 0.000344952655723, 0.000237301894231, 0.000212182188989, 0.000133740657475, 0.000174840795808, 0.000162970551173, 9.60185861913e-05, 4.3066116632e-05],
        "mean": [0.000141179742059, 0.000586652429774, 0.00152457947843, 0.00157690409105, 0.000527939351741, 0.000346413435182, 0.000257723178947, 0.00022240668477, 0.000106009916635, 0.000165544886841, 0.000151669621118, 0.000104283761175, 0.000106635328848, 6.642803055e-05, 3.0960112781e-05, 4.26956903539e-05, 4.15971735492e-05, 3.72332833649e-05, 4.62042189611e-05, 1.05786066342e-05, 9.45252122619e-06, 8.63080731506e-06, 5.16208365298e-06, 5.60718399356e-06, 5.55750148123e-06, 4.3810605348e-06, 4.37217931903e-06, 4.00562748837e-06, 3.6685496525e-06, 2.52676341006e-06, 1.91313938558e-06, 1.9655997221e-06, 1.45753097058e-06, 1.416754003e-06, 1.41685859489e-06, 1.32337345349e-06, 1.32481557102e-06, 1.0969044979e-06, 5.63038327073e-07, 3.19038093721e-07],
        "min": [8.74759052749e-07, 1.61937373377e-06, 4.73275031254e-06, 1.48932815591e-06, 2.03540821531e-06, 9.74803469944e-07, 4.11205206774e-07, 3.4415742789e-07, 3.19470416343e-07, 1.16682173257e-07, 5.39143769629e-08, 2.91191710744e-08, 3.12131334113e-08, 1.44924676704e-08, 2.93752293601e-08, 2.25622045491e-08, 1.95022042959e-08, 2.57064431963e-08, 1.98286382869e-08, 6.4817067269e-09, 6.8764838268e-09, 1.66085978304e-09, 2.30339880503e-09, 1.96921745577e-09, 1.98551464159e-09, 1.82310444519e-09, 2.20509766002e-09, 1.45284961839e-09, 1.38151723394e-09, 1.63857383217e-09, 1.33986421957e-09, 3.75788677953e-10, 1.11172203388e-10, 7.49964187974e-11, 1.5042892279e-11, 4.42503715961e-12, 3.52962906298e-12, 3.02874652441e-12, 3.99169369433e-12, 3.80242018427e-12],
        "stdev": [0.000210650861845, 0.000906530476641, 0.00194378895685, 0.00246177404188, 0.000783068535384, 0.000801000394858, 0.000586375361308, 0.000468925281893, 0.000275493599474, 0.000500072434079, 0.00045760392095, 0.000351122871507, 0.000371086032828, 0.000240162014961, 9.50296453084e-05, 0.000145328172948, 0.000106093124487, 7.68117897678e-05, 0.000124701138702, 2.69095853582e-05, 2.35947863985e-05, 4.11234796047e-05, 1.08570893644e-05, 1.40922393257e-05, 1.21968523672e-05, 1.36103572004e-05, 1.27379735204e-05, 1.16384935609e-05, 1.13825444714e-05, 8.25865390652e-06, 8.5201645561e-06, 1.11091403596e-05, 1.2635908206e-05, 1.04081018435e-05, 9.33689261728e-06, 7.10870972398e-06, 8.56902079249e-06, 7.87678618508e-06, 4.31876060247e-06, 2.37059998653e-06]
    },
    "melbands128": {
        "max": [0.000227286713198, 0.000352906121407, 0.00242999638431, 0.0066666379571, 0.0088346414268, 0.0134366173297, 0.0103869177401, 0.0427333079278, 0.0373498387635, 0.0450327247381, 0.0263849236071, 0.0092264348641, 0.00941621698439, 0.00739196641371, 0.0143602229655, 0.0101014375687, 0.0157605819404, 0.00587574578822, 0.0207759607583, 0.00764649733901, 0.0098210638389, 0.00592636317015, 0.00359713821672, 0.010170658119, 0.014567094855, 0.0102916816249, 0.00842542387545, 0.01206269674, 0.00555943883955, 0.0116712367162, 0.0101987831295, 0.00580746307969, 0.00885954592377, 0.0104635460302, 0.00752166938037, 0.00819372478873, 0.00499475840479, 0.00119034864474, 0.00264911376871, 0.00225272658281, 0.00347530515864, 0.00197959295474, 0.00130468152929, 0.00396806607023, 0.00266279093921, 0.00133204471786, 0.00174608093221, 0.00360557134263, 0.0022119616624, 0.000609631999396, 0.00115751137491, 0.000423994875746, 0.000414215232013, 0.000474780797958, 0.00179649656639, 0.00179286685307, 0.000268019066425, 0.000272379926173, 0.000412500405218, 0.00032136781374, 0.000603601685725, 0.000301541964291, 0.000251704914263, 0.000251015851973, 0.000155916874064, 0.000260335626081, 0.000264603906544, 0.00033023202559, 0.0001437557803, 0.000208737372304, 0.000186529883649, 0.000426765851444, 0.00017371699505, 0.000186019417015, 0.000270309392363, 0.000152809167048, 0.000103443002445, 9.09200680326e-05, 0.000160194307682, 0.000264404399786, 0.000276558595942, 0.000194502310478, 0.000455633795355, 0.000445571582532, 0.000171641237102, 0.000163852178957, 0.000336636963766, 0.000311614945531, 0.000264066358795, 0.00012342062837, 0.000161391712027, 0.000143248893437, 0.000159648086992, 0.000279218773358, 0.000214035870158, 0.000115463728434, 0.000241391040618, 0.00011654280388, 0.000117327996122, 6.02404361416e-05, 5.51510674995e-05, 4.57603855466e-05, 2.95129157166e-05, 2.71886674454e-05, 1.97760418814e-05, 1.56096702995e-05, 1.1874082702e-05, 9.21429364098e-06, 1.36260032377e-05, 7.80061964178e-06, 5.66606468055e-06, 3.53431823896e-06, 2.41204588747e-06, 9.01125702057e-07, 2.99787188851e-07, 4.86543498823e-08, 2.08652988221e-08, 1.91853821718e-09, 1.87325643886e-09, 1.82223880429e-09, 1.80430936858e-09, 1.75367387278e-09, 1.72695369116e-09, 1.70306202474e-09, 1.67588065647e-09, 1.66166191917e-09, 1.64838653838e-09, 1.63960633959e-09],
        "mean": [1.64302018675e-05, 2.2562331651e-05, 0.000128645639052, 0.000481301773107, 0.000614964519627, 0.000658185861539, 0.000756498833653, 0.00190699659288, 0.00263165705837, 0.0014723847853, 0.00109515106305, 0.000748862454202, 0.000346589396941, 0.000269485462923, 0.000386244559195, 0.00036969728535, 0.000303776527289, 0.000182501127711, 0.000284016015939, 0.000253050820902, 0.000204059280804, 0.000112065579742, 9.31955946726e-05, 8.18365297164e-05, 0.000172257408849, 0.000220185451326, 0.000108076055767, 0.000216309766984, 9.46872751229e-05, 8.59157080413e-05, 0.000119970543892, 0.000114458125609, 8.63140376168e-05, 0.000136912771268, 6.8649831519e-05, 4.70775157737e-05, 5.98661608819e-05, 1.6055884771e-05, 2.77921681118e-05, 3.54470503225e-05, 6.2323299062e-05, 2.58979289356e-05, 3.34384203597e-05, 6.38143246761e-05, 2.58335057879e-05, 2.85405094473e-05, 4.76400709886e-05, 7.70773913246e-05, 2.56605781033e-05, 1.14791309898e-05, 8.28479278425e-06, 1.19196793094e-05, 6.62964157527e-06, 8.58758266986e-06, 1.54186145664e-05, 8.4806661107e-06, 3.42454200108e-06, 3.89901697417e-06, 5.25964514964e-06, 8.94249114936e-06, 4.75419346913e-06, 3.7477245769e-06, 7.00522423358e-06, 5.98702536081e-06, 3.51376979779e-06, 3.88752641811e-06, 5.58148985874e-06, 4.47084539701e-06, 4.15969270762e-06, 3.95553979615e-06, 3.40909855367e-06, 4.80547214465e-06, 4.11393648392e-06, 3.14324188366e-06, 3.4480267459e-06, 3.0555381727e-06, 1.88591752703e-06, 1.56084945502e-06, 1.94355197891e-06, 2.14701185541e-06, 2.32121396948e-06, 1.74531589892e-06, 1.5030434497e-06, 1.46934087297e-06, 1.31411854909e-06, 1.52796826569e-06, 1.40513111546e-06, 1.29871079935e-06, 1.60772447089e-06, 1.29079933231e-06, 1.30842965973e-06, 1.36542371365e-06, 1.25756048419e-06, 1.44373291278e-06, 1.27160092234e-06, 1.16563580832e-06, 1.23367976812e-06, 7.22837626199e-07, 5.91695027197e-07, 4.4739354621e-07, 3.54253245405e-07, 3.12061558816e-07, 2.62182226152e-07, 2.02975883212e-07, 1.60657137371e-07, 1.27284678797e-07, 1.04360424302e-07, 8.04100821483e-08, 8.235191018e-08, 6.19297253479e-08, 5.39916200637e-08, 3.33647633965e-08, 1.46896237396e-08, 2.42940556561e-09, 5.58674828621e-10, 1.49425624651e-10, 5.73970038165e-11, 1.21846031528e-11, 9.17246140153e-12, 8.27345310317e-12, 8.00172775262e-12, 7.83487597716e-12, 7.66571962157e-12, 7.30648874736e-12, 6.58607196558e-12, 5.53884672502e-12, 5.01854200557e-12, 4.92448703343e-12],
        "min": [3.49447901726e-08, 6.74004212442e-08, 2.5942154025e-07, 4.35373578966e-07, 3.97091611148e-07, 5.76303250455e-07, 1.18786267933e-07, 1.2466566659e-06, 3.22113373841e-06, 7.5101559105e-07, 2.31193666878e-07, 5.19670948051e-07, 4.12302199493e-07, 3.41453699093e-07, 2.60154138232e-07, 8.81318555912e-08, 1.61556158673e-07, 4.24044053204e-08, 1.30715733349e-07, 2.06285946547e-07, 1.08496507778e-07, 7.22922521845e-08, 6.08469576946e-08, 5.20523784076e-08, 1.05103879378e-07, 5.20878948862e-08, 1.67141038787e-08, 3.85411560444e-08, 2.00733847322e-08, 9.06546837598e-09, 7.33309324374e-09, 6.61884058673e-09, 1.30196067261e-08, 1.63901781036e-08, 3.38348771223e-09, 1.09505879919e-08, 5.72396263721e-09, 9.95800686354e-09, 1.62764397516e-08, 1.88312778704e-08, 1.42667495595e-08, 9.82144410244e-09, 9.88325865592e-09, 1.76312493494e-08, 1.56792108186e-08, 9.29738508404e-09, 9.0752712012e-09, 2.01856686921e-09, 5.30021893042e-09, 3.81648934678e-09, 3.15108272808e-09, 7.83267839477e-10, 6.49679143816e-10, 2.14050022151e-09, 1.25729471279e-09, 7.60352614204e-10, 7.82642672892e-10, 1.04737363227e-09, 1.82904713597e-09, 5.78572134646e-10, 1.44095313459e-09, 1.83055937075e-09, 1.08101971819e-09, 1.5756387306e-09, 1.03611730307e-09, 9.61803303667e-10, 6.26590612729e-10, 8.88093154572e-10, 1.81992443338e-09, 1.13966980297e-09, 8.75503503028e-10, 7.52832518547e-10, 5.52642764884e-10, 1.32683697363e-10, 1.62126700953e-10, 1.07014730411e-09, 4.45134484828e-10, 9.74171965318e-10, 3.24334670232e-10, 4.8487663884e-10, 2.17492759913e-10, 2.87131429744e-10, 8.9262514047e-11, 2.29758781445e-11, 4.37051367319e-11, 6.35470287502e-11, 1.54999589552e-11, 1.22858685031e-11, 4.50464058416e-12, 2.7705650274e-12, 5.52731298231e-12, 2.75314883738e-12, 3.04876610069e-12, 4.14437581475e-12, 3.2735890821e-12, 2.73042395985e-12, 2.67000289066e-12, 2.76945718962e-12, 2.69193586692e-12, 3.10503142295e-12, 2.61008857756e-12, 2.38066272425e-12, 2.87346448719e-12, 2.29756274769e-12, 1.35429211248e-12, 1.49754351714e-12, 1.55052966994e-12, 1.58439624268e-12, 1.55126692741e-12, 9.11340881232e-13, 1.12036378438e-12, 9.00319369838e-13, 1.0360500435e-12, 8.99812993213e-13, 9.58535659699e-13, 1.17313081992e-12, 1.17396240298e-12, 1.06912276341e-12, 1.03303606988e-12, 9.72893315389e-13, 8.36699091088e-13, 9.93424851929e-13, 6.19199299039e-13, 9.16285927341e-13, 6.8417255368e-13, 2.55652378607e-13, 3.52284357014e-14, 1.18501984552e-15],
        "stdev": [2.19018729695e-05, 3.25947949023e-05, 0.000221297232201, 0.000759281334467, 0.00101326731965, 0.00141273695044, 0.00122134643607, 0.00293400837108, 0.00407753558829, 0.00312820519321, 0.00219017523341, 0.00127668527421, 0.000647480366752, 0.000619385566097, 0.00126464583445, 0.00100467377342, 0.0011287170928, 0.000481904746266, 0.00102125969715, 0.000572503777221, 0.000614129705355, 0.000366082444089, 0.000321614003042, 0.000443904253189, 0.000716379727237, 0.00077639130177, 0.000386087514926, 0.000825481023639, 0.000386814353988, 0.00049328582827, 0.000500914058648, 0.000421787786763, 0.000497508153785, 0.000701091019437, 0.00040123538929, 0.000260064320173, 0.000295250501949, 6.81688252371e-05, 0.000115722446935, 0.000147842569277, 0.000268982286798, 0.000116211842396, 0.000100490418845, 0.000208618032048, 0.000105414910649, 8.32386940601e-05, 0.000126097584143, 0.00025644278503, 0.000111146422569, 4.38554452558e-05, 3.96800605813e-05, 3.03932101815e-05, 1.75319746631e-05, 2.76226801361e-05, 8.97423669812e-05, 6.17095574853e-05, 1.30506905407e-05, 1.17341551231e-05, 1.8222239305e-05, 2.58278978436e-05, 2.26774845942e-05, 1.46536121974e-05, 2.01470029424e-05, 1.6962940208e-05, 1.21960765682e-05, 1.64350767591e-05, 2.24363811867e-05, 1.92150328076e-05, 1.28979090732e-05, 1.33561188704e-05, 1.31676151796e-05, 2.43729900831e-05, 1.4103947251e-05, 1.29413783725e-05, 1.49240122482e-05, 1.07555179056e-05, 7.5693214967e-06, 6.63223136144e-06, 9.43787381402e-06, 1.19783899208e-05, 1.34381189127e-05, 8.76765989233e-06, 1.47833352457e-05, 1.61610969371e-05, 8.6768914116e-06, 1.00215793282e-05, 1.24714051708e-05, 1.19321703096e-05, 1.10594319267e-05, 7.06603805156e-06, 7.34950390324e-06, 7.55600831326e-06, 7.35108915251e-06, 1.06434799818e-05, 9.13330222829e-06, 7.35539424568e-06, 1.0223398931e-05, 5.84830877415e-06, 4.78574611407e-06, 3.28441365127e-06, 2.76143214251e-06, 2.44603552346e-06, 1.98577959054e-06, 1.52477741722e-06, 1.1654934724e-06, 8.55874475292e-07, 6.85031693592e-07, 5.09696178597e-07, 6.11557709362e-07, 4.18021869564e-07, 3.57658990424e-07, 2.28499601462e-07, 1.08188665138e-07, 2.93758546377e-08, 1.01790629259e-08, 1.90937243794e-09, 7.74580899421e-10, 9.81590364546e-11, 7.33379537654e-11, 7.01929764313e-11, 6.95138391293e-11, 6.76378397735e-11, 6.65129895605e-11, 6.55445281383e-11, 6.45639375296e-11, 6.41089334397e-11, 6.36310379387e-11, 6.32801172573e-11]
    },
    "mfcc": {
        "mean": [-702.598693848, 152.861694336, 2.45441150665, 18.2682228088, 2.92694926262, 7.60146093369, -5.25920152664, -6.4401140213, -6.71937227249, 2.40739011765, -9.29048252106, -8.20397281647, -12.1134691238],
        "cov": [[5776.10693359, -1446.73303223, -676.172790527, 4.03574991226, -516.014709473, -156.088272095, 217.814376831, 188.418869019, -13.7132825851, 130.557830811, -156.57862854, 33.9445800781, -34.201461792], [-1446.73303223, 1415.82666016, -219.723480225, 87.2392044067, 135.978363037, 44.3039474487, -35.4416503906, -57.2214279175, 48.4818572998, -7.5938038826, 66.3436355591, -85.2297058105, 11.9004392624], [-676.172790527, -219.723480225, 973.294311523, 62.85679245, 180.527542114, 79.0738983154, -18.7993869781, -4.64747905731, -43.2931594849, -95.9122772217, 3.42163109779, -14.1300010681, 8.72728633881], [4.03574991226, 87.2392044067, 62.85679245, 330.16986084, 71.8950424194, -19.6891021729, -32.9158325195, 11.4070510864, 8.32946681976, -55.9650726318, -51.8283500671, 22.3350067139, 4.80857372284], [-516.014709473, 135.978363037, 180.527542114, 71.8950424194, 378.329650879, 93.7278442383, -64.5695877075, -39.2854118347, 19.092124939, -16.9269561768, -25.2676448822, -5.80747842789, 8.31627082825], [-156.088272095, 44.3039474487, 79.0738983154, -19.6891021729, 93.7278442383, 223.366897583, 43.6160697937, -5.11441278458, 4.22144412994, 24.8359088898, -0.895273625851, -57.632610321, -13.8297700882], [217.814376831, -35.4416503906, -18.7993869781, -32.9158325195, -64.5695877075, 43.6160697937, 190.402114868, 31.6837615967, -19.9686508179, 25.1540870667, -15.3457365036, -2.06215667725, -23.6825332642], [188.418869019, -57.2214279175, -4.64747905731, 11.4070510864, -39.2854118347, -5.11441278458, 31.6837615967, 112.559127808, 10.2567806244, 7.98536777496, -11.3857717514, 2.95986890793, -1.59839570522], [-13.7132825851, 48.4818572998, -43.2931594849, 8.32946681976, 19.092124939, 4.22144412994, -19.9686508179, 10.2567806244, 120.919723511, 22.2893314362, 19.9063224792, -30.8112411499, 20.6637210846], [130.557830811, -7.5938038826, -95.9122772217, -55.9650726318, -16.9269561768, 24.8359088898, 25.1540870667, 7.98536777496, 22.2893314362, 107.410110474, 7.48678922653, -14.7756986618, -11.2292985916], [-156.57862854, 66.3436355591, 3.42163109779, -51.8283500671, -25.2676448822, -0.895273625851, -15.3457365036, -11.3857717514, 19.9063224792, 7.48678922653, 130.854934692, -37.2173156738, 17.0645751953], [33.9445800781, -85.2297058105, -14.1300010681, 22.3350067139, -5.80747842789, -57.632610321, -2.06215667725, 2.95986890793, -30.8112411499, -14.7756986618, -37.2173156738, 148.148178101, -7.24308586121], [-34.201461792, 11.9004392624, 8.72728633881, 4.80857372284, 8.31627082825, -13.8297700882, -23.6825332642, -1.59839570522, 20.6637210846, -11.2292985916, 17.0645751953, -7.24308586121, 92.250617981]],
        "icov": [[0.000340766826412, 0.000379264820367, 0.000281616928987, -0.000218370201765, 0.000159400427947, 0.000107196639874, -0.000227163836826, -0.000198155059479, 3.02984335576e-05, -0.000166400306625, 0.000200911628781, 0.000286884082016, -3.95795323129e-05], [0.000379264820367, 0.00130033202004, 0.000639416568447, -0.000538543681614, -0.000233206519624, 8.84766195668e-05, -0.000360571953934, 7.74684303906e-05, -1.88877347682e-05, 7.22674885765e-05, -0.000305139546981, 0.000749271013774, 1.18118177852e-05], [0.000281616928987, 0.000639416568447, 0.00164176849648, -0.000303908222122, -0.000585139438044, -0.000241148474743, -0.000298221188132, -0.000341568229487, 0.000461233168608, 0.00105926382821, -0.000306718662614, 0.000513207749464, -6.07764231972e-05], [-0.000218370201765, -0.000538543681614, -0.000303908222122, 0.00400342326611, -0.000567576673348, 0.000268774339929, 0.000457540882053, -0.000558515952434, -0.000670620705932, 0.00182287301868, 0.0013742139563, -0.000400331424316, 9.42992483033e-05], [0.000159400427947, -0.000233206519624, -0.000585139438044, -0.000567576673348, 0.00418399926275, -0.00178893771954, 0.00132559635676, 0.000872606702615, -0.000738296075724, -0.000363296450814, 0.0011238832958, -0.000591444259044, -0.000249004369834], [0.000107196639874, 8.84766195668e-05, -0.000241148474743, 0.000268774339929, -0.00178893771954, 0.00657374504954, -0.00188032002188, 6.92267713021e-05, 0.000310053408612, -0.00124864641111, 0.000329360802425, 0.00247517973185, 0.000614362943452], [-0.000227163836826, -0.000360571953934, -0.000298221188132, 0.000457540882053, 0.00132559635676, -0.00188032002188, 0.00696766609326, -0.00136712251697, 0.00087563827401, -0.000872734060977, 0.000705604907125, -0.000493719708174, 0.000858655548654], [-0.000198155059479, 7.74684303906e-05, -0.000341568229487, -0.000558515952434, 0.000872606702615, 6.92267713021e-05, -0.00136712251697, 0.0102172465995, -0.00141752383206, -0.000459102535388, 0.000606928253546, -0.000215000851313, -0.000131771084853], [3.02984335576e-05, -1.88877347682e-05, 0.000461233168608, -0.000670620705932, -0.000738296075724, 0.000310053408612, 0.00087563827401, -0.00141752383206, 0.0102418074384, -0.00226698815823, -0.00105856312439, 0.00180389615707, -0.00191436102614], [-0.000166400306625, 7.22674885765e-05, 0.00105926382821, 0.00182287301868, -0.000363296450814, -0.00124864641111, -0.000872734060977, -0.000459102535388, -0.00226698815823, 0.0125493593514, -0.000271548575256, 0.00018564327911, 0.00144749961328], [0.000200911628781, -0.000305139546981, -0.000306718662614, 0.0013742139563, 0.0011238832958, 0.000329360802425, 0.000705604907125, 0.000606928253546, -0.00105856312439, -0.000271548575256, 0.00981606077403, 0.00186927930918, -0.00125400070101], [0.000286884082016, 0.000749271013774, 0.000513207749464, -0.000400331424316, -0.000591444259044, 0.00247517973185, -0.000493719708174, -0.000215000851313, 0.00180389615707, 0.00018564327911, 0.00186927930918, 0.00903766136616, 0.000258279469563], [-3.95795323129e-05, 1.18118177852e-05, -6.07764231972e-05, 9.42992483033e-05, -0.000249004369834, 0.000614362943452, 0.000858655548654, -0.000131771084853, -0.00191436102614, 0.00144749961328, -0.00125400070101, 0.000258279469563, 0.0120146237314]]
    },
    "spectral_contrast_coeffs": {
        "max": [-0.431725084782, -0.470917016268, -0.433449953794, -0.446856617928, -0.54138225317, -0.506631970406],
        "mean": [-0.643146276474, -0.75411003828, -0.747702002525, -0.763726532459, -0.782246351242, -0.768008232117],
        "min": [-0.843184113503, -0.926642894745, -0.909780442715, -0.915898561478, -0.904974043369, -0.882841587067],
        "stdev": [0.0757061690092, 0.0878392085433, 0.0921273231506, 0.0699256509542, 0.0683051496744, 0.0579063743353]
    },
    "spectral_contrast_valleys": {
        "max": [-4.91014289856, -4.78810119629, -5.51340913773, -5.847427845, -6.16210269928, -7.18706321716],
        "mean": [-6.97355556488, -6.92238235474, -7.89222240448, -8.24913597107, -8.58677577972, -11.3207740784],
        "min": [-9.15520381927, -8.95354652405, -10.4865150452, -10.7617616653, -10.8615503311, -15.3514442444],
        "stdev": [0.712706387043, 0.710129857063, 0.800373673439, 0.835479974747, 0.856112957001, 1.13682413101]
    }
},
"rhythm": {
    "beats_count": 74,
    "beats_loudness": {
        "max": 0.117520906031,
        "mean": 0.0408063791692,
        "min": 0.00544882006943,
        "stdev": 0.023265466094
    },
    "bpm": 138.901763916,
    "bpm_histogram_first_peak_bpm": 140,
    "bpm_histogram_first_peak_weight": 0.357142806053,
    "bpm_histogram_second_peak_bpm": 129,
    "bpm_histogram_second_peak_spread": 0.5,
    "bpm_histogram_second_peak_weight": 0.0136986300349,
    "danceability": 1.35215961933,
    "onset_rate": 3.44531226158,
    "beats_loudness_band_ratio": {
        "max": [0.860704183578, 0.831559419632, 0.649426460266, 0.678737878799, 0.421001791954, 0.191519349813],
        "mean": [0.437840938568, 0.34614571929, 0.138438478112, 0.111693061888, 0.065795391798, 0.0229806415737],
        "min": [0.00654642749578, 0.0399027094245, 0.0066017024219, 0.00045813669567, 0.000176110028406, 9.51194306253e-05],
        "stdev": [0.211590856314, 0.197440743446, 0.147077396512, 0.147886916995, 0.0788025557995, 0.0332806706429]
    },
