{
"metadata": {
    "version": {
        "essentia": "2.1-beta5",
        "essentia_git_sha": "Undefined",
        "extractor": "music 2.0"
    },
    "audio_properties": {
        "analysis": {
            "equal_loudness": 0,
            "length": 12.7477550507,
            "sample_rate": 44100,
            "start_time": 0,
            "downmix": "mix"
        },
        "bit_rate": 192000,
        "length": 226.638381958,
        "lossless": 0,
        "number_channels": 2,
        "replay_gain": 25.1835689545,
        "sample_rate": 48000,
        "codec": "mp3",
        "md5_encoded": "3819f9419931d9dba3e13504d3181649"
    },
    "tags": {
        "file_name": "Monaco_Une Chanson C_est Une Lettre_Sophie.mp3",
        "encoding": ["Lavf58.29.100"]
    }
},
"lowlevel": {
    "average_loudness": 8.19482083898e-05,
    "barkbands_crest": {
        "max": 8.83397388458,
        "mean": 6.44911956787,
        "min": 3.03510141373,
        "stdev": 0.772125303745
    },
    "barkbands_flatness_db": {
        "max": 0.113707110286,
        "mean": 0.0757634490728,
        "min": 0.0374810062349,
        "stdev": 0.00894544925541
    },
    "barkbands_kurtosis": {
        "max": 6.07992458344,
        "mean": 3.11758756638,
        "min": -0.422857999802,
        "stdev": 0.939177751541
    },
    "barkbands_skewness": {
        "max": 0.629902601242,
        "mean": -1.70869576931,
        "min": -2.38470053673,
        "stdev": 0.50087338686
    },
    "barkbands_spread": {
        "max": 54.5676231384,
        "mean": 25.5371685028,
        "min": 10.2326641083,
        "stdev": 4.34520578384
    },
    "dissonance": {
        "max": 0.5,
        "mean": 0.493057966232,
        "min": 0.463853955269,
        "stdev": 0.00504321232438
    },
    "dynamic_complexity": 9.52293395996,
    "erbbands_crest": {
        "max": 11.4530992508,
        "mean": 3.68771696091,
        "min": 2.5916030407,
        "stdev": 0.96174710989
    },
    "erbbands_flatness_db": {
        "max": 0.2327837497,
        "mean": 0.106976613402,
        "min": 0.0781463608146,
        "stdev": 0.0273170545697
    },
    "erbbands_kurtosis": {
        "max": 2.8694691658,
        "mean": 0.202843979001,
        "min": -0.478534221649,
        "stdev": 0.424417793751
    },
    "erbbands_skewness": {
        "max": 1.09121608734,
        "mean": -0.553565979004,
        "min": -0.974640965462,
        "stdev": 0.334894418716
    },
    "erbbands_spread": {
        "max": 43.6393966675,
        "mean": 34.7068481445,
        "min": 10.8432359695,
        "stdev": 5.80884361267
    },
    "hfc": {
        "max": 982.107849121,
        "mean": 20.2379398346,
        "min": 1.01029781992e-16,
        "stdev": 101.024360657
    },
    "loudness_ebu128": {
        "integrated": -40.5021781921,
        "loudness_range": 14.3362388611,
        "momentary": {
            "max": -37.3634109497,
            "mean": -278.543670654,
            "min": -300.691009521,
            "stdev": 71.4080734253
        },
        "short_term": {
            "max": -44.8713378906,
            "mean": -273.661956787,
            "min": -300.691009521,
            "stdev": 76.584274292
        }
    },
    "melbands_crest": {
        "max": 7.62165498734,
        "mean": 2.57194757462,
        "min": 1.00487792492,
        "stdev": 0.944092810154
    },
    "melbands_flatness_db": {
        "max": 0.105108998716,
        "mean": 0.0121694682166,
        "min": 4.44377150188e-07,
        "stdev": 0.0189576502889
    },
    "melbands_kurtosis": {
        "max": 3.55024766922,
        "mean": -0.998779833317,
        "min": -1.44110095501,
        "stdev": 0.666804254055
    },
    "melbands_skewness": {
        "max": 0.80001282692,
        "mean": 0.0120985833928,
        "min": -0.538705706596,
        "stdev": 0.15622381866
    },
    "melbands_spread": {
        "max": 170.214187622,
        "mean": 124.719360352,
        "min": 20.0814781189,
        "stdev": 28.3751220703
    },
    "pitch_salience": {
        "max": 0.997757673264,
        "mean": 0.792618632317,
        "min": 0.733631014824,
        "stdev": 0.015846638009
    },
    "silence_rate_20dB": {
        "max": 1,
        "mean": 0.98727273941,
        "min": 0,
        "stdev": 0.112095013261
    },
    "silence_rate_30dB": {
        "max": 1,
        "mean": 0.956363618374,
        "min": 0,
        "stdev": 0.204284638166
    },
    "silence_rate_60dB": {
        "max": 1,
        "mean": 0.930909097195,
        "min": 0,
        "stdev": 0.253608703613
    },
    "spectral_centroid": {
        "max": 11825.4257812,
        "mean": 10315.4501953,
        "min": 1874.54125977,
        "stdev": 2425.24023438
    },
    "spectral_complexity": {
        "max": 64,
        "mean": 3.6036362648,
        "min": 0,
        "stdev": 13.3675041199
    },
    "spectral_decrease": {
        "max": 2.43973988682e-28,
        "mean": -2.30235541743e-09,
        "min": -1.1057052518e-07,
        "stdev": 1.1443965775e-08
    },
    "spectral_energy": {
        "max": 0.504590928555,
        "mean": 0.010525258258,
        "min": 9.87618350809e-21,
        "stdev": 0.0523258969188
    },
    "spectral_energyband_high": {
        "max": 0.0546436607838,
        "mean": 0.000852907542139,
        "min": 6.65801390894e-21,
        "stdev": 0.00460348697379
    },
    "spectral_energyband_low": {
        "max": 0.0199824497104,
        "mean": 0.000172702231794,
        "min": 1.0567117625e-23,
        "stdev": 0.00111381954048
    },
    "spectral_energyband_middle_high": {
        "max": 0.411618560553,
        "mean": 0.00842467136681,
        "min": 1.05267103708e-21,
        "stdev": 0.0418882966042
    },
    "spectral_energyband_middle_low": {
        "max": 0.0555432140827,
        "mean": 0.00115240958985,
        "min": 1.36238714334e-22,
        "stdev": 0.00570848723873
    },
    "spectral_entropy": {
        "max": 9.83055591583,
        "mean": 9.66108989716,
        "min": 7.89971160889,
        "stdev": 0.465643495321
    },
    "spectral_flux": {
        "max": 0.444108307362,
        "mean": 0.0166496280581,
        "min": 6.24719928566e-11,
        "stdev": 0.0672692358494
    },
    "spectral_kurtosis": {
        "max": 11.0398588181,
        "mean": -0.802568614483,
        "min": -1.27463161945,
        "stdev": 1.37698686123
    },
    "spectral_rms": {
        "max": 0.0221874695271,
        "mean": 0.000762500741985,
        "min": 3.1040781924e-12,
        "stdev": 0.00311241671443
    },
    "spectral_rolloff": {
        "max": 19745.9472656,
        "mean": 17474.7539062,
        "min": 2174.85351562,
        "stdev": 4312.50585938
    },
    "spectral_skewness": {
        "max": 2.4971973896,
        "mean": 0.122807726264,
        "min": -0.0800270214677,
        "stdev": 0.419871866703
    },
    "spectral_spread": {
        "max": 43367296,
        "mean": 37483692,
        "min": 3017953.25,
        "stdev": 10079408
    },
    "spectral_strongpeak": {
        "max": 11.2385120392,
        "mean": 0.246541529894,
        "min": 0,
        "stdev": 1.13629961014
    },
    "zerocrossingrate": {
        "max": 0.7412109375,
        "mean": 0.468855649233,
        "min": 0.02880859375,
        "stdev": 0.108999915421
    },
    "barkbands": {
        "max": [0.00722575280815, 0.0127590857446, 0.00273460964672, 0.00244011566974, 0.00403798557818, 0.00537693500519, 0.00756100192666, 0.0219396371394, 0.0374936945736, 0.0505818501115, 0.07919511199, 0.0598013550043, 0.0604753568769, 0.0921814665198, 0.0576433166862, 0.0946192741394, 0.0305301416665, 0.0452459082007, 0.0139860473573, 0.0128552084789, 0.0211934763938, 0.0114906951785, 0.0088580287993, 0.0124055631459, 0.00311435805634, 0.000643744890112, 0.000466659024823],
        "mean": [4.46305130026e-05, 9.51910333242e-05, 3.66006024706e-05, 3.32482122758e-05, 8.50912547321e-05, 9.304498235e-05, 0.000145607147715, 0.000188013189472, 0.000458399212221, 0.00060635607224, 0.000854385958519, 0.00108270568307, 0.00115077663213, 0.00107746990398, 0.00126605364494, 0.0011185904732, 0.000616675184574, 0.000434878107626, 0.000205061456654, 0.000186697492609, 0.000236741354456, 0.00019283038273, 0.00015907138004, 0.000114431139082, 3.52291717718e-05, 5.91928437643e-06, 1.41159603118e-06],
        "min": [7.17609324258e-26, 4.7809201123e-25, 4.96756312336e-25, 3.04465353016e-25, 5.21629698184e-24, 5.83030134539e-24, 3.8805235442e-24, 4.25233183263e-24, 1.17867723151e-23, 6.73194096107e-24, 8.37825580494e-24, 1.55257166261e-23, 2.40262119503e-23, 2.30564889053e-23, 3.27742486711e-23, 4.3172104356e-23, 3.97919458177e-23, 6.6987177685e-23, 1.1482208739e-22, 1.23908124188e-22, 2.11571409308e-22, 2.52720337877e-22, 2.93205133917e-22, 5.39731664133e-22, 7.6503962829e-22, 1.23496611426e-21, 1.85140408846e-21],
        "stdev": [0.000364184903447, 0.00068851292599, 0.000209149962757, 0.000196443594177, 0.000424635305535, 0.000530743447598, 0.000741164491046, 0.00123022054322, 0.00260259304196, 0.003511761548, 0.00510857766494, 0.00580607308075, 0.00585395796224, 0.00609232019633, 0.00643413932994, 0.00631538406014, 0.00306557514705, 0.00273619778454, 0.00112153938971, 0.00100028142333, 0.00144343147986, 0.00104216090403, 0.000846657378133, 0.00071100355126, 0.000211888604099, 4.25242469646e-05, 2.10847356357e-05]
    },
    "erbbands": {
        "max": [0.574107766151, 2.07946896553, 2.96180057526, 4.87030267715, 10.1787967682, 16.1534175873, 34.6596031189, 55.2422447205, 122.60017395, 126.913658142, 505.336029053, 701.559448242, 1273.76721191, 1514.50183105, 2763.68798828, 2629.67919922, 2901.22998047, 3861.17822266, 3453.11987305, 3146.05371094, 4464.34472656, 1719.76013184, 2013.02270508, 1520.23815918, 398.460632324, 575.967529297, 837.716064453, 762.314147949, 473.768615723, 326.678161621, 242.303833008, 332.362487793, 135.334487915, 56.0677185059, 12.7867021561, 3.22151589394, 1.16147220135, 0.408928334713, 0.0754050463438, 0.00584498792887],
        "mean": [0.00366127700545, 0.018147110939, 0.0393669940531, 0.078882984817, 0.160370543599, 0.315264254808, 0.492649912834, 0.866032242775, 1.83810544014, 2.86352801323, 4.98630952835, 8.8676815033, 17.667339325, 23.9123649597, 39.7501411438, 45.2325744629, 51.7535247803, 52.2331695557, 66.3666992188, 63.3144302368, 58.5466651917, 34.7700195312, 24.0774612427, 16.041852951, 8.7090549469, 8.75516319275, 9.78990077972, 8.75663280487, 7.0668888092, 5.63588428497, 4.48398780823, 2.90178155899, 1.55573189259, 0.5781711936, 0.165657788515, 0.0454589277506, 0.00683983042836, 0.00139401317574, 0.000239011380472, 3.1130755815e-05],
        "min": [3.41529377198e-23, 2.68680066841e-22, 1.4062627791e-21, 3.85645091725e-21, 9.23605476611e-21, 1.09268733305e-20, 2.83640749032e-20, 5.60802929034e-20, 4.33134031523e-20, 1.04464684796e-19, 1.36086720401e-19, 3.39369225219e-19, 1.99737816173e-19, 3.71762160844e-19, 6.8956267744e-19, 6.75073523337e-19, 9.7741036367e-19, 1.56405347154e-18, 1.71649334585e-18, 2.36620349536e-18, 2.38637450139e-18, 3.11535388598e-18, 4.58865458078e-18, 5.70823485448e-18, 5.93288718268e-18, 6.37171973253e-18, 8.50570054272e-18, 9.16062575579e-18, 8.36716516091e-18, 1.01003078947e-17, 8.36385561128e-18, 8.98654725024e-18, 8.46365247064e-18, 7.64766443895e-18, 5.74158429523e-18, 3.72847070256e-18, 2.04690847019e-18, 8.15614352843e-19, 2.38709874971e-19, 2.38475847482e-20],
        "stdev": [0.0296631641686, 0.12206826359, 0.22645843029, 0.421080291271, 0.906463980675, 1.60483753681, 2.86984658241, 5.02924585342, 9.97964572906, 14.8921995163, 31.5538520813, 48.5739250183, 95.8037414551, 135.006591797, 222.283981323, 242.872802734, 263.153289795, 282.472137451, 341.885223389, 317.096801758, 326.270477295, 173.630142212, 136.520202637, 100.54875946, 44.5572395325, 46.6585884094, 58.9158363342, 51.2717704773, 39.7524452209, 29.7957611084, 23.9345226288, 18.2431926727, 9.24949836731, 3.53978514671, 0.975003659725, 0.273757725954, 0.064215734601, 0.0192736312747, 0.00342509173788, 0.000279651489109]
    },
    "gfcc": {
        "mean": [-1157.69665527, 2.80329632759, -15.0737371445, 1.6924444437, -5.29968595505, 2.9724009037, -3.27206325531, 0.64228284359, -1.25748932362, 0.0900901928544, -1.03562223911, 0.0502698868513, -0.257550776005],
        "cov": [[132517.84375, 3833.40844727, -18432.96875, 2121.31469727, -6454.68554688, 3701.89111328, -3989.01416016, 791.187683105, -1526.17382812, 94.0166091919, -1250.96411133, 46.053314209, -285.4480896], [3833.40844727, 173.29675293, -530.249755859, 72.5679779053, -179.866439819, 114.825149536, -113.919128418, 22.4116020203, -39.9811325073, 0.436140805483, -32.6797447205, 0.47675204277, -2.93226099014], [-18432.96875, -530.249755859, 2591.43847656, -295.295501709, 903.69128418, -516.854736328, 561.36517334, -110.019691467, 213.862289429, -13.1502256393, 175.528182983, -7.01362800598, 41.3812675476], [2121.31469727, 72.5679779053, -295.295501709, 44.7062149048, -104.153915405, 62.0835037231, -63.9248695374, 13.6921510696, -24.1387424469, 1.44211483002, -18.7433071136, 0.0643062889576, -2.13013768196], [-6454.68554688, -179.866439819, 903.69128418, -104.153915405, 321.832458496, -179.878448486, 197.560592651, -38.2402229309, 75.6999206543, -5.42921590805, 61.3950996399, -2.2871119976, 14.0261363983], [3701.89111328, 114.825149536, -516.854736328, 62.0835037231, -179.878448486, 107.791854858, -111.0548172, 22.392457962, -41.7655220032, 2.14988207817, -35.355304718, 0.845767915249, -6.98202943802], [-3989.01416016, -113.919128418, 561.36517334, -63.9248695374, 197.560592651, -111.0548172, 125.775428772, -23.2721862793, 47.3377609253, -2.65217709541, 38.4514961243, -0.965295791626, 9.74324035645], [791.187683105, 22.4116020203, -110.019691467, 13.6921510696, -38.2402229309, 22.392457962, -23.2721862793, 8.1128950119, -7.6335773468, 1.7417845726, -6.0980553627, 1.23454797268, -1.17722308636], [-1526.17382812, -39.9811325073, 213.862289429, -24.1387424469, 75.6999206543, -41.7655220032, 47.3377609253, -7.6335773468, 20.582742691, 0.0919205322862, 15.3031864166, 0.0529152005911, 4.20669746399], [94.0166091919, 0.436140805483, -13.1502256393, 1.44211483002, -5.42921590805, 2.14988207817, -2.65217709541, 1.7417845726, 0.0919205322862, 2.94299483299, 0.127174913883, 1.24876511097, 0.269346445799], [-1250.96411133, -32.6797447205, 175.528182983, -18.7433071136, 61.3950996399, -35.355304718, 38.4514961243, -6.0980553627, 15.3031864166, 0.127174913883, 15.1017045975, 0.925474822521, 3.29410815239], [46.053314209, 0.47675204277, -7.01362800598, 0.0643062889576, -2.2871119976, 0.845767915249, -0.965295791626, 1.23454797268, 0.0529152005911, 1.24876511097, 0.925474822521, 2.79143214226, 0.617244005203], [-285.4480896, -2.93226099014, 41.3812675476, -2.13013768196, 14.0261363983, -6.98202943802, 9.74324035645, -1.17722308636, 4.20669746399, 0.269346445799, 3.29410815239, 0.617244005203, 3.47213459015]],
        "icov": [[0.00101130770054, -0.00184131914284, 0.00402297778055, 0.00165669829585, 0.0056193638593, -0.0038805436343, -0.00348745984957, -0.005762884859, 0.00658800313249, -0.00202043238096, 0.00268943305127, 0.000368422857719, 0.00154267682228], [-0.00184131914284, 0.0404236577451, 0.00218521826901, -0.0175057686865, -0.0381420664489, -0.0405530631542, 0.0353447198868, 0.0497967079282, -0.0505468584597, 0.0341400057077, -0.0611027181149, 0.0176844131202, -0.0503693073988], [0.00402297778055, 0.00218521826901, 0.0625102594495, -0.00069730670657, -0.0292526539415, 0.0432918779552, -0.0493561476469, 0.0133630977944, -0.00697513576597, -0.0029460566584, -0.0251204762608, 0.0490721948445, -0.0408098809421], [0.00165669829585, -0.0175057686865, -0.00069730670657, 0.182485193014, 0.0275635495782, -0.0752774551511, 0.00914657581598, -0.0677993446589, 0.0959379225969, -0.0241432990879, -0.0812120810151, 0.112221591175, -0.126957476139], [0.0056193638593, -0.0381420664489, -0.0292526539415, 0.0275635495782, 0.262385159731, 0.0183191895485, -0.118258826435, -0.0480732098222, -0.0502297282219, 0.083568803966, 0.0444527231157, -0.045597627759, 0.108063600957], [-0.0038805436343, -0.0405530631542, 0.0432918779552, -0.0752774551511, 0.0183191895485, 0.413105845451, -0.0721421912313, -0.0442201085389, -0.0951820537448, 0.052156239748, 0.149120107293, -0.00492912624031, -0.000587521179114], [-0.00348745984957, 0.0353447198868, -0.0493561476469, 0.00914657581598, -0.118258826435, -0.0721421912313, 0.345145791769, 0.0396530590951, -0.0779558047652, 0.0212580319494, -0.0723670870066, -0.00266817701049, -0.123510561883], [-0.005762884859, 0.0497967079282, 0.0133630977944, -0.0677993446589, -0.0480732098222, -0.0442201085389, 0.0396530590951, 0.516431748867, -0.238111957908, -0.0204151645303, -0.162926450372, -0.0490682907403, -0.0101095819846], [0.00658800313249, -0.0505468584597, -0.00697513576597, 0.0959379225969, -0.0502297282219, -0.0951820537448, -0.0779558047652, -0.238111957908, 0.717255711555, -0.279950529337, 0.00819635856897, 0.0722963958979, -0.0774695798755], [-0.00202043238096, 0.0341400057077, -0.0029460566584, -0.0241432990879, 0.083568803966, 0.052156239748, 0.0212580319494, -0.0204151645303, -0.279950529337, 0.624859511852, -0.075596369803, -0.153595343232, -0.0265233255923], [0.00268943305127, -0.0611027181149, -0.0251204762608, -0.0812120810151, 0.0444527231157, 0.149120107293, -0.0723670870066, -0.162926450372, 0.00819635856897, -0.075596369803, 0.610253214836, -0.258772820234, 0.150157392025], [0.000368422857719, 0.0176844131202, 0.0490721948445, 0.112221591175, -0.045597627759, -0.00492912624031, -0.00266817701049, -0.0490682907403, 0.0722963958979, -0.153595343232, -0.258772820234, 0.664032578468, -0.253857880831], [0.00154267682228, -0.0503693073988, -0.0408098809421, -0.126957476139, 0.108063600957, -0.000587521179114, -0.123510561883, -0.0101095819846, -0.0774695798755, -0.0265233255923, 0.150157392025, -0.253857880831, 0.6848102808]]
    },
    "melbands": {
        "max": [0.00475965393707, 0.00162428396288, 0.00102741457522, 0.000896650599316, 0.00106406921986, 0.00132070027757, 0.00168067286722, 0.00214000372216, 0.00365506345406, 0.00462590157986, 0.00696147279814, 0.00528342556208, 0.0108946021646, 0.00852782931179, 0.0077690356411, 0.00574796739966, 0.0072923428379, 0.0062204580754, 0.00478723086417, 0.00612526480108, 0.00461902283132, 0.00182631821372, 0.00155934155919, 0.00220321980305, 0.00116655114107, 0.000392502610339, 0.000357526703738, 0.000354064482963, 0.000523706898093, 0.000485561118694, 0.000438837712863, 0.000263533263933, 0.0002186861675, 0.000191723956959, 0.000146545527969, 0.000196225591935, 0.000211761405808, 0.000102289304778, 6.17352998233e-05, 4.06674516853e-05],
        "mean": [3.22084124491e-05, 2.17818160309e-05, 1.65562414622e-05, 1.63123713719e-05, 1.74026008608e-05, 1.99915702979e-05, 2.85787955363e-05, 3.33166535711e-05, 4.35674992332e-05, 6.11547948211e-05, 9.05423657969e-05, 9.30869355216e-05, 0.000127137769596, 0.000127886101836, 0.000114025366202, 0.00010999476217, 9.39345918596e-05, 0.000106193256215, 9.36019423534e-05, 8.17824256956e-05, 6.36238037259e-05, 3.78123586415e-05, 2.47505031439e-05, 1.95609954972e-05, 1.24618627524e-05, 6.69840892442e-06, 5.73991565034e-06, 5.79059087613e-06, 5.84441431783e-06, 6.22529796601e-06, 4.7385419748e-06, 4.00126691602e-06, 3.58051147487e-06, 2.95093718705e-06, 2.7154962936e-06, 2.08651294997e-06, 1.66524330325e-06, 1.19811625154e-06, 7.17630655345e-07, 4.02956629841e-07],
        "min": [2.85131999255e-25, 1.13507785563e-24, 7.26397074505e-25, 1.18488811091e-24, 1.03089979981e-24, 1.00873201951e-24, 6.61026636479e-25, 9.84196275989e-25, 1.08084564055e-24, 1.63015315468e-24, 9.14661737068e-25, 1.14055126842e-24, 1.59566376148e-24, 1.50573302664e-24, 1.27707972111e-24, 1.84123803482e-24, 2.23458202875e-24, 2.15159445316e-24, 2.59443710231e-24, 3.27028066666e-24, 2.44776222205e-24, 1.8524363098e-24, 2.70970624664e-24, 3.67568792155e-24, 3.76564567487e-24, 3.77154241014e-24, 3.29791821125e-24, 4.02166456521e-24, 4.45683692256e-24, 3.5539903497e-24, 4.16173628526e-24, 4.20094779984e-24, 4.10909678034e-24, 4.82222664423e-24, 4.50194280583e-24, 5.3890512092e-24, 3.94098776043e-24, 5.48826387866e-24, 5.82501439961e-24, 5.42057330211e-24],
        "stdev": [0.000245276052738, 0.000126935716253, 9.03985419427e-05, 8.31622965052e-05, 9.55856303335e-05, 0.000114300419227, 0.000150637715706, 0.000181757859536, 0.00026917483774, 0.000334523123456, 0.000501646019984, 0.000529399490915, 0.000742140342481, 0.00070784665877, 0.000595901452471, 0.000554172205739, 0.000522642279975, 0.00055859045824, 0.000481640803628, 0.00043365926831, 0.000356397300493, 0.000189417274669, 0.000128188446979, 0.000128114654217, 7.85149895819e-05, 3.59047153324e-05, 3.04992481688e-05, 3.07090522256e-05, 3.52763563569e-05, 3.78968798032e-05, 2.82144374069e-05, 2.24086252274e-05, 1.96998298634e-05, 1.59107257787e-05, 1.45773710756e-05, 1.22970768643e-05, 1.10388182293e-05, 7.09840378477e-06, 4.40403164248e-06, 2.4978669444e-06]
    },
    "melbands128": {
        "max": [0.00495073478669, 0.00555060198531, 0.00475561385974, 0.00314260344021, 0.00161398830824, 0.00130782776978, 0.000868557719514, 0.00138726795558, 0.00114768103231, 0.000943708349951, 0.00105168716982, 0.00122801156249, 0.00160106131807, 0.00129419751465, 0.00171291874722, 0.00220819888636, 0.00273530976847, 0.00214325380512, 0.0021166971419, 0.0020102923736, 0.00326614943333, 0.00663165003061, 0.00388554506935, 0.00687335478142, 0.0039214999415, 0.00459229946136, 0.00681802490726, 0.00480581540614, 0.0149462055415, 0.00658370601013, 0.00711376685649, 0.0113874459639, 0.0147040216252, 0.00806786958128, 0.0110744405538, 0.0108897285536, 0.0108539778739, 0.00871980935335, 0.00896872486919, 0.00751082086936, 0.00540581112728, 0.00774267781526, 0.0119576686993, 0.00543693872169, 0.0102298958227, 0.00814532395452, 0.00661326711997, 0.00725916353986, 0.00531983282417, 0.00509708747268, 0.00567503180355, 0.00920071266592, 0.00733942212537, 0.00267766485922, 0.0032472696621, 0.00225400249474, 0.00238649570383, 0.00155121216085, 0.00208403379656, 0.00122152455151, 0.00233714724891, 0.00318755814806, 0.00101361609995, 0.00102366995998, 0.00084776681615, 0.000436064001406, 0.000296110840281, 0.000420887576183, 0.000444140809122, 0.000554590835236, 0.000303255132167, 0.000283204222796, 0.000473342632176, 0.000616618199274, 0.000551511882804, 0.000807389733382, 0.000379297154723, 0.000478196307085, 0.000515202875249, 0.000279482774204, 0.000279928819509, 0.000321003899444, 0.000357760000043, 0.000257773674093, 0.000185783370398, 0.000190401959117, 0.000194986816496, 0.000244101218414, 0.000158703551278, 0.000166750818607, 0.000193045591004, 0.000214602216147, 0.000228664546739, 0.000222151633352, 0.000210446480196, 0.000123480014736, 8.29397104098e-05, 6.19763814029e-05, 7.62197960285e-05, 6.12741423538e-05, 5.65250484215e-05, 3.8980935642e-05, 3.52142378688e-05, 1.68162678165e-05, 1.19247551993e-05, 1.16498495117e-05, 1.009971038e-05, 6.93549827702e-06, 6.91567038302e-06, 3.86428882848e-06, 7.25386507838e-06, 3.43047122442e-06, 3.77630180992e-06, 3.66504309568e-06, 3.90068998968e-06, 3.73492775907e-06, 3.21110974255e-06, 2.4506475711e-06, 2.47076923188e-06, 2.00933754968e-06, 2.31892295233e-06, 2.72528336609e-06, 1.40084978284e-06, 1.32008801756e-06, 1.18505590763e-06, 1.04674290924e-06, 9.10714902602e-07, 5.50646234387e-07],
        "mean": [2.81749489659e-05, 3.32126910507e-05, 3.4958247852e-05, 2.85463484033e-05, 2.02258052013e-05, 1.85211756616e-05, 1.43423458212e-05, 1.88719532161e-05, 1.54721765284e-05, 1.38824834721e-05, 1.84650689334e-05, 1.97068748093e-05, 1.68176848092e-05, 1.47645923789e-05, 1.67548405443e-05, 2.40102162934e-05, 3.00706815324e-05, 2.84352154267e-05, 2.79812684312e-05, 3.12418014801e-05, 3.6692017602e-05, 3.84236991522e-05, 4.20342039433e-05, 5.32724152436e-05, 4.54921719211e-05, 6.47471970296e-05, 9.79195610853e-05, 7.95084270067e-05, 0.000105829960376, 8.6096864834e-05, 8.5504972958e-05, 0.00011324078514, 0.000142208853504, 0.000118099385872, 0.000138773219078, 0.000133252280648, 0.000109950473416, 0.000103064070572, 0.000132022905746, 0.000109148830234, 0.000109216838609, 9.96587550617e-05, 0.00010068379197, 7.43509372114e-05, 0.000111885361548, 0.00011332455324, 0.000101018646092, 9.9519136711e-05, 8.82709646248e-05, 7.85647207522e-05, 7.56285953685e-05, 9.62386766332e-05, 6.7870489147e-05, 5.31534387846e-05, 4.50564220955e-05, 3.89302294934e-05, 2.83521185338e-05, 2.65736071015e-05, 2.26338415814e-05, 2.18188415602e-05, 1.85761473404e-05, 2.05347841984e-05, 1.37842662298e-05, 1.07373225546e-05, 9.01649127627e-06, 6.1405935412e-06, 5.4761062529e-06, 5.98466976953e-06, 5.62198511034e-06, 5.68447603655e-06, 5.91392881688e-06, 5.43061196367e-06, 6.42166560283e-06, 5.27843394593e-06, 6.04179376751e-06, 7.47987996874e-06, 5.52995425096e-06, 4.85160262542e-06, 4.94400455864e-06, 4.15664771936e-06, 4.14128862758e-06, 3.95050756197e-06, 3.79532320949e-06, 3.56975442628e-06, 3.40268206855e-06, 2.94958977065e-06, 2.77334834209e-06, 2.96304506264e-06, 2.79101004708e-06, 2.58259183283e-06, 2.12500208363e-06, 2.00630461222e-06, 1.84301416084e-06, 1.70214855189e-06, 1.49912625602e-06, 1.46124352796e-06, 1.11924020985e-06, 8.71150916737e-07, 7.81241624281e-07, 6.0327289475e-07, 4.9540449254e-07, 3.79086117164e-07, 2.83094863107e-07, 2.05996286695e-07, 1.74747711412e-07, 1.40956885275e-07, 1.20251769431e-07, 9.3997918782e-08, 8.01094728331e-08, 4.596428127e-08, 4.55936763899e-08, 2.04143457694e-08, 1.24732473239e-08, 1.22853007767e-08, 1.23442696065e-08, 1.20843166584e-08, 9.90825554936e-09, 8.48612291549e-09, 7.75873321146e-09, 6.49048237378e-09, 6.47224407402e-09, 7.3646870824e-09, 4.17581436096e-09, 3.87754006681e-09, 3.56303608839e-09, 3.07373637654e-09, 2.64751776058e-09, 1.76113956751e-09],
        "min": [1.98685635299e-26, 3.49583093851e-26, 5.4436314352e-26, 1.07150878149e-25, 2.65206013739e-25, 2.69969648922e-25, 1.33130705511e-25, 1.37450569458e-25, 3.24598389869e-25, 3.3070759989e-25, 1.23470413473e-25, 3.87527032221e-25, 5.1867937319e-26, 1.45691663749e-25, 2.55104181461e-25, 4.74495150629e-25, 1.78894646687e-25, 2.62571514138e-25, 4.68395826021e-25, 1.2817476083e-25, 3.90817913399e-25, 5.31728833543e-25, 1.25405513926e-25, 4.29143093453e-25, 4.47237294644e-25, 2.3258871072e-25, 3.92520472448e-25, 2.65633699609e-25, 5.23824250058e-25, 4.12580909444e-25, 9.70290235952e-25, 4.5659565017e-25, 6.37149641119e-25, 6.85922790825e-25, 7.74696562541e-25, 6.89053582543e-25, 5.43041394747e-25, 5.33149867857e-25, 7.79505655835e-25, 1.01393721958e-24, 5.55719326266e-25, 1.06681072036e-24, 1.02310841786e-24, 7.50486470664e-25, 9.88725915307e-25, 8.8057022558e-25, 5.53246099417e-25, 5.88084317055e-25, 9.22686523234e-25, 1.62826698826e-24, 1.04439356141e-24, 1.37091147173e-24, 1.36002183858e-24, 9.75340326252e-25, 1.50871068073e-24, 1.17428355237e-24, 1.26724824625e-24, 7.6932550446e-25, 1.10955524712e-24, 1.23321589933e-24, 2.01494343121e-24, 1.10290722045e-24, 1.29535575474e-24, 1.38379386614e-24, 1.90657879195e-24, 1.28089307472e-24, 1.54570441149e-24, 1.51897040845e-24, 1.6924744481e-24, 1.64970832627e-24, 1.46178381067e-24, 1.70279886241e-24, 1.58404226262e-24, 2.04257229834e-24, 3.04623312552e-24, 2.3299697089e-24, 2.43405339724e-24, 2.16325677557e-24, 2.58256533733e-24, 2.82572540048e-24, 2.48676232191e-24, 2.13127043802e-24, 2.73622518648e-24, 2.64018511836e-24, 2.85052304582e-24, 3.08796702285e-24, 3.02289507007e-24, 3.1665336247e-24, 2.94939532181e-24, 2.39380295284e-24, 2.84125846614e-24, 3.58659909851e-24, 3.43415764503e-24, 2.80829374384e-24, 3.25975824826e-24, 3.53161588784e-24, 3.56329930281e-24, 4.05155844921e-24, 3.84723834716e-24, 3.72530135603e-24, 3.98867755759e-24, 2.67141651603e-24, 3.62439539663e-24, 4.24344137023e-24, 3.93566807691e-24, 2.06096025161e-24, 3.31113636458e-24, 3.76109000315e-24, 2.89933716699e-24, 4.13730289644e-24, 4.13508461958e-24, 4.04631607406e-24, 4.14999448512e-24, 3.84552691343e-24, 4.6030893678e-24, 3.89651217702e-24, 4.73575092294e-24, 4.53659785982e-24, 4.85474585733e-24, 4.3818904034e-24, 4.40353950765e-24, 4.16694868369e-24, 4.13124444469e-24, 5.13951991095e-24, 3.79749001746e-24, 5.60057952777e-24, 4.63820314442e-24, 4.76453764067e-24],
        "stdev": [0.000236949883401, 0.000283724890323, 0.000259056629147, 0.000191196217202, 0.000122455137898, 0.000104317521618, 7.70013502915e-05, 0.000116647817777, 9.32772454689e-05, 7.54582724767e-05, 9.83495920082e-05, 0.000107564483187, 0.000111515895696, 9.14017509785e-05, 0.000112765083031, 0.00016098744527, 0.00019443432393, 0.000166307901964, 0.000158917173394, 0.000173794483999, 0.000241068657488, 0.000328899739543, 0.000282413995592, 0.000369800516637, 0.000265921262326, 0.000373550050426, 0.000569587456994, 0.000416767026763, 0.000797254382633, 0.000543654605281, 0.000528266304173, 0.000698588381056, 0.00092240946833, 0.000677700270899, 0.000810309313238, 0.000790978141595, 0.000688713451382, 0.000574390345719, 0.000746593053918, 0.000577625236474, 0.000586419424508, 0.000552032492124, 0.000667490588967, 0.000390368688386, 0.000691816909239, 0.000651541282423, 0.00056528521236, 0.000555383623578, 0.000480921415146, 0.000412411725847, 0.00040993039147, 0.000589900708292, 0.000454099790659, 0.000272639124887, 0.000244193361141, 0.000205357224331, 0.000159683564561, 0.000140929565532, 0.000130464613903, 0.000120090058772, 0.000130983127747, 0.000164518700331, 8.51037329994e-05, 6.79969816701e-05, 5.8993253333e-05, 3.5361485061e-05, 2.83540193777e-05, 3.32192212227e-05, 3.23044077959e-05, 3.40714432241e-05, 3.15935612889e-05, 2.9719021768e-05, 3.85734456358e-05, 3.61531128874e-05, 3.89254855691e-05, 5.05888820044e-05, 3.19457503792e-05, 2.96686848742e-05, 3.21250226989e-05, 2.34426679526e-05, 2.27428354265e-05, 2.36518189922e-05, 2.46836189035e-05, 2.02818555408e-05, 1.87445293705e-05, 1.60049930855e-05, 1.5339384845e-05, 1.74034703377e-05, 1.58353359438e-05, 1.41107993841e-05, 1.26410041048e-05, 1.2766546206e-05, 1.22266237668e-05, 1.14704571388e-05, 1.05635208456e-05, 9.07885896595e-06, 6.43232760922e-06, 5.09516848979e-06, 5.28823966306e-06, 3.83280166716e-06, 3.10008726956e-06, 2.43750014306e-06, 2.00067120204e-06, 1.25215706248e-06, 9.9579358448e-07, 8.75531782185e-07, 7.13848521627e-07, 5.41132180842e-07, 5.16558316122e-07, 2.84982434096e-07, 3.73897421468e-07, 2.12837250047e-07, 1.78180954435e-07, 1.73966768102e-07, 1.81675375188e-07, 1.77063867568e-07, 1.47826199282e-07, 1.17593444315e-07, 1.13725604933e-07, 9.31220327516e-08, 1.02742689023e-07, 1.20177148233e-07, 6.24465243959e-08, 5.82121160164e-08, 5.26220347297e-08, 4.6207468074e-08, 4.01572251008e-08, 2.47360585348e-08]
    },
    "mfcc": {
        "mean": [-1207.70361328, 5.08840703964, -4.17551279068, -1.23516726494, -0.196935236454, 1.14022028446, -0.476909786463, 0.590858459473, 0.220845788717, 0.142943963408, -0.241400703788, 0.340990364552, -0.00232053757645],
        "cov": [[39894.6054688, 3430.99707031, -2811.04248047, -830.949645996, -151.982788086, 771.533935547, -325.770446777, 394.193817139, 150.292572021, 96.6933822632, -176.268112183, 222.775421143, -19.5311794281], [3430.99707031, 316.148834229, -251.246383667, -74.7526702881, -11.3148403168, 69.0608978271, -30.0612125397, 34.8544654846, 13.5117034912, 7.66982316971, -15.4582891464, 20.8991260529, -0.429921120405], [-2811.04248047, -251.246383667, 212.890380859, 61.4087028503, 9.21269130707, -56.3009567261, 24.4646987915, -29.5847549438, -10.0444612503, -7.042345047, 12.2606077194, -16.2716712952, 0.737032473087], [-830.949645996, -74.7526702881, 61.4087028503, 22.5383548737, 3.11426115036, -16.8346710205, 7.87471103668, -8.69222068787, -3.00781035423, -2.29973125458, 4.08511924744, -4.80423974991, 0.10114582628], [-151.982788086, -11.3148403168, 9.21269130707, 3.11426115036, 3.8095138073, -2.97681164742, 1.02587985992, -1.05172991753, -0.447279453278, -0.512633264065, 1.00122821331, -0.52896553278, -0.224139466882], [771.533935547, 69.0608978271, -56.3009567261, -16.8346710205, -2.97681164742, 18.8267040253, -6.27217721939, 7.95651912689, 3.82432413101, 2.04462623596, -3.90969824791, 3.20674991608, -0.304443359375], [-325.770446777, -30.0612125397, 24.4646987915, 7.87471103668, 1.02587985992, -6.27217721939, 5.50735902786, -2.60973167419, -0.843400120735, -0.873133897781, 1.24684381485, -1.86874771118, 0.267852216959], [394.193817139, 34.8544654846, -29.5847549438, -8.69222068787, -1.05172991753, 7.95651912689, -2.60973167419, 6.26920604706, 1.81324064732, 1.29455983639, -1.53792464733, 2.16648888588, 0.125156387687], [150.292572021, 13.5117034912, -10.0444612503, -3.00781035423, -0.447279453278, 3.82432413101, -0.843400120735, 1.81324064732, 3.90580034256, 1.07359600067, -0.917205035686, 1.05464088917, 0.135461866856], [96.6933822632, 7.66982316971, -7.042345047, -2.29973125458, -0.512633264065, 2.04462623596, -0.873133897781, 1.29455983639, 1.07359600067, 2.11031365395, -0.111451484263, 0.527454555035, 0.174934521317], [-176.268112183, -15.4582891464, 12.2606077194, 4.08511924744, 1.00122821331, -3.90969824791, 1.24684381485, -1.53792464733, -0.917205035686, -0.111451484263, 2.71872758865, -0.324349045753, 0.428315877914], [222.775421143, 20.8991260529, -16.2716712952, -4.80423974991, -0.52896553278, 3.20674991608, -1.86874771118, 2.16648888588, 1.05464088917, 0.527454555035, -0.324349045753, 3.64675498009, 0.615867078304], [-19.5311794281, -0.429921120405, 0.737032473087, 0.10114582628, -0.224139466882, -0.304443359375, 0.267852216959, 0.125156387687, 0.135461866856, 0.174934521317, 0.428315877914, 0.615867078304, 1.8146007061]],
        "icov": [[0.000598242564593, -0.00294615025632, 0.00303590809926, 0.000224562303629, 0.00508143054321, -0.00184651371092, -0.000364426057786, -0.00187366944738, -0.000274234684184, -0.00182860181667, 0.00110741693061, -0.00310103339143, 0.00598419969901], [-0.00294615025632, 0.0909760221839, 0.0367308035493, 0.0140349557623, -0.024205757305, -0.0587668307126, 0.0459963195026, -0.0097625516355, -0.0105541879311, 0.0471220500767, 0.0311134178191, -0.0774725973606, -0.0296278893948], [0.00303590809926, 0.0367308035493, 0.11737819016, -0.0172934308648, 0.022966587916, 0.0387887209654, -0.0365971922874, 0.0742730721831, -0.0466707497835, 0.0259560123086, -0.00358332181349, 0.0209294073284, -0.000984252314083], [0.000224562303629, 0.0140349557623, -0.0172934308648, 0.250239223242, -0.0157069768757, 0.0319332666695, -0.0901084020734, 0.0570515021682, -0.0323295108974, 0.0472500808537, -0.0850312933326, 0.0401940196753, 0.0158886611462], [0.00508143054321, -0.024205757305, 0.022966587916, -0.0157069768757, 0.367037028074, 0.019812580198, 0.0134575879201, -0.0633056536317, -0.0324537046254, 0.0402011238039, -0.0683491304517, -0.0318656414747, 0.117041058838], [-0.00184651371092, -0.0587668307126, 0.0387887209654, 0.0319332666695, 0.019812580198, 0.426396787167, -0.0640455707908, 0.0427672788501, -0.128219604492, 0.000261076434981, -0.0192713625729, 0.278409600258, -0.0512385107577], [-0.000364426057786, 0.0459963195026, -0.0365971922874, -0.0901084020734, 0.0134575879201, -0.0640455707908, 0.491795599461, -0.194521024823, -0.0152801685035, 0.0550003610551, 0.0988832563162, -0.0854984298348, -0.0398817881942], [-0.00187366944738, -0.0097625516355, 0.0742730721831, 0.0570515021682, -0.0633056536317, 0.0427672788501, -0.194521024823, 0.584950506687, -0.0524969547987, -0.0645508989692, -0.087807007134, 0.112431026995, -0.0753943771124], [-0.000274234684184, -0.0105541879311, -0.0466707497835, -0.0323295108974, -0.0324537046254, -0.128219604492, -0.0152801685035, -0.0524969547987, 0.404641449451, -0.166866764426, 0.100645810366, -0.126239255071, 0.000630066322628], [-0.00182860181667, 0.0471220500767, 0.0259560123086, 0.0472500808537, 0.0402011238039, 0.000261076434981, 0.0550003610551, -0.0645508989692, -0.166866764426, 0.668695509434, -0.130043193698, 0.0412255711854, -0.0556553192437], [0.00110741693061, 0.0311134178191, -0.00358332181349, -0.0850312933326, -0.0683491304517, -0.0192713625729, 0.0988832563162, -0.087807007134, 0.100645810366, -0.130043193698, 0.680661261082, -0.199921146035, -0.0825162380934], [-0.00310103339143, -0.0774725973606, 0.0209294073284, 0.0401940196753, -0.0318656414747, 0.278409600258, -0.0854984298348, 0.112431026995, -0.126239255071, 0.0412255711854, -0.199921146035, 0.742892563343, -0.214329704642], [0.00598419969901, -0.0296278893948, -0.000984252314083, 0.0158886611462, 0.117041058838, -0.0512385107577, -0.0398817881942, -0.0753943771124, 0.000630066322628, -0.0556553192437, -0.0825162380934, -0.214329704642, 0.722475349903]]
    },
    "spectral_contrast_coeffs": {
        "max": [-0.664287090302, -0.668778002262, -0.684991121292, -0.727311909199, -0.659588336945, -0.636863708496],
        "mean": [-0.948250949383, -0.952735245228, -0.947971403599, -0.948959827423, -0.946013987064, -0.941213488579],
        "min": [-0.997825264931, -0.994956672192, -0.992285072803, -0.986200869083, -0.988883733749, -0.965615391731],
        "stdev": [0.0543213672936, 0.0427707657218, 0.0451169088483, 0.0450235530734, 0.0494611151516, 0.0636507421732]
    },
    "spectral_contrast_valleys": {
        "max": [-5.47353792191, -4.70647716522, -4.11944246292, -4.05028820038, -4.78271102905, -7.1322183609],
        "mean": [-25.5870761871, -25.4623165131, -25.4900341034, -25.4534130096, -25.5314979553, -25.7449378967],
        "min": [-28.0806941986, -27.9795608521, -28.0244750977, -27.6975517273, -27.5699596405, -27.4548912048],
        "stdev": [5.43108940125, 5.71964406967, 5.87939882278, 5.90706586838, 5.74324035645, 5.02431344986]
    }
},
"rhythm": {
    "beats_count": 24,
    "beats_loudness": {
        "max": 0.156988307834,
        "mean": 0.00662433402613,
        "min": 0,
        "stdev": 0.0313555859029
    },
    "bpm": 119.868263245,
    "bpm_histogram_first_peak_bpm": 120,
    "bpm_histogram_first_peak_weight": 0.499999940395,
    "bpm_histogram_second_peak_bpm": 108,
    "bpm_histogram_second_peak_spread": 0.5,
    "bpm_histogram_second_peak_weight": 0.130434781313,
    "danceability": 1.39394712448,
    "onset_rate": 0.470242828131,
    "beats_loudness_band_ratio": {
        "max": [0.0285590030253, 0.032667376101, 0.100507333875, 0.403121948242, 0.446005582809, 0.112973496318],
        "mean": [0.0014983327128, 0.00192772375885, 0.00622471934184, 0.0331122763455, 0.0343720503151, 0.00694126775488],
        "min": [0, 0, 0, 0, 0, 0],
        "stdev": [0.00583277828991, 0.00696083158255, 0.0219484511763, 0.10983364284, 0.114409632981, 0.0245640631765]
    },
    "beats_position": [0.476009070873, 0.975238084793, 1.47446703911, 1.9620860815, 2.4497051239, 2.97215414047, 3.48299312592, 3.99383211136, 4.5046710968, 5.01551008224, 5.52634906769, 6.06040811539, 6.59446716309, 7.12852573395, 7.6858048439, 8.24308395386, 8.80036258698, 9.29959201813, 9.79882049561, 10.2980499268, 10.7972784042, 11.2965078354, 11.7957363129, 12.2833557129],
    "bpm_histogram": [0, 0, 0, 0, 0, 0, 0, 0, 0, 0, 0, 0, 0, 0, 0, 0, 0, 0, 0, 0, 0, 0, 0, 0, 0, 0, 0, 0, 0, 0, 0, 0, 0, 0, 0, 0, 0, 0, 0, 0, 0, 0, 0, 0, 0, 0, 0, 0, 0, 0, 0, 0, 0, 0, 0, 0, 0, 0, 0, 0, 0, 0, 0, 0, 0, 0, 0, 0, 0, 0, 0, 0, 0, 0, 0, 0, 0, 0, 0, 0, 0, 0, 0, 0, 0, 0, 0, 0, 0, 0, 0, 0, 0, 0, 0, 0, 0, 0, 0, 0, 0, 0, 0, 0, 0, 0, 0, 0, 0.130434781313, 0, 0, 0, 0.130434781313, 0, 0, 0.0434782616794, 0, 0.217391297221, 0, 0, 0.347826093435, 0, 0, 0.130434781313, 0, 0, 0, 0, 0, 0, 0, 0, 0, 0, 0, 0, 0, 0, 0, 0, 0, 0, 0, 0, 0, 0, 0, 0, 0, 0, 0, 0, 0, 0, 0, 0, 0, 0, 0, 0, 0, 0, 0, 0, 0, 0, 0, 0, 0, 0, 0, 0, 0, 0, 0, 0, 0, 0, 0, 0, 0, 0, 0, 0, 0, 0, 0, 0, 0, 0, 0, 0, 0, 0, 0, 0, 0, 0, 0, 0, 0, 0, 0, 0, 0, 0, 0, 0, 0, 0, 0, 0, 0, 0, 0, 0, 0, 0, 0, 0, 0, 0, 0, 0, 0, 0, 0, 0, 0, 0, 0, 0, 0, 0, 0, 0, 0, 0, 0, 0, 0, 0, 0, 0, 0, 0, 0, 0, 0, 0]
},
"tonal": {
    "chords_changes_rate": 0.0362318828702,
    "chords_number_rate": 0.0108695654199,
