{
"metadata": {
    "version": {
        "essentia": "2.1-beta5",
        "essentia_git_sha": "Undefined",
        "extractor": "music 2.0"
    },
    "audio_properties": {
        "analysis": {
            "equal_loudness": 0,
            "length": 19.8995018005,
            "sample_rate": 44100,
            "start_time": 162.493240356,
            "downmix": "mix"
        },
        "bit_rate": 192000,
        "length": 182.415985107,
        "lossless": 0,
        "number_channels": 2,
        "replay_gain": -0.892238616943,
        "sample_rate": 48000,
        "codec": "mp3",
        "md5_encoded": "0fa9fdd519780925dbfdfe78b611b365"
    },
    "tags": {
        "file_name": "Sweden_Jennie, Jennie_Lars Berghagen and the Dolls.mp3",
        "encoding": ["Lavf58.29.100"]
    }
},
"lowlevel": {
    "average_loudness": 0.972497701645,
    "barkbands_crest": {
        "max": 26.6348190308,
        "mean": 8.20285892487,
        "min": 2.46676874161,
        "stdev": 4.49835729599
    },
    "barkbands_flatness_db": {
        "max": 0.415377944708,
        "mean": 0.140274107456,
        "min": 0.0580237656832,
        "stdev": 0.0406463854015
    },
    "barkbands_kurtosis": {
        "max": 97.8075637817,
        "mean": 2.71552324295,
        "min": -1.90427517891,
        "stdev": 8.20682525635
    },
    "barkbands_skewness": {
        "max": 9.93587589264,
        "mean": 0.968912899494,
        "min": -2.0433754921,
        "stdev": 1.22828292847
    },
    "barkbands_spread": {
        "max": 136.301712036,
        "mean": 19.8029022217,
        "min": 0.787633299828,
        "stdev": 12.4138584137
    },
    "dissonance": {
        "max": 0.499918788671,
        "mean": 0.471337735653,
        "min": 0.308004379272,
        "stdev": 0.027844550088
    },
    "dynamic_complexity": 2.35498380661,
    "erbbands_crest": {
        "max": 24.548625946,
        "mean": 7.78791713715,
        "min": 3.20559287071,
        "stdev": 3.42971611023
    },
    "erbbands_flatness_db": {
        "max": 0.317176729441,
        "mean": 0.194035902619,
        "min": 0.0489119179547,
        "stdev": 0.0294030345976
    },
    "erbbands_kurtosis": {
        "max": 36.744644165,
        "mean": 0.328301846981,
        "min": -1.6819062233,
        "stdev": 2.36963319778
    },
    "erbbands_skewness": {
        "max": 5.19093322754,
        "mean": 0.18994525075,
        "min": -2.2668132782,
        "stdev": 0.770128130913
    },
    "erbbands_spread": {
        "max": 105.357574463,
        "mean": 30.8644599915,
        "min": 3.80039405823,
        "stdev": 13.3559570312
    },
    "hfc": {
        "max": 92.0955505371,
        "mean": 28.7297935486,
        "min": 1.55304448413e-07,
        "stdev": 19.6557102203
    },
    "loudness_ebu128": {
        "integrated": -22.6248264313,
        "loudness_range": 2.96571540833,
        "momentary": {
            "max": -20.3268604279,
            "mean": -23.1901187897,
            "min": -34.3184661865,
            "stdev": 2.44946813583
        },
        "short_term": {
            "max": -21.0341968536,
            "mean": -22.7488479614,
            "min": -24.9754981995,
            "stdev": 0.968897342682
        }
    },
    "melbands_crest": {
        "max": 39.7947769165,
        "mean": 10.7171258926,
        "min": 2.78870391846,
        "stdev": 5.76141405106
    },
    "melbands_flatness_db": {
        "max": 0.430854380131,
        "mean": 0.14955855906,
        "min": 0.018194027245,
        "stdev": 0.0700494870543
    },
    "melbands_kurtosis": {
        "max": 269.595672607,
        "mean": 7.02143907547,
        "min": -1.68943989277,
        "stdev": 14.8326015472
    },
    "melbands_skewness": {
        "max": 16.0576190948,
        "mean": 1.71867012978,
        "min": -0.413922816515,
        "stdev": 1.48809349537
    },
    "melbands_spread": {
        "max": 199.083114624,
        "mean": 29.9336643219,
        "min": 1.12372362614,
        "stdev": 19.7277526855
    },
    "pitch_salience": {
        "max": 0.854852199554,
        "mean": 0.639515221119,
        "min": 0.0153292305768,
        "stdev": 0.130615875125
    },
    "silence_rate_20dB": {
        "max": 1,
        "mean": 1,
        "min": 1,
        "stdev": 0
    },
    "silence_rate_30dB": {
        "max": 1,
        "mean": 1,
        "min": 1,
        "stdev": 0
    },
    "silence_rate_60dB": {
        "max": 1,
        "mean": 0.0442890450358,
        "min": 0,
        "stdev": 0.205736145377
    },
    "spectral_centroid": {
        "max": 4240.2734375,
        "mean": 1690.41333008,
        "min": 264.381225586,
        "stdev": 768.124694824
    },
    "spectral_complexity": {
        "max": 58,
        "mean": 27.2167835236,
        "min": 0,
        "stdev": 14.3822307587
    },
    "spectral_decrease": {
        "max": -4.27855294434e-19,
        "mean": -5.47469225509e-09,
        "min": -1.81256112342e-08,
        "stdev": 2.96510660469e-09
    },
    "spectral_energy": {
        "max": 0.0721825286746,
        "mean": 0.0232686176896,
        "min": 1.57014106578e-11,
        "stdev": 0.0122885340825
    },
    "spectral_energyband_high": {
        "max": 0.0106017617509,
        "mean": 0.00103595142718,
        "min": 1.22239423445e-11,
        "stdev": 0.00106357177719
    },
    "spectral_energyband_low": {
        "max": 0.0245521366596,
        "mean": 0.001553694834,
        "min": 2.02729204409e-13,
        "stdev": 0.00261679873802
    },
    "spectral_energyband_middle_high": {
        "max": 0.0389078743756,
        "mean": 0.010521536693,
        "min": 2.58781234289e-12,
        "stdev": 0.00873632542789
    },
    "spectral_energyband_middle_low": {
        "max": 0.0628480985761,
        "mean": 0.0109583167359,
        "min": 3.34699959805e-13,
        "stdev": 0.0097781829536
    },
    "spectral_entropy": {
        "max": 8.93232917786,
        "mean": 7.62519311905,
        "min": 5.37798213959,
        "stdev": 0.445106625557
    },
    "spectral_flux": {
        "max": 0.193686172366,
        "mean": 0.089080221951,
        "min": 7.73775173002e-06,
        "stdev": 0.0333699546754
    },
    "spectral_kurtosis": {
        "max": 27.7390727997,
        "mean": 3.88096618652,
        "min": -0.995208978653,
        "stdev": 2.73764705658
    },
    "spectral_rms": {
        "max": 0.00839178077877,
        "mean": 0.00454924674705,
        "min": 1.23767733839e-07,
        "stdev": 0.00141614151653
    },
    "spectral_rolloff": {
        "max": 17054.296875,
        "mean": 2104.80664062,
        "min": 21.533203125,
        "stdev": 1603.11950684
    },
    "spectral_skewness": {
        "max": 4.20149707794,
        "mean": 1.36859595776,
        "min": -0.122330516577,
        "stdev": 0.483187168837
    },
    "spectral_spread": {
        "max": 11419264,
        "mean": 3697419.75,
        "min": 2416642.75,
        "stdev": 1026501.9375
    },
    "spectral_strongpeak": {
        "max": 9.56053638458,
        "mean": 1.14213824272,
        "min": 0,
        "stdev": 1.11027860641
    },
    "zerocrossingrate": {
        "max": 0.85107421875,
        "mean": 0.0754417330027,
        "min": 0,
        "stdev": 0.0553425960243
    },
    "barkbands": {
        "max": [6.10246352153e-05, 0.00449296692386, 0.00979492999613, 0.0218008439988, 0.0502282828093, 0.0460538044572, 0.0148450462148, 0.0118723139167, 0.0239998046309, 0.0126833040267, 0.00972796790302, 0.0103455418721, 0.011047325097, 0.0114750890061, 0.0228120237589, 0.00997622590512, 0.0141140529886, 0.00470447260886, 0.00374737218954, 0.00290133687668, 0.00369112705812, 0.00247517297976, 0.00386751443148, 0.00175484141801, 0.000268884381512, 1.29319514599e-05, 5.19232571605e-07],
        "mean": [6.98099393048e-06, 0.000284217647277, 0.000652420159895, 0.0012351796031, 0.00382120767608, 0.00224439078011, 0.00118142052088, 0.000836211896967, 0.00130683369935, 0.0011718532769, 0.000932748138439, 0.00104188546538, 0.0009857196128, 0.00144720100798, 0.00152569916099, 0.00116043037269, 0.000959229073487, 0.000621634477284, 0.000603968335781, 0.000463422824396, 0.000289048737613, 0.000235325816902, 0.000168400962139, 7.49836908653e-05, 1.70666007762e-05, 1.14636156923e-06, 1.57314072879e-09],
        "min": [3.88776901297e-13, 4.92134849853e-14, 2.58258376266e-15, 7.88749626593e-15, 9.09165524441e-15, 1.72751590322e-14, 5.23059743237e-15, 1.60921284436e-14, 2.38851825688e-13, 1.17329594391e-13, 1.18695404525e-13, 1.51227988465e-13, 2.03026763695e-13, 1.85347885043e-13, 7.98343731618e-14, 3.46853757738e-13, 3.42812475455e-13, 2.08054249827e-13, 5.29291562835e-13, 4.48808091386e-13, 7.11345912729e-13, 9.13594937549e-13, 9.2859205568e-13, 1.48447736308e-12, 1.95496331797e-12, 2.75831636178e-12, 3.46283483658e-12],
        "stdev": [8.12638336356e-06, 0.000438353279606, 0.00124917062931, 0.00234254915267, 0.00530116353184, 0.00457355752587, 0.0019123716047, 0.00114199589007, 0.0021760512609, 0.00131295935716, 0.00118946819566, 0.00130679667927, 0.0014491348993, 0.00164243869949, 0.0021199262701, 0.00143560324796, 0.00115611229558, 0.000701362092514, 0.000577506027184, 0.000431150605436, 0.000330046692397, 0.000299302657368, 0.000296594866086, 0.000118397343613, 1.93781343114e-05, 1.19993262615e-06, 1.77311001437e-08]
    },
    "erbbands": {
        "max": [0.0512365028262, 1.39841461182, 8.62921333313, 52.0835762024, 93.6302642822, 261.036315918, 345.120544434, 204.363815308, 246.70249939, 213.357589722, 275.849243164, 669.242553711, 275.26675415, 398.244232178, 357.04598999, 445.578155518, 483.880126953, 424.857055664, 546.762878418, 1240.02734375, 498.66885376, 631.992126465, 277.687286377, 192.800674438, 147.678344727, 136.770050049, 86.3034286499, 156.323974609, 95.9800491333, 137.563461304, 116.616722107, 46.0956344604, 22.7796649933, 5.24093484879, 0.587962269783, 0.0974954366684, 0.00517606502399, 0.0003294145572, 7.86721866461e-05, 8.53054152685e-05],
        "mean": [0.00404629856348, 0.08592659235, 0.619870603085, 2.7765648365, 7.67626667023, 14.5309438705, 19.7493171692, 14.3054389954, 15.4400424957, 16.3889484406, 24.2370948792, 29.4082641602, 33.0644264221, 38.0315666199, 36.6958580017, 43.9817237854, 46.7859115601, 62.2991981506, 75.4996414185, 80.852684021, 64.4485168457, 52.3578987122, 36.3922348022, 33.7904319763, 26.5031414032, 22.0230255127, 14.7838964462, 10.0559806824, 8.546667099, 6.81073904037, 4.4648141861, 2.20181941986, 0.940937817097, 0.295052438974, 0.0728640779853, 0.0121738919988, 0.000953115755692, 3.90449531551e-05, 1.84858326975e-05, 3.04000495817e-05],
        "min": [3.71894789269e-12, 6.14147838487e-12, 4.97581012851e-12, 1.80113528259e-11, 2.29260152529e-11, 3.49580052406e-11, 9.15872308549e-11, 1.00462402286e-10, 7.1109666766e-11, 1.89373156045e-10, 9.09798458792e-10, 4.78189043918e-09, 5.08814590461e-09, 5.40298072949e-09, 2.53912268988e-09, 6.69487354443e-09, 9.57659551659e-09, 9.78796599327e-09, 7.62344232186e-09, 7.97337840197e-09, 2.2668146471e-08, 1.8133430757e-08, 1.06163149383e-08, 2.81695680115e-08, 2.0738408324e-08, 2.19102798127e-08, 3.66637564753e-08, 2.35251480518e-08, 3.22872928393e-08, 2.77274878613e-08, 2.74488254348e-08, 2.90402315528e-08, 2.51498235571e-08, 2.04885868271e-08, 1.52166723666e-08, 9.90726967132e-09, 5.21121146235e-09, 2.13512829639e-09, 5.33371069533e-10, 4.48688100563e-11],
        "stdev": [0.00538906781003, 0.130789965391, 1.02277851105, 5.25085353851, 11.7371444702, 23.210855484, 35.9892883301, 24.9586277008, 25.3771629333, 24.2110328674, 33.3223495483, 53.9554748535, 35.4004058838, 41.2603797913, 46.9238166809, 53.7906341553, 64.3584976196, 69.6726303101, 86.3600387573, 109.902671814, 73.9656219482, 60.0634117126, 40.9879570007, 33.4456443787, 24.3752422333, 20.5248813629, 14.6298980713, 12.6174659729, 10.6147737503, 10.53536129, 8.16214466095, 3.49256515503, 1.52113950253, 0.367473870516, 0.0726230368018, 0.0117166042328, 0.000836614111904, 2.96622674796e-05, 1.03025195131e-05, 1.57084159582e-05]
    },
    "gfcc": {
        "mean": [-11.2325344086, 92.4035949707, -167.461242676, 36.4619407654, -78.4324645996, 10.5157661438, -46.7503547668, -2.37935423851, -22.2955932617, -9.784116745, -12.0683221817, -11.0583190918, -2.46021413803],
        "cov": [[13236.3632812, 1437.39916992, -2135.31323242, 568.646057129, -646.568908691, -30.2605743408, -397.13760376, -176.064102173, -8.50952148438, -356.92098999, 34.4752388, -372.628326416, 50.3240356445], [1437.39916992, 1388.45068359, 656.882507324, 48.8646430969, 47.3706321716, -289.065704346, -167.758361816, -161.457748413, -215.816818237, -107.943939209, -92.6623153687, -106.213493347, -96.6173858643], [-2135.31323242, 656.882507324, 1433.15881348, 62.6735534668, 67.1854782104, -222.970993042, -107.13835144, -114.312309265, -209.460083008, -0.270293444395, -117.412864685, 23.7917766571, -114.023719788], [568.646057129, 48.8646430969, 62.6735534668, 271.614929199, -25.9920730591, -43.5497894287, -36.1394577026, -13.8657894135, 20.9387626648, -48.1704444885, -11.0805683136, -33.4712257385, -7.47453069687], [-646.568908691, 47.3706321716, 67.1854782104, -25.9920730591, 201.829345703, 17.4325180054, 41.1410598755, 29.322063446, 18.1137237549, 27.9978027344, -8.11781597137, -0.216757982969, -7.65746450424], [-30.2605743408, -289.065704346, -222.970993042, -43.5497894287, 17.4325180054, 249.217544556, 129.561126709, 54.3140716553, 68.731803894, 40.1262321472, 34.0312576294, 8.47770404816, 3.49426364899], [-397.13760376, -167.758361816, -107.13835144, -36.1394577026, 41.1410598755, 129.561126709, 169.199127197, 59.8576431274, 38.7259407043, 24.351524353, 37.8734512329, 4.81725978851, -10.8701515198], [-176.064102173, -161.457748413, -114.312309265, -13.8657894135, 29.322063446, 54.3140716553, 59.8576431274, 99.4902572632, 53.2105026245, 14.5399570465, 10.8280200958, 13.7854909897, 9.01323986053], [-8.50952148438, -215.816818237, -209.460083008, 20.9387626648, 18.1137237549, 68.731803894, 38.7259407043, 53.2105026245, 132.410522461, 18.4093437195, 27.7874336243, 24.6721515656, 32.7720184326], [-356.92098999, -107.943939209, -0.270293444395, -48.1704444885, 27.9978027344, 40.1262321472, 24.351524353, 14.5399570465, 18.4093437195, 80.9266815186, 22.0437068939, 12.1862621307, -2.60671257973], [34.4752388, -92.6623153687, -117.412864685, -11.0805683136, -8.11781597137, 34.0312576294, 37.8734512329, 10.8280200958, 27.7874336243, 22.0437068939, 70.688583374, 13.4381666183, 14.7878599167], [-372.628326416, -106.213493347, 23.7917766571, -33.4712257385, -0.216757982969, 8.47770404816, 4.81725978851, 13.7854909897, 24.6721515656, 12.1862621307, 13.4381666183, 86.4865341187, 31.9097499847], [50.3240356445, -96.6173858643, -114.023719788, -7.47453069687, -7.65746450424, 3.49426364899, -10.8701515198, 9.01323986053, 32.7720184326, -2.60671257973, 14.7878599167, 31.9097499847, 67.6143875122]],
        "icov": [[0.000884513487108, -0.00213021133095, 0.0022540318314, -0.00207090540789, 0.00222028559074, -0.00191075459588, 0.00201314385049, -0.000826115487143, 0.000941932376008, -0.000671476183925, 0.000263665249804, -0.00032853934681, 0.000268864474492], [-0.00213021133095, 0.00671999249607, -0.0058569861576, 0.00541092548519, -0.00610284972936, 0.00535718444735, -0.0044410340488, 0.00298947189003, -0.00180608627852, 0.00342535623349, -0.00117953785229, 0.00220698583871, 5.23983762832e-05], [0.0022540318314, -0.0058569861576, 0.00734804756939, -0.00614009378478, 0.00531386118382, -0.00425983360037, 0.00463269464672, -0.0015938191209, 0.00391929224133, -0.00331851560622, 0.00251254276372, -0.00340645061806, 0.00247563142329], [-0.00207090540789, 0.00541092548519, -0.00614009378478, 0.0100990617648, -0.00487277284265, 0.00487526133657, -0.00383769907057, 0.00230095372535, -0.00524081708863, 0.00521172815934, -0.00194256962277, 0.00386969000101, -0.000352669158019], [0.00222028559074, -0.00610284972936, 0.00531386118382, -0.00487277284265, 0.0119924144819, -0.00441052624956, 0.00303586362861, -0.00346789532341, 0.000730525178369, -0.00431730598211, 0.00257549108937, -0.000298849743558, -0.000356947479304], [-0.00191075459588, 0.00535718444735, -0.00425983360037, 0.00487526133657, -0.00441052624956, 0.0127391023561, -0.0100280782208, 0.00323128211312, -0.00373828061856, -0.000371351052308, 0.00121438945644, 0.00101376126986, 0.00028529271367], [0.00201314385049, -0.0044410340488, 0.00463269464672, -0.00383769907057, 0.00303586362861, -0.0100280782208, 0.0184159930795, -0.00689510209486, 0.00301666045561, 0.00136589270551, -0.0058061988093, -0.000189790414879, 0.00423573935404], [-0.000826115487143, 0.00298947189003, -0.0015938191209, 0.00230095372535, -0.00346789532341, 0.00323128211312, -0.00689510209486, 0.0176740512252, -0.00507754227147, 0.00069982977584, 0.00284133967943, -0.000627493020147, 0.000591703224927], [0.000941932376008, -0.00180608627852, 0.00391929224133, -0.00524081708863, 0.000730525178369, -0.00373828061856, 0.00301666045561, -0.00507754227147, 0.0163890514523, -0.00284696230665, -0.000523917668033, -0.00371086224914, -0.00200151978061], [-0.000671476183925, 0.00342535623349, -0.00331851560622, 0.00521172815934, -0.00431730598211, -0.000371351052308, 0.00136589270551, 0.00069982977584, -0.00284696230665, 0.020618006587, -0.00733130192384, 0.0020853173919, 0.00282487249933], [0.000263665249804, -0.00117953785229, 0.00251254276372, -0.00194256962277, 0.00257549108937, 0.00121438945644, -0.0058061988093, 0.00284133967943, -0.000523917668033, -0.00733130192384, 0.0223433654755, -0.00346710067242, -0.00222179759294], [-0.00032853934681, 0.00220698583871, -0.00340645061806, 0.00386969000101, -0.000298849743558, 0.00101376126986, -0.000189790414879, -0.000627493020147, -0.00371086224914, 0.0020853173919, -0.00346710067242, 0.0198008790612, -0.00865918304771], [0.000268864474492, 5.23983762832e-05, 0.00247563142329, -0.000352669158019, -0.000356947479304, 0.00028529271367, 0.00423573935404, 0.000591703224927, -0.00200151978061, 0.00282487249933, -0.00222179759294, -0.00865918304771, 0.0249988529831]]
    },
    "melbands": {
        "max": [0.000733211985789, 0.00353728211485, 0.00811096280813, 0.0112444013357, 0.00910698156804, 0.00570393167436, 0.00325409509242, 0.00241466099396, 0.0029111423064, 0.00368065666407, 0.00149819429498, 0.00152583536692, 0.00144621415529, 0.00129867147189, 0.00143718195613, 0.00141751440242, 0.000862117216457, 0.0011305307271, 0.00223910599016, 0.000773691223003, 0.00060658849543, 0.000764791679103, 0.000424904399551, 0.00019803410396, 0.000167790582054, 0.000158184135216, 0.000126780258142, 8.6624721007e-05, 7.86700184108e-05, 6.47419728921e-05, 0.00012433239317, 5.81434214837e-05, 4.90924539918e-05, 9.66226507444e-05, 8.14796803752e-05, 3.75211820938e-05, 2.88557166641e-05, 1.865208651e-05, 1.02735375549e-05, 2.29743159252e-06],
        "mean": [5.72141543671e-05, 0.000272419012617, 0.00059914868325, 0.000823377980851, 0.000676439492963, 0.000354474876076, 0.000235499290284, 0.000173547115992, 0.000216296888539, 0.000176808811375, 0.000165811215993, 0.000155285364599, 0.000123456542497, 0.000111098255729, 0.00012115186837, 9.34463459998e-05, 0.000120717770187, 0.000122273209854, 0.000122278681374, 8.93632968655e-05, 7.22129552742e-05, 5.71684468014e-05, 3.88834596379e-05, 2.82102064375e-05, 2.75213315035e-05, 2.13339608308e-05, 1.61217394634e-05, 1.45088733916e-05, 1.02691947177e-05, 6.32712817605e-06, 5.64394986213e-06, 4.91767741551e-06, 4.31218313679e-06, 3.56484474651e-06, 2.74685680779e-06, 1.83627400929e-06, 1.147119292e-06, 7.1994031714e-07, 4.01899455937e-07, 1.92182596948e-07],
        "min": [4.30762196746e-14, 4.50039319843e-15, 3.02926319927e-15, 2.11401403009e-15, 2.28207976638e-15, 2.47259272281e-15, 1.04853615618e-15, 2.50426010834e-15, 1.00723804839e-14, 2.94799144677e-14, 2.48938595567e-14, 2.14478855818e-14, 1.13829505175e-14, 1.09904142739e-14, 1.83997748407e-14, 2.67145060549e-14, 1.57849587215e-14, 1.38652296973e-14, 5.21371648925e-15, 1.8233575118e-14, 2.81172383553e-14, 2.25552998452e-14, 6.98318440969e-15, 1.14385785593e-14, 2.50605234535e-14, 1.49310275379e-14, 1.85376989096e-14, 1.11949786599e-14, 2.23552492978e-14, 1.41689342076e-14, 1.56991881653e-14, 1.88543638709e-14, 1.55450281689e-14, 1.68378782732e-14, 1.64699932295e-14, 1.65170052521e-14, 1.70674479188e-14, 1.69033420616e-14, 1.6054604884e-14, 1.78520867251e-14],
        "stdev": [8.38192208903e-05, 0.000433131732279, 0.000945408537518, 0.00123480870388, 0.00106667587534, 0.000636757584289, 0.000375951320166, 0.000246104347752, 0.000316296063829, 0.000317216821713, 0.00018511453527, 0.000170690182131, 0.000159283299581, 0.000148883555084, 0.000158717230079, 0.000146311998833, 0.000136316259159, 0.000150918756844, 0.000185438446351, 0.000111563764222, 8.64526155056e-05, 6.91592431394e-05, 4.86973185616e-05, 3.2110758184e-05, 2.86008489638e-05, 2.22341514018e-05, 1.51536332851e-05, 1.47064338307e-05, 1.05192211777e-05, 7.59266367822e-06, 7.88501620264e-06, 6.2102890297e-06, 5.92224841967e-06, 6.1679747887e-06, 5.25890709469e-06, 3.01831096294e-06, 1.90633716102e-06, 1.21604432479e-06, 6.23664163868e-07, 2.11516550053e-07]
    },
    "melbands128": {
        "max": [4.84781121486e-05, 0.000272847595625, 0.000904177548364, 0.00289047486149, 0.00403881631792, 0.00577113591135, 0.0120870219544, 0.0110444175079, 0.0124751897529, 0.0119609516114, 0.0190548766404, 0.0107374880463, 0.0129005424678, 0.019429532811, 0.0051878625527, 0.0026736324653, 0.00625089369714, 0.00325034419075, 0.00560513092205, 0.00289003457874, 0.00308463489637, 0.00500544300303, 0.00405079592019, 0.00601412542164, 0.00790731981397, 0.00319031323306, 0.00201055128127, 0.00177098554559, 0.00438698753715, 0.0014943809947, 0.00269600166939, 0.0023369374685, 0.00222093379125, 0.00158873747569, 0.00155586318579, 0.00266851624474, 0.00144302111585, 0.00237751589157, 0.00178187002894, 0.0016700963024, 0.00240131397732, 0.00109843490645, 0.00191497243941, 0.00184109434485, 0.00290072942153, 0.00148568232544, 0.00171841203701, 0.00180371233728, 0.00533881690353, 0.00169119995553, 0.000951653986704, 0.0010412898846, 0.000776495609898, 0.000729266088456, 0.00153286312707, 0.000693210982718, 0.000712083827239, 0.00064241187647, 0.000538774242159, 0.000350563175743, 0.0002783703967, 0.000299631152302, 0.000471825158456, 0.000306107132928, 0.000323558720993, 0.000295695645036, 0.00023656556732, 0.000120032913401, 0.000219531808398, 0.000182033763849, 0.000175369394128, 0.000239807282924, 0.000122534824186, 0.000122271871078, 8.3698243543e-05, 7.16374706826e-05, 0.000109706168587, 6.8409157393e-05, 0.000230955338338, 9.95146983769e-05, 5.76826860197e-05, 6.255297194e-05, 7.30404790374e-05, 5.3615309298e-05, 0.000100323894003, 7.80093614594e-05, 0.000137301554787, 0.000105086372059, 0.000122302764794, 7.78115499998e-05, 5.55505539523e-05, 3.45769258274e-05, 3.53900031769e-05, 3.33129501087e-05, 3.6239362089e-05, 2.62143494183e-05, 1.84252512554e-05, 1.69049544638e-05, 1.2043161405e-05, 9.28518147703e-06, 2.5343344987e-06, 1.8527642851e-06, 1.08114761588e-06, 8.87069120381e-07, 9.18461353194e-07, 1.05546985196e-06, 2.63011202151e-07, 4.7512241963e-07, 1.59432957503e-07, 1.16845633613e-07, 8.85953497232e-08, 3.72086290668e-08, 6.89435397661e-09, 5.435848216e-09, 2.49911313865e-09, 2.48711762296e-09, 2.42688669161e-09, 2.36890840277e-09, 2.32810970502e-09, 2.29003127572e-09, 2.24965668316e-09, 2.21457141514e-09, 2.19135776192e-09, 2.15465512099e-09, 2.10425943337e-09, 2.09310546673e-09, 2.08362704868e-09, 2.07110617545e-09],
        "mean": [4.72968849863e-06, 1.84331474884e-05, 6.55279582134e-05, 0.000155324072693, 0.000252278434345, 0.000344749423675, 0.000548839278053, 0.000620632024948, 0.00075117306551, 0.000927251647227, 0.000849489762913, 0.000577457481995, 0.000695172464475, 0.000742289412301, 0.00027291526203, 0.000191231651115, 0.000255078542978, 0.000234572769841, 0.000231226644246, 0.000177629743121, 0.00013837638835, 0.000178709815373, 0.000223915558308, 0.000267830124358, 0.000201306887902, 0.000134108646307, 0.000128933534143, 0.000172682048287, 0.00020479025261, 0.000143947516335, 0.000154605470016, 0.000141365773743, 0.000117928095278, 0.000114313916129, 0.000108199514216, 0.000108900705527, 0.000115183014714, 0.000136610906338, 0.000116277806228, 9.22992185224e-05, 8.71086085681e-05, 9.15151103982e-05, 0.000118490577734, 0.00012920491281, 0.000157281276188, 0.000105371487734, 0.000105111292214, 0.000122597833979, 0.000144340549014, 9.59637400229e-05, 7.70286787883e-05, 8.6751919298e-05, 7.46465157135e-05, 6.60526638967e-05, 6.6690678068e-05, 5.79230327276e-05, 4.77816902276e-05, 4.30174222856e-05, 3.48008070432e-05, 3.30768998538e-05, 2.59411335719e-05, 2.48690685112e-05, 3.1887426303e-05, 2.60683355009e-05, 2.56839120993e-05, 2.14170868276e-05, 1.92691441043e-05, 1.65560850292e-05, 1.62618052855e-05, 1.37327624543e-05, 1.53009968926e-05, 1.49078696268e-05, 1.15894790724e-05, 1.01646655821e-05, 7.54412803872e-06, 6.47332353765e-06, 5.49919968762e-06, 5.93280856265e-06, 5.77045284444e-06, 5.37118967259e-06, 5.00063879372e-06, 4.7760840971e-06, 4.46583635494e-06, 4.41609972768e-06, 4.03864032705e-06, 3.76784964828e-06, 3.42468251802e-06, 3.09817164634e-06, 2.82108362626e-06, 2.41391012423e-06, 2.09075369639e-06, 1.66118047673e-06, 1.44020975767e-06, 1.13546741431e-06, 1.01786599771e-06, 7.91306490555e-07, 6.97800942362e-07, 5.34236107796e-07, 4.25615240829e-07, 3.28393525706e-07, 2.3508795266e-07, 1.70920117171e-07, 1.35399844226e-07, 1.0733552358e-07, 7.68554073716e-08, 5.23507956984e-08, 3.30072857935e-08, 2.46708236062e-08, 1.7301632127e-08, 1.12136788744e-08, 8.20506773636e-09, 3.01831337701e-09, 1.39732544979e-10, 4.74844503995e-11, 3.03116802491e-11, 2.97318628051e-11, 1.11740451961e-11, 6.93089986445e-12, 6.77254042777e-12, 6.62494798603e-12, 6.46883111313e-12, 6.37025978842e-12, 6.27960270588e-12, 6.16065748762e-12, 5.8744437266e-12, 5.48225657579e-12, 5.26758237723e-12, 5.21142764359e-12],
        "min": [1.45965826774e-13, 4.49586724728e-14, 1.54506585342e-14, 5.72208618243e-15, 1.84263166181e-15, 1.40550400399e-15, 4.07230782909e-15, 3.35204797371e-15, 1.75331860203e-15, 2.76150697903e-15, 1.79060118072e-15, 9.98499061245e-16, 2.92865982557e-15, 2.45937837356e-15, 2.27105880895e-15, 7.31030673397e-16, 5.58452422015e-16, 1.61681267807e-15, 8.18521447673e-16, 1.89727227493e-15, 3.04367588838e-15, 4.82414359043e-15, 4.71997844319e-15, 2.36123478355e-14, 2.01924201237e-14, 3.14624560671e-14, 2.18333821346e-14, 1.69519024604e-14, 1.89868482942e-14, 1.39527248127e-14, 2.66447495035e-14, 2.90542736354e-14, 6.12654949694e-15, 3.06700465805e-15, 5.00325633042e-15, 9.22495112525e-15, 2.76725443639e-14, 1.40994241429e-14, 3.5605034173e-15, 2.56940041482e-14, 1.29863974392e-14, 3.04930776809e-14, 1.64950772632e-14, 3.38588376358e-15, 2.15404561186e-14, 1.59650294558e-14, 7.20506384319e-15, 1.43699213617e-15, 5.26415687774e-15, 1.20720389251e-14, 1.65696771489e-14, 2.61465348884e-14, 3.4596555899e-14, 1.61626795118e-14, 4.38511091317e-14, 2.00453565693e-14, 1.34354519562e-14, 3.74326136358e-15, 6.69072807344e-15, 7.82953718948e-15, 1.16639020287e-14, 7.82254154437e-15, 3.52288727704e-14, 2.71028960722e-14, 1.4244476841e-14, 2.07090492351e-14, 8.19576204862e-15, 1.24981896712e-14, 1.96260667901e-14, 3.36903526181e-14, 4.66603896159e-15, 3.59368339191e-15, 1.24512835277e-14, 1.97279648536e-14, 4.9606870803e-14, 7.13616110106e-15, 4.49765982311e-15, 9.30788496815e-15, 1.66990563494e-14, 2.14896460002e-14, 2.35018320587e-14, 9.68447920463e-15, 2.71742738446e-14, 1.23134263745e-14, 1.26569532917e-14, 1.06497960678e-14, 2.05127442674e-14, 2.52237500906e-14, 1.41366944396e-14, 1.36151245849e-14, 1.09233606047e-14, 1.86062933317e-14, 2.35711617054e-14, 1.6650456987e-14, 1.46215911557e-14, 1.0025051671e-14, 2.15757265705e-14, 2.18554913886e-14, 8.81850151848e-15, 2.15203187573e-14, 1.49603569008e-14, 1.92722255526e-14, 1.8501872804e-14, 9.29821608706e-15, 2.4918802983e-14, 1.40065080167e-14, 1.48492770001e-14, 2.07364405866e-14, 1.55899226092e-14, 1.88377857421e-14, 1.28211540167e-14, 2.22533427639e-14, 1.19029016922e-14, 1.80923645613e-14, 1.8585092097e-14, 1.50331983461e-14, 1.90385054456e-14, 1.47243125353e-14, 1.72362107632e-14, 1.66723883641e-14, 1.60194648752e-14, 1.80962016205e-14, 1.51549542501e-14, 1.67084346982e-14, 1.04468122453e-14, 4.75477243908e-15, 5.72694751627e-16, 1.52709816438e-17],
        "stdev": [5.70016300117e-06, 2.55251670751e-05, 0.00011568624177, 0.000259602762526, 0.000423232180765, 0.000731203472242, 0.0012066476047, 0.0011544409208, 0.00136337988079, 0.00162595906295, 0.0015823575668, 0.000995257403702, 0.00138132600114, 0.00196774676442, 0.000597960257437, 0.000312331860187, 0.000528569449671, 0.000447080587037, 0.000477040361147, 0.000326428242261, 0.000222767164814, 0.000355263531674, 0.000417658797232, 0.000586492707953, 0.000573561235797, 0.000288062554318, 0.000212723389268, 0.00023305338982, 0.000341771665262, 0.000209334582905, 0.000237967382418, 0.000216539876419, 0.000207454708288, 0.000192773659364, 0.000181166105904, 0.000199174595764, 0.000171084349859, 0.000226155127166, 0.000205717980862, 0.000176146058948, 0.000192916078959, 0.000157989416039, 0.000188125006389, 0.000186384015251, 0.000275414669886, 0.000172096435563, 0.000200404057978, 0.000213773164432, 0.000333380914526, 0.000157416419825, 0.000124443176901, 0.000135762500577, 0.000113727044663, 9.76260416792e-05, 0.000108459811599, 8.0871694081e-05, 6.99316587998e-05, 7.55678556743e-05, 5.23616727151e-05, 4.6023134928e-05, 3.83293845516e-05, 3.51476119249e-05, 5.00524984091e-05, 3.42714520229e-05, 3.57521021215e-05, 2.97961523756e-05, 2.62560570263e-05, 1.85792359844e-05, 2.1145609935e-05, 1.82660551218e-05, 2.21692152991e-05, 2.18499662878e-05, 1.50319983732e-05, 1.43746710819e-05, 1.03741685962e-05, 8.88087924977e-06, 8.38812775328e-06, 8.42734516482e-06, 1.06288316601e-05, 8.12442067399e-06, 6.93622178005e-06, 6.6365460043e-06, 6.31410148344e-06, 6.65876086714e-06, 7.02753095538e-06, 6.75415640217e-06, 6.97617224432e-06, 6.39930203761e-06, 6.02813952355e-06, 5.1983092817e-06, 3.91594903704e-06, 2.72730903816e-06, 2.28170438277e-06, 2.17341016651e-06, 1.9316662474e-06, 1.5926133301e-06, 1.14500471682e-06, 9.39854942317e-07, 7.15051044153e-07, 5.22092648225e-07, 2.83446638605e-07, 1.98691580522e-07, 1.51057804487e-07, 1.19792048281e-07, 9.37971336157e-08, 7.51224149553e-08, 3.85188414498e-08, 3.4320557063e-08, 2.02969712149e-08, 1.39226763451e-08, 1.06232933561e-08, 4.47731318687e-09, 4.28939161967e-10, 2.5190419195e-10, 1.10196886338e-10, 1.08410447286e-10, 8.37844307822e-11, 8.08976080569e-11, 7.94999968634e-11, 7.81968170771e-11, 7.68163727072e-11, 7.56158816118e-11, 7.48197476197e-11, 7.35673189034e-11, 7.18537035427e-11, 7.14821882242e-11, 7.11636166661e-11, 7.07369995911e-11]
    },
    "mfcc": {
        "mean": [-624.890869141, 104.880378723, -27.0287895203, 13.485534668, -9.29427623749, 1.19639229774, -12.0326557159, -1.13864850998, -9.17543792725, -0.348728060722, -8.77633666992, -7.25292682648, -6.24934959412],
        "cov": [[8874.47558594, -512.861755371, -1479.13012695, -177.788894653, -252.513473511, -3.93880534172, -177.37612915, 106.420326233, 21.8606987, 186.630996704, -74.2298812866, 94.2191696167, 69.3114624023], [-512.861755371, 1399.40625, 606.905029297, 294.327362061, 152.487182617, -58.6240615845, 47.9935760498, -119.65776062, -135.287307739, -77.7390365601, -47.605632782, -148.548355103, -91.4425811768], [-1479.13012695, 606.905029297, 1021.18518066, 330.803955078, 84.9610137939, -9.93809700012, 8.91506385803, -84.8493347168, -111.450744629, -115.911705017, -25.9501495361, -92.3390655518, -73.3640899658], [-177.788894653, 294.327362061, 330.803955078, 356.869995117, 102.132301331, -63.5793266296, -44.6421012878, -40.5321426392, -54.571105957, -23.8237285614, -59.8102073669, -60.9688148499, -4.52629899979], [-252.513473511, 152.487182617, 84.9610137939, 102.132301331, 143.141220093, -1.0600477457, -28.3072509766, -12.3629074097, 6.58014774323, 6.66229438782, -19.4965858459, -31.5090408325, 5.89436388016], [-3.93880534172, -58.6240615845, -9.93809700012, -63.5793266296, -1.0600477457, 124.246292114, 43.5657463074, 26.251581192, 23.3473262787, 17.881729126, 37.6198577881, 28.7917709351, -3.5753633976], [-177.37612915, 47.9935760498, 8.91506385803, -44.6421012878, -28.3072509766, 43.5657463074, 141.603408813, 20.1943264008, -4.44002437592, 28.7103996277, 33.5543899536, 11.0029754639, -12.3949518204], [106.420326233, -119.65776062, -84.8493347168, -40.5321426392, -12.3629074097, 26.251581192, 20.1943264008, 112.387031555, 51.4228286743, 13.4252529144, 21.3433494568, 30.7467727661, 17.6320285797], [21.8606987, -135.287307739, -111.450744629, -54.571105957, 6.58014774323, 23.3473262787, -4.44002437592, 51.4228286743, 85.8637542725, 30.1225070953, 12.953663826, 19.9806423187, 18.309425354], [186.630996704, -77.7390365601, -115.911705017, -23.8237285614, 6.66229438782, 17.881729126, 28.7103996277, 13.4252529144, 30.1225070953, 81.1405334473, 25.715215683, 13.8205938339, 8.85706043243], [-74.2298812866, -47.605632782, -25.9501495361, -59.8102073669, -19.4965858459, 37.6198577881, 33.5543899536, 21.3433494568, 12.953663826, 25.715215683, 76.3479537964, 39.2589111328, -3.74275040627], [94.2191696167, -148.548355103, -92.3390655518, -60.9688148499, -31.5090408325, 28.7917709351, 11.0029754639, 30.7467727661, 19.9806423187, 13.8205938339, 39.2589111328, 82.1343460083, 23.7581176758], [69.3114624023, -91.4425811768, -73.3640899658, -4.52629899979, 5.89436388016, -3.5753633976, -12.3949518204, 17.6320285797, 18.309425354, 8.85706043243, -3.74275040627, 23.7581176758, 54.2402458191]],
        "icov": [[0.00020549139299, -0.000126277111121, 0.000379106175387, -0.000253216334386, 0.000554551254027, -0.00036562528112, 0.000508846482262, -0.00029500076198, 0.000452648208011, -0.000511238176841, 0.000380121782655, -8.89236689545e-05, 0.00013983991812], [-0.000126277111121, 0.0014399777865, -0.000509956851602, -0.000107138846943, -0.00154351815581, 0.000661468598992, -0.00127278547734, 0.000519272463862, 0.000454570137663, 0.0010494380258, -0.000737887516152, 0.00108521617949, 0.000790909049101], [0.000379106175387, -0.000509956851602, 0.00300571136177, -0.00255067879334, 0.00110390118789, -0.00160961027723, 0.000248002470471, 0.000192606865312, 0.000586136651691, 0.00220826244913, -0.00111792667303, 0.000637275632471, 0.00136170152109], [-0.000253216334386, -0.000107138846943, -0.00255067879334, 0.00709955720231, -0.00341343740001, 0.00243489653803, 0.000751241052058, -0.00137399358209, 0.00259512825869, -0.00307929888368, 0.00308415596373, -0.000387579173548, -0.00155542406719], [0.000554551254027, -0.00154351815581, 0.00110390118789, -0.00341343740001, 0.0131590012461, -0.00363058177754, 0.00383504084311, -4.95651111123e-05, -0.00203734193929, -0.00345199438743, 0.000805937801488, 0.00257781520486, -0.00270149251446], [-0.00036562528112, 0.000661468598992, -0.00160961027723, 0.00243489653803, -0.00363058177754, 0.0124279167503, -0.003624193836, -8.58202547533e-05, -0.0022520464845, 0.000622823659796, -0.00252143386751, -0.00242337398231, 0.00156788853928], [0.000508846482262, -0.00127278547734, 0.000248002470471, 0.000751241052058, 0.00383504084311, -0.003624193836, 0.0122590791434, -0.00370884151198, 0.00442025437951, -0.0068700267002, 0.000239592875005, 0.000264820992015, 0.000483816169435], [-0.00029500076198, 0.000519272463862, 0.000192606865312, -0.00137399358209, -4.95651111123e-05, -8.58202547533e-05, -0.00370884151198, 0.0149627253413, -0.00944824144244, 0.00471934350207, -0.00289670214988, -0.00128746207338, -0.00153075507842], [0.000452648208011, 0.000454570137663, 0.000586136651691, 0.00259512825869, -0.00203734193929, -0.0022520464845, 0.00442025437951, -0.00944824144244, 0.0239063892514, -0.00794006418437, 0.00246693240479, 0.00062302214792, -0.00152427086141], [-0.000511238176841, 0.0010494380258, 0.00220826244913, -0.00307929888368, -0.00345199438743, 0.000622823659796, -0.0068700267002, 0.00471934350207, -0.00794006418437, 0.0240061152726, -0.00917316041887, 0.00274580856785, -0.000610939052422], [0.000380121782655, -0.000737887516152, -0.00111792667303, 0.00308415596373, 0.000805937801488, -0.00252143386751, 0.000239592875005, -0.00289670214988, 0.00246693240479, -0.00917316041887, 0.0260526612401, -0.0115263657644, 0.00526978494599], [-8.89236689545e-05, 0.00108521617949, 0.000637275632471, -0.000387579173548, 0.00257781520486, -0.00242337398231, 0.000264820992015, -0.00128746207338, 0.00062302214792, 0.00274580856785, -0.0115263657644, 0.0245695691556, -0.00940395332873], [0.00013983991812, 0.000790909049101, 0.00136170152109, -0.00155542406719, -0.00270149251446, 0.00156788853928, 0.000483816169435, -0.00153075507842, -0.00152427086141, -0.000610939052422, 0.00526978494599, -0.00940395332873, 0.0274052936584]]
    },
    "spectral_contrast_coeffs": {
        "max": [-0.356393814087, -0.59052079916, -0.566625714302, -0.631798923016, -0.640739560127, -0.614373683929],
        "mean": [-0.663223385811, -0.781881988049, -0.780045509338, -0.774493396282, -0.77233850956, -0.737573504448],
        "min": [-0.936289310455, -0.958849787712, -0.958278179169, -0.960944890976, -0.939874112606, -0.926832914352],
        "stdev": [0.0921594649553, 0.0612749457359, 0.0554751716554, 0.0569927319884, 0.0486424863338, 0.0434740707278]
    },
    "spectral_contrast_valleys": {
        "max": [-5.36584281921, -4.73586797714, -5.10223436356, -5.26170539856, -5.48429775238, -8.33880519867],
        "mean": [-7.33634662628, -6.52424526215, -6.9865489006, -7.19905662537, -7.3035492897, -10.2353420258],
        "min": [-18.9899101257, -18.293132782, -17.403881073, -17.5869598389, -16.9257049561, -18.3141956329],
        "stdev": [1.38469946384, 1.21780693531, 1.29810535908, 1.39014983177, 1.28213739395, 1.03845989704]
    }
},
"rhythm": {
    "beats_count": 33,
    "beats_loudness": {
        "max": 0.0622316151857,
        "mean": 0.031008373946,
        "min": 0.00252108927816,
        "stdev": 0.0135640660301
    },
    "bpm": 99.8083724976,
    "bpm_histogram_first_peak_bpm": 101,
    "bpm_histogram_first_peak_weight": 0.533333301544,
    "bpm_histogram_second_peak_bpm": 96,
    "bpm_histogram_second_peak_spread": 0.25,
    "bpm_histogram_second_peak_weight": 0.1875,
    "danceability": 1.15493416786,
    "onset_rate": 2.8125,
    "beats_loudness_band_ratio": {
        "max": [0.675703763962, 0.768734812737, 0.402197897434, 0.543122053146, 0.442653417587, 0.267787873745],
        "mean": [0.19907219708, 0.238280490041, 0.174612924457, 0.185917049646, 0.183594614267, 0.0739509314299],
        "min": [0.00432737870142, 0.0137767968699, 0.0202375221997, 0.0259982831776, 0.0104202730581, 0.00389433722012],
        "stdev": [0.202197536826, 0.209016472101, 0.0966762751341, 0.13806013763, 0.143483430147, 0.0591463856399]
    },
    "beats_position": [0.650158703327, 1.30031740665, 1.95047616959, 2.57741498947, 3.20435357094, 3.83129239082, 4.45823097229, 5.07355976105, 5.6888885498, 6.30421733856, 6.91954612732, 7.5464849472, 8.16181373596, 8.77714252472, 9.38086128235, 10.0078001022, 10.5999088287, 11.1920175552, 11.7841272354, 12.3762359619, 12.9567346573, 13.5488433838, 14.1409521103, 14.7330608368, 15.2787294388, 15.8011789322, 16.3236274719, 16.8809070587, 17.4149665833, 17.9490242004, 18.4946937561, 19.0403633118, 19.5860309601],
