{
"metadata": {
    "version": {
        "essentia": "2.1-beta5",
        "essentia_git_sha": "Undefined",
        "extractor": "music 2.0"
    },
    "audio_properties": {
        "analysis": {
            "equal_loudness": 0,
            "length": 45.2556915283,
            "sample_rate": 44100,
            "start_time": 113.742950439,
            "downmix": "mix"
        },
        "bit_rate": 192000,
        "length": 250.05569458,
        "lossless": 0,
        "number_channels": 1,
        "replay_gain": 0.202041625977,
        "sample_rate": 44100,
        "codec": "mp3",
        "md5_encoded": "736b431ef751269da9304cfde9018a11"
    },
    "tags": {
        "file_name": "France_Et Bonjour à Toi L_artiste_Nicole Rieu.mp3",
        "encoding": ["Lavf58.29.100"]
    }
},
"lowlevel": {
    "average_loudness": 0.924122273922,
    "barkbands_crest": {
        "max": 26.066110611,
        "mean": 12.1181182861,
        "min": 3.49039435387,
        "stdev": 4.58298635483
    },
    "barkbands_flatness_db": {
        "max": 0.383901894093,
        "mean": 0.201437622309,
        "min": 0.0686654746532,
        "stdev": 0.04356893152
    },
    "barkbands_kurtosis": {
        "max": 89.9017486572,
        "mean": 8.38596343994,
        "min": -1.8730199337,
        "stdev": 11.6039705276
    },
    "barkbands_skewness": {
        "max": 8.71386241913,
        "mean": 1.89544510841,
        "min": -1.65091991425,
        "stdev": 1.39594936371
    },
    "barkbands_spread": {
        "max": 90.0574035645,
        "mean": 10.8980922699,
        "min": 0.650886237621,
        "stdev": 10.3811578751
    },
    "dissonance": {
        "max": 0.5,
        "mean": 0.425262331963,
        "min": 0.273525029421,
        "stdev": 0.0411936976016
    },
    "dynamic_complexity": 2.2694683075,
    "erbbands_crest": {
        "max": 29.6744403839,
        "mean": 13.9121351242,
        "min": 2.95251965523,
        "stdev": 5.80435991287
    },
    "erbbands_flatness_db": {
        "max": 0.355530619621,
        "mean": 0.23054921627,
        "min": 0.0857950672507,
        "stdev": 0.0404288545251
    },
    "erbbands_kurtosis": {
        "max": 34.4917297363,
        "mean": 3.27796816826,
        "min": -1.71043562889,
        "stdev": 4.16121101379
    },
    "erbbands_skewness": {
        "max": 5.17176246643,
        "mean": 1.130838871,
        "min": -3.25440382957,
        "stdev": 0.980618655682
    },
    "erbbands_spread": {
        "max": 113.302764893,
        "mean": 23.3903179169,
        "min": 4.18881416321,
        "stdev": 16.1149902344
    },
    "hfc": {
        "max": 195.202392578,
        "mean": 16.4127635956,
        "min": 0.309568196535,
        "stdev": 15.8609800339
    },
    "loudness_ebu128": {
        "integrated": -27.7047691345,
        "loudness_range": 3.01755142212,
        "momentary": {
            "max": -24.1834392548,
            "mean": -28.1399917603,
            "min": -38.6658859253,
            "stdev": 2.08114910126
        },
        "short_term": {
            "max": -25.6555404663,
            "mean": -27.7637119293,
            "min": -30.1057071686,
            "stdev": 0.958558082581
        }
    },
    "melbands_crest": {
        "max": 30.6004714966,
        "mean": 14.5792570114,
        "min": 4.55966758728,
        "stdev": 5.4335808754
    },
    "melbands_flatness_db": {
        "max": 0.452776044607,
        "mean": 0.243408277631,
        "min": 0.0627779886127,
        "stdev": 0.0540313236415
    },
    "melbands_kurtosis": {
        "max": 201.161056519,
        "mean": 13.2979679108,
        "min": -1.83638381958,
        "stdev": 19.9434375763
    },
    "melbands_skewness": {
        "max": 12.330991745,
        "mean": 2.15643811226,
        "min": -0.482552915812,
        "stdev": 1.56691563129
    },
    "melbands_spread": {
        "max": 223.275131226,
        "mean": 14.5615882874,
        "min": 0.938113689423,
        "stdev": 18.3042430878
    },
    "pitch_salience": {
        "max": 0.847266554832,
        "mean": 0.538858175278,
        "min": 0.122902430594,
        "stdev": 0.120564512908
    },
    "silence_rate_20dB": {
        "max": 1,
        "mean": 1,
        "min": 1,
        "stdev": 0
    },
    "silence_rate_30dB": {
        "max": 1,
        "mean": 1,
        "min": 1,
        "stdev": 0
    },
    "silence_rate_60dB": {
        "max": 1,
        "mean": 0.0189743582159,
        "min": 0,
        "stdev": 0.136435821652
    },
    "spectral_centroid": {
        "max": 4648.56738281,
        "mean": 781.487121582,
        "min": 245.770751953,
        "stdev": 452.184936523
    },
    "spectral_complexity": {
        "max": 47,
        "mean": 13.331281662,
        "min": 4,
        "stdev": 4.1964507103
    },
    "spectral_decrease": {
        "max": -2.01573341352e-10,
        "mean": -6.1338032431e-09,
        "min": -2.96607165495e-08,
        "stdev": 4.1116368088e-09
    },
    "spectral_energy": {
        "max": 0.114810526371,
        "mean": 0.0246390923858,
        "min": 0.000804210896604,
        "stdev": 0.0162402167916
    },
    "spectral_energyband_high": {
        "max": 0.0253878235817,
        "mean": 0.000449752784334,
        "min": 6.93465779023e-07,
        "stdev": 0.0017127658939
    },
    "spectral_energyband_low": {
        "max": 0.0203737374395,
        "mean": 0.00157073850278,
        "min": 7.63928346714e-06,
        "stdev": 0.0021823446732
    },
    "spectral_energyband_middle_high": {
        "max": 0.0435329079628,
        "mean": 0.00528727704659,
        "min": 3.20158542308e-05,
        "stdev": 0.00642617419362
    },
    "spectral_energyband_middle_low": {
        "max": 0.110571421683,
        "mean": 0.0180544778705,
        "min": 0.000419395975769,
        "stdev": 0.0143169853836
    },
    "spectral_entropy": {
        "max": 8.65217781067,
        "mean": 6.96804380417,
        "min": 5.38818740845,
        "stdev": 0.428363054991
    },
    "spectral_flux": {
        "max": 0.232350125909,
        "mean": 0.0762408152223,
        "min": 0.0101190330461,
        "stdev": 0.0342685319483
    },
    "spectral_kurtosis": {
        "max": 40.3903236389,
        "mean": 7.1155166626,
        "min": -1.53835010529,
        "stdev": 5.50615549088
    },
    "spectral_rms": {
        "max": 0.0105834901333,
        "mean": 0.00464749801904,
        "min": 0.000885774265043,
        "stdev": 0.00156170700211
    },
    "spectral_rolloff": {
        "max": 9474.609375,
        "mean": 997.57244873,
        "min": 236.865234375,
        "stdev": 1158.76391602
    },
    "spectral_skewness": {
        "max": 4.80832672119,
        "mean": 2.05467867851,
        "min": -0.370449393988,
        "stdev": 0.686746418476
    },
    "spectral_spread": {
        "max": 14111916,
        "mean": 3821356,
        "min": 1307016.5,
        "stdev": 1572065.75
    },
    "spectral_strongpeak": {
        "max": 10.2100839615,
        "mean": 1.63767540455,
        "min": 0,
        "stdev": 1.3096228838
    },
    "zerocrossingrate": {
        "max": 0.3212890625,
        "mean": 0.0417034737766,
        "min": 0.01025390625,
        "stdev": 0.0326123572886
    },
    "barkbands": {
        "max": [0.00130196416285, 0.00567055679858, 0.0116252489388, 0.0139668202028, 0.0998646691442, 0.0695768296719, 0.0541153922677, 0.0626127421856, 0.026588998735, 0.0366934649646, 0.0390521362424, 0.0177962426096, 0.0185128860176, 0.0180343892425, 0.0116030462086, 0.00892750080675, 0.00360049074516, 0.00544915068895, 0.00288228574209, 0.0052257697098, 0.00591464433819, 0.00526099372655, 0.015147796832, 0.0113057689741, 0.0022516339086, 0.000138125178637, 4.49613359876e-08],
        "mean": [1.55933685164e-05, 0.000270317570539, 0.000708267849404, 0.00110930146184, 0.00512401759624, 0.00541041605175, 0.00269062584266, 0.00197534379549, 0.00140843715053, 0.00233636423945, 0.000953620998189, 0.000458500930108, 0.000635932432488, 0.000271515455097, 0.000330239010509, 0.000141308890306, 8.31512370496e-05, 0.000136049333378, 9.47110384004e-05, 0.000102978396171, 6.82121899445e-05, 4.09195272368e-05, 0.000114920032502, 0.0001311662636, 2.48942960752e-05, 2.30087925956e-06, 1.37306077619e-09],
        "min": [3.55724871781e-08, 9.18557248042e-07, 6.51525226658e-07, 9.03103909877e-07, 2.73858750006e-05, 2.64664922724e-05, 1.7403252059e-05, 6.14647797192e-06, 3.50877553501e-06, 8.89782586455e-06, 1.03134334495e-06, 1.26858583371e-06, 1.22976155126e-06, 1.23538143271e-06, 1.35388279432e-06, 4.42144454382e-07, 3.69877540152e-07, 2.88456362796e-07, 3.02295205756e-07, 1.3929715692e-07, 2.86091932367e-08, 1.54294876875e-09, 2.64151656104e-09, 5.75314962337e-10, 2.35610836397e-10, 2.69103461736e-10, 3.75175696066e-10],
        "stdev": [4.04894453823e-05, 0.000396534509491, 0.00107381120324, 0.00163314573001, 0.00829001143575, 0.00887917447835, 0.00454297941178, 0.00536925718188, 0.00292579154484, 0.0042369524017, 0.00309875444509, 0.00125509139616, 0.00203092652373, 0.000876189849805, 0.000720315903891, 0.000489676487632, 0.000188270889339, 0.000386771658668, 0.000187229248695, 0.00029070788878, 0.000308576301904, 0.000207352175494, 0.000639640027657, 0.000750146980863, 0.000156646798132, 1.06961297206e-05, 1.88510407284e-09]
    },
    "erbbands": {
        "max": [0.0333824828267, 1.71720159054, 10.3713006973, 40.5014152527, 113.925628662, 545.032287598, 686.419555664, 766.139831543, 982.196472168, 1360.87036133, 1393.96398926, 840.66204834, 1304.60852051, 1494.50170898, 1224.5736084, 888.086608887, 1011.37487793, 320.043029785, 805.337341309, 541.790893555, 266.513824463, 109.183441162, 195.752914429, 313.494903564, 53.5591850281, 252.524093628, 334.448791504, 188.96005249, 194.861038208, 231.699813843, 454.63092041, 337.004943848, 162.60836792, 46.7461051941, 6.1194357872, 1.00142335892, 0.319925993681, 0.0175004526973, 0.000557037710678, 0.000151444444782],
        "mean": [0.00294698309153, 0.0864802971482, 0.679218173027, 2.6355073452, 8.43524646759, 21.4698982239, 25.5676040649, 48.9461135864, 42.7611465454, 36.2955131531, 48.3102416992, 36.1087226868, 40.5437812805, 88.0846252441, 25.8190727234, 22.2751674652, 32.0985527039, 12.8768205643, 20.7636051178, 13.4787549973, 5.89056634903, 4.39203691483, 5.78570604324, 7.54769992828, 3.94899010658, 5.55249071121, 4.42544364929, 1.32190144062, 1.37596845627, 2.21456050873, 3.44440984726, 3.05045938492, 1.92544293404, 0.512597680092, 0.0805723890662, 0.0170662794262, 0.0033949140925, 0.000114133938041, 1.89787861018e-05, 2.98452123388e-05],
        "min": [6.38485435047e-05, 0.000258886662778, 0.00122314761393, 0.011793079786, 0.0699821040034, 0.190721616149, 0.128626137972, 0.19291447103, 0.331254869699, 0.707468450069, 0.515063583851, 0.304539263248, 0.317283093929, 0.379515945911, 0.131048798561, 0.109447337687, 0.0607664771378, 0.0630983784795, 0.0848305076361, 0.0521846301854, 0.0226558353752, 0.0186472926289, 0.0187931135297, 0.0202964711934, 0.0100440876558, 0.00763723487034, 0.00221259845421, 0.00315043027513, 0.00111810152885, 0.000112648369395, 8.51862569107e-05, 3.74631672457e-05, 1.47222253872e-05, 1.28113952087e-05, 5.40352584721e-06, 3.3680710203e-06, 1.71568115093e-06, 4.39525990714e-07, 5.44792271739e-07, 1.0294132835e-06],
        "stdev": [0.00331699615344, 0.121250458062, 0.946279227734, 4.12723255157, 12.0476884842, 41.1993370056, 41.0589065552, 96.9558944702, 73.9498825073, 72.4468612671, 130.062057495, 77.0614471436, 92.4438018799, 162.483932495, 75.1283340454, 59.1224937439, 102.947471619, 24.2424888611, 53.3535079956, 33.8421058655, 12.93313694, 8.5616569519, 14.593834877, 19.7808303833, 6.13920497894, 16.4281597137, 17.4818592072, 7.95658874512, 7.28140497208, 9.54838085175, 19.6855335236, 16.9187316895, 11.948972702, 3.37586712837, 0.438613176346, 0.0764575824142, 0.0183678753674, 0.000713970744982, 3.44878462784e-05, 2.03270064958e-05]
    },
    "gfcc": {
        "mean": [-45.4729766846, 136.480545044, -136.047393799, 20.1853637695, -90.4500427246, 6.67073440552, -46.5784759521, -8.87067890167, -17.4301185608, -21.7408180237, 0.236788526177, -17.6907024384, -1.64631688595],
        "cov": [[2276.54394531, -912.089233398, -256.101928711, 202.490158081, -124.605369568, 180.146240234, -128.119995117, 174.763763428, -148.069869995, 50.2421836853, -65.4579238892, 20.3868484497, -42.902141571], [-912.089233398, 1064.88220215, -152.101531982, -166.469039917, 261.227172852, -179.542037964, 208.407485962, -212.65586853, 87.9390335083, -186.805496216, 138.284988403, -176.212097168, 63.2552223206], [-256.101928711, -152.101531982, 569.755981445, 20.4685516357, -57.3854408264, 84.6562194824, -93.4188308716, 57.1928215027, -63.2699012756, 90.3559494019, -120.080940247, 143.939193726, -56.2645683289], [202.490158081, -166.469039917, 20.4685516357, 272.430755615, -16.4006938934, -28.6486320496, -17.5756950378, 25.6007156372, 25.1901512146, 2.232817173, 39.2181510925, 14.9929590225, 24.5700721741], [-124.605369568, 261.227172852, -57.3854408264, -16.4006938934, 191.70085144, -39.6512947083, 62.1234283447, -27.8407249451, -24.3734741211, -20.2560138702, -1.40279912949, -38.7433433533, -4.01006793976], [180.146240234, -179.542037964, 84.6562194824, -28.6486320496, -39.6512947083, 237.652664185, 11.2836704254, 40.723991394, -29.097826004, 10.8332519531, -36.8879470825, -4.47924613953, -29.9274635315], [-128.119995117, 208.407485962, -93.4188308716, -17.5756950378, 62.1234283447, 11.2836704254, 163.185516357, -33.6469306946, -11.7013902664, -39.352104187, 57.9064826965, -53.4423065186, 2.16121435165], [174.763763428, -212.65586853, 57.1928215027, 25.6007156372, -27.8407249451, 40.723991394, -33.6469306946, 139.149810791, -1.40381109715, 58.1464958191, -47.3290596008, 48.4585456848, -23.1886825562], [-148.069869995, 87.9390335083, -63.2699012756, 25.1901512146, -24.3734741211, -29.097826004, -11.7013902664, -1.40381109715, 217.565200806, -40.8930740356, 66.7887649536, -27.9350891113, 17.5224685669], [50.2421836853, -186.805496216, 90.3559494019, 2.232817173, -20.2560138702, 10.8332519531, -39.352104187, 58.1464958191, -40.8930740356, 167.111068726, -32.5488700867, 63.6943702698, -46.5355949402], [-65.4579238892, 138.284988403, -120.080940247, 39.2181510925, -1.40279912949, -36.8879470825, 57.9064826965, -47.3290596008, 66.7887649536, -32.5488700867, 215.050460815, -40.6642494202, 27.1227359772], [20.3868484497, -176.212097168, 143.939193726, 14.9929590225, -38.7433433533, -4.47924613953, -53.4423065186, 48.4585456848, -27.9350891113, 63.6943702698, -40.6642494202, 151.340454102, -9.41490840912], [-42.902141571, 63.2552223206, -56.2645683289, 24.5700721741, -4.01006793976, -29.9274635315, 2.16121435165, -23.1886825562, 17.5224685669, -46.5355949402, 27.1227359772, -9.41490840912, 91.0640182495]],
        "icov": [[0.000995063572191, 0.000864002329763, 0.000750696344767, -0.000361466751201, -0.00042269367259, -0.000358543795301, 0.000515674881171, -0.000350608752342, 0.000687385443598, 0.000672977825161, -0.000183239637408, 0.000193478699657, 0.000478244561236], [0.000864002329763, 0.00765685085207, -0.00250372686423, 0.00409691827372, -0.0066712605767, 0.00406665122136, -0.00447157863528, 0.00346759427339, -0.00222871196456, 0.00307042198256, -0.00192946963944, 0.00411769328639, -0.00253381021321], [0.000750696344767, -0.00250372686423, 0.00488323997706, -0.00273416168056, 0.00263105588965, -0.00323555828072, 0.00332132144831, -0.00127274543047, 0.00193679798394, -0.000804991286714, 0.00152179331053, -0.00394911784679, 0.00285168061964], [-0.000361466751201, 0.00409691827372, -0.00273416168056, 0.00711478851736, -0.00383321731351, 0.00347921578214, -0.00298950984143, 0.00122713309247, -0.00211573182605, 0.00141659844667, -0.00214757653885, 0.00262316828594, -0.00322517217137], [-0.00042269367259, -0.0066712605767, 0.00263105588965, -0.00383321731351, 0.0126810688525, -0.00233052438125, 0.0017718001036, -0.00299185933545, 0.0029241272714, -0.00243738340214, 0.00270807859488, -0.00257988995872, 0.00320182507858], [-0.000358543795301, 0.00406665122136, -0.00323555828072, 0.00347921578214, -0.00233052438125, 0.00839270837605, -0.00456303497776, 0.000696213101037, -0.00142780714668, 0.00187955948059, -0.000730719242711, 0.00401267129928, -0.00112267257646], [0.000515674881171, -0.00447157863528, 0.00332132144831, -0.00298950984143, 0.0017718001036, -0.00456303497776, 0.0129595110193, -0.00262677157298, 0.00360804027878, -0.000230191406445, -0.00130458502099, -0.00179120840039, 0.00320116290823], [-0.000350608752342, 0.00346759427339, -0.00127274543047, 0.00122713309247, -0.00299185933545, 0.000696213101037, -0.00262677157298, 0.0126916477457, -0.00303286104463, -0.00143766403198, 0.00110440852586, -0.000271357916063, -0.000808193348348], [0.000687385443598, -0.00222871196456, 0.00193679798394, -0.00211573182605, 0.0029241272714, -0.00142780714668, 0.00360804027878, -0.00303286104463, 0.00742448214442, 0.000946878048126, -0.00126368214842, -0.000623654981609, 0.00180823798291], [0.000672977825161, 0.00307042198256, -0.000804991286714, 0.00141659844667, -0.00243738340214, 0.00187955948059, -0.000230191406445, -0.00143766403198, 0.000946878048126, 0.0107009196654, -0.00162026158068, -0.000647545966785, 0.00315625476651], [-0.000183239637408, -0.00192946963944, 0.00152179331053, -0.00214757653885, 0.00270807859488, -0.000730719242711, -0.00130458502099, 0.00110440852586, -0.00126368214842, -0.00162026158068, 0.00749162212014, -0.00113559619058, 3.13543932862e-05], [0.000193478699657, 0.00411769328639, -0.00394911784679, 0.00262316828594, -0.00257988995872, 0.00401267129928, -0.00179120840039, -0.000271357916063, -0.000623654981609, -0.000647545966785, -0.00113559619058, 0.0134366070852, -0.00322180590592], [0.000478244561236, -0.00253381021321, 0.00285168061964, -0.00322517217137, 0.00320182507858, -0.00112267257646, 0.00320116290823, -0.000808193348348, 0.00180823798291, 0.00315625476651, 3.13543932862e-05, -0.00322180590592, 0.0160115621984]]
    },
    "melbands": {
        "max": [0.000891143106855, 0.00378317153081, 0.00570360943675, 0.0251500718296, 0.0206928029656, 0.0151904495433, 0.0133192995563, 0.0134323528036, 0.0100729763508, 0.0051408582367, 0.00645173760131, 0.00587368942797, 0.00531077524647, 0.00149385677651, 0.00165160337929, 0.00245727272704, 0.000599487684667, 0.00182581064291, 0.000779808440711, 0.000899595499504, 0.000194017702597, 0.00017942469276, 0.000117927331303, 0.000302881264361, 0.000270526768873, 4.56428679172e-05, 5.76009479119e-05, 0.000221081252676, 0.000243704969762, 0.000132034896524, 0.000137598719448, 0.000113855327072, 0.000101720434031, 0.000164911063621, 0.000264550035354, 0.000323585263686, 0.000163547185366, 0.000159070841619, 7.15694695828e-05, 3.67936627299e-05],
        "mean": [5.03907540406e-05, 0.000290612224489, 0.000566761766095, 0.00116676604375, 0.000867797760293, 0.00107453227974, 0.000647588807624, 0.000390056258766, 0.000377915857825, 0.000208160403417, 0.000206286596949, 0.000373303919332, 0.00010513534653, 5.38611857337e-05, 6.12114672549e-05, 5.8969744714e-05, 1.94625681615e-05, 3.45008047589e-05, 2.18119075726e-05, 1.31069036797e-05, 6.02177806286e-06, 4.73157570013e-06, 3.80324581783e-06, 6.97233826941e-06, 6.18794229013e-06, 3.02170474242e-06, 2.59010175796e-06, 3.88175612898e-06, 3.40664087162e-06, 1.10010398657e-06, 6.51495781767e-07, 7.57438783694e-07, 8.38921835111e-07, 1.39340500027e-06, 1.99518262889e-06, 2.0124243747e-06, 1.83897543593e-06, 1.56789633365e-06, 7.47375793253e-07, 3.19471610055e-07],
        "min": [6.55109545278e-07, 4.81022823351e-07, 4.96992470289e-06, 7.43772079659e-06, 4.60925912193e-06, 4.38630786448e-06, 5.72083672523e-06, 1.47212836055e-06, 2.35288393924e-06, 4.84598501771e-07, 9.7729503068e-07, 9.82573965302e-07, 3.04305700638e-07, 1.97599149487e-07, 1.09574742169e-07, 9.91562743025e-08, 1.11930241076e-07, 1.49935914351e-07, 8.51981027949e-08, 4.47816503879e-08, 2.12500186336e-08, 1.60557878104e-08, 1.75766938781e-08, 1.23398544716e-08, 9.35309785177e-09, 1.03991038003e-08, 3.88817289476e-09, 5.23810061992e-09, 5.04701502813e-10, 6.28666174673e-10, 8.76470784839e-10, 3.61304007546e-11, 2.06580638012e-11, 2.65031590424e-11, 3.31180291524e-11, 4.8933627983e-11, 7.85204193332e-12, 5.78190533645e-12, 4.22636751984e-12, 1.88526061082e-12],
        "stdev": [6.68142238283e-05, 0.000385562918382, 0.000702916295268, 0.00210862723179, 0.00126401998568, 0.00200328766368, 0.00106105324812, 0.000784687406849, 0.000972418405581, 0.000475799693959, 0.000479160749819, 0.00068629469024, 0.000352041533915, 0.000120796394185, 0.000164544500876, 0.000205692223972, 4.31751250289e-05, 0.000102575519122, 4.73941618111e-05, 4.90498168801e-05, 1.324358891e-05, 1.13319511001e-05, 7.93799154053e-06, 2.03916242754e-05, 1.73894932232e-05, 4.88173554913e-06, 5.2893819884e-06, 1.25980259327e-05, 1.38995155794e-05, 5.49291416974e-06, 5.01721251567e-06, 4.38178767581e-06, 3.78712820748e-06, 6.17474051978e-06, 1.10258888526e-05, 1.28744950416e-05, 1.01294808701e-05, 9.85129008768e-06, 4.96197799293e-06, 2.19608796215e-06]
    },
    "melbands128": {
        "max": [0.00044209434418, 0.000114651797048, 0.000628105481155, 0.0037922442425, 0.0057245218195, 0.00580987660214, 0.0104674324393, 0.00718389358371, 0.0122694764286, 0.0348347201943, 0.0392008647323, 0.0214430168271, 0.0334091372788, 0.02742148377, 0.0252506136894, 0.0266342610121, 0.0322226583958, 0.0174555256963, 0.0195416919887, 0.0259400755167, 0.0123508190736, 0.0234883651137, 0.0176684744656, 0.00803613476455, 0.0096208518371, 0.00869639776647, 0.007221812848, 0.0128643503413, 0.00735747814178, 0.0102841528133, 0.0121567705646, 0.0125414645299, 0.0112126199529, 0.0035225560423, 0.00287658954039, 0.00215411488898, 0.00573373073712, 0.00180415599607, 0.00329435477033, 0.00440695555881, 0.00333999656141, 0.00118255324196, 0.00121520657558, 0.00108837010339, 0.00439893594012, 0.0015531500103, 0.00229097879492, 0.00106781476643, 0.000519084976986, 0.00203015678562, 0.00187410903163, 0.000594213372096, 0.000239556509769, 0.000343826279277, 0.000666279345751, 0.000193822852452, 9.75169677986e-05, 0.000102950376458, 0.000146452483023, 0.000528800708707, 0.00059097551275, 0.000592923548538, 0.000702035438735, 0.000282756140223, 0.000143438912346, 8.68445058586e-05, 9.89026957541e-05, 4.97995533806e-05, 7.4660856626e-05, 0.000189122059965, 0.000332155905198, 0.000271814729786, 0.000237473053858, 0.00030610646354, 0.000304630579194, 0.000191189756151, 8.98161961231e-05, 8.07875476312e-05, 0.000185219803825, 0.000161934585776, 0.000163828430232, 8.44830210553e-05, 0.000108880747575, 9.53339258558e-05, 0.000132935150759, 0.000201323477086, 0.000155897490913, 0.000206529744901, 0.000278626597719, 0.000312094198307, 0.000344158936059, 0.000412267138017, 0.000231039550272, 0.000175529261469, 0.000228426637477, 0.000199369547772, 0.000235044150031, 0.000132396846311, 7.4641291576e-05, 6.76476411172e-05, 5.24253046024e-05, 5.22746195202e-05, 1.63161821547e-05, 9.03650470718e-06, 6.68879101795e-06, 3.46340129909e-06, 2.04897310141e-06, 2.14505962504e-06, 2.18476498048e-06, 1.62472417742e-06, 1.73384978552e-06, 1.66617178365e-06, 1.60539639182e-06, 8.32744092349e-07, 3.71211797301e-07, 6.45740172445e-09, 2.29969057686e-10, 2.03404057486e-10, 1.95211069531e-10, 1.95010937953e-10, 1.90118573662e-10, 1.92725710391e-10, 1.70966990565e-10, 1.86350587739e-10, 1.90974791536e-10, 1.79948347889e-10, 1.7706042188e-10, 1.76267611618e-10],
        "mean": [8.51000822877e-06, 9.94867878035e-06, 4.88546502311e-05, 0.000160971059813, 0.00028742707218, 0.000366132910131, 0.000530878722202, 0.000537891755812, 0.000662027567159, 0.00156919611618, 0.00128942157608, 0.000611757743172, 0.000873557350133, 0.000955446099397, 0.00112939893734, 0.00123745179735, 0.000714941823389, 0.000585659581702, 0.000468323152745, 0.000416937517002, 0.000281769782305, 0.000489697267767, 0.000409513391787, 0.000245110772084, 0.000268451607553, 0.000153214816237, 0.000157800299348, 0.000157967195264, 0.000258251122432, 0.000521585869137, 0.000389048916986, 0.000162599564646, 0.000103094927908, 3.64924562746e-05, 4.51122505183e-05, 6.35406831861e-05, 6.77665739204e-05, 3.19959690387e-05, 7.76186061557e-05, 0.000106142033474, 3.89441593143e-05, 2.03356812563e-05, 1.90401224245e-05, 1.34820083986e-05, 3.46195884049e-05, 4.12461195083e-05, 3.37927340297e-05, 1.98936268134e-05, 1.5721157979e-05, 2.28593780776e-05, 1.22852597997e-05, 4.65033645014e-06, 5.81494214202e-06, 6.42398799755e-06, 6.99016209182e-06, 3.95288816435e-06, 3.53097675543e-06, 3.97288249587e-06, 3.41100758305e-06, 4.45722753284e-06, 6.68999109621e-06, 9.64563150774e-06, 7.82051483839e-06, 5.13115401191e-06, 3.59316027243e-06, 2.88636442747e-06, 2.82338373836e-06, 2.29666784435e-06, 2.01662851396e-06, 3.46908518623e-06, 5.28053078597e-06, 2.91687911158e-06, 3.34214519171e-06, 4.51011828773e-06, 2.07398193197e-06, 1.05132755834e-06, 7.26667906292e-07, 5.17740488704e-07, 6.60185150991e-07, 7.61014462114e-07, 7.72253144987e-07, 7.46425996567e-07, 7.23702157757e-07, 7.98035102889e-07, 9.34986189804e-07, 1.27316820908e-06, 1.43977467815e-06, 1.87930811535e-06, 2.15856016439e-06, 1.8937570303e-06, 2.17588194573e-06, 2.01064312932e-06, 1.81692564638e-06, 1.76721925982e-06, 1.98461634682e-06, 1.75202853825e-06, 1.58919328896e-06, 1.12398868168e-06, 7.69379710164e-07, 5.41089320905e-07, 4.22544104595e-07, 3.08768818513e-07, 1.55606912244e-07, 1.12909638972e-07, 6.93720849654e-08, 4.0020061931e-08, 3.1046607063e-08, 2.88827131101e-08, 2.87455570458e-08, 2.43843043535e-08, 2.10091766206e-08, 1.47928815863e-08, 1.01723456325e-08, 2.2417363521e-09, 4.50361192783e-10, 1.30003629389e-11, 6.44353364068e-12, 6.17766471658e-12, 6.09729844739e-12, 6.01289200722e-12, 5.9407006224e-12, 5.90126471994e-12, 5.75287126964e-12, 5.63794974248e-12, 5.64090701233e-12, 5.66714166914e-12, 5.65643105271e-12, 5.58242905027e-12],
        "min": [1.31391031388e-09, 5.01732273506e-08, 5.57841772775e-08, 2.79803145986e-07, 2.85069233996e-07, 2.72405713986e-07, 5.9587961232e-07, 5.19786112818e-07, 3.19330592902e-06, 6.069218216e-06, 1.7851366465e-06, 4.80619803511e-07, 2.48650678714e-07, 1.47261175698e-06, 2.54838482761e-06, 6.45368288588e-07, 2.16224248106e-06, 5.94859216108e-07, 9.07645357984e-07, 2.89037046741e-07, 7.9667341879e-07, 6.93613117164e-07, 2.6480535098e-07, 1.49077791889e-07, 1.16218828339e-07, 1.30768754047e-07, 2.28253966839e-07, 4.32734054812e-07, 7.14217890163e-07, 5.50727179416e-07, 2.36745876236e-07, 1.45982724575e-07, 7.13357124482e-08, 5.86213815268e-08, 4.9817170833e-08, 5.62840654084e-08, 1.74450214274e-08, 1.7212485659e-08, 5.78796566231e-08, 7.65608874076e-08, 4.03108337821e-08, 4.04047462155e-08, 3.19524069425e-08, 1.40854341524e-08, 3.79172071518e-08, 5.96744911263e-08, 3.59342671175e-08, 1.37963249713e-08, 2.50685463499e-08, 3.73406408016e-08, 1.26142127854e-08, 1.26652350829e-08, 1.27878161393e-08, 1.57764397102e-08, 8.10428524289e-09, 2.52954857061e-09, 5.96039351208e-09, 1.18410365957e-08, 6.02956840012e-09, 4.5097272583e-09, 8.33397084676e-09, 1.27359029989e-08, 9.6100967184e-09, 1.59980403924e-10, 3.00201252745e-10, 4.46050973935e-09, 3.37998251609e-09, 3.92880394884e-09, 9.02715679985e-10, 3.06140734985e-09, 2.67333599702e-09, 4.01628202917e-10, 3.58438112524e-10, 1.94883942317e-10, 6.12125738986e-10, 3.00630159655e-10, 4.24904472718e-10, 3.72885992916e-11, 2.04737390236e-11, 5.401892475e-11, 4.88452958636e-11, 2.25240086998e-11, 2.13244040481e-11, 1.56695854209e-11, 2.50973426069e-11, 3.11446979318e-11, 2.19351065089e-11, 1.92031841817e-11, 2.48867385033e-11, 3.87117352063e-11, 6.23379819986e-11, 2.41859223621e-11, 9.33359813049e-12, 7.68710355786e-12, 7.58177548521e-12, 5.20337722562e-12, 5.50213217002e-12, 5.45576604727e-12, 2.00199579137e-12, 1.98571519471e-12, 1.80485888821e-12, 7.98215063925e-13, 7.87140914515e-13, 1.01623917614e-12, 1.0162775569e-12, 1.06854553417e-12, 8.60237445513e-13, 9.68264964735e-13, 1.0267590814e-12, 1.14830779434e-12, 1.10010655099e-12, 1.10582831954e-12, 1.02277799945e-12, 8.07338896257e-13, 1.00971770008e-12, 9.7642239346e-13, 9.24908587219e-13, 1.05122139292e-12, 8.7481373057e-13, 1.02547853022e-12, 9.90403830996e-13, 1.02678868012e-12, 1.14778108892e-12, 1.17700977003e-12, 1.09562445921e-12, 1.1224467536e-12, 1.2361243756e-12, 1.1514410302e-12],
        "stdev": [1.54722329171e-05, 1.14758686323e-05, 7.12836044841e-05, 0.000255548278801, 0.000450180232292, 0.000604401167948, 0.00101933104452, 0.000771331542637, 0.00101955223363, 0.00316681689583, 0.00281630177051, 0.00113958329894, 0.00187488552183, 0.00204000994563, 0.0026938309893, 0.0031295272056, 0.00204846076667, 0.00116627535317, 0.00104112888221, 0.00120018818416, 0.00085281993961, 0.00159246125259, 0.00145465170499, 0.000645077147055, 0.000772004073951, 0.000583196931984, 0.000567562528886, 0.000729308230802, 0.000706575694494, 0.00108583050314, 0.00101348734461, 0.000656857620925, 0.000606798392255, 0.000154365989147, 0.000131688284455, 0.000159186834935, 0.000343379244441, 0.000124540340039, 0.000275037484244, 0.000453166489024, 0.0001992994803, 6.4504070906e-05, 5.40710425412e-05, 4.88623991259e-05, 0.000190305101569, 0.000131272521685, 0.000124195372337, 6.88190630171e-05, 4.77990215586e-05, 9.99025869532e-05, 7.40189134376e-05, 1.76023950189e-05, 1.34570836963e-05, 2.22780126933e-05, 2.70373730018e-05, 1.38785235322e-05, 7.41343001209e-06, 7.99946610641e-06, 9.97930783342e-06, 2.31010344578e-05, 2.9281447496e-05, 3.62183709512e-05, 3.62975770258e-05, 1.76347093657e-05, 9.70480414253e-06, 6.17909881839e-06, 7.00052714819e-06, 5.13941586178e-06, 5.43573787581e-06, 1.18125744848e-05, 2.24274572247e-05, 1.29765148813e-05, 1.45816784425e-05, 2.14400697587e-05, 1.18875177577e-05, 6.20627224635e-06, 3.77929700335e-06, 3.51510811925e-06, 6.44998817734e-06, 6.12838857705e-06, 5.22677328263e-06, 3.6502246985e-06, 3.89253727917e-06, 3.76762591259e-06, 4.55888357465e-06, 6.64417029839e-06, 6.09663948126e-06, 8.90902811079e-06, 1.25858441606e-05, 1.20279155453e-05, 1.59139526659e-05, 1.39270632644e-05, 9.72708221525e-06, 9.5161722129e-06, 1.30715625346e-05, 1.05401841211e-05, 1.08852909761e-05, 7.96118183644e-06, 5.312153462e-06, 3.73582861357e-06, 3.02491707771e-06, 2.37009453485e-06, 9.99360736387e-07, 5.92786818743e-07, 3.6748164689e-07, 2.08353057474e-07, 1.46296670778e-07, 1.42520562463e-07, 1.40970556117e-07, 1.03764747905e-07, 9.84497177114e-08, 8.5943732131e-08, 7.36897760589e-08, 2.69855071622e-08, 9.75399050418e-09, 1.63356592142e-10, 9.24281831627e-12, 8.74616958718e-12, 8.44559231578e-12, 8.32705432385e-12, 8.26078094818e-12, 8.1338928648e-12, 7.60751704687e-12, 7.68309634663e-12, 7.66714382955e-12, 7.46449343308e-12, 7.50006133587e-12, 7.41719359543e-12]
    },
    "mfcc": {
        "mean": [-675.648498535, 150.785812378, 8.28098678589, 3.67871403694, -11.7923555374, -6.40655040741, -14.4988079071, 1.00045740604, -20.8099842072, 5.45407915115, -15.7706184387, -4.79796171188, -8.44612789154],
        "cov": [[2501.41455078, -1007.24859619, -185.67640686, -23.8704280853, 33.4220581055, -79.3904647827, 67.5430908203, 27.0452880859, -54.6317977905, 136.183502197, -98.2876663208, -17.2829685211, -40.7217979431], [-1007.24859619, 1112.38317871, -259.478057861, 22.4872646332, -30.9138889313, 53.0303115845, 68.3110656738, -13.1012010574, -23.4842185974, -32.9601593018, 0.243761718273, -31.9370269775, -16.6853713989], [-185.67640686, -259.478057861, 499.834655762, -60.4327125549, 43.1846313477, 41.7989082336, -46.1958656311, 23.7487792969, 33.3879852295, -65.8860931396, 30.5815792084, 9.89374828339, 38.9820861816], [-23.8704280853, 22.4872646332, -60.4327125549, 279.968994141, 22.3179035187, -36.9634208679, -7.03642606735, -17.0271377563, -5.60613012314, -34.2694969177, -8.57892608643, 27.2221641541, 4.11625242233], [33.4220581055, -30.9138889313, 43.1846313477, 22.3179035187, 130.503204346, -2.05859160423, -25.9146175385, 13.4058504105, 18.8394813538, 10.3889694214, -7.05511236191, -4.67574548721, 1.7228269577], [-79.3904647827, 53.0303115845, 41.7989082336, -36.9634208679, -2.05859160423, 118.850959778, 39.669593811, 10.9044752121, 9.62892055511, -5.41798496246, 8.93158149719, -15.1695022583, -4.59949398041], [67.5430908203, 68.3110656738, -46.1958656311, -7.03642606735, -25.9146175385, 39.669593811, 234.676055908, -12.0291204453, -16.7296695709, -11.8784313202, -2.97672939301, -1.05025017262, 28.8471927643], [27.0452880859, -13.1012010574, 23.7487792969, -17.0271377563, 13.4058504105, 10.9044752121, -12.0291204453, 110.691749573, 3.58380222321, 31.5979671478, -27.5658130646, 1.7412443161, -7.49291658401], [-54.6317977905, -23.4842185974, 33.3879852295, -5.60613012314, 18.8394813538, 9.62892055511, -16.7296695709, 3.58380222321, 133.205322266, -24.4599533081, 17.8531894684, -31.2290935516, -6.67029571533], [136.183502197, -32.9601593018, -65.8860931396, -34.2694969177, 10.3889694214, -5.41798496246, -11.8784313202, 31.5979671478, -24.4599533081, 165.733703613, -24.9496898651, 24.4332141876, -19.7363433838], [-98.2876663208, 0.243761718273, 30.5815792084, -8.57892608643, -7.05511236191, 8.93158149719, -2.97672939301, -27.5658130646, 17.8531894684, -24.9496898651, 105.669181824, 20.4895191193, 28.195186615], [-17.2829685211, -31.9370269775, 9.89374828339, 27.2221641541, -4.67574548721, -15.1695022583, -1.05025017262, 1.7412443161, -31.2290935516, 24.4332141876, 20.4895191193, 121.433074951, 45.0274085999], [-40.7217979431, -16.6853713989, 38.9820861816, 4.11625242233, 1.7228269577, -4.59949398041, 28.8471927643, -7.49291658401, -6.67029571533, -19.7363433838, 28.195186615, 45.0274085999, 113.95816803]],
        "icov": [[0.000962668156717, 0.00110095087439, 0.000870445801411, 0.000174540735316, -0.000396220973926, 4.12309491367e-05, -0.000462246942334, -0.000158937924425, 0.000388077518437, -8.44761889311e-05, 0.000397018622607, 0.000317513826303, 9.97514143819e-05], [0.00110095087439, 0.00237722531892, 0.00170055346098, 0.00021535018459, -0.000501618604176, -0.000640061451122, -0.000567939481698, -0.000312794203637, 0.000657718454022, 0.000402523844969, 0.000331459625158, 0.000495166692417, 8.74872130225e-05], [0.000870445801411, 0.00170055346098, 0.00382221536711, 0.00087190855993, -0.00127366546076, -0.00127402646467, 0.000234990220633, -0.000857989129145, 0.000263562222244, 0.0015464607859, 8.86198977241e-05, -0.000165321034729, -0.000600350263994], [0.000174540735316, 0.00021535018459, 0.00087190855993, 0.00433833198622, -0.00119720341172, 0.000867972208653, -3.98303491238e-05, 0.000302924774587, 2.86091344606e-05, 0.00156691274606, 0.000732456683181, -0.00148444692604, 0.000400435732445], [-0.000396220973926, -0.000501618604176, -0.00127366546076, -0.00119720341172, 0.00882879644632, 5.50509457753e-06, 0.000876065751072, -0.000409722182667, -0.0012742895633, -0.00126197363716, 0.000403834594181, 0.000686028506607, -0.000782186340075], [4.12309491367e-05, -0.000640061451122, -0.00127402646467, 0.000867972208653, 5.50509457753e-06, 0.0104877296835, -0.0020676581189, -0.00107415043749, -0.00037937934394, -0.000316180841764, -0.00120812910609, 0.000816320476588, 0.00110086821951], [-0.000462246942334, -0.000567939481698, 0.000234990220633, -3.98303491238e-05, 0.000876065751072, -0.0020676581189, 0.00535563891754, 0.000554705562536, 0.000281564716715, 0.000379610602977, 0.000532860925887, 0.000186686142115, -0.00186660082545], [-0.000158937924425, -0.000312794203637, -0.000857989129145, 0.000302924774587, -0.000409722182667, -0.00107415043749, 0.000554705562536, 0.0107573717833, -0.000871348427609, -0.00183049694169, 0.00288860220462, -0.000711387314368, -9.19331432669e-05], [0.000388077518437, 0.000657718454022, 0.000263562222244, 2.86091344606e-05, -0.0012742895633, -0.00037937934394, 0.000281564716715, -0.000871348427609, 0.00898417923599, 0.000877934566233, -0.00182529597078, 0.00250111101195, 0.000160453797434], [-8.44761889311e-05, 0.000402523844969, 0.0015464607859, 0.00156691274606, -0.00126197363716, -0.000316180841764, 0.000379610602977, -0.00183049694169, 0.000877934566233, 0.00842491257936, 0.00102052069269, -0.00265453034081, 0.00153987645172], [0.000397018622607, 0.000331459625158, 8.86198977241e-05, 0.000732456683181, 0.000403834594181, -0.00120812910609, 0.000532860925887, 0.00288860220462, -0.00182529597078, 0.00102052069269, 0.0122645106167, -0.0022196364589, -0.00195371103473], [0.000317513826303, 0.000495166692417, -0.000165321034729, -0.00148444692604, 0.000686028506607, 0.000816320476588, 0.000186686142115, -0.000711387314368, 0.00250111101195, -0.00265453034081, -0.0022196364589, 0.0120422774926, -0.00429765880108], [9.97514143819e-05, 8.74872130225e-05, -0.000600350263994, 0.000400435732445, -0.000782186340075, 0.00110086821951, -0.00186660082545, -9.19331432669e-05, 0.000160453797434, 0.00153987645172, -0.00195371103473, -0.00429765880108, 0.0119947902858]]
    },
    "spectral_contrast_coeffs": {
        "max": [-0.408141553402, -0.415533930063, -0.463765054941, -0.594720423222, -0.601699113846, -0.608795821667],
        "mean": [-0.640411734581, -0.70878970623, -0.702944457531, -0.771880209446, -0.788545429707, -0.771909177303],
        "min": [-0.85744035244, -0.898605585098, -0.886575818062, -0.897000968456, -0.89277857542, -0.881812870502],
        "stdev": [0.0747233256698, 0.0828932672739, 0.0762173086405, 0.0548326782882, 0.0450102165341, 0.0332372747362]
    },
    "spectral_contrast_valleys": {
        "max": [-5.51316785812, -5.25395536423, -5.93056440353, -6.19462490082, -6.36403608322, -7.61797237396],
        "mean": [-6.97347688675, -6.43848657608, -7.57543182373, -8.12235832214, -8.34868621826, -10.9573259354],
        "min": [-9.35515403748, -8.00525569916, -9.54703235626, -10.0360612869, -11.2398843765, -15.0676708221],
        "stdev": [0.534413635731, 0.455849587917, 0.502834975719, 0.480119794607, 0.585390269756, 0.929517567158]
    }
},
"rhythm": {
    "beats_count": 104,
    "beats_loudness": {
        "max": 0.085523724556,
        "mean": 0.029236542061,
        "min": 0.00323599250987,
        "stdev": 0.0173935554922
    },
    "bpm": 139.399597168,
    "bpm_histogram_first_peak_bpm": 140,
    "bpm_histogram_first_peak_weight": 0.521739125252,
    "bpm_histogram_second_peak_bpm": 133,
    "bpm_histogram_second_peak_spread": 0,
    "bpm_histogram_second_peak_weight": 0.0679611638188,
    "danceability": 1.20523798466,
    "onset_rate": 2.71719288826,
    "beats_loudness_band_ratio": {
        "max": [0.502799868584, 0.955261468887, 0.88008671999, 0.732891976833, 0.315023958683, 0.770247578621],
        "mean": [0.130387693644, 0.410140246153, 0.281609743834, 0.168675750494, 0.0413950718939, 0.0320292823017],
        "min": [0.00389605714008, 0.0151443881914, 0.0181508362293, 0.00440842751414, 0.00168864894658, 0.00036615296267],
        "stdev": [0.112138934433, 0.244187697768, 0.216764301062, 0.166586086154, 0.0492120496929, 0.0839042142034]
    },
