{
"metadata": {
    "version": {
        "essentia": "2.1-beta5",
        "essentia_git_sha": "Undefined",
        "extractor": "music 2.0"
    },
    "audio_properties": {
        "analysis": {
            "equal_loudness": 0,
            "length": 12.7477550507,
            "sample_rate": 44100,
            "start_time": 0,
            "downmix": "mix"
        },
        "bit_rate": 192000,
        "length": 232.385314941,
        "lossless": 0,
        "number_channels": 2,
        "replay_gain": -9.64635467529,
        "sample_rate": 48000,
        "codec": "mp3",
        "md5_encoded": "b0b43f06e5debcc4e4d9fecf7c6fd947"
    },
    "tags": {
        "file_name": "Ireland_That_s What Friends Are For_The Swarbriggs.mp3",
        "encoding": ["Lavf58.29.100"]
    }
},
"lowlevel": {
    "average_loudness": 0.981172561646,
    "barkbands_crest": {
        "max": 24.5566082001,
        "mean": 6.0702381134,
        "min": 2.89798116684,
        "stdev": 3.46773886681
    },
    "barkbands_flatness_db": {
        "max": 0.380860120058,
        "mean": 0.170230299234,
        "min": 0.055962074548,
        "stdev": 0.0501773282886
    },
    "barkbands_kurtosis": {
        "max": 22.9701862335,
        "mean": 1.03329455853,
        "min": -1.62128710747,
        "stdev": 2.50451588631
    },
    "barkbands_skewness": {
        "max": 4.55277633667,
        "mean": 0.34460246563,
        "min": -1.68434667587,
        "stdev": 0.783111512661
    },
    "barkbands_spread": {
        "max": 49.0843811035,
        "mean": 12.3848466873,
        "min": 1.62005877495,
        "stdev": 5.07556343079
    },
    "dissonance": {
        "max": 0.499999880791,
        "mean": 0.480382472277,
        "min": 0.213998019695,
        "stdev": 0.0332424491644
    },
    "dynamic_complexity": 2.59635448456,
    "erbbands_crest": {
        "max": 25.1876983643,
        "mean": 7.35723161697,
        "min": 3.14420676231,
        "stdev": 3.2449862957
    },
    "erbbands_flatness_db": {
        "max": 0.403099864721,
        "mean": 0.2535187006,
        "min": 0.0912891104817,
        "stdev": 0.0368028879166
    },
    "erbbands_kurtosis": {
        "max": 7.71110439301,
        "mean": 0.778233885765,
        "min": -1.73881995678,
        "stdev": 1.00315856934
    },
    "erbbands_skewness": {
        "max": 2.4689719677,
        "mean": 0.303021669388,
        "min": -1.20392894745,
        "stdev": 0.46554672718
    },
    "erbbands_spread": {
        "max": 58.0329589844,
        "mean": 16.5778045654,
        "min": 3.0612051487,
        "stdev": 6.48711776733
    },
    "hfc": {
        "max": 61.90858078,
        "mean": 25.8312606812,
        "min": 1.12470358225e-16,
        "stdev": 14.1238384247
    },
    "loudness_ebu128": {
        "integrated": -14.1893005371,
        "loudness_range": 2.20895767212,
        "momentary": {
            "max": -10.8044118881,
            "mean": -15.370595932,
            "min": -34.5276184082,
            "stdev": 4.07445335388
        },
        "short_term": {
            "max": -13.6938991547,
            "mean": -14.3452501297,
            "min": -17.0732345581,
            "stdev": 0.841163575649
        }
    },
    "melbands_crest": {
        "max": 29.67710495,
        "mean": 7.21525669098,
        "min": 2.04674291611,
        "stdev": 4.64647626877
    },
    "melbands_flatness_db": {
        "max": 0.438368290663,
        "mean": 0.138283371925,
        "min": 0.00666418205947,
        "stdev": 0.0770567730069
    },
    "melbands_kurtosis": {
        "max": 36.2387657166,
        "mean": 2.0062918663,
        "min": -1.50068366528,
        "stdev": 4.17807579041
    },
    "melbands_skewness": {
        "max": 5.18242931366,
        "mean": 0.636417329311,
        "min": -0.573763549328,
        "stdev": 0.890502095222
    },
    "melbands_spread": {
        "max": 136.241470337,
        "mean": 24.984621048,
        "min": 2.33311891556,
        "stdev": 10.687746048
    },
    "pitch_salience": {
        "max": 0.884570837021,
        "mean": 0.764645576477,
        "min": 0.233449280262,
        "stdev": 0.100182764232
    },
    "silence_rate_20dB": {
        "max": 1,
        "mean": 1,
        "min": 1,
        "stdev": 0
    },
    "silence_rate_30dB": {
        "max": 1,
        "mean": 0.998181819916,
        "min": 0,
        "stdev": 0.0426010526717
    },
    "silence_rate_60dB": {
        "max": 1,
        "mean": 0.130909085274,
        "min": 0,
        "stdev": 0.337298899889
    },
    "spectral_centroid": {
        "max": 11288.6894531,
        "mean": 1775.28222656,
        "min": 245.043869019,
        "stdev": 657.560974121
    },
    "spectral_complexity": {
        "max": 47,
        "mean": 27.9672718048,
        "min": 0,
        "stdev": 12.6706180573
    },
    "spectral_decrease": {
        "max": -1.10250545779e-28,
        "mean": -4.73952033175e-09,
        "min": -3.45280675162e-08,
        "stdev": 4.20137880042e-09
    },
    "spectral_energy": {
        "max": 0.133359804749,
        "mean": 0.0202310252935,
        "min": 1.06175021268e-20,
        "stdev": 0.0165908075869
    },
    "spectral_energyband_high": {
        "max": 0.00142134202179,
        "mean": 0.000428404280683,
        "min": 7.51180485718e-21,
        "stdev": 0.000304636108922
    },
    "spectral_energyband_low": {
        "max": 0.0692659765482,
        "mean": 0.00122029182967,
        "min": 1.10634460296e-22,
        "stdev": 0.00682759471238
    },
    "spectral_energyband_middle_high": {
        "max": 0.0272634159774,
        "mean": 0.0122372787446,
        "min": 1.82835309318e-21,
        "stdev": 0.00715880934149
    },
    "spectral_energyband_middle_low": {
        "max": 0.103129446507,
        "mean": 0.00708357617259,
        "min": 3.20263996977e-22,
        "stdev": 0.0137726739049
    },
    "spectral_entropy": {
        "max": 9.79559326172,
        "mean": 7.68495464325,
        "min": 5.81483697891,
        "stdev": 0.476724177599
    },
    "spectral_flux": {
        "max": 0.253998845816,
        "mean": 0.0859162062407,
        "min": 1.03041263022e-10,
        "stdev": 0.0370188578963
    },
    "spectral_kurtosis": {
        "max": 57.1684417725,
        "mean": 6.31942272186,
        "min": -1.24231314659,
        "stdev": 7.46405363083
    },
    "spectral_rms": {
        "max": 0.0114064514637,
        "mean": 0.00406094733626,
        "min": 3.21846846049e-12,
        "stdev": 0.00180175004061
    },
    "spectral_rolloff": {
        "max": 18303.2226562,
        "mean": 2121.76586914,
        "min": 215.33203125,
        "stdev": 1096.61608887
    },
    "spectral_skewness": {
        "max": 5.77718019485,
        "mean": 1.64148008823,
        "min": -0.036066994071,
        "stdev": 0.711236417294
    },
    "spectral_spread": {
        "max": 41931872,
        "mean": 2813431.75,
        "min": 1186004.875,
        "stdev": 1783778.5
    },
    "spectral_strongpeak": {
        "max": 6.37328386307,
        "mean": 1.13649046421,
        "min": 0,
        "stdev": 0.953101038933
    },
    "zerocrossingrate": {
        "max": 0.75830078125,
        "mean": 0.0780699551105,
        "min": 0.01220703125,
        "stdev": 0.0422838814557
    },
    "barkbands": {
        "max": [9.46539366851e-05, 0.00190956669394, 0.0384350754321, 0.0514041148126, 0.0301545783877, 0.0540563426912, 0.0310788862407, 0.0532777532935, 0.0419048443437, 0.0117346411571, 0.0104532726109, 0.00651132036, 0.00556267192587, 0.00575522752479, 0.00889866519719, 0.00812130887061, 0.00503060640767, 0.00272442260757, 0.000944570056163, 0.000930929149035, 0.000496869266499, 0.000508829776663, 0.000415456743212, 0.000158806651598, 2.07762950595e-05, 1.25719111566e-06, 1.33688877213e-06],
        "mean": [1.35009383939e-06, 5.036681614e-05, 0.000619745173026, 0.000677197414916, 0.000724282523151, 0.00121628807392, 0.000923650164623, 0.00133231573272, 0.00176824931987, 0.00142945651896, 0.00137352116872, 0.00161225511692, 0.0015550396638, 0.00159247743431, 0.00170647993218, 0.00150830752682, 0.000923331128433, 0.000476524350233, 0.000234052247833, 0.000154927329277, 0.000135655980557, 0.000103848920844, 7.13410336175e-05, 3.61423481081e-05, 4.22676021117e-06, 2.94654234345e-09, 3.12356518428e-09],
        "min": [3.01368216077e-23, 3.55890716195e-23, 5.5712140228e-23, 5.62057794058e-24, 7.56438658908e-23, 4.28517290097e-23, 1.25193147048e-22, 1.58939632075e-23, 2.87827607966e-23, 1.61824616312e-22, 1.03387655854e-22, 1.84427500731e-22, 1.2488196982e-22, 1.14848946527e-22, 1.74998505077e-22, 5.47325579994e-23, 1.49833236355e-22, 2.39101417966e-22, 3.3474038976e-22, 3.8188551949e-22, 4.21577567118e-22, 4.72830402867e-22, 6.97003316088e-22, 7.63378956177e-22, 1.21497382932e-21, 1.54011972672e-21, 2.37533859208e-21],
        "stdev": [4.58784688817e-06, 0.000180583519978, 0.00366782885976, 0.00395811162889, 0.00321030570194, 0.00511088734493, 0.0029218797572, 0.00503546698019, 0.00454490771517, 0.00138443231117, 0.00125319464132, 0.00123294757213, 0.00119335541967, 0.00123944913503, 0.00142011756543, 0.00125641864724, 0.000826687610243, 0.00041563398554, 0.000184816584806, 0.000118493706395, 0.00010051461868, 8.18382250145e-05, 6.02894433541e-05, 3.0021989005e-05, 3.71870532945e-06, 5.35399493629e-08, 5.69342368806e-08]
    },
    "erbbands": {
        "max": [0.0383610576391, 0.902841091156, 24.4761104584, 147.691543579, 105.038780212, 134.350341797, 89.5430374146, 622.615356445, 686.478759766, 311.03427124, 1431.49230957, 445.933288574, 1197.40466309, 377.140777588, 250.367797852, 253.452453613, 246.501251221, 308.229553223, 363.693328857, 395.891571045, 328.0519104, 246.480178833, 159.152420044, 87.3994140625, 60.7936592102, 41.3499565125, 24.2867774963, 21.347032547, 17.209695816, 14.2282352448, 12.4526138306, 4.26683282852, 1.82998228073, 0.516592741013, 0.015492990613, 0.00502498541027, 0.00233756238595, 0.000833189464174, 0.000204330732231, 0.000146536563989],
        "mean": [0.00117368565407, 0.0193806067109, 0.420007109642, 2.18963456154, 1.84608733654, 2.41380667686, 3.22579431534, 12.6111297607, 16.1514053345, 12.9234666824, 35.0123825073, 33.6497764587, 51.9411087036, 50.4145355225, 59.529586792, 66.551109314, 71.1398849487, 77.5829238892, 88.1987304688, 90.2872161865, 76.8048477173, 51.9144630432, 30.229801178, 15.6435756683, 10.1057090759, 7.28160619736, 6.05217027664, 4.90136146545, 3.83360004425, 2.86076879501, 1.88744986057, 1.02063953876, 0.464586555958, 0.103241078556, 0.00303330947645, 0.000179491122253, 3.54501171387e-05, 1.066112236e-05, 1.38261639222e-05, 2.57836036326e-05],
        "min": [1.33747754128e-21, 8.16392691025e-21, 6.06144769688e-20, 3.54797022523e-20, 1.28367845741e-19, 2.60110407436e-19, 3.32107794362e-19, 3.7610527265e-19, 1.89856417388e-18, 7.8832416517e-19, 4.49564029225e-19, 6.32622149011e-19, 2.81586838892e-18, 5.27197359556e-18, 8.01648359458e-18, 5.05522497811e-18, 5.08855828885e-18, 6.38847634379e-18, 5.32237081515e-18, 8.83986248503e-18, 4.46787752595e-18, 8.91056492071e-18, 1.33008880604e-17, 1.22150952196e-17, 2.09460395246e-17, 1.71906296175e-17, 1.53688718518e-17, 1.87611924834e-17, 1.61776576219e-17, 2.21148490389e-17, 1.7351719733e-17, 1.55890243175e-17, 1.3701546225e-17, 1.5691427623e-17, 7.89651180007e-18, 5.47704407712e-18, 2.89419618907e-18, 1.09060951351e-18, 3.91846235364e-19, 3.311792712e-20],
        "stdev": [0.00392808206379, 0.0808287486434, 2.40839958191, 12.6087684631, 8.97808074951, 11.1562614441, 9.21475219727, 56.0608940125, 59.9375267029, 26.9548282623, 134.989990234, 58.2572059631, 115.256980896, 45.4260368347, 46.7558555603, 49.6797485352, 52.2435684204, 57.7447624207, 67.5544891357, 75.0715103149, 63.1446266174, 45.2453956604, 26.1556491852, 12.8531513214, 7.7264380455, 5.54823541641, 4.48922395706, 3.71276879311, 2.97477960587, 2.38831543922, 1.61307251453, 0.865196168423, 0.378372758627, 0.0862919688225, 0.00249977689236, 0.000241178524448, 9.99754993245e-05, 3.55109659722e-05, 1.17436920846e-05, 1.89256497833e-05]
    },
    "gfcc": {
        "mean": [-53.0397872925, 103.16053772, -216.201141357, 19.6076278687, -79.6880722046, 14.678563118, -37.2918815613, -13.0957918167, -1.34863328934, -23.9910621643, 3.40326404572, -19.9277858734, 5.56055355072],
        "cov": [[9669.68457031, -551.968688965, -1968.62768555, 129.578353882, -288.432006836, 180.283996582, 51.7857475281, -113.051361084, 180.369949341, -163.675262451, -102.978668213, -23.4026565552, 50.8392677307], [-551.968688965, 1135.76220703, 681.415283203, -258.119750977, 152.33682251, -348.658905029, -38.649848938, -59.8867340088, -39.0593032837, -3.41628694534, 83.9104766846, -94.8444747925, -69.0581359863], [-1968.62768555, 681.415283203, 880.148498535, -52.7689628601, 163.41456604, -167.770568848, -48.8310928345, 0.0124080358073, -77.4656066895, 22.3789253235, 55.6382637024, -64.0430374146, -69.5700454712], [129.578353882, -258.119750977, -52.7689628601, 342.253814697, -12.1595497131, 183.136886597, -26.5523414612, 20.1729164124, -26.6553077698, -18.8449726105, -26.8788738251, -13.3789253235, 2.0305583477], [-288.432006836, 152.33682251, 163.41456604, -12.1595497131, 117.117797852, -37.2400360107, 16.1501712799, 4.78882360458, -9.87736988068, -1.13327777386, 5.7950553894, -15.5140113831, -26.7830448151], [180.283996582, -348.658905029, -167.770568848, 183.136886597, -37.2400360107, 274.961608887, 17.1906852722, 37.9979782104, -4.81591463089, -24.1517753601, -35.7246208191, 8.45223903656, 26.801738739], [51.7857475281, -38.649848938, -48.8310928345, -26.5523414612, 16.1501712799, 17.1906852722, 102.427970886, 33.3931312561, -0.772562801838, -7.37344455719, -22.470500946, -6.36902475357, -12.5295085907], [-113.051361084, -59.8867340088, 0.0124080358073, 20.1729164124, 4.78882360458, 37.9979782104, 33.3931312561, 54.9727172852, 4.77169656754, -1.3897768259, -9.87473106384, -3.86224913597, -3.76572012901], [180.369949341, -39.0593032837, -77.4656066895, -26.6553077698, -9.87736988068, -4.81591463089, -0.772562801838, 4.77169656754, 62.3199920654, 22.3378734589, 4.71348905563, 16.1137161255, 11.0168056488], [-163.675262451, -3.41628694534, 22.3789253235, -18.8449726105, -1.13327777386, -24.1517753601, -7.37344455719, -1.3897768259, 22.3378734589, 53.9767990112, 30.6383876801, 14.5627880096, 7.35658693314], [-102.978668213, 83.9104766846, 55.6382637024, -26.8788738251, 5.7950553894, -35.7246208191, -22.470500946, -9.87473106384, 4.71348905563, 30.6383876801, 55.4779434204, 21.4264411926, 6.48953580856], [-23.4026565552, -94.8444747925, -64.0430374146, -13.3789253235, -15.5140113831, 8.45223903656, -6.36902475357, -3.86224913597, 16.1137161255, 14.5627880096, 21.4264411926, 54.7788009644, 29.8029251099], [50.8392677307, -69.0581359863, -69.5700454712, 2.0305583477, -26.7830448151, 26.801738739, -12.5295085907, -3.76572012901, 11.0168056488, 7.35658693314, 6.48953580856, 29.8029251099, 45.2756652832]],
        "icov": [[0.000333638919983, -0.000609381299, 0.00122920435388, -0.00035524382838, -4.74863045383e-05, -0.000104676095361, 0.000122155950521, 0.000211012025829, -0.000287665025098, 0.000403056648793, -0.000183341355296, 0.000200755690457, 0.000584464345593], [-0.000609381299, 0.007246772293, -0.00558304926381, 0.00205588387325, -0.00114796624985, 0.00376154482365, -0.00306400936097, 0.00403258670121, -0.00446970993653, 0.00941900722682, -0.0124798119068, 0.013142073527, -0.00765663664788], [0.00122920435388, -0.00558304926381, 0.00883418601006, -0.00178641406819, -0.00220623100176, -0.00159690750297, 0.00401457492262, -0.00360286561772, 0.00473345490173, -0.00557649414986, 0.00494420947507, -0.00472108228132, 0.00636350130662], [-0.00035524382838, 0.00205588387325, -0.00178641406819, 0.00615954399109, -0.00103230646346, -0.00279828952625, 0.00235405587591, -0.000305472902255, 0.00162087706849, 0.000174683416844, -0.00127746921498, 0.0033232641872, -0.000241886868025], [-4.74863045383e-05, -0.00114796624985, -0.00220623100176, -0.00103230646346, 0.013651760295, -0.000293601915473, -0.00327319069766, 0.000529982615262, -0.00177942914888, 0.000383567094104, 0.00151012616698, -0.00436321273446, 0.00537272589281], [-0.000104676095361, 0.00376154482365, -0.00159690750297, -0.00279828952625, -0.000293601915473, 0.00998379010707, -0.0026568970643, -0.00109877774958, -0.00239497423172, 0.00726660620421, -0.00620529288426, 0.00746236136183, -0.0080044073984], [0.000122155950521, -0.00306400936097, 0.00401457492262, 0.00235405587591, -0.00327319069766, -0.0026568970643, 0.0185096804053, -0.0116728888825, 0.00688975350931, -0.00845407322049, 0.0123644312844, -0.00841485895216, 0.00850458815694], [0.000211012025829, 0.00403258670121, -0.00360286561772, -0.000305472902255, 0.000529982615262, -0.00109877774958, -0.0116728888825, 0.0307243596762, -0.00930474046618, 0.00790785811841, -0.00936079211533, 0.0102472156286, -0.00374383572489], [-0.000287665025098, -0.00446970993653, 0.00473345490173, 0.00162087706849, -0.00177942914888, -0.00239497423172, 0.00688975350931, -0.00930474046618, 0.0302617009729, -0.0216127131134, 0.0163561925292, -0.0144937233999, 0.00554839195684], [0.000403056648793, 0.00941900722682, -0.00557649414986, 0.000174683416844, 0.000383567094104, 0.00726660620421, -0.00845407322049, 0.00790785811841, -0.0216127131134, 0.0518861077726, -0.0397442467511, 0.0241938009858, -0.0138198034838], [-0.000183341355296, -0.0124798119068, 0.00494420947507, -0.00127746921498, 0.00151012616698, -0.00620529288426, 0.0123644312844, -0.00936079211533, 0.0163561925292, -0.0397442467511, 0.0654923319817, -0.0436240173876, 0.0178413111717], [0.000200755690457, 0.013142073527, -0.00472108228132, 0.0033232641872, -0.00436321273446, 0.00746236136183, -0.00841485895216, 0.0102472156286, -0.0144937233999, 0.0241938009858, -0.0436240173876, 0.0674794018269, -0.0346286818385], [0.000584464345593, -0.00765663664788, 0.00636350130662, -0.000241886868025, 0.00537272589281, -0.0080044073984, 0.00850458815694, -0.00374383572489, 0.00554839195684, -0.0138198034838, 0.0178413111717, -0.0346286818385, 0.0506324693561]]
    },
    "melbands": {
        "max": [0.000474931701319, 0.0102407839149, 0.0218911934644, 0.00786023307592, 0.00301367766224, 0.0125060062855, 0.00901632755995, 0.00450956542045, 0.0102581316605, 0.00429522292688, 0.00585445854813, 0.00139419757761, 0.0010170743335, 0.000790683669038, 0.000765570730437, 0.000705186394043, 0.000625655578915, 0.000639537640382, 0.000767392106354, 0.000685922859702, 0.000392904330511, 0.000316720484989, 0.000272611971013, 0.000121823024529, 7.53338681534e-05, 4.23154524469e-05, 4.35788133473e-05, 3.27629459207e-05, 2.0332628992e-05, 1.44961932165e-05, 1.30457865453e-05, 9.61268142419e-06, 1.11660983748e-05, 7.8488710642e-06, 8.74637316883e-06, 3.63873027709e-06, 2.45404476118e-06, 1.42121905355e-06, 1.10151700028e-06, 2.29735036328e-07],
        "mean": [1.20176855489e-05, 0.000186157689313, 0.000332595169311, 0.000162331998581, 0.000108425912913, 0.000281085522147, 0.000232767488342, 0.000164350873092, 0.000277778977761, 0.000231440339121, 0.000260179920588, 0.000199736779905, 0.00019406186766, 0.000183876662049, 0.000168695522007, 0.000149259780301, 0.000143176133861, 0.000141927230288, 0.000127498744405, 0.000112904839625, 8.42926674522e-05, 5.60076514375e-05, 3.6734760215e-05, 2.00907234102e-05, 1.18598600238e-05, 8.14182112663e-06, 5.94684479438e-06, 4.53102984466e-06, 3.92084666601e-06, 3.22609275827e-06, 2.70831128546e-06, 2.24464474741e-06, 1.81811731181e-06, 1.49957156736e-06, 1.15324269245e-06, 8.09611151453e-07, 5.4751518519e-07, 3.48939408923e-07, 2.12713644032e-07, 3.78363260722e-08],
        "min": [1.23197488308e-23, 2.25422573025e-23, 8.69866586109e-24, 1.48066462451e-23, 1.22620539108e-23, 9.2537912244e-24, 2.81732111306e-23, 6.87600668388e-24, 3.44084639664e-24, 4.28944655493e-24, 1.56064407625e-23, 2.28069942891e-23, 2.0575365164e-23, 2.34598255976e-23, 1.08024845313e-23, 1.02190406392e-23, 1.24054672456e-23, 7.31653422349e-24, 1.32947012347e-23, 7.38626873865e-24, 4.82620447535e-24, 9.64704627426e-24, 8.75276673083e-24, 1.32488715715e-23, 8.26922260607e-24, 1.66508657797e-23, 1.3145473995e-23, 1.04915960262e-23, 9.8859086232e-24, 8.84924599726e-24, 1.2109673594e-23, 9.65505321245e-24, 8.75239044418e-24, 1.40963511529e-23, 8.7601970117e-24, 1.08565246587e-23, 8.60190891562e-24, 8.97224913391e-24, 1.18008100949e-23, 1.31542540168e-23],
        "stdev": [4.23687706643e-05, 0.00104453589302, 0.0018320325762, 0.000775237334892, 0.000326998968376, 0.00119729235303, 0.000819884066004, 0.000395705545088, 0.00101326336153, 0.000490918173455, 0.000575581914745, 0.000182922405656, 0.00016193499323, 0.000145355123095, 0.000140687086969, 0.000113633410365, 0.000113133020932, 0.000112327121315, 0.000113220630737, 9.66783045442e-05, 7.2433562309e-05, 5.11559956067e-05, 3.41717714036e-05, 1.76944122359e-05, 1.04300097519e-05, 6.52120797895e-06, 4.83916437588e-06, 3.67205416296e-06, 3.0432083804e-06, 2.55312806985e-06, 2.14871852222e-06, 1.79120627308e-06, 1.52539530518e-06, 1.3034090216e-06, 1.02624278497e-06, 7.00560974565e-07, 4.77715445868e-07, 2.89352442451e-07, 1.80230060209e-07, 3.41801396075e-08]
    },
    "melbands128": {
        "max": [4.7257530241e-05, 0.000205698568607, 0.00085244566435, 0.00110595324077, 0.00600090110675, 0.0254619754851, 0.0368580706418, 0.0168984159827, 0.00903361104429, 0.0136165982112, 0.00884948205203, 0.00375702511519, 0.00421440554783, 0.00787300523371, 0.0213343333453, 0.0231159962714, 0.0224698167294, 0.00794309470803, 0.00549604510888, 0.00420567346737, 0.00792108848691, 0.017055850476, 0.0162904523313, 0.00863602384925, 0.00164439110085, 0.00579469418153, 0.0178295727819, 0.00468060187995, 0.00239110784605, 0.00161589647178, 0.00245364266448, 0.00316368648782, 0.00115220830776, 0.00140067923348, 0.0012260877993, 0.00126689323224, 0.00101928005461, 0.00135573628359, 0.00103547482286, 0.0009480236331, 0.00116377940867, 0.00073066126788, 0.00125748012215, 0.00106952036731, 0.000986920902506, 0.00104563892819, 0.00079285580432, 0.00152809114661, 0.00100210937671, 0.00073317985516, 0.00107283657417, 0.000612692325376, 0.000617139332462, 0.000596120429691, 0.000486786011606, 0.00035036780173, 0.000403724814532, 0.00041161783156, 0.000251180754276, 0.000199450776563, 0.000179768088856, 0.000102684163721, 0.000107487911009, 9.34688578127e-05, 9.39191086218e-05, 4.42223972641e-05, 6.58826393192e-05, 8.98786165635e-05, 3.277714859e-05, 3.43210340361e-05, 3.60727681255e-05, 5.67235510971e-05, 3.24852007907e-05, 2.24217219511e-05, 1.66469817486e-05, 2.03379368031e-05, 1.82174080692e-05, 2.23492479563e-05, 1.44782161442e-05, 1.40104648381e-05, 1.4384959286e-05, 1.21104485515e-05, 9.87347357295e-06, 1.58641687449e-05, 1.08284239104e-05, 9.96306334855e-06, 8.56044789543e-06, 1.06717807284e-05, 1.08330659714e-05, 6.21460776529e-06, 5.55853284823e-06, 5.35715935257e-06, 4.85189548272e-06, 3.52307188223e-06, 2.42877172241e-06, 1.83083420779e-06, 1.78811558271e-06, 1.6456189087e-06, 1.70028215507e-06, 8.81124833541e-07, 6.03681485245e-07, 1.50991876779e-08, 1.10340563353e-08, 1.06098774211e-08, 1.01833075306e-08, 9.78787539907e-09, 9.39119626509e-09, 9.00086405409e-09, 8.62002558222e-09, 8.27770829659e-09, 7.97027954746e-09, 7.66529328899e-09, 7.3767791875e-09, 7.10784275881e-09, 6.88737422649e-09, 6.66717392406e-09, 6.44433084673e-09, 6.26220542088e-09, 6.08502048749e-09, 5.92994586768e-09, 5.77569814197e-09, 5.64616842169e-09, 5.53083134847e-09, 5.43861666813e-09, 5.3621938001e-09, 5.29439381225e-09, 5.25073762248e-09, 5.22059595554e-09],
        "mean": [1.03096670045e-06, 6.13495330981e-06, 1.70799175976e-05, 2.24608556891e-05, 8.06610842119e-05, 0.000394108064938, 0.000540019071195, 0.000216883549001, 0.00016050702834, 0.000219903988182, 0.00011361327779, 9.6752330137e-05, 9.18825389817e-05, 0.000128018538817, 0.00027027973556, 0.000386644154787, 0.000342775398167, 0.000186021512491, 0.000126011043903, 0.000111138222564, 0.000167645994225, 0.000355774362106, 0.000312016229145, 0.00018930969236, 0.000158226161147, 0.000242189387791, 0.000405624770792, 0.000220432746573, 0.000199522866751, 0.000199980364414, 0.000193735366338, 0.000212598330108, 0.000184236138011, 0.000194455889869, 0.000190610269783, 0.000183743599337, 0.00016759429127, 0.000173943073605, 0.000165712845046, 0.000151687723701, 0.000149120081915, 0.000137764654937, 0.000141899014125, 0.000146129124914, 0.000147704966366, 0.000143749843119, 0.000132370842039, 0.000125542108435, 0.000129080377519, 0.00012163354404, 0.000112243302283, 0.000102801670437, 9.19419326237e-05, 7.67427409301e-05, 6.41014048597e-05, 5.53972458874e-05, 4.84558622702e-05, 4.12961853726e-05, 3.28699752572e-05, 2.63619585894e-05, 1.97351546376e-05, 1.57318590936e-05, 1.25628903334e-05, 1.12124989755e-05, 9.7554839158e-06, 8.04017599876e-06, 7.26595453671e-06, 6.49830099064e-06, 5.7061301959e-06, 5.10211657456e-06, 4.54707969766e-06, 4.20366086473e-06, 4.18784020439e-06, 4.01662828153e-06, 3.38106406161e-06, 3.40686051459e-06, 3.05920366372e-06, 2.84451380139e-06, 2.72931038126e-06, 2.48897345045e-06, 2.38813436226e-06, 2.119187684e-06, 1.93189589481e-06, 1.82750989097e-06, 1.70201701621e-06, 1.54384190409e-06, 1.45427907228e-06, 1.33844764605e-06, 1.1768506738e-06, 9.90652438304e-07, 8.9904079914e-07, 7.57538202834e-07, 6.57085536204e-07, 5.76556089982e-07, 4.64133904643e-07, 3.83308474738e-07, 3.30597629272e-07, 2.87285075729e-07, 2.32569263403e-07, 1.79788628429e-07, 8.17270873199e-08, 6.5177058195e-10, 2.65259880033e-11, 2.51548799152e-11, 2.4042502364e-11, 2.31613877383e-11, 2.21920225252e-11, 2.11420932844e-11, 2.02265530713e-11, 1.94358175387e-11, 1.86897389925e-11, 1.79759367114e-11, 1.7271207034e-11, 1.66350249547e-11, 1.61028967938e-11, 1.55858746048e-11, 1.50726185005e-11, 1.46413072638e-11, 1.42279608234e-11, 1.38611596159e-11, 1.35010969418e-11, 1.32018163762e-11, 1.29366951179e-11, 1.2714609747e-11, 1.25081759186e-11, 1.23076384154e-11, 1.2179824857e-11, 1.21068710612e-11],
        "min": [1.64749008885e-23, 1.3155268492e-23, 9.35594240074e-24, 1.28342983446e-23, 3.29795039678e-23, 2.24866568082e-23, 6.00676716331e-24, 2.78250213376e-24, 1.43442917131e-23, 1.72435637991e-23, 1.38185963836e-23, 1.41637861385e-23, 8.76981559272e-24, 1.54502368369e-23, 4.27999126812e-24, 6.81265168686e-24, 2.36193474721e-23, 4.47113045107e-23, 1.62246568544e-23, 5.78110324618e-24, 3.21992471685e-24, 4.91107131482e-24, 2.93483886595e-24, 3.04586610798e-24, 3.56919209377e-24, 3.25848009637e-24, 8.53485179438e-24, 1.09051823882e-23, 2.49318747566e-23, 3.90516440343e-23, 1.17233013555e-23, 1.51986754051e-23, 4.68412115999e-24, 4.13335157105e-23, 4.24921504319e-23, 1.19595833404e-23, 5.4868849498e-24, 1.01064559885e-23, 1.46420725054e-23, 1.03975795835e-23, 8.81210484813e-24, 1.04231789088e-23, 1.45759738501e-23, 1.26209217249e-23, 6.71154180692e-24, 5.1969833003e-24, 9.6699295514e-24, 1.01728701881e-23, 2.05568174663e-23, 1.13286728988e-23, 3.03953944352e-24, 6.46534541815e-24, 3.73044196812e-24, 3.11757021161e-24, 8.74754052734e-24, 1.30696242301e-23, 7.00393625688e-24, 7.2680216444e-24, 8.57095322484e-24, 1.43743157592e-23, 1.57808878854e-23, 9.72957926875e-24, 1.05313096508e-23, 6.2601303534e-24, 6.80635105481e-24, 2.29133879594e-23, 1.78320209022e-23, 1.14038197887e-23, 1.34079374845e-23, 1.25711390798e-23, 1.21590838968e-23, 7.33706827285e-24, 1.19902834403e-23, 8.8079869942e-24, 8.8715541948e-24, 9.28444557032e-24, 9.73610630388e-24, 7.89381868963e-24, 1.50418041032e-23, 1.22831543622e-23, 1.26482407669e-23, 6.65991322726e-24, 5.00793396765e-24, 1.09720983033e-23, 9.21386697399e-24, 1.38744019818e-23, 1.9637867087e-23, 7.09536602466e-24, 5.7657109922e-24, 1.07107526298e-23, 1.36883649145e-23, 8.14269957206e-24, 1.17906984758e-23, 1.01523598046e-23, 4.94865817037e-24, 8.02997529301e-24, 1.12075204299e-23, 7.43036842984e-24, 1.11376241982e-23, 1.16055007566e-23, 2.1223894025e-23, 1.08757405215e-23, 9.1524020877e-24, 7.4284199434e-24, 1.11590046953e-23, 6.41142795857e-24, 8.05417833444e-24, 9.91556742665e-24, 1.11570877633e-23, 7.48862265224e-24, 1.03940746745e-23, 1.10191357125e-23, 9.69349046006e-24, 7.39841325229e-24, 7.98806469084e-24, 8.89423473469e-24, 6.87454176918e-24, 7.76571398951e-24, 1.32303838274e-23, 1.65797136815e-23, 1.02914975133e-23, 1.31763768321e-23, 9.97868734312e-24, 9.19941346448e-24, 8.1180934227e-24, 7.94232653555e-24, 1.07370713961e-23, 1.08284112338e-23],
        "stdev": [2.57778970081e-06, 1.68003680301e-05, 6.95191993145e-05, 8.58530765981e-05, 0.000474461063277, 0.0023480320815, 0.0031696788501, 0.00123891828116, 0.000800266920123, 0.00118341238704, 0.000583001179621, 0.000351716647856, 0.000289373245323, 0.000514467712492, 0.00143450824544, 0.0020213839598, 0.00165318266954, 0.000682710378896, 0.000370771886082, 0.000279205531115, 0.000480701652123, 0.00162470724899, 0.00149984995369, 0.000508999859449, 0.000180542396265, 0.00054757919861, 0.00166659767274, 0.000367237953469, 0.000234461869695, 0.000224712886848, 0.000234361956245, 0.000276600418147, 0.000189072015928, 0.000211457372643, 0.000194758118596, 0.000186866003787, 0.000164594923262, 0.000195373984752, 0.00017890392337, 0.000149051105836, 0.000150677456986, 0.000128473329823, 0.000147107304656, 0.000144376856042, 0.000147896091221, 0.00014467042638, 0.000134288842673, 0.000149227154907, 0.0001385325304, 0.000126593979076, 0.000119874050142, 0.000101963159977, 9.38992088777e-05, 7.91814454715e-05, 6.7987915827e-05, 5.98761434958e-05, 5.43189162272e-05, 4.57927199022e-05, 3.49260990333e-05, 2.8008944355e-05, 2.03673935175e-05, 1.54136287165e-05, 1.30142925627e-05, 1.20941285786e-05, 1.05200469989e-05, 7.48800403017e-06, 7.17673719919e-06, 6.95211701895e-06, 5.21882293469e-06, 4.62277557745e-06, 4.34607181887e-06, 4.26488804806e-06, 3.84437635148e-06, 3.61448223885e-06, 3.03740512209e-06, 3.16634645969e-06, 2.78614697891e-06, 2.59903436017e-06, 2.52415838986e-06, 2.26311885854e-06, 2.23173015002e-06, 1.91277626982e-06, 1.70847863501e-06, 1.75577849859e-06, 1.65479355019e-06, 1.48322567384e-06, 1.36910819037e-06, 1.33468017793e-06, 1.18545472105e-06, 9.21241507967e-07, 8.47143439842e-07, 7.21275114302e-07, 6.36215418126e-07, 5.41213580618e-07, 4.44994043391e-07, 3.44344897485e-07, 2.93094245762e-07, 2.64118085624e-07, 2.15388453739e-07, 1.62272883131e-07, 8.11554912161e-08, 1.4935152004e-09, 4.69889349652e-10, 4.51837428583e-10, 4.33672847633e-10, 4.16831319461e-10, 3.99937638562e-10, 3.83318182751e-10, 3.67100266851e-10, 3.52522511182e-10, 3.39430067386e-10, 3.26441207399e-10, 3.14154896541e-10, 3.02701946842e-10, 2.93313068278e-10, 2.839353197e-10, 2.74444938997e-10, 2.66688809925e-10, 2.59142957093e-10, 2.52538850942e-10, 2.45970049884e-10, 2.4045362923e-10, 2.35541641747e-10, 2.31614685764e-10, 2.28361163312e-10, 2.25475610405e-10, 2.23617471762e-10, 2.22333942923e-10]
    },
    "mfcc": {
        "mean": [-647.774597168, 106.999053955, -62.7885246277, -13.6973161697, -15.0246019363, 2.20094776154, -16.6698513031, 1.71643960476, -6.74699068069, 0.160875692964, -8.56153488159, -0.0267640613019, -6.04157495499],
        "cov": [[7740.57373047, -1388.23205566, -1418.10168457, -266.196990967, -363.173095703, 261.639099121, -201.913574219, 256.553985596, 170.691360474, 42.5297393799, -99.9028701782, 81.257270813, -37.9843711853], [-1388.23205566, 1590.99731445, 451.099731445, 141.990112305, 71.3822250366, -284.475463867, 20.8638553619, -176.400909424, -135.108505249, -31.2620315552, 62.0031433105, 3.38917803764, 4.41622829437], [-1418.10168457, 451.099731445, 517.340759277, 135.955596924, 156.799484253, -40.1761436462, 67.9830780029, -57.5375900269, -62.6813812256, -1.40274202824, 23.6843719482, -26.1658191681, 9.36802482605], [-266.196990967, 141.990112305, 135.955596924, 172.885055542, 62.4550819397, -18.5203895569, 25.8363647461, -22.261428833, -30.3974132538, 4.13053321838, 14.4463367462, -16.0935325623, 1.58265984058], [-363.173095703, 71.3822250366, 156.799484253, 62.4550819397, 144.002532959, 25.8448925018, 20.5017490387, -8.16809082031, -20.4445858002, -5.38326263428, 6.55631017685, -3.52793169022, -0.2025398314], [261.639099121, -284.475463867, -40.1761436462, -18.5203895569, 25.8448925018, 121.416793823, 23.943157196, 47.5981559753, 29.3547840118, 11.0447893143, -13.4176874161, -2.5415084362, -2.77249789238], [-201.913574219, 20.8638553619, 67.9830780029, 25.8363647461, 20.5017490387, 23.943157196, 98.8524551392, 36.3418769836, 6.6192317009, 13.9124326706, 10.322022438, -16.1164646149, -7.56023025513], [256.553985596, -176.400909424, -57.5375900269, -22.261428833, -8.16809082031, 47.5981559753, 36.3418769836, 89.8830337524, 41.6359329224, 11.4816951752, -5.02422952652, -5.62310743332, -14.6141023636], [170.691360474, -135.108505249, -62.6813812256, -30.3974132538, -20.4445858002, 29.3547840118, 6.6192317009, 41.6359329224, 61.9039802551, 21.2484588623, -4.32669210434, -0.635476648808, -4.77432918549], [42.5297393799, -31.2620315552, -1.40274202824, 4.13053321838, -5.38326263428, 11.0447893143, 13.9124326706, 11.4816951752, 21.2484588623, 41.5363922119, 11.2705192566, -2.48802399635, -0.0534236170352], [-99.9028701782, 62.0031433105, 23.6843719482, 14.4463367462, 6.55631017685, -13.4176874161, 10.322022438, -5.02422952652, -4.32669210434, 11.2705192566, 40.002407074, 11.8327112198, 1.71311712265], [81.257270813, 3.38917803764, -26.1658191681, -16.0935325623, -3.52793169022, -2.5415084362, -16.1164646149, -5.62310743332, -0.635476648808, -2.48802399635, 11.8327112198, 37.9814186096, 13.5530185699], [-37.9843711853, 4.41622829437, 9.36802482605, 1.58265984058, -0.2025398314, -2.77249789238, -7.56023025513, -14.6141023636, -4.77432918549, -0.0534236170352, 1.71311712265, 13.5530185699, 39.9493370056]],
        "icov": [[0.000316518155159, -0.000115861592349, 0.00086870091036, -0.000308975169901, 6.75462943036e-05, -0.000584838096984, 0.000486611621454, -0.000696282368153, 0.000555293809157, -0.000588133756537, 0.000467482692329, -0.000331206829287, 7.731574442e-05], [-0.000115861592349, 0.00170358770993, -0.00118933850899, 0.00016654911451, -0.000218270855839, 0.00343456724659, -0.00128164212219, 0.00155253848061, 0.000217884138692, 0.00034926403896, -0.00041305803461, -0.000920823600609, 0.000893076998182], [0.00086870091036, -0.00118933850899, 0.00715663935989, -0.00152203731705, -0.00375927542336, -0.00152274698485, -0.000887680973392, -0.000628621142823, 0.00228741904721, -0.0023568267934, 0.00104982231278, 0.0017189362552, -0.00154111545999], [-0.000308975169901, 0.00016654911451, -0.00152203731705, 0.0087780887261, -0.00265831616707, 0.00178408343345, -0.00129853899125, 0.000910418108106, 0.00202937866561, -0.00130089710001, -0.00231423345394, 0.00382198253646, -0.00106198946014], [6.75462943036e-05, -0.000218270855839, -0.00375927542336, -0.00265831616707, 0.0134098585695, -0.00575937144458, 0.00179442530498, -0.000813181337435, 0.00096719636349, 0.00239806249738, -0.000902347092051, -0.00252819107845, 0.00180079706479], [-0.000584838096984, 0.00343456724659, -0.00152274698485, 0.00178408343345, -0.00575937144458, 0.0206399597228, -0.00538339046761, -0.00037095870357, -0.00163540057838, -0.0016336760018, 0.00358182704076, -0.00207455409691, -4.80358830828e-05], [0.000486611621454, -0.00128164212219, -0.000887680973392, -0.00129853899125, 0.00179442530498, -0.00538339046761, 0.0186699610204, -0.0105386953801, 0.00331529509276, -0.00319203687832, -0.00443067960441, 0.00572919053957, -0.00118428771384], [-0.000696282368153, 0.00155253848061, -0.000628621142823, 0.000910418108106, -0.000813181337435, -0.00037095870357, -0.0105386953801, 0.0266187004745, -0.012968304567, 0.00469298334792, -0.000676063646097, -0.00111568404827, 0.00585488881916], [0.000555293809157, 0.000217884138692, 0.00228741904721, 0.00202937866561, 0.00096719636349, -0.00163540057838, 0.00331529509276, -0.012968304567, 0.03359214589, -0.015876930207, 0.00418763561174, -0.00102396903094, -0.000176934423507], [-0.000588133756537, 0.00034926403896, -0.0023568267934, -0.00130089710001, 0.00239806249738, -0.0016336760018, -0.00319203687832, 0.00469298334792, -0.015876930207, 0.0376597382128, -0.0136004248634, 0.00572522636503, -0.00218831771053], [0.000467482692329, -0.00041305803461, 0.00104982231278, -0.00231423345394, -0.000902347092051, 0.00358182704076, -0.00443067960441, -0.000676063646097, 0.00418763561174, -0.0136004248634, 0.0386868007481, -0.0174274463207, 0.00422950601205], [-0.000331206829287, -0.000920823600609, 0.0017189362552, 0.00382198253646, -0.00252819107845, -0.00207455409691, 0.00572919053957, -0.00111568404827, -0.00102396903094, 0.00572522636503, -0.0174274463207, 0.0426255315542, -0.01407664828], [7.731574442e-05, 0.000893076998182, -0.00154111545999, -0.00106198946014, 0.00180079706479, -4.80358830828e-05, -0.00118428771384, 0.00585488881916, -0.000176934423507, -0.00218831771053, 0.00422950601205, -0.01407664828, 0.0319035723805]]
    },
    "spectral_contrast_coeffs": {
        "max": [-0.457850337029, -0.410450041294, -0.538579404354, -0.604640960693, -0.621398329735, -0.636330902576],
        "mean": [-0.715997934341, -0.812402307987, -0.811928093433, -0.817429065704, -0.795686781406, -0.721279084682],
        "min": [-0.956883609295, -0.973838746548, -0.965738832951, -0.968745410442, -0.962150633335, -0.9589381814],
        "stdev": [0.0642704069614, 0.0778486579657, 0.0560752414167, 0.0406351797283, 0.0345899276435, 0.0443745441735]
    },
    "spectral_contrast_valleys": {
        "max": [-5.50191450119, -4.97364473343, -5.27231216431, -5.34135866165, -6.17127990723, -9.5758523941],
        "mean": [-8.22784328461, -6.54611349106, -6.42929410934, -6.52678823471, -7.35327863693, -10.8331985474],
        "min": [-27.0090961456, -26.9488582611, -27.1007957458, -27.1690979004, -27.2287197113, -27.3157958984],
        "stdev": [1.12861001492, 1.19889616966, 1.29605412483, 1.36892151833, 1.37275266647, 1.17161715031]
    }
},
"rhythm": {
    "beats_count": 22,
    "beats_loudness": {
        "max": 0.0760459899902,
        "mean": 0.0236719623208,
        "min": 0.000356564065441,
        "stdev": 0.0164271146059
    },
    "bpm": 111.974761963,
    "bpm_histogram_first_peak_bpm": 112,
    "bpm_histogram_first_peak_weight": 0.416666686535,
    "bpm_histogram_second_peak_bpm": 99,
    "bpm_histogram_second_peak_spread": 0.555555582047,
    "bpm_histogram_second_peak_weight": 0.190476194024,
    "danceability": 1.2813603878,
    "onset_rate": 2.19446659088,
    "beats_loudness_band_ratio": {
        "max": [0.776176869869, 0.444552630186, 0.804625511169, 0.496028542519, 0.450262963772, 0.0857735276222],
        "mean": [0.0462627410889, 0.0505208745599, 0.230025544763, 0.371714383364, 0.281450122595, 0.0462876558304],
        "min": [0.00124237989075, 0.00712303072214, 0.0846974998713, 0.0144338393584, 0.00532297370955, 0.000228799748584],
        "stdev": [0.159589186311, 0.0910608619452, 0.193156525493, 0.137383565307, 0.136389642954, 0.0261048395187]
    },
    "beats_position": [0.510838985443, 1.04489791393, 1.57895684242, 2.11301589012, 2.6470746994, 3.1811337471, 3.72680258751, 4.2492518425, 4.77170038223, 5.31736946106, 5.85142850876, 6.38548755646, 6.94276618958, 7.5464849472, 8.13859367371, 8.74231243134, 9.33442115784, 9.93814086914, 10.5418596268, 11.1223583221, 11.7028570175, 12.2833557129],
