{
"metadata": {
    "version": {
        "essentia": "2.1-beta5",
        "essentia_git_sha": "Undefined",
        "extractor": "music 2.0"
    },
    "audio_properties": {
        "analysis": {
            "equal_loudness": 0,
            "length": 29.0017242432,
            "sample_rate": 44100,
            "start_time": 194.989562988,
            "downmix": "mix"
        },
        "bit_rate": 192000,
        "length": 244.575790405,
        "lossless": 0,
        "number_channels": 1,
        "replay_gain": 0.154481887817,
        "sample_rate": 48000,
        "codec": "mp3",
        "md5_encoded": "d53a06fd40b4a625c6b7eeaa746ed03d"
    },
    "tags": {
        "file_name": "Italy_Era_Wess _ Dori Ghezzi.mp3",
        "encoding": ["Lavf58.29.100"]
    }
},
"lowlevel": {
    "average_loudness": 0.910423576832,
    "barkbands_crest": {
        "max": 24.2377300262,
        "mean": 9.1785993576,
        "min": 2.56034564972,
        "stdev": 4.689640522
    },
    "barkbands_flatness_db": {
        "max": 0.375075906515,
        "mean": 0.150728344917,
        "min": 0.0605594627559,
        "stdev": 0.0522630661726
    },
    "barkbands_kurtosis": {
        "max": 99.4501113892,
        "mean": 3.02493739128,
        "min": -1.78914034367,
        "stdev": 8.40249347687
    },
    "barkbands_skewness": {
        "max": 7.98659133911,
        "mean": 1.16662228107,
        "min": -0.945998728275,
        "stdev": 1.16291606426
    },
    "barkbands_spread": {
        "max": 68.0760192871,
        "mean": 18.3129959106,
        "min": 0.663412749767,
        "stdev": 9.17508029938
    },
    "dissonance": {
        "max": 0.499992251396,
        "mean": 0.466901808977,
        "min": 0.345008850098,
        "stdev": 0.0228869635612
    },
    "dynamic_complexity": 3.5712916851,
    "erbbands_crest": {
        "max": 28.230512619,
        "mean": 8.62767028809,
        "min": 2.88242602348,
        "stdev": 3.58617210388
    },
    "erbbands_flatness_db": {
        "max": 0.332964211702,
        "mean": 0.202400431037,
        "min": 0.107797600329,
        "stdev": 0.0393256060779
    },
    "erbbands_kurtosis": {
        "max": 53.5784454346,
        "mean": 0.242485567927,
        "min": -1.75129032135,
        "stdev": 3.23276972771
    },
    "erbbands_skewness": {
        "max": 5.9511179924,
        "mean": 0.331561803818,
        "min": -1.50120341778,
        "stdev": 0.679863810539
    },
    "erbbands_spread": {
        "max": 103.570747375,
        "mean": 29.8322067261,
        "min": 3.08787155151,
        "stdev": 10.3155632019
    },
    "hfc": {
        "max": 101.758300781,
        "mean": 19.4258499146,
        "min": 0.10432331264,
        "stdev": 19.4008827209
    },
    "loudness_ebu128": {
        "integrated": -28.306646347,
        "loudness_range": 4.78022575378,
        "momentary": {
            "max": -24.5887718201,
            "mean": -29.1116161346,
            "min": -37.528137207,
            "stdev": 2.90022134781
        },
        "short_term": {
            "max": -25.6219367981,
            "mean": -28.5788974762,
            "min": -31.7626419067,
            "stdev": 1.67296802998
        }
    },
    "melbands_crest": {
        "max": 27.3785133362,
        "mean": 11.4241733551,
        "min": 3.36378264427,
        "stdev": 4.8751206398
    },
    "melbands_flatness_db": {
        "max": 0.467385143042,
        "mean": 0.180553615093,
        "min": 0.0488194599748,
        "stdev": 0.0784197673202
    },
    "melbands_kurtosis": {
        "max": 111.277893066,
        "mean": 6.72546625137,
        "min": -1.18927288055,
        "stdev": 10.741309166
    },
    "melbands_skewness": {
        "max": 7.40383577347,
        "mean": 1.83331656456,
        "min": -0.304172247648,
        "stdev": 1.2293587923
    },
    "melbands_spread": {
        "max": 152.395782471,
        "mean": 26.7999191284,
        "min": 0.950172662735,
        "stdev": 16.8737220764
    },
    "pitch_salience": {
        "max": 0.843680500984,
        "mean": 0.587218880653,
        "min": 0.209397912025,
        "stdev": 0.105526760221
    },
    "silence_rate_20dB": {
        "max": 1,
        "mean": 1,
        "min": 1,
        "stdev": 0
    },
    "silence_rate_30dB": {
        "max": 1,
        "mean": 0.999199986458,
        "min": 0,
        "stdev": 0.0282730348408
    },
    "silence_rate_60dB": {
        "max": 1,
        "mean": 0.110399998724,
        "min": 0,
        "stdev": 0.313389062881
    },
    "spectral_centroid": {
        "max": 3785.73046875,
        "mean": 1358.94226074,
        "min": 225.52154541,
        "stdev": 713.567749023
    },
    "spectral_complexity": {
        "max": 49,
        "mean": 19.5144004822,
        "min": 1,
        "stdev": 10.6222448349
    },
    "spectral_decrease": {
        "max": -5.24881769992e-11,
        "mean": -4.22172208303e-09,
        "min": -2.72981903748e-08,
        "stdev": 3.76943232183e-09
    },
    "spectral_energy": {
        "max": 0.110661335289,
        "mean": 0.0176957715303,
        "min": 0.000207564837183,
        "stdev": 0.0156784337014
    },
    "spectral_energyband_high": {
        "max": 0.00744255445898,
        "mean": 0.000672848836984,
        "min": 4.28660399621e-07,
        "stdev": 0.000936540251132
    },
    "spectral_energyband_low": {
        "max": 0.0146926436573,
        "mean": 0.00111720792484,
        "min": 6.33294575891e-06,
        "stdev": 0.00149014021736
    },
    "spectral_energyband_middle_high": {
        "max": 0.0449724681675,
        "mean": 0.00688984617591,
        "min": 9.17222860153e-06,
        "stdev": 0.00749979168177
    },
    "spectral_energyband_middle_low": {
        "max": 0.0935580581427,
        "mean": 0.00963137485087,
        "min": 0.000176508066943,
        "stdev": 0.0105656776577
    },
    "spectral_entropy": {
        "max": 8.55168151855,
        "mean": 7.40904045105,
        "min": 5.17144727707,
        "stdev": 0.461646437645
    },
    "spectral_flux": {
        "max": 0.216032996774,
        "mean": 0.0687800347805,
        "min": 0.00827857013792,
        "stdev": 0.038210824132
    },
    "spectral_kurtosis": {
        "max": 30.5360336304,
        "mean": 5.66360139847,
        "min": -0.606066942215,
        "stdev": 5.23152542114
    },
    "spectral_rms": {
        "max": 0.0103904902935,
        "mean": 0.00376777490601,
        "min": 0.000450002524303,
        "stdev": 0.00175157492049
    },
    "spectral_rolloff": {
        "max": 8613.28125,
        "mean": 1685.93054199,
        "min": 215.33203125,
        "stdev": 1104.36853027
    },
    "spectral_skewness": {
        "max": 4.13949251175,
        "mean": 1.61934137344,
        "min": 0.196770578623,
        "stdev": 0.674719512463
    },
    "spectral_spread": {
        "max": 9850418,
        "mean": 3536331.5,
        "min": 1483072.75,
        "stdev": 989837.9375
    },
    "spectral_strongpeak": {
        "max": 8.8237657547,
        "mean": 1.16487979889,
        "min": 0.0107506308705,
        "stdev": 1.32706141472
    },
    "zerocrossingrate": {
        "max": 0.2666015625,
        "mean": 0.0593718737364,
        "min": 0.00927734375,
        "stdev": 0.0292260479182
    },
    "barkbands": {
        "max": [0.000229650962865, 0.00398023799062, 0.00772951589897, 0.0158383529633, 0.0804498568177, 0.0419183410704, 0.0236012935638, 0.0191360730678, 0.0236046239734, 0.0256924964488, 0.0151529191062, 0.0119989942759, 0.00876144412905, 0.0192728135735, 0.0200549568981, 0.00898736529052, 0.00288975448348, 0.00369536713697, 0.00458876369521, 0.00576347671449, 0.00173821928911, 0.00403515761718, 0.00167901220266, 0.00116764730774, 0.000516364932992, 7.55928558647e-05, 1.7279241149e-07],
        "mean": [2.31674184761e-05, 0.000194997584913, 0.000569926341996, 0.0010165279964, 0.00381053402089, 0.0013590430608, 0.000716261507478, 0.000980955082923, 0.0011781064095, 0.00104142527562, 0.000882469932549, 0.000740404822864, 0.00052555964794, 0.0012048027711, 0.00111365644261, 0.00040825639735, 0.000257821462583, 0.00023785996018, 0.000463678123197, 0.000420048891101, 0.000145635742228, 0.000239341185079, 7.24946148694e-05, 6.08011323493e-05, 2.88980281766e-05, 3.07852883452e-06, 1.39065481353e-09],
        "min": [9.29410219896e-08, 7.2817272212e-07, 1.31300254225e-07, 1.98324801204e-06, 2.31363101193e-05, 1.223061372e-05, 3.95870847569e-06, 1.64574635164e-06, 1.49855111431e-06, 6.04474962529e-07, 6.25221787232e-07, 5.34192167834e-07, 7.1458379125e-07, 5.25359439507e-07, 7.52047128572e-07, 3.82930693377e-07, 5.28083546669e-07, 2.67212669769e-07, 1.39702052593e-07, 1.01730570634e-07, 5.8388440749e-08, 4.81798778651e-08, 8.9938351211e-10, 3.30840022045e-10, 4.54207366163e-10, 3.47607775897e-10, 3.28836347041e-10],
        "stdev": [2.93943849101e-05, 0.000310966075631, 0.000820709276013, 0.00174633902498, 0.00623255688697, 0.00230946019292, 0.0018589287065, 0.00148693087976, 0.00202137301676, 0.00223929900676, 0.00157222780399, 0.00133517233189, 0.000892668147571, 0.0023399963975, 0.00175169762224, 0.000784249335993, 0.000395097915316, 0.000320993567584, 0.000709591549821, 0.000629580055829, 0.000190024424228, 0.000435691646999, 0.000122516765259, 0.00010201043915, 5.66288472328e-05, 6.72565511195e-06, 6.75395295247e-09]
    },
    "erbbands": {
        "max": [0.0316559635103, 1.25448083878, 7.85645580292, 33.5514717102, 195.721389771, 380.712463379, 313.040618896, 258.619689941, 175.085830688, 467.722137451, 527.86730957, 310.286224365, 1030.24084473, 793.844604492, 641.864868164, 584.224731445, 257.774932861, 1030.20654297, 690.099609375, 575.663269043, 245.10244751, 144.199478149, 166.908828735, 198.631454468, 262.058227539, 210.685928345, 66.1133651733, 92.4710693359, 183.786087036, 52.1625175476, 41.9065971375, 28.9121360779, 15.9784736633, 9.15855503082, 2.89203834534, 0.673972189426, 0.0715054646134, 0.00184529146645, 0.000110303473775, 0.000136271002702],
        "mean": [0.00251102121547, 0.060933843255, 0.506278693676, 2.09659266472, 8.10384082794, 13.8943624496, 14.4778842926, 9.23138523102, 6.86230230331, 16.5184001923, 25.4688930511, 25.1437511444, 37.2035903931, 31.1533870697, 36.0870323181, 28.8074836731, 23.555475235, 66.0433654785, 54.9503059387, 40.4682693481, 21.0004615784, 12.3570175171, 12.3114948273, 18.6319179535, 29.4612617493, 17.769990921, 6.91056013107, 6.37199783325, 9.75287342072, 4.02673578262, 2.06095457077, 1.38136422634, 0.960135161877, 0.455347180367, 0.130749061704, 0.0303273126483, 0.00213037966751, 6.71607485856e-05, 1.58838374773e-05, 2.30090172408e-05],
        "min": [2.75788770523e-05, 0.000192781139049, 0.00107891089283, 0.0122303869575, 0.0364276431501, 0.0404121018946, 0.142866685987, 0.132676228881, 0.116909377277, 0.0402262024581, 0.0452630519867, 0.0412007942796, 0.0325824730098, 0.0234107486904, 0.0352098867297, 0.020184347406, 0.0408891439438, 0.0463928095996, 0.0348712578416, 0.0427173376083, 0.0261799916625, 0.0290744975209, 0.0193453282118, 0.0109818596393, 0.00491349445656, 0.00425874721259, 0.00258480384946, 0.00208804104477, 0.00164965260774, 0.00135456945281, 0.000141699274536, 1.88234444067e-05, 1.07372197817e-05, 7.30812007532e-06, 5.00078340337e-06, 2.83143390334e-06, 1.45108413108e-06, 4.30159104781e-07, 2.53449030652e-07, 2.47163001177e-07],
        "stdev": [0.00308398669586, 0.0942104607821, 0.680765986443, 3.01659345627, 14.0431051254, 27.7585086823, 23.3702735901, 16.8768539429, 12.4229726791, 35.6924285889, 38.8039779663, 35.6132507324, 88.7291870117, 59.510974884, 61.8169288635, 53.1585617065, 32.9773635864, 125.128547668, 81.2563247681, 60.0773735046, 30.4419612885, 17.6364154816, 16.5113334656, 24.5445079803, 46.187084198, 26.2093734741, 8.61115837097, 9.35723209381, 18.5473690033, 6.35504388809, 3.42325973511, 2.49856686592, 1.58606898785, 0.876329898834, 0.249084457755, 0.0628849491477, 0.00557370297611, 0.000149806190166, 1.63962558872e-05, 2.03910149139e-05]
    },
    "gfcc": {
        "mean": [-41.9973754883, 117.94002533, -159.959152222, 30.7135620117, -75.6441040039, 9.19404697418, -46.446144104, -9.91957378387, -23.5911808014, -12.0639276505, -12.7979764938, -20.1246681213, -1.72541189194],
        "cov": [[7535.52978516, -2668.03271484, -746.82611084, 931.115966797, -638.667907715, 824.353759766, 90.8548049927, 611.816772461, -481.727478027, 319.803131104, -211.820983887, -1.20110404491, -144.761917114], [-2668.03271484, 1545.21984863, 175.734832764, -302.446685791, 375.906585693, -447.818908691, 103.48550415, -374.092010498, 299.639190674, -242.910202026, 103.373573303, -139.423049927, 59.127872467], [-746.82611084, 175.734832764, 691.757141113, -74.7059173584, 28.7959671021, -34.5552635193, -236.222320557, 6.31779623032, -80.9448013306, 47.0350914001, -78.7434310913, 84.2956924438, -31.6734580994], [931.115966797, -302.446685791, -74.7059173584, 319.519073486, -98.3478317261, 92.2553939819, 60.2280883789, 70.3810653687, -13.551653862, -15.465628624, 9.27500915527, -27.8668880463, -5.46019744873], [-638.667907715, 375.906585693, 28.7959671021, -98.3478317261, 234.675689697, -90.1442871094, 35.3971633911, -85.7063293457, 23.9369316101, -33.5443305969, -25.6701602936, -19.7278079987, -9.39054584503], [824.353759766, -447.818908691, -34.5552635193, 92.2553939819, -90.1442871094, 245.276641846, -3.66318964958, 116.925956726, -100.658958435, 63.6895446777, -27.0088882446, 22.1808986664, -16.0745944977], [90.8548049927, 103.48550415, -236.222320557, 60.2280883789, 35.3971633911, -3.66318964958, 230.861160278, -21.7702388763, 62.4255523682, -39.7875442505, 28.2077198029, -50.6523666382, -10.8525733948], [611.816772461, -374.092010498, 6.31779623032, 70.3810653687, -85.7063293457, 116.925956726, -21.7702388763, 214.783950806, -73.4983673096, 77.9218444824, -40.5316352844, 34.7518005371, -7.39217090607], [-481.727478027, 299.639190674, -80.9448013306, -13.551653862, 23.9369316101, -100.658958435, 62.4255523682, -73.4983673096, 167.799682617, -61.2559356689, 59.7013053894, -54.913356781, 27.3347892761], [319.803131104, -242.910202026, 47.0350914001, -15.465628624, -33.5443305969, 63.6895446777, -39.7875442505, 77.9218444824, -61.2559356689, 136.171813965, -41.1020507812, 44.3851165771, -34.1248321533], [-211.820983887, 103.373573303, -78.7434310913, 9.27500915527, -25.6701602936, -27.0088882446, 28.2077198029, -40.5316352844, 59.7013053894, -41.1020507812, 100.777084351, -13.8856992722, 41.0261383057], [-1.20110404491, -139.423049927, 84.2956924438, -27.8668880463, -19.7278079987, 22.1808986664, -50.6523666382, 34.7518005371, -54.913356781, 44.3851165771, -13.8856992722, 118.71710968, -9.46919059753], [-144.761917114, 59.127872467, -31.6734580994, -5.46019744873, -9.39054584503, -16.0745944977, -10.8525733948, -7.39217090607, 27.3347892761, -34.1248321533, 41.0261383057, -9.46919059753, 76.6194076538]],
        "icov": [[0.000623125291895, 0.000206404612982, 0.000772405532189, -0.00119054690003, 0.000581656466238, -0.000407735264162, 0.000354536517989, 2.02495302801e-05, 0.000800606911071, -0.00046395350364, 0.00103303615469, 0.000427343387855, 0.000297812919598], [0.000206404612982, 0.0104458006099, -0.00583693012595, 0.00491735106334, -0.00777145894244, 0.00620973622426, -0.00594023987651, 0.00288829789497, -0.00584341073409, 0.00586576899514, -0.00545119959861, 0.00607748888433, -0.00157887500245], [0.000772405532189, -0.00583693012595, 0.00712175900117, -0.00486324727535, 0.00487983645871, -0.0038035698235, 0.00659971591085, -0.00158883992117, 0.00449081277475, -0.00384708400816, 0.00565100461245, -0.00388131593354, 0.00232174433768], [-0.00119054690003, 0.00491735106334, -0.00486324727535, 0.00956248212606, -0.00352500472218, 0.00301075563766, -0.00512690050527, 0.000350635295035, -0.00434151710942, 0.00562381651253, -0.0051648626104, 0.0032560902182, -0.000644238491077], [0.000581656466238, -0.00777145894244, 0.00487983645871, -0.00352500472218, 0.0135298017412, -0.00391084887087, 0.00279992399737, -0.000480018177768, 0.00618385057896, -0.00433147000149, 0.00844489689916, -0.00355563731864, 0.000953741255216], [-0.000407735264162, 0.00620973622426, -0.0038035698235, 0.00301075563766, -0.00391084887087, 0.0118291471153, -0.00455199507996, -3.2159845432e-05, -0.000330207549268, 0.00267103873193, -0.00468390388414, 0.00410500448197, -0.00124292669352], [0.000354536517989, -0.00594023987651, 0.00659971591085, -0.00512690050527, 0.00279992399737, -0.00455199507996, 0.0124615328386, -0.00218053208664, 0.00185731099918, -0.00266310595907, 0.00308726564981, -0.00300165312365, 0.00468696095049], [2.02495302801e-05, 0.00288829789497, -0.00158883992117, 0.000350635295035, -0.000480018177768, -3.2159845432e-05, -0.00218053208664, 0.00937800761312, -0.00120519567281, -0.00156740436796, 0.0015915336553, 0.000803844886832, -0.00331311067566], [0.000800606911071, -0.00584341073409, 0.00449081277475, -0.00434151710942, 0.00618385057896, -0.000330207549268, 0.00185731099918, -0.00120519567281, 0.0167121645063, -0.00377559149638, 0.000451934203738, 0.000412440625951, 0.000569681520574], [-0.00046395350364, 0.00586576899514, -0.00384708400816, 0.00562381651253, -0.00433147000149, 0.00267103873193, -0.00266310595907, -0.00156740436796, -0.00377559149638, 0.0165716242045, -0.00303063378669, 0.00101294985507, 0.00338389887474], [0.00103303615469, -0.00545119959861, 0.00565100461245, -0.0051648626104, 0.00844489689916, -0.00468390388414, 0.00308726564981, 0.0015915336553, 0.000451934203738, -0.00303063378669, 0.0234824419022, -0.00486982241273, -0.00591694470495], [0.000427343387855, 0.00607748888433, -0.00388131593354, 0.0032560902182, -0.00355563731864, 0.00410500448197, -0.00300165312365, 0.000803844886832, 0.000412440625951, 0.00101294985507, -0.00486982241273, 0.0154254306108, -0.000359298370313], [0.000297812919598, -0.00157887500245, 0.00232174433768, -0.000644238491077, 0.000953741255216, -0.00124292669352, 0.00468696095049, -0.00331311067566, 0.000569681520574, 0.00338389887474, -0.00591694470495, -0.000359298370313, 0.0203745849431]]
    },
    "melbands": {
        "max": [0.000656927062664, 0.00334221683443, 0.00639567477629, 0.0205646976829, 0.0130461957306, 0.00606937520206, 0.00347180780955, 0.00427989335731, 0.00397346634418, 0.00285620172508, 0.00506443483755, 0.00302671082318, 0.00169423548505, 0.00149034988135, 0.000948153436184, 0.00117532419972, 0.00234703184105, 0.0012719972292, 0.00193609530106, 0.000889243558049, 0.000275842350675, 0.000162664029631, 0.000211339633097, 0.000137173003168, 0.00016837385192, 0.000279779109405, 0.000312828517053, 0.000118289608508, 4.12566223531e-05, 4.65108787466e-05, 5.41727094969e-05, 0.000139700146974, 7.48720995034e-05, 2.3475738999e-05, 2.21351874643e-05, 2.98810773529e-05, 1.71846368175e-05, 1.42293074532e-05, 1.06606266854e-05, 7.60790180721e-06],
        "mean": [3.84363520425e-05, 0.000213788298424, 0.000546206079889, 0.000797273532953, 0.000545438437257, 0.000212011553231, 0.000119321492093, 0.000180241841008, 0.000211475460674, 0.000163671604241, 0.000182345102075, 0.000118586460303, 0.000115370821732, 9.58232703852e-05, 4.55811969005e-05, 6.3483210397e-05, 0.000133681154693, 8.02170616225e-05, 8.40776629047e-05, 3.64964143955e-05, 2.17314063775e-05, 1.32177829073e-05, 1.13308851724e-05, 1.1108981198e-05, 1.49700435941e-05, 1.89718484762e-05, 2.21731497732e-05, 9.21068931348e-06, 4.38927281721e-06, 3.3539101878e-06, 3.73186321667e-06, 6.09386597716e-06, 3.72933595827e-06, 1.62239768997e-06, 1.17958825285e-06, 9.89437694443e-07, 7.86868838532e-07, 6.74843249726e-07, 6.05698971867e-07, 3.04962185282e-07],
        "min": [3.1239963505e-07, 6.15019530414e-07, 2.63923811872e-06, 5.55175165573e-06, 6.13995143794e-06, 2.42865212385e-06, 1.2118163113e-06, 3.23210031183e-07, 3.68910122006e-07, 2.66539359473e-07, 1.55005821512e-07, 8.80760993027e-08, 1.01323550439e-07, 7.46231094695e-08, 5.3647575271e-08, 7.20297990142e-08, 7.24048945244e-08, 4.76811514716e-08, 6.17630533384e-08, 3.42263355435e-08, 2.73433009568e-08, 2.68948099347e-08, 2.14410604826e-08, 1.23977867972e-08, 7.09722858261e-09, 2.84882539781e-09, 2.58507171225e-09, 2.07801487129e-09, 1.20574794593e-09, 1.37384525978e-09, 9.85439951862e-10, 8.12346356849e-10, 8.24178336689e-10, 6.75685674079e-10, 6.5003779269e-12, 4.49555974044e-12, 3.7106442051e-12, 3.31190457004e-12, 2.47056606943e-12, 2.83956452102e-12],
        "stdev": [5.35902436241e-05, 0.000285600515781, 0.000792351609562, 0.0013791002566, 0.000891430361662, 0.000374074297724, 0.000253090780461, 0.000353748124326, 0.000326985202264, 0.000264099508058, 0.000441410491476, 0.000240835899604, 0.000193221247173, 0.000168054335518, 8.28109114082e-05, 0.000113510097435, 0.000277027109405, 0.000125363731058, 0.000140403659316, 7.08237857907e-05, 3.2326872315e-05, 1.94229269255e-05, 2.04181887966e-05, 1.4363750779e-05, 2.11707119888e-05, 3.19342216244e-05, 3.53607028956e-05, 1.38281566251e-05, 5.73222541789e-06, 4.50207653557e-06, 5.86521264268e-06, 1.1697188711e-05, 7.02058650859e-06, 2.56176872426e-06, 1.98029147214e-06, 1.81566485935e-06, 1.5297008531e-06, 1.19552771594e-06, 1.12027828436e-06, 6.21877006779e-07]
    },
    "melbands128": {
        "max": [0.000108739986899, 0.000267366238404, 0.000527436612174, 0.00254181143828, 0.00389492185786, 0.00376543775201, 0.00766178453341, 0.0109360758215, 0.0207068603486, 0.0329380072653, 0.0274184569716, 0.0251251254231, 0.0114236921072, 0.0161578189582, 0.0089549459517, 0.00231896690093, 0.0013122074306, 0.0034216013737, 0.00786123238504, 0.00704288762063, 0.00682620005682, 0.00457760691643, 0.00631685648113, 0.00474125193432, 0.00168540235609, 0.00496260030195, 0.00918306503445, 0.00974359828979, 0.00221811444499, 0.00304739386775, 0.00614867312834, 0.0032464468386, 0.00188479560893, 0.00454366207123, 0.00231939647347, 0.00301046273671, 0.00282835797407, 0.00146638881415, 0.000865239475388, 0.000644175510388, 0.00175325281452, 0.00250801420771, 0.00371957500465, 0.00379503145814, 0.000864407105837, 0.0028687636368, 0.00269051152281, 0.00410173367709, 0.00142393831629, 0.000962931197137, 0.00180777232163, 0.000830597185995, 0.00055355427321, 0.00067009445047, 0.000334272917826, 0.000222442919039, 0.000334072654368, 0.000498515553772, 0.00044872018043, 0.000197457222384, 0.000123481120681, 0.000359307799954, 0.000408473832067, 0.000295762758469, 0.000234894265304, 0.000489461584948, 0.000453831831692, 0.000573232304305, 0.000775074586272, 0.000398597505409, 0.00018210907001, 8.38667765493e-05, 7.479028136e-05, 7.36218571546e-05, 4.90519996674e-05, 5.5179141782e-05, 7.41291005397e-05, 5.96230056544e-05, 7.67887468101e-05, 7.92038117652e-05, 0.000219696987187, 0.000177350244485, 0.000203804011107, 6.38645578874e-05, 4.80163762404e-05, 3.96276154788e-05, 3.27961352014e-05, 2.62593021034e-05, 2.12780832953e-05, 2.90466359729e-05, 3.76073257939e-05, 3.79373705073e-05, 1.49596389747e-05, 1.71733154275e-05, 1.86007891898e-05, 2.46602976404e-05, 1.61746065714e-05, 8.15412931843e-06, 1.08594222183e-05, 1.70792100107e-05, 1.63435288414e-05, 7.62133049648e-06, 4.53435268355e-06, 4.72716237709e-06, 4.16731654695e-06, 3.11355302074e-06, 1.61380751251e-06, 1.14644524274e-06, 1.37858694416e-06, 1.30374576202e-06, 7.12050052698e-07, 3.26425009689e-07, 2.1104631287e-07, 2.576843805e-08, 5.16682074903e-09, 4.48580728118e-09, 1.30228483552e-09, 8.28686896881e-10, 8.08049793743e-10, 7.62949536881e-10, 7.44252826035e-10, 7.32091887112e-10, 7.13138159636e-10, 6.95776380955e-10, 6.78756217898e-10, 6.81228906618e-10, 6.75212663559e-10, 6.70131949931e-10],
        "mean": [1.347514808e-05, 1.26894938148e-05, 3.39630205417e-05, 0.000113752219477, 0.000197169720195, 0.000311388284899, 0.000341532140737, 0.000606222776696, 0.000886043999344, 0.000774347921833, 0.000827217649203, 0.000638014462311, 0.000517159525771, 0.000371257163351, 0.000218466157094, 0.000127989871544, 7.45181387174e-05, 9.66098596109e-05, 0.000199511952815, 0.000202649258426, 0.000152473920025, 0.000170780767803, 0.000277358281892, 0.000180728107807, 0.000112970970804, 0.000182467410923, 0.000201402523089, 0.000244332506554, 8.45947870403e-05, 0.000108951069706, 0.000137766837724, 0.000128909610794, 7.88425240899e-05, 0.000159200004418, 9.19877056731e-05, 8.79152357811e-05, 8.1699094153e-05, 3.68916189473e-05, 2.93774337479e-05, 3.87784275517e-05, 8.43214293127e-05, 7.4851057434e-05, 0.000152771623107, 0.000174916451215, 4.62271709694e-05, 6.82607496856e-05, 0.000103482794657, 0.000115796079626, 6.0390055296e-05, 2.99863077089e-05, 4.24373283749e-05, 3.33010393661e-05, 1.58238999575e-05, 2.26706215471e-05, 2.08573892451e-05, 8.6800500867e-06, 9.63542697718e-06, 1.3454389773e-05, 1.05547751446e-05, 1.09531893031e-05, 9.31984686758e-06, 1.124339542e-05, 1.9575276383e-05, 1.47961509356e-05, 9.95541086013e-06, 1.84981818165e-05, 2.46874424192e-05, 2.50760858762e-05, 2.37449876295e-05, 1.48124445332e-05, 8.96093024494e-06, 6.63849550619e-06, 5.0142193686e-06, 4.10428310715e-06, 3.30103830493e-06, 3.61438105756e-06, 3.13525151796e-06, 3.24549569086e-06, 3.51518133357e-06, 4.4338880798e-06, 6.12932581134e-06, 7.06267564965e-06, 5.53836025574e-06, 2.97459996546e-06, 2.93075686386e-06, 1.7636548364e-06, 1.22535470837e-06, 1.06043023607e-06, 1.28338695049e-06, 1.15810257739e-06, 1.06481024886e-06, 9.47863327383e-07, 8.54110624005e-07, 7.82785377851e-07, 7.51095456053e-07, 7.05085199115e-07, 6.34718048786e-07, 6.69094220029e-07, 6.7211010446e-07, 5.58430542696e-07, 3.91556142176e-07, 2.52403253853e-07, 2.09841786614e-07, 1.83283759725e-07, 1.45476406033e-07, 1.02281305203e-07, 8.76079511158e-08, 7.18822334989e-08, 4.80345967446e-08, 2.99818552207e-08, 1.45770640003e-08, 5.54742962677e-09, 1.69038594233e-09, 2.22629345514e-10, 2.73819213831e-11, 2.44755396506e-11, 1.09292019879e-11, 6.34204451108e-12, 6.19820861303e-12, 6.01698378622e-12, 5.7965984443e-12, 5.66177486838e-12, 5.563010122e-12, 5.29301168867e-12, 4.60888792408e-12, 3.62013218881e-12, 3.12592898614e-12, 3.04120877787e-12],
        "min": [3.35825234288e-08, 1.15182913873e-07, 9.32942967324e-08, 6.98127990972e-08, 1.8094999632e-07, 6.30288852221e-08, 2.95613403978e-07, 9.31645899982e-07, 1.21375319395e-06, 1.88590411199e-06, 1.18419097817e-06, 9.37902541409e-07, 6.92857724971e-07, 4.53949979828e-07, 9.14394718166e-07, 2.11435462916e-07, 7.49833986902e-07, 1.70556305079e-07, 4.40137910118e-07, 2.09046959299e-07, 1.60365004831e-07, 2.51597754186e-07, 1.76827242626e-07, 5.37595852279e-08, 2.47310566692e-07, 2.21181124971e-07, 1.81876004035e-07, 1.19478016813e-07, 4.77533212973e-08, 6.70521416168e-08, 6.65189503479e-08, 7.15588370781e-08, 5.99586229555e-08, 5.58511565885e-08, 4.00689721403e-08, 2.2171045444e-08, 2.75506870651e-08, 3.99644761728e-08, 2.3197261001e-08, 7.11265428777e-08, 3.53237616935e-08, 3.44440529432e-08, 2.15071747078e-08, 4.81213078274e-08, 1.27708226216e-08, 3.14526822365e-08, 4.95748757601e-08, 2.63806825274e-08, 4.28175681577e-08, 7.76054953633e-09, 1.66348907982e-08, 1.44340033259e-08, 5.95860072394e-09, 1.24649472966e-08, 1.76285155362e-08, 7.87108422884e-09, 1.00692814087e-08, 1.37239162257e-08, 7.49611395179e-09, 8.63279936425e-09, 8.27996426978e-09, 1.92835680757e-09, 6.85556011959e-09, 3.77966680176e-09, 2.90547408355e-09, 2.04304662077e-09, 3.06460656851e-09, 1.50409329436e-09, 1.40434863738e-09, 1.02265029778e-09, 7.44113604068e-10, 1.29281296779e-09, 9.16679121499e-10, 8.17505008133e-10, 1.08478437344e-09, 6.32991881133e-10, 6.02184802023e-10, 8.22413526169e-10, 4.83517781369e-10, 6.93829660392e-10, 4.35108782337e-10, 5.09530473369e-10, 3.87392617984e-10, 6.60929977414e-10, 1.65991193013e-10, 3.35716898725e-10, 1.42192290928e-11, 8.29874016728e-12, 3.78492723274e-12, 3.74535645553e-12, 3.45004363619e-12, 4.17766689298e-12, 3.85840491501e-12, 3.04052659786e-12, 2.61716776723e-12, 2.89798328564e-12, 2.09547006483e-12, 2.56002836117e-12, 1.55074000516e-12, 2.29881760329e-12, 1.77514307507e-12, 1.61308921949e-12, 1.50906620099e-12, 1.62906211958e-12, 1.19424045306e-12, 1.10882071754e-12, 1.36139417881e-12, 1.3594806704e-12, 8.62678526704e-13, 9.726992432e-13, 1.21944164835e-12, 1.04914178473e-12, 1.10175627302e-12, 8.3793275053e-13, 9.30156993095e-13, 8.65304139105e-13, 8.03124819253e-13, 1.04828244609e-12, 8.59270066125e-13, 1.03368539856e-12, 9.66814844329e-13, 8.23337817195e-13, 8.69569986763e-13, 8.33075091116e-13, 6.91889254223e-13, 2.13937754231e-13, 2.90263859227e-14, 9.02581685573e-16],
        "stdev": [1.45847398016e-05, 1.69192862813e-05, 5.31901641807e-05, 0.000198175868718, 0.000289880641503, 0.000473752355902, 0.000566087081097, 0.00112678762525, 0.00173952907789, 0.00170766678639, 0.0019293440273, 0.00142477056943, 0.000894379802048, 0.000771695980802, 0.000516166735906, 0.000226912874496, 0.000128449741169, 0.000215850101085, 0.000645701948088, 0.000498267530929, 0.000317709869705, 0.000331224669935, 0.000498106877785, 0.000410674518207, 0.000192325082025, 0.000422603829065, 0.000664189748932, 0.000742530683056, 0.000213021165109, 0.000308465445414, 0.000334870564984, 0.000307045993395, 0.000164518627571, 0.000375711359084, 0.00022135094332, 0.000228037722991, 0.000203806193895, 0.000107931635284, 6.21653307462e-05, 7.41222611396e-05, 0.000191692102817, 0.000196219843929, 0.000390922097722, 0.000436009053374, 9.38882440096e-05, 0.000181727693416, 0.000216429310967, 0.000253251637332, 0.000140039526741, 7.45263605495e-05, 0.000119924952742, 7.81906055636e-05, 3.52720708179e-05, 5.10694953846e-05, 4.06811450375e-05, 1.66496156453e-05, 2.25095300266e-05, 3.95137940359e-05, 2.38855136558e-05, 1.88013309526e-05, 1.61331154231e-05, 2.30659679801e-05, 3.51258786395e-05, 2.88455466944e-05, 2.02224146051e-05, 4.12725785282e-05, 5.56380109629e-05, 5.62823188375e-05, 4.69951082778e-05, 3.06345646095e-05, 1.75709938048e-05, 1.06887346192e-05, 8.06241769169e-06, 6.99722295394e-06, 5.08911125507e-06, 5.74405794396e-06, 5.48414254808e-06, 5.3334306358e-06, 6.52641074339e-06, 8.56186306919e-06, 1.45474714373e-05, 1.55789530254e-05, 1.42985800267e-05, 5.8247387642e-06, 5.19145487488e-06, 3.17741591971e-06, 2.27090322369e-06, 2.07458128898e-06, 2.21462596528e-06, 2.2124595489e-06, 2.09807330975e-06, 2.03629997486e-06, 1.57273859713e-06, 1.72207614924e-06, 1.66818415437e-06, 1.56903399784e-06, 1.22230835586e-06, 1.17656702514e-06, 1.28836825297e-06, 1.31522892843e-06, 9.63020170275e-07, 5.09142864757e-07, 4.0981001348e-07, 3.66182888456e-07, 3.0179464261e-07, 2.38218632376e-07, 1.89054688349e-07, 1.53641892098e-07, 1.27028599195e-07, 8.67160707685e-08, 4.86284434942e-08, 2.40122073336e-08, 1.10292246447e-08, 1.5643515372e-09, 2.07345779435e-10, 1.84211715326e-10, 5.82214693123e-11, 3.26758099745e-11, 3.15955803187e-11, 2.96862985583e-11, 2.8706188468e-11, 2.78253444591e-11, 2.68000031889e-11, 2.63242934395e-11, 2.54011950362e-11, 2.53352946261e-11, 2.50256100565e-11, 2.47931970093e-11]
    },
    "mfcc": {
        "mean": [-663.587646484, 130.905776978, -21.2030086517, 11.9245910645, -7.66086339951, 4.39446592331, -9.46698284149, -7.76573038101, -9.05660820007, 1.31477749348, -7.47806167603, -13.2593173981, -10.1781015396],
        "cov": [[8588.28027344, -3315.7956543, -268.042694092, 21.1305942535, -430.401672363, 117.267929077, 546.328063965, 204.871948242, 184.306610107, 228.357910156, 137.424957275, -171.740692139, 246.081619263], [-3315.7956543, 1812.32141113, -47.459148407, 77.8751754761, 171.832489014, -1.42291367054, -235.01751709, -98.7357559204, -81.1588973999, -31.1564445496, -67.4015274048, 21.5639133453, -153.041168213], [-268.042694092, -47.459148407, 495.184906006, 4.51315021515, 119.172584534, -33.827583313, -61.7953186035, -29.2157592773, -20.3461608887, -66.2947387695, -28.5092391968, 42.3281555176, 6.9881272316], [21.1305942535, 77.8751754761, 4.51315021515, 203.935180664, 0.51370882988, 6.2205824852, -13.6504487991, 18.9060592651, 11.08456707, 17.3431930542, -11.9529056549, 10.8502006531, 0.0303438790143], [-430.401672363, 171.832489014, 119.172584534, 0.51370882988, 174.482147217, -22.0812015533, -34.8542251587, -32.7037582397, 0.00948263797909, -51.5200233459, -27.2891559601, 6.59494686127, -17.0871925354], [117.267929077, -1.42291367054, -33.827583313, 6.2205824852, -22.0812015533, 130.430236816, 31.3222770691, 10.9229316711, -17.2042503357, 6.9383559227, 12.8042736053, -23.7979202271, -5.45751714706], [546.328063965, -235.01751709, -61.7953186035, -13.6504487991, -34.8542251587, 31.3222770691, 160.967193604, 36.3798294067, 35.1344795227, 9.87370204926, 36.4600791931, -37.4003448486, 34.3683586121], [204.871948242, -98.7357559204, -29.2157592773, 18.9060592651, -32.7037582397, 10.9229316711, 36.3798294067, 96.1921539307, 20.4122867584, 7.16655492783, -9.24272346497, 21.1353549957, 11.6772289276], [184.306610107, -81.1588973999, -20.3461608887, 11.08456707, 0.00948263797909, -17.2042503357, 35.1344795227, 20.4122867584, 85.0629653931, 25.5328960419, 16.5072097778, -8.45884799957, 22.0662612915], [228.357910156, -31.1564445496, -66.2947387695, 17.3431930542, -51.5200233459, 6.9383559227, 9.87370204926, 7.16655492783, 25.5328960419, 113.008918762, 22.138130188, -15.8368854523, -14.1739139557], [137.424957275, -67.4015274048, -28.5092391968, -11.9529056549, -27.2891559601, 12.8042736053, 36.4600791931, -9.24272346497, 16.5072097778, 22.138130188, 86.3600616455, -17.1059799194, 6.16576528549], [-171.740692139, 21.5639133453, 42.3281555176, 10.8502006531, 6.59494686127, -23.7979202271, -37.4003448486, 21.1353549957, -8.45884799957, -15.8368854523, -17.1059799194, 88.2766799927, 11.7843208313], [246.081619263, -153.041168213, 6.9881272316, 0.0303438790143, -17.0871925354, -5.45751714706, 34.3683586121, 11.6772289276, 22.0662612915, -14.1739139557, 6.16576528549, 11.7843208313, 81.8470687866]],
        "icov": [[0.00054548215121, 0.000999998068437, 0.000253215141129, -0.000424007390393, -1.25329843286e-05, -0.000235800238443, -0.000251220742939, 8.00116176833e-05, 7.35973444534e-05, -0.000585702131502, 0.000316224992275, 0.000514008512255, 6.49636567687e-05], [0.000999998068437, 0.00272315973416, 0.000892102485523, -0.00110214087181, -0.000795531901531, -0.000668867491186, 0.000445788464276, 0.000559137610253, 0.000260092783719, -0.000909122929443, 0.00064666866092, 0.000756151392125, 0.00114673259668], [0.000253215141129, 0.000892102485523, 0.00294891675003, -0.00043556370656, -0.00191753916442, -5.390988008e-05, 0.000791433732957, 0.000432031782111, 0.000488126825076, 0.00034794525709, 3.01735108224e-05, -0.000592622091062, -0.0001310241787], [-0.000424007390393, -0.00110214087181, -0.00043556370656, 0.00568545144051, 1.17666668302e-05, -0.000300717161736, 0.000615612079855, -0.00121708773077, -0.000771445105784, -0.000591203512158, 0.000345770997228, -0.000596506055444, -0.000687941501383], [-1.25329843286e-05, -0.000795531901531, -0.00191753916442, 1.17666668302e-05, 0.00978453736752, 0.000358043267624, -0.000798510096502, 0.00262372056022, -0.00348467379808, 0.00368304410949, 0.00197139987722, -9.56953008426e-05, 0.00218400056474], [-0.000235800238443, -0.000668867491186, -5.390988008e-05, -0.000300717161736, 0.000358043267624, 0.00940026342869, -0.00149314745795, -0.00180916627869, 0.00335355242714, -8.67453636602e-05, -0.00123617169447, 0.00215318216942, -8.63916866365e-05], [-0.000251220742939, 0.000445788464276, 0.000791433732957, 0.000615612079855, -0.000798510096502, -0.00149314745795, 0.0117690851912, -0.00411456311122, -0.00166587368585, 0.00123888114467, -0.00327612343244, 0.00437995651737, -0.00282026897185], [8.00116176833e-05, 0.000559137610253, 0.000432031782111, -0.00121708773077, 0.00262372056022, -0.00180916627869, -0.00411456311122, 0.0160953998566, -0.00413687666878, 0.00066123396391, 0.00407314347103, -0.00613230746239, 0.00243292516097], [7.35973444534e-05, 0.000260092783719, 0.000488126825076, -0.000771445105784, -0.00348467379808, 0.00335355242714, -0.00166587368585, -0.00413687666878, 0.0178563520312, -0.00486234761775, -0.00255155493505, 0.00237403973006, -0.00479626096785], [-0.000585702131502, -0.000909122929443, 0.00034794525709, -0.000591203512158, 0.00368304410949, -8.67453636602e-05, 0.00123888114467, 0.00066123396391, -0.00486234761775, 0.0135843250901, -0.00182701542508, 0.000144871781231, 0.00396029045805], [0.000316224992275, 0.00064666866092, 3.01735108224e-05, 0.000345770997228, 0.00197139987722, -0.00123617169447, -0.00327612343244, 0.00407314347103, -0.00255155493505, -0.00182701542508, 0.0151419006288, -0.000166222060216, 0.000634162744973], [0.000514008512255, 0.000756151392125, -0.000592622091062, -0.000596506055444, -9.56953008426e-05, 0.00215318216942, 0.00437995651737, -0.00613230746239, 0.00237403973006, 0.000144871781231, -0.000166222060216, 0.0171669032425, -0.00399552751333], [6.49636567687e-05, 0.00114673259668, -0.0001310241787, -0.000687941501383, 0.00218400056474, -8.63916866365e-05, -0.00282026897185, 0.00243292516097, -0.00479626096785, 0.00396029045805, 0.000634162744973, -0.00399552751333, 0.0179719980806]]
    },
    "spectral_contrast_coeffs": {
        "max": [-0.380822658539, -0.577432096004, -0.526023566723, -0.586594700813, -0.617411494255, -0.531959712505],
        "mean": [-0.652495980263, -0.779422819614, -0.751754522324, -0.763565897942, -0.777118086815, -0.740786850452],
        "min": [-0.836302876472, -0.929900884628, -0.912631988525, -0.898552656174, -0.888441205025, -0.875593900681],
        "stdev": [0.0757126286626, 0.0560807585716, 0.0687286034226, 0.0621506348252, 0.0521303601563, 0.0583283603191]
    },
    "spectral_contrast_valleys": {
        "max": [-5.30259609222, -4.81358385086, -5.43269968033, -5.93067979813, -5.88820457458, -8.22068405151],
        "mean": [-7.22615861893, -6.64456033707, -7.35410404205, -7.5831580162, -7.8940820694, -10.9555301666],
        "min": [-9.42449378967, -8.91445636749, -9.76458454132, -10.0016860962, -10.6705942154, -15.3910741806],
        "stdev": [0.734929442406, 0.537389934063, 0.729727804661, 0.779882848263, 1.02531051636, 1.49452149868]
    }
},
"rhythm": {
    "beats_count": 66,
    "beats_loudness": {
        "max": 0.0861483663321,
        "mean": 0.0321731008589,
        "min": 0.00456794770434,
        "stdev": 0.0177719704807
    },
    "bpm": 138.953720093,
    "bpm_histogram_first_peak_bpm": 140,
    "bpm_histogram_first_peak_weight": 0.453125,
    "bpm_histogram_second_peak_bpm": 148,
    "bpm_histogram_second_peak_spread": 0,
    "bpm_histogram_second_peak_weight": 0.0153846153989,
    "danceability": 1.2457473278,
    "onset_rate": 2.72288584709,
    "beats_loudness_band_ratio": {
        "max": [0.614574670792, 0.879633247852, 0.477861523628, 0.535972476006, 0.393518537283, 0.258998215199],
        "mean": [0.213088572025, 0.281448423862, 0.173060640693, 0.186959683895, 0.138737425208, 0.0735968574882],
        "min": [0.0159572027624, 0.0223043058068, 0.00462578237057, 0.00444297725335, 0.00318735162728, 0.000377833173843],
        "stdev": [0.152549609542, 0.20104765892, 0.095772869885, 0.143096640706, 0.0880052819848, 0.0658314600587]
    },
