{
"metadata": {
    "version": {
        "essentia": "2.1-beta5",
        "essentia_git_sha": "Undefined",
        "extractor": "music 2.0"
    },
    "audio_properties": {
        "analysis": {
            "equal_loudness": 0,
            "length": 48.7502937317,
            "sample_rate": 44100,
            "start_time": 45.2440834045,
            "downmix": "mix"
        },
        "bit_rate": 192000,
        "length": 155.41116333,
        "lossless": 0,
        "number_channels": 2,
        "replay_gain": -10.876449585,
        "sample_rate": 44100,
        "codec": "mp3",
        "md5_encoded": "64831c2a36929d02c6943da213c2ece2"
    },
    "tags": {
        "file_name": "Portugal_Madrugada_Duarte Mendes.mp3",
        "encoding": ["Lavf58.29.100"]
    }
},
"lowlevel": {
    "average_loudness": 0.538793087006,
    "barkbands_crest": {
        "max": 25.0674171448,
        "mean": 8.96817874908,
        "min": 2.67278647423,
        "stdev": 3.94961309433
    },
    "barkbands_flatness_db": {
        "max": 0.317173987627,
        "mean": 0.140937164426,
        "min": 0.0632873848081,
        "stdev": 0.0389854349196
    },
    "barkbands_kurtosis": {
        "max": 110.504852295,
        "mean": 2.78648257256,
        "min": -1.88511013985,
        "stdev": 7.06358289719
    },
    "barkbands_skewness": {
        "max": 9.47065830231,
        "mean": 1.02102530003,
        "min": -5.5659866333,
        "stdev": 1.2518106699
    },
    "barkbands_spread": {
        "max": 84.8496780396,
        "mean": 20.8785438538,
        "min": 1.77113986015,
        "stdev": 11.663359642
    },
    "dissonance": {
        "max": 0.499686539173,
        "mean": 0.453265994787,
        "min": 0.16074231267,
        "stdev": 0.0325238406658
    },
    "dynamic_complexity": 4.42763662338,
    "erbbands_crest": {
        "max": 26.8201732635,
        "mean": 9.63060665131,
        "min": 2.89762616158,
        "stdev": 3.91221141815
    },
    "erbbands_flatness_db": {
        "max": 0.286831021309,
        "mean": 0.18808375299,
        "min": 0.0952776223421,
        "stdev": 0.0324055813253
    },
    "erbbands_kurtosis": {
        "max": 66.7461395264,
        "mean": 1.26210021973,
        "min": -1.7715139389,
        "stdev": 4.83957386017
    },
    "erbbands_skewness": {
        "max": 3.55225253105,
        "mean": 0.340686112642,
        "min": -7.09211540222,
        "stdev": 1.06910943985
    },
    "erbbands_spread": {
        "max": 142.076553345,
        "mean": 33.108291626,
        "min": 4.50393104553,
        "stdev": 16.230632782
    },
    "hfc": {
        "max": 507.852203369,
        "mean": 26.1729660034,
        "min": 0.00550217041746,
        "stdev": 36.9134483337
    },
    "loudness_ebu128": {
        "integrated": -13.208738327,
        "loudness_range": 9.78386878967,
        "momentary": {
            "max": -8.11930465698,
            "mean": -16.1241397858,
            "min": -45.5320663452,
            "stdev": 6.77578449249
        },
        "short_term": {
            "max": -9.66131019592,
            "mean": -15.2824287415,
            "min": -34.0832366943,
            "stdev": 5.18651008606
        }
    },
    "melbands_crest": {
        "max": 30.6131725311,
        "mean": 11.3533830643,
        "min": 3.21012043953,
        "stdev": 4.76278114319
    },
    "melbands_flatness_db": {
        "max": 0.387574076653,
        "mean": 0.162511840463,
        "min": 0.0427652783692,
        "stdev": 0.0550018437207
    },
    "melbands_kurtosis": {
        "max": 205.343780518,
        "mean": 7.01089143753,
        "min": -1.94457519054,
        "stdev": 11.8833589554
    },
    "melbands_skewness": {
        "max": 10.4654455185,
        "mean": 1.7843670845,
        "min": -1.83238375187,
        "stdev": 1.25631320477
    },
    "melbands_spread": {
        "max": 270.606872559,
        "mean": 33.3652153015,
        "min": 1.41035711765,
        "stdev": 36.7732772827
    },
    "pitch_salience": {
        "max": 0.867728412151,
        "mean": 0.594084441662,
        "min": 0.22080719471,
        "stdev": 0.103172652423
    },
    "silence_rate_20dB": {
        "max": 1,
        "mean": 1,
        "min": 1,
        "stdev": 0
    },
    "silence_rate_30dB": {
        "max": 1,
        "mean": 0.998096168041,
        "min": 0,
        "stdev": 0.0435911528766
    },
    "silence_rate_60dB": {
        "max": 1,
        "mean": 0.16039980948,
        "min": 0,
        "stdev": 0.366975367069
    },
    "spectral_centroid": {
        "max": 6135.76367188,
        "mean": 1482.84863281,
        "min": 270.578125,
        "stdev": 875.823120117
    },
    "spectral_complexity": {
        "max": 55,
        "mean": 16.8015232086,
        "min": 0,
        "stdev": 10.221446991
    },
    "spectral_decrease": {
        "max": -1.34371778027e-12,
        "mean": -4.54190951515e-09,
        "min": -3.84907892226e-08,
        "stdev": 3.90563625885e-09
    },
    "spectral_energy": {
        "max": 0.157128304243,
        "mean": 0.0195161812007,
        "min": 5.57054772798e-06,
        "stdev": 0.0162610132247
    },
    "spectral_energyband_high": {
        "max": 0.0706635788083,
        "mean": 0.00173870287836,
        "min": 3.46099540138e-07,
        "stdev": 0.00486119510606
    },
    "spectral_energyband_low": {
        "max": 0.0346807986498,
        "mean": 0.00114676891826,
        "min": 9.11468532649e-07,
        "stdev": 0.00225707492791
    },
    "spectral_energyband_middle_high": {
        "max": 0.0334478504956,
        "mean": 0.00647073565051,
        "min": 6.61071055674e-07,
        "stdev": 0.0062699355185
    },
    "spectral_energyband_middle_low": {
        "max": 0.116795137525,
        "mean": 0.0106763169169,
        "min": 2.32367915487e-06,
        "stdev": 0.0109594268724
    },
    "spectral_entropy": {
        "max": 8.72025680542,
        "mean": 7.52159118652,
        "min": 5.87888813019,
        "stdev": 0.425853401423
    },
    "spectral_flux": {
        "max": 0.250205665827,
        "mean": 0.0698091909289,
        "min": 0.00127350864932,
        "stdev": 0.0387317836285
    },
    "spectral_kurtosis": {
        "max": 23.9360122681,
        "mean": 3.36923265457,
        "min": -1.14940214157,
        "stdev": 2.71609163284
    },
    "spectral_rms": {
        "max": 0.0123812723905,
        "mean": 0.00391502445564,
        "min": 7.37202863093e-05,
        "stdev": 0.0019268617034
    },
    "spectral_rolloff": {
        "max": 9797.60742188,
        "mean": 2043.23730469,
        "min": 215.33203125,
        "stdev": 1841.60290527
    },
    "spectral_skewness": {
        "max": 4.01901102066,
        "mean": 1.38439130783,
        "min": -0.526794433594,
        "stdev": 0.559801757336
    },
    "spectral_spread": {
        "max": 12301553,
        "mean": 4615004.5,
        "min": 1777707.875,
        "stdev": 1367918.25
    },
    "spectral_strongpeak": {
        "max": 23.9348812103,
        "mean": 1.37460267544,
        "min": 0,
        "stdev": 1.69616806507
    },
    "zerocrossingrate": {
        "max": 0.36767578125,
        "mean": 0.0748913288116,
        "min": 0.0107421875,
        "stdev": 0.0538907423615
    },
    "barkbands": {
        "max": [0.000593217904679, 0.00268526677974, 0.019156942144, 0.0184794068336, 0.0603422261775, 0.0249809324741, 0.0232265759259, 0.0371090322733, 0.0149224018678, 0.0185728091747, 0.0150306429714, 0.0223905444145, 0.0238846838474, 0.0127190547064, 0.0159986559302, 0.0128845246509, 0.0105134211481, 0.00992401409894, 0.00617736997083, 0.00404097558931, 0.00767460186034, 0.0115354740992, 0.0567120499909, 0.0189332105219, 0.00281996559352, 0.00085812684847, 2.31998501476e-06],
        "mean": [3.25069777318e-05, 0.000130005020765, 0.000636105367448, 0.000939278223086, 0.00361391925253, 0.00123617367353, 0.00120900571346, 0.00226066098548, 0.00107273249887, 0.000986857805401, 0.000893274787813, 0.000865811074618, 0.00122201954946, 0.000626383349299, 0.000556364597287, 0.000378172495402, 0.000430324638728, 0.000324476219248, 0.000273322220892, 0.000203844552743, 0.000302132277284, 0.000329313304974, 0.000578349572606, 0.000342514016666, 6.25991960987e-05, 1.00306660897e-05, 2.26877028275e-09],
        "min": [1.51327714804e-08, 1.85215185411e-07, 1.10031081135e-07, 6.93089745596e-08, 1.42364669387e-07, 1.8859316242e-07, 2.13842810126e-08, 6.35802592797e-08, 5.74544891663e-08, 7.44366417393e-08, 6.11380528426e-08, 1.70561023083e-08, 1.20134151516e-08, 2.05763406314e-08, 1.11765565691e-08, 1.53018664406e-08, 2.03740526672e-08, 1.36768676384e-08, 3.48937803096e-08, 2.49130156504e-08, 3.46482735836e-08, 3.53546028009e-08, 4.04749194161e-08, 5.52644365825e-08, 6.55408598504e-08, 2.43844000547e-10, 1.57260472006e-11],
        "stdev": [5.38281092304e-05, 0.0002217629808, 0.00150896504056, 0.00192253326531, 0.00508657004684, 0.00217896467075, 0.00209136283956, 0.00401437282562, 0.0017117082607, 0.00146725121886, 0.00145070580766, 0.00171329290606, 0.00228662090376, 0.00114089087583, 0.00116676953621, 0.000963197730016, 0.000752319523599, 0.000643158971798, 0.000442343240138, 0.000327016488882, 0.000644549378194, 0.000822278321721, 0.00264084525406, 0.00148170150351, 0.000206693599466, 3.48047324223e-05, 5.40526308157e-08]
    },
    "erbbands": {
        "max": [0.0302304718643, 0.882883906364, 12.2628631592, 63.0458564758, 222.966629028, 162.546890259, 250.475341797, 222.945404053, 276.057922363, 698.34588623, 983.008239746, 411.370758057, 592.331420898, 359.564849854, 701.746582031, 1107.20056152, 1111.97253418, 629.626342773, 728.829650879, 1120.08703613, 597.951171875, 438.75302124, 498.402191162, 258.210021973, 242.777236938, 143.157989502, 274.938293457, 348.307403564, 502.192657471, 718.925292969, 2197.85839844, 561.158874512, 218.964065552, 49.6927452087, 8.92542934418, 2.68445014954, 2.56523609161, 0.139058426023, 0.00281666452065, 0.000314968638122],
        "mean": [0.00227692117915, 0.0430473871529, 0.51650083065, 2.11701464653, 6.68867349625, 12.926068306, 14.20378685, 10.0214967728, 14.0846014023, 32.2678413391, 43.6619262695, 29.0784130096, 27.9655399323, 28.8033027649, 43.5959434509, 40.0984687805, 53.5306968689, 42.9617385864, 34.0635604858, 21.805305481, 20.3837909698, 22.6496257782, 22.3673915863, 11.2309074402, 14.0274591446, 9.6555109024, 10.1432113647, 14.1163387299, 12.4427032471, 10.768614769, 18.1441078186, 10.6889791489, 4.00729751587, 1.16998410225, 0.235236689448, 0.0657448917627, 0.0162917729467, 0.000750328239519, 3.876156552e-05, 2.93466418952e-05],
        "min": [5.16340287504e-06, 3.89076012652e-05, 0.000142896416946, 0.000383169710403, 0.000529789249413, 0.000441413605586, 0.000547227798961, 0.00164399959613, 0.0027036962565, 0.00185354135465, 0.00152287224773, 0.00243175774813, 0.00322474073619, 0.00179256161209, 0.00270067807287, 0.00108130765148, 0.000944596482441, 0.00304625136778, 0.00229161139578, 0.000689950655214, 0.00184476515278, 0.00177552294917, 0.000959291995969, 0.00155769253615, 0.00111129914876, 0.00124414346647, 0.00167473999318, 0.0012327414006, 0.00115296489093, 0.0013633093331, 0.0012307879515, 0.00108522817027, 0.00072903331602, 0.000745443569031, 0.000470849248813, 4.47052334493e-05, 1.34473327762e-06, 1.04977914361e-07, 2.40239561577e-08, 1.06704884928e-08],
        "stdev": [0.00252566928975, 0.0721568763256, 1.05592417717, 4.11511707306, 12.9453887939, 17.8100471497, 26.9017887115, 18.1682624817, 23.1212100983, 56.3838806152, 79.6266784668, 45.412147522, 47.4811515808, 40.2525520325, 70.7270965576, 78.7822265625, 98.8175582886, 62.6852798462, 65.0581741333, 52.2695274353, 47.8201179504, 38.0075683594, 41.5257835388, 18.5281772614, 22.3112182617, 15.0854053497, 20.6152172089, 30.9661712646, 32.0474739075, 34.1374511719, 90.3115463257, 46.7462768555, 17.0022335052, 4.13856554031, 0.662456870079, 0.161047741771, 0.0828932449222, 0.00511943735182, 0.000125059857965, 3.12175579893e-05]
    },
    "gfcc": {
        "mean": [-33.9874839783, 90.1140518188, -146.117401123, 29.928155899, -89.0490036011, 14.166138649, -49.834186554, -1.20113480091, -25.8298568726, -6.91724729538, -14.5479450226, -7.94114398956, -8.89291477203],
        "cov": [[10055.2392578, -1131.65185547, -856.223815918, -99.1105194092, -281.710876465, 235.970352173, 113.860374451, -433.804046631, -301.229675293, -13.8030233383, -162.81010437, -153.967956543, -524.520751953], [-1131.65185547, 1151.4362793, -147.855026245, -245.570541382, 261.280639648, -195.637573242, -29.6559123993, -40.3837814331, -15.9784469604, -108.180099487, 53.988445282, -52.2916641235, 80.6317367554], [-856.223815918, -147.855026245, 804.090332031, 225.315826416, -75.8569259644, 104.271430969, -97.1213684082, 11.8672609329, 57.6631164551, 4.73310565948, -27.1055011749, 15.4510173798, -19.6939048767], [-99.1105194092, -245.570541382, 225.315826416, 400.819152832, -28.357925415, -11.2257528305, -44.5039634705, -32.3221969604, 85.2460784912, -22.1392593384, -33.3175544739, 0.31792268157, 46.0033683777], [-281.710876465, 261.280639648, -75.8569259644, -28.357925415, 197.169265747, -20.5845508575, -41.6879043579, 9.4717540741, -8.45978832245, -19.8993053436, -9.95904541016, -22.2142887115, 28.6970424652], [235.970352173, -195.637573242, 104.271430969, -11.2257528305, -20.5845508575, 209.193634033, 52.9644012451, 13.4876327515, -38.4813613892, 17.9986820221, 3.50107359886, -20.4314537048, -55.5055961609], [113.860374451, -29.6559123993, -97.1213684082, -44.5039634705, -41.6879043579, 52.9644012451, 194.145996094, 27.4436321259, -78.9729385376, 14.4824295044, 33.1814155579, 8.92773914337, -41.926574707], [-433.804046631, -40.3837814331, 11.8672609329, -32.3221969604, 9.4717540741, 13.4876327515, 27.4436321259, 118.290039062, 13.0336847305, 27.5308570862, 2.85452961922, 12.1285123825, -3.99195218086], [-301.229675293, -15.9784469604, 57.6631164551, 85.2460784912, -8.45978832245, -38.4813613892, -78.9729385376, 13.0336847305, 169.496582031, 16.4891376495, -17.9856414795, -1.32877886295, 47.464225769], [-13.8030233383, -108.180099487, 4.73310565948, -22.1392593384, -19.8993053436, 17.9986820221, 14.4824295044, 27.5308570862, 16.4891376495, 101.287597656, 10.2134990692, 0.0945429578424, -29.3546276093], [-162.81010437, 53.988445282, -27.1055011749, -33.3175544739, -9.95904541016, 3.50107359886, 33.1814155579, 2.85452961922, -17.9856414795, 10.2134990692, 80.8988876343, 13.404753685, 2.1395111084], [-153.967956543, -52.2916641235, 15.4510173798, 0.31792268157, -22.2142887115, -20.4314537048, 8.92773914337, 12.1285123825, -1.32877886295, 0.0945429578424, 13.404753685, 89.7079620361, 30.7996730804], [-524.520751953, 80.6317367554, -19.6939048767, 46.0033683777, 28.6970424652, -55.5055961609, -41.926574707, -3.99195218086, 47.464225769, -29.3546276093, 2.1395111084, 30.7996730804, 137.139343262]],
        "icov": [[0.000259841996012, 0.000279549014522, 0.000350161077222, 5.59851105209e-05, 3.38693498634e-05, -6.15257376921e-05, 0.000105157130747, 0.000952386879362, 5.58107058168e-05, 0.000295353209367, 0.000351708149537, 3.59327823389e-05, 0.000919197162148], [0.000279549014522, 0.00405560899526, -0.0012712868629, 0.00337968626991, -0.00478732399642, 0.00399453286082, -0.0027046399191, 0.0031372657977, -0.00179228885099, 0.00357451289892, -0.00227634445764, 0.0029246553313, 1.54830522661e-05], [0.000350161077222, -0.0012712868629, 0.00318159535527, -0.00248893955722, 0.00287435413338, -0.00307616987266, 0.00298186903819, -0.000405259459512, 0.00113788188901, -0.000889944669325, 0.00149081856944, -0.00188682577573, 0.00224803062156], [5.59851105209e-05, 0.00337968626991, -0.00248893955722, 0.00664585037157, -0.0041938922368, 0.00393589120358, -0.00357283093035, 0.00337893608958, -0.00329387723468, 0.00343154626898, -0.00118554744404, 0.0029175307136, -0.00164529145695], [3.38693498634e-05, -0.00478732399642, 0.00287435413338, -0.0041938922368, 0.012670817785, -0.00537591613829, 0.00578103167936, -0.00423536449671, 0.00393749028444, -0.00345554435626, 0.00367186567746, -0.00172286038287, -0.00019206541765], [-6.15257376921e-05, 0.00399453286082, -0.00307616987266, 0.00393589120358, -0.00537591613829, 0.0108688920736, -0.00493938475847, 0.00193111924455, -0.00142615020741, 0.00292821088806, -0.00281174760312, 0.00455562863499, -0.000134734989842], [0.000105157130747, -0.0027046399191, 0.00298186903819, -0.00357283093035, 0.00578103167936, -0.00493938475847, 0.0113773327321, -0.00396304624155, 0.00510392291471, -0.00253182603046, -0.000194239415578, -0.00279940338805, 0.00209652353078], [0.000952386879362, 0.0031372657977, -0.000405259459512, 0.00337893608958, -0.00423536449671, 0.00193111924455, -0.00396304624155, 0.0152565194294, -0.0031114553567, 0.000697910320014, 0.000681345874909, 0.000174012762727, 0.0026833221782], [5.58107058168e-05, -0.00179228885099, 0.00113788188901, -0.00329387723468, 0.00393749028444, -0.00142615020741, 0.00510392291471, -0.0031114553567, 0.0107441106811, -0.00405576918274, 0.00184852851089, 8.04798673926e-06, -0.00201310357079], [0.000295353209367, 0.00357451289892, -0.000889944669325, 0.00343154626898, -0.00345554435626, 0.00292821088806, -0.00253182603046, 0.000697910320014, -0.00405576918274, 0.0154349701479, -0.00348821934313, 0.00204451568425, 0.00320641882718], [0.000351708149537, -0.00227634445764, 0.00149081856944, -0.00118554744404, 0.00367186567746, -0.00281174760312, -0.000194239415578, 0.000681345874909, 0.00184852851089, -0.00348821934313, 0.0166299883276, -0.00339354202151, 0.000465696590254], [3.59327823389e-05, 0.0029246553313, -0.00188682577573, 0.0029175307136, -0.00172286038287, 0.00455562863499, -0.00279940338805, 0.000174012762727, 8.04798673926e-06, 0.00204451568425, -0.00339354202151, 0.0161877050996, -0.0046259528026], [0.000919197162148, 1.54830522661e-05, 0.00224803062156, -0.00164529145695, -0.00019206541765, -0.000134734989842, 0.00209652353078, 0.0026833221782, -0.00201310357079, 0.00320641882718, 0.000465696590254, -0.0046259528026, 0.0147926257923]]
    },
    "melbands": {
        "max": [0.000507869990543, 0.00513966847211, 0.0113578597084, 0.0138563374057, 0.00938562769443, 0.00478961225599, 0.0046976194717, 0.00712575437501, 0.00687347259372, 0.00275778910145, 0.00293685612269, 0.0016093167942, 0.00212142453529, 0.00249921693467, 0.00179301260505, 0.00317887240089, 0.00117455050349, 0.00121632788796, 0.00120759080164, 0.000853556790389, 0.000891179195605, 0.000457826798083, 0.00104301259853, 0.000167049511219, 0.000226532429224, 0.000225828363909, 0.000177627051016, 0.00010446592205, 0.000187858342542, 0.000195310480194, 0.000256736762822, 0.000348735047737, 0.000201310554985, 0.000606777903158, 0.00122204364743, 0.000975888688117, 0.000363133585779, 0.000226192496484, 8.02548893262e-05, 3.32941053784e-05],
        "mean": [2.92621607514e-05, 0.000211620863411, 0.000499486748595, 0.000708682171535, 0.0005506357993, 0.000224062459893, 0.000222210510401, 0.000391746027162, 0.00032497549546, 0.000172231011675, 0.000136812377605, 0.000114123096864, 0.00012615750893, 0.000117984745884, 8.04671362857e-05, 0.000137624534545, 7.11660395609e-05, 5.38109416084e-05, 3.40753722412e-05, 2.93711746053e-05, 2.28733933909e-05, 2.32795937336e-05, 2.51320507232e-05, 1.35485643113e-05, 8.17980253487e-06, 1.1609287867e-05, 7.36903621146e-06, 6.29420264886e-06, 6.03333046456e-06, 6.94134860169e-06, 8.81020787347e-06, 7.74395084591e-06, 4.92989329359e-06, 6.38321489532e-06, 1.04443497548e-05, 9.85357746686e-06, 5.35682511327e-06, 3.07854770654e-06, 1.61473815297e-06, 7.4622187185e-07],
        "min": [5.8927835056e-08, 8.54972839193e-08, 7.10700973627e-08, 3.34384040457e-08, 2.12111785913e-08, 3.97663448837e-08, 3.70844155384e-08, 1.68230354092e-08, 1.01881054704e-08, 1.30387878272e-08, 1.62657904923e-08, 6.66704558228e-09, 1.06196162974e-08, 3.39703021268e-09, 9.30541588229e-10, 1.24062360385e-09, 4.09066025497e-09, 4.07354416865e-09, 6.57182974706e-10, 8.34746549661e-10, 1.54387025386e-09, 1.20132959136e-09, 7.68670627149e-10, 7.39491801127e-10, 9.95175830631e-10, 7.42666039777e-10, 6.17505047096e-10, 8.02098831798e-10, 5.66158286919e-10, 8.06849309587e-10, 6.62534693774e-10, 6.0141891467e-10, 6.71742661496e-10, 6.21179607752e-10, 6.06341088449e-10, 6.53981979681e-10, 5.27828836194e-10, 4.61972737842e-10, 5.5700444257e-10, 5.70542002531e-10],
        "stdev": [3.93663722207e-05, 0.000422405370045, 0.00091170106316, 0.00100262602791, 0.000963057565968, 0.000395193055738, 0.00038002175279, 0.000683985475916, 0.00058941997122, 0.000278121617157, 0.000237404543441, 0.000166692087078, 0.000209522768273, 0.00020639874856, 0.000139538838994, 0.000276525126537, 0.000118567040772, 0.000108024920337, 7.52552514314e-05, 7.03924233676e-05, 6.01192914473e-05, 4.07849402109e-05, 5.54209073016e-05, 2.34706494666e-05, 1.53948876687e-05, 1.94847343664e-05, 1.24900197989e-05, 1.03438724182e-05, 1.23932450151e-05, 1.46914653669e-05, 2.04829320865e-05, 2.01051007025e-05, 1.33996763907e-05, 2.42559890467e-05, 5.21812835359e-05, 4.77757967019e-05, 2.49317727139e-05, 1.40323381856e-05, 6.30512522548e-06, 2.56352905126e-06]
    },
    "melbands128": {
        "max": [0.000215078762267, 0.00014477588411, 0.000621479004622, 0.0016600782983, 0.00397848105058, 0.01249661576, 0.0160913914442, 0.0138386404142, 0.028789171949, 0.0134080890566, 0.0119996163994, 0.0159713923931, 0.0112663395703, 0.0106465797871, 0.00774857914075, 0.00367008452304, 0.00487529532984, 0.00734254857525, 0.00817258190364, 0.0110635096207, 0.0116600459442, 0.0132312094793, 0.00839570444077, 0.00498068192974, 0.00459617935121, 0.00513034220785, 0.00467700185254, 0.00466693518683, 0.00287507823668, 0.00369399576448, 0.00297438027337, 0.00185184832662, 0.00328664388508, 0.00421124650165, 0.00513271382079, 0.00456505268812, 0.00444291578606, 0.00195057364181, 0.0049752285704, 0.00393763370812, 0.00519069330767, 0.00444819405675, 0.00276627764106, 0.00220182561316, 0.00362347997725, 0.002561153844, 0.00342723657377, 0.00101185927633, 0.00268719787709, 0.00237860204652, 0.00131401396357, 0.0011677100556, 0.0014705141075, 0.00162968307268, 0.000693617446814, 0.000887995003723, 0.00121155905072, 0.00209953333251, 0.00189739477355, 0.000664318155032, 0.000269846961601, 0.000262849993305, 0.000288321345579, 0.000255519815255, 0.000258288404439, 0.000319361453876, 0.000224715520744, 0.000388259504689, 0.000145731042721, 0.000123788806377, 0.00010976233898, 0.000188214195077, 0.000260646716924, 0.000203785020858, 0.000209578443901, 0.000279549101833, 0.000302678759908, 0.0002262062917, 0.000386228697607, 0.000426775164669, 0.000448074250016, 0.000411732267821, 0.000309455295792, 0.000205975040444, 0.000291494245175, 0.000202640600037, 0.00121531228069, 0.000585806497838, 0.000841638713609, 0.00258481758647, 0.00161620695144, 0.000449830928119, 0.00048274450819, 0.000371862697648, 0.000526075833477, 0.000499373360071, 0.000180448929314, 0.000181290059118, 0.000104085040221, 7.41818585084e-05, 4.4108081056e-05, 2.84326997644e-05, 3.40735714417e-05, 1.5093055481e-05, 8.76602734934e-06, 6.3930892793e-06, 4.05460968977e-06, 4.08035339206e-06, 5.03759247295e-06, 4.4725970838e-06, 9.31510203372e-06, 1.07192554424e-05, 1.33131179609e-05, 5.14938346896e-06, 2.65472226602e-06, 4.07503904398e-07, 9.7152849321e-08, 4.16440748552e-09, 3.99863075984e-09, 3.85509180134e-09, 3.73858055625e-09, 3.63003604953e-09, 3.52932483239e-09, 3.44860651147e-09, 3.38512240461e-09, 3.34552585635e-09, 3.29474292293e-09, 3.27698002067e-09],
        "mean": [1.77276670001e-05, 1.42240205605e-05, 2.70505297522e-05, 7.01864701114e-05, 0.00017460033996, 0.000361327111023, 0.000378793803975, 0.00053132569883, 0.000693290843628, 0.000700414238963, 0.000737276743166, 0.000744872668292, 0.000489574740641, 0.000322871055687, 0.000246631825576, 0.000137653507409, 0.000183354321052, 0.000239683417021, 0.000274298654404, 0.000349966052454, 0.000481399329146, 0.00041664132732, 0.000362485880032, 0.00013648525055, 0.0001918591297, 0.000188248188351, 0.000112835165055, 0.000157928603585, 0.000112853420433, 0.000147230719449, 0.000109308544779, 6.10114184383e-05, 0.000109093358333, 0.000223998780712, 7.70112383179e-05, 0.000119008647744, 0.000126782499137, 3.91131907236e-05, 8.54188838275e-05, 0.000128464700538, 0.00019048829563, 7.68054815126e-05, 6.89095904818e-05, 7.41300464142e-05, 3.83731749025e-05, 5.5886903283e-05, 6.76773415762e-05, 2.87961847789e-05, 2.2002888727e-05, 2.78381485259e-05, 3.48024477717e-05, 2.79744563159e-05, 1.74943943421e-05, 2.26187621593e-05, 2.84500147245e-05, 2.07633438549e-05, 1.99072874238e-05, 2.93477787636e-05, 2.24721316044e-05, 2.89174549835e-05, 9.81958601187e-06, 6.35653032077e-06, 7.77496188675e-06, 8.62544857227e-06, 9.09104437596e-06, 1.30988019009e-05, 1.25419774122e-05, 8.3851546151e-06, 6.07608262726e-06, 6.14681584921e-06, 5.0405960792e-06, 8.08468757896e-06, 6.14317605141e-06, 5.20831599715e-06, 6.10444567428e-06, 6.90183969709e-06, 7.22605955161e-06, 7.87950284575e-06, 9.48211254581e-06, 9.29332054511e-06, 8.3969644038e-06, 7.12219252819e-06, 5.7436991483e-06, 4.21961749453e-06, 4.87278703076e-06, 5.1181687013e-06, 7.26053167455e-06, 8.19781325845e-06, 1.01165915112e-05, 1.25507513076e-05, 1.22379706227e-05, 8.5002357082e-06, 7.10114181857e-06, 5.41578856428e-06, 4.2975393626e-06, 3.62915648111e-06, 2.83569806925e-06, 2.24693440032e-06, 1.66739971519e-06, 1.30655178054e-06, 9.93846924757e-07, 6.2663633571e-07, 4.97502242069e-07, 2.9903631571e-07, 2.31525717709e-07, 1.4140023552e-07, 1.29353296074e-07, 1.08610102245e-07, 1.16942764805e-07, 9.49928562477e-08, 9.27415513274e-08, 6.928678431e-08, 5.06419510771e-08, 2.2257195198e-08, 1.25588623945e-08, 9.29137822236e-10, 5.39815726841e-11, 5.35193547466e-12, 5.16476921994e-12, 5.00569551087e-12, 4.86819742504e-12, 4.74684614532e-12, 4.63180535593e-12, 4.53651959748e-12, 4.46398560477e-12, 4.41197078871e-12, 4.36177309548e-12, 4.33543478895e-12],
        "min": [8.09809730384e-09, 4.37628244754e-09, 2.86851076226e-08, 3.8076997555e-08, 1.42537848191e-08, 4.04880680094e-08, 4.31373479159e-08, 2.94688042857e-08, 2.65954405165e-08, 2.71163802523e-08, 1.05257811356e-08, 1.61357771589e-08, 4.77378492292e-09, 7.32240357237e-09, 2.33709798181e-08, 3.13861505674e-08, 2.09575379273e-08, 7.50544870698e-09, 4.53435022862e-09, 5.21216714233e-09, 8.42531733269e-09, 6.86704471065e-09, 3.89961485325e-09, 4.34682290162e-09, 7.18938863997e-09, 2.46764608747e-09, 6.32651975252e-09, 3.50252382653e-09, 6.52665521628e-09, 1.66515590205e-09, 2.05146433174e-09, 3.20740212167e-09, 1.50700885104e-09, 6.94607971141e-09, 3.16229176178e-09, 9.39396005428e-10, 5.71057590104e-10, 4.63536792283e-10, 7.47402695289e-10, 1.16326681621e-09, 1.71990721665e-09, 6.29782059836e-10, 8.8983426183e-10, 1.60947366545e-09, 8.67548144434e-10, 4.11968403835e-10, 6.27939977793e-10, 1.76059292145e-10, 3.41285028016e-10, 4.11140455014e-10, 2.79562289984e-10, 6.54677034806e-10, 4.38157621296e-10, 6.17179585216e-10, 4.22771539998e-10, 7.5669837063e-10, 4.71641947719e-10, 3.10955317051e-10, 4.70880390235e-10, 5.32803245967e-10, 2.09429321107e-10, 3.53052281854e-10, 7.37408134555e-10, 5.08792230569e-10, 2.35983066421e-10, 3.67048003103e-10, 2.51096671233e-10, 2.21579712911e-10, 4.98576568919e-10, 5.73828984329e-10, 5.04418617986e-10, 3.1173835735e-10, 3.61219637535e-10, 2.65613725459e-10, 4.79699613365e-10, 3.1570843162e-10, 4.30407237628e-10, 1.99008448609e-10, 3.80635883923e-10, 4.35703723101e-10, 5.08966035984e-10, 3.68458319411e-10, 3.64875990533e-10, 3.38694988722e-10, 5.09747910549e-10, 3.93813592847e-10, 2.69010730358e-10, 3.51268736321e-10, 4.1108333404e-10, 3.26110666249e-10, 4.52182596922e-10, 4.79760453587e-10, 3.9807460106e-10, 2.84116091764e-10, 3.27602334149e-10, 3.71687042255e-10, 3.56589979766e-10, 3.19119286551e-10, 3.34659161494e-10, 3.79564879527e-10, 4.9522780321e-10, 3.62593843839e-10, 3.28734928168e-10, 3.08232411816e-10, 3.3254890508e-10, 3.86244869421e-10, 2.40152675524e-10, 2.17766429889e-11, 5.05810616915e-13, 6.97451943204e-14, 4.87286128332e-14, 3.4793999279e-14, 3.65014110246e-14, 3.26297420073e-14, 3.60591818991e-14, 4.38940401496e-14, 3.76790477074e-14, 3.66483102546e-14, 4.33729183754e-14, 3.49738785838e-14, 4.3886260999e-14, 4.42793723779e-14, 4.46923111041e-14, 3.81462947981e-14, 3.91134099122e-14, 4.2768804313e-14, 4.92342982789e-14, 4.79028166959e-14],
        "stdev": [2.31612302741e-05, 1.68327314896e-05, 3.92971742258e-05, 0.000140149859362, 0.000332393829012, 0.000926907989196, 0.000861014879774, 0.0011984371813, 0.00159697362687, 0.00121468189172, 0.00113819725811, 0.00156746595167, 0.00114157656208, 0.000763193238527, 0.000588931958191, 0.000257301027887, 0.000333147909259, 0.000539707194548, 0.000653032388072, 0.000750259670895, 0.00103197502904, 0.000919621787034, 0.000795298896264, 0.000369866786059, 0.000416052091168, 0.000375990464818, 0.000303653330775, 0.000373006187147, 0.000244236405706, 0.00027283129748, 0.000219396213652, 0.000127552586491, 0.000258810410742, 0.000413769856095, 0.00022871971305, 0.000314924982376, 0.000326694163959, 8.57459090184e-05, 0.000261692388449, 0.000310025323415, 0.000467726757051, 0.000182531381142, 0.000169973747688, 0.000184559132322, 0.000145190526382, 0.000152221749886, 0.000186838457012, 8.89517687028e-05, 9.7815754998e-05, 0.000123937876197, 0.000104123704659, 8.34398451843e-05, 8.88982322067e-05, 7.92504724814e-05, 6.18954363745e-05, 6.25345710432e-05, 5.50442018721e-05, 9.61329569691e-05, 7.8014927567e-05, 7.41204130463e-05, 2.11926853808e-05, 1.38350087582e-05, 1.81806808541e-05, 1.82135390787e-05, 1.98642628675e-05, 2.69460560958e-05, 2.20299880311e-05, 2.09521149372e-05, 1.14769636639e-05, 1.26830163936e-05, 9.98774248728e-06, 1.68766109709e-05, 1.43072174978e-05, 1.2914681065e-05, 1.49585948748e-05, 1.65521869349e-05, 1.61258649314e-05, 1.78219834197e-05, 2.43676422542e-05, 2.47076877713e-05, 2.2198229999e-05, 2.06006297958e-05, 1.85873468581e-05, 1.24140824482e-05, 1.38443674587e-05, 1.4962847672e-05, 3.79003649869e-05, 3.67567772628e-05, 5.01190661453e-05, 8.22465081001e-05, 7.12891705916e-05, 3.67052634829e-05, 3.34688811563e-05, 2.67506493401e-05, 2.33157843468e-05, 1.99044370675e-05, 1.2565178622e-05, 1.03430202216e-05, 6.76469699101e-06, 5.15283318236e-06, 3.46872775481e-06, 2.24025779971e-06, 1.65370522609e-06, 1.0230899079e-06, 6.38175549739e-07, 3.66607480373e-07, 3.00663117514e-07, 2.54477555472e-07, 2.89087921601e-07, 2.70299409522e-07, 3.40870798254e-07, 3.79528756866e-07, 3.63723557939e-07, 1.98844048782e-07, 1.35237286258e-07, 1.23397025931e-08, 2.12309014813e-09, 9.13247394374e-11, 8.7704635221e-11, 8.45731470966e-11, 8.20270656954e-11, 7.96524027291e-11, 7.74546260462e-11, 7.56908632993e-11, 7.43057490538e-11, 7.34375477096e-11, 7.23269846792e-11, 7.19387605042e-11]
    },
    "mfcc": {
        "mean": [-661.256103516, 107.061721802, -2.88338088989, 6.28253126144, -12.7252454758, 0.544857144356, -12.8368206024, -1.95022177696, -9.68594074249, -5.54161882401, -4.20271110535, -2.74294376373, -8.8499917984],
        "cov": [[11068.8349609, -1229.65124512, -910.872741699, -372.02734375, -477.946746826, 376.003662109, 121.167221069, -101.499710083, -334.898773193, -58.5426025391, 44.6198768616, 124.667999268, -301.752807617], [-1229.65124512, 1290.26281738, -354.182556152, -82.1634216309, 93.7167205811, -139.638320923, 45.9793205261, -27.5314331055, -26.5384750366, -113.955703735, 1.38671207428, -38.6147079468, 54.4271659851], [-910.872741699, -354.182556152, 843.816711426, 111.341918945, 112.014060974, 83.6079330444, -70.6354217529, 33.5867042542, 20.891412735, 41.4877929688, -43.1818351746, 51.2313232422, 15.1230745316], [-372.02734375, -82.1634216309, 111.341918945, 312.462036133, 60.793384552, 0.604698240757, -91.3145065308, -5.10052919388, 42.9712486267, -19.8839855194, -48.1234016418, -14.283744812, 25.9536132812], [-477.946746826, 93.7167205811, 112.014060974, 60.793384552, 290.289703369, 4.55011224747, -112.203651428, -27.6295757294, 56.4209823608, 15.5622434616, -70.4529647827, -4.4895067215, 9.61460781097], [376.003662109, -139.638320923, 83.6079330444, 0.604698240757, 4.55011224747, 137.778015137, 30.4143829346, 0.707764744759, -11.8209581375, 21.3369483948, -8.99130821228, 5.32671356201, -14.6522789001], [121.167221069, 45.9793205261, -70.6354217529, -91.3145065308, -112.203651428, 30.4143829346, 256.288574219, 40.783706665, -64.1314544678, 12.6218128204, 31.9162464142, -7.34767580032, -5.58656835556], [-101.499710083, -27.5314331055, 33.5867042542, -5.10052919388, -27.6295757294, 0.707764744759, 40.783706665, 94.0540237427, 2.43909931183, -8.63722705841, 3.90922570229, -2.17976737022, 0.453288167715], [-334.898773193, -26.5384750366, 20.891412735, 42.9712486267, 56.4209823608, -11.8209581375, -64.1314544678, 2.43909931183, 108.485733032, 11.485959053, -14.5704240799, -11.1012363434, 2.61833739281], [-58.5426025391, -113.955703735, 41.4877929688, -19.8839855194, 15.5622434616, 21.3369483948, 12.6218128204, -8.63722705841, 11.485959053, 119.836776733, 23.9876155853, -12.2942352295, -12.652718544], [44.6198768616, 1.38671207428, -43.1818351746, -48.1234016418, -70.4529647827, -8.99130821228, 31.9162464142, 3.90922570229, -14.5704240799, 23.9876155853, 159.343231201, 21.5507030487, -30.346113205], [124.667999268, -38.6147079468, 51.2313232422, -14.283744812, -4.4895067215, 5.32671356201, -7.34767580032, -2.17976737022, -11.1012363434, -12.2942352295, 21.5507030487, 88.6179122925, 8.38504600525], [-301.752807617, 54.4271659851, 15.1230745316, 25.9536132812, 9.61460781097, -14.6522789001, -5.58656835556, 0.453288167715, 2.61833739281, -12.652718544, -30.346113205, 8.38504600525, 84.1549911499]],
        "icov": [[0.000200665366719, 0.000226598669542, 0.000335281802109, 0.000132709101308, 0.000106433952169, -0.000475201639347, 0.000185333774425, 0.000112351073767, 0.000519521185197, 0.000209565943806, 0.00020788810798, -0.000308535760269, 0.000509640201926], [0.000226598669542, 0.00151513726451, 0.000733226421289, 0.000451088126283, -0.000893481366802, 0.000362924212823, -0.000333977222908, 0.000462892086944, 0.000890041410457, 0.00147209700663, -0.000289319606964, 0.000315640674671, -0.000239820597926], [0.000335281802109, 0.000733226421289, 0.00222031865269, -0.000154538778588, -0.000504896161146, -0.00137222092599, 0.000532698526513, -0.000681038945913, 0.00120180088561, -2.58513882727e-05, 0.000460428214865, -0.00138844852336, 0.000497546978295], [0.000132709101308, 0.000451088126283, -0.000154538778588, 0.00417687138543, -0.000171267107362, -0.000382109195925, 0.0010477976175, 0.000189323560335, -0.000401827070164, 0.00121509830933, 0.000355263036909, 0.000988640473224, -0.000829906435683], [0.000106433952169, -0.000893481366802, -0.000504896161146, -0.000171267107362, 0.00584826944396, -0.00106733979192, 0.00193810311612, 0.000668262655381, -0.00136709795333, -0.00168619421311, 0.00235867360607, -0.000819633540232, 0.00109532976057], [-0.000475201639347, 0.000362924212823, -0.00137222092599, -0.000382109195925, -0.00106733979192, 0.0103873182088, -0.00222632824443, 0.000569392926991, -0.000437362934463, -0.000855199003126, 0.000239463610342, 0.000465329154395, 0.000130435568281], [0.000185333774425, -0.000333977222908, 0.000532698526513, 0.0010477976175, 0.00193810311612, -0.00222632824443, 0.0066801388748, -0.00254250434227, 0.0029321720358, -0.00128268508706, 0.000311608746415, 0.00028119146009, 0.000110039181891], [0.000112351073767, 0.000462892086944, -0.000681038945913, 0.000189323560335, 0.000668262655381, 0.000569392926991, -0.00254250434227, 0.0126899220049, -0.0017321620835, 0.00204100296833, -0.000154752997332, 0.000654388044495, 0.000192885418073], [0.000519521185197, 0.000890041410457, 0.00120180088561, -0.000401827070164, -0.00136709795333, -0.000437362934463, 0.0029321720358, -0.0017321620835, 0.0135565819219, -0.000778263143729, 0.000367530359654, 0.000458661001176, 0.00102720654104], [0.000209565943806, 0.00147209700663, -2.58513882727e-05, 0.00121509830933, -0.00168619421311, -0.000855199003126, -0.00128268508706, 0.00204100296833, -0.000778263143729, 0.0115399174392, -0.00245520286262, 0.00256830151193, -5.13077384312e-06], [0.00020788810798, -0.000289319606964, 0.000460428214865, 0.000355263036909, 0.00235867360607, 0.000239463610342, 0.000311608746415, -0.000154752997332, 0.000367530359654, -0.00245520286262, 0.00901686958969, -0.00334134488367, 0.00373778329231], [-0.000308535760269, 0.000315640674671, -0.00138844852336, 0.000988640473224, -0.000819633540232, 0.000465329154395, 0.00028119146009, 0.000654388044495, 0.000458661001176, 0.00256830151193, -0.00334134488367, 0.0143395625055, -0.00343781081028], [0.000509640201926, -0.000239820597926, 0.000497546978295, -0.000829906435683, 0.00109532976057, 0.000130435568281, 0.000110039181891, 0.000192885418073, 0.00102720654104, -5.13077384312e-06, 0.00373778329231, -0.00343781081028, 0.0155933592469]]
    },
    "spectral_contrast_coeffs": {
        "max": [-0.363807290792, -0.46064966917, -0.469224214554, -0.486806005239, -0.611837029457, -0.556304991245],
        "mean": [-0.651073098183, -0.73978549242, -0.724500119686, -0.745127260685, -0.763861477375, -0.749846696854],
        "min": [-0.907362282276, -0.910847187042, -0.893748939037, -0.908462762833, -0.898401796818, -0.888409972191],
        "stdev": [0.0860921815038, 0.0714815855026, 0.0696329027414, 0.0605433806777, 0.0462689436972, 0.0543191619217]
    },
    "spectral_contrast_valleys": {
        "max": [-5.32107114792, -4.59355831146, -5.44711446762, -5.78434896469, -5.85127639771, -7.21354961395],
        "mean": [-7.54275178909, -6.86063718796, -7.74834537506, -8.12021923065, -8.06899929047, -10.279294014],
        "min": [-10.6650104523, -10.5818777084, -11.4926433563, -11.6971902847, -11.3863725662, -12.9661417007],
        "stdev": [0.913109064102, 0.986476659775, 1.14354205132, 1.10628044605, 1.16889548302, 1.15196824074]
    }
},
"rhythm": {
    "beats_count": 87,
    "beats_loudness": {
        "max": 0.153462141752,
        "mean": 0.0258153006434,
        "min": 2.25850562856e-05,
        "stdev": 0.0210661944002
    },
    "bpm": 96.8856201172,
    "bpm_histogram_first_peak_bpm": 98,
    "bpm_histogram_first_peak_weight": 0.44117641449,
    "bpm_histogram_second_peak_bpm": 129,
    "bpm_histogram_second_peak_spread": 0.521739125252,
    "bpm_histogram_second_peak_weight": 0.12790697813,
    "danceability": 0.895064711571,
    "onset_rate": 3.158203125,
    "beats_loudness_band_ratio": {
        "max": [0.5833106637, 0.884256005287, 0.839178800583, 0.676092147827, 0.260945290327, 0.970167219639],
        "mean": [0.160917088389, 0.258038967848, 0.237087026238, 0.1664673388, 0.0807509422302, 0.148647353053],
        "min": [0.00298634939827, 0.00368187157437, 0.00283877458423, 0.000828553980682, 0.0013358410215, 0.00194952730089],
        "stdev": [0.14954058826, 0.202620744705, 0.188935860991, 0.145677223802, 0.0665781199932, 0.253040194511]
    },
