{
"metadata": {
    "version": {
        "essentia": "2.1-beta5",
        "essentia_git_sha": "Undefined",
        "extractor": "music 2.0"
    },
    "audio_properties": {
        "analysis": {
            "equal_loudness": 0,
            "length": 48.7502937317,
            "sample_rate": 44100,
            "start_time": 77.7404098511,
            "downmix": "mix"
        },
        "bit_rate": 192000,
        "length": 193.050704956,
        "lossless": 0,
        "number_channels": 2,
        "replay_gain": -6.76747131348,
        "sample_rate": 44100,
        "codec": "mp3",
        "md5_encoded": "f2b4f899c1da34570621e63e4fe7f89e"
    },
    "tags": {
        "file_name": "Turkey_Seninle Bir Dakika_Semiha Yanki.mp3",
        "encoding": ["Lavf58.29.100"]
    }
},
"lowlevel": {
    "average_loudness": 0.77428072691,
    "barkbands_crest": {
        "max": 26.2999420166,
        "mean": 13.4125995636,
        "min": 3.99914956093,
        "stdev": 5.36326503754
    },
    "barkbands_flatness_db": {
        "max": 0.442214637995,
        "mean": 0.263631731272,
        "min": 0.117169983685,
        "stdev": 0.0624806284904
    },
    "barkbands_kurtosis": {
        "max": 238.960906982,
        "mean": 12.4741353989,
        "min": -1.82909178734,
        "stdev": 19.6150379181
    },
    "barkbands_skewness": {
        "max": 11.5325345993,
        "mean": 1.65359544754,
        "min": -7.06150722504,
        "stdev": 1.74735689163
    },
    "barkbands_spread": {
        "max": 82.3593444824,
        "mean": 8.17249679565,
        "min": 0.286905735731,
        "stdev": 7.92416715622
    },
    "dissonance": {
        "max": 0.499271869659,
        "mean": 0.389175564051,
        "min": 0.185916960239,
        "stdev": 0.0630277916789
    },
    "dynamic_complexity": 5.63499879837,
    "erbbands_crest": {
        "max": 32.3696556091,
        "mean": 15.4101009369,
        "min": 3.66206383705,
        "stdev": 5.77031993866
    },
    "erbbands_flatness_db": {
        "max": 0.459059685469,
        "mean": 0.268187850714,
        "min": 0.121360205114,
        "stdev": 0.0507326871157
    },
    "erbbands_kurtosis": {
        "max": 93.537147522,
        "mean": 7.6883225441,
        "min": -1.82290029526,
        "stdev": 11.1271953583
    },
    "erbbands_skewness": {
        "max": 7.39031267166,
        "mean": 1.07515990734,
        "min": -4.73436927795,
        "stdev": 1.67452585697
    },
    "erbbands_spread": {
        "max": 131.387374878,
        "mean": 16.0349292755,
        "min": 0.565478801727,
        "stdev": 14.1477794647
    },
    "hfc": {
        "max": 59.4127006531,
        "mean": 7.90799665451,
        "min": 0.0501969493926,
        "stdev": 9.18780517578
    },
    "loudness_ebu128": {
        "integrated": -18.5135059357,
        "loudness_range": 12.7785205841,
        "momentary": {
            "max": -13.9254112244,
            "mean": -22.2367286682,
            "min": -35.6842727661,
            "stdev": 6.01996135712
        },
        "short_term": {
            "max": -15.9302282333,
            "mean": -21.6547718048,
            "min": -33.8277435303,
            "stdev": 5.16348218918
        }
    },
    "melbands_crest": {
        "max": 34.0360374451,
        "mean": 16.0227775574,
        "min": 4.98400735855,
        "stdev": 5.84077882767
    },
    "melbands_flatness_db": {
        "max": 0.519262611866,
        "mean": 0.321577519178,
        "min": 0.106695525348,
        "stdev": 0.0743500292301
    },
    "melbands_kurtosis": {
        "max": 166.572952271,
        "mean": 11.3103580475,
        "min": -1.8830537796,
        "stdev": 15.7684268951
    },
    "melbands_skewness": {
        "max": 9.67110443115,
        "mean": 1.68807685375,
        "min": -4.81098651886,
        "stdev": 1.54500222206
    },
    "melbands_spread": {
        "max": 106.081542969,
        "mean": 11.9611196518,
        "min": 0.512076616287,
        "stdev": 11.4303064346
    },
    "pitch_salience": {
        "max": 0.818442583084,
        "mean": 0.477806091309,
        "min": 0.117638282478,
        "stdev": 0.123042441905
    },
    "silence_rate_20dB": {
        "max": 1,
        "mean": 1,
        "min": 1,
        "stdev": 0
    },
    "silence_rate_30dB": {
        "max": 1,
        "mean": 0.999048054218,
        "min": 0,
        "stdev": 0.0308388788253
    },
    "silence_rate_60dB": {
        "max": 1,
        "mean": 0.320323646069,
        "min": 0,
        "stdev": 0.466598242521
    },
    "spectral_centroid": {
        "max": 3638.98681641,
        "mean": 638.575866699,
        "min": 202.136291504,
        "stdev": 404.785247803
    },
    "spectral_complexity": {
        "max": 31,
        "mean": 7.5273680687,
        "min": 0,
        "stdev": 4.82774019241
    },
    "spectral_decrease": {
        "max": -2.74406816714e-11,
        "mean": -4.70036853883e-09,
        "min": -3.84463696435e-08,
        "stdev": 5.46393819079e-09
    },
    "spectral_energy": {
        "max": 0.150114685297,
        "mean": 0.0184575673193,
        "min": 0.000108120511868,
        "stdev": 0.0212557669729
    },
    "spectral_energyband_high": {
        "max": 0.00350777618587,
        "mean": 5.13969243912e-05,
        "min": 1.40681322591e-07,
        "stdev": 0.000180595656275
    },
    "spectral_energyband_low": {
        "max": 0.0592905133963,
        "mean": 0.00217785523273,
        "min": 1.11140598165e-05,
        "stdev": 0.00511363707483
    },
    "spectral_energyband_middle_high": {
        "max": 0.0428716465831,
        "mean": 0.00227144430391,
        "min": 3.59440286957e-06,
        "stdev": 0.00509232608601
    },
    "spectral_energyband_middle_low": {
        "max": 0.148374810815,
        "mean": 0.0147346183658,
        "min": 6.32020091871e-05,
        "stdev": 0.0198553260416
    },
    "spectral_entropy": {
        "max": 8.17750930786,
        "mean": 6.42268657684,
        "min": 4.68296051025,
        "stdev": 0.642672657967
    },
    "spectral_flux": {
        "max": 0.347072213888,
        "mean": 0.0519278347492,
        "min": 0.0037340936251,
        "stdev": 0.0431460551918
    },
    "spectral_kurtosis": {
        "max": 69.4008178711,
        "mean": 14.0781764984,
        "min": -1.0222889185,
        "stdev": 10.3597984314
    },
    "spectral_rms": {
        "max": 0.0121017917991,
        "mean": 0.0035526859574,
        "min": 0.00032478212961,
        "stdev": 0.00232073781081
    },
    "spectral_rolloff": {
        "max": 6050.83007812,
        "mean": 773.060852051,
        "min": 150.732421875,
        "stdev": 615.132507324
    },
    "spectral_skewness": {
        "max": 6.99732494354,
        "mean": 2.8063583374,
        "min": -0.325972259045,
        "stdev": 1.08162641525
    },
    "spectral_spread": {
        "max": 23820168,
        "mean": 3056687.75,
        "min": 1308255.75,
        "stdev": 1139506.25
    },
    "spectral_strongpeak": {
        "max": 7.98199748993,
        "mean": 1.16599988937,
        "min": 0.013284329325,
        "stdev": 1.09101545811
    },
    "zerocrossingrate": {
        "max": 0.1474609375,
        "mean": 0.0302060395479,
        "min": 0.00439453125,
        "stdev": 0.0180256552994
    },
    "barkbands": {
        "max": [0.000194675012608, 0.023061376065, 0.0335379056633, 0.0505466647446, 0.113993160427, 0.143613576889, 0.0355506055057, 0.0211124140769, 0.0247331466526, 0.0197060834616, 0.0312378853559, 0.0351030677557, 0.0135905435309, 0.0127172237262, 0.012797486037, 0.004075367935, 0.00208567664959, 0.00122759782244, 0.00161567691248, 0.00184936041478, 0.000781878596172, 0.00247553410009, 0.000535026600119, 0.000135103138746, 5.32537596882e-05, 8.37427705846e-06, 8.79235903994e-06],
        "mean": [9.50630874286e-06, 0.000414116919274, 0.00102089520078, 0.00175041414332, 0.00748912570998, 0.00259365933016, 0.00135809811763, 0.000794549705461, 0.000614205840975, 0.00040553585859, 0.000486352219013, 0.000653875467833, 0.000161098359968, 0.00028481791378, 0.000194738080609, 7.09532396286e-05, 3.60776284651e-05, 2.93491339107e-05, 2.8507429306e-05, 2.46526160481e-05, 1.66530680872e-05, 1.41965720104e-05, 4.42757254859e-06, 1.05648916815e-06, 6.97448172104e-07, 1.98306828736e-08, 4.87067897126e-09],
        "min": [5.0886934666e-09, 1.74592923941e-06, 3.23431095239e-07, 4.59918709339e-07, 1.3407827737e-06, 8.18277214876e-07, 5.49265507743e-07, 1.36817823204e-06, 8.13148460566e-07, 2.60428066667e-07, 7.58376401677e-08, 8.34017228613e-08, 6.06269594527e-08, 6.48796145697e-08, 4.93790963674e-08, 6.00487908287e-08, 5.37001625389e-08, 8.1136285246e-08, 9.29183698872e-08, 1.20569865203e-07, 4.64686529256e-08, 2.32124381938e-08, 1.52470960302e-08, 2.08657660039e-08, 1.15549614321e-08, 1.77032884879e-11, 2.4801423068e-11],
        "stdev": [1.11187446237e-05, 0.000953140552156, 0.00283964676782, 0.00380793795921, 0.0147708831355, 0.00837487354875, 0.00286890589632, 0.00190758262761, 0.0016416197177, 0.00154690467753, 0.00238820258528, 0.00197911355644, 0.000679583055899, 0.000883165746927, 0.000971281493548, 0.000229025274166, 0.000118068819575, 8.99756414583e-05, 0.00010622166883, 9.46373475017e-05, 5.59792169952e-05, 8.76782069099e-05, 2.70446344075e-05, 4.86217550133e-06, 1.79188316451e-06, 1.85515233397e-07, 1.91760335611e-07]
    },
    "erbbands": {
        "max": [0.256424933672, 6.84874296188, 25.2230300903, 103.275421143, 365.328552246, 577.155456543, 861.539001465, 1693.2845459, 663.272949219, 1032.24157715, 546.582885742, 758.00213623, 844.098815918, 1130.00610352, 1475.86877441, 1182.67089844, 754.465637207, 413.162384033, 616.806945801, 519.586547852, 68.1362838745, 147.039520264, 70.4725952148, 101.655853271, 110.408035278, 93.5855102539, 39.2329483032, 43.5397262573, 99.7390060425, 40.8080215454, 12.9640102386, 1.50292479992, 3.11680555344, 1.18363153934, 0.0995798781514, 0.0334473513067, 0.015328058973, 0.00545460078865, 0.00125675660092, 0.000166820260347],
        "mean": [0.00808483920991, 0.116191007197, 0.876310050488, 3.94309639931, 14.0963554382, 27.7388687134, 23.1644477844, 23.7938098907, 18.2412796021, 23.852481842, 14.8608932495, 12.3363981247, 16.1956920624, 13.0041666031, 26.2478199005, 23.0007305145, 9.84850215912, 13.1025943756, 12.4641475677, 6.6345500946, 3.45085954666, 2.36558198929, 1.49475896358, 1.63534414768, 1.436191082, 1.19229638577, 0.814818203449, 0.623359441757, 0.521641969681, 0.324964493513, 0.10138515383, 0.0220259409398, 0.0204958021641, 0.0106260515749, 0.00355599797331, 0.000354167597834, 2.40452172875e-05, 4.84029760628e-06, 9.61490786722e-06, 2.08217988984e-05],
        "min": [3.0949824577e-05, 0.00041384488577, 0.000749304774217, 0.00397334387526, 0.00693661393598, 0.00603317981586, 0.0110116694123, 0.00872256606817, 0.0166208799928, 0.0300393048674, 0.0384152010083, 0.0461735650897, 0.0507472418249, 0.0174755621701, 0.00743704056367, 0.00367612624541, 0.00408124504611, 0.00534096406773, 0.00419625965878, 0.00284776953049, 0.00325530418195, 0.00437555462122, 0.00565710105002, 0.00478407787159, 0.00516519043595, 0.00499267550185, 0.00235588545911, 0.0012291331077, 0.0009854901582, 0.000415081420215, 0.000469092774438, 0.000415401416831, 0.000326975103235, 0.000158461290994, 7.77969398769e-05, 2.13180883293e-05, 2.21970276471e-06, 2.926210243e-07, 1.01848833367e-07, 1.3228678597e-07],
        "stdev": [0.0124734397978, 0.280328989029, 2.12624883652, 8.89595890045, 30.3046913147, 65.6890029907, 61.8031349182, 84.3360366821, 42.2124862671, 57.9730453491, 37.5198860168, 36.6553153992, 58.7210998535, 50.2351455688, 109.374862671, 65.9472427368, 35.2959480286, 39.6292419434, 51.9995689392, 32.699836731, 8.5160112381, 7.74811458588, 4.2273812294, 5.54154348373, 6.27040052414, 4.46263599396, 2.55636548996, 2.46003890038, 3.34901046753, 2.14552593231, 0.610212028027, 0.0843337625265, 0.108642473817, 0.0399941727519, 0.00386408087797, 0.000795584695879, 0.000334326003212, 0.000118948730233, 2.89891613647e-05, 2.37545955315e-05]
    },
    "gfcc": {
        "mean": [-138.793533325, 161.380325317, -114.138420105, 19.9585342407, -70.782875061, 5.91236209869, -38.2045173645, -5.48449993134, -18.8538265228, -9.9455280304, -5.60796737671, -18.2226371765, 5.57521009445],
        "cov": [[4077.77954102, 632.547302246, -1088.18945312, 139.85534668, 557.953369141, -667.468933105, 210.997177124, -705.600646973, -137.856719971, -206.130813599, -107.621994019, -131.144622803, 108.857032776], [632.547302246, 458.934417725, 89.8081817627, -153.917770386, 176.465744019, -183.785354614, -47.7679710388, -167.582992554, -36.3747444153, -74.3698196411, 15.9323549271, -57.0001449585, 70.7844696045], [-1088.18945312, 89.8081817627, 1063.49938965, 93.6162338257, -302.298522949, -61.1731452942, -163.953918457, 88.8945007324, 48.331867218, -1.45529150963, -9.40029716492, -27.2878112793, 51.8105506897], [139.85534668, -153.917770386, 93.6162338257, 522.622802734, 9.94380283356, -26.9802341461, 57.3815727234, 2.14891958237, 24.4487056732, -38.7480812073, -90.6993255615, -24.549030304, 2.19371843338], [557.953369141, 176.465744019, -302.298522949, 9.94380283356, 476.228027344, 132.005767822, 17.0499076843, -122.556648254, -75.6588668823, -87.3609313965, 8.84310436249, 13.3997564316, -19.414981842], [-667.468933105, -183.785354614, -61.1731452942, -26.9802341461, 132.005767822, 527.427490234, 67.9534606934, 90.1051483154, -8.72371864319, -11.9471273422, 11.4784927368, 93.2997894287, -71.4312286377], [210.997177124, -47.7679710388, -163.953918457, 57.3815727234, 17.0499076843, 67.9534606934, 164.85585022, 26.5173416138, -21.918838501, -27.6749572754, -42.2231292725, 6.17334747314, 8.75960254669], [-705.600646973, -167.582992554, 88.8945007324, 2.14891958237, -122.556648254, 90.1051483154, 26.5173416138, 277.385253906, 70.3326644897, 54.4672698975, -16.2191486359, 23.2705879211, -22.4799213409], [-137.856719971, -36.3747444153, 48.331867218, 24.4487056732, -75.6588668823, -8.72371864319, -21.918838501, 70.3326644897, 110.328468323, 47.0508346558, 2.68991136551, 1.00542831421, -7.32340097427], [-206.130813599, -74.3698196411, -1.45529150963, -38.7480812073, -87.3609313965, -11.9471273422, -27.6749572754, 54.4672698975, 47.0508346558, 141.194610596, 45.613494873, -18.5851631165, -33.9002151489], [-107.621994019, 15.9323549271, -9.40029716492, -90.6993255615, 8.84310436249, 11.4784927368, -42.2231292725, -16.2191486359, 2.68991136551, 45.613494873, 119.87084198, 33.9429283142, -26.0377063751], [-131.144622803, -57.0001449585, -27.2878112793, -24.549030304, 13.3997564316, 93.2997894287, 6.17334747314, 23.2705879211, 1.00542831421, -18.5851631165, 33.9429283142, 137.514877319, 34.133026123], [108.857032776, 70.7844696045, 51.8105506897, 2.19371843338, -19.414981842, -71.4312286377, 8.75960254669, -22.4799213409, -7.32340097427, -33.9002151489, -26.0377063751, 34.133026123, 135.662277222]],
        "icov": [[0.00241197948344, -0.00169128389098, 0.00170701637398, -0.000571850745473, -0.000925479573198, 0.00287856697105, -0.00322086829692, 0.00438942573965, -0.00192566239275, -8.97811551113e-05, 0.00210948497988, -0.00145877175964, 0.00126844434999], [-0.00169128389098, 0.0121571933851, -0.00489767827094, 0.00550438975915, -0.00644811941311, 0.00233206246048, -0.00224516401067, 0.00072987540625, -0.00371043081395, 0.00271044718102, -0.00285255815834, 0.00451082922518, -0.00383909489028], [0.00170701637398, -0.00489767827094, 0.00428452435881, -0.00276445318013, 0.0031054331921, -0.000131586988573, 0.00163090671413, 0.00123429729138, 0.000797147047706, 0.000320264836773, 0.00123584910762, -0.000975825823843, 0.000674280629028], [-0.000571850745473, 0.00550438975915, -0.00276445318013, 0.00507589941844, -0.00371045735665, 0.00186276109889, -0.00279633537866, 0.00120233697817, -0.00304638408124, 0.00102627126034, 0.000835094950162, 0.00123428856023, -0.000668156484608], [-0.000925479573198, -0.00644811941311, 0.0031054331921, -0.00371045735665, 0.00901697203517, -0.00539008108899, 0.00602207100019, -0.00346871139482, 0.00512406695634, 0.000713926041499, -0.00114625040442, -0.000362111721188, 0.000795919040684], [0.00287856697105, 0.00233206246048, -0.000131586988573, 0.00186276109889, -0.00539008108899, 0.00859366729856, -0.00753430277109, 0.00605717208236, -0.00431526917964, 0.000251809862675, 0.00303116254508, -0.00340229691938, 0.00300499517471], [-0.00322086829692, -0.00224516401067, 0.00163090671413, -0.00279633537866, 0.00602207100019, -0.00753430277109, 0.0169231649488, -0.00904983002692, 0.00725802453235, 0.000891067611519, -0.00126850395463, 0.00216794526204, -0.00269374297932], [0.00438942573965, 0.00072987540625, 0.00123429729138, 0.00120233697817, -0.00346871139482, 0.00605717208236, -0.00904983002692, 0.0151449758559, -0.00795362237841, -0.000979631324299, 0.00532659934834, -0.00298783113249, 0.00249299220741], [-0.00192566239275, -0.00371043081395, 0.000797147047706, -0.00304638408124, 0.00512406695634, -0.00431526917964, 0.00725802453235, -0.00795362237841, 0.0171345099807, -0.00391990039498, -0.000650654372294, -0.000785811280366, -8.11756544863e-05], [-8.97811551113e-05, 0.00271044718102, 0.000320264836773, 0.00102627126034, 0.000713926041499, 0.000251809862675, 0.000891067611519, -0.000979631324299, -0.00391990039498, 0.0133773917332, -0.00599603308365, 0.00464933225885, -0.00065557990456], [0.00210948497988, -0.00285255815834, 0.00123584910762, 0.000835094950162, -0.00114625040442, 0.00303116254508, -0.00126850395463, 0.00532659934834, -0.000650654372294, -0.00599603308365, 0.017150901258, -0.00796189066023, 0.00546830473468], [-0.00145877175964, 0.00451082922518, -0.000975825823843, 0.00123428856023, -0.000362111721188, -0.00340229691938, 0.00216794526204, -0.00298783113249, -0.000785811280366, 0.00464933225885, -0.00796189066023, 0.0149871530011, -0.00748825399205], [0.00126844434999, -0.00383909489028, 0.000674280629028, -0.000668156484608, 0.000795919040684, 0.00300499517471, -0.00269374297932, 0.00249299220741, -8.11756544863e-05, -0.00065557990456, 0.00546830473468, -0.00748825399205, 0.0131584247574]]
    },
    "melbands": {
        "max": [0.00374730071053, 0.0116155603901, 0.0196397230029, 0.0295628197491, 0.0291838850826, 0.0333244130015, 0.00889210868627, 0.00963804963976, 0.003895790549, 0.00425087241456, 0.00414658850059, 0.00438417401165, 0.00492101674899, 0.00541179394349, 0.00143694283906, 0.00127278373111, 0.000857839593664, 0.00130120944232, 0.00128189509269, 0.000443435856141, 7.94086663518e-05, 0.000171922758454, 4.61344352516e-05, 6.81721940055e-05, 9.04112966964e-05, 5.82958746236e-05, 8.76363483258e-05, 5.90571253269e-05, 2.8805261536e-05, 1.73218359123e-05, 3.12713018502e-05, 5.00860442116e-05, 5.87255708524e-05, 2.04233401746e-05, 9.73684473138e-06, 1.59572925895e-06, 8.94704157872e-07, 2.34612411987e-06, 1.94570930034e-06, 6.54269911138e-07],
        "mean": [9.12522009457e-05, 0.000384381040931, 0.000951395486481, 0.00155685143545, 0.00094978325069, 0.00051093113143, 0.000281486136373, 0.000248769152677, 0.000102690180938, 8.2912898506e-05, 8.02294889581e-05, 4.92532344651e-05, 7.70494589233e-05, 8.75309851835e-05, 3.44891304849e-05, 1.87853220268e-05, 2.32609399973e-05, 2.01800939976e-05, 1.31279348352e-05, 5.26221356267e-06, 3.63404819836e-06, 2.35967900153e-06, 1.41236012041e-06, 1.56464693646e-06, 1.29884745093e-06, 9.94535980681e-07, 9.22830679428e-07, 7.90809963291e-07, 5.78213132485e-07, 3.41899323075e-07, 3.6625328903e-07, 2.9868019169e-07, 2.56782499264e-07, 1.4726752795e-07, 6.65093295993e-08, 1.98072704904e-08, 1.01436912203e-08, 1.45000162988e-08, 1.30397070919e-08, 7.62458540748e-09],
        "min": [5.5540459698e-07, 1.12010457087e-06, 1.06920322196e-06, 4.51637163223e-07, 3.19417040373e-07, 1.73682806803e-07, 2.51340225077e-07, 3.29902348994e-07, 1.6730568575e-07, 1.05708366505e-07, 2.02362315349e-07, 2.92380022415e-08, 1.91527256277e-08, 1.27509105496e-08, 8.2829512138e-09, 6.66058541654e-09, 8.72443894906e-09, 4.48490755645e-09, 3.19458504094e-09, 3.65860697293e-09, 2.71888378478e-09, 2.96946822687e-09, 3.86658083329e-09, 3.46832140785e-09, 2.85524048849e-09, 3.33697869337e-09, 2.50283171965e-09, 1.73553371674e-09, 1.38683520223e-09, 9.033514492e-10, 7.15723980083e-10, 5.28596832972e-10, 4.13621137341e-10, 1.85444409828e-10, 2.99834906903e-10, 2.27678695341e-10, 2.62054433708e-10, 2.23896068352e-10, 2.08397715751e-10, 1.12320090728e-10],
        "stdev": [0.000182080475497, 0.000907441193704, 0.0018202069914, 0.00325417565182, 0.00234870542772, 0.0017619197024, 0.000604569038842, 0.000566805247217, 0.000260623608483, 0.000241546964389, 0.000292489276035, 0.000199875445105, 0.000350796617568, 0.000299774430459, 0.000110971544927, 6.49688590784e-05, 7.35096255084e-05, 8.92171738087e-05, 7.37247828511e-05, 2.36278701777e-05, 9.51855236053e-06, 8.7412799985e-06, 4.03651347369e-06, 5.0173962336e-06, 4.75813294543e-06, 3.73472153115e-06, 4.56907218904e-06, 2.92684444503e-06, 1.82970495644e-06, 1.19780406749e-06, 1.5654420622e-06, 1.83179065516e-06, 1.89090508229e-06, 9.82813730843e-07, 4.17515622075e-07, 9.35207040698e-08, 3.4339119992e-08, 7.98971839799e-08, 6.7521241931e-08, 2.24801048887e-08]
    },
    "melbands128": {
        "max": [0.000190404316527, 0.00151566090062, 0.0044820215553, 0.0148774115369, 0.0167431086302, 0.0224617533386, 0.0267503168434, 0.035143006593, 0.05048520118, 0.047404140234, 0.0452245287597, 0.0476165041327, 0.0395861193538, 0.043966114521, 0.0556268952787, 0.0334145128727, 0.022001830861, 0.00593191292137, 0.00734618864954, 0.0203128419816, 0.00547752017155, 0.00802938453853, 0.00548497540876, 0.00481797102839, 0.00970097724348, 0.00462534371763, 0.00743259955198, 0.00722611742094, 0.00562455086038, 0.0047040511854, 0.00912787113339, 0.00542024150491, 0.00936762988567, 0.00908509176224, 0.00601599179208, 0.00943879410625, 0.00208903243765, 0.00288714072667, 0.00170961488038, 0.00376441259868, 0.000810119672678, 0.00168465415481, 0.00188468361739, 0.00126493128482, 0.00290580955334, 0.00232852296904, 0.00202521192841, 0.00310597661883, 0.0020438679494, 0.00116259476636, 0.000380707118893, 0.000183644820936, 0.000181838171557, 0.000103092104837, 0.000121660414152, 0.000307959038764, 0.000206743032322, 0.000121064935229, 4.21025215473e-05, 0.000116765440907, 8.95867342479e-05, 7.97605098342e-05, 0.000252774101682, 6.35736287222e-05, 5.25912946614e-05, 3.97758558393e-05, 0.000128932413645, 0.000167010322912, 0.000108024330984, 6.51720256428e-05, 7.72618732299e-05, 4.9892354582e-05, 5.21425390616e-05, 5.43526184629e-05, 3.93272275687e-05, 1.99789028557e-05, 1.51058666233e-05, 3.27990856022e-05, 4.42423079221e-05, 2.54691549344e-05, 3.19630926242e-05, 7.97550819698e-05, 7.63969510444e-05, 7.40221585147e-05, 4.3958407332e-05, 2.54030146607e-05, 1.43659544847e-05, 1.1148813428e-05, 1.40950896821e-05, 4.02969044444e-06, 2.90534330816e-06, 7.58485668939e-07, 7.15225212389e-07, 4.51473681551e-07, 1.69387874394e-06, 2.43313115789e-06, 2.58490672422e-06, 2.14907436202e-06, 2.26978454521e-06, 1.6084844674e-06, 1.07405173821e-06, 4.9222319376e-07, 2.73826287867e-07, 1.06194555372e-07, 9.9238434359e-08, 6.46618332212e-08, 5.96921907459e-08, 6.31909315985e-08, 5.76306469213e-08, 5.42376135115e-08, 5.23714795975e-08, 5.04704473769e-08, 4.86273599165e-08, 4.67256917602e-08, 4.51871642326e-08, 4.37459526381e-08, 4.24123243192e-08, 4.11292688796e-08, 3.99287927166e-08, 3.89218364205e-08, 3.7973240552e-08, 3.71704622637e-08, 3.64406389508e-08, 3.57847227406e-08, 3.52668898529e-08, 3.48777646764e-08, 3.45594273199e-08, 3.43779227308e-08],
        "mean": [8.11777317722e-06, 5.20052162756e-05, 0.000105353450635, 0.000203581090318, 0.000315604062052, 0.000576645717956, 0.000718006631359, 0.000956417294219, 0.00144097406883, 0.00169136119075, 0.00161575211678, 0.00131304736715, 0.000738926522899, 0.000514571496751, 0.000572133809328, 0.000520625908393, 0.000294410885544, 0.000234901046497, 0.000232137579587, 0.000341412349371, 0.000188100384548, 0.000187874073163, 6.41067890683e-05, 6.00754465268e-05, 7.83573414083e-05, 7.51880943426e-05, 0.000138551287819, 6.55365365674e-05, 5.46400879102e-05, 5.54540383746e-05, 4.37556191173e-05, 4.21658296546e-05, 9.07226785785e-05, 8.64016692503e-05, 0.000105178725789, 9.75966904662e-05, 3.31724877469e-05, 4.64243967144e-05, 2.00664635486e-05, 1.78236732609e-05, 6.01091460339e-06, 4.18096024077e-05, 2.72400320682e-05, 1.05942135633e-05, 2.07165721804e-05, 2.2063140932e-05, 2.10398156923e-05, 1.40077436299e-05, 9.09301888896e-06, 8.44774058351e-06, 4.07857760365e-06, 2.31243438975e-06, 6.80356788507e-06, 2.28524118029e-06, 9.66421794146e-07, 3.23602262142e-06, 2.71005637842e-06, 1.64205562214e-06, 8.81895687144e-07, 9.36527840167e-07, 1.69625764102e-06, 2.01256557375e-06, 1.50276684963e-06, 1.08100823581e-06, 9.72332827587e-07, 7.76852743911e-07, 1.18594994092e-06, 1.26661745981e-06, 7.15476346613e-07, 6.631770475e-07, 8.51448135109e-07, 8.66583548031e-07, 6.61569629301e-07, 5.73499448819e-07, 4.01526591531e-07, 3.16358494956e-07, 3.05360032371e-07, 3.96729916474e-07, 3.88146588648e-07, 3.3611240724e-07, 2.80244080386e-07, 3.07583150061e-07, 2.77759255596e-07, 2.64295096031e-07, 2.32818365475e-07, 1.6740229114e-07, 1.19816320421e-07, 9.55571195504e-08, 7.05207412466e-08, 3.98997599405e-08, 2.60780907979e-08, 1.35699300685e-08, 9.71407043693e-09, 8.6279614564e-09, 1.10763371808e-08, 1.37754545548e-08, 1.53141819226e-08, 1.57432786807e-08, 1.41036755608e-08, 1.13153157955e-08, 8.98858854015e-09, 7.11362124761e-09, 5.8004983039e-09, 5.0327901846e-09, 4.1449741417e-09, 3.52795059833e-09, 1.28457988691e-09, 6.38492869687e-10, 2.03764380369e-10, 7.35035088351e-11, 3.55699809884e-11, 2.86183143156e-11, 2.77973772472e-11, 2.67057261721e-11, 2.58390704666e-11, 2.47951364302e-11, 2.36882752996e-11, 2.27292074051e-11, 2.20760510566e-11, 2.15256475838e-11, 2.1012658627e-11, 2.05794409291e-11, 2.01683253431e-11, 1.98098343285e-11, 1.95278584969e-11, 1.93197229048e-11, 1.91493158136e-11, 1.90427743019e-11],
        "min": [4.16222079025e-09, 4.46158807677e-08, 2.98199239523e-07, 4.06964886679e-07, 2.02940725558e-07, 1.74746034531e-07, 5.02549184489e-08, 1.61941301258e-07, 2.99157619565e-07, 5.46368106313e-08, 3.03717371253e-08, 3.3433089186e-08, 5.09199260534e-08, 1.14278307706e-07, 4.36796234737e-08, 1.03722577194e-07, 1.03674906882e-07, 2.44769697844e-08, 2.3162145979e-08, 3.40070336335e-08, 8.99660577147e-08, 7.3904473652e-08, 6.61282939518e-08, 2.69797908459e-08, 2.39997675067e-08, 4.27933208869e-08, 3.26582352272e-08, 5.17159151059e-08, 6.34827879153e-09, 7.96648436108e-09, 2.43055175986e-09, 4.5201358212e-09, 3.06420222529e-09, 4.56755522293e-09, 8.71296901295e-09, 1.1643435549e-08, 3.09587977476e-09, 2.0090971109e-09, 2.8389395279e-09, 3.12673442693e-09, 3.161760187e-09, 7.0867298696e-09, 3.0708300347e-09, 7.64234564521e-10, 1.88792870226e-09, 8.53666248801e-10, 1.09660780456e-09, 2.1535166983e-09, 1.95852689622e-09, 1.6637946576e-09, 1.68572844572e-09, 2.2892481244e-09, 1.74352288163e-09, 2.95924795779e-09, 1.52147161536e-09, 1.28336352656e-09, 1.40826006412e-09, 1.6995961305e-09, 1.72763259254e-09, 1.20394361147e-09, 1.90772686537e-09, 2.05111749807e-09, 1.56032775589e-09, 1.61622282224e-09, 1.4422952832e-09, 1.81865389415e-09, 1.39504463537e-09, 1.22000820557e-09, 1.69396674465e-09, 1.28448407466e-09, 1.43901346394e-09, 2.6442711909e-10, 5.75625269672e-10, 1.66557356795e-09, 7.61436691477e-10, 9.64078705756e-10, 2.32383765009e-10, 7.11386838326e-10, 8.78611516875e-10, 7.04674929519e-10, 2.44163689267e-10, 6.20147710961e-10, 8.12746092649e-10, 3.3379635167e-10, 1.43998382662e-10, 1.46228307241e-10, 1.37728037308e-10, 3.90904919545e-10, 3.41727229847e-10, 2.19658402578e-10, 2.24355325984e-10, 2.2334409322e-10, 2.10393258371e-10, 3.61000146443e-10, 1.71413910843e-10, 2.85037632386e-10, 1.79061640515e-10, 2.25826107814e-10, 3.0772168147e-10, 1.3250756048e-10, 9.97355809051e-11, 1.44260187129e-10, 8.59846430168e-11, 3.9043018818e-11, 5.15686243707e-11, 9.50679747598e-13, 3.85414898781e-13, 1.02823450438e-13, 4.08516943147e-14, 9.15445562237e-14, 6.65979519253e-14, 4.79863951309e-14, 8.83171167492e-14, 7.76939683379e-14, 9.10780104764e-14, 7.70153323168e-14, 6.74358979031e-14, 7.16387398621e-14, 7.68274942904e-14, 6.62293502918e-14, 6.70376297876e-14, 7.92205724306e-14, 8.99822276694e-14, 6.61641829649e-14, 6.65296810698e-14, 7.9539063595e-14, 8.22986088458e-14, 7.70679093459e-14],
        "stdev": [9.26351458475e-06, 6.66648702463e-05, 0.000236122723436, 0.000564878399018, 0.000817452266347, 0.00174298789352, 0.0020679498557, 0.00222776620649, 0.00358904711902, 0.00465977517888, 0.00458115851507, 0.00401326455176, 0.00248435582034, 0.00243975571357, 0.0025712500792, 0.00203440454789, 0.00103608798236, 0.00059027376119, 0.000595884746872, 0.00107693125028, 0.000468823360279, 0.000622088904493, 0.000236257270444, 0.000209043500945, 0.000381183461286, 0.000301730295178, 0.00050709140487, 0.000424222729634, 0.000251134595601, 0.000239773755311, 0.000316853140248, 0.000245993898716, 0.00052388117183, 0.000589209783357, 0.000385858438676, 0.000434102024883, 0.000130569416797, 0.00020175318059, 0.000101442201412, 0.000139906056575, 2.66288589046e-05, 0.000162363212439, 0.000103480961116, 7.08254810888e-05, 0.000117823365144, 0.000129479769384, 0.000131874869112, 0.000122059696878, 8.72765667737e-05, 5.05375428475e-05, 2.47916686931e-05, 1.0640610526e-05, 1.91862745851e-05, 7.33337537895e-06, 4.71169778393e-06, 1.47628379636e-05, 1.06495745058e-05, 6.69551900501e-06, 2.92965228255e-06, 4.8032761697e-06, 6.25351458439e-06, 7.07360459273e-06, 8.70926305652e-06, 4.94727873956e-06, 3.54354074261e-06, 2.85556052404e-06, 6.49714320389e-06, 7.97583470558e-06, 4.47893535238e-06, 3.11718235935e-06, 3.78798517886e-06, 3.53052746505e-06, 2.45625301432e-06, 2.16607327275e-06, 1.72420152467e-06, 1.25147482777e-06, 1.12689826892e-06, 1.71324325038e-06, 1.93637856682e-06, 1.49323909682e-06, 1.45467208768e-06, 2.57623605648e-06, 2.38093321059e-06, 2.06313916351e-06, 1.70500982222e-06, 1.25700273657e-06, 7.68899553805e-07, 5.88764407894e-07, 5.07469508193e-07, 2.28912014677e-07, 1.48497917962e-07, 4.79101345263e-08, 2.88146821958e-08, 2.18425260101e-08, 5.24082572895e-08, 7.86091902683e-08, 8.93263063517e-08, 9.04567372118e-08, 7.97232502237e-08, 5.274810988e-08, 3.63110146395e-08, 1.73622414223e-08, 9.40692412854e-09, 4.24544932542e-09, 3.71784891762e-09, 2.79520939728e-09, 1.91827176366e-09, 1.96631178007e-09, 1.3656614728e-09, 1.22682486392e-09, 1.14348119862e-09, 1.10076392446e-09, 1.06055408899e-09, 1.01907282613e-09, 9.85525328012e-10, 9.5410623846e-10, 9.25025056553e-10, 8.97046104065e-10, 8.70851446511e-10, 8.48887737881e-10, 8.28205282133e-10, 8.10701061837e-10, 7.94786403358e-10, 7.80479403328e-10, 7.69174002269e-10, 7.60675855638e-10, 7.53735407422e-10, 7.49778295006e-10]
    },
    "mfcc": {
        "mean": [-781.510375977, 180.647018433, 14.716501236, 15.9405508041, -5.46204376221, -0.789093434811, -4.6139330864, -7.91435623169, -0.658223330975, -5.95975637436, -3.32518434525, -3.04797172546, -3.46799015999],
        "cov": [[4690.75830078, 425.738250732, -1541.98718262, 657.917236328, -203.777603149, 314.081268311, 14.1621551514, -257.945526123, -93.3550720215, -258.947021484, -244.917922974, -300.011932373, -105.687988281], [425.738250732, 724.547668457, -89.8031158447, -90.9590835571, 108.426315308, -62.0612411499, -10.504776001, -153.45451355, -86.263923645, -77.8909988403, -107.702354431, -54.5417709351, -51.7480697632], [-1541.98718262, -89.8031158447, 1147.37805176, 47.9300765991, -8.19676208496, -160.590194702, -149.084762573, -25.7106685638, 26.9368896484, 89.1382980347, 28.7304382324, 6.24087715149, -55.9465866089], [657.917236328, -90.9590835571, 47.9300765991, 527.002075195, -17.3333091736, -32.1197433472, -51.4156112671, -81.6519851685, 29.9342346191, -2.63177132607, -49.0835380554, -95.44165802, -82.7238845825], [-203.777603149, 108.426315308, -8.19676208496, -17.3333091736, 297.712768555, 113.714530945, 46.1285705566, 65.9747238159, -16.7150039673, -53.1536636353, -14.1804771423, 39.6206359863, 14.9060716629], [314.081268311, -62.0612411499, -160.590194702, -32.1197433472, 113.714530945, 296.982696533, 107.430786133, 89.4503707886, 11.9329881668, -81.7276763916, -26.2987957001, -7.99127435684, 41.8284988403], [14.1621551514, -10.504776001, -149.084762573, -51.4156112671, 46.1285705566, 107.430786133, 169.628601074, 83.3354492188, 13.9850721359, -25.6499443054, -16.8324546814, 6.63749265671, 22.3781700134], [-257.945526123, -153.45451355, -25.7106685638, -81.6519851685, 65.9747238159, 89.4503707886, 83.3354492188, 231.087173462, 91.6739196777, -37.2070388794, -10.038228035, 50.7052764893, 93.3833694458], [-93.3550720215, -86.263923645, 26.9368896484, 29.9342346191, -16.7150039673, 11.9329881668, 13.9850721359, 91.6739196777, 157.16394043, 31.4613018036, -29.5779380798, -15.4567174911, 23.9813709259], [-258.947021484, -77.8909988403, 89.1382980347, -2.63177132607, -53.1536636353, -81.7276763916, -25.6499443054, -37.2070388794, 31.4613018036, 180.23765564, 83.7434692383, -30.057636261, -59.465801239], [-244.917922974, -107.702354431, 28.7304382324, -49.0835380554, -14.1804771423, -26.2987957001, -16.8324546814, -10.038228035, -29.5779380798, 83.7434692383, 155.375900269, 60.870765686, -23.8592662811], [-300.011932373, -54.5417709351, 6.24087715149, -95.44165802, 39.6206359863, -7.99127435684, 6.63749265671, 50.7052764893, -15.4567174911, -30.057636261, 60.870765686, 160.979522705, 88.5930023193], [-105.687988281, -51.7480697632, -55.9465866089, -82.7238845825, 14.9060716629, 41.8284988403, 22.3781700134, 93.3833694458, 23.9813709259, -59.465801239, -23.8592662811, 88.5930023193, 173.114593506]],
        "icov": [[0.00206994195469, -0.00195610430092, 0.00262943748385, -0.0030651926063, 0.00330968946218, -0.00360188051127, 0.00293556437828, -0.00127925386187, 0.00144095753785, -0.000136382397613, 0.000955603201874, -0.000207956225495, 0.000951619818807], [-0.00195610430092, 0.00487371627241, -0.00227525667287, 0.0042089316994, -0.00518930330873, 0.00510802445933, -0.00364560936578, 0.0042532440275, -0.00203922227956, 0.00183466612361, 0.000222643269808, 0.00148119207006, -0.000886476191226], [0.00262943748385, -0.00227525667287, 0.00443482073024, -0.00383960502222, 0.00392744271085, -0.00423968862742, 0.00465909112245, -0.00192896346562, 0.00186588440556, -0.000640529033262, 0.00178406736813, -0.000660555437207, 0.00175355037209], [-0.0030651926063, 0.0042089316994, -0.00383960502222, 0.00752033200115, -0.00607804441825, 0.00629397388548, -0.00444381125271, 0.00419789506122, -0.00374609255232, 0.00195507053286, -0.00120630196761, 0.00196261540987, -0.000927985529415], [0.00330968946218, -0.00518930330873, 0.00392744271085, -0.00607804441825, 0.011451927945, -0.00894695613533, 0.00573210045695, -0.00589413288981, 0.00450110482052, -0.0022599902004, 0.0029327198863, -0.0040183858946, 0.00350922881626], [-0.00360188051127, 0.00510802445933, -0.00423968862742, 0.00629397388548, -0.00894695613533, 0.0136695317924, -0.00849811732769, 0.00404151668772, -0.00416929973289, 0.00487043056637, -0.00448146928102, 0.0050595421344, -0.00360503653064], [0.00293556437828, -0.00364560936578, 0.00465909112245, -0.00444381125271, 0.00573210045695, -0.00849811732769, 0.014476091601, -0.00663991272449, 0.00421154312789, -0.0030961483717, 0.00412594154477, -0.00265101273544, 0.00363326119259], [-0.00127925386187, 0.0042532440275, -0.00192896346562, 0.00419789506122, -0.00589413288981, 0.00404151668772, -0.00663991272449, 0.01486259792, -0.00855078455061, 0.00513685960323, -0.00320363300852, 0.00278546754271, -0.00467298645526], [0.00144095753785, -0.00203922227956, 0.00186588440556, -0.00374609255232, 0.00450110482052, -0.00416929973289, 0.00421154312789, -0.00855078455061, 0.0140116941184, -0.00681952899322, 0.006422274746, -0.00230435328558, 0.00155187805649], [-0.000136382397613, 0.00183466612361, -0.000640529033262, 0.00195507053286, -0.0022599902004, 0.00487043056637, -0.0030961483717, 0.00513685960323, -0.00681952899322, 0.0156466774642, -0.0106124347076, 0.00787181034684, -0.0013322540326], [0.000955603201874, 0.000222643269808, 0.00178406736813, -0.00120630196761, 0.0029327198863, -0.00448146928102, 0.00412594154477, -0.00320363300852, 0.006422274746, -0.0106124347076, 0.0196336004883, -0.0115371262655, 0.00675028329715], [-0.000207956225495, 0.00148119207006, -0.000660555437207, 0.00196261540987, -0.0040183858946, 0.0050595421344, -0.00265101273544, 0.00278546754271, -0.00230435328558, 0.00787181034684, -0.0115371262655, 0.0185953620821, -0.00907940696925], [0.000951619818807, -0.000886476191226, 0.00175355037209, -0.000927985529415, 0.00350922881626, -0.00360503653064, 0.00363326119259, -0.00467298645526, 0.00155187805649, -0.0013322540326, 0.00675028329715, -0.00907940696925, 0.0137399556115]]
    },
    "spectral_contrast_coeffs": {
        "max": [-0.321339309216, -0.388491213322, -0.450866341591, -0.615975677967, -0.659945011139, -0.590659916401],
        "mean": [-0.669029355049, -0.702099859715, -0.711618304253, -0.794955551624, -0.837940454483, -0.805478870869],
        "min": [-0.893445849419, -0.910080850124, -0.90048289299, -0.943068623543, -0.910672307014, -0.949577331543],
        "stdev": [0.114049233496, 0.0891844779253, 0.0688036754727, 0.0579871535301, 0.0415096767247, 0.0585044026375]
    },
    "spectral_contrast_valleys": {
        "max": [-5.07080984116, -5.08861541748, -5.76082372665, -6.45930433273, -6.29545927048, -9.41037940979],
        "mean": [-7.36595344543, -7.46871137619, -8.55739593506, -9.05624961853, -9.23705768585, -11.8709850311],
        "min": [-9.49035453796, -9.6953792572, -10.581653595, -10.93592453, -10.5634355545, -12.3502540588],
        "stdev": [0.786660850048, 0.754910826683, 0.855079829693, 0.839313268661, 0.813704967499, 0.271033167839]
    }
},
"rhythm": {
    "beats_count": 131,
    "beats_loudness": {
        "max": 0.112390436232,
        "mean": 0.0231750681996,
        "min": 0.000523285008967,
        "stdev": 0.0230937488377
    },
    "bpm": 163.363540649,
    "bpm_histogram_first_peak_bpm": 161,
    "bpm_histogram_first_peak_weight": 0.298850536346,
    "bpm_histogram_second_peak_bpm": 167,
    "bpm_histogram_second_peak_spread": 0,
    "bpm_histogram_second_peak_weight": 0.261538475752,
    "danceability": 0.986665904522,
    "onset_rate": 2.6044921875,
    "beats_loudness_band_ratio": {
        "max": [0.871653914452, 0.973607540131, 0.82152557373, 0.766204535961, 0.345827817917, 0.210980445147],
        "mean": [0.286518245935, 0.408469408751, 0.218832373619, 0.139869183302, 0.0205534044653, 0.00522283511236],
        "min": [0.00386035605334, 0.0177987869829, 0.00154223362915, 0.000370150548406, 6.43340026727e-05, 9.83994905255e-05],
        "stdev": [0.235584050417, 0.263834744692, 0.198433697224, 0.202495440841, 0.0419191718102, 0.0194118414074]
    },
