{
"metadata": {
    "version": {
        "essentia": "2.1-beta5",
        "essentia_git_sha": "Undefined",
        "extractor": "music 2.0"
    },
    "audio_properties": {
        "analysis": {
            "equal_loudness": 0,
            "length": 39.2301139832,
            "sample_rate": 44100,
            "start_time": 175.252609253,
            "downmix": "mix"
        },
        "bit_rate": 192000,
        "length": 214.505935669,
        "lossless": 0,
        "number_channels": 2,
        "replay_gain": 0.17972946167,
        "sample_rate": 44100,
        "codec": "mp3",
        "md5_encoded": "f03ed9786ec27d294b78eb7f9ef15f43"
    },
    "tags": {
        "file_name": "Israel_At Ve_ani_Shlomo Artzi.mp3",
        "encoding": ["Lavf58.29.100"]
    }
},
"lowlevel": {
    "average_loudness": 0.643037557602,
    "barkbands_crest": {
        "max": 23.232421875,
        "mean": 8.73996543884,
        "min": 2.62414503098,
        "stdev": 4.37501811981
    },
    "barkbands_flatness_db": {
        "max": 0.36724615097,
        "mean": 0.141576364636,
        "min": 0.035400941968,
        "stdev": 0.0575929768384
    },
    "barkbands_kurtosis": {
        "max": 21.5836772919,
        "mean": 1.65236496925,
        "min": -1.8289283514,
        "stdev": 2.51662993431
    },
    "barkbands_skewness": {
        "max": 4.31561422348,
        "mean": 0.499169677496,
        "min": -2.22324848175,
        "stdev": 1.28783607483
    },
    "barkbands_spread": {
        "max": 64.6298828125,
        "mean": 18.3731632233,
        "min": 1.67427372932,
        "stdev": 8.35322666168
    },
    "dissonance": {
        "max": 0.500000059605,
        "mean": 0.46712359786,
        "min": 0.24224562943,
        "stdev": 0.0331675559282
    },
    "dynamic_complexity": 4.48087644577,
    "erbbands_crest": {
        "max": 24.0145492554,
        "mean": 8.22039604187,
        "min": 2.64095330238,
        "stdev": 4.11699581146
    },
    "erbbands_flatness_db": {
        "max": 0.44909375906,
        "mean": 0.201372697949,
        "min": 0.0774763450027,
        "stdev": 0.0734407454729
    },
    "erbbands_kurtosis": {
        "max": 6.27698230743,
        "mean": 0.10273591429,
        "min": -1.63323032856,
        "stdev": 1.07421970367
    },
    "erbbands_skewness": {
        "max": 2.3890171051,
        "mean": 0.138798967004,
        "min": -1.52561378479,
        "stdev": 0.606556952
    },
    "erbbands_spread": {
        "max": 104.364219666,
        "mean": 29.9591445923,
        "min": 3.1293592453,
        "stdev": 13.84715271
    },
    "hfc": {
        "max": 95.6134109497,
        "mean": 16.4676074982,
        "min": 1.03366355464e-16,
        "stdev": 14.5163526535
    },
    "loudness_ebu128": {
        "integrated": -24.4593887329,
        "loudness_range": 8.49579620361,
        "momentary": {
            "max": -21.1753330231,
            "mean": -67.7054214478,
            "min": -300.691009521,
            "stdev": 97.1564483643
        },
        "short_term": {
            "max": -22.4508895874,
            "mean": -51.796661377,
            "min": -300.691009521,
            "stdev": 77.2449569702
        }
    },
    "melbands_crest": {
        "max": 30.0677127838,
        "mean": 10.383649826,
        "min": 1.3372977972,
        "stdev": 6.65365982056
    },
    "melbands_flatness_db": {
        "max": 0.40454608202,
        "mean": 0.147708773613,
        "min": 0.00259443256073,
        "stdev": 0.0833180621266
    },
    "melbands_kurtosis": {
        "max": 48.6597099304,
        "mean": 4.16852712631,
        "min": -1.43047499657,
        "stdev": 6.58109617233
    },
    "melbands_skewness": {
        "max": 6.08261299133,
        "mean": 1.35830140114,
        "min": -0.486672908068,
        "stdev": 1.28126204014
    },
    "melbands_spread": {
        "max": 159.917724609,
        "mean": 40.047706604,
        "min": 3.19229435921,
        "stdev": 40.5824699402
    },
    "pitch_salience": {
        "max": 0.992123782635,
        "mean": 0.655623614788,
        "min": 0.225806877017,
        "stdev": 0.137308269739
    },
    "silence_rate_20dB": {
        "max": 1,
        "mean": 1,
        "min": 1,
        "stdev": 0
    },
    "silence_rate_30dB": {
        "max": 1,
        "mean": 1,
        "min": 1,
        "stdev": 0
    },
    "silence_rate_60dB": {
        "max": 1,
        "mean": 0.264340639114,
        "min": 0,
        "stdev": 0.440983057022
    },
    "spectral_centroid": {
        "max": 12044.8515625,
        "mean": 2862.87988281,
        "min": 391.824127197,
        "stdev": 3506.63867188
    },
    "spectral_complexity": {
        "max": 55,
        "mean": 16.577173233,
        "min": 0,
        "stdev": 10.9057893753
    },
    "spectral_decrease": {
        "max": 1.92290129918e-28,
        "mean": -4.33141833511e-09,
        "min": -2.70200484209e-08,
        "stdev": 4.09783673661e-09
    },
    "spectral_energy": {
        "max": 0.109271749854,
        "mean": 0.0178414527327,
        "min": 9.84556732411e-21,
        "stdev": 0.0166252218187
    },
    "spectral_energyband_high": {
        "max": 0.0113293156028,
        "mean": 0.000398695789045,
        "min": 6.87536288503e-21,
        "stdev": 0.000726196158212
    },
    "spectral_energyband_low": {
        "max": 0.0138873979449,
        "mean": 0.000808313023299,
        "min": 7.28287116208e-24,
        "stdev": 0.0012511810055
    },
    "spectral_energyband_middle_high": {
        "max": 0.0671314671636,
        "mean": 0.00613499293104,
        "min": 1.08487100133e-21,
        "stdev": 0.00687954435125
    },
    "spectral_energyband_middle_low": {
        "max": 0.0792581364512,
        "mean": 0.0110058141872,
        "min": 1.40044393911e-22,
        "stdev": 0.012539928779
    },
    "spectral_entropy": {
        "max": 9.82678890228,
        "mean": 7.84437942505,
        "min": 5.99398422241,
        "stdev": 0.902737438679
    },
    "spectral_flux": {
        "max": 0.257137060165,
        "mean": 0.0574083998799,
        "min": 6.37563127293e-11,
        "stdev": 0.0397969074547
    },
    "spectral_kurtosis": {
        "max": 85.6576385498,
        "mean": 6.19174909592,
        "min": -1.27512276173,
        "stdev": 10.4973106384
    },
    "spectral_rms": {
        "max": 0.0103250462562,
        "mean": 0.00348135246895,
        "min": 3.09926303371e-12,
        "stdev": 0.00229923939332
    },
    "spectral_rolloff": {
        "max": 20370.4101562,
        "mean": 4334.10839844,
        "min": 279.931640625,
        "stdev": 6249.55371094
    },
    "spectral_skewness": {
        "max": 6.85414600372,
        "mean": 1.39997684956,
        "min": -0.103254474699,
        "stdev": 0.957026720047
    },
    "spectral_spread": {
        "max": 42923728,
        "mean": 9135645,
        "min": 838110.5625,
        "stdev": 13458566
    },
    "spectral_strongpeak": {
        "max": 8.32370185852,
        "mean": 1.08339202404,
        "min": 0,
        "stdev": 1.14117074013
    },
    "zerocrossingrate": {
        "max": 0.52783203125,
        "mean": 0.129217818379,
        "min": 0.02099609375,
        "stdev": 0.160770431161
    },
    "barkbands": {
        "max": [0.000474591943203, 0.00270740641281, 0.00852880626917, 0.0163080710918, 0.0318279564381, 0.0588518939912, 0.010529300198, 0.026603763923, 0.031388297677, 0.0321304351091, 0.0345767773688, 0.0210688523948, 0.0147488024086, 0.0104329222813, 0.0158432479948, 0.00483574578539, 0.00386843224987, 0.00406276527792, 0.0047214506194, 0.00135669484735, 0.00419225962833, 0.00608619302511, 0.00202181329951, 0.00135687249713, 0.000153045053594, 1.40936872413e-05, 7.5717900927e-07],
        "mean": [1.37684783112e-05, 0.000129438951262, 0.000380009121727, 0.000923056912143, 0.00182060257066, 0.00490479404107, 0.000560066662729, 0.00110646360554, 0.00129486550577, 0.000923782761674, 0.00101078266744, 0.000602073676419, 0.00106475735083, 0.000584544672165, 0.000577942002565, 0.000463958393084, 0.000444312085165, 0.000325086119119, 0.000225471900194, 0.000153112327098, 0.000107623738586, 0.000117654395581, 6.30924623692e-05, 3.36271441483e-05, 9.72605630523e-06, 8.29474743114e-07, 1.26922772292e-09],
        "min": [6.99604868321e-26, 1.02445194659e-24, 9.66753772514e-25, 4.12279724816e-26, 9.71673661321e-24, 3.20078537356e-24, 5.81374394385e-24, 5.37240900511e-24, 1.04932313349e-23, 8.37166723866e-24, 7.55924621364e-24, 2.60949539203e-23, 2.18090694668e-23, 2.9903362956e-23, 3.83402618918e-23, 3.2845697381e-23, 5.66943604074e-23, 8.5680707271e-23, 1.14889096391e-22, 1.31073126909e-22, 2.15847136388e-22, 2.73239152758e-22, 3.49182224124e-22, 5.30831748022e-22, 7.62160551043e-22, 1.2169065764e-21, 1.86207322394e-21],
        "stdev": [2.14329938899e-05, 0.000231497528148, 0.000723758130334, 0.00169034383725, 0.00311445700936, 0.00928460154682, 0.00107541889884, 0.0023517224472, 0.00283935549669, 0.00247579952702, 0.00242538424209, 0.00125377590302, 0.0017740984913, 0.00103324803058, 0.00110252934974, 0.000678003882058, 0.000592002819758, 0.000469163933303, 0.000340500497259, 0.000184019518201, 0.000211846330785, 0.000339111546054, 0.000127834486193, 5.71640739508e-05, 1.51009744513e-05, 1.48676303979e-06, 1.84270962933e-08]
    },
    "erbbands": {
        "max": [0.0283370986581, 0.881693422794, 7.13421106339, 31.7077484131, 76.1868743896, 142.260543823, 227.420669556, 751.077819824, 200.123703003, 197.701278687, 735.691223145, 802.323608398, 816.507324219, 1401.49353027, 1487.78845215, 716.16595459, 729.40612793, 599.580932617, 815.996032715, 443.735473633, 258.530548096, 202.788192749, 294.088226318, 138.096160889, 265.754882812, 67.517616272, 100.507598877, 212.632904053, 233.059005737, 202.037948608, 59.1694946289, 50.5689964294, 9.98876571655, 2.67702770233, 0.678515851498, 0.131399139762, 0.0114931212738, 0.000492996361572, 0.000111551649752, 0.000128810104798],
        "mean": [0.00180702377111, 0.0410776846111, 0.357014983892, 1.66338670254, 4.25218868256, 7.19380903244, 13.3930931091, 54.5399169922, 14.6159915924, 14.7879867554, 24.1921577454, 34.2673225403, 29.0946273804, 28.0792293549, 43.9930686951, 26.8342514038, 49.0725288391, 33.9624099731, 34.9155158997, 23.8862628937, 24.8921394348, 23.8873672485, 21.7275123596, 9.985912323, 12.3903388977, 7.29265403748, 4.61795854568, 4.42117214203, 4.15435171127, 3.07006168365, 1.69390642643, 0.9724573493, 0.423695325851, 0.155267193913, 0.0450192987919, 0.00858331844211, 0.000610544579104, 2.23091028602e-05, 1.21260181913e-05, 2.19745979848e-05],
        "min": [6.08281934992e-23, 3.17830720805e-22, 2.11090393482e-21, 3.74031685951e-21, 8.19737117951e-21, 2.44198951812e-20, 2.90975191503e-20, 4.41881240319e-20, 6.70716297761e-20, 1.66587144333e-19, 1.94930268302e-19, 2.6020711002e-19, 3.38344477687e-19, 3.83189376663e-19, 6.28678875634e-19, 1.39222903316e-18, 1.31018626147e-18, 1.71627982986e-18, 2.3808487281e-18, 1.87239528123e-18, 2.72467358754e-18, 3.91466450895e-18, 4.24358502132e-18, 6.1660036365e-18, 5.85293934929e-18, 7.34816219148e-18, 8.7216112262e-18, 8.25094545766e-18, 1.1172216509e-17, 8.94290850984e-18, 9.57029936186e-18, 9.81586198877e-18, 9.20535058433e-18, 6.72637135221e-18, 5.74583434922e-18, 3.4776112246e-18, 2.09683357645e-18, 9.62979163909e-19, 2.30911345403e-19, 2.52169628652e-20],
        "stdev": [0.00252459547482, 0.0714149698615, 0.619061946869, 2.75646090508, 7.59784317017, 13.5773096085, 20.7679462433, 113.94846344, 23.3907585144, 23.5758800507, 59.0716438293, 72.0531082153, 70.7601776123, 78.7550048828, 94.4872283936, 48.4314498901, 84.9437408447, 50.6187896729, 61.0881233215, 35.716468811, 35.7992744446, 32.2266159058, 32.6886711121, 12.1252450943, 18.6856994629, 8.37211704254, 6.56118345261, 10.8806934357, 11.6289491653, 8.93775653839, 3.21829342842, 1.86250972748, 0.633783340454, 0.235634490848, 0.0711007714272, 0.0141862453893, 0.00112909264863, 3.43614847225e-05, 1.11612007458e-05, 1.99869682547e-05]
    },
    "gfcc": {
        "mean": [-237.746124268, 93.0370635986, -149.022872925, 16.6816616058, -65.4762420654, 4.23496675491, -40.9046287537, -5.85132980347, -16.7331962585, -10.3891897202, -5.73903894424, -9.02984142303, -2.17891526222],
        "cov": [[206939.15625, 16907.9804688, -27018.984375, 5656.34570312, -13497.4208984, 1380.44567871, -7989.765625, -1067.60742188, -3692.66674805, -1799.71484375, -1148.23803711, -1797.55078125, -432.25668335], [16907.9804688, 2251.93945312, -2696.43139648, -148.921676636, -998.977416992, -170.635009766, -693.21484375, -205.10345459, -230.178833008, -296.70324707, -47.3176422119, -225.707611084, -32.2701263428], [-27018.984375, -2696.43139648, 4795.4296875, 107.099113464, 1569.99145508, -26.1725177765, 1015.01452637, 172.361557007, 292.337402344, 382.585662842, 74.5952453613, 256.240509033, -16.628692627], [5656.34570312, -148.921676636, 107.099113464, 1065.13476562, -463.253814697, 260.529815674, -239.403900146, 16.5822162628, -227.17250061, 70.255859375, -86.9303512573, -15.6626148224, -34.6084899902], [-13497.4208984, -998.977416992, 1569.99145508, -463.253814697, 1004.14373779, -89.6207275391, 526.13873291, 65.5958175659, 263.135650635, 81.5636444092, 74.0839233398, 100.879173279, 38.6376609802], [1380.44567871, -170.635009766, -26.1725177765, 260.529815674, -89.6207275391, 282.728881836, 51.5857810974, 31.6037311554, -80.848449707, 28.2773075104, -68.0413894653, -35.215675354, -29.0128250122], [-7989.765625, -693.21484375, 1015.01452637, -239.403900146, 526.13873291, 51.5857810974, 436.005889893, 63.8335075378, 128.038024902, 54.2478370667, 35.223575592, 44.8663406372, 7.69186782837], [-1067.60742188, -205.10345459, 172.361557007, 16.5822162628, 65.5958175659, 31.6037311554, 63.8335075378, 83.8982772827, 33.5517730713, 37.9139709473, -7.95587301254, 27.1262760162, -0.76492780447], [-3692.66674805, -230.178833008, 292.337402344, -227.17250061, 263.135650635, -80.848449707, 128.038024902, 33.5517730713, 170.588302612, 29.8017272949, 42.6828269958, 31.7098999023, 27.8453578949], [-1799.71484375, -296.70324707, 382.585662842, 70.255859375, 81.5636444092, 28.2773075104, 54.2478370667, 37.9139709473, 29.8017272949, 97.3966903687, 10.3690080643, 37.1263694763, -10.6115703583], [-1148.23803711, -47.3176422119, 74.5952453613, -86.9303512573, 74.0839233398, -68.0413894653, 35.223575592, -7.95587301254, 42.6828269958, 10.3690080643, 76.715385437, 39.9419898987, 26.3535785675], [-1797.55078125, -225.707611084, 256.240509033, -15.6626148224, 100.879173279, -35.215675354, 44.8663406372, 27.1262760162, 31.7098999023, 37.1263694763, 39.9419898987, 87.5761184692, 30.0204467773], [-432.25668335, -32.2701263428, -16.628692627, -34.6084899902, 38.6376609802, -29.0128250122, 7.69186782837, -0.76492780447, 27.8453578949, -10.6115703583, 26.3535785675, 30.0204467773, 55.8723526001]],
        "icov": [[0.000353772426024, -0.000731415930204, 0.000861421867739, -0.000815049861558, 0.00163769023493, -0.000605002744123, 0.000852101831697, -0.000970756169409, 0.000857992912643, -0.000134447109303, -0.000100853132608, 0.000255355756963, -5.4011499742e-05], [-0.000731415930204, 0.00474974699318, -0.00113700481597, 0.00257833488286, -0.00243280990981, 0.00265190238133, -3.63562685379e-05, 0.00288147106767, -0.000590451993048, 0.00299063231796, -0.00102542492095, 0.00302465399727, 0.00116803252604], [0.000861421867739, -0.00113700481597, 0.00402851030231, -0.00359632563777, 0.00276481290348, 0.00197429442778, -0.00157941540238, -0.000440561852884, 0.00329353054985, -0.00372585956939, 0.00239431648515, -0.000138111383421, 0.000899474194739], [-0.000815049861558, 0.00257833488286, -0.00359632563777, 0.00594081310555, -0.00207551033236, -0.00268707727082, 0.00351838790812, 0.000330637791194, -0.000770759477746, 0.00278793182224, -0.0027054368984, 0.001708558877, -0.00137512409128], [0.00163769023493, -0.00243280990981, 0.00276481290348, -0.00207551033236, 0.0133788669482, -0.0032572876662, 0.00274217105471, -0.00345653761178, 0.000745455152355, 0.0023794437293, -0.000446212477982, 0.00103915645741, -0.000833537662402], [-0.000605002744123, 0.00265190238133, 0.00197429442778, -0.00268707727082, -0.0032572876662, 0.0156191894785, -0.0122989285737, 0.00407063448802, 0.00323727284558, -0.00797769334167, 0.00942706875503, 0.00126980105415, -0.000371106609236], [0.000852101831697, -3.63562685379e-05, -0.00157941540238, 0.00351838790812, 0.00274217105471, -0.0122989285737, 0.0215435549617, -0.00910716876388, 0.00118180538993, 0.0104636317119, -0.0118181398138, 0.00676930136979, 0.000242737558438], [-0.000970756169409, 0.00288147106767, -0.000440561852884, 0.000330637791194, -0.00345653761178, 0.00407063448802, -0.00910716876388, 0.0249685738236, -0.00708504253998, -0.00564387859777, 0.0103411460295, -0.00936742965132, 0.00294194300659], [0.000857992912643, -0.000590451993048, 0.00329353054985, -0.000770759477746, 0.000745455152355, 0.00323727284558, 0.00118180538993, -0.00708504253998, 0.0192593745887, -0.00696008978412, -0.00227390299551, 0.00747143710032, -0.00615672348067], [-0.000134447109303, 0.00299063231796, -0.00372585956939, 0.00278793182224, 0.0023794437293, -0.00797769334167, 0.0104636317119, -0.00564387859777, -0.00696008978412, 0.0315366722643, -0.0105554135516, -0.00262333475985, 0.00984592735767], [-0.000100853132608, -0.00102542492095, 0.00239431648515, -0.0027054368984, -0.000446212477982, 0.00942706875503, -0.0118181398138, 0.0103411460295, -0.00227390299551, -0.0105554135516, 0.0315567068756, -0.0126606877893, -0.00431673228741], [0.000255355756963, 0.00302465399727, -0.000138111383421, 0.001708558877, 0.00103915645741, 0.00126980105415, 0.00676930136979, -0.00936742965132, 0.00747143710032, -0.00262333475985, -0.0126606877893, 0.0321793034673, -0.0119198495522], [-5.4011499742e-05, 0.00116803252604, 0.000899474194739, -0.00137512409128, -0.000833537662402, -0.000371106609236, 0.000242737558438, 0.00294194300659, -0.00615672348067, 0.00984592735767, -0.00431673228741, -0.0119198495522, 0.0313402190804]]
    },
    "melbands": {
        "max": [0.000491833663546, 0.00286006252281, 0.00619030743837, 0.00828717276454, 0.00706371245906, 0.014304398559, 0.0029086873401, 0.002697925549, 0.00614955741912, 0.00443401932716, 0.00421332614496, 0.00561852892861, 0.00497996900231, 0.00270560127683, 0.00123270507902, 0.00207194080576, 0.00132826098707, 0.00107346940786, 0.000926174514461, 0.000485399388708, 0.000393420719774, 0.000247127260081, 0.00026525388239, 0.000184093732969, 0.000116292343591, 0.000190549239051, 0.000115109520266, 4.88205951115e-05, 5.60640910408e-05, 9.84778016573e-05, 0.000139311814564, 0.000162228141562, 0.00016494729789, 7.47373269405e-05, 3.13680029649e-05, 4.60476403532e-05, 2.4069677238e-05, 7.17292414265e-06, 3.72559793504e-06, 2.02033379537e-06],
        "mean": [2.6319794415e-05, 0.000148722159793, 0.00038610608317, 0.000401326804422, 0.000458860944491, 0.00109596794937, 0.000206551078008, 0.000176896923222, 0.000206122887903, 0.000205653370358, 0.000140387157444, 0.000106737141323, 0.00015045850887, 8.06528551038e-05, 8.05049348855e-05, 0.000104206206743, 5.88150978729e-05, 5.56945014978e-05, 3.72706490452e-05, 3.43810279446e-05, 2.72265988315e-05, 2.63267174887e-05, 2.16351418203e-05, 1.50281621245e-05, 7.05552201907e-06, 8.83700886334e-06, 7.46647856431e-06, 4.23700112151e-06, 3.02184616885e-06, 2.49331355917e-06, 2.6042907848e-06, 2.36122923525e-06, 2.19970593207e-06, 1.45755689118e-06, 9.87455791801e-07, 7.86990483448e-07, 5.12032045208e-07, 3.22530098629e-07, 1.97813292857e-07, 1.0444085774e-07],
        "min": [4.5664628518e-25, 1.41885301413e-24, 8.83217642778e-25, 1.72327315556e-24, 1.20443006908e-24, 7.6848295171e-25, 9.77178470769e-25, 1.5995872598e-24, 1.53695209835e-24, 1.52496091956e-24, 1.54556833298e-24, 1.42164676503e-24, 1.25284768904e-24, 2.99030663443e-24, 2.26633348297e-24, 2.68811768747e-24, 3.14645632581e-24, 3.28398041957e-24, 2.56423378762e-24, 2.56704903497e-24, 2.37499986152e-24, 3.45084915292e-24, 3.04418465096e-24, 4.00591771825e-24, 4.23609904735e-24, 3.62745736023e-24, 3.75631029492e-24, 4.27060737322e-24, 4.52895498094e-24, 4.02243804332e-24, 4.23336682761e-24, 5.33730863913e-24, 5.22093114523e-24, 3.77151953317e-24, 5.4684421707e-24, 5.45964321616e-24, 5.48298403263e-24, 6.02045784432e-24, 5.04792803226e-24, 5.24119737631e-24],
        "stdev": [4.19413190684e-05, 0.000246130279265, 0.000654720410239, 0.000712647859473, 0.000681083416566, 0.0022093958687, 0.000333462026902, 0.000292171724141, 0.00049909070367, 0.000429408421041, 0.000358616089216, 0.000329251633957, 0.000364906620234, 0.000159441551659, 0.000149495303049, 0.000170042010723, 0.000100066463347, 9.68820386333e-05, 6.9728892413e-05, 4.90247221023e-05, 4.40717922174e-05, 3.71285241272e-05, 3.15123070322e-05, 2.11273691093e-05, 9.59316002991e-06, 1.46543789015e-05, 1.02470576167e-05, 5.12819178766e-06, 4.26262340625e-06, 4.97827022627e-06, 6.91616833137e-06, 6.61892090648e-06, 7.64831111155e-06, 3.75932609131e-06, 1.87485204606e-06, 1.63431423061e-06, 9.48226215769e-07, 4.8173308187e-07, 3.06691333662e-07, 1.62251737379e-07]
    },
    "melbands128": {
        "max": [0.000211718608625, 0.000131790991873, 0.000471190462122, 0.00162449700292, 0.00327691086568, 0.00466168997809, 0.00582241686061, 0.00938664656132, 0.00753066502512, 0.0123845804483, 0.00991578400135, 0.00848942715675, 0.0105694420636, 0.0154473483562, 0.0260296799242, 0.0187461785972, 0.00490091973916, 0.0034465608187, 0.00431083841249, 0.00267061963677, 0.00573749560863, 0.00517129478976, 0.0117702428252, 0.0108167538419, 0.0102070681751, 0.00890490412712, 0.0113077070564, 0.0076257660985, 0.00622779503465, 0.0108467051759, 0.00905833765864, 0.00382941868156, 0.00835759006441, 0.00731727574021, 0.00436605745926, 0.0029288767837, 0.00181315746158, 0.00138516444713, 0.00315794628114, 0.00315885804594, 0.003918397706, 0.00230437866412, 0.00246873055585, 0.00162037322298, 0.00209762109444, 0.00207462767139, 0.00399646768346, 0.00192271731794, 0.000674244365655, 0.000680320546962, 0.000556289684027, 0.000691448512953, 0.000821682217065, 0.000834247854073, 0.000641029851977, 0.00053192616906, 0.00050218909746, 0.000399663491407, 0.000584229361266, 0.000757936271839, 0.000174992412212, 0.000163248521858, 0.000195917236852, 0.000146610662341, 0.000155341433128, 0.000415868009441, 0.000408043328207, 0.000230254518101, 0.000117257128295, 0.000100598925201, 9.67018277152e-05, 5.19855238963e-05, 6.9409936259e-05, 5.8368077589e-05, 5.61609704164e-05, 8.07328397059e-05, 0.000167257705471, 0.000182693038369, 0.000172630214365, 0.000244337454205, 0.000128850515466, 0.000197659726837, 0.000147966682562, 0.000182150964974, 0.000277903367532, 8.17316540633e-05, 4.32222295785e-05, 3.76340067305e-05, 4.4417927711e-05, 3.70412526536e-05, 3.96666291635e-05, 6.05714521953e-05, 3.89648412238e-05, 2.11297137866e-05, 1.71057163243e-05, 8.03269722383e-06, 6.77700245433e-06, 4.80914241052e-06, 4.0761060518e-06, 5.25639552507e-06, 2.15300246964e-06, 2.31636613535e-06, 1.65284325249e-06, 1.76606079094e-06, 9.85721271718e-07, 7.70445467424e-07, 5.29496389845e-07, 5.54821156129e-07, 2.26889866894e-07, 1.98782231564e-07, 1.29323353804e-07, 8.11998290828e-08, 2.92763715493e-08, 4.25943902371e-09, 4.06460065605e-09, 3.87298104698e-09, 3.76026276783e-09, 3.59931240368e-09, 3.46895112635e-09, 3.37248251547e-09, 3.2712046405e-09, 3.18131454513e-09, 3.1350391172e-09, 3.0336919643e-09, 2.97326052667e-09, 2.93749757851e-09, 2.87774248875e-09, 2.86261725435e-09],
        "mean": [8.75361456565e-06, 9.08154106583e-06, 2.56435432675e-05, 7.327246567e-05, 0.000144646124681, 0.000198984591407, 0.000269492826192, 0.000560621905606, 0.000390978442738, 0.000376375479391, 0.000433452834841, 0.000321577477735, 0.000295196135994, 0.000739827111829, 0.0017025048146, 0.00101757259108, 0.000203528688871, 9.87020757748e-05, 0.000128609724925, 0.000143199635204, 0.000237693966483, 0.000176418252522, 0.000216365413507, 0.00018333447224, 0.000279146130197, 0.000188591235201, 0.000116667622933, 0.000180348928552, 9.69012326095e-05, 0.000115156428365, 9.75887378445e-05, 0.000109612396045, 0.000188563702977, 0.000160459429026, 8.14085215097e-05, 6.46636399324e-05, 6.40708894935e-05, 4.56710185972e-05, 0.000129427557113, 0.000120902339404, 0.000114275928354, 5.0537440984e-05, 5.34883693035e-05, 6.94065747666e-05, 4.78857618873e-05, 5.1051407354e-05, 7.26568396203e-05, 3.40040678566e-05, 2.33912342082e-05, 2.91280121019e-05, 3.77573087462e-05, 4.19783245889e-05, 2.04182288144e-05, 2.66678089247e-05, 2.80282529275e-05, 3.10528994305e-05, 1.65349447343e-05, 2.45605606324e-05, 1.7353295334e-05, 2.95280315186e-05, 1.26251916299e-05, 8.80145580595e-06, 7.34859759177e-06, 6.91533296049e-06, 5.59603495276e-06, 7.67269921198e-06, 1.27479679577e-05, 8.95927951206e-06, 5.64779793422e-06, 6.3621382651e-06, 3.75157242161e-06, 3.66282370123e-06, 3.71830878976e-06, 2.73799446404e-06, 2.23770052798e-06, 2.86046838482e-06, 2.29545958064e-06, 2.49023764809e-06, 2.79151390714e-06, 2.60939623331e-06, 2.26593829211e-06, 2.32581555792e-06, 2.29667830354e-06, 2.2546657874e-06, 2.11083465729e-06, 1.69976340203e-06, 1.18496404866e-06, 1.03485797354e-06, 1.01075113434e-06, 9.12114728635e-07, 8.93754872777e-07, 7.12042719897e-07, 6.88180932684e-07, 5.03064427448e-07, 4.36542677562e-07, 3.539296074e-07, 3.30397000425e-07, 2.12544605915e-07, 2.15215791854e-07, 1.82558395068e-07, 1.27428492647e-07, 8.70286029908e-08, 8.3094562342e-08, 5.85294266386e-08, 5.23205336833e-08, 3.69525956501e-08, 2.29541701202e-08, 1.93795806069e-08, 1.29216219946e-08, 7.40783123732e-09, 4.87374673952e-09, 1.84628212718e-09, 1.30848609725e-10, 8.83494666315e-12, 6.66716161446e-12, 6.42489533798e-12, 6.16358353245e-12, 5.86938570662e-12, 5.71479452302e-12, 5.61437181468e-12, 5.479565586e-12, 5.3778587486e-12, 5.28639111652e-12, 5.1482308e-12, 5.10096262105e-12, 5.07149313864e-12, 5.02613619127e-12, 4.99054356867e-12],
        "min": [1.10956059658e-26, 2.69318666112e-25, 1.99104967256e-25, 2.89788004229e-25, 1.93714458823e-25, 4.07348937402e-25, 2.1017468256e-25, 2.28022894734e-26, 3.45827154518e-25, 3.23401194837e-25, 4.39959954186e-25, 4.67980737273e-25, 4.7908311635e-25, 6.12968194753e-25, 1.3946175801e-25, 2.08583993848e-25, 3.66945108862e-25, 3.07296722717e-25, 7.7514961522e-25, 4.23925123692e-25, 4.57386729747e-25, 6.88629914933e-25, 2.2906168896e-25, 1.12787092101e-25, 8.1509403089e-25, 5.02748795595e-25, 5.69402858225e-25, 3.57052891718e-25, 1.02402803246e-24, 5.75748455346e-25, 4.8282852932e-25, 7.50579260428e-25, 3.01285997049e-25, 9.83687855136e-25, 1.02086233365e-24, 8.42190663427e-25, 1.01318306856e-24, 4.69755427791e-25, 1.18286103421e-24, 1.0706321598e-24, 6.47381610794e-25, 8.42614183126e-25, 1.04889588642e-24, 1.04119906918e-24, 8.66421709422e-25, 1.59797384203e-24, 1.50040545451e-24, 1.02751430462e-24, 1.43951821162e-24, 8.25263335427e-25, 1.21256785957e-24, 8.58211442336e-25, 1.12405953955e-24, 1.09181258207e-24, 7.76482839453e-25, 1.68584367776e-24, 1.55292692611e-24, 1.1159118883e-24, 9.09060134388e-25, 2.63925978452e-24, 2.12238175055e-24, 1.78019223088e-24, 2.01581334757e-24, 1.83345335819e-24, 1.2957801619e-24, 1.61016687061e-24, 1.77239453805e-24, 2.12008892633e-24, 2.86822350681e-24, 2.24135558291e-24, 2.49238571688e-24, 1.19384917636e-24, 1.98324325295e-24, 2.37267173578e-24, 2.5723675352e-24, 1.98319710459e-24, 2.87278371449e-24, 2.49319824361e-24, 2.72821844551e-24, 2.35498133276e-24, 2.39114291387e-24, 3.7958740359e-24, 3.36803690168e-24, 2.75299459439e-24, 2.42136575287e-24, 2.3728922224e-24, 2.87646394783e-24, 3.16827661287e-24, 3.34365794426e-24, 2.71547991961e-24, 3.65853650775e-24, 4.20920993454e-24, 3.84169304943e-24, 3.74590876946e-24, 3.37204194849e-24, 3.59952379558e-24, 3.68261135928e-24, 3.83922825353e-24, 3.26328070941e-24, 3.41230895897e-24, 2.75285417715e-24, 3.55768103544e-24, 3.85896791996e-24, 4.13511301857e-24, 3.66131448142e-24, 3.63024282809e-24, 3.94280529595e-24, 2.85757289852e-24, 4.71278678756e-24, 4.81999337901e-24, 4.08397037722e-24, 2.97438899908e-24, 4.5413483802e-24, 4.59814952081e-24, 4.78170285953e-24, 5.11357348692e-24, 5.03027884722e-24, 5.40395910258e-24, 5.14770868158e-24, 4.18829486535e-24, 4.13182977948e-24, 5.0912021805e-24, 4.97330494607e-24, 5.2594780445e-24, 5.11940316901e-24, 5.43617223765e-24, 5.37919833649e-24, 5.27494326812e-24],
        "stdev": [1.12252573672e-05, 1.34809606607e-05, 4.42864293291e-05, 0.000142023767694, 0.000258562940871, 0.000399283570005, 0.000464525277494, 0.00108672352508, 0.000772144412622, 0.000831430603284, 0.00092689919984, 0.000717153830919, 0.000658918812405, 0.00148602714762, 0.00388019601814, 0.00220664823428, 0.00048317736946, 0.000203993418836, 0.00036811438622, 0.000252218917012, 0.000525872339495, 0.00045481993584, 0.0008227872313, 0.000578709354158, 0.000799981527962, 0.000486201170133, 0.000473243271699, 0.000575517828111, 0.000353614625055, 0.00049145828234, 0.000409723055782, 0.000316056713928, 0.000652917078696, 0.00036471534986, 0.000234107676079, 0.000193331841729, 0.000150759515236, 0.000119681753858, 0.000348004803527, 0.000276644073892, 0.000260289933067, 0.000128266474348, 0.000131581386086, 0.000140947347973, 0.000143280558405, 0.000117348550702, 0.000193322935957, 9.72010602709e-05, 5.09082638018e-05, 6.25974498689e-05, 6.36500699329e-05, 6.90108427079e-05, 5.70301745029e-05, 6.9690257078e-05, 5.36652187293e-05, 6.57854034216e-05, 3.68493965652e-05, 4.39340074081e-05, 3.70339221263e-05, 6.97268842487e-05, 2.11438618862e-05, 1.58300117619e-05, 1.30502003231e-05, 1.12496400106e-05, 1.10784358185e-05, 1.78282298293e-05, 2.6209931093e-05, 1.87991390703e-05, 1.0068989468e-05, 9.72520410869e-06, 6.47006390864e-06, 5.18960314366e-06, 5.75954572923e-06, 4.83047824673e-06, 3.76374146072e-06, 5.04829995407e-06, 6.41091310172e-06, 7.28677332518e-06, 7.37827713237e-06, 8.43142333906e-06, 6.1840764829e-06, 7.40362293072e-06, 7.68365498516e-06, 9.15988130146e-06, 8.63314289745e-06, 4.51900132248e-06, 2.81000802715e-06, 2.1367482077e-06, 2.13829207496e-06, 1.84015266314e-06, 1.81171856184e-06, 1.8810990241e-06, 1.43694649068e-06, 9.64371906775e-07, 8.15861426418e-07, 5.46353078335e-07, 5.2017486496e-07, 3.56123877054e-07, 3.4482698652e-07, 3.37225316116e-07, 1.9335762147e-07, 1.55816763936e-07, 1.37860425298e-07, 1.08114022623e-07, 9.11203770215e-08, 6.50967493243e-08, 3.81769709179e-08, 3.95007511145e-08, 2.37565469519e-08, 1.46838585735e-08, 9.78141034835e-09, 5.44023182059e-09, 1.27631349933e-09, 1.17138937439e-10, 9.89011580965e-11, 9.42427941242e-11, 9.15021947101e-11, 8.75919892174e-11, 8.44221914598e-11, 8.20743542573e-11, 7.9609832615e-11, 7.74232830625e-11, 7.62963997536e-11, 7.38327940453e-11, 7.23629559052e-11, 7.1491944309e-11, 7.00408134269e-11, 6.96717267212e-11]
    },
    "mfcc": {
        "mean": [-757.738037109, 106.246246338, -30.9973945618, 2.30782699585, -8.77455234528, -2.41194868088, -13.3514766693, -3.23133945465, -10.4730424881, -4.22783946991, -6.24656248093, -3.44990205765, -5.02457380295],
        "cov": [[59469.6289062, 8144.84619141, -1186.86999512, 1764.34924316, -1004.89953613, 331.187805176, -1053.16247559, -265.624359131, -1176.79797363, -359.144897461, -574.58380127, -387.970306396, -639.716796875], [8144.84619141, 3239.41918945, -1195.41796875, -359.744873047, -222.136672974, -314.892791748, -377.126373291, -122.587524414, -257.769744873, -134.629699707, -132.719940186, -75.7916183472, -107.841705322], [-1186.86999512, -1195.41796875, 1187.63818359, 520.054626465, 65.3466796875, 194.263931274, 146.862503052, -26.6440296173, 10.5778207779, 18.1511421204, 59.4831542969, -21.6289367676, -13.0939559937], [1764.34924316, -359.744873047, 520.054626465, 487.840393066, 63.9491119385, 85.4871292114, -1.61210691929, -30.0943622589, -58.9281234741, -26.6572036743, -15.3538093567, -15.5926094055, -25.5414218903], [-1004.89953613, -222.136672974, 65.3466796875, 63.9491119385, 133.199325562, 17.9789962769, 0.388296663761, -5.1272444725, 30.0845661163, 3.67619609833, -3.45758581161, 6.00057554245, 9.79208564758], [331.187805176, -314.892791748, 194.263931274, 85.4871292114, 17.9789962769, 185.730606079, 106.208061218, 31.2127742767, 28.0717391968, 33.7978553772, 12.8521375656, -18.5230808258, -22.9326992035], [-1053.16247559, -377.126373291, 146.862503052, -1.61210691929, 0.388296663761, 106.208061218, 171.942138672, 59.0624198914, 39.7065086365, 31.1305332184, 23.1304588318, -15.3494930267, -7.43667316437], [-265.624359131, -122.587524414, -26.6440296173, -30.0943622589, -5.1272444725, 31.2127742767, 59.0624198914, 74.7488327026, 41.3082809448, 16.3014240265, 3.25052690506, -1.97302639484, 3.35064554214], [-1176.79797363, -257.769744873, 10.5778207779, -58.9281234741, 30.0845661163, 28.0717391968, 39.7065086365, 41.3082809448, 96.7879104614, 46.92760849, 17.3748092651, 8.96240711212, 12.7378559113], [-359.144897461, -134.629699707, 18.1511421204, -26.6572036743, 3.67619609833, 33.7978553772, 31.1305332184, 16.3014240265, 46.92760849, 64.7902450562, 27.2879066467, -1.77890825272, -6.35623264313], [-574.58380127, -132.719940186, 59.4831542969, -15.3538093567, -3.45758581161, 12.8521375656, 23.1304588318, 3.25052690506, 17.3748092651, 27.2879066467, 55.1907653809, 16.4092979431, -0.18684656918], [-387.970306396, -75.7916183472, -21.6289367676, -15.5926094055, 6.00057554245, -18.5230808258, -15.3494930267, -1.97302639484, 8.96240711212, -1.77890825272, 16.4092979431, 51.047580719, 29.4636974335], [-639.716796875, -107.841705322, -13.0939559937, -25.5414218903, 9.79208564758, -22.9326992035, -7.43667316437, 3.35064554214, 12.7378559113, -6.35623264313, -0.18684656918, 29.4636974335, 63.0465660095]],
        "icov": [[9.30723617785e-05, -0.000215767126065, 0.000142209290061, -0.000610130024143, 0.000598883256316, -0.000656340445857, 0.000452131760539, -0.000343025603797, 0.00025241120602, -0.000337522302289, 0.000265995768132, -0.000101590070699, 6.07148940617e-05], [-0.000215767126065, 0.00151950633153, 0.000461720017483, 0.00152145314496, -0.000586661451962, 0.00154142943211, 0.000181345531018, 0.000996900489554, 0.000828482909128, 0.00105820375029, -0.000405032158596, 0.00143732433207, 0.00100866344292], [0.000142209290061, 0.000461720017483, 0.00381140923128, -0.00433339178562, 0.00262677692808, -0.00135144940577, -0.000924589461647, 0.003351256717, -0.00213679554872, 0.00198852177709, -0.00325992470607, 0.00300663127564, -0.000700511562172], [-0.000610130024143, 0.00152145314496, -0.00433339178562, 0.0110338618979, -0.00687919417396, 0.00281545403413, 0.000804426323157, -0.00217647687532, 0.00523981358856, -0.000187865123735, 0.00275976397097, -0.00187740218826, 0.0020927421283], [0.000598883256316, -0.000586661451962, 0.00262677692808, -0.00687919417396, 0.0149647174403, -0.00464007910341, 0.00283452286385, 0.00267582270317, -0.00531458342448, 0.0012639593333, 0.00157547742128, 0.000753438856918, -0.000134286849061], [-0.000656340445857, 0.00154142943211, -0.00135144940577, 0.00281545403413, -0.00464007910341, 0.0152273755521, -0.00893821474165, 0.00258984300308, -0.00215773633681, -0.00120622955728, 0.000116912684462, 0.000122387355077, 0.00216188817285], [0.000452131760539, 0.000181345531018, -0.000924589461647, 0.000804426323157, 0.00283452286385, -0.00893821474165, 0.0187632795423, -0.0119916154072, 0.00644056731835, -0.00229417858645, -0.000470545637654, 0.00351718929596, 0.00101316615473], [-0.000343025603797, 0.000996900489554, 0.003351256717, -0.00217647687532, 0.00267582270317, 0.00258984300308, -0.0119916154072, 0.0301182512194, -0.0158983319998, 0.00721946079284, -0.00185700855218, 0.00239499285817, -0.00163461861666], [0.00025241120602, 0.000828482909128, -0.00213679554872, 0.00523981358856, -0.00531458342448, -0.00215773633681, 0.00644056731835, -0.0158983319998, 0.0339023396373, -0.0193140190095, 0.00687779253349, -0.00407786574215, 0.000431754364399], [-0.000337522302289, 0.00105820375029, 0.00198852177709, -0.000187865123735, 0.0012639593333, -0.00120622955728, -0.00229417858645, 0.00721946079284, -0.0193140190095, 0.0362505465746, -0.0165110658854, 0.0080847190693, 0.00116254761815], [0.000265995768132, -0.000405032158596, -0.00325992470607, 0.00275976397097, 0.00157547742128, 0.000116912684462, -0.000470545637654, -0.00185700855218, 0.00687779253349, -0.0165110658854, 0.0356137938797, -0.0168758518994, 0.00722617004067], [-0.000101590070699, 0.00143732433207, 0.00300663127564, -0.00187740218826, 0.000753438856918, 0.000122387355077, 0.00351718929596, 0.00239499285817, -0.00407786574215, 0.0080847190693, -0.0168758518994, 0.0375119373202, -0.0144348824397], [6.07148940617e-05, 0.00100866344292, -0.000700511562172, 0.0020927421283, -0.000134286849061, 0.00216188817285, 0.00101316615473, -0.00163461861666, 0.000431754364399, 0.00116254761815, 0.00722617004067, -0.0144348824397, 0.0267158877105]]
    },
    "spectral_contrast_coeffs": {
        "max": [-0.427574038506, -0.471215456724, -0.542370021343, -0.581844329834, -0.611004173756, -0.587253987789],
        "mean": [-0.71651750803, -0.774476885796, -0.792270481586, -0.804760396481, -0.799417316914, -0.783993244171],
        "min": [-0.99488723278, -0.999005615711, -0.997563421726, -0.985801696777, -0.988751471043, -0.96581351757],
        "stdev": [0.129024803638, 0.120105773211, 0.100984595716, 0.0883157923818, 0.080096937716, 0.0844181776047]
    },
    "spectral_contrast_valleys": {
        "max": [-5.43763589859, -5.10893058777, -4.5315694809, -5.45749664307, -5.89454984665, -8.46448230743],
        "mean": [-10.7285699844, -9.87511062622, -10.3267860413, -10.4711208344, -10.8424921036, -13.3882627487],
        "min": [-28.4388179779, -28.4741516113, -27.8220481873, -27.6505241394, -27.5733623505, -27.4326324463],
        "stdev": [7.17983293533, 7.48122262955, 7.28899383545, 7.21000623703, 7.11181497574, 6.09229660034]
    }
},
"rhythm": {
    "beats_count": 93,
    "beats_loudness": {
        "max": 0.0703093111515,
        "mean": 0.0223469194025,
        "min": 0,
        "stdev": 0.0190471336246
    },
    "bpm": 147.436935425,
    "bpm_histogram_first_peak_bpm": 148,
    "bpm_histogram_first_peak_weight": 0.568181812763,
    "bpm_histogram_second_peak_bpm": 140,
    "bpm_histogram_second_peak_spread": 0.423076868057,
    "bpm_histogram_second_peak_weight": 0.163043484092,
    "danceability": 0.967181146145,
    "onset_rate": 2.06412959099,
    "beats_loudness_band_ratio": {
        "max": [0.685740351677, 0.802989900112, 0.817167937756, 0.723606526852, 0.425712972879, 0.717145562172],
        "mean": [0.0903553590178, 0.242445111275, 0.197726711631, 0.192751377821, 0.124517142773, 0.0372089371085],
        "min": [0, 0, 0, 0, 0, 0],
        "stdev": [0.131176248193, 0.246171325445, 0.193651974201, 0.176245510578, 0.120966181159, 0.0793191716075]
    },
