{
"metadata": {
    "version": {
        "essentia": "2.1-beta5",
        "essentia_git_sha": "Undefined",
        "extractor": "music 2.0"
    },
    "audio_properties": {
        "analysis": {
            "equal_loudness": 0,
            "length": 47.8795471191,
            "sample_rate": 44100,
            "start_time": 178.735595703,
            "downmix": "mix"
        },
        "bit_rate": 192000,
        "length": 226.638381958,
        "lossless": 0,
        "number_channels": 2,
        "replay_gain": 0.00638008117676,
        "sample_rate": 48000,
        "codec": "mp3",
        "md5_encoded": "3819f9419931d9dba3e13504d3181649"
    },
    "tags": {
        "file_name": "Monaco_Une Chanson C_est Une Lettre_Sophie.mp3",
        "encoding": ["Lavf58.29.100"]
    }
},
"lowlevel": {
    "average_loudness": 0.622941672802,
    "barkbands_crest": {
        "max": 21.3860092163,
        "mean": 7.40066576004,
        "min": 2.46413469315,
        "stdev": 3.12179350853
    },
    "barkbands_flatness_db": {
        "max": 0.233783468604,
        "mean": 0.108209811151,
        "min": 0.0548396520317,
        "stdev": 0.0342390798032
    },
    "barkbands_kurtosis": {
        "max": 12.0101308823,
        "mean": 1.94731664658,
        "min": -1.69561052322,
        "stdev": 1.90815460682
    },
    "barkbands_skewness": {
        "max": 3.26620793343,
        "mean": -0.0480485334992,
        "min": -2.21558022499,
        "stdev": 1.34980523586
    },
    "barkbands_spread": {
        "max": 80.585144043,
        "mean": 21.6668891907,
        "min": 4.67372941971,
        "stdev": 9.39263153076
    },
    "dissonance": {
        "max": 0.5,
        "mean": 0.468147844076,
        "min": 0.332055360079,
        "stdev": 0.0349492616951
    },
    "dynamic_complexity": 4.85552930832,
    "erbbands_crest": {
        "max": 26.9047851562,
        "mean": 7.39521408081,
        "min": 2.61514306068,
        "stdev": 4.19945383072
    },
    "erbbands_flatness_db": {
        "max": 0.289159655571,
        "mean": 0.160950109363,
        "min": 0.0748870447278,
        "stdev": 0.0514709614217
    },
    "erbbands_kurtosis": {
        "max": 13.2830848694,
        "mean": 0.510023355484,
        "min": -1.67381155491,
        "stdev": 1.34660220146
    },
    "erbbands_skewness": {
        "max": 2.61654067039,
        "mean": 0.153262704611,
        "min": -3.05579662323,
        "stdev": 0.686342656612
    },
    "erbbands_spread": {
        "max": 108.686347961,
        "mean": 31.1488494873,
        "min": 5.25606632233,
        "stdev": 13.3157367706
    },
    "hfc": {
        "max": 170.499435425,
        "mean": 18.7690486908,
        "min": 1.05738100656e-16,
        "stdev": 24.1612491608
    },
    "loudness_ebu128": {
        "integrated": -23.6429462433,
        "loudness_range": 12.1357593536,
        "momentary": {
            "max": -20.5373935699,
            "mean": -108.164245605,
            "min": -300.691009521,
            "stdev": 125.31401062
        },
        "short_term": {
            "max": -21.4764480591,
            "mean": -97.3561553955,
            "min": -300.691009521,
            "stdev": 119.665214539
        }
    },
    "melbands_crest": {
        "max": 29.8959789276,
        "mean": 7.62177467346,
        "min": 1.47048425674,
        "stdev": 5.36581230164
    },
    "melbands_flatness_db": {
        "max": 0.251661837101,
        "mean": 0.0982830822468,
        "min": 0.0024540477898,
        "stdev": 0.0731002911925
    },
    "melbands_kurtosis": {
        "max": 49.7354507446,
        "mean": 2.70810556412,
        "min": -1.53550493717,
        "stdev": 5.0708694458
    },
    "melbands_skewness": {
        "max": 6.20694112778,
        "mean": 0.896565794945,
        "min": -0.841801822186,
        "stdev": 1.08152723312
    },
    "melbands_spread": {
        "max": 184.374298096,
        "mean": 59.8922119141,
        "min": 6.37409114838,
        "stdev": 49.7986221313
    },
    "pitch_salience": {
        "max": 0.883824110031,
        "mean": 0.675436735153,
        "min": 0.289143919945,
        "stdev": 0.138000205159
    },
    "silence_rate_20dB": {
        "max": 1,
        "mean": 1,
        "min": 1,
        "stdev": 0
    },
    "silence_rate_30dB": {
        "max": 1,
        "mean": 0.999515295029,
        "min": 0,
        "stdev": 0.0220113433897
    },
    "silence_rate_60dB": {
        "max": 1,
        "mean": 0.425109058619,
        "min": 0,
        "stdev": 0.494363665581
    },
    "spectral_centroid": {
        "max": 11904.828125,
        "mean": 4447.34619141,
        "min": 557.055297852,
        "stdev": 4371.890625
    },
    "spectral_complexity": {
        "max": 58,
        "mean": 14.1187591553,
        "min": 0,
        "stdev": 13.732126236
    },
    "spectral_decrease": {
        "max": 2.79864704309e-28,
        "mean": -3.35068373047e-09,
        "min": -3.03581622063e-08,
        "stdev": 4.11919920396e-09
    },
    "spectral_energy": {
        "max": 0.121031858027,
        "mean": 0.0143486708403,
        "min": 9.8642540127e-21,
        "stdev": 0.0174187142402
    },
    "spectral_energyband_high": {
        "max": 0.0160635523498,
        "mean": 0.000762488052715,
        "min": 6.95086896532e-21,
        "stdev": 0.00146021076944
    },
    "spectral_energyband_low": {
        "max": 0.0235332045704,
        "mean": 0.000881396525074,
        "min": 1.02144676125e-23,
        "stdev": 0.00212893774733
    },
    "spectral_energyband_middle_high": {
        "max": 0.0721078142524,
        "mean": 0.00685222819448,
        "min": 1.05308684882e-21,
        "stdev": 0.0101864747703
    },
    "spectral_energyband_middle_low": {
        "max": 0.0942834839225,
        "mean": 0.00622970564291,
        "min": 1.25470674625e-22,
        "stdev": 0.0101012922823
    },
    "spectral_entropy": {
        "max": 9.8277130127,
        "mean": 8.26330566406,
        "min": 6.61937713623,
        "stdev": 1.07806444168
    },
    "spectral_flux": {
        "max": 0.271120101213,
        "mean": 0.050716239959,
        "min": 6.274266523e-11,
        "stdev": 0.0509533137083
    },
    "spectral_kurtosis": {
        "max": 11.3932151794,
        "mean": 2.1616230011,
        "min": -1.40187370777,
        "stdev": 2.65914535522
    },
    "spectral_rms": {
        "max": 0.0108664557338,
        "mean": 0.00280572590418,
        "min": 3.10220273948e-12,
        "stdev": 0.00247521977872
    },
    "spectral_rolloff": {
        "max": 19724.4140625,
        "mean": 7103.64697266,
        "min": 344.53125,
        "stdev": 7749.75146484
    },
    "spectral_skewness": {
        "max": 2.64721798897,
        "mean": 1.07026481628,
        "min": -0.0971813201904,
        "stdev": 0.753665804863
    },
    "spectral_spread": {
        "max": 44159684,
        "mean": 15428674,
        "min": 2447485.5,
        "stdev": 16593774
    },
    "spectral_strongpeak": {
        "max": 20.5319728851,
        "mean": 1.02448999882,
        "min": 0,
        "stdev": 1.44649207592
    },
    "zerocrossingrate": {
        "max": 0.75146484375,
        "mean": 0.207034796476,
        "min": 0.02490234375,
        "stdev": 0.196490421891
    },
    "barkbands": {
        "max": [0.000534863909706, 0.00981150660664, 0.0133510809392, 0.0269189961255, 0.0427424907684, 0.0468580648303, 0.0264782644808, 0.0143613759428, 0.0242232922465, 0.0354923941195, 0.0281207412481, 0.060351356864, 0.018792565912, 0.0278646592051, 0.0112578812987, 0.0127546023577, 0.0131138674915, 0.00562870362774, 0.0379933193326, 0.00633311923593, 0.00346810207702, 0.00627155695111, 0.00522873317823, 0.00257956935093, 0.00885687209666, 0.00168883800507, 2.92456121542e-07],
        "mean": [2.30644891417e-05, 0.000248283758992, 0.000413773552282, 0.000567239243537, 0.000751539831981, 0.00177736429032, 0.0010102649685, 0.000655554176774, 0.00114852329716, 0.000952183734626, 0.000982080237009, 0.00105624366552, 0.000645879888907, 0.000726231490262, 0.000870641204529, 0.000681900128257, 0.000470353872515, 0.000318933423841, 0.000173662294401, 0.000225259165745, 0.000142064469401, 0.000126796599943, 0.000197780973394, 0.000100737910543, 7.04968333594e-05, 1.18139441838e-05, 7.59444285237e-10],
        "min": [2.88735663782e-25, 1.54739898332e-24, 2.06756030568e-25, 5.56117553112e-25, 5.2047145316e-24, 4.54466041271e-24, 4.53461703009e-24, 3.3050735741e-24, 8.75138701311e-24, 6.92180952576e-24, 1.34068977658e-23, 1.61320556282e-23, 1.4531051377e-23, 1.6176883438e-23, 3.16719796392e-23, 4.21905973068e-23, 6.91288403794e-23, 5.07687875416e-23, 9.56926900663e-23, 1.42111562892e-22, 1.97494104412e-22, 2.95989926508e-22, 3.61127951123e-22, 5.37299650138e-22, 7.7552372856e-22, 1.06937025057e-21, 1.88268629824e-21],
        "stdev": [3.84827944799e-05, 0.000754558481276, 0.0011940569384, 0.00149339088239, 0.00246464577504, 0.0045800358057, 0.00252284482121, 0.00144579389598, 0.00246461946517, 0.00271955109201, 0.00210545072332, 0.00356482109055, 0.00126914540306, 0.0019230239559, 0.00169068679679, 0.00148450536653, 0.00105810933746, 0.000611845171079, 0.000885657267645, 0.000439102062955, 0.000319659506204, 0.000315131997922, 0.000453548593214, 0.000220782269025, 0.000361215497833, 7.42661650293e-05, 6.99421098815e-09]
    },
    "erbbands": {
        "max": [0.113214835525, 2.92994689941, 13.8438692093, 39.381275177, 133.739089966, 104.07535553, 294.841674805, 521.45526123, 354.193572998, 352.946380615, 365.914276123, 653.596130371, 1183.5513916, 1322.7878418, 1088.97265625, 2520.18969727, 839.794372559, 1359.99304199, 685.434082031, 783.178771973, 834.121704102, 871.065063477, 409.697692871, 465.309295654, 2229.48999023, 267.545623779, 145.160476685, 218.464767456, 169.603118896, 233.753540039, 162.115600586, 74.1211624146, 45.2952957153, 137.861618042, 41.7242546082, 10.3974599838, 3.29489421844, 0.168397814035, 0.00385353225283, 0.000331666611601],
        "mean": [0.00373134436086, 0.071155756712, 0.394058704376, 1.20408892632, 2.69036769867, 2.12360477448, 6.80027151108, 17.5871601105, 13.7484083176, 17.177772522, 11.5577812195, 29.7479915619, 28.8368396759, 31.2396354675, 40.9917831421, 46.6978721619, 31.0983524323, 36.938873291, 45.221786499, 42.5646247864, 34.7157821655, 27.1143131256, 20.2060203552, 10.3164901733, 9.20579242706, 10.6964073181, 5.60818147659, 6.41534948349, 4.61623668671, 4.96734666824, 5.46432304382, 2.9514567852, 1.37268102169, 0.928588628769, 0.425093859434, 0.0849271193147, 0.0179467443377, 0.00070156500442, 3.15190336551e-05, 2.09741883737e-05],
        "min": [6.22358558311e-23, 2.42222757552e-22, 1.0839225507e-21, 1.96471006092e-21, 6.91128950392e-21, 1.53506029347e-20, 2.8228439901e-20, 3.87332814824e-20, 5.55308187945e-20, 1.21937989894e-19, 1.94224321348e-19, 2.54709435024e-19, 3.69269581315e-19, 5.56204050398e-19, 9.18200258436e-19, 8.39740988263e-19, 8.35515853092e-19, 9.84948770785e-19, 1.32594643029e-18, 2.01255193704e-18, 3.41423057811e-18, 4.56164920173e-18, 3.65134810456e-18, 5.98078631682e-18, 5.48508220472e-18, 7.07407920424e-18, 7.46695525361e-18, 8.67162470179e-18, 9.7355849375e-18, 9.17477054426e-18, 1.05066107398e-17, 8.67735127317e-18, 7.94867215514e-18, 7.23091016683e-18, 5.35184987782e-18, 3.64235375617e-18, 2.00794805654e-18, 8.15061020712e-19, 2.3364080878e-19, 2.53117299753e-20],
        "stdev": [0.00838279444724, 0.218784555793, 1.10034108162, 2.92777085304, 8.37407302856, 5.89264726639, 21.4851646423, 45.7231521606, 32.474647522, 35.4840660095, 25.8997097015, 67.2320251465, 69.2719192505, 84.0736236572, 85.3955993652, 162.650268555, 59.0087127686, 94.0234298706, 85.8928909302, 90.4408493042, 76.5585861206, 61.0817642212, 39.7467689514, 20.3698101044, 51.5906448364, 22.3176345825, 10.2214603424, 17.1375236511, 10.739276886, 12.317902565, 12.2791223526, 6.30394744873, 3.10117006302, 5.32458639145, 2.01962542534, 0.447722285986, 0.126378282905, 0.00631522247568, 0.000148671053466, 2.74067042483e-05]
    },
    "gfcc": {
        "mean": [-394.812103271, 55.7392578125, -110.945716858, 17.8719043732, -55.7315292358, 17.9113960266, -33.0109786987, 5.36564302444, -12.892250061, -1.27448880672, -7.88804388046, -3.03323221207, -3.46886277199],
        "cov": [[335274.96875, 20787.9921875, -41991.4023438, 6743.16894531, -21321.4101562, 6820.25634766, -12726.9814453, 2020.37573242, -5193.71044922, -633.147644043, -3066.44140625, -1097.73632812, -1449.7097168], [20787.9921875, 2079.06884766, -2432.265625, 507.07208252, -1397.53198242, 276.010681152, -787.867614746, 69.3680648804, -266.450164795, -86.1326675415, -135.051437378, -187.110656738, -82.8247375488], [-41991.4023438, -2432.265625, 6021.66845703, -761.960510254, 2601.49511719, -959.430908203, 1529.14672852, -261.908538818, 538.911682129, 51.9547691345, 342.585754395, 132.567749023, 75.3049621582], [6743.16894531, 507.07208252, -761.960510254, 297.846588135, -424.408599854, 102.474884033, -254.796768188, 51.3757019043, -100.647315979, -20.9917888641, -56.1354866028, -33.0972099304, -33.9356193542], [-21321.4101562, -1397.53198242, 2601.49511719, -424.408599854, 1451.72558594, -390.178710938, 827.077209473, -113.560035706, 324.449035645, 43.1130981445, 177.826477051, 82.2862854004, 93.2436676025], [6820.25634766, 276.010681152, -959.430908203, 102.474884033, -390.178710938, 263.675262451, -219.436889648, 61.8546333313, -98.0220870972, 9.8571395874, -84.8100814819, -11.8845815659, -30.650308609], [-12726.9814453, -787.867614746, 1529.14672852, -254.796768188, 827.077209473, -219.436889648, 560.617126465, -61.6219825745, 197.591873169, 35.3919563293, 123.792221069, 28.6925621033, 53.269821167], [2020.37573242, 69.3680648804, -261.908538818, 51.3757019043, -113.560035706, 61.8546333313, -61.6219825745, 68.0627822876, -20.3381099701, 8.53695392609, -23.4471244812, 10.5302362442, -9.8713350296], [-5193.71044922, -266.450164795, 538.911682129, -100.647315979, 324.449035645, -98.0220870972, 197.591873169, -20.3381099701, 179.105316162, 30.5474205017, 59.323425293, 7.12165975571, 47.2694740295], [-633.147644043, -86.1326675415, 51.9547691345, -20.9917888641, 43.1130981445, 9.8571395874, 35.3919563293, 8.53695392609, 30.5474205017, 67.7932891846, 2.68761134148, 16.9870204926, 2.33050775528], [-3066.44140625, -135.051437378, 342.585754395, -56.1354866028, 177.826477051, -84.8100814819, 123.792221069, -23.4471244812, 59.323425293, 2.68761134148, 94.5355300903, 7.82872009277, 31.4350318909], [-1097.73632812, -187.110656738, 132.567749023, -33.0972099304, 82.2862854004, -11.8845815659, 28.6925621033, 10.5302362442, 7.12165975571, 16.9870204926, 7.82872009277, 66.8018035889, 13.8266086578], [-1449.7097168, -82.8247375488, 75.3049621582, -33.9356193542, 93.2436676025, -30.650308609, 53.269821167, -9.8713350296, 47.2694740295, 2.33050775528, 31.4350318909, 13.8266086578, 65.9686508179]],
        "icov": [[0.000318295700708, -0.000471933541121, 0.000722954981029, -0.000479418376926, 0.00131399277598, -0.000951375055593, 0.00140098412521, -0.000809838471469, 0.00126434501726, -0.000187937519513, 0.000366981053958, -0.000315027864417, 0.000770427810494], [-0.000471933541121, 0.00292139383964, -0.000987017527223, -0.000318821083056, -0.000236051477259, 0.00239113904536, -0.00166841316968, 0.00145339779556, -0.00236527202651, 0.000620168051682, -0.00100504304282, 0.00393491843715, -0.00140408647712], [0.000722954981029, -0.000987017527223, 0.0030717025511, -0.00101871206425, 0.00169536890462, 0.000420466705691, 0.00203793728724, -0.0013415570138, 0.00305083184503, -0.000429022591561, 0.00135888112709, -0.00137398426887, 0.00403997255489], [-0.000479418376926, -0.000318821083056, -0.00101871206425, 0.00760703533888, -0.00203607347794, 0.00210717297159, -0.00102847255766, -0.00210086326115, -0.00105832633562, 0.000336177035933, -0.000430891173892, 0.000902948144358, -0.000724163663108], [0.00131399277598, -0.000236051477259, 0.00169536890462, -0.00203607347794, 0.01457941439, -0.00358625105582, -0.000690868648235, -0.00156436965335, 0.00226060557179, 0.00133522704709, 0.00323979486711, -0.00266145938076, 0.000994121306576], [-0.000951375055593, 0.00239113904536, 0.000420466705691, 0.00210717297159, -0.00358625105582, 0.0161922257394, -0.00686115119606, -0.000555200560484, -0.00238927803002, -0.00145168381277, 0.00366684515029, 0.00171657663304, 0.000404702761443], [0.00140098412521, -0.00166841316968, 0.00203793728724, -0.00102847255766, -0.000690868648235, -0.00686115119606, 0.0214907918125, -0.00655884156004, 0.0057277334854, -0.00376920076087, -0.00423012021929, 0.00562578672543, 0.00215646298602], [-0.000809838471469, 0.00145339779556, -0.0013415570138, -0.00210086326115, -0.00156436965335, -0.000555200560484, -0.00655884156004, 0.0251850318164, -0.00613674614578, 0.000359713769285, 0.000795016647317, -0.00665635010228, 0.000897591293324], [0.00126434501726, -0.00236527202651, 0.00305083184503, -0.00105832633562, 0.00226060557179, -0.00238927803002, 0.0057277334854, -0.00613674614578, 0.0181070584804, -0.00598701089621, -0.000112941939733, 0.00297085335478, -0.00239242170937], [-0.000187937519513, 0.000620168051682, -0.000429022591561, 0.000336177035933, 0.00133522704709, -0.00145168381277, -0.00376920076087, 0.000359713769285, -0.00598701089621, 0.0194822531193, 0.000652668066323, -0.00554231693968, 0.00229927245528], [0.000366981053958, -0.00100504304282, 0.00135888112709, -0.000430891173892, 0.00323979486711, 0.00366684515029, -0.00423012021929, 0.000795016647317, -0.000112941939733, 0.000652668066323, 0.0201780106872, -0.0031983894296, -0.00319773284718], [-0.000315027864417, 0.00393491843715, -0.00137398426887, 0.000902948144358, -0.00266145938076, 0.00171657663304, 0.00562578672543, -0.00665635010228, 0.00297085335478, -0.00554231693968, -0.0031983894296, 0.0292171109468, -0.00746173551306], [0.000770427810494, -0.00140408647712, 0.00403997255489, -0.000724163663108, 0.000994121306576, 0.000404702761443, 0.00215646298602, 0.000897591293324, -0.00239242170937, 0.00229927245528, -0.00319773284718, -0.00746173551306, 0.027238920331]]
    },
    "melbands": {
        "max": [0.0017866124399, 0.00577418459579, 0.0105610163882, 0.00882769096643, 0.00801833625883, 0.0103498259559, 0.00508686993271, 0.00340649532154, 0.00434037391096, 0.00442227162421, 0.00582827208564, 0.00579929025844, 0.00355305080302, 0.00873146392405, 0.00473078573123, 0.000951104040723, 0.00309999845922, 0.00128790258896, 0.000993600697257, 0.000935857300647, 0.00109732372221, 0.00122078030836, 0.000283292669337, 0.000378698983695, 0.000251479941653, 0.00215207319707, 0.000555942358915, 0.000145383513882, 0.00010121048399, 6.89222724759e-05, 0.000192331950529, 9.03362597455e-05, 0.000125203179778, 0.000126646962599, 0.000110490815132, 0.000131264328957, 4.87009492645e-05, 3.03055312543e-05, 6.2235238147e-05, 0.000165497112903],
        "mean": [5.26557923877e-05, 0.000175128938281, 0.000267831870588, 0.000165349149029, 0.00021421512065, 0.000376479176339, 0.000208912664675, 0.000186360179214, 9.09787922865e-05, 0.000195457949303, 0.000141997268656, 0.000124585872982, 0.000124531390611, 0.000127791776322, 9.33938426897e-05, 6.32138180663e-05, 6.95133712725e-05, 7.32842672733e-05, 5.79772677156e-05, 5.49957512703e-05, 3.68819637515e-05, 3.06229230773e-05, 1.95147022168e-05, 1.38357736432e-05, 7.78414232627e-06, 6.35804099147e-06, 7.41478334021e-06, 7.0417418101e-06, 3.65286177839e-06, 2.91734545499e-06, 4.03070043831e-06, 2.68791086455e-06, 2.15740715248e-06, 3.14087264996e-06, 3.3960948258e-06, 2.56672660726e-06, 1.52508312112e-06, 9.79059336714e-07, 8.00770067144e-07, 7.67234496379e-07],
        "min": [6.50700989572e-25, 8.37390444819e-25, 8.08519614802e-25, 1.01081875382e-24, 1.20598728051e-24, 9.02297032632e-25, 7.36896961065e-25, 1.04601753019e-24, 1.98202584336e-24, 1.33187113996e-24, 1.23641285676e-24, 2.09932078249e-24, 2.42754233654e-24, 1.67257760113e-24, 1.70833134115e-24, 1.60957749291e-24, 1.87385901097e-24, 1.70626570887e-24, 2.37818469021e-24, 2.23259153547e-24, 2.91669052918e-24, 3.51979046844e-24, 3.50413276277e-24, 3.07889512244e-24, 3.8126783509e-24, 3.57551047519e-24, 4.08560647474e-24, 3.36770400237e-24, 3.43553972934e-24, 3.97366671786e-24, 4.26287495863e-24, 4.05334245815e-24, 4.50828406421e-24, 4.97957520697e-24, 5.35334854792e-24, 4.56150929835e-24, 5.13498238302e-24, 4.79541602308e-24, 4.96935788053e-24, 5.67198918906e-24],
        "stdev": [0.000142276185215, 0.000469472346595, 0.00068597990321, 0.00048816864728, 0.000637060264125, 0.000945826643147, 0.000502124079503, 0.000388937507523, 0.000232593811234, 0.000449778046459, 0.000355205062078, 0.000356991251465, 0.000260769273154, 0.000416548224166, 0.000269266689429, 0.00011474731582, 0.000201014408958, 0.000145721714944, 0.000119574324344, 0.000115557340905, 8.88732975e-05, 7.70555780036e-05, 3.61551064998e-05, 2.78806110146e-05, 1.54079571075e-05, 4.86638055008e-05, 2.04425923584e-05, 1.50446803673e-05, 7.07368144504e-06, 5.94054472458e-06, 1.22926594486e-05, 6.4531272983e-06, 5.85027646594e-06, 8.14142731542e-06, 7.94192965259e-06, 6.21079698249e-06, 3.62331229553e-06, 2.11741985368e-06, 2.63772494691e-06, 5.7641955209e-06]
    },
    "melbands128": {
        "max": [0.000220508998609, 0.000401475292165, 0.00232109124772, 0.00608218926936, 0.00810190662742, 0.00637885183096, 0.00661219377071, 0.0173079781234, 0.0170662030578, 0.00989970006049, 0.00401817308739, 0.0078685991466, 0.0106808142737, 0.0204711314291, 0.0190960410982, 0.00957789737731, 0.00847624894232, 0.00908525381237, 0.00990725681186, 0.00394952623174, 0.00567767443135, 0.00520114041865, 0.00491541810334, 0.0100234495476, 0.00616368744522, 0.0092501975596, 0.00532797211781, 0.0109937265515, 0.0073380721733, 0.0110969748348, 0.00803066417575, 0.00565688963979, 0.0045391889289, 0.00679197069257, 0.00404505245388, 0.0190068557858, 0.0108573390171, 0.00816649757326, 0.00542341545224, 0.00181673024781, 0.00154818280134, 0.00229454482906, 0.00555802835152, 0.00719542289153, 0.00177196494769, 0.00231883511879, 0.00102140218951, 0.00157661479898, 0.00243714265525, 0.00254996283911, 0.00166633340996, 0.00196924433112, 0.00164863769896, 0.00100829917938, 0.000995421083644, 0.0028303663712, 0.000533727230504, 0.000443180004368, 0.000472224550322, 0.000889788614586, 0.000663625192828, 0.000327138084685, 0.000373441638658, 0.000190211008885, 0.000655331881717, 0.00295011978596, 0.00277265883051, 0.000788741046563, 0.00045408558799, 0.000444386852905, 0.000287879200187, 0.000225893512834, 0.000151946107508, 0.000133460722282, 7.35968569643e-05, 7.1878072049e-05, 9.25864005694e-05, 0.000213403836824, 0.00027087458875, 0.000337423960445, 0.000109167471237, 9.91061824607e-05, 9.39897145145e-05, 0.000152885753778, 0.000154574969201, 0.000178733331268, 0.00011599665595, 0.000246035750024, 0.000140403470141, 8.75112309586e-05, 0.000381475809263, 9.3031580036e-05, 5.56739687454e-05, 8.05741728982e-05, 4.565818017e-05, 3.7423124013e-05, 3.01448071696e-05, 3.83012338716e-05, 9.53404960455e-05, 6.43043458695e-05, 0.000160317169502, 0.000293330987915, 0.000171196326846, 8.65285546752e-05, 4.51710693596e-05, 2.33758928516e-05, 3.02579683193e-05, 2.97274891636e-05, 1.63049098774e-05, 2.15460113395e-05, 2.69751890301e-05, 1.33938983709e-05, 1.65944020409e-05, 8.74205488799e-06, 3.62242735719e-06, 2.05588378321e-07, 3.65914498701e-09, 1.33813693459e-09, 1.31745692133e-09, 1.27985055887e-09, 1.25910271098e-09, 1.22464860475e-09, 1.23513455019e-09, 1.21485477234e-09, 1.19089738071e-09, 1.18239140701e-09, 1.17044651748e-09, 1.16325316046e-09],
        "mean": [1.44116802403e-05, 1.92602092284e-05, 5.87976792303e-05, 0.000133586931042, 0.000175356995896, 0.000216826752876, 0.000211801074329, 0.000329110887833, 0.000300660758512, 0.00012993432756, 9.95328009594e-05, 0.000114046022645, 0.000171493418748, 0.000418860232458, 0.000531246711034, 0.000239318163949, 0.000212051367271, 0.000195366505068, 0.000236205960391, 0.000172622734681, 0.000210098587559, 7.97811080702e-05, 6.88162690494e-05, 9.8640404758e-05, 0.000197462257347, 0.000278643856291, 8.37687402964e-05, 0.000154236608068, 0.000154049499542, 0.00011688208906, 0.000127423307276, 0.000116367038572, 8.85712288436e-05, 0.000195270316908, 8.36364924908e-05, 0.000132003464387, 0.000150510895764, 9.25831773202e-05, 5.96356658207e-05, 5.86779788136e-05, 7.85875454312e-05, 4.28389430454e-05, 6.88902437105e-05, 8.92838143045e-05, 5.68776886212e-05, 9.24993219087e-05, 6.13794836681e-05, 4.98126428283e-05, 6.17446858087e-05, 5.74752484681e-05, 5.6301800214e-05, 5.22800146427e-05, 3.54638868885e-05, 3.22572850564e-05, 3.33169991791e-05, 3.68405926565e-05, 2.19727171498e-05, 1.46563879753e-05, 2.04062325793e-05, 2.61164441326e-05, 1.07599644252e-05, 7.70365568314e-06, 1.00151482911e-05, 6.8209183155e-06, 5.93308732277e-06, 7.01648605173e-06, 6.13699512542e-06, 5.97387816015e-06, 8.36960862216e-06, 8.1723810581e-06, 7.67951223679e-06, 6.39476138531e-06, 4.60236287836e-06, 2.95015888696e-06, 2.69293013844e-06, 2.88449246e-06, 2.6161490041e-06, 4.13959151047e-06, 4.81194820168e-06, 3.17798367178e-06, 3.10267228087e-06, 2.26094175559e-06, 2.12578993342e-06, 2.05366086448e-06, 2.31692843045e-06, 2.40389999817e-06, 3.42020712196e-06, 4.7022358558e-06, 3.07912705466e-06, 2.67938003162e-06, 3.35119898409e-06, 2.35460697695e-06, 1.77693289061e-06, 1.56118949235e-06, 1.3451515315e-06, 1.05845367671e-06, 9.24628068333e-07, 8.06171840395e-07, 7.12280609605e-07, 9.38207278978e-07, 7.49221783281e-07, 8.26877510463e-07, 6.04949775607e-07, 7.77377863415e-07, 5.76591446588e-07, 2.28838089811e-07, 1.91951258444e-07, 1.59579073511e-07, 1.2454552234e-07, 1.06217051155e-07, 1.06360303676e-07, 7.60753167128e-08, 5.61908990449e-08, 2.07858139589e-08, 8.55902904107e-09, 5.10411823917e-10, 5.54861842236e-12, 3.32399841159e-12, 3.21870026292e-12, 3.13443607007e-12, 3.03480005882e-12, 2.98182789224e-12, 2.96709792152e-12, 2.89933441838e-12, 2.69303481425e-12, 2.38190456942e-12, 2.20613219533e-12, 2.17126707239e-12],
        "min": [1.94955378627e-27, 5.96811115471e-26, 3.25059602327e-25, 5.1443511663e-26, 1.34256471653e-25, 9.01286156686e-26, 1.47761807328e-25, 1.27180438637e-25, 4.05921986632e-25, 2.17247017791e-25, 2.95474015026e-25, 3.54178479795e-25, 2.20815528703e-25, 2.66883920884e-25, 1.94027328454e-25, 1.54669517148e-25, 4.03120741558e-25, 3.86580004705e-25, 3.8244920853e-25, 4.22872438118e-25, 5.62583845952e-25, 3.51034548613e-25, 1.28914354906e-25, 2.46252743022e-25, 2.15303363128e-25, 3.26359497188e-25, 4.34407359489e-25, 5.51124211493e-25, 5.98119318023e-25, 1.43389570413e-25, 4.02824869414e-25, 6.06595579146e-25, 6.20348185737e-25, 9.45884851697e-25, 5.80540489523e-25, 5.49948660833e-25, 4.14074075227e-25, 6.54662205304e-25, 5.40089920974e-25, 7.68827190887e-25, 9.16384905108e-25, 8.11512947507e-25, 6.0102991894e-25, 6.51463522244e-25, 9.16019761116e-25, 7.31348902318e-25, 8.83925053795e-25, 4.47834758172e-25, 1.10520665138e-24, 9.38409802974e-25, 1.19759320883e-24, 4.90795925855e-25, 9.84328607406e-25, 1.42376712453e-24, 1.41840346202e-24, 8.43269529323e-25, 1.38723911753e-24, 1.44512790012e-24, 9.12103658368e-25, 1.51424887872e-24, 1.42727331543e-24, 1.19040382636e-24, 2.08463337573e-24, 1.70036029614e-24, 1.91501427883e-24, 1.28956600873e-24, 9.24025417405e-25, 1.50381146008e-24, 1.76081958199e-24, 1.39275788982e-24, 1.92577927195e-24, 6.7735078171e-25, 1.42293891919e-24, 1.44904676389e-24, 2.41248179857e-24, 2.35569249087e-24, 2.00453736979e-24, 1.67634934233e-24, 1.83626308352e-24, 2.51908372814e-24, 2.24718329285e-24, 2.22203342111e-24, 2.82031440632e-24, 2.97194826344e-24, 2.22125461818e-24, 2.35863356154e-24, 3.45929903651e-24, 1.94217318207e-24, 3.16528387182e-24, 3.59762776839e-24, 2.97216855285e-24, 2.07709541535e-24, 2.47004478161e-24, 3.97527993841e-24, 2.65261125534e-24, 3.42776747727e-24, 3.67231514675e-24, 3.18511938485e-24, 3.7776178224e-24, 2.73371187564e-24, 4.23647651729e-24, 3.70887451097e-24, 2.5797567953e-24, 4.0240749297e-24, 3.93891739498e-24, 3.65032407129e-24, 3.82585035587e-24, 3.01940889651e-24, 4.59473966955e-24, 3.07879631761e-24, 4.42489436678e-24, 3.29370569402e-24, 4.00535171055e-24, 3.4873730184e-24, 4.12354358453e-24, 5.06716361657e-24, 4.20917877453e-24, 3.4472598358e-24, 4.5151408432e-24, 3.93872925166e-24, 4.82683043648e-24, 5.04904150943e-24, 4.68953826782e-24, 5.16045982925e-24, 4.21101721487e-24, 5.12958736329e-24, 5.32803636805e-24, 4.31353402824e-24],
        "stdev": [2.16169028135e-05, 3.69171939383e-05, 0.00016829156084, 0.000443119410193, 0.000537539075594, 0.00063904869603, 0.000540483568329, 0.000914569071028, 0.00102456507739, 0.000428477796959, 0.000271909346338, 0.000469765887829, 0.000721468473785, 0.00146820908412, 0.00159601052292, 0.00065814901609, 0.000652679067571, 0.000575810670853, 0.000782092974987, 0.000360568927135, 0.00051322177751, 0.00027634378057, 0.000281868153252, 0.000381776859285, 0.000517308712006, 0.000759398273658, 0.000257942825556, 0.000562103581615, 0.000491571845487, 0.000559570151381, 0.000428462430136, 0.000323323736666, 0.000264568428975, 0.000497827597428, 0.000239797052927, 0.000744431978092, 0.000698836345691, 0.000337646924891, 0.000206627126317, 0.000141395241371, 0.000147701604874, 0.000117330360808, 0.000259797670878, 0.000339880643878, 0.000154673194629, 0.000240880268393, 0.00014478842786, 0.000123221063404, 0.000181944764336, 0.000173305321368, 0.000133992885821, 0.00014396525512, 0.000106821265945, 9.34958952712e-05, 8.7869600975e-05, 0.000137375798658, 5.01960312249e-05, 3.94319104089e-05, 5.00472669955e-05, 6.8776338594e-05, 3.16924633808e-05, 1.96805904125e-05, 2.22510698222e-05, 1.5955129129e-05, 2.2822743631e-05, 6.64362596581e-05, 6.236792251e-05, 2.33968858083e-05, 2.23575098062e-05, 2.87153889076e-05, 2.42322203121e-05, 1.52223365149e-05, 1.12424195322e-05, 7.29493785911e-06, 6.42730128675e-06, 6.25776010565e-06, 6.28962379778e-06, 1.33016737891e-05, 1.78546833922e-05, 1.18213501992e-05, 7.87645876699e-06, 5.46971887161e-06, 5.57290650249e-06, 6.52984135741e-06, 6.5087619987e-06, 6.62456068312e-06, 9.34249419515e-06, 1.61313328135e-05, 7.46551677366e-06, 6.18416470388e-06, 1.30023909151e-05, 5.78832532483e-06, 3.99803093387e-06, 4.40765643361e-06, 3.49690049006e-06, 2.52470545092e-06, 2.00802128347e-06, 2.01368015951e-06, 2.99955468108e-06, 3.79588095711e-06, 4.84588690597e-06, 8.7859471023e-06, 5.44150634596e-06, 4.12078406953e-06, 2.86991553367e-06, 1.049830189e-06, 1.12930399609e-06, 1.00865509012e-06, 7.20851062397e-07, 6.69519181429e-07, 8.22895060537e-07, 5.223619155e-07, 4.99506711549e-07, 2.78409999055e-07, 1.27074429201e-07, 7.14250125711e-09, 8.62220017606e-11, 2.97862672027e-11, 2.93171875665e-11, 2.8479401129e-11, 2.80094992339e-11, 2.72458947764e-11, 2.74605355816e-11, 2.70074414221e-11, 2.64744615119e-11, 2.62795549211e-11, 2.60132939495e-11, 2.58536855119e-11]
    },
    "mfcc": {
        "mean": [-829.263916016, 69.2442779541, -12.7240552902, -2.58130478859, -4.18354463577, 2.23339962959, -7.47883176804, 2.15837454796, -2.3333325386, 0.513135254383, -3.8120868206, 1.16579210758, -1.02705085278],
        "cov": [[87772.203125, 12671.6689453, -2514.51318359, -682.570678711, -823.101257324, 367.37298584, -1373.48254395, 487.911682129, -693.964538574, 69.9165344238, -908.504211426, 119.481887817, -162.499862671], [12671.6689453, 2656.18603516, -100.067977905, 76.2726287842, -136.974487305, 7.34441614151, -253.309371948, 16.7314815521, -99.7490692139, 8.13621330261, -91.4062042236, 30.4921264648, -90.1326980591], [-2514.51318359, -100.067977905, 695.59197998, 197.996322632, 38.736328125, -91.2556991577, 29.88007164, -49.45911026, -51.6167602539, -42.4218788147, 13.0737304688, -3.49706673622, -34.7034263611], [-682.570678711, 76.2726287842, 197.996322632, 215.126800537, 22.2261638641, -41.8781242371, 4.48809289932, -16.7569675446, -8.79908466339, -15.5579557419, 2.34655737877, 27.6413383484, -11.3370771408], [-823.101257324, -136.974487305, 38.736328125, 22.2261638641, 81.5484542847, -3.61005353928, 3.26262116432, 4.87494468689, 13.6823501587, -8.92052650452, -0.947499930859, 5.18462181091, -0.179311543703], [367.37298584, 7.34441614151, -91.2556991577, -41.8781242371, -3.61005353928, 94.4458694458, 11.0609579086, 10.8561954498, 29.8629188538, 14.1295547485, 19.7186717987, -1.86256504059, -6.41219758987], [-1373.48254395, -253.309371948, 29.88007164, 4.48809289932, 3.26262116432, 11.0609579086, 124.113922119, 13.7098054886, -4.6229429245, 0.81119120121, 10.9378471375, -9.4663438797, 9.61706542969], [487.911682129, 16.7314815521, -49.45911026, -16.7569675446, 4.87494468689, 10.8561954498, 13.7098054886, 61.3911361694, 5.60021257401, 1.6472851038, -5.44797325134, 0.248150110245, 7.42014455795], [-693.964538574, -99.7490692139, -51.6167602539, -8.79908466339, 13.6823501587, 29.8629188538, -4.6229429245, 5.60021257401, 92.1731719971, 11.1917705536, 30.8327407837, 16.6299610138, 5.64100503922], [69.9165344238, 8.13621330261, -42.4218788147, -15.5579557419, -8.92052650452, 14.1295547485, 0.81119120121, 1.6472851038, 11.1917705536, 63.1908493042, 13.7478818893, -3.69791722298, -13.8129034042], [-908.504211426, -91.4062042236, 13.0737304688, 2.34655737877, -0.947499930859, 19.7186717987, 10.9378471375, -5.44797325134, 30.8327407837, 13.7478818893, 74.1496734619, 15.2191610336, -9.56497478485], [119.481887817, 30.4921264648, -3.49706673622, 27.6413383484, 5.18462181091, -1.86256504059, -9.4663438797, 0.248150110245, 16.6299610138, -3.69791722298, 15.2191610336, 63.6349716187, 20.1537628174], [-162.499862671, -90.1326980591, -34.7034263611, -11.3370771408, -0.179311543703, -6.41219758987, 9.61706542969, 7.42014455795, 5.64100503922, -13.8129034042, -9.56497478485, 20.1537628174, 67.0414505005]],
        "icov": [[7.07579092705e-05, -0.000285988440737, 0.000105386388896, 0.000172570900759, 0.000106690131361, -0.000238049688051, 0.000184453601833, -0.000342442042893, 0.000292551441817, -1.95083503058e-05, 0.000423606223194, -0.000217078966671, -4.32311062468e-05], [-0.000285988440737, 0.00182198057882, -0.00035770010436, -0.00113039102871, 0.00068666273728, 0.00044291652739, 0.000532183214091, 0.000750046747271, -0.000543413159903, 0.000103082158603, -0.000977501040325, 0.000190876031411, 0.0011349770939], [0.000105386388896, -0.00035770010436, 0.00263370713219, -0.00152749929111, -0.000484354241053, 0.0010078571504, -0.000238002467086, 0.000575272075366, 0.00134382839315, 0.00109700113535, -0.000485865108203, 0.000363283528714, 0.000879538012668], [0.000172570900759, -0.00113039102871, -0.00152749929111, 0.00795086659491, -0.00117947580293, 0.0012418172555, -0.000937252771109, -1.78556820174e-05, -0.0001812724513, 0.000173629508936, 0.00155021576211, -0.00401502521709, 0.00118362018839], [0.000106690131361, 0.00068666273728, -0.000484354241053, -0.00117947580293, 0.0157241784036, -0.00104869250208, 0.00207698438317, -0.00314558437094, -0.00161077384837, 0.00163475167938, 0.00329492869787, -0.00202690833248, 0.00227533001453], [-0.000238049688051, 0.00044291652739, 0.0010078571504, 0.0012418172555, -0.00104869250208, 0.015854883939, -0.00332595314831, 0.000755865301471, -0.00474021630362, -0.000190454884432, -0.00430523511022, 0.00143560674042, 0.00197106855921], [0.000184453601833, 0.000532183214091, -0.000238002467086, -0.000937252771109, 0.00207698438317, -0.00332595314831, 0.0123038040474, -0.00450822431594, 0.0033565920312, -0.000524807197507, 0.000104928782093, 0.000863351742737, -0.00133280642331], [-0.000342442042893, 0.000750046747271, 0.000575272075366, -1.78556820174e-05, -0.00314558437094, 0.000755865301471, -0.00450822431594, 0.020714726299, -0.00257246010005, -3.99115233449e-05, -0.000754190725274, 0.00112690636888, -0.0013471437851], [0.000292551441817, -0.000543413159903, 0.00134382839315, -0.0001812724513, -0.00161077384837, -0.00474021630362, 0.0033565920312, -0.00257246010005, 0.0171516686678, -0.00133987702429, -0.00318708596751, -0.00302878324874, -0.00127442355733], [-1.95083503058e-05, 0.000103082158603, 0.00109700113535, 0.000173629508936, 0.00163475167938, -0.000190454884432, -0.000524807197507, -3.99115233449e-05, -0.00133987702429, 0.0186461545527, -0.00262557575479, 0.000491125625558, 0.00418664049357], [0.000423606223194, -0.000977501040325, -0.000485865108203, 0.00155021576211, 0.00329492869787, -0.00430523511022, 0.000104928782093, -0.000754190725274, -0.00318708596751, -0.00262557575479, 0.0225896500051, -0.00758847407997, 0.00462003797293], [-0.000217078966671, 0.000190876031411, 0.000363283528714, -0.00401502521709, -0.00202690833248, 0.00143560674042, 0.000863351742737, 0.00112690636888, -0.00302878324874, 0.000491125625558, -0.00758847407997, 0.0235068593174, -0.00867032818496], [-4.32311062468e-05, 0.0011349770939, 0.000879538012668, 0.00118362018839, 0.00227533001453, 0.00197106855921, -0.00133280642331, -0.0013471437851, -0.00127442355733, 0.00418664049357, 0.00462003797293, -0.00867032818496, 0.0217630248517]]
    },
    "spectral_contrast_coeffs": {
        "max": [-0.435465544462, -0.486844837666, -0.480840831995, -0.546980261803, -0.561075091362, -0.637873291969],
        "mean": [-0.79758888483, -0.800696492195, -0.800079464912, -0.813740313053, -0.821623802185, -0.822075128555],
        "min": [-0.984809815884, -0.981947660446, -0.978463709354, -0.974340558052, -0.968657910824, -0.965380966663],
        "stdev": [0.12598438561, 0.13547334075, 0.130742117763, 0.114019677043, 0.103778235614, 0.0949801579118]
    },
    "spectral_contrast_valleys": {
        "max": [-5.16393613815, -4.83758831024, -5.21719884872, -5.01216506958, -5.85969018936, -7.84287786484],
        "mean": [-13.514005661, -13.0586452484, -13.3498659134, -13.5500802994, -13.7312965393, -15.2799501419],
        "min": [-28.280216217, -28.3896408081, -28.0543823242, -27.8374214172, -27.5644569397, -27.4441127777],
        "stdev": [9.07549285889, 9.36318302155, 9.19868278503, 9.07359695435, 8.9566192627, 7.94116163254]
    }
},
"rhythm": {
    "beats_count": 90,
    "beats_loudness": {
        "max": 0.0816590413451,
        "mean": 0.0184064488858,
        "min": 0,
        "stdev": 0.0222707763314
    },
    "bpm": 164.340576172,
    "bpm_histogram_first_peak_bpm": 167,
    "bpm_histogram_first_peak_weight": 0,
    "bpm_histogram_second_peak_bpm": 96,
    "bpm_histogram_second_peak_spread": 0.615384578705,
    "bpm_histogram_second_peak_weight": 0.112359553576,
    "danceability": 0.871300637722,
    "onset_rate": 2.15071034431,
    "beats_loudness_band_ratio": {
        "max": [0.642255246639, 0.662141919136, 0.678685545921, 0.639772772789, 0.541442215443, 0.398672431707],
        "mean": [0.0956405103207, 0.0878555178642, 0.148273319006, 0.132834896445, 0.121924526989, 0.0474007464945],
        "min": [0, 0, 0, 0, 0, 0],
        "stdev": [0.147980928421, 0.133687764406, 0.169947341084, 0.161832049489, 0.165187701583, 0.0668549761176]
    },
