{
"metadata": {
    "version": {
        "essentia": "2.1-beta5",
        "essentia_git_sha": "Undefined",
        "extractor": "music 2.0"
    },
    "audio_properties": {
        "analysis": {
            "equal_loudness": 0,
            "length": 48.7502937317,
            "sample_rate": 44100,
            "start_time": 77.7520217896,
            "downmix": "mix"
        },
        "bit_rate": 192000,
        "length": 175.043640137,
        "lossless": 0,
        "number_channels": 2,
        "replay_gain": -8.81337738037,
        "sample_rate": 48000,
        "codec": "mp3",
        "md5_encoded": "b9215968460b631ff2edfffabbfa72ea"
    },
    "tags": {
        "file_name": "Norway_You Touched My Life With Summer_Ellen Nikolaysen.mp3",
        "encoding": ["Lavf58.29.100"]
    }
},
"lowlevel": {
    "average_loudness": 0.919339418411,
    "barkbands_crest": {
        "max": 26.586145401,
        "mean": 12.1837816238,
        "min": 3.50016760826,
        "stdev": 5.14863920212
    },
    "barkbands_flatness_db": {
        "max": 0.48391225934,
        "mean": 0.258541762829,
        "min": 0.085585244,
        "stdev": 0.0574283748865
    },
    "barkbands_kurtosis": {
        "max": 504.932952881,
        "mean": 8.13252544403,
        "min": -1.704205513,
        "stdev": 21.7857265472
    },
    "barkbands_skewness": {
        "max": 17.0334091187,
        "mean": 1.42267680168,
        "min": -2.10694146156,
        "stdev": 1.68886077404
    },
    "barkbands_spread": {
        "max": 52.8047294617,
        "mean": 8.95576953888,
        "min": 0.155245006084,
        "stdev": 6.61098957062
    },
    "dissonance": {
        "max": 0.500000059605,
        "mean": 0.41011634469,
        "min": 0.166578367352,
        "stdev": 0.056922532618
    },
    "dynamic_complexity": 2.68052959442,
    "erbbands_crest": {
        "max": 31.7403125763,
        "mean": 14.254737854,
        "min": 3.63369226456,
        "stdev": 5.78991174698
    },
    "erbbands_flatness_db": {
        "max": 0.435512036085,
        "mean": 0.290458291769,
        "min": 0.158846348524,
        "stdev": 0.0453816428781
    },
    "erbbands_kurtosis": {
        "max": 130.798629761,
        "mean": 3.46308684349,
        "min": -1.88286840916,
        "stdev": 7.50131130219
    },
    "erbbands_skewness": {
        "max": 9.02310085297,
        "mean": 0.88675993681,
        "min": -1.91214132309,
        "stdev": 1.23081052303
    },
    "erbbands_spread": {
        "max": 89.8884887695,
        "mean": 16.4173717499,
        "min": 1.03949642181,
        "stdev": 9.88539791107
    },
    "hfc": {
        "max": 61.6532402039,
        "mean": 14.6824007034,
        "min": 0.309349864721,
        "stdev": 10.3176441193
    },
    "loudness_ebu128": {
        "integrated": -15.7735042572,
        "loudness_range": 2.42080402374,
        "momentary": {
            "max": -11.6230278015,
            "mean": -16.5893936157,
            "min": -28.345249176,
            "stdev": 2.9308719635
        },
        "short_term": {
            "max": -13.7687530518,
            "mean": -15.9172315598,
            "min": -24.9886608124,
            "stdev": 1.35872757435
        }
    },
    "melbands_crest": {
        "max": 32.0028343201,
        "mean": 14.1826705933,
        "min": 4.52861022949,
        "stdev": 5.87872600555
    },
    "melbands_flatness_db": {
        "max": 0.560581982136,
        "mean": 0.304325312376,
        "min": 0.140965864062,
        "stdev": 0.0673619955778
    },
    "melbands_kurtosis": {
        "max": 165.641799927,
        "mean": 9.61608123779,
        "min": -1.61565124989,
        "stdev": 19.2817516327
    },
    "melbands_skewness": {
        "max": 9.34352493286,
        "mean": 1.61124634743,
        "min": -1.67836010456,
        "stdev": 1.5978230238
    },
    "melbands_spread": {
        "max": 68.7159347534,
        "mean": 13.6737575531,
        "min": 0.370970904827,
        "stdev": 10.2672433853
    },
    "pitch_salience": {
        "max": 0.822012901306,
        "mean": 0.514598727226,
        "min": 0.119880385697,
        "stdev": 0.122395522892
    },
    "silence_rate_20dB": {
        "max": 1,
        "mean": 1,
        "min": 1,
        "stdev": 0
    },
    "silence_rate_30dB": {
        "max": 1,
        "mean": 1,
        "min": 1,
        "stdev": 0
    },
    "silence_rate_60dB": {
        "max": 1,
        "mean": 0.0590195134282,
        "min": 0,
        "stdev": 0.235667854548
    },
    "spectral_centroid": {
        "max": 3067.30517578,
        "mean": 827.199829102,
        "min": 211.628051758,
        "stdev": 437.596099854
    },
    "spectral_complexity": {
        "max": 28,
        "mean": 12.0390291214,
        "min": 1,
        "stdev": 4.64744520187
    },
    "spectral_decrease": {
        "max": -1.62127838932e-10,
        "mean": -5.86992054963e-09,
        "min": -2.4182343239e-08,
        "stdev": 4.10913347793e-09
    },
    "spectral_energy": {
        "max": 0.0943048521876,
        "mean": 0.0234861653298,
        "min": 0.000676795141771,
        "stdev": 0.0162418335676
    },
    "spectral_energyband_high": {
        "max": 0.00134613749105,
        "mean": 9.80658078333e-05,
        "min": 1.28610668071e-06,
        "stdev": 0.000171641499037
    },
    "spectral_energyband_low": {
        "max": 0.0485441237688,
        "mean": 0.00117262848653,
        "min": 2.87397597276e-05,
        "stdev": 0.00213534245268
    },
    "spectral_energyband_middle_high": {
        "max": 0.0608913227916,
        "mean": 0.0059001990594,
        "min": 1.73272273969e-05,
        "stdev": 0.0073229810223
    },
    "spectral_energyband_middle_low": {
        "max": 0.0938731133938,
        "mean": 0.0171997100115,
        "min": 0.000177213165443,
        "stdev": 0.0158002115786
    },
    "spectral_entropy": {
        "max": 8.56442165375,
        "mean": 6.46187496185,
        "min": 4.31815814972,
        "stdev": 0.536385536194
    },
    "spectral_flux": {
        "max": 0.25444033742,
        "mean": 0.064713768661,
        "min": 0.00947132334113,
        "stdev": 0.0368833318353
    },
    "spectral_kurtosis": {
        "max": 92.5268783569,
        "mean": 15.9056406021,
        "min": -0.334359169006,
        "stdev": 11.3374223709
    },
    "spectral_rms": {
        "max": 0.00959191005677,
        "mean": 0.00448645558208,
        "min": 0.000812581041828,
        "stdev": 0.0016688577598
    },
    "spectral_rolloff": {
        "max": 4974.16992188,
        "mean": 971.607543945,
        "min": 172.265625,
        "stdev": 587.173522949
    },
    "spectral_skewness": {
        "max": 8.03989982605,
        "mean": 2.70877122879,
        "min": -0.143612906337,
        "stdev": 1.17191302776
    },
    "spectral_spread": {
        "max": 28338252,
        "mean": 2316536.25,
        "min": 1108642,
        "stdev": 814292.875
    },
    "spectral_strongpeak": {
        "max": 8.41006183624,
        "mean": 1.88792896271,
        "min": 0.0195120871067,
        "stdev": 1.46369326115
    },
    "zerocrossingrate": {
        "max": 0.10302734375,
        "mean": 0.0354839414358,
        "min": 0.0068359375,
        "stdev": 0.0157338157296
    },
    "barkbands": {
        "max": [2.81865686702e-05, 0.00981531944126, 0.0352740734816, 0.0242480523884, 0.0682091936469, 0.0901304706931, 0.0673348978162, 0.0289522688836, 0.0483496189117, 0.0392334870994, 0.0493409000337, 0.0314214900136, 0.0181162040681, 0.0184654816985, 0.0067061688751, 0.00989524740726, 0.00685986829922, 0.00304943742231, 0.00239364779554, 0.00151103630196, 0.000884015811607, 0.000337343692081, 5.96027566644e-05, 3.63729377568e-05, 1.09607181003e-05, 1.14753913749e-06, 1.21462028346e-06],
        "mean": [3.81540849048e-06, 0.000222010246944, 0.000562220695429, 0.000920994265471, 0.00288331741467, 0.00502565689385, 0.00520687829703, 0.000853572157212, 0.0013517299667, 0.00209711748175, 0.00159074377734, 0.000788293255027, 0.000567484588828, 0.000373791495804, 0.000234158316744, 0.000144078992889, 0.000285717891529, 0.000137008246384, 0.000103608304926, 0.000103661666799, 2.45231658482e-05, 3.51401718035e-06, 1.06681227408e-06, 6.96071822404e-07, 5.14396560902e-07, 1.86071620334e-08, 2.03726258086e-09],
        "min": [1.20516318702e-07, 2.98026657219e-06, 7.35961862119e-07, 1.44484783959e-06, 1.72067120729e-05, 1.64213488461e-05, 6.11911218584e-06, 1.2427335605e-06, 5.55067754249e-06, 6.89152614086e-07, 2.0854606646e-06, 1.19291053124e-06, 6.10811525803e-07, 3.66720428246e-07, 2.07289204468e-07, 3.66527160622e-07, 1.83285123967e-07, 1.90730389704e-07, 1.64740100672e-07, 1.36823359753e-07, 1.04792533762e-07, 5.22453227347e-08, 2.70383200274e-08, 1.58332596811e-07, 1.60454590059e-07, 1.83984997376e-11, 1.97373957456e-11],
        "stdev": [3.00819237964e-06, 0.000518233107869, 0.00134719326161, 0.00163113500457, 0.0052525610663, 0.0102965068072, 0.00859147310257, 0.00171946967021, 0.00301485555246, 0.00516046397388, 0.00400037923828, 0.0023066373542, 0.00152592314407, 0.00105505960528, 0.000628385518212, 0.00050787080545, 0.000796312640887, 0.000294982542982, 0.000214068772038, 0.000185499215149, 5.71838863834e-05, 1.51535487021e-05, 3.6058806927e-06, 1.87671639651e-06, 5.23241226347e-07, 4.65139962103e-08, 3.77090678683e-08]
    },
    "erbbands": {
        "max": [0.063719548285, 3.40536904335, 34.3709907532, 48.1671943665, 139.862503052, 382.8956604, 539.017578125, 952.587036133, 1198.78405762, 549.249328613, 387.832824707, 1187.49572754, 1585.81774902, 2278.58032227, 1224.2890625, 1239.39294434, 738.265808105, 1098.96081543, 523.361816406, 543.60168457, 394.025054932, 349.029785156, 132.876480103, 165.797332764, 65.2939376831, 67.2114334106, 57.6527252197, 15.7596588135, 13.5324020386, 5.54337453842, 1.1335542202, 0.373395860195, 0.870320558548, 0.225075796247, 0.0212652944028, 0.00470509054139, 0.00213174847886, 0.000756087654736, 0.000185488854186, 0.000104652048321],
        "mean": [0.00354313547723, 0.065447717905, 0.503171801567, 2.01144337654, 5.5416841507, 12.2545032501, 17.2863807678, 47.5040054321, 84.8633728027, 41.3434371948, 20.1959857941, 28.257062912, 65.9910583496, 70.2112960815, 39.7833633423, 32.2151679993, 25.3222236633, 21.2768783569, 14.6368436813, 11.8074359894, 11.7794523239, 14.2408599854, 7.65039682388, 7.56402444839, 3.29344463348, 4.73736286163, 2.4286608696, 0.483228057623, 0.152341485023, 0.0701031014323, 0.0246140453964, 0.011540286243, 0.0137808555737, 0.0074271033518, 0.0027991225943, 0.000323035841575, 2.06741824513e-05, 3.95936649511e-06, 1.21578941616e-05, 2.70329855994e-05],
        "min": [0.000142919685459, 0.00080560304923, 0.00338240270503, 0.010531921871, 0.0259273909032, 0.0400945432484, 0.096260920167, 0.127244368196, 0.100897364318, 0.147564277053, 0.108878061175, 0.182261005044, 0.0831568166614, 0.0732424259186, 0.0742850378156, 0.0548829250038, 0.0319741033018, 0.0279881265014, 0.0222252812237, 0.023371597752, 0.0203184690326, 0.0142991989851, 0.01375029888, 0.0121094109491, 0.00492592388764, 0.00717071583495, 0.00467794667929, 0.00495007215068, 0.00413765246049, 0.00188178382814, 0.00132174859755, 0.00296060112305, 0.00318723614328, 0.00262448936701, 0.000394872622564, 2.19648081838e-05, 1.54298868438e-06, 2.11462236166e-07, 4.64341724182e-07, 9.95962068373e-07],
        "stdev": [0.00397979002446, 0.160759523511, 1.19474756718, 3.33516430855, 9.3083114624, 25.0008106232, 41.4967308044, 101.102539062, 155.61289978, 61.2947463989, 32.6974983215, 67.1198120117, 172.57623291, 173.784118652, 91.6513824463, 91.4812927246, 58.1968917847, 61.090587616, 35.1572914124, 37.056854248, 31.808921814, 38.1148071289, 14.9067087173, 15.1273956299, 5.69215011597, 8.56286048889, 4.59854221344, 1.21015524864, 0.598774075508, 0.315341442823, 0.0750950574875, 0.0232644472271, 0.0417425893247, 0.0116888768971, 0.00113638385665, 0.000304050394334, 6.66870473651e-05, 2.34295785049e-05, 9.46770887822e-06, 1.83615647984e-05]
    },
    "gfcc": {
        "mean": [-92.6613693237, 169.842910767, -148.733963013, 4.52924823761, -66.7483901978, -15.5433397293, -34.7265014648, -4.33129739761, -25.0031757355, -8.41787719727, 3.58633780479, -20.0620822906, 7.69506883621],
        "cov": [[1969.16503906, -96.2725982666, -1068.45568848, 222.444854736, 308.525482178, -433.346710205, 337.292297363, -2.12086582184, -169.069061279, -50.8160629272, -124.478988647, -75.3336868286, 28.1556148529], [-96.2725982666, 241.708618164, 229.138656616, -114.415512085, -8.41581630707, 37.7219657898, -30.6147956848, -46.7466163635, -12.0899028778, -44.5840797424, 18.2904548645, -24.4776554108, -17.3019866943], [-1068.45568848, 229.138656616, 1055.01489258, -71.6209259033, -317.336120605, 135.33694458, -230.583129883, -70.0888671875, 83.93309021, -36.5161781311, 54.838142395, 32.6052932739, -34.4480934143], [222.444854736, -114.415512085, -71.6209259033, 462.291473389, 109.852905273, -100.565322876, 4.71034860611, 27.2353630066, 30.7617855072, -21.1778564453, -122.991973877, -21.0014972687, -11.2093009949], [308.525482178, -8.41581630707, -317.336120605, 109.852905273, 319.901184082, -1.68941450119, 32.1492195129, 52.8365402222, -15.4210653305, 13.6682786942, -44.720539093, -32.6875534058, -9.21192932129], [-433.346710205, 37.7219657898, 135.33694458, -100.565322876, -1.68941450119, 537.452331543, 57.0978813171, -73.6801147461, -13.2564888, -9.37892913818, -21.721622467, -6.80776596069, -64.8593597412], [337.292297363, -30.6147956848, -230.583129883, 4.71034860611, 32.1492195129, 57.0978813171, 240.7865448, 1.93113064766, -139.095230103, -18.5496253967, 3.82437801361, -26.908246994, 11.7492380142], [-2.12086582184, -46.7466163635, -70.0888671875, 27.2353630066, 52.8365402222, -73.6801147461, 1.93113064766, 147.149353027, 47.1957321167, 12.476729393, -2.00376653671, 7.86506414413, 18.7382659912], [-169.069061279, -12.0899028778, 83.93309021, 30.7617855072, -15.4210653305, -13.2564888, -139.095230103, 47.1957321167, 206.677322388, 40.1149330139, -36.0024032593, 16.1274337769, -16.599527359], [-50.8160629272, -44.5840797424, -36.5161781311, -21.1778564453, 13.6682786942, -9.37892913818, -18.5496253967, 12.476729393, 40.1149330139, 112.330451965, 45.0870018005, -9.60546398163, -10.6076641083], [-124.478988647, 18.2904548645, 54.838142395, -122.991973877, -44.720539093, -21.721622467, 3.82437801361, -2.00376653671, -36.0024032593, 45.0870018005, 151.464111328, 29.9892292023, 13.052646637], [-75.3336868286, -24.4776554108, 32.6052932739, -21.0014972687, -32.6875534058, -6.80776596069, -26.908246994, 7.86506414413, 16.1274337769, -9.60546398163, 29.9892292023, 91.4491500854, 29.2574825287], [28.1556148529, -17.3019866943, -34.4480934143, -11.2093009949, -9.21192932129, -64.8593597412, 11.7492380142, 18.7382659912, -16.599527359, -10.6076641083, 13.052646637, 29.2574825287, 85.5952453613]],
        "icov": [[0.00309857819229, -0.00190084811766, 0.00259519042447, -0.000513739301823, -0.000227832977544, 0.00280221761204, -0.00340701895766, 0.00240170303732, -0.000895091332495, 0.000615888158791, 0.00150959019084, -0.000859653402586, 0.00158080575056], [-0.00190084811766, 0.0127126146108, -0.00602470338345, 0.00462077511474, -0.00595196289942, 0.000500602822285, -0.00179832568392, 0.0030267983675, -0.0030701502692, 0.00538511155173, -0.00185858004261, 0.00398116791621, -0.000307006150251], [0.00259519042447, -0.00602470338345, 0.00621308851987, -0.00280812638812, 0.00442716991529, 0.00040337946848, 0.00154443632346, -0.00032810861012, 0.00146601325832, -0.000540307839401, 0.000260174856521, -0.0010353687685, 0.00123478088062], [-0.000513739301823, 0.00462077511474, -0.00280812638812, 0.00512707512826, -0.00370009453036, 0.00155512441415, -0.00224631535821, 0.00164340261836, -0.00164473592304, 0.00137764972169, 0.0024710346479, 0.000377579854103, 0.000718943309039], [-0.000227832977544, -0.00595196289942, 0.00442716991529, -0.00370009453036, 0.00945783220232, -0.00278471806087, 0.00551034789532, -0.00502499565482, 0.00423139985651, -0.00320669962093, 9.44987477851e-05, -4.66573146696e-05, -0.000154815628775], [0.00280221761204, 0.000500602822285, 0.00040337946848, 0.00155512441415, -0.00278471806087, 0.0060459356755, -0.00643506180495, 0.0046441918239, -0.0026701525785, 0.00124755688012, 0.0026307774242, -0.00154990656301, 0.00345900980756], [-0.00340701895766, -0.00179832568392, 0.00154443632346, -0.00224631535821, 0.00551034789532, -0.00643506180495, 0.0168634261936, -0.00756189506501, 0.00961026921868, -0.00245369435288, -0.00199646875262, 0.00234483554959, -0.00279524968937], [0.00240170303732, 0.0030267983675, -0.00032810861012, 0.00164340261836, -0.00502499565482, 0.0046441918239, -0.00756189506501, 0.0134729286656, -0.00680304365233, 0.00314779346809, 6.62504826323e-05, -5.93880213273e-05, 5.28031087015e-05], [-0.000895091332495, -0.0030701502692, 0.00146601325832, -0.00164473592304, 0.00423139985651, -0.0026701525785, 0.00961026921868, -0.00680304365233, 0.0139691615477, -0.0065829786472, 0.00400053011253, -0.00244622444734, 0.000770023441873], [0.000615888158791, 0.00538511155173, -0.000540307839401, 0.00137764972169, -0.00320669962093, 0.00124755688012, -0.00245369435288, 0.00314779346809, -0.0065829786472, 0.0169868562371, -0.00728025427088, 0.00535925803706, 0.00120366201736], [0.00150959019084, -0.00185858004261, 0.000260174856521, 0.0024710346479, 9.44987477851e-05, 0.0026307774242, -0.00199646875262, 6.62504826323e-05, 0.00400053011253, -0.00728025427088, 0.0145891206339, -0.00586879206821, 0.00147411227226], [-0.000859653402586, 0.00398116791621, -0.0010353687685, 0.000377579854103, -4.66573146696e-05, -0.00154990656301, 0.00234483554959, -5.93880213273e-05, -0.00244622444734, 0.00535925803706, -0.00586879206821, 0.0169865190983, -0.00548952585086], [0.00158080575056, -0.000307006150251, 0.00123478088062, 0.000718943309039, -0.000154815628775, 0.00345900980756, -0.00279524968937, 5.28031087015e-05, 0.000770023441873, 0.00120366201736, 0.00147411227226, -0.00548952585086, 0.0166185479611]]
    },
    "melbands": {
        "max": [0.00159564160276, 0.0128868622705, 0.0101903127506, 0.0136549118906, 0.0184195712209, 0.0194049496204, 0.0158304255456, 0.00662354193628, 0.0040063499473, 0.00863313023001, 0.0077772163786, 0.00849896483123, 0.0042869518511, 0.00392212625593, 0.00328557589091, 0.00191989843734, 0.00214577419683, 0.00110610562842, 0.000728717364836, 0.000877972750459, 0.000618992489763, 0.000473850843264, 0.000155527537572, 0.000215329258936, 0.00014197465498, 7.22782788216e-05, 5.85663801758e-05, 6.05385830568e-05, 5.88408511248e-05, 1.65788260347e-05, 8.69116411195e-06, 7.33593151381e-06, 6.67616677674e-06, 2.63501010522e-06, 7.95505229689e-07, 2.39006880065e-07, 2.62785590621e-07, 7.88912132066e-07, 2.84692418973e-07, 2.0131187739e-07],
        "mean": [4.50325023849e-05, 0.000217093285755, 0.000441545096692, 0.000659415498376, 0.000573348661419, 0.0011345455423, 0.0012224027887, 0.00036842355621, 0.00016397901345, 0.00019015451835, 0.000329655857058, 0.000278529856587, 0.000166055964655, 8.33407757455e-05, 7.51350962673e-05, 5.59436084586e-05, 3.64036604878e-05, 2.44590555667e-05, 1.9603758119e-05, 1.06494244392e-05, 1.55714496941e-05, 1.83207121154e-05, 5.50993036086e-06, 7.24417259335e-06, 6.27466761216e-06, 2.82539281216e-06, 2.24872474064e-06, 3.53199379788e-06, 2.04134880732e-06, 5.49344065348e-07, 1.64641519973e-07, 8.6696559265e-08, 5.39178195424e-08, 3.22443121092e-08, 1.52049288715e-08, 7.203730501e-09, 6.83095269238e-09, 1.01731858493e-08, 8.33478619455e-09, 5.57128343459e-09],
        "min": [7.03620116838e-07, 2.42999590228e-06, 2.52650261245e-06, 3.07567938762e-06, 3.79459697797e-06, 2.78042284663e-06, 1.9107924345e-06, 6.1766388626e-07, 6.54999951166e-07, 8.14012992123e-07, 3.04605094925e-07, 2.06094910027e-07, 2.44125999416e-07, 1.29802714355e-07, 9.46236156096e-08, 5.0648850447e-08, 3.76966298177e-08, 3.09864560677e-08, 1.06179030013e-08, 2.00816039353e-08, 1.72161236378e-08, 1.03471355928e-08, 1.06446300663e-08, 8.32311286558e-09, 4.20623935682e-09, 4.49760539922e-09, 2.28673791014e-09, 4.7837374062e-09, 2.60650545592e-09, 2.35782104951e-09, 8.00467359063e-10, 5.25210763769e-10, 1.26384944177e-11, 3.37264695338e-11, 9.79219483277e-11, 1.05931374783e-09, 1.49052248322e-09, 2.02070493671e-09, 2.11826267638e-09, 1.94359217609e-09],
        "stdev": [8.67471753736e-05, 0.000473138614325, 0.000681238772813, 0.00121998961549, 0.00123645341955, 0.00220277789049, 0.00206250161864, 0.000596212397795, 0.000297675782349, 0.000478729547467, 0.00087105872808, 0.000689682317898, 0.000389777269447, 0.000260857894318, 0.000216569678742, 0.000158938812092, 0.000112846733828, 7.1526344982e-05, 5.60443950235e-05, 4.11620785599e-05, 4.88148180011e-05, 5.22079353686e-05, 1.2822073586e-05, 1.71836600202e-05, 1.40236197694e-05, 5.86033820582e-06, 4.33440754932e-06, 6.90926981406e-06, 4.13846510128e-06, 1.43026170463e-06, 5.24199776919e-07, 3.42111405871e-07, 2.88135453275e-07, 1.38813362582e-07, 4.74335273282e-08, 1.48520493681e-08, 1.46315217719e-08, 3.55987808121e-08, 1.83520896258e-08, 7.7525417197e-09]
    },
    "melbands128": {
        "max": [2.08981800824e-05, 9.61207188084e-05, 0.00126902130432, 0.00633395463228, 0.0168952979147, 0.0164073947817, 0.00990853179246, 0.0153797976673, 0.0160839762539, 0.024233572185, 0.0288364607841, 0.0280980207026, 0.0246612280607, 0.0318888016045, 0.0355987325311, 0.0368728488684, 0.0281671751291, 0.0215281527489, 0.0157334953547, 0.00851831585169, 0.0114948553964, 0.00446096761152, 0.0039636217989, 0.0110938353464, 0.010706230998, 0.0195622853935, 0.00807677023113, 0.0150702483952, 0.0134529871866, 0.00685136206448, 0.0194125492126, 0.0136970728636, 0.0049530621618, 0.00924455467612, 0.00995976943523, 0.00673017278314, 0.00696427002549, 0.00744323711842, 0.00432735262439, 0.00310918386094, 0.00380840338767, 0.00498282909393, 0.00514239678159, 0.00173567479942, 0.00135080190375, 0.00197104387917, 0.00109988322947, 0.00154386332724, 0.000994715024717, 0.00185930123553, 0.00102154316846, 0.000810503377579, 0.00100479985122, 0.00132138154004, 0.00136906141415, 0.0010546966223, 0.000889526389074, 0.000135374168167, 0.000415679911384, 0.000260619272012, 0.000429490115494, 0.000407344748965, 0.000352577830199, 0.000344779429724, 0.000143614044646, 0.000168359751115, 5.7075132645e-05, 0.000142140052048, 0.000140072312206, 9.57903466769e-05, 9.9497687188e-05, 0.000180649847607, 0.000133392692078, 9.3901217042e-05, 6.89615117153e-05, 3.87857471651e-05, 2.37402200582e-05, 2.25018284254e-05, 9.07746652956e-06, 5.88811235502e-06, 5.22624850419e-06, 7.90771446191e-06, 1.39625808515e-05, 4.68399275633e-06, 5.27168094777e-06, 3.48423054675e-06, 2.36617165683e-06, 1.61448895142e-06, 8.77252148257e-07, 5.44688589343e-07, 4.17064597968e-07, 1.73100573875e-07, 1.36844462872e-07, 1.94450009872e-07, 3.89420449665e-07, 1.12598968371e-06, 8.86533598532e-07, 5.05982654886e-07, 3.85099610867e-07, 2.04204653187e-07, 1.98987535782e-07, 2.98415869793e-07, 9.09318060849e-08, 3.16464543459e-08, 1.08036131152e-08, 1.0727901234e-08, 9.67791891071e-09, 8.24240942165e-09, 7.90138265927e-09, 7.57654117223e-09, 7.2722898814e-09, 6.98268420862e-09, 6.72119115919e-09, 6.48057651986e-09, 6.25602813997e-09, 6.04684879946e-09, 5.85567860867e-09, 5.68289904024e-09, 5.52333245807e-09, 5.38090638713e-09, 5.24964827164e-09, 5.13278530789e-09, 5.03093922077e-09, 4.94424678976e-09, 4.86969620184e-09, 4.81534101482e-09, 4.76945816175e-09, 4.74364725278e-09],
        "mean": [3.31941464538e-06, 2.0640427465e-05, 4.68879261462e-05, 0.000119472657389, 0.000197070796276, 0.000306483154418, 0.000373928924091, 0.000504094117787, 0.000484112941194, 0.000761657138355, 0.000762394047342, 0.00038106876309, 0.000531077501364, 0.000778977293521, 0.000863992318045, 0.00140863715205, 0.00189719523769, 0.000987761770375, 0.000764803495258, 0.000402489677072, 0.000215164356632, 0.000110239663627, 0.000177998153958, 0.000203039933695, 0.000112039939268, 0.000228058939683, 0.000254779035458, 0.000439843570348, 0.000293950550258, 0.000174302520463, 0.000350745627657, 0.000332768337103, 0.000102049380075, 0.000108031745185, 8.00980706117e-05, 6.97782597854e-05, 9.48269953369e-05, 0.000100792050944, 3.90969726141e-05, 4.2335523176e-05, 7.73730280343e-05, 4.82236682728e-05, 3.57044154953e-05, 2.80844251392e-05, 3.1745457818e-05, 2.53427278949e-05, 1.19154474305e-05, 2.50300945481e-05, 1.92526404135e-05, 1.43645011121e-05, 8.46838247526e-06, 8.72888085723e-06, 9.15277996683e-06, 2.13480143429e-05, 2.58658328676e-05, 2.07438024518e-05, 1.00409397419e-05, 2.44247507908e-06, 5.50849426872e-06, 7.46054274714e-06, 8.27049643704e-06, 6.28095040156e-06, 5.51273433302e-06, 7.50728713683e-06, 5.52107667318e-06, 2.41846146309e-06, 1.19378205454e-06, 1.88519413769e-06, 2.54500059782e-06, 2.62166417997e-06, 2.80490485238e-06, 5.42621774002e-06, 2.89203103421e-06, 1.32792820295e-06, 8.80121319824e-07, 6.66002392791e-07, 3.42810807297e-07, 2.49600702773e-07, 1.3704227797e-07, 8.77827943668e-08, 9.05437929077e-08, 8.84096849063e-08, 6.58436221102e-08, 5.12227629201e-08, 4.54533086724e-08, 3.4680727623e-08, 2.97581710385e-08, 2.1669459116e-08, 1.44499230359e-08, 1.06220197083e-08, 8.31368751619e-09, 6.04154326567e-09, 5.49002043826e-09, 6.05866246062e-09, 7.85027243211e-09, 1.03069979218e-08, 1.09817790417e-08, 9.70806546263e-09, 8.83194051227e-09, 7.37287386698e-09, 6.42339070822e-09, 5.41111599972e-09, 4.35659552878e-09, 3.84208131976e-09, 3.28776117442e-09, 2.89304913359e-09, 1.216351464e-09, 6.74320099758e-10, 1.9747223301e-10, 7.11665865127e-11, 2.15202352466e-11, 1.16666355396e-11, 1.12498517446e-11, 1.08540581037e-11, 1.04783985308e-11, 1.01459214294e-11, 9.84510216406e-12, 9.53871270165e-12, 9.27180381083e-12, 9.02862246771e-12, 8.81222091825e-12, 8.61838291705e-12, 8.45338295891e-12, 8.3057354397e-12, 8.1510284633e-12, 8.00409998697e-12, 7.90297254721e-12, 7.85619225924e-12],
        "min": [1.1585207238e-09, 4.59177655898e-08, 1.84763365496e-07, 6.54246377962e-07, 3.20741889936e-07, 2.95731183542e-07, 2.37899072886e-07, 8.36045387587e-07, 1.10007636067e-06, 1.57344288709e-06, 5.25491714143e-07, 9.07171454401e-07, 7.35024059395e-08, 1.24498842524e-06, 7.23623543308e-07, 3.11789818852e-07, 4.03684225603e-07, 4.11538792378e-07, 5.48979301129e-07, 2.43659144417e-07, 5.72827794088e-08, 1.20328181197e-07, 1.32623000582e-07, 1.21005854226e-07, 2.07570110433e-07, 5.54078702919e-08, 4.63998404143e-08, 6.3324684163e-08, 5.37803472866e-08, 4.26942214915e-08, 4.49834871574e-08, 9.01293972788e-08, 3.5999875081e-08, 3.96704677996e-08, 2.13004405225e-08, 2.9219899389e-08, 5.20648129054e-08, 1.88492439435e-08, 1.08063638038e-08, 2.12505213426e-08, 2.04699226458e-08, 6.21982820803e-09, 2.6896772809e-08, 2.1482176038e-08, 5.51492984613e-09, 1.11874749464e-08, 7.10824332728e-09, 5.52835022205e-09, 5.86198378727e-09, 8.03987099118e-09, 9.33110477774e-09, 9.9792165642e-09, 3.96932930968e-09, 4.66634508811e-09, 6.90327750519e-09, 3.23568771776e-09, 2.36540453891e-09, 4.95744201245e-09, 2.90959434324e-09, 9.44202493969e-09, 4.09587519457e-09, 1.86607218566e-09, 1.76005077179e-09, 3.40595485149e-09, 3.30092220224e-09, 1.66202029916e-09, 1.64258651125e-09, 1.48340595363e-09, 2.24648721847e-09, 1.36471056678e-09, 1.66947233815e-09, 1.95520533097e-09, 7.09026060086e-10, 1.4397221193e-09, 1.04445474491e-09, 1.27433841257e-09, 1.51353818367e-09, 3.67659069855e-10, 1.85400791941e-11, 3.02717628742e-10, 4.44693698531e-10, 8.03323518817e-11, 3.69230167274e-12, 3.21749940059e-12, 2.65264026023e-12, 3.32401749355e-12, 1.02251731388e-11, 8.60001219544e-12, 5.06836413117e-12, 1.94112833446e-11, 2.35682251493e-10, 7.7197365167e-10, 1.54184554013e-10, 6.94983515181e-10, 9.68779834132e-10, 1.02586261708e-09, 9.3156871106e-10, 1.22041710071e-09, 7.51841644497e-10, 1.25866750356e-09, 9.47064648926e-10, 1.06486830465e-09, 1.01270691832e-09, 5.93678606275e-10, 7.73436731327e-11, 1.0906353945e-12, 1.53929467913e-13, 1.36017052114e-13, 7.70224609461e-14, 7.78502086472e-14, 6.50555049284e-14, 7.17561115236e-14, 7.15468605043e-14, 6.21899653628e-14, 5.68782488556e-14, 5.92830838131e-14, 7.26653505705e-14, 4.90225434302e-14, 6.47425635238e-14, 6.27645925142e-14, 6.13223732318e-14, 7.04169388814e-14, 7.14128666683e-14, 7.16320584663e-14, 4.50290507464e-14, 1.41052102249e-14, 2.77001097807e-15, 7.23216119479e-17],
        "stdev": [2.5800441108e-06, 1.45333378896e-05, 8.3525905211e-05, 0.000330207665684, 0.000558415369596, 0.000719327130355, 0.000712139997631, 0.000978362280875, 0.000968784675933, 0.00172458624002, 0.00177145749331, 0.00119323388208, 0.00152433034964, 0.00252782786265, 0.00290227471851, 0.0035144018475, 0.00404735375196, 0.00229837931693, 0.00149772327859, 0.000800268899184, 0.00056863942882, 0.000292927084956, 0.000361289421562, 0.000565995112993, 0.000378402502974, 0.0009551976691, 0.000763497664593, 0.00159342924599, 0.000932727882173, 0.000594816403463, 0.00127382425126, 0.00100348959677, 0.000380091980333, 0.00045684928773, 0.000405966275139, 0.000360361009371, 0.000435882335296, 0.000375011877622, 0.000166033598362, 0.000180371178431, 0.000267010298558, 0.000250545650488, 0.000188608799363, 0.000107262771053, 0.000109602951852, 0.000109784727101, 4.99903544551e-05, 9.20958846109e-05, 7.22180193407e-05, 9.63551428868e-05, 4.31256376032e-05, 4.72122083011e-05, 4.86192511744e-05, 9.14798802114e-05, 0.000106924286229, 8.21256544441e-05, 4.80786475237e-05, 8.83226857695e-06, 2.06356453418e-05, 2.14231185964e-05, 2.71126718872e-05, 2.95162226394e-05, 1.84714735951e-05, 2.4035178285e-05, 1.46152442539e-05, 9.39873189054e-06, 3.37086635227e-06, 6.71866473567e-06, 6.52774360788e-06, 8.31839861348e-06, 8.12097641756e-06, 1.62041487783e-05, 7.9984201875e-06, 4.41977545051e-06, 3.43957572113e-06, 2.29412989938e-06, 1.57668512202e-06, 1.14282579489e-06, 4.54003838968e-07, 3.14479251529e-07, 3.19013309991e-07, 3.83076127264e-07, 4.53613694162e-07, 2.52743063811e-07, 2.57040738916e-07, 1.56488781045e-07, 1.20942800663e-07, 7.5500395269e-08, 4.62232563336e-08, 3.38612267115e-08, 2.24918501601e-08, 8.95155505276e-09, 7.33788096952e-09, 1.02365333987e-08, 2.13010569183e-08, 4.19904218063e-08, 4.32709406084e-08, 2.6731099112e-08, 2.16128128727e-08, 1.36655611271e-08, 1.11762927801e-08, 9.035455939e-09, 3.26849525223e-09, 1.73818226479e-09, 1.51288326311e-09, 1.41127187714e-09, 1.32420363563e-09, 1.26810839607e-09, 5.02652752754e-10, 4.43367120795e-10, 2.35039931962e-10, 2.16705584033e-10, 2.08576253491e-10, 2.01175576198e-10, 1.94168986445e-10, 1.876957062e-10, 1.81775330899e-10, 1.76435574484e-10, 1.71420794226e-10, 1.6707342454e-10, 1.62977464857e-10, 1.59361010499e-10, 1.56176849231e-10, 1.53511287015e-10, 1.51190046593e-10, 1.49493820101e-10, 1.48082740514e-10, 1.47282408491e-10]
    },
    "mfcc": {
        "mean": [-730.154724121, 196.514556885, -23.5050354004, 15.5655145645, -14.3124446869, -18.3064556122, 1.43366909027, -15.2101488113, -10.2055072784, -4.56352138519, -6.82405233383, -3.38209843636, -3.57581329346],
        "cov": [[2578.26342773, -266.600097656, -1378.18322754, 554.059631348, -259.987792969, -97.851776123, 240.864059448, -20.042678833, 199.987182617, -27.1471614838, -171.625183105, 37.8572120667, 22.5649108887], [-266.600097656, 396.09274292, 186.4815979, -184.45930481, 28.0719909668, -40.2124862671, -2.64080429077, -23.8118801117, -87.8903884888, -0.429880529642, -0.678201496601, -26.9467144012, -12.6895103455], [-1378.18322754, 186.4815979, 1206.69482422, -251.752410889, 32.1535377502, 106.677444458, -230.361373901, 22.4343910217, -137.944503784, -44.0394058228, 92.2831497192, -79.536026001, -15.9005260468], [554.059631348, -184.45930481, -251.752410889, 566.503295898, 36.4937400818, -171.97038269, -2.21494674683, -48.9631538391, 86.615524292, -16.9218349457, -113.292785645, 77.2624053955, 30.3168830872], [-259.987792969, 28.0719909668, 32.1535377502, 36.4937400818, 266.864715576, 29.1111412048, -86.8324432373, 24.2987689972, 38.0088996887, 17.0340023041, 36.4659957886, 31.424539566, -7.09956789017], [-97.851776123, -40.2124862671, 106.677444458, -171.97038269, 29.1111412048, 353.543884277, 55.2789382935, 66.8143005371, 24.9469070435, -11.9663228989, 85.3449935913, -91.4841079712, -31.7886161804], [240.864059448, -2.64080429077, -230.361373901, -2.21494674683, -86.8324432373, 55.2789382935, 339.153778076, 17.11652565, -33.7509078979, 40.5316009521, -65.4872512817, -36.8510437012, 8.59641742706], [-20.042678833, -23.8118801117, 22.4343910217, -48.9631538391, 24.2987689972, 66.8143005371, 17.11652565, 136.230072021, 47.8834953308, -25.4468173981, 13.3318042755, -27.1032009125, 6.57397127151], [199.987182617, -87.8903884888, -137.944503784, 86.615524292, 38.0088996887, 24.9469070435, -33.7509078979, 47.8834953308, 153.684677124, 17.1290111542, -9.62962245941, 18.029417038, -10.8041753769], [-27.1471614838, -0.429880529642, -44.0394058228, -16.9218349457, 17.0340023041, -11.9663228989, 40.5316009521, -25.4468173981, 17.1290111542, 113.225349426, 23.1995010376, -13.8047466278, -16.9644699097], [-171.625183105, -0.678201496601, 92.2831497192, -113.292785645, 36.4659957886, 85.3449935913, -65.4872512817, 13.3318042755, -9.62962245941, 23.1995010376, 134.979019165, 7.34476232529, -27.613286972], [37.8572120667, -26.9467144012, -79.536026001, 77.2624053955, 31.424539566, -91.4841079712, -36.8510437012, -27.1032009125, 18.029417038, -13.8047466278, 7.34476232529, 157.110610962, 48.7830543518], [22.5649108887, -12.6895103455, -15.9005260468, 30.3168830872, -7.09956789017, -31.7886161804, 8.59641742706, 6.57397127151, -10.8041753769, -16.9644699097, -27.613286972, 48.7830543518, 107.376396179]],
        "icov": [[0.00224022101611, -0.00110196473543, 0.00263776117936, -0.00216344045475, 0.00291152717546, -0.00163955218159, 0.00136269361246, -0.00106383254752, 0.000233676037169, -0.000164959041285, 0.000282541819615, 0.000201977047254, 4.19336029154e-05], [-0.00110196473543, 0.00454667070881, -0.00176351785194, 0.002807458397, -0.00286353006959, 0.00241409195587, -0.00156851729844, 0.00171482737642, 0.000135587906698, 0.00115004077088, 0.000323325803038, 0.000676638388541, 0.000232100137509], [0.00263776117936, -0.00176351785194, 0.00456496328115, -0.00267475214787, 0.00380054954439, -0.00299084302969, 0.00339698372409, -0.00248487317003, 0.00245470646769, -0.00123074604198, 0.0011739943875, 3.08076450892e-05, 0.000254940678133], [-0.00216344045475, 0.002807458397, -0.00267475214787, 0.00584774138406, -0.00427750777453, 0.00361063424498, -0.00242374138907, 0.00337404734455, -0.00265566352755, 0.00221925135702, 0.00069873634493, 0.000327406247379, -0.000372802955098], [0.00291152717546, -0.00286353006959, 0.00380054954439, -0.00427750777453, 0.00941154267639, -0.00458290567622, 0.00450681801885, -0.00432019680738, 0.00201905169524, -0.0037180094514, 0.00160455261357, -0.00237888144329, 0.00109860755038], [-0.00163955218159, 0.00241409195587, -0.00299084302969, 0.00361063424498, -0.00458290567622, 0.00953565910459, -0.00594464596361, 0.0042465957813, -0.00626304931939, 0.0066052689217, -0.00742190005258, 0.00564207276329, -0.00215510628186], [0.00136269361246, -0.00156851729844, 0.00339698372409, -0.00242374138907, 0.00450681801885, -0.00594464596361, 0.00932794716209, -0.0060044452548, 0.00732683762908, -0.00746594462544, 0.00738928467035, -0.00330886407755, 0.00183574273251], [-0.00106383254752, 0.00171482737642, -0.00248487317003, 0.00337404734455, -0.00432019680738, 0.0042465957813, -0.0060044452548, 0.015673732385, -0.00994894374162, 0.00891144014895, -0.00621315045282, 0.00579243991524, -0.00422426685691], [0.000233676037169, 0.000135587906698, 0.00245470646769, -0.00265566352755, 0.00201905169524, -0.00626304931939, 0.00732683762908, -0.00994894374162, 0.0179043766111, -0.00974346231669, 0.00860466156155, -0.00631311070174, 0.00472520617768], [-0.000164959041285, 0.00115004077088, -0.00123074604198, 0.00221925135702, -0.0037180094514, 0.0066052689217, -0.00746594462544, 0.00891144014895, -0.00974346231669, 0.0185500252992, -0.00997514370829, 0.00693303719163, -0.00264119100757], [0.000282541819615, 0.000323325803038, 0.0011739943875, 0.00069873634493, 0.00160455261357, -0.00742190005258, 0.00738928467035, -0.00621315045282, 0.00860466156155, -0.00997514370829, 0.0199997983873, -0.00837064255029, 0.00588903436437], [0.000201977047254, 0.000676638388541, 3.08076450892e-05, 0.000327406247379, -0.00237888144329, 0.00564207276329, -0.00330886407755, 0.00579243991524, -0.00631311070174, 0.00693303719163, -0.00837064255029, 0.0140818683431, -0.00671719247475], [4.19336029154e-05, 0.000232100137509, 0.000254940678133, -0.000372802955098, 0.00109860755038, -0.00215510628186, 0.00183574273251, -0.00422426685691, 0.00472520617768, -0.00264119100757, 0.00588903436437, -0.00671719247475, 0.0136452931911]]
    },
    "spectral_contrast_coeffs": {
        "max": [-0.377461254597, -0.397094428539, -0.453222155571, -0.563316404819, -0.578451991081, -0.606805622578],
        "mean": [-0.649201869965, -0.677212834358, -0.685373961926, -0.762105643749, -0.769078791142, -0.804839789867],
        "min": [-0.874926388264, -0.890188753605, -0.910784184933, -0.923004150391, -0.904835104942, -0.951729595661],
        "stdev": [0.0816122666001, 0.0950432494283, 0.0820426046848, 0.0585287958384, 0.0597964897752, 0.0507185943425]
    },
    "spectral_contrast_valleys": {
        "max": [-5.60391521454, -4.71077442169, -5.73143959045, -6.64694738388, -6.65333604813, -9.97168540955],
        "mean": [-7.32737350464, -6.71178531647, -7.82125043869, -8.42597484589, -8.78483295441, -11.9674987793],
        "min": [-8.99333381653, -8.41478729248, -9.63603782654, -10.3387022018, -10.4867267609, -12.9839468002],
        "stdev": [0.570806205273, 0.60090970993, 0.658570885658, 0.6919054389, 0.764776945114, 0.237620994449]
    }
},
"rhythm": {
    "beats_count": 85,
    "beats_loudness": {
        "max": 0.0788684338331,
        "mean": 0.0278882645071,
        "min": 0.00174566078931,
        "stdev": 0.0164418015629
    },
    "bpm": 104.444847107,
    "bpm_histogram_first_peak_bpm": 105,
    "bpm_histogram_first_peak_weight": 0.546875,
    "bpm_histogram_second_peak_bpm": 126,
    "bpm_histogram_second_peak_spread": 0.199999988079,
    "bpm_histogram_second_peak_weight": 0.095238097012,
    "danceability": 1.10946691036,
    "onset_rate": 2.3173828125,
    "beats_loudness_band_ratio": {
        "max": [0.695658683777, 0.956135332584, 0.949564695358, 0.747093677521, 0.317397505045, 0.0540037453175],
        "mean": [0.155134037137, 0.335065454245, 0.364285856485, 0.196197211742, 0.0424757525325, 0.00978154316545],
        "min": [0.00300033739768, 0.0228060930967, 0.0280370078981, 0.00312286289409, 0.000489096390083, 0.000131205204525],
        "stdev": [0.15926477313, 0.229142427444, 0.23238773644, 0.188356995583, 0.0602928064764, 0.0124695766717]
    },
