{
"metadata": {
    "version": {
        "essentia": "2.1-beta5",
        "essentia_git_sha": "Undefined",
        "extractor": "music 2.0"
    },
    "audio_properties": {
        "analysis": {
            "equal_loudness": 0,
            "length": 32.4963264465,
            "sample_rate": 44100,
            "start_time": 0,
            "downmix": "mix"
        },
        "bit_rate": 192000,
        "length": 250.05569458,
        "lossless": 0,
        "number_channels": 1,
        "replay_gain": 4.38694572449,
        "sample_rate": 44100,
        "codec": "mp3",
        "md5_encoded": "736b431ef751269da9304cfde9018a11"
    },
    "tags": {
        "file_name": "France_Et Bonjour à Toi L_artiste_Nicole Rieu.mp3",
        "encoding": ["Lavf58.29.100"]
    }
},
"lowlevel": {
    "average_loudness": 0.15045017004,
    "barkbands_crest": {
        "max": 25.5238876343,
        "mean": 10.7030153275,
        "min": 2.30268645287,
        "stdev": 5.16744756699
    },
    "barkbands_flatness_db": {
        "max": 0.359737306833,
        "mean": 0.148136049509,
        "min": 0.0376846268773,
        "stdev": 0.0669641569257
    },
    "barkbands_kurtosis": {
        "max": 162.188537598,
        "mean": 9.40450763702,
        "min": -1.91654419899,
        "stdev": 16.9216442108
    },
    "barkbands_skewness": {
        "max": 9.86145496368,
        "mean": 1.95309102535,
        "min": -5.04156398773,
        "stdev": 1.78487324715
    },
    "barkbands_spread": {
        "max": 88.2055587769,
        "mean": 21.910484314,
        "min": 0.568612098694,
        "stdev": 16.842168808
    },
    "dissonance": {
        "max": 0.500000119209,
        "mean": 0.450085014105,
        "min": 0.160078153014,
        "stdev": 0.0499730445445
    },
    "dynamic_complexity": 9.58937072754,
    "erbbands_crest": {
        "max": 32.349822998,
        "mean": 10.4145851135,
        "min": 2.58107352257,
        "stdev": 5.82460832596
    },
    "erbbands_flatness_db": {
        "max": 0.367982894182,
        "mean": 0.180405691266,
        "min": 0.0710884407163,
        "stdev": 0.0597043223679
    },
    "erbbands_kurtosis": {
        "max": 108.503227234,
        "mean": 2.33345746994,
        "min": -1.82669389248,
        "stdev": 6.87920761108
    },
    "erbbands_skewness": {
        "max": 8.31672382355,
        "mean": 0.839839756489,
        "min": -5.3614192009,
        "stdev": 1.27747440338
    },
    "erbbands_spread": {
        "max": 144.024642944,
        "mean": 43.2547950745,
        "min": 1.80312955379,
        "stdev": 24.5877494812
    },
    "hfc": {
        "max": 886.203552246,
        "mean": 15.7385368347,
        "min": 1.10550875688e-16,
        "stdev": 61.4540481567
    },
    "loudness_ebu128": {
        "integrated": -33.2176856995,
        "loudness_range": 13.1813583374,
        "momentary": {
            "max": -24.1568660736,
            "mean": -41.5845184326,
            "min": -58.1522064209,
            "stdev": 8.44865036011
        },
        "short_term": {
            "max": -28.2987728119,
            "mean": -37.8064804077,
            "min": -49.5474700928,
            "stdev": 4.77300977707
        }
    },
    "melbands_crest": {
        "max": 32.597530365,
        "mean": 13.8987846375,
        "min": 1.28514432907,
        "stdev": 6.38289451599
    },
    "melbands_flatness_db": {
        "max": 0.420141488314,
        "mean": 0.187964335084,
        "min": 0.000468838814413,
        "stdev": 0.0818058997393
    },
    "melbands_kurtosis": {
        "max": 232.979873657,
        "mean": 21.1634273529,
        "min": -1.94749426842,
        "stdev": 28.3047637939
    },
    "melbands_skewness": {
        "max": 13.5299129486,
        "mean": 3.02421689034,
        "min": -1.67902183533,
        "stdev": 1.96495783329
    },
    "melbands_spread": {
        "max": 263.007873535,
        "mean": 27.140663147,
        "min": 0.770854592323,
        "stdev": 34.1050949097
    },
    "pitch_salience": {
        "max": 0.971829354763,
        "mean": 0.619082987309,
        "min": 0.0991368442774,
        "stdev": 0.143728807569
    },
    "silence_rate_20dB": {
        "max": 1,
        "mean": 1,
        "min": 1,
        "stdev": 0
    },
    "silence_rate_30dB": {
        "max": 1,
        "mean": 0.985010683537,
        "min": 0,
        "stdev": 0.121510349214
    },
    "silence_rate_60dB": {
        "max": 1,
        "mean": 0.620271205902,
        "min": 0,
        "stdev": 0.485319852829
    },
    "spectral_centroid": {
        "max": 11306.7890625,
        "mean": 1339.77893066,
        "min": 280.013061523,
        "stdev": 1132.78808594
    },
    "spectral_complexity": {
        "max": 58,
        "mean": 6.49464654922,
        "min": 0,
        "stdev": 9.8069858551
    },
    "spectral_decrease": {
        "max": 4.13556261998e-25,
        "mean": -2.11930095695e-09,
        "min": -9.07152681862e-08,
        "stdev": 6.0325078266e-09
    },
    "spectral_energy": {
        "max": 0.358430206776,
        "mean": 0.00942625943571,
        "min": 1.01928700903e-20,
        "stdev": 0.0268719550222
    },
    "spectral_energyband_high": {
        "max": 0.100743561983,
        "mean": 0.00122731144074,
        "min": 7.48947259623e-21,
        "stdev": 0.00633192434907
    },
    "spectral_energyband_low": {
        "max": 0.00666424911469,
        "mean": 0.000143954064697,
        "min": 3.32294277243e-23,
        "stdev": 0.000398857257096
    },
    "spectral_energyband_middle_high": {
        "max": 0.201004847884,
        "mean": 0.0024635756854,
        "min": 1.36539953177e-21,
        "stdev": 0.0104205226526
    },
    "spectral_energyband_middle_low": {
        "max": 0.351495444775,
        "mean": 0.00568865891546,
        "min": 2.41109769478e-22,
        "stdev": 0.0170616377145
    },
    "spectral_entropy": {
        "max": 9.81615924835,
        "mean": 7.5575671196,
        "min": 5.31571626663,
        "stdev": 0.658462941647
    },
    "spectral_flux": {
        "max": 0.555975317955,
        "mean": 0.0477135740221,
        "min": 6.26410520677e-11,
        "stdev": 0.0643834471703
    },
    "spectral_kurtosis": {
        "max": 23.0565185547,
        "mean": 3.38682675362,
        "min": -1.20020711422,
        "stdev": 3.42751431465
    },
    "spectral_rms": {
        "max": 0.018699945882,
        "mean": 0.00193687831052,
        "min": 3.15345275934e-12,
        "stdev": 0.00233342219144
    },
    "spectral_rolloff": {
        "max": 19422.9492188,
        "mean": 1929.27478027,
        "min": 193.798828125,
        "stdev": 2551.57470703
    },
    "spectral_skewness": {
        "max": 3.93347740173,
        "mean": 1.44130444527,
        "min": -0.367219537497,
        "stdev": 0.639308214188
    },
    "spectral_spread": {
        "max": 40487980,
        "mean": 5462280,
        "min": 1844197.625,
        "stdev": 3050336.25
    },
    "spectral_strongpeak": {
        "max": 22.0813961029,
        "mean": 0.583370685577,
        "min": 0,
        "stdev": 1.3657720089
    },
    "zerocrossingrate": {
        "max": 0.521484375,
        "mean": 0.0776353254914,
        "min": 0,
        "stdev": 0.0630355924368
    },
    "barkbands": {
        "max": [0.0010107785929, 0.00055163766956, 0.00175954098813, 0.0150880292058, 0.0578359216452, 0.125107929111, 0.338835120201, 0.0736125260592, 0.146879971027, 0.0158827099949, 0.0207373779267, 0.00933388527483, 0.0217660013586, 0.0515753217041, 0.114723443985, 0.0102100018412, 0.00769215682521, 0.035129647702, 0.0183125790209, 0.030562242493, 0.0152177941054, 0.0199547130615, 0.0153392674401, 0.0598878674209, 0.0286349952221, 0.00059985218104, 2.16146887055e-08],
        "mean": [2.363794556e-05, 2.68622097792e-05, 4.23188976129e-05, 0.00015650090063, 0.00109201995656, 0.00188463996165, 0.00152838171925, 0.000479470792925, 0.000486977980472, 0.000233825339819, 0.000160574927577, 0.000156523747137, 0.000164439043147, 0.000304394838167, 0.000576692807954, 0.000177255729795, 0.000136951144668, 0.000233699276578, 0.000184785603778, 0.00040161353536, 0.000113027985208, 0.000106694402348, 0.000183309122804, 0.00044973695185, 0.000116975228593, 4.95353651786e-06, 1.65329505641e-09],
        "min": [1.68106475839e-24, 7.2416508132e-24, 5.2354385931e-25, 3.76988698553e-24, 1.47417308812e-23, 7.02597229741e-24, 2.71227544828e-23, 1.44624472995e-23, 4.57006055056e-23, 1.27537027925e-23, 8.10612009188e-24, 5.02806435689e-23, 5.7225636139e-23, 7.10641559936e-23, 6.59755550819e-23, 9.32821961972e-23, 9.26090454096e-23, 1.43910443435e-22, 2.18126351181e-22, 2.49279642153e-22, 3.45784568651e-22, 4.29987253508e-22, 5.62364525266e-22, 7.80504280771e-22, 9.89659503789e-22, 1.43592707933e-21, 2.21333195716e-21],
        "stdev": [6.60464429529e-05, 4.8103142035e-05, 0.000111226378067, 0.000733148423024, 0.00320816761814, 0.00798231642693, 0.010526176542, 0.00337327248417, 0.00456885527819, 0.00114876811858, 0.000897769408766, 0.000624901149422, 0.000869128969498, 0.00229724636301, 0.00518575403839, 0.000775240536314, 0.000582861073781, 0.00141044147313, 0.000993885449134, 0.00220682332292, 0.000691314635333, 0.000783370516729, 0.00108971260488, 0.00292544742115, 0.00119796756189, 3.68241053366e-05, 1.52438506262e-09]
    },
    "erbbands": {
        "max": [0.029446028173, 0.112643629313, 1.33586609364, 22.685256958, 108.45401001, 238.877929688, 421.396881104, 1326.87683105, 5636.21826172, 3083.89770508, 910.215942383, 3645.2722168, 497.406188965, 447.478210449, 984.67980957, 315.580749512, 673.485473633, 2623.76147461, 9702.37011719, 3837.34301758, 610.639770508, 482.51574707, 1661.14111328, 1591.91064453, 871.448181152, 1706.19396973, 1083.51513672, 564.014343262, 782.091064453, 590.70892334, 584.241882324, 842.014465332, 1254.75036621, 514.54888916, 34.48802948, 5.96546888351, 0.653885364532, 0.0242397077382, 0.00262183882296, 0.000851814402267],
        "mean": [0.000999559182674, 0.00589537108317, 0.0380959883332, 0.31076297164, 1.31679463387, 3.87268066406, 9.56735801697, 17.5491828918, 24.8103427887, 15.7449111938, 9.86947727203, 11.3083229065, 7.41325330734, 6.60420227051, 7.79476642609, 6.0895447731, 7.10107088089, 12.9484672546, 30.4423522949, 19.6349601746, 8.55345249176, 8.03439903259, 10.7404537201, 13.5111579895, 9.64416503906, 18.8870010376, 9.48697948456, 3.3464050293, 3.51977801323, 4.7259144783, 5.58097219467, 7.67331647873, 7.86778783798, 2.42737388611, 0.20418561995, 0.045863956213, 0.00489009171724, 0.000174444867298, 2.30048826779e-05, 1.66149184224e-05],
        "min": [1.09338103082e-22, 1.46906893087e-21, 2.37886319736e-21, 2.20903752461e-20, 3.07507623891e-20, 8.61055144977e-20, 8.06543296375e-20, 8.05614850761e-20, 4.27659795466e-19, 4.72448963148e-19, 4.78973246832e-19, 8.84274686383e-19, 5.91528384866e-19, 7.55827599324e-19, 1.24673582162e-18, 2.21343006046e-18, 2.57998563633e-18, 3.67952435776e-18, 5.47996816059e-18, 5.85848187299e-18, 4.28577660923e-18, 6.50524736291e-18, 7.7668363498e-18, 8.32737198318e-18, 1.00491343661e-17, 1.06382921031e-17, 1.07715252572e-17, 1.51337308734e-17, 1.40918439524e-17, 1.26017773405e-17, 1.44302782826e-17, 1.46668287767e-17, 1.08806609856e-17, 9.77302147767e-18, 7.40128373042e-18, 4.97645050043e-18, 2.73008272836e-18, 1.04885436677e-18, 2.85415930326e-19, 3.02564993549e-20],
        "stdev": [0.0019522580551, 0.0104330098256, 0.0888184607029, 1.24336755276, 5.18765878677, 12.6491031647, 30.1876335144, 85.8313751221, 172.664367676, 111.541786194, 47.3903465271, 110.204246521, 31.6188964844, 29.2836990356, 42.7204818726, 22.4410381317, 32.3348312378, 92.8623428345, 334.276763916, 150.210983276, 38.0177955627, 34.1101036072, 61.120059967, 80.7584991455, 49.7650947571, 109.60471344, 54.6146965027, 22.7697086334, 27.8237705231, 28.2996196747, 34.934337616, 45.9305915833, 56.8408889771, 22.9698448181, 1.71047544479, 0.334724158049, 0.0383524820209, 0.00130073481705, 0.000131577020511, 5.7479908719e-05]
    },
    "gfcc": {
        "mean": [-168.388000488, 87.9732894897, -123.806724548, 40.8241348267, -90.1301727295, 10.2860078812, -57.9873657227, 4.00169229507, -21.8418006897, -6.16319131851, -3.49951004982, -15.1667785645, -1.09613144398],
        "cov": [[18044.8183594, 29.3623962402, -2971.81689453, 110.36819458, -995.495727539, -333.019226074, -522.992492676, -363.160705566, 139.534103394, -284.088104248, 620.56640625, -253.220062256, 371.039337158], [29.3623962402, 1337.91711426, 16.0548381805, -412.673217773, -41.1076049805, -249.723144531, 8.9380235672, -191.623413086, -51.6465301514, -166.820083618, 57.1915893555, -169.202224731, 12.6171684265], [-2971.81689453, 16.0548381805, 1115.17468262, 99.7376098633, 61.9840240479, 34.5572891235, -88.1123199463, 53.9731178284, -113.937156677, 52.7381706238, -169.535629272, 68.1194229126, -92.3274002075], [110.36819458, -412.673217773, 99.7376098633, 510.038391113, 37.9835166931, 12.6929063797, -92.9607620239, 72.4822540283, 31.1956787109, 43.9651031494, -37.0790328979, 20.5222911835, -5.89474868774], [-995.495727539, -41.1076049805, 61.9840240479, 37.9835166931, 241.118347168, 40.3410758972, 1.80331003666, 8.18091201782, 4.19433546066, 36.8992767334, -41.2257766724, 11.4128131866, -15.7918510437], [-333.019226074, -249.723144531, 34.5572891235, 12.6929063797, 40.3410758972, 362.237915039, 113.967407227, 80.431388855, -51.9687957764, 48.559211731, -103.345466614, 51.4156646729, -31.7399082184], [-522.992492676, 8.9380235672, -88.1123199463, -92.9607620239, 1.80331003666, 113.967407227, 233.788757324, 52.0416946411, -19.301990509, -23.6297969818, -11.057721138, 8.02764129639, -4.44563150406], [-363.160705566, -191.623413086, 53.9731178284, 72.4822540283, 8.18091201782, 80.431388855, 52.0416946411, 168.882415771, 2.54466986656, 43.7540245056, -64.6428604126, 36.42735672, -35.6789665222], [139.534103394, -51.6465301514, -113.937156677, 31.1956787109, 4.19433546066, -51.9687957764, -19.301990509, 2.54466986656, 139.868621826, 28.6878204346, 40.8863182068, -12.8357028961, 7.61041021347], [-284.088104248, -166.820083618, 52.7381706238, 43.9651031494, 36.8992767334, 48.559211731, -23.6297969818, 43.7540245056, 28.6878204346, 147.09614563, -12.9233179092, 23.081029892, -41.062335968], [620.56640625, 57.1915893555, -169.535629272, -37.0790328979, -41.2257766724, -103.345466614, -11.057721138, -64.6428604126, 40.8863182068, -12.9233179092, 160.567840576, -16.9911022186, 34.6660499573], [-253.220062256, -169.202224731, 68.1194229126, 20.5222911835, 11.4128131866, 51.4156646729, 8.02764129639, 36.42735672, -12.8357028961, 23.081029892, -16.9911022186, 142.612075806, 15.2116889954], [371.039337158, 12.6171684265, -92.3274002075, -5.89474868774, -15.7918510437, -31.7399082184, -4.44563150406, -35.6789665222, 7.61041021347, -41.062335968, 34.6660499573, 15.2116889954, 98.6904144287]],
        "icov": [[0.000250165263424, -5.98994083703e-05, 0.000708528095856, -0.000176496178028, 0.000838759879116, -0.000293563178275, 0.000930977170356, -2.54437418334e-05, 0.000389586639358, 0.000120130665891, -0.000215394989937, 5.57653693249e-05, -0.000121023127576], [-5.98994083703e-05, 0.00163444760256, -0.000383037811844, 0.0011150840437, -0.00033900179551, 0.000939363089856, -0.000440223782789, 0.000777134730015, 0.000189395679627, 0.000884774606675, 0.000405565602705, 0.00126563059166, 0.000249478267506], [0.000708528095856, -0.000383037811844, 0.00335617689416, -0.000776246772148, 0.00231587071903, -0.000530498567969, 0.00301258848049, 7.67076107877e-06, 0.00196836236864, -3.55771589966e-05, 0.000528854317963, -0.000668024120387, 0.000567637558561], [-0.000176496178028, 0.0011150840437, -0.000776246772148, 0.00331664062105, -0.00100458110683, 0.00046885581105, 0.000562102883123, -0.000929750385694, -0.000591999094468, 0.000589405244682, 0.000298752944218, 0.00093779002782, -0.000286460359348], [0.000838759879116, -0.00033900179551, 0.00231587071903, -0.00100458110683, 0.00744383689016, -0.00112299795728, 0.00268471706659, 0.000823740032502, 0.00086829601787, -0.000800337817054, 0.000572591612581, -0.000114934024168, -0.000338214100339], [-0.000293563178275, 0.000939363089856, -0.000530498567969, 0.00046885581105, -0.00112299795728, 0.0055966693908, -0.00345515087247, 0.000625409011263, 0.00104658631608, -0.0014821793884, 0.00313879968598, -0.000456736946944, 0.000476480403449], [0.000930977170356, -0.000440223782789, 0.00301258848049, 0.000562102883123, 0.00268471706659, -0.00345515087247, 0.0103248022497, -0.00302444025874, 0.00156246102415, 0.00244785170071, -0.00228267721832, 0.000332548283041, -0.000253303966019], [-2.54437418334e-05, 0.000777134730015, 7.67076107877e-06, -0.000929750385694, 0.000823740032502, 0.000625409011263, -0.00302444025874, 0.0103137586266, -0.000871727475896, -0.00152704236098, 0.0036419252865, -0.00138488109224, 0.00223938631825], [0.000389586639358, 0.000189395679627, 0.00196836236864, -0.000591999094468, 0.00086829601787, 0.00104658631608, 0.00156246102415, -0.000871727475896, 0.0101355426013, -0.0020595358219, -0.0014771228889, 0.000894617871381, -0.000709600688424], [0.000120130665891, 0.000884774606675, -3.55771589966e-05, 0.000589405244682, -0.000800337817054, -0.0014821793884, 0.00244785170071, -0.00152704236098, -0.0020595358219, 0.0107710063457, -0.00175018922891, -0.000488116609631, 0.00372095708735], [-0.000215394989937, 0.000405565602705, 0.000528854317963, 0.000298752944218, 0.000572591612581, 0.00313879968598, -0.00228267721832, 0.0036419252865, -0.0014771228889, -0.00175018922891, 0.0113989086822, -0.000566834816709, -0.000945446954574], [5.57653693249e-05, 0.00126563059166, -0.000668024120387, 0.00093779002782, -0.000114934024168, -0.000456736946944, 0.000332548283041, -0.00138488109224, 0.000894617871381, -0.000488116609631, -0.000566834816709, 0.009735240601, -0.00316489092074], [-0.000121023127576, 0.000249478267506, 0.000567637558561, -0.000286460359348, -0.000338214100339, 0.000476480403449, -0.000253303966019, 0.00223938631825, -0.000709600688424, 0.00372095708735, -0.000945446954574, -0.00316489092074, 0.0143898641691]]
    },
    "melbands": {
        "max": [0.000217890512431, 0.000663940561935, 0.00527811935171, 0.00988930370659, 0.0116038452834, 0.0287923067808, 0.0790107622743, 0.0317105315626, 0.0140137663111, 0.0200264006853, 0.00252184271812, 0.00206184783019, 0.00305155524984, 0.00137851561885, 0.00114343722817, 0.00349849904887, 0.00464802794158, 0.0181217622012, 0.00861663464457, 0.00279331556521, 0.000675777962897, 0.000527600350324, 0.000897445192095, 0.00216271262616, 0.00137774692848, 0.000480976741528, 0.0010502449004, 0.00128220452461, 0.000996072194539, 0.000170904604602, 0.000421704229666, 0.000611259252764, 0.000448876671726, 0.000356273842044, 0.000311761308694, 0.000456624140497, 0.000476777437143, 0.000837097177282, 0.000881485815626, 0.000280281208688],
        "mean": [9.51019046624e-06, 1.79527214641e-05, 7.95003361418e-05, 0.000178592337761, 0.000309109600494, 0.000395671784645, 0.000360920152161, 0.000152667867951, 8.11380741652e-05, 6.75955670886e-05, 3.63862636732e-05, 2.73321111308e-05, 2.41509169427e-05, 1.98645811906e-05, 1.41259670272e-05, 1.74099186552e-05, 2.29532815865e-05, 4.97831060784e-05, 3.60899284715e-05, 1.66491790878e-05, 8.47116371006e-06, 7.52376672608e-06, 8.57826671563e-06, 1.22380242829e-05, 1.10555893116e-05, 5.49396418137e-06, 9.39232268138e-06, 1.38326913657e-05, 7.82451388659e-06, 2.00663635042e-06, 1.90062098682e-06, 2.02420642381e-06, 2.12287045542e-06, 2.76293917523e-06, 3.02021203424e-06, 3.58597412742e-06, 5.23335165781e-06, 6.03056105319e-06, 4.36352274846e-06, 1.21390337426e-06],
        "min": [1.79030759706e-24, 3.74170295754e-24, 7.37859627749e-24, 3.76230800438e-24, 2.87062223561e-24, 1.4587908724e-24, 7.02728101765e-24, 5.30280189099e-24, 3.48097930077e-24, 5.12546240962e-24, 2.82834481312e-24, 2.81733547032e-24, 2.63481001736e-24, 4.81681269184e-24, 5.12285561876e-24, 6.10790347009e-24, 6.09178625294e-24, 7.24270552023e-24, 5.80789177923e-24, 7.15299783581e-24, 4.13078335549e-24, 5.78977953284e-24, 6.73748665323e-24, 6.79285522245e-24, 5.73255201291e-24, 8.29282926865e-24, 6.47845470867e-24, 7.09733028831e-24, 6.11725975486e-24, 7.61782781333e-24, 8.98567870196e-24, 7.98985067193e-24, 7.15883619537e-24, 6.64280441194e-24, 7.74237553963e-24, 7.3450862551e-24, 6.66803218369e-24, 6.52571773209e-24, 7.14026404308e-24, 7.11599552619e-24],
        "stdev": [1.75717341335e-05, 4.27652339567e-05, 0.000314993812935, 0.000537109444849, 0.000938889221288, 0.00183316832408, 0.00243058055639, 0.00114669185132, 0.000501903472468, 0.000623506726697, 0.000162716532941, 0.000131311579025, 0.000134206973598, 8.62310917e-05, 5.66610542592e-05, 0.000115928000014, 0.000170316445292, 0.000605081906542, 0.000312362768454, 0.000101190533314, 3.85012972401e-05, 3.24733809975e-05, 4.20080250478e-05, 8.22521105874e-05, 6.86899365974e-05, 2.67523519142e-05, 5.42522175238e-05, 8.532130596e-05, 4.93672087032e-05, 9.87401381281e-06, 1.58570092026e-05, 1.89268685062e-05, 1.47071177707e-05, 1.65820092661e-05, 1.896759386e-05, 2.36866162595e-05, 3.03623382933e-05, 4.10865104641e-05, 3.88011285395e-05, 1.23316003737e-05]
    },
    "melbands128": {
        "max": [0.000366325606592, 0.000294388853945, 0.000219712572289, 0.000157197995577, 0.000323591346387, 0.00115657527931, 0.00385219743475, 0.00902325473726, 0.0153083503246, 0.00773369986564, 0.0151218529791, 0.0167781822383, 0.0207451656461, 0.0149036869407, 0.0362802036107, 0.0566483438015, 0.0907586738467, 0.122229941189, 0.0261228531599, 0.0509936548769, 0.0272733420134, 0.00713554490358, 0.00746241677552, 0.0447147153318, 0.0365235209465, 0.00791478157043, 0.00724792061374, 0.0030976429116, 0.00571449939162, 0.00469508953393, 0.00276138377376, 0.00185257685371, 0.00366104673594, 0.00556838745251, 0.0018208505353, 0.00210012402385, 0.00137421232648, 0.00196470855735, 0.0011429033475, 0.00293253641576, 0.00303635280579, 0.0102692386135, 0.006003966555, 0.00625615287572, 0.00827717687935, 0.0370450392365, 0.00808556098491, 0.0177030190825, 0.010709060356, 0.00661074090749, 0.00113804801367, 0.000995605252683, 0.00101934920531, 0.000935274525546, 0.000557139166631, 0.000748750229832, 0.000778756162617, 0.00108611350879, 0.000864005938638, 0.000772186496761, 0.00357673992403, 0.00197854917496, 0.00305073615164, 0.00126165477559, 0.000871487543918, 0.000519760418683, 0.000448129198048, 0.000865189707838, 0.00154243898578, 0.00167992839124, 0.00175312976353, 0.00298047275282, 0.00168631051201, 0.00111918139737, 0.000359828729415, 0.00017007914721, 0.000140038420795, 0.000157683549332, 0.000436900358181, 0.000756347726565, 0.000924882129766, 0.000395576382289, 0.000324256892782, 0.000710494758096, 0.000294811208732, 0.000562533852644, 0.00037720130058, 0.000302490108879, 0.000322790612699, 0.000494172098115, 0.000586708483752, 0.000447655969765, 0.000782196933869, 0.000356210832251, 0.000622795487288, 0.000670925946906, 0.000953067501541, 0.00142723205499, 0.000754709821194, 0.00115767761599, 0.000431998312706, 0.000158767114044, 5.55905207875e-05, 2.1055840989e-05, 2.24236846407e-05, 2.3687212888e-05, 1.76812354766e-05, 1.25182223201e-05, 1.18612460938e-05, 4.12691360907e-06, 5.40387372894e-06, 3.29470549332e-06, 1.82800840776e-06, 3.11379380946e-07, 6.19748474762e-10, 1.79299880498e-10, 1.06077778506e-10, 1.01325545177e-10, 9.8802827031e-11, 9.80990982891e-11, 9.48002232271e-11, 9.24340951003e-11, 8.86625495244e-11, 8.82830336613e-11, 8.70257685359e-11, 8.71978739214e-11, 8.65890623092e-11, 8.59983959045e-11],
        "mean": [1.20897502711e-05, 9.14317297429e-06, 9.02090778254e-06, 9.07585035748e-06, 1.16790633911e-05, 2.45989594987e-05, 5.3948329878e-05, 8.7249551143e-05, 0.000129337553517, 0.000166036756127, 0.000208857149119, 0.000296551908832, 0.000352079456206, 0.000298885337543, 0.000374933384592, 0.000460340757854, 0.000464405602543, 0.000361422949936, 0.000207402656088, 0.000179094698979, 0.000122153200209, 7.36163856345e-05, 6.85513805365e-05, 9.99675758067e-05, 8.17173422547e-05, 5.46433766431e-05, 3.61431921192e-05, 3.23120511894e-05, 3.92925212509e-05, 3.3510641515e-05, 2.15347572521e-05, 1.75590321305e-05, 2.44202910835e-05, 2.99327202811e-05, 2.33383379964e-05, 1.70962066477e-05, 1.31643373606e-05, 1.422711739e-05, 1.41521441037e-05, 1.45074009197e-05, 1.64564571605e-05, 2.47932584898e-05, 2.06221193366e-05, 2.34422313952e-05, 3.01046165987e-05, 7.61358096497e-05, 4.08766609326e-05, 3.98480842705e-05, 3.2343865314e-05, 2.21636528295e-05, 1.4496008589e-05, 1.09704824354e-05, 9.41133021115e-06, 7.32685384719e-06, 6.09270318819e-06, 6.34133812127e-06, 1.00403012766e-05, 1.04073833427e-05, 7.07790150045e-06, 6.60747355141e-06, 1.36888993438e-05, 1.48994604388e-05, 1.42910548675e-05, 9.76367391559e-06, 6.26519567959e-06, 4.68377947982e-06, 4.83680560137e-06, 8.01902751846e-06, 1.03277188828e-05, 1.14661324915e-05, 1.42702447192e-05, 1.56928526849e-05, 1.17196741485e-05, 6.43830935587e-06, 3.09339566229e-06, 1.9596477614e-06, 1.57789440891e-06, 1.40972883855e-06, 2.04945899895e-06, 2.17482374865e-06, 2.52259201261e-06, 1.59955914114e-06, 1.56447003974e-06, 2.29427087106e-06, 2.31197464018e-06, 3.12555312121e-06, 2.67821314992e-06, 2.58159889199e-06, 2.86574436359e-06, 3.62834657608e-06, 3.16739215123e-06, 3.17320836984e-06, 5.10998961545e-06, 3.84934946851e-06, 6.72885698805e-06, 7.07833078195e-06, 5.26031817571e-06, 5.70645488551e-06, 4.67052905151e-06, 4.01880424761e-06, 1.78018740371e-06, 7.53032281864e-07, 3.70957423002e-07, 1.63203253578e-07, 1.07958001649e-07, 1.17564312063e-07, 1.25029401943e-07, 9.4555304031e-08, 8.04308655233e-08, 4.75252157628e-08, 2.51897311898e-08, 1.73699916672e-08, 1.11568985162e-08, 1.56106694238e-09, 9.36651624317e-12, 7.93008800987e-12, 7.5794657009e-12, 7.16916066443e-12, 7.10402136422e-12, 7.14399936777e-12, 7.13145081183e-12, 7.24445937267e-12, 7.04556638725e-12, 6.78160349057e-12, 6.96760227639e-12, 7.14556712411e-12, 7.14036859153e-12, 6.93303877849e-12],
        "min": [1.67287100808e-25, 5.27823577632e-25, 1.24096399254e-24, 1.3857556646e-24, 3.00376489729e-25, 2.06260638245e-25, 2.72737949193e-24, 1.04580572104e-24, 1.82428206131e-24, 9.57981935071e-25, 3.73651264721e-24, 2.51210013976e-24, 2.41504579373e-24, 1.52649574705e-24, 1.55945218631e-24, 1.54307158822e-24, 2.79907965125e-24, 3.70722460838e-24, 7.85666649644e-24, 3.94006163773e-24, 1.79831295752e-24, 1.08764325497e-24, 3.26574096936e-24, 1.91898698235e-24, 4.10941784673e-24, 1.82112208173e-24, 3.25498228712e-24, 2.1068682092e-24, 2.86316197803e-24, 7.30774217149e-25, 3.2103692447e-24, 6.33482226771e-25, 1.85408305694e-24, 3.13749723251e-24, 1.86081933742e-24, 4.94878399369e-24, 2.17225018432e-24, 2.58440160831e-24, 1.90494565266e-24, 6.4241668789e-24, 3.23608768793e-24, 3.31374670532e-24, 2.00249915043e-24, 6.51427924896e-24, 4.68475067099e-24, 3.42842814827e-24, 1.64726443519e-24, 3.59613958229e-24, 2.55207329955e-24, 8.9559110357e-24, 5.38434880934e-24, 5.93279488737e-24, 2.17220364153e-24, 2.33158135173e-24, 4.50427152322e-24, 5.39542678303e-24, 5.06121836636e-24, 5.49797357312e-24, 2.74428478113e-24, 3.5644234296e-24, 3.02426571589e-24, 7.06007238776e-24, 5.40010551706e-24, 4.73128597022e-24, 6.98483004576e-24, 4.57331026306e-24, 4.82033850566e-24, 3.97958948553e-24, 4.62971973424e-24, 5.35046920561e-24, 3.81796371897e-24, 5.56740595455e-24, 7.27702096961e-24, 5.59682612758e-24, 4.36236215169e-24, 6.71003271601e-24, 6.44241007619e-24, 5.53221329185e-24, 7.04420445065e-24, 4.52374179365e-24, 7.80775238715e-24, 5.17257160516e-24, 5.83765155688e-24, 5.84562378519e-24, 4.71007231719e-24, 6.13628353002e-24, 6.20192346265e-24, 4.09397747224e-24, 5.65536867865e-24, 7.58155677777e-24, 5.98988396222e-24, 5.6799345961e-24, 9.53858657727e-24, 4.29378726206e-24, 3.27996728693e-24, 6.72702320219e-24, 5.81687098848e-24, 4.68821653138e-24, 6.25860154097e-24, 6.27537627369e-24, 7.11773811993e-24, 4.37997031595e-24, 7.24388013412e-24, 6.77006581976e-24, 6.09358603909e-24, 4.6768849389e-24, 6.40822676102e-24, 7.83931707855e-24, 5.31427547842e-24, 6.17300145528e-24, 7.24638003433e-24, 6.56210512463e-24, 7.01604369406e-24, 7.67505178339e-24, 5.48656940544e-24, 4.68672282325e-24, 8.11063789829e-24, 7.20901484869e-24, 7.81345111833e-24, 6.02368744087e-24, 7.2285107571e-24, 9.63713187041e-24, 7.4313781718e-24, 7.43440108678e-24, 7.58623472293e-24, 7.58053599176e-24, 7.88749912492e-24, 7.8136735771e-24],
        "stdev": [3.04496952594e-05, 1.90733808267e-05, 1.82290004886e-05, 1.68487495102e-05, 2.48449287028e-05, 6.96867573424e-05, 0.000233754311921, 0.000440382660599, 0.000649631547276, 0.000541428104043, 0.000840634282213, 0.00112804991659, 0.00127812300343, 0.00117136992048, 0.00214986060746, 0.00279998756014, 0.00309530436061, 0.0035181469284, 0.00128003582358, 0.00170205102768, 0.00120647635777, 0.00037523379433, 0.000352576025762, 0.0013671166962, 0.00106514128856, 0.000370337773347, 0.000249733449891, 0.00016711493663, 0.000273233134067, 0.000218104221858, 0.000121827091789, 8.54511235957e-05, 0.000164344877703, 0.000213586637983, 0.000119478063425, 9.12263276405e-05, 5.9422229242e-05, 7.66713710618e-05, 6.47135093459e-05, 9.25719505176e-05, 0.000114375019621, 0.000309414142976, 0.000185881712241, 0.000207517456147, 0.000290793454042, 0.00124781136401, 0.000350945047103, 0.000525073846802, 0.00035673865932, 0.000202767536393, 7.20175812603e-05, 5.11226280651e-05, 5.12967708346e-05, 4.10569591622e-05, 2.95480185741e-05, 3.11153489747e-05, 5.1191131206e-05, 5.78503058932e-05, 4.17494011344e-05, 3.37839119311e-05, 0.000119712181913, 0.000101495905255, 0.000119392294437, 6.13919110037e-05, 3.47728346242e-05, 2.46928520937e-05, 2.36685991695e-05, 4.76986715512e-05, 6.8931003625e-05, 7.74813306634e-05, 9.93766516331e-05, 0.000127952866023, 8.10921337688e-05, 4.91085229442e-05, 1.76524699782e-05, 9.53885682975e-06, 8.12264897831e-06, 7.87944736658e-06, 1.91135532077e-05, 2.29799952649e-05, 2.76469509117e-05, 1.26835602714e-05, 1.09948068712e-05, 2.08531619137e-05, 1.31380465973e-05, 2.06792537938e-05, 1.7841166482e-05, 1.54414465214e-05, 1.9016682927e-05, 2.57487827184e-05, 2.41000343522e-05, 2.0841429432e-05, 3.52924980689e-05, 2.16878161154e-05, 4.03477315558e-05, 4.5070250053e-05, 3.95805327571e-05, 5.30389406777e-05, 3.55504962499e-05, 4.54086075479e-05, 1.91047220142e-05, 7.18997944205e-06, 2.95063932754e-06, 1.24687846892e-06, 9.73716623776e-07, 1.06506809061e-06, 1.02423382486e-06, 7.55081941861e-07, 6.36669597043e-07, 3.16028831548e-07, 2.27795680985e-07, 1.68410579704e-07, 1.10532070607e-07, 1.64236944045e-08, 2.30844510174e-11, 9.27512667365e-12, 7.82497244084e-12, 7.42770341761e-12, 7.1395736545e-12, 6.96733599634e-12, 6.69275095413e-12, 6.57211958466e-12, 6.33989128557e-12, 6.20414353572e-12, 6.15320207981e-12, 6.05515767735e-12, 5.95000698017e-12, 5.95169356507e-12]
    },
    "mfcc": {
        "mean": [-793.49395752, 100.240974426, 18.3134994507, 14.3653001785, 0.149553388357, -9.59721755981, -11.0665521622, -8.45596504211, -12.6249523163, 2.43512630463, -6.10850715637, -1.69302463531, -8.13237380981],
        "cov": [[13071.4423828, -885.027404785, -1707.71496582, -348.317810059, -357.406799316, -342.554168701, -278.64831543, -270.709655762, -445.084747314, 69.8138580322, -358.524810791, 96.0612411499, 75.195640564], [-885.027404785, 1578.87890625, 56.3733100891, -189.90071106, -136.120285034, -117.420822144, -1.40468895435, -97.2414932251, -103.268753052, -118.602500916, -32.2684364319, -58.7387962341, -50.6732635498], [-1707.71496582, 56.3733100891, 791.578552246, 140.972900391, 90.5257339478, 3.77007317543, -1.578551054, 0.0454278290272, 21.9017505646, -54.4046134949, 12.3992729187, -43.7808113098, -37.5107192993], [-348.317810059, -189.90071106, 140.972900391, 396.430541992, 140.914108276, -64.7421951294, -82.5741882324, -41.8161773682, -21.8158016205, 18.1270236969, -0.462421000004, -14.5899009705, -0.759189546108], [-357.406799316, -136.120285034, 90.5257339478, 140.914108276, 255.99710083, 30.8607501984, -58.711025238, -47.8824615479, 2.07281851768, 18.7128238678, 2.6552438736, -19.1833515167, -8.78173732758], [-342.554168701, -117.420822144, 3.77007317543, -64.7421951294, 30.8607501984, 207.559158325, 61.4501686096, 43.7107086182, 58.2250061035, 5.78224229813, 21.314496994, -5.01473331451, -0.377875626087], [-278.64831543, -1.40468895435, -1.578551054, -82.5741882324, -58.711025238, 61.4501686096, 194.098464966, 66.7210845947, 35.627456665, 3.72496151924, 6.31998682022, -6.57332468033, -22.5779361725], [-270.709655762, -97.2414932251, 0.0454278290272, -41.8161773682, -47.8824615479, 43.7107086182, 66.7210845947, 172.168762207, 75.2927932739, -17.2848396301, 1.48641741276, -1.79991030693, 8.07055091858], [-445.084747314, -103.268753052, 21.9017505646, -21.8158016205, 2.07281851768, 58.2250061035, 35.627456665, 75.2927932739, 145.077972412, 25.0322799683, 17.5811862946, -10.395980835, -2.27303957939], [69.8138580322, -118.602500916, -54.4046134949, 18.1270236969, 18.7128238678, 5.78224229813, 3.72496151924, -17.2848396301, 25.0322799683, 138.358154297, 41.3773727417, -6.17568445206, -21.7903194427], [-358.524810791, -32.2684364319, 12.3992729187, -0.462421000004, 2.6552438736, 21.314496994, 6.31998682022, 1.48641741276, 17.5811862946, 41.3773727417, 111.754646301, 32.771572113, -5.44491577148], [96.0612411499, -58.7387962341, -43.7808113098, -14.5899009705, -19.1833515167, -5.01473331451, -6.57332468033, -1.79991030693, -10.395980835, -6.17568445206, 32.771572113, 102.66746521, 28.8947181702], [75.195640564, -50.6732635498, -37.5107192993, -0.759189546108, -8.78173732758, -0.377875626087, -22.5779361725, 8.07055091858, -2.27303957939, -21.7903194427, -5.44491577148, 28.8947181702, 99.8547439575]],
        "icov": [[0.000178557951585, 0.000188724516192, 0.000298943283269, 0.000181946408702, 0.000207088945899, 0.00015594161232, 0.000220672329306, 0.000168591330294, 0.000406129343901, -5.69279764022e-05, 0.000514442857821, -1.35860027513e-05, 0.000158868526341], [0.000188724516192, 0.00109962804709, 0.000248870026553, 0.000678550510202, 0.00050671590725, 0.000650653033517, 0.00020480909734, 0.000776871747803, 0.000604556291364, 0.00081125163706, 0.000160972689628, 0.000715624948498, 0.000537594198249], [0.000298943283269, 0.000248870026553, 0.00205107568763, -0.000244108596235, 2.46212712227e-05, 0.000282320281258, 0.000166306170286, 0.000373286369722, 0.000258717307588, 0.000959241355304, 0.00021524814656, 0.00054217473371, 0.000750542385504], [0.000181946408702, 0.000678550510202, -0.000244108596235, 0.0041888342239, -0.00154214620125, 0.00170373695437, 0.000870104937349, 0.000107206338726, 0.000820471905172, -0.000233140526689, 0.000289319112198, 0.000528057978954, 3.71464520867e-05], [0.000207088945899, 0.00050671590725, 2.46212712227e-05, -0.00154214620125, 0.00626204907894, -0.00167764024809, 0.00154189614113, 0.00173363368958, 6.19299535174e-05, -0.000159772142069, 0.000745761906728, 0.000676741066854, 0.000662986829411], [0.00015594161232, 0.000650653033517, 0.000282320281258, 0.00170373695437, -0.00167764024809, 0.00713242543861, -0.00157726509497, 4.27647319157e-05, -0.00129745097365, 0.000849429576192, -0.000932533817831, 0.000820054090582, -0.000281193351839], [0.000220672329306, 0.00020480909734, 0.000166306170286, 0.000870104937349, 0.00154189614113, -0.00157726509497, 0.00753428880125, -0.00188784324564, 0.000707852421328, -0.000642879807856, 0.000837906671222, -8.21604135126e-06, 0.00191651273053], [0.000168591330294, 0.000776871747803, 0.000373286369722, 0.000107206338726, 0.00173363368958, 4.27647319157e-05, -0.00188784324564, 0.00975546706468, -0.00400738138705, 0.00237743812613, 0.000200375012355, 0.000621990475338, -0.000395847135223], [0.000406129343901, 0.000604556291364, 0.000258717307588, 0.000820471905172, 6.19299535174e-05, -0.00129745097365, 0.000707852421328, -0.00400738138705, 0.0114925736561, -0.00233576144092, 0.00049212918384, 0.000956659438089, 9.07691573957e-05], [-5.69279764022e-05, 0.00081125163706, 0.000959241355304, -0.000233140526689, -0.000159772142069, 0.000849429576192, -0.000642879807856, 0.00237743812613, -0.00233576144092, 0.0107898321003, -0.00438498519361, 0.00218436866999, 0.00189497391693], [0.000514442857821, 0.000160972689628, 0.00021524814656, 0.000289319112198, 0.000745761906728, -0.000932533817831, 0.000837906671222, 0.000200375012355, 0.00049212918384, -0.00438498519361, 0.0138378497213, -0.00510162161663, 0.00129777437542], [-1.35860027513e-05, 0.000715624948498, 0.00054217473371, 0.000528057978954, 0.000676741066854, 0.000820054090582, -8.21604135126e-06, 0.000621990475338, 0.000956659438089, 0.00218436866999, -0.00510162161663, 0.0133618591353, -0.00305465701967], [0.000158868526341, 0.000537594198249, 0.000750542385504, 3.71464520867e-05, 0.000662986829411, -0.000281193351839, 0.00191651273053, -0.000395847135223, 9.07691573957e-05, 0.00189497391693, 0.00129777437542, -0.00305465701967, 0.0123427957296]]
    },
    "spectral_contrast_coeffs": {
        "max": [-0.35493478179, -0.240160554647, -0.473713576794, -0.526144862175, -0.551351845264, -0.576105594635],
        "mean": [-0.691909372807, -0.780855536461, -0.818910479546, -0.83437037468, -0.830201506615, -0.817739605904],
        "min": [-0.972624480724, -0.982302129269, -0.972252726555, -0.968978881836, -0.967972517014, -0.961172819138],
        "stdev": [0.106847830117, 0.107729114592, 0.0668663680553, 0.0581720024347, 0.0523111186922, 0.0450382530689]
    },
    "spectral_contrast_valleys": {
        "max": [-6.18943548203, -5.18720769882, -5.54254961014, -5.56486797333, -5.01365852356, -6.90273571014],
        "mean": [-8.59836959839, -7.96442270279, -9.01927089691, -9.11303424835, -8.97291851044, -11.1273946762],
        "min": [-27.7097644806, -27.5044345856, -27.4381599426, -27.4907150269, -27.4555435181, -27.2808380127],
        "stdev": [1.60093009472, 1.74025964737, 1.81681442261, 1.81994497776, 1.82066142559, 1.60706722736]
    }
},
"rhythm": {
    "beats_count": 78,
    "beats_loudness": {
        "max": 0.160312488675,
        "mean": 0.0149220637977,
        "min": 3.13440104946e-05,
        "stdev": 0.0304127093405
    },
    "bpm": 152.072509766,
    "bpm_histogram_first_peak_bpm": 152,
    "bpm_histogram_first_peak_weight": 0.387096762657,
    "bpm_histogram_second_peak_bpm": 144,
    "bpm_histogram_second_peak_spread": 0.294117629528,
    "bpm_histogram_second_peak_weight": 0.155844151974,
    "danceability": 1.02432131767,
    "onset_rate": 3.93749976158,
    "beats_loudness_band_ratio": {
        "max": [0.669309735298, 0.878425359726, 0.920242130756, 0.83878415823, 0.402445703745, 0.944406270981],
        "mean": [0.176507741213, 0.418647706509, 0.223506823182, 0.09121568501, 0.0676134154201, 0.0906565561891],
        "min": [0.00270741409622, 0.00586713198572, 0.00466904789209, 0.00231377431192, 0.000582435110118, 0.000745028548408],
        "stdev": [0.166565313935, 0.237228631973, 0.206467106938, 0.134070396423, 0.0866821333766, 0.148414343596]
    },
