{
"metadata": {
    "version": {
        "essentia": "2.1-beta5",
        "essentia_git_sha": "Undefined",
        "extractor": "music 2.0"
    },
    "audio_properties": {
        "analysis": {
            "equal_loudness": 0,
            "length": 32.4963264465,
            "sample_rate": 44100,
            "start_time": 61.4980506897,
            "downmix": "mix"
        },
        "bit_rate": 192000,
        "length": 159.869400024,
        "lossless": 0,
        "number_channels": 2,
        "replay_gain": 5.80414009094,
        "sample_rate": 48000,
        "codec": "mp3",
        "md5_encoded": "67817ef2f40c2c25686d7c8c4a7db96f"
    },
    "tags": {
        "file_name": "Belgium_Gelukkig Zijn_Ann Christy.mp3",
        "encoding": ["Lavf58.29.100"]
    }
},
"lowlevel": {
    "average_loudness": 0.6890655756,
    "barkbands_crest": {
        "max": 25.4242286682,
        "mean": 11.9546098709,
        "min": 3.33769822121,
        "stdev": 5.34066438675
    },
    "barkbands_flatness_db": {
        "max": 0.380060166121,
        "mean": 0.222567111254,
        "min": 0.133305743337,
        "stdev": 0.0427619032562
    },
    "barkbands_kurtosis": {
        "max": 87.99193573,
        "mean": 6.56775999069,
        "min": -1.91637384892,
        "stdev": 9.7458820343
    },
    "barkbands_skewness": {
        "max": 7.10885190964,
        "mean": 1.56734097004,
        "min": -3.63645339012,
        "stdev": 1.40282547474
    },
    "barkbands_spread": {
        "max": 78.3386077881,
        "mean": 12.7802667618,
        "min": 0.953426837921,
        "stdev": 10.1081180573
    },
    "dissonance": {
        "max": 0.499201983213,
        "mean": 0.438399612904,
        "min": 0.236758217216,
        "stdev": 0.0416021943092
    },
    "dynamic_complexity": 4.58781909943,
    "erbbands_crest": {
        "max": 31.5394592285,
        "mean": 12.4904842377,
        "min": 3.40649461746,
        "stdev": 6.08156633377
    },
    "erbbands_flatness_db": {
        "max": 0.39820343256,
        "mean": 0.251617908478,
        "min": 0.157764866948,
        "stdev": 0.0434815920889
    },
    "erbbands_kurtosis": {
        "max": 42.2261962891,
        "mean": 2.37906932831,
        "min": -1.74192416668,
        "stdev": 4.56073045731
    },
    "erbbands_skewness": {
        "max": 5.79664134979,
        "mean": 0.868693470955,
        "min": -5.32492637634,
        "stdev": 1.10294508934
    },
    "erbbands_spread": {
        "max": 115.187446594,
        "mean": 26.8393058777,
        "min": 2.47166991234,
        "stdev": 14.6435403824
    },
    "hfc": {
        "max": 131.853240967,
        "mean": 14.9099836349,
        "min": 0.182318538427,
        "stdev": 20.2965812683
    },
    "loudness_ebu128": {
        "integrated": -31.8713779449,
        "loudness_range": 6.54802513123,
        "momentary": {
            "max": -25.2993431091,
            "mean": -33.8576850891,
            "min": -43.5897369385,
            "stdev": 4.48199748993
        },
        "short_term": {
            "max": -28.6109256744,
            "mean": -33.0833320618,
            "min": -39.0363998413,
            "stdev": 2.26900243759
        }
    },
    "melbands_crest": {
        "max": 32.5394248962,
        "mean": 14.5759687424,
        "min": 4.54773712158,
        "stdev": 5.58643913269
    },
    "melbands_flatness_db": {
        "max": 0.444726198912,
        "mean": 0.26179715991,
        "min": 0.0977936461568,
        "stdev": 0.0588759109378
    },
    "melbands_kurtosis": {
        "max": 110.232765198,
        "mean": 11.7111930847,
        "min": -1.90149986744,
        "stdev": 14.5943746567
    },
    "melbands_skewness": {
        "max": 8.09403800964,
        "mean": 2.06457853317,
        "min": -1.81178104877,
        "stdev": 1.5390920639
    },
    "melbands_spread": {
        "max": 194.183059692,
        "mean": 19.1990089417,
        "min": 1.22297906876,
        "stdev": 25.1439247131
    },
    "pitch_salience": {
        "max": 0.852912843227,
        "mean": 0.53514367342,
        "min": 0.138839825988,
        "stdev": 0.131821766496
    },
    "silence_rate_20dB": {
        "max": 1,
        "mean": 1,
        "min": 1,
        "stdev": 0
    },
    "silence_rate_30dB": {
        "max": 1,
        "mean": 1,
        "min": 1,
        "stdev": 0
    },
    "silence_rate_60dB": {
        "max": 1,
        "mean": 0.203426122665,
        "min": 0,
        "stdev": 0.402547180653
    },
    "spectral_centroid": {
        "max": 5318.3828125,
        "mean": 1038.17578125,
        "min": 262.228118896,
        "stdev": 754.348205566
    },
    "spectral_complexity": {
        "max": 35,
        "mean": 11.1356172562,
        "min": 1,
        "stdev": 6.28755378723
    },
    "spectral_decrease": {
        "max": -1.28876007088e-10,
        "mean": -3.78933062706e-09,
        "min": -2.31524719396e-08,
        "stdev": 3.69796415711e-09
    },
    "spectral_energy": {
        "max": 0.0988730341196,
        "mean": 0.0156541951001,
        "min": 0.000504089519382,
        "stdev": 0.0153865665197
    },
    "spectral_energyband_high": {
        "max": 0.0190255194902,
        "mean": 0.000628351059277,
        "min": 1.39538383337e-06,
        "stdev": 0.00178790802602
    },
    "spectral_energyband_low": {
        "max": 0.0142357312143,
        "mean": 0.00114795460831,
        "min": 3.45142620972e-06,
        "stdev": 0.00144740450196
    },
    "spectral_energyband_middle_high": {
        "max": 0.0922774598002,
        "mean": 0.00603341963142,
        "min": 1.15684788398e-05,
        "stdev": 0.0114882001653
    },
    "spectral_energyband_middle_low": {
        "max": 0.0609466284513,
        "mean": 0.00828623678535,
        "min": 0.000161557007232,
        "stdev": 0.00922993570566
    },
    "spectral_entropy": {
        "max": 8.25883483887,
        "mean": 6.97309875488,
        "min": 5.48129463196,
        "stdev": 0.478514760733
    },
    "spectral_flux": {
        "max": 0.252650856972,
        "mean": 0.0555038936436,
        "min": 0.00682346196845,
        "stdev": 0.0410220623016
    },
    "spectral_kurtosis": {
        "max": 26.4708976746,
        "mean": 5.13681459427,
        "min": -1.35167479515,
        "stdev": 4.83526754379
    },
    "spectral_rms": {
        "max": 0.00982148107141,
        "mean": 0.00346335652284,
        "min": 0.000701280718204,
        "stdev": 0.00181039515883
    },
    "spectral_rolloff": {
        "max": 7622.75390625,
        "mean": 1177.67077637,
        "min": 129.19921875,
        "stdev": 1293.23986816
    },
    "spectral_skewness": {
        "max": 3.73580241203,
        "mean": 1.52002024651,
        "min": -0.890417337418,
        "stdev": 0.735184133053
    },
    "spectral_spread": {
        "max": 8877482,
        "mean": 3211795.75,
        "min": 1638520.75,
        "stdev": 843607.6875
    },
    "spectral_strongpeak": {
        "max": 11.9032354355,
        "mean": 1.5299333334,
        "min": 0.0344406738877,
        "stdev": 1.91126811504
    },
    "zerocrossingrate": {
        "max": 0.29296875,
        "mean": 0.0464051887393,
        "min": 0.009765625,
        "stdev": 0.039338555187
    },
    "barkbands": {
        "max": [0.000347283494193, 0.00717104040086, 0.00626337900758, 0.00930627528578, 0.0220755971968, 0.0568808540702, 0.0565063431859, 0.0159036088735, 0.0347182676196, 0.0370262265205, 0.0692983716726, 0.0572351515293, 0.0332081653178, 0.0284953285009, 0.0148109067231, 0.0120413023978, 0.00394072011113, 0.00236015580595, 0.00289332354441, 0.00348981586285, 0.00435485970229, 0.00904569029808, 0.0120212035254, 0.00214841100387, 1.95062412445e-07, 1.40438515928e-07, 1.36835410558e-07],
        "mean": [2.08677238334e-06, 0.000316482153721, 0.000506622367539, 0.00071844708873, 0.00143165350892, 0.00250919396058, 0.00192167412024, 0.00039236448356, 0.00111317425035, 0.00094987032935, 0.00168062106241, 0.00142923032399, 0.000578963081352, 0.000498484470882, 0.000401032273658, 0.000185738681466, 8.4458537458e-05, 8.44079186209e-05, 0.000157893475262, 0.000136074624606, 0.000206248922041, 0.000143102020957, 0.000174878688995, 3.14947101288e-05, 1.66624458675e-09, 1.78706049958e-09, 1.77837700122e-09],
        "min": [4.56160709206e-09, 1.06572770164e-06, 9.95210939436e-07, 1.09145253191e-06, 9.09854952624e-06, 4.69011138193e-06, 3.67698999071e-06, 1.32803199904e-06, 1.37988411097e-06, 1.52972950218e-06, 3.15840878784e-07, 6.73562112752e-07, 3.03337486685e-07, 4.34049070464e-07, 2.5417324423e-07, 2.86243363234e-07, 2.09292522868e-07, 1.54553873699e-07, 1.08927970643e-07, 1.86246211342e-07, 2.66172577312e-07, 2.22761030955e-07, 1.94042868884e-07, 1.32216628757e-08, 3.19927001557e-10, 4.18401840951e-10, 5.7602489445e-10],
        "stdev": [9.70512064669e-06, 0.000504317576997, 0.000802801863756, 0.00105334585533, 0.00271776365116, 0.00508204987273, 0.00536098796874, 0.000896718061995, 0.00284902844578, 0.00307450373657, 0.0062998351641, 0.00512842740864, 0.00254898727871, 0.00182242959272, 0.00115741614718, 0.000869721581694, 0.000193340078113, 0.000186046643648, 0.00036719974014, 0.000323920015944, 0.00052508385852, 0.000663048005663, 0.000807516335044, 0.000159631774295, 8.47883718791e-09, 5.58539392514e-09, 5.25247090266e-09]
    },
    "erbbands": {
        "max": [0.0542994402349, 2.10128569603, 7.25007534027, 15.1857738495, 75.7724609375, 119.634185791, 268.851898193, 604.52545166, 639.728820801, 782.428222656, 346.909179688, 902.613647461, 1134.03063965, 1061.26391602, 3664.21435547, 1937.52355957, 1671.52868652, 984.609741211, 1336.83312988, 780.604309082, 305.957336426, 276.261260986, 104.821044922, 167.201370239, 195.620697021, 102.405021667, 245.617141724, 156.392715454, 336.22668457, 253.339157104, 387.502838135, 124.770637512, 6.32106113434, 0.227882251143, 0.0209540054202, 0.00364643265493, 0.000905502063688, 0.000278768653516, 0.00011536112288, 0.000124898055219],
        "mean": [0.00430828146636, 0.0910104066133, 0.46656063199, 1.66464436054, 3.80897784233, 4.46112203598, 12.8357686996, 22.6462802887, 24.2023601532, 21.549030304, 10.7238826752, 22.4761161804, 31.983083725, 33.1570320129, 86.1881942749, 46.7125549316, 29.5149841309, 24.8412666321, 23.281703949, 16.7278957367, 7.32500314713, 5.53931331635, 4.37686443329, 7.69333982468, 7.33280897141, 6.41370487213, 9.07582092285, 6.27650928497, 5.07965660095, 5.34178352356, 4.81894922256, 1.72391796112, 0.090238891542, 0.00326130446047, 0.000328187074047, 7.22915501683e-05, 2.40603421844e-05, 8.03776674729e-06, 1.04449864011e-05, 1.94632066268e-05],
        "min": [3.93800655729e-05, 0.000312020245474, 0.00174567278009, 0.0074320146814, 0.0175288952887, 0.0508548282087, 0.058911588043, 0.106375835836, 0.159738138318, 0.0664925798774, 0.0553167648613, 0.0685272142291, 0.0639300867915, 0.0594994425774, 0.0357506908476, 0.0253820996732, 0.0184353496879, 0.0265961680561, 0.0198948290199, 0.0150372693315, 0.0176906269044, 0.0191450193524, 0.0133255096152, 0.0169977024198, 0.0173897240311, 0.0106768552214, 0.0139969363809, 0.0106689902022, 0.0085216993466, 0.00574876600876, 0.00495024165139, 0.00126648880541, 8.47260089358e-05, 1.45575386341e-05, 6.14787404629e-06, 3.94347989641e-06, 2.06618415177e-06, 6.01546275902e-07, 4.81366612348e-07, 5.84666111081e-07],
        "stdev": [0.00587260304019, 0.143678590655, 0.67815297842, 2.14554691315, 7.61954545975, 10.7165298462, 30.7555370331, 48.9711341858, 58.256061554, 64.3630599976, 22.8511180878, 60.3345756531, 86.29271698, 91.2654495239, 310.602905273, 147.876022339, 119.349830627, 76.3081741333, 79.2789382935, 48.6941146851, 23.4356765747, 12.5792131424, 9.33143424988, 16.6998443604, 19.8056964874, 14.4369878769, 24.1014404297, 17.2105579376, 23.494600296, 24.1225414276, 22.9442710876, 8.42116165161, 0.437943845987, 0.015446013771, 0.0014128665207, 0.000249867502134, 6.42407758278e-05, 2.04801453947e-05, 1.21594939628e-05, 1.94032563741e-05]
    },
    "gfcc": {
        "mean": [-102.758483887, 159.357543945, -162.724380493, 42.6277313232, -75.356880188, -6.59743928909, -13.3678102493, -33.1060791016, 4.76839542389, -26.634683609, 1.74153089523, -8.62684726715, -6.707259655],
        "cov": [[4070.88818359, -1166.49523926, -1113.27380371, 90.2445678711, -527.211608887, 374.804199219, 169.944061279, -128.215545654, -154.422775269, -20.2822399139, 224.261962891, -328.255981445, 20.1095333099], [-1166.49523926, 985.610595703, 286.227600098, -216.020217896, 411.836120605, -212.708297729, -16.8038463593, 21.2939014435, 36.2288856506, -28.3610267639, -66.5861740112, 25.9907283783, -19.462720871], [-1113.27380371, 286.227600098, 803.420166016, 168.062194824, -44.7097969055, -83.4261474609, -160.726669312, 56.0978050232, 131.818695068, -52.4915351868, -85.3842544556, 106.764587402, -30.2078952789], [90.2445678711, -216.020217896, 168.062194824, 360.19442749, -43.4713630676, 44.217048645, -62.5047149658, 23.8633785248, 50.9676971436, -19.4643192291, -44.0660629272, -16.0882015228, -30.8644676208], [-527.211608887, 411.836120605, -44.7097969055, -43.4713630676, 448.961517334, -47.5553512573, 29.1404304504, -6.86574792862, -30.1752510071, 21.8406429291, -64.059173584, -29.7319450378, -20.4477767944], [374.804199219, -212.708297729, -83.4261474609, 44.217048645, -47.5553512573, 265.27142334, 53.9577064514, -39.4961051941, -9.86044597626, 0.292211294174, -14.6116142273, -46.1728401184, -8.59470176697], [169.944061279, -16.8038463593, -160.726669312, -62.5047149658, 29.1404304504, 53.9577064514, 201.445175171, 1.93239951134, -88.6819381714, 18.7357559204, 17.1316776276, -11.0372505188, 15.1546344757], [-128.215545654, 21.2939014435, 56.0978050232, 23.8633785248, -6.86574792862, -39.4961051941, 1.93239951134, 119.527030945, 53.5253410339, -23.7157840729, 0.885057210922, 15.2718305588, 4.68422794342], [-154.422775269, 36.2288856506, 131.818695068, 50.9676971436, -30.1752510071, -9.86044597626, -88.6819381714, 53.5253410339, 140.767684937, 12.4639482498, -27.7385025024, 13.6146678925, -10.5119810104], [-20.2822399139, -28.3610267639, -52.4915351868, -19.4643192291, 21.8406429291, 0.292211294174, 18.7357559204, -23.7157840729, 12.4639482498, 98.3843002319, 32.1232223511, -3.8479719162, -6.18466091156], [224.261962891, -66.5861740112, -85.3842544556, -44.0660629272, -64.059173584, -14.6116142273, 17.1316776276, 0.885057210922, -27.7385025024, 32.1232223511, 131.679122925, 19.293806076, 9.50498104095], [-328.255981445, 25.9907283783, 106.764587402, -16.0882015228, -29.7319450378, -46.1728401184, -11.0372505188, 15.2718305588, 13.6146678925, -3.8479719162, 19.293806076, 121.770401001, 43.0674514771], [20.1095333099, -19.462720871, -30.2078952789, -30.8644676208, -20.4477767944, -8.59470176697, 15.1546344757, 4.68422794342, -10.5119810104, -6.18466091156, 9.50498104095, 43.0674514771, 84.1748962402]],
        "icov": [[0.00116986117791, 0.000550740747713, 0.00106145639438, -0.000506115786266, 0.000648774381261, 6.24017993687e-05, -0.000948382948991, 0.00174673704896, -0.00173642497975, 0.00225241319276, -0.00202211178839, 0.00285625015385, -0.00100367947016], [0.000550740747713, 0.00592067604885, -0.00254179723561, 0.00352143449709, -0.00501788826659, 0.00341351726092, -0.0041195708327, 0.00474144890904, -0.00668674753979, 0.00625458778813, -0.00340545014478, 0.0037417311687, -0.000681560486555], [0.00106145639438, -0.00254179723561, 0.00485355872661, -0.00310089020059, 0.00360004068352, -0.00143270636909, 0.00186227459926, -0.000649136898573, 0.000812141399365, -0.00016940466594, 0.000696188479196, -0.00116420909762, 0.000798602879513], [-0.000506115786266, 0.00352143449709, -0.00310089020059, 0.00626556808129, -0.00346753932536, 0.00129093823489, -0.000980170094408, 0.000647756096441, -0.00252144318074, 0.00198603468016, 9.35184798436e-05, 0.000914079661015, 0.000902404019143], [0.000648774381261, -0.00501788826659, 0.00360004068352, -0.00346753932536, 0.0082137323916, -0.00259631546214, 0.00317307631485, -0.00356235401705, 0.00604322506115, -0.00525374058634, 0.00346159865148, -0.000541604473256, 0.000317344354698], [6.24017993687e-05, 0.00341351726092, -0.00143270636909, 0.00129093823489, -0.00259631546214, 0.00738005246967, -0.00513112358749, 0.00574573827907, -0.00648793205619, 0.00487108854577, -0.00167720741592, 0.0031336885877, -0.000405823840993], [-0.000948382948991, -0.0041195708327, 0.00186227459926, -0.000980170094408, 0.00317307631485, -0.00513112358749, 0.0141989504918, -0.0107809118927, 0.0146790565923, -0.0105297705159, 0.0059696524404, -0.00521992798895, 0.000929601665121], [0.00174673704896, 0.00474144890904, -0.000649136898573, 0.000647756096441, -0.00356235401705, 0.00574573827907, -0.0107809118927, 0.0219303052872, -0.0183549579233, 0.0149762798101, -0.00895136687905, 0.00676693534479, -0.00251787551679], [-0.00173642497975, -0.00668674753979, 0.000812141399365, -0.00252144318074, 0.00604322506115, -0.00648793205619, 0.0146790565923, -0.0183549579233, 0.0289825256914, -0.0184114445001, 0.0113005293533, -0.00818204879761, 0.00259676109999], [0.00225241319276, 0.00625458778813, -0.00016940466594, 0.00198603468016, -0.00525374058634, 0.00487108854577, -0.0105297705159, 0.0149762798101, -0.0184114445001, 0.0260527059436, -0.0121989231557, 0.00816256832331, -0.0013249370968], [-0.00202211178839, -0.00340545014478, 0.000696188479196, 9.35184798436e-05, 0.00346159865148, -0.00167720741592, 0.0059696524404, -0.00895136687905, 0.0113005293533, -0.0121989231557, 0.0170125216246, -0.0089398920536, 0.00324075040407], [0.00285625015385, 0.0037417311687, -0.00116420909762, 0.000914079661015, -0.000541604473256, 0.0031336885877, -0.00521992798895, 0.00676693534479, -0.00818204879761, 0.00816256832331, -0.0089398920536, 0.0220611188561, -0.0098482100293], [-0.00100367947016, -0.000681560486555, 0.000798602879513, 0.000902404019143, 0.000317344354698, -0.000405823840993, 0.000929601665121, -0.00251787551679, 0.00259676109999, -0.0013249370968, 0.00324075040407, -0.0098482100293, 0.0174878649414]]
    },
    "melbands": {
        "max": [0.00120294000953, 0.0035106705036, 0.00455416785553, 0.00510823633522, 0.00689595891163, 0.012324991636, 0.00885183364153, 0.00687338598073, 0.00235433736816, 0.00634535867721, 0.00599312735721, 0.00397684564814, 0.010007115081, 0.0074373241514, 0.00382041698322, 0.0040736021474, 0.0018107391661, 0.00299175526015, 0.00148169149179, 0.00123636901844, 0.000199185073143, 0.000332009163685, 0.000101022953459, 0.000127107850858, 0.000160206400324, 0.000192883933778, 0.000129485866637, 8.16522806417e-05, 0.000152193868416, 0.000164280907484, 0.000127589941258, 0.000252803933108, 0.000138171206345, 0.000171328661963, 0.000251579796895, 0.000156436159159, 4.28302300861e-05, 1.70032046753e-06, 5.61752955264e-09, 2.06124806112e-09],
        "mean": [6.40916405246e-05, 0.000217088818317, 0.000354614487151, 0.000292646756861, 0.00039093932719, 0.000492628081702, 0.000386469328078, 0.000200859605684, 8.70071162353e-05, 0.00015671402798, 0.000165047153132, 0.000128905681777, 0.000253157748375, 0.000195876564248, 9.17127981666e-05, 5.21428737557e-05, 4.52506828879e-05, 3.65721025446e-05, 3.35226977768e-05, 1.63137992786e-05, 6.10087363384e-06, 5.74151681576e-06, 3.76009757019e-06, 4.20078094976e-06, 6.52815060675e-06, 5.49284959561e-06, 4.96390157423e-06, 4.04380398322e-06, 5.39065922567e-06, 5.44003387404e-06, 3.10644736601e-06, 2.83387294076e-06, 2.75007437267e-06, 3.11060603053e-06, 3.00895840155e-06, 2.04652519642e-06, 6.21487572516e-07, 2.66628497059e-08, 8.64585833482e-11, 1.53942379677e-11],
        "min": [3.66136475805e-07, 6.05421973887e-07, 1.55210273078e-06, 1.0675548765e-06, 1.71957731254e-06, 1.93083815248e-06, 2.09186214306e-06, 5.75881813347e-07, 3.4106759017e-07, 1.48123191934e-07, 2.72206847285e-07, 2.00772035441e-07, 6.65331185701e-08, 1.10055815128e-07, 5.44743024022e-08, 3.83601275189e-08, 4.56488713496e-08, 2.51362699544e-08, 2.71139573016e-08, 1.56487196534e-08, 1.7933125207e-08, 1.4605377352e-08, 1.56085473435e-08, 7.10667391601e-09, 8.53861159555e-09, 9.28796950461e-09, 5.83896575534e-09, 5.30205079841e-09, 4.66821958867e-09, 3.58067042683e-09, 3.7662646335e-09, 3.63147223403e-09, 2.35537367388e-09, 2.99963365258e-09, 2.48256037949e-09, 1.97978966554e-09, 2.62742522184e-10, 2.38149309301e-11, 3.1768186172e-12, 2.59661259508e-12],
        "stdev": [9.57317242865e-05, 0.000294991245028, 0.000488356454298, 0.000614982331172, 0.000846522161737, 0.000999072100967, 0.00096537231002, 0.000575564044993, 0.000205974254641, 0.000434967980254, 0.000457669375464, 0.000381148653105, 0.000914884964004, 0.000691647059284, 0.000349305948475, 0.000261277979007, 0.000152894688654, 0.000156179172336, 9.88144311123e-05, 8.66584232426e-05, 1.63861914189e-05, 1.46546080941e-05, 7.73575447965e-06, 9.47997523326e-06, 1.55525085574e-05, 1.56135793077e-05, 1.33995508804e-05, 9.52451136982e-06, 1.4609655409e-05, 1.68243022927e-05, 1.02691592474e-05, 1.43110755744e-05, 1.28074416352e-05, 1.41202744999e-05, 1.45547464854e-05, 9.80438562692e-06, 3.16879459206e-06, 1.24466538409e-07, 3.81053966159e-10, 8.46752251649e-11]
    },
    "melbands128": {
        "max": [0.000175079869223, 0.000220965768676, 0.00124914757907, 0.0045270845294, 0.00452871434391, 0.00404555117711, 0.00384867284447, 0.00703102909029, 0.00992676522583, 0.00874022208154, 0.0093373125419, 0.00893809646368, 0.0122745698318, 0.0166123248637, 0.0230411086231, 0.00738121056929, 0.0105443485081, 0.0147219747305, 0.0239532534033, 0.00898595061153, 0.00243448512629, 0.00541005749255, 0.00244942982681, 0.00559405470267, 0.00547879049554, 0.0124432463199, 0.00771711859852, 0.00861435383558, 0.0132573544979, 0.00780180329457, 0.00474150199443, 0.0187508668751, 0.0187524594367, 0.0277914628386, 0.019445778802, 0.00501947617158, 0.0125411301851, 0.00651919329539, 0.00723271165043, 0.00899044144899, 0.00698981247842, 0.00290142861195, 0.00340338749811, 0.00193866132759, 0.00652940617874, 0.00311596435495, 0.00236306176521, 0.00199098326266, 0.00325911329128, 0.000948423519731, 0.00277674850076, 0.0010906761745, 0.000313487282256, 0.000470752507681, 0.000123615958728, 0.000626884459052, 0.000350192160113, 0.000278011866612, 0.000128047104226, 0.000180309914867, 0.000156989131938, 0.00042220269097, 0.000178333400982, 0.000353362440364, 0.0002692915441, 0.000372183072614, 0.000309709575959, 0.000346803979483, 0.0002331364376, 0.000167793390574, 9.58199598244e-05, 0.000226720425417, 0.000125197868329, 0.000297951482935, 0.00048478905228, 0.000399945740355, 0.000352444621967, 0.000149968327605, 0.000182827570825, 0.000246250565397, 0.000413193047279, 0.000222007496632, 0.000215601350646, 0.000159879084094, 0.000177738300408, 0.000170042578247, 0.000213405000977, 0.000216663567699, 0.000348713685526, 0.00024213452707, 0.00022262087441, 0.000124496014905, 0.000100428856967, 4.60531264252e-05, 9.63637558016e-06, 2.45319824899e-06, 2.85810074274e-07, 1.71775624835e-08, 3.97598087787e-09, 3.00709812606e-09, 2.35371189206e-09, 1.97632155086e-09, 1.60856605813e-09, 1.39738232097e-09, 1.29737620647e-09, 1.234954361e-09, 1.13892151266e-09, 1.0629246372e-09, 9.94649806962e-10, 9.55921231061e-10, 8.9207979892e-10, 8.44445013914e-10, 8.13577760717e-10, 7.84069975612e-10, 7.34723226703e-10, 6.99118762881e-10, 6.7845590257e-10, 6.55639043057e-10, 6.36028119061e-10, 6.03315952752e-10, 5.94759741457e-10, 5.73485481326e-10, 5.60506752123e-10, 5.50537393451e-10, 5.37033084669e-10, 5.30864741055e-10, 5.27110077808e-10, 5.23411203268e-10],
        "mean": [1.79985943305e-06, 1.65196361195e-05, 8.10595302028e-05, 0.000170761893969, 0.000194518244825, 0.000278216088191, 0.000320614693919, 0.000380134908482, 0.000417537550675, 0.000281361222733, 0.000220010697376, 0.000237619678956, 0.00044824698125, 0.000558231549803, 0.000606786401477, 0.00037725592847, 0.000307387526846, 0.000420315744122, 0.000467135600047, 0.000215075211599, 8.77860511537e-05, 7.68116879044e-05, 8.14686645754e-05, 0.000111329383799, 0.000109922752017, 0.000213817285839, 0.00017532374477, 0.000123699457617, 0.000215221560211, 0.000115433627798, 9.48434972088e-05, 0.000156687223352, 0.00020271424728, 0.000414400215959, 0.000291643402306, 9.04429107322e-05, 8.40187858557e-05, 0.000130163767608, 6.43888924969e-05, 5.6586075516e-05, 4.98574227095e-05, 4.14592759626e-05, 5.36972438567e-05, 3.63947947335e-05, 4.58853719465e-05, 3.3920056012e-05, 2.75678721664e-05, 5.4486834415e-05, 2.27391192311e-05, 1.01884925243e-05, 2.50951197813e-05, 1.01294290289e-05, 7.15407850294e-06, 4.10193342759e-06, 2.93629886983e-06, 7.489062682e-06, 6.96796223565e-06, 2.85260875899e-06, 3.27080283569e-06, 3.87316868e-06, 3.82527332476e-06, 4.24626205131e-06, 6.94340815244e-06, 7.10613812771e-06, 6.60795376461e-06, 5.01398108099e-06, 4.77275580124e-06, 5.81399353905e-06, 5.53731297259e-06, 3.27379484588e-06, 3.5232949358e-06, 5.24619235875e-06, 3.74074443243e-06, 5.54831694899e-06, 6.64366962155e-06, 6.85885061102e-06, 4.16840475737e-06, 3.18116258313e-06, 3.05226308228e-06, 3.0031303595e-06, 2.71033582067e-06, 2.77779986391e-06, 2.96821303891e-06, 2.57309875451e-06, 2.79206756204e-06, 2.92860704576e-06, 3.32260856339e-06, 3.32722856911e-06, 3.09614893013e-06, 2.71579983746e-06, 2.40078747993e-06, 1.91271192307e-06, 1.35515074362e-06, 6.16926683961e-07, 1.66500356613e-07, 3.14672412571e-08, 3.45128503554e-09, 1.88364560061e-10, 1.86727282941e-11, 1.66090041026e-11, 1.60350135947e-11, 1.52326623537e-11, 1.45859019307e-11, 1.38217423618e-11, 1.33496573171e-11, 1.28842396821e-11, 1.22828821766e-11, 1.19461177062e-11, 1.16989551727e-11, 1.15358148381e-11, 1.11616930976e-11, 1.10290665489e-11, 1.07415422043e-11, 1.02920554024e-11, 1.02871149099e-11, 1.03286398531e-11, 1.15110811508e-11, 9.40154204487e-12, 8.72513519767e-12, 8.52961711678e-12, 8.29651625178e-12, 8.18796593027e-12, 7.53416946886e-12, 6.17231179362e-12, 5.15060303435e-12, 3.59169660159e-12, 2.74157541287e-12, 2.60904969504e-12],
        "min": [4.58098947664e-10, 2.32755326124e-08, 1.28004870703e-07, 2.87384182229e-07, 1.46729263406e-07, 4.90073944093e-07, 5.80348398671e-07, 5.18736555932e-07, 7.02793386154e-07, 3.18806939958e-07, 6.41562280634e-07, 4.6502120199e-07, 3.28539101702e-07, 2.4635551199e-07, 4.02593627769e-07, 6.5414525352e-08, 3.20215349348e-07, 3.24448365063e-07, 2.07158421972e-07, 1.22844042494e-07, 1.29197715637e-07, 1.52499566752e-07, 7.69536327994e-08, 5.97707980887e-08, 8.57591757608e-08, 9.24601053498e-08, 8.46852188374e-08, 5.31537658333e-08, 3.07183150028e-08, 4.5574033436e-08, 1.86209803132e-08, 2.94248021504e-08, 2.27164314026e-08, 3.18406669919e-08, 7.77274777874e-08, 3.16756931795e-08, 2.09486117342e-08, 2.50795011425e-08, 5.01913532958e-09, 1.17530856159e-08, 5.73290792616e-09, 1.34473294722e-08, 2.00418774909e-08, 1.51960595218e-08, 1.94469507164e-08, 1.02324468898e-08, 1.44518175205e-08, 1.42858835872e-08, 1.21025216515e-08, 5.57726886896e-09, 1.00143271453e-08, 3.70907349279e-09, 9.3841538984e-09, 4.41003011886e-09, 7.32954363869e-09, 7.66198215985e-09, 2.62981858512e-09, 6.58216325888e-09, 4.91549467796e-09, 7.34673388791e-09, 5.66153035564e-09, 3.21052806562e-09, 2.21661577982e-09, 2.15689244243e-09, 2.47239295703e-09, 3.30905769452e-09, 2.00713445864e-09, 4.30233182414e-09, 3.77826925302e-09, 2.09267381202e-09, 2.86414159056e-09, 2.09758810321e-09, 2.85197132577e-09, 2.517080544e-09, 1.24647947519e-09, 1.84133575054e-09, 2.16534146169e-09, 1.42659972724e-09, 8.54200599143e-10, 1.72583236591e-09, 1.60968194329e-09, 2.55128917992e-09, 2.10229544884e-09, 1.6101713296e-09, 1.00536146075e-09, 1.44847456252e-09, 1.28827593038e-09, 1.16798537508e-09, 1.67685310082e-09, 1.61887037109e-09, 1.23362786653e-09, 8.72277694519e-10, 5.08153574774e-10, 2.57662252645e-10, 8.31261448564e-11, 2.13334974686e-11, 3.50751979544e-12, 1.64342866572e-12, 1.69174895447e-12, 1.91299970656e-12, 2.09960369403e-12, 2.30439213718e-12, 1.86953946248e-12, 2.22026260224e-12, 1.5760513554e-12, 1.71925722357e-12, 1.38250814876e-12, 1.87269817709e-12, 1.45895459342e-12, 1.62948300686e-12, 2.01393242361e-12, 1.65533006139e-12, 2.10674359902e-12, 1.97291705542e-12, 2.03816304112e-12, 2.12321761735e-12, 2.12412162512e-12, 1.36837232084e-12, 1.45970746341e-12, 1.65829166805e-12, 1.61481971458e-12, 1.72293017527e-12, 1.42645227227e-12, 1.62168455747e-12, 1.06965543194e-12, 3.91819931535e-13, 5.36954615699e-14, 2.22344983984e-15],
        "stdev": [5.38283893547e-06, 2.48351334449e-05, 0.000124613230582, 0.000296184094623, 0.000329556962242, 0.000467594509246, 0.000485272932565, 0.000697574694641, 0.000949902052525, 0.00085417937953, 0.000698749441653, 0.000651807815302, 0.00131347787101, 0.00147791439667, 0.00168410537299, 0.000865763169713, 0.000856601749547, 0.00133167323656, 0.00186125712935, 0.000728096289095, 0.000205023185117, 0.000271064025583, 0.000236293897615, 0.000376788026188, 0.000405259313993, 0.000742622069083, 0.000649686611723, 0.00051924836589, 0.000843018875457, 0.000511206744704, 0.000339366612025, 0.00105659465771, 0.00101492274553, 0.0019973423332, 0.00140705856029, 0.000422690151026, 0.000632999872323, 0.000526806747075, 0.000434713758295, 0.000415247224737, 0.000353824783815, 0.000183393363841, 0.000248517579166, 0.000164354889421, 0.000302622298477, 0.000192101520952, 0.000145443089423, 0.000173332300619, 0.000117451229016, 5.45332150068e-05, 0.000177568566869, 5.96730460529e-05, 1.8599046598e-05, 2.01586553885e-05, 9.30050828174e-06, 2.6252508178e-05, 1.87654568435e-05, 1.08646918306e-05, 1.06846300696e-05, 1.39778730954e-05, 1.14292979561e-05, 1.67717389559e-05, 1.83845331776e-05, 2.69750744337e-05, 2.19348130486e-05, 2.41707239184e-05, 2.09511817957e-05, 2.54000333371e-05, 1.97657336685e-05, 1.34853953568e-05, 1.02370986497e-05, 1.84030504897e-05, 1.25703554659e-05, 2.18851891987e-05, 2.93219309242e-05, 2.91991254926e-05, 1.9444294594e-05, 1.09199600047e-05, 1.1238940715e-05, 1.51047652253e-05, 1.61426542036e-05, 1.44236410051e-05, 1.53797827807e-05, 1.24965754367e-05, 1.38012819662e-05, 1.38935529321e-05, 1.60906547535e-05, 1.53559321916e-05, 1.64880821103e-05, 1.3816761566e-05, 1.2101701941e-05, 9.16849603527e-06, 7.14204816177e-06, 3.26894519276e-06, 7.95928940533e-07, 1.53626544375e-07, 1.71435665663e-08, 9.22718235152e-10, 1.39004530109e-10, 1.11782680334e-10, 9.3196700357e-11, 8.19848078315e-11, 7.23602081032e-11, 6.24979512587e-11, 5.75078006049e-11, 5.35734095974e-11, 4.86825926793e-11, 4.39713612743e-11, 4.05125932801e-11, 3.84800941111e-11, 3.56946139313e-11, 3.35768392257e-11, 3.2123748106e-11, 3.06333673705e-11, 2.86556837287e-11, 2.71914001732e-11, 2.64858447674e-11, 2.53668544503e-11, 2.45440317376e-11, 2.33413496864e-11, 2.29070599295e-11, 2.2097804489e-11, 2.15106404911e-11, 2.10936199063e-11, 2.06042995166e-11, 2.04188107394e-11, 2.02724816101e-11, 2.01275923012e-11]
    },
    "mfcc": {
        "mean": [-727.613342285, 166.430053711, -25.3287334442, 41.2775268555, -36.4571228027, 27.2658596039, -28.2732944489, 17.6605682373, -24.7616043091, 11.978053093, -18.6022586823, 2.50640273094, -8.40972232819],
        "cov": [[4584.16455078, -1190.66723633, -1055.9979248, 2.77213096619, -853.979187012, 434.792999268, -42.526638031, 165.527282715, -445.357666016, 441.774719238, -438.083526611, 437.687133789, -243.393188477], [-1190.66723633, 1024.27758789, 52.8434944153, -118.923439026, 362.827819824, -217.159179688, 150.374984741, -141.573410034, 145.254760742, -127.007736206, 158.685012817, -212.165618896, 91.3924865723], [-1055.9979248, 52.8434944153, 815.298583984, 89.7985458374, 123.981788635, -53.3732910156, -205.546646118, 88.6625137329, 47.7908363342, -98.4683380127, 87.060005188, -50.0218086243, -3.40128207207], [2.77213096619, -118.923439026, 89.7985458374, 261.653198242, 56.7394256592, -28.2609634399, -20.7161331177, 20.2388134003, 13.3970785141, -3.14785051346, 9.15079975128, 25.6186542511, -29.7529220581], [-853.979187012, 362.827819824, 123.981788635, 56.7394256592, 405.717010498, -61.6247024536, -7.64188146591, -38.2223052979, 116.779129028, -63.2337493896, 113.135292053, -79.5074996948, -10.3609724045], [434.792999268, -217.159179688, -53.3732910156, -28.2609634399, -61.6247024536, 261.792449951, 22.578962326, 11.1183519363, -12.2433605194, 52.9854393005, -37.7959136963, 34.955039978, -19.4021167755], [-42.526638031, 150.374984741, -205.546646118, -20.7161331177, -7.64188146591, 22.578962326, 258.334564209, -39.7371444702, 8.81078147888, 13.2848358154, -13.3016500473, -36.7953948975, 45.1839790344], [165.527282715, -141.573410034, 88.6625137329, 20.2388134003, -38.2223052979, 11.1183519363, -39.7371444702, 139.946502686, 6.3817486763, 16.5406131744, -22.3635425568, 23.996131897, -42.396446228], [-445.357666016, 145.254760742, 47.7908363342, 13.3970785141, 116.779129028, -12.2433605194, 8.81078147888, 6.3817486763, 170.49079895, -20.7813472748, 43.7509689331, -67.1856689453, 13.6076545715], [441.774719238, -127.007736206, -98.4683380127, -3.14785051346, -63.2337493896, 52.9854393005, 13.2848358154, 16.5406131744, -20.7813472748, 135.650619507, -30.8767795563, 38.1570396423, -31.1130390167], [-438.083526611, 158.685012817, 87.060005188, 9.15079975128, 113.135292053, -37.7959136963, -13.3016500473, -22.3635425568, 43.7509689331, -30.8767795563, 136.276855469, -22.2614250183, 10.147983551], [437.687133789, -212.165618896, -50.0218086243, 25.6186542511, -79.5074996948, 34.955039978, -36.7953948975, 23.996131897, -67.1856689453, 38.1570396423, -22.2614250183, 154.519683838, -10.8986082077], [-243.393188477, 91.3924865723, -3.40128207207, -29.7529220581, -10.3609724045, -19.4021167755, 45.1839790344, -42.396446228, 13.6076545715, -31.1130390167, 10.147983551, -10.8986082077, 134.165374756]],
        "icov": [[0.00670438958332, -0.00649731466547, 0.00864459667355, -0.00723900832236, 0.00952655170113, -0.00956282857805, 0.00972095131874, -0.00851160660386, 0.00806579645723, -0.00772062921897, 0.00732325203717, -0.00639653252438, 0.00490963784978], [-0.00649731466547, 0.0100458040833, -0.00878338515759, 0.00914948061109, -0.0114188231528, 0.0115865152329, -0.0115196872503, 0.0100181661546, -0.00830599945039, 0.00792566407472, -0.00824169255793, 0.00793051626533, -0.00503666978329], [0.00864459667355, -0.00878338515759, 0.013353517279, -0.0102236699313, 0.0122830653563, -0.0128684323281, 0.0144060198218, -0.0127713736147, 0.0109130823985, -0.00909983925521, 0.00855522044003, -0.00727222301066, 0.00548214092851], [-0.00723900832236, 0.00914948061109, -0.0102236699313, 0.0135246058926, -0.0121791437268, 0.012273831293, -0.0122828381136, 0.0103225139901, -0.00954430643469, 0.00847795791924, -0.00796217285097, 0.0062473998405, -0.00434822728857], [0.00952655170113, -0.0114188231528, 0.0122830653563, -0.0121791437268, 0.0190911348909, -0.0146700982004, 0.0148604046553, -0.0118654984981, 0.00973362382501, -0.0103561729193, 0.00882732402533, -0.00948778633028, 0.00844273809344], [-0.00956282857805, 0.0115865152329, -0.0128684323281, 0.012273831293, -0.0146700982004, 0.0195520110428, -0.0158327519894, 0.0135870696977, -0.0124810775742, 0.0100696375594, -0.0102990018204, 0.00909493677318, -0.00640611583367], [0.00972095131874, -0.0115196872503, 0.0144060198218, -0.0122828381136, 0.0148604046553, -0.0158327519894, 0.0210824962705, -0.0136956982315, 0.0124067999423, -0.0117123005912, 0.0110376542434, -0.00804128590971, 0.00509097613394], [-0.00851160660386, 0.0100181661546, -0.0127713736147, 0.0103225139901, -0.0118654984981, 0.0135870696977, -0.0136956982315, 0.0217906143516, -0.0128079252318, 0.00945992115885, -0.00809006020427, 0.00690692802891, -0.00308745261282], [0.00806579645723, -0.00830599945039, 0.0109130823985, -0.00954430643469, 0.00973362382501, -0.0124810775742, 0.0124067999423, -0.0128079252318, 0.0187848806381, -0.00981950480491, 0.00756091251969, -0.00439286604524, 0.00406041974202], [-0.00772062921897, 0.00792566407472, -0.00909983925521, 0.00847795791924, -0.0103561729193, 0.0100696375594, -0.0117123005912, 0.00945992115885, -0.00981950480491, 0.0187831986696, -0.0083139333874, 0.00616997759789, -0.00368364411406], [0.00732325203717, -0.00824169255793, 0.00855522044003, -0.00796217285097, 0.00882732402533, -0.0102990018204, 0.0110376542434, -0.00809006020427, 0.00756091251969, -0.0083139333874, 0.0189648196101, -0.00875808577985, 0.0054285088554], [-0.00639653252438, 0.00793051626533, -0.00727222301066, 0.0062473998405, -0.00948778633028, 0.00909493677318, -0.00804128590971, 0.00690692802891, -0.00439286604524, 0.00616997759789, -0.00875808577985, 0.0170150045305, -0.00641099503264], [0.00490963784978, -0.00503666978329, 0.00548214092851, -0.00434822728857, 0.00844273809344, -0.00640611583367, 0.00509097613394, -0.00308745261282, 0.00406041974202, -0.00368364411406, 0.0054285088554, -0.00641099503264, 0.0138038126752]]
    },
    "spectral_contrast_coeffs": {
        "max": [-0.392140030861, -0.422245740891, -0.421552926302, -0.561166167259, -0.58502882719, -0.396107435226],
        "mean": [-0.686282515526, -0.720405817032, -0.704976022243, -0.763565778732, -0.775357842445, -0.588272571564],
        "min": [-0.947989583015, -0.941517591476, -0.892686784267, -0.928171515465, -0.890383780003, -0.768471240997],
        "stdev": [0.0702077522874, 0.0868828520179, 0.0850751549006, 0.0590145848691, 0.053128849715, 0.0613969191909]
    },
    "spectral_contrast_valleys": {
        "max": [-5.73872280121, -4.8393740654, -5.32419872284, -6.31997585297, -6.46982812881, -10.6037302017],
        "mean": [-7.34379386902, -7.14895200729, -8.02530956268, -8.51919841766, -8.6627035141, -13.6041955948],
        "min": [-9.25125312805, -8.61252975464, -9.83310699463, -10.1169204712, -10.303155899, -14.8610696793],
        "stdev": [0.539993166924, 0.60633045435, 0.72016865015, 0.758980453014, 0.855272531509, 0.766162931919]
    }
},
"rhythm": {
    "beats_count": 60,
    "beats_loudness": {
        "max": 0.0655607879162,
        "mean": 0.0204533096403,
        "min": 0.00104990520049,
        "stdev": 0.0168668776751
    },
    "bpm": 114.050636292,
    "bpm_histogram_first_peak_bpm": 115,
    "bpm_histogram_first_peak_weight": 0.568181753159,
    "bpm_histogram_second_peak_bpm": 110,
    "bpm_histogram_second_peak_spread": 0.222222208977,
    "bpm_histogram_second_peak_weight": 0.118644066155,
    "danceability": 0.955941438675,
    "onset_rate": 3.44531226158,
    "beats_loudness_band_ratio": {
        "max": [0.751246333122, 0.906446278095, 0.847185850143, 0.876532196999, 0.406693726778, 0.858059227467],
        "mean": [0.226129665971, 0.299713492393, 0.220620676875, 0.200837448239, 0.0547619350255, 0.0489713996649],
        "min": [0.00641375873238, 0.0117709953338, 0.0128979254514, 0.00372618250549, 0.0025368554052, 0.000901766703464],
        "stdev": [0.21163032949, 0.251121014357, 0.204534247518, 0.241110980511, 0.0762753412127, 0.121579259634]
    },
    "beats_position": [0.545668900013, 1.09133780003, 1.64861679077, 2.19428563118, 2.76317453384, 3.29723358154, 3.80807256699, 4.31891155243, 4.85297060013, 5.3754196167, 5.89786815643, 6.40870714188, 6.91954612732, 7.44199514389, 7.95283412933, 8.46367359161, 8.98612213135, 9.52018165588, 10.0310201645, 10.5534696579, 11.0759181976, 11.5983667374, 12.1208162308, 12.6548748016, 13.1889343262, 13.722992897, 14.2454423904, 14.7678909302, 15.2787294388, 15.7895689011, 16.3004074097, 16.8344669342, 17.3685264587, 17.9141941071, 18.4598636627, 19.0171432495, 19.6208610535, 20.2245807648, 20.8050785065, 21.3971881866, 21.9776859283, 22.5117454529, 23.0574150085, 23.6030826569, 24.1487522125, 24.6828117371, 25.2168693542, 25.7509288788, 26.2733783722, 26.7958278656, 27.3298854828, 27.8523349762, 28.3747844696, 28.8856239319, 29.4080715179, 29.9305210114, 30.4529705048, 30.9754180908, 31.4978675842, 32.0319252014],
