{
"metadata": {
    "version": {
        "essentia": "2.1-beta5",
        "essentia_git_sha": "Undefined",
        "extractor": "music 2.0"
    },
    "audio_properties": {
        "analysis": {
            "equal_loudness": 0,
            "length": 48.7502937317,
            "sample_rate": 44100,
            "start_time": 61.4980506897,
            "downmix": "mix"
        },
        "bit_rate": 192000,
        "length": 175.333877563,
        "lossless": 0,
        "number_channels": 2,
        "replay_gain": -10.1309814453,
        "sample_rate": 44100,
        "codec": "mp3",
        "md5_encoded": "afeda724b7c276174ebd0c4673d8472a"
    },
    "tags": {
        "file_name": "United KingdomUK_Let Me Be The One_The Shadows.mp3",
        "encoding": ["Lavf58.29.100"]
    }
},
"lowlevel": {
    "average_loudness": 0.938277304173,
    "barkbands_crest": {
        "max": 23.9784259796,
        "mean": 9.76003074646,
        "min": 2.42788434029,
        "stdev": 4.46727848053
    },
    "barkbands_flatness_db": {
        "max": 0.342944800854,
        "mean": 0.146172225475,
        "min": 0.0541241951287,
        "stdev": 0.0456380695105
    },
    "barkbands_kurtosis": {
        "max": 104.52204895,
        "mean": 2.7039039135,
        "min": -1.87040579319,
        "stdev": 5.82350826263
    },
    "barkbands_skewness": {
        "max": 8.66025733948,
        "mean": 1.15825724602,
        "min": -1.5738632679,
        "stdev": 0.997644066811
    },
    "barkbands_spread": {
        "max": 78.6688232422,
        "mean": 19.4022922516,
        "min": 1.15995001793,
        "stdev": 12.05717659
    },
    "dissonance": {
        "max": 0.499966084957,
        "mean": 0.455305933952,
        "min": 0.257132738829,
        "stdev": 0.0339897498488
    },
    "dynamic_complexity": 2.6853890419,
    "erbbands_crest": {
        "max": 29.2699165344,
        "mean": 10.686205864,
        "min": 2.83301305771,
        "stdev": 5.37075519562
    },
    "erbbands_flatness_db": {
        "max": 0.370543330908,
        "mean": 0.197921395302,
        "min": 0.0983248203993,
        "stdev": 0.0454274527729
    },
    "erbbands_kurtosis": {
        "max": 26.3481216431,
        "mean": 0.844790995121,
        "min": -1.77189743519,
        "stdev": 2.72881960869
    },
    "erbbands_skewness": {
        "max": 4.64387369156,
        "mean": 0.517239868641,
        "min": -2.59751319885,
        "stdev": 0.822831213474
    },
    "erbbands_spread": {
        "max": 102.895561218,
        "mean": 31.818523407,
        "min": 3.78728151321,
        "stdev": 16.4230194092
    },
    "hfc": {
        "max": 109.645095825,
        "mean": 21.821018219,
        "min": 0.241852760315,
        "stdev": 16.5791950226
    },
    "loudness_ebu128": {
        "integrated": -14.1620426178,
        "loudness_range": 3.00160980225,
        "momentary": {
            "max": -9.57528305054,
            "mean": -14.6707038879,
            "min": -25.186164856,
            "stdev": 2.19763159752
        },
        "short_term": {
            "max": -12.4049568176,
            "mean": -14.3087978363,
            "min": -16.7167987823,
            "stdev": 1.04960334301
        }
    },
    "melbands_crest": {
        "max": 30.7625198364,
        "mean": 12.8619699478,
        "min": 3.38124036789,
        "stdev": 5.55434322357
    },
    "melbands_flatness_db": {
        "max": 0.401951044798,
        "mean": 0.171890035272,
        "min": 0.0193662699312,
        "stdev": 0.0565822608769
    },
    "melbands_kurtosis": {
        "max": 197.817810059,
        "mean": 7.5658621788,
        "min": -1.54025399685,
        "stdev": 11.4816026688
    },
    "melbands_skewness": {
        "max": 10.2773895264,
        "mean": 1.87044978142,
        "min": -1.28361022472,
        "stdev": 1.32839500904
    },
    "melbands_spread": {
        "max": 158.2890625,
        "mean": 25.3935604095,
        "min": 1.05218613148,
        "stdev": 18.4800872803
    },
    "pitch_salience": {
        "max": 0.831401407719,
        "mean": 0.569980680943,
        "min": 0.161841675639,
        "stdev": 0.11061706394
    },
    "silence_rate_20dB": {
        "max": 1,
        "mean": 1,
        "min": 1,
        "stdev": 0
    },
    "silence_rate_30dB": {
        "max": 1,
        "mean": 0.999048054218,
        "min": 0,
        "stdev": 0.0308392848819
    },
    "silence_rate_60dB": {
        "max": 1,
        "mean": 0.0399809628725,
        "min": 0,
        "stdev": 0.195917740464
    },
    "spectral_centroid": {
        "max": 4098.10449219,
        "mean": 1369.21704102,
        "min": 292.842163086,
        "stdev": 592.920776367
    },
    "spectral_complexity": {
        "max": 47,
        "mean": 19.6354122162,
        "min": 0,
        "stdev": 8.20096492767
    },
    "spectral_decrease": {
        "max": -8.31441096527e-11,
        "mean": -5.53148460369e-09,
        "min": -3.8123850743e-08,
        "stdev": 4.04789624042e-09
    },
    "spectral_energy": {
        "max": 0.153194382787,
        "mean": 0.0228563379496,
        "min": 0.000347043649526,
        "stdev": 0.0165056400001
    },
    "spectral_energyband_high": {
        "max": 0.00949575565755,
        "mean": 0.000689718814101,
        "min": 1.17436286473e-06,
        "stdev": 0.0011022152612
    },
    "spectral_energyband_low": {
        "max": 0.015654951334,
        "mean": 0.00115440390073,
        "min": 1.51011545313e-05,
        "stdev": 0.00148840190377
    },
    "spectral_energyband_middle_high": {
        "max": 0.0715112090111,
        "mean": 0.00788704305887,
        "min": 2.03486270038e-05,
        "stdev": 0.00918917916715
    },
    "spectral_energyband_middle_low": {
        "max": 0.137205913663,
        "mean": 0.0138919651508,
        "min": 0.000149768617121,
        "stdev": 0.0129392948002
    },
    "spectral_entropy": {
        "max": 8.88324737549,
        "mean": 7.45388412476,
        "min": 5.71602106094,
        "stdev": 0.431108564138
    },
    "spectral_flux": {
        "max": 0.234230697155,
        "mean": 0.0736837685108,
        "min": 0.0071427244693,
        "stdev": 0.0331849120557
    },
    "spectral_kurtosis": {
        "max": 46.8352470398,
        "mean": 4.60075378418,
        "min": -0.6390209198,
        "stdev": 3.41185569763
    },
    "spectral_rms": {
        "max": 0.0122252991423,
        "mean": 0.00441576261073,
        "min": 0.000581875559874,
        "stdev": 0.00167330179829
    },
    "spectral_rolloff": {
        "max": 8268.75,
        "mean": 1723.6619873,
        "min": 258.3984375,
        "stdev": 1208.42407227
    },
    "spectral_skewness": {
        "max": 5.4613609314,
        "mean": 1.5206618309,
        "min": 0.000592981174123,
        "stdev": 0.51970076561
    },
    "spectral_spread": {
        "max": 24195102,
        "mean": 3960042.75,
        "min": 1888669.875,
        "stdev": 1179480
    },
    "spectral_strongpeak": {
        "max": 13.4678087234,
        "mean": 1.70862233639,
        "min": 0,
        "stdev": 1.63403272629
    },
    "zerocrossingrate": {
        "max": 0.23876953125,
        "mean": 0.0629499331117,
        "min": 0.01220703125,
        "stdev": 0.0304740741849
    },
    "barkbands": {
        "max": [0.000431732536526, 0.00724455993623, 0.00782852433622, 0.0146799311042, 0.0395573042333, 0.0512446574867, 0.0418742895126, 0.102509513497, 0.0756715610623, 0.064339376986, 0.0393276326358, 0.0513981431723, 0.0266079157591, 0.0134267602116, 0.0373369678855, 0.00687565840781, 0.00761571573094, 0.00782870873809, 0.00252212584019, 0.00459926342592, 0.00397908035666, 0.0033632919658, 0.00397750595585, 0.00155399146024, 0.0010302264709, 8.52848461363e-05, 1.48666899236e-07],
        "mean": [4.11201253883e-05, 0.000426613783929, 0.00040691360482, 0.000615405035205, 0.00268065766431, 0.00380993215367, 0.00142843439244, 0.00207375735044, 0.00246561481617, 0.00201967684552, 0.00144936412107, 0.000937452947255, 0.000890073541086, 0.000672135851346, 0.000557758903597, 0.000418226496549, 0.000554046826437, 0.000348900415702, 0.000271442491794, 0.000208487530472, 0.000178117130417, 0.000163748656632, 0.000114652750199, 8.51991426316e-05, 3.43600913766e-05, 4.25767939305e-06, 9.62162571838e-10],
        "min": [2.16310880319e-07, 3.23889162246e-06, 2.08081388564e-07, 8.74862564615e-07, 2.29195375141e-05, 1.30181183522e-06, 2.1199045932e-06, 4.09969834436e-06, 3.26462827616e-06, 2.2138199256e-06, 9.48405670442e-07, 5.79193795147e-07, 1.6659485027e-06, 1.57214515184e-06, 1.19715912206e-06, 2.7839428185e-07, 5.64759147892e-07, 6.25390782716e-07, 6.71132568186e-07, 3.79047293109e-07, 2.04463546538e-07, 1.73220172428e-07, 1.63572664746e-07, 1.47750242263e-07, 1.27546414319e-07, 1.18970278074e-09, 1.90437717679e-11],
        "stdev": [4.94187297591e-05, 0.00072243361501, 0.000658733886667, 0.00117146328557, 0.00353641388938, 0.00591216282919, 0.00321614416316, 0.00559940421954, 0.00599912554026, 0.00476014148444, 0.00329980743118, 0.00383332325146, 0.0020097673405, 0.00115141610149, 0.00138426339254, 0.00069832772715, 0.000735069508664, 0.000504777766764, 0.000286703754682, 0.000339115125826, 0.000327927613398, 0.000276268372545, 0.000227280223044, 0.000167379490449, 8.09990524431e-05, 8.50829928822e-06, 4.91370943934e-09]
    },
    "erbbands": {
        "max": [0.172352865338, 1.78273308277, 6.87654399872, 31.3792266846, 111.714988708, 183.461608887, 466.736175537, 624.595153809, 668.239624023, 721.294616699, 3053.3737793, 2274.22973633, 2285.51245117, 1303.88024902, 1810.31396484, 2325.77416992, 1173.7746582, 644.730102539, 2352.37280273, 563.905456543, 491.106109619, 322.65411377, 416.964111328, 180.854049683, 108.376541138, 221.68788147, 181.408752441, 152.136825562, 136.26725769, 144.283660889, 64.8833694458, 32.7308540344, 23.7890110016, 16.0502300262, 4.96037006378, 0.814212083817, 0.089471898973, 0.00270336959511, 0.000160795389093, 0.000176541259862],
        "mean": [0.0121981054544, 0.0987322553992, 0.392032116652, 1.40994560719, 3.41564130783, 9.52977466583, 31.657119751, 24.8930454254, 20.4510574341, 31.7695560455, 50.1382446289, 61.6244316101, 56.911441803, 52.9707565308, 59.9106788635, 48.2813606262, 43.9250679016, 35.5137863159, 34.6593971252, 24.4561576843, 21.3314571381, 27.8785648346, 22.8902015686, 16.1306934357, 11.5913105011, 9.66499233246, 7.77345323563, 6.88260507584, 5.98841524124, 4.61759662628, 3.14517402649, 2.11457777023, 1.18488252163, 0.530296206474, 0.174287870526, 0.0376422740519, 0.00511895027012, 0.000151399392053, 2.09214940696e-05, 2.90470306936e-05],
        "min": [6.81783931213e-05, 0.000707964412868, 0.000723008590285, 0.0055723185651, 0.0324840545654, 0.0876330137253, 0.127318203449, 0.0567493885756, 0.0771615430713, 0.0408638641238, 0.130059510469, 0.134646102786, 0.0957236662507, 0.0826005339622, 0.0767009332776, 0.0380141288042, 0.0813645869493, 0.150510817766, 0.117692478001, 0.0345954820514, 0.0458403080702, 0.0284113921225, 0.0344655551016, 0.0234590470791, 0.0381190367043, 0.0167392026633, 0.00948716234416, 0.00717296591029, 0.00565496180207, 0.00638230051845, 0.0034209464211, 0.00317457644269, 0.00260793440975, 0.00168106751516, 0.000694663089234, 0.000145380123286, 4.72846159028e-06, 3.75632623673e-07, 3.00502705386e-07, 6.12063843164e-07],
        "stdev": [0.0195112172514, 0.176619425416, 0.613352417946, 2.31672763824, 5.40238809586, 14.6554899216, 52.3230133057, 45.7876396179, 49.9380073547, 66.7186431885, 156.423355103, 157.620819092, 156.91394043, 119.684379578, 137.923141479, 186.224197388, 93.843963623, 58.2491722107, 85.3961181641, 38.0645217896, 33.0123519897, 35.9255027771, 29.4435634613, 18.4270343781, 12.3976078033, 15.7048797607, 13.7324914932, 13.3024997711, 10.4351167679, 8.46250724792, 5.94721984863, 4.16100978851, 2.33766055107, 1.23980474472, 0.415312290192, 0.0784943699837, 0.0112318489701, 0.000330591923557, 2.02615465241e-05, 2.03289328056e-05]
    },
    "gfcc": {
        "mean": [-11.9317102432, 102.218528748, -154.215835571, 30.2284851074, -81.5931930542, 9.06521129608, -47.7459793091, 2.3755800724, -22.1365184784, -7.71619367599, -8.39239311218, -4.41251754761, -2.30813193321],
        "cov": [[2712.921875, -737.421691895, -142.373031616, 97.8259429932, -40.3118934631, 250.298843384, 53.0378227234, 158.201293945, -104.987251282, 84.1217803955, -154.001495361, 88.2359695435, -84.4065933228], [-737.421691895, 812.909973145, -87.1698226929, -204.405944824, 120.69506073, -188.838012695, 63.0064201355, -61.9961395264, 134.756088257, -117.94606781, 135.176956177, -77.7894515991, 53.1822166443], [-142.373031616, -87.1698226929, 529.388977051, 205.181884766, -65.4353485107, 47.4914855957, -80.6844329834, 17.70844841, -36.6917152405, 97.8221435547, -43.9287796021, 8.32081413269, -32.2146263123], [97.8259429932, -204.405944824, 205.181884766, 444.324127197, 61.5658493042, 4.01066303253, -72.4274368286, 4.57991075516, -8.32591724396, 49.022693634, -63.1643295288, 11.1436729431, 10.7478580475], [-40.3118934631, 120.69506073, -65.4353485107, 61.5658493042, 218.929595947, 5.97263622284, -5.5335059166, 29.5083904266, 8.88266181946, -19.5757045746, 8.46861743927, -5.07843255997, -3.13472008705], [250.298843384, -188.838012695, 47.4914855957, 4.01066303253, 5.97263622284, 250.337585449, 110.199073792, 46.3911361694, -64.7013702393, 50.2769699097, -36.6806335449, 5.3576965332, -54.5117797852], [53.0378227234, 63.0064201355, -80.6844329834, -72.4274368286, -5.5335059166, 110.199073792, 212.747314453, 37.3860435486, -15.5049791336, -12.5298957825, 12.2267408371, -17.3823947906, -25.8819522858], [158.201293945, -61.9961395264, 17.70844841, 4.57991075516, 29.5083904266, 46.3911361694, 37.3860435486, 127.333435059, 14.4950227737, 16.7587451935, -20.1989822388, -4.30676651001, -28.76820755], [-104.987251282, 134.756088257, -36.6917152405, -8.32591724396, 8.88266181946, -64.7013702393, -15.5049791336, 14.4950227737, 140.324645996, -6.08794260025, 12.2138242722, -17.3505859375, 28.4051437378], [84.1217803955, -117.94606781, 97.8221435547, 49.022693634, -19.5757045746, 50.2769699097, -12.5298957825, 16.7587451935, -6.08794260025, 103.443092346, -2.14094376564, 6.80949783325, -24.6309986115], [-154.001495361, 135.176956177, -43.9287796021, -63.1643295288, 8.46861743927, -36.6806335449, 12.2267408371, -20.1989822388, 12.2138242722, -2.14094376564, 123.770629883, 23.7802314758, 9.08306884766], [88.2359695435, -77.7894515991, 8.32081413269, 11.1436729431, -5.07843255997, 5.3576965332, -17.3823947906, -4.30676651001, -17.3505859375, 6.80949783325, 23.7802314758, 92.7192153931, 34.7578964233], [-84.4065933228, 53.1822166443, -32.2146263123, 10.7478580475, -3.13472008705, -54.5117797852, -25.8819522858, -28.76820755, 28.4051437378, -24.6309986115, 9.08306884766, 34.7578964233, 103.248123169]],
        "icov": [[0.000568531861063, 0.000194535459741, 0.000427588063758, -0.000139665527968, 0.000190522812773, -0.000221298323595, 8.38670530356e-05, -0.000495440035593, 8.3653612819e-05, -0.000198233392439, 0.000487344659632, -0.000620816252194, 0.000380269339075], [0.000194535459741, 0.00798611156642, -0.00444138003513, 0.00417750701308, -0.00680863391608, 0.00477929459885, -0.00572395557538, 0.00433335127309, -0.00493117840961, 0.00471244333312, -0.00514717120677, 0.00597841385752, -0.00276496401057], [0.000427588063758, -0.00444138003513, 0.00608613295481, -0.00382667779922, 0.00540496921167, -0.0034883080516, 0.00457906350493, -0.00360860233195, 0.00344673776999, -0.00440590642393, 0.00328350975178, -0.00380071415566, 0.0023906447459], [-0.000139665527968, 0.00417750701308, -0.00382667779922, 0.00575669435784, -0.00534503534436, 0.00312393833883, -0.00306458049454, 0.00303553463891, -0.00265194056556, 0.00145075446926, -0.00117694796063, 0.00294646131806, -0.00230725063011], [0.000190522812773, -0.00680863391608, 0.00540496921167, -0.00534503534436, 0.0119959460571, -0.00544385518879, 0.00632309960201, -0.00594326993451, 0.00427904492244, -0.00254348758608, 0.00306702684611, -0.00472739571705, 0.00286236475222], [-0.000221298323595, 0.00477929459885, -0.0034883080516, 0.00312393833883, -0.00544385518879, 0.0114970076829, -0.00810259301215, 0.00260921195149, -0.000774133659434, -0.000746872101445, -0.000418166193413, 0.00181265699212, 5.74705563849e-06], [8.38670530356e-05, -0.00572395557538, 0.00457906350493, -0.00306458049454, 0.00632309960201, -0.00810259301215, 0.0124966241419, -0.00531896483153, 0.00356970285065, -0.00116773555055, 0.00141791556962, -0.00226389337331, 0.00170603697188], [-0.000495440035593, 0.00433335127309, -0.00360860233195, 0.00303553463891, -0.00594326993451, 0.00260921195149, -0.00531896483153, 0.0134380152449, -0.00545206665993, 0.00184032868128, -0.00106214918196, 0.00200099986978, 0.000887829461135], [8.3653612819e-05, -0.00493117840961, 0.00344673776999, -0.00265194056556, 0.00427904492244, -0.000774133659434, 0.00356970285065, -0.00545206665993, 0.0127735426649, -0.00469010556117, 0.00252950098366, -0.000860527972691, -0.00150911149103], [-0.000198233392439, 0.00471244333312, -0.00440590642393, 0.00145075446926, -0.00254348758608, -0.000746872101445, -0.00116773555055, 0.00184032868128, -0.00469010556117, 0.0176470652223, -0.00574051402509, 0.00322505319491, 0.00055293092737], [0.000487344659632, -0.00514717120677, 0.00328350975178, -0.00117694796063, 0.00306702684611, -0.000418166193413, 0.00141791556962, -0.00106214918196, 0.00252950098366, -0.00574051402509, 0.0153238205239, -0.00896088127047, 0.00373169011436], [-0.000620816252194, 0.00597841385752, -0.00380071415566, 0.00294646131806, -0.00472739571705, 0.00181265699212, -0.00226389337331, 0.00200099986978, -0.000860527972691, 0.00322505319491, -0.00896088127047, 0.021188179031, -0.00961445365101], [0.000380269339075, -0.00276496401057, 0.0023906447459, -0.00230725063011, 0.00286236475222, 5.74705563849e-06, 0.00170603697188, 0.000887829461135, -0.00150911149103, 0.00055293092737, 0.00373169011436, -0.00961445365101, 0.0166270080954]]
    },
    "melbands": {
        "max": [0.00179953500628, 0.00261143431999, 0.00750890607014, 0.00651510059834, 0.0122912051156, 0.0119829280302, 0.00970379821956, 0.00788628403097, 0.0268615633249, 0.0129535403103, 0.0116826854646, 0.0051721050404, 0.00602326635271, 0.00694734742865, 0.00285328249447, 0.00180352502503, 0.00146845786367, 0.00371143454686, 0.00108074466698, 0.000651169975754, 0.000576368067414, 0.000422118231654, 0.000529805722181, 0.000521268462762, 0.000169294231455, 0.000137664654176, 0.000116241026262, 0.000173091306351, 0.000124328900711, 0.000128641127958, 0.000106398554635, 8.67875351105e-05, 5.9466176026e-05, 0.000116573821288, 3.84126433346e-05, 3.34978467436e-05, 2.57751398749e-05, 2.20090405492e-05, 9.16360295378e-06, 1.72915297298e-05],
        "mean": [0.00011548808834, 0.000188339967281, 0.000294161320198, 0.00043342646677, 0.000972074747551, 0.000593154225498, 0.00029538499075, 0.000357870216249, 0.000453722779639, 0.000349766691215, 0.000277400773484, 0.000212463055504, 0.000191932311282, 0.000133865265525, 0.000113920534204, 7.31080872356e-05, 6.70322333463e-05, 5.80851956329e-05, 3.24860593537e-05, 3.55282609235e-05, 2.30039622693e-05, 2.77481212834e-05, 3.02433491015e-05, 1.51783324327e-05, 1.29619947984e-05, 8.74274155649e-06, 7.47794138078e-06, 6.19707088845e-06, 4.84442762172e-06, 4.46045942226e-06, 3.80402752853e-06, 3.31446540258e-06, 3.08601283905e-06, 2.37021390603e-06, 1.82611290711e-06, 1.46210788898e-06, 1.27604607769e-06, 9.65773779171e-07, 5.01700981204e-07, 4.37604654735e-07],
        "min": [8.22339870865e-07, 7.52538596771e-07, 1.67136261098e-06, 4.31663738709e-06, 4.41422753283e-06, 3.51699213752e-07, 6.93477147706e-07, 5.67690278785e-07, 1.13828343729e-06, 6.67538245125e-07, 2.15333997744e-07, 2.87710179236e-07, 1.73071043719e-07, 1.22232592048e-07, 1.13602659724e-07, 1.26402213141e-07, 2.27585488233e-07, 1.94473969373e-07, 6.55071090705e-08, 3.23537747704e-08, 4.77728647752e-08, 2.70981335149e-08, 2.21201492678e-08, 2.4238669738e-08, 1.56791024608e-08, 2.89298380807e-08, 1.4295211237e-08, 9.31227539525e-09, 5.58068080636e-09, 4.42965042424e-09, 3.73263331355e-09, 2.82551781972e-09, 3.77030895393e-09, 3.33497984784e-09, 1.78997650035e-09, 1.75815739745e-09, 1.7691038634e-09, 1.91252680359e-09, 1.53564272409e-09, 1.37269273726e-09],
        "stdev": [0.000187204001122, 0.000273144221865, 0.000465428835014, 0.000613847980276, 0.00145957258064, 0.00099006248638, 0.000707593222614, 0.000765041273553, 0.00137983669993, 0.000887999776751, 0.00079464254668, 0.000500384019688, 0.000429895881098, 0.000471902138088, 0.000283972854959, 0.000157413538545, 0.000122124765767, 0.000141903001349, 6.18470803602e-05, 6.14046148257e-05, 4.08869054809e-05, 3.89599008486e-05, 4.07598963648e-05, 2.41767083935e-05, 1.56439691636e-05, 1.03879738163e-05, 1.03648044387e-05, 1.12845100375e-05, 8.87408441486e-06, 8.39618951431e-06, 7.73745978222e-06, 5.95541814619e-06, 5.16578529641e-06, 5.1422875913e-06, 3.42059570357e-06, 2.9107904993e-06, 2.65398807642e-06, 1.95037887352e-06, 1.03593720269e-06, 1.14287206543e-06]
    },
    "melbands128": {
        "max": [0.000315849960316, 0.00151745788753, 0.00304746907204, 0.00299935648218, 0.00356541201472, 0.00513859000057, 0.00752597022802, 0.00883237086236, 0.0142028955743, 0.0114299505949, 0.013104413636, 0.0163155905902, 0.0225548483431, 0.0233302656561, 0.0197636857629, 0.0200738888234, 0.0125294644386, 0.0161928981543, 0.00460982788354, 0.0135097317398, 0.0101780639961, 0.0251456163824, 0.0537163577974, 0.0262244157493, 0.0292294882238, 0.007428124547, 0.0199778713286, 0.0227699242532, 0.00995103269815, 0.0102150589228, 0.010401812382, 0.00530173303559, 0.00948618724942, 0.0129917571321, 0.00233545340598, 0.0152534097433, 0.00817945413291, 0.0048894691281, 0.00795827433467, 0.00423435028642, 0.00395849859342, 0.00273468322121, 0.00199739309028, 0.00363693875261, 0.00110389187466, 0.00711284950376, 0.00500292517245, 0.00163301837165, 0.00170571531635, 0.00203076098114, 0.0013499003835, 0.00050634238869, 0.00136278150603, 0.000905576860532, 0.00132665084675, 0.000577761558816, 0.000611525261775, 0.000750289880671, 0.000792801147327, 0.000534025137313, 0.00114620337263, 0.000469476770377, 0.000345762324287, 0.000251033750828, 0.000261523382505, 0.000306859845296, 0.00010000198381, 0.000152480424731, 0.000173900087248, 0.000174721470103, 0.000288781156996, 0.00010403667693, 0.000228123768466, 0.000150494175614, 0.000176942150574, 0.000186767181731, 0.000106271218101, 0.000131188542582, 0.000137460490805, 0.000126295140944, 8.1852725998e-05, 8.54959362186e-05, 8.40182910906e-05, 4.83229850943e-05, 0.00010139321239, 6.68623688398e-05, 0.000264256697847, 5.22119662492e-05, 3.69852459698e-05, 8.5517844127e-05, 4.23022102041e-05, 3.14171811624e-05, 2.05482701858e-05, 4.7334266128e-05, 3.17851336149e-05, 5.31575424247e-05, 1.46601296365e-05, 1.64106877492e-05, 1.98060788534e-05, 9.08711263037e-06, 1.59243427333e-05, 3.17765152431e-05, 1.14672184282e-05, 8.57572740642e-06, 6.322974059e-06, 6.17925661572e-06, 2.54055726145e-06, 2.30731711781e-06, 2.10216262531e-06, 1.28280350964e-06, 7.22398851849e-07, 5.01501119743e-07, 4.50343037528e-07, 1.24370458821e-07, 7.64956875621e-10, 7.38775374209e-10, 7.17421233531e-10, 6.92307711159e-10, 6.76867339955e-10, 6.62225052572e-10, 6.45297981716e-10, 6.2944716106e-10, 6.13572692654e-10, 6.0377491895e-10, 5.93663618265e-10, 5.89303494891e-10, 5.86211745812e-10, 5.81220127582e-10],
        "mean": [2.94295605272e-05, 9.24998748815e-05, 0.000151624626596, 0.000160444396897, 0.000168989397935, 0.000215755455429, 0.000276142061921, 0.000317099649692, 0.000317253434332, 0.000394833885366, 0.000489873462357, 0.000756808731239, 0.00125027832109, 0.00110132619739, 0.000574537785724, 0.000312830350595, 0.000312005635351, 0.000337983918143, 0.0001817936718, 0.000414425740018, 0.000406010251027, 0.000291159201879, 0.000499363872223, 0.000537897751201, 0.000527734053321, 0.000166961777722, 0.000185928045539, 0.000381906720577, 0.000243183749262, 0.000259160413407, 0.000194254680537, 0.000132995235617, 0.000200435140869, 0.000274846417597, 5.57471139473e-05, 0.000163057149621, 0.000129762309371, 7.18684168532e-05, 0.000153332250193, 9.51216934482e-05, 4.80580092699e-05, 4.62805619463e-05, 6.08689188084e-05, 9.9478114862e-05, 3.85647726944e-05, 6.79657969158e-05, 5.45054463146e-05, 2.6213714591e-05, 2.37086278503e-05, 3.45930166077e-05, 4.58274807897e-05, 2.76095906884e-05, 1.62337455549e-05, 2.24529921979e-05, 3.32864728989e-05, 2.0883833713e-05, 2.84134057438e-05, 4.46389021818e-05, 2.48286796705e-05, 1.69279046531e-05, 1.50238174683e-05, 1.2311978935e-05, 1.57844679052e-05, 1.23996551338e-05, 1.01960349639e-05, 8.07476044429e-06, 8.44130318001e-06, 8.45749400469e-06, 6.67523545417e-06, 6.75870205669e-06, 6.2185022216e-06, 6.24906351732e-06, 5.48312937099e-06, 3.88834314435e-06, 5.15899728271e-06, 4.50799598184e-06, 4.01295028496e-06, 4.54810606243e-06, 3.45779335476e-06, 3.77341621061e-06, 2.73105615634e-06, 3.27952670887e-06, 4.20698415837e-06, 2.58944601228e-06, 2.89458853331e-06, 2.42073861045e-06, 2.52607537732e-06, 1.61190666859e-06, 1.75817842774e-06, 2.06458980756e-06, 1.44341936448e-06, 1.40294855555e-06, 1.21201867387e-06, 1.26089162222e-06, 1.21892855987e-06, 1.48667209032e-06, 7.48891523017e-07, 5.41401334431e-07, 5.80162804908e-07, 4.08813889408e-07, 4.03642502533e-07, 5.49790797777e-07, 3.57217260216e-07, 2.07487730108e-07, 1.78717598942e-07, 1.53270136138e-07, 9.89079111946e-08, 7.6612252542e-08, 6.04625185474e-08, 3.80856874926e-08, 2.8126574847e-08, 2.15014299698e-08, 1.55939527957e-08, 1.63429725308e-09, 5.7819565108e-12, 4.83934203474e-12, 4.66634239929e-12, 4.51078887784e-12, 4.37966503342e-12, 4.26676532647e-12, 4.15809444168e-12, 4.06507943626e-12, 3.97850155598e-12, 3.90301809969e-12, 3.84660012176e-12, 3.80454348581e-12, 3.77220520445e-12, 3.74894343e-12],
        "min": [1.06911297593e-08, 1.31310599727e-07, 2.88213243493e-07, 2.91964141752e-07, 2.09388701933e-07, 9.29574355268e-08, 4.92751269121e-07, 3.70339279243e-07, 8.41681185193e-07, 5.09325161602e-07, 2.13887659584e-07, 6.3225940039e-07, 1.17322065307e-06, 8.67763105816e-08, 3.6905998968e-07, 1.00166943184e-07, 4.79112372886e-07, 2.14662009057e-07, 5.6105292856e-08, 1.15928983746e-07, 6.57502923218e-08, 4.53205217354e-07, 2.73445550647e-07, 2.25441254997e-07, 4.48318751012e-08, 1.00371117639e-07, 3.03859906126e-08, 2.88267152371e-08, 1.08817452826e-07, 8.10997420331e-08, 8.76333317024e-08, 5.37449231786e-08, 6.68860877795e-08, 9.97938585101e-08, 3.17404271755e-08, 4.27822968163e-08, 7.16816970225e-08, 8.4753096985e-08, 9.20723337572e-08, 9.42450029129e-08, 5.32462678393e-08, 2.7022876381e-08, 1.34522963435e-07, 4.05321500807e-08, 2.37539516945e-08, 2.606328664e-08, 8.40858902507e-08, 5.36881383795e-09, 6.83816914204e-09, 2.42904203418e-08, 1.44771892252e-08, 1.43891432103e-08, 1.56996549094e-08, 1.66124181078e-08, 4.46289805112e-09, 1.04290016623e-08, 1.63771609607e-08, 1.41867273484e-08, 1.08623385842e-08, 1.9023143949e-08, 9.88160131499e-09, 1.55934589685e-08, 1.43772274086e-08, 9.7486516637e-09, 7.19576709329e-09, 8.55796944421e-09, 1.19927925368e-08, 7.55286144738e-09, 6.04982641761e-09, 8.02349120477e-09, 6.64011690077e-09, 4.51188064687e-09, 6.50925535695e-09, 3.43343686815e-09, 3.10229619771e-09, 4.12708356379e-09, 2.83041146076e-09, 2.66093702628e-09, 2.33062436017e-09, 2.14387596564e-09, 1.84212112231e-09, 3.49683904055e-09, 2.89276225196e-09, 4.52298465348e-09, 1.51152268479e-09, 2.29612484581e-09, 2.51414977726e-09, 2.71470512736e-09, 1.57293189584e-09, 1.10672404574e-09, 1.93457272424e-09, 1.75406478231e-09, 1.52596568714e-09, 2.0289490088e-09, 1.71546366001e-09, 1.401180727e-09, 1.36727418276e-09, 1.17993514959e-09, 1.48310830284e-09, 1.42124501057e-09, 1.31553179461e-09, 1.227646651e-09, 8.45680081518e-10, 5.62855262398e-10, 3.46077805302e-10, 5.79943537637e-10, 4.65898319923e-10, 4.51100476417e-11, 2.89086094472e-12, 5.33823907387e-13, 9.55266275153e-14, 5.30010097497e-14, 4.44774222335e-14, 4.8145508576e-14, 4.75895297019e-14, 5.66356823364e-14, 5.42100882955e-14, 4.3485821091e-14, 5.60577991904e-14, 5.92186483227e-14, 5.43567672969e-14, 6.18949675042e-14, 3.80671717564e-14, 5.36772808547e-14, 5.57392910853e-14, 5.33484626646e-14, 5.48779500575e-14, 4.01796956438e-14],
        "stdev": [3.72493086616e-05, 0.00015127066581, 0.000294652534649, 0.000308873859467, 0.000297296035569, 0.000351511349436, 0.000473680091091, 0.000644854328129, 0.000594467215706, 0.000749263679609, 0.000989513006061, 0.00126793072559, 0.00253106467426, 0.0019233955536, 0.00134812132455, 0.00100288155954, 0.000870778516401, 0.00111047562677, 0.000395685754484, 0.00110193097498, 0.000983501551673, 0.00138232961763, 0.00231977971271, 0.00155044835992, 0.0018506445922, 0.000466100813355, 0.000818641507067, 0.00140482082497, 0.000762243464123, 0.000783806201071, 0.000743934360798, 0.000402607809519, 0.000547713425476, 0.000868358649313, 0.000141070733662, 0.000960823090281, 0.000613546289969, 0.000271191820502, 0.000478882226162, 0.000266728573479, 0.000188025878742, 0.000157079208293, 0.00014472642215, 0.000233002312598, 8.91921590664e-05, 0.000276590813883, 0.000179253620445, 7.82606293797e-05, 6.81294695823e-05, 9.4207978691e-05, 0.000107460073195, 5.20199682796e-05, 5.7169716456e-05, 5.53441932425e-05, 7.31916516088e-05, 4.24373793066e-05, 5.74064033572e-05, 7.08223742549e-05, 4.78704605484e-05, 3.13100172207e-05, 4.06410981668e-05, 2.58015370491e-05, 2.58202326222e-05, 1.90348964679e-05, 1.73768748937e-05, 1.50293717525e-05, 1.15916136565e-05, 1.46415295603e-05, 1.23125164464e-05, 1.39351377584e-05, 1.69091763382e-05, 1.09834709292e-05, 1.34544543471e-05, 7.85452175478e-06, 1.16884821182e-05, 8.94334516488e-06, 8.66099253471e-06, 1.09124948722e-05, 8.00306952442e-06, 8.09576795291e-06, 5.64170477446e-06, 6.30236036159e-06, 8.17713407741e-06, 4.7051880756e-06, 5.09732262799e-06, 5.04062791151e-06, 8.64531557454e-06, 3.16519231092e-06, 3.20675280818e-06, 5.07723279952e-06, 2.99317275676e-06, 3.04361196868e-06, 2.44094280788e-06, 3.2516554711e-06, 2.49662593887e-06, 3.58002739631e-06, 1.43821409893e-06, 1.14900922199e-06, 1.32550360377e-06, 8.90280148269e-07, 9.68982021732e-07, 1.76869775714e-06, 9.15467239793e-07, 5.02474961195e-07, 4.46627979045e-07, 3.93780169361e-07, 2.1904577352e-07, 1.7139296915e-07, 1.30500296791e-07, 8.15139742372e-08, 5.61376083397e-08, 5.6360789813e-08, 4.74331152134e-08, 6.16662365616e-09, 2.61325856787e-11, 2.48241999873e-11, 2.39827949167e-11, 2.31274478735e-11, 2.2448458023e-11, 2.18605394203e-11, 2.12423394846e-11, 2.07294199167e-11, 2.02563452123e-11, 1.98673976576e-11, 1.9524125372e-11, 1.93322632208e-11, 1.91575574848e-11, 1.90284368123e-11]
    },
    "mfcc": {
        "mean": [-636.546020508, 117.947471619, -15.4578342438, 11.836400032, -9.06775665283, -3.80426383018, -13.1062078476, 1.09755563736, -10.5378246307, -4.07037067413, -4.40777873993, -3.94927024841, -6.78476285934],
        "cov": [[2910.89477539, -783.550476074, -197.542572021, -79.9842758179, -64.6253356934, 72.062713623, 113.572227478, 103.657684326, 125.715270996, 19.385477066, -37.2739448547, 25.3917427063, -9.73612117767], [-783.550476074, 907.495300293, -212.640106201, -111.127494812, -21.2179756165, -126.221504211, -49.3004226685, 33.8615036011, -81.1097640991, 13.9764080048, 54.1344223022, -34.9846954346, 3.10967087746], [-197.542572021, -212.640106201, 562.5625, 98.4885864258, 13.073217392, 58.8411254883, -3.08795499802, -87.1249237061, 27.393163681, -9.42434406281, 6.93602752686, 47.0884552002, -2.91659116745], [-79.9842758179, -111.127494812, 98.4885864258, 347.620483398, 140.705886841, 1.38559889793, -57.9764022827, -42.8220252991, 23.1385669708, -6.20081090927, -53.3942947388, 14.1582870483, 26.6834106445], [-64.6253356934, -21.2179756165, 13.073217392, 140.705886841, 239.085571289, -9.13587760925, -46.4799041748, -23.8472824097, 5.79662370682, 9.70844078064, -23.8942146301, 1.22677183151, 13.8768100739], [72.062713623, -126.221504211, 58.8411254883, 1.38559889793, -9.13587760925, 166.72505188, 75.4808120728, 5.8384847641, 26.0667324066, 8.38513946533, 4.07495975494, 6.72298049927, -10.8463039398], [113.572227478, -49.3004226685, -3.08795499802, -57.9764022827, -46.4799041748, 75.4808120728, 213.442901611, 57.6374664307, -1.1582968235, 11.4084844589, 26.3368225098, 27.8409137726, 1.38234877586], [103.657684326, 33.8615036011, -87.1249237061, -42.8220252991, -23.8472824097, 5.8384847641, 57.6374664307, 127.157875061, 27.712392807, 16.1312561035, 14.8767681122, -8.72399902344, -3.0239803791], [125.715270996, -81.1097640991, 27.393163681, 23.1385669708, 5.79662370682, 26.0667324066, -1.1582968235, 27.712392807, 119.116569519, 41.0562019348, -9.15891170502, -10.9434070587, -16.8999443054], [19.385477066, 13.9764080048, -9.42434406281, -6.20081090927, 9.70844078064, 8.38513946533, 11.4084844589, 16.1312561035, 41.0562019348, 109.343002319, 40.8845367432, -5.09948825836, -16.1227149963], [-37.2739448547, 54.1344223022, 6.93602752686, -53.3942947388, -23.8942146301, 4.07495975494, 26.3368225098, 14.8767681122, -9.15891170502, 40.8845367432, 98.8623046875, 28.9189624786, -12.7455053329], [25.3917427063, -34.9846954346, 47.0884552002, 14.1582870483, 1.22677183151, 6.72298049927, 27.8409137726, -8.72399902344, -10.9434070587, -5.09948825836, 28.9189624786, 94.7663192749, 26.1936531067], [-9.73612117767, 3.10967087746, -2.91659116745, 26.6834106445, 13.8768100739, -10.8463039398, 1.38234877586, -3.0239803791, -16.8999443054, -16.1227149963, -12.7455053329, 26.1936531067, 70.9477844238]],
        "icov": [[0.000549825781491, 0.000569308991544, 0.00035551720066, 0.000183861644473, 5.8625570091e-05, 0.00016903517826, -7.80968184699e-05, -0.000209629259189, -0.000301855383441, -3.25212058669e-05, 8.06455864222e-05, -0.000216593864025, 1.80857914529e-05], [0.000569308991544, 0.00207171356305, 0.000684453290887, 0.000402881356422, 1.23523177535e-05, 0.000945086532738, 0.000154956171173, -0.000493677332997, 0.000504617579281, -0.000221545400564, -0.000760434020776, 0.000396067334805, -0.000231039259234], [0.00035551720066, 0.000684453290887, 0.00263791996986, -0.000439613097114, 0.000286426133243, -0.000314213888487, -0.000187542260392, 0.00154083967209, -0.00101314391941, 0.000530157063622, -0.000807457603514, -0.000792870298028, 0.000284649227979], [0.000183861644473, 0.000402881356422, -0.000439613097114, 0.00461816648021, -0.0021859058179, -3.53055693267e-05, 0.000649954134133, 0.000151218890096, -0.000530633958988, -0.000459895818494, 0.00196562800556, -0.000968756852672, -0.000851588207297], [5.8625570091e-05, 1.23523177535e-05, 0.000286426133243, -0.0021859058179, 0.00570931890979, -0.000110026485345, 0.000635705830064, 0.000180221453775, 0.000364407314919, -0.00107166043017, 0.00047889148118, -0.000137317852932, -0.000316826772178], [0.00016903517826, 0.000945086532738, -0.000314213888487, -3.53055693267e-05, -0.000110026485345, 0.00839469209313, -0.0031508191023, 0.000802273687441, -0.00145286566112, 0.000245358038228, -0.000423513294663, 0.000628317066003, 0.000784223957453], [-7.80968184699e-05, 0.000154956171173, -0.000187542260392, 0.000649954134133, 0.000635705830064, -0.0031508191023, 0.00741725834087, -0.00341933593154, 0.00175166712143, -0.000922022562008, 0.000200413865969, -0.00206907605752, -0.000158329799888], [-0.000209629259189, -0.000493677332997, 0.00154083967209, 0.000151218890096, 0.000180221453775, 0.000802273687441, -0.00341933593154, 0.0118961036205, -0.0039725555107, 0.000959104800131, -0.00208527478389, 0.00164558459073, -0.00105006922968], [-0.000301855383441, 0.000504617579281, -0.00101314391941, -0.000530633958988, 0.000364407314919, -0.00145286566112, 0.00175166712143, -0.0039725555107, 0.0131346229464, -0.00562684657052, 0.00364406174049, -0.000457938120235, 0.00227126968093], [-3.25212058669e-05, -0.000221545400564, 0.000530157063622, -0.000459895818494, -0.00107166043017, 0.000245358038228, -0.000922022562008, 0.000959104800131, -0.00562684657052, 0.014270003885, -0.00745727634057, 0.00243465113454, 0.000169929393451], [8.06455864222e-05, -0.000760434020776, -0.000807457603514, 0.00196562800556, 0.00047889148118, -0.000423513294663, 0.000200413865969, -0.00208527478389, 0.00364406174049, -0.00745727634057, 0.0180732738227, -0.00703353760764, 0.00403766287491], [-0.000216593864025, 0.000396067334805, -0.000792870298028, -0.000968756852672, -0.000137317852932, 0.000628317066003, -0.00206907605752, 0.00164558459073, -0.000457938120235, 0.00243465113454, -0.00703353760764, 0.0159468855709, -0.00618885317817], [1.80857914529e-05, -0.000231039259234, 0.000284649227979, -0.000851588207297, -0.000316826772178, 0.000784223957453, -0.000158329799888, -0.00105006922968, 0.00227126968093, 0.000169929393451, 0.00403766287491, -0.00618885317817, 0.0181695427746]]
    },
    "spectral_contrast_coeffs": {
        "max": [-0.344507604837, -0.440349936485, -0.46792575717, -0.568788588047, -0.586187779903, -0.59908413887],
        "mean": [-0.644247412682, -0.72299438715, -0.724574029446, -0.760569393635, -0.763103187084, -0.755560338497],
        "min": [-0.866310119629, -0.904994487762, -0.907977044582, -0.912489175797, -0.883533656597, -0.881469964981],
        "stdev": [0.0903594642878, 0.077627889812, 0.0764109417796, 0.0546295791864, 0.0459994524717, 0.0382585376501]
    },
    "spectral_contrast_valleys": {
        "max": [-5.54707288742, -5.12408685684, -5.29366827011, -6.3454041481, -5.95419120789, -8.20327377319],
        "mean": [-7.23822307587, -6.60682821274, -7.41242074966, -7.61411476135, -7.62839460373, -10.3203105927],
        "min": [-9.29285335541, -8.74574375153, -9.63467407227, -10.0869693756, -9.87199306488, -12.5434303284],
        "stdev": [0.673568248749, 0.515596449375, 0.620727598667, 0.598461687565, 0.74069672823, 0.827946066856]
    }
},
"rhythm": {
    "beats_count": 71,
    "beats_loudness": {
        "max": 0.0835610479116,
        "mean": 0.0334791205823,
        "min": 0.00649652210996,
        "stdev": 0.0168811213225
    },
    "bpm": 87.7631225586,
    "bpm_histogram_first_peak_bpm": 88,
    "bpm_histogram_first_peak_weight": 0.264705896378,
    "bpm_histogram_second_peak_bpm": 94,
    "bpm_histogram_second_peak_spread": 0,
    "bpm_histogram_second_peak_weight": 0.0285714287311,
    "danceability": 1.16805124283,
    "onset_rate": 3.404296875,
    "beats_loudness_band_ratio": {
        "max": [0.469153940678, 0.823283195496, 0.824906170368, 0.699428081512, 0.44392862916, 0.231836691499],
        "mean": [0.147511050105, 0.246733307838, 0.276164770126, 0.190234556794, 0.115213915706, 0.0698035210371],
        "min": [0.0133971041068, 0.0131382960826, 0.0331175997853, 0.00790084339678, 0.0120304226875, 0.00544577138498],
        "stdev": [0.0935392230749, 0.179398193955, 0.173793971539, 0.169006377459, 0.0778483971953, 0.0478642657399]
    },
