{
"metadata": {
    "version": {
        "essentia": "2.1-beta5",
        "essentia_git_sha": "Undefined",
        "extractor": "music 2.0"
    },
    "audio_properties": {
        "analysis": {
            "equal_loudness": 0,
            "length": 37.2912483215,
            "sample_rate": 44100,
            "start_time": 110.248344421,
            "downmix": "mix"
        },
        "bit_rate": 192000,
        "length": 147.562805176,
        "lossless": 0,
        "number_channels": 2,
        "replay_gain": -10.5662384033,
        "sample_rate": 48000,
        "codec": "mp3",
        "md5_encoded": "f0fb5cd9f5ffdacc1f419da177bda000"
    },
    "tags": {
        "file_name": "Netherlands_Ding-A-Dong_Teach-In.mp3",
        "encoding": ["Lavf58.29.100"]
    }
},
"lowlevel": {
    "average_loudness": 0.951784491539,
    "barkbands_crest": {
        "max": 25.3771915436,
        "mean": 7.7863779068,
        "min": 2.52449369431,
        "stdev": 3.66276240349
    },
    "barkbands_flatness_db": {
        "max": 0.279150575399,
        "mean": 0.10486715287,
        "min": 0.0332755595446,
        "stdev": 0.0284163784236
    },
    "barkbands_kurtosis": {
        "max": 28.0970859528,
        "mean": 0.821944475174,
        "min": -1.95036780834,
        "stdev": 2.87929940224
    },
    "barkbands_skewness": {
        "max": 5.031665802,
        "mean": 0.631874203682,
        "min": -4.48766422272,
        "stdev": 1.12767505646
    },
    "barkbands_spread": {
        "max": 152.266769409,
        "mean": 28.9344348907,
        "min": 5.51451587677,
        "stdev": 14.0422878265
    },
    "dissonance": {
        "max": 0.500000119209,
        "mean": 0.47579574585,
        "min": 0.384092360735,
        "stdev": 0.0161069631577
    },
    "dynamic_complexity": 4.20332145691,
    "erbbands_crest": {
        "max": 33.5572547913,
        "mean": 9.00053405762,
        "min": 2.7027387619,
        "stdev": 5.34547710419
    },
    "erbbands_flatness_db": {
        "max": 0.323197841644,
        "mean": 0.156080618501,
        "min": 0.034794613719,
        "stdev": 0.0367663651705
    },
    "erbbands_kurtosis": {
        "max": 57.9660301208,
        "mean": 0.498633921146,
        "min": -1.63752841949,
        "stdev": 3.85560464859
    },
    "erbbands_skewness": {
        "max": 2.05623364449,
        "mean": -0.371735692024,
        "min": -6.98512649536,
        "stdev": 0.862273156643
    },
    "erbbands_spread": {
        "max": 124.970123291,
        "mean": 35.0102844238,
        "min": 2.85634970665,
        "stdev": 14.676363945
    },
    "hfc": {
        "max": 71.4999160767,
        "mean": 17.7245407104,
        "min": 6.55669936123e-08,
        "stdev": 15.7566919327
    },
    "loudness_ebu128": {
        "integrated": -12.0912265778,
        "loudness_range": 2.4390668869,
        "momentary": {
            "max": -9.34178733826,
            "mean": -19.0096492767,
            "min": -99.6697463989,
            "stdev": 21.4142112732
        },
        "short_term": {
            "max": -11.0080089569,
            "mean": -13.8980722427,
            "min": -63.9571380615,
            "stdev": 6.73827314377
        }
    },
    "melbands_crest": {
        "max": 38.4455795288,
        "mean": 10.6792545319,
        "min": 1.92700231075,
        "stdev": 4.99958229065
    },
    "melbands_flatness_db": {
        "max": 0.295064538717,
        "mean": 0.153236329556,
        "min": 0.00741292862222,
        "stdev": 0.048828151077
    },
    "melbands_kurtosis": {
        "max": 96.4735946655,
        "mean": 4.93913269043,
        "min": -1.8473085165,
        "stdev": 8.00846290588
    },
    "melbands_skewness": {
        "max": 8.7081413269,
        "mean": 1.72742962837,
        "min": -2.36136674881,
        "stdev": 1.2784011364
    },
    "melbands_spread": {
        "max": 180.662063599,
        "mean": 41.5578727722,
        "min": 3.55551576614,
        "stdev": 29.0800323486
    },
    "pitch_salience": {
        "max": 0.827969193459,
        "mean": 0.587801814079,
        "min": 0.0647790655494,
        "stdev": 0.110353395343
    },
    "silence_rate_20dB": {
        "max": 1,
        "mean": 1,
        "min": 1,
        "stdev": 0
    },
    "silence_rate_30dB": {
        "max": 1,
        "mean": 1,
        "min": 1,
        "stdev": 0
    },
    "silence_rate_60dB": {
        "max": 1,
        "mean": 0.153080269694,
        "min": 0,
        "stdev": 0.360064208508
    },
    "spectral_centroid": {
        "max": 4543.44433594,
        "mean": 1888.61120605,
        "min": 484.314727783,
        "stdev": 764.764648438
    },
    "spectral_complexity": {
        "max": 44,
        "mean": 19.3117618561,
        "min": 0,
        "stdev": 11.356967926
    },
    "spectral_decrease": {
        "max": -2.08863401938e-19,
        "mean": -3.95063581848e-09,
        "min": -1.80209696055e-08,
        "stdev": 3.0268068052e-09
    },
    "spectral_energy": {
        "max": 0.0705785155296,
        "mean": 0.0165183097124,
        "min": 6.73541864643e-12,
        "stdev": 0.0126204937696
    },
    "spectral_energyband_high": {
        "max": 0.00265825306997,
        "mean": 0.000416548224166,
        "min": 5.05089546576e-12,
        "stdev": 0.000428283266956
    },
    "spectral_energyband_low": {
        "max": 0.0295860469341,
        "mean": 0.00263148127124,
        "min": 1.31631074855e-13,
        "stdev": 0.00343313836493
    },
    "spectral_energyband_middle_high": {
        "max": 0.0426150783896,
        "mean": 0.00633625686169,
        "min": 1.16347632483e-12,
        "stdev": 0.00682050781325
    },
    "spectral_energyband_middle_low": {
        "max": 0.0611207187176,
        "mean": 0.00792941171676,
        "min": 2.04300890983e-13,
        "stdev": 0.00737857539207
    },
    "spectral_entropy": {
        "max": 8.91638278961,
        "mean": 7.64462614059,
        "min": 5.62310552597,
        "stdev": 0.399341255426
    },
    "spectral_flux": {
        "max": 0.213590815663,
        "mean": 0.0702589452267,
        "min": 2.24196514864e-06,
        "stdev": 0.0430013202131
    },
    "spectral_kurtosis": {
        "max": 13.5996875763,
        "mean": 5.14992809296,
        "min": -0.362516880035,
        "stdev": 2.01846385002
    },
    "spectral_rms": {
        "max": 0.0082980170846,
        "mean": 0.00358351739123,
        "min": 8.10625664371e-08,
        "stdev": 0.00180935591925
    },
    "spectral_rolloff": {
        "max": 17398.828125,
        "mean": 2873.43847656,
        "min": 21.533203125,
        "stdev": 3528.8996582
    },
    "spectral_skewness": {
        "max": 2.40039277077,
        "mean": 1.48826861382,
        "min": 0.434121847153,
        "stdev": 0.267574697733
    },
    "spectral_spread": {
        "max": 12414530,
        "mean": 4168053,
        "min": 2159017.5,
        "stdev": 1760319.5
    },
    "spectral_strongpeak": {
        "max": 12.3305282593,
        "mean": 1.08069062233,
        "min": 0,
        "stdev": 1.60777175426
    },
    "zerocrossingrate": {
        "max": 0.8603515625,
        "mean": 0.117428146303,
        "min": 0,
        "stdev": 0.179361641407
    },
    "barkbands": {
        "max": [0.00112825597171, 0.0108112618327, 0.0210875123739, 0.0298398770392, 0.0345635078847, 0.0168046280742, 0.0166684407741, 0.00928108673543, 0.0312608964741, 0.0193749070168, 0.0162357464433, 0.0191999338567, 0.00993314944208, 0.0365923792124, 0.0124777927995, 0.0128048351035, 0.0171414837241, 0.0131048355252, 0.00457836827263, 0.00281404610723, 0.000921286817174, 0.0004802015319, 0.000720399490092, 0.00090299063595, 0.000472813873785, 0.000128577783471, 0.000115129776532],
        "mean": [5.01565446029e-05, 0.00101373076905, 0.000897802296095, 0.00175936764572, 0.00217182468623, 0.00114914623555, 0.0012500238372, 0.00046052626567, 0.000932817463763, 0.00068140210351, 0.000583518121857, 0.000281802349491, 0.000513388717081, 0.000965779356193, 0.000514104380272, 0.000580487772822, 0.000866810441948, 0.000898326106835, 0.00039159716107, 0.000297156366287, 0.000110481960292, 4.72846950288e-05, 3.07738264382e-05, 3.28208552673e-05, 2.4088723876e-05, 1.00806109913e-05, 3.00367605632e-06],
        "min": [2.26957260494e-13, 1.9040881373e-15, 5.4921256311e-16, 6.30411216664e-15, 1.94813969508e-14, 8.96328570719e-15, 5.62260555091e-15, 2.22647997315e-14, 1.27649093349e-14, 2.73775431172e-14, 3.28762319831e-14, 3.81995528416e-14, 4.99968752651e-14, 1.35406090637e-13, 4.19343582753e-14, 1.31149485803e-13, 1.21068858606e-13, 1.53956437442e-13, 1.17590954877e-13, 1.08524578484e-13, 1.71439400762e-13, 2.41298246575e-13, 2.59094259719e-13, 6.9650903968e-13, 1.02717714976e-12, 1.13970768587e-12, 1.5029012106e-12],
        "stdev": [8.18057815195e-05, 0.00139467860572, 0.00179302471224, 0.00254579051398, 0.00330775394104, 0.00163036596496, 0.00177192827687, 0.000832113786601, 0.00202209712006, 0.00152535364032, 0.00131000380497, 0.000890331459232, 0.000965441286098, 0.00300861080177, 0.00111601920798, 0.00106542045251, 0.00155950745102, 0.00141861813609, 0.000544690177776, 0.000358884339221, 0.000129695414216, 5.30334436917e-05, 6.20065184194e-05, 7.69681646489e-05, 4.37761227658e-05, 1.41346836244e-05, 9.72080397332e-06]
    },
    "erbbands": {
        "max": [0.427309215069, 2.98666834831, 19.7335700989, 42.8056945801, 190.547897339, 76.9471969604, 137.9793396, 140.488082886, 280.847320557, 301.92086792, 223.520172119, 973.756225586, 549.185424805, 559.819458008, 733.055725098, 992.157165527, 414.303497314, 1961.09179688, 683.157958984, 663.343017578, 832.360961914, 938.578674316, 604.786376953, 475.173309326, 120.431655884, 145.452972412, 74.6364059448, 16.9659633636, 14.671836853, 19.760011673, 26.5259170532, 20.6613540649, 13.0807857513, 8.46060657501, 2.88509345055, 0.705067396164, 0.251010090113, 0.0789529979229, 0.0240554027259, 0.00085228367243],
        "mean": [0.0300217531621, 0.228053167462, 0.926898956299, 3.45836353302, 7.75930356979, 6.85095500946, 6.15628910065, 10.9486017227, 17.3297252655, 16.5929317474, 8.70265674591, 25.4534187317, 17.9602375031, 20.8157958984, 22.5254192352, 14.3547058105, 24.5459976196, 47.5121040344, 31.3020324707, 34.0261306763, 32.4130020142, 45.1553421021, 48.7279281616, 33.6803817749, 16.2963733673, 14.6901798248, 7.94133043289, 2.75205492973, 1.63080012798, 1.2363088131, 0.905525684357, 0.75599360466, 0.50056552887, 0.325635582209, 0.13760176301, 0.0499318949878, 0.0175573043525, 0.00375532009639, 0.00064872886287, 4.20031610702e-05],
        "min": [1.32984400401e-12, 3.72557372322e-13, 1.16335380999e-12, 1.53751681525e-11, 3.18637616292e-11, 2.09249232525e-11, 2.89511765256e-11, 8.48965966971e-11, 1.82522760794e-10, 2.06143394021e-10, 4.36517960667e-10, 3.53538309739e-10, 9.21752507654e-10, 9.91955073637e-10, 1.64733460206e-09, 1.31968358463e-09, 2.35463448739e-09, 7.10201364384e-09, 2.96077273809e-09, 6.33988950227e-09, 8.19038259436e-09, 7.46769135418e-09, 7.16170678317e-09, 6.5853811293e-09, 6.61714549821e-09, 4.59316940038e-09, 6.3884781909e-09, 7.86415110809e-09, 8.99741348093e-09, 7.69605268403e-09, 7.12399828018e-09, 1.39457014825e-08, 1.21085506066e-08, 1.09988498309e-08, 7.30802840465e-09, 3.47430018088e-09, 2.47376319429e-09, 1.37636335662e-09, 2.04000330517e-10, 1.37086245133e-11],
        "stdev": [0.0417876504362, 0.355698466301, 1.75432288647, 4.46272087097, 15.1449584961, 8.61469745636, 9.22583866119, 15.9148178101, 26.1345310211, 25.5498371124, 13.0033826828, 56.9936904907, 41.7619514465, 40.2038650513, 48.7370986938, 43.5969619751, 41.2890052795, 159.716171265, 64.2075500488, 68.4521331787, 58.4836273193, 82.2207183838, 74.3294143677, 52.9750900269, 19.5177249908, 17.6972179413, 9.49209594727, 2.86730670929, 1.79114043713, 1.74695551395, 1.92777991295, 1.82929372787, 1.13383769989, 0.639082610607, 0.238107010722, 0.0722549781203, 0.0261044930667, 0.00736829591915, 0.00207393150777, 7.82431015978e-05]
    },
    "gfcc": {
        "mean": [-83.204246521, 75.1397247314, -125.523078918, 30.5946712494, -46.3819236755, -0.73328101635, -39.3185501099, 12.23458004, -29.0514354706, 1.03078866005, -16.1732006073, -1.56736803055, -12.990811348],
        "cov": [[77363.6640625, 11042.3759766, -4188.64892578, 1378.31262207, -1530.39599609, -1479.52392578, -2300.46435547, -250.838821411, -1310.97363281, -837.138183594, -839.483215332, -309.052764893, -269.926513672], [11042.3759766, 2142.81005859, -628.811279297, 179.177307129, -152.604873657, -189.891052246, -249.799255371, -9.63744544983, -207.74810791, -112.366455078, -97.5297622681, -42.6495513916, -48.2911186218], [-4188.64892578, -628.811279297, 672.358520508, -12.5809345245, 74.6133651733, 86.9603729248, 73.8994750977, 5.00852775574, 82.6677017212, 48.2977638245, 22.848154068, 38.6618804932, 1.51593327522], [1378.31262207, 179.177307129, -12.5809345245, 250.868927002, 2.75909638405, -49.5925865173, -82.4221801758, 36.4929275513, -18.386100769, -34.5722961426, -2.33651828766, 28.529499054, 8.04428100586], [-1530.39599609, -152.604873657, 74.6133651733, 2.75909638405, 185.842147827, 57.6809921265, 113.691596985, 20.2053985596, 37.8587226868, 1.6925702095, 35.0155143738, 10.7297353745, -4.5668926239], [-1479.52392578, -189.891052246, 86.9603729248, -49.5925865173, 57.6809921265, 245.147689819, 109.618103027, 5.20768785477, 32.0648803711, 37.6772689819, 21.9574756622, 1.04891705513, -14.1340436935], [-2300.46435547, -249.799255371, 73.8994750977, -82.4221801758, 113.691596985, 109.618103027, 211.914733887, 17.868555069, 39.2390060425, 29.3380413055, 35.8609275818, -7.94822025299, -0.0478288345039], [-250.838821411, -9.63744544983, 5.00852775574, 36.4929275513, 20.2053985596, 5.20768785477, 17.868555069, 104.377609253, 30.3206691742, -4.12711191177, 9.70378684998, 27.7679843903, 9.52933216095], [-1310.97363281, -207.74810791, 82.6677017212, -18.386100769, 37.8587226868, 32.0648803711, 39.2390060425, 30.3206691742, 125.711746216, 33.8893318176, 19.1905822754, 24.6558322906, 20.9723033905], [-837.138183594, -112.366455078, 48.2977638245, -34.5722961426, 1.6925702095, 37.6772689819, 29.3380413055, -4.12711191177, 33.8893318176, 101.331268311, 31.1208820343, -11.6154298782, -1.90502643585], [-839.483215332, -97.5297622681, 22.848154068, -2.33651828766, 35.0155143738, 21.9574756622, 35.8609275818, 9.70378684998, 19.1905822754, 31.1208820343, 71.1891479492, 23.072309494, 3.11294198036], [-309.052764893, -42.6495513916, 38.6618804932, 28.529499054, 10.7297353745, 1.04891705513, -7.94822025299, 27.7679843903, 24.6558322906, -11.6154298782, 23.072309494, 89.947013855, 21.9760112762], [-269.926513672, -48.2911186218, 1.51593327522, 8.04428100586, -4.5668926239, -14.1340436935, -0.0478288345039, 9.52933216095, 20.9723033905, -1.90502643585, 3.11294198036, 21.9760112762, 61.2569999695]],
        "icov": [[8.72080927365e-05, -0.000320907769492, 0.000176730987732, -0.000148272738443, 0.000136516828206, -2.20832771447e-05, 0.000327759596985, 0.000107714738988, -3.57190992872e-06, 7.56178415031e-05, 0.000244166789344, 1.70113307831e-05, 0.000120038894238], [-0.000320907769492, 0.00200887629762, -2.12892646232e-05, 0.000202626397368, -0.000554116093554, 0.000167124599102, -0.000813990598544, -0.000555600214284, 0.000700442411471, -0.000359143276, -0.000273109500995, -0.000227118638577, 7.09478190402e-05], [0.000176730987732, -2.12892646232e-05, 0.0026083397679, -0.000733881664928, -0.000154953624588, -0.000257972627878, 0.000705773592927, 0.000575657060836, -0.000299153325614, -0.000615614408161, 0.00155409588479, -0.00102712865919, 0.00100650708191], [-0.000148272738443, 0.000202626397368, -0.000733881664928, 0.00601460598409, -0.00204562582076, 2.25657299779e-06, 0.00248011387885, -0.00232821260579, 0.000824557209853, 0.000693853013217, -0.00132914073765, -0.000344959844369, -0.0011225878261], [0.000136516828206, -0.000554116093554, -0.000154953624588, -0.00204562582076, 0.00993396621197, 6.58411518089e-05, -0.00490283872932, 0.000605175737292, -0.00199835328385, 0.00260815420188, -0.00242035626434, 0.000149915227666, 0.00192951376084], [-2.20832771447e-05, 0.000167124599102, -0.000257972627878, 2.25657299779e-06, 6.58411518089e-05, 0.00571314524859, -0.00285944552161, 0.000230921737966, -0.000247077259701, -0.00132030760869, 0.000539591943379, -0.000935906893574, 0.00167736364529], [0.000327759596985, -0.000813990598544, 0.000705773592927, 0.00248011387885, -0.00490283872932, -0.00285944552161, 0.0124323265627, -0.00180723401718, 0.000599954801146, 0.000158607261255, -0.00105943309609, 0.00236280984245, -0.00126933283173], [0.000107714738988, -0.000555600214284, 0.000575657060836, -0.00232821260579, 0.000605175737292, 0.000230921737966, -0.00180723401718, 0.0122857242823, -0.00294575304724, 0.000651505077258, 0.000507130171172, -0.00279512698762, 0.000519688008353], [-3.57190992872e-06, 0.000700442411471, -0.000299153325614, 0.000824557209853, -0.00199835328385, -0.000247077259701, 0.000599954801146, -0.00294575304724, 0.0123115638271, -0.00383192673326, 0.00136752298567, -0.00210672663525, -0.00295963790268], [7.56178415031e-05, -0.000359143276, -0.000615614408161, 0.000693853013217, 0.00260815420188, -0.00132030760869, 0.000158607261255, 0.000651505077258, -0.00383192673326, 0.0151576288044, -0.00749112851918, 0.00450463825837, 0.00031072445563], [0.000244166789344, -0.000273109500995, 0.00155409588479, -0.00132914073765, -0.00242035626434, 0.000539591943379, -0.00105943309609, 0.000507130171172, 0.00136752298567, -0.00749112851918, 0.0226132422686, -0.00702118594199, 0.00152957660612], [1.70113307831e-05, -0.000227118638577, -0.00102712865919, -0.000344959844369, 0.000149915227666, -0.000935906893574, 0.00236280984245, -0.00279512698762, -0.00210672663525, 0.00450463825837, -0.00702118594199, 0.0167678259313, -0.00459878519177], [0.000120038894238, 7.09478190402e-05, 0.00100650708191, -0.0011225878261, 0.00192951376084, 0.00167736364529, -0.00126933283173, 0.000519688008353, -0.00295963790268, 0.00031072445563, 0.00152957660612, -0.00459878519177, 0.0200761239976]]
    },
    "melbands": {
        "max": [0.00327363424003, 0.00761886779219, 0.0117718642578, 0.00876960158348, 0.00397580023855, 0.00278729922138, 0.00412299670279, 0.00294146384113, 0.00157676963136, 0.00589223718271, 0.00291530671529, 0.00224544131197, 0.00262171612121, 0.00203424342908, 0.00121698726434, 0.00161643896718, 0.00447062961757, 0.00134227168746, 0.00114840688184, 0.00121492368635, 0.00106349622365, 0.00135509122629, 0.000988505082205, 0.000631222443189, 0.000414050213294, 0.000163438802701, 8.54824756971e-05, 8.64294706844e-05, 5.79106817895e-05, 2.13298771996e-05, 1.12065563371e-05, 7.43847886042e-06, 1.4868002836e-05, 1.06896632133e-05, 1.65249803104e-05, 1.63644617714e-05, 1.4421605556e-05, 1.05475837699e-05, 6.52235166854e-06, 8.95768880582e-06],
        "mean": [0.000269246782409, 0.000436167203588, 0.000760353635997, 0.000530432153028, 0.000238861961407, 0.000242756315856, 0.000261267676251, 0.000165433186339, 8.1287282228e-05, 0.000151805215864, 8.67620183271e-05, 8.45926115289e-05, 8.52290395414e-05, 3.49285255652e-05, 4.80884227727e-05, 4.96693173773e-05, 9.61964542512e-05, 5.26744552189e-05, 3.65627420251e-05, 4.47278762294e-05, 3.76755560865e-05, 4.60113697045e-05, 4.92786421091e-05, 4.4392701966e-05, 2.53735433944e-05, 1.29446980282e-05, 9.61014302447e-06, 9.71610279521e-06, 5.96064683123e-06, 2.44011062023e-06, 1.28268254684e-06, 9.13157066407e-07, 8.70365738592e-07, 5.8527712099e-07, 5.1204705187e-07, 4.92331707846e-07, 4.45719848585e-07, 3.55496183602e-07, 3.15889565172e-07, 2.61075484786e-07],
        "min": [2.53775949907e-14, 6.01161411402e-16, 3.32320290196e-15, 2.61613389067e-15, 8.69412192995e-16, 1.93146275984e-15, 2.8275751254e-15, 3.20811822948e-15, 3.60373047321e-15, 2.09285133542e-15, 3.50408149389e-15, 3.33022247575e-15, 5.27481636386e-15, 3.83598648383e-15, 2.95551352286e-15, 1.01838246088e-14, 1.22262658371e-14, 2.88174182359e-15, 4.80372204959e-15, 7.56164523222e-15, 8.53534263938e-15, 7.49736136076e-15, 6.79204337833e-15, 6.88999511538e-15, 5.18940198498e-15, 4.02078959117e-15, 5.2482525636e-15, 2.44621399925e-15, 3.85953103515e-15, 4.04212465704e-15, 5.28720422072e-15, 5.01662759253e-15, 4.11721582188e-15, 4.70790525908e-15, 3.41715156131e-15, 6.27265336298e-15, 8.84581409586e-15, 8.02991215052e-15, 8.61331456327e-15, 9.28962463187e-15],
        "stdev": [0.000352798670065, 0.000744856370147, 0.00110332120676, 0.00079693243606, 0.000320650084177, 0.000342562620062, 0.00038388260873, 0.000262115121586, 0.000131609005621, 0.000349071866367, 0.000213506937143, 0.000173961307155, 0.000185737590073, 0.00010452978313, 9.32502662181e-05, 0.000109296677692, 0.000342310842825, 0.000118534691865, 8.15703024273e-05, 8.39013518998e-05, 7.75311127654e-05, 9.83797726803e-05, 8.77538259374e-05, 7.25301797502e-05, 4.37428498117e-05, 1.85918179341e-05, 1.17475146908e-05, 1.20996601254e-05, 7.65627555666e-06, 3.01572254102e-06, 1.38900713864e-06, 1.004780529e-06, 1.12991006063e-06, 9.11058748443e-07, 1.06777577003e-06, 1.21540676901e-06, 1.12948453079e-06, 8.41704832055e-07, 6.56213273942e-07, 5.21370793649e-07]
    },
    "melbands128": {
        "max": [0.00102514598984, 0.00362869724631, 0.00476264301687, 0.00600394746289, 0.00933061540127, 0.0103195011616, 0.00860486086458, 0.019983233884, 0.0247153770179, 0.00894457660615, 0.00484990607947, 0.00574269890785, 0.00569895282388, 0.0065181828104, 0.00547937350348, 0.00337897310965, 0.0063333674334, 0.00762825831771, 0.00296986149624, 0.00504522025585, 0.00329156289808, 0.00328524364159, 0.00149075896479, 0.00345460814424, 0.0110019203275, 0.00762494280934, 0.00319405295886, 0.00374774611555, 0.00599012011662, 0.002897947561, 0.00346440984868, 0.00422133272514, 0.00489040417597, 0.00552957272157, 0.00107196799945, 0.00359196588397, 0.00484633864835, 0.00114314490929, 0.00229640235193, 0.00105538638309, 0.00143076549284, 0.00655928719789, 0.00753901200369, 0.00783094204962, 0.00261275214143, 0.00287001021206, 0.0033433153294, 0.00174480455462, 0.00203372654505, 0.00200503738597, 0.00213395361789, 0.000995636335574, 0.00212800176814, 0.00197001849301, 0.00162034633104, 0.00249873381108, 0.00102666718885, 0.00181277305819, 0.00195184233598, 0.000914818141609, 0.00121837749612, 0.00101010838989, 0.00118794315495, 0.000490260543302, 0.000420038501034, 0.000381128716981, 0.000199989328394, 0.000163845325005, 0.000151112602907, 0.000359863392077, 0.000166956931935, 0.000150239880895, 0.000156920301379, 8.58564744703e-05, 7.10850144969e-05, 3.91944195144e-05, 3.14844510285e-05, 1.49671259351e-05, 1.95990778593e-05, 1.37154256663e-05, 8.68132246978e-06, 9.51501533564e-06, 1.7379899873e-05, 1.84638065548e-05, 1.1686533071e-05, 1.4168227608e-05, 1.36690669024e-05, 1.44166551763e-05, 1.63922959473e-05, 2.89352501568e-05, 2.166626291e-05, 1.84987657121e-05, 1.88054782484e-05, 1.8149978132e-05, 2.31799403991e-05, 1.17834169941e-05, 1.20973472804e-05, 1.30871057991e-05, 8.55226426211e-06, 8.28981228551e-06, 9.03054024093e-06, 1.23573991004e-05, 5.38439508091e-06, 3.92637593905e-06, 4.83023677589e-06, 3.52917822966e-06, 3.52384927282e-06, 1.82825021966e-06, 1.33737228225e-06, 1.71715123543e-06, 8.59297927036e-07, 1.17054298698e-06, 1.24437065097e-06, 8.12037683318e-07, 7.18498199603e-07, 6.60477098791e-07, 8.72222926773e-07, 1.18666582694e-06, 1.07797325199e-06, 1.21084224247e-06, 1.14617307645e-06, 1.33263768021e-06, 5.13360873811e-07, 2.41967814674e-08, 4.89679319315e-09, 4.84569717685e-09, 4.80430051297e-09, 4.7796340219e-09],
        "mean": [4.61802374048e-05, 0.000241214976995, 0.000333168252837, 0.00037987853284, 0.000429078383604, 0.000450329825981, 0.000615462486167, 0.000998720759526, 0.0008007940487, 0.00051113817608, 0.000357583165169, 0.000259287742665, 0.000144095669384, 0.000294115423458, 0.000283784960629, 0.000174105181941, 0.000246052251896, 0.000330989598297, 0.000202838011319, 0.000204398063943, 0.000142259552376, 4.73228392366e-05, 3.75945346605e-05, 0.000140570744406, 0.000245070084929, 0.000115093651402, 5.54173784622e-05, 9.86046288745e-05, 8.9331282652e-05, 0.000107847859908, 5.68669674976e-05, 8.60114960233e-05, 0.000120910386613, 5.90436065977e-05, 2.87156017293e-05, 3.21443039866e-05, 3.83810802305e-05, 2.91944907076e-05, 8.05756499176e-05, 5.10162717546e-05, 2.77115996141e-05, 6.6852895543e-05, 0.000118333264254, 9.94454603642e-05, 6.57096607029e-05, 4.33406239608e-05, 4.37562739535e-05, 1.84577766049e-05, 3.7554618757e-05, 7.1153845056e-05, 3.80171986762e-05, 3.08979579131e-05, 3.38226855092e-05, 4.13357847719e-05, 4.63893920823e-05, 4.93949191878e-05, 3.16211881e-05, 7.42244446883e-05, 4.06277940783e-05, 3.408108023e-05, 5.21564070368e-05, 4.46987032774e-05, 3.60343183274e-05, 1.65816072695e-05, 1.34884139698e-05, 1.42389426401e-05, 1.21089788081e-05, 8.79151320987e-06, 7.86912096373e-06, 1.26188206195e-05, 9.65485378401e-06, 8.95496214071e-06, 7.95141386334e-06, 5.12935457664e-06, 4.13518591813e-06, 2.40200847657e-06, 1.91221010937e-06, 1.47635262238e-06, 1.0976567637e-06, 1.23987581446e-06, 9.04177909433e-07, 7.37513516924e-07, 9.41108282859e-07, 8.85582437604e-07, 8.75241823906e-07, 6.38525364138e-07, 4.86593592086e-07, 4.48389016583e-07, 5.31036050688e-07, 5.48963498659e-07, 4.88766318085e-07, 4.6528390385e-07, 5.10099027906e-07, 4.68973411216e-07, 3.98177860461e-07, 3.67796275214e-07, 3.57645177473e-07, 3.07407958644e-07, 3.32036080408e-07, 3.06541579675e-07, 2.96254199839e-07, 2.50236752208e-07, 2.30059313822e-07, 1.841941355e-07, 1.45897715242e-07, 1.27952702655e-07, 1.09780572188e-07, 8.95744705076e-08, 8.07978750572e-08, 7.44010293374e-08, 7.38646193099e-08, 6.30606109553e-08, 5.30182262537e-08, 4.61654678929e-08, 4.30628013248e-08, 3.54592941676e-08, 2.2730292315e-08, 1.75473928721e-08, 2.19114948408e-08, 2.05039611956e-08, 1.98610141666e-08, 2.08284678394e-08, 9.16263331874e-09, 1.8192425344e-10, 5.20413269769e-12, 5.10640314755e-12, 5.0416389813e-12, 5.01134246947e-12],
        "min": [8.72913801788e-14, 1.87176375067e-14, 1.91971348642e-16, 4.26122489603e-17, 3.79735094206e-17, 2.17055342638e-16, 4.9699795823e-16, 2.29408539962e-15, 3.44811209784e-15, 1.37917419659e-15, 2.671258689e-16, 4.14708654465e-17, 3.42073395481e-17, 6.52881560799e-16, 7.10002551086e-16, 7.15415144558e-16, 2.08057740449e-15, 5.29137141106e-16, 5.47845716631e-16, 8.24399750448e-16, 2.41370826287e-15, 2.57919647791e-15, 1.40062763532e-15, 4.55318272692e-16, 6.40276122357e-16, 2.63532617495e-15, 2.11579089345e-15, 3.22486830602e-15, 9.87514208589e-16, 1.73319098162e-15, 4.18768599848e-15, 2.37099577947e-15, 1.16450322523e-15, 1.83657728206e-15, 1.84258486324e-15, 2.35892704228e-15, 1.2529792047e-15, 2.25828703441e-15, 1.41549698107e-15, 2.79571249878e-15, 2.12666298485e-15, 3.27570984931e-14, 1.24432324796e-14, 8.66618096e-16, 2.72174386436e-15, 2.23902889332e-15, 1.58532623996e-15, 2.71389483355e-15, 3.31331718043e-15, 2.31972995737e-15, 4.47572717549e-15, 4.31425177904e-15, 3.82191641955e-15, 3.25624177111e-15, 3.18678909284e-15, 4.59236022419e-15, 2.57719917422e-15, 2.81984023229e-15, 3.39859899866e-15, 1.89268728558e-15, 7.36138546767e-15, 1.08429848013e-14, 2.77066848739e-15, 3.62659612762e-15, 3.28412291936e-15, 3.58658737339e-15, 3.58316239567e-15, 3.27950743683e-15, 2.81007860109e-15, 3.96688992012e-15, 8.0503101862e-16, 2.53543452069e-15, 4.41246355521e-15, 3.83689238557e-15, 2.9098122837e-15, 6.67735554078e-15, 2.60521838884e-15, 2.50717728981e-15, 4.65130439996e-15, 6.92958585885e-15, 3.42642276043e-15, 4.60122611805e-15, 5.83254478447e-15, 3.04211332435e-15, 2.71585719713e-15, 4.29690581483e-15, 6.47130418845e-15, 3.13950919603e-15, 2.86826171775e-15, 2.8438974503e-15, 5.55400096438e-15, 5.17490374554e-15, 9.63848785669e-15, 8.09316772399e-15, 7.60705382149e-15, 4.58541540106e-15, 7.7321580467e-15, 8.5885346144e-15, 5.48724672132e-15, 7.70341228957e-15, 6.76698983781e-15, 7.36328197444e-15, 5.40161634903e-15, 7.29146035677e-15, 8.42723667135e-15, 7.3653428056e-15, 7.73292715262e-15, 6.74451297152e-15, 4.45868317852e-15, 4.37717870372e-15, 6.53364623689e-15, 7.67727793502e-15, 8.45790011107e-15, 7.25394357347e-15, 7.6963404115e-15, 6.05858103216e-15, 7.92479197363e-15, 8.95171439009e-15, 7.92466237759e-15, 6.35900837195e-15, 4.16414568233e-15, 4.54049216167e-15, 2.94090411034e-15, 5.26996794727e-15, 4.07236458029e-15, 1.43695994892e-15, 1.15785618711e-16, 3.29247041913e-18],
        "stdev": [7.70526239648e-05, 0.000373737682821, 0.000464308104711, 0.00067339540692, 0.000882691470906, 0.000897115562111, 0.00082625640789, 0.00163170497399, 0.00191481818911, 0.000810949888546, 0.000491054728627, 0.000435151159763, 0.000331738585373, 0.000478426140035, 0.000501821690705, 0.000340683734976, 0.000471939769341, 0.000603979337029, 0.000338210724294, 0.000410525186453, 0.000296789250569, 0.000121817138279, 8.37769039208e-05, 0.000304305693135, 0.00058687973069, 0.000406763167121, 0.000166218684171, 0.000296758720651, 0.000363543716958, 0.000254830985796, 0.000169849954545, 0.000249221018748, 0.000294266123092, 0.00023620200227, 7.81790586188e-05, 0.000151457701577, 0.00019123601669, 8.89712900971e-05, 0.000168570870301, 0.000104795442894, 9.75213260972e-05, 0.000304019340547, 0.000515238149092, 0.000473042222438, 0.000212793238461, 0.000147716287756, 0.000159134608111, 7.91823258623e-05, 0.000115766277304, 0.00018421128334, 9.05815904844e-05, 7.10753593012e-05, 0.000110854241939, 0.000103334859887, 0.000116949951916, 0.000171294028405, 7.34864806873e-05, 0.000162113239639, 9.71890040091e-05, 7.9303405073e-05, 0.000108740779979, 9.2335154477e-05, 9.35183488764e-05, 3.5201155697e-05, 2.60626857198e-05, 3.07143709506e-05, 1.75065561052e-05, 1.37862498377e-05, 1.32538461912e-05, 2.1769599698e-05, 1.54856279551e-05, 1.44667201312e-05, 1.367461482e-05, 7.94172501628e-06, 6.86716657583e-06, 3.71287319467e-06, 2.72427610071e-06, 1.94518929675e-06, 1.59941669153e-06, 1.60250669978e-06, 1.13057126327e-06, 9.79483729679e-07, 1.3489398043e-06, 1.25715837385e-06, 1.30038779389e-06, 1.11476094844e-06, 8.8231661266e-07, 8.93465312402e-07, 1.1110515743e-06, 1.40844758789e-06, 1.33982950956e-06, 1.22854009987e-06, 1.25848782773e-06, 1.2313254274e-06, 1.21356083582e-06, 9.26003679069e-07, 8.63208299506e-07, 7.47290300751e-07, 7.40039865832e-07, 6.41158123926e-07, 6.35577748653e-07, 5.71476334699e-07, 3.95936496034e-07, 3.37421056429e-07, 2.9509453725e-07, 2.57428069972e-07, 2.08042678196e-07, 1.38837535246e-07, 1.26693279867e-07, 1.21108143958e-07, 1.05179076115e-07, 1.07494095403e-07, 8.78147190519e-08, 8.22048917826e-08, 7.48217559021e-08, 7.05338578655e-08, 6.25902387696e-08, 6.89093582196e-08, 7.94134464854e-08, 7.53060831471e-08, 7.74109309987e-08, 8.86973055003e-08, 3.80284426171e-08, 1.18697540685e-09, 1.22111376566e-10, 1.20838269946e-10, 1.198057209e-10, 1.19190948777e-10]
    },
    "mfcc": {
        "mean": [-695.442199707, 111.185592651, -18.6151390076, 30.0234889984, 6.98855161667, -7.3378534317, 0.995070040226, -0.235506445169, -3.20222353935, -1.7475720644, -2.63761043549, -1.66641414165, -2.86905217171],
        "cov": [[32810.078125, 4986.72119141, -1383.20129395, 1298.82702637, 318.817657471, -393.768859863, -252.305740356, 7.76408433914, -94.5390625, -187.415222168, -216.865325928, 149.639907837, -264.454772949], [4986.72119141, 1400.36938477, -260.356445312, 212.605957031, 24.7099895477, -31.6168861389, 57.2263565063, 18.5526313782, -17.1138534546, 2.51837706566, 23.1359481812, -5.13949155807, -28.2464504242], [-1383.20129395, -260.356445312, 428.412750244, -13.2164802551, 50.0748519897, 32.5010490417, -33.5868225098, -20.7826213837, -0.0910461172462, 1.13142371178, -21.9434947968, 13.5531511307, 13.5562381744], [1298.82702637, 212.605957031, -13.2164802551, 291.346557617, 87.4445343018, -81.8233947754, -32.7816314697, 17.01994133, 5.41474723816, -57.6274414062, -36.6754074097, 32.7788963318, 15.5526542664], [318.817657471, 24.7099895477, 50.0748519897, 87.4445343018, 126.407531738, -10.4359474182, -14.4278964996, 34.9848632812, 4.10124158859, -20.7567958832, -13.269572258, 34.7827224731, 18.8605766296], [-393.768859863, -31.6168861389, 32.5010490417, -81.8233947754, -10.4359474182, 154.304840088, 66.5462341309, 3.72769260406, -5.22774648666, 38.9331359863, 34.2592353821, -14.3917398453, -7.10800504684], [-252.305740356, 57.2263565063, -33.5868225098, -32.7816314697, -14.4278964996, 66.5462341309, 136.532531738, 33.6935272217, -7.56393671036, 24.2220935822, 31.9656410217, -23.0194149017, 4.56371545792], [7.76408433914, 18.5526313782, -20.7826213837, 17.01994133, 34.9848632812, 3.72769260406, 33.6935272217, 126.677894592, 28.244058609, -29.062456131, 1.76818692684, 32.5055999756, 18.7629795074], [-94.5390625, -17.1138534546, -0.0910461172462, 5.41474723816, 4.10124158859, -5.22774648666, -7.56393671036, 28.244058609, 72.9372177124, 18.4320373535, -8.92128181458, 9.03257846832, 4.59538030624], [-187.415222168, 2.51837706566, 1.13142371178, -57.6274414062, -20.7567958832, 38.9331359863, 24.2220935822, -29.062456131, 18.4320373535, 104.731300354, 31.5331249237, -33.2983818054, -8.73860454559], [-216.865325928, 23.1359481812, -21.9434947968, -36.6754074097, -13.269572258, 34.2592353821, 31.9656410217, 1.76818692684, -8.92128181458, 31.5331249237, 76.8302001953, 14.5888309479, 4.05207633972], [149.639907837, -5.13949155807, 13.5531511307, 32.7788963318, 34.7827224731, -14.3917398453, -23.0194149017, 32.5055999756, 9.03257846832, -33.2983818054, 14.5888309479, 95.5427093506, 26.4771652222], [-264.454772949, -28.2464504242, 13.5562381744, 15.5526542664, 18.8605766296, -7.10800504684, 4.56371545792, 18.7629795074, 4.59538030624, -8.73860454559, 4.05207633972, 26.4771652222, 70.864074707]],
        "icov": [[9.68013919191e-05, -0.000297390797641, 0.000184567426913, -0.000146722915815, -9.36042051762e-05, -9.40246827668e-05, 0.000240754481638, -6.42641407467e-06, 0.000199607180548, -0.00016395158309, 0.000399689888582, -0.000280804379145, 0.000290182884783], [-0.000297390797641, 0.00188610912301, -5.61801025469e-05, -0.000426110957051, 0.000332701281877, 0.000238994442043, -0.00107148790266, -6.54447358102e-05, -0.000265914335614, 8.6398642452e-05, -0.00142270908691, 0.000788535340689, -0.000417366827605], [0.000184567426913, -5.61801025469e-05, 0.00337531138211, -0.000275626953226, -0.00150939729065, -0.0012127062073, 0.000967503990978, 0.000694422109518, 0.000539648870472, -0.000611258554272, 0.0017043184489, -0.000904952699784, 0.000245392468059], [-0.000146722915815, -0.000426110957051, -0.000275626953226, 0.00659089814872, -0.00374885904603, 0.00249711913057, -0.00105517474003, 0.00140356004704, -0.00165829423349, 0.0025955887977, 0.000163892837008, 0.000265157781541, -0.000847451738082], [-9.36042051762e-05, 0.000332701281877, -0.00150939729065, -0.00374885904603, 0.0129754142836, -0.00138621812221, 0.00115485757124, -0.00380451930687, 0.00216341018677, -0.00224933889695, 0.00161205150653, -0.00256504071876, -0.00131615728606], [-9.40246827668e-05, 0.000238994442043, -0.0012127062073, 0.00249711913057, -0.00138621812221, 0.0105908680707, -0.0047640861012, 0.000453745800769, -0.00014670145174, -0.00103031843901, -0.00212421477772, -4.31479384133e-05, 0.00106629508082], [0.000240754481638, -0.00107148790266, 0.000967503990978, -0.00105517474003, 0.00115485757124, -0.0047640861012, 0.013377408497, -0.00492495764047, 0.00283003994264, -0.00151812715922, -0.00198229472153, 0.00343515886925, -0.00136574881617], [-6.42641407467e-06, -6.54447358102e-05, 0.000694422109518, 0.00140356004704, -0.00380451930687, 0.000453745800769, -0.00492495764047, 0.0136226546019, -0.00687415618449, 0.00552658038214, -0.000897203106433, -0.00200847396627, -0.000793597486336], [0.000199607180548, -0.000265914335614, 0.000539648870472, -0.00165829423349, 0.00216341018677, -0.00014670145174, 0.00283003994264, -0.00687415618449, 0.0204476080835, -0.00935334991664, 0.00635812012479, -0.00394791830331, 0.000579077284783], [-0.00016395158309, 8.6398642452e-05, -0.000611258554272, 0.0025955887977, -0.00224933889695, -0.00103031843901, -0.00151812715922, 0.00552658038214, -0.00935334991664, 0.0190334655344, -0.00903272628784, 0.00706925708801, -0.00107149081305], [0.000399689888582, -0.00142270908691, 0.0017043184489, 0.000163892837008, 0.00161205150653, -0.00212421477772, -0.00198229472153, -0.000897203106433, 0.00635812012479, -0.00903272628784, 0.0234402231872, -0.00969688314945, 0.00104214996099], [-0.000280804379145, 0.000788535340689, -0.000904952699784, 0.000265157781541, -0.00256504071876, -4.31479384133e-05, 0.00343515886925, -0.00200847396627, -0.00394791830331, 0.00706925708801, -0.00969688314945, 0.0191568434238, -0.00510515877977], [0.000290182884783, -0.000417366827605, 0.000245392468059, -0.000847451738082, -0.00131615728606, 0.00106629508082, -0.00136574881617, -0.000793597486336, 0.000579077284783, -0.00107149081305, 0.00104214996099, -0.00510515877977, 0.0176006443799]]
    },
    "spectral_contrast_coeffs": {
        "max": [-0.457031160593, -0.5818323493, -0.571597158909, -0.612823963165, -0.605719685555, -0.659578025341],
        "mean": [-0.714562535286, -0.769744157791, -0.775462210178, -0.774588704109, -0.776140272617, -0.787779867649],
        "min": [-0.93305516243, -0.966305077076, -0.965044140816, -0.953957080841, -0.943002820015, -0.929458975792],
        "stdev": [0.0834580585361, 0.0759824365377, 0.0714199542999, 0.0671127811074, 0.0597607605159, 0.047416716814]
    },
    "spectral_contrast_valleys": {
        "max": [-5.30520582199, -4.97247076035, -5.73649835587, -5.9585852623, -5.99193525314, -8.38979721069],
        "mean": [-7.79544067383, -7.54030942917, -8.31678390503, -8.3408203125, -8.03141117096, -11.0226860046],
        "min": [-19.9154071808, -18.2264041901, -18.3890323639, -18.0253944397, -17.3679695129, -18.6781234741],
        "stdev": [3.20478034019, 2.83537340164, 2.63695478439, 2.60633897781, 2.54141521454, 2.11445498466]
    }
},
"rhythm": {
    "beats_count": 85,
    "beats_loudness": {
        "max": 0.0452514588833,
        "mean": 0.0214874856174,
        "min": 1.94601192799e-11,
        "stdev": 0.0117689631879
    },
    "bpm": 138.893295288,
    "bpm_histogram_first_peak_bpm": 140,
    "bpm_histogram_first_peak_weight": 0.5679012537,
    "bpm_histogram_second_peak_bpm": 133,
    "bpm_histogram_second_peak_spread": 0,
    "bpm_histogram_second_peak_weight": 0.023809524253,
    "danceability": 1.16590869427,
    "onset_rate": 3.21691179276,
    "beats_loudness_band_ratio": {
        "max": [0.718903541565, 0.590577661991, 0.438648015261, 0.607561707497, 0.570264697075, 0.882314324379],
        "mean": [0.306609660387, 0.176060065627, 0.140363380313, 0.121965050697, 0.197094932199, 0.0865230709314],
        "min": [0, 0, 0, 0, 0, 0],
        "stdev": [0.196351781487, 0.130519375205, 0.0953699350357, 0.11652751267, 0.136071532965, 0.128600612283]
    },
