{
"metadata": {
    "version": {
        "essentia": "2.1-beta5",
        "essentia_git_sha": "Undefined",
        "extractor": "music 2.0"
    },
    "audio_properties": {
        "analysis": {
            "equal_loudness": 0,
            "length": 12.7477550507,
            "sample_rate": 44100,
            "start_time": 0,
            "downmix": "mix"
        },
        "bit_rate": 192000,
        "length": 155.41116333,
        "lossless": 0,
        "number_channels": 2,
        "replay_gain": -10.8673820496,
        "sample_rate": 44100,
        "codec": "mp3",
        "md5_encoded": "64831c2a36929d02c6943da213c2ece2"
    },
    "tags": {
        "file_name": "Portugal_Madrugada_Duarte Mendes.mp3",
        "encoding": ["Lavf58.29.100"]
    }
},
"lowlevel": {
    "average_loudness": 0.835772693157,
    "barkbands_crest": {
        "max": 22.0589046478,
        "mean": 9.18614387512,
        "min": 3.26466083527,
        "stdev": 3.46197915077
    },
    "barkbands_flatness_db": {
        "max": 0.288038134575,
        "mean": 0.154784426093,
        "min": 0.0752870962024,
        "stdev": 0.0437263548374
    },
    "barkbands_kurtosis": {
        "max": 64.1169967651,
        "mean": 5.96688365936,
        "min": -1.10704159737,
        "stdev": 9.57078933716
    },
    "barkbands_skewness": {
        "max": 7.06669187546,
        "mean": 1.68519437313,
        "min": -1.95859134197,
        "stdev": 1.46723353863
    },
    "barkbands_spread": {
        "max": 49.5136871338,
        "mean": 16.1408176422,
        "min": 2.92521429062,
        "stdev": 9.26107788086
    },
    "dissonance": {
        "max": 0.499441117048,
        "mean": 0.463486880064,
        "min": 0.36902448535,
        "stdev": 0.0241674985737
    },
    "dynamic_complexity": 8.68997001648,
    "erbbands_crest": {
        "max": 21.4957351685,
        "mean": 8.7073802948,
        "min": 2.09507107735,
        "stdev": 3.97332930565
    },
    "erbbands_flatness_db": {
        "max": 0.281534552574,
        "mean": 0.172477036715,
        "min": 0.0639358013868,
        "stdev": 0.0510954111814
    },
    "erbbands_kurtosis": {
        "max": 6.30062580109,
        "mean": 0.368296176195,
        "min": -1.56975257397,
        "stdev": 1.3049737215
    },
    "erbbands_skewness": {
        "max": 2.33746004105,
        "mean": 0.521090269089,
        "min": -0.728809773922,
        "stdev": 0.548554241657
    },
    "erbbands_spread": {
        "max": 117.849601746,
        "mean": 39.6289634705,
        "min": 9.29863357544,
        "stdev": 29.4099655151
    },
    "hfc": {
        "max": 121.713798523,
        "mean": 15.8970184326,
        "min": 1.30475539062e-16,
        "stdev": 19.8457508087
    },
    "loudness_ebu128": {
        "integrated": -13.4579219818,
        "loudness_range": 8.71614646912,
        "momentary": {
            "max": -7.64612865448,
            "mean": -19.8409671783,
            "min": -47.9680099487,
            "stdev": 11.6904163361
        },
        "short_term": {
            "max": -11.1091899872,
            "mean": -15.1325654984,
            "min": -23.0163822174,
            "stdev": 3.19249463081
        }
    },
    "melbands_crest": {
        "max": 31.6456775665,
        "mean": 12.1264619827,
        "min": 2.10490727425,
        "stdev": 4.43670034409
    },
    "melbands_flatness_db": {
        "max": 0.364588826895,
        "mean": 0.203302428126,
        "min": 0.00514690717682,
        "stdev": 0.0719294399023
    },
    "melbands_kurtosis": {
        "max": 185.824020386,
        "mean": 19.2852611542,
        "min": -1.26933825016,
        "stdev": 31.9392719269
    },
    "melbands_skewness": {
        "max": 10.1854190826,
        "mean": 2.68120980263,
        "min": -0.450335592031,
        "stdev": 2.30322504044
    },
    "melbands_spread": {
        "max": 135.437927246,
        "mean": 19.9136810303,
        "min": 1.95940089226,
        "stdev": 15.2991104126
    },
    "pitch_salience": {
        "max": 0.807341396809,
        "mean": 0.599757790565,
        "min": 0.196599751711,
        "stdev": 0.0992280319333
    },
    "silence_rate_20dB": {
        "max": 1,
        "mean": 1,
        "min": 1,
        "stdev": 0
    },
    "silence_rate_30dB": {
        "max": 1,
        "mean": 0.983636379242,
        "min": 0,
        "stdev": 0.126869618893
    },
    "silence_rate_60dB": {
        "max": 1,
        "mean": 0.223636358976,
        "min": 0,
        "stdev": 0.416678756475
    },
    "spectral_centroid": {
        "max": 11150.8916016,
        "mean": 1156.31384277,
        "min": 283.940185547,
        "stdev": 769.02520752
    },
    "spectral_complexity": {
        "max": 41,
        "mean": 14.4036359787,
        "min": 0,
        "stdev": 9.16796207428
    },
    "spectral_decrease": {
        "max": 1.25725344734e-28,
        "mean": -4.56113458114e-09,
        "min": -4.54917064019e-08,
        "stdev": 6.0014837544e-09
    },
    "spectral_energy": {
        "max": 0.178245529532,
        "mean": 0.0186566729099,
        "min": 1.13599985086e-20,
        "stdev": 0.0238558482379
    },
    "spectral_energyband_high": {
        "max": 0.00639898562804,
        "mean": 0.000489849830046,
        "min": 8.26302621725e-21,
        "stdev": 0.000916000222787
    },
    "spectral_energyband_low": {
        "max": 0.0798117741942,
        "mean": 0.00282937497832,
        "min": 4.8477118213e-23,
        "stdev": 0.00704812025651
    },
    "spectral_energyband_middle_high": {
        "max": 0.0382716953754,
        "mean": 0.00530865835026,
        "min": 1.3465887459e-21,
        "stdev": 0.00721195014194
    },
    "spectral_energyband_middle_low": {
        "max": 0.132392495871,
        "mean": 0.0109852198511,
        "min": 3.8187577548e-22,
        "stdev": 0.0170784443617
    },
    "spectral_entropy": {
        "max": 9.81170463562,
        "mean": 7.34438085556,
        "min": 6.10740232468,
        "stdev": 0.488414943218
    },
    "spectral_flux": {
        "max": 0.268856883049,
        "mean": 0.0482363849878,
        "min": 1.06583290804e-10,
        "stdev": 0.0378854498267
    },
    "spectral_kurtosis": {
        "max": 29.9141960144,
        "mean": 5.89364147186,
        "min": -1.16744959354,
        "stdev": 4.8875246048
    },
    "spectral_rms": {
        "max": 0.0131870424375,
        "mean": 0.00349940732121,
        "min": 3.32910283542e-12,
        "stdev": 0.00244044559076
    },
    "spectral_rolloff": {
        "max": 19229.1503906,
        "mean": 1206.2902832,
        "min": 64.599609375,
        "stdev": 1198.76245117
    },
    "spectral_skewness": {
        "max": 3.8511595726,
        "mean": 1.80557847023,
        "min": -0.0350066572428,
        "stdev": 0.620955705643
    },
    "spectral_spread": {
        "max": 39380800,
        "mean": 4536375.5,
        "min": 1655794.375,
        "stdev": 2617389.75
    },
    "spectral_strongpeak": {
        "max": 9.41630077362,
        "mean": 1.51324653625,
        "min": 0,
        "stdev": 2.15273618698
    },
    "zerocrossingrate": {
        "max": 0.5078125,
        "mean": 0.0568075291812,
        "min": 0.0107421875,
        "stdev": 0.0346410237253
    },
    "barkbands": {
        "max": [0.000126063023345, 0.0104330219328, 0.0584876015782, 0.047496587038, 0.0554277151823, 0.0301653854549, 0.01193037536, 0.0140296667814, 0.00599278183654, 0.00457974849269, 0.010009618476, 0.00514051690698, 0.0192570611835, 0.0309106651694, 0.00316978315823, 0.00256858300418, 0.00340020260774, 0.00599508313462, 0.00526533601806, 0.00187770638149, 0.00297984154895, 0.00176310632378, 0.00141215708572, 0.00184647226706, 0.000888044130988, 0.000310767267365, 4.188679668e-06],
        "mean": [1.58376024046e-05, 0.000303490436636, 0.00168487848714, 0.00220323586836, 0.00372661161236, 0.00180188426748, 0.000919831218198, 0.00142586266156, 0.000696906005032, 0.000560843327548, 0.000330936949467, 0.000402641308028, 0.000654306379147, 0.00215827790089, 0.000127474631881, 0.000168983373442, 0.000312119082082, 0.000279910978861, 0.000337705540005, 0.000130563246785, 0.000134965084726, 0.000115809925774, 7.42017509765e-05, 4.82130926684e-05, 3.45195658156e-05, 6.66174128128e-06, 8.31466984152e-09],
        "min": [9.73685493288e-24, 2.17961700133e-23, 1.99007952155e-24, 5.85955530543e-23, 6.59545903145e-23, 4.22374619555e-23, 7.01392386703e-23, 3.82025709539e-23, 5.65406650595e-23, 1.27387190107e-22, 5.99468780958e-23, 7.46980090436e-23, 6.00268433481e-23, 8.29337610703e-23, 9.65929949293e-23, 2.90575134768e-22, 1.37461284654e-22, 1.62717796184e-22, 2.05472630986e-22, 2.70051927509e-22, 5.88563593048e-22, 5.22882302017e-22, 5.92064317932e-22, 8.18063702895e-22, 1.53487290555e-21, 1.93436792091e-21, 2.43469849456e-21],
        "stdev": [1.68530441442e-05, 0.000720221316442, 0.00489795813337, 0.00591185921803, 0.00794838927686, 0.00288557191379, 0.00145650620107, 0.00188333448023, 0.000806181633379, 0.000741779920645, 0.000650357455015, 0.000602247950155, 0.00197855848819, 0.00452448660508, 0.000303523411276, 0.000288097740849, 0.000569083087612, 0.000599228776991, 0.000753332278691, 0.000224615141633, 0.000326900510117, 0.000221787093324, 0.000159360541147, 0.000120677708765, 7.30455140001e-05, 1.96705514099e-05, 1.78459558242e-07]
    },
    "erbbands": {
        "max": [0.0845856592059, 3.20896148682, 36.2644233704, 118.344100952, 216.676254272, 206.968551636, 197.773071289, 260.632354736, 97.1476821899, 329.526000977, 157.892181396, 168.033828735, 136.760910034, 112.27809906, 479.567474365, 208.952560425, 655.648254395, 1331.18603516, 972.945068359, 123.394165039, 95.6552581787, 134.589797974, 431.509918213, 280.196166992, 172.775665283, 114.112854004, 87.4046020508, 87.6252059937, 46.9684791565, 92.9152526855, 30.8140201569, 31.0143089294, 33.930103302, 9.50378417969, 6.1980099678, 1.66165733337, 0.599193632603, 0.0442044436932, 0.000908572692424, 0.000215681939153],
        "mean": [0.00399323971942, 0.10690523684, 1.35157549381, 5.03239631653, 12.602643013, 10.9370231628, 9.57866764069, 18.6118412018, 11.7061433792, 31.3633174896, 18.9840431213, 18.1125831604, 18.1646404266, 11.7898139954, 14.976855278, 17.4644298553, 28.0471115112, 82.0379333496, 56.4160575867, 9.53702831268, 11.5218992233, 15.9841938019, 19.5129642487, 16.4621658325, 9.98967552185, 6.84298419952, 5.27645158768, 4.73591661453, 4.35990905762, 3.84267663956, 1.88365077972, 1.24026632309, 0.644517540932, 0.439810067415, 0.208524763584, 0.0573068410158, 0.00823958497494, 0.000317486934364, 2.23524057219e-05, 2.38012198679e-05],
        "min": [5.5221767881e-22, 4.99464053491e-21, 6.40844406695e-21, 9.11755048049e-20, 1.74705030241e-19, 2.70171508624e-19, 3.59150913526e-19, 3.51448492005e-19, 8.82287384961e-19, 9.75218335047e-19, 7.23706108187e-19, 1.17416002865e-18, 4.09469416542e-18, 2.16621583187e-18, 3.83048481955e-18, 2.5170551829e-18, 2.64657884552e-18, 4.33230303715e-18, 4.64755480348e-18, 6.21748653064e-18, 1.62995691549e-17, 8.94426508605e-18, 8.72775221507e-18, 1.20890676358e-17, 8.63724624835e-18, 1.0763834959e-17, 2.7664946399e-17, 1.76486113985e-17, 1.71246933965e-17, 1.75484365176e-17, 1.46754033309e-17, 1.58488400935e-17, 1.46551969629e-17, 1.10532406399e-17, 1.42560244147e-17, 6.14665794992e-18, 3.81007041563e-18, 1.28927658315e-18, 3.62705050124e-19, 3.74004059411e-20],
        "stdev": [0.00569188967347, 0.23142015934, 3.37935113907, 12.6600580215, 29.3271999359, 24.7030525208, 18.6406421661, 29.8247280121, 14.7088766098, 45.3338279724, 20.7798900604, 21.5446739197, 23.4383029938, 15.2993268967, 29.8243637085, 24.5716705322, 71.2526626587, 176.244506836, 124.636550903, 15.0628709793, 17.5852661133, 26.4161338806, 41.8687553406, 33.0814056396, 22.3825263977, 12.3726062775, 10.58182621, 10.4505319595, 7.60354232788, 9.59979629517, 3.7892935276, 2.9047472477, 1.84065437317, 0.886056005955, 0.470415711403, 0.134074762464, 0.033969014883, 0.00237517384812, 5.95089768467e-05, 2.96980397252e-05]
    },
    "gfcc": {
        "mean": [-93.9617385864, 107.939460754, -128.521835327, 30.3322238922, -75.1259841919, 13.9727172852, -48.8142929077, 4.54388713837, -26.590265274, -0.0678883343935, -12.7157039642, -9.74763774872, -10.5370988846],
        "cov": [[25405.7910156, 763.793212891, -5019.89941406, -1856.06835938, -489.746185303, -1248.99731445, -301.648712158, -1005.72167969, -100.586082458, -393.937927246, -108.385108948, -500.454193115, -660.940856934], [763.793212891, 2048.34814453, 116.437828064, -358.998931885, 129.395187378, -410.374267578, 172.900863647, -278.640716553, 95.915512085, -329.009155273, 171.523513794, -212.872619629, 101.951881409], [-5019.89941406, 116.437828064, 1454.09008789, 548.730895996, 156.165023804, 284.767822266, 68.6426696777, 150.359481812, -40.1224937439, 13.2494792938, -23.2294025421, 47.5605926514, 92.0341644287], [-1856.06835938, -358.998931885, 548.730895996, 402.216003418, 32.8179206848, 214.225708008, -12.629322052, 108.462188721, -51.6742134094, 52.6994400024, -54.9655990601, 39.9135360718, 15.4678907394], [-489.746185303, 129.395187378, 156.165023804, 32.8179206848, 141.740859985, 51.0334014893, 57.7280158997, 16.7892894745, -4.4019203186, -15.2005691528, -19.3675518036, -12.6661539078, 3.7746796608], [-1248.99731445, -410.374267578, 284.767822266, 214.225708008, 51.0334014893, 241.430633545, 20.299533844, 119.716827393, -23.0856018066, 82.4824752808, -56.8870773315, 51.5392913818, -0.405833154917], [-301.648712158, 172.900863647, 68.6426696777, -12.629322052, 57.7280158997, 20.299533844, 91.4650344849, 13.3032522202, 20.9234485626, -23.6524620056, -0.618367314339, -14.8701677322, 15.2594079971], [-1005.72167969, -278.640716553, 150.359481812, 108.462188721, 16.7892894745, 119.716827393, 13.3032522202, 130.118347168, 6.11914873123, 67.8230133057, -20.1419811249, 56.6495742798, 22.1127948761], [-100.586082458, 95.915512085, -40.1224937439, -51.6742134094, -4.4019203186, -23.0856018066, 20.9234485626, 6.11914873123, 85.7630615234, 20.9425888062, 41.2134017944, -8.29780578613, 23.7591362], [-393.937927246, -329.009155273, 13.2494792938, 52.6994400024, -15.2005691528, 82.4824752808, -23.6524620056, 67.8230133057, 20.9425888062, 114.632591248, 1.91173899174, 54.0789604187, -7.61680698395], [-108.385108948, 171.523513794, -23.2294025421, -54.9655990601, -19.3675518036, -56.8870773315, -0.618367314339, -20.1419811249, 41.2134017944, 1.91173899174, 77.8468399048, -0.611046135426, 28.3566551208], [-500.454193115, -212.872619629, 47.5605926514, 39.9135360718, -12.6661539078, 51.5392913818, -14.8701677322, 56.6495742798, -8.29780578613, 54.0789604187, -0.611046135426, 93.1448364258, 13.7275133133], [-660.940856934, 101.951881409, 92.0341644287, 15.4678907394, 3.7746796608, -0.405833154917, 15.2594079971, 22.1127948761, 23.7591362, -7.61680698395, 28.3566551208, 13.7275133133, 71.5056915283]],
        "icov": [[0.000295209843898, -0.00046453656978, 0.00111910898704, -0.000523115857504, 0.000206227530725, -0.000140462259878, 0.000449341401691, 0.000520468049217, 0.000140121279401, -0.000244810042204, 0.000923729734495, -1.07897574253e-06, 0.00135650485754], [-0.00046453656978, 0.00401905039325, -0.00312079419382, 0.00242304452695, -0.0020374932792, 0.00273425271735, -0.00371946231462, 0.00146912306082, -0.00113436963875, 0.00457040127367, -0.00510137807578, 0.001696064719, -0.00350784626789], [0.00111910898704, -0.00312079419382, 0.00680274469778, -0.00549490610138, 0.000143845682032, -0.00165898306295, 0.00225849915296, 0.00103767681867, 0.000870214949828, -0.00162476906553, 0.00352088897489, -0.0012326190481, 0.00478491792455], [-0.000523115857504, 0.00242304452695, -0.00549490610138, 0.0114881070331, 0.000737718655728, -0.00377600244246, 0.00129696517251, -0.00105839199387, 0.00147699087393, 0.00232388055883, -0.00187148794066, 0.00297833536752, -0.00378531799652], [0.000206227530725, -0.0020374932792, 0.000143845682032, 0.000737718655728, 0.0125133916736, -0.00356239965186, -0.00378111773171, -0.000314428820275, 0.0017353752628, -0.00238253315911, 0.00411135191098, 0.000574954668991, 0.00211866130121], [-0.000140462259878, 0.00273425271735, -0.00165898306295, -0.00377600244246, -0.00356239965186, 0.0185256488621, -0.00735400989652, -0.0034451992251, 0.00119321933016, -0.00499120075256, 0.00234652915969, 0.00137721560895, -0.00143982691225], [0.000449341401691, -0.00371946231462, 0.00225849915296, 0.00129696517251, -0.00378111773171, -0.00735400989652, 0.0243549048901, -0.00487503083423, -0.00549534661695, 0.00423683971167, 0.00461061857641, -0.000798392866272, 0.00333924614824], [0.000520468049217, 0.00146912306082, 0.00103767681867, -0.00105839199387, -0.000314428820275, -0.0034451992251, -0.00487503083423, 0.0239318106323, -0.00247454899363, -0.00423733890057, 0.00383082684129, -0.00438141310588, -0.0050611034967], [0.000140121279401, -0.00113436963875, 0.000870214949828, 0.00147699087393, 0.0017353752628, 0.00119321933016, -0.00549534661695, -0.00247454899363, 0.0241047274321, -0.0117515642196, -0.0060250191018, 0.00693602673709, -0.00487717334181], [-0.000244810042204, 0.00457040127367, -0.00162476906553, 0.00232388055883, -0.00238253315911, -0.00499120075256, 0.00423683971167, -0.00423733890057, -0.0117515642196, 0.0325170792639, -0.0115401139483, -0.00629989989102, 0.00646721292287], [0.000923729734495, -0.00510137807578, 0.00352088897489, -0.00187148794066, 0.00411135191098, 0.00234652915969, 0.00461061857641, 0.00383082684129, -0.0060250191018, -0.0115401139483, 0.0332077853382, -0.00328172114678, -0.00245381891727], [-1.07897574253e-06, 0.001696064719, -0.0012326190481, 0.00297833536752, 0.000574954668991, 0.00137721560895, -0.000798392866272, -0.00438141310588, 0.00693602673709, -0.00629989989102, -0.00328172114678, 0.0209025926888, -0.00567031512037], [0.00135650485754, -0.00350784626789, 0.00478491792455, -0.00378531799652, 0.00211866130121, -0.00143982691225, 0.00333924614824, -0.0050611034967, -0.00487717334181, 0.00646721292287, -0.00245381891727, -0.00567031512037, 0.0312886014581]]
    },
    "melbands": {
        "max": [0.00180693622679, 0.0147682605311, 0.0201618354768, 0.0120342830196, 0.00724987033755, 0.00578998820856, 0.00159277941566, 0.00383762503043, 0.00108494132292, 0.00114873296116, 0.000674456183333, 0.000412730762037, 0.00133693334647, 0.000512023398187, 0.000894830387551, 0.00251305871643, 0.00310138426721, 0.00215038633905, 0.000353658659151, 0.000250852899626, 0.000155801782967, 0.000199490677915, 0.000249148026342, 0.000286772003165, 0.000285832531517, 0.000251423218288, 6.74296607031e-05, 7.53356798668e-05, 2.99664752674e-05, 0.000160062874784, 2.43918293563e-05, 2.78734551102e-05, 3.64944244211e-05, 4.85465861857e-05, 1.55758934852e-05, 1.88840640476e-05, 2.11396654777e-05, 3.13258642564e-05, 1.03492420749e-05, 7.1567374107e-06],
        "mean": [5.81056956435e-05, 0.000548497017007, 0.0011409400031, 0.000840198306832, 0.000378019089112, 0.000388527056202, 0.000174670814886, 0.000359324534656, 0.000134977977723, 0.000111520996143, 9.09977461561e-05, 4.97563232784e-05, 4.20270735049e-05, 4.76234527014e-05, 3.71201749658e-05, 7.9024808656e-05, 0.000176178175025, 0.000126942322822, 1.00591596492e-05, 1.39409121402e-05, 1.39825506267e-05, 1.85792214324e-05, 1.61040861713e-05, 1.23467789308e-05, 1.43731958815e-05, 1.11058598122e-05, 3.78898471354e-06, 4.77189905723e-06, 2.51959681918e-06, 5.32104286322e-06, 1.5761221448e-06, 2.63883998741e-06, 1.97157214643e-06, 2.06676827474e-06, 1.11211670628e-06, 8.21277069463e-07, 7.0731505275e-07, 4.8770596095e-07, 3.48315325027e-07, 3.68728933609e-07],
        "min": [6.11974545557e-24, 5.28188248307e-24, 1.99061460591e-23, 1.35365454778e-23, 1.33677734203e-23, 7.78413310278e-24, 1.44894310756e-23, 1.02304404681e-23, 5.31311782504e-24, 8.49167349273e-24, 2.14071716569e-23, 9.44590725382e-24, 1.03963268724e-23, 9.211893244e-24, 6.6067085035e-24, 6.71521158785e-24, 7.74525645965e-24, 6.35135462291e-24, 7.7788280132e-24, 1.32568390667e-23, 1.9867461898e-23, 8.99037636865e-24, 6.55465117794e-24, 9.16704571268e-24, 1.01268156996e-23, 5.86143847418e-24, 5.65425559591e-24, 7.47599298915e-24, 1.80229757284e-23, 1.49890087983e-23, 8.55794333079e-24, 7.82078910247e-24, 1.41634137962e-23, 8.96406785746e-24, 8.01844845746e-24, 9.96735062305e-24, 1.0127834119e-23, 1.17336401666e-23, 7.54226677152e-24, 9.76291889719e-24],
        "stdev": [0.000117482857604, 0.00134935264941, 0.00273899524473, 0.00183436216321, 0.000763839983847, 0.000613576092292, 0.00022584098042, 0.000497085566167, 0.000144772347994, 0.000141132273711, 0.000120151329611, 6.81266683387e-05, 8.31641300465e-05, 6.5965745307e-05, 7.77569584898e-05, 0.000254469981883, 0.000405486760428, 0.000287925504381, 3.12361189572e-05, 2.48745800491e-05, 2.57454430539e-05, 3.41047780239e-05, 2.93376942864e-05, 2.80119311356e-05, 3.13821437885e-05, 3.17830199492e-05, 7.02418583387e-06, 8.84072505869e-06, 4.34542926087e-06, 1.62951655511e-05, 3.21474271914e-06, 4.49795061286e-06, 4.22750690632e-06, 5.26826124769e-06, 2.20862307287e-06, 1.87986211131e-06, 1.70551379597e-06, 1.58816885687e-06, 7.84325038694e-07, 7.52212486077e-07]
    },
    "melbands128": {
        "max": [5.97384969296e-05, 0.000148726176121, 0.00177374668419, 0.0064484840259, 0.00902091525495, 0.0374786928296, 0.0286201573908, 0.0313663706183, 0.0290364064276, 0.0116118518636, 0.0153037887067, 0.0143293403089, 0.00448385998607, 0.0104825133458, 0.00794562604278, 0.00479171099141, 0.00244066631421, 0.00101450365037, 0.0026482520625, 0.00550269382074, 0.00532151944935, 0.00258263363503, 0.00129229365848, 0.00129190075677, 0.00107078999281, 0.00212606997229, 0.000597889185883, 0.00131234363653, 0.00155417458154, 0.000571137585212, 0.000792151142377, 0.000677734729834, 0.00109481357504, 0.00334861828014, 0.000718818453606, 0.000359805708285, 0.00087446247926, 0.00159268558491, 0.00201307469979, 0.00167019374203, 0.0057117510587, 0.000926138367504, 0.00140528520569, 0.00862378813326, 0.00483009731397, 0.00264775706455, 0.000159894232638, 0.000695493828971, 0.000294976780424, 0.000264604954282, 0.000529436743818, 0.000341756618582, 0.00018713666941, 0.000383777020033, 0.000736461253837, 0.000358964141924, 0.000219657333218, 0.000331015879055, 0.000264874252025, 0.00115496723447, 0.000114008296805, 7.90036574472e-05, 0.000371051515685, 0.000405409489758, 0.000682941288687, 0.000288011709927, 0.000145386322401, 0.000222388669499, 2.95628997264e-05, 0.000173398337211, 9.01102030184e-05, 0.000162127267686, 4.83919175167e-05, 2.86711383524e-05, 3.73353868781e-05, 0.000269075273536, 0.00017442490207, 6.30273789284e-05, 1.38501454785e-05, 1.79764174391e-05, 4.08927080571e-05, 3.15870092891e-05, 6.92637477187e-05, 1.96667406271e-05, 5.40588553122e-05, 0.000116184346552, 3.9747057599e-05, 2.83884619421e-05, 2.4506560294e-05, 1.87864006875e-05, 1.99688092835e-05, 2.51415531238e-05, 2.44900547841e-05, 1.41342798088e-05, 2.26835127251e-05, 4.7254612582e-05, 3.17900085065e-05, 1.3739073438e-05, 1.01443965832e-05, 9.1905158115e-06, 7.38028893466e-06, 7.35293997423e-06, 1.04276459751e-05, 9.46943418967e-06, 1.11866474981e-05, 2.38609504777e-06, 5.81742415307e-06, 2.51926667261e-06, 2.61897980636e-06, 3.4635920656e-06, 1.63912829976e-06, 2.297563924e-06, 1.7607984546e-06, 2.18987156586e-06, 1.21666050745e-06, 4.60418831949e-08, 2.02642418401e-08, 1.9650480354e-08, 1.90689100066e-08, 1.8536397306e-08, 1.80998327437e-08, 1.77036962867e-08, 1.73363314815e-08, 1.70197829163e-08, 1.6763999966e-08, 1.6572933248e-08, 1.64001576763e-08, 1.63296203226e-08],
        "mean": [1.07694368126e-05, 1.77037509275e-05, 5.44569957128e-05, 0.000176589383045, 0.000459093454992, 0.000957937911153, 0.000907327863388, 0.00125849852338, 0.00147237395868, 0.00070194149157, 0.000588559429161, 0.000471764215035, 0.000278011197224, 0.000287538510747, 0.000543036032468, 0.000349831359927, 0.000209656034713, 0.00010486618703, 0.000161410527653, 0.000429844629252, 0.000462298921775, 0.000151500149514, 9.82516648946e-05, 9.73809146672e-05, 0.000117093404697, 0.000140659627505, 4.10651591665e-05, 0.000106586456241, 0.000114574977488, 4.45793884865e-05, 4.15698159486e-05, 2.58418585872e-05, 2.72727647825e-05, 7.75428125053e-05, 3.74251358153e-05, 4.23061137553e-05, 5.26150215592e-05, 4.32345841546e-05, 1.90814880625e-05, 4.84277115902e-05, 0.000146217324072, 3.30166221829e-05, 8.54975369293e-05, 0.000364121020539, 0.000214890533243, 7.7216354839e-05, 5.47630270376e-06, 1.61138068506e-05, 7.12004066372e-06, 6.52722064842e-06, 2.06160875678e-05, 1.58700204338e-05, 5.70429028812e-06, 1.18103989735e-05, 3.41555569321e-05, 1.56095411512e-05, 1.19974256449e-05, 8.8916040113e-06, 1.60826457432e-05, 3.52935312549e-05, 5.84942972637e-06, 1.98639395421e-06, 1.29337531689e-05, 1.24512207549e-05, 2.74587928288e-05, 8.79887465999e-06, 5.13366558152e-06, 4.37809512732e-06, 2.04294633477e-06, 5.50180448045e-06, 3.33639809469e-06, 7.42127031117e-06, 2.61024774773e-06, 1.30269586407e-06, 1.45718115618e-06, 8.29077907838e-06, 4.80193421026e-06, 2.69646216111e-06, 8.71315705808e-07, 8.30410044728e-07, 3.04671220874e-06, 2.9205023111e-06, 2.80509698314e-06, 9.10642143026e-07, 2.13918360714e-06, 3.36359994435e-06, 1.46224635955e-06, 1.20861079722e-06, 1.08024494239e-06, 1.07906430458e-06, 7.20957075373e-07, 6.81660992541e-07, 1.0948893987e-06, 5.36263883077e-07, 7.29609837435e-07, 5.58606757295e-07, 4.08211576541e-07, 3.99811995067e-07, 3.12945644509e-07, 2.89358354166e-07, 4.97153166634e-07, 3.75842489575e-07, 2.43675799538e-07, 3.55358764637e-07, 2.53808622119e-07, 1.40747673072e-07, 1.84649167068e-07, 8.38195859387e-08, 1.08919984143e-07, 7.16254646704e-08, 5.27984234111e-08, 3.55038700661e-08, 1.5839196621e-08, 8.48304892997e-09, 4.33650226839e-09, 2.04424102646e-10, 4.57734891657e-11, 3.82942635935e-11, 3.71651043274e-11, 3.61334122345e-11, 3.5280244004e-11, 3.45118308931e-11, 3.37941723216e-11, 3.31750078797e-11, 3.26822562069e-11, 3.2312204995e-11, 3.19806958693e-11, 3.18369566821e-11],
        "min": [4.38711621246e-24, 4.09602851059e-24, 7.28586883352e-24, 9.15733246836e-24, 3.63831681945e-24, 9.4680762174e-25, 1.51880810032e-23, 3.44970640902e-23, 1.61582915642e-23, 4.84475217295e-24, 1.82885757289e-23, 1.69836593744e-23, 1.38521529488e-23, 6.44819439878e-24, 7.74068816615e-24, 8.05858570032e-24, 8.79536521972e-24, 1.89254404926e-23, 1.9206251309e-23, 8.39725078668e-24, 8.32412495849e-24, 4.89926325036e-24, 6.8318162737e-24, 2.56378729235e-24, 3.71248118303e-24, 1.26834223856e-23, 1.64321162284e-23, 2.47078713917e-23, 2.46489592593e-23, 1.13232360695e-23, 3.26377552242e-24, 6.21832230315e-24, 5.18942364624e-24, 2.07392462838e-23, 1.47145388458e-23, 2.57251544662e-24, 5.60609051005e-24, 8.61597509443e-24, 5.83795447947e-24, 4.07020199341e-24, 4.63149427685e-24, 1.41681343398e-23, 7.61229710952e-24, 5.93488024117e-24, 4.38744713961e-24, 1.76420320363e-24, 1.57305664482e-23, 9.15774977577e-24, 2.83508641841e-24, 7.14190250718e-24, 1.01326580035e-23, 2.84078593845e-23, 1.98011029186e-23, 1.96857272781e-23, 8.77286927328e-24, 7.81307246509e-24, 1.0138587082e-23, 5.29305314792e-24, 7.02686607682e-24, 5.60381425191e-24, 1.1993546169e-23, 6.77803647034e-24, 1.27974569626e-23, 1.13331591508e-23, 6.61852169556e-24, 3.90025689974e-24, 6.12008663791e-24, 8.27815014493e-24, 5.01887073524e-24, 3.21411732008e-24, 4.44970404225e-24, 8.72322941196e-24, 1.99688447238e-23, 2.03417582064e-23, 1.59073012677e-23, 1.96671117384e-23, 1.10455854298e-23, 8.98823145585e-24, 9.29929193255e-24, 6.80781202521e-24, 8.77578490319e-24, 6.90673044956e-24, 7.73397101554e-24, 2.60933414886e-23, 6.50247157893e-24, 5.16289346514e-24, 1.00039782237e-23, 1.45798503126e-23, 6.78520011622e-24, 3.27857494743e-24, 1.29056445026e-23, 1.0637289958e-23, 7.42006275097e-24, 8.40303708142e-24, 1.08824797602e-23, 1.93201975336e-23, 8.58360655376e-24, 7.89093934732e-24, 8.1014445133e-24, 6.78106727394e-24, 7.56653765499e-24, 9.56683489742e-24, 1.37531367057e-23, 1.37814441904e-23, 2.01441390833e-23, 1.7765780252e-23, 1.57102043705e-23, 9.43235146802e-24, 7.30198683954e-24, 1.03010151201e-23, 1.2618907763e-23, 1.22411672406e-23, 1.05753533328e-23, 1.33411051886e-23, 1.65276677944e-23, 1.29574292767e-23, 6.42127175937e-24, 7.7844052598e-24, 7.49676054134e-24, 1.30103342333e-23, 1.2516261182e-23, 1.27774916819e-23, 8.93960212535e-24, 9.96255277103e-24, 1.02767955126e-23, 1.42837497941e-23, 1.4212704981e-23, 1.57480255178e-23],
        "stdev": [9.8295895441e-06, 1.91745129996e-05, 0.000102668258478, 0.000467295962153, 0.000995408277959, 0.00301726977341, 0.00251066405326, 0.00370161514729, 0.00349539145827, 0.00152023229748, 0.00152329797857, 0.00120983750094, 0.000548579380848, 0.000689424166922, 0.000934358045924, 0.000565331603866, 0.000302140309941, 0.000150350504555, 0.000326704932377, 0.000732705579139, 0.000704322243109, 0.000260468543274, 0.000144369274494, 0.000144392004586, 0.000154644672875, 0.000241836067289, 6.31169605185e-05, 0.000183884709259, 0.000209568475839, 7.80938353273e-05, 8.90453884494e-05, 5.77267273911e-05, 6.35612886981e-05, 0.000201782982913, 8.28783086035e-05, 6.22640873189e-05, 9.14114934858e-05, 0.0001346742647, 8.84922337718e-05, 0.000143680954352, 0.000558049941901, 9.12142349989e-05, 0.000218335640966, 0.00109215220436, 0.000630967493635, 0.000266228948021, 1.23205973068e-05, 6.71772722853e-05, 2.00398153538e-05, 1.7503500203e-05, 4.43740027549e-05, 3.23786734953e-05, 1.50391733769e-05, 3.4477441659e-05, 9.81295306701e-05, 4.19101925218e-05, 3.03762371914e-05, 3.35759104928e-05, 2.93657885777e-05, 0.00010452017159, 1.26668146549e-05, 6.34974821878e-06, 4.03460326197e-05, 3.67530374206e-05, 9.39095189096e-05, 3.03368960886e-05, 1.48408789755e-05, 1.44282639667e-05, 4.28958719567e-06, 1.45805734064e-05, 8.50425112731e-06, 1.64500906976e-05, 4.95826816405e-06, 3.64853644896e-06, 3.82905955121e-06, 2.77827984974e-05, 1.6713527657e-05, 7.56623148845e-06, 2.00260410566e-06, 2.14147735278e-06, 6.41981068839e-06, 5.04943909618e-06, 8.58481325849e-06, 2.36093524109e-06, 5.67900633541e-06, 1.23723084471e-05, 4.4000807975e-06, 3.34952301273e-06, 2.39072755903e-06, 2.50931748269e-06, 2.10017356039e-06, 1.96197652258e-06, 3.01942168335e-06, 1.66379766142e-06, 1.97504141397e-06, 2.27977011491e-06, 1.60483762102e-06, 1.13129738111e-06, 8.10049016309e-07, 8.14271629679e-07, 1.16847320442e-06, 8.90478531801e-07, 6.96584550042e-07, 9.58625037129e-07, 7.275259577e-07, 3.11725187885e-07, 4.96343545819e-07, 2.43485857254e-07, 2.57813951521e-07, 2.04594513775e-07, 1.36955549124e-07, 1.4815337579e-07, 9.93881172917e-08, 1.08478111827e-07, 6.88228212198e-08, 2.53959009378e-09, 8.74982086785e-10, 8.37049540792e-10, 8.12276301776e-10, 7.89592835559e-10, 7.70996488875e-10, 7.54122209123e-10, 7.38473726614e-10, 7.24989790424e-10, 7.14094117171e-10, 7.05955127689e-10, 6.98595237214e-10, 6.95590751665e-10]
    },
    "mfcc": {
        "mean": [-728.919372559, 130.570220947, 2.37614631653, 12.531337738, -2.7663640976, 0.132319390774, -6.35997009277, -3.53450202942, -8.27187538147, -2.08891129494, 2.70911192894, -2.03506326675, -7.57521057129],
        "cov": [[25260.7675781, 935.219116211, -4312.17724609, -1268.34143066, -1407.37268066, -678.268432617, -865.445129395, -549.403686523, -812.294067383, -344.494628906, 222.183670044, -250.802337646, -691.559570312], [935.219116211, 2101.82495117, -123.670677185, 19.0649261475, -95.416847229, -113.384002686, -46.9973373413, -44.417049408, -106.001647949, -118.335243225, -86.8074874878, 2.10771298409, 27.927740097], [-4312.17724609, -123.670677185, 1077.31555176, 342.145477295, 308.571990967, 176.626983643, 175.192245483, 92.2915420532, 120.527351379, 34.6525192261, -42.1031227112, 5.04561519623, 79.5640182495], [-1268.34143066, 19.0649261475, 342.145477295, 190.319412231, 115.034126282, 65.1171188354, 67.7955703735, 34.2391700745, 38.8147468567, 6.08450317383, -26.9435195923, -5.6881942749, 33.6650695801], [-1407.37268066, -95.416847229, 308.571990967, 115.034126282, 155.982330322, 78.5879974365, 80.4920806885, 39.5497970581, 55.5359306335, 22.2796192169, -8.0326128006, 2.68341398239, 27.0980625153], [-678.268432617, -113.384002686, 176.626983643, 65.1171188354, 78.5879974365, 111.398605347, 65.4581375122, 40.57970047, 43.6295967102, 27.378326416, 8.17567634583, -4.77692842484, 4.31706047058], [-865.445129395, -46.9973373413, 175.192245483, 67.7955703735, 80.4920806885, 65.4581375122, 111.904129028, 53.7052192688, 52.8173713684, 10.3732423782, -7.95705080032, -4.60819768906, 17.0951557159], [-549.403686523, -44.417049408, 92.2915420532, 34.2391700745, 39.5497970581, 40.57970047, 53.7052192688, 70.9939498901, 51.174156189, 9.03967189789, -7.16054821014, 5.660197258, 16.3379211426], [-812.294067383, -106.001647949, 120.527351379, 38.8147468567, 55.5359306335, 43.6295967102, 52.8173713684, 51.174156189, 93.8242034912, 28.7915687561, -7.66235733032, 23.0420417786, 31.3008346558], [-344.494628906, -118.335243225, 34.6525192261, 6.08450317383, 22.2796192169, 27.378326416, 10.3732423782, 9.03967189789, 28.7915687561, 97.6698760986, 14.6649112701, -7.70447683334, 8.59548282623], [222.183670044, -86.8074874878, -42.1031227112, -26.9435195923, -8.0326128006, 8.17567634583, -7.95705080032, -7.16054821014, -7.66235733032, 14.6649112701, 63.8411521912, 4.1650519371, -19.4119873047], [-250.802337646, 2.10771298409, 5.04561519623, -5.6881942749, 2.68341398239, -4.77692842484, -4.60819768906, 5.660197258, 23.0420417786, -7.70447683334, 4.1650519371, 76.0123138428, 32.5719146729], [-691.559570312, 27.927740097, 79.5640182495, 33.6650695801, 27.0980625153, 4.31706047058, 17.0951557159, 16.3379211426, 31.3008346558, 8.59548282623, -19.4119873047, 32.5719146729, 87.7837295532]],
        "icov": [[0.000213224411709, -1.99332444026e-05, 0.00075940368697, -0.000397019350203, 0.000466470548417, -0.000451904779766, 0.000247868389124, 0.000213302511838, 0.000285104179056, 0.000348717119778, -0.000115862530947, 0.000237502375967, 0.000690792221576], [-1.99332444026e-05, 0.000585743051488, -3.19419159496e-05, -0.000320103863487, 0.000282439606963, 0.000351690192474, -0.000276072620181, -0.000102284364402, 0.000644668238238, 0.000277957267826, 0.000593608245254, -0.00017953121278, -0.000282558234176], [0.00075940368697, -3.19419159496e-05, 0.00567692751065, -0.00454945629463, -0.00144352123607, -0.00221372349188, 0.000890357652679, 0.000770214188378, 0.000779320194852, 0.00135999219492, -0.000184023898328, 0.000702001329046, 0.00211760727689], [-0.000397019350203, -0.000320103863487, -0.00454945629463, 0.0149970576167, -0.0044679637067, -0.000691053515766, -0.000794616236817, -0.000594235898461, 0.000480698246974, 6.38257697574e-05, 0.002679444151, 0.00124211248476, -0.0030212556012], [0.000466470548417, 0.000282439606963, -0.00144352123607, -0.0044679637067, 0.0214254930615, -0.00462273834273, -0.00494011910632, 0.00329045206308, -0.00188815465663, -6.77805883242e-06, -0.000918578240089, -0.00014576119429, 0.00109481089748], [-0.000451904779766, 0.000351690192474, -0.00221372349188, -0.000691053515766, -0.00462273834273, 0.019751239568, -0.00526408292353, -0.0040318062529, -0.00121478887741, -0.00318458629772, -0.0030158967711, -0.000236285210121, 0.000996385002509], [0.000247868389124, -0.000276072620181, 0.000890357652679, -0.000794616236817, -0.00494011910632, -0.00526408292353, 0.0217110607773, -0.00807363260537, -0.00316734146327, 0.00259214895777, -0.000342878076481, 0.00369938788936, 2.37998137891e-05], [0.000213302511838, -0.000102284364402, 0.000770214188378, -0.000594235898461, 0.00329045206308, -0.0040318062529, -0.00807363260537, 0.0296109654009, -0.0116964196786, 0.00233094627038, 0.000632183684502, 0.00124928040896, 0.000105068320408], [0.000285104179056, 0.000644668238238, 0.000779320194852, 0.000480698246974, -0.00188815465663, -0.00121478887741, -0.00316734146327, -0.0116964196786, 0.0262870658189, -0.00497454637662, 0.00318834837526, -0.00657654739916, -0.00115420832299], [0.000348717119778, 0.000277957267826, 0.00135999219492, 6.38257697574e-05, -6.77805883242e-06, -0.00318458629772, 0.00259214895777, 0.00233094627038, -0.00497454637662, 0.0142162302509, -0.00353931356221, 0.00462456978858, -0.00149512430653], [-0.000115862530947, 0.000593608245254, -0.000184023898328, 0.002679444151, -0.000918578240089, -0.0030158967711, -0.000342878076481, 0.000632183684502, 0.00318834837526, -0.00353931356221, 0.020874036476, -0.00456798868254, 0.00393919600174], [0.000237502375967, -0.00017953121278, 0.000702001329046, 0.00124211248476, -0.00014576119429, -0.000236285210121, 0.00369938788936, 0.00124928040896, -0.00657654739916, 0.00462456978858, -0.00456798868254, 0.0195975024253, -0.00647035799921], [0.000690792221576, -0.000282558234176, 0.00211760727689, -0.0030212556012, 0.00109481089748, 0.000996385002509, 2.37998137891e-05, 0.000105068320408, -0.00115420832299, -0.00149512430653, 0.00393919600174, -0.00647035799921, 0.0195816121995]]
    },
    "spectral_contrast_coeffs": {
        "max": [-0.425329178572, -0.595886170864, -0.592008650303, -0.574304699898, -0.631528615952, -0.644555091858],
        "mean": [-0.710328102112, -0.778562545776, -0.778706550598, -0.774376690388, -0.774328172207, -0.77240550518],
        "min": [-0.957370400429, -0.95407885313, -0.955235540867, -0.962431788445, -0.96035951376, -0.961374044418],
        "stdev": [0.0940350592136, 0.0753705427051, 0.0735079422593, 0.0874349623919, 0.0729865208268, 0.0606997385621]
    },
    "spectral_contrast_valleys": {
        "max": [-4.99952316284, -4.85217189789, -5.90628528595, -6.53895521164, -6.37014245987, -8.12502002716],
        "mean": [-7.49726486206, -7.07766151428, -8.09555530548, -8.60339736938, -8.81923961639, -11.3126106262],
        "min": [-27.8719921112, -27.3458366394, -27.5018825531, -27.3107299805, -27.2307949066, -27.2312850952],
        "stdev": [1.44766771793, 1.76530516148, 1.7533352375, 1.66128253937, 1.52959513664, 1.23509585857]
    }
},
"rhythm": {
    "beats_count": 19,
    "beats_loudness": {
        "max": 0.179133430123,
        "mean": 0.0374288186431,
        "min": 8.46398961585e-06,
        "stdev": 0.0468732602894
    },
    "bpm": 93.1471862793,
    "bpm_histogram_first_peak_bpm": 94,
    "bpm_histogram_first_peak_weight": 0.47058826685,
    "bpm_histogram_second_peak_bpm": 89,
    "bpm_histogram_second_peak_spread": 0,
    "bpm_histogram_second_peak_weight": 0.0555555559695,
    "danceability": 0.971437990665,
    "onset_rate": 1.56747615337,
    "beats_loudness_band_ratio": {
        "max": [0.829312741756, 0.385893017054, 0.540813982487, 0.526670873165, 0.513273596764, 0.0932535976171],
        "mean": [0.349837362766, 0.23350186646, 0.236505329609, 0.12527936697, 0.0919635295868, 0.026198649779],
        "min": [0.00461646029726, 0.0311825983226, 0.0236502401531, 0.00706843566149, 0.00341484253295, 0.000892669777386],
        "stdev": [0.278212815523, 0.113101787865, 0.156264230609, 0.135896876454, 0.141214281321, 0.0311691965908]
    },
    "beats_position": [0.650158703327, 1.31192743778, 1.98530614376, 2.6470746994, 3.29723358154, 3.94739222527, 4.59755086899, 5.24770975113, 5.87464857101, 6.51319694519, 7.1517457962, 7.77868461609, 8.4172334671, 9.05578231812, 9.69433116913, 10.3328800201, 10.9714279175, 11.6099767685, 12.2485256195],
