{
"metadata": {
    "version": {
        "essentia": "2.1-beta5",
        "essentia_git_sha": "Undefined",
        "extractor": "music 2.0"
    },
    "audio_properties": {
        "analysis": {
            "equal_loudness": 0,
            "length": 48.7502937317,
            "sample_rate": 44100,
            "start_time": 12.7477550507,
            "downmix": "mix"
        },
        "bit_rate": 192000,
        "length": 232.385314941,
        "lossless": 0,
        "number_channels": 2,
        "replay_gain": -7.92358207703,
        "sample_rate": 48000,
        "codec": "mp3",
        "md5_encoded": "b0b43f06e5debcc4e4d9fecf7c6fd947"
    },
    "tags": {
        "file_name": "Ireland_That_s What Friends Are For_The Swarbriggs.mp3",
        "encoding": ["Lavf58.29.100"]
    }
},
"lowlevel": {
    "average_loudness": 0.902497470379,
    "barkbands_crest": {
        "max": 26.3325061798,
        "mean": 11.7103443146,
        "min": 2.50970697403,
        "stdev": 4.98405456543
    },
    "barkbands_flatness_db": {
        "max": 0.432916820049,
        "mean": 0.230896383524,
        "min": 0.0486912466586,
        "stdev": 0.0742531716824
    },
    "barkbands_kurtosis": {
        "max": 189.015350342,
        "mean": 9.73874282837,
        "min": -1.72083997726,
        "stdev": 16.7032394409
    },
    "barkbands_skewness": {
        "max": 11.9162521362,
        "mean": 2.06368088722,
        "min": -3.07005643845,
        "stdev": 1.56926047802
    },
    "barkbands_spread": {
        "max": 59.407749176,
        "mean": 9.57088947296,
        "min": 0.441368639469,
        "stdev": 8.1435585022
    },
    "dissonance": {
        "max": 0.500000119209,
        "mean": 0.431065499783,
        "min": 0.169695064425,
        "stdev": 0.0608389936388
    },
    "dynamic_complexity": 7.56933403015,
    "erbbands_crest": {
        "max": 32.4159736633,
        "mean": 11.5416574478,
        "min": 2.6114885807,
        "stdev": 5.1459774971
    },
    "erbbands_flatness_db": {
        "max": 0.448818892241,
        "mean": 0.271976709366,
        "min": 0.107447184622,
        "stdev": 0.0763510167599
    },
    "erbbands_kurtosis": {
        "max": 112.64125061,
        "mean": 2.7548661232,
        "min": -1.87192046642,
        "stdev": 6.69508600235
    },
    "erbbands_skewness": {
        "max": 7.72323703766,
        "mean": 1.10469186306,
        "min": -3.53243994713,
        "stdev": 1.11149454117
    },
    "erbbands_spread": {
        "max": 105.565307617,
        "mean": 22.8465385437,
        "min": 1.48082268238,
        "stdev": 17.6720466614
    },
    "hfc": {
        "max": 83.5073165894,
        "mean": 9.91009235382,
        "min": 0.000761182687711,
        "stdev": 14.4409980774
    },
    "loudness_ebu128": {
        "integrated": -17.9938316345,
        "loudness_range": 4.32250404358,
        "momentary": {
            "max": -13.7949886322,
            "mean": -21.7322406769,
            "min": -47.2548370361,
            "stdev": 7.4431886673
        },
        "short_term": {
            "max": -16.2552223206,
            "mean": -19.2400054932,
            "min": -29.874162674,
            "stdev": 2.572671175
        }
    },
    "melbands_crest": {
        "max": 31.4518280029,
        "mean": 14.1182069778,
        "min": 3.16506242752,
        "stdev": 5.68693780899
    },
    "melbands_flatness_db": {
        "max": 0.468970179558,
        "mean": 0.254771620035,
        "min": 0.0646957680583,
        "stdev": 0.0860559344292
    },
    "melbands_kurtosis": {
        "max": 223.870254517,
        "mean": 15.8716573715,
        "min": -1.81952345371,
        "stdev": 20.1735687256
    },
    "melbands_skewness": {
        "max": 10.0471086502,
        "mean": 2.50814914703,
        "min": -1.67844438553,
        "stdev": 1.65944504738
    },
    "melbands_spread": {
        "max": 99.564414978,
        "mean": 12.4345798492,
        "min": 0.690994501114,
        "stdev": 11.5646266937
    },
    "pitch_salience": {
        "max": 0.902202308178,
        "mean": 0.667131543159,
        "min": 0.102102451026,
        "stdev": 0.126217216253
    },
    "silence_rate_20dB": {
        "max": 1,
        "mean": 1,
        "min": 1,
        "stdev": 0
    },
    "silence_rate_30dB": {
        "max": 1,
        "mean": 1,
        "min": 1,
        "stdev": 0
    },
    "silence_rate_60dB": {
        "max": 1,
        "mean": 0.442646354437,
        "min": 0,
        "stdev": 0.496695280075
    },
    "spectral_centroid": {
        "max": 2885.33935547,
        "mean": 879.003662109,
        "min": 228.15687561,
        "stdev": 498.954437256
    },
    "spectral_complexity": {
        "max": 36,
        "mean": 8.77058506012,
        "min": 0,
        "stdev": 7.72169542313
    },
    "spectral_decrease": {
        "max": -7.80836034936e-14,
        "mean": -3.56393980994e-09,
        "min": -2.40916406824e-08,
        "stdev": 5.05666086781e-09
    },
    "spectral_energy": {
        "max": 0.0985017493367,
        "mean": 0.014350018464,
        "min": 3.6374751744e-07,
        "stdev": 0.0203559007496
    },
    "spectral_energyband_high": {
        "max": 0.000568944553379,
        "mean": 2.42749119934e-05,
        "min": 2.35997976716e-08,
        "stdev": 5.20029934705e-05
    },
    "spectral_energyband_low": {
        "max": 0.00209177471697,
        "mean": 6.3183491875e-05,
        "min": 3.13449461942e-08,
        "stdev": 0.000122727025882
    },
    "spectral_energyband_middle_high": {
        "max": 0.0581661909819,
        "mean": 0.00278044492006,
        "min": 2.28459043683e-07,
        "stdev": 0.00484544970095
    },
    "spectral_energyband_middle_low": {
        "max": 0.0837375000119,
        "mean": 0.011677862145,
        "min": 7.97541090947e-08,
        "stdev": 0.0171491615474
    },
    "spectral_entropy": {
        "max": 8.50286197662,
        "mean": 7.00420999527,
        "min": 5.33947849274,
        "stdev": 0.61622852087
    },
    "spectral_flux": {
        "max": 0.285383701324,
        "mean": 0.069125495851,
        "min": 0.00204729381949,
        "stdev": 0.0620475150645
    },
    "spectral_kurtosis": {
        "max": 104.644714355,
        "mean": 12.9474487305,
        "min": -0.527838468552,
        "stdev": 13.4289178848
    },
    "spectral_rms": {
        "max": 0.00980302318931,
        "mean": 0.00278555252589,
        "min": 1.88381436601e-05,
        "stdev": 0.00249814265408
    },
    "spectral_rolloff": {
        "max": 4565.0390625,
        "mean": 1013.90661621,
        "min": 215.33203125,
        "stdev": 683.091308594
    },
    "spectral_skewness": {
        "max": 8.27611351013,
        "mean": 2.3893828392,
        "min": 0.570772409439,
        "stdev": 1.1397087574
    },
    "spectral_spread": {
        "max": 17617610,
        "mean": 2928509.5,
        "min": 745735.6875,
        "stdev": 1390255
    },
    "spectral_strongpeak": {
        "max": 8.13354969025,
        "mean": 0.945001065731,
        "min": 0.00169800047297,
        "stdev": 1.22805869579
    },
    "zerocrossingrate": {
        "max": 0.119140625,
        "mean": 0.0431623421609,
        "min": 0.01025390625,
        "stdev": 0.0214675646275
    },
    "barkbands": {
        "max": [1.05317849375e-05, 0.000163513468578, 0.000607570982538, 0.00550807779655, 0.0210239142179, 0.0538328886032, 0.0620229505002, 0.0546313785017, 0.0709537640214, 0.0332479886711, 0.0184687245637, 0.040580060333, 0.00810678023845, 0.010251050815, 0.00700285984203, 0.00729083875194, 0.00163803447504, 0.00113597826567, 0.000990221393295, 0.00103204278275, 0.00036485993769, 0.000258348300122, 0.000123800593428, 8.34022503113e-05, 1.4276640286e-05, 1.86905390365e-06, 1.98785096472e-06],
        "mean": [4.36610775978e-07, 8.24068138172e-06, 2.48432788794e-05, 6.4896645199e-05, 0.000400492717745, 0.00182627211325, 0.00325360964052, 0.00246817688458, 0.00327681354247, 0.000843910267577, 0.000458774680737, 0.000388187909266, 0.000384991115425, 0.000325755419908, 0.000271579978289, 0.000163861768669, 8.60039654071e-05, 4.9987098464e-05, 2.1335814381e-05, 1.34532765514e-05, 7.44975613998e-06, 5.06456262883e-06, 3.34833453053e-06, 2.22209087042e-06, 3.13375011274e-07, 1.32265454145e-09, 1.4049127417e-09],
        "min": [1.08039699409e-09, 2.11520383431e-08, 5.51518652969e-09, 1.05069442036e-09, 7.06385616667e-09, 2.78713656598e-08, 2.61763766218e-08, 8.56108517411e-09, 5.3648769871e-09, 1.08422053557e-08, 2.86996426624e-09, 2.03642773755e-08, 3.05491916208e-08, 5.28499910502e-09, 6.46277387162e-09, 8.94852725253e-09, 1.71350897915e-08, 4.20341415008e-08, 4.18968575389e-08, 4.91372098566e-09, 3.87299525784e-09, 3.54102835942e-09, 2.72032241178e-09, 8.41724112632e-09, 1.98235516891e-09, 1.74306541423e-11, 2.26852286955e-11],
        "stdev": [5.46248600131e-07, 1.22364863273e-05, 5.39221364306e-05, 0.000206493088626, 0.00115481717512, 0.00405606301501, 0.0075353756547, 0.00594088202342, 0.00902976002544, 0.00268496177159, 0.00125344132539, 0.00137552258093, 0.000937425356824, 0.000824254006147, 0.000605737208389, 0.000406826700782, 0.000153550863615, 9.73961723503e-05, 5.04787676618e-05, 4.09841268265e-05, 1.8736374841e-05, 1.2999566934e-05, 8.59151987243e-06, 5.05602884004e-06, 5.87380213801e-07, 4.07673930169e-08, 4.33577689307e-08]
    },
    "erbbands": {
        "max": [0.00340138887987, 0.0490347594023, 0.49193713069, 7.45103645325, 25.1916351318, 58.4348449707, 429.141357422, 639.203430176, 927.864990234, 1126.63757324, 1344.58117676, 1885.26745605, 1892.09692383, 644.673706055, 1342.40698242, 667.437744141, 408.132324219, 568.414550781, 481.776123047, 257.237762451, 311.85925293, 111.275878906, 75.0212631226, 74.5691757202, 61.7936439514, 47.7227287292, 24.8089370728, 6.79709386826, 9.63703346252, 6.107380867, 3.72248840332, 2.81236982346, 1.05091571808, 0.310241252184, 0.0135095324367, 0.0074716238305, 0.00347882090136, 0.00123858801089, 0.000304933986627, 0.000115576294775],
        "mean": [0.000215756241232, 0.00225391308777, 0.0220201872289, 0.135009899735, 0.332219064236, 1.42529881001, 7.96076345444, 16.5948600769, 37.3539581299, 58.5190620422, 55.2942695618, 75.4134063721, 42.7275619507, 20.9221954346, 18.5389671326, 15.2830104828, 17.6005249023, 17.0678062439, 15.7332277298, 12.032831192, 7.9628200531, 4.93928527832, 3.10672545433, 1.65307927132, 0.87662178278, 0.629119277, 0.373796343803, 0.25219592452, 0.190135791898, 0.133878797293, 0.0903967246413, 0.0572443120182, 0.0306446775794, 0.00744577590376, 0.000232596852584, 2.35888437601e-05, 8.65814763529e-06, 2.47698562816e-06, 7.51201696403e-06, 1.66058725881e-05],
        "min": [7.19008710348e-07, 4.2868878154e-06, 7.65625827626e-06, 4.09782296629e-06, 8.57352733874e-06, 2.31797821471e-05, 0.000110515597044, 0.000263701222138, 0.000387935666367, 0.000256784260273, 0.000200655209483, 0.000117806077469, 0.000316095451126, 0.000181112161954, 0.000248459953582, 0.00100337236654, 0.0013929689303, 0.000453892396763, 0.000447746075224, 0.000201306349481, 0.000681117468048, 0.000922618957702, 0.00263983383775, 0.00399680202827, 0.000743812706787, 0.000315131008392, 0.000185069802683, 0.000111356494017, 0.0001386719523, 9.65761428233e-05, 7.71043560235e-05, 0.000138731484185, 0.000157708898769, 4.10627071687e-05, 4.69250790047e-06, 1.54596557422e-06, 2.46225170031e-07, 5.55435164529e-08, 2.11821831186e-08, 6.42665032302e-09],
        "stdev": [0.00023962421983, 0.0038234423846, 0.0445371679962, 0.353903383017, 1.01267564297, 3.54573869705, 24.5592327118, 37.6153793335, 91.574256897, 136.809387207, 127.915367126, 215.165985107, 136.475845337, 51.2628860474, 56.4023857117, 40.2066650391, 42.1810455322, 40.8045005798, 37.2518348694, 24.0591220856, 18.4647026062, 8.80486011505, 5.68916606903, 3.64172577858, 2.5940926075, 1.82923841476, 1.00182545185, 0.595399081707, 0.490443527699, 0.352056264877, 0.233311712742, 0.148576319218, 0.0633846223354, 0.0136601263657, 0.000486365315737, 0.000164346289239, 7.61960836826e-05, 2.70803138847e-05, 1.2173205505e-05, 2.3495476853e-05]
    },
    "gfcc": {
        "mean": [-180.099319458, 140.424621582, -167.104904175, 8.81130218506, -86.5273742676, -4.94005823135, -49.0920143127, -12.1347122192, 1.331407547, -20.3501625061, 9.1911907196, -20.5011692047, 6.99573516846],
        "cov": [[8585.25097656, 544.020385742, -2956.2265625, -2469.67285156, 286.054779053, -1111.16662598, 603.58795166, -198.438461304, 631.523681641, 48.0374412537, -7.13883638382, -63.0532875061, -146.426300049], [544.020385742, 668.115356445, 191.556594849, -591.70703125, 15.0017929077, -343.28527832, 0.604768514633, -39.3814125061, 88.4142074585, -23.7573318481, 34.7840499878, -30.1857681274, -19.4372653961], [-2956.2265625, 191.556594849, 1561.09411621, 781.261657715, -193.418823242, 192.450363159, -287.160583496, -8.21969604492, -229.036270142, -50.5366325378, 4.71037149429, -19.1789798737, 57.453578949], [-2469.67285156, -591.70703125, 781.261657715, 1466.5435791, 3.45225119591, 491.269775391, -287.414886475, -0.463156759739, -272.49810791, -51.1432609558, -75.7511062622, -25.7865104675, 54.1342468262], [286.054779053, 15.0017929077, -193.418823242, 3.45225119591, 215.757110596, -17.7932415009, -17.6623725891, 17.4779777527, 24.3945598602, -21.8514251709, -28.7090587616, -19.2598972321, -27.1275157928], [-1111.16662598, -343.28527832, 192.450363159, 491.269775391, -17.7932415009, 530.409851074, 117.234588623, 57.0284500122, -172.319992065, -23.2061328888, -49.870010376, -16.7182369232, -13.4340982437], [603.58795166, 0.604768514633, -287.160583496, -287.414886475, -17.6623725891, 117.234588623, 365.659912109, 87.4191970825, -12.0692920685, -6.78157138824, -30.0140094757, -32.9992027283, -70.5660705566], [-198.438461304, -39.3814125061, -8.21969604492, -0.463156759739, 17.4779777527, 57.0284500122, 87.4191970825, 145.144058228, 29.8800582886, -3.89948630333, -12.7140073776, 8.17765808105, -25.7735939026], [631.523681641, 88.4142074585, -229.036270142, -272.49810791, 24.3945598602, -172.319992065, -12.0692920685, 29.8800582886, 188.192199707, 63.5753440857, 8.65941333771, 18.3916664124, -0.963895082474], [48.0374412537, -23.7573318481, -50.5366325378, -51.1432609558, -21.8514251709, -23.2061328888, -6.78157138824, -3.89948630333, 63.5753440857, 110.476448059, 40.5682754517, -1.60918056965, -4.91508388519], [-7.13883638382, 34.7840499878, 4.71037149429, -75.7511062622, -28.7090587616, -49.870010376, -30.0140094757, -12.7140073776, 8.65941333771, 40.5682754517, 98.383972168, 51.122127533, 9.98035430908], [-63.0532875061, -30.1857681274, -19.1789798737, -25.7865104675, -19.2598972321, -16.7182369232, -32.9992027283, 8.17765808105, 18.3916664124, -1.60918056965, 51.122127533, 112.366035461, 57.0471763611], [-146.426300049, -19.4372653961, 57.453578949, 54.1342468262, -27.1275157928, -13.4340982437, -70.5660705566, -25.7735939026, -0.963895082474, -4.91508388519, 9.98035430908, 57.0471763611, 96.5828323364]],
        "icov": [[0.00101176067255, -0.000389804539736, 0.00149572070222, -0.000152051594341, 0.000170759987668, 0.00111504597589, -0.00144245836418, 0.00205723429099, -0.00155233137775, 0.00137470930349, -0.000349462992745, 0.000735313922632, 5.32878084414e-06], [-0.000389804539736, 0.0113071519881, -0.00658119423315, 0.00564693752676, -0.00595930591226, 0.00234488141723, -0.00222193868831, 0.00314284814522, -0.00364037416875, 0.0052339034155, -0.00452786730602, 0.005228608381, -0.0020883558318], [0.00149572070222, -0.00658119423315, 0.00682086450979, -0.00343143171631, 0.00476913759485, 0.000219227746129, 0.000740408722777, -0.000388974207453, 0.00147073203698, -0.00103091145866, 0.00191043934319, -0.00110574555583, 0.00103406782728], [-0.000152051594341, 0.00564693752676, -0.00343143171631, 0.00531247491017, -0.00316332932562, -0.000494586245622, 0.00174522469752, 0.000237961678067, 0.000813426275272, 0.00106892711483, 2.84072175418e-05, 0.00229300814681, -0.000943937571719], [0.000170759987668, -0.00595930591226, 0.00476913759485, -0.00316332932562, 0.00985918939114, -0.00140819931403, 0.00343242380768, -0.00333890365437, 0.0021207681857, -0.00123834621627, 0.00335320457816, -0.00212612189353, 0.00305320112966], [0.00111504597589, 0.00234488141723, 0.000219227746129, -0.000494586245622, -0.00140819931403, 0.00720259128138, -0.0049462732859, 0.00240835687146, 0.000673577305861, 0.000230843943427, 0.000771035207435, -2.35121970036e-05, -0.000103009282611], [-0.00144245836418, -0.00222193868831, 0.000740408722777, 0.00174522469752, 0.00343242380768, -0.0049462732859, 0.0119791962206, -0.00887619145215, 0.00830219499767, -0.00527187250555, 0.00534694688395, -0.00239814957604, 0.00328561547212], [0.00205723429099, 0.00314284814522, -0.000388974207453, 0.000237961678067, -0.00333890365437, 0.00240835687146, -0.00887619145215, 0.0179607886821, -0.0118381017819, 0.00787927210331, -0.00361535535194, 0.000617024779785, 0.00184630451258], [-0.00155233137775, -0.00364037416875, 0.00147073203698, 0.000813426275272, 0.0021207681857, 0.000673577305861, 0.00830219499767, -0.0118381017819, 0.0240050554276, -0.0170293971896, 0.0130474148318, -0.00905169919133, 0.0025503737852], [0.00137470930349, 0.0052339034155, -0.00103091145866, 0.00106892711483, -0.00123834621627, 0.000230843943427, -0.00527187250555, 0.00787927210331, -0.0170293971896, 0.0253644865006, -0.0168149415404, 0.0124905286357, -0.00343245430849], [-0.000349462992745, -0.00452786730602, 0.00191043934319, 2.84072175418e-05, 0.00335320457816, 0.000771035207435, 0.00534694688395, -0.00361535535194, 0.0130474148318, -0.0168149415404, 0.0286213457584, -0.018274595961, 0.00850842427462], [0.000735313922632, 0.005228608381, -0.00110574555583, 0.00229300814681, -0.00212612189353, -2.35121970036e-05, -0.00239814957604, 0.000617024779785, -0.00905169919133, 0.0124905286357, -0.018274595961, 0.0271454229951, -0.0142482370138], [5.32878084414e-06, -0.0020883558318, 0.00103406782728, -0.000943937571719, 0.00305320112966, -0.000103009282611, 0.00328561547212, 0.00184630451258, 0.0025503737852, -0.00343245430849, 0.00850842427462, -0.0142482370138, 0.0209793988615]]
    },
    "melbands": {
        "max": [2.63534020633e-05, 0.000215826032218, 0.00211140490137, 0.0023376357276, 0.0115874987096, 0.0127904955298, 0.0130365295336, 0.0108671467751, 0.00954246427864, 0.011821330525, 0.00909975357354, 0.00252153957263, 0.00301427929662, 0.00500930193812, 0.00100864272099, 0.000728794897441, 0.00124328944366, 0.00086523295613, 0.000493643281516, 0.000545787799638, 0.000345340959029, 9.91788983811e-05, 0.000124482539832, 5.76025922783e-05, 6.67151398375e-05, 4.07682273362e-05, 4.56123743788e-05, 2.37890890276e-05, 1.89342717931e-05, 5.5304626585e-06, 3.82901180274e-06, 5.49511833015e-06, 5.63206913284e-06, 2.28324461204e-06, 2.52026029557e-06, 1.99599048756e-06, 1.82796782155e-06, 8.89139357696e-07, 5.62602679111e-07, 1.39841105806e-07],
        "mean": [2.02189585252e-06, 9.6189278338e-06, 2.81242701021e-05, 5.28435666638e-05, 0.000233520404436, 0.000381075486075, 0.000601752893999, 0.000623743340839, 0.000471600331366, 0.000469092978165, 0.00020191607473, 8.22069632704e-05, 6.26856854069e-05, 4.59345319541e-05, 3.88375774492e-05, 3.67366337741e-05, 3.12729243888e-05, 2.57430729107e-05, 1.96062756004e-05, 1.30342559714e-05, 8.3479899331e-06, 5.06236438014e-06, 3.91278672396e-06, 2.08836991078e-06, 1.27291730223e-06, 6.57790849345e-07, 5.57630244202e-07, 3.80634844532e-07, 2.49869231084e-07, 1.69870844502e-07, 1.37146557222e-07, 1.12007512598e-07, 8.70361063221e-08, 6.88822510142e-08, 5.43750751092e-08, 4.15691232547e-08, 3.21161373051e-08, 2.30624923603e-08, 1.50097481111e-08, 2.83545542601e-09],
        "min": [6.52512754939e-09, 4.45228742763e-09, 8.68953631272e-10, 1.0256322458e-09, 3.31531957443e-09, 5.9011351361e-09, 5.87266857366e-09, 2.49931053631e-09, 1.50354773076e-09, 7.18181347725e-10, 1.64987012941e-09, 8.15135237087e-10, 5.70855085424e-10, 1.54871426794e-09, 3.53569551415e-09, 2.26490937116e-09, 6.24254425929e-10, 7.15538739371e-10, 3.11072889669e-10, 4.04400013476e-10, 9.44456290952e-10, 8.97297458557e-10, 1.3177897662e-09, 1.562941776e-09, 2.29733188029e-09, 8.20560897008e-10, 1.46492054598e-10, 1.98564831244e-10, 1.02914218814e-10, 9.39161803881e-11, 5.8386698254e-11, 9.12847714085e-11, 5.76247695394e-11, 4.79868471348e-11, 3.56046234162e-11, 5.68982257143e-11, 9.60169929676e-11, 1.39018879741e-10, 5.50695253287e-11, 2.3484164266e-11],
        "stdev": [2.4875193958e-06, 1.82786461664e-05, 8.08881159173e-05, 0.000121931123431, 0.000688106694724, 0.000825057155453, 0.0014204676263, 0.00144490331877, 0.00113785569556, 0.00136470317375, 0.00066697888542, 0.000206620097742, 0.000178683607373, 0.000167977908859, 9.6958821814e-05, 8.87698406586e-05, 8.06519819889e-05, 6.58168719383e-05, 4.25776888733e-05, 3.20270264638e-05, 1.98485158762e-05, 9.30054193304e-06, 7.37418258723e-06, 4.19801381213e-06, 3.04480795421e-06, 1.78098400738e-06, 1.94079962057e-06, 1.0664838328e-06, 7.16743954854e-07, 4.01216993851e-07, 3.45729972651e-07, 2.90703894734e-07, 2.41221613351e-07, 1.83233211715e-07, 1.45218535863e-07, 1.08027464307e-07, 8.44542142886e-08, 4.89298415118e-08, 2.84899996927e-08, 5.36913180582e-09]
    },
    "melbands128": {
        "max": [9.1117053671e-06, 3.16306141031e-05, 3.03884626192e-05, 0.000106014202174, 0.000177409732714, 0.000379329634598, 0.00126402662136, 0.00366532360204, 0.00322673423216, 0.00240518478677, 0.00438406039029, 0.00973048061132, 0.0214022286236, 0.0196490939707, 0.0162424761802, 0.0197762101889, 0.01937918365, 0.0228492617607, 0.01915913634, 0.021198110655, 0.0214222557843, 0.0180235672742, 0.0162691604346, 0.021720930934, 0.0204521846026, 0.0273346789181, 0.0180615969002, 0.0121020786464, 0.00750669138506, 0.00401766272262, 0.00413255766034, 0.00495694391429, 0.00593856023625, 0.00565195549279, 0.0129350852221, 0.00216786866076, 0.00247194850817, 0.00164174067322, 0.00213127094321, 0.00131477776449, 0.00142888701521, 0.00145538663492, 0.00180006655864, 0.00148221442942, 0.00189403677359, 0.0011227974901, 0.000814851315226, 0.000892736949027, 0.000462679687189, 0.000607336987741, 0.000712412875146, 0.00110480608419, 0.000422699551564, 0.000333855830831, 0.000138908682857, 0.000111645378638, 0.00020285708888, 0.00014876172645, 0.000161566058523, 9.23028201214e-05, 7.5476411439e-05, 5.21106485394e-05, 0.000162171359989, 4.04081583838e-05, 4.62831521872e-05, 2.32454713114e-05, 0.000100582816231, 4.80952840007e-05, 6.10398565186e-05, 8.34183229017e-05, 2.20542588067e-05, 2.32860747928e-05, 1.65174478752e-05, 2.89995423373e-05, 1.71336614585e-05, 6.50486617815e-06, 4.4080616135e-06, 5.97470534558e-06, 6.64675462758e-06, 3.41780764757e-06, 7.73998181103e-06, 6.65958168611e-06, 3.93266782339e-06, 8.79936578713e-06, 3.01623435917e-06, 3.58412239621e-06, 2.54922952081e-06, 3.69032977687e-06, 3.86469446312e-06, 1.60991669418e-06, 2.36270216192e-06, 2.22644143832e-06, 1.82211351785e-06, 3.35410163643e-06, 8.41366386339e-07, 7.62619833949e-07, 1.25671147089e-06, 7.92813636963e-07, 5.18309605013e-07, 7.0195585522e-07, 2.6403787956e-07, 1.72331517945e-08, 1.63878972614e-08, 1.5756805638e-08, 1.51439643048e-08, 1.45301237708e-08, 1.39500233587e-08, 1.3359630735e-08, 1.28275088329e-08, 1.22989831652e-08, 1.18420508954e-08, 1.14063682943e-08, 1.09928537384e-08, 1.05770627812e-08, 1.02208508324e-08, 9.88391679613e-09, 9.58041290744e-09, 9.3157179748e-09, 9.06759467512e-09, 8.79666028908e-09, 8.58776694201e-09, 8.39226377281e-09, 8.24048740355e-09, 8.09843481164e-09, 7.95281884791e-09, 7.87259057944e-09, 7.80419906476e-09, 7.7617565708e-09],
        "mean": [3.69200080286e-07, 1.64718335327e-06, 2.2725614599e-06, 3.55077736458e-06, 7.39069719202e-06, 1.38925834108e-05, 2.61131099251e-05, 3.40195692843e-05, 2.90444149869e-05, 3.70237939933e-05, 6.99037045706e-05, 0.00013514055172, 0.000273689045571, 0.000368755368982, 0.000339830701705, 0.000393154419726, 0.000518340559211, 0.000645030930173, 0.000698409450706, 0.000709894695319, 0.000577814644203, 0.000391930836486, 0.000451832602266, 0.000552797690034, 0.000525175768416, 0.000456453853985, 0.000298785162158, 0.000182537987712, 0.000109524095024, 8.18079934106e-05, 7.7567754488e-05, 7.05704369466e-05, 5.85912566748e-05, 6.07145921094e-05, 5.54440775886e-05, 3.82111138606e-05, 3.6736480979e-05, 3.7057659938e-05, 4.29936080764e-05, 3.89229098801e-05, 3.67541942978e-05, 3.08454618789e-05, 3.1524879887e-05, 3.19781611324e-05, 2.72825800494e-05, 2.5216713766e-05, 2.32318780036e-05, 2.10600901482e-05, 1.77833753696e-05, 1.45757894643e-05, 1.29542750074e-05, 1.06712341221e-05, 9.77172021521e-06, 7.20022899259e-06, 5.2298337323e-06, 4.73842237625e-06, 5.05649768456e-06, 4.65056746179e-06, 3.46821866515e-06, 2.49618142334e-06, 2.03491094908e-06, 1.76321827894e-06, 1.58849172749e-06, 1.12860755053e-06, 7.55208191094e-07, 6.18212993686e-07, 6.28104089628e-07, 5.74895068439e-07, 5.70596796479e-07, 4.86198757699e-07, 3.86544456887e-07, 3.31858558411e-07, 2.73046083521e-07, 2.49328678592e-07, 2.03165370749e-07, 1.73390944269e-07, 1.53594442054e-07, 1.47356871594e-07, 1.40664994319e-07, 1.19602177051e-07, 1.19312133506e-07, 1.09134887794e-07, 9.20654343872e-08, 8.80567156969e-08, 7.93317127545e-08, 7.22682926835e-08, 6.59722303453e-08, 6.06643268952e-08, 5.5548763811e-08, 4.8575003575e-08, 4.33025100222e-08, 4.02980404601e-08, 3.72162602957e-08, 3.36524585975e-08, 2.77840737084e-08, 2.53916034865e-08, 2.24478959865e-08, 1.90667837074e-08, 1.64397420122e-08, 1.33888287124e-08, 6.07772765449e-09, 5.7099457107e-11, 1.16042340667e-11, 1.11245596068e-11, 1.06748368825e-11, 1.06336562819e-11, 1.01804623759e-11, 9.42894547162e-12, 9.04185840783e-12, 8.74398990713e-12, 8.39286713045e-12, 8.09617737435e-12, 7.77307645333e-12, 7.48032191744e-12, 7.22842358886e-12, 6.99853803382e-12, 6.78336510226e-12, 6.58361169401e-12, 6.41100497342e-12, 6.23205263436e-12, 6.08180216258e-12, 5.94683677302e-12, 5.84510348109e-12, 5.73773190418e-12, 5.60484514703e-12, 5.47958033115e-12, 5.39705129546e-12, 5.36278617e-12],
        "min": [5.3348915563e-11, 1.85026405308e-09, 7.51979545299e-09, 7.11530212527e-09, 4.90329377101e-09, 2.21727436411e-09, 6.78710199153e-10, 5.95084093113e-10, 9.06000274803e-10, 8.42123926148e-10, 1.07732089916e-09, 2.15434448059e-09, 3.64071550685e-09, 5.09584108244e-09, 6.01818417323e-09, 6.27866425518e-09, 6.35181107711e-09, 6.29546548225e-09, 4.84540896295e-09, 2.4519146713e-09, 1.44396883339e-09, 1.94429028433e-09, 1.71861302967e-09, 8.59533277886e-10, 5.26104215748e-10, 6.20449747135e-10, 1.14758447189e-09, 1.90002813483e-09, 2.06209116449e-09, 1.20476750798e-09, 2.70486910647e-10, 1.59229573971e-10, 4.94893737102e-10, 9.07926844818e-10, 1.11660070079e-09, 1.22157073346e-09, 1.4760522804e-09, 1.31339161769e-09, 1.60804025651e-09, 4.81241713146e-10, 1.90088411678e-09, 1.27820110052e-09, 5.16395481931e-10, 4.1817826979e-10, 2.40027164811e-10, 1.08052045089e-09, 8.56448079123e-10, 3.32313121465e-10, 3.89873584805e-11, 8.57410531463e-11, 5.83645132224e-10, 5.78692982423e-10, 5.65141378139e-10, 1.28737642768e-09, 8.16252510027e-10, 5.66471869412e-10, 5.60153978757e-10, 1.26581822801e-09, 8.02892974328e-10, 9.98370608407e-10, 1.16609921719e-09, 1.25704269216e-09, 9.6940178107e-10, 1.36051581112e-09, 1.13033049587e-09, 6.72098321441e-10, 7.5955693124e-11, 5.60928456461e-11, 8.65479840573e-11, 3.43260198044e-10, 2.57923904456e-10, 9.84190368092e-11, 5.56018425746e-11, 1.18030349383e-10, 1.27659091631e-10, 1.52509685436e-10, 3.67060999651e-11, 2.99891292355e-11, 4.99225834283e-11, 4.84700717063e-11, 1.3421973255e-10, 9.37879426899e-11, 2.36159078404e-11, 7.52476067567e-11, 5.91807505779e-11, 6.63937724243e-11, 3.5465068382e-11, 1.85869843822e-11, 3.43725430063e-11, 5.33115634971e-11, 4.71114362799e-11, 5.63380626872e-11, 7.25700818882e-11, 9.0599326652e-11, 1.08792370945e-10, 1.44541531522e-10, 1.94913168938e-10, 6.14259199061e-11, 3.62282460975e-11, 6.26758714373e-11, 3.38886280149e-11, 3.02711984168e-13, 6.2279384937e-14, 6.90739376504e-14, 4.55461372556e-14, 4.99312268235e-14, 7.41556474429e-14, 7.34081239263e-14, 7.2807225201e-14, 6.53258304113e-14, 6.2129297475e-14, 7.16513098311e-14, 6.97528379457e-14, 7.33365123728e-14, 6.5971960696e-14, 7.64485927362e-14, 6.67328131231e-14, 6.99134963789e-14, 8.00730534938e-14, 6.78410100449e-14, 6.73562971349e-14, 6.27423731459e-14, 6.20830359235e-14, 5.78912934843e-14, 4.82098661393e-14, 1.89291229989e-14, 2.19215599584e-15, 7.21068890958e-17],
        "stdev": [4.72905043125e-07, 2.02708974939e-06, 2.92051413453e-06, 7.2156412898e-06, 1.71867668541e-05, 3.07488335238e-05, 6.70092340442e-05, 0.0001231401111, 0.000118424737593, 0.000100246812508, 0.000205599091714, 0.000501908594742, 0.001073766849, 0.00117140286602, 0.000986477243714, 0.00117495213635, 0.00151176820509, 0.00208895420656, 0.00204277853481, 0.00211981823668, 0.00180246913806, 0.00124004436657, 0.00153141818009, 0.00187841104344, 0.00192051380873, 0.00189713889267, 0.00131349219009, 0.000810310768429, 0.000416257360484, 0.000268945324933, 0.000240899142227, 0.000248166150413, 0.000221717506065, 0.000228371703997, 0.000357807643013, 0.000131565277115, 0.000118166994071, 0.000113736670755, 0.000141541153425, 0.000116254173918, 0.000109067492303, 8.99226724869e-05, 9.6499978099e-05, 9.90059415926e-05, 9.01000894373e-05, 8.03339062259e-05, 6.75350383972e-05, 5.59353575227e-05, 4.24694517278e-05, 3.72484246327e-05, 4.19159987359e-05, 3.58933248208e-05, 2.6138864996e-05, 1.8672859369e-05, 1.22162946354e-05, 9.93783305603e-06, 1.06998795673e-05, 9.79452852334e-06, 7.869160072e-06, 5.74165142098e-06, 4.5032129492e-06, 4.14111991631e-06, 5.27531346961e-06, 2.73044042842e-06, 1.90500247754e-06, 1.58647162607e-06, 3.32800345859e-06, 1.94533663489e-06, 2.39621112996e-06, 2.19086336983e-06, 1.02287469872e-06, 1.00309011941e-06, 8.09930043033e-07, 8.86481700491e-07, 6.60188050006e-07, 4.29614487985e-07, 3.58796540922e-07, 3.98333185103e-07, 3.99069080004e-07, 3.09243290531e-07, 3.32732525976e-07, 3.24349372249e-07, 2.50036237048e-07, 2.9711563343e-07, 2.18818527742e-07, 2.10508758869e-07, 1.82741302979e-07, 1.78235211479e-07, 1.68864517036e-07, 1.25751014934e-07, 1.19503539509e-07, 1.13516477995e-07, 1.03347012725e-07, 1.13745024066e-07, 6.27046858881e-08, 5.54920447371e-08, 5.3575682557e-08, 4.28357900262e-08, 3.20736717185e-08, 2.74897171693e-08, 1.12214166847e-08, 4.34473068633e-10, 3.57452512034e-10, 3.43684830595e-10, 3.30315524932e-10, 3.16927373234e-10, 3.04273994889e-10, 2.91394380847e-10, 2.79791162461e-10, 2.6826293964e-10, 2.58295107525e-10, 2.48794873592e-10, 2.39768732646e-10, 2.30703775528e-10, 2.22933491112e-10, 2.15584453067e-10, 2.08965289517e-10, 2.03189895465e-10, 1.97779861932e-10, 1.91870352939e-10, 1.873114025e-10, 1.83048881608e-10, 1.79739612083e-10, 1.76641937188e-10, 1.73465658504e-10, 1.71712713493e-10, 1.7022250276e-10, 1.69297423303e-10]
    },
    "mfcc": {
        "mean": [-796.399353027, 152.226119995, -20.3200836182, -7.40029382706, -9.88241672516, -15.4966812134, -25.4198360443, -9.55955505371, -12.1519632339, -1.34413135052, -6.27536582947, 0.386839658022, -6.33938932419],
        "cov": [[9513.32714844, 1288.56738281, -3628.43676758, -1240.52709961, -1201.5958252, -534.684082031, -603.212768555, -105.359664917, 93.7966003418, 188.452606201, 114.682243347, 196.457550049, 50.0116119385], [1288.56738281, 1505.26843262, -392.548339844, -487.262878418, -320.361358643, -464.621307373, -249.079971313, -133.820449829, -19.4331512451, -23.4757328033, 65.5041885376, 84.7002944946, 16.4032325745], [-3628.43676758, -392.548339844, 1811.33520508, 577.154785156, 411.969512939, 199.474105835, 197.298126221, -30.3827133179, -84.4074401855, -97.2108764648, -111.990257263, -105.691963196, -11.1829013824], [-1240.52709961, -487.262878418, 577.154785156, 554.181091309, 358.73928833, 117.134498596, 26.568145752, -32.8719863892, -41.7462425232, -29.1861076355, -66.1765213013, -89.6128311157, -39.7095947266], [-1201.5958252, -320.361358643, 411.969512939, 358.73928833, 465.09362793, 103.531578064, -27.0016727448, -24.8043079376, -38.2086334229, -55.7892951965, -42.6582374573, -66.7042236328, -45.2193603516], [-534.684082031, -464.621307373, 199.474105835, 117.134498596, 103.531578064, 307.29296875, 192.130142212, 58.3794555664, 13.7091569901, 21.2844848633, -21.8133068085, -45.3073196411, -22.8549346924], [-603.212768555, -249.079971313, 197.298126221, 26.568145752, -27.0016727448, 192.130142212, 338.217468262, 143.834793091, 17.6858634949, 30.991317749, 14.6926317215, -31.260383606, -26.936756134], [-105.359664917, -133.820449829, -30.3827133179, -32.8719863892, -24.8043079376, 58.3794555664, 143.834793091, 197.921539307, 74.5519180298, -5.21633434296, 17.8192577362, 2.74148249626, -11.5604715347], [93.7966003418, -19.4331512451, -84.4074401855, -41.7462425232, -38.2086334229, 13.7091569901, 17.6858634949, 74.5519180298, 123.77456665, 45.2725906372, 10.9409008026, 5.60957241058, 2.62708377838], [188.452606201, -23.4757328033, -97.2108764648, -29.1861076355, -55.7892951965, 21.2844848633, 30.991317749, -5.21633434296, 45.2725906372, 127.319541931, 49.0987014771, -6.13999271393, -8.64477348328], [114.682243347, 65.5041885376, -111.990257263, -66.1765213013, -42.6582374573, -21.8133068085, 14.6926317215, 17.8192577362, 10.9409008026, 49.0987014771, 118.82800293, 47.8992652893, -14.3022031784], [196.457550049, 84.7002944946, -105.691963196, -89.6128311157, -66.7042236328, -45.3073196411, -31.260383606, 2.74148249626, 5.60957241058, -6.13999271393, 47.8992652893, 93.3548583984, 36.020362854], [50.0116119385, 16.4032325745, -11.1829013824, -39.7095947266, -45.2193603516, -22.8549346924, -26.936756134, -11.5604715347, 2.62708377838, -8.64477348328, -14.3022031784, 36.020362854, 79.4574356079]],
        "icov": [[0.000869087991305, -0.000473007676192, 0.00158103962895, -0.000842088833451, 0.00158488319721, -0.00107915280387, 0.00134789280128, -0.000662081933115, 0.000982822617516, -0.000538740830962, 0.000970034918282, -9.7607531643e-05, 0.000432225497207], [-0.000473007676192, 0.00230135722086, -0.00115135055967, 0.00227828347124, -0.00103730149567, 0.00346545828506, -0.00149734399747, 0.0021451623179, -0.00145603087731, 0.0011531135533, -0.000963181664702, 0.000527030904777, 0.000771440856624], [0.00158103962895, -0.00115135055967, 0.00395213579759, -0.00258969236165, 0.00256311777048, -0.00211301003583, 0.00137865927536, -0.000576769001782, 0.00156098289881, -0.000280753622064, 0.00184665177949, -7.88880352047e-05, 2.49171444011e-05], [-0.000842088833451, 0.00227828347124, -0.00258969236165, 0.00711102504283, -0.00441630510613, 0.00347706465982, -0.00184808357153, 0.00215071835555, -0.00120831432287, 1.72000454768e-05, -0.00032931799069, 0.00139346532524, 0.000773069623392], [0.00158488319721, -0.00103730149567, 0.00256311777048, -0.00441630510613, 0.00837072078139, -0.0040960717015, 0.00491245929152, -0.00224546808749, 0.00219332310371, 0.000760285882279, 0.000284804118564, 0.00101267336868, 0.00189690361731], [-0.00107915280387, 0.00346545828506, -0.00211301003583, 0.00347706465982, -0.0040960717015, 0.011929073371, -0.00738853309304, 0.00488498946652, -0.0038165205624, 0.00116054981481, -0.000267526658718, 0.00049385020975, 0.000690670975018], [0.00134789280128, -0.00149734399747, 0.00137865927536, -0.00184808357153, 0.00491245929152, -0.00738853309304, 0.012220306322, -0.00902925711125, 0.00643773190677, -0.00410812813789, 0.000919612299185, 0.000959180528298, 0.00130163610447], [-0.000662081933115, 0.0021451623179, -0.000576769001782, 0.00215071835555, -0.00224546808749, 0.00488498946652, -0.00902925711125, 0.0159531906247, -0.0109991589561, 0.00789088755846, -0.00368406507187, 0.00103074603248, 0.000446602934971], [0.000982822617516, -0.00145603087731, 0.00156098289881, -0.00120831432287, 0.00219332310371, -0.0038165205624, 0.00643773190677, -0.0109991589561, 0.017695242539, -0.00945108104497, 0.00478388508782, -0.00219021877274, 0.000271081487881], [-0.000538740830962, 0.0011531135533, -0.000280753622064, 1.72000454768e-05, 0.000760285882279, 0.00116054981481, -0.00410812813789, 0.00789088755846, -0.00945108104497, 0.0175204277039, -0.00999238248914, 0.0069592972286, -0.00214280816726], [0.000970034918282, -0.000963181664702, 0.00184665177949, -0.00032931799069, 0.000284804118564, -0.000267526658718, 0.000919612299185, -0.00368406507187, 0.00478388508782, -0.00999238248914, 0.0199848432094, -0.0131301144138, 0.00784867443144], [-9.7607531643e-05, 0.000527030904777, -7.88880352047e-05, 0.00139346532524, 0.00101267336868, 0.00049385020975, 0.000959180528298, 0.00103074603248, -0.00219021877274, 0.0069592972286, -0.0131301144138, 0.0244252402335, -0.0107750697061], [0.000432225497207, 0.000771440856624, 2.49171444011e-05, 0.000773069623392, 0.00189690361731, 0.000690670975018, 0.00130163610447, 0.000446602934971, 0.000271081487881, -0.00214280816726, 0.00784867443144, -0.0107750697061, 0.0203836467117]]
    },
    "spectral_contrast_coeffs": {
        "max": [-0.317364782095, -0.364957392216, -0.515263199806, -0.629546046257, -0.526933431625, -0.664264678955],
        "mean": [-0.670981764793, -0.754265725613, -0.806121528149, -0.823825418949, -0.815398812294, -0.792001068592],
        "min": [-0.91533434391, -0.943943738937, -0.937184512615, -0.931501746178, -0.912780880928, -0.893513560295],
        "stdev": [0.0993420556188, 0.105180829763, 0.0784885659814, 0.0589666590095, 0.0599391795695, 0.0426859408617]
    },
    "spectral_contrast_valleys": {
        "max": [-6.88523101807, -4.49934196472, -5.33475017548, -6.01065063477, -6.81953907013, -9.80639743805],
        "mean": [-8.75277423859, -7.19118785858, -8.11250114441, -8.40320682526, -9.18598842621, -12.2131671906],
        "min": [-11.6092443466, -11.0980939865, -11.7461652756, -11.9359445572, -11.8097038269, -13.9400777817],
        "stdev": [0.600093841553, 1.21204340458, 1.34337878227, 1.31255269051, 1.02171158791, 0.519796669483]
    }
},
"rhythm": {
    "beats_count": 83,
    "beats_loudness": {
        "max": 0.0855173766613,
        "mean": 0.0277007687837,
        "min": 2.12714021472e-05,
        "stdev": 0.0249812025577
    },
    "bpm": 96.2946853638,
    "bpm_histogram_first_peak_bpm": 96,
    "bpm_histogram_first_peak_weight": 0.461538434029,
    "bpm_histogram_second_peak_bpm": 103,
    "bpm_histogram_second_peak_spread": 0.480000019073,
    "bpm_histogram_second_peak_weight": 0.158536583185,
    "danceability": 1.28103327751,
    "onset_rate": 4.306640625,
    "beats_loudness_band_ratio": {
        "max": [0.746076226234, 0.884958803654, 0.92301851511, 0.784411787987, 0.378430664539, 0.135194718838],
        "mean": [0.075146086514, 0.236301884055, 0.531447172165, 0.136169329286, 0.0589767582715, 0.0117387976497],
        "min": [0.000428042636486, 0.00157269567717, 0.0165677815676, 0.00306002399884, 0.000776396540459, 0.000101813180663],
        "stdev": [0.165214434266, 0.254381299019, 0.302739202976, 0.136603578925, 0.0864896476269, 0.0251537449658]
    },
