{
"metadata": {
    "version": {
        "essentia": "2.1-beta5",
        "essentia_git_sha": "Undefined",
        "extractor": "music 2.0"
    },
    "audio_properties": {
        "analysis": {
            "equal_loudness": 0,
            "length": 50.0390014648,
            "sample_rate": 44100,
            "start_time": 158.998641968,
            "downmix": "mix"
        },
        "bit_rate": 192000,
        "length": 209.053604126,
        "lossless": 0,
        "number_channels": 2,
        "replay_gain": -2.2535572052,
        "sample_rate": 44100,
        "codec": "mp3",
        "md5_encoded": "a42f990888815c733f9d33c61a6638d7"
    },
    "tags": {
        "file_name": "Switzerland_Mikado_Simone Drexel.mp3",
        "encoding": ["Lavf58.29.100"]
    }
},
"lowlevel": {
    "average_loudness": 0.949870884418,
    "barkbands_crest": {
        "max": 24.7500762939,
        "mean": 9.05564880371,
        "min": 2.03587436676,
        "stdev": 3.66774964333
    },
    "barkbands_flatness_db": {
        "max": 0.324785917997,
        "mean": 0.154908195138,
        "min": 0.0556536056101,
        "stdev": 0.0399100594223
    },
    "barkbands_kurtosis": {
        "max": 71.1513595581,
        "mean": 3.55268001556,
        "min": -1.77384543419,
        "stdev": 5.45583868027
    },
    "barkbands_skewness": {
        "max": 6.98531579971,
        "mean": 1.00895953178,
        "min": -2.26138305664,
        "stdev": 1.34694468975
    },
    "barkbands_spread": {
        "max": 71.1040725708,
        "mean": 18.6614532471,
        "min": 1.38332021236,
        "stdev": 10.7251682281
    },
    "dissonance": {
        "max": 0.499904423952,
        "mean": 0.456313788891,
        "min": 0.307646453381,
        "stdev": 0.0307441931218
    },
    "dynamic_complexity": 3.11375904083,
    "erbbands_crest": {
        "max": 30.2657470703,
        "mean": 8.98344326019,
        "min": 2.6908800602,
        "stdev": 4.10915279388
    },
    "erbbands_flatness_db": {
        "max": 0.326810777187,
        "mean": 0.194401830435,
        "min": 0.0810991004109,
        "stdev": 0.0453083105385
    },
    "erbbands_kurtosis": {
        "max": 21.7057647705,
        "mean": 1.09849262238,
        "min": -1.7366309166,
        "stdev": 2.06471920013
    },
    "erbbands_skewness": {
        "max": 2.96028733253,
        "mean": 0.592226207256,
        "min": -2.6576230526,
        "stdev": 0.762281060219
    },
    "erbbands_spread": {
        "max": 122.567680359,
        "mean": 33.2285308838,
        "min": 3.43158793449,
        "stdev": 17.8903961182
    },
    "hfc": {
        "max": 119.427268982,
        "mean": 19.2704524994,
        "min": 1.05842080568e-16,
        "stdev": 18.2370491028
    },
    "loudness_ebu128": {
        "integrated": -22.1262397766,
        "loudness_range": 2.50541877747,
        "momentary": {
            "max": -18.4824428558,
            "mean": -43.5943031311,
            "min": -300.691009521,
            "stdev": 72.4100799561
        },
        "short_term": {
            "max": -20.3294792175,
            "mean": -29.7320537567,
            "min": -300.691009521,
            "stdev": 41.3011665344
        }
    },
    "melbands_crest": {
        "max": 29.1343688965,
        "mean": 10.7400035858,
        "min": 1.63442564011,
        "stdev": 4.82324886322
    },
    "melbands_flatness_db": {
        "max": 0.376750320196,
        "mean": 0.154891744256,
        "min": 0.00310860341415,
        "stdev": 0.0650846809149
    },
    "melbands_kurtosis": {
        "max": 118.49571991,
        "mean": 8.06376838684,
        "min": -1.78081655502,
        "stdev": 11.4194774628
    },
    "melbands_skewness": {
        "max": 9.15207958221,
        "mean": 1.73306500912,
        "min": -1.19281971455,
        "stdev": 1.46249175072
    },
    "melbands_spread": {
        "max": 221.54750061,
        "mean": 32.4741439819,
        "min": 1.70881843567,
        "stdev": 34.414604187
    },
    "pitch_salience": {
        "max": 0.901385962963,
        "mean": 0.605657815933,
        "min": 0.202921107411,
        "stdev": 0.107002750039
    },
    "silence_rate_20dB": {
        "max": 1,
        "mean": 1,
        "min": 1,
        "stdev": 0
    },
    "silence_rate_30dB": {
        "max": 1,
        "mean": 1,
        "min": 1,
        "stdev": 0
    },
    "silence_rate_60dB": {
        "max": 1,
        "mean": 0.128014847636,
        "min": 0,
        "stdev": 0.334106892347
    },
    "spectral_centroid": {
        "max": 11844.6630859,
        "mean": 2036.26831055,
        "min": 298.897155762,
        "stdev": 2704.72167969
    },
    "spectral_complexity": {
        "max": 50,
        "mean": 16.0102043152,
        "min": 0,
        "stdev": 8.93176841736
    },
    "spectral_decrease": {
        "max": 2.17127680816e-28,
        "mean": -4.84573803305e-09,
        "min": -3.22955777676e-08,
        "stdev": 4.02908995056e-09
    },
    "spectral_energy": {
        "max": 0.12920551002,
        "mean": 0.0200368668884,
        "min": 9.81467325915e-21,
        "stdev": 0.0165444593877
    },
    "spectral_energyband_high": {
        "max": 0.0135145364329,
        "mean": 0.000735556764994,
        "min": 6.94005422505e-21,
        "stdev": 0.00122627255041
    },
    "spectral_energyband_low": {
        "max": 0.0293439868838,
        "mean": 0.00158331647981,
        "min": 9.5883211019e-24,
        "stdev": 0.00258609815501
    },
    "spectral_energyband_middle_high": {
        "max": 0.0768312588334,
        "mean": 0.00741273257881,
        "min": 1.12993063526e-21,
        "stdev": 0.0101222200319
    },
    "spectral_energyband_middle_low": {
        "max": 0.114887557924,
        "mean": 0.01097152289,
        "min": 1.22476474174e-22,
        "stdev": 0.0112180067226
    },
    "spectral_entropy": {
        "max": 9.82579612732,
        "mean": 7.65981721878,
        "min": 5.92881393433,
        "stdev": 0.71750074625
    },
    "spectral_flux": {
        "max": 0.257215201855,
        "mean": 0.0764840468764,
        "min": 6.27089560834e-11,
        "stdev": 0.0449176728725
    },
    "spectral_kurtosis": {
        "max": 17.7229576111,
        "mean": 2.96831607819,
        "min": -1.30460774899,
        "stdev": 2.82152366638
    },
    "spectral_rms": {
        "max": 0.0112273842096,
        "mean": 0.00395073648542,
        "min": 3.09439670068e-12,
        "stdev": 0.00198489171453
    },
    "spectral_rolloff": {
        "max": 19724.4140625,
        "mean": 2980.50732422,
        "min": 193.798828125,
        "stdev": 4847.58740234
    },
    "spectral_skewness": {
        "max": 3.39277100563,
        "mean": 1.29427719116,
        "min": -0.25919008255,
        "stdev": 0.585011422634
    },
    "spectral_spread": {
        "max": 42922652,
        "mean": 7100609.5,
        "min": 2094727.375,
        "stdev": 9950256
    },
    "spectral_strongpeak": {
        "max": 10.6066989899,
        "mean": 1.32026398182,
        "min": 0,
        "stdev": 1.47545135021
    },
    "zerocrossingrate": {
        "max": 0.53125,
        "mean": 0.0997910052538,
        "min": 0.01318359375,
        "stdev": 0.122128799558
    },
    "barkbands": {
        "max": [0.000742243719287, 0.00772539433092, 0.0150912525132, 0.0254492685199, 0.108490630984, 0.0340141057968, 0.0296075865626, 0.0468312911689, 0.02495081909, 0.0421280786395, 0.0609654486179, 0.0357810631394, 0.0130983544514, 0.0230742916465, 0.0207561459392, 0.00894883926958, 0.0148598505184, 0.00875884667039, 0.00383506319486, 0.0044650118798, 0.0040470007807, 0.00470388960093, 0.00433784676716, 0.0106262816116, 0.00174598372541, 2.03019067158e-06, 2.05688434107e-06],
        "mean": [3.0076238545e-05, 0.000327366607962, 0.000837141647935, 0.000918819743674, 0.00358555535786, 0.00183857989032, 0.00144980207551, 0.00131116295233, 0.00136780599132, 0.00218570884317, 0.00106971943751, 0.00110207684338, 0.000639955862425, 0.00104737689253, 0.000443103112048, 0.000204537718673, 0.000386557017919, 0.000317978905514, 0.000176073765033, 0.000218590634177, 0.000151707121404, 0.000128175801365, 0.000138730771141, 0.000123788733617, 3.64282241208e-05, 1.83551152055e-09, 1.75067349506e-09],
        "min": [6.75232838091e-25, 1.5537802764e-24, 3.38702113518e-25, 3.78119224977e-25, 5.15765937303e-24, 7.91545398881e-24, 6.42144254776e-24, 2.9727870198e-24, 1.26463948324e-23, 1.20580465921e-23, 1.16584506782e-23, 1.95866353043e-23, 3.23589481144e-23, 2.72696750933e-23, 4.10585819078e-23, 6.2363354686e-23, 5.09740870145e-23, 8.22320093417e-23, 1.23364327656e-22, 1.67661126782e-22, 2.24036042699e-22, 2.90190498812e-22, 3.75786652816e-22, 5.18697426469e-22, 8.69722051014e-22, 1.25389695845e-21, 1.93738341429e-21],
        "stdev": [5.42838388355e-05, 0.000568004266825, 0.00149039085954, 0.00183678348549, 0.00601262273267, 0.00308846030384, 0.00233225082047, 0.00284615950659, 0.00237017334439, 0.00441242055967, 0.00365853565745, 0.00241647544317, 0.00115320179611, 0.00244213477708, 0.00113836303353, 0.000483957177494, 0.00106459215749, 0.000737369875424, 0.000294057361316, 0.000382722035283, 0.000303971755784, 0.000302412285237, 0.000338003999786, 0.000337363861036, 9.68536769506e-05, 4.3732192978e-08, 4.42855778715e-08]
    },
    "erbbands": {
        "max": [0.0964077562094, 2.21559524536, 15.2122507095, 63.799823761, 199.551055908, 543.910766602, 345.391235352, 370.298187256, 270.657592773, 717.042114258, 690.829711914, 651.889831543, 1348.39526367, 1650.62890625, 2983.35058594, 1420.70117188, 546.249145508, 627.459716797, 1389.70361328, 732.487487793, 498.590576172, 726.658508301, 384.526977539, 367.854766846, 95.0063247681, 239.897033691, 252.088897705, 169.303100586, 125.333534241, 213.897994995, 171.992492676, 107.471580505, 221.33152771, 45.9601898193, 2.67459750175, 0.0754196941853, 0.00646565854549, 0.00129993085284, 0.000297149061225, 0.000157991089509],
        "mean": [0.00363865518011, 0.10330260545, 0.792348563671, 2.22485899925, 6.80252313614, 12.4869041443, 16.7540435791, 14.4781780243, 19.8114490509, 23.9329910278, 30.4108009338, 29.363325119, 58.4848098755, 52.0697784424, 45.4843864441, 44.6266860962, 31.4411087036, 36.4421806335, 47.1887359619, 16.9692783356, 13.3162231445, 22.6695423126, 17.5673046112, 13.4078330994, 6.55423593521, 10.0128602982, 9.22778320312, 4.47858572006, 4.49094057083, 4.48329305649, 4.10458898544, 3.03654193878, 1.72464764118, 0.802304387093, 0.0361255556345, 0.0012016025139, 0.000115220740554, 2.13238545257e-05, 1.54543758981e-05, 2.54802471318e-05],
        "min": [4.84101944092e-23, 5.25655457332e-22, 8.97329607855e-22, 2.33338684293e-21, 1.16340691334e-20, 2.04347409383e-20, 4.30520334658e-20, 4.69324443481e-20, 1.22018937272e-19, 2.30675030242e-19, 1.87398491557e-19, 3.74670605426e-19, 4.89705191497e-19, 7.37490297613e-19, 5.91469758441e-19, 8.98967378616e-19, 1.81749778551e-18, 1.45362579034e-18, 2.49038315764e-18, 3.13054857345e-18, 3.33419506359e-18, 3.91866185926e-18, 4.72132483846e-18, 5.84282458476e-18, 7.72525728913e-18, 7.37872072485e-18, 8.60346005623e-18, 8.23646152514e-18, 9.87813876273e-18, 9.62325546468e-18, 1.10089368463e-17, 9.93168960841e-18, 8.65078967652e-18, 8.18413738831e-18, 5.47845690161e-18, 4.1412689834e-18, 2.02824396685e-18, 8.65188993013e-19, 2.36297868004e-19, 2.48665662497e-20],
        "stdev": [0.00521859666333, 0.174893632531, 1.27185165882, 4.36851167679, 12.9935388565, 25.4471645355, 29.5539398193, 27.7672710419, 30.6647586823, 43.4033508301, 56.8845672607, 50.3355903625, 111.850143433, 115.669250488, 162.645858765, 94.3536376953, 52.7427787781, 66.9895935059, 108.566238403, 40.1491928101, 29.9288806915, 60.5245132446, 39.0256996155, 25.8652381897, 9.04133987427, 18.3232936859, 17.6908607483, 9.72953510284, 9.90397930145, 12.1510038376, 9.8434753418, 6.77303266525, 6.01214122772, 2.27185249329, 0.108483739197, 0.00337626668625, 0.000287950359052, 5.15268802701e-05, 1.5988094674e-05, 2.07033863262e-05]
    },
    "gfcc": {
        "mean": [-124.886497498, 105.877922058, -146.954666138, 35.5278396606, -85.7228088379, 17.8393554688, -38.8813819885, -7.52845907211, -12.6238851547, -20.2262306213, 2.69989728928, -21.6068248749, 3.15518808365],
        "cov": [[116449.210938, 10539.5283203, -14656.0097656, 3684.78955078, -8575.71386719, 1729.33544922, -3914.82226562, -706.998840332, -1364.36035156, -2103.71484375, 267.116363525, -2237.6171875, 319.681671143], [10539.5283203, 1701.33752441, -1209.12792969, 230.800491333, -705.266418457, 31.8545360565, -312.14855957, -166.940567017, -88.087562561, -267.515594482, 23.2882957458, -273.569885254, 34.1631355286], [-14656.0097656, -1209.12792969, 2506.71191406, -290.874023438, 954.721801758, -257.08605957, 350.174468994, 89.6061706543, 174.97479248, 251.61769104, -95.4350891113, 299.162109375, -87.6457290649], [3684.78955078, 230.800491333, -290.874023438, 421.664367676, -277.352416992, -10.8573818207, -187.886169434, -7.5211687088, -20.2243766785, -71.8052749634, -11.6679811478, -24.5050792694, 0.658696532249], [-8575.71386719, -705.266418457, 954.721801758, -277.352416992, 830.159057617, -98.4448852539, 343.22769165, 52.9945640564, 90.1909942627, 136.554595947, -5.9104514122, 143.697494507, -7.52112960815], [1729.33544922, 31.8545360565, -257.08605957, -10.8573818207, -98.4448852539, 265.059875488, 23.6437797546, 1.24511837959, -40.6683006287, 1.93571186066, -5.43087911606, -52.6653671265, -19.9300899506], [-3914.82226562, -312.14855957, 350.174468994, -187.886169434, 343.22769165, 23.6437797546, 304.196685791, 20.1211776733, 22.410692215, 66.126625061, 1.91617786884, 33.1374855042, -18.762430191], [-706.998840332, -166.940567017, 89.6061706543, -7.5211687088, 52.9945640564, 1.24511837959, 20.1211776733, 106.075340271, 26.3866291046, 27.785484314, -7.38528442383, 25.4322853088, -3.21674609184], [-1364.36035156, -88.087562561, 174.97479248, -20.2243766785, 90.1909942627, -40.6683006287, 22.410692215, 26.3866291046, 94.5892028809, 42.9358673096, -6.19388437271, 34.2635955811, -4.2890920639], [-2103.71484375, -267.515594482, 251.61769104, -71.8052749634, 136.554595947, 1.93571186066, 66.126625061, 27.785484314, 42.9358673096, 108.539268494, 14.7382669449, 43.9132995605, -6.9805521965], [267.116363525, 23.2882957458, -95.4350891113, -11.6679811478, -5.9104514122, -5.43087911606, 1.91617786884, -7.38528442383, -6.19388437271, 14.7382669449, 62.8566703796, 11.4369468689, 3.61117625237], [-2237.6171875, -273.569885254, 299.162109375, -24.5050792694, 143.697494507, -52.6653671265, 33.1374855042, 25.4322853088, 34.2635955811, 43.9132995605, 11.4369468689, 110.014083862, 10.9259624481], [319.681671143, 34.1631355286, -87.6457290649, 0.658696532249, -7.52112960815, -19.9300899506, -18.762430191, -3.21674609184, -4.2890920639, -6.9805521965, 3.61117625237, 10.9259624481, 54.8259468079]],
        "icov": [[0.000459826580482, -0.000889476679731, 0.00104165892117, -0.00117068376858, 0.00137013406493, -0.00119745184202, 0.00139045296237, -0.000915564189199, 0.00111789267976, 0.00039971631486, -0.000542967638467, 0.00105680106208, -0.000309357128572], [-0.000889476679731, 0.00390463508666, -0.00222910079174, 0.00230661616661, -0.00195164105389, 0.0023581571877, -0.00228634453379, 0.00325952656567, -0.00442484440282, 0.00303610344417, -0.00164315558504, 0.0022571303416, -0.00114071497228], [0.00104165892117, -0.00222910079174, 0.00388130242936, -0.00249115936458, 0.00219703372568, -0.00172630464658, 0.00312426476739, -0.0017791679129, 0.00322011578828, -0.00130485976115, 0.00219042901881, -0.000625286309514, 0.00225464929827], [-0.00117068376858, 0.00230661616661, -0.00249115936458, 0.00656383857131, -0.0029340472538, 0.00327529362403, -0.00213738530874, 0.0020751778502, -0.00303618516773, 7.31715408619e-05, 0.00213321391493, -0.00376734207384, 0.00188799062744], [0.00137013406493, -0.00195164105389, 0.00219703372568, -0.0029340472538, 0.00828360952437, -0.00305198482238, 0.00115351867862, -0.00252123503014, 0.00181781628635, 0.00239117234014, -0.00295734638348, 0.00342518812977, -0.00299286004156], [-0.00119745184202, 0.0023581571877, -0.00172630464658, 0.00327529362403, -0.00305198482238, 0.00878440681845, -0.00492659583688, 0.00207740766928, -0.000592057942413, -0.00401489250362, 0.00426718220115, -0.0028924967628, 0.00366206443869], [0.00139045296237, -0.00228634453379, 0.00312426476739, -0.00213738530874, 0.00115351867862, -0.00492659583688, 0.0120533779263, -0.0026500527747, 0.00362582760863, 0.00143401313107, -0.00266754813492, 0.00529014086351, 0.000261771987425], [-0.000915564189199, 0.00325952656567, -0.0017791679129, 0.0020751778502, -0.00252123503014, 0.00207740766928, -0.0026500527747, 0.0138536728919, -0.00542955007404, -0.000382849713787, 0.00185903371312, -0.00173233158421, 0.000502800510731], [0.00111789267976, -0.00442484440282, 0.00322011578828, -0.00303618516773, 0.00181781628635, -0.000592057942413, 0.00362582760863, -0.00542955007404, 0.0205719731748, -0.00884750206023, 0.00521418312564, -0.00393921835348, 0.00330404262058], [0.00039971631486, 0.00303610344417, -0.00130485976115, 7.31715408619e-05, 0.00239117234014, -0.00401489250362, 0.00143401313107, -0.000382849713787, -0.00884750206023, 0.0253520198166, -0.013039316982, 0.0083682211116, -0.0052456445992], [-0.000542967638467, -0.00164315558504, 0.00219042901881, 0.00213321391493, -0.00295734638348, 0.00426718220115, -0.00266754813492, 0.00185903371312, 0.00521418312564, -0.013039316982, 0.028702288866, -0.0145048378035, 0.00775535358116], [0.00105680106208, 0.0022571303416, -0.000625286309514, -0.00376734207384, 0.00342518812977, -0.0028924967628, 0.00529014086351, -0.00173233158421, -0.00393921835348, 0.0083682211116, -0.0145048378035, 0.0305707678199, -0.0117753027007], [-0.000309357128572, -0.00114071497228, 0.00225464929827, 0.00188799062744, -0.00299286004156, 0.00366206443869, 0.000261771987425, 0.000502800510731, 0.00330404262058, -0.0052456445992, 0.00775535358116, -0.0117753027007, 0.0268019419163]]
    },
    "melbands": {
        "max": [0.00153661880177, 0.00600675679743, 0.0124192489311, 0.0199204422534, 0.0158379822969, 0.00754001876339, 0.00424986518919, 0.00969286449254, 0.00493996590376, 0.00369726261124, 0.00667792046443, 0.00684477202594, 0.00885355379432, 0.00457634031773, 0.00277833198197, 0.00153551332187, 0.00120136747137, 0.0022791067604, 0.000893339980394, 0.000637290126178, 0.000699176278431, 0.000884478678927, 0.000416813301854, 0.000404081481975, 0.000310225557769, 0.000112412402814, 8.00488633104e-05, 0.000187059733435, 0.000207971315831, 0.000135290625622, 0.000104788014141, 6.66825580993e-05, 0.000131597116706, 0.000113729307486, 0.000138442366733, 5.35892359039e-05, 8.25371098472e-05, 0.00015345418069, 0.000119958676805, 3.18737183989e-05],
        "mean": [6.09101698501e-05, 0.000329838687321, 0.000513117585797, 0.000690840533935, 0.000602517393418, 0.000336437951773, 0.000299538020045, 0.00027164092171, 0.000249760749284, 0.000181911760592, 0.000306571426336, 0.000229423356359, 0.000146912032505, 0.00012444445747, 0.000108651176561, 5.59729851375e-05, 7.12572291377e-05, 9.14168995223e-05, 2.97212227451e-05, 1.5181708477e-05, 1.54356966959e-05, 2.46702093136e-05, 1.80799852387e-05, 1.43948782352e-05, 1.07712839963e-05, 5.33654429091e-06, 4.28352677773e-06, 7.44544604458e-06, 6.84237647874e-06, 3.5870418742e-06, 2.11368796954e-06, 2.22393646254e-06, 3.00822216559e-06, 2.32734487327e-06, 2.50265247814e-06, 2.06845538742e-06, 1.71598878751e-06, 1.19835669921e-06, 1.08702067791e-06, 5.19552656897e-07],
        "min": [9.65257796415e-25, 6.81350503715e-25, 7.31403037898e-25, 8.58085421806e-25, 1.14308114534e-24, 1.21230309813e-24, 1.91223019148e-24, 2.60520229265e-24, 1.63936971246e-24, 2.05420878555e-24, 2.1567563645e-24, 2.30834762313e-24, 1.61127048702e-24, 2.4274342626e-24, 2.62506857126e-24, 3.00577225248e-24, 2.59057405046e-24, 2.3591628872e-24, 3.95538683853e-24, 1.98647817431e-24, 3.28852208901e-24, 3.30351478495e-24, 3.22420566776e-24, 3.39598703241e-24, 3.64389879922e-24, 3.50110748119e-24, 4.24612073629e-24, 4.02024737659e-24, 4.23240402287e-24, 4.94166373516e-24, 4.43962239988e-24, 3.79353585218e-24, 5.52032318585e-24, 4.63902237647e-24, 6.07805100129e-24, 5.66084928979e-24, 4.99176586897e-24, 5.44620339292e-24, 5.24855508198e-24, 5.16038567632e-24],
        "stdev": [9.77487652563e-05, 0.000518568907864, 0.000902056519408, 0.00120465178043, 0.00105000333861, 0.000590818410274, 0.000459922390291, 0.000525155803189, 0.000456662586657, 0.00032472552266, 0.000589968578424, 0.000514384533744, 0.000509681005497, 0.000337908073561, 0.000222288450459, 0.000112564797746, 0.000144819845445, 0.000229165016208, 7.55734436098e-05, 3.90522000089e-05, 4.2012281483e-05, 7.27932929294e-05, 4.33479326603e-05, 3.34996111633e-05, 2.16400894715e-05, 8.61249282025e-06, 6.40443022348e-06, 1.45671920109e-05, 1.37779288707e-05, 8.17437557998e-06, 4.99041016155e-06, 5.04042645844e-06, 7.78778576205e-06, 6.87004421707e-06, 6.60999285174e-06, 4.34734056398e-06, 4.16216562371e-06, 4.15484510086e-06, 3.7220095237e-06, 1.49863365095e-06]
    },
    "melbands128": {
        "max": [0.000316494813887, 0.000356721197022, 0.00187565025408, 0.00447143102065, 0.00841164868325, 0.00952521897852, 0.013651818037, 0.0123822018504, 0.026198040694, 0.0159516166896, 0.0387689881027, 0.0297669991851, 0.0167117677629, 0.00726795056835, 0.00849955715239, 0.0125975180417, 0.00561143271625, 0.0053308615461, 0.0113293556497, 0.00709961727262, 0.0173820778728, 0.0111049609259, 0.00752545287833, 0.00796331558377, 0.00680268323049, 0.00610999297351, 0.00652457447723, 0.0129683241248, 0.01200782042, 0.011506466195, 0.0110429907218, 0.00638600206003, 0.0112016312778, 0.0181793104857, 0.00587130105123, 0.00935644004494, 0.00339114735834, 0.00582097377628, 0.00202082935721, 0.00206853682175, 0.00329748750664, 0.00139809795655, 0.00267414818518, 0.00214225868694, 0.0060578933917, 0.0043013500981, 0.00258727744222, 0.00141443777829, 0.00177585787605, 0.00124272576068, 0.0012521360768, 0.00109473208431, 0.000899339152966, 0.000860021507833, 0.00321525218897, 0.00195016013458, 0.00123305106536, 0.000642437662464, 0.001041435753, 0.00063304771902, 0.000807037693448, 0.000778083107434, 0.000609470123891, 0.000368092296412, 0.000372350419639, 0.000180943039595, 0.000128288971609, 9.33789851842e-05, 0.000133660854772, 0.000161192176165, 0.000359295343515, 0.000288896757411, 0.000350933580194, 0.000333657488227, 0.00043214316247, 0.000279600091744, 0.000331106421072, 0.000110419496195, 0.000139472540468, 8.16559258965e-05, 0.000111770932563, 0.000121999561088, 9.78441967163e-05, 0.000160164650879, 0.000145803584019, 0.000113806891022, 0.000138293355121, 0.00011138625996, 0.000263360736426, 9.57340816967e-05, 8.10087294667e-05, 7.92565915617e-05, 7.74988438934e-05, 8.61676599015e-05, 9.53114868025e-05, 0.000109335880552, 0.000133623703732, 0.000289570132736, 0.000132308865432, 4.19394345954e-05, 4.41784541181e-05, 5.12067890668e-05, 3.08532344206e-06, 2.32134862443e-08, 1.77987402594e-08, 1.681450712e-08, 1.58780473214e-08, 1.50531267451e-08, 1.43152396603e-08, 1.35665834122e-08, 1.28989050552e-08, 1.22811076864e-08, 1.17249410181e-08, 1.13260165691e-08, 1.08252038444e-08, 1.04133555112e-08, 1.00588710694e-08, 9.68944480206e-09, 9.39675803835e-09, 9.15225140119e-09, 8.921912098e-09, 8.66455707182e-09, 8.47842063223e-09, 8.30191737577e-09, 8.19471246416e-09, 8.06453304136e-09, 8.01786637084e-09, 7.96634047617e-09],
        "mean": [1.5202562281e-05, 1.59088976943e-05, 5.13899649377e-05, 0.000197188419406, 0.000351520051481, 0.000428153842222, 0.000413674628362, 0.000491670507472, 0.000742954027373, 0.000661326223053, 0.00070769933518, 0.000721970573068, 0.000627541623544, 0.000390467146644, 0.000285265065031, 0.000330194918206, 0.000354256480932, 0.000276448670775, 0.000259842170635, 0.000257604755461, 0.000294559489703, 0.000279474741546, 0.000232089063502, 0.000248639815254, 0.000165678822668, 0.000159448449267, 0.000200130933081, 0.000288405106403, 0.000479717302369, 0.00025852327235, 0.000144773963257, 0.000142210396007, 0.000151415006258, 0.000157686561579, 0.00011738435569, 0.000129276508233, 9.49237801251e-05, 0.000158490554895, 6.97497816873e-05, 5.00078567711e-05, 5.53241588932e-05, 6.0493228375e-05, 5.17178414157e-05, 6.78018695908e-05, 0.000159789691679, 8.25710376375e-05, 3.94147464249e-05, 3.18850943586e-05, 2.53447251453e-05, 1.75938494067e-05, 1.41677282954e-05, 1.14010226753e-05, 1.48660474224e-05, 1.52976317622e-05, 2.15753589146e-05, 2.98962877423e-05, 2.3800170311e-05, 1.69179420482e-05, 1.86800752999e-05, 1.41025111589e-05, 1.51349540829e-05, 1.32629593281e-05, 1.24685020637e-05, 9.49837976805e-06, 9.17512625165e-06, 4.82226414533e-06, 3.39311054631e-06, 3.93993832404e-06, 4.20884589403e-06, 4.90450429425e-06, 7.51461902837e-06, 8.43275756779e-06, 9.39356323215e-06, 6.14197688265e-06, 4.66269193566e-06, 3.69466715711e-06, 3.19907348967e-06, 2.7609648896e-06, 1.79102858056e-06, 1.64266828051e-06, 1.90360867691e-06, 2.35288484873e-06, 3.24896905113e-06, 3.54230883204e-06, 2.30137379731e-06, 2.22065796152e-06, 2.38153347709e-06, 2.38762254412e-06, 2.94279629998e-06, 2.16754392568e-06, 1.86283864423e-06, 2.14255464925e-06, 2.2790688945e-06, 1.73164949047e-06, 1.39134692745e-06, 1.19533581255e-06, 1.17534204946e-06, 1.16464366329e-06, 1.0914949371e-06, 1.13194141704e-06, 8.17300474409e-07, 4.87438683194e-07, 2.07560759691e-08, 5.5467904575e-11, 1.51608933741e-11, 1.39969928009e-11, 1.31252396104e-11, 1.26106416976e-11, 1.20261899397e-11, 1.15780909166e-11, 1.17932148422e-11, 1.15786347524e-11, 1.10938125006e-11, 1.07506998095e-11, 1.03232804249e-11, 9.71060992033e-12, 9.06889147112e-12, 8.19257769263e-12, 7.85860352487e-12, 7.68060441636e-12, 7.50157921892e-12, 7.3277876822e-12, 7.1702357593e-12, 7.02364512037e-12, 6.945370494e-12, 6.87034326999e-12, 6.82921557846e-12, 6.77766393356e-12],
        "min": [1.63596393493e-26, 1.92196505552e-25, 2.12550706955e-25, 3.04114088046e-25, 4.50719819718e-25, 1.83502555797e-25, 2.19844416277e-25, 9.12887527262e-26, 3.40051805223e-25, 5.47080658405e-25, 3.07390966943e-25, 2.32436041483e-25, 6.90854354774e-25, 3.61023475173e-25, 3.35710999485e-25, 6.62710213563e-25, 5.54190267313e-25, 5.40362225898e-25, 9.0549596221e-25, 5.45335845994e-25, 2.20055535176e-25, 3.61981398831e-25, 3.33814232742e-25, 6.33519056714e-25, 6.64739952672e-25, 5.14463034911e-25, 8.89231030851e-25, 8.99954805997e-25, 6.86699227171e-25, 9.62776040007e-25, 1.30735709012e-24, 9.54269062613e-25, 5.06325540243e-25, 4.89610613041e-25, 9.57307557604e-25, 1.22826402222e-24, 3.31606556195e-25, 1.29106267508e-24, 8.64204813063e-25, 1.36254925031e-24, 6.78218430098e-25, 1.53938869247e-24, 6.17793508999e-25, 8.90585011987e-25, 2.1888119246e-25, 1.10990352921e-24, 1.30562376549e-24, 1.50364708119e-24, 1.31157434052e-24, 1.1311735858e-24, 6.90729764055e-25, 1.0822101727e-24, 1.7063917294e-24, 2.57006248363e-24, 1.86151274616e-24, 1.70929335703e-24, 1.57397728494e-24, 1.24856742837e-24, 2.37388145397e-24, 1.25791247187e-24, 1.95480757833e-24, 2.01597348634e-24, 2.4035256635e-24, 1.22803811217e-24, 1.89853951047e-24, 2.02171639373e-24, 1.81581206177e-24, 2.00968863151e-24, 2.33727199708e-24, 2.38141823106e-24, 2.59974357241e-24, 2.87346627639e-24, 2.66080357584e-24, 1.98905498845e-24, 2.19906948295e-24, 3.45481988429e-24, 2.09828362762e-24, 2.63490862498e-24, 3.07141967929e-24, 2.56790061032e-24, 1.72391942985e-24, 2.18786943303e-24, 3.07833838386e-24, 2.782852388e-24, 2.60760713512e-24, 3.32659093858e-24, 2.43905576146e-24, 3.5905118486e-24, 3.54891284648e-24, 4.13094309982e-24, 3.69758670028e-24, 3.00572038487e-24, 3.24371242301e-24, 2.96947814273e-24, 3.88409984511e-24, 3.87517703941e-24, 3.14966600361e-24, 2.66449564209e-24, 3.0287188357e-24, 3.72306651308e-24, 3.88397599395e-24, 2.80923584098e-24, 3.19757214588e-24, 5.19015768132e-24, 4.16403463151e-24, 3.44543520053e-24, 5.01858832304e-24, 3.63486555299e-24, 5.49313036159e-24, 4.52828444917e-24, 4.83939620184e-24, 5.08916928595e-24, 4.19632665266e-24, 5.19984094893e-24, 4.29274202136e-24, 4.52524970127e-24, 5.17036358348e-24, 4.92613106393e-24, 5.67759601794e-24, 5.43469351788e-24, 5.51119448746e-24, 3.99054045262e-24, 5.41887606787e-24, 5.33043687179e-24, 6.15305274071e-24, 5.48327630559e-24, 4.9154061055e-24, 4.91950621005e-24],
        "stdev": [2.31933354371e-05, 2.31048143178e-05, 9.81498160399e-05, 0.000360002799425, 0.000604312983342, 0.000858210143633, 0.000988907064311, 0.00104813033249, 0.00163027329836, 0.00127848272678, 0.0017715448048, 0.00160546950065, 0.0012566447258, 0.000817531719804, 0.000709429848939, 0.000896325975191, 0.00065118772909, 0.000527031777892, 0.00058803911088, 0.000560113054235, 0.000858606712427, 0.000735166831873, 0.000537954154424, 0.000586821639445, 0.000399380573072, 0.000437569455244, 0.00055071717361, 0.000803851173259, 0.00113726686686, 0.000774036569055, 0.000551825389266, 0.000495399755891, 0.000608301779721, 0.000963089521974, 0.000372936861822, 0.0005340637872, 0.000222110393224, 0.000420007389039, 0.000159814109793, 0.000145774843986, 0.000177257374162, 0.000137954179081, 0.000153194734594, 0.000189287908142, 0.000512995524332, 0.00025959071354, 0.000147524639033, 0.000101834950328, 0.000100562574517, 6.10635179328e-05, 5.03150658915e-05, 4.17675837525e-05, 4.6179331548e-05, 5.44585200259e-05, 0.000113767644507, 0.000117766991025, 8.00522539066e-05, 5.25075229234e-05, 6.00624189246e-05, 3.88639564335e-05, 4.95122403663e-05, 4.0142396756e-05, 3.53982504748e-05, 2.35052375501e-05, 2.09160207305e-05, 9.77237232291e-06, 6.74585953675e-06, 7.13216195436e-06, 7.89943624113e-06, 1.12492407425e-05, 2.05632804864e-05, 1.89726833923e-05, 2.44476414082e-05, 1.53650216816e-05, 1.41727514347e-05, 1.07298628791e-05, 1.05585659185e-05, 6.96888582752e-06, 5.03647788719e-06, 4.18017953052e-06, 5.37266532774e-06, 6.36893355477e-06, 7.6736050687e-06, 1.05686758616e-05, 8.03056173027e-06, 7.17066950529e-06, 7.63352818467e-06, 6.76685158396e-06, 9.89484396996e-06, 5.37819323654e-06, 4.29026658821e-06, 4.9655368457e-06, 5.40924293091e-06, 4.78121364722e-06, 3.61451247954e-06, 3.52861661668e-06, 3.94466906073e-06, 6.92494495524e-06, 4.3023883336e-06, 2.80006815956e-06, 2.39278392655e-06, 1.75557659077e-06, 9.56824877107e-08, 6.93313406686e-10, 3.83323289777e-10, 3.62169377821e-10, 3.41904587975e-10, 3.2418631668e-10, 3.08280428962e-10, 2.92149082703e-10, 2.77968176254e-10, 2.64680860562e-10, 2.52721510385e-10, 2.44103015579e-10, 2.33368879776e-10, 2.24460658393e-10, 2.16728579527e-10, 2.08620287712e-10, 2.02314928699e-10, 1.97050278872e-10, 1.92091217932e-10, 1.86549470316e-10, 1.82542508886e-10, 1.78741396684e-10, 1.76433104238e-10, 1.73630318456e-10, 1.72625538863e-10, 1.71516606473e-10]
    },
    "mfcc": {
        "mean": [-688.558654785, 104.273277283, -1.00227987766, 1.48432195187, -10.0160140991, -0.3984772861, -5.39126348495, -0.909837603569, -9.21313285828, -0.826685190201, -5.85685014725, -2.06861972809, -7.4537024498],
        "cov": [[32226.5605469, 4990.44140625, -203.137695312, 173.262054443, -515.256164551, -116.808784485, -181.029327393, -32.6705970764, -511.756439209, -12.3979177475, -379.809265137, -102.037055969, -474.933807373], [4990.44140625, 1733.07775879, -1.81946659088, -5.80685997009, -95.1590499878, -9.76350879669, -48.3417282104, -39.042427063, -84.3034362793, -16.3519763947, -48.3529968262, -73.9279174805, -86.9427719116], [-203.137695312, -1.81946659088, 669.329101562, 122.125854492, 57.8623809814, -18.3154525757, -138.47303772, -23.1307315826, 5.98382329941, -71.0023269653, 26.9851455688, 3.98154139519, 34.4384536743], [173.262054443, -5.80685997009, 122.125854492, 324.366577148, 72.2946166992, -67.9317855835, -94.7492370605, -4.84750509262, 2.82353901863, -65.6033630371, -39.4322509766, 55.4863739014, 2.83606886864], [-515.256164551, -95.1590499878, 57.8623809814, 72.2946166992, 165.223754883, -12.5982484818, -38.773349762, 4.95375108719, 27.0802497864, -27.480638504, -13.0245962143, 29.7331161499, 22.6278953552], [-116.808784485, -9.76350879669, -18.3154525757, -67.9317855835, -12.5982484818, 167.523330688, 77.9154663086, 18.2261066437, 2.6743388176, 37.4921302795, 18.187461853, -43.4282188416, 6.55490922928], [-181.029327393, -48.3417282104, -138.47303772, -94.7492370605, -38.773349762, 77.9154663086, 187.969024658, 34.9070625305, -6.31479644775, 45.5985641479, 15.3933782578, -31.9455490112, -13.4661684036], [-32.6705970764, -39.042427063, -23.1307315826, -4.84750509262, 4.95375108719, 18.2261066437, 34.9070625305, 76.6034011841, 17.5600242615, 6.9880566597, 6.13201570511, -3.21134662628, -3.36078667641], [-511.756439209, -84.3034362793, 5.98382329941, 2.82353901863, 27.0802497864, 2.6743388176, -6.31479644775, 17.5600242615, 87.7696609497, 15.681728363, 11.0858697891, 0.716941893101, 9.26236152649], [-12.3979177475, -16.3519763947, -71.0023269653, -65.6033630371, -27.480638504, 37.4921302795, 45.5985641479, 6.9880566597, 15.681728363, 99.2666473389, 22.8056926727, -23.9780521393, -11.7076864243], [-379.809265137, -48.3529968262, 26.9851455688, -39.4322509766, -13.0245962143, 18.187461853, 15.3933782578, 6.13201570511, 11.0858697891, 22.8056926727, 77.7502441406, 6.19563531876, 7.03646087646], [-102.037055969, -73.9279174805, 3.98154139519, 55.4863739014, 29.7331161499, -43.4282188416, -31.9455490112, -3.21134662628, 0.716941893101, -23.9780521393, 6.19563531876, 88.3609008789, 21.5872020721], [-474.933807373, -86.9427719116, 34.4384536743, 2.83606886864, 22.6278953552, 6.55490922928, -13.4661684036, -3.36078667641, 9.26236152649, -11.7076864243, 7.03646087646, 21.5872020721, 68.3393478394]],
        "icov": [[6.91004242981e-05, -0.000175958892214, -1.51379717863e-05, -1.34352767418e-05, 0.000114855196443, -4.20203432441e-05, 7.02353208908e-05, -0.000149614323163, 0.000204479103559, -0.000129301057314, 0.000258387270151, -0.000207774501177, 0.000226195523283], [-0.000175958892214, 0.00113125320058, 5.43456735613e-05, 3.61284801329e-05, -4.05948558182e-05, 2.3721044272e-05, 0.000163209260791, 0.000495165179018, -6.04224260314e-05, 0.000449788029073, -0.000447298953077, 0.00095355103258, 8.52361699799e-05], [-1.51379717863e-05, 5.43456735613e-05, 0.00212543224916, -0.000596538302489, -0.0003072944819, -0.000399441691115, 0.0013717393158, 0.000150071267853, 8.58284183778e-05, 0.00117638567463, -0.00172014639247, 0.00132976088207, -0.000717675546184], [-1.34352767418e-05, 3.61284801329e-05, -0.000596538302489, 0.00470991060138, -0.000997979193926, 0.000278974941466, 0.000991488457657, -0.000565783819184, -0.00022462187917, 0.00108504574746, 0.00194802810438, -0.00225241086446, 0.0012562306365], [0.000114855196443, -4.05948558182e-05, -0.0003072944819, -0.000997979193926, 0.00807390827686, -0.00080606964184, 0.000742629170418, -0.000696583651006, -0.00185337965377, 0.000698146701325, 0.00186355237383, -0.00186819734517, -0.000772081955802], [-4.20203432441e-05, 2.3721044272e-05, -0.000399441691115, 0.000278974941466, -0.00080606964184, 0.00893932301551, -0.00304921460338, -0.000604569853749, 0.00032990303589, -0.00146732036956, -0.0011566656176, 0.00367783056572, -0.00263200118206], [7.02353208908e-05, 0.000163209260791, 0.0013717393158, 0.000991488457657, 0.000742629170418, -0.00304921460338, 0.00947309378535, -0.00324849179015, 0.001738539082, -0.00100176769774, -0.000414644251578, 0.000546414230485, 0.00117965962272], [-0.000149614323163, 0.000495165179018, 0.000150071267853, -0.000565783819184, -0.000696583651006, -0.000604569853749, -0.00324849179015, 0.0157969146967, -0.00368833611719, 0.00121672160458, -0.00125333969481, 0.000194298540009, 0.00073944759788], [0.000204479103559, -6.04224260314e-05, 8.58284183778e-05, -0.00022462187917, -0.00185337965377, 0.00032990303589, 0.001738539082, -0.00368833611719, 0.0147009212524, -0.00327940005809, -0.000760873430409, 0.000813179416582, -0.000679352495354], [-0.000129301057314, 0.000449788029073, 0.00117638567463, 0.00108504574746, 0.000698146701325, -0.00146732036956, -0.00100176769774, 0.00121672160458, -0.00327940005809, 0.0149292144924, -0.00387097196653, 0.00219796830788, 0.0015141707845], [0.000258387270151, -0.000447298953077, -0.00172014639247, 0.00194802810438, 0.00186355237383, -0.0011566656176, -0.000414644251578, -0.00125333969481, -0.000760873430409, -0.00387097196653, 0.0177890639752, -0.00504207983613, 0.000564232235774], [-0.000207774501177, 0.00095355103258, 0.00132976088207, -0.00225241086446, -0.00186819734517, 0.00367783056572, 0.000546414230485, 0.000194298540009, 0.000813179416582, 0.00219796830788, -0.00504207983613, 0.0181243065745, -0.00536409206688], [0.000226195523283, 8.52361699799e-05, -0.000717675546184, 0.0012562306365, -0.000772081955802, -0.00263200118206, 0.00117965962272, 0.00073944759788, -0.000679352495354, 0.0015141707845, 0.000564232235774, -0.00536409206688, 0.0193875208497]]
    },
    "spectral_contrast_coeffs": {
        "max": [-0.374152243137, -0.49326094985, -0.455431580544, -0.566412031651, -0.58972543478, -0.582392692566],
        "mean": [-0.688439249992, -0.758058845997, -0.749610364437, -0.779123306274, -0.794196486473, -0.738243043423],
        "min": [-0.983754694462, -0.984766304493, -0.977205812931, -0.974030613899, -0.968306303024, -0.965509951115],
        "stdev": [0.111146338284, 0.0888984501362, 0.0956362262368, 0.0829932615161, 0.0677170082927, 0.0769302248955]
    },
    "spectral_contrast_valleys": {
        "max": [-5.34458971024, -4.72706794739, -5.21495819092, -5.83432435989, -5.73476886749, -8.14573860168],
        "mean": [-8.75518608093, -8.23834133148, -8.81270503998, -9.29550743103, -9.30960845947, -12.0381765366],
        "min": [-27.8923740387, -28.2403583527, -27.9789390564, -27.8309745789, -27.584356308, -27.4375095367],
        "stdev": [5.48218631744, 5.60799026489, 5.45477867126, 5.29840564728, 5.32210969925, 4.57808876038]
    }
},
"rhythm": {
    "beats_count": 85,
    "beats_loudness": {
        "max": 0.0784126445651,
        "mean": 0.0339845977724,
        "min": 0,
        "stdev": 0.0191696491092
    },
    "bpm": 103.79019928,
    "bpm_histogram_first_peak_bpm": 103,
    "bpm_histogram_first_peak_weight": 0.38356167078,
    "bpm_histogram_second_peak_bpm": 108,
    "bpm_histogram_second_peak_spread": 0.142857134342,
    "bpm_histogram_second_peak_weight": 0.0714285746217,
    "danceability": 1.07464706898,
    "onset_rate": 3.53642010689,
    "beats_loudness_band_ratio": {
        "max": [0.668069303036, 0.666750788689, 0.694613039494, 0.729254424572, 0.477778762579, 0.262762188911],
        "mean": [0.204480469227, 0.225294724107, 0.208476573229, 0.221106112003, 0.103332854807, 0.0597852431238],
        "min": [0, 0, 0, 0, 0, 0],
        "stdev": [0.161013036966, 0.166521921754, 0.150868192315, 0.197707906365, 0.10842769593, 0.0518057793379]
    },
